is_cheating,delta_yaw,delta_pitch,accel_yaw,accel_pitch,jerk_yaw,jerk_pitch,gcd_error_yaw,gcd_error_pitch
0,-0.015594,0.083174,0.141306,-0.011377,0.169987,0.012249,0.000272,0.001452
0,-0.19538,0.031082,-0.175515,-0.060086,-0.140823,-0.053968,0.002207,0.000542
0,-0.188376,0.026036,0.014167,0.024634,0.011606,0.017166,0.00233,0.000454
0,-0.150717,0.061628,0.02042,0.01278,0.061136,0.057045,0.002631,0.001076
0,-0.160657,0.13307,-0.008602,0.082613,-0.032608,0.054998,0.002804,0.002323
0,0.027588,0.228096,0.171748,0.076625,0.218504,0.081496,0.000481,0.001636
0,0.002448,0.065876,-0.035398,-0.160341,-0.045994,-0.114562,4.3e-05,0.00115
0,0.010918,0.20241,0.015825,0.153048,0.05691,0.14829,0.000191,0.002085
0,0.112913,0.061026,0.116296,-0.132307,0.078577,-0.096081,0.001971,0.001065
0,0.028254,-0.00437,-0.087395,-0.08247,-0.077612,-0.102529,0.000493,7.6e-05
0,-0.161021,0.001749,-0.209133,0.03083,-0.19658,0.050101,0.002807,3.1e-05
0,-0.141458,0.098864,0.047877,0.106495,0.048871,0.12579,0.002469,0.001726
0,0.105586,-0.076013,0.27215,-0.1959,0.227474,-0.233648,0.001843,0.001327
0,0.090065,-0.081949,-0.02897,-0.011276,-0.060514,0.024334,0.001572,0.00143
0,-0.034297,-0.108337,-0.122248,-0.051452,-0.113788,-0.100055,0.000599,0.001891
0,-0.069661,0.126482,-0.015211,0.243245,0.012771,0.229943,0.001216,0.002208
0,-0.01391,-0.147694,0.053498,-0.263186,0.071565,-0.222665,0.000243,0.002578
0,-0.14083,-0.186534,-0.127523,-0.021153,-0.175635,-0.043678,0.002458,0.002362
0,0.089433,-0.062464,0.249046,0.147474,0.206976,0.119856,0.001561,0.00109
0,0.130005,-0.085181,0.070295,-0.044294,0.083156,-0.034686,0.002269,0.001487
0,-0.045658,-0.166722,-0.171787,-0.086968,-0.135057,-0.066013,0.000797,0.002708
0,0.065924,-0.095841,0.104239,0.100294,0.148403,0.133584,0.001151,0.001673
0,-0.002078,-0.057083,-0.079158,0.038811,-0.061825,0.023059,3.6e-05,0.000996
0,-0.026929,0.093454,-0.008887,0.135892,0.015369,0.167096,0.00047,0.001631
0,-0.084973,0.084095,-0.041955,-0.022441,-0.085242,-0.069914,0.001483,0.001468
0,0.068948,-0.005721,0.172714,-0.083734,0.139314,-0.050222,0.001203,0.0001
0,-0.080062,-0.120303,-0.119862,-0.084591,-0.099354,-0.074436,0.001397,0.0021
0,0.017526,-0.171204,0.106038,-0.06802,0.12341,-0.061512,0.000306,0.002629
0,0.054619,-0.013712,0.016062,0.166894,0.034783,0.183229,0.000953,0.000239
0,0.132032,-0.155531,0.090138,-0.160675,0.134412,-0.15749,0.002304,0.002715
0,-0.054744,-0.122131,-0.216307,0.009521,-0.207467,-0.02693,0.000955,0.002132
0,-0.021192,-0.18163,0.022757,-0.064287,-0.01623,-0.099749,0.00037,0.002447
0,0.09234,-0.064846,0.133195,0.135362,0.08717,0.098856,0.001612,0.001132
0,0.07762,-0.026846,-0.005601,0.021364,0.023571,0.061422,0.001355,0.000469
0,-0.15749,-0.118414,-0.254793,-0.097572,-0.246101,-0.051459,0.002749,0.002067
0,0.00472,-0.070441,0.17856,0.036916,0.175115,0.012232,8.2e-05,0.001229
0,-0.124244,0.026898,-0.103999,0.079347,-0.148666,0.061078,0.002168,0.000469
0,0.110574,-0.205053,0.222644,-0.226829,0.182603,-0.233349,0.00193,0.002039
0,0.079597,0.06486,-0.005184,0.245915,-0.054692,0.255004,0.001389,0.001132
0,-0.095667,-0.073412,-0.179491,-0.123807,-0.187663,-0.124443,0.00167,0.001281
0,0.015026,-0.171691,0.104259,-0.100009,0.076624,-0.112231,0.000262,0.002621
0,-0.105444,-0.057928,-0.142147,0.119808,-0.168612,0.114834,0.00184,0.001011
0,-0.06717,-0.049304,0.053131,0.015424,0.069449,0.052715,0.001172,0.000861
0,0.214701,0.073247,0.304496,0.134487,0.331354,0.152843,0.00187,0.001278
0,-0.07731,-0.153344,-0.299248,-0.21609,-0.33997,-0.237419,0.001349,0.002676
0,0.068612,-0.157241,0.131822,0.001944,0.085316,0.024935,0.001197,0.002744
0,0.015859,-0.189502,-0.066267,-0.019124,-0.098674,0.009655,0.000277,0.00231
0,0.003133,0.024012,-0.032712,0.223066,-0.048591,0.243347,5.5e-05,0.000419
0,0.12318,-0.203384,0.136147,-0.2127,0.15588,-0.214057,0.00215,0.002068
0,0.154772,-0.142843,0.009249,0.078312,0.020277,0.085341,0.002701,0.002493
0,-0.010763,0.070101,-0.184098,0.188446,-0.225122,0.236305,0.000188,0.001223
0,0.010892,0.050435,-0.004289,-0.035905,0.002798,-0.076309,0.00019,0.00088
0,-0.127025,-0.186762,-0.123796,-0.217988,-0.128976,-0.212625,0.002217,0.002358
0,-0.099128,0.009667,0.013871,0.202403,-0.0041,0.176112,0.00173,0.000169
0,0.011121,-0.164836,0.113915,-0.196291,0.134883,-0.162493,0.000194,0.002741
0,0.139697,-0.07324,0.131326,0.110182,0.092075,0.126418,0.002438,0.001278
0,0.065177,-0.109258,-0.073927,-0.007529,-0.035873,-0.057185,0.001138,0.001907
0,-0.004353,-0.00252,-0.066926,0.078857,-0.100597,0.055308,7.6e-05,4.4e-05
0,0.05495,-0.021801,0.061808,-0.044572,0.093865,-0.051107,0.000959,0.00038
0,-0.054588,-0.13737,-0.110449,-0.106121,-0.152027,-0.091355,0.000953,0.002398
0,-0.085049,-0.030002,-0.028264,0.126793,-0.002548,0.104355,0.001484,0.000524
0,0.104868,0.081165,0.212268,0.117866,0.259506,0.070698,0.00183,0.001417
0,-0.008308,-0.003928,-0.137618,-0.084968,-0.14762,-0.096162,0.000145,6.9e-05
0,0.053892,-0.028335,0.037442,-0.045307,-0.002938,-0.024688,0.000941,0.000495
0,0.139871,-0.097141,0.103356,-0.083863,0.129671,-0.06222,0.002441,0.001695
0,-0.11092,-0.079037,-0.23032,0.016507,-0.27771,0.044605,0.001936,0.001379
0,0.044724,-0.06491,0.161436,-0.001674,0.177883,0.030503,0.000781,0.001133
0,0.087248,-0.051517,0.071866,0.036686,0.059865,0.023937,0.001523,0.000899
0,-0.208273,-0.140791,-0.28167,-0.104083,-0.258986,-0.103573,0.001982,0.002457
0,-0.089407,-0.019371,0.133469,0.115994,0.093902,0.134655,0.00156,0.000338
0,-0.049412,0.002733,0.029561,0.002576,0.064111,0.009342,0.000862,4.8e-05
0,0.119636,-0.107684,0.170664,-0.089578,0.215788,-0.057148,0.002088,0.001879
0,-0.106871,-0.183245,-0.240895,-0.085289,-0.28404,-0.102446,0.001865,0.002419
0,-0.121619,0.009455,-6.1e-05,0.166366,0.013682,0.214036,0.002123,0.000165
0,-0.197617,0.08878,-0.092761,0.098752,-0.08236,0.138976,0.002168,0.00155
0,0.046186,0.106072,0.249117,-0.005682,0.286317,-0.037132,0.000806,0.001851
0,0.048353,0.0594,0.030094,-0.028493,0.033665,-0.06588,0.000844,0.001037
0,-0.094586,-0.026052,-0.145864,-0.093963,-0.173752,-0.067831,0.001651,0.000455
0,0.159465,0.018088,0.274856,0.026761,0.321551,0.013634,0.002783,0.000316
0,-0.026275,0.077722,-0.188958,0.046872,-0.148344,0.074599,0.000459,0.001357
0,-0.090501,0.099172,-0.077221,0.022202,-0.02741,0.046409,0.00158,0.001731
0,0.071168,0.028321,0.176162,-0.071917,0.178469,-0.054676,0.001242,0.000494
0,-0.024407,-0.105364,-0.113139,-0.153557,-0.132911,-0.110644,0.000426,0.001839
0,-0.152212,-0.0026,-0.112178,0.107351,-0.075926,0.126267,0.002657,4.5e-05
0,-0.00993,0.003805,0.159791,0.025166,0.188379,-0.008992,0.000173,6.6e-05
0,-0.015468,0.09597,-0.002096,0.114065,0.005665,0.160766,0.00027,0.001675
0,-0.056495,-0.082233,-0.025297,-0.169474,-0.043888,-0.167574,0.000986,0.001435
0,-0.106693,0.180016,-0.073762,0.274622,-0.100242,0.312632,0.001862,0.002476
0,0.122958,0.134961,0.244664,-0.03487,0.217706,0.005031,0.002146,0.002356
0,-0.014199,-0.042651,-0.141914,-0.171324,-0.109762,-0.193682,0.000248,0.000744
0,-0.080226,0.129832,-0.078407,0.19741,-0.045135,0.2276,0.0014,0.002266
0,0.209305,-0.032443,0.304787,-0.135983,0.310714,-0.136776,0.001964,0.000566
0,0.114541,-0.081747,-0.104719,-0.03744,-0.062951,-0.028637,0.001999,0.001427
0,0.012412,0.003262,-0.079717,0.09012,-0.081017,0.093184,0.000217,5.7e-05
0,-0.005789,0.073573,-0.030618,0.041931,-0.052748,0.061943,0.000101,0.001284
0,-0.054823,0.084986,-0.02917,-0.009826,-0.01936,0.020874,0.000957,0.001483
0,-0.021925,0.501541,0.040832,0.394559,0.086615,0.414759,0.000383,0.002481
0,-0.107724,0.961802,-0.073284,0.452077,-0.118156,0.448148,0.00188,6.6e-05
0,-0.036377,0.974213,0.089644,0.015327,0.11011,0.061848,0.000635,0.000151
0,-0.172287,1.227857,-0.151834,0.235233,-0.122155,0.244253,0.002611,0.00104
0,-0.114557,1.058756,0.078108,-0.169048,0.038882,-0.188221,0.001999,0.001626
0,-0.275557,0.802495,-0.148315,-0.248312,-0.187921,-0.224025,0.000808,0.002771
0,-0.152327,0.602461,0.129169,-0.20879,0.11415,-0.249727,0.002659,0.00072
0,-0.151055,0.535485,0.009584,-0.094713,-0.029947,-0.108197,0.002636,0.002106
0,-0.040028,0.369978,0.139246,-0.158547,0.15066,-0.134583,0.000699,0.002106
0,-0.066062,0.168978,-0.013852,-0.211591,-0.040653,-0.239327,0.001153,0.002106
0,0.065255,0.167713,0.103696,0.019058,0.137268,0.024934,0.001139,0.002106
0,0.075431,0.02044,-0.014534,-0.16522,-0.017183,-0.206596,0.001317,0.002106
0,0.127923,-0.00506,0.027048,-0.001043,0.062963,-0.019647,0.002233,0.002106
0,-0.054262,0.165815,-0.163503,0.189319,-0.125664,0.192765,0.000947,0.002106
0,0.147279,-0.026377,0.204691,-0.196973,0.234906,-0.19469,0.00257,0.002106
0,-0.002081,0.127739,-0.146657,0.173496,-0.186036,0.17388,3.6e-05,0.002106
0,0.015659,-0.018974,0.000854,-0.124561,0.023719,-0.16524,0.000273,0.002106
0,-0.061824,0.032615,-0.048561,0.032745,-0.070302,0.047575,0.001079,0.002106
0,-0.028877,-0.036224,0.008843,-0.098165,0.001479,-0.09324,0.000504,0.002106
0,0.086932,-0.067271,0.086663,-0.056288,0.052952,-0.035873,0.001517,0.002106
0,0.08441,0.158215,-0.0072,0.206576,-0.040036,0.210379,0.001473,0.002106
0,0.063732,-0.127431,-0.049198,-0.313456,-0.024044,-0.361084,0.001112,0.002224
0,-0.043546,-0.099196,-0.132249,0.021548,-0.156336,0.039717,0.00076,0.002106
0,0.015531,0.029161,0.032609,0.107947,0.022987,0.143462,0.000271,0.002106
0,0.100968,0.112852,0.084644,0.088364,0.053699,0.110759,0.001762,0.002106
0,-0.035552,-0.018452,-0.150755,-0.159728,-0.173875,-0.164262,0.00062,0.002106
0,-0.130463,-0.058029,-0.108875,-0.014764,-0.147746,-0.050804,0.002277,0.002106
0,-0.165558,-0.057532,-0.024246,0.01601,-0.055531,-0.013454,0.002728,0.002106
0,0.048879,-0.259938,0.227319,-0.182988,0.228809,-0.141419,0.000853,0.001081
0,0.117174,-0.182041,0.055849,0.064797,0.076399,0.065165,0.002045,0.00244
0,-0.004737,-0.528861,-0.107709,-0.365618,-0.087257,-0.346785,8.3e-05,0.002005
0,-0.072332,-0.482973,-0.044642,0.043999,-0.052566,0.08186,0.001262,0.002806
0,-0.055068,-0.351788,0.026451,0.122497,0.035155,0.118548,0.000961,0.000522
0,0.132445,-0.267915,0.16696,0.103202,0.137383,0.06795,0.002312,0.000942
0,-0.126467,-0.316051,-0.234524,-0.065269,-0.223564,-0.107558,0.002207,0.000101
0,-0.08754,0.015428,0.013706,0.302217,0.041554,0.266972,0.001528,0.000269
0,0.060515,0.061298,0.158345,0.031389,0.190266,0.009842,0.001056,0.00107
0,-0.028637,-0.024302,-0.105487,-0.071252,-0.098616,-0.117993,0.0005,0.000424
0,-0.130468,0.097434,-0.113513,0.139982,-0.149516,0.157929,0.002277,0.001701
0,0.055013,-0.021775,0.155934,-0.12017,0.116957,-0.078485,0.00096,0.00038
0,0.080232,0.074846,0.010659,0.096129,0.060068,0.112503,0.0014,0.001306
0,0.076667,0.005361,0.016378,-0.047888,0.006333,-0.064542,0.001338,9.4e-05
0,-0.034068,-0.020743,-0.105298,-0.04533,-0.146766,-0.084618,0.000595,0.000362
0,-0.121353,0.123079,-0.099506,0.160131,-0.072821,0.128851,0.002118,0.002148
0,0.042146,0.096864,0.193174,-0.003624,0.224546,-0.01911,0.000736,0.001691
0,0.125889,0.170038,0.071378,0.075281,0.104612,0.057144,0.002197,0.00265
0,0.164399,-0.006004,0.048814,-0.19554,0.077914,-0.154439,0.002748,0.000105
0,0.028646,0.109066,-0.13816,0.115825,-0.132065,0.13111,0.0005,0.001904
0,-0.094896,-0.060113,-0.124141,-0.149327,-0.154585,-0.172419,0.001656,0.001049
0,-0.210209,0.138293,-0.138063,0.183333,-0.125289,0.169002,0.001949,0.002414
0,0.103641,0.068854,0.303583,-0.054383,0.257101,-0.04248,0.001809,0.001202
0,-0.009292,-0.115405,-0.116674,-0.205515,-0.165704,-0.224153,0.000162,0.002014
0,-0.130023,-0.062973,-0.138232,0.026189,-0.154762,-0.003328,0.002269,0.001099
0,0.047079,0.132465,0.150179,0.178292,0.110683,0.167825,0.000822,0.002312
0,-0.06837,0.118134,-0.100358,0.01442,-0.13049,0.002613,0.001193,0.002062
0,0.122152,-0.034007,0.182644,-0.132714,0.207217,-0.167411,0.002132,0.000594
0,0.129475,0.120419,-0.008666,0.17906,-0.048852,0.153474,0.00226,0.002102
0,0.135732,0.07036,0.027675,-0.04975,0.067299,-0.024267,0.002369,0.001228
0,0.038479,-0.087198,-0.12388,-0.183062,-0.116804,-0.199474,0.000672,0.001522
0,-0.052938,-0.006214,-0.099954,0.055703,-0.097049,0.020519,0.000924,0.000108
0,-0.048212,0.141062,0.022437,0.125545,0.039917,0.093762,0.000841,0.002462
0,-7.6e-05,0.014043,0.068123,-0.135953,0.070042,-0.105643,1e-06,0.000245
0,0.096842,0.158949,0.111084,0.146217,0.138853,0.127657,0.00169,0.002774
0,0.142909,0.169607,0.029036,0.020782,0.064283,-0.021651,0.002494,0.002657
0,-0.072862,0.025682,-0.21953,-0.133389,-0.268033,-0.10828,0.001272,0.000448
0,0.025873,-0.012806,0.102831,-0.015663,0.068061,-0.051851,0.000452,0.000224
0,0.088987,-0.074791,0.053839,-0.050843,0.017738,-0.074903,0.001553,0.001305
0,0.216102,0.07047,0.10626,0.120639,0.095876,0.126364,0.001846,0.00123
0,-0.04631,-0.045289,-0.242527,-0.102543,-0.24163,-0.139524,0.000808,0.00079
0,0.061261,0.079152,0.097464,0.130899,0.106157,0.152723,0.001069,0.001381
0,0.087639,-0.04276,0.049119,-0.13921,0.041955,-0.127424,0.00153,0.000746
0,0.109757,0.060942,0.042858,0.078946,0.055749,0.052967,0.001916,0.001064
0,0.225853,-0.030891,0.121914,-0.114806,0.111571,-0.12632,0.001676,0.000539
0,0.035024,0.208494,-0.213515,0.2383,-0.224566,0.205672,0.000611,0.001979
0,-0.016822,0.008236,-0.04079,-0.183653,-0.017075,-0.164449,0.000294,0.000144
0,0.261688,-0.031573,0.30751,-0.015283,0.313539,-0.008947,0.00105,0.000551
0,0.081008,-0.061515,-0.159875,-0.031884,-0.160845,0.009079,0.001414,0.001074
0,0.216879,0.135021,0.133425,0.211248,0.113468,0.235438,0.001832,0.002357
0,-0.006306,0.23379,-0.238398,0.103705,-0.198674,0.107532,0.00011,0.001537
0,0.130759,-0.026837,0.121871,-0.27565,0.140089,-0.292773,0.002282,0.000468
0,0.142613,0.082737,0.033096,0.11891,0.066573,0.111217,0.002489,0.001444
0,0.132043,0.069922,0.010569,-0.041432,0.017902,0.000482,0.002305,0.00122
0,0.059042,-0.023256,-0.079852,-0.068997,-0.111775,-0.032179,0.00103,0.000406
0,0.199622,-0.045057,0.114236,0.007884,0.090018,0.007064,0.002133,0.000786
0,-0.04444,0.218855,-0.216101,0.281223,-0.180743,0.290591,0.000776,0.001798
0,0.030325,0.065678,0.071923,-0.174343,0.037417,-0.17208,0.000529,0.001146
0,0.160565,0.201256,0.155841,0.134935,0.176481,0.128546,0.002802,0.002105
0,-0.002715,-0.014756,-0.133644,-0.212663,-0.087718,-0.26093,4.7e-05,0.000258
0,-0.062712,0.129576,-0.054334,0.165471,-0.033745,0.13312,0.001095,0.002262
0,0.038954,0.041681,0.096084,-0.05867,0.0577,-0.029195,0.00068,0.000727
0,-0.017058,-0.089456,-0.083544,-0.144637,-0.113587,-0.098708,0.000298,0.001561
0,-0.095155,0.017021,-0.104411,0.086877,-0.08982,0.094099,0.001661,0.000297
0,0.030771,0.058193,0.146677,0.024764,0.190162,0.049423,0.000537,0.001016
0,0.072831,0.073918,0.059685,0.040528,0.092275,0.037409,0.001271,0.00129
0,0.002052,-0.090687,-0.041995,-0.162983,-0.022451,-0.153068,3.6e-05,0.001583
0,-0.144811,0.082689,-0.160033,0.175262,-0.19632,0.205112,0.002527,0.001443
0,-0.237568,0.066089,-0.09253,0.00996,-0.071936,-0.038784,0.001471,0.001153
0,-0.205079,0.053934,0.05523,-0.022659,0.061593,-0.043578,0.002038,0.000941
0,-0.232358,-0.120802,-0.050534,-0.168301,-0.001703,-0.132316,0.001562,0.002108
0,-0.211519,0.124427,0.046486,0.269615,0.089851,0.310799,0.001926,0.002172
0,-0.099662,0.135335,0.131048,0.020724,0.141808,0.032239,0.001739,0.002362
0,-0.003692,-0.103418,0.102158,-0.245789,0.128982,-0.212629,6.4e-05,0.001805
0,-0.186235,0.053338,-0.20815,0.168616,-0.203645,0.196812,0.002367,0.000931
0,-1.710663,0.054439,-1.508292,0.02405,-1.458564,0.047928,0.001769,0.00095
0,-1.441721,0.186731,0.295716,0.145682,0.272776,0.182065,0.002693,0.002358
0,-1.393772,0.00903,0.025471,-0.156548,0.06551,-0.133007,0.001856,0.000158
0,-1.26907,0.05452,0.119163,0.03597,0.164491,-0.008113,0.000321,0.000952
0,-1.284,0.295353,0.011777,0.263539,0.037472,0.236012,6e-05,0.000463
0,-1.0518,0.25577,0.260905,-0.056923,0.257283,-0.048365,0.001505,0.002106
0,-0.838167,-0.026415,0.217893,-0.280086,0.255144,-0.279696,0.002224,0.002106
0,-0.592297,-0.030191,0.235098,-0.015075,0.234196,-0.017514,0.000897,0.002106
0,-0.339398,-0.000778,0.276864,0.003218,0.313492,-0.009812,0.000306,0.002106
0,-0.093958,0.081451,0.256496,0.070165,0.206847,0.115269,0.00164,0.002106
0,-0.034989,0.133098,0.082902,0.041522,0.085415,0.044745,0.000611,0.002106
0,0.096897,0.008936,0.104904,-0.138367,0.109821,-0.177625,0.001691,0.002106
0,0.110413,-0.032201,-0.014513,-0.011253,-0.011213,-0.020656,0.001927,0.002106
0,0.010662,0.072571,-0.118652,0.111076,-0.144699,0.128162,0.000186,0.002106
0,0.009146,0.113206,0.020833,0.055097,0.04451,0.079535,0.00016,0.002106
0,0.148561,-0.108872,0.134906,-0.244581,0.174331,-0.28637,0.002593,0.002106
0,0.283378,0.005735,0.131322,0.116135,0.121543,0.085707,0.000672,0.002106
0,0.174583,0.060658,-0.097809,0.027717,-0.086426,0.076523,0.00257,0.002106
0,0.230877,-0.072633,0.081394,-0.111334,0.089732,-0.132615,0.001588,0.002106
0,0.075215,0.029547,-0.173828,0.087922,-0.126409,0.083695,0.001313,0.002106
0,-0.036541,-0.033898,-0.097001,-0.076955,-0.128786,-0.105903,0.000638,0.002106
0,0.037383,0.018622,0.090735,0.07153,0.124665,0.098892,0.000652,0.002106
0,0.1222,-0.108272,0.106028,-0.15068,0.146379,-0.137041,0.002133,0.002106
0,-0.127726,-0.001413,-0.225766,0.102132,-0.187489,0.118273,0.002229,0.002106
0,0.073183,0.089482,0.171436,0.07283,0.186311,0.030858,0.001277,0.002106
0,0.027938,-0.093222,-0.042226,-0.176841,-0.013906,-0.133137,0.000488,0.002106
0,0.084859,-0.078697,0.046941,0.018494,0.035427,0.051626,0.001481,0.002106
0,-0.111906,-0.126361,-0.191796,-0.044253,-0.237431,-0.012647,0.001953,0.002205
0,-0.114938,-0.021995,-0.010467,0.12841,0.018041,0.102346,0.002006,0.002106
0,-0.084497,-0.005812,0.047741,0.022524,0.07447,0.049577,0.001475,0.002106
0,-0.189358,0.096981,-0.123761,0.101513,-0.123737,0.148622,0.002313,0.002106
0,-0.029546,-0.134639,0.139894,-0.222317,0.182187,-0.258539,0.000516,0.00235
0,0.034111,0.014769,0.084446,0.174315,0.118483,0.177727,0.000595,0.002106
0,-0.138803,-0.035431,-0.189736,-0.020714,-0.149216,0.022804,0.002423,0.002106
0,-0.01827,0.045822,0.148925,0.093729,0.187443,0.115619,0.000319,0.002106
0,0.086716,-0.146518,0.091121,-0.163405,0.130042,-0.182083,0.001513,0.002557
0,-0.103527,0.142193,-0.191997,0.262035,-0.201838,0.265114,0.001807,0.002106
0,0.093439,0.03328,0.16732,-0.116911,0.154368,-0.092717,0.001631,0.002106
0,-0.171786,-0.020353,-0.244823,-0.053084,-0.276115,-0.065179,0.002619,0.002106
0,-0.16847,0.161446,-0.00166,0.161303,-0.04142,0.145101,0.002677,0.002106
0,-0.06852,-0.046622,0.122473,-0.214779,0.097048,-0.235851,0.001196,0.002106
0,-0.0557,0.145496,0.041229,0.193391,0.045743,0.170271,0.000972,0.002106
0,-0.120338,-0.00631,-0.090633,-0.178387,-0.080591,-0.208201,0.0021,0.002106
0,-0.42931,-1.573303,-0.338519,-1.554041,-0.292963,-1.577967,0.001875,0.000628
0,-0.365727,-1.499861,0.067237,0.064867,0.05465,0.065807,0.000766,0.00191
0,-0.59071,-1.468211,-0.204686,0.044724,-0.20729,0.090437,0.000925,0.002462
0,-1.002266,-1.934591,-0.439705,-0.462705,-0.432069,-0.495717,0.00064,6e-05
0,-1.084911,-1.720494,-0.064908,0.205081,-0.10844,0.205481,0.002083,0.001941
0,-0.688273,-1.351876,0.370763,0.367722,0.404879,0.382966,0.000778,0.001125
0,-0.655591,-1.311357,0.030419,0.040751,0.061201,0.087983,0.000207,0.000417
0,-0.518806,-0.825793,0.134809,0.471001,0.135421,0.485817,0.00218,0.00244
0,-0.487078,-0.472184,0.059691,0.344531,0.090855,0.319155,0.002734,0.002624
0,-0.274211,-0.167755,0.236308,0.310548,0.201167,0.351594,0.000832,0.00269
0,0.045509,0.0273,0.308746,0.223842,0.343396,0.202823,0.000794,0.000476
0,0.262691,0.0834,0.204604,0.051994,0.197689,0.020619,0.001033,0.001456
0,0.112822,0.061493,-0.154288,-0.042152,-0.13804,-0.056356,0.001969,0.001073
0,0.3525,0.08385,0.239248,0.036203,0.211441,0.081748,0.000535,0.001463
0,0.051452,0.237814,-0.321241,0.16207,-0.286467,0.174786,0.000898,0.001467
0,0.017829,0.03154,-0.017766,-0.207639,-0.014119,-0.222263,0.000311,0.00055
0,0.08519,0.18454,0.074282,0.150713,0.027771,0.15265,0.001487,0.002397
0,0.061502,-0.02624,-0.045642,-0.198509,-0.083698,-0.219787,0.001073,0.000458
0,0.270144,-0.039402,0.195659,-0.037074,0.195418,-0.080741,0.000903,0.000688
0,-0.024075,0.170837,-0.290066,0.223178,-0.272327,0.199437,0.00042,0.002636
0,0.05742,-0.139519,0.055517,-0.304765,0.008978,-0.28864,0.001002,0.002435
0,0.121326,-0.069646,0.080019,0.055146,0.031729,0.027571,0.002118,0.001216
0,-0.019317,0.089352,-0.139769,0.175634,-0.186033,0.135173,0.000337,0.001559
0,0.056866,-0.066426,0.09652,-0.171521,0.129469,-0.145437,0.000993,0.001159
0,0.095233,0.030515,0.06296,0.090595,0.033021,0.107355,0.001662,0.000533
0,-0.003383,-0.100923,-0.122533,-0.138152,-0.077254,-0.124675,5.9e-05,0.001761
0,-0.028434,-0.160385,-0.04251,-0.051729,-0.035602,-0.087472,0.000496,0.002799
0,-0.116056,-0.128226,-0.081523,0.036178,-0.046427,0.027824,0.002026,0.002238
0,-0.181778,-0.015006,-0.048288,0.088017,-0.026903,0.066521,0.002445,0.000262
0,0.022565,0.001742,0.224199,0.021346,0.247228,0.012085,0.000394,3e-05
0,-0.083244,-0.013261,-0.101599,-0.024884,-0.096364,-0.02429,0.001453,0.000231
0,-0.162473,-0.206045,-0.088484,-0.182488,-0.065591,-0.199684,0.002782,0.002021
0,-0.150148,0.019031,-0.009164,0.222447,0.032141,0.206904,0.002621,0.000332
0,0.192606,-0.05522,0.362555,-0.05806,0.361627,-0.105093,0.002256,0.000964
0,-0.027887,-0.023143,-0.23049,0.028701,-0.193964,0.04882,0.000487,0.000404
0,0.036773,-0.091961,0.093658,-0.071084,0.105372,-0.041262,0.000642,0.001605
0,-0.086978,0.078133,-0.111588,0.166841,-0.15638,0.166932,0.001518,0.001364
0,0.0254,0.048307,0.094738,-0.02785,0.11925,-0.072464,0.000443,0.000843
0,0.075421,-0.032064,0.066417,-0.058338,0.110489,-0.036747,0.001316,0.00056
0,0.048014,-0.124854,-0.023806,-0.091901,-0.021433,-0.098337,0.000838,0.002179
0,-0.139758,0.036649,-0.207404,0.159044,-0.250043,0.197017,0.002439,0.00064
0,-0.032441,-0.129246,0.133924,-0.149411,0.150221,-0.144124,0.000566,0.002256
0,-0.175298,0.010201,-0.149337,0.11732,-0.194253,0.126513,0.002558,0.000178
0,-0.031357,-0.072804,0.123761,-0.066136,0.078205,-0.099915,0.000547,0.001271
0,-0.122051,0.050645,-0.090928,0.147513,-0.06558,0.129635,0.00213,0.000884
0,0.005617,-0.189147,0.139397,-0.226825,0.130213,-0.216759,9.8e-05,0.002316
0,0.060788,-0.100028,0.084745,0.097638,0.058717,0.059915,0.001061,0.001746
0,-0.033384,-0.093203,-0.101093,-0.015956,-0.147333,0.023697,0.000583,0.001627
0,-0.076321,-0.11412,-0.063605,-0.033162,-0.07638,-0.031758,0.001332,0.001992
0,-0.08975,-0.121353,-0.036755,-0.013158,-0.061726,-0.046903,0.001566,0.002118
0,-0.048237,-0.156144,0.020469,-0.012278,0.008869,-0.050073,0.000842,0.002725
0,-0.069029,0.0426,-0.005797,0.196029,0.003608,0.174386,0.001205,0.000744
0,0.200319,-0.038332,0.265641,-0.052018,0.307173,-0.036563,0.002121,0.000669
0,-0.046362,-0.087287,-0.264479,-0.068426,-0.231227,-0.029167,0.000809,0.001523
0,0.176987,-0.063394,0.24127,0.044601,0.254827,0.00301,0.002528,0.001106
0,-0.065134,-0.211652,-0.24938,-0.164251,-0.230249,-0.209219,0.001137,0.001923
0,-0.000429,-0.147586,0.049808,0.03578,0.008215,0.008478,7e-06,0.002576
0,-0.020789,0.009993,-0.005688,0.158236,0.033951,0.179043,0.000363,0.000174
0,-0.021823,-0.008809,0.025597,-0.01661,0.06064,-0.048251,0.000381,0.000154
0,-0.066481,-0.008853,-0.053943,-0.016813,-0.093475,-0.049571,0.00116,0.000155
0,0.155987,0.033441,0.209782,0.037105,0.246124,0.068998,0.002722,0.000584
0,0.005433,-0.21075,-0.163104,-0.242627,-0.189131,-0.287192,9.5e-05,0.001939
0,-0.143254,-0.002519,-0.155511,0.228577,-0.142102,0.253496,0.0025,4.4e-05
0,-0.041371,-0.217344,0.099566,-0.193377,0.135491,-0.191595,0.000722,0.001824
0,0.027395,-0.164901,0.086369,0.04816,0.09023,0.033712,0.000478,0.002739
0,1.898065,-0.692121,1.846653,-0.550221,1.824207,-0.581051,0.000578,0.000845
0,3.265819,-0.801313,1.371901,-0.082155,1.415609,-0.072437,0.000824,0.002751
0,4.034714,-1.400498,0.746725,-0.602285,0.736991,-0.609668,0.002609,0.001973
0,4.303552,-1.606284,0.252092,-0.18312,0.2208,-0.200721,0.002084,5.3e-05
0,3.301012,-1.608669,-1.018013,-0.016233,-0.973265,-0.043201,0.001438,1.1e-05
0,2.660321,-1.373146,-0.645729,0.236202,-0.686471,0.190925,0.001491,0.001496
0,1.638099,-1.036185,-1.016158,0.321654,-1.031127,0.319376,0.000503,0.001232
0,1.32211,-0.601048,-0.295536,0.465123,-0.342418,0.450727,0.000605,0.000745
0,0.782347,-0.554355,-0.539465,0.053829,-0.568714,0.058141,0.00242,0.00156
0,0.714385,-0.399944,-0.073143,0.171251,-0.062862,0.176893,0.001233,0.001363
0,0.478755,-0.254138,-0.229209,0.160542,-0.262695,0.117533,0.002738,0.001182
0,0.26393,-0.034603,-0.19829,0.196022,-0.173897,0.161161,0.001011,0.000604
0,0.07053,0.077678,-0.221134,0.096823,-0.191674,0.063335,0.001231,0.001356
0,-0.090997,0.302268,-0.17011,0.23131,-0.136082,0.223494,0.001588,0.000342
0,-0.012142,0.0705,0.049869,-0.226838,0.011623,-0.24613,0.000212,0.00123
0,-0.145745,0.133814,-0.153827,0.080771,-0.120667,0.103034,0.002544,0.002335
0,-0.112646,0.247869,0.051144,0.112687,0.081373,0.145855,0.001966,0.001291
0,-0.017492,0.078013,0.098361,-0.193389,0.069709,-0.184675,0.000305,0.001362
0,-0.230131,0.169939,-0.221809,0.109372,-0.256107,0.159257,0.001601,0.002652
0,0.065001,0.249253,0.309403,0.088502,0.356826,0.070542,0.001134,0.001267
0,-0.130668,0.190563,-0.180094,-0.035354,-0.140696,-0.012796,0.002281,0.002292
0,0.055039,0.099317,0.156044,-0.066524,0.159868,-0.074046,0.000961,0.001733
0,-0.065028,0.149276,-0.100347,0.065805,-0.121926,0.074519,0.001135,0.002605
0,0.018306,0.073526,0.063105,-0.087198,0.039548,-0.132202,0.00032,0.001283
0,-0.132586,0.115631,-0.12553,0.043587,-0.163264,0.040642,0.002314,0.002018
0,-0.005354,-0.001613,0.111854,-0.099084,0.116545,-0.132538,9.3e-05,2.8e-05
0,-0.248808,-0.015772,-0.249865,-0.010502,-0.229653,-0.000277,0.001275,0.000275
0,-0.015981,0.070659,0.216169,0.067905,0.232412,0.074489,0.000279,0.001233
0,-0.140569,0.023873,-0.146619,-0.069673,-0.194921,-0.049712,0.002453,0.000417
0,-0.167681,-0.017568,-0.003625,-0.050539,-0.017746,-0.076914,0.002691,0.000307
0,-0.013305,0.078698,0.172583,0.079595,0.159423,0.033601,0.000232,0.001374
0,-0.223004,-0.037559,-0.206726,-0.095415,-0.235397,-0.051813,0.001725,0.000656
0,-0.007873,0.218399,0.189362,0.267592,0.156572,0.250771,0.000137,0.001806
0,0.053099,0.006642,0.082199,-0.183228,0.058987,-0.230476,0.000927,0.000116
0,-0.060559,0.159841,-0.106843,0.171933,-0.131604,0.142589,0.001057,0.00279
0,-0.064816,0.141323,0.009042,-0.043559,-0.038967,-0.004782,0.001131,0.002467
0,-0.027993,0.02284,0.047441,-0.113205,0.01523,-0.1238,0.000489,0.000399
0,0.010255,0.023313,0.050637,-0.024665,0.034495,-0.032545,0.000179,0.000407
0,0.009557,-0.00076,0.017494,-0.004103,0.032256,-0.008506,0.000167,1.3e-05
0,0.057222,0.031328,0.020965,0.024046,0.025161,0.048614,0.000999,0.000547
0,-0.017311,0.230712,-0.071936,0.215236,-0.063239,0.209162,0.000302,0.001591
0,-0.086102,0.057072,-0.060458,-0.170157,-0.087132,-0.200946,0.001503,0.000996
0,-0.062514,0.263381,0.031214,0.213375,0.030927,0.21416,0.001091,0.001021
0,-0.027193,0.230322,0.035839,-0.01526,0.035512,0.007384,0.000475,0.001598
0,0.148026,0.081301,0.202485,-0.156863,0.190366,-0.199093,0.002584,0.001419
0,0.025089,0.210688,-0.145952,0.110237,-0.171771,0.121092,0.000438,0.00194
0,0.170296,0.11952,0.138974,-0.110378,0.118182,-0.068667,0.002645,0.002086
0,0.085684,0.09488,-0.070582,0.005347,-0.11641,0.01547,0.001495,0.001656
0,-0.042284,0.071896,-0.132037,-0.032542,-0.126885,-0.079338,0.000738,0.001255
0,-0.002682,0.093983,0.042796,0.012911,0.019887,0.056262,4.7e-05,0.00164
0,-0.044472,0.042946,-0.062793,-0.064793,-0.109269,-0.113545,0.000776,0.00075
0,-0.008176,0.182167,0.052442,0.157187,0.093801,0.129756,0.000143,0.002438
0,0.244386,0.018512,0.257633,-0.178281,0.26147,-0.14618,0.001352,0.000323
0,0.27948,0.048161,0.04858,0.023614,0.046113,-0.022424,0.00074,0.000841
0,0.067399,0.1073,-0.186712,0.045057,-0.223064,0.080302,0.001176,0.001873
0,0.049488,0.026781,-0.011584,-0.086823,0.037086,-0.083678,0.000864,0.000467
0,0.017003,0.110624,-0.05696,0.061287,-0.016807,0.022326,0.000297,0.001931
0,0.079788,0.170432,0.056725,0.082026,0.088481,0.042457,0.001393,0.002643
0,0.01764,0.184627,-0.033691,0.025551,-0.016212,0.058495,0.000308,0.002395
0,0.230124,0.172599,0.235005,0.00242,0.223818,0.018401,0.001601,0.002605
0,0.267045,0.186278,0.04229,0.036088,0.070656,0.077988,0.000957,0.002366
0,0.140772,0.152737,-0.143662,-0.016306,-0.114724,0.016305,0.002457,0.002666
0,0.254314,0.031369,0.096244,-0.126189,0.07846,-0.144115,0.001179,0.000547
0,0.243429,0.079402,0.013616,0.041828,-0.007813,0.061832,0.001369,0.001386
0,0.273874,0.0617,0.045647,-0.039243,-0.004329,-0.017337,0.000838,0.001077
0,0.193302,0.141945,-0.068271,0.057162,-0.024814,0.061238,0.002244,0.002477
0,0.009669,0.039534,-0.183615,-0.094725,-0.177374,-0.126883,0.000169,0.00069
0,0.183985,0.169205,0.145423,0.136635,0.128941,0.173026,0.002406,0.002664
0,0.154116,0.018935,-0.049026,-0.151919,-0.007703,-0.181224,0.00269,0.00033
0,0.083121,-0.07363,-0.09727,-0.122152,-0.072544,-0.112392,0.001451,0.001285
0,-0.039352,-0.005313,-0.135953,0.05255,-0.093075,0.087099,0.000687,9.3e-05
0,0.034427,-0.054501,0.090715,-0.02931,0.124442,-0.064748,0.000601,0.000951
0,0.200557,0.084684,0.194962,0.123644,0.189218,0.079547,0.002117,0.001478
0,-0.07194,-0.128942,-0.253619,-0.207862,-0.224504,-0.208359,0.001256,0.00225
0,-0.106782,-0.037432,-0.011487,0.086699,-0.048655,0.107677,0.001864,0.000653
0,0.105501,0.054183,0.228096,0.086629,0.250875,0.068486,0.001841,0.000946
0,-0.03784,-0.04491,-0.119421,-0.104871,-0.089563,-0.115783,0.00066,0.000784
0,-0.047309,-0.032398,0.012455,0.026748,0.030827,-0.022909,0.000826,0.000565
0,-0.127674,-0.022252,-0.054466,-0.007285,-0.068173,-0.003131,0.002228,0.000388
0,0.07672,-0.011148,0.216667,0.03666,0.222803,0.085619,0.001339,0.000195
0,0.066987,0.086435,0.017259,0.102927,-0.006956,0.081175,0.001169,0.001509
0,-0.179583,0.006207,-0.245579,-0.054641,-0.242532,-0.08687,0.002483,0.000108
0,0.028388,-0.105052,0.185622,-0.140288,0.229704,-0.137562,0.000495,0.001834
0,0.02851,-0.096357,0.006388,-0.014935,-0.005584,-0.045475,0.000498,0.001682
0,0.069602,0.155263,0.068736,0.271331,0.031266,0.282579,0.001215,0.00271
0,0.077253,0.141295,0.004678,0.01303,0.047778,0.027027,0.001348,0.002466
0,-0.044608,-0.007895,-0.137324,-0.170186,-0.155407,-0.148307,0.000779,0.000138
0,-0.106562,0.104687,-0.036504,0.113494,-0.005724,0.117642,0.00186,0.001827
0,-0.052072,0.087096,0.027577,-0.006591,0.053403,-0.01268,0.000909,0.00152
0,-0.128679,0.061093,-0.059807,0.001862,-0.071455,0.026825,0.002246,0.001066
0,0.100394,0.064536,0.231996,0.017164,0.260332,0.041647,0.001752,0.001126
0,-0.080809,0.077476,-0.185994,0.018984,-0.157345,0.066201,0.00141,0.001352
0,0.137058,0.11795,0.216146,0.036221,0.192219,-0.011785,0.002392,0.002059
0,-0.108965,0.004045,-0.266907,-0.140609,-0.240851,-0.127256,0.001902,7.1e-05
0,0.033585,-0.037686,0.145039,-0.028853,0.136054,-0.070639,0.000586,0.000658
0,0.209662,-0.07125,0.2003,-0.047631,0.235194,-0.069762,0.001958,0.001244
0,0.009326,0.066519,-0.215534,0.123985,-0.250581,0.075795,0.000163,0.001161
0,0.253912,0.181324,0.238585,0.099856,0.190304,0.093663,0.001186,0.002453
0,0.075407,0.023715,-0.207457,-0.135277,-0.222959,-0.097307,0.001316,0.000414
0,0.121129,0.139491,0.035543,0.125135,0.036153,0.174771,0.002114,0.002435
0,0.056066,-0.072945,-0.064807,-0.19875,-0.032668,-0.232807,0.000979,0.001273
0,0.03533,0.124005,-0.038349,0.206454,-0.030214,0.171383,0.000617,0.002164
0,0.078484,0.04023,0.019582,-0.109917,0.038279,-0.086703,0.00137,0.000702
0,0.009313,-0.036697,-0.081461,-0.048097,-0.123372,-0.048604,0.000163,0.00064
0,0.032635,0.109872,0.052487,0.149506,0.07797,0.163545,0.00057,0.001918
0,-0.005979,0.013144,-0.064275,-0.094562,-0.112604,-0.117163,0.000104,0.000229
0,-0.182894,-0.072822,-0.191128,-0.099938,-0.159801,-0.141744,0.002425,0.001271
0,-0.090612,-0.084122,0.094208,0.012029,0.060489,0.054637,0.001581,0.001468
0,-0.124539,0.145824,-0.028164,0.216753,0.003357,0.173734,0.002174,0.002545
0,-0.12567,-0.022265,-0.02941,-0.190773,-0.038293,-0.226672,0.002193,0.000389
0,0.108281,0.011741,0.217042,0.028656,0.227954,0.07597,0.00189,0.000205
0,0.055394,0.078754,-0.03325,0.076429,-0.060774,0.106509,0.000967,0.001375
0,0.037822,0.007454,-0.010786,-0.066565,-0.022617,-0.114494,0.00066,0.00013
0,-0.109952,-0.078119,-0.155444,-0.06718,-0.146621,-0.035552,0.001919,0.001363
0,-0.081583,0.10512,0.003609,0.200757,-0.023487,0.193239,0.001424,0.001835
0,0.112487,0.048144,0.193191,-0.04725,0.218816,-0.088553,0.001963,0.00084
0,-0.110674,-0.044966,-0.22167,-0.087527,-0.221534,-0.061496,0.001932,0.000785
0,0.086428,0.050773,0.173092,0.092128,0.127575,0.139907,0.001508,0.000886
0,-0.05086,0.047793,-0.164207,0.026122,-0.151441,-0.004663,0.000888,0.000834
0,-0.041392,0.094025,0.027204,0.054672,-0.020533,0.05917,0.000722,0.001641
0,0.005029,-0.116957,0.048732,-0.212423,0.092008,-0.246049,8.8e-05,0.002041
0,0.063923,-0.085119,0.045385,0.046128,0.008659,0.041935,0.001116,0.001486
0,0.038673,0.079447,-0.007925,0.145329,0.007594,0.194463,0.000675,0.001387
0,-0.084053,0.127179,-0.118714,0.062677,-0.091243,0.095462,0.001467,0.00222
0,0.038082,-0.021259,0.140007,-0.172397,0.170233,-0.218156,0.000665,0.000371
0,-0.019847,-0.038657,-0.043823,-0.047158,-0.053092,-0.013607,0.000346,0.000675
0,-0.175509,-0.014634,-0.163629,0.032773,-0.149409,-0.003592,0.002554,0.000255
0,0.048959,-0.011543,0.200986,0.009672,0.158634,0.003383,0.000855,0.000201
0,0.029689,0.094153,-0.009706,0.117866,-0.038312,0.164204,0.000518,0.001643
0,0.116675,-0.029438,0.078235,-0.14498,0.034914,-0.190722,0.002036,0.000514
0,0.154467,0.095692,0.031796,0.149223,0.072792,0.138468,0.002696,0.00167
0,0.013685,0.183392,-0.133815,0.059799,-0.102324,0.073932,0.000239,0.002417
0,0.084201,0.171339,0.048669,0.012197,0.052987,-0.016892,0.00147,0.002627
0,-0.070072,0.089538,-0.131209,-0.092796,-0.082934,-0.080903,0.001223,0.001563
0,-0.025431,0.096392,0.067931,-0.005374,0.021141,0.009691,0.000444,0.001682
0,0.018153,0.071302,0.072542,-0.012335,0.093415,-0.003251,0.000317,0.001244
0,0.131182,-0.002585,0.141114,-0.044849,0.101517,-0.052064,0.00229,4.5e-05
0,-0.092581,0.082147,-0.232663,0.104969,-0.211996,0.107528,0.001616,0.001434
0,0.107889,0.04981,0.20793,-0.007662,0.238464,0.020452,0.001883,0.000869
0,-0.031101,0.15252,-0.16056,0.111052,-0.159866,0.149497,0.000543,0.002662
0,0.122819,-0.06286,0.153445,-0.190809,0.151062,-0.240788,0.002144,0.001097
0,0.002361,0.0773,-0.135783,0.129079,-0.128006,0.173169,4.1e-05,0.001349
0,0.119982,0.067758,0.116652,-0.011106,0.118921,-0.036634,0.002094,0.001183
0,0.035955,0.088614,-0.091393,0.000413,-0.077371,-0.020165,0.000628,0.001547
0,0.059342,0.08915,0.048906,-0.012296,0.050571,-0.060822,0.001036,0.001556
0,0.137498,0.055004,0.051025,-0.036727,0.082121,-0.055907,0.0024,0.00096
0,0.213138,0.180026,0.104897,0.147686,0.141902,0.15514,0.001898,0.002475
0,0.214487,0.063519,0.027917,-0.110373,0.060932,-0.128213,0.001874,0.001109
0,0.137293,0.033879,-0.100856,-0.046113,-0.077693,-0.03415,0.002396,0.000591
0,-0.008755,0.207338,-0.125974,0.164988,-0.113184,0.125736,0.000153,0.001999
0,0.163672,-0.037721,0.17244,-0.235006,0.146374,-0.190142,0.002761,0.000658
0,0.216057,-0.0636,0.071038,-0.021595,0.107171,-0.03791,0.001847,0.00111
0,0.056915,0.019622,-0.186094,0.079977,-0.138509,0.048202,0.000993,0.000342
0,0.167128,0.098059,0.13019,0.054995,0.170896,0.101754,0.002701,0.001711
0,0.262256,0.094631,0.10389,0.01866,0.142145,-0.030036,0.00104,0.001652
0,0.071419,-0.025935,-0.167482,-0.122861,-0.205596,-0.122936,0.001247,0.000453
0,-0.02043,0.15272,-0.101348,0.168747,-0.109567,0.20541,0.000357,0.002665
0,0.028929,0.01596,0.064431,-0.123066,0.099669,-0.08283,0.000505,0.000279
0,0.243669,0.023188,0.204206,0.015765,0.167753,0.011296,0.001365,0.000405
0,0.15504,-0.038912,-0.099171,-0.066891,-0.053395,-0.054248,0.002706,0.000679
0,0.135497,0.017524,0.001412,0.057103,0.045272,0.073795,0.002365,0.000306
0,0.23524,0.138666,0.107634,0.106689,0.133612,0.061768,0.001512,0.00242
0,0.004944,0.056326,-0.211983,-0.067373,-0.18487,-0.100096,8.6e-05,0.000983
0,0.029463,-0.000434,0.001853,-0.027757,-0.025421,0.003762,0.000514,8e-06
0,0.065809,0.070632,0.031937,0.05764,0.006888,0.090282,0.001149,0.001233
0,0.099707,0.155801,0.044031,0.090745,-0.005552,0.061655,0.00174,0.002719
0,0.082238,-0.029286,-0.034324,-0.177878,-0.002861,-0.207544,0.001435,0.000511
0,0.010905,0.063788,-0.056379,0.092176,-0.092907,0.10857,0.00019,0.001113
0,0.077784,-0.031501,0.041102,-0.10093,0.010625,-0.068021,0.001358,0.00055
0,-0.047168,0.079481,-0.097836,0.105796,-0.125568,0.133075,0.000823,0.001387
0,0.094738,-0.061367,0.133241,-0.122498,0.166688,-0.091243,0.001653,0.001071
0,0.078912,0.133804,-0.009459,0.217757,0.03131,0.256824,0.001377,0.002335
0,0.003807,-0.018452,-0.099013,-0.175044,-0.081193,-0.222564,6.6e-05,0.000322
0,-0.065442,-0.092283,-0.072776,-0.057624,-0.028276,-0.065135,0.001142,0.001611
0,0.102228,-0.035263,0.169102,0.041861,0.212765,0.064717,0.001784,0.000615
0,-0.020496,0.005344,-0.122211,0.012451,-0.080601,-0.035848,0.000358,9.3e-05
0,-0.176089,0.111983,-0.155563,0.098347,-0.200966,0.090379,0.002544,0.001954
0,-0.052336,-0.000984,0.13541,-0.103458,0.097579,-0.061529,0.000913,1.7e-05
0,-0.053437,-0.132068,-0.024246,-0.128163,0.005137,-0.170088,0.000933,0.002305
0,0.148171,-0.114105,0.203627,0.040659,0.191808,0.040296,0.002586,0.001992
0,0.091549,8.9e-05,-0.031858,0.127831,-0.000264,0.108521,0.001598,2e-06
0,-0.02703,-0.130995,-0.09226,-0.151998,-0.053277,-0.150008,0.000472,0.002286
0,0.036828,-0.098236,0.086894,0.056903,0.126924,0.009781,0.000643,0.001715
0,-0.063183,0.01511,-0.105702,0.091092,-0.129459,0.137756,0.001103,0.000264
0,0.090448,0.118898,0.171883,0.106317,0.174971,0.064776,0.001579,0.002075
0,-0.029332,-0.05792,-0.131641,-0.19394,-0.119303,-0.23592,0.000512,0.001011
0,-0.018772,-0.062029,-0.015978,0.024736,-0.014871,0.032447,0.000328,0.001083
0,0.084965,-0.042521,0.117291,0.009178,0.069867,0.057984,0.001483,0.000742
0,-0.002954,0.093506,-0.067148,0.138641,-0.056359,0.132118,5.2e-05,0.001632
0,-0.16446,0.058869,-0.138598,-0.008889,-0.129479,-0.015014,0.002747,0.001027
0,0.010484,-0.090757,0.147715,-0.136527,0.16776,-0.156092,0.000183,0.001584
0,0.070177,-0.086315,0.032682,-0.024598,-0.010758,-0.000911,0.001225,0.001506
0,0.046409,-0.084603,-0.028755,0.010772,0.00741,0.060413,0.00081,0.001477
0,0.169472,0.124353,0.129632,0.185274,0.13713,0.173256,0.00266,0.00217
0,-0.039739,0.056539,-0.210799,-0.049354,-0.205463,-0.018808,0.000694,0.000987
0,0.255101,-0.024307,0.279698,-0.052701,0.294921,-0.048782,0.001165,0.000424
0,0.075868,-0.041761,-0.156669,0.008254,-0.114474,0.026077,0.001324,0.000729
0,0.119403,-0.135602,0.0144,-0.09061,0.008418,-0.115939,0.002084,0.002367
0,0.243743,0.030335,0.131381,0.163419,0.103652,0.158113,0.001363,0.000529
0,0.174365,-0.003927,-0.091182,-0.016739,-0.115803,-0.015779,0.002574,6.9e-05
0,-0.040798,-0.081548,-0.209163,-0.067348,-0.180799,-0.022,0.000712,0.001423
0,0.101316,-0.003804,0.11351,0.052158,0.112931,0.017345,0.001768,6.6e-05
0,-0.03255,-0.013648,-0.148208,-0.015155,-0.149411,-0.009614,0.000568,0.000238
0,-0.10342,-0.041681,-0.053877,-0.046552,-0.065369,-0.033662,0.001805,0.000727
0,0.1084,-0.068697,0.238155,-0.012214,0.240228,-0.047095,0.001892,0.001199
0,0.018187,0.106783,-0.113118,0.155847,-0.081318,0.162636,0.000317,0.001864
0,0.149791,-0.147303,0.122781,-0.243057,0.094188,-0.222305,0.002614,0.002571
0,0.171074,0.084132,0.002278,0.24564,0.035364,0.271435,0.002632,0.001468
0,0.142517,-0.137671,-0.006247,-0.25143,0.013835,-0.288811,0.002487,0.002403
0,-0.069944,0.073555,-0.193622,0.222364,-0.183295,0.225043,0.001221,0.001284
0,-0.158884,-0.08075,-0.062771,-0.142193,-0.090517,-0.097844,0.002773,0.001409
0,-0.040255,0.06884,0.139844,0.170558,0.178945,0.20456,0.000703,0.001201
0,0.09687,-0.055817,0.122124,-0.141767,0.096765,-0.134835,0.001691,0.000974
0,0.007477,0.101466,-0.071425,0.131881,-0.109307,0.14914,0.00013,0.001771
0,0.128267,0.071519,0.094951,-0.026796,0.133211,0.00023,0.002239,0.001248
0,0.014174,0.091295,-0.087143,0.040357,-0.042366,0.039904,0.000247,0.001593
0,-0.112322,0.029123,-0.146583,-0.072491,-0.138888,-0.11615,0.00196,0.000508
0,0.177898,-0.039913,0.278342,-0.075807,0.24581,-0.08571,0.002513,0.000697
0,0.009932,0.002183,-0.171424,0.052198,-0.160299,0.07325,0.000173,3.8e-05
0,0.132997,0.097759,0.093485,0.110138,0.125603,0.109917,0.002321,0.001706
0,-0.070259,0.024644,-0.201253,-0.081993,-0.241178,-0.088212,0.001226,0.00043
0,0.073963,-0.026933,0.165457,-0.067073,0.146278,-0.116334,0.001291,0.00047
0,0.232493,0.056417,0.173953,0.106508,0.136569,0.154006,0.00156,0.000985
0,0.146062,-0.056574,-0.073872,-0.097327,-0.053874,-0.059767,0.002549,0.000987
0,0.078215,0.076954,-0.095267,0.120307,-0.087418,0.084838,0.001365,0.001343
0,0.00388,-0.12118,-0.099581,-0.197171,-0.12827,-0.200994,6.8e-05,0.002115
0,-0.017508,-0.155223,-0.021026,-0.012059,-0.045578,-0.037083,0.000306,0.002709
0,0.243495,-0.011355,0.232716,0.123035,0.225251,0.108952,0.001368,0.000198
0,0.191479,0.133404,-0.081777,0.139147,-0.0459,0.120003,0.002276,0.002328
0,0.018043,-0.103007,-0.176492,-0.253161,-0.129446,-0.251297,0.000315,0.001798
0,0.003335,-0.077266,-0.024497,0.001676,0.003942,0.034165,5.8e-05,0.001349
0,0.025184,-0.145834,0.041565,-0.077888,0.021473,-0.03446,0.00044,0.002545
0,0.076396,-0.062557,0.065533,0.074637,0.018067,0.119652,0.001333,0.001092
0,0.117422,0.05524,0.070093,0.127169,0.091202,0.113836,0.002049,0.000964
0,0.169384,0.126232,0.03254,0.092842,0.011458,0.10324,0.002661,0.002203
0,-0.083029,0.111804,-0.27985,-0.040356,-0.266233,-0.000518,0.001449,0.001951
0,-0.095845,0.040417,-0.017851,-0.066671,-0.023807,-0.095876,0.001673,0.000705
0,0.129791,-0.107088,0.200418,-0.129258,0.240205,-0.176366,0.002265,0.001869
0,0.041202,0.126487,-0.063111,0.249399,-0.094857,0.267437,0.000719,0.002208
0,-0.063563,0.043613,-0.076019,-0.087031,-0.112801,-0.067546,0.001109,0.000761
0,0.016353,0.16361,0.10539,0.141388,0.109739,0.182374,0.000285,0.002762
0,-0.074178,0.012231,-0.062295,-0.174281,-0.036748,-0.204557,0.001295,0.000213
0,-0.192597,-0.04876,-0.091963,-0.063687,-0.12031,-0.047488,0.002256,0.000851
0,-0.182895,-0.145518,0.011441,-0.113155,-0.033848,-0.162042,0.002425,0.00254
0,-0.088448,-0.092078,0.115004,0.074656,0.082074,0.115608,0.001544,0.001607
0,-0.004811,-0.073524,0.079987,0.014929,0.08685,-0.025814,8.4e-05,0.001283
0,-0.223515,-0.036079,-0.223107,0.053554,-0.19794,0.043834,0.001716,0.00063
0,-0.183236,-0.073739,0.017195,-0.052368,-0.011098,-0.012279,0.002419,0.001287
0,-0.150962,0.016728,0.034384,0.107209,0.021335,0.071185,0.002635,0.000292
0,-0.036233,-0.063322,0.094306,-0.098734,0.049831,-0.096643,0.000632,0.001105
0,-0.025536,-0.06936,0.039547,0.001659,0.062416,-0.037303,0.000446,0.001211
0,-0.041235,-0.084053,-0.011496,-0.000948,-0.058955,0.039128,0.00072,0.001467
0,0.097927,-0.012583,0.146821,0.079801,0.178989,0.093542,0.001709,0.00022
0,-0.005135,0.078333,-0.100649,0.098919,-0.077187,0.061094,9e-05,0.001367
0,-0.054293,0.098618,-0.051663,0.014395,-0.043078,0.047133,0.000948,0.001721
0,-0.117941,0.088561,-0.059966,-0.009686,-0.03611,-0.034027,0.002058,0.001546
0,-0.187387,0.080798,-0.06804,-0.02456,-0.110684,-0.041339,0.002347,0.00141
0,-0.038405,0.192637,0.153147,0.105954,0.126916,0.104714,0.00067,0.002255
0,-0.221817,0.069961,-0.206154,-0.09888,-0.241411,-0.114279,0.001746,0.001221
0,-0.039005,0.074489,0.165911,0.034393,0.145477,-0.003708,0.000681,0.0013
0,-0.028462,-0.13377,0.02613,-0.183259,0.031079,-0.217221,0.000497,0.002335
0,0.041315,-0.046278,0.081694,0.068898,0.07898,0.02028,0.000721,0.000808
0,-0.074603,0.014599,-0.093444,0.081211,-0.08026,0.131063,0.001302,0.000255
0,-0.025451,-0.14349,0.071771,-0.172163,0.048781,-0.122748,0.000444,0.002504
0,-0.04245,-0.127783,0.002457,-0.003148,-0.026045,0.00568,0.000741,0.00223
0,-0.214146,0.062499,-0.194592,0.218448,-0.207755,0.26701,0.00188,0.001091
0,0.042849,-0.002422,0.252534,-0.036692,0.236286,-0.01071,0.000748,4.2e-05
0,0.020265,0.088621,-0.015262,0.115561,-0.05305,0.146118,0.000354,0.001547
0,-0.05155,0.032069,-0.061108,-0.059905,-0.022994,-0.036492,0.0009,0.00056
0,-0.161233,0.127517,-0.12663,0.084601,-0.175732,0.095826,0.002803,0.002226
0,0.077337,-0.165158,0.251237,-0.287346,0.266238,-0.254452,0.00135,0.002735
0,0.106273,-0.070542,0.015016,0.120935,0.019561,0.084919,0.001855,0.001231
0,-0.093069,-0.152716,-0.219058,-0.065857,-0.205273,-0.069974,0.001624,0.002665
0,0.003594,0.046227,0.071471,0.223784,0.0584,0.247195,6.3e-05,0.000807
0,-0.091916,-0.151075,-0.097687,-0.212388,-0.10327,-0.185398,0.001604,0.002637
0,-0.063471,-0.016562,0.026168,0.124948,0.069742,0.154354,0.001108,0.000289
0,0.064339,0.125297,0.138698,0.158377,0.131585,0.203455,0.001123,0.002187
0,-0.076577,-0.00898,-0.111841,-0.118701,-0.152393,-0.10063,0.001337,0.000157
0,-0.006986,0.028222,0.054997,0.014966,0.073667,0.014874,0.000122,0.000493
0,0.037189,0.074333,0.030785,0.031872,0.022334,0.012245,0.000649,0.001297
0,-0.214243,-0.178028,-0.274728,-0.259266,-0.230564,-0.235934,0.001878,0.00251
0,-0.192411,-0.000239,0.011459,0.161063,-0.004181,0.179755,0.002259,4e-06
0,-0.174534,-0.077076,0.029765,-0.049385,0.07678,-0.042907,0.002571,0.001345
0,0.043378,0.049948,0.205137,0.12639,0.177909,0.165546,0.000757,0.000872
0,-0.049875,-0.025338,-0.113274,-0.04795,-0.100276,-0.026682,0.00087,0.000442
0,-0.015445,-0.029385,0.046599,0.016848,0.086334,-0.011514,0.00027,0.000513
0,-0.124187,-0.015877,-0.127967,0.008613,-0.12655,-0.039154,0.002167,0.000277
0,-0.174112,0.036364,-0.073376,0.037459,-0.069366,0.00557,0.002579,0.000635
0,-0.1915,-0.095929,0.000422,-0.122182,-0.032514,-0.12569,0.002275,0.001674
0,-0.004392,-0.132612,0.213651,-0.048069,0.179193,-0.045652,7.7e-05,0.002315
0,0.011147,0.078716,0.038607,0.224696,0.038962,0.259489,0.000195,0.001374
0,-0.003147,-0.160524,-0.004912,-0.241945,0.016749,-0.286484,5.5e-05,0.002802
0,0.082233,-0.038664,0.101541,0.098653,0.149528,0.071077,0.001435,0.000675
0,-0.164826,0.043649,-0.24592,0.056743,-0.268241,0.08804,0.002741,0.000762
0,0.056177,-0.051835,0.23764,-0.091799,0.213485,-0.117777,0.00098,0.000905
0,-0.051998,0.102008,-0.09622,0.152008,-0.134496,0.15288,0.000908,0.00178
0,-0.120271,-0.104395,-0.074535,-0.213627,-0.035875,-0.177403,0.002099,0.001822
0,0.028237,-0.10623,0.163499,-0.008502,0.194501,-0.0487,0.000493,0.001854
0,-0.121898,0.006238,-0.147838,0.137126,-0.193858,0.126272,0.002128,0.000109
0,-0.062569,0.024455,0.049958,-0.005514,0.094481,-0.021221,0.001092,0.000427
0,0.024835,0.095954,0.087686,0.046472,0.058497,0.085986,0.000433,0.001675
0,-0.028859,0.037869,-0.081862,-0.07656,-0.038497,-0.03584,0.000504,0.000661
0,-0.015952,-0.15037,0.030112,-0.167414,0.029318,-0.13744,0.000278,0.002624
0,-0.122599,0.038104,-0.088736,0.176389,-0.077407,0.213416,0.00214,0.000665
0,-0.169829,0.034934,-0.018284,0.022582,0.01124,0.001197,0.002653,0.00061
0,-0.189793,-0.11133,0.009415,-0.131058,0.047338,-0.123457,0.002305,0.001943
0,0.109295,0.094365,0.298877,0.234651,0.323465,0.202145,0.001908,0.001647
0,0.052928,0.03348,-0.044318,-0.053558,-0.021417,-0.017199,0.000924,0.000584
0,-0.124249,-0.109827,-0.159352,-0.147053,-0.122032,-0.179706,0.002169,0.001917
0,0.095917,0.041386,0.204651,0.137363,0.227587,0.172252,0.001674,0.000722
0,0.034604,0.001967,-0.036176,-0.020846,-0.012847,0.017653,0.000604,3.4e-05
0,0.020338,0.142019,-0.019699,0.148487,0.013636,0.170728,0.000355,0.002479
0,0.038067,-0.036921,-0.00514,-0.161642,-0.049084,-0.154539,0.000664,0.000644
0,-0.111639,-0.058782,-0.128808,0.006293,-0.177755,-0.018101,0.001948,0.001026
0,-0.005605,-0.083449,0.089632,-0.041297,0.044024,-0.067881,9.8e-05,0.001456
0,-0.038887,-0.10493,-0.015088,-0.039339,-0.036868,-0.07136,0.000679,0.001831
0,0.002676,-0.025117,0.022816,0.083152,0.061277,0.126972,4.7e-05,0.000438
0,0.203219,-0.130992,0.196188,-0.079108,0.231748,-0.118889,0.002071,0.002286
0,0.09215,0.120796,-0.11114,0.231944,-0.117424,0.264316,0.001608,0.002108
0,0.151961,0.111982,0.063866,-0.005564,0.013917,0.01558,0.002652,0.001954
0,0.005156,0.03904,-0.14738,-0.083971,-0.108164,-0.06921,9e-05,0.000681
0,-0.008397,0.023241,-0.037929,0.014182,-0.06104,-0.030971,0.000147,0.000406
0,0.13369,0.136588,0.12536,0.107179,0.076005,0.125309,0.002333,0.002384
0,-4.658803,0.608116,-4.772703,0.457024,-4.788375,0.492153,0.002666,0.000621
0,-4.891117,0.923138,-0.245203,0.316752,-0.254545,0.363436,0.001103,0.000741
0,-4.786075,0.899864,0.117679,-0.018261,0.069631,-0.025906,0.00073,0.001147
0,-4.081786,0.816648,0.685789,-0.081082,0.636823,-0.077512,0.001787,0.002599
0,-4.341742,0.4116,-0.242153,-0.391648,-0.288563,-0.426972,0.00275,0.001566
0,-3.505003,0.515033,0.84468,0.106251,0.808722,0.060258,0.000619,0.002246
0,-2.732855,0.167576,0.78346,-0.36641,0.80501,-0.39832,0.002757,0.002693
0,-1.926331,0.108186,0.791439,-0.031469,0.822267,0.018393,8.4e-05,0.001888
0,-1.237967,0.08958,0.66514,-0.022243,0.693982,-0.005004,0.000863,0.001563
0,-0.796587,-0.093353,0.418041,-0.176398,0.459557,-0.202908,0.002668,0.001629
0,-0.452683,-0.015879,0.355107,0.056728,0.34543,0.037016,0.002283,0.000277
0,-0.016141,-0.114846,0.459601,-0.094782,0.445576,-0.058715,0.000282,0.002004
0,0.008284,-0.168254,0.006792,-0.038016,0.056743,-0.042217,0.000145,0.002681
0,0.207411,-0.15347,0.171038,0.003966,0.143177,-0.032625,0.001997,0.002679
0,0.197765,-0.025186,-0.027575,0.144154,-0.007114,0.192813,0.002166,0.00044
0,0.181556,-0.076187,-0.02993,-0.023088,-0.036411,-0.028678,0.002449,0.00133
0,0.22986,0.089129,0.076236,0.179717,0.099978,0.171054,0.001606,0.001556
0,0.033602,-0.158664,-0.175543,-0.274383,-0.141568,-0.315304,0.000586,0.002769
0,0.182929,0.065127,0.153789,0.232351,0.134817,0.245541,0.002425,0.001137
0,-0.036859,-0.040164,-0.215538,-0.114078,-0.214068,-0.126623,0.000643,0.000701
0,0.055017,0.075795,0.0696,0.114533,0.071698,0.075291,0.00096,0.001323
0,0.16737,0.133258,0.139662,0.069823,0.097704,0.081396,0.002696,0.002326
0,0.082917,0.0772,-0.077835,-0.068285,-0.107494,-0.088269,0.001447,0.001347
0,0.092864,-0.140052,0.001232,-0.218888,-0.010517,-0.259714,0.001621,0.002444
0,-0.073483,-0.004875,-0.192784,0.159085,-0.24011,0.175861,0.001283,8.5e-05
0,-0.206559,0.003581,-0.136549,-0.0147,-0.136312,-0.004991,0.002012,6.3e-05
0,-0.124957,-0.027794,0.069415,-0.019901,0.069634,-0.034016,0.002181,0.000485
0,-0.016587,0.003873,0.10821,0.058569,0.07034,0.085961,0.000289,6.8e-05
0,0.046213,-0.048881,0.081354,-0.075642,0.056609,-0.110666,0.000807,0.000853
0,-0.087661,-0.103571,-0.148459,-0.05331,-0.15831,-0.036702,0.00153,0.001808
0,-0.12516,0.07856,-0.045584,0.17528,-0.017282,0.189768,0.002184,0.001371
0,0.094167,0.037667,0.244979,-0.014338,0.198359,0.002624,0.001644,0.000657
0,-0.108275,-0.131837,-0.226686,-0.160136,-0.189078,-0.169047,0.00189,0.002301
0,0.074219,0.096962,0.21133,0.222581,0.19196,0.246802,0.001295,0.001692
0,-0.169671,0.038664,-0.239741,-0.074415,-0.25749,-0.090697,0.002656,0.000675
0,-0.137517,-0.109143,0.04109,-0.153391,0.069768,-0.157925,0.0024,0.001905
0,0.075279,-0.014876,0.195442,0.065015,0.153865,0.082283,0.001314,0.00026
0,-0.011948,-0.078611,-0.09686,-0.043149,-0.138343,-0.091874,0.000209,0.001372
0,0.008369,0.085621,0.008298,0.140949,0.029377,0.143766,0.000146,0.001494
0,0.065617,0.122487,0.058871,0.042588,0.023005,0.077734,0.001145,0.002138
0,0.05705,0.039926,-0.024609,-0.069935,-0.069017,-0.082954,0.000996,0.000697
0,-0.182454,0.120117,-0.251917,0.099063,-0.210872,0.069939,0.002433,0.002096
0,-0.196927,0.056509,-0.004566,-0.046625,-0.009658,-0.0003,0.00218,0.000986
0,-0.165292,-0.046427,0.057982,-0.106044,0.105297,-0.097409,0.002733,0.00081
0,-0.162464,0.207896,-0.001347,0.243916,0.018998,0.204385,0.002782,0.001989
0,-0.018733,0.108851,0.153605,-0.100173,0.137325,-0.085672,0.000327,0.0019
0,0.008555,-0.103564,0.03296,-0.213574,0.056956,-0.247013,0.000149,0.001808
0,-0.040424,0.021097,-0.02156,0.143429,-0.015823,0.115628,0.000706,0.000368
0,-0.167854,0.207383,-0.115073,0.167581,-0.139529,0.158455,0.002688,0.001998
0,-0.234259,0.198067,-0.054655,-0.027817,-0.041246,-0.008884,0.001529,0.002161
0,-0.300905,0.131204,-0.042213,-0.09385,-0.075437,-0.116006,0.000366,0.00229
0,-0.262294,-0.099203,0.009365,-0.255205,0.003075,-0.269447,0.00104,0.001731
0,-0.108604,0.0031,0.141699,0.124154,0.188891,0.103345,0.001895,5.4e-05
0,-0.020971,0.039748,0.09487,0.029142,0.109707,0.042258,0.000366,0.000694
0,-0.31082,0.026705,-0.279317,0.012578,-0.307981,-0.037169,0.000193,0.000466
0,0.021135,-0.00886,0.304514,-0.015172,0.293098,-0.02012,0.000369,0.000155
0,-0.099593,-0.119611,-0.111319,-0.118753,-0.149707,-0.145292,0.001738,0.002088
0,-0.027239,-0.024397,0.081215,0.090503,0.074938,0.131925,0.000475,0.000426
0,-0.116881,0.042076,-0.086908,0.080765,-0.079073,0.061969,0.00204,0.000734
0,-0.104486,-0.031823,-0.01328,-0.07148,-0.048424,-0.117964,0.001824,0.000555
0,0.122968,-0.095596,0.23562,-0.073676,0.245795,-0.074523,0.002146,0.001668
0,0.151908,0.083373,0.053335,0.165263,0.081438,0.160895,0.002651,0.001455
0,0.051102,0.117982,-0.127328,0.009528,-0.161401,0.000793,0.000892,0.002059
0,0.025255,-0.097158,-0.038653,-0.226212,0.002329,-0.272756,0.000441,0.001696
0,0.0823,0.000156,0.047168,0.089181,0.075959,0.067707,0.001436,3e-06
0,0.074946,-0.187686,-0.007161,-0.21037,-0.017384,-0.238614,0.001308,0.002342
0,0.131452,-0.126588,0.05907,0.071117,0.095508,0.106355,0.002294,0.002209
0,0.203335,-0.141194,0.056023,-0.004182,0.094341,-0.034531,0.002069,0.002464
0,0.086558,-0.103897,-0.11615,0.044487,-0.08927,0.071021,0.001511,0.001813
0,0.081024,-0.0585,0.015864,0.016139,0.054488,0.042769,0.001414,0.001021
0,0.058654,-0.033757,0.000206,0.006706,-0.000823,-0.033645,0.001024,0.000589
0,0.098486,-0.131539,0.045976,-0.096393,0.058321,-0.047832,0.001719,0.002296
0,0.28671,0.046389,0.180458,0.200865,0.211809,0.152261,0.000613,0.00081
0,-0.016752,0.003662,-0.309241,-0.024752,-0.278632,0.0209,0.000292,6.4e-05
0,-0.02333,0.030522,0.016481,0.010244,-0.032973,0.018917,0.000407,0.000533
0,0.207657,0.015301,0.210847,0.012064,0.230177,0.042156,0.001993,0.000267
0,0.231916,0.01786,-0.002954,-0.012726,0.006213,0.005284,0.00157,0.000312
0,-0.014563,-0.036175,-0.274552,-0.047718,-0.300944,-0.059453,0.000254,0.000631
0,-0.048232,-0.048813,-0.060932,-0.019116,-0.03689,0.005519,0.000842,0.000852
0,0.004701,-0.031482,0.070345,0.021074,0.104058,0.013673,8.2e-05,0.000549
0,-0.040653,-0.037054,-0.054128,-9.5e-05,-0.10184,0.011349,0.00071,0.000647
0,0.079963,-0.102028,0.121742,-0.085281,0.092768,-0.087182,0.001396,0.001781
0,0.063223,-0.1088,-0.020086,-0.013343,0.024727,0.031581,0.001103,0.001899
0,-0.025289,0.017211,-0.116879,0.116412,-0.1238,0.11066,0.000441,0.0003
0,0.072564,-0.122671,0.11359,-0.122083,0.162296,-0.16568,0.001266,0.002141
0,-0.206458,-0.023057,-0.279375,0.123099,-0.271869,0.087813,0.002014,0.000402
0,-0.062031,0.013536,0.170766,0.059557,0.154004,0.084385,0.001083,0.000236
0,-0.250562,0.041409,-0.199359,0.003995,-0.240956,-0.034433,0.001244,0.000723
0,-0.166839,-0.176983,0.108037,-0.224355,0.088569,-0.262329,0.002706,0.002529
0,-0.239215,-0.198614,-0.078226,-0.008965,-0.069097,-0.056309,0.001442,0.002151
0,-0.190409,-0.183122,0.065705,-0.00709,0.034759,-0.020628,0.002294,0.002421
0,-0.251113,-0.049847,-0.043759,0.122363,-0.080859,0.092632,0.001235,0.00087
0,-0.178217,-0.049934,0.060138,-0.019559,0.031775,-0.024922,0.002507,0.000872
0,-0.082314,-0.029964,0.104502,0.018998,0.113667,0.02766,0.001437,0.000523
0,-0.08453,-0.051148,-0.001364,-0.023222,0.045333,0.002107,0.001475,0.000893
0,-0.124128,-0.245753,-0.063428,-0.203532,-0.103698,-0.240496,0.002166,0.001328
0,-0.032593,-0.154981,0.064978,0.118942,0.021627,0.134058,0.000569,0.002705
0,-0.087791,-0.187348,-0.028037,-0.021471,-0.032794,0.001511,0.001532,0.002348
0,-0.185327,-0.125233,-0.083162,0.065606,-0.069808,0.040778,0.002383,0.002186
0,-0.022708,-0.067439,0.191916,0.059359,0.165082,0.058133,0.000396,0.001177
0,-0.194819,0.010489,-0.199769,0.090185,-0.175486,0.068558,0.002217,0.000183
0,0.002806,-0.152754,0.192657,-0.163843,0.147689,-0.200933,4.9e-05,0.002666
0,-0.112919,-0.142042,-0.118772,0.011883,-0.111248,-0.01677,0.001971,0.002479
0,-0.162881,0.006845,-0.03252,0.145524,-0.061869,0.126171,0.002775,0.000119
0,-0.136923,-0.018685,0.007272,0.001846,0.026581,0.007917,0.00239,0.000326
0,-0.229387,-0.058189,-0.102938,-0.060202,-0.14917,-0.109538,0.001614,0.001016
0,-0.07516,-0.114913,0.173212,-0.033511,0.196022,0.009953,0.001312,0.002006
0,-0.200168,-0.112229,-0.097206,0.030862,-0.121612,0.053589,0.002124,0.001959
0,-0.035995,0.083112,0.149883,0.225199,0.104403,0.268912,0.000628,0.001451
0,-0.12289,0.112754,-0.063913,0.028556,-0.04822,0.008459,0.002145,0.001968
0,-0.183591,-0.107144,-0.085278,-0.247889,-0.092078,-0.204812,0.002413,0.00187
0,-0.193379,-0.146085,-0.032075,-0.019272,-0.075392,-0.030263,0.002242,0.00255
0,-0.009874,-0.164521,0.155069,-0.028814,0.107242,-0.011425,0.000172,0.002746
0,-0.142787,-0.066778,-0.110174,0.0788,-0.088934,0.038183,0.002492,0.001165
0,0.017926,0.024762,0.137835,0.098835,0.142334,0.119771,0.000313,0.000432
0,0.040037,-0.148188,0.036486,-0.157352,0.001744,-0.188553,0.000699,0.002586
0,0.001463,-0.086094,-0.031723,0.07032,-0.045879,0.038924,2.6e-05,0.001503
0,-0.256297,0.09031,-0.229593,0.191007,-0.188901,0.228742,0.001144,0.001576
0,-0.032656,0.014944,0.239917,-0.10526,0.219326,-0.069933,0.00057,0.000261
0,-0.27232,-0.168128,-0.211866,-0.205157,-0.184525,-0.211468,0.000865,0.002683
0,-0.233154,0.009266,0.036374,0.18418,0.079758,0.155981,0.001548,0.000162
0,-0.180713,-0.110239,0.054811,-0.108558,0.044436,-0.158431,0.002463,0.001924
0,-0.114026,-0.042029,0.062766,0.073812,0.0421,0.076792,0.00199,0.000734
0,-0.296769,0.143609,-0.174838,0.213887,-0.131096,0.204457,0.000438,0.002506
0,-0.114492,0.06759,0.164705,-0.077428,0.125773,-0.079437,0.001998,0.00118
0,-0.120971,0.011262,-0.026724,-0.043288,-0.055447,-0.081294,0.002111,0.000197
0,-0.219084,-0.036933,-0.116559,-0.042562,-0.094266,-0.007767,0.001794,0.000645
0,-0.182193,0.014599,0.032187,0.025717,0.053247,0.070758,0.002438,0.000255
0,-0.196389,-0.069337,0.011033,-0.098588,-0.029757,-0.056407,0.00219,0.00121
0,-0.219157,0.121956,-0.047472,0.16863,-0.016373,0.144666,0.001792,0.002129
0,-0.11762,0.019776,0.074742,-0.1225,0.042311,-0.100537,0.002053,0.000345
0,-0.08043,0.115399,0.054903,0.117079,0.071489,0.133926,0.001404,0.002014
0,0.029513,-0.084042,0.083494,-0.194915,0.110125,-0.216631,0.000515,0.001467
0,-0.216997,-0.509056,-0.253366,-0.395643,-0.228532,-0.402093,0.00183,0.00235
0,-0.595343,-0.652488,-0.396727,-0.136597,-0.445548,-0.108442,0.000844,0.000153
0,-0.524465,-0.814501,0.094041,-0.145648,0.087949,-0.17172,0.002081,0.002637
0,-0.66491,-0.804049,-0.111087,0.030995,-0.074052,0.025273,0.00037,0.002798
0,-0.704686,-0.582907,-0.040214,0.250157,-0.007563,0.281823,0.001064,0.001061
0,-0.592263,-0.454892,0.088991,0.109296,0.088406,0.060473,0.000898,0.002322
0,-0.434471,-0.314261,0.13626,0.125749,0.18056,0.137668,0.001965,0.000133
0,-0.201935,-0.279259,0.20319,0.037073,0.181931,0.008031,0.002093,0.000744
0,-0.308417,-0.010748,-0.132869,0.277715,-0.119882,0.255035,0.000235,0.000188
0,-0.092892,-0.185332,0.24412,-0.152611,0.22608,-0.178967,0.001621,0.002383
0,-0.192155,0.082716,-0.082531,0.276831,-0.087696,0.305749,0.002264,0.001444
0,-0.119378,0.145822,0.051505,0.060822,0.073491,0.011196,0.002084,0.002545
0,-0.037724,0.008624,0.090452,-0.124118,0.049234,-0.077709,0.000658,0.000151
0,0.09109,0.031752,0.149052,0.026161,0.134912,0.041708,0.00159,0.000554
0,0.174614,0.009207,0.102465,-0.016916,0.072166,0.000176,0.00257,0.000161
0,0.185071,0.176385,-0.011072,0.175708,0.023707,0.126215,0.002387,0.002539
0,0.174364,0.06758,0.006324,-0.129008,0.054762,-0.091834,0.002574,0.001179
0,0.086895,0.113322,-0.089194,0.025091,-0.132629,0.004498,0.001517,0.001978
0,-0.00728,0.178297,-0.08723,0.071234,-0.062808,0.027296,0.000127,0.002506
0,-0.237235,-0.046725,-0.224078,-0.199754,-0.225395,-0.159806,0.001477,0.000816
0,0.054843,0.130812,0.286755,0.165948,0.263152,0.212611,0.000957,0.002283
0,-0.145001,0.159461,-0.177221,0.054626,-0.196613,0.028253,0.002531,0.002783
0,0.086056,0.111659,0.217749,-0.048724,0.197233,-0.064841,0.001502,0.001949
0,0.02619,0.001194,-0.047474,-0.101307,-0.087467,-0.101937,0.000457,2.1e-05
0,0.02843,0.099102,0.022175,0.101245,0.061849,0.054311,0.000496,0.00173
0,-0.195063,-0.118497,-0.222692,-0.197454,-0.270388,-0.216184,0.002213,0.002068
0,0.11567,0.037418,0.281793,0.167279,0.319446,0.173089,0.002019,0.000653
0,0.107751,0.091754,0.000633,0.034339,0.035954,0.062422,0.001881,0.001601
0,0.123367,0.07477,-0.01249,-0.020107,-0.00656,-0.002076,0.002153,0.001305
0,-0.05222,-0.107108,-0.188591,-0.157061,-0.208574,-0.180564,0.000911,0.001869
0,-0.122159,-0.000488,-0.090309,0.089946,-0.105913,0.077997,0.002132,9e-06
0,-0.115668,-0.159319,0.028188,-0.174415,0.014561,-0.197267,0.002019,0.002781
0,0.002053,-0.089679,0.106222,0.044245,0.114293,0.03853,3.6e-05,0.001565
0,0.1138,-0.148277,0.106311,-0.057601,0.143498,-0.050762,0.001986,0.002588
0,-0.041658,-0.111373,-0.172428,0.016441,-0.136247,0.02913,0.000727,0.001944
0,-0.179986,0.108358,-0.124592,0.190662,-0.118988,0.202492,0.002476,0.001891
0,-0.13173,-0.128051,0.070629,-0.26238,0.09036,-0.257394,0.002299,0.002235
0,-0.151932,-0.046263,-0.049967,0.053413,-0.022956,0.048042,0.002652,0.000807
0,-0.069773,-0.13142,0.055072,-0.107839,0.082567,-0.090351,0.001218,0.002294
0,-0.226662,-0.001425,-0.172326,0.143284,-0.166856,0.16828,0.001662,2.5e-05
0,-0.09512,0.012493,0.104677,-0.005443,0.077664,0.010515,0.00166,0.000218
0,-0.139357,-0.011943,-0.023308,0.001346,-0.045048,0.015999,0.002432,0.000208
0,0.078871,-0.126902,0.235207,-0.111291,0.201143,-0.099406,0.001377,0.002215
0,0.082188,-0.021317,0.010966,0.124332,0.002705,0.144054,0.001434,0.000372
0,-0.004913,-0.042867,-0.07773,-0.013063,-0.09587,-0.054198,8.6e-05,0.000748
0,0.126026,0.049301,0.153853,0.083614,0.186415,0.06201,0.0022,0.00086
0,0.001717,-0.012215,-0.133916,-0.039605,-0.140222,-0.040358,3e-05,0.000213
0,-0.009487,-0.052751,-0.018049,-0.025663,-0.000504,-0.021981,0.000166,0.000921
0,0.137234,0.025021,0.152508,0.087062,0.116595,0.080176,0.002395,0.000437
0,0.053496,-0.138479,-0.077086,-0.168528,-0.125306,-0.134156,0.000934,0.002417
0,-0.092315,0.053784,-0.157891,0.212054,-0.165605,0.215974,0.001611,0.000939
0,-0.118201,-0.208647,-0.024067,-0.267052,-0.051253,-0.220501,0.002063,0.001976
0,0.007717,-0.143522,0.155242,0.067738,0.170198,0.079263,0.000135,0.002505
0,0.006171,0.015177,0.0016,0.150908,0.024722,0.101992,0.000108,0.000265
0,0.081458,0.021018,0.047087,0.03419,0.008946,0.00131,0.001422,0.000367
0,-0.077388,-0.081842,-0.149138,-0.108903,-0.191952,-0.073438,0.001351,0.001428
0,0.050565,-0.193368,0.123742,-0.13122,0.133579,-0.121399,0.000883,0.002243
0,0.186024,0.00901,0.132222,0.214908,0.145686,0.230949,0.002371,0.000157
0,0.061058,-0.132694,-0.124402,-0.127551,-0.113513,-0.097872,0.001066,0.002316
0,-0.059766,0.005291,-0.116486,0.140043,-0.138106,0.163418,0.001043,9.2e-05
0,-0.005687,-0.122775,0.072571,-0.142474,0.041381,-0.094314,9.9e-05,0.002143
0,0.078923,-0.203748,0.101563,-0.05512,0.09302,-0.0904,0.001377,0.002061
0,-0.004403,-0.077426,-0.081955,0.101689,-0.094865,0.086804,7.7e-05,0.001351
0,-0.039247,-0.08151,-0.022659,0.025731,-0.062913,0.025969,0.000685,0.001423
0,-0.063125,-0.040003,-0.018899,0.023896,-0.06054,0.037122,0.001102,0.000698
0,0.020233,-0.107918,0.082127,-0.073421,0.08187,-0.102896,0.000353,0.001884
0,0.052547,0.030255,0.038722,0.113514,0.064373,0.120542,0.000917,0.000528
0,-0.088614,-0.012888,-0.168662,-0.069321,-0.145797,-0.058927,0.001547,0.000225
0,-0.003834,-0.174241,0.056355,-0.141856,0.080323,-0.157371,6.7e-05,0.002576
0,-0.066215,-0.073608,-0.068481,0.124385,-0.104346,0.099912,0.001156,0.001285
0,-0.116491,-0.187401,-0.023795,-0.097227,-0.035414,-0.136341,0.002033,0.002347
0,0.050385,-0.042282,0.14584,0.140779,0.13951,0.093995,0.000879,0.000738
0,-0.051217,-0.011876,-0.073206,0.047205,-0.109748,0.087714,0.000894,0.000207
0,-0.007156,-0.183322,0.058878,-0.14517,0.018852,-0.108106,0.000125,0.002418
0,-0.264104,-0.140267,-0.266633,0.056852,-0.257268,0.033265,0.001008,0.002448
0,-0.119644,-0.117335,0.134142,0.04363,0.099087,0.046471,0.002088,0.002048
0,-0.061809,-0.087047,0.072404,0.030967,0.047351,0.077683,0.001079,0.001519
0,-0.28264,-0.217595,-0.193961,-0.145651,-0.224796,-0.163778,0.000685,0.00182
0,0.016689,0.069332,0.287361,0.310374,0.277414,0.303106,0.000291,0.00121
0,-0.006535,-0.096115,-0.005151,-0.139394,-0.030212,-0.105856,0.000114,0.001678
0,0.004062,-0.029262,-0.00537,0.062177,0.003272,0.024926,7.1e-05,0.000511
0,-0.193056,-0.144529,-0.1966,-0.093733,-0.177041,-0.106492,0.002248,0.002523
0,0.046972,-0.063159,0.25403,0.090256,0.209137,0.10267,0.00082,0.001102
0,0.003412,-0.002093,-0.066346,0.049153,-0.033283,0.01246,6e-05,3.7e-05
0,-0.063137,-0.176462,-0.093821,-0.150652,-0.112175,-0.137362,0.001102,0.002538
0,-0.004496,-0.019401,0.065067,0.128203,0.090015,0.082097,7.8e-05,0.000339
0,-0.059816,-0.058774,-0.067173,-0.041687,-0.090288,-0.000906,0.001044,0.001026
0,-0.047824,-0.143215,0.008106,-0.078624,-0.018373,-0.100604,0.000835,0.0025
0,-0.053268,0.05436,0.007771,0.208897,-0.03582,0.180838,0.00093,0.000949
0,0.060854,0.055922,0.116555,0.002105,0.117487,-0.04493,0.001062,0.000976
0,0.018528,-0.183206,-0.027098,-0.221516,-0.008867,-0.227657,0.000323,0.00242
0,0.074247,-0.003662,0.076171,0.179656,0.029815,0.158488,0.001296,6.4e-05
0,0.182047,-0.054077,0.11295,-0.047675,0.083344,-0.010406,0.00244,0.000944
0,-0.083852,-0.110091,-0.252489,-0.040119,-0.227458,-0.056525,0.001463,0.001921
0,0.012171,-0.170407,0.105074,-0.05128,0.141909,-0.065843,0.000212,0.002643
0,0.128096,-0.096977,0.140503,0.054214,0.142932,0.035375,0.002236,0.001693
0,0.102095,0.097477,-0.012485,0.195573,0.000156,0.163977,0.001782,0.001701
0,0.218762,0.04472,0.101092,-0.081654,0.057697,-0.122354,0.001799,0.000781
0,-0.090491,-0.130586,-0.297028,-0.200171,-0.262433,-0.179831,0.001579,0.002279
0,0.049744,-0.054123,0.146164,0.071727,0.138908,0.103089,0.000868,0.000945
0,0.074264,0.103845,0.03233,0.132054,0.042978,0.124848,0.001296,0.001812
0,0.154332,0.053183,0.074977,-0.058341,0.082263,-0.094218,0.002694,0.000928
0,0.134247,0.06286,-0.044296,0.026083,-0.047931,0.014703,0.002343,0.001097
0,0.016613,0.067684,-0.140436,-0.022659,-0.145347,-0.023301,0.00029,0.001181
0,0.094852,0.126523,0.088717,0.050958,0.111825,0.013955,0.001655,0.002208
0,0.129407,0.061754,0.005009,-0.060906,-0.016972,-0.026759,0.002259,0.001078
0,0.189374,-0.037472,0.07098,-0.114314,0.045901,-0.076386,0.002312,0.000654
0,0.095239,0.132466,-0.10458,0.178809,-0.147487,0.13364,0.001662,0.002312
0,0.053726,-0.078539,-0.023008,-0.238958,-0.039466,-0.269486,0.000938,0.001371
0,-0.056808,0.126121,-0.09953,0.182691,-0.128846,0.184683,0.000991,0.002201
0,-0.03122,0.195685,0.053247,0.039883,0.036652,0.072997,0.000545,0.002202
0,-0.059481,-0.069719,-0.032435,-0.24158,-0.068137,-0.269675,0.001038,0.001217
0,0.110829,0.075665,0.189619,0.174765,0.208118,0.145711,0.001934,0.001321
0,-0.114857,-0.037485,-0.236034,-0.138691,-0.274926,-0.089775,0.002005,0.000654
0,-0.125414,-0.061635,-0.013162,-0.051667,-0.037569,-0.087691,0.002189,0.001076
0,0.002471,-0.044183,0.143555,0.012483,0.100357,-0.000581,4.3e-05,0.000771
0,0.011916,0.03151,0.004822,0.103748,-0.014837,0.078858,0.000208,0.00055
0,0.053254,0.159713,0.019594,0.149353,0.009268,0.142651,0.000929,0.002788
0,-0.133033,0.058622,-0.185301,-0.088982,-0.152019,-0.084986,0.002322,0.001023
0,-0.088227,0.03785,0.065312,-0.039655,0.032988,-0.008401,0.00154,0.000661
0,-0.015525,0.141008,0.045577,0.096541,0.067383,0.072934,0.000271,0.002461
0,-0.056309,0.105791,-0.037222,-0.059713,-0.035449,-0.022038,0.000983,0.001846
0,0.038796,-0.114749,0.10185,-0.207339,0.07903,-0.230436,0.000677,0.002003
0,-0.033578,-0.012282,-0.091343,0.102337,-0.13762,0.111966,0.000586,0.000214
0,-0.157941,-0.024224,-0.101234,-0.022529,-0.12243,-0.036012,0.002757,0.000423
0,0.08957,0.055345,0.231149,0.072388,0.217165,0.099356,0.001563,0.000966
0,-0.000839,-0.050801,-0.078806,-0.124461,-0.047889,-0.099546,1.5e-05,0.000887
0,-0.011288,-0.070303,0.015453,-0.012045,-0.012128,0.027665,0.000197,0.001227
0,-0.015983,0.12401,0.011117,0.211424,0.031776,0.207808,0.000279,0.002164
0,0.130896,0.018263,0.150741,-0.120516,0.132156,-0.07981,0.002285,0.000319
0,-0.023995,0.145177,-0.176601,0.128568,-0.201242,0.098502,0.000419,0.002534
0,-0.093019,-0.059222,-0.065437,-0.178555,-0.025596,-0.220305,0.001623,0.001034
0,0.044487,-0.133131,0.119341,-0.064816,0.091677,-0.101659,0.000776,0.002324
0,-0.153692,0.00215,-0.172343,0.151029,-0.161705,0.199247,0.002682,3.8e-05
0,0.064214,-0.094024,0.23624,-0.108511,0.224904,-0.120041,0.001121,0.001641
0,0.070493,0.088207,0.018436,0.189008,-0.029531,0.197512,0.00123,0.00154
0,-0.042016,-0.030364,-0.125054,-0.120065,-0.129066,-0.154413,0.000733,0.00053
0,-0.123328,0.134292,-0.082545,0.150928,-0.117922,0.123357,0.002152,0.002344
0,-0.040496,0.151509,0.089337,0.007112,0.076505,-0.032239,0.000707,0.002644
0,0.143696,0.147377,0.200191,0.005958,0.212744,0.012324,0.002508,0.002572
0,-0.055079,0.134792,-0.196235,-0.013129,-0.213555,0.02983,0.000961,0.002353
0,0.020282,-0.087204,0.083616,-0.237242,0.099718,-0.226326,0.000354,0.001522
0,0.048239,0.086324,0.002705,0.148792,0.052644,0.130753,0.000842,0.001507
0,-0.028427,0.0499,-0.087511,-0.03654,-0.108051,-0.008508,0.000496,0.000871
0,-0.050581,-0.066781,-0.019004,-0.103581,-0.003967,-0.101986,0.000883,0.001166
0,0.077808,-0.031562,0.131383,0.033644,0.086901,0.02465,0.001358,0.000551
0,-0.051951,0.001978,-0.14967,0.02482,-0.162424,-0.018981,0.000907,3.5e-05
0,0.14929,-0.202412,0.193183,-0.192013,0.150959,-0.224221,0.002606,0.002085
0,-0.13581,-0.056051,-0.290815,0.175916,-0.330837,0.17075,0.00237,0.000978
0,-0.138326,-0.11373,-0.025272,-0.032887,-0.048812,-0.077334,0.002414,0.001985
0,0.006767,-0.186324,0.123351,-0.046363,0.162466,-0.056977,0.000118,0.002366
0,0.111875,-0.137686,0.12564,0.058691,0.172439,0.088594,0.001953,0.002403
0,0.049587,-0.001108,-0.078369,0.140071,-0.046947,0.132864,0.000865,1.9e-05
0,0.028076,0.02646,0.007598,0.024582,-0.031115,0.007694,0.00049,0.000462
0,-0.116804,0.07317,-0.147797,0.043664,-0.118022,0.083967,0.002039,0.001277
0,0.062365,0.034989,0.201557,-0.026417,0.227075,0.001558,0.001088,0.000611
0,-0.057305,0.117398,-0.141993,0.088557,-0.190255,0.06673,0.001,0.002049
0,-0.120938,-0.055155,-0.082973,-0.202072,-0.128938,-0.209671,0.002111,0.000963
0,-0.168855,0.120783,-0.02191,0.170984,0.001231,0.125667,0.00267,0.002108
0,0.019433,-0.146067,0.169389,-0.284137,0.183151,-0.285358,0.000339,0.002549
0,0.031101,-0.159071,-0.001374,-0.028541,0.033377,0.001656,0.000543,0.002776
0,0.016012,-0.13472,-0.03692,0.005058,-0.061616,0.037101,0.000279,0.002351
0,-0.135164,0.101309,-0.144699,0.234162,-0.119312,0.210858,0.002359,0.001768
0,0.081139,0.132185,0.213982,0.045387,0.191599,0.092973,0.001416,0.002307
0,-0.083798,0.170303,-0.15167,0.066056,-0.134155,0.035355,0.001463,0.002645
0,0.069226,0.147157,0.163187,-0.051982,0.206571,-0.070082,0.001208,0.002568
0,0.117644,0.047964,0.02279,-0.095454,-0.021399,-0.143507,0.002053,0.000837
0,0.084347,0.173185,-0.056473,0.151719,-0.034396,0.170969,0.001472,0.002595
0,0.045534,0.118305,-0.013307,-0.074006,-0.059749,-0.053938,0.000795,0.002065
0,0.007942,0.015331,-0.047163,-0.083079,-0.071452,-0.093431,0.000139,0.000268
0,0.664718,-0.689742,0.655693,-0.684119,0.688453,-0.732497,0.000367,0.000803
0,1.710591,-1.313493,1.063697,-0.653421,1.110216,-0.669865,0.001768,0.000455
0,1.814535,-1.435609,0.109114,-0.105124,0.116205,-0.12302,0.002035,0.002586
0,1.331304,-1.518256,-0.506505,-0.093923,-0.539304,-0.069525,0.000766,0.001589
0,0.923266,-1.606399,-0.394445,-0.116588,-0.404057,-0.08945,0.000738,5.1e-05
0,0.780172,-1.031769,-0.11361,0.602998,-0.14503,0.598702,0.002382,0.001155
0,0.559288,-1.063992,-0.221825,-0.016702,-0.236448,-0.043317,0.001474,0.001718
0,0.643682,-1.062756,0.102184,-0.028395,0.069465,-0.071577,1e-06,0.001696
0,0.449984,-0.653417,-0.188109,0.409126,-0.146807,0.448028,0.002236,0.000169
0,0.08175,-0.431627,-0.375334,0.194131,-0.400391,0.237751,0.001427,0.001916
0,0.100411,-0.190343,0.017065,0.220488,0.05217,0.244857,0.001753,0.002295
0,-0.036472,0.062577,-0.149688,0.248386,-0.17584,0.209141,0.000637,0.001092
0,0.037664,-0.101852,0.069221,-0.190662,0.111313,-0.213107,0.000657,0.001778
0,-0.201868,-0.00489,-0.24917,0.083607,-0.252466,0.043883,0.002094,8.5e-05
0,-0.156175,0.107906,0.04478,0.113165,0.092598,0.119178,0.002726,0.001883
0,-0.262233,-0.000569,-0.11757,-0.086493,-0.121405,-0.044573,0.001041,1e-05
0,-0.221516,0.092092,0.044706,0.114405,0.001813,0.106559,0.001751,0.001607
0,-0.051868,0.260155,0.179631,0.170426,0.209989,0.132982,0.000905,0.001077
0,-0.144272,0.221287,-0.080053,-0.054303,-0.099418,-0.020431,0.002518,0.001755
0,0.009591,0.33238,0.157637,0.107464,0.197859,0.131617,0.000167,0.000184
0,-0.128725,0.239355,-0.126011,-0.117664,-0.078121,-0.100087,0.002247,0.00144
0,0.002029,0.155668,0.118711,-0.105603,0.100986,-0.081504,3.5e-05,0.002717
0,0.058176,0.135419,0.076647,-0.00794,0.077422,-0.022199,0.001015,0.002364
0,-0.108401,0.175326,-0.139409,0.030227,-0.180321,0.063919,0.001892,0.002557
0,-0.114723,0.143793,-0.017124,-0.027276,-0.054714,-0.023415,0.002002,0.00251
0,-0.059879,-0.036118,0.041818,-0.15903,-0.001573,-0.1671,0.001045,0.00063
0,-0.064309,0.214158,0.021908,0.232,0.035769,0.206584,0.001122,0.00188
0,0.191697,-0.000949,0.278692,-0.244175,0.310845,-0.270684,0.002272,1.7e-05
0,0.196182,-0.008336,0.003862,-0.000518,0.024003,-0.010101,0.002193,0.000145
0,-0.05599,0.150279,-0.258837,0.129665,-0.246817,0.134322,0.000977,0.002623
0,0.156463,0.164815,0.227056,-0.013021,0.245812,-0.034606,0.002731,0.002741
0,-0.041984,0.037712,-0.202925,-0.139994,-0.172594,-0.17836,0.000733,0.000658
0,-0.067194,-0.030676,-0.013001,-0.053705,-0.005114,-0.042524,0.001173,0.000535
0,-0.018318,0.117888,0.051307,0.146482,0.045138,0.124725,0.00032,0.002058
0,-0.071782,-0.074464,-0.082119,-0.177966,-0.047785,-0.158046,0.001253,0.0013
0,0.101235,-0.055269,0.17472,0.004396,0.209967,0.018676,0.001767,0.000965
0,0.060931,0.103303,-0.059013,0.170322,-0.077295,0.196901,0.001063,0.001803
0,-0.018613,0.027016,-0.088052,-0.100737,-0.067483,-0.090703,0.000325,0.000472
0,-0.174566,0.00333,-0.155787,-0.005153,-0.139201,0.008652,0.002571,5.8e-05
0,-0.193324,0.092863,-0.005642,0.114267,0.044047,0.14522,0.002243,0.001621
0,-0.131011,0.088275,0.050047,-0.0075,0.017397,-0.045795,0.002287,0.001541
0,-0.148045,0.101722,-0.034928,0.007915,-0.03529,0.053402,0.002584,0.001775
0,-0.040057,0.14887,0.108888,0.03979,0.142716,0.016631,0.000699,0.002598
0,-0.203965,-0.091693,-0.168422,-0.217943,-0.217014,-0.196352,0.002058,0.0016
0,-0.008735,0.006871,0.187402,0.123521,0.188338,0.146784,0.000152,0.00012
0,-0.092373,0.17158,-0.062386,0.188868,-0.031369,0.21432,0.001612,0.002623
0,-0.092015,-0.114218,-0.010974,-0.267183,0.001006,-0.276138,0.001606,0.001993
0,-0.148975,-0.086484,-0.08609,0.031822,-0.126971,-0.001368,0.0026,0.001509
0,-0.154824,0.135608,-0.023211,0.208886,-0.045924,0.22885,0.002702,0.002367
0,0.038046,0.109102,0.187121,-0.034028,0.140294,-0.08193,0.000664,0.001904
0,0.047518,-0.05489,0.0372,-0.165779,0.048608,-0.163383,0.000829,0.000958
0,-0.08276,0.067722,-0.150044,0.142633,-0.128588,0.192025,0.001444,0.001182
0,2.915865,0.344745,2.990447,0.253349,3.000454,0.26455,0.000334,0.000399
0,3.57433,0.504681,0.681039,0.13272,0.716681,0.166982,0.000591,0.002427
0,3.569355,0.496885,0.008424,-0.032572,-0.004345,-0.034464,0.000504,0.002563
0,4.244342,0.518377,0.669303,-0.004372,0.62065,-0.019552,0.00105,0.002188
0,4.144774,0.261115,-0.108435,-0.23033,-0.109758,-0.218856,0.000688,0.00106
0,3.613904,0.183223,-0.519462,-0.052673,-0.527317,-0.02225,0.001282,0.00242
0,3.003399,0.216595,-0.591912,0.013232,-0.604567,-0.022644,0.001862,0.001837
0,2.054572,0.02541,-0.929108,-0.203752,-0.920571,-0.224307,0.002154,0.000443
0,1.536344,0.122942,-0.505487,0.126937,-0.509545,0.084686,0.001273,0.002146
0,1.128168,0.021761,-0.405435,-0.095761,-0.356967,-0.109161,0.00278,0.00038
0,0.720436,-0.041475,-0.434234,-0.082525,-0.417735,-0.1093,0.001339,0.000724
0,0.325137,-0.15399,-0.409435,-0.083766,-0.388967,-0.072605,5.7e-05,0.002688
0,-0.095402,-0.166767,-0.414537,-0.032985,-0.373603,-0.028915,0.001665,0.002707
0,-0.29643,-0.03569,-0.179584,0.137206,-0.15477,0.170741,0.000444,0.000623
0,-0.281413,-0.019563,0.014682,0.024891,-0.022877,0.038822,0.000706,0.000341
0,-0.090837,0.051588,0.196354,0.05909,0.193325,0.087669,0.001585,0.0009
0,-0.004758,0.15012,0.0612,0.101021,0.024066,0.113032,8.3e-05,0.00262
0,-0.088161,0.170123,-0.106539,0.022016,-0.073644,0.016821,0.001539,0.002648
0,-0.244431,0.110072,-0.180935,-0.034419,-0.229311,-0.061813,0.001351,0.001921
0,-0.013018,-0.135979,0.223208,-0.23209,0.212585,-0.210178,0.000227,0.002373
0,-0.042768,-0.08393,-0.050465,0.035061,-0.051148,0.070814,0.000746,0.001465
0,-0.05953,-0.095619,-0.027161,-0.035248,-0.019516,-0.035641,0.001039,0.001669
0,-0.192761,-0.187514,-0.135763,-0.115051,-0.151024,-0.104712,0.002253,0.002345
0,-0.107547,-0.01056,0.097862,0.196975,0.069722,0.182507,0.001877,0.000184
0,0.054438,-0.004425,0.138482,-0.000802,0.175344,-0.049879,0.00095,7.7e-05
0,-0.100408,0.085871,-0.131822,0.072949,-0.104932,0.104186,0.001752,0.001499
0,0.071532,0.154089,0.166966,0.078284,0.212227,0.10044,0.001248,0.002689
0,-0.117127,-0.054122,-0.194677,-0.201783,-0.211758,-0.152187,0.002044,0.000945
0,0.137532,0.040094,0.254609,0.073398,0.224736,0.077161,0.0024,0.0007
0,0.133729,0.178721,-0.02344,0.121383,-0.00927,0.097307,0.002334,0.002498
0,0.094252,-0.072088,-0.020315,-0.228222,-0.050622,-0.185439,0.001645,0.001258
0,-0.005018,-0.109467,-0.088093,-0.00826,-0.046908,0.000437,8.8e-05,0.001911
0,0.081586,0.003489,0.058238,0.123475,0.084154,0.141149,0.001424,6.1e-05
0,0.010701,-0.073518,-0.094546,-0.047765,-0.064805,-0.014458,0.000187,0.001283
0,0.041044,-0.117353,0.010974,-0.025968,0.045463,-0.029617,0.000716,0.002048
0,0.120995,0.100227,0.070207,0.225039,0.059417,0.248172,0.002112,0.001749
0,-0.129399,-0.147881,-0.248432,-0.227512,-0.217087,-0.261177,0.002258,0.002581
0,0.060521,-0.131742,0.211003,-0.003867,0.172797,-0.045076,0.001056,0.002299
0,0.001938,-0.100506,-0.083503,0.034052,-0.068487,0.04809,3.4e-05,0.001754
0,0.005415,0.025078,0.011966,0.129398,0.022676,0.156499,9.5e-05,0.000438
0,-0.066415,0.140111,-0.090343,0.123037,-0.139181,0.084558,0.001159,0.002445
0,0.001531,-0.103596,0.070662,-0.264302,0.11721,-0.217098,2.7e-05,0.001808
0,0.043447,-0.193326,0.056731,-0.086342,0.070407,-0.068559,0.000758,0.002243
0,-0.068571,-0.183191,-0.099434,0.008854,-0.12266,-0.013731,0.001197,0.00242
0,-0.00889,-0.198406,0.088109,-0.023199,0.12462,-0.011402,0.000155,0.002155
0,-0.180345,-0.129882,-0.145326,0.090745,-0.170124,0.091282,0.00247,0.002267
0,-0.102078,0.006614,0.107847,0.118844,0.106256,0.112986,0.001782,0.000115
0,0.082437,-0.082282,0.198429,-0.102929,0.229557,-0.068829,0.001439,0.001436
0,0.019525,0.102886,-0.060826,0.181095,-0.07123,0.15703,0.000341,0.001796
0,0.041248,0.007276,0.010276,-0.123009,0.041328,-0.161027,0.00072,0.000127
0,0.009531,0.075075,-0.025292,0.083177,0.012612,0.11792,0.000166,0.00131
0,0.108975,-0.062329,0.093671,-0.117124,0.131288,-0.149898,0.001902,0.001088
0,1.028977,-1.312731,0.935108,-1.24394,0.979963,-1.200945,0.001107,0.000441
0,2.818121,-2.339892,1.77467,-1.037705,1.747764,-1.023469,0.001372,0.001516
0,3.879821,-2.250835,1.036643,0.11649,1.081893,0.086742,0.000306,3.8e-05
0,3.715139,-1.77267,-0.164851,0.481332,-0.125447,0.453072,0.002569,0.002766
0,3.092704,-1.417982,-0.631701,0.332616,-0.627738,0.368433,0.002197,0.002278
0,2.831052,-1.090939,-0.237142,0.310911,-0.196973,0.299691,0.001146,0.002188
0,2.072649,-0.931276,-0.755107,0.130494,-0.768444,0.148567,0.002469,0.000599
0,1.067324,-0.54066,-0.984335,0.371383,-0.989094,0.359501,0.001776,0.001799
0,0.630928,-0.292413,-0.429504,0.259877,-0.468287,0.266338,0.000223,0.000514
0,0.154182,-0.314664,-0.469779,-0.031935,-0.442446,-0.045664,0.002691,0.000126
0,0.042735,-0.009761,-0.121789,0.292113,-0.109666,0.330372,0.000746,0.00017
0,0.080243,0.13236,0.030708,0.150632,0.044448,0.160934,0.001401,0.00231
0,-0.143118,-0.058765,-0.216123,-0.216151,-0.167623,-0.20595,0.002498,0.001026
0,-0.023609,0.210573,0.130514,0.262045,0.158504,0.289768,0.000412,0.001942
0,-0.183516,0.117555,-0.141752,-0.069167,-0.114495,-0.070517,0.002415,0.002052
0,-0.116171,-0.014012,0.071978,-0.140015,0.025567,-0.158799,0.002028,0.000245
0,-0.240024,0.16203,-0.13852,0.167877,-0.151683,0.207153,0.001428,0.00279
0,-0.095867,0.043153,0.139069,-0.106363,0.118199,-0.117622,0.001673,0.000753
0,-0.181494,0.095447,-0.103543,0.046673,-0.060645,0.067105,0.00245,0.001666
0,-0.254822,-0.026183,-0.092977,-0.114342,-0.09479,-0.129514,0.00117,0.000457
0,-0.244792,-0.036608,0.009445,-0.024459,0.02117,-0.068754,0.001345,0.000639
0,-0.178516,-0.060988,0.06808,-0.003796,0.05399,-0.047446,0.002502,0.001064
0,0.069156,0.085972,0.266267,0.128727,0.294508,0.106981,0.001207,0.0015
0,0.132049,0.052775,0.045775,-0.011309,0.089822,0.021226,0.002305,0.000921
0,0.05283,-0.022246,-0.051197,-0.099732,-0.064171,-0.113434,0.000922,0.000388
0,0.077954,0.075167,-0.00183,0.108216,-0.026191,0.080038,0.001361,0.001312
0,0.250187,0.092761,0.178556,0.027936,0.14963,0.056707,0.001251,0.001619
0,0.230258,-0.058095,-0.016242,-0.168575,-0.039644,-0.183156,0.001599,0.001014
0,-0.082368,-0.123607,-0.315451,-0.066046,-0.353132,-0.084033,0.001438,0.002157
0,-0.085961,-0.015215,0.012314,0.12123,-0.026465,0.16034,0.0015,0.000266
0,0.075278,0.120559,0.174444,0.156142,0.206601,0.113689,0.001314,0.002104
0,-0.017915,-0.148273,-0.071061,-0.29138,-0.030805,-0.262335,0.000313,0.002588
0,0.02679,0.05469,0.025368,0.218644,-0.004788,0.255954,0.000468,0.000955
0,0.068343,0.005554,0.066823,-0.065647,0.048465,-0.056089,0.001193,9.7e-05
0,-0.18679,0.048726,-0.279026,0.050686,-0.307542,0.058068,0.002357,0.00085
0,0.022647,0.094105,0.212961,0.016804,0.182952,0.056064,0.000395,0.001642
0,-0.025144,-0.061225,-0.023557,-0.174971,0.014553,-0.170498,0.000439,0.001069
0,0.0204,0.058474,0.029325,0.095302,0.014854,0.078092,0.000356,0.001021
0,-0.002533,-0.102848,-0.01223,-0.172831,-0.007156,-0.184786,4.4e-05,0.001795
0,-0.018149,0.045165,-0.017829,0.15995,-0.029144,0.14179,0.000317,0.000788
0,0.048098,0.004997,0.088676,-0.044426,0.113019,-0.005379,0.000839,8.7e-05
0,0.010249,0.105438,-0.027342,0.109518,0.021817,0.136103,0.000179,0.00184
0,0.094157,0.113314,0.075749,-0.007365,0.0409,0.024128,0.001643,0.001978
0,-0.065957,0.0811,-0.160439,-0.009262,-0.180281,-0.047529,0.001151,0.001415
0,0.115848,0.076003,0.198232,-0.012574,0.222559,0.026873,0.002022,0.001327
0,-0.20631,-0.124387,-0.306222,-0.221423,-0.337363,-0.216059,0.002017,0.002171
0,-0.004667,-0.152239,0.226529,-0.036239,0.196979,-0.083763,8.1e-05,0.002657
0,-0.053259,-0.114399,-0.044,0.032988,-0.036033,0.039695,0.00093,0.001997
0,-0.061485,0.041464,-0.025465,0.147195,-0.012448,0.184612,0.001073,0.000724
0,0.027014,-0.053744,0.079265,-0.106881,0.055904,-0.08703,0.000471,0.000938
0,-0.164269,0.167595,-0.186853,0.251254,-0.215521,0.277629,0.00275,0.002692
0,0.005828,0.184499,0.156548,-0.003539,0.110782,-0.000303,0.000102,0.002397
0,0.045058,0.001504,0.024875,-0.196596,0.072233,-0.171205,0.000786,2.6e-05
0,-0.163159,-0.042398,-0.202205,-0.060326,-0.160175,-0.037304,0.00277,0.00074
0,0.100817,0.046445,0.278994,0.111299,0.317047,0.073376,0.00176,0.000811
0,-0.072149,0.169352,-0.164142,0.151101,-0.136611,0.181829,0.001259,0.002662
0,0.033493,0.115798,0.117321,-0.038365,0.086224,-0.076877,0.000585,0.002021
0,-0.143736,0.211689,-0.156534,0.110301,-0.195827,0.132517,0.002509,0.001923
0,-0.097193,0.031454,0.053335,-0.182153,0.017336,-0.153829,0.001696,0.000549
0,-0.037199,0.198089,0.088413,0.195309,0.070428,0.163592,0.000649,0.00216
0,-0.094124,0.115642,-0.078672,-0.091476,-0.112089,-0.102835,0.001643,0.002018
0,0.095608,0.167441,0.184507,0.077354,0.194943,0.05663,0.001669,0.002695
0,-0.135174,0.174283,-0.248495,0.035923,-0.294644,0.042258,0.002359,0.002576
0,0.143986,0.189775,0.293496,0.006145,0.282598,0.033723,0.002513,0.002305
0,-0.024028,-0.024635,-0.141568,-0.233713,-0.190701,-0.241867,0.000419,0.00043
0,-0.185617,0.136248,-0.16416,0.168499,-0.187891,0.192519,0.002378,0.002378
0,-0.066125,0.13946,0.093455,-0.012275,0.136515,-0.031588,0.001154,0.002434
0,-0.106861,0.159645,-0.030241,0.001687,-0.00832,0.008885,0.001865,0.002786
0,-0.155863,-0.067553,-0.067651,-0.211806,-0.088867,-0.16515,0.00272,0.001179
0,-0.051847,0.100166,0.077756,0.143177,0.067943,0.118121,0.000905,0.001748
0,-0.121515,-0.022611,-0.078446,-0.100648,-0.124426,-0.081881,0.002121,0.000395
0,0.017106,0.135232,0.109495,0.143319,0.114357,0.186404,0.000299,0.00236
0,0.037607,0.070983,0.038542,-0.071569,0.059326,-0.096935,0.000656,0.001239
0,0.071788,0.13593,0.054107,0.049003,0.009105,0.017295,0.001253,0.002372
0,-0.045539,-0.109366,-0.118756,-0.239275,-0.083847,-0.26094,0.000795,0.001909
0,-0.132932,0.136207,-0.082826,0.228815,-0.113352,0.266033,0.00232,0.002377
0,0.103508,-0.101226,0.257063,-0.254395,0.232049,-0.266798,0.001807,0.001767
0,-0.096514,0.079301,-0.229775,0.166502,-0.212145,0.118071,0.001684,0.001384
0,0.078992,0.115036,0.204145,0.060352,0.192518,0.041217,0.001379,0.002008
0,-0.032366,-0.017282,-0.137244,-0.144334,-0.165205,-0.154094,0.000565,0.000302
0,0.125589,0.124683,0.171892,0.12255,0.129418,0.144974,0.002192,0.002176
0,-0.107773,0.165456,-0.241528,0.04217,-0.214678,0.058708,0.001881,0.00273
0,0.046191,-0.123217,0.152436,-0.276148,0.131948,-0.268112,0.000806,0.002151
0,-0.059075,0.069767,-0.098179,0.186219,-0.139853,0.159565,0.001031,0.001218
0,-0.089124,0.174064,-0.037998,0.119463,-0.011567,0.146427,0.001556,0.00258
0,-0.010599,0.120811,0.106972,-0.047922,0.072873,-0.015242,0.000185,0.002109
0,-0.104527,0.080829,-0.094088,-0.061205,-0.099032,-0.083262,0.001824,0.001411
0,-0.070952,0.065194,0.038318,-0.013643,0.025653,-0.013288,0.001238,0.001138
0,-0.125834,-0.019342,-0.038462,-0.092675,-0.045438,-0.136485,0.002196,0.000338
0,-0.016133,0.03897,0.090457,0.053,0.130179,0.020971,0.000282,0.00068
0,-0.013963,0.126465,-0.0121,0.067153,-0.01067,0.048852,0.000244,0.002207
0,-0.128477,-0.043373,-0.127069,-0.156036,-0.11453,-0.142219,0.002242,0.000757
0,-0.109094,0.049795,-0.008275,0.109759,0.012997,0.153702,0.001904,0.000869
0,0.061501,-0.123731,0.194039,-0.148492,0.212615,-0.136769,0.001073,0.00216
0,0.049351,-0.10846,0.00854,0.044218,-0.016263,0.087462,0.000861,0.001893
0,0.071376,0.076005,0.001694,0.174711,0.041173,0.152905,0.001246,0.001327
0,-0.124009,0.149046,-0.216122,0.061347,-0.200154,0.091488,0.002164,0.002601
0,-0.064887,0.008171,0.050449,-0.157714,0.067504,-0.185463,0.001132,0.000143
0,-0.163906,-0.005134,-0.128965,-0.01009,-0.105681,-0.053577,0.002757,9e-05
0,-0.141619,0.031399,-0.005212,0.047481,0.02677,0.03806,0.002472,0.000548
0,-0.179465,0.080103,-0.028118,0.030187,-0.038811,0.04533,0.002485,0.001398
0,-0.162258,0.018418,0.039606,-0.040065,-0.000181,-0.018859,0.002786,0.000321
0,0.087969,0.036293,0.223164,-0.010247,0.196553,0.036981,0.001535,0.000633
0,0.022822,0.007947,-0.091596,-0.022984,-0.073942,-0.05395,0.000398,0.000139
0,0.008848,0.003967,-0.020235,0.000633,0.024843,0.017004,0.000154,6.9e-05
0,0.149597,0.113028,0.145684,0.080495,0.096388,0.0639,0.002611,0.001973
0,-0.124164,0.022501,-0.294922,-0.076277,-0.272773,-0.04038,0.002167,0.000393
0,0.075169,0.043475,0.17632,0.000621,0.219675,-0.001899,0.001312,0.000759
0,-1.319423,-0.113219,-1.41573,-0.145954,-1.386792,-0.155552,0.000558,0.001976
0,-4.084596,-0.247673,-2.749006,-0.11269,-2.748371,-0.076645,0.001738,0.001295
0,-4.279197,-0.486266,-0.221474,-0.22399,-0.183466,-0.224424,0.001658,0.002748
0,-3.415185,-0.577048,0.843786,-0.087457,0.869222,-0.125357,0.002186,0.001164
0,-3.581842,-0.461998,-0.152118,0.08813,-0.167218,0.064346,0.000722,0.002446
0,-2.684103,-0.413806,0.873269,0.073824,0.827487,0.075245,0.001906,0.001605
0,-2.070881,-0.436599,0.610241,-0.000524,0.644244,0.037207,0.002439,0.002003
0,-1.429237,-0.359998,0.643439,0.104434,0.689897,0.088548,0.002475,0.000666
0,-0.818944,-0.327446,0.608413,0.010247,0.646545,0.040942,0.002559,9.8e-05
0,-0.304525,-0.17448,0.503295,0.125545,0.459669,0.130212,0.000303,0.002572
0,-0.010216,-0.107249,0.301725,0.073593,0.289022,0.050969,0.000178,0.001872
0,0.215696,-0.114787,0.253727,-0.020617,0.208959,0.022079,0.001853,0.002003
0,0.294824,-0.162217,0.061677,-0.019728,0.081864,-0.038793,0.000472,0.002786
0,0.27636,-0.203616,-0.044405,-0.0473,-0.034568,0.000488,0.000794,0.002064
0,0.384413,-0.137724,0.120881,0.059212,0.148523,0.016812,0.001092,0.002404
0,0.385458,0.118736,0.017688,0.251756,0.011195,0.265071,0.00111,0.002072
0,0.223675,0.007945,-0.145741,-0.13729,-0.16898,-0.091984,0.001714,0.000139
0,0.130156,0.023191,-0.084348,-0.011572,-0.048408,0.001952,0.002272,0.000405
0,-0.027218,-0.0479,-0.180981,-0.058279,-0.146224,-0.025795,0.000475,0.000836
0,0.114803,-0.040368,0.135488,0.0104,0.178263,-0.032733,0.002004,0.000705
0,-0.034788,0.16764,-0.165158,0.236461,-0.187783,0.270474,0.000607,0.002692
0,0.057791,0.137876,0.069294,-0.033892,0.108067,-0.062897,0.001009,0.002406
0,0.184565,0.037899,0.1035,-0.118223,0.122376,-0.138845,0.002396,0.000661
0,-0.033941,0.158475,-0.208378,0.099132,-0.168133,0.086694,0.000592,0.002766
0,0.046032,0.077491,0.109643,-0.052904,0.105677,-0.036733,0.000803,0.001352
0,-0.129562,0.171433,-0.184413,0.094286,-0.206986,0.068945,0.002261,0.002625
0,-0.127259,-0.092115,-0.02188,-0.252303,-0.061938,-0.236908,0.002221,0.001608
0,0.000683,-0.066976,0.116805,0.052814,0.161546,0.041789,1.2e-05,0.001169
0,-0.164847,-0.098245,-0.178726,-0.04781,-0.21468,-0.045839,0.00274,0.001715
0,-0.000872,-0.152448,0.176329,-0.047378,0.198255,-0.073475,1.5e-05,0.002661
0,0.036448,-0.071551,0.059299,0.069673,0.049835,0.074952,0.000636,0.001249
0,-0.059402,-0.137777,-0.091416,-0.053804,-0.049125,-0.068105,0.001037,0.002405
0,-0.115674,-0.055507,-0.043613,0.106774,-0.068046,0.063618,0.002019,0.000969
0,-0.1202,-0.200105,-0.019994,-0.163903,0.020645,-0.191999,0.002098,0.002125
0,0.032786,-0.011222,0.164417,0.185753,0.118021,0.168623,0.000572,0.000196
0,0.127966,-0.179306,0.090676,-0.189601,0.078035,-0.158918,0.002233,0.002488
0,-0.028499,-0.077054,-0.173777,0.099464,-0.143346,0.138787,0.000497,0.001345
0,-0.114858,-0.049027,-0.112343,0.031016,-0.158159,0.024295,0.002005,0.000856
0,-0.147529,-0.110818,-0.039078,-0.08017,-0.074166,-0.117698,0.002575,0.001934
0,-0.174508,0.012265,-0.006327,0.147438,-0.050631,0.115699,0.002572,0.000214
0,-0.143858,-0.11071,0.012066,-0.111035,-0.023233,-0.12515,0.002511,0.001932
0,-0.091102,-0.0744,0.050101,0.036845,0.028599,0.051925,0.00159,0.001299
0,-0.126746,-0.150436,-0.05984,-0.065998,-0.107226,-0.050532,0.002212,0.002626
0,-0.173947,-0.097914,-0.055761,0.028865,-0.100117,0.026114,0.002582,0.001709
0,-0.046086,0.028125,0.130534,0.152307,0.176486,0.18466,0.000804,0.000491
0,-0.090173,-0.132426,-0.05997,-0.148429,-0.076187,-0.155994,0.001574,0.002311
0,-0.006537,-0.198293,0.092147,-0.061559,0.11277,-0.06738,0.000114,0.002157
0,-0.189056,0.053492,-0.157402,0.264565,-0.200341,0.263134,0.002318,0.000934
0,-0.109971,-0.037663,0.101423,-0.078746,0.136101,-0.058832,0.001919,0.000657
0,-0.105961,-0.182019,0.026653,-0.157302,0.015967,-0.117847,0.001849,0.002441
0,-0.048456,0.031541,0.061166,0.216015,0.032072,0.199692,0.000846,0.00055
0,-0.120932,-0.068652,-0.060476,-0.091199,-0.037112,-0.112956,0.002111,0.001198
0,-0.169574,0.071601,-0.068699,0.115247,-0.050481,0.112853,0.002658,0.00125
0,0.124673,-0.191485,0.306053,-0.271709,0.323763,-0.282028,0.002176,0.002275
0,0.041621,-0.047193,-0.09991,0.120437,-0.075471,0.104739,0.000726,0.000824
0,0.127377,0.078007,0.091631,0.147515,0.106739,0.154567,0.002223,0.001361
0,0.204731,-0.083015,0.084561,-0.159703,0.074147,-0.134439,0.002044,0.001449
0,0.173771,0.11934,-0.026484,0.198836,-0.010799,0.157797,0.002585,0.002083
0,-0.050288,-0.036161,-0.236039,-0.167731,-0.25711,-0.143577,0.000878,0.000631
0,0.142562,0.1377,0.162954,0.149691,0.117927,0.185973,0.002488,0.002403
0,0.022166,-0.040349,-0.093989,-0.167948,-0.069826,-0.136333,0.000387,0.000704
0,0.048041,-0.03366,0.049605,0.022836,0.041202,-0.017375,0.000838,0.000587
0,-0.029295,0.068008,-0.054494,0.116426,-0.062177,0.094037,0.000511,0.001187
0,-0.046004,0.038019,-0.01024,-0.012246,0.026459,0.028461,0.000803,0.000664
0,-0.107823,-0.106714,-0.037216,-0.131556,-0.063589,-0.134968,0.001882,0.001863
0,0.071848,-0.154294,0.18696,-0.034532,0.225318,-0.011661,0.001254,0.002693
0,0.011974,-0.115647,-0.087703,0.056531,-0.110672,0.077229,0.000209,0.002018
0,-0.132019,-0.122127,-0.164637,-0.001974,-0.162722,-0.019588,0.002304,0.002132
0,0.136667,-0.07398,0.285353,0.018921,0.283333,-0.028696,0.002385,0.001291
0,0.13777,0.111467,0.030504,0.164921,0.057132,0.119694,0.002405,0.001945
0,-0.071381,0.120198,-0.224415,-0.003711,-0.230198,-0.021258,0.001246,0.002098
0,0.098752,-0.007737,0.17532,-0.107343,0.141913,-0.15486,0.001724,0.000135
0,-0.157169,-0.152643,-0.260702,-0.132946,-0.265931,-0.119481,0.002743,0.002664
0,0.139734,-0.029071,0.311651,0.098538,0.261956,0.140721,0.002439,0.000507
0,-0.12209,0.02796,-0.288259,0.074962,-0.262447,0.087598,0.002131,0.000488
0,-0.064219,0.041165,0.055269,0.037068,0.015205,-0.011633,0.001121,0.000718
0,0.21731,-0.177723,0.260953,-0.242787,0.283653,-0.240466,0.001825,0.002516
0,0.019444,-0.070058,-0.182411,0.08755,-0.184345,0.09551,0.000339,0.001223
0,0.070885,0.113805,0.037617,0.1971,0.032064,0.236213,0.001237,0.001986
0,0.04659,-0.062134,-0.001839,-0.190192,0.044979,-0.237205,0.000813,0.001084
0,0.248746,0.005192,0.175278,0.069273,0.202097,0.098091,0.001276,9.1e-05
0,0.093604,-0.161419,-0.157068,-0.14716,-0.154131,-0.119876,0.001634,0.0028
0,0.324661,-0.026092,0.236334,0.106319,0.256908,0.112909,4.9e-05,0.000455
0,0.06893,-0.038643,-0.272734,0.004576,-0.300377,-0.037163,0.001203,0.000674
0,0.333565,-0.054603,0.293256,-0.02147,0.312712,-0.000742,0.000204,0.000953
0,0.061094,0.052231,-0.266836,0.097158,-0.229365,0.143894,0.001066,0.000912
0,0.139082,0.013659,0.071084,-0.057268,0.111298,-0.088876,0.002427,0.000238
0,0.097779,-0.124481,-0.013876,-0.136055,-0.035988,-0.169778,0.001707,0.002173
0,0.085774,0.033968,0.017489,0.181823,0.000608,0.139832,0.001497,0.000593
0,-0.100903,0.108622,-0.213115,0.065081,-0.164433,0.112396,0.001761,0.001896
0,0.020334,0.075281,0.100174,-0.020545,0.107756,-0.068206,0.000355,0.001314
0,0.060028,0.016669,0.047852,-0.07839,0.080085,-0.127865,0.001048,0.000291
0,0.002736,-0.079866,-0.040442,-0.125495,-0.071573,-0.172505,4.8e-05,0.001394
0,0.113337,-0.015224,0.097718,0.065803,0.114717,0.079528,0.001978,0.000266
0,-0.175082,0.143615,-0.268131,0.158636,-0.316337,0.191094,0.002562,0.002507
0,0.042717,-0.034901,0.215048,-0.149791,0.189946,-0.156375,0.000746,0.000609
0,-0.117912,0.156969,-0.144819,0.176803,-0.145977,0.133354,0.002058,0.00274
0,0.05137,0.031618,0.190592,-0.135723,0.155164,-0.100182,0.000897,0.000552
0,-0.159373,0.060634,-0.221161,0.051098,-0.207636,0.055155,0.002782,0.001058
0,-0.559206,1.844067,-0.405659,1.795102,-0.424071,1.828819,0.001475,0.00152
0,-0.523222,2.672311,0.014618,0.825284,0.008565,0.811242,0.002103,0.001701
0,-0.505975,2.74136,0.009804,0.09128,0.026859,0.111835,0.002404,0.002712
0,-0.448537,2.433914,0.03592,-0.298279,0.030837,-0.312971,0.002211,0.00246
0,-0.337096,2.298162,0.124079,-0.144726,0.117621,-0.141695,0.000266,0.000788
0,-0.30083,1.895393,0.037727,-0.428473,0.01887,-0.451128,0.000367,0.000624
0,-0.159601,1.572295,0.124369,-0.31053,0.157341,-0.266672,0.002786,0.000646
0,-0.274625,0.931909,-0.145017,-0.643212,-0.142221,-0.614761,0.000824,0.000588
0,-0.234337,0.628269,0.026352,-0.312739,0.069045,-0.292785,0.001528,0.00027
0,0.053289,0.387743,0.295671,-0.24259,0.248242,-0.272992,0.00093,0.00115
0,0.06888,0.245589,0.005619,-0.17118,-0.005962,-0.2164,0.001202,0.001331
0,-0.045156,0.196699,-0.113369,-0.039493,-0.154026,-0.086547,0.000788,0.002184
0,-0.127687,-0.105875,-0.058622,-0.320682,-0.070493,-0.368231,0.002229,0.001848
0,-0.077433,-0.319415,0.051126,-0.235302,0.030551,-0.231035,0.001351,4.3e-05
0,-0.04803,-0.325908,0.058931,-0.018494,0.041031,0.024321,0.000838,7.1e-05
0,0.108382,-0.153402,0.181296,0.198377,0.150048,0.220525,0.001892,0.002677
0,0.072418,-0.245795,-0.040738,-0.100237,-0.005981,-0.075917,0.001264,0.001328
0,-0.003618,-0.201319,-0.105112,0.035951,-0.069249,0.085794,6.3e-05,0.002104
0,-0.06239,-0.04343,-0.056953,0.178661,-0.08901,0.220742,0.001089,0.000758
0,0.136045,-0.308051,0.196611,-0.267979,0.244793,-0.315992,0.002374,0.000241
0,-0.104747,-0.115582,-0.219386,0.18608,-0.190191,0.144291,0.001828,0.002017
0,0.094257,-0.098419,0.188169,0.033561,0.199639,-0.006011,0.001645,0.001718
0,-0.020596,-0.153861,-0.102728,-0.052423,-0.084769,-0.086867,0.000359,0.002685
0,0.000602,-0.206943,-0.000739,-0.030147,-0.05072,-0.018546,1.1e-05,0.002006
0,0.034511,-0.18455,0.049759,0.031639,0.077102,0.06267,0.000602,0.002396
0,0.025212,-0.074491,-0.018981,0.117932,-0.06366,0.115662,0.00044,0.0013
0,0.078659,-0.150638,0.037018,-0.095068,0.007674,-0.06987,0.001373,0.002629
0,0.12011,-0.145816,0.023418,0.004256,0.045109,-0.000102,0.002096,0.002545
0,0.207441,-0.092566,0.070057,0.03373,0.083561,0.02632,0.001997,0.001616
0,0.130196,-0.104687,-0.059935,-0.020734,-0.090048,0.005666,0.002272,0.001827
0,0.079086,0.014246,-0.056636,0.118856,-0.020406,0.137769,0.00138,0.000249
0,0.01072,0.016616,-0.060318,0.021374,-0.104792,0.063088,0.000187,0.00029
0,-1.626672,0.395257,-1.647463,0.386608,-1.597528,0.401401,0.000303,0.001281
0,-3.024797,0.988004,-1.405914,0.58496,-1.45365,0.587778,0.002235,0.000391
0,-5.353469,1.576076,-2.344993,0.578923,-2.366722,0.555282,0.002062,0.00058
0,-4.556442,2.108299,0.781654,0.546145,0.776953,0.528421,0.00088,0.002526
0,-3.830606,2.420208,0.707864,0.309829,0.698707,0.356505,0.000553,0.002699
0,-3.246611,2.124707,0.585495,-0.295847,0.554743,-0.256383,0.000489,0.002239
0,-3.24379,1.669684,-0.013425,-0.446418,-0.043495,-0.396604,0.00044,0.001054
0,-2.365371,1.49164,0.887166,-0.187365,0.887019,-0.164178,0.001961,0.002054
0,-1.607811,1.226771,0.760313,-0.24742,0.749675,-0.292076,2.6e-05,0.001059
0,-1.099036,0.601141,0.484458,-0.624785,0.489359,-0.607328,0.002329,0.000743
0,-0.482578,0.406653,0.638943,-0.19696,0.59062,-0.203095,0.002805,0.00148
0,-0.384415,0.238357,0.073744,-0.140337,0.084786,-0.131872,0.001092,0.001457
0,-0.14261,0.105677,0.268514,-0.144962,0.307051,-0.172003,0.002489,0.001844
0,-0.12753,-0.17498,-0.013432,-0.276812,-0.00735,-0.287265,0.002226,0.002564
0,0.161209,-0.144835,0.30716,0.040311,0.277969,0.027438,0.002804,0.002528
0,-0.048718,-0.213996,-0.215493,-0.04707,-0.234642,-0.049261,0.00085,0.001883
0,-0.021611,-0.103167,9e-05,0.094752,-0.010053,0.107557,0.000377,0.001801
0,0.021413,-0.080461,0.048065,0.010183,0.039009,0.040971,0.000374,0.001404
0,0.157371,-0.306236,0.110503,-0.211135,0.06434,-0.227687,0.002747,0.000273
0,0.204216,-0.101531,0.061355,0.227177,0.073538,0.25804,0.002053,0.001772
0,0.06415,-0.027594,-0.155781,0.087297,-0.195623,0.051159,0.00112,0.000482
0,0.152721,-0.066464,0.064981,-0.057121,0.0428,-0.020993,0.002665,0.00116
0,-0.102908,0.025565,-0.266011,0.09395,-0.262487,0.136381,0.001796,0.000446
0,0.076845,-0.232411,0.176122,-0.255562,0.133466,-0.240192,0.001341,0.001561
0,-0.953298,-1.088018,-1.05016,-0.856842,-1.044549,-0.869057,0.000214,0.002137
0,-1.335809,-1.722383,-0.382306,-0.606607,-0.341843,-0.632902,0.000844,0.001974
0,-2.203258,-2.087236,-0.845216,-0.360515,-0.853404,-0.381076,0.000868,0.002724
0,-2.220689,-2.283781,-0.04496,-0.170814,-0.036273,-0.179708,0.000564,0.000537
0,-1.833051,-2.213827,0.386422,0.046963,0.374856,0.045733,0.001712,0.000684
0,-1.10889,-1.839721,0.724244,0.348146,0.715101,0.30222,0.002501,0.001596
0,-1.054862,-1.030877,0.051413,0.790281,0.037997,0.814387,0.001558,0.00114
0,-0.612557,-0.985547,0.445416,0.053694,0.456308,0.101734,0.000544,0.000349
0,-0.391613,-0.507023,0.245231,0.473061,0.257924,0.434562,0.001217,0.002386
0,-0.211787,-0.347932,0.186605,0.16526,0.195283,0.129208,0.001921,0.000455
0,2.157008,-1.017166,2.35523,-0.685045,2.401117,-0.717839,0.001676,0.0009
0,3.363477,-1.298373,1.193296,-0.276783,1.241043,-0.269158,0.002529,0.000191
0,3.106263,-1.292953,-0.260738,-0.021712,-0.283199,-0.005598,0.001961,9.6e-05
0,3.019023,-1.274098,-0.081461,0.028667,-0.051602,0.053916,0.002134,0.000233
0,2.414269,-1.343737,-0.587169,-0.04552,-0.54161,-0.080741,0.002803,0.000983
0,1.89095,-1.084089,-0.551897,0.24651,-0.539306,0.212279,0.000702,0.002068
0,0.811976,-1.040558,-1.098205,0.05659,-1.056131,0.013225,0.002681,0.001309
0,0.642422,-0.900281,-0.193387,0.16744,-0.165482,0.169879,2.3e-05,0.00114
0,0.115476,-0.520714,-0.49927,0.361442,-0.520397,0.355694,0.002015,0.002147
0,-0.110875,-0.389515,-0.238063,0.150498,-0.287869,0.147394,0.001935,0.001181
0,-0.117164,-0.331241,-0.019206,0.078803,-0.027128,0.033044,0.002045,0.000164
0,-0.42158,-0.191251,-0.318897,0.136918,-0.335556,0.178055,0.00174,0.00228
0,-0.123194,-0.082012,0.298087,0.10828,0.326866,0.084249,0.00215,0.001431
0,-0.379663,0.151978,-0.267541,0.248145,-0.253313,0.296457,0.001009,0.002653
0,-0.237698,0.172514,0.151623,0.00542,0.18951,0.038245,0.001469,0.002607
0,-0.106452,0.072787,0.123713,-0.116642,0.156316,-0.068146,0.001858,0.00127
0,-0.112553,0.276518,0.011471,0.19852,-0.00305,0.158535,0.001964,0.000791
0,-0.122127,0.123918,0.008441,-0.142585,-0.013515,-0.149858,0.002132,0.002163
0,-0.012849,0.294987,0.112068,0.200867,0.139844,0.217057,0.000224,0.000469
0,-0.023,0.23291,-0.019844,-0.088838,-0.049395,-0.057859,0.000401,0.001552
0,-0.058165,0.054933,-0.022311,-0.191782,-0.035516,-0.22971,0.001015,0.000959
0,-0.238583,0.096054,-0.16698,0.06291,-0.196267,0.079287,0.001453,0.001676
0,-0.233454,0.331354,-0.022741,0.240009,0.020115,0.268031,0.001543,0.000166
0,-0.243181,0.097373,-0.013132,-0.249155,-0.029259,-0.249265,0.001373,0.001699
0,-0.033364,0.200009,0.194233,0.096873,0.172141,0.114093,0.000582,0.002127
0,-0.186763,0.073279,-0.1548,-0.118199,-0.155195,-0.080133,0.002358,0.001279
0,-0.107779,0.141117,0.053968,0.080635,0.08382,0.047891,0.001881,0.002463
0,-0.171678,0.018793,-0.080899,-0.103494,-0.127294,-0.108175,0.002621,0.000328
0,0.037913,0.097574,0.223114,0.049362,0.182056,0.08984,0.000662,0.001703
0,-0.179099,0.163139,-0.203535,0.054301,-0.185491,0.03745,0.002492,0.00277
0,-0.014036,0.190288,0.16976,0.035171,0.217899,0.002697,0.000245,0.002296
0,-0.107981,0.213651,-0.086755,0.02669,-0.053872,0.04002,0.001885,0.001889
0,-0.017275,0.130656,0.083744,-0.106952,0.117135,-0.127523,0.000302,0.00228
0,-0.038544,-0.019519,0.004568,-0.147862,0.02649,-0.1071,0.000673,0.000341
0,0.083552,0.071119,0.150077,0.110775,0.105367,0.152496,0.001458,0.001241
0,-0.025952,0.136737,-0.132804,0.041822,-0.164056,0.021669,0.000453,0.002387
0,0.050128,0.013949,0.106034,-0.11428,0.12795,-0.109964,0.000875,0.000243
0,0.092368,0.056467,0.051651,0.027222,0.028277,0.033669,0.001612,0.000986
0,-0.136792,0.117495,-0.235374,0.056909,-0.2553,0.020381,0.002387,0.002051
0,-0.116641,0.012411,-0.006751,-0.101271,-0.042993,-0.097194,0.002036,0.000217
0,0.071403,0.127123,0.179768,0.087051,0.204763,0.069971,0.001246,0.002219
0,-0.13326,0.171768,-0.209766,0.045637,-0.191248,0.054308,0.002326,0.00262
0,0.026625,0.086589,0.182328,-0.058117,0.152233,-0.058516,0.000465,0.001511
0,-0.076221,0.056326,-0.102581,-0.040138,-0.11485,-0.007133,0.00133,0.000983
0,-0.056368,0.113762,0.031584,0.063128,0.06568,0.028109,0.000984,0.001986
0,-0.109232,-0.013902,-0.073989,-0.143565,-0.064903,-0.163482,0.001906,0.000243
0,-0.035293,0.191824,0.049828,0.220763,0.034324,0.270317,0.000616,0.00227
0,-0.055344,0.061228,-0.024823,-0.157142,0.004367,-0.144269,0.000966,0.001069
0,-0.07282,-0.051588,0.002138,-0.134803,-0.020193,-0.165288,0.001271,0.0009
0,-0.023203,-0.063366,0.069456,0.001438,0.045613,0.023577,0.000405,0.001106
0,-0.165409,0.157903,-0.164558,0.208685,-0.202353,0.217629,0.002731,0.002756
0,-0.144954,-0.001602,0.042036,-0.165189,0.052036,-0.124568,0.00253,2.8e-05
0,-0.122927,0.087066,0.018678,0.105324,-0.018562,0.120557,0.002145,0.00152
0,-0.002153,0.093519,0.130083,-0.017717,0.08248,-0.027218,3.8e-05,0.001632
0,0.129001,-0.056767,0.143329,-0.133636,0.152404,-0.173524,0.002251,0.000991
0,0.037599,0.037565,-0.118336,0.082212,-0.089152,0.092894,0.000656,0.000656
0,0.183384,0.094567,0.158904,0.061178,0.181689,0.058699,0.002417,0.001651
0,0.151535,0.170805,-0.019427,0.104596,0.012641,0.145569,0.002645,0.002636
0,0.058601,0.051861,-0.098461,-0.095603,-0.117032,-0.087281,0.001023,0.000905
0,0.053004,-0.021772,-0.011246,-0.058108,-0.005888,-0.103355,0.000925,0.00038
0,0.189753,0.049928,0.156884,0.090109,0.193493,0.043241,0.002306,0.000871
0,-0.00762,0.064745,-0.206024,0.003441,-0.176713,0.007784,0.000133,0.00113
0,0.241941,0.085728,0.273795,0.006104,0.290987,-0.033415,0.001395,0.001496
0,-0.051419,0.047769,-0.280898,-0.021788,-0.327448,-0.028515,0.000897,0.000834
0,-0.050241,-0.035973,0.005018,-0.089172,0.021306,-0.12773,0.000877,0.000628
0,0.062768,-0.115122,0.13957,-0.059476,0.116304,-0.084278,0.001096,0.002009
0,-0.017,0.000893,-0.093624,0.123098,-0.067734,0.153267,0.000297,1.6e-05
0,-0.145744,0.119681,-0.112791,0.139461,-0.150295,0.131264,0.002544,0.002089
0,0.138838,-0.12196,0.276836,-0.214243,0.273595,-0.181981,0.002423,0.002129
0,-0.064373,0.00769,-0.213247,0.124175,-0.220569,0.101993,0.001124,0.000134
0,0.172503,0.140547,0.250761,0.128965,0.295217,0.131105,0.002607,0.002453
0,0.177069,0.02053,-0.023681,-0.098589,-0.009577,-0.107344,0.002527,0.000358
0,0.122903,0.168331,-0.061574,0.150739,-0.025372,0.180878,0.002145,0.00268
0,0.152963,0.041303,0.046127,-0.122836,0.04187,-0.134704,0.00267,0.000721
0,0.05835,0.053655,-0.07941,0.002884,-0.030576,-0.014022,0.001018,0.000936
0,0.03251,-0.11216,-0.032816,-0.160454,-0.011946,-0.200712,0.000567,0.001958
0,0.04267,0.108934,-0.011161,0.201089,-0.005943,0.247979,0.000745,0.001901
0,0.185838,0.007492,0.121351,-0.105221,0.110783,-0.121205,0.002374,0.000131
0,0.037578,0.093377,-0.177269,0.087466,-0.136987,0.070271,0.000656,0.00163
0,0.133857,-0.080869,0.109014,-0.173091,0.145556,-0.201451,0.002336,0.001411
0,0.025457,-0.00224,-0.116548,0.0793,-0.091902,0.117767,0.000444,3.9e-05
0,0.038149,-0.086858,0.023781,-0.096491,-0.003902,-0.059953,0.000666,0.001516
0,-0.015922,-0.049416,-0.070725,0.036956,-0.024924,0.016592,0.000278,0.000862
0,0.031752,-0.104659,0.051936,-0.045594,0.003506,-0.024138,0.000554,0.001827
0,0.262256,-0.005229,0.235832,0.125965,0.20081,0.125581,0.00104,9.1e-05
0,0.228566,-0.11985,-0.047077,-0.097192,-0.017782,-0.141857,0.001628,0.002092
0,0.239187,-0.042902,0.04016,0.103538,0.084084,0.083718,0.001443,0.000749
0,0.087583,0.004227,-0.138012,0.027973,-0.163718,0.05023,0.001529,7.4e-05
0,0.198396,-0.139816,0.093545,-0.169723,0.101595,-0.134535,0.002155,0.00244
0,0.243441,0.10091,0.07309,0.258531,0.031171,0.28144,0.001369,0.001761
0,0.140314,0.02637,-0.108668,-0.103792,-0.064977,-0.110963,0.002449,0.00046
0,0.14152,-0.123287,-0.025877,-0.163969,-0.045062,-0.166214,0.00247,0.002152
0,0.017093,-0.068961,-0.116353,0.034836,-0.103525,-0.011276,0.000298,0.001204
0,0.063648,-0.050948,0.016881,0.025234,0.015775,-0.005453,0.001111,0.000889
0,0.179691,-0.002655,0.13026,0.068865,0.161166,0.097037,0.002481,4.6e-05
0,-0.046111,-0.025841,-0.222169,-0.031919,-0.203282,0.002699,0.000805,0.000451
0,-0.028602,0.063418,-0.008533,0.096523,-0.011193,0.075344,0.000499,0.001107
0,0.091255,0.141057,0.107723,0.092185,0.119551,0.108592,0.001593,0.002462
0,0.029249,0.151347,-0.05136,-0.0152,-0.064365,-0.044771,0.00051,0.002642
0,-0.086184,-0.085197,-0.111982,-0.24491,-0.105631,-0.243971,0.001504,0.001487
0,0.111866,0.089408,0.208619,0.201889,0.251055,0.197354,0.001952,0.00156
0,0.140212,0.007065,0.02501,-0.054408,0.051623,-0.102403,0.002447,0.000123
0,-0.058002,-0.069031,-0.195612,-0.105516,-0.206253,-0.136071,0.001012,0.001205
0,-0.006303,0.082561,0.050549,0.173359,0.072608,0.145723,0.00011,0.001441
0,0.139082,0.020594,0.122977,-0.045382,0.086507,-0.046453,0.002427,0.000359
0,-0.001624,0.013455,-0.133108,-0.00307,-0.085908,0.022042,2.8e-05,0.000235
0,-0.109136,0.215831,-0.077648,0.218493,-0.101763,0.262862,0.001905,0.001851
0,-0.10394,0.238709,0.019506,0.004532,0.018632,0.032109,0.001814,0.001451
0,-0.117496,0.009837,0.002746,-0.254377,0.012083,-0.280799,0.002051,0.000172
0,0.150793,0.108667,0.245239,0.103253,0.279309,0.117955,0.002632,0.001897
0,0.076832,0.240137,-0.057277,0.13235,-0.05557,0.155896,0.001341,0.001426
0,0.147857,0.115416,0.06003,-0.122373,0.030533,-0.165549,0.002581,0.002014
0,0.038165,0.090041,-0.10979,-0.028126,-0.155436,-0.006663,0.000666,0.001572
0,0.061007,0.011739,0.015193,-0.06842,0.037922,-0.036758,0.001065,0.000205
0,-0.104032,0.12251,-0.181003,0.136249,-0.168803,0.099784,0.001816,0.002138
0,-0.123163,0.235463,-0.029032,0.120163,-0.057851,0.156603,0.00215,0.001508
0,0.14785,-0.073443,0.250077,-0.288037,0.271638,-0.247534,0.00258,0.001282
0,-0.10784,0.006602,-0.233735,0.066163,-0.237136,0.105076,0.001882,0.000115
0,0.14009,0.099812,0.221442,0.073451,0.251305,0.06677,0.002445,0.001742
0,-0.008951,0.160526,-0.143497,0.054489,-0.107101,0.052433,0.000156,0.002802
0,0.0912,-0.055392,0.1255,-0.187005,0.09362,-0.195236,0.001592,0.000967
0,0.010082,-0.022652,-0.100501,0.053371,-0.108276,0.029287,0.000176,0.000395
0,0.086166,-0.032314,0.093933,0.005683,0.120656,-0.028343,0.001504,0.000564
0,-0.049457,0.025252,-0.16358,0.039034,-0.147575,0.009244,0.000863,0.000441
0,-0.103513,0.094381,-0.041726,0.0972,-0.017633,0.057677,0.001807,0.001647
0,0.163555,0.032275,0.273788,-0.059591,0.301492,-0.045728,0.002763,0.000563
0,-0.01139,-0.049996,-0.16295,-0.108567,-0.177983,-0.090813,0.000199,0.000873
0,-0.096817,-0.106176,-0.086348,-0.027731,-0.067125,0.010052,0.00169,0.001853
0,-0.070323,0.17881,0.051878,0.26682,0.07795,0.235383,0.001227,0.002497
0,0.070485,-0.094985,0.139743,-0.283072,0.126321,-0.301363,0.00123,0.001658
0,0.006287,0.03993,-0.053735,0.164286,-0.046675,0.139239,0.00011,0.000697
0,0.189435,-0.0294,0.180242,-0.077654,0.191912,-0.082021,0.002311,0.000513
0,0.040026,-0.027402,-0.177292,0.015878,-0.22263,0.037842,0.000699,0.000478
0,0.052581,0.122695,-0.009128,0.162092,-0.047822,0.199434,0.000918,0.002141
0,-0.067772,0.169989,-0.13619,0.068177,-0.184264,0.044203,0.001183,0.002651
0,0.000673,0.011537,0.050958,-0.1388,0.083097,-0.163494,1.2e-05,0.000201
0,-0.098849,0.131307,-0.105245,0.106134,-0.063084,0.060176,0.001725,0.002292
0,-0.043532,0.068326,0.055258,-0.085804,0.093265,-0.057329,0.00076,0.001193
0,0.167637,-0.004644,0.23219,-0.060452,0.207533,-0.082184,0.002692,8.1e-05
0,-0.128092,0.158114,-0.300045,0.152891,-0.285014,0.130993,0.002236,0.00276
0,-0.066182,0.091241,0.040719,-0.056665,0.000436,-0.098731,0.001155,0.001592
0,-0.015549,-0.01852,0.070367,-0.106751,0.063373,-0.059663,0.000271,0.000323
0,-0.076505,0.178049,-0.066721,0.180968,-0.061706,0.135959,0.001335,0.00251
0,0.110825,-0.084077,0.203401,-0.265002,0.2176,-0.289373,0.001934,0.001467
0,0.039594,0.028853,-0.085957,0.139376,-0.111053,0.114477,0.000691,0.000504
0,0.128674,-0.077743,0.068465,-0.103169,0.079458,-0.121572,0.002246,0.001357
0,-0.091204,-0.078726,-0.211296,-0.010501,-0.210286,-0.016924,0.001592,0.001374
0,0.107274,0.017797,0.201774,0.084658,0.202459,0.105009,0.001872,0.000311
0,0.078761,-0.130207,-0.005575,-0.136296,-0.022955,-0.130264,0.001375,0.002273
0,-0.017114,0.002201,-0.115166,0.110216,-0.120097,0.116419,0.000299,3.8e-05
0,0.062301,-0.17126,0.093979,-0.153896,0.069523,-0.149696,0.001087,0.002628
0,0.082607,0.089671,0.047531,0.259263,0.07601,0.288465,0.001442,0.001565
0,-0.842877,0.599254,-0.941962,0.530468,-0.897881,0.498874,0.002142,0.000776
0,-0.609108,0.791156,0.248483,0.163464,0.218809,0.162656,0.000604,0.002573
0,-0.720172,0.602055,-0.135049,-0.184626,-0.153883,-0.150468,0.001334,0.000727
0,-0.886878,0.976763,-0.153467,0.400759,-0.174825,0.384606,0.001374,0.000195
0,-0.818447,0.822662,0.087838,-0.16447,0.087259,-0.154979,0.002568,0.002494
0,-0.575181,0.756692,0.228124,-0.081155,0.231676,-0.092038,0.001196,0.001972
0,-0.507313,0.591015,0.042648,-0.151541,0.055913,-0.116394,0.002381,0.00092
0,-0.32267,0.254399,0.158603,-0.315338,0.14974,-0.276388,1.4e-05,0.001177
0,-0.111465,0.196232,0.238694,-0.038955,0.277312,-0.006275,0.001945,0.002193
0,0.160983,0.235021,0.294755,0.067171,0.24793,0.113421,0.002808,0.001516
0,-0.03005,0.180784,-0.191143,-0.034227,-0.222576,-0.06007,0.000524,0.002462
0,0.117497,-0.123227,0.13094,-0.324329,0.139032,-0.334158,0.002051,0.002151
0,0.080901,-0.018448,-0.049514,0.13004,-0.090991,0.174288,0.001412,0.000322
0,-0.040865,-0.224913,-0.147678,-0.214731,-0.174729,-0.220165,0.000713,0.001692
0,0.070475,-0.255417,0.112875,-0.047143,0.129956,-0.087712,0.00123,0.00116
0,0.0615,-0.092085,-0.016832,0.170479,-0.027895,0.150759,0.001073,0.001607
0,-0.002427,0.050819,-0.059068,0.159083,-0.060442,0.195532,4.2e-05,0.000887
0,0.190109,-0.135253,0.175775,-0.215514,0.180338,-0.203663,0.002299,0.002361
0,-0.024133,0.083386,-0.220132,0.199054,-0.201685,0.241968,0.000421,0.001455
0,0.184653,-0.057929,0.221626,-0.144321,0.216629,-0.165846,0.002395,0.001011
0,0.079818,-0.113141,-0.07781,-0.026524,-0.089356,-0.000222,0.001393,0.001975
0,-0.077728,-0.036967,-0.18048,0.058146,-0.176187,0.04914,0.001357,0.000645
0,-0.020073,-0.180552,0.034271,-0.171292,0.043573,-0.209486,0.00035,0.002466
0,-0.17615,0.108842,-0.139046,0.301537,-0.186967,0.343749,0.002543,0.0019
0,0.092526,0.06081,0.268349,-0.072583,0.254575,-0.052042,0.001615,0.001061
0,0.062892,-0.017009,-0.02829,-0.059315,-0.078028,-0.040698,0.001098,0.000297
0,-0.037247,-0.095207,-0.106333,-0.100709,-0.13781,-0.096977,0.00065,0.001662
0,0.102072,-0.087949,0.1548,0.009015,0.163982,0.007631,0.001782,0.001535
0,-0.130238,0.156127,-0.259706,0.264487,-0.290813,0.24634,0.002273,0.002725
0,0.083942,0.039328,0.214851,-0.093728,0.264004,-0.116472,0.001465,0.000686
0,0.009106,0.082475,-0.063135,0.062687,-0.059216,0.01553,0.000159,0.001439
0,0.105155,-0.054226,0.121704,-0.14254,0.081145,-0.158991,0.001835,0.000946
0,-0.034166,0.07847,-0.120344,0.120899,-0.09375,0.167527,0.000596,0.00137
0,0.145604,-0.14263,0.168537,-0.206122,0.191928,-0.236365,0.002541,0.002489
0,0.029126,0.126201,-0.125132,0.243579,-0.164721,0.235362,0.000508,0.002203
0,0.047372,-0.030295,0.03757,-0.127966,-0.009412,-0.169249,0.000827,0.000529
0,0.217428,-0.035197,0.144146,0.011138,0.10503,0.038268,0.001823,0.000614
0,0.187151,-0.03087,-0.001202,0.008322,-0.008517,0.056106,0.002351,0.000539
0,0.062753,0.157861,-0.130688,0.182863,-0.144484,0.175904,0.001095,0.002755
0,0.120283,0.130736,0.061685,-0.016595,0.044198,0.004499,0.002099,0.002282
0,0.165847,0.080142,0.019226,-0.029047,0.025034,0.013917,0.002723,0.001399
0,0.107955,0.075598,-0.081746,0.021509,-0.085777,-0.0165,0.001884,0.001319
0,-0.055895,-0.161008,-0.180453,-0.22755,-0.218124,-0.26657,0.000976,0.002807
0,0.183719,0.016079,0.237868,0.166619,0.226442,0.156974,0.002411,0.000281
0,-0.071843,0.104255,-0.281131,0.077902,-0.323679,0.042831,0.001254,0.00182
0,-0.055206,0.001276,-0.0091,-0.073001,0.018774,-0.098065,0.000964,2.2e-05
0,0.084358,0.104583,0.111361,0.131155,0.075481,0.139572,0.001472,0.001825
0,0.133682,0.00346,0.077672,-0.117576,0.10996,-0.146975,0.002333,6e-05
0,0.042405,-0.015136,-0.080499,-0.046779,-0.04032,-0.001127,0.00074,0.000264
0,0.095237,0.146848,0.07748,0.191044,0.124107,0.181911,0.001662,0.002563
0,0.123304,-0.098011,0.045569,-0.260793,0.008636,-0.25249,0.002152,0.001711
0,-0.130298,0.070688,-0.234865,0.16198,-0.252756,0.129292,0.002274,0.001234
0,-0.00669,0.108381,0.13122,0.039747,0.168026,0.085507,0.000117,0.001892
0,-0.107205,-0.110956,-0.111993,-0.235608,-0.098212,-0.227568,0.001871,0.001937
0,-0.0048,0.015384,0.102088,0.133347,0.105765,0.149741,8.4e-05,0.000269
0,0.042715,-0.003854,0.022503,-0.003925,0.069632,0.00442,0.000746,6.7e-05
0,-0.409957,0.500135,-0.431975,0.486897,-0.421612,0.515814,0.001538,0.002506
0,-0.60167,1.182259,-0.205824,0.680826,-0.179293,0.697372,0.000734,0.001836
0,-0.37122,1.659071,0.239218,0.450816,0.207606,0.447443,0.000861,0.000869
0,-0.410757,2.183242,-0.066994,0.536901,-0.067366,0.572355,0.001552,0.001218
0,-0.48472,2.266105,-0.049868,0.061879,-0.050374,0.02275,0.002775,0.000228
0,-0.395627,1.623888,0.100346,-0.658634,0.133472,-0.686316,0.001287,0.000255
0,-0.139304,1.413066,0.26178,-0.201104,0.214058,-0.238115,0.002431,0.002193
0,-0.03836,1.124646,0.076983,-0.301352,0.094947,-0.306357,0.000669,0.002776
0,-0.251604,0.956895,-0.219317,-0.191061,-0.257721,-0.204979,0.001226,0.000152
0,-0.227418,0.662749,0.016386,-0.295223,0.062781,-0.312358,0.001648,0.000332
0,0.11031,0.252647,0.338151,-0.423959,0.289495,-0.418317,0.001925,0.001208
0,-0.106423,0.228348,-0.229825,-0.034074,-0.268081,-0.045678,0.001857,0.001632
0,0.026385,-0.039412,0.112665,-0.252456,0.076977,-0.251617,0.00046,0.000688
0,0.049811,-0.272404,0.029372,-0.216238,0.0589,-0.219206,0.000869,0.000863
0,-0.0169,-0.207701,-0.057729,0.043744,-0.042635,0.006401,0.000295,0.001992
0,0.067489,-0.157424,0.074014,0.041943,0.119427,0.071797,0.001178,0.002748
0,0.164554,-0.301353,0.080839,-0.154589,0.106618,-0.109523,0.002746,0.000358
0,0.054785,-0.161189,-0.11611,0.114237,-0.15872,0.070137,0.000956,0.002804
0,0.011652,-0.262168,-0.068545,-0.112354,-0.099793,-0.14793,0.000203,0.001042
0,-0.071046,0.007833,-0.079228,0.286902,-0.041353,0.248303,0.00124,0.000137
0,0.039683,-0.05549,0.118721,-0.070023,0.146704,-0.106535,0.000693,0.000968
0,0.082617,0.008813,0.016519,0.048239,0.023919,0.031887,0.001442,0.000154
0,0.147304,-0.132277,0.056314,-0.118095,0.047931,-0.162003,0.002571,0.002309
0,-0.01601,0.00885,-0.14872,0.134227,-0.141306,0.136421,0.000279,0.000154
0,-0.018076,0.003223,0.002581,-0.003342,-0.03616,0.044429,0.000315,5.6e-05
0,0.134527,0.084887,0.128237,0.07671,0.098299,0.087955,0.002348,0.001482
0,0.178227,0.073249,0.067215,-0.012341,0.084331,-0.019371,0.002507,0.001278
0,0.019124,-0.02244,-0.184318,-0.097076,-0.230767,-0.142064,0.000334,0.000392
0,0.164673,0.028286,0.165871,0.052951,0.211937,0.056412,0.002743,0.000494
0,0.255276,0.07631,0.105734,0.025561,0.138202,0.056541,0.001162,0.001332
0,0.116193,0.1677,-0.122217,0.075534,-0.124291,0.035761,0.002028,0.002691
0,0.18278,0.056203,0.039597,-0.091951,0.030749,-0.055561,0.002427,0.000981
0,0.177292,-0.098581,0.014682,-0.174854,0.001713,-0.219899,0.002523,0.001721
0,0.130541,-0.102254,-0.019835,0.026072,-0.009173,0.003831,0.002278,0.001785
0,0.021883,-0.00761,-0.089057,0.109916,-0.10197,0.117777,0.000382,0.000133
0,3.557897,-0.143357,3.512437,-0.139755,3.496888,-0.172521,0.000304,0.002502
0,3.933168,-0.160761,0.386101,0.010723,0.348926,-0.00784,0.001237,0.002806
0,4.099105,-0.143069,0.149056,0.009905,0.141907,0.051266,0.001485,0.002497
0,4.013384,-0.466765,-0.093465,-0.331695,-0.098718,-0.345353,0.002637,0.002529
0,3.254991,-0.314483,-0.753327,0.16461,-0.802983,0.197271,0.000635,0.000129
0,2.301904,-0.420934,-0.934351,-0.101827,-0.954588,-0.052285,0.000853,0.001729
0,1.608015,-0.372214,-0.694698,0.047863,-0.651569,0.060727,2.2e-05,0.000879
0,1.077803,-0.326476,-0.51172,0.037617,-0.489064,-0.011425,0.001959,8.1e-05
0,0.675166,-0.243473,-0.381521,0.083444,-0.342048,0.07501,0.000549,0.001368
0,0.308134,-0.16948,-0.386138,0.09318,-0.376444,0.130751,0.00024,0.00266
0,-0.180194,-0.041527,-0.475027,0.12598,-0.496329,0.168257,0.002473,0.000725
0,-0.203543,-0.138715,-0.025446,-0.10127,-0.026931,-0.062751,0.002065,0.002421
0,0.014629,0.129899,0.188983,0.247276,0.197267,0.270589,0.000255,0.002267
0,-0.075589,0.153642,-0.10672,0.023928,-0.1329,0.037054,0.001319,0.002682
0,-0.236942,0.056849,-0.163376,-0.071519,-0.144419,-0.039917,0.001482,0.000992
0,-0.096976,0.14875,0.114841,0.070297,0.156785,0.083975,0.001693,0.002596
0,0.023709,0.136649,0.139362,-0.009173,0.156136,-0.04754,0.000414,0.002385
0,-0.236027,0.006541,-0.269996,-0.11462,-0.275644,-0.145926,0.001498,0.000114
0,0.064637,0.02761,0.323615,0.050054,0.360389,0.072094,0.001128,0.000482
0,0.09261,0.063635,0.052726,0.057406,0.066326,0.057845,0.001616,0.001111
0,0.09746,-0.01075,0.027189,-0.087202,0.053841,-0.047965,0.001701,0.000188
0,-0.059353,-0.007295,-0.15829,-0.024612,-0.16541,-0.008472,0.001036,0.000127
0,0.05486,0.18947,0.102427,0.195957,0.082625,0.222118,0.000957,0.002311
0,0.079976,0.023821,0.035517,-0.19017,-0.010251,-0.213612,0.001396,0.000416
0,0.015584,0.013794,-0.080501,0.006363,-0.118443,-0.002952,0.000272,0.000241
0,0.033387,0.219106,0.007039,0.18957,0.046297,0.239557,0.000583,0.001793
0,-0.077662,0.226693,-0.107892,-0.00883,-0.148054,0.035426,0.001355,0.001661
0,-0.046969,0.141396,0.00241,-0.109073,0.048581,-0.108032,0.00082,0.002468
0,0.135278,0.200999,0.178103,0.071296,0.220799,0.061376,0.002361,0.002109
0,-0.058571,0.182237,-0.163951,-0.031466,-0.143522,-0.067918,0.001022,0.002437
0,-0.046518,0.183079,-0.017134,-0.029038,-0.040395,-0.064937,0.000812,0.002422
0,0.08517,0.224693,0.158058,0.058966,0.159004,0.076387,0.001486,0.001696
0,-0.017442,-0.050111,-0.084638,-0.282656,-0.042493,-0.2841,0.000304,0.000875
0,-0.055885,0.185547,-0.033661,0.229843,-0.015657,0.245942,0.000975,0.002379
0,-0.079854,-0.005364,-0.041881,-0.204071,-0.042328,-0.233387,0.001394,9.4e-05
0,0.004411,0.07468,0.086243,0.079879,0.043579,0.128154,7.7e-05,0.001303
0,0.031862,0.204588,0.050016,0.154943,0.026383,0.140164,0.000556,0.002047
0,-0.045333,0.208827,-0.09175,-0.00787,-0.080811,-0.043783,0.000791,0.001973
0,-0.240319,0.144049,-0.205102,-0.036138,-0.195478,-0.013828,0.001423,0.002514
0,-0.08845,0.039228,0.127623,-0.127228,0.153954,-0.134329,0.001544,0.000685
0,-0.076207,0.171551,0.020116,0.103826,0.021389,0.106541,0.00133,0.002623
0,-0.142843,0.108515,-0.076149,-0.087488,-0.026628,-0.078095,0.002493,0.001894
0,0.422431,1.5422,0.587904,1.423453,0.615804,1.409269,0.001755,0.001171
0,0.529997,2.150875,0.115038,0.613982,0.076405,0.578063,0.001985,0.001783
0,0.786097,1.569585,0.267386,-0.561879,0.265982,-0.534367,0.002485,0.000693
0,0.814851,1.243146,0.007549,-0.352841,-0.037352,-0.353669,0.002631,0.000773
0,0.704163,0.996816,-0.105746,-0.269476,-0.058249,-0.284546,0.001055,0.000545
0,0.862732,0.635317,0.182997,-0.368734,0.215629,-0.345,0.001795,0.000147
0,0.498016,0.376076,-0.363684,-0.283681,-0.379557,-0.312871,0.002543,0.000946
0,0.45832,0.190251,-0.05847,-0.181936,-0.083917,-0.206829,0.002382,0.002297
0,0.282323,0.216377,-0.148376,0.044692,-0.120117,0.063429,0.00069,0.002106
0,0.312866,0.128631,0.0248,-0.086126,0.045242,-0.100566,0.000157,0.002106
0,0.041517,-0.044505,-0.252679,-0.198084,-0.228519,-0.211044,0.000725,0.002106
0,-0.095404,0.050481,-0.152662,0.065414,-0.168411,0.070252,0.001665,0.002106
0,-0.056889,-0.074875,0.027791,-0.108693,0.049478,-0.094041,0.000993,0.002106
0,0.017146,0.092673,0.049292,0.183911,0.089674,0.210889,0.000299,0.002106
0,0.05046,-0.133795,0.029832,-0.19773,0.029047,-0.195897,0.000881,0.002335
0,0.003945,-0.192135,-0.061176,-0.042076,-0.03079,-0.015162,6.9e-05,0.002264
0,0.021621,-0.233483,0.039569,-0.019657,0.034355,0.010642,0.000377,0.001542
0,-0.025367,-0.181328,-0.019108,0.062064,-0.062358,0.01354,0.000443,0.002453
0,-0.058079,-0.024195,-0.020313,0.132403,0.025753,0.163189,0.001014,0.000422
0,-0.190042,0.102425,-0.103287,0.120003,-0.10417,0.137158,0.002301,0.001788
0,-0.094967,0.197582,0.094056,0.116042,0.088575,0.132431,0.001657,0.002169
0,-0.017746,0.155254,0.0959,-0.071369,0.10936,-0.08041,0.00031,0.00271
0,-0.025931,-0.013567,0.007907,-0.192087,-0.037209,-0.198724,0.000453,0.000237
0,-0.185878,-0.069204,-0.161665,-0.080425,-0.113993,-0.10044,0.002373,0.001208
0,0.101586,0.139051,0.283602,0.185521,0.240401,0.221133,0.001773,0.002427
0,0.124892,0.026171,-0.001162,-0.083516,-0.017481,-0.059532,0.00218,0.000457
0,-0.045945,-0.080415,-0.178777,-0.096297,-0.149748,-0.069251,0.000802,0.001404
0,-0.015104,0.132149,0.007979,0.18607,0.011853,0.214164,0.000264,0.002306
0,0.101753,0.044436,0.091261,-0.060229,0.049796,-0.015428,0.001776,0.000776
0,-0.003539,0.019696,-0.115361,-0.052343,-0.146563,-0.040614,6.2e-05,0.000344
0,0.056952,0.08693,0.052379,0.05786,0.092888,0.033606,0.000994,0.001517
0,-0.021307,0.011105,-0.099158,-0.077581,-0.116353,-0.113176,0.000372,0.000194
0,-0.070225,0.13594,-0.075075,0.143277,-0.122236,0.172957,0.001226,0.002373
0,0.065635,0.165277,0.142677,0.03804,0.180807,0.028827,0.001146,0.002733
0,-0.047077,0.056109,-0.120475,-0.127894,-0.095341,-0.123309,0.000822,0.000979
0,-0.140785,0.146954,-0.119983,0.097413,-0.127208,0.138702,0.002457,0.002565
0,0.029194,0.027078,0.162431,-0.11852,0.11724,-0.088816,0.00051,0.000473
0,-0.165977,0.037456,-0.166164,0.01276,-0.211571,-0.007976,0.002721,0.000654
0,-0.166059,0.022122,-0.018315,-0.038548,-0.028316,-0.03789,0.002719,0.000386
0,-0.126591,0.075894,0.026996,0.030482,0.057123,-0.010989,0.002209,0.001325
0,-0.099289,0.125079,0.037262,0.063216,0.003833,0.048705,0.001733,0.002183
0,-0.165998,-0.06159,-0.073478,-0.158556,-0.101237,-0.196855,0.00272,0.001075
0,-0.014767,-0.070964,0.178041,0.013431,0.163466,-0.014425,0.000258,0.001239
0,-0.160921,-0.008927,-0.166297,0.041445,-0.176168,0.09019,0.002809,0.000156
0,-0.103897,-0.026021,0.080696,-0.004977,0.041733,-0.042604,0.001813,0.000454
0,-0.048103,0.116104,0.042238,0.168247,0.045944,0.142985,0.00084,0.002026
0,-0.223438,0.167915,-0.174712,0.067426,-0.212185,0.105402,0.001718,0.002687
0,-0.154829,-0.075067,0.080775,-0.246418,0.052972,-0.215801,0.002702,0.002106
0,-0.074191,0.039421,0.093685,0.087183,0.115308,0.105305,0.001295,0.002106
0,-0.034878,-0.054024,0.044751,-0.106012,0.039173,-0.154897,0.000609,0.002106
0,-0.153531,0.101935,-0.136142,0.148017,-0.110147,0.169836,0.00268,0.002106
0,0.048646,-0.052526,0.176208,-0.183748,0.188645,-0.145496,0.000849,0.002106
0,-0.197033,-0.093303,-0.272976,-0.034903,-0.269018,0.000335,0.002179,0.002106
0,0.027217,0.132055,0.244033,0.197412,0.260846,0.211863,0.000475,0.002106
0,0.114761,0.140463,0.077027,0.02614,0.111499,0.049289,0.002003,0.002106
0,0.047901,-0.168228,-0.065546,-0.319751,-0.112893,-0.313181,0.000836,0.002681
0,-0.083134,0.087824,-0.111783,0.280877,-0.068935,0.270728,0.001451,0.001533
0,-0.12903,-0.091959,-0.067552,-0.154366,-0.081366,-0.166633,0.002252,0.001605
0,-0.110064,-0.116527,0.027059,-0.005336,0.057846,-0.009629,0.001921,0.002034
0,-0.100207,0.014523,0.028147,0.138905,0.029796,0.106355,0.001749,0.000253
0,0.017875,0.097251,0.102208,0.101696,0.130857,0.101931,0.000312,0.001697
0,-0.128184,0.113392,-0.162495,0.045978,-0.155457,0.038975,0.002237,0.001979
0,0.020046,-0.021296,0.137456,-0.129586,0.157766,-0.170684,0.00035,0.000372
0,-0.122622,-0.109678,-0.112947,-0.076801,-0.086178,-0.119162,0.00214,0.001914
0,0.061609,0.050043,0.180611,0.139269,0.161613,0.104389,0.001075,0.000873
0,-0.034308,0.054793,-0.075732,0.007741,-0.063111,-0.036631,0.000599,0.000956
0,-0.006436,-0.120641,0.055603,-0.149406,0.104701,-0.182528,0.000112,0.002106
0,0.001119,0.045248,0.014004,0.191924,0.01783,0.170978,2e-05,0.00079
0,-0.100189,0.009248,-0.12953,-0.06333,-0.081362,-0.067563,0.001749,0.000161
0,0.102946,0.12686,0.188486,0.115983,0.143058,0.130512,0.001797,0.002214
0,-0.046273,0.10883,-0.161115,-0.044453,-0.174921,0.004042,0.000808,0.001899
0,0.004275,0.095447,0.078004,0.013273,0.092408,-0.007377,7.5e-05,0.001666
0,-0.010559,0.113445,0.008853,0.046728,0.039553,0.003672,0.000184,0.00198
0,0.081764,0.047389,0.105661,-0.084166,0.113035,-0.133278,0.001427,0.000827
0,-0.063635,0.067795,-0.164777,0.037163,-0.209067,-0.00584,0.001111,0.001183
0,0.060528,0.045374,0.126682,-0.02275,0.136865,0.011531,0.001056,0.000792
0,0.069393,4e-05,0.019109,-0.039326,-0.015055,-0.011636,0.001211,1e-06
0,-0.135281,0.142704,-0.199051,0.137053,-0.247188,0.089035,0.002361,0.002491
0,0.080599,0.058203,0.227186,-0.06393,0.255519,-0.085231,0.001407,0.001016
0,-0.036241,-0.164634,-0.110053,-0.206095,-0.069191,-0.204082,0.000633,0.002744
0,-0.087747,-0.129005,-0.031034,0.040578,-0.008805,0.059328,0.001531,0.002252
0,0.010318,0.022939,0.105798,0.124288,0.132772,0.093715,0.00018,0.0004
0,0.005381,0.104826,0.024593,0.089098,-0.009995,0.087201,9.4e-05,0.00183
0,0.055487,-0.074386,0.029888,-0.152938,0.071015,-0.191894,0.000968,0.001298
0,-0.071631,0.104133,-0.146166,0.198295,-0.130779,0.152285,0.00125,0.001817
0,-0.102803,0.048557,-0.038797,-0.082135,-0.074654,-0.07932,0.001794,0.000847
0,-0.067649,0.043049,0.027643,0.020883,-0.017453,0.032424,0.001181,0.000751
0,0.042226,-0.044491,0.089577,-0.085921,0.116249,-0.119072,0.000737,0.000777
0,0.024652,0.127404,0.001228,0.153198,-0.014833,0.153307,0.00043,0.002224
0,0.085337,0.068624,0.081683,-0.044834,0.047023,-0.060865,0.001489,0.001198
0,-0.033799,0.075487,-0.110801,-0.010728,-0.132346,-0.04932,0.00059,0.001318
0,-0.105199,-0.032461,-0.086597,-0.094765,-0.118012,-0.131296,0.001836,0.000567
0,0.103258,0.047316,0.204215,0.051115,0.227671,0.096634,0.001802,0.000826
0,0.039209,0.12989,-0.043889,0.097328,-0.072627,0.145578,0.000684,0.002267
0,-0.053701,0.018257,-0.074185,-0.109964,-0.072876,-0.128382,0.000937,0.000319
0,-0.088282,-0.075269,-0.024821,-0.089684,-0.003679,-0.071665,0.001541,0.001314
0,-0.078352,-0.093638,-0.016079,0.004527,-0.016059,0.024817,0.001368,0.001634
0,-0.170295,0.0761,-0.089078,0.195018,-0.089681,0.240793,0.002645,0.001328
0,0.034029,-0.008104,0.211896,-0.055391,0.226162,-0.05672,0.000594,0.000141
0,0.03865,0.056838,-0.022584,0.062208,0.019004,0.096341,0.000675,0.000992
0,0.051859,0.077592,0.01134,-0.000135,-0.001201,0.043976,0.000905,0.001354
0,-0.082824,0.139159,-0.129092,0.080816,-0.084427,0.08016,0.001446,0.002429
0,0.15316,0.11433,0.213613,-0.052822,0.255084,-0.017953,0.002673,0.001995
0,-0.134046,0.141011,-0.304745,0.054788,-0.326449,0.01313,0.00234,0.002461
0,-0.000642,0.014323,0.133669,-0.151513,0.145888,-0.19987,1.1e-05,0.00025
0,0.114269,0.057404,0.108023,0.065609,0.117333,0.02994,0.001994,0.001002
0,0.14456,0.045326,0.040149,-0.014122,0.059065,-0.026501,0.002523,0.000791
0,0.152559,-0.046454,0.010795,-0.064621,-0.018005,-0.066443,0.002663,0.000811
0,0.081721,-0.063633,-0.043658,-0.028101,-0.023411,-0.077347,0.001426,0.001111
0,-0.108704,0.038474,-0.184287,0.100887,-0.222798,0.066876,0.001897,0.000672
0,-0.012965,-0.174178,0.099166,-0.212726,0.084521,-0.24711,0.000226,0.002578
0,-0.033451,-0.114552,-0.011358,0.029968,-0.054756,0.037165,0.000584,0.001999
0,-0.038063,-0.045643,0.011932,0.047063,-0.032696,0.018382,0.000664,0.000797
0,0.115212,-0.015519,0.163141,0.046723,0.201474,0.042087,0.002011,0.000271
0,0.124019,-0.061515,-0.010765,-0.039773,-0.056789,-0.065672,0.002165,0.001074
0,0.057821,-0.169565,-0.056247,-0.083361,-0.095646,-0.084218,0.001009,0.002658
0,-0.137396,-0.116576,-0.167819,0.066381,-0.199722,0.026697,0.002398,0.002035
0,-0.003447,0.043206,0.138803,0.162528,0.11087,0.179521,6e-05,0.000754
0,-0.087786,0.07394,-0.070917,0.041762,-0.077075,0.037813,0.001532,0.00129
0,0.022,-0.17588,0.08498,-0.227284,0.11649,-0.204612,0.000384,0.002548
0,-0.044896,-0.146498,-0.067619,0.01271,-0.10631,0.057371,0.000784,0.002557
0,0.016044,0.043973,0.038099,0.213122,0.038425,0.175813,0.00028,0.000767
0,-0.049841,-0.071054,-0.080619,-0.121059,-0.03101,-0.098336,0.00087,0.00124
0,0.067084,-0.055254,0.138562,-0.003927,0.135248,0.015088,0.001171,0.000964
0,-0.055121,0.07111,-0.125174,0.139089,-0.161619,0.173786,0.000962,0.001241
0,0.032122,-0.124552,0.110571,-0.210035,0.101075,-0.189084,0.000561,0.002174
0,0.002131,-0.028972,-0.049065,0.111248,-0.035585,0.076325,3.7e-05,0.000506
0,0.171186,0.035606,0.149324,0.073829,0.150456,0.107349,0.00263,0.000621
0,-0.071027,-0.030988,-0.259464,-0.069635,-0.261791,-0.026432,0.00124,0.000541
0,0.123348,-0.113154,0.172167,-0.068096,0.161599,-0.079971,0.002153,0.001975
0,-0.061735,0.041739,-0.214252,0.181034,-0.174898,0.16723,0.001077,0.000728
0,0.009426,-0.128961,0.055826,-0.165505,0.090093,-0.190032,0.000165,0.002251
0,-0.830981,0.057165,-0.855358,0.176749,-0.80625,0.132256,0.002349,0.000998
0,-2.498019,0.174715,-1.665615,0.106799,-1.628412,0.058692,0.001341,0.002568
0,-4.3584,0.058364,-1.871923,-0.12233,-1.868792,-0.104337,0.002577,0.001019
0,-4.524352,0.144585,-0.182626,0.099679,-0.200024,0.073223,0.00032,0.002523
0,-3.842876,0.214975,0.708045,0.05413,0.69381,0.075091,0.000339,0.001865
0,-3.399833,0.252241,0.427435,0.062425,0.387819,0.077799,0.002454,0.001215
0,-3.269564,0.235028,0.129182,-0.014223,0.112723,-0.031659,0.00089,0.001516
0,-2.063539,0.181535,1.229366,-0.058968,1.261416,-0.093442,0.002311,0.002449
0,-1.905958,0.226472,0.185213,0.069145,0.151347,0.073359,0.00044,0.002106
0,-1.191579,-0.074466,0.727123,-0.278265,0.725524,-0.32669,0.001673,0.002106
0,-0.951645,0.026732,0.251975,0.111927,0.281563,0.109113,0.000243,0.002106
0,-0.357946,0.113195,0.579449,0.113661,0.608895,0.151527,0.00063,0.002106
0,0.526275,-0.065471,0.891526,-0.204198,0.917202,-0.198041,0.00205,0.002106
0,0.514304,0.03976,0.012417,0.083767,0.004889,0.079698,0.002259,0.002106
0,0.503914,-0.058018,-0.03586,-0.105343,-0.035101,-0.078009,0.00244,0.002106
0,0.619437,-0.13379,0.13978,-0.04891,0.1397,-0.029005,0.000424,0.002335
0,0.293843,0.056907,-0.338333,0.210826,-0.319201,0.167293,0.000489,0.002106
0,0.179105,-0.045693,-0.130876,-0.081385,-0.081553,-0.039829,0.002492,0.002106
0,0.181386,-0.087097,-0.024457,-0.064221,0.019353,-0.031477,0.002452,0.002106
0,0.238348,-0.020106,0.052572,0.08535,0.091466,0.053088,0.001458,0.002106
0,0.007537,-0.007525,-0.203335,0.006227,-0.202362,-0.029916,0.000132,0.002106
0,0.036303,-0.122453,0.03879,-0.134639,0.069287,-0.182488,0.000634,0.002137
0,0.12889,-0.062571,0.091842,0.081174,0.089751,0.035929,0.00225,0.002106
0,0.070978,0.11945,-0.084428,0.159002,-0.125152,0.12593,0.001239,0.002106
0,0.046044,-0.089582,-0.006564,-0.229371,-0.000784,-0.252403,0.000804,0.002106
0,0.199255,-0.04617,0.171246,0.027522,0.208645,0.004078,0.00214,0.002106
0,0.056238,-0.009938,-0.152607,0.04411,-0.1842,0.0682,0.000982,0.002106
0,0.246405,0.128755,0.200073,0.116028,0.151254,0.092686,0.001317,0.002106
0,-0.067806,0.141979,-0.293537,0.027657,-0.275167,0.031506,0.001183,0.002106
0,0.174775,0.137297,0.224392,-0.009162,0.208422,0.01663,0.002567,0.002106
0,0.145147,-0.103689,-0.009854,-0.254411,0.037794,-0.270097,0.002533,0.002106
0,0.139719,-0.057908,-0.017993,0.034205,-0.020195,-0.010667,0.002439,0.002106
0,0.039951,-0.070455,-0.110968,0.002684,-0.090249,-0.024634,0.000697,0.002106
0,-0.035762,-0.141704,-0.046093,-0.073902,-0.055883,-0.071996,0.000624,0.002473
0,-0.093132,0.071159,-0.056954,0.237221,-0.097923,0.194787,0.001625,0.002106
0,0.078434,0.053111,0.187476,-0.02188,0.231655,-0.039663,0.001369,0.002106
0,-0.098456,0.158813,-0.160295,0.131162,-0.177017,0.097556,0.001718,0.002106
0,0.065835,-0.075754,0.134295,-0.221482,0.13131,-0.232767,0.001149,0.002106
0,-0.096345,-0.098388,-0.171342,-0.005923,-0.168521,-0.040631,0.001682,0.002106
0,-0.009579,-0.052598,0.113675,0.016971,0.135015,0.013214,0.000167,0.002106
0,0.045179,0.06435,0.025484,0.132999,0.016857,0.121457,0.000789,0.002106
0,0.046824,0.095101,-0.024219,0.05829,0.00527,0.077541,0.000817,0.002106
0,-0.032514,0.082953,-0.078582,0.012221,-0.064181,0.022397,0.000567,0.002106
0,0.167526,-0.147368,0.21233,-0.208413,0.166363,-0.244225,0.002694,0.002572
0,-0.132353,0.029593,-0.312636,0.192248,-0.296303,0.239498,0.00231,0.002106
0,0.095928,0.003601,0.223044,-0.015587,0.237997,-0.007199,0.001674,0.002106
0,-0.177434,-0.002746,-0.244418,-0.028332,-0.2559,-0.036406,0.002521,0.002106
0,-0.065827,0.109271,0.133522,0.082579,0.168382,0.034532,0.001149,0.002106
0,0.05811,-0.043358,0.118486,-0.132211,0.11519,-0.137171,0.001014,0.002106
0,-0.033039,-0.007714,-0.118622,0.064755,-0.123338,0.103801,0.000577,0.002106
0,0.116725,0.071251,0.178962,0.085653,0.184095,0.132025,0.002037,0.002106
0,0.093957,0.116609,-0.018538,0.018019,-0.052905,-0.021248,0.00164,0.002106
0,0.050458,-0.126208,-0.041812,-0.254194,-0.050849,-0.212344,0.000881,0.002203
0,-0.014681,-0.022954,-0.04542,0.118886,-0.009234,0.081664,0.000256,0.002106
0,-0.186365,0.119309,-0.190191,0.114606,-0.187099,0.147593,0.002365,0.002106
0,-0.286016,0.143755,-0.127642,0.043531,-0.093194,0.073547,0.000626,0.002106
0,-0.230673,0.126346,0.07493,-0.027956,0.108774,-0.024837,0.001592,0.002106
0,-0.24748,-0.074681,-0.019741,-0.191707,0.020127,-0.143727,0.001298,0.002106
0,-0.155275,-0.030415,0.104538,0.049715,0.082041,0.024451,0.00271,0.002106
0,-0.047902,-0.025294,0.086264,-0.00347,0.049954,0.042409,0.000836,0.002106
0,-0.013302,0.13365,0.011379,0.181494,0.061336,0.190094,0.000232,0.002106
0,-0.202231,0.016736,-0.181159,-0.134569,-0.230046,-0.136816,0.002088,0.002106
0,-0.136002,0.133233,0.036263,0.101756,0.017968,0.1014,0.002374,0.002106
0,-0.086833,0.018831,0.027402,-0.121598,-0.020716,-0.141401,0.001516,0.002106
0,-0.174356,0.183396,-0.114056,0.152179,-0.119259,0.105087,0.002574,0.002106
0,-0.056172,0.157237,0.121161,-0.040406,0.101378,-0.080641,0.00098,0.002106
0,-0.216089,-0.062341,-0.16198,-0.217462,-0.19246,-0.225876,0.001846,0.002106
0,-0.220617,0.044767,0.01447,0.086304,-0.00364,0.098931,0.001767,0.002106
0,-0.194369,0.025008,-0.002092,-0.046605,-0.041401,-0.020935,0.002225,0.002106
0,-0.078228,-0.00488,0.103852,-0.03086,0.128981,0.007166,0.001365,0.002106
0,-0.066588,-0.140196,0.015749,-0.142059,-0.026527,-0.146255,0.001162,0.002447
0,-0.113107,0.082626,-0.062215,0.195816,-0.015022,0.227364,0.001974,0.002106
0,-0.14384,0.079169,-0.008732,0.011945,-0.037041,0.008925,0.00251,0.002106
0,-0.119734,-0.01478,-0.001336,-0.111508,0.042556,-0.071245,0.00209,0.002106
0,-0.096429,-0.01728,0.040724,0.006952,0.023798,-0.013893,0.001683,0.002106
0,0.033838,0.016678,0.115884,0.025036,0.127903,-0.012939,0.000591,0.002106
0,0.001723,-0.11179,-0.041148,-0.146635,-0.090009,-0.101284,3e-05,0.002106
0,0.027496,0.148632,0.01494,0.255615,0.032661,0.211723,0.00048,0.002106
0,-0.140968,0.107767,-0.162442,-0.049779,-0.211052,-0.021478,0.00246,0.002106
0,0.038986,-0.127744,0.208371,-0.217683,0.178086,-0.213272,0.00068,0.00223
0,-0.07344,-0.017289,-0.118106,0.124692,-0.15099,0.084197,0.001282,0.002106
0,0.101921,0.143118,0.174974,0.154017,0.194751,0.152653,0.001779,0.002106
0,0.124568,-0.010322,0.012084,-0.181482,0.020507,-0.19358,0.002174,0.002106
0,0.124388,0.090117,-0.023578,0.102343,-0.055635,0.06073,0.002171,0.002106
0,0.068757,-0.175727,-0.077453,-0.240882,-0.032313,-0.279497,0.0012,0.00255
0,-0.131225,-0.167951,-0.181572,-0.014798,-0.208185,-0.037594,0.00229,0.002686
0,-0.027384,-0.112951,0.107696,0.083174,0.063984,0.063962,0.000478,0.001971
0,-0.081154,-0.198688,-0.047171,-0.114643,-0.063179,-0.132593,0.001416,0.00215
0,-0.03232,-0.201928,0.035629,0.000582,0.044325,0.021225,0.000564,0.002093
0,-0.102515,0.056574,-0.063496,0.232215,-0.053569,0.253087,0.001789,0.000987
0,-0.178942,-0.159504,-0.075433,-0.237338,-0.068375,-0.241354,0.002494,0.002784
0,-0.048107,0.058638,0.157745,0.213112,0.11186,0.258396,0.00084,0.001023
0,-0.128754,-0.040234,-0.093456,-0.095794,-0.081642,-0.138387,0.002247,0.000702
0,0.002096,-0.194941,0.10811,-0.162057,0.10501,-0.16513,3.7e-05,0.002215
0,-0.142536,-0.075043,-0.144032,0.127529,-0.094917,0.171654,0.002488,0.00131
0,-3.553674,-0.484451,-3.440262,-0.41654,-3.474545,-0.370992,0.000231,0.00278
0,-3.918707,-0.828623,-0.361611,-0.320576,-0.377572,-0.276095,0.000984,0.00239
0,-4.233865,-0.886272,-0.326357,-0.084769,-0.280039,-0.106446,0.000867,0.001384
0,-4.505132,-0.708922,-0.268795,0.183932,-0.314852,0.170681,1.6e-05,0.001138
0,-3.868466,-0.427786,0.607011,0.267728,0.654747,0.230176,0.000107,0.001849
0,-3.379745,-0.341331,0.513297,0.092216,0.487159,0.112939,0.002805,0.00034
0,-2.33954,-0.224353,1.028709,0.105488,0.992803,0.145235,0.00151,0.001702
0,-1.843392,-0.229281,0.506053,0.00249,0.519666,-0.034116,0.001532,0.001616
0,-1.36413,-0.150213,0.490312,0.063385,0.527318,0.014373,0.001339,0.002622
0,-0.434732,0.081904,0.939717,0.206224,0.941764,0.165233,0.00197,0.001429
0,-0.028017,0.108057,0.426305,0.009191,0.432365,-0.015209,0.000489,0.001886
0,0.494944,0.017033,0.51526,-0.066492,0.496652,-0.056167,0.002597,0.000297
0,0.231798,0.051357,-0.273989,0.063013,-0.2512,0.020253,0.001572,0.000896
0,0.356881,0.133233,0.141352,0.081173,0.143865,0.112081,0.000611,0.002325
0,0.455146,0.166872,0.11173,0.009674,0.105625,0.010733,0.002326,0.002705
0,0.431646,0.087027,-0.027423,-0.051551,0.005106,-0.004649,0.001916,0.001519
0,0.346155,0.174955,-0.097401,0.094559,-0.131728,0.103358,0.000424,0.002564
0,0.231456,0.004009,-0.143991,-0.178513,-0.162307,-0.140601,0.001578,7e-05
0,0.040161,-0.02509,-0.183606,-0.011022,-0.196585,0.013552,0.000701,0.000438
0,0.186665,0.016077,0.167039,0.036177,0.191808,0.076014,0.00236,0.000281
0,-0.065459,0.008625,-0.251603,-0.016322,-0.241251,-0.008527,0.001142,0.000151
0,-0.028746,-0.098843,0.036033,-0.104192,-3.7e-05,-0.069702,0.000502,0.001725
0,-0.0831,-0.119207,-0.048711,-0.019777,-0.055638,-0.038594,0.00145,0.002081
0,-0.274057,0.005953,-0.176538,0.144319,-0.188657,0.141877,0.000834,0.000104
0,-0.188225,-0.233178,0.062826,-0.267141,0.017464,-0.23699,0.002332,0.001548
0,0.003399,-0.075026,0.204894,0.129968,0.188506,0.086969,5.9e-05,0.001309
0,0.067931,-0.072385,0.092347,0.012346,0.048038,-0.000227,0.001186,0.001263
0,-0.034281,-0.148497,-0.095909,-0.103192,-0.057155,-0.146271,0.000598,0.002592
0,0.045007,0.045226,0.06831,0.219368,0.101989,0.239993,0.000786,0.000789
0,0.012129,0.070169,-0.003499,-0.004123,0.010536,-0.037725,0.000212,0.001225
0,0.042436,0.049192,0.048306,0.005273,0.027488,0.036713,0.000741,0.000859
0,-0.030277,0.090192,-0.071951,0.014284,-0.097746,0.006638,0.000528,0.001574
0,-0.063819,-0.015797,-0.019508,-0.131942,-0.031236,-0.114971,0.001114,0.000276
0,0.01027,0.058767,0.052014,0.057194,0.009523,0.062038,0.000179,0.001026
0,-0.099891,0.004153,-0.13093,-0.067433,-0.087772,-0.085528,0.001743,7.2e-05
0,-0.057273,-0.15762,0.053583,-0.188782,0.028202,-0.21772,0.001,0.002751
0,-0.031012,-0.15117,-0.001148,0.005031,0.017332,0.023452,0.000541,0.002638
0,-0.021875,-0.07214,0.031682,0.073552,0.023802,0.038657,0.000382,0.001259
0,-0.040291,0.037863,-0.025275,0.127852,0.005063,0.105448,0.000703,0.000661
0,-0.028748,-0.112907,-0.015216,-0.122771,0.02759,-0.172214,0.000502,0.001971
0,0.163067,0.00062,0.175541,0.11173,0.192822,0.068331,0.002771,1.1e-05
0,0.132405,-0.012431,-0.053647,0.005842,-0.028926,0.011133,0.002311,0.000217
0,0.074282,0.055744,-0.065765,0.044047,-0.080539,0.015226,0.001296,0.000973
0,3.378528,-0.181366,3.276196,-0.264674,3.297333,-0.256934,0.002791,0.002452
0,6.091284,-0.143072,2.690076,0.062466,2.697514,0.035436,0.00042,0.002497
0,5.975191,-0.016972,-0.127792,0.152182,-0.156604,0.165857,0.002446,0.000296
0,5.272243,-0.168344,-0.677874,-0.145783,-0.654596,-0.105258,0.002138,0.002679
0,4.30886,-0.13844,-0.977706,0.032918,-1.000096,0.027984,0.002176,0.002416
0,2.791198,-0.034965,-1.531265,0.097926,-1.498022,0.100292,0.001842,0.00061
0,1.566966,-0.022573,-1.245344,0.005973,-1.227438,0.016577,0.000739,0.000394
0,1.190421,-0.03073,-0.375556,-0.014354,-0.412165,0.011813,0.001693,0.000536
0,0.659603,-0.188775,-0.500897,-0.184474,-0.507911,-0.194623,0.000277,0.002323
0,0.370508,0.05967,-0.260775,0.276764,-0.268192,0.313237,0.000849,0.001041
0,0.233611,0.043463,-0.132674,-0.015079,-0.096458,-0.008033,0.00154,0.000759
0,-0.263568,-0.131767,-0.473829,-0.185417,-0.426194,-0.227674,0.001017,0.0023
0,-0.216534,0.003613,0.029681,0.127947,0.010375,0.116726,0.001838,6.3e-05
0,-0.520982,-0.007104,-0.303042,-0.032755,-0.338605,-0.079931,0.002142,0.000124
0,-0.376369,-0.055935,0.122906,-0.057009,0.091804,-0.099773,0.000951,0.000976
0,-0.518949,0.12222,-0.153511,0.170217,-0.116344,0.183842,0.002178,0.002133
0,-0.34874,-0.041574,0.16244,-0.188896,0.127166,-0.231816,0.000469,0.000726
0,-0.140392,-0.124646,0.236699,-0.100634,0.218827,-0.095213,0.00245,0.002175
0,-0.01817,-0.020104,0.150396,0.098899,0.132293,0.127712,0.000317,0.000351
0,-0.133246,0.151571,-0.132153,0.186212,-0.108986,0.183648,0.002326,0.002645
0,-0.16008,0.036755,-0.041561,-0.09895,-0.077864,-0.070896,0.002794,0.000641
0,0.080836,0.082348,0.218136,0.06035,0.248201,0.057986,0.001411,0.001437
0,-0.133818,0.143818,-0.236494,0.060306,-0.205392,0.025729,0.002336,0.00251
0,0.083294,-0.090105,0.224317,-0.221298,0.203878,-0.193061,0.001454,0.001573
0,0.059329,-0.076792,-0.03574,0.020673,-0.080394,-0.002731,0.001035,0.00134
0,0.042759,-0.036246,-0.029091,0.033562,-0.035671,0.066876,0.000746,0.000633
0,0.0248,0.04625,-0.038868,0.063624,-0.056869,0.099501,0.000433,0.000807
0,-0.116147,-0.001957,-0.168172,-0.064423,-0.14723,-0.031816,0.002027,3.4e-05
0,-0.150842,0.007525,-0.057288,0.002943,-0.020061,-0.043361,0.002633,0.000131
0,0.018139,0.083907,0.177792,0.054053,0.210145,0.031162,0.000317,0.001464
0,-0.059558,-0.106873,-0.101005,-0.202431,-0.055128,-0.212796,0.001039,0.001865
0,0.010639,-0.033617,0.055287,0.071438,0.060813,0.112216,0.000186,0.000587
0,0.011438,-0.169417,0.028348,-0.108346,0.032275,-0.124932,0.0002,0.002661
0,-0.083267,-0.050111,-0.104636,0.135445,-0.097617,0.108973,0.001453,0.000875
0,0.009554,-0.10088,0.116397,-0.080341,0.137984,-0.050451,0.000167,0.001761
0,-0.264261,-0.177365,-0.246079,-0.066869,-0.285081,-0.111967,0.001005,0.002522
0,-0.132501,-0.125802,0.155051,0.046087,0.142494,0.089724,0.002313,0.002196
0,-0.170447,-0.193571,-0.067751,-0.086837,-0.099242,-0.105271,0.002643,0.002239
0,-0.047701,-0.007304,0.102733,0.198387,0.09708,0.206114,0.000833,0.000127
0,-0.101262,0.051995,-0.054521,0.074703,-0.090348,0.058628,0.001767,0.000907
0,-0.026062,-0.012157,0.056175,-0.041328,0.060445,0.00432,0.000455,0.000212
0,-0.187416,-0.193388,-0.145933,-0.166333,-0.150903,-0.173187,0.002346,0.002242
0,-0.037984,-0.043163,0.140262,0.128405,0.189325,0.142692,0.000663,0.000753
0,-0.180609,-0.127824,-0.115086,-0.064681,-0.132027,-0.055036,0.002465,0.002231
0,-0.085728,-0.09372,0.066813,0.05195,0.063846,0.038805,0.001496,0.001636
0,-0.265552,-0.066188,-0.185748,0.036756,-0.225329,-0.007998,0.000983,0.001155
0,0.010424,-0.077603,0.267424,-0.03111,0.220549,-0.020703,0.000182,0.001354
0,0.043185,0.051066,0.046279,0.157896,0.032756,0.198638,0.000754,0.000891
0,-0.124257,-0.021403,-0.137965,-0.101935,-0.090465,-0.145621,0.002169,0.000374
0,-0.16559,-0.067339,-0.033722,-0.033587,-0.04693,0.014339,0.002727,0.001175
0,0.011599,0.025806,0.178099,0.09369,0.171363,0.083198,0.000202,0.00045
0,0.159276,-0.222299,0.153288,-0.260772,0.188243,-0.282725,0.00278,0.001738
0,0.023119,-0.095076,-0.131343,0.122577,-0.156661,0.11075,0.000403,0.001659
0,-0.087211,-0.212988,-0.102833,-0.096196,-0.132924,-0.099782,0.001522,0.0019
0,-0.081285,0.00648,-0.00098,0.193302,0.024515,0.228572,0.001419,0.000113
0,0.030317,-0.093825,0.141054,-0.077601,0.11023,-0.11664,0.000529,0.001638
0,0.04504,-0.23892,-0.009071,-0.154445,-0.053841,-0.153644,0.000786,0.001448
0,0.249088,-0.002147,0.220975,0.244411,0.180087,0.256821,0.00127,3.7e-05
0,0.195704,-0.257806,-0.024973,-0.248662,-0.057143,-0.279675,0.002202,0.001118
0,0.095387,-0.124855,-0.111811,0.105924,-0.095534,0.127032,0.001665,0.002179
0,-0.037258,-0.216676,-0.130208,-0.092906,-0.115498,-0.049378,0.00065,0.001836
0,-0.027006,-0.070901,0.004607,0.130089,0.003854,0.123765,0.000471,0.001237
0,0.184731,0.019789,0.194611,0.117392,0.219345,0.134281,0.002393,0.000345
0,0.02808,-0.228342,-0.170084,-0.259575,-0.180702,-0.258426,0.00049,0.001632
0,0.078866,0.006152,0.029218,0.22185,0.00349,0.252237,0.001376,0.000107
0,-0.048175,-0.159209,-0.126872,-0.164428,-0.108479,-0.196373,0.000841,0.002779
0,-0.076436,-0.024166,-0.053153,0.154218,-0.087893,0.191283,0.001334,0.000422
0,0.138592,-0.233735,0.244114,-0.182418,0.208222,-0.184621,0.002419,0.001538
0,0.15601,-0.257983,0.025869,-0.020124,0.013979,0.027351,0.002723,0.001115
0,-0.041176,-0.102668,-0.18783,0.17853,-0.188291,0.158439,0.000719,0.001792
0,0.221576,0.022201,0.245766,0.128195,0.236993,0.135607,0.00175,0.000387
0,-0.022456,-0.141021,-0.273759,-0.180104,-0.294834,-0.230085,0.000392,0.002461
0,0.179345,-0.020321,0.190472,0.121773,0.142127,0.104018,0.002487,0.000355
0,0.097522,-0.146108,-0.077379,-0.150292,-0.081423,-0.11953,0.001702,0.00255
0,0.248989,0.02393,0.178604,0.181571,0.182811,0.213332,0.001272,0.000418
0,0.146469,-0.145851,-0.104249,-0.146376,-0.125229,-0.185262,0.002556,0.002546
0,0.071976,-0.201437,-0.09415,-0.081202,-0.079021,-0.080589,0.001256,0.002102
0,0.266329,-0.112652,0.204329,0.096312,0.238313,0.101162,0.000969,0.001966
0,0.175113,0.067058,-0.093027,0.207636,-0.086637,0.162801,0.002561,0.00117
0,0.090349,-0.003412,-0.088369,-0.088067,-0.065586,-0.039734,0.001577,6e-05
0,0.031673,-0.022695,-0.083131,-0.005329,-0.057259,-0.048326,0.000553,0.000396
0,0.133259,0.0716,0.123627,0.119793,0.106585,0.098053,0.002326,0.00125
0,-0.056922,-0.140223,-0.187158,-0.226621,-0.18054,-0.26116,0.000993,0.002447
0,-0.071406,-0.154598,0.00702,-0.005451,0.041516,0.02476,0.001246,0.002698
0,0.184024,-0.152787,0.26987,-0.012586,0.273384,0.007048,0.002406,0.002667
0,0.026155,-0.09093,-0.163971,0.084771,-0.197274,0.076993,0.000456,0.001587
0,0.1055,0.065237,0.088342,0.133593,0.068286,0.110646,0.001841,0.001139
0,0.034171,-0.069384,-0.088841,-0.126977,-0.118255,-0.170575,0.000596,0.001211
0,0.092691,-0.181553,0.033292,-0.103662,0.051729,-0.09346,0.001618,0.002449
0,0.146676,-0.122434,0.07683,0.04775,0.122944,0.046612,0.00256,0.002137
0,0.164734,-0.187661,0.01089,-0.072627,0.044772,-0.099745,0.002742,0.002342
0,0.152044,-0.09572,0.014128,0.084877,0.034212,0.109229,0.002654,0.001671
0,0.068826,-0.077024,-0.080843,0.023618,-0.078938,-0.009045,0.001201,0.001344
0,0.162563,-0.176474,0.085762,-0.1005,0.1071,-0.134386,0.00278,0.002537
0,0.095248,-0.039598,-0.055239,0.113804,-0.088398,0.122633,0.001662,0.000691
0,0.088992,-0.166626,0.014488,-0.122498,0.016903,-0.111907,0.001553,0.002709
0,-0.019569,0.09875,-0.093926,0.254717,-0.056369,0.235259,0.000342,0.001724
0,0.131465,-0.038945,0.143109,-0.154872,0.126366,-0.112258,0.002294,0.00068
0,0.125829,0.134767,-0.003193,0.16981,0.044997,0.179003,0.002196,0.002352
0,-0.114999,0.109005,-0.245853,-0.023228,-0.285383,-0.042637,0.002007,0.001903
0,0.032287,-0.128195,0.139147,-0.260334,0.121223,-0.284247,0.000564,0.002237
0,0.108098,-0.089085,0.054221,0.06057,0.018302,0.037405,0.001887,0.001555
0,-0.016988,-0.028917,-0.124503,0.085924,-0.171585,0.13383,0.000296,0.000505
0,-0.051416,-0.138443,-0.021476,-0.136705,-0.022804,-0.149233,0.000897,0.002416
0,1.624338,-1.006488,1.660401,-0.848213,1.644487,-0.812681,0.000263,0.000714
0,4.090777,-1.364247,2.471483,-0.349279,2.4854,-0.377497,0.00163,0.001341
0,4.568278,-1.74124,0.471746,-0.402712,0.453668,-0.401364,0.001086,0.002303
0,3.890267,-1.301891,-0.695074,0.460763,-0.698303,0.447157,0.000488,0.000252
0,3.732794,-0.980245,-0.141213,0.32174,-0.127408,0.30033,0.002261,0.000256
0,3.236412,-0.846561,-0.483248,0.120423,-0.4665,0.120516,0.000311,0.002077
0,2.650277,-0.507728,-0.586421,0.319476,-0.602928,0.356883,0.001316,0.002373
0,2.055393,-0.557959,-0.603356,-0.035946,-0.554298,-0.012658,0.002168,0.001497
0,0.922509,-0.089968,-1.120763,0.470175,-1.131431,0.423374,0.000752,0.00157
0,0.428437,-0.000758,-0.513693,0.089795,-0.465665,0.049452,0.00186,1.3e-05
0,0.016449,-0.017134,-0.407668,-0.032446,-0.385898,-0.069507,0.000287,0.000299
0,-0.282633,0.017809,-0.277198,0.05491,-0.302315,0.020034,0.000685,0.000311
0,-0.228927,0.115167,0.041644,0.091134,0.041658,0.137861,0.001622,0.00201
0,-0.147341,-0.032152,0.064216,-0.131827,0.067788,-0.123613,0.002572,0.000561
0,-0.250813,-0.070384,-0.078505,-0.038171,-0.05018,-0.053801,0.00124,0.001228
0,-0.413615,-0.100491,-0.179392,-0.013935,-0.195609,0.012149,0.001601,0.001754
0,-0.159558,-0.053809,0.235938,0.04023,0.281798,0.007437,0.002785,0.000939
0,-0.186547,0.190443,-0.022242,0.266339,-0.038686,0.286399,0.002362,0.002294
0,-0.220104,0.160047,-0.035257,-0.032124,0.000943,-0.02747,0.001776,0.002793
0,-0.111565,0.110954,0.113479,-0.051583,0.159426,-0.01338,0.001947,0.001937
0,-0.334897,0.132555,-0.248621,0.014061,-0.292743,-0.022691,0.000228,0.002314
0,-0.036128,0.036823,0.281351,-0.069181,0.234021,-0.031988,0.000631,0.000643
0,-0.166529,-0.064623,-0.137399,-0.073707,-0.131948,-0.044786,0.002711,0.001128
0,-0.10352,0.070258,0.091675,0.127742,0.119156,0.12633,0.001807,0.001226
0,-0.097956,-0.091634,-0.009831,-0.133728,0.018092,-0.180671,0.00171,0.001599
0,-0.054432,-0.139918,0.020563,-0.040616,0.006645,-0.030656,0.00095,0.002442
0,-0.017351,-0.040279,0.056741,0.114037,0.069521,0.134814,0.000303,0.000703
0,0.037919,0.120939,0.037045,0.144783,0.040378,0.117858,0.000662,0.002111
0,0.129918,-0.147219,0.110009,-0.255433,0.089258,-0.289441,0.002267,0.002569
0,0.075212,0.028914,-0.043093,0.158913,-0.087799,0.169325,0.001313,0.000505
0,0.022646,-0.144881,-0.053787,-0.159652,-0.10013,-0.161247,0.000395,0.002529
0,0.105191,-0.093135,0.105762,0.022892,0.064156,-0.000839,0.001836,0.001626
0,-0.004661,0.017912,-0.129975,0.115698,-0.083511,0.158441,8.1e-05,0.000313
0,0.120981,-0.000684,0.097411,-0.008645,0.0932,-0.039462,0.002112,1.2e-05
0,0.004873,0.011642,-0.145268,0.018652,-0.154976,-0.024158,8.5e-05,0.000203
0,0.154533,-0.149462,0.13242,-0.180986,0.10761,-0.173255,0.002697,0.002609
0,-0.046957,0.074915,-0.181491,0.247724,-0.211734,0.288233,0.00082,0.001308
0,0.077465,0.019043,0.152961,-0.029967,0.199137,-0.079952,0.001352,0.000332
0,0.106202,-0.07789,0.030038,-0.083981,0.040562,-0.074388,0.001854,0.001359
0,0.223535,0.035223,0.119016,0.094381,0.069398,0.064708,0.001716,0.000615
0,0.104077,-0.024595,-0.119229,-0.069124,-0.106295,-0.023287,0.001816,0.000429
0,0.12077,0.062712,0.009266,0.05802,-0.03317,0.064663,0.002108,0.001095
0,-0.050205,-0.209807,-0.155937,-0.259244,-0.120657,-0.287752,0.000876,0.001956
0,0.171818,0.040481,0.248431,0.237768,0.213994,0.235256,0.002619,0.000707
0,-0.063973,0.048449,-0.259264,-0.012541,-0.276252,-0.019915,0.001117,0.000846
0,-0.075981,0.054066,-0.009334,-0.023346,0.002433,-0.022615,0.001326,0.000944
0,-0.021802,0.004568,0.049607,-0.044854,0.032357,-0.087879,0.000381,8e-05
0,0.101205,0.116113,0.114322,0.10155,0.110868,0.061116,0.001766,0.002027
0,-0.030027,0.012354,-0.151881,-0.100605,-0.161811,-0.069374,0.000524,0.000216
0,-0.025319,-0.15105,0.031878,-0.192756,0.037031,-0.22918,0.000442,0.002636
0,0.076753,0.056145,0.106022,0.195777,0.060491,0.162315,0.00134,0.00098
0,-0.02862,0.132204,-0.129686,0.095003,-0.086301,0.067735,0.0005,0.002307
0,0.068791,0.137805,0.089955,0.021989,0.056067,0.013548,0.001201,0.002405
0,0.105512,-0.027648,0.030983,-0.16459,0.061505,-0.188114,0.001842,0.000483
0,0.131714,-0.096164,0.002499,-0.042161,0.016076,-0.043867,0.002299,0.001678
0,0.096924,0.071786,-0.049584,0.154969,-0.020703,0.193624,0.001692,0.001253
0,-0.148699,0.009077,-0.223172,-0.086926,-0.181735,-0.123868,0.002595,0.000158
0,0.163723,-0.000543,0.341202,-0.032709,0.311782,-0.055582,0.00276,9e-06
0,-0.00942,-0.114707,-0.176925,-0.117407,-0.210976,-0.156565,0.000164,0.002002
0,0.001061,-0.160472,0.019058,-0.040001,-0.015508,-0.015702,1.9e-05,0.002801
0,0.028813,0.082589,0.051663,0.245493,0.020991,0.27279,0.000503,0.001441
0,-0.129961,-0.02052,-0.141374,-0.123445,-0.143739,-0.135291,0.002268,0.000358
0,-0.005515,0.08826,0.129426,0.110253,0.143775,0.062885,9.6e-05,0.00154
0,0.098615,0.073465,0.115115,-0.038047,0.146937,-0.066179,0.001721,0.001282
0,-0.020995,-0.008746,-0.147458,-0.103347,-0.187802,-0.142174,0.000366,0.000153
0,0.002997,0.141841,0.039286,0.151491,-0.002893,0.114597,5.2e-05,0.002476
0,-0.145223,0.037769,-0.168912,-0.080457,-0.211314,-0.053941,0.002535,0.000659
0,-0.101953,-0.025194,0.044644,-0.083426,0.030303,-0.066164,0.001779,0.00044
0,-0.184248,0.061686,-0.066753,0.097558,-0.097623,0.090303,0.002402,0.001077
0,-0.108012,0.083544,0.080449,0.016045,0.047063,0.049775,0.001885,0.001458
0,-1e-06,0.061691,0.122633,-0.012927,0.119926,-0.056506,0.0,0.001077
0,-0.206682,-0.094114,-0.192534,-0.127056,-0.224656,-0.166337,0.00201,0.001643
0,-0.058284,-0.117137,0.127467,0.005041,0.148009,0.022068,0.001017,0.002044
0,-0.204406,-0.058281,-0.140921,0.050728,-0.099632,0.091782,0.00205,0.001017
0,-0.159429,0.038011,0.046223,0.067822,0.050872,0.067694,0.002783,0.000663
0,-0.16016,0.119558,-0.0228,0.054148,-0.027823,0.032466,0.002795,0.002087
0,-0.085801,-0.061939,0.081049,-0.152043,0.064799,-0.178425,0.001498,0.001081
0,-0.073344,0.152163,0.020262,0.214173,0.026279,0.182717,0.00128,0.002656
0,0.004007,0.042522,0.097758,-0.126322,0.094706,-0.159976,7e-05,0.000742
0,0.064573,-0.054014,0.063502,-0.122208,0.092486,-0.087524,0.001127,0.000943
0,0.038128,0.192459,-0.056143,0.238583,-0.014945,0.247421,0.000665,0.002258
0,0.096299,-0.073812,0.031171,-0.236587,-0.012319,-0.257339,0.001681,0.001288
0,-0.078142,0.166941,-0.152361,0.26104,-0.123181,0.270159,0.001364,0.002704
0,-0.030907,0.042787,0.017641,-0.108268,-0.017876,-0.133044,0.000539,0.000747
0,-0.150183,-0.050189,-0.148328,-0.120809,-0.157266,-0.122505,0.002621,0.000876
0,-0.175991,0.161531,-0.017487,0.197251,-0.031616,0.214026,0.002546,0.002798
0,-0.129785,-0.078038,0.035691,-0.228563,-0.002428,-0.248351,0.002265,0.001362
0,0.100748,-0.088781,0.237847,-0.015334,0.25853,0.012707,0.001758,0.00155
0,0.010582,0.092524,-0.089617,0.206645,-0.061263,0.223749,0.000185,0.001615
0,-0.050856,0.027978,-0.061099,-0.035815,-0.091002,-0.017313,0.000888,0.000488
0,-0.01076,-0.101195,0.067893,-0.121624,0.075909,-0.081796,0.000188,0.001766
0,-0.014208,0.095968,-0.025875,0.170409,0.018686,0.216303,0.000248,0.001675
0,-0.218212,-0.101775,-0.196871,-0.22042,-0.225746,-0.24209,0.001809,0.001776
0,-0.175422,0.048268,0.06212,0.169243,0.096041,0.138382,0.002556,0.000842
0,-0.117378,0.034465,0.064929,-0.03764,0.082302,-0.078126,0.002049,0.000602
0,-0.187948,0.070554,-0.073888,0.014325,-0.119788,0.057197,0.002337,0.001231
0,-0.223016,0.010929,-0.009254,-0.050306,0.032458,-0.042644,0.001725,0.000191
0,-0.034187,0.096301,0.20195,0.085566,0.246447,0.051426,0.000597,0.001681
0,-0.136868,-0.154007,-0.108253,-0.258777,-0.145668,-0.218534,0.002389,0.002688
0,-0.185069,-0.145604,-0.07814,0.025135,-0.061166,0.037155,0.002387,0.002541
0,-0.061033,0.104811,0.094951,0.245549,0.083722,0.204936,0.001065,0.001829
0,0.008826,-0.102161,0.059091,-0.223665,0.072781,-0.179772,0.000154,0.001783
0,-0.217467,0.094439,-0.206573,0.182642,-0.206148,0.203977,0.001822,0.001648
0,-0.05238,-0.14353,0.191579,-0.245981,0.170193,-0.200932,0.000914,0.002505
0,-0.060183,0.019991,-0.016332,0.164373,-0.06359,0.168034,0.00105,0.000349
0,-0.180545,-0.089411,-0.110443,-0.094627,-0.101741,-0.13528,0.002466,0.001561
0,-0.04446,0.0794,0.164343,0.170434,0.188303,0.136805,0.000776,0.001386
0,-0.260433,0.088178,-0.211226,0.023674,-0.251914,0.036269,0.001072,0.001539
0,-0.04398,-0.002132,0.239187,-0.067446,0.213053,-0.031439,0.000768,3.7e-05
0,0.053366,0.075529,0.073422,0.058408,0.026175,0.049495,0.000931,0.001318
0,-0.114127,-0.120603,-0.148893,-0.191202,-0.193428,-0.23242,0.001992,0.002105
0,-0.28188,0.093602,-0.190501,0.20886,-0.179092,0.211928,0.000698,0.001634
0,-0.070154,0.007886,0.213543,-0.103662,0.200787,-0.099194,0.001224,0.000138
0,-0.18349,-0.117489,-0.105129,-0.128524,-0.11164,-0.134014,0.002415,0.002051
0,-0.19655,0.089419,-0.015654,0.223148,-0.02453,0.240012,0.002187,0.001561
0,-0.251239,0.139302,-0.038768,0.074391,-0.019327,0.120126,0.001233,0.002431
0,-0.058031,0.034029,0.192943,-0.102969,0.194653,-0.146945,0.001013,0.000594
0,-0.101595,0.12737,-0.024874,0.090441,0.0173,0.06926,0.001773,0.002223
0,1e-06,-0.044205,0.119431,-0.147699,0.097618,-0.181485,0.0,0.000772
0,-0.039666,-0.044749,-0.058996,0.024187,-0.039325,0.020493,0.000692,0.000781
0,-0.031877,0.036396,-0.00144,0.087827,0.017704,0.089024,0.000556,0.000635
0,-0.186756,0.002577,-0.163401,-0.006027,-0.139181,0.026473,0.002358,4.5e-05
0,-0.185754,-0.1606,-0.013091,-0.140385,0.009238,-0.1608,0.002375,0.002803
0,-0.086534,0.107122,0.107333,0.294734,0.145123,0.26046,0.00151,0.00187
0,-0.006718,-0.048277,0.106362,-0.141706,0.156063,-0.105436,0.000117,0.000843
0,-0.263759,-0.016313,-0.255195,0.006956,-0.267411,0.009144,0.001014,0.000285
0,-0.058851,0.046383,0.222357,0.057684,0.217381,0.063929,0.001027,0.00081
0,0.021073,0.119623,0.056799,0.044194,0.081615,0.078308,0.000368,0.002088
0,-0.113939,0.01009,-0.117382,-0.101526,-0.111177,-0.130807,0.001989,0.000176
0,-0.166035,0.042623,-0.054547,0.011944,-0.014286,-0.021226,0.00272,0.000744
0,0.044221,0.092153,0.231262,0.02037,0.242036,-0.007957,0.000772,0.001608
0,0.109935,0.121516,0.087977,0.020656,0.104718,0.014498,0.001919,0.002121
0,-0.023344,0.011514,-0.150039,-0.110804,-0.175704,-0.089698,0.000407,0.000201
0,0.09067,-0.064823,0.11633,-0.076278,0.068978,-0.029423,0.001582,0.001131
0,0.148086,-0.005491,0.083319,0.056471,0.092559,0.102221,0.002585,9.6e-05
0,0.031531,0.052014,-0.12753,0.060108,-0.084415,0.082183,0.00055,0.000908
0,0.14295,-0.177981,0.116476,-0.216294,0.110436,-0.217192,0.002495,0.002511
0,-0.017732,-0.012479,-0.186538,0.182871,-0.206488,0.204024,0.000309,0.000218
0,-0.001956,-0.174489,-0.00342,-0.142463,-0.044076,-0.111945,3.4e-05,0.002572
0,0.16336,0.046825,0.172196,0.215902,0.218734,0.253799,0.002766,0.000817
0,-0.069998,0.098892,-0.211052,0.08156,-0.23262,0.077626,0.001222,0.001726
0,0.020225,-0.027595,0.092748,-0.136379,0.061327,-0.089728,0.000353,0.000482
0,0.15452,-0.087123,0.107198,-0.053675,0.089446,-0.094763,0.002697,0.001521
0,0.199693,0.053545,0.065597,0.112308,0.033433,0.119582,0.002132,0.000935
0,0.133479,-0.134068,-0.059848,-0.18407,-0.059044,-0.174231,0.00233,0.00234
0,-0.027101,-0.141061,-0.151453,0.016283,-0.160249,0.018163,0.000473,0.002462
0,0.121075,-0.180921,0.135022,-0.048332,0.162467,-0.008152,0.002113,0.00246
0,0.082412,-0.049635,-0.056083,0.118902,-0.097153,0.074281,0.001438,0.000866
0,0.150223,0.059332,0.075283,0.129251,0.085349,0.079946,0.002622,0.001036
0,0.194842,-0.085161,0.045377,-0.136235,0.066508,-0.114822,0.002217,0.001486
0,0.019444,-0.178573,-0.172483,-0.070687,-0.180836,-0.086488,0.000339,0.002501
0,0.176191,-0.149068,0.165476,0.014536,0.138911,0.060193,0.002542,0.002602
0,0.215324,0.030206,0.023344,0.168482,0.006664,0.133745,0.001859,0.000527
0,0.112661,0.112039,-0.073345,0.054172,-0.105711,0.029617,0.001966,0.001955
0,-0.037966,0.158047,-0.122906,0.075023,-0.15479,0.059088,0.000663,0.002758
0,0.103085,0.131853,0.151473,-0.020788,0.163329,-0.062145,0.001799,0.002301
0,-0.017802,0.157206,-0.13781,0.05448,-0.170969,0.104286,0.000311,0.002744
0,-0.19254,-0.11015,-0.190185,-0.296618,-0.153262,-0.305752,0.002257,0.001922
0,-0.206809,0.030126,-0.011009,0.169335,-0.020346,0.17727,0.002008,0.000526
0,-0.203443,0.033241,0.026462,0.001206,0.051914,-0.019794,0.002067,0.00058
0,-0.026344,0.016181,0.176407,-0.03461,0.147846,-0.029494,0.00046,0.000282
0,-0.121294,0.168308,-0.097198,0.161719,-0.112752,0.176735,0.002117,0.00268
0,-0.134378,-0.008152,-0.011653,-0.187579,0.028888,-0.212652,0.002345,0.000142
0,-0.031357,0.041487,0.115567,0.02805,0.125471,-0.006712,0.000547,0.000724
0,-0.054363,-0.098796,-0.043776,-0.123565,-0.058869,-0.128337,0.000949,0.001724
0,0.02455,-0.086775,0.087054,0.036782,0.049251,0.03405,0.000428,0.001515
0,0.14054,0.126125,0.107837,0.186024,0.068699,0.232085,0.002453,0.002201
0,0.042378,0.063619,-0.089592,-0.077986,-0.056977,-0.075394,0.00074,0.00111
0,-0.111022,-0.093202,-0.148213,-0.17812,-0.173747,-0.200526,0.001938,0.001627
0,0.086407,-0.146816,0.179839,-0.070131,0.179671,-0.115745,0.001508,0.002562
0,0.143558,0.011617,0.039945,0.159765,0.069865,0.127297,0.002506,0.000203
0,0.172912,0.151831,0.041038,0.134241,0.021794,0.112417,0.0026,0.00265
0,0.071866,-0.037345,-0.10389,-0.178995,-0.059901,-0.219616,0.001254,0.000652
0,0.090858,0.065473,0.023118,0.101188,0.010645,0.054528,0.001586,0.001143
0,-0.087124,0.079228,-0.199449,0.007159,-0.248846,0.04791,0.001521,0.001383
0,-0.013318,-0.075751,0.085233,-0.149463,0.106777,-0.168717,0.000232,0.001322
0,0.143314,-0.097102,0.136477,-0.018236,0.144337,-0.059114,0.002501,0.001695
0,0.012608,-0.071021,-0.135121,0.005776,-0.11965,0.037218,0.00022,0.00124
0,0.03504,0.136878,0.018395,0.215282,-0.018224,0.182726,0.000612,0.002389
0,-0.154741,-0.021716,-0.215532,-0.139105,-0.245127,-0.124649,0.002701,0.000379
0,0.019392,0.196938,0.166508,0.237874,0.172968,0.287464,0.000338,0.00218
0,0.055536,0.118637,0.057434,-0.05125,0.093822,-0.095526,0.000969,0.002071
0,-0.034192,0.148283,-0.082771,0.027817,-0.084116,0.045576,0.000597,0.002588
0,-0.046528,-0.042708,0.003945,-0.196243,0.02295,-0.193974,0.000812,0.000745
0,0.029345,0.208891,0.06279,0.243397,0.102635,0.26611,0.000512,0.001972
0,-0.226607,0.099935,-0.27095,-0.133639,-0.318252,-0.147618,0.001662,0.001744
0,0.031798,0.252825,0.273215,0.139643,0.223455,0.10679,0.000555,0.001205
0,-0.177108,0.005012,-0.214611,-0.276273,-0.209391,-0.234224,0.002526,8.7e-05
0,-0.074646,0.233177,0.112799,0.244728,0.097501,0.23262,0.001303,0.001548
0,0.000488,0.074425,0.056938,-0.139552,0.03857,-0.138583,9e-06,0.001299
0,-0.017029,0.01346,0.003473,-0.047845,0.024652,-0.069964,0.000297,0.000235
0,-0.034049,0.156887,-0.030282,0.134568,-0.01153,0.154664,0.000594,0.002738
0,-0.118767,-0.012995,-0.104016,-0.163871,-0.139826,-0.195251,0.002073,0.000227
0,-0.04667,0.066674,0.085496,0.07727,0.120852,0.102117,0.000815,0.001164
0,-0.024695,-0.110216,0.015109,-0.17516,0.028337,-0.17307,0.000431,0.001924
0,0.082826,0.088616,0.077901,0.226933,0.066449,0.239034,0.001446,0.001547
0,0.132266,0.139786,0.045152,0.079587,0.084307,0.049087,0.002308,0.00244
0,0.054444,0.126752,-0.061219,-0.004697,-0.072488,-0.031505,0.00095,0.002212
0,0.182337,-0.012401,0.141782,-0.161136,0.165426,-0.201537,0.002435,0.000216
0,0.150644,0.052629,-0.012956,0.049855,0.031839,0.079593,0.002629,0.000919
0,0.162058,-0.005725,-0.006991,-0.067279,0.000178,-0.08021,0.002789,0.0001
0,0.066258,-0.084093,-0.104553,-0.059705,-0.095357,-0.034445,0.001156,0.001468
0,0.094161,1.427147,0.006324,1.523471,0.024399,1.557411,0.001643,0.002438
0,0.381857,2.484444,0.268417,1.08511,0.310021,1.045069,0.001047,0.001578
0,0.237014,2.535893,-0.130032,0.0813,-0.098918,0.032187,0.001481,0.00068
0,0.16351,2.229934,-0.055249,-0.285184,-0.005708,-0.256647,0.002764,0.000403
0,0.29616,1.615704,0.146848,-0.598083,0.15851,-0.561961,0.000449,0.000112
0,0.138642,1.38335,-0.181004,-0.233335,-0.229281,-0.249655,0.00242,0.001674
0,0.111575,1.074082,-0.031559,-0.286358,-0.019826,-0.293314,0.001947,0.001894
0,0.106108,0.703677,-0.025674,-0.350002,-0.055278,-0.398196,0.001852,0.001046
0,0.084496,0.358494,-0.039576,-0.353745,-0.087242,-0.403665,0.001475,0.000639
0,0.179898,0.130713,0.097659,-0.219724,0.056475,-0.236146,0.002478,0.002281
0,0.098728,-0.092661,-0.093205,-0.251179,-0.055496,-0.285131,0.001723,0.001617
0,0.13274,0.127455,0.02054,0.217399,-0.003344,0.219595,0.002317,0.002225
0,-0.014376,-0.108209,-0.157727,-0.240885,-0.204873,-0.264323,0.000251,0.001889
0,0.099257,-0.157032,0.107825,-0.070096,0.139428,-0.028054,0.001732,0.002741
0,0.130373,-0.217733,0.037706,-0.049753,0.057375,-0.033687,0.002275,0.001817
0,0.017757,-0.205201,-0.100847,-0.00986,-0.139688,0.01736,0.00031,0.002036
0,0.111049,0.029458,0.113917,0.218827,0.159114,0.207948,0.001938,0.000514
0,0.116833,0.062838,0.012573,0.012123,0.043367,-0.030383,0.002039,0.001097
0,-0.031472,0.057929,-0.126778,-0.022872,-0.096866,-0.004133,0.000549,0.001011
0,-0.067673,0.104443,-0.019276,0.057404,-0.041812,0.01904,0.001181,0.001823
0,0.104464,0.139427,0.190979,0.010524,0.181036,-0.025459,0.001823,0.002433
0,0.04123,0.064379,-0.092287,-0.056498,-0.051423,-0.008034,0.00072,0.001124
0,-0.056659,0.011515,-0.127679,-0.057676,-0.082445,-0.012255,0.000989,0.000201
0,-0.01873,0.154073,0.023227,0.154155,-0.00499,0.200043,0.000327,0.002689
0,0.007137,-0.099821,0.009696,-0.238484,0.017467,-0.238459,0.000125,0.001742
0,-0.060615,-0.013363,-0.057544,0.066201,-0.094071,0.089714,0.001058,0.000233
0,0.01866,0.024231,0.063383,0.017432,0.098035,0.048518,0.000326,0.000423
0,0.122329,0.057583,0.118733,0.01486,0.111637,0.038173,0.002135,0.001005
0,-0.021003,-0.020487,-0.158623,-0.08231,-0.17565,-0.10646,0.000367,0.000358
0,-0.004858,0.045185,0.038868,0.091833,0.019157,0.063506,8.5e-05,0.000789
0,1.480608,0.634284,1.490157,0.581837,1.472312,0.531963,0.002246,0.000165
0,2.811189,0.87747,1.311126,0.222121,1.298377,0.180951,0.001493,0.001538
0,3.575653,0.960389,0.774272,0.082996,0.731145,0.107756,0.000614,9.1e-05
0,3.137194,0.992029,-0.452965,0.061461,-0.46439,0.028134,0.001421,0.000462
0,2.729302,0.8766,-0.39386,-0.120155,-0.371854,-0.112872,0.002695,0.001553
0,2.422894,0.907432,-0.329776,0.005311,-0.283693,-0.035988,0.002653,0.001015
0,1.660245,0.465538,-0.778179,-0.447709,-0.750112,-0.455928,0.000889,0.002508
0,1.118809,0.379783,-0.55704,-0.079238,-0.523291,-0.126956,0.002674,0.001011
0,0.719514,0.277562,-0.419588,-0.108862,-0.450001,-0.073637,0.001323,0.002106
0,0.13384,0.178379,-0.586394,-0.071085,-0.578056,-0.027256,0.002336,0.002106
0,-0.080095,0.234904,-0.217552,0.038858,-0.169287,0.009384,0.001398,0.002106
0,-0.121511,0.007817,-0.024129,-0.217567,-0.030749,-0.231483,0.002121,0.002106
0,-0.230316,0.025103,-0.079172,0.03486,-0.115355,0.018845,0.001598,0.002106
0,-0.273832,-0.061185,-0.034884,-0.109976,-0.045062,-0.13511,0.000838,0.002106
0,-0.262411,0.081358,-0.004618,0.116403,0.007508,0.15029,0.001038,0.002106
0,-0.339024,0.123173,-0.068167,0.069763,-0.080811,0.032423,0.0003,0.002106
0,-0.272924,-0.124004,0.04835,-0.248843,0.009016,-0.286505,0.000854,0.002164
0,-0.277905,-0.103419,0.013082,0.023872,0.051464,0.065109,0.000767,0.002106
0,-0.07485,0.096955,0.204524,0.217459,0.179647,0.261768,0.001306,0.002106
0,-0.306477,0.097877,-0.222876,0.02049,-0.229312,0.013703,0.000268,0.002106
0,-0.098266,0.01236,0.193237,-0.07584,0.238462,-0.065642,0.001715,0.002106
0,-0.277135,-0.111873,-0.20874,-0.138748,-0.188235,-0.111525,0.000781,0.002106
0,-0.174905,-0.022187,0.132079,0.064166,0.117353,0.077112,0.002565,0.002106
0,-0.029118,-0.109562,0.119835,-0.059161,0.153457,-0.047322,0.000508,0.002106
0,-0.062385,-0.150869,-0.023717,-0.064433,0.008898,-0.036675,0.001089,0.002633
0,0.047235,-0.136747,0.108263,0.014891,0.145207,0.053347,0.000824,0.002387
0,-0.003732,-0.007973,-0.040216,0.104772,-0.062114,0.125774,6.5e-05,0.002106
0,-0.017707,0.003328,-0.02662,0.017628,-0.009902,0.049342,0.000309,0.002106
0,-0.016686,0.066497,0.020674,0.06415,0.062628,0.102201,0.000291,0.002106
0,-0.006158,-0.169993,-0.014013,-0.229956,-0.057712,-0.217727,0.000107,0.002651
0,-0.066951,0.096124,-0.081647,0.244982,-0.037206,0.271071,0.001169,0.001678
0,-0.004609,0.067727,0.078574,-0.039413,0.095693,-0.05691,8e-05,0.001182
0,0.000568,0.0812,0.029793,0.014547,-0.00535,-0.013658,1e-05,0.001417
0,0.092381,-0.140658,0.121796,-0.20749,0.098276,-0.235338,0.001612,0.002455
0,0.131478,-0.172428,0.037343,-0.033062,0.008917,-0.073355,0.002295,0.002608
0,0.104938,0.042325,-0.001638,0.201136,-0.000305,0.230062,0.001832,0.000739
0,0.097549,-0.065605,-0.031226,-0.09031,-0.024382,-0.096313,0.001703,0.001145
0,0.001222,-0.196312,-0.086247,-0.150278,-0.043452,-0.12575,2.1e-05,0.002191
0,0.112057,-0.136959,0.119701,0.078562,0.090318,0.099722,0.001956,0.00239
0,0.214484,-0.173708,0.081049,-0.054479,0.111224,-0.08771,0.001874,0.002586
0,-0.033941,-0.088171,-0.222159,0.088085,-0.209963,0.120188,0.000592,0.001539
0,0.006075,0.015554,0.030925,0.103533,0.033977,0.12203,0.000106,0.000271
0,0.18967,-0.043354,0.19848,-0.085863,0.203586,-0.099958,0.002307,0.000757
0,-0.081257,-0.081437,-0.274574,-0.037736,-0.3099,-0.080579,0.001418,0.001421
0,0.021813,-0.144743,0.107472,-0.060998,0.137183,-0.095771,0.000381,0.002526
0,-0.047419,-0.025982,-0.054903,0.139614,-0.094129,0.154656,0.000828,0.000453
0,-0.077678,-0.160519,-0.018571,-0.15618,-0.002736,-0.205447,0.001356,0.002802
0,0.050071,0.074408,0.156912,0.259614,0.160263,0.300334,0.000874,0.001299
0,0.046808,-0.032457,-0.006286,-0.121089,-0.020937,-0.121898,0.000817,0.000566
0,0.024155,-0.077688,-0.038799,-0.05111,-0.076796,-0.078015,0.000422,0.001356
0,0.065684,-0.096512,0.025679,-0.019896,0.065667,-0.05727,0.001146,0.001684
0,0.03728,-0.18049,-0.030778,-0.088617,-0.005993,-0.126563,0.000651,0.002467
0,0.034582,-0.017184,0.011363,0.152734,0.019006,0.143176,0.000604,0.0003
0,0.095107,-0.113377,0.068229,-0.116199,0.091473,-0.141096,0.00166,0.001979
0,0.073595,-0.172479,-0.038162,-0.074589,-0.034199,-0.111669,0.001284,0.002607
0,-0.117493,-0.155548,-0.172915,0.007936,-0.213824,0.047473,0.002051,0.002715
0,0.030664,-0.14476,0.145903,0.016094,0.172393,-0.004506,0.000535,0.002527
0,-0.036378,-0.060208,-0.077174,0.092277,-0.085366,0.138232,0.000635,0.001051
0,0.025324,0.077779,0.034601,0.142624,0.074905,0.132865,0.000442,0.001358
0,-0.026649,-0.04095,-0.051478,-0.135294,-0.022916,-0.095048,0.000465,0.000715
0,-0.09092,-0.121655,-0.062779,-0.084282,-0.056497,-0.128083,0.001587,0.002123
0,-0.061886,0.08372,0.058622,0.177196,0.066399,0.13963,0.00108,0.001461
0,0.07059,-0.033417,0.103003,-0.097121,0.090574,-0.088306,0.001232,0.000583
0,0.094525,0.032167,0.023737,0.085086,-0.002246,0.072828,0.00165,0.000561
0,-0.068924,0.083585,-0.149904,0.072938,-0.147081,0.102151,0.001203,0.001459
0,-0.004278,0.01894,0.088932,-0.050102,0.099551,-0.092293,7.5e-05,0.000331
0,-0.023367,-0.047274,-0.031235,-0.065503,-0.022408,-0.07803,0.000408,0.000825
0,0.079346,-0.144071,0.102492,-0.11045,0.090996,-0.150197,0.001385,0.002515
0,0.084817,-0.145173,0.022558,0.022647,0.001881,-0.020332,0.00148,0.002534
0,0.074526,-0.146735,-0.009145,-0.004176,-0.028248,0.035466,0.001301,0.002561
0,0.137674,-0.077017,0.063194,0.079084,0.08061,0.058431,0.002403,0.001344
0,0.032181,0.046855,-0.130541,0.119877,-0.122502,0.148428,0.000562,0.000818
0,0.06014,0.04207,0.054451,-0.004891,0.066079,-0.027791,0.00105,0.000734
0,0.131062,-0.00126,0.086025,-0.027578,0.116695,-0.065805,0.002287,2.2e-05
0,0.13577,-0.13121,-0.013556,-0.158416,-0.01045,-0.191265,0.00237,0.00229
0,0.207755,-0.172856,0.094176,-0.070018,0.051756,-0.100715,0.001992,0.002601
0,0.058405,0.111444,-0.16739,0.288459,-0.132352,0.27176,0.001019,0.001945
0,0.138063,-0.019667,0.097989,-0.111392,0.087716,-0.152997,0.00241,0.000343
0,-0.016208,-0.160028,-0.160551,-0.123602,-0.192757,-0.080281,0.000283,0.002793
0,0.188366,-0.156641,0.22304,0.00774,0.203402,0.051721,0.00233,0.002734
0,-0.106984,0.063686,-0.312435,0.220795,-0.294034,0.226182,0.001867,0.001112
0,-0.156196,0.020807,-0.064314,-0.071817,-0.022872,-0.120533,0.002726,0.000363
0,0.077558,-0.01799,0.241401,-0.045784,0.264647,-0.092242,0.001354,0.000314
0,0.116471,-0.032484,0.018191,-0.00455,0.00938,0.003318,0.002033,0.000567
0,-0.021867,-0.159417,-0.164688,-0.143361,-0.195933,-0.184798,0.000382,0.002782
0,0.061465,0.095427,0.07778,0.234826,0.111605,0.205245,0.001073,0.001666
0,0.048016,-0.150639,-0.003798,-0.244306,0.013116,-0.262872,0.000838,0.002629
0,0.031427,0.081717,-0.00219,0.212182,-0.035105,0.225795,0.000549,0.001426
0,0.007587,-0.079534,0.000754,-0.182866,-0.023132,-0.203467,0.000132,0.001388
0,0.123442,0.051928,0.14066,0.120537,0.14778,0.138502,0.002154,0.000906
0,0.058891,-0.066824,-0.05069,-0.129931,-0.003122,-0.098042,0.001028,0.001166
0,0.128939,-0.059519,0.061451,0.008695,0.110512,0.018324,0.00225,0.001039
0,0.14635,0.078104,0.003469,0.139898,0.046841,0.169689,0.002554,0.001363
0,-0.044744,-0.077159,-0.199431,-0.137151,-0.226074,-0.127363,0.000781,0.001347
0,0.137634,0.039864,0.186742,0.128649,0.16062,0.113858,0.002402,0.000696
0,0.211031,-0.068318,0.066223,-0.07888,0.032888,-0.120383,0.001934,0.001192
0,0.001979,0.133199,-0.229939,0.227486,-0.213946,0.263972,3.5e-05,0.002325
0,0.143883,-0.092835,0.15132,-0.196631,0.138085,-0.197757,0.002511,0.00162
0,-0.018495,-0.138074,-0.157654,-0.065416,-0.206975,-0.066408,0.000323,0.00241
0,0.015465,-0.001262,0.043471,0.166725,0.082939,0.126133,0.00027,2.2e-05
0,0.042903,0.009993,-0.001134,0.029524,-0.035006,0.003339,0.000749,0.000174
0,0.151018,0.028631,0.092976,0.041072,0.13764,0.036879,0.002636,0.0005
0,0.012503,-0.039015,-0.132707,-0.074547,-0.094022,-0.087932,0.000218,0.000681
0,-0.030434,0.033761,-0.037241,0.088552,-0.084695,0.068874,0.000531,0.000589
0,-0.029427,-0.100514,-0.028077,-0.118165,-0.013921,-0.125054,0.000514,0.001754
0,0.157988,-0.009563,0.186297,0.10253,0.198427,0.124266,0.002757,0.000167
0,0.111822,0.060151,-0.067363,0.078644,-0.08024,0.06776,0.001952,0.00105
0,0.218388,0.110583,0.092474,0.052093,0.108274,0.036444,0.001806,0.00193
0,-0.077601,-0.026486,-0.271426,-0.119702,-0.294804,-0.120594,0.001354,0.000462
0,0.112273,0.057303,0.205985,0.100041,0.194522,0.11017,0.00196,0.001
0,0.0079,-0.093852,-0.09617,-0.133001,-0.053284,-0.101078,0.000138,0.001638
0,0.036876,-0.06461,0.04295,0.043664,0.088918,0.079699,0.000644,0.001128
0,-0.055408,-0.002787,-0.086665,0.073697,-0.102763,0.086609,0.000967,4.9e-05
0,-0.126669,-0.081608,-0.073406,-0.07734,-0.094326,-0.07828,0.002211,0.001424
0,0.104556,-0.02251,0.210228,0.072023,0.256034,0.042555,0.001825,0.000393
0,0.101358,-0.090089,0.008761,-0.045642,0.031273,-0.003425,0.001769,0.001572
0,0.091016,-0.078569,-0.020352,0.034291,-0.023827,0.055626,0.001589,0.001371
0,0.113583,0.005092,0.017057,0.099922,0.039947,0.081266,0.001982,8.9e-05
0,0.013491,-0.038099,-0.105719,-0.072256,-0.087324,-0.067853,0.000235,0.000665
0,0.062644,0.001386,0.04647,0.027268,0.022804,-0.00745,0.001093,2.4e-05
0,-0.061464,0.028801,-0.112145,0.025411,-0.143027,0.043797,0.001073,0.000503
0,0.176165,-0.034052,0.207802,-0.069123,0.240432,-0.053793,0.002543,0.000594
0,0.172419,-0.178496,-0.009366,-0.172977,-0.037252,-0.135674,0.002608,0.002502
0,-0.090099,-0.368157,-0.275844,-0.190402,-0.234975,-0.188482,0.001573,0.000808
0,-0.479009,-0.640551,-0.378203,-0.248635,-0.406314,-0.295045,0.002743,5.5e-05
0,-0.770365,-1.230641,-0.294022,-0.61309,-0.270772,-0.606797,0.00221,0.000991
0,-0.824368,-1.23899,-0.036592,-0.007615,-0.065351,0.009374,0.002465,0.000846
0,-0.850605,-1.08532,-0.048325,0.14257,-0.023415,0.10234,0.002007,0.00209
0,-0.769426,-0.666722,0.090758,0.38904,0.086704,0.416911,0.002194,0.000401
0,-0.463416,-0.488896,0.310406,0.205429,0.345026,0.174249,0.002471,0.002702
0,-0.193749,-0.287326,0.259679,0.228444,0.272451,0.191932,0.002236,0.000603
0,-0.223987,-0.096881,-0.026246,0.210417,-0.036547,0.223366,0.001708,0.001691
0,-0.084094,-0.146163,0.163228,-0.043305,0.201502,-0.077947,0.001468,0.002551
0,0.079355,0.142175,0.162056,0.284727,0.116197,0.3219,0.001385,0.002481
0,0.151885,0.178796,0.055678,0.018601,0.08062,0.063119,0.002651,0.002497
0,-0.019907,0.211248,-0.157493,0.00467,-0.139079,0.002878,0.000347,0.001931
0,0.040558,0.006258,0.089584,-0.20309,0.075455,-0.245726,0.000708,0.000109
0,0.055486,0.100216,-0.002334,0.096144,0.033629,0.136425,0.000968,0.001749
0,0.04003,-0.104524,-0.014506,-0.208462,-0.034451,-0.219517,0.000699,0.001824
0,0.255716,-0.048227,0.234096,0.065191,0.270659,0.113871,0.001154,0.000842
0,0.135122,-0.114972,-0.121086,-0.048631,-0.133652,-0.090444,0.002358,0.002007
0,0.016085,-0.172678,-0.099271,-0.053559,-0.134067,-0.038984,0.000281,0.002604
0,0.143174,-0.072589,0.139368,0.128957,0.153573,0.153632,0.002499,0.001267
0,-0.088142,-0.13681,-0.245274,-0.091828,-0.236862,-0.133992,0.001538,0.002388
0,0.146107,0.14891,0.223245,0.297699,0.272127,0.345401,0.00255,0.002599
0,0.019285,-0.01192,-0.098668,-0.186303,-0.141283,-0.137904,0.000337,0.000208
0,0.102042,-0.054787,0.092088,-0.013795,0.060724,-0.001157,0.001781,0.000956
0,0.152615,0.181535,0.022155,0.2408,-0.018984,0.263518,0.002664,0.002449
0,-0.026605,0.107363,-0.181455,-0.054467,-0.231394,-0.102319,0.000464,0.001874
0,0.166492,0.09148,0.198185,-0.01693,0.150509,-0.023274,0.002712,0.001597
0,0.026439,-0.055047,-0.115821,-0.166492,-0.141037,-0.197436,0.000461,0.000961
0,-0.062551,0.077989,-0.069148,0.12074,-0.04354,0.072457,0.001092,0.001361
0,-0.143142,0.092177,-0.1009,0.006173,-0.109516,0.001503,0.002498,0.001609
0,-0.102152,-0.005529,0.051898,-0.103321,0.00656,-0.080347,0.001783,9.6e-05
0,0.054404,-0.101408,0.149526,-0.069643,0.099605,-0.099004,0.00095,0.00177
0,2.299135,0.439596,2.250861,0.55608,2.289601,0.532317,0.000805,0.002055
0,3.009613,0.982505,0.706969,0.545266,0.714752,0.540302,0.00197,0.000295
0,3.590982,0.910322,0.559228,-0.071326,0.549607,-0.027086,0.000882,0.000964
0,3.651855,1.3392,0.040677,0.451916,0.005508,0.40498,0.001944,0.000903
0,3.44561,1.012526,-0.202422,-0.333317,-0.221277,-0.335478,0.001655,0.000819
0,2.376171,1.076172,-1.081102,0.043287,-1.103956,0.024032,0.002149,0.00193
0,1.885984,0.996523,-0.482158,-0.073101,-0.509186,-0.045592,0.000788,0.00054
0,1.343723,0.450661,-0.56411,-0.562112,-0.572458,-0.607589,0.000982,0.002248
0,1.114659,0.489938,-0.213274,0.020336,-0.237852,0.027057,0.002602,0.002684
0,0.398458,0.138418,-0.700974,-0.357183,-0.712868,-0.321453,0.001337,0.002416
0,-0.094137,0.056263,-0.487089,-0.097661,-0.481316,-0.079611,0.001643,0.000982
0,-0.340244,0.039235,-0.260253,0.008121,-0.279699,0.000897,0.000321,0.000685
0,-0.439587,-0.16291,-0.072456,-0.199074,-0.086758,-0.197885,0.002055,0.002774
0,-0.304001,-0.099667,0.114674,0.0444,0.072463,0.007505,0.000312,0.00174
0,-0.315678,-0.025802,0.01443,0.078692,-0.000951,0.03933,0.000108,0.00045
0,-0.188028,-0.170281,0.113984,-0.146735,0.111506,-0.154555,0.002336,0.002646
0,-0.134755,-0.158101,0.069286,0.002996,0.039621,0.001547,0.002352,0.002759
0,0.003433,-0.175027,0.121333,0.00938,0.162896,0.041529,6e-05,0.002563
0,-0.072259,-0.098496,-0.049729,0.091024,-0.052456,0.112893,0.001261,0.001719
0,-0.180273,0.169001,-0.098724,0.250878,-0.117476,0.222365,0.002471,0.002668
0,-0.171426,0.13685,0.030058,-0.038305,0.010311,-0.024818,0.002626,0.002388
0,-0.10033,0.096705,0.054142,-0.040704,0.045711,-0.024541,0.001751,0.001688
0,-0.041502,-0.103579,0.074731,-0.174061,0.114417,-0.162186,0.000724,0.001808
0,0.117344,-0.023,0.156607,0.095231,0.177935,0.108834,0.002048,0.000401
0,0.126448,-0.106114,-0.014326,-0.087457,0.021386,-0.10107,0.002207,0.001852
0,0.03739,0.127052,-0.063656,0.230261,-0.088203,0.240581,0.000653,0.002217
0,0.039797,-0.127438,-0.014761,-0.244446,-0.048035,-0.234303,0.000695,0.002224
0,0.278884,0.085281,0.247584,0.237205,0.289786,0.272365,0.00075,0.001488
0,0.25534,0.074772,0.003006,-0.036479,-0.030811,-0.027177,0.001161,0.001305
0,0.134558,-0.138973,-0.147778,-0.186154,-0.133155,-0.186906,0.002348,0.002426
0,0.127875,0.121368,0.01538,0.246366,-0.010022,0.231948,0.002232,0.002118
0,-0.142448,0.065821,-0.272798,-0.070529,-0.279592,-0.104419,0.002486,0.001149
0,0.091891,0.080902,0.226052,0.010361,0.272412,-0.025158,0.001604,0.001412
0,-0.00133,-0.019286,-0.11235,-0.100169,-0.090116,-0.083395,2.3e-05,0.000337
0,-0.166677,0.019629,-0.171728,0.04013,-0.206149,0.034163,0.002708,0.000343
0,-0.036193,0.030914,0.146825,0.036255,0.194251,-0.00282,0.000632,0.00054
0,0.041864,-0.049136,0.081377,-0.070967,0.109543,-0.057221,0.000731,0.000858
0,-0.04743,0.070509,-0.087395,0.103139,-0.09704,0.125872,0.000828,0.001231
0,-0.173952,-0.191278,-0.098105,-0.276801,-0.089325,-0.234397,0.002581,0.002279
0,-0.005847,-0.152565,0.180187,0.039972,0.173457,0.00983,0.000102,0.002663
0,-0.089066,-0.145544,-0.066639,-0.020794,-0.020505,-0.030365,0.001555,0.00254
0,-0.179071,-0.153916,-0.060485,-0.014175,-0.038893,0.018937,0.002492,0.002686
0,-0.046857,-0.031351,0.124792,0.096149,0.148668,0.138026,0.000818,0.000547
0,0.062088,-0.077503,0.128549,-0.071792,0.081266,-0.059555,0.001084,0.001353
0,-0.050853,0.146445,-0.136776,0.247362,-0.098165,0.259616,0.000888,0.002556
0,0.102074,-0.027467,0.127169,-0.175865,0.105688,-0.170741,0.001782,0.000479
0,-0.030631,0.061563,-0.150359,0.064604,-0.128298,0.038639,0.000535,0.001074
0,0.418875,-0.009996,0.439984,-0.085481,0.465845,-0.069971,0.001693,0.000174
0,0.440298,0.094225,0.009935,0.082917,-0.00281,0.047664,0.002067,0.001645
0,0.716106,0.247485,0.273987,0.171749,0.234065,0.172084,0.001263,0.001298
0,0.745816,0.280256,0.017216,0.026561,0.065344,0.036811,0.001782,0.000726
0,0.508067,0.287239,-0.220352,0.012657,-0.221536,0.044314,0.002368,0.000604
0,0.522573,0.076358,-0.014206,-0.190051,0.002013,-0.205491,0.002114,0.001333
0,0.424177,0.258507,-0.101205,0.198874,-0.054436,0.157267,0.001786,0.001106
0,0.283154,0.040652,-0.135827,-0.231558,-0.106616,-0.205096,0.000676,0.00071
0,0.233627,0.249692,-0.057938,0.198608,-0.060818,0.160388,0.00154,0.002106
0,0.024971,0.076793,-0.18277,-0.174982,-0.165039,-0.21748,0.000436,0.002106
0,0.03661,-0.065805,0.015643,-0.1408,-0.004027,-0.108101,0.000639,0.002106
0,0.103921,0.066275,0.059425,0.118755,0.091973,0.116892,0.000998,0.002106
0,8.982924,-0.038209,8.858169,-0.126193,8.883757,-0.156395,0.000509,0.002106
0,9.108042,-0.039627,0.127183,-0.0047,0.150847,0.042388,0.001675,0.002106
0,8.873986,-0.046237,-0.261688,0.007165,-0.231579,0.053001,0.00241,0.002106
0,8.913423,0.069203,0.06509,0.13159,0.09755,0.174211,0.001722,0.002106
0,8.965818,-0.031111,0.039254,-0.08565,0.077733,-0.127397,0.000807,0.002106
0,9.03725,0.037571,0.047772,0.073454,0.068697,0.033811,0.00044,0.002106
0,8.855025,0.065828,-0.185378,0.011075,-0.188165,-0.027445,0.002741,0.002106
0,9.088718,-0.024682,0.251746,-0.069121,0.215982,-0.029025,0.001338,0.002106
0,9.092047,0.109603,0.024759,0.142127,-0.024574,0.113469,0.001396,0.002106
0,8.863965,-0.120461,-0.218946,-0.239674,-0.206044,-0.220236,0.002585,0.002106
0,9.117185,-0.074181,0.242311,0.058427,0.237787,0.017902,0.001835,0.002106
0,9.041746,0.072543,-0.05116,0.143933,-0.067369,0.129474,0.000518,0.002106
0,9.043684,0.003922,0.025815,-0.095247,-0.002924,-0.121272,0.000552,0.002106
0,9.127047,0.091491,0.089943,0.072476,0.134387,0.082898,0.002007,0.002106
0,8.938992,-0.007174,-0.216132,-0.095188,-0.23627,-0.142365,0.001275,0.002106
0,8.893447,-0.154243,-0.073158,-0.131097,-0.119692,-0.124039,0.00207,0.002692
0,9.035995,-0.118432,0.124505,0.027402,0.126212,0.065374,0.000418,0.002106
0,8.854858,0.096653,-0.152423,0.229688,-0.200328,0.234415,0.002744,0.002106
0,9.004405,-0.036523,0.124461,-0.140775,0.154493,-0.156363,0.000134,0.002106
0,9.119692,-0.150287,0.088432,-0.084277,0.135292,-0.06133,0.001878,0.002623
0,8.953704,-0.059474,-0.17264,0.07071,-0.198439,0.0931,0.001019,0.002106
0,9.055736,-0.161099,0.092519,-0.07608,0.12099,-0.122146,0.000762,0.002806
0,9.137183,0.099013,0.101533,0.284851,0.0609,0.315161,0.002184,0.001728
0,9.142253,-0.009371,0.007064,-0.102989,0.017399,-0.070016,0.002272,0.000164
0,8.495634,0.013686,-0.646301,0.027805,-0.619637,-0.004231,0.002222,0.000239
0,8.03596,0.054154,-0.458303,0.050818,-0.504072,0.023222,0.000184,0.000945
0,7.675033,0.069196,-0.390743,0.008819,-0.375134,0.030656,0.000866,0.001208
0,7.259141,-0.089965,-0.405085,-0.134618,-0.443784,-0.179835,0.002507,0.00157
0,6.740897,0.023441,-0.490515,0.136686,-0.455278,0.165518,0.000317,0.000409
0,6.512724,-0.03267,-0.212026,-0.077527,-0.217839,-0.033046,0.001318,0.00057
0,6.147226,-0.034387,-0.367714,-0.01339,-0.359292,0.000242,0.000557,0.0006
0,5.846461,0.181939,-0.291731,0.199964,-0.322296,0.208444,0.000925,0.002442
0,5.476919,0.119777,-0.386007,-0.038265,-0.343055,-0.079263,9.3e-05,0.002106
0,5.175833,0.05856,-0.303013,-0.065899,-0.320695,-0.016062,0.000455,0.002106
0,5.014762,0.064548,-0.144729,0.006068,-0.11128,0.012716,0.002356,0.002106
0,4.614972,-0.083065,-0.382981,-0.144296,-0.419624,-0.134715,0.001901,0.002106
0,4.41846,-0.055675,-0.219452,0.033042,-0.193673,0.071903,0.001528,0.002106
0,3.994035,0.117277,-0.44565,0.143934,-0.472669,0.150347,0.002299,0.002106
0,3.860533,0.012104,-0.14292,-0.080383,-0.137211,-0.033195,3.1e-05,0.002106
0,3.808939,0.160878,-0.044069,0.122909,-0.064729,0.13965,0.000932,0.002106
0,3.606498,-0.001346,-0.183644,-0.133865,-0.173671,-0.11621,0.001153,0.002106
0,3.424739,-0.010406,-0.174999,-0.016134,-0.202638,-0.062986,0.00202,0.002106
0,3.232009,0.161043,-0.208254,0.196876,-0.231561,0.241114,0.000234,0.002106
0,3.034921,0.036905,-0.200206,-0.125933,-0.220811,-0.173673,0.002412,0.002106
0,2.986196,0.136083,-0.022642,0.078653,0.013247,0.079615,0.001561,0.002106
0,2.784262,-0.045857,-0.216612,-0.164221,-0.206823,-0.172316,0.001963,0.002106
0,2.397686,-0.108175,-0.387845,-0.05321,-0.383099,-0.011647,0.002525,0.002106
0,2.278458,-0.020286,-0.098183,0.10071,-0.095474,0.101166,0.000444,0.002106
0,2.310003,-0.061367,0.020309,-0.033453,0.032497,-0.005927,0.000995,0.002106
0,2.001747,-0.063219,-0.299195,-0.000751,-0.2575,-0.023976,0.001232,0.002106
0,1.942153,-0.002919,-0.03833,0.035813,-0.010525,0.024188,0.000192,0.002106
0,1.958575,0.1052,-0.002917,0.124928,0.008397,0.091521,0.000479,0.002106
0,1.747093,0.035676,-0.183176,-0.085031,-0.137577,-0.044432,0.002405,0.002106
0,1.623139,-0.124001,-0.130418,-0.134908,-0.085183,-0.171308,0.000242,0.002164
0,1.665234,0.046924,0.069339,0.198072,0.11036,0.21161,0.000976,0.002106
0,1.437133,-0.056112,-0.217463,-0.120293,-0.236385,-0.09519,0.002613,0.002106
0,1.385206,0.026148,-0.057233,0.05895,-0.083215,0.022733,0.001706,0.002106
0,1.365386,-0.10671,-0.022559,-0.104979,-0.021838,-0.072366,0.00136,0.002106
0,1.08763,-0.18472,-0.280763,-0.106512,-0.317447,-0.072585,0.00213,0.002394
0,1.278867,0.106071,0.162828,0.274511,0.170817,0.27848,0.00015,0.001851
0,0.95926,-0.132474,-0.308707,-0.262921,-0.293211,-0.218751,0.00011,0.002312
0,1.130934,0.060747,0.153168,0.168101,0.135414,0.197175,0.002732,0.00106
0,0.976888,-0.114213,-0.142308,-0.145557,-0.155439,-0.129883,0.000197,0.001993
0,0.87659,0.061542,-0.119089,0.171381,-0.125775,0.165834,0.001553,0.001074
0,0.886332,0.044102,-0.006713,-0.021615,-0.027739,-0.004564,0.001383,0.00077
0,0.575655,-0.112875,-0.331065,-0.160246,-0.369836,-0.207887,0.001188,0.00197
0,0.683535,-0.118465,0.09043,-0.009183,0.065145,-0.045064,0.000695,0.002068
0,0.720095,-0.090037,0.012095,0.045371,-0.02886,0.077475,0.001333,0.001571
0,0.440844,-0.137888,-0.276583,-0.053007,-0.230233,-0.053283,0.002077,0.002407
0,0.483637,-0.212949,0.050929,-0.047816,0.013548,-0.034746,0.002794,0.001901
0,0.408826,0.008805,-0.046888,0.246223,-0.013726,0.231912,0.001293,0.000154
0,0.395451,0.025326,-0.042628,0.003305,0.004039,0.013038,0.001284,0.000442
0,0.323996,0.105461,-0.069617,0.100857,-0.099191,0.11051,3.7e-05,0.001841
0,0.483309,0.00267,0.177742,-0.122677,0.185263,-0.114304,0.0028,4.7e-05
0,0.260801,-0.057497,-0.249703,-0.048038,-0.290293,-0.063483,0.001066,0.001004
0,0.155342,0.042089,-0.076646,0.072632,-0.096235,0.093397,0.002711,0.000735
0,0.184026,-0.171293,0.054955,-0.232161,0.094638,-0.252828,0.002406,0.002628
0,0.185728,-0.001174,-0.012475,0.185379,0.0188,0.165863,0.002376,2e-05
0,0.058547,-0.17597,-0.119814,-0.174251,-0.072477,-0.139589,0.001022,0.002546
0,0.032249,-0.082801,-0.032287,0.119162,-0.077711,0.070719,0.000563,0.001445
0,0.174825,-0.070082,0.139079,0.027496,0.147356,0.009207,0.002566,0.001223
0,0.190889,-0.194052,0.027099,-0.127338,-0.016525,-0.087066,0.002286,0.002231
0,0.079263,-0.064763,-0.136643,0.148111,-0.112838,0.099537,0.001383,0.00113
0,0.130438,-0.145063,0.050614,-0.098703,0.093008,-0.109846,0.002277,0.002532
0,0.072617,-0.184213,-0.07207,-0.02351,-0.052991,-0.067118,0.001267,0.002402
0,-0.032351,0.035338,-0.111951,0.239867,-0.10196,0.222871,0.000565,0.000617
0,0.05693,0.014069,0.07275,-0.002913,0.05138,0.037784,0.000994,0.000246
0,0.113013,-0.046288,0.086023,-0.051947,0.061774,-0.063786,0.001972,0.000808
0,0.020267,0.063847,-0.108102,0.115644,-0.075227,0.162805,0.000354,0.001114
0,-0.073984,-0.210343,-0.098983,-0.278107,-0.096696,-0.275288,0.001291,0.001946
0,0.077516,-0.13747,0.136303,0.077808,0.106032,0.116432,0.001353,0.002399
0,0.079179,-0.007072,0.009362,0.147321,0.05377,0.114259,0.001382,0.000123
0,0.082582,-0.18636,-0.007742,-0.188217,0.019964,-0.169652,0.001441,0.002365
0,0.003832,0.020789,-0.089573,0.236537,-0.040045,0.196779,6.7e-05,0.000363
0,0.029892,-0.233219,0.000358,-0.242699,-0.032797,-0.236801,0.000522,0.001547
0,0.068769,-0.106124,0.060328,0.099988,0.101107,0.064214,0.0012,0.001852
0,-0.110431,-0.000961,-0.152571,0.12931,-0.200278,0.103341,0.001927,1.7e-05
0,0.044265,-0.138058,0.168751,-0.125701,0.180671,-0.097891,0.000773,0.00241
0,-0.03008,-0.093257,-0.088184,0.03073,-0.119182,0.047221,0.000525,0.001628
0,-0.085222,-0.037466,-0.041584,0.031658,-0.065305,0.002648,0.001487,0.000654
0,-0.113683,-0.140827,-0.003652,-0.097516,-0.006479,-0.133851,0.001984,0.002458
0,-0.108638,0.039298,0.024734,0.178943,0.050127,0.206672,0.001896,0.000686
0,-0.216373,-0.165184,-0.132934,-0.22639,-0.100211,-0.232482,0.001841,0.002735
0,-0.148097,-0.023386,0.073768,0.162816,0.057524,0.131365,0.002585,0.000408
0,-0.193263,-0.119298,-0.070332,-0.081433,-0.053159,-0.085055,0.002244,0.002082
0,-0.169373,-0.008734,0.01312,0.086219,-0.004452,0.09799,0.002661,0.000152
0,0.001742,-0.130209,0.187926,-0.149115,0.182565,-0.102023,3e-05,0.002273
0,-0.102725,-0.015241,-0.104768,0.102558,-0.067453,0.089831,0.001793,0.000266
0,0.000523,-0.131505,0.10561,-0.13424,0.118493,-0.124524,9e-06,0.002295
0,-0.044519,0.003455,-0.055904,0.15846,-0.077316,0.192797,0.000777,6e-05
0,-0.032693,0.094748,-0.01035,0.066805,-0.008786,0.078348,0.000571,0.001654
0,-0.045166,-0.154775,-0.013665,-0.258084,0.036227,-0.22539,0.000788,0.002701
0,-0.075728,-0.178202,-0.03692,-0.025464,0.011762,-0.075297,0.001322,0.002507
0,0.01336,-0.105166,0.093074,0.065367,0.061072,0.10524,0.000233,0.001836
0,0.131667,-0.010962,0.14552,0.091259,0.193431,0.092556,0.002298,0.000191
0,-0.118784,-0.115396,-0.251462,-0.118646,-0.288878,-0.07861,0.002073,0.002014
0,-0.006672,-0.138515,0.095081,-0.025713,0.09497,0.000576,0.000116,0.002418
0,-0.043658,0.11128,-0.030489,0.260162,-0.049342,0.235847,0.000762,0.001942
0,-0.062195,-0.155523,-0.027345,-0.243134,-0.00112,-0.243263,0.001086,0.002714
0,-0.150928,-0.135744,-0.067005,0.030936,-0.019795,0.033465,0.002634,0.002369
0,-0.05715,0.013238,0.090208,0.122264,0.074412,0.132688,0.000997,0.000231
0,-0.08248,-0.177213,0.002555,-0.178757,-0.03174,-0.15047,0.00144,0.002525
0,-0.004382,0.098181,0.059414,0.276164,0.012909,0.247635,7.6e-05,0.001714
0,-0.193423,-0.030749,-0.187656,-0.112117,-0.1703,-0.080428,0.002242,0.000537
0,0.019731,0.112276,0.225299,0.15529,0.198935,0.113363,0.000344,0.00196
0,0.100968,-0.141131,0.051365,-0.26248,0.06039,-0.217884,0.001762,0.002463
0,0.030471,-0.119793,-0.044519,0.006491,-0.090156,0.048409,0.000532,0.002091
0,0.166798,0.036707,0.155226,0.128659,0.134481,0.17534,0.002706,0.000641
0,0.127075,0.039475,-0.046373,0.020969,-0.00196,0.053144,0.002218,0.000689
0,-0.050501,-0.055231,-0.199156,-0.102507,-0.229209,-0.137926,0.000881,0.000964
0,-0.160456,-0.133897,-0.127821,-0.107684,-0.170813,-0.150141,0.0028,0.002337
0,0.070218,-0.001721,0.202335,0.147338,0.229152,0.173673,0.001226,3e-05
0,0.15009,-0.126438,0.076573,-0.124209,0.06109,-0.164607,0.00262,0.002207
0,0.126733,0.083143,-0.007674,0.210645,-0.046484,0.211596,0.002212,0.001451
0,0.018759,0.060098,-0.12199,-0.050602,-0.076631,-0.097898,0.000327,0.001049
0,-0.025698,-0.177914,-0.067696,-0.24346,-0.053792,-0.214601,0.000449,0.002512
0,0.105478,0.074717,0.15156,0.262267,0.115438,0.309621,0.001841,0.001304
0,0.133995,0.002294,0.014919,-0.052277,0.055095,-0.041378,0.002339,4e-05
0,0.131131,0.066809,-0.001492,0.071751,-0.013261,0.071425,0.002289,0.001166
0,0.113871,0.054854,-0.030455,-0.032867,-0.073484,-0.061065,0.001987,0.000957
0,0.063906,0.01136,-0.064747,-0.046441,-0.070577,-0.074861,0.001115,0.000198
0,0.021754,-0.025912,-0.016053,-0.047775,-0.058913,-0.009529,0.00038,0.000452
0,0.176367,0.019465,0.126421,0.073421,0.170187,0.070237,0.002539,0.00034
0,-0.061798,0.026525,-0.231978,0.006809,-0.190377,0.006424,0.001079,0.000463
0,-0.08529,-0.04485,-0.013084,-0.075629,-0.023999,-0.101911,0.001489,0.000783
0,0.09369,-0.053392,0.205905,-0.038023,0.219605,-0.009191,0.001635,0.000932
0,0.146759,-0.071705,0.047045,-0.00874,0.042499,-0.029923,0.002561,0.001251
0,-0.159546,0.041965,-0.294471,0.112999,-0.285559,0.118787,0.002785,0.000732
0,0.04068,0.161193,0.193876,0.132099,0.242136,0.108957,0.00071,0.002804
0,-0.034997,0.185906,-0.073784,0.046131,-0.029078,0.026417,0.000611,0.002373
0,-0.014345,0.035281,0.038979,-0.145419,-0.004331,-0.151312,0.00025,0.000616
0,-0.124392,0.125662,-0.130461,0.095817,-0.176375,0.093119,0.002171,0.002193
0,-0.046886,-0.046817,0.05822,-0.177385,0.035774,-0.191346,0.000818,0.000817
0,-0.01455,0.044267,0.043681,0.073494,0.023657,0.095943,0.000254,0.000773
0,0.126472,0.175794,0.162145,0.125758,0.112851,0.166517,0.002207,0.002549
0,-0.099241,-0.078596,-0.251164,-0.272807,-0.254593,-0.316189,0.001732,0.001372
0,-0.104285,0.037999,-0.027157,0.123902,-0.063969,0.154368,0.00182,0.000663
0,-0.182698,-0.030801,-0.082609,-0.068454,-0.043768,-0.065783,0.002429,0.000538
0,-0.086607,0.034234,0.089188,0.042254,0.070517,0.070062,0.001512,0.000597
0,0.087176,0.026637,0.168438,-0.026039,0.175945,-0.074278,0.001522,0.000465
0,0.106985,-0.001331,0.038321,-0.003322,0.073798,-0.00709,0.001867,2.3e-05
0,0.090688,-0.055292,-0.002243,-0.067635,0.042204,-0.099259,0.001583,0.000965
0,0.122965,0.001144,0.048359,0.030575,0.034906,0.037042,0.002146,2e-05
0,-0.164911,0.034933,-0.311195,0.028154,-0.269507,0.058456,0.002739,0.00061
0,-0.106751,0.055257,0.045251,0.024031,0.051144,0.045917,0.001863,0.000964
0,-0.002516,0.139368,0.118167,0.096653,0.095022,0.057676,4.4e-05,0.002432
0,-0.097921,0.097209,-0.077696,-0.021929,-0.051574,-0.037207,0.001709,0.001697
0,-0.061452,0.073167,0.057904,-0.033296,0.046415,-0.077493,0.001073,0.001277
0,0.187103,-0.014807,0.257068,-0.072538,0.237087,-0.028769,0.002352,0.000258
0,0.099745,0.093386,-0.095398,0.079376,-0.045446,0.085631,0.001741,0.00163
0,0.124681,0.146917,0.002299,0.07026,0.032028,0.032435,0.002176,0.002564
0,0.16485,-0.106329,0.04134,-0.247992,0.079971,-0.288668,0.00274,0.001856
0,-0.005004,-0.112248,-0.189701,-0.02011,-0.169509,0.016676,8.7e-05,0.001959
0,0.250036,-0.064776,0.234071,0.046344,0.266384,0.041498,0.001254,0.001131
0,0.031976,-0.027464,-0.224847,0.02604,-0.218475,-0.016789,0.000558,0.000479
0,0.096503,0.149978,0.042827,0.176713,0.085675,0.159592,0.001684,0.002618
0,0.129691,0.053677,0.031986,-0.1219,-0.011867,-0.127642,0.002264,0.000937
0,0.029988,0.023385,-0.092534,-0.050261,-0.083155,-0.009784,0.000523,0.000408
0,0.268072,0.114327,0.226858,0.092215,0.223303,0.091102,0.000939,0.001995
0,0.199837,0.006275,-0.042942,-0.135276,-0.077469,-0.13854,0.00213,0.00011
0,0.258044,0.021814,0.086428,0.020331,0.113719,0.011129,0.001114,0.000381
0,0.265937,-0.034342,0.020164,-0.058921,0.036503,-0.103382,0.000976,0.000599
0,9.018899,0.216821,8.732249,0.273683,8.727714,0.226858,0.000119,0.001833
0,8.915278,0.232328,-0.125078,0.039414,-0.091605,0.07463,0.001689,0.001563
0,8.959346,0.469711,0.052987,0.238373,0.086164,0.254084,0.00092,0.002581
0,9.066865,0.475699,0.134992,0.004707,0.094916,0.03981,0.000956,0.002685
0,9.127545,0.571696,0.073576,0.071384,0.045836,0.074927,0.002015,0.001257
0,8.893295,0.313256,-0.228945,-0.280766,-0.183499,-0.325337,0.002073,0.00015
0,8.970562,0.424024,0.057355,0.099537,0.095689,0.085029,0.000724,0.001783
0,9.013624,0.264956,0.03508,-0.187972,0.051497,-0.212057,2.7e-05,0.000993
0,8.909519,0.200199,-0.087028,-0.053164,-0.088127,-0.003922,0.00179,0.002123
0,8.907456,-0.003579,-0.030294,-0.180373,-0.002618,-0.21055,0.001826,0.002106
0,9.109583,0.124194,0.22556,0.138568,0.223794,0.15959,0.001702,0.002106
0,8.983992,0.073321,-0.15114,-0.071434,-0.170266,-0.076627,0.00049,0.002106
0,8.874138,-0.039429,-0.102472,-0.112658,-0.067807,-0.15213,0.002407,0.002106
0,8.873172,-0.08912,0.017391,-0.034375,0.030326,-0.006246,0.002424,0.002106
0,9.055421,-0.130807,0.153334,-0.042958,0.10912,-0.000802,0.000757,0.002283
0,8.871035,-0.031568,-0.194374,0.081746,-0.149346,0.075962,0.002461,0.002106
0,8.956702,0.038277,0.078299,0.095795,0.110443,0.080804,0.000966,0.002106
0,8.854953,0.010494,-0.128183,-0.037159,-0.158141,0.002768,0.002742,0.002106
0,9.0724,-0.009577,0.20777,0.006646,0.203428,-0.018256,0.001053,0.002106
0,8.855529,-0.034981,-0.228336,-0.034836,-0.180917,-0.030269,0.002732,0.002106
0,9.036027,-0.133893,0.181532,-0.116115,0.212905,-0.095574,0.000418,0.002337
0,8.937161,-0.113349,-0.098415,0.029433,-0.146554,0.050037,0.001307,0.002106
0,9.045435,0.107265,0.136427,0.232612,0.114774,0.208425,0.000582,0.002106
0,9.097964,0.114277,0.071661,0.005576,0.036862,0.004602,0.001499,0.002106
0,9.044778,-0.121098,-0.069044,-0.210922,-0.108851,-0.170189,0.000571,0.002114
0,9.111793,-0.157818,0.039835,-0.04882,0.005808,-0.051245,0.001741,0.002754
0,8.938704,0.02978,-0.191168,0.170415,-0.229784,0.161593,0.00128,0.002106
0,9.121977,0.032327,0.177507,-0.014856,0.195752,0.018417,0.001918,0.002106
0,9.026542,-0.017814,-0.123096,-0.046275,-0.158657,-0.049557,0.000253,0.002106
0,8.855244,-0.071838,-0.154996,-0.070837,-0.142196,-0.028138,0.002737,0.002106
0,9.092051,0.109803,0.225242,0.167771,0.254964,0.181818,0.001396,0.002106
0,9.097525,0.111522,0.010025,-0.020249,-0.036722,-0.045278,0.001492,0.002106
0,9.106265,-0.038084,-0.001334,-0.160971,-0.009815,-0.141074,0.001644,0.002106
0,8.925694,-0.115347,-0.202449,-0.065246,-0.157887,-0.022016,0.001507,0.002106
0,8.566905,-0.170116,-0.359141,-0.033145,-0.385326,-0.047054,0.002152,0.002648
0,8.982885,0.125251,0.445646,0.30319,0.395849,0.346307,0.000509,0.002186
0,8.905002,-0.795359,-0.09378,-0.94578,-0.076087,-0.952433,0.001869,0.002647
0,7.220057,-1.165877,-1.695808,-0.341366,-1.668018,-0.382454,0.002429,0.002122
0,6.532787,-1.818891,-0.663112,-0.646022,-0.700141,-0.655245,0.001668,0.001959
0,4.264363,-1.423558,-2.257745,0.395141,-2.248744,0.410138,0.0014,0.002376
0,3.102809,-1.309866,-1.139748,0.095903,-1.103501,0.063173,0.002021,0.000391
0,2.0332,-1.438813,-1.040763,-0.127838,-1.050328,-0.083159,0.00103,0.002642
0,8.993502,-0.968439,6.968167,0.447432,6.960183,0.431075,0.000324,5e-05
0,9.044077,-0.516121,0.04206,0.461628,0.023648,0.467248,0.000559,0.002227
0,8.995017,-0.649393,-0.048548,-0.138921,-0.028764,-0.129676,0.000298,9.9e-05
0,8.873436,-0.402145,-0.111837,0.271603,-0.14881,0.296241,0.00242,0.001401
0,8.966928,-0.240517,0.072599,0.185915,0.094365,0.184977,0.000788,0.00142
0,8.963522,-0.077993,-0.01217,0.165036,-0.027556,0.126798,0.000847,0.001361
0,9.03299,0.076572,0.061827,0.146482,0.110609,0.129277,0.000365,0.001336
0,8.52646,0.150736,-0.526332,0.091967,-0.543227,0.071008,0.00276,0.002631
0,8.079157,0.037538,-0.466974,-0.100833,-0.433978,-0.144901,0.00057,0.000655
0,7.72438,0.094708,-0.369624,0.062717,-0.397932,0.077121,4e-06,0.001653
0,7.294129,0.009368,-0.424016,-0.109935,-0.429803,-0.108175,0.001896,0.000164
0,6.91013,0.198319,-0.379599,0.16286,-0.344053,0.120864,0.002637,0.002156
0,6.415619,0.126207,-0.485741,-0.071839,-0.438014,-0.113146,0.000376,0.002203
0,6.08101,0.028993,-0.350417,-0.106091,-0.372943,-0.14859,0.000599,0.000506
0,5.742168,0.127309,-0.365614,0.107009,-0.361802,0.087986,0.000895,0.002222
0,5.324106,0.08303,-0.429441,-0.055904,-0.45312,-0.034059,0.002574,0.001449
0,5.00377,0.087691,-0.31105,0.028081,-0.359023,0.063642,0.002548,0.00153
0,4.815086,-0.003005,-0.167008,-0.076534,-0.134709,-0.040631,0.000224,5.2e-05
0,4.72404,0.258448,-0.116356,0.281703,-0.154592,0.299446,0.001813,0.001107
0,4.519589,0.062177,-0.227473,-0.180289,-0.210354,-0.143214,0.000237,0.001085
0,4.139378,0.241876,-0.393578,0.206781,-0.425743,0.222012,0.000782,0.001396
0,4.052746,0.047952,-0.081628,-0.202023,-0.063839,-0.23696,0.002294,0.000837
0,3.901289,0.180378,-0.176655,0.135785,-0.152729,0.163381,0.00068,0.002469
0,3.778353,0.111352,-0.140548,-0.093893,-0.189429,-0.117278,0.001465,0.001943
0,3.588902,0.170992,-0.176813,0.059718,-0.18991,0.046924,0.000846,0.002633
0,3.370229,0.195429,-0.207093,-3.3e-05,-0.164859,-0.047271,0.002647,0.002207
0,2.969987,-0.044666,-0.413148,-0.265729,-0.447012,-0.246387,0.001278,0.00078
0,2.938255,0.158094,-0.017456,0.199679,-0.006215,0.21203,0.000725,0.002759
0,2.795016,-0.063803,-0.166868,-0.219438,-0.118244,-0.244195,0.001775,0.001114
0,2.519212,0.05684,-0.260382,0.109794,-0.217101,0.137374,0.000972,0.000992
0,2.474398,0.029504,-0.061621,-0.039143,-0.104003,-0.024205,0.001754,0.000515
0,2.305356,0.014892,-0.186853,-0.015713,-0.235332,0.028417,0.000914,0.00026
0,2.183429,0.19503,-0.10277,0.206469,-0.151548,0.209419,0.001215,0.002214
0,1.991325,0.124781,-0.187755,-0.048038,-0.175105,-0.005309,0.00105,0.002178
0,2.021194,0.198917,0.02166,0.093981,0.063794,0.06487,0.001571,0.002146
0,1.764068,0.128632,-0.267973,-0.058124,-0.295702,-0.092303,0.002701,0.002245
0,1.719157,0.149597,-0.036376,0.032005,-0.028984,0.022436,0.001917,0.002611
0,1.693339,0.17439,-0.005064,0.006337,0.042774,0.051079,0.001467,0.002574
0,1.591869,-0.045017,-0.090256,-0.232371,-0.042765,-0.19647,0.000304,0.000786
0,1.415143,0.038191,-0.182457,0.095002,-0.154686,0.123859,0.002229,0.000667
0,1.300088,0.059406,-0.096191,0.018952,-0.064634,-0.00371,0.000221,0.001037
0,1.492796,0.025028,0.183268,-0.008992,0.232337,0.031423,0.002033,0.000437
0,1.311141,-0.067637,-0.173155,-0.097111,-0.178927,-0.09979,0.000414,0.00118
0,1.087688,0.046934,-0.222829,0.143922,-0.258338,0.118593,0.002131,0.000819
0,0.989301,0.08337,-0.124791,0.051296,-0.152628,0.065187,0.000414,0.001455
0,1.039277,-0.079486,0.024905,-0.138183,-0.019672,-0.088363,0.001286,0.001387
0,1.059561,0.097918,-0.004429,0.19633,-0.02347,0.16547,0.00164,0.001709
0,0.817798,-0.091939,-0.263955,-0.201708,-0.276771,-0.178404,0.002579,0.001605
0,0.84197,-0.044499,0.036667,0.034072,0.062463,0.01054,0.002157,0.000777
0,0.836272,-0.089723,-0.00215,-0.024663,-0.02995,-0.002982,0.002257,0.001566
0,0.920888,-0.12431,0.093921,-0.051036,0.109935,-0.019112,0.00078,0.00217
0,0.84793,-0.124457,-0.06559,-0.008597,-0.093871,0.011979,0.002053,0.002172
0,0.594627,0.01919,-0.247501,0.124015,-0.222775,0.138168,0.000857,0.000335
0,0.706742,0.142697,0.098232,0.137188,0.108934,0.13921,0.0011,0.002491
0,0.454564,0.014757,-0.277236,-0.100676,-0.247739,-0.079349,0.002316,0.000258
0,0.579505,-0.081452,0.129142,-0.07109,0.154863,-0.030769,0.001121,0.001422
0,0.366939,0.164038,-0.237608,0.258694,-0.249557,0.302684,0.000787,0.002754
0,0.525877,0.118645,0.139457,-0.050345,0.148217,-0.052261,0.002057,0.002071
0,0.479849,0.002965,-0.016484,-0.1032,0.031843,-0.086336,0.002757,5.2e-05
0,0.576853,0.22456,0.092413,0.22254,0.058491,0.17565,0.001167,0.001698
0,0.46406,0.202539,-0.116536,0.000467,-0.162414,0.00219,0.002482,0.002083
0,0.190124,0.043012,-0.25974,-0.154826,-0.2777,-0.165225,0.002299,0.000751
0,0.294988,0.1281,0.134602,0.099348,0.158256,0.100593,0.000469,0.002236
0,0.142098,0.217331,-0.168244,0.064706,-0.165351,0.098466,0.00248,0.001824
0,0.375315,-0.001985,0.240105,-0.192463,0.284151,-0.161387,0.000933,3.5e-05
0,0.315335,0.015404,-0.080203,-0.009812,-0.083111,-0.058979,0.000114,0.000269
0,0.131014,-0.055161,-0.195907,-0.043446,-0.185682,-0.043491,0.002287,0.000963
0,0.162255,-0.001989,0.016348,0.027432,0.005361,-0.014494,0.002786,3.5e-05
0,0.09097,0.065486,-0.06276,0.060419,-0.023693,0.099186,0.001588,0.001143
0,0.038354,0.097869,-0.035187,0.036159,-0.006836,0.081413,0.000669,0.001708
0,0.268865,0.127104,0.231266,0.010927,0.18641,0.057764,0.000925,0.002218
0,0.272675,-0.010916,0.014776,-0.124934,0.034503,-0.174236,0.000858,0.000191
0,0.263432,0.16661,-0.015552,0.148142,-0.01418,0.105421,0.00102,0.00271
0,0.103795,0.089982,-0.150943,-0.076,-0.162101,-0.099639,0.001812,0.00157
0,0.213213,-0.008559,0.135032,-0.09527,0.168998,-0.064086,0.001896,0.000149
0,0.170687,-0.002793,-0.043343,-0.011206,-1.2e-05,0.033294,0.002638,4.9e-05
0,0.042205,-0.025019,-0.146744,-0.01354,-0.19011,0.028081,0.000737,0.000437
0,0.023359,-0.000198,-0.010494,0.034883,-0.000968,0.050449,0.000408,3e-06
0,0.267644,0.05796,0.221461,0.077456,0.268205,0.079719,0.000946,0.001012
0,0.001227,-0.079068,-0.292683,-0.126682,-0.316824,-0.103417,2.1e-05,0.00138
0,0.097071,-0.056317,0.085999,0.005131,0.048939,0.000148,0.001694,0.000983
0,0.114265,0.027442,0.013484,0.070728,0.049253,0.050061,0.001994,0.000479
0,0.096812,0.019126,-0.040598,-0.019372,-0.021129,-0.020923,0.00169,0.000334
0,-0.011032,-0.10469,-0.114627,-0.120891,-0.091669,-0.159927,0.000193,0.001827
0,-0.075372,-0.104198,-0.068414,0.026642,-0.072178,-0.00309,0.001315,0.001819
0,-0.07667,-0.07754,0.007946,0.013398,-0.024107,-0.029981,0.001338,0.001353
0,0.142867,0.031162,0.242805,0.112247,0.193005,0.138176,0.002494,0.000544
0,-0.021603,-0.023135,-0.142509,-0.067241,-0.171419,-0.04027,0.000377,0.000404
0,0.03288,-0.053159,0.083005,-0.015314,0.128864,-0.010232,0.000574,0.000928
0,-0.090019,-0.120218,-0.111724,-0.040593,-0.119653,-0.083472,0.001571,0.002098
0,0.0704,-0.043067,0.144528,0.05104,0.129314,0.073387,0.001229,0.000752
0,0.061166,0.134512,-0.03714,0.188318,-0.06326,0.208571,0.001068,0.002348
0,-0.116425,0.102666,-0.201329,-0.012742,-0.209291,-0.016041,0.002032,0.001792
0,0.097734,0.12786,0.237851,0.027304,0.22655,0.006144,0.001706,0.002232
0,-0.047674,0.017008,-0.14819,-0.108011,-0.188237,-0.071646,0.000832,0.000297
0,0.070792,-0.015154,0.140749,-0.016866,0.157649,-0.041887,0.001236,0.000264
0,-0.025297,0.117466,-0.079873,0.128752,-0.100414,0.123122,0.000442,0.00205
0,-0.096123,0.011735,-0.068656,-0.083813,-0.080189,-0.099761,0.001678,0.000205
0,-0.161452,-0.054804,-0.045433,-0.082197,-0.094959,-0.093337,0.0028,0.000957
0,-0.171882,0.022664,0.004571,0.067184,-0.013364,0.10564,0.002618,0.000396
0,-0.154618,-0.008471,-0.003218,-0.002472,-0.052855,-0.028968,0.002699,0.000148
0,-0.148463,0.023206,-0.012517,0.039442,0.025065,0.021478,0.002591,0.000405
0,0.034425,0.01739,0.202354,0.008688,0.223848,-0.005503,0.000601,0.000304
0,0.110426,-0.005655,0.10548,-0.031925,0.105612,0.005742,0.001927,9.9e-05
0,-0.072972,-0.05031,-0.203356,-0.072905,-0.170674,-0.061039,0.001274,0.000878
0,-0.073383,-0.030625,0.02703,0.044949,0.041229,0.064044,0.001281,0.000535
0,0.173275,-0.054306,0.235508,-0.053609,0.263643,-0.051357,0.002593,0.000948
0,0.200454,-0.01775,0.055232,0.024837,0.057149,0.059726,0.002119,0.00031
0,0.05084,0.011969,-0.124745,0.034217,-0.087297,0.073893,0.000887,0.000209
0,0.011175,0.178882,-0.015214,0.167335,-0.047944,0.12907,0.000195,0.002495
0,0.07441,0.006659,0.053779,-0.150045,0.097882,-0.169761,0.001299,0.000116
0,0.093767,-0.028545,-0.007132,-0.0219,0.037459,-0.063477,0.001637,0.000498
0,-0.097802,-0.106795,-0.16199,-0.055267,-0.179366,-0.05427,0.001707,0.001864
0,-0.11027,0.079988,0.014908,0.212882,0.062513,0.237197,0.001925,0.001396
0,0.008707,-0.020992,0.130254,-0.100129,0.105404,-0.146759,0.000152,0.000366
0,0.150474,0.083881,0.147631,0.099902,0.126854,0.095612,0.002626,0.001464
0,0.15441,-0.165051,0.008549,-0.225235,-0.03876,-0.175981,0.002695,0.002737
0,7.655008,-2.587055,7.5281,-2.436616,7.484778,-2.397945,0.001215,0.000213
0,8.999793,-2.874855,1.322029,-0.283284,1.314738,-0.258855,0.000214,0.000382
0,8.954212,-2.418533,-0.045936,0.442381,-0.050933,0.444764,0.00101,0.002729
0,8.872637,-2.304465,-0.074135,0.125901,-0.103199,0.106776,0.002434,0.000898
0,8.910265,-2.057487,0.018268,0.265374,-0.010308,0.234804,0.001777,0.002205
0,9.089366,-1.960101,0.188465,0.113972,0.205001,0.119556,0.001349,0.000505
0,9.097831,-1.486802,-0.001711,0.47186,0.015716,0.451052,0.001497,0.002138
0,9.105824,-1.215995,0.004295,0.248072,-0.009858,0.208559,0.001636,0.001247
0,9.05232,-0.751543,-0.039007,0.452179,-0.037397,0.485501,0.000703,0.001882
0,8.316629,-0.356927,-0.728166,0.415596,-0.74773,0.388583,0.000903,0.000612
0,7.872614,-0.150933,-0.415872,0.186959,-0.454858,0.176924,0.002583,0.002634
0,8.724465,0.009532,0.839681,0.153069,0.864849,0.124828,0.000598,0.000166
0,7.986278,-0.018347,-0.717566,-0.007157,-0.74916,-0.009947,0.001051,0.00032
0,5.291037,0.191117,-2.696595,0.203622,-2.698561,0.239183,0.002466,0.002282
0,4.444926,0.144806,-0.852239,-0.047638,-0.853874,-0.030502,0.001067,0.002527
0,3.941443,0.041076,-0.481551,-0.07743,-0.460084,-0.034653,0.001381,0.000717
0,2.778785,0.169882,-1.150268,0.141476,-1.197227,0.162566,0.002059,0.002652
0,2.095336,0.188776,-0.655097,0.016703,-0.628094,0.01232,0.002752,0.002323
0,1.76577,0.108152,-0.350565,-0.101251,-0.35318,-0.054161,0.002731,0.001888
0,0.427603,0.117345,-1.315225,0.035074,-1.315871,-0.011226,0.001846,0.002048
0,-0.007203,-0.115213,-0.415694,-0.220004,-0.43439,-0.20318,0.000126,0.002011
0,-0.692152,0.088094,-0.684725,0.213239,-0.726993,0.251601,0.000845,0.001538
0,-0.805517,-0.034343,-0.095698,-0.093534,-0.049262,-0.075829,0.002794,0.000599
0,-0.744674,-0.090485,0.055163,-0.08551,0.068416,-0.060529,0.001762,0.001579
0,-0.457315,-0.189936,0.305143,-0.128867,0.304097,-0.095298,0.002364,0.002302
0,-0.450742,-0.084099,0.025786,0.081571,0.011148,0.051829,0.002249,0.001468
0,-0.262576,-0.132248,0.217754,-0.028286,0.184201,-0.01988,0.001035,0.002308
0,-0.256066,0.1301,-0.016368,0.236793,0.006333,0.223177,0.001148,0.002271
0,-0.149165,0.106879,0.110733,-0.036357,0.111834,-0.001267,0.002603,0.001865
0,-0.226507,-0.04469,-0.091514,-0.162367,-0.049879,-0.212311,0.001664,0.00078
0,-0.171101,0.087001,0.047498,0.12547,0.018758,0.095528,0.002631,0.001518
0,-0.099975,-0.116292,0.091043,-0.225839,0.116156,-0.253674,0.001745,0.00203
0,-0.032117,0.121271,0.090966,0.248787,0.082292,0.267866,0.000561,0.002117
0,0.124048,-0.006216,0.169937,-0.11476,0.134657,-0.073398,0.002165,0.000108
0,-0.033673,-0.08213,-0.183057,-0.092045,-0.205783,-0.140501,0.000588,0.001433
0,-0.089382,0.137899,-0.035269,0.24826,-0.059103,0.214692,0.00156,0.002407
0,-0.126883,-0.053637,-0.041497,-0.169081,-0.001569,-0.149841,0.002215,0.000936
0,-0.123837,-0.134906,-0.013899,-0.053253,0.006453,-0.0827,0.002161,0.002355
0,-0.197207,0.000392,-0.0725,0.141583,-0.059194,0.096898,0.002176,7e-06
0,-0.074609,0.092028,0.112015,0.088133,0.146159,0.111218,0.001302,0.001606
0,-0.221405,-0.027421,-0.153832,-0.106252,-0.170252,-0.066454,0.001753,0.000479
0,-0.234315,0.091105,-0.005332,0.144967,0.030222,0.145423,0.001528,0.00159
0,-0.165202,0.05689,0.092263,-0.009284,0.090648,-0.053273,0.002734,0.000993
0,-0.229975,0.085098,-0.09174,0.019705,-0.139574,0.0342,0.001604,0.001485
0,-0.182227,-0.071845,0.042129,-0.158491,0.023439,-0.186349,0.002437,0.001254
0,-0.208442,0.092183,-0.051681,0.156465,-0.037348,0.119067,0.00198,0.001609
0,-0.315463,-0.02475,-0.090679,-0.130891,-0.108704,-0.096952,0.000112,0.000432
0,-0.147614,-0.012666,0.173513,0.036211,0.136151,0.06688,0.002576,0.000221
0,-0.10238,0.051766,0.052312,0.093982,0.057945,0.10165,0.001787,0.000903
0,-0.132555,0.105948,-0.007446,0.024759,0.0237,0.055672,0.002314,0.001849
0,-0.167807,0.187215,-0.038102,0.110431,-0.029942,0.156317,0.002689,0.00235
0,-0.252003,0.077117,-0.112587,-0.090374,-0.090295,-0.091557,0.001219,0.001346
0,-0.025618,0.087267,0.207529,-0.012547,0.171842,-0.024594,0.000447,0.001523
0,-0.14155,0.182483,-0.136584,0.090676,-0.114129,0.105872,0.002471,0.002433
0,-0.07817,-0.047582,0.06689,-0.218119,0.07498,-0.263011,0.001364,0.00083
0,-0.169501,0.133098,-0.072377,0.192183,-0.029771,0.203278,0.002659,0.002323
0,-0.054008,-0.122583,0.106227,-0.256402,0.078044,-0.301357,0.000943,0.002139
0,-0.006523,0.12447,0.07651,0.247784,0.04428,0.204276,0.000114,0.002172
0,-0.227222,0.067401,-0.220266,-0.071588,-0.173719,-0.087202,0.001652,0.001176
0,-0.09305,0.173813,0.159979,0.13511,0.113028,0.097277,0.001624,0.002584
0,0.082377,0.139872,0.187148,-0.037598,0.212429,-0.005046,0.001438,0.002441
0,-0.126517,0.018537,-0.219939,-0.104584,-0.174281,-0.058627,0.002208,0.000324
0,-0.035999,0.125838,0.109016,0.131437,0.103627,0.172286,0.000628,0.002196
0,0.001131,-0.039265,0.053939,-0.184702,0.067055,-0.146898,2e-05,0.000685
0,-0.049698,0.129062,-0.077523,0.19761,-0.080336,0.192406,0.000867,0.002253
0,-0.067778,-0.081537,0.002898,-0.217866,-0.012258,-0.216076,0.001183,0.001423
0,0.094509,0.00615,0.159463,0.104537,0.201706,0.112959,0.001649,0.000107
0,-0.025188,0.180357,-0.135371,0.14614,-0.097901,0.192971,0.00044,0.00247
0,-0.115323,-0.036754,-0.083376,-0.233057,-0.075852,-0.229288,0.002013,0.000641
0,0.06058,-0.110884,0.149377,-0.075029,0.146863,-0.077416,0.001057,0.001935
0,0.006276,0.115799,-0.044472,0.23153,-0.002088,0.245077,0.00011,0.002021
0,0.069916,-0.015189,0.088915,-0.101443,0.107392,-0.108714,0.00122,0.000265
0,-0.057578,0.088733,-0.122683,0.099626,-0.112851,0.094613,0.001005,0.001549
0,-0.187357,-0.087902,-0.111832,-0.179108,-0.085774,-0.220336,0.002348,0.001534
0,-0.012646,0.035431,0.202048,0.120498,0.219816,0.157482,0.000221,0.000618
0,0.016549,-0.044468,0.043268,-0.09466,0.016462,-0.090286,0.000289,0.000776
0,0.096187,0.077441,0.103837,0.116067,0.082,0.104385,0.001679,0.001352
0,-0.115515,-0.037739,-0.213987,-0.144822,-0.232266,-0.098107,0.002016,0.000659
0,-0.113756,-0.089417,0.025952,-0.055111,0.033917,-0.036155,0.001985,0.001561
0,0.031256,-0.06628,0.125632,-0.006599,0.136149,0.020494,0.000546,0.001157
0,-0.12657,0.103311,-0.128012,0.151863,-0.079131,0.179495,0.002209,0.001803
0,0.007969,-0.074952,0.107789,-0.203177,0.072927,-0.209334,0.000139,0.001308
0,0.014911,-0.064236,0.01595,0.003401,0.026984,0.007675,0.00026,0.001121
0,-0.063323,-0.104136,-0.09781,-0.030689,-0.057383,-0.06039,0.001105,0.001818
0,-0.028767,0.057933,0.044892,0.180387,-0.003463,0.140925,0.000502,0.001011
0,0.150664,-0.005354,0.150156,-0.090209,0.145026,-0.079305,0.00263,9.3e-05
0,0.148427,-0.11392,0.02021,-0.123648,-0.025101,-0.137246,0.002591,0.001988
0,-0.017696,0.121892,-0.154684,0.235067,-0.199092,0.271623,0.000309,0.002127
0,0.147692,0.024586,0.189438,-0.082655,0.207846,-0.069338,0.002578,0.000429
0,-0.017163,0.090408,-0.152097,0.060835,-0.169569,0.027942,0.0003,0.001578
0,0.078934,-0.09139,0.112156,-0.18445,0.117146,-0.147593,0.001378,0.001595
0,-0.012394,-0.085467,-0.088392,-0.011235,-0.05195,-0.0536,0.000216,0.001492
0,0.083288,-0.039855,0.099257,0.048933,0.145466,0.072483,0.001454,0.000696
0,0.155991,0.078321,0.067801,0.110029,0.102328,0.061592,0.002723,0.001367
0,0.075115,-0.038277,-0.051919,-0.108165,-0.066001,-0.106081,0.001311,0.000668
0,-0.007158,0.110657,-0.082438,0.172441,-0.10842,0.221348,0.000125,0.001931
0,-0.007316,-0.169568,0.003491,-0.27492,-0.036174,-0.234815,0.000128,0.002658
0,-0.006978,0.087622,-0.004176,0.228816,0.01124,0.214438,0.000122,0.001529
0,0.044617,-0.071305,0.068285,-0.137824,0.036007,-0.092117,0.000779,0.001245
0,0.190758,-0.055278,0.123704,0.023589,0.104822,-0.016825,0.002288,0.000965
0,0.178413,-0.16765,0.001362,-0.116275,0.042231,-0.116636,0.002504,0.002691
0,0.147427,-0.023039,-0.0132,0.154059,-0.001992,0.147303,0.002573,0.000402
0,-0.007559,-0.008881,-0.173696,-0.014264,-0.174121,0.011112,0.000132,0.000155
0,0.090502,-0.092115,0.089699,-0.086358,0.099376,-0.067605,0.00158,0.001608
0,0.144716,0.01017,0.079264,0.131595,0.077308,0.117963,0.002526,0.000178
0,0.181657,-0.185071,0.051035,-0.217679,0.036513,-0.175466,0.002447,0.002387
0,0.046091,-0.113262,-0.115965,0.086662,-0.08206,0.057234,0.000804,0.001977
0,0.020278,-0.133253,-0.001725,-0.047053,-0.022549,-0.002239,0.000354,0.002326
0,0.021973,0.051099,-0.016088,0.211957,-0.001025,0.236386,0.000383,0.000892
0,0.167763,0.058724,0.157817,-0.020626,0.180783,-0.013718,0.002689,0.001025
0,0.179601,-0.038923,0.041717,-0.093447,0.057279,-0.086809,0.002483,0.000679
0,0.12132,-0.070907,-0.070099,-0.025938,-0.065548,-0.050989,0.002117,0.001238
0,0.168199,0.048197,0.059254,0.132659,0.015447,0.136865,0.002682,0.000841
0,0.019014,0.097001,-0.149623,0.067871,-0.122198,0.025819,0.000332,0.001693
0,0.229522,0.067194,0.191213,-0.029563,0.184427,-0.042533,0.001612,0.001173
0,0.255099,0.052571,0.049057,-0.041226,0.008731,-0.083087,0.001165,0.000918
0,0.24924,-0.006772,-0.00733,-0.040805,-0.044459,-0.038445,0.001267,0.000118
0,0.295965,0.05202,0.046941,0.033538,0.059898,0.041284,0.000452,0.000908
0,0.30092,-0.035539,0.010984,-0.086818,0.04549,-0.072877,0.000365,0.00062
0,0.284984,0.083362,-0.014434,0.093014,-0.019323,0.057653,0.000644,0.001455
0,0.072194,-0.110878,-0.210394,-0.210095,-0.163744,-0.242674,0.00126,0.001935
0,0.10772,-0.048034,0.012922,0.057019,0.004166,0.085238,0.00188,0.000838
0,0.230986,0.12004,0.105968,0.17155,0.124045,0.12501,0.001586,0.002095
0,0.146421,-0.011386,-0.06326,-0.153672,-0.062132,-0.125299,0.002556,0.000199
0,0.228965,-0.040913,0.067977,-0.033201,0.09983,-0.062594,0.001621,0.000714
0,0.14223,0.063536,-0.103729,0.075699,-0.06216,0.120909,0.002482,0.001109
0,0.01969,-0.04446,-0.128391,-0.08356,-0.152963,-0.06621,0.000344,0.000776
0,-0.040032,0.046122,-0.078978,0.119563,-0.07973,0.103845,0.000699,0.000805
0,0.206576,0.00805,0.238243,-0.042085,0.215405,-0.061255,0.002012,0.000141
0,0.031873,-0.080262,-0.195048,-0.103844,-0.242473,-0.138014,0.000556,0.001401
0,-0.133777,0.103046,-0.178342,0.208336,-0.184186,0.21946,0.002335,0.001798
0,0.015378,0.009393,0.172998,-0.083367,0.132809,-0.057929,0.000268,0.000164
0,-0.036701,-0.061587,-0.06289,-0.052388,-0.031772,-0.06474,0.000641,0.001075
0,-0.003274,-0.138115,0.023312,-0.058384,0.001195,-0.009432,5.7e-05,0.002411
0,-0.069295,0.082133,-0.057116,0.221191,-0.041621,0.254717,0.001209,0.001433
0,-0.101078,-0.024635,-0.007571,-0.093811,-0.056697,-0.085067,0.001764,0.00043
0,0.039029,0.103491,0.115854,0.149846,0.117558,0.172128,0.000681,0.001806
0,0.072226,-0.092082,0.0392,-0.194295,0.074137,-0.165073,0.001261,0.001607
0,-0.170731,-0.087046,-0.220098,0.009287,-0.170906,0.054508,0.002638,0.001519
0,-0.042969,-0.135918,0.107893,-0.062263,0.096215,-0.087054,0.00075,0.002372
0,-0.104828,-0.081595,-0.057821,0.056545,-0.02913,0.013295,0.00183,0.001424
0,0.097168,-0.013054,0.221733,0.079386,0.186513,0.082786,0.001696,0.000228
0,0.103894,0.071652,0.027743,0.076829,-0.003379,0.09077,0.001813,0.001251
0,-0.030963,-0.150962,-0.106567,-0.228131,-0.12811,-0.271496,0.00054,0.002635
0,0.007671,0.057889,0.029017,0.233139,0.005834,0.220845,0.000134,0.00101
0,-0.207979,0.12129,-0.215215,0.043907,-0.191948,0.058267,0.001988,0.002117
0,-0.007141,0.013505,0.172159,-0.110779,0.17829,-0.077416,0.000125,0.000236
0,0.067275,0.145818,0.087359,0.145709,0.134074,0.156759,0.001174,0.002545
0,-0.177031,0.034272,-0.235105,-0.129187,-0.195562,-0.145864,0.002528,0.000598
0,-0.174488,0.116095,0.022051,0.102199,0.00193,0.060934,0.002572,0.002026
0,-0.235657,-0.092565,-0.037219,-0.190437,-0.077825,-0.213085,0.001505,0.001616
0,-0.108789,0.134865,0.104169,0.197888,0.062418,0.241016,0.001899,0.002354
0,-0.069869,0.10877,0.009536,-0.031361,-0.035984,-0.07296,0.001219,0.001898
0,0.0535,0.023712,0.139654,-0.07581,0.150867,-0.085879,0.000934,0.000414
0,-0.083075,0.065392,-0.160281,0.025304,-0.145741,0.062739,0.00145,0.001141
0,-0.120127,-0.07908,-0.030776,-0.140508,0.014427,-0.167471,0.002097,0.00138
0,-0.182074,0.148939,-0.086547,0.206815,-0.050839,0.255166,0.00244,0.002599
0,0.015867,0.128019,0.177365,-0.001362,0.196746,0.01695,0.000277,0.002234
0,-0.049443,0.153599,-0.059918,0.027078,-0.022399,0.003976,0.000863,0.002681
0,-0.018836,-0.07551,0.032636,-0.201104,0.071206,-0.231275,0.000329,0.001318
0,-0.007451,0.126239,-0.013811,0.224,0.019558,0.197905,0.00013,0.002203
0,-0.155081,0.148297,-0.11967,-0.004244,-0.162897,-0.011386,0.002707,0.002588
0,0.011405,-0.081358,0.190542,-0.234296,0.145061,-0.196989,0.000199,0.00142
0,0.08486,0.094208,0.044301,0.16999,0.070865,0.144857,0.001481,0.001644
0,-0.079473,-0.073905,-0.181619,-0.148535,-0.152896,-0.131552,0.001387,0.00129
0,-0.056128,0.149038,0.035994,0.214931,0.060379,0.180925,0.00098,0.002601
0,0.03555,-0.003256,0.121032,-0.143086,0.110259,-0.178095,0.00062,5.7e-05
0,-0.121308,-0.078376,-0.155592,-0.06338,-0.138909,-0.040776,0.002117,0.001368
0,-0.073963,0.118079,0.045869,0.16779,0.004735,0.189415,0.001291,0.002061
0,0.164285,-0.072389,0.257923,-0.176519,0.263486,-0.181445,0.00275,0.001263
0,0.054122,0.08176,-0.132893,0.135594,-0.160313,0.185514,0.000945,0.001427
0,-0.031178,0.073243,-0.06476,-0.014559,-0.103737,-0.056094,0.000544,0.001278
0,0.004554,-0.023958,0.062928,-0.079536,0.034355,-0.074747,7.9e-05,0.000418
0,0.131011,-0.101088,0.099196,-0.088036,0.132115,-0.107948,0.002287,0.001764
0,-0.074639,0.048112,-0.20975,0.160967,-0.190615,0.133244,0.001303,0.00084
0,0.033743,0.062975,0.111224,0.044322,0.121428,0.021839,0.000589,0.001099
0,-0.132954,0.082154,-0.1395,0.048983,-0.158437,0.071324,0.00232,0.001434
0,-0.042591,-0.043812,0.062543,-0.123725,0.091913,-0.169085,0.000743,0.000765
0,0.110718,-0.13314,0.151291,-0.06087,0.16937,-0.093772,0.001932,0.002324
0,-0.596978,-0.18278,-0.691651,-0.076205,-0.726425,-0.097443,0.000816,0.002427
0,-0.81215,-0.49201,-0.235079,-0.288863,-0.192148,-0.253375,0.002678,0.002648
0,-0.723574,-0.481705,0.097699,-0.012321,0.099812,0.002604,0.001394,0.00279
0,-0.873543,-0.334548,-0.147223,0.157225,-0.16972,0.109322,0.001606,0.000221
0,-0.580966,-0.431449,0.286259,-0.102819,0.246031,-0.135448,0.001095,0.001913
0,-0.434242,-0.321114,0.127225,0.098469,0.078563,0.059402,0.001961,1.3e-05
0,-0.307203,-0.118846,0.151528,0.221088,0.125145,0.270744,0.000256,0.002074
0,-0.114355,-0.181892,0.197189,-0.090361,0.222954,-0.125492,0.001996,0.002443
0,-0.027218,-0.021302,0.111723,0.181916,0.128974,0.162899,0.000475,0.000372
0,-0.144933,0.07317,-0.089449,0.092412,-0.085371,0.049002,0.00253,0.001277
0,-3.705706,-0.16542,-3.580679,-0.248809,-3.617441,-0.19913,0.002733,0.00273
0,-5.487703,0.071887,-1.753733,0.250607,-1.744396,0.287886,0.000281,0.001255
0,-4.61001,-0.120135,0.886894,-0.209256,0.845699,-0.160234,0.001815,0.002097
0,-4.734081,0.035962,-0.094967,0.179802,-0.10783,0.182692,0.001637,0.000628
0,-3.750387,-0.040081,0.99993,-0.086743,0.964511,-0.080527,0.001953,0.0007
0,-2.874623,-0.023424,0.852349,-0.006396,0.813895,-0.043818,0.000386,0.000409
0,-1.707257,0.018716,1.152965,0.067278,1.182326,0.115833,0.00171,0.000327
0,-1.229357,-0.149663,0.454426,-0.157296,0.405605,-0.172496,0.001014,0.002612
0,-0.843855,0.055537,0.392032,0.224802,0.434247,0.256081,0.002124,0.000969
0,-0.281962,0.020067,0.568959,-0.052658,0.581406,-0.020342,0.000696,0.00035
0,-0.182934,0.024363,0.115538,-0.009515,0.147204,-0.034773,0.002425,0.000425
0,0.208105,-0.076047,0.382899,-0.11324,0.371045,-0.133253,0.001985,0.001327
0,0.21709,-0.009594,0.002789,0.064011,0.027876,0.042362,0.001829,0.000167
0,0.368324,-0.126241,0.174046,-0.119268,0.204281,-0.123431,0.000811,0.002203
0,0.422497,0.06437,0.056291,0.182561,0.017256,0.167558,0.001756,0.001123
0,0.503997,-0.162241,0.111435,-0.226827,0.09144,-0.235782,0.002439,0.002786
0,0.337531,0.046853,-0.175885,0.209487,-0.193067,0.190013,0.000274,0.000818
0,0.146895,0.141184,-0.220552,0.078995,-0.245574,0.1239,0.002564,0.002464
0,0.194986,0.016015,0.077932,-0.149242,0.088613,-0.139679,0.002214,0.00028
0,-0.011141,0.129723,-0.229227,0.121562,-0.185089,0.151784,0.000194,0.002264
0,0.202554,0.027075,0.21354,-0.080662,0.175868,-0.039369,0.002082,0.000473
0,0.000313,0.099083,-0.19744,0.067774,-0.192054,0.055792,5e-06,0.001729
0,0.023389,-0.061498,0.003177,-0.174841,0.045474,-0.19778,0.000408,0.001073
0,-0.092684,-0.007924,-0.094064,0.067812,-0.128512,0.102301,0.001618,0.000138
0,-0.011189,0.15475,0.060839,0.134543,0.067538,0.158166,0.000195,0.002701
0,-0.18145,-0.095393,-0.19571,-0.246523,-0.204548,-0.238774,0.002451,0.001665
0,-0.149465,-0.04605,0.021438,0.05772,-0.018966,0.106486,0.002609,0.000804
0,0.016256,0.15817,0.136359,0.176548,0.13611,0.205144,0.000284,0.002761
0,-0.166723,0.024378,-0.194537,-0.117549,-0.228951,-0.132122,0.002708,0.000425
0,-0.158014,0.023846,0.021753,-0.01875,0.067514,0.027708,0.002758,0.000416
0,-0.079734,0.068178,0.08385,0.041359,0.058838,0.041972,0.001392,0.00119
0,0.029008,0.183433,0.115646,0.127938,0.078446,0.084247,0.000506,0.002416
0,-0.069115,0.089753,-0.114478,-0.101511,-0.102345,-0.131925,0.001206,0.001566
0,-0.019664,-0.058012,0.049461,-0.157625,0.007947,-0.158839,0.000343,0.001013
0,-0.041748,-0.098694,-0.032906,-0.017443,-0.015753,-0.012603,0.000729,0.001723
0,-0.063087,0.815916,-0.00915,0.925185,0.023844,0.909775,0.001101,0.002612
0,-0.105339,1.267821,-0.061139,0.442236,-0.102962,0.466404,0.001839,0.000342
0,0.012437,1.319442,0.12545,0.033399,0.11403,0.029436,0.000217,0.000559
0,-0.156744,1.535219,-0.189279,0.202793,-0.21864,0.185487,0.002736,0.001293
0,-0.111065,1.640511,0.026278,0.090875,0.049368,0.065233,0.001938,0.000545
0,-0.182935,1.246639,-0.097776,-0.385013,-0.102018,-0.412562,0.002425,0.000712
0,-0.138584,0.891773,0.033908,-0.378963,0.03228,-0.342397,0.002419,0.001288
0,-0.031351,0.528537,0.117336,-0.349452,0.084895,-0.351254,0.000547,0.00201
0,0.036837,0.232254,0.064838,-0.26659,0.074249,-0.254715,0.000643,0.001564
0,-0.012475,0.275015,-0.071315,0.024861,-0.033053,-0.014007,0.000218,0.000818
0,-0.145557,0.017219,-0.128393,-0.275632,-0.110709,-0.226733,0.00254,0.000301
0,-0.040578,-0.126345,0.09409,-0.119241,0.127309,-0.152737,0.000708,0.002205
0,0.01377,-0.191799,0.081134,-0.066868,0.079037,-0.08325,0.00024,0.00227
0,-0.176187,-0.021371,-0.207655,0.158595,-0.236571,0.193702,0.002542,0.000373
0,-0.007299,-0.067769,0.154943,-0.045694,0.188892,-0.030764,0.000127,0.001183
0,0.14141,-0.145448,0.1778,-0.099034,0.205385,-0.102873,0.002468,0.002539
0,-0.045243,-0.101382,-0.159834,0.023642,-0.121723,0.034087,0.00079,0.001769
0,0.157547,-0.150741,0.192231,-0.037413,0.210477,-0.062865,0.00275,0.002631
0,0.034381,-0.033915,-0.145951,0.120454,-0.107237,0.118297,0.0006,0.000592
0,0.063857,-0.253256,0.028907,-0.23987,0.066908,-0.27463,0.001115,0.001197
0,0.187229,0.012981,0.134597,0.247925,0.146263,0.275832,0.00235,0.000227
0,-0.029284,-0.155249,-0.200941,-0.151431,-0.227403,-0.104948,0.000511,0.00271
0,0.18452,-0.024312,0.22208,0.139729,0.264272,0.142192,0.002397,0.000424
0,0.16527,-0.044362,-0.008332,-0.019644,0.035428,-0.016192,0.002733,0.000774
0,0.007984,-0.111809,-0.183809,-0.049863,-0.227563,-0.098699,0.000139,0.001951
0,0.169138,-0.107299,0.190474,0.023401,0.226572,0.011074,0.002665,0.001873
0,-0.078065,0.062026,-0.231448,0.185109,-0.226526,0.166449,0.001362,0.001083
0,0.032864,-0.185153,0.095255,-0.259904,0.122359,-0.288988,0.000574,0.002386
0,0.067158,-0.168501,0.007529,0.008957,0.042085,-0.014721,0.001172,0.002677
0,-0.086718,-0.095836,-0.169514,0.068669,-0.123172,0.03635,0.001514,0.001673
0,-0.022188,-0.050742,0.071465,0.029776,0.078915,0.028208,0.000387,0.000886
0,0.154382,-0.111177,0.203378,-0.071554,0.157227,-0.109711,0.002694,0.00194
0,0.053524,0.064294,-0.130088,0.180036,-0.095089,0.180066,0.000934,0.001122
0,0.171702,-0.02781,0.089324,-0.091054,0.106886,-0.111605,0.002621,0.000485
0,0.074226,-0.086827,-0.099093,-0.075647,-0.120474,-0.115878,0.001295,0.001515
0,0.102003,-0.175881,0.038108,-0.093823,0.068809,-0.100613,0.00178,0.002548
0,0.134466,0.043121,0.047332,0.229311,0.074229,0.262108,0.002347,0.000753
0,-0.011376,-0.036252,-0.132402,-0.076441,-0.123228,-0.106335,0.000199,0.000633
0,0.118093,-0.158414,0.116319,-0.105476,0.083596,-0.103075,0.002061,0.002765
0,-0.022815,0.039977,-0.157023,0.214441,-0.124137,0.203055,0.000398,0.000698
0,0.108375,-0.064409,0.11543,-0.081148,0.11154,-0.051482,0.001892,0.001124
0,0.175241,-0.042726,0.058838,0.017311,0.062061,0.01561,0.002559,0.000746
0,-0.035795,0.116867,-0.192822,0.160696,-0.20913,0.190572,0.000625,0.00204
0,0.027639,0.078647,0.038771,-0.027508,0.069273,-0.029371,0.000482,0.001373
0,0.080408,-0.119576,0.03312,-0.19377,0.030413,-0.18725,0.001403,0.002087
0,-0.089152,0.007077,-0.168236,0.135059,-0.20189,0.174096,0.001556,0.000124
0,0.122776,0.153769,0.229764,0.154786,0.240882,0.142398,0.002143,0.002684
0,0.048035,0.018724,-0.045439,-0.145238,-0.054522,-0.173893,0.000838,0.000327
0,0.035598,-0.014422,-0.024688,-0.016454,0.006493,-0.026053,0.000621,0.000252
0,-0.049616,-0.035833,-0.113982,-0.03443,-0.070657,0.011231,0.000866,0.000625
0,0.109823,-0.141105,0.139274,-0.114152,0.156227,-0.070318,0.001917,0.002463
0,0.026118,-0.119503,-0.054066,0.035946,-0.064454,-0.00498,0.000456,0.002086
0,0.042568,-0.064701,0.019636,0.063017,0.016852,0.021582,0.000743,0.001129
0,0.132938,-0.099461,0.082693,-0.051217,0.09866,-0.061634,0.00232,0.001736
0,0.083244,0.011408,-0.049047,0.082435,-0.069703,0.085942,0.001453,0.000199
0,-0.069191,-0.014239,-0.171405,-0.026867,-0.199277,-0.026566,0.001208,0.000249
0,0.065983,0.054784,0.150752,0.072228,0.197207,0.113259,0.001152,0.000956
0,-0.118187,-0.038805,-0.176451,-0.069751,-0.193254,-0.05581,0.002063,0.000677
0,-0.051434,0.052275,0.068827,0.083322,0.052282,0.056375,0.000898,0.000912
0,-0.032557,0.09715,-0.009749,0.064898,-0.03996,0.048458,0.000568,0.001696
0,-0.067864,-0.072323,-0.051679,-0.139929,-0.072675,-0.144818,0.001184,0.001262
0,0.037484,-0.07527,0.11038,-0.021581,0.111787,0.026607,0.000654,0.001314
0,-0.075178,-0.064734,-0.089748,0.038932,-0.064714,0.06618,0.001312,0.00113
0,-0.125497,-0.042126,-0.078685,0.03091,-0.039056,0.06874,0.00219,0.000735
0,0.086652,-0.132557,0.229147,-0.100927,0.2223,-0.057984,0.001512,0.002314
0,-0.03923,0.125204,-0.121091,0.268086,-0.132235,0.290642,0.000685,0.002185
0,-0.160965,0.064471,-0.141406,-0.063765,-0.171958,-0.026935,0.002808,0.001125
0,0.005443,0.168319,0.159673,0.080327,0.177106,0.044833,9.5e-05,0.00268
0,-0.171951,0.168938,-0.166989,0.000223,-0.176855,-0.046094,0.002616,0.002669
0,0.062671,-0.000609,0.247573,-0.185489,0.272369,-0.167917,0.001094,1.1e-05
0,0.114539,0.164205,0.02653,0.187218,-0.021181,0.155063,0.001999,0.002752
0,-0.004888,0.198628,-0.104865,0.016029,-0.064658,0.050619,8.5e-05,0.002151
0,0.116044,0.109738,0.139795,-0.068109,0.116462,-0.071594,0.002025,0.001915
0,-0.020032,0.001049,-0.143193,-0.094994,-0.140052,-0.060362,0.00035,1.8e-05
0,0.102959,-0.064734,0.142477,-0.095149,0.100225,-0.082012,0.001797,0.00113
0,0.188702,0.009447,0.095945,0.063224,0.055717,0.07728,0.002324,0.000165
0,0.205515,-0.030607,0.02583,-0.021047,-0.003127,-0.023773,0.002031,0.000534
0,0.095517,0.051963,-0.094983,0.053419,-0.079104,0.055189,0.001667,0.000907
0,0.206602,0.13194,0.136106,0.106928,0.137361,0.139047,0.002012,0.002303
0,-0.017323,-0.083144,-0.206721,-0.193802,-0.179873,-0.218868,0.000302,0.001451
0,0.0184,0.016651,0.028407,0.093356,-0.009779,0.04864,0.000321,0.000291
0,0.141652,-0.055553,0.121007,-0.089691,0.087176,-0.060573,0.002472,0.00097
0,0.08307,0.041866,-0.037306,0.109629,-0.038162,0.121304,0.00145,0.000731
0,0.004303,-0.128484,-0.080892,-0.188483,-0.12586,-0.190345,7.5e-05,0.002242
0,-0.046961,0.036118,-0.075549,0.190189,-0.079586,0.23297,0.00082,0.00063
0,-0.03239,-0.009775,-0.011991,-0.025518,-0.009378,0.021833,0.000565,0.000171
0,0.105767,0.122813,0.15063,0.111106,0.15094,0.12163,0.001846,0.002143
0,-0.053216,0.016481,-0.186087,-0.120363,-0.155862,-0.155544,0.000929,0.000288
0,0.088393,0.060705,0.140151,0.035447,0.153034,0.026006,0.001543,0.001059
0,-0.058331,0.060224,-0.144737,0.014192,-0.153576,-0.018994,0.001018,0.001051
0,0.066574,-0.12358,0.104309,-0.192565,0.143023,-0.197581,0.001162,0.002157
0,0.160027,0.145062,0.076945,0.295563,0.070565,0.252879,0.002793,0.002532
0,-0.026054,0.138663,-0.191078,-0.018003,-0.183343,0.031235,0.000455,0.00242
0,0.211662,-0.111556,0.226703,-0.223165,0.225527,-0.189707,0.001923,0.001947
0,0.230197,-0.063745,0.016557,0.036732,0.020586,0.003485,0.0016,0.001113
0,0.008667,-0.12241,-0.223633,-0.030819,-0.242476,0.016032,0.000151,0.002136
0,0.038827,0.124425,0.010133,0.263977,-0.027966,0.264262,0.000678,0.002172
0,-0.025007,-0.076678,-0.036087,-0.193233,-0.053064,-0.162229,0.000436,0.001338
0,0.228238,-0.024008,0.278447,0.055197,0.23329,0.009454,0.001634,0.000419
0,0.187219,-0.02385,-0.051891,0.02877,-0.053438,0.040607,0.00235,0.000416
0,0.127915,0.036516,-0.04597,0.031584,-0.091537,0.005589,0.002233,0.000637
0,-0.071508,-0.113265,-0.213209,-0.146417,-0.188831,-0.16761,0.001248,0.001977
0,0.092019,-0.048135,0.143677,0.038934,0.17259,0.033857,0.001606,0.00084
0,0.007823,0.06119,-0.060092,0.13115,-0.038302,0.136399,0.000137,0.001068
0,-0.068552,0.004193,-0.076859,-0.064157,-0.112217,-0.08585,0.001196,7.3e-05
0,0.061982,-0.153658,0.117869,-0.156122,0.070818,-0.19785,0.001082,0.002682
0,-0.23769,-0.111696,-0.2788,0.055947,-0.249771,0.017567,0.001469,0.001949
0,0.015477,-0.115597,0.263501,-0.019213,0.260392,-0.035372,0.00027,0.002018
0,-0.000427,0.008225,-0.010373,0.136388,-0.028725,0.103832,7e-06,0.000144
0,0.058426,-0.002222,0.037557,-0.029712,0.044617,-0.048099,0.00102,3.9e-05
0,-0.065499,0.004488,-0.13938,-0.018007,-0.160265,0.019935,0.001143,7.8e-05
0,-0.040054,0.043962,0.046924,0.050565,0.031411,0.092549,0.000699,0.000767
0,-0.003853,0.0435,0.044993,0.003832,0.007149,-0.027353,6.7e-05,0.000759
0,-0.03366,0.040475,-0.048849,0.004361,-0.053851,0.027517,0.000587,0.000706
0,-0.182647,-0.124114,-0.165842,-0.172242,-0.122423,-0.177148,0.00243,0.002166
0,-0.250748,0.102006,-0.039551,0.210151,-0.005474,0.190147,0.001241,0.00178
0,-0.017689,0.166891,0.255078,0.042604,0.246714,0.017989,0.000309,0.002705
0,-0.155246,-0.011675,-0.110018,-0.204945,-0.114702,-0.191118,0.00271,0.000204
0,0.021176,-0.028292,0.183033,-0.04154,0.196819,-0.072993,0.00037,0.000494
0,0.0115,0.038253,-0.008688,0.076912,-0.030788,0.106458,0.000201,0.000668
0,-0.215517,0.073973,-0.204403,0.052248,-0.250368,0.083815,0.001856,0.001291
0,-0.129267,0.154985,0.089308,0.095893,0.108151,0.11645,0.002256,0.002705
0,0.011861,0.060653,0.130413,-0.104965,0.149188,-0.109743,0.000207,0.001059
0,0.005769,0.072241,0.001301,0.030591,-0.006011,0.02734,0.000101,0.001261
0,0.040936,-0.016944,0.018827,-0.096476,-0.002574,-0.107959,0.000714,0.000296
0,-4.743345,-0.34137,-4.811585,-0.30279,-4.854169,-0.333464,0.001476,0.000341
0,-6.702804,-0.285356,-1.982267,0.070077,-2.014113,0.083456,0.000982,0.000637
0,-6.850016,-0.693887,-0.167119,-0.407301,-0.209135,-0.419993,0.001588,0.000876
0,-5.463677,-0.573023,1.37972,0.140709,1.330016,0.135304,0.000138,0.001234
0,-4.491702,-0.314014,0.9801,0.282901,1.028969,0.291315,0.00025,0.000137
0,-3.66387,-0.29694,0.822426,-0.002712,0.864308,-0.043609,0.002154,0.000435
0,-2.359821,-0.181951,1.324997,0.098565,1.340445,0.138971,0.001864,0.002442
0,-1.675965,-0.155416,0.700739,0.029751,0.662244,0.02398,0.001164,0.002713
0,-0.746913,-0.205895,0.94142,-0.028186,0.9654,-0.067895,0.001801,0.002024
0,-0.373622,-0.037679,0.353279,0.171314,0.385453,0.174736,0.000903,0.000658
0,0.272193,0.015474,0.67511,0.051131,0.707306,0.023782,0.000867,0.00027
0,1.040893,0.017678,0.762542,0.012993,0.715932,0.004738,0.001314,0.000309
0,1.42799,0.005231,0.396359,-0.004501,0.372798,0.043476,0.002453,9.1e-05
0,1.233166,0.00248,-0.172083,-0.002174,-0.193171,0.047414,0.000947,4.3e-05
0,0.941533,0.217082,-0.283557,0.198311,-0.290938,0.224428,0.00042,0.001829
0,0.536486,-0.076527,-0.386544,-0.277037,-0.414685,-0.293889,0.001872,0.001336
0,0.584696,0.150859,0.039531,0.218432,0.057749,0.200081,0.00103,0.002633
0,0.416284,-0.081495,-0.155335,-0.221097,-0.163462,-0.202992,0.001648,0.001422
0,0.282519,0.053192,-0.148837,0.138978,-0.147363,0.126758,0.000687,0.000928
0,0.046502,-0.02284,-0.229366,-0.074299,-0.230672,-0.122059,0.000812,0.000399
0,-0.001182,0.128665,-0.041441,0.157012,-0.010646,0.131368,2.1e-05,0.002246
0,-0.150751,-0.00796,-0.146493,-0.137701,-0.150957,-0.183667,0.002631,0.000139
0,-0.06614,0.034938,0.06515,0.03826,0.065668,0.022519,0.001154,0.00061
0,-0.179339,0.002753,-0.093867,-0.020702,-0.050026,0.006511,0.002487,4.8e-05
0,-0.116585,0.109297,0.056998,0.095298,0.09632,0.130895,0.002035,0.001908
0,-0.001987,0.154775,0.11583,0.046835,0.067537,0.005385,3.5e-05,0.002701
0,-0.02657,-0.115936,-0.044878,-0.269225,-0.020104,-0.261553,0.000464,0.002023
0,-0.279798,0.019155,-0.25843,0.16276,-0.259366,0.210848,0.000734,0.000334
0,-0.231224,-0.096494,0.028424,-0.120723,-0.019126,-0.147725,0.001582,0.001684
0,0.02124,0.019055,0.26759,0.105539,0.291808,0.075536,0.000371,0.000333
0,-0.118912,0.008914,-0.145882,-0.005518,-0.147102,0.034832,0.002075,0.000156
0,0.085125,-0.073601,0.227156,-0.058758,0.271249,-0.072579,0.001486,0.001285
0,0.004368,0.104143,-0.105041,0.203618,-0.05786,0.179772,7.6e-05,0.001818
0,0.055182,0.035635,0.062493,-0.061078,0.077285,-0.082266,0.000963,0.000622
0,0.105001,0.117725,0.062969,0.102555,0.025665,0.095746,0.001833,0.002055
0,0.098566,-0.032397,-0.02826,-0.17487,-0.048581,-0.198611,0.00172,0.000565
0,0.085883,0.130569,-0.000556,0.187464,0.032417,0.194872,0.001499,0.002279
0,0.166008,-0.142899,0.05109,-0.261004,0.069607,-0.264631,0.00272,0.002494
0,0.063424,0.027709,-0.101321,0.142099,-0.129125,0.170295,0.001107,0.000484
0,0.159646,-0.068777,0.094083,-0.074145,0.067691,-0.09109,0.002786,0.0012
0,0.003367,-0.069811,-0.178458,0.014486,-0.149745,0.054739,5.9e-05,0.001218
0,0.036847,-0.05758,0.047945,0.034498,0.08724,0.02178,0.000643,0.001005
0,0.214627,0.103337,0.1522,0.152759,0.159055,0.131839,0.001872,0.001804
0,0.224873,-0.099719,-0.012749,-0.175938,-0.059771,-0.202661,0.001693,0.00174
0,0.26776,-0.046933,0.02329,0.055233,0.036052,0.099338,0.000944,0.000819
0,0.172329,-0.171363,-0.083825,-0.094911,-0.081706,-0.086235,0.00261,0.002627
0,0.185327,-0.113074,-0.007231,0.055524,-0.026162,0.060688,0.002383,0.001974
0,0.174383,-0.113887,0.002359,0.015236,0.048778,0.016864,0.002574,0.001988
0,0.105227,-0.151772,-0.058732,-0.015826,-0.074824,-0.021498,0.001837,0.002649
0,0.099471,0.02551,-0.034709,0.174824,-0.044945,0.221364,0.001736,0.000445
0,0.213232,0.039122,0.095778,0.025638,0.126006,-0.002004,0.001896,0.000683
0,0.275253,0.045465,0.0782,0.006637,0.102867,-0.038781,0.000813,0.000794
0,0.025274,-0.110289,-0.246379,-0.182417,-0.221284,-0.143666,0.000441,0.001925
0,-0.038943,-0.013075,-0.047131,0.121239,-0.087686,0.091085,0.00068,0.000228
0,0.068528,0.154604,0.083008,0.157191,0.075778,0.182798,0.001196,0.002698
0,0.204404,-0.080538,0.133022,-0.248578,0.135549,-0.214917,0.00205,0.001406
0,-0.05476,-0.108038,-0.236672,-0.021677,-0.242344,0.012518,0.000956,0.001886
0,-0.036954,-0.047212,0.013763,0.041367,0.056491,-0.004646,0.000645,0.000824
0,0.041978,0.144094,0.06499,0.20049,0.047431,0.15376,0.000733,0.002515
0,-0.017856,-0.059794,-0.037909,-0.201341,-0.066834,-0.160007,0.000312,0.001044
0,0.048973,0.089194,0.078221,0.129744,0.064491,0.154908,0.000855,0.001557
0,0.041502,-0.03613,0.011093,-0.127387,0.034061,-0.082615,0.000724,0.000631
0,0.074492,-0.122698,0.032982,-0.11439,0.068257,-0.089277,0.0013,0.002141
0,-0.05532,0.061245,-0.149908,0.161503,-0.139242,0.206926,0.000966,0.001069
0,-0.010516,0.077973,0.063124,0.034458,0.103404,0.042868,0.000184,0.001361
0,-0.192508,-0.16495,-0.189387,-0.234931,-0.178145,-0.24941,0.002258,0.002739
0,-0.208603,-0.012186,-0.040334,0.177933,-0.047781,0.167141,0.001977,0.000213
0,-0.143074,0.079887,0.048846,0.093899,0.091488,0.091166,0.002497,0.001394
0,0.024711,0.092229,0.153131,0.023117,0.169035,0.038389,0.000431,0.00161
0,0.012629,-0.017729,0.008968,-0.101557,0.001829,-0.141114,0.00022,0.000309
0,-0.074335,-0.161014,-0.095308,-0.116664,-0.124815,-0.134024,0.001297,0.002807
0,-0.198141,0.121533,-0.105263,0.272375,-0.072699,0.289664,0.002159,0.002121
0,-0.145245,-0.13473,0.080356,-0.27241,0.032147,-0.276209,0.002535,0.002351
0,-0.128116,0.110281,0.027367,0.236623,0.054029,0.190541,0.002236,0.001925
0,-0.073157,0.066899,0.030848,-0.052028,-0.005567,-0.091825,0.001277,0.001168
0,-0.068515,0.118597,0.009028,0.062045,0.005182,0.040724,0.001196,0.00207
0,-0.083813,0.052281,-0.007096,-0.070504,0.016157,-0.081492,0.001463,0.000912
0,0.056813,0.020846,0.129485,-0.028822,0.164272,0.013294,0.000992,0.000364
0,-0.094983,-0.051985,-0.170252,-0.062927,-0.165524,-0.077175,0.001658,0.000907
0,0.115933,-0.021169,0.22343,0.029393,0.188786,0.014028,0.002023,0.000369
0,0.081951,-0.1689,-0.046402,-0.155067,-0.06881,-0.171331,0.00143,0.00267
0,-0.127424,-0.010241,-0.223248,0.150643,-0.242161,0.119183,0.002224,0.000179
0,-0.058575,-0.154314,0.051482,-0.157032,0.089581,-0.147207,0.001022,0.002693
0,0.073385,-0.120272,0.148463,0.048403,0.102513,0.079898,0.001281,0.002099
0,-0.069368,-0.05517,-0.149392,0.053984,-0.126728,0.028802,0.001211,0.000963
0,0.016329,-0.12085,0.069161,-0.055191,0.079279,-0.077551,0.000285,0.002109
0,-0.187893,-0.133766,-0.20042,-0.025449,-0.188309,-0.068881,0.002338,0.002335
0,-0.03738,0.031876,0.171085,0.141867,0.140026,0.147622,0.000652,0.000556
0,-0.232835,0.092762,-0.188924,0.050258,-0.216436,0.001769,0.001554,0.001619
0,-0.091396,-0.038971,0.126599,-0.156435,0.151063,-0.129265,0.001595,0.00068
0,-0.023669,0.029726,0.080332,0.066391,0.069604,0.103141,0.000413,0.000519
0,-0.205667,-0.19024,-0.179387,-0.223641,-0.168603,-0.217577,0.002028,0.002297
0,-0.103769,-0.021202,0.123549,0.171393,0.124148,0.149036,0.001811,0.00037
0,0.002928,-0.070364,0.100807,-0.037556,0.109525,-0.04262,5.1e-05,0.001228
0,0.084587,0.013714,0.080858,0.079665,0.071322,0.038372,0.001476,0.000239
0,-0.052143,-0.054589,-0.161756,-0.095309,-0.17074,-0.111614,0.00091,0.000953
0,-0.027261,0.120263,0.020576,0.200832,-0.014661,0.234554,0.000476,0.002099
0,-0.08703,-0.06481,-0.055195,-0.194236,-0.094098,-0.217251,0.001519,0.001131
0,-2.399062,-0.132275,-2.32255,-0.091937,-2.315275,-0.045533,0.002549,0.002309
0,-2.873325,-0.517772,-0.49474,-0.355792,-0.528549,-0.401544,0.000409,0.002198
0,-3.036658,-0.381822,-0.178412,0.146935,-0.160641,0.151837,0.002442,0.001047
0,-3.702866,-0.759773,-0.641982,-0.364328,-0.623833,-0.324527,0.002783,0.002026
0,-3.513875,-0.503531,0.192929,0.250682,0.214771,0.250414,0.000464,0.002447
0,-3.140602,-0.674003,0.372649,-0.162599,0.359267,-0.176845,0.001361,0.000529
0,-2.182522,-0.318413,0.930916,0.385036,0.90849,0.404626,0.00123,6e-05
0,-1.536393,-0.370811,0.664604,-0.040985,0.680864,-0.048436,0.001272,0.000854
0,-1.148175,-0.242127,0.416835,0.101449,0.454769,0.113916,0.002431,0.001392
0,-0.311671,-0.007239,0.852397,0.223981,0.855336,0.262261,0.000178,0.000126
0,-1.755224,-0.497614,-1.441393,-0.48038,-1.469959,-0.456788,0.002547,0.00255
0,-3.345847,-0.956036,-1.606081,-0.467816,-1.587126,-0.487255,0.002221,0.000167
0,-3.490841,-1.584581,-0.135993,-0.630134,-0.152419,-0.633187,0.000866,0.000431
0,-3.400612,-1.546742,0.081622,0.047487,0.033363,0.069013,0.002441,0.001092
0,-3.095397,-1.426782,0.280838,0.121916,0.231651,0.164574,0.00215,0.002432
0,-2.31645,-1.422298,0.802588,0.031178,0.784602,0.018372,0.001107,0.002354
0,-1.477043,-1.164372,0.812443,0.258858,0.76248,0.256126,0.002308,0.002148
0,-1.187467,-0.897892,0.289198,0.257151,0.326827,0.276976,0.001745,0.001181
0,-0.296564,-0.619446,0.882739,0.263692,0.923861,0.255083,0.000441,0.000424
0,-0.204296,-0.547168,0.118932,0.095364,0.099805,0.143294,0.002052,0.001685
0,0.374171,-0.227899,0.604225,0.307849,0.584442,0.2898,0.000913,0.00164
0,0.436968,-0.105679,0.064368,0.150003,0.105716,0.173081,0.002009,0.001844
0,0.362997,0.025084,-0.052615,0.104547,-0.040084,0.090288,0.000718,0.000438
0,0.605526,0.062049,0.262462,0.024166,0.243673,0.03029,0.000667,0.001083
0,0.350023,-0.110229,-0.284361,-0.178788,-0.266423,-0.182478,0.000492,0.001924
0,0.454102,0.165896,0.076047,0.303738,0.036767,0.30596,0.002308,0.002722
0,0.130757,-0.047313,-0.300854,-0.215565,-0.314039,-0.206877,0.002282,0.000826
0,0.273789,-0.006119,0.131623,0.05706,0.159027,0.086003,0.000839,0.000107
0,0.267907,-0.019978,0.023817,-0.029563,-0.018907,-0.011708,0.000942,0.000349
0,0.185898,-0.027848,-0.087915,-0.029904,-0.058965,-0.006109,0.002373,0.000486
0,0.006887,0.055274,-0.187647,0.083343,-0.138231,0.124539,0.00012,0.000965
0,-0.078478,-0.067886,-0.104125,-0.09531,-0.149985,-0.065933,0.00137,0.001185
0,-0.220913,0.101789,-0.155988,0.19346,-0.131393,0.225796,0.001762,0.001777
0,-0.039206,0.093607,0.183334,0.02075,0.182528,-0.007778,0.000684,0.001634
0,0.024618,0.169158,0.073526,0.101482,0.092242,0.082184,0.00043,0.002665
0,-0.198614,-0.076428,-0.200913,-0.231776,-0.202672,-0.276446,0.002151,0.001334
0,0.018845,0.045516,0.202987,0.101286,0.176464,0.137112,0.000329,0.000794
0,0.03581,0.101419,-0.004208,0.02852,-0.018391,0.045087,0.000625,0.00177
0,-0.001682,-0.048886,-0.053257,-0.154477,-0.098577,-0.174565,2.9e-05,0.000853
0,0.020878,-0.098625,0.007764,-0.057188,0.01094,-0.032258,0.000364,0.001721
0,-0.063985,-0.117716,-0.074112,-0.03693,-0.02412,-0.001012,0.001117,0.002055
0,0.061905,-0.105526,0.145463,-0.007649,0.120826,-0.045947,0.00108,0.001842
0,-1.317319,1.998216,-1.38832,2.105239,-1.390232,2.068361,0.000522,0.00117
0,-1.736527,2.398611,-0.422733,0.389046,-0.431169,0.388332,0.002221,0.002541
0,-1.845399,2.488815,-0.10615,0.068398,-0.139809,0.053133,0.001497,0.001502
0,-1.907638,2.319273,-0.060438,-0.152663,-0.072908,-0.15246,0.00041,0.001156
0,-2.140618,2.217985,-0.206624,-0.079106,-0.233692,-0.071364,0.001962,0.000611
0,-1.93139,1.70859,0.222687,-0.516316,0.215576,-0.526328,4e-06,0.001733
0,-1.788347,1.114438,0.16081,-0.601181,0.153648,-0.640607,0.002493,0.002598
0,-1.460764,0.946255,0.316378,-0.171988,0.27236,-0.137256,0.002592,0.000337
0,-1.11195,0.738401,0.336612,-0.218353,0.325432,-0.183134,0.002555,0.001653
0,-0.733705,0.361939,0.353574,-0.402784,0.36806,-0.365242,0.001571,0.0007
0,-0.534272,0.081098,0.205591,-0.26109,0.184007,-0.213862,0.00191,0.001415
0,1.270709,-1.297422,1.803641,-1.355314,1.846791,-1.325215,0.000292,0.000174
0,3.056746,-2.042774,1.758934,-0.774148,1.794291,-0.810712,0.002793,0.001948
0,3.354301,-2.194213,0.285715,-0.130694,0.312806,-0.175965,0.002369,0.001026
0,3.592672,-2.555878,0.242118,-0.357067,0.269255,-0.401072,0.000911,0.000332
0,3.078603,-2.264205,-0.488665,0.305805,-0.513932,0.352927,0.002443,0.000195
0,2.332296,-2.021189,-0.722572,0.244577,-0.753866,0.25171,0.001384,0.001571
0,2.067076,-1.463075,-0.274642,0.564882,-0.304609,0.573295,0.002372,0.002552
0,1.7081,-0.968003,-0.37256,0.498527,-0.353229,0.53557,0.001724,4.2e-05
0,1.541402,-0.603052,-0.182463,0.338532,-0.161846,0.355029,0.001185,0.00071
0,1.04014,-0.51799,-0.512145,0.073053,-0.534685,0.026362,0.001301,0.002194
0,0.490969,-0.084374,-0.576018,0.413672,-0.534155,0.440501,0.002666,0.001473
0,0.082786,0.233248,-0.400385,0.345748,-0.353057,0.30265,0.001445,0.001547
0,-0.179749,0.298129,-0.270809,0.046731,-0.235131,0.012176,0.00248,0.000414
0,0.108965,0.279456,0.308784,-0.002505,0.309259,0.020839,0.001902,0.00074
0,0.018345,0.325593,-0.095943,0.070244,-0.110547,0.073354,0.00032,6.5e-05
0,-0.060943,0.156295,-0.107051,-0.167448,-0.130803,-0.156626,0.001064,0.002728
0,-0.103282,0.212174,-0.061916,0.076669,-0.033232,0.111918,0.001803,0.001914
0,0.012613,0.200893,0.109994,0.000149,0.159214,0.019268,0.00022,0.002111
0,0.00864,0.286088,-0.020414,0.081743,0.013237,0.124399,0.000151,0.000624
0,0.159686,0.311023,0.174057,0.020564,0.189525,-0.024421,0.002787,0.000189
0,0.071783,0.152268,-0.075218,-0.129158,-0.032837,-0.161337,0.001253,0.002658
0,-0.018237,0.141784,-0.115936,0.011443,-0.084922,0.012466,0.000318,0.002475
0,0.17451,0.274839,0.198664,0.115217,0.16641,0.151274,0.002572,0.000821
0,-0.088909,0.047385,-0.238407,-0.205806,-0.235264,-0.215375,0.001552,0.000827
0,0.17491,0.131434,0.247305,0.084805,0.278355,0.098263,0.002565,0.002294
0,0.061421,0.143464,-0.107726,0.001918,-0.138278,0.028818,0.001072,0.002504
0,0.106698,0.067997,0.028551,-0.104136,0.03538,-0.09724,0.001862,0.001187
0,0.085088,0.267387,-0.012226,0.176591,0.020779,0.142872,0.001485,0.000951
0,0.175915,0.09608,0.061963,-0.168265,0.08882,-0.146538,0.002547,0.001677
0,0.111679,0.188946,-0.089631,0.108379,-0.108611,0.124204,0.001949,0.00232
0,0.073645,0.233781,-0.063017,0.06763,-0.041925,0.084587,0.001285,0.001537
0,-0.008127,0.149465,-0.087189,-0.099624,-0.060266,-0.065778,0.000142,0.002609
0,0.112858,0.045897,0.107215,-0.116563,0.128231,-0.070351,0.00197,0.000801
0,0.225802,0.178013,0.091272,0.110213,0.073881,0.109883,0.001677,0.002511
0,-0.006186,0.10306,-0.225186,-0.045774,-0.180548,-0.030098,0.000108,0.001799
0,0.042085,0.23884,0.052262,0.108136,0.080479,0.094501,0.000735,0.001449
0,0.093278,0.111143,0.03623,-0.102897,0.0069,-0.137636,0.001628,0.00194
0,0.031635,0.002366,-0.043833,-0.096065,0.003076,-0.125832,0.000552,4.1e-05
0,0.144432,-0.050249,0.111223,-0.024757,0.112508,-0.044802,0.002521,0.000877
0,0.072604,0.051131,-0.081284,0.089695,-0.036042,0.045977,0.001267,0.000892
0,-0.03027,0.190065,-0.115409,0.128394,-0.157929,0.089633,0.000528,0.0023
0,-0.047347,0.000405,-0.014054,-0.199226,0.013728,-0.164766,0.000826,7e-06
0,0.010409,0.118209,0.053365,0.13214,0.034616,0.130433,0.000182,0.002063
0,0.069138,-0.007771,0.041175,-0.126316,0.015991,-0.109291,0.001207,0.000136
0,0.122316,0.107697,0.031156,0.114141,0.043769,0.146161,0.002135,0.00188
0,0.181156,0.20489,0.037872,0.111995,0.029799,0.110839,0.002456,0.002042
0,0.115384,0.058014,-0.048609,-0.144591,-0.010133,-0.117438,0.002014,0.001013
0,0.067805,0.07744,-0.032207,0.036101,0.012734,-0.003036,0.001183,0.001352
0,0.200911,-0.013969,0.139784,-0.082015,0.149673,-0.092109,0.002111,0.000244
0,0.097424,0.186976,-0.109913,0.219676,-0.142069,0.203863,0.0017,0.002354
0,0.026024,0.266945,-0.05998,0.062913,-0.027088,0.095705,0.000454,0.000958
0,0.019275,0.078117,-0.028077,-0.161612,-0.056894,-0.140669,0.000336,0.001363
0,-0.081728,0.038551,-0.098775,-0.015718,-0.096415,-0.004665,0.001426,0.000673
0,-0.10329,0.20297,0.007848,0.182453,0.002293,0.161333,0.001803,0.002075
0,-0.026101,0.099854,0.106105,-0.074134,0.138884,-0.06808,0.000456,0.001743
0,-0.021964,0.060899,0.010314,-0.059946,-0.021833,-0.028473,0.000383,0.001063
0,0.049387,-0.014322,0.098179,-0.060704,0.126686,-0.074136,0.000862,0.00025
0,-0.144964,0.237386,-0.181291,0.244767,-0.181752,0.264316,0.00253,0.001474
0,-0.06652,0.057558,0.049939,-0.208729,0.0472,-0.251585,0.001161,0.001005
0,-4.861734,0.476091,-4.792585,0.433232,-4.805578,0.412819,0.000591,0.002692
0,-4.541647,0.539724,0.348897,0.03938,0.383374,0.083131,0.000622,0.001815
0,-5.295351,0.524264,-0.738185,-0.018637,-0.702998,0.001227,0.002541,0.002085
0,-5.275486,0.404201,0.0285,-0.139545,0.039088,-0.160043,0.002194,0.001437
0,-4.507585,0.617194,0.754413,0.21737,0.762592,0.214903,2.7e-05,0.000463
0,-3.650335,0.584958,0.830034,-0.025602,0.858403,-0.00108,0.001918,0.001026
0,-2.569597,0.294679,1.092058,-0.268268,1.047527,-0.292547,9.2e-05,0.000474
0,-1.739727,0.210822,0.808598,-0.073808,0.76767,-0.048535,0.002276,0.001938
0,-1.160134,0.107318,0.565824,-0.092063,0.602921,-0.071146,0.002222,0.001873
0,-5.307033,-0.552099,-4.174397,-0.661612,-4.134092,-0.644595,0.002745,0.001599
0,-6.293661,-0.506603,-1.001632,0.071434,-1.010357,0.067298,0.002505,0.002393
0,-5.486366,-0.682457,0.805091,-0.176892,0.788014,-0.13149,0.000258,0.000676
0,-4.008981,-0.629263,1.458113,0.070435,1.449692,0.102555,0.00256,0.000252
0,-3.149186,-0.499995,0.836664,0.107419,0.78685,0.062075,0.001211,0.002508
0,-2.56434,-0.392978,0.613995,0.090863,0.608587,0.095628,0.000184,0.001241
0,-1.665607,-0.159054,0.901534,0.212627,0.880914,0.183042,0.000983,0.002776
0,-0.537775,0.06033,1.143,0.233324,1.111621,0.247394,0.001849,0.001053
0,-0.282508,0.008853,0.265911,-0.046417,0.255007,-0.028598,0.000687,0.000155
0,0.099153,-0.061074,0.399435,-0.049275,0.364481,-0.04405,0.001731,0.001066
0,0.447688,0.140643,0.348714,0.20249,0.345556,0.222617,0.002196,0.002455
0,0.681805,0.174778,0.215476,0.042693,0.205778,0.034305,0.000665,0.002567
0,0.623946,0.251478,-0.043695,0.075857,-0.081231,0.056315,0.000345,0.001228
0,0.737535,0.033535,0.110439,-0.207278,0.097901,-0.164773,0.001637,0.000585
0,0.623269,0.042179,-0.11775,0.018028,-0.164086,0.001392,0.000357,0.000736
0,0.659218,0.120492,0.046493,0.099179,0.028728,0.069884,0.000271,0.002103
0,0.542661,0.060476,-0.143749,-0.031264,-0.146952,0.017845,0.001764,0.001055
0,0.434015,-0.021923,-0.093292,-0.099765,-0.092597,-0.134574,0.001957,0.000383
0,0.552027,0.017382,0.090579,0.024335,0.101138,0.063079,0.0016,0.000303
0,0.467116,-0.01853,-0.059156,-0.041511,-0.095409,-0.079491,0.002535,0.000323
0,0.35561,-0.097879,-0.099471,-0.09892,-0.118201,-0.111167,0.000589,0.001708
0,0.299857,-0.048421,-0.061127,0.024928,-0.013299,0.038586,0.000384,0.000845
0,0.176107,0.147842,-0.151998,0.184329,-0.169157,0.152976,0.002544,0.00258
0,0.215264,-0.093235,0.056601,-0.217668,0.049163,-0.25184,0.00186,0.001627
0,0.130165,-0.079956,-0.056141,-0.008105,-0.101743,-0.02789,0.002272,0.001395
0,0.334843,0.107478,0.184694,0.200302,0.176088,0.168693,0.000227,0.001876
0,0.125289,0.014881,-0.223658,-0.116733,-0.242777,-0.103209,0.002187,0.00026
0,0.276365,0.105341,0.127412,0.077141,0.173758,0.0636,0.000794,0.001839
0,0.060874,0.065061,-0.220195,-0.034075,-0.208698,-0.041102,0.001062,0.001136
0,0.049449,-0.090206,-0.016796,-0.139462,-0.028685,-0.118585,0.000863,0.001574
0,0.316499,0.005645,0.293925,0.10669,0.257796,0.141646,9.4e-05,9.9e-05
0,0.33149,0.008534,0.040618,-0.008847,0.030616,0.038423,0.000168,0.000149
0,0.259197,-0.004243,-0.069269,0.003474,-0.086367,0.004917,0.001094,7.4e-05
0,0.234366,0.007691,-0.04279,0.02504,-0.016401,0.031667,0.001527,0.000134
0,0.269329,0.056909,0.018822,0.069272,-0.026208,0.051869,0.000917,0.000993
0,0.226718,0.047937,-0.056721,-0.024499,-0.038016,-0.058066,0.001661,0.000837
0,0.153911,0.072327,-0.05481,0.033817,-0.025925,0.017423,0.002686,0.001262
0,0.166331,0.068224,0.016653,-0.005095,0.012509,-0.038715,0.002714,0.001191
0,0.129348,-0.104338,-0.042562,-0.164856,-0.047901,-0.190179,0.002258,0.001821
0,0.155583,0.084245,0.029755,0.200263,0.028033,0.206675,0.002715,0.00147
0,0.113594,-0.114899,-0.056641,-0.191307,-0.098981,-0.200801,0.001983,0.002005
0,-0.102788,0.049007,-0.193067,0.174648,-0.171417,0.151699,0.001794,0.000855
0,0.126758,-0.035731,0.241906,-0.069518,0.247414,-0.10646,0.002212,0.000624
0,0.048379,-0.178496,-0.055364,-0.14997,-0.017475,-0.160391,0.000844,0.002502
0,0.209398,0.038163,0.147201,0.189484,0.159118,0.160564,0.001963,0.000666
0,0.052381,-0.178649,-0.163243,-0.214567,-0.157724,-0.178201,0.000914,0.002499
0,0.121965,-0.013926,0.06474,0.160194,0.051351,0.183674,0.002129,0.000243
0,0.270358,-0.021398,0.176747,0.015852,0.212842,0.065399,0.000899,0.000373
0,0.268553,-0.022293,-0.024307,-0.000788,-0.056541,-0.026069,0.00093,0.000389
0,0.068948,-0.179152,-0.19871,-0.1492,-0.173075,-0.162514,0.001203,0.002491
0,0.105621,-0.149131,0.045423,0.047155,-0.002443,0.010908,0.001843,0.002603
0,0.145765,-0.044649,0.033462,0.074747,0.002582,0.06252,0.002544,0.000779
0,0.268668,-0.183599,0.120268,-0.135791,0.14747,-0.18479,0.000928,0.002413
0,0.082259,-0.205772,-0.178433,-0.005173,-0.154109,0.036454,0.001436,0.002026
0,0.088042,-0.134719,0.020024,0.098912,0.030784,0.051199,0.001537,0.002351
0,0.237283,-0.035677,0.142775,0.084715,0.113606,0.066164,0.001476,0.000623
0,0.200756,-0.164989,-0.01935,-0.14676,0.024183,-0.138623,0.002114,0.002738
0,0.252255,-0.123229,0.054664,0.037791,0.083771,0.041534,0.001215,0.002151
0,0.225306,0.030314,-0.028038,0.155281,-0.07254,0.118782,0.001685,0.000529
0,0.092283,0.038377,-0.103541,0.003853,-0.087046,0.007446,0.001611,0.00067
0,0.236835,-0.083528,0.132882,-0.148646,0.181822,-0.100267,0.001484,0.001458
0,0.047738,-0.08734,-0.172887,-0.029358,-0.132038,-0.048556,0.000833,0.001524
0,-0.090142,0.11314,-0.160037,0.1936,-0.174667,0.204512,0.001573,0.001975
0,0.176726,-0.154942,0.247882,-0.268208,0.279644,-0.310604,0.002533,0.002704
0,0.146251,0.028815,-0.03646,0.208543,-0.073632,0.241853,0.002553,0.000503
0,0.160221,0.019239,-0.006942,0.010345,-0.031702,-0.013351,0.002796,0.000336
0,0.08114,-0.226287,-0.083964,-0.216571,-0.048738,-0.16731,0.001416,0.001668
0,0.100036,-0.034727,-0.005943,0.18255,0.031102,0.177838,0.001746,0.000606
0,0.175887,-0.160222,0.094135,-0.125705,0.050117,-0.097916,0.002548,0.002796
0,0.177641,-0.02362,0.008358,0.151202,-0.001086,0.109303,0.002517,0.000412
0,0.230665,-0.03222,0.058068,0.010025,0.099073,-0.019376,0.001592,0.000562
0,0.159219,0.070346,-0.07226,0.085809,-0.08086,0.096062,0.002779,0.001228
0,0.180967,-0.168021,0.017574,-0.218079,0.006346,-0.261703,0.002459,0.002685
0,-0.019972,0.058434,-0.180812,0.222084,-0.167184,0.245597,0.000349,0.00102
0,-0.083622,-0.029544,-0.081829,-0.10572,-0.076805,-0.115234,0.001459,0.000516
0,0.044865,0.015289,0.103487,0.026784,0.107549,0.045268,0.000783,0.000267
0,-0.117237,0.079658,-0.139021,0.05789,-0.162358,0.037598,0.002046,0.00139
0,0.041091,0.11399,0.178608,0.034814,0.210981,0.010081,0.000717,0.001989
0,0.149404,0.021715,0.119338,-0.106956,0.154937,-0.091494,0.002608,0.000379
0,0.037112,-0.042058,-0.120944,-0.091527,-0.149679,-0.117585,0.000648,0.000734
0,0.167531,0.010918,0.146882,0.051615,0.139984,0.032489,0.002694,0.000191
0,0.074155,0.042705,-0.07876,0.003591,-0.056028,-0.03344,0.001294,0.000745
0,0.034547,-0.095006,-0.056859,-0.146597,-0.044445,-0.181857,0.000603,0.001658
0,0.099572,-0.000101,0.08106,0.108392,0.040123,0.112329,0.001738,2e-06
0,0.037101,0.035987,-0.066168,0.024725,-0.025726,0.066765,0.000648,0.000628
0,0.052772,-0.065288,-0.009827,-0.129599,0.015099,-0.173021,0.000921,0.001139
0,0.043866,-0.123005,0.018763,-0.049137,0.032999,-0.055336,0.000766,0.002147
0,0.105502,0.027994,0.077321,0.123342,0.038612,0.155318,0.001841,0.000489
0,0.027963,-0.047069,-0.052816,-0.07154,-0.102499,-0.113422,0.000488,0.000822
0,0.05494,0.079333,0.006674,0.129375,0.004452,0.135847,0.000959,0.001385
0,0.074935,-0.024615,0.038695,-0.082149,0.076157,-0.108377,0.001308,0.00043
0,0.110619,-0.040975,0.014783,-0.034712,0.042707,-0.037072,0.001931,0.000715
0,-0.060423,0.01015,-0.167665,0.024365,-0.166104,0.049312,0.001055,0.000177
0,0.173255,0.072706,0.21263,0.04961,0.215777,0.069889,0.002594,0.001269
0,0.181077,0.202913,-0.009373,0.137099,0.023812,0.178383,0.002457,0.002076
0,0.119763,-0.016168,-0.068397,-0.224916,-0.090939,-0.183509,0.00209,0.000282
0,0.159313,0.163019,0.043259,0.162986,0.05083,0.153529,0.002781,0.002772
0,0.240034,0.198055,0.065379,0.02083,0.029298,-0.013786,0.001428,0.002161
0,0.165868,-0.015588,-0.062764,-0.206219,-0.087338,-0.228353,0.002723,0.000272
0,0.119295,0.169748,-0.074894,0.165466,-0.092943,0.126963,0.002082,0.002655
0,0.048767,-0.030711,-0.046322,-0.229177,-0.046357,-0.181214,0.000851,0.000536
0,0.15833,0.022318,0.08361,0.060229,0.045181,0.108667,0.002763,0.00039
0,-0.069334,0.213917,-0.20493,0.170602,-0.17868,0.157646,0.00121,0.001884
0,-0.119877,-0.023452,-0.054573,-0.231339,-0.01089,-0.26159,0.002092,0.000409
0,0.035892,0.173573,0.170598,0.20448,0.185409,0.174959,0.000626,0.002588
0,0.026124,0.20513,-0.037459,0.001816,-0.009652,0.000807,0.000456,0.002037
0,0.129967,0.082913,0.131672,-0.149175,0.124266,-0.162388,0.002268,0.001447
0,0.184279,0.066547,0.07766,0.011343,0.116207,-0.021164,0.002401,0.001161
0,0.118526,0.122511,-0.055278,0.054129,-0.091757,0.033267,0.002069,0.002138
0,0.181138,-0.01366,0.054807,-0.145729,0.037014,-0.141192,0.002456,0.000238
0,0.122339,0.031757,-0.071263,0.036572,-0.115034,0.011716,0.002135,0.000554
0,0.15995,0.200278,0.030865,0.17651,0.03456,0.14109,0.002792,0.002122
0,0.214971,0.135126,0.084053,-0.074718,0.044583,-0.077034,0.001866,0.002358
0,0.036514,0.109455,-0.168972,-0.024066,-0.151183,-0.026006,0.000637,0.00191
0,0.041975,-0.040002,-0.024256,-0.123691,-0.001682,-0.096574,0.000733,0.000698
0,0.153565,0.132052,0.136215,0.154073,0.143655,0.187238,0.00268,0.002305
0,0.089464,0.099471,-0.060376,-0.032864,-0.031679,-0.011519,0.001561,0.001736
0,-0.055147,0.204064,-0.141305,0.133135,-0.133484,0.167442,0.000962,0.002056
0,0.037769,0.165411,0.080379,-0.067323,0.049347,-0.033917,0.000659,0.002731
0,-0.044041,0.114056,-0.067502,-0.064074,-0.052854,-0.113953,0.000769,0.001991
0,-0.148054,0.126159,-0.0864,0.025503,-0.073079,-0.003319,0.002584,0.002202
0,-0.003361,0.091734,0.156703,-0.029129,0.154165,-0.055516,5.9e-05,0.001601
0,-0.105508,0.129116,-0.111166,0.050834,-0.136098,0.091735,0.001841,0.002254
0,-0.034398,0.097466,0.077563,-0.058788,0.103573,-0.035393,0.0006,0.001701
0,-0.064705,0.057143,-0.058118,-0.011192,-0.093984,-0.006596,0.001129,0.000997
0,-0.040439,-0.057669,0.045035,-0.086908,0.081739,-0.062324,0.000706,0.001007
0,-2.111517,0.852273,-2.060194,0.929413,-2.045343,0.947068,0.00247,0.001978
0,-3.744268,0.76619,-1.655426,-0.102252,-1.638391,-0.109659,0.00206,0.002138
0,-3.689785,1.169935,0.0329,0.411786,0.013481,0.388728,0.002606,0.002051
0,-5.105314,1.03978,-1.437052,-0.155985,-1.431959,-0.138836,0.000776,0.001295
0,-4.699986,0.85694,0.379418,-0.210949,0.37136,-0.199658,0.002232,0.001896
0,-3.654712,0.942972,1.071941,0.067092,1.023921,0.088528,0.001994,0.000395
0,-2.741363,0.807375,0.915511,-0.134573,0.905839,-0.163199,0.002712,0.002761
0,-1.982657,0.726063,0.731815,-0.109553,0.71558,-0.155748,0.000899,0.001437
0,-0.989845,0.326648,0.967377,-0.370444,1.017043,-0.359157,0.000424,8.4e-05
0,-0.438233,0.386423,0.563701,0.069697,0.555062,0.023171,0.002031,0.001127
0,-0.065916,-0.084294,0.385257,-0.45265,0.337013,-0.409392,0.00115,0.001471
0,0.5907,-0.075094,0.668724,0.032719,0.669161,0.033363,0.000925,0.001311
0,0.65815,-0.179264,0.060007,-0.113647,0.066248,-0.104666,0.000252,0.002489
0,0.399878,0.013756,-0.234148,0.205137,-0.253244,0.178467,0.001362,0.00024
0,0.426193,-0.146261,0.054132,-0.146667,0.0563,-0.173611,0.001821,0.002553
0,0.241636,-0.074701,-0.166842,0.078441,-0.185188,0.048887,0.0014,0.001304
0,0.455012,-0.18914,0.218072,-0.13609,0.19442,-0.143529,0.002324,0.002316
0,0.479231,-0.034612,0.043152,0.142276,0.088568,0.102498,0.002747,0.000604
0,0.244906,0.051003,-0.246825,0.064325,-0.292209,0.075065,0.001343,0.00089
0,0.235138,-0.036508,-0.001107,-0.073135,-0.008091,-0.110112,0.001514,0.000637
0,0.370772,-0.022904,0.111707,0.040949,0.137718,0.04917,0.000854,0.0004
0,0.174817,-0.065796,-0.211158,-0.058864,-0.184362,-0.086791,0.002566,0.001148
0,0.185415,-0.17064,0.026966,-0.097621,-0.003018,-0.049141,0.002381,0.002639
0,0.108971,-0.136064,-0.087989,0.055495,-0.132768,0.006773,0.001902,0.002375
0,0.394243,0.116595,0.274947,0.247496,0.228129,0.211051,0.001263,0.002035
0,0.088407,-0.115339,-0.304055,-0.246418,-0.321858,-0.275953,0.001543,0.002013
0,0.16697,-0.003084,0.062378,0.121896,0.060441,0.085019,0.002703,5.4e-05
0,0.130298,0.111017,-0.047631,0.123244,-0.064339,0.083103,0.002274,0.001938
0,0.354415,-0.008839,0.207042,-0.127311,0.228999,-0.090779,0.000568,0.000154
0,0.169456,0.091257,-0.158341,0.079205,-0.178481,0.100726,0.00266,0.001593
0,0.174695,-0.074754,0.030789,-0.175239,0.056359,-0.200132,0.002569,0.001305
0,0.212175,0.032912,0.014893,0.089683,0.034273,0.128741,0.001914,0.000574
0,0.185462,-0.161984,-0.011842,-0.203781,-0.028077,-0.175254,0.002381,0.00279
0,0.080865,-0.008697,-0.105981,0.126222,-0.116216,0.08196,0.001411,0.000152
0,0.298854,-0.028152,0.21227,-0.010733,0.199634,0.026271,0.000402,0.000491
0,0.130712,0.059835,-0.138424,0.074732,-0.131302,0.099546,0.002281,0.001044
0,0.092702,-0.124184,-0.053605,-0.200054,-0.018815,-0.227193,0.001618,0.002167
0,0.117703,-0.160264,0.018541,-0.007203,0.066165,-0.053775,0.002054,0.002797
0,0.308813,-0.046974,0.216294,0.098852,0.205714,0.089555,0.000228,0.00082
0,0.048966,0.109361,-0.276181,0.133424,-0.228733,0.183063,0.000855,0.001909
0,0.192826,-0.131138,0.166801,-0.254663,0.150591,-0.283674,0.002252,0.002289
0,0.064183,0.005245,-0.150898,0.136651,-0.126588,0.126283,0.00112,9.2e-05
0,0.161546,-0.022025,0.076248,-0.012704,0.103854,-0.060536,0.002798,0.000384
0,0.015591,-0.008531,-0.120928,0.038453,-0.131899,0.073948,0.000272,0.000149
0,0.257441,-0.082408,0.230034,-0.086477,0.266026,-0.056405,0.001124,0.001438
0,0.205298,-0.213772,-0.035435,-0.131409,0.004631,-0.120699,0.002034,0.001886
0,0.257776,0.089533,0.033867,0.284735,0.004472,0.330877,0.001118,0.001563
0,0.022711,-0.134187,-0.24798,-0.222082,-0.19882,-0.199154,0.000396,0.002342
0,0.140202,0.039244,0.146329,0.157128,0.112798,0.113732,0.002447,0.000685
0,-0.057582,0.060155,-0.189038,0.006115,-0.162681,0.020775,0.001005,0.00105
0,0.064351,-0.012816,0.112309,-0.070931,0.127883,-0.07842,0.001123,0.000224
0,0.021409,-0.032675,-0.041061,0.00829,-0.06947,0.043995,0.000374,0.00057
0,0.097881,-0.148878,0.10381,-0.145342,0.094118,-0.144171,0.001708,0.002598
0,0.036901,-0.003717,-0.078749,0.136593,-0.074984,0.106651,0.000644,6.5e-05
0,0.023292,-0.125427,0.010296,-0.092638,0.054249,-0.130719,0.000407,0.002189
0,0.20058,-0.015757,0.198189,0.094888,0.151185,0.101468,0.002117,0.000275
0,0.233066,-0.071787,0.021809,-0.031553,0.018503,0.015765,0.00155,0.001253
0,0.12565,-0.003527,-0.124352,0.075677,-0.089901,0.073569,0.002193,6.2e-05
0,0.242329,-0.021714,0.09925,0.000286,0.092691,-0.016253,0.001388,0.000379
0,0.176311,-0.161918,-0.053012,-0.122056,-0.091536,-0.100155,0.00254,0.002791
0,0.172827,-0.046502,0.007962,0.092793,-0.009725,0.061727,0.002601,0.000812
0,0.167037,-0.018421,-0.022599,0.048381,-0.052955,0.059722,0.002702,0.000322
0,0.057865,-0.126366,-0.094307,-0.130802,-0.096812,-0.178915,0.00101,0.002206
0,0.012901,0.011135,-0.058007,0.141211,-0.09851,0.105911,0.000225,0.000194
0,-0.163792,0.095351,-0.202042,0.081111,-0.186929,0.109333,0.002759,0.001664
0,-0.102257,-0.121447,0.09138,-0.235735,0.077951,-0.220915,0.001785,0.00212
0,-0.063836,-0.037308,0.012283,0.103909,0.009423,0.116053,0.001114,0.000651
0,-0.163092,-0.118477,-0.111751,-0.05472,-0.107149,-0.015987,0.002771,0.002068
0,-0.144408,-0.056908,0.023992,0.05497,0.033251,0.046517,0.00252,0.000993
0,-0.149721,-0.018327,-0.00764,0.055079,-0.002122,0.102333,0.002613,0.00032
0,0.012502,-0.051305,0.164632,-0.062839,0.184257,-0.085594,0.000218,0.000895
0,-0.099759,-0.000314,-0.104892,0.078244,-0.150621,0.104141,0.001741,5e-06
0,-0.107376,0.036778,0.013767,0.012267,0.029231,0.003831,0.001874,0.000642
0,-0.143646,0.009642,-0.049261,-0.000747,-0.057186,0.04262,0.002507,0.000168
0,0.074286,0.096986,0.199519,0.07927,0.178303,0.036612,0.001297,0.001693
0,-0.097726,-0.187603,-0.163768,-0.264372,-0.167438,-0.222362,0.001706,0.002343
0,0.094136,0.007566,0.184749,0.19408,0.169963,0.155005,0.001643,0.000132
0,-0.109157,0.023023,-0.207846,0.015585,-0.192915,0.050236,0.001905,0.000402
0,0.02672,0.042283,0.141138,0.034362,0.121849,0.058689,0.000466,0.000738
0,0.206815,0.09178,0.155725,0.050596,0.186871,0.015112,0.002008,0.001602
0,-0.013327,0.061043,-0.212834,-0.059677,-0.174077,-0.085221,0.000233,0.001065
0,0.096132,0.021329,0.083351,-0.054302,0.095389,-0.081063,0.001678,0.000372
0,0.158338,0.083108,0.064673,0.038375,0.022664,0.013018,0.002764,0.001451
0,0.185588,0.044854,0.049976,-0.057759,0.026313,-0.04168,0.002378,0.000783
0,-0.038576,0.119928,-0.204113,0.061662,-0.170705,0.069695,0.000673,0.002093
0,0.202373,-0.047891,0.241275,-0.184535,0.284871,-0.190015,0.002085,0.000836
0,0.089448,-0.048815,-0.123058,-0.01728,-0.157703,0.008056,0.001561,0.000852
0,0.022031,-0.033165,-0.072628,-0.007245,-0.101345,-0.024339,0.000385,0.000579
0,-0.001788,0.133128,-0.028928,0.179286,-0.068827,0.176479,3.1e-05,0.002324
0,-0.07743,-0.060609,-0.072983,-0.182835,-0.070509,-0.187323,0.001351,0.001058
0,0.114679,0.113614,0.198295,0.167024,0.162247,0.125105,0.002002,0.001983
0,0.00517,0.091799,-0.134934,-0.039742,-0.089015,-0.063266,9e-05,0.001602
0,0.008767,0.098824,-0.001646,0.032285,-0.004352,0.000419,0.000153,0.001725
0,-0.051946,0.034789,-0.05917,-0.072508,-0.094605,-0.043858,0.000907,0.000607
0,-0.05713,0.023124,-0.022694,-0.026228,0.018183,-0.067206,0.000997,0.000404
0,-0.161934,0.041271,-0.109535,0.019393,-0.127493,0.016227,0.002791,0.00072
0,0.106977,-0.04132,0.281287,-0.08489,0.265736,-0.035084,0.001867,0.000721
0,0.096076,0.034803,0.004498,0.072794,0.04975,0.049996,0.001677,0.000607
0,-0.167317,0.094739,-0.251342,0.044388,-0.240968,0.00271,0.002697,0.001654
0,0.044313,-0.092711,0.234547,-0.189603,0.280565,-0.237916,0.000773,0.001618
0,-0.04267,-0.023243,-0.080991,0.093379,-0.047109,0.092693,0.000745,0.000406
0,-0.01955,0.023777,0.029747,0.055332,-0.013978,0.09737,0.000341,0.000415
0,0.07656,0.012197,0.119965,0.013079,0.159384,0.030725,0.001336,0.000213
0,0.012113,0.007543,-0.049732,0.015019,-0.082661,-0.020319,0.000211,0.000132
0,0.093432,-0.075122,0.103716,-0.060558,0.137185,-0.027297,0.001631,0.001311
0,-0.096517,0.178577,-0.197555,0.265928,-0.244661,0.239029,0.001685,0.002501
0,-0.065463,0.001751,0.020133,-0.189119,0.064747,-0.216299,0.001143,3.1e-05
0,-0.002909,0.060512,0.057821,0.041558,0.03386,0.026789,5.1e-05,0.001056
0,0.004478,-0.110527,0.009825,-0.196187,0.037558,-0.150129,7.8e-05,0.001929
0,-0.01679,0.157707,-0.003751,0.274399,0.01384,0.26932,0.000293,0.002753
0,-0.000248,-0.074161,0.017893,-0.246614,0.014825,-0.26475,4e-06,0.001294
0,0.007872,0.038245,0.022916,0.088969,0.016127,0.137274,0.000137,0.000667
0,-0.268307,0.069131,-0.282226,0.009448,-0.281054,-0.002645,0.000935,0.001207
0,-0.067905,0.015078,0.192224,-0.060365,0.196159,-0.087068,0.001185,0.000263
0,-0.168839,0.099652,-0.127005,0.097625,-0.10061,0.090457,0.002671,0.001739
0,0.000483,0.063338,0.163205,-0.00652,0.122306,0.02418,8e-06,0.001105
0,0.016553,-0.13236,0.007427,-0.19061,0.024939,-0.146115,0.000289,0.00231
0,0.072516,0.077056,0.068537,0.217335,0.106336,0.239881,0.001266,0.001345
0,-0.092048,-0.114399,-0.135995,-0.194596,-0.094474,-0.195832,0.001607,0.001997
0,-0.133165,-0.007541,-0.018402,0.085508,0.003181,0.121501,0.002324,0.000132
0,-0.159712,-0.09836,-0.029535,-0.074157,-0.00299,-0.072089,0.002787,0.001717
0,-0.103854,-0.077747,0.068821,0.039186,0.09016,0.049427,0.001813,0.001357
0,-0.007314,0.162667,0.115181,0.245973,0.090843,0.21024,0.000128,0.002778
0,-0.018964,0.09323,-0.018348,-0.055321,-0.050034,-0.032544,0.000331,0.001627
0,0.034238,0.200483,0.036123,0.112582,0.054405,0.081,0.000598,0.002118
0,-0.077151,0.141389,-0.102768,-0.047743,-0.081002,-0.067198,0.001347,0.002468
0,-0.065216,-0.019384,0.034861,-0.159152,0.084075,-0.161361,0.001138,0.000338
0,0.192746,-0.066508,0.263758,-0.038452,0.292931,-0.026145,0.002253,0.001161
0,0.131291,-0.087119,-0.047684,0.003182,-0.025218,0.037592,0.002291,0.001521
0,-0.061243,0.038712,-0.21691,0.148789,-0.181574,0.184518,0.001069,0.000676
0,0.164409,0.055319,0.197939,-0.010991,0.21414,-0.056654,0.002748,0.000965
0,-0.031903,0.083799,-0.203763,0.042314,-0.1713,0.024654,0.000557,0.001463
0,0.006698,0.158129,0.02344,0.048126,0.034328,0.089863,0.000117,0.00276
0,-0.069494,0.225644,-0.083616,0.095537,-0.086661,0.14473,0.001213,0.001679
0,0.165707,0.232998,0.223564,0.014232,0.202928,-0.033856,0.002725,0.001551
0,-0.092739,-0.0092,-0.237049,-0.251452,-0.224027,-0.282989,0.001619,0.000161
0,0.144941,0.181915,0.25685,0.17295,0.218064,0.176776,0.00253,0.002442
0,0.033819,0.132358,-0.119603,-0.06738,-0.100653,-0.052465,0.00059,0.00231
0,0.015053,0.197948,-0.04618,0.036755,-0.083518,0.000431,0.000263,0.002163
0,0.112346,-0.022371,0.068286,-0.242398,0.063789,-0.273276,0.001961,0.00039
0,-0.023293,0.176519,-0.106591,0.20652,-0.065245,0.203991,0.000407,0.002537
0,-0.062127,0.154052,-0.061197,-0.012096,-0.079008,0.034826,0.001084,0.002689
0,0.108849,0.002563,0.189694,-0.178965,0.185079,-0.176094,0.0019,4.5e-05
0,0.11749,0.076825,0.028629,0.052322,0.054342,0.077681,0.002051,0.001341
0,0.178904,0.080243,0.040159,0.024001,0.059792,0.068168,0.002495,0.001401
0,-0.06009,-0.0427,-0.226366,-0.132683,-0.263803,-0.108596,0.001049,0.000745
0,0.039978,0.116064,0.121583,0.154693,0.129617,0.115895,0.000698,0.002026
0,0.023088,0.110586,-0.045778,-0.015274,-0.034767,-0.038382,0.000403,0.00193
0,0.256714,0.095768,0.251213,0.013105,0.298461,0.014793,0.001137,0.001671
0,0.086444,0.123466,-0.147147,0.05684,-0.175114,0.08166,0.001509,0.002155
0,0.10709,0.13839,0.005461,0.020668,0.017322,-0.02766,0.001869,0.002415
0,0.093893,0.006625,-0.016742,-0.130987,-0.036107,-0.17385,0.001639,0.000116
0,0.026011,-0.052106,-0.091741,-0.069235,-0.094459,-0.046947,0.000454,0.000909
0,-0.006961,0.074308,-0.009765,0.145254,0.007145,0.174395,0.000121,0.001297
0,0.190154,0.046424,0.226765,-0.045594,0.244751,-0.086155,0.002299,0.00081
0,0.25712,0.128138,0.075632,0.053988,0.122203,0.073349,0.00113,0.002236
0,0.227524,0.050905,-0.02459,-0.082299,0.01602,-0.037829,0.001646,0.000888
0,0.14401,0.082984,-0.053599,0.048994,-0.028965,0.004892,0.002513,0.001448
0,0.181054,-0.106079,0.050766,-0.181796,0.084968,-0.165968,0.002458,0.001851
0,0.201515,-0.091386,0.009661,0.001281,0.013309,-0.016811,0.0021,0.001595
0,0.156216,0.043857,-0.041679,0.137686,-0.019098,0.093192,0.002726,0.000765
0,0.087256,-0.053358,-0.06192,-0.110341,-0.111542,-0.152501,0.001523,0.000931
0,0.243833,0.082442,0.177724,0.123599,0.167219,0.163571,0.001362,0.001439
0,0.018576,0.10126,-0.245443,0.024798,-0.28552,0.032193,0.000324,0.001767
0,0.249117,0.090062,0.221553,0.010373,0.235222,0.051854,0.00127,0.001572
0,0.013338,-0.014548,-0.258929,-0.111091,-0.297739,-0.142557,0.000233,0.000254
0,0.127541,-0.086443,0.109815,-0.060787,0.15615,-0.084634,0.002226,0.001509
0,0.155788,0.0696,0.017417,0.152603,0.052546,0.199733,0.002719,0.001215
0,0.168052,-0.142014,0.028283,-0.208172,0.005359,-0.186885,0.002684,0.002479
0,0.025286,0.0204,-0.1532,0.148149,-0.119811,0.134563,0.000441,0.000356
0,0.313908,0.104049,0.305985,0.065986,0.280685,0.055062,0.000139,0.001816
0,0.121579,-0.138126,-0.197807,-0.270715,-0.204828,-0.308742,0.002122,0.002411
0,0.185081,0.033669,0.090629,0.163923,0.110016,0.182583,0.002387,0.000588
0,0.09072,0.028446,-0.116587,-0.01393,-0.157085,-0.002715,0.001583,0.000496
0,0.11843,-0.002307,0.000516,-0.00589,0.043454,-0.021987,0.002067,4e-05
0,0.367034,0.125714,0.246824,0.142147,0.239444,0.167667,0.000788,0.002194
0,0.199468,0.117378,-0.17863,0.001038,-0.194195,-0.046068,0.002136,0.002049
0,0.33028,0.037509,0.148854,-0.056814,0.109323,-0.054374,0.000147,0.000655
0,0.12062,0.005085,-0.226692,-0.003705,-0.247787,0.028721,0.002105,8.9e-05
0,0.172437,0.105673,0.061544,0.116409,0.040605,0.140324,0.002608,0.001844
0,0.189181,0.017144,0.045402,-0.065841,0.074438,-0.046821,0.002316,0.000299
0,0.075677,0.14481,-0.1042,0.147419,-0.064608,0.122885,0.001321,0.002527
0,0.214351,0.011898,0.149908,-0.161849,0.110567,-0.187555,0.001876,0.000208
0,0.219002,-0.131441,-0.016569,-0.139334,-0.061716,-0.102871,0.001795,0.002294
0,0.131185,-0.068075,-0.061657,0.033574,-0.013019,0.0496,0.00229,0.001188
0,0.220959,0.077066,0.095561,0.127337,0.05016,0.112223,0.001761,0.001345
0,0.195018,-0.063337,0.00277,-0.13112,0.008997,-0.147328,0.002214,0.001105
0,0.266027,-0.06763,0.093785,-0.02001,0.081045,-0.019181,0.000974,0.00118
0,0.026666,-0.061021,-0.259918,-0.01707,-0.278222,-0.058064,0.000465,0.001065
0,0.215644,0.021323,0.171822,0.064717,0.14027,0.079677,0.001854,0.000372
0,0.346505,0.028787,0.146377,-0.000979,0.135315,-0.01184,0.00043,0.000502
0,0.119337,-0.063837,-0.208292,-0.067581,-0.172079,-0.09372,0.002083,0.001114
0,0.246204,-0.085905,0.097415,-0.046072,0.14704,-0.046638,0.00132,0.001499
0,0.034929,0.028372,-0.182881,0.094575,-0.204433,0.064958,0.00061,0.000495
0,0.246377,-0.071536,0.238336,-0.120866,0.209489,-0.129938,0.001317,0.001249
0,0.134988,-0.005808,-0.104159,0.048903,-0.079172,0.004268,0.002356,0.000101
0,-0.091473,0.071952,-0.255206,0.102738,-0.221911,0.127679,0.001597,0.001256
0,0.042551,-0.059119,0.138498,-0.115504,0.135313,-0.138728,0.000743,0.001032
0,0.005668,0.049825,-0.022126,0.135358,-0.011419,0.172438,9.9e-05,0.00087
0,0.016608,0.013787,0.016098,-0.011881,0.032854,-0.046732,0.00029,0.000241
0,0.185371,0.060264,0.169141,0.034813,0.167189,0.026652,0.002382,0.001052
0,-0.024315,0.004885,-0.205485,-0.028281,-0.222827,-0.039477,0.000424,8.5e-05
0,0.128656,0.051294,0.156635,0.031026,0.190506,0.07213,0.002245,0.000895
0,0.106979,0.026338,-0.012983,-0.034375,0.001584,-0.007476,0.001867,0.00046
0,0.157824,0.047911,0.072871,0.017631,0.080476,0.04004,0.002755,0.000836
0,-0.074305,0.077572,-0.250089,0.024534,-0.230586,0.019693,0.001297,0.001354
0,-0.013549,-0.035866,0.041643,-0.142236,0.041875,-0.12424,0.000236,0.000626
0,0.173987,0.106791,0.198853,0.12619,0.151793,0.153182,0.002581,0.001864
0,0.120359,0.042442,-0.061969,-0.074638,-0.107014,-0.094803,0.002101,0.000741
0,0.143793,0.130928,0.020949,0.099775,0.061314,0.093414,0.00251,0.002285
0,0.028686,0.104898,-0.114281,-0.041285,-0.092134,-0.038779,0.000501,0.001831
0,0.275673,0.160096,0.270499,0.078493,0.317411,0.062488,0.000806,0.002794
0,-0.027383,-0.06067,-0.290454,-0.233439,-0.256111,-0.259515,0.000478,0.001059
0,0.053733,0.11221,0.092917,0.144989,0.081343,0.106142,0.000938,0.001958
0,0.02441,-0.054382,-0.009454,-0.147993,-0.030398,-0.101976,0.000426,0.000949
0,0.161834,-0.054264,0.152694,0.012473,0.158333,0.012295,0.002793,0.000947
0,-0.024012,0.145581,-0.170145,0.210794,-0.182157,0.196074,0.000419,0.002541
0,0.070144,-0.095671,0.070104,-0.229596,0.035822,-0.195476,0.001224,0.00167
0,-1.273737,0.560292,-1.354304,0.675581,-1.403753,0.635502,0.000239,0.001456
0,-3.159262,0.643756,-1.877276,0.090855,-1.838401,0.067621,0.001036,1e-06
0,-2.79578,0.478504,0.380024,-0.141525,0.373084,-0.121334,0.001762,0.002734
0,-2.441878,0.539985,0.35367,0.045118,0.389807,0.082935,0.002321,0.00181
0,-2.122756,0.510829,0.309984,-0.038751,0.325115,-0.075407,0.002273,0.002319
0,-1.547855,0.300371,0.572893,-0.226224,0.588681,-0.191507,0.001072,0.000375
0,-1.358274,0.264791,0.20925,-0.047824,0.159524,-0.003296,0.001236,0.000996
0,-1.101103,0.510476,0.263588,0.256433,0.246813,0.208414,0.002365,0.002326
0,-0.57313,0.402884,0.547262,-0.112953,0.49892,-0.086787,0.001232,0.001414
0,-0.099112,0.171587,0.500246,-0.24149,0.517475,-0.241428,0.00173,0.002623
0,0.054876,0.17732,0.182378,-0.00303,0.153266,-0.031887,0.000958,0.002523
0,0.12292,-0.198565,0.062835,-0.39896,0.031983,-0.378417,0.002145,0.002152
0,-2.633092,1.501461,-2.755002,1.722127,-2.776782,1.769726,0.001016,0.001882
0,-3.15331,2.70027,-0.508489,1.222953,-0.482279,1.185405,0.001139,0.002189
0,-3.023811,2.719676,0.141245,0.043209,0.190691,0.018279,0.002218,0.002527
0,-2.697196,2.745675,0.352972,0.0293,0.304533,0.035951,0.002135,0.002636
0,-2.426283,2.207105,0.289266,-0.525061,0.316066,-0.475323,0.002593,0.000801
0,-2.074187,1.524238,0.347967,-0.681846,0.364038,-0.680865,0.002496,0.001485
0,-1.46398,0.95178,0.590423,-0.552216,0.547552,-0.572795,0.002536,0.002106
0,-0.920729,0.548687,0.515657,-0.420462,0.517368,-0.460726,0.000783,0.002106
0,-0.639898,0.367846,0.266994,-0.179739,0.265501,-0.223742,6.7e-05,0.002106
0,-0.374249,0.397502,0.288759,0.030568,0.288855,0.048197,0.000914,0.002106
0,-0.215555,-0.005639,0.159764,-0.427329,0.181578,-0.467148,0.001855,0.002106
0,0.367303,0.002986,0.557176,-0.016534,0.536179,0.002023,0.000793,0.002106
0,0.496101,0.019978,0.137685,-0.003381,0.126952,0.034514,0.002576,0.002106
0,0.48107,-0.021955,0.014508,-0.071849,-0.007916,-0.097083,0.002779,0.002106
0,0.445054,-0.137375,-0.064455,-0.123368,-0.058629,-0.109968,0.00215,0.002398
0,0.185434,-0.162497,-0.285039,-0.040839,-0.29216,-0.053088,0.002381,0.002781
0,0.191574,0.089944,-0.014562,0.266418,-0.014918,0.24899,0.002274,0.00157
0,0.344169,0.110289,0.179066,0.044399,0.227734,0.036486,0.000389,0.001925
0,0.08077,0.147988,-0.242133,0.057712,-0.226223,0.063476,0.00141,0.002583
0,0.183609,-0.009622,0.106019,-0.182621,0.073984,-0.209886,0.002413,0.000168
0,0.137174,-0.128041,-0.057315,-0.097372,-0.069707,-0.0861,0.002394,0.002235
0,0.144618,-0.161301,0.031318,-0.014394,0.015114,0.0219,0.002524,0.002802
0,0.119958,-0.127692,-0.047477,0.006493,-0.093824,-0.023602,0.002094,0.002229
0,0.041316,0.111589,-0.066991,0.257577,-0.115161,0.242859,0.000721,0.001948
0,0.045741,-0.124883,0.008523,-0.226224,-0.033,-0.206267,0.000798,0.00218
0,0.091296,-0.145906,0.058296,0.001811,0.04672,-0.025586,0.001593,0.002547
0,0.227736,0.009541,0.122407,0.18371,0.148769,0.216532,0.001643,0.000167
0,0.096141,-0.043597,-0.159592,-0.047163,-0.12131,-0.06568,0.001678,0.000761
0,0.095984,-0.120447,-0.005755,-0.061623,0.007938,-0.08158,0.001675,0.002102
0,0.207261,-0.066071,0.112434,0.030574,0.137572,0.065268,0.002,0.001153
0,0.118518,-0.09009,-0.111432,-0.044789,-0.146947,-0.05957,0.002069,0.001572
0,-0.05126,-0.150743,-0.145606,-0.077318,-0.128447,-0.030623,0.000895,0.002631
0,0.0206,0.029111,0.07365,0.188445,0.097003,0.14248,0.00036,0.000508
0,0.207349,-0.047656,0.196845,-0.081356,0.203747,-0.08355,0.001999,0.000832
0,-2.698254,0.133035,-2.89639,0.199973,-2.902279,0.244927,0.002153,0.002322
0,-4.007705,0.163689,-1.328202,0.025053,-1.31338,-0.003641,0.002538,0.002761
0,-4.094996,-0.032289,-0.082929,-0.168899,-0.086245,-0.156379,0.001556,0.000564
0,-4.046025,0.066838,0.059411,0.109539,0.075712,0.117161,0.002411,0.001167
0,-3.397831,0.073218,0.646714,-0.015259,0.695639,-0.039994,0.002489,0.001278
0,-2.818187,0.126938,0.577816,0.030458,0.55982,0.018927,0.001371,0.002215
0,-1.450009,0.085658,1.382684,-0.051537,1.380003,-0.059675,0.00278,0.001495
0,-0.865096,0.146053,0.570875,0.052212,0.617344,0.010898,0.001754,0.002549
0,-0.351667,0.150084,0.506484,-0.017858,0.546995,-0.057467,0.00052,0.002619
0,-0.033595,0.090552,0.32338,-0.078787,0.345085,-0.072353,0.000586,0.00158
0,0.411207,0.072896,0.41534,-0.038883,0.405757,-0.054512,0.001559,0.001272
0,0.515541,-0.016921,0.092446,-0.072785,0.051947,-0.031289,0.002237,0.000295
0,0.734869,0.17311,0.204984,0.167082,0.182751,0.204453,0.001591,0.002596
0,0.438005,0.155311,-0.292112,-0.028085,-0.25093,0.013496,0.002027,0.002106
0,0.346328,0.000655,-0.061874,-0.15051,-0.067832,-0.115478,0.000427,0.002106
0,0.366599,0.03247,0.036373,0.008821,-0.012719,0.038626,0.000781,0.002106
0,0.094666,-0.100204,-0.258634,-0.107731,-0.222802,-0.112824,0.001652,0.002106
0,0.186737,0.052805,0.099124,0.140592,0.139814,0.093057,0.002358,0.002106
0,0.289088,0.019892,0.118215,-0.017241,0.130655,-0.0136,0.000572,0.002106
0,-0.012065,-0.142387,-0.277115,-0.180243,-0.316829,-0.172787,0.000211,0.002485
0,-0.077643,-0.037528,-0.081998,0.105892,-0.081426,0.130813,0.001355,0.002106
0,-0.140006,-0.000948,-0.080584,0.043349,-0.118979,0.056263,0.002444,0.002106
0,-0.100244,0.070464,0.042674,0.045125,0.019667,0.03044,0.00175,0.002106
0,-0.071857,0.064312,0.026413,-0.009479,0.02878,-0.012806,0.001254,0.002106
0,0.065004,0.026762,0.115502,-0.029283,0.109212,-0.040926,0.001135,0.002106
0,-0.13673,-0.116691,-0.173251,-0.136348,-0.213662,-0.09998,0.002386,0.002106
0,-0.161911,0.04356,-0.050769,0.182232,-0.001017,0.194526,0.002792,0.002106
0,0.034285,-0.090131,0.195503,-0.118643,0.175671,-0.133848,0.000598,0.002106
0,-0.164308,-0.084503,-0.181251,0.02074,-0.181011,0.052383,0.00275,0.002106
0,-0.04581,-0.026602,0.142131,0.042585,0.117419,0.042142,0.0008,0.002106
0,0.168463,0.067936,0.214384,0.091629,0.203168,0.093239,0.002677,0.002106
0,-0.112909,-0.10188,-0.293491,-0.177366,-0.325735,-0.18651,0.001971,0.002106
0,-0.03179,-0.134225,0.05574,-0.035829,0.024294,-0.002789,0.000555,0.002343
0,0.069931,0.030895,0.091458,0.178616,0.128646,0.22054,0.001221,0.002106
0,0.029327,0.115439,-0.055993,0.087157,-0.074449,0.056138,0.000512,0.002106
0,-0.02341,-0.07186,-0.029139,-0.188337,-0.00414,-0.15372,0.000409,0.002106
0,0.153576,0.045805,0.162205,0.13644,0.123146,0.104832,0.00268,0.002106
0,0.122572,-0.11828,-0.038023,-0.15397,-0.085712,-0.111151,0.002139,0.002106
0,-0.378495,-0.306823,-0.525009,-0.185665,-0.553765,-0.209267,0.000988,0.000262
0,-0.59621,-0.192017,-0.197816,0.130267,-0.224562,0.087671,0.000829,0.002266
0,-0.77498,-0.380228,-0.175684,-0.18028,-0.193309,-0.210413,0.002291,0.001019
0,-0.761757,-0.23683,-0.002108,0.15959,-0.037031,0.174522,0.00206,0.001484
0,-0.804269,-0.00014,-0.019538,0.239032,-0.020368,0.24077,0.002802,2e-06
0,-0.524854,-0.164902,0.281519,-0.156763,0.249399,-0.128273,0.002075,0.002739
0,-0.684249,-0.138566,-0.130975,0.017218,-0.152003,-0.02756,0.000707,0.002418
0,-0.306459,-0.096026,0.405478,0.046013,0.361003,0.013574,0.000269,0.001676
0,-0.227295,-0.043657,0.069871,0.070079,0.103494,0.096658,0.00165,0.000762
0,-0.181438,0.16224,0.017731,0.199263,-0.025192,0.204454,0.002451,0.002786
0,-0.20855,-0.002479,-0.047954,-0.164782,-0.017158,-0.186978,0.001978,4.3e-05
0,-0.118354,-0.144654,0.09017,-0.145811,0.114875,-0.167472,0.002066,0.002525
0,0.137513,-0.0656,0.24712,0.089651,0.291968,0.089624,0.0024,0.001145
0,-0.028191,-0.115225,-0.159075,-0.037337,-0.155365,-0.014313,0.000492,0.002011
0,0.128484,-0.088055,0.137687,0.034779,0.097776,-0.008874,0.002242,0.001537
0,0.251953,0.014642,0.094676,0.106937,0.119356,0.098268,0.00122,0.000256
0,0.272975,-0.097197,0.020934,-0.140422,0.068577,-0.15851,0.000853,0.001696
0,0.071077,-0.150843,-0.195635,-0.069745,-0.159455,-0.022961,0.001241,0.002633
0,0.202129,-0.102684,0.132917,0.029296,0.147887,0.072398,0.00209,0.001792
0,-0.079033,0.092194,-0.265817,0.197127,-0.315038,0.2193,0.001379,0.001609
0,-0.002395,-0.087733,0.099423,-0.151746,0.132856,-0.139212,4.2e-05,0.001531
0,-0.118876,-0.027671,-0.129735,0.047187,-0.134856,0.040517,0.002075,0.000483
0,0.079268,-0.130562,0.191829,-0.11849,0.15221,-0.113918,0.001383,0.002279
0,-0.03493,-0.04669,-0.131877,0.095678,-0.120242,0.117423,0.00061,0.000815
0,-0.024481,0.086261,0.03784,0.161403,0.057326,0.125497,0.000427,0.001506
0,0.024243,0.033463,0.065673,-0.071438,0.041456,-0.089873,0.000423,0.000584
0,0.031967,0.133028,0.031469,0.098885,0.009952,0.126922,0.000558,0.002322
0,-0.04293,0.150634,-0.047122,0.005673,-0.091558,-0.02553,0.000749,0.002629
0,0.130186,-0.079082,0.174569,-0.203333,0.222266,-0.242817,0.002272,0.00138
0,-0.088853,0.10854,-0.206575,0.158003,-0.171201,0.205488,0.001551,0.001894
0,0.072536,0.031924,0.150787,-0.092272,0.165409,-0.116138,0.001266,0.000557
0,0.133454,-0.051707,0.032642,-0.08468,0.081501,-0.073894,0.002329,0.000902
0,0.077726,0.080119,-0.03134,0.147736,-0.050907,0.101193,0.001357,0.001398
0,-0.134429,-0.046038,-0.197965,-0.149259,-0.207232,-0.181076,0.002346,0.000804
0,-0.059252,-0.178268,0.058709,-0.12862,0.087962,-0.176296,0.001034,0.002506
0,-0.147274,0.076576,-0.071894,0.243355,-0.088949,0.259398,0.00257,0.001337
0,-0.051733,0.127077,0.085795,0.06098,0.107683,0.094265,0.000903,0.002218
0,-0.177664,0.007485,-0.100121,-0.144176,-0.064447,-0.122893,0.002517,0.000131
0,-0.01305,-0.118419,0.163341,-0.127928,0.209905,-0.155062,0.000228,0.002067
0,-0.190903,-0.117017,-0.201106,-0.004041,-0.242926,0.027151,0.002286,0.002042
0,-0.009309,-0.051464,0.166857,0.041438,0.138389,0.044603,0.000162,0.000898
0,-0.230047,0.065752,-0.246137,0.113817,-0.245909,0.114393,0.001602,0.001148
0,-0.058337,0.070854,0.141915,-0.00596,0.173928,-0.029263,0.001018,0.001237
0,-0.283032,-0.086618,-0.214949,-0.148867,-0.238444,-0.174307,0.000678,0.001512
0,-0.201168,0.095627,0.062621,0.200837,0.070143,0.221239,0.002106,0.001669
0,-0.124716,0.076348,0.099637,-0.007098,0.072884,0.013347,0.002177,0.001333
0,-0.048929,-0.064808,0.097511,-0.127314,0.102186,-0.095373,0.000854,0.001131
0,-0.122179,0.072835,-0.050438,0.127232,-0.055334,0.088979,0.002132,0.001271
0,-0.152289,-0.081466,-0.011211,-0.131787,0.038226,-0.093617,0.002658,0.001422
0,0.091231,-0.138052,0.218158,-0.068198,0.263573,-0.105351,0.001592,0.002409
0,-0.030973,-0.069007,-0.125524,0.069675,-0.087514,0.041597,0.000541,0.001204
0,-0.09347,-0.140717,-0.055116,-0.048125,-0.017722,-0.04593,0.001631,0.002456
0,-0.051277,-0.101729,0.018009,0.065316,0.05567,0.081382,0.000895,0.001776
0,0.019287,-0.163564,0.086207,-0.03913,0.112341,-0.088583,0.000337,0.002763
0,-0.065714,0.050948,-0.102053,0.243996,-0.078201,0.28185,0.001147,0.000889
0,-0.144138,-0.110786,-0.063576,-0.148379,-0.021058,-0.123139,0.002516,0.001934
0,-0.087803,0.079298,0.043286,0.197279,0.018429,0.157394,0.001532,0.001384
0,-0.083169,-0.141419,0.029114,-0.249973,0.029104,-0.215598,0.001452,0.002468
0,-0.092688,-0.103811,-0.023688,0.034985,-0.06115,0.013579,0.001618,0.001812
0,0.036315,0.050554,0.126646,0.127538,0.127588,0.152334,0.000634,0.000882
0,-0.02006,-0.074221,-0.079624,-0.131226,-0.05444,-0.094379,0.00035,0.001295
0,-0.013637,0.017693,0.016198,0.097801,0.046627,0.085024,0.000238,0.000309
0,0.000435,0.027904,0.031331,-0.01453,-0.012133,-0.041938,8e-06,0.000487
0,0.011606,-0.013721,0.005137,-0.069421,0.050389,-0.1063,0.000203,0.000239
0,-0.08215,-0.08015,-0.074362,-0.041414,-0.031094,-0.000674,0.001434,0.001399
0,0.053183,-0.085356,0.146543,0.020691,0.104296,0.008798,0.000928,0.00149
0,-0.012913,-0.027696,-0.063157,0.058508,-0.081698,0.010521,0.000225,0.000483
0,0.143743,-0.059523,0.159674,-0.031522,0.17032,-0.077407,0.002509,0.001039
0,0.086413,-0.104438,-0.075403,-0.064468,-0.034555,-0.048527,0.001508,0.001823
0,-0.152334,-0.099562,-0.219631,-0.004486,-0.22709,-0.047028,0.002659,0.001738
0,0.093546,0.080088,0.235506,0.152115,0.230017,0.151787,0.001633,0.001398
0,0.033944,-0.043224,-0.055157,-0.148694,-0.067056,-0.132388,0.000592,0.000754
0,0.047239,0.108646,0.018711,0.173896,0.048649,0.12972,0.000824,0.001896
0,-0.142262,-0.036396,-0.174351,-0.147467,-0.159853,-0.105212,0.002483,0.000635
0,-0.145341,0.115078,0.003122,0.14818,-0.015188,0.173297,0.002537,0.002008
0,-0.272127,-0.06068,-0.117853,-0.200738,-0.077636,-0.209007,0.000868,0.001059
0,-0.125994,-0.149658,0.166391,-0.111782,0.126028,-0.092894,0.002199,0.002612
0,-0.019673,-0.180271,0.103984,-0.05889,0.079022,-0.063587,0.000343,0.002471
0,-0.153322,-0.065081,-0.144744,0.117231,-0.12569,0.089333,0.002676,0.001136
0,-0.175667,-0.12511,-0.0191,-0.053208,-0.019876,-0.058498,0.002552,0.002184
0,0.100637,0.09398,0.286869,0.248767,0.246566,0.295797,0.001756,0.00164
0,-0.180101,-0.12069,-0.281726,-0.213862,-0.32374,-0.192453,0.002474,0.002106
0,-0.043911,0.107848,0.123109,0.214583,0.073533,0.23048,0.000766,0.001882
0,0.032963,-0.065574,0.078321,-0.198681,0.125887,-0.210377,0.000575,0.001144
0,-0.111083,-0.142035,-0.160731,-0.093252,-0.204282,-0.141929,0.001939,0.002479
0,-0.155081,0.08375,-0.064952,0.224742,-0.047016,0.231145,0.002707,0.001462
0,-0.062306,-0.02309,0.108778,-0.079766,0.155012,-0.119271,0.001087,0.000403
0,-0.058827,-0.161913,-0.025253,-0.152026,-0.034296,-0.181641,0.001027,0.002792
0,-0.064964,0.103892,-0.032312,0.236493,-0.013248,0.229418,0.001134,0.001813
0,-0.158439,-0.025143,-0.085904,-0.107751,-0.079235,-0.104255,0.002765,0.000439
0,0.058935,-0.029732,0.211611,0.022238,0.216185,0.015186,0.001029,0.000519
0,0.061738,0.032105,-0.000159,0.044068,0.038011,0.045984,0.001078,0.00056
0,-0.139416,-0.005038,-0.189385,-0.013776,-0.176252,-0.027456,0.002433,8.8e-05
0,-0.075061,0.050809,0.079409,0.03778,0.066759,0.008053,0.00131,0.000887
0,0.01896,0.003772,0.095473,-0.055313,0.134315,-0.041796,0.000331,6.6e-05
0,0.007767,0.061981,-0.024749,0.049862,-0.060002,0.061525,0.000136,0.001082
0,0.125571,0.02182,0.120632,-0.035895,0.09156,-0.056587,0.002192,0.000381
0,0.018585,-0.130411,-0.133931,-0.13414,-0.101979,-0.164294,0.000324,0.002276
0,0.022205,-0.113606,-0.007786,0.046159,-0.001404,0.065947,0.000388,0.001983
0,0.125917,-0.062248,0.093528,0.076236,0.127635,0.112448,0.002198,0.001086
0,0.119905,-0.102492,-0.01898,-0.036081,-0.058357,-0.071246,0.002093,0.001789
0,-0.043033,-0.024396,-0.164988,0.080528,-0.205428,0.043635,0.000751,0.000426
0,0.063045,0.160748,0.133626,0.159296,0.164868,0.198136,0.0011,0.002806
0,-0.047376,-0.048593,-0.109625,-0.210351,-0.065132,-0.163141,0.000827,0.000848
0,-0.076274,0.10429,-0.055753,0.135668,-0.073895,0.178678,0.001331,0.00182
0,-0.042364,0.036407,0.022572,-0.095454,-0.014124,-0.097687,0.000739,0.000635
0,-0.052178,0.179227,-0.030949,0.114817,-0.007655,0.095843,0.000911,0.002489
0,0.0635,0.043356,0.132879,-0.146006,0.178306,-0.121619,0.001108,0.000757
0,-0.065506,0.066712,-0.158886,0.000734,-0.190493,0.016008,0.001143,0.001164
0,0.044,0.209804,0.081702,0.135353,0.083747,0.103586,0.000768,0.001956
0,0.026411,0.060639,0.005165,-0.133079,0.024205,-0.143138,0.000461,0.001058
0,0.188432,0.028488,0.189233,-0.048682,0.183253,-0.09805,0.002329,0.000497
0,0.148142,0.009384,-0.061015,-0.021626,-0.03812,-0.046927,0.002586,0.000164
0,-0.004612,-0.068297,-0.153023,-0.056358,-0.160116,-0.069685,8e-05,0.001192
0,0.066924,0.139496,0.065884,0.225617,0.092368,0.262702,0.001168,0.002435
0,-0.017362,-0.052934,-0.069554,-0.216541,-0.023568,-0.191952,0.000303,0.000924
0,-0.115142,0.092765,-0.085356,0.145208,-0.07103,0.153921,0.00201,0.001619
0,-0.13155,-0.017654,-0.036394,-0.094897,0.005221,-0.133948,0.002296,0.000308
0,-0.070673,0.066563,0.077764,0.083586,0.092338,0.106426,0.001233,0.001162
0,-0.17223,0.156202,-0.093175,0.064684,-0.106535,0.110187,0.002612,0.002726
0,-0.052667,0.091117,0.115174,-0.087616,0.158495,-0.115296,0.000919,0.00159
0,-0.090428,0.128939,-0.015711,0.055719,0.015418,0.043602,0.001578,0.00225
0,0.069184,0.086009,0.176061,-0.042959,0.180288,-0.00441,0.001207,0.001501
0,-0.049271,-0.05259,-0.130113,-0.166411,-0.102492,-0.183697,0.00086,0.000918
0,0.153326,0.105382,0.228739,0.163161,0.179091,0.138656,0.002676,0.001839
0,-0.091437,0.129707,-0.260161,0.011431,-0.239586,0.033613,0.001596,0.002264
0,0.009543,-0.08904,0.095997,-0.225902,0.126593,-0.246591,0.000167,0.001554
0,-0.024103,-0.100957,-0.023558,0.008209,-0.032823,0.024166,0.000421,0.001762
0,0.047315,-0.116472,0.04384,-0.041849,0.010245,-0.059791,0.000826,0.002033
0,-2.470505,0.10725,-2.546342,0.21851,-2.58478,0.222835,0.001822,0.001872
0,-2.713191,0.058742,-0.249825,-0.0709,-0.24791,-0.094435,0.002414,0.001025
0,-3.264909,-0.088184,-0.525821,-0.168091,-0.545742,-0.203526,0.000808,0.001539
0,-2.700014,-0.029465,0.576471,0.053696,0.535306,0.032357,0.002184,0.000514
0,-2.178983,-0.143971,0.52656,-0.105955,0.480543,-0.153666,0.001292,0.002513
0,-1.883232,-0.017121,0.279892,0.132201,0.257141,0.138576,0.000836,0.000299
0,-1.678838,-0.133173,0.224227,-0.104389,0.23244,-0.113393,0.001214,0.002324
0,-1.126972,0.075031,0.536245,0.187775,0.486865,0.155089,0.002801,0.00131
0,-0.704078,-0.128481,0.406877,-0.205203,0.450292,-0.180349,0.001053,0.002242
0,-0.284038,-0.107429,0.439045,0.038952,0.423774,0.057563,0.00066,0.001875
0,-0.019914,-0.059284,0.271792,0.026923,0.231392,0.00213,0.000348,0.001035
0,0.0717,-0.055227,0.083679,-0.022337,0.060851,0.005656,0.001251,0.000964
0,0.109987,-0.001829,0.038174,0.03602,0.032726,0.057474,0.00192,3.2e-05
0,0.365104,0.095579,0.256559,0.069465,0.255228,0.023122,0.000755,0.001668
0,0.393181,-0.07222,0.055724,-0.163643,0.039377,-0.169231,0.001245,0.00126
0,0.250701,0.122677,-0.155838,0.224074,-0.109494,0.248643,0.001242,0.002141
0,0.174019,-0.060939,-0.082295,-0.154931,-0.100886,-0.163423,0.00258,0.001064
0,0.158751,0.102047,-0.010408,0.155716,-0.051068,0.17702,0.002771,0.001781
0,0.341083,-0.063756,0.178345,-0.153848,0.143612,-0.157455,0.000336,0.001113
0,0.059713,-0.088277,-0.281853,-0.015795,-0.326048,0.034063,0.001042,0.001541
0,0.129361,0.095083,0.057109,0.177601,0.053792,0.196703,0.002258,0.00166
0,-0.011154,0.081591,-0.161164,-0.015525,-0.199625,0.02897,0.000195,0.001424
0,0.0455,0.058295,0.086563,0.00305,0.117142,-0.022601,0.000794,0.001017
0,0.133168,0.125985,0.080478,0.079436,0.065558,0.119463,0.002324,0.002199
0,0.171781,-0.002212,0.055299,-0.13573,0.028093,-0.181296,0.002619,3.9e-05
0,0.208897,-0.122836,0.014134,-0.146175,0.048638,-0.1174,0.001972,0.002144
0,0.027939,-0.105892,-0.206873,0.033544,-0.238482,-0.002953,0.000488,0.001848
0,0.198501,0.051405,0.162983,0.131287,0.157751,0.091177,0.002153,0.000897
0,-0.021487,-0.11107,-0.233402,-0.151826,-0.273334,-0.153914,0.000375,0.001939
0,0.042159,-0.105397,0.05674,-0.003119,0.084036,-0.002069,0.000736,0.00184
0,-0.043611,0.062692,-0.092588,0.176736,-0.092291,0.188471,0.000761,0.001094
0,0.070587,-0.092956,0.14016,-0.17714,0.127017,-0.128398,0.001232,0.001622
0,0.113436,0.077688,0.03747,0.162492,0.020708,0.203081,0.00198,0.001356
0,0.073067,0.102602,-0.013474,0.012559,-0.006864,0.058679,0.001275,0.001791
0,0.094961,-0.098886,0.029363,-0.196157,0.074486,-0.233788,0.001657,0.001726
0,-0.035644,-0.003772,-0.137439,0.074754,-0.154918,0.10026,0.000622,6.6e-05
0,-0.03777,-0.11185,-0.006854,-0.09957,-0.027508,-0.114633,0.000659,0.001952
0,0.135328,-0.133856,0.147105,-0.036988,0.143924,-0.066301,0.002362,0.002336
0,0.157974,-0.111679,0.007918,0.008343,0.048946,-7e-06,0.002757,0.001949
0,0.119803,-0.012019,-0.045453,0.080555,-0.007885,0.088821,0.002091,0.00021
0,0.029907,-0.007716,-0.08416,0.026045,-0.087224,0.015579,0.000522,0.000135
0,-0.041447,-0.085714,-0.089506,-0.106179,-0.051214,-0.110032,0.000723,0.001496
0,0.101843,-0.055465,0.168402,0.029179,0.184162,-0.013215,0.001777,0.000968
0,-0.050283,0.139369,-0.151953,0.20212,-0.139284,0.169646,0.000878,0.002432
0,0.18786,0.073808,0.252775,-0.093119,0.244246,-0.131416,0.002339,0.001288
0,0.108644,0.04499,-0.101327,-0.016804,-0.093031,-0.059528,0.001896,0.000785
0,0.142201,0.146766,0.017364,0.078759,0.007642,0.052495,0.002482,0.002562
0,1.716187,-2.241377,1.593151,-2.387766,1.564295,-2.343797,0.001866,0.000203
0,3.018774,-2.215725,1.276915,0.015722,1.290669,0.010242,0.00213,0.000651
0,2.937288,-2.297815,-0.082172,-0.110098,-0.056404,-0.09364,0.000708,0.000782
0,2.989344,-1.70434,0.07265,0.615225,0.110697,0.594901,0.001616,0.001659
0,2.843095,-1.717082,-0.160863,0.012702,-0.130329,0.056013,0.000936,0.001881
0,2.413873,-1.448729,-0.451826,0.257904,-0.42486,0.240006,0.002807,0.002802
0,1.60031,-1.131708,-0.806309,0.301034,-0.832697,0.259995,0.000157,0.002718
0,1.14755,-0.695362,-0.462923,0.443387,-0.503291,0.409412,0.002442,0.000901
0,0.471624,-0.396054,-0.658305,0.276551,-0.644425,0.274447,0.002614,0.001295
0,0.002308,0.029879,-0.465042,0.414929,-0.50773,0.456592,4e-05,0.000521
0,0.739897,-0.343247,0.73363,-0.346573,0.687583,-0.372999,0.001679,0.000373
0,0.863358,-0.348645,0.103751,0.016932,0.13925,0.016754,0.001784,0.000467
0,1.114648,-0.521913,0.239611,-0.15667,0.25806,-0.203755,0.002602,0.002126
0,0.694976,-0.464362,-0.449303,0.086092,-0.432629,0.133587,0.000895,0.002487
0,0.699188,-0.472,0.011061,-0.02726,-0.038411,-0.01919,0.000968,0.00262
0,0.616112,-0.231713,-0.093468,0.257991,-0.070023,0.238973,0.000482,0.001573
0,0.314444,-0.323294,-0.300201,-0.104371,-0.256553,-0.121029,0.000129,2.5e-05
0,0.332065,-0.435175,0.017088,-0.126277,0.017226,-0.175808,0.000178,0.001978
0,0.292825,-0.399603,-0.061897,0.018339,-0.015361,-0.024882,0.000507,0.001357
0,0.044068,-0.311686,-0.238479,0.059811,-0.230958,0.100634,0.000769,0.000178
0,0.063577,0.002014,-0.005903,0.324351,-0.000593,0.297682,0.00111,3.5e-05
0,0.149354,-0.003768,0.077124,0.016275,0.092582,0.008501,0.002607,6.6e-05
0,-0.114291,0.094462,-0.260937,0.120387,-0.245153,0.128816,0.001995,0.001649
0,-0.085562,0.047735,0.037852,-0.065323,0.051929,-0.031314,0.001493,0.000833
0,-0.12206,0.02049,-0.014604,-0.010882,-0.028522,-0.037208,0.00213,0.000358
0,-0.003867,-0.092194,0.120016,-0.108277,0.101847,-0.142366,6.7e-05,0.001609
0,-0.021748,-0.016554,-0.01476,0.096945,0.005939,0.134836,0.00038,0.000289
0,-0.120651,0.110705,-0.121658,0.144906,-0.097307,0.137975,0.002106,0.001932
0,0.061084,0.126768,0.170291,0.03702,0.155159,0.035682,0.001066,0.002213
0,-0.038601,0.095022,-0.076216,-0.038613,-0.03234,-0.073279,0.000674,0.001658
0,0.067608,0.007729,0.081665,-0.083476,0.097755,-0.062188,0.00118,0.000135
0,-0.097315,0.149361,-0.140353,0.165002,-0.115942,0.185402,0.001698,0.002607
0,0.085154,0.19617,0.165522,0.05672,0.14534,0.058272,0.001486,0.002194
0,-0.03944,0.168736,-0.149178,-0.047955,-0.153638,-0.013516,0.000688,0.002673
0,-0.096573,0.157197,-0.068514,-0.001597,-0.104999,0.036576,0.001686,0.002744
0,0.022772,0.117093,0.093033,-0.024991,0.142256,-0.003698,0.000397,0.002044
0,-0.141173,0.018068,-0.187202,-0.126017,-0.195098,-0.108489,0.002464,0.000315
0,-0.222549,-0.090597,-0.101721,-0.098182,-0.150644,-0.096212,0.001733,0.001581
0,-0.08079,0.032033,0.129013,0.140365,0.117979,0.09572,0.00141,0.000559
0,0.01067,0.125005,0.103085,0.113211,0.057453,0.156031,0.000186,0.002182
0,0.056242,0.138829,0.062679,0.027137,0.11259,0.013523,0.000982,0.002423
0,0.096251,0.07264,0.050438,-0.089371,0.037135,-0.101958,0.00168,0.001268
0,-0.043582,0.115999,-0.158629,0.018611,-0.171518,0.049232,0.000761,0.002025
0,-0.070073,0.108441,-0.044905,0.020828,-0.092175,0.00786,0.001223,0.001893
0,-0.104962,0.0037,-0.016044,-0.113907,0.020414,-0.098191,0.001832,6.5e-05
0,0.080826,-0.09758,0.205453,-0.094707,0.24883,-0.062496,0.001411,0.001703
0,-0.020966,-0.109533,-0.107985,-0.041379,-0.065821,-0.064976,0.000366,0.001912
0,-0.146019,-0.122219,-0.12811,-0.019602,-0.135021,-0.020758,0.002549,0.002133
0,0.033209,0.086436,0.187031,0.235959,0.233906,0.190141,0.00058,0.001509
0,-0.002831,0.002462,-0.029667,-0.099629,-0.03323,-0.14907,4.9e-05,4.3e-05
0,0.04114,0.011796,0.047547,0.025368,0.091528,0.034293,0.000718,0.000206
0,0.023977,0.050593,-0.013606,0.035789,-0.047984,0.01378,0.000418,0.000883
0,-0.013718,-0.002483,-0.037012,-0.0801,-0.04601,-0.080068,0.000239,4.3e-05
0,-0.168086,0.042604,-0.134462,0.047198,-0.126568,-0.000268,0.002684,0.000744
0,0.151729,0.147378,0.307486,0.086735,0.283385,0.06888,0.002648,0.002572
0,0.120788,-0.04562,-0.060558,-0.188142,-0.017975,-0.223336,0.002108,0.000796
0,0.168728,0.181161,0.077316,0.213432,0.127233,0.257053,0.002673,0.002456
0,-0.032026,0.027293,-0.206934,-0.126399,-0.190961,-0.099695,0.000559,0.000476
0,0.105275,0.163088,0.110355,0.142527,0.117289,0.160712,0.001837,0.002771
0,-0.04093,0.158609,-0.126835,-0.023469,-0.119359,-0.030875,0.000714,0.002768
0,-0.002323,-0.091666,0.053843,-0.265894,0.097261,-0.285224,4.1e-05,0.0016
0,0.058658,0.096617,0.0313,0.207747,0.036143,0.22958,0.001024,0.001686
0,-0.158976,0.089788,-0.246004,0.011285,-0.232964,0.054236,0.002775,0.001567
0,-0.112324,-0.036952,0.047101,-0.100542,0.017878,-0.063771,0.00196,0.000645
0,-0.073874,-0.025653,0.020687,-0.000328,-0.013608,-0.021332,0.001289,0.000448
0,-0.091446,0.028577,0.01186,0.040035,-0.030808,0.054051,0.001596,0.000499
0,0.081128,0.304308,0.157483,0.297642,0.134474,0.307194,0.001416,0.000306
0,-0.024846,0.797573,-0.098126,0.479741,-0.070661,0.431946,0.000434,0.002685
0,0.151953,0.717828,0.154761,-0.094635,0.164169,-0.056018,0.002652,0.001293
0,0.031947,0.663194,-0.104852,-0.027406,-0.154084,-0.063195,0.000558,0.00034
0,0.207961,0.544352,0.184194,-0.101136,0.136994,-0.079258,0.001988,0.001734
0,0.048675,0.328492,-0.15462,-0.192431,-0.177092,-0.233516,0.00085,0.000116
0,0.140727,0.417466,0.10593,0.097291,0.124495,0.090932,0.002456,0.001669
0,-0.000467,0.184125,-0.163815,-0.233066,-0.19083,-0.242932,8e-06,0.002404
0,0.10362,-0.094298,0.129777,-0.305194,0.104147,-0.27488,0.001809,0.001646
0,-0.071803,0.028152,-0.17388,0.107343,-0.1525,0.148317,0.001253,0.000491
0,0.062392,-0.096391,0.13747,-0.102167,0.154186,-0.136772,0.001089,0.001682
0,0.076863,-0.181377,-0.005851,-0.068971,-0.049744,-0.07458,0.001342,0.002452
0,0.09711,-0.09121,0.024906,0.088536,0.04864,0.123695,0.001695,0.001592
0,0.020493,0.089727,-0.098523,0.16992,-0.10202,0.138869,0.000358,0.001566
0,-0.095972,-0.113295,-0.13826,-0.198554,-0.13644,-0.242885,0.001675,0.001977
0,-0.06569,0.096794,0.043375,0.202032,0.082661,0.20741,0.001147,0.001689
0,-0.00443,-0.018028,0.06391,-0.106274,0.069198,-0.067527,7.7e-05,0.000315
0,-0.03343,-0.109304,-0.05795,-0.120244,-0.02331,-0.144623,0.000583,0.001908
0,-0.105069,-0.11467,-0.051766,0.007398,-0.091011,0.051394,0.001834,0.002001
0,0.083249,-0.116189,0.175726,-0.013626,0.164062,0.030958,0.001453,0.002028
0,-0.130339,-0.076809,-0.201185,0.009608,-0.164254,-0.030928,0.002275,0.001341
0,-0.148296,-0.048608,-0.032303,0.04728,0.008432,0.040932,0.002588,0.000848
0,0.063306,-0.093461,0.196886,-0.026655,0.20295,0.015782,0.001105,0.001631
0,-0.029846,-0.08266,-0.097831,0.012766,-0.091315,-0.024038,0.000521,0.001443
0,0.098208,0.034997,0.14632,0.100807,0.18171,0.134203,0.001714,0.000611
0,-0.085283,-0.06034,-0.159533,-0.06589,-0.157376,-0.074449,0.001488,0.001053
0,-0.125837,-0.052044,-0.021435,-0.001388,0.025746,0.019022,0.002196,0.000908
0,0.042003,-0.002922,0.176224,0.054219,0.206317,0.090838,0.000733,5.1e-05
0,-0.111566,0.074467,-0.152036,0.06924,-0.106351,0.09765,0.001947,0.0013
0,0.077524,-0.004977,0.189904,-0.063602,0.181344,-0.045098,0.001353,8.7e-05
0,0.112356,-0.109415,0.009779,-0.1006,-0.023684,-0.064382,0.001961,0.00191
0,-0.07569,-0.167812,-0.200478,-0.071354,-0.19363,-0.115338,0.001321,0.002689
0,-0.146314,-0.169715,-0.082845,5.8e-05,-0.102952,-0.011747,0.002554,0.002655
0,-0.029069,-0.00425,0.101327,0.150754,0.054577,0.101151,0.000507,7.4e-05
0,0.02038,-0.045649,0.034746,-0.060905,0.081695,-0.026997,0.000356,0.000797
0,0.088138,0.091471,0.080078,0.119199,0.049707,0.086629,0.001538,0.001596
0,-0.056552,-0.155877,-0.17199,-0.234962,-0.165789,-0.210765,0.000987,0.002721
0,0.000278,0.051811,0.0614,0.234432,0.024018,0.190541,5e-06,0.000904
0,-0.092756,-0.036128,-0.107892,-0.102783,-0.118031,-0.062378,0.001619,0.000631
0,-0.059521,-0.109356,0.045277,-0.10183,0.04247,-0.151341,0.001039,0.001909
0,-0.067977,0.065387,0.01729,0.190954,0.035599,0.167038,0.001186,0.001141
0,0.017001,-0.137828,0.102115,-0.179911,0.089031,-0.155682,0.000297,0.002406
0,-0.07143,-0.147554,-0.059217,0.014506,-0.028793,0.013786,0.001247,0.002575
0,0.094169,0.078756,0.195459,0.249695,0.181506,0.245689,0.001644,0.001375
0,0.084242,-0.079898,-0.03857,-0.133104,-0.082634,-0.127132,0.00147,0.001394
0,-0.187744,0.042844,-0.273257,0.150747,-0.257754,0.130705,0.002341,0.000748
0,-0.095064,-0.064854,0.086429,-0.08494,0.136318,-0.119778,0.001659,0.001132
0,0.0372,-0.017288,0.109198,0.046572,0.128989,0.008915,0.000649,0.000302
0,-0.087767,-0.160219,-0.119934,-0.159597,-0.076829,-0.201918,0.001532,0.002796
0,0.009612,0.071084,0.125622,0.246088,0.085517,0.21799,0.000168,0.001241
0,0.017886,-0.200654,-0.001509,-0.254256,-0.006862,-0.211273,0.000312,0.002115
0,-0.06715,0.072559,-0.114089,0.274885,-0.08918,0.247682,0.001172,0.001266
0,-0.095336,-0.036392,-0.045007,-0.094995,-0.032534,-0.120284,0.001664,0.000635
0,-0.043613,-0.069602,0.077113,-0.02259,0.083987,-0.014189,0.000761,0.001215
0,-0.092289,-0.116342,-0.044758,-0.033601,-0.024297,-0.007887,0.001611,0.002031
0,-0.068991,0.025037,0.007921,0.140525,0.055385,0.122493,0.001204,0.000437
0,0.044507,0.082987,0.12914,0.065423,0.149742,0.094476,0.000777,0.001448
0,-0.114364,0.0843,-0.172222,0.019029,-0.204339,0.061068,0.001996,0.001471
0,-0.159618,0.04853,-0.060674,-0.012329,-0.094557,0.030647,0.002786,0.000847
0,-0.149369,0.033855,0.039356,-0.044095,0.05961,-0.007949,0.002607,0.000591
0,-0.129749,-0.093178,0.013428,-0.135101,-0.024399,-0.121089,0.002265,0.001626
0,0.132413,-0.050518,0.233888,0.057229,0.250593,0.066257,0.002311,0.000882
0,0.10802,-0.121484,-0.040548,-0.081144,-0.015154,-0.051978,0.001885,0.00212
0,0.13057,-0.134833,0.009638,-0.006359,0.022719,-0.023241,0.002279,0.002353
0,-0.101501,-0.129371,-0.255118,0.020135,-0.298692,-0.014335,0.001772,0.002258
0,0.040216,0.131209,0.129734,0.271405,0.127664,0.287521,0.000702,0.00229
0,0.041101,0.077664,-0.007143,-0.057336,0.025365,-0.095513,0.000717,0.001355
0,0.035718,0.140599,-0.025009,0.090558,-0.018883,0.105026,0.000623,0.002454
0,-0.107179,-0.017731,-0.162406,-0.170934,-0.113528,-0.130539,0.001871,0.000309
0,-0.085758,0.005473,0.01894,-0.000773,-0.011526,0.027283,0.001497,9.6e-05
0,-0.026309,-0.124377,0.078464,-0.159348,0.124102,-0.170482,0.000459,0.002171
0,-0.106858,0.027478,-0.056327,0.166588,-0.042299,0.15123,0.001865,0.00048
0,-0.069527,-0.017016,0.067246,-0.064349,0.104359,-0.081483,0.001213,0.000297
0,-0.042199,0.140801,0.001041,0.173543,-0.005631,0.151605,0.000737,0.002457
0,0.16956,-0.157037,0.241579,-0.319799,0.256203,-0.301148,0.002658,0.002741
0,-0.075676,-0.09593,-0.260598,0.041493,-0.219002,0.083691,0.001321,0.001674
0,0.063617,0.062994,0.13388,0.161589,0.172565,0.156245,0.00111,0.001099
0,-0.098888,0.050821,-0.148892,0.006815,-0.143504,0.050791,0.001726,0.000887
0,0.100227,0.135667,0.177286,0.055304,0.212066,0.059116,0.001749,0.002368
0,-0.059664,0.0126,-0.170242,-0.119678,-0.208348,-0.15338,0.001041,0.00022
0,-0.057341,-0.157711,0.023045,-0.161272,0.068374,-0.197426,0.001001,0.002753
0,0.038389,0.091805,0.069964,0.250393,0.026247,0.204898,0.00067,0.001602
0,-0.135273,-0.086177,-0.150425,-0.183647,-0.134265,-0.142327,0.002361,0.001504
0,0.090696,-0.076918,0.213948,-0.009087,0.22825,-0.032513,0.001583,0.001342
0,0.082039,0.06089,-0.022252,0.108666,-0.067753,0.060013,0.001432,0.001063
0,0.210247,0.012418,0.131262,-0.032087,0.096701,-0.006884,0.001948,0.000217
0,-0.045574,-0.175498,-0.27409,-0.162739,-0.294277,-0.180586,0.000795,0.002554
0,0.081069,0.004596,0.133046,0.161925,0.165581,0.208168,0.001415,8e-05
0,-0.053783,-0.07343,-0.148683,-0.07331,-0.148856,-0.072853,0.000939,0.001282
0,0.074297,0.089038,0.150678,0.138794,0.193595,0.164265,0.001297,0.001554
0,-0.15489,-0.021236,-0.212488,-0.131719,-0.173585,-0.131327,0.002703,0.000371
0,-0.112335,-0.165281,0.021674,-0.173681,0.057071,-0.178632,0.001961,0.002733
0,0.149085,0.011601,0.287081,0.165393,0.2725,0.132554,0.002602,0.000202
0,0.088013,0.104193,-0.046187,0.084385,-0.068536,0.09562,0.001536,0.001819
0,-0.023624,0.016675,-0.135311,-0.080629,-0.169785,-0.036279,0.000412,0.000291
0,0.153059,0.062803,0.177311,0.050994,0.2028,0.092185,0.002671,0.001096
0,0.081289,-0.106761,-0.091975,-0.156389,-0.090393,-0.173495,0.001419,0.001863
0,-0.023375,0.097198,-0.078765,0.224495,-0.127222,0.193261,0.000408,0.001696
0,0.071512,0.034764,0.116253,-0.076505,0.121567,-0.043731,0.001248,0.000607
0,0.147133,0.059141,0.07693,0.010015,0.092856,0.036567,0.002568,0.001032
0,0.14944,-0.102671,-0.015422,-0.164989,-0.026743,-0.209253,0.002608,0.001792
0,0.032329,0.00148,-0.138342,0.095554,-0.120824,0.129254,0.000564,2.6e-05
0,-0.012162,0.022517,-0.023334,0.002182,-0.05764,-0.044332,0.000212,0.000393
0,0.145382,0.103123,0.134583,0.08765,0.167794,0.091608,0.002537,0.0018
0,0.137553,0.005083,-0.011834,-0.118572,-0.00965,-0.147056,0.002401,8.9e-05
0,-0.110106,0.086195,-0.255634,0.093793,-0.275524,0.116262,0.001922,0.001504
0,0.017134,0.119923,0.09778,0.029128,0.089229,0.040209,0.000299,0.002093
0,0.012999,0.067264,-0.015919,-0.028249,-0.021632,-0.046047,0.000227,0.001174
0,-0.008786,-0.159357,-0.037116,-0.23115,-0.020487,-0.275021,0.000153,0.002781
0,0.019925,0.117323,0.017819,0.275364,0.043657,0.277741,0.000348,0.002048
0,0.136742,-0.133107,0.14037,-0.254325,0.125893,-0.251995,0.002387,0.002323
0,-0.059138,-0.053421,-0.186969,0.06079,-0.211103,0.072664,0.001032,0.000932
0,0.079661,0.084222,0.13175,0.128457,0.091312,0.108424,0.00139,0.00147
0,0.084391,0.048388,-0.00597,-0.051965,-0.023268,-0.047271,0.001473,0.000845
0,0.013911,0.058595,-0.090397,0.027598,-0.093878,0.035755,0.000243,0.001023
0,-0.105245,0.070163,-0.14442,-0.003047,-0.142515,0.034357,0.001837,0.001225
0,-0.118503,-0.009596,-0.01764,-0.092723,-0.006486,-0.088777,0.002068,0.000167
0,-0.059968,0.006405,0.087637,-0.013338,0.126089,-0.054728,0.001047,0.000112
0,-0.09248,0.083646,-0.059848,0.094598,-0.018586,0.111429,0.001614,0.00146
0,0.096823,-0.142467,0.205308,-0.210656,0.19335,-0.258127,0.00169,0.002487
0,0.145279,0.071499,0.066396,0.240147,0.055818,0.221477,0.002536,0.001248
0,-0.010124,-0.113102,-0.182319,-0.200049,-0.141466,-0.234021,0.000177,0.001974
0,0.014148,-0.008621,0.003721,0.076054,0.025534,0.066228,0.000247,0.00015
0,0.170929,0.079755,0.174801,0.097785,0.208765,0.121854,0.002634,0.001392
0,0.163055,-0.099329,-0.027704,-0.189347,-0.036523,-0.147691,0.002772,0.001734
0,0.07881,0.182704,-0.058918,0.290944,-0.105874,0.269585,0.001375,0.002429
0,-0.058509,0.162016,-0.122305,0.006633,-0.14908,0.053822,0.001021,0.00279
0,-0.189551,0.06566,-0.127574,-0.093848,-0.106187,-0.078883,0.002309,0.001146
0,0.030345,-0.03001,0.232941,-0.090657,0.193564,-0.092114,0.00053,0.000524
0,-0.061752,0.171067,-0.081772,0.21452,-0.091912,0.243703,0.001078,0.002632
0,0.014996,-0.026564,0.088407,-0.185653,0.124392,-0.223555,0.000262,0.000464
0,0.031439,0.000419,0.014291,0.047743,0.014331,0.022954,0.000549,7e-06
0,-0.015843,0.059034,-0.037175,0.052955,-0.032206,0.075442,0.000277,0.00103
0,0.062839,0.127867,0.096547,0.077543,0.096596,0.097215,0.001097,0.002232
0,0.07975,0.090258,0.003871,-0.018374,0.02309,-0.054694,0.001392,0.001575
0,-0.15594,0.091018,-0.246259,0.00119,-0.225633,-0.017627,0.002722,0.001589
0,-0.125476,-0.0594,0.045185,-0.170752,0.017621,-0.1469,0.00219,0.001037
0,-0.109182,0.022498,-0.000406,0.089896,0.019082,0.100597,0.001906,0.000393
0,-0.092085,-0.149029,-0.006514,-0.182908,-0.01929,-0.165881,0.001607,0.002601
0,-0.067783,-0.158719,0.019694,-0.006898,-0.025296,-0.034732,0.001183,0.00277
0,-0.066247,-0.079679,0.002862,0.076738,-0.03603,0.076833,0.001156,0.001391
0,-0.10491,-0.136138,-0.059153,-0.03533,-0.105078,-0.010619,0.001831,0.002376
0,0.077828,-0.06052,0.17359,0.080349,0.201516,0.128184,0.001358,0.001056
0,-0.200685,-0.052065,-0.299221,-0.01431,-0.318918,0.014844,0.002115,0.000909
0,0.010042,0.035505,0.239484,0.081594,0.268092,0.081484,0.000175,0.00062
0,-0.140126,-0.059511,-0.174558,-0.111751,-0.173347,-0.158161,0.002446,0.001039
0,-0.093188,0.033176,0.062478,0.106913,0.053031,0.102637,0.001626,0.000579
0,-0.228783,-0.000564,-0.142101,-0.053845,-0.120087,-0.098812,0.001624,1e-05
0,-0.150516,-0.037581,0.101831,-0.018934,0.079982,-0.001084,0.002627,0.000656
0,-0.024112,-0.035708,0.123828,-0.011517,0.172097,0.000571,0.000421,0.000623
0,-0.162017,0.035381,-0.125771,0.065617,-0.124908,0.089179,0.00279,0.000618
0,-0.282833,-0.167578,-0.105018,-0.183536,-0.103893,-0.179079,0.000681,0.002693
0,-0.006468,-0.049916,0.302453,0.139004,0.334918,0.156997,0.000113,0.000871
0,-0.022821,-0.140143,-0.012068,-0.118081,-0.005342,-0.081573,0.000398,0.002446
0,-0.208944,0.07191,-0.21242,0.218873,-0.22998,0.209358,0.001971,0.001255
0,-0.015571,0.069304,0.169807,-0.016123,0.122828,-0.003819,0.000272,0.00121
0,0.072518,-0.060981,0.064715,-0.132019,0.095917,-0.172137,0.001266,0.001064
0,-0.12599,-0.228811,-0.174819,-0.140323,-0.187203,-0.13888,0.002199,0.001624
0,-0.137181,-0.17414,-0.035674,0.060307,-0.058914,0.086326,0.002394,0.002578
0,0.006363,-0.178252,0.163444,-0.022692,0.181349,-0.022022,0.000111,0.002506
0,-0.002147,0.042336,-0.006089,0.221726,-0.01191,0.267074,3.7e-05,0.000739
0,0.027863,-0.195388,0.04043,-0.242872,0.072261,-0.221329,0.000486,0.002207
0,-0.134557,-0.000341,-0.1327,0.218687,-0.153567,0.238815,0.002348,6e-06
0,0.036554,-0.148084,0.14252,-0.136722,0.110957,-0.164882,0.000638,0.002585
0,-0.176674,0.020546,-0.221127,0.18915,-0.172495,0.207119,0.002534,0.000359
0,-0.03846,-0.179432,0.120647,-0.174694,0.101024,-0.165636,0.000671,0.002486
0,0.027105,-0.060734,0.057014,0.129185,0.04924,0.108269,0.000473,0.00106
0,-0.043533,0.032092,-0.042671,0.079183,-0.040675,0.117297,0.00076,0.00056
0,-0.050377,0.017437,-0.00704,-0.018067,0.033125,-0.019552,0.000879,0.000304
0,0.015988,-0.002551,0.056859,0.009097,0.023504,-0.012068,0.000279,4.5e-05
0,-0.088024,-0.006286,-0.112526,-0.008097,-0.136753,0.020089,0.001536,0.00011
0,-0.134426,-0.047518,-0.021067,-0.059314,0.004448,-0.071765,0.002346,0.000829
0,-0.047325,0.025021,0.077012,0.043584,0.055133,0.065876,0.000826,0.000437
0,-0.157792,-0.017866,-0.086853,-0.026365,-0.124777,-0.011116,0.002754,0.000312
0,-0.016456,-0.075323,0.142991,-0.081047,0.13507,-0.070032,0.000287,0.001315
0,-0.036472,-0.146325,0.004787,-0.066952,-0.002287,-0.02349,0.000637,0.002554
0,-0.08956,0.010629,-0.072367,0.162166,-0.044609,0.115969,0.001563,0.000186
0,-0.148281,0.095765,-0.062583,0.08485,-0.03541,0.108553,0.002588,0.001671
0,-0.192265,0.122677,-0.022356,0.052407,-0.012025,0.099994,0.002262,0.002141
0,-0.167419,-0.013105,0.020415,-0.120146,-0.015395,-0.132058,0.002695,0.000229
0,-0.068431,-0.170509,0.0988,-0.138456,0.117983,-0.155196,0.001194,0.002642
0,-0.042734,-0.008949,0.053695,0.178721,0.009679,0.204937,0.000746,0.000156
0,-0.155628,-0.161515,-0.115482,-0.154526,-0.094515,-0.135094,0.002716,0.002799
0,-0.013716,-0.080523,0.143348,0.074801,0.154912,0.02996,0.000239,0.001405
0,-0.026468,-0.07607,0.009827,0.004894,-0.035111,-0.029451,0.000462,0.001328
0,-0.00207,-0.062223,0.023478,0.026826,0.044433,0.051318,3.6e-05,0.001086
0,-0.151508,0.066818,-0.139339,0.153585,-0.092357,0.142479,0.002644,0.001166
0,-0.180745,-0.057212,-0.037061,-0.116264,-0.045694,-0.102728,0.002463,0.000999
0,-0.149347,-0.083089,0.017074,-0.03088,0.008764,-0.02325,0.002607,0.00145
0,-0.189826,-0.125262,-0.030786,-0.030295,-0.070425,-0.042944,0.002304,0.002186
0,-0.121163,-0.132251,0.06607,-0.025252,0.021087,0.022066,0.002115,0.002308
0,-0.151842,0.035333,-0.007549,0.161427,-0.052113,0.169845,0.00265,0.000617
0,-0.068852,0.116181,0.093347,0.095182,0.102363,0.056223,0.001202,0.002028
0,0.053824,0.120872,0.109584,0.018311,0.073743,0.066442,0.000939,0.00211
0,0.066217,-0.017547,-0.000519,-0.14357,-0.0039,-0.143797,0.001156,0.000306
0,-0.061773,-0.003201,-0.130882,0.030337,-0.137572,0.00033,0.001078,5.6e-05
0,0.042266,0.183136,0.110498,0.196057,0.069274,0.22026,0.000738,0.002421
0,0.127598,0.06814,0.101201,-0.128389,0.116428,-0.178223,0.002227,0.001189
0,0.000187,0.1109,-0.106769,0.027775,-0.084865,0.037622,3e-06,0.001936
0,-0.097014,0.191247,-0.093857,0.075111,-0.128681,0.079515,0.001693,0.00228
0,0.008256,0.191874,0.079886,-0.012904,0.110418,0.010467,0.000144,0.002269
0,0.030799,0.027897,-0.003352,-0.162737,-0.016874,-0.183146,0.000538,0.000487
0,0.160975,-0.069012,0.133914,-0.07809,0.16261,-0.050646,0.002808,0.001204
0,0.022421,-0.026668,-0.167518,0.026812,-0.174841,-0.011909,0.000391,0.000465
0,-0.030131,0.175121,-0.052559,0.176043,-0.08796,0.221279,0.000526,0.002561
0,-0.007085,-0.019287,0.018041,-0.201496,0.015214,-0.193288,0.000124,0.000337
0,0.149512,0.137126,0.15364,0.178141,0.147569,0.200145,0.002609,0.002393
0,0.213903,-0.141332,0.051399,-0.286911,0.09552,-0.295654,0.001884,0.002467
0,0.213467,-0.084845,0.027981,0.027823,0.010735,0.034011,0.001892,0.001481
0,0.079568,0.077514,-0.114018,0.146909,-0.100003,0.146139,0.001389,0.001353
0,0.272832,-0.093227,0.176121,-0.170102,0.209571,-0.215942,0.000856,0.001627
0,0.195952,0.069376,-0.086073,0.163069,-0.089628,0.156576,0.002197,0.001211
0,0.095939,0.028198,-0.09107,-0.011419,-0.115125,-0.038589,0.001674,0.000492
0,0.043177,0.156776,-0.057362,0.142691,-0.042241,0.100194,0.000754,0.002736
0,0.183688,-0.068426,0.134935,-0.21318,0.10816,-0.217993,0.002412,0.001194
0,0.1359,0.061887,-0.064441,0.130017,-0.036939,0.155103,0.002372,0.00108
0,0.015033,0.000585,-0.142672,-0.050639,-0.15722,-0.021859,0.000262,1e-05
0,0.036936,0.130781,0.018139,0.150778,0.023366,0.180289,0.000645,0.002283
0,0.102153,0.063838,0.059716,-0.083364,0.083936,-0.059464,0.001783,0.001114
0,0.078259,0.080813,-0.053074,0.014352,-0.07018,0.009387,0.001366,0.00141
0,0.291346,-0.041685,0.240343,-0.15013,0.245719,-0.110023,0.000533,0.000728
0,0.065688,0.022557,-0.239861,0.079647,-0.222748,0.047176,0.001146,0.000394
0,0.087168,0.103495,0.023279,0.08255,-0.00671,0.073924,0.001521,0.001806
0,0.139641,0.030193,0.052058,-0.055463,0.052762,-0.043815,0.002437,0.000527
0,0.277344,-0.113046,0.133558,-0.151524,0.129611,-0.156792,0.000777,0.001973
0,0.022288,0.107803,-0.25834,0.22546,-0.2955,0.269887,0.000389,0.001882
0,0.347286,-0.077146,0.325675,-0.204808,0.328957,-0.192525,0.000444,0.001346
0,0.237112,0.051882,-0.136211,0.101224,-0.163258,0.066506,0.001479,0.000906
0,0.084407,-0.124581,-0.172458,-0.171226,-0.20332,-0.194306,0.001473,0.002174
0,0.773747,1.179794,0.710692,1.277538,0.711827,1.277896,0.002269,0.001879
0,0.904503,1.221502,0.103549,0.057504,0.094932,0.04513,0.001066,0.001151
0,1.082086,1.414537,0.170876,0.215102,0.137541,0.165744,0.002033,0.002218
0,1.208403,1.43851,0.120196,0.002882,0.117624,0.015593,0.001379,0.002637
0,1.063781,1.354564,-0.161461,-0.089042,-0.17414,-0.104152,0.001714,0.001172
0,-1.855213,0.546152,-2.905556,-0.834882,-2.919183,-0.786071,0.001325,0.001703
0,-2.388598,0.133913,-0.546843,-0.426219,-0.562642,-0.450146,0.002366,0.002337
0,-2.376325,-0.351947,0.03984,-0.4898,0.082647,-0.457801,0.002152,0.000525
0,-2.946498,-0.712972,-0.557821,-0.349363,-0.575536,-0.379341,0.000869,0.001209
0,-2.721208,-0.751668,0.197234,-0.066818,0.173792,-0.103713,0.002554,0.001884
0,-2.379785,-0.565251,0.349952,0.186789,0.391076,0.137648,0.002213,0.00137
0,-1.631859,-0.473973,0.71948,0.117286,0.761921,0.088369,0.000394,0.002655
0,-1.273404,-0.514734,0.341793,-0.022241,0.332389,0.020303,0.000245,0.002251
0,-1.180835,-0.262989,0.069285,0.229469,0.094968,0.221982,0.001861,0.001027
0,-0.831045,0.077115,0.329187,0.366219,0.345244,0.398714,0.002348,0.001346
0,-0.787068,0.039144,0.032102,-0.02434,0.040121,-0.007603,0.002502,0.000683
0,-0.389942,0.116606,0.386616,0.088159,0.412696,0.06735,0.001188,0.002035
0,-0.100249,0.043243,0.274804,-0.055442,0.279876,-0.014121,0.00175,0.000755
0,0.049264,0.10436,0.176099,0.073856,0.174809,0.029828,0.00086,0.001821
0,0.006164,0.240081,-0.056848,0.140298,-0.031624,0.103587,0.000108,0.001427
0,0.158165,0.119077,0.164639,-0.132485,0.131088,-0.177861,0.002761,0.002078
0,0.193077,-0.014166,0.042335,-0.13679,-0.004053,-0.11516,0.002248,0.000247
0,0.049713,-0.07092,-0.126931,-0.051113,-0.099379,-0.026928,0.000868,0.001238
0,0.075654,0.174563,0.012093,0.251807,0.037715,0.227839,0.00132,0.002571
0,0.282492,0.050455,0.196291,-0.101313,0.172067,-0.062141,0.000687,0.000881
0,0.224551,-0.178799,-0.082945,-0.224818,-0.132902,-0.266998,0.001698,0.002497
0,0.192048,-0.055373,-0.040223,0.108068,-0.033058,0.059497,0.002266,0.000966
0,-0.049982,0.111882,-0.249506,0.160549,-0.203654,0.195023,0.000872,0.001953
0,0.081622,0.05845,0.129549,-0.059856,0.136535,-0.043211,0.001425,0.00102
0,-0.027381,0.095076,-0.084237,0.034544,-0.076181,0.071556,0.000478,0.001659
0,-0.118961,0.111297,-0.088582,0.011781,-0.056752,0.017265,0.002076,0.001943
0,-0.191954,-0.062061,-0.045928,-0.144512,-0.010464,-0.139021,0.002267,0.001083
0,-0.061962,0.101017,0.154076,0.140305,0.167264,0.107717,0.001081,0.001763
0,-0.030649,0.14267,0.02887,0.071226,0.037017,0.056417,0.000535,0.00249
0,-0.101641,0.088286,-0.062414,-0.038569,-0.023498,-0.010965,0.001774,0.001541
0,0.08165,0.059951,0.202196,-0.023245,0.195814,0.006301,0.001425,0.001046
0,0.092522,-0.113515,0.008001,-0.149799,0.035185,-0.143169,0.001615,0.001981
0,0.022637,0.09654,-0.052363,0.196488,-0.064511,0.219638,0.000395,0.001685
0,-0.094671,0.143114,-0.128385,0.038329,-0.161673,0.073568,0.001652,0.002498
0,-0.155099,-0.107721,-0.03411,-0.257247,-0.054841,-0.230883,0.002707,0.00188
0,-0.025946,0.08843,0.140555,0.219816,0.156881,0.256454,0.000453,0.001543
0,-0.085755,0.04695,-0.056492,-0.043168,-0.035926,-0.055063,0.001497,0.000819
0,-0.049457,0.12502,0.063812,0.075072,0.033515,0.03417,0.000863,0.002182
0,-0.150981,0.07598,-0.129224,-0.058802,-0.171629,-0.038229,0.002635,0.001326
0,-0.135861,-0.079448,0.017313,-0.143182,0.041444,-0.161534,0.002371,0.001387
0,0.070031,-0.128108,0.228411,-0.047383,0.19887,-0.008033,0.001222,0.002236
0,0.074911,-0.114796,-0.011895,-0.011905,0.029358,-0.052695,0.001307,0.002004
0,-0.050281,-0.130458,-0.143992,0.003765,-0.159493,-0.007934,0.000878,0.002277
0,-0.043446,0.078951,0.007923,0.182509,0.037405,0.155156,0.000758,0.001378
0,0.091486,0.032015,0.109605,-0.040086,0.08303,-0.046619,0.001597,0.000559
0,-0.075499,-0.048171,-0.193749,-0.086876,-0.198049,-0.103898,0.001318,0.000841
0,-0.098875,-0.014643,-0.044024,0.044558,-0.091181,0.012792,0.001726,0.000256
0,-0.042809,-0.03449,0.068349,-0.015922,0.08751,-0.065123,0.000747,0.000602
0,0.123908,-0.016585,0.18757,-0.005541,0.144499,-0.040692,0.002163,0.000289
0,-0.011849,-0.043089,-0.129415,-0.030051,-0.089471,-0.07609,0.000207,0.000752
0,0.092412,-0.002513,0.128237,0.057238,0.153441,0.089559,0.001613,4.4e-05
0,0.134164,0.186128,0.023648,0.21616,0.056404,0.170689,0.002342,0.002369
0,-0.082133,0.185947,-0.221498,-0.015676,-0.270656,0.03193,0.001433,0.002372
0,0.027559,0.089339,0.090483,-0.119812,0.132456,-0.098366,0.000481,0.001559
0,-0.058518,0.119506,-0.057128,0.044589,-0.068336,0.059742,0.001021,0.002086
0,-0.049621,0.120187,0.016878,-0.002975,0.019456,-0.027073,0.000866,0.002098
0,-0.104289,0.101655,-0.02568,-0.024237,-0.031423,-0.010712,0.00182,0.001774
0,-0.026702,-0.102739,0.04923,-0.207714,0.065735,-0.168534,0.000466,0.001793
0,-0.094347,0.063832,-0.045486,0.144974,-0.02688,0.17106,0.001647,0.001114
0,0.106654,0.07131,0.178969,-5.1e-05,0.190331,0.030069,0.001861,0.001245
0,-0.03167,0.085112,-0.167542,0.031981,-0.210867,0.008626,0.000553,0.001485
0,-0.022874,-0.022405,-0.006114,-0.11825,-0.004133,-0.16703,0.000399,0.000391
0,0.011242,0.132838,0.007448,0.153943,-0.006849,0.169537,0.000196,0.002318
0,0.149287,0.149359,0.159516,0.028907,0.17843,0.039381,0.002606,0.002607
0,-0.012876,0.000834,-0.155675,-0.166085,-0.184236,-0.152694,0.000225,1.5e-05
0,0.211618,-0.049042,0.203779,-0.077436,0.163099,-0.046146,0.001924,0.000856
0,0.173152,0.015196,-0.014079,0.040836,-0.017216,0.023614,0.002595,0.000265
0,-0.032405,0.035079,-0.213735,0.042212,-0.165999,0.021338,0.000566,0.000612
0,0.176094,-0.023141,0.235016,-0.038246,0.271362,-0.041051,0.002544,0.000404
0,0.085079,0.159812,-0.118861,0.185369,-0.088021,0.217585,0.001485,0.002789
0,0.108062,0.02665,0.037851,-0.153361,0.035944,-0.16656,0.001886,0.000465
0,0.048179,0.003308,-0.036316,0.006255,-0.001359,-0.040848,0.000841,5.8e-05
0,-0.067398,0.123302,-0.118685,0.094075,-0.092051,0.08965,0.001176,0.002152
0,0.003953,0.178455,0.043441,0.075528,0.062916,0.056624,6.9e-05,0.002503
0,-0.059608,0.123573,-0.051622,-0.031223,-0.080538,-0.025903,0.00104,0.002157
0,-0.035887,-0.021106,0.003963,-0.143807,0.04521,-0.193578,0.000626,0.000368
0,0.095956,0.122979,0.118428,0.150138,0.080696,0.149106,0.001675,0.002146
0,0.104812,0.18805,-0.003206,0.054862,-0.008891,0.015343,0.001829,0.002335
0,0.108496,-0.014801,0.011152,-0.22195,0.011279,-0.202159,0.001894,0.000258
0,0.088031,0.17017,-0.015018,0.177138,0.021211,0.15748,0.001536,0.002647
0,-0.025288,0.048832,-0.142721,-0.14676,-0.174588,-0.156043,0.000441,0.000852
0,0.166293,0.107843,0.217518,0.032472,0.188113,-0.013253,0.002715,0.001882
0,-0.092636,0.121538,-0.269133,-0.007471,-0.2981,-0.054221,0.001617,0.002121
0,-0.018749,0.057877,0.048046,-0.073754,0.071256,-0.053157,0.000327,0.00101
0,-0.160771,0.19062,-0.115443,0.127763,-0.159098,0.118239,0.002806,0.002291
0,-0.00283,-0.054215,0.143378,-0.261305,0.100524,-0.302536,4.9e-05,0.000946
0,-0.100009,0.022908,-0.094331,0.071997,-0.065932,0.101683,0.001745,0.0004
0,-0.032527,0.005987,0.05262,0.007256,0.035998,0.017998,0.000568,0.000104
0,0.04222,0.124085,0.091607,0.096755,0.112122,0.094752,0.000737,0.002166
0,0.048098,0.147354,-0.004433,0.027065,0.028173,0.002607,0.000839,0.002572
0,-0.077524,0.088891,-0.100281,-0.059551,-0.097393,-0.02417,0.001353,0.001551
0,-0.228777,0.096265,-0.160283,-0.009899,-0.187616,0.022685,0.001625,0.00168
0,-0.034597,0.1777,0.168905,0.054552,0.149665,0.098702,0.000604,0.002516
0,-0.055247,0.044738,-0.007431,-0.139444,-0.049018,-0.149328,0.000964,0.000781
0,-0.193157,0.220249,-0.109352,0.165975,-0.065757,0.146789,0.002246,0.001773
0,-0.13414,0.092025,0.06093,-0.145078,0.104035,-0.142415,0.002341,0.001606
0,-0.156647,-0.078432,-0.008127,-0.145429,-0.021945,-0.174537,0.002734,0.001369
0,-0.136944,0.180329,0.000741,0.280093,-0.016252,0.298976,0.00239,0.00247
0,-0.135702,0.149979,0.02414,-0.056761,0.039351,-0.068379,0.002368,0.002618
0,-0.062196,0.14713,0.069254,0.020825,0.069483,0.013091,0.001086,0.002568
0,-0.04309,-0.095858,-0.006164,-0.24293,-0.00843,-0.274519,0.000752,0.001673
0,-0.07061,0.081728,-0.010133,0.180257,-0.021288,0.199161,0.001232,0.001426
0,-0.018795,0.138812,0.060091,0.071495,0.071832,0.102121,0.000328,0.002423
0,-0.223215,-0.047882,-0.194281,-0.214683,-0.230605,-0.232456,0.001722,0.000836
0,-0.059134,0.160945,0.150456,0.185247,0.132603,0.187729,0.001032,0.002808
0,-0.038247,0.1321,0.022469,-0.049941,0.004484,-0.071641,0.000668,0.002306
0,-0.040681,-0.124923,-0.000439,-0.249626,-0.005837,-0.206226,0.00071,0.00218
0,-0.02758,-0.143778,0.022135,-0.045889,-0.024194,-0.025653,0.000481,0.002509
0,-0.231993,0.117217,-0.175294,0.281397,-0.162057,0.26518,0.001568,0.002046
0,-0.310244,0.027763,-0.074754,-0.090961,-0.09089,-0.110158,0.000203,0.000485
0,-0.155176,-0.131577,0.170919,-0.151483,0.176461,-0.113663,0.002708,0.002296
0,-0.127202,-0.034276,0.007381,0.094361,0.011348,0.113804,0.00222,0.000598
0,-0.153822,-0.060013,-0.044967,-0.047381,-0.04571,-0.096621,0.002685,0.001047
0,-0.174906,0.113958,0.000945,0.162355,-0.038088,0.207081,0.002565,0.001989
0,-0.172694,-0.111234,-0.00334,-0.249981,0.043215,-0.245311,0.002603,0.001941
0,-0.1597,-0.037425,-0.007749,0.062045,-0.048879,0.082508,0.002787,0.000653
0,-0.070042,0.086974,0.09462,0.119424,0.047173,0.154768,0.001222,0.001518
0,-0.250588,0.097107,-0.160208,0.030529,-0.148296,0.016966,0.001244,0.001695
0,-0.164332,0.003606,0.088925,-0.112205,0.079501,-0.087284,0.002749,6.3e-05
0,-0.072436,-0.088964,0.0884,-0.108731,0.073064,-0.074497,0.001264,0.001553
0,-0.188706,0.024269,-0.118916,0.101107,-0.130387,0.141869,0.002324,0.000424
0,-0.11145,-0.123942,0.090654,-0.126956,0.071421,-0.1057,0.001945,0.002163
0,-0.046836,0.167552,0.072274,0.301298,0.094791,0.253919,0.000817,0.002693
0,0.086053,-0.084731,0.136478,-0.257502,0.08831,-0.266359,0.001502,0.001479
0,-0.180918,0.005282,-0.247876,0.075522,-0.229701,0.051132,0.00246,9.2e-05
0,0.049342,0.001261,0.244702,-0.004575,0.258657,0.023907,0.000861,2.2e-05
0,0.043333,0.123387,-0.008901,0.094542,-0.057803,0.119155,0.000756,0.002154
0,0.055596,0.055582,-0.013424,-0.067891,-0.004617,-0.101217,0.00097,0.00097
0,0.15077,0.082348,0.069987,0.022582,0.074121,0.043672,0.002631,0.001437
0,0.081549,-0.058448,-0.085183,-0.165615,-0.061531,-0.125085,0.001423,0.00102
0,-0.133046,-0.111034,-0.204267,-0.033487,-0.244803,-0.079329,0.002322,0.001938
0,0.04987,-0.088341,0.186094,0.015695,0.170934,0.025455,0.00087,0.001542
0,0.015005,-0.03311,-0.036475,0.050695,-0.03969,0.034713,0.000262,0.000578
0,-0.054371,0.151668,-0.070831,0.196486,-0.109848,0.225456,0.000949,0.002647
0,0.093903,-0.085133,0.167498,-0.262961,0.177243,-0.268004,0.001639,0.001486
0,0.026426,-0.16812,-0.062147,-0.101346,-0.049144,-0.126744,0.000461,0.002683
0,0.144661,0.072732,0.089093,0.212246,0.060737,0.231221,0.002525,0.001269
0,0.142651,-0.08072,0.026316,-0.147649,0.070119,-0.15363,0.00249,0.001409
0,0.131212,-0.149509,-0.033666,-0.07783,0.004974,-0.120695,0.00229,0.002609
0,0.088471,-0.15879,-0.066575,-0.007926,-0.060679,-0.023586,0.001544,0.002771
0,0.007024,0.026725,-0.057133,0.167242,-0.077419,0.141407,0.000123,0.000466
0,-0.07445,-0.095749,-0.065074,-0.125262,-0.039309,-0.075786,0.001299,0.001671
0,-0.021398,0.089161,0.046817,0.156987,0.079375,0.139994,0.000373,0.001556
0,0.021219,0.110217,0.064937,-0.00849,0.081588,-0.056238,0.00037,0.001924
0,-1.995595,0.865384,-2.039347,0.748664,-2.082195,0.714846,0.001125,0.001749
0,-3.632483,1.479917,-1.639585,0.632453,-1.657258,0.675391,0.001606,0.002258
0,-4.300546,1.470307,-0.668845,-0.03957,-0.65023,-0.064059,0.002031,0.002426
0,-3.968806,1.27577,0.324736,-0.169855,0.318818,-0.162336,0.001859,0.000204
0,-3.951969,0.856807,0.016825,-0.401642,-0.021846,-0.400098,0.001565,0.001898
0,-3.4257,0.848717,0.51506,-0.020141,0.546692,-0.014837,0.002003,0.00204
0,-2.746326,0.459699,0.681014,-0.400605,0.657457,-0.423589,0.002625,0.002406
0,-2.078266,0.267618,0.661104,-0.183665,0.641431,-0.138253,0.002568,0.000947
0,-1.430383,-0.06364,0.674248,-0.308718,0.689696,-0.349965,0.002495,0.001111
0,-1.291372,-0.100788,0.142955,-0.008463,0.145845,-0.029296,6.9e-05,0.001759
0,-0.544439,-0.257794,0.763756,-0.180498,0.781876,-0.210962,0.001733,0.001118
0,-0.058218,-0.261226,0.497585,-0.000434,0.472604,-0.028487,0.001016,0.001058
0,-0.086483,-0.192055,-0.031492,0.054358,-0.014781,0.072216,0.001509,0.002266
0,-3.540064,-1.894409,-3.444246,-1.708403,-3.42004,-1.693733,7e-06,0.000641
0,-4.188354,-1.92397,-0.627615,-0.045708,-0.665365,-0.016407,7.3e-05,0.000125
0,-4.424003,-1.68933,-0.247097,0.241782,-0.261738,0.203957,0.001432,0.001397
0,-3.515823,-1.604013,0.931827,0.062682,0.958,0.098804,0.00043,9.2e-05
0,-2.613989,-1.771569,0.922502,-0.194329,0.8845,-0.195922,0.000683,0.002785
0,-2.0729,-1.591407,0.525285,0.208923,0.535231,0.24925,0.002474,0.000312
0,-1.71514,-1.166324,0.380395,0.397905,0.368026,0.387659,0.001847,0.002114
0,-1.222677,-1.036237,0.480756,0.137161,0.45726,0.168576,0.00113,0.001233
0,-0.855353,-0.523525,0.34323,0.48616,0.347749,0.455863,0.001924,0.002098
0,-0.82752,-0.140133,-0.001228,0.355299,-0.01095,0.347368,0.00241,0.002446
0,-0.311428,-0.170026,0.502269,-0.009796,0.464737,0.034172,0.000182,0.00265
0,-0.129145,-0.112242,0.160545,0.03822,0.116408,0.055337,0.002254,0.001959
0,-0.121683,0.162492,0.021289,0.289851,0.011036,0.294216,0.002124,0.002781
0,0.092684,0.074866,0.222024,-0.088448,0.173124,-0.109721,0.001618,0.001307
0,0.348881,0.135648,0.233684,0.053482,0.254834,0.056436,0.000472,0.002368
0,0.297175,-0.002603,-0.060234,-0.115512,-0.099368,-0.114469,0.000431,4.5e-05
0,0.402173,-0.065288,0.075453,-0.040848,0.076962,0.00046,0.001402,0.001139
0,0.148373,0.240982,-0.225259,0.288313,-0.254429,0.277042,0.00259,0.001412
0,0.146851,0.079347,0.027984,-0.141959,-0.011994,-0.150003,0.002563,0.001385
0,0.360116,0.111568,0.197831,0.017112,0.219329,0.050816,0.000668,0.001947
0,0.13553,-0.104255,-0.23354,-0.219624,-0.241734,-0.241698,0.002365,0.00182
0,0.179595,0.052968,0.017067,0.132148,0.045554,0.113589,0.002483,0.000924
0,0.089796,-0.055105,-0.085448,-0.108632,-0.122029,-0.065888,0.001567,0.000962
0,0.036869,-0.061994,-0.058773,0.002107,-0.103848,-0.011961,0.000643,0.001082
0,0.22955,0.13832,0.203281,0.227125,0.177823,0.260863,0.001611,0.002414
0,0.016867,0.178019,-0.219908,0.015879,-0.172656,0.06221,0.000294,0.00251
0,0.227261,0.077308,0.199878,-0.087109,0.246082,-0.038121,0.001651,0.001349
0,0.091174,-0.091292,-0.158402,-0.193994,-0.193811,-0.169361,0.001591,0.001593
0,0.06201,0.010434,-0.011525,0.086229,0.025342,0.050385,0.001082,0.000182
0,0.021556,-0.082949,-0.020186,-0.120697,0.013354,-0.166298,0.000376,0.001448
0,0.154846,-0.052157,0.113138,0.02981,0.113331,0.019405,0.002703,0.00091
0,0.151866,0.014674,0.01535,0.049872,0.01996,0.049083,0.002651,0.000256
0,0.028246,0.048406,-0.145555,0.016025,-0.15115,0.022642,0.000493,0.000845
0,0.06499,0.011609,0.035031,-0.034167,0.034155,-0.052599,0.001134,0.000203
0,0.0772,-0.050545,-0.016435,-0.065292,0.025368,-0.067577,0.001347,0.000882
0,0.049208,-0.130333,-0.052961,-0.064399,-0.092404,-0.103661,0.000859,0.002275
0,0.0036,0.102745,-0.055362,0.250892,-0.066026,0.224928,6.3e-05,0.001793
0,-0.006968,-0.029048,-0.006101,-0.142246,-0.001427,-0.190413,0.000122,0.000507
0,0.022711,0.033248,0.016654,0.038539,-0.021902,0.07383,0.000396,0.00058
0,-0.04134,0.152808,-0.046357,0.129785,-0.057906,0.148864,0.000722,0.002667
0,0.000671,-0.097352,0.054771,-0.243329,0.086536,-0.244174,1.2e-05,0.001699
0,0.150732,-0.114417,0.129027,-0.028638,0.14235,-0.010333,0.002631,0.001997
0,-0.040009,-0.11186,-0.179256,0.00546,-0.197445,0.050842,0.000698,0.001952
0,-0.00709,0.113557,0.045061,0.211609,0.091038,0.220969,0.000124,0.001982
0,-0.007634,0.006017,0.026823,-0.133705,0.057211,-0.151186,0.000133,0.000105
0,-0.014865,-0.081601,0.021626,-0.069829,0.038836,-0.041905,0.000259,0.001424
0,0.029848,0.020695,0.048684,0.119144,0.042732,0.091842,0.000521,0.000361
0,-0.044457,0.080623,-0.072752,0.088641,-0.054637,0.083949,0.000776,0.001407
0,0.00151,0.154636,0.048723,0.084018,0.051001,0.090005,2.6e-05,0.002699
0,0.065385,0.077163,0.090019,-0.087382,0.096477,-0.094144,0.001141,0.001347
0,0.044581,0.122586,-0.031737,0.022555,-0.010155,-0.009612,0.000778,0.00214
0,0.125141,0.065136,0.081761,-0.077557,0.05208,-0.078373,0.002184,0.001137
0,0.026122,0.151576,-0.081144,0.094007,-0.057168,0.074079,0.000456,0.002645
0,-0.049646,-0.096369,-0.085415,-0.21865,-0.129888,-0.223531,0.000866,0.001682
0,-0.033004,-0.16482,0.043168,-0.050398,0.039484,-0.072239,0.000576,0.002741
0,0.085408,0.076854,0.131002,0.239472,0.177244,0.195367,0.001491,0.001341
0,0.023971,-0.146419,-0.03576,-0.212212,-0.034686,-0.216508,0.000418,0.002555
0,0.265595,-0.058811,0.247001,0.10565,0.293246,0.101198,0.000982,0.001026
0,0.014608,0.044851,-0.247369,0.119127,-0.278659,0.12899,0.000255,0.000783
0,0.143985,-0.138376,0.126249,-0.190798,0.097226,-0.204765,0.002513,0.002415
0,0.293326,-0.05008,0.162454,0.091428,0.187412,0.104332,0.000498,0.000874
0,0.078394,0.055571,-0.204607,0.081662,-0.167222,0.082416,0.001368,0.00097
0,0.29913,0.012219,0.223939,-0.025478,0.202048,0.010113,0.000397,0.000213
0,0.224862,-0.078402,-0.085385,-0.091262,-0.107117,-0.084342,0.001693,0.001368
0,0.316654,0.042964,0.108482,0.111859,0.063014,0.109539,9.1e-05,0.00075
0,0.270424,-0.10353,-0.026571,-0.138494,-0.071522,-0.160829,0.000898,0.001807
0,0.267864,-0.084264,-0.031278,0.03361,0.01518,0.004458,0.000942,0.001471
0,0.277958,-0.093619,0.021931,-0.029736,0.068559,-0.068926,0.000766,0.001634
0,0.172106,-0.161159,-0.095006,-0.041874,-0.075799,0.001594,0.002614,0.002805
0,0.263148,-0.062233,0.11749,0.121777,0.15464,0.136254,0.001025,0.001086
0,0.305915,0.101961,0.0633,0.182437,0.023632,0.156543,0.000278,0.00178
0,0.242738,-0.154036,-0.08358,-0.239236,-0.123897,-0.279123,0.001381,0.002688
0,0.330422,-0.168199,0.110225,0.010185,0.108939,0.026508,0.000149,0.002682
0,0.368359,-0.187482,0.012069,-0.019182,0.032028,0.030041,0.000812,0.002345
0,-1.697996,0.094932,-2.092515,0.303884,-2.121093,0.2832,0.001548,0.001657
0,-2.714724,0.313,-1.04554,0.215489,-1.049024,0.26501,0.002441,0.000155
0,-2.630446,0.502838,0.075519,0.219532,0.027281,0.23697,0.00097,0.002459
0,-2.435553,0.496713,0.211191,-0.019104,0.198525,-0.008466,0.002432,0.002566
0,-2.302155,0.474019,0.143458,-0.031709,0.182077,-0.080161,0.000858,0.002656
0,-1.790871,0.208373,0.514134,-0.281598,0.515111,-0.27703,0.002448,0.001981
0,-1.343109,0.39285,0.425391,0.188354,0.404997,0.17092,0.000972,0.001239
0,-0.937375,0.041147,0.432306,-0.358727,0.389232,-0.337697,0.000492,0.000718
0,-0.574646,0.198728,0.386228,0.168994,0.411152,0.204954,0.001206,0.002149
0,-0.560109,0.022001,0.04218,-0.158159,0.034966,-0.159325,0.001459,0.000384
0,-0.354152,0.1731,0.184297,0.176849,0.203059,0.190955,0.000564,0.002596
0,-0.055157,-0.077064,0.27739,-0.25805,0.249477,-0.267687,0.000963,0.001345
0,-0.031556,0.074705,0.018509,0.124186,0.022617,0.148663,0.000551,0.001304
0,-0.116838,-0.068521,-0.058415,-0.153528,-0.048038,-0.189342,0.002039,0.001196
0,0.054366,-0.032233,0.165302,0.059743,0.14381,0.046622,0.000949,0.000563
0,0.108977,0.004551,0.078125,0.065181,0.068644,0.029739,0.001902,7.9e-05
0,0.177162,-0.24165,0.072809,-0.240769,0.103041,-0.229459,0.002525,0.0014
0,0.208386,-0.046503,0.041091,0.182319,0.067648,0.189441,0.00198,0.000812
0,0.355704,-0.130312,0.152028,-0.05887,0.172674,-0.06784,0.000591,0.002274
0,0.360644,0.059092,-0.021517,0.188151,-0.003347,0.230428,0.000677,0.001031
0,0.071204,0.063567,-0.301692,0.008378,-0.298148,0.024041,0.001243,0.001109
0,0.210366,0.065914,0.138872,0.005225,0.182439,-0.015705,0.001946,0.00115
0,0.187882,-0.204571,-0.037727,-0.283951,-0.019943,-0.244531,0.002338,0.002047
0,0.056125,-0.062201,-0.115513,0.171163,-0.118552,0.207396,0.00098,0.001086
0,-0.047093,-0.144866,-0.099723,-0.087168,-0.102469,-0.050167,0.000822,0.002528
0,-0.075058,0.102354,-0.040311,0.222847,-0.083404,0.2719,0.00131,0.001786
0,-0.028845,-0.017956,0.034262,-0.117096,0.039698,-0.11513,0.000503,0.000313
0,0.01825,-0.104237,0.046316,-0.087788,0.073556,-0.125079,0.000319,0.001819
0,-0.05523,-0.085676,-0.095577,-0.008017,-0.073493,-0.057264,0.000964,0.001495
0,0.029472,-0.049746,0.066158,0.029207,0.101119,-0.007664,0.000514,0.000868
0,-0.091868,-0.079084,-0.099092,-0.019645,-0.125621,-0.05249,0.001603,0.00138
0,-0.006686,0.018276,0.072573,0.115447,0.077697,0.141727,0.000117,0.000319
0,0.017056,0.098125,0.025007,0.088347,-0.021766,0.072353,0.000298,0.001713
0,0.013467,-0.176145,-0.006306,-0.296191,0.008094,-0.341815,0.000235,0.002543
0,0.115569,0.02664,0.09551,0.193399,0.14163,0.236095,0.002017,0.000465
0,-0.080638,0.061601,-0.185638,0.014526,-0.200186,0.032891,0.001407,0.001075
0,0.187363,0.121491,0.295819,0.08195,0.310856,0.112755,0.002347,0.00212
0,-0.064835,0.001835,-0.260629,-0.12776,-0.284656,-0.103433,0.001132,3.2e-05
0,0.066877,-0.019952,0.107803,-0.0335,0.074275,-0.073495,0.001167,0.000348
0,-0.066533,-0.110356,-0.118266,-0.120095,-0.116293,-0.108315,0.001161,0.001926
0,-0.090842,0.102,-0.015714,0.1976,0.009182,0.237203,0.001585,0.00178
0,-0.12786,-0.011684,-0.062837,-0.117005,-0.062374,-0.105016,0.002232,0.000204
0,0.102111,-0.067681,0.255339,-0.049826,0.222929,-0.027992,0.001782,0.001181
0,-0.100142,-0.060852,-0.223796,-0.012572,-0.174402,0.035292,0.001748,0.001062
0,-0.055788,-0.07571,0.044441,0.004501,0.02049,0.048386,0.000974,0.001321
0,0.026113,-0.077247,0.064626,0.018419,0.112782,0.02538,0.000456,0.001348
0,-0.068644,0.013122,-0.100436,0.073827,-0.109151,0.097354,0.001198,0.000229
0,0.016387,-0.030016,0.055527,-0.033697,0.061147,-0.058224,0.000286,0.000524
0,0.044634,0.05459,0.020872,0.101508,0.041788,0.057381,0.000779,0.000953
0,-1.240728,0.153039,-1.289363,0.100341,-1.318488,0.149669,0.000815,0.002671
0,-2.282205,0.058374,-1.040541,-0.102774,-1.072364,-0.086672,0.000509,0.001019
0,-2.775603,0.325403,-0.503574,0.276253,-0.501554,0.234412,0.002114,6.2e-05
0,-2.317324,0.108581,0.442551,-0.231673,0.416046,-0.206585,0.001122,0.001895
0,-1.695557,0.343706,0.620727,0.245901,0.651986,0.291819,0.001506,0.000381
0,-1.537912,0.069806,0.167906,-0.255641,0.132481,-0.248812,0.001246,0.001218
0,-1.171366,0.051445,0.370368,0.008328,0.409471,0.044158,0.002026,0.000898
0,-0.891343,0.16589,0.25327,0.11416,0.222866,0.154526,0.001296,0.002722
0,-0.721496,-0.011916,0.17698,-0.171815,0.192419,-0.215048,0.001357,0.000208
0,-0.180694,0.184137,0.569601,0.212057,0.526346,0.256685,0.002464,0.002404
0,-0.23126,0.061444,-0.040646,-0.119102,-0.06978,-0.147822,0.001581,0.001072
0,0.288346,-0.093586,0.517696,-0.163305,0.476313,-0.145944,0.000585,0.001633
0,0.233157,0.010213,-0.046161,0.125377,-0.009718,0.138749,0.001548,0.000178
0,0.259079,-0.182785,0.029241,-0.176339,0.057714,-0.19232,0.001096,0.002427
0,0.130074,0.085145,-0.135305,0.280797,-0.111339,0.310902,0.00227,0.001486
0,0.386276,-0.003379,0.260244,-0.093312,0.232899,-0.113945,0.001124,5.9e-05
0,0.364205,-0.11874,-0.043576,-0.106594,-0.042171,-0.099664,0.000739,0.002072
0,0.232155,-0.033789,-0.125471,0.061097,-0.162773,0.088248,0.001566,0.00059
0,0.194428,0.003196,-0.056137,0.028753,-0.008706,0.06678,0.002224,5.6e-05
0,0.253918,-0.014782,0.039833,-0.033909,0.029813,0.00272,0.001186,0.000258
0,0.062946,-0.006406,-0.206944,0.016727,-0.249405,0.001383,0.001099,0.000112
0,0.192176,0.120378,0.107843,0.132993,0.138232,0.153237,0.002263,0.002101
0,0.131254,-0.021281,-0.044447,-0.129031,0.004718,-0.163694,0.002291,0.000371
0,-0.053121,0.075921,-0.156044,0.111694,-0.140874,0.070759,0.000927,0.001325
0,-0.103005,0.185597,-0.048268,0.126204,-0.080601,0.176008,0.001798,0.002378
0,-0.119498,0.160966,-0.037963,-0.05077,-0.068386,-0.0844,0.002086,0.002808
0,-0.070254,-0.061235,0.045119,-0.223496,0.029688,-0.215128,0.001226,0.001069
0,0.052862,-0.038764,0.122049,0.011449,0.110803,0.057251,0.000923,0.000677
0,0.05812,-0.098119,-0.006553,-0.031118,0.036946,-0.034986,0.001014,0.001713
0,-0.029197,0.001134,-0.066983,0.104044,-0.107281,0.081354,0.00051,2e-05
0,0.015656,-0.047904,0.072065,-0.019512,0.074551,-0.015814,0.000273,0.000836
0,0.034626,0.133262,-0.001861,0.159355,-0.03576,0.171355,0.000604,0.002326
0,-0.018676,0.008998,-0.043173,-0.142679,-0.046345,-0.101448,0.000326,0.000157
0,0.185961,0.011382,0.226186,0.032341,0.260918,0.04043,0.002372,0.000199
0,0.070136,0.153066,-0.10297,0.122746,-0.062036,0.114416,0.001224,0.002672
0,-0.042235,0.040551,-0.123274,-0.096777,-0.09056,-0.10169,0.000737,0.000708
0,-0.02313,-0.021358,0.041978,-0.069173,0.067147,-0.089017,0.000404,0.000373
0,0.028758,-0.074536,0.067262,-0.050845,0.08942,-0.069956,0.000502,0.001301
0,-0.041035,-0.013718,-0.041701,0.069442,-0.072109,0.092716,0.000716,0.000239
0,-0.084085,0.022401,-0.036177,0.045616,0.010834,0.056013,0.001468,0.000391
0,0.037132,0.183074,0.096754,0.173705,0.099693,0.129335,0.000648,0.002422
0,-0.166968,0.163043,-0.179266,-0.012917,-0.218988,0.022713,0.002703,0.002772
0,-0.10139,-0.09764,0.039247,-0.254415,0.009257,-0.224323,0.00177,0.001704
0,-0.001482,0.182968,0.076737,0.265245,0.061576,0.283734,2.6e-05,0.002424
0,-0.105184,0.193607,-0.123873,0.014306,-0.143364,-0.031624,0.001836,0.002238
0,-0.009679,0.180558,0.076157,-0.003115,0.029998,0.033556,0.000169,0.002466
0,-0.001384,-0.05776,0.002142,-0.215896,0.041928,-0.211337,2.4e-05,0.001008
0,0.015233,0.102675,0.041199,0.166975,0.04311,0.20932,0.000266,0.001792
0,-0.022644,0.119034,-0.016913,0.01835,-0.042775,0.000122,0.000395,0.002078
0,-0.088802,0.110532,-0.083222,-0.003602,-0.057466,0.042708,0.00155,0.001929
0,-0.100387,0.099756,0.008206,-0.025753,0.01082,-0.037274,0.001752,0.001741
0,0.069707,0.044054,0.178103,-0.031517,0.133956,0.008681,0.001217,0.000769
0,-0.118005,0.176076,-0.172249,0.153097,-0.192851,0.148149,0.00206,0.002544
0,0.002725,0.034622,0.137523,-0.114118,0.169076,-0.151279,4.8e-05,0.000604
0,-0.065054,0.149426,-0.08613,0.143268,-0.100404,0.189154,0.001135,0.002608
0,-0.036835,0.196224,0.040839,0.032462,0.059709,0.025853,0.000643,0.002193
0,-0.237412,-0.002864,-0.222987,-0.192675,-0.223544,-0.197556,0.001474,5e-05
0,-0.152189,0.122964,0.102942,0.136047,0.089488,0.102055,0.002656,0.002146
0,-0.342087,-0.008622,-0.178768,-0.113489,-0.211973,-0.064748,0.000353,0.00015
0,-0.108168,0.130735,0.211418,0.140271,0.168437,0.155164,0.001888,0.002282
0,-0.120464,0.053547,0.00505,-0.098024,0.027298,-0.071871,0.002102,0.000935
0,-0.139472,-0.118317,-0.03282,-0.150335,0.004154,-0.125333,0.002434,0.002065
0,-0.026488,-0.046328,0.098912,0.043795,0.100662,0.026356,0.000462,0.000809
0,-0.086796,-0.024027,-0.0317,0.017432,-0.002178,0.047944,0.001515,0.000419
0,-0.021533,0.126457,0.039123,0.163003,0.01639,0.16273,0.000376,0.002207
0,-0.151734,0.116308,-0.123756,0.012705,-0.091249,-0.022969,0.002648,0.00203
0,-0.244206,-0.091737,-0.101343,-0.203108,-0.087855,-0.20631,0.001355,0.001601
0,-0.275481,0.031246,-0.056676,0.152678,-0.009862,0.178232,0.000809,0.000545
0,-0.280088,-0.080964,0.001283,-0.134775,0.000375,-0.137207,0.000729,0.001413
0,-0.110136,-0.054062,0.170048,0.034783,0.149509,0.030895,0.001922,0.000944
0,-0.148476,0.102384,-0.015709,0.155917,-0.052962,0.164548,0.002591,0.001787
0,-0.257276,0.019076,-0.131347,-0.088157,-0.125981,-0.092042,0.001127,0.000333
0,-0.209441,0.005287,0.059257,-0.019186,0.100136,-0.055515,0.001962,9.2e-05
0,-0.306381,-0.077706,-0.07152,-0.074789,-0.061695,-0.123161,0.00027,0.001356
0,-0.039107,0.167288,0.261811,0.274276,0.237098,0.316633,0.000683,0.002698
0,-0.137912,0.175984,-0.116557,0.000324,-0.082874,0.006948,0.002407,0.002546
0,-0.104897,0.140042,0.054356,-0.032975,0.032637,-0.006018,0.001831,0.002444
0,-0.313242,0.176218,-0.194531,0.022085,-0.14679,-0.015815,0.00015,0.002542
0,-0.265131,-0.039497,0.058411,-0.210641,0.026558,-0.171597,0.00099,0.000689
0,-0.150718,0.042806,0.141543,0.110468,0.164854,0.15811,0.002631,0.000747
0,-0.199335,-0.070744,-0.046085,-0.13066,-0.071036,-0.149483,0.002138,0.001235
0,-0.081951,-0.084481,0.124665,0.002226,0.08591,-0.001691,0.00143,0.001474
0,-0.270916,0.130487,-0.198652,0.209037,-0.170796,0.185455,0.000889,0.002277
0,-0.177104,0.062631,0.077429,-0.072556,0.054618,-0.072191,0.002526,0.001093
0,-0.086685,0.150432,0.090562,0.107586,0.118008,0.059441,0.001513,0.002626
0,-0.089436,0.132341,-0.032323,-0.041795,0.001383,-0.011951,0.001561,0.00231
0,-0.245383,-0.097104,-0.164324,-0.201288,-0.115595,-0.233304,0.001335,0.001695
0,-0.332132,-0.005046,-0.085206,0.118799,-0.111458,0.100333,0.000179,8.8e-05
0,-0.314953,-0.04842,0.014277,-0.051294,0.026148,-0.087891,0.000121,0.000845
0,-0.183066,-0.019943,0.149747,0.028094,0.163944,0.031043,0.002422,0.000348
0,-0.101001,-0.055599,0.072477,-0.043194,0.039867,-0.009355,0.001763,0.00097
0,-0.329767,-0.006375,-0.250926,0.022266,-0.24722,0.033484,0.000138,0.000111
0,-0.121918,-0.010354,0.231968,-0.021796,0.272336,-0.061342,0.002128,0.000181
0,-0.192562,-0.040697,-0.041161,-0.056077,0.006847,-0.072287,0.002257,0.00071
0,-0.35399,0.0888,-0.144141,0.132405,-0.112206,0.097065,0.000561,0.00155
0,-0.287657,0.144306,0.039013,0.063027,0.077626,0.040886,0.000597,0.002519
0,-0.033621,-0.070646,0.235662,-0.22676,0.244086,-0.202208,0.000587,0.001233
0,-0.01204,0.077472,0.019304,0.173368,0.036326,0.170818,0.00021,0.001352
0,-0.128662,-0.057504,-0.099526,-0.153408,-0.090443,-0.179413,0.002246,0.001004
0,-0.262112,-0.026904,-0.12981,0.06058,-0.13691,0.025103,0.001043,0.00047
0,-0.060209,0.006992,0.176376,0.063063,0.181228,0.059715,0.001051,0.000122
0,-0.063134,0.102627,0.009001,0.11026,0.013174,0.118215,0.001102,0.001791
0,-0.079162,0.174555,-0.036225,0.099346,-0.05083,0.108725,0.001382,0.002571
0,-0.171265,-0.052217,-0.087442,-0.21147,-0.07406,-0.237532,0.002628,0.000911
0,-0.135507,0.189095,0.054788,0.222447,0.009853,0.238055,0.002365,0.002317
0,-0.090531,0.015921,0.073716,-0.202125,0.111052,-0.243589,0.00158,0.000278
0,-0.049445,0.124892,0.016482,0.084827,0.060958,0.081754,0.000863,0.00218
0,-0.199196,0.179097,-0.147322,0.031505,-0.195849,0.01546,0.002141,0.002492
0,-0.115974,-0.077761,0.107122,-0.229778,0.095006,-0.242438,0.002024,0.001357
0,-0.262789,0.072406,-0.119484,0.146298,-0.154422,0.192233,0.001031,0.001264
0,-0.040843,0.078333,0.193261,-0.012126,0.211517,-0.037509,0.000713,0.001367
0,-0.001282,-0.012761,0.032433,-0.115988,0.040137,-0.128879,2.2e-05,0.000223
0,-0.047789,0.193039,-0.029648,0.190973,-0.048137,0.153707,0.000834,0.002248
0,-0.234182,-0.070122,-0.190239,-0.284037,-0.210339,-0.29437,0.00153,0.001224
0,-0.10281,0.051443,0.155633,0.102633,0.145283,0.101799,0.001794,0.000898
0,-0.049161,-0.030457,0.054621,-0.110235,0.063652,-0.111081,0.000858,0.000532
0,-0.185719,0.200707,-0.126139,0.253796,-0.145627,0.245157,0.002376,0.002115
0,-0.037098,0.068354,0.141605,-0.153021,0.141304,-0.141252,0.000647,0.001193
0,-0.010951,0.082295,0.032545,0.000994,0.075256,-0.013306,0.000191,0.001436
0,0.020147,0.15629,0.019913,0.051266,0.055505,0.06471,0.000352,0.002728
0,-0.17885,0.135634,-0.175408,-0.021698,-0.197334,-0.043402,0.002496,0.002367
0,-0.175136,0.129265,0.007715,7.7e-05,0.037861,-0.016725,0.002561,0.002256
0,0.066607,-0.12341,0.263457,-0.255883,0.26984,-0.21844,0.001163,0.002154
0,-0.177897,0.173973,-0.244393,0.297675,-0.226065,0.296541,0.002513,0.002581
0,-0.035234,-0.114012,0.116398,-0.30742,0.116233,-0.262418,0.000615,0.00199
0,-0.075362,0.11286,-0.055271,0.244483,-0.065626,0.259196,0.001315,0.00197
0,-0.208802,0.022065,-0.136675,-0.104165,-0.179954,-0.084041,0.001973,0.000385
0,-0.126045,0.054285,0.079213,0.035057,0.104905,0.023872,0.0022,0.000947
0,-0.036333,-0.137701,0.066049,-0.184099,0.03302,-0.230314,0.000634,0.002403
0,-0.066815,0.061279,-0.040749,0.177342,-0.045596,0.212678,0.001166,0.00107
0,0.110095,-0.119902,0.158665,-0.21113,0.15214,-0.237099,0.001922,0.002093
0,-0.155718,-0.115524,-0.263412,-0.000796,-0.302234,0.019047,0.002718,0.002016
0,0.110682,0.096609,0.280165,0.207068,0.319421,0.187607,0.001932,0.001686
0,0.004502,0.022996,-0.102362,-0.076756,-0.070554,-0.028329,7.9e-05,0.000401
0,0.05251,-0.004394,0.045943,-0.024075,0.088754,-0.01016,0.000916,7.7e-05
0,-0.053379,0.04996,-0.125244,0.056909,-0.156348,0.064569,0.000932,0.000872
0,-0.137159,0.057434,-0.075486,-0.003527,-0.072257,-0.031661,0.002394,0.001002
0,-0.027405,-0.116137,0.119419,-0.151681,0.152874,-0.160426,0.000478,0.002027
0,-0.174861,0.100466,-0.14934,0.228561,-0.10112,0.269847,0.002566,0.001753
0,-0.169052,0.019928,0.035493,-0.058715,0.007012,-0.034672,0.002667,0.000348
0,0.082816,0.038545,0.257169,0.002634,0.30156,0.037842,0.001445,0.000673
0,0.014104,-0.069131,-0.075306,-0.097221,-0.035385,-0.110739,0.000246,0.001207
0,-0.153168,-0.109247,-0.171311,-0.068225,-0.157555,-0.082715,0.002673,0.001907
0,0.07883,0.091317,0.25507,0.198182,0.226247,0.207318,0.001376,0.001594
0,-0.09928,-0.149873,-0.18703,-0.233536,-0.139787,-0.242581,0.001733,0.002616
0,-0.076609,0.030745,0.049747,0.205484,0.070949,0.185625,0.001337,0.000537
0,0.127761,-0.10889,0.194124,-0.142765,0.198017,-0.164163,0.00223,0.0019
0,-0.162005,-0.068245,-0.298226,0.056507,-0.280157,0.040253,0.00279,0.001191
0,-0.011269,0.009636,0.139016,0.08838,0.108623,0.129592,0.000197,0.000168
0,0.086307,-0.015321,0.121294,-0.052095,0.085649,-0.014695,0.001506,0.000267
0,0.13094,-0.030209,0.033597,-0.036916,0.062986,0.010248,0.002285,0.000527
0,-0.096256,-0.118059,-0.22775,-0.08087,-0.270593,-0.074328,0.00168,0.002061
0,0.064097,-0.051225,0.163938,0.069563,0.202763,0.057011,0.001119,0.000894
0,-0.162174,-0.135106,-0.199758,-0.063394,-0.209913,-0.050664,0.002787,0.002358
0,0.085285,-0.048681,0.242096,0.060122,0.207923,0.102739,0.001488,0.00085
0,-0.18581,-0.148397,-0.271023,-0.107269,-0.22333,-0.066898,0.002375,0.00259
0,-0.250934,-0.059509,-0.052677,0.11521,-0.021777,0.117174,0.001238,0.001039
0,-0.11018,-0.043112,0.165038,0.026776,0.18437,0.055912,0.001923,0.000752
0,-0.075836,-0.167025,0.018628,-0.096161,0.020896,-0.123041,0.001324,0.002702
0,-0.029726,-0.057053,0.065722,0.088032,0.071644,0.094699,0.000519,0.000996
0,0.042744,0.047067,0.092682,0.082759,0.060125,0.099873,0.000746,0.000821
0,-0.054057,-0.025853,-0.116919,-0.101809,-0.12713,-0.14978,0.000943,0.000451
0,-0.213981,-0.108079,-0.175963,-0.085525,-0.13563,-0.089563,0.001883,0.001886
0,-0.125465,0.096652,0.092493,0.229537,0.116955,0.200376,0.00219,0.001687
0,-0.200473,0.095597,-0.049872,0.016895,-0.093849,-0.024207,0.002119,0.001668
0,-0.18691,-0.059781,0.025808,-0.164984,-0.000141,-0.174476,0.002355,0.001043
0,-0.288125,-0.038282,-0.090438,0.037386,-0.044596,0.073884,0.000589,0.000668
0,-0.020059,-0.091112,0.240369,-0.029902,0.221264,-0.058537,0.00035,0.00159
0,-0.227539,-0.097448,-0.229183,0.017352,-0.268168,-0.010231,0.001646,0.001701
0,0.033854,0.029279,0.238018,0.11956,0.25061,0.155258,0.000591,0.000511
0,-0.05278,-0.199525,-0.115629,-0.250819,-0.137934,-0.292587,0.000921,0.002135
0,0.041602,-0.125834,0.064658,0.102084,0.114381,0.120296,0.000726,0.002196
0,0.033598,-0.031259,-0.017217,0.097404,-0.042649,0.091157,0.000586,0.000546
0,-0.053796,0.113211,-0.092719,0.17115,-0.102072,0.204125,0.000939,0.001976
0,0.123385,0.040431,0.152012,-0.091723,0.157278,-0.075711,0.002153,0.000706
0,-0.07739,0.037993,-0.222475,-0.008457,-0.191653,0.030212,0.001351,0.000663
0,-0.059183,0.06078,0.014141,0.015308,0.036983,-0.010149,0.001033,0.001061
0,0.063183,-0.085117,0.134342,-0.120671,0.174963,-0.127234,0.001103,0.001486
0,-0.10285,-0.149878,-0.162384,-0.048794,-0.17572,-0.091683,0.001795,0.002616
0,-0.067227,0.020097,0.007546,0.197942,-0.011378,0.216217,0.001173,0.000351
0,0.142324,0.045804,0.224252,0.021198,0.218378,0.05958,0.002484,0.000799
0,0.123721,-0.092704,-0.035926,-0.113914,-0.055527,-0.06911,0.002159,0.001618
0,0.226316,-0.121796,0.132374,-0.045361,0.12256,0.002289,0.001668,0.002126
0,0.12424,0.001402,-0.078314,0.110446,-0.065077,0.080377,0.002168,2.4e-05
0,0.229416,0.093823,0.095743,0.075466,0.062765,0.115212,0.001613,0.001638
0,0.097882,0.094775,-0.106881,0.011895,-0.107876,0.012123,0.001708,0.001654
0,0.287642,-0.015675,0.190838,-0.08247,0.235157,-0.108892,0.000597,0.000274
0,0.080277,0.022471,-0.215996,0.035371,-0.201827,0.016129,0.001401,0.000392
0,1.343191,0.5903,1.268809,0.563986,1.278242,0.528872,0.000973,0.000932
0,2.011952,0.557268,0.644978,-0.006437,0.595857,-0.009943,0.00141,0.001509
0,2.038697,0.745438,0.033587,0.206812,0.073273,0.205267,0.001877,0.001775
0,2.816288,0.816696,0.80147,0.073485,0.787086,0.036596,0.001404,0.002598
0,2.485589,0.824803,-0.358881,0.023866,-0.316191,0.072353,0.001558,0.002457
0,2.029709,0.443981,-0.464923,-0.381233,-0.484156,-0.337601,0.00172,0.002131
0,1.767892,0.290744,-0.24786,-0.176458,-0.274055,-0.178221,0.002768,0.000543
0,1.358986,0.267295,-0.405033,-0.046994,-0.428751,-0.012191,0.001249,0.000952
0,0.666801,0.232589,-0.670675,-0.048135,-0.701035,-0.043106,0.000403,0.001558
0,0.195477,0.250024,-0.452723,-0.001813,-0.467251,0.023519,0.002206,0.001254
0,0.0129,0.106933,-0.157706,-0.123467,-0.19773,-0.130792,0.000225,0.001866
0,-0.131992,-0.082195,-0.156661,-0.209112,-0.200153,-0.160858,0.002304,0.001435
0,-0.14376,0.066751,-0.027807,0.168881,0.004316,0.197145,0.002509,0.001165
0,-0.381936,-0.141404,-0.243977,-0.189616,-0.247759,-0.161664,0.001049,0.002468
0,-0.489758,-0.144471,-0.121644,-0.008749,-0.106495,0.016147,0.002687,0.002522
0,-0.535333,-0.021491,-0.051744,0.101417,-0.0371,0.148482,0.001892,0.000375
0,-0.326074,0.046478,0.189035,0.040003,0.203086,0.072262,7.4e-05,0.000811
0,-0.284247,0.040985,0.045977,0.007543,0.075221,-0.00705,0.000656,0.000715
0,-0.430409,-0.078692,-0.12831,-0.099968,-0.137649,-0.114307,0.001895,0.001373
0,-0.433815,0.043674,0.02123,0.098084,0.02682,0.095236,0.001954,0.000762
0,-0.439576,-0.165445,-0.020158,-0.18657,-0.034918,-0.213946,0.002055,0.00273
0,-0.293208,0.083571,0.135176,0.268244,0.131644,0.314575,0.0005,0.001459
0,-0.277385,0.004982,0.006437,-0.05949,-0.034635,-0.015244,0.000776,8.7e-05
0,-0.393344,0.025817,-0.140885,0.044745,-0.16549,0.007794,0.001248,0.000451
0,-0.362533,-0.109076,0.005619,-0.125222,-0.024975,-0.101474,0.00071,0.001904
0,-0.255003,0.069189,0.081873,0.177898,0.055828,0.22207,0.001167,0.001208
0,-0.341998,0.109491,-0.108574,0.027247,-0.145739,0.061261,0.000351,0.001911
0,-0.342613,-0.122527,-0.004255,-0.208254,-0.047715,-0.247725,0.000362,0.002138
0,-0.265069,0.1003,0.070028,0.216101,0.078202,0.234442,0.000991,0.001751
0,-0.352277,0.064068,-0.102546,-0.064437,-0.107879,-0.084745,0.000531,0.001118
0,-0.214898,0.119109,0.158968,0.07003,0.173176,0.086715,0.001867,0.002079
0,-0.152357,0.098109,0.078035,-0.033213,0.055571,-0.071341,0.002659,0.001712
0,-0.146194,-0.122512,0.014027,-0.23522,0.029661,-0.276164,0.002552,0.002138
0,-0.114487,-0.011521,0.026193,0.090792,0.012085,0.137675,0.001998,0.000201
0,-0.029683,-0.079227,0.112239,-0.048935,0.113378,-0.032274,0.000518,0.001383
0,-0.082792,0.017897,-0.051169,0.06735,-0.079148,0.025101,0.001445,0.000312
0,-0.013984,0.107962,0.046273,0.065466,0.063245,0.105286,0.000244,0.001884
0,-0.244701,0.093803,-0.253735,0.000649,-0.225684,0.050104,0.001347,0.001637
0,-0.198361,-0.106122,0.068415,-0.221016,0.035462,-0.240382,0.002155,0.001852
0,-0.099387,0.0788,0.072132,0.154944,0.059889,0.182369,0.001735,0.001375
0,-0.278016,0.121803,-0.193712,0.041461,-0.210781,0.05063,0.000765,0.002126
0,-0.120437,0.008348,0.131674,-0.140737,0.147175,-0.12836,0.002102,0.000146
0,-0.149997,-0.030598,-0.00286,-0.03263,0.029096,0.015038,0.002618,0.000534
0,-0.268068,0.14173,-0.143394,0.178236,-0.152453,0.209893,0.000939,0.002474
0,-0.309286,-0.008945,-0.03987,-0.138024,-0.030755,-0.103487,0.000219,0.000156
0,-0.312527,0.106239,0.023078,0.118446,0.008294,0.122584,0.000163,0.001854
0,-0.119811,-0.176777,0.168268,-0.310029,0.21447,-0.302189,0.002091,0.002532
0,-0.413476,-0.093022,-0.293335,0.094216,-0.266529,0.110819,0.001599,0.001624
0,-0.339631,0.120231,0.064325,0.204072,0.053256,0.180485,0.00031,0.002098
0,-0.454661,0.138828,-0.116574,0.031387,-0.090282,0.035285,0.002318,0.002423
0,-0.241604,-0.004212,0.215312,-0.150743,0.172017,-0.131725,0.001401,7.4e-05
0,-0.33435,0.110923,-0.119775,0.133922,-0.164692,0.122828,0.000218,0.001936
0,-0.238376,-0.096425,0.104121,-0.187159,0.135181,-0.224501,0.001457,0.001683
0,-0.25526,0.035458,-0.008447,0.139597,0.025285,0.186542,0.001162,0.000619
0,-0.366242,0.064334,-0.108415,0.029105,-0.093574,0.006977,0.000775,0.001123
0,-0.116606,-0.020118,0.239564,-0.110451,0.217458,-0.145944,0.002035,0.000351
0,-0.216961,0.051927,-0.123973,0.092703,-0.11935,0.134857,0.001831,0.000906
0,-0.003815,0.029481,0.217063,-0.029549,0.225928,-0.023552,6.7e-05,0.000515
0,0.007368,0.139432,0.006503,0.083902,-0.00131,0.051935,0.000129,0.002434
0,-0.026084,-0.08688,-0.010934,-0.212042,-0.044834,-0.183549,0.000455,0.001516
0,-0.077017,0.161397,-0.050468,0.261979,-0.085576,0.288054,0.001344,0.002801
0,-0.131893,0.143786,-0.025854,0.009959,-0.028166,-0.00385,0.002302,0.00251
0,0.055982,0.164969,0.216801,0.020571,0.226908,-0.008917,0.000977,0.002738
0,-0.224979,0.123629,-0.303996,-0.026328,-0.269612,-0.034033,0.001691,0.002158
0,-0.274035,-0.003338,-0.05004,-0.139333,-0.073826,-0.172498,0.000835,5.8e-05
0,-0.002091,0.056409,0.283301,0.032819,0.301846,0.046451,3.6e-05,0.000985
0,-0.31648,0.141357,-0.334963,0.082738,-0.333947,0.03784,9.4e-05,0.002467
0,-0.263737,0.045369,0.077231,-0.069105,0.124964,-0.070409,0.001014,0.000792
0,-0.125751,0.165537,0.140469,0.116298,0.160519,0.12432,0.002195,0.002728
0,-0.355029,-0.576131,-0.243199,-0.744016,-0.251053,-0.695277,0.000579,0.00118
0,-0.1548,-1.167777,0.209862,-0.608556,0.211202,-0.651997,0.002702,0.002088
0,-0.344729,-1.407716,-0.183873,-0.234254,-0.220679,-0.280843,0.000399,0.002099
0,-0.210911,-1.24874,0.136333,0.154763,0.114694,0.135017,0.001936,0.000675
0,-0.136235,-1.124216,0.081679,0.13651,0.095932,0.116047,0.002378,0.002769
0,-0.272413,-0.961782,-0.153427,0.132803,-0.144004,0.105189,0.000863,6.6e-05
0,-0.161936,-0.672893,0.09363,0.294817,0.055945,0.335945,0.002791,0.000509
0,-0.053234,-0.470264,0.120267,0.226572,0.159836,0.209594,0.000929,0.00259
0,0.107687,-0.423939,0.166393,0.050416,0.193804,0.095174,0.001879,0.001782
0,0.041842,-0.26841,-0.075441,0.145175,-0.084068,0.153741,0.00073,0.000933
0,0.008841,-0.081707,-0.019102,0.213359,-0.009842,0.257028,0.000154,0.001426
0,0.068293,-0.013605,0.065412,0.041178,0.04746,0.05858,0.001192,0.000237
0,0.22053,-0.05939,0.176662,-0.057143,0.202519,-0.030207,0.001769,0.001037
0,0.054101,-0.068482,-0.171295,-0.010144,-0.167222,-0.057468,0.000944,0.001195
0,-0.044439,0.130303,-0.087123,0.189745,-0.0454,0.146565,0.000776,0.002274
0,0.016214,-0.044425,0.048529,-0.199975,0.066805,-0.164511,0.000283,0.000775
0,0.122397,-0.022685,0.088212,0.010658,0.055416,-0.021698,0.002136,0.000396
0,0.156088,0.15232,0.014227,0.197346,0.018287,0.203261,0.002724,0.002658
0,0.157286,0.016091,6e-05,-0.145424,-0.013585,-0.145298,0.002745,0.000281
0,-0.053573,0.054535,-0.219143,0.056628,-0.182936,0.012445,0.000935,0.000952
0,0.01633,0.037591,0.060403,-0.006344,0.034224,-0.018047,0.000285,0.000656
0,-0.103742,0.044906,-0.106168,0.014778,-0.073939,0.034721,0.001811,0.000784
0,0.067035,0.128961,0.168917,0.056489,0.169239,0.014982,0.00117,0.002251
0,0.149295,0.104378,0.104106,-0.052739,0.103467,-0.011719,0.002606,0.001822
0,0.106637,0.245671,-0.05681,0.149061,-0.0544,0.09955,0.001861,0.00133
0,0.128052,0.015356,0.030438,-0.220453,-0.011978,-0.179794,0.002235,0.000268
0,0.024477,0.099814,-0.11132,0.06187,-0.144049,0.057226,0.000427,0.001742
0,0.191983,-0.00447,0.16275,-0.076033,0.119713,-0.048375,0.002267,7.8e-05
0,0.09935,0.153605,-0.074159,0.139838,-0.07643,0.181646,0.001734,0.002681
0,0.220804,0.024231,0.106383,-0.155562,0.139215,-0.181472,0.001764,0.000423
0,0.256664,0.202136,0.040904,0.163833,0.015894,0.114111,0.001138,0.00209
0,0.210163,0.221982,-0.052825,0.022529,-0.0464,0.036236,0.001949,0.001743
0,-1.344341,0.775365,-1.566362,0.573948,-1.577331,0.556212,0.000993,0.002298
0,-1.543656,1.022308,-0.196802,0.223048,-0.199711,0.202422,0.001146,0.00099
0,-1.426349,0.854047,0.145014,-0.141371,0.15065,-0.172765,0.002424,0.001947
0,-1.130184,0.945964,0.320276,0.118987,0.355258,0.163358,0.002745,0.000342
0,-1.147013,0.778037,-0.016772,-0.189723,0.000675,-0.158418,0.002451,0.002344
0,-0.897928,0.679228,0.219161,-0.068995,0.22763,-0.112966,0.001181,0.00062
0,-0.571861,0.405231,0.346048,-0.26499,0.353587,-0.2387,0.001254,0.001455
0,-0.487893,0.389135,0.072071,-0.017445,0.055807,-0.007317,0.00272,0.001174
0,-0.225238,0.200143,0.255616,-0.205682,0.230708,-0.228517,0.001686,0.002124
0,0.006784,0.003522,0.23401,-0.196479,0.282479,-0.215929,0.000118,6.1e-05
0,0.146783,0.128831,0.111716,0.150153,0.080685,0.199357,0.002562,0.002249
0,0.117534,-0.026099,-0.008266,-0.156959,-0.001037,-0.141884,0.002051,0.000456
0,0.281788,-0.136024,0.141171,-0.110656,0.134781,-0.12975,0.000699,0.002374
0,0.170946,0.00443,-0.120276,0.170029,-0.153082,0.20905,0.002634,7.7e-05
0,0.23419,-0.020497,0.07326,0.000369,0.073499,-0.018118,0.00153,0.000358
0,0.200957,-0.146282,-0.062271,-0.14386,-0.075543,-0.15631,0.00211,0.002553
0,0.012831,-0.191171,-0.168891,-0.034781,-0.124265,-0.076907,0.000224,0.002281
0,0.000531,-0.200822,-0.008621,-0.008249,-0.057921,-0.050304,9e-06,0.002113
0,-0.064836,0.03831,-0.087566,0.210253,-0.094742,0.196055,0.001132,0.000669
0,0.031221,-0.037412,0.089866,-0.070243,0.131068,-0.069517,0.000545,0.000653
0,0.023762,0.13651,-0.036187,0.173973,-0.034337,0.209505,0.000415,0.002383
0,-0.050558,0.170926,-0.065188,0.062404,-0.075017,0.016569,0.000882,0.002634
0,-0.125231,-0.118185,-0.055627,-0.272389,-0.074891,-0.288355,0.002186,0.002063
0,-0.064993,0.176012,0.055242,0.290077,0.041234,0.319254,0.001134,0.002546
0,0.11336,0.052346,0.171011,-0.098271,0.206587,-0.0788,0.001978,0.000914
0,-0.020136,0.007215,-0.124765,-0.070167,-0.127999,-0.04635,0.000351,0.000126
0,0.080272,0.109928,0.115387,0.10868,0.080302,0.140979,0.001401,0.001919
0,0.017203,0.028595,-0.044964,-0.085571,-0.077196,-0.072596,0.0003,0.000499
0,-0.020946,-0.072814,-0.026432,-0.102321,-0.070119,-0.059825,0.000366,0.001271
0,-0.185723,0.054049,-0.145305,0.156738,-0.181843,0.191065,0.002376,0.000943
0,0.010067,-0.01933,0.175287,-0.069604,0.176819,-0.021139,0.000176,0.000337
0,-0.06238,-0.136453,-0.063363,-0.141356,-0.074084,-0.10731,0.001089,0.002382
0,-0.164807,-0.122687,-0.132268,0.005186,-0.118478,-0.015963,0.002741,0.002141
0,0.090852,0.06549,0.230306,0.197939,0.261072,0.206845,0.001586,0.001143
0,0.112936,-0.168012,0.05113,-0.227678,0.039114,-0.207536,0.001971,0.002685
0,0.028194,-0.158064,-0.072422,0.032924,-0.094018,0.047805,0.000492,0.002759
0,-0.032173,0.095539,-0.087979,0.275469,-0.111069,0.255203,0.000562,0.001667
0,-0.196677,-0.090243,-0.136454,-0.212195,-0.101111,-0.231309,0.002185,0.001575
0,-0.165206,0.011567,0.018177,0.104712,0.005769,0.116003,0.002734,0.000202
0,-0.166097,-0.059917,-0.029253,-0.054628,-0.043528,-0.091231,0.002719,0.001046
0,0.035104,-0.155056,0.222633,-0.094472,0.184773,-0.089115,0.000613,0.002706
0,-0.123333,0.000568,-0.164923,0.127481,-0.128583,0.167252,0.002153,1e-05
0,-0.192729,-0.162709,-0.097314,-0.138179,-0.129574,-0.144736,0.002254,0.002778
0,-0.267748,0.107743,-0.047641,0.257033,-0.039157,0.287411,0.000944,0.00188
0,-0.178739,-0.130866,0.091072,-0.254799,0.089088,-0.218733,0.002498,0.002284
0,-0.190953,0.130123,0.007362,0.27581,-0.013155,0.295989,0.002285,0.002271
0,0.009318,0.066731,0.199596,-0.084875,0.22368,-0.094003,0.000163,0.001165
0,-0.015673,-0.105573,-0.01203,-0.160363,-0.061393,-0.178579,0.000274,0.001843
0,0.802535,0.298918,0.82309,0.39386,0.82746,0.433648,0.002772,0.0004
0,2.309582,0.801979,1.502293,0.509892,1.53308,0.477315,0.000987,0.002762
0,2.165645,0.716978,-0.155244,-0.064626,-0.160738,-0.10739,0.001525,0.001279
0,2.088076,0.621599,-0.054431,-0.092242,-0.034431,-0.117534,0.002739,0.000386
0,1.700941,0.670537,-0.357677,0.037833,-0.316439,0.015982,0.001599,0.000468
0,1.490122,0.457316,-0.199051,-0.231436,-0.215477,-0.261494,0.00208,0.002364
0,0.997388,0.468578,-0.495016,0.022906,-0.542522,-0.013849,0.000555,0.002561
0,0.549565,0.317528,-0.445627,-0.147986,-0.442384,-0.180679,0.001643,7.6e-05
0,0.200134,0.197801,-0.33723,-0.128854,-0.350981,-0.100365,0.002125,0.002165
0,-0.000196,0.096649,-0.191154,-0.076877,-0.190307,-0.034362,3e-06,0.002106
0,-0.09613,0.037139,-0.07036,-0.030124,-0.090315,-0.048519,0.001678,0.002106
0,-0.189099,0.142889,-0.085721,0.120835,-0.099819,0.085569,0.002317,0.002106
0,-0.26417,-0.072722,-0.066136,-0.216943,-0.094678,-0.250829,0.001007,0.002106
0,-0.347419,-0.024202,-0.096992,0.07008,-0.077956,0.119812,0.000446,0.002106
0,-0.274457,-0.130737,0.085787,-0.092191,0.101095,-0.088241,0.000827,0.002282
0,-0.301487,-0.081222,-0.045231,0.0309,-0.017466,0.023454,0.000356,0.002106
0,-0.089829,-0.152284,0.208288,-0.09663,0.166379,-0.088315,0.001568,0.002658
0,-0.018566,0.019817,0.067818,0.156713,0.111558,0.196711,0.000324,0.002106
0,0.005025,0.095321,0.029781,0.097973,-0.006899,0.121544,8.8e-05,0.002106
0,0.053493,-0.130892,0.056866,-0.226945,0.075925,-0.221753,0.000934,0.002285
0,0.043005,-0.167473,-0.01857,-0.06312,0.004241,-0.063977,0.000751,0.002695
0,-0.08853,0.033091,-0.14994,0.178917,-0.144058,0.211857,0.001545,0.000578
0,-0.023259,0.074989,0.063911,0.040859,0.023906,0.020161,0.000406,0.001309
0,-0.016439,-0.107181,-0.004761,-0.194593,-0.025145,-0.228527,0.000287,0.001871
0,-0.089607,0.013634,-0.063081,0.142601,-0.014266,0.155533,0.001564,0.000238
0,0.073233,-0.022804,0.151818,-0.025319,0.112233,0.024402,0.001278,0.000398
0,0.008146,0.053465,-0.090073,0.07838,-0.065503,0.042042,0.000142,0.000933
0,0.066335,0.175889,0.040329,0.120746,0.044814,0.127133,0.001158,0.002548
0,0.011535,0.1295,-0.08408,-0.025796,-0.058187,0.016625,0.000201,0.002106
0,-0.096639,0.057839,-0.127199,-0.075339,-0.163829,-0.081902,0.001687,0.002106
0,0.079222,-0.001245,0.179068,-0.075925,0.140337,-0.068721,0.001383,0.002106
0,-0.06387,0.113114,-0.148232,0.123287,-0.131995,0.104732,0.001115,0.002106
0,-0.079324,-0.12684,-0.012068,-0.22178,-0.048152,-0.195255,0.001384,0.002214
0,0.128863,-0.038403,0.220717,0.117466,0.184572,0.125231,0.002249,0.002106
0,0.093734,-0.475992,-0.033537,-0.415169,-0.031962,-0.43028,0.001636,0.00269
0,0.370789,-0.950962,0.278475,-0.494537,0.255922,-0.486625,0.000854,0.000255
0,0.169498,-1.16498,-0.217096,-0.231427,-0.205097,-0.216857,0.002659,0.002137
0,0.230226,-1.115274,0.087167,0.041033,0.126015,0.051169,0.001599,0.002613
0,0.317651,-0.959054,0.106388,0.127482,0.114523,0.169996,7.3e-05,0.000114
0,0.048839,-0.854828,-0.244025,0.109642,-0.221025,0.137859,0.000852,0.001933
0,0.28585,-0.481667,0.20983,0.402791,0.240034,0.424744,0.000628,0.002789
0,0.155604,-0.486244,-0.105336,-0.003901,-0.14069,-0.053743,0.002716,0.002748
0,0.159883,-0.123064,0.000495,0.362564,-0.029074,0.408402,0.00279,0.002148
0,0.144493,-0.06545,-0.024766,0.032938,-0.041802,0.034881,0.002522,0.001142
0,-0.060903,-0.137083,-0.211232,-0.07619,-0.165152,-0.040142,0.001063,0.002393
0,0.174108,-0.132837,0.214912,0.00448,0.264123,0.00025,0.002579,0.002318
0,0.019954,-0.050769,-0.143571,0.086403,-0.15982,0.096769,0.000348,0.000886
0,-0.062583,0.004816,-0.079671,0.042867,-0.062399,0.049633,0.001092,8.4e-05
0,0.032658,-0.059165,0.091668,-0.03537,0.129988,-0.044149,0.00057,0.001033
0,0.057548,-0.01633,0.053988,0.024179,0.034933,-0.016474,0.001004,0.000285
0,0.042062,-0.065546,-0.034215,-0.060665,0.00502,-0.028374,0.000734,0.001144
0,0.11278,0.042235,0.044861,0.120004,0.078734,0.09982,0.001968,0.000737
0,0.116477,0.055462,0.000602,-0.00098,0.027148,-0.014879,0.002033,0.000968
0,-0.142004,0.060966,-0.234944,-0.010531,-0.199118,0.023214,0.002478,0.001064
0,-0.024875,0.003312,0.144607,-0.085363,0.116594,-0.122302,0.000434,5.8e-05
0,-1.638941,0.765777,-1.638601,0.789306,-1.640673,0.790671,0.000517,0.00213
0,-2.090183,1.087693,-0.446695,0.303874,-0.483322,0.293106,0.002776,0.002131
0,-2.419574,0.789876,-0.329823,-0.3192,-0.355158,-0.27965,0.002711,0.002551
0,-2.521226,0.652875,-0.125411,-0.151523,-0.103935,-0.133431,0.000936,0.00016
0,-1.975334,0.674848,0.568443,0.002828,0.536283,0.004827,0.000771,0.000543
0,-1.914918,0.541861,0.047889,-0.139542,0.032319,-0.119244,0.000283,0.001778
0,-1.284214,0.430801,0.601175,-0.100626,0.601377,-0.078336,5.6e-05,0.001901
0,-0.823123,0.414455,0.436655,-0.04326,0.419472,-0.045141,0.002486,0.001616
0,-0.647338,0.301728,0.145919,-0.105223,0.149334,-0.123664,6.3e-05,0.000351
0,-0.360901,0.067601,0.305341,-0.230245,0.300483,-0.221072,0.000681,0.00118
0,-0.335575,0.069499,0.015153,0.009988,0.043979,0.048005,0.000239,0.001213
0,0.025785,-0.025218,0.335159,-0.066607,0.296388,-0.062817,0.00045,0.00044
0,0.207893,0.140924,0.178831,0.185033,0.155439,0.214559,0.001989,0.00246
0,0.059557,-0.027746,-0.122486,-0.160439,-0.085214,-0.124812,0.001039,0.000484
0,0.222379,-0.159125,0.163729,-0.133704,0.178095,-0.168351,0.001736,0.002777
0,0.338133,0.104858,0.095239,0.265163,0.124168,0.277083,0.000284,0.00183
0,0.329403,-0.106171,-0.004978,-0.232517,-0.03683,-0.280513,0.000132,0.001853
0,0.2557,0.018161,-0.072094,0.131205,-0.077529,0.106039,0.001155,0.000317
0,0.013906,-0.145136,-0.219865,-0.169086,-0.262305,-0.165582,0.000243,0.002533
0,-0.019746,-0.008989,-0.010395,0.13928,-0.040706,0.188795,0.000345,0.000157
0,0.015419,0.079144,0.03812,0.061069,0.065338,0.048459,0.000269,0.001381
0,0.193046,0.091898,0.171323,0.008001,0.208756,-0.036308,0.002248,0.001604
0,0.302272,0.021885,0.135351,-0.043526,0.155432,0.004758,0.000342,0.000382
0,0.299252,-0.061509,0.00442,-0.107729,0.033435,-0.089865,0.000395,0.001074
0,0.162955,0.046655,-0.143335,0.131307,-0.140361,0.15596,0.002773,0.000814
0,0.240537,-0.072847,0.084542,-0.116846,0.068317,-0.08754,0.001419,0.001271
0,0.025383,-0.080665,-0.220819,-0.006177,-0.226049,0.043261,0.000443,0.001408
0,0.217781,0.068063,0.207818,0.127076,0.250713,0.096852,0.001817,0.001188
0,0.199921,0.00173,0.009474,-0.081134,0.028285,-0.11553,0.002128,3e-05
0,0.298764,0.13801,0.112753,0.157643,0.126273,0.115732,0.000403,0.002409
0,0.256036,0.138088,-0.035205,0.027003,-0.036165,0.070852,0.001149,0.00241
0,0.126683,0.175937,-0.139671,0.047678,-0.180591,0.08934,0.002211,0.002547
0,0.232498,-0.053493,0.095689,-0.251954,0.139053,-0.280388,0.00156,0.000934
0,0.095882,0.108277,-0.130823,0.162675,-0.106139,0.123653,0.001673,0.00189
0,0.279457,-0.039716,0.179994,-0.143056,0.131647,-0.137947,0.00074,0.000693
0,0.324281,0.156548,0.071101,0.181847,0.092793,0.219977,4.2e-05,0.002732
0,0.341375,0.116879,-0.003495,-0.029502,-0.034093,-0.002573,0.000341,0.00204
0,0.076851,-0.01983,-0.250213,-0.146205,-0.200695,-0.126735,0.001341,0.000346
0,0.265408,-0.022231,0.186659,-0.012048,0.190252,-0.019405,0.000985,0.000388
0,0.261732,-0.088386,-0.024995,-0.050679,0.007984,-0.080648,0.001049,0.001543
0,0.340377,0.049933,0.052915,0.133693,0.038979,0.085904,0.000323,0.000871
0,0.17481,0.130732,-0.140092,0.062733,-0.106647,0.020319,0.002567,0.002282
0,0.310056,0.073534,0.1313,-0.072368,0.179655,-0.054747,0.000206,0.001283
0,0.057085,0.067585,-0.277669,-0.01897,-0.249325,-0.023618,0.000996,0.00118
0,0.036611,0.091169,-0.019179,0.03046,0.027965,0.04756,0.000639,0.001591
0,0.111865,-0.063835,0.084164,-0.12648,0.04381,-0.146027,0.001952,0.001114
0,0.081976,0.166877,-0.001837,0.254233,0.015169,0.256744,0.001431,0.002705
0,0.035868,-0.070113,-0.073142,-0.231804,-0.100457,-0.183874,0.000626,0.001224
0,-0.033769,0.13095,-0.096339,0.217467,-0.13033,0.207418,0.000589,0.002286
0,-0.011256,0.044088,0.047691,-0.094385,0.089752,-0.079651,0.000196,0.000769
0,-0.062588,-0.010992,-0.051341,-0.057337,-0.066978,-0.01838,0.001092,0.000192
0,0.078431,0.15796,0.158806,0.182677,0.20438,0.231307,0.001369,0.002757
0,-0.029751,-0.046074,-0.128472,-0.199065,-0.115037,-0.186768,0.000519,0.000804
0,0.15683,0.114456,0.207195,0.179453,0.196051,0.172887,0.002737,0.001998
0,0.199435,-0.011464,0.027678,-0.138814,0.045881,-0.098875,0.002137,0.0002
0,0.190233,0.016806,-0.026476,0.053257,-0.013523,0.046922,0.002297,0.000293
0,0.106994,0.169125,-0.094347,0.180476,-0.114295,0.182994,0.001867,0.002666
0,0.110591,0.12888,0.008399,-0.065792,0.023514,-0.10867,0.00193,0.002249
0,0.072053,-0.026693,-0.040998,-0.139805,-0.046184,-0.14252,0.001258,0.000466
0,0.009057,-0.046817,-0.067424,0.003733,-0.094634,-0.012792,0.000158,0.000817
0,0.142454,-0.113986,0.123681,-0.096494,0.148698,-0.074526,0.002486,0.001989
0,0.198262,-0.092274,0.026181,0.016869,0.051102,-0.016245,0.002157,0.00161
0,-0.108976,0.050527,-0.317996,0.169818,-0.272628,0.189943,0.001902,0.000882
0,0.144502,-0.045393,0.279428,-0.089777,0.296497,-0.088218,0.002522,0.000792
0,-0.060047,0.161569,-0.192968,0.193627,-0.201266,0.233801,0.001048,0.002798
0,-0.042657,-0.051766,0.043405,-0.211315,0.026985,-0.181664,0.000745,0.002106
0,0.01187,0.099264,0.047981,0.135574,0.081661,0.166643,0.000207,0.002106
0,-0.004766,0.112513,0.005767,0.003756,0.002225,0.023576,8.3e-05,0.002106
0,0.204875,0.014636,0.207294,-0.092956,0.25429,-0.053135,0.002042,0.002106
0,0.184542,-0.100766,-0.00056,-0.138192,0.031559,-0.111387,0.002397,0.002106
0,0.14656,-0.061639,-0.064668,0.037918,-0.065994,0.078944,0.002558,0.002106
0,0.152157,0.166078,0.011992,0.216553,-0.015365,0.262288,0.002656,0.002106
0,0.064836,0.051893,-0.088091,-0.090282,-0.084288,-0.041647,0.001132,0.002106
0,0.019801,0.126892,-0.041615,0.078753,-0.074761,0.056238,0.000346,0.002106
0,0.171531,-0.165043,0.125237,-0.263866,0.162028,-0.287221,0.002624,0.002737
0,0.119755,-0.024454,-0.05806,0.12932,-0.103092,0.149728,0.00209,0.000427
0,-0.030811,0.040777,-0.128837,0.080639,-0.15617,0.085922,0.000538,0.000712
0,0.206231,-0.155061,0.224202,-0.214441,0.199021,-0.177345,0.002018,0.002706
0,0.094118,-0.099997,-0.086937,0.074615,-0.125742,0.123554,0.001643,0.001745
0,-0.042274,-0.072485,-0.115537,0.027366,-0.075913,0.077168,0.000738,0.001265
0,0.173423,0.079611,0.189515,0.167358,0.143205,0.128005,0.002591,0.001389
0,0.090006,-0.138553,-0.062684,-0.245456,-0.08794,-0.267046,0.001571,0.002418
0,0.017098,-0.000579,-0.059196,0.113047,-0.025862,0.083733,0.000298,1e-05
0,-0.019532,-0.139018,-0.053407,-0.164973,-0.014056,-0.137299,0.000341,0.002426
0,-0.034728,0.096575,0.005225,0.218598,0.031005,0.228795,0.000606,0.001686
0,0.156808,-0.06278,0.172291,-0.135677,0.135516,-0.087438,0.002737,0.001096
0,0.09388,0.06474,-0.046628,0.140171,-0.029741,0.165144,0.001639,0.00113
0,-0.071146,-0.157221,-0.185207,-0.206526,-0.16371,-0.23594,0.001242,0.002744
0,-0.066646,-0.149668,0.028732,0.028169,-0.014324,-0.005708,0.001163,0.002612
0,0.05527,-0.065291,0.127598,0.109827,0.119177,0.121055,0.000965,0.00114
0,-0.019839,-0.016996,-0.055455,0.043029,-0.078132,0.032092,0.000346,0.000297
0,-0.047036,-0.000935,-0.024715,0.01337,0.018719,0.006592,0.000821,1.6e-05
0,-0.007719,0.010846,0.061861,0.032069,0.057492,0.00246,0.000135,0.000189
0,0.258733,-0.164014,0.273655,-0.148852,0.287183,-0.160819,0.001102,0.002755
0,-0.026491,-0.156891,-0.28973,-0.01686,-0.286989,-0.023353,0.000462,0.002738
0,0.12113,-0.167899,0.129199,-0.006825,0.099695,0.039738,0.002114,0.002687
0,0.051059,-0.13426,-0.095487,0.009247,-0.118308,0.054307,0.000891,0.002343
0,-0.068424,0.045837,-0.116767,0.167228,-0.086638,0.139454,0.001194,0.0008
0,0.134452,0.072624,0.192082,0.051622,0.228366,0.083263,0.002347,0.001268
0,0.069671,0.064689,-0.049727,-0.007073,-0.00768,-0.019047,0.001216,0.001129
0,0.213262,-0.128075,0.169446,-0.197455,0.133486,-0.215181,0.001895,0.002235
0,0.067794,-0.138038,-0.117967,0.002745,-0.080811,-0.02693,0.001183,0.002409
0,0.041798,0.092892,-0.025109,0.243682,-0.007625,0.23503,0.00073,0.001621
0,0.204803,0.021738,0.133869,-0.085285,0.126087,-0.064146,0.002043,0.000379
0,0.044159,0.011931,-0.187132,0.00773,-0.139477,0.023787,0.000771,0.000208
0,0.197951,0.045648,0.179605,0.003819,0.193702,-0.019795,0.002163,0.000797
0,0.234996,-0.086422,0.031431,-0.124374,0.002996,-0.131985,0.001516,0.001508
0,0.060413,-0.126649,-0.197685,-0.039188,-0.218224,-0.022663,0.001054,0.00221
0,-0.048306,0.031352,-0.100821,0.128679,-0.123087,0.121144,0.000843,0.000547
0,0.015048,0.019157,0.066705,0.0153,0.110415,-0.026391,0.000263,0.000334
0,0.058067,0.041507,0.052292,0.023391,0.093547,-0.024911,0.001013,0.000724
0,0.244789,0.074759,0.201745,0.024078,0.249195,0.034411,0.001345,0.001305
0,0.052889,0.076316,-0.204716,-0.004579,-0.18691,0.039423,0.000923,0.001332
0,0.225358,0.080094,0.177668,0.023498,0.176775,0.020011,0.001684,0.001398
0,0.259573,0.047999,0.021127,-0.031314,0.06087,-0.025128,0.001087,0.000838
0,0.058121,-0.029826,-0.18533,-0.052618,-0.207861,-0.043514,0.001014,0.000521
0,0.322426,-0.153677,0.239156,-0.126045,0.267842,-0.163336,1e-05,0.002682
0,0.1392,-0.07136,-0.19453,0.064384,-0.241494,0.025669,0.002429,0.001245
0,0.215892,-0.055211,0.105195,0.019989,0.076613,-0.021025,0.001849,0.000964
0,0.303507,-0.153542,0.08165,-0.082525,0.083062,-0.105171,0.00032,0.00268
0,0.183232,0.04978,-0.108707,0.226967,-0.116515,0.21164,0.00242,0.000869
0,0.204709,-0.077653,-0.005177,-0.101853,-0.018224,-0.076962,0.002045,0.001355
0,0.094087,-0.050106,-0.105448,0.022858,-0.082862,0.044855,0.001642,0.000875
0,0.112871,-0.02232,0.028793,0.003802,0.058192,0.035301,0.00197,0.00039
0,0.071654,-0.013056,-0.034987,0.017892,0.003732,0.037984,0.001251,0.000228
0,0.267045,-0.057716,0.220425,-0.034561,0.240551,-0.032635,0.000957,0.001007
0,0.2053,0.019514,-0.050165,0.097821,-0.04851,0.052133,0.002034,0.000341
0,0.027305,-0.120088,-0.203158,-0.15608,-0.162416,-0.192168,0.000477,0.002096
0,0.028188,0.053732,0.006391,0.160694,-0.017271,0.156096,0.000492,0.000938
0,0.071647,-0.186241,0.017141,-0.227037,0.052093,-0.183842,0.00125,0.002367
0,0.033976,-0.128427,-0.048751,0.084491,-0.023081,0.053683,0.000593,0.002241
0,0.074421,-0.144144,0.023209,-0.006973,-0.023142,0.00436,0.001299,0.002516
0,0.103296,0.097612,0.054195,0.270688,0.032974,0.221913,0.001803,0.001704
0,0.044457,-0.082509,-0.081513,-0.173335,-0.104058,-0.140183,0.000776,0.00144
0,0.138121,-0.105542,0.082378,-0.006806,0.094214,-0.051973,0.002411,0.001842
0,-1.010127,-0.534598,-1.134602,-0.437101,-1.165039,-0.471693,0.000778,0.001905
0,-2.274643,-0.835277,-1.278679,-0.313134,-1.310337,-0.284855,0.000377,0.002274
0,-2.429456,-0.835961,-0.141613,-0.018637,-0.128894,-0.001248,0.002538,0.002262
0,-2.304296,-0.761469,0.140665,0.095013,0.124305,0.080909,0.000895,0.002055
0,-2.609399,-0.448331,-0.311617,0.334892,-0.357741,0.285761,0.000603,0.002207
0,-2.539197,0.29034,0.080994,0.73843,0.071413,0.734355,0.000623,0.00055
0,-1.928192,0.513552,0.606146,0.232491,0.559838,0.233228,5.2e-05,0.002272
0,-1.793401,0.916815,0.112962,0.384086,0.088627,0.428299,0.002404,0.000851
0,-1.707306,0.846901,0.086097,-0.0735,0.057941,-0.122359,0.001711,0.002071
0,-1.439046,0.827251,0.248558,0.010164,0.277168,0.02245,0.002646,0.002414
0,-1.042531,0.462194,0.371378,-0.346344,0.340549,-0.31215,0.001343,0.002449
0,-0.622021,0.389491,0.40674,-0.050915,0.406726,-0.052441,0.000379,0.00118
0,-0.329418,0.319832,0.264637,-0.084311,0.234036,-0.090762,0.000132,0.002106
0,-0.102245,0.275725,0.212559,-0.060671,0.253312,-0.054341,0.001785,0.002106
0,0.121789,0.230013,0.227271,-0.036171,0.191513,-3e-05,0.002126,0.002106
0,0.046906,0.142346,-0.084838,-0.085857,-0.042601,-0.076791,0.000819,0.002106
0,0.056701,0.191284,-0.000121,0.0318,-0.049646,0.048208,0.00099,0.002106
0,0.099378,0.165983,0.066709,-0.006074,0.044227,-0.020014,0.001734,0.002106
0,0.108348,-0.119983,-0.014587,-0.298299,-0.048097,-0.251899,0.001891,0.002106
0,0.276098,-0.022027,0.171825,0.122002,0.160599,0.167563,0.000799,0.002106
0,0.063184,0.135613,-0.199162,0.147246,-0.177365,0.1461,0.001103,0.002106
0,0.174889,0.022328,0.104948,-0.094504,0.0853,-0.073568,0.002565,0.002106
0,0.274442,0.087215,0.12787,0.045627,0.169352,-1e-05,0.000828,0.002106
0,0.18722,-0.060624,-0.06252,-0.128428,-0.099657,-0.135034,0.00235,0.002106
0,0.050819,0.007586,-0.11852,0.093542,-0.123728,0.085237,0.000887,0.002106
0,0.102856,-0.108294,0.032528,-0.100847,0.058266,-0.052474,0.001795,0.002106
0,0.069897,0.00806,-0.014707,0.100384,-0.042507,0.145492,0.00122,0.002106
0,-0.061285,0.057904,-0.15078,0.072297,-0.194572,0.040772,0.00107,0.002106
0,-0.201137,-0.04116,-0.131234,-0.109275,-0.121861,-0.12251,0.002107,0.002106
0,0.080999,-0.029046,0.252154,0.004382,0.217392,-0.03741,0.001414,0.002106
0,0.070383,-0.180472,-0.028298,-0.129604,-0.066227,-0.084897,0.001228,0.002468
0,0.118076,-0.010807,0.054796,0.178627,0.036905,0.207305,0.002061,0.000189
0,-0.130137,0.081794,-0.264586,0.105593,-0.247212,0.064966,0.002271,0.001428
0,0.03471,0.094711,0.182089,0.03802,0.196124,0.074748,0.000606,0.001653
0,-0.049332,-0.085949,-0.096637,-0.159774,-0.060067,-0.150027,0.000861,0.0015
0,0.148651,0.009131,0.217141,0.109646,0.257787,0.082674,0.002594,0.000159
0,-0.003845,0.129324,-0.134323,0.094753,-0.1687,0.050985,6.7e-05,0.002257
0,0.021413,0.149336,0.036946,0.007708,0.076468,0.004948,0.000374,0.002606
0,0.102346,0.014713,0.052194,-0.119656,0.013158,-0.168664,0.001786,0.000257
0,0.118531,-0.067893,0.0168,-0.09014,0.044123,-0.062967,0.002069,0.001185
0,0.213473,0.118057,0.070275,0.204457,0.069396,0.173867,0.001892,0.00206
0,-0.036833,0.171645,-0.228669,0.032838,-0.19196,-0.006634,0.000643,0.002622
0,-0.087421,0.011193,-0.033515,-0.187099,-0.066973,-0.2163,0.001526,0.002106
0,-0.016373,0.152338,0.059972,0.121599,0.011971,0.126364,0.000286,0.002106
0,1e-05,-0.045664,0.043234,-0.207348,0.003444,-0.245449,0.0,0.002106
0,0.07925,0.070865,0.104518,0.103788,0.079753,0.092617,0.001383,0.002106
0,-0.046852,-0.029311,-0.10813,-0.125344,-0.118552,-0.121698,0.000818,0.002106
0,-0.185057,-0.000344,-0.143951,0.018839,-0.131192,0.040707,0.002388,0.002106
0,0.024408,-0.027556,0.199671,-0.03815,0.200508,-0.029949,0.000426,0.002106
0,0.139935,0.113604,0.09928,0.139876,0.146036,0.170503,0.002442,0.002106
0,0.016321,0.200861,-0.096743,0.096329,-0.096003,0.098016,0.000285,0.002106
0,-0.003306,0.231678,0.010305,0.024569,0.011496,0.014905,5.8e-05,0.002106
0,-0.051348,0.018532,-0.035882,-0.211873,0.00826,-0.206366,0.000896,0.002106
0,0.147099,0.181826,0.222962,0.18797,0.238282,0.149253,0.002567,0.002106
0,0.00883,0.070023,-0.157778,-0.124258,-0.11797,-0.14175,0.000154,0.002106
0,0.0011,-0.009356,-0.02066,-0.069873,-0.008899,-0.085939,1.9e-05,0.002106
0,0.048385,0.136911,0.055182,0.142149,0.098648,0.174229,0.000844,0.002106
0,0.104761,0.004127,0.047296,-0.107784,0.017258,-0.083393,0.001828,0.002106
0,0.111318,0.065375,0.011627,0.087934,-0.031004,0.042051,0.001943,0.002106
0,0.106811,-0.021306,0.0136,-0.066757,0.052798,-0.035685,0.001864,0.002106
0,0.161077,0.201723,0.03371,0.199342,0.015965,0.150909,0.002806,0.002106
0,0.119961,0.12643,-0.040534,-0.096627,-0.019726,-0.068318,0.002094,0.002106
0,-0.01982,0.168035,-0.110353,0.049873,-0.094067,0.054324,0.000346,0.002106
0,-0.045686,0.00524,-0.027333,-0.155577,0.018543,-0.178468,0.000797,0.002106
0,0.110092,0.020785,0.154996,-0.010044,0.179878,-0.023174,0.001921,0.002106
0,-0.005878,0.184991,-0.09822,0.15347,-0.061189,0.161016,0.000103,0.002106
0,0.073869,-0.002674,0.072706,-0.173971,0.028775,-0.151736,0.001289,0.002106
0,-0.054055,0.194799,-0.128537,0.205058,-0.116947,0.220385,0.000943,0.002106
0,0.030901,0.05457,0.107768,-0.11797,0.124165,-0.114497,0.000539,0.002106
0,0.001637,0.081945,-0.025544,0.025517,0.011195,0.011812,2.9e-05,0.002106
0,0.059393,0.191321,0.047897,0.134132,0.077396,0.128144,0.001037,0.002106
0,0.005311,-0.043348,-0.049506,-0.212471,-0.098595,-0.188449,9.3e-05,0.002106
0,-0.002282,-0.005971,-0.017088,0.007468,-0.046579,0.011518,4e-05,0.002106
0,-0.047742,-0.024574,-0.015951,-0.023795,0.022723,-0.028754,0.000833,0.002106
0,-0.091013,-0.040522,-0.016908,-0.024443,-0.017263,-0.010863,0.001588,0.002106
0,0.090504,-0.110726,0.168382,-0.044274,0.128945,-0.073977,0.00158,0.002106
0,0.032756,0.107113,-0.083654,0.194675,-0.039488,0.200361,0.000572,0.002106
0,0.020805,0.03114,0.005392,-0.06434,0.049303,-0.053207,0.000363,0.002106
0,-0.079739,0.016218,-0.100014,-0.038001,-0.120264,-0.051077,0.001392,0.002106
0,0.103402,-0.075622,0.209357,-0.114909,0.228034,-0.145329,0.001805,0.002106
0,0.17234,0.151518,0.082041,0.213766,0.055474,0.169099,0.00261,0.002106
0,0.18661,-0.104807,0.010512,-0.262685,-0.01654,-0.278508,0.002361,0.002106
0,1.346288,-0.735458,1.130409,-0.647575,1.138029,-0.666712,0.001027,0.001601
0,1.454411,-1.836989,0.130938,-1.128413,0.132334,-1.136328,0.002703,0.001644
0,1.622467,-1.677336,0.155713,0.147738,0.11156,0.104374,0.00023,0.001187
0,1.440913,-1.507954,-0.161824,0.156043,-0.193769,0.185121,0.002679,0.001769
0,0.999943,-1.28588,-0.436265,0.213996,-0.391717,0.177574,0.0006,2.7e-05
0,0.768634,-1.041683,-0.245728,0.225328,-0.247756,0.191488,0.00218,0.001328
0,0.635142,-0.965666,-0.160091,0.053637,-0.129233,0.044673,0.00015,2e-06
0,0.363655,-0.692986,-0.275706,0.243313,-0.273394,0.209996,0.000729,0.00086
0,0.229164,-0.256203,-0.154557,0.440505,-0.182205,0.478298,0.001618,0.001146
0,-0.051826,-0.027145,-0.294954,0.213435,-0.304321,0.243091,0.000905,0.000474
0,-0.103253,-0.083288,-0.0516,-0.077247,-0.045405,-0.030493,0.001802,0.001454
0,-0.373607,0.054627,-0.274329,0.12823,-0.265822,0.155432,0.000903,0.000953
0,-0.395868,0.201982,-0.017422,0.155216,-0.03568,0.157628,0.001292,0.002092
0,-0.263185,0.219956,0.110524,0.040762,0.068542,0.082963,0.001024,0.001779
0,-0.134338,-0.010581,0.126799,-0.216802,0.141525,-0.220529,0.002345,0.000185
0,-0.158964,0.059503,-0.045368,0.065956,-0.075155,0.04997,0.002774,0.001039
0,-0.115413,-0.052653,0.034719,-0.099298,0.051869,-0.096661,0.002014,0.000919
0,-0.136599,0.082449,-0.003934,0.116317,0.044958,0.164959,0.002384,0.001439
0,-0.169801,0.020997,-0.045259,-0.04423,-0.037459,-0.008944,0.002654,0.000366
0,-0.097149,0.211598,0.082841,0.18439,0.085554,0.174933,0.001696,0.001924
0,-0.16457,-0.024947,-0.04024,-0.220877,-0.090025,-0.221862,0.002745,0.000435
0,0.063212,0.161774,0.252941,0.206549,0.236728,0.205237,0.001103,0.002794
0,-0.117265,0.049756,-0.193944,-0.119944,-0.17879,-0.092997,0.002047,0.000868
0,-0.090598,-0.033378,0.045505,-0.075667,0.059682,-0.094143,0.001581,0.000583
0,0.072938,-0.068976,0.171579,-0.016017,0.215236,-0.040762,0.001273,0.001204
0,0.189998,-0.139511,0.131059,-0.082327,0.132483,-0.055403,0.002301,0.002435
0,-0.003237,-0.089535,-0.193998,0.071331,-0.162508,0.09328,5.6e-05,0.001563
0,1.4e-05,0.002249,0.029372,0.064974,0.047043,0.077842,0.0,3.9e-05
0,0.047266,0.007367,0.046444,0.028888,0.086853,0.008003,0.000825,0.000129
0,0.022324,0.037836,-0.034837,0.052721,-0.042947,0.097535,0.00039,0.00066
0,0.014854,0.034642,-0.00158,-0.005592,0.046676,0.041296,0.000259,0.000605
0,0.15237,-0.19259,0.160136,-0.227809,0.203233,-0.26606,0.002659,0.002256
0,0.087255,-0.005268,-0.056849,0.190002,-0.020299,0.205283,0.001523,9.2e-05
0,-0.006787,-0.152427,-0.121204,-0.134517,-0.135937,-0.16951,0.000118,0.00266
0,0.162459,-0.133509,0.176076,0.013815,0.185379,0.047319,0.002782,0.00233
0,0.008248,-0.131375,-0.170832,0.004414,-0.164522,-0.009889,0.000144,0.002293
0,-0.002361,-0.106575,-0.027575,0.049278,0.012791,0.027837,4.1e-05,0.00186
0,0.15174,0.073421,0.15805,0.157021,0.120069,0.14799,0.002648,0.001281
0,-0.031683,-0.079987,-0.198106,-0.123663,-0.208368,-0.113898,0.000553,0.001396
0,0.01521,-0.098533,0.04843,-0.03802,0.09702,-0.045836,0.000265,0.00172
0,-0.051147,-0.179784,-0.089837,-0.102993,-0.113813,-0.150241,0.000893,0.00248
0,-0.122166,-0.040911,-0.048678,0.119937,-0.076966,0.076684,0.002132,0.000714
0,-0.073685,-0.139138,0.041184,-0.087957,0.068793,-0.136855,0.001286,0.002428
0,-0.047423,-0.152092,0.007206,-0.002903,-0.004538,0.045326,0.000828,0.002655
0,-0.234634,-0.017135,-0.209698,0.117249,-0.25857,0.160575,0.001522,0.000299
0,-0.094396,0.060498,0.140129,0.091871,0.119231,0.083156,0.001648,0.001056
0,-0.120464,0.016526,-0.044591,-0.023068,-0.080597,-0.01304,0.002103,0.000288
0,-0.029693,0.053108,0.086041,0.010956,0.106763,0.047553,0.000518,0.000927
0,-0.208178,0.069916,-0.153219,0.046382,-0.187232,0.046524,0.001984,0.00122
0,-0.244242,0.0046,-0.024783,-0.072132,-0.026171,-0.096405,0.001355,8e-05
0,-0.202094,-0.030804,0.05246,-0.062538,0.078518,-0.1067,0.00209,0.000538
0,-0.105657,-0.119764,0.107488,-0.087497,0.106195,-0.097235,0.001844,0.00209
0,-0.033055,-0.171973,0.077495,-0.068124,0.119142,-0.049888,0.000577,0.002616
0,-0.117659,-0.113621,-0.064404,0.068724,-0.032362,0.048244,0.002054,0.001983
0,-0.279017,-0.10361,-0.171229,-0.00556,-0.139784,0.025206,0.000748,0.001808
0,-0.311744,0.003475,-0.004735,0.127226,-0.048928,0.132265,0.000177,6.1e-05
0,-0.194083,-0.129544,0.114596,-0.133877,0.102384,-0.128024,0.00223,0.002261
0,-0.154247,0.026653,0.057007,0.138039,0.041002,0.148118,0.002692,0.000465
0,-0.207909,-0.018905,-0.027841,-0.046995,-0.008588,-0.00625,0.001989,0.00033
0,-0.05339,-0.150856,0.140203,-0.139866,0.168804,-0.132284,0.000932,0.002633
0,-0.21814,0.027886,-0.179642,0.188923,-0.221249,0.217661,0.00181,0.000487
0,-0.123944,0.012074,0.096815,-0.033669,0.090389,-0.024354,0.002163,0.000211
0,-0.130386,0.074975,-0.002818,0.060671,0.022666,0.028704,0.002276,0.001309
0,-0.105716,0.039148,-0.002653,-0.032307,-0.013801,0.006545,0.001845,0.000683
0,-0.005377,-0.049184,0.074342,-0.076853,0.113273,-0.121492,9.4e-05,0.000858
0,-0.117301,-0.054427,-0.127664,0.00991,-0.107278,0.017532,0.002047,0.00095
0,0.042251,-0.068022,0.175526,-0.015173,0.223345,-0.040326,0.000737,0.001187
0,-0.143491,-0.006812,-0.173704,0.087852,-0.158702,0.057198,0.002504,0.000119
0,-0.005399,-0.127492,0.1303,-0.126134,0.152976,-0.153774,9.4e-05,0.002225
0,0.056323,0.060351,0.060106,0.216382,0.102601,0.244427,0.000983,0.001053
0,-0.001816,0.058131,-0.042994,0.001965,-0.008987,0.031048,3.2e-05,0.001015
0,0.032452,0.140251,0.049188,0.075672,0.012519,0.107183,0.000566,0.002448
0,-0.077756,-0.096014,-0.117062,-0.259849,-0.082328,-0.215311,0.001357,0.001676
0,-0.081901,-0.11076,-0.011141,-0.035484,0.025324,-0.08402,0.001429,0.001933
0,0.11479,-0.055728,0.221501,0.033339,0.23421,0.026193,0.002003,0.000973
0,0.012245,-0.129822,-0.073893,-0.103206,-0.064147,-0.123952,0.000214,0.002266
0,0.07509,-0.129725,0.035649,-0.023924,0.051709,0.016429,0.001311,0.002264
0,-0.045982,-0.076232,-0.115756,0.040602,-0.134467,0.061259,0.000803,0.00133
0,-0.154989,-0.069998,-0.134797,-0.01351,-0.142855,-0.060083,0.002705,0.001222
0,-0.166862,-0.006868,0.007077,0.061418,0.006362,0.03907,0.002705,0.00012
0,-0.153053,-0.026772,0.03163,-0.002828,0.03374,0.013415,0.002671,0.000467
0,0.120681,0.116812,0.263259,0.116001,0.214645,0.133576,0.002106,0.002039
0,0.097374,-0.138119,-0.012631,-0.283921,0.034774,-0.270821,0.0017,0.002411
0,0.110285,0.129787,0.028714,0.296644,0.036324,0.330018,0.001925,0.002265
0,-0.033143,-0.041107,-0.150203,-0.149645,-0.158809,-0.131899,0.000578,0.000717
0,-0.131731,-0.064395,-0.074526,-0.040716,-0.061835,-0.053004,0.002299,0.001124
0,-0.246381,0.059715,-0.117247,0.09786,-0.117148,0.093366,0.001317,0.001042
0,-0.086265,-0.071712,0.137182,-0.109601,0.157126,-0.130743,0.001506,0.001252
0,0.076722,-0.041973,0.17893,0.031445,0.142854,0.000841,0.001339,0.000733
0,-0.195822,-0.102428,-0.277883,-0.043492,-0.259028,-0.07118,0.0022,0.001788
0,-0.026972,0.170984,0.165141,0.278536,0.208424,0.318094,0.000471,0.002633
0,-0.035622,0.12061,0.008966,-0.075159,0.008037,-0.108504,0.000622,0.002105
0,-0.104744,0.149973,-0.095524,0.019691,-0.078435,0.0241,0.001828,0.002618
0,-0.027091,-0.012113,0.084084,-0.156381,0.042926,-0.172999,0.000473,0.000211
0,0.179906,0.044767,0.215958,0.049297,0.237528,0.088676,0.002478,0.000781
0,0.046511,0.069703,-0.119392,0.001309,-0.073688,0.010593,0.000812,0.001217
0,0.036575,0.245932,0.003016,0.192334,0.016217,0.146957,0.000638,0.001325
0,0.079691,0.099343,0.026391,-0.14241,-0.021014,-0.119861,0.001391,0.001734
0,0.025949,0.006292,-0.033305,-0.066393,-0.039169,-0.084092,0.000453,0.00011
0,0.088668,-0.031625,0.0503,-0.025536,0.016366,-0.070785,0.001548,0.000552
0,-0.04919,0.066336,-0.167717,0.078576,-0.128166,0.067176,0.000859,0.001158
0,-0.105505,0.010113,-0.079035,-0.053447,-0.114107,-0.049481,0.001841,0.000177
0,0.140793,-0.099391,0.25326,-0.136552,0.258003,-0.098758,0.002457,0.001735
0,-0.012563,-0.108915,-0.153092,-0.000157,-0.105253,-0.009325,0.000219,0.001901
0,-0.015705,-0.043927,-0.019015,0.047503,-0.033182,0.062298,0.000274,0.000767
0,0.034065,-0.013163,0.078186,0.044491,0.118639,0.080038,0.000595,0.00023
0,-0.093597,-0.060292,-0.153014,-0.024389,-0.177651,0.011865,0.001634,0.001052
0,0.048059,0.107854,0.131664,0.165823,0.165658,0.180219,0.000839,0.001882
0,-0.017811,0.140169,-0.054662,0.005904,-0.062411,-0.038578,0.000311,0.002446
0,0.100815,0.117446,0.118387,-0.041929,0.158131,-0.038049,0.00176,0.00205
0,-0.131913,-0.079317,-0.228207,-0.224454,-0.240684,-0.250711,0.002302,0.001384
0,-0.102164,-0.005177,0.057298,0.097503,0.060343,0.048555,0.001783,9e-05
0,0.103384,0.069289,0.189212,0.056309,0.225379,0.06412,0.001804,0.001209
0,0.045631,-0.100099,-0.061271,-0.17823,-0.037884,-0.193464,0.000796,0.001747
0,0.083422,0.067251,0.039713,0.139285,0.085055,0.172855,0.001456,0.001174
0,0.070704,0.042251,-0.020263,-0.042024,0.005946,-0.059022,0.001234,0.000737
0,-0.109603,-0.113725,-0.195271,-0.130887,-0.205579,-0.097045,0.001913,0.001985
0,0.055606,0.024833,0.159447,0.159963,0.123044,0.142432,0.000971,0.000433
0,0.022656,-0.002318,-0.007328,-0.022806,-0.005887,-0.009043,0.000395,4e-05
0,0.195291,0.00668,0.1527,-0.003401,0.197063,0.00356,0.002209,0.000117
0,-0.063599,-0.054639,-0.253249,-0.031383,-0.244835,-0.029188,0.00111,0.000954
0,0.002047,0.007153,0.083285,0.052116,0.092677,0.041955,3.6e-05,0.000125
0,0.003401,0.013534,0.025711,0.027919,0.074582,0.07299,5.9e-05,0.000236
0,-0.153289,0.128895,-0.153919,0.108153,-0.1791,0.128825,0.002675,0.00225
0,0.048022,-0.078335,0.191992,-0.201694,0.205086,-0.16927,0.000838,0.001367
0,-0.166864,-0.035573,-0.216487,0.05705,-0.265027,0.04513,0.002705,0.000621
0,-0.044278,-0.109263,0.145776,-0.047635,0.129109,-0.09618,0.000773,0.001907
0,-0.250072,0.151168,-0.205195,0.288272,-0.160256,0.254458,0.001253,0.002638
0,-0.088885,0.005816,0.17213,-0.158477,0.189983,-0.183766,0.001551,0.000102
0,0.093875,-0.052997,0.155068,-0.078406,0.11573,-0.054688,0.001638,0.000925
0,-0.17599,0.123168,-0.248543,0.169004,-0.289037,0.16646,0.002546,0.00215
0,-0.18926,0.086213,-0.014561,-0.018487,-0.048715,0.000275,0.002314,0.001505
0,-0.155054,-0.013651,0.042261,-0.119852,0.051286,-0.120752,0.002706,0.000238
0,-0.154436,0.019338,0.02819,0.008963,0.078114,-0.019641,0.002695,0.000338
0,0.007234,-0.075276,0.175386,-0.116295,0.218526,-0.123387,0.000126,0.001314
0,-0.143091,0.127417,-0.147745,0.198451,-0.131615,0.149822,0.002497,0.002224
0,-0.110236,-0.064477,0.012237,-0.18079,-0.032325,-0.227863,0.001924,0.001125
0,-0.016304,-0.018792,0.10264,0.025792,0.139539,-0.015557,0.000285,0.000328
0,-0.1789,-0.043936,-0.181067,-0.002758,-0.213305,-0.033617,0.002495,0.000767
0,0.036441,0.041856,0.208385,0.101723,0.177864,0.133762,0.000636,0.000731
0,0.002726,0.169368,-0.023807,0.114752,-0.015612,0.097729,4.8e-05,0.002661
0,-0.235578,0.105229,-0.216788,-0.055261,-0.192035,-0.097642,0.001506,0.001837
0,-0.109096,0.194166,0.146552,0.116108,0.185118,0.129615,0.001904,0.002229
0,-0.192627,0.172382,-0.060051,-0.04623,-0.067753,-0.089903,0.002256,0.002609
0,-0.265891,0.139007,-0.05312,-0.035304,-0.059066,-0.079387,0.000977,0.002426
0,-0.225319,0.165952,0.021673,-0.001113,-0.007975,-0.011481,0.001685,0.002721
0,-0.0716,0.098489,0.152232,-0.052131,0.156874,-0.09161,0.00125,0.001719
0,-0.145422,0.170116,-0.10342,0.048631,-0.111142,0.076054,0.002538,0.002648
0,-0.228195,0.036156,-0.103722,-0.122063,-0.128137,-0.091025,0.001635,0.000631
0,-0.184358,0.016242,0.055815,6.4e-05,0.007005,-0.040277,0.0024,0.000283
0,-0.219917,-0.065914,-0.056296,-0.082645,-0.100508,-0.125135,0.001779,0.00115
0,-0.244038,0.034638,-0.045622,0.113716,0.003953,0.078729,0.001358,0.000605
0,-0.209671,0.048639,0.055145,0.01555,0.010608,0.037127,0.001958,0.000849
0,-0.143105,-0.083998,0.085875,-0.151795,0.058384,-0.177202,0.002498,0.001466
0,-0.266983,-0.00867,-0.143089,0.087124,-0.099288,0.073717,0.000958,0.000151
0,0.023463,0.023207,0.292142,0.031184,0.32052,0.041764,0.000409,0.000405
0,-0.108785,0.090094,-0.145755,0.060544,-0.178393,0.060006,0.001899,0.001572
0,-0.089887,0.094349,0.022266,-0.017103,-0.002357,-0.024241,0.001569,0.001647
0,-0.038262,-0.010195,0.047797,-0.106524,0.02333,-0.111349,0.000668,0.000178
0,0.014929,0.146096,0.064326,0.156591,0.066332,0.186143,0.000261,0.00255
0,0.069024,0.111936,0.048405,-0.057017,0.02084,-0.042144,0.001205,0.001954
0,-0.228004,-0.013375,-0.304343,-0.133311,-0.265234,-0.111972,0.001638,0.000233
0,-0.069214,-0.0115,0.148841,-0.002423,0.13101,0.024931,0.001208,0.000201
0,-0.192389,-0.148156,-0.123445,-0.152535,-0.110153,-0.103601,0.00226,0.002586
0,-0.212533,-0.125334,-0.042388,0.049697,-0.023039,0.022498,0.001908,0.002187
0,-0.027722,0.037178,0.191,0.148921,0.212033,0.117368,0.000484,0.000649
0,0.035565,-0.163229,0.092774,-0.205542,0.084737,-0.230352,0.000621,0.002769
0,-0.130449,0.065999,-0.194322,0.218878,-0.160446,0.241296,0.002277,0.001152
0,-0.035391,0.006663,0.071673,-0.039417,0.026239,0.009157,0.000618,0.000116
0,-0.030423,-0.024029,0.03173,-0.005167,0.024386,0.023574,0.000531,0.000419
0,-0.131564,-0.125526,-0.075813,-0.085686,-0.078947,-0.083991,0.002296,0.002191
0,-0.087443,0.050673,0.069662,0.17495,0.078826,0.17262,0.001526,0.000884
0,0.042841,-0.170165,0.134761,-0.216913,0.127318,-0.197082,0.000748,0.002648
0,0.036933,-0.027771,-0.032732,0.12685,-0.046959,0.109685,0.000645,0.000485
0,0.009163,-0.075616,-0.037887,-0.065289,-0.04577,-0.037816,0.00016,0.00132
0,-0.089767,0.074993,-0.095069,0.144072,-0.08559,0.159214,0.001567,0.001309
0,-0.257672,-0.069774,-0.148474,-0.158683,-0.114856,-0.154708,0.00112,0.001218
0,0.017478,-0.127587,0.26849,-0.058426,0.284528,-0.090031,0.000305,0.002227
0,-0.058016,-0.07793,-0.055844,0.069628,-0.034973,0.062561,0.001013,0.00136
0,0.115307,-0.012502,0.181585,0.061091,0.22692,0.031104,0.002012,0.000218
0,0.128391,-0.043659,0.039915,-0.033384,0.072237,0.012782,0.002241,0.000762
0,0.066239,-0.029634,-0.086724,0.042904,-0.063474,0.005347,0.001156,0.000517
0,-0.156591,0.110511,-0.235162,0.168964,-0.227191,0.160587,0.002733,0.001929
0,-0.051191,-0.024736,0.130911,-0.113283,0.093508,-0.13571,0.000893,0.000432
0,2.707804,-0.772902,2.746058,-0.741647,2.759462,-0.758777,0.00232,0.002255
0,3.093024,-1.182078,0.387998,-0.429038,0.354155,-0.420498,0.002192,0.001839
0,2.978835,-1.395639,-0.127143,-0.221849,-0.170404,-0.271375,0.001433,0.001888
0,3.410041,-1.444411,0.44405,-0.042192,0.410082,-0.026575,0.002276,0.00274
0,3.309525,-1.218189,-0.093702,0.249704,-0.118958,0.293378,0.001587,0.001209
0,2.673125,-0.904091,-0.659436,0.290722,-0.637675,0.323861,0.001715,0.001073
0,3.371128,-2.407524,0.668015,-1.475296,0.691695,-1.472207,0.002662,0.002697
0,3.566141,-2.464185,0.18397,-0.03493,0.224179,0.009492,0.000448,0.001932
0,3.061706,-2.512636,-0.503969,-0.022631,-0.537276,-0.001633,0.002738,0.001086
0,2.535239,-2.554729,-0.528842,-0.041768,-0.500522,-0.029223,0.000692,0.000352
0,2.155673,-1.883569,-0.3786,0.664071,-0.386054,0.62474,0.001699,0.000831
0,1.434324,-1.577937,-0.703199,0.285608,-0.725026,0.301107,0.002564,0.000547
0,1.012001,-0.892473,-0.395365,0.674842,-0.411414,0.649858,0.00081,0.001276
0,0.592323,-0.477716,-0.430494,0.437093,-0.42723,0.441564,0.000897,0.00272
0,0.322104,-0.089967,-0.25537,0.366828,-0.256537,0.351592,4e-06,0.00157
0,0.265108,0.057305,-0.068101,0.144841,-0.02932,0.119734,0.000991,0.001
0,-0.041491,0.090616,-0.297122,0.034922,-0.330679,0.063228,0.000724,0.001582
0,-0.062236,0.191491,-0.030416,0.082179,-0.045015,0.08571,0.001086,0.002275
0,-0.07762,0.061583,0.011593,-0.117911,0.044041,-0.081978,0.001355,0.001075
0,-0.306095,0.186767,-0.234091,0.13646,-0.194291,0.174366,0.000275,0.002358
0,-0.073123,0.166002,0.21191,-0.006149,0.255332,-0.00525,0.001276,0.00272
0,-0.184357,0.148708,-0.132702,-0.008227,-0.09931,-0.008604,0.0024,0.002595
0,-0.324532,-0.001073,-0.157234,-0.12455,-0.157145,-0.107154,4.7e-05,1.9e-05
0,-0.198817,0.02884,0.128233,0.057593,0.158671,0.107452,0.002147,0.000503
0,-0.124956,0.098944,0.08794,0.0885,0.102635,0.096691,0.002181,0.001727
0,0.013925,0.111022,0.122135,0.013423,0.084917,0.05613,0.000243,0.001938
0,0.053885,-0.093239,0.029402,-0.225436,0.071306,-0.264146,0.00094,0.001627
0,0.100232,0.178371,0.074315,0.300496,0.114007,0.307728,0.001749,0.002504
0,0.061003,0.132853,-0.065678,-0.019317,-0.088262,-0.03015,0.001065,0.002319
0,0.064065,-0.003221,-0.02257,-0.148909,-0.039816,-0.149395,0.001118,5.6e-05
0,0.09798,0.069362,0.03423,0.092596,0.027712,0.123358,0.00171,0.001211
0,-0.030071,0.073194,-0.145812,0.029471,-0.186115,0.038057,0.000525,0.001277
0,-0.115938,0.187488,-0.110376,0.093248,-0.126952,0.130148,0.002024,0.002345
0,-0.126038,0.044514,-0.025256,-0.115757,-0.008575,-0.118319,0.0022,0.000777
0,0.097663,0.109724,0.207892,0.058246,0.22892,0.072668,0.001705,0.001915
0,0.097696,0.207468,-0.016174,0.095858,0.002733,0.125765,0.001705,0.001997
0,-0.086456,0.108989,-0.162734,-0.08556,-0.173066,-0.125373,0.001509,0.001902
0,0.215672,0.230497,0.30089,0.119971,0.293932,0.16378,0.001853,0.001595
0,0.178795,-0.014301,-0.054162,-0.220051,-0.070268,-0.202878,0.002497,0.00025
0,0.100213,0.063034,-0.067984,0.053323,-0.114524,0.09004,0.001749,0.0011
0,0.093676,0.050233,0.022419,0.007423,0.049827,0.008832,0.001635,0.000877
0,0.192436,-0.032225,0.075358,-0.063502,0.113396,-0.058789,0.002259,0.000562
0,0.095616,0.187111,-0.095962,0.213523,-0.133945,0.213745,0.001669,0.002352
0,0.034677,-0.015514,-0.061465,-0.200013,-0.094887,-0.246735,0.000605,0.000271
0,0.099089,0.083277,0.085789,0.072802,0.049779,0.102733,0.001729,0.001453
0,-0.018985,-0.026469,-0.116949,-0.10473,-0.085382,-0.082038,0.000331,0.000462
0,0.040263,-0.028939,0.067075,-0.008137,0.043621,0.00459,0.000703,0.000505
0,-0.032025,-0.079846,-0.063327,-0.069197,-0.089595,-0.051817,0.000559,0.001394
0,0.075781,0.129249,0.122136,0.233221,0.080665,0.191095,0.001323,0.002256
0,0.093519,-0.049678,0.023059,-0.168014,0.005027,-0.123865,0.001632,0.000867
0,-0.100645,0.000975,-0.173296,0.026891,-0.157215,0.065418,0.001757,1.7e-05
0,0.011028,-0.129695,0.094534,-0.147987,0.096608,-0.106712,0.000192,0.002264
0,-0.005498,0.087108,0.012531,0.239639,0.050086,0.258685,9.6e-05,0.00152
0,0.125523,0.044907,0.116031,-0.05974,0.094097,-0.084744,0.002191,0.000784
0,0.176426,-0.143479,0.074597,-0.182049,0.095434,-0.219549,0.002538,0.002504
0,0.022012,-0.086278,-0.163515,0.066839,-0.198958,0.081283,0.000384,0.001506
0,-0.014108,-0.027175,-0.045602,0.083324,-0.074224,0.111813,0.000246,0.000474
0,-0.143124,0.081787,-0.12287,0.098157,-0.158485,0.092995,0.002498,0.001427
0,0.060053,-0.1025,0.190703,-0.155885,0.240118,-0.126438,0.001048,0.001789
0,-0.015851,0.065526,-0.073003,0.145953,-0.100918,0.10904,0.000277,0.001144
0,-0.006145,-0.024858,0.035956,-0.061062,0.025019,-0.109166,0.000107,0.000434
0,-0.013598,-0.069162,0.01458,-0.029775,0.019876,-0.072231,0.000237,0.001207
0,-0.060479,-0.07988,-0.024834,0.01141,0.013287,0.014024,0.001056,0.001394
0,-0.012449,0.079973,0.020656,0.139592,0.002496,0.1738,0.000217,0.001396
0,0.135025,0.108944,0.162621,0.020144,0.200154,-0.020619,0.002357,0.001901
0,0.143497,-0.095436,0.01578,-0.196316,-0.01976,-0.202918,0.002505,0.001666
0,0.099571,0.044174,-0.051348,0.111271,-0.013765,0.1591,0.001738,0.000771
0,0.043462,0.01954,-0.034019,-0.041962,0.000474,-0.039317,0.000759,0.000341
0,0.130725,-0.069925,0.076262,-0.076173,0.036439,-0.071554,0.002282,0.00122
0,0.073167,0.146984,-0.055719,0.197911,-0.058413,0.246825,0.001277,0.002565
0,-0.074513,0.096562,-0.157006,-0.034099,-0.160094,0.005854,0.0013,0.001685
0,-0.025402,0.005514,0.02213,-0.071476,-0.010762,-0.082115,0.000443,9.6e-05
0,0.010763,0.115393,0.059616,0.093995,0.06807,0.055891,0.000188,0.002014
0,-0.078775,-0.058674,-0.060189,-0.193318,-0.048404,-0.190845,0.001375,0.001024
0,0.088082,0.023587,0.175773,0.07218,0.210151,0.040655,0.001537,0.000412
0,-0.091936,0.099547,-0.153797,0.093887,-0.129746,0.117404,0.001605,0.001737
0,-0.025526,0.035239,0.094993,-0.059692,0.121869,-0.027314,0.000446,0.000615
0,0.19663,-0.026689,0.211238,-0.077127,0.172463,-0.11041,0.002186,0.000466
0,0.049931,-0.115082,-0.122215,-0.103594,-0.118486,-0.109193,0.000871,0.002009
0,-0.087889,-0.141791,-0.156981,-0.041705,-0.166513,-0.00401,0.001534,0.002475
0,0.076019,-0.109997,0.136245,0.032504,0.110359,0.025448,0.001327,0.00192
0,0.137603,-0.108974,0.0575,-0.006282,0.037265,0.010071,0.002402,0.001902
0,-0.052801,0.039476,-0.20845,0.15245,-0.173693,0.1853,0.000922,0.000689
0,0.230324,0.001908,0.266794,-0.035164,0.236856,0.004265,0.001598,3.3e-05
0,-0.016108,-0.01807,-0.256481,-0.044911,-0.243677,-0.079468,0.000281,0.000315
0,0.127363,-0.095952,0.127325,-0.050253,0.173367,-0.003612,0.002223,0.001675
0,0.174745,-0.06607,0.049185,0.008026,0.035755,0.039546,0.002568,0.001153
0,0.181576,-0.224207,0.001333,-0.141026,0.012877,-0.181517,0.002448,0.001704
0,0.140093,-0.028398,-0.014135,0.17535,0.016816,0.18572,0.002445,0.000496
0,-0.012052,-0.10173,-0.152692,-0.09676,-0.1038,-0.138278,0.00021,0.001776
0,-0.106789,0.038153,-0.102417,0.127861,-0.063641,0.161723,0.001864,0.000666
0,-0.148507,-0.132659,-0.063312,-0.198159,-0.091673,-0.173647,0.002592,0.002315
0,-0.146894,-0.021234,0.021609,0.096176,0.067504,0.090063,0.002564,0.000371
0,-0.081515,-0.024907,0.088195,0.011665,0.040557,0.020717,0.001423,0.000435
0,-0.232278,0.00386,-0.149046,0.055492,-0.19641,0.052513,0.001563,6.7e-05
0,-0.153932,-0.181227,0.051406,-0.207832,0.068297,-0.166898,0.002687,0.002454
0,0.044245,-0.131087,0.224896,0.055183,0.20204,0.058324,0.000772,0.002288
0,-0.13841,-0.176395,-0.19525,-0.026276,-0.171204,-0.045355,0.002416,0.002539
0,-0.081015,0.03634,0.049142,0.239255,0.001479,0.257574,0.001414,0.000634
0,-0.217601,0.075284,-0.16216,0.039351,-0.187562,0.009475,0.00182,0.001314
0,-0.112295,-0.070531,0.130735,-0.153134,0.112323,-0.188559,0.00196,0.001231
0,-0.282419,0.013107,-0.179037,0.083274,-0.13773,0.131368,0.000688,0.000229
0,-0.186799,-0.174025,0.115226,-0.206445,0.083112,-0.252836,0.002357,0.00258
0,-0.130228,-0.100674,0.08562,0.067644,0.088379,0.062236,0.002273,0.001757
0,-0.132289,-0.164102,-0.00032,-0.075017,-0.033615,-0.122,0.002309,0.002753
0,-0.104503,-0.038735,0.000574,0.108795,0.012674,0.094371,0.001824,0.000676
0,-0.327014,-0.079096,-0.204151,-0.0384,-0.169086,-0.067998,9e-05,0.00138
0,-0.129287,0.063232,0.21461,0.138657,0.258346,0.147495,0.002256,0.001104
0,-0.420311,-0.156309,-0.293508,-0.196121,-0.30082,-0.187605,0.001718,0.002728
0,-0.387151,-0.048692,0.030725,0.095316,0.022259,0.085497,0.00114,0.00085
0,-0.20143,-0.04324,0.180624,-0.0069,0.190527,0.02665,0.002102,0.000755
0,-0.114534,-0.062468,0.109466,-0.025651,0.137723,-0.014086,0.001999,0.00109
0,-0.368912,0.05426,-0.265307,0.123878,-0.311719,0.147323,0.000821,0.000947
0,-0.263871,-0.133126,0.126849,-0.184577,0.089795,-0.223773,0.001012,0.002323
0,-0.208156,0.026734,0.049791,0.172351,0.012104,0.19552,0.001985,0.000467
0,-0.283618,-0.065627,-0.055706,-0.111928,-0.083214,-0.063736,0.000667,0.001145
0,-0.201219,-0.150568,0.102412,-0.107214,0.134929,-0.118928,0.002106,0.002628
0,-0.120247,-0.062485,0.055545,0.09534,0.042369,0.121582,0.002099,0.001091
0,-0.199051,-0.169488,-0.086286,-0.099594,-0.058569,-0.100811,0.002143,0.002659
0,-0.096268,0.026046,0.10839,0.183385,0.149615,0.145722,0.00168,0.000455
0,-0.060319,-0.10351,0.028671,-0.155866,0.063805,-0.125408,0.001053,0.001807
0,-0.136617,-0.098047,-0.0862,-0.022555,-0.070077,0.013327,0.002384,0.001711
0,-0.034359,-0.172888,0.128885,-0.060335,0.148461,-0.104142,0.0006,0.0026
0,-0.103094,0.029604,-0.069085,0.216865,-0.090652,0.209595,0.001799,0.000517
0,-0.113425,0.003394,0.017691,-0.053913,-0.002839,-0.006771,0.00198,5.9e-05
0,-0.070781,-0.009742,0.036658,-0.016701,0.00182,0.021061,0.001235,0.00017
0,-0.209134,0.008062,-0.148328,0.018941,-0.159999,0.043519,0.001967,0.000141
0,-0.006202,0.103205,0.204604,0.065392,0.192771,0.039578,0.000108,0.001801
0,-0.169198,0.101442,-0.151575,0.001848,-0.166546,0.001221,0.002664,0.00177
0,-0.048347,0.155453,0.136716,0.036384,0.180065,0.029641,0.000844,0.002713
0,-0.171818,0.094261,-0.096235,-0.062076,-0.06211,-0.092397,0.002619,0.001645
0,-0.168011,0.10604,0.026496,0.018097,0.073788,-0.029817,0.002685,0.001851
0,0.120961,0.000947,0.31304,-0.100791,0.298742,-0.129288,0.002111,1.7e-05
0,-0.05327,0.143966,-0.177986,0.129297,-0.165976,0.082812,0.00093,0.002513
0,0.029617,0.056565,0.065615,-0.106737,0.0368,-0.097085,0.000517,0.000987
0,0.045682,-0.089517,0.007309,-0.127109,-0.023493,-0.150044,0.000797,0.001562
0,0.158757,-0.0008,0.137312,0.114927,0.168516,0.082425,0.002771,1.4e-05
0,0.13014,0.187166,-0.030906,0.208636,-0.021556,0.253051,0.002271,0.002351
0,0.051477,0.135671,-0.064906,-0.080437,-0.015903,-0.063165,0.000898,0.002368
0,0.112306,-0.025109,0.070232,-0.136301,0.068104,-0.12267,0.00196,0.000438
0,0.051993,0.032716,-0.059562,0.071496,-0.08664,0.03413,0.000907,0.000571
0,0.152259,0.156703,0.092201,0.138282,0.074914,0.107396,0.002657,0.002735
0,1.387425,0.887562,1.259347,0.703155,1.247453,0.75004,0.001745,0.001362
0,2.229513,1.738058,0.81292,0.866558,0.833704,0.908305,0.00041,0.002247
0,2.475506,1.644519,0.269523,-0.077307,0.261337,-0.104668,0.001734,0.000615
0,2.871422,1.603119,0.415003,-0.024708,0.413947,-0.019837,0.000442,0.000108
0,3.073384,1.476216,0.212423,-0.127151,0.260552,-0.113839,0.002534,0.002323
0,2.709034,1.553547,-0.347717,0.057276,-0.362938,0.095414,0.002341,0.000973
0,2.484386,1.328356,-0.222485,-0.255164,-0.193717,-0.212819,0.001579,0.000714
0,2.039917,0.966307,-0.474355,-0.375629,-0.450061,-0.362567,0.001898,1.3e-05
0,1.430868,0.599244,-0.598475,-0.352744,-0.551453,-0.359327,0.002503,0.000776
0,1.129839,0.546468,-0.298223,-0.053901,-0.315732,-0.036751,0.002751,0.001697
0,0.790994,0.421424,-0.310767,-0.147178,-0.357916,-0.126045,0.00257,0.001738
0,0.584508,0.126789,-0.180518,-0.296164,-0.229744,-0.329231,0.001033,0.002213
0,0.334182,0.254462,-0.253435,0.104935,-0.207205,0.079134,0.000215,0.001176
0,0.020661,0.112446,-0.320119,-0.160496,-0.294429,-0.133763,0.000361,0.001963
0,-0.220982,-0.055912,-0.242296,-0.186468,-0.219789,-0.192539,0.001761,0.000976
0,-0.273041,-0.081398,-0.070411,-0.026617,-0.041719,-0.04933,0.000852,0.001421
0,-0.044255,-0.270853,0.248464,-0.171406,0.292662,-0.192855,0.000772,0.00089
0,-0.124375,-0.133102,-0.053694,0.144591,-0.084956,0.181735,0.002171,0.002323
0,0.006755,-0.02728,0.154986,0.081962,0.11892,0.051349,0.000118,0.000476
0,-0.084987,-0.115428,-0.119258,-0.083329,-0.138977,-0.040176,0.001483,0.002015
0,-0.165137,-0.076408,-0.089348,0.049926,-0.075062,0.006228,0.002735,0.001334
0,-0.025754,-0.215219,0.164895,-0.110784,0.205704,-0.084023,0.000449,0.001861
0,0.093244,-0.2097,0.105216,0.018758,0.062192,0.012359,0.001627,0.001958
0,-0.178426,0.089705,-0.262161,0.306899,-0.27496,0.349589,0.002503,0.001566
0,-0.130865,0.071549,0.049237,0.00858,0.082468,0.037794,0.002284,0.001249
0,0.071661,0.027013,0.207648,-0.053724,0.188253,-0.011771,0.001251,0.000471
0,0.152566,-0.033459,0.080065,-0.072978,0.030556,-0.024596,0.002663,0.000584
0,0.070254,-0.096004,-0.089603,-0.072769,-0.130161,-0.121907,0.001226,0.001676
0,0.0246,-0.086372,-0.053681,0.021963,-0.078833,0.010298,0.000429,0.001507
0,0.1153,0.043559,0.07112,0.127111,0.093435,0.092619,0.002012,0.00076
0,0.08705,0.232713,-0.055686,0.201822,-0.065308,0.171886,0.001519,0.001556
0,0.011173,0.09441,-0.045956,-0.130072,-0.044452,-0.175007,0.000195,0.001648
0,-0.011467,-0.056982,-0.030505,-0.174236,-0.079446,-0.208377,0.0002,0.000995
0,0.206787,-0.071059,0.226245,-0.005103,0.183028,0.01798,0.002008,0.00124
0,0.012873,-0.096255,-0.215642,0.001438,-0.180852,0.039257,0.000225,0.00168
0,0.209578,0.147313,0.174824,0.256365,0.151874,0.231385,0.00196,0.002571
0,0.118472,-0.127649,-0.107977,-0.267754,-0.12247,-0.267141,0.002068,0.002228
0,0.127154,-0.050029,-0.014801,0.098513,-0.048148,0.107876,0.002219,0.000873
0,0.023982,0.124643,-0.100025,0.198514,-0.143153,0.170671,0.000419,0.002175
0,0.045265,0.077043,0.016716,-0.021051,0.033886,-0.027662,0.00079,0.001345
0,-0.131657,0.0853,-0.173492,-0.009796,-0.219337,0.016765,0.002298,0.001489
0,0.002972,-0.077838,0.130384,-0.180636,0.084301,-0.220408,5.2e-05,0.001359
0,0.050374,-0.084295,0.037448,-0.024015,0.086086,0.015814,0.000879,0.001471
0,-0.088186,0.172871,-0.158456,0.244899,-0.148885,0.195015,0.001539,0.0026
0,-0.028758,0.122933,0.078504,-0.031882,0.124885,-0.016497,0.000502,0.002146
0,-0.015011,0.199279,0.029308,0.071228,-0.014074,0.10253,0.000262,0.002139
0,0.083249,0.16805,0.10396,-0.005616,0.056282,-0.027202,0.001453,0.002684
0,-0.128109,-0.081442,-0.224821,-0.242764,-0.214014,-0.268933,0.002236,0.001421
0,0.01205,0.176999,0.121771,0.259114,0.142918,0.289556,0.00021,0.002528
0,0.052038,0.081217,0.042915,-0.066276,0.089509,-0.085812,0.000908,0.001418
0,-0.02911,0.036585,-0.110731,-0.074484,-0.072093,-0.101715,0.000508,0.000639
0,0.601311,0.225055,0.633553,0.161154,0.592592,0.168946,0.00074,0.00169
0,0.865903,0.342989,0.289563,0.091317,0.249211,0.054071,0.00174,0.000369
0,1.834065,0.500569,0.979482,0.185476,0.958107,0.158711,0.001695,0.002498
0,2.399222,0.512166,0.594475,-0.001643,0.605877,-0.021213,0.002552,0.002296
0,2.44629,0.480905,0.044776,-0.011368,0.070827,0.022999,0.002244,0.002776
0,2.181297,0.677967,-0.261641,0.207156,-0.274516,0.193942,0.001252,0.000598
0,1.592606,0.427129,-0.584919,-0.262922,-0.559107,-0.307487,0.000291,0.001837
0,1.311503,0.289613,-0.264493,-0.137446,-0.301399,-0.122472,0.00042,0.000563
0,1.02667,0.345389,-0.307103,0.037715,-0.300376,0.067239,0.001066,0.000411
0,0.206809,-5.2e-05,-0.813892,-0.369158,-0.767863,-0.319693,0.002008,1e-06
0,0.110475,0.020079,-0.08083,0.04382,-0.090827,0.074549,0.001928,0.00035
0,0.172971,0.046274,0.0628,0.014473,0.063518,0.030025,0.002599,0.000808
0,0.148209,-0.020136,-0.046783,-0.078456,-0.022945,-0.037783,0.002587,0.000351
0,0.176548,0.159197,0.035315,0.157805,0.038662,0.18889,0.002536,0.002779
0,0.066296,-0.00071,-0.125975,-0.173106,-0.146646,-0.191919,0.001157,1.2e-05
0,-0.135703,-0.070638,-0.220451,-0.054833,-0.201607,-0.045464,0.002368,0.001233
0,-0.129306,0.08634,-0.021101,0.137079,-0.039296,0.089345,0.002257,0.001507
0,0.054583,-0.034402,0.158147,-0.093988,0.129941,-0.049007,0.000953,0.0006
0,0.071139,0.058666,0.018333,0.092546,-0.024475,0.134937,0.001242,0.001024
0,0.068964,-0.075774,0.011241,-0.15148,0.054113,-0.184124,0.001204,0.001323
0,0.014395,0.083959,-0.081811,0.17166,-0.107097,0.123364,0.000251,0.001465
0,0.059623,0.164571,0.05789,0.105435,0.017099,0.150574,0.001041,0.002745
0,-0.122455,0.12685,-0.171654,-0.050002,-0.181851,-0.084179,0.002137,0.002214
0,0.009629,0.169617,0.156103,0.022318,0.168771,-0.013133,0.000168,0.002657
0,0.132257,0.088993,0.11281,-0.065875,0.141838,-0.084915,0.002308,0.001553
0,-0.004518,0.0169,-0.135952,-0.093423,-0.101388,-0.101967,7.9e-05,0.000295
0,0.070037,0.113282,0.051258,0.122412,0.086985,0.131634,0.001222,0.001977
0,0.105532,-0.048023,0.036854,-0.190485,0.05488,-0.155939,0.001842,0.000838
0,-0.038207,-0.067386,-0.119119,-0.024628,-0.09272,-0.014675,0.000667,0.001176
0,-0.069059,-0.11957,-0.032339,-0.059984,-0.053651,-0.083798,0.001205,0.002087
0,0.111096,-0.126289,0.202821,0.004291,0.193325,0.021267,0.001939,0.002204
0,-0.109355,-0.117454,-0.231048,0.003435,-0.230426,0.00794,0.001909,0.00205
0,0.091918,-0.129155,0.17734,-0.007728,0.193739,-0.04197,0.001604,0.002254
0,-0.106984,-0.084403,-0.207339,0.027459,-0.203294,-0.018097,0.001867,0.001473
0,-0.162239,-0.098137,-0.052351,-0.003298,-0.079226,0.027862,0.002786,0.001713
0,-0.026946,-0.061693,0.111386,0.06478,0.091066,0.111116,0.00047,0.001077
0,-0.137028,-0.086172,-0.099402,-0.031207,-0.050586,-0.028272,0.002392,0.001504
0,-0.09557,0.058276,0.050001,0.152674,0.034084,0.195654,0.001668,0.001017
0,-0.057194,-0.16254,0.023075,-0.216377,0.023313,-0.234534,0.000998,0.002781
0,0.116223,0.00418,0.180768,0.140501,0.215891,0.185523,0.002028,7.3e-05
0,0.140535,-0.094993,0.05028,-0.124885,0.071382,-0.129622,0.002453,0.001658
0,-0.072922,-0.100851,-0.231454,-0.000939,-0.236944,0.037903,0.001273,0.00176
0,0.016257,-0.074239,0.064094,0.007684,0.090866,0.005022,0.000284,0.001296
0,-0.124003,-0.0182,-0.147234,0.048614,-0.135591,0.096717,0.002164,0.000318
0,-0.003131,0.13333,0.148886,0.125724,0.137732,0.1448,5.5e-05,0.002327
0,-0.049437,-0.160821,-0.066715,-0.301955,-0.051254,-0.308401,0.000863,0.002807
0,-0.206939,0.10611,-0.130279,0.254221,-0.153789,0.249119,0.002006,0.001852
0,-0.066227,0.098123,0.166853,-0.009333,0.170998,-0.023021,0.001156,0.001713
0,-0.083326,-0.047559,-0.042147,-0.172739,-0.046391,-0.172689,0.001454,0.00083
0,-0.094529,-0.123749,0.011519,-0.074429,-0.015725,-0.078036,0.00165,0.00216
0,-0.21413,0.034782,-0.090094,0.154438,-0.098065,0.13612,0.00188,0.000607
0,0.03286,-0.01419,0.263395,-0.065065,0.263594,-0.075755,0.000574,0.000248
0,0.026204,-0.069985,-0.021716,-0.030051,-0.018668,-2.9e-05,0.000457,0.001221
0,0.042581,-0.127946,0.003753,-0.045127,0.032643,-0.088845,0.000743,0.002233
0,-0.184648,-0.060356,-0.211359,0.059436,-0.205038,0.031546,0.002395,0.001053
0,-0.000657,0.153705,0.187957,0.232438,0.148908,0.217941,1.1e-05,0.002683
0,0.077675,0.074112,0.054953,-0.091229,0.01903,-0.081681,0.001356,0.001293
0,-0.124992,0.158646,-0.179662,0.078447,-0.217968,0.076815,0.002182,0.002769
0,-0.109929,0.024981,-0.011685,-0.106803,-0.015657,-0.130346,0.001919,0.000436
0,-0.085952,0.009685,-0.005704,-0.03718,0.037229,-0.052936,0.0015,0.000169
0,-0.064283,-0.077049,0.029348,-0.106694,0.049091,-0.150708,0.001122,0.001345
0,-0.114435,0.118939,-0.049471,0.223028,-0.080352,0.246628,0.001997,0.002076
0,-0.113492,-0.090969,0.003344,-0.188759,-0.031448,-0.23744,0.001981,0.001588
0,-0.062793,0.084043,0.038031,0.162507,0.047748,0.195835,0.001096,0.001467
0,0.021863,-0.051283,0.074969,-0.108848,0.050319,-0.140607,0.000382,0.000895
0,-0.076412,-0.029141,-0.109581,0.004716,-0.116528,-0.044712,0.001334,0.000509
0,0.086038,0.04089,0.14219,0.092385,0.1594,0.079923,0.001502,0.000714
0,-0.063395,-0.099179,-0.167537,-0.151601,-0.214365,-0.172464,0.001106,0.001731
0,0.016149,-0.044623,0.052207,0.066076,0.076704,0.081694,0.000282,0.000779
0,0.083111,-0.209388,0.084508,-0.194483,0.126683,-0.228169,0.001451,0.001963
0,0.030671,-0.211273,-0.025179,0.01609,0.006428,0.031098,0.000535,0.00193
0,0.081528,0.027851,0.031046,0.216244,0.051364,0.234754,0.001423,0.000486
0,-0.109584,-0.13976,-0.194235,-0.180538,-0.240095,-0.20761,0.001913,0.002439
0,0.010039,-0.11386,0.115242,0.043613,0.148486,0.055107,0.000175,0.001987
0,0.149424,-0.049224,0.135728,0.074,0.175223,0.110474,0.002608,0.000859
0,-0.087835,0.006341,-0.224416,0.079958,-0.246357,0.056212,0.001533,0.000111
0,0.05475,-0.174908,0.136593,-0.181226,0.16022,-0.230128,0.000956,0.002565
0,0.059659,0.002177,0.008866,0.187487,0.053155,0.165424,0.001041,3.8e-05
0,-0.149384,-0.112704,-0.236434,-0.091507,-0.199723,-0.052278,0.002607,0.001967
0,-0.109868,0.050154,0.063482,0.143934,0.058437,0.11181,0.001918,0.000875
0,-0.03474,-0.164694,0.086173,-0.190472,0.096012,-0.238334,0.000606,0.002743
0,-0.138261,-0.052363,-0.12219,0.121332,-0.079873,0.145373,0.002413,0.000914
0,0.031213,0.022704,0.185262,0.07895,0.16654,0.038161,0.000545,0.000396
0,-0.22096,-0.145756,-0.274,-0.144835,-0.303806,-0.124064,0.001761,0.002544
0,-0.115065,0.044484,0.0952,0.215955,0.127623,0.179805,0.002008,0.000776
0,-0.14374,-0.05666,-0.002528,-0.122254,0.002218,-0.148181,0.002509,0.000989
0,0.022519,0.085982,0.141049,0.15057,0.112177,0.167714,0.000393,0.001501
0,0.06155,0.054747,0.022224,-0.02579,-0.012545,-0.009031,0.001074,0.000956
0,0.108951,-0.007062,0.065148,-0.09096,0.036056,-0.093541,0.001902,0.000123
0,-0.004481,-0.054652,-0.114467,-0.035402,-0.08497,-0.025899,7.8e-05,0.000954
0,0.115855,0.067818,0.124351,0.134279,0.102288,0.17352,0.002022,0.001184
0,-0.095913,0.056677,-0.18209,-0.031254,-0.219033,-0.077165,0.001674,0.000989
0,-0.010989,-0.145198,0.100737,-0.195012,0.134482,-0.171181,0.000192,0.002534
0,-0.010676,-0.056322,-0.028139,0.059963,-0.000598,0.039198,0.000186,0.000983
0,-0.060587,-0.106654,-0.032339,-0.031809,-0.050667,-0.010304,0.001057,0.001861
0,-0.050359,-0.118949,0.020454,-0.026983,0.019567,0.000612,0.000879,0.002076
0,0.046113,-0.056937,0.113756,0.05221,0.15344,0.012771,0.000805,0.000994
0,0.199905,0.102709,0.138487,0.16139,0.172088,0.136965,0.002129,0.001793
0,-0.014312,-0.043662,-0.18536,-0.173724,-0.173584,-0.183871,0.00025,0.000762
0,0.212931,-0.075979,0.217983,-0.014322,0.182692,-0.02964,0.001901,0.001326
0,0.158191,0.10421,-0.041478,0.191263,-0.040383,0.238424,0.002761,0.001819
0,0.088375,-0.141285,-0.092826,-0.267132,-0.137523,-0.300892,0.001542,0.002466
0,0.217881,-0.058969,0.149679,0.069709,0.152911,0.047125,0.001815,0.001029
0,0.173563,0.085361,-0.072159,0.154612,-0.047921,0.10965,0.002588,0.00149
0,-0.138057,-0.013309,-0.317385,-0.077146,-0.270763,-0.067119,0.00241,0.000232
0,-0.164892,-0.089113,-0.00204,-0.081989,-0.048859,-0.046278,0.00274,0.001555
0,-0.204764,0.044035,-0.065102,0.123515,-0.061508,0.102904,0.002044,0.000769
0,-0.051535,-0.03337,0.148985,-0.04778,0.19009,-0.09315,0.000899,0.000582
0,-0.191799,0.055626,-0.143017,0.074078,-0.17226,0.033931,0.00227,0.000971
0,-0.086893,-0.018711,0.125551,-0.056062,0.1598,-0.082167,0.001517,0.000327
0,-0.02771,-0.111733,0.069034,-0.112365,0.102667,-0.105662,0.000484,0.00195
0,-0.129681,-0.127146,-0.07704,-0.016541,-0.10508,0.027373,0.002263,0.002219
0,-0.096616,0.060686,0.060148,0.200584,0.052834,0.206667,0.001686,0.001059
0,-0.053127,-0.008226,0.018056,-0.045236,0.034796,-0.019292,0.000927,0.000144
0,0.028936,-0.150734,0.057212,-0.142188,0.063281,-0.166717,0.000505,0.002631
0,0.040672,-0.038114,0.030215,0.090534,-0.013575,0.098793,0.00071,0.000665
0,-0.07686,0.038101,-0.115321,0.054901,-0.128148,0.043373,0.001341,0.000665
0,-0.014161,0.034005,0.074647,-0.026338,0.035552,-0.027624,0.000247,0.000594
0,0.115428,-0.105341,0.109562,-0.144551,0.151662,-0.180093,0.002015,0.001839
0,0.088412,-0.001393,-0.037412,0.083522,0.001058,0.049424,0.001543,2.4e-05
0,-0.007164,-0.042316,-0.110801,-0.015284,-0.160239,-0.040334,0.000125,0.000739
0,0.043419,-0.166309,0.050212,-0.134681,0.051737,-0.119672,0.000758,0.002715
0,-0.078041,-0.119529,-0.111284,0.016886,-0.110796,0.026156,0.001362,0.002086
0,0.059843,-0.050494,0.164299,0.055841,0.186596,0.021859,0.001044,0.000881
0,-0.171895,-0.175549,-0.233892,-0.140977,-0.243549,-0.184392,0.002617,0.002554
0,-0.026258,-0.092026,0.162237,0.102397,0.16862,0.120377,0.000458,0.001606
0,-0.068642,0.026867,-0.065429,0.138252,-0.021813,0.181309,0.001198,0.000469
0,0.079872,-0.130533,0.123663,-0.175756,0.166384,-0.18428,0.001394,0.002278
0,-0.202551,-0.121481,-0.281834,-0.002874,-0.287324,-0.034064,0.002082,0.00212
0,0.000792,0.115914,0.177775,0.229562,0.138681,0.268451,1.4e-05,0.002023
0,-0.161627,0.094408,-0.139449,-0.022987,-0.137012,0.012985,0.002797,0.001648
0,0.041645,0.078108,0.22474,-0.038974,0.270306,-0.087448,0.000727,0.001363
0,-0.001829,-0.00619,-0.05512,-0.098529,-0.020875,-0.071723,3.2e-05,0.000108
0,-0.02385,-0.080385,7.6e-05,-0.046961,0.036574,-0.067385,0.000416,0.001403
0,-0.004594,0.12717,0.024975,0.237433,0.008014,0.204058,8e-05,0.00222
0,-0.003535,-0.007568,-0.022158,-0.124727,0.004298,-0.122009,6.2e-05,0.000132
0,0.00627,0.113085,0.037335,0.125923,0.061355,0.129329,0.000109,0.001974
0,0.084833,0.059893,0.081175,-0.043433,0.071721,-0.056419,0.001481,0.001045
0,0.218888,-0.076752,0.121453,-0.16497,0.088853,-0.136155,0.001797,0.00134
0,0.030171,-0.026563,-0.164444,0.048933,-0.122428,0.095235,0.000527,0.000464
0,0.155897,0.061476,0.109722,0.082188,0.065781,0.12907,0.002721,0.001073
0,0.112998,0.076081,-0.028346,0.020003,-0.011539,-0.004782,0.001972,0.001328
0,-0.12559,0.118991,-0.244446,0.035427,-0.204785,0.085,0.002192,0.002077
0,0.199856,0.09687,0.351086,-0.000511,0.373898,-0.022601,0.002129,0.001691
0,0.17519,0.089652,-0.013603,0.008242,-0.039259,-0.023614,0.00256,0.001565
0,0.138213,-0.057213,-0.02155,-0.146887,-0.00742,-0.121468,0.002412,0.000999
0,-0.03886,-0.044879,-0.179994,-0.016789,-0.135199,-0.041341,0.000678,0.000783
0,0.04944,0.199605,0.104489,0.271986,0.06821,0.231773,0.000863,0.002134
0,0.00858,0.14329,-0.052082,-0.042357,-0.065017,-0.042822,0.00015,0.002501
0,-0.001823,0.112549,-0.027878,-0.026146,-0.014402,-0.004941,3.2e-05,0.001964
0,0.104573,0.009573,0.134429,-0.104849,0.122748,-0.07481,0.001825,0.000167
0,0.102919,0.111421,0.007415,0.086167,-0.002864,0.044956,0.001796,0.001945
0,0.092097,-0.123722,0.004363,-0.237619,-0.004,-0.195506,0.001607,0.002159
0,-0.007666,0.055707,-0.119375,0.190154,-0.152592,0.153377,0.000134,0.000972
0,0.049493,0.024298,0.064669,-0.033058,0.113681,-0.070228,0.000864,0.000424
0,0.00844,-0.149062,-0.015514,-0.178987,-0.034997,-0.208021,0.000147,0.002602
0,-0.002025,-0.052199,-0.037296,0.102484,-0.041922,0.067799,3.5e-05,0.000911
0,0.078343,-0.035047,0.093626,0.020881,0.046298,-0.022458,0.001367,0.000612
0,0.081405,-0.046011,0.022461,-0.009789,0.028747,0.008858,0.001421,0.000803
0,-0.048858,0.0121,-0.119812,0.046215,-0.15874,0.051498,0.000853,0.000211
0,-0.106545,0.177148,-0.072194,0.138543,-0.121106,0.135774,0.00186,0.002526
0,-0.000995,-0.0221,0.119511,-0.173653,0.098085,-0.169208,1.7e-05,0.000386
0,-0.115547,-0.04579,-0.126647,-0.043495,-0.172065,-0.026647,0.002017,0.000799
0,0.030341,0.070755,0.116699,0.106133,0.11039,0.131071,0.00053,0.001235
0,-0.006032,0.050661,-0.025464,0.003828,-0.053513,0.017701,0.000105,0.000884
0,0.010871,-0.075998,0.04515,-0.14072,0.090638,-0.102521,0.00019,0.001326
0,-0.006387,0.05551,0.007458,0.13505,-0.032303,0.107685,0.000111,0.000969
0,-0.025516,-0.078316,-0.045604,-0.149396,0.000297,-0.172856,0.000445,0.001367
0,0.047315,-0.091267,0.091506,-0.020396,0.135431,0.003711,0.000826,0.001593
0,-0.026262,0.020499,-0.05783,0.109064,-0.100815,0.101107,0.000458,0.000358
0,-0.017715,-0.068407,0.037602,-0.085889,-0.005586,-0.0436,0.000309,0.001194
0,0.095067,-0.107574,0.130175,-0.013977,0.095325,-0.054279,0.001659,0.001878
0,-0.07611,0.088605,-0.159824,0.171898,-0.202301,0.195206,0.001328,0.001546
0,-0.040805,0.01791,0.022515,-0.06809,0.057316,-0.11298,0.000712,0.000313
0,0.064445,-0.098898,0.131649,-0.098676,0.180074,-0.114642,0.001125,0.001726
0,0.145613,-0.049079,0.077122,0.066168,0.027977,0.024901,0.002541,0.000857
0,0.129668,0.110882,-0.017526,0.184629,-0.059025,0.151609,0.002263,0.001935
0,0.009393,0.049829,-0.12287,-0.084898,-0.114745,-0.075935,0.000164,0.00087
0,0.093955,-0.132872,0.096004,-0.183456,0.097491,-0.199115,0.00164,0.002319
0,-0.188078,-0.071436,-0.290553,0.058549,-0.24239,0.069363,0.002335,0.001247
0,0.043172,0.053804,0.221357,0.108949,0.224627,0.072873,0.000753,0.000939
0,0.071088,0.042182,0.016935,0.004295,0.002149,-0.018285,0.001241,0.000736
0,-0.121103,-0.119317,-0.221254,-0.173232,-0.221643,-0.162947,0.002114,0.002082
0,-0.027801,0.039189,0.078035,0.185455,0.096499,0.221806,0.000485,0.000684
0,0.020019,-0.142766,0.038166,-0.205894,0.046056,-0.206873,0.000349,0.002492
0,-0.123597,0.052604,-0.118897,0.167621,-0.105113,0.158289,0.002157,0.000918
0,-0.054176,0.03194,0.060198,-0.029894,0.086178,-0.063021,0.000946,0.000557
0,0.03978,-0.131262,0.081101,-0.149853,0.036799,-0.17784,0.000694,0.002291
0,-0.061669,-0.173089,-0.127169,-0.048349,-0.104642,-0.055096,0.001076,0.002597
0,0.019774,0.055677,0.106525,0.250556,0.153332,0.261545,0.000345,0.000972
0,-0.037828,0.057495,-0.043207,-0.022982,-0.080872,0.015808,0.00066,0.001003
0,0.211134,0.074086,0.242264,0.045517,0.216932,0.042866,0.001933,0.001293
0,-0.096925,0.092052,-0.284913,0.004548,-0.284218,0.026361,0.001692,0.001607
0,0.071894,-0.184452,0.146348,-0.264041,0.122383,-0.28214,0.001255,0.002398
0,0.155689,0.000505,0.111346,0.1805,0.129039,0.19373,0.002717,9e-06
0,0.075305,0.028494,-0.08226,0.029465,-0.054361,-0.007305,0.001314,0.000497
0,-0.027098,0.112802,-0.090317,0.094133,-0.06848,0.086719,0.000473,0.001969
0,-0.149188,-0.142214,-0.122333,-0.232572,-0.128294,-0.220174,0.002604,0.002482
0,-0.092433,-0.024438,0.071247,0.138923,0.048761,0.107997,0.001613,0.000427
0,0.005773,0.020308,0.096259,0.054914,0.09751,0.075862,0.000101,0.000354
0,0.028812,0.059209,-0.00646,0.056607,-0.040802,0.043827,0.000503,0.001033
0,0.065613,0.068972,0.051656,-0.010049,0.007587,-0.042713,0.001145,0.001204
0,-0.049271,0.040338,-0.088124,-0.02814,-0.053051,0.001994,0.00086,0.000704
0,-0.150246,-0.168547,-0.115612,-0.183212,-0.074033,-0.213783,0.002622,0.002676
0,0.09586,-0.05299,0.232734,0.103651,0.19941,0.126354,0.001673,0.000925
0,0.085484,0.030342,0.000184,0.098476,-0.024874,0.103451,0.001492,0.00053
0,0.142173,-0.08289,0.050985,-0.096398,0.00853,-0.067885,0.002481,0.001447
0,0.123686,0.000667,-0.020598,0.066532,-0.058999,0.088575,0.002159,1.2e-05
0,0.081599,0.071894,-0.025272,0.066864,-0.036871,0.105979,0.001424,0.001255
0,0.030405,-0.086588,-0.05223,-0.143611,-0.012043,-0.132873,0.000531,0.001511
0,-0.004727,-0.002567,-0.037725,0.066867,-0.036162,0.062729,8.3e-05,4.5e-05
0,0.065072,-0.125107,0.079273,-0.113959,0.055918,-0.162165,0.001136,0.002184
0,-0.088062,0.091593,-0.173583,0.231794,-0.135149,0.262112,0.001537,0.001599
0,-0.097816,-0.071727,-0.010957,-0.180312,-0.032601,-0.137854,0.001707,0.001252
0,-0.067948,-0.082421,0.048459,-0.017758,0.023563,0.001514,0.001186,0.001439
0,-0.003835,0.058804,0.041589,0.113824,0.015448,0.089603,6.7e-05,0.001026
0,0.031048,-0.147948,0.012599,-0.203546,0.012797,-0.173747,0.000542,0.002582
0,0.011308,-0.101986,-0.042676,0.074779,-0.02574,0.077426,0.000197,0.00178
0,0.186271,0.008763,0.196334,0.096519,0.235016,0.127885,0.002366,0.000153
0,-0.012909,-0.006456,-0.172017,-0.031515,-0.14213,-0.019968,0.000225,0.000113
0,1.834601,0.25614,1.858362,0.249035,1.87333,0.211935,0.001685,0.001147
0,4.330054,0.384293,2.519747,0.129898,2.471395,0.160072,0.002546,0.00109
0,3.505408,0.451976,-0.85109,0.049099,-0.881443,0.049249,0.000612,0.002271
0,3.869605,0.327003,0.390556,-0.15246,0.348254,-0.188599,0.000127,9e-05
0,3.15753,0.311194,-0.717236,-0.019106,-0.721652,-0.008453,0.001066,0.000186
0,2.586832,0.452072,-0.550094,0.137586,-0.556857,0.140101,0.000209,0.002273
0,1.741931,0.257742,-0.844273,-0.221553,-0.876375,-0.207257,0.002315,0.001119
0,1.145592,0.181213,-0.590754,-0.050553,-0.57516,-0.052729,0.002476,0.002455
0,0.952585,0.230287,-0.183042,0.032223,-0.207381,0.005715,0.000227,0.001598
0,0.340528,0.163274,-0.586519,-0.039076,-0.56137,-0.024229,0.000326,0.002768
0,0.291698,-0.092979,-0.058718,-0.255317,-0.073672,-0.278104,0.000526,0.001623
0,-0.111392,-0.178812,-0.410148,-0.064712,-0.421617,-0.043097,0.001944,0.002497
0,-0.045434,-0.224841,0.078166,-0.030196,0.071374,-0.026114,0.000793,0.001693
0,-0.3409,-0.000984,-0.299705,0.210788,-0.252858,0.241037,0.000332,1.7e-05
0,-0.183072,-0.185611,0.148978,-0.195867,0.111232,-0.168757,0.002422,0.002378
0,-0.370684,-0.07613,-0.203094,0.102297,-0.181328,0.09832,0.000852,0.001329
0,-0.152408,0.177604,0.217437,0.270545,0.239938,0.286749,0.00266,0.002518
0,-0.381205,-0.102105,-0.241217,-0.255724,-0.22023,-0.282432,0.001036,0.001782
0,-0.107899,-0.122724,0.284756,-0.038321,0.273318,0.000579,0.001883,0.002142
0,-0.233542,0.155257,-0.11982,0.303696,-0.112776,0.321698,0.001541,0.00271
0,-0.313916,0.013331,-0.09823,-0.112411,-0.102429,-0.150398,0.000139,0.000233
0,-0.050686,0.090213,0.284006,0.077478,0.282304,0.029529,0.000885,0.001575
0,-0.207436,-0.142207,-0.137972,-0.22203,-0.174241,-0.212478,0.001997,0.002482
0,0.012718,-0.053853,0.20489,0.077626,0.212031,0.043463,0.000222,0.00094
0,-0.086623,-0.039387,-0.110797,-0.004659,-0.160536,-0.05197,0.001512,0.000687
0,-0.238332,0.091479,-0.160997,0.127997,-0.144224,0.161441,0.001458,0.001597
0,-0.094047,-0.028734,0.147304,-0.145417,0.138965,-0.108031,0.001641,0.000501
0,-0.000357,-0.012277,0.117789,0.040605,0.167745,0.027434,6e-06,0.000214
0,-0.025118,-0.032569,-0.047362,-0.037175,-0.020199,0.008433,0.000438,0.000568
0,-0.135214,0.076714,-0.084036,0.094649,-0.106655,0.088287,0.00236,0.001339
0,-0.163254,-0.021811,-0.040334,-0.112687,0.0003,-0.129389,0.002768,0.000381
0,0.108938,-0.072395,0.271513,-0.056255,0.272296,-0.08134,0.001901,0.001264
0,-0.204341,0.105994,-0.323651,0.155153,-0.362037,0.133235,0.002051,0.00185
0,-0.133066,-0.076547,0.045423,-0.175129,0.089748,-0.189039,0.002322,0.001336
0,-0.114328,-0.111075,0.001019,-0.057036,-0.027212,-0.081538,0.001995,0.001939
0,0.032932,0.063351,0.16235,0.173452,0.160033,0.194282,0.000575,0.001106
0,-0.057032,0.104196,-0.115702,0.051845,-0.120753,0.054743,0.000995,0.001819
0,-0.098487,-0.026734,-0.03389,-0.126821,0.00353,-0.161187,0.001719,0.000467
0,-0.20078,-0.01032,-0.075658,0.026148,-0.123721,-0.019464,0.002113,0.00018
0,0.027325,0.089232,0.217497,0.102025,0.210809,0.06782,0.000477,0.001557
0,-0.001119,0.093138,-0.042592,0.023687,-0.087985,0.068846,2e-05,0.001626
0,0.155785,0.074144,0.163393,0.006215,0.147208,0.019067,0.002719,0.001294
0,-0.084101,0.059703,-0.230617,-0.014914,-0.203734,0.000507,0.001468,0.001042
0,0.094393,-0.083636,0.20788,-0.123095,0.25464,-0.148626,0.001647,0.00146
0,0.058616,-0.108779,-0.043674,-0.030249,-0.06966,-0.040241,0.001023,0.001899
0,0.043449,-0.00957,-0.033439,0.07682,-0.060965,0.081388,0.000758,0.000167
0,0.014732,-0.111606,-0.048156,-0.099474,-0.057728,-0.066048,0.000257,0.001948
0,-0.106888,-0.093004,-0.121681,0.001019,-0.148485,-0.047863,0.001866,0.001623
0,0.081011,0.079864,0.167553,0.167886,0.158716,0.126405,0.001414,0.001394
0,0.085119,0.040906,0.030241,-0.058668,0.039507,-0.059776,0.001486,0.000714
0,1.908124,0.103127,1.822581,0.054216,1.774646,0.066736,0.000402,0.0018
0,1.95507,0.400779,0.04361,0.269264,-0.004382,0.292198,0.000417,0.001377
0,2.086146,0.561583,0.154932,0.182713,0.11139,0.147377,0.002705,0.001434
0,1.675499,1.065323,-0.429864,0.503239,-0.469647,0.46137,0.001155,0.001741
0,1.474371,0.967024,-0.178837,-0.120284,-0.151845,-0.090491,0.002355,2.5e-05
0,1.087808,0.936006,-0.410779,-0.04155,-0.384059,-0.023138,0.002133,0.000516
0,0.865135,0.614998,-0.236123,-0.319979,-0.213093,-0.315559,0.001753,0.000501
0,0.814191,0.32061,-0.0559,-0.284259,-0.024501,-0.329814,0.002642,2.2e-05
0,0.51918,0.350484,-0.300506,0.044012,-0.252002,0.019697,0.002174,0.0005
0,0.259726,0.137525,-0.256743,-0.211777,-0.218341,-0.194482,0.001084,0.0024
0,-0.075307,0.03877,-0.364573,-0.0827,-0.341319,-0.062725,0.001314,0.000677
0,-0.257076,0.058574,-0.202022,0.030156,-0.19293,-0.004271,0.001131,0.001022
0,-0.11391,-0.06928,0.144542,-0.134925,0.189591,-0.13289,0.001988,0.001209
0,-0.230391,-0.02283,-0.104411,0.023111,-0.152833,0.06526,0.001596,0.000398
0,-0.175521,-0.00709,0.06087,-0.01327,0.04783,-0.058414,0.002554,0.000124
0,-0.146365,-0.266734,0.028484,-0.288408,0.010765,-0.271611,0.002555,0.000962
0,-0.349348,0.012209,-0.17619,0.298431,-0.145233,0.321803,0.00048,0.000213
0,-0.373773,0.042392,-0.045859,0.005668,-0.049624,0.046298,0.000906,0.00074
0,-0.319023,-0.223704,0.069288,-0.242699,0.077948,-0.217568,5e-05,0.001713
0,-0.284196,0.058541,0.022221,0.284886,0.039142,0.266701,0.000657,0.001022
0,-0.099907,0.051968,0.199308,-0.024415,0.167227,-0.035706,0.001744,0.000907
0,-0.232966,0.06285,-0.128938,-0.000436,-0.102601,-0.029975,0.001551,0.001097
0,-0.068066,-0.221867,0.139039,-0.307904,0.115185,-0.302453,0.001188,0.001745
0,-0.239353,0.031309,-0.186073,0.242199,-0.144988,0.193254,0.00144,0.000546
0,-0.023771,-0.10644,0.214978,-0.116445,0.253013,-0.150333,0.000415,0.001858
0,-0.204625,-0.045356,-0.165188,0.047537,-0.140496,0.041515,0.002046,0.000792
0,-0.214565,-0.139693,-0.013048,-0.114814,0.009372,-0.106338,0.001873,0.002438
0,-0.008775,-0.158536,0.235487,-0.005811,0.268223,0.042092,0.000153,0.002767
0,-0.063499,-0.129254,-0.056142,0.038056,-0.013148,0.077239,0.001108,0.002256
0,-0.063452,-0.062293,0.007821,0.065216,-0.019855,0.095151,0.001107,0.001087
0,-0.08349,-0.128455,-0.009069,-0.060421,-0.003516,-0.023148,0.001457,0.002242
0,-0.259279,0.025635,-0.15224,0.178934,-0.198486,0.135511,0.001092,0.000447
0,0.052118,-0.145691,0.313756,-0.17507,0.302867,-0.125959,0.00091,0.002543
0,-0.246278,0.082385,-0.270252,0.216306,-0.299746,0.23364,0.001319,0.001438
0,-0.010517,-0.179416,0.236601,-0.272852,0.224207,-0.299196,0.000184,0.002486
0,0.015411,-0.065181,0.008159,0.101288,0.019733,0.125842,0.000269,0.001138
0,-0.021091,-0.106377,-0.044321,-0.01875,-0.004141,-0.024546,0.000368,0.001857
0,0.074944,0.072406,0.081045,0.184588,0.121496,0.228894,0.001308,0.001264
0,-0.013379,-0.112409,-0.092534,-0.175933,-0.046068,-0.208726,0.000234,0.001962
0,-0.005392,0.060921,-0.001319,0.161446,-0.034317,0.202186,9.4e-05,0.001063
0,0.110518,-0.102672,0.109405,-0.134781,0.140221,-0.122058,0.001929,0.001792
0,-0.011883,0.084351,-0.140864,0.216012,-0.150042,0.215258,0.000207,0.001472
0,0.030231,-0.17169,0.042166,-0.258126,0.030189,-0.290863,0.000528,0.002621
0,-0.098147,0.076503,-0.125612,0.250171,-0.137547,0.206885,0.001713,0.001335
0,-0.020786,-0.165973,0.094258,-0.246518,0.068072,-0.270833,0.000363,0.002721
0,0.139856,0.062401,0.168101,0.234407,0.215933,0.216034,0.002441,0.001089
0,-0.005156,0.063519,-0.116917,-0.018544,-0.10542,-0.0358,9e-05,0.001109
0,-0.104059,-0.19389,-0.121995,-0.230973,-0.134202,-0.199988,0.001816,0.002233
0,0.004819,-0.005984,0.103163,0.176556,0.12817,0.17191,8.4e-05,0.000104
0,0.089133,-0.19593,0.102476,-0.192957,0.066398,-0.241536,0.001556,0.002198
0,-0.09419,0.009187,-0.207457,0.175831,-0.184011,0.182689,0.001644,0.00016
0,-0.046331,-0.128582,0.060781,-0.149433,0.022585,-0.105435,0.000809,0.002244
0,-0.118508,-0.064272,-0.099409,0.057915,-0.08277,0.05067,0.002068,0.001122
0,-0.094522,-0.157961,0.010812,-0.093003,0.001531,-0.069919,0.00165,0.002757
0,0.082232,-0.091859,0.184871,0.083644,0.14743,0.039311,0.001435,0.001603
0,-0.047601,-0.166845,-0.132696,-0.096622,-0.125539,-0.057011,0.000831,0.002706
0,-0.134921,-0.140605,-0.086244,0.005884,-0.096716,-0.003037,0.002355,0.002454
0,-0.048358,-0.106725,0.086399,0.008233,0.074617,0.006212,0.000844,0.001863
0,0.070607,-0.097249,0.101477,-0.01539,0.092869,-0.037557,0.001232,0.001697
0,-0.080901,-0.145886,-0.132614,-0.046205,-0.107076,-0.019157,0.001412,0.002546
0,-0.064277,-0.133972,0.02631,0.040536,0.054317,0.085412,0.001122,0.002338
0,0.016219,-0.063233,0.071962,0.072983,0.117149,0.055096,0.000283,0.001104
0,-0.019898,0.069044,-0.049104,0.160437,-0.025079,0.182719,0.000347,0.001205
0,-0.065881,-0.018434,-0.073863,-0.068422,-0.097298,-0.052712,0.00115,0.000322
0,0.101249,0.028949,0.150211,0.027443,0.169982,-0.003688,0.001767,0.000505
0,0.135247,0.121194,0.025382,0.063277,-0.004609,0.110259,0.00236,0.002115
0,-0.053816,-0.109251,-0.175405,-0.228557,-0.139183,-0.226184,0.000939,0.001907
0,0.121417,-0.131638,0.158331,-0.016102,0.171148,-0.046393,0.002119,0.002298
0,0.109458,0.136872,0.005871,0.245474,0.028031,0.253379,0.00191,0.002389
0,-0.068296,-0.050282,-0.174822,-0.213606,-0.209802,-0.244228,0.001192,0.000878
0,0.086172,-0.104178,0.125212,-0.067269,0.16254,-0.089179,0.001504,0.001818
0,-0.038583,-0.007236,-0.120249,0.104392,-0.153525,0.143645,0.000673,0.000126
0,0.01952,-0.114553,0.058624,-0.096148,0.052685,-0.11997,0.000341,0.001999
0,-0.019559,-0.057194,-0.044193,0.036922,-0.04617,0.048089,0.000341,0.000998
0,0.082278,-0.083756,0.092305,-0.014696,0.063407,-0.029274,0.001436,0.001462
0,-0.02674,-0.130201,-0.112794,-0.072896,-0.105336,-0.099915,0.000467,0.002272
0,-0.140625,-0.049867,-0.117191,0.067158,-0.133557,0.094529,0.002454,0.00087
0,-0.09291,-0.087054,0.073989,-0.018838,0.102964,-0.065117,0.001622,0.001519
0,-0.078309,0.023448,-0.012358,0.100917,-0.042342,0.126323,0.001367,0.000409
0,-0.015698,0.025872,0.07852,-0.005689,0.078369,0.021882,0.000274,0.000452
0,1.778762,1.640636,1.771619,1.590286,1.732892,1.550902,0.00266,0.000547
0,3.566968,1.920162,1.810939,0.267503,1.848599,0.30186,0.000463,0.000192
0,4.246133,1.531934,0.663252,-0.380189,0.703354,-0.363332,0.001081,0.00135
0,4.475439,1.303177,0.250887,-0.206936,0.211556,-0.209521,0.000534,0.000275
0,3.586113,1.003671,-0.901114,-0.320651,-0.920739,-0.311207,0.000797,0.000665
0,2.736348,0.588055,-0.86825,-0.400941,-0.873585,-0.392799,0.002799,0.000972
0,1.760374,0.569187,-0.948649,-0.030809,-0.973337,-0.068522,0.002637,0.002106
0,1.240784,0.425998,-0.502537,-0.132056,-0.469833,-0.157687,0.000814,0.002106
0,0.453821,0.180493,-0.795226,-0.227018,-0.812999,-0.254888,0.002303,0.002106
0,0.265699,0.093856,-0.167702,-0.068525,-0.139149,-0.027807,0.00098,0.002106
0,0.064965,0.089649,-0.211833,-0.023256,-0.256562,-0.046287,0.001134,0.002106
0,-0.210742,0.031694,-0.298547,-0.085806,-0.250907,-0.053336,0.001939,0.002106
0,-0.155888,0.021183,0.064536,-0.028777,0.069544,0.006219,0.002721,0.002106
0,-0.539919,0.063349,-0.38963,0.052876,-0.437771,0.088149,0.001812,0.002106
0,-0.235674,0.054803,0.334085,-0.01862,0.286319,0.012408,0.001504,0.002106
0,-0.454735,-0.059733,-0.212684,-0.090551,-0.204288,-0.102668,0.002319,0.002106
0,-0.500785,0.057273,-0.057445,0.103531,-0.065475,0.114714,0.002495,0.002106
0,-0.44514,-0.102408,0.073378,-0.1401,0.038813,-0.126163,0.002152,0.002106
0,-0.447324,0.076491,0.008028,0.202742,0.034628,0.202203,0.00219,0.002106
0,-0.571446,-0.028502,-0.114544,-0.10152,-0.066109,-0.097927,0.001261,0.002106
0,-0.32724,-0.170231,0.265019,-0.166405,0.301188,-0.117756,9.4e-05,0.002646
0,-0.385973,0.0772,-0.03159,0.225523,0.009396,0.273375,0.001119,0.001347
0,-0.314369,0.098034,0.057668,0.016243,0.052104,-0.023264,0.000131,0.001711
0,-0.155731,0.024615,0.186907,-0.08626,0.183881,-0.091402,0.002718,0.00043
0,-0.336297,0.077204,-0.16872,0.06352,-0.168378,0.037825,0.000252,0.001347
0,-0.46974,-0.178077,-0.108139,-0.264665,-0.102952,-0.277534,0.002581,0.002509
0,-0.377449,-0.081028,0.067861,0.071076,0.072776,0.100198,0.00097,0.001414
0,-0.265896,0.083276,0.132075,0.169996,0.135795,0.124119,0.000977,0.001453
0,-0.404467,-0.042846,-0.135303,-0.132972,-0.161246,-0.180345,0.001442,0.000748
0,-0.411142,-0.13355,-0.017119,-0.107361,0.020126,-0.059835,0.001558,0.002331
0,-0.234005,0.087524,0.20552,0.229356,0.237406,0.256644,0.001533,0.001528
0,-0.389599,-0.12059,-0.132096,-0.199911,-0.128248,-0.20241,0.001182,0.002105
0,-0.363057,-0.068327,0.045852,0.023563,0.017835,-0.013268,0.000719,0.001193
0,-0.352259,-0.132468,0.02292,-0.070826,0.029287,-0.02293,0.000531,0.002312
0,-0.165406,0.000173,0.18271,0.121501,0.15572,0.121894,0.002731,3e-06
0,-0.351303,-0.113807,-0.173757,-0.126169,-0.220591,-0.142465,0.000514,0.001986
0,-0.164517,0.020444,0.19577,0.162496,0.192595,0.202692,0.002746,0.000357
0,-0.092656,-0.207585,0.04626,-0.229733,0.025282,-0.241482,0.001617,0.001994
0,-0.033596,-0.165467,0.069929,0.068882,0.028654,0.057161,0.000586,0.00273
0,-0.175376,0.027982,-0.130561,0.185026,-0.140144,0.136927,0.002557,0.000488
0,-0.239357,-0.023656,-0.057488,-0.069191,-0.040115,-0.068157,0.00144,0.000413
0,-0.114132,-0.089616,0.139772,-0.076638,0.133164,-0.051822,0.001992,0.001564
0,-0.336189,0.029707,-0.21623,0.10278,-0.224368,0.126159,0.00025,0.000518
0,-0.256357,-0.056584,0.072003,-0.059536,0.035044,-0.017497,0.001143,0.000988
0,-0.178473,-0.002685,0.099603,0.075217,0.084715,0.056045,0.002503,4.7e-05
0,-0.178463,0.040712,-0.014933,0.037703,0.022022,0.077747,0.002503,0.000711
0,0.059722,0.071983,0.240231,0.059564,0.252984,0.071433,0.001042,0.001256
0,0.065928,-0.096212,0.017758,-0.178573,0.056733,-0.228087,0.001151,0.001679
0,0.005396,-0.131334,-0.063,-0.038228,-0.10887,-0.009751,9.4e-05,0.002292
0,-0.083084,-0.053448,-0.115572,0.058111,-0.10106,0.066723,0.00145,0.000933
0,-0.132704,0.040114,-0.074065,0.082394,-0.08236,0.121553,0.002316,0.0007
0,-0.078946,0.069421,0.07352,0.029733,0.045224,-0.019417,0.001378,0.001212
0,-0.133989,-0.0539,-0.056078,-0.095385,-0.077568,-0.145028,0.002339,0.000941
0,-0.062549,-0.017538,0.078252,0.057778,0.081312,0.029316,0.001092,0.000306
0,-0.12861,0.127686,-0.08822,0.144503,-0.12702,0.095108,0.002245,0.002229
0,-0.123678,0.066283,0.000468,-0.040228,-0.005832,-0.059577,0.002159,0.001157
0,-0.150675,-0.105825,-0.014263,-0.165109,0.029317,-0.205486,0.00263,0.001847
0,-0.035159,-0.078971,0.085792,0.009985,0.125458,-0.029437,0.000614,0.001378
0,-0.150719,0.079852,-0.136139,0.134343,-0.142334,0.181157,0.002631,0.001394
0,-0.184003,-0.036878,-0.053808,-0.093133,-0.016781,-0.134741,0.002406,0.000644
0,0.035357,0.008492,0.237042,0.073707,0.253363,0.112572,0.000617,0.000148
0,-0.175665,0.160781,-0.221781,0.179948,-0.193417,0.221607,0.002552,0.002806
0,-0.025702,0.164128,0.152711,-0.013168,0.171456,0.002511,0.000449,0.002753
0,0.038289,-0.047426,0.042891,-0.192335,0.062886,-0.215893,0.000668,0.000828
0,0.056688,-0.090443,-0.003653,-0.021224,0.018225,-0.037231,0.000989,0.001579
0,0.023403,-0.025895,-0.05324,0.054464,-0.055605,0.05713,0.000408,0.000452
0,-0.012922,-0.072378,-0.037156,-0.017278,-0.065041,0.015745,0.000226,0.001263
0,-0.022415,-0.070936,-0.028675,-0.026579,-0.056147,-0.057511,0.000391,0.001238
0,-0.079873,-0.041449,-0.060541,0.017938,-0.108298,-0.027864,0.001394,0.000723
0,0.049944,-0.056743,0.155025,-0.043424,0.186043,-0.002711,0.000872,0.00099
0,-0.158051,-0.059162,-0.200921,0.023614,-0.196869,0.021099,0.002759,0.001033
0,-0.090825,0.083465,0.044415,0.157673,0.026468,0.180514,0.001585,0.001457
0,-0.144539,0.05523,-0.06995,-0.020593,-0.108533,-0.035151,0.002523,0.000964
0,-0.154849,0.026094,0.000374,-0.04243,-0.044153,-0.040746,0.002703,0.000455
0,-0.190231,-0.085352,-0.054445,-0.106311,-0.00549,-0.076446,0.002297,0.00149
0,-0.037865,0.098569,0.132657,0.166205,0.102942,0.143474,0.000661,0.00172
0,-0.090456,0.120664,-0.030212,0.018728,-0.013691,0.021677,0.001579,0.002106
0,-0.283632,0.11503,-0.219571,0.005001,-0.201461,0.012865,0.000667,0.002008
0,-0.260594,0.037501,0.020451,-0.106121,0.012477,-0.098622,0.001069,0.000655
0,-0.107865,0.13877,0.153332,0.12153,0.141846,0.083712,0.001883,0.002422
0,-0.277518,-0.099213,-0.140433,-0.256116,-0.094344,-0.292979,0.000774,0.001732
0,-0.039001,0.100949,0.217567,0.206361,0.182879,0.198177,0.000681,0.001762
0,-0.161415,0.027808,-0.138353,-0.102435,-0.11495,-0.143154,0.0028,0.000485
0,-0.190079,0.013552,-0.023244,-0.029316,0.005828,-0.045561,0.0023,0.000237
0,-0.124561,0.111119,0.071003,0.071787,0.096194,0.048015,0.002174,0.001939
0,-0.06621,0.120402,0.068943,0.021388,0.078893,0.014832,0.001156,0.002101
0,-0.075628,0.142941,0.009828,0.007633,0.023798,0.019594,0.00132,0.002495
0,-0.081106,-0.039975,-0.000485,-0.194246,-0.018448,-0.17738,0.001416,0.000698
0,-0.271329,0.192759,-0.196284,0.220835,-0.170119,0.208726,0.000882,0.002253
0,-0.04727,0.048174,0.24211,-0.123896,0.264926,-0.074931,0.000825,0.000841
0,-0.069541,0.142549,-0.046496,0.106986,-0.039028,0.076856,0.001214,0.002488
0,-0.016235,0.063241,0.02968,-0.085049,0.027435,-0.127402,0.000283,0.001104
0,-0.105704,0.08159,-0.090103,0.037435,-0.074439,0.033656,0.001845,0.001424
0,-0.1307,0.038731,-0.004525,-0.034567,-0.007001,-0.07468,0.002281,0.000676
0,0.034178,-0.002024,0.159993,-0.064705,0.117681,-0.077134,0.000597,3.5e-05
0,-0.108915,-0.02705,-0.123221,-0.033755,-0.091627,0.010745,0.001901,0.000472
0,-0.086761,0.188038,-0.002023,0.233783,-0.033221,0.222807,0.001514,0.002336
0,-0.111863,-0.065414,-0.020004,-0.233386,-0.050711,-0.183894,0.001952,0.001142
0,-0.089402,-0.081792,0.005538,0.01343,-0.007598,0.010084,0.00156,0.001428
0,0.039802,-0.019,0.121421,0.087724,0.169405,0.093222,0.000695,0.000332
0,-0.224721,0.205625,-0.291882,0.218114,-0.323286,0.176268,0.001695,0.002106
0,0.062176,0.069684,0.26176,-0.160553,0.267387,-0.139005,0.001085,0.002106
0,-0.213112,0.23085,-0.270555,0.153903,-0.260718,0.135341,0.001898,0.002106
0,0.031796,-0.050542,0.217348,-0.272682,0.183612,-0.2938,0.000555,0.002106
0,0.080171,-0.001133,0.046498,0.073519,0.013771,0.068669,0.001399,0.002106
0,0.048733,0.125994,-0.015915,0.127669,0.021122,0.123243,0.000851,0.002106
0,0.018986,-0.067714,-0.055039,-0.165738,-0.045619,-0.209695,0.000331,0.002106
0,-0.154605,0.128926,-0.171414,0.175326,-0.154168,0.18393,0.002698,0.002106
0,-0.155375,0.082535,-0.022102,-0.031482,-0.06693,-0.034225,0.002712,0.002106
0,0.006405,0.056806,0.181013,-0.014047,0.229744,-0.014057,0.000112,0.002106
0,0.101801,-0.041538,0.076329,-0.078423,0.094401,-0.070336,0.001777,0.002106
0,0.110892,0.103237,0.024989,0.132623,0.067517,0.167779,0.001935,0.002106
0,-0.123366,-0.097534,-0.244672,-0.172322,-0.268974,-0.150618,0.002153,0.002106
0,-0.027406,0.156003,0.066343,0.273994,0.077646,0.297978,0.000478,0.002106
0,3.398853,-0.118353,3.41703,-0.298862,3.457837,-0.249258,0.002471,0.002106
0,5.386746,-0.118753,1.970909,-0.025871,2.001906,-0.016053,0.001481,0.002106
0,6.65837,0.059779,1.264931,0.182654,1.304851,0.168839,0.001757,0.002106
0,5.678827,-0.160413,-0.98894,-0.206593,-0.947153,-0.163158,0.002001,0.0028
0,4.03984,0.070659,-1.630147,0.209777,-1.61771,0.192832,0.002519,0.002106
0,3.753113,-0.124268,-0.281974,-0.19827,-0.303522,-0.195458,0.001906,0.002169
0,2.470497,-0.113163,-1.297708,-0.015061,-1.258552,-0.037043,0.001822,0.002106
0,1.844284,-0.157885,-0.611704,-0.060419,-0.656828,-0.06018,0.001516,0.002756
0,0.843428,-0.143302,-0.994437,0.002336,-1.006159,0.006975,0.002132,0.002501
0,0.223336,-0.095575,-0.599189,0.053201,-0.616449,0.085049,0.00172,0.002106
0,-0.117384,-0.117942,-0.34245,-0.006079,-0.38039,-0.045015,0.002049,0.002106
0,-0.163135,0.095817,-0.054705,0.200237,-0.096491,0.206703,0.00277,0.002106
0,-0.396892,-0.052771,-0.250714,-0.123803,-0.218052,-0.171099,0.00131,0.002106
0,-0.575246,-0.108785,-0.162075,-0.057363,-0.185351,-0.087151,0.001195,0.002106
0,-0.3736,-0.028951,0.185041,0.105631,0.153271,0.13681,0.000903,0.002106
0,-0.395494,-0.01623,-0.049322,-0.007105,-0.095044,0.007407,0.001285,0.002106
0,-3.445931,0.087304,-3.062434,0.089925,-3.047402,0.07621,0.00165,0.002106
0,-2.892111,-0.143582,0.526318,-0.256593,0.514867,-0.287737,8.1e-05,0.002506
0,-2.533032,-0.118385,0.343753,0.051079,0.297893,0.046014,0.00073,0.002106
0,-2.657418,-0.02756,-0.150169,0.068038,-0.120362,0.065059,0.001441,0.002106
0,-2.497318,-0.165623,0.184315,-0.109749,0.183416,-0.065863,0.001354,0.002727
0,-2.144442,0.104523,0.327445,0.280725,0.317862,0.274379,0.001895,0.001824
0,-1.702776,0.006597,0.45772,-0.085262,0.416671,-0.039668,0.001632,0.000115
0,-1.128063,0.132937,0.575175,0.156282,0.569207,0.149287,0.002782,0.00232
0,-0.45714,0.122947,0.670378,-0.014048,0.62754,-0.053545,0.002361,0.002146
0,-0.202037,0.182751,0.230642,0.058203,0.234843,0.010262,0.002091,0.002428
0,-0.003694,0.029802,0.177645,-0.150373,0.145394,-0.166817,6.4e-05,0.002106
0,0.093823,-0.150095,0.118206,-0.161172,0.155659,-0.198952,0.001638,0.00262
0,0.362707,-0.044648,0.268223,0.094957,0.297565,0.065719,0.000713,0.002106
0,0.153641,-0.164779,-0.224651,-0.113021,-0.251321,-0.081275,0.002682,0.002742
0,0.477583,0.032416,0.346578,0.185966,0.376791,0.211318,0.002718,0.000566
0,0.29338,-0.077602,-0.211852,-0.104775,-0.180489,-0.108046,0.000497,0.001354
0,0.187357,0.04746,-0.124355,0.140814,-0.141212,0.146795,0.002348,0.000828
0,0.133854,0.16401,-0.082586,0.136462,-0.109195,0.136901,0.002336,0.002755
0,0.202258,0.045047,0.047629,-0.107262,0.017,-0.079532,0.002087,0.002106
0,0.17102,-0.038499,-0.001722,-0.077045,-0.018056,-0.060654,0.002633,0.002106
0,0.04843,-0.117761,-0.124337,-0.068096,-0.130295,-0.040748,0.000845,0.002106
0,0.15095,-0.117395,0.085575,0.028575,0.091629,0.007354,0.002635,0.002106
0,-0.068198,-0.063587,-0.233933,0.078607,-0.266129,0.110121,0.00119,0.002106
0,-0.045219,-0.100582,0.031906,-0.032979,0.058228,-0.044944,0.000789,0.002106
0,-0.075895,0.113446,-0.034685,0.186358,-0.044402,0.180845,0.001325,0.002106
0,0.030033,0.101296,0.11279,-0.030901,0.123971,-0.028591,0.000524,0.002106
0,-0.166655,-0.156486,-0.219908,-0.228132,-0.196753,-0.248529,0.002709,0.002731
0,-0.179375,-0.147311,-0.013924,0.014519,-0.050378,0.021353,0.002487,0.002571
0,-0.064097,0.006436,0.114599,0.179226,0.132595,0.15612,0.001119,0.002106
0,-0.103081,0.13585,-0.033128,0.105605,-0.023172,0.067785,0.001799,0.002106
0,0.149325,-0.126036,0.244589,-0.235266,0.211035,-0.282023,0.002606,0.0022
0,0.181946,-0.12229,0.043835,0.015349,0.070727,0.003049,0.002442,0.002134
0,-0.018979,0.045697,-0.185089,0.170045,-0.182152,0.206924,0.000331,0.002106
0,0.185148,0.083959,0.19798,0.048459,0.183064,0.017932,0.002386,0.002106
0,0.014132,0.002747,-0.183197,-0.092198,-0.175826,-0.067704,0.000247,0.002106
0,0.008336,-0.04578,-0.01824,-0.02736,-0.027348,-0.036538,0.000145,0.002106
0,0.165657,-0.161612,0.163019,-0.110451,0.19852,-0.143213,0.002726,0.002797
0,0.12616,0.083876,-0.015438,0.259191,0.005623,0.292637,0.002202,0.001464
0,-0.106818,-0.120033,-0.252779,-0.179899,-0.294404,-0.194114,0.001864,0.002095
0,-0.059894,0.051605,0.053575,0.142201,0.02701,0.108999,0.001045,0.000901
0,-0.012453,0.020477,0.07405,-0.033661,0.034096,-0.056346,0.000217,0.000357
0,0.064139,0.101237,0.057327,0.079972,0.023246,0.038637,0.001119,0.001767
0,-0.034036,0.101916,-0.096372,0.006563,-0.048739,0.009862,0.000594,0.001779
0,0.162919,0.034552,0.167271,-0.078199,0.12712,-0.123684,0.002774,0.000603
0,-0.068022,0.054087,-0.247216,0.043337,-0.225,0.046096,0.001187,0.000944
0,0.148988,-0.180406,0.243066,-0.21803,0.228456,-0.247028,0.0026,0.002469
0,0.200026,-0.196373,0.028646,-0.023903,-0.000685,-0.060696,0.002126,0.00219
0,-0.098189,0.01218,-0.307127,0.215911,-0.321104,0.205261,0.001714,0.000213
0,0.159318,-0.151393,0.271853,-0.19113,0.271617,-0.176036,0.002781,0.002642
0,0.203054,0.046961,0.066986,0.225233,0.109709,0.204489,0.002074,0.00082
0,0.114649,-0.022683,-0.104424,-0.050775,-0.127751,-0.087437,0.002001,0.000396
0,0.012278,0.129804,-0.07681,0.165078,-0.058834,0.198443,0.000214,0.002266
0,0.122311,-0.168145,0.132486,-0.299344,0.14917,-0.310114,0.002135,0.002683
0,-0.037201,0.083752,-0.178493,0.230816,-0.13446,0.195724,0.000649,0.001462
0,-0.139234,0.081519,-0.086938,-0.030577,-0.094018,-0.058461,0.00243,0.001423
0,0.024277,-0.042313,0.151037,-0.112609,0.158686,-0.136426,0.000424,0.000738
0,0.063103,-0.052904,0.012069,0.007742,-0.031999,-0.019726,0.001101,0.000923
0,0.050165,-0.092607,0.016322,-0.019197,0.055239,-0.030823,0.000876,0.001616
0,-0.05227,0.063684,-0.076357,0.169279,-0.060041,0.151451,0.000912,0.001112
0,0.119612,-0.172118,0.169632,-0.251063,0.187318,-0.217255,0.002088,0.002613
0,0.078825,0.019087,-0.01094,0.197771,-0.014886,0.216364,0.001376,0.000333
0,0.009396,0.003464,-0.062109,-0.024886,-0.076153,-0.055366,0.000164,6e-05
0,-0.09285,-0.199104,-0.11054,-0.209241,-0.137457,-0.160855,0.001621,0.002142
0,-0.01685,-0.126265,0.093851,0.080283,0.104745,0.061965,0.000294,0.002204
0,-0.06875,-0.138284,-0.052736,-0.040718,-0.065021,-0.030668,0.0012,0.002414
0,-0.032912,-0.004305,0.04964,0.13854,0.065154,0.099374,0.000574,7.5e-05
0,0.036129,-0.109792,0.07525,-0.109662,0.064835,-0.091224,0.000631,0.001916
0,-0.039693,-0.015732,-0.05559,0.069177,-0.032752,0.076226,0.000693,0.000275
0,-0.058786,-0.15897,0.003683,-0.118231,0.038469,-0.077923,0.001026,0.002775
0,-0.064086,-0.062795,-0.001739,0.088925,-0.015752,0.119527,0.001119,0.001096
0,-0.069066,-0.170109,-0.022365,-0.121153,-0.031763,-0.087583,0.001205,0.002649
0,0.188337,0.11193,0.240427,0.260216,0.261582,0.288801,0.00233,0.001954
0,-0.02482,-0.065063,-0.218086,-0.152089,-0.207943,-0.18615,0.000433,0.001136
0,0.143423,-0.031248,0.14878,0.017561,0.173715,-0.027689,0.002503,0.000545
0,0.118334,0.122695,-0.04473,0.164022,-0.003529,0.124442,0.002065,0.002141
0,0.03255,-0.069945,-0.089121,-0.185757,-0.12564,-0.144533,0.000568,0.001221
0,-0.072586,0.033108,-0.129164,0.107568,-0.121116,0.146817,0.001267,0.000578
0,0.185841,-0.063493,0.244249,-0.093318,0.230193,-0.050263,0.002374,0.001108
0,0.156145,-0.138103,-0.029835,-0.05862,-0.059422,-0.073962,0.002725,0.00241
0,0.061107,0.024451,-0.084848,0.137533,-0.044123,0.101605,0.001067,0.000427
0,-0.067852,0.075007,-0.151581,0.021538,-0.160321,0.027462,0.001184,0.001309
0,-0.073326,-0.051243,0.018412,-0.123379,0.032652,-0.115966,0.00128,0.000894
0,0.059194,-0.055222,0.138589,-0.001737,0.171337,-0.025647,0.001033,0.000964
0,0.061449,-0.057341,0.007391,-0.004505,-0.035575,-0.021837,0.001072,0.001001
0,-0.108116,-0.123365,-0.176233,-0.079999,-0.138836,-0.11376,0.001887,0.002153
0,-0.026218,-0.103292,0.094287,0.030643,0.092064,0.075484,0.000458,0.001803
0,-0.094774,0.012716,-0.053191,0.104658,-0.073868,0.113069,0.001654,0.000222
0,-0.151062,-0.010517,-0.03289,-0.047833,-0.072317,-0.07581,0.002637,0.000184
0,-0.087429,-0.009749,0.045881,-0.010961,0.059084,-0.058342,0.001526,0.00017
0,0.09429,0.010448,0.194021,0.020706,0.22127,0.04875,0.001646,0.000182
0,0.074628,-0.052966,-0.006643,-0.091245,-0.05044,-0.065956,0.001302,0.000924
0,0.121907,-0.157505,0.053296,-0.08235,0.101557,-0.101316,0.002128,0.002749
0,-0.021325,0.008106,-0.16142,0.173455,-0.129423,0.205187,0.000372,0.000141
0,0.045499,-0.063614,0.084958,-0.080168,0.063557,-0.041349,0.000794,0.00111
0,0.176111,0.030399,0.135813,0.077715,0.09276,0.041774,0.002544,0.000531
0,0.030797,0.075807,-0.169793,0.059368,-0.176872,0.048995,0.000538,0.001323
0,0.137526,-0.010671,0.089983,-0.10895,0.117606,-0.090732,0.0024,0.000186
0,-0.113889,0.0599,-0.248898,0.057301,-0.220483,0.034414,0.001988,0.001045
0,0.05061,0.035113,0.148586,-0.012347,0.135689,-0.042287,0.000883,0.000613
0,-0.075421,-0.211097,-0.141483,-0.246303,-0.127133,-0.277167,0.001316,0.001933
0,-0.170689,-0.167007,-0.079298,0.036812,-0.124681,0.067167,0.002638,0.002703
0,-0.232412,-0.189431,-0.057852,0.000648,-0.026382,-0.033896,0.001561,0.002311
0,-0.084229,-0.0585,0.136589,0.152157,0.157863,0.139527,0.00147,0.001021
0,-0.109652,-0.14787,-0.010903,-0.11748,-0.026026,-0.095847,0.001914,0.002581
0,0.017329,0.043655,0.112816,0.178784,0.112695,0.201162,0.000302,0.000762
0,0.034899,-0.136675,-0.009471,-0.154615,0.010165,-0.195312,0.000609,0.002385
0,0.102903,-0.114602,0.052569,0.049777,0.00475,0.019125,0.001796,0.002
0,0.003014,-0.124756,-0.079042,0.0119,-0.049404,0.009261,5.3e-05,0.002177
0,-0.032175,0.010434,-0.018129,0.15761,0.028178,0.200957,0.000562,0.000182
0,-0.116334,-0.188954,-0.088763,-0.224714,-0.113772,-0.233035,0.00203,0.00232
0,0.047847,0.115524,0.149617,0.319722,0.151933,0.272873,0.000835,0.002016
0,-0.149516,0.14018,-0.179091,0.02363,-0.157857,0.056587,0.00261,0.002447
0,0.047745,-0.084019,0.19217,-0.237932,0.185973,-0.21809,0.000833,0.001466
0,0.000519,-0.036236,-0.06753,0.021671,-0.044631,0.061647,9e-06,0.000632
0,-0.077286,-0.02277,-0.068501,-0.01453,-0.06636,-0.036196,0.001349,0.000397
0,0.009593,0.029829,0.094202,0.076681,0.050736,0.093783,0.000167,0.000521
0,0.044349,-0.0995,0.007855,-0.12179,0.034016,-0.099402,0.000774,0.001737
0,0.060187,-0.04285,0.034589,0.081171,0.05419,0.070752,0.00105,0.000748
0,0.000146,0.010554,-0.047714,0.052819,-0.029842,0.019957,3e-06,0.000184
0,-0.226895,0.022452,-0.236995,-0.014609,-0.243864,0.024839,0.001657,0.000392
0,-0.109907,0.206355,0.099699,0.181736,0.088659,0.215246,0.001918,0.002016
0,0.054709,-0.04976,0.159428,-0.237008,0.167576,-0.19116,0.000955,0.000868
0,0.046368,0.092038,-0.005644,0.133368,0.040177,0.145304,0.000809,0.001606
0,0.031821,0.224589,-0.039421,0.127778,-0.062929,0.147577,0.000555,0.001698
0,-0.010689,0.064005,-0.022741,-0.140194,-0.035202,-0.138856,0.000187,0.001117
0,-0.062906,0.152581,-0.038765,0.077972,-0.012707,0.101404,0.001098,0.002663
0,-0.013115,0.131768,0.051116,0.00418,0.034552,-0.005733,0.000229,0.0023
0,0.000324,0.065781,0.019849,-0.094369,0.049082,-0.058817,6e-06,0.001148
0,-0.226389,0.128628,-0.229197,0.074165,-0.231912,0.088668,0.001666,0.002245
0,-0.170945,-0.013375,0.08231,-0.146959,0.081144,-0.11454,0.002634,0.000233
0,-0.176695,0.198926,-0.004384,0.239821,-0.000751,0.263788,0.002534,0.002146
0,-0.175025,0.096123,-0.007872,-0.106027,0.037715,-0.143601,0.002563,0.001678
0,-0.164153,0.103385,0.034554,0.033682,-0.004198,-0.012774,0.002752,0.001804
0,0.084317,0.020412,0.249406,-0.097265,0.255504,-0.122098,0.001472,0.000356
0,-0.069062,0.186638,-0.172796,0.16502,-0.158802,0.171704,0.001205,0.00236
0,-0.102576,0.032147,-0.012649,-0.153596,-0.044276,-0.122853,0.00179,0.000561
0,-0.066273,0.014818,0.039455,-0.009419,0.00984,-0.002668,0.001157,0.000259
0,-0.118963,0.166661,-0.048328,0.1582,-0.085321,0.161684,0.002076,0.002709
0,-0.089017,0.192355,0.042743,0.025148,0.068597,0.033155,0.001554,0.00226
0,-0.251744,0.182326,-0.170675,0.007648,-0.168558,0.014242,0.001224,0.002435
0,-0.216255,0.025369,0.064834,-0.174446,0.092884,-0.157701,0.001843,0.000443
0,0.048213,0.111064,0.253157,0.065721,0.230145,0.032088,0.000841,0.001938
0,-0.096162,0.089971,-0.125624,-0.017603,-0.084713,0.01683,0.001678,0.00157
0,-0.080915,0.040895,-0.005707,-0.023778,0.023582,0.011595,0.001412,0.000714
0,0.111241,-0.107303,0.187608,-0.168097,0.165341,-0.152893,0.001942,0.001873
0,0.038335,-0.094529,-0.087691,0.032661,-0.049878,-0.015678,0.000669,0.00165
0,0.059309,-0.104504,0.042923,0.017814,0.056233,-0.028552,0.001035,0.001824
0,0.021964,0.106458,-0.05972,0.238173,-0.049829,0.237142,0.000383,0.001858
0,0.052153,0.135179,0.00043,0.006569,-0.02694,-0.021434,0.00091,0.002359
0,0.014093,0.162984,-0.012783,0.01569,-0.025596,0.009852,0.000246,0.002773
0,-0.114853,0.031199,-0.155169,-0.144544,-0.138058,-0.123556,0.002005,0.000545
0,-0.129134,-0.028544,-0.014435,-0.080112,0.000498,-0.064436,0.002254,0.000498
0,0.104509,-0.139643,0.252088,-0.116171,0.257636,-0.148218,0.001824,0.002437
0,-0.051073,-0.121957,-0.135469,0.005851,-0.14999,-0.027972,0.000891,0.002129
0,0.058364,-0.021156,0.084793,0.083874,0.077097,0.127193,0.001019,0.000369
0,-0.069815,-0.126966,-0.124982,-0.134591,-0.130837,-0.180152,0.001219,0.002216
0,0.147617,-0.093696,0.187567,0.057961,0.217934,0.099811,0.002576,0.001635
0,0.048806,-0.098695,-0.071592,0.023971,-0.065552,-0.017295,0.000852,0.001723
0,0.146035,0.047036,0.096326,0.131985,0.138529,0.141722,0.002549,0.000821
0,-0.01538,-0.056425,-0.16839,-0.114051,-0.130476,-0.069473,0.000268,0.000985
0,0.050336,-0.129918,0.047276,-0.059997,0.013883,-0.09331,0.000879,0.002268
0,0.00389,-0.161914,-0.0431,-0.025931,-0.057334,-0.069143,6.8e-05,0.002792
0,0.108145,-0.028611,0.129029,0.150901,0.08777,0.116265,0.001887,0.000499
0,-0.059619,0.007586,-0.14044,0.056087,-0.131527,0.047792,0.001041,0.000132
0,-0.067461,-0.105759,-0.002827,-0.110872,0.033544,-0.123878,0.001177,0.001846
0,0.051927,-0.016333,0.115742,0.070291,0.149006,0.095534,0.000906,0.000285
0,0.125667,0.112951,0.08551,0.101584,0.117659,0.126951,0.002193,0.001971
0,-0.058813,0.109788,-0.189587,-0.013906,-0.23633,0.007831,0.001026,0.001916
0,-0.10586,-0.001003,-0.065639,-0.115606,-0.026274,-0.147637,0.001848,1.8e-05
0,0.043173,0.125277,0.142854,0.125583,0.113385,0.157327,0.000754,0.002186
0,0.106647,-0.081179,0.072275,-0.231248,0.112015,-0.239886,0.001861,0.001417
0,-0.110636,0.056675,-0.207391,0.162088,-0.234054,0.166438,0.001931,0.000989
0,-0.182915,-0.098421,-0.100412,-0.147624,-0.13888,-0.114895,0.002425,0.001718
0,-2.719204,-0.006287,-2.524978,0.116747,-2.526671,0.075754,0.002519,0.00011
0,-2.841166,0.078801,-0.11622,0.066662,-0.079787,0.064031,0.00097,0.001375
0,-2.706747,0.103252,0.118043,0.037803,0.083548,0.030699,0.002302,0.001802
0,-2.841863,0.28535,-0.111202,0.186145,-0.064857,0.23294,0.000958,0.000637
0,-2.272509,0.020269,0.588628,-0.289107,0.59558,-0.312324,0.00034,0.000354
0,-1.707729,0.090285,0.593075,0.095356,0.638732,0.078456,0.001718,0.001576
0,-1.058001,0.063922,0.628327,-0.014453,0.616985,-0.018937,0.001613,0.001116
0,-0.614927,-0.02288,0.447815,-0.106297,0.471208,-0.137521,0.000503,0.000399
0,-0.342365,0.098584,0.3018,0.120481,0.297668,0.084628,0.000358,0.001721
0,-0.201768,0.122575,0.145872,0.001943,0.163056,-0.011035,0.002096,0.002139
0,-0.080784,-0.001004,0.091215,-0.128119,0.135787,-0.10671,0.00141,1.8e-05
0,0.193237,0.17229,0.270888,0.18822,0.296008,0.233185,0.002245,0.00261
0,0.156388,0.04586,-0.024347,-0.130157,-0.02918,-0.118195,0.002729,0.0008
0,0.029794,-0.097563,-0.147615,-0.16816,-0.179494,-0.211024,0.00052,0.001703
0,0.197847,0.083079,0.186435,0.152563,0.163506,0.128596,0.002164,0.00145
0,0.03584,-0.022802,-0.133992,-0.084641,-0.090117,-0.05125,0.000626,0.000398
0,0.126851,0.017636,0.072548,0.028766,0.108249,0.050071,0.002214,0.000308
0,-0.049259,0.143682,-0.19113,0.145605,-0.222859,0.190938,0.00086,0.002508
0,-0.034733,-0.01919,0.006202,-0.146961,0.001232,-0.119335,0.000606,0.000335
0,0.020405,-0.095283,0.027244,-0.094482,-0.019427,-0.089121,0.000356,0.001663
0,0.137143,0.016473,0.088675,0.084629,0.069371,0.119662,0.002394,0.000288
0,0.169629,0.014391,0.028181,-0.010421,0.018235,-0.044512,0.002657,0.000251
0,0.06689,0.132412,-0.112058,0.134217,-0.094982,0.182271,0.001167,0.002311
0,0.086221,0.034691,0.020839,-0.079195,0.031109,-0.048546,0.001505,0.000605
0,0.19103,0.042088,0.107622,0.018624,0.070799,0.041626,0.002283,0.000735
0,0.112319,-0.051145,-0.079322,-0.090633,-0.119291,-0.099301,0.00196,0.000893
0,-0.005112,-0.056733,-0.100696,-0.015798,-0.094857,0.011307,8.9e-05,0.00099
0,-0.02612,-0.047271,0.008283,-0.015769,-0.01206,-0.020636,0.000456,0.000825
0,-0.024261,0.094932,0.021233,0.144975,0.011218,0.145017,0.000423,0.001657
0,-0.037817,-0.04434,-0.031089,-0.11434,-0.061233,-0.099736,0.00066,0.000774
0,-0.117186,-0.045598,-0.105565,0.012138,-0.102829,-0.006628,0.002045,0.000796
0,-0.210045,-0.089198,-0.089514,-0.019731,-0.055442,-0.034069,0.001952,0.001557
0,-0.044955,-0.112199,0.149349,-0.051115,0.128409,-0.028578,0.000785,0.001958
0,0.050189,-0.075975,0.093936,0.01516,0.085944,0.029468,0.000876,0.001326
0,0.022639,-0.07777,-0.050737,-8.9e-05,-0.067885,0.045586,0.000395,0.001357
0,0.019467,0.07879,-0.002201,0.1353,-0.041863,0.157289,0.00034,0.001375
0,0.099241,0.089875,0.107087,0.024853,0.062086,0.022795,0.001732,0.001569
0,0.096961,0.007289,-0.01745,-0.089921,0.006352,-0.098271,0.001692,0.000127
0,0.079444,-0.091405,0.010532,-0.111517,-0.005147,-0.082879,0.001387,0.001595
0,0.091213,0.137112,0.018409,0.257734,0.01583,0.263905,0.001592,0.002393
0,0.008047,0.049602,-0.095357,-0.098801,-0.116723,-0.078264,0.00014,0.000866
0,0.012702,-0.107347,0.02552,-0.16758,0.014399,-0.130179,0.000222,0.001874
0,0.053438,-0.012533,0.060644,0.117547,0.066115,0.098149,0.000933,0.000219
0,-0.0647,0.024125,-0.107851,0.045805,-0.079369,0.048828,0.001129,0.000421
0,0.042437,0.06017,0.10037,0.008678,0.07885,-0.027889,0.000741,0.00105
0,-0.026419,-0.096298,-0.092175,-0.161674,-0.122101,-0.121786,0.000461,0.001681
0,0.135926,-0.036343,0.147704,0.059905,0.122633,0.021307,0.002372,0.000634
0,0.081445,0.134219,-0.079305,0.16715,-0.088381,0.208518,0.001421,0.002343
0,0.056483,0.089885,-0.003458,-0.054589,0.043586,-0.025072,0.000986,0.001569
0,-0.014812,-0.049711,-0.057315,-0.145827,-0.095688,-0.134298,0.000259,0.000868
0,0.029229,-0.002279,0.036313,0.067212,0.018613,0.054028,0.00051,4e-05
0,-0.143804,-0.045334,-0.164297,-0.056173,-0.19513,-0.072663,0.00251,0.000791
0,0.084524,-0.079194,0.250164,-0.038319,0.28247,-0.056065,0.001475,0.001382
0,0.125746,-0.023021,0.019179,0.059156,0.03893,0.010434,0.002195,0.000402
0,0.168355,0.091027,0.063621,0.089062,0.111647,0.125803,0.002679,0.001589
0,-0.054575,0.025846,-0.221686,-0.067635,-0.263034,-0.044204,0.000953,0.000451
0,0.015736,0.031202,0.066532,0.029441,0.088384,0.028615,0.000275,0.000545
0,-0.031649,0.035784,-0.025038,0.011214,-0.046825,-0.030779,0.000552,0.000625
0,0.045537,-0.110955,0.075448,-0.157757,0.118433,-0.122017,0.000795,0.001937
0,0.113004,0.149282,0.08081,0.270181,0.048738,0.239682,0.001972,0.002605
0,0.108546,0.13052,0.000617,-0.027187,0.047311,-0.073318,0.001894,0.002278
0,0.083087,0.091571,0.000394,-0.010247,-0.017267,0.020672,0.00145,0.001598
0,-0.041112,0.127352,-0.096632,0.038391,-0.04701,0.039452,0.000718,0.002223
0,0.006602,0.031714,0.062836,-0.091751,0.050671,-0.11266,0.000115,0.000554
0,-0.125603,0.063704,-0.14694,0.025654,-0.117248,0.070463,0.002192,0.001112
0,0.093182,0.007059,0.19107,-0.055488,0.205771,-0.042498,0.001626,0.000123
0,-0.143172,-0.06919,-0.23073,-0.046804,-0.23938,-0.047496,0.002499,0.001208
0,0.077403,0.003137,0.228397,0.04419,0.22901,0.088934,0.001351,5.5e-05
0,0.122933,0.007032,0.054107,0.02273,0.060819,0.007045,0.002146,0.000123
0,-0.123509,-0.043779,-0.238087,-0.057869,-0.216345,-0.07188,0.002156,0.000764
0,-0.133385,0.075042,-0.020936,0.097603,-0.06419,0.060148,0.002328,0.00131
0,-0.134742,-0.131271,-0.008748,-0.230439,-0.011245,-0.24483,0.002352,0.002291
0,0.02591,-0.124088,0.174142,0.012713,0.180059,0.023893,0.000452,0.002166
0,0.005396,-0.109558,-0.003491,0.032979,0.039497,0.003237,9.4e-05,0.001912
0,-0.114867,-0.068963,-0.110592,0.059633,-0.117543,0.033964,0.002005,0.001204
0,-0.031963,-0.006907,0.092183,0.058999,0.096942,0.029936,0.000558,0.000121
0,0.025143,-0.091905,0.046714,-0.059539,0.010162,-0.070101,0.000439,0.001604
0,-0.001825,0.072256,-0.006051,0.152855,-0.016516,0.111669,3.2e-05,0.001261
0,0.210104,-0.175657,0.216946,-0.24644,0.177106,-0.26892,0.00195,0.002552
0,0.091935,-0.061561,-0.090082,0.086623,-0.124014,0.071225,0.001605,0.001074
0,0.009322,-0.113038,-0.062076,-0.076759,-0.079117,-0.124333,0.000163,0.001973
0,-0.007098,-0.009824,-0.021051,0.088513,-0.043042,0.060347,0.000124,0.000171
0,0.160152,-0.135411,0.189377,-0.147534,0.198355,-0.129832,0.002795,0.002363
0,-0.077383,0.050686,-0.259997,0.197056,-0.281713,0.219684,0.001351,0.000885
0,0.1616,0.058308,0.238192,-0.004407,0.188743,-0.050871,0.002797,0.001018
0,0.075993,-0.028314,-0.09551,-0.112497,-0.075903,-0.067585,0.001326,0.000494
0,0.089403,0.00812,0.037157,0.012788,-0.007238,0.055961,0.00156,0.000142
0,0.170501,-0.057035,0.07208,-0.058522,0.116633,-0.066211,0.002642,0.000995
0,0.045591,-0.151879,-0.10122,-0.119914,-0.13705,-0.109114,0.000796,0.002651
0,-0.136184,-0.066783,-0.181084,0.088193,-0.194108,0.067478,0.002377,0.001166
0,0.059475,0.095765,0.172551,0.138418,0.15819,0.154204,0.001038,0.001671
0,-0.002776,0.089189,-0.076393,0.008172,-0.075229,-0.006963,4.8e-05,0.001557
0,0.073257,-0.058968,0.101741,-0.154319,0.132193,-0.179152,0.001279,0.001029
0,-0.078305,0.156648,-0.181428,0.209337,-0.214622,0.179096,0.001367,0.002734
0,0.101079,-0.005297,0.1532,-0.191284,0.174349,-0.153916,0.001764,9.2e-05
0,-0.049365,0.007235,-0.172114,-0.004757,-0.153147,-0.005635,0.000862,0.000126
0,0.060174,0.019882,0.108367,0.03052,0.067597,-0.01283,0.00105,0.000347
0,0.101004,-0.019938,0.012936,-0.028354,-0.014971,-0.062211,0.001763,0.000348
0,0.093468,-0.074293,0.008672,-0.076646,0.035637,-0.108471,0.001631,0.001297
0,0.038261,-0.037222,-0.07324,0.008974,-0.078968,-0.036754,0.000668,0.00065
0,-0.092805,0.003752,-0.145454,0.016938,-0.17156,0.007885,0.00162,6.5e-05
0,0.125058,-0.096125,0.216954,-0.075238,0.198831,-0.063781,0.002183,0.001678
0,-0.041408,0.170583,-0.154402,0.283528,-0.189338,0.267301,0.000723,0.00264
0,-0.105206,-0.01925,-0.055676,-0.218528,-0.014385,-0.238326,0.001836,0.000336
0,0.026619,0.03028,0.13229,0.035262,0.086567,0.082338,0.000465,0.000528
0,-0.098833,0.010337,-0.108519,-0.025907,-0.095471,-0.073833,0.001725,0.00018
0,0.079474,0.122331,0.200709,0.090466,0.152601,0.062609,0.001387,0.002135
0,0.135637,0.058831,0.061491,-0.042181,0.017713,-0.0482,0.002367,0.001027
0,0.103827,0.150844,-0.058283,0.099643,-0.090728,0.098984,0.001812,0.002633
0,0.075037,0.207748,-0.011063,0.047618,-0.01725,0.090321,0.00131,0.001992
0,-0.057527,-0.063499,-0.124258,-0.301072,-0.140097,-0.311354,0.001004,0.001108
0,-0.106105,0.009187,-0.072212,0.051644,-0.08055,0.019773,0.001852,0.00016
0,-0.060188,0.072106,0.064443,0.043236,0.073294,0.06801,0.00105,0.001258
0,0.169531,0.112478,0.2477,0.061207,0.249908,0.045793,0.002659,0.001963
0,0.853139,0.152366,0.697749,0.046886,0.69135,0.046002,0.001962,0.002659
0,1.367371,0.09581,0.512934,-0.040118,0.500288,-0.055413,0.001395,0.001672
0,1.572541,-0.089394,0.175243,-0.198953,0.130828,-0.22612,0.000642,0.00156
0,1.922186,0.084664,0.345405,0.157248,0.305407,0.194738,0.000157,0.001478
0,1.595485,0.130213,-0.307053,0.067855,-0.262117,0.052569,0.000241,0.002273
0,1.558982,0.00158,-0.016274,-0.125817,-0.03495,-0.169228,0.000878,2.8e-05
0,0.908145,0.193327,-0.659409,0.221673,-0.688364,0.253914,0.001002,0.002243
0,0.772041,0.005083,-0.124598,-0.215182,-0.160282,-0.246604,0.00224,0.002106
0,0.55664,-0.007064,-0.242425,-0.017119,-0.247062,-0.047537,0.00152,0.002106
0,0.332466,-0.070852,-0.209236,-0.049047,-0.179882,-0.007207,0.000185,0.002106
0,0.151231,-0.0977,-0.209438,-0.055531,-0.221372,-0.08754,0.002639,0.002106
0,-0.239691,0.021828,-0.370705,0.131686,-0.417252,0.112552,0.001434,0.002106
0,-0.128324,-0.082483,0.141263,-0.074774,0.175724,-0.114883,0.00224,0.002106
0,-0.289426,-0.143484,-0.179929,-0.083214,-0.190598,-0.079063,0.000566,0.002504
0,-0.446787,0.045553,-0.136623,0.206223,-0.161354,0.166115,0.00218,0.002106
0,-0.341081,0.111297,0.124182,0.075848,0.147783,0.07433,0.000335,0.002106
0,-0.32257,-0.152094,0.01742,-0.288999,0.034681,-0.247019,1.2e-05,0.002655
0,-0.243384,-0.164914,0.092668,-0.029427,0.062151,-0.078474,0.00137,0.002739
0,-0.232508,0.112845,0.025266,0.302102,-0.013634,0.272108,0.001559,0.00197
0,-0.134547,-0.125823,0.098495,-0.22821,0.083731,-0.214376,0.002348,0.002196
0,-0.004497,-0.129176,0.121621,-0.023717,0.134618,0.015872,7.8e-05,0.002255
0,-0.223219,0.059315,-0.222257,0.203581,-0.221035,0.166124,0.001722,0.001035
0,-0.062887,-0.118134,0.15877,-0.173096,0.170725,-0.175343,0.001098,0.002062
0,-0.043081,0.124572,0.01975,0.218005,0.061608,0.247988,0.000752,0.002174
0,0.093445,-0.09565,0.124645,-0.22627,0.099457,-0.198204,0.001631,0.001669
0,0.005452,0.02983,-0.09528,0.138574,-0.081239,0.111896,9.5e-05,0.000521
0,-0.029811,-0.124454,-0.049649,-0.18029,-0.008566,-0.172035,0.00052,0.002172
0,-0.053891,0.065866,0.001281,0.166145,0.042198,0.172618,0.000941,0.00115
0,-0.059375,0.152952,-0.032277,0.098955,-0.067566,0.066465,0.001036,0.00267
0,0.021635,0.068036,0.083549,-0.061316,0.117419,-0.082693,0.000378,0.001187
0,0.148839,-0.1284,0.115195,-0.204057,0.108329,-0.18728,0.002598,0.002241
0,-0.083471,0.064672,-0.256091,0.195122,-0.250876,0.243816,0.001457,0.001129
0,0.155787,-0.097058,0.216215,-0.175998,0.16772,-0.178731,0.002719,0.001694
0,0.081285,-0.031458,-0.091351,0.09245,-0.08705,0.075875,0.001419,0.000549
0,-0.115849,-0.111098,-0.199295,-0.107791,-0.198795,-0.084132,0.002022,0.001939
0,0.027652,0.104557,0.135847,0.244238,0.122504,0.19502,0.000483,0.001825
0,0.156276,0.066785,0.100741,-0.031336,0.064627,-0.008667,0.002728,0.001166
0,0.035249,0.109123,-0.09178,0.026263,-0.086666,-0.012941,0.000615,0.001905
0,-0.060107,-0.130978,-0.124396,-0.235627,-0.166572,-0.28308,0.001049,0.002286
0,0.073096,0.022585,0.147893,0.129356,0.10068,0.120906,0.001276,0.000394
0,0.094582,0.06853,0.049673,0.030072,0.09151,0.013083,0.001651,0.001196
0,0.224424,-0.043511,0.140145,-0.097665,0.156132,-0.132452,0.001701,0.000759
0,0.015169,0.112048,-0.237198,0.148588,-0.278354,0.133321,0.000265,0.001956
0,0.091076,-0.094541,0.067185,-0.184847,0.032422,-0.217655,0.00159,0.00165
0,0.117307,-0.014743,-0.003108,0.063754,0.042751,0.086154,0.002047,0.000257
0,0.184519,-0.00162,0.093797,-0.009095,0.121578,0.00014,0.002397,2.8e-05
0,0.010464,0.045624,-0.183543,0.075735,-0.165546,0.037484,0.000183,0.000796
0,0.06744,-0.024001,0.080567,-0.083774,0.060191,-0.073008,0.001177,0.000419
0,0.010619,-0.056714,-0.049052,-0.052688,-0.086625,-0.022889,0.000185,0.00099
0,-0.040649,0.140016,-0.07719,0.202663,-0.126796,0.165741,0.000709,0.002444
0,0.199233,0.200991,0.235764,0.046864,0.251463,0.005733,0.00214,0.00211
0,0.017656,0.055281,-0.173299,-0.117947,-0.127662,-0.123663,0.000308,0.002106
0,0.160498,0.105377,0.157531,0.042713,0.132419,0.017813,0.002801,0.002106
0,0.111,-0.12159,-0.025848,-0.229707,-0.011191,-0.234768,0.001937,0.002122
0,0.183329,-0.004449,0.066895,0.090058,0.098576,0.113381,0.002418,0.002106
0,0.054241,0.031023,-0.157012,0.03203,-0.126466,0.002194,0.000947,0.002106
0,0.019149,-0.01855,-0.056581,-0.049255,-0.018648,-0.077541,0.000334,0.002106
0,0.234201,-0.114988,0.212376,-0.118289,0.235815,-0.144219,0.00153,0.002106
0,0.271899,0.007813,0.012024,0.138956,-0.006575,0.155679,0.000872,0.002106
0,0.024445,-0.158653,-0.263935,-0.138294,-0.291045,-0.113225,0.000427,0.002769
0,0.058667,0.008431,0.006906,0.176422,0.001446,0.209461,0.001024,0.002106
0,0.18002,-0.032904,0.128885,-0.052648,0.128425,-0.006398,0.002476,0.002106
0,-0.027457,-0.131818,-0.21528,-0.111077,-0.197033,-0.089478,0.000479,0.002301
0,-0.093997,-0.035556,-0.045631,0.124096,-0.022297,0.12918,0.001641,0.002106
0,0.139827,-0.209405,0.253088,-0.185981,0.301953,-0.192448,0.00244,0.001963
0,0.251649,-0.038612,0.097863,0.14536,0.098124,0.096773,0.001225,0.000674
0,0.156924,-0.076592,-0.083484,-0.052839,-0.073308,-0.064345,0.002739,0.001337
0,0.213361,-0.14227,0.060373,-0.093128,0.073412,-0.07958,0.001894,0.002483
0,0.081791,0.043204,-0.15657,0.207292,-0.121013,0.223675,0.001428,0.000754
0,0.075815,-0.169429,-0.021864,-0.230165,-0.038766,-0.246924,0.001323,0.00266
0,0.250948,-0.169341,0.1832,0.017227,0.207817,0.024087,0.001238,0.002662
0,0.202139,-2e-06,-0.022396,0.145808,0.026929,0.106734,0.00209,0.0
0,0.095522,-0.023774,-0.097411,-0.040564,-0.081373,-0.054822,0.001667,0.000415
0,0.005186,-0.047648,-0.110298,-0.035325,-0.119576,0.00425,9.1e-05,0.000832
0,0.16579,0.027611,0.148111,0.074474,0.176046,0.069698,0.002724,0.000482
0,0.060994,0.002643,-0.090445,-0.002892,-0.137788,-0.024767,0.001065,4.6e-05
0,0.197993,0.125821,0.125444,0.114953,0.107752,0.149715,0.002162,0.002196
0,0.275448,-0.081251,0.052013,-0.216406,0.035922,-0.18174,0.00081,0.001418
0,0.075419,0.13287,-0.170055,0.231818,-0.141199,0.208033,0.001316,0.002319
0,0.13213,-0.039992,0.046075,-0.186482,0.061149,-0.197208,0.002306,0.000698
0,0.099534,-0.150404,-0.061299,-0.093698,-0.028096,-0.050565,0.001737,0.002625
0,0.244664,-0.081303,0.158372,0.086133,0.179878,0.103157,0.001347,0.001419
0,0.115976,-0.113088,-0.112247,-0.022687,-0.134107,0.007743,0.002024,0.001974
0,-0.01118,-0.130774,-0.131447,0.003779,-0.175444,-0.00112,0.000195,0.002282
0,0.065956,-0.025298,0.100015,0.127611,0.116027,0.172899,0.001151,0.000442
0,-0.084764,-0.079016,-0.133449,-0.040241,-0.124316,-0.057544,0.001479,0.001379
0,-0.060819,0.147898,-0.001566,0.249025,-0.020964,0.260974,0.001061,0.002581
0,-0.039135,0.15768,0.01681,-0.003386,0.061634,0.036524,0.000683,0.002752
0,0.05687,0.17054,0.112634,0.033483,0.063617,-0.012186,0.000993,0.002641
0,-0.069956,-0.098335,-0.144276,-0.276712,-0.169981,-0.251695,0.001221,0.001716
0,0.06852,0.127243,0.137086,0.22747,0.123917,0.1948,0.001196,0.002221
0,0.086165,-0.054276,-0.011762,-0.209274,-0.010229,-0.217277,0.001504,0.000947
0,-0.043054,-0.055396,-0.134954,0.023123,-0.175272,0.043069,0.000751,0.000967
0,0.097167,-0.084072,0.132658,-0.025798,0.16057,-0.016872,0.001696,0.001467
0,0.081406,0.0128,0.005464,0.079617,0.050918,0.038024,0.001421,0.000223
0,-0.004789,-0.006665,-0.069991,-0.005414,-0.07673,-0.013606,8.4e-05,0.000116
0,0.005402,-0.008295,0.039433,0.016035,0.063107,-0.003762,9.4e-05,0.000145
0,-0.144284,-0.075055,-0.163244,-0.092226,-0.213218,-0.048489,0.002518,0.00131
0,0.092788,0.085618,0.207528,0.176988,0.228125,0.149463,0.001619,0.001494
0,0.117347,-0.012662,0.025443,-0.117836,0.071568,-0.149218,0.002048,0.000221
0,-0.147054,-0.043459,-0.273545,-0.031296,-0.297296,0.001603,0.002567,0.000758
0,-0.091875,0.061442,0.057683,0.082511,0.0207,0.048372,0.001604,0.001072
0,0.023049,0.118345,0.106069,0.082474,0.144244,0.039556,0.000402,0.002066
0,-0.065732,0.143927,-0.106998,0.029157,-0.148396,0.007502,0.001147,0.002512
0,0.098071,-0.046106,0.15663,-0.199255,0.151501,-0.23868,0.001712,0.000805
0,0.073908,0.037028,-0.04504,0.07619,-0.083411,0.037366,0.00129,0.000646
0,0.181882,-0.010281,0.100917,-0.046073,0.089316,-0.046514,0.002443,0.000179
0,-0.12729,0.002116,-0.289023,0.019572,-0.241461,-0.013446,0.002222,3.7e-05
0,0.071971,0.072025,0.194299,0.068244,0.153051,0.043425,0.001256,0.001257
0,-0.018038,0.014478,-0.109665,-0.079043,-0.1151,-0.040233,0.000315,0.000253
0,0.000608,0.173237,0.044079,0.159053,0.009148,0.199109,1.1e-05,0.002594
0,1.031735,-1.278876,1.002267,-1.432079,1.006667,-1.474568,0.001155,0.000149
0,1.925787,-1.757289,0.897068,-0.494169,0.88893,-0.542166,9.4e-05,0.002583
0,2.316979,-2.006782,0.375595,-0.268738,0.372631,-0.234417,0.001116,0.00132
0,2.706193,-2.058989,0.418767,-0.081793,0.374332,-0.069755,0.002292,0.002231
0,2.473578,-1.975537,-0.220122,0.07535,-0.223012,0.114691,0.001768,0.000775
0,2.327717,-1.709582,-0.14872,0.291758,-0.18193,0.287318,0.001304,0.00175
0,1.957423,-1.174004,-0.397129,0.525014,-0.446777,0.548305,0.000458,0.00198
0,1.212088,-0.92733,-0.735547,0.267007,-0.746706,0.249072,0.001315,0.000668
0,0.738252,-0.501595,-0.487839,0.405483,-0.522504,0.447104,0.00165,0.002481
0,0.464006,-0.365232,-0.279606,0.139072,-0.273211,0.163627,0.002481,0.000757
0,0.261942,-0.038521,-0.199355,0.355701,-0.193218,0.355551,0.001046,0.000672
0,0.135953,0.104122,-0.145183,0.162157,-0.107275,0.205115,0.002373,0.001817
0,-0.125206,0.567451,-0.239208,0.446828,-0.282099,0.479204,0.002185,0.001331
0,-0.270052,0.529555,-0.118735,-0.040457,-0.091136,-0.02146,0.000904,0.001993
0,-0.112465,0.422154,0.182944,-0.083778,0.140313,-0.112326,0.001963,0.00175
0,-0.192899,0.196317,-0.085064,-0.234857,-0.078873,-0.277886,0.002251,0.002191
0,-0.053293,0.122208,0.156817,-0.051978,0.135327,-0.088981,0.00093,0.002133
0,0.069516,0.226628,0.102211,0.075549,0.059811,0.106262,0.001213,0.001662
0,0.022705,0.193196,-0.060384,-0.006129,-0.09443,-0.027732,0.000396,0.002246
0,-0.042486,0.19301,-0.054304,-0.017779,-0.090072,-0.034767,0.000742,0.002249
0,-0.070155,-0.126956,-0.029774,-0.336473,0.003455,-0.346288,0.001224,0.002216
0,-0.03591,0.022584,0.061592,0.121735,0.111018,0.152094,0.000627,0.000394
0,-0.059569,-0.004552,-0.010397,-0.02732,-0.040403,-0.041842,0.00104,7.9e-05
0,-0.065237,-0.12342,-0.002602,-0.119346,-0.043686,-0.085348,0.001139,0.002154
0,0.094294,-0.16593,0.171295,-0.02509,0.133138,-0.063622,0.001646,0.002721
0,-0.002741,-0.047397,-0.122647,0.139757,-0.095368,0.176072,4.8e-05,0.000827
0,-0.105029,0.069586,-0.100032,0.127943,-0.13858,0.16913,0.001833,0.001215
0,-0.101381,-0.086165,0.019163,-0.178633,0.025566,-0.216291,0.001769,0.001504
0,-0.028303,-0.11188,0.093152,-0.031896,0.138489,-0.073329,0.000494,0.001953
0,-0.031516,-0.025809,-0.01103,0.090416,0.0356,0.078408,0.00055,0.00045
0,0.108981,-0.012201,0.129465,-0.005212,0.094855,0.032653,0.001902,0.000213
0,-0.167816,0.057881,-0.270749,0.08122,-0.220977,0.035288,0.002689,0.00101
0,-0.039052,0.043326,0.152602,-0.011479,0.165336,-0.045922,0.000682,0.000756
0,0.018831,-0.102287,0.030613,-0.142001,0.057698,-0.181602,0.000329,0.001785
0,-0.01319,-0.025079,-0.018917,0.051351,-0.050697,0.070259,0.00023,0.000438
0,0.021069,-0.17149,0.035309,-0.160426,0.004497,-0.136169,0.000368,0.002624
0,0.036156,0.141557,0.009659,0.328346,-0.016686,0.343957,0.000631,0.002471
0,-0.055488,0.169807,-0.08576,0.014899,-0.131058,0.018014,0.000968,0.002654
0,0.200388,0.081781,0.270363,-0.11335,0.276025,-0.129409,0.00212,0.001427
0,0.011016,-0.046095,-0.18828,-0.121369,-0.14875,-0.085112,0.000192,0.000805
0,-0.018681,0.129452,-0.00401,0.170441,-0.030328,0.170061,0.000326,0.002259
0,-0.090247,-0.077275,-0.050539,-0.2324,-0.093209,-0.233494,0.001575,0.001349
0,0.097673,-0.007336,0.191292,0.090615,0.145345,0.104881,0.001705,0.000128
0,0.095469,0.069567,0.023712,0.053616,0.071825,0.010978,0.001666,0.001214
0,-0.0468,0.027968,-0.157678,-0.065945,-0.204895,-0.097796,0.000817,0.000488
0,-0.059379,-0.10802,-0.025663,-0.133381,0.021797,-0.120448,0.001036,0.001885
0,0.001789,-0.125199,0.032507,-0.007046,0.053548,0.027615,3.1e-05,0.002185
0,-0.159925,-0.009887,-0.187252,0.108387,-0.19267,0.099375,0.002791,0.000173
0,0.08101,-0.021158,0.242515,-0.00796,0.206435,-0.022293,0.001414,0.000369
0,-0.132531,-0.061607,-0.215242,-0.053656,-0.183625,-0.09858,0.002313,0.001075
0,-0.158321,0.133804,-0.016523,0.211587,-0.012048,0.195462,0.002763,0.002335
0,-0.053726,-0.127749,0.096158,-0.259065,0.091345,-0.297643,0.000938,0.00223
0,0.011737,0.006157,0.060739,0.122561,0.041239,0.154345,0.000205,0.000107
0,-0.042598,0.060627,-0.081368,0.067331,-0.067356,0.103805,0.000743,0.001058
0,-0.152126,0.020618,-0.092927,-0.036681,-0.057404,-0.066869,0.002655,0.00036
0,-0.162688,0.003457,-0.032284,-0.004693,-0.063425,-0.014747,0.002778,6e-05
0,-0.102931,-0.012048,0.037892,-0.015922,0.073848,-0.049679,0.001796,0.00021
0,-0.114785,0.084034,-0.01676,0.098392,0.021531,0.135449,0.002003,0.001467
0,0.035966,-0.032646,0.153797,-0.108073,0.155626,-0.084984,0.000628,0.00057
0,-0.029094,-0.022837,-0.082712,0.013192,-0.098967,-0.021486,0.000508,0.000399
0,0.104485,-0.139355,0.144523,-0.128231,0.111751,-0.149055,0.001824,0.002432
0,-0.0209,-0.152714,-0.101051,-0.0069,-0.09823,-0.02187,0.000365,0.002665
0,0.006455,0.041094,0.027054,0.172062,0.067877,0.159816,0.000113,0.000717
0,0.008717,-0.092855,0.006413,-0.112268,0.04418,-0.12342,0.000152,0.001621
0,-0.082493,0.138122,-0.093384,0.229568,-0.10929,0.213587,0.00144,0.002411
0,0.125577,-0.022813,0.226747,-0.177755,0.249538,-0.174712,0.002192,0.000398
0,-0.067349,-0.029607,-0.166143,0.013216,-0.200238,0.001451,0.001175,0.000517
0,0.051573,-0.151615,0.123072,-0.120358,0.096702,-0.089115,0.0009,0.002646
0,-0.004569,0.060413,-0.047071,0.196175,-0.086585,0.218624,8e-05,0.001054
0,0.176554,-0.113926,0.195073,-0.18011,0.209551,-0.194121,0.002536,0.001988
0,-0.100871,-0.120163,-0.299703,-0.031377,-0.32642,-0.006546,0.001761,0.002097
0,0.118123,0.128131,0.243381,0.263179,0.220859,0.278208,0.002062,0.002236
0,0.020549,-0.037179,-0.117635,-0.157888,-0.085565,-0.154097,0.000359,0.000649
0,0.061524,0.112003,0.069776,0.134803,0.09714,0.168182,0.001074,0.001955
0,-0.20006,-0.131924,-0.259457,-0.256159,-0.24191,-0.239522,0.002126,0.002303
0,-0.063278,-0.01236,0.114558,0.124453,0.12974,0.095673,0.001104,0.000216
0,-0.025669,-0.081957,0.01345,-0.045842,0.060102,-0.078028,0.000448,0.00143
0,0.166511,-0.12027,0.173851,-0.03292,0.203348,-0.038539,0.002711,0.002099
0,0.127837,0.085543,-0.035753,0.197998,-0.025587,0.164373,0.002231,0.001493
0,0.114749,0.040072,-0.031286,-0.023589,-0.049894,-0.008074,0.002003,0.000699
0,0.065765,-0.151804,-0.019558,-0.167661,-0.052469,-0.192387,0.001148,0.002649
0,0.048505,0.09463,-0.017458,0.27184,-0.007757,0.300902,0.000847,0.001652
0,0.07469,0.14562,0.032505,0.026127,0.008491,-0.006197,0.001304,0.002542
0,0.045544,-0.116576,-0.02685,-0.269479,-0.004234,-0.242109,0.000795,0.002035
0,0.085697,-0.16365,0.064284,-0.01763,0.024115,0.013468,0.001496,0.002761
0,0.200267,0.021034,0.118417,0.183454,0.159192,0.19522,0.002122,0.000367
0,0.224546,0.088978,0.036145,0.055169,0.031823,0.055639,0.001698,0.001553
0,0.119337,0.024011,-0.076811,-0.057356,-0.100856,-0.047892,0.002083,0.000419
0,0.284472,-0.13979,0.174778,-0.193103,0.21077,-0.153357,0.000653,0.00244
0,0.132633,-0.126244,-0.149086,-0.012074,-0.195053,0.035458,0.002315,0.002203
0,0.080214,-0.046063,-0.075322,0.087017,-0.032405,0.069691,0.0014,0.000804
0,0.082114,-0.002508,-0.015892,0.01936,0.019657,-0.002407,0.001433,4.4e-05
0,0.260369,-0.069711,0.150723,-0.078801,0.158691,-0.114627,0.001073,0.001217
0,0.111837,-0.129588,-0.12926,-0.034371,-0.120467,-0.006797,0.001952,0.002262
0,0.120535,-0.051813,0.020397,0.085738,0.000848,0.106666,0.002104,0.000904
0,0.050482,-0.024078,-0.067419,0.009972,-0.04597,0.031619,0.000881,0.00042
0,0.212705,0.049575,0.149416,0.070745,0.152796,0.037445,0.001905,0.000865
0,0.001922,-0.004415,-0.225683,-0.033818,-0.180676,-0.049388,3.4e-05,7.7e-05
0,-0.023632,-0.123391,-0.017194,-0.092324,-0.001818,-0.108115,0.000412,0.002154
0,0.024144,0.064055,0.036703,0.167928,0.036841,0.182003,0.000421,0.001118
0,0.160686,0.05924,0.131069,0.019769,0.175587,0.055282,0.002804,0.001034
0,0.091646,-0.117782,-0.06385,-0.154295,-0.041499,-0.172393,0.0016,0.002056
0,0.054118,0.081787,-0.047922,0.189506,-0.026132,0.156266,0.000945,0.001427
0,0.203089,0.951394,0.156997,0.883786,0.147893,0.899929,0.002073,0.000248
0,0.139878,1.264839,-0.080692,0.335166,-0.065292,0.303902,0.002441,0.000394
0,-0.079756,1.568631,-0.209631,0.288211,-0.173109,0.275216,0.001392,0.00071
0,0.053873,1.866787,0.163273,0.277596,0.138006,0.306893,0.00094,0.001123
0,0.090798,1.608385,0.043361,-0.274704,0.07355,-0.250747,0.001585,1.6e-05
0,0.181148,1.421686,0.061016,-0.16138,0.107559,-0.139603,0.002456,0.002343
0,0.097696,1.054057,-0.05593,-0.361502,-0.069678,-0.388371,0.001705,0.001544
0,-0.077214,0.98456,-0.166159,-0.064171,-0.152103,-0.083609,0.001348,0.000331
0,0.017146,0.741121,0.068295,-0.272503,0.022108,-0.278604,0.000299,0.0017
0,0.044902,0.495877,0.004324,-0.226286,0.043886,-0.228079,0.000784,0.002106
0,-0.139002,0.339675,-0.197875,-0.131169,-0.195305,-0.168732,0.002426,0.002106
0,-0.175402,0.166921,-0.05411,-0.173143,-0.048049,-0.169247,0.002556,0.002106
0,-0.000866,0.214829,0.151423,0.038691,0.135827,0.040551,1.5e-05,0.002106
0,-0.031834,0.122835,-0.049977,-0.099094,-0.061161,-0.139127,0.000556,0.002106
0,-0.101543,0.067005,-0.076576,-0.083988,-0.072775,-0.093155,0.001772,0.002106
0,0.071456,0.0801,0.153328,0.042868,0.169806,0.00281,0.001247,0.002106
0,-0.041376,0.086054,-0.102794,0.034031,-0.138348,0.065432,0.000722,0.002106
0,0.074766,0.039616,0.116493,-0.024272,0.152875,-0.057081,0.001305,0.002106
0,0.121668,-0.102405,0.056356,-0.113134,0.062891,-0.065274,0.002124,0.002106
0,0.016964,0.027576,-0.085692,0.15984,-0.037843,0.199944,0.000296,0.002106
0,0.134827,0.063676,0.105553,0.022658,0.108471,0.012842,0.002353,0.002106
0,0.008592,-0.169339,-0.139053,-0.214155,-0.116198,-0.206921,0.00015,0.002662
0,0.158286,0.010199,0.140384,0.198894,0.092756,0.205726,0.002763,0.000178
0,-0.047137,0.063257,-0.207808,0.082804,-0.232884,0.072501,0.000823,0.001104
0,0.012016,-0.121276,0.069855,-0.205371,0.044492,-0.230354,0.00021,0.002117
0,0.05024,-0.041439,0.023275,0.063601,0.012275,0.051711,0.000877,0.000723
0,0.060841,-0.063177,0.009752,-0.034828,-0.008096,0.006179,0.001062,0.001103
0,-0.095278,-0.027329,-0.166824,0.058678,-0.195387,0.10273,0.001663,0.000477
0,-0.103204,-0.025558,-0.034834,-0.013062,-0.038918,0.021358,0.001801,0.000446
0,0.120389,0.080989,0.19938,0.102508,0.226042,0.078712,0.002101,0.001414
0,-0.135978,-0.167878,-0.24876,-0.241116,-0.270951,-0.230082,0.002373,0.002687
0,0.130765,0.010331,0.256593,0.205978,0.237012,0.237465,0.002282,0.00018
0,0.130545,0.057833,0.017488,0.070267,0.039056,0.063739,0.002278,0.001009
0,0.012725,-0.094855,-0.091222,-0.181425,-0.094361,-0.174323,0.000222,0.001656
0,0.158487,-0.125611,0.138125,-0.018501,0.156933,-0.061704,0.002766,0.002192
0,-0.091366,0.001565,-0.275044,0.143979,-0.2712,0.121106,0.001595,2.7e-05
0,0.049305,0.036495,0.140616,0.043569,0.127006,0.07443,0.000861,0.000637
0,0.128664,-0.149697,0.106001,-0.215741,0.117591,-0.213419,0.002246,0.002613
0,-0.049352,-0.079498,-0.156136,0.046861,-0.198204,-0.002928,0.000861,0.001388
0,-0.043691,-0.010838,0.025779,0.041348,-0.011161,0.0699,0.000763,0.000189
0,-0.071919,-0.135465,-0.037166,-0.121789,-0.040868,-0.122193,0.001255,0.002364
0,0.125488,-0.073415,0.216209,0.085294,0.244333,0.057104,0.00219,0.001281
0,-0.063357,0.158455,-0.207822,0.219989,-0.162124,0.18468,0.001106,0.002766
0,0.134815,0.1118,0.225934,-0.021956,0.195728,0.025795,0.002353,0.001951
0,0.15081,-0.103518,0.042933,-0.220668,0.029696,-0.18521,0.002632,0.001807
0,0.052251,-0.085076,-0.083013,0.006493,-0.088389,0.029176,0.000912,0.001485
0,0.111866,0.154275,0.068527,0.240666,0.081346,0.196773,0.001952,0.002693
0,-1.470881,-0.310106,-1.601907,-0.485743,-1.569914,-0.506985,0.002416,0.000205
0,-3.566131,-0.428846,-2.088187,-0.113904,-2.077398,-0.131986,0.000448,0.001867
0,-4.124418,-0.38932,-0.569466,0.046281,-0.587381,0.076546,0.001043,0.001177
0,-3.446857,-0.514357,0.685478,-0.12204,0.726585,-0.13077,0.001634,0.002258
0,-2.716896,-0.230025,0.721628,0.275955,0.691336,0.308779,0.002479,0.001603
0,-1.677044,-0.198835,1.033419,0.02707,1.035534,0.051362,0.001182,0.002147
0,-1.099095,-0.067088,0.602505,0.12969,0.6022,0.131147,0.00233,0.001171
0,-0.734675,0.022717,0.35644,0.0957,0.328701,0.116028,0.001587,0.000396
0,-0.382728,-0.037402,0.32861,-0.079428,0.315197,-0.076734,0.001062,0.000653
0,-0.058189,0.010568,0.347228,0.076773,0.338273,0.084866,0.001016,0.000184
0,0.25444,0.050536,0.336679,0.054665,0.312371,0.010229,0.001177,0.000882
0,0.2321,-0.025979,-0.004386,-0.079072,0.011534,-0.101674,0.001567,0.000453
0,0.010338,-0.120671,-0.213072,-0.106191,-0.183658,-0.099842,0.00018,0.002106
0,0.229932,-0.111034,0.209873,-0.004175,0.249079,0.016469,0.001604,0.001938
0,-0.04843,-0.082188,-0.25666,0.022575,-0.245182,0.001464,0.000845,0.001434
0,-0.070138,-0.004232,-0.004345,0.103468,-0.020095,0.153343,0.001224,7.4e-05
0,0.1996,-0.061678,0.275073,-0.083178,0.273306,-0.061983,0.002134,0.001076
0,-0.061217,0.005103,-0.257894,0.047108,-0.210526,0.068855,0.001068,8.9e-05
0,-0.111832,-0.023968,-0.037469,-0.00576,0.00652,0.001225,0.001952,0.000418
0,0.042235,-0.006048,0.127957,-0.006542,0.149208,-0.043996,0.000737,0.000106
0,-0.001265,-0.116034,-0.01758,-0.095956,-0.054945,-0.090522,2.2e-05,0.002025
0,-0.062153,-0.08299,-0.070062,0.037047,-0.056798,0.010221,0.001085,0.001448
0,-0.010377,-0.088389,0.072265,-0.00399,0.102449,-0.008633,0.000181,0.001543
0,-0.167753,0.060451,-0.134184,0.127323,-0.103596,0.161309,0.00269,0.001055
0,-0.047722,-0.106805,0.098536,-0.18861,0.072167,-0.209674,0.000833,0.001864
0,-0.066709,0.068454,-0.017338,0.172429,0.022391,0.135073,0.001164,0.001195
0,-0.153839,-0.090987,-0.059424,-0.156614,-0.070257,-0.127133,0.002685,0.001588
0,0.044904,-0.033208,0.179626,0.044552,0.16094,0.040309,0.000784,0.00058
0,0.038304,0.125927,-0.017841,0.183426,0.004736,0.158778,0.000669,0.002198
0,0.00941,0.044845,-0.048003,-0.110376,-0.048139,-0.146405,0.000164,0.000783
0,-0.189615,-0.153179,-0.207908,-0.187022,-0.169893,-0.146513,0.002308,0.002673
0,-0.134974,0.090641,0.025178,0.230463,0.037937,0.251512,0.002356,0.001582
0,-0.038201,-0.111583,0.109359,-0.212527,0.152002,-0.262093,0.000667,0.001947
0,-0.010618,0.032747,0.029379,0.149669,-0.010179,0.184692,0.000185,0.000572
0,0.080798,-0.042317,0.118169,-0.068134,0.127233,-0.099896,0.00141,0.000739
0,0.064611,0.067482,-0.001611,0.083307,-0.032487,0.104924,0.001128,0.001178
0,-0.154691,-0.153491,-0.197127,-0.208679,-0.207532,-0.218828,0.0027,0.002679
0,-0.107493,-0.134106,0.017751,-0.002549,-0.002499,-0.022533,0.001876,0.002341
0,-0.12603,0.139631,-0.007653,0.281254,0.008919,0.28995,0.0022,0.002437
0,-1.493488,0.13195,-1.34115,-0.010828,-1.372914,-0.046212,0.002021,0.002303
0,-2.416084,0.209254,-0.926306,0.077968,-0.877344,0.053005,0.002771,0.001965
0,-2.613186,0.332615,-0.188374,0.108942,-0.221797,0.146178,0.000669,0.000188
0,-2.375453,0.387601,0.213494,0.057178,0.212695,0.079257,0.002137,0.001147
0,-2.205794,0.379059,0.180974,-0.015961,0.152092,-0.000374,0.000824,0.000998
0,-2.146329,0.494565,0.033199,0.138387,-0.009702,0.111336,0.001862,0.002603
0,-1.977784,0.227793,0.189633,-0.238657,0.199663,-0.28703,0.000814,0.001642
0,-1.617917,0.432357,0.354956,0.216073,0.367304,0.26523,0.00015,0.001929
0,-1.137492,0.34437,0.476147,-0.093996,0.489683,-0.13995,0.002617,0.002106
0,-0.801232,0.238789,0.343468,-0.117718,0.335052,-0.148401,0.002749,0.002106
0,-0.209158,0.110184,0.562711,-0.110545,0.526075,-0.092991,0.001967,0.002106
0,-0.188105,-0.041124,0.028573,-0.122771,0.020865,-0.15314,0.002334,0.002106
0,-0.051153,-0.068853,0.140101,-0.009325,0.187684,-0.032561,0.000893,0.002106
0,0.22161,0.130217,0.300019,0.222156,0.296729,0.182514,0.00175,0.002106
0,0.121916,-0.121999,-0.083219,-0.252739,-0.085057,-0.279751,0.002128,0.002129
0,0.231992,-0.128793,0.10127,0.004534,0.122829,0.04167,0.001568,0.002248
0,0.416292,-0.039759,0.168945,0.104531,0.152217,0.096153,0.001648,0.002106
0,0.094658,-0.029924,-0.319286,-0.004561,-0.271103,0.021342,0.001652,0.002106
0,0.12912,0.01609,0.020788,0.016099,-0.019477,-0.029298,0.002254,0.002106
0,0.248583,-0.081854,0.095853,-0.097266,0.071173,-0.111464,0.001279,0.002106
0,0.295001,0.091216,0.043192,0.162477,0.033102,0.160705,0.000469,0.002106
0,0.154949,0.015518,-0.146076,-0.059625,-0.175762,-0.061582,0.002704,0.002106
0,0.192382,0.031766,0.05489,0.027444,0.062198,0.056193,0.00226,0.002106
0,-0.138181,0.084029,-0.339291,0.079624,-0.297557,0.053198,0.002412,0.002106
0,-0.002126,-0.097513,0.11941,-0.183782,0.161351,-0.168719,3.7e-05,0.002106
0,-0.033806,-0.138348,-0.02159,-0.043791,-0.064896,-0.023393,0.00059,0.002415
0,0.052504,0.008995,0.115534,0.129816,0.131817,0.152338,0.000916,0.002106
0,-0.059993,-0.0864,-0.142375,-0.117614,-0.098114,-0.071052,0.001047,0.002106
0,-0.081802,0.117109,-0.011109,0.176565,-0.027512,0.148352,0.001428,0.002106
0,0.10152,-0.11908,0.207867,-0.245508,0.180395,-0.284402,0.001772,0.002106
0,0.012734,-0.006044,-0.064848,0.106077,-0.079414,0.12744,0.000222,0.002106
0,-0.159604,0.058821,-0.187984,0.081355,-0.234293,0.035947,0.002786,0.002106
0,0.038018,0.012929,0.216956,-0.051005,0.258472,-0.076167,0.000664,0.002106
0,0.076033,0.062493,0.057089,0.019874,0.025965,0.053967,0.001327,0.002106
0,-0.137771,-0.03506,-0.192927,-0.070326,-0.210501,-0.099679,0.002405,0.002106
0,0.083544,0.087195,0.192016,0.11794,0.180657,0.122787,0.001458,0.002106
0,-0.027229,-0.134042,-0.139653,-0.194768,-0.172274,-0.193894,0.000475,0.002339
0,0.112318,0.131033,0.168752,0.281119,0.1679,0.277529,0.00196,0.002106
0,0.006059,-0.096504,-0.079603,-0.207661,-0.12234,-0.165938,0.000106,0.002106
0,0.023419,0.170793,0.028341,0.239191,0.056934,0.208011,0.000409,0.002106
0,-0.059722,-0.024041,-0.053285,-0.206344,-0.023859,-0.206442,0.001042,0.002106
0,-0.071087,-0.056852,-0.019955,-0.051766,-0.032875,-0.065777,0.001241,0.002106
0,-0.069897,0.135262,-0.027381,0.219938,-0.040066,0.229207,0.00122,0.002106
0,0.106176,0.037601,0.200021,-0.083384,0.209427,-0.041137,0.001853,0.002106
0,0.17358,-0.055015,0.078504,-0.09998,0.086881,-0.057309,0.002588,0.002106
0,-0.00968,-0.067812,-0.155605,0.009179,-0.117292,0.039377,0.000169,0.002106
0,0.164189,0.172346,0.148936,0.23111,0.144928,0.204637,0.002752,0.002106
0,-2.17569,-0.099963,-2.350841,-0.271585,-2.385855,-0.32113,0.00135,0.002106
0,-3.034578,-0.515724,-0.878777,-0.387278,-0.840989,-0.429431,0.002406,0.002234
0,-3.4326,-0.693459,-0.393843,-0.15301,-0.433779,-0.154417,0.001882,0.000868
0,-3.432087,-0.551566,-0.023076,0.15565,-0.061573,0.110442,0.001891,0.001608
0,-3.027805,-0.507732,0.376183,0.037602,0.404178,0.018859,0.002288,0.002373
0,-2.631772,-0.234834,0.408779,0.268554,0.437964,0.288735,0.000993,0.001519
0,-1.825979,-0.136582,0.823709,0.101903,0.779661,0.147229,0.001836,0.002384
0,-0.983744,-0.242041,0.825013,-0.092144,0.815654,-0.08601,0.000317,0.001393
0,-0.429921,-0.145708,0.572542,0.07763,0.612622,0.073875,0.001886,0.002543
0,0.057569,-0.173238,0.463965,-0.008797,0.460722,0.030659,0.001005,0.002594
0,0.180182,-0.018258,0.114584,0.147452,0.150824,0.119028,0.002473,0.000319
0,0.252357,-0.06635,0.068979,-0.019182,0.05438,0.017593,0.001213,0.001158
0,0.2898,0.026597,0.06277,0.109582,0.025824,0.156113,0.00056,0.000464
0,-0.022717,0.03204,-0.297044,0.013759,-0.298092,-0.031098,0.000396,0.000559
0,0.193166,0.112989,0.22407,0.055308,0.241538,0.093494,0.002246,0.001972
0,0.023242,-0.004583,-0.156457,-0.116244,-0.191411,-0.141849,0.000406,8e-05
0,0.130548,0.04453,0.132658,0.057134,0.159768,0.080114,0.002278,0.000777
0,-0.060048,0.055576,-0.178591,0.01586,-0.169287,-0.008143,0.001048,0.00097
0,-0.054881,0.076526,-0.018692,0.044981,-0.027505,0.03132,0.000958,0.001336
0,0.137712,0.196962,0.217313,0.149992,0.185768,0.111788,0.002404,0.00218
0,0.083383,-0.103251,-0.062522,-0.275919,-0.106354,-0.319473,0.001455,0.001802
0,0.089948,0.007188,0.011229,0.124048,-0.004987,0.142488,0.00157,0.000125
0,-0.042636,0.053626,-0.142685,0.019961,-0.112772,0.045261,0.000744,0.000936
0,0.041672,-0.149529,0.098071,-0.214081,0.085472,-0.167186,0.000727,0.00261
0,0.041918,0.086836,-0.014352,0.242,0.008422,0.200751,0.000732,0.001516
0,-0.016102,-0.054505,-0.086472,-0.146304,-0.049306,-0.102936,0.000281,0.000951
0,-0.086078,-0.117673,-0.082485,-0.07772,-0.099154,-0.06581,0.001502,0.002054
0,-0.142417,-0.07429,-0.047605,0.031862,-0.056543,0.017936,0.002486,0.001297
0,-0.016653,-0.131556,0.144771,-0.082794,0.15465,-0.073636,0.000291,0.002296
0,-0.071657,0.113493,-0.082891,0.260666,-0.127981,0.284258,0.001251,0.001981
0,0.011024,0.071155,0.104869,-0.027085,0.099323,-0.031854,0.000192,0.001242
0,-0.144692,0.132701,-0.155347,0.072482,-0.129425,0.090374,0.002525,0.002316
0,-0.060556,-0.123529,0.109269,-0.274181,0.143275,-0.235803,0.001057,0.002156
0,-0.139293,-0.142717,-0.07235,-0.038464,-0.048454,-0.086742,0.002431,0.002491
0,0.077675,0.025065,0.241888,0.148309,0.285052,0.163299,0.001356,0.000437
0,-0.060895,-0.09495,-0.155669,-0.092714,-0.184735,-0.114405,0.001063,0.001657
0,0.081558,-0.122148,0.150267,0.001743,0.136511,-0.019759,0.001423,0.002132
0,-0.098368,0.00722,-0.199405,0.136341,-0.24915,0.142561,0.001717,0.000126
0,-0.141708,0.10922,-0.047589,0.117042,-0.037095,0.15796,0.002473,0.001906
0,0.099453,-0.028832,0.231221,-0.140565,0.255748,-0.099853,0.001736,0.000503
0,0.02816,0.002904,-0.080239,0.056147,-0.041401,0.054305,0.000491,5.1e-05
0,0.019202,0.074487,-0.024654,0.076599,0.002492,0.098589,0.000335,0.0013
0,0.111303,0.008546,0.088861,-0.050513,0.043507,-0.011927,0.001943,0.000149
0,0.205914,-0.019874,0.118749,-0.012008,0.126994,0.028718,0.002024,0.000347
0,0.046847,-0.081744,-0.183023,-0.032948,-0.155584,-0.065735,0.000818,0.001427
0,0.059477,0.172837,0.007889,0.242888,0.05211,0.226877,0.001038,0.002601
0,-0.002921,0.161867,-0.059265,-0.04011,-0.096641,0.007207,5.1e-05,0.002792
0,0.021367,0.045731,0.042344,-0.14519,0.083839,-0.181646,0.000373,0.000798
0,0.035906,0.052063,0.039762,-0.022215,0.050531,-0.014477,0.000627,0.000909
0,0.021876,0.185876,-0.034833,0.137459,-0.017198,0.183574,0.000382,0.002373
0,-0.036382,0.066192,-0.051525,-0.119723,-0.005809,-0.123608,0.000635,0.001155
0,0.136165,0.062907,0.148009,-0.014439,0.123067,0.007484,0.002377,0.001098
0,0.183491,-0.071064,0.043915,-0.142331,0.040013,-0.092858,0.002415,0.00124
0,0.074704,0.044869,-0.082562,0.140609,-0.077505,0.168465,0.001304,0.000783
0,0.127348,0.172171,0.070683,0.137487,0.046704,0.144992,0.002223,0.002613
0,-0.062735,0.072017,-0.166898,-0.106131,-0.204828,-0.059983,0.001095,0.001257
0,-0.077965,0.011761,0.013208,-0.035845,0.060666,0.013175,0.001361,0.000205
0,0.064884,0.065867,0.171183,0.069589,0.162566,0.10915,0.001132,0.00115
0,0.016032,0.04692,-0.064153,-0.003562,-0.110157,-0.019874,0.00028,0.000819
0,-0.064568,-0.031103,-0.06006,-0.067976,-0.085465,-0.111573,0.001127,0.000543
0,-0.037303,-0.034636,0.00786,-0.019657,0.004612,-0.000958,0.000651,0.000605
0,-0.098547,-0.08161,-0.044208,-0.047813,-0.068447,-0.002642,0.00172,0.001424
0,-0.033394,0.115603,0.059265,0.173078,0.083555,0.135071,0.000583,0.002018
0,0.117644,0.142987,0.1799,0.019284,0.19738,0.001116,0.002053,0.002496
0,-0.008887,-0.024126,-0.120675,-0.138214,-0.132845,-0.139601,0.000155,0.000421
0,-0.010798,-0.136206,-0.028941,-0.111571,0.020013,-0.146615,0.000188,0.002377
0,-0.020785,0.051191,0.00521,0.177032,-0.004312,0.215141,0.000363,0.000893
0,0.188347,-0.103997,0.208677,-0.1823,0.170967,-0.19498,0.00233,0.001815
0,0.073067,0.198578,-0.11076,0.302844,-0.115485,0.334168,0.001275,0.002152
0,0.17925,0.194747,0.102097,-0.004576,0.101835,-0.007881,0.002489,0.002219
0,0.160054,-0.081548,-0.043738,-0.300141,-0.083126,-0.346707,0.002793,0.001423
0,-0.081609,0.014046,-0.229253,0.068411,-0.205394,0.088374,0.001424,0.000245
0,0.083726,0.081667,0.192637,0.063949,0.221061,0.061982,0.001461,0.001425
0,-0.005384,0.002336,-0.070118,-0.055662,-0.056661,-0.096916,9.4e-05,4.1e-05
0,0.089679,0.068093,0.095076,0.088674,0.117036,0.047294,0.001565,0.001188
0,-0.086811,-0.045776,-0.161302,-0.121067,-0.20817,-0.074016,0.001515,0.000799
0,0.098001,0.063802,0.158521,0.11457,0.150758,0.088742,0.00171,0.001114
0,-0.01281,0.145348,-0.115146,0.082811,-0.09069,0.063569,0.000224,0.002537
0,-0.096331,-0.089273,-0.055769,-0.256647,-0.078539,-0.258476,0.001681,0.001558
0,-0.020094,-0.023862,0.08481,0.043812,0.132743,0.077835,0.000351,0.000416
0,0.026819,-0.00921,0.034759,-0.013864,-0.014306,-0.0396,0.000468,0.000161
0,-0.147462,0.128743,-0.169837,0.150762,-0.135623,0.105059,0.002574,0.002247
0,-0.007801,0.027493,0.122521,-0.11619,0.145416,-0.139131,0.000136,0.00048
0,0.060645,0.040726,0.072969,0.001214,0.032987,0.039848,0.001058,0.000711
0,0.031225,0.049814,0.000444,0.021756,0.048456,0.003085,0.000545,0.000869
0,-0.028117,0.095431,-0.06695,0.037521,-0.057629,0.027733,0.000491,0.001666
0,-0.161154,-0.154794,-0.10922,-0.257362,-0.124156,-0.21199,0.002805,0.002702
0,0.034208,-0.153464,0.199203,0.002356,0.243713,-0.018231,0.000597,0.002678
0,-0.05083,0.018586,-0.097556,0.148732,-0.066399,0.138613,0.000887,0.000324
0,-0.045215,-0.065221,-0.002019,-0.077034,0.009385,-0.080765,0.000789,0.001138
0,0.031259,-0.092443,0.085792,-0.053086,0.111337,-0.05752,0.000546,0.001613
0,-0.008596,-0.139784,-0.029372,-0.071576,-0.051546,-0.037671,0.00015,0.00244
0,-0.123286,-0.120576,-0.114327,0.013482,-0.116189,0.040552,0.002152,0.002104
0,-0.122396,0.081803,0.022084,0.216518,0.057628,0.213263,0.002136,0.001428
0,-0.095094,0.000195,0.056484,-0.073678,0.05522,-0.024948,0.00166,3e-06
0,0.070808,-0.140641,0.135966,-0.116968,0.168842,-0.125476,0.001236,0.002455
0,0.029191,-0.161401,-0.041014,-0.026135,-0.030684,-0.047381,0.000509,0.002801
0,0.052166,-0.087015,0.038329,0.045681,0.068513,0.027456,0.00091,0.001519
0,-0.118167,0.013604,-0.145962,0.071583,-0.143394,0.089113,0.002062,0.000237
0,0.074833,0.081149,0.189224,0.067174,0.222135,0.085493,0.001306,0.001416
0,0.025829,-0.054806,-0.074163,-0.131618,-0.116576,-0.085843,0.000451,0.000957
0,0.045758,0.053774,0.034525,0.112549,0.04002,0.062863,0.000799,0.000939
0,0.021176,-0.031576,-0.034885,-0.11379,-0.045402,-0.081714,0.00037,0.000551
0,-0.043582,0.106649,-0.064538,0.149025,-0.100741,0.108906,0.000761,0.001861
0,0.054359,0.004648,0.07889,-0.117708,0.097963,-0.088798,0.000949,8.1e-05
0,-0.088769,-0.13138,-0.145854,-0.124733,-0.119678,-0.154769,0.001549,0.002293
0,-0.233172,-0.104406,-0.162017,0.005527,-0.134573,0.055308,0.001548,0.001822
0,-0.213837,0.031368,0.037318,0.116235,0.044097,0.118142,0.001885,0.000547
0,0.062422,0.007454,0.285985,-0.03997,0.242461,-0.048507,0.001089,0.00013
0,-0.042391,-0.049898,-0.08976,-0.030561,-0.128317,-0.005562,0.00074,0.000871
0,-0.225455,0.032426,-0.180484,0.09582,-0.159782,0.143319,0.001683,0.000566
0,-0.052202,-0.093443,0.202794,-0.10577,0.156008,-0.107554,0.000911,0.001631
0,-0.06436,0.026984,-0.004842,0.098393,-0.024078,0.077905,0.001123,0.000471
0,-0.082999,-0.025488,-0.034716,-0.051636,-0.011676,-0.024058,0.001449,0.000445
0,-0.196769,0.116775,-0.113837,0.122293,-0.088782,0.098049,0.002183,0.002038
0,-0.061364,0.062484,0.141811,-0.040798,0.095108,-0.049636,0.001071,0.001091
0,-0.156995,0.049437,-0.123762,0.003456,-0.078318,-0.016599,0.00274,0.000863
0,-0.002418,-0.143583,0.136573,-0.206174,0.149259,-0.171613,4.2e-05,0.002506
0,0.107668,-0.05035,0.093769,0.06893,0.057176,0.083274,0.001879,0.000879
0,0.038187,-0.115371,-0.049143,-0.077119,-0.036969,-0.090375,0.000666,0.002014
0,-0.080852,-0.100434,-0.146544,0.031339,-0.160637,-0.005214,0.001411,0.001753
0,-0.132817,-0.129567,-0.074735,-0.023095,-0.048253,-0.008155,0.002318,0.002261
0,-0.095151,0.083864,0.043984,0.213968,0.065816,0.187982,0.001661,0.001464
0,0.016298,-0.031843,0.121422,-0.116684,0.148391,-0.133346,0.000284,0.000556
0,0.040474,-0.00243,-0.003854,0.046395,-0.02564,0.046705,0.000706,4.2e-05
0,-0.255157,-0.110608,-0.277541,-0.13479,-0.229875,-0.130665,0.001164,0.00193
0,-0.176898,-0.005975,0.097426,0.088406,0.092637,0.10214,0.00253,0.000104
0,-0.185177,-0.056289,-0.007377,-0.038277,-0.011578,-0.030483,0.002386,0.000982
0,-0.20852,-0.088842,-0.00769,-0.012913,-0.011395,-0.016032,0.001978,0.001551
0,-0.119806,0.048129,0.093484,0.142074,0.132521,0.144086,0.002091,0.00084
0,-0.060737,-0.070723,0.08834,-0.119856,0.04912,-0.075436,0.00106,0.001234
0,-0.051421,-0.041956,0.007859,0.004685,0.026786,-0.02402,0.000897,0.000732
0,-0.202018,0.073555,-0.15868,0.110366,-0.154282,0.154107,0.002092,0.001284
0,-0.108264,-0.067615,0.117112,-0.121919,0.144625,-0.140573,0.00189,0.00118
0,-3.9e-05,-0.000562,0.134313,0.053874,0.156951,0.045714,1e-06,1e-05
0,-0.009674,-0.142107,-0.035102,-0.144096,-0.062417,-0.165887,0.000169,0.00248
0,0.030213,0.020168,0.014949,0.150086,-0.002716,0.135272,0.000527,0.000352
0,-0.101987,-0.187384,-0.111712,-0.194759,-0.160163,-0.216888,0.00178,0.002347
0,-0.26822,-0.19967,-0.152141,-0.03662,-0.141765,-0.022532,0.000936,0.002133
0,-0.135625,-0.084293,0.132154,0.117982,0.116669,0.1104,0.002367,0.001471
0,0.026775,-0.040226,0.161781,0.060984,0.151209,0.031512,0.000467,0.000702
0,-0.20407,-0.060284,-0.214732,-0.026656,-0.178369,-0.061874,0.002056,0.001052
0,-0.22023,0.010051,-0.003785,0.076811,-0.013817,0.043366,0.001774,0.000175
0,0.012062,-0.070617,0.206453,-0.094165,0.172203,-0.048826,0.000211,0.001232
0,0.011634,-0.077529,0.02381,-0.003116,0.007922,-0.044851,0.000203,0.001353
0,-0.052975,0.069132,-0.035354,0.141516,-0.00747,0.116851,0.000925,0.001207
0,-0.217075,-0.063522,-0.183948,-0.121161,-0.166701,-0.122303,0.001829,0.001109
0,-0.071986,-0.051223,0.155804,0.01804,0.121321,0.029484,0.001256,0.000894
0,-0.089638,-0.193418,-0.011638,-0.1522,0.011419,-0.16125,0.001564,0.002242
0,-0.102385,0.054061,0.008846,0.227441,-0.026441,0.255289,0.001787,0.000944
0,-0.272067,-0.008669,-0.146855,-0.084687,-0.181987,-0.125851,0.000869,0.000151
0,-0.29128,-0.088815,0.00306,-0.100142,-0.034589,-0.132564,0.000534,0.00155
0,-0.097868,-0.1591,0.207087,-0.053522,0.192279,-0.055191,0.001708,0.002777
0,-0.048306,0.035961,0.048014,0.217248,0.046725,0.230512,0.000843,0.000628
0,-0.021981,-0.125658,0.022393,-0.170257,0.062951,-0.198984,0.000384,0.002193
0,-0.226493,0.03702,-0.207568,0.149888,-0.224525,0.105306,0.001664,0.000646
0,-0.195673,0.066863,0.024829,0.040894,-0.024132,0.083695,0.002202,0.001167
0,-0.063278,-0.163071,0.104166,-0.259252,0.071525,-0.273265,0.001104,0.002771
0,-0.104762,0.017165,-0.019245,0.198987,-0.05316,0.15094,0.001828,0.0003
0,-0.090488,0.019638,0.021653,0.011703,0.008209,-0.016493,0.001579,0.000343
0,-0.079162,-0.217198,-0.014716,-0.263064,-0.034298,-0.254877,0.001382,0.001827
0,-0.348049,-0.046486,-0.272156,0.177479,-0.263031,0.160592,0.000457,0.000811
0,-0.086485,0.032271,0.274759,0.086312,0.315004,0.122057,0.001509,0.000563
0,-0.028969,0.046765,0.064752,-0.00701,0.099746,0.033768,0.000506,0.000816
0,-0.260562,-0.159261,-0.211178,-0.192167,-0.241453,-0.177378,0.00107,0.00278
0,-0.308052,-0.138098,-0.038058,0.038403,-0.009535,-0.009219,0.000241,0.00241
0,-0.117245,0.067294,0.161736,0.225116,0.147364,0.225509,0.002046,0.001174
0,-0.218494,0.00749,-0.100789,-0.054566,-0.102621,-0.042477,0.001804,0.000131
0,-0.113558,-0.01523,0.12315,-0.0491,0.102752,-0.039141,0.001982,0.000266
0,-0.048109,-0.057715,0.093063,-0.031559,0.04854,0.006327,0.00084,0.001007
0,-0.209963,-0.103208,-0.164658,-0.051622,-0.211105,-0.012911,0.001953,0.001801
0,-0.163424,-0.110245,0.028859,0.016953,0.073969,0.011423,0.002765,0.001924
0,-0.145995,0.015201,0.045782,0.13044,0.080302,0.127398,0.002548,0.000265
0,-0.189171,-0.160658,-0.064003,-0.176034,-0.042647,-0.135756,0.002316,0.002804
0,-0.094029,-0.136241,0.080016,0.016452,0.063456,0.024752,0.001641,0.002378
0,-0.246289,-0.04302,-0.169327,0.090772,-0.176116,0.091276,0.001319,0.000751
0,-0.097209,0.046112,0.167104,0.073711,0.199156,0.093716,0.001697,0.000805
0,-0.148347,-0.012525,-0.040968,-0.067893,-0.08275,-0.105893,0.002589,0.000219
0,0.027484,0.007968,0.167477,0.031102,0.124443,0.071754,0.00048,0.000139
0,-0.071287,-0.049949,-0.101526,-0.079422,-0.149051,-0.074783,0.001244,0.000872
0,-0.099741,0.046078,-0.044356,0.082116,-0.077573,0.123849,0.001741,0.000804
0,-0.026278,0.06831,0.054112,0.012387,0.05109,-0.033968,0.000459,0.001192
0,-0.2487,-0.03768,-0.20056,-0.120071,-0.2102,-0.155568,0.001277,0.000658
0,-0.106463,-0.155094,0.167302,-0.137972,0.145398,-0.158202,0.001858,0.002707
0,-0.122277,-0.140021,0.008598,0.004609,0.048866,-0.023435,0.002134,0.002444
0,-0.023731,-0.024391,0.079275,0.096027,0.078945,0.089433,0.000414,0.000426
0,-0.040678,0.023915,-0.017251,0.075389,0.031242,0.092818,0.00071,0.000417
0,-0.026575,0.067224,0.033789,0.024991,0.001041,0.011869,0.000464,0.001173
0,-0.153732,-0.137427,-0.117488,-0.194166,-0.117308,-0.155628,0.002683,0.002399
0,-0.001261,0.038406,0.168178,0.165792,0.170373,0.189847,2.2e-05,0.00067
0,-0.183674,0.055881,-0.201195,0.018861,-0.232571,0.068393,0.002412,0.000975
0,0.04678,0.04323,0.259116,-0.005254,0.302996,0.041536,0.000816,0.000755
0,-0.192458,-0.116686,-0.256492,-0.182963,-0.223481,-0.133718,0.002258,0.002037
0,-0.084078,-0.082141,0.087184,0.063088,0.041463,0.093916,0.001467,0.001434
0,-0.139806,0.112754,-0.076971,0.197754,-0.125104,0.203401,0.00244,0.001968
0,0.014078,0.049998,0.136242,-0.069447,0.161281,-0.062069,0.000246,0.000873
0,-0.131601,0.070926,-0.127727,0.016818,-0.090936,0.036981,0.002297,0.001238
0,-0.111717,0.088721,0.047843,-0.009884,0.09108,0.030196,0.00195,0.001548
0,0.042512,-0.079323,0.148483,-0.196611,0.159016,-0.176772,0.000742,0.001384
0,-0.251451,0.120473,-0.302481,0.217842,-0.300711,0.227849,0.001229,0.002103
0,-0.101293,0.024609,0.171202,-0.093209,0.172675,-0.121655,0.001768,0.00043
0,-0.265804,0.004629,-0.149676,-0.028146,-0.149461,0.017473,0.000978,8.1e-05
0,-0.109705,0.078096,0.154936,0.060734,0.132139,0.077335,0.001915,0.001363
0,-0.233246,-0.118811,-0.11948,-0.183911,-0.166176,-0.162229,0.001547,0.002074
0,-0.204915,-0.014276,0.044774,0.131457,0.024021,0.122178,0.002041,0.000249
0,-0.093129,-0.085355,0.096053,-0.093329,0.130233,-0.137969,0.001625,0.00149
0,0.064715,-0.028278,0.175327,0.031708,0.213802,0.01233,0.001129,0.000494
0,-0.07879,0.033045,-0.162649,0.050633,-0.182218,0.026862,0.001375,0.000577
0,-0.003894,0.013982,0.066606,0.007231,0.098643,0.013639,6.8e-05,0.000244
0,0.04059,0.072469,0.034441,0.068849,0.031739,0.090544,0.000708,0.001265
0,-0.09065,-0.018989,-0.141027,-0.093425,-0.14083,-0.105502,0.001582,0.000331
0,0.096913,-0.067265,0.196693,-0.044321,0.165514,-0.068693,0.001691,0.001174
0,-0.00437,-0.013036,-0.095034,0.038656,-0.054328,0.066616,7.6e-05,0.000228
0,-0.076296,0.110252,-0.043312,0.126063,-0.072416,0.108243,0.001332,0.001924
0,0.031226,0.13546,0.083016,-0.004721,0.0393,0.0306,0.000545,0.002364
0,-0.092527,-0.078,-0.150564,-0.188825,-0.15704,-0.20139,0.001615,0.001361
0,-0.190143,0.129062,-0.073797,0.199587,-0.120045,0.221859,0.002299,0.002253
0,-0.283902,0.015126,-0.092161,-0.109406,-0.134094,-0.083027,0.000662,0.000264
0,-0.102634,-0.103652,0.151786,-0.147862,0.185518,-0.105726,0.001791,0.001809
0,-0.034793,0.011646,0.052978,0.102145,0.079423,0.081429,0.000607,0.000203
0,-0.061001,0.039983,-0.013169,0.006609,-0.055202,0.004442,0.001065,0.000698
0,-0.170581,0.009469,-0.1379,-0.034929,-0.115006,-0.073001,0.00264,0.000165
0,-0.086489,0.133527,0.073609,0.144697,0.083882,0.180923,0.00151,0.00233
0,-0.016664,0.137101,0.064454,0.019999,0.075262,0.024317,0.000291,0.002393
0,-0.029416,-0.066167,-0.03992,-0.182576,-0.021788,-0.180597,0.000513,0.001155
0,-0.046286,0.000106,0.009401,0.036919,0.028381,0.009882,0.000808,2e-06
0,-0.190049,0.050575,-0.151578,0.076969,-0.166242,0.087191,0.002301,0.000883
0,-0.065045,0.131874,0.151058,0.083002,0.133008,0.04688,0.001135,0.002302
0,0.015617,0.162652,0.073432,0.038543,0.105676,0.028755,0.000273,0.002779
0,-0.164519,0.071612,-0.172446,-0.096206,-0.196051,-0.062726,0.002746,0.00125
0,0.133753,0.027183,0.314177,-0.034592,0.278923,-0.056377,0.002334,0.000474
0,0.145085,0.090189,0.032222,0.068113,0.02432,0.107778,0.002532,0.001574
0,0.033026,0.005984,-0.100649,-0.070705,-0.095172,-0.076499,0.000576,0.000104
0,0.003776,0.042242,-0.012446,0.037204,-0.02255,0.077089,6.6e-05,0.000737
0,0.096985,0.070568,0.07056,0.029168,0.061037,0.039593,0.001693,0.001232
0,0.053212,0.01961,-0.049652,-0.022088,-0.039765,-0.027253,0.000929,0.000342
0,0.145284,0.057352,0.103465,0.066305,0.095765,0.037946,0.002536,0.001001
0,0.09508,0.032082,-0.071832,-0.015549,-0.027368,-0.042886,0.001659,0.00056
0,-0.015007,-0.113742,-0.136805,-0.172671,-0.10748,-0.205331,0.000262,0.001985
0,0.086937,0.10618,0.112222,0.216473,0.077221,0.244337,0.001517,0.001853
0,-0.025944,-0.032248,-0.112005,-0.141781,-0.085765,-0.095281,0.000453,0.000563
0,-0.035281,0.064068,-0.010503,0.107002,0.012853,0.105454,0.000616,0.001118
0,0.042377,0.066736,0.102235,-0.020617,0.109089,-0.004759,0.00074,0.001165
0,-0.107107,-0.058697,-0.162589,-0.118961,-0.205728,-0.083395,0.001869,0.001024
0,0.08064,-0.017752,0.201708,0.057244,0.197316,0.099972,0.001407,0.00031
0,0.073346,-0.098318,-0.006942,-0.08408,0.024675,-0.055534,0.00128,0.001716
0,0.006005,0.10506,-0.073801,0.221735,-0.057009,0.253361,0.000105,0.001834
0,-0.094764,0.011163,-0.128391,-0.110217,-0.165269,-0.159668,0.001654,0.000195
0,0.111626,-0.082409,0.193927,-0.103162,0.170015,-0.05529,0.001948,0.001438
0,0.017151,-0.086645,-0.112639,0.010596,-0.076204,-0.007322,0.000299,0.001512
0,-0.051329,0.106648,-0.046757,0.174229,-0.094728,0.134018,0.000896,0.001861
0,0.142348,-0.162282,0.219565,-0.248593,0.251447,-0.278069,0.002484,0.002785
0,0.060271,0.029316,-0.09568,0.20444,-0.072217,0.167012,0.001052,0.000512
0,0.19547,-0.147425,0.14348,-0.179111,0.183098,-0.215539,0.002206,0.002573
0,0.112357,-8.6e-05,-0.102701,0.156621,-0.113937,0.15912,0.001961,2e-06
0,0.099183,-0.225885,-0.034529,-0.243641,-0.010967,-0.208261,0.001731,0.001675
0,0.168411,-0.204202,0.096139,-0.000354,0.138074,-0.021731,0.002678,0.002054
0,0.002406,-0.229669,-0.158259,-0.054466,-0.189937,-0.091827,4.2e-05,0.001609
0,0.025399,-0.00492,0.013176,0.247297,0.009949,0.213787,0.000443,8.6e-05
0,-0.034884,-0.073364,-0.031815,-0.052575,-0.079754,-0.034673,0.000609,0.00128
0,-0.015472,-0.025451,0.015778,0.059406,0.020635,0.093816,0.00027,0.000444
0,-0.085447,-0.002512,-0.04923,0.033739,-0.065759,0.012342,0.001491,4.4e-05
0,0.138212,0.102717,0.237228,0.125975,0.26654,0.153194,0.002412,0.001793
0,0.176394,0.055734,0.059652,-0.070218,0.091317,-0.022037,0.002539,0.000973
0,0.196707,-0.000393,0.043301,-0.073415,0.010246,-0.082974,0.002184,7e-06
0,0.052835,-0.058033,-0.161752,-0.083709,-0.123362,-0.061098,0.000922,0.001013
0,0.063848,-0.072108,0.019697,0.004409,0.035827,-0.008987,0.001114,0.001259
0,0.080012,-0.000796,0.007157,0.093634,-0.001768,0.125127,0.001396,1.4e-05
0,0.134939,-0.139519,0.066978,-0.148705,0.048757,-0.119609,0.002355,0.002435
0,0.067925,0.061061,-0.057503,0.175487,-0.023517,0.191787,0.001186,0.001066
0,0.191138,0.123585,0.107378,0.043944,0.092957,0.08166,0.002282,0.002157
0,0.101083,0.040632,-0.115527,-0.057184,-0.078455,-0.074833,0.001764,0.000709
0,0.129922,0.09198,0.037278,0.057302,0.055897,0.024189,0.002268,0.001605
0,0.122253,0.002759,-0.000997,-0.059583,0.001876,-0.066046,0.002134,4.8e-05
0,0.143133,0.007097,0.037152,0.033597,-0.007976,-0.010501,0.002498,0.000124
0,0.04102,-0.129922,-0.121469,-0.149203,-0.12205,-0.13062,0.000716,0.002268
0,0.13946,0.028164,0.116289,0.176306,0.110934,0.182607,0.002434,0.000492
0,0.060854,-0.127257,-0.062583,-0.179247,-0.061293,-0.17559,0.001062,0.002221
0,0.264137,-0.02678,0.183842,0.124847,0.139689,0.091837,0.001007,0.000467
0,0.011719,-0.091144,-0.252287,-0.061249,-0.280003,-0.014542,0.000205,0.001591
0,0.044338,-0.080343,0.04777,0.013457,0.079394,0.008237,0.000774,0.001402
0,-3.356607,0.12484,-3.41632,0.208419,-3.389493,0.242766,0.002409,0.002179
0,-3.507373,0.552523,-0.146752,0.416694,-0.155052,0.374423,0.000577,0.001592
0,-3.250911,0.625656,0.276443,0.077636,0.260279,0.124335,0.000564,0.000315
0,-2.95548,0.713311,0.298948,0.108651,0.307125,0.086182,0.001025,0.001215
0,-2.523235,0.517031,0.441967,-0.205321,0.431514,-0.190741,0.000901,0.002211
0,-1.852845,0.345787,0.670026,-0.15503,0.710441,-0.160229,0.001367,0.000418
0,-1.335777,0.488506,0.540351,0.166631,0.585248,0.116737,0.000844,0.002709
0,-1.134677,0.256249,0.200303,-0.209952,0.189875,-0.177493,0.002666,0.001145
0,-0.554469,0.152945,0.559427,-0.104975,0.552102,-0.120232,0.001558,0.002669
0,-0.104957,0.1168,0.462402,-0.048825,0.511262,-0.076687,0.001832,0.002039
0,-0.025518,0.093818,0.049472,-0.002333,0.012091,-0.02123,0.000445,0.001637
0,0.250881,0.022556,0.26158,-0.084593,0.221017,-0.115368,0.001239,0.000394
0,0.341781,0.178995,0.11446,0.152686,0.101021,0.175569,0.000348,0.002493
0,0.288259,0.153225,-0.062764,-0.033001,-0.050751,-0.011075,0.000586,0.002106
0,0.213296,0.136698,-0.048379,-0.033461,-0.047593,-0.039704,0.001895,0.002106
0,0.11543,-0.079769,-0.092767,-0.230272,-0.1105,-0.272445,0.002015,0.002106
0,0.052997,-0.065748,-0.082617,0.03572,-0.066446,0.030246,0.000925,0.002106
0,0.171071,0.005534,0.114016,0.097254,0.091703,0.084826,0.002632,0.002106
0,0.252717,0.185903,0.088337,0.162,0.055634,0.115087,0.001207,0.002106
0,0.158896,0.013249,-0.116727,-0.196984,-0.117004,-0.237304,0.002773,0.002106
0,0.11176,0.164882,-0.065874,0.130304,-0.110965,0.121213,0.001951,0.002106
0,0.132954,-0.062208,0.017658,-0.227491,0.044706,-0.228779,0.00232,0.002106
0,0.029608,0.172058,-0.103851,0.244686,-0.138877,0.225233,0.000517,0.002106
0,0.177966,-0.022093,0.150651,-0.187807,0.190862,-0.184135,0.002511,0.002106
0,0.314743,-0.104529,0.115988,-0.076293,0.155545,-0.08555,0.000124,0.002106
0,0.201316,0.042155,-0.111651,0.119163,-0.108923,0.108472,0.002104,0.002106
0,0.243384,-0.097946,0.018256,-0.13141,0.040315,-0.095566,0.00137,0.002106
0,0.357291,0.064178,0.124372,0.162574,0.170274,0.126936,0.000618,0.002106
0,0.072353,-0.073548,-0.293903,-0.14171,-0.285171,-0.178764,0.001263,0.002106
0,0.329472,-0.040812,0.24124,0.042779,0.278002,-0.006789,0.000133,0.002106
0,0.109814,-0.150504,-0.191093,-0.117214,-0.187105,-0.129249,0.001917,0.002627
0,0.045926,-0.082764,-0.08926,0.085824,-0.10044,0.083065,0.000802,0.002106
0,0.084667,0.129663,0.064722,0.196914,0.09403,0.225186,0.001478,0.002106
0,0.096749,-0.114533,-0.001125,-0.236814,-0.047234,-0.237041,0.001689,0.002106
0,0.291687,0.053928,0.189706,0.165947,0.178737,0.140987,0.000527,0.002106
0,0.206273,0.032271,-0.087052,-0.017743,-0.04702,-0.044506,0.002017,0.002106
0,0.126383,-3.3e-05,-0.054189,-0.029992,-0.012879,-0.05519,0.002206,0.002106
0,0.24918,0.004071,0.144603,0.016157,0.15016,0.063149,0.001269,0.002106
0,0.053045,-0.113432,-0.1962,-0.094549,-0.201679,-0.134779,0.000926,0.002106
0,0.100103,0.045733,0.019092,0.140288,0.015352,0.163799,0.001747,0.002106
0,0.017228,-0.034922,-0.074942,-0.07024,-0.079153,-0.032341,0.000301,0.002106
0,0.138345,0.000708,0.12938,0.030075,0.079574,0.024754,0.002415,0.002106
0,-0.022207,-0.022337,-0.160437,-0.015172,-0.180017,-0.015329,0.000388,0.002106
0,0.203399,-0.080584,0.243308,-0.074227,0.236321,-0.094164,0.002068,0.002106
0,0.223718,-0.137752,-0.004755,-0.082001,0.009427,-0.050748,0.001713,0.002404
0,0.280293,0.07966,0.051043,0.194968,0.025125,0.201281,0.000725,0.002106
0,0.306092,-0.197237,0.035987,-0.26249,-0.002593,-0.275287,0.000275,0.002175
0,0.072945,-0.145338,-0.222819,0.058808,-0.252748,0.089893,0.001273,0.002537
0,0.185976,-0.099119,0.118355,0.027394,0.161186,0.000181,0.002372,0.00173
0,0.1847,-0.076871,0.022331,0.005427,-0.022559,-0.035227,0.002394,0.001342
0,0.179954,-0.117006,-0.013884,-0.038319,-0.015679,-0.076009,0.002477,0.002042
0,0.060051,0.09289,-0.117833,0.23696,-0.098585,0.245798,0.001048,0.001621
0,0.177767,-0.166863,0.100279,-0.260517,0.089937,-0.291607,0.002515,0.002705
0,0.139755,-0.126496,-0.065954,0.037962,-0.105401,0.053227,0.002439,0.002208
0,0.269874,0.050471,0.139449,0.204175,0.113277,0.18578,0.000907,0.000881
0,0.019469,-0.145703,-0.27963,-0.174494,-0.318146,-0.2178,0.00034,0.002543
0,0.246124,-0.208842,0.235145,-0.036501,0.27383,-0.044086,0.001322,0.001973
0,0.155286,-0.1489,-0.067452,0.038861,-0.0211,0.069821,0.00271,0.002599
0,0.23994,0.030415,0.103283,0.177412,0.062607,0.163511,0.00143,0.000531
0,0.117396,-0.100481,-0.098379,-0.12302,-0.098117,-0.16905,0.002049,0.001754
0,-0.046514,-0.173188,-0.13664,-0.082566,-0.161758,-0.104172,0.000812,0.002595
0,0.008432,-0.035674,0.059011,0.122768,0.030975,0.140326,0.000147,0.000623
0,0.074998,-0.0678,0.049446,-0.057525,0.064561,-0.081707,0.001309,0.001183
0,0.056383,-0.045815,0.000538,0.035084,-0.037856,0.006117,0.000984,0.0008
0,-0.129176,0.010811,-0.166082,0.050056,-0.185495,0.021869,0.002255,0.000189
0,0.056997,0.007708,0.179555,0.020537,0.227774,0.010269,0.000995,0.000135
0,0.045955,-0.137468,0.009709,-0.152754,0.056257,-0.112639,0.000802,0.002399
0,0.055333,-0.06704,0.036729,0.098213,0.048976,0.123069,0.000966,0.00117
0,0.125735,-0.149959,0.071282,-0.087533,0.107652,-0.131251,0.002194,0.002617
0,-0.034791,0.062289,-0.184206,0.226553,-0.201866,0.211295,0.000607,0.001087
0,-0.173533,-0.045818,-0.14578,-0.122261,-0.190142,-0.123812,0.002589,0.0008
0,-0.088149,-0.037335,0.072842,0.01836,0.056302,0.036358,0.001538,0.000652
0,-0.080373,0.018315,-0.005925,0.059353,-0.043928,0.099137,0.001403,0.00032
0,-0.10448,-0.10704,0.005026,-0.096898,0.033855,-0.116467,0.001824,0.001868
0,0.076492,-0.221398,0.152381,-0.088821,0.104013,-0.06907,0.001335,0.001753
0,-0.14539,-0.160228,-0.220185,0.086739,-0.177537,0.133549,0.002538,0.002797
0,0.065406,-0.082539,0.213766,0.071041,0.248547,0.070597,0.001142,0.001441
0,-0.028579,0.043977,-0.103669,0.146801,-0.139493,0.131347,0.000499,0.000768
0,-0.053573,-0.121734,-0.033968,-0.195641,0.006805,-0.211651,0.000935,0.002125
0,-0.146541,-0.175383,-0.114507,-0.082914,-0.081697,-0.0719,0.002558,0.002557
0,-0.107727,-0.05872,0.015329,0.087207,0.059987,0.059301,0.00188,0.001025
0,0.126139,-0.194079,0.240684,-0.106872,0.288974,-0.101596,0.002202,0.00223
0,0.033809,0.07132,-0.106202,0.265535,-0.058729,0.313277,0.00059,0.001245
0,0.181549,-0.168298,0.134148,-0.231696,0.14018,-0.206495,0.002449,0.00268
0,-0.098124,-0.07248,-0.300961,0.112991,-0.330193,0.123829,0.001713,0.001265
0,0.072584,-0.123149,0.199918,-0.060655,0.239093,-0.057245,0.001267,0.002149
0,-0.026689,0.016311,-0.085356,0.161969,-0.129006,0.157038,0.000466,0.000285
0,-0.05994,0.085844,-0.029159,0.062453,-0.077566,0.035505,0.001046,0.001498
0,0.059952,-0.111644,0.113438,-0.170352,0.110431,-0.125415,0.001046,0.001949
0,0.073109,-0.114344,0.022318,-0.030784,0.038585,-0.05961,0.001276,0.001996
0,-0.106984,0.124197,-0.188946,0.210144,-0.215153,0.222549,0.001867,0.002168
0,0.10002,-0.013774,0.221147,-0.134469,0.250118,-0.137647,0.001746,0.00024
0,0.088222,-0.056141,-0.031004,-0.071465,0.01649,-0.066621,0.00154,0.00098
0,0.079708,0.097954,-0.002298,0.173062,0.023773,0.178377,0.001391,0.00171
0,0.065792,0.186374,-0.028813,0.059075,-0.077643,0.060547,0.001148,0.002365
0,-0.045068,0.09235,-0.102853,-0.065096,-0.138279,-0.03196,0.000787,0.001612
0,0.153521,0.198091,0.207584,0.076338,0.181624,0.087233,0.002679,0.00216
0,-0.04662,0.099873,-0.188746,-0.103722,-0.173776,-0.109906,0.000814,0.001743
0,-0.028958,0.044381,0.025997,-0.054149,0.0476,-0.007087,0.000505,0.000775
0,-0.0235,0.020351,0.015969,-0.029445,0.064739,-0.046906,0.00041,0.000355
0,0.06719,0.074645,0.098886,0.07564,0.130316,0.086969,0.001173,0.001303
0,-0.08143,-0.033766,-0.156228,-0.078671,-0.15481,-0.040832,0.001421,0.000589
0,0.178322,0.010793,0.26488,0.058044,0.23579,0.105451,0.002505,0.000188
0,0.139568,0.137015,-0.053247,0.129203,-0.094517,0.168292,0.002436,0.002391
0,-0.136922,-0.087753,-0.295611,-0.20481,-0.325384,-0.212675,0.00239,0.001532
0,-0.099693,0.02982,0.020496,0.091462,0.034703,0.090111,0.00174,0.00052
0,0.172542,0.037413,0.261333,-0.012208,0.227561,-0.017023,0.002606,0.000653
0,0.069653,0.050204,-0.077166,-0.010408,-0.10686,-0.049759,0.001216,0.000876
0,0.134581,0.132802,0.039399,0.100401,0.040727,0.067223,0.002349,0.002318
0,0.056223,-0.099416,-0.070672,-0.209866,-0.091743,-0.173422,0.000981,0.001735
0,-0.039642,0.087721,-0.091464,0.185463,-0.088757,0.213754,0.000692,0.001531
0,-0.127691,0.059363,-0.062544,-0.036364,-0.029496,-0.003832,0.002229,0.001036
0,0.020208,-0.121601,0.157756,-0.184482,0.112567,-0.14488,0.000353,0.002122
0,-0.115091,0.016108,-0.121931,0.151902,-0.104901,0.146476,0.002009,0.000281
0,-0.050693,-0.064794,0.036265,-0.074342,0.048226,-0.077057,0.000885,0.001131
0,0.073416,0.110567,0.115926,0.169506,0.090237,0.135898,0.001281,0.00193
0,-0.073719,0.113494,-0.124695,-0.017396,-0.100213,0.031107,0.001287,0.001981
0,-0.056333,0.078728,0.012246,-0.058824,0.058472,-0.093362,0.000983,0.001374
0,0.063848,-0.014847,0.134157,-0.10561,0.160784,-0.057206,0.001114,0.000259
0,0.03997,0.02316,-0.052611,0.02442,-0.020114,0.030743,0.000698,0.000404
0,0.092906,0.011227,0.025313,-0.013431,0.031617,-0.003757,0.001622,0.000196
0,-0.017717,-0.1368,-0.111136,-0.162334,-0.075593,-0.138377,0.000309,0.002388
0,-0.115765,0.099181,-0.117626,0.244147,-0.139223,0.246655,0.00202,0.001731
0,-0.162051,-0.018381,-0.049181,-0.126616,-0.084611,-0.158683,0.002789,0.000321
0,-0.205327,0.167667,-0.055587,0.175808,-0.037767,0.172105,0.002034,0.002691
0,-0.160795,0.11806,0.031515,-0.044455,0.043267,-0.092687,0.002806,0.002061
0,-0.108033,0.127953,0.054885,-0.004092,0.053828,0.009607,0.001886,0.002233
0,0.025742,0.058065,0.143926,-0.075749,0.131104,-0.124596,0.000449,0.001013
0,-0.050757,0.134017,-0.065925,0.083851,-0.050291,0.09325,0.000886,0.002339
0,-0.087617,-0.060483,-0.057678,-0.184981,-0.07517,-0.13674,0.001529,0.001056
0,-0.073502,-0.027048,0.043081,0.059661,0.084865,0.030547,0.001283,0.000472
0,0.09575,0.068371,0.173549,0.11254,0.221353,0.14904,0.001671,0.001193
0,0.016352,0.072252,-0.086218,0.026695,-0.130398,-0.013686,0.000285,0.001261
0,0.042569,0.113936,0.001851,0.042932,0.041693,0.077475,0.000743,0.001989
0,-0.017945,-0.002354,-0.05683,-0.112677,-0.03508,-0.065366,0.000313,4.1e-05
0,-0.12761,-0.086215,-0.136095,-0.075812,-0.10369,-0.118564,0.002227,0.001505
0,-0.190825,0.057227,-0.060143,0.148778,-0.109954,0.159906,0.002287,0.000999
0,0.049969,0.111331,0.229315,0.064617,0.278243,0.078429,0.000872,0.001943
0,0.015202,0.026558,-0.037412,-0.100611,-0.068222,-0.144888,0.000265,0.000464
0,-0.154922,0.063814,-0.183617,0.024926,-0.214943,0.02457,0.002704,0.001114
0,-0.118769,0.068647,0.037797,-0.01071,0.015549,0.009297,0.002073,0.001198
0,-0.070842,0.030092,0.040427,-0.030963,-0.007656,-0.035769,0.001236,0.000525
0,0.017398,0.026995,0.08757,-0.017348,0.115715,0.018866,0.000304,0.000471
0,0.014726,-0.072336,0.001871,-0.101643,0.048805,-0.108228,0.000257,0.001263
0,-0.178523,-0.043505,-0.192047,0.014392,-0.216489,0.002173,0.002502,0.000759
0,-0.102679,-0.14012,0.083414,-0.103707,0.08763,-0.15147,0.001792,0.002446
0,-0.155961,-0.079682,-0.053273,0.033101,-0.08737,-0.015685,0.002722,0.001391
0,-0.02305,-0.02979,0.116195,0.042544,0.097489,0.068375,0.000402,0.00052
0,-0.180854,-0.090617,-0.148062,-0.032567,-0.139632,-0.077153,0.002461,0.001582
0,-0.210051,0.021203,-0.048222,0.089509,-0.023227,0.119706,0.001951,0.00037
0,-0.11686,-0.123438,0.070889,-0.171788,0.0898,-0.162377,0.00204,0.002154
0,-0.130134,0.090923,-0.004158,0.190972,0.007205,0.169279,0.002271,0.001587
0,-0.004381,-0.090162,0.150438,-0.208038,0.178241,-0.18857,7.6e-05,0.001574
0,-0.004834,0.163264,-0.004973,0.229129,-0.024563,0.258903,8.4e-05,0.002768
0,-0.181288,-0.00293,-0.18318,-0.16099,-0.196816,-0.160831,0.002453,5.1e-05
0,-0.117047,0.021772,0.073433,0.041547,0.114842,0.056184,0.002043,0.00038
0,-0.120946,-0.161324,0.020271,-0.204552,0.028975,-0.186504,0.002111,0.002802
0,-0.044612,-0.023943,0.080478,0.126076,0.042045,0.151306,0.000779,0.000418
0,0.168058,-0.0435,0.224774,-0.028613,0.263069,0.004697,0.002684,0.000759
0,-0.037047,-0.078114,-0.196412,-0.038347,-0.197299,-0.023565,0.000647,0.001363
0,0.077812,-0.063583,0.104106,0.006914,0.129296,0.036848,0.001358,0.00111
0,0.129841,0.014548,0.059416,0.063276,0.034703,0.086804,0.002266,0.000254
0,0.040211,0.095292,-0.065386,0.056309,-0.039824,0.024722,0.000702,0.001663
0,0.133082,-0.115167,0.0788,-0.183942,0.05059,-0.203264,0.002323,0.00201
0,0.00484,-0.047063,-0.107761,0.070052,-0.133318,0.066919,8.4e-05,0.000821
0,0.019788,-0.01425,-0.011204,0.0314,-0.010928,0.04801,0.000345,0.000249
0,0.12496,-0.136686,0.109028,-0.098209,0.080008,-0.070214,0.002181,0.002386
0,-0.091976,0.059142,-0.21449,0.191489,-0.168008,0.179201,0.001605,0.001032
0,0.018981,0.055596,0.136254,0.023213,0.092897,0.010968,0.000331,0.00097
0,0.083631,-0.149312,0.081705,-0.218597,0.052799,-0.260167,0.00146,0.002606
0,0.048339,0.041151,-0.011836,0.182383,-0.023228,0.176538,0.000844,0.000718
0,-0.14637,0.019132,-0.202256,0.001027,-0.231724,0.014403,0.002555,0.000334
0,-0.135159,0.023468,0.025981,0.01077,-0.020794,0.030932,0.002359,0.00041
0,-0.018827,0.062357,0.125726,0.045229,0.126857,0.042696,0.000329,0.001088
0,0.176134,0.054456,0.18759,-0.020159,0.160009,-0.05626,0.002543,0.00095
0,0.010399,0.069904,-0.184389,-0.005257,-0.181206,-0.029981,0.000181,0.00122
0,0.017385,-0.143157,0.033884,-0.22904,0.047849,-0.265473,0.000303,0.002499
0,0.084804,-0.142119,0.071864,0.016676,0.092866,-0.02718,0.00148,0.00248
0,-0.104382,-0.087058,-0.207055,0.071819,-0.250801,0.086519,0.001822,0.001519
0,-0.207848,-0.110303,-0.116753,0.005363,-0.086775,-0.038938,0.00199,0.001925
0,-0.143425,0.023309,0.03597,0.130441,0.043123,0.143776,0.002503,0.000407
0,-0.304063,0.088254,-0.137886,0.077936,-0.177677,0.033005,0.000311,0.00154
0,-0.293926,-0.042114,0.029017,-0.131181,-0.015562,-0.11921,0.000488,0.000735
0,-0.057423,0.054604,0.246725,0.087867,0.273593,0.101399,0.001002,0.000953
0,-0.218025,-0.153053,-0.134303,-0.237434,-0.148079,-0.253654,0.001812,0.002671
0,-0.150695,-0.178784,0.058618,-0.017502,0.077016,0.017228,0.00263,0.002497
0,-0.172822,-0.165684,-0.02804,0.038083,-0.002681,-0.008237,0.002601,0.002726
0,-0.105829,-0.027738,0.082736,0.152433,0.052409,0.154068,0.001847,0.000484
0,-0.022819,-0.12754,0.106255,-0.103126,0.149565,-0.099493,0.000398,0.002226
0,-0.10824,0.08983,-0.113573,0.193185,-0.06436,0.199034,0.001889,0.001568
0,-0.075745,-0.016824,0.023327,-0.095127,0.029248,-0.116696,0.001322,0.000294
0,0.028179,-0.05506,0.0819,-0.014137,0.082459,-0.050688,0.000492,0.000961
0,-0.035665,-0.046897,-0.067821,0.003004,-0.093028,-0.021534,0.000622,0.000819
0,-0.036665,0.041202,0.027623,0.063253,0.039217,0.038216,0.00064,0.000719
0,-0.190931,-0.069776,-0.154424,-0.102082,-0.199222,-0.1348,0.002285,0.001218
0,-0.052049,-0.047791,0.159645,0.00567,0.16356,0.054345,0.000908,0.000834
0,-0.072522,-0.154343,-0.020568,-0.085194,-0.065986,-0.125807,0.001266,0.002694
0,-0.102479,-0.167669,-0.045217,-0.00265,-0.017825,0.026603,0.001789,0.002691
0,-0.19653,-0.060413,-0.11658,0.083654,-0.098292,0.082081,0.002187,0.001054
0,-0.213172,0.015034,-0.042374,0.057901,-0.046363,0.092556,0.001897,0.000262
0,-0.220379,-0.206748,-0.0234,-0.196198,-0.049031,-0.229368,0.001771,0.002009
0,-0.108244,-0.132191,0.098917,0.053442,0.09052,0.062642,0.001889,0.002307
0,-0.049966,0.001077,0.08332,0.12818,0.102078,0.0931,0.000872,1.9e-05
0,-0.237993,0.009917,-0.215327,0.003515,-0.19951,-0.03519,0.001464,0.000173
0,0.084338,-0.178524,0.341303,-0.180996,0.381576,-0.145032,0.001472,0.002502
0,-0.128221,-0.106562,-0.224863,0.052659,-0.2518,0.027921,0.002238,0.00186
0,0.003013,-0.062102,0.145987,0.065664,0.130309,0.058582,5.3e-05,0.001084
0,0.002772,0.045503,-0.008201,0.128132,0.020657,0.176325,4.8e-05,0.000794
0,-0.081003,-0.109625,-0.077873,-0.180956,-0.058946,-0.214674,0.001414,0.001913
0,-0.181482,-0.148354,-0.094569,-0.025565,-0.143678,-0.065659,0.00245,0.002589
0,-0.037769,0.010043,0.139551,0.137354,0.184709,0.168721,0.000659,0.000175
0,0.051324,-0.216594,0.07215,-0.220928,0.073296,-0.270116,0.000896,0.001837
0,0.08073,0.082532,0.014287,0.327479,-0.031335,0.348168,0.001409,0.00144
0,0.128669,0.010396,0.045013,-0.081115,0.021976,-0.114213,0.002246,0.000181
0,0.096206,-0.096616,-0.024393,-0.082529,-0.042631,-0.106835,0.001679,0.001686
0,0.12147,-0.111895,0.031759,-0.020412,0.062254,-0.053549,0.00212,0.001953
0,0.154584,-0.037431,0.033897,0.088845,-0.012606,0.068616,0.002698,0.000653
0,0.104943,-0.124853,-0.043888,-0.086225,-0.004709,-0.048259,0.001832,0.002179
0,0.038428,0.047901,-0.062376,0.170174,-0.048675,0.188487,0.000671,0.000836
0,-0.061564,0.062026,-0.076127,0.034042,-0.104482,0.052903,0.001074,0.001083
0,0.095031,0.164846,0.167986,0.105101,0.142331,0.094023,0.001659,0.00274
0,0.000209,-0.120097,-0.077219,-0.295198,-0.073184,-0.322843,4e-06,0.002096
0,-0.015624,-0.035054,0.013316,0.06914,0.043243,0.027298,0.000273,0.000612
0,0.190726,0.019968,0.189677,0.080032,0.203373,0.102592,0.002289,0.000349
0,0.11588,-0.115738,-0.081347,-0.111522,-0.088356,-0.139865,0.002022,0.00202
0,0.176017,-0.033426,0.07963,0.105079,0.055653,0.108105,0.002545,0.000583
0,0.070132,-0.082735,-0.126721,-0.073218,-0.107953,-0.10514,0.001224,0.001444
0,0.137019,-0.138527,0.088953,-0.085098,0.039964,-0.041626,0.002391,0.002418
0,0.163571,-0.043304,0.055498,0.108517,0.0377,0.083167,0.002763,0.000756
0,-0.022996,0.048239,-0.170452,0.067444,-0.20393,0.044495,0.000401,0.000842
0,0.05786,-0.008804,0.052434,-0.081626,0.092828,-0.095845,0.00101,0.000154
0,-0.050312,0.108056,-0.09733,0.099629,-0.116494,0.060967,0.000878,0.001886
0,0.005312,-0.124101,0.069621,-0.222531,0.110387,-0.231181,9.3e-05,0.002166
0,0.129188,-0.053356,0.117124,0.088256,0.110655,0.13237,0.002255,0.000931
0,-0.030125,-0.158127,-0.148507,-0.13263,-0.169812,-0.105396,0.000526,0.00276
0,-0.014411,0.023796,0.012934,0.173609,-0.013097,0.187667,0.000252,0.000415
0,-0.070352,-0.085829,-0.058594,-0.109729,-0.014722,-0.101036,0.001228,0.001498
0,0.211188,-0.10139,0.255677,-0.018356,0.293301,-0.062842,0.001932,0.00177
0,0.176249,-0.134618,-0.026042,-0.053215,0.021552,-0.030684,0.002541,0.00235
0,-0.007389,-0.056098,-0.173881,0.06242,-0.157147,0.022507,0.000129,0.000979
0,0.10185,-0.124229,0.125455,-0.068997,0.078605,-0.042433,0.001778,0.002168
0,0.070619,0.020786,-0.052844,0.172226,-0.040586,0.154239,0.001233,0.000363
0,0.095581,-0.022389,0.00668,-0.042324,-0.023692,-0.006668,0.001668,0.000391
0,0.088366,-0.124178,-0.036382,-0.090012,0.004535,-0.133932,0.001542,0.002167
0,0.036718,-0.056854,-0.071922,0.07438,-0.110344,0.048002,0.000641,0.000992
0,-0.032343,0.047682,-0.047527,0.134307,-0.030981,0.119864,0.000564,0.000832
0,-0.10005,-0.06268,-0.073554,-0.127557,-0.026688,-0.147449,0.001746,0.001094
0,-0.018958,-0.052532,0.071173,0.014339,0.077203,0.059737,0.000331,0.000917
0,-0.047854,0.103412,-0.045414,0.148369,-0.037291,0.166086,0.000835,0.001805
0,-0.002627,0.13901,0.038912,0.012296,0.049543,0.019985,4.6e-05,0.002426
0,-0.042134,-0.122906,-0.030801,-0.274947,-0.004697,-0.30811,0.000735,0.002145
0,-0.271781,0.008828,-0.219207,0.117551,-0.233322,0.090627,0.000874,0.000154
0,-0.102102,-0.060737,0.181718,-0.043172,0.229924,-0.051217,0.001782,0.00106
0,-0.08431,-0.076051,-0.004285,-0.035334,-0.028942,-0.069649,0.001471,0.001327
0,-0.174082,0.015821,-0.074426,0.084892,-0.070392,0.077306,0.002579,0.000276
0,-0.001968,-0.13433,0.175258,-0.169964,0.20062,-0.19339,3.4e-05,0.002345
0,0.072657,0.114529,0.075547,0.236298,0.031795,0.207716,0.001268,0.001999
0,-0.166408,0.059075,-0.243275,-0.070464,-0.280454,-0.034888,0.002713,0.001031
0,0.007513,-0.104458,0.149822,-0.178413,0.118314,-0.169073,0.000131,0.001823
0,0.0735,0.111501,0.047317,0.232036,0.046676,0.217555,0.001283,0.001946
0,-0.199326,0.013399,-0.281967,-0.118428,-0.284666,-0.120496,0.002139,0.000234
0,-0.137766,0.11036,0.066164,0.11321,0.057378,0.157488,0.002404,0.001926
0,-0.009808,0.017643,0.135133,-0.069342,0.097978,-0.099752,0.000171,0.000308
0,-0.108991,0.03558,-0.07292,0.037686,-0.046027,-0.006459,0.001902,0.000621
0,0.061804,-0.016717,0.156843,-0.035688,0.201122,-0.015883,0.001079,0.000292
0,-0.191709,-0.030269,-0.251364,-0.000634,-0.290546,-0.013009,0.002272,0.000528
0,-0.027209,0.07703,0.159676,0.130871,0.202029,0.174137,0.000475,0.001344
0,-0.040062,-0.071676,-0.014269,-0.149749,0.00472,-0.125377,0.000699,0.001251
0,-0.126465,0.001105,-0.060437,0.044851,-0.03516,0.04185,0.002207,1.9e-05
0,-0.059129,0.001299,0.091296,-0.007887,0.114409,0.029211,0.001032,2.3e-05
0,-0.050826,-0.080504,0.031657,-0.10026,0.046223,-0.094273,0.000887,0.001405
0,0.002205,0.137375,0.065462,0.217458,0.073752,0.209212,3.8e-05,0.002398
0,0.046329,0.034482,0.062806,-0.11641,0.070575,-0.145906,0.000809,0.000602
0,-0.070544,-0.062444,-0.138515,-0.080077,-0.126566,-0.03938,0.001231,0.00109
0,0.000355,0.135018,0.067679,0.16832,0.091697,0.153317,6e-06,0.002357
0,-0.173934,0.068345,-0.148316,-0.039949,-0.152397,-0.051171,0.002582,0.001193
0,-0.18489,-0.112236,-0.01876,-0.160398,0.021525,-0.195859,0.002391,0.001959
0,0.061288,0.156187,0.226033,0.262264,0.26782,0.231695,0.00107,0.002726
0,-0.062302,-0.055368,-0.124046,-0.227098,-0.082124,-0.206693,0.001087,0.000966
0,-0.107801,0.207719,-0.054637,0.287205,-0.05299,0.248724,0.001881,0.001992
0,-0.271741,0.063636,-0.185578,-0.172256,-0.220888,-0.170716,0.000875,0.001111
0,0.027715,0.024606,0.282142,-0.068759,0.303059,-0.057763,0.000484,0.000429
0,-0.199992,0.004391,-0.222055,-0.008815,-0.238024,0.023974,0.002127,7.7e-05
0,-0.219275,0.152796,-0.027519,0.146163,-0.074181,0.108428,0.00179,0.002667
0,-0.232966,-0.094519,-0.021657,-0.217855,-0.028633,-0.185308,0.001551,0.00165
0,-0.155525,-0.07929,0.062961,0.027823,0.092563,0.066154,0.002714,0.001384
0,-0.264083,0.107747,-0.094792,0.187054,-0.126895,0.208485,0.001008,0.001881
0,-0.069488,-0.069506,0.19584,-0.206304,0.176453,-0.193726,0.001213,0.001213
0,-0.234436,0.179483,-0.16769,0.261784,-0.136844,0.238095,0.001526,0.002485
0,-0.200136,0.166018,0.045201,-0.028177,0.003423,0.003694,0.002124,0.00272
0,-0.111972,0.191993,0.069985,0.024908,0.103625,0.056203,0.001954,0.002267
0,-0.299758,0.049929,-0.163294,-0.138718,-0.176918,-0.100487,0.000386,0.000871
0,-0.056488,0.008734,0.249885,-0.031421,0.261879,-0.009173,0.000986,0.000152
0,-0.288768,-0.062351,-0.240905,-0.06589,-0.254721,-0.071874,0.000578,0.001088
0,-0.282638,0.181097,-0.00981,0.248899,-0.008756,0.288872,0.000685,0.002457
0,0.011257,0.131248,0.277657,-0.070818,0.274493,-0.094705,0.000196,0.002291
0,-0.214157,0.186903,-0.202385,0.060075,-0.223071,0.023278,0.00188,0.002355
0,0.050782,-0.046005,0.254681,-0.207378,0.290939,-0.185775,0.000886,0.000803
0,0.067782,-0.115859,0.025489,-0.076899,0.049873,-0.085425,0.001183,0.002022
0,0.025864,0.039283,-0.040396,0.127824,0.003053,0.116088,0.000451,0.000686
0,0.077542,-0.06493,0.030773,-0.119616,0.050487,-0.135721,0.001353,0.001133
0,0.02173,-0.068743,-0.040483,0.020401,-0.03155,0.050333,0.000379,0.0012
0,-0.181645,-0.047039,-0.223664,0.017295,-0.185999,-0.000542,0.002447,0.000821
0,-0.00497,0.02883,0.174025,0.066788,0.222217,0.084398,8.7e-05,0.000503
0,-0.093147,-0.077149,-0.060519,-0.135219,-0.011808,-0.17264,0.001626,0.001347
0,-0.053301,0.061054,0.064747,0.13831,0.114659,0.146048,0.00093,0.001066
0,-0.071766,-0.015631,-0.031341,-0.095166,0.002801,-0.072335,0.001253,0.000273
0,-0.143202,-0.006718,-0.095159,0.000615,-0.0501,0.050355,0.002499,0.000117
0,-0.099598,-0.103181,0.061726,-0.085391,0.058876,-0.038627,0.001738,0.001801
0,-0.025143,-0.019507,0.099101,0.079868,0.096568,0.10287,0.000439,0.00034
0,-0.229345,-0.160549,-0.228353,-0.135406,-0.228002,-0.090445,0.001615,0.002802
0,-0.193826,-0.202715,0.01414,-0.017662,0.062766,-0.015026,0.002235,0.002079
0,0.014389,-0.135011,0.223125,0.090953,0.181536,0.064025,0.000251,0.002356
0,0.032393,0.069531,0.027922,0.224517,-0.012595,0.176464,0.000565,0.001214
0,-0.06963,-0.145153,-0.077894,-0.188778,-0.052075,-0.208537,0.001215,0.002533
0,0.08598,-0.003301,0.130817,0.154434,0.147296,0.116425,0.001501,5.8e-05
0,0.142985,-0.054598,0.068902,-0.022978,0.082951,-0.050856,0.002496,0.000953
0,0.083265,0.003441,-0.068982,0.070503,-0.052313,0.038452,0.001453,6e-05
0,0.088128,-0.095168,0.004742,-0.103358,-0.031847,-0.076016,0.001538,0.001661
0,0.02611,-0.129214,-0.055222,-0.014485,-0.028453,-0.007615,0.000456,0.002255
0,0.116303,-0.194336,0.067166,-0.091552,0.07243,-0.111286,0.00203,0.002226
0,-0.014656,0.079762,-0.146727,0.256872,-0.097723,0.298834,0.000256,0.001392
0,-2.395361,-1.319446,-2.373764,-1.421286,-2.340897,-1.418978,0.002484,0.000559
0,-3.261928,-1.575626,-0.896544,-0.24332,-0.929727,-0.225127,0.000756,0.000588
0,-4.055475,-1.66731,-0.770974,-0.06841,-0.721155,-0.082305,0.002246,0.001013
0,-3.534486,-1.854171,0.523373,-0.192713,0.551568,-0.221169,0.000104,0.001344
0,-2.809146,-1.795893,0.735523,0.069365,0.688015,0.095588,0.001529,0.002361
0,-2.1173,-1.323864,0.688544,0.499858,0.702634,0.525578,0.002369,0.000636
0,-1.910468,-1.14114,0.206616,0.204683,0.17204,0.21695,0.000361,0.002553
0,-1.478095,-0.639889,0.459137,0.48614,0.505878,0.448221,0.00229,6.7e-05
0,-1.090339,-0.573395,0.395744,0.090528,0.438877,0.087538,0.002177,0.001227
0,-0.581486,-0.195394,0.501461,0.384252,0.538838,0.346037,0.001086,0.002207
0,-0.183975,-0.094492,0.38908,0.116641,0.372766,0.130842,0.002407,0.001649
0,0.166318,0.060492,0.343238,0.180429,0.350883,0.162373,0.002715,0.001056
0,0.040292,0.170279,-0.146383,0.106001,-0.160895,0.145041,0.000703,0.002646
0,0.173258,0.250596,0.155213,0.077003,0.1537,0.058112,0.002594,0.001244
0,0.46545,0.205822,0.319033,-0.056464,0.2944,-0.065485,0.002506,0.002025
0,0.287518,0.083044,-0.185032,-0.120266,-0.223895,-0.086769,0.000599,0.001449
0,0.384786,0.033714,0.099024,-0.026647,0.118611,-0.001836,0.001098,0.000588
0,0.409195,-0.026566,0.010968,-0.042002,-0.031759,-0.024801,0.001524,0.000464
0,0.589382,0.03408,0.196761,0.044036,0.197731,0.033284,0.000948,0.000595
0,0.250535,0.100837,-0.361341,0.075213,-0.360312,0.114046,0.001245,0.00176
0,0.271276,0.171252,0.040763,0.081588,-0.004074,0.119372,0.000883,0.002629
0,0.244798,0.027831,-0.055294,-0.130586,-0.019469,-0.116127,0.001345,0.000486
0,0.19851,0.146608,-0.026965,0.128236,-0.043157,0.156282,0.002153,0.002559
0,-0.138224,0.078786,-0.359863,-0.083398,-0.403086,-0.111569,0.002412,0.001375
0,-0.070451,0.059743,0.079091,-0.039013,0.058165,-0.050165,0.00123,0.001043
0,-0.269506,-0.155359,-0.177495,-0.235279,-0.158513,-0.242916,0.000914,0.002712
0,-0.059613,-0.038878,0.239753,0.097518,0.26475,0.106277,0.00104,0.000679
0,-0.090746,0.125309,-0.052503,0.167478,-0.033116,0.11752,0.001584,0.002187
0,-0.291623,0.084759,-0.178636,-0.014258,-0.203789,-0.057334,0.000528,0.001479
0,-0.084438,-0.072347,0.234422,-0.141801,0.266275,-0.157031,0.001474,0.001263
0,-0.146966,0.122312,-0.056712,0.195599,-0.025859,0.233146,0.002565,0.002135
0,-0.091354,-0.165981,0.038454,-0.300079,0.01209,-0.283724,0.001594,0.002721
0,-0.037832,-0.101196,0.024559,0.079052,0.026273,0.03893,0.00066,0.001766
0,-0.004199,-0.108839,0.034317,-0.025099,0.036485,-0.045128,7.3e-05,0.0019
0,-0.081342,0.069792,-0.092419,0.153542,-0.089715,0.169885,0.00142,0.001218
0,-0.139923,-0.036985,-0.084291,-0.1093,-0.123991,-0.104698,0.002442,0.000646
0,-0.004447,0.128604,0.106182,0.173652,0.103143,0.173007,7.8e-05,0.002245
0,-0.188928,0.018918,-0.193711,-0.1098,-0.203667,-0.100302,0.00232,0.00033
0,-0.144342,-0.102665,0.063639,-0.127065,0.054292,-0.086487,0.002519,0.001792
0,-0.034077,0.012527,0.130357,0.114847,0.16222,0.090085,0.000595,0.000219
0,-0.148955,-0.052937,-0.141884,-0.062944,-0.149089,-0.026569,0.0026,0.000924
0,-0.202195,0.02709,-0.075513,0.109051,-0.107739,0.133859,0.002089,0.000473
0,-0.064493,0.175512,0.124645,0.163588,0.089298,0.127437,0.001126,0.002554
0,0.144099,0.036413,0.199685,-0.12187,0.15907,-0.072053,0.002515,0.000636
0,0.12588,0.034494,0.002881,-0.02372,-0.020164,0.014986,0.002197,0.000602
0,-0.006876,0.035993,-0.156516,-0.0279,-0.163871,0.00776,0.00012,0.000628
0,-0.055692,-0.05791,-0.019214,-0.087259,0.002654,-0.064819,0.000972,0.001011
0,-0.139322,0.076893,-0.105519,0.146752,-0.093098,0.112434,0.002432,0.001342
0,-0.082313,-0.148294,0.054915,-0.252202,0.060577,-0.241406,0.001437,0.002588
0,-0.246246,-0.158159,-0.176391,0.003631,-0.176843,-0.030574,0.00132,0.00276
0,-0.154057,-0.043932,0.104564,0.119059,0.13073,0.106636,0.002689,0.000767
0,-0.212158,0.049409,-0.081256,0.111324,-0.07246,0.074228,0.001915,0.000862
0,-0.052829,-0.027635,0.151976,-0.090255,0.1426,-0.106489,0.000922,0.000482
0,-0.028995,0.059169,0.00281,0.116076,0.035182,0.164394,0.000506,0.001033
0,0.014494,-0.147263,0.014316,-0.233067,-0.026624,-0.269068,0.000253,0.00257
0,0.097787,-0.012958,0.081154,0.10792,0.075212,0.069449,0.001707,0.000226
0,-0.190052,0.033739,-0.312122,0.070909,-0.336136,0.104411,0.0023,0.000589
0,-0.122095,-0.074182,0.066205,-0.107321,0.021192,-0.087706,0.002131,0.001295
0,-0.197989,0.053442,-0.071025,0.113523,-0.074133,0.145329,0.002162,0.000933
0,-0.261506,-0.047552,-0.040737,-0.118833,-0.062112,-0.15478,0.001053,0.00083
0,-0.060399,-0.053946,0.18437,-0.026603,0.15008,-0.014896,0.001054,0.000942
0,-0.198109,-0.001435,-0.109727,0.035458,-0.072383,0.080154,0.00216,2.5e-05
0,-0.117494,-0.008186,0.096914,-0.034546,0.109338,0.007381,0.002051,0.000143
0,-0.239226,-0.042021,-0.100184,-0.026748,-0.112381,-0.027556,0.001442,0.000733
0,0.023482,0.149193,0.28031,0.213441,0.269998,0.230515,0.00041,0.002604
0,-0.062996,-0.018591,-0.059879,-0.150757,-0.09648,-0.144452,0.001099,0.000324
0,-0.111634,-0.119434,-0.069714,-0.09327,-0.119492,-0.066891,0.001948,0.002085
0,-0.198071,-0.050628,-0.091703,0.093392,-0.044132,0.109465,0.002161,0.000884
0,-0.147072,-0.142455,0.025597,-0.082224,0.039896,-0.075198,0.002567,0.002486
0,0.057037,0.107007,0.20207,0.258544,0.243065,0.269659,0.000995,0.001868
0,-0.099684,-0.094396,-0.179419,-0.175938,-0.209866,-0.161697,0.00174,0.001648
0,0.01036,-0.128267,0.11058,-0.023293,0.067997,-0.036708,0.000181,0.002239
0,-0.164107,-0.122716,-0.160413,-0.006277,-0.175206,-0.047016,0.002753,0.002142
0,-0.121549,-0.032841,0.066502,0.09869,0.11497,0.104487,0.002121,0.000573
0,-0.15395,0.133014,-0.024226,0.139759,-0.011977,0.169069,0.002687,0.002322
0,-0.027827,-0.054192,0.150646,-0.196177,0.118483,-0.178021,0.000486,0.000946
0,-0.076451,-0.01676,-0.033534,0.061094,0.003429,0.011535,0.001334,0.000293
0,-0.142888,0.095498,-0.080516,0.085483,-0.118753,0.062981,0.002494,0.001667
0,0.042455,-0.103671,0.190146,-0.181721,0.234712,-0.149615,0.000741,0.001809
0,-0.183579,-0.032594,-0.224572,0.078787,-0.267147,0.124086,0.002413,0.000569
0,-0.026515,0.005359,0.164474,0.017852,0.187121,0.008182,0.000463,9.4e-05
0,-0.181369,-0.09012,-0.182526,-0.104052,-0.152603,-0.138927,0.002452,0.001573
0,-0.024104,0.05558,0.141872,0.172403,0.133477,0.209629,0.000421,0.00097
0,-0.217701,0.124618,-0.221227,0.09541,-0.235385,0.133069,0.001818,0.002175
0,-0.199065,-0.043754,-0.008436,-0.143467,0.027823,-0.134854,0.002143,0.000764
0,-0.10508,0.073169,0.093228,0.109299,0.083685,0.103377,0.001834,0.001277
0,-0.107549,-0.098131,0.015447,-0.195063,-0.014122,-0.219945,0.001877,0.001713
0,-0.261148,0.13731,-0.14599,0.216264,-0.097532,0.175167,0.00106,0.002397
0,0.055251,0.116001,0.326796,0.007051,0.369674,-0.027233,0.000964,0.002025
0,0.019782,0.111226,-0.022862,0.014034,0.01257,0.036485,0.000345,0.001941
0,-0.233807,-0.023528,-0.272248,-0.117086,-0.319375,-0.16229,0.001537,0.000411
0,-0.120447,0.077818,0.09537,0.095006,0.116555,0.052797,0.002102,0.001358
0,-0.166658,0.033805,-0.017653,-0.059837,0.030616,-0.063948,0.002709,0.00059
0,-0.020495,-0.157699,0.119417,-0.194458,0.155656,-0.198218,0.000358,0.002752
0,-0.055161,-0.069665,-0.013924,0.068488,0.014455,0.086022,0.000963,0.001216
0,-0.266677,0.051046,-0.19415,0.102254,-0.21316,0.114313,0.000963,0.000891
0,-0.141812,-0.008676,0.127246,-0.041454,0.087573,-0.015028,0.002475,0.000151
0,-0.070882,0.083761,0.083069,0.063843,0.051399,0.085202,0.001237,0.001462
0,0.003447,-0.062407,0.072305,-0.136955,0.099093,-0.168533,6e-05,0.001089
0,-0.176122,0.129995,-0.203339,0.182481,-0.231152,0.15144,0.002544,0.002269
0,0.023527,0.074757,0.206862,-0.049085,0.159087,-0.042657,0.000411,0.001305
0,-0.184726,0.032023,-0.185194,-0.043871,-0.177659,-0.000731,0.002393,0.000559
0,-0.134145,0.104024,0.021279,0.051313,-0.004349,0.080256,0.002341,0.001816
0,-0.22883,-0.10377,-0.092559,-0.202258,-0.137536,-0.209875,0.001624,0.001811
0,0.618059,-0.357356,0.824884,-0.245595,0.830525,-0.211343,0.000448,0.00062
0,1.159874,-0.624558,0.564735,-0.291632,0.517161,-0.249312,0.002226,0.000334
0,1.412094,-0.808439,0.27,-0.175342,0.302394,-0.140045,0.002176,0.002743
0,1.687913,-0.918964,0.269441,-0.137142,0.227712,-0.125038,0.001372,0.000814
0,1.773468,-0.739539,0.073185,0.20244,0.083307,0.175528,0.002752,0.001672
0,1.248847,-0.824988,-0.515751,-0.107578,-0.557781,-0.104825,0.000674,0.002454
0,0.907135,-0.296621,-0.36678,0.5115,-0.368323,0.522588,0.00102,0.000441
0,0.504336,-0.446664,-0.389606,-0.178183,-0.394406,-0.211667,0.002433,0.002178
0,0.33014,-0.07978,-0.157862,0.395714,-0.111402,0.398637,0.000145,0.001392
0,0.132954,-0.186492,-0.183371,-0.130544,-0.170605,-0.169173,0.00232,0.002363
0,0.191312,0.051819,0.06893,0.237256,0.067023,0.223831,0.002278,0.000904
0,0.072143,0.132326,-0.120966,0.103587,-0.105707,0.118728,0.001259,0.00231
0,-0.177131,-0.017848,-0.228141,-0.165203,-0.274842,-0.201245,0.002526,0.000312
0,0.006487,0.296555,0.195307,0.322247,0.240582,0.282408,0.000113,0.000442
0,0.047476,0.23495,0.032837,-0.080438,0.026048,-0.096049,0.000829,0.001517
0,0.00395,0.175909,-0.046032,-0.078958,-0.004356,-0.048653,6.9e-05,0.002547
0,0.117369,-0.031492,0.094699,-0.217996,0.114969,-0.251742,0.002048,0.00055
0,0.104198,-0.148796,-0.025039,-0.139522,-0.029065,-0.15043,0.001819,0.002597
0,-0.143679,0.058535,-0.25873,0.19839,-0.22815,0.15451,0.002508,0.001022
0,-0.075795,-0.165304,0.076382,-0.248051,0.076758,-0.236308,0.001323,0.002732
0,-0.13233,-0.104808,-0.050003,0.089649,-0.086699,0.095478,0.00231,0.001829
0,0.029725,-0.003737,0.151895,0.081539,0.177749,0.082191,0.000519,6.5e-05
0,0.129221,0.054067,0.096686,0.053165,0.058711,0.038845,0.002255,0.000944
0,-0.015579,0.04646,-0.120363,-0.002376,-0.136166,-0.00424,0.000272,0.000811
0,-0.137083,-0.010173,-0.128783,-0.072503,-0.134486,-0.097648,0.002393,0.000178
0,-0.006411,-0.101858,0.141114,-0.065656,0.116085,-0.02936,0.000112,0.001778
0,-0.130559,-0.09145,-0.110371,0.010742,-0.113575,0.004856,0.002279,0.001596
0,-0.041888,-0.001781,0.095683,0.105215,0.046767,0.101482,0.000731,3.1e-05
0,0.009727,0.051657,0.052045,0.082433,0.028187,0.035039,0.00017,0.000902
0,-0.138043,0.089711,-0.155406,0.049839,-0.189091,0.06398,0.002409,0.001566
0,-0.068099,0.054806,0.076121,-0.044697,0.105949,-0.033663,0.001189,0.000957
0,-0.126433,-0.003235,-0.072967,-0.057482,-0.095655,-0.034164,0.002207,5.6e-05
0,-0.084657,0.055486,0.038668,0.065446,0.005278,0.043093,0.001478,0.000968
0,0.156342,-0.066602,0.253951,-0.138966,0.205892,-0.09775,0.002729,0.001162
0,0.017163,0.011224,-0.124278,0.055288,-0.136793,0.056587,0.0003,0.000196
0,0.169537,-0.132455,0.133262,-0.115709,0.127845,-0.13021,0.002659,0.002312
0,-0.037483,0.073065,-0.22479,0.202986,-0.268386,0.206148,0.000654,0.001275
0,-0.09139,0.119201,-0.078019,0.072086,-0.087507,0.080767,0.001595,0.00208
0,0.152462,0.024058,0.225845,-0.114511,0.176258,-0.072279,0.002661,0.00042
0,0.036205,-0.116069,-0.145387,-0.121614,-0.189995,-0.131089,0.000632,0.002026
0,0.06404,-0.064247,0.03997,0.026226,0.062336,0.004007,0.001118,0.001121
0,0.094313,0.092298,0.042649,0.16045,0.036513,0.159674,0.001646,0.001611
0,0.029198,-0.08608,-0.057653,-0.190891,-0.030231,-0.16454,0.00051,0.001502
0,0.228848,-0.013004,0.206585,0.097983,0.249555,0.083137,0.001623,0.000227
0,0.014021,-0.145824,-0.241719,-0.145015,-0.208317,-0.114937,0.000245,0.002545
0,0.17529,-0.043227,0.157268,0.090161,0.168529,0.12369,0.002558,0.000754
0,0.183346,0.095124,0.000208,0.126123,-0.047085,0.169507,0.002418,0.00166
0,-0.010911,-0.160184,-0.199922,-0.267716,-0.249147,-0.284834,0.00019,0.002796
0,-0.019917,-0.048644,0.011062,0.139164,0.055901,0.142755,0.000348,0.000849
0,0.240206,0.025013,0.244737,0.097826,0.282604,0.056987,0.001425,0.000437
0,0.085912,-0.077242,-0.166098,-0.12912,-0.18983,-0.12163,0.001499,0.001348
0,0.18674,0.087007,0.102824,0.160945,0.067779,0.154879,0.002358,0.001519
0,0.109303,0.017076,-0.055796,-0.067602,-0.03898,-0.044479,0.001908,0.000298
0,0.126278,0.095754,-0.001511,0.063664,0.043176,0.01866,0.002204,0.001671
0,0.108361,-0.084038,-0.004109,-0.152908,0.008425,-0.165634,0.001891,0.001467
0,0.146189,-0.019258,0.008833,0.073011,0.05637,0.06094,0.002551,0.000336
0,0.342975,-0.024018,0.188802,-0.00271,0.206984,-0.011507,0.000369,0.000419
0,0.136093,0.015174,-0.224277,0.047412,-0.213795,0.044058,0.002375,0.000265
0,0.124823,0.003684,0.011702,-0.034806,-0.013701,-0.029076,0.002179,6.4e-05
0,0.168618,0.120451,0.017952,0.119993,0.060983,0.106729,0.002675,0.002102
0,0.085915,0.049649,-0.103565,-0.06288,-0.064488,-0.07037,0.001499,0.000867
0,0.25573,0.041824,0.145379,0.007121,0.118009,0.049753,0.001154,0.00073
0,0.176693,-0.123744,-0.096483,-0.195472,-0.116933,-0.188243,0.002534,0.00216
0,-0.041895,0.018114,-0.218801,0.156023,-0.18676,0.140691,0.000731,0.000316
0,0.20561,-0.017738,0.26026,-0.005945,0.307124,0.038353,0.002029,0.00031
0,0.099722,-0.126793,-0.081957,-0.091896,-0.115831,-0.057933,0.00174,0.002213
0,0.225568,0.07623,0.106799,0.205554,0.129023,0.162167,0.001681,0.00133
0,0.077514,-0.026468,-0.121354,-0.128001,-0.142324,-0.158395,0.001353,0.000462
0,0.242861,-0.082816,0.1394,-0.077113,0.104047,-0.084391,0.001379,0.001445
0,0.215868,-0.033065,-0.037754,0.055399,-0.056295,0.064349,0.00185,0.000577
0,0.242496,-0.055078,-0.000339,-0.007608,-0.022415,-0.053738,0.001385,0.000961
0,0.081938,0.15772,-0.162178,0.211879,-0.155438,0.166969,0.00143,0.002753
0,0.104917,0.017749,0.052953,-0.119595,0.096508,-0.168999,0.001831,0.00031
0,0.262685,0.136789,0.172449,0.146686,0.200151,0.188997,0.001033,0.002387
0,0.177536,-0.021395,-0.091703,-0.136754,-0.119506,-0.093507,0.002519,0.000373
0,0.142649,-0.048924,-0.064458,-0.026735,-0.014784,0.009902,0.00249,0.000854
0,0.069934,0.062045,-0.073578,0.090412,-0.08768,0.115438,0.001221,0.001083
0,0.184632,0.169637,0.102767,0.10446,0.063574,0.132951,0.002395,0.002657
0,0.042158,0.17859,-0.144675,0.03335,-0.173838,0.081934,0.000736,0.002501
0,0.038157,-0.057699,-0.019393,-0.209259,0.00294,-0.210559,0.000666,0.001007
0,0.036103,0.109653,0.004308,0.159161,0.024856,0.173146,0.00063,0.001914
0,0.04795,-0.063811,0.033921,-0.171805,0.051958,-0.176934,0.000837,0.001114
0,0.141322,-0.06772,0.06738,-0.008511,0.028764,-0.024649,0.002467,0.001182
0,0.221629,-0.110491,0.062959,-0.061623,0.110007,-0.081692,0.001749,0.001928
0,0.173991,0.042846,-0.041108,0.13658,-0.072537,0.147025,0.002581,0.000748
0,0.266745,-0.08151,0.067967,-0.132401,0.061815,-0.165392,0.000962,0.001423
0,0.049999,-0.110405,-0.23574,-0.054617,-0.203031,-0.075825,0.000873,0.001927
0,-0.016826,0.043058,-0.051138,0.146452,-0.046053,0.138312,0.000294,0.000752
0,0.052066,0.016833,0.059943,0.000568,0.044278,-0.007772,0.000909,0.000294
0,0.109907,0.155771,0.072721,0.163158,0.052147,0.115807,0.001918,0.002719
0,0.158228,0.193615,0.0502,0.023889,0.062021,-0.017874,0.002762,0.002238
0,0.311364,-0.030529,0.164019,-0.251913,0.182867,-0.23414,0.000183,0.000533
0,0.180834,0.193366,-0.116273,0.22252,-0.165423,0.259992,0.002461,0.002243
0,0.236159,0.169212,0.057788,-0.012482,0.09058,0.001706,0.001496,0.002664
0,0.262731,0.128336,0.004608,-0.045456,0.018973,-0.032067,0.001032,0.00224
0,0.104944,-0.017979,-0.149228,-0.165133,-0.168727,-0.117411,0.001832,0.000314
0,0.179576,0.061458,0.067487,0.074083,0.103584,0.090483,0.002483,0.001073
0,0.070062,0.099212,-0.079755,0.051863,-0.125077,0.057352,0.001223,0.001732
0,0.053059,0.178065,-0.041686,0.080428,0.006869,0.03738,0.000926,0.00251
0,0.181684,0.158815,0.128297,-0.047377,0.168894,-0.060048,0.002447,0.002772
0,0.178146,-0.136491,-0.010639,-0.314581,0.030572,-0.293459,0.002508,0.002382
0,0.204668,-0.039728,0.014256,0.119932,-0.001945,0.088211,0.002045,0.000693
0,0.115808,-0.036978,-0.059387,-0.011579,-0.04914,-0.011104,0.002021,0.000645
0,0.000533,0.032586,-0.129532,0.09319,-0.16335,0.127745,9e-06,0.000569
0,0.078813,0.094258,0.107291,0.037305,0.117465,0.054658,0.001376,0.001645
0,0.095728,-0.057127,0.011853,-0.154881,-0.023418,-0.116591,0.001671,0.000997
0,0.06023,0.066889,-0.017465,0.115146,0.012662,0.07486,0.001051,0.001167
0,0.163397,0.008833,0.082033,-0.078266,0.103296,-0.065556,0.002766,0.000154
0,0.127431,0.002952,-0.035793,-0.021419,-0.03376,0.026978,0.002224,5.2e-05
0,0.163324,-0.083499,0.019279,-0.057402,0.011078,-0.060998,0.002767,0.001457
0,-0.00167,-0.009753,-0.184037,0.085068,-0.164886,0.057769,2.9e-05,0.00017
0,-0.039672,-0.084477,-0.056077,-0.084292,-0.041713,-0.103273,0.000692,0.001474
0,0.059265,-0.204609,0.089778,-0.148625,0.052089,-0.125415,0.001034,0.002046
0,-0.082867,-0.013306,-0.118311,0.196645,-0.104712,0.204335,0.001446,0.000232
0,-0.093711,-0.008292,-0.034718,0.010245,-0.055834,-0.000711,0.001636,0.000145
0,-0.066733,-0.034327,0.006826,-0.04653,0.008564,-0.052755,0.001165,0.000599
0,-0.052341,0.028103,-0.014206,0.04007,-0.017082,0.063908,0.000914,0.00049
0,-0.019796,0.048929,0.034462,0.018676,0.031331,0.003861,0.000346,0.000854
0,0.122003,0.008625,0.167755,-0.012811,0.211968,0.028679,0.002129,0.000151
0,0.040641,0.070928,-0.091101,0.063856,-0.070367,0.015492,0.000709,0.001238
0,0.051627,0.101075,0.003982,0.031501,0.023151,0.013509,0.000901,0.001764
0,0.101684,-0.138513,0.070866,-0.224338,0.10783,-0.175422,0.001775,0.002418
0,0.168272,0.018894,0.037095,0.171734,0.017995,0.144859,0.002681,0.00033
0,0.058174,0.008652,-0.109813,-0.021158,-0.154248,0.018723,0.001015,0.000151
0,0.154437,0.130629,0.094984,0.129967,0.10422,0.145558,0.002695,0.00228
0,0.056864,-0.081686,-0.095795,-0.209647,-0.067391,-0.19061,0.000992,0.001426
0,0.139712,0.132223,0.072654,0.226124,0.026951,0.177907,0.002438,0.002308
0,0.090625,0.053286,-0.078438,-0.077573,-0.06057,-0.040773,0.001582,0.00093
0,0.135936,-0.094059,0.04143,-0.118974,0.066797,-0.138512,0.002373,0.001642
0,0.192147,-0.042329,0.085994,0.029513,0.040019,-0.006032,0.002264,0.000739
0,0.109233,-5.2e-05,-0.053584,0.017985,-0.050009,-0.011896,0.001906,1e-06
0,0.04801,-0.07356,-0.085576,-0.085378,-0.046578,-0.059404,0.000838,0.001284
0,0.235761,-0.136044,0.161309,-0.040295,0.205016,-0.040355,0.001503,0.002374
0,0.032745,-0.129751,-0.20065,0.006059,-0.188008,-0.000368,0.000572,0.002265
0,0.098548,-0.129627,0.036657,0.015209,-0.009106,-0.01413,0.00172,0.002262
0,-0.046257,0.071065,-0.124886,0.218151,-0.156802,0.206136,0.000807,0.00124
0,0.170288,0.021937,0.209821,-0.024229,0.196875,-0.011212,0.002645,0.000383
0,0.211346,-0.100427,0.070165,-0.103181,0.020496,-0.141315,0.001929,0.001753
0,-0.026623,-0.123025,-0.253508,-0.003065,-0.240552,0.045945,0.000465,0.002147
0,0.155809,-0.042068,0.19646,0.084537,0.227305,0.081924,0.002719,0.000734
0,-0.066593,0.081581,-0.222378,0.145693,-0.206903,0.159944,0.001162,0.001424
0,-0.016901,-0.098527,0.065523,-0.209279,0.110006,-0.24429,0.000295,0.00172
0,0.080319,-0.087892,0.114096,-0.018357,0.120534,-0.04037,0.001402,0.001534
0,0.042629,-0.110688,-0.010495,0.000188,-0.035778,0.036974,0.000744,0.001932
0,0.013672,0.14933,-0.004775,0.232709,0.034137,0.201949,0.000239,0.002606
0,-0.133813,-0.078654,-0.17346,-0.226227,-0.14879,-0.195906,0.002335,0.001373
0,0.080658,-0.11415,0.186237,-0.016861,0.209676,-0.022482,0.001408,0.001992
0,0.080402,0.11264,0.015018,0.235973,-0.024191,0.217672,0.001403,0.001966
0,-0.168387,-0.084342,-0.241465,-0.193044,-0.260759,-0.145924,0.002679,0.001472
0,0.106429,0.10578,0.267761,0.195954,0.267403,0.184681,0.001858,0.001846
0,-0.091355,-0.12379,-0.180112,-0.214454,-0.219193,-0.180384,0.001594,0.002161
0,0.081704,0.063321,0.156518,0.212089,0.172597,0.19782,0.001426,0.001105
0,-0.12958,-0.125915,-0.234007,-0.205064,-0.220229,-0.254439,0.002262,0.002198
0,0.007606,-0.101155,0.144006,0.026609,0.191897,0.040294,0.000133,0.001765
0,-0.160643,-0.009298,-0.154004,0.105508,-0.147973,0.125,0.002804,0.000162
0,-0.005981,0.041026,0.130453,0.020416,0.118092,0.048438,0.000104,0.000716
0,-0.134622,-0.102869,-0.132708,-0.114405,-0.12609,-0.112449,0.00235,0.001795
0,-0.113043,-0.12881,0.032293,-0.014398,0.034996,-0.018949,0.001973,0.002248
0,-0.181396,-0.012367,-0.084265,0.118904,-0.074691,0.109811,0.002452,0.000216
0,-0.067022,0.025056,0.105643,0.047933,0.138539,0.093776,0.00117,0.000437
0,-0.053358,0.089096,0.002578,0.072098,0.025866,0.082239,0.000931,0.001555
0,0.057539,-0.014316,0.136076,-0.08207,0.092262,-0.108576,0.001004,0.00025
0,-0.071148,-0.051707,-0.139278,-0.009973,-0.160251,-0.031397,0.001242,0.000902
0,0.027691,0.0665,0.080307,0.11829,0.059728,0.121146,0.000483,0.001161
0,0.0657,-0.068831,0.012758,-0.161104,0.021944,-0.181784,0.001147,0.001201
0,-0.01585,-0.020226,-0.111088,0.043572,-0.08949,0.068035,0.000277,0.000353
0,-0.126095,-0.134637,-0.083558,-0.101795,-0.1329,-0.094611,0.002201,0.00235
0,0.074515,-0.081362,0.170913,0.071899,0.169939,0.089424,0.001301,0.00142
0,-0.100586,-0.001299,-0.181953,0.092131,-0.22116,0.123618,0.001756,2.3e-05
0,0.144893,-0.057864,0.259956,-0.086351,0.241064,-0.074102,0.002529,0.00101
0,-0.091099,-0.009356,-0.222533,0.028699,-0.208615,0.039727,0.00159,0.000163
0,-0.069499,0.009384,0.041927,0.031268,-0.006616,0.036511,0.001213,0.000164
0,-0.136287,-0.108989,-0.060762,-0.122685,-0.014275,-0.127235,0.002379,0.001902
0,-0.130571,-0.076285,0.026097,0.032652,0.060964,0.0038,0.002279,0.001331
0,-0.099987,0.002582,0.054667,0.065853,0.063659,0.075845,0.001745,4.5e-05
0,-0.012939,0.018607,0.072154,0.014612,0.089278,0.003527,0.000226,0.000325
0,-0.163808,-0.00203,-0.159912,-0.046189,-0.201444,-0.089858,0.002759,3.5e-05
0,0.02845,-0.089158,0.221364,-0.078016,0.247166,-0.095643,0.000497,0.001556
0,0.043897,0.062451,-0.012891,0.160523,0.015802,0.190914,0.000766,0.00109
0,-0.074213,-0.053401,-0.128287,-0.102499,-0.161299,-0.072485,0.001295,0.000932
0,-0.048412,-0.06527,0.04874,-0.040067,0.048702,-0.083118,0.000845,0.001139
0,-0.034362,0.045662,0.037379,0.140275,0.01721,0.130141,0.0006,0.000797
0,-0.152776,0.054058,-0.120348,-0.019067,-0.10461,-0.046116,0.002666,0.000943
0,-0.156904,-0.042362,-0.021517,-0.102863,0.022819,-0.146737,0.002738,0.000739
0,0.034474,-0.023446,0.209866,0.043015,0.249461,0.045562,0.000602,0.000409
0,-0.161362,0.13076,-0.217203,0.162628,-0.25799,0.142371,0.002801,0.002282
0,-0.128912,-0.018596,0.028156,-0.135423,0.068273,-0.117519,0.00225,0.000325
0,-0.219661,-0.017183,-0.080147,-0.027098,-0.080491,-0.07542,0.001784,0.0003
0,-0.163992,-0.030919,0.060234,-0.035035,0.012535,-0.029896,0.002755,0.00054
0,-0.216275,0.028138,-0.066445,0.05967,-0.099434,0.091681,0.001843,0.000491
0,-0.298122,0.164133,-0.105244,0.131109,-0.138892,0.110863,0.000414,0.002753
0,-0.215299,0.119349,0.082381,-0.068804,0.036836,-0.042425,0.00186,0.002083
0,-0.280145,0.079813,-0.09119,-0.015755,-0.049225,-0.054476,0.000728,0.001393
0,-0.091507,-0.076709,0.197259,-0.143207,0.186064,-0.182231,0.001597,0.001339
0,-0.166287,0.055846,-0.065941,0.154169,-0.101561,0.199996,0.002715,0.000975
0,0.034513,-0.01864,0.214764,-0.103542,0.258082,-0.116256,0.000602,0.000325
0,-0.184925,0.049221,-0.241111,0.038648,-0.271508,0.080357,0.00239,0.000859
0,-0.04527,-0.03582,0.150178,-0.088105,0.169963,-0.078328,0.00079,0.000625
0,-0.016708,-0.136845,0.042806,-0.088368,0.050322,-0.04657,0.000292,0.002388
0,-0.041968,0.142017,-0.012976,0.284976,0.01104,0.278825,0.000732,0.002479
0,0.002475,0.044117,0.041592,-0.113027,0.057065,-0.083322,4.3e-05,0.00077
0,-0.017416,-0.112358,0.00888,-0.16419,-0.01463,-0.183882,0.000304,0.001961
0,-0.034904,0.045739,-0.038152,0.153666,-0.006927,0.118019,0.000609,0.000798
0,-0.070513,-0.025506,-0.009849,-0.072915,-0.006718,-0.089776,0.001231,0.000445
0,-0.06389,-0.040695,0.007259,-0.029252,-0.025468,-0.010382,0.001115,0.00071
0,-0.278244,-0.138324,-0.239086,-0.100346,-0.286104,-0.148011,0.000761,0.002414
0,-0.002902,-0.131628,0.287376,0.034586,0.297868,0.07918,5.1e-05,0.002297
0,-0.023101,-0.176567,-0.045097,-0.037882,0.00112,-0.004016,0.000403,0.002536
0,0.097869,0.077632,0.132605,0.242358,0.136692,0.226172,0.001708,0.001355
0,-0.198668,0.023476,-0.271906,-0.043256,-0.316341,-0.018537,0.00215,0.00041
0,-0.091316,-0.157332,0.087547,-0.159109,0.116332,-0.177743,0.001594,0.002746
0,-0.016164,-0.03104,0.065528,0.143763,0.114589,0.187551,0.000282,0.000542
0,0.064532,0.068835,0.08146,0.10362,0.074666,0.134254,0.001126,0.001201
0,0.118086,-0.128449,0.053392,-0.193487,0.067725,-0.151279,0.002061,0.002242
0,0.13353,-0.065095,0.029496,0.04623,0.012119,0.056762,0.002331,0.001136
0,0.210174,0.047851,0.071857,0.117493,0.117815,0.102893,0.001949,0.000835
0,0.190462,-0.002068,-0.041224,-0.02878,-0.027269,-0.02551,0.002293,3.6e-05
0,0.018732,-0.04238,-0.146913,-0.045874,-0.121947,-0.018731,0.000327,0.00074
0,-0.105696,0.055542,-0.14902,0.124486,-0.194299,0.152687,0.001845,0.000969
0,-0.132589,0.092284,-0.005243,0.053219,-0.028922,0.041858,0.002314,0.001611
0,0.00969,-0.04881,0.162777,-0.138159,0.187373,-0.124991,0.000169,0.000852
0,-0.119254,-0.110436,-0.134263,-0.087297,-0.110075,-0.065967,0.002081,0.001927
0,0.064698,-0.118134,0.185272,-0.016078,0.157968,0.02887,0.001129,0.002062
0,-0.066482,-0.009208,-0.103007,0.089368,-0.121951,0.083008,0.00116,0.000161
0,0.033417,-0.022146,0.095483,0.017041,0.058857,0.000168,0.000583,0.000387
0,0.017592,-0.186237,-0.017788,-0.148269,-0.010522,-0.169315,0.000307,0.002367
0,-0.046938,0.02669,-0.037327,0.232083,-0.061095,0.235882,0.000819,0.000466
0,0.034999,-0.196366,0.103903,-0.209505,0.101747,-0.168593,0.000611,0.00219
0,0.125033,-0.172455,0.106127,0.001392,0.112395,0.045272,0.002182,0.002608
0,0.11487,0.032586,-0.009871,0.218525,0.000763,0.254993,0.002005,0.000569
0,0.250657,-0.092151,0.143328,-0.116212,0.164353,-0.128083,0.001243,0.001608
0,0.237856,0.137006,-0.042453,0.251247,-0.00914,0.28582,0.001466,0.002391
0,0.13586,0.01704,-0.081722,-0.098694,-0.077408,-0.094802,0.002371,0.000297
0,0.257992,-0.110979,0.134187,-0.105812,0.088479,-0.068274,0.001115,0.001937
0,0.083641,-0.088933,-0.180511,0.00242,-0.229617,-0.019486,0.00146,0.001552
0,0.1008,0.054667,0.032914,0.158877,0.047916,0.169072,0.001759,0.000954
0,0.198129,-0.139927,0.096876,-0.207761,0.10424,-0.216996,0.002159,0.002442
0,0.093516,0.058501,-0.080833,0.173255,-0.046621,0.169467,0.001632,0.001021
0,0.108432,0.14514,-0.008859,0.074044,0.0356,0.116897,0.001892,0.002533
0,-0.053077,0.021766,-0.17395,-0.117865,-0.126511,-0.136016,0.000926,0.00038
0,0.114359,0.048721,0.150107,0.054659,0.125552,0.050173,0.001996,0.00085
0,-0.063816,0.031187,-0.196192,0.008645,-0.175733,0.046092,0.001114,0.000544
0,-0.128701,-0.042864,-0.044053,-0.054116,-0.022258,-0.065417,0.002246,0.000748
0,0.042321,-0.021707,0.160785,0.026644,0.193745,0.066743,0.000739,0.000379
0,0.198754,0.021528,0.183239,0.053072,0.184025,0.097188,0.002149,0.000376
0,-0.093324,-0.080785,-0.277575,-0.120752,-0.236522,-0.084118,0.001629,0.00141
0,0.071911,0.00342,0.163171,0.074421,0.119152,0.092828,0.001255,6e-05
0,-0.034017,-0.090063,-0.119662,-0.118297,-0.085426,-0.127688,0.000594,0.001572
0,-0.067484,0.074028,-0.010225,0.174475,-0.0027,0.196907,0.001178,0.001292
0,0.092159,-0.105761,0.173599,-0.162093,0.142768,-0.142763,0.001608,0.001846
0,-0.036952,-0.065577,-0.120629,0.065016,-0.142774,0.111593,0.000645,0.001145
0,0.115298,0.013095,0.139126,0.067126,0.164636,0.029394,0.002012,0.000229
0,0.193699,-0.055795,0.085821,-0.052335,0.069874,-0.020964,0.002237,0.000974
0,-0.071324,-0.097434,-0.264297,-0.056746,-0.232487,-0.046117,0.001245,0.001701
0,-0.083093,-0.074637,-0.015394,0.023718,0.00621,0.049227,0.00145,0.001303
0,0.1388,0.070572,0.249708,0.128785,0.279759,0.113112,0.002423,0.001232
0,0.026679,0.049754,-0.135606,-0.039988,-0.17877,-0.064324,0.000466,0.000868
0,-1.140637,-0.300452,-1.17038,-0.322589,-1.158354,-0.305034,0.002562,0.000374
0,-2.924652,-0.69186,-1.777775,-0.387254,-1.785111,-0.362901,0.000487,0.00084
0,-2.494775,-0.840731,0.430802,-0.127735,0.474477,-0.142462,0.001398,0.002179
0,-2.580965,-0.618407,-0.100922,0.251065,-0.108493,0.203731,0.000106,0.000442
0,-2.413194,-0.416233,0.161081,0.17927,0.171594,0.197225,0.002796,0.001647
0,-2.0794,-0.487436,0.353113,-0.093426,0.360142,-0.045878,0.002587,0.002728
0,-1.276076,-0.244812,0.825264,0.231171,0.862944,0.261006,0.000198,0.001345
0,-0.909658,-0.020324,0.391359,0.208107,0.41702,0.239571,0.000976,0.000355
0,-0.453612,-0.198859,0.428018,-0.183471,0.392829,-0.16913,0.0023,0.002147
0,-0.158359,0.041452,0.315307,0.217013,0.297469,0.177555,0.002764,0.000723
0,-0.037348,0.144152,0.119799,0.072807,0.080252,0.042981,0.000652,0.002516
0,0.051034,-0.022918,0.061095,-0.157499,0.021633,-0.122256,0.000891,0.0004
0,0.094069,0.242386,0.01609,0.278313,0.033422,0.263956,0.001642,0.001387
0,0.148879,0.032775,0.076155,-0.235654,0.091615,-0.258981,0.002598,0.000572
0,0.092912,0.126294,-0.078604,0.085901,-0.080779,0.106349,0.001622,0.002204
0,0.070911,0.103004,-0.035924,-0.001244,-0.072575,0.039297,0.001238,0.001798
0,0.241766,0.217241,0.197903,0.107572,0.193445,0.131079,0.001398,0.001826
0,0.223839,-0.002978,0.002978,-0.245342,0.047011,-0.27664,0.001711,5.2e-05
0,0.080784,0.051278,-0.156795,0.040191,-0.199198,0.011548,0.00141,0.000895
0,-0.077874,-0.031995,-0.152202,-0.082703,-0.104179,-0.055542,0.001359,0.000558
0,-0.09171,0.070373,-0.005495,0.130689,-0.045285,0.168707,0.001601,0.001228
0,-0.034696,-0.006631,0.08018,-0.073409,0.09352,-0.122232,0.000606,0.000116
0,0.101745,0.1156,0.150838,0.11831,0.103318,0.077907,0.001776,0.002018
0,0.080293,-0.027187,-0.028119,-0.120496,-0.046684,-0.073734,0.001401,0.000475
0,0.114159,-0.117543,0.019386,-0.090598,-0.00402,-0.051896,0.001992,0.002052
0,-0.073986,-0.000318,-0.21495,0.092923,-0.226392,0.136002,0.001291,6e-06
0,-0.105895,0.001629,-0.005685,4.4e-05,-0.021333,-0.027149,0.001848,2.8e-05
0,-0.029235,0.144121,0.050901,0.153047,0.088511,0.114625,0.00051,0.002515
0,0.079002,-0.075285,0.111101,-0.249379,0.102696,-0.247911,0.001379,0.001314
0,-0.004968,-0.115337,-0.088807,-0.052111,-0.089516,-0.054265,8.7e-05,0.002013
0,-0.171458,0.120885,-0.137141,0.22761,-0.094725,0.23588,0.002625,0.00211
0,-0.012228,-0.021349,0.145445,-0.138073,0.183477,-0.177906,0.000213,0.000373
0,0.025803,-0.036656,0.058661,-0.041882,0.105771,-0.03658,0.00045,0.00064
0,0.04066,0.001026,-0.001299,0.013147,-0.006839,0.051804,0.00071,1.8e-05
0,0.033983,0.101527,-0.002249,0.07672,-0.022317,0.10605,0.000593,0.001772
0,0.16408,-0.098925,0.12654,-0.193035,0.137267,-0.20132,0.002754,0.001727
0,0.172919,-0.092394,-0.017098,0.009256,-0.002826,0.051839,0.002599,0.001613
0,-0.096881,-0.143807,-0.265502,-0.038667,-0.28051,-0.030635,0.001691,0.00251
0,-0.028978,-0.08161,0.047992,0.0686,0.088296,0.093355,0.000506,0.001424
0,-0.044278,-0.095564,0.009107,-0.011451,0.006873,0.037343,0.000773,0.001668
0,0.025809,0.101731,0.052336,0.186864,0.030521,0.165078,0.00045,0.001776
0,0.143851,-0.03019,0.097227,-0.119177,0.089339,-0.120604,0.002511,0.000527
0,0.131706,-0.1256,0.002252,-0.083121,-0.022823,-0.108735,0.002299,0.002192
0,0.012776,0.076221,-0.093375,0.218258,-0.108354,0.184838,0.000223,0.00133
0,0.024987,-0.159067,-0.000996,-0.207645,-0.042703,-0.18409,0.000436,0.002776
0,0.099715,0.088968,0.046121,0.244336,0.064547,0.271674,0.00174,0.001553
0,0.019172,-0.104502,-0.077657,-0.192275,-0.105665,-0.219887,0.000335,0.001824
0,0.058276,-0.009405,0.024321,0.104219,0.049389,0.07622,0.001017,0.000164
0,0.094912,-0.128878,0.054097,-0.103382,0.028143,-0.119529,0.001657,0.002249
0,-0.067791,-0.03252,-0.162487,0.084172,-0.138348,0.035757,0.001183,0.000568
0,0.109099,-0.188082,0.194898,-0.156145,0.159219,-0.146359,0.001904,0.002335
0,0.038079,0.040549,-0.057859,0.256759,-0.029258,0.295755,0.000665,0.000708
0,0.049945,0.110863,0.032627,0.092658,-0.013814,0.115617,0.000872,0.001935
0,0.048749,-0.07349,-0.024313,-0.163333,0.025634,-0.165095,0.000851,0.001283
0,0.089443,-0.11916,0.053467,-0.052331,0.028012,-0.035308,0.001561,0.00208
0,-0.034226,0.069591,-0.133603,0.173151,-0.168647,0.149237,0.000597,0.001215
0,0.217694,-0.095037,0.225607,-0.142356,0.179792,-0.123536,0.001818,0.001659
0,0.227935,-0.128837,-0.017107,-0.028839,0.031571,0.006234,0.001639,0.002249
0,0.126321,0.11068,-0.120279,0.220741,-0.112837,0.21316,0.002205,0.001932
0,0.088483,-0.139471,-0.030602,-0.232346,-0.033114,-0.227194,0.001544,0.002434
0,0.034386,-0.113597,-0.042964,0.008924,-0.003108,0.021066,0.0006,0.001983
0,0.121485,-0.053693,0.086827,0.076719,0.039338,0.060073,0.00212,0.000937
0,0.140577,0.162058,-0.005944,0.209858,0.013066,0.235693,0.002454,0.002789
0,-0.051233,0.118824,-0.216819,-0.071022,-0.263645,-0.108366,0.000894,0.002074
0,0.113328,-0.11678,0.184084,-0.222069,0.172981,-0.205531,0.001978,0.002038
0,-0.085087,-0.031134,-0.211675,0.073262,-0.180726,0.042896,0.001485,0.000543
0,-0.018468,-0.078024,0.07766,-0.074509,0.046428,-0.109439,0.000322,0.001362
0,-0.109111,0.127574,-0.065632,0.217525,-0.05235,0.222554,0.001904,0.002227
0,0.124932,-0.146332,0.217918,-0.251411,0.168171,-0.251596,0.00218,0.002554
0,-0.025797,-0.076193,-0.172004,0.053144,-0.147071,0.01829,0.00045,0.00133
0,-0.069688,-0.109116,-0.024802,-0.045524,0.008003,-0.043467,0.001216,0.001904
0,0.019561,-0.095172,0.116816,-0.010863,0.147664,-0.059997,0.000341,0.001661
0,0.238865,-0.013334,0.192893,0.075545,0.221539,0.056144,0.001449,0.000233
0,-0.019543,-0.125974,-0.263165,-0.109314,-0.282506,-0.06476,0.000341,0.002199
0,0.255877,-0.019767,0.289707,0.135495,0.31563,0.106604,0.001152,0.000345
0,0.123745,-0.159805,-0.156243,-0.132842,-0.20073,-0.149158,0.00216,0.002789
0,0.2249,-0.085241,0.114504,0.092818,0.133665,0.060706,0.001692,0.001488
0,0.286384,-0.006655,0.034993,0.089747,0.000872,0.093055,0.000619,0.000116
0,0.03692,-0.004734,-0.234026,-0.022172,-0.241038,-0.030951,0.000644,8.3e-05
0,0.211974,0.083414,0.184484,0.068305,0.19728,0.077155,0.001918,0.001456
0,0.026835,0.045548,-0.167261,-0.048441,-0.194661,-0.066316,0.000468,0.000795
0,0.026886,-0.110501,0.002876,-0.152702,-0.020221,-0.190453,0.000469,0.001929
0,0.065395,-0.145145,0.042999,-0.00589,0.00411,-0.050887,0.001141,0.002533
0,0.19268,0.027064,0.142869,0.17402,0.114879,0.175135,0.002255,0.000472
0,0.18502,0.074137,-0.021196,0.072154,-0.035487,0.08181,0.002388,0.001294
0,0.174739,0.001003,-0.025328,-0.089247,0.019325,-0.103752,0.002568,1.8e-05
0,0.142459,0.056941,-0.033837,0.037377,-0.050438,0.006284,0.002486,0.000994
0,0.237159,0.138867,0.108978,0.076499,0.155491,0.099714,0.001478,0.002424
0,0.089194,-0.055717,-0.148622,-0.183948,-0.188266,-0.196281,0.001557,0.000972
0,0.230455,0.086765,0.138459,0.128266,0.090465,0.126345,0.001595,0.001514
0,0.111912,-0.000415,-0.103386,-0.107231,-0.10795,-0.086634,0.001953,7e-06
0,0.002805,-0.062851,-0.132401,-0.070763,-0.090638,-0.084424,4.9e-05,0.001097
0,0.128232,-0.141509,0.13907,-0.06397,0.089328,-0.086435,0.002238,0.00247
0,-0.039334,-0.007851,-0.145459,0.110288,-0.113529,0.061401,0.000687,0.000137
0,0.159485,-0.161824,0.224516,-0.148357,0.250937,-0.141246,0.002784,0.002793
0,-0.000924,-0.138002,-0.136254,0.021706,-0.108101,0.023423,1.6e-05,0.002409
0,0.149225,-0.154584,0.143496,-0.042428,0.148357,0.000896,0.002604,0.002698
0,-0.02091,-0.131621,-0.175263,0.027687,-0.211851,0.053326,0.000365,0.002297
0,0.219596,0.058219,0.262109,0.185072,0.217267,0.197092,0.001785,0.001016
0,-0.038197,-0.068371,-0.284892,-0.134869,-0.248237,-0.088619,0.000667,0.001193
0,-0.008785,-0.182622,0.015433,-0.085884,0.059128,-0.129623,0.000153,0.00243
0,0.024424,-0.013913,0.028603,0.162314,0.044177,0.207705,0.000426,0.000243
0,0.092722,0.084849,0.072419,0.115698,0.044505,0.068343,0.001618,0.001481
0,0.17486,-0.060676,0.072241,-0.148106,0.109239,-0.187384,0.002566,0.001059
0,0.074436,0.018401,-0.074681,0.095246,-0.026751,0.050014,0.001299,0.000321
0,0.127037,-0.002596,0.045954,-0.012052,0.027538,-0.010737,0.002217,4.5e-05
0,0.238222,-0.137288,0.091482,-0.158232,0.112646,-0.116253,0.00146,0.002396
0,0.163141,-0.14506,-0.092363,0.016133,-0.135231,0.016167,0.00277,0.002532
0,0.126892,0.036684,-0.019827,0.168396,-0.000613,0.153017,0.002215,0.00064
0,0.225199,-0.009621,0.108044,-0.059223,0.149239,-0.067012,0.001687,0.000168
0,0.213787,0.088542,-0.014748,0.127662,-0.008425,0.078378,0.001886,0.001545
0,0.029359,0.088529,-0.176876,-0.028006,-0.139728,-0.037503,0.000512,0.001545
0,-0.035499,0.038166,-0.05152,-0.036386,-0.060442,-0.076873,0.00062,0.000666
0,0.199281,-0.169076,0.22725,-0.18379,0.221598,-0.163359,0.002139,0.002667
0,0.181617,-0.137364,-0.001322,0.020154,0.026001,0.062829,0.002448,0.002397
0,0.175876,0.02804,-0.032739,0.145794,-0.037184,0.168942,0.002548,0.000489
0,0.082271,0.120798,-0.120732,0.0912,-0.115295,0.126497,0.001436,0.002108
0,0.092966,0.033211,0.010315,-0.076577,0.023056,-0.078722,0.001623,0.00058
0,0.21428,0.010891,0.133549,-0.007482,0.131488,0.0134,0.001878,0.00019
0,0.122498,0.153701,-0.081793,0.1529,-0.035058,0.111439,0.002138,0.002683
0,-0.031497,-0.05721,-0.142986,-0.232951,-0.151903,-0.205953,0.00055,0.000998
0,0.092285,0.005825,0.139854,0.054846,0.147355,0.094595,0.001611,0.000102
0,0.22432,0.169262,0.126548,0.146588,0.100445,0.144761,0.001702,0.002663
0,0.026668,-0.092986,-0.220263,-0.259086,-0.193937,-0.224204,0.000465,0.001623
0,0.046539,-0.042628,0.028426,0.040012,0.063342,0.054591,0.000812,0.000744
0,0.035043,-0.126635,-0.007297,-0.082451,-0.017827,-0.057507,0.000612,0.00221
0,0.039854,-0.141677,-0.001486,-0.039644,0.003396,-0.075966,0.000696,0.002473
0,0.227306,-0.155099,0.184758,-0.009393,0.171551,-0.026582,0.00165,0.002707
0,0.052649,0.062998,-0.182949,0.211668,-0.184557,0.22541,0.000919,0.0011
0,0.222155,0.019569,0.179524,-0.070891,0.201618,-0.073109,0.00174,0.000342
0,0.102891,0.006824,-0.147906,-0.011676,-0.186969,-0.044331,0.001796,0.000119
0,0.159285,-0.158201,0.069136,-0.188493,0.092051,-0.188663,0.00278,0.002761
0,-0.06681,-0.164158,-0.217293,0.007238,-0.244517,-0.025343,0.001166,0.002752
0,-0.073945,-0.09142,-0.02162,0.08762,-0.050602,0.134573,0.001291,0.001596
0,-0.023226,-0.21016,0.080253,-0.143445,0.114179,-0.178772,0.000405,0.00195
0,0.058609,0.033172,0.107589,0.220835,0.064118,0.1711,0.001023,0.000579
0,0.165053,0.04955,0.128037,-0.003939,0.166828,0.028785,0.002737,0.000865
0,0.187606,-0.127494,0.011641,-0.16995,-0.006524,-0.141952,0.002343,0.002225
0,-0.040685,-0.179754,-0.248245,-0.061,-0.271613,-0.04474,0.00071,0.00248
0,-0.064672,-0.122756,-0.03744,0.059815,-0.064151,0.049132,0.001129,0.002142
0,0.006128,-0.067005,0.046514,0.032786,0.087834,0.056565,0.000107,0.001169
0,0.258574,-0.035836,0.229915,0.03687,0.192794,-0.007805,0.001105,0.000625
0,0.112553,-0.144825,-0.142434,-0.128322,-0.130154,-0.119052,0.001964,0.002528
0,0.004705,-0.088853,-0.080743,0.038335,-0.061181,0.031468,8.2e-05,0.001551
0,0.16478,-0.116019,0.16643,-0.011038,0.20682,-0.038737,0.002742,0.002025
0,0.073964,-0.000228,-0.10398,0.100614,-0.061463,0.099103,0.001291,4e-06
0,0.107513,-0.169619,0.004832,-0.185356,0.003648,-0.13796,0.001876,0.002657
0,0.126508,-0.135764,0.033329,0.031454,-0.006711,0.046998,0.002208,0.00237
0,-0.066914,-0.036313,-0.163858,0.094611,-0.157628,0.049425,0.001168,0.000634
0,0.164021,-0.098095,0.254518,-0.079516,0.263091,-0.12615,0.002755,0.001712
0,-0.094346,-0.150013,-0.275687,-0.080764,-0.30229,-0.032175,0.001647,0.002618
0,0.091174,-0.131311,0.170851,0.02296,0.134649,0.036739,0.001591,0.002292
0,0.043781,-0.209076,-0.06591,-0.083169,-0.051587,-0.110597,0.000764,0.001968
0,0.026778,-0.182111,-0.000648,0.048184,0.048924,0.068921,0.000467,0.002439
0,-0.064839,-0.177121,-0.117942,-0.013935,-0.140082,0.008428,0.001132,0.002526
0,0.051132,-0.160912,0.139775,0.032738,0.098625,0.004047,0.000892,0.002808
0,0.082161,-0.098139,0.045576,0.07246,0.093218,0.100721,0.001434,0.001713
0,-0.047859,0.029165,-0.114321,0.097396,-0.097639,0.1133,0.000835,0.000509
0,0.052415,0.001653,0.114081,-0.055864,0.155883,-0.021967,0.000915,2.9e-05
0,-0.211634,-0.037551,-0.287439,-0.01174,-0.262126,0.007461,0.001924,0.000655
0,0.054356,-0.158196,0.248232,-0.10397,0.262494,-0.153301,0.000949,0.002761
0,-0.035763,-0.171752,-0.112908,0.016134,-0.151606,0.020762,0.000624,0.00262
0,-0.000103,-0.090546,0.010512,0.058903,0.055575,0.057309,2e-06,0.00158
0,-0.157947,-0.227648,-0.182817,-0.16636,-0.158977,-0.158633,0.002757,0.001644
0,-0.061878,-0.083207,0.06719,0.170164,0.029911,0.127158,0.00108,0.001452
0,-0.057657,-0.029724,-0.019566,0.035337,-0.000123,0.082811,0.001006,0.000519
0,0.011785,0.026767,0.057923,0.030555,0.010378,0.076427,0.000206,0.000467
0,-0.121094,-0.02401,-0.122369,-0.066981,-0.14772,-0.072984,0.002113,0.000419
0,-0.005036,-0.076352,0.125914,-0.065005,0.166118,-0.111573,8.8e-05,0.001333
0,-0.164498,0.065395,-0.143098,0.147832,-0.185039,0.181536,0.002746,0.001141
0,-0.191631,0.088,-0.003608,0.020882,0.006645,-0.001454,0.002273,0.001536
0,-0.102958,-0.092928,0.087215,-0.169051,0.085389,-0.201241,0.001797,0.001622
0,0.00253,-0.136352,0.079652,-0.03124,0.117105,0.004443,4.4e-05,0.00238
0,-0.082335,-0.017375,-0.062146,0.106303,-0.039893,0.147621,0.001437,0.000303
0,-0.063406,0.029445,0.00656,0.06421,-0.040877,0.044304,0.001107,0.000514
0,-0.019529,0.0935,0.039145,0.088164,0.070618,0.097048,0.000341,0.001632
0,0.003501,0.074888,0.018699,-0.012969,0.030452,0.017217,6.1e-05,0.001307
0,0.071253,-0.042404,0.062723,-0.133319,0.066938,-0.126164,0.001244,0.00074
0,0.093047,-0.062206,0.00089,-0.000747,0.024966,0.011001,0.001624,0.001086
0,0.111602,-0.002142,-0.007208,0.033268,0.026963,0.020165,0.001948,3.7e-05
0,-0.168619,-0.006375,-0.271906,0.02395,-0.242065,-0.025362,0.002675,0.000111
0,-0.096129,0.090807,0.075641,0.095044,0.07907,0.139073,0.001678,0.001585
0,0.082277,0.008103,0.180114,-0.107332,0.178559,-0.071525,0.001436,0.000141
0,-0.050719,0.067402,-0.150687,0.07953,-0.137603,0.065452,0.000885,0.001176
0,0.115033,-0.126903,0.174443,-0.214598,0.215718,-0.228961,0.002008,0.002215
0,0.162706,-0.216152,0.072866,-0.092795,0.064488,-0.086905,0.002778,0.001845
0,0.051855,-0.146154,-0.125918,0.08446,-0.15449,0.111817,0.000905,0.002551
0,-0.047847,-0.202456,-0.099556,-0.066341,-0.096641,-0.030412,0.000835,0.002084
0,0.226914,-0.193278,0.254153,0.024438,0.226094,0.043001,0.001657,0.002244
0,-0.005418,-0.156107,-0.216392,0.058648,-0.241698,0.042935,9.5e-05,0.002725
0,-0.106419,-0.09133,-0.071032,0.057606,-0.088835,0.063473,0.001857,0.001594
0,-0.019684,0.111162,0.106028,0.207213,0.098574,0.169298,0.000344,0.00194
0,-0.077405,0.117416,-0.028105,0.031751,-0.049883,0.035681,0.001351,0.002049
0,0.053403,0.009844,0.137459,-0.117089,0.16787,-0.124844,0.000932,0.000172
0,0.011824,0.087798,-0.013344,0.049351,0.004687,0.024567,0.000206,0.001532
0,-0.065135,0.125696,-0.101036,0.018598,-0.146151,0.033765,0.001137,0.002194
0,-0.041641,-0.132808,0.002964,-0.241879,0.029422,-0.249936,0.000727,0.002318
0,0.031364,0.02663,0.06746,0.175944,0.048067,0.209926,0.000547,0.000465
0,-0.082225,0.142354,-0.090403,0.096894,-0.066324,0.07421,0.001435,0.002485
0,0.004151,0.063128,0.10693,-0.094721,0.125209,-0.107837,7.2e-05,0.001102
0,-0.130398,0.042838,-0.107844,-0.01093,-0.081913,0.016765,0.002276,0.000748
0,-0.071474,-0.092623,0.061892,-0.159279,0.054626,-0.151788,0.001247,0.001617
0,-0.092278,-0.109862,-0.040267,-0.007553,-0.030061,-0.048949,0.001611,0.001917
0,-0.13398,0.046729,-0.048889,0.171086,-0.034694,0.220786,0.002338,0.000816
0,-0.01822,-0.062075,0.131621,-0.128466,0.098972,-0.120016,0.000318,0.001083
0,-0.055915,0.079733,-0.00964,0.154819,0.029556,0.199707,0.000976,0.001392
0,-0.020588,-0.08025,0.025003,-0.134505,0.052278,-0.112852,0.000359,0.001401
0,0.119535,-0.072758,0.122124,0.01321,0.1214,-0.003913,0.002086,0.00127
0,0.25702,0.033702,0.163638,0.133032,0.161979,0.157421,0.001132,0.000588
0,0.236882,0.035913,-0.032967,-0.013051,-0.070774,-0.035062,0.001483,0.000627
0,0.124014,-0.202931,-0.120966,-0.227063,-0.106424,-0.186545,0.002164,0.002076
0,0.351348,-0.190733,0.222871,0.019239,0.22099,0.064376,0.000515,0.002289
0,0.21946,-0.211528,-0.134581,-0.029061,-0.167884,-0.058737,0.001787,0.001926
0,0.325714,0.007632,0.112986,0.195604,0.127435,0.153994,6.7e-05,0.000133
0,0.203222,-0.143896,-0.125502,-0.17154,-0.086043,-0.214434,0.002071,0.002511
0,0.096363,0.054118,-0.108668,0.221299,-0.114432,0.259498,0.001682,0.000945
0,0.005168,0.10462,-0.090361,0.075019,-0.136421,0.096508,9e-05,0.001826
0,0.2655,0.102501,0.234815,-0.009815,0.236345,-0.05948,0.000984,0.001789
0,0.175597,0.1009,-0.093396,0.015333,-0.125418,-0.014584,0.002553,0.001761
0,0.044448,-0.056024,-0.140349,-0.127981,-0.15131,-0.09999,0.000776,0.000978
0,0.045235,0.054314,-0.009688,0.107809,-0.035052,0.089687,0.00079,0.000948
0,0.017638,-0.136532,-0.028525,-0.183071,0.009014,-0.139454,0.000308,0.002383
0,0.174756,-0.002816,0.184864,0.149478,0.144657,0.173421,0.002567,4.9e-05
0,0.059065,-0.141983,-0.086237,-0.140193,-0.115521,-0.136744,0.001031,0.002478
0,0.07482,-0.019694,0.039889,0.132401,0.012827,0.117832,0.001306,0.000344
0,0.067372,-0.100434,0.000866,-0.10325,0.015213,-0.147301,0.001176,0.001753
0,0.120599,-0.08894,0.069051,0.012882,0.032584,-0.033874,0.002105,0.001552
0,0.04149,-0.04317,-0.093851,0.047195,-0.053437,0.038469,0.000724,0.000753
0,0.203017,-0.015654,0.15974,0.016309,0.20391,0.032682,0.002074,0.000273
0,0.017854,-0.052308,-0.183041,-0.037689,-0.218325,-0.078628,0.000312,0.000913
0,-0.122385,-0.041429,-0.124312,0.003723,-0.140851,0.026505,0.002136,0.000723
0,-0.060931,-0.017951,0.068363,0.032933,0.042571,0.02783,0.001063,0.000313
0,-0.078068,-0.014603,0.011804,0.002023,-0.029483,0.050763,0.001363,0.000255
0,0.067287,-0.019885,0.122194,-0.034079,0.160904,-0.053154,0.001174,0.000347
0,-0.105367,0.024282,-0.200383,0.021925,-0.210658,0.061386,0.001839,0.000424
0,-0.166979,-0.094874,-0.086338,-0.103351,-0.118594,-0.139587,0.002703,0.001656
0,-0.189859,-0.131492,-0.011674,-0.022466,-0.039001,-0.04952,0.002304,0.002295
0,-0.021637,-0.067096,0.13996,0.093279,0.112029,0.077576,0.000378,0.001171
0,-0.035086,0.095011,0.001579,0.156278,0.005717,0.15613,0.000612,0.001658
0,-0.188617,0.066542,-0.12362,-0.039039,-0.112353,-0.007284,0.002326,0.001161
0,1.56131,0.135285,1.748625,0.095992,1.773217,0.137305,0.000838,0.002361
0,1.921302,0.474779,0.373387,0.360862,0.352739,0.395062,0.000172,0.002669
0,2.693245,0.396124,0.775088,-0.106265,0.806846,-0.062576,0.002066,0.001296
0,2.3823,0.574537,-0.338742,0.155031,-0.337718,0.139725,0.002256,0.001207
0,2.096433,0.305958,-0.261912,-0.25221,-0.222663,-0.300394,0.002733,0.000278
0,1.837898,0.39436,-0.255364,0.064617,-0.228522,0.108672,0.001628,0.001265
0,1.211711,0.261527,-0.635674,-0.130785,-0.600614,-0.099998,0.001322,0.001053
0,0.558797,0.104294,-0.650128,-0.148127,-0.605785,-0.133785,0.001482,0.00182
0,0.465762,-0.060922,-0.103727,-0.145613,-0.087872,-0.122399,0.002512,0.001063
0,0.088677,-0.009086,-0.401603,0.037908,-0.415336,0.000808,0.001548,0.000159
0,0.026691,-0.037121,-0.083094,-0.0568,-0.047555,-0.070235,0.000466,0.000648
0,-0.119948,0.063857,-0.15183,0.104085,-0.146469,0.058613,0.002093,0.001115
0,-0.165084,-0.144574,-0.060822,-0.216206,-0.014494,-0.188189,0.002736,0.002523
0,0.01882,-0.073886,0.200562,0.052296,0.226272,0.006801,0.000328,0.00129
0,-0.165298,-0.090858,-0.180454,-0.032504,-0.195222,-0.049149,0.002733,0.001586
0,-0.115446,-0.193774,0.074139,-0.075653,0.059724,-0.048831,0.002015,0.002236
0,0.068514,0.058637,0.185445,0.245679,0.156316,0.233138,0.001196,0.001023
0,-0.028501,-0.01567,-0.084245,-0.065371,-0.059377,-0.018911,0.000497,0.000273
0,-0.06781,0.011895,-0.05365,0.020331,-0.081645,0.067091,0.001184,0.000208
0,0.025284,-0.135986,0.063167,-0.166036,0.048837,-0.201341,0.000441,0.002373
0,0.184887,-0.010004,0.166459,0.132259,0.160773,0.120386,0.002391,0.000175
0,-0.018078,0.169776,-0.227576,0.170864,-0.205339,0.150223,0.000316,0.002654
0,-0.08327,-0.082216,-0.084819,-0.229607,-0.125538,-0.264814,0.001453,0.001435
0,-0.114884,-0.002904,-0.02101,0.074946,-0.022352,0.095297,0.002005,5.1e-05
0,0.142897,0.086288,0.25343,0.066746,0.236658,0.029914,0.002494,0.001506
0,-0.00399,-0.124496,-0.160904,-0.202538,-0.161719,-0.159738,7e-05,0.002173
0,0.017426,-0.11016,0.036672,-0.009235,0.000805,-0.051649,0.000304,0.001923
0,0.13383,0.030455,0.087089,0.127549,0.042055,0.110379,0.002336,0.000532
0,-0.006894,-0.154289,-0.160957,-0.156508,-0.116076,-0.18938,0.00012,0.002693
0,-0.078716,-0.19479,-0.046997,-0.060303,-0.052818,-0.061525,0.001374,0.002218
0,0.133983,0.021842,0.232278,0.199411,0.228196,0.214912,0.002338,0.000381
0,-0.010294,0.030325,-0.151095,-0.018518,-0.176317,-0.043774,0.00018,0.000529
0,0.06631,-0.001549,0.080654,-0.013417,0.047863,-0.00483,0.001157,2.7e-05
0,-0.116442,-0.121941,-0.172799,-0.098372,-0.185482,-0.111002,0.002032,0.002128
0,-0.07954,-0.135805,0.040515,-0.03143,0.039115,-0.037226,0.001388,0.00237
0,-0.070898,0.151486,-0.018743,0.299803,0.024365,0.327539,0.001237,0.002644
0,0.194882,-0.123523,0.270237,-0.286998,0.244723,-0.332943,0.002216,0.002156
0,0.032008,0.086547,-0.172205,0.214365,-0.221587,0.233413,0.000559,0.001511
0,0.001423,-0.025205,-0.021779,-0.109787,0.001709,-0.096549,2.5e-05,0.00044
0,0.143751,0.042714,0.144494,0.038275,0.125205,0.046274,0.002509,0.000745
0,-0.016066,-0.07377,-0.162713,-0.131271,-0.116062,-0.118746,0.00028,0.001288
0,0.062546,0.161597,0.106064,0.228948,0.091688,0.251897,0.001092,0.002797
0,0.084305,0.085562,-0.000195,-0.071386,-0.034663,-0.100612,0.001471,0.001493
0,0.190536,-0.006943,0.100586,-0.104857,0.140891,-0.078469,0.002292,0.000121
0,0.130475,-0.078313,-0.074521,-0.053886,-0.117499,-0.101331,0.002277,0.001367
0,-0.029924,0.034637,-0.154312,0.0887,-0.110769,0.133473,0.000522,0.000605
0,-0.095933,0.138127,-0.094135,0.126695,-0.064146,0.095263,0.001674,0.002411
0,0.133561,-0.015539,0.239698,-0.167694,0.192006,-0.125382,0.002331,0.000271
0,-0.043342,0.118153,-0.16797,0.125008,-0.169906,0.145948,0.000756,0.002062
0,-0.029019,0.063487,0.041363,-0.064581,0.063135,-0.044223,0.000506,0.001108
0,-0.053903,-0.015294,-0.024959,-0.063549,-0.041718,-0.036041,0.000941,0.000267
0,0.111589,0.178906,0.167483,0.173504,0.194824,0.151239,0.001948,0.002495
0,0.007084,0.11143,-0.121731,-0.063128,-0.133165,-0.01675,0.000124,0.001945
0,0.182531,0.113039,0.160408,-0.008022,0.17929,0.036158,0.002432,0.001973
0,0.139186,0.16406,-0.044257,0.063702,-0.011789,0.034205,0.002429,0.002754
0,0.141707,-0.016423,0.018722,-0.167753,-0.023571,-0.182327,0.002473,0.000287
0,-0.021148,0.161708,-0.177416,0.171983,-0.171142,0.122333,0.000369,0.002795
0,0.081031,0.132825,0.097853,-0.053783,0.06094,-0.089247,0.001414,0.002318
0,-0.050076,0.15829,-0.107791,0.004203,-0.149064,0.023536,0.000874,0.002763
0,0.075951,-0.075982,0.147145,-0.230376,0.097422,-0.265199,0.001326,0.001326
0,0.066213,0.170941,-0.019465,0.271115,-0.025908,0.233319,0.001156,0.002634
0,0.014186,-0.043435,-0.069371,-0.206687,-0.034595,-0.217923,0.000248,0.000758
0,-0.182933,0.143902,-0.173774,0.168792,-0.178821,0.207976,0.002425,0.002512
0,0.089996,0.0392,0.243004,-0.134232,0.197687,-0.127702,0.001571,0.000684
0,-0.154156,-0.087957,-0.215635,-0.152644,-0.237459,-0.202634,0.002691,0.001535
0,-0.05005,-0.026589,0.100611,0.050317,0.05766,0.072436,0.000874,0.000464
0,-0.173165,0.112999,-0.094342,0.119361,-0.075537,0.112873,0.002595,0.001972
0,-0.180372,0.126488,0.00049,0.027843,-0.031388,0.015486,0.002469,0.002208
0,-0.004711,-0.08763,0.199898,-0.241719,0.161006,-0.260745,8.2e-05,0.001529
0,-0.167025,-0.057944,-0.18539,0.043027,-0.223497,0.014762,0.002702,0.001011
0,-0.174968,-0.073659,-0.034007,-0.01795,-0.06412,-0.05856,0.002564,0.001286
0,0.100519,0.172678,0.276227,0.22268,0.314984,0.204872,0.001754,0.002604
0,0.014391,0.130342,-0.107278,-0.055259,-0.136065,-0.010835,0.000251,0.002275
0,0.17934,-0.08694,0.164129,-0.200003,0.12133,-0.160331,0.002487,0.001517
0,0.126266,-0.018701,-0.038849,0.067662,-0.047742,0.0512,0.002204,0.000326
0,0.007797,-0.120299,-0.10917,-0.115959,-0.12148,-0.120944,0.000136,0.0021
0,0.049376,0.1964,0.035717,0.334825,0.021559,0.305116,0.000862,0.00219
0,0.18279,0.098689,0.150872,-0.118935,0.158725,-0.087783,0.002427,0.001722
0,0.066211,0.194958,-0.130309,0.077473,-0.112927,0.094191,0.001156,0.002215
0,0.035733,0.111931,-0.052997,-0.088794,-0.101993,-0.055552,0.000624,0.001954
0,0.272743,0.056301,0.222743,-0.0336,0.220486,0.008672,0.000857,0.000983
0,0.064731,0.04887,-0.229875,-0.004333,-0.273898,-0.053065,0.00113,0.000853
0,0.265211,0.19509,0.192423,0.166737,0.156894,0.176239,0.000989,0.002213
0,0.118504,0.140496,-0.143672,-0.033415,-0.105042,0.01059,0.002068,0.002452
0,0.180502,0.0107,0.086216,-0.12672,0.086428,-0.089816,0.002467,0.000187
0,0.102535,0.268966,-0.098248,0.26821,-0.074006,0.234862,0.00179,0.000923
0,0.164596,0.019123,0.068963,-0.232364,0.08747,-0.240264,0.002745,0.000334
0,0.2122,0.155866,0.067667,0.157886,0.061867,0.123405,0.001914,0.00272
0,0.11257,0.188411,-0.11018,0.03183,-0.068593,0.070667,0.001965,0.002329
0,0.314169,0.045508,0.220705,-0.149854,0.180334,-0.173747,0.000134,0.000794
0,0.154638,-0.04415,-0.148874,-0.095373,-0.158114,-0.091363,0.002699,0.000771
0,0.250652,0.018574,0.103326,0.078794,0.069247,0.088752,0.001243,0.000324
0,0.299762,0.118947,0.069853,0.082009,0.040513,0.069613,0.000386,0.002076
0,0.252679,0.193149,-0.05187,0.095445,-0.088231,0.053394,0.001207,0.002246
0,0.252241,0.00457,0.004579,-0.162313,0.003312,-0.160776,0.001215,8e-05
0,0.373435,-0.104722,0.10853,-0.128088,0.144069,-0.15511,0.0009,0.001828
0,0.120093,0.053083,-0.272592,0.145549,-0.235601,0.105673,0.002096,0.000926
0,0.198771,-0.051536,0.069477,-0.133826,0.101678,-0.119423,0.002148,0.000899
0,0.064862,-0.085212,-0.142992,-0.053398,-0.156908,-0.066276,0.001132,0.001487
0,0.090885,0.069102,0.055033,0.160202,0.037512,0.132292,0.001586,0.001206
0,0.115713,0.132922,0.008788,0.073038,0.034597,0.041406,0.00202,0.00232
0,0.123296,0.188963,0.023728,0.072249,0.031487,0.07952,0.002152,0.002319
0,0.203576,-0.031324,0.077624,-0.226009,0.099729,-0.218757,0.002064,0.000547
0,0.299277,-0.041733,0.090449,3.3e-05,0.066235,0.034925,0.000394,0.000728
0,0.18935,0.06977,-0.090353,0.097475,-0.087897,0.072286,0.002313,0.001218
0,0.246924,0.0125,0.052857,-0.081224,0.082989,-0.095037,0.001308,0.000218
0,0.12372,0.030776,-0.140322,0.046165,-0.164769,0.030785,0.002159,0.000537
0,-0.004936,-0.049805,-0.130508,-0.061234,-0.11009,-0.042334,8.6e-05,0.000869
0,-0.021443,-0.136467,0.008511,-0.098175,-0.03785,-0.093079,0.000374,0.002382
0,-0.090919,-0.049991,-0.057989,0.087447,-0.02123,0.063997,0.001587,0.000873
0,-0.023268,0.106712,0.042255,0.129553,0.06006,0.165303,0.000406,0.001862
0,0.081133,-0.042344,0.084153,-0.16035,0.086921,-0.207686,0.001416,0.000739
0,-0.132283,0.074949,-0.208037,0.128029,-0.190938,0.089863,0.002309,0.001308
0,-0.155043,0.010137,-0.043227,-0.056985,-0.071102,-0.091864,0.002706,0.000177
0,-0.036484,0.07023,0.088656,0.080668,0.041191,0.096267,0.000637,0.001226
0,0.002596,-0.059007,0.046193,-0.124887,0.009493,-0.133987,4.5e-05,0.00103
0,-0.057767,-0.069548,-0.060099,-0.013301,-0.070737,-0.038147,0.001008,0.001214
0,-0.173517,-0.054602,-0.141904,0.032422,-0.157575,0.013971,0.002589,0.000953
0,-0.019997,0.032503,0.180166,0.091618,0.166383,0.093809,0.000349,0.000567
0,-0.080164,0.033036,-0.049631,0.027717,-0.001375,0.077589,0.001399,0.000577
0,0.06218,-0.162281,0.123616,-0.201713,0.170461,-0.181188,0.001085,0.002785
0,-0.014537,-0.178082,-0.075497,-0.011833,-0.05077,-0.04509,0.000254,0.002509
0,-0.077605,0.056533,-0.05447,0.247532,-0.024048,0.252156,0.001354,0.000987
0,-0.090512,-0.065915,-0.024415,-0.094823,-0.017256,-0.109147,0.00158,0.00115
0,0.03374,-0.098361,0.145816,-0.05464,0.189614,-0.094962,0.000589,0.001717
0,0.125009,-0.038408,0.103861,0.077164,0.079615,0.087583,0.002182,0.00067
0,0.200179,-0.134452,0.057328,-0.076902,0.026441,-0.113626,0.002124,0.002347
0,-0.055407,0.032586,-0.244608,0.186993,-0.282301,0.178162,0.000967,0.000569
0,0.164162,0.036133,0.205274,0.008463,0.157488,-0.018348,0.002752,0.000631
0,-0.05103,-0.116319,-0.199259,-0.139459,-0.196332,-0.114267,0.000891,0.00203
0,-0.024418,-0.079051,0.004845,0.029497,-0.034496,0.00569,0.000426,0.00138
0,0.2205,-0.07091,0.264364,0.029773,0.274237,-0.019775,0.001769,0.001238
0,0.082189,-0.003113,-0.166224,0.0445,-0.184828,0.020675,0.001434,5.4e-05
0,0.213232,-0.190303,0.128278,-0.172912,0.122543,-0.125162,0.001896,0.002296
0,0.042707,-0.162783,-0.193882,-0.001919,-0.164616,0.005833,0.000745,0.002776
0,0.050315,-0.067799,-0.001948,0.093906,0.028278,0.083195,0.000878,0.001183
0,0.120948,0.008608,0.085601,0.10222,0.072249,0.077918,0.002111,0.00015
0,0.033816,0.128487,-0.06163,0.125337,-0.07089,0.166756,0.00059,0.002243
0,0.173576,0.163636,0.158389,0.007397,0.203163,0.036313,0.002588,0.002762
0,-0.012289,0.169388,-0.209882,-0.001731,-0.220869,0.037666,0.000214,0.002661
0,0.033476,0.122023,0.053105,-0.017583,0.061192,-0.005056,0.000584,0.00213
0,-0.105942,-0.020994,-0.142329,-0.156887,-0.139011,-0.143378,0.001849,0.000366
0,0.182604,0.004958,0.318438,0.029881,0.272703,0.019288,0.00243,8.7e-05
0,-0.024082,0.205308,-0.193494,0.19063,-0.22143,0.231522,0.00042,0.002034
0,0.061844,0.156734,0.105723,-0.030115,0.102061,-0.041003,0.001079,0.002736
0,0.072224,0.003407,0.034812,-0.144062,0.071178,-0.166565,0.001261,5.9e-05
0,0.032125,-0.034812,-0.060888,-0.025744,-0.030806,-0.036315,0.000561,0.000608
0,0.134322,0.052647,0.116559,0.097068,0.068607,0.051704,0.002344,0.000919
0,0.01994,-0.081365,-0.124765,-0.117872,-0.079612,-0.074896,0.000348,0.00142
0,0.127558,0.026646,0.12133,0.101061,0.092302,0.054166,0.002226,0.000465
0,-0.044987,-0.055063,-0.194354,-0.064796,-0.156026,-0.097108,0.000785,0.000961
0,0.008559,0.10911,0.025252,0.190202,0.031836,0.196112,0.000149,0.001904
0,0.029057,0.033016,0.044932,-0.054758,0.003571,-0.022839,0.000507,0.000576
0,-0.005203,0.052113,-0.004424,0.029401,-0.026936,0.004017,9.1e-05,0.00091
0,0.133336,0.146562,0.117631,0.086697,0.101869,0.13027,0.002327,0.002558
0,0.139208,-0.003471,-0.00997,-0.17349,-0.006224,-0.144658,0.00243,6.1e-05
0,-0.028028,0.12155,-0.144439,0.101844,-0.143384,0.120305,0.000489,0.002121
0,0.178714,0.073583,0.187966,-0.053663,0.223982,-0.050835,0.002498,0.001284
0,0.083702,0.028967,-0.080488,-0.036147,-0.087548,-0.050461,0.001461,0.000506
0,-0.013713,0.110958,-0.123682,0.078355,-0.141626,0.055353,0.000239,0.001937
0,0.19629,-0.025432,0.194842,-0.155709,0.155921,-0.167762,0.002192,0.000444
0,0.091507,0.176604,-0.083966,0.202854,-0.098799,0.209248,0.001597,0.002535
0,-0.065851,-0.125252,-0.167506,-0.325887,-0.17232,-0.35648,0.001149,0.002186
0,0.134237,0.022968,0.172055,0.167787,0.136388,0.142242,0.002343,0.000401
0,0.161959,-0.020169,0.042824,-0.039128,0.045186,-0.078508,0.002791,0.000352
0,-0.050287,-0.102806,-0.216595,-0.101297,-0.209772,-0.131419,0.000878,0.001794
0,0.176846,0.106342,0.219017,0.190149,0.192465,0.149827,0.002531,0.001856
0,0.131933,0.134171,-0.031519,0.003059,-0.069658,-0.006832,0.002303,0.002342
0,0.097723,-0.006998,-0.054884,-0.161466,-0.026124,-0.143,0.001706,0.000122
0,0.181165,0.021143,0.0551,0.01998,0.073076,-0.016946,0.002456,0.000369
0,0.184606,0.100076,0.032879,0.073675,-0.006737,0.023909,0.002396,0.001747
0,0.141292,-0.108289,-0.048048,-0.193203,-0.054079,-0.171314,0.002466,0.00189
0,-0.039586,0.000367,-0.183535,0.124613,-0.193946,0.171902,0.000691,6e-06
0,-0.036847,-0.092419,-0.01995,-0.10144,-0.069936,-0.085759,0.000643,0.001613
0,0.020523,-0.02845,0.054927,0.073064,0.083692,0.057934,0.000358,0.000497
0,0.122087,0.121912,0.085131,0.138119,0.037348,0.090702,0.002131,0.002128
0,0.098562,0.164446,-0.024555,0.028733,-0.030647,0.035823,0.00172,0.002747
0,0.099052,0.103158,-0.017624,-0.076168,-0.034874,-0.042947,0.001729,0.0018
0,0.008922,0.114108,-0.079377,0.020779,-0.122357,-0.02882,0.000156,0.001992
0,0.102968,0.182579,0.072555,0.05298,0.039185,0.085208,0.001797,0.002431
0,-0.078984,0.14618,-0.174324,-0.057256,-0.175169,-0.046224,0.001379,0.002551
0,-0.076539,0.215558,0.000703,0.070043,-0.002151,0.029416,0.001336,0.001855
0,0.096766,0.080151,0.183002,-0.143165,0.22753,-0.105881,0.001689,0.001399
0,0.079148,-0.031406,0.006811,-0.125043,-0.003817,-0.164689,0.001381,0.000548
0,0.138498,0.102187,0.059373,0.156699,0.099316,0.153979,0.002417,0.001783
0,0.2707,0.150631,0.109332,0.030056,0.124009,0.038417,0.000893,0.002629
0,0.125539,0.142734,-0.166103,-0.012509,-0.131401,0.034032,0.002191,0.002491
0,0.197373,0.208485,0.079817,0.06686,0.07802,0.075487,0.002173,0.001979
0,0.241328,0.079257,0.050511,-0.13447,0.033827,-0.172545,0.001406,0.001383
0,0.315521,0.138849,0.071101,0.040025,0.089189,0.039821,0.000111,0.002423
0,0.079121,0.147313,-0.264596,0.035029,-0.275456,0.02041,0.001381,0.002571
0,0.285736,0.201887,0.206275,0.054099,0.234463,0.046051,0.00063,0.002094
0,0.308708,0.238454,0.003772,0.057041,-0.029304,0.021036,0.00023,0.001456
0,0.105753,0.182139,-0.215136,-0.078677,-0.20744,-0.076578,0.001846,0.002439
0,0.193339,0.039142,0.102294,-0.117547,0.120121,-0.097685,0.002243,0.000683
0,0.21566,-0.060752,-0.005957,-0.11456,0.031194,-0.075632,0.001854,0.00106
0,0.034402,-0.068543,-0.184938,-0.021184,-0.164798,-0.004706,0.0006,0.001196
0,0.104868,-0.025876,0.067655,0.026631,0.028283,0.04491,0.00183,0.000452
0,0.219613,0.191443,0.136057,0.189254,0.158617,0.225129,0.001785,0.002276
0,0.030212,-0.078809,-0.159954,-0.247944,-0.140657,-0.274241,0.000527,0.001375
0,0.231243,0.003453,0.211151,0.067983,0.169689,0.025627,0.001582,6e-05
0,-0.00464,-0.000734,-0.232361,-0.029552,-0.22852,0.013749,8.1e-05,1.3e-05
0,-0.005369,-0.060395,-0.0103,-0.068782,0.023474,-0.061837,9.4e-05,0.001054
0,0.120444,0.093818,0.126202,0.167356,0.148573,0.163761,0.002102,0.001637
0,0.19519,0.048051,0.073618,-0.056404,0.058084,-0.01415,0.002211,0.000839
0,0.153605,0.058046,-0.049669,0.013105,-0.018803,0.037878,0.002681,0.001013
0,0.164219,0.137536,-0.005733,0.108771,0.014796,0.139859,0.002751,0.0024
0,0.103555,-0.117077,-0.078306,-0.265754,-0.03752,-0.275801,0.001807,0.002043
0,0.093027,0.051512,-0.015598,0.144842,-0.038977,0.128889,0.001624,0.000899
0,0.199786,0.160661,0.102892,0.102281,0.104234,0.057752,0.002131,0.002804
0,0.0532,-0.036504,-0.145436,-0.21748,-0.165707,-0.176469,0.000929,0.000637
0,0.215647,0.148702,0.136098,0.21077,0.101866,0.179053,0.001854,0.002595
0,0.108251,0.176109,-0.088986,0.001657,-0.103513,-0.015286,0.001889,0.002544
0,-1.928371,-0.296871,-2.035519,-0.497837,-2.0401,-0.51725,4.9e-05,0.000436
0,-3.434039,-0.307491,-1.509686,-0.017206,-1.546245,-0.065858,0.001857,0.000251
0,-3.852109,-0.258054,-0.395116,0.036492,-0.388597,0.051112,0.000178,0.001114
0,-4.771871,-0.361422,-0.933408,-0.103282,-0.884028,-0.146741,0.000978,0.00069
0,-4.408439,-0.079254,0.357402,0.299564,0.392868,0.329542,0.001703,0.001383
0,-4.438943,-0.186203,-0.016205,-0.116852,0.015929,-0.082097,0.001171,0.002368
0,-4.110233,-0.154927,0.328905,0.019317,0.352699,0.013476,0.00129,0.002704
0,-3.776169,0.022044,0.361589,0.157187,0.31567,0.17061,0.001504,0.000385
0,-2.787409,-0.037126,0.992985,-0.032473,1.017669,-0.067424,0.001908,0.000648
0,-1.78737,0.071479,0.99946,0.08913,1.025342,0.113915,0.00251,0.001248
0,-1.178544,-0.124082,0.628738,-0.169165,0.66862,-0.202404,0.001901,0.002166
0,-0.473248,0.097167,0.697248,0.203783,0.744733,0.185818,0.002642,0.001696
0,-0.256652,-0.152096,0.219771,-0.2349,0.26881,-0.217001,0.001138,0.002655
0,-0.168387,0.092011,0.067788,0.239541,0.107548,0.251536,0.002679,0.001606
0,0.309713,-0.087507,0.461615,-0.170578,0.454835,-0.178638,0.000212,0.001527
0,0.553791,-0.090864,0.225918,-0.012952,0.196621,-0.020784,0.00157,0.001586
0,0.63979,0.044803,0.058914,0.126521,0.032634,0.120359,6.9e-05,0.000782
0,0.482575,-0.023413,-0.178177,-0.039562,-0.201367,-0.014874,0.002805,0.000409
0,0.350338,0.097679,-0.129535,0.09979,-0.12966,0.135828,0.000497,0.001705
0,0.31413,-0.031863,-0.043586,-0.156493,-0.049644,-0.146104,0.000135,0.000556
0,0.208654,-0.159423,-0.096237,-0.119343,-0.082911,-0.144482,0.001976,0.002782
0,0.147142,-0.018003,-0.060494,0.118132,-0.093701,0.083446,0.002568,0.000314
0,0.262286,0.011697,0.119259,0.020611,0.14704,0.022293,0.00104,0.000204
0,-0.031347,-0.17523,-0.301482,-0.203608,-0.344757,-0.196059,0.000547,0.002559
0,0.121954,0.01782,0.160361,0.175846,0.151058,0.221385,0.002129,0.000311
0,0.128865,0.102515,0.030635,0.066666,0.030238,0.036175,0.002249,0.001789
0,0.106674,-0.084432,-0.018818,-0.173429,-0.024331,-0.174512,0.001862,0.001474
0,0.0113,0.154322,-0.106473,0.25036,-0.151344,0.219098,0.000197,0.002693
0,-0.031165,-0.046019,-0.036622,-0.203052,-0.019543,-0.25177,0.000544,0.000803
0,0.001265,-0.087804,0.005124,-0.058144,0.045908,-0.016394,2.2e-05,0.001532
0,-0.06082,0.028297,-0.050869,0.08735,-0.095398,0.09601,0.001062,0.000494
0,-0.076296,0.149248,-0.036172,0.143727,0.006741,0.125032,0.001332,0.002605
0,0.020845,0.075627,0.10907,-0.086092,0.147392,-0.105388,0.000364,0.00132
0,-0.119022,0.208474,-0.151196,0.145581,-0.180258,0.181902,0.002077,0.001979
0,-0.129686,0.167809,-0.006336,-0.026569,-0.008321,0.012683,0.002263,0.002689
0,0.101812,-0.120514,0.201767,-0.284036,0.174325,-0.288288,0.001777,0.002103
0,0.079895,-0.019988,-0.037703,0.118898,-0.010416,0.080225,0.001394,0.000349
0,0.000137,0.092011,-0.106792,0.094289,-0.1193,0.11034,2e-06,0.001606
0,-0.150187,-0.002271,-0.127274,-0.097486,-0.157957,-0.127398,0.002621,4e-05
0,-0.122914,-0.08937,0.056125,-0.087052,0.027506,-0.130596,0.002145,0.00156
0,0.046393,0.068707,0.180134,0.151991,0.195144,0.171953,0.00081,0.001199
0,0.066532,-0.031545,0.003614,-0.120377,0.025701,-0.144498,0.001161,0.000551
0,-0.004761,-0.079063,-0.098146,-0.029688,-0.120344,-0.029693,8.3e-05,0.00138
0,-0.024058,-0.095702,-0.024323,0.004768,-0.057337,0.01297,0.00042,0.00167
0,0.003998,-0.030676,0.054041,0.044562,0.065936,0.06313,7e-05,0.000535
0,-0.21307,0.174987,-0.196556,0.219364,-0.246476,0.242293,0.001899,0.002563
0,-0.060306,-0.054385,0.134971,-0.211109,0.183353,-0.162978,0.001053,0.000949
0,-0.12393,-0.056651,-0.048462,-0.02584,-0.091862,-0.047843,0.002163,0.000989
0,0.069359,0.067093,0.175273,0.130919,0.221226,0.12696,0.001211,0.001171
0,0.049395,0.045113,-0.004717,0.003103,0.009895,0.045506,0.000862,0.000787
0,-0.045097,0.046215,-0.084935,0.014324,-0.058064,0.00772,0.000787,0.000807
0,0.087711,-0.016498,0.105953,-0.090925,0.09292,-0.098502,0.001531,0.000288
0,0.09522,-0.056729,0.011853,-0.051778,-0.002528,-0.067871,0.001662,0.00099
0,0.060857,0.020719,-0.057009,0.086167,-0.101456,0.065538,0.001062,0.000362
0,-0.005879,0.010815,-0.042003,0.012785,-0.089876,-0.033627,0.000103,0.000189
0,0.051569,-0.005617,0.051427,-0.042047,0.090944,-0.026672,0.0009,9.8e-05
0,0.001405,-0.061475,-0.026283,-0.043449,-0.065593,-0.062977,2.5e-05,0.001073
0,0.022853,0.100529,0.002176,0.133527,0.042033,0.120092,0.000399,0.001755
0,0.17875,-0.008463,0.15583,-0.081932,0.163638,-0.102302,0.002498,0.000148
0,0.133962,0.002272,-0.036965,0.010602,-0.054493,-0.023729,0.002338,4e-05
0,-0.06056,0.142579,-0.177557,0.153045,-0.20898,0.176453,0.001057,0.002488
0,0.112263,0.174846,0.175327,0.048362,0.191075,0.032538,0.001959,0.002566
0,-0.05018,0.029431,-0.17169,-0.172842,-0.168212,-0.128203,0.000876,0.000514
0,-0.125871,0.081947,-0.101584,0.051135,-0.118248,0.081137,0.002197,0.00143
0,0.130184,0.146767,0.23648,0.073691,0.275572,0.097382,0.002272,0.002562
0,0.066662,0.006467,-0.050363,-0.131731,-0.047571,-0.166769,0.001163,0.000113
0,-0.065482,0.11653,-0.141575,0.111333,-0.171866,0.145456,0.001143,0.002034
0,0.121496,-0.066802,0.203115,-0.194438,0.15879,-0.218469,0.002121,0.001166
0,0.159179,-0.011928,0.054861,0.064051,0.078608,0.067588,0.002778,0.000208
0,0.042941,-0.084232,-0.130536,-0.076531,-0.083199,-0.094794,0.000749,0.00147
0,0.098357,0.01356,0.053863,0.110312,0.035551,0.136935,0.001717,0.000237
0,-0.061712,-0.019384,-0.185963,-0.04129,-0.210626,-0.033986,0.001077,0.000338
0,-0.119067,0.011869,-0.081609,0.01155,-0.068068,-0.037613,0.002078,0.000207
0,-0.08163,0.205714,0.044867,0.221087,0.013361,0.202453,0.001425,0.002027
0,0.109187,0.070097,0.170588,-0.154227,0.152593,-0.154411,0.001906,0.001223
0,-0.080479,0.191599,-0.210757,0.115024,-0.219342,0.080463,0.001405,0.002273
0,-0.122775,-0.037916,-0.049816,-0.249263,-0.083394,-0.227667,0.002143,0.000662
0,0.037642,-0.037716,0.162519,-0.008999,0.188068,-0.032903,0.000657,0.000658
0,-0.097021,0.162462,-0.110927,0.223767,-0.079558,0.244607,0.001693,0.002782
0,-0.126332,0.026786,-0.026804,-0.164827,0.011547,-0.159054,0.002205,0.000468
0,-0.151409,-0.077838,-0.022207,-0.101023,-0.043974,-0.145778,0.002643,0.001359
0,0.013373,0.094103,0.13489,0.18816,0.086995,0.199126,0.000233,0.001642
0,0.040726,0.100993,0.037692,0.008795,0.048951,-0.015189,0.000711,0.001763
0,0.027977,-0.055088,0.000329,-0.129966,-0.025452,-0.116644,0.000488,0.000961
0,-0.135225,-0.007698,-0.148715,0.039557,-0.116764,0.018793,0.00236,0.000134
0,0.028701,0.049659,0.140678,0.040811,0.185339,0.064881,0.000501,0.000867
0,-0.078438,0.21056,-0.13161,0.138947,-0.167289,0.115378,0.001369,0.001943
0,-0.102169,0.202439,-0.040361,0.001714,-0.043777,0.033461,0.001783,0.002084
0,-0.096985,0.064757,0.02856,-0.128252,0.065508,-0.143827,0.001693,0.00113
0,-0.024428,0.028936,0.087743,-0.037299,0.072822,-0.068476,0.000426,0.000505
0,-0.230043,0.075798,-0.190732,0.034359,-0.220474,0.034738,0.001602,0.001323
0,-0.24817,0.839106,-0.017727,0.79049,-0.041847,0.754369,0.001286,0.002207
0,-0.04228,1.729706,0.224168,0.874742,0.208588,0.856164,0.000738,0.002102
0,-0.164467,2.046277,-0.134269,0.328865,-0.153801,0.331762,0.002747,0.002009
0,0.040995,1.735415,0.179827,-0.328862,0.194035,-0.324619,0.000716,0.002201
0,0.090572,1.643142,0.078362,-0.103855,0.05949,-0.10977,0.001581,0.000591
0,0.102986,1.285654,-0.000162,-0.337216,-0.015377,-0.381818,0.001797,3.1e-05
0,-0.080687,0.876219,-0.166039,-0.419473,-0.145559,-0.380115,0.001408,0.00156
0,0.13975,0.849738,0.237426,-0.019366,0.248899,-0.003849,0.002439,0.002022
0,0.148671,0.296277,0.026998,-0.563886,0.023362,-0.600173,0.002595,0.000446
0,0.020329,0.295735,-0.117002,0.007606,-0.136267,-0.038736,0.000355,0.000456
0,-0.096744,-0.080809,-0.127598,-0.359028,-0.132401,-0.349681,0.001689,0.00141
0,0.153858,-0.101362,0.263694,-0.038581,0.285979,-0.068402,0.002685,0.001769
0,-0.096952,-0.253118,-0.275357,-0.148771,-0.238569,-0.178126,0.001692,0.0012
0,-0.097426,-0.227205,0.001433,0.017287,0.029812,-0.008722,0.0017,0.001652
0,-0.063107,-0.157933,0.063712,0.094644,0.043505,0.069868,0.001101,0.002756
0,0.100605,-0.208483,0.174455,-0.062032,0.213052,-0.028202,0.001756,0.001979
0,-0.077801,-0.26565,-0.167345,-0.075489,-0.205108,-0.070538,0.001358,0.000981
0,-0.046675,-0.021018,0.003803,0.254488,0.039434,0.289915,0.000815,0.000367
0,0.028812,-0.167071,0.059297,-0.175626,0.060296,-0.142195,0.000503,0.002702
0,0.118721,0.018167,0.110592,0.159966,0.073897,0.141743,0.002072,0.000317
0,-0.076581,-0.114553,-0.200304,-0.141757,-0.199763,-0.176987,0.001337,0.001999
0,-0.066304,-0.157373,-0.002214,-0.020488,0.043218,-0.001278,0.001157,0.002747
0,0.079604,-0.242805,0.167643,-0.09532,0.197242,-0.138056,0.001389,0.00138
0,-0.028906,-0.062713,-0.109677,0.209233,-0.149387,0.175249,0.000505,0.001095
0,-0.098433,0.057185,-0.066114,0.147884,-0.02254,0.147669,0.001718,0.000998
0,-1.566284,0.241957,-1.469224,0.202757,-1.440434,0.183614,0.000751,0.001395
0,-2.292552,0.394152,-0.702198,0.127955,-0.655685,0.08877,0.00069,0.001262
0,-2.670826,1.061408,-0.379261,0.637889,-0.361373,0.594789,0.001675,0.001673
0,-2.934682,0.881934,-0.291785,-0.207232,-0.327953,-0.228281,0.000662,0.00146
0,-2.525287,0.706246,0.396127,-0.146305,0.371721,-0.146147,0.000865,0.001091
0,-1.881786,0.611228,0.618968,-0.094091,0.645385,-0.090611,0.000862,0.000567
0,-1.67591,0.519742,0.203153,-0.107744,0.222845,-0.089593,0.001163,0.002164
0,-1.436074,0.693095,0.22663,0.203002,0.178018,0.157145,0.002594,0.000862
0,-1.179402,0.319763,0.276489,-0.346707,0.320181,-0.372663,0.001886,3.7e-05
0,-0.574958,0.300071,0.61173,-0.012057,0.654221,-0.006086,0.0012,0.00038
0,-0.277404,0.147263,0.321291,-0.12954,0.357524,-0.09973,0.000776,0.00257
0,0.088443,0.137594,0.36395,0.017833,0.368145,-0.02515,0.001544,0.002401
0,0.035134,-0.009444,-0.063849,-0.122213,-0.054284,-0.169716,0.000613,0.000165
0,0.294122,-0.154572,0.258647,-0.172811,0.272382,-0.140228,0.000484,0.002698
0,0.049963,0.054266,-0.231208,0.235051,-0.247589,0.284121,0.000872,0.000947
0,0.153433,0.030096,0.127099,-0.048913,0.106319,-0.056095,0.002678,0.000525
0,0.163264,0.017257,-0.003368,-0.009572,-0.045616,-0.020147,0.002768,0.000301
0,0.206358,0.013759,0.06381,-0.031124,0.087413,-0.055089,0.002016,0.00024
0,0.00398,-0.236365,-0.220096,-0.259035,-0.217204,-0.278237,6.9e-05,0.001492
0,-0.050344,-0.008336,-0.062317,0.232436,-0.025838,0.19972,0.000879,0.000145
0,-0.087609,-0.20839,-0.019576,-0.207742,-0.045776,-0.235465,0.001529,0.00198
0,-0.044798,-0.071775,0.024923,0.13512,0.008413,0.141894,0.000782,0.001253
0,0.059079,0.092643,0.115867,0.157481,0.135342,0.156631,0.001031,0.001617
0,-0.013674,-0.017621,-0.059577,-0.124412,-0.029351,-0.087703,0.000239,0.000308
0,-0.105454,0.17485,-0.090921,0.220865,-0.044577,0.189986,0.001841,0.002566
0,0.009408,-0.0169,0.102647,-0.181608,0.062805,-0.153989,0.000164,0.000295
0,0.104075,-0.02547,0.066909,-0.03199,0.052573,-0.040206,0.001816,0.000445
0,0.055115,-0.057206,-0.021745,-0.018156,-0.043028,-0.016326,0.000962,0.000998
0,-0.060836,0.016447,-0.089927,0.045416,-0.063387,0.020043,0.001062,0.000287
0,0.146924,0.047799,0.223268,0.055953,0.173751,0.063842,0.002564,0.000834
0,0.044264,-0.116433,-0.122663,-0.191589,-0.135454,-0.195714,0.000773,0.002032
0,-0.110107,0.123726,-0.145436,0.217044,-0.135326,0.218855,0.001922,0.002159
0,-0.104934,0.052624,0.001708,-0.101089,-0.008915,-0.133436,0.001831,0.000918
0,-0.044968,-0.151673,0.037567,-0.224235,0.066299,-0.265244,0.000785,0.002647
0,0.167505,0.026377,0.194298,0.20624,0.237003,0.247214,0.002694,0.00046
0,0.204958,0.009847,0.01836,-0.002297,0.046185,0.029585,0.00204,0.000172
0,0.07633,0.103495,-0.153148,0.080971,-0.112963,0.052746,0.001332,0.001806
0,0.090791,-0.108731,-0.013872,-0.206422,-0.054715,-0.24596,0.001585,0.001898
0,0.018106,-0.091555,-0.063386,0.014967,-0.078172,0.061289,0.000316,0.001598
0,0.064578,-0.065333,0.040354,-0.001945,0.045594,-0.050615,0.001127,0.00114
0,0.146965,-0.047094,0.091376,0.030568,0.126349,0.016159,0.002565,0.000822
0,-1.393112,-0.052973,-1.526483,0.016778,-1.494086,-0.008663,0.001844,0.000925
0,-2.985671,0.281106,-1.568326,0.345982,-1.576079,0.376965,0.001552,0.000711
0,-3.176132,0.149941,-0.219831,-0.129956,-0.250309,-0.103892,0.000741,0.002617
0,-3.566271,0.240606,-0.410032,0.088899,-0.386642,0.083784,0.000451,0.001418
0,-3.414295,0.153722,0.136107,-0.09846,0.119585,-0.086504,0.002202,0.002683
0,-4.334834,0.062481,-0.918359,-0.082387,-0.936693,-0.072433,0.00263,0.00109
0,-4.114044,0.229237,0.209368,0.15186,0.239313,0.14017,0.001224,0.001617
0,-2.449785,0.217622,1.664351,-0.026935,1.655008,-0.065488,0.002183,0.002106
0,-2.067995,0.039198,0.369565,-0.195746,0.368155,-0.17638,0.002388,0.002106
0,-1.200177,-0.099778,0.840605,-0.113472,0.887364,-0.111532,0.001523,0.002106
0,-0.584312,-0.00026,0.620441,0.074838,0.588356,0.073825,0.001037,0.002106
0,-0.365373,-0.016595,0.195312,0.006444,0.233877,0.017261,0.000759,0.002106
0,-0.206908,-0.13595,0.169389,-0.108478,0.200125,-0.066861,0.002006,0.002373
0,-0.011785,0.067447,0.204023,0.185243,0.237946,0.208006,0.000206,0.002106
0,-0.010526,0.054187,0.030163,-0.024578,0.040775,-0.067649,0.000184,0.002106
0,0.070411,-0.154703,0.080886,-0.184695,0.057878,-0.221968,0.001229,0.0027
0,0.204397,-0.124022,0.156762,0.029482,0.114279,-0.001416,0.00205,0.002165
0,0.278509,-0.105143,0.095626,0.038644,0.048105,0.048757,0.000757,0.002106
0,0.038393,-0.086186,-0.269571,0.018203,-0.239364,-0.01408,0.00067,0.002106
0,0.094058,0.017512,0.067561,0.121308,0.079708,0.14062,0.001642,0.002106
0,-0.060685,-0.060758,-0.152207,-0.092657,-0.155913,-0.04372,0.001059,0.002106
0,-0.052544,-0.081718,-0.020641,-0.041943,0.027187,-0.044882,0.000917,0.002106
0,-0.146636,0.052863,-0.066212,0.116309,-0.116029,0.160577,0.002559,0.002106
0,-0.038026,-0.064749,0.133517,-0.114083,0.092193,-0.142863,0.000664,0.002106
0,0.038474,-0.060413,0.091054,-0.008286,0.088573,-0.036764,0.000672,0.002106
0,0.07874,-0.153345,0.024733,-0.063965,-0.020021,-0.107786,0.001374,0.002676
0,-0.037113,-0.015884,-0.102183,0.154776,-0.135309,0.16892,0.000648,0.002106
0,0.066501,-0.001519,0.130043,0.002332,0.171528,0.016016,0.001161,0.002106
0,-0.154102,-0.081014,-0.243272,-0.096411,-0.203988,-0.095419,0.00269,0.002106
0,0.084487,-0.185214,0.252906,-0.108751,0.212962,-0.135352,0.001475,0.002385
0,0.007137,-0.163272,-0.071036,0.000212,-0.03625,0.035865,0.000125,0.002768
0,-0.054933,0.022253,-0.065168,0.182753,-0.015941,0.158437,0.000959,0.000388
0,-0.171613,-0.061925,-0.090129,-0.090543,-0.108764,-0.068167,0.002622,0.001081
0,-0.138772,-0.016022,0.047214,0.074304,0.080904,0.08807,0.002422,0.00028
0,-0.047731,0.191007,0.069699,0.198315,0.104319,0.160888,0.000833,0.002284
0,0.053574,0.112351,0.112432,-0.061842,0.101948,-0.081885,0.000935,0.001961
0,-0.045439,0.048586,-0.077629,-0.057002,-0.058387,-0.016139,0.000793,0.000848
0,-0.039177,0.061794,-0.003186,0.013742,0.017039,-0.030818,0.000684,0.001079
0,-0.064422,0.207724,-0.005216,0.120329,-0.038719,0.10032,0.001124,0.002106
0,0.074206,0.144572,0.122179,-0.053695,0.07387,-0.01386,0.001295,0.002106
0,-0.068711,-0.092725,-0.146684,-0.226665,-0.17053,-0.205645,0.001199,0.002106
0,-0.04424,-0.158564,0.034213,-0.087818,0.04555,-0.050166,0.000772,0.002767
0,-0.090531,0.058485,-0.055507,0.212748,-0.020032,0.182147,0.00158,0.002106
0,-0.058535,0.071538,0.020194,-0.002325,-0.008442,-0.002991,0.001022,0.002106
0,0.142322,-0.106103,0.218033,-0.205817,0.176547,-0.218353,0.002484,0.002106
0,-0.038301,0.010057,-0.192887,0.121336,-0.182137,0.125501,0.000668,0.002106
0,0.099346,-0.185929,0.165815,-0.17043,0.11603,-0.14787,0.001734,0.002372
0,-0.109082,-0.139291,-0.211549,0.046498,-0.203769,0.090799,0.001904,0.002431
0,-0.011007,0.020842,0.068787,0.178852,0.099274,0.17324,0.000192,0.000364
0,0.078472,0.092186,0.085953,0.099765,0.078772,0.12337,0.00137,0.001609
0,0.085977,0.151962,0.019487,0.047814,0.012191,0.01742,0.001501,0.002652
0,2.369055,-0.040329,2.294823,-0.215762,2.278587,-0.167884,0.002025,0.000704
0,3.36471,0.15437,0.976757,0.185834,1.004244,0.170797,0.00255,0.002694
0,4.062204,0.001774,0.689877,-0.1499,0.694472,-0.167443,0.002129,3.1e-05
0,4.051017,0.162965,-0.012161,0.157901,-0.038566,0.177025,0.002324,0.002773
0,3.143299,-0.065349,-0.895451,-0.205644,-0.918924,-0.171267,0.001314,0.002106
0,2.688465,-0.034665,-0.428209,0.047131,-0.457255,0.01516,0.001982,0.002106
0,2.286545,-0.128372,-0.402891,-0.112777,-0.398953,-0.10688,0.000585,0.002241
0,1.440599,0.029548,-0.844847,0.151826,-0.827539,0.164355,0.002673,0.002106
0,1.323279,0.043112,-0.109721,0.008458,-0.10172,0.024145,0.000626,0.002106
0,0.868414,-0.092632,-0.434713,-0.134874,-0.483717,-0.086331,0.001696,0.002106
0,0.381229,0.019713,-0.472917,0.140531,-0.492374,0.168165,0.001036,0.002106
0,-0.305537,-0.017554,-0.70964,-0.04824,-0.712085,-0.068525,0.000285,0.002106
0,-0.477155,-0.006723,-0.183886,0.001568,-0.185125,0.026618,0.00271,0.002106
0,-0.538036,-0.106262,-0.043826,-0.087541,-0.059357,-0.077301,0.001845,0.002106
0,-0.34776,0.026252,0.171482,0.118135,0.151039,0.16624,0.000452,0.002106
0,-0.181516,-0.031998,0.151691,-0.078535,0.107603,-0.123148,0.002449,0.002106
0,-0.307207,-0.0623,-0.120686,-0.034947,-0.120658,-0.084934,0.000256,0.002106
0,-0.289559,-0.038556,0.043748,0.053478,-0.000394,0.06956,0.000564,0.002106
0,-0.157386,0.042217,0.112021,0.098932,0.157429,0.104384,0.002747,0.002106
0,-0.129371,0.086966,0.048526,0.019369,0.072023,-0.013988,0.002258,0.002106
0,-0.11658,-0.164934,-0.010314,-0.247853,0.036873,-0.209213,0.002035,0.002739
0,-0.162072,-0.120407,-0.020468,0.020046,0.006429,-0.022671,0.002789,0.002101
0,0.063138,-0.045778,0.232376,0.04587,0.244058,0.047757,0.001102,0.000799
0,-0.01738,0.028468,-0.107808,0.052321,-0.116874,0.092187,0.000303,0.000497
0,0.136818,0.12889,0.147464,0.077755,0.154721,0.038192,0.002388,0.00225
0,-0.084918,0.150176,-0.221617,0.05088,-0.231416,0.094762,0.001482,0.002621
0,0.042145,0.034736,0.120494,-0.141112,0.093174,-0.166418,0.000736,0.000606
0,0.089682,0.190834,0.021751,0.137731,0.004176,0.139866,0.001565,0.002287
0,0.14246,-0.054231,0.043915,-0.218705,0.076887,-0.1753,0.002486,0.002106
0,0.17741,0.006518,0.052193,0.088762,0.051997,0.133218,0.002521,0.002106
0,-0.139019,-0.143715,-0.310911,-0.128956,-0.294018,-0.091081,0.002426,0.002508
0,0.040717,0.101024,0.179262,0.224392,0.16893,0.21705,0.000711,0.002106
0,0.07364,0.063855,0.021221,-0.051575,-0.00877,-0.043278,0.001285,0.002106
0,0.036598,-0.163214,-0.021717,-0.204332,-0.04393,-0.2347,0.000639,0.002769
0,0.096204,0.10991,0.069729,0.257386,0.108115,0.264004,0.001679,0.001918
0,-0.016166,0.047214,-0.095562,-0.088357,-0.122158,-0.093267,0.000282,0.000824
0,0.10328,-0.102989,0.130743,-0.158701,0.161573,-0.119919,0.001803,0.001797
0,0.057911,0.161804,-0.026072,0.259001,-0.006257,0.245986,0.001011,0.002793
0,-0.051251,-0.101071,-0.081247,-0.260983,-0.036755,-0.237968,0.000894,0.002106
0,0.024239,-0.116108,0.074682,-0.034819,0.096353,-0.053355,0.000423,0.002106
0,0.009733,0.071144,-0.019558,0.157919,-0.051048,0.183833,0.00017,0.002106
0,-0.177922,0.014544,-0.211953,-0.045967,-0.239441,-0.018227,0.002512,0.002106
0,-0.201039,0.143843,-0.007498,0.137408,0.036603,0.12417,0.002109,0.002106
0,-0.117974,0.145771,0.105998,0.011039,0.070581,-0.0247,0.002059,0.002106
0,-0.222622,0.031308,-0.128163,-0.119949,-0.174821,-0.082226,0.001732,0.002106
0,-0.00929,0.011656,0.207681,-0.049226,0.173184,-0.005399,0.000162,0.002106
0,-0.099836,-0.038842,-0.100859,-0.055605,-0.098111,-0.031496,0.001742,0.002106
0,-0.205865,-0.147104,-0.081613,-0.130925,-0.131178,-0.094162,0.002024,0.002567
0,-0.275368,0.092502,-0.05598,0.254558,-0.054167,0.296739,0.000811,0.002106
0,-0.224677,0.122989,0.041761,0.047394,0.058058,0.070836,0.001696,0.002106
0,-0.168476,-0.082982,0.084686,-0.188644,0.110741,-0.15419,0.002677,0.002106
0,-0.037011,0.084043,0.145813,0.177584,0.128111,0.153199,0.000646,0.002106
0,-0.045018,0.116667,0.000195,0.032683,0.037058,0.022523,0.000786,0.002106
0,0.055952,0.009148,0.127048,-0.103846,0.164448,-0.091891,0.000977,0.002106
0,-0.116964,-0.049075,-0.155681,-0.053981,-0.189641,-0.071764,0.002041,0.002106
0,-0.193098,0.074224,-0.064013,0.125993,-0.015613,0.117557,0.002247,0.002106
0,-0.140722,0.123889,0.037629,0.042104,0.038599,0.078101,0.002456,0.002106
0,0.049346,-0.00296,0.174413,-0.104237,0.157336,-0.094728,0.000861,0.002106
0,-0.118,-0.006937,-0.174164,-0.018948,-0.141019,-0.02971,0.002059,0.002106
0,-0.140896,0.194388,0.005763,0.186102,-0.018685,0.180551,0.002459,0.002106
0,-0.026211,0.148788,0.127026,-0.047961,0.120105,-0.050115,0.000457,0.002106
0,0.075489,-0.017767,0.101798,-0.162771,0.10539,-0.147095,0.001318,0.002106
0,-0.111385,0.143247,-0.209705,0.166674,-0.164388,0.137835,0.001944,0.002106
0,0.08992,0.088257,0.226959,-0.080774,0.191611,-0.111523,0.001569,0.002106
0,-0.058441,0.0254,-0.162224,-0.086986,-0.136056,-0.115534,0.00102,0.002106
0,-0.046251,0.05003,0.003258,0.046087,0.003116,0.006141,0.000807,0.002106
0,-0.018698,0.186646,0.013889,0.160099,0.038143,0.183847,0.000326,0.002106
0,-0.12101,-0.070829,-0.076665,-0.248592,-0.121558,-0.250753,0.002112,0.002106
0,-0.063616,0.002197,0.029237,0.055484,0.034384,0.043223,0.00111,0.002106
0,0.690639,-0.201419,0.733283,-0.199915,0.725292,-0.174542,0.000819,0.002102
0,1.197172,-1.287573,0.488837,-1.073559,0.536865,-1.071374,0.001575,2e-06
0,1.295717,-1.492428,0.088058,-0.190628,0.09071,-0.179133,0.000144,0.00204
0,1.000511,-0.990048,-0.302612,0.514124,-0.318109,0.521221,0.00061,0.000427
0,1.158747,-0.82317,0.187016,0.171669,0.150727,0.133816,0.002246,0.002485
0,0.869907,-0.60946,-0.273858,0.202993,-0.238807,0.233935,0.00167,0.000598
0,0.547101,-0.587204,-0.293413,0.031302,-0.329828,0.044133,0.001686,0.000986
0,0.198848,-0.436177,-0.330029,0.150809,-0.351869,0.132962,0.002147,0.001995
0,0.118784,-0.356132,-0.072874,0.094736,-0.069229,0.054394,0.002073,0.000598
0,-0.020797,-0.182923,-0.169299,0.168823,-0.141616,0.196063,0.000363,0.002425
0,0.159936,0.018409,0.18152,0.22059,0.190455,0.259552,0.002791,0.000321
0,0.029424,0.18173,-0.108203,0.160522,-0.131313,0.160329,0.000514,0.002446
0,-0.106347,0.17944,-0.162026,-0.005171,-0.172079,0.010642,0.001856,0.002486
0,0.049794,0.163015,0.167563,-0.005173,0.207362,0.012131,0.000869,0.002772
0,-0.027839,0.093563,-0.102519,-0.046114,-0.071464,-0.070913,0.000486,0.001633
0,-0.002985,-0.009604,-0.003575,-0.084955,0.020266,-0.06188,5.2e-05,0.000168
0,-0.150574,-0.148541,-0.122326,-0.149897,-0.138031,-0.118766,0.002628,0.002593
0,0.041951,-0.041143,0.18173,0.136153,0.223245,0.144882,0.000732,0.000718
0,0.049938,-0.137912,0.025334,-0.090297,0.06679,-0.093855,0.000872,0.002407
0,-0.055562,-0.003556,-0.11613,0.158759,-0.147213,0.125419,0.00097,6.2e-05
0,-0.228022,-0.064767,-0.144117,-0.085982,-0.14523,-0.105905,0.001638,0.00113
0,0.085539,0.038439,0.310621,0.125766,0.307386,0.17009,0.001493,0.000671
0,-0.175525,0.064244,-0.284222,0.008038,-0.326865,-0.011384,0.002554,0.001121
0,-0.06402,0.053122,0.122123,-0.032779,0.153818,0.013733,0.001117,0.000927
0,0.059755,-0.089382,0.127782,-0.150482,0.117676,-0.10435,0.001043,0.00156
0,0.020957,0.062344,-0.044586,0.121875,-0.03949,0.132207,0.000366,0.001088
0,-0.076301,-0.135701,-0.069692,-0.21963,-0.047856,-0.220782,0.001332,0.002368
0,0.055331,-0.112136,0.130519,0.014497,0.118178,0.000156,0.000966,0.001957
0,0.016254,0.140085,-0.011336,0.268679,-0.002416,0.256128,0.000284,0.002445
0,0.105143,0.144269,0.116443,0.012309,0.100992,0.047831,0.001835,0.002518
0,-0.005099,0.087164,-0.101949,-0.059381,-0.064286,-0.091022,8.9e-05,0.001521
0,0.021765,-0.075972,0.029251,-0.157308,0.025911,-0.15884,0.00038,0.001326
0,-0.005597,0.117119,-0.031042,0.21963,-0.02124,0.221762,9.8e-05,0.002044
0,-0.030261,0.108689,-0.046545,-0.033462,-0.043875,-0.019484,0.000528,0.001897
0,0.090076,0.109516,0.092532,-0.00683,0.058831,-0.004042,0.001572,0.001911
0,0.090351,-0.046445,0.013054,-0.135432,0.031988,-0.087408,0.001577,0.000811
0,0.138824,0.135896,0.023903,0.166829,-0.021408,0.11702,0.002423,0.002372
0,0.136315,-0.033838,0.015085,-0.199277,-0.002741,-0.221513,0.002379,0.000591
0,-0.00993,0.064029,-0.13422,0.078242,-0.171669,0.074015,0.000173,0.001118
0,0.042859,-0.07587,0.04645,-0.131957,0.089705,-0.167811,0.000748,0.001324
0,0.049896,-0.061153,0.013089,0.037402,0.060414,0.03904,0.000871,0.001067
0,-0.105849,0.106456,-0.126459,0.17821,-0.105447,0.205089,0.001847,0.001858
0,-0.065092,0.146577,0.017477,0.013032,0.046704,0.035412,0.001136,0.002558
0,0.014234,0.047484,0.079814,-0.097735,0.107855,-0.066179,0.000248,0.000829
0,-0.074134,-0.145533,-0.061906,-0.168585,-0.048819,-0.157022,0.001294,0.00254
0,0.09744,0.077347,0.151884,0.226035,0.193382,0.230215,0.001701,0.00135
0,0.010004,-0.046808,-0.069384,-0.132835,-0.086844,-0.088692,0.000175,0.000817
0,0.02158,-0.06644,-0.000293,-0.035303,0.035392,0.005136,0.000377,0.00116
0,0.01477,-0.111349,-0.011168,-0.063674,-0.029245,-0.071999,0.000258,0.001943
0,-0.146811,-0.142008,-0.167048,-0.023572,-0.190051,-0.049297,0.002562,0.002479
0,-0.068489,-0.000434,0.063715,0.118906,0.084159,0.130545,0.001195,8e-06
0,0.0676,0.00703,0.144491,0.02973,0.111409,0.062191,0.00118,0.000123
0,0.04001,-0.140547,-0.010864,-0.122446,0.028258,-0.146293,0.000698,0.002453
0,-0.236224,-0.068746,-0.292922,0.093279,-0.315997,0.05083,0.001495,0.0012
0,-0.035181,0.058835,0.213638,0.118929,0.232577,0.11401,0.000614,0.001027
0,-0.266212,0.131894,-0.22195,0.098276,-0.264036,0.099806,0.000971,0.002302
0,0.007644,-0.098029,0.244741,-0.258376,0.27857,-0.248727,0.000133,0.001711
0,-0.114889,0.13935,-0.108767,0.218687,-0.112918,0.266661,0.002005,0.002432
0,-0.291695,-0.05784,-0.177749,-0.192748,-0.14575,-0.209298,0.000526,0.00101
0,-0.281821,0.154605,0.030043,0.204711,-0.002662,0.236772,0.000699,0.002698
0,-0.102685,-0.006957,0.186113,-0.187193,0.162166,-0.194191,0.001792,0.000121
0,-0.113539,0.044999,0.008359,0.076253,0.021888,0.102688,0.001982,0.000785
0,-0.068687,-0.070878,0.037002,-0.105757,0.013588,-0.137885,0.001199,0.001237
0,-0.035578,0.095752,0.051603,0.16677,0.096222,0.126551,0.000621,0.001671
0,-0.205547,0.068516,-0.168566,-0.035911,-0.120843,-0.045356,0.00203,0.001196
0,-0.065799,0.102949,0.113873,0.052666,0.1422,0.043806,0.001148,0.001797
0,0.081936,-0.110122,0.162882,-0.238959,0.166269,-0.209896,0.00143,0.001922
0,-0.009597,0.030041,-0.089662,0.147949,-0.081837,0.102605,0.000168,0.000524
0,-0.152479,0.060406,-0.139517,0.040384,-0.114323,0.08189,0.002661,0.001054
0,-0.026812,0.054864,0.140244,0.004475,0.185997,-0.00883,0.000468,0.000958
0,-0.219493,-0.116952,-0.167416,-0.159681,-0.15619,-0.177815,0.001787,0.002041
0,0.03768,-0.026471,0.280975,0.110456,0.27181,0.066849,0.000658,0.000462
0,-0.012189,-0.02153,-0.043848,0.016344,-0.038,0.033959,0.000213,0.000376
0,-0.120746,-0.0159,-0.080292,0.01402,-0.106728,0.002858,0.002107,0.000278
0,0.068347,-0.131548,0.177846,-0.112282,0.133757,-0.075368,0.001193,0.002296
0,0.077405,-0.192853,0.021927,-0.084831,0.053927,-0.083073,0.001351,0.002252
0,-0.099534,0.067857,-0.173843,0.267848,-0.197114,0.273944,0.001737,0.001184
0,-0.169249,-0.205714,-0.076723,-0.276691,-0.04325,-0.284117,0.002664,0.002027
0,0.01202,-0.000462,0.210757,0.233588,0.186272,0.18998,0.00021,8e-06
0,-0.123382,-0.145492,-0.132397,-0.150357,-0.119791,-0.153095,0.002153,0.002539
0,-0.100584,-0.000463,0.040223,0.135911,0.041226,0.185623,0.001756,8e-06
0,-0.148176,-0.065459,-0.06354,-0.064836,-0.020668,-0.057197,0.002586,0.001142
0,-0.160368,-0.025362,0.005187,0.049127,0.014844,0.043343,0.002799,0.000443
0,-0.100169,0.011812,0.084547,0.055979,0.12452,0.013818,0.001748,0.000206
0,-0.337532,-0.080766,-0.21769,-0.089941,-0.180775,-0.131415,0.000274,0.00141
0,-0.079363,-0.037668,0.270652,0.041643,0.259,0.017283,0.001385,0.000657
0,-0.145363,-0.077845,-0.057431,-0.019317,-0.082686,0.014434,0.002537,0.001359
0,-0.188365,-0.184335,-0.019316,-0.079519,-0.015495,-0.055883,0.00233,0.0024
0,-0.155755,-0.186068,0.04752,-0.010836,0.035517,-0.025297,0.002718,0.00237
0,-0.137924,-0.20922,0.011157,-0.001709,0.01402,0.039682,0.002407,0.001966
0,-0.172259,-0.146518,-0.040297,0.060752,-0.077311,0.102074,0.002611,0.002557
0,-0.104008,-0.008665,0.082735,0.119494,0.060311,0.140328,0.001815,0.000151
0,-0.035584,-0.135928,0.044502,-0.137613,0.086305,-0.178018,0.000621,0.002372
0,-0.152122,-0.109141,-0.145729,0.046275,-0.116541,0.077609,0.002655,0.001905
0,-0.265953,-0.15646,-0.131365,-0.051327,-0.166992,-0.012594,0.000976,0.002731
0,0.029055,8.1e-05,0.303022,0.134926,0.289467,0.13495,0.000507,1e-06
0,0.072417,-0.12777,0.057819,-0.110506,0.032809,-0.158989,0.001264,0.00223
0,0.031277,-0.075357,-0.047715,0.035246,-0.030471,0.035795,0.000546,0.001315
0,-0.043316,0.063241,-0.057357,0.167532,-0.018419,0.205898,0.000756,0.001104
0,0.098559,0.050046,0.113292,-0.039461,0.138957,-0.068201,0.00172,0.000873
0,0.154902,-0.16928,0.07454,-0.233628,0.063038,-0.248764,0.002704,0.002663
0,0.084125,0.109834,-0.068575,0.298121,-0.032058,0.318314,0.001468,0.001917
0,-0.050899,-0.159931,-0.131393,-0.292559,-0.147518,-0.253341,0.000888,0.002791
0,-0.04546,-0.13486,0.003433,0.021805,0.041399,0.010571,0.000793,0.002354
0,-0.066584,-0.025394,-0.015947,0.120895,-0.034245,0.128417,0.001162,0.000443
0,0.172665,-0.011116,0.268677,-0.015456,0.226647,-0.021394,0.002604,0.000194
0,-0.074012,0.050174,-0.254316,0.076656,-0.285012,0.083071,0.001292,0.000876
0,-0.053605,0.113098,0.031647,0.067178,0.041007,0.098902,0.000936,0.001974
0,0.023103,-0.038725,0.078755,-0.144071,0.102051,-0.136229,0.000403,0.000676
0,0.000361,0.021091,-0.020396,0.042158,-0.021861,0.047769,6e-06,0.000368
0,0.125746,0.119861,0.134116,0.124666,0.088031,0.157436,0.002195,0.002092
0,0.039079,0.110002,-0.106514,-0.010242,-0.13261,-0.032337,0.000682,0.00192
0,-0.018993,-0.048675,-0.068486,-0.13119,-0.1113,-0.125489,0.000331,0.00085
0,0.099503,0.102594,0.136183,0.140285,0.103884,0.180271,0.001737,0.001791
0,0.145624,-0.160016,0.028915,-0.282042,0.044763,-0.281186,0.002542,0.002793
0,0.028405,0.038048,-0.141506,0.186676,-0.127723,0.230466,0.000496,0.000664
0,0.079532,-0.057702,0.047902,-0.068265,0.019456,-0.113911,0.001388,0.001007
0,0.092487,-0.151576,0.000697,-0.101243,0.045932,-0.088963,0.001614,0.002645
0,0.030828,0.009823,-0.032232,0.147788,-0.072593,0.15321,0.000538,0.000171
0,0.098688,0.041038,0.041765,0.021972,0.040962,0.06484,0.001722,0.000716
0,-0.093503,0.071613,-0.185777,0.03158,-0.228091,0.002273,0.001632,0.00125
0,-0.06251,0.010811,0.014703,-0.054606,0.042042,-0.009891,0.001091,0.000189
0,-0.11506,-0.180793,-0.076097,-0.188519,-0.09359,-0.235495,0.002008,0.002462
0,-0.024355,0.009989,0.099021,0.200023,0.114121,0.156765,0.000425,0.000174
0,0.108751,-0.151122,0.115778,-0.158498,0.140108,-0.124749,0.001898,0.002638
0,-0.142999,-0.098343,-0.257038,0.033023,-0.239902,0.081371,0.002496,0.001716
0,0.011826,-0.083023,0.134258,0.003517,0.161127,0.014834,0.000206,0.001449
0,0.154611,-0.020327,0.162377,0.060035,0.141962,0.020505,0.002698,0.000355
0,0.13915,0.051621,0.002989,0.089679,-0.042205,0.132399,0.002429,0.000901
0,0.147106,0.081521,0.035146,0.0058,-0.009087,0.050284,0.002567,0.001423
0,-0.038113,0.050388,-0.160954,-0.058359,-0.11426,-0.083443,0.000665,0.000879
0,0.119016,-0.113879,0.176945,-0.154063,0.163842,-0.200988,0.002077,0.001988
0,0.084646,-0.063104,-0.063265,0.042509,-0.061804,0.014943,0.001477,0.001101
0,0.052014,0.053188,-0.017449,0.087737,-0.059901,0.06896,0.000908,0.000928
0,0.112634,0.132584,0.037716,0.080355,0.025637,0.034199,0.001966,0.002314
0,-0.10105,-0.03077,-0.233433,-0.146074,-0.266309,-0.167677,0.001764,0.000537
0,0.027242,0.021571,0.15504,0.028536,0.202199,0.055776,0.000475,0.000376
0,-0.073978,-0.086326,-0.127453,-0.082742,-0.121085,-0.082983,0.001291,0.001507
0,-0.040653,-0.112965,0.040789,-0.012138,0.056359,-0.042444,0.00071,0.001972
0,-0.079349,-0.176542,-0.022318,-0.078843,0.000196,-0.039729,0.001385,0.002536
0,-0.102841,-0.013286,-0.046446,0.14007,-0.015235,0.146118,0.001795,0.000232
0,-0.066279,-0.070066,0.046152,-0.061004,0.085013,-0.094458,0.001157,0.001223
0,0.036105,-0.007317,0.1141,0.060365,0.146347,0.070163,0.00063,0.000128
0,-0.083513,-0.157956,-0.12443,-0.12911,-0.142986,-0.144143,0.001458,0.002757
0,0.06404,-0.067927,0.159065,0.07531,0.193221,0.0768,0.001118,0.001186
0,-0.008722,-0.088071,-0.043502,-0.028175,-0.045931,0.01916,0.000152,0.001537
0,0.050196,0.109518,0.075037,0.188603,0.083647,0.156371,0.000876,0.001911
0,0.051842,-0.108643,-0.007178,-0.212547,-0.039326,-0.226684,0.000905,0.001896
0,0.113114,0.048132,0.083437,0.132843,0.037103,0.173288,0.001974,0.00084
0,0.217228,-0.047837,0.100812,-0.10868,0.113083,-0.124774,0.001826,0.000835
0,0.044825,0.075689,-0.194234,0.143829,-0.181623,0.105887,0.000782,0.001321
0,0.002729,0.095516,-0.071443,0.027205,-0.047096,-0.015465,4.8e-05,0.001667
0,0.223513,0.045593,0.224875,-0.045433,0.189241,-0.090891,0.001716,0.000796
0,0.077821,-0.131916,-0.126694,-0.202464,-0.124612,-0.231299,0.001358,0.002302
0,0.118137,0.018853,0.019709,0.15715,0.064309,0.146756,0.002062,0.000329
0,0.086937,-0.032115,-0.030416,-0.067873,-0.040696,-0.065619,0.001517,0.000561
0,0.027521,0.170072,-0.076394,0.19328,-0.026866,0.201951,0.00048,0.002649
0,0.070173,-0.027538,0.040439,-0.171838,0.088454,-0.21335,0.001225,0.000481
0,0.020718,0.057485,-0.024715,0.088215,-0.060696,0.042355,0.000362,0.001003
0,0.056663,0.045562,0.046792,-0.005662,0.026958,-0.012527,0.000989,0.000795
0,-0.108669,-0.056386,-0.186464,-0.125013,-0.229221,-0.079187,0.001897,0.000984
0,-0.071366,0.01327,0.065359,0.060498,0.094522,0.019487,0.001246,0.000232
0,-0.023197,-0.045689,0.061273,-0.047827,0.013895,-0.073716,0.000405,0.000797
0,0.045466,-0.013582,0.094691,0.048578,0.075999,0.070775,0.000794,0.000237
0,-0.012764,0.107421,-0.078772,0.13219,-0.088666,0.156734,0.000223,0.001875
0,-0.162453,0.045581,-0.161377,-0.044848,-0.15151,-0.094839,0.002782,0.000796
0,0.084323,-0.050334,0.228916,-0.071803,0.263621,-0.078643,0.001472,0.000878
0,0.104444,-0.016339,0.01571,0.056734,0.023094,0.059229,0.001823,0.000285
0,0.072986,0.053122,-0.037664,0.058276,-0.012167,0.107965,0.001274,0.000927
0,0.010041,-0.059415,-0.090398,-0.109956,-0.077452,-0.093985,0.000175,0.001037
0,-0.113102,-0.114501,-0.123526,-0.069321,-0.121122,-0.086126,0.001974,0.001998
0,0.007923,0.111931,0.130968,0.233156,0.176428,0.241095,0.000138,0.001954
0,-0.072609,0.171702,-0.081409,0.069929,-0.042981,0.034264,0.001267,0.002621
0,-0.075336,-0.029061,-0.021726,-0.198731,-0.016552,-0.190504,0.001315,0.000507
0,-0.055632,0.135156,0.00662,0.14263,0.051352,0.190096,0.000971,0.002359
0,-0.103613,0.077137,-0.023415,-0.08256,0.003448,-0.067521,0.001808,0.001346
0,0.007938,0.050224,0.119938,-0.002784,0.114631,-0.013373,0.000139,0.000877
0,0.13377,0.129699,0.101384,0.055869,0.076828,0.014769,0.002335,0.002264
0,-0.164246,0.009144,-0.270651,-0.106607,-0.232754,-0.095397,0.002751,0.00016
0,-0.120868,0.104717,0.035435,0.072251,-0.002887,0.081213,0.00211,0.001828
0,-0.09576,-0.100084,-0.000126,-0.189569,0.013928,-0.198845,0.001671,0.001747
0,0.009152,-0.040636,0.128135,0.036223,0.086966,-0.00263,0.00016,0.000709
0,-0.08457,0.037053,-0.090065,0.096149,-0.105856,0.056799,0.001476,0.000647
0,0.161964,0.134831,0.250851,0.087952,0.229524,0.118638,0.002791,0.002353
0,0.109507,0.017611,-0.025586,-0.134617,0.006404,-0.095916,0.001911,0.000307
0,0.010918,0.067202,-0.122099,0.062785,-0.171642,0.051962,0.000191,0.001173
0,0.112108,0.127159,0.078019,0.05403,0.122217,0.10382,0.001957,0.002219
0,0.107997,-0.030916,-0.02736,-0.154596,-0.0092,-0.155326,0.001885,0.00054
0,0.243527,-0.09654,0.163395,-0.075037,0.134392,-0.025385,0.001367,0.001685
0,0.227958,0.031965,-0.04376,0.127962,-0.009767,0.147417,0.001639,0.000558
0,0.009762,0.069453,-0.220821,0.056747,-0.207648,0.097236,0.00017,0.001212
0,0.081557,0.148979,0.052467,0.086505,0.07926,0.044904,0.001423,0.0026
0,-0.040038,0.130817,-0.09575,0.003309,-0.059532,-0.026528,0.000699,0.002283
0,-0.105047,0.083864,-0.081302,-0.023758,-0.117656,0.017137,0.001833,0.001464
0,0.033234,-0.033611,0.145614,-0.10275,0.157755,-0.088485,0.00058,0.000587
0,0.036006,-0.001721,0.005598,0.046813,0.024227,0.066163,0.000628,3e-05
0,0.23158,-0.168201,0.185717,-0.147584,0.156783,-0.158569,0.001576,0.002682
0,0.235598,-0.156288,0.004668,-0.013237,0.002345,-0.012741,0.001506,0.002728
0,0.170115,-0.019292,-0.079268,0.155616,-0.117261,0.117407,0.002648,0.000337
0,0.065347,0.050826,-0.074985,0.043172,-0.109092,0.060282,0.001141,0.000887
0,0.06682,-0.145493,0.009525,-0.173516,0.013349,-0.219619,0.001166,0.002539
0,0.073238,0.02096,0.028732,0.188563,0.013208,0.148502,0.001278,0.000366
0,-0.068511,0.118338,-0.16896,0.078144,-0.160563,0.101425,0.001196,0.002065
0,-0.034867,0.076491,0.018067,-0.020609,0.02794,-0.066803,0.000609,0.001335
0,-0.01384,0.186908,0.043418,0.114874,0.006715,0.10274,0.000242,0.002355
0,-0.070736,0.076582,-0.035206,-0.103967,-0.021813,-0.137976,0.001235,0.001337
0,0.008953,-0.090248,0.079143,-0.140179,0.048888,-0.116794,0.000156,0.001575
0,0.060189,-0.055197,0.056889,0.046886,0.075798,0.036094,0.00105,0.000963
0,0.033739,0.130744,-0.050175,0.169182,-0.001629,0.213282,0.000589,0.002282
0,0.126244,-0.054733,0.095075,-0.193754,0.075085,-0.242678,0.002203,0.000955
0,0.090347,0.092599,-0.065878,0.166618,-0.018869,0.119218,0.001577,0.001616
0,0.001132,-0.087708,-0.111493,-0.168945,-0.09878,-0.153525,2e-05,0.001531
0,0.166193,0.114099,0.189038,0.178752,0.174302,0.137618,0.002717,0.001991
0,0.005959,0.1775,-0.150877,0.083859,-0.159932,0.128655,0.000104,0.00252
0,0.120381,0.114247,0.144138,-0.091741,0.190248,-0.124791,0.002101,0.001994
0,0.198021,0.09558,0.048328,0.010883,0.052365,0.001863,0.002161,0.001668
0,0.156996,0.079207,-0.050867,-0.010548,-0.001976,-0.046267,0.00274,0.001382
0,0.043619,0.064897,-0.085721,0.005292,-0.120063,-0.011462,0.000761,0.001133
0,-0.05851,-0.093043,-0.122246,-0.183586,-0.091702,-0.183285,0.001021,0.001624
0,0.012276,-0.009245,0.070245,0.073799,0.090146,0.100255,0.000214,0.000161
0,0.196662,0.068437,0.198986,0.073973,0.176338,0.052758,0.002185,0.001194
0,0.125968,0.065812,-0.092994,0.005569,-0.070782,0.002135,0.002199,0.001149
0,0.010901,-0.147081,-0.131915,-0.184434,-0.107929,-0.188056,0.00019,0.002567
0,0.175249,0.1324,0.14908,0.304502,0.185335,0.295748,0.002559,0.002311
0,0.207701,-0.135923,0.010064,-0.255175,-0.033936,-0.27062,0.001992,0.002372
0,-0.058651,-0.104477,-0.292457,0.030261,-0.308166,0.077572,0.001024,0.001823
0,0.029977,0.003261,0.110117,0.134878,0.063503,0.145502,0.000523,5.7e-05
0,0.165649,-0.117542,0.116897,-0.097823,0.12263,-0.067074,0.002726,0.002051
0,0.202853,-0.158342,0.022945,-0.058798,0.070114,-0.01371,0.002077,0.002764
0,0.144218,-0.080447,-0.05093,0.070218,-0.03796,0.107767,0.002517,0.001404
0,0.155486,0.068745,0.018483,0.148743,0.035379,0.197216,0.002714,0.0012
0,0.00122,-0.022665,-0.14631,-0.086538,-0.187341,-0.05249,2.1e-05,0.000396
0,0.09888,-0.151377,0.10392,-0.135541,0.081306,-0.173857,0.001726,0.002642
0,-0.074795,-0.043513,-0.15173,0.094987,-0.200434,0.045203,0.001305,0.000759
0,-0.051271,0.079878,-0.004958,0.147624,-0.030635,0.148268,0.000895,0.001394
0,0.111784,-0.123711,0.151234,-0.193599,0.125906,-0.179924,0.001951,0.002159
0,-0.163355,-0.168481,-0.26329,-0.041972,-0.247379,-0.037745,0.002766,0.002677
0,-0.149607,0.008977,0.019169,0.162996,0.003966,0.129796,0.002611,0.000157
0,-0.041588,0.093029,0.120948,0.108754,0.153581,0.1408,0.000726,0.001624
0,0.027886,0.074809,0.064708,-0.019846,0.103987,-0.024148,0.000487,0.001306
0,-0.099882,0.006363,-0.106512,-0.038612,-0.076566,-0.061999,0.001743,0.000111
0,-0.046053,0.073707,0.029419,0.053698,0.058292,0.090784,0.000804,0.001286
0,-0.23925,-0.160047,-0.219703,-0.250379,-0.184177,-0.20745,0.001442,0.002793
0,-0.179281,-0.09751,0.035756,0.041416,-0.013111,-0.000425,0.002488,0.001702
0,-0.008827,-0.061162,0.149503,0.021884,0.125005,0.055095,0.000154,0.001067
0,-0.130864,-0.040113,-0.105521,0.002386,-0.150402,0.050868,0.002284,0.0007
0,-0.064223,-0.076318,0.04044,-0.056491,0.085513,-0.017706,0.001121,0.001332
0,-0.056612,-0.081541,0.020251,0.023323,0.044613,-0.021365,0.000988,0.001423
0,0.023213,-0.079126,0.095608,-0.003602,0.06063,0.005364,0.000405,0.001381
0,-0.248558,-0.032375,-0.278603,0.039623,-0.251824,0.053553,0.001279,0.000565
0,-0.265722,-0.065644,-0.00289,-0.059432,-0.045603,-0.070022,0.00098,0.001146
0,0.008379,0.05948,0.303793,0.099104,0.282088,0.062285,0.000146,0.001038
0,-0.191361,-0.019993,-0.205119,-0.064776,-0.191386,-0.068431,0.002278,0.000349
0,-0.220498,-0.075247,-0.057833,-0.070175,-0.066769,-0.080937,0.001769,0.001313
0,-0.115646,0.067192,0.125621,0.127802,0.175483,0.174895,0.002018,0.001173
0,-0.109843,0.051253,-0.011352,0.012587,0.018381,-0.013482,0.001917,0.000895
0,-0.189519,-0.078941,-0.10788,-0.113954,-0.083694,-0.120258,0.00231,0.001378
0,-0.134686,-0.132836,0.051317,-0.070864,0.065658,-0.11606,0.002351,0.002318
0,-0.092349,0.098719,0.049419,0.232281,0.076374,0.213132,0.001612,0.001723
0,-0.128289,-0.138915,-0.037591,-0.247625,-0.081377,-0.293358,0.002239,0.002425
0,-0.145737,-0.048906,-0.034064,0.066357,-0.055202,0.037232,0.002544,0.000854
0,-0.036869,0.128449,0.106368,0.169019,0.083408,0.204657,0.000643,0.002242
0,-0.098455,-0.130813,-0.040614,-0.24831,-0.06726,-0.278501,0.001718,0.002283
0,-0.242939,-0.036207,-0.146209,0.106731,-0.140587,0.120462,0.001377,0.000632
0,-0.099754,-0.15206,0.141433,-0.124867,0.101662,-0.111113,0.001741,0.002654
0,-0.094734,-0.076705,0.026075,0.077832,-0.007415,0.105542,0.001653,0.001339
0,-0.070535,-0.052591,0.012807,0.017087,-0.025186,0.016235,0.001231,0.000918
0,-0.209869,-0.046956,-0.117716,0.010545,-0.147546,0.053024,0.001955,0.00082
0,-0.190605,-0.022981,0.02054,0.036645,0.03581,0.05085,0.002291,0.000401
0,-0.024094,0.006551,0.14882,0.008296,0.110116,0.008369,0.000421,0.000114
0,-0.201536,-0.159807,-0.172032,-0.177465,-0.19307,-0.227265,0.0021,0.002789
0,-0.113679,0.047231,0.094955,0.227814,0.115534,0.183447,0.001984,0.000824
0,0.017268,-0.004626,0.131551,-0.040466,0.106012,-0.073689,0.000301,8.1e-05
0,0.094033,0.025555,0.051121,0.017861,0.089648,0.022616,0.001641,0.000446
0,-0.164624,0.016581,-0.266405,-0.022149,-0.302969,-0.071432,0.002744,0.000289
0,-0.375527,-0.14482,-0.205264,-0.189986,-0.241875,-0.184546,0.000937,0.002528
0,-0.554903,-0.424533,-0.202094,-0.298968,-0.15766,-0.264233,0.00155,0.001792
0,-0.599894,-0.419297,-0.067159,-0.018778,-0.020708,0.024605,0.000765,0.001701
0,-0.551802,-0.390464,0.043348,0.005253,0.012592,0.008703,0.001604,0.001197
0,-0.295134,-0.390543,0.277465,-0.012084,0.256276,-0.008312,0.000466,0.001199
0,-0.278413,-0.198316,0.019945,0.217768,0.068432,0.212387,0.000758,0.002156
0,0.103455,-0.181507,0.390894,0.026801,0.433935,0.035394,0.001806,0.00245
0,-0.056521,-0.085856,-0.13279,0.104129,-0.161914,0.14035,0.000986,0.001498
0,-0.027477,-0.043415,0.051005,0.040314,0.052987,0.062223,0.00048,0.000758
0,0.095192,-0.101057,0.107562,-0.032774,0.068174,-0.060854,0.001661,0.001764
0,0.246421,-0.06631,0.145078,0.057929,0.187072,0.030276,0.001317,0.001157
0,0.220624,-0.121065,-0.031781,-0.041515,-0.029159,-0.037859,0.001767,0.002113
0,0.205698,0.062919,-0.003621,0.172772,0.004771,0.184686,0.002027,0.001098
0,-0.079235,0.120859,-0.264825,0.079712,-0.241218,0.055995,0.001383,0.002109
0,-0.020245,-0.007162,0.036768,-0.131436,0.085652,-0.17046,0.000353,0.000125
0,0.181217,-0.059759,0.172275,-0.049543,0.138521,-0.033304,0.002455,0.001043
0,0.091386,0.069136,-0.094403,0.114123,-0.136098,0.129049,0.001595,0.001207
0,0.063088,-0.161241,-0.002335,-0.254915,-0.002475,-0.246051,0.001101,0.002803
0,0.068681,-0.130638,-0.021921,0.057538,0.023678,0.084675,0.001199,0.00228
0,-0.00232,-0.14915,-0.05087,-0.011528,-0.019289,0.036821,4e-05,0.002603
0,0.182447,0.111679,0.192866,0.24812,0.17861,0.257266,0.002433,0.001949
0,0.149981,-0.152126,-0.054953,-0.293412,-0.104461,-0.339124,0.002618,0.002655
0,0.12777,0.027954,-0.021699,0.193508,-0.062002,0.148333,0.00223,0.000488
0,0.035504,-0.01688,-0.068783,-0.027572,-0.022757,-0.062463,0.00062,0.000295
0,0.103307,-0.087951,0.094664,-0.074912,0.140383,-0.026968,0.001803,0.001535
0,-0.029846,0.007761,-0.134392,0.070828,-0.110981,0.042357,0.000521,0.000135
0,0.137744,0.009774,0.139412,0.027717,0.129361,0.002022,0.002404,0.000171
0,0.038729,-0.145693,-0.110576,-0.170929,-0.152614,-0.191611,0.000676,0.002543
0,-0.013178,-0.086024,-0.043253,0.058657,-0.058334,0.056332,0.00023,0.001501
0,-0.10336,-0.142972,-0.097371,-0.080791,-0.145512,-0.068288,0.001804,0.002495
0,0.022401,-0.066302,0.114808,0.071479,0.142186,0.105869,0.000391,0.001157
0,0.148561,-0.206246,0.115721,-0.153203,0.074498,-0.154039,0.002593,0.002018
0,-0.000424,-0.149502,-0.174148,0.084029,-0.134982,0.132054,7e-06,0.002609
0,0.073841,0.026657,0.091813,0.153938,0.12895,0.176495,0.001289,0.000465
0,-0.003998,0.015237,-0.065962,-0.029957,-0.091049,-0.001595,7e-05,0.000266
0,-0.177431,-0.053977,-0.190971,-0.079775,-0.189297,-0.032312,0.002521,0.000942
0,0.074942,-0.10604,0.257138,-0.078772,0.279234,-0.108617,0.001308,0.001851
0,-0.005033,-0.121651,-0.063682,0.002945,-0.017412,0.033728,8.8e-05,0.002123
0,0.160358,-0.150423,0.155423,-0.027984,0.17555,-0.045626,0.002799,0.002625
0,-0.045482,-0.197443,-0.232166,-0.024163,-0.186053,-0.028684,0.000794,0.002171
0,-0.066718,-0.157818,-0.041458,0.045729,0.008314,0.001484,0.001164,0.002754
0,0.139375,-0.016033,0.195177,0.151812,0.174307,0.122943,0.002433,0.00028
0,0.135147,0.053861,-0.028078,0.09235,-0.038983,0.058281,0.002359,0.00094
0,0.109698,0.084558,-0.020749,0.013688,-0.046432,0.043476,0.001915,0.001476
0,0.003449,-0.112758,-0.104105,-0.208901,-0.127372,-0.178467,6e-05,0.001968
0,0.051678,-0.110603,0.075423,-0.020912,0.043938,0.00033,0.000902,0.00193
0,0.250744,-0.18845,0.21392,-0.085162,0.252581,-0.095364,0.001241,0.002328
0,0.08981,-0.087254,-0.142395,0.107502,-0.106472,0.133083,0.001567,0.001523
0,0.245311,-0.039601,0.156307,0.072512,0.168898,0.033028,0.001336,0.000691
0,0.059991,0.055783,-0.195922,0.083983,-0.169998,0.0652,0.001047,0.000974
0,0.207529,0.055245,0.144216,-0.02766,0.180028,0.016218,0.001995,0.000964
0,-0.033777,-0.177376,-0.230773,-0.208336,-0.185288,-0.208886,0.00059,0.002522
0,0.07344,0.015825,0.125903,0.20567,0.127602,0.197335,0.001282,0.000276
0,0.14392,-0.194054,0.098239,-0.191555,0.117518,-0.178068,0.002512,0.002231
0,-0.056537,-0.04973,-0.216719,0.172579,-0.207262,0.13281,0.000987,0.000868
0,0.052352,-0.20741,0.106474,-0.166879,0.110392,-0.135829,0.000914,0.001998
0,-0.126959,-0.129179,-0.174441,0.085165,-0.163478,0.131342,0.002216,0.002255
0,-0.161244,-0.020267,-0.010092,0.083139,-0.012991,0.06322,0.002803,0.000354
0,-0.049522,-2e-06,0.124213,-0.009603,0.147924,-0.051904,0.000864,0.0
0,-0.123796,-0.170972,-0.05656,-0.19475,-0.093595,-0.199334,0.002161,0.002633
0,0.084279,-0.104381,0.208183,0.060613,0.199078,0.107031,0.001471,0.001822
0,-0.046768,0.049439,-0.153194,0.174835,-0.144694,0.179309,0.000816,0.000863
0,-0.228223,0.049455,-0.151902,-0.027154,-0.150342,0.009516,0.001634,0.000863
0,0.028639,-0.213227,0.258926,-0.251465,0.212508,-0.270327,0.0005,0.001896
0,-0.090706,-0.14557,-0.120536,0.053727,-0.088712,0.075925,0.001583,0.002541
0,0.095847,-0.109592,0.212069,0.045964,0.215362,0.058036,0.001673,0.001913
0,-0.152221,-0.119679,-0.261924,0.013393,-0.294787,-0.03193,0.002657,0.002089
0,0.040385,-0.001835,0.180435,0.110755,0.208332,0.067767,0.000705,3.2e-05
0,-0.087402,-0.048503,-0.104969,-0.056232,-0.107589,-0.048098,0.001525,0.000847
0,0.046677,-0.063647,0.140909,0.009063,0.172719,-0.016154,0.000815,0.001111
0,0.042809,0.066831,0.006024,0.116164,-0.001288,0.09494,0.000747,0.001166
0,-0.158676,-0.180924,-0.186564,-0.257251,-0.144234,-0.276483,0.002769,0.00246
0,-0.05563,-0.188264,0.08274,-0.02569,0.064613,0.021082,0.000971,0.002332
0,0.069637,-0.15612,0.105461,0.03709,0.101329,0.0158,0.001215,0.002725
0,-0.05019,-0.055576,-0.136651,0.121465,-0.122427,0.154748,0.000876,0.00097
0,-0.071136,0.055598,-0.039059,0.135799,0.010916,0.126478,0.001242,0.00097
0,-0.091114,-0.186741,-0.047993,-0.228821,-0.01114,-0.267439,0.00159,0.002358
0,-0.161125,-0.043574,-0.066257,0.126213,-0.042285,0.137816,0.002805,0.000761
0,0.063048,-0.200095,0.252367,-0.147515,0.24547,-0.175485,0.0011,0.002125
0,-0.028329,-0.033941,-0.086547,0.194066,-0.097083,0.177483,0.000494,0.000592
0,-0.172109,0.102925,-0.148745,0.120773,-0.127203,0.169601,0.002614,0.001796
0,0.047404,-0.054647,0.216981,-0.173954,0.247749,-0.223358,0.000827,0.000954
0,-0.00301,-0.003059,-0.076185,0.078567,-0.042285,0.074646,5.3e-05,5.3e-05
0,0.134923,0.119567,0.138814,0.148572,0.117607,0.179957,0.002355,0.002087
0,6.4e-05,-0.070668,-0.111376,-0.180011,-0.103034,-0.19311,1e-06,0.001233
0,0.120951,0.07198,0.127885,0.16781,0.172615,0.201737,0.002111,0.001256
0,0.037925,0.020046,-0.102686,-0.075375,-0.070521,-0.04478,0.000662,0.00035
0,0.04284,0.002966,0.016819,0.011229,-0.004261,0.048216,0.000748,5.2e-05
0,-0.010325,-0.104553,-0.035366,-0.125805,-0.05621,-0.139637,0.00018,0.001825
0,0.118789,-0.044885,0.11038,0.081878,0.064027,0.106064,0.002073,0.000783
0,-0.08181,-0.014247,-0.226811,0.018736,-0.198163,-0.002065,0.001428,0.000249
0,0.007263,-0.176895,0.095175,-0.174495,0.142446,-0.220118,0.000127,0.00253
0,-0.021174,0.001534,-0.053514,0.164543,-0.04309,0.162058,0.00037,2.7e-05
0,-0.101375,0.022614,-0.054395,0.01452,-0.029777,0.039422,0.001769,0.000395
0,-0.07859,-0.041199,0.011819,-0.086164,-0.030639,-0.095326,0.001372,0.000719
0,0.075808,0.007692,0.175779,0.025065,0.211365,0.035933,0.001323,0.000134
0,0.074203,0.049435,-0.010399,0.06913,0.00333,0.101456,0.001295,0.000863
0,-0.09842,0.059959,-0.163177,0.039227,-0.204429,-0.009846,0.001718,0.001046
0,0.113312,0.072674,0.234967,0.030977,0.248062,0.007275,0.001978,0.001268
0,-0.022034,0.047167,-0.11838,-0.049603,-0.085943,-0.00869,0.000385,0.000823
0,0.089417,-0.059672,0.106733,-0.133049,0.061602,-0.176022,0.001561,0.001041
0,-0.09963,0.072203,-0.215556,0.115787,-0.183052,0.109065,0.001739,0.00126
0,-0.02228,-0.084886,0.069947,-0.174575,0.088963,-0.222882,0.000389,0.001482
0,-0.137504,0.018533,-0.131866,0.099158,-0.136859,0.104386,0.0024,0.000323
0,-0.008143,-0.165912,0.131027,-0.209435,0.084908,-0.161008,0.000142,0.002722
0,-0.006991,0.131811,0.028198,0.299718,0.058844,0.278075,0.000122,0.002301
0,-0.112191,0.066988,-0.132276,-0.059377,-0.136278,-0.020251,0.001958,0.001169
0,-0.104058,0.005861,0.012882,-0.053392,-0.032768,-0.078501,0.001816,0.000102
0,-0.078422,0.024465,0.029396,0.019297,0.057345,0.028983,0.001369,0.000427
0,-0.167213,0.00448,-0.11341,-0.014544,-0.106097,0.003569,0.002699,7.8e-05
0,-0.083108,-0.129031,0.085349,-0.130109,0.06572,-0.107746,0.001451,0.002252
0,0.086492,0.049422,0.178325,0.170706,0.189657,0.133808,0.00151,0.000863
0,-0.02424,0.12106,-0.101233,0.048811,-0.070472,0.04026,0.000423,0.002113
0,-0.034772,0.116672,-0.018573,0.004091,-0.018777,0.011169,0.000607,0.002036
0,-0.099413,0.125808,-0.093494,0.007365,-0.057893,-0.0138,0.001735,0.002196
0,0.280622,1.172271,0.350687,1.037802,0.376309,1.005334,0.00072,0.00201
0,0.668622,2.800871,0.389834,1.636208,0.397463,1.595293,0.000435,0.001673
0,0.880855,2.681745,0.21288,-0.099507,0.169716,-0.102542,0.001479,0.001865
0,1.047536,2.687528,0.17033,0.019715,0.18625,0.00339,0.00143,0.001966
0,0.787592,2.537799,-0.235484,-0.128283,-0.275475,-0.137578,0.002511,0.000647
0,0.710632,2.326113,-0.070582,-0.217726,-0.083599,-0.198293,0.001168,0.001276
0,0.613628,1.352556,-0.088325,-0.976019,-0.108751,-0.944613,0.000525,0.002106
0,0.331589,0.869325,-0.286551,-0.48887,-0.270546,-0.468426,0.00017,0.002106
0,0.155695,0.708979,-0.192306,-0.162739,-0.215081,-0.175454,0.002717,0.002106
0,0.122822,0.526598,-0.013018,-0.159217,0.022107,-0.127689,0.002144,0.002106
0,0.197948,0.217077,0.086162,-0.301061,0.073139,-0.26871,0.002163,0.002106
0,0.012944,0.16319,-0.196466,-0.052251,-0.238035,-0.070342,0.000226,0.002106
0,-0.006421,0.046026,-0.000568,-0.104703,-0.031331,-0.144124,0.000112,0.002106
0,-0.170015,0.023597,-0.150266,-0.014972,-0.158764,0.034295,0.00265,0.002106
0,0.054947,-0.05061,0.234706,-0.08314,0.19391,-0.105684,0.000959,0.002106
0,0.068111,0.107949,0.00631,0.143819,0.028483,0.162063,0.001189,0.002106
0,0.003774,-0.014205,-0.060454,-0.132627,-0.05248,-0.129049,6.6e-05,0.002106
0,-0.075615,-0.044256,-0.080734,-0.021436,-0.080537,-0.031352,0.00132,0.002106
0,-0.041352,0.076093,0.005772,0.106934,0.054727,0.130674,0.000722,0.002106
0,0.026551,-0.165414,0.051264,-0.226496,0.084221,-0.2429,0.000463,0.00273
0,-0.143758,0.13478,-0.158412,0.300763,-0.124051,0.347102,0.002509,0.002352
0,0.03279,0.066123,0.157231,-0.07241,0.119855,-0.02469,0.000572,0.001154
0,0.096713,0.138919,0.070685,0.05816,0.061897,0.050079,0.001688,0.002425
0,-0.13189,0.04214,-0.214108,-0.106867,-0.168853,-0.14404,0.002302,0.000735
0,-0.090097,-0.029403,0.029087,-0.097584,0.035468,-0.101087,0.001572,0.000513
0,-0.102384,-0.046581,4e-06,-0.038003,-0.007817,-0.041566,0.001787,0.000813
0,0.0453,0.057316,0.147156,0.076449,0.144277,0.099315,0.000791,0.001
0,-0.132509,0.175098,-0.190599,0.127537,-0.209661,0.133181,0.002313,0.002561
0,-0.140669,0.132674,0.010969,-0.040262,0.04157,-0.056781,0.002455,0.002106
0,0.023498,0.122577,0.165278,-0.026741,0.172339,-0.010851,0.00041,0.002106
0,0.098588,-0.094562,0.063094,-0.19649,0.109808,-0.180235,0.001721,0.002106
0,-0.081949,0.09579,-0.160451,0.216543,-0.152214,0.183691,0.00143,0.002106
0,-0.121006,-0.091215,-0.01852,-0.196584,-0.04218,-0.184557,0.002112,0.002106
0,0.010391,0.121712,0.155551,0.203366,0.202665,0.175559,0.000181,0.002106
0,0.085233,-0.103151,0.090949,-0.197421,0.140704,-0.180745,0.001488,0.002106
0,-0.182872,-0.080879,-0.270422,0.046632,-0.226258,0.021006,0.002426,0.002106
0,0.016628,-0.059306,0.18033,0.027462,0.139563,0.06804,0.00029,0.002106
0,0.075362,-0.071652,0.046091,0.00662,0.083638,0.04034,0.001315,0.002106
0,-0.142012,-0.08895,-0.216026,-0.010386,-0.25542,-0.051353,0.002479,0.002106
0,-0.145637,-0.127979,0.019365,-0.045325,-0.008947,-0.025889,0.002542,0.002234
0,0.059513,-0.002074,0.225753,0.103181,0.232585,0.078867,0.001039,0.002106
0,-0.13273,0.007775,-0.186708,-0.005376,-0.216042,-0.009808,0.002317,0.002106
0,0.024471,-0.015426,0.165198,-0.044455,0.137171,-0.015901,0.000427,0.002106
0,0.070639,0.042542,0.032511,0.077606,-0.005567,0.067599,0.001233,0.002106
0,-0.031958,0.126602,-0.094067,0.080198,-0.064895,0.101046,0.000558,0.002106
0,-0.142057,-0.071346,-0.112615,-0.196538,-0.132423,-0.226988,0.002479,0.002106
0,-0.085922,0.064047,0.084104,0.134549,0.067965,0.124832,0.0015,0.002106
0,-0.129526,0.064278,-0.015851,-0.013563,-0.044582,0.010263,0.002261,0.002106
0,-0.147037,-0.00337,-0.030555,-0.053752,-0.036848,-0.093125,0.002566,0.002106
0,0.064927,-0.10425,0.226379,-0.11628,0.202918,-0.12892,0.001133,0.002106
0,0.13741,0.058861,0.095775,0.166182,0.100471,0.20486,0.002398,0.002106
0,-0.09102,-0.108829,-0.211698,-0.175911,-0.170199,-0.209003,0.001589,0.002106
0,-0.03927,-0.170869,0.066276,-0.063857,0.055221,-0.020569,0.000685,0.002635
0,0.184481,-0.106295,0.235876,0.041459,0.2055,0.056194,0.002398,0.001855
0,-0.09052,-0.171874,-0.257832,-0.078062,-0.220275,-0.046962,0.00158,0.002618
0,0.027495,-0.016761,0.102586,0.176741,0.073532,0.21932,0.00048,0.000293
0,0.057382,-0.054895,0.059872,-0.044347,0.059408,-0.048915,0.001002,0.000958
0,0.142415,0.050603,0.099142,0.105618,0.066699,0.106365,0.002486,0.000883
0,-0.004552,0.119056,-0.14243,0.061259,-0.180646,0.062619,7.9e-05,0.002078
0,0.148832,0.126663,0.154999,0.022428,0.172649,0.020078,0.002598,0.002211
0,0.138379,-0.055948,0.015353,-0.184099,0.005876,-0.165675,0.002415,0.000976
0,0.164263,0.01258,0.007401,0.058611,0.024511,0.035164,0.002751,0.00022
0,-0.061282,-0.064112,-0.233325,-0.083429,-0.21213,-0.131729,0.00107,0.001119
0,0.079937,-0.088085,0.119016,0.005503,0.147205,-0.008986,0.001395,0.001537
0,0.036123,-0.071848,-0.055418,0.022168,-0.070708,0.067051,0.00063,0.001254
0,-0.007848,0.047866,-0.062574,0.112862,-0.048451,0.121464,0.000137,0.000835
0,0.121245,-0.017332,0.142838,-0.057159,0.105439,-0.015798,0.002116,0.000303
0,0.154774,-0.035302,0.052147,0.001107,0.045297,0.018371,0.002701,0.000616
0,-0.067442,0.058349,-0.250995,0.098929,-0.296476,0.06262,0.001177,0.001018
0,-0.095779,0.164454,-0.0333,0.128772,-0.058151,0.154815,0.001672,0.002747
0,0.081392,0.004917,0.200963,-0.141783,0.217137,-0.134274,0.001421,8.6e-05
0,0.006743,-0.158619,-0.083757,-0.155233,-0.098731,-0.128162,0.000118,0.002768
0,-0.015865,0.059339,-0.046244,0.196791,-0.066351,0.209106,0.000277,0.001036
0,0.008957,-0.121552,0.043194,-0.151595,0.040693,-0.181083,0.000156,0.002121
0,-0.077995,-0.055425,-0.078207,0.081854,-0.044588,0.033444,0.001361,0.000967
0,-0.229386,-0.030251,-0.135224,-0.003821,-0.129429,-0.047261,0.001614,0.000528
0,-0.10313,-0.100692,0.134565,-0.075077,0.179934,-0.10213,0.0018,0.001757
0,-0.186658,-0.106397,-0.108432,-0.006026,-0.107002,-0.004266,0.00236,0.001857
0,-0.049678,0.139776,0.115116,0.255619,0.150738,0.208435,0.000867,0.00244
0,-0.170003,0.118655,-0.133561,-0.030459,-0.173735,-0.069519,0.00265,0.002071
0,-0.09063,0.082428,0.063571,-0.052964,0.027308,-0.062684,0.001582,0.001439
0,-0.198672,0.086567,-0.11326,-0.023398,-0.112408,-0.06098,0.00215,0.001511
0,-0.108876,-0.117613,0.065718,-0.177907,0.090505,-0.190346,0.0019,0.002053
0,0.112229,0.049844,0.215089,0.148325,0.254159,0.153157,0.001959,0.00087
0,-0.070492,0.095089,-0.189281,0.062853,-0.169062,0.108144,0.00123,0.00166
0,-0.164799,0.002665,-0.116198,-0.070407,-0.096178,-0.021312,0.002741,4.7e-05
0,0.03502,-0.038152,0.212942,-0.069735,0.166362,-0.020187,0.000611,0.000666
0,-0.060713,0.132695,-0.083625,0.189774,-0.064031,0.176233,0.00106,0.002316
0,-0.080228,-0.035139,0.004857,-0.152146,0.013269,-0.149148,0.0014,0.000613
0,-0.066513,0.034393,0.008847,0.050613,-0.034255,0.051403,0.001161,0.0006
0,0.137552,0.04233,0.221458,-0.001507,0.189217,-0.02647,0.002401,0.000739
0,0.044021,0.106026,-0.110519,0.047094,-0.116641,0.060256,0.000768,0.00185
0,-0.162246,0.139073,-0.191043,0.038943,-0.23952,0.075843,0.002786,0.002427
0,0.085573,0.071967,0.226086,-0.082856,0.185832,-0.12858,0.001494,0.001256
0,0.156653,-0.008663,0.092599,-0.105007,0.090774,-0.130248,0.002734,0.000151
0,0.01854,-0.096962,-0.13937,-0.117366,-0.149807,-0.144291,0.000324,0.001692
0,0.034186,-0.064044,0.007063,0.015879,0.020064,-0.008709,0.000597,0.001118
0,-1.412546,-0.051452,-1.448991,0.031859,-1.413114,-0.000223,0.002184,0.000898
0,-2.306935,-0.025963,-0.899581,0.019018,-0.886401,0.007644,0.000941,0.000453
0,-2.665016,-0.064289,-0.352879,-0.062175,-0.331162,-0.036136,0.001573,0.001122
0,-3.396968,-0.093717,-0.752388,-0.041409,-0.715865,0.008172,0.002504,0.001636
0,-3.464234,0.082589,-0.068655,0.154773,-0.039753,0.176134,0.00133,0.001441
0,-3.55701,0.062875,-0.101918,-0.002979,-0.123041,0.044667,0.000289,0.001097
0,-3.399373,-0.077659,0.173785,-0.151978,0.19679,-0.161843,0.002462,0.001355
0,-2.337563,-0.099551,1.081301,0.000869,1.074495,-0.021098,0.001476,0.001737
0,-1.598727,0.166381,0.73653,0.253126,0.745135,0.243419,0.000184,0.002714
0,-1.300168,0.028423,0.322376,-0.144647,0.341368,-0.151874,0.000222,0.002106
0,-0.761967,-0.038242,0.542142,-0.059447,0.585956,-0.045882,0.002064,0.002106
0,-0.658658,-0.137181,0.116648,-0.104799,0.067636,-0.071788,0.000261,0.002394
0,-0.904728,-0.084723,-0.264935,0.05527,-0.31211,0.066142,0.001062,0.002106
0,-0.567236,0.118337,0.340857,0.176946,0.323981,0.1541,0.001335,0.002106
0,-0.789101,-0.110501,-0.231542,-0.213571,-0.246253,-0.203783,0.002537,0.002106
0,-0.47385,0.116445,0.304972,0.229539,0.27032,0.180323,0.002653,0.002106
0,-0.711472,-0.036684,-0.221419,-0.171766,-0.247681,-0.167486,0.001183,0.002106
0,-0.670293,-0.021358,0.042005,-0.001211,-0.003574,0.035847,0.000464,0.002106
0,-0.582045,0.03964,0.064918,0.048844,0.100803,0.000944,0.001076,0.002106
0,-0.490521,0.049259,0.109973,-0.005055,0.12432,0.009298,0.002674,0.002106
0,-0.466522,0.094162,0.044787,0.05414,0.09313,0.073348,0.002525,0.002106
0,-0.559018,0.140878,-0.086979,0.046514,-0.044666,0.013516,0.001478,0.002106
0,-0.528431,0.174999,0.058744,0.022429,0.033897,0.048338,0.002012,0.002106
0,-0.325328,-0.028164,0.187565,-0.218778,0.180939,-0.19546,6.1e-05,0.002106
0,-0.23645,-0.092767,0.088398,-0.06882,0.090633,-0.032921,0.001491,0.002106
0,-0.351293,-0.038317,-0.088968,0.083955,-0.084715,0.047978,0.000514,0.002106
0,-0.349607,0.126407,-0.022475,0.194539,-0.008649,0.241721,0.000484,0.002106
0,-0.439769,0.113228,-0.085966,0.015673,-0.060939,-0.032766,0.002058,0.002106
0,-0.338101,0.000266,0.081323,-0.113983,0.08211,-0.093733,0.000283,0.002106
0,-0.468294,0.101651,-0.121491,0.09118,-0.090998,0.131094,0.002556,0.002106
0,-0.185857,0.20958,0.295516,0.128613,0.258729,0.112741,0.002374,0.002106
0,-0.177328,0.124886,0.015079,-0.099396,-0.009575,-0.118519,0.000284,0.002106
0,-0.185677,0.009077,-0.010532,-0.100777,0.029002,-0.071417,0.002377,0.002106
0,-8.983461,-0.880438,-8.824619,-0.901281,-8.859726,-0.907656,0.000499,0.001486
0,-9.127874,-2.05171,-0.129583,-1.169169,-0.12113,-1.125486,0.002021,0.002104
0,-8.858558,-2.135606,0.267104,-0.086948,0.250468,-0.130969,0.002679,0.002049
0,-8.96187,-1.841204,-0.133129,0.3141,-0.108276,0.307568,0.000876,0.00157
0,-8.953864,-1.728174,0.016571,0.08607,-0.012733,0.037359,0.001016,0.002075
0,-9.10472,-1.537506,-0.124237,0.163998,-0.133556,0.189733,0.001617,0.001253
0,-8.9641,-0.740941,0.151922,0.798894,0.103769,0.812979,0.000837,0.001697
0,-9.06575,-0.431568,-0.115168,0.31155,-0.101879,0.312492,0.000937,0.001915
0,-9.094233,-0.275418,-0.005321,0.178953,-0.008952,0.202736,0.001434,0.000811
0,-9.099736,-0.198858,-0.007529,0.068364,-0.050651,0.042358,0.00153,0.002147
0,-9.031733,0.054378,0.041292,0.244101,0.039458,0.249931,0.000343,0.000949
0,-8.922332,-0.085278,0.10787,-0.137055,0.140974,-0.148178,0.001566,0.001488
0,-9.009418,0.094914,-0.098384,0.205216,-0.058432,0.167631,4.6e-05,0.001657
0,-8.991881,0.252204,0.00334,0.1732,-0.017383,0.134267,0.000352,0.001216
0,-8.877072,0.207842,0.09172,-0.06524,0.065772,-0.07051,0.002356,0.00199
0,-9.017566,-0.023978,-0.146958,-0.209858,-0.110022,-0.210022,9.6e-05,0.000418
0,-9.115399,-0.013767,-0.076485,0.022463,-0.089604,-0.001165,0.001803,0.00024
0,-8.863868,0.221291,0.239991,0.225638,0.211589,0.176706,0.002587,0.001755
0,-8.943327,0.053547,-0.064588,-0.181308,-0.046354,-0.222303,0.0012,0.000935
0,-9.110331,0.150867,-0.192469,0.116068,-0.24048,0.066532,0.001715,0.002633
0,-8.597252,0.125156,0.514673,-0.030284,0.560985,-0.004598,0.001622,0.002184
0,-8.101901,0.001998,0.498602,-0.145221,0.453116,-0.148038,0.000967,3.5e-05
0,-7.585956,-0.073983,0.526797,-0.071533,0.485882,-0.043491,0.00242,0.001291
0,-7.124509,-0.029749,0.466705,0.059209,0.465055,0.067602,0.000761,0.000519
0,-6.787728,0.100657,0.343553,0.133728,0.297233,0.137391,0.000501,0.001757
0,-6.380231,0.111928,0.4154,0.033537,0.387551,0.078954,0.000994,0.001954
0,-6.087767,0.005463,0.300631,-0.121478,0.303212,-0.105165,0.000481,9.5e-05
0,-5.570675,0.026826,0.505053,0.015924,0.481518,-0.015364,0.001729,0.000468
0,-5.410511,0.088609,0.175599,0.050524,0.211578,0.095209,0.001066,0.001547
0,-5.162062,0.083121,0.259155,-0.018765,0.30245,0.007831,0.000215,0.001451
0,-4.852772,-0.043289,0.292201,-0.13189,0.274624,-0.120358,0.000434,0.000756
0,-4.470012,0.007843,0.402361,0.034982,0.367613,0.03596,0.000629,0.000137
0,-4.272284,0.01402,0.188656,-0.015109,0.172889,0.025962,0.001538,0.000245
0,-4.075129,-0.115432,0.202501,-0.148841,0.224376,-0.109192,0.001903,0.002015
0,-3.965749,-0.023777,0.080712,0.09064,0.101648,0.067898,0.001805,0.000415
0,-3.601858,-0.026757,0.334393,-0.014258,0.294296,0.001143,0.001072,0.000467
0,-3.382874,-0.101486,0.245118,-0.054693,0.217285,-0.06316,0.00275,0.001771
0,-3.156016,0.036813,0.200491,0.147668,0.236653,0.10208,0.001092,0.000643
0,-2.966186,0.07974,0.218695,0.065338,0.189356,0.093195,0.001212,0.001392
0,-3.053904,-0.068896,-0.076432,-0.167399,-0.079622,-0.142676,0.002743,0.001202
0,-2.731436,0.093233,0.296112,0.137651,0.301881,0.097006,0.002732,0.001627
0,-2.672231,0.067063,0.054851,-0.052149,0.025945,-0.096406,0.001699,0.00117
0,-2.58462,0.130426,0.065467,0.089374,0.02395,0.132921,0.00017,0.002276
0,-2.294096,-0.025367,0.290081,-0.12857,0.305981,-0.107844,0.000717,0.000443
0,-2.389974,-0.057421,-0.093287,-0.020208,-0.138886,-0.00688,0.00239,0.001002
0,-2.036587,-0.071291,0.37869,-0.023679,0.360882,-0.000318,0.00184,0.001244
0,-2.13766,0.133131,-0.091127,0.189075,-0.058018,0.192627,0.002013,0.002324
0,-1.985715,0.039913,0.158887,-0.083867,0.161609,-0.044671,0.000952,0.000697
0,-1.718187,-0.042496,0.240345,-0.089888,0.25016,-0.132247,0.0019,0.000742
0,-1.797872,0.006646,-0.078797,0.068393,-0.030041,0.104359,0.002326,0.000116
0,-1.71841,0.049486,0.094938,0.055885,0.101101,0.076829,0.001904,0.000864
0,-1.578139,0.016391,0.115135,-0.05436,0.108385,-0.073159,0.000544,0.000286
0,-1.592485,-0.106303,0.009637,-0.134195,-0.015873,-0.103551,0.000293,0.001855
0,-1.566814,0.106818,0.054017,0.211966,0.033424,0.165191,0.000741,0.001864
0,-1.408113,-0.14085,0.179147,-0.223768,0.13647,-0.223762,0.002106,0.002458
0,-1.275994,0.129794,0.116466,0.254224,0.095335,0.26241,0.0002,0.002265
0,-1.215448,-0.01457,0.049396,-0.144842,0.019428,-0.119139,0.001256,0.000254
0,-1.241872,-0.035563,-0.015984,-0.04045,-0.038804,-0.064985,0.000795,0.000621
0,-1.037218,0.005343,0.196282,0.050442,0.167332,0.021444,0.00125,9.3e-05
0,-0.919724,0.047109,0.0881,0.020848,0.104098,-0.003189,0.0008,0.000822
0,-0.761338,-0.018984,0.136892,-0.062999,0.16532,-0.02194,0.002053,0.000331
0,-0.73308,0.047462,0.040572,0.087817,0.020437,0.092715,0.00156,0.000828
0,-0.616292,-0.121695,0.104493,-0.149972,0.110132,-0.186024,0.000479,0.002124
0,-0.599946,-0.068309,0.00635,0.041513,0.040107,0.043221,0.000764,0.001192
0,-0.670455,0.01227,-0.04716,0.086444,-0.022541,0.071854,0.000467,0.000214
0,-0.56879,-0.121046,0.071771,-0.11194,0.102006,-0.069212,0.001308,0.002113
0,-0.522652,-0.031869,0.070449,0.072067,0.120073,0.072004,0.002113,0.000556
0,-0.611875,0.099879,-0.087161,0.124071,-0.080631,0.110258,0.000556,0.001743
0,-0.503594,-0.069764,0.115815,-0.188276,0.137724,-0.221345,0.002446,0.001218
0,-0.51943,-0.016377,0.001467,0.05974,0.01573,0.060491,0.002169,0.000286
0,-0.552709,-0.03102,-0.054284,-0.008063,-0.065176,0.006912,0.001588,0.000541
0,-0.476537,-0.031926,0.076236,0.024043,0.082517,0.072209,0.0027,0.000557
0,-0.418434,0.121398,0.08049,0.171052,0.123641,0.129284,0.001686,0.002119
0,-0.562178,-0.020856,-0.122943,-0.151876,-0.086826,-0.17035,0.001423,0.000364
0,-0.47829,0.15084,0.105769,0.152497,0.135239,0.110525,0.00273,0.002633
0,-0.283203,-0.019863,0.200636,-0.145985,0.152088,-0.168833,0.000675,0.000347
0,-0.438558,-0.104285,-0.170476,-0.083183,-0.188515,-0.097318,0.002037,0.00182
0,-0.333905,0.106424,0.113743,0.218074,0.124619,0.248457,0.00021,0.001857
0,-0.374123,-0.110332,-0.066188,-0.244382,-0.035657,-0.195346,0.000912,0.001926
0,-0.155771,0.0669,0.232204,0.198527,0.263683,0.243357,0.002719,0.001168
0,-0.042721,0.148106,0.121336,0.101656,0.170788,0.140287,0.000746,0.002585
0,-0.138903,0.130781,-0.118005,-0.019241,-0.152796,0.002158,0.002424,0.002283
0,-0.20942,0.022296,-0.064805,-0.135279,-0.058241,-0.096157,0.001962,0.000389
0,-0.31333,-0.096671,-0.102195,-0.124344,-0.086431,-0.163611,0.000149,0.001687
0,-0.135247,0.07553,0.201043,0.169026,0.167115,0.176602,0.002361,0.001318
0,-0.253249,0.076874,-0.108212,-0.002522,-0.110961,-7.8e-05,0.001197,0.001342
0,-0.023472,-0.127554,0.228268,-0.220608,0.260214,-0.263177,0.00041,0.002226
0,-0.065292,0.137834,-0.061023,0.277258,-0.04463,0.255152,0.00114,0.002406
0,-0.12233,0.046645,-0.07381,-0.085209,-0.045606,-0.037314,0.002135,0.000814
0,-0.053914,0.014614,0.05236,-0.053093,0.0174,-0.017875,0.000941,0.000255
0,-0.021573,0.008127,0.035839,0.006032,0.005453,0.005139,0.000377,0.000142
0,0.035118,-0.096069,0.05903,-0.107949,0.101376,-0.134007,0.000613,0.001677
0,-0.211437,0.009322,-0.275877,0.08574,-0.29674,0.073695,0.001927,0.000163
0,-0.106904,-0.128106,0.079639,-0.150908,0.031206,-0.10437,0.001866,0.002236
0,0.01221,-0.048946,0.090309,0.05163,0.130324,0.059525,0.000213,0.000854
0,-0.18637,0.119872,-0.175622,0.1606,-0.16781,0.112683,0.002365,0.002092
0,0.010243,-0.095923,0.224113,-0.209929,0.215131,-0.234022,0.000179,0.001674
0,0.034603,-0.122561,0.036027,-0.014952,0.008117,-0.025059,0.000604,0.002139
0,0.062536,0.093569,0.04283,0.208659,0.029394,0.193805,0.001091,0.001633
0,0.006402,-0.067115,-0.047358,-0.16453,-0.037549,-0.188666,0.000112,0.001171
0,-0.068138,-0.082954,-0.059166,-0.030528,-0.015523,-0.038581,0.001189,0.001448
0,-0.165529,-0.137781,-0.093231,-0.079434,-0.104921,-0.04232,0.002728,0.002405
0,-0.036954,0.077346,0.128825,0.228586,0.162519,0.241239,0.000645,0.00135
0,0.09386,0.041718,0.117221,-0.046079,0.126209,-0.019264,0.001638,0.000728
0,0.1182,-0.138255,0.042909,-0.189238,-0.00322,-0.23674,0.002063,0.002413
0,-0.067288,-0.064267,-0.175679,0.061935,-0.143707,0.047336,0.001174,0.001122
0,-0.197387,-0.04547,-0.102894,0.047315,-0.109093,0.043951,0.002172,0.000794
0,-0.06598,-0.077775,0.13493,-0.021386,0.166672,-0.024214,0.001152,0.001357
0,-0.084031,0.126446,-0.019584,0.174486,-0.04306,0.156189,0.001467,0.002207
0,0.050139,0.102023,0.128411,-0.044108,0.126369,-0.071561,0.000875,0.001781
0,-0.221894,-0.091773,-0.28706,-0.173108,-0.299176,-0.167095,0.001745,0.001602
0,0.016579,-0.112813,0.248049,-0.005886,0.204284,-0.002213,0.000289,0.001969
0,-3.243119,-0.467547,-3.254098,-0.353242,-3.233629,-0.343458,0.000428,0.002543
0,-4.437162,-0.671569,-1.198209,-0.20006,-1.224532,-0.22507,0.001202,0.000486
0,-4.44136,-0.576928,-0.004727,0.116216,0.017536,0.095128,0.001129,0.001166
0,-4.772372,-0.549759,-0.340959,0.044022,-0.313522,0.0439,0.000969,0.00164
0,-3.434075,-0.449587,1.328939,0.071099,1.301236,0.069612,0.001857,0.002229
0,-2.666198,-0.396358,0.784777,0.029453,0.808303,0.041719,0.001594,0.0013
0,-1.929225,-0.432007,0.756655,-0.033245,0.785942,-0.066444,3.4e-05,0.001922
0,-1.679796,-0.406641,0.273804,0.026407,0.240732,0.037585,0.00123,0.00148
0,-0.840141,-0.343548,0.854275,0.053265,0.807125,0.05835,0.000617,0.000379
0,-9.016382,-0.082063,-8.151347,0.247937,-8.174172,0.231691,7.5e-05,0.001432
0,-8.915968,0.206129,0.098956,0.270745,0.071377,0.279552,0.001677,0.00202
0,-9.017468,0.249466,-0.097137,0.022741,-0.047165,-0.023783,9.4e-05,0.001264
0,-9.1037,0.163592,-0.096558,-0.067442,-0.11063,-0.110632,0.001599,0.002762
0,-9.023183,0.447819,0.093086,0.284695,0.04511,0.303238,0.000194,0.002198
0,-9.06064,0.219766,-0.053993,-0.253153,-0.100821,-0.295591,0.000848,0.001782
0,-9.039676,0.16939,0.047568,-0.021997,0.071389,-0.028707,0.000482,0.002661
0,-8.997305,0.261865,0.045157,0.080322,0.070063,0.042371,0.000258,0.001047
0,-9.139459,0.242472,-0.147256,-0.018755,-0.160492,-0.031679,0.002223,0.001386
0,-9.040923,-0.076811,0.117313,-0.322177,0.103319,-0.27457,0.000504,0.001341
0,-8.850773,0.023759,0.191909,0.100036,0.223713,0.077908,0.002802,0.000415
0,-9.088599,-0.014706,-0.24721,-0.052229,-0.265056,-0.007773,0.001336,0.000257
0,-9.034145,-0.042304,0.041228,-0.038027,0.086488,0.006162,0.000385,0.000738
0,-8.897463,0.041093,0.147354,0.096492,0.187393,0.063461,0.002,0.000717
0,-9.080439,-0.10944,-0.174529,-0.149936,-0.159427,-0.165353,0.001193,0.00191
0,-9.00549,-0.070964,0.103411,0.009479,0.061451,-0.030931,0.000115,0.001239
0,-9.104651,-0.03325,-0.092398,0.053248,-0.133522,0.075054,0.001616,0.00058
0,-9.098528,0.010438,0.020402,0.039188,0.041253,0.071367,0.001509,0.000182
0,-8.532517,-0.18375,0.540833,-0.173882,0.509012,-0.216234,0.002752,0.00241
0,-8.090535,-0.149956,0.434244,0.027177,0.391511,-0.008079,0.000769,0.002617
0,-7.725032,-0.137325,0.344942,0.007843,0.313844,0.002379,7e-06,0.002397
0,-7.213038,0.057813,0.52825,0.205657,0.493586,0.191222,0.002306,0.001009
0,-7.005336,0.011595,0.199462,-0.068484,0.239413,-0.067473,0.001319,0.000202
0,-6.624968,-0.011929,0.405519,-0.051596,0.362133,-0.056205,0.00234,0.000208
0,-6.004323,-0.190722,0.59662,-0.166411,0.629482,-0.193308,0.001937,0.002289
0,-5.846298,-0.181318,0.170507,-0.014754,0.179049,0.012399,0.000922,0.002453
0,-5.45748,-0.024554,0.404781,0.18636,0.363324,0.203905,0.000247,0.000429
0,-5.181433,0.068914,0.256915,0.121714,0.234161,0.10953,0.000553,0.001203
0,-4.895481,-0.040328,0.278469,-0.085927,0.25628,-0.06919,0.00118,0.000704
0,-4.582459,-0.066436,0.329605,-0.009831,0.344035,-0.006855,0.001334,0.00116
0,-4.556877,-0.142197,0.011545,-0.051376,-0.010556,-0.054673,0.000887,0.002482
0,-4.27252,0.03833,0.292789,0.176703,0.297504,0.136919,0.001542,0.000669
0,-3.893718,0.035772,0.385751,-0.03029,0.423688,-0.001566,0.000548,0.000624
0,-3.944709,0.020452,-0.056268,0.008222,-0.075785,-0.018242,0.001438,0.000357
0,-3.749444,0.103662,0.169014,0.08254,0.210084,0.095508,0.00197,0.001809
0,-3.34829,-0.01349,0.405928,-0.098358,0.356919,-0.081949,0.002264,0.000235
0,-3.307754,0.047863,0.043609,0.048711,0.02768,0.019627,0.001556,0.000835
0,-2.969392,0.121936,0.332242,0.100484,0.313651,0.116064,0.001268,0.002128
0,-3.037313,-0.10725,-0.070466,-0.254935,-0.087929,-0.252859,0.002454,0.001872
0,-2.876489,0.189626,0.18003,0.290162,0.173489,0.317072,0.000353,0.002308
0,-2.697593,-0.02603,0.185915,-0.205885,0.136983,-0.208771,0.002142,0.000454
0,-2.523074,0.059342,0.149272,0.078152,0.146555,0.038043,0.000904,0.001036
0,-2.340823,0.142105,0.172188,0.058289,0.179045,0.078505,0.001533,0.00248
0,-2.180174,-0.034383,0.13895,-0.185717,0.153205,-0.175989,0.001271,0.0006
0,-2.155447,0.04863,0.027741,0.059081,0.018932,0.025175,0.001703,0.000849
0,-2.09868,-0.027757,0.079643,-0.093257,0.066827,-0.129408,0.002694,0.000484
0,-1.992668,0.212287,0.087725,0.210998,0.106723,0.253948,0.001074,0.001912
0,-1.891412,0.227621,0.106705,0.023675,0.094425,0.020137,0.000694,0.001645
0,-1.783114,-0.044814,0.079931,-0.267515,0.104581,-0.288424,0.002584,0.000782
0,-1.601124,0.01217,0.16349,0.068174,0.179203,0.07048,0.000143,0.000212
0,-1.609254,0.058084,-0.029127,0.018427,-0.042688,-0.020581,1e-06,0.001014
0,-1.34253,0.004219,0.268571,-0.033047,0.233831,-0.031632,0.000962,7.4e-05
0,-1.334217,-0.139877,0.018681,-0.11659,-0.021183,-0.095627,0.000816,0.002441
0,-1.164448,0.145792,0.199089,0.264394,0.197398,0.275467,0.002147,0.002545
0,-1.082218,-0.099738,0.093694,-0.248803,0.058364,-0.266913,0.002036,0.001741
0,-1.073383,-0.013683,-0.003235,0.089095,-0.031975,0.106453,0.001882,0.000239
0,-0.930845,0.109501,0.141081,0.109911,0.127307,0.115957,0.000606,0.001911
0,-1.11911,-0.013995,-0.162062,-0.109782,-0.151063,-0.15089,0.00268,0.000244
0,-0.873471,0.114422,0.220339,0.152039,0.188871,0.193975,0.001608,0.001997
0,-0.794967,-0.055514,0.049421,-0.142674,0.049648,-0.117265,0.00264,0.000969
0,-2.447542,0.638829,-1.676611,0.681086,-1.705848,0.684421,0.002222,8.5e-05
0,-4.337364,1.086019,-1.890819,0.440978,-1.878375,0.460714,0.002674,0.002102
0,-5.957249,1.122218,-1.595954,0.02556,-1.640594,0.068785,0.002759,0.002734
0,-5.176962,1.100184,0.766732,-0.051253,0.774186,-0.095113,0.000475,0.002349
0,-4.106629,0.77255,1.048858,-0.336363,1.097171,-0.342271,0.001353,0.002249
0,-3.317285,0.911645,0.805167,0.112212,0.843246,0.117643,0.001722,0.000941
0,-2.448435,0.496578,0.880548,-0.387392,0.901837,-0.362676,0.002207,0.002568
0,-1.540556,0.391994,0.936004,-0.099855,0.951956,-0.090818,0.0012,0.001224
0,-0.891013,0.259412,0.675581,-0.137715,0.631649,-0.10866,0.001301,0.00109
0,-0.185469,0.268844,0.732877,-0.013044,0.750355,-0.043285,0.00238,0.000925
0,0.245385,0.197771,0.458994,-0.058218,0.462232,-0.095534,0.001335,0.002166
0,0.218037,-0.084866,0.000481,-0.277018,0.043667,-0.31715,0.001812,0.001481
0,0.292067,-0.043124,0.089367,0.034436,0.097863,0.041934,0.00052,0.000753
0,0.454969,-0.054203,0.135891,0.017497,0.149885,0.00059,0.002323,0.000946
0,0.251143,-0.108308,-0.1907,-0.051723,-0.236796,-0.086688,0.001234,0.00189
0,0.254047,-0.065838,-0.019264,0.053709,-0.010419,0.083366,0.001184,0.001149
0,0.359176,-0.071649,0.107274,-0.016396,0.061021,0.001603,0.000651,0.001251
0,0.383312,-0.034314,0.039306,0.010159,0.039488,0.034906,0.001073,0.000599
0,0.339483,-0.218178,-0.02525,-0.200338,-0.012371,-0.16758,0.000308,0.00181
0,0.299823,-0.084368,-0.066755,0.160897,-0.045454,0.190506,0.000385,0.001472
0,0.192001,-0.163173,-0.132617,-0.083571,-0.182176,-0.099802,0.002266,0.00277
0,0.267161,-0.074968,0.046897,0.07643,0.006251,0.115448,0.000955,0.001308
0,0.119941,0.028584,-0.144513,0.094322,-0.158125,0.108548,0.002093,0.000499
0,0.27394,-0.089869,0.145232,-0.117121,0.162379,-0.114676,0.000836,0.001569
0,0.023955,0.001368,-0.241823,0.065843,-0.276609,0.032349,0.000418,2.4e-05
0,0.027764,-0.110891,0.009011,-0.106664,0.025683,-0.082259,0.000485,0.001935
0,0.050699,-0.146494,0.016697,-0.013052,-0.016681,0.000718,0.000885,0.002557
0,0.034162,-0.208892,0.011392,-0.061998,0.007654,-0.074978,0.000596,0.001972
0,0.267834,-0.172047,0.26045,0.045714,0.23642,0.049247,0.000943,0.002615
0,0.178181,-0.118179,-0.103265,0.083561,-0.115942,0.052084,0.002508,0.002063
0,0.163135,-0.107193,-0.036142,0.031157,-0.042902,0.040588,0.00277,0.001871
0,-0.029394,-0.119372,-0.163304,-0.00593,-0.155667,0.03146,0.000513,0.002083
0,0.186375,-0.154553,0.195117,-0.05021,0.223453,-0.076694,0.002365,0.002697
0,0.199653,0.100914,0.021505,0.282105,0.015979,0.304647,0.002133,0.001761
0,-0.004091,-0.160384,-0.209273,-0.280376,-0.168569,-0.283408,7.1e-05,0.002799
0,0.137326,-0.058805,0.145766,0.089386,0.159921,0.081881,0.002397,0.001026
0,-0.002789,0.127205,-0.146991,0.167549,-0.121212,0.167232,4.9e-05,0.00222
0,0.203543,0.105961,0.21111,-0.039625,0.239138,-0.045973,0.002065,0.001849
0,-0.044151,0.014451,-0.266031,-0.110497,-0.27593,-0.156231,0.000771,0.000252
0,0.203824,0.164944,0.260674,0.144098,0.275934,0.177331,0.00206,0.002739
0,0.128375,-0.01874,-0.072488,-0.181188,-0.120484,-0.201509,0.002241,0.000327
0,-0.093521,0.00891,-0.251396,0.015242,-0.22054,0.045604,0.001632,0.000156
0,0.030533,0.1694,0.103439,0.158463,0.078345,0.113745,0.000533,0.002661
0,0.007282,0.173155,-0.018449,0.008513,-0.011204,-0.006602,0.000127,0.002595
0,0.027701,0.083577,-0.008881,-0.086648,-0.040961,-0.088233,0.000483,0.001459
0,0.072349,0.001978,0.025003,-0.058329,0.066868,-0.017887,0.001263,3.5e-05
0,0.01235,0.157644,-0.073376,0.163512,-0.034296,0.159768,0.000216,0.002751
0,-0.058888,0.074976,-0.042031,-0.068613,-0.007512,-0.037724,0.001028,0.001309
0,-0.101562,-0.911559,-0.060312,-0.957982,-0.048221,-0.989957,0.001773,0.000943
0,-0.157088,-1.154832,-0.057956,-0.253274,-0.016681,-0.247995,0.002742,0.002314
0,-0.144731,-1.38569,0.007996,-0.247883,-0.033583,-0.238248,0.002526,0.001715
0,-0.047717,-1.51479,0.089083,-0.149576,0.122427,-0.178922,0.000833,0.001649
0,0.029759,-1.575829,0.049982,-0.073949,0.086519,-0.040813,0.000519,0.000584
0,-0.146033,-1.439119,-0.202078,0.157632,-0.16001,0.131376,0.002549,0.002647
0,-0.158801,-0.978778,-0.029455,0.434342,-0.075872,0.42661,0.002772,0.00023
0,-0.123262,-0.894808,0.029386,0.058784,-0.005887,0.107233,0.002151,0.001235
0,-0.071169,-0.45362,0.063503,0.433263,0.06546,0.449267,0.001242,0.0023
0,-0.05222,-0.358794,0.044538,0.11954,0.071843,0.156285,0.000911,0.000645
0,-0.133805,-0.183795,-0.065046,0.183572,-0.108372,0.175808,0.002335,0.00241
0,0.053202,0.104121,0.199038,0.26754,0.209705,0.307377,0.000929,0.001817
0,-0.08714,0.233423,-0.128092,0.137775,-0.154347,0.168913,0.001521,0.001544
0,-0.107695,0.214077,-0.0438,-0.001677,-0.028314,-0.038,0.00188,0.001881
0,0.025705,0.097481,0.155045,-0.095746,0.202701,-0.095869,0.000449,0.001701
0,-0.168506,0.288198,-0.176027,0.219876,-0.225795,0.193747,0.002677,0.000588
0,-0.127423,0.209864,0.016644,-0.08359,0.002437,-0.036744,0.002224,0.001955
0,0.074898,0.016377,0.174667,-0.200609,0.150704,-0.20657,0.001307,0.000286
0,0.044016,-0.002319,-0.018485,-0.046666,-0.05306,-0.066155,0.000768,4e-05
0,-0.031305,-0.166333,-0.051936,-0.189479,-0.060432,-0.189745,0.000546,0.002714
0,-0.090147,0.000457,-0.080586,0.156089,-0.079637,0.162394,0.001573,8e-06
0,-0.034875,0.12805,0.029672,0.104696,0.077172,0.118553,0.000609,0.002235
0,-0.053556,-0.053375,-0.037923,-0.193946,-0.081426,-0.167101,0.000935,0.000932
0,-0.056663,-0.085691,-0.01209,-0.056013,0.024662,-0.070057,0.000989,0.001496
0,-0.122253,0.056311,-0.061371,0.167078,-0.073265,0.176771,0.002134,0.000983
0,0.012136,0.123634,0.108956,0.079137,0.121315,0.036628,0.000212,0.002158
0,0.602136,1.161757,0.609174,1.053349,0.598225,1.093725,0.000726,0.002194
0,0.757005,1.570352,0.125964,0.384792,0.099474,0.360515,0.001977,0.00068
0,0.802474,1.530781,0.060202,-0.013335,0.083205,-0.045367,0.002771,0.00137
0,0.888351,1.087082,0.074919,-0.448113,0.091622,-0.450767,0.001348,0.002121
0,0.699202,0.826439,-0.181823,-0.281284,-0.16291,-0.289046,0.000968,0.002428
0,0.829674,0.741319,0.125077,-0.107248,0.168556,-0.127971,0.002372,0.001703
0,0.454136,0.533779,-0.35536,-0.212617,-0.320904,-0.255437,0.002309,0.001919
0,0.434882,0.480737,-0.000609,-0.058914,0.013055,-0.024318,0.001973,0.002773
0,0.288398,0.026028,-0.150916,-0.484461,-0.120087,-0.522287,0.000584,0.000454
0,0.192963,-0.176094,-0.08838,-0.22864,-0.048605,-0.271871,0.00225,0.002544
0,0.169716,-0.217043,-0.03695,-0.064728,-0.039322,-0.036052,0.002655,0.001829
0,-0.02656,-0.095776,-0.209574,0.11435,-0.221806,0.116613,0.000464,0.001672
0,0.008728,-0.012247,0.036609,0.070278,0.065195,0.066063,0.000152,0.000214
0,-0.211881,0.074185,-0.227202,0.088821,-0.186646,0.060198,0.001919,0.001295
0,-0.206804,-0.22222,0.028737,-0.301773,0.017642,-0.262704,0.002008,0.001739
0,-0.012807,0.026346,0.203488,0.245184,0.23832,0.209342,0.000224,0.00046
0,-0.153247,-0.159104,-0.137872,-0.184717,-0.088879,-0.19657,0.002675,0.002777
0,-0.168048,0.046458,-0.027933,0.216766,-0.073506,0.227824,0.002685,0.000811
0,-0.206957,-0.082701,-0.066043,-0.158611,-0.03416,-0.204286,0.002005,0.001443
0,-0.170658,0.059054,0.059229,0.124815,0.104489,0.131917,0.002639,0.001031
0,0.01058,-0.044884,0.189479,-0.096256,0.200875,-0.138607,0.000185,0.000783
0,-0.038203,0.151236,-0.032738,0.193242,0.00138,0.153412,0.000667,0.00264
0,0.266667,0.145966,0.295283,-0.016491,0.304341,-0.034435,0.000963,0.002548
0,0.054768,0.101283,-0.219632,-0.024653,-0.239999,-0.004353,0.000956,0.001768
0,0.043996,0.038767,-0.025925,-0.047426,-0.009222,-0.070955,0.000768,0.000677
0,0.029334,-0.063851,0.007598,-0.10284,-0.009579,-0.116056,0.000512,0.001114
0,0.228492,-0.114868,0.203611,-0.0227,0.164008,0.016177,0.00163,0.002005
0,0.22057,0.12987,-0.003677,0.249562,-0.024084,0.236391,0.001768,0.002267
0,0.270236,-0.091612,0.054375,-0.245475,0.023269,-0.287054,0.000901,0.001599
0,0.134725,-0.122617,-0.108365,-0.05255,-0.143687,-0.087968,0.002351,0.00214
0,-0.086445,-0.110387,-0.250976,-0.001166,-0.253837,-0.043133,0.001509,0.001927
0,0.184414,0.00313,0.282067,0.102205,0.323841,0.15176,0.002399,5.5e-05
0,-0.108348,0.004797,-0.320052,0.015559,-0.28896,-0.031122,0.001891,8.4e-05
0,0.070446,0.059819,0.183056,0.076099,0.148135,0.044229,0.00123,0.001044
0,-0.047655,0.109973,-0.128114,0.047726,-0.097473,0.068609,0.000832,0.001919
0,-0.113607,-0.103039,-0.094353,-0.198003,-0.102257,-0.174224,0.001983,0.001798
0,-0.073002,0.089447,0.025377,0.215597,0.037659,0.168643,0.001274,0.001561
0,-0.056509,0.101256,-0.010818,0.017769,-0.025598,0.063776,0.000986,0.001767
0,-0.059365,-0.02206,0.013539,-0.128061,0.027253,-0.159204,0.001036,0.000385
0,0.123624,-0.05223,0.159459,-0.059648,0.167328,-0.096357,0.002158,0.000912
0,0.126881,-0.055867,-0.020015,-0.017866,-0.030733,-0.037215,0.002214,0.000975
0,0.160334,0.09793,0.02941,0.131684,0.015504,0.159414,0.002798,0.001709
0,0.045748,-0.020566,-0.116453,-0.092103,-0.160648,-0.124774,0.000798,0.000359
0,0.050887,-0.081607,0.009718,-0.066448,0.050348,-0.100458,0.000888,0.001424
0,0.059355,0.086174,0.011482,0.164338,0.056762,0.119115,0.001036,0.001504
0,0.068944,-0.125485,-0.014158,-0.19175,0.008664,-0.149693,0.001203,0.00219
0,0.000845,-0.006157,-0.072518,0.147491,-0.110786,0.151697,1.5e-05,0.000107
0,0.09758,-0.046383,0.113035,-0.04876,0.082776,-0.047442,0.001703,0.00081
0,-0.087725,-0.07343,-0.188698,-0.00756,-0.15988,0.014142,0.001531,0.001282
0,-0.226721,0.098248,-0.119348,0.151733,-0.149898,0.157641,0.00166,0.001715
0,-0.181484,0.005386,0.016185,-0.07694,0.018833,-0.049979,0.00245,9.4e-05
0,-0.190735,-0.031285,-0.013954,-0.021007,-0.019948,-0.04795,0.002289,0.000546
0,0.06383,0.080368,0.269522,0.084196,0.276391,0.101409,0.001114,0.001403
0,0.117004,0.061979,0.058685,-0.029385,0.032105,-0.072159,0.002042,0.001082
0,-0.149992,0.194051,-0.279516,0.11939,-0.294032,0.150339,0.002618,0.002231
0,-0.08159,-0.005841,0.079112,-0.179877,0.054145,-0.136859,0.001424,0.000102
0,-0.023438,0.037417,0.046954,0.04878,0.018081,0.001956,0.000409,0.000653
0,-0.281995,0.18948,-0.262666,0.143374,-0.239507,0.133755,0.000696,0.00231
0,-0.165662,-0.028639,0.126268,-0.218692,0.149076,-0.178991,0.002726,0.0005
0,-0.050695,0.158345,0.139008,0.212354,0.13175,0.18652,0.000885,0.002764
0,-0.171933,0.058188,-0.146988,-0.110781,-0.188686,-0.13922,0.002617,0.001016
0,0.048294,0.010832,0.235459,-0.048746,0.223382,-0.084209,0.000843,0.000189
0,-0.088123,0.041235,-0.145577,0.033366,-0.162242,0.076339,0.001538,0.00072
0,-0.102943,0.117302,-0.019399,0.089515,0.030168,0.054921,0.001797,0.002047
0,0.058552,0.12968,0.186115,0.021559,0.214992,0.052106,0.001022,0.002263
0,-0.134292,0.01138,-0.186611,-0.102441,-0.226699,-0.063471,0.002344,0.000199
0,0.085066,-0.05714,0.19034,-0.092083,0.224921,-0.136014,0.001485,0.000997
0,0.028081,-0.071768,-0.061158,-0.019137,-0.061054,0.026649,0.00049,0.001253
0,0.054264,-0.058643,0.041415,0.027382,0.063608,0.027069,0.000947,0.001024
0,0.036326,0.007978,-0.036313,0.051257,-0.017067,0.079363,0.000634,0.000139
0,0.099652,0.14582,0.061195,0.164935,0.058098,0.20519,0.001739,0.002545
0,0.044455,-0.06281,-0.077498,-0.180761,-0.066176,-0.209077,0.000776,0.001096
0,0.089418,0.158309,0.02614,0.212026,0.067762,0.243525,0.001561,0.002763
0,-0.148208,-0.017206,-0.253675,-0.183864,-0.226127,-0.213608,0.002587,0.0003
0,-0.086394,0.126268,0.087006,0.157066,0.091485,0.131704,0.001508,0.002204
0,-0.028879,-0.011092,0.036204,-0.113447,0.034678,-0.161534,0.000504,0.000194
0,0.04433,-0.059688,0.083378,-0.042722,0.067292,-0.044598,0.000774,0.001042
0,-0.121675,0.091826,-0.191551,0.124238,-0.198156,0.134034,0.002124,0.001603
0,0.017181,0.090228,0.150079,-0.006996,0.127379,0.002759,0.0003,0.001575
0,-0.116471,0.031395,-0.138948,-0.064526,-0.104498,-0.075573,0.002033,0.000548
0,-0.141655,0.006313,-0.018794,-0.013825,-0.020595,0.012054,0.002472,0.00011
0,-0.087061,-0.015315,0.050333,0.006877,0.016655,-0.002365,0.001519,0.000267
0,-0.193163,0.118738,-0.114626,0.110963,-0.100582,0.086381,0.002246,0.002072
0,-0.171152,0.206826,0.050737,0.064146,0.014214,0.072298,0.00263,0.002008
0,-0.095043,0.234902,0.070229,0.018446,0.111013,-0.022894,0.001659,0.001518
0,0.003702,0.066687,0.118142,-0.169462,0.099184,-0.131392,6.5e-05,0.001164
0,0.042991,0.216155,0.026029,0.150931,0.0366,0.137465,0.00075,0.001845
0,-0.121755,0.140253,-0.143822,-0.104278,-0.126189,-0.117289,0.002125,0.002448
0,-0.02991,0.100169,0.085682,-0.018159,0.045458,-0.006459,0.000522,0.001748
0,0.061156,0.106748,0.074867,0.033135,0.070708,-0.013966,0.001067,0.001863
0,-0.055934,0.181771,-0.143558,0.056914,-0.123587,0.101631,0.000976,0.002445
0,-0.066285,0.080344,-0.034693,-0.096708,-0.047572,-0.101857,0.001157,0.001402
0,0.069566,0.171571,0.119391,0.078185,0.076359,0.051794,0.001214,0.002623
0,-0.076806,0.040346,-0.155831,-0.158681,-0.166237,-0.167441,0.001341,0.000704
0,-0.074845,-0.012917,0.02462,-0.05104,0.069441,-0.057509,0.001306,0.000225
0,0.064779,0.012702,0.169373,0.044839,0.209155,0.041261,0.001131,0.000222
0,-0.102124,0.150874,-0.194262,0.124179,-0.241236,0.170233,0.001782,0.002633
0,-0.125974,0.102657,-0.04363,-0.066469,0.004342,-0.0821,0.002199,0.001792
0,-0.126554,0.053317,0.023228,-0.062806,0.032821,-0.023201,0.002209,0.000931
0,0.060578,-0.04677,0.189693,-0.115352,0.236083,-0.146023,0.001057,0.000816
0,-0.047382,0.052849,-0.129719,0.123486,-0.094684,0.138961,0.000827,0.000922
0,0.164054,0.226145,0.230464,0.191121,0.225256,0.163565,0.002754,0.001671
0,-0.057265,0.046814,-0.235521,-0.205091,-0.250717,-0.160128,0.000999,0.000817
0,0.005596,-0.079998,0.081511,-0.135518,0.052046,-0.094489,9.8e-05,0.001396
0,0.05916,0.151249,0.045165,0.254175,0.002001,0.289565,0.001033,0.00264
0,0.213464,-0.078083,0.159585,-0.203944,0.17799,-0.230266,0.001892,0.001363
0,0.028641,0.135614,-0.184174,0.196479,-0.183453,0.200557,0.0005,0.002367
0,0.042088,0.0216,0.008022,-0.104143,0.001942,-0.086321,0.000735,0.000377
0,-0.056193,0.059841,-0.100087,0.060009,-0.135625,0.108918,0.000981,0.001044
0,0.129181,-0.064317,0.155379,-0.125964,0.17731,-0.146617,0.002255,0.001123
0,0.051416,-0.051617,-0.056052,-0.003472,-0.034898,0.009079,0.000897,0.000901
0,-0.122111,0.107899,-0.158567,0.1891,-0.186004,0.157841,0.002131,0.001883
0,-0.087131,0.031722,0.064304,-0.070264,0.097147,-0.040299,0.001521,0.000554
0,0.038982,0.136647,0.127435,0.117512,0.090118,0.164573,0.00068,0.002385
0,-0.005539,0.135875,-0.032528,-0.00247,-0.057802,0.040973,9.7e-05,0.002371
0,0.116183,-0.020451,0.143246,-0.164763,0.097506,-0.199374,0.002028,0.000357
0,0.130204,-0.060116,0.031861,-0.030832,-0.015306,-0.065814,0.002272,0.001049
0,0.208064,0.091538,0.094203,0.134711,0.065804,0.147187,0.001986,0.001598
0,0.298244,0.061842,0.083807,-0.031702,0.08296,-0.000352,0.000412,0.001079
0,0.281693,-0.006078,-0.031661,-0.082455,-0.071564,-0.056936,0.000701,0.000106
0,0.036651,0.040627,-0.272118,0.02444,-0.257358,-0.002425,0.00064,0.000709
0,0.208842,0.137482,0.159968,0.123657,0.201081,0.116111,0.001973,0.0024
0,0.047871,0.043066,-0.161056,-0.088746,-0.147313,-0.061574,0.000836,0.000752
0,-0.018016,0.117258,-0.087586,0.0718,-0.053371,0.106022,0.000314,0.002047
0,0.001854,0.192503,0.021072,0.083967,-0.01273,0.124415,3.2e-05,0.002258
0,0.197978,-0.071207,0.181417,-0.271858,0.231078,-0.254699,0.002162,0.001243
0,0.101857,0.002042,-0.074237,0.085592,-0.095518,0.066849,0.001778,3.6e-05
0,0.014492,0.181996,-0.100497,0.164592,-0.102044,0.20489,0.000253,0.002441
0,0.104105,0.018995,0.086515,-0.152928,0.047061,-0.155711,0.001817,0.000332
0,0.248491,0.141735,0.129509,0.102368,0.10689,0.132663,0.001281,0.002474
0,0.052224,0.122259,-0.218255,-0.046361,-0.1906,0.000244,0.000911,0.002134
0,0.280389,0.01243,0.224411,-0.085995,0.221033,-0.049255,0.000724,0.000217
0,0.231425,0.046858,-0.05867,0.057775,-0.100176,0.09802,0.001578,0.000818
0,0.293306,0.174958,0.076042,0.122951,0.074805,0.165092,0.000498,0.002564
0,0.215242,-0.014469,-0.082352,-0.195961,-0.114956,-0.217401,0.001861,0.000253
0,0.055905,-0.003751,-0.15769,0.025888,-0.167387,0.059257,0.000976,6.5e-05
0,0.219108,0.005457,0.183572,0.027288,0.209895,0.015112,0.001793,9.5e-05
0,0.270452,0.071335,0.069005,0.056749,0.038043,0.027844,0.000897,0.001245
0,0.235037,0.090122,-0.057443,-0.00827,-0.009499,-0.046536,0.001515,0.001573
0,0.325292,-0.038953,0.081484,-0.149088,0.10206,-0.139434,6e-05,0.00068
0,0.041594,0.012574,-0.30642,0.026933,-0.349098,0.029496,0.000726,0.000219
0,0.149383,0.202379,0.101739,0.21312,0.105926,0.195071,0.002607,0.002085
0,0.24562,0.107712,0.075368,-0.094586,0.026772,-0.075352,0.001331,0.00188
0,0.02696,-0.053892,-0.21176,-0.136871,-0.202869,-0.180485,0.000471,0.000941
0,0.125088,0.108079,0.085788,0.138809,0.101559,0.152656,0.002183,0.001886
0,0.222087,0.217193,0.10401,0.106004,0.126729,0.13444,0.001741,0.001827
0,0.243001,0.137371,0.048247,-0.106915,0.094323,-0.108609,0.001376,0.002398
0,0.027243,0.013969,-0.242364,-0.141426,-0.247855,-0.124942,0.000475,0.000244
0,0.018278,0.210522,0.017549,0.217709,0.062602,0.248452,0.000319,0.001943
0,-0.04516,0.122656,-0.05268,-0.08297,-0.003534,-0.107113,0.000788,0.002141
0,0.068524,-0.018887,0.084334,-0.136567,0.127539,-0.151452,0.001196,0.00033
0,-0.130619,0.100427,-0.189443,0.144955,-0.165194,0.156107,0.00228,0.001753
0,-0.075412,0.191506,0.081545,0.069113,0.084825,0.049284,0.001316,0.002275
0,0.002196,0.028055,0.094825,-0.15044,0.125841,-0.118577,3.8e-05,0.00049
0,0.013934,0.112587,0.018801,0.090119,0.012292,0.062578,0.000243,0.001965
0,-0.160123,0.109435,-0.193737,-0.019475,-0.166661,-0.046327,0.002795,0.00191
0,0.102843,0.167418,0.279143,0.08525,0.276481,0.050994,0.001795,0.002696
0,0.175133,0.118901,0.07154,-0.057319,0.063742,-0.024901,0.002561,0.002075
0,-0.17021,0.220581,-0.323317,0.089905,-0.273989,0.078148,0.002647,0.001768
0,-0.076162,-0.014475,0.074239,-0.219214,0.086077,-0.262742,0.001329,0.000253
0,-0.156434,-0.0441,-0.07382,-0.021724,-0.077164,-0.044908,0.00273,0.00077
0,0.06919,0.070874,0.254067,0.127996,0.241935,0.156349,0.001208,0.001237
0,0.063932,-0.091823,-0.00749,-0.181956,0.000574,-0.158707,0.001116,0.001603
0,0.151725,0.141778,0.089846,0.250563,0.12391,0.250277,0.002648,0.002474
0,-0.026496,0.006511,-0.16245,-0.153908,-0.207101,-0.142991,0.000462,0.000114
0,0.23049,0.088184,0.26635,0.056084,0.304404,0.080643,0.001595,0.001539
0,0.19282,-0.063362,-0.030991,-0.144583,-0.048848,-0.172807,0.002252,0.001106
0,0.118282,0.16021,-0.079397,0.205941,-0.095961,0.170539,0.002064,0.002796
0,0.073398,-0.018287,-0.049259,-0.18741,-0.081142,-0.190673,0.001281,0.000319
0,0.158486,0.16989,0.106921,0.18017,0.100528,0.148996,0.002766,0.002652
0,5.2e-05,0.146176,-0.16233,-0.034517,-0.143577,-0.055011,1e-06,0.002551
0,0.182823,0.089617,0.19795,-0.080076,0.177662,-0.05824,0.002427,0.001564
0,0.182023,0.175196,-0.029722,0.075782,-0.036585,0.057865,0.002441,0.00256
0,-0.121047,0.071003,-0.330899,-0.107938,-0.338906,-0.067502,0.002113,0.001239
0,-0.040636,0.054599,0.107663,-0.043842,0.06257,-0.054832,0.000709,0.000953
0,0.038724,0.12042,0.05167,0.045892,0.052164,0.026681,0.000676,0.002102
0,-0.069144,-0.038378,-0.109111,-0.142705,-0.086128,-0.18966,0.001207,0.00067
0,-0.066189,-0.074078,-0.018708,-0.009155,-0.030991,0.015993,0.001155,0.001293
0,0.011229,-0.141791,0.098922,-0.068919,0.104376,-0.080627,0.000196,0.002475
0,0.101877,0.091484,0.078919,0.213772,0.081723,0.253375,0.001778,0.001597
0,-0.11533,-0.064027,-0.238323,-0.147432,-0.236158,-0.11994,0.002013,0.001117
0,-0.109395,0.063593,0.001866,0.139462,0.028233,0.163174,0.001909,0.00111
0,0.125646,-0.088056,0.242345,-0.153782,0.282124,-0.198151,0.002193,0.001537
0,0.228975,-0.051214,0.114484,0.037829,0.15744,0.012402,0.001621,0.000894
0,-0.056648,-0.039112,-0.30331,-0.002759,-0.334243,-0.032283,0.000989,0.000683
0,-0.071887,0.075874,-0.001327,0.125894,0.019688,0.168787,0.001255,0.001324
0,0.150474,0.055664,0.201747,-0.024396,0.209232,-0.032117,0.002626,0.000972
0,0.156617,-0.080876,-0.021034,-0.117476,-0.046556,-0.15769,0.002733,0.001412
0,-0.075365,-0.028194,-0.258608,0.06736,-0.246526,0.048311,0.001315,0.000492
0,0.080258,0.105017,0.140006,0.12968,0.126055,0.113415,0.001401,0.001833
0,-0.010674,-0.032829,-0.116127,-0.125937,-0.112206,-0.135369,0.000186,0.000573
0,-0.042323,0.112818,-0.020557,0.156031,0.025943,0.189642,0.000739,0.001969
0,0.105529,0.02448,0.134219,-0.095828,0.146179,-0.124115,0.001842,0.000427
0,-0.074603,0.138854,-0.159737,0.1302,-0.180019,0.083153,0.001302,0.002423
0,-0.144934,-0.037368,-0.095087,-0.193252,-0.144685,-0.234949,0.00253,0.000652
0,-0.080481,-0.068777,0.037726,-0.032984,0.082612,-0.017288,0.001405,0.0012
0,0.067254,-0.09912,0.173865,-0.0383,0.145512,0.009656,0.001174,0.00173
0,-0.082452,0.145106,-0.145353,0.249926,-0.153932,0.287323,0.001439,0.002533
0,-0.061467,-0.008175,0.037857,-0.127154,0.075405,-0.154317,0.001073,0.000143
0,-0.136551,-0.133795,-0.072766,-0.140793,-0.098079,-0.138366,0.002383,0.002335
0,-0.066348,-0.042559,0.062104,0.119322,0.098208,0.095245,0.001158,0.000743
0,-0.110182,-0.143285,-0.067794,-0.108529,-0.032322,-0.104382,0.001923,0.002501
0,-0.102901,0.01389,0.027718,0.173614,0.065351,0.12894,0.001796,0.000242
0,1.773525,0.275318,1.879851,0.23806,1.926114,0.234321,0.002751,0.000812
0,4.504934,0.330234,2.755157,0.059625,2.774769,0.085056,1.9e-05,0.000146
0,4.171572,0.373637,-0.344978,0.022836,-0.295957,-0.020331,0.00022,0.000904
0,3.697452,0.528499,-0.466088,0.175865,-0.481263,0.13079,0.00274,0.002011
0,3.184595,0.343734,-0.493738,-0.169339,-0.479931,-0.218971,0.000593,0.000382
0,2.351619,0.168802,-0.858314,-0.1493,-0.902533,-0.102946,0.001721,0.002671
0,1.90746,0.123941,-0.427038,-0.059613,-0.383691,-0.010237,0.000414,0.002106
0,1.412017,0.003814,-0.48403,-0.118482,-0.445459,-0.086418,0.002174,0.002106
0,1.035114,0.120021,-0.379753,0.112499,-0.376262,0.112647,0.001214,0.002106
0,0.800123,-0.099847,-0.255308,-0.215319,-0.24274,-0.263267,0.00273,0.002106
0,0.35917,0.027187,-0.433844,0.121239,-0.441059,0.144095,0.000651,0.002106
0,0.204005,-0.073386,-0.15501,-0.119688,-0.186631,-0.159578,0.002057,0.002106
0,-0.076156,-0.180265,-0.279047,-0.09454,-0.235469,-0.101318,0.001329,0.002471
0,-0.12877,0.052219,-0.080553,0.218083,-0.102029,0.265095,0.002247,0.000911
0,-0.234469,0.118792,-0.113511,0.074611,-0.066511,0.093379,0.001525,0.002073
0,-0.220745,0.096207,0.008757,-0.042161,-0.023306,-0.078795,0.001765,0.001679
0,-0.230391,-0.072686,0.015062,-0.191204,0.003025,-0.19855,0.001596,0.001269
0,-0.106853,-0.061085,0.118428,0.038502,0.113817,0.054828,0.001865,0.001066
0,-0.301956,-0.017706,-0.199225,0.071911,-0.19851,0.115177,0.000347,0.000309
0,-0.034095,-0.008981,0.254198,0.009252,0.205714,-0.038979,0.000595,0.000157
0,-0.175532,-0.044591,-0.121184,-0.008528,-0.158098,-0.003012,0.002554,0.000778
0,0.042023,0.165988,0.246184,0.198243,0.251281,0.182195,0.000733,0.00272
0,-0.085291,0.116417,-0.10562,-0.029319,-0.101819,-0.03259,0.001489,0.002106
0,0.089295,-0.127753,0.162939,-0.233095,0.117307,-0.279584,0.001558,0.00223
0,0.076449,0.090522,-0.004851,0.215599,0.039623,0.172913,0.001334,0.002106
0,-0.013826,0.044944,-0.082814,-0.037646,-0.034729,-0.047248,0.000241,0.002106
0,-0.098251,-0.112903,-0.079957,-0.171448,-0.075212,-0.179095,0.001715,0.002106
0,-0.097542,-0.115018,-0.025696,-0.028418,-0.065723,0.008833,0.001702,0.002106
0,0.111021,-0.063428,0.212563,0.044064,0.188108,-0.005403,0.001938,0.002106
0,0.038706,-0.058,-0.093033,-0.01948,-0.11268,0.015816,0.000676,0.002106
0,-0.123595,0.066128,-0.132797,0.138878,-0.10287,0.097382,0.002157,0.002106
0,0.030152,-0.075893,0.142445,-0.132643,0.164148,-0.121512,0.000526,0.002106
0,-0.00496,-0.142667,-0.008865,-0.090994,0.007168,-0.09042,8.7e-05,0.00249
0,0.118216,0.048621,0.112428,0.183448,0.128681,0.14588,0.002063,0.002106
0,0.090501,0.022289,-0.018435,-0.032805,-0.024622,-0.027794,0.00158,0.002106
0,0.217015,0.131487,0.13177,0.085153,0.129914,0.036628,0.00183,0.002106
0,0.157575,-0.111534,-0.064944,-0.258744,-0.042463,-0.30411,0.00275,0.002106
0,0.098849,0.105632,-0.032284,0.198566,-0.064526,0.229096,0.001725,0.002106
0,0.045963,0.036247,-0.044945,-0.047961,-0.069265,-0.088312,0.000802,0.002106
0,-0.142967,-0.033695,-0.179705,-0.053325,-0.180798,-0.012289,0.002495,0.002106
0,-0.060768,-0.004115,0.062681,0.001098,0.112131,-0.039187,0.001061,0.002106
0,-0.049892,-0.157089,0.008884,-0.160969,-0.011067,-0.169775,0.000871,0.002742
0,0.000977,-0.09961,0.053404,0.06272,0.022696,0.078894,1.7e-05,0.002106
0,-0.029491,-0.039922,-0.019326,0.065777,-0.005082,0.069579,0.000515,0.002106
0,-0.123052,-0.02955,-0.114019,-0.00895,-0.11514,-0.051136,0.002148,0.002106
0,-0.156479,0.061349,-0.02913,0.102986,-0.046687,0.152534,0.002731,0.002106
0,0.110144,0.09622,0.295165,0.045352,0.251808,0.04454,0.001922,0.002106
0,-0.002878,0.106745,-0.123258,0.003133,-0.168285,-0.025724,5e-05,0.002106
0,-0.090072,0.018046,-0.087888,-0.115333,-0.120244,-0.124883,0.001572,0.002106
0,0.048288,0.063915,0.143207,0.042822,0.114044,0.090935,0.000843,0.002106
0,-0.043069,-0.094926,-0.093679,-0.142481,-0.06809,-0.113852,0.000752,0.002106
0,0.17071,-0.061299,0.234003,0.015299,0.267596,-0.000498,0.002638,0.002106
0,0.018691,0.097313,-0.147242,0.142816,-0.143167,0.149459,0.000326,0.002106
0,0.074063,0.017273,0.081952,-0.052119,0.054889,-0.032725,0.001293,0.002106
0,-0.06516,0.008751,-0.11106,-0.027268,-0.110787,0.007607,0.001137,0.002106
0,-0.02502,-0.168283,0.02778,-0.168084,0.067021,-0.197678,0.000437,0.00268
0,0.116792,-0.049898,0.128729,0.126591,0.12349,0.146963,0.002038,0.000871
0,-0.028771,-0.198248,-0.12317,-0.139689,-0.113748,-0.173912,0.000502,0.002157
0,0.179641,-0.102929,0.229025,0.118402,0.25903,0.159956,0.002482,0.001796
0,0.254178,-0.101971,0.070756,0.002945,0.046865,0.02297,0.001181,0.00178
0,0.062509,0.047672,-0.214665,0.134308,-0.199478,0.127762,0.001091,0.000832
0,0.183027,-0.137867,0.106636,-0.170675,0.057657,-0.192931,0.002423,0.002406
0,0.189177,0.062076,0.026129,0.17406,0.074196,0.144883,0.002316,0.001083
0,-0.026562,0.057955,-0.227349,-0.019016,-0.269734,0.020157,0.000464,0.001011
0,0.066255,-0.228031,0.079385,-0.309396,0.124132,-0.341323,0.001156,0.001638
0,0.117963,-0.137692,0.04862,0.114892,0.087528,0.073816,0.002059,0.002403
0,0.013107,0.039164,-0.075689,0.178485,-0.067411,0.204731,0.000229,0.000684
0,-0.083685,-0.054937,-0.095346,-0.074674,-0.064428,-0.02677,0.001461,0.000959
0,0.085703,0.021946,0.170139,0.0857,0.214061,0.081258,0.001496,0.000383
0,0.110816,-0.115436,0.047213,-0.108013,0.082915,-0.145653,0.001934,0.002015
0,0.161581,-0.178648,0.052802,-0.080355,0.032701,-0.044494,0.002797,0.0025
0,-0.056665,-0.081828,-0.192302,0.117375,-0.221494,0.128539,0.000989,0.001428
0,0.003042,0.060943,0.072169,0.141724,0.046049,0.140527,5.3e-05,0.001064
0,0.147257,-0.045284,0.162874,-0.132403,0.171654,-0.13294,0.00257,0.00079
0,-0.074878,-0.067595,-0.226887,-0.038871,-0.1896,-0.026748,0.001307,0.00118
0,0.102495,-0.021125,0.152463,0.028466,0.114751,0.072369,0.001789,0.000369
0,0.023594,0.10257,-0.106483,0.117279,-0.14885,0.13789,0.000412,0.00179
0,-0.104087,0.056619,-0.138908,-0.017474,-0.144722,-0.034532,0.001817,0.000988
0,0.16441,0.013586,0.270389,-0.025015,0.233204,-0.055791,0.002748,0.000237
0,0.07897,0.162604,-0.076879,0.173147,-0.077586,0.204686,0.001378,0.00278
0,0.088206,-0.023532,0.021656,-0.168303,0.04085,-0.210125,0.001539,0.000411
0,0.155393,0.11335,0.079649,0.155915,0.056468,0.135031,0.002712,0.001978
0,0.20565,0.04863,0.075754,-0.083322,0.094621,-0.046828,0.002028,0.000849
0,0.020021,-0.07669,-0.172075,-0.132955,-0.17823,-0.092823,0.000349,0.001338
0,-0.069201,0.056789,-0.064154,0.127127,-0.090491,0.136008,0.001208,0.000991
0,-0.056247,-0.056666,0.010753,-0.086212,0.043622,-0.111319,0.000982,0.000989
0,-0.105448,0.049276,-0.077965,0.085705,-0.08662,0.062149,0.00184,0.00086
0,-0.127379,-0.057237,1.9e-05,-0.103104,0.011272,-0.138126,0.002223,0.000999
0,-0.140108,0.063603,-0.037171,0.094749,-0.062582,0.056638,0.002445,0.00111
0,0.051541,-0.055986,0.217989,-0.125482,0.254393,-0.160968,0.0009,0.000977
0,-0.099662,-0.091249,-0.179113,-0.031347,-0.13232,-0.076315,0.001739,0.001593
0,-0.124145,-0.013247,0.002859,0.096133,0.012481,0.112578,0.002167,0.000231
0,0.110823,0.013086,0.224345,0.018688,0.249659,-0.008809,0.001934,0.000228
0,-0.030974,0.016141,-0.1631,0.026906,-0.205944,0.055735,0.000541,0.000282
0,-0.019594,-0.025995,-0.010001,-0.032884,-0.017416,-0.061736,0.000342,0.000454
0,0.123058,-0.074916,0.145395,-0.040366,0.152913,-0.03213,0.002148,0.001308
0,0.172927,-0.131768,0.06577,-0.031597,0.072043,-0.003083,0.002599,0.0023
0,-0.023084,-0.131233,-0.214078,-0.011023,-0.197225,0.037267,0.000403,0.00229
0,0.021933,-0.050667,0.064974,0.104532,0.089574,0.097652,0.000383,0.000884
0,0.049709,0.074296,0.024665,0.139792,0.009714,0.123728,0.000868,0.001297
0,-0.102398,-0.082506,-0.1429,-0.185799,-0.121384,-0.227233,0.001787,0.00144
0,-0.15351,0.006581,-0.045555,0.103631,-0.006742,0.147569,0.002679,0.000115
0,-0.123271,0.075581,0.013163,0.072303,0.013955,0.049799,0.002151,0.001319
0,-0.028221,0.096936,0.06793,0.033913,0.040832,0.024941,0.000493,0.001692
0,0.011624,0.17779,0.019069,0.106896,0.018667,0.058072,0.000203,0.002514
0,-0.044335,0.072633,-0.061837,-0.118054,-0.016331,-0.156961,0.000774,0.001268
0,-0.07951,0.014706,-0.040737,-0.079136,-0.024085,-0.098546,0.001388,0.000257
0,-0.088385,0.066891,0.000932,0.070568,-0.042765,0.042445,0.001543,0.001167
0,-0.009872,0.147665,0.068508,0.10717,0.063899,0.139664,0.000172,0.002577
0,0.103032,-0.005967,0.125366,-0.135749,0.171405,-0.124045,0.001798,0.000104
0,-0.054567,0.130498,-0.16273,0.148435,-0.141008,0.17901,0.000952,0.002278
0,0.209004,0.190065,0.237889,0.072717,0.191345,0.025631,0.00197,0.0023
0,-0.038118,-0.06105,-0.252957,-0.253061,-0.207539,-0.298122,0.000665,0.001066
0,-0.051907,-0.040148,-0.007229,-0.002975,-0.024616,0.010918,0.000906,0.000701
0,-0.11228,-0.079646,-0.045303,-0.050038,-0.006658,-0.058556,0.00196,0.00139
0,-0.037846,-0.10603,0.088453,-0.026119,0.1133,-0.041325,0.000661,0.001851
0,0.117189,0.107928,0.175679,0.196417,0.129619,0.22272,0.002045,0.001884
0,-0.04217,0.055161,-0.172863,-0.082526,-0.138287,-0.071677,0.000736,0.000963
0,-0.059894,-0.177385,0.006652,-0.231316,-0.006704,-0.200908,0.001045,0.002522
0,0.226378,0.097889,0.280036,0.303081,0.243538,0.328546,0.001666,0.001708
0,0.075657,-0.0168,-0.148818,-0.109634,-0.184231,-0.115847,0.00132,0.000293
0,0.071518,-0.196652,0.016556,-0.194292,0.026573,-0.162808,0.001248,0.002185
0,0.036348,0.097496,-0.045221,0.312426,-0.070451,0.346609,0.000634,0.001702
0,0.197659,0.04466,0.175536,-0.052644,0.19454,-0.060344,0.002168,0.000779
0,0.250121,0.062839,0.047903,-0.002268,0.075139,0.016644,0.001252,0.001097
0,0.049648,0.089084,-0.228458,0.031692,-0.240207,0.034047,0.000867,0.001555
0,0.163715,-0.01215,0.090924,-0.076985,0.113103,-0.059886,0.00276,0.000212
0,0.094612,0.113535,-0.041163,0.097597,-0.057402,0.053292,0.001651,0.001982
0,0.171526,-0.181781,0.06239,-0.269326,0.055513,-0.31434,0.002624,0.002445
0,0.096968,-0.050645,-0.049947,0.118357,-0.022148,0.074126,0.001692,0.000884
0,0.140675,0.122715,0.061341,0.184275,0.066502,0.188883,0.002455,0.002142
0,0.098375,-0.058351,-0.071963,-0.183988,-0.056345,-0.199515,0.001717,0.001018
0,-0.026651,-0.159013,-0.149169,-0.081418,-0.167354,-0.114973,0.000465,0.002775
0,0.221805,-0.04423,0.251392,0.11502,0.227972,0.164009,0.001746,0.000772
0,0.160594,-0.088417,-0.043236,-0.042587,-0.058879,-0.018298,0.002803,0.001543
0,0.11076,-0.114316,-0.024114,-0.022404,-0.006432,-0.032039,0.001933,0.001995
0,-0.002618,0.127734,-0.094859,0.254638,-0.13959,0.245965,4.6e-05,0.002229
0,0.128017,0.028787,0.129003,-0.079287,0.105623,-0.124832,0.002234,0.000502
0,0.14239,0.046098,-0.01405,0.026277,-0.023327,0.01156,0.002485,0.000805
0,0.14777,0.045425,-0.002388,-0.020201,-0.023162,-0.053713,0.002579,0.000793
0,-0.10301,0.134677,-0.2793,0.082249,-0.299891,0.082726,0.001798,0.002351
0,-0.003575,0.062375,0.07667,-0.097002,0.104016,-0.135191,6.2e-05,0.001089
0,-0.014686,-0.09069,-0.002648,-0.152631,-0.036674,-0.125641,0.000256,0.001583
0,0.037679,-0.040612,0.048236,0.070262,0.038989,0.096225,0.000658,0.000709
0,-0.125788,0.009545,-0.152944,0.021709,-0.196499,-0.012086,0.002195,0.000167
0,-0.078473,0.137395,0.061761,0.100745,0.056928,0.117218,0.00137,0.002398
0,-0.091343,0.01268,0.010472,-0.097691,0.034803,-0.117871,0.001594,0.000221
0,-0.090137,-0.018708,0.020301,-0.00271,0.042506,-0.017372,0.001573,0.000327
0,-0.030836,0.056324,0.068255,0.091191,0.050146,0.098251,0.000538,0.000983
0,0.088574,0.12931,0.099542,0.04513,0.076571,0.038208,0.001546,0.002257
0,0.148157,-0.031368,0.035202,-0.130724,0.076875,-0.120507,0.002586,0.000547
0,0.076128,-0.060725,-0.046497,-0.020714,-0.003971,6.7e-05,0.001329,0.00106
0,-0.043744,-0.089187,-0.129883,-0.03412,-0.08353,0.012667,0.000763,0.001557
0,0.101826,0.080984,0.151404,0.196079,0.117898,0.213578,0.001777,0.001413
0,-0.008227,0.098944,-0.110099,-0.011183,-0.13869,-0.047217,0.000144,0.001727
0,-0.001479,0.145139,0.005945,0.045381,-0.035633,0.016145,2.6e-05,0.002533
0,-0.135191,-0.113399,-0.109468,-0.265356,-0.082253,-0.241564,0.00236,0.001979
0,-0.049074,0.097032,0.092903,0.20927,0.085189,0.255621,0.000857,0.001694
0,-0.027668,0.130412,-0.005441,0.014626,0.00721,0.055618,0.000483,0.002276
0,-0.102825,0.12035,-0.074124,-0.005907,-0.074476,0.002597,0.001795,0.002101
0,-0.048377,0.144028,0.0439,0.000232,0.03306,-0.023773,0.000844,0.002514
0,0.062632,-0.019151,0.116805,-0.185495,0.15448,-0.178782,0.001093,0.000334
0,-0.005453,-0.043763,-0.075089,-0.009226,-0.042352,0.008329,9.5e-05,0.000764
0,0.062506,0.11845,0.066912,0.173302,0.019376,0.169046,0.001091,0.002067
0,-0.152594,0.092703,-0.188997,-0.024771,-0.176923,-0.028583,0.002663,0.001618
0,-0.013536,0.061491,0.130632,-0.041579,0.163168,-0.051377,0.000236,0.001073
0,0.001513,0.120865,0.04322,0.065686,0.038281,0.101536,2.6e-05,0.002109
0,-0.197971,0.074463,-0.186955,-0.022774,-0.19127,-0.069864,0.002162,0.0013
0,0.062842,0.186966,0.271483,0.134369,0.252765,0.088869,0.001097,0.002354
0,-0.005142,0.034492,-0.082094,-0.16745,-0.126776,-0.196753,9e-05,0.000602
0,-0.136667,0.093732,-0.140545,0.034027,-0.168288,0.00393,0.002385,0.001636
0,-0.135006,-0.071218,-0.024935,-0.175947,-0.050569,-0.171462,0.002356,0.001243
0,0.096757,-0.07181,0.217191,0.02168,0.195396,-0.009558,0.001689,0.001253
0,-0.099156,0.010799,-0.192899,0.100455,-0.179379,0.133807,0.001731,0.000188
0,-0.022034,-0.100225,0.070897,-0.124166,0.09727,-0.087823,0.000385,0.001749
0,0.086382,-0.159683,0.129943,-0.06575,0.116229,-0.095094,0.001508,0.002787
0,0.015216,0.116556,-0.096423,0.257672,-0.055469,0.261693,0.000266,0.002034
0,0.16493,0.010129,0.158511,-0.119748,0.208139,-0.088626,0.002739,0.000177
0,-0.150451,0.119331,-0.305697,0.085746,-0.335299,0.083879,0.002626,0.002083
0,-0.185518,-0.050683,-0.021516,-0.144889,-0.068442,-0.128737,0.00238,0.000885
0,-0.160337,0.017172,0.005092,0.081337,0.013491,0.127658,0.002798,0.0003
0,-0.157748,0.085878,0.009598,0.057017,0.0345,0.076059,0.002753,0.001499
0,-0.040801,0.094788,0.097827,0.025925,0.055152,0.026244,0.000712,0.001654
0,0.09135,0.040427,0.157534,-0.044872,0.131452,-0.042099,0.001594,0.000706
0,-0.094737,-0.134476,-0.185976,-0.179244,-0.19593,-0.203572,0.001653,0.002347
0,-0.146289,0.128676,-0.079271,0.249623,-0.040205,0.274381,0.002553,0.002246
0,0.031333,0.050069,0.16497,-0.079067,0.213553,-0.114698,0.000547,0.000874
0,-0.126075,-0.07878,-0.182049,-0.109709,-0.166565,-0.131961,0.0022,0.001375
0,0.028284,0.071609,0.137187,0.142917,0.113656,0.16353,0.000494,0.00125
0,-0.065888,-0.057842,-0.089133,-0.118742,-0.055555,-0.071444,0.00115,0.00101
0,-0.051701,0.042023,0.010375,0.093777,0.015892,0.068954,0.000902,0.000733
0,-0.009513,0.056341,0.070148,0.031824,0.095734,-0.000229,0.000166,0.000983
0,-0.038724,-0.170194,0.000408,-0.237373,-0.033022,-0.268727,0.000676,0.002647
0,0.122956,-0.046715,0.180142,0.100782,0.138578,0.106351,0.002146,0.000815
0,-0.041548,-0.150651,-0.171439,-0.103628,-0.15623,-0.061188,0.000725,0.002629
0,0.068609,-0.014827,0.099082,0.16246,0.071446,0.143439,0.001197,0.000259
0,-0.093054,0.023993,-0.135791,0.063239,-0.165401,0.03141,0.001624,0.000419
0,0.162446,-0.121028,0.282323,-0.170583,0.277813,-0.149005,0.002782,0.002112
0,-0.035042,0.031787,-0.176768,0.129023,-0.164403,0.152006,0.000612,0.000555
0,0.197828,0.004974,0.251977,0.003132,0.249998,-0.046205,0.002165,8.7e-05
0,0.05095,0.083407,-0.128181,0.054346,-0.134931,0.073225,0.000889,0.001456
0,0.214195,0.027861,0.176728,-0.044531,0.14538,-0.018216,0.001879,0.000486
0,0.023271,-0.053819,-0.182499,-0.072942,-0.168692,-0.108702,0.000406,0.000939
0,0.06431,-0.090106,0.047131,-0.024698,0.037816,-0.064418,0.001122,0.001573
0,0.1496,0.061669,0.085765,0.15207,0.135244,0.130529,0.002611,0.001076
0,0.051372,-0.087733,-0.071334,-0.12878,-0.050132,-0.113587,0.000897,0.001531
0,-0.072543,-0.040251,-0.103968,0.042368,-0.066664,0.009744,0.001266,0.000703
0,-0.171238,-0.07676,-0.070964,-0.015069,-0.105927,-0.046904,0.002629,0.00134
0,-0.061894,0.063725,0.088537,0.157028,0.066876,0.108063,0.00108,0.001112
0,-0.207333,0.028456,-0.154601,-0.042442,-0.119615,-0.017111,0.001999,0.000497
0,-0.240773,-0.053673,-0.06175,-0.098109,-0.036528,-0.106531,0.001415,0.000937
0,-0.160563,0.02661,0.073149,0.058072,0.023476,0.04742,0.002802,0.000464
0,-0.04988,0.088715,0.112743,0.086556,0.144933,0.101176,0.000871,0.001548
0,0.046971,0.057924,0.067946,-0.015148,0.038799,-0.062188,0.00082,0.001011
0,-0.031851,0.158255,-0.067426,0.12005,-0.038147,0.122897,0.000556,0.002762
0,0.075974,0.016861,0.13107,-0.155599,0.119267,-0.159312,0.001326,0.000294
0,0.007118,0.007113,-0.0558,-0.035055,-0.039285,-0.049615,0.000124,0.000124
0,-0.147423,0.113246,-0.182705,0.115108,-0.155004,0.069568,0.002573,0.001977
0,-0.0211,0.063977,0.14583,-0.045794,0.185255,-0.027885,0.000368,0.001117
0,0.025078,-0.103405,0.029007,-0.179079,0.006266,-0.191852,0.000438,0.001805
0,-0.007798,-0.149455,-0.028012,-0.042322,0.003057,-0.05879,0.000136,0.002608
0,0.147018,0.029185,0.151797,0.194437,0.128968,0.235258,0.002566,0.000509
0,-0.134891,-0.060813,-0.272823,-0.100352,-0.315053,-0.088305,0.002354,0.001061
0,-0.029954,-0.116607,0.13239,-0.034777,0.158649,-0.033369,0.000523,0.002035
0,0.118088,0.006451,0.128561,0.103763,0.116482,0.070902,0.002061,0.000113
0,0.123854,0.105518,-0.018873,0.122078,-0.009661,0.147158,0.002162,0.001842
0,-0.017153,0.064422,-0.170188,-0.022369,-0.149617,0.008146,0.000299,0.001124
0,0.190814,0.101263,0.199594,0.026304,0.236792,0.066737,0.002287,0.001767
0,0.194533,-0.0412,0.013234,-0.148385,0.00818,-0.152693,0.002222,0.000719
0,-0.003627,-0.062377,-0.202215,-0.011497,-0.166201,0.015221,6.3e-05,0.001089
0,0.132814,-0.138153,0.140888,-0.091417,0.13997,-0.093544,0.002318,0.002411
0,-0.037905,-0.100714,-0.183419,0.066161,-0.144283,0.066044,0.000662,0.001758
0,0.116359,-0.049485,0.138031,0.037439,0.124168,0.025722,0.002031,0.000864
0,-0.188341,-0.064357,-0.33452,-0.040986,-0.379748,-0.057986,0.00233,0.001123
0,0.08809,-0.119755,0.286615,-0.057533,0.280783,-0.050912,0.001537,0.00209
0,0.0268,-0.102144,-0.079307,-0.000622,-0.092451,-0.013392,0.000468,0.001783
0,0.151501,-0.115585,0.104636,0.011769,0.063731,-0.020297,0.002644,0.002017
0,0.192322,-0.160111,0.047612,-0.072182,0.091963,-0.082432,0.002261,0.002794
0,0.199337,-0.167534,-0.0164,0.005573,0.010338,-0.019052,0.002138,0.002693
0,0.038144,-0.099256,-0.135755,0.068681,-0.177676,0.115187,0.000666,0.001732
0,0.029687,-0.167737,-0.016057,-0.064687,-0.006818,-0.079914,0.000518,0.00269
0,0.076287,-0.192232,0.030189,-0.03856,0.033107,-0.009522,0.001331,0.002262
0,0.070427,0.018805,-0.029424,0.21054,-0.076253,0.220287,0.001229,0.000328
0,-0.04862,-0.107377,-0.110994,-0.12826,-0.103876,-0.152307,0.000849,0.001874
0,0.02198,0.050347,0.089127,0.178387,0.113717,0.17648,0.000384,0.000879
0,-0.101585,0.039448,-0.101032,-0.036507,-0.055909,-0.085846,0.001773,0.000688
0,0.120922,-0.129272,0.216159,-0.171215,0.26028,-0.189847,0.00211,0.002256
0,-0.014639,0.077166,-0.153847,0.182085,-0.143901,0.227647,0.000255,0.001347
0,0.055666,0.011462,0.069433,-0.054881,0.112631,-0.072841,0.000972,0.0002
0,0.208311,-0.104902,0.128275,-0.14338,0.163805,-0.099699,0.001982,0.001831
0,0.229655,-0.075073,0.009547,0.019887,-0.015491,0.056837,0.001609,0.00131
0,-0.034887,-0.103246,-0.26894,-0.038732,-0.259956,-0.015542,0.000609,0.001802
0,0.073378,0.112878,0.121402,0.196516,0.087815,0.19649,0.001281,0.00197
0,0.155561,-0.079176,0.083037,-0.203673,0.051382,-0.190851,0.002715,0.001382
0,-0.027744,-0.080127,-0.167727,-0.007588,-0.163299,0.003905,0.000484,0.001398
0,0.026559,-0.117147,0.062866,-0.054157,0.094316,-0.058409,0.000464,0.002045
0,0.162705,-0.185535,0.109147,-0.09706,0.082543,-0.127538,0.002778,0.002379
0,-0.046492,-0.156921,-0.185095,0.055344,-0.148971,0.076049,0.000811,0.002739
0,0.190504,0.061396,0.218039,0.212039,0.180469,0.256698,0.002293,0.001072
0,0.244912,0.124472,0.064941,0.063697,0.091736,0.065415,0.001343,0.002172
0,0.127314,-0.157539,-0.092126,-0.268723,-0.049549,-0.245177,0.002222,0.00275
0,-0.044117,-0.013144,-0.170913,0.170274,-0.165909,0.170509,0.00077,0.000229
0,0.087173,0.006017,0.158969,0.039939,0.114836,0.048636,0.001521,0.000105
0,0.161086,-0.146989,0.091957,-0.155838,0.118157,-0.132136,0.002806,0.002565
0,0.117423,-0.101344,-0.05255,0.072651,-0.047623,0.119169,0.002049,0.001769
0,0.014619,-0.078927,-0.116863,-0.006067,-0.115255,0.040643,0.000255,0.001378
0,0.190405,0.018734,0.161864,0.085856,0.143258,0.066788,0.002294,0.000327
0,-0.030311,0.084768,-0.235464,0.07692,-0.240101,0.094393,0.000529,0.001479
0,0.061485,-0.007759,0.07634,-0.067469,0.04569,-0.030388,0.001073,0.000135
0,0.177619,-0.039959,0.137546,-0.015359,0.110896,0.023154,0.002517,0.000697
0,0.188769,-0.074796,0.003288,-0.049563,0.004486,-0.094489,0.002323,0.001305
0,0.064966,0.116784,-0.107837,0.187004,-0.081869,0.229682,0.001134,0.002038
0,0.202654,0.005328,0.121455,-0.108105,0.127688,-0.090639,0.002081,9.3e-05
0,0.152775,0.153342,-0.030832,0.156744,-0.009956,0.194169,0.002666,0.002676
0,0.067378,-0.045307,-0.108024,-0.178228,-0.107205,-0.213593,0.001176,0.000791
0,0.132083,-0.144784,0.092992,-0.12821,0.077919,-0.094774,0.002305,0.002527
0,0.059371,-0.093576,-0.073481,0.035313,-0.100073,-0.01217,0.001036,0.001633
0,-0.064876,0.057141,-0.140292,0.172795,-0.170806,0.14055,0.001132,0.000997
0,0.096644,-0.135194,0.174492,-0.189318,0.222226,-0.216302,0.001687,0.00236
0,0.206335,-0.197998,0.099535,-0.041904,0.133895,-0.001078,0.002016,0.002162
0,0.197457,-0.095267,-0.030779,0.085725,-0.080256,0.039757,0.002171,0.001663
0,0.071202,0.105999,-0.117529,0.195654,-0.095599,0.217314,0.001243,0.00185
0,0.201428,-0.036617,0.147217,-0.117503,0.140803,-0.164149,0.002102,0.000639
0,0.180993,0.049828,-0.03979,0.10187,-0.036533,0.112433,0.002459,0.00087
0,0.181533,-0.027075,-0.014973,-0.055223,0.022252,-0.063605,0.002449,0.000473
0,-0.093986,0.072927,-0.268987,0.107798,-0.266456,0.133771,0.00164,0.001273
0,0.116709,0.06151,0.219005,-0.010305,0.243406,-0.03585,0.002037,0.001074
0,0.084433,-0.126344,-0.058754,-0.198916,-0.04759,-0.187172,0.001474,0.002205
0,0.004773,-0.025393,-0.096483,0.075486,-0.135537,0.043875,8.3e-05,0.000443
0,0.045544,-0.13428,0.02719,-0.138326,0.024267,-0.148412,0.000795,0.002344
0,0.018573,-0.188386,-0.021288,-0.072406,-0.020188,-0.03377,0.000324,0.00233
0,-0.021424,-0.080569,-0.063257,0.08434,-0.034596,0.105869,0.000374,0.001406
0,0.153476,-0.130618,0.185254,-0.043422,0.160342,-0.057931,0.002679,0.00228
0,-0.010837,-0.05798,-0.165828,0.051225,-0.203479,0.055289,0.000189,0.001012
0,-0.008194,0.129312,0.026785,0.211541,0.071552,0.165776,0.000143,0.002257
0,0.164425,-0.054273,0.166135,-0.209781,0.19367,-0.183424,0.002748,0.000947
0,0.166561,-0.115516,0.01947,-0.056923,-0.003213,-0.031773,0.00271,0.002016
0,-0.081862,0.092084,-0.258254,0.191361,-0.264691,0.234337,0.001429,0.001607
0,-0.024806,-0.081577,0.036125,-0.183868,-0.012214,-0.143331,0.000433,0.001424
0,0.030389,-0.024488,0.05521,0.076022,0.08877,0.046557,0.00053,0.000427
0,-0.107079,-0.041845,-0.16096,-0.023431,-0.136431,-0.011308,0.001869,0.00073
0,-0.080258,-0.067453,0.022904,-0.012509,0.04479,-0.049469,0.001401,0.001177
0,-0.142538,-0.01131,-0.07631,0.027079,-0.069585,0.047118,0.002488,0.000197
0,0.072609,-0.004181,0.186071,0.029051,0.184524,0.054565,0.001267,7.3e-05
0,-0.00889,-0.055904,-0.059864,-0.050025,-0.036941,-0.036143,0.000155,0.000976
0,0.119239,-0.142973,0.154681,-0.059973,0.154651,-0.046361,0.002081,0.002495
0,-0.08979,-0.018586,-0.217748,0.0998,-0.243849,0.139697,0.001567,0.000324
0,-0.1251,0.001098,-0.048133,0.04398,-0.023473,-0.0009,0.002183,1.9e-05
0,-0.030454,0.022703,0.115156,0.045969,0.138025,0.047944,0.000532,0.000396
0,-0.12176,-0.0591,-0.103314,-0.072741,-0.129526,-0.106305,0.002125,0.001031
0,0.002799,-0.149306,0.101256,-0.117104,0.117485,-0.134601,4.9e-05,0.002606
0,-0.063478,-0.157945,-0.08879,-0.018933,-0.103167,-0.044292,0.001108,0.002757
0,0.019658,-0.105435,0.088599,0.036013,0.11332,0.05594,0.000343,0.00184
0,-0.192991,-0.039756,-0.209394,0.066442,-0.197212,0.025679,0.002249,0.000694
0,-0.233881,-0.072695,-0.034201,-0.025083,-0.035894,0.01266,0.001536,0.001269
0,-0.088814,-0.160341,0.141039,-0.088245,0.123865,-0.131209,0.00155,0.002798
0,0.033892,0.083341,0.106509,0.219822,0.141295,0.17677,0.000592,0.001455
0,-0.159639,0.03116,-0.206606,-0.025104,-0.231911,0.003512,0.002786,0.000544
0,-0.165448,-0.123271,0.00149,-0.181939,0.018849,-0.142362,0.00273,0.002151
0,-0.026866,-0.052029,0.140298,0.044537,0.145397,0.050248,0.000469,0.000908
0,-0.323339,0.111332,-0.268163,0.168292,-0.274779,0.120115,2.6e-05,0.001943
0,-0.163138,-0.029097,0.179912,-0.138768,0.192163,-0.130369,0.00277,0.000508
0,-0.235134,0.010774,-0.063553,0.050311,-0.038795,0.088711,0.001514,0.000188
0,-0.197344,0.102262,0.014858,0.06718,0.016019,0.061976,0.002173,0.001785
0,-0.338292,0.053759,-0.144465,-0.032305,-0.1627,-0.034488,0.000287,0.000938
0,-0.387865,0.037355,-0.048909,-0.034986,-0.029358,-0.028039,0.001152,0.000652
0,-1.480147,0.486959,-1.118108,0.433898,-1.090136,0.469397,0.002254,0.002736
0,-1.663017,0.661347,-0.197696,0.147386,-0.229096,0.129091,0.000938,0.000308
0,-2.193195,0.364343,-0.539816,-0.284946,-0.573922,-0.273904,0.001044,0.000741
0,-2.232073,0.501831,-0.024919,0.138375,-0.057048,0.153861,0.000366,0.002476
0,-1.825959,0.375931,0.395039,-0.121523,0.371002,-0.146517,0.001836,0.000944
0,-1.575164,0.21455,0.262758,-0.148813,0.227217,-0.142861,0.000596,0.001873
0,-1.141593,0.124481,0.438542,-0.114462,0.417392,-0.155507,0.002545,0.002173
0,-0.811014,2.7e-05,0.31041,-0.135714,0.343236,-0.181483,0.002698,0.0
0,-0.432664,0.099681,0.402913,0.086817,0.437385,0.067256,0.001934,0.00174
0,-0.070561,0.082805,0.34466,-0.037387,0.36467,-0.023446,0.001232,0.001445
0,0.094938,0.115507,0.183206,0.028475,0.196572,0.014487,0.001657,0.002016
0,0.21583,0.159865,0.127695,0.022237,0.141099,-0.026907,0.001851,0.00279
0,0.23765,0.068355,0.043264,-0.073986,0.002324,-0.040668,0.00147,0.001193
0,0.290896,-0.041325,0.072637,-0.108727,0.069683,-0.094708,0.00054,0.000721
0,0.219628,0.030039,-0.041469,0.045434,-0.035546,0.058171,0.001784,0.000524
0,0.092536,-0.044286,-0.142828,-0.05297,-0.133268,-0.010506,0.001615,0.000773
0,0.145417,-0.082742,0.048813,-0.030458,0.010601,-0.036784,0.002538,0.001444
0,-0.09167,0.108105,-0.224403,0.169438,-0.240224,0.212182,0.0016,0.001887
0,0.021309,-0.071127,0.13881,-0.196714,0.118301,-0.151984,0.000372,0.001241
0,0.071077,0.109843,0.03089,0.192481,0.064663,0.176165,0.001241,0.001917
0,0.073722,0.122856,-0.013083,0.019459,-0.05598,0.045343,0.001287,0.002144
0,-0.126512,0.18862,-0.199108,0.084305,-0.17545,0.117936,0.002208,0.002325
0,0.047504,-0.048596,0.162314,-0.263363,0.164384,-0.280886,0.000829,0.002106
0,-0.074333,0.087915,-0.126926,0.132069,-0.085792,0.147743,0.001297,0.002106
0,0.030347,-0.052437,0.110593,-0.133841,0.115032,-0.15936,0.00053,0.002106
0,0.127066,0.112673,0.082207,0.186874,0.052864,0.236728,0.002218,0.002106
0,0.053951,-0.061458,-0.046794,-0.196088,-0.07013,-0.230611,0.000942,0.002106
0,0.02691,-0.140799,-0.040457,-0.106191,-0.038246,-0.085271,0.00047,0.002457
0,-0.112614,0.095426,-0.117848,0.237362,-0.114628,0.20534,0.001965,0.002106
0,-0.111837,-0.129242,-0.00569,-0.210278,-0.030696,-0.184338,0.001952,0.002256
0,0.054454,0.121614,0.138485,0.267169,0.151885,0.315085,0.00095,0.002106
0,0.032226,0.068993,-0.025573,-0.036901,-0.002863,-0.048045,0.000562,0.002106
0,-0.558627,-0.076252,-0.594543,-0.170025,-0.555251,-0.178818,0.001485,0.002106
0,-1.306576,-0.12604,-0.748243,-0.062644,-0.771875,-0.067834,0.000334,0.0022
0,-1.767624,0.03534,-0.47693,0.174946,-0.521991,0.171857,0.002763,0.002106
0,-1.944433,0.045478,-0.174676,0.019881,-0.180297,0.021794,0.000232,0.002106
0,-1.686308,-0.083768,0.247121,-0.150384,0.283206,-0.109174,0.001344,0.002106
0,-1.449005,0.0612,0.219261,0.165113,0.226407,0.193801,0.002798,0.002106
0,-1.532344,-0.004301,-0.057856,-0.072674,-0.047844,-0.104969,0.001343,0.002106
0,-1.107341,-0.169397,0.430447,-0.16403,0.407362,-0.118896,0.002474,0.002661
0,-0.519585,-0.031465,0.594607,0.163084,0.589688,0.179788,0.002167,0.000549
0,-0.207142,0.067947,0.330761,0.098839,0.293737,0.103832,0.002002,0.001186
0,-0.119166,0.058548,0.117822,0.000166,0.118963,0.037917,0.00208,0.001022
0,-0.170731,0.095486,-0.022047,0.029142,-0.055598,0.073786,0.002638,0.001667
0,0.158574,0.022359,0.333197,-0.057962,0.321757,-0.0658,0.002768,0.00039
0,0.135227,0.025321,-0.010006,0.025127,0.022474,0.065202,0.00236,0.000442
0,0.067597,-0.038113,-0.049481,-0.037955,-0.043521,-0.064784,0.00118,0.000665
0,0.238815,0.092079,0.196942,0.113897,0.216909,0.12744,0.001449,0.001607
0,0.276518,0.179962,0.061329,0.082598,0.05059,0.131408,0.000791,0.002477
0,-0.001113,0.088412,-0.27315,-0.087041,-0.299086,-0.108872,1.9e-05,0.002106
0,0.163692,0.129095,0.163896,0.016606,0.15676,0.027,0.002761,0.002106
0,-0.136622,0.016022,-0.271111,-0.098577,-0.266838,-0.12177,0.002385,0.002106
0,-0.149772,-0.117337,0.001244,-0.133604,-0.018741,-0.090483,0.002614,0.002106
0,0.082172,0.075754,0.252565,0.180733,0.271419,0.149173,0.001434,0.002106
0,-0.041477,0.010269,-0.131139,-0.037321,-0.120973,-0.040094,0.000724,0.002106
0,0.101988,-0.049868,0.141948,-0.041654,0.135282,-0.051611,0.00178,0.002106
0,0.092181,0.057071,-0.016289,0.111902,-0.007952,0.12013,0.001609,0.002106
0,2.583696,-0.03337,2.515703,-0.079943,2.561289,-0.050484,0.000154,0.002106
0,3.519546,-0.096039,0.922755,-0.079438,0.874361,-0.106966,0.000365,0.002106
0,3.439637,-0.130318,-0.05941,-0.031684,-0.078725,-0.051665,0.00176,0.002274
0,3.61717,0.075007,0.152317,0.179534,0.122118,0.161226,0.001339,0.002106
0,3.389039,0.081515,-0.236047,-0.012269,-0.251879,-0.040329,0.002643,0.002106
0,2.770066,0.000506,-0.631388,-0.107346,-0.631428,-0.111981,0.002211,0.002106
0,2.173599,-0.083795,-0.569524,-0.109999,-0.59596,-0.124228,0.001386,0.002106
0,1.583278,-0.108528,-0.566614,-0.029693,-0.59077,-0.056079,0.000454,0.002106
0,1.241008,-0.112787,-0.330375,-0.005253,-0.289996,-0.019452,0.00081,0.002106
0,1.001364,0.114563,-0.240999,0.218077,-0.246277,0.20755,0.000625,0.002106
0,0.711493,-0.152488,-0.274606,-0.263244,-0.298564,-0.286612,0.001183,0.002661
0,0.407458,0.02934,-0.311939,0.15706,-0.269488,0.169537,0.001494,0.002106
0,0.105094,-0.003802,-0.311131,-0.029512,-0.317534,-0.038696,0.001834,0.002106
0,0.029881,-0.099302,-0.056638,-0.074434,-0.0794,-0.075406,0.000522,0.002106
0,-0.033096,-0.16393,-0.042038,-0.091173,0.00128,-0.07149,0.000578,0.002756
0,-0.10804,0.005259,-0.056212,0.18574,-0.054657,0.22632,0.001886,9.2e-05
0,-0.249642,-0.016792,-0.170243,-0.03961,-0.120706,-0.052195,0.00126,0.000293
0,-0.06562,0.03037,0.169693,0.031524,0.198998,0.063548,0.001145,0.00053
0,-0.236739,-0.002272,-0.194099,-0.044292,-0.150064,-0.070906,0.001486,4e-05
0,-0.12511,0.100401,0.136937,0.101433,0.127971,0.065943,0.002184,0.001752
0,0.067818,0.066646,0.182254,-0.00467,0.135671,0.001946,0.001184,0.001163
0,-0.046861,-0.063585,-0.140206,-0.119835,-0.121892,-0.149367,0.000818,0.00111
0,0.004493,0.039118,0.03103,0.119769,0.074342,0.108169,7.8e-05,0.000683
0,-0.013682,-0.0185,-0.034888,-0.074001,-0.005027,-0.069077,0.000239,0.000323
0,-0.112482,0.183962,-0.112263,0.228291,-0.086403,0.270629,0.001963,0.002407
0,-0.003422,-0.095059,0.116877,-0.283149,0.076655,-0.251457,6e-05,0.002106
0,0.023377,-0.029474,0.011071,0.067626,-0.031606,0.041431,0.000408,0.002106
0,-0.046741,0.006471,-0.081994,0.064866,-0.086762,0.03198,0.000816,0.002106
0,0.091678,0.079071,0.113781,0.054793,0.10822,0.06213,0.0016,0.002106
0,0.094789,-0.055078,0.015005,-0.134456,-0.027461,-0.11627,0.001654,0.002106
0,0.18455,-0.063659,0.108621,-0.037791,0.144456,-0.083407,0.002396,0.002106
0,-0.027921,0.143102,-0.222384,0.18601,-0.214938,0.209198,0.000487,0.002106
0,-0.080811,0.182913,-0.03525,0.017677,-0.016363,0.046219,0.00141,0.002106
0,0.113158,0.088818,0.192227,-0.11869,0.206477,-0.100197,0.001975,0.002106
0,0.030327,0.107119,-0.107094,0.019088,-0.110005,-0.005795,0.000529,0.002106
0,0.079153,0.062339,0.059063,-0.059936,0.087798,-0.019878,0.001381,0.002106
0,-0.09125,0.152322,-0.194466,0.110498,-0.193791,0.065605,0.001593,0.002106
0,-0.065004,0.119617,0.053053,-0.05271,0.041268,-0.071579,0.001135,0.002106
0,-0.005291,-0.08367,0.056881,-0.182625,0.084567,-0.189401,9.2e-05,0.002106
0,-0.069184,0.093374,-0.04796,0.168199,-0.094486,0.17268,0.001207,0.002106
0,0.014091,-0.088071,0.063788,-0.198438,0.022146,-0.157355,0.000246,0.002106
0,0.082088,0.090054,0.08528,0.180636,0.086323,0.134418,0.001433,0.002106
0,0.287404,0.012972,0.21284,-0.106152,0.239078,-0.070664,0.000601,0.002106
0,0.108588,0.168624,-0.192988,0.151302,-0.199808,0.13278,0.001895,0.002106
0,0.276309,-0.071408,0.146975,-0.252999,0.141609,-0.234264,0.000795,0.002106
0,0.387645,0.086246,0.094375,0.127752,0.092115,0.099401,0.001148,0.002106
0,0.230326,0.027785,-0.146635,-0.066611,-0.166829,-0.023448,0.001598,0.002106
0,0.271869,-0.072478,0.020637,-0.070496,0.046892,-0.096914,0.000872,0.002106
0,0.295357,0.086554,0.014184,0.173394,-0.008917,0.186565,0.000463,0.002106
0,0.341497,-0.025469,0.029779,-0.103245,0.079238,-0.08241,0.000343,0.002106
0,0.395852,0.001222,0.080133,0.045984,0.124874,0.034104,0.001291,0.002106
0,0.259073,0.122106,-0.117252,0.091747,-0.099606,0.072483,0.001096,0.002106
0,0.335482,0.072081,0.065098,-0.043998,0.021047,-0.080198,0.000238,0.002106
0,0.109739,-0.125786,-0.237561,-0.199444,-0.250838,-0.188753,0.001915,0.002195
0,0.147595,0.154488,0.056318,0.302,0.039954,0.348264,0.002576,0.002106
0,0.233425,-0.087345,0.071606,-0.23223,0.047868,-0.224847,0.001543,0.002106
0,1.319919,-1.105483,1.08895,-1.020577,1.102026,-1.041366,0.000567,0.002442
0,1.394242,-1.213827,0.070045,-0.125305,0.027994,-0.081718,0.001864,0.001285
0,1.303893,-1.298959,-0.104033,-0.10194,-0.06637,-0.086455,0.000287,0.000201
0,1.245767,-1.242893,-0.082123,0.027393,-0.058933,0.027959,0.000727,0.000777
0,0.949242,-1.019871,-0.26819,0.239833,-0.2256,0.264305,0.000285,0.000948
0,0.816938,-0.869688,-0.152422,0.130917,-0.195386,0.12191,0.002594,0.001674
0,0.501219,-0.699809,-0.342657,0.191188,-0.336089,0.230166,0.002487,0.000979
0,0.36363,-0.426789,-0.139227,0.246434,-0.112568,0.200888,0.000729,0.001831
0,0.22903,-0.186221,-0.113752,0.216884,-0.144228,0.21031,0.00162,0.002367
0,0.051903,-0.068303,-0.18861,0.088591,-0.238115,0.120993,0.000906,0.001192
0,0.064162,-0.05853,0.031484,-0.007168,0.007776,0.027334,0.00112,0.001022
0,0.112911,0.208026,0.027401,0.294716,0.056869,0.278859,0.001971,0.001987
0,0.039573,0.213824,-0.067017,0.020905,-0.076039,0.057217,0.000691,0.001886
0,-0.017362,-0.051962,-0.080397,-0.239364,-0.068504,-0.196893,0.000303,0.000907
0,-0.058479,0.084687,-0.053687,0.122153,-0.050485,0.101106,0.001021,0.001478
0,-0.171828,-0.049432,-0.124524,-0.134363,-0.171002,-0.178801,0.002619,0.000863
0,0.021151,-0.044668,0.21985,0.029002,0.19269,0.073345,0.000369,0.00078
0,0.019368,-0.079284,0.015637,-0.040166,0.056752,-0.065772,0.000338,0.001384
0,-0.123132,-0.064873,-0.131482,0.028079,-0.131321,0.012596,0.002149,0.001132
0,0.066437,0.085118,0.191649,0.145096,0.222183,0.166367,0.00116,0.001486
0,0.022834,-0.117509,-0.03221,-0.211249,0.012429,-0.22338,0.000399,0.002051
0,0.013806,0.066164,0.019311,0.181396,0.004431,0.183921,0.000241,0.001155
0,-0.200989,0.046178,-0.209883,-0.019001,-0.161018,-0.012809,0.00211,0.000806
0,-0.081147,-0.069929,0.143697,-0.141822,0.133884,-0.105137,0.001416,0.00122
0,0.049816,-0.128814,0.153667,-0.064461,0.123958,-0.093477,0.000869,0.002248
0,-0.110076,-0.125313,-0.137736,-0.025355,-0.147582,-0.009737,0.001921,0.002187
0,-0.046536,-0.186094,0.035547,-0.061484,0.05955,-0.106364,0.000812,0.00237
0,0.131734,0.074837,0.194442,0.280449,0.160032,0.242851,0.002299,0.001306
0,0.143028,0.003164,0.030047,-0.046634,0.061673,-0.089539,0.002496,5.5e-05
0,0.048455,0.164585,-0.12165,0.153435,-0.11653,0.119641,0.000846,0.002745
0,0.030394,0.095902,0.007993,-0.063601,0.05681,-0.083606,0.00053,0.001674
0,0.00386,0.112431,-0.015667,0.03921,0.012124,0.059663,6.7e-05,0.001962
0,0.043156,-0.15962,0.041881,-0.296865,0.018007,-0.332274,0.000753,0.002786
0,-0.069295,-0.146979,-0.127283,0.01283,-0.174329,-0.0021,0.001209,0.002565
0,-0.091064,-0.010281,-0.006627,0.136568,0.03939,0.087655,0.001589,0.000179
0,-0.117354,0.042724,0.002409,0.071886,0.040346,0.0782,0.002048,0.000746
0,-0.010021,-0.128649,0.109192,-0.168222,0.106759,-0.118869,0.000175,0.002245
0,0.137143,-0.132458,0.159508,0.024265,0.169114,0.022561,0.002394,0.002312
0,-0.058971,0.047484,-0.215685,0.196966,-0.245888,0.191159,0.001029,0.000829
0,-0.029439,-0.064549,0.033785,-0.136437,0.030535,-0.130437,0.000514,0.001127
0,-0.198027,-0.103659,-0.17071,-0.050494,-0.21922,-0.033367,0.002161,0.001809
0,-0.20526,-0.044903,0.022318,0.037625,0.044194,0.050604,0.002035,0.000784
0,-0.030187,-0.141377,0.198807,-0.07781,0.159144,-0.068354,0.000527,0.002467
0,-0.02566,-0.057374,0.023077,0.086504,0.02136,0.045061,0.000448,0.001001
0,-0.041488,-0.044924,-0.032458,0.000118,-0.034315,-0.020598,0.000724,0.000784
0,0.110508,-0.04281,0.153393,-0.024242,0.18501,-0.029425,0.001929,0.000747
0,0.095039,-0.095608,0.013245,-0.051809,-0.005097,-0.029242,0.001659,0.001669
0,0.034013,-0.117687,-0.038233,-0.001672,-0.042961,0.009738,0.000594,0.002054
0,-0.000205,-0.080925,-0.021196,0.036355,-0.016997,0.012415,4e-06,0.001412
0,-0.183562,-0.099508,-0.155688,-0.044713,-0.197734,-0.055666,0.002414,0.001737
0,0.026012,-0.223084,0.211496,-0.137159,0.202674,-0.171113,0.000454,0.001724
0,-0.096783,-0.201177,-0.114247,0.016542,-0.09607,-0.015177,0.001689,0.002106
0,-0.014929,0.052567,0.065807,0.226097,0.047949,0.258553,0.000261,0.000917
0,-0.104471,-0.01195,-0.092051,-0.082517,-0.055417,-0.092626,0.001823,0.000209
0,-0.07474,-0.114551,0.043266,-0.096145,0.086079,-0.115339,0.001304,0.001999
0,-0.253843,0.024661,-0.173284,0.155848,-0.134731,0.138269,0.001187,0.00043
0,-0.116225,0.006994,0.148827,-0.03882,0.131939,-0.078208,0.002029,0.000122
0,-0.188374,-0.268356,-0.043228,-0.26547,-0.059859,-0.297647,0.00233,0.000934
0,0.058404,0.008329,0.241984,0.28363,0.20496,0.241477,0.001019,0.000145
0,-0.059624,-0.035229,-0.12234,-0.050762,-0.150694,-0.026972,0.001041,0.000615
0,-2.869482,0.27941,-2.814954,0.291914,-2.771222,0.280866,0.000476,0.000741
0,-4.240868,0.266548,-1.34648,-0.005217,-1.298575,0.011126,0.00099,0.000965
0,-3.885406,0.546417,0.383718,0.283237,0.402887,0.246355,0.000403,0.001698
0,-3.153178,0.483355,0.723351,-0.055989,0.772916,-0.036567,0.001142,0.002799
0,-2.843275,0.218319,0.322482,-0.260813,0.274928,-0.22779,0.000933,0.001807
0,-2.312616,0.162025,0.548699,-0.074519,0.499947,-0.09315,0.00104,0.00279
0,-1.760651,0.302293,0.558063,0.130576,0.520521,0.141758,0.002642,0.000341
0,-1.559439,0.002924,0.223453,-0.308465,0.222683,-0.349968,0.00087,5.1e-05
0,-0.824552,0.160847,0.732319,0.187482,0.685371,0.179297,0.002461,0.002807
0,-0.536983,0.088289,0.264016,-0.07168,0.226715,-0.097927,0.001863,0.001541
0,-0.016529,0.035309,0.533643,-0.045816,0.493715,-0.057186,0.000288,0.000616
0,0.438461,0.042949,0.466902,0.036044,0.483809,0.023551,0.002035,0.00075
0,0.406083,-0.192333,-0.02805,-0.247541,-0.027612,-0.277009,0.00147,0.002261
0,0.555045,-0.015761,0.134708,0.200905,0.153943,0.211187,0.001548,0.000275
0,0.273717,0.06285,-0.272874,0.098445,-0.318662,0.065739,0.00084,0.001097
0,0.32223,-0.138053,0.047262,-0.206708,0.071958,-0.215893,6e-06,0.002409
0,0.381472,-0.181499,0.067042,-0.065275,0.086875,-0.062417,0.00104,0.00245
0,0.263287,0.092791,-0.147446,0.295033,-0.192059,0.331664,0.001022,0.00162
0,0.11949,0.084436,-0.153341,-0.031726,-0.196581,-0.014806,0.002086,0.001474
0,0.227063,-0.121936,0.098506,-0.183321,0.080255,-0.213568,0.001655,0.002128
0,0.202768,-0.124208,-0.050262,-0.001032,-0.00533,0.047094,0.002079,0.002168
0,0.164408,0.049575,-0.041039,0.144273,0.008923,0.106976,0.002748,0.000865
0,0.190447,-0.109912,0.039754,-0.135452,0.084112,-0.166758,0.002294,0.001918
0,0.097662,-0.156569,-0.097236,-0.064432,-0.050394,-0.049612,0.001705,0.002733
0,0.190068,0.083125,0.090109,0.253872,0.107033,0.298915,0.0023,0.001451
0,0.303997,-0.13168,0.128307,-0.213261,0.170565,-0.247933,0.000312,0.002298
0,0.186732,-0.035609,-0.135029,0.091318,-0.096498,0.115077,0.002358,0.000621
0,0.12501,-0.082479,-0.068346,-0.060053,-0.109139,-0.100585,0.002182,0.00144
0,0.153548,0.045525,0.012247,0.09873,-0.023568,0.096976,0.00268,0.000795
0,0.067305,-0.076024,-0.085759,-0.150452,-0.10642,-0.182478,0.001175,0.001327
0,0.068348,-0.09409,-0.006427,0.006367,0.003088,-0.039535,0.001193,0.001642
0,0.039972,-0.029526,-0.00012,0.074773,-0.046842,0.074994,0.000698,0.000515
0,-0.019798,0.17434,-0.059088,0.219148,-0.028839,0.203933,0.000346,0.002575
0,0.068564,-0.107305,0.098914,-0.272447,0.092563,-0.241861,0.001197,0.001873
0,0.17797,0.091065,0.098384,0.216631,0.127123,0.250762,0.002511,0.001589
0,-0.060875,0.131668,-0.227398,0.045958,-0.192919,0.02671,0.001062,0.002298
0,-0.10505,0.099024,-0.063739,-0.041739,-0.033049,-0.091011,0.001833,0.001728
0,0.030282,0.005552,0.109068,-0.122917,0.063113,-0.158386,0.000529,9.7e-05
0,-0.118733,-0.063144,-0.166895,-0.088291,-0.142214,-0.131042,0.002072,0.001102
0,0.041423,0.090674,0.186864,0.152906,0.137686,0.188651,0.000723,0.001583
0,0.029467,-0.111544,-0.030695,-0.180094,-0.063909,-0.170594,0.000514,0.001947
0,0.018626,-0.008472,-0.005351,0.106538,-0.036073,0.145455,0.000325,0.000148
0,-0.087984,0.008613,-0.131981,0.040333,-0.13633,0.026142,0.001536,0.00015
0,0.016026,0.169319,0.1122,0.18778,0.115899,0.174399,0.00028,0.002662
0,-0.03965,-0.110035,-0.065489,-0.299436,-0.038062,-0.263663,0.000692,0.00192
0,0.166987,0.085847,0.233662,0.2221,0.255745,0.245053,0.002703,0.001498
0,0.110412,0.192392,-0.055193,0.135567,-0.005403,0.129242,0.001927,0.00226
0,-0.030844,0.176239,-0.163513,0.010273,-0.1149,-0.016574,0.000538,0.002542
0,0.147098,-0.062361,0.199928,-0.250064,0.225775,-0.256514,0.002567,0.001088
0,0.205012,-0.04786,0.043108,-0.006828,0.011239,0.034578,0.002039,0.000835
0,0.017049,0.105599,-0.212124,0.182875,-0.223872,0.143406,0.000298,0.001843
0,0.201554,0.204269,0.212719,0.09654,0.212892,0.085068,0.0021,0.002052
0,-0.067591,-0.025,-0.243089,-0.208621,-0.2348,-0.231922,0.00118,0.000436
0,-0.000743,0.19013,0.068182,0.242783,0.034931,0.243306,1.3e-05,0.002299
0,-0.13182,-0.060156,-0.126289,-0.269242,-0.124843,-0.313868,0.002301,0.00105
0,0.077747,-0.02251,0.235729,0.015774,0.189841,0.040957,0.001357,0.000393
0,0.147455,0.081839,0.059425,0.084983,0.050203,0.110611,0.002574,0.001428
0,-0.02097,-0.078401,-0.155987,-0.150534,-0.183353,-0.168897,0.000366,0.001368
0,-0.013581,-0.029115,0.015494,0.06851,0.003287,0.042312,0.000237,0.000508
0,-0.030445,-0.012786,-0.002756,0.011502,0.015689,0.042743,0.000531,0.000223
0,-0.125251,-0.067264,-0.107636,-0.075173,-0.146502,-0.061746,0.002186,0.001174
0,-0.070073,0.018074,0.067279,0.078851,0.051317,0.101046,0.001223,0.000315
0,-0.096617,-0.092896,-0.01364,-0.129526,-0.009391,-0.144532,0.001686,0.001621
0,-0.147691,0.101458,-0.076142,0.184364,-0.116786,0.22139,0.002578,0.001771
0,0.044075,-0.080265,0.187498,-0.20308,0.201339,-0.154085,0.000769,0.001401
0,-0.060603,0.09429,-0.115167,0.16165,-0.15165,0.136945,0.001058,0.001646
0,-0.185841,-0.032371,-0.139989,-0.156101,-0.140536,-0.106119,0.002374,0.000565
0,-0.184893,0.045132,0.028409,0.071607,0.052173,0.101251,0.002391,0.000788
0,-0.129905,-0.046966,0.052613,-0.115992,0.051959,-0.121913,0.002267,0.00082
0,0.002497,0.12434,0.108163,0.157884,0.118209,0.163897,4.4e-05,0.00217
0,-0.185732,0.088112,-0.208527,-0.049814,-0.177592,-0.09896,0.002376,0.001538
0,0.0258,0.212247,0.221126,0.142045,0.244123,0.184698,0.00045,0.001913
0,0.0666,0.016447,0.020806,-0.174993,0.050304,-0.222053,0.001162,0.000287
0,-0.172623,0.223165,-0.2641,0.189536,-0.285616,0.181719,0.002605,0.001723
0,0.117892,0.153603,0.295202,-0.081824,0.301117,-0.061359,0.002058,0.002681
0,-0.098072,0.171553,-0.238423,0.036421,-0.223285,0.044735,0.001712,0.002623
0,-0.036223,0.078874,0.035315,-0.097814,0.051184,-0.067158,0.000632,0.001377
0,-0.054762,0.054284,-0.024902,-0.023186,0.014954,-0.017138,0.000956,0.000947
0,0.1607,0.005301,0.22536,-0.032575,0.242552,-0.073814,0.002805,9.3e-05
0,0.207977,-0.048464,0.039925,-0.029038,0.025098,-0.073436,0.001988,0.000846
0,-0.040093,0.203533,-0.240279,0.256102,-0.215986,0.302932,0.0007,0.002065
0,0.127443,0.100541,0.19006,-0.077719,0.145233,-0.118996,0.002224,0.001755
0,0.15583,-0.061833,0.010003,-0.185871,-0.027148,-0.201049,0.00272,0.001079
0,0.145723,0.051311,0.017697,0.142778,0.026125,0.10238,0.002543,0.000896
0,0.125301,0.204231,-0.024697,0.17979,-0.019884,0.186628,0.002187,0.002053
0,0.144655,0.230974,0.017334,0.032262,-0.015994,0.061584,0.002525,0.001586
0,0.189187,-0.00301,0.056351,-0.259101,0.047103,-0.287483,0.002316,5.3e-05
0,0.128282,-0.093248,-0.061542,-0.063077,-0.043199,-0.028434,0.002239,0.001627
0,-0.038514,0.10636,-0.170316,0.201702,-0.17173,0.2411,0.000672,0.001856
0,0.156096,-0.003113,0.179886,-0.119203,0.179446,-0.103966,0.002724,5.4e-05
0,0.009475,0.072186,-0.170726,0.088106,-0.124892,0.120101,0.000165,0.00126
0,-0.003245,0.117059,-0.009348,0.03499,0.009776,-0.009305,5.7e-05,0.002043
0,0.016033,0.080568,0.040072,-0.017413,0.072739,-0.033663,0.00028,0.001406
0,0.008073,0.039224,0.012427,-0.012601,-0.020644,-0.036934,0.000141,0.000685
0,0.29482,-0.08797,0.287205,-0.126767,0.289917,-0.120614,0.000472,0.001535
0,0.262158,0.034595,-0.042091,0.112945,-0.034312,0.106191,0.001042,0.000604
0,0.313826,0.087867,0.034521,0.074778,0.016587,0.09449,0.00014,0.001534
0,0.137965,0.036477,-0.180772,-0.049515,-0.180534,-0.06699,0.002408,0.000637
0,0.340707,-0.143131,0.198139,-0.177125,0.148858,-0.132203,0.000329,0.002498
0,0.14155,0.004248,-0.194783,0.128521,-0.145251,0.168683,0.002471,7.4e-05
0,0.071208,-0.039549,-0.052714,-0.02513,-0.024269,-0.00896,0.001243,0.00069
0,0.258726,0.033144,0.159742,0.053409,0.161326,0.04627,0.001102,0.000578
0,0.099264,0.071443,-0.170504,0.033414,-0.196683,0.02406,0.001732,0.001247
0,0.019413,0.05614,-0.101212,-0.03363,-0.139302,-0.075594,0.000339,0.00098
0,-0.018045,-0.114713,-0.009044,-0.187686,0.01819,-0.144173,0.000315,0.002002
0,0.106636,-0.032025,0.149528,0.056283,0.106373,0.098211,0.001861,0.000559
0,0.135868,0.041348,0.056645,0.062658,0.018071,0.064585,0.002371,0.000722
0,0.122731,-0.000856,0.004303,-0.055071,0.022879,-0.056941,0.002142,1.5e-05
0,0.018267,-0.045988,-0.078675,-0.047404,-0.099083,-0.080703,0.000319,0.000803
0,0.159167,-0.050841,0.149284,0.000509,0.110649,-0.018391,0.002778,0.000887
0,-0.029313,0.096287,-0.18547,0.125027,-0.223438,0.129034,0.000512,0.001681
0,0.154809,0.038609,0.174515,-0.082191,0.163154,-0.117234,0.002702,0.000674
0,0.058534,-0.149645,-0.077541,-0.175756,-0.060005,-0.144613,0.001022,0.002612
0,0.097299,0.12724,0.029959,0.306156,0.049696,0.259242,0.001698,0.002221
0,0.135303,-0.028014,0.045024,-0.182184,0.084819,-0.189208,0.002361,0.000489
0,-0.074592,0.07492,-0.1924,0.092717,-0.223082,0.123572,0.001302,0.001308
0,-0.062984,-0.01031,-0.002523,-0.11151,-0.024885,-0.100476,0.001099,0.00018
0,0.011119,0.117475,0.057798,0.147549,0.104377,0.155553,0.000194,0.00205
0,-0.011217,-0.111698,-0.02269,-0.208,-0.036625,-0.184747,0.000196,0.00195
0,-0.103104,0.1275,-0.087153,0.231375,-0.121496,0.263074,0.0018,0.002225
0,0.027286,0.001899,0.100625,-0.143233,0.125955,-0.155438,0.000476,3.3e-05
0,0.023963,-0.075399,0.015563,-0.049988,-0.021483,-0.086556,0.000418,0.001316
0,0.101763,-0.104312,0.07711,-0.022436,0.10663,-0.03458,0.001776,0.001821
0,0.033036,-0.147695,-0.092848,-0.036703,-0.093956,0.008076,0.000577,0.002578
0,0.105085,0.057338,0.068916,0.20875,0.095354,0.215389,0.001834,0.001001
0,-0.015914,-0.101314,-0.094313,-0.139902,-0.137102,-0.137318,0.000278,0.001768
0,0.031262,0.076373,0.036047,0.195179,0.036745,0.213861,0.000546,0.001333
0,0.153895,-0.118867,0.149207,-0.173154,0.179021,-0.131107,0.002686,0.002075
0,-0.072346,0.118083,-0.230651,0.263005,-0.181808,0.305645,0.001263,0.002061
0,-0.391203,-0.92228,-0.299209,-1.018001,-0.277145,-0.984448,0.00121,0.000756
0,-0.808677,-2.345522,-0.413635,-1.41209,-0.429445,-1.459871,0.002738,0.001615
0,-0.706942,-2.905582,0.121734,-0.549963,0.118682,-0.581552,0.001103,0.000154
0,-0.630559,-2.99322,0.058745,-0.116324,0.089876,-0.163694,0.00023,0.001684
0,-0.376074,-3.128352,0.271822,-0.129734,0.256264,-0.135493,0.000946,0.001575
0,-0.533952,-2.426028,-0.153766,0.683435,-0.106167,0.707756,0.001916,0.002598
0,-0.205687,-2.137867,0.30258,0.265199,0.293901,0.280434,0.002028,0.00201
0,-0.300857,-1.601184,-0.096293,0.536223,-0.145396,0.561979,0.000367,0.000142
0,-0.007589,-1.378535,0.264669,0.233324,0.276698,0.250941,0.000132,0.00159
0,0.057265,-0.31928,0.061621,1.051222,0.037727,1.034474,0.000999,4.5e-05
0,0.065927,-0.153343,0.027792,0.14739,0.063584,0.147841,0.001151,0.002676
0,-0.052638,0.25483,-0.110634,0.431947,-0.066908,0.462528,0.000919,0.00117
0,0.082608,0.581279,0.134539,0.328202,0.134562,0.360129,0.001442,0.00109
0,0.094206,0.419246,0.01641,-0.134072,0.032033,-0.097641,0.001644,0.0017
0,-0.040775,0.371445,-0.121811,-0.028398,-0.144944,0.015448,0.000712,0.000865
0,0.023125,0.552195,0.058565,0.162203,0.042891,0.137319,0.000404,0.001597
0,0.038694,0.237318,-0.013646,-0.290355,-0.018618,-0.309313,0.000675,0.001476
0,0.16742,0.275417,0.121604,0.008813,0.105291,0.03281,0.002695,0.000811
0,0.21794,0.023274,0.0306,-0.251745,0.044709,-0.280865,0.001814,0.000406
0,-0.006221,-0.064123,-0.201433,-0.069962,-0.244802,-0.073213,0.000109,0.001119
0,-0.035268,-0.026204,-0.034189,0.018842,-0.079606,-0.016748,0.000616,0.000457
0,-0.118135,-0.025988,-0.074199,0.008504,-0.027551,0.053029,0.002062,0.000454
0,-0.191083,-0.129102,-0.097747,-0.092253,-0.102328,-0.044208,0.002282,0.002253
0,-0.084342,0.127313,0.124615,0.241519,0.085523,0.267267,0.001472,0.002222
0,0.069524,0.034727,0.1355,-0.105434,0.08976,-0.113395,0.001213,0.000606
0,0.10323,-0.00049,0.046285,-0.035315,0.04588,0.002369,0.001802,9e-06
0,0.039422,0.056173,-0.074868,0.076908,-0.090254,0.095275,0.000688,0.00098
0,-0.115111,-0.004338,-0.157689,-0.078879,-0.121602,-0.101718,0.002009,7.6e-05
0,0.208323,0.089792,0.329499,0.107301,0.376437,0.06345,0.001982,0.001567
0,0.035968,0.127194,-0.176368,0.012465,-0.126421,-0.03732,0.000628,0.00222
0,0.146631,-0.030948,0.087938,-0.15058,0.039825,-0.110876,0.002559,0.00054
0,-0.114166,-0.079506,-0.286973,-0.042617,-0.285553,-0.00502,0.001993,0.001388
0,-0.008477,-0.009805,0.123109,0.089229,0.133789,0.049839,0.000148,0.000171
0,-0.090585,-0.095994,-0.054668,-0.068388,-0.03608,-0.036958,0.001581,0.001675
0,-0.128381,-0.057974,-0.028991,0.021898,-0.010928,0.027953,0.002241,0.001012
0,-0.109543,0.128189,0.009094,0.204874,0.045743,0.22882,0.001912,0.002237
0,-0.111881,0.043007,0.027576,-0.063882,0.077377,-0.07496,0.001953,0.000751
0,-0.139311,0.019577,-0.016482,0.006559,0.026383,-0.041304,0.002431,0.000342
0,0.112088,-0.036629,0.225079,-0.027089,0.256988,0.000343,0.001956,0.000639
0,-0.019275,0.04891,-0.113021,0.069832,-0.10291,0.105933,0.000336,0.000854
0,-0.15413,0.127416,-0.15325,0.072748,-0.200515,0.082235,0.00269,0.002224
0,-0.001913,0.027947,0.125248,-0.090065,0.144376,-0.051299,3.3e-05,0.000488
0,0.041095,-0.160455,0.028916,-0.195727,-0.008131,-0.171044,0.000717,0.0028
0,-0.094682,-0.021895,-0.11908,0.121743,-0.132195,0.10953,0.001653,0.000382
0,-0.136869,-0.146179,-0.032002,-0.120453,-0.050029,-0.101659,0.002389,0.002551
0,-0.113405,-0.089454,0.033272,0.079933,-0.016233,0.107835,0.001979,0.001561
0,-0.055238,-0.019224,0.064994,0.066813,0.051123,0.104664,0.000964,0.000336
0,0.235283,0.033458,0.312339,0.043497,0.307388,0.014472,0.001511,0.000584
0,0.038647,-0.185382,-0.180448,-0.207348,-0.160854,-0.158654,0.000675,0.002382
0,0.20095,0.070339,0.139542,0.277537,0.166831,0.291396,0.00211,0.001228
0,0.157711,-0.137494,-0.06386,-0.221312,-0.017542,-0.233253,0.002753,0.0024
0,0.035472,0.122768,-0.132967,0.249151,-0.101449,0.217951,0.000619,0.002143
0,0.041095,0.039577,-0.004498,-0.088211,-0.00816,-0.080675,0.000717,0.000691
0,0.007124,0.022225,-0.027728,-0.04246,-0.04353,-0.044262,0.000124,0.000388
0,-0.013587,0.031829,0.009023,0.03872,-0.021023,0.069053,0.000237,0.000556
0,0.01444,0.055326,0.01968,0.024804,0.005082,0.03291,0.000252,0.000966
0,0.11959,0.108435,0.103207,0.03142,0.136729,0.051986,0.002087,0.001893
0,0.221099,0.020689,0.11904,-0.081507,0.123273,-0.10351,0.001759,0.000361
0,0.015475,-0.071512,-0.225598,-0.095088,-0.196119,-0.125243,0.00027,0.001248
0,-0.033849,0.166509,-0.03981,0.247911,-0.002411,0.282527,0.000591,0.002711
0,0.109646,-0.003797,0.133735,-0.142699,0.158781,-0.165141,0.001914,6.6e-05
0,-0.03227,0.004182,-0.124742,0.02748,-0.167361,0.07314,0.000563,7.3e-05
0,0.045215,0.038245,0.08589,0.039077,0.104102,0.054546,0.000789,0.000668
0,-0.063929,0.04647,-0.097341,-0.001943,-0.052971,0.012401,0.001116,0.000811
0,-0.12429,0.154203,-0.080196,0.117527,-0.124284,0.124936,0.002169,0.002691
0,-0.061644,0.121911,0.038164,-0.0286,0.01025,-0.071177,0.001076,0.002128
0,0.058128,0.060455,0.132681,-0.077157,0.123415,-0.06881,0.001015,0.001055
0,-0.126497,0.138474,-0.197456,0.08061,-0.187494,0.119009,0.002208,0.002417
0,0.072873,0.283211,0.223022,0.13318,0.235919,0.142461,0.001272,0.000675
0,0.535142,0.724226,0.453237,0.457668,0.495322,0.452242,0.001895,0.001405
0,0.320172,0.631694,-0.214429,-0.110788,-0.186936,-0.125996,2.9e-05,0.00021
0,0.538587,0.832791,0.195512,0.221006,0.237033,0.18252,0.001835,0.002318
0,0.299762,0.554581,-0.24716,-0.259866,-0.269117,-0.237529,0.000386,0.001556
0,0.177378,0.431609,-0.101425,-0.136565,-0.106575,-0.164129,0.002522,0.001915
0,0.148933,0.248718,-0.03943,-0.16283,-0.003733,-0.12007,0.002599,0.001277
0,0.195002,0.070765,0.060357,-0.151067,0.041221,-0.181749,0.002214,0.001235
0,0.113402,-0.01432,-0.078985,-0.083281,-0.087168,-0.044798,0.001979,0.00025
0,0.09571,0.039127,0.002852,0.07376,-0.02357,0.099351,0.00167,0.000683
0,0.031844,0.027154,-0.086547,0.005379,-0.087059,0.006409,0.000556,0.000474
0,-0.013894,-0.01044,-0.019828,-0.023143,-0.036286,-0.019108,0.000243,0.000182
0,0.054396,-0.02318,0.076082,-0.04193,0.033016,-0.029265,0.000949,0.000405
0,0.074445,-0.073759,0.045659,-0.022408,0.052822,-0.03356,0.001299,0.001287
0,-0.055014,0.072342,-0.135519,0.140266,-0.17254,0.121628,0.00096,0.001263
0,-0.108108,0.117536,-0.02917,0.058547,0.003435,0.064499,0.001887,0.002051
0,-0.185237,0.11715,-0.067699,0.019538,-0.067885,-0.014457,0.002385,0.002045
0,-0.123255,-0.098873,0.048036,-0.232566,0.018053,-0.244097,0.002151,0.001726
0,-0.094618,0.109016,0.019365,0.22321,0.042605,0.195975,0.001651,0.001903
0,-0.099494,-0.150726,0.023959,-0.26308,-0.011696,-0.260118,0.001737,0.002631
0,0.105339,-0.059947,0.210353,0.093684,0.2249,0.053668,0.001839,0.001046
0,-0.052492,0.12119,-0.131492,0.184141,-0.09973,0.190044,0.000916,0.002115
0,-0.038836,-0.115383,0.026345,-0.255128,0.066006,-0.292756,0.000678,0.002014
0,0.036167,-0.159073,0.058572,-0.046478,0.04126,-0.081438,0.000631,0.002776
0,0.112591,-0.036235,0.052106,0.128797,0.082439,0.1572,0.001965,0.000632
0,0.172348,0.095384,0.032062,0.134574,0.006824,0.155916,0.002609,0.001665
0,-0.106833,-0.180367,-0.259663,-0.292109,-0.291328,-0.291424,0.001865,0.00247
0,-0.009185,-0.087181,0.113973,0.11041,0.121076,0.063591,0.00016,0.001522
0,0.092209,0.081967,0.13098,0.149631,0.131402,0.158028,0.001609,0.001431
0,0.076306,0.019548,-0.0127,-0.048582,-0.061841,-0.021332,0.001332,0.000341
0,-0.040697,0.094171,-0.10263,0.058009,-0.095959,0.067607,0.00071,0.001644
0,0.073476,-0.104099,0.084365,-0.20409,0.091981,-0.229299,0.001282,0.001817
0,-0.16486,0.155402,-0.242308,0.261605,-0.257156,0.214629,0.00274,0.002712
0,-0.060576,-0.051468,0.085044,-0.229181,0.125555,-0.275725,0.001057,0.000898
0,-0.01697,0.183883,0.035922,0.233249,0.060026,0.214585,0.000296,0.002408
0,-0.068224,-0.004196,-0.062849,-0.173338,-0.053168,-0.213937,0.001191,7.3e-05
0,-0.098007,0.202667,-0.024188,0.190156,0.022376,0.152977,0.001711,0.00208
0,-0.179528,0.179257,-0.095259,-0.001557,-0.0671,0.032738,0.002484,0.002489
0,-0.224055,0.232859,-0.028577,0.046863,-0.001324,0.072048,0.001707,0.001553
0,-0.132555,0.21918,0.113309,-0.035217,0.111917,0.014509,0.002314,0.001792
0,-0.127525,0.104802,-0.021918,-0.101512,-0.024711,-0.051638,0.002226,0.001829
0,-0.078403,0.156843,0.042911,0.022804,0.07893,0.046077,0.001368,0.002737
0,-0.089194,0.103275,0.012634,-0.029434,0.060219,-0.072151,0.001557,0.001802
0,-0.023925,0.081364,0.082403,-0.007775,0.101202,0.030328,0.000418,0.00142
0,-0.081465,0.167896,-0.056176,0.081063,-0.060807,0.080859,0.001422,0.002687
0,-0.022025,0.03807,0.076025,-0.132523,0.083971,-0.129095,0.000384,0.000664
0,-0.048521,0.037831,-0.055312,0.006043,-0.100166,0.051119,0.000847,0.00066
0,-0.22055,-0.048946,-0.190335,-0.067023,-0.188316,-0.021185,0.001768,0.000854
0,-0.058648,-0.033128,0.183135,0.028038,0.172913,-0.00189,0.001024,0.000578
0,-0.117868,0.188817,-0.073518,0.230399,-0.058968,0.225978,0.002057,0.002322
0,-0.133804,0.062506,-0.005189,-0.14169,-0.050395,-0.143125,0.002335,0.001091
0,0.022311,-0.010441,0.127105,-0.062059,0.163811,-0.022503,0.000389,0.000182
0,-0.195996,0.115322,-0.227394,0.145136,-0.232236,0.165702,0.002197,0.002013
0,-0.051388,0.016205,0.164035,-0.070355,0.20326,-0.094496,0.000897,0.000283
0,0.058324,-0.052612,0.094208,-0.056919,0.135408,-0.010328,0.001018,0.000918
0,-0.034474,0.079198,-0.067656,0.128079,-0.098147,0.125574,0.000602,0.001382
0,-0.140107,-0.128151,-0.113424,-0.21143,-0.083926,-0.192765,0.002445,0.002237
0,-0.107807,-0.110847,0.011489,0.033244,-0.015262,0.053966,0.001882,0.001935
0,0.025017,-0.081347,0.160725,0.002089,0.17163,0.018671,0.000437,0.00142
0,0.004093,-0.107972,-0.011924,-0.014558,-0.027309,-0.042159,7.1e-05,0.001884
0,-0.107924,0.09446,-0.124094,0.184592,-0.080214,0.181987,0.001884,0.001649
0,0.060153,-0.033395,0.173379,-0.130651,0.18391,-0.135796,0.00105,0.000583
0,-0.129377,-0.038879,-0.189121,-0.004266,-0.139654,-0.01481,0.002258,0.000679
0,0.009391,-0.057734,0.157853,-0.00392,0.163717,0.017252,0.000164,0.001008
0,0.024186,-0.058429,0.0039,0.001896,0.004356,0.036114,0.000422,0.00102
0,-0.069402,0.005213,-0.123571,0.082652,-0.118326,0.077867,0.001211,9.1e-05
0,0.078694,0.066183,0.172398,0.052533,0.124763,0.01361,0.001373,0.001155
0,-0.088473,0.128752,-0.156155,0.056998,-0.111386,0.095349,0.001544,0.002247
0,-0.03841,0.092905,0.072613,-0.035843,0.056554,0.007303,0.00067,0.001622
0,-0.085712,0.076218,-0.033299,-0.013497,-0.039478,0.023496,0.001496,0.00133
0,0.021199,0.15383,0.106768,0.094969,0.070995,0.045718,0.00037,0.002685
0,0.144736,0.127658,0.115455,-0.004913,0.075386,0.004695,0.002526,0.002228
0,-0.134545,-0.09147,-0.303525,-0.226094,-0.347521,-0.270751,0.002348,0.001596
0,0.092885,0.090598,0.21664,0.184092,0.198238,0.144483,0.001621,0.001581
0,0.153667,0.003662,0.041925,-0.068744,0.039595,-0.061877,0.002682,6.4e-05
0,0.110169,-0.002534,-0.02691,-0.030386,0.013621,-0.054614,0.001923,4.4e-05
0,0.146552,-0.093477,0.040697,-0.111972,0.01893,-0.101587,0.002558,0.001631
0,0.052972,-0.0613,-0.07119,0.040615,-0.10921,0.0233,0.000925,0.00107
0,0.224586,0.019123,0.175026,0.102869,0.156421,0.106128,0.001698,0.000334
0,-0.022522,0.167579,-0.252681,0.16795,-0.266778,0.209194,0.000393,0.002693
0,0.045884,0.117773,0.05581,-0.068293,0.073954,-0.081526,0.000801,0.002056
0,0.102722,-0.020366,0.073582,-0.133261,0.029825,-0.097196,0.001793,0.000355
0,0.202555,-0.011686,0.081191,0.027942,0.031763,0.007986,0.002082,0.000204
0,0.189622,0.083296,-0.010666,0.102351,-0.043834,0.071101,0.002308,0.001454
0,-0.100845,0.108027,-0.281731,0.038514,-0.309188,0.080384,0.00176,0.001885
0,-0.139907,0.10512,-0.062246,-0.005423,-0.047116,-0.04789,0.002442,0.001835
0,0.183185,0.223993,0.293356,0.143778,0.28841,0.189078,0.00242,0.001708
0,0.088505,0.241311,-0.071896,-0.004751,-0.088239,0.028958,0.001545,0.001406
0,0.024429,0.112525,-0.090781,-0.127148,-0.045205,-0.121581,0.000426,0.001964
0,-0.131477,0.125369,-0.150406,0.023098,-0.157056,0.002391,0.002295,0.002188
0,-0.109429,-0.04059,0.020659,-0.181194,-0.005058,-0.206333,0.00191,0.000708
0,-0.051245,0.159309,0.063741,0.183943,0.101847,0.218741,0.000894,0.00278
0,-0.100149,0.017307,-0.030562,-0.131398,-0.026931,-0.180291,0.001748,0.000302
0,0.041907,0.071486,0.145434,0.033804,0.1293,0.017216,0.000731,0.001248
0,0.079142,-0.090935,0.031182,-0.133047,0.076297,-0.089135,0.001381,0.001587
0,-0.049114,0.002357,-0.129871,0.072264,-0.151853,0.048878,0.000857,4.1e-05
0,0.018534,-0.044531,0.061365,-0.070831,0.048201,-0.099856,0.000323,0.000777
0,-0.135734,0.140407,-0.14471,0.168751,-0.155214,0.172019,0.002369,0.002451
0,0.010619,-0.081917,0.146261,-0.239594,0.133745,-0.276132,0.000185,0.00143
0,0.16891,-0.073198,0.170148,0.020754,0.135882,-0.012353,0.002669,0.001278
0,0.051808,0.003209,-0.125167,0.053504,-0.12941,0.100041,0.000904,5.6e-05
0,0.065151,-0.095323,-0.012708,-0.115515,-0.003633,-0.075236,0.001137,0.001664
0,-0.091463,-0.029985,-0.163673,0.036453,-0.187594,0.028614,0.001596,0.000523
0,-0.077629,0.085144,0.033507,0.139658,0.080666,0.171179,0.001355,0.001486
0,-0.000471,-0.103136,0.080185,-0.218023,0.109669,-0.200761,8e-06,0.0018
0,-0.02382,0.070393,-0.01824,0.144844,0.006125,0.165554,0.000416,0.001229
0,-0.054877,0.030698,-0.0378,-0.045033,-0.011086,-0.086035,0.000958,0.000536
0,-0.099271,0.124814,-0.026023,0.085083,-0.035754,0.125824,0.001733,0.002178
0,-0.156948,0.062617,-0.065527,-0.058079,-0.05035,-0.055886,0.002739,0.001093
0,-0.036487,0.076575,0.141936,-0.001545,0.097591,-0.040663,0.000637,0.001336
0,-0.055623,0.066146,-0.032696,-0.025437,-0.054595,-0.03103,0.000971,0.001154
0,-0.004893,-0.01877,0.060659,-0.112343,0.067201,-0.062486,8.5e-05,0.000328
0,-0.014372,-0.043447,0.020068,-0.048812,0.015766,-0.065995,0.000251,0.000758
0,-0.015573,0.023093,0.002255,0.088239,0.014128,0.069424,0.000272,0.000403
0,-0.105311,0.001879,-0.089746,-0.008057,-0.10248,-0.012407,0.001838,3.3e-05
0,-0.113137,-0.115657,-0.01645,-0.096035,0.016619,-0.046893,0.001975,0.002019
0,0.011115,0.17159,0.102066,0.275147,0.113006,0.302356,0.000194,0.002623
0,-0.074118,0.070383,-0.105515,-0.105035,-0.126873,-0.085249,0.001294,0.001228
0,-0.138549,-0.091643,-0.093397,-0.157296,-0.097538,-0.171168,0.002418,0.001599
0,0.035103,-0.048267,0.183093,0.062893,0.169439,0.056127,0.000613,0.000842
0,-0.045475,0.099503,-0.076306,0.140568,-0.084409,0.132836,0.000794,0.001737
0,-0.157906,0.075531,-0.088494,-0.039605,-0.090718,-0.004151,0.002756,0.001318
0,0.013926,0.016329,0.173964,-0.065251,0.137819,-0.064113,0.000243,0.000285
0,-0.191519,-0.105379,-0.217822,-0.142907,-0.26514,-0.116424,0.002275,0.001839
0,-0.040756,0.043913,0.138624,0.1548,0.131157,0.123644,0.000711,0.000766
0,-0.123639,0.07251,-0.093192,0.045601,-0.11001,0.0769,0.002158,0.001266
0,-0.144878,-0.132402,-0.011351,-0.199675,-0.033923,-0.195768,0.002529,0.002311
0,-0.069472,0.045516,0.058474,0.171129,0.098616,0.187674,0.001213,0.000794
0,-0.029265,0.151486,0.048647,0.13393,0.049535,0.134319,0.000511,0.002644
0,-0.032437,-0.023316,0.019551,-0.165973,0.045778,-0.213675,0.000566,0.000407
0,-0.067985,-0.063915,-0.028531,-0.041967,-0.038852,-0.020334,0.001187,0.001116
0,-0.101098,0.168127,-0.027478,0.26182,-0.006714,0.281599,0.001764,0.002683
0,-0.094352,0.067358,0.030149,-0.108904,-0.005446,-0.104031,0.001647,0.001176
0,0.051472,-0.11248,0.168115,-0.15804,0.164016,-0.130905,0.000898,0.001963
0,-0.086609,0.013893,-0.134753,0.147164,-0.09518,0.120844,0.001512,0.000242
0,-0.097065,-0.070418,-0.015087,-0.093182,-0.012522,-0.049169,0.001694,0.001229
0,-0.032934,0.004061,0.059476,0.091554,0.098787,0.072805,0.000575,7.1e-05
0,-0.1714,-0.052257,-0.121426,-0.06623,-0.134435,-0.04866,0.002626,0.000912
0,-0.018973,-0.05467,0.146644,0.014629,0.180321,0.047176,0.000331,0.000954
0,0.022588,0.043012,0.033095,0.100203,0.056381,0.066209,0.000394,0.000751
0,-0.177903,0.038788,-0.225743,-0.014773,-0.230683,0.013087,0.002513,0.000677
0,-0.021383,0.003251,0.159487,-0.008947,0.179737,-0.033273,0.000373,5.7e-05
0,0.07539,-0.096981,0.096135,-0.088019,0.135452,-0.120028,0.001316,0.001693
0,0.047894,0.13769,-0.051564,0.228646,-0.025374,0.265464,0.000836,0.002403
0,0.001953,-0.083183,-0.068843,-0.219606,-0.110078,-0.247095,3.4e-05,0.001452
0,-0.152217,0.131222,-0.159471,0.191374,-0.168965,0.186636,0.002657,0.00229
0,0.022162,0.039453,0.147468,-0.120159,0.186215,-0.130781,0.000387,0.000689
0,-0.19654,0.100748,-0.235886,0.054514,-0.21391,0.074292,0.002187,0.001758
0,-0.05178,-0.049885,0.120305,-0.1331,0.137858,-0.139711,0.000904,0.000871
0,-0.015179,-0.093534,0.032145,-0.026943,0.043208,-0.019319,0.000265,0.001632
0,0.17578,0.055839,0.172515,0.147435,0.175479,0.113311,0.00255,0.000975
0,0.126663,-0.00164,-0.071419,-0.087145,-0.092641,-0.112702,0.002211,2.9e-05
0,0.147165,0.00295,0.000224,-0.01253,-0.032165,-0.023187,0.002569,5.1e-05
0,0.082558,-0.085434,-0.08593,-0.113942,-0.106464,-0.110966,0.001441,0.001491
0,0.054253,-0.099871,-0.049887,-0.017117,-0.099124,0.024696,0.000947,0.001743
0,0.056969,-0.125923,0.024211,-0.039518,-0.023315,-0.059222,0.000994,0.002198
0,0.012175,-0.079279,-0.061401,0.044743,-0.059049,0.048628,0.000213,0.001384
0,-0.117051,-0.054304,-0.135871,0.028965,-0.090745,0.0098,0.002043,0.000948
0,0.052419,0.086381,0.19368,0.122327,0.194758,0.089847,0.000915,0.001508
0,-0.210378,-0.018752,-0.262616,-0.130125,-0.275637,-0.159668,0.001946,0.000327
0,-0.080731,0.018804,0.158483,0.061007,0.118404,0.026637,0.001409,0.000328
0,-0.010377,0.022849,0.08819,-0.016437,0.122921,-0.028435,0.000181,0.000399
0,-0.199415,0.094942,-0.189441,0.085664,-0.210973,0.118813,0.002137,0.001657
0,-0.187899,-0.093532,-0.002774,-0.218318,-0.039435,-0.264042,0.002338,0.001632
0,-0.138257,-0.010822,0.060514,0.075351,0.104463,0.044843,0.002413,0.000189
0,-0.153395,-0.13541,-0.015122,-0.150477,0.010857,-0.169733,0.002677,0.002363
0,-0.139018,-0.004229,0.04197,0.143474,0.038464,0.116735,0.002426,7.4e-05
0,-0.165997,-0.056501,-0.051627,-0.073248,-0.054426,-0.090751,0.00272,0.000986
0,-0.059722,-0.05427,0.128558,-0.023097,0.109515,-0.039426,0.001042,0.000947
0,-0.161446,-0.139974,-0.096361,-0.066015,-0.05002,-0.047319,0.0028,0.002443
0,-0.120456,-0.087467,0.06225,0.061693,0.084888,0.105359,0.002102,0.001527
0,0.109939,-0.154652,0.203368,-0.04576,0.22213,-0.014229,0.001919,0.002699
0,0.069211,-0.133995,-0.035449,0.016938,-0.04788,0.059893,0.001208,0.002339
0,-0.035804,0.075418,-0.113231,0.183036,-0.131382,0.231931,0.000625,0.001316
0,0.07511,0.15407,0.113703,0.050098,0.079295,0.023289,0.001311,0.002689
0,-0.149736,-0.037526,-0.250717,-0.209285,-0.228959,-0.218149,0.002613,0.000655
0,-0.002438,-0.089437,0.149489,-0.029591,0.174226,-0.01452,4.3e-05,0.001561
0,0.005539,0.081774,0.023849,0.196341,-0.002385,0.158734,9.7e-05,0.001427
0,0.029605,0.095556,0.051523,-0.005849,0.046796,0.020282,0.000517,0.001668
0,-0.140841,0.126368,-0.189386,0.022938,-0.188807,-0.005712,0.002458,0.002206
0,-0.115766,-0.030757,0.048934,-0.16102,0.001948,-0.20216,0.00202,0.000537
0,0.113015,0.092361,0.227493,0.121162,0.207391,0.138015,0.001972,0.001612
0,0.004313,-0.096043,-0.082546,-0.171575,-0.036198,-0.220299,7.5e-05,0.001676
0,0.124353,0.128158,0.1322,0.196624,0.159782,0.19184,0.00217,0.002237
0,0.098366,0.084429,-0.010861,-0.065907,-0.025221,-0.031534,0.001717,0.001474
0,0.041178,0.000788,-0.072398,-0.089422,-0.027548,-0.114256,0.000719,1.4e-05
0,0.13456,-0.195843,0.112414,-0.171418,0.108399,-0.176003,0.002349,0.002199
0,0.057284,-0.045386,-0.095001,0.152938,-0.056587,0.164622,0.001,0.000792
0,0.080344,-0.158768,0.025399,-0.100958,0.026946,-0.07124,0.001402,0.002771
0,-0.000996,-0.186315,-0.082663,-0.009714,-0.117019,0.011091,1.7e-05,0.002366
0,-0.01875,-0.027669,0.003361,0.136388,0.006712,0.181364,0.000327,0.000483
0,0.07609,-0.04281,0.073356,-0.034236,0.049637,-0.080974,0.001328,0.000747
0,-0.037604,-0.195424,-0.08536,-0.180088,-0.121795,-0.229983,0.000656,0.002207
0,0.105723,-0.205183,0.13323,0.015431,0.174102,-0.007702,0.001845,0.002036
0,-0.030303,-0.065076,-0.130215,0.145554,-0.136087,0.115646,0.000529,0.001136
0,0.094944,0.025584,0.149833,0.100916,0.188024,0.086347,0.001657,0.000447
0,0.191001,0.081823,0.115785,0.029879,0.091647,-0.015917,0.002284,0.001428
0,0.049723,0.088405,-0.152704,-0.016218,-0.139166,0.031471,0.000868,0.001543
0,0.018687,-0.092674,-0.039297,-0.158177,-0.089275,-0.124847,0.000326,0.001617
0,0.04021,0.05721,0.005417,0.160201,-0.016002,0.200026,0.000702,0.000999
0,-0.062648,0.079386,-0.110149,-0.001643,-0.155173,0.048206,0.001093,0.001386
0,0.000585,-0.179344,0.036038,-0.235934,-0.005955,-0.243816,1e-05,0.002487
0,0.165218,0.018115,0.140623,0.193703,0.144099,0.218411,0.002734,0.000316
0,0.082559,-0.066862,-0.064203,-0.089775,-0.105441,-0.117645,0.001441,0.001167
0,-0.082322,-0.100479,-0.186127,-0.024528,-0.228659,-0.041741,0.001437,0.001754
0,0.028435,-0.091642,0.119732,0.032476,0.130297,0.011204,0.000496,0.001599
0,0.200801,-0.152757,0.192013,-0.036044,0.207914,-0.025115,0.002113,0.002666
0,0.043038,-0.07894,-0.1875,0.051426,-0.153902,0.003992,0.000751,0.001378
0,-0.095536,0.018288,-0.11932,0.110146,-0.107427,0.153871,0.001667,0.000319
0,-0.122785,0.119583,-0.029845,0.107378,-0.027679,0.109576,0.002143,0.002087
0,0.080054,-0.004974,0.208283,-0.105147,0.257871,-0.102737,0.001397,8.7e-05
0,-0.037065,-0.016637,-0.102563,0.014529,-0.113631,0.00098,0.000647,0.00029
0,-0.086296,-0.079154,-0.052695,-0.056078,-0.025146,-0.088352,0.001506,0.001381
0,-0.08807,-0.111352,0.024297,-0.057995,0.05429,-0.049155,0.001537,0.001943
0,0.001426,0.062428,0.084701,0.157299,0.083213,0.126514,2.5e-05,0.00109
0,0.089157,-0.010056,0.092742,-0.09214,0.058413,-0.077268,0.001556,0.000176
0,-0.051104,-0.130575,-0.163575,-0.122703,-0.136301,-0.145345,0.000892,0.002279
0,-0.053316,0.039669,0.015546,0.14246,0.018256,0.102231,0.000931,0.000692
0,0.169846,-0.058615,0.211029,-0.09671,0.171914,-0.096228,0.002653,0.001023
0,-0.050159,-0.039451,-0.210927,0.013259,-0.237173,-0.033052,0.000875,0.000689
0,-0.083922,-0.052139,-0.063499,-0.040286,-0.018166,-0.051225,0.001465,0.00091
0,0.005697,-0.048785,0.060162,0.031528,0.109821,-0.002276,9.9e-05,0.000851
0,0.186264,0.091862,0.159763,0.149358,0.115577,0.190991,0.002367,0.001603
0,-0.022327,0.078047,-0.196147,0.00474,-0.195815,0.021637,0.00039,0.001362
0,0.283706,-0.142187,0.318202,-0.20809,0.280291,-0.209372,0.000666,0.002482
0,0.24464,-0.016594,-0.041282,0.144371,-0.068948,0.094375,0.001348,0.00029
0,0.020329,-0.103379,-0.212846,-0.061617,-0.251485,-0.049002,0.000355,0.001804
0,0.112271,-0.02501,0.108933,0.103239,0.129945,0.101477,0.00196,0.000437
0,0.228832,0.07565,0.086571,0.111382,0.066212,0.125144,0.001624,0.00132
0,0.235192,0.083065,-0.003217,-0.013666,0.033319,-0.060928,0.001513,0.00145
0,0.145357,0.009558,-0.06435,-0.078524,-0.084643,-0.085915,0.002537,0.000167
0,0.22257,0.045518,0.048754,0.044572,0.009765,0.07632,0.001733,0.000794
0,0.116521,-0.008168,-0.080683,-0.037892,-0.073522,-0.053142,0.002034,0.000143
0,0.215153,0.05703,0.09178,0.067584,0.049392,0.041533,0.001862,0.000995
0,0.130253,0.10262,-0.112143,0.044356,-0.11891,0.003676,0.002273,0.001791
0,0.212822,0.030351,0.055952,-0.052921,0.058124,-0.033693,0.001903,0.00053
0,0.058313,-0.044783,-0.167698,-0.057153,-0.151751,-0.025563,0.001018,0.000782
0,0.111979,0.00847,0.035171,0.042481,0.029745,0.031196,0.001954,0.000148
0,0.23458,-0.094517,0.113673,-0.103231,0.105337,-0.134609,0.001523,0.00165
0,0.069996,-0.025703,-0.159299,0.075166,-0.207954,0.119977,0.001222,0.000449
0,0.223861,-0.007946,0.176296,-0.011634,0.133558,-0.052,0.00171,0.000139
0,0.249798,-0.1398,0.049929,-0.134531,0.087622,-0.165176,0.001258,0.00244
0,0.255506,-0.00304,-0.004617,0.114819,-0.051859,0.068814,0.001158,5.3e-05
0,0.156088,0.071398,-0.071018,0.090066,-0.030827,0.101496,0.002724,0.001246
0,0.018873,-0.095602,-0.163737,-0.171227,-0.177605,-0.137194,0.000329,0.001669
0,0.034181,0.020012,-0.003677,0.127275,-0.034314,0.127088,0.000597,0.000349
0,0.070045,0.079474,0.064283,0.077602,0.0889,0.122818,0.001223,0.001387
0,0.217543,-0.084278,0.139067,-0.153515,0.124854,-0.144703,0.001821,0.001471
0,-0.001389,0.034949,-0.203398,0.120408,-0.19847,0.166562,2.4e-05,0.00061
0,0.026997,-0.049693,0.056045,-0.057721,0.05585,-0.036465,0.000471,0.000867
0,0.007019,-0.024759,-0.023384,0.037038,-0.018001,0.055436,0.000123,0.000432
0,-0.073765,-0.094882,-0.096083,-0.05204,-0.119248,-0.002918,0.001287,0.001656
0,-0.119931,-0.007073,-0.076083,0.093515,-0.073081,0.121102,0.002093,0.000123
0,0.048517,-0.031588,0.158108,-0.021674,0.178801,0.018571,0.000847,0.000551
0,0.118603,-0.061736,0.097252,-0.052309,0.144186,-0.05898,0.00207,0.001078
0,-0.054222,0.030985,-0.202032,0.116156,-0.171332,0.095653,0.000946,0.000541
0,0.019191,-0.062575,0.073248,-0.111692,0.068597,-0.067901,0.000335,0.001092
0,0.096351,0.092953,0.089414,0.180409,0.066014,0.230183,0.001682,0.001622
0,0.147342,0.035647,0.025356,-0.044097,0.028783,-0.003446,0.002572,0.000622
0,0.173328,-0.044786,-0.000801,-0.090617,-0.042738,-0.116363,0.002592,0.000782
0,0.119614,0.10145,-0.069268,0.118061,-0.07077,0.104173,0.002088,0.001771
0,0.026556,0.029262,-0.084141,-0.060193,-0.055745,-0.062496,0.000463,0.000511
0,-0.086688,-0.101513,-0.107561,-0.111633,-0.132778,-0.097454,0.001513,0.001772
0,0.04039,0.021958,0.117614,0.105911,0.151366,0.072088,0.000705,0.000383
0,0.016075,-0.127048,0.002284,-0.122191,0.044491,-0.143939,0.000281,0.002217
0,0.005932,0.031062,-0.001727,0.180671,-0.013442,0.173322,0.000104,0.000542
0,-0.111645,0.085473,-0.121577,0.046176,-0.081816,0.004277,0.001949,0.001492
0,-0.078685,0.044235,0.021557,-0.033375,0.045677,-0.061608,0.001373,0.000772
0,-0.075413,0.087022,0.013721,0.028723,0.024661,0.015749,0.001316,0.001519
0,0.04554,-0.153627,0.132087,-0.213478,0.108152,-0.218552,0.000795,0.002681
0,0.096575,0.103288,0.058558,0.24109,0.020204,0.235482,0.001686,0.001803
0,-0.153602,-0.154379,-0.27114,-0.246097,-0.271039,-0.249036,0.002681,0.002694
0,0.061863,-0.004731,0.243138,0.124362,0.268561,0.127326,0.00108,8.3e-05
0,0.762203,-1.333872,0.723384,-1.35779,0.674541,-1.357321,0.002068,0.00081
0,0.779008,-1.720229,0.005254,-0.364387,0.023764,-0.351102,0.002361,0.001936
0,0.839909,-1.415789,0.037691,0.334332,0.012591,0.344972,0.002193,0.00224
0,0.709954,-1.356126,-0.131647,0.054294,-0.14186,0.051602,0.001156,0.001199
0,0.442664,-1.418257,-0.250576,-0.087645,-0.236136,-0.077538,0.002108,0.002283
0,0.53988,-1.041399,0.079339,0.38561,0.03465,0.365821,0.001812,0.001323
0,0.310425,-0.789395,-0.229815,0.239296,-0.212122,0.190241,0.0002,0.002543
0,0.141871,-0.70596,-0.191318,0.073362,-0.180272,0.109337,0.002476,0.001086
0,0.066067,-0.677785,-0.065025,0.056959,-0.099701,0.080624,0.001153,0.000595
0,0.018511,-0.472453,-0.03239,0.18688,0.006813,0.203141,0.000323,0.002628
0,-0.026619,-0.12681,-0.046619,0.347221,-0.008651,0.303215,0.000465,0.002213
0,0.076737,-0.018886,0.094018,0.08573,0.121631,0.055025,0.001339,0.00033
0,-0.03119,-0.136599,-0.104119,-0.110563,-0.102052,-0.145317,0.000544,0.002384
0,0.077875,0.107966,0.095482,0.240138,0.082249,0.236462,0.001359,0.001884
0,-0.05048,0.09818,-0.138313,0.017695,-0.097359,0.053983,0.000881,0.001714
0,-0.085366,0.081415,-0.036078,-0.027834,-0.046782,-0.065147,0.00149,0.001421
0,0.114257,0.125489,0.206761,0.019053,0.198345,0.022062,0.001994,0.00219
0,0.117249,0.221387,0.023136,0.12207,0.050975,0.083877,0.002046,0.001754
0,-0.063696,-0.086032,-0.173287,-0.319459,-0.155643,-0.287671,0.001112,0.001502
0,-0.022118,-0.092244,0.025046,-0.003752,0.004229,-0.028263,0.000386,0.00161
0,-0.066584,0.044973,-0.025648,0.147343,-0.049394,0.117308,0.001162,0.000785
0,-0.032816,-0.040642,0.061537,-0.087809,0.051957,-0.10324,0.000573,0.000709
0,-0.0992,-0.080789,-0.053205,-0.040628,-0.014196,-0.018927,0.001731,0.00141
0,0.040166,0.037422,0.12656,0.136866,0.156344,0.158683,0.000701,0.000653
0,0.093631,-0.024445,0.059453,-0.046881,0.030304,-0.048596,0.001634,0.000427
0,-0.107344,-0.109543,-0.172931,-0.098245,-0.140006,-0.111968,0.001874,0.001912
0,-0.097253,0.122332,0.020927,0.242268,-0.015676,0.256835,0.001697,0.002135
0,0.107582,0.121619,0.181527,-0.006323,0.174377,-0.006786,0.001878,0.002123
0,-0.142201,-0.021323,-0.270726,-0.132071,-0.291578,-0.09385,0.002482,0.000372
0,-0.077755,-0.110841,0.036636,-0.066941,0.025891,-0.02324,0.001357,0.001935
0,0.053039,0.085676,0.157958,0.185291,0.186638,0.210384,0.000926,0.001495
0,0.131484,0.05373,0.090914,-0.017045,0.081312,-0.024135,0.002295,0.000938
0,0.013905,-0.029814,-0.097378,-0.075112,-0.060208,-0.100022,0.000243,0.00052
0,-0.133809,0.089797,-0.144781,0.143683,-0.15716,0.173984,0.002335,0.001567
0,-0.09578,-0.053376,0.040654,-0.139055,0.001903,-0.160048,0.001672,0.000932
0,0.133213,-0.114527,0.208923,-0.080866,0.257984,-0.031529,0.002325,0.001999
0,-0.138194,-0.078823,-0.26154,0.04062,-0.25294,0.065804,0.002412,0.001376
0,-0.08258,-0.052758,0.030213,-0.00254,0.030856,0.008027,0.001441,0.000921
0,0.023606,0.000884,0.096389,0.043617,0.089552,0.032641,0.000412,1.5e-05
0,-0.032042,0.127454,-0.059202,0.153623,-0.03831,0.192306,0.000559,0.002224
0,-0.08226,0.095785,-0.036454,-0.040192,-0.069082,-0.050264,0.001436,0.001672
0,0.033853,0.023942,0.142693,-0.090862,0.169432,-0.131103,0.000591,0.000418
0,0.139774,-0.011907,0.087167,-0.024163,0.04079,0.003826,0.00244,0.000208
0,-0.026695,0.127147,-0.158879,0.117058,-0.145867,0.161471,0.000466,0.002219
0,0.046132,-0.11297,0.079649,-0.261258,0.068479,-0.240608,0.000805,0.001972
0,-0.053553,0.1241,-0.104924,0.220614,-0.090496,0.198843,0.000935,0.002166
0,0.069537,-0.116126,0.120112,-0.264684,0.073623,-0.309413,0.001214,0.002027
0,0.008018,-0.112146,-0.083315,0.026269,-0.086046,0.038689,0.00014,0.001957
0,-0.067726,-0.010681,-0.0496,0.076078,-0.067777,0.039675,0.001182,0.000186
0,-0.020071,0.121564,0.03227,0.113076,-0.012956,0.12306,0.00035,0.002122
0,-0.095446,-0.106127,-0.057391,-0.211222,-0.101456,-0.232462,0.001666,0.001852
0,-0.099363,0.021595,0.020927,0.147851,0.004953,0.147976,0.001734,0.000377
0,-0.010397,0.023719,0.0714,-0.021395,0.094034,-0.031926,0.000181,0.000414
0,-0.104032,0.132252,-0.116932,0.084861,-0.085659,0.06152,0.001816,0.002308
0,0.166422,0.151503,0.25166,-0.000256,0.264264,-0.032632,0.002713,0.002644
0,-0.054915,0.150822,-0.231897,-0.013575,-0.203444,0.029837,0.000958,0.002632
0,0.026872,0.08704,0.072117,-0.083858,0.066926,-0.041594,0.000469,0.001519
0,0.064534,0.064645,0.01043,-0.035952,0.047357,-0.021255,0.001126,0.001128
0,-0.123731,-0.095186,-0.158834,-0.160186,-0.121788,-0.168952,0.00216,0.001661
0,-0.019157,-0.165026,0.112506,-0.060993,0.132267,-0.086367,0.000334,0.002737
0,0.090681,-0.06002,0.134285,0.086114,0.175637,0.081513,0.001583,0.001048
0,-0.050409,0.046306,-0.158412,0.09332,-0.147071,0.081961,0.00088,0.000808
0,0.193289,-0.106758,0.269392,-0.158698,0.301739,-0.181093,0.002244,0.001863
0,0.053145,-0.036647,-0.111645,0.088769,-0.113287,0.134828,0.000928,0.00064
0,0.071769,0.016247,0.031747,0.026925,0.004143,0.074156,0.001253,0.000284
0,0.192164,0.017847,0.135154,0.028843,0.157981,0.070061,0.002264,0.000311
0,0.147045,-0.053111,-0.070167,-0.055907,-0.060878,-0.104575,0.002566,0.000927
0,0.141483,0.058301,-0.034103,0.111781,-0.054082,0.066898,0.002469,0.001018
0,0.00401,-0.05262,-0.133592,-0.083539,-0.09348,-0.065308,7e-05,0.000918
0,0.147122,-0.139221,0.131059,-0.112378,0.141014,-0.066151,0.002568,0.00243
0,-0.118459,-0.056924,-0.239227,0.061965,-0.262935,0.066075,0.002067,0.000994
0,0.165038,-0.077326,0.303497,-0.039681,0.304013,-0.051611,0.002737,0.00135
0,-0.140207,-0.104299,-0.331511,-0.024569,-0.302151,0.022732,0.002447,0.00182
0,0.038704,-0.209507,0.157657,-0.12182,0.176848,-0.129246,0.000676,0.001961
0,0.111792,0.012618,0.043655,0.213711,0.015194,0.195019,0.001951,0.00022
0,0.035967,0.046762,-0.067185,0.01867,-0.04088,0.033091,0.000628,0.000816
0,0.012049,-0.070357,-0.036571,-0.117074,-0.073841,-0.122408,0.00021,0.001228
0,-0.049361,-0.055355,-0.048861,-0.008258,-0.018467,0.040928,0.000862,0.000966
0,0.041732,0.064876,0.115995,0.114196,0.137329,0.075792,0.000728,0.001132
0,0.013118,-0.065148,-0.029433,-0.139678,-0.059878,-0.184582,0.000229,0.001137
0,-0.025974,-0.131185,-0.053616,-0.071537,-0.088899,-0.12143,0.000453,0.00229
0,0.162837,0.066197,0.193114,0.206995,0.215662,0.235812,0.002775,0.001155
0,-0.033832,0.024021,-0.218232,-0.072059,-0.197419,-0.039287,0.00059,0.000419
0,0.012372,-0.024122,0.053395,-0.038644,0.078331,-0.003309,0.000216,0.000421
0,0.131094,-0.095992,0.12379,-0.059476,0.159737,-0.013486,0.002288,0.001675
0,0.089586,0.061463,-0.063854,0.148305,-0.032057,0.111832,0.001564,0.001073
0,0.062774,-0.149307,0.000257,-0.200888,0.027046,-0.163126,0.001096,0.002606
0,-0.072484,-0.025265,-0.149791,0.146492,-0.15776,0.149611,0.001265,0.000441
0,0.22416,0.019367,0.300262,0.056921,0.294096,0.03705,0.001705,0.000338
0,-0.002581,-0.034047,-0.250712,-0.062733,-0.228744,-0.028377,4.5e-05,0.000594
0,0.018145,-0.153483,0.003529,-0.134417,0.034801,-0.133439,0.000317,0.002679
0,0.161926,-0.097946,0.131806,0.036218,0.15828,0.032614,0.002791,0.001709
0,0.054533,-0.190105,-0.11267,-0.070247,-0.127896,-0.089183,0.000952,0.0023
0,0.190569,-0.210627,0.133642,-0.012386,0.164532,-0.053784,0.002291,0.001941
0,0.160263,-0.09587,-0.059055,0.121467,-0.086197,0.095551,0.002797,0.001673
0,0.145078,-0.01133,-0.030033,0.111671,-0.055572,0.131265,0.002532,0.000198
0,0.251183,-0.164676,0.110334,-0.127185,0.070969,-0.172584,0.001234,0.002743
0,0.230539,-0.101321,-0.034327,0.056702,-0.043339,0.021098,0.001594,0.001768
0,0.106807,0.030985,-0.137264,0.140209,-0.183497,0.143074,0.001864,0.000541
0,0.018364,-0.193886,-0.104483,-0.220156,-0.110448,-0.199409,0.000321,0.002234
0,0.121842,0.01615,0.127129,0.215947,0.131193,0.229821,0.002127,0.000282
0,0.148997,0.044636,0.041545,0.015467,0.042695,0.008635,0.0026,0.000779
0,0.243443,-0.062067,0.090786,-0.101619,0.041487,-0.109035,0.001369,0.001083
0,0.013021,-0.003704,-0.243439,0.050166,-0.241517,0.056445,0.000227,6.5e-05
0,0.184818,-0.184555,0.196463,-0.18939,0.220925,-0.232955,0.002392,0.002396
0,-0.033153,0.084647,-0.203814,0.250315,-0.237916,0.265849,0.000579,0.001477
0,0.153637,0.021107,0.206325,-0.038481,0.204347,-0.083319,0.002681,0.000368
0,0.051332,0.035472,-0.097294,0.033148,-0.095131,0.072519,0.000896,0.000619
0,0.063633,0.067103,-0.01745,0.051537,0.02344,0.096871,0.001111,0.001171
0,-0.034586,-0.024163,-0.080186,-0.097541,-0.098225,-0.078854,0.000604,0.000422
0,0.098317,-0.194923,0.15655,-0.172017,0.198113,-0.191495,0.001716,0.002215
0,0.199841,-0.125041,0.081544,0.087377,0.0836,0.064153,0.00213,0.002182
0,0.170247,-0.118321,-0.042823,-0.018712,-0.05116,0.001953,0.002646,0.002065
0,0.066541,-0.197797,-0.130689,-0.071759,-0.09678,-0.056984,0.001161,0.002165
0,0.226052,-0.19521,0.139639,0.003345,0.103182,0.048721,0.001672,0.00221
0,0.063076,0.055632,-0.168637,0.227126,-0.133123,0.177657,0.001101,0.000971
0,0.115552,-0.165451,0.079046,-0.244988,0.029344,-0.260364,0.002017,0.00273
0,0.03914,-0.111849,-0.066563,0.026172,-0.115824,0.046557,0.000683,0.001952
0,0.000122,-0.10693,-0.012767,-0.015901,-0.000879,0.017328,2e-06,0.001866
0,-0.0208,-0.111571,-0.041559,0.016412,-0.022523,0.028395,0.000363,0.001947
0,-0.044881,0.095799,-0.002834,0.211445,-0.0288,0.211652,0.000783,0.001672
0,0.042896,0.023681,0.117005,-0.060042,0.101413,-0.035509,0.000749,0.000413
0,-0.031052,0.056588,-0.099195,0.026323,-0.120087,0.00276,0.000542,0.000988
0,0.119926,0.132982,0.177586,0.084649,0.204073,0.099413,0.002093,0.002321
0,-0.039884,0.101271,-0.158418,-0.017497,-0.117516,0.011317,0.000696,0.001768
0,-0.005529,-0.076667,0.055733,-0.149982,0.03107,-0.123642,9.6e-05,0.001338
0,0.053348,-0.104909,0.039925,-0.000231,0.07362,0.034557,0.000931,0.001831
0,0.153426,-0.096448,0.126363,0.000994,0.102219,0.009372,0.002678,0.001683
0,-0.066499,-0.026811,-0.2165,0.083418,-0.262635,0.131295,0.001161,0.000468
0,0.104741,0.152191,0.15467,0.194485,0.173269,0.186779,0.001828,0.002656
0,0.145741,0.107529,0.065529,-0.036389,0.02031,0.002407,0.002544,0.001877
0,0.044389,-0.091065,-0.124975,-0.225378,-0.136312,-0.266961,0.000775,0.001589
0,0.130191,0.074387,0.063769,0.178181,0.023595,0.223773,0.002272,0.001298
0,0.025154,-0.092128,-0.099609,-0.1827,-0.08608,-0.180839,0.000439,0.001608
0,-0.050185,0.002808,-0.052042,0.070532,-0.041859,0.044247,0.000876,4.9e-05
0,-0.088528,-0.063596,-0.058333,-0.064686,-0.096143,-0.083747,0.001545,0.00111
0,0.091114,-0.114488,0.182315,-0.021417,0.176922,0.012066,0.00159,0.001998
0,0.086308,0.115357,0.020796,0.235064,0.036851,0.20948,0.001506,0.002013
0,-0.056871,0.010875,-0.150511,-0.089994,-0.184221,-0.128546,0.000993,0.00019
0,-0.011455,-0.074881,0.029527,-0.090762,0.078963,-0.077862,0.0002,0.001307
0,0.218429,-0.079759,0.226807,-0.015405,0.193159,0.002686,0.001805,0.001392
0,-0.084342,-0.058846,-0.32168,0.039375,-0.329947,0.071751,0.001472,0.001027
0,0.095755,-0.043933,0.176895,0.014492,0.155971,0.050622,0.001671,0.000767
0,-0.012453,-0.145576,-0.107145,-0.096054,-0.070433,-0.07662,0.000217,0.002541
0,-0.099474,0.071666,-0.07806,0.221595,-0.094496,0.225682,0.001736,0.001251
0,0.076278,-0.147926,0.149966,-0.22636,0.115004,-0.240433,0.001331,0.002582
0,-0.023803,0.039995,-0.074725,0.167741,-0.055324,0.167216,0.000415,0.000698
0,-0.083892,-0.117861,-0.035528,-0.147283,-0.010405,-0.1927,0.001464,0.002057
0,0.161285,-0.088943,0.238977,0.030085,0.274088,0.047464,0.002803,0.001552
0,0.073951,0.040542,-0.059617,0.125742,-0.095883,0.170789,0.001291,0.000708
0,0.166054,0.027759,0.079016,-0.040755,0.102164,-0.018556,0.002719,0.000484
0,-0.077286,0.055183,-0.26335,0.010346,-0.264801,-0.002577,0.001349,0.000963
0,-0.002624,-0.031479,0.052745,-0.100593,0.092465,-0.079963,4.6e-05,0.000549
0,0.113024,-0.105188,0.122511,-0.074966,0.157041,-0.042606,0.001973,0.001836
0,0.101059,0.033341,-0.037236,0.128265,-0.015958,0.088096,0.001764,0.000582
0,0.237618,0.078934,0.166081,0.053201,0.130642,0.072287,0.00147,0.001378
0,0.136179,0.175951,-0.112261,0.075991,-0.132246,0.048753,0.002377,0.002547
0,0.277902,0.04648,0.124967,-0.105935,0.092637,-0.113301,0.000767,0.000811
0,0.143394,0.039709,-0.157431,0.011328,-0.130421,-0.018704,0.002503,0.000693
0,0.012945,0.150346,-0.120684,0.113683,-0.110133,0.130646,0.000226,0.002624
0,0.185199,0.077262,0.149701,-0.08894,0.101435,-0.047348,0.002385,0.001348
0,0.047849,-0.06505,-0.130947,-0.137122,-0.112926,-0.182227,0.000835,0.001135
0,-0.081641,-0.059751,-0.144914,0.015592,-0.167725,0.050252,0.001425,0.001043
0,0.0566,-0.116356,0.134981,-0.079371,0.154409,-0.0701,0.000988,0.002031
0,0.038527,-0.042764,-0.007329,0.08329,-0.014817,0.090545,0.000672,0.000746
0,-0.023217,-0.008808,-0.07192,0.04984,-0.069333,0.026269,0.000405,0.000154
0,-0.050354,0.011939,-0.023324,0.049613,-0.005641,0.043808,0.000879,0.000208
0,0.170457,0.13144,0.196672,0.091701,0.229995,0.080749,0.002642,0.002294
0,-0.044365,-0.015207,-0.198942,-0.132112,-0.226887,-0.162047,0.000774,0.000265
0,-0.091125,-0.041561,-0.062195,-0.050938,-0.041184,-0.001613,0.00159,0.000725
0,-0.047409,0.044414,0.072448,0.094318,0.076206,0.098361,0.000827,0.000775
0,-0.17653,-0.022824,-0.142263,-0.073967,-0.174028,-0.087538,0.002536,0.000398
0,-0.146616,0.050608,0.006018,0.098028,-0.005602,0.059593,0.002559,0.000883
0,0.025216,0.029379,0.162297,-0.04549,0.126931,-0.036707,0.00044,0.000513
0,-0.142563,0.021832,-0.187116,-0.027938,-0.141081,-0.064375,0.002488,0.000381
0,0.090841,0.042357,0.255036,-0.009472,0.20593,0.021833,0.001585,0.000739
0,-0.150645,-0.034364,-0.22211,-0.100744,-0.237612,-0.100364,0.002629,0.0006
0,-0.062915,0.016292,0.082476,0.063869,0.085998,0.085297,0.001098,0.000284
0,-0.129208,-0.037119,-0.067501,-0.027082,-0.105298,-0.046497,0.002255,0.000648
0,-0.1402,0.105792,0.00815,0.159199,0.033965,0.208156,0.002447,0.001846
0,-0.228953,0.036319,-0.060673,-0.067313,-0.038645,-0.057514,0.001622,0.000634
0,-0.152664,0.056719,0.087508,-0.008264,0.047156,0.032074,0.002664,0.00099
0,-0.043194,-0.060451,0.089358,-0.116838,0.114436,-0.112366,0.000754,0.001055
0,0.048928,-0.052829,0.115559,0.000546,0.154807,-0.018912,0.000854,0.000922
0,-0.04873,0.056773,-0.113695,0.100448,-0.089499,0.148989,0.000851,0.000991
0,-0.111728,0.037662,-0.037956,0.002836,-0.04853,-0.004728,0.00195,0.000657
0,0.056006,-0.148161,0.181921,-0.159976,0.181895,-0.204247,0.000977,0.002586
0,-0.068292,-0.076372,-0.145269,0.098851,-0.161414,0.089508,0.001192,0.001333
0,-0.057605,0.047231,0.016304,0.121161,0.011401,0.111311,0.001005,0.000824
0,0.058225,-0.019854,0.107483,-0.080564,0.078199,-0.059437,0.001016,0.000347
0,-0.132155,-0.074793,-0.180442,-0.074516,-0.146973,-0.115697,0.002307,0.001305
0,0.141998,0.072034,0.294229,0.128805,0.319209,0.124737,0.002478,0.001257
0,0.043943,0.097672,-0.093716,0.049983,-0.096493,0.05631,0.000767,0.001705
0,0.007062,0.001954,-0.025606,-0.112692,0.001063,-0.087532,0.000123,3.4e-05
0,-0.05446,0.088788,-0.077065,0.104698,-0.123794,0.11178,0.00095,0.00155
0,0.139927,-0.077398,0.200661,-0.180436,0.165207,-0.223645,0.002442,0.001351
0,0.163418,0.033612,0.05255,0.137343,0.081373,0.123612,0.002765,0.000587
0,-0.041869,-0.130101,-0.194543,-0.170387,-0.213194,-0.189725,0.000731,0.002271
0,-0.02522,0.036933,-0.003118,0.148055,-0.010867,0.14817,0.00044,0.000645
0,-0.029915,-0.006075,-0.007119,-0.037878,-0.024209,-0.073785,0.000522,0.000106
0,0.024015,-0.065894,0.069993,-0.086403,0.040465,-0.097074,0.000419,0.00115
0,0.047106,0.006086,0.000907,0.083355,0.00589,0.096429,0.000822,0.000106
0,0.039912,-0.015162,-0.001212,0.004793,0.011134,0.009804,0.000697,0.000265
0,0.141085,0.099803,0.112527,0.097337,0.158604,0.131524,0.002462,0.001742
0,0.233485,-0.062738,0.087266,-0.176734,0.080239,-0.192583,0.001542,0.001095
0,0.110838,0.169809,-0.114325,0.204319,-0.104692,0.251871,0.001934,0.002654
0,0.056522,0.11898,-0.042964,-0.079997,-0.084991,-0.086588,0.000986,0.002077
0,0.1775,-0.106467,0.138448,-0.212664,0.184775,-0.249906,0.00252,0.001858
0,0.13081,-0.102743,-0.041905,-0.01842,-0.038901,-0.026778,0.002283,0.001793
0,0.08985,-0.015871,-0.042723,0.083398,-0.024602,0.036059,0.001568,0.000277
0,0.114259,-0.17227,0.049913,-0.140273,0.02121,-0.157334,0.001994,0.002611
0,0.05918,-0.055334,-0.039616,0.111098,-0.043075,0.15391,0.001033,0.000966
0,0.153561,0.111161,0.105558,0.194695,0.129847,0.165175,0.00268,0.00194
0,0.104297,-0.015298,-0.041556,-0.147459,0.003635,-0.118527,0.00182,0.000267
0,0.055262,0.024524,-0.026379,0.041343,-0.009808,0.011286,0.000965,0.000428
0,0.043418,-0.058209,-0.005563,-0.053946,0.030304,-0.063187,0.000758,0.001016
0,-0.110893,-0.041189,-0.137917,-0.012886,-0.136066,-0.020999,0.001935,0.000719
0,0.004096,-0.033675,0.142831,-0.005369,0.191447,-0.017185,7.1e-05,0.000588
0,-0.232062,-0.14784,-0.216821,-0.101687,-0.226767,-0.065681,0.001567,0.00258
0,-0.225653,-0.076005,0.032865,0.046694,0.062896,0.069656,0.001679,0.001327
0,-0.149074,0.100012,0.087359,0.147331,0.048892,0.156238,0.002602,0.001746
0,0.051748,0.062183,0.174919,-0.055268,0.207867,-0.095971,0.000903,0.001085
0,0.009093,0.05707,-0.041237,0.017859,-0.069449,0.028066,0.000159,0.000996
0,-0.064613,0.066703,-0.070422,-0.006268,-0.045966,0.033816,0.001128,0.001164
0,-0.101381,0.114703,-0.039767,0.032869,-0.052833,-0.001597,0.001769,0.002002
0,0.008662,0.135294,0.110957,0.038154,0.071969,0.045655,0.000151,0.002361
0,-0.12703,0.094502,-0.113558,-0.061853,-0.135217,-0.035991,0.002217,0.001649
0,-0.081182,-0.000402,0.019024,-0.087042,0.037067,-0.082409,0.001417,7e-06
0,-0.092203,-0.07844,0.016937,-0.05913,0.051941,-0.040784,0.001609,0.001369
0,-0.068302,-0.037552,0.051479,0.015439,0.04446,0.014865,0.001192,0.000655
0,0.060161,-0.154581,0.114262,-0.103824,0.106843,-0.079199,0.00105,0.002698
0,-0.021464,-0.090369,-0.097863,0.092115,-0.113004,0.06791,0.000375,0.001577
0,-0.018843,-0.165873,0.011195,-0.062042,-0.025827,-0.073055,0.000329,0.002722
0,-0.069495,0.049213,-0.057591,0.237546,-0.105351,0.266053,0.001213,0.000859
0,0.080405,0.083708,0.156659,0.039461,0.192994,0.043373,0.001403,0.001461
0,0.040297,-0.100545,-0.021912,-0.168172,-0.015462,-0.179298,0.000703,0.001755
0,-0.026054,0.068679,-0.076341,0.199092,-0.102265,0.217365,0.000455,0.001199
0,0.058381,-0.16002,0.073838,-0.250624,0.063524,-0.279117,0.001019,0.002793
0,-0.018931,0.125496,-0.079071,0.313921,-0.107949,0.271189,0.00033,0.00219
0,0.094251,0.01594,0.098985,-0.101101,0.119043,-0.117091,0.001645,0.000278
0,0.184951,-0.093211,0.077113,-0.096194,0.11948,-0.115534,0.00239,0.001627
0,0.271945,0.010087,0.092847,0.123799,0.10968,0.084662,0.000871,0.000176
0,0.014457,0.043235,-0.235511,0.052879,-0.276369,0.076459,0.000252,0.000755
0,0.156331,0.020614,0.158147,-0.049875,0.134908,-0.090627,0.002728,0.00036
0,0.150006,-0.078141,0.020727,-0.104218,0.031357,-0.079084,0.002618,0.001364
0,0.208901,0.066312,0.043021,0.169765,0.03783,0.204347,0.001972,0.001157
0,0.063819,0.10316,-0.152816,0.018712,-0.148242,0.013394,0.001114,0.0018
0,0.197014,0.072737,0.114611,-0.006677,0.070027,-0.04579,0.002179,0.00127
0,0.184168,0.084973,-0.035824,0.009651,-0.001886,0.011345,0.002403,0.001483
0,0.135866,-0.032711,-0.020403,-0.133293,0.011754,-0.123412,0.002371,0.000571
0,0.180761,0.16322,0.028235,0.169406,0.038017,0.218818,0.002463,0.002769
0,-0.812643,1.453344,-1.014306,1.318718,-0.979733,1.272243,0.002669,0.002722
0,-1.748006,1.571972,-0.924877,0.105887,-0.960309,0.089446,0.002421,0.000651
0,-2.267418,1.51642,-0.524735,-0.034707,-0.573118,-0.025893,0.000251,0.001621
0,-1.811222,1.544522,0.437494,0.006149,0.483123,0.043336,0.002093,0.001131
0,-1.283602,1.188772,0.547453,-0.349776,0.51929,-0.306336,6.7e-05,0.001722
0,-1.140963,0.735508,0.137849,-0.46868,0.118475,-0.459544,0.002556,0.001602
0,-0.773807,0.5539,0.358528,-0.177566,0.355967,-0.137378,0.00227,0.001568
0,-0.72028,0.404483,0.032936,-0.162905,0.041685,-0.202251,0.001336,0.001442
0,-0.414728,0.150519,0.315669,-0.252574,0.311558,-0.294271,0.001621,0.002627
0,-0.232478,-0.33142,0.164047,-0.476241,0.188441,-0.45382,0.00156,0.000167
0,-0.206714,-0.354615,0.016545,-0.023132,0.065053,-0.014261,0.00201,0.000572
0,0.158758,-0.308463,0.358023,0.070073,0.332732,0.068229,0.002771,0.000234
0,-0.061429,-0.379197,-0.237953,-0.074887,-0.194274,-0.089322,0.001072,0.001001
0,0.115345,-0.220818,0.199844,0.129272,0.15934,0.133912,0.002013,0.001764
0,0.243808,-0.159005,0.122452,0.0838,0.152245,0.119646,0.001362,0.002775
0,0.286902,-0.025248,0.058567,0.142099,0.098018,0.145166,0.00061,0.000441
0,0.017049,0.021433,-0.240448,0.057982,-0.215426,0.053312,0.000298,0.000374
0,0.1938,-0.000718,0.154357,-0.051679,0.177445,-0.08519,0.002235,1.3e-05
0,0.168519,-0.122746,-0.043898,-0.108595,-0.056775,-0.135627,0.002676,0.002142
0,0.013632,0.008705,-0.180974,0.160382,-0.180042,0.175025,0.000238,0.000152
0,-0.14348,0.042667,-0.134832,0.050698,-0.115975,0.041732,0.002504,0.000745
0,-0.137945,0.086664,-0.021141,0.027062,-0.031694,-0.000107,0.002408,0.001513
0,-0.035492,-0.043045,0.1162,-0.111236,0.132707,-0.112888,0.000619,0.000751
0,-0.183028,-0.099402,-0.133414,-0.042696,-0.18098,-0.035725,0.002423,0.001735
0,0.079761,-0.124846,0.257543,-0.028947,0.231538,-0.017771,0.001392,0.002179
0,-0.125105,-0.047643,-0.193733,0.05268,-0.194385,0.048144,0.002184,0.000832
0,-0.094455,-0.181753,0.056848,-0.144384,0.033137,-0.103168,0.001649,0.002445
0,-0.177328,-0.146033,-0.066979,0.059164,-0.079012,0.051661,0.002523,0.002549
0,0.119964,0.028916,0.270408,0.148633,0.22123,0.12887,0.002094,0.000505
0,0.087929,-0.133781,-0.011331,-0.161108,0.022571,-0.129813,0.001535,0.002335
0,0.046801,-0.204571,-0.016526,-0.089661,-0.0261,-0.138085,0.000817,0.002047
0,0.142951,-0.206095,0.110265,0.018662,0.070081,-0.015259,0.002495,0.00202
0,-0.047485,-0.204615,-0.212267,-0.009435,-0.221841,0.040082,0.000829,0.002046
0,-0.004566,-0.189024,0.017546,0.017199,0.039652,-0.002587,8e-05,0.002318
0,-0.129945,0.010328,-0.139305,0.216169,-0.184407,0.175326,0.002268,0.00018
0,-0.159136,-0.230948,-0.033537,-0.222872,-0.039305,-0.233935,0.002777,0.001587
0,-0.120225,-0.200304,0.015671,0.050693,-0.006684,0.012299,0.002098,0.002122
0,-0.162455,-0.0894,-0.038558,0.125607,-0.006459,0.133449,0.002782,0.00156
0,-0.036946,-0.255692,0.137648,-0.155193,0.108242,-0.109258,0.000645,0.001155
0,-0.167016,0.023309,-0.142353,0.297104,-0.117518,0.265822,0.002703,0.000407
0,-0.021815,-0.199856,0.16792,-0.196085,0.125642,-0.236854,0.000381,0.002129
0,0.090139,-0.160475,0.118756,0.068504,0.150622,0.076464,0.001573,0.002801
0,0.145534,0.08432,0.057176,0.257793,0.02855,0.300586,0.00254,0.001472
0,-0.035537,-0.022453,-0.170165,-0.123921,-0.148772,-0.170423,0.00062,0.000392
0,-0.08274,-0.098241,-0.065011,-0.07249,-0.049073,-0.10882,0.001444,0.001715
0,-0.006683,0.024614,0.07213,0.124196,0.058541,0.092744,0.000117,0.00043
0,-0.138658,-0.189364,-0.147365,-0.200191,-0.195769,-0.162406,0.00242,0.002312
0,-0.183601,-0.164626,-0.073223,0.016629,-0.050819,-0.016466,0.002413,0.002744
0,-0.159539,-0.093151,0.009992,0.094086,-0.004427,0.064928,0.002784,0.001626
0,0.052029,-0.057967,0.209179,0.056587,0.241026,0.012809,0.000908,0.001012
0,0.049628,0.030853,-0.021605,0.076315,-0.03688,0.109059,0.000866,0.000538
0,-0.082613,-0.05771,-0.136774,-0.117603,-0.18063,-0.099738,0.001442,0.001007
0,-0.199498,-0.148,-0.132525,-0.088473,-0.106743,-0.104907,0.002136,0.002583
0,-0.105394,-0.087339,0.104566,0.085473,0.079408,0.131236,0.001839,0.001524
0,-0.128566,-0.07582,-0.050397,-0.002445,-0.029222,0.016768,0.002244,0.001323
0,-0.159744,-0.156504,-0.009333,-0.108409,-0.003732,-0.106965,0.002788,0.002732
0,-0.140993,-0.005168,0.009903,0.166521,0.002023,0.195659,0.002461,9e-05
0,0.049827,-0.144419,0.20477,-0.137496,0.215088,-0.186986,0.00087,0.002521
0,-0.017369,-0.136546,-0.081067,0.027139,-0.040708,-0.01987,0.000303,0.002383
0,0.00461,-0.109031,0.034801,0.013231,0.016206,-0.004973,8e-05,0.001903
0,-0.01595,-0.187005,-0.025727,-0.079161,-0.02347,-0.125347,0.000278,0.002354
0,-0.117476,0.077402,-0.113819,0.241891,-0.126649,0.234865,0.00205,0.001351
0,-0.125797,-0.19396,-0.012772,-0.255751,0.023526,-0.22565,0.002196,0.002232
0,-0.213414,0.02139,-0.060777,0.230293,-0.015286,0.195167,0.001893,0.000373
0,-0.100334,-0.096226,0.098661,-0.092444,0.071372,-0.102678,0.001751,0.001679
0,-0.190574,0.010826,-0.099919,0.113674,-0.052467,0.109605,0.002291,0.000189
0,-0.159537,0.157159,0.058932,0.155186,0.090301,0.153727,0.002784,0.002743
0,-0.056832,0.064101,0.115673,-0.097738,0.075241,-0.063913,0.000992,0.001119
0,-0.069396,0.125274,0.0164,0.037816,0.019065,-0.00134,0.001211,0.002186
0,-0.027686,0.139178,0.030403,-0.015193,0.020753,-0.006074,0.000483,0.002429
0,0.069564,0.027358,0.088874,-0.119065,0.084524,-0.155618,0.001214,0.000477
0,-0.0487,-0.095048,-0.104786,-0.12531,-0.091378,-0.173948,0.00085,0.001659
0,-0.211734,-0.048219,-0.146353,0.057912,-0.196029,0.022505,0.001922,0.000842
0,0.017573,-0.008493,0.20443,0.022758,0.154726,0.058308,0.000307,0.000148
0,-0.093939,0.075989,-0.12144,0.097248,-0.142739,0.0997,0.00164,0.001326
0,-0.21769,0.112122,-0.151683,0.011692,-0.139788,0.054712,0.001818,0.001957
0,-0.002178,0.10743,0.240223,0.016251,0.265101,-0.015049,3.8e-05,0.001875
0,-0.022535,0.153073,-0.049874,0.064554,-0.097163,0.068645,0.000393,0.002672
0,0.791161,1.720554,0.815975,1.57567,0.80933,1.552414,0.002573,0.001942
0,1.510307,3.690969,0.714554,1.986435,0.755621,1.946363,0.001728,0.002627
0,1.670269,3.359036,0.154331,-0.350565,0.175135,-0.374055,0.001064,0.002451
0,1.575022,3.154625,-0.118009,-0.210418,-0.085478,-0.235523,0.000598,0.001116
0,1.67826,2.748765,0.083181,-0.431768,0.058525,-0.407652,0.001204,0.002583
0,1.670887,1.903261,0.004259,-0.837991,-0.007635,-0.820953,0.001075,0.000487
0,1.608851,1.416205,-0.044708,-0.507916,-0.007472,-0.511656,8e-06,0.002247
0,1.166604,1.053188,-0.463986,-0.349639,-0.507954,-0.376471,0.002109,0.001529
0,1.028813,0.316854,-0.125539,-0.750899,-0.116152,-0.753581,0.001104,8.7e-05
0,0.628611,0.357725,-0.411231,0.047168,-0.409634,0.007098,0.000264,0.000626
0,0.213347,0.186324,-0.444348,-0.195963,-0.434309,-0.155908,0.001894,0.002366
0,0.044414,0.107334,-0.187018,-0.105542,-0.144724,-0.071318,0.000775,0.001873
0,0.153066,-0.059543,0.088629,-0.189577,0.047301,-0.205847,0.002671,0.001039
0,0.287828,0.062564,0.115032,0.150675,0.11884,0.166643,0.000594,0.001092
0,0.106893,-0.049896,-0.166628,-0.111806,-0.189246,-0.144021,0.001866,0.000871
0,0.124534,-0.150583,0.041445,-0.107578,0.042681,-0.118848,0.002174,0.002628
0,0.13663,0.065522,-0.009393,0.206349,-0.043816,0.244536,0.002385,0.001144
0,0.168526,-0.130602,0.035575,-0.170929,0.010987,-0.166664,0.002676,0.002279
0,-0.087296,-0.087898,-0.243155,0.053345,-0.193239,0.055868,0.001524,0.001534
0,0.160723,-0.168107,0.265753,-0.058947,0.218334,-0.020025,0.002805,0.002683
0,-0.034871,-0.19274,-0.169621,0.004659,-0.215118,-0.030658,0.000609,0.002254
0,0.205052,-0.145382,0.223898,0.074864,0.259149,0.11239,0.002039,0.002537
0,-0.081119,-0.148843,-0.256435,-0.001088,-0.282285,0.037426,0.001416,0.002598
0,0.062907,-0.009905,0.17213,0.143332,0.141151,0.134579,0.001098,0.000173
0,0.137249,0.089065,0.076023,0.111887,0.08643,0.155792,0.002395,0.001554
0,0.197418,0.05048,0.070126,-0.052427,0.022662,-0.089746,0.002172,0.000881
0,-0.012231,-0.030081,-0.202049,-0.079596,-0.200068,-0.095866,0.000213,0.000525
0,0.052233,-0.090713,0.084727,-0.057151,0.035185,-0.013803,0.000912,0.001583
0,0.038282,-0.106337,0.013751,-0.001229,0.010049,0.001376,0.000668,0.001856
0,0.064847,0.095011,0.019328,0.21602,-0.027623,0.228761,0.001132,0.001658
0,-0.110644,-0.109131,-0.175845,-0.209769,-0.169664,-0.258045,0.001931,0.001905
0,0.011476,-0.151625,0.102487,-0.057104,0.11028,-0.034879,0.0002,0.002646
0,-0.154608,-0.169159,-0.155318,-0.011571,-0.177433,0.016385,0.002698,0.002665
0,-0.072885,0.041879,0.077069,0.197158,0.108591,0.149823,0.001272,0.000731
0,0.098969,0.039312,0.16466,-0.019597,0.143515,-0.020011,0.001727,0.000686
0,-0.097099,-0.088406,-0.223789,-0.108922,-0.174055,-0.143792,0.001695,0.001543
0,0.068958,-0.124781,0.172385,-0.019049,0.171565,-0.025545,0.001204,0.002178
0,-0.061278,0.109743,-0.150642,0.25268,-0.192401,0.295422,0.001069,0.001915
0,-0.10054,-0.111649,-0.060967,-0.230998,-0.047621,-0.240242,0.001755,0.001949
0,-0.082279,0.067367,0.045985,0.208819,0.00703,0.202064,0.001436,0.001176
0,0.186409,0.048552,0.279276,-0.039755,0.301566,-0.005945,0.002364,0.000847
0,-0.01457,-0.003528,-0.215551,-0.074206,-0.234823,-0.086877,0.000254,6.2e-05
0,-0.082354,-0.113973,-0.049768,-0.098162,-0.079943,-0.108203,0.001437,0.001989
0,0.027897,0.007127,0.139084,0.104977,0.133331,0.10176,0.000487,0.000124
0,-0.034204,-0.119492,-0.072476,-0.0988,-0.024215,-0.12775,0.000597,0.002086
0,0.057565,0.030714,0.112837,0.120792,0.123608,0.15349,0.001005,0.000536
0,-0.106226,-0.059306,-0.182257,-0.062135,-0.20968,-0.046247,0.001854,0.001035
0,0.001478,0.063129,0.135111,0.099628,0.089912,0.100141,2.6e-05,0.001102
0,-0.165206,-0.127311,-0.148898,-0.161027,-0.178531,-0.149053,0.002734,0.002222
0,0.031351,0.051812,0.196378,0.154824,0.221919,0.175376,0.000547,0.000904
0,0.03473,-0.111518,-0.010215,-0.158596,-0.025967,-0.115091,0.000606,0.001946
0,-0.207896,-0.15563,-0.255537,-0.070656,-0.206649,-0.02435,0.001989,0.002716
0,-0.084627,-0.085474,0.131796,0.07043,0.169685,0.044707,0.001477,0.001492
0,-0.208459,0.090168,-0.130377,0.161563,-0.179357,0.125682,0.001979,0.001574
0,0.046138,0.113693,0.233845,0.036038,0.195559,0.04491,0.000805,0.001984
0,-0.061661,-0.02068,-0.114935,-0.148357,-0.127889,-0.113979,0.001076,0.000361
0,-0.109742,0.069922,-0.069261,0.064632,-0.028252,0.021004,0.001915,0.00122
0,-0.242465,-0.153642,-0.15462,-0.240431,-0.150301,-0.21997,0.001386,0.002682
0,-0.083649,-0.045494,0.147168,0.104178,0.111623,0.152486,0.00146,0.000794
0,-0.007054,0.13785,0.102543,0.198059,0.068879,0.159233,0.000123,0.002406
0,0.04075,-0.093938,0.043061,-0.259125,0.073287,-0.224577,0.000711,0.00164
0,-0.190062,0.069745,-0.230434,0.168276,-0.193231,0.142711,0.0023,0.001217
0,0.006826,-0.080897,0.222549,-0.169284,0.258781,-0.120995,0.000119,0.001412
0,0.063432,0.029059,0.07984,0.099013,0.105496,0.141127,0.001107,0.000507
0,0.037309,0.05562,-0.046506,0.010148,-0.015345,0.038029,0.000651,0.000971
0,-0.11661,0.073146,-0.172198,0.016017,-0.132305,-0.010944,0.002035,0.001277
0,0.038492,-0.073304,0.140605,-0.128923,0.137215,-0.175914,0.000672,0.001279
0,0.092336,0.179254,0.076608,0.278559,0.066129,0.261185,0.001612,0.002489
0,0.097384,0.08554,0.004624,-0.089245,0.026738,-0.119647,0.0017,0.001493
0,0.092183,0.000942,-0.012599,-0.09956,-0.020329,-0.121854,0.001609,1.6e-05
0,0.056234,0.004082,-0.05614,0.002241,-0.042171,0.031139,0.000981,7.1e-05
0,0.093969,-0.038522,0.056341,-0.03354,0.019968,0.011684,0.00164,0.000672
0,0.027202,0.061103,-0.054024,0.127659,-0.102532,0.155188,0.000475,0.001066
0,0.033767,0.10921,-0.014108,0.073339,0.028337,0.0913,0.000589,0.001906
0,0.058871,-0.113326,0.004414,-0.249495,0.02324,-0.249738,0.001027,0.001978
0,0.091084,0.010846,0.034867,0.150042,0.076432,0.116041,0.00159,0.000189
0,0.060096,-0.134038,-0.043659,-0.131321,-0.071313,-0.084872,0.001049,0.002339
0,-0.142075,0.09538,-0.203227,0.216799,-0.246727,0.226148,0.00248,0.001665
0,0.004689,0.031847,0.160257,-0.034624,0.117403,-0.071526,8.2e-05,0.000556
0,-0.003818,-0.062181,-0.015795,-0.09566,-0.034352,-0.145043,6.7e-05,0.001085
0,1.117723,0.302089,1.145947,0.378929,1.137532,0.386124,0.002655,0.000345
0,3.024142,0.659711,1.936197,0.379339,1.957475,0.415061,0.002224,0.000279
0,2.777448,0.728271,-0.236895,0.054089,-0.222269,0.014311,0.002082,0.001476
0,2.787288,0.538623,0.014232,-0.183541,-0.032481,-0.155533,0.00191,0.001834
0,2.380833,0.418272,-0.427222,-0.10615,-0.449121,-0.071714,0.002231,0.001683
0,2.168348,0.604934,-0.23345,0.179345,-0.214093,0.20756,0.001478,0.000677
0,1.812553,0.428376,-0.379231,-0.165382,-0.394718,-0.173823,0.00207,0.001859
0,1.423669,0.45566,-0.411386,0.051925,-0.453357,0.017653,0.002378,0.002335
0,1.184552,0.227622,-0.264406,-0.218799,-0.279829,-0.208057,0.001796,0.002106
0,0.888651,0.216941,-0.27725,0.013379,-0.289632,0.024708,0.001343,0.002106
0,0.458355,0.157092,-0.437551,-0.053695,-0.439698,-0.047159,0.002382,0.002106
0,0.511032,-0.08539,0.046081,-0.235496,0.054563,-0.275978,0.002316,0.002106
0,0.451101,-0.063922,-0.086589,0.017185,-0.135284,0.056279,0.002256,0.002106
0,0.526246,-0.028989,0.101028,0.019616,0.101614,0.030301,0.00205,0.002106
0,0.516313,0.014424,0.008039,0.066544,0.034647,0.104121,0.002224,0.002106
0,0.252171,-0.152852,-0.277516,-0.145668,-0.28236,-0.192791,0.001216,0.002668
0,0.318674,-0.10045,0.043737,0.032989,0.028583,0.004425,5.6e-05,0.002106
0,-0.605838,-0.277012,-0.943288,-0.147409,-0.896898,-0.121664,0.000661,0.000783
0,-1.112589,-1.017839,-0.52361,-0.753509,-0.567611,-0.751595,0.002566,0.000912
0,-1.435066,-1.226123,-0.346428,-0.183483,-0.360582,-0.208778,0.002577,0.00107
0,-1.558685,-1.012696,-0.100158,0.192607,-0.064898,0.164303,0.000883,0.000822
0,-1.25661,-0.695656,0.293762,0.325191,0.282261,0.303076,0.000538,0.000906
0,-1.110644,-0.800193,0.161484,-0.117323,0.128676,-0.11388,0.002532,0.002731
0,-0.827402,-0.559544,0.295425,0.226279,0.297525,0.22563,0.002412,0.001469
0,-0.537661,-0.484741,0.299686,0.046037,0.337815,0.070954,0.001851,0.002775
0,-0.486169,-0.179696,0.067342,0.328023,0.038812,0.350453,0.00275,0.002481
0,-0.224597,-0.219033,0.238203,-0.067203,0.195761,-0.030579,0.001698,0.001795
0,-0.26395,-0.160632,-0.066234,0.082267,-0.088526,0.081001,0.001011,0.002804
0,-0.206334,-0.095764,0.031933,0.070782,0.005195,0.087504,0.002016,0.001671
0,-0.072726,-0.159728,0.12059,-0.068573,0.151457,-0.083342,0.001269,0.002788
0,-0.276406,-0.108262,-0.176691,0.057281,-0.189962,0.032916,0.000793,0.00189
0,-0.227064,-0.123727,0.074261,-0.034573,0.076302,-0.01213,0.001654,0.002159
0,-0.057878,0.056289,0.166775,0.161987,0.14746,0.127388,0.00101,0.000982
0,-0.254977,0.062669,-0.210969,0.027409,-0.258762,0.054377,0.001167,0.001094
0,-0.296184,0.050871,-0.026196,-0.026837,-0.009507,0.018109,0.000448,0.000888
0,-0.264084,-0.139483,0.015178,-0.183874,0.062138,-0.232908,0.001008,0.002434
0,-0.339768,-0.119225,-0.103535,0.035076,-0.118307,0.06873,0.000313,0.002081
0,-0.171502,0.069294,0.191384,0.197427,0.235006,0.187011,0.002624,0.001209
0,-0.301731,-0.117303,-0.111147,-0.190321,-0.064891,-0.200075,0.000351,0.002047
0,-0.103706,-0.164695,0.171634,-0.028387,0.121701,-0.009248,0.00181,0.002743
0,-0.058624,-0.043562,0.022919,0.13955,-0.003295,0.144802,0.001023,0.00076
0,-0.23029,-0.005216,-0.165858,0.011771,-0.120661,0.017478,0.001598,9.1e-05
0,-0.002503,0.04791,0.226107,0.077642,0.265296,0.044993,4.4e-05,0.000836
0,-0.162208,-0.045815,-0.143966,-0.11023,-0.143449,-0.140407,0.002786,0.0008
0,-0.203755,-0.176684,-0.028472,-0.14986,-0.011065,-0.146065,0.002061,0.002534
0,-0.19689,-0.111894,-0.022842,0.083375,-0.04858,0.068155,0.002181,0.001953
0,-0.052614,-0.142183,0.172298,-0.04826,0.17561,-0.041645,0.000918,0.002482
0,-0.125529,0.037148,-0.092868,0.203694,-0.136152,0.220258,0.002191,0.000648
0,-0.201257,0.126356,-0.080225,0.081658,-0.103843,0.06213,0.002105,0.002205
0,-1.478527,-1.02342,-1.290028,-1.151927,-1.317645,-1.115584,0.002282,0.00101
0,-2.059661,-1.574453,-0.604822,-0.529551,-0.557452,-0.578578,0.002243,0.000608
0,-2.959326,-1.324532,-0.884856,0.257211,-0.850762,0.264991,0.001092,0.000647
0,-2.967367,-1.825397,-0.017914,-0.50877,-0.061122,-0.520699,0.001233,0.001846
0,-3.715522,-1.73832,-0.77298,0.062176,-0.751259,0.079265,0.002562,0.002252
0,-3.163499,-1.586892,0.522824,0.129324,0.565075,0.09943,0.000962,0.000391
0,-2.755043,-1.179231,0.382209,0.379478,0.358517,0.422675,0.002473,0.001889
0,-1.848919,-1.009702,0.912396,0.151108,0.862963,0.16629,0.001435,0.00077
0,-1.425284,-0.666803,0.427998,0.361842,0.460565,0.323947,0.002406,0.000403
0,-0.4614,-0.230023,0.943818,0.409001,0.950331,0.370231,0.002435,0.001603
0,-0.280777,-0.251268,0.151848,0.004305,0.137652,0.05162,0.000717,0.001232
0,-0.065464,0.139338,0.244157,0.372751,0.262111,0.409743,0.001143,0.002432
0,0.056434,-0.001338,0.099989,-0.165442,0.138223,-0.144848,0.000985,2.3e-05
0,0.17258,0.003224,0.10625,-0.016655,0.061741,-0.022965,0.002605,5.6e-05
0,0.286811,0.235765,0.119821,0.239553,0.123422,0.189926,0.000612,0.001503
0,0.000953,-0.004755,-0.257835,-0.249728,-0.282845,-0.266297,1.7e-05,8.3e-05
0,0.159508,0.040596,0.17053,0.063811,0.210262,0.064885,0.002784,0.000709
0,0.13,0.010733,-0.013143,-0.004184,-0.060619,0.021353,0.002269,0.000187
0,0.13173,0.04373,0.027452,0.013568,0.070004,0.059611,0.002299,0.000763
0,0.031315,0.306507,-0.078475,0.237439,-0.079684,0.194956,0.000547,0.000268
0,0.18771,0.095654,0.145259,-0.217646,0.111832,-0.170467,0.002341,0.001669
0,-0.028123,0.098093,-0.232626,0.021409,-0.254639,0.057298,0.000491,0.001712
0,0.074815,0.061127,0.132076,-0.053326,0.144459,-0.040775,0.001306,0.001067
0,-0.017487,0.117317,-0.119897,0.032073,-0.150268,-0.013749,0.000305,0.002048
0,0.077013,-0.076064,0.09547,-0.199297,0.108616,-0.182827,0.001344,0.001328
0,0.118246,0.138506,0.046155,0.241782,0.032836,0.226081,0.002064,0.002417
0,0.087925,0.050396,-0.000615,-0.114277,-0.02503,-0.114718,0.001535,0.00088
0,-0.034473,-0.080182,-0.127219,-0.116592,-0.141339,-0.130637,0.000602,0.001399
0,-0.008295,-0.048822,0.05217,0.060381,0.004797,0.104861,0.000145,0.000852
0,-0.097506,0.089158,-0.088386,0.131684,-0.112413,0.163563,0.001702,0.001556
0,-0.02303,0.061906,0.086632,-0.049072,0.064816,-0.005556,0.000402,0.00108
0,0.079235,0.139017,0.120774,0.071938,0.079284,0.0933,0.001383,0.002426
0,0.156041,-0.032866,0.088425,-0.143808,0.039465,-0.137816,0.002723,0.000574
0,0.151515,0.180253,-0.028633,0.2195,-0.078351,0.234993,0.002644,0.002472
0,-0.013097,0.080217,-0.141834,-0.101365,-0.190061,-0.133678,0.000229,0.0014
0,-0.087485,-0.102707,-0.083116,-0.168235,-0.119002,-0.168289,0.001527,0.001793
0,-0.011293,0.116276,0.047015,0.246569,0.093184,0.221549,0.000197,0.002029
0,0.027695,-0.148125,0.039364,-0.272002,0.008363,-0.230219,0.000483,0.002585
0,-0.081818,-0.00033,-0.080569,0.121734,-0.127694,0.164227,0.001428,6e-06
0,0.103852,0.069442,0.167816,0.079167,0.171221,0.082712,0.001813,0.001212
0,-0.053598,0.032732,-0.162534,-0.006921,-0.179338,0.024257,0.000935,0.000571
0,0.113019,0.104847,0.16394,0.05798,0.149765,0.008429,0.001973,0.00183
0,-0.191097,-0.035714,-0.290278,-0.146597,-0.295469,-0.112815,0.002282,0.000623
0,-0.073288,-0.116667,0.090098,-0.055051,0.068022,-0.077255,0.001279,0.002036
0,0.12618,-0.005149,0.214577,0.094668,0.2623,0.047875,0.002202,9e-05
0,-0.015469,0.035272,-0.143895,0.051631,-0.138205,0.057914,0.00027,0.000616
0,0.014165,-0.011997,0.056937,-0.038279,0.047731,0.005716,0.000247,0.000209
0,-0.086917,-0.048146,-0.10736,-0.027566,-0.103627,-0.062543,0.001517,0.00084
0,0.018817,0.0113,0.131273,0.056488,0.171621,0.068812,0.000328,0.000197
0,-0.105739,-0.127335,-0.14499,-0.143234,-0.125819,-0.103566,0.001845,0.002222
0,0.051843,0.088826,0.154911,0.203056,0.178367,0.185858,0.000905,0.00155
0,0.156966,-0.108721,0.118955,-0.176657,0.131181,-0.21747,0.00274,0.001898
0,-0.123926,0.017193,-0.251309,0.110508,-0.260514,0.129967,0.002163,0.0003
0,0.098132,0.061133,0.202409,0.054003,0.21039,0.096697,0.001713,0.001067
0,0.053821,0.133846,-0.024382,0.047491,-0.013488,0.054554,0.000939,0.002336
0,0.003194,0.194718,-0.069387,0.088382,-0.029665,0.114671,5.6e-05,0.002219
0,0.179902,0.002275,0.195123,-0.214077,0.177038,-0.223483,0.002478,4e-05
0,0.241393,-0.119824,0.076037,-0.092928,0.086938,-0.045914,0.001404,0.002091
0,0.060386,0.16879,-0.201808,0.290156,-0.238387,0.33627,0.001054,0.002672
0,0.087101,0.088211,0.02683,-0.070021,0.008856,-0.027846,0.00152,0.00154
0,0.073604,0.122376,-0.038398,0.034777,0.006241,0.083921,0.001285,0.002136
0,0.0492,-0.011858,-0.038817,-0.158128,-0.018144,-0.130185,0.000859,0.000207
0,0.233477,0.049174,0.211652,0.044788,0.245022,0.021183,0.001543,0.000858
0,0.085776,0.135508,-0.14044,0.115736,-0.146209,0.102082,0.001497,0.002365
0,0.118245,-0.003968,0.025054,-0.135235,-0.006298,-0.168105,0.002064,6.9e-05
0,0.102303,0.018214,-0.04545,0.037091,-0.06488,0.038881,0.001786,0.000318
0,0.086091,0.080976,-0.028465,0.073546,-0.063985,0.059452,0.001503,0.001413
0,0.091875,-0.053041,-0.019449,-0.149604,0.016073,-0.140876,0.001604,0.000926
0,0.218815,0.066753,0.146955,0.134662,0.119979,0.15971,0.001798,0.001165
0,0.005985,-0.112212,-0.206136,-0.205296,-0.242855,-0.244501,0.000104,0.001958
0,0.085212,0.037198,0.092676,0.161981,0.142602,0.205607,0.001487,0.000649
0,0.172007,-0.092704,0.088102,-0.155134,0.057954,-0.203865,0.002615,0.001618
0,-0.009941,0.091881,-0.171502,0.170061,-0.133532,0.16848,0.000174,0.001604
0,0.156387,-0.035523,0.143419,-0.147746,0.139889,-0.19336,0.002729,0.00062
0,0.148127,-0.033421,0.013819,0.003134,0.06097,0.03974,0.002585,0.000583
0,0.023883,0.114239,-0.143666,0.15722,-0.192883,0.152173,0.000417,0.001994
0,-0.053739,0.116465,-0.064446,0.002422,-0.107171,0.005602,0.000938,0.002033
0,-0.082326,-0.049921,-0.00768,-0.185245,-0.05068,-0.183402,0.001437,0.000871
0,0.083341,0.144296,0.161055,0.167675,0.114599,0.130676,0.001455,0.002518
0,0.054839,0.11021,-0.042724,-0.01927,-0.034907,-0.044492,0.000957,0.001924
0,0.067007,0.057064,0.028175,-0.07541,0.062326,-0.049255,0.001169,0.000996
0,0.087588,-0.105208,0.03592,-0.1631,0.011509,-0.120857,0.001529,0.001836
0,0.173001,-0.088613,0.080333,0.009582,0.12461,-0.00067,0.002598,0.001547
0,0.217667,0.120965,0.047809,0.202015,0.080919,0.206746,0.001819,0.002111
0,0.025218,-0.018559,-0.211064,-0.136541,-0.212689,-0.122072,0.00044,0.000324
0,0.013172,-0.116221,-0.025713,-0.102384,-0.046591,-0.056562,0.00023,0.002028
0,0.19037,0.102299,0.176069,0.220032,0.164062,0.264029,0.002295,0.001785
0,-0.048638,0.084867,-0.258498,-0.015301,-0.282422,-0.035681,0.000849,0.001481
0,0.016305,0.011882,0.038602,-0.075641,0.01042,-0.117931,0.000285,0.000207
0,0.205881,0.069384,0.210478,0.048572,0.196937,0.048764,0.002024,0.001211
0,-0.045017,0.027202,-0.250834,-0.012509,-0.245747,-0.009945,0.000786,0.000475
0,0.036767,0.205401,0.107211,0.153141,0.058202,0.178596,0.000642,0.002033
0,0.164637,-0.016186,0.146551,-0.205916,0.164771,-0.190732,0.002744,0.000283
0,0.216161,0.152587,0.069764,0.154515,0.088137,0.151468,0.001845,0.002663
0,0.126956,0.196953,-0.071519,0.073174,-0.104782,0.074078,0.002216,0.00218
0,0.107304,0.092615,-0.037224,-0.107368,-0.072209,-0.064844,0.001873,0.001616
0,0.154248,0.031587,0.068425,-0.073119,0.072664,-0.081536,0.002692,0.000551
0,0.040324,0.20384,-0.105932,0.160856,-0.131998,0.198349,0.000704,0.00206
0,-0.148261,-0.044071,-0.21112,-0.27316,-0.17149,-0.29257,0.002588,0.000769
0,-0.084018,0.009988,0.058801,0.046012,0.078908,0.000609,0.001466,0.000174
0,0.070406,0.056539,0.13484,0.063228,0.118611,0.074428,0.001229,0.000987
0,0.094632,0.016816,0.036789,-0.017102,0.079196,0.018701,0.001652,0.000293
0,-0.046986,-0.019355,-0.139493,-0.020708,-0.180572,0.013466,0.00082,0.000338
0,0.092183,-0.045264,0.139252,-0.026254,0.188327,0.009596,0.001609,0.00079
0,0.029543,-0.061381,-0.074651,-0.042363,-0.056601,-0.030982,0.000516,0.001071
0,-0.108013,0.020972,-0.166449,0.07596,-0.127627,0.107712,0.001885,0.000366
0,-0.036125,0.026602,0.075606,-0.005225,0.09358,0.036151,0.000631,0.000464
0,0.19002,0.180663,0.248476,0.155813,0.249294,0.179936,0.002301,0.002464
0,0.067438,-0.002317,-0.140815,-0.170801,-0.116954,-0.153001,0.001177,4e-05
0,0.172767,0.135712,0.13079,0.150089,0.119784,0.109268,0.002602,0.002369
0,0.016721,0.01305,-0.13704,-0.141596,-0.151202,-0.186251,0.000292,0.000228
0,0.052399,-0.007334,0.047352,-0.010758,0.030973,-0.043745,0.000915,0.000128
0,0.12794,-0.010139,0.048983,0.005989,0.079617,0.028757,0.002233,0.000177
0,-0.063729,0.186591,-0.204706,0.216664,-0.165295,0.172515,0.001112,0.002361
0,0.034606,0.070126,0.100824,-0.119799,0.054541,-0.111356,0.000604,0.001224
0,-0.154407,0.10427,-0.184618,0.05178,-0.227292,0.013117,0.002695,0.00182
0,0.054585,-0.024236,0.188037,-0.140423,0.187697,-0.103398,0.000953,0.000423
0,0.093322,0.075329,0.043314,0.122559,0.03628,0.128457,0.001629,0.001315
0,-0.064562,0.039276,-0.142263,-0.038955,-0.127364,0.001723,0.001127,0.000686
0,0.111771,-0.037345,0.177501,-0.096675,0.17669,-0.114295,0.001951,0.000652
0,0.022357,0.038247,-0.092948,0.068718,-0.101871,0.027309,0.00039,0.000668
0,-0.036765,-0.008063,-0.04283,-0.054225,-0.092563,-0.011518,0.000642,0.000141
0,0.050993,0.117338,0.070263,0.151415,0.036088,0.179122,0.00089,0.002048
0,-0.113938,-0.011777,-0.159495,-0.158194,-0.115162,-0.132533,0.001989,0.000206
0,0.178373,-0.08019,0.266943,-0.041228,0.221993,-0.082591,0.002504,0.0014
0,0.010558,0.131834,-0.165402,0.199802,-0.167223,0.222485,0.000184,0.002301
0,0.055429,-0.094426,0.021854,-0.222041,0.027438,-0.225055,0.000967,0.001648
0,-0.116097,0.041828,-0.192278,0.15617,-0.235821,0.168249,0.002026,0.00073
0,0.05659,-0.050761,0.201735,-0.08653,0.177661,-0.050699,0.000988,0.000886
0,-0.108555,0.054103,-0.18444,0.077747,-0.231424,0.123754,0.001895,0.000944
0,0.138633,0.078576,0.22522,0.021633,0.228772,-0.010938,0.00242,0.001371
0,0.09443,0.039039,-0.018367,-0.015586,0.006344,0.014809,0.001648,0.000681
0,0.04815,-0.096144,-0.033654,-0.157552,-0.037943,-0.115195,0.00084,0.001678
0,-0.047384,0.076573,-0.072968,0.188916,-0.075956,0.158812,0.000827,0.001336
0,-0.02839,-0.069081,0.011086,-0.162338,0.0147,-0.114435,0.000496,0.001206
0,-0.044411,0.101514,-0.016568,0.184742,-0.013771,0.227989,0.000775,0.001772
0,0.111323,-0.126182,0.164546,-0.252856,0.16143,-0.288922,0.001943,0.002202
0,0.188866,-0.100347,0.102216,0.047569,0.138663,0.080897,0.002321,0.001751
0,-0.036642,-0.023927,-0.250599,0.062296,-0.274635,0.062439,0.00064,0.000418
0,0.084878,0.017213,0.103896,0.064694,0.088705,0.031908,0.001481,0.0003
0,-0.055605,-0.118129,-0.142495,-0.121151,-0.110255,-0.089889,0.00097,0.002062
0,0.162265,0.039001,0.199002,0.14514,0.186647,0.157627,0.002785,0.000681
0,0.067244,-0.10196,-0.079646,-0.164002,-0.071127,-0.14245,0.001174,0.00178
0,0.157794,0.121701,0.087925,0.224684,0.073741,0.209989,0.002754,0.002124
0,-0.087145,-0.015408,-0.241858,-0.118935,-0.199623,-0.10182,0.001521,0.000269
0,-0.109212,-0.021332,-0.027808,-0.032486,-0.010376,-0.004706,0.001906,0.000372
0,-0.102268,0.114602,0.025675,0.11434,-0.010713,0.147021,0.001785,0.002
0,0.164294,0.097698,0.252287,0.005699,0.216205,-0.026805,0.00275,0.001705
0,0.07639,0.188662,-0.073421,0.112733,-0.033269,0.095,0.001333,0.002325
0,0.154213,0.194983,0.096772,-0.006021,0.130203,-0.041273,0.002692,0.002214
0,-0.053146,0.107709,-0.213022,-0.059505,-0.193559,-0.059001,0.000928,0.00188
0,0.054941,0.043404,0.136983,-0.078178,0.148068,-0.040241,0.000959,0.000758
0,-0.132163,0.119019,-0.162637,0.066807,-0.202608,0.075992,0.002307,0.002077
0,0.017924,-0.055372,0.150774,-0.149895,0.161253,-0.194343,0.000313,0.000966
0,-0.034632,0.16866,-0.074878,0.252599,-0.078911,0.290795,0.000604,0.002674
0,0.04375,0.057747,0.077391,-0.089183,0.102368,-0.116399,0.000764,0.001008
0,0.062298,-0.02991,0.045257,-0.086743,0.043138,-0.068008,0.001087,0.000522
0,-0.103991,-0.060089,-0.159475,-0.051023,-0.179331,-0.088937,0.001815,0.001049
0,0.115978,0.104053,0.222728,0.161115,0.228649,0.177072,0.002024,0.001816
0,0.036344,0.017888,-0.078143,-0.10388,-0.097128,-0.067044,0.000634,0.000312
0,-0.050135,0.145229,-0.116119,0.153433,-0.148684,0.160819,0.000875,0.002535
0,0.042518,-0.004945,0.102095,-0.154438,0.149076,-0.146682,0.000742,8.6e-05
0,0.032156,0.023525,-0.027436,0.039708,0.000618,0.042365,0.000561,0.000411
0,0.146055,0.062077,0.121756,0.056279,0.110297,0.103449,0.002549,0.001083
0,-0.110097,-0.085564,-0.229909,-0.141169,-0.255266,-0.169294,0.001922,0.001493
0,0.017194,0.156203,0.133251,0.236514,0.162307,0.221671,0.0003,0.002726
0,-0.159513,0.101147,-0.188146,-0.044808,-0.216146,-0.005681,0.002784,0.001765
0,-4.366167,-0.850871,-4.213923,-0.93967,-4.250966,-0.912075,0.002441,0.002002
0,-4.559884,-1.472051,-0.166403,-0.621747,-0.204092,-0.592161,0.00094,0.002395
0,-5.521876,-2.273985,-0.942803,-0.776246,-0.894277,-0.749423,0.000877,0.000366
0,-5.877504,-2.101739,-0.366745,0.167479,-0.372025,0.121105,0.001467,0.00264
0,-4.693176,-2.080403,1.173922,0.027089,1.132777,0.045098,0.002351,0.002605
0,-3.612744,-1.764604,1.052286,0.332462,1.055536,0.370181,0.001262,0.002711
0,-2.556437,-1.116301,1.067987,0.658509,1.02376,0.663058,0.000322,0.002631
0,-0.909967,-1.306183,1.632637,-0.20472,1.620333,-0.184608,0.000971,0.000327
0,0.865534,-1.07584,1.750848,0.219334,1.720609,0.218313,0.001746,0.001924
0,2.052905,-1.012327,1.179964,0.043668,1.183458,0.062594,0.002125,0.000816
0,2.437235,-0.636441,0.402546,0.347474,0.356493,0.391415,0.002402,0.000127
0,1.94669,-0.457124,-0.479525,0.175446,-0.527219,0.184462,0.000271,0.002361
0,1.898386,-0.348166,-0.063417,0.116149,-0.065612,0.11321,0.000572,0.000459
0,1.736383,-0.19782,-0.147664,0.179096,-0.118469,0.169327,0.002218,0.002165
0,1.787043,-0.136018,0.077235,0.043866,0.066625,0.068966,0.002515,0.002374
0,1.416003,-0.039967,-0.374959,0.088889,-0.347003,0.133056,0.002244,0.000698
0,1.163001,-0.034257,-0.246405,0.02159,-0.197544,0.03548,0.002172,0.000598
0,0.683516,-0.084971,-0.483469,-0.048727,-0.446993,-0.054288,0.000695,0.001483
0,0.270607,0.00796,-0.42706,0.097398,-0.395101,0.083948,0.000895,0.000139
0,0.199308,-0.034195,-0.088131,-0.019037,-0.128947,-0.001978,0.002139,0.000597
0,-0.047375,0.051019,-0.275039,0.079393,-0.282872,0.096287,0.000827,0.00089
0,-0.213815,0.2258,-0.15068,0.202405,-0.143681,0.226032,0.001886,0.001677
0,-0.088599,0.005065,0.119489,-0.216352,0.129293,-0.253876,0.001546,8.8e-05
0,-0.344204,-0.030041,-0.282557,-0.028618,-0.240828,-0.052244,0.00039,0.000524
0,-0.172,0.114068,0.173277,0.114598,0.133961,0.102489,0.002616,0.001991
0,-0.39494,0.08634,-0.23178,-0.013568,-0.22722,-0.055172,0.001275,0.001507
0,-0.296412,-0.008413,0.074206,-0.1227,0.120546,-0.11951,0.000444,0.000147
0,-0.192491,0.090845,0.08863,0.085542,0.107238,0.063241,0.002258,0.001586
0,-0.198155,0.09367,-0.020084,0.015232,-0.041928,-0.031365,0.002159,0.001635
0,-0.089499,0.067135,0.118082,-0.038434,0.081266,-0.020072,0.001562,0.001172
0,0.024457,0.073267,0.125861,-0.019032,0.147921,-0.009815,0.000427,0.001279
0,0.152445,-0.09687,0.112883,-0.188321,0.116658,-0.226788,0.002661,0.001691
0,-0.031825,0.045064,-0.18001,0.129507,-0.2228,0.163411,0.000555,0.000787
0,0.009754,0.104153,0.045666,0.085073,0.093308,0.038942,0.00017,0.001818
0,0.207795,0.043464,0.20895,-0.056761,0.212862,-0.086183,0.001991,0.000759
0,0.005619,0.140889,-0.215539,0.085344,-0.257177,0.096387,9.8e-05,0.002459
0,-0.012112,0.053781,-0.022271,-0.104373,-0.043067,-0.105709,0.000211,0.000939
0,-0.027439,-0.077936,-0.028838,-0.129317,-0.00365,-0.177949,0.000479,0.00136
0,0.057319,0.065697,0.103025,0.150599,0.146875,0.144666,0.001,0.001147
0,0.022574,0.102708,-0.025659,0.045883,0.011723,0.025879,0.000394,0.001793
0,-0.017867,0.113365,-0.053696,0.035329,-0.029627,-0.004605,0.000312,0.001979
0,0.025092,0.101312,0.044736,-0.020695,0.093426,-0.037944,0.000438,0.001768
0,-0.086898,-0.046775,-0.101536,-0.1388,-0.053609,-0.10189,0.001517,0.000816
0,0.148708,-0.04297,0.233354,0.024175,0.211255,0.044063,0.002595,0.00075
0,0.074239,0.013595,-0.10073,0.053938,-0.095096,0.078631,0.001296,0.000237
0,-0.135606,0.140786,-0.212663,0.108505,-0.182209,0.123467,0.002367,0.002457
0,-0.087594,-0.10322,0.037222,-0.245851,0.054457,-0.224352,0.001529,0.001802
0,0.008056,0.085435,0.110922,0.17287,0.125517,0.171356,0.000141,0.001491
0,-0.128052,-0.001119,-0.159075,-0.114405,-0.138661,-0.107418,0.002235,2e-05
0,-0.021774,-0.018512,0.082664,0.007261,0.077345,-0.014187,0.00038,0.000323
0,-0.015583,0.069677,0.01453,0.087658,-0.008738,0.083939,0.000272,0.001216
0,-0.024725,0.028126,-0.001794,-0.063705,0.006287,-0.07685,0.000432,0.000491
0,0.037894,-0.081245,0.083126,-0.13617,0.095306,-0.104312,0.000661,0.001418
0,-0.13594,-0.074753,-0.173119,0.00107,-0.201533,0.03528,0.002373,0.001305
0,0.105149,-0.138818,0.214386,-0.037905,0.201943,-0.074993,0.001835,0.002423
0,-0.205902,-0.021129,-0.307049,0.101956,-0.257803,0.072569,0.002024,0.000369
0,0.03979,0.090649,0.234894,0.086011,0.214112,0.094301,0.000694,0.001582
0,-0.010359,-0.118149,-0.078562,-0.195941,-0.120922,-0.225804,0.000181,0.002062
0,-0.203491,0.136041,-0.195239,0.283917,-0.232489,0.277773,0.002066,0.002374
0,-0.156343,0.122702,0.023045,-0.035372,-0.00397,-0.000333,0.002729,0.002142
0,-0.005297,0.056875,0.130736,-0.060378,0.103394,-0.031778,9.2e-05,0.000993
0,-0.029033,0.026941,-0.01789,-0.013914,-0.064746,-0.033906,0.000507,0.00047
0,-0.042944,-0.082994,0.002486,-0.099789,0.022626,-0.133382,0.00075,0.001449
0,-0.156265,0.089153,-0.11593,0.178134,-0.121968,0.143039,0.002727,0.001556
0,-0.079923,-0.042941,0.101928,-0.144283,0.059342,-0.187255,0.001395,0.000749
0,-0.056141,0.020133,-0.002403,0.088594,0.020372,0.053641,0.00098,0.000351
0,-0.063498,-0.091103,0.006397,-0.138484,0.038387,-0.101495,0.001108,0.00159
0,0.005803,-0.132535,0.046347,-0.0699,0.074905,-0.024255,0.000101,0.002313
0,-0.184776,-0.134825,-0.182871,0.01862,-0.135003,-0.028986,0.002393,0.002353
0,-0.150321,-0.135755,0.023968,-0.000272,-0.006378,-0.023335,0.002624,0.002369
0,-0.129989,-0.183682,0.010524,-0.033027,0.012516,-0.020116,0.002269,0.002412
0,-0.124494,-0.17242,-0.004402,0.020411,-0.036168,0.015973,0.002173,0.002608
0,-0.211058,-0.099351,-0.08345,0.063843,-0.118014,0.050972,0.001934,0.001734
0,-0.07167,-0.105089,0.117688,0.022812,0.085416,-0.004904,0.001251,0.001834
0,-0.07163,-0.029539,-0.022447,0.072107,0.024279,0.091592,0.00125,0.000516
0,-0.181743,0.038009,-0.110847,0.090505,-0.121,0.109302,0.002445,0.000663
0,-0.112765,-0.159526,0.08391,-0.19673,0.041242,-0.187298,0.001968,0.002784
0,-0.145986,0.018636,-0.034523,0.196559,-0.066889,0.24386,0.002548,0.000325
0,-0.224379,-0.138663,-0.06902,-0.154532,-0.053591,-0.137765,0.001701,0.00242
0,-0.245138,0.106841,-0.020372,0.243734,-0.060938,0.212696,0.001339,0.001865
0,-0.165746,-0.017256,0.065692,-0.108304,0.016096,-0.151643,0.002725,0.000301
0,-0.15305,0.118623,0.00146,0.143763,-0.013198,0.191444,0.002671,0.00207
0,-0.122213,-0.103047,0.028476,-0.2096,0.058088,-0.253577,0.002133,0.001799
0,0.015466,0.10685,0.132872,0.226325,0.160261,0.177502,0.00027,0.001865
0,-0.091797,-0.051207,-0.121414,-0.180218,-0.125741,-0.216075,0.001602,0.000894
0,-0.027572,-0.043979,0.093741,0.027662,0.079731,-0.005527,0.000481,0.000768
0,-0.181008,0.079824,-0.146876,0.136486,-0.140381,0.098829,0.002458,0.001393
0,-0.278834,0.15738,-0.095092,0.057976,-0.069126,0.054644,0.000751,0.002747
0,-0.18151,0.179736,0.123733,0.050795,0.088957,0.073322,0.00245,0.002481
0,0.024353,0.153056,0.222345,-0.047911,0.2008,-0.086026,0.000425,0.002671
0,-0.167999,0.100195,-0.22126,-0.075617,-0.268021,-0.035553,0.002685,0.001749
0,0.028024,-0.08996,0.168506,-0.213782,0.14584,-0.261361,0.000489,0.00157
0,-0.053713,0.090812,-0.065224,0.201743,-0.026198,0.157897,0.000937,0.001585
0,-0.208681,0.04711,-0.146551,-0.063246,-0.187932,-0.110607,0.001975,0.000822
0,-0.036808,-0.041198,0.165701,-0.068578,0.142697,-0.063387,0.000642,0.000719
0,0.070704,0.057986,0.085151,0.072326,0.05319,0.034202,0.001234,0.001012
0,-0.103818,-0.054414,-0.197119,-0.117397,-0.161582,-0.152567,0.001812,0.00095
0,-0.051441,0.025736,0.03319,0.098935,0.022656,0.138283,0.000898,0.000449
0,0.021355,0.065201,0.075707,0.02738,0.074481,0.021536,0.000373,0.001138
0,0.102762,-0.109174,0.055004,-0.203962,0.093219,-0.225871,0.001794,0.001905
0,-0.063155,-0.021209,-0.168353,0.083467,-0.185163,0.103109,0.001102,0.00037
0,0.021117,0.046382,0.086031,0.051791,0.110275,0.039126,0.000369,0.00081
0,0.162675,0.108251,0.161644,0.052153,0.210108,0.045249,0.002778,0.001889
0,0.145559,0.081773,-0.04379,-0.001998,-0.056502,-0.04866,0.00254,0.001427
0,0.015209,-0.006398,-0.118411,-0.110013,-0.138674,-0.113968,0.000265,0.000112
0,0.049248,-0.11076,0.017265,-0.113096,-0.008607,-0.132354,0.00086,0.001933
0,0.082187,0.037425,0.059182,0.148965,0.03818,0.175281,0.001434,0.000653
0,0.000622,-0.147957,-0.10495,-0.184164,-0.095458,-0.148595,1.1e-05,0.002582
0,0.099068,-9.6e-05,0.116823,0.121039,0.107233,0.138549,0.001729,2e-06
0,0.027035,0.051582,-0.073254,0.069445,-0.094847,0.065798,0.000472,0.0009
0,0.10009,0.005016,0.069556,-0.022304,0.091712,-0.005802,0.001747,8.8e-05
0,0.010251,-0.005715,-0.075137,0.00244,-0.049691,0.009967,0.000179,0.0001
0,-0.15166,0.084771,-0.172287,0.073725,-0.200686,0.037607,0.002647,0.00148
0,0.067103,-0.10175,0.233396,-0.182372,0.238612,-0.180017,0.001171,0.001776
0,0.009787,0.032237,-0.034735,0.114685,-0.027743,0.069792,0.000171,0.000563
0,0.098378,0.113919,0.060358,0.094641,0.039435,0.055198,0.001717,0.001988
0,-0.196789,-0.137122,-0.289917,-0.27107,-0.290293,-0.255376,0.002183,0.002393
0,-0.19336,0.031772,-0.009724,0.165381,-0.01008,0.12079,0.002243,0.000555
0,0.033824,-0.020285,0.197961,-0.064933,0.214161,-0.092957,0.00059,0.000354
0,-0.04547,0.068546,-0.05736,0.09486,-0.020764,0.122383,0.000794,0.001196
0,0.00877,0.04159,0.030065,-0.031459,0.078788,-0.063905,0.000153,0.000726
0,0.102479,0.042899,0.06393,0.020248,0.049997,0.005652,0.001789,0.000749
0,0.02212,0.097643,-0.10103,0.084151,-0.147913,0.122829,0.000386,0.001704
0,0.064738,-0.192949,0.04587,-0.317826,-0.001996,-0.328306,0.00113,0.00225
0,-0.028104,-0.088729,-0.072049,0.074932,-0.080007,0.072684,0.000491,0.001549
0,-0.043497,-0.115658,-0.04008,-0.006597,-0.072679,-0.007577,0.000759,0.002019
0,-0.106576,0.057004,-0.043238,0.147638,-0.002401,0.139541,0.00186,0.000995
0,0.09438,-0.005617,0.221529,-0.065878,0.232013,-0.089881,0.001647,9.8e-05
0,-0.074595,0.016318,-0.145989,0.014667,-0.150181,0.015119,0.001302,0.000285
0,0.046574,0.019135,0.13884,0.000537,0.109807,-0.009408,0.000813,0.000334
0,-0.009663,-0.065185,-0.069262,-0.054647,-0.063745,-0.065013,0.000169,0.001138
0,-0.160068,-0.140805,-0.165575,-0.095578,-0.208525,-0.135342,0.002794,0.002458
0,-0.065815,0.018193,0.091542,0.168427,0.133413,0.148101,0.001149,0.000318
0,-0.104605,0.074407,-0.032095,0.035868,-0.026675,0.012671,0.001826,0.001299
0,-0.01028,-0.129284,0.091563,-0.206863,0.04812,-0.213122,0.000179,0.002256
0,0.650354,0.735064,0.646602,0.886734,0.630427,0.879106,0.000116,0.001594
0,2.74247,1.928122,2.08189,1.164846,2.036456,1.133765,0.002692,5.3e-05
0,3.577552,2.602565,0.863541,0.698663,0.87401,0.685345,0.000647,0.000483
0,3.461611,2.370298,-0.130059,-0.222714,-0.086798,-0.23731,0.001376,0.002047
0,2.956535,1.965387,-0.491709,-0.402407,-0.46002,-0.415874,0.001044,0.000597
0,2.628489,1.682856,-0.305109,-0.298085,-0.277557,-0.300521,0.000936,0.001284
0,2.213735,1.277835,-0.396322,-0.419312,-0.382975,-0.445977,0.000686,0.000168
0,1.21256,0.646161,-0.987119,-0.604687,-0.965345,-0.557127,0.001307,4.3e-05
0,0.995505,0.30437,-0.190095,-0.312193,-0.141392,-0.271126,0.000522,0.000305
0,0.534176,0.23915,-0.458605,-0.052089,-0.494798,-0.088484,0.001912,0.001444
0,-0.063379,0.129377,-0.595936,-0.121669,-0.583486,-0.17145,0.001106,0.002258
0,-0.21669,-0.14734,-0.134321,-0.275178,-0.113969,-0.276469,0.001836,0.002572
0,-0.302422,-0.278062,-0.075407,-0.137047,-0.065085,-0.129475,0.000339,0.000764
0,-0.398125,-0.267816,-0.121556,0.033224,-0.146956,0.047263,0.001331,0.000943
0,-0.440495,-0.095135,-0.058281,0.195179,-0.010655,0.216736,0.002071,0.00166
0,-0.517282,-0.169812,-0.091385,-0.065504,-0.097432,-0.064308,0.002207,0.002654
0,-0.199834,-0.113622,0.316385,0.030285,0.324223,0.021051,0.00213,0.001983
0,-0.116722,-0.17219,0.078377,-0.062035,0.060241,-0.064472,0.002037,0.002612
0,-0.26317,0.018231,-0.149883,0.199486,-0.118729,0.221799,0.001024,0.000318
0,-0.226106,0.037896,0.007209,0.037144,-0.007553,0.069848,0.001671,0.000661
0,0.100858,-0.18966,0.350889,-0.254587,0.400869,-0.244909,0.00176,0.002307
0,0.04656,0.126919,-0.042601,0.319849,-8.2e-05,0.36137,0.000813,0.002215
0,0.022596,-0.040616,-0.010347,-0.176125,0.038942,-0.144584,0.000394,0.000709
0,0.197418,0.094964,0.156349,0.133463,0.204592,0.146238,0.002172,0.001657
0,0.208757,0.00691,0.021454,-0.099304,0.041724,-0.083226,0.001974,0.000121
0,-0.015079,0.124108,-0.198592,0.122328,-0.176409,0.139303,0.000263,0.002166
0,-0.082542,0.148585,-0.073575,0.01104,-0.086778,0.041315,0.001441,0.002593
0,0.075608,0.007362,0.17576,-0.127053,0.21866,-0.079114,0.00132,0.000128
0,-0.080941,0.01472,-0.131304,-0.006278,-0.107263,-0.053592,0.001413,0.000257
0,-0.074139,0.064906,0.001813,0.022968,0.028616,0.063228,0.001294,0.001133
0,0.083352,0.004963,0.165192,-0.037856,0.138502,-0.062707,0.001455,8.7e-05
0,0.104462,0.194602,0.048062,0.188029,0.01724,0.161938,0.001823,0.002221
0,0.062447,0.044887,-0.068761,-0.13114,-0.057583,-0.087191,0.00109,0.000783
0,-0.00092,0.11486,-0.067448,0.060026,-0.071106,0.108513,1.6e-05,0.002005
0,-0.108367,0.129867,-0.126482,0.017227,-0.166106,-0.025187,0.001891,0.002267
0,-0.117674,0.15357,-0.031079,0.037455,-0.078877,0.076618,0.002054,0.00268
0,-0.080562,0.112264,0.039336,-0.030512,0.019184,-0.051485,0.001406,0.001959
0,-0.035159,0.179091,0.05813,0.045797,0.059662,0.08694,0.000614,0.002492
0,-0.138398,0.139519,-0.080297,-0.037946,-0.090447,-0.004342,0.002416,0.002435
0,0.046773,-0.067016,0.168349,-0.193056,0.13159,-0.202007,0.000816,0.00117
0,0.001422,0.117343,-0.017734,0.183686,0.031766,0.135308,2.5e-05,0.002048
0,-0.201625,0.100074,-0.229549,0.008749,-0.207291,-0.005591,0.002098,0.001747
0,-0.071734,0.084695,0.102431,-0.005725,0.059031,0.013965,0.001252,0.001478
0,-0.118626,0.035382,-0.043934,-0.061604,-0.016152,-0.058675,0.00207,0.000618
0,-0.127788,0.028139,0.015939,0.003565,0.039374,0.011822,0.00223,0.000491
0,-0.160821,0.147043,-0.04659,0.137217,-0.031357,0.10588,0.002807,0.002566
0,0.124605,0.129226,0.26846,0.004179,0.264101,-0.044882,0.002175,0.002255
0,-0.134524,0.038251,-0.282247,-0.110943,-0.247752,-0.130319,0.002348,0.000668
0,-0.08005,0.165456,0.055674,0.138855,0.07895,0.147666,0.001397,0.00273
0,-0.100994,-0.097983,0.003689,-0.265639,-0.020118,-0.234474,0.001763,0.00171
0,-0.05206,0.118277,0.020112,0.225277,-0.025665,0.221994,0.000909,0.002064
0,-0.030033,0.019025,-7.2e-05,-0.072013,-0.013563,-0.075746,0.000524,0.000332
0,0.164677,0.154822,0.200472,0.155413,0.158043,0.149351,0.002743,0.002702
0,0.189773,-0.130879,0.017758,-0.297858,0.029752,-0.343892,0.002305,0.002284
0,-0.028491,0.130743,-0.216703,0.274577,-0.219065,0.279596,0.000497,0.002282
0,0.140665,0.120705,0.149307,0.014274,0.180108,-0.008772,0.002455,0.002107
0,0.15197,0.121883,-0.003727,-0.013232,-0.03796,0.023574,0.002652,0.002127
0,0.181767,0.034499,0.057877,-0.093829,0.043227,-0.078779,0.002445,0.000602
0,0.199532,0.134174,0.033576,0.105326,0.0162,0.09031,0.002135,0.002342
0,-0.036008,0.010865,-0.261914,-0.14295,-0.245465,-0.109756,0.000628,0.00019
0,0.197444,0.016978,0.245536,0.004145,0.253077,0.045639,0.002171,0.000296
0,0.112365,-0.147537,-0.110121,-0.193315,-0.106356,-0.206239,0.001961,0.002575
0,0.16902,-0.15845,0.050203,0.009189,0.063492,0.000788,0.002668,0.002765
0,0.096856,0.07386,-0.073633,0.24299,-0.114838,0.234255,0.00169,0.001289
0,0.163316,-0.058983,0.091145,-0.153859,0.089529,-0.119055,0.002767,0.001029
0,-0.019149,-0.055376,-0.156321,0.010314,-0.121768,-0.021084,0.000334,0.000966
0,0.096219,0.080992,0.088268,0.138779,0.124894,0.140931,0.001679,0.001414
0,-0.000989,-0.113812,-0.112177,-0.19365,-0.092887,-0.188882,1.7e-05,0.001986
0,0.235273,0.074296,0.216867,0.216903,0.217673,0.205756,0.001511,0.001297
0,0.013357,-0.055445,-0.235186,-0.146527,-0.271852,-0.098507,0.000233,0.000968
0,0.250083,-0.078348,0.264958,-0.012803,0.26107,0.030274,0.001253,0.001367
0,0.102154,-0.008359,-0.163133,0.089052,-0.209594,0.049844,0.001783,0.000146
0,-0.104146,0.107049,-0.219946,0.112418,-0.188374,0.110959,0.001818,0.001868
0,-0.1276,0.140184,0.005729,0.035018,-0.015131,0.062177,0.002227,0.002447
0,0.086193,-0.034984,0.184925,-0.18914,0.152037,-0.187853,0.001504,0.000611
0,0.062172,-0.055323,-0.025066,-0.006409,-0.011024,-0.02559,0.001085,0.000966
0,-0.009268,-0.009629,-0.072094,0.049603,-0.094521,0.091585,0.000162,0.000168
0,0.009923,0.009865,0.045554,0.038734,0.001926,0.031623,0.000173,0.000172
0,0.033518,0.011034,-0.00157,0.01118,-0.033077,-0.019259,0.000585,0.000193
0,0.132052,0.023185,0.111759,0.032142,0.071444,-0.008654,0.002305,0.000405
0,0.063011,0.042248,-0.066509,0.022657,-0.051971,0.029389,0.0011,0.000737
0,-0.1295,0.005635,-0.212399,-0.066312,-0.185983,-0.042348,0.00226,9.8e-05
0,0.021636,0.090909,0.137491,0.065402,0.10056,0.037505,0.000378,0.001587
0,0.040448,-0.134945,-0.005365,-0.212151,-0.036478,-0.167517,0.000706,0.002355
0,0.155774,0.006905,0.117494,0.168071,0.081258,0.166141,0.002719,0.000121
0,-0.019915,-0.002026,-0.18846,0.006092,-0.140082,0.006566,0.000348,3.5e-05
0,-0.031769,-0.073386,0.010471,-0.048494,-0.017613,-0.021776,0.000554,0.001281
0,0.011921,0.033179,0.072634,0.134258,0.119213,0.163216,0.000208,0.000579
0,0.089575,0.036761,0.076861,-0.017328,0.073745,-0.056685,0.001563,0.000642
0,0.201037,-0.006268,0.117502,-0.059593,0.141535,-0.024499,0.002109,0.000109
0,-0.043322,-0.018536,-0.271766,-0.027715,-0.236097,0.016846,0.000756,0.000324
0,0.013526,-0.108415,0.058814,-0.074586,0.104764,-0.107567,0.000236,0.001892
0,-0.007321,0.114869,-0.016654,0.251227,0.012456,0.251728,0.000128,0.002005
0,0.081837,0.113391,0.106177,0.024067,0.086383,0.055996,0.001428,0.001979
0,0.191991,-0.022179,0.081274,-0.149489,0.127397,-0.186475,0.002267,0.000387
0,0.180502,0.01942,-0.032181,0.02398,0.00114,0.050858,0.002467,0.000339
0,0.260163,-0.027882,0.088636,-0.032184,0.05409,-0.027021,0.001077,0.000487
0,0.130063,-0.134981,-0.14667,-0.085051,-0.157431,-0.088982,0.00227,0.002356
0,0.077139,0.084396,-0.051864,0.24014,-0.036848,0.288633,0.001346,0.001473
0,0.133755,-0.114869,0.066149,-0.211086,0.023521,-0.166834,0.002334,0.002005
0,-0.048398,0.044005,-0.16524,0.152851,-0.130629,0.175288,0.000845,0.000768
0,0.102681,-0.021178,0.174458,-0.047226,0.191124,-0.074503,0.001792,0.00037
0,0.134876,0.119843,0.061273,0.167044,0.088351,0.172636,0.002354,0.002092
0,0.130468,-0.029354,-0.01745,-0.142206,0.012317,-0.173252,0.002277,0.000512
0,0.095238,0.040816,-0.059434,0.047227,-0.055487,0.06905,0.001662,0.000712
0,0.066304,-0.054748,-0.022419,-0.067438,-0.054289,-0.019525,0.001157,0.000956
0,-0.123335,0.092972,-0.198651,0.162575,-0.222901,0.116252,0.002153,0.001623
0,0.03262,0.112743,0.164629,-0.004322,0.213583,0.013592,0.000569,0.001968
0,-0.08426,0.132688,-0.093093,0.02016,-0.04765,0.040992,0.001471,0.002316
0,-0.014163,-0.087253,0.043197,-0.222633,-0.001334,-0.214548,0.000247,0.001523
0,0.02263,0.108847,0.052827,0.189044,0.032258,0.165827,0.000395,0.0019
0,0.128463,-0.064611,0.129299,-0.194216,0.13304,-0.151997,0.002242,0.001128
0,-0.098493,-0.104385,-0.237512,-0.051261,-0.265724,-0.072799,0.001719,0.001822
0,-0.118583,-0.098373,-0.027919,-0.003918,-0.051114,0.033202,0.00207,0.001717
0,-0.043222,-0.032402,0.067269,0.05663,0.116347,0.04012,0.000754,0.000566
0,-0.115783,-0.071733,-0.068599,-0.058537,-0.065811,-0.108107,0.002021,0.001252
0,0.142629,-0.114456,0.254563,-0.066128,0.266312,-0.080486,0.002489,0.001998
0,-0.155438,0.083836,-0.3076,0.186257,-0.34766,0.182121,0.002713,0.001463
0,-0.082564,-0.048657,0.055841,-0.119146,0.04439,-0.071714,0.001441,0.000849
0,-0.117222,-0.134065,-0.031478,-0.090984,-0.035718,-0.044271,0.002046,0.00234
0,-0.039456,-0.024726,0.103141,0.125685,0.065851,0.093549,0.000689,0.000432
0,-0.029881,-0.06927,-0.020378,-0.031265,-0.036791,-0.023194,0.000522,0.001209
0,-0.114022,0.102682,-0.076893,0.201336,-0.104263,0.157817,0.00199,0.001792
0,0.099521,-0.154347,0.235731,-0.280293,0.278559,-0.307522,0.001737,0.002694
0,0.031721,0.123758,-0.078376,0.248793,-0.03736,0.245465,0.000554,0.00216
0,0.171559,-0.114186,0.168291,-0.229373,0.159593,-0.230597,0.002623,0.001993
0,-0.03854,0.007553,-0.240005,0.13077,-0.206954,0.130819,0.000673,0.000132
0,0.121891,0.06516,0.183715,0.028107,0.178168,-0.013155,0.002127,0.001137
0,0.042463,-0.006342,-0.103509,-0.074165,-0.143045,-0.040377,0.000741,0.000111
0,2.166172,0.787495,2.104985,0.802832,2.144128,0.788695,0.001516,0.002509
0,3.231934,1.114504,1.081032,0.315021,1.075784,0.32919,0.000233,0.002599
0,3.395512,1.016509,0.143605,-0.120661,0.186631,-0.104477,0.00253,0.000889
0,3.074002,1.015409,-0.320933,-0.014632,-0.367751,-0.053859,0.002524,0.00087
0,2.877696,0.739811,-0.211643,-0.282403,-0.252711,-0.313879,0.000332,0.001677
0,2.16997,0.825889,-0.696287,0.097538,-0.669642,0.09699,0.001449,0.002438
0,1.161588,0.718206,-0.997623,-0.092317,-0.983201,-0.123354,0.002196,0.0013
0,0.526837,0.421767,-0.629465,-0.277694,-0.593781,-0.296694,0.00204,0.001744
0,0.216668,0.492027,-0.281079,0.07595,-0.232234,0.105523,0.001836,0.002648
0,-0.132008,0.252281,-0.347644,-0.256505,-0.303458,-0.288297,0.002304,0.001214
0,-0.102022,0.062153,0.017098,-0.199208,0.002146,-0.229721,0.001781,0.001085
0,-0.55043,0.073938,-0.473399,0.025664,-0.521607,0.016109,0.001628,0.00129
0,-0.373841,-0.084782,0.168705,-0.138666,0.124819,-0.14444,0.000907,0.00148
0,-0.390203,0.048205,-0.009716,0.117801,-0.026648,0.117807,0.001193,0.000841
0,-0.349063,-0.008995,0.039926,-0.041,0.061532,-0.009549,0.000475,0.000157
0,-0.398963,0.072382,-0.059753,0.059305,-0.075939,0.073265,0.001346,0.001263
0,-0.220935,-0.189879,0.179966,-0.234107,0.222809,-0.274545,0.001761,0.002303
0,-0.02647,-0.166578,0.17986,0.047949,0.163254,0.043575,0.000462,0.00271
0,0.111994,-0.156729,0.15434,0.038272,0.169449,0.087137,0.001955,0.002735
0,-0.103862,-0.105349,-0.192844,0.070088,-0.233978,0.068265,0.001813,0.001839
0,-0.12018,0.087958,-0.041436,0.223061,-0.036295,0.255869,0.002098,0.001535
0,0.127126,0.086378,0.241977,-0.019653,0.235487,-0.039068,0.002219,0.001508
0,0.036306,0.096331,-0.102033,0.032591,-0.106592,-0.000329,0.000634,0.001681
0,-0.029269,0.154001,-0.084956,0.081131,-0.047706,0.10194,0.000511,0.002688
0,0.005386,-0.038359,0.033018,-0.213548,0.079634,-0.254217,9.4e-05,0.000669
0,0.059915,0.083912,0.057893,0.096593,0.0626,0.085809,0.001046,0.001465
0,0.027865,-0.018668,-0.011125,-0.102776,-0.058548,-0.05781,0.000486,0.000326
0,0.002969,0.187618,-0.015498,0.201397,-0.030149,0.172472,5.2e-05,0.002343
0,0.143189,0.043603,0.139674,-0.120313,0.115629,-0.14216,0.002499,0.000761
0,-0.072064,-0.019353,-0.196294,-0.052524,-0.207663,-0.073095,0.001258,0.000338
0,0.131742,-0.101754,0.202102,-0.103605,0.163496,-0.094654,0.002299,0.001776
0,-0.047769,0.09919,-0.166233,0.214619,-0.170451,0.250695,0.000834,0.001731
0,0.137635,-0.154412,0.1882,-0.234579,0.212983,-0.23824,0.002402,0.002695
0,0.076154,-0.02673,-0.034476,0.140208,0.010943,0.121847,0.001329,0.000467
0,-0.030999,-0.150701,-0.123131,-0.100102,-0.07812,-0.094038,0.000541,0.00263
0,-0.065583,-0.045462,-0.054965,0.1287,-0.090988,0.101111,0.001145,0.000793
0,0.075379,-0.060652,0.148374,-0.008188,0.167961,-0.049647,0.001316,0.001059
0,-0.059915,-0.135237,-0.118971,-0.09113,-0.152767,-0.128789,0.001046,0.00236
0,-0.061814,0.006951,-0.008218,0.16132,0.026683,0.187042,0.001079,0.000121
0,-0.037061,-0.100897,0.045991,-0.12045,0.012402,-0.076974,0.000647,0.001761
0,0.030738,0.055022,0.070231,0.165568,0.087024,0.118333,0.000536,0.00096
0,0.185966,-0.04353,0.135143,-0.127334,0.143623,-0.12454,0.002372,0.00076
0,-0.041623,0.004995,-0.219017,0.062763,-0.24238,0.026493,0.000726,8.7e-05
0,0.019173,0.034105,0.046056,0.000831,0.094523,-0.016825,0.000335,0.000595
0,0.166478,0.074821,0.142511,0.020564,0.189611,0.003907,0.002712,0.001306
0,0.052515,-0.017188,-0.139379,-0.071162,-0.114184,-0.080466,0.000917,0.0003
0,0.048309,0.104818,0.015361,0.092235,0.048287,0.080154,0.000843,0.001829
0,0.098674,-0.039,0.034377,-0.145911,0.045526,-0.099313,0.001722,0.000681
0,0.007943,0.16228,-0.097145,0.203298,-0.125154,0.242573,0.000139,0.002785
0,-0.092551,-0.113019,-0.082501,-0.269037,-0.072863,-0.244041,0.001615,0.001973
0,-0.194396,0.068972,-0.083462,0.189335,-0.078199,0.16996,0.002225,0.001204
0,-0.165651,0.067231,0.001572,-0.001717,0.005915,0.015403,0.002726,0.001173
0,-0.148206,-0.089204,-0.003295,-0.147235,-0.027147,-0.102679,0.002587,0.001557
0,-0.197875,0.009167,-0.027622,0.122179,0.017774,0.099611,0.002164,0.00016
0,-0.065417,0.124639,0.104986,0.097979,0.104301,0.060473,0.001142,0.002175
0,0.030588,0.015855,0.076815,-0.080767,0.058928,-0.097215,0.000534,0.000277
0,-0.033338,-0.077745,-0.038061,-0.072902,-0.061874,-0.081402,0.000582,0.001357
0,0.088578,0.013008,0.126603,0.099,0.09553,0.069786,0.001546,0.000227
0,0.11446,0.118484,0.005763,0.098597,0.007672,0.060038,0.001998,0.002068
0,-0.08478,-0.105724,-0.209347,-0.239262,-0.160918,-0.213554,0.00148,0.001845
0,-0.054549,0.076138,0.038646,0.173668,0.079915,0.136338,0.000952,0.001329
0,-0.03376,-0.011211,-0.002392,-0.070814,0.036641,-0.055712,0.000589,0.000196
0,-0.092893,0.096027,-0.036279,0.125924,-0.01983,0.096945,0.001621,0.001676
0,0.113278,0.1043,0.222911,-0.005499,0.250093,0.03138,0.001977,0.00182
0,0.079742,-0.08439,-0.025464,-0.168331,-0.072006,-0.179409,0.001392,0.001473
0,-0.13895,0.124293,-0.217317,0.195296,-0.208877,0.209246,0.002425,0.002169
0,-0.659261,-2.44795,-0.531533,-2.58428,-0.55895,-2.597181,0.000271,0.002215
0,0.043542,-3.07188,0.732163,-0.596266,0.727204,-0.574987,0.00076,0.002561
0,1.120776,-2.10524,1.083471,0.984166,1.08502,1.003338,0.002709,0.002579
0,2.292155,-1.789928,1.159138,0.299199,1.199722,0.321122,0.000683,0.002465
0,2.19229,-1.275913,-0.090138,0.49251,-0.116997,0.461503,0.00106,0.000201
0,1.954897,-1.295447,-0.239636,0.009646,-0.255607,0.05144,0.000414,0.00014
0,1.503334,-0.923817,-0.456158,0.381165,-0.49361,0.38306,0.001849,0.000729
0,1.487855,-0.66489,-0.021265,0.242382,0.02399,0.283381,0.00212,0.00037
0,1.28814,-0.193148,-0.188451,0.447709,-0.165846,0.417743,1.2e-05,0.002246
0,0.730429,-0.288408,-0.54198,-0.071131,-0.551866,-0.063007,0.001513,0.000584
0,0.316237,0.164705,-0.437175,0.464491,-0.470905,0.495819,9.8e-05,0.002743
0,0.08904,0.053046,-0.233863,-0.132009,-0.205103,-0.111404,0.001554,0.000926
0,0.05985,0.356241,-0.057286,0.282568,-0.104257,0.251893,0.001045,0.0006
0,0.105023,0.251498,0.021128,-0.09865,0.058523,-0.075436,0.001833,0.001228
0,-0.035699,0.178299,-0.139902,-0.065199,-0.114614,-0.085945,0.000623,0.002506
0,-0.17024,0.034672,-0.160735,-0.150046,-0.153738,-0.134641,0.002646,0.000605
0,0.067104,0.07242,0.259645,0.047502,0.304427,0.009977,0.001171,0.001264
0,-0.193466,0.237004,-0.277952,0.144221,-0.260369,0.187463,0.002241,0.001481
0,-0.108138,-0.00856,0.07672,-0.260008,0.086264,-0.274979,0.001887,0.000149
0,-0.120738,0.008345,-0.000139,0.003261,-0.012385,0.006736,0.002107,0.000146
0,0.131973,0.114518,0.225447,0.078731,0.238175,0.040124,0.002303,0.001999
0,-0.0195,0.115048,-0.159771,0.029979,-0.199608,0.046346,0.00034,0.002008
0,-0.003887,0.117129,0.003737,0.019985,-0.00258,0.013963,6.8e-05,0.002044
0,-0.030589,0.206613,-0.046962,0.064539,-0.08358,0.089819,0.000534,0.002011
0,0.195492,0.046256,0.232245,-0.176676,0.229151,-0.209201,0.002206,0.000807
0,-0.009993,0.033131,-0.209011,-0.033586,-0.247874,-0.050094,0.000174,0.000578
0,0.099997,-0.051782,0.097017,-0.110718,0.056722,-0.142855,0.001745,0.000904
0,0.048579,0.057278,-0.0428,0.135588,-0.061509,0.153117,0.000848,0.001
0,-0.112431,-0.158914,-0.143166,-0.218427,-0.182913,-0.186709,0.001962,0.002774
0,-0.090921,0.036723,0.033315,0.222151,0.061268,0.177481,0.001587,0.000641
0,0.024033,-0.128252,0.112432,-0.159677,0.153664,-0.117955,0.000419,0.002238
0,0.025628,0.051068,-0.024403,0.204857,0.017211,0.243622,0.000447,0.000891
0,-0.056057,-0.181116,-0.068166,-0.222703,-0.109718,-0.21949,0.000978,0.002456
0,0.033416,-0.093295,0.104186,0.076332,0.068762,0.095657,0.000583,0.001628
0,-0.132909,-0.050848,-0.176753,0.062944,-0.226085,0.040771,0.00232,0.000887
0,0.105029,0.047276,0.211607,0.127767,0.173782,0.16927,0.001833,0.000825
0,0.007769,0.13677,-0.076579,0.113164,-0.06012,0.154776,0.000136,0.002387
0,-0.068135,-0.04377,-0.081592,-0.189407,-0.069852,-0.236979,0.001189,0.000764
0,-0.053737,0.079197,-0.004629,0.116634,-0.010822,0.118353,0.000938,0.001382
0,0.024182,0.027552,0.073972,-0.030819,0.042482,-0.076337,0.000422,0.000481
0,0.026517,-0.105087,0.022918,-0.13203,0.006598,-0.148111,0.000463,0.001834
0,-0.100392,-0.021448,-0.126491,0.056759,-0.151737,0.047105,0.001752,0.000374
0,0.159758,-0.01428,0.240663,0.021533,0.210651,-0.016777,0.002788,0.000249
0,-0.130633,-0.086575,-0.285526,-0.098522,-0.315508,-0.07192,0.00228,0.001511
0,0.091993,0.029324,0.24514,0.087883,0.231577,0.046297,0.001606,0.000512
0,0.112632,0.096315,0.037959,0.060894,0.011772,0.049228,0.001966,0.001681
0,0.144126,0.003045,0.002368,-0.072782,-0.010572,-0.031618,0.002515,5.3e-05
0,0.112905,0.140617,-0.052714,0.108888,-0.078645,0.155112,0.001971,0.002454
0,-0.077124,0.070429,-0.1624,-0.064002,-0.157919,-0.093147,0.001346,0.001229
0,0.051524,0.131798,0.111352,0.06108,0.12386,0.021822,0.000899,0.0023
0,-0.072858,0.126763,-0.118534,-0.022776,-0.086559,-0.0276,0.001272,0.002212
0,0.19245,0.08503,0.279127,-0.052026,0.277157,-0.040012,0.002259,0.001484
0,0.215716,-0.048101,-0.003958,-0.155757,-0.021605,-0.181272,0.001853,0.00084
0,-0.033452,0.150298,-0.229307,0.187196,-0.249935,0.165954,0.000584,0.002623
0,0.108107,0.085341,0.146042,-0.05302,0.173844,-0.060759,0.001887,0.001489
0,0.018231,-0.059751,-0.061537,-0.128926,-0.019869,-0.164204,0.000318,0.001043
0,-0.095547,0.078016,-0.119976,0.151812,-0.092055,0.113877,0.001668,0.001362
0,0.028904,-0.114061,0.140997,-0.207498,0.154966,-0.244506,0.000504,0.001991
0,0.075001,-0.048391,0.044118,0.038811,0.080564,0.005549,0.001309,0.000845
0,-0.110891,0.016555,-0.213325,0.047894,-0.25722,0.070086,0.001935,0.000289
0,-0.113074,-0.043062,-0.004995,-0.058642,0.005622,-0.046889,0.001974,0.000752
0,-0.1246,0.06323,-0.021422,0.097629,-0.051568,0.118512,0.002175,0.001104
0,-0.224032,-0.101186,-0.116517,-0.174251,-0.117067,-0.197403,0.001707,0.001766
0,-0.156542,0.193589,0.084945,0.265849,0.064673,0.277146,0.002732,0.002239
0,-0.235011,0.040185,-0.048804,-0.166219,-0.09803,-0.173028,0.001516,0.000701
0,-0.22821,0.183716,0.013626,0.144567,0.013535,0.114181,0.001634,0.002411
0,0.05892,0.097229,0.298977,-0.087179,0.272115,-0.066921,0.001028,0.001697
0,-0.049637,0.146591,-0.097102,0.058845,-0.083107,0.108692,0.000866,0.002558
0,0.022558,0.033324,0.098372,-0.104008,0.129461,-0.072961,0.000394,0.000582
0,-0.0052,0.024112,-0.033518,-0.017466,0.000731,-0.042422,9.1e-05,0.000421
0,-0.152373,0.151989,-0.122795,0.113365,-0.083644,0.156777,0.002659,0.002653
0,-0.050147,-0.015461,0.115353,-0.175639,0.161564,-0.206416,0.000875,0.00027
0,-0.145989,-0.080176,-0.115985,-0.043739,-0.141408,-0.028447,0.002548,0.001399
0,0.067961,0.018725,0.232313,0.086585,0.214796,0.088367,0.001186,0.000327
0,-0.100128,0.19047,-0.142815,0.177315,-0.167164,0.186048,0.001748,0.002293
0,-0.114314,0.037094,-0.008736,-0.151199,-0.008035,-0.158381,0.001995,0.000647
0,-0.074193,0.165209,0.043613,0.118687,0.032583,0.087861,0.001295,0.002734
0,0.014907,0.207485,0.073006,0.067859,0.057058,0.065789,0.00026,0.001996
0,-0.131327,0.239332,-0.136387,0.026356,-0.154924,0.04341,0.002292,0.00144
0,-0.024469,0.165532,0.090483,-0.06503,0.047959,-0.112509,0.000427,0.002728
0,-0.165163,0.199787,-0.120004,0.004319,-0.158661,-0.003955,0.002735,0.002131
0,-1.425458,-0.304685,-1.264164,-0.505539,-1.28801,-0.540379,0.002409,0.0003
0,-3.683831,-0.327811,-2.249,-0.03373,-2.234143,-0.05473,0.002502,0.000104
0,-4.195942,-0.623332,-0.532831,-0.298559,-0.56943,-0.271075,0.000205,0.000356
0,-2.316302,-0.595006,1.864464,0.048994,1.840523,0.013778,0.001105,0.00085
0,-0.40765,-0.248102,1.930023,0.33529,1.89981,0.369635,0.001497,0.001287
0,-0.204484,-0.108128,0.178798,0.127484,0.161519,0.160563,0.002049,0.001887
0,0.735185,0.008554,0.947025,0.129571,0.907697,0.143428,0.001596,0.000149
0,1.469477,-0.128494,0.751768,-0.116987,0.713082,-0.086146,0.00244,0.002243
0,1.848326,0.047979,0.398533,0.202631,0.401126,0.20771,0.001446,0.000837
0,1.801296,-0.041298,-0.060946,-0.080991,-0.107906,-0.074574,0.002266,0.000721
0,1.673294,-0.06503,-0.108788,-0.03348,-0.060905,-0.034895,0.001117,0.001135
0,1.406367,0.187093,-0.279962,0.248897,-0.29847,0.208936,0.002076,0.002352
0,0.675491,0.104486,-0.720726,-0.08773,-0.691902,-0.041961,0.000555,0.001824
0,0.344247,0.109145,-0.345875,-1e-05,-0.305539,0.038498,0.000391,0.001905
0,0.339357,0.108857,0.022952,-0.015151,0.052265,-0.051743,0.000305,0.0019
0,0.057707,0.142822,-0.26413,0.055883,-0.284065,0.036585,0.001007,0.002493
0,0.064753,0.069467,-0.019431,-0.085315,-0.034227,-0.069591,0.00113,0.001212
0,-0.047217,0.107048,-0.103558,0.036474,-0.085753,0.033902,0.000824,0.001868
0,-0.221199,0.074552,-0.201367,-0.04088,-0.192899,-0.022834,0.001757,0.001301
0,-0.274607,-0.064491,-0.026043,-0.157052,-0.036976,-0.109536,0.000825,0.001126
0,-0.123362,0.132578,0.166769,0.210146,0.15025,0.189557,0.002153,0.002314
0,-0.24063,0.056315,-0.103193,-0.06974,-0.08215,-0.032131,0.001418,0.000983
0,-0.002292,-0.067929,0.21347,-0.09616,0.236149,-0.105244,4e-05,0.001186
0,-0.229552,0.104256,-0.233343,0.197097,-0.276238,0.148176,0.001611,0.00182
0,0.056151,-0.126825,0.288517,-0.220159,0.321051,-0.212121,0.00098,0.002214
0,0.003844,0.069248,-0.027957,0.187394,-0.05735,0.169296,6.7e-05,0.001209
0,-0.105021,-0.11689,-0.098262,-0.165308,-0.11711,-0.199107,0.001833,0.00204
0,0.036297,0.137444,0.142225,0.237233,0.110165,0.277992,0.000634,0.002399
0,-0.02826,-0.053893,-0.052078,-0.171349,-0.047451,-0.133131,0.000493,0.000941
0,-0.111757,0.127795,-0.095055,0.190661,-0.091255,0.206063,0.001951,0.00223
0,0.142778,-0.055572,0.28085,-0.213346,0.238146,-0.226832,0.002492,0.00097
0,0.168893,0.057696,0.036521,0.095581,0.00812,0.060476,0.00267,0.001007
0,0.142443,-0.130495,-0.024013,-0.202079,-0.007299,-0.212407,0.002486,0.002278
0,0.108948,0.092648,-0.055752,0.206729,-0.086007,0.16109,0.001901,0.001617
0,-0.115216,-0.054546,-0.232386,-0.175998,-0.186729,-0.179102,0.002011,0.000952
0,-0.054698,0.059729,0.032903,0.086465,0.074862,0.100429,0.000955,0.001042
0,-0.111988,0.119916,-0.075467,0.087233,-0.12295,0.136365,0.001955,0.002093
0,0.027072,-0.104382,0.135037,-0.208891,0.129082,-0.224184,0.000472,0.001822
0,0.133028,0.041193,0.123129,0.173606,0.090015,0.136154,0.002322,0.000719
0,0.11667,0.027415,-0.003842,-0.015373,-0.026283,-0.032024,0.002036,0.000478
0,0.121327,-0.041155,0.004234,-0.043812,-0.042237,0.005648,0.002118,0.000718
0,-0.00271,-0.010113,-0.099075,0.039277,-0.104649,0.042598,4.7e-05,0.000177
0,-0.081358,0.125507,-0.077457,0.138828,-0.117898,0.153155,0.00142,0.002191
0,0.026196,0.111295,0.116798,0.000378,0.146849,0.024607,0.000457,0.001942
0,-0.009067,-0.043306,-0.06087,-0.127812,-0.069089,-0.1672,0.000158,0.000756
0,-0.004765,0.013349,0.009233,0.053415,-0.004196,0.080263,8.3e-05,0.000233
0,0.171991,-0.136581,0.196091,-0.146439,0.231388,-0.1255,0.002616,0.002384
0,-0.022694,0.058586,-0.205265,0.182956,-0.249635,0.225188,0.000396,0.001023
0,-0.036659,-0.128238,0.007094,-0.166244,0.029093,-0.208426,0.00064,0.002238
0,-0.071435,-0.116616,-0.014399,0.031556,-0.024289,0.02216,0.001247,0.002035
0,0.085388,-0.124209,0.150847,-0.00857,0.142325,-0.026418,0.00149,0.002168
0,-0.006776,0.115821,-0.107229,0.25308,-0.061966,0.289048,0.000118,0.002021
0,-0.111374,-0.146975,-0.111053,-0.28374,-0.156573,-0.290543,0.001944,0.002565
0,-0.0599,0.03538,0.058352,0.203809,0.033429,0.227757,0.001045,0.000617
0,-0.086379,0.033884,-0.055841,0.018875,-0.013899,0.030592,0.001508,0.000591
0,-0.103459,0.080221,-0.00542,0.048685,0.020983,0.084946,0.001806,0.0014
0,0.006141,0.02482,0.133856,-0.073958,0.161878,-0.081738,0.000107,0.000433
0,-0.088427,-0.108237,-0.107973,-0.137567,-0.123355,-0.158689,0.001543,0.001889
0,-0.005954,-0.157197,0.075514,-0.052207,0.044805,-0.039576,0.000104,0.002744
0,-0.06261,-0.1287,-0.045795,0.025257,-0.025911,-0.017281,0.001093,0.002246
0,0.035675,-0.194859,0.117077,-0.068627,0.10004,-0.062818,0.000623,0.002217
0,0.040028,-0.096324,-0.012429,0.089924,-0.00479,0.044897,0.000699,0.001681
0,-0.060388,-0.015938,-0.072364,0.079232,-0.033081,0.06142,0.001054,0.000278
0,0.036014,-0.136201,0.077704,-0.13079,0.074813,-0.101612,0.000629,0.002377
0,-0.114508,-0.164201,-0.140407,-0.026836,-0.12907,-0.029368,0.001999,0.002752
0,-0.053589,-0.25557,0.084324,-0.085692,0.048126,-0.052561,0.000935,0.001157
0,0.00806,0.041727,0.074594,0.312913,0.048164,0.264501,0.000141,0.000728
0,0.024623,-0.225429,0.043161,-0.238259,-0.003573,-0.213221,0.00043,0.001683
0,-0.122349,-0.018607,-0.138772,0.177337,-0.132399,0.139283,0.002135,0.000325
0,-0.150029,-0.188773,-0.048363,-0.14753,-0.032506,-0.181426,0.002619,0.002323
0,0.092858,0.049874,0.216319,0.213253,0.200365,0.251243,0.001621,0.00087
0,0.115109,0.001322,0.008777,-0.040907,0.044493,-0.020331,0.002009,2.3e-05
0,-0.072856,-0.256389,-0.207229,-0.286646,-0.252439,-0.272481,0.001272,0.001143
0,0.021505,-0.001075,0.072492,0.271729,0.099748,0.230443,0.000375,1.9e-05
0,0.027796,-0.203216,-0.006312,-0.17781,0.022816,-0.196672,0.000485,0.002071
0,0.063953,0.015549,0.044668,0.208606,0.051895,0.198738,0.001116,0.000271
0,-0.079061,0.062094,-0.148979,0.025493,-0.148295,0.020011,0.00138,0.001084
0,-0.056087,0.051714,0.030853,-0.03228,0.019883,-0.030494,0.000979,0.000903
0,-0.005013,0.014064,0.063352,-0.061714,0.10338,-0.079893,8.7e-05,0.000245
0,-1.4e-05,-0.029541,0.025663,-0.041669,0.001754,-0.000702,0.0,0.000516
0,-0.002249,-0.145094,-0.006749,-0.096421,-0.035059,-0.129262,3.9e-05,0.002532
0,-0.191528,-0.20064,-0.169987,-0.053096,-0.212962,-0.019468,0.002275,0.002116
0,0.030079,-0.047111,0.250892,0.164444,0.292345,0.210843,0.000525,0.000822
0,0.077287,-0.06666,0.049308,-0.006713,0.044929,0.025514,0.001349,0.001163
0,0.074918,0.053899,-0.006173,0.108068,0.027258,0.108043,0.001308,0.000941
0,-0.011234,0.063242,-0.058573,0.000495,-0.103405,0.010259,0.000196,0.001104
0,0.033534,0.079745,0.065675,0.044023,0.035745,0.065101,0.000585,0.001392
0,0.070166,0.026586,0.062588,-0.068571,0.042576,-0.116535,0.001225,0.000464
0,-0.03767,0.02752,-0.098864,-0.02363,-0.079893,-0.037173,0.000657,0.00048
0,-0.088252,0.098198,-0.073078,0.098478,-0.037467,0.136562,0.00154,0.001714
0,-0.051193,0.014805,0.019596,-0.101415,0.053195,-0.095534,0.000893,0.000258
0,-0.121455,0.067602,-0.055701,0.058785,-0.079111,0.092795,0.00212,0.00118
0,-0.011724,0.018552,0.13076,-0.071242,0.135805,-0.110669,0.000205,0.000324
0,-0.012379,-0.084626,-0.00722,-0.075689,-0.019042,-0.063757,0.000216,0.001477
0,-0.126831,-0.156138,-0.134123,-0.100214,-0.097969,-0.076052,0.002214,0.002725
0,-0.146274,-0.146702,-0.022541,0.039271,-0.055747,0.034701,0.002553,0.00256
0,-0.003989,0.016354,0.161351,0.167198,0.20447,0.133141,7e-05,0.000285
0,-0.016855,-0.210992,0.016304,-0.211509,0.002843,-0.228699,0.000294,0.001935
0,-0.111188,-0.08005,-0.094668,0.131891,-0.068299,0.11014,0.001941,0.001397
0,-0.001922,-0.151028,0.101486,-0.065088,0.147494,-0.098309,3.4e-05,0.002636
0,-0.179705,-0.074937,-0.206289,0.096266,-0.239792,0.100861,0.002481,0.001308
0,-0.116652,-0.172786,0.063808,-0.125428,0.025987,-0.076278,0.002036,0.002602
0,-0.095665,-0.189545,0.039388,0.000603,0.008485,-0.016951,0.00167,0.002309
0,-0.148148,-0.08823,-0.053839,0.114629,-0.047621,0.092873,0.002586,0.00154
0,-0.03416,-0.018024,0.109942,0.077218,0.146943,0.111592,0.000596,0.000315
0,-0.189003,0.014049,-0.134547,0.049239,-0.144784,0.023537,0.002319,0.000245
0,-0.00737,-0.036016,0.200984,-0.07184,0.221137,-0.063142,0.000129,0.000629
0,-0.168557,-0.075951,-0.171824,-0.019246,-0.163135,-0.048098,0.002676,0.001326
0,-0.073681,-0.24714,0.068279,-0.17031,0.096197,-0.168804,0.001286,0.001304
0,-0.030398,-0.051621,0.018671,0.174124,-0.027973,0.17479,0.000531,0.000901
0,0.008237,0.063359,0.065057,0.105122,0.045993,0.138628,0.000144,0.001106
0,-0.295831,-0.138868,-0.325227,-0.194229,-0.296668,-0.153535,0.000454,0.002424
0,-0.021979,-0.158503,0.258582,0.004086,0.283671,0.031318,0.000384,0.002766
0,-0.118326,-0.021541,-0.118668,0.113427,-0.075588,0.146832,0.002065,0.000376
0,-0.017592,0.041664,0.080885,0.081286,0.062833,0.05787,0.000307,0.000727
0,0.046194,0.06568,0.039972,0.0296,0.038236,0.055657,0.000806,0.001146
0,-0.007684,0.023787,-0.062002,-0.043537,-0.032917,-0.066068,0.000134,0.000415
0,-0.101807,0.059759,-0.099943,0.062443,-0.058477,0.038081,0.001777,0.001043
0,-0.09597,0.03631,-0.005488,-0.004314,0.01055,-0.051063,0.001675,0.000634
0,0.068651,0.099925,0.166742,0.081223,0.147308,0.123161,0.001198,0.001744
0,-0.137455,0.046252,-0.216663,-0.03193,-0.175123,-0.03761,0.002399,0.000807
0,0.134958,0.101386,0.268709,0.066975,0.31662,0.114116,0.002355,0.00177
0,-0.027034,-0.129844,-0.166924,-0.2218,-0.177913,-0.270312,0.000472,0.002266
0,-0.061056,-0.027754,-0.031205,0.103176,-0.052838,0.080022,0.001066,0.000484
0,0.071399,-0.07013,0.107475,-0.026379,0.064132,-0.05923,0.001246,0.001224
0,0.065629,-0.097045,-0.012239,-0.017798,0.03612,-0.010223,0.001145,0.001694
0,-0.056299,0.004516,-0.140996,0.10244,-0.178249,0.133665,0.000983,7.9e-05
0,0.145822,-0.004989,0.229334,0.017787,0.24358,0.011075,0.002545,8.7e-05
0,0.148064,-0.151195,0.015548,-0.121035,0.044599,-0.138741,0.002584,0.002639
0,-0.050031,-0.025935,-0.185751,0.146038,-0.187989,0.170031,0.000873,0.000453
0,-1.087835,0.949939,-1.054059,0.992353,-1.074008,0.988541,0.002134,0.000273
0,-1.312905,1.088469,-0.227418,0.143649,-0.273462,0.163605,0.000444,0.002145
0,-1.543189,1.131477,-0.238829,0.040034,-0.267723,-0.001103,0.001154,0.002722
0,-1.459435,1.378218,0.093993,0.238899,0.094235,0.276246,0.002616,0.001584
0,-1.16377,1.173574,0.302077,-0.213951,0.280593,-0.185921,0.002158,0.001987
0,-1.032138,0.980598,0.105723,-0.186668,0.099392,-0.166762,0.001162,0.000262
0,-0.763368,0.8292,0.291028,-0.178525,0.334012,-0.14411,0.002088,0.00238
0,-0.504537,0.560175,0.270791,-0.287603,0.308972,-0.278914,0.002429,0.001458
0,-0.059028,0.338565,0.46056,-0.227189,0.454386,-0.177603,0.00103,0.000292
0,0.179795,0.286404,0.249734,-0.03973,0.295936,-0.011113,0.002479,0.000619
0,0.092159,0.305908,-0.058943,0.014328,-0.086266,-0.004911,0.001608,0.000278
0,0.075604,0.143058,-0.032542,-0.137435,-0.039925,-0.173194,0.00132,0.002497
0,0.171962,0.023596,0.111125,-0.121018,0.113504,-0.136965,0.002616,0.000412
0,0.020498,0.02684,-0.141873,0.008817,-0.160353,0.026535,0.000358,0.000468
0,0.161021,-0.185095,0.160333,-0.197856,0.172231,-0.24752,0.002807,0.002387
0,-0.122882,-0.088095,-0.286143,0.109438,-0.283829,0.061665,0.002145,0.001538
0,0.043336,-0.049033,0.174463,0.064114,0.160037,0.032322,0.000756,0.000856
0,-0.060895,0.04041,-0.128835,0.060596,-0.086159,0.107021,0.001063,0.000705
0,0.077448,-0.08807,0.142281,-0.125468,0.141023,-0.144681,0.001352,0.001537
0,-0.222877,-0.058406,-0.308004,0.004526,-0.319393,-0.032228,0.001728,0.001019
0,0.031346,-0.103082,0.247745,-0.039875,0.294033,-0.051871,0.000547,0.001799
0,-0.063545,-0.072527,-0.080375,0.006712,-0.067829,0.005892,0.001109,0.001266
0,-0.003673,-0.024177,0.045291,0.06294,0.057313,0.086306,6.4e-05,0.000422
0,-0.026352,0.114808,0.003645,0.147663,0.03057,0.174363,0.00046,0.002004
0,-0.148441,0.00768,-0.094922,-0.117472,-0.055627,-0.15675,0.002591,0.000134
0,0.068646,-0.019027,0.195247,-0.013372,0.158964,0.009727,0.001198,0.000332
0,-0.038082,-0.05802,-0.094866,-0.027702,-0.085028,0.014921,0.000665,0.001013
0,0.125307,0.081987,0.144635,0.162157,0.098872,0.171263,0.002187,0.001431
0,-0.133219,0.07149,-0.274937,-0.02437,-0.287764,-0.003877,0.002325,0.001248
0,0.102454,0.06703,0.258255,-0.01637,0.24114,-0.035272,0.001788,0.00117
0,-0.109908,-0.135049,-0.21322,-0.202089,-0.256984,-0.20714,0.001918,0.002357
0,0.002353,0.074738,0.090197,0.201472,0.087124,0.22619,4.1e-05,0.001304
0,-0.109757,-0.080412,-0.08266,-0.162099,-0.094968,-0.211219,0.001916,0.001403
0,-0.070062,0.02554,0.045212,0.082094,0.045241,0.066406,0.001223,0.000446
0,-0.075224,-0.06649,0.000298,-0.08324,0.029989,-0.121891,0.001313,0.00116
0,-0.13742,0.052493,-0.054064,0.094192,-0.017979,0.050345,0.002398,0.000916
0,-0.206237,-0.039277,-0.048633,-0.116099,-0.024649,-0.133766,0.002018,0.000686
0,-0.105503,-0.013662,0.07122,0.052172,0.072169,0.037425,0.001841,0.000238
0,-0.161102,0.109801,-0.033541,0.106071,-0.061524,0.111214,0.002806,0.001916
0,-0.226109,-0.125862,-0.073535,-0.206571,-0.11058,-0.2565,0.001671,0.002197
0,-0.115735,0.14323,0.125272,0.270297,0.094684,0.235089,0.00202,0.0025
0,-0.079484,-0.052317,0.036595,-0.209343,0.076331,-0.211566,0.001387,0.000913
0,-0.234737,-0.035783,-0.184515,-0.009973,-0.146485,-0.058142,0.001521,0.000625
0,0.001727,0.114853,0.226284,0.159969,0.224532,0.188806,3e-05,0.002005
0,-0.043598,0.002492,-0.073481,-0.118465,-0.11651,-0.084254,0.000761,4.3e-05
0,-0.152062,0.153859,-0.138156,0.123921,-0.135656,0.078166,0.002654,0.002685
0,0.009464,0.088279,0.167279,-0.069294,0.192071,-0.057636,0.000165,0.001541
0,-0.123992,0.192257,-0.156831,0.094521,-0.124192,0.119257,0.002164,0.002262
0,-0.121691,-0.030293,0.027305,-0.21645,0.036596,-0.178551,0.002124,0.000529
0,-0.105631,0.000386,0.03041,0.056476,0.070491,0.01882,0.001844,7e-06
0,-0.186724,-0.014553,-0.060978,-0.016103,-0.096287,0.026552,0.002359,0.000254
0,0.061185,0.148114,0.254576,0.191924,0.24309,0.223063,0.001068,0.002585
0,-0.125149,0.093205,-0.156373,-0.074715,-0.159493,-0.060491,0.002184,0.001627
0,-0.057804,0.115695,0.03867,0.026762,0.045336,0.043445,0.001009,0.002019
0,0.078677,-0.056073,0.129551,-0.160595,0.113514,-0.130848,0.001373,0.000979
0,-0.016938,-0.021389,-0.121435,0.042594,-0.116183,0.06131,0.000296,0.000373
0,-0.106417,-0.104033,-0.060838,-0.068455,-0.102055,-0.043435,0.001857,0.001816
0,0.076388,0.101479,0.17008,0.219545,0.193792,0.192348,0.001333,0.001771
0,0.042282,0.029335,-0.013009,-0.067784,-0.044718,-0.110658,0.000738,0.000512
0,-0.190951,0.10582,-0.258408,0.103427,-0.263262,0.111694,0.002285,0.001847
0,-0.083081,-0.110832,0.080227,-0.205867,0.044938,-0.235169,0.00145,0.001934
0,-1.579654,0.300628,-1.498685,0.437057,-1.492414,0.474806,0.000517,0.000371
0,-3.464336,0.438014,-1.875024,0.125131,-1.82876,0.077541,0.001329,0.002027
0,-3.472835,0.704929,-0.02045,0.290633,0.01562,0.269223,0.00118,0.001068
0,-3.208995,0.728819,0.271787,0.034164,0.292787,0.07011,0.000168,0.001485
0,-3.081982,0.340333,0.129926,-0.396901,0.099041,-0.389905,0.002384,0.000322
0,-2.364222,0.24669,0.715008,-0.094317,0.707618,-0.068151,0.001941,0.001312
0,-2.019351,0.340432,0.361024,0.105949,0.387088,0.143615,0.001539,0.000324
0,-1.345799,0.153053,0.697456,-0.15997,0.701428,-0.113746,0.001019,0.002671
0,-0.701977,0.279969,0.661217,0.111351,0.672337,0.140077,0.001017,0.000731
0,-0.338636,0.162419,0.334997,-0.105681,0.384506,-0.134527,0.000293,0.002783
0,0.025823,-0.027599,0.355447,-0.188906,0.308708,-0.165588,0.000451,0.000482
0,0.175717,0.104436,0.132507,0.131449,0.088801,0.146206,0.002551,0.001823
0,0.340045,0.084931,0.184226,-0.023743,0.198438,0.013932,0.000317,0.001482
0,0.448664,0.004923,0.094739,-0.107261,0.125729,-0.071537,0.002213,8.6e-05
0,0.283683,-0.161433,-0.161107,-0.178723,-0.193918,-0.183146,0.000666,0.0028
0,0.388698,-0.043682,0.127546,0.116591,0.113342,0.137384,0.001167,0.000762
0,0.06105,-0.063367,-0.336794,-0.036032,-0.369983,-0.046803,0.001066,0.001106
0,0.156263,0.045925,0.071014,0.120758,0.023852,0.164567,0.002727,0.000802
0,0.117266,0.155816,-0.036166,0.080193,-0.035327,0.110015,0.002047,0.00272
0,0.249454,0.118999,0.161497,-0.035443,0.143725,-0.056892,0.001264,0.002077
0,0.033789,-0.003558,-0.208914,-0.115795,-0.244282,-0.134747,0.00059,6.2e-05
0,0.214127,-0.102658,0.182228,-0.081779,0.170197,-0.03583,0.00188,0.001792
0,-0.041159,0.094106,-0.25615,0.193039,-0.208535,0.162982,0.000718,0.001642
0,-0.056005,-0.07454,-0.011475,-0.151372,0.016746,-0.111916,0.000977,0.001301
0,0.084589,0.070321,0.15954,0.173477,0.137254,0.200497,0.001476,0.001227
0,-0.031596,0.065884,-0.099073,0.022299,-0.140241,-0.025049,0.000551,0.00115
0,-0.010157,0.004465,0.043253,-0.04141,0.055149,-0.072755,0.000177,7.8e-05
0,0.122398,0.088865,0.115286,0.103447,0.136895,0.072421,0.002136,0.001551
0,-0.117468,0.013616,-0.24718,-0.05447,-0.275629,-0.082164,0.00205,0.000238
0,0.087688,-0.075712,0.201745,-0.073253,0.210117,-0.107134,0.00153,0.001321
0,0.047068,-0.026367,-0.041224,0.037751,-0.087873,0.019253,0.000821,0.00046
0,0.041652,-0.062278,-0.013261,-0.033186,-0.062611,-0.000583,0.000727,0.001087
0,0.06171,0.06078,0.004786,0.131722,-0.037902,0.133374,0.001077,0.001061
0,-0.031728,-0.126352,-0.086277,-0.178939,-0.086494,-0.202679,0.000554,0.002205
0,-0.134615,-0.11023,-0.091215,0.022656,-0.053919,0.005993,0.002349,0.001924
0,-0.006816,-0.063247,0.143772,0.017454,0.094088,0.06248,0.000119,0.001104
0,-0.10702,0.100211,-0.112345,0.190827,-0.152103,0.156061,0.001868,0.001749
0,-0.178451,-0.116155,-0.056297,-0.199955,-0.084787,-0.176397,0.002503,0.002027
0,-0.111043,0.021301,0.065173,0.13815,0.025489,0.160241,0.001938,0.000372
0,0.129562,-0.121924,0.259543,-0.148831,0.268914,-0.123253,0.002261,0.002128
0,0.043906,-0.148555,-0.099694,0.002849,-0.126846,0.001791,0.000766,0.002593
0,-0.113563,0.128362,-0.162467,0.298477,-0.166112,0.291784,0.001982,0.00224
0,-0.102929,-0.095682,0.030378,-0.199593,0.074158,-0.166846,0.001796,0.00167
0,-0.06777,-0.068222,0.02994,0.002704,0.006554,0.00744,0.001183,0.001191
0,-0.135124,-0.061196,-0.09527,0.018684,-0.138784,0.048077,0.002358,0.001068
0,-0.124307,0.090918,-0.007037,0.170771,7.2e-05,0.194059,0.00217,0.001587
0,-0.095632,-0.16456,0.022521,-0.269762,-0.009038,-0.308615,0.001669,0.002745
0,-0.06063,0.053416,0.058048,0.22292,0.026178,0.230465,0.001058,0.000932
0,0.114361,-0.030638,0.153063,-0.07446,0.116628,-0.103209,0.001996,0.000535
0,-0.144252,-0.041462,-0.283256,0.016889,-0.273974,0.01932,0.002518,0.000724
0,-0.042496,-0.146375,0.094089,-0.083368,0.066577,-0.035095,0.000742,0.002555
0,-0.061256,0.023858,-0.040143,0.189207,-0.025405,0.14208,0.001069,0.000416
0,0.04623,-0.081231,0.080188,-0.114413,0.072738,-0.085262,0.000807,0.001418
0,-0.070719,-0.038703,-0.105771,0.06054,-0.100383,0.016883,0.001234,0.000676
0,-0.047074,-0.183858,-0.005234,-0.147479,-0.040744,-0.153404,0.000822,0.002409
0,0.100237,0.036878,0.148849,0.224134,0.157503,0.238398,0.001749,0.000644
0,-0.159356,-0.028498,-0.230462,-0.078642,-0.236167,-0.094289,0.002781,0.000497
0,-0.097473,0.006181,0.060042,0.050414,0.01639,0.086608,0.001701,0.000108
0,-0.153165,-0.012018,-0.062398,-0.02172,-0.044532,-0.052951,0.002673,0.00021
0,-0.050218,-0.131935,0.104871,-0.123399,0.107187,-0.086091,0.000876,0.002303
0,-0.060998,-0.220295,-0.027561,-0.102674,-0.042517,-0.149117,0.001065,0.001773
0,0.039807,-0.149782,0.109626,0.054052,0.102907,0.028618,0.000695,0.002614
0,0.154615,-0.028331,0.126422,0.099359,0.131968,0.126165,0.002699,0.000494
0,0.143537,0.050576,-0.01581,0.10365,-0.013084,0.084721,0.002505,0.000883
0,0.217816,0.068732,0.088667,0.010271,0.138295,0.03811,0.001816,0.0012
0,0.087474,0.02631,-0.111531,-0.04937,-0.103558,-0.097346,0.001527,0.000459
0,0.021907,-0.136689,-0.0368,-0.164752,-0.075664,-0.140613,0.000382,0.002386
0,-0.010837,0.014294,-0.037225,0.14021,-0.034456,0.144084,0.000189,0.000249
0,0.031409,-0.046166,0.044003,-0.08675,0.022589,-0.126968,0.000548,0.000806
0,0.156012,-0.105304,0.1508,-0.069512,0.198293,-0.047084,0.002723,0.001838
0,0.135178,0.124401,-0.041344,0.202745,-0.090637,0.199981,0.002359,0.002171
0,0.235477,-0.136627,0.127203,-0.277074,0.144168,-0.292702,0.001508,0.002385
0,0.1278,0.006809,-0.12921,0.171472,-0.122342,0.12576,0.002231,0.000119
0,0.116075,0.146423,-0.038569,0.156437,-0.055571,0.117006,0.002026,0.002556
0,0.037396,-0.050205,-0.072731,-0.22051,-0.097694,-0.184298,0.000653,0.000876
0,-0.115176,-0.005732,-0.135397,0.038909,-0.157028,0.082714,0.00201,0.0001
0,-0.164864,-0.023907,-0.067143,0.004667,-0.066878,-0.032448,0.00274,0.000417
0,-0.216496,0.007935,-0.055899,0.006425,-0.093445,0.021211,0.001839,0.000138
0,-0.11349,0.066331,0.112072,0.072032,0.077621,0.053168,0.001981,0.001158
0,-0.024057,-0.057073,0.068724,-0.137184,0.068461,-0.150685,0.00042,0.000996
0,-0.148961,0.109297,-0.142262,0.155421,-0.146014,0.135833,0.0026,0.001908
0,0.126642,0.045706,0.255248,-0.042644,0.236476,-0.001367,0.00221,0.000798
0,-0.031852,-0.122871,-0.165639,-0.172198,-0.212795,-0.170941,0.000556,0.002145
0,0.111528,-0.110138,0.166031,0.014805,0.117311,0.020111,0.001947,0.001922
0,0.206932,0.102945,0.087406,0.224063,0.113241,0.212388,0.002006,0.001797
0,-0.012889,-0.078847,-0.243476,-0.166626,-0.2489,-0.155034,0.000225,0.001376
0,-0.069433,-0.00981,-0.062369,0.086204,-0.039964,0.130722,0.001212,0.000171
0,0.095244,0.081032,0.180943,0.083937,0.136641,0.03955,0.001662,0.001414
0,0.07314,-0.10882,-0.015475,-0.208572,-0.022351,-0.239842,0.001277,0.001899
0,0.060556,0.050197,-0.025922,0.181448,-0.047605,0.142843,0.001057,0.000876
0,-0.027735,-0.153028,-0.068311,-0.205892,-0.020761,-0.248334,0.000484,0.002671
0,-0.03199,-0.097272,-0.000261,0.046819,-0.009182,0.095195,0.000558,0.001698
0,-0.017048,-0.060933,0.019391,0.038827,0.012241,0.086916,0.000298,0.001063
0,-0.069353,-0.131384,-0.055671,-0.051846,-0.089047,-0.004026,0.00121,0.002293
0,-0.007653,0.111491,0.074055,0.269195,0.086535,0.273445,0.000134,0.001946
0,-0.014465,-0.05585,-0.021975,-0.154436,-0.070414,-0.189367,0.000252,0.000975
0,-0.140825,0.113889,-0.097138,0.18324,-0.113994,0.147467,0.002458,0.001988
0,-0.16989,-0.117316,-0.038288,-0.258019,-0.029351,-0.230194,0.002652,0.002048
0,-0.208791,0.110869,-0.052896,0.252084,-0.068973,0.281203,0.001973,0.001935
0,0.05387,-0.017892,0.258931,-0.11501,0.217563,-0.15658,0.00094,0.000312
0,-0.053355,-0.025936,-0.112738,-0.03516,-0.150915,-0.058362,0.000931,0.000453
0,-0.042348,0.053254,-0.00481,0.06394,-0.044041,0.016649,0.000739,0.000929
0,-0.097288,-0.017396,-0.067396,-0.060866,-0.039697,-0.096271,0.001698,0.000304
0,-0.114817,0.06753,-0.004973,0.084767,0.013123,0.095178,0.002004,0.001179
0,-0.048086,-0.050414,0.08681,-0.117788,0.044547,-0.128703,0.000839,0.00088
0,-0.145088,-0.154596,-0.110931,-0.078385,-0.155033,-0.057949,0.002532,0.002698
0,-0.021021,0.09837,0.14461,0.223506,0.108575,0.201562,0.000367,0.001717
0,0.059678,-0.10428,0.092663,-0.215501,0.103796,-0.244425,0.001042,0.00182
0,-0.117009,0.012776,-0.2066,0.13709,-0.251145,0.115352,0.002042,0.000223
0,-0.044509,0.041142,0.095752,0.051142,0.09639,0.095576,0.000777,0.000718
0,-0.029483,-0.048921,0.023194,-0.083664,0.029391,-0.059284,0.000515,0.000854
0,0.013694,-0.043315,0.034742,0.00041,0.012557,-0.041223,0.000239,0.000756
0,0.010528,-0.027765,-0.026973,0.030682,-0.07431,0.040468,0.000184,0.000485
0,-0.109983,-0.192094,-0.122897,-0.140417,-0.142088,-0.188781,0.00192,0.002265
0,-0.085032,-0.154175,0.020083,0.065816,-0.004326,0.087342,0.001484,0.002691
0,-0.04425,-0.153749,0.058548,0.012834,0.029267,-0.035564,0.000772,0.002683
0,-0.14431,-0.027089,-0.109126,0.148512,-0.106715,0.177741,0.002519,0.000473
0,0.020119,0.076497,0.157304,0.098177,0.117035,0.136102,0.000351,0.001335
0,-0.179313,-0.017117,-0.228706,-0.112408,-0.217753,-0.087376,0.002488,0.000299
0,-0.236397,-0.152335,-0.037945,-0.163731,-0.054542,-0.203618,0.001492,0.002659
0,-0.132082,-0.104956,0.086783,0.022187,0.050202,0.00313,0.002305,0.001832
0,-0.098754,-0.060746,0.058177,0.065456,0.095847,0.077809,0.001724,0.00106
0,-0.275896,-0.016337,-0.159386,0.069994,-0.181924,0.047469,0.000802,0.000285
0,-0.093799,0.064458,0.175201,0.080645,0.16916,0.082883,0.001637,0.001125
0,-0.090544,0.024808,-0.017421,-0.053929,-0.049115,-0.050555,0.00158,0.000433
0,0.011506,0.027581,0.099043,0.001645,0.13059,-0.010318,0.000201,0.000481
0,-0.173557,-0.140515,-0.193327,-0.17502,-0.191016,-0.174604,0.002588,0.002452
0,0.063592,-0.145451,0.262735,-0.032303,0.275896,-0.037893,0.00111,0.002539
0,-0.072206,0.030804,-0.110636,0.156988,-0.126621,0.130869,0.00126,0.000538
0,0.082779,-0.003324,0.162079,-0.054083,0.157247,-0.079019,0.001445,5.8e-05
0,-0.075749,0.047981,-0.152886,0.047609,-0.169204,0.031989,0.001322,0.000837
0,-0.087354,0.068906,-0.032675,0.036352,0.007188,0.008156,0.001525,0.001203
0,-0.04798,0.003159,0.062858,-0.074221,0.088183,-0.117245,0.000837,5.5e-05
0,0.026401,-0.149475,0.051887,-0.152744,0.027835,-0.154194,0.000461,0.002609
0,0.134876,0.053602,0.099455,0.193001,0.106998,0.229106,0.002354,0.000936
0,0.119453,-0.104765,-0.030378,-0.186446,-0.003376,-0.221581,0.002085,0.001829
0,0.051484,0.030546,-0.047807,0.116297,0.001763,0.073935,0.000899,0.000533
0,-0.031165,0.033765,-0.060071,-0.01256,-0.067092,-0.058783,0.000544,0.000589
0,-0.024506,-0.093161,0.002528,-0.145664,-0.008893,-0.145639,0.000428,0.001626
0,0.04677,-0.015638,0.078356,0.060391,0.11031,0.101752,0.000816,0.000273
0,0.01025,0.070172,-0.050281,0.112848,-0.094654,0.083243,0.000179,0.001225
0,0.1568,-0.073839,0.15323,-0.141437,0.114344,-0.177774,0.002737,0.001289
0,0.212701,-0.092759,0.047178,-0.023895,0.063604,-0.067941,0.001905,0.001619
0,0.04618,-0.009264,-0.177755,0.054435,-0.144445,0.080338,0.000806,0.000162
0,0.173011,-0.169758,0.122787,-0.160127,0.095755,-0.150846,0.002598,0.002655
0,0.112544,-0.060999,-0.032472,0.126215,0.01033,0.085887,0.001964,0.001065
0,-0.004609,-0.062354,-0.126443,0.019363,-0.119232,0.038803,8e-05,0.001088
0,0.076912,-0.181724,0.052322,-0.148911,0.036337,-0.117898,0.001342,0.002446
0,0.001843,-0.132388,-0.051222,0.066181,-0.025846,0.095218,3.2e-05,0.002311
0,-0.184597,0.069919,-0.168907,0.191799,-0.160804,0.2233,0.002396,0.00122
0,0.074699,-0.199688,0.271881,-0.294024,0.245874,-0.32579,0.001304,0.002132
0,0.022702,-0.070438,-0.028057,0.139695,-0.063768,0.158553,0.000396,0.001229
0,-0.149034,0.007015,-0.165817,0.085143,-0.134651,0.093529,0.002601,0.000122
0,0.063768,-0.074235,0.191804,-0.068438,0.198528,-0.051291,0.001113,0.001296
0,-0.129334,0.170008,-0.196853,0.219441,-0.209564,0.191794,0.002257,0.00265
0,-0.222663,-0.036962,-0.110428,-0.20502,-0.147612,-0.238386,0.001731,0.000645
0,-0.213078,0.007155,0.008111,0.016975,-0.013452,0.002044,0.001899,0.000125
0,-0.08045,-0.101017,0.154944,-0.091726,0.11277,-0.096107,0.001404,0.001763
0,-0.073641,-0.042964,0.021612,0.061729,-0.019042,0.030158,0.001285,0.00075
0,-0.110579,-0.13321,-0.022662,-0.099494,-0.019594,-0.1293,0.00193,0.002325
0,-0.034201,-0.077374,0.080192,0.064598,0.109129,0.107633,0.000597,0.00135
0,0.057724,-0.084497,0.097079,0.021739,0.081575,0.050813,0.001007,0.001475
0,-0.006463,-0.097641,-0.044568,-0.039663,-0.044449,0.010039,0.000113,0.001704
0,-0.130649,5.7e-05,-0.130456,0.075152,-0.088416,0.091213,0.00228,1e-06
0,0.110419,0.012168,0.22343,0.018659,0.265647,-0.015148,0.001927,0.000212
0,-0.006501,0.124729,-0.087397,0.126663,-0.114757,0.155875,0.000113,0.002177
0,0.081521,0.033609,0.115214,-0.108212,0.106057,-0.136626,0.001423,0.000587
0,0.05519,-0.077274,-0.024705,-0.112579,-0.037802,-0.099925,0.000963,0.001349
0,-0.013677,0.156265,-0.083662,0.225981,-0.036362,0.242325,0.000239,0.002727
0,0.103759,0.177757,0.138382,0.039924,0.127398,0.01029,0.001811,0.002515
0,0.075835,-0.077107,-0.011003,-0.257193,-0.0414,-0.217638,0.001324,0.001346
0,-0.026365,0.124343,-0.085419,0.191174,-0.059651,0.207399,0.00046,0.00217
0,0.223069,0.038329,0.250395,-0.096045,0.279676,-0.120319,0.001724,0.000669
0,0.161911,0.02142,-0.056896,0.004029,-0.026584,-0.004665,0.002792,0.000374
0,0.028796,-0.02894,-0.142998,-0.060795,-0.181414,-0.029382,0.000503,0.000505
0,0.088751,0.025441,0.066621,0.073897,0.081336,0.104291,0.001549,0.000444
0,0.140992,0.075934,0.041319,0.030108,-0.00725,-0.007138,0.002461,0.001325
0,0.10658,0.125079,-0.025807,0.065948,-0.034658,0.095033,0.00186,0.002183
0,0.035783,-0.039363,-0.080285,-0.14736,-0.069982,-0.138714,0.000625,0.000687
0,0.009648,0.09352,-0.001656,0.113088,0.047642,0.112325,0.000168,0.001632
0,-0.02981,0.074925,-0.05575,-0.034935,-0.055415,-0.019435,0.00052,0.001308
0,-0.123376,-0.037873,-0.11874,-0.107645,-0.075268,-0.143024,0.002153,0.000661
0,0.120418,0.112918,0.267354,0.139402,0.245456,0.136161,0.002102,0.001971
0,-0.15068,-0.059352,-0.244846,-0.161457,-0.281597,-0.163218,0.00263,0.001036
0,0.007,0.073622,0.150837,0.127761,0.14803,0.079883,0.000122,0.001285
0,-0.017501,-0.113499,-0.020953,-0.185137,-0.060239,-0.165027,0.000305,0.001981
0,-0.018217,0.047796,0.022328,0.144756,0.013376,0.155976,0.000318,0.000834
0,0.061608,0.002357,0.067587,-0.055824,0.059855,-0.093491,0.001075,4.1e-05
0,0.035137,-0.011501,-0.012635,-0.021506,-0.0376,-0.032087,0.000613,0.000201
0,-0.127871,0.158765,-0.170695,0.151428,-0.126956,0.177036,0.002232,0.002771
0,0.153028,0.012362,0.30598,-0.152666,0.258606,-0.12784,0.002671,0.000216
0,-0.062979,-0.07306,-0.228273,-0.086623,-0.227038,-0.104852,0.001099,0.001275
0,-0.072202,-0.097435,-0.017843,-0.009475,-0.030273,0.010775,0.00126,0.001701
0,-0.104608,0.053471,-0.011046,0.15919,-0.003888,0.187885,0.001826,0.000933
0,0.052717,-0.025395,0.174422,-0.053224,0.1406,-0.075043,0.00092,0.000443
0,-0.012131,0.173783,-0.074135,0.198513,-0.109708,0.177237,0.000212,0.002584
0,-0.019391,0.124925,0.00122,-0.058337,-0.043691,-0.062844,0.000338,0.00218
0,0.105448,-0.097189,0.147417,-0.218022,0.114789,-0.194194,0.00184,0.001696
0,0.02165,-0.063765,-0.056926,0.056991,-0.033663,0.034618,0.000378,0.001113
0,-0.018384,-0.091018,-0.023257,-0.031575,-0.033518,0.003581,0.000321,0.001589
0,-0.279563,-0.005825,-0.233019,0.112711,-0.267497,0.064602,0.000738,0.000102
0,-0.178073,-0.111056,0.12761,-0.085417,0.120727,-0.131287,0.00251,0.001938
0,-0.153475,-0.024884,0.024105,0.082454,-0.011868,0.077547,0.002679,0.000434
0,-0.110557,0.160293,0.054924,0.212645,0.099111,0.220264,0.00193,0.002798
0,0.015628,-0.048468,0.103005,-0.196611,0.092781,-0.159494,0.000273,0.000846
0,-0.170315,0.097717,-0.173501,0.158235,-0.207292,0.16045,0.002645,0.001705
0,-0.063228,-0.096445,0.12478,-0.181334,0.12167,-0.153048,0.001104,0.001683
0,-0.046573,0.139773,0.043931,0.230049,0.005202,0.256498,0.000813,0.002439
0,-0.228037,-0.106677,-0.153092,-0.230508,-0.105519,-0.228473,0.001638,0.001862
0,-0.132164,-0.039547,0.091211,0.083746,0.128984,0.098197,0.002307,0.00069
0,-0.196343,-0.087087,-0.034859,-0.038529,-0.014055,-0.065137,0.002191,0.00152
0,-0.2747,4.5e-05,-0.095112,0.082136,-0.069969,0.128511,0.000823,1e-06
0,-0.052498,0.113256,0.227808,0.138675,0.212044,0.126231,0.000916,0.001977
0,-0.121674,-0.154505,-0.051726,-0.269081,-0.027366,-0.306325,0.002124,0.002697
0,-0.096877,-0.050472,0.020361,0.116483,0.016483,0.14893,0.001691,0.000881
0,-0.138892,0.138894,-0.050022,0.174879,-0.074598,0.155836,0.002424,0.002424
0,-0.071151,0.143929,0.067169,-0.00148,0.018963,0.014591,0.001242,0.002512
0,-0.130976,-0.057873,-0.037599,-0.17887,-0.001727,-0.210359,0.002286,0.00101
0,-0.145615,0.146691,0.007047,0.183336,0.017277,0.17634,0.002541,0.00256
0,-0.222303,0.027094,-0.075991,-0.104495,-0.111286,-0.133011,0.001738,0.000473
0,-0.221927,0.05717,-0.001107,0.055275,-0.012954,0.101476,0.001744,0.000998
0,-0.200216,0.104472,0.034925,0.020192,0.025429,-0.019257,0.002123,0.001823
0,0.040962,0.050643,0.223308,-0.083215,0.194465,-0.089379,0.000715,0.000884
0,0.017652,-0.113484,-0.035431,-0.179836,-0.041044,-0.173548,0.000308,0.001981
0,0.109642,0.175517,0.114504,0.266993,0.143415,0.236978,0.001914,0.002554
0,-0.106898,-0.072357,-0.235899,-0.246686,-0.268199,-0.238326,0.001866,0.001263
0,-0.0499,0.152225,0.076583,0.237712,0.057812,0.271879,0.000871,0.002657
0,0.055343,-0.059642,0.099402,-0.192316,0.088962,-0.184447,0.000966,0.001041
0,-0.03906,-0.062837,-0.074629,-0.003006,-0.07814,-0.019198,0.000682,0.001097
0,0.008798,-0.079872,0.066815,-0.03546,0.109069,-0.062976,0.000154,0.001394
0,-0.003329,-0.054832,0.006985,0.002945,0.051553,-0.019066,5.8e-05,0.000957
0,0.049597,-0.014795,0.023551,0.050745,-0.021079,0.029549,0.000866,0.000258
0,0.09871,-0.037324,0.03582,-0.023061,0.016684,-0.015949,0.001723,0.000651
0,-0.069556,0.038493,-0.159082,0.101199,-0.15929,0.087817,0.001214,0.000672
0,0.043829,0.059012,0.129435,0.049833,0.088028,0.056793,0.000765,0.00103
0,-0.025283,0.084657,-0.067336,0.022117,-0.098578,0.06512,0.000441,0.001478
0,0.01634,-0.020587,0.060168,-0.115222,0.026098,-0.096463,0.000285,0.000359
0,-0.280496,0.11575,-0.285211,0.136164,-0.263314,0.176177,0.000722,0.00202
0,-0.074363,-0.105411,0.184061,-0.198912,0.220217,-0.168388,0.001298,0.00184
0,-0.281242,0.164047,-0.193302,0.275307,-0.213369,0.285204,0.000709,0.002754
0,-0.283783,-0.108841,-0.015848,-0.282336,-0.013697,-0.251122,0.000665,0.0019
0,-0.120358,0.184281,0.160908,0.300519,0.175412,0.283066,0.002101,0.002401
0,-0.039551,0.101014,0.073038,-0.110767,0.103385,-0.098909,0.00069,0.001763
0,-0.319212,0.016045,-0.258006,-0.106,-0.272469,-0.130163,4.6e-05,0.00028
0,-0.190846,0.090202,0.158257,0.046673,0.20778,0.053561,0.002287,0.001574
0,-0.171007,-0.067649,-0.007862,-0.130522,-0.048291,-0.084688,0.002633,0.001181
0,-0.245704,0.051038,-0.089801,0.13595,-0.122668,0.13329,0.001329,0.000891
0,-0.268814,-0.115561,-0.00599,-0.18798,-0.00516,-0.175516,0.000926,0.002017
0,-0.282835,0.118847,0.015342,0.253779,0.040552,0.246581,0.000681,0.002074
0,-0.101913,-0.020009,0.180467,-0.121,0.148658,-0.138841,0.001779,0.000349
0,-0.233324,0.131825,-0.148559,0.128998,-0.150977,0.168264,0.001545,0.002301
0,-0.250911,0.007825,-0.017554,-0.099927,-0.010999,-0.123885,0.001238,0.000137
0,-0.231528,-0.140608,0.028213,-0.167003,0.074857,-0.173107,0.001577,0.002454
0,0.704862,0.896022,0.919411,1.028285,0.877368,0.980378,0.001067,0.001214
0,1.340268,1.950663,0.625758,1.08151,0.639282,1.064393,0.000922,0.00034
0,1.621993,2.340478,0.269004,0.385513,0.292053,0.386501,0.000222,0.001526
0,2.180156,2.396598,0.544362,0.07008,0.539785,0.093645,0.001272,0.002506
0,1.720897,2.036891,-0.45741,-0.381033,-0.408448,-0.366506,0.001948,0.001845
0,1.404606,1.7863,-0.310584,-0.265087,-0.301191,-0.24819,0.002045,0.002528
0,1.106583,1.658791,-0.321258,-0.116177,-0.355531,-0.152753,0.002461,0.000864
0,1.15376,1.403337,0.036226,-0.234716,0.040686,-0.251656,0.002333,0.002023
0,0.821099,0.831725,-0.352246,-0.580337,-0.313635,-0.630059,0.002522,0.002336
0,0.617022,0.591019,-0.226162,-0.266225,-0.189618,-0.299628,0.000466,0.00092
0,0.426113,0.480107,-0.2079,-0.091079,-0.257563,-0.122688,0.00182,0.002762
0,0.328646,0.018509,-0.118995,-0.453284,-0.115624,-0.468872,0.000118,0.000323
0,0.321741,-0.004171,0.014902,-0.035376,0.037305,-0.069887,2e-06,7.3e-05
0,0.086575,-0.171951,-0.22876,-0.192729,-0.19024,-0.210663,0.001511,0.002616
0,-0.049832,-0.084811,-0.138885,0.116772,-0.102957,0.162925,0.00087,0.00148
0,-0.179926,-0.198551,-0.142331,-0.103189,-0.19023,-0.121251,0.002477,0.002152
0,-0.088051,0.001927,0.085074,0.207436,0.121331,0.238011,0.001537,3.4e-05
0,-0.233923,-0.06247,-0.156687,-0.048696,-0.186034,-0.023762,0.001535,0.00109
0,-0.11827,-0.083936,0.114299,-0.02398,0.123099,0.013996,0.002064,0.001465
0,-0.02054,0.032603,0.078402,0.131298,0.062018,0.12085,0.000358,0.000569
0,-0.146971,-0.12116,-0.130724,-0.170165,-0.08841,-0.178939,0.002565,0.002115
0,0.101207,-0.080131,0.226354,0.021937,0.244996,-0.016345,0.001766,0.001399
0,-0.183552,0.045585,-0.308207,0.128863,-0.325895,0.10784,0.002414,0.000796
0,0.012521,-0.147036,0.203651,-0.169454,0.24509,-0.161671,0.000219,0.002566
0,-0.075659,-0.084971,-0.072222,0.055472,-0.038155,0.031321,0.001321,0.001483
0,-0.013556,-0.040257,0.066862,0.072546,0.026778,0.121316,0.000237,0.000703
0,0.066365,-0.156669,0.108297,-0.116217,0.075475,-0.139885,0.001158,0.002734
0,-0.014042,-0.208162,-0.077195,-0.04671,-0.120707,-0.031562,0.000245,0.001984
0,0.028778,-0.073618,0.052819,0.109786,0.065475,0.122308,0.000502,0.001285
0,-0.099388,-0.098172,-0.110795,-0.044114,-0.08425,-0.035989,0.001735,0.001713
0,0.050321,-0.057739,0.130108,0.012813,0.081563,-0.009303,0.000878,0.001008
0,-0.027945,-0.096824,-0.069191,-0.02243,-0.076225,-0.01174,0.000488,0.00169
0,0.111104,0.064558,0.155544,0.185139,0.155032,0.137972,0.001939,0.001127
0,-0.008263,-0.043205,-0.130167,-0.115197,-0.10166,-0.119759,0.000144,0.000754
0,-0.081318,-0.014673,-0.083664,0.044457,-0.081509,0.044502,0.001419,0.000256
0,-0.065739,-0.017288,0.02658,0.003814,-0.006044,-0.00371,0.001147,0.000302
0,0.086798,-0.119888,0.142099,-0.112883,0.11621,-0.149235,0.001515,0.002092
0,-0.054288,-0.096129,-0.161786,0.034417,-0.169436,0.021348,0.000948,0.001678
0,0.201347,-0.069284,0.248668,0.025006,0.212388,0.023336,0.002103,0.001209
0,0.102401,-0.052255,-0.119794,0.035697,-0.16289,0.068532,0.001787,0.000912
0,-0.073989,-0.066295,-0.151904,-0.032396,-0.155037,0.002322,0.001291,0.001157
0,0.122461,-0.025674,0.188351,0.021031,0.145714,0.057346,0.002137,0.000448
0,-0.119436,-0.065839,-0.227465,-0.040724,-0.208738,-0.018055,0.002085,0.001149
0,0.006509,0.041242,0.114264,0.097869,0.154665,0.142696,0.000114,0.00072
0,-0.019542,-0.094628,-0.004509,-0.130156,-0.039213,-0.084197,0.000341,0.001652
0,0.045324,-0.059719,0.063986,0.019998,0.113207,-0.010813,0.000791,0.001042
0,0.043011,0.129241,-0.020016,0.159216,-0.048112,0.124803,0.000751,0.002256
0,-0.038665,0.097105,-0.068382,-0.041707,-0.083684,-0.025041,0.000675,0.001695
0,-0.040679,0.18477,-0.02113,0.086793,0.022834,0.065672,0.00071,0.002393
0,0.005017,-0.049729,0.073141,-0.217304,0.064232,-0.16965,8.8e-05,0.000868
0,-0.104613,0.113517,-0.116915,0.16671,-0.152078,0.125262,0.001826,0.001981
0,-0.123627,-0.080509,-0.003812,-0.201722,0.045253,-0.207064,0.002158,0.001405
0,-0.150765,0.048551,-0.020727,0.111843,-0.008741,0.125776,0.002631,0.000847
0,0.10906,-0.120823,0.259664,-0.197865,0.284452,-0.231617,0.001903,0.002109
0,-0.04858,0.163006,-0.178581,0.301473,-0.206432,0.283182,0.000848,0.002773
0,0.0189,-0.126798,0.046202,-0.308756,0.056152,-0.291578,0.00033,0.002213
0,0.154117,0.022692,0.150571,0.167551,0.158373,0.184816,0.00269,0.000396
0,0.077266,0.138466,-0.06571,0.134417,-0.096435,0.094464,0.001349,0.002417
0,0.088938,0.150717,-0.015312,0.036533,-0.015887,0.008745,0.001552,0.002631
0,-0.040265,0.058249,-0.102045,-0.067416,-0.08017,-0.063004,0.000703,0.001017
0,-0.080347,0.189042,-0.042212,0.116371,-0.06723,0.078622,0.001402,0.002318
0,-0.039738,0.123599,0.069499,-0.038204,0.099544,-0.061698,0.000694,0.002157
0,-0.012442,-0.024658,0.04692,-0.118558,0.029185,-0.165756,0.000217,0.00043
0,-0.028586,0.048712,-0.038058,0.089015,-0.076798,0.112667,0.000499,0.00085
0,0.092225,0.004648,0.139291,-0.037819,0.121883,-0.03352,0.00161,8.1e-05
0,-0.003212,-0.038018,-0.110073,-0.014502,-0.156949,0.000291,5.6e-05,0.000664
0,0.012287,-0.006397,0.024103,0.033964,0.073713,0.008348,0.000214,0.000112
0,0.156534,0.018514,0.145013,0.015231,0.172046,0.010822,0.002732,0.000323
0,-0.059694,-0.073924,-0.231973,-0.065211,-0.215648,-0.0265,0.001042,0.00129
0,0.063295,0.170476,0.109968,0.248399,0.081041,0.240482,0.001105,0.002642
0,-0.039666,0.115907,-0.087919,-0.063745,-0.070357,-0.081135,0.000692,0.002023
0,0.148213,-0.134995,0.160278,-0.223249,0.184387,-0.207839,0.002587,0.002356
0,-0.011593,0.177149,-0.139601,0.329116,-0.173347,0.316505,0.000202,0.002526
0,0.087222,0.096779,0.125577,-0.069112,0.157092,-0.045834,0.001522,0.002106
0,0.012408,0.125176,-0.097407,0.040287,-0.068036,0.087835,0.000217,0.002106
0,0.076662,0.015997,0.077671,-0.102199,0.037337,-0.090657,0.001338,0.002106
0,0.283749,-0.059542,0.201887,-0.059404,0.197682,-0.089976,0.000665,0.002106
0,0.268115,0.179331,-0.00707,0.234795,-0.024427,0.22317,0.000938,0.002106
0,0.037873,-0.049691,-0.241766,-0.20913,-0.192036,-0.244121,0.000661,0.002106
0,0.16555,0.084625,0.115024,0.136154,0.100743,0.13652,0.002728,0.002106
0,0.265787,0.083183,0.089567,0.022345,0.138183,-0.027292,0.000979,0.002106
0,0.257679,-0.1338,-0.0247,-0.206096,-0.046866,-0.252684,0.00112,0.002335
0,0.184905,0.113198,-0.053392,0.252011,-0.038514,0.24599,0.00239,0.002106
0,0.177895,0.1189,-0.034903,-0.017755,-0.059124,-0.007815,0.002513,0.002106
0,0.0462,-0.085539,-0.115846,-0.202126,-0.134421,-0.224887,0.000806,0.002106
0,0.079078,-0.099259,0.02629,0.00516,-0.016079,0.047045,0.00138,0.002106
0,0.09057,0.042621,-0.007348,0.171373,-0.041015,0.172249,0.001581,0.002106
0,0.22516,-0.088093,0.126436,-0.131142,0.153582,-0.098805,0.001688,0.002106
0,0.16128,-0.074938,-0.049089,0.000123,-0.003707,0.028828,0.002803,0.002106
0,0.157228,-0.088111,-0.019594,-0.03056,-0.008125,0.003881,0.002744,0.002106
0,0.04662,0.059603,-0.104915,0.158964,-0.103116,0.132029,0.000814,0.002106
0,-0.057506,0.050201,-0.079765,-0.035552,-0.038878,-0.062756,0.001004,0.002106
0,0.044528,0.011552,0.113091,-0.027483,0.072675,-0.015179,0.000777,0.002106
0,-0.062971,0.039129,-0.090433,0.044282,-0.116899,0.055092,0.001099,0.002106
0,0.101925,-0.007439,0.174391,-0.033562,0.204984,-0.059838,0.001779,0.002106
0,0.139991,-0.107589,0.038748,-0.10427,0.055578,-0.059497,0.002443,0.002106
0,-0.06863,-0.088713,-0.227882,-0.009769,-0.234244,-0.037734,0.001198,0.002106
0,0.088933,-0.05708,0.136844,0.021599,0.094986,0.056949,0.001552,0.002106
0,0.098656,0.019245,0.01889,0.054515,0.013826,0.041502,0.001722,0.002106
0,0.03189,0.036735,-0.059679,0.046009,-0.021777,0.08284,0.000557,0.002106
0,0.038899,-0.052281,0.007709,-0.102455,0.040906,-0.136812,0.000679,0.002106
0,0.101985,-0.086319,0.080316,-0.009868,0.119796,0.00782,0.00178,0.002106
0,-0.066636,-0.188468,-0.172879,-0.126892,-0.166611,-0.175502,0.001163,0.002328
0,0.127536,-0.184971,0.179394,-0.001708,0.206557,-0.048627,0.002226,0.002389
0,0.01048,-0.032016,-0.142412,0.167649,-0.098128,0.162432,0.000183,0.000559
0,0.205184,-0.168264,0.198284,-0.152266,0.173011,-0.155419,0.002036,0.002681
0,0.079797,-0.104812,-0.146606,0.059591,-0.124763,0.079945,0.001393,0.001829
0,0.117214,0.026511,0.039429,0.157175,0.073304,0.141293,0.002046,0.000463
0,0.075434,0.087818,-0.040102,0.087147,-0.050116,0.108976,0.001317,0.001533
0,-0.08569,0.027451,-0.186289,-0.082622,-0.233868,-0.132293,0.001496,0.000479
0,-0.054807,-0.126379,0.019454,-0.183087,0.033805,-0.1728,0.000957,0.002206
0,0.002527,0.009908,0.054069,0.145916,0.055806,0.146303,4.4e-05,0.000173
0,0.055666,0.025339,0.059621,-0.006696,0.050621,-0.006187,0.000972,0.000442
0,-0.067798,-0.154417,-0.099938,-0.18743,-0.099869,-0.224141,0.001183,0.002695
0,0.073607,-0.031186,0.156201,0.131831,0.144968,0.108765,0.001285,0.000544
0,0.104345,-0.147521,0.008021,-0.109954,0.043337,-0.068442,0.001821,0.002575
0,0.153706,-0.024205,0.037334,0.123334,0.027848,0.106369,0.002683,0.000422
0,0.071836,-0.064863,-0.075801,-0.050525,-0.100988,-0.087325,0.001254,0.001132
0,-0.106069,-0.029342,-0.184185,0.025377,-0.222048,0.015579,0.001851,0.000512
0,0.094488,-0.000416,0.196759,0.016776,0.160356,-0.010853,0.001649,7e-06
0,0.115357,-0.079832,0.032994,-0.065677,0.019607,-0.073944,0.002013,0.001393
0,0.071405,0.029646,-0.032998,0.081052,-0.029186,0.039157,0.001246,0.000517
0,0.050515,-0.098138,-0.010166,-0.14636,-0.007764,-0.177706,0.000882,0.001713
0,-0.140486,-0.034791,-0.193047,0.053245,-0.231872,0.003434,0.002452,0.000607
0,-0.164904,0.042796,-0.004157,0.088588,-0.043355,0.133787,0.002739,0.000747
0,0.070921,0.054293,0.23136,0.016452,0.185127,0.016647,0.001238,0.000948
0,-0.024638,-0.090436,-0.107687,-0.139647,-0.10977,-0.115045,0.00043,0.001578
0,0.017994,0.098378,0.071168,0.173354,0.084062,0.123634,0.000314,0.001717
0,-0.10756,-0.113009,-0.108706,-0.224501,-0.086846,-0.267158,0.001877,0.001972
0,-0.079628,0.149495,0.053145,0.266157,0.004058,0.299769,0.00139,0.002609
0,0.110999,-0.013794,0.170696,-0.155358,0.120783,-0.122257,0.001937,0.000241
0,-0.069975,-0.032927,-0.198223,-0.00245,-0.156309,-0.043456,0.001221,0.000575
0,0.106463,0.159378,0.168681,0.201781,0.137533,0.169091,0.001858,0.002782
0,0.18226,0.012843,0.058297,-0.149738,0.029888,-0.103277,0.002436,0.000224
0,0.235078,-0.02762,0.034071,-0.062613,0.045905,-0.041386,0.001515,0.000482
0,-0.039341,-0.038663,-0.254457,0.017312,-0.212207,0.061373,0.000687,0.000675
0,0.198239,-0.022311,0.219739,0.040791,0.23,0.065772,0.002158,0.000389
0,0.000241,-0.010305,-0.221186,0.013643,-0.171207,0.016221,4e-06,0.00018
0,0.240396,0.016645,0.255256,0.040253,0.268344,0.007678,0.001422,0.000291
0,0.151725,0.123101,-0.113106,0.079912,-0.117525,0.040431,0.002648,0.002149
0,-0.032459,-0.057315,-0.213221,-0.198117,-0.245724,-0.231354,0.000567,0.001
0,0.058948,0.147358,0.121042,0.191248,0.091513,0.236592,0.001029,0.002572
0,0.111669,-0.047966,0.037176,-0.200841,0.07496,-0.165146,0.001949,0.000837
0,0.11028,-0.067163,0.000169,-0.03523,0.00123,-0.005685,0.001925,0.001172
0,0.237607,0.060999,0.118841,0.145788,0.069541,0.175054,0.00147,0.001065
0,0.082486,-0.079069,-0.175623,-0.129436,-0.157146,-0.100889,0.00144,0.00138
0,-0.034649,0.129967,-0.104689,0.208414,-0.065262,0.217299,0.000605,0.002268
0,0.151387,0.027838,0.190036,-0.130054,0.189929,-0.081222,0.002642,0.000486
0,-0.025225,0.055746,-0.170586,0.040204,-0.178287,0.019128,0.00044,0.000973
0,0.069259,0.084665,0.096673,0.004737,0.134062,-0.009197,0.001209,0.001478
0,0.120127,0.187655,0.068255,0.099366,0.052296,0.057694,0.002097,0.002342
0,-0.038623,0.087239,-0.134549,-0.116087,-0.093086,-0.070543,0.000674,0.001523
0,0.0913,0.071795,0.146871,-0.022122,0.194578,0.019179,0.001593,0.001253
0,0.072306,0.113568,-0.034183,0.070067,-0.071892,0.033104,0.001262,0.001982
0,0.10839,0.133313,0.062805,-0.004351,0.065403,-0.010034,0.001892,0.002327
0,-0.007987,0.083015,-0.145004,-0.044806,-0.132169,-0.070243,0.000139,0.001449
0,0.055945,0.088938,0.07779,0.026068,0.116906,-0.001775,0.000976,0.001552
0,0.154554,0.190553,0.115229,0.121606,0.158319,0.12611,0.002697,0.002292
0,0.078919,0.187493,-0.097255,0.01068,-0.11032,-0.025508,0.001377,0.002345
0,0.18471,0.194334,0.129441,-5.6e-05,0.149401,0.001299,0.002394,0.002106
0,0.169496,0.222241,0.008258,0.045954,0.040665,0.062656,0.002659,0.002106
0,-0.060587,0.125098,-0.215629,-0.109,-0.167283,-0.133454,0.001057,0.002106
0,-0.039766,0.0573,0.013492,-0.070523,0.05352,-0.097402,0.000694,0.002106
0,0.107264,-0.002107,0.159463,-0.070674,0.194044,-0.116198,0.001872,0.002106
0,-3.419522,-0.472209,-3.49951,-0.470845,-3.4858,-0.445195,0.002111,0.002624
0,-3.961174,-0.848126,-0.519675,-0.377667,-0.568616,-0.36562,0.001725,0.00205
0,-3.507393,-1.076631,0.482149,-0.198755,0.472718,-0.243711,0.000577,0.001938
0,-3.335466,-1.033063,0.175525,0.035801,0.151754,0.004277,0.00204,0.001178
0,-3.099005,-0.843508,0.236458,0.169514,0.243994,0.184069,0.002087,0.002131
0,-2.497567,-0.921403,0.58632,-0.079125,0.556914,-0.056473,0.001349,0.000771
0,-2.431777,-0.687993,0.082157,0.205233,0.101685,0.221703,0.002498,0.000773
0,-1.415824,-0.328039,1.019274,0.332072,1.025734,0.327006,0.002241,0.000108
0,-1.153254,-0.317976,0.269713,0.029255,0.305761,0.031138,0.002342,6.8e-05
0,-0.475673,-0.325825,0.692307,0.005682,0.673289,0.047681,0.002685,6.9e-05
0,0.101028,0.036846,0.604059,0.382687,0.587995,0.375333,0.001763,0.000643
0,0.179866,-0.033097,0.069936,-0.059755,0.089702,-0.026475,0.002478,0.000578
0,0.247217,0.045598,0.053793,0.099613,0.045542,0.092277,0.001303,0.000796
0,0.398779,0.109206,0.144048,0.089843,0.111926,0.128904,0.001342,0.001906
0,0.485308,0.148503,0.064237,0.035586,0.069115,0.050468,0.002765,0.002592
0,0.228077,-0.072362,-0.235796,-0.223637,-0.267422,-0.188266,0.001637,0.001263
0,0.122819,0.180509,-0.107435,0.246843,-0.085367,0.242355,0.002144,0.002467
0,0.179012,-0.06567,0.065309,-0.259909,0.047003,-0.3058,0.002493,0.001146
0,0.203086,0.148791,0.004849,0.187171,0.011587,0.185192,0.002073,0.002597
0,0.183734,0.143882,0.003614,0.0099,-0.043948,-0.015559,0.002411,0.002511
0,0.07311,-0.083936,-0.125812,-0.242344,-0.114089,-0.235313,0.001276,0.001465
0,0.036046,-0.017146,-0.022607,0.040196,-0.014617,-0.006938,0.000629,0.000299
0,0.141945,-0.033182,0.086092,-0.023884,0.129893,-0.032661,0.002477,0.000579
0,0.108937,0.088533,-0.047365,0.102686,-0.005284,0.085961,0.001901,0.001545
0,-0.061041,-0.105647,-0.166503,-0.179658,-0.178754,-0.134432,0.001065,0.001844
0,0.106634,0.098107,0.152466,0.226782,0.163709,0.199214,0.001861,0.001712
0,0.108136,-0.0396,0.012378,-0.134886,-0.019761,-0.125432,0.001887,0.000691
0,-0.070075,0.086595,-0.160354,0.098888,-0.132094,0.137508,0.001223,0.001511
0,-0.094209,-0.13552,-0.031032,-0.221544,-0.051656,-0.231739,0.001644,0.002365
0,0.189842,0.089963,0.311841,0.24384,0.298265,0.214602,0.002304,0.00157
0,0.097116,0.082598,-0.077491,-0.021368,-0.107191,0.012715,0.001695,0.001442
0,0.0511,0.161154,-0.034768,0.07359,0.002012,0.121704,0.000892,0.002805
0,0.111497,0.037612,0.047634,-0.094022,0.029859,-0.140336,0.001946,0.000656
0,0.07219,0.001016,-0.012008,-0.037215,-0.04447,-0.055071,0.00126,1.8e-05
0,0.212317,0.054973,0.115915,0.044905,0.143712,0.030532,0.001912,0.000959
0,-0.068917,0.105214,-0.270848,0.051721,-0.30006,0.013859,0.001203,0.001836
0,0.23144,-0.086639,0.310797,-0.189537,0.310444,-0.215087,0.001578,0.001512
0,-0.023792,-0.08052,-0.254159,-0.011333,-0.251821,-0.014623,0.000415,0.001405
0,0.003526,0.127671,0.051251,0.220954,0.008244,0.177693,6.2e-05,0.002228
0,0.214956,0.134063,0.190515,0.031381,0.169888,0.063081,0.001866,0.00234
0,-0.003252,0.118952,-0.224628,-0.003637,-0.232162,0.034259,5.7e-05,0.002076
0,0.060444,-0.087901,0.070563,-0.208593,0.032544,-0.208281,0.001055,0.001534
0,0.21345,-0.10741,0.147185,-0.003844,0.13664,-0.043876,0.001892,0.001875
0,0.231519,0.08394,0.04453,0.175611,0.092635,0.126292,0.001577,0.001465
0,-0.075916,0.050537,-0.311056,-0.055268,-0.287003,-0.092702,0.001325,0.000882
0,0.171578,0.112649,0.260329,0.037122,0.230193,0.082641,0.002623,0.001966
0,0.252845,0.042398,0.08505,-0.088842,0.072137,-0.123729,0.001205,0.00074
0,0.004372,0.000973,-0.238612,-0.026278,-0.207308,-0.071478,7.6e-05,1.7e-05
0,0.145078,-0.028717,0.1323,-0.015699,0.094881,-0.016177,0.002532,0.000501
0,0.111605,0.024824,-0.028653,0.05653,-0.05435,0.033543,0.001948,0.000433
0,-0.09079,0.08463,-0.177092,0.057224,-0.22051,0.103595,0.001585,0.001477
0,-0.093546,-0.010331,0.020535,-0.094861,0.045319,-0.138379,0.001633,0.00018
0,0.012734,-0.031626,0.119542,-0.017464,0.121079,-0.039689,0.000222,0.000552
0,0.06692,0.072688,0.047797,0.081215,0.015034,0.089957,0.001168,0.001269
0,-0.175883,0.015196,-0.247322,-0.076809,-0.236808,-0.097488,0.002548,0.000265
0,-0.022118,-0.004372,0.18001,-0.025968,0.228474,-0.04157,0.000386,7.6e-05
0,-0.018388,-0.115637,0.021397,-0.105998,0.064541,-0.121111,0.000321,0.002018
0,-0.010462,0.15173,-0.018437,0.263537,-0.016819,0.252769,0.000183,0.002648
0,-0.080704,0.031103,-0.067445,-0.092159,-0.041459,-0.090317,0.001409,0.000543
0,0.065531,0.081637,0.123985,0.020609,0.154288,0.036805,0.001144,0.001425
0,-0.060452,-0.031233,-0.121221,-0.109598,-0.077615,-0.127135,0.001055,0.000545
0,-0.096142,0.013759,-0.044753,0.069692,-0.035297,0.056288,0.001678,0.00024
0,-0.114001,0.048573,-0.014408,0.024619,-0.042066,0.010964,0.00199,0.000848
0,0.138611,0.002712,0.256157,-0.036112,0.264714,-0.059285,0.002419,4.7e-05
0,0.021303,0.192383,-0.100474,0.19521,-0.080567,0.214178,0.000372,0.00226
0,0.005841,0.076662,0.01199,-0.090031,-0.003118,-0.081054,0.000102,0.001338
0,0.010953,0.002567,0.001381,-0.079944,-0.029523,-0.032085,0.000191,4.5e-05
0,6e-05,0.037302,-0.023695,0.044456,-0.014869,0.078338,1e-06,0.000651
0,-0.014036,0.117441,0.001595,0.054761,-0.009168,0.071685,0.000245,0.00205
0,0.113323,0.122031,0.116797,-0.013848,0.164513,0.01519,0.001978,0.00213
0,0.16589,-0.049482,0.05977,-0.14838,0.040749,-0.131033,0.002722,0.000864
0,0.239945,-0.093028,0.090656,-0.035339,0.110098,-0.063256,0.00143,0.001624
0,0.304798,-0.000482,0.036799,0.097907,0.077082,0.144806,0.000298,8e-06
0,0.298716,-0.128036,0.002882,-0.127642,0.019385,-0.15047,0.000404,0.002235
0,-3.310841,0.345009,-3.616144,0.49254,-3.632516,0.454187,0.00161,0.000404
0,-5.989866,0.760888,-2.679267,0.38769,-2.663761,0.426782,0.00219,0.002045
0,-6.548848,0.948906,-0.566466,0.161709,-0.555684,0.113662,0.001949,0.000291
0,-5.726797,1.076234,0.834602,0.121721,0.835141,0.167476,0.001164,0.001931
0,-4.219795,0.972,1.500023,-0.098606,1.490124,-0.109379,0.000622,0.000112
0,-2.825702,0.811003,1.36535,-0.159552,1.357479,-0.140044,0.00124,0.002698
0,-2.213095,0.632912,0.629895,-0.204601,0.67464,-0.207445,0.000697,0.000189
0,-0.836616,0.353857,1.374012,-0.269538,1.373739,-0.232819,0.002251,0.002106
0,0.029269,0.311086,0.878704,-0.04008,0.913454,-0.050351,0.000511,0.002106
0,0.172628,-0.00146,0.115871,-0.340804,0.077456,-0.325386,0.002605,0.002106
0,0.504421,0.143872,0.306846,0.156311,0.344263,0.1397,0.002431,0.002106
0,0.507557,0.033726,-0.019773,-0.103518,0.028322,-0.145665,0.002376,0.002106
0,0.625614,-0.061153,0.102327,-0.073718,0.102158,-0.106073,0.000316,0.002106
0,0.357106,-0.046697,-0.258292,-0.009723,-0.258983,-0.051074,0.000615,0.002106
0,0.456392,0.050214,0.069475,0.09414,0.061681,0.078252,0.002348,0.002106
0,0.373508,0.117691,-0.092573,0.072686,-0.093237,0.059815,0.000901,0.002106
0,0.358481,-0.123414,-0.014077,-0.214275,0.006839,-0.183936,0.000639,0.002154
0,0.428626,-0.110587,0.062125,-0.010878,0.053266,0.015738,0.001863,0.002106
0,0.374304,-0.091003,-0.025623,0.012681,-0.068323,0.020032,0.000915,0.002106
0,0.438484,0.013545,0.078639,0.106538,0.104205,0.115635,0.002035,0.002106
0,0.402226,-0.051704,-0.023299,-0.045251,-0.0052,-0.013937,0.001403,0.002106
0,0.475933,0.05111,0.082357,0.132335,0.096676,0.16057,0.002689,0.002106
0,0.453214,-0.106239,-0.030575,-0.180791,-0.038,-0.222838,0.002293,0.002106
0,0.50556,0.140915,0.063193,0.241454,0.063249,0.266068,0.002411,0.002106
0,0.410234,-0.021698,-0.122765,-0.164515,-0.103664,-0.151367,0.001542,0.002106
0,0.515846,0.090644,0.081497,0.103987,0.09541,0.125184,0.002232,0.002106
0,0.502964,-0.108391,-0.029434,-0.186139,-0.044597,-0.226463,0.002457,0.002106
0,0.27475,-0.110615,-0.231056,0.026456,-0.186834,0.069724,0.000822,0.002106
0,0.290534,-0.009643,0.015668,0.085276,0.004097,0.059058,0.000547,0.002106
0,0.192274,0.056044,-0.118703,0.042767,-0.09395,0.048727,0.002262,0.002106
0,0.185608,0.03764,-0.022443,-0.024179,0.007889,0.018491,0.002378,0.002106
0,0.422751,0.001979,0.261036,-0.058279,0.282963,-0.033914,0.001761,0.002106
0,0.335015,-0.097389,-0.077994,-0.071013,-0.072139,-0.07511,0.00023,0.002106
0,0.244727,0.052391,-0.079135,0.138342,-0.058101,0.180614,0.001346,0.002106
0,0.388789,-0.094806,0.128393,-0.15458,0.107412,-0.133648,0.001168,0.002106
0,0.105002,0.16923,-0.263412,0.244061,-0.284538,0.288803,0.001833,0.002106
0,0.121056,-0.104517,0.001257,-0.250847,0.031315,-0.212127,0.002113,0.002106
0,0.326247,0.057279,0.178791,0.134722,0.224626,0.103087,7.7e-05,0.002106
0,0.31095,-0.098868,-0.000469,-0.148166,-0.027379,-0.160111,0.00019,0.002106
0,0.337529,-0.035796,0.001401,0.062745,-0.047393,0.05466,0.000273,0.002106
0,0.173803,0.023127,-0.170844,0.053925,-0.18019,0.060389,0.002584,0.002106
0,0.079437,0.068345,-0.114634,0.060113,-0.070591,0.065127,0.001386,0.002106
0,0.872452,-0.193819,0.815074,-0.243442,0.852697,-0.250321,0.001625,0.002235
0,0.960402,-0.828538,0.112577,-0.646692,0.091096,-0.656679,9e-05,0.002392
0,0.971253,-0.872989,0.024702,-0.049855,-0.020527,-0.004422,9.9e-05,0.001616
0,0.701336,-0.989498,-0.281281,-0.089004,-0.325977,-0.083509,0.001006,0.000417
0,0.895165,-1.101679,0.174129,-0.082833,0.137368,-0.042861,0.001229,0.002375
0,0.842092,-0.806075,-0.082012,0.310967,-0.100393,0.299283,0.002155,0.002784
0,0.531342,-0.708655,-0.328087,0.067818,-0.327965,0.038482,0.001961,0.001133
0,0.230496,-0.398656,-0.330659,0.311983,-0.322294,0.333507,0.001595,0.00134
0,0.228787,-0.165646,-0.011563,0.241447,0.010624,0.250446,0.001624,0.002726
0,-0.003669,-0.297837,-0.206988,-0.120017,-0.165709,-0.098951,6.4e-05,0.000419
0,-0.029338,0.060749,-0.001979,0.352486,0.046144,0.341075,0.000512,0.00106
0,-0.131826,-0.060365,-0.118657,-0.094271,-0.072749,-0.058619,0.002301,0.001054
0,-0.09802,0.15817,0.03356,0.223403,0.037272,0.180671,0.001711,0.002761
0,-0.298552,0.205449,-0.197668,0.075445,-0.174568,0.071607,0.000407,0.002032
0,-0.292833,0.068213,0.030912,-0.109917,0.039605,-0.121232,0.000507,0.001191
0,-0.117809,-0.003009,0.203575,-0.063644,0.202301,-0.109077,0.002056,5.3e-05
0,-0.175258,0.177462,-0.035557,0.19727,-0.015102,0.215673,0.002559,0.00252
0,0.093479,0.10673,0.292939,-0.072883,0.257369,-0.030425,0.001632,0.001863
0,-0.024058,0.055173,-0.117709,-0.025228,-0.153711,0.016254,0.00042,0.000963
0,-0.025279,-0.049471,0.019879,-0.081382,0.0611,-0.119105,0.000441,0.000863
0,0.037137,-0.033427,0.048967,0.020235,0.061355,-0.002159,0.000648,0.000583
0,-0.053141,-0.02581,-0.087417,-0.018611,-0.099616,-0.039732,0.000927,0.00045
0,0.107049,-0.032662,0.158659,0.001783,0.120803,-0.003845,0.001868,0.00057
0,0.100858,-0.070821,0.00588,-0.046949,-0.024972,-0.026296,0.00176,0.001236
0,-0.005953,0.122373,-0.108832,0.196043,-0.076039,0.206973,0.000104,0.002136
0,0.057249,0.133756,0.035119,0.008709,0.037106,0.004429,0.000999,0.002334
0,0.115167,0.136637,0.045489,-0.018352,0.02617,-0.04861,0.00201,0.002385
0,0.051761,-0.093877,-0.066159,-0.228966,-0.113729,-0.218024,0.000903,0.001638
0,0.171642,-0.092735,0.106637,0.014994,0.117752,0.036774,0.002622,0.001619
0,0.038936,0.192856,-0.162354,0.281097,-0.192973,0.234412,0.00068,0.002252
0,-0.043351,-0.037679,-0.092377,-0.228509,-0.12279,-0.271175,0.000757,0.000658
0,0.139124,-0.085348,0.156536,-0.043818,0.152933,-0.093521,0.002428,0.00149
0,0.210382,0.094407,0.083615,0.181485,0.063853,0.13574,0.001946,0.001648
0,0.24219,-0.027791,0.011262,-0.115724,0.018631,-0.095495,0.00139,0.000485
0,0.088168,-0.097041,-0.164781,-0.090212,-0.178156,-0.09264,0.001539,0.001694
0,0.011516,0.109175,-0.067261,0.181029,-0.09467,0.206115,0.000201,0.001905
0,-0.087025,0.113094,-0.069787,0.024895,-0.082114,0.031399,0.001519,0.001974
0,-0.003661,-0.065505,0.053563,-0.166474,0.008184,-0.168024,6.4e-05,0.001143
0,0.087083,0.000574,0.070596,0.073005,0.037697,0.095343,0.00152,1e-05
0,0.12608,0.07421,0.045528,0.052532,0.078219,0.067866,0.002201,0.001295
0,0.040968,-0.177639,-0.057553,-0.249684,-0.0081,-0.264094,0.000715,0.002517
0,0.014535,-0.044203,-0.046501,0.15691,-0.090092,0.186901,0.000254,0.000771
0,0.022696,-0.046043,0.028104,-0.021797,0.051455,-0.008463,0.000396,0.000804
0,0.090868,0.103118,0.060746,0.13952,0.088873,0.167274,0.001586,0.0018
0,0.033876,-0.157928,-0.053656,-0.244937,-0.054479,-0.201359,0.000591,0.002756
0,0.123588,0.075236,0.073205,0.237393,0.032043,0.221599,0.002157,0.001313
0,0.23103,-0.061179,0.125255,-0.154496,0.113613,-0.125441,0.001585,0.001068
0,0.204167,0.022493,-0.043579,0.075766,-0.033778,0.119485,0.002054,0.000393
0,0.119106,0.06166,-0.066376,0.056106,-0.101305,0.018377,0.002079,0.001076
0,0.044287,-0.001686,-0.077753,-0.083471,-0.074694,-0.072891,0.000773,2.9e-05
0,0.017373,-0.081078,-0.036733,-0.064436,0.00841,-0.063725,0.000303,0.001415
0,0.0491,0.020433,0.004033,0.071838,-0.006578,0.110169,0.000857,0.000357
0,0.211004,-0.002688,0.157564,0.00164,0.187022,0.024415,0.001935,4.7e-05
0,0.273768,-0.088392,0.064427,-0.110469,0.11061,-0.125279,0.000839,0.001543
0,0.134643,-0.087293,-0.14862,0.001039,-0.136081,0.03106,0.00235,0.001524
0,0.118586,0.07003,-0.040726,0.160357,-0.07934,0.152945,0.00207,0.001222
0,0.103573,-0.109563,-0.036172,-0.154967,-0.005566,-0.140455,0.001808,0.001912
0,0.295767,-0.196376,0.169426,-0.064429,0.181332,-0.07049,0.000455,0.00219
0,0.162113,0.011151,-0.134025,0.181126,-0.143669,0.224954,0.002788,0.000195
0,0.119056,-0.177786,-0.051053,-0.16928,-0.011581,-0.207194,0.002078,0.002515
0,0.172324,0.029317,0.026703,0.192407,0.043864,0.203538,0.00261,0.000512
0,0.158804,-0.059649,-0.038423,-0.106293,-0.079221,-0.100859,0.002772,0.001041
0,0.102693,0.028298,-0.046633,0.07426,-0.029352,0.026659,0.001792,0.000494
0,0.21377,0.017325,0.11461,-0.01804,0.153426,0.009332,0.001887,0.000302
0,0.267594,0.090375,0.031152,0.088417,0.053499,0.052441,0.000947,0.001577
0,0.040059,0.10494,-0.236421,0.008898,-0.222264,-0.037758,0.000699,0.001832
0,0.007193,-0.128422,-0.037614,-0.219805,-0.076017,-0.235252,0.000126,0.002241
0,0.04098,-0.003839,0.049238,0.109166,0.004369,0.118386,0.000715,6.7e-05
0,0.217843,0.122957,0.189667,0.110634,0.219692,0.094832,0.001815,0.002146
0,0.171067,-0.003995,-0.030937,-0.124878,-0.01703,-0.07704,0.002632,7e-05
0,0.110721,-0.108788,-0.038176,-0.087485,-0.087825,-0.074666,0.001932,0.001899
0,0.149424,-0.128627,0.050597,0.002854,0.051076,-0.03945,0.002608,0.002245
0,0.185068,-0.101083,0.036192,0.04146,-0.006922,0.050624,0.002387,0.001764
0,-0.013453,0.096017,-0.171137,0.220289,-0.183915,0.177604,0.000235,0.001676
0,0.008723,0.066312,0.042176,-0.010736,0.036615,-0.045917,0.000152,0.001157
0,-0.036335,-0.055306,-0.042454,-0.106437,-0.079392,-0.072368,0.000634,0.000965
0,0.174996,-0.067445,0.183634,-0.031808,0.193386,0.016606,0.002563,0.001177
0,-0.03285,0.037365,-0.192752,0.118447,-0.185442,0.072189,0.000573,0.000652
0,0.072547,0.023532,0.084692,0.01219,0.112565,0.014903,0.001266,0.000411
0,0.111289,0.015986,0.039327,-0.021067,0.018436,-0.054498,0.001942,0.000279
0,0.024164,0.074748,-0.103887,0.075893,-0.132927,0.034203,0.000422,0.001305
0,0.129912,-0.062401,0.093502,-0.164988,0.060998,-0.175554,0.002267,0.001089
0,-0.003304,-0.041949,-0.126273,0.022691,-0.107887,0.070895,5.8e-05,0.000732
0,-0.078214,-0.011659,-0.0649,0.053094,-0.063391,0.092136,0.001365,0.000203
0,0.004367,-0.112314,0.092511,-0.114867,0.075757,-0.122974,7.6e-05,0.00196
0,-0.12162,0.014629,-0.116637,0.14606,-0.149502,0.105642,0.002123,0.000255
0,0.004818,0.041689,0.121672,0.003161,0.073561,-0.027955,8.4e-05,0.000728
0,-0.067241,-0.189394,-0.089437,-0.254195,-0.064141,-0.272612,0.001174,0.002312
0,0.091514,-0.094825,0.150568,0.070607,0.106767,0.072267,0.001597,0.001655
0,0.112069,-0.08424,0.048085,0.037278,0.021434,0.007323,0.001956,0.00147
0,0.053995,-0.06565,-0.06977,0.047948,-0.076378,0.000368,0.000942,0.001146
0,0.024336,-0.037802,-0.042531,0.056315,-0.050038,0.099171,0.000425,0.00066
0,-0.057913,-0.030196,-0.102024,-0.005709,-0.083555,0.033324,0.001011,0.000527
0,-0.09276,-0.152329,-0.010386,-0.140026,-0.02272,-0.187545,0.001619,0.002659
0,-0.15758,-0.030016,-0.055613,0.11135,-0.05252,0.143067,0.00275,0.000524
0,-0.004844,0.077171,0.175654,0.111052,0.166073,0.079027,8.5e-05,0.001347
0,-0.004416,0.006452,-0.023221,-0.067835,0.017644,-0.07837,7.7e-05,0.000113
0,0.024204,-0.004514,0.023838,-0.018489,0.055147,-0.054316,0.000422,7.9e-05
0,-0.196411,-0.005034,-0.221456,0.011138,-0.244119,0.006914,0.002189,8.8e-05
0,-0.022433,-0.062842,0.188442,-0.082967,0.20572,-0.069258,0.000392,0.001097
0,-0.209583,-0.045155,-0.209449,0.021975,-0.226339,-0.020904,0.00196,0.000788
0,3.551551,0.346653,3.77439,0.40882,3.749081,0.45302,0.000194,0.000433
0,4.576872,0.387202,1.003544,0.029054,0.957641,0.025356,0.001236,0.00114
0,4.052108,0.59384,-0.530212,0.183344,-0.564523,0.229318,0.002305,0.000871
0,3.911494,0.458079,-0.159603,-0.126343,-0.174611,-0.0787,0.000858,0.002377
0,3.475332,0.614217,-0.425485,0.12616,-0.404122,0.103963,0.001137,0.000515
0,2.304083,0.413183,-1.186519,-0.184437,-1.214111,-0.187893,0.000891,0.001594
0,1.639782,0.425999,-0.635699,-0.0084,-0.596475,-0.006109,0.000532,0.001818
0,1.331356,0.229042,-0.309618,-0.218759,-0.344456,-0.25388,0.000767,0.00162
0,0.763567,0.323002,-0.564734,0.118243,-0.582756,0.109823,0.002092,2e-05
0,0.564567,0.051092,-0.197285,-0.26241,-0.20995,-0.298901,0.001381,0.000892
0,-0.011247,0.170104,-0.548109,0.125574,-0.57247,0.145801,0.000196,0.002649
0,-0.069826,-0.076971,-0.056678,-0.252492,-0.089253,-0.266289,0.001219,0.001343
0,-0.063557,-0.027474,0.007605,0.04189,0.02298,0.043526,0.001109,0.00048
0,-0.056837,-0.029478,-0.019807,0.007117,-0.01354,0.023852,0.000992,0.000514
0,-0.358693,-0.062172,-0.314004,-0.039783,-0.312332,-0.009214,0.000643,0.001085
0,-0.207794,-0.194286,0.146115,-0.135149,0.129547,-0.146338,0.001991,0.002227
0,-0.231124,-0.182883,-0.038698,0.038832,-0.063269,0.040853,0.001584,0.002426
0,-0.057261,0.103969,0.201369,0.268123,0.196,0.298964,0.000999,0.001815
0,-0.157737,-0.059793,-0.125302,-0.193045,-0.129672,-0.212141,0.002753,0.001044
0,-0.054682,-0.050982,0.092615,0.010789,0.051093,-0.016675,0.000954,0.00089
0,-0.243736,-0.085984,-0.215555,-0.037717,-0.199433,-0.025323,0.001364,0.001501
0,-0.086792,-0.09623,0.175382,-0.008016,0.128011,-0.038763,0.001515,0.00168
0,-0.057555,-0.040269,0.057563,0.07742,0.106225,0.04178,0.001005,0.000703
0,-0.030445,-0.076615,0.017064,-0.026264,0.010692,-0.016383,0.000531,0.001337
0,-0.164625,0.149086,-0.11144,0.24628,-0.147704,0.242929,0.002744,0.002602
0,-0.069109,0.056951,0.119518,-0.080989,0.12007,-0.094911,0.001206,0.000994
0,-0.206716,-0.089195,-0.122771,-0.121739,-0.137476,-0.146605,0.00201,0.001557
0,-0.108803,0.049376,0.068638,0.133274,0.026529,0.098028,0.001899,0.000862
0,-0.168774,-0.102407,-0.039576,-0.142402,-0.076132,-0.144402,0.002672,0.001787
0,-0.150226,0.134761,0.022757,0.243594,-0.026061,0.252207,0.002622,0.002352
0,-0.057948,0.18057,0.101396,0.065543,0.143551,0.093126,0.001011,0.002466
0,-0.19467,-0.025209,-0.137343,-0.222998,-0.112733,-0.183528,0.00222,0.00044
0,-0.126595,-0.033329,0.043539,-0.006264,0.084503,0.034025,0.002209,0.000582
0,-0.205413,0.06585,-0.100774,0.091464,-0.118165,0.083346,0.002032,0.001149
0,-0.143122,-0.073202,0.067461,-0.160131,0.034446,-0.131886,0.002498,0.001278
0,0.123321,0.016458,0.290609,0.106641,0.294043,0.142538,0.002152,0.000287
0,-0.152742,0.0031,-0.29324,-0.032292,-0.317484,-0.025112,0.002666,5.4e-05
0,0.066157,0.006113,0.248645,0.018038,0.215422,0.034522,0.001155,0.000107
0,0.023449,-0.175958,-0.034229,-0.209658,-0.014369,-0.23141,0.000409,0.002546
0,-0.123237,-0.115449,-0.11933,0.083585,-0.101218,0.056281,0.002151,0.002015
0,0.089436,-0.078283,0.237043,0.031104,0.258105,0.037898,0.001561,0.001366
0,0.14349,-0.136057,0.052061,-0.072025,0.061138,-0.087934,0.002504,0.002375
0,0.006985,-0.035388,-0.117298,0.104294,-0.159444,0.115795,0.000122,0.000618
0,0.07023,0.074009,0.074835,0.083392,0.109926,0.055177,0.001226,0.001292
0,0.001721,0.013256,-0.040941,-0.058434,-0.019637,-0.016859,3e-05,0.000231
0,-0.001249,0.025006,-0.006709,0.031236,-0.007885,-0.003426,2.2e-05,0.000436
0,-0.103875,-0.022335,-0.089397,-0.040137,-0.059366,-0.05884,0.001813,0.00039
0,0.142586,0.006226,0.232282,0.008397,0.280684,-0.040543,0.002489,0.000109
0,-0.168059,0.081795,-0.313414,0.103081,-0.334578,0.087607,0.002684,0.001428
0,-0.04624,0.055349,0.099167,-0.015327,0.134367,-0.013302,0.000807,0.000966
0,-0.063027,-0.066452,0.001771,-0.143058,0.0177,-0.184307,0.0011,0.00116
0,0.07404,0.110209,0.114633,0.150726,0.132657,0.147655,0.001292,0.001924
0,-0.094737,0.154498,-0.167137,0.050698,-0.148125,0.071924,0.001653,0.002696
0,-0.188734,0.095485,-0.1231,-0.04712,-0.087261,-0.001668,0.002323,0.001667
0,-0.131629,-0.110685,0.068239,-0.205388,0.057147,-0.214151,0.002297,0.001932
0,0.137867,0.063012,0.296906,0.196547,0.267449,0.176243,0.002406,0.0011
0,0.138824,0.099267,0.026516,0.053684,-0.010989,0.090545,0.002423,0.001733
0,0.104441,-0.026523,-0.034259,-0.141374,0.009688,-0.096229,0.001823,0.000463
0,-0.095213,-0.138526,-0.220632,-0.106615,-0.261814,-0.100566,0.001662,0.002418
0,-0.053207,-0.018418,0.050273,0.129641,0.073637,0.136304,0.000929,0.000321
0,0.124985,0.002025,0.185258,0.013762,0.148606,-0.01762,0.002181,3.5e-05
0,0.066153,0.118396,-0.05414,0.128212,-0.030697,0.098384,0.001155,0.002066
0,0.08461,0.164564,0.030928,0.035955,0.065449,-0.002396,0.001477,0.002745
0,-0.115851,-0.021738,-0.188309,-0.191088,-0.181927,-0.226083,0.002022,0.000379
0,-0.114389,-0.027946,0.024359,-0.007008,0.073801,-0.035424,0.001996,0.000488
0,-0.066264,-0.04749,0.028441,-0.00266,0.070218,0.0297,0.001157,0.000829
0,0.009043,-0.116811,0.089571,-0.053436,0.042895,-0.09291,0.000158,0.002039
0,-0.04473,0.060312,-0.076174,0.182233,-0.070448,0.141212,0.000781,0.001053
0,-0.060726,0.111111,-0.0203,0.078758,-0.061937,0.114607,0.00106,0.001939
0,-0.076573,-0.046325,-0.035756,-0.12904,-0.020831,-0.134951,0.001336,0.000809
0,-0.136017,0.006969,-0.06338,0.073405,-0.061966,0.09445,0.002374,0.000122
0,-0.089646,0.169085,0.018243,0.167604,0.026156,0.141432,0.001565,0.002666
0,-0.081478,-0.053982,0.003975,-0.226754,0.049108,-0.179565,0.001422,0.000942
0,-0.07787,0.036281,-0.000908,0.114397,-0.010963,0.107699,0.001359,0.000633
0,-0.210455,-0.035822,-0.114012,-0.048022,-0.120876,-0.073555,0.001944,0.000625
0,0.029903,-0.077007,0.255959,-0.020506,0.224886,0.007227,0.000522,0.001344
0,-0.053243,0.106548,-0.083851,0.211423,-0.070179,0.215565,0.000929,0.00186
0,0.008808,0.031791,0.08575,-0.055227,0.108528,-0.058608,0.000154,0.000555
0,-0.015315,0.159048,-0.028712,0.145127,-0.076909,0.14615,0.000267,0.002776
0,0.078211,0.100643,0.077425,-0.051694,0.07002,-0.087238,0.001365,0.001757
0,-0.038117,0.061131,-0.090363,-0.050017,-0.101075,-0.023764,0.000665,0.001067
0,-0.086583,0.09707,-0.058802,0.037214,-0.024222,0.070556,0.001511,0.001694
0,-0.028077,-0.027073,0.080167,-0.097538,0.127136,-0.115159,0.00049,0.000473
0,-0.114433,-0.055938,-0.062819,-0.013764,-0.079342,0.031471,0.001997,0.000976
0,-0.053723,0.034534,0.049274,0.105995,0.035244,0.116556,0.000938,0.000603
0,-0.042991,-0.152958,-0.017806,-0.158822,0.031897,-0.194843,0.00075,0.00267
0,0.156569,0.086181,0.206034,0.229901,0.217217,0.276897,0.002733,0.001504
0,-0.055938,0.01973,-0.226274,-0.072636,-0.246279,-0.037516,0.000976,0.000344
0,0.189814,0.083273,0.260646,0.035587,0.296007,0.049207,0.002305,0.001453
0,0.072328,-0.095268,-0.103712,-0.192405,-0.112271,-0.144629,0.001262,0.001663
0,0.212889,-0.121361,0.166623,-0.033688,0.134875,0.012828,0.001902,0.002118
0,-0.015623,0.048404,-0.198877,0.151425,-0.186073,0.142806,0.000273,0.000845
0,0.222208,0.011437,0.210692,-0.030816,0.181389,-0.067184,0.001739,0.0002
0,0.154562,-0.038292,-0.064098,-0.047061,-0.026915,-0.077724,0.002698,0.000668
0,0.212894,-0.132551,0.050823,-0.113688,0.081536,-0.161743,0.001902,0.002313
0,-0.001487,-0.173856,-0.199331,-0.016134,-0.2223,-0.022246,2.6e-05,0.002583
0,0.202377,0.105046,0.181234,0.284822,0.210189,0.295906,0.002085,0.001833
0,0.159921,0.086691,-0.0173,0.002523,-0.050422,-0.030454,0.002791,0.001513
0,-0.09082,-0.155454,-0.276511,-0.234775,-0.24015,-0.235648,0.001585,0.002713
0,0.054496,0.066497,0.119244,0.215536,0.097003,0.173406,0.000951,0.001161
0,0.187657,-0.031173,0.132649,-0.119972,0.105532,-0.145059,0.002342,0.000544
0,0.043657,-0.126797,-0.125603,-0.124584,-0.169063,-0.171207,0.000762,0.002213
0,0.216987,0.137055,0.146459,0.277766,0.103391,0.234145,0.00183,0.002392
0,0.224346,0.012188,0.011923,-0.113647,-0.008596,-0.083597,0.001702,0.000213
0,0.099568,-0.035354,-0.115181,-0.052158,-0.068933,-0.092355,0.001738,0.000617
0,0.149343,-0.023618,0.046758,0.040909,0.066032,0.027834,0.002607,0.000412
0,0.126935,0.083549,-0.031095,0.114108,-0.074901,0.137887,0.002215,0.001458
0,0.13915,-0.012884,0.000788,-0.072067,0.032731,-0.03791,0.002429,0.000225
0,-0.077599,0.109936,-0.199995,0.128597,-0.207778,0.159697,0.001354,0.001919
0,0.095945,0.152351,0.187726,0.04728,0.19283,0.001369,0.001675,0.002659
0,0.081428,0.151764,0.012767,-0.014161,0.013572,-0.042541,0.001421,0.002649
0,-0.016274,0.117405,-0.112988,-0.027624,-0.116406,-0.027056,0.000284,0.002049
0,-0.05219,0.057776,-0.026076,-0.039105,-0.053398,-0.081232,0.000911,0.001008
0,-0.033192,-0.094428,0.018214,-0.16938,0.032483,-0.142142,0.000579,0.001648
0,0.123851,0.108033,0.16541,0.177919,0.180532,0.160239,0.002162,0.001886
0,0.032055,0.047223,-0.083861,-0.080913,-0.064086,-0.061505,0.000559,0.000824
0,0.183794,0.030437,0.161027,-0.001825,0.130575,0.026557,0.00241,0.000531
0,0.177629,-0.074315,-0.020977,-0.121129,0.005627,-0.119878,0.002517,0.001297
0,0.093925,0.004828,-0.064642,0.100516,-0.044366,0.053035,0.001639,8.4e-05
0,0.084727,-0.075651,0.020772,-0.109554,0.018921,-0.142762,0.001479,0.00132
0,0.150653,0.120853,0.091317,0.196079,0.073612,0.165451,0.002629,0.002109
0,0.287528,-0.089171,0.145821,-0.23372,0.120817,-0.202558,0.000599,0.001556
0,0.338955,0.010201,0.032057,0.077698,0.078332,0.031559,0.000298,0.000178
0,0.042434,-0.118536,-0.304884,-0.103862,-0.300485,-0.145227,0.000741,0.002069
0,0.261451,-0.062406,0.203073,0.057497,0.163976,0.090635,0.001054,0.001089
0,0.252673,-0.076923,-0.037034,-0.018904,-0.006585,-0.020164,0.001208,0.001343
0,0.229462,0.153526,-0.017497,0.233167,-0.052603,0.271546,0.001613,0.00268
0,0.227962,0.108836,-0.019829,-0.053698,-0.010631,-0.052616,0.001639,0.0019
0,0.152756,0.092866,-0.062303,-0.006333,-0.048247,-0.045722,0.002666,0.001621
0,0.09247,0.112002,-0.045592,-0.008393,-0.091603,-0.018613,0.001614,0.001955
0,0.178192,0.087782,0.107312,-0.031245,0.135328,-0.014736,0.002507,0.001532
0,0.091568,0.040806,-0.067401,-0.019606,-0.079596,0.011691,0.001598,0.000712
0,0.210053,0.181089,0.092295,0.157583,0.117469,0.200073,0.001951,0.002457
0,0.085299,-0.114225,-0.128107,-0.269275,-0.1137,-0.254198,0.001489,0.001994
0,0.060469,-0.061511,-0.007456,0.028771,0.041038,0.02269,0.001055,0.001074
0,0.279016,-0.029527,0.207765,0.034823,0.177272,0.076765,0.000748,0.000515
0,0.191746,0.067661,-0.081693,0.123276,-0.036912,0.083861,0.002271,0.001181
0,0.02056,-0.034716,-0.19091,-0.124349,-0.156977,-0.086194,0.000359,0.000606
0,0.170792,-0.052557,0.175482,-0.046977,0.224202,-0.027156,0.002637,0.000917
0,-0.014776,-0.014183,-0.197297,0.054124,-0.184579,0.082381,0.000258,0.000248
0,2.542892,0.15483,2.575453,0.174919,2.534576,0.21313,0.000558,0.002702
0,2.683921,0.239171,0.16015,0.093852,0.176427,0.132638,0.001903,0.001443
0,2.268375,0.471662,-0.4048,0.234659,-0.387577,0.220611,0.000268,0.002615
0,2.856645,0.842864,0.564514,0.393969,0.51488,0.370551,0.0007,0.002142
0,2.849458,0.722032,-0.02349,-0.121038,0.001651,-0.112722,0.000825,0.001367
0,2.309178,0.416352,-0.555265,-0.297972,-0.587345,-0.267223,0.00098,0.001649
0,1.584499,0.289187,-0.722787,-0.1278,-0.759756,-0.128925,0.000433,0.00057
0,1.055826,0.116893,-0.517741,-0.152909,-0.496786,-0.136329,0.001575,0.00204
0,0.984505,0.054828,-0.058808,-0.042231,-0.095638,-0.059706,0.00033,0.000957
0,0.652716,0.065309,-0.314348,0.028236,-0.336545,0.009038,0.000157,0.00114
0,0.550925,0.102364,-0.100973,0.008213,-0.076487,0.042005,0.00162,0.001787
0,-0.123947,-0.064688,-0.668893,-0.155295,-0.68219,-0.127117,0.002163,0.001129
0,-0.216616,0.017291,-0.080064,0.089123,-0.099363,0.112125,0.001837,0.000302
0,-0.262905,0.151051,-0.040869,0.109631,-0.033047,0.131601,0.001029,0.002636
0,-0.21384,-0.026916,0.034407,-0.161174,0.080999,-0.120033,0.001885,0.00047
0,-0.112217,-0.066469,0.129825,-0.060832,0.14448,-0.063285,0.001959,0.00116
0,-0.212925,-0.029107,-0.094712,0.027546,-0.113037,0.006464,0.001901,0.000508
0,-0.316951,0.149691,-0.125197,0.159336,-0.086293,0.186753,8.6e-05,0.002613
0,-0.078848,0.002415,0.235606,-0.165682,0.268838,-0.15437,0.001376,4.2e-05
0,-0.325693,0.056318,-0.268995,0.064844,-0.285681,0.112264,6.7e-05,0.000983
0,-0.266239,-0.035543,0.086483,-0.082483,0.117134,-0.037753,0.000971,0.00062
0,-0.199935,0.043542,0.042374,0.105721,0.080051,0.056661,0.002128,0.00076
0,-0.17849,0.192121,0.002752,0.156125,0.028892,0.176212,0.002502,0.002264
0,0.010722,0.127275,0.204158,-0.036237,0.216747,0.00206,0.000187,0.002106
0,-0.22823,0.091026,-0.254106,-0.055313,-0.251114,-0.020542,0.001634,0.002106
0,-0.057029,-0.096888,0.194985,-0.178283,0.193072,-0.139479,0.000995,0.002106
0,-0.127574,0.029673,-0.092867,0.102996,-0.102832,0.136465,0.002227,0.002106
0,0.044862,-0.105432,0.182953,-0.116768,0.217986,-0.082764,0.000783,0.002106
0,-0.05302,-0.120608,-0.07851,-0.010043,-0.106112,-0.02139,0.000925,0.002106
0,-0.176538,0.135353,-0.09854,0.270855,-0.107564,0.279273,0.002536,0.002106
0,-0.057945,0.123325,0.12845,-0.016402,0.13178,0.002043,0.001011,0.002106
0,-0.090528,-0.030726,-0.028506,-0.124691,0.004266,-0.07657,0.00158,0.002106
0,-0.119254,0.057723,-0.047216,0.076153,-0.05762,0.028528,0.002081,0.002106
0,-0.12287,-0.079152,-0.006082,-0.109424,-0.034466,-0.108131,0.002144,0.002106
0,-0.190833,0.107581,-0.078994,0.186165,-0.075521,0.220239,0.002287,0.002106
0,-0.074727,-0.158704,0.141008,-0.24925,0.10216,-0.29565,0.001304,0.00277
0,-0.174815,0.0189,-0.129582,0.194713,-0.079637,0.206005,0.002566,0.002106
0,0.044189,0.056558,0.23925,0.015435,0.196841,0.0236,0.000771,0.002106
0,-0.1562,0.007441,-0.206673,-0.072731,-0.172094,-0.083291,0.002726,0.002106
0,-0.064895,-0.084308,0.116326,-0.082181,0.143708,-0.084237,0.001133,0.002106
0,-0.146024,0.027411,-0.052427,0.135488,-0.057028,0.098288,0.002549,0.002106
0,0.005739,-0.013646,0.17027,-0.056179,0.193037,-0.071204,0.0001,0.002106
0,0.048801,-0.019349,0.071455,0.010188,0.064398,-0.001299,0.000852,0.002106
0,-0.066288,0.11523,-0.098156,0.13753,-0.105326,0.121519,0.001157,0.002106
0,-0.164607,-0.10104,-0.089642,-0.217592,-0.11179,-0.238357,0.002745,0.002106
0,0.020661,-0.128138,0.164755,-0.039198,0.171332,-0.076619,0.000361,0.002236
0,0.003381,-0.105069,0.006127,0.000881,-0.032309,-0.012261,5.9e-05,0.002106
0,0.035092,-0.023255,0.046512,0.052545,0.033959,0.088974,0.000612,0.002106
0,-0.071753,0.016823,-0.126346,0.027531,-0.122161,-0.020186,0.001252,0.002106
0,-0.058405,-0.102852,0.039462,-0.137581,0.003653,-0.163737,0.001019,0.002106
0,0.059273,-0.09858,0.132957,0.026127,0.096916,0.022484,0.001035,0.002106
0,-0.094246,-0.022981,-0.124408,0.063411,-0.122576,0.091497,0.001645,0.002106
0,-0.083793,-0.110456,-0.007553,-0.089322,-0.043731,-0.046944,0.001462,0.002106
0,0.075923,0.113494,0.163481,0.226029,0.138495,0.198394,0.001325,0.002106
0,0.039292,-0.048333,-0.057042,-0.132511,-0.067378,-0.174442,0.000686,0.002106
0,0.134441,-0.086465,0.092075,-0.021123,0.073357,-0.046375,0.002346,0.002106
0,0.05892,-0.163934,-0.085069,-0.081611,-0.106037,-0.065037,0.001028,0.002756
0,0.049529,-0.103919,0.016783,0.04238,0.045565,0.037244,0.000864,0.001814
0,-0.014732,-0.067392,-0.084959,0.045393,-0.087279,0.018246,0.000257,0.001176
0,-0.055955,-0.007806,-0.05455,0.036537,-0.062177,0.042616,0.000977,0.000136
0,0.161486,-0.118923,0.230575,-0.11976,0.2549,-0.096295,0.002799,0.002076
0,0.19047,-0.007867,-0.000468,0.091513,0.011715,0.086875,0.002293,0.000137
0,0.190992,0.085054,0.019822,0.071081,0.012599,0.026985,0.002284,0.001484
0,0.191412,-0.164752,-0.007502,-0.23014,-0.02761,-0.224698,0.002277,0.002742
0,0.115138,-0.150892,-0.091703,0.037923,-0.051697,0.043579,0.00201,0.002634
0,0.076413,-0.000282,-0.024591,0.167633,-0.026278,0.173457,0.001334,5e-06
0,0.085607,-0.150039,-0.006069,-0.151004,0.005762,-0.137424,0.001494,0.002619
0,0.131554,-0.08461,0.071415,0.088852,0.031214,0.039008,0.002296,0.001477
0,-0.036726,-0.017892,-0.168509,0.054609,-0.186172,0.010341,0.000641,0.000312
0,-0.073691,-0.010714,-0.051157,0.000515,-0.089992,-0.009561,0.001286,0.000187
0,-0.1165,-0.091909,-0.01629,-0.067146,-0.020113,-0.096226,0.002033,0.001604
0,-0.166423,-0.144376,-0.059512,-0.046245,-0.050082,-0.05834,0.002713,0.00252
0,-0.124167,0.045245,0.050722,0.197347,0.060053,0.182567,0.002167,0.00079
0,-0.068291,-0.027138,0.06499,-0.086929,0.020253,-0.070659,0.001192,0.000474
0,0.02971,-0.162043,0.089771,-0.154039,0.08899,-0.189986,0.000519,0.002789
0,-0.136029,0.039989,-0.166893,0.184897,-0.165184,0.216321,0.002374,0.000698
0,-0.161937,-0.030185,-0.040575,-0.084579,-0.041657,-0.113407,0.002791,0.000527
0,-0.171315,-0.012327,-0.012896,0.005695,-0.044475,-0.019374,0.002628,0.000215
0,-0.065144,0.047985,0.111041,0.059355,0.156021,0.096712,0.001137,0.000838
0,-0.079451,-0.094577,0.006995,-0.138834,-0.033134,-0.093629,0.001387,0.001651
0,-0.044163,-0.187609,0.038942,-0.083852,0.058016,-0.131939,0.000771,0.002343
0,-0.071219,0.021887,-0.020522,0.182446,0.029153,0.145332,0.001243,0.000382
0,-0.192135,-0.091107,-0.118938,-0.102999,-0.070802,-0.074417,0.002264,0.00159
0,0.082079,-0.242454,0.259031,-0.179893,0.308427,-0.215997,0.001433,0.001386
0,0.108993,-0.173483,0.022148,0.048432,0.07044,0.083963,0.001902,0.00259
0,-0.126169,-0.076109,-0.219771,0.088825,-0.208434,0.125574,0.002202,0.001328
0,-0.199819,-0.036212,-0.074364,0.053265,-0.034845,0.035924,0.00213,0.000632
0,-0.13756,-0.109365,0.076643,-0.083102,0.121579,-0.063979,0.002401,0.001909
0,-0.04461,0.009417,0.117144,0.121417,0.1236,0.090681,0.000779,0.000164
0,-0.096022,0.038079,-0.078747,0.054448,-0.033573,0.101035,0.001676,0.000665
0,-0.142732,-0.111716,-0.043463,-0.149715,-0.046864,-0.100215,0.002491,0.00195
0,-0.232519,-0.089309,-0.09299,0.037837,-0.091032,0.069201,0.001559,0.001559
0,-0.149397,-0.132847,0.07869,-0.068673,0.100874,-0.066287,0.002607,0.002319
0,-0.12091,-0.156583,0.053027,0.005107,0.067768,0.040638,0.00211,0.002733
0,-0.165496,-0.129277,-0.054686,0.028971,-0.05016,0.031014,0.002729,0.002256
0,-0.207876,-0.026979,-0.040255,0.119523,0.009719,0.128898,0.001989,0.000471
0,-0.155061,0.072329,0.073008,0.101373,0.115831,0.084101,0.002706,0.001262
0,-0.005263,0.109976,0.147676,0.008083,0.180856,-0.029475,9.2e-05,0.001919
0,-0.008912,-0.000102,-0.012309,-0.095906,-0.002629,-0.061159,0.000156,2e-06
0,-0.147471,0.114777,-0.16395,0.120345,-0.126479,0.146121,0.002574,0.002003
0,-0.132225,0.035063,0.004038,-0.105679,0.037456,-0.097225,0.002308,0.000612
0,-0.072019,-0.07853,0.079528,-0.134046,0.057597,-0.168037,0.001257,0.001371
0,-0.091455,0.046248,-0.031719,0.130919,-0.030842,0.142256,0.001596,0.000807
0,-0.168996,-0.104633,-0.077707,-0.171623,-0.107535,-0.188967,0.002668,0.001826
0,-0.27556,-0.004433,-0.123529,0.100617,-0.120894,0.131705,0.000808,7.7e-05
0,-0.024817,0.109533,0.225736,0.094292,0.223512,0.130448,0.000433,0.001912
0,-0.144038,0.027031,-0.103535,-0.083255,-0.058173,-0.065921,0.002514,0.000472
0,-0.103136,0.141411,0.013594,0.141356,0.030999,0.153915,0.0018,0.002468
0,0.087095,0.07322,0.186673,-0.06961,0.226206,-0.036562,0.00152,0.001278
0,-0.066104,0.050049,-0.155729,-0.051698,-0.200553,-0.038351,0.001154,0.000874
0,-0.147776,0.007587,-0.084597,-0.049063,-0.042678,-0.087007,0.002579,0.000132
0,-0.120527,-0.086253,0.013628,-0.114271,0.028596,-0.10467,0.002104,0.001505
0,0.051633,-0.013728,0.144167,0.044403,0.17129,0.065295,0.000901,0.00024
0,-0.135754,0.102483,-0.158854,0.114552,-0.205697,0.159043,0.002369,0.001789
0,-0.035022,0.109159,0.075783,0.015343,0.059278,0.004746,0.000611,0.001905
0,-0.007643,0.133614,0.050828,0.006424,0.019682,-0.015997,0.000133,0.002332
0,-0.137259,0.040427,-0.109574,-0.085016,-0.141349,-0.096792,0.002396,0.000706
0,-0.234353,0.013178,-0.125019,-0.045456,-0.13993,-0.032658,0.001527,0.00023
0,-0.049428,0.114123,0.156051,0.100551,0.134656,0.089181,0.000863,0.001992
0,-0.187032,-0.076602,-0.150651,-0.207635,-0.155013,-0.231288,0.002353,0.001337
0,-0.201882,0.010886,-0.017579,0.07806,-0.005315,0.079924,0.002094,0.00019
0,-0.217466,0.142255,0.004532,0.11756,-0.037939,0.071366,0.001822,0.002483
0,-0.049013,0.185268,0.177562,0.057689,0.13165,0.091304,0.000855,0.002384
0,-0.235918,0.167213,-0.165972,-0.004072,-0.150741,0.031375,0.0015,0.002699
0,-0.204853,0.054011,0.007843,-0.113563,0.057282,-0.065504,0.002042,0.000943
0,-0.067167,0.132365,0.16283,0.06966,0.126254,0.102891,0.001172,0.00231
0,0.026357,0.098972,0.103911,-0.031193,0.104732,-0.075588,0.00046,0.001727
0,-0.065675,0.158992,-0.104615,0.051037,-0.081732,0.032959,0.001146,0.002775
0,-0.273971,0.218038,-0.235336,0.065179,-0.216555,0.040417,0.000836,0.001812
0,-0.066015,0.143259,0.190368,-0.087317,0.216138,-0.093595,0.001152,0.0025
0,-0.062637,0.230286,-0.017592,0.100318,0.022635,0.069563,0.001093,0.001598
0,-0.010771,0.222659,0.038008,0.007091,0.064058,-0.014876,0.000188,0.001731
0,0.070483,0.178727,0.05823,-0.057534,0.087916,-0.056831,0.00123,0.002498
0,-0.164623,0.236035,-0.259497,0.07244,-0.220949,0.039337,0.002744,0.002106
0,-0.223009,0.166239,-0.080559,-0.058368,-0.129193,-0.078891,0.001725,0.002106
0,-0.048864,0.119053,0.150153,-0.048799,0.153222,-0.004998,0.000853,0.002106
0,-0.199311,-0.067795,-0.143882,-0.207604,-0.124423,-0.175821,0.002139,0.002106
0,0.017932,-0.089968,0.205231,-0.051925,0.228205,-0.020296,0.000313,0.002106
0,-0.104785,-0.003778,-0.129167,0.057225,-0.171219,0.062133,0.001829,0.002106
0,-0.193808,-0.030902,-0.085652,-0.054044,-0.133307,-0.085249,0.002235,0.002106
0,-0.14256,0.111101,0.023091,0.166123,0.051395,0.135159,0.002488,0.002106
0,-0.090487,0.16226,0.055242,0.043533,0.07812,0.088922,0.001579,0.002106
0,-0.073807,-0.062178,0.024139,-0.198648,0.012807,-0.219455,0.001288,0.002106
0,-0.064014,0.105296,0.015789,0.148193,-0.022763,0.110558,0.001117,0.002106
0,-0.099957,-0.105543,-0.016196,-0.217649,-0.037135,-0.264122,0.001745,0.002106
0,-0.109704,-0.068935,-0.015264,0.048071,0.019426,0.035309,0.001915,0.002106
0,-0.187776,-0.004379,-0.059851,0.059439,-0.039911,0.057107,0.00234,0.002106
0,-0.253839,-0.116771,-0.086554,-0.122477,-0.117442,-0.119083,0.001187,0.002106
0,-0.301974,0.021671,-0.034328,0.154461,-0.003451,0.10752,0.000347,0.002106
0,-0.186883,0.037838,0.134146,0.023036,0.156268,0.011098,0.002356,0.002106
0,-0.126515,-0.021653,0.066869,-0.04049,0.054722,-0.050705,0.002208,0.002106
0,-0.109634,0.059176,0.014598,0.083511,0.008973,0.115233,0.001913,0.002106
0,-0.085158,-0.025986,0.022173,-0.07825,0.003116,-0.029002,0.001486,0.002106
0,-0.173784,0.090478,-0.10571,0.100787,-0.111842,0.131427,0.002584,0.002106
0,-0.223641,0.195273,-0.070515,0.099767,-0.032771,0.099065,0.001714,0.002106
0,-0.046078,0.049243,0.153697,-0.161266,0.126974,-0.178669,0.000804,0.002106
0,-0.006393,0.005696,0.060973,-0.060261,0.037343,-0.03661,0.000112,0.002106
0,-0.068828,-0.085517,-0.039789,-0.068962,-0.048734,-0.110212,0.001201,0.002106
0,0.060248,-0.01004,0.132808,0.06528,0.138645,0.047342,0.001052,0.002106
0,-0.01008,0.011054,-0.083695,0.027386,-0.08774,0.011567,0.000176,0.002106
0,-0.138331,0.205572,-0.10116,0.185489,-0.141827,0.142853,0.002414,0.002106
0,0.011613,-0.00818,0.122587,-0.24098,0.107693,-0.277247,0.000203,0.002106
0,0.039609,0.12219,0.006846,0.141506,-0.033528,0.109399,0.000691,0.002106
0,-0.056044,0.000781,-0.069623,-0.101918,-0.10775,-0.121773,0.000978,0.002106
0,-0.081773,0.233686,-0.030713,0.250112,-0.077273,0.222942,0.001427,0.002106
0,-0.064351,-0.043911,0.035457,-0.261999,0.050501,-0.252002,0.001123,0.002106
0,-0.130078,0.080533,-0.045727,0.149236,-0.078719,0.135039,0.00227,0.002106
0,-0.105868,0.003752,0.052797,-0.095704,0.02371,-0.061738,0.001848,0.002106
0,-0.014869,0.089885,0.10841,0.094321,0.106532,0.121001,0.00026,0.002106
0,-0.190543,0.040301,-0.201209,-0.06481,-0.188874,-0.1049,0.002292,0.002106
0,-0.205914,0.062678,-0.02538,-0.003733,-0.062058,0.027343,0.002024,0.002106
0,-0.23539,0.100397,-0.052715,0.063794,-0.018051,0.082213,0.001509,0.002106
0,-0.063945,0.041652,0.197933,-0.049691,0.238123,-0.056383,0.001116,0.002106
0,-0.221413,0.050042,-0.155906,-0.020503,-0.135176,-0.025874,0.001753,0.002106
0,-0.144952,0.088639,0.048208,0.05981,0.041114,0.109674,0.00253,0.002106
0,-0.10319,0.008004,0.06825,-0.075973,0.048584,-0.071664,0.001801,0.002106
0,-0.261354,0.158083,-0.163792,0.162152,-0.129749,0.132801,0.001056,0.002106
0,-0.132849,0.08253,0.155498,-0.094721,0.193304,-0.124595,0.002319,0.002106
0,-0.017228,0.07127,0.106093,-0.016615,0.123283,-0.000124,0.000301,0.002106
0,-0.112744,0.13453,-0.100324,0.059057,-0.062765,0.095616,0.001968,0.002106
0,-0.091564,-0.034904,0.023514,-0.176417,-0.012879,-0.130561,0.001598,0.002106
0,-0.047518,0.129281,0.051048,0.188094,0.068452,0.221751,0.000829,0.002106
0,-0.116239,0.186347,-0.06795,0.06924,-0.114146,0.118054,0.002029,0.002106
0,-0.228981,-0.026641,-0.101345,-0.195117,-0.087825,-0.199374,0.001621,0.002106
0,-0.284227,0.024048,-0.047187,0.046765,-0.067399,0.034605,0.000657,0.002106
0,-0.167834,0.034054,0.124037,0.001961,0.154645,0.007373,0.002688,0.002106
0,-0.130018,0.096375,0.046152,0.041515,-0.000123,0.032692,0.002269,0.002106
0,-0.089905,-0.044242,0.051939,-0.115723,0.040339,-0.122932,0.001569,0.002106
0,-0.246467,0.103337,-0.151467,0.160787,-0.193817,0.148174,0.001316,0.002106
0,-0.201595,0.140882,0.070632,0.02447,0.04644,-0.014977,0.002099,0.002106
0,-0.09518,0.059335,0.093036,-0.061261,0.116985,-0.018009,0.001661,0.002106
0,-0.048926,0.158091,0.037677,0.096399,0.043671,0.135275,0.000854,0.002106
0,0.064998,-0.061919,0.129546,-0.220496,0.165992,-0.183095,0.001134,0.002106
0,-0.041394,0.040279,-0.090123,0.118452,-0.05802,0.121861,0.000722,0.002106
0,0.13632,0.072861,0.202976,0.044208,0.24446,0.086089,0.002379,0.002106
0,-0.105866,0.136862,-0.234269,0.067475,-0.276899,0.09355,0.001848,0.002106
0,-0.041139,0.091148,0.057642,-0.021886,0.068558,-0.069914,0.000718,0.002106
0,-0.070775,0.003659,-0.037258,-0.085053,-0.025723,-0.08794,0.001235,0.002106
0,-0.088858,-0.094242,-0.038518,-0.072596,-0.014492,-0.053607,0.001551,0.002106
0,-0.120282,-0.127499,-0.050972,-0.055237,-0.100729,-0.04033,0.002099,0.002225
0,-0.098568,0.071039,-0.002658,0.172911,-0.027044,0.201941,0.00172,0.002106
0,-0.070724,0.012825,0.048879,-0.058172,0.093474,-0.027567,0.001234,0.002106
0,-0.006803,-0.12924,0.042219,-0.116068,-0.003518,-0.100025,0.000119,0.002256
0,-0.019774,-0.107016,-0.027666,0.000801,-0.045577,-0.014905,0.000345,0.002106
0,0.08769,0.080674,0.122342,0.20681,0.084564,0.171402,0.00153,0.002106
0,0.003896,0.158904,-0.097641,0.08645,-0.117245,0.12691,6.8e-05,0.002106
0,0.141758,-0.059229,0.1379,-0.213071,0.112611,-0.207111,0.002474,0.002106
0,0.253827,-0.086912,0.124657,-0.034343,0.171758,-0.03535,0.001187,0.002106
0,0.121663,0.12099,-0.106179,0.225867,-0.122453,0.218118,0.002123,0.002106
0,0.068158,-0.015588,-0.051464,-0.135203,-0.031775,-0.171663,0.00119,0.002106
0,0.281074,0.112201,0.197706,0.137882,0.151839,0.09461,0.000712,0.002106
0,0.221375,0.126791,-0.033642,-0.003885,-0.010671,0.011054,0.001754,0.002106
0,0.209305,0.154745,0.010791,0.026482,-0.004014,0.051502,0.001964,0.002106
0,0.264319,-0.002366,0.038286,-0.142781,0.023867,-0.176843,0.001004,0.002106
0,0.202009,-0.023574,-0.088899,-0.011948,-0.134458,-0.011279,0.002092,0.002106
0,0.190129,0.021727,-0.021489,0.028846,0.017599,0.003717,0.002299,0.002106
0,0.071337,-0.050906,-0.103544,-0.076098,-0.151086,-0.050787,0.001245,0.002106
0,0.176017,0.015168,0.112284,0.05864,0.132608,0.021661,0.002545,0.002106
0,0.008628,0.010233,-0.138152,0.004651,-0.172399,-0.024775,0.000151,0.002106
0,-0.051835,0.016685,-0.040123,-0.017141,-0.079535,-0.028063,0.000905,0.002106
0,0.180282,-0.0291,0.217192,-0.050283,0.170398,-0.055518,0.002471,0.002106
0,0.064656,-0.040882,-0.134016,-0.026502,-0.143954,-0.071265,0.001128,0.002106
0,0.096885,0.004626,0.028099,0.075104,0.075967,0.068814,0.001691,0.002106
0,0.062422,0.005485,-0.059694,0.00917,-0.054708,0.003677,0.001089,0.002106
0,0.104878,-0.070553,0.065195,-0.070887,0.103916,-0.093873,0.00183,0.002106
0,0.027485,-0.00744,-0.061395,0.041881,-0.031836,-0.00796,0.00048,0.002106
0,-0.001525,-0.051709,-0.02565,-0.019902,-0.072017,0.013759,2.7e-05,0.002106
0,-0.063812,-0.098787,-0.080256,-0.049361,-0.081339,-0.019763,0.001114,0.002106
0,-0.054476,0.084576,-0.013254,0.203128,0.01738,0.23614,0.000951,0.002106
0,-0.13685,-0.07945,-0.08184,-0.18817,-0.053662,-0.165172,0.002388,0.002106
0,-0.103899,0.019777,0.036276,0.113826,0.01793,0.137146,0.001813,0.002106
0,0.146263,-0.059827,0.242061,-0.086436,0.201361,-0.075848,0.002553,0.002106
0,0.077425,0.136825,-0.077132,0.224151,-0.031537,0.174243,0.001351,0.002106
0,0.066311,-0.07097,0.001702,-0.212362,-0.048153,-0.162733,0.001157,0.002106
0,0.005698,-0.057695,-0.032827,0.009968,-0.010672,0.017094,9.9e-05,0.002106
0,0.148733,0.002002,0.126664,0.088022,0.171728,0.112167,0.002596,0.002106
0,0.237951,0.052521,0.0671,0.026715,0.026742,-0.007141,0.001464,0.002106
0,0.118087,0.245415,-0.108868,0.190372,-0.104199,0.195761,0.002061,0.002106
0,0.005912,0.049957,-0.138992,-0.186026,-0.09104,-0.211264,0.000103,0.002106
0,-0.166859,-0.008326,-0.184599,-0.037274,-0.135767,-0.073174,0.002705,0.002106
0,0.050398,0.242805,0.241421,0.245427,0.286967,0.237646,0.00088,0.002106
0,0.001884,0.076716,-0.071505,-0.162257,-0.072135,-0.129045,3.3e-05,0.002106
0,0.026138,0.121267,0.026372,0.022335,-0.002279,0.033534,0.000456,0.002106
0,-0.167537,0.125605,-0.1824,0.021021,-0.164056,0.049786,0.002693,0.002106
0,-0.049943,0.195508,0.117803,0.088099,0.167451,0.067728,0.000872,0.002106
0,-0.048621,0.247271,0.022845,0.059246,0.05722,0.016857,0.000849,0.002106
0,-0.167445,0.213332,-0.090822,-0.043977,-0.090906,-0.018581,0.002695,0.002106
0,-0.102441,-0.020206,0.03733,-0.236737,0.086243,-0.190609,0.001788,0.002106
0,0.009657,0.22519,0.084092,0.24314,0.070716,0.22448,0.000169,0.002106
0,-0.259848,0.167971,-0.260289,-0.06857,-0.302366,-0.077033,0.001082,0.002106
0,-0.115703,0.078617,0.115067,-0.059621,0.112117,-0.055064,0.002019,0.002106
0,0.057719,0.194286,0.176568,0.097664,0.155095,0.100514,0.001007,0.002106
0,0.080064,0.047002,0.029804,-0.147944,0.014572,-0.10225,0.001397,0.002106
0,-0.164373,-0.112271,-0.236246,-0.151839,-0.282294,-0.107612,0.002749,0.002106
0,-0.145133,-0.133269,0.007915,-0.048298,-0.021376,-0.00253,0.002533,0.002326
0,-0.098789,-0.098105,0.074974,0.014581,0.103815,-0.031356,0.001724,0.002106
0,-0.222253,-0.120036,-0.113468,-0.001522,-0.14355,0.014807,0.001738,0.002106
0,-0.017192,-0.095621,0.23161,0.007022,0.203224,-0.00221,0.0003,0.002106
0,0.053567,0.037073,0.097349,0.151736,0.063936,0.116299,0.000935,0.002106
0,-0.104944,-0.066881,-0.141648,-0.07706,-0.09346,-0.041505,0.001832,0.002106
0,-0.022789,0.112979,0.05245,0.205763,0.033749,0.176299,0.000398,0.002106
0,-0.152065,0.010191,-0.131299,-0.085307,-0.158074,-0.090781,0.002654,0.002106
0,0.114379,0.115167,0.240884,0.125364,0.266723,0.07955,0.001996,0.002106
0,-0.081055,0.094599,-0.172952,-0.027337,-0.156444,-0.048028,0.001415,0.002106
0,0.101325,-0.010068,0.158508,-0.100216,0.168635,-0.06426,0.001768,0.002106
0,-0.102906,-0.086642,-0.210121,-0.049803,-0.190583,-0.021327,0.001796,0.002106
0,-0.19704,-0.035662,-0.077804,0.026702,-0.079565,0.041643,0.002179,0.002106
0,0.106238,0.094655,0.274036,0.120254,0.315871,0.113198,0.001854,0.002106
0,-0.083733,-0.15576,-0.177715,-0.235074,-0.161186,-0.234005,0.001461,0.002719
0,-0.161233,-0.133508,-0.062752,0.008557,-0.063018,0.000577,0.002803,0.00233
0,-0.187819,-0.026885,-0.056561,0.110896,-0.044459,0.128086,0.002339,0.002106
0,-0.078353,-0.010282,0.104716,-0.010928,0.140303,0.013097,0.001368,0.002106
0,-0.065656,0.100643,0.009604,0.134665,0.059448,0.089254,0.001146,0.002106
0,0.036655,-0.143046,0.108829,-0.271358,0.089369,-0.27744,0.00064,0.002497
0,-0.192946,-0.018352,-0.236183,0.150039,-0.283768,0.110096,0.00225,0.002106
0,0.064943,-0.130592,0.268644,-0.105093,0.307467,-0.090015,0.001133,0.002279
0,0.131882,-0.013779,0.05316,0.13571,0.04113,0.090559,0.002302,0.002106
0,0.097501,-0.085455,-0.029637,-0.078436,-0.001896,-0.063212,0.001702,0.002106
0,0.095846,-0.032496,0.018808,0.079885,-0.015498,0.083561,0.001673,0.002106
0,0.092853,-0.049379,-0.026016,0.002737,0.01214,0.044207,0.001621,0.002106
0,0.0877,0.034919,0.014776,0.069911,0.06232,0.021171,0.001531,0.002106
0,0.155576,-0.203509,0.082904,-0.231504,0.035409,-0.253526,0.002715,0.002066
0,0.117297,-0.059822,-0.027708,0.137019,-0.039504,0.122478,0.002047,0.001044
0,-0.03615,-0.231621,-0.13445,-0.148593,-0.154071,-0.153293,0.000631,0.001575
0,-0.053984,0.059759,0.000366,0.303708,-0.033401,0.322941,0.000942,0.001043
0,1.181058,0.099058,1.214262,0.063941,1.213211,0.031691,0.001857,0.001729
0,2.432845,0.011402,1.247858,-0.078934,1.20965,-0.038093,0.002479,0.000199
0,3.84282,0.017624,1.396318,0.034173,1.377015,0.059652,0.00034,0.000308
0,4.815936,-0.049169,0.99042,-0.092412,0.975712,-0.08712,0.000209,0.000858
0,4.715182,0.190745,-0.106603,0.240793,-0.153199,0.229499,0.001967,0.002288
0,3.475647,0.111103,-1.247778,-0.093801,-1.203034,-0.120459,0.001131,0.001939
0,2.291891,0.116741,-1.194123,0.032847,-1.209932,0.008413,0.000678,0.002038
0,1.487958,0.106147,-0.814696,-0.023076,-0.795505,0.009369,0.002118,0.001853
0,1.151154,0.193568,-0.326131,0.117271,-0.374819,0.163631,0.002379,0.002239
0,0.448161,-0.000658,-0.679713,-0.196535,-0.675619,-0.224635,0.002204,0.002106
0,-0.003592,-0.116244,-0.453195,-0.122486,-0.464706,-0.128635,6.3e-05,0.002106
0,-0.17287,-0.082455,-0.172409,0.029647,-0.198587,0.038581,0.0026,0.002106
0,-0.091774,0.108345,0.10525,0.163236,0.144473,0.139901,0.001602,0.002106
0,-0.070825,-0.091937,0.003746,-0.20147,0.043966,-0.22153,0.001236,0.002106
0,-0.330948,0.045555,-0.263361,0.141872,-0.27331,0.175181,0.000159,0.002106
0,-0.206521,0.032653,0.141033,-0.002434,0.126282,-0.014212,0.002013,0.002106
0,-0.266537,-0.110912,-0.083081,-0.120416,-0.060872,-0.10671,0.000966,0.002106
0,-0.122593,0.045461,0.142602,0.164357,0.16817,0.164217,0.00214,0.002106
0,-0.280855,-0.008882,-0.173097,-0.059215,-0.197524,-0.069135,0.000716,0.002106
0,-0.186669,-0.045563,0.087673,-0.023351,0.039833,-0.07251,0.00236,0.002106
0,-0.216218,0.085839,-0.033021,0.113118,-0.01325,0.134246,0.001844,0.002106
0,-0.197228,0.108203,0.03682,0.01788,-0.003076,0.04371,0.002175,0.002106
0,0.01663,-0.047048,0.197517,-0.17403,0.193466,-0.125058,0.00029,0.002106
0,-0.037654,0.028112,-0.065194,0.055928,-0.077437,0.09469,0.000657,0.002106
0,-0.157289,0.193386,-0.14121,0.163063,-0.098404,0.149037,0.002745,0.002106
0,-0.071118,0.047237,0.074561,-0.137444,0.115958,-0.116056,0.001241,0.002106
0,-0.089218,0.045988,-0.028976,-0.004916,-0.06849,0.030172,0.001557,0.002106
0,-0.034112,0.024149,0.039766,-0.035704,0.029202,-0.020055,0.000595,0.002106
0,-0.223981,0.040633,-0.20954,-0.011591,-0.164348,-0.028182,0.001708,0.002106
0,-0.198606,0.077667,0.040433,0.062443,0.020839,0.038619,0.002151,0.002106
0,-0.147717,-0.078265,0.062034,-0.16983,0.069323,-0.203706,0.002578,0.002106
0,-0.21019,0.00331,-0.040415,0.063757,-0.060643,0.07682,0.001949,0.002106
0,-0.122609,0.061642,0.116657,0.073981,0.150872,0.054116,0.00214,0.002106
0,-0.074994,-0.011622,0.046871,-0.082118,0.063855,-0.126417,0.001309,0.002106
0,-0.106469,-0.075205,-0.04182,-0.068213,-0.032806,-0.082047,0.001858,0.002106
0,-0.080678,-0.07486,0.043268,-0.011364,0.031303,0.00229,0.001408,0.002106
0,0.068965,0.007994,0.148524,0.0733,0.126811,0.050941,0.001204,0.002106
0,-0.022673,0.096323,-0.068685,0.103307,-0.077387,0.141315,0.000396,0.002106
0,-0.109321,-0.17259,-0.07975,-0.248227,-0.036421,-0.218584,0.001908,0.002605
0,-0.188428,0.018671,-0.082743,0.176976,-0.035478,0.193407,0.002329,0.000326
0,-0.041591,-0.076373,0.135682,-0.117865,0.177426,-0.115683,0.000726,0.001333
0,0.020659,0.069641,0.048027,0.144275,0.024969,0.154757,0.000361,0.001215
0,0.028713,-0.188584,0.025433,-0.251958,-0.009548,-0.218554,0.000501,0.002326
0,-0.096282,0.056496,-0.133891,0.253709,-0.098684,0.276555,0.00168,0.000986
0,0.087699,-0.17683,0.181348,-0.2061,0.201727,-0.170915,0.001531,0.002531
0,-0.159291,0.043976,-0.230561,0.250448,-0.233658,0.298919,0.00278,0.000768
0,-0.065348,0.077553,0.066269,0.019064,0.054388,0.057324,0.001141,0.001354
0,-0.168158,-0.204993,-0.104727,-0.273003,-0.104839,-0.314615,0.002683,0.00204
0,0.062357,-0.172202,0.235353,0.0586,0.238766,0.104638,0.001088,0.002612
0,-0.055314,0.01225,-0.106813,0.165149,-0.122964,0.160319,0.000965,0.000214
0,-0.172983,0.030377,-0.117932,0.041461,-0.113047,0.075254,0.002598,0.00053
0,-0.132615,-0.182288,0.013823,-0.237576,0.005616,-0.262587,0.002315,0.002436
0,-0.096096,-0.015065,0.008715,0.150589,0.04924,0.138548,0.001677,0.000263
0,-0.201039,-0.030242,-0.079759,-0.026678,-0.10935,-0.003349,0.002109,0.000528
0,-0.190621,-0.018287,-0.000896,-0.009155,-0.041818,0.020795,0.002291,0.000319
0,-0.139589,-0.14714,0.060583,-0.154158,0.062512,-0.201582,0.002436,0.002568
0,-0.111773,0.014259,0.010195,0.189539,-0.02219,0.22455,0.001951,0.000249
0,-0.069088,-0.118954,0.02449,-0.134035,0.068101,-0.087593,0.001206,0.002076
0,0.021899,-0.111183,0.108865,0.024573,0.126712,0.000767,0.000382,0.001941
0,-0.138747,0.042591,-0.165814,0.175488,-0.145791,0.13081,0.002422,0.000743
0,-0.18622,-0.156701,-0.036633,-0.218628,-0.027974,-0.173791,0.002367,0.002735
0,0.02819,-0.0712,0.206063,0.105979,0.191062,0.091716,0.000492,0.001243
0,-0.161789,0.027549,-0.191187,0.10629,-0.181298,0.099265,0.002794,0.000481
0,-0.019352,-0.039064,0.148075,-0.063975,0.116886,-0.077155,0.000338,0.000682
0,-0.041307,-0.010574,-0.03209,-0.001412,-0.009268,-0.025814,0.000721,0.000185
0,0.017709,-0.0863,0.080015,-0.051365,0.080956,-0.042429,0.000309,0.001506
0,-0.068697,-0.072248,-0.090522,0.035225,-0.105077,0.014374,0.001199,0.001261
0,-0.005516,-0.113483,0.085375,-0.062281,0.089504,-0.018669,9.6e-05,0.001981
0,-0.162926,0.121108,-0.134586,0.243114,-0.144265,0.264132,0.002774,0.002114
0,-0.15655,-0.087045,0.012597,-0.230695,0.02641,-0.199178,0.002732,0.001519
0,-0.249015,0.054925,-0.084966,0.144799,-0.117267,0.136458,0.001271,0.000959
0,-0.057241,-0.003501,0.180772,-0.067451,0.132121,-0.098538,0.000999,6.1e-05
0,-0.248666,0.132411,-0.169027,0.142301,-0.14392,0.155976,0.001277,0.002311
0,-0.173555,-0.037781,0.084294,-0.199531,0.115929,-0.207154,0.002588,0.000659
0,-0.208305,-0.080017,-0.034406,-0.050028,-0.05572,-0.021267,0.001982,0.001397
0,0.081954,-0.01471,0.299991,0.042805,0.339396,0.07285,0.00143,0.000257
0,-0.00787,0.096061,-0.11062,0.12621,-0.149487,0.132782,0.000137,0.001677
0,-0.105952,-0.060842,-0.120851,-0.128978,-0.076147,-0.134391,0.001849,0.001062
0,-0.050793,0.086593,0.044912,0.145082,0.025674,0.099048,0.000887,0.001511
0,0.034032,0.07276,0.071958,-0.036174,0.0399,-0.079939,0.000594,0.00127
0,0.073768,0.127304,0.027721,0.051732,0.017003,0.019608,0.001287,0.002222
0,-0.205999,-0.050233,-0.281764,-0.174328,-0.283911,-0.172962,0.002022,0.000877
0,-0.833239,0.22426,-0.602062,0.246944,-0.577388,0.261076,0.00231,0.001703
0,-2.140337,0.244209,-1.30816,-0.003936,-1.312195,-0.017443,0.001967,0.001355
0,-2.581253,0.214545,-0.435796,0.000129,-0.435109,-0.004039,0.000111,0.001873
0,-2.707253,0.262003,-0.108099,0.068898,-0.076327,0.022743,0.00231,0.001045
0,-2.537739,0.290639,0.158863,0.053806,0.177554,0.007386,0.000648,0.000545
0,-2.020158,0.090927,0.538176,-0.211958,0.573853,-0.229505,0.001553,0.001587
0,-1.562406,0.092384,0.475498,-0.003054,0.452815,-0.024123,0.000818,0.001612
0,-1.129034,0.134256,0.454023,0.02417,0.4948,0.062853,0.002765,0.002343
0,-0.77368,0.127384,0.346612,-0.010454,0.297638,-0.047495,0.002268,0.002223
0,-0.420018,-0.034826,0.383463,-0.162001,0.432775,-0.206297,0.001713,0.000608
0,0.046316,-0.015209,0.470846,0.007274,0.474132,-0.022874,0.000808,0.000265
0,-0.049869,0.080721,-0.123014,0.069911,-0.14464,0.037985,0.00087,0.001409
0,0.124186,0.098009,0.151307,0.010559,0.146763,-0.035717,0.002167,0.001711
0,0.257923,-0.040918,0.12037,-0.142894,0.147549,-0.159033,0.001116,0.000714
0,0.227063,0.020745,-0.055666,0.076759,-0.025426,0.086428,0.001655,0.000362
0,0.24364,-0.08076,-0.010951,-0.074395,-0.035108,-0.115258,0.001365,0.00141
0,1.179591,0.063413,0.941577,0.15234,0.904929,0.148059,0.001882,0.001107
0,2.264331,-0.023077,1.061529,-0.08603,1.103872,-0.087503,0.000197,0.000403
0,2.276716,0.193753,0.024285,0.2222,0.00049,0.200028,0.000414,0.002236
0,2.662279,0.073665,0.382003,-0.125114,0.369855,-0.137993,0.001525,0.002106
0,2.701533,-0.064252,0.038713,-0.126804,0.039323,-0.087364,0.002211,0.002106
0,2.544615,-0.098985,-0.182391,-0.01073,-0.171828,0.036605,0.000528,0.002106
0,1.886428,0.136321,-0.63709,0.242358,-0.62134,0.208518,0.000781,0.002106
0,1.277211,-0.122606,-0.628904,-0.246739,-0.647029,-0.199596,0.000178,0.00214
0,1.000351,0.055805,-0.279499,0.191292,-0.27817,0.23154,0.000607,0.002106
0,0.464186,-0.129558,-0.554311,-0.160267,-0.549839,-0.193676,0.002484,0.002261
0,0.394848,-0.002711,-0.055676,0.11192,-0.075948,0.147125,0.001274,0.002106
0,0.078107,0.098082,-0.291318,0.12551,-0.285147,0.148061,0.001363,0.002106
0,-0.071386,-0.180049,-0.16991,-0.252095,-0.164393,-0.27856,0.001246,0.002475
0,-0.01446,-0.047489,0.050348,0.134049,0.020707,0.098859,0.000252,0.000829
0,-0.229161,0.113047,-0.210694,0.134514,-0.234132,0.132958,0.001618,0.001973
0,-0.151764,-0.043563,0.071214,-0.150075,0.040207,-0.155097,0.002649,0.00076
0,-0.064792,0.137725,0.101878,0.190155,0.08638,0.188227,0.001131,0.002404
0,-0.015414,-0.099075,0.079119,-0.215596,0.039646,-0.171936,0.000269,0.001729
0,-0.273902,0.092783,-0.271235,0.217374,-0.308022,0.181531,0.000837,0.001619
0,-0.13655,0.007753,0.123026,-0.067187,0.129743,-0.057825,0.002383,0.000135
0,-0.241611,0.090562,-0.112621,0.091603,-0.125435,0.126435,0.001401,0.001581
0,-0.235508,0.119153,0.035842,0.0302,0.061527,0.058872,0.001507,0.00208
0,-0.10044,0.094347,0.149023,-0.039275,0.178086,-0.085125,0.001753,0.001647
0,-0.154924,0.121778,-0.080625,0.009171,-0.084592,0.00798,0.002704,0.002125
0,0.071712,0.225031,0.236983,0.099453,0.187499,0.05263,0.001252,0.002106
0,0.006884,0.191858,-0.043857,-0.062359,-0.056308,-0.076601,0.00012,0.002106
0,-0.222879,0.14181,-0.214867,-0.0793,-0.257715,-0.1283,0.001728,0.002106
0,0.060944,0.189731,0.309323,0.059261,0.304931,0.092364,0.001064,0.002106
0,-0.046516,0.193555,-0.093971,-0.02195,-0.109061,-0.046074,0.000812,0.002106
0,0.000894,0.026289,0.042719,-0.180586,0.027539,-0.171511,1.6e-05,0.002106
0,-0.157348,0.091335,-0.160059,0.072134,-0.149963,0.032462,0.002746,0.002106
0,0.12192,0.145578,0.29491,0.080279,0.331907,0.063658,0.002128,0.002106
0,0.010633,0.032032,-0.099142,-0.124383,-0.141127,-0.075456,0.000186,0.002106
0,-0.073676,0.184728,-0.104254,0.149473,-0.128827,0.187705,0.001286,0.002106
0,0.113179,-0.057507,0.20466,-0.235961,0.169623,-0.246822,0.001975,0.002106
0,0.958289,0.080442,0.868536,0.139106,0.840879,0.115305,0.000127,0.002106
0,2.487757,-0.144762,1.529164,-0.222764,1.563252,-0.204858,0.001521,0.002527
0,2.478731,-0.059703,-0.024213,0.063578,0.008098,0.049134,0.001678,0.002106
0,2.35637,0.0444,-0.139178,0.090796,-0.12771,0.074597,0.001804,0.002106
0,2.417327,0.046224,0.037098,-0.001234,0.001464,0.041088,0.00275,0.002106
0,2.173161,-0.180613,-0.252329,-0.210521,-0.225418,-0.181593,0.001394,0.002465
0,1.464888,-0.009436,-0.682462,0.144679,-0.659338,0.119979,0.00252,0.000165
0,0.784439,-0.06117,-0.683536,-0.057107,-0.651771,-0.09707,0.002456,0.001068
0,0.445102,0.036206,-0.36933,0.076298,-0.351163,0.084008,0.002151,0.000632
0,0.149418,0.092044,-0.315822,0.042335,-0.310994,0.077114,0.002608,0.001606
0,0.155098,-0.069802,0.002185,-0.184673,0.04094,-0.135814,0.002707,0.001218
0,0.174804,-0.060265,0.003885,-0.010208,-0.009129,0.020451,0.002567,0.001052
0,2.957784,0.058656,2.753444,0.131914,2.795071,0.106994,0.001066,0.001024
0,3.573607,0.021167,0.605608,-0.020373,0.60918,-0.007529,0.000579,0.000369
0,4.02951,0.060079,0.43102,0.022261,0.410327,0.01918,0.002699,0.001049
0,3.726392,0.091068,-0.311804,0.057949,-0.282373,0.027445,0.002372,0.001589
0,2.937143,0.12296,-0.805691,0.04693,-0.834702,0.026535,0.000705,0.002146
0,2.232419,0.193259,-0.709765,0.07131,-0.698915,0.077174,0.00036,0.002245
0,1.318825,-0.076153,-0.899055,-0.240613,-0.904772,-0.232935,0.000548,0.002106
0,1.067208,-0.09536,-0.268897,0.007358,-0.237638,-0.00504,0.001774,0.002106
0,0.779824,-0.014043,-0.305396,0.093928,-0.335054,0.061569,0.002375,0.002106
0,0.073599,0.050246,-0.72396,0.053852,-0.714515,0.04613,0.001285,0.002106
0,-0.24502,-0.037288,-0.334643,-0.090736,-0.373167,-0.137006,0.001341,0.002106
0,-0.187711,-0.138115,0.034428,-0.091114,-1.7e-05,-0.118858,0.002341,0.002411
0,-0.47488,-0.063454,-0.263505,0.081606,-0.225204,0.120951,0.002671,0.002106
0,-0.351663,-0.100102,0.130751,-0.03063,0.133403,-0.02634,0.00052,0.002106
0,-0.346954,0.070633,-0.014082,0.148317,-0.023586,0.124061,0.000438,0.002106
0,-0.18795,-0.009934,0.156426,-0.092218,0.142624,-0.106187,0.002337,0.002106
0,-0.270784,-0.123897,-0.059755,-0.092507,-0.098749,-0.139662,0.000891,0.002162
0,-0.154916,0.01481,0.129233,0.148621,0.173867,0.15935,0.002704,0.002106
0,-0.1846,-0.010788,-0.020717,-0.034409,0.029023,-0.018608,0.002396,0.002106
0,-0.268706,0.114707,-0.10744,0.107673,-0.091917,0.104686,0.000928,0.002106
0,-0.055927,0.103489,0.209818,0.01574,0.215744,0.016622,0.000976,0.002106
0,-0.288802,0.044033,-0.233769,-0.087692,-0.191574,-0.098889,0.000577,0.002106
0,-0.121749,-0.119989,0.172577,-0.135871,0.165733,-0.101502,0.002125,0.002106
0,-0.3717,-0.068174,-0.263638,0.079715,-0.285134,0.091347,0.00087,0.002106
0,-0.448293,-0.093301,-0.058486,-0.004406,-0.024215,-0.007495,0.002207,0.002106
0,-0.452499,-0.172725,-0.031473,-0.096237,-0.022761,-0.053759,0.00228,0.002603
0,-0.381979,0.003786,0.063392,0.189786,0.072238,0.221762,0.001049,6.6e-05
0,-0.383065,-0.103263,0.011223,-0.104629,-0.036737,-0.131916,0.001068,0.001802
0,-0.354019,0.077169,0.043368,0.199986,0.079577,0.199321,0.000561,0.001347
0,-0.330465,-0.070649,0.044144,-0.1544,0.057822,-0.133114,0.00015,0.001233
0,-0.272331,-0.008281,0.07544,0.059704,0.107566,0.05939,0.000864,0.000145
0,-0.128412,-0.029833,0.153551,0.002348,0.103895,-0.046711,0.002241,0.000521
0,-0.266656,-0.141674,-0.16621,-0.141541,-0.150066,-0.133941,0.000963,0.002473
0,-0.337335,-0.045951,-0.092232,0.085151,-0.071965,0.079707,0.00027,0.000802
0,-0.109888,-0.158905,0.25009,-0.10237,0.299971,-0.140857,0.001918,0.002773
0,-0.029766,0.091742,0.094817,0.228077,0.07895,0.266847,0.00052,0.001601
0,-0.216626,0.096297,-0.215497,-0.019923,-0.255375,-0.040936,0.001837,0.001681
0,0.009083,-0.14589,0.226769,-0.235975,0.23841,-0.214466,0.000159,0.002546
0,-0.052943,-0.146674,-0.038084,0.028785,0.009912,0.035642,0.000924,0.00256
0,-0.094187,-0.110494,-0.012304,0.04388,0.006846,0.079088,0.001644,0.001928
0,-0.167095,0.072662,-0.079792,0.187801,-0.10829,0.178621,0.002701,0.001268
0,0.050335,-0.017973,0.232752,-0.077076,0.226696,-0.038694,0.000879,0.000314
0,0.064855,-0.069549,0.015884,-0.034356,0.053731,0.003777,0.001132,0.001214
0,-0.042937,0.093274,-0.122979,0.140038,-0.144923,0.101758,0.000749,0.001628
0,-0.037884,0.01356,-0.024199,-0.107227,0.017328,-0.089677,0.000661,0.000237
0,-0.165453,-0.156729,-0.12139,-0.1405,-0.074643,-0.179524,0.00273,0.002735
0,-0.193766,0.01028,-0.043509,0.188212,-0.009233,0.162246,0.002236,0.000179
0,-0.175499,-0.139656,-0.008488,-0.162332,-0.00678,-0.138411,0.002554,0.002437
0,0.048263,-0.137554,0.222525,0.022902,0.219509,-0.006321,0.000842,0.002401
0,-0.088883,-0.130815,-0.131063,0.030196,-0.154887,0.01076,0.001551,0.002283
0,0.120252,-0.126907,0.222432,-0.019569,0.172765,-0.023416,0.002099,0.002215
0,-0.095747,-0.125829,-0.228936,-0.007211,-0.210679,-0.055361,0.001671,0.002196
0,-0.159382,0.071035,-0.050028,0.169695,-0.060279,0.17628,0.002782,0.00124
0,0.001558,-0.077125,0.176836,-0.158079,0.178045,-0.116418,2.7e-05,0.001346
0,0.02536,0.120829,0.019909,0.221111,0.039143,0.172332,0.000443,0.002109
0,-0.13858,0.033067,-0.18682,-0.084649,-0.227062,-0.117952,0.002419,0.000577
0,0.02792,0.050153,0.146998,-0.005494,0.190134,-0.055457,0.000487,0.000875
0,-0.175395,-0.004749,-0.185174,-0.032286,-0.23078,-0.019037,0.002556,8.3e-05
0,0.115119,-0.083514,0.289217,-0.084226,0.248843,-0.034646,0.002009,0.001458
0,-0.031599,0.099986,-0.127985,0.182509,-0.145991,0.135316,0.000552,0.001745
0,-0.051462,0.088424,-0.014177,-0.032766,-0.055834,-0.028556,0.000898,0.001543
0,0.013469,-0.144924,0.045097,-0.237869,0.047464,-0.27988,0.000235,0.002529
0,-0.228457,-0.080224,-0.242411,0.036796,-0.210985,0.02989,0.00163,0.0014
0,-0.06023,-0.178389,0.170692,-0.126892,0.199175,-0.160756,0.001051,0.002504
0,-0.16557,-0.03427,-0.131159,0.117149,-0.166528,0.100088,0.002728,0.000598
0,-0.12456,0.068563,0.015628,0.123696,0.031057,0.148177,0.002174,0.001197
0,-0.076079,-0.17879,0.034964,-0.249003,-0.011808,-0.269593,0.001328,0.002497
0,-0.01295,0.0483,0.089948,0.209918,0.087505,0.255363,0.000226,0.000843
0,-0.091198,0.020369,-0.099148,-0.009559,-0.057318,-0.034436,0.001592,0.000356
0,-0.055537,-0.025882,0.020653,-0.038178,-0.002199,-0.043767,0.000969,0.000452
0,0.016756,0.036487,0.0435,0.057829,0.038012,0.070084,0.000292,0.000637
0,-0.142717,-0.037036,-0.170758,-0.057917,-0.163884,-0.036919,0.002491,0.000646
0,-0.038593,-0.144093,0.091662,-0.123112,0.081842,-0.091297,0.000674,0.002515
0,-0.096987,-0.052201,-0.080167,0.100321,-0.102345,0.051307,0.001693,0.000911
0,-0.019737,-0.164948,0.093142,-0.084477,0.141894,-0.043551,0.000344,0.002739
0,-0.215436,0.048375,-0.221322,0.239767,-0.22057,0.283097,0.001857,0.000844
0,-0.036268,-0.076152,0.177644,-0.135532,0.203618,-0.133311,0.000633,0.001329
0,-0.066937,-0.033802,-0.047959,0.052291,-0.067169,0.036105,0.001168,0.00059
0,-0.083699,-0.079253,-0.043277,-0.050414,-0.050337,-0.080495,0.001461,0.001383
0,-0.174411,-0.142175,-0.098291,-0.0506,-0.092087,-0.060149,0.002573,0.002481
0,0.072881,-0.084804,0.268324,0.067077,0.306273,0.048166,0.001272,0.00148
0,-0.102998,-0.168141,-0.172156,-0.097725,-0.16507,-0.083807,0.001798,0.002683
0,-0.097064,0.009235,-0.008993,0.205286,-0.019898,0.158874,0.001694,0.000161
0,-0.045526,-0.023594,0.064822,-0.005986,0.024081,-0.012675,0.000795,0.000412
0,-0.058588,-0.046906,-0.003147,-0.001955,0.00665,0.030544,0.001023,0.000819
0,0.003614,-0.049302,0.07799,0.002754,0.074938,-0.014745,6.3e-05,0.00086
0,-0.194539,-0.098208,-0.222159,-0.043216,-0.263908,-0.056138,0.002222,0.001714
0,0.01575,-0.104287,0.182785,-0.025204,0.166621,-0.020301,0.000275,0.00182
0,-0.024996,-0.048731,-0.066485,0.045701,-0.040714,0.062636,0.000436,0.000851
0,-0.137537,-0.121516,-0.121599,-0.076502,-0.147103,-0.107532,0.0024,0.002121
0,-0.193908,-0.084825,-0.043833,0.019184,-0.069776,-0.018253,0.002233,0.00148
0,0.00981,0.008047,0.204605,0.099916,0.192847,0.093224,0.000171,0.00014
0,0.030091,-0.117764,-0.005943,-0.102056,0.021375,-0.087314,0.000525,0.002055
0,0.09471,-0.001882,0.093083,0.102208,0.056515,0.111964,0.001653,3.3e-05
0,0.038697,-0.166709,-0.04275,-0.135347,-0.033163,-0.177062,0.000675,0.002708
0,-0.025402,0.122461,-0.06534,0.282675,-0.076329,0.272831,0.000443,0.002137
0,-0.052511,0.077031,-0.041119,-0.048738,-0.018463,-0.004633,0.000916,0.001344
0,0.181641,-0.105285,0.237547,-0.165705,0.194639,-0.189181,0.002447,0.001838
0,0.184237,0.077978,-0.024915,0.195596,0.01882,0.212801,0.002402,0.001361
0,0.186323,0.095984,-0.01221,0.029639,-0.027035,0.065882,0.002366,0.001675
0,-0.021911,0.125748,-0.199909,0.054004,-0.155112,0.066372,0.000382,0.002195
0,-0.011668,0.165831,0.01259,0.055253,-0.010817,0.092177,0.000204,0.002723
0,0.062314,-0.001136,0.094867,-0.141178,0.066147,-0.120422,0.001088,2e-05
0,0.01396,0.073545,-0.077434,0.086034,-0.095803,0.070995,0.000244,0.001284
0,0.127734,0.072865,0.109366,-0.021377,0.087113,-0.047234,0.002229,0.001272
0,-0.100795,-0.08098,-0.241625,-0.127681,-0.278696,-0.090599,0.001759,0.001413
0,0.003578,0.103659,0.120142,0.167784,0.134843,0.170069,6.2e-05,0.001809
0,0.03601,-0.09757,0.020717,-0.178477,0.030053,-0.219445,0.000628,0.001703
0,-0.125464,0.082835,-0.166267,0.193589,-0.162144,0.184739,0.00219,0.001446
0,-0.058308,-0.029685,0.075623,-0.132867,0.109254,-0.093708,0.001018,0.000518
0,0.091931,0.109378,0.12154,0.13351,0.10848,0.140033,0.001604,0.001909
0,-0.137671,0.009109,-0.249903,-0.070485,-0.240215,-0.040096,0.002403,0.000159
0,-0.079095,0.141923,0.075041,0.136181,0.08611,0.173977,0.00138,0.002477
0,0.014365,-0.04171,0.082822,-0.171148,0.126743,-0.167321,0.000251,0.000728
0,0.051757,-0.063728,0.010677,0.006608,-0.02418,0.017309,0.000903,0.001112
0,0.004014,0.137399,-0.051755,0.176747,-0.007167,0.169854,7e-05,0.002398
0,0.197982,0.046889,0.203841,-0.107917,0.182773,-0.09721,0.002162,0.000818
0,-0.044201,0.012598,-0.217906,-0.062079,-0.234069,-0.094421,0.000771,0.00022
0,0.062088,0.037574,0.083567,0.009841,0.065595,-0.00518,0.001084,0.000656
0,0.015411,0.011497,-0.039938,-0.041,-0.025894,-0.0088,0.000269,0.000201
0,0.033642,0.058656,0.023798,0.062353,0.010091,0.042236,0.000587,0.001024
0,-0.129651,-0.106397,-0.153082,-0.182385,-0.179903,-0.164263,0.002263,0.001857
0,0.019958,-0.111131,0.164118,0.014059,0.19223,-0.003991,0.000348,0.00194
0,0.090719,0.067993,0.052322,0.170158,0.098261,0.175938,0.001583,0.001187
0,0.017521,0.094914,-0.048808,0.023903,-0.063323,0.026157,0.000306,0.001657
0,-0.0784,-0.103888,-0.095944,-0.219338,-0.110474,-0.182097,0.001368,0.001813
0,0.027812,0.045116,0.117587,0.166352,0.124299,0.179181,0.000485,0.000787
0,-0.094428,-0.020475,-0.1221,-0.058158,-0.170159,-0.037562,0.001648,0.000357
0,-0.099312,0.036482,-0.020582,0.031434,-0.041176,0.049894,0.001733,0.000637
0,-0.123822,-0.023532,-0.05279,-0.044732,-0.063123,-0.032201,0.002161,0.000411
0,-0.039315,-0.012413,0.0805,0.016657,0.037367,0.010159,0.000686,0.000217
0,0.12658,0.005794,0.139439,-0.005273,0.169551,-0.043738,0.002209,0.000101
0,0.115638,0.142594,-0.03135,0.142006,-0.079338,0.110698,0.002018,0.002489
0,0.154511,-0.074297,0.051674,-0.192774,0.051167,-0.22231,0.002697,0.001297
0,-0.007166,-0.03316,-0.152587,0.066324,-0.111608,0.106033,0.000125,0.000579
0,-0.072042,0.110604,-0.050422,0.124813,-0.033812,0.135593,0.001257,0.00193
0,0.036033,0.15529,0.12481,0.069476,0.156145,0.106326,0.000629,0.00271
0,0.128497,0.196192,0.118401,0.021487,0.096949,-0.020211,0.002243,0.002193
0,-0.099582,0.171512,-0.228793,-0.007535,-0.227452,-0.054659,0.001738,0.002624
0,0.092731,0.196408,0.181044,0.042358,0.1712,0.053046,0.001618,0.00219
0,0.083677,0.109603,-0.002545,-0.070964,-0.010827,-0.107174,0.00146,0.001913
0,-0.017343,0.093672,-0.118915,0.013,-0.100756,0.002287,0.000303,0.001635
0,0.021731,-0.054958,0.017822,-0.136155,0.044767,-0.138499,0.000379,0.000959
0,0.066498,-0.035279,0.038749,0.02102,0.02982,0.015439,0.001161,0.000616
0,0.097101,0.03557,0.030638,0.07044,0.015381,0.091361,0.001695,0.000621
0,0.037812,0.064085,-0.085768,0.03384,-0.04093,0.019929,0.00066,0.001118
0,0.024404,-0.147647,-0.025119,-0.205728,0.009503,-0.157256,0.000426,0.002577
0,0.189976,-0.090861,0.175711,0.028972,0.142152,0.028387,0.002302,0.001586
0,0.169861,0.023284,-0.009079,0.116183,-0.022635,0.105036,0.002653,0.000406
0,2.072164,0.101185,1.918137,0.048277,1.905041,0.049515,0.002461,0.001766
0,2.418586,0.074746,0.353277,-0.00716,0.382206,-0.013299,0.002728,0.001305
0,4.965439,0.093859,2.531187,0.000438,2.579979,-0.021809,0.002401,0.001638
0,4.858379,0.05135,-0.130087,-0.046727,-0.109449,-0.019604,0.000532,0.000896
0,4.401382,0.049887,-0.470775,-0.000431,-0.476458,0.036939,0.001827,0.000871
0,3.853876,-0.011478,-0.529924,-0.08799,-0.535028,-0.118178,0.000147,0.0002
0,2.469683,0.219339,-1.367046,0.241063,-1.326648,0.243771,0.001836,0.001789
0,1.806661,0.02487,-0.667401,-0.223596,-0.715662,-0.189839,0.002173,0.000434
0,1.208416,0.200363,-0.611647,0.201779,-0.563807,0.234965,0.001379,0.002121
0,0.95817,-0.079061,-0.253621,-0.272536,-0.20453,-0.260076,0.000129,0.002106
0,0.567547,-0.095034,-0.382541,-0.044923,-0.410156,-0.033763,0.001329,0.002106
0,-0.178742,0.124217,-0.768569,0.231346,-0.789598,0.240007,0.002498,0.002106
0,-0.039849,0.041541,0.110969,-0.10782,0.114753,-0.117981,0.000695,0.002106
0,-0.28651,-0.076321,-0.26335,-0.122532,-0.224019,-0.117687,0.000617,0.002106
0,-0.242485,-0.096105,0.021721,-0.047824,0.024717,-0.005731,0.001385,0.002106
0,-0.172319,0.035573,0.070218,0.113667,0.032005,0.082254,0.00261,0.002106
0,-0.206844,0.08402,-0.030396,0.076501,-0.040206,0.070849,0.002007,0.002106
0,-0.337224,-0.032256,-0.117907,-0.103773,-0.113814,-0.13763,0.000268,0.002106
0,-0.094547,0.046072,0.254573,0.073673,0.269969,0.058158,0.00165,0.002106
0,-0.297564,-0.036829,-0.209387,-0.053369,-0.17377,-0.044359,0.000424,0.002106
0,0.056521,-0.135077,0.378198,-0.105018,0.375773,-0.095629,0.000986,0.002358
0,-0.18875,0.009712,-0.229552,0.170268,-0.193265,0.154421,0.002323,0.002106
0,0.097244,-0.090457,0.263406,-0.119755,0.262205,-0.083594,0.001697,0.002106
0,-0.013452,0.019913,-0.125685,0.099272,-0.090888,0.053001,0.000235,0.002106
0,-0.07194,-0.152796,-0.03779,-0.200958,-0.071218,-0.215198,0.001256,0.002667
0,-0.009957,0.048292,0.044955,0.226708,0.003289,0.180023,0.000174,0.002106
0,0.159199,-0.111275,0.198234,-0.183626,0.208415,-0.202217,0.002779,0.002106
0,0.157067,-0.171742,-0.013371,-0.087869,0.023211,-0.060645,0.002741,0.00262
0,0.077056,-0.124126,-0.063886,0.058269,-0.027382,0.015295,0.001345,0.002166
0,-0.025252,-0.021685,-0.131584,0.113204,-0.171975,0.137821,0.000441,0.000378
0,0.063561,-0.106152,0.105377,-0.065463,0.089882,-0.054411,0.001109,0.001853
0,0.101638,0.171314,0.019427,0.276716,0.054878,0.290395,0.001774,0.002628
0,0.235111,-0.13501,0.142481,-0.319098,0.142821,-0.368901,0.001514,0.002356
0,0.092869,0.122073,-0.144229,0.244301,-0.173174,0.259277,0.001621,0.002106
0,-0.057227,0.06105,-0.17385,-0.035363,-0.18544,-0.080795,0.000999,0.002106
0,0.054109,0.091473,0.123243,0.017416,0.09633,0.038906,0.000944,0.002106
0,0.129183,-0.095485,0.06192,-0.191116,0.092779,-0.173892,0.002255,0.002106
0,-0.032879,0.113944,-0.166674,0.199872,-0.213446,0.160527,0.000574,0.002106
0,0.137012,-0.083081,0.176386,-0.193981,0.20994,-0.166795,0.002391,0.002106
0,0.000751,-0.12019,-0.153135,-0.065945,-0.157265,-0.09631,1.3e-05,0.002106
0,-0.138773,0.038944,-0.164556,0.163761,-0.123299,0.114594,0.002422,0.002106
0,-0.063752,0.095628,0.065017,0.080848,0.099252,0.111201,0.001113,0.002106
0,0.083971,-0.157639,0.175237,-0.225009,0.16616,-0.249832,0.001466,0.002751
0,0.048988,0.047349,-0.009608,0.215196,-0.039494,0.174075,0.000855,0.002106
0,0.070041,-0.086689,0.00692,-0.153621,-0.004222,-0.164247,0.001222,0.002106
0,-0.149334,0.074893,-0.23593,0.167525,-0.241082,0.188981,0.002606,0.002106
0,-0.140459,0.086004,0.024415,-0.009876,0.062092,-0.000498,0.002451,0.002106
0,-0.079705,0.069918,0.037108,-0.041582,0.000504,-0.06811,0.001391,0.002106
0,-0.062899,0.097179,0.003752,0.054148,0.019753,0.074438,0.001098,0.002106
0,-0.161304,-0.03808,-0.116567,-0.135505,-0.142617,-0.159246,0.002802,0.002106
0,-0.155458,0.113432,0.016344,0.128371,0.027771,0.165588,0.002713,0.002106
0,-0.102196,0.105814,0.074159,0.008265,0.09386,0.049049,0.001784,0.002106
0,-0.058683,0.030757,0.048691,-0.054007,0.089644,-0.079389,0.001024,0.002106
0,-0.133847,0.084953,-0.087018,0.027421,-0.061511,-0.010517,0.002336,0.002106
0,-0.146333,0.122906,0.016873,0.047005,0.016837,0.012291,0.002554,0.002106
0,-0.063524,-0.028162,0.073173,-0.131315,0.068127,-0.0918,0.001109,0.002106
0,0.062802,0.024567,0.136478,0.065375,0.089362,0.059647,0.001096,0.002106
0,-0.057013,0.136549,-0.147017,0.103873,-0.100761,0.085493,0.000995,0.002106
0,0.697313,0.061486,0.761709,-0.062756,0.800558,-0.039595,0.000935,0.002106
0,1.164623,-0.065935,0.444366,-0.132447,0.46232,-0.117531,0.002144,0.002106
0,1.751854,-0.12295,0.588954,-0.052023,0.588791,-0.09591,0.002488,0.002146
0,1.692165,-0.043664,-0.035404,0.093384,-0.011565,0.085291,0.001446,0.002106
0,1.691003,-0.018428,-0.016285,0.038165,-0.004837,0.059571,0.001426,0.002106
0,1.655053,0.114385,-0.037661,0.110348,0.001697,0.141083,0.000799,0.002106
0,1.332729,0.110513,-0.321435,-0.001704,-0.275849,-0.003246,0.00079,0.002106
0,0.884926,-0.110993,-0.465396,-0.199898,-0.415698,-0.16868,0.001408,0.002106
0,0.427373,-0.125912,-0.441604,-0.027982,-0.407362,-0.069868,0.001842,0.002198
0,0.36729,0.016157,-0.045268,0.166228,-0.09431,0.167236,0.000793,0.002106
0,0.194691,-0.138773,-0.154155,-0.140754,-0.1168,-0.147669,0.00222,0.002422
0,0.179842,-0.169709,-0.006778,-0.040006,-0.012482,-0.009976,0.002479,0.002656
0,-0.014115,-0.056871,-0.180837,0.097659,-0.212617,0.104166,0.000246,0.000993
0,-0.034106,-0.11752,-0.013031,-0.077695,-0.011696,-0.042568,0.000595,0.002051
0,-0.301497,-0.015346,-0.263682,0.091335,-0.245468,0.067746,0.000355,0.000268
0,-0.224325,0.142309,0.076507,0.157965,0.078367,0.135255,0.001702,0.002484
0,-0.059732,0.020654,0.165369,-0.097672,0.197976,-0.091737,0.001043,0.00036
0,-0.0091,0.17297,0.032326,0.127467,0.004019,0.127549,0.000159,0.002599
0,-0.089169,-0.094276,-0.098381,-0.241383,-0.118149,-0.286081,0.001556,0.002106
0,-0.255384,-0.007606,-0.166089,0.078132,-0.130035,0.055319,0.00116,0.002106
0,-0.189954,0.116998,0.082433,0.116401,0.092262,0.130672,0.002302,0.002106
0,-0.123669,0.110075,0.056787,-0.00619,0.038214,0.013786,0.002158,0.002106
0,0.019427,-0.064554,0.133119,-0.185846,0.175577,-0.230457,0.000339,0.002106
0,-0.102068,-0.022663,-0.114114,0.023597,-0.071162,-0.009139,0.001781,0.002106
0,-0.171848,0.140171,-0.056642,0.136351,-0.041562,0.182912,0.002618,0.002106
0,-0.246829,0.155555,-0.049901,0.045214,-0.094326,0.038653,0.00131,0.002106
0,-0.00525,-0.099754,0.265051,-0.281981,0.252914,-0.23493,9.2e-05,0.002106
0,-0.206361,-0.078777,-0.18349,0.034462,-0.180806,0.064697,0.002016,0.002106
0,-0.108821,0.103098,0.118157,0.157486,0.103937,0.127397,0.001899,0.002106
0,-0.205287,0.092825,-0.085404,-0.036708,-0.060907,-0.084531,0.002035,0.002106
0,0.019048,-0.068771,0.234363,-0.181841,0.281354,-0.231028,0.000332,0.002106
0,-0.037435,-0.134178,-0.047948,-0.070535,-0.06292,-0.053452,0.000653,0.002342
0,-0.02512,0.011993,0.023346,0.144308,0.014899,0.129813,0.000438,0.002106
0,0.114232,-0.031038,0.120492,-0.018339,0.092026,-0.024165,0.001994,0.002106
0,0.103673,-0.001392,0.01547,0.014577,0.009068,-0.021393,0.001809,0.002106
0,-0.064681,-0.134426,-0.166698,-0.130629,-0.190424,-0.13875,0.001129,0.002346
0,-0.0845,-0.003895,-0.039081,0.156247,-0.081154,0.191411,0.001475,0.002106
0,-0.002031,0.084135,0.062808,0.097967,0.052279,0.060682,3.5e-05,0.002106
0,0.031385,-0.011565,0.037184,-0.097859,-0.003983,-0.115645,0.000548,0.002106
0,-0.143107,0.096121,-0.200207,0.098592,-0.193253,0.128165,0.002498,0.002106
0,0.070149,-0.126949,0.224289,-0.213304,0.266352,-0.238004,0.001224,0.002216
0,-0.080607,0.11389,-0.14075,0.265968,-0.134698,0.257696,0.001407,0.002106
0,-0.189854,0.156765,-0.127298,0.043178,-0.08376,0.004279,0.002304,0.002106
0,-0.2367,0.098517,-0.071339,-0.072087,-0.114204,-0.121776,0.001486,0.002106
0,-0.054571,0.133925,0.183026,0.020755,0.228449,0.014963,0.000952,0.002106
0,0.051645,0.038813,0.084941,-0.076425,0.10631,-0.056692,0.000901,0.002106
0,-0.096703,0.081547,-0.164303,0.026678,-0.13053,0.024813,0.001688,0.002106
0,-0.171125,0.121131,-0.079773,0.063101,-0.055494,0.078782,0.002631,0.002106
0,-0.12937,-0.065548,0.044235,-0.184745,0.073783,-0.195864,0.002258,0.002106
0,0.035368,-0.078241,0.157081,-0.003789,0.159277,0.02842,0.000617,0.002106
0,0.036317,-0.007125,-0.021643,0.053673,-0.017237,0.015058,0.000634,0.002106
0,-0.169549,-0.045714,-0.184545,-0.061238,-0.149463,-0.020168,0.002658,0.002106
0,0.044143,0.091365,0.235931,0.162986,0.273306,0.171195,0.00077,0.002106
0,0.008388,0.008124,-0.005983,-0.056069,-0.032038,-0.028323,0.000146,0.002106
0,-0.003144,-0.000739,-0.038169,-0.028595,-0.022104,0.018072,5.5e-05,0.002106
0,0.036037,-0.103255,0.052452,-0.118515,0.012397,-0.117773,0.000629,0.002106
0,0.016898,0.013588,-0.042359,0.114247,-0.084555,0.11147,0.000295,0.002106
0,0.082166,0.151675,0.072309,0.131179,0.062722,0.135027,0.001434,0.002106
0,0.076386,-0.109547,0.016508,-0.235556,-0.02702,-0.276688,0.001333,0.002106
0,0.196262,-0.046042,0.093016,0.05629,0.105308,0.04937,0.002192,0.002106
0,-0.007966,0.19873,-0.210756,0.215851,-0.181526,0.199067,0.000139,0.002106
0,0.171422,0.012385,0.187685,-0.1587,0.169921,-0.164533,0.002626,0.002106
0,0.045266,0.048098,-0.106434,0.010889,-0.121277,0.023866,0.00079,0.002106
0,0.07469,0.021282,0.004076,-0.056053,-0.026539,-0.052043,0.001304,0.002106
0,-0.063329,0.189472,-0.122113,0.174245,-0.083053,0.184524,0.001105,0.002106
0,0.170795,0.170558,0.257942,-0.024635,0.305789,0.011242,0.002637,0.002106
0,0.230731,0.104412,0.073655,-0.048302,0.114213,-0.087937,0.00159,0.002106
0,0.031857,-0.045064,-0.210351,-0.150727,-0.196237,-0.136775,0.000556,0.002106
0,0.263287,0.171314,0.22065,0.198167,0.196858,0.207785,0.001022,0.002106
0,-0.024381,-0.046711,-0.306997,-0.220388,-0.271267,-0.20907,0.000426,0.002106
0,-0.018918,-0.052506,0.018101,0.004849,0.062861,-0.037743,0.00033,0.002106
0,0.017707,-0.030827,0.027353,0.035363,0.058372,0.056552,0.000309,0.002106
0,-0.065361,0.212849,-0.082,0.257393,-0.122624,0.305898,0.001141,0.002106
0,-0.011224,-0.0374,0.034686,-0.27689,0.025566,-0.276674,0.000196,0.002106
0,0.088341,-0.054512,0.09569,-0.001907,0.104384,0.025361,0.001542,0.002106
0,-0.139838,-0.044575,-0.205615,-0.018515,-0.206759,-0.020778,0.002441,0.002106
0,-0.126768,0.088222,0.008324,0.145642,0.019303,0.146991,0.002213,0.002106
0,-0.062869,0.107521,0.069318,0.041085,0.101112,0.065548,0.001097,0.002106
0,-1.338862,0.182966,-1.266142,0.060175,-1.315168,0.083291,0.000898,0.002106
0,-1.879142,0.151967,-0.554384,-0.002245,-0.520267,0.004364,0.000908,0.002106
0,-2.023166,-0.090633,-0.115732,-0.251611,-0.120089,-0.291201,0.001606,0.002106
0,-2.074548,0.095,-0.079446,0.178575,-0.076426,0.199083,0.002503,0.002106
0,-2.340774,-0.164577,-0.273189,-0.249372,-0.269273,-0.251666,0.001532,0.002745
0,-2.010897,-0.066731,0.34856,0.081748,0.377821,0.066836,0.001392,0.001165
0,-1.471805,0.141344,0.528334,0.183529,0.528184,0.195174,0.0024,0.002467
0,-1.267388,0.00108,0.213461,-0.126718,0.165246,-0.120246,0.00035,1.9e-05
0,-0.691803,0.029864,0.563734,0.039791,0.531043,0.050269,0.000839,0.000521
0,-0.358955,-0.014911,0.34693,-0.016303,0.350701,-0.007339,0.000647,0.00026
0,-0.170904,0.141355,0.180665,0.171371,0.183374,0.193606,0.002635,0.002467
0,0.178331,0.159481,0.345442,0.000973,0.331752,0.045884,0.002505,0.002783
0,0.22954,0.017728,0.047876,-0.132547,0.04304,-0.083906,0.001611,0.000309
0,0.230365,0.148069,-0.009156,0.140679,0.014475,0.166301,0.001597,0.002584
0,0.33236,-0.039607,0.101772,-0.176278,0.099358,-0.149677,0.000183,0.000691
0,0.333842,-0.007817,-0.010977,0.056159,-0.040585,0.090796,0.000209,0.000136
0,0.034692,-0.049401,-0.319499,-0.040334,-0.319922,-0.045604,0.000605,0.000862
0,-0.030511,0.035779,-0.089636,0.068929,-0.078805,0.076594,0.000533,0.000624
0,0.059386,-0.108045,0.090989,-0.14508,0.061474,-0.161202,0.001036,0.001886
0,0.006056,0.061723,-0.034293,0.198586,-0.003891,0.244824,0.000106,0.001077
0,0.207782,0.064943,0.201227,-0.024814,0.175163,0.002673,0.001991,0.001133
0,-0.067786,-0.018252,-0.257104,-0.076517,-0.294207,-0.091585,0.001183,0.000319
0,-0.098025,-0.132752,-0.013542,-0.092951,-0.043469,-0.105582,0.001711,0.002317
0,0.111127,-0.02316,0.196295,0.100975,0.19545,0.126868,0.00194,0.000404
0,0.113649,-0.067486,0.011732,-0.035194,0.030778,0.000281,0.001984,0.001178
0,0.134203,-0.057466,0.004881,0.003613,-0.036737,0.012529,0.002342,0.001003
0,0.198301,-0.039547,0.063426,0.037182,0.080921,0.083104,0.002156,0.00069
0,0.151922,0.072121,-0.047581,0.123604,-0.069643,0.16153,0.002652,0.001259
0,-0.006987,0.15292,-0.172225,0.109963,-0.127469,0.069461,0.000122,0.002669
0,-0.065738,0.106343,-0.046662,-0.018906,-0.069914,-0.018344,0.001147,0.001856
0,-0.124693,-0.077881,-0.039492,-0.170625,0.009784,-0.210802,0.002176,0.001359
0,-0.034675,0.013634,0.076767,0.062727,0.075964,0.05927,0.000605,0.000238
0,-0.070047,0.020947,-0.052778,-0.001659,-0.020018,0.009697,0.001223,0.000366
0,0.138181,-0.066304,0.230455,-0.076937,0.209066,-0.061734,0.002412,0.001157
0,0.213392,0.144329,0.084628,0.234933,0.055619,0.185386,0.001893,0.002519
0,0.103633,-0.072647,-0.128122,-0.241949,-0.110687,-0.246993,0.001809,0.001268
0,0.045963,0.113901,-0.048462,0.203682,-0.060945,0.216897,0.000802,0.001988
0,0.124667,0.019956,0.094305,-0.117049,0.095424,-0.138179,0.002176,0.000348
0,-0.133386,0.070877,-0.231877,0.04852,-0.206106,0.007348,0.002328,0.001237
0,-0.018061,0.1292,0.118449,0.063906,0.0747,0.070201,0.000315,0.002255
0,0.025071,0.020824,0.05788,-0.100963,0.029969,-0.05232,0.000438,0.000363
0,-0.188861,0.026918,-0.183965,-0.002542,-0.202677,0.016495,0.002321,0.00047
0,0.062081,0.152998,0.229711,0.149785,0.246267,0.191699,0.001084,0.00267
0,-0.015759,-0.068334,-0.050861,-0.218564,-0.00717,-0.255724,0.000275,0.001193
0,-0.187624,0.005648,-0.153903,0.087733,-0.196024,0.098179,0.002343,9.9e-05
0,-0.073481,0.005541,0.086435,-0.009637,0.128035,-0.045635,0.001282,9.7e-05
0,0.030602,-0.019043,0.103682,-0.049994,0.133167,-0.055464,0.000534,0.000332
0,-0.01721,0.091957,-0.058455,0.124318,-0.051963,0.145188,0.0003,0.001605
0,-0.109543,0.017842,-0.120387,-0.075215,-0.093315,-0.094246,0.001912,0.000311
0,-0.186371,0.038549,-0.049281,0.045667,-0.084495,0.076487,0.002365,0.000673
0,-0.088665,-0.034593,0.072432,-0.0865,0.083915,-0.04794,0.001548,0.000604
0,0.028307,-0.033451,0.094498,0.011976,0.062491,0.010251,0.000494,0.000584
0,-0.035799,0.079608,-0.049134,0.137785,-0.076718,0.172586,0.000625,0.001389
0,-0.162011,0.175087,-0.153854,0.080326,-0.191832,0.050522,0.00279,0.002562
0,-0.074168,0.002271,0.11647,-0.183881,0.077596,-0.157279,0.001294,0.002106
0,-0.045764,-0.029125,0.001698,-0.051088,0.050226,-0.042563,0.000799,0.002106
0,-0.189419,0.174937,-0.117925,0.190343,-0.137666,0.146542,0.002312,0.002106
0,-0.093928,0.168992,0.081271,-0.024122,0.074373,-0.031841,0.001639,0.002106
0,-0.115224,0.147075,-0.040767,-0.02706,-0.049654,-0.012235,0.002011,0.002106
0,0.062119,0.189427,0.156017,0.060117,0.137439,0.036702,0.001084,0.002106
0,-0.156813,-0.034985,-0.237238,-0.242829,-0.26072,-0.202751,0.002737,0.002106
0,-0.113738,0.019629,0.044037,0.040918,0.074464,-0.006905,0.001985,0.002106
0,-0.158162,0.075517,-0.06948,0.040318,-0.03665,0.023507,0.00276,0.002106
0,-0.018616,0.076961,0.11736,-0.002291,0.108482,0.043625,0.000325,0.002106
0,-0.04638,0.046752,-0.048014,-0.054739,-0.041674,-0.076197,0.000809,0.002106
0,0.0954,-0.030486,0.152238,-0.090568,0.102987,-0.053199,0.001665,0.002106
0,-0.006059,0.030011,-0.123038,0.088963,-0.145223,0.054165,0.000106,0.002106
0,0.119195,0.066579,0.152647,0.008445,0.189519,0.05267,0.00208,0.002106
0,-0.067258,-0.142585,-0.209598,-0.206178,-0.183168,-0.226128,0.001174,0.002489
0,0.034627,-0.067208,0.129307,0.05622,0.083939,0.093142,0.000604,0.002106
0,-0.090879,-0.063519,-0.128343,0.024856,-0.157349,0.058517,0.001586,0.002106
0,-0.123882,0.06153,-0.049993,0.140855,-0.047459,0.11603,0.002162,0.002106
0,-0.211806,-0.039423,-0.069979,-0.124107,-0.048937,-0.102474,0.001921,0.002106
0,-0.007417,0.087983,0.202197,0.149845,0.226972,0.198287,0.000129,0.002106
0,-0.099977,0.100406,-0.113606,0.022159,-0.098596,0.049368,0.001745,0.002106
0,-0.204907,-0.14602,-0.085796,-0.230868,-0.12057,-0.271754,0.002041,0.002549
0,-0.108989,0.089625,0.104657,0.219031,0.144541,0.216098,0.001902,0.002106
0,-0.102417,0.085488,-0.002144,0.014552,-0.035585,0.052818,0.001788,0.002106
0,-0.08034,0.018001,0.024428,-0.075377,0.033468,-0.04768,0.001402,0.002106
0,-0.021786,0.029684,0.036869,0.021307,0.049011,0.06714,0.00038,0.002106
0,-0.191412,-0.037611,-0.144766,-0.080788,-0.187843,-0.065046,0.002277,0.002106
0,-0.105546,-0.006851,0.059183,0.008713,0.017662,0.030557,0.001842,0.002106
0,-0.242356,-0.084031,-0.139225,-0.06007,-0.106195,-0.096588,0.001388,0.002106
0,-0.299196,-0.00976,-0.079715,0.054984,-0.113972,0.049932,0.000396,0.002106
0,-0.208129,0.066299,0.078447,0.061553,0.075989,0.088923,0.001985,0.002106
0,-0.155113,-0.147609,0.035099,-0.222524,0.008445,-0.251899,0.002707,0.002576
0,-0.19599,-0.168092,-0.027102,-0.006216,0.004224,0.025565,0.002197,0.002684
0,-0.229543,-0.038716,-0.018696,0.107388,-0.032662,0.094963,0.001611,0.000676
0,-0.304688,0.028471,-0.077345,0.08946,-0.062433,0.111506,0.0003,0.000497
0,-0.143094,0.041296,0.185704,-0.01507,0.227278,-0.039204,0.002497,0.000721
0,-0.071328,0.013753,0.093575,-0.005413,0.088631,0.020247,0.001245,0.00024
0,-0.080586,0.026245,0.004866,0.017621,-0.021982,0.045121,0.001406,0.000458
0,-0.209389,-0.003976,-0.10039,-0.005487,-0.137003,-0.047111,0.001963,6.9e-05
0,0.000202,-0.046218,0.207985,-0.070124,0.18463,-0.034482,4e-06,0.000807
0,0.055375,0.195038,0.071409,0.214724,0.118861,0.202548,0.000966,0.002213
0,0.045152,0.120615,-0.03221,-0.047738,-0.073017,-0.020455,0.000788,0.002106
0,-0.172476,0.015548,-0.21097,-0.109107,-0.212792,-0.063075,0.002607,0.002106
0,-0.050125,0.062806,0.149138,0.022989,0.161274,-0.025995,0.000875,0.002106
0,-0.112713,-0.10196,-0.078235,-0.167884,-0.101606,-0.1936,0.001967,0.002106
0,-0.03527,-0.081471,0.067251,0.011545,0.114658,0.005986,0.000616,0.002106
0,-0.055828,0.001321,-0.031328,0.06556,-0.063986,0.040304,0.000974,0.002106
0,-0.01066,-0.065281,0.054615,-0.09269,0.039043,-0.117719,0.000186,0.002106
0,-0.002077,0.057348,0.035574,0.097032,0.00912,0.128248,3.6e-05,0.002106
0,-0.101676,0.140308,-0.099528,0.108944,-0.108535,0.075041,0.001775,0.002106
0,-0.289904,-0.056657,-0.177342,-0.1971,-0.185697,-0.210759,0.000558,0.002106
0,-0.162877,0.029822,0.10614,0.082322,0.101534,0.100735,0.002775,0.002106
0,-0.134588,0.190569,0.031964,0.149416,0.019442,0.161673,0.002349,0.002106
0,-0.055523,0.10795,0.08325,-0.060144,0.076661,-0.05243,0.000969,0.002106
0,0.018253,0.153246,0.0834,0.064748,0.084691,0.073287,0.000319,0.002106
0,-0.236367,0.140691,-0.243469,0.002488,-0.280181,-0.02777,0.001492,0.002106
0,0.013911,0.167602,0.271612,0.030688,0.293278,0.009021,0.000243,0.002106
0,-0.010827,0.171272,0.002883,-0.018949,0.043639,-0.046865,0.000189,0.002106
0,0.078252,0.009383,0.075998,-0.151084,0.063931,-0.19563,0.001366,0.002106
0,-0.041482,0.155886,-0.144026,0.168349,-0.172309,0.172137,0.000724,0.002106
0,-0.068355,0.04339,-0.005754,-0.085135,-0.031999,-0.129168,0.001193,0.002106
0,0.107789,0.012125,0.194949,-0.026065,0.176379,0.021349,0.001881,0.002106
0,0.076285,-0.085245,-0.053153,-0.07976,-0.088276,-0.05802,0.001331,0.002106
0,0.20884,0.156519,0.129007,0.247158,0.161125,0.263203,0.001973,0.002106
0,0.196654,-0.001596,-0.007995,-0.18118,-0.057203,-0.134057,0.002185,0.002106
0,0.15557,-0.042949,-0.037949,-0.029022,-0.03658,-0.026177,0.002715,0.002106
0,0.078731,-0.031105,-0.096296,0.014271,-0.132193,0.001449,0.001374,0.002106
0,0.135829,0.189081,0.030483,0.190766,0.063714,0.147501,0.002371,0.002106
0,0.221718,-0.012947,0.08864,-0.17362,0.092354,-0.176114,0.001748,0.002106
0,0.123962,0.008407,-0.113962,0.011704,-0.12355,0.018417,0.002164,0.002106
0,0.210455,0.018282,0.066875,-0.003893,0.101545,0.033516,0.001944,0.002106
0,0.190937,0.071789,-0.004928,0.043267,-0.049628,5.1e-05,0.002285,0.002106
0,-0.036071,-0.083189,-0.226553,-0.157072,-0.225536,-0.119463,0.00063,0.002106
0,0.227346,-0.094565,0.260169,0.000297,0.249515,0.009127,0.00165,0.002106
0,-1.402599,-0.081828,-1.628512,0.036079,-1.647551,0.074512,0.00201,0.002106
0,-2.481085,0.131848,-1.049443,0.222967,-1.046773,0.243193,0.001637,0.002106
0,-3.152098,0.135887,-0.672949,0.026285,-0.659626,0.049223,0.001161,0.002106
0,-2.72496,0.066653,0.441424,-0.089845,0.40535,-0.095012,0.002619,0.002106
0,-2.978778,0.117086,-0.234888,0.034744,-0.259598,0.02954,0.001432,0.002106
0,-2.548162,-0.173297,0.406448,-0.287551,0.375177,-0.320134,0.000466,0.002593
0,-2.353262,-0.020015,0.180984,0.146937,0.191358,0.18516,0.00175,0.000349
0,-1.40899,0.076816,0.936743,0.110202,0.965075,0.127056,0.002121,0.001341
0,-1.073275,-0.099829,0.33564,-0.173126,0.372473,-0.188313,0.00188,0.001742
0,-0.743638,0.163584,0.314082,0.243421,0.292125,0.2792,0.001744,0.002762
0,-0.526254,0.113046,0.224955,-0.036426,0.26708,-0.003344,0.00205,0.002106
0,-0.294437,0.034395,0.244945,-0.082428,0.24636,-0.064742,0.000479,0.002106
0,-0.07441,-0.097218,0.210567,-0.156762,0.226722,-0.125901,0.001299,0.002106
0,0.076471,0.084977,0.126535,0.152947,0.112304,0.140487,0.001335,0.002106
0,0.114933,-0.078483,0.059248,-0.156354,0.011434,-0.147917,0.002006,0.002106
0,0.251358,0.035025,0.155116,0.084141,0.122365,0.052727,0.00123,0.002106
0,0.223903,-0.055564,-0.005199,-0.108378,0.036824,-0.123858,0.00171,0.002106
0,0.090857,0.115817,-0.149917,0.167206,-0.163552,0.16738,0.001586,0.002106
0,0.075453,0.114017,-0.022173,0.027448,0.004238,0.025867,0.001317,0.002106
0,0.092506,-0.026853,-0.012002,-0.138843,0.000927,-0.090044,0.001615,0.002106
0,0.279388,0.063889,0.186457,0.07708,0.188903,0.047054,0.000741,0.002106
0,0.087426,0.077341,-0.214524,0.036895,-0.25564,0.046291,0.001526,0.002106
0,-0.04723,0.090331,-0.117185,-0.003418,-0.103731,0.014958,0.000824,0.002106
0,0.190496,-0.019809,0.23436,-0.085713,0.226383,-0.06678,0.002293,0.002106
0,-0.076294,0.065271,-0.287717,0.056915,-0.266907,0.062408,0.001332,0.002106
0,0.084733,-0.134572,0.143154,-0.187913,0.165903,-0.224186,0.001479,0.002349
0,-0.13301,0.059077,-0.220171,0.174192,-0.221791,0.142351,0.002321,0.002106
0,0.051212,-0.030132,0.178038,-0.115467,0.213983,-0.105363,0.000894,0.002106
0,-0.022657,0.074498,-0.047127,0.103853,-0.043126,0.054375,0.000395,0.002106
0,0.104969,-0.066044,0.126671,-0.159535,0.121787,-0.125001,0.001832,0.002106
0,-0.077578,-0.121991,-0.170107,-0.028955,-0.213099,0.013508,0.001354,0.002129
0,0.030813,0.150721,0.096019,0.293987,0.11115,0.266155,0.000538,0.002106
0,-0.045294,-0.124225,-0.058534,-0.266517,-0.024639,-0.295957,0.000791,0.002168
0,0.144163,-0.02242,0.196169,0.0847,0.21493,0.104692,0.002516,0.002106
0,-0.087401,-0.082461,-0.227943,-0.050324,-0.270389,-0.00054,0.001525,0.002106
0,0.038704,-0.139157,0.109931,-0.069615,0.139715,-0.019658,0.000676,0.002429
0,-0.035287,0.034023,-0.067431,0.155253,-0.069518,0.192718,0.000616,0.002106
0,-0.201594,-0.082451,-0.180997,-0.141796,-0.221553,-0.156168,0.002099,0.002106
0,0.073918,-0.157899,0.261204,-0.088527,0.303515,-0.084471,0.00129,0.002756
0,-0.116046,-0.010286,-0.167285,0.120313,-0.179811,0.081727,0.002025,0.002106
0,-0.131877,-0.168107,-0.031776,-0.131031,-0.03047,-0.145367,0.002302,0.002683
0,-0.095122,-0.157714,0.033801,0.016429,0.081858,0.026163,0.00166,0.002753
0,0.022321,-0.043799,0.095815,0.109145,0.128259,0.067636,0.00039,0.000764
0,0.179169,-0.001318,0.174102,0.030511,0.173955,0.074762,0.00249,2.3e-05
0,0.196168,-0.005878,0.029917,0.023754,0.040664,-0.004256,0.002194,0.000103
0,-0.052852,-0.206217,-0.256311,-0.210836,-0.279756,-0.255278,0.000922,0.002018
0,0.03045,-0.196555,0.084527,0.02399,0.107318,0.007491,0.000531,0.002187
0,0.122991,-0.193336,0.108262,0.030959,0.128312,0.019397,0.002147,0.002243
0,0.029487,-0.000119,-0.121772,0.208891,-0.163913,0.257507,0.000515,2e-06
0,0.084891,0.088595,0.058572,0.111262,0.009046,0.100753,0.001482,0.001546
0,0.003728,-0.033906,-0.09182,-0.111333,-0.076229,-0.120208,6.5e-05,0.000592
0,0.000643,-0.010233,-0.011111,0.029446,-0.05587,0.013962,1.1e-05,0.000179
0,0.02199,-0.09488,-0.007218,-0.071176,0.040151,-0.088692,0.000384,0.001656
0,0.076584,-0.078187,0.062314,-0.008164,0.06172,-0.034367,0.001337,0.001365
0,0.099676,0.131912,-0.005799,0.216077,-0.00875,0.253909,0.00174,0.002302
0,-0.119045,0.071483,-0.244074,-0.081003,-0.223206,-0.049015,0.002078,0.001248
0,0.144458,0.024751,0.245054,-0.032382,0.225341,-0.053624,0.002521,0.000432
0,0.026554,0.114171,-0.134091,0.083955,-0.128808,0.096384,0.000463,0.001993
0,0.111222,-0.072679,0.065029,-0.204737,0.050116,-0.240052,0.001941,0.001268
0,-0.055937,0.059278,-0.144258,0.123087,-0.122981,0.074121,0.000976,0.001035
0,0.116605,0.03769,0.183909,-0.019514,0.205988,0.011146,0.002035,0.000658
0,-0.103124,0.109981,-0.234464,0.075894,-0.242036,0.089482,0.0018,0.00192
0,0.091034,-0.132041,0.222376,-0.257751,0.194993,-0.294233,0.001589,0.002305
0,0.111893,0.066762,0.035254,0.204742,0.037371,0.223145,0.001953,0.001165
0,0.012299,-0.021992,-0.07961,-0.060869,-0.128977,-0.098411,0.000215,0.000384
0,0.08452,-0.015915,0.095204,0.017359,0.133244,0.021862,0.001475,0.000278
0,-0.003905,0.022362,-0.072075,0.017468,-0.093577,0.030074,6.8e-05,0.00039
0,0.128499,-0.060016,0.128738,-0.09902,0.109312,-0.059929,0.002243,0.001047
0,0.127817,0.084064,0.007675,0.140562,-0.037792,0.120762,0.002231,0.001467
0,0.157906,0.117168,0.003982,0.018174,0.001537,0.045204,0.002756,0.002045
0,0.071449,0.041322,-0.104264,-0.056809,-0.108217,-0.048939,0.001247,0.000721
0,0.008879,0.06679,-0.049606,0.042581,-0.07675,0.05412,0.000155,0.001166
0,0.112811,-0.12579,0.082656,-0.204894,0.043926,-0.230819,0.001969,0.002195
0,0.100653,0.058035,-0.007749,0.184999,0.019911,0.228105,0.001757,0.001013
0,0.024266,-0.140226,-0.059917,-0.175725,-0.029295,-0.199449,0.000424,0.002447
0,0.050443,0.014939,0.045962,0.177341,0.055147,0.224364,0.00088,0.000261
0,0.028025,-0.052467,-0.014358,-0.079572,-0.009525,-0.114646,0.000489,0.000916
0,0.086958,0.092645,0.043165,0.137681,0.034845,0.095638,0.001518,0.001617
0,0.141602,-0.045799,0.036438,-0.123531,0.042272,-0.141176,0.002471,0.000799
0,0.176804,0.020793,0.046575,0.0639,0.076519,0.045981,0.002532,0.000363
0,-0.002737,0.083135,-0.152042,0.066292,-0.174037,0.018544,4.8e-05,0.001451
0,0.086198,0.01606,0.10062,-0.089645,0.107792,-0.064422,0.001504,0.00028
0,-0.006948,-0.125871,-0.115304,-0.171186,-0.080271,-0.180598,0.000121,0.002197
0,0.210299,-0.132062,0.207253,-0.025244,0.225582,-0.004022,0.001947,0.002305
0,0.191973,0.051745,0.010791,0.195532,0.024032,0.169807,0.002267,0.000903
0,0.138109,0.070266,-0.063498,0.010017,-0.094984,-0.034245,0.00241,0.001226
0,0.076135,0.161511,-0.066872,0.069688,-0.057687,0.090743,0.001329,0.002799
0,0.163051,0.131038,0.068409,-0.005435,0.068912,0.040563,0.002772,0.002287
0,0.068187,0.14843,-0.07719,0.003644,-0.071877,0.042546,0.00119,0.002591
0,0.185248,0.14631,0.106962,0.017843,0.135668,0.050745,0.002384,0.002554
0,0.137016,0.048129,-0.055533,-0.093649,-0.048594,-0.128528,0.002391,0.00084
0,-0.072347,0.07282,-0.212966,0.029543,-0.163221,0.047218,0.001263,0.001271
0,0.126988,0.095033,0.219184,0.03443,0.215991,-0.009643,0.002216,0.001659
0,0.008995,0.12477,-0.09313,0.043073,-0.135902,0.056871,0.000157,0.002178
0,-0.151787,-0.125173,-0.145289,-0.270119,-0.187184,-0.255624,0.002649,0.002185
0,0.06266,-0.045114,0.204528,0.093521,0.155159,0.100137,0.001094,0.000787
0,-0.012565,0.119024,-0.046115,0.193338,-0.013842,0.148204,0.000219,0.002077
0,-0.145321,0.099361,-0.155746,-0.035543,-0.180421,-0.059796,0.002536,0.001734
0,0.08164,0.152151,0.243242,0.065579,0.200711,0.095902,0.001425,0.002656
0,0.0644,-0.080732,-0.010058,-0.261321,-0.049449,-0.211621,0.001124,0.001409
0,0.167451,-0.090869,0.112847,-0.024408,0.155623,-0.028006,0.002695,0.001586
0,0.044963,0.059075,-0.11199,0.166246,-0.097247,0.127422,0.000785,0.001031
0,0.058384,-0.071191,0.03977,-0.141834,0.075499,-0.145247,0.001019,0.001243
0,0.0379,0.082297,-0.020473,0.145581,-0.015202,0.147094,0.000661,0.001436
0,0.215454,-0.079294,0.174637,-0.152393,0.124808,-0.134601,0.001857,0.001384
0,-0.000586,-0.086673,-0.196716,-0.024559,-0.242283,-0.027944,1e-05,0.001513
0,-0.030095,0.207096,-0.022003,0.296248,-0.045198,0.325127,0.000525,0.002003
0,0.040142,0.014545,0.073294,-0.194693,0.104508,-0.222762,0.000701,0.000254
0,0.121347,-0.048938,0.087934,-0.036461,0.119387,-0.049145,0.002118,0.000854
0,-0.009305,0.104972,-0.136093,0.138678,-0.153924,0.12283,0.000162,0.001832
0,0.182214,-0.038644,0.182728,-0.157636,0.185186,-0.132735,0.002437,0.000674
0,0.085376,0.146711,-0.121231,0.182099,-0.147002,0.18735,0.00149,0.002561
0,0.129483,0.173348,0.073717,0.002169,0.036514,-0.004032,0.00226,0.002592
0,-0.15589,-0.0615,-0.264833,-0.209031,-0.222693,-0.226035,0.002721,0.001073
0,-0.121775,0.002212,0.005949,0.082266,0.005772,0.069573,0.002125,3.9e-05
0,-0.007751,0.13926,0.098674,0.151035,0.049512,0.198874,0.000135,0.002431
0,0.141189,0.157209,0.175954,0.008443,0.203017,0.011049,0.002464,0.002744
0,0.007548,-0.030937,-0.104347,-0.174318,-0.0554,-0.138407,0.000132,0.00054
0,-0.012705,0.095642,0.004531,0.13396,0.004785,0.091522,0.000222,0.001669
0,0.038612,0.007983,0.039945,-0.06004,0.030694,-0.053708,0.000674,0.000139
0,0.041132,0.041993,-0.015337,0.011407,-0.063915,0.016492,0.000718,0.000733
0,0.043108,0.025249,0.01458,-0.004349,0.052367,-0.046305,0.000752,0.000441
0,0.070161,0.014514,0.017018,-0.007018,-0.01432,0.038904,0.001225,0.000253
0,0.013018,0.095947,-0.0701,0.097525,-0.085772,0.083809,0.000227,0.001675
0,0.05428,-0.017301,0.021853,-0.1128,0.06363,-0.137652,0.000947,0.000302
0,0.011329,-0.106808,-0.060565,-0.117149,-0.093971,-0.137408,0.000198,0.001864
0,0.029926,0.024372,0.006422,0.129278,0.002203,0.148884,0.000522,0.000425
0,-0.085997,0.015268,-0.120337,-0.038279,-0.128768,0.00484,0.001501,0.000266
0,-0.041042,0.030734,0.056536,-0.00068,0.062224,0.043286,0.000716,0.000536
0,0.114061,0.113169,0.167825,0.064805,0.129195,0.069929,0.001991,0.001975
0,-0.065469,-0.079918,-0.171029,-0.187674,-0.144569,-0.214433,0.001143,0.001395
0,0.036454,0.132138,0.118992,0.238665,0.074076,0.282496,0.000636,0.002306
0,0.006483,-0.069746,-0.032054,-0.204562,-0.007601,-0.250875,0.000113,0.001217
0,0.097258,0.045109,0.097067,0.106259,0.085128,0.067699,0.001697,0.000787
0,-0.071262,0.014154,-0.166248,-0.051067,-0.211907,-0.091431,0.001244,0.000247
0,0.00229,0.181446,0.09306,0.144425,0.130219,0.164139,4e-05,0.002451
0,0.053304,-0.035489,0.06374,-0.203532,0.074879,-0.242787,0.00093,0.002106
0,-0.01306,-0.00249,-0.042002,0.037401,-0.012174,0.083816,0.000228,0.002106
0,-0.033071,0.139811,-0.041364,0.139485,-0.077647,0.091059,0.000577,0.002106
0,-0.163612,0.083173,-0.121537,-0.032155,-0.125487,-0.049992,0.002762,0.002106
0,0.091204,-0.074308,0.24767,-0.146479,0.259644,-0.186143,0.001592,0.002106
0,0.144634,-0.074262,0.027983,0.028893,0.055875,0.05831,0.002524,0.002106
0,0.026668,0.152726,-0.143725,0.251721,-0.149024,0.244549,0.000465,0.002106
0,0.144907,-0.00428,0.127291,-0.135845,0.142996,-0.106232,0.002529,0.002106
0,0.118592,0.073639,-0.015855,0.085566,-0.00525,0.070927,0.00207,0.002106
0,0.118529,0.036465,-0.010141,-0.017447,-0.013728,0.013524,0.002069,0.002106
0,0.093586,0.06341,-0.009308,0.027847,-0.054556,-0.000735,0.001633,0.002106
0,0.037585,0.029626,-0.067966,-0.030818,-0.07804,-0.063275,0.000656,0.002106
0,-0.066243,0.05376,-0.112886,0.037602,-0.117165,-0.001258,0.001156,0.002106
0,0.059121,0.102647,0.151507,0.060643,0.196451,0.079132,0.001032,0.002106
0,-0.118919,-0.017476,-0.180141,-0.125444,-0.142433,-0.147936,0.002076,0.002106
0,0.010934,0.155016,0.153365,0.175008,0.176861,0.143511,0.000191,0.002106
0,0.015868,0.047793,0.007162,-0.083123,-0.013046,-0.053416,0.000277,0.002106
0,0.160275,0.048105,0.139091,0.01223,0.166095,-0.009173,0.002797,0.002106
0,0.02409,-0.029413,-0.132412,-0.106838,-0.182124,-0.097064,0.00042,0.002106
0,0.055879,-0.149982,0.02986,-0.119135,-0.004549,-0.081763,0.000975,0.002618
0,-0.000789,-0.039713,-0.077099,0.088976,-0.112937,0.045186,1.4e-05,0.002106
0,0.020945,-0.130445,0.013576,-0.114988,-0.017671,-0.109557,0.000366,0.002277
0,0.110325,0.028709,0.066075,0.15174,0.083877,0.171423,0.001926,0.002106
0,0.096513,-0.092267,-0.031098,-0.106535,-0.046403,-0.069916,0.001684,0.002106
0,0.07411,-0.11113,-0.022268,-0.026828,-0.045819,-0.045006,0.001293,0.002106
0,0.153685,-0.065945,0.077175,0.065339,0.032333,0.028274,0.002682,0.002106
0,0.075995,-0.084663,-0.068963,-0.027767,-0.025713,-0.024295,0.001326,0.002106
0,0.18308,0.119099,0.108019,0.219924,0.074657,0.200032,0.002422,0.002106
0,0.167193,0.085926,0.003919,-0.025182,-0.011149,0.011667,0.002699,0.002106
0,0.222676,-0.143756,0.050043,-0.204143,0.098248,-0.166682,0.001731,0.002509
0,0.284549,0.050938,0.069208,0.192026,0.093106,0.171172,0.000651,0.002106
0,0.29912,0.100704,0.028637,0.056075,-0.010241,0.092443,0.000397,0.002106
0,0.072698,0.047118,-0.233483,-0.055146,-0.211312,-0.043483,0.001269,0.002106
0,0.134958,0.048583,0.075754,0.022387,0.062522,0.02749,0.002355,0.002106
0,0.209519,0.049505,0.088294,-0.016574,0.109637,-0.048663,0.001961,0.002106
0,0.210888,-0.048015,0.024326,-0.113579,0.013348,-0.105083,0.001937,0.002106
0,-0.009227,-0.095387,-0.216657,-0.03664,-0.1775,-0.006104,0.000161,0.002106
0,0.069104,-0.132649,0.076224,-0.05236,0.080524,-0.018635,0.001206,0.002315
0,0.222213,-0.083696,0.174338,0.040798,0.194443,0.07585,0.001739,0.002106
0,0.062002,0.124248,-0.173604,0.229766,-0.166613,0.211924,0.001082,0.002106
0,0.280079,0.081496,0.195017,-0.023659,0.184003,-0.069377,0.000729,0.002106
0,-0.435456,-0.126686,-0.701885,-0.206084,-0.660916,-0.176491,0.001983,0.002211
0,-1.650619,-0.014017,-1.222782,0.089228,-1.234051,0.13156,0.000721,0.002106
0,-3.175023,0.118429,-1.539054,0.10626,-1.554114,0.133756,0.00076,0.002106
0,-4.333515,0.075134,-1.157126,-0.057757,-1.18512,-0.05552,0.002606,0.002106
0,-3.625541,0.075958,0.730381,-0.001026,0.687715,0.030893,0.001485,0.002106
0,-2.425954,-0.055208,1.229083,-0.152604,1.25262,-0.108421,0.002599,0.002106
0,-2.168863,-0.010734,0.262433,0.03227,0.267369,0.055327,0.001469,0.002106
0,-1.39858,-0.020765,0.776254,-0.038398,0.742856,0.001772,0.00194,0.002106
0,-1.437251,-0.184476,-0.011759,-0.16002,0.023334,-0.190674,0.002615,0.002398
0,-0.94686,0.115383,0.487274,0.271521,0.442307,0.234916,0.000327,0.002014
0,-0.627453,-0.040856,0.341794,-0.175854,0.384474,-0.156585,0.000284,0.000713
0,-0.32245,0.126747,0.317326,0.168565,0.287167,0.18868,1e-05,0.002212
0,-0.144065,0.048764,0.152477,-0.101632,0.137975,-0.128348,0.002514,0.000851
0,0.175707,0.089555,0.312774,0.053248,0.353553,0.041065,0.002551,0.001563
0,0.202046,-0.023308,0.053882,-0.088236,0.026874,-0.062549,0.002091,0.000407
0,0.233119,-0.057814,0.056027,-0.043065,0.037735,-0.061617,0.001549,0.001009
0,0.242716,0.148772,0.029282,0.214511,-0.005601,0.226764,0.001381,0.002597
0,0.172025,-0.023658,-0.096543,-0.174908,-0.081681,-0.177453,0.002615,0.000413
0,0.032719,0.180684,-0.125863,0.225785,-0.167541,0.270162,0.000571,0.002464
0,-0.081631,-0.081971,-0.097232,-0.277267,-0.072116,-0.261955,0.001425,0.002106
0,0.026408,-0.060818,0.098338,0.03396,0.134097,0.027528,0.000461,0.002106
0,0.017368,-0.102398,0.006612,-0.050695,-0.003359,-0.065127,0.000303,0.002106
0,-0.035395,0.019775,-0.068253,0.098549,-0.116314,0.049903,0.000618,0.002106
0,-0.175645,-0.063133,-0.12175,-0.089618,-0.113091,-0.072099,0.002552,0.002106
0,-0.171042,-0.128623,0.027054,-0.050165,0.004039,-0.039988,0.002632,0.002245
0,0.048412,0.059339,0.239475,0.213574,0.217074,0.210003,0.000845,0.002106
0,-0.054506,-0.071483,-0.108759,-0.145913,-0.120538,-0.12677,0.000951,0.002106
0,-0.17166,-0.150905,-0.12529,-0.104496,-0.14006,-0.09703,0.002621,0.002634
0,0.078672,0.061465,0.221557,0.222745,0.21406,0.186777,0.001373,0.002106
0,0.135784,-0.163391,0.057155,-0.198213,0.058496,-0.201758,0.00237,0.002766
0,0.141208,0.043689,0.024732,0.213217,-0.017163,0.163623,0.002465,0.000763
0,0.161713,-0.089565,0.006746,-0.142672,0.021948,-0.158707,0.002795,0.001563
0,0.069341,-0.051436,-0.074023,0.046605,-0.044628,0.009487,0.00121,0.000898
0,0.049381,-0.096412,0.004587,-0.026049,0.040618,-0.039927,0.000862,0.001683
0,0.003764,-0.103558,-0.051605,0.005283,-0.075471,0.048992,6.6e-05,0.001807
0,0.06908,0.077682,0.057586,0.197979,0.018612,0.234694,0.001206,0.001356
0,0.056226,0.018949,-0.021067,-0.086983,0.000772,-0.131213,0.000981,0.000331
0,-0.024128,0.058043,-0.079313,0.028239,-0.103113,0.074624,0.000421,0.001013
0,0.245842,0.085115,0.287542,0.005919,0.284098,-0.042717,0.001327,0.001486
0,0.06003,0.06459,-0.194815,0.003827,-0.176113,-0.011125,0.001048,0.001127
0,0.19782,0.059003,0.115453,-0.008562,0.083506,-0.032228,0.002165,0.00103
0,0.223682,0.008242,0.004343,-0.046832,-0.012995,-0.034755,0.001714,0.000144
0,-0.032968,-0.165021,-0.274998,-0.163174,-0.294517,-0.179035,0.000575,0.002737
0,0.002358,-0.046716,0.017779,0.130739,0.034159,0.177646,4.1e-05,0.000815
0,0.102196,-0.146017,0.089268,-0.081167,0.071498,-0.061064,0.001784,0.002548
0,-0.022009,-0.169204,-0.13315,-0.043028,-0.096485,-0.070426,0.000384,0.002664
0,-0.060885,-0.198823,-0.055895,-0.036775,-0.103869,0.006283,0.001063,0.002147
0,0.171996,-0.063932,0.210544,0.106343,0.220659,0.11898,0.002616,0.001116
0,-0.005011,-0.180279,-0.153006,-0.111229,-0.139557,-0.079846,8.7e-05,0.002471
0,-0.027912,-0.108619,-0.050007,0.052951,-0.047638,0.038091,0.000487,0.001896
0,-0.079601,-0.181339,-0.029936,-0.049336,0.000658,-0.098187,0.001389,0.002453
0,0.042027,-0.055374,0.135555,0.153579,0.111217,0.180259,0.000734,0.000966
0,0.16245,0.075491,0.129192,0.153806,0.10811,0.186031,0.002782,0.001318
0,0.02605,-0.153622,-0.10756,-0.211297,-0.063784,-0.224683,0.000455,0.002681
0,0.01661,0.100345,0.002669,0.263937,0.031822,0.22045,0.00029,0.001751
0,0.069072,-0.156819,0.02909,-0.258314,0.059147,-0.243984,0.001206,0.002737
0,-0.052752,0.113248,-0.144803,0.252587,-0.185049,0.281267,0.000921,0.001977
0,-0.148806,-0.11611,-0.070301,-0.259014,-0.030476,-0.260653,0.002597,0.002026
0,0.045667,0.051458,0.206692,0.181813,0.202619,0.205867,0.000797,0.000898
0,-0.034283,-0.065577,-0.063833,-0.105801,-0.027115,-0.126551,0.000598,0.001145
0,0.025586,0.03626,0.077816,0.078131,0.12321,0.09962,0.000447,0.000633
0,0.020441,-0.000916,-0.019374,-0.039497,-0.011499,-0.055975,0.000357,1.6e-05
0,0.120921,0.088562,0.115625,0.089832,0.075023,0.0857,0.00211,0.001546
0,0.068444,-0.123946,-0.079784,-0.190142,-0.05706,-0.224222,0.001195,0.002163
0,-0.051546,-0.019195,-0.101569,0.106825,-0.072776,0.150627,0.0009,0.000335
0,-0.021587,0.035887,0.01192,0.084184,0.050925,0.097334,0.000377,0.000626
0,0.020652,0.021442,0.056827,-0.024824,0.095184,-0.008021,0.00036,0.000374
0,0.124906,0.080981,0.108049,0.036483,0.127734,0.037112,0.00218,0.001413
0,-0.036074,0.110312,-0.154664,0.032033,-0.169582,-0.012827,0.00063,0.001925
0,0.117759,0.16616,0.128556,0.035641,0.170311,0.080756,0.002055,0.002717
0,0.075979,0.130624,-0.035323,-0.05067,0.000171,-0.095573,0.001326,0.00228
0,0.219709,0.194377,0.170309,0.065897,0.162734,0.025293,0.001783,0.002225
0,0.283456,0.041446,0.033824,-0.141777,0.00269,-0.15658,0.00067,0.000723
0,0.12506,-0.068308,-0.133606,-0.099623,-0.097584,-0.071284,0.002183,0.001192
0,0.016847,-0.111705,-0.093087,-0.066605,-0.115118,-0.092074,0.000294,0.00195
0,0.073138,-0.092593,0.04007,0.008257,0.002096,-0.021416,0.001277,0.001616
0,0.043665,0.056749,-0.030129,0.165036,-0.028012,0.122108,0.000762,0.00099
0,0.016913,0.10178,-0.040708,0.049102,-0.085124,0.028171,0.000295,0.001776
0,-0.001682,-0.092495,0.003575,-0.170068,-0.032885,-0.166114,2.9e-05,0.001614
0,0.044099,0.006302,0.075199,0.070485,0.057191,0.060464,0.00077,0.00011
0,-0.066958,0.010393,-0.08919,0.024379,-0.056487,-0.015705,0.001169,0.000181
0,0.121018,0.161414,0.200652,0.147681,0.209962,0.184197,0.002112,0.0028
0,-0.069277,-0.107391,-0.167795,-0.275834,-0.14018,-0.317599,0.001209,0.001874
0,-0.035284,0.019559,0.061708,0.122652,0.034882,0.115799,0.000616,0.000341
0,-0.092464,0.073784,-0.072743,0.077515,-0.043185,0.095961,0.001614,0.001288
0,0.136867,-0.02182,0.211405,-0.083154,0.201783,-0.074267,0.002389,0.000381
0,-0.088067,-0.065129,-0.224419,-0.019942,-0.272468,0.024996,0.001537,0.001137
0,0.085343,-0.058068,0.195773,0.022169,0.161062,-0.003349,0.00149,0.001013
0,0.032196,0.099204,-0.025675,0.130578,0.007806,0.160127,0.000562,0.001731
0,0.087977,0.200772,0.061887,0.078105,0.038796,0.127125,0.001535,0.002113
0,0.101491,0.126078,0.010499,-0.068286,-0.034921,-0.033314,0.001771,0.0022
0,-0.011425,0.133537,-0.110123,-0.008961,-0.130889,-0.010291,0.000199,0.002331
0,0.112041,0.056663,0.140343,-0.094807,0.146462,-0.086329,0.001955,0.000989
0,-0.070074,0.050401,-0.162099,-0.035055,-0.156664,-0.055862,0.001223,0.00088
0,-0.01373,-0.076795,0.073939,-0.10647,0.116925,-0.149378,0.00024,0.00134
0,0.120208,-0.010603,0.110368,0.072987,0.129926,0.106763,0.002098,0.000185
0,0.185192,0.119228,0.084049,0.118689,0.088934,0.100109,0.002385,0.002081
0,-0.011226,0.147786,-0.207079,0.053926,-0.177519,0.046816,0.000196,0.002579
0,0.134284,-0.111146,0.17506,-0.231165,0.191005,-0.222498,0.002344,0.00194
0,0.177314,0.140486,0.033436,0.244362,0.074132,0.222748,0.002523,0.002452
0,0.020825,0.061651,-0.175656,-0.062039,-0.20737,-0.110516,0.000363,0.001076
0,0.178133,0.10304,0.158801,0.067927,0.139942,0.033797,0.002509,0.001798
0,0.186206,0.148549,0.004639,0.023907,-0.028169,0.060042,0.002368,0.002593
0,-0.003341,-0.006911,-0.160843,-0.152973,-0.169991,-0.187123,5.8e-05,0.000121
0,0.160061,0.169633,0.178298,0.201185,0.148349,0.154643,0.002794,0.002657
0,0.092586,0.146778,-0.043212,-0.03167,-0.023109,-0.056422,0.001616,0.002562
0,0.015729,-0.053144,-0.072169,-0.201151,-0.027179,-0.195993,0.000275,0.000928
0,-0.003716,-0.102386,0.001136,-0.059863,-0.031946,-0.043182,6.5e-05,0.001787
0,0.272692,0.116562,0.294943,0.194187,0.283972,0.182564,0.000858,0.002034
0,0.231392,0.035359,-0.035706,-0.105131,-0.039212,-0.140474,0.001579,0.000617
0,0.146111,0.118265,-0.107549,0.108637,-0.096072,0.150927,0.00255,0.002064
0,0.150833,0.089124,0.015801,-0.001641,0.043994,0.01421,0.002633,0.001556
0,-0.022275,0.063119,-0.17983,-0.051258,-0.175267,-0.007673,0.000389,0.001102
0,0.102991,0.160729,0.150878,0.105576,0.111969,0.093395,0.001798,0.002805
0,0.105428,-0.059207,-0.008552,-0.199626,-0.040967,-0.157236,0.00184,0.001033
0,0.013042,0.144287,-0.11936,0.191615,-0.072495,0.15405,0.000228,0.002518
0,0.003173,-0.043237,0.019479,-0.175061,-0.026933,-0.200604,5.5e-05,0.000755
0,0.113313,-0.009017,0.126159,0.056398,0.127564,0.029005,0.001978,0.000157
0,0.161776,0.042692,0.052229,0.060549,0.002971,0.100007,0.002794,0.000745
0,0.081337,0.023418,-0.056082,-0.022305,-0.04002,-0.007257,0.00142,0.000409
0,0.010238,-0.07939,-0.05084,-0.110711,-0.001698,-0.108585,0.000179,0.001386
0,0.313669,-0.050749,0.299144,0.013269,0.272476,-0.036431,0.000143,0.000886
0,0.202145,-0.117361,-0.119877,-0.037653,-0.14111,-0.03053,0.002089,0.002048
0,0.125037,-0.071384,-0.070582,0.048078,-0.09216,0.083525,0.002182,0.001246
0,0.240599,-0.136153,0.099112,-0.037221,0.07558,-0.065291,0.001418,0.002376
0,0.093161,-0.146184,-0.136444,-0.029647,-0.178608,-0.045568,0.001626,0.002551
0,0.162682,-0.026571,0.089416,0.1383,0.089694,0.119489,0.002778,0.000464
0,0.265293,0.031734,0.089044,0.058955,0.117084,0.103504,0.000987,0.000554
0,0.149081,0.031426,-0.114289,0.002015,-0.144958,-0.021118,0.002602,0.000548
0,0.129865,0.116607,-0.033691,0.114082,-0.005965,0.085043,0.002267,0.002035
0,0.364226,0.008624,0.263727,-0.129385,0.23826,-0.116385,0.000739,0.000151
0,0.095474,0.066707,-0.271111,0.055124,-0.317618,0.073401,0.001666,0.001164
0,0.284796,-0.101928,0.168013,-0.190229,0.153508,-0.197782,0.000647,0.001779
0,0.226098,0.11132,-0.072817,0.19167,-0.069522,0.206033,0.001671,0.001943
0,0.110389,0.115467,-0.08646,0.028704,-0.129943,0.043528,0.001927,0.002015
0,0.263809,-0.127114,0.157996,-0.215068,0.159304,-0.230839,0.001013,0.002219
0,0.207493,-0.115184,-0.058588,0.039441,-0.069992,0.013249,0.001996,0.00201
0,0.184874,0.128828,-0.024219,0.227722,-0.04636,0.22596,0.002391,0.002248
0,0.134711,0.000525,-0.054896,-0.138174,-0.067256,-0.15077,0.002351,9e-06
0,-0.042412,-0.112764,-0.20398,-0.104083,-0.167187,-0.143777,0.00074,0.001968
0,0.078378,-0.046753,0.10428,0.092878,0.10993,0.086662,0.001368,0.000816
0,0.081354,0.011094,0.004801,0.062611,-0.03756,0.102238,0.00142,0.000194
0,0.0245,-0.093051,-0.028493,-0.121422,-0.075862,-0.098774,0.000428,0.001624
0,0.217169,-0.022093,0.21457,0.06065,0.186688,0.089129,0.001827,0.000386
0,0.029516,0.045673,-0.169457,0.084989,-0.199868,0.111483,0.000515,0.000797
0,-0.02728,0.151855,-0.068081,0.092124,-0.117885,0.046516,0.000476,0.00265
0,0.072504,0.077495,0.118122,-0.065341,0.086266,-0.109582,0.001265,0.001353
0,0.065577,0.128563,-0.036356,0.029601,0.009959,0.041257,0.001145,0.002244
0,0.013709,0.108306,-0.067193,-0.003212,-0.107844,-0.005654,0.000239,0.00189
0,0.134742,-0.029166,0.091433,-0.164258,0.122697,-0.205689,0.002352,0.000509
0,0.197066,0.078764,0.033371,0.130799,0.031469,0.15332,0.002178,0.001375
0,0.304952,0.066655,0.108793,0.015395,0.061844,0.028053,0.000295,0.001163
0,0.085935,-0.082378,-0.23537,-0.124998,-0.220913,-0.080544,0.0015,0.001438
0,0.067679,-0.00621,-0.045517,0.105787,-0.05575,0.092134,0.001181,0.000108
0,0.177549,0.172456,0.099564,0.152738,0.085569,0.180914,0.002519,0.002608
0,0.177414,0.02113,0.006366,-0.144218,-0.030575,-0.155137,0.002521,0.002106
0,0.153526,-0.008646,-0.041314,-0.00019,-0.032761,-0.028391,0.00268,0.002106
0,0.163132,-0.049649,-0.008431,-0.022274,-0.008321,0.020535,0.00277,0.002106
0,0.114821,0.147926,-0.052,0.19105,-0.040029,0.171753,0.002004,0.002106
0,0.279409,0.054919,0.154366,-0.102033,0.175165,-0.104071,0.000741,0.002106
0,0.22195,0.172873,-0.036801,0.094769,-0.00319,0.076969,0.001744,0.002106
0,0.360947,0.00921,0.162018,-0.18072,0.136157,-0.230171,0.000682,0.002106
0,0.268257,-0.10642,-0.096285,-0.110926,-0.125311,-0.137844,0.000936,0.002106
0,0.168627,-0.078856,-0.117973,-0.001609,-0.123528,0.004139,0.002674,0.002106
0,0.191711,0.136528,0.01262,0.231519,0.041848,0.236766,0.002272,0.002106
0,0.244797,0.000142,0.059685,-0.138845,0.018727,-0.11344,0.001345,0.002106
0,0.124307,0.118848,-0.110531,0.136353,-0.111671,0.091623,0.00217,0.002106
0,0.072926,0.07998,-0.058024,-0.036457,-0.014806,-0.020601,0.001273,0.002106
0,0.214819,0.046842,0.124149,-0.057367,0.107338,-0.035956,0.001868,0.002106
0,0.080259,0.098507,-0.105591,0.052473,-0.13772,0.091111,0.001401,0.002106
0,0.082999,-0.061383,0.002728,-0.138876,-0.002424,-0.13503,0.001449,0.002106
0,-0.002161,-0.03176,-0.086609,0.009634,-0.045149,-0.011009,3.8e-05,0.002106
0,0.155359,-0.099,0.177357,-0.094298,0.176085,-0.090666,0.002712,0.002106
0,0.199926,-0.004977,0.03746,0.119308,0.017383,0.100948,0.002128,0.002106
0,0.113807,-0.117763,-0.107198,-0.136884,-0.121854,-0.092593,0.001986,0.002106
0,0.042604,0.10036,-0.097449,0.192044,-0.100551,0.148951,0.000744,0.002106
0,0.166662,-0.097162,0.094903,-0.200703,0.059104,-0.236341,0.002709,0.002106
0,0.208831,-0.023345,0.036835,0.050323,0.073586,0.018367,0.001973,0.002106
0,0.122577,-0.140465,-0.100929,-0.134963,-0.125085,-0.118194,0.002139,0.002452
0,0.208894,0.016387,0.113122,0.163014,0.116719,0.171548,0.001972,0.002106
0,0.26995,-0.081384,0.049154,-0.102177,0.095954,-0.113516,0.000906,0.002106
0,1.69803,-0.082636,1.456987,0.017327,1.461813,0.020549,0.001549,0.002106
0,1.900788,0.14384,0.176035,0.196524,0.212176,0.177049,0.00053,0.002106
0,1.504887,-0.058716,-0.420709,-0.204368,-0.37121,-0.197739,0.001822,0.002106
0,1.686985,-0.007555,0.183386,0.048316,0.227622,0.011124,0.001356,0.002106
0,1.139422,-0.139266,-0.523745,-0.159091,-0.523547,-0.15034,0.002583,0.002431
0,1.143176,-0.039391,0.000331,0.074785,-0.031275,0.118179,0.002518,0.002106
0,0.501917,-0.107297,-0.611694,-0.048356,-0.612003,-0.074165,0.002475,0.002106
0,0.590245,0.040808,0.082814,0.129511,0.120673,0.091661,0.000933,0.002106
0,0.078627,-0.137537,-0.508641,-0.163698,-0.475474,-0.191007,0.001372,0.0024
0,0.194887,0.017078,0.094302,0.176588,0.135247,0.131062,0.002216,0.002106
0,-0.117651,-0.0474,-0.31105,-0.080924,-0.300984,-0.032317,0.002053,0.002106
0,-0.155476,-0.16091,-0.056952,-0.087311,-0.035557,-0.072948,0.002714,0.002808
0,-0.267962,-0.129047,-0.088505,0.020511,-0.134427,-0.012941,0.000941,0.002252
0,-0.331891,-0.060356,-0.075987,0.049771,-0.041265,0.055296,0.000175,0.002106
0,-0.091253,-0.070592,0.24917,0.014781,0.276985,0.016903,0.001593,0.002106
0,-0.268601,-0.056669,-0.185698,-0.013216,-0.140629,-0.035469,0.00093,0.002106
0,-0.106824,0.053367,0.136146,0.104551,0.18581,0.075222,0.001864,0.002106
0,-0.058043,0.110665,0.06694,0.057062,0.068157,0.064506,0.001013,0.002106
0,-0.014894,0.097158,0.01413,-0.01994,0.025279,-0.060801,0.00026,0.002106
0,-0.018604,-0.092591,-0.016338,-0.206406,-0.06533,-0.198197,0.000325,0.002106
0,-0.209609,-0.081997,-0.213237,-0.004489,-0.236939,0.009579,0.001959,0.002106
0,-0.154873,-0.03854,0.047138,0.038628,0.061397,0.068184,0.002703,0.002106
0,-0.179287,-0.127067,-0.038227,-0.118023,-0.058945,-0.070757,0.002488,0.002218
0,-0.009129,-0.075017,0.143533,0.075197,0.15614,0.041165,0.000159,0.002106
0,0.014316,-0.053448,0.03059,0.030388,0.058188,0.047017,0.00025,0.002106
0,0.142989,0.057649,0.109741,0.098171,0.076539,0.107949,0.002496,0.002106
0,0.184597,-0.112306,0.033435,-0.145153,0.029083,-0.118375,0.002396,0.002106
0,-0.044788,-0.055285,-0.257857,0.081383,-0.222494,0.106775,0.000782,0.002106
0,-0.023063,-0.052706,0.036702,0.020834,0.022039,0.001951,0.000403,0.002106
0,-0.126668,-0.163332,-0.096439,-0.117993,-0.13665,-0.145174,0.002211,0.002767
0,0.120277,0.115198,0.247953,0.294659,0.287244,0.330925,0.002099,0.002011
0,-0.068298,0.074816,-0.204994,-0.03763,-0.192426,-0.057166,0.001192,0.001306
0,0.153589,0.086924,0.194739,0.025751,0.215397,0.013075,0.002681,0.001517
0,0.060803,0.119005,-0.112292,0.02035,-0.105685,0.054574,0.001061,0.002077
0,0.067512,0.033132,0.028859,-0.113018,0.006384,-0.159407,0.001178,0.000578
0,-0.116805,-0.10549,-0.194558,-0.139862,-0.243164,-0.189127,0.002039,0.001841
0,-0.088973,-0.040307,0.023945,0.080009,0.00302,0.093508,0.001553,0.000703
0,-0.125724,0.107871,-0.03277,0.166675,-0.054017,0.186105,0.002194,0.001883
0,-0.152229,0.024238,-0.035239,-0.075452,-0.034786,-0.112925,0.002657,0.000423
0,-0.127571,0.03407,0.028375,-0.001755,-0.00816,-0.045999,0.002227,0.000595
0,-0.154664,-0.105658,-0.006625,-0.167627,-0.047605,-0.139944,0.002699,0.001844
0,-0.099659,-0.041547,0.06296,0.087065,0.060954,0.134536,0.001739,0.000725
0,-0.092834,0.088931,0.030568,0.150651,0.008559,0.168646,0.00162,0.001552
0,0.092695,0.065388,0.21404,-0.024344,0.188884,-0.046511,0.001618,0.001141
0,-0.00731,0.11212,-0.072675,0.055596,-0.108408,0.092747,0.000128,0.001957
0,0.021502,0.053861,0.026144,-0.070679,0.042048,-0.106696,0.000375,0.00094
0,0.043742,-0.063093,0.032984,-0.134107,0.016814,-0.151611,0.000763,0.001101
0,-0.089444,-0.094124,-0.157212,-0.049841,-0.185268,-0.064008,0.001561,0.001643
0,-0.091527,0.017942,0.023339,0.131212,0.061323,0.135901,0.001597,0.000313
0,-0.095664,-0.067558,-0.03027,-0.11347,-0.048118,-0.094015,0.00167,0.001179
0,-0.207372,0.049126,-0.088349,0.09585,-0.119474,0.072097,0.001998,0.000857
0,-0.049975,-0.050394,0.1697,-0.091927,0.192992,-0.098298,0.000872,0.00088
0,-0.134745,0.045588,-0.096222,0.102137,-0.076459,0.07116,0.002352,0.000796
0,-0.015106,0.224089,0.102791,0.181197,0.055547,0.218322,0.000264,0.002106
0,-0.108413,0.221993,-0.088459,-0.007225,-0.127399,-0.034139,0.001892,0.002106
0,-0.124951,0.118347,0.003769,-0.125955,0.005278,-0.079005,0.002181,0.002106
0,-0.064677,0.236401,0.051634,0.125938,0.017665,0.14134,0.001129,0.002106
0,0.133216,0.162621,0.187873,-0.058553,0.218581,-0.026594,0.002325,0.002106
0,-0.040246,-0.003459,-0.185326,-0.188401,-0.184399,-0.231009,0.000702,0.002106
0,-0.101531,0.223553,-0.08529,0.207018,-0.099022,0.207267,0.001772,0.002106
0,-0.039826,0.154826,0.040505,-0.06777,-0.00494,-0.045519,0.000695,0.002106
0,-0.152203,0.185879,-0.129992,0.047263,-0.101584,0.061336,0.002656,0.002106
0,-0.119482,0.08748,0.012127,-0.079106,-0.03149,-0.108768,0.002085,0.002106
0,0.04509,0.251036,0.176702,0.179941,0.177509,0.138514,0.000787,0.002106
0,-0.078573,0.052633,-0.131483,-0.225419,-0.121047,-0.187381,0.001371,0.002106
0,-0.073106,0.012928,-0.010243,-0.010968,-0.03127,-0.044433,0.001276,0.002106
0,-0.139294,-0.022876,-0.095985,-0.039992,-0.077114,-0.063576,0.002431,0.002106
0,-0.046728,0.095667,0.093556,0.099495,0.058228,0.116939,0.000816,0.002106
0,0.13888,0.034749,0.170916,-0.077132,0.178836,-0.093369,0.002424,0.002106
0,0.147779,0.115185,0.026484,0.095043,0.028656,0.073744,0.002579,0.002106
0,0.027224,0.132797,-0.109365,0.03046,-0.104035,-0.016106,0.000475,0.002106
0,0.117726,0.064749,0.06133,-0.054776,0.078365,-0.067096,0.002055,0.002106
0,-0.027591,-0.002766,-0.162492,-0.076274,-0.114819,-0.055252,0.000482,0.002106
0,-0.075116,0.134394,-0.049342,0.107902,-0.074797,0.115744,0.001311,0.002106
0,0.093574,0.088035,0.151388,-0.048008,0.199599,-0.02393,0.001633,0.002106
0,0.072821,-0.119189,-0.025051,-0.187305,-0.017993,-0.18008,0.001271,0.002106
0,-0.01169,0.155006,-0.104757,0.259823,-0.065534,0.280809,0.000204,0.002106
0,-0.056846,0.072644,-0.048917,-0.062223,-0.005558,-0.089126,0.000992,0.002106
0,0.214583,0.149702,0.24573,0.055312,0.26132,0.083829,0.001872,0.002106
0,0.234683,-0.088487,0.020517,-0.21957,-0.00899,-0.261918,0.001522,0.002106
0,0.192208,-0.005308,-0.067108,0.058988,-0.042368,0.081713,0.002263,0.002106
0,0.198957,0.035133,0.02464,0.045916,0.021892,0.070714,0.002145,0.002106
0,0.148237,0.052937,-0.030526,-0.011275,0.01885,0.03277,0.002587,0.002106
0,0.301712,0.100453,0.146145,0.024388,0.174221,-0.012563,0.000352,0.002106
0,0.030526,-0.090796,-0.261595,-0.179448,-0.29996,-0.215326,0.000533,0.002106
0,0.176894,0.113118,0.129657,0.190243,0.087279,0.212402,0.00253,0.002106
0,0.21612,0.040301,0.010037,-0.050264,0.013506,-0.083722,0.001846,0.002106
0,0.208164,-0.15694,-0.025192,-0.203523,-0.046237,-0.198313,0.001984,0.002739
0,0.14441,0.000982,-0.037989,0.151565,-0.007699,0.166042,0.00252,0.002106
0,0.202365,0.036707,0.034203,0.027535,0.000568,-0.014961,0.002086,0.002106
0,-0.023614,0.030744,-0.247231,0.014235,-0.252764,0.049501,0.000412,0.002106
0,-0.00033,0.045971,0.050126,0.039362,0.040071,0.001085,6e-06,0.002106
0,0.077322,0.070735,0.10704,0.040036,0.153739,0.023192,0.00135,0.002106
0,0.170215,0.019767,0.091687,-0.078865,0.097702,-0.069358,0.002647,0.002106
0,0.001553,-0.02241,-0.196503,-0.017289,-0.156362,-0.019186,2.7e-05,0.002106
0,0.141317,0.072986,0.161769,0.102459,0.138472,0.141312,0.002466,0.002106
0,0.0705,-0.168008,-0.063923,-0.233819,-0.097421,-0.187338,0.00123,0.002685
0,0.095598,-0.05261,-0.004766,0.098337,0.03945,0.084868,0.001668,0.000918
0,-0.027798,-0.133771,-0.134245,-0.105861,-0.115222,-0.115456,0.000485,0.002335
0,-0.151308,-0.035738,-0.150294,0.115862,-0.180935,0.11819,0.002641,0.000624
0,0.02923,0.026208,0.20956,0.077994,0.165732,0.094962,0.00051,0.000457
0,-0.024952,-0.091752,-0.040109,-0.102342,-0.043161,-0.113043,0.000435,0.001601
0,-0.133291,-0.008869,-0.127538,0.077546,-0.089527,0.106713,0.002326,0.000155
0,0.087148,-0.136699,0.190723,-0.103469,0.166,-0.085788,0.001521,0.002386
0,0.018052,-0.042791,-0.073162,0.116627,-0.057241,0.121409,0.000315,0.000747
0,0.019018,0.073333,0.007497,0.113063,0.048882,0.070638,0.000332,0.00128
0,-0.076218,0.107503,-0.083256,0.03598,-0.10211,0.034249,0.00133,0.001876
0,-0.174708,0.05432,-0.081768,-0.031717,-0.089718,-0.011217,0.002568,0.000948
0,-0.146328,-0.047106,0.002554,-0.106226,-0.005342,-0.083252,0.002554,0.000822
0,-0.233309,-0.065569,-0.062787,-0.034009,-0.075536,-0.068661,0.001546,0.001144
0,-0.232413,0.038758,0.027389,0.112623,-0.000456,0.161082,0.001561,0.000676
0,-0.168309,0.130507,0.081695,0.072334,0.08293,0.056349,0.00268,0.002278
0,-0.041705,-0.069845,0.154333,-0.180559,0.112513,-0.21036,0.000728,0.001219
0,-0.20272,-0.088887,-0.190919,-0.031092,-0.189005,-0.056698,0.002079,0.001551
0,-0.174279,-0.075494,0.009304,0.023394,-0.035524,0.067152,0.002576,0.001318
0,-0.066541,-0.049529,0.107888,0.024462,0.089655,0.006331,0.001161,0.000864
0,-0.207226,0.020267,-0.169847,0.092734,-0.15917,0.134778,0.002001,0.000354
0,-0.199835,0.004804,-0.015919,-0.001733,0.004353,-0.003542,0.00213,8.4e-05
0,-0.050992,-0.052739,0.152041,-0.071018,0.194656,-0.064746,0.00089,0.00092
0,-0.249206,0.088965,-0.217371,0.145847,-0.169996,0.178766,0.001268,0.001553
0,-0.282631,0.089648,-0.04517,-0.020501,-0.071721,-0.053883,0.000685,0.001565
0,-0.317505,0.08898,-0.039772,-0.027137,-0.026336,-0.040321,7.6e-05,0.001553
0,-0.158711,0.049388,0.155376,-0.048984,0.106688,-0.080985,0.00277,0.000862
0,-0.270414,0.065889,-0.141443,-0.00998,-0.103603,0.016621,0.000898,0.00115
0,-0.288891,-0.151878,-0.044435,-0.232767,-0.056194,-0.220251,0.000575,0.002651
0,-0.198336,-0.002698,0.098477,0.161873,0.129927,0.138031,0.002156,4.7e-05
0,-0.169961,-0.119336,0.047049,-0.144096,0.092257,-0.17467,0.002651,0.002083
0,-0.034233,0.040845,0.119229,0.132644,0.159905,0.13914,0.000597,0.000713
0,-0.080415,-0.224043,-0.041327,-0.290385,-0.066581,-0.314507,0.001404,0.001707
0,-0.071176,-0.125806,0.023227,0.10642,-0.023728,0.101248,0.001242,0.002196
0,-0.17936,-0.018574,-0.131616,0.124121,-0.087331,0.109584,0.002487,0.000324
0,-0.065411,-0.158073,0.130319,-0.167131,0.180156,-0.153926,0.001142,0.002759
0,0.034028,-0.046808,0.108137,0.10655,0.105467,0.080344,0.000594,0.000817
0,-0.154761,0.042738,-0.197261,0.110025,-0.223908,0.065457,0.002701,0.000746
0,-0.02159,-0.164345,0.153383,-0.220457,0.104954,-0.174989,0.000377,0.002749
0,-0.179293,-0.163547,-0.176311,0.001782,-0.159298,0.008778,0.002488,0.002763
0,-0.007679,-0.135678,0.184601,0.044756,0.191808,-0.004215,0.000134,0.002368
0,-0.008535,-0.199503,0.014169,-0.089402,-0.00817,-0.045428,0.000149,0.002136
0,-0.169436,-0.206008,-0.132316,-0.024468,-0.149335,0.025525,0.00266,0.002022
0,-0.03335,-0.192798,0.153987,0.021058,0.175067,0.014013,0.000582,0.002253
0,-0.058492,-0.218869,-0.054405,-0.017037,-0.086425,0.016752,0.001021,0.001798
0,-0.15983,-0.142794,-0.079912,0.101655,-0.102323,0.111116,0.00279,0.002492
0,-0.008698,-0.027994,0.135364,0.095693,0.100083,0.093032,0.000152,0.000489
0,-0.0207,-0.002015,-0.02933,0.048854,0.019514,0.030538,0.000361,3.5e-05
0,-0.055118,-0.112242,-0.049692,-0.093474,-0.008096,-0.073682,0.000962,0.001959
0,-0.093738,-0.006107,-0.031959,0.112709,-0.042148,0.132789,0.001636,0.000107
0,0.044936,-0.040578,0.157576,-0.039504,0.156581,0.002146,0.000784,0.000708
0,0.015156,-0.167443,-0.029518,-0.141655,-0.048922,-0.138229,0.000265,0.002695
0,-0.04648,0.114989,-0.084509,0.301694,-0.042128,0.277575,0.000811,0.002007
0,-0.160726,0.119626,-0.139517,-0.009279,-0.167648,-0.047791,0.002805,0.002088
0,-0.011676,-0.063579,0.16929,-0.17966,0.217193,-0.220254,0.000204,0.00111
0,-0.081839,-0.11994,-0.070369,-0.046288,-0.055298,-0.086686,0.001428,0.002093
0,-0.103791,0.014291,-0.030415,0.141217,-0.018028,0.099416,0.001812,0.000249
0,-0.066206,0.041248,0.048847,0.004646,0.000136,0.040466,0.001156,0.00072
0,-0.18116,0.037454,-0.098534,-0.027453,-0.059373,-0.059951,0.002456,0.000654
0,-0.252399,-0.157256,-0.042591,-0.205509,0.004481,-0.235021,0.001212,0.002745
0,-0.238922,0.023354,-0.001006,0.204468,0.004062,0.175779,0.001448,0.000408
0,-0.043479,0.074059,0.205831,0.027981,0.177991,0.032194,0.000759,0.001293
0,-0.227792,0.098842,-0.157507,0.052333,-0.180108,0.058686,0.001642,0.001725
0,-0.093057,-0.032567,0.113848,-0.116549,0.112175,-0.096934,0.001624,0.000568
0,-0.143677,-0.137553,-0.021149,-0.099693,-0.055689,-0.093132,0.002508,0.002401
0,-0.089877,0.087507,0.070474,0.218095,0.112008,0.240995,0.001569,0.001527
0,-0.113985,-0.112065,0.003599,-0.197761,-0.033819,-0.243426,0.001989,0.001956
0,-0.123973,0.074378,-0.030972,0.175905,-0.048132,0.179495,0.002164,0.001298
0,-0.094999,-0.024443,0.011576,-0.102674,-0.002572,-0.135347,0.001658,0.000427
0,0.073251,0.054232,0.13945,0.056089,0.107213,0.076135,0.001278,0.000947
0,0.16178,-0.036992,0.109113,-0.121084,0.155085,-0.133339,0.002794,0.000646
0,0.127087,-0.079894,-0.025226,-0.060298,-0.062128,-0.04605,0.002218,0.001394
0,0.035905,-0.069424,-0.08356,0.004448,-0.105249,0.005955,0.000627,0.001212
0,0.125254,-0.018358,0.066474,0.059187,0.095733,0.064725,0.002186,0.00032
0,-0.079586,0.115391,-0.178801,0.142907,-0.192161,0.188565,0.001389,0.002014
0,-0.020748,-0.108296,0.049857,-0.246431,0.096867,-0.218497,0.000362,0.00189
0,0.129462,0.160816,0.17407,0.250658,0.1444,0.251308,0.00226,0.002807
0,0.12671,-0.050778,-0.032448,-0.230654,-0.076595,-0.218267,0.002212,0.000886
0,0.026487,0.118595,-0.072686,0.16704,-0.09802,0.142344,0.000462,0.00207
0,0.076525,0.056472,0.06716,-0.089015,0.02131,-0.085921,0.001336,0.000986
0,-0.02515,0.189391,-0.129941,0.136114,-0.177054,0.154556,0.000439,0.002312
0,0.102151,0.209339,0.143586,0.037162,0.131138,0.05713,0.001783,0.001964
0,0.001981,0.187688,-0.105043,-0.016258,-0.114433,-0.020636,3.5e-05,0.002342
0,0.047763,0.11434,0.054059,-0.083376,0.064194,-0.094276,0.000834,0.001996
0,0.145406,-0.034082,0.104364,-0.139273,0.111588,-0.091381,0.002538,0.000595
0,-0.105036,0.024926,-0.248763,0.049792,-0.26478,0.07785,0.001833,0.000435
0,0.009806,0.036019,0.126965,0.013228,0.158553,0.017088,0.000171,0.000629
0,-0.01955,0.064341,-0.052949,0.052902,-0.063728,0.088163,0.000341,0.001123
0,0.052529,0.006041,0.090359,-0.075087,0.079133,-0.07858,0.000917,0.000105
0,0.10963,0.14044,0.046397,0.12262,0.081731,0.11292,0.001913,0.002451
0,-0.10251,-0.086874,-0.186677,-0.209044,-0.235988,-0.207019,0.001789,0.001516
0,-0.015409,-0.108245,0.077862,-0.024766,0.104852,-0.053123,0.000269,0.001889
0,-0.049651,-0.055161,-0.050168,0.081919,-0.085702,0.107391,0.000867,0.000963
0,0.245208,-0.133978,0.321977,-0.099794,0.314737,-0.148004,0.001338,0.002338
0,0.082697,-0.076764,-0.135239,0.069451,-0.135355,0.10059,0.001443,0.00134
0,0.098153,-0.027252,0.03189,0.029442,0.045171,0.04146,0.001713,0.000476
0,0.108512,0.036333,-0.009029,0.087222,-0.006566,0.111613,0.001894,0.000634
0,0.06065,-0.133839,-0.056745,-0.184011,-0.024038,-0.200058,0.001059,0.002336
0,-0.631381,0.12751,-0.663484,0.252802,-0.640544,0.209835,0.000215,0.002225
0,-0.793047,0.220377,-0.145408,0.068583,-0.095577,0.06084,0.002606,0.001771
0,-0.899581,0.384964,-0.126059,0.190247,-0.091396,0.196809,0.001152,0.001101
0,-0.680524,0.296015,0.199203,-0.095783,0.16315,-0.14539,0.000642,0.000451
0,-0.927386,0.126444,-0.23711,-0.1683,-0.267145,-0.210329,0.000667,0.002207
0,-0.527529,0.349746,0.416956,0.198423,0.425293,0.161446,0.002028,0.000487
0,-0.686759,0.113937,-0.164035,-0.260541,-0.117709,-0.275997,0.000751,0.001989
0,-0.431886,0.212738,0.265674,0.072066,0.252006,0.075604,0.00192,0.001905
0,-0.305567,0.212486,0.115843,0.017762,0.095376,0.00334,0.000284,0.002106
0,-0.379118,0.238784,-0.057226,0.02795,-0.014088,0.067549,0.000999,0.002106
0,-0.126208,0.059419,0.223806,-0.178246,0.238557,-0.142296,0.002203,0.002106
0,-0.130295,-0.02376,0.022031,-0.092194,0.056623,-0.063678,0.002274,0.002106
0,-0.232348,0.069326,-0.096902,0.081877,-0.11351,0.082664,0.001562,0.002106
0,-0.039904,-0.015318,0.195496,-0.055005,0.230865,-0.051577,0.000696,0.002106
0,-0.056838,-0.070662,-0.030604,-0.039475,0.001341,-0.062765,0.000992,0.002106
0,0.02162,-0.056188,0.092728,-0.004171,0.081178,0.007488,0.000377,0.002106
0,-0.092188,0.054103,-0.116238,0.119148,-0.0989,0.092476,0.001609,0.002106
0,-0.20903,-0.004317,-0.142484,-0.069699,-0.110962,-0.028653,0.001969,0.002106
0,-0.009616,-0.02248,0.188858,-0.000568,0.204531,0.029928,0.000168,0.002106
0,0.03964,-0.200786,0.028768,-0.186412,0.012749,-0.152949,0.000692,0.002113
0,-0.137367,-0.203677,-0.205389,-0.021298,-0.194914,-0.002951,0.002398,0.002063
0,-0.20175,0.020511,-0.084815,0.202946,-0.083094,0.175243,0.002096,0.000358
0,-0.152539,-0.128974,0.026192,-0.143606,0.061739,-0.173984,0.002662,0.002251
0,-0.236623,0.020696,-0.085244,0.13771,-0.091102,0.088165,0.001488,0.000361
0,-0.168861,-0.03697,0.066547,-0.054691,0.079896,-0.004703,0.00267,0.000645
0,-0.004605,-0.1948,0.154221,-0.146067,0.19992,-0.175447,8e-05,0.002218
0,-0.136705,0.009386,-0.10325,0.182638,-0.119999,0.137558,0.002386,0.000164
0,-0.190325,-0.171619,-0.04071,-0.197504,-0.088866,-0.237889,0.002296,0.002622
0,-0.216388,0.000538,-0.048023,0.185767,-0.081135,0.156114,0.001841,9e-06
0,-0.104339,0.088406,0.089836,0.109216,0.050825,0.064792,0.001821,0.001543
0,-0.215472,-0.038457,-0.139892,-0.105397,-0.188526,-0.123427,0.001857,0.000671
0,-0.283581,-0.106283,-0.055717,-0.096976,-0.021441,-0.113037,0.000668,0.001855
0,-0.086433,0.054982,0.212542,0.175604,0.253758,0.158111,0.001509,0.00096
0,-0.219973,-0.118243,-0.133565,-0.16752,-0.160584,-0.182279,0.001778,0.002064
0,-0.099272,-0.124649,0.098677,0.004747,0.061969,-0.005427,0.001733,0.002176
0,-0.018146,0.062115,0.097444,0.174674,0.100018,0.188407,0.000317,0.001084
0,-0.086426,-0.037493,-0.083776,-0.1002,-0.06336,-0.083861,0.001508,0.000654
0,-2.006009,-0.175965,-1.924138,-0.156853,-1.891196,-0.194339,0.001306,0.002546
0,-3.614775,-0.235996,-1.612907,-0.046043,-1.646921,-0.074069,0.001297,0.001499
0,-3.022381,-0.42184,0.600867,-0.200539,0.560978,-0.220632,0.002193,0.001745
0,-2.64642,-0.442749,0.396603,-0.005828,0.439598,0.028006,0.001249,0.00211
0,-2.51954,-0.212497,0.138197,0.233953,0.162277,0.250684,0.000966,0.001909
0,-2.105481,-0.15351,0.394619,0.059559,0.369738,0.01832,0.002575,0.002679
0,-1.380853,-0.245088,0.695712,-0.068659,0.725476,-0.073254,0.00163,0.00134
0,-0.942023,-0.024873,0.462887,0.201282,0.500406,0.227158,0.000411,0.000434
0,-0.528208,-0.123407,0.421851,-0.103958,0.403561,-0.061987,0.002016,0.002154
0,-0.397121,-0.220898,0.147581,-0.11243,0.142542,-0.122752,0.001314,0.001762
0,-0.242172,0.029197,0.131672,0.233433,0.095651,0.220792,0.001391,0.00051
0,0.042428,0.075785,0.30326,0.019079,0.283202,0.045287,0.000741,0.001323
0,0.107547,-0.06133,0.058238,-0.1155,0.048622,-0.085049,0.001877,0.00107
0,0.090394,-0.161127,-0.037616,-0.120761,-0.055645,-0.139348,0.001578,0.002805
0,0.291824,0.092966,0.219905,0.248573,0.266251,0.209869,0.000524,0.001623
0,0.151078,0.020957,-0.145337,-0.068748,-0.10672,-0.118148,0.002637,0.000366
0,0.094119,0.046852,-0.0646,-0.000654,-0.096564,-0.002211,0.001643,0.000818
0,0.073782,0.016436,-0.003794,-0.0045,0.041185,-0.012357,0.001288,0.000287
0,0.079608,0.097877,0.006305,0.065127,0.01345,0.052691,0.001389,0.001708
0,0.238621,0.140448,0.160578,0.051717,0.187594,0.004557,0.001453,0.002451
0,0.179514,-0.042899,-0.052278,-0.162377,-0.074147,-0.195644,0.002484,0.000749
0,0.246022,0.177015,0.049711,0.248481,0.079436,0.293202,0.001324,0.002528
0,0.161412,-0.011941,-0.084194,-0.193369,-0.072011,-0.153089,0.0028,0.000208
0,0.114565,0.16404,-0.057725,0.187435,-0.013957,0.170191,0.002,0.002754
0,-0.090132,-0.070838,-0.191477,-0.205703,-0.183725,-0.178864,0.001573,0.001236
0,-0.087132,-0.007846,0.00451,0.071293,-0.04366,0.049991,0.001521,0.000137
0,0.157496,0.082584,0.229289,0.076825,0.223454,0.117623,0.002749,0.001441
0,-0.075532,-0.075491,-0.238874,-0.141613,-0.28799,-0.123474,0.001318,0.001318
0,0.222233,-0.047993,0.314719,0.052731,0.302497,0.090701,0.001739,0.000838
0,0.177669,0.189459,-0.01839,0.235028,-0.034182,0.197032,0.002517,0.002311
0,-0.030854,0.041158,-0.234349,-0.139273,-0.243527,-0.155461,0.000539,0.000718
0,0.067134,0.002489,0.099361,-0.066504,0.056455,-0.027457,0.001172,4.3e-05
0,0.035692,0.015942,-0.030855,0.010165,-0.017467,0.02916,0.000623,0.000278
0,-0.034065,0.092718,-0.051406,0.070755,-0.023042,0.045338,0.000595,0.001618
0,0.069092,0.02862,0.087338,-0.056099,0.106457,-0.058183,0.001206,0.0005
0,-0.04146,0.13392,-0.110177,0.102167,-0.147237,0.146111,0.000724,0.002337
0,0.108737,0.136132,0.125975,-0.006207,0.154429,-0.048582,0.001898,0.002376
0,-0.022435,0.104497,-0.132745,-0.039642,-0.147965,-0.037411,0.000392,0.001824
0,0.053138,-0.05972,0.10141,-0.164386,0.100555,-0.154924,0.000927,0.001042
0,0.021523,0.098459,-0.047656,0.13402,0.000509,0.146103,0.000376,0.001718
0,-0.026486,-0.025949,-0.023463,-0.096724,0.001074,-0.140342,0.000462,0.000453
0,0.16532,-0.106348,0.211381,-0.053166,0.18744,-0.066896,0.002732,0.001856
0,0.182222,0.081214,-0.00573,0.169452,-0.017343,0.148418,0.002437,0.001417
0,0.209076,0.001541,-0.001133,-0.093921,-0.018154,-0.074174,0.001968,2.7e-05
0,0.042003,0.14116,-0.149174,0.163262,-0.165938,0.173321,0.000733,0.002464
0,0.126342,0.09817,0.10018,-0.045054,0.085304,-0.056474,0.002205,0.001713
0,0.029767,-0.007977,-0.074912,-0.086249,-0.10794,-0.10442,0.00052,0.000139
0,0.269123,0.217001,0.223358,0.247931,0.206291,0.226292,0.00092,0.00183
0,0.132361,0.00649,-0.120512,-0.188196,-0.12193,-0.177388,0.00231,0.000113
0,0.275588,-0.039202,0.161812,-0.056278,0.119046,-0.047292,0.000808,0.000684
0,0.222143,0.020975,-0.059332,0.077128,-0.066766,0.10894,0.00174,0.000366
0,0.272659,0.239173,0.02481,0.238358,0.003068,0.206227,0.000859,0.001443
0,0.093828,0.16734,-0.169666,-0.097638,-0.16052,-0.120383,0.001638,0.002697
0,0.305959,-0.028385,0.196335,-0.190749,0.201603,-0.160803,0.000278,0.000495
0,0.100708,-0.028138,-0.228824,0.003463,-0.192098,0.036695,0.001758,0.000491
0,0.145528,0.216882,0.038356,0.24221,0.004471,0.223388,0.00254,0.001832
0,0.170399,0.215173,0.037751,-0.001075,0.0558,-0.035316,0.002643,0.001862
0,0.299696,0.220289,0.150065,-0.014115,0.19874,0.017673,0.000387,0.001773
0,0.165254,0.103234,-0.155796,-0.102318,-0.165455,-0.092792,0.002733,0.001802
0,0.029765,0.037918,-0.115341,-0.041228,-0.075591,-0.056338,0.000519,0.000662
0,0.068415,0.049019,0.015511,0.028504,0.011229,0.069481,0.001194,0.000856
0,0.048938,-0.091572,-0.003419,-0.110941,0.027198,-0.159983,0.000854,0.001598
0,0.237139,-0.013689,0.19278,0.064847,0.218948,0.078675,0.001479,0.000239
0,0.298911,-0.078754,0.06051,-0.081873,0.108949,-0.068365,0.000401,0.001375
0,0.254882,0.068213,-0.02259,0.135334,-0.004521,0.177787,0.001169,0.001191
0,0.068748,0.132601,-0.197748,0.077199,-0.242885,0.099971,0.0012,0.002314
0,0.133646,0.194301,0.083011,0.035305,0.086728,0.052859,0.002333,0.002226
0,0.202682,-0.043925,0.053331,-0.214408,0.026771,-0.193915,0.00208,0.000767
0,0.101328,0.052531,-0.086208,0.090362,-0.085702,0.125921,0.001769,0.000917
0,0.085507,-0.033511,0.011307,-0.09946,-0.023778,-0.11636,0.001492,0.000585
0,0.04836,-0.027908,-0.035522,0.029165,-0.00487,0.044671,0.000844,0.000487
0,0.155912,0.15245,0.080224,0.158613,0.053117,0.127697,0.002721,0.002661
0,0.145047,-0.082657,-0.037399,-0.225985,-0.071686,-0.216556,0.002532,0.001443
0,-0.004268,0.121899,-0.137997,0.229867,-0.156362,0.208965,7.4e-05,0.002128
0,-0.10993,0.099235,-0.077213,-0.010351,-0.110684,-0.056901,0.001919,0.001732
0,0.06311,0.174588,0.164125,0.076587,0.162015,0.040271,0.001101,0.00257
0,-0.059635,-0.100941,-0.105218,-0.299813,-0.078535,-0.331016,0.001041,0.001762
0,0.121117,-0.014108,0.185167,0.09483,0.214482,0.076284,0.002114,0.000246
0,0.056787,0.082667,-0.08755,0.097249,-0.048757,0.138178,0.000991,0.001443
0,-0.044207,0.03212,-0.115965,-0.025833,-0.098784,-0.043661,0.000772,0.000561
0,-0.031148,0.064498,0.032211,0.006636,0.003131,0.049874,0.000544,0.001126
0,-0.031875,-0.109485,-0.012151,-0.199195,-0.032205,-0.22494,0.000556,0.001911
0,0.00379,-0.113985,0.046961,0.020682,0.009439,-0.028422,6.6e-05,0.001989
0,0.038082,-0.052262,0.06352,0.034547,0.099566,0.015061,0.000665,0.000912
0,0.092613,-0.075844,0.083716,-0.045867,0.100713,-0.002784,0.001616,0.001324
0,0.101678,-0.079051,0.021084,-0.019323,-0.006447,-0.069009,0.001775,0.00138
0,-0.157012,-0.056022,-0.249091,0.01443,-0.269511,0.04826,0.00274,0.000978
0,0.011011,-0.0602,0.169567,-0.001624,0.170963,0.003674,0.000192,0.001051
0,-0.049008,0.047443,-0.045089,0.081681,-0.034763,0.066972,0.000855,0.000828
0,-0.192028,0.071391,-0.165301,0.049728,-0.171924,0.098095,0.002266,0.001246
0,0.030989,0.105324,0.251947,0.022482,0.254404,-0.008089,0.000541,0.001838
0,-0.173406,-0.039501,-0.189092,-0.171974,-0.174353,-0.184708,0.002591,0.000689
0,-0.213668,0.002851,-0.01465,0.060769,-0.042371,0.016518,0.001888,5e-05
0,-0.108559,-0.146501,0.130041,-0.123971,0.147181,-0.110113,0.001895,0.002557
0,0.04419,-0.133752,0.143954,0.018004,0.135619,0.053221,0.000771,0.002334
0,-0.021417,0.111633,-0.067883,0.263397,-0.057573,0.235648,0.000374,0.001948
0,-0.126396,0.074952,-0.097061,-0.050289,-0.140627,-0.086841,0.002206,0.001308
0,0.046234,-0.047115,0.187972,-0.150923,0.222854,-0.130144,0.000807,0.000822
0,0.067861,-0.011213,0.027254,0.037947,0.061057,0.004591,0.001184,0.000196
0,0.074293,-0.090852,-0.011113,-0.089549,0.023047,-0.067346,0.001297,0.001586
0,-0.153104,0.117571,-0.22339,0.234737,-0.201034,0.22958,0.002672,0.002052
0,0.042063,0.139655,0.169008,0.043565,0.175986,0.090762,0.000734,0.002437
0,0.019968,0.19472,-0.042675,0.080485,-0.04776,0.077317,0.000349,0.002219
0,-0.037394,0.03027,-0.076541,-0.165562,-0.052259,-0.13664,0.000653,0.002106
0,-0.149836,0.010822,-0.1267,-0.030527,-0.161982,-0.033499,0.002615,0.002106
0,-0.027214,-0.052479,0.107279,-0.051517,0.138919,-0.044455,0.000475,0.002106
0,-0.166368,0.045455,-0.161019,0.08769,-0.139948,0.04131,0.002714,0.002106
0,-0.122927,-0.060779,0.043964,-0.105971,0.089524,-0.065736,0.002145,0.002106
0,-0.260508,-0.017955,-0.15589,0.058858,-0.201408,0.009024,0.001071,0.002106
0,-0.209079,0.162673,0.036028,0.206237,0.065565,0.165646,0.001968,0.002106
0,-0.297059,0.103272,-0.094215,-0.041964,-0.07653,0.005679,0.000433,0.002106
0,-0.310158,0.089527,-0.039093,-0.026934,-0.034512,-0.041081,0.000204,0.002106
0,-0.218659,0.046715,0.073977,-0.045355,0.107608,-0.058894,0.001801,0.002106
0,-0.036522,0.108251,0.198666,0.036597,0.248015,0.02882,0.000637,0.002106
0,0.023329,-0.075426,0.066375,-0.178826,0.087769,-0.165896,0.000407,0.002106
0,0.038471,0.00232,0.039694,0.09599,0.026642,0.130414,0.000671,0.002106
0,-0.07171,0.014274,-0.107201,-0.012153,-0.104133,-0.010689,0.001252,0.002106
0,-0.185341,0.174016,-0.093388,0.129881,-0.128358,0.108225,0.002383,0.002106
0,-0.180743,0.043056,0.015004,-0.106828,-0.004287,-0.116792,0.002463,0.002106
0,-0.041434,-0.090425,0.134799,-0.129151,0.162751,-0.099216,0.000723,0.002106
0,-0.168535,0.145737,-0.117427,0.219559,-0.166104,0.238041,0.002676,0.002106
0,0.029087,-0.052638,0.1715,-0.178342,0.167637,-0.190564,0.000508,0.002106
0,-0.093345,0.13345,-0.15146,0.169972,-0.120373,0.129462,0.001629,0.002106
0,-0.06793,0.128465,0.017389,0.000372,-0.028064,-0.002181,0.001186,0.002106
0,-0.09344,0.158291,-0.034679,0.038994,-0.047395,0.077062,0.001631,0.002106
0,-0.017266,0.130087,0.059517,-0.058158,0.033851,-0.070064,0.000301,0.002106
0,-0.140255,-0.11389,-0.101813,-0.222421,-0.120957,-0.269377,0.002448,0.002106
0,-0.140103,0.111633,0.005583,0.212965,0.054177,0.197381,0.002445,0.002106
0,-0.082526,0.070419,0.057333,-0.034653,0.058262,-0.070031,0.00144,0.002106
0,0.042025,0.046524,0.146943,-0.039793,0.179832,-0.022969,0.000733,0.002106
0,-0.242981,0.064763,-0.304621,-0.005694,-0.27065,-0.035705,0.001377,0.002106
0,-0.090974,-0.085985,0.167018,-0.175115,0.12682,-0.18699,0.001588,0.002106
0,-0.148665,-0.032537,-0.080301,0.035169,-0.050767,0.001634,0.002595,0.002106
0,0.069887,0.049413,0.215198,0.101879,0.204575,0.083421,0.00122,0.002106
0,-0.114723,-0.074058,-0.213822,-0.136622,-0.191274,-0.100451,0.002002,0.002106
0,0.063109,0.095872,0.165249,0.176738,0.149994,0.224741,0.001101,0.002106
0,-0.101363,0.057196,-0.177161,-0.010884,-0.160562,0.038226,0.001769,0.002106
0,-0.181113,0.040638,-0.098375,-0.030084,-0.140642,-0.026972,0.002456,0.002106
0,0.022673,0.035579,0.18628,-0.024694,0.175079,0.01658,0.000396,0.002106
0,0.05853,-0.123259,0.017746,-0.168023,-0.001473,-0.169331,0.001022,0.002151
0,0.136425,0.013298,0.083757,0.149159,0.037366,0.19097,0.002381,0.002106
0,0.064548,-0.008222,-0.053444,-0.003232,-0.018353,0.044399,0.001127,0.002106
0,0.087008,0.087535,-0.004362,0.079,0.011276,0.114295,0.001519,0.002106
0,-0.043213,0.134828,-0.134358,0.038529,-0.095779,0.036148,0.000754,0.002106
0,0.118055,0.02894,0.136827,-0.080358,0.159285,-0.09828,0.00206,0.002106
0,0.123281,-0.039732,-0.018578,-0.080896,-0.030966,-0.047418,0.002152,0.002106
0,-0.029084,0.047903,-0.141885,0.061457,-0.175262,0.039856,0.000508,0.002106
0,-0.032508,-0.073451,-0.014573,-0.148067,-0.016948,-0.107307,0.000567,0.002106
0,0.178367,-0.099318,0.210831,-0.042224,0.182092,-0.031805,0.002504,0.002106
0,-0.011013,0.011006,-0.162389,0.100821,-0.152268,0.057356,0.000192,0.002106
0,0.222015,-0.147791,0.235609,-0.13535,0.220614,-0.164282,0.001743,0.002579
0,0.123402,-0.011675,-0.12345,0.15232,-0.074787,0.18653,0.002154,0.002106
0,-0.005821,0.164069,-0.144529,0.152175,-0.140327,0.186614,0.000102,0.002106
0,0.129411,0.002949,0.121257,-0.184906,0.14854,-0.169186,0.002259,0.002106
0,-0.002648,0.027704,-0.158786,0.013721,-0.185771,-0.016027,4.6e-05,0.002106
0,0.014761,0.096976,0.00134,0.062446,0.006308,0.075886,0.000258,0.002106
0,0.169825,-0.149766,0.149719,-0.23166,0.183911,-0.20552,0.002654,0.002614
0,0.259823,-0.147877,0.070191,-0.021654,0.049101,-0.018075,0.001083,0.002581
0,0.223577,0.045264,-0.03313,0.17963,-0.080839,0.14305,0.001715,0.002106
0,0.122905,-0.054565,-0.100299,-0.112176,-0.055325,-0.070554,0.002145,0.002106
0,0.040678,-0.067252,-0.056662,-0.028526,-0.070352,-0.000607,0.00071,0.002106
0,0.087585,-0.131051,0.019019,-0.072982,0.005599,-0.082493,0.001529,0.002287
0,-0.079715,-0.003534,-0.1779,0.156808,-0.225497,0.193848,0.001391,0.002106
0,0.131446,-0.073609,0.220422,-0.09178,0.23775,-0.138664,0.002294,0.002106
0,0.139014,-0.091007,0.033057,-0.032501,0.068437,0.004358,0.002426,0.002106
0,-0.025779,-0.167779,-0.138866,-0.100355,-0.128365,-0.057928,0.00045,0.002689
0,-0.040102,0.105753,-0.019931,0.301968,-0.00966,0.273893,0.0007,0.001846
0,0.01816,-0.142275,0.038363,-0.273635,0.031198,-0.249757,0.000317,0.002483
0,0.165282,-0.08709,0.156125,0.050486,0.107669,0.013962,0.002733,0.00152
0,-0.095558,-0.090729,-0.267887,-0.017776,-0.257203,-0.025888,0.001668,0.001584
0,0.130757,-0.161497,0.239179,-0.076685,0.22053,-0.051043,0.002282,0.002799
0,0.010871,-0.156326,-0.134947,0.032026,-0.096473,-0.017168,0.00019,0.002728
0,0.208638,0.07075,0.225789,0.234883,0.232476,0.265846,0.001976,0.001235
0,-0.026494,-0.006851,-0.234454,-0.075745,-0.200313,-0.063211,0.000462,0.00012
0,0.09951,0.075924,0.106104,0.106188,0.063408,0.134774,0.001737,0.001325
0,0.021992,0.163795,-0.069511,0.062443,-0.098562,0.049437,0.000384,0.002759
0,-1.964483,-1.313185,-1.959905,-1.468534,-1.979999,-1.45631,0.000582,0.000449
0,-1.774919,-2.323209,0.201828,-1.001415,0.24159,-0.962206,0.002727,0.001225
0,-1.580148,-3.299874,0.198002,-0.957778,0.151055,-0.954274,0.000509,0.001419
0,-1.305355,-3.052461,0.293525,0.242663,0.245819,0.262606,0.000313,0.002718
0,-1.123164,-2.374935,0.207902,0.651829,0.185393,0.673629,0.00275,0.002128
0,-1.082722,-2.057796,0.053112,0.329941,0.098401,0.342675,0.002045,0.00221
0,-0.859002,-1.060035,0.221751,0.970787,0.202874,0.926448,0.00186,0.001649
0,-0.453088,-0.753593,0.395994,0.283678,0.350739,0.314455,0.00229,0.001918
0,-0.277937,-0.554906,0.18235,0.174063,0.228684,0.216013,0.000767,0.00155
0,-0.318485,-0.354245,-0.043623,0.185731,-0.079025,0.176435,5.9e-05,0.000565
0,-0.016196,0.007532,0.310679,0.357152,0.292046,0.348104,0.000283,0.000131
0,0.130715,-0.041951,0.158895,-0.031169,0.122417,-0.072649,0.002281,0.000732
0,2.968819,-1.157926,2.849237,-1.122037,2.816701,-1.107881,0.001258,0.00226
0,3.377564,-2.314299,0.405327,-1.1395,0.357588,-1.165577,0.002775,0.00107
0,4.410988,-2.083045,1.02725,0.202037,1.042044,0.167815,0.001659,0.002651
0,4.413295,-1.855817,-0.008907,0.223846,0.01185,0.218441,0.001619,0.001315
0,3.569739,-1.663944,-0.815352,0.180021,-0.786094,0.200153,0.000511,0.000954
0,2.878214,-1.495645,-0.689064,0.185051,-0.728035,0.204294,0.000323,0.001984
0,2.430832,-1.024539,-0.474242,0.483923,-0.48727,0.531745,0.002514,0.001029
0,1.595886,-1.023142,-0.853055,-0.002727,-0.882973,-0.03346,0.000234,0.001005
0,0.911308,-0.713661,-0.68797,0.308501,-0.638581,0.278735,0.000947,0.001221
0,-0.024574,-0.532558,-0.916319,0.177674,-0.907678,0.162316,0.000429,0.00194
0,-0.307164,-0.265181,-0.265421,0.280417,-0.254472,0.282813,0.000256,0.000989
0,-0.324103,-0.089351,-0.034397,0.195439,-0.049899,0.219503,3.9e-05,0.001559
0,-0.297216,0.210992,0.019739,0.295953,-0.028584,0.316749,0.00043,0.001935
0,-0.244555,0.139001,0.024115,-0.04519,0.05171,-0.008823,0.001349,0.002426
0,-0.201167,0.200177,0.056683,0.067285,0.057776,0.025408,0.002106,0.002124
0,-0.229165,0.311342,-0.004435,0.10067,0.002444,0.091346,0.001618,0.000184
0,-0.316134,0.318902,-0.071697,0.015144,-0.082108,-0.018063,0.0001,5.2e-05
0,-0.255244,0.027039,0.06529,-0.27176,0.027338,-0.256797,0.001163,0.000472
0,-0.340373,0.13367,-0.086323,0.081529,-0.087139,0.063194,0.000323,0.002333
0,-0.140333,0.032723,0.183274,-0.071618,0.196613,-0.053983,0.002449,0.000571
0,-0.181318,0.22395,-0.059521,0.176532,-0.025419,0.181618,0.002453,0.001709
0,-0.285301,0.048004,-0.110514,-0.174797,-0.117469,-0.211771,0.000638,0.000838
0,-0.084129,0.017863,0.198768,-0.039119,0.152581,-0.007126,0.001468,0.000312
0,-0.155795,0.174246,-0.064327,0.16842,-0.054583,0.182598,0.002719,0.002576
0,-0.031352,0.088394,0.10744,-0.080459,0.144135,-0.030899,0.000547,0.001543
0,-0.240407,0.15628,-0.223422,0.042972,-0.206373,0.04494,0.001422,0.002728
0,0.027295,0.097964,0.241311,-0.055519,0.215476,-0.018915,0.000476,0.00171
0,0.011881,0.025504,0.009092,-0.09273,-0.012892,-0.061723,0.000207,0.000445
0,-0.037736,0.210745,-0.037466,0.179272,-0.016515,0.1497,0.000659,0.001939
0,0.033257,0.155571,0.097183,-0.078515,0.120395,-0.052915,0.00058,0.002715
0,-0.134033,0.095404,-0.181742,-0.078008,-0.184755,-0.074073,0.002339,0.001665
0,0.034217,-0.010243,0.172164,-0.103875,0.204257,-0.062361,0.000597,0.000179
0,-0.14624,-0.031992,-0.157359,0.006967,-0.1356,0.050811,0.002552,0.000558
0,-0.211139,0.110264,-0.080218,0.115861,-0.034067,0.080439,0.001932,0.001924
0,0.007911,0.046069,0.21931,-0.068697,0.179118,-0.054915,0.000138,0.000804
0,-0.251128,-0.028924,-0.267738,-0.094916,-0.303804,-0.080985,0.001234,0.000505
0,0.001968,0.005089,0.253237,0.016742,0.24419,0.014834,3.4e-05,8.9e-05
0,0.043582,-0.062151,0.037054,-0.091488,-0.006674,-0.107662,0.000761,0.001085
0,-0.148609,-0.087104,-0.179072,-0.00322,-0.221664,0.017937,0.002594,0.00152
0,-0.004554,0.003908,0.1618,0.104656,0.18113,0.11451,7.9e-05,6.8e-05
0,-0.033556,0.003108,-0.026649,-0.001663,-0.003215,0.032272,0.000586,5.4e-05
0,-0.159175,0.003915,-0.153913,-0.011742,-0.115817,0.015308,0.002778,6.8e-05
0,-0.053871,-0.093443,0.101859,-0.071914,0.132197,-0.046792,0.00094,0.001631
0,-0.040539,-0.099005,-0.003287,-0.013105,0.005799,-0.01632,0.000708,0.001728
0,-0.105563,-0.06421,-0.084596,0.023463,-0.126705,0.031311,0.001842,0.001121
0,0.152336,-0.143635,0.275539,-0.066162,0.267825,-0.096101,0.002659,0.002507
0,0.010444,0.012491,-0.150295,0.12935,-0.199876,0.153085,0.000182,0.000218
0,0.0626,-0.047098,0.040109,-0.036133,0.041601,-0.06386,0.001093,0.000822
0,0.009097,-0.096536,-0.055283,-0.050203,-0.080219,-0.048283,0.000159,0.001685
0,0.006466,0.010696,0.006514,0.081636,0.02095,0.06189,0.000113,0.000187
0,0.0345,-0.167752,0.03438,-0.155912,0.052988,-0.171257,0.000602,0.00269
0,-0.052522,-0.063648,-0.08063,0.104658,-0.033917,0.146054,0.000917,0.001111
0,0.125229,-0.171895,0.159502,-0.136785,0.143197,-0.178118,0.002186,0.002617
0,-0.112188,0.009998,-0.240834,0.153721,-0.282274,0.130868,0.001958,0.000175
0,-0.059222,-0.130777,0.025426,-0.146709,0.030253,-0.112222,0.001034,0.002282
0,0.053386,-0.184658,0.107539,-0.063377,0.118353,-0.027337,0.000932,0.002395
0,0.016613,0.050007,-0.053483,0.239759,-0.043368,0.20331,0.00029,0.000873
0,0.127766,-0.11084,0.119038,-0.166147,0.145761,-0.20407,0.00223,0.001935
0,0.042152,0.045486,-0.096939,0.143661,-0.054148,0.123792,0.000736,0.000794
0,0.23878,-0.100579,0.183203,-0.143983,0.231184,-0.108975,0.00145,0.001755
0,0.131821,0.03276,-0.108829,0.131828,-0.066174,0.13322,0.002301,0.000572
0,0.078184,-0.187198,-0.06125,-0.222099,-0.080325,-0.177227,0.001365,0.00235
0,0.123922,-0.140749,0.065792,0.068443,0.070689,0.079173,0.002163,0.002457
0,0.109096,0.020771,-0.028733,0.179582,-0.013104,0.209143,0.001904,0.000363
0,0.039073,-0.230556,-0.064555,-0.225199,-0.02417,-0.183469,0.000682,0.001594
0,-0.02111,-0.174632,-0.08449,0.063322,-0.128033,0.059375,0.000368,0.00257
0,0.132519,-0.065661,0.182112,0.115629,0.151456,0.074865,0.002313,0.001146
0,0.011552,-0.255908,-0.11273,-0.178971,-0.10525,-0.183097,0.000202,0.001151
0,0.177777,-0.16958,0.140389,0.104855,0.156786,0.129747,0.002515,0.002658
0,0.220242,0.010658,0.044149,0.161726,0.0037,0.14475,0.001774,0.000186
0,0.184614,-0.011284,-0.045441,-0.039116,-0.058291,0.002006,0.002395,0.000197
0,0.300229,-0.044283,0.135544,-0.038516,0.08659,-0.028234,0.000378,0.000773
0,0.066646,0.006875,-0.214775,0.047443,-0.232001,0.026232,0.001163,0.00012
0,0.181774,-0.050754,0.139589,-0.053116,0.108058,-0.10105,0.002445,0.000886
0,0.00514,-0.056314,-0.18169,0.016297,-0.210255,0.042685,9e-05,0.000983
0,0.087313,-0.066894,0.068679,-0.040204,0.105161,-0.089156,0.001524,0.001168
0,0.313227,-0.073588,0.24577,0.004798,0.288409,-0.028476,0.000151,0.001284
0,0.319885,0.090248,-0.004539,0.184787,-0.039808,0.226123,3.4e-05,0.001575
0,0.000294,-0.073892,-0.345572,-0.192127,-0.370611,-0.174828,5e-06,0.00129
0,0.146955,-0.161816,0.131544,-0.114934,0.120018,-0.134249,0.002565,0.002793
0,0.087659,0.113809,-0.044495,0.292383,-0.064725,0.246473,0.00153,0.001986
0,0.014905,0.072219,-0.085552,-0.070017,-0.056698,-0.095471,0.00026,0.00126
0,-0.031253,-0.003436,-0.031832,-0.073588,-0.015126,-0.096632,0.000545,6e-05
0,0.230177,0.146906,0.244513,0.137719,0.283368,0.108291,0.0016,0.002564
0,-0.07177,0.062667,-0.279199,-0.062166,-0.326549,-0.023464,0.001253,0.001094
0,-0.023687,0.142283,0.071806,0.10861,0.071667,0.063152,0.000413,0.002483
0,0.174622,0.103469,0.179232,-0.012207,0.135679,-0.057433,0.00257,0.001806
0,0.139393,0.061943,-0.008277,-0.015263,-0.001573,-0.050659,0.002433,0.001081
0,0.013313,-0.098967,-0.143339,-0.163491,-0.173071,-0.206487,0.000232,0.001727
0,0.071731,-0.050926,0.077639,0.041856,0.045102,0.046188,0.001252,0.000889
0,-0.00567,0.01732,-0.060003,0.087364,-0.081582,0.119814,9.9e-05,0.000302
0,0.079286,0.16571,0.092312,0.135816,0.052503,0.094195,0.001384,0.002725
0,0.191829,-0.152032,0.084511,-0.341039,0.074781,-0.319286,0.002269,0.002653
0,0.031788,-0.152929,-0.171121,-0.011033,-0.179839,-0.059679,0.000555,0.002669
0,0.065261,0.064651,0.02268,0.224269,-0.025372,0.254798,0.001139,0.001128
0,0.006209,-0.07729,-0.04988,-0.121299,-0.043333,-0.171078,0.000108,0.001349
0,-0.014147,0.071432,-0.00699,0.135621,-0.009482,0.11947,0.000247,0.001247
0,0.005409,-0.130848,0.009787,-0.190924,-0.019824,-0.188253,9.4e-05,0.002284
0,-0.071799,0.059225,-0.06844,0.198961,-0.041351,0.187121,0.001253,0.001034
0,0.032711,-0.053373,0.101451,-0.102669,0.131991,-0.095546,0.000571,0.000932
0,-0.084066,-0.067733,-0.140391,-0.040376,-0.183505,-0.012356,0.001467,0.001182
0,0.020696,-0.06982,0.093284,0.020883,0.141089,-0.026284,0.000361,0.001219
0,-0.041988,-0.040054,-0.083105,0.015585,-0.13271,0.041618,0.000733,0.000699
0,-0.219815,-0.082504,-0.204217,-0.043526,-0.156019,-0.038604,0.001781,0.00144
0,-0.187882,-0.012968,0.040205,0.090199,0.078813,0.110431,0.002338,0.000226
0,0.008969,-0.047879,0.179758,-0.032579,0.198452,-0.011733,0.000157,0.000836
0,-0.053154,-0.083547,-0.036772,-0.00804,0.00477,0.00816,0.000928,0.001458
0,-0.038212,0.029702,0.001832,0.099662,-0.004404,0.128497,0.000667,0.000518
0,0.082455,-0.00463,0.105961,-0.02708,0.117579,0.017532,0.001439,8.1e-05
0,-0.025724,0.008409,-0.122252,0.041426,-0.113226,0.044,0.000449,0.000147
0,0.037345,-0.112218,0.057672,-0.098159,0.081348,-0.104867,0.000652,0.001959
0,-0.039855,-0.14786,-0.095416,-0.044098,-0.138007,-0.003081,0.000696,0.002581
0,0.076374,-0.043019,0.091735,0.101576,0.068112,0.076136,0.001333,0.000751
0,-0.185637,0.026435,-0.272643,0.073151,-0.299729,0.054488,0.002378,0.000461
0,-0.060666,0.110871,0.145403,0.063466,0.123362,0.067194,0.001059,0.001935
0,0.03723,0.079639,0.126465,-0.026351,0.135476,-0.038705,0.00065,0.00139
0,-0.14041,-0.111647,-0.196232,-0.201884,-0.223596,-0.192921,0.002451,0.001949
0,-0.119261,-0.045143,0.010911,0.038077,-0.015415,0.001413,0.002081,0.000788
0,0.132961,-0.1605,0.262345,-0.119356,0.238035,-0.113324,0.002321,0.002801
0,0.031368,-0.193769,-0.089278,-0.047364,-0.133833,-0.037723,0.000547,0.002236
0,0.086619,-0.100689,0.07184,0.12053,0.096002,0.140743,0.001512,0.001757
0,0.141285,-0.208997,0.059392,-0.12424,0.098196,-0.144437,0.002466,0.00197
0,-0.078155,0.036937,-0.236992,0.244223,-0.198149,0.2184,0.001364,0.000645
0,0.128491,-0.101922,0.180609,-0.113568,0.226592,-0.086215,0.002243,0.001779
0,0.004176,-0.113742,-0.148467,-0.026046,-0.111565,-0.021355,7.3e-05,0.001985
0,-0.098157,0.124356,-0.074156,0.223094,-0.045946,0.261022,0.001713,0.00217
0,0.058453,-0.074247,0.142552,-0.20627,0.15011,-0.25372,0.00102,0.001296
0,-0.109659,-0.100566,-0.196164,-0.041499,-0.198956,-0.046681,0.001914,0.001755
0,-0.024835,0.071597,0.105409,0.181342,0.148401,0.173661,0.000433,0.00125
0,-0.104716,0.148152,-0.071372,0.092298,-0.051238,0.060591,0.001828,0.002586
0,0.052512,0.077116,0.171963,-0.100117,0.156876,-0.080405,0.000917,0.001346
0,-0.105624,-0.023292,-0.185702,-0.074291,-0.188511,-0.08067,0.001843,0.000407
0,-0.185485,-0.07567,-0.091135,-0.05132,-0.119888,-0.024083,0.00238,0.001321
0,-0.275268,0.090399,-0.06251,0.138844,-0.098145,0.132964,0.000813,0.001578
0,-0.193539,0.135923,0.065683,0.046666,0.019952,0.090255,0.00224,0.002372
0,0.008951,-0.097113,0.224692,-0.236378,0.25352,-0.236672,0.000156,0.001695
0,-0.187516,-0.156888,-0.183209,-0.077262,-0.141569,-0.044337,0.002345,0.002738
0,0.060405,0.135814,0.219371,0.299208,0.207123,0.274854,0.001054,0.00237
0,-0.159057,0.059641,-0.223691,-0.098736,-0.264447,-0.096847,0.002776,0.001041
0,0.084655,0.132119,0.223215,0.059805,0.175471,0.074107,0.001478,0.002306
0,0.017646,-0.047028,-0.039547,-0.20895,-0.073918,-0.190987,0.000308,0.000821
0,-0.17346,-0.004525,-0.209242,0.019804,-0.201042,-0.030074,0.00259,7.9e-05
0,-0.216135,0.119185,-0.040702,0.112172,-0.088627,0.12031,0.001845,0.00208
0,-0.028247,0.110508,0.201495,0.00109,0.164751,-0.036346,0.000493,0.001929
0,0.011345,0.182457,0.016805,0.086103,0.04178,0.084394,0.000198,0.002433
0,-0.239779,0.136872,-0.223307,-0.023344,-0.255617,-0.027184,0.001433,0.002389
0,-0.230614,-0.054273,0.008364,-0.198674,-0.022888,-0.208561,0.001593,0.000947
0,-0.085329,0.185692,0.151202,0.246247,0.126233,0.26192,0.001489,0.002377
0,-0.258146,0.105778,-0.167823,-0.052843,-0.217016,-0.051185,0.001112,0.001846
0,-0.051242,0.068983,0.219077,-0.049526,0.254854,-0.06419,0.000894,0.001204
0,-0.037565,0.046546,0.023383,-0.02388,-0.021569,-0.014287,0.000656,0.000812
0,-0.034793,-0.044852,0.027168,-0.092003,0.04071,-0.140276,0.000607,0.000783
0,-0.035131,0.069574,0.02261,0.128112,0.049902,0.107445,0.000613,0.001214
0,-0.148089,-0.066915,-0.098969,-0.130579,-0.049627,-0.088508,0.002585,0.001168
0,-0.028262,0.091552,0.119137,0.186356,0.149568,0.153205,0.000493,0.001598
0,-0.09751,0.059584,-0.05408,-0.055451,-0.078216,-0.046562,0.001702,0.00104
0,0.052142,-0.016137,0.121239,-0.061907,0.073441,-0.029666,0.00091,0.000282
0,-0.214531,-0.085121,-0.272072,-0.086547,-0.270157,-0.131244,0.001873,0.001486
0,-0.567313,1.044204,-0.342375,1.102708,-0.368089,1.14396,0.001334,0.001372
0,-0.502178,1.199715,0.079168,0.130927,0.057272,0.16776,0.00247,0.001531
0,-0.612027,1.265754,-0.138343,0.064456,-0.089863,0.069426,0.000553,0.000378
0,-0.542598,1.213579,0.046069,-0.070338,0.011933,-0.025175,0.001765,0.001289
0,-0.502396,0.815926,0.052286,-0.406839,0.089824,-0.402357,0.002467,0.002612
0,-0.426436,0.418439,0.103302,-0.408722,0.121801,-0.391739,0.001825,0.001686
0,-0.148208,0.173577,0.290502,-0.227498,0.265486,-0.188584,0.002587,0.002588
0,-0.269197,0.08082,-0.139978,-0.09398,-0.173856,-0.101321,0.000919,0.001411
0,-0.180484,0.047627,0.059195,-0.027479,0.08674,-0.058381,0.002467,0.000831
0,-0.112194,-0.053238,0.090333,-0.121882,0.070405,-0.125997,0.001958,0.000929
0,-0.117216,-0.049741,0.00321,-0.013474,-0.023458,-0.015579,0.002046,0.000868
0,0.172392,0.114215,0.310633,0.170165,0.303508,0.127138,0.002609,0.001993
0,-0.071605,-0.068131,-0.228329,-0.180682,-0.194322,-0.222933,0.00125,0.001189
0,-0.128815,0.044775,-0.075631,0.086907,-0.069776,0.133082,0.002248,0.000781
0,0.040083,-0.018091,0.178352,-0.089182,0.205818,-0.053075,0.0007,0.000316
0,0.041866,0.016394,0.023389,0.062383,-0.015645,0.038867,0.000731,0.000286
0,-0.12714,0.0131,-0.152631,-0.028369,-0.200599,0.021193,0.002219,0.000229
0,-0.156407,0.178723,-0.010409,0.190064,0.016602,0.163493,0.00273,0.002498
0,-0.14099,-0.034522,0.012374,-0.229057,0.0049,-0.183417,0.002461,0.000603
0,-0.146862,0.036984,-0.016778,0.051424,-0.049762,0.091664,0.002563,0.000645
0,0.028901,0.080843,0.155208,0.057208,0.169183,0.058937,0.000504,0.001411
0,-0.072126,-0.017191,-0.086291,-0.105429,-0.11388,-0.122477,0.001259,0.0003
0,-0.007181,0.181688,0.079754,0.186109,0.032493,0.179261,0.000125,0.002446
0,-0.177187,0.016533,-0.163552,-0.192286,-0.144958,-0.149586,0.002525,0.000289
0,-0.027387,-0.013635,0.141014,-0.022369,0.150542,-0.008509,0.000478,0.000238
0,-0.242308,0.086956,-0.19115,0.127572,-0.191899,0.13928,0.001388,0.001518
0,-0.013716,-0.035896,0.249708,-0.106548,0.23423,-0.085205,0.000239,0.000627
0,-0.138233,0.185695,-0.152476,0.208022,-0.177773,0.23443,0.002413,0.002377
0,0.033458,-0.00081,0.195944,-0.171427,0.236892,-0.160594,0.000584,1.4e-05
0,-0.141394,0.02466,-0.192542,0.001688,-0.219406,-0.003219,0.002468,0.00043
0,-0.138688,0.172316,-0.020972,0.131511,-0.045503,0.100849,0.002421,0.00261
0,-0.134233,0.090783,0.025153,-0.10298,0.03736,-0.143956,0.002343,0.001584
0,-0.126018,-0.059334,0.028228,-0.1789,0.011807,-0.163328,0.002199,0.001036
0,0.008261,-0.007406,0.140835,0.048302,0.099317,0.08287,0.000144,0.000129
0,-0.062958,0.006417,-0.086712,-0.011603,-0.125331,-0.031939,0.001099,0.000112
0,0.024647,0.119082,0.073925,0.114917,0.061921,0.099386,0.00043,0.002078
0,0.044702,-0.026553,0.043623,-0.124202,0.025561,-0.11762,0.00078,0.000463
0,-0.181078,0.003123,-0.255408,0.03794,-0.249912,0.057801,0.002457,5.5e-05
0,0.016841,0.065453,0.175965,0.034411,0.144094,0.056212,0.000294,0.001142
0,-0.139396,0.093204,-0.136765,0.029025,-0.171927,0.052745,0.002433,0.001627
0,-0.044227,0.040958,0.087447,-0.025426,0.060638,-0.061963,0.000772,0.000715
0,-0.191481,0.242531,-0.137127,0.171879,-0.111858,0.149191,0.002276,0.001385
0,-0.103724,0.220581,0.064772,-0.045859,0.064181,-0.010667,0.00181,0.001768
0,-0.225862,0.208088,-0.150569,-0.037971,-0.184478,-0.019293,0.001675,0.001986
0,-0.238395,-0.032443,-0.007262,-0.211382,0.022135,-0.170508,0.001457,0.000566
0,-0.09552,0.123436,0.168868,0.179123,0.140911,0.136045,0.001667,0.002154
0,-0.013334,0.020078,0.05901,-0.096799,0.056487,-0.075755,0.000233,0.00035
0,-0.15057,0.046054,-0.147007,0.004898,-0.122907,-0.023783,0.002628,0.000804
0,0.02651,0.021551,0.150422,0.001381,0.131657,-0.047657,0.000463,0.000376
0,-0.042204,0.077815,-0.09515,0.046705,-0.097304,-0.000187,0.000737,0.001358
0,-0.090491,0.140205,-0.063433,0.085757,-0.035898,0.0727,0.001579,0.002447
0,0.014747,0.067412,0.091956,-0.083692,0.139018,-0.088642,0.000257,0.001177
0,-0.291456,-0.087227,-0.293895,-0.141487,-0.31159,-0.097145,0.000531,0.001522
0,-0.208467,-0.069197,0.105597,0.041558,0.143484,0.071597,0.001979,0.001208
0,-0.205012,0.109878,0.018702,0.191107,0.042914,0.190774,0.002039,0.001918
0,-0.03309,-0.014258,0.187923,-0.15131,0.201305,-0.11097,0.000578,0.000249
0,-0.185452,-0.005684,-0.162766,0.027364,-0.128755,0.01939,0.002381,9.9e-05
0,-0.225358,0.14812,-0.057917,0.124766,-0.063273,0.114991,0.001684,0.002585
0,0.07713,0.001755,0.307178,-0.130593,0.273024,-0.147339,0.001346,3.1e-05
0,-0.048554,0.025548,-0.113777,0.008138,-0.137799,0.030673,0.000847,0.000446
0,0.070236,0.070676,0.130863,0.042097,0.139468,0.089048,0.001226,0.001234
0,-0.048698,0.001468,-0.110826,-0.04867,-0.157881,-0.067025,0.00085,2.6e-05
0,-0.004964,0.162603,0.021946,0.13709,0.027906,0.131042,8.7e-05,0.00278
0,0.002126,-0.019748,0.011515,-0.197958,7.3e-05,-0.1588,3.7e-05,0.000345
0,-0.135879,0.008756,-0.122692,0.034415,-0.123592,0.037281,0.002372,0.000153
0,-0.142651,0.062114,0.003586,0.036389,0.003348,0.059229,0.00249,0.001084
0,-0.002387,-0.052385,0.163536,-0.136534,0.177464,-0.147111,4.2e-05,0.000914
0,-0.049379,-0.038585,-0.043538,0.041112,-0.000281,0.00997,0.000862,0.000673
0,-0.104112,-0.070658,-0.082545,-0.039131,-0.065551,-0.042006,0.001817,0.001233
0,-0.240115,0.084301,-0.116867,0.149168,-0.149216,0.136598,0.001427,0.001471
0,-0.238934,0.082363,-0.002601,-0.017107,0.012288,-0.010211,0.001447,0.001438
0,-0.199958,0.025945,0.044196,-0.054205,0.033098,-0.043875,0.002128,0.000453
0,0.002188,0.140862,0.195426,0.111299,0.242501,0.15069,3.8e-05,0.002459
0,-0.189717,0.141917,-0.184587,-0.023767,-0.190337,-0.016389,0.002306,0.002477
0,-0.00993,-0.068628,0.208646,-0.227532,0.242268,-0.261275,0.000173,0.001198
0,-0.003348,0.107048,-0.000942,0.191564,-0.019786,0.210049,5.8e-05,0.001868
0,0.007673,0.134121,-0.010789,0.003189,-0.019468,0.007973,0.000134,0.002341
0,-0.145354,0.082013,-0.162312,-0.07059,-0.154429,-0.042223,0.002537,0.001431
0,-0.2292,-0.102447,-0.072142,-0.169711,-0.100578,-0.147429,0.001617,0.001788
0,-0.227879,-0.08386,0.02251,0.022342,0.069949,0.016574,0.00164,0.001464
0,-0.037467,0.030825,0.19491,0.111555,0.200165,0.094189,0.000654,0.000538
0,-0.701572,-1.904202,-0.692221,-1.940054,-0.655135,-1.938754,0.00101,0.00047
0,-2.138175,-2.160603,-1.431928,-0.269724,-1.44686,-0.272049,0.002004,0.001613
0,-2.079838,-4.25827,0.064712,-2.111331,0.026086,-2.082591,0.002595,0.001293
0,-2.109677,-5.034171,-0.015357,-0.78905,-0.062741,-0.816674,0.002502,0.002017
0,-1.615322,-4.432966,0.512699,0.591151,0.471953,0.573321,0.000105,0.001275
0,-1.72083,-3.791978,-0.088376,0.663299,-0.066958,0.696974,0.001947,0.001228
0,-1.247212,-2.742503,0.462077,1.05693,0.504416,1.101152,0.000702,0.002692
0,-0.858952,-1.747054,0.389427,0.986158,0.385252,0.990616,0.001861,0.002404
0,-0.499865,-0.940789,0.332959,0.83587,0.299857,0.794581,0.002511,0.000433
0,-0.572413,-0.800948,-0.072966,0.141992,-0.044987,0.097927,0.001245,0.002744
0,-0.23637,-0.583379,0.348235,0.232986,0.307177,0.204631,0.001492,0.001053
0,-0.236516,-0.339078,-0.001317,0.243102,-0.000803,0.236702,0.00149,0.000301
0,-0.092073,-0.14528,0.137825,0.196124,0.099712,0.192633,0.001607,0.002536
0,0.075329,0.332767,0.150008,0.502898,0.17162,0.486687,0.001315,0.00019
0,0.069381,0.389974,-0.029862,0.035146,-0.040876,0.080319,0.001211,0.001189
0,0.162264,0.377445,0.112848,0.01,0.087114,-0.03695,0.002785,0.00097
0,0.232337,0.265834,0.046944,-0.101664,0.060699,-0.133598,0.001562,0.000978
0,0.148422,0.15907,-0.062333,-0.123953,-0.035324,-0.145181,0.00259,0.002776
0,0.117654,0.163993,-0.022678,0.030934,0.014923,0.047071,0.002053,0.002755
0,0.146305,0.247644,0.046234,0.054097,0.033079,0.008289,0.002553,0.001295
0,0.276465,0.199191,0.115456,-0.056005,0.08916,-0.020537,0.000792,0.002141
0,0.154289,-0.068746,-0.123816,-0.262908,-0.134382,-0.237621,0.002693,0.0012
0,0.181732,-0.141389,0.022364,-0.10253,0.016688,-0.087082,0.002446,0.002468
0,-0.048859,0.015159,-0.248752,0.181086,-0.245898,0.140875,0.000853,0.000265
0,-0.053437,-0.03387,-0.013464,-0.054758,-0.039275,-0.058359,0.000933,0.000591
0,-0.147359,-0.000496,-0.110963,0.057075,-0.094371,0.015879,0.002572,9e-06
0,-0.174673,-0.215703,-0.049092,-0.194589,-0.039056,-0.155227,0.002569,0.001853
0,0.009258,-0.134908,0.170331,0.104854,0.200521,0.105031,0.000162,0.002355
0,-0.108876,-0.178298,-0.127829,-0.03557,-0.086186,-0.075746,0.0019,0.002506
0,0.074175,0.093149,0.165459,0.246917,0.204039,0.285755,0.001295,0.001626
0,-0.09791,0.094169,-0.185355,-0.002155,-0.167979,-0.040238,0.001709,0.001644
0,-0.01387,-0.126736,0.084808,-0.247994,0.101604,-0.219662,0.000242,0.002212
0,0.018123,0.021167,0.012407,0.161771,0.029286,0.191406,0.000316,0.000369
0,0.141867,0.0471,0.14722,0.014535,0.10812,-0.010455,0.002476,0.000822
0,-0.077461,-0.094366,-0.207714,-0.145126,-0.221915,-0.128644,0.001352,0.001647
0,0.016915,-0.07926,0.068256,0.022208,0.11621,0.01133,0.000295,0.001383
0,-0.058603,-0.050093,-0.064448,0.001769,-0.108896,-0.003663,0.001023,0.000874
0,0.167846,-0.036912,0.230117,0.011978,0.234096,0.037829,0.002688,0.000644
0,0.140405,-0.093111,-0.016565,-0.031773,-0.029431,-0.023857,0.002451,0.001625
0,0.137473,0.067316,-0.020524,0.188485,-0.013306,0.175137,0.002399,0.001175
0,0.167931,0.14538,0.036851,0.055731,0.050595,0.09176,0.002687,0.002537
0,0.164489,0.139437,0.003857,-0.030011,0.037147,-0.065542,0.002747,0.002434
0,-0.011032,0.123598,-0.151236,-0.006389,-0.121628,-0.032618,0.000193,0.002157
0,0.065023,-0.011063,0.068066,-0.150809,0.108814,-0.158497,0.001135,0.000193
0,-0.008964,-0.125196,-0.075972,-0.126585,-0.089465,-0.148613,0.000156,0.002185
0,0.0826,0.085263,0.072714,0.188317,0.034574,0.200625,0.001442,0.001488
0,0.090974,0.098394,0.014013,-0.003029,-0.006263,0.03761,0.001588,0.001717
0,0.226943,0.016669,0.154757,-0.066666,0.197197,-0.072303,0.001657,0.000291
0,-0.007663,0.026596,-0.227002,0.027611,-0.232067,0.006512,0.000134,0.000464
0,0.085851,-0.071515,0.120007,-0.081254,0.147496,-0.099885,0.001498,0.001248
0,0.05786,0.127783,-0.023314,0.222673,0.001585,0.259295,0.00101,0.00223
0,0.187021,0.111438,0.112334,-0.000952,0.12134,-0.022011,0.002353,0.001945
0,0.073933,0.09571,-0.130666,-0.03989,-0.119165,0.003271,0.00129,0.00167
0,-0.953232,1.082412,-1.045749,0.990464,-0.998367,1.005312,0.000215,0.002039
0,-1.525462,2.188115,-0.574695,1.076722,-0.617766,1.113011,0.001463,0.001133
0,-1.834915,2.176559,-0.301159,-0.013701,-0.268337,-0.041544,0.00168,0.001334
0,-2.143993,2.109459,-0.316832,-0.087743,-0.277979,-0.069448,0.001903,0.002506
0,-2.075513,2.229719,0.071332,0.093485,0.08328,0.121502,0.002519,0.000407
0,-1.559145,1.3218,0.524186,-0.88263,0.501507,-0.887102,0.000875,0.0006
0,-1.391731,1.283336,0.194213,-0.052485,0.20422,-0.081507,0.00182,7.2e-05
0,-0.897335,0.682303,0.492549,-0.572357,0.472081,-0.5632,0.001191,0.000673
0,-0.555945,0.477306,0.364781,-0.187269,0.340889,-0.170627,0.001532,0.002713
0,-0.217746,0.179466,0.320506,-0.290419,0.33147,-0.33328,0.001817,0.002485
0,-0.277252,0.018579,-0.041615,-0.168951,-0.026539,-0.139174,0.000779,0.000324
0,0.007854,-0.074949,0.306784,-0.071332,0.352856,-0.026509,0.000137,0.001308
0,0.217854,-0.037441,0.190303,0.038914,0.231294,0.08488,0.001815,0.000653
0,0.343805,-0.068005,0.112803,-0.046477,0.162224,-0.029403,0.000383,0.001187
0,0.28815,-0.207414,-0.026091,-0.122678,-0.053783,-0.104148,0.000588,0.001997
0,0.079828,-0.249967,-0.201206,-0.06313,-0.160577,-0.105411,0.001393,0.001255
0,0.046872,-0.113852,-0.014133,0.121646,-0.015653,0.081759,0.000818,0.001987
0,0.003852,-0.035996,-0.063738,0.074733,-0.109525,0.076209,6.7e-05,0.000628
0,-0.006571,-0.074692,-0.028413,-0.03785,-0.044497,-0.0543,0.000115,0.001304
0,0.087644,-0.004269,0.085003,0.09185,0.094606,0.069602,0.00153,7.5e-05
0,0.192407,-0.054938,0.130248,-0.034808,0.123682,-0.056045,0.002259,0.000959
0,0.137507,0.083625,-0.06046,0.116094,-0.097593,0.146586,0.0024,0.00146
0,0.074334,0.052167,-0.048986,-0.0248,-0.008375,-0.000874,0.001297,0.00091
0,0.135683,0.070969,0.067226,0.011192,0.107366,0.0295,0.002368,0.001239
0,0.000248,-0.046873,-0.141277,-0.140676,-0.164499,-0.136279,4e-06,0.000818
0,0.090633,0.051846,0.103799,0.12724,0.132668,0.121879,0.001582,0.000905
0,0.048427,-0.08402,-0.034497,-0.137169,-0.076074,-0.170399,0.000845,0.001466
0,-0.100411,-0.110625,-0.173845,-0.034703,-0.135536,-0.027806,0.001753,0.001931
0,-0.103491,0.079426,-0.005622,0.197418,-0.015744,0.176067,0.001806,0.001386
0,0.018246,0.040008,0.097075,-0.040484,0.104388,-0.070326,0.000318,0.000698
0,0.106407,-0.123498,0.0673,-0.157068,0.084096,-0.116283,0.001857,0.002155
0,0.016998,-0.070702,-0.066594,0.025574,-0.03629,0.024741,0.000297,0.001234
0,0.062986,-0.113187,0.06665,-0.034155,0.035012,-0.075682,0.001099,0.001975
0,0.155806,0.127745,0.095617,0.225261,0.058963,0.270202,0.002719,0.00223
0,0.085429,-0.119624,-0.092742,-0.243427,-0.077296,-0.224533,0.001491,0.002088
0,-0.326316,-0.081523,-0.439802,0.036621,-0.39618,0.006996,7.8e-05,0.001423
0,-0.795107,-0.515748,-0.444145,-0.430907,-0.395421,-0.411773,0.002642,0.002234
0,-0.702119,-0.617138,0.112614,-0.091547,0.102877,-0.065261,0.001019,0.000464
0,-0.481648,-0.434353,0.206376,0.181221,0.241284,0.171433,0.002789,0.001963
0,-0.500449,-0.274171,-0.029699,0.147068,-0.050025,0.108427,0.002501,0.000832
0,-0.459435,-0.222074,0.069453,0.045376,0.021851,0.010948,0.002401,0.001742
0,-0.467673,-0.050867,-0.023426,0.194895,0.00165,0.195058,0.002545,0.000888
0,-0.192285,-0.156082,0.297143,-0.083048,0.301784,-0.129247,0.002261,0.002724
0,-0.288841,-0.140314,-0.095089,-0.001138,-0.134953,-0.011192,0.000576,0.002449
0,-0.194804,-0.04781,0.105967,0.101784,0.086439,0.060638,0.002218,0.000834
0,-0.115095,-0.009094,0.083807,0.022841,0.075712,0.062639,0.002009,0.000159
0,-0.108165,0.002296,-0.019851,0.003483,-0.033136,0.005195,0.001888,4e-05
0,-0.059613,-0.020766,0.041907,0.00298,0.00205,-0.000769,0.00104,0.000362
0,-0.000382,-0.013505,0.071615,0.017588,0.056435,0.052131,7e-06,0.000236
0,0.040757,-0.118569,0.044936,-0.075237,0.031517,-0.081847,0.000711,0.002069
0,0.050059,-0.166193,-0.009573,-0.029613,-0.009898,-0.022954,0.000874,0.002717
0,0.161574,0.109833,0.096062,0.249711,0.078265,0.23335,0.002798,0.001917
0,0.037064,0.031166,-0.124348,-0.082228,-0.146593,-0.033936,0.000647,0.000544
0,0.13937,-0.162593,0.105412,-0.189551,0.143928,-0.167073,0.002432,0.00278
0,0.010445,-0.133459,-0.102674,0.035966,-0.072383,-0.009356,0.000182,0.002329
0,-0.108353,0.031089,-0.130172,0.191339,-0.080664,0.17165,0.001891,0.000543
0,-0.042948,-0.085928,0.056772,-0.098307,0.024636,-0.068562,0.00075,0.0015
0,0.103523,-0.106863,0.140364,-0.013438,0.122778,-0.010978,0.001807,0.001865
0,-0.145499,-0.021244,-0.270831,0.097337,-0.296035,0.09652,0.002539,0.000371
0,-0.115306,-0.020896,0.023777,0.024391,-0.022339,0.022819,0.002012,0.000365
0,0.162792,0.05812,0.298105,0.06627,0.300512,0.023268,0.002776,0.001014
0,-0.028878,-0.05999,-0.164173,-0.089351,-0.128004,-0.082275,0.000504,0.001047
0,0.199809,-0.074852,0.230894,0.006032,0.255911,-0.034277,0.00213,0.001306
0,0.044248,-0.204231,-0.133566,-0.123855,-0.110283,-0.155957,0.000772,0.002053
0,-0.02382,0.017883,-0.063756,0.223046,-0.065703,0.225171,0.000416,0.000312
0,0.097176,-0.070017,0.100545,-0.069549,0.105995,-0.020126,0.001696,0.001222
0,0.003335,-0.108594,-0.085334,-0.04728,-0.046927,-0.010329,5.8e-05,0.001895
0,-0.048017,-0.08686,-0.054178,-0.004978,-0.050926,0.020683,0.000838,0.001516
0,-0.086569,-0.079903,-0.026845,0.02728,0.017527,0.054949,0.001511,0.001395
0,0.089377,0.115178,0.160433,0.184176,0.127533,0.202409,0.00156,0.00201
0,0.014685,0.003418,-0.068685,-0.093228,-0.114548,-0.078667,0.000256,6e-05
0,0.020595,-0.011976,0.014127,0.012986,0.004645,0.013077,0.000359,0.000209
0,0.029824,-0.153539,-0.007742,-0.133661,0.012109,-0.139301,0.000521,0.00268
0,0.041007,0.020649,0.023056,0.197313,0.028626,0.241969,0.000716,0.00036
0,0.13897,-0.115131,0.113854,-0.120938,0.162637,-0.142243,0.002425,0.002009
0,0.091845,-0.08984,-0.062031,0.038075,-0.095039,-0.005799,0.001603,0.001568
0,-0.029676,-0.015981,-0.128165,0.087493,-0.105981,0.09655,0.000518,0.000279
0,0.006429,0.031523,0.01972,0.037628,0.014393,0.082783,0.000112,0.00055
0,-0.163134,0.170356,-0.186513,0.138562,-0.19805,0.169279,0.00277,0.002644
0,0.094511,-0.026293,0.264643,-0.172113,0.299262,-0.192607,0.00165,0.000459
0,0.031202,-0.117285,-0.054869,-0.11152,-0.104705,-0.082382,0.000545,0.002047
0,-0.138528,-0.090752,-0.177954,0.017871,-0.224077,-0.022854,0.002418,0.001584
0,-0.003185,-0.015767,0.111944,0.081113,0.131563,0.074463,5.6e-05,0.000275
0,-0.065515,0.152374,-0.075771,0.183892,-0.101537,0.137814,0.001143,0.002659
0,-0.267452,0.052604,-0.184174,-0.117172,-0.144078,-0.079812,0.00095,0.000918
0,-0.143579,0.059873,0.150422,0.019161,0.135427,-0.025479,0.002506,0.001045
0,-0.194179,-0.021334,-0.049654,-0.059649,-0.066447,-0.021405,0.002228,0.000372
0,-0.024619,0.148993,0.182661,0.1616,0.197264,0.194187,0.00043,0.0026
0,-0.112945,0.090606,-0.074539,-0.078681,-0.115792,-0.075434,0.001971,0.001581
0,-0.212523,0.10586,-0.076427,0.001703,-0.068133,0.049647,0.001908,0.001848
0,-0.231573,-0.094955,-0.038102,-0.201571,-0.083705,-0.224052,0.001576,0.001657
0,-0.065668,0.176125,0.185215,0.283896,0.225558,0.326101,0.001146,0.002544
0,-0.132518,-0.099522,-0.080628,-0.267754,-0.111306,-0.274398,0.002313,0.001737
0,0.006157,-0.080923,0.142266,0.018093,0.124882,0.026923,0.000107,0.001412
0,-0.020372,0.115053,-0.02783,0.180068,-0.068467,0.177455,0.000356,0.002008
0,-0.065142,0.028549,-0.025493,-0.061685,-0.028035,-0.025911,0.001137,0.000498
0,0.05099,-0.033524,0.139766,-0.050323,0.095952,-0.095388,0.00089,0.000585
0,-0.130075,-0.026509,-0.16542,0.010041,-0.213661,0.022534,0.00227,0.000463
0,0.042824,-0.05537,0.17313,-0.019702,0.209257,0.020821,0.000747,0.000966
0,-0.056034,-0.100177,-0.093594,-0.041897,-0.110481,-0.004623,0.000978,0.001748
0,-0.051427,-0.104928,-0.007016,0.00486,0.007973,-0.010744,0.000898,0.001831
0,-0.094801,0.040926,-0.036265,0.12207,-0.048795,0.097512,0.001655,0.000714
0,0.022117,0.042513,0.13794,0.023441,0.10322,-0.006006,0.000386,0.000742
0,0.094022,-0.017018,0.04877,-0.047639,0.007697,-0.029353,0.001641,0.000297
0,0.057954,0.042063,-0.008034,0.069257,-0.03441,0.084999,0.001011,0.000734
0,-0.16089,-0.106113,-0.216045,-0.122447,-0.178702,-0.12026,0.002808,0.001852
0,-0.026869,-0.136682,0.106842,-0.031816,0.083139,-0.037931,0.000469,0.002386
0,-0.130207,0.038452,-0.079514,0.148543,-0.112647,0.193201,0.002273,0.000671
0,0.098236,-0.027926,0.206405,-0.04822,0.18738,-0.077404,0.001715,0.000487
0,0.127503,0.035211,0.018866,0.059777,0.033136,0.104609,0.002225,0.000615
0,0.104644,0.081315,-0.039485,0.030029,-0.015622,0.03735,0.001826,0.001419
0,0.007392,0.002194,-0.098759,-0.064048,-0.086791,-0.066524,0.000129,3.8e-05
0,0.01972,-0.102445,0.040955,-0.110019,0.009872,-0.126679,0.000344,0.001788
0,0.098166,-0.149217,0.066257,-0.044534,0.058856,-0.010308,0.001713,0.002604
0,-0.053454,-0.222138,-0.155077,-0.089223,-0.112901,-0.042386,0.000933,0.00174
0,0.029088,0.036762,0.083051,0.25516,0.093308,0.223919,0.000508,0.000642
0,0.127547,-0.195548,0.127907,-0.258061,0.152407,-0.292612,0.002226,0.002205
0,0.046282,-0.036364,-0.08624,0.167301,-0.07415,0.127945,0.000808,0.000635
0,0.057627,-0.236398,-0.012263,-0.194,-0.000827,-0.153096,0.001006,0.001492
0,0.098328,-0.109675,0.065439,0.140635,0.035311,0.106856,0.001716,0.001914
0,0.125231,-0.094052,0.049913,0.009672,0.059024,0.040827,0.002186,0.001642
0,0.052087,-0.181185,-0.073852,-0.077541,-0.076597,-0.033732,0.000909,0.002455
0,-0.073317,-0.117246,-0.126021,0.081716,-0.086802,0.061475,0.00128,0.002046
0,-0.090388,-0.04556,0.010501,0.064127,0.059341,0.021616,0.001578,0.000795
0,0.038574,-0.065303,0.150429,-0.027254,0.17989,-0.047856,0.000673,0.00114
0,0.133327,0.026802,0.105883,0.10224,0.134009,0.108481,0.002327,0.000468
0,0.010445,-0.132554,-0.128755,-0.179748,-0.171,-0.166735,0.000182,0.002314
0,-0.085012,0.028688,-0.092324,0.157659,-0.045555,0.164456,0.001484,0.000501
0,0.104968,-0.173149,0.198571,-0.224473,0.219345,-0.205589,0.001832,0.002595
0,0.011864,-0.161098,-0.103298,0.000199,-0.114419,-0.027546,0.000207,0.002806
0,0.102384,-0.158839,0.108322,-0.000195,0.087663,-0.022498,0.001787,0.002772
0,-0.137008,-0.123032,-0.236637,0.012869,-0.277486,0.036195,0.002391,0.002147
0,-0.000377,0.079088,0.142291,0.180691,0.10008,0.187355,7e-06,0.00138
0,-0.035636,-0.101417,-0.051628,-0.159431,-0.05233,-0.153974,0.000622,0.00177
0,-0.038707,0.099216,-0.001776,0.189611,-0.021683,0.215316,0.000676,0.001732
0,0.089938,-0.040321,0.141669,-0.114257,0.125182,-0.080707,0.00157,0.000704
0,-0.127788,-0.098211,-0.242667,-0.035082,-0.22309,-0.060476,0.00223,0.001714
0,-0.095705,-0.127207,0.032893,-0.025782,0.077979,-0.032695,0.00167,0.00222
0,0.133335,0.041482,0.231393,0.185623,0.269336,0.176067,0.002327,0.000724
0,0.029566,-0.180611,-0.105666,-0.247244,-0.123101,-0.28011,0.000516,0.002465
0,0.267924,0.014846,0.229117,0.167817,0.256478,0.170564,0.000941,0.000259
0,0.122943,0.00811,-0.146294,-0.033843,-0.117033,-0.075508,0.002146,0.000142
0,0.24404,-0.039704,0.138981,-0.053313,0.124715,-0.057658,0.001358,0.000693
0,0.127991,-0.097921,-0.108285,-0.049599,-0.141961,-0.088834,0.002234,0.001709
0,0.108389,-0.116868,-0.000424,0.007105,0.036435,0.002344,0.001892,0.00204
0,-0.066141,-0.021878,-0.18164,0.082821,-0.180557,0.125948,0.001154,0.000382
0,0.184547,-0.06563,0.266502,-0.051747,0.245422,-0.095398,0.002397,0.001145
0,0.082965,-0.041496,-0.079755,0.039094,-0.11055,0.001438,0.001448,0.000724
0,0.14767,-0.192477,0.080614,-0.138328,0.12416,-0.145402,0.002577,0.002258
0,0.124732,-0.127573,-0.020065,0.071405,-0.002758,0.120761,0.002177,0.002227
0,-0.098737,0.130591,-0.209884,0.278274,-0.256571,0.315319,0.001723,0.002279
0,0.173124,0.108203,0.297917,-0.034633,0.28443,-0.005893,0.002596,0.001888
0,0.104865,0.022101,-0.057351,-0.096689,-0.034542,-0.063457,0.00183,0.000386
0,-0.058378,-0.128525,-0.140045,-0.122495,-0.161708,-0.1652,0.001019,0.002243
0,-0.137918,-0.167809,-0.073811,-0.060366,-0.035096,-0.04688,0.002407,0.002689
0,0.011449,-0.145852,0.178344,0.046209,0.144017,0.059423,0.0002,0.002546
0,0.125261,0.054044,0.103319,0.195649,0.144074,0.164198,0.002186,0.000943
0,0.122732,0.026476,-0.027007,-0.0063,-0.039376,-0.009618,0.002142,0.000462
0,-0.08174,0.017582,-0.200709,-0.005772,-0.216308,-0.012911,0.001427,0.000307
0,0.08417,0.062046,0.143374,0.038115,0.094627,-0.003941,0.001469,0.001083
0,0.239842,-0.075536,0.179202,-0.110947,0.200522,-0.118911,0.001431,0.001318
0,0.19571,-0.05272,-0.038306,0.026418,-0.016968,0.010769,0.002202,0.00092
0,-0.006128,0.08045,-0.231424,0.123447,-0.232372,0.132567,0.000107,0.001404
0,0.119255,0.044618,0.114161,-0.057658,0.13127,-0.02448,0.002081,0.000779
0,-0.009552,0.000419,-0.147077,-0.043154,-0.098907,-0.015795,0.000167,7e-06
0,0.023219,0.041162,0.04888,0.019526,0.022767,0.039071,0.000405,0.000718
0,0.087362,0.072117,0.043283,0.016552,0.05233,0.010596,0.001525,0.001259
0,0.002661,0.033699,-0.107553,-0.064192,-0.122501,-0.10992,4.6e-05,0.000588
0,-0.001817,-0.011131,0.022711,-0.041861,0.049189,-0.047847,3.2e-05,0.000194
0,0.265579,0.00325,0.260006,0.033357,0.275674,0.079986,0.000982,5.7e-05
0,0.088394,-0.01415,-0.191863,0.005597,-0.232735,-0.021964,0.001543,0.000247
0,0.005213,0.090861,-0.056255,0.082832,-0.082181,0.130094,9.1e-05,0.001586
0,-0.048093,0.067019,-0.057886,-0.010261,-0.031092,0.003216,0.000839,0.00117
0,0.174395,0.140343,0.206966,0.095849,0.240587,0.049139,0.002574,0.002449
0,0.179835,0.024483,0.013691,-0.102193,-0.034827,-0.109413,0.002479,0.000427
0,0.08992,-0.04972,-0.086769,-0.096245,-0.068022,-0.145768,0.001569,0.000868
0,0.203487,0.075487,0.140872,0.138317,0.144308,0.139838,0.002066,0.001317
0,0.232799,0.134402,0.007985,0.03072,-0.003789,-0.011339,0.001554,0.002346
0,0.247548,0.123151,-0.014886,-0.004265,-0.009179,-0.040327,0.001297,0.002149
0,0.130344,-0.029799,-0.134953,-0.146557,-0.113369,-0.164898,0.002275,0.00052
0,0.032464,0.02087,-0.125665,0.065195,-0.148101,0.101391,0.000567,0.000364
0,0.134665,0.024851,0.103591,-0.023084,0.105113,0.023314,0.00235,0.000434
0,-0.124083,0.013286,-0.278421,-0.00317,-0.323589,-0.028995,0.002166,0.000232
0,-0.016148,-0.085732,0.0846,-0.084315,0.065127,-0.087258,0.000282,0.001496
0,0.017235,0.0914,0.010186,0.164097,0.030178,0.199273,0.000301,0.001595
0,0.147947,0.025286,0.124454,-0.078655,0.118657,-0.088317,0.002582,0.000441
0,-0.135456,0.138542,-0.267922,0.115836,-0.277558,0.090477,0.002364,0.002418
0,0.075535,-0.104736,0.223322,-0.258821,0.176162,-0.261131,0.001318,0.001828
0,-0.049737,-0.1115,-0.115093,-0.012686,-0.080668,-0.019514,0.000868,0.001946
0,-0.06036,-0.076497,-0.035469,0.01088,-0.044715,0.055056,0.001053,0.001335
0,0.036849,-0.121571,0.068183,-0.043792,0.060208,-0.039416,0.000643,0.002122
0,-0.127855,-0.03048,-0.160936,0.105461,-0.114617,0.140016,0.002231,0.000532
0,-0.101839,0.079048,0.045903,0.115504,0.071463,0.069222,0.001777,0.00138
0,-0.036565,0.004264,0.061106,-0.058282,0.09213,-0.088006,0.000638,7.4e-05
0,-0.053743,0.078615,0.012028,0.076356,0.014422,0.038067,0.000938,0.001372
0,-0.160896,-0.102357,-0.105722,-0.153456,-0.114077,-0.135487,0.002808,0.001786
0,-0.14736,0.005656,0.009482,0.115488,-0.015914,0.096096,0.002572,9.9e-05
0,-0.0914,0.149897,0.042023,0.162148,0.051347,0.141271,0.001595,0.002616
0,-0.214008,0.136178,-0.126524,-0.014168,-0.154032,0.01515,0.001882,0.002377
0,-0.168121,0.146482,0.060242,-0.004965,0.045231,-0.030137,0.002683,0.002557
0,-0.165331,0.156543,0.01893,-0.011594,0.065396,-0.051332,0.002732,0.002732
0,-0.064071,0.132677,0.077581,-0.05351,0.073598,-0.04817,0.001118,0.002316
0,-0.241725,0.071826,-0.192865,-0.076214,-0.196761,-0.045867,0.001399,0.001254
0,-0.28696,0.029534,-0.04624,-0.051994,-0.095324,-0.065749,0.000609,0.000515
0,-0.201475,0.087954,0.113028,0.073301,0.157141,0.091561,0.002101,0.001535
0,-0.085858,0.056488,0.140638,-0.051471,0.095776,-0.007628,0.001499,0.000986
0,-3.410312,-0.713629,-3.34893,-0.769376,-3.319198,-0.763666,0.002271,0.00122
0,-4.516979,-1.564246,-1.077261,-0.827555,-1.099821,-0.823811,0.000191,0.000786
0,-5.427988,-1.39209,-0.934736,0.192858,-0.977823,0.242403,0.000761,0.001827
0,-5.472391,-1.415865,-0.05029,-0.053131,-0.097227,-0.076948,1.4e-05,0.002241
0,-4.77774,-1.35111,0.685472,0.047744,0.643895,0.062448,0.000875,0.001111
0,-3.938632,-1.108881,0.821341,0.266906,0.851562,0.254674,0.001332,0.002501
0,-2.258505,-0.967603,1.681172,0.146957,1.723108,0.107509,9.6e-05,3.5e-05
0,-1.309213,-0.910821,0.94677,0.073533,0.937478,0.044326,0.00038,0.000956
0,-0.693447,-0.660834,0.60047,0.266586,0.612224,0.253318,0.000868,0.000299
0,-0.097444,-0.492347,0.581525,0.164261,0.631248,0.16187,0.001701,0.002642
0,0.394401,-0.304544,0.506293,0.178213,0.472626,0.138145,0.001266,0.000302
0,0.721721,-0.337671,0.318043,-0.0625,0.279004,-0.02938,0.001361,0.000276
0,0.578882,-0.317704,-0.119507,0.000841,-0.167978,0.035075,0.001132,7.3e-05
0,0.410548,-0.164428,-0.16996,0.176651,-0.157098,0.159143,0.001548,0.002748
0,0.365922,-0.047306,-0.043234,0.138523,-0.042328,0.119782,0.000769,0.000826
0,0.441886,0.155296,0.048247,0.191575,0.042167,0.192194,0.002095,0.00271
0,0.425387,-0.004657,-0.027135,-0.167253,-0.018902,-0.137268,0.001807,8.1e-05
0,0.368322,0.23203,-0.086481,0.225903,-0.124842,0.197896,0.000811,0.001568
0,0.313421,0.256641,-0.080195,0.024595,-0.06348,0.052613,0.000147,0.001138
0,0.233405,0.256908,-0.054977,0.019904,-0.06594,0.012588,0.001544,0.001134
0,0.055423,-0.023726,-0.153151,-0.258585,-0.14602,-0.250409,0.000967,0.000414
0,0.081479,-0.046287,0.037152,-0.006493,0.019751,0.015547,0.001422,0.000808
0,-0.021609,0.156305,-0.132726,0.178604,-0.121017,0.132716,0.000377,0.002728
0,-0.083459,0.0665,-0.036155,-0.084241,-0.012172,-0.084945,0.001457,0.001161
0,-0.120875,0.078715,-0.060131,-0.012777,-0.071113,-0.037602,0.00211,0.001374
0,-0.06831,0.066493,0.066379,-0.009407,0.107666,-0.011999,0.001192,0.001161
0,0.082521,0.082442,0.139096,0.033759,0.123692,0.011107,0.00144,0.001439
0,-0.079323,-0.049728,-0.16648,-0.126201,-0.122019,-0.132417,0.001384,0.000868
0,0.144288,0.001155,0.200559,0.041579,0.205845,0.046045,0.002518,2e-05
0,-0.038128,0.106194,-0.209027,0.082028,-0.246646,0.054407,0.000665,0.001853
0,0.027168,-0.05125,0.078101,-0.160531,0.030018,-0.188797,0.000474,0.000894
0,0.060978,-0.07772,0.010875,-0.052885,-0.010567,-0.024021,0.001064,0.001356
0,-0.142708,0.069037,-0.225025,0.14389,-0.271028,0.148464,0.002491,0.001205
0,-0.048889,-0.067971,0.115449,-0.132121,0.129485,-0.156707,0.000853,0.001186
0,0.108346,-0.103685,0.128043,-0.049462,0.101852,-0.079713,0.001891,0.00181
0,0.024952,-0.135399,-0.097011,-0.031024,-0.133527,-0.031744,0.000435,0.002363
0,0.052365,-0.100068,0.041171,0.028547,0.039387,0.009802,0.000914,0.001747
0,-0.106937,0.041031,-0.148271,0.164718,-0.16194,0.19734,0.001866,0.000716
0,-0.191561,0.033673,-0.110188,-0.036083,-0.097812,-0.062106,0.002274,0.000588
0,-0.031761,0.152502,0.143043,0.130438,0.096047,0.147079,0.000554,0.002662
0,-0.088893,-0.108442,-0.040788,-0.290391,-0.006509,-0.33293,0.001551,0.001893
0,-0.109303,-0.068142,-0.002867,0.047119,-0.051289,0.061986,0.001908,0.001189
0,0.112566,-0.07225,0.193496,0.016711,0.191829,0.037951,0.001965,0.001261
0,-2.546151,0.326114,-2.651408,0.389561,-2.679671,0.397163,0.000501,7.4e-05
0,-3.770554,0.271217,-1.209996,-0.02515,-1.220012,-0.061902,0.001602,0.000884
0,-3.701671,0.532673,0.046222,0.281335,0.047163,0.32096,0.002804,0.001938
0,-3.298952,0.428406,0.429899,-0.081408,0.404739,-0.091188,0.001402,0.00186
0,-2.817875,0.390368,0.484147,-0.01999,0.470384,-0.00382,0.001376,0.001196
0,-1.953164,0.343974,0.855659,-0.058586,0.813954,-0.080898,0.000384,0.000386
0,-1.542277,0.072544,0.422166,-0.299564,0.379637,-0.267023,0.00117,0.001266
0,-1.125098,0.225604,0.400722,0.135486,0.39138,0.136466,0.002784,0.00168
0,-0.51656,-0.042457,0.578891,-0.246799,0.584058,-0.261944,0.002219,0.000741
0,-0.196884,0.080706,0.349426,0.15286,0.399162,0.157412,0.002181,0.001409
0,0.196551,0.00608,0.372758,-0.082765,0.377937,-0.047598,0.002187,0.000106
0,0.054919,0.166824,-0.127778,0.157154,-0.095468,0.178408,0.000959,0.002706
0,-0.024856,0.046022,-0.063185,-0.132076,-0.082264,-0.109317,0.000434,0.000803
0,0.024473,-0.066668,0.06452,-0.136374,0.031725,-0.143116,0.000427,0.001164
0,-0.046332,0.088986,-0.058893,0.144715,-0.038284,0.17577,0.000809,0.001553
0,-0.056762,0.100624,-0.007032,0.029237,-0.008317,0.04833,0.000991,0.001756
0,0.002031,0.108809,0.052994,0.034317,0.049251,0.040274,3.5e-05,0.001899
0,0.225096,-0.118171,0.243923,-0.236565,0.284325,-0.240168,0.001689,0.002062
0,0.204466,-0.091849,-0.009087,0.038041,-0.051636,0.001992,0.002049,0.001603
0,0.087008,0.028164,-0.101557,0.141696,-0.140715,0.188713,0.001519,0.000492
0,0.137444,0.067431,0.051828,0.038607,0.003407,0.008377,0.002399,0.001177
0,0.229313,0.018202,0.090468,-0.048456,0.10159,-0.025562,0.001615,0.000318
0,-0.041943,-0.111337,-0.288309,-0.107821,-0.248718,-0.119711,0.000732,0.001943
0,0.150994,-0.041469,0.211427,0.048329,0.252575,0.089175,0.002635,0.000724
0,0.042446,0.080367,-0.098686,0.140264,-0.04925,0.175337,0.000741,0.001403
0,-0.016225,0.083881,-0.044195,0.020366,-0.013606,0.053479,0.000283,0.001464
0,-0.074143,-0.127269,-0.079302,-0.203271,-0.085129,-0.182174,0.001294,0.002221
0,1.83502,-0.456446,1.931158,-0.313693,1.893852,-0.326244,0.001678,0.002349
0,4.685555,-0.778444,2.859867,-0.348637,2.87776,-0.349555,0.002484,0.002351
0,5.811539,-1.004363,1.099596,-0.240109,1.120429,-0.231867,0.000315,0.000677
0,5.312105,-0.870221,-0.509008,0.149175,-0.466006,0.166013,0.002784,0.001664
0,4.057801,-0.971351,-1.23711,-0.111261,-1.214379,-0.07388,0.002206,0.000101
0,3.559558,-0.678537,-0.478655,0.320523,-0.499946,0.347494,0.000333,0.000608
0,2.637632,-0.690112,-0.943363,-0.001441,-0.924663,-0.027635,0.001095,0.00081
0,1.911985,-0.507593,-0.733249,0.155598,-0.771499,0.196908,0.000335,0.002376
0,1.598096,-0.552723,-0.318502,-0.032495,-0.331214,-0.079989,0.000196,0.001588
0,0.686463,-0.262525,-0.913028,0.271611,-0.871669,0.269837,0.000746,0.001036
0,0.349014,-0.027438,-0.345274,0.222294,-0.38745,0.240182,0.000474,0.000479
0,-0.097954,-0.002414,-0.46163,0.02545,-0.438095,0.028152,0.00171,4.2e-05
0,-0.280557,0.193373,-0.200817,0.220854,-0.247616,0.201941,0.000721,0.002243
0,-0.465822,0.197859,-0.204675,0.014912,-0.246648,0.013656,0.002513,0.002164
0,-0.494485,0.093801,0.000569,-0.133115,0.014138,-0.180727,0.002605,0.001637
0,-0.702229,0.134046,-0.236222,0.024669,-0.199289,0.000625,0.001021,0.00234
0,-0.643464,0.074706,0.042333,-0.04278,0.070964,-0.059685,4e-06,0.001304
0,-0.380615,0.033031,0.238722,-0.052244,0.246877,-0.084359,0.001025,0.000576
0,-0.281689,0.186311,0.12594,0.152601,0.088327,0.113598,0.000701,0.002366
0,-0.298169,-0.068728,-0.028717,-0.227554,0.019764,-0.273876,0.000413,0.0012
0,-0.038647,-0.087421,0.233168,-0.009544,0.241087,0.034268,0.000675,0.001526
0,-0.143146,0.038474,-0.129154,0.121399,-0.08067,0.167419,0.002498,0.000671
0,0.012857,-0.036722,0.175447,-0.085739,0.13081,-0.048285,0.000224,0.000641
0,0.169672,-0.106861,0.171153,-0.042501,0.162629,-0.010077,0.002656,0.001865
0,-3.812871,-0.353429,-3.956296,-0.233579,-3.935137,-0.211989,0.000863,0.000551
0,-5.297703,-0.660181,-1.463051,-0.329554,-1.496675,-0.320947,0.002582,0.000287
0,-4.943633,-0.712817,0.346992,-0.053778,0.380285,-0.078219,0.00202,0.001206
0,-4.414934,-0.682914,0.509787,0.048124,0.529388,0.059692,0.00159,0.000684
0,-3.068971,-0.631359,1.348579,0.063033,1.306385,0.075923,0.002611,0.000216
0,-2.279027,-0.436874,0.792276,0.212518,0.749718,0.2041,0.000454,0.002007
0,-1.751823,-0.320103,0.514761,0.107237,0.505757,0.134748,0.002488,3.1e-05
0,-0.638789,-0.412318,1.137056,-0.079673,1.161111,-0.059575,8.6e-05,0.001579
0,-0.374297,-0.189568,0.24096,0.226852,0.278075,0.20585,0.000915,0.002309
0,0.157252,-0.1677,0.522731,0.028467,0.490496,0.010565,0.002745,0.002691
0,0.685328,-0.189434,0.520302,-0.009853,0.543948,0.006637,0.000726,0.002311
0,1.066909,0.057194,0.375124,0.25287,0.346567,0.205939,0.001769,0.000998
0,0.76119,-0.092228,-0.31825,-0.129598,-0.318467,-0.156177,0.00205,0.00161
0,0.94702,-0.053414,0.210987,0.067539,0.163874,0.047477,0.000324,0.000932
0,0.679608,0.01599,-0.237412,0.049004,-0.195791,0.049291,0.000626,0.000279
0,0.754219,-0.043971,0.096355,-0.043235,0.106732,-0.040396,0.001929,0.000767
0,0.644183,0.001339,-0.080097,0.073848,-0.079566,0.092946,8e-06,2.3e-05
0,0.818001,-0.005405,0.188129,-0.029073,0.165655,-0.06137,0.002576,9.4e-05
0,0.605536,0.008423,-0.196731,0.011052,-0.183471,-0.028849,0.000666,0.000147
0,0.498674,-0.149292,-0.116978,-0.180419,-0.119197,-0.222167,0.002532,0.002606
0,0.644765,0.115719,0.159823,0.294758,0.12953,0.252907,1.8e-05,0.00202
0,0.665235,-0.123819,0.036686,-0.221113,0.024556,-0.204146,0.000376,0.002161
0,0.467155,-0.077187,-0.171187,0.050518,-0.182956,0.089875,0.002536,0.001347
0,1.052151,-0.337636,0.557825,-0.269421,0.516197,-0.228736,0.001511,0.000275
0,1.417256,-0.949065,0.352005,-0.581849,0.308943,-0.593283,0.002266,0.000288
0,1.414822,-1.143891,0.016828,-0.177463,-0.024858,-0.198445,0.002223,0.002505
0,1.678878,-0.881559,0.273864,0.273124,0.29813,0.254127,0.001214,0.001466
0,1.593996,-0.745052,-0.111894,0.110744,-0.149073,0.073878,0.000267,0.001769
0,1.327741,-0.596684,-0.259748,0.137469,-0.251302,0.149205,0.000703,0.000821
0,1.07597,-0.568409,-0.225423,0.027025,-0.222454,0.037471,0.001927,0.001314
0,0.615583,-0.232082,-0.45954,0.333035,-0.440794,0.323333,0.000491,0.001567
0,0.499429,-0.289041,-0.117337,-0.035345,-0.113062,-0.0823,0.002518,0.000573
0,0.503147,-0.131412,-0.006973,0.13062,-0.030412,0.159773,0.002453,0.002294
0,0.112312,-0.151853,-0.375823,0.001134,-0.416172,0.050904,0.00196,0.00265
0,-0.053365,-0.186249,-0.153977,-0.027468,-0.153518,-0.004612,0.000931,0.002367
0,0.006543,-0.030928,0.081692,0.164393,0.057505,0.187835,0.000114,0.00054
0,-0.079646,-0.004752,-0.072161,0.039174,-0.075661,0.056003,0.00139,8.3e-05
0,0.120314,-0.027907,0.191824,-0.034796,0.198581,-0.082333,0.0021,0.000487
0,-0.050692,-0.108471,-0.15206,-0.058968,-0.199901,-0.033001,0.000885,0.001893
0,-0.113431,-0.125153,-0.067392,-0.019726,-0.083459,-0.009057,0.00198,0.002184
0,0.075068,0.02871,0.168434,0.142806,0.121045,0.148006,0.00131,0.000501
0,-0.062427,-0.147783,-0.110591,-0.183735,-0.094818,-0.155536,0.00109,0.002579
0,0.155221,-0.15607,0.205996,0.021105,0.163816,-0.028262,0.002709,0.002724
0,0.069059,-0.078193,-0.062271,0.051152,-0.06554,0.05862,0.001205,0.001365
0,-0.026457,-0.123043,-0.066884,-0.042034,-0.039082,-0.027275,0.000462,0.002148
0,-0.109121,0.023109,-0.084972,0.146582,-0.114952,0.134137,0.001905,0.000403
0,-0.116378,-0.000156,0.002853,-0.034094,0.034701,-0.023219,0.002031,3e-06
0,-0.099845,0.030195,0.034837,0.058378,0.052369,0.023721,0.001743,0.000527
0,0.058213,-0.052533,0.132985,-0.063869,0.176679,-0.071068,0.001016,0.000917
0,-0.07233,0.122146,-0.137629,0.195485,-0.159171,0.228184,0.001262,0.002132
0,-0.01694,-0.009902,0.040297,-0.161047,0.046154,-0.169263,0.000296,0.000173
0,-0.120683,-0.039007,-0.132189,-0.058049,-0.176735,-0.038286,0.002106,0.000681
0,0.054537,-0.029868,0.156139,-0.008068,0.182593,0.035771,0.000952,0.000521
0,0.127262,0.053259,0.089823,0.076683,0.058406,0.078523,0.002221,0.00093
0,-0.112736,0.12788,-0.239518,0.056243,-0.28011,0.083863,0.001968,0.002232
0,-0.103628,-0.032459,0.001852,-0.154864,-0.012501,-0.155516,0.001809,0.000567
0,0.06813,0.043038,0.172982,0.060387,0.156083,0.091409,0.001189,0.000751
0,0.120319,0.059201,0.068415,0.024305,0.102328,0.040298,0.0021,0.001033
0,-0.134358,0.051995,-0.273986,0.003119,-0.271266,0.04009,0.002345,0.000907
0,-0.063085,-0.047677,0.088423,-0.084889,0.084075,-0.058486,0.001101,0.000832
0,-0.082097,0.04336,-0.016941,0.083391,-0.055882,0.064435,0.001433,0.000757
0,0.004516,-0.001043,0.084329,-0.015503,0.117799,0.027079,7.9e-05,1.8e-05
0,-0.054428,0.077943,-0.0313,0.072537,-0.075218,0.086266,0.00095,0.00136
0,-0.105576,0.066659,-0.036368,-0.017649,0.006374,-0.041936,0.001843,0.001163
0,0.067842,0.042226,0.145419,0.001898,0.136188,0.028705,0.001184,0.000737
0,-0.073756,0.029634,-0.14156,-0.035981,-0.137937,-0.078364,0.001287,0.000517
0,-0.001582,0.028008,0.085249,-0.028762,0.040622,-0.018374,2.8e-05,0.000489
0,-0.08683,-0.063795,-0.101957,-0.108931,-0.114716,-0.064719,0.001515,0.001113
0,-0.164394,-0.033176,-0.070216,0.045685,-0.092111,0.094281,0.002748,0.000579
0,-0.088105,-0.074615,0.062889,-0.053955,0.111091,-0.02647,0.001538,0.001302
0,0.025571,-0.087452,0.098961,-0.018856,0.102542,-0.021181,0.000446,0.001526
0,-0.126836,-0.055068,-0.176356,0.041859,-0.218668,0.012978,0.002214,0.000961
0,0.018539,0.087127,0.172481,0.119611,0.216715,0.145253,0.000324,0.001521
0,-0.051888,-0.005971,-0.044638,-0.083376,-0.06432,-0.038755,0.000906,0.000104
0,0.041293,0.136954,0.079481,0.155477,0.037737,0.158602,0.000721,0.00239
0,-0.01327,-0.119626,-0.042185,-0.273721,-0.000296,-0.282743,0.000232,0.002088
0,0.110816,-0.047598,0.101811,0.094233,0.149408,0.076163,0.001934,0.000831
0,-0.02491,-0.040565,-0.152322,0.013388,-0.112464,0.036946,0.000435,0.000708
0,-0.047159,0.051214,-0.049417,0.089329,-0.046631,0.120635,0.000823,0.000894
0,-0.044708,-0.153921,-0.010601,-0.215813,-0.007597,-0.178212,0.00078,0.002686
0,-0.092147,0.108951,-0.061569,0.268546,-0.022677,0.273751,0.001608,0.001902
0,0.763946,0.303031,0.828288,0.202628,0.793049,0.251329,0.002098,0.000329
0,2.063685,0.505926,1.30147,0.212176,1.279283,0.23963,0.002313,0.002405
0,3.038046,0.52634,0.967706,0.007377,0.980297,0.022749,0.002466,0.002049
0,3.891714,0.461545,0.868792,-0.060011,0.909847,-0.074833,0.000513,0.002438
0,3.618816,0.555985,-0.285782,0.11576,-0.276189,0.160168,0.001368,0.001531
0,2.956013,0.423661,-0.648373,-0.117417,-0.599758,-0.118101,0.001035,0.001777
0,2.381654,0.414591,-0.590833,-0.011105,-0.553063,0.016693,0.002245,0.001618
0,1.212585,0.350157,-1.147559,-0.091632,-1.100777,-0.116211,0.001306,0.000494
0,0.599712,0.173924,-0.619434,-0.182455,-0.599614,-0.165283,0.000768,0.002582
0,0.367899,0.104086,-0.22793,-0.044665,-0.204011,-0.046297,0.000804,0.001817
0,0.023143,0.144523,-0.350544,0.041393,-0.35605,0.009676,0.000404,0.002522
0,-0.256624,0.057729,-0.302432,-0.080699,-0.297152,-0.046986,0.001139,0.001008
0,-0.327278,0.065107,-0.043345,0.007389,-0.057812,-0.008991,9.5e-05,0.001136
0,-0.426146,-0.14769,-0.088849,-0.195308,-0.104382,-0.177764,0.00182,0.002578
0,-0.496121,0.068121,-0.078566,0.242304,-0.097096,0.251562,0.002576,0.001189
0,-0.529622,0.061878,-0.018385,-0.006599,-0.064159,0.009852,0.001991,0.00108
0,-0.20045,0.046633,0.315794,-0.006945,0.302376,0.034635,0.002119,0.000814
0,-0.197439,0.001657,0.023647,-0.044327,0.058353,0.005332,0.002172,2.9e-05
0,-0.032991,-0.050396,0.184265,-0.067129,0.202028,-0.107878,0.000576,0.00088
0,0.068893,-0.166525,0.106763,-0.118299,0.063291,-0.113647,0.001202,0.002711
0,0.140915,0.078519,0.08965,0.267172,0.110008,0.304294,0.002459,0.00137
0,0.564406,-0.368393,0.426438,-0.457069,0.447917,-0.484553,0.001384,0.000812
0,2.451956,-0.309447,1.858436,0.056577,1.860741,0.051232,0.002145,0.000217
0,2.029272,-0.349209,-0.44933,-0.043152,-0.493831,-0.060183,0.001712,0.000477
0,1.766584,-0.554721,-0.234979,-0.23538,-0.201689,-0.259382,0.002745,0.001553
0,1.745516,-0.394254,-0.02059,0.166443,-0.041878,0.152575,0.002377,0.001264
0,1.511126,-0.236502,-0.221444,0.148535,-0.245816,0.107575,0.001713,0.00149
0,1.190683,-0.331195,-0.322664,-0.11112,-0.299162,-0.07337,0.001689,0.000163
0,0.623802,-0.145381,-0.584162,0.172824,-0.594141,0.215759,0.000348,0.002537
0,0.204575,-0.026125,-0.393565,0.099974,-0.408706,0.079352,0.002047,0.000456
0,-1.938449,-0.859229,-2.131894,-0.857607,-2.091165,-0.85611,0.000127,0.001856
0,-1.984526,-1.421616,-0.066771,-0.590057,-0.057281,-0.554511,0.000931,0.002342
0,-2.439595,-1.570379,-0.48372,-0.137428,-0.503343,-0.111764,0.002361,0.000679
0,-2.649177,-1.372292,-0.191052,0.178666,-0.166836,0.210608,0.001297,0.001481
0,-2.191016,-1.467862,0.445289,-0.098162,0.478019,-0.124304,0.001082,0.002469
0,-1.668057,-1.180883,0.550447,0.28847,0.505136,0.33418,0.001026,0.00186
0,-1.08977,-0.945176,0.608181,0.262242,0.561735,0.277401,0.002168,0.000356
0,-0.808712,-0.895677,0.280908,0.040837,0.274513,0.062212,0.002738,0.00122
0,-0.527042,-0.350661,0.306742,0.567357,0.317891,0.570039,0.002036,0.000503
0,-0.122005,-0.400243,0.424349,-0.059435,0.413881,-0.08046,0.002129,0.001368
0,-0.184379,-0.317311,-0.037685,0.108691,-0.038051,0.127963,0.002399,7.9e-05
0,-0.037995,-0.190086,0.143876,0.111111,0.183391,0.133905,0.000663,0.0023
0,-0.091464,0.093514,-0.048534,0.309123,-0.062957,0.276179,0.001596,0.001632
0,-0.010231,0.145109,0.090982,0.039762,0.096622,0.009438,0.000179,0.002533
0,0.211949,0.066627,0.23099,-0.074167,0.248344,-0.099185,0.001918,0.001163
0,0.11653,0.349317,-0.07951,0.281459,-0.031214,0.296896,0.002034,0.000479
0,0.241563,0.311895,0.105606,-0.024813,0.139119,-0.01489,0.001401,0.000174
0,-0.05764,0.175986,-0.28013,-0.124969,-0.312839,-0.131235,0.001006,0.002546
0,0.042967,0.186846,0.099885,-0.01722,0.07588,0.000328,0.00075,0.002356
0,0.156743,0.129018,0.097992,-0.047199,0.091268,-0.051251,0.002736,0.002252
0,-0.003756,0.184868,-0.184101,0.056244,-0.165552,0.030607,6.6e-05,0.002391
0,0.106432,0.09944,0.125256,-0.103973,0.131111,-0.107571,0.001858,0.001736
0,0.039456,0.067311,-0.05611,-0.055537,-0.090193,-0.102152,0.000689,0.001175
0,0.040238,0.011427,-0.002704,-0.038583,0.028822,-0.056345,0.000702,0.000199
0,0.115492,0.059747,0.06661,0.021656,0.040959,0.048525,0.002016,0.001043
0,0.052675,0.05197,-0.053266,0.002441,-0.065978,0.024773,0.000919,0.000907
0,0.133626,-0.090616,0.064805,-0.142309,0.06963,-0.157439,0.002332,0.001582
0,-0.147073,-0.148856,-0.275943,-0.056036,-0.321244,-0.029618,0.002567,0.002598
0,-0.080417,-0.040975,0.048779,0.121885,0.082163,0.168763,0.001404,0.000715
0,-0.025556,-0.037765,0.055268,-0.019746,0.058904,-0.068946,0.000446,0.000659
0,-0.113023,-0.207825,-0.073106,-0.173213,-0.076251,-0.169902,0.001973,0.00199
0,-0.058801,0.005207,0.051136,0.237283,0.07842,0.216202,0.001026,9.1e-05
0,-0.072785,-0.100236,-0.014746,-0.101113,-0.008908,-0.1293,0.00127,0.001749
0,-0.014268,-0.097045,0.056314,0.021393,0.085269,0.051143,0.000249,0.001694
0,-0.156206,0.123685,-0.123513,0.209172,-0.088927,0.176093,0.002726,0.002159
0,0.118827,-0.118318,0.2719,-0.224261,0.227988,-0.19175,0.002074,0.002065
0,-0.071762,-0.10888,-0.204693,0.007573,-0.22428,0.040017,0.001252,0.0019
0,-0.045028,-0.104602,0.021867,-0.017656,0.031165,-0.0656,0.000786,0.001826
0,0.036623,-0.048529,0.059409,0.077554,0.054876,0.052214,0.000639,0.000847
0,-0.031826,-0.145393,-0.095074,-0.076751,-0.077333,-0.093589,0.000555,0.002538
0,0.197956,-0.114659,0.218056,0.002069,0.218799,-0.034028,0.002163,0.002001
0,0.074284,0.048523,-0.117919,0.175783,-0.126101,0.137095,0.001297,0.000847
0,0.010723,0.068484,-0.043683,0.039715,-0.013927,0.060789,0.000187,0.001195
0,0.259504,0.079761,0.25108,0.041245,0.206287,0.035683,0.001088,0.001392
0,0.346397,0.03315,0.080095,-0.055891,0.045426,-0.047131,0.000428,0.000579
0,0.09858,-0.019734,-0.243804,-0.063727,-0.203983,-0.019825,0.001721,0.000344
0,0.082786,-0.181551,0.01352,-0.142978,-0.025108,-0.114166,0.001445,0.002449
0,-0.028486,0.05169,-0.099305,0.219065,-0.148814,0.246891,0.000497,0.000902
0,0.134944,-0.030537,0.161772,-0.078863,0.18595,-0.050299,0.002355,0.000533
0,-0.015107,-0.084032,-0.138708,-0.078539,-0.178048,-0.056509,0.000264,0.001467
0,-0.037555,-0.065591,-0.001798,0.013444,-0.022879,0.0375,0.000655,0.001145
0,-0.074259,0.072152,-0.036141,0.115835,-0.042899,0.154621,0.001296,0.001259
0,-0.057771,-0.090561,0.008051,-0.137414,-0.001412,-0.158386,0.001008,0.001581
0,-0.144827,0.048105,-0.093389,0.138502,-0.099381,0.171863,0.002528,0.00084
0,0.152862,-0.010637,0.286489,-0.035193,0.327377,0.006901,0.002668,0.000186
0,0.114235,-0.033498,-0.036278,-0.000409,-0.05081,-0.019485,0.001994,0.000585
0,0.172019,0.095758,0.064263,0.13309,0.091596,0.164917,0.002615,0.001671
0,-0.060394,-0.082331,-0.244832,-0.152298,-0.291831,-0.108651,0.001054,0.001437
0,0.080834,-0.005171,0.157993,0.055004,0.203687,0.043079,0.001411,9e-05
0,0.150948,-0.193855,0.088888,-0.178354,0.058061,-0.14058,0.002635,0.002234
0,0.044148,-0.070422,-0.080263,0.140907,-0.046079,0.11027,0.000771,0.001229
0,-0.004572,0.00503,-0.051768,0.098895,-0.064598,0.121532,8e-05,8.8e-05
0,0.183219,0.065384,0.16134,0.044284,0.113968,0.075307,0.00242,0.001141
0,-0.037326,0.047829,-0.229797,0.005165,-0.18735,0.013502,0.000651,0.000835
0,0.119481,0.130151,0.154889,0.055178,0.17203,0.099666,0.002085,0.002272
0,0.073108,0.096655,-0.068716,-0.045544,-0.117672,-0.054818,0.001276,0.001687
0,0.211488,-0.08206,0.154712,-0.176216,0.189958,-0.186111,0.001926,0.001432
0,0.166968,-0.138132,-0.042655,-0.05752,-0.055603,-0.010183,0.002703,0.002411
0,0.169388,-0.133097,0.004156,0.011568,0.029441,0.01433,0.002661,0.002323
0,0.214432,-0.152698,0.031892,-0.04787,0.038712,-0.039704,0.001875,0.002665
0,0.153987,-0.050075,-0.039022,0.094916,-0.066994,0.098762,0.002688,0.000874
0,-0.009639,0.026519,-0.186795,0.067476,-0.193383,0.086708,0.000168,0.000463
0,0.055528,-0.117682,0.064546,-0.136305,0.045133,-0.185301,0.000969,0.002054
0,0.217001,-0.072989,0.135062,0.047462,0.130515,0.063595,0.00183,0.001274
0,0.083496,-0.10063,-0.144757,-0.037788,-0.145985,-0.02687,0.001457,0.001756
0,-0.030283,0.123166,-0.134855,0.253522,-0.139431,0.218159,0.000529,0.00215
0,-0.035445,-0.094398,-0.008992,-0.189739,-0.049386,-0.158878,0.000619,0.001648
0,0.007676,0.152581,0.046761,0.229764,0.075946,0.235746,0.000134,0.002663
0,0.18424,0.011931,0.171894,-0.136661,0.16944,-0.121984,0.002402,0.000208
0,0.101046,0.031841,-0.092534,0.02288,-0.089455,0.031211,0.001764,0.000556
0,-0.009935,0.121566,-0.098887,0.117572,-0.097473,0.155351,0.000173,0.002122
0,0.052633,0.00791,0.083377,-0.09418,0.073613,-0.128007,0.000919,0.000138
0,0.067949,0.067385,0.018047,0.05768,-0.01951,0.085639,0.001186,0.001176
0,-0.000291,0.033981,-0.080274,-0.040188,-0.056984,0.009255,5e-06,0.000593
0,0.224392,-0.073199,0.207694,-0.136718,0.239505,-0.183325,0.001701,0.001278
0,0.176019,-0.041419,-0.034407,0.019564,-0.07218,0.065225,0.002545,0.000723
0,0.154374,-0.103518,0.003369,-0.06137,0.041721,-0.040777,0.002694,0.001807
0,-0.067505,0.163271,-0.222818,0.252538,-0.180215,0.254869,0.001178,0.002768
0,0.013605,0.004099,0.054477,-0.145086,0.104208,-0.13265,0.000237,7.2e-05
0,0.114478,0.05286,0.109062,0.077404,0.098757,0.047719,0.001998,0.000923
0,0.152434,-0.034899,0.05764,-0.073641,0.007752,-0.066328,0.00266,0.000609
0,0.188878,-0.079263,0.049519,-0.067377,0.074364,-0.053446,0.002321,0.001383
0,0.225347,0.048911,0.023292,0.157715,0.039312,0.189284,0.001684,0.000854
0,0.109761,0.110056,-0.110701,0.061289,-0.143366,0.087928,0.001916,0.001921
0,0.231622,0.108304,0.130773,-0.02977,0.085577,-0.053648,0.001575,0.00189
0,0.160158,0.003326,-0.059907,-0.079245,-0.098143,-0.069653,0.002795,5.8e-05
0,0.132056,-0.091032,-0.055027,-0.097054,-0.101199,-0.113669,0.002305,0.001589
0,0.163585,0.095173,0.02835,0.202506,0.003801,0.225267,0.002762,0.001661
0,0.110209,-0.106211,-0.035233,-0.178278,-0.016498,-0.133421,0.001924,0.001854
0,-0.0465,0.151762,-0.150923,0.28768,-0.188113,0.336905,0.000812,0.002649
0,0.065667,-0.011773,0.100285,-0.148999,0.117524,-0.177042,0.001146,0.000205
0,0.052306,0.064856,-0.018271,0.099165,0.016349,0.120112,0.000913,0.001132
0,-0.005543,-0.072073,-0.032893,-0.163601,-0.037849,-0.158268,9.7e-05,0.001258
0,0.245901,-1.961429,0.261933,-1.90006,0.242728,-1.93473,0.001326,0.000528
0,0.479712,-2.120869,0.210007,-0.140167,0.253843,-0.102525,0.002755,0.002306
0,0.941843,-2.30398,0.45869,-0.155566,0.412271,-0.119716,0.000414,0.000889
0,0.770698,-2.551915,-0.17182,-0.235262,-0.210329,-0.197156,0.002216,0.000401
0,0.76532,-2.318275,-0.027515,0.24046,-0.026239,0.274804,0.002122,0.001139
0,0.661177,-1.909477,-0.087627,0.436781,-0.049963,0.423634,0.000305,0.000378
0,0.697997,-1.379529,0.04393,0.517863,0.023365,0.562758,0.000947,0.001607
0,0.453684,-0.987634,-0.254862,0.389155,-0.240757,0.436575,0.002301,0.000385
0,0.226942,-0.380889,-0.221048,0.610055,-0.194605,0.602563,0.001657,0.00103
0,0.231486,-0.168722,0.004643,0.187048,0.008373,0.139537,0.001577,0.002673
0,0.183958,0.030759,-0.040377,0.201524,-0.005396,0.218574,0.002407,0.000537
0,0.073375,0.178248,-0.130548,0.139812,-0.1313,0.092114,0.001281,0.002506
0,-0.257232,0.247021,-0.323055,0.071515,-0.309511,0.078341,0.001128,0.001306
0,-0.042765,0.116299,0.223786,-0.137932,0.177843,-0.120061,0.000746,0.00203
0,-0.013763,0.064622,0.056661,-0.023262,0.022928,0.011594,0.00024,0.001128
0,-0.114734,0.022022,-0.120175,-0.046677,-0.072155,-0.061238,0.002002,0.000384
0,-0.207002,-0.018271,-0.114254,-0.045408,-0.090911,-0.038735,0.002005,0.000319
0,-0.059133,0.164404,0.164878,0.210257,0.160005,0.218729,0.001032,0.002748
0,0.048696,0.236687,0.103181,0.060527,0.087099,0.010689,0.00085,0.001487
0,-0.150318,0.001104,-0.220158,-0.228111,-0.175547,-0.249501,0.002624,1.9e-05
0,-0.247871,-0.039876,-0.076641,-0.026691,-0.087069,-0.013244,0.001291,0.000696
0,-0.053619,0.246694,0.195887,0.266386,0.147217,0.279926,0.000936,0.001312
0,-0.186813,0.050271,-0.107819,-0.176023,-0.071172,-0.150047,0.002357,0.000877
0,-0.156227,0.105511,0.007226,0.073905,0.026684,0.110296,0.002727,0.001842
0,-0.035062,0.191287,0.093019,0.111495,0.047141,0.13093,0.000612,0.002279
0,-0.120819,0.145029,-0.08282,-0.068363,-0.091868,-0.023208,0.002109,0.002531
0,0.008934,-0.039766,0.114954,-0.213051,0.15374,-0.217004,0.000156,0.000694
0,-0.189792,0.162405,-0.228699,0.220002,-0.18118,0.237754,0.002305,0.002783
0,-0.080929,0.177458,0.116836,0.025172,0.125334,-0.014383,0.001412,0.00252
0,-0.121834,0.216513,-0.03913,0.031455,-0.039762,0.070633,0.002126,0.001839
0,-0.127632,0.069027,-0.027322,-0.160066,-0.0021,-0.1743,0.002228,0.001205
0,0.11457,0.052214,0.266593,0.004307,0.280415,-0.028387,0.002,0.000911
0,-0.013859,0.092476,-0.121232,0.029447,-0.112989,-0.002347,0.000242,0.001614
0,-0.174328,0.144983,-0.183962,0.0469,-0.185707,0.037361,0.002575,0.00253
0,-0.061484,0.148904,0.105182,-0.00047,0.127343,-0.043894,0.001073,0.002599
0,-0.201322,0.03072,-0.117853,-0.100317,-0.138544,-0.092799,0.002104,0.000536
0,-0.017239,0.053264,0.196183,0.044066,0.175973,0.046722,0.000301,0.00093
0,-0.114703,-0.128777,-0.118284,-0.16462,-0.136698,-0.197475,0.002002,0.002248
0,-0.055458,0.109203,0.048871,0.240852,0.057492,0.287092,0.000968,0.001906
0,-0.184673,0.055021,-0.143611,-0.052961,-0.156359,-0.073695,0.002394,0.00096
0,0.010015,-0.084348,0.192587,-0.114336,0.173858,-0.139681,0.000175,0.001472
0,-0.028684,0.087557,-0.009754,0.155094,0.022576,0.140541,0.000501,0.001528
0,-0.027078,0.185827,-0.001794,0.101019,0.043472,0.055439,0.000473,0.002374
0,-0.137333,0.192346,-0.102313,0.022775,-0.065796,0.039098,0.002397,0.00226
0,-0.076374,0.046294,0.060442,-0.137952,0.040062,-0.114733,0.001333,0.000808
0,-0.186738,-0.029728,-0.126038,-0.054419,-0.15825,-0.038951,0.002358,0.000519
0,0.018174,-0.031167,0.181298,0.014494,0.167756,0.017062,0.000317,0.000544
0,-0.257683,-0.004803,-0.298253,0.051697,-0.301511,0.017173,0.00112,8.4e-05
0,-0.145342,0.03956,0.109597,0.061538,0.134778,0.082329,0.002537,0.00069
0,-0.062778,0.001487,0.056107,-0.040774,0.058915,0.005958,0.001096,2.6e-05
0,-0.246375,-0.0009,-0.186903,-0.013383,-0.173262,0.012333,0.001317,1.6e-05
0,-0.215761,0.07662,0.032002,0.052403,0.045781,0.064072,0.001852,0.001337
0,-0.220847,-0.012086,0.000192,-0.063271,-0.027159,-0.04766,0.001763,0.000211
0,-0.022075,-0.075491,0.195639,-0.084354,0.220376,-0.047183,0.000385,0.001318
0,-0.222525,0.161131,-0.194156,0.235772,-0.156446,0.212146,0.001734,0.002805
0,-0.174548,0.187663,0.020848,0.00589,-0.008747,-0.012413,0.002571,0.002342
0,-0.262726,-0.03614,-0.101104,-0.240438,-0.069218,-0.23516,0.001032,0.000631
0,-0.062573,-0.026787,0.175131,0.03705,0.148148,0.06923,0.001092,0.000468
0,-0.107977,0.195502,-0.04383,0.20121,-0.001243,0.236833,0.001885,0.002205
0,-0.18176,0.187901,-0.103177,-0.002412,-0.119582,-0.023472,0.002445,0.002338
0,-0.152696,0.063119,0.040936,-0.122658,0.048944,-0.171006,0.002665,0.001102
0,-0.169119,0.067045,-0.001781,0.033835,0.037981,0.045428,0.002666,0.00117
0,-0.160731,-0.015968,0.030433,-0.06664,0.010504,-0.095353,0.002805,0.000279
0,-0.061516,0.109979,0.075433,0.102318,0.098337,0.10393,0.001074,0.001919
0,-0.207193,0.092377,-0.122331,0.008754,-0.090079,-0.029285,0.002001,0.001612
0,0.019974,0.199732,0.207441,0.12862,0.217834,0.138028,0.000349,0.002132
0,-0.203468,0.13023,-0.236953,-0.076455,-0.217341,-0.08503,0.002066,0.002273
0,-0.203516,0.126624,-0.01123,-0.028028,-0.016877,-0.013742,0.002065,0.00221
0,-0.104243,0.205703,0.129022,0.099345,0.127892,0.122949,0.001819,0.002027
0,-0.046025,0.043735,0.075192,-0.171537,0.063363,-0.164327,0.000803,0.000763
0,-0.088646,0.166254,-0.048251,0.127811,-0.042205,0.157272,0.001547,0.002716
0,-0.257381,-0.03161,-0.144067,-0.209106,-0.155798,-0.208272,0.001125,0.000552
0,-0.068799,0.018468,0.171702,0.025671,0.213635,0.02431,0.001201,0.000322
0,-0.17163,0.136843,-0.104497,0.117883,-0.068659,0.136255,0.002622,0.002388
0,0.000491,0.090983,0.19234,-0.062632,0.186428,-0.012988,9e-06,0.001588
0,0.01297,0.164977,0.020223,0.085114,0.006847,0.074739,0.000226,0.002738
0,-0.10728,0.138248,-0.133667,0.00292,-0.086398,-0.015207,0.001872,0.002413
0,-0.255203,0.221115,-0.153521,0.107838,-0.170706,0.06245,0.001163,0.001758
0,-0.152414,0.093746,0.099597,-0.129387,0.110843,-0.081718,0.00266,0.001636
0,-0.056706,0.14972,0.121741,0.069014,0.082121,0.027981,0.00099,0.002613
0,-0.149206,0.00968,-0.088817,-0.15423,-0.116806,-0.168062,0.002604,0.000169
0,-0.026533,0.156687,0.149726,0.158828,0.126266,0.203961,0.000463,0.002735
0,-0.16412,0.116833,-0.111107,-0.013722,-0.077711,0.005271,0.002753,0.002039
0,-0.138943,0.060395,0.012924,-0.060147,0.023743,-0.050513,0.002425,0.001054
0,-0.023721,0.188487,0.116331,0.146952,0.0963,0.125001,0.000414,0.002328
0,0.071726,0.085536,0.097623,-0.110292,0.102345,-0.091956,0.001252,0.001493
0,0.13024,0.046832,0.065078,-0.014503,0.03411,0.012514,0.002273,0.000817
0,-0.048593,0.008161,-0.186844,-0.054107,-0.158872,-0.016026,0.000848,0.000142
0,0.140199,0.20443,0.213615,0.169309,0.203611,0.132618,0.002447,0.00205
0,0.03861,-0.003032,-0.088867,-0.200347,-0.067318,-0.182217,0.000674,5.3e-05
0,-0.070562,0.021507,-0.096169,0.028217,-0.131433,-0.014733,0.001232,0.000375
0,0.153986,0.074393,0.199798,0.051629,0.217567,0.033219,0.002688,0.001298
0,0.016854,0.0024,-0.141424,-0.053007,-0.092773,-0.018376,0.000294,4.2e-05
0,0.018637,0.224881,0.019537,0.251105,0.065459,0.243699,0.000325,0.001693
0,-0.030007,0.258026,-0.044937,0.021253,-0.088528,0.062825,0.000524,0.001114
0,0.148723,-0.023855,0.207787,-0.287792,0.182961,-0.306408,0.002596,0.000416
0,0.211219,0.008746,0.080849,0.01628,0.072718,0.028548,0.001931,0.000153
0,-0.042612,0.189924,-0.239761,0.189114,-0.221064,0.227632,0.000744,0.002303
0,0.218038,0.063959,0.249929,-0.112466,0.258974,-0.156886,0.001812,0.001116
0,0.213215,0.165335,0.015133,0.128259,0.051301,0.122515,0.001896,0.002732
0,0.177917,-0.024113,-0.049604,-0.185705,-0.042966,-0.180231,0.002512,0.000421
0,0.092847,0.191519,-0.068014,0.241811,-0.073283,0.225169,0.00162,0.002275
0,-0.012624,0.066045,-0.084309,-0.120158,-0.12557,-0.156778,0.00022,0.001153
0,-0.011399,0.131345,-0.001506,0.069357,-0.014976,0.021221,0.000199,0.002292
0,0.058857,0.150409,0.077538,0.029574,0.09773,0.027523,0.001027,0.002625
0,-0.054015,0.004373,-0.090318,-0.151729,-0.048344,-0.168235,0.000943,7.6e-05
0,0.097166,0.002784,0.135374,-0.017634,0.088714,0.010846,0.001696,4.9e-05
0,-0.075117,-0.079391,-0.195373,-0.09029,-0.213815,-0.104895,0.001311,0.001386
0,0.069016,0.226133,0.151291,0.293357,0.147755,0.285667,0.001205,0.001671
0,0.151284,0.025006,0.08264,-0.198342,0.063523,-0.185694,0.00264,0.000436
0,0.152332,0.110406,-0.010266,0.113633,0.013036,0.154823,0.002659,0.001927
0,0.149529,0.056322,-0.009012,-0.076976,-0.027496,-0.048573,0.00261,0.000983
0,0.205362,0.025231,0.071018,-0.057479,0.070438,-0.065787,0.002033,0.00044
0,0.182236,0.187062,-0.032776,0.186666,0.015067,0.230412,0.002437,0.002353
0,-0.118887,-0.039362,-0.282923,-0.250018,-0.244613,-0.255632,0.002075,0.000687
0,0.198479,0.105601,0.338496,0.158428,0.385275,0.189976,0.002153,0.001843
0,0.080244,0.037188,-0.139701,-0.086095,-0.187308,-0.087604,0.001401,0.000649
0,0.111546,0.206206,0.010263,0.146067,0.017664,0.153886,0.001947,0.002019
0,0.136191,0.129301,0.042971,-0.047968,0.081365,-0.082731,0.002377,0.002257
0,-0.021732,0.160396,-0.175698,0.028688,-0.178452,0.003638,0.000379,0.002799
0,0.013259,0.15908,0.023607,0.010725,0.005997,0.013234,0.000231,0.002776
0,0.027305,0.12648,0.021142,-0.035223,0.033488,-0.038219,0.000477,0.002207
0,-0.023601,0.203449,-0.055649,0.093696,-0.007813,0.092702,0.000412,0.002067
0,0.129427,-0.009594,0.174051,-0.213537,0.184182,-0.18253,0.002259,0.000167
0,0.023266,0.137753,-0.121001,0.148555,-0.08876,0.143091,0.000406,0.002404
0,0.152054,-0.041383,0.140734,-0.179841,0.113886,-0.209513,0.002654,0.000722
0,0.02917,-0.106591,-0.142037,-0.089878,-0.161237,-0.066049,0.000509,0.00186
0,-0.049782,0.172312,-0.063961,0.285415,-0.025466,0.334465,0.000869,0.00261
0,-0.046608,-0.070072,0.007941,-0.260714,0.034834,-0.278821,0.000813,0.001223
0,-0.012307,-0.008089,0.059683,0.064016,0.048774,0.049382,0.000215,0.000141
0,-0.004416,0.15091,-0.016303,0.184051,0.025057,0.233105,7.7e-05,0.002634
0,0.025253,-0.115537,0.0237,-0.248859,0.051675,-0.244889,0.000441,0.002017
0,0.138222,0.11902,0.124911,0.246454,0.089328,0.257449,0.002412,0.002077
0,0.08921,0.006452,-0.039823,-0.099639,-0.007535,-0.113171,0.001557,0.000113
0,-0.044526,-0.096526,-0.121594,-0.076877,-0.139822,-0.111607,0.000777,0.001685
0,0.004159,0.084141,0.057661,0.16269,0.060999,0.199739,7.3e-05,0.001469
0,0.163844,0.166819,0.149507,0.094204,0.18176,0.140835,0.002758,0.002706
0,-0.004058,-0.012893,-0.16309,-0.206302,-0.117798,-0.218483,7.1e-05,0.000225
0,-0.002221,0.028252,0.02158,0.033315,-0.01936,0.002315,3.9e-05,0.000493
0,0.083881,-0.112332,0.088577,-0.165848,0.075687,-0.208028,0.001464,0.001961
0,0.128775,-0.018655,0.027552,0.123565,0.025439,0.097032,0.002248,0.000326
0,0.106311,-0.063317,-0.023353,-0.035189,-0.055022,-0.038918,0.001855,0.001105
0,0.154085,0.125558,0.052915,0.218053,0.096658,0.173313,0.002689,0.002191
0,0.110767,-0.083174,-0.033194,-0.204052,-0.058044,-0.217181,0.001933,0.001452
0,0.097615,0.182262,-0.020152,0.247024,-0.061172,0.246268,0.001704,0.002436
0,-0.075837,0.021293,-0.186468,-0.151807,-0.145929,-0.198223,0.001324,0.000372
0,0.151973,-0.062,0.228921,-0.10769,0.188214,-0.110368,0.002652,0.001082
0,-0.042769,0.074698,-0.190575,0.11003,-0.194314,0.071528,0.000746,0.001304
0,0.189856,-0.027453,0.219471,-0.081318,0.186782,-0.064274,0.002304,0.000479
0,0.088831,-0.052221,-0.098966,-0.054329,-0.108735,-0.062786,0.00155,0.000911
0,-0.072802,0.031703,-0.134974,0.054375,-0.098427,0.024831,0.001271,0.000553
0,0.083539,-0.016496,0.152555,-0.075144,0.111033,-0.100003,0.001458,0.000288
0,-0.114705,0.016518,-0.170305,0.012924,-0.135043,0.040628,0.002002,0.000288
0,0.067575,0.168792,0.157031,0.158878,0.180356,0.120887,0.001179,0.002672
0,-0.081794,-0.076179,-0.151109,-0.24369,-0.122008,-0.265853,0.001428,0.00133
0,-0.007482,0.040971,0.095493,0.089765,0.107464,0.098184,0.000131,0.000715
0,-0.119162,0.060092,-0.092441,0.041387,-0.086734,0.033569,0.00208,0.001049
0,0.15002,0.107296,0.260458,0.041355,0.221259,0.010379,0.002618,0.001873
0,-0.038224,-0.108783,-0.16867,-0.227631,-0.196275,-0.204387,0.000667,0.001899
0,0.127382,0.121196,0.15027,0.257705,0.148207,0.211188,0.002223,0.002115
0,0.035906,0.147585,-0.112585,0.035566,-0.104633,0.055821,0.000627,0.002576
0,0.025159,-0.015054,-0.031031,-0.186964,-0.044168,-0.190332,0.000439,0.000263
0,0.172553,-0.093681,0.139016,-0.093361,0.163616,-0.097368,0.002606,0.001635
0,0.257572,-0.107683,0.101167,-0.023917,0.105976,-0.033779,0.001122,0.001879
0,0.259802,0.114956,-0.002809,0.206562,-0.014413,0.208666,0.001083,0.002006
0,0.172449,0.015592,-0.0792,-0.122622,-0.123822,-0.100415,0.002608,0.000272
0,0.053918,0.028193,-0.142698,-0.000494,-0.140475,0.001139,0.000941,0.000492
0,0.07999,0.078409,0.053381,0.054087,0.052447,0.086611,0.001396,0.001368
0,0.089631,0.110903,-0.019674,0.024915,-0.043565,-0.018843,0.001564,0.001936
0,0.093086,-0.124554,0.013855,-0.217407,-0.017067,-0.195513,0.001625,0.002174
0,-0.006648,0.047734,-0.078149,0.142804,-0.081936,0.191389,0.000116,0.000833
0,0.208541,-0.091443,0.188918,-0.132669,0.203552,-0.093522,0.001978,0.001596
0,0.263872,-0.072786,0.068508,-0.004911,0.092493,0.028169,0.001012,0.00127
0,0.742309,-0.644199,0.464561,-0.582143,0.462484,-0.566169,0.001721,8e-06
0,1.761653,-1.717422,1.033439,-1.082226,1.046419,-1.082875,0.002659,0.001887
0,1.816068,-2.985166,0.030858,-1.287136,0.069965,-1.315059,0.002009,0.001543
0,1.736377,-2.558569,-0.100389,0.450271,-0.121875,0.411007,0.002218,0.000285
0,1.39757,-2.220161,-0.356901,0.326105,-0.382863,0.347549,0.001922,0.000573
0,1.084391,-2.064715,-0.301279,0.172178,-0.33745,0.212476,0.002074,0.002331
0,0.975699,-1.717367,-0.091061,0.333408,-0.08594,0.340992,0.000177,0.001886
0,0.609903,-1.460814,-0.3574,0.278916,-0.33511,0.254051,0.00059,0.002592
0,0.409435,-0.944708,-0.221304,0.504565,-0.233351,0.509881,0.001528,0.000364
0,0.025861,-0.572382,-0.37187,0.37734,-0.32807,0.339145,0.000451,0.001245
0,-0.08398,-0.09061,-0.12977,0.504769,-0.173148,0.476025,0.001466,0.001581
0,-0.210526,-0.097566,-0.108911,-0.020306,-0.072047,0.028655,0.001943,0.001703
0,-0.033646,-0.063376,0.150409,0.053277,0.107175,0.017303,0.000587,0.001106
0,-0.289836,0.098778,-0.247864,0.168463,-0.268306,0.157267,0.000559,0.001724
0,-0.23399,-0.04377,0.058176,-0.113829,0.09227,-0.077757,0.001534,0.000764
0,-0.050975,0.239824,0.197309,0.254361,0.184274,0.249597,0.00089,0.001432
0,-0.058845,0.119413,-0.036235,-0.114655,-0.039725,-0.119155,0.001027,0.002084
0,-0.144058,0.11103,-0.07235,-0.004581,-0.032362,0.04259,0.002514,0.001938
0,-0.122248,0.297138,0.051696,0.172373,0.039786,0.149668,0.002134,0.000431
0,0.088198,0.110464,0.220307,-0.173117,0.264671,-0.191072,0.001539,0.001928
0,-0.118702,0.002181,-0.219732,-0.119182,-0.239502,-0.076237,0.002072,3.8e-05
0,0.052026,0.217476,0.159455,0.194615,0.129976,0.211289,0.000908,0.001822
0,-0.013969,0.156325,-0.077604,-0.083873,-0.082298,-0.115367,0.000244,0.002728
0,0.049468,0.152188,0.088576,0.023775,0.075972,0.042135,0.000863,0.002656
0,-0.145731,0.034557,-0.203217,-0.139926,-0.239351,-0.137639,0.002543,0.000603
0,0.048663,0.040847,0.220043,-0.0136,0.239215,0.030075,0.000849,0.000713
0,0.080803,0.051709,0.052885,-0.010027,0.034757,-0.038113,0.00141,0.000902
0,0.120247,0.051897,0.030425,-0.007827,0.012752,0.006789,0.002099,0.000906
0,0.068172,0.07784,-0.073368,0.002862,-0.054411,0.049627,0.00119,0.001359
0,0.087591,-0.058801,0.027471,-0.149667,-0.011207,-0.125098,0.001529,0.001026
0,-0.121186,0.142018,-0.207173,0.22314,-0.23928,0.191314,0.002115,0.002479
0,0.128536,-0.00487,0.22999,-0.141673,0.185177,-0.139838,0.002243,8.5e-05
0,0.077943,0.085303,-0.079876,0.061456,-0.064606,0.08344,0.00136,0.001489
0,-0.060667,0.095715,-0.117506,0.021763,-0.122652,0.024676,0.001059,0.001671
0,-0.055418,0.066267,0.015772,-0.019235,0.037261,-0.033415,0.000967,0.001157
0,0.061113,0.109481,0.1148,0.029503,0.144828,0.023831,0.001067,0.001911
0,-0.03622,-0.079365,-0.094657,-0.214121,-0.103313,-0.19215,0.000632,0.001385
0,-0.077027,0.039086,-0.042175,0.122336,-0.03855,0.089951,0.001344,0.000682
0,-0.027166,0.051719,0.02036,-0.011766,0.035962,-0.053379,0.000474,0.000903
0,-0.11901,0.117779,-0.096384,0.049726,-0.135227,0.082418,0.002077,0.002056
0,0.001228,0.021827,0.097987,-0.112463,0.06185,-0.124987,2.1e-05,0.000381
0,0.053317,-0.120321,0.069951,-0.158187,0.056249,-0.16849,0.000931,0.0021
0,0.107611,0.013027,0.079393,0.118308,0.057021,0.108336,0.001878,0.000227
0,0.158383,0.116831,0.050404,0.112912,0.070997,0.065977,0.002764,0.002039
0,0.084787,0.0898,-0.075362,-0.026762,-0.076317,-0.045023,0.00148,0.001567
0,0.201805,-0.060125,0.107107,-0.145433,0.128234,-0.148725,0.002095,0.001049
0,0.071289,0.068645,-0.155444,0.103322,-0.146633,0.119193,0.001244,0.001198
0,0.19324,0.144077,0.148413,0.082624,0.166904,0.057828,0.002245,0.002515
0,0.144553,-0.010953,-0.039416,-0.12719,-0.057758,-0.135467,0.002523,0.000191
0,0.012649,-0.058069,-0.128839,-0.021882,-0.07911,-0.03369,0.000221,0.001013
0,0.090732,-0.062581,0.098909,0.008323,0.056505,0.004483,0.001584,0.001092
0,0.163542,-0.002353,0.053997,0.087077,0.074531,0.075532,0.002763,4.1e-05
0,-0.094601,-0.123987,-0.277805,-0.107453,-0.303055,-0.128258,0.001651,0.002164
0,-0.061505,0.041279,0.028255,0.178402,0.051376,0.128669,0.001073,0.00072
0,0.100936,-0.106454,0.191865,-0.16804,0.191841,-0.132261,0.001762,0.001858
0,0.001851,0.081849,-0.069972,0.203303,-0.100342,0.208569,3.2e-05,0.001429
0,0.0296,0.140515,0.050778,0.063061,0.067918,0.08546,0.000517,0.002452
0,0.032227,0.10679,-0.000835,-0.05699,-0.048566,-0.048606,0.000562,0.001864
0,-0.118543,0.041424,-0.146128,-0.078777,-0.141175,-0.110147,0.002069,0.000723
0,0.002241,0.04273,0.150754,-0.013764,0.140302,-0.024193,3.9e-05,0.000746
0,-0.108928,0.031321,-0.123859,-0.02261,-0.142718,0.015023,0.001901,0.000547
0,-0.08502,-0.078538,0.02731,-0.110406,0.003047,-0.114718,0.001484,0.001371
0,-0.106764,0.0256,0.006469,0.076283,-0.020703,0.047728,0.001863,0.000447
0,-0.152746,0.014934,-0.065736,-0.00425,-0.078536,-0.008226,0.002666,0.000261
0,-0.048837,0.078693,0.11735,0.069537,0.101887,0.112507,0.000852,0.001373
0,0.060734,0.00562,0.133021,-0.080387,0.118423,-0.052538,0.00106,9.8e-05
0,-0.051947,-0.135862,-0.120708,-0.153915,-0.096513,-0.152783,0.000907,0.002371
0,-0.082259,-0.026825,-0.041485,0.111901,-0.06523,0.078148,0.001436,0.000468
0,-0.116474,-0.059187,-0.057297,-0.01953,-0.101134,-0.060869,0.002033,0.001033
0,-0.069589,-0.10556,0.067529,-0.070703,0.062127,-0.106354,0.001215,0.001842
0,0.027923,0.124799,0.113895,0.202637,0.106682,0.223179,0.000487,0.002178
0,0.119546,-0.110857,0.114064,-0.23462,0.160266,-0.277254,0.002086,0.001935
0,0.088177,0.050498,-0.038738,0.166883,-0.067439,0.212169,0.001539,0.000881
0,-0.030371,-0.093188,-0.114814,-0.146898,-0.083844,-0.104948,0.00053,0.001626
0,0.029113,-0.148863,0.058121,-0.055179,0.031119,-0.072754,0.000508,0.002598
0,-0.105403,0.019406,-0.147046,0.138896,-0.126979,0.177858,0.00184,0.000339
0,-0.047114,0.074394,0.079985,0.065409,0.099883,0.039723,0.000822,0.001298
0,-0.11155,0.017258,-0.0684,-0.069917,-0.074731,-0.095313,0.001947,0.000301
0,-0.116407,-0.110915,-0.029274,-0.136106,-0.020065,-0.165217,0.002032,0.001936
0,0.147256,-0.151879,0.292766,-0.012103,0.270818,0.002632,0.00257,0.002651
0,0.182341,-0.039807,0.03766,0.114882,0.026679,0.074199,0.002435,0.000695
0,0.099539,0.116037,-0.072272,0.179813,-0.053397,0.217199,0.001737,0.002025
0,0.015637,0.097892,-0.080633,-0.032987,-0.032891,0.000561,0.000273,0.001709
0,-0.023969,-0.08032,-0.031175,-0.160367,-0.00093,-0.139611,0.000418,0.001402
0,0.115911,-0.076365,0.169641,-0.012152,0.159004,-0.038097,0.002023,0.001333
0,-0.144767,0.040479,-0.27013,0.126434,-0.310341,0.079557,0.002527,0.000706
0,0.025299,-0.05868,0.18899,-0.110891,0.139106,-0.0614,0.000442,0.001024
0,0.004526,-0.0244,-0.037986,0.025612,-0.058878,0.030361,7.9e-05,0.000426
0,-0.081787,-0.018995,-0.087404,0.033019,-0.118312,0.065949,0.001427,0.000332
0,0.038289,-0.113547,0.105508,-0.086428,0.090066,-0.073146,0.000668,0.001982
0,-0.109351,0.061377,-0.146102,0.155714,-0.130804,0.163396,0.001909,0.001071
0,0.04949,0.025464,0.176462,-0.065652,0.127006,-0.024523,0.000864,0.000444
0,0.081128,-0.146842,0.046667,-0.168912,0.072585,-0.187261,0.001416,0.002563
0,0.10496,0.095175,0.005859,0.243345,0.044178,0.26375,0.001832,0.001661
0,0.093836,0.015843,-0.032339,-0.086119,-0.035288,-0.099169,0.001638,0.000277
0,0.091858,0.077551,0.009534,0.072847,0.038966,0.060787,0.001603,0.001354
0,0.071506,0.058801,-0.011214,-0.006479,-0.048056,0.018251,0.001248,0.001026
0,0.101408,0.096368,0.054875,0.021293,0.098755,0.001185,0.00177,0.001682
0,0.070952,-0.134608,-0.03092,-0.215319,-0.065913,-0.179177,0.001238,0.002349
0,-0.095214,0.108831,-0.190749,0.240132,-0.177117,0.221922,0.001662,0.001899
0,-0.106271,0.102593,0.006926,-0.010492,-0.040518,-0.047994,0.001855,0.001791
0,-0.1589,0.075547,-0.080588,-0.005928,-0.035618,-0.034688,0.002773,0.001319
0,-0.214495,0.04008,-0.026941,-0.012994,-0.03904,-0.043503,0.001874,0.0007
0,-0.045444,0.090941,0.175662,0.0626,0.205189,0.01956,0.000793,0.001587
0,-0.048697,-0.046338,-0.005075,-0.138526,-0.01753,-0.171488,0.00085,0.000809
0,-0.092737,-0.039276,-0.06971,0.001211,-0.114538,0.044879,0.001619,0.000686
0,-0.109537,0.073246,-0.019556,0.099328,-0.065431,0.094942,0.001912,0.001278
0,0.155837,-0.006406,0.287538,-0.070797,0.256518,-0.083857,0.00272,0.000112
0,0.093342,0.077161,-0.090945,0.102027,-0.106961,0.061207,0.001629,0.001347
0,0.119127,0.116402,0.022021,0.043081,0.035687,0.072769,0.002079,0.002032
0,0.143334,-0.097727,-0.002769,-0.192744,-0.039569,-0.236606,0.002502,0.001706
0,-0.048056,0.050546,-0.198614,0.166859,-0.176329,0.150987,0.000839,0.000882
0,0.041103,0.085844,0.064454,0.056271,0.053123,0.072922,0.000717,0.001498
0,-0.045786,0.084236,-0.074033,0.00655,-0.083954,0.054353,0.000799,0.00147
0,-0.04069,-0.068972,-0.011903,-0.166958,-0.036822,-0.132943,0.00071,0.001204
0,-0.034826,0.020374,-0.00986,0.072487,-0.002828,0.066588,0.000608,0.000356
0,0.032436,-0.215055,0.039007,-0.24286,0.047738,-0.237174,0.000566,0.001864
0,-0.046873,0.038186,-0.085057,0.26676,-0.085999,0.259545,0.000818,0.000666
0,-0.044176,-0.179337,-0.021172,-0.196591,0.023492,-0.183874,0.000771,0.002487
0,-0.139522,0.111189,-0.086692,0.267097,-0.073193,0.296476,0.002435,0.001941
0,-0.022242,0.006883,0.124979,-0.105406,0.164083,-0.101599,0.000388,0.00012
0,0.049516,-0.106365,0.064475,-0.140951,0.015666,-0.151074,0.000864,0.001856
0,1.1e-05,0.084135,-0.051778,0.210259,-0.055775,0.24309,0.0,0.001468
0,-0.004944,-0.108723,0.024469,-0.221805,0.026595,-0.253327,8.6e-05,0.001898
0,0.080754,-0.003597,0.106348,0.114035,0.13299,0.145606,0.001409,6.3e-05
0,0.010972,-0.050234,-0.073599,-0.026617,-0.061644,-0.063355,0.000192,0.000877
0,0.056036,-0.033425,0.03965,0.02195,0.007832,0.07131,0.000978,0.000583
0,-0.064061,0.109149,-0.134186,0.130791,-0.162771,0.156412,0.001118,0.001905
0,-0.659811,0.286954,-0.581,0.157023,-0.573302,0.195408,0.000281,0.000609
0,-1.266573,0.512508,-0.631285,0.246954,-0.581751,0.250053,0.000364,0.00229
0,-1.439499,0.262219,-0.186309,-0.269485,-0.221556,-0.308203,0.002654,0.001041
0,-1.699612,0.26449,-0.279185,0.022782,-0.263955,0.040862,0.001576,0.001001
0,-1.755454,0.343404,-0.028091,0.057712,-0.044457,0.088044,0.002551,0.000376
0,-1.308603,0.272109,0.444348,-0.076007,0.457748,-0.113233,0.000369,0.000868
0,-0.944366,0.17785,0.348212,-0.102569,0.335119,-0.081924,0.00037,0.002513
0,-0.710769,-0.116891,0.25234,-0.316995,0.246365,-0.324316,0.00117,0.00204
0,-0.409612,-0.064284,0.311239,0.076822,0.311004,0.092338,0.001532,0.001122
0,-0.173162,0.053863,0.221107,0.113874,0.210411,0.112379,0.002595,0.00094
0,-0.102407,-0.046811,0.079729,-0.109549,0.100327,-0.126234,0.001787,0.000817
0,-0.158357,-0.114511,-0.070991,-0.068744,-0.083983,-0.058541,0.002764,0.001999
0,-0.097308,-0.1488,0.086279,-0.044032,0.072656,0.004943,0.001698,0.002597
0,-0.049664,-0.120303,0.063941,0.048689,0.046513,0.02277,0.000867,0.0021
0,0.051184,-0.162559,0.121816,-0.040279,0.120842,-0.040703,0.000893,0.00278
0,0.016371,0.070767,-0.050796,0.215695,-0.040666,0.196135,0.000286,0.001235
0,-0.135181,0.062978,-0.1469,-0.025236,-0.116404,0.003034,0.002359,0.001099
0,-0.051902,0.088311,0.103103,0.017015,0.075049,0.022008,0.000906,0.001541
0,-0.004719,-0.134257,0.038525,-0.21078,0.016978,-0.228073,8.2e-05,0.002343
0,-0.113058,-0.083479,-0.135206,0.066305,-0.147528,0.056309,0.001973,0.001457
0,0.041509,0.063422,0.175668,0.131429,0.187917,0.176022,0.000724,0.001107
0,-0.085432,0.059308,-0.121011,0.015544,-0.077172,0.05537,0.001491,0.001035
0,-0.016289,0.102053,0.094214,0.0324,0.063029,0.045388,0.000284,0.001781
0,-0.095884,-0.06112,-0.087001,-0.161223,-0.124804,-0.177555,0.001673,0.001067
0,-2.2e-05,-0.001462,0.094119,0.030244,0.059647,0.000999,0.0,2.6e-05
0,-0.075274,-0.026869,-0.049243,-0.053586,-0.05034,-0.0593,0.001314,0.000469
0,-0.110813,0.085972,-0.03347,0.096553,-0.072766,0.101207,0.001934,0.0015
0,-0.119919,-0.080773,-0.011736,-0.170437,-0.034486,-0.220397,0.002093,0.00141
0,-0.053948,0.159773,0.060147,0.215161,0.109111,0.235888,0.000942,0.002789
0,-0.099188,0.127414,-0.064692,-0.01865,-0.08304,-0.029028,0.001731,0.002224
0,-0.116438,-0.11661,-0.012137,-0.253066,0.000134,-0.236559,0.002032,0.002035
0,0.059078,0.108684,0.175148,0.241664,0.1459,0.283927,0.001031,0.001897
0,-0.147088,0.136076,-0.22828,0.030354,-0.235366,0.001768,0.002567,0.002375
0,0.078941,-0.051074,0.246245,-0.199454,0.254172,-0.205902,0.001378,0.000891
0,-0.024738,-0.058395,-0.078736,-0.032792,-0.082561,-0.061184,0.000432,0.001019
0,-0.081273,-0.025273,-0.066881,0.058717,-0.079758,0.025939,0.001418,0.000441
0,0.008608,-0.019703,0.073609,-0.023131,0.04289,-0.032057,0.00015,0.000344
0,0.144765,-0.064622,0.135293,-0.016955,0.132115,0.03149,0.002527,0.001128
0,-0.033522,0.015924,-0.188364,0.099641,-0.211052,0.100924,0.000585,0.000278
0,-0.07099,-0.094958,-0.039809,-0.094865,-0.073216,-0.111322,0.001239,0.001657
0,0.199254,0.039137,0.293663,0.159487,0.270148,0.175334,0.00214,0.000683
0,-0.014643,-0.019693,-0.213761,-0.05568,-0.198441,-0.007185,0.000256,0.000344
0,-2.5303,0.79447,-2.512102,0.796883,-2.512389,0.812781,0.000778,0.002631
0,-2.635298,1.509942,-0.089672,0.718836,-0.06056,0.694334,0.001055,0.001734
0,-2.85839,1.722996,-0.228965,0.212207,-0.202263,0.233467,0.000669,0.001984
0,-3.414527,1.876889,-0.546199,0.176278,-0.585891,0.162529,0.002198,0.000947
0,-3.980342,1.553537,-0.588491,-0.293362,-0.578947,-0.270379,0.00206,0.000973
0,-3.499573,1.145886,0.462917,-0.397145,0.450799,-0.381987,0.000714,0.002471
0,-2.897273,1.060129,0.621338,-0.095736,0.571718,-0.061265,9e-06,0.00165
0,-2.106837,0.68777,0.782886,-0.378701,0.807405,-0.333253,0.002551,0.000769
0,-1.117944,0.326122,1.009849,-0.351444,0.966868,-0.368637,0.002659,7.4e-05
0,-0.732311,0.089176,0.411924,-0.230874,0.425966,-0.204765,0.001546,0.001556
0,-0.458743,0.064266,0.264528,-0.0029,0.289356,0.015772,0.002389,0.001122
0,-0.072496,-0.024232,0.371067,-0.075165,0.358387,-0.062305,0.001265,0.000423
0,0.15069,-0.185396,0.194149,-0.172412,0.158359,-0.173877,0.00263,0.002382
0,0.230532,-0.016875,0.072524,0.178901,0.063185,0.204522,0.001594,0.000295
0,0.238877,-0.070975,0.006726,-0.060484,-0.040979,-0.014876,0.001448,0.001239
0,0.433857,-0.118108,0.211093,-0.021808,0.232238,0.00176,0.001955,0.002061
0,0.449448,-0.217767,0.028258,-0.128466,0.031142,-0.147557,0.002227,0.001817
0,0.280861,-0.114249,-0.153732,0.131712,-0.116987,0.134495,0.000716,0.001994
0,0.406698,-0.155896,0.138568,-0.05826,0.186994,-0.04579,0.001481,0.002721
0,0.177713,-0.035756,-0.246201,0.09081,-0.221953,0.124556,0.002516,0.000624
0,0.152618,0.01304,-0.023738,0.053496,-0.036135,0.013472,0.002664,0.000228
0,0.088983,-0.007923,-0.078194,-0.045937,-0.081231,-0.076911,0.001553,0.000138
0,0.136624,-0.024382,0.034571,-0.037226,0.039285,-0.018409,0.002385,0.000426
0,-0.965383,-0.204553,-1.077665,-0.159619,-1.03175,-0.172541,3e-06,0.002047
0,-1.330587,0.16071,-0.378694,0.351054,-0.397057,0.348537,0.000753,0.002805
0,-0.488987,-0.084028,0.830836,-0.268782,0.810366,-0.298273,0.002701,0.001467
0,-0.231282,-0.245601,0.276024,-0.168541,0.246112,-0.186256,0.001581,0.001331
0,-0.068318,-0.119073,0.177085,0.119457,0.210626,0.094375,0.001192,0.002078
0,0.060934,-0.128393,0.140179,-0.018915,0.160328,-0.056321,0.001064,0.002241
0,0.026638,-0.396588,-0.008458,-0.281894,0.00348,-0.235595,0.000465,0.001304
0,0.293039,-0.381463,0.242085,0.002623,0.211811,-0.016293,0.000503,0.00104
0,0.359062,-0.212153,0.04693,0.1623,-0.00127,0.207033,0.000649,0.001915
0,0.471644,-0.290691,0.137773,-0.06888,0.150606,-0.093001,0.002614,0.000544
0,0.237925,0.053329,-0.260795,0.353813,-0.281954,0.400888,0.001465,0.000931
0,0.246287,0.057262,0.010982,0.002195,-0.005777,-0.021026,0.001319,0.000999
0,0.105026,-0.049774,-0.168344,-0.081377,-0.205994,-0.04109,0.001833,0.000869
0,0.300001,0.073237,0.220177,0.13972,0.233511,0.161647,0.000381,0.001278
0,0.109414,0.205236,-0.177909,0.159642,-0.161591,0.112729,0.00191,0.002035
0,0.118297,0.191196,0.021582,-0.027688,0.013153,-0.014279,0.002065,0.002281
0,0.015305,0.130311,-0.083903,-0.073732,-0.056332,-0.077606,0.000267,0.002274
0,0.149613,-0.060311,0.127123,-0.202477,0.133052,-0.207161,0.002611,0.001053
0,0.060726,0.121697,-0.096577,0.171364,-0.105391,0.152647,0.00106,0.002124
0,0.239751,-0.171181,0.163617,-0.276975,0.21322,-0.268998,0.001433,0.00263
0,0.045843,0.127601,-0.219981,0.308587,-0.222868,0.356807,0.0008,0.002227
0,-0.054609,-0.115254,-0.121064,-0.215246,-0.120529,-0.251261,0.000953,0.002012
0,0.071884,-0.193711,0.141162,-0.092363,0.18881,-0.096587,0.001255,0.002237
0,0.079187,-0.119513,0.035197,0.071763,0.083038,0.048638,0.001382,0.002086
0,-0.024894,0.009956,-0.111187,0.116222,-0.149621,0.153389,0.000434,0.000174
0,-0.002686,0.03754,0.042576,0.0273,0.075238,-0.016447,4.7e-05,0.000655
0,0.125784,-0.030206,0.114374,-0.047974,0.113759,-0.011911,0.002195,0.000527
0,0.124613,0.085926,-0.01617,0.145087,-0.051658,0.177641,0.002175,0.0015
0,-0.088418,0.030061,-0.198536,-0.056828,-0.210254,-0.029035,0.001543,0.000525
0,0.051861,-0.208257,0.12506,-0.239034,0.097767,-0.232104,0.000905,0.001983
0,0.045127,-0.198742,-0.031921,0.028085,-0.002457,0.026541,0.000788,0.002149
0,0.066456,-0.018111,0.003911,0.193815,-0.004861,0.241444,0.00116,0.000316
0,0.11945,-0.108545,0.025062,-0.100913,-0.022762,-0.0622,0.002085,0.001894
0,-0.054992,-0.086366,-0.167247,0.047755,-0.210787,0.020086,0.00096,0.001507
0,-0.113514,-0.1595,-0.070696,-0.088858,-0.08394,-0.116724,0.001981,0.002784
0,0.042845,-0.09395,0.174695,0.045573,0.184203,0.023731,0.000748,0.00164
0,0.076885,-0.140265,0.060196,-0.074008,0.036068,-0.063507,0.001342,0.002448
0,0.171184,-0.153313,0.113354,-0.015254,0.118963,-0.055247,0.00263,0.002676
0,0.167659,-0.026558,-0.00083,0.136971,-0.021695,0.099137,0.002691,0.000464
0,0.135767,-0.201191,-0.045242,-0.192632,-0.0157,-0.175238,0.00237,0.002106
0,0.094447,0.003215,-0.020585,0.191876,-0.005318,0.162491,0.001648,5.6e-05
0,0.153027,0.059456,0.033403,0.06942,0.082278,0.06271,0.002671,0.001038
0,0.141179,-0.168017,0.007723,-0.230331,0.044313,-0.269078,0.002464,0.002685
0,0.026405,-0.03954,-0.134475,0.157802,-0.168562,0.188989,0.000461,0.00069
0,0.017125,-0.087178,-0.015992,-0.018827,-0.065944,-0.0118,0.000299,0.001522
0,0.16652,0.007695,0.137632,0.06748,0.104972,0.095977,0.002711,0.000134
0,0.004838,0.007604,-0.13629,-0.014401,-0.175208,-0.007043,8.4e-05,0.000133
0,0.07126,0.049218,0.083128,0.070318,0.107008,0.086331,0.001244,0.000859
0,-0.047703,-0.110708,-0.13781,-0.179581,-0.185775,-0.155274,0.000833,0.001932
0,-0.080138,-0.15174,-0.057034,-0.013982,-0.014964,-0.031552,0.001399,0.002648
0,-0.033023,-0.006166,0.021003,0.157901,-0.014255,0.171939,0.000576,0.000108
0,0.111566,-0.166358,0.148202,-0.138633,0.140419,-0.156182,0.001947,0.002714
0,-0.171199,0.033763,-0.271562,0.198026,-0.270202,0.156522,0.00263,0.000589
0,-0.099071,-0.036796,0.088835,-0.046257,0.074371,-0.030559,0.001729,0.000642
0,0.127099,0.076398,0.228293,0.101615,0.206521,0.077423,0.002218,0.001333
0,-0.000396,-0.081247,-0.120706,-0.187379,-0.136326,-0.230729,7e-06,0.001418
0,-0.100845,0.124647,-0.093096,0.208121,-0.092346,0.238026,0.00176,0.002175
0,0.005688,-0.131924,0.104489,-0.227475,0.077743,-0.218963,9.9e-05,0.002303
0,-0.036064,-0.17515,-0.042806,-0.04207,-0.079491,-0.085065,0.000629,0.002561
0,0.132505,-0.011052,0.170063,0.189297,0.186432,0.175953,0.002313,0.000193
0,-0.134889,0.01824,-0.269202,0.004471,-0.263729,-0.040896,0.002354,0.000318
0,0.048246,-0.123566,0.192887,-0.160339,0.159809,-0.18774,0.000842,0.002157
0,-0.097324,-0.134753,-0.135225,-0.02964,-0.171782,-0.041414,0.001699,0.002352
0,0.158084,-0.136461,0.246165,0.00661,0.27486,0.009946,0.002759,0.002382
0,-0.007013,0.104536,-0.189656,0.252759,-0.157483,0.275975,0.000122,0.001825
0,0.007642,-0.00695,0.033531,-0.082088,0.042451,-0.070606,0.000133,0.000121
0,-0.031462,0.108418,-0.034411,0.107436,-0.053791,0.089652,0.000549,0.001892
0,-0.098686,0.107524,-0.059637,0.014176,-0.053294,0.055952,0.001722,0.001877
0,0.037389,-0.129949,0.161436,-0.246134,0.145891,-0.266379,0.000653,0.002268
0,-0.017921,-0.158529,-0.026925,-0.012268,-0.07414,-0.049871,0.000313,0.002767
0,-0.02389,-0.102466,0.00223,0.030857,0.011306,0.02459,0.000417,0.001788
0,-0.016679,0.042304,0.022901,0.167359,0.068277,0.166128,0.000291,0.000738
0,0.04597,0.072976,0.042237,0.03295,0.007475,-0.013143,0.000802,0.001274
0,-0.104452,-0.033701,-0.148033,-0.092481,-0.197973,-0.097479,0.001823,0.000588
0,0.079632,0.026963,0.206938,0.05933,0.190239,0.050489,0.00139,0.000471
0,-0.046881,-0.034931,-0.126648,-0.074848,-0.089325,-0.04309,0.000818,0.00061
0,0.013728,0.02458,0.06088,0.055569,0.044564,0.053406,0.00024,0.000429
0,0.083495,-0.095136,0.090507,-0.100433,0.052573,-0.138879,0.001457,0.00166
0,0.165437,-0.110149,0.065969,-0.037953,0.051984,-0.019302,0.00273,0.001922
0,0.14871,0.099293,-0.030561,0.2258,-0.075601,0.239366,0.002595,0.001733
0,0.138753,0.062001,0.001428,-0.020388,-0.020879,-0.05141,0.002422,0.001082
0,-0.010816,-0.116844,-0.171194,-0.188494,-0.169064,-0.209987,0.000189,0.002039
0,-0.041423,-0.055884,-0.015435,0.042703,-0.038663,0.069061,0.000723,0.000975
0,0.014619,0.012987,0.068468,0.071048,0.101667,0.06604,0.000255,0.000227
0,-0.150523,-0.175044,-0.138177,-0.209278,-0.179126,-0.194486,0.002627,0.002562
0,-0.181659,-0.024399,-0.002761,0.156242,-0.030045,0.173909,0.002447,0.000426
0,-0.044084,0.050341,0.161328,0.070317,0.125726,0.078918,0.000769,0.000879
0,-0.102841,-0.079842,-0.035966,-0.137909,-0.076985,-0.088497,0.001795,0.001394
0,-0.034601,0.104459,0.080801,0.169977,0.040963,0.139733,0.000604,0.001823
0,-0.173733,0.125589,-0.121747,0.004344,-0.15321,-0.019224,0.002585,0.002192
0,-0.044545,-0.050485,0.158805,-0.161555,0.124565,-0.199419,0.000777,0.000881
0,0.106416,0.096755,0.159412,0.148435,0.125976,0.108802,0.001857,0.001689
0,0.087433,-0.027931,-0.041301,-0.115582,-0.089666,-0.164045,0.001526,0.000487
0,0.204064,-0.057355,0.097222,-0.016414,0.128564,-0.047895,0.002056,0.001001
0,0.023913,0.014223,-0.190038,0.08316,-0.148234,0.108301,0.000417,0.000248
0,0.147817,-0.076241,0.136226,-0.103782,0.12695,-0.078708,0.00258,0.001331
0,0.076367,0.068826,-0.09721,0.116751,-0.062481,0.141313,0.001333,0.001201
0,0.08298,-0.142672,0.017651,-0.200346,0.017816,-0.249915,0.001448,0.00249
0,0.158504,0.096238,0.099769,0.251009,0.053167,0.276075,0.002766,0.00168
0,0.085598,-0.039632,-0.06466,-0.1615,-0.063387,-0.131797,0.001494,0.000692
0,0.083187,0.015752,-0.029875,0.083453,-0.0648,0.118407,0.001452,0.000275
0,-0.055078,0.104691,-0.116211,0.101486,-0.13817,0.089702,0.000961,0.001827
0,0.036297,-0.110822,0.064461,-0.18812,0.106717,-0.162602,0.000634,0.001934
0,-1.069109,-0.762948,-1.100005,-0.651897,-1.137268,-0.678109,0.001807,0.002081
0,-1.506526,-1.44152,-0.434473,-0.649018,-0.431775,-0.657459,0.001794,0.002689
0,-2.153074,-1.442773,-0.659009,0.011649,-0.664547,0.035771,0.001744,0.002711
0,-1.731531,-1.320929,0.403241,0.126292,0.438602,0.085615,0.002133,0.000585
0,-1.749107,-1.131271,-0.015848,0.219389,0.02065,0.174208,0.00244,0.002726
0,-1.381115,-0.969154,0.37779,0.17362,0.337294,0.155531,0.001635,6.2e-05
0,-0.680259,-0.640916,0.721596,0.29993,0.757505,0.310974,0.000638,4.9e-05
0,-0.619406,-0.56263,0.035142,0.104766,0.046989,0.090374,0.000424,0.001415
0,-0.355839,-0.081569,0.236278,0.478972,0.239617,0.455856,0.000593,0.001424
0,-0.026528,-0.087756,0.333652,0.013041,0.362106,-0.036094,0.000463,0.001532
0,-0.110379,-0.207906,-0.112285,-0.104819,-0.111166,-0.091058,0.001926,0.001989
0,-0.065865,-0.139352,0.016437,0.053832,0.00572,0.076819,0.00115,0.002432
0,-0.227103,-0.002103,-0.16149,0.125165,-0.166571,0.08672,0.001654,3.7e-05
0,0.075919,-0.114597,0.307097,-0.105705,0.308045,-0.073808,0.001325,0.002
0,-0.075479,-0.225521,-0.154571,-0.089969,-0.108499,-0.123645,0.001317,0.001681
0,-0.068675,-0.21962,0.004995,0.011587,-0.014344,0.004098,0.001199,0.001784
0,0.011391,-0.010487,0.099095,0.236888,0.069745,0.193375,0.000199,0.000183
0,-0.028027,-0.061646,-0.041973,-0.061243,-0.089687,-0.078138,0.000489,0.001076
0,-0.237078,-0.06119,-0.213856,0.020684,-0.214853,0.056164,0.00148,0.001068
0,-0.075603,-0.035032,0.163079,0.008017,0.201449,-0.019895,0.00132,0.000611
0,-0.199111,0.032242,-0.140995,0.060307,-0.105242,0.07014,0.002142,0.000563
0,-0.110346,0.001891,0.069905,-0.037488,0.072681,-0.085572,0.001926,3.3e-05
0,-0.280832,-0.074549,-0.187967,-0.050934,-0.179458,-0.082788,0.000716,0.001301
0,-0.274088,0.104457,0.029553,0.190825,0.011372,0.17375,0.000834,0.001823
0,-0.024526,-0.127851,0.226352,-0.223338,0.26551,-0.253863,0.000428,0.002231
0,-0.12742,-0.035219,-0.093284,0.089451,-0.081037,0.067972,0.002224,0.000615
0,-0.238303,-0.002414,-0.090706,0.035466,-0.1219,0.045893,0.001458,4.2e-05
0,0.050304,-0.026309,0.264759,-0.032134,0.274252,0.000537,0.000878,0.000459
0,-0.129625,-0.084916,-0.199651,-0.03978,-0.198128,-0.06103,0.002262,0.001482
0,0.058258,-0.108051,0.164763,-0.007645,0.202589,0.039094,0.001017,0.001886
0,-0.029679,-0.021629,-0.080567,0.057824,-0.096299,0.063226,0.000518,0.000377
0,-0.02681,0.0179,0.013969,0.031018,-0.012926,0.058523,0.000468,0.000312
0,-0.137105,0.042464,-0.122992,0.005466,-0.167444,-0.00472,0.002393,0.000741
0,-0.243544,0.09709,-0.087665,0.077028,-0.122544,0.123433,0.001367,0.001695
0,-0.293502,0.323277,-0.060597,0.196558,-0.029165,0.236497,0.000495,2.5e-05
0,-0.406073,0.300049,-0.111457,-0.005851,-0.066288,-0.004423,0.00147,0.000381
0,-0.466833,0.341756,-0.086213,0.0433,-0.055239,0.004277,0.00253,0.000347
0,-0.501175,0.311049,-0.06363,-0.030019,-0.107997,-0.052076,0.002488,0.000189
0,-0.569776,0.208476,-0.092087,-0.077795,-0.107892,-0.107262,0.001291,0.001979
0,-0.410178,0.414703,0.139983,0.185248,0.181683,0.179286,0.001541,0.00162
0,-0.348796,0.078638,0.050218,-0.312822,0.076074,-0.342989,0.00047,0.001372
0,-0.199217,0.224748,0.175771,0.134959,0.139778,0.115317,0.002141,0.001695
0,-0.087656,0.243814,0.104728,0.047322,0.150739,0.052908,0.00153,0.001362
0,-0.099327,0.082345,-0.027205,-0.174005,-0.040037,-0.184148,0.001734,0.001437
0,0.024984,0.1629,0.099313,0.078961,0.077179,0.066317,0.000436,0.002774
0,-0.099282,-0.007434,-0.128559,-0.173047,-0.162344,-0.217049,0.001733,0.00013
0,-0.119682,-0.029266,-0.040858,-0.009183,0.008939,0.03481,0.002089,0.000511
0,0.099102,-0.09886,0.238652,-0.05941,0.287111,-0.044976,0.00173,0.001725
0,-0.053868,-0.183105,-0.177795,-0.076269,-0.141221,-0.104177,0.00094,0.002422
0,0.010787,-0.165766,0.080852,0.035883,0.104862,-0.009583,0.000188,0.002724
0,0.07216,0.098447,0.046895,0.245185,0.065108,0.20048,0.001259,0.001718
0,0.199837,0.037644,0.116914,-0.053853,0.125174,-0.024279,0.00213,0.000657
0,0.148285,0.013798,-0.070071,-0.027044,-0.029659,-0.016549,0.002588,0.000241
0,-0.007928,0.061412,-0.165409,0.075263,-0.177431,0.081481,0.000138,0.001072
0,0.034137,0.084455,0.039971,0.037696,0.083405,0.072332,0.000596,0.001474
0,-0.001378,0.012477,-0.048601,-0.074802,-0.078842,-0.112779,2.4e-05,0.000218
0,-0.170239,-0.028455,-0.17089,-0.03327,-0.150354,-0.062957,0.002646,0.000497
0,-0.077459,-0.052028,0.066934,-0.053447,0.095888,-0.021724,0.001352,0.000908
0,0.021949,-0.006363,0.096048,0.067892,0.134568,0.094211,0.000383,0.000111
0,0.021195,0.019966,-0.009807,0.014124,-0.024655,0.063015,0.00037,0.000348
0,0.09382,0.076124,0.073008,0.055162,0.103592,0.028677,0.001637,0.001329
0,0.186236,-0.067571,0.073871,-0.121134,0.029547,-0.129449,0.002367,0.001179
0,0.074324,0.065214,-0.121567,0.139068,-0.083551,0.173318,0.001297,0.001138
0,-0.024471,0.015287,-0.083725,-0.031668,-0.055416,-0.036003,0.000427,0.000267
0,0.108819,-0.084468,0.118282,-0.115282,0.08671,-0.161294,0.001899,0.001474
0,-0.090773,0.128163,-0.179602,0.240288,-0.183899,0.25904,0.001584,0.002237
0,0.046985,-0.071329,0.163285,-0.181208,0.145423,-0.213799,0.00082,0.001245
0,0.038881,-0.073297,0.00823,0.027209,-0.007074,0.052246,0.000679,0.001279
0,-0.109681,0.019717,-0.150181,0.095294,-0.115648,0.093814,0.001914,0.000344
0,-0.073644,0.050262,0.016333,0.045933,0.029774,0.037345,0.001285,0.000877
0,-0.034392,-0.071418,0.062366,-0.137789,0.076115,-0.173906,0.0006,0.001246
0,0.017109,-0.137481,0.026143,-0.087218,-0.016536,-0.093775,0.000299,0.0024
0,0.146788,-0.035892,0.103708,0.099567,0.089612,0.096826,0.002562,0.000626
0,0.076154,-0.141559,-0.100384,-0.116937,-0.084435,-0.100787,0.001329,0.002471
0,-0.14913,0.060157,-0.217427,0.186341,-0.257691,0.139547,0.002603,0.00105
0,0.03486,-0.065788,0.206899,-0.119777,0.242039,-0.161604,0.000608,0.001148
0,0.043951,0.090937,0.036167,0.156025,0.086113,0.188289,0.000767,0.001587
0,0.14375,0.111413,0.124007,0.020713,0.161884,0.024514,0.002509,0.001945
0,-0.158995,0.00481,-0.312597,-0.107415,-0.263581,-0.135411,0.002775,8.4e-05
0,0.082772,-0.089965,0.269234,-0.105623,0.237217,-0.148879,0.001445,0.00157
0,-0.018346,-0.071937,-0.124126,0.013074,-0.076427,0.05189,0.00032,0.001256
0,-0.110592,-0.169116,-0.064876,-0.093446,-0.030542,-0.063389,0.00193,0.002666
0,0.068054,0.077365,0.169555,0.257212,0.178196,0.236579,0.001188,0.00135
0,-0.089295,0.109344,-0.153709,0.055219,-0.189464,0.070006,0.001558,0.001908
0,0.029733,-0.020351,0.129134,-0.153451,0.102216,-0.178944,0.000519,0.000355
0,-0.050018,-0.125794,-0.105922,-0.115614,-0.076205,-0.08834,0.000873,0.002196
0,0.003964,-0.018899,0.055651,0.129123,0.028569,0.130529,6.9e-05,0.00033
0,-0.04236,0.063592,-0.037758,0.055321,-0.026854,0.080668,0.000739,0.00111
0,-0.01418,0.085019,0.055103,0.042005,0.090834,0.027503,0.000247,0.001484
0,-0.088313,0.015193,-0.10226,-0.067544,-0.139228,-0.112952,0.001541,0.000265
0,-0.180831,-0.063365,-0.084942,-0.103252,-0.083014,-0.062667,0.002461,0.001106
0,-0.084213,-0.150969,0.108714,-0.071692,0.114949,-0.05367,0.00147,0.002635
0,-0.020444,0.099504,0.054156,0.275919,0.097859,0.234897,0.000357,0.001737
0,-0.012482,-0.127124,0.010769,-0.227463,0.03415,-0.275816,0.000218,0.002219
0,-0.158713,0.009858,-0.139118,0.123669,-0.183728,0.151988,0.00277,0.000172
0,-0.028485,0.110855,0.134329,0.09481,0.152166,0.13855,0.000497,0.001935
0,-0.20709,0.113205,-0.177828,0.025334,-0.167204,0.057153,0.002003,0.001976
0,0.091766,-0.076939,0.301636,-0.21572,0.30209,-0.188658,0.001602,0.001343
0,0.034377,0.014363,-0.034124,0.111247,-0.031365,0.141519,0.0006,0.000251
0,0.04988,0.028803,0.015801,0.009703,0.040761,0.02852,0.000871,0.000503
0,-0.024489,0.070938,-0.071239,0.021768,-0.021258,0.067448,0.000427,0.001238
0,0.11093,-0.16914,0.137708,-0.251312,0.180802,-0.240891,0.001936,0.002665
0,-0.170036,-0.08258,-0.282306,0.077135,-0.273169,0.042424,0.00265,0.001441
0,0.066775,-0.102179,0.207254,0.005569,0.180445,-0.006,0.001165,0.001783
0,0.103175,-0.105415,0.04851,-0.029171,0.093114,0.006057,0.001801,0.00184
0,-0.0023,-0.121022,-0.13201,-0.027773,-0.122534,-0.001795,4e-05,0.002112
0,0.069483,-0.189288,0.045123,-0.069456,0.078417,-0.078672,0.001213,0.002314
0,0.154238,-0.035227,0.078134,0.176283,0.065852,0.136268,0.002692,0.000615
0,-0.11351,-0.065834,-0.240619,-0.039919,-0.223323,-0.065601,0.001981,0.001149
0,-0.059835,-9.7e-05,0.052157,0.058047,0.083334,0.084078,0.001044,2e-06
0,-0.17809,-0.0173,-0.094444,-0.02261,-0.136546,-0.00393,0.002509,0.000302
0,0.03445,-0.097692,0.21001,-0.082863,0.176938,-0.043427,0.000601,0.001705
0,-0.08723,0.123237,-0.123076,0.243547,-0.140416,0.278313,0.001522,0.002151
0,-0.19618,-0.042342,-0.133582,-0.162858,-0.108664,-0.133057,0.002194,0.000739
0,-0.044871,0.081473,0.174634,0.13594,0.179274,0.117953,0.000783,0.001422
0,-0.129431,-0.028122,-0.103995,-0.121667,-0.123497,-0.126567,0.002259,0.000491
0,0.094723,-0.106329,0.251434,-0.081606,0.237664,-0.038717,0.001653,0.001856
0,0.07344,-0.179895,-0.048105,-0.082117,-0.04408,-0.071125,0.001282,0.002478
0,-0.159182,-0.004041,-0.215778,0.163221,-0.170168,0.163618,0.002778,7.1e-05
0,-0.169055,-0.118199,0.006813,-0.117144,0.055997,-0.142575,0.002667,0.002063
0,-0.079018,0.044559,0.105034,0.143648,0.151876,0.157588,0.001379,0.000778
0,-0.199026,-0.166974,-0.118046,-0.229469,-0.107548,-0.206977,0.002144,0.002703
0,0.015445,0.00753,0.20058,0.17083,0.206426,0.15144,0.00027,0.000131
0,-0.135144,-0.060263,-0.132722,-0.079238,-0.179824,-0.061138,0.002359,0.001052
0,0.048297,-0.22042,0.185423,-0.185729,0.233504,-0.228642,0.000843,0.00177
0,0.018999,-0.083565,-0.014038,0.116205,0.006102,0.152779,0.000332,0.001458
0,0.054279,-0.105188,0.023013,0.000977,0.055725,0.038576,0.000947,0.001836
0,-0.173256,-0.146566,-0.219851,-0.054419,-0.178392,-0.036711,0.002594,0.002558
0,0.084518,-0.000174,0.267139,0.129851,0.252047,0.158427,0.001475,3e-06
0,0.064527,-0.173827,-0.045771,-0.16282,-0.003894,-0.130311,0.001126,0.002584
0,-0.186306,0.001694,-0.236227,0.14859,-0.261096,0.134121,0.002366,3e-05
0,-0.025702,0.052506,0.150655,0.029565,0.188626,0.029081,0.000449,0.000916
0,-0.224835,0.082617,-0.175094,0.03941,-0.178042,0.027384,0.001693,0.001442
0,-0.151814,-0.016601,0.085515,-0.076649,0.046322,-0.046999,0.00265,0.00029
0,-0.131494,-0.009827,0.04754,0.028779,0.087615,0.046615,0.002295,0.000172
0,-0.243537,0.033095,-0.082471,0.065219,-0.106865,0.094986,0.001367,0.000578
0,-0.212794,0.062276,0.034914,0.033062,0.000766,0.078127,0.001904,0.001087
0,-0.209312,0.013205,-0.023666,-0.046304,-0.040262,-0.088442,0.001964,0.00023
0,-0.083731,0.090925,0.117806,0.097588,0.164554,0.09281,0.001461,0.001587
0,0.085801,0.012872,0.197839,-0.090658,0.150558,-0.119666,0.001498,0.000225
0,0.099841,0.021488,-0.00278,0.01304,0.011609,0.041628,0.001743,0.000375
0,0.100789,0.075577,-0.012907,0.057808,-0.031695,0.089464,0.001759,0.001319
0,0.105039,-0.077526,0.025515,-0.171602,0.050087,-0.16093,0.001833,0.001353
0,-0.154323,0.110592,-0.269897,0.158243,-0.311961,0.182584,0.002693,0.00193
0,-0.034558,-0.068754,0.09416,-0.163966,0.111106,-0.187705,0.000603,0.0012
0,-0.114444,0.005477,-0.089434,0.084114,-0.088053,0.083379,0.001997,9.6e-05
0,-0.14797,-0.020523,-0.040497,-0.017024,-0.046214,-0.035912,0.002583,0.000358
0,0.024597,-0.017403,0.19183,0.009307,0.177481,0.033565,0.000429,0.000304
0,-0.179372,0.093818,-0.203802,0.086689,-0.169557,0.086804,0.002487,0.001637
0,-0.089995,-0.010732,0.108183,-0.113105,0.081834,-0.158267,0.001571,0.000187
0,0.016087,0.101273,0.098149,0.091068,0.083554,0.112219,0.000281,0.001768
0,0.155038,0.019076,0.124483,-0.098242,0.143424,-0.07069,0.002706,0.000333
0,-0.023309,0.108314,-0.1908,0.059397,-0.220976,0.056725,0.000407,0.00189
0,-0.105625,-0.12275,-0.06635,-0.239304,-0.057622,-0.211651,0.001844,0.002142
0,-0.101121,0.14509,0.020587,0.285797,0.06597,0.240617,0.001765,0.002532
0,0.061892,-0.065726,0.161237,-0.22498,0.193384,-0.236374,0.00108,0.001147
0,-0.136412,0.181597,-0.1801,0.250273,-0.150102,0.236611,0.002381,0.002448
0,-0.094976,-0.020159,0.022115,-0.202787,-0.019138,-0.218711,0.001658,0.000352
0,-0.016749,-0.065391,0.093624,-0.068226,0.088767,-0.09936,0.000292,0.001141
0,-0.032978,-0.001597,0.011717,0.038151,-0.02244,0.079679,0.000576,2.8e-05
0,-0.091372,0.080108,-0.068665,0.09073,-0.116815,0.13009,0.001595,0.001398
0,-0.002887,-0.002885,0.11847,-0.081185,0.115402,-0.057291,5e-05,5e-05
0,-0.019215,-0.027487,-0.010475,-0.014885,-0.016719,0.030856,0.000335,0.00048
0,-0.120979,0.096837,-0.099562,0.119396,-0.096805,0.106741,0.002111,0.00169
0,-0.013055,0.086878,0.130866,-0.012326,0.176422,-0.026012,0.000228,0.001516
0,-0.063097,-0.032059,-0.026537,-0.138759,-0.035033,-0.148983,0.001101,0.00056
0,0.057037,-0.071458,0.144296,-0.012011,0.132017,-0.008755,0.000995,0.001247
0,0.03577,0.034508,-0.022582,0.116165,-0.051496,0.068121,0.000624,0.000602
0,-0.02783,0.106653,-0.064329,0.099777,-0.044639,0.051606,0.000486,0.001861
0,0.158332,-0.136565,0.191106,-0.224666,0.234834,-0.253359,0.002763,0.002384
0,0.094401,-0.14575,-0.067303,-0.032121,-0.073627,0.011862,0.001648,0.002544
0,-0.08136,-0.118602,-0.176726,0.028575,-0.197925,-0.005879,0.00142,0.00207
0,-0.036554,-0.126775,0.040677,0.015251,0.02059,-0.033109,0.000638,0.002213
0,0.04357,-0.064042,0.096897,0.046351,0.04877,0.095603,0.00076,0.001118
0,0.179142,0.134135,0.148756,0.204344,0.153131,0.242352,0.002491,0.002341
0,-0.062036,0.150855,-0.224468,0.007443,-0.205607,0.029552,0.001083,0.002633
0,-0.073904,0.167814,-0.021065,0.021103,0.010589,0.010429,0.00129,0.002689
0,0.124869,0.048648,0.189943,-0.105022,0.142997,-0.140052,0.002179,0.000849
0,-0.063587,0.143607,-0.159547,0.079463,-0.196487,0.083957,0.00111,0.002506
0,-0.056843,0.003609,-0.011461,-0.153197,-0.030196,-0.129884,0.000992,6.3e-05
0,0.158603,-0.004411,0.238922,0.002154,0.251909,-0.036111,0.002768,7.7e-05
0,0.138695,-0.044469,-0.022248,-0.01526,-0.005653,-0.004517,0.002421,0.000776
0,0.099193,-0.021329,-0.026188,-0.001775,-0.062534,0.041647,0.001731,0.000372
0,0.232878,-0.085503,0.146016,-0.092733,0.133858,-0.121984,0.001553,0.001492
0,0.143135,0.137124,-0.094116,0.196594,-0.073259,0.170666,0.002498,0.002393
0,0.064049,-0.099778,-0.098288,-0.230313,-0.107832,-0.203884,0.001118,0.001741
0,-2.3e-05,0.021075,-0.082134,0.135204,-0.044963,0.124059,0.0,0.000368
0,0.088403,-0.05102,0.10534,-0.087187,0.105777,-0.098092,0.001543,0.00089
0,0.197578,0.111641,0.123976,0.153752,0.137266,0.118006,0.002169,0.001949
0,0.025071,-0.004938,-0.166915,-0.127308,-0.186803,-0.146501,0.000438,8.6e-05
0,-0.046193,0.043183,-0.100536,0.069939,-0.104158,0.049095,0.000806,0.000754
0,-0.10562,-0.109078,-0.035248,-0.145449,-0.007404,-0.163091,0.001843,0.001904
0,0.137359,-0.134136,0.253164,-0.028191,0.259448,-0.018542,0.002397,0.002341
0,0.078735,0.026831,-0.046539,0.179458,-0.058842,0.178939,0.001374,0.000468
0,-0.010818,0.137298,-0.064479,0.100738,-0.100954,0.104712,0.000189,0.002396
0,0.133275,-0.112469,0.159979,-0.233367,0.160702,-0.276732,0.002326,0.001963
0,0.195927,-7.5e-05,0.069667,0.085558,0.063379,0.118055,0.002198,1e-06
0,0.117011,-0.080558,-0.062073,-0.097765,-0.084463,-0.087307,0.002042,0.001406
0,-0.094704,0.166718,-0.217721,0.250896,-0.24559,0.254894,0.001653,0.002708
0,0.004277,0.178139,0.079597,0.02385,0.106422,0.070959,7.5e-05,0.002508
0,-0.102621,0.107997,-0.123288,-0.072758,-0.160633,-0.084908,0.001791,0.001885
0,0.055502,0.165982,0.160356,0.060971,0.209744,0.094042,0.000969,0.002721
0,-0.088729,0.119281,-0.160665,-0.048846,-0.116699,-0.09736,0.001549,0.002082
0,-0.026208,0.051464,0.077229,-0.088417,0.083933,-0.075958,0.000457,0.000898
0,-0.043433,-0.050427,-0.01931,-0.075936,0.018741,-0.072679,0.000758,0.00088
0,0.014373,-0.015651,0.082929,0.013233,0.063152,0.05393,0.000251,0.000273
0,0.00168,0.033043,0.013884,0.050182,-0.029772,0.089253,2.9e-05,0.000577
0,-0.051091,-0.080997,-0.077331,-0.09614,-0.061903,-0.080475,0.000892,0.001414
0,0.082938,0.125012,0.163907,0.189862,0.20729,0.208248,0.001448,0.002182
0,-0.040568,0.190527,-0.118074,0.076681,-0.095859,0.077036,0.000708,0.002292
0,0.2166,0.046113,0.243992,-0.172481,0.227877,-0.194368,0.001837,0.000805
0,0.138768,-0.069288,-0.052427,-0.116355,-0.02366,-0.095837,0.002422,0.001209
0,0.001308,-0.011604,-0.112847,0.038065,-0.062996,0.038083,2.3e-05,0.000203
0,0.028136,0.070206,0.040682,0.052092,0.070841,0.03473,0.000491,0.001225
0,-0.119461,-0.021423,-0.11899,-0.069649,-0.080176,-0.100112,0.002085,0.000374
0,0.029531,0.035213,0.166948,0.029212,0.161391,0.070432,0.000515,0.000615
0,-0.097539,-0.153193,-0.107776,-0.203199,-0.070525,-0.243812,0.001702,0.002674
0,0.029839,-0.135528,0.117683,-0.010977,0.104218,0.02715,0.000521,0.002365
0,0.061384,-0.008511,0.043886,0.1385,0.074167,0.148825,0.001071,0.000149
0,-0.07072,-0.120953,-0.1395,-0.135854,-0.156539,-0.13996,0.001234,0.002111
0,-0.056887,0.010849,0.01944,0.151163,-0.023395,0.117909,0.000993,0.000189
0,0.003198,0.026039,0.08433,0.038164,0.091509,0.051513,5.6e-05,0.000454
0,-0.118402,-0.074212,-0.097645,-0.079965,-0.068798,-0.104168,0.002067,0.001295
0,-0.127858,0.083148,0.007757,0.146498,0.032373,0.158626,0.002232,0.001451
0,-0.00234,0.07563,0.097955,-0.035271,0.100996,-0.053982,4.1e-05,0.00132
0,-0.181656,-0.095796,-0.202216,-0.190584,-0.189537,-0.22909,0.002447,0.001672
0,0.053219,0.105548,0.257591,0.194478,0.307107,0.195576,0.000929,0.001842
0,-0.088535,-0.067927,-0.136937,-0.178744,-0.163855,-0.212191,0.001545,0.001186
0,0.047096,-0.173677,0.106718,-0.104195,0.110209,-0.075132,0.000822,0.002586
0,-0.161715,0.018575,-0.237364,0.179687,-0.203441,0.167064,0.002795,0.000324
0,-0.14535,0.062504,0.036805,0.035895,-0.002057,0.035433,0.002537,0.001091
0,0.023717,-0.002571,0.16529,-0.056186,0.212267,-0.064006,0.000414,4.5e-05
0,0.083928,-0.123789,0.066782,-0.150668,0.052203,-0.18892,0.001465,0.002161
0,-0.086579,-0.184107,-0.177139,-0.076501,-0.165532,-0.046704,0.001511,0.002404
0,0.066694,0.096727,0.168601,0.269294,0.139336,0.308516,0.001164,0.001688
0,0.052771,0.092674,-0.022995,-0.001307,-0.040953,-0.004952,0.000921,0.001617
0,-0.161607,-0.036126,-0.220973,-0.121489,-0.176203,-0.102926,0.002797,0.000631
0,-0.187863,-0.152333,-0.000987,-0.124691,-0.000864,-0.163371,0.002339,0.002659
0,-0.134737,0.022114,0.073799,0.153021,0.05123,0.105109,0.002352,0.000386
0,-0.061178,-0.089656,0.07208,-0.132227,0.06297,-0.096044,0.001068,0.001565
0,0.032368,0.037592,0.099591,0.133991,0.063787,0.101279,0.000565,0.000656
0,0.188459,-0.11554,0.132373,-0.142245,0.151682,-0.171576,0.002328,0.002017
0,-0.007489,-0.077916,-0.184122,0.033465,-0.15676,0.045332,0.000131,0.00136
0,-0.052963,0.08773,-0.018178,0.146867,-0.029566,0.188238,0.000924,0.001531
0,0.154469,-0.051782,0.234791,-0.118754,0.230899,-0.121903,0.002696,0.000904
0,-0.080809,-0.128136,-0.222052,-0.069705,-0.242886,-0.031352,0.00141,0.002236
0,0.113827,-0.091373,0.18176,0.063483,0.196474,0.088624,0.001987,0.001595
0,0.145922,-0.215728,0.037861,-0.125555,-0.011124,-0.085964,0.002547,0.001852
0,-0.102344,-0.028,-0.241795,0.191945,-0.272988,0.145271,0.001786,0.000489
0,-0.047537,-0.119382,0.078131,-0.091266,0.108762,-0.140123,0.00083,0.002084
0,-0.027249,-0.17989,0.011922,-0.085717,0.003724,-0.093185,0.000476,0.002478
0,-0.012779,-0.142113,0.039482,0.041814,0.024402,0.072848,0.000223,0.00248
0,0.026608,-0.087534,0.048377,0.047963,0.073926,0.066695,0.000464,0.001528
0,0.037699,-0.250425,0.018501,-0.14779,-0.004426,-0.113426,0.000658,0.001247
0,0.0608,-0.141637,-0.002187,0.107958,-0.007987,0.156037,0.001061,0.002472
0,0.265774,-0.012367,0.227844,0.152612,0.190992,0.150952,0.000979,0.000216
0,0.160619,-0.069498,-0.120901,-0.050699,-0.168603,-0.064111,0.002803,0.001213
0,0.202582,-0.139278,0.022696,-0.056697,-0.027286,-0.063949,0.002082,0.002431
0,0.270991,-0.227481,0.047426,-0.090066,0.002901,-0.121725,0.000888,0.001647
0,0.130214,-0.126056,-0.165859,0.07348,-0.185568,0.10116,0.002273,0.0022
0,0.018953,-0.122047,-0.104505,0.018586,-0.077728,0.052217,0.000331,0.00213
0,0.150324,-0.167236,0.124982,-0.071194,0.145753,-0.030908,0.002624,0.002699
0,0.242417,-0.038754,0.118767,0.137967,0.088933,0.101917,0.001387,0.000676
0,0.00415,-0.211936,-0.230883,-0.184919,-0.276268,-0.148632,7.2e-05,0.001919
0,0.260927,-0.138537,0.227137,0.103156,0.190893,0.093958,0.001063,0.002418
0,0.035129,-0.206149,-0.212169,-0.03991,-0.190894,-0.073168,0.000613,0.00202
0,0.018957,0.025155,-0.043035,0.213993,-0.00312,0.174128,0.000331,0.000439
0,0.107755,-0.22701,0.098066,-0.245181,0.092844,-0.275263,0.001881,0.001655
0,-0.071451,-0.101831,-0.20892,0.143466,-0.233985,0.118537,0.001247,0.001777
0,0.055297,0.025088,0.137213,0.131515,0.133924,0.095718,0.000965,0.000438
0,0.069141,-0.052752,0.010468,-0.068925,0.051367,-0.034775,0.001207,0.000921
0,-0.035073,-0.205557,-0.107826,-0.129659,-0.086274,-0.113332,0.000612,0.00203
0,-0.051743,-0.045572,-0.010411,0.161932,0.035086,0.121664,0.000903,0.000795
0,-0.04684,-0.041868,-0.003371,-0.003881,-0.011119,-0.025291,0.000818,0.000731
0,-0.034823,-0.118188,0.034616,-0.083608,0.061917,-0.090701,0.000608,0.002063
0,0.047226,0.008212,0.086758,0.109201,0.082722,0.122982,0.000824,0.000143
0,0.144292,0.11728,0.069093,0.130851,0.093772,0.111967,0.002518,0.002047
0,-0.014794,-0.043482,-0.135328,-0.160638,-0.126044,-0.178993,0.000258,0.000759
0,-0.011726,0.045794,0.006642,0.09962,0.031507,0.065585,0.000205,0.000799
0,0.161907,-0.141885,0.159027,-0.194985,0.198904,-0.229262,0.002792,0.002476
0,0.120949,-0.038394,-0.026037,0.131989,-0.015987,0.143159,0.002111,0.00067
0,-0.044424,-0.140162,-0.194505,-0.085217,-0.153924,-0.062125,0.000775,0.002446
0,-0.124269,-0.200623,-0.086321,-0.037319,-0.11791,-0.079718,0.002169,0.002116
0,-0.099802,0.082731,0.001213,0.255776,-0.039463,0.264792,0.001742,0.001444
0,-0.173427,-0.11162,-0.099996,-0.190401,-0.090817,-0.147354,0.002591,0.001948
0,0.016792,0.07704,0.175777,0.207458,0.19594,0.255376,0.000293,0.001345
0,-0.104245,0.077608,-0.112982,-0.012113,-0.150482,0.00288,0.001819,0.001355
0,0.014613,-0.160515,0.122459,-0.24237,0.106286,-0.216053,0.000255,0.002802
0,-0.076302,-0.073748,-0.064607,0.081985,-0.050015,0.039651,0.001332,0.001287
0,0.042162,0.087299,0.120629,0.131469,0.131474,0.16262,0.000736,0.001524
0,0.040339,0.060001,-0.004441,-0.025409,-0.045272,0.014061,0.000704,0.001047
0,-0.101956,0.079727,-0.131249,0.049552,-0.173578,0.049886,0.001779,0.001392
0,0.07168,0.108986,0.150659,0.010962,0.125692,-0.014332,0.001251,0.001902
0,0.108896,-0.13705,0.007855,-0.268328,0.053492,-0.310561,0.001901,0.002392
0,-0.082698,0.054583,-0.212013,0.216813,-0.198789,0.191608,0.001443,0.000953
0,0.074882,-0.05706,0.173098,-0.09675,0.212152,-0.059399,0.001307,0.000996
0,0.114129,0.051222,0.011336,0.08223,0.010657,0.125854,0.001992,0.000894
0,-0.025535,0.100834,-0.110793,0.068892,-0.137227,0.046454,0.000446,0.00176
0,0.085775,-0.097659,0.123471,-0.181464,0.105932,-0.160112,0.001497,0.001704
0,-0.083914,-0.088931,-0.193279,0.037452,-0.224277,0.012464,0.001465,0.001552
0,-0.007401,-0.061527,0.075065,0.01929,0.069074,-0.011173,0.000129,0.001074
0,0.1512,-0.023321,0.13416,0.029252,0.133889,0.007666,0.002639,0.000407
0,0.01401,0.142942,-0.129712,0.149712,-0.134541,0.144466,0.000245,0.002495
0,0.187556,0.019201,0.20224,-0.11679,0.185541,-0.166069,0.002344,0.000335
0,-0.082275,-0.126976,-0.297566,-0.156532,-0.256766,-0.162106,0.001436,0.002216
0,0.116451,-0.056894,0.181375,0.040195,0.206329,0.084826,0.002032,0.000993
0,0.02226,-0.032075,-0.110231,0.029989,-0.096053,0.049287,0.000389,0.00056
0,0.111687,-0.067054,0.082918,-0.008025,0.102261,-0.047403,0.001949,0.00117
0,0.145296,-0.138239,0.005312,-0.06626,-0.029369,-0.029426,0.002536,0.002413
0,0.044587,-0.004268,-0.080686,0.135854,-0.058104,0.166374,0.000778,7.4e-05
0,0.16091,-0.009583,0.141854,0.007903,0.09563,-0.021132,0.002808,0.000167
0,0.19514,0.078832,0.0143,0.078455,-0.013398,0.044351,0.002212,0.001376
0,0.256261,-0.060769,0.046927,-0.162403,0.087408,-0.203247,0.001145,0.001061
0,0.030642,0.162796,-0.253561,0.247382,-0.235227,0.253518,0.000535,0.002776
0,0.108607,0.063655,0.077138,-0.092077,0.031022,-0.113185,0.001896,0.001111
0,0.25892,0.084414,0.15111,0.010691,0.160728,0.057908,0.001098,0.001473
0,0.154993,0.161132,-0.115127,0.091522,-0.125154,0.12721,0.002705,0.002805
0,0.191326,0.142718,0.021136,-0.011381,0.003275,0.034091,0.002278,0.002491
0,0.132311,0.113103,-0.03303,-0.020783,-0.071031,0.027517,0.002309,0.001974
0,0.170201,-0.052566,0.01855,-0.157288,0.059113,-0.190043,0.002647,0.000917
0,-0.032198,0.131376,-0.209151,0.201797,-0.23668,0.212036,0.000562,0.002293
0,0.091075,0.031058,0.114627,-0.078658,0.081509,-0.086278,0.00159,0.000542
0,-0.021725,-0.01552,-0.097425,-0.073127,-0.079629,-0.109985,0.000379,0.000271
0,0.001399,-0.120273,0.007147,-0.126703,-0.033646,-0.1643,2.4e-05,0.002099
0,0.109565,0.040806,0.102936,0.172054,0.088808,0.183547,0.001912,0.000712
0,0.013247,0.007748,-0.10894,-0.048897,-0.083831,-0.060995,0.000231,0.000135
0,0.025568,-0.134442,0.013158,-0.118374,-0.004907,-0.069748,0.000446,0.002346
0,-0.063699,-0.093961,-0.084498,0.064433,-0.071829,0.08871,0.001112,0.00164
0,-0.121732,0.025818,-0.057991,0.110007,-0.028337,0.10392,0.002125,0.000451
0,0.014541,-0.146838,0.133834,-0.191799,0.142319,-0.231647,0.000254,0.002563
0,0.119882,-0.027971,0.13062,0.13822,0.127022,0.127221,0.002092,0.000488
0,-0.025946,-0.059388,-0.126031,-0.048892,-0.109381,-0.040575,0.000453,0.001037
0,0.069133,-0.057719,0.093161,0.014499,0.052019,0.016055,0.001207,0.001007
0,0.109854,-0.11513,0.047545,-0.068561,0.081288,-0.070568,0.001917,0.002009
0,0.035291,0.007921,-0.046705,0.101226,-0.092509,0.125533,0.000616,0.000138
0,0.090627,-0.185154,0.051854,-0.188292,0.073972,-0.218462,0.001582,0.002386
0,0.220221,-0.136499,0.151959,0.040765,0.117473,0.073664,0.001774,0.002382
0,-0.04236,-0.020438,-0.259118,0.100178,-0.22044,0.123524,0.000739,0.000357
0,0.179363,-0.098495,0.249815,-0.095967,0.273701,-0.119207,0.002487,0.001719
0,0.022466,-0.051885,-0.150445,0.049965,-0.103583,0.038775,0.000392,0.000906
0,-0.044434,-0.153614,-0.064945,-0.083117,-0.037003,-0.117672,0.000776,0.002681
0,0.057201,0.096175,0.075748,0.23511,0.084419,0.27453,0.000998,0.001679
0,0.206018,-0.043513,0.147493,-0.158083,0.136739,-0.132233,0.002022,0.000759
0,0.132342,0.041891,-0.090004,0.056281,-0.061124,0.025019,0.00231,0.000731
0,-0.093686,0.00793,-0.240403,-0.02063,-0.279132,-0.00658,0.001635,0.000138
0,-0.154952,0.074916,-0.033731,0.046458,-0.073515,0.019535,0.002704,0.001308
0,0.033483,-0.127323,0.198109,-0.186212,0.185088,-0.176267,0.000584,0.002222
0,0.055168,-0.11376,0.050189,0.00359,0.082864,0.017104,0.000963,0.001985
0,0.042448,-0.137122,-0.026631,-0.009458,-0.055004,-0.013164,0.000741,0.002393
0,0.128124,-0.059194,0.111084,0.081625,0.1255,0.060604,0.002236,0.001033
0,-0.071026,-0.078458,-0.19353,-0.007461,-0.171741,-0.017032,0.00124,0.001369
0,0.151741,0.05606,0.24205,0.115061,0.261436,0.134602,0.002648,0.000978
0,0.047115,-0.170053,-0.112888,-0.254789,-0.134962,-0.223751,0.000822,0.00265
0,-0.065823,0.033837,-0.112046,0.178608,-0.139749,0.203267,0.001149,0.000591
0,0.155375,-0.227954,0.234042,-0.28274,0.248824,-0.27004,0.002712,0.001639
0,-0.08368,0.009271,-0.2618,0.254328,-0.231182,0.297404,0.00146,0.000162
0,0.02161,-0.115028,0.125333,-0.102096,0.133375,-0.085265,0.000377,0.002008
0,-0.122793,-0.230056,-0.172438,-0.126925,-0.212674,-0.123126,0.002143,0.001602
0,-0.220683,-0.064914,-0.089955,0.192028,-0.122063,0.182029,0.001766,0.001133
0,-0.104574,-0.269425,0.106706,-0.188912,0.148727,-0.191929,0.001825,0.000915
0,0.036586,-0.148322,0.161985,0.13713,0.147518,0.174001,0.000639,0.002589
0,-0.051824,-0.062483,-0.107152,0.096028,-0.123106,0.103949,0.000905,0.001091
0,-0.109328,-0.183643,-0.06376,-0.13294,-0.047564,-0.096798,0.001908,0.002412
0,-0.07151,-0.080213,0.017743,0.133361,0.048885,0.083768,0.001248,0.0014
0,-0.088444,-0.164538,-0.043274,-0.080734,-0.06807,-0.099213,0.001544,0.002746
0,-0.185763,-0.089794,-0.08166,0.092227,-0.117859,0.091805,0.002375,0.001567
0,0.042969,-0.052159,0.23856,0.023435,0.19565,0.006585,0.00075,0.00091
0,-0.007034,0.040124,-0.021017,0.101941,-0.006739,0.136742,0.000123,0.0007
0,-0.122326,-0.151173,-0.101108,-0.170083,-0.14183,-0.147372,0.002135,0.002638
0,0.099697,0.055714,0.222908,0.193813,0.220084,0.194401,0.00174,0.000972
0,-0.118716,-0.180799,-0.209669,-0.238728,-0.24535,-0.271826,0.002072,0.002462
0,0.170862,0.002222,0.276336,0.173816,0.286884,0.187052,0.002635,3.9e-05
0,-0.042809,-0.010303,-0.188394,-0.035485,-0.152845,-0.079551,0.000747,0.00018
0,-0.017644,-0.064074,0.02656,-0.067311,0.004494,-0.09648,0.000308,0.001118
0,-0.080701,0.133867,-0.072497,0.170136,-0.107495,0.146608,0.001408,0.002336
0,-0.129122,-0.013667,-0.054262,-0.121528,-0.075835,-0.167126,0.002254,0.000239
0,0.037421,-0.12795,0.176586,-0.121745,0.167159,-0.141248,0.000653,0.002233
0,-0.02754,-0.087476,-0.039343,0.024579,-0.028069,0.030175,0.000481,0.001527
0,-0.204033,0.108036,-0.198634,0.174888,-0.182756,0.220521,0.002056,0.001886
0,0.013864,-0.052389,0.20306,-0.173049,0.174906,-0.220458,0.000242,0.000914
0,-0.096448,0.166225,-0.082208,0.234416,-0.059554,0.247859,0.001683,0.002716
0,0.084009,-0.093165,0.184913,-0.265145,0.189256,-0.243697,0.001466,0.001626
0,0.079082,-0.049288,0.021686,0.027677,-0.027725,0.026736,0.00138,0.00086
0,-0.046822,0.056433,-0.114539,0.100422,-0.065365,0.116767,0.000817,0.000985
0,-0.078087,0.147636,-0.015221,0.102851,0.0278,0.106213,0.001363,0.002577
0,-0.107843,0.012104,-0.02096,-0.109258,-0.052115,-0.065196,0.001882,0.000211
0,-0.110654,0.049825,-0.030954,0.030463,-0.021678,0.068013,0.001931,0.00087
0,-0.17879,-0.018061,-0.049702,-0.063821,-0.069751,-0.025684,0.002497,0.000315
0,0.026692,0.15972,0.196955,0.188081,0.186191,0.221121,0.000466,0.002788
0,0.099805,0.040374,0.071552,-0.127961,0.091913,-0.097425,0.001742,0.000705
0,-0.130877,0.129446,-0.213287,0.075306,-0.1716,0.117629,0.002284,0.002259
0,0.104601,0.111397,0.222883,-0.01979,0.21488,-0.020663,0.001826,0.001944
0,-0.160279,0.020051,-0.282814,-0.114037,-0.302038,-0.089033,0.002797,0.00035
0,0.075279,0.092521,0.22548,0.046767,0.209505,0.038006,0.001314,0.001615
0,-0.106936,-0.105218,-0.193767,-0.201998,-0.242164,-0.226163,0.001866,0.001836
0,-0.18851,-0.13033,-0.056518,-0.050854,-0.039601,-0.002075,0.002327,0.002275
0,-0.222752,-0.005355,-0.008084,0.149532,-0.047663,0.157755,0.00173,9.3e-05
0,-0.172857,-0.048317,0.047191,-0.058382,0.031913,-0.037095,0.002601,0.000843
0,-0.112566,0.06712,0.068862,0.1038,0.087447,0.094298,0.001965,0.001171
0,-0.19405,0.138271,-0.089563,0.075567,-0.047713,0.072493,0.002231,0.002413
0,-0.096143,0.135842,0.101318,0.013146,0.071572,-0.016936,0.001678,0.002371
0,-0.211859,-0.069584,-0.090042,-0.214213,-0.139282,-0.181963,0.00192,0.001214
0,-0.226244,0.101522,-0.040054,0.156979,-0.053376,0.129609,0.001669,0.001772
0,-0.132428,-0.064609,0.093169,-0.162214,0.083647,-0.125433,0.002311,0.001128
0,-0.212135,0.078204,-0.074521,0.159817,-0.120562,0.123441,0.001915,0.001365
0,-0.256193,0.043915,-0.065344,-0.062909,-0.055233,-0.070524,0.001146,0.000766
0,0.025256,-0.057554,0.279367,-0.122354,0.300098,-0.104181,0.000441,0.001005
0,-0.111858,-0.000676,-0.11781,0.046502,-0.160241,0.05045,0.001952,1.2e-05
0,-0.210732,-0.076709,-0.074245,-0.063442,-0.077731,-0.102026,0.00194,0.001339
0,0.027955,-0.081779,0.226047,-0.012005,0.272831,-0.048121,0.000488,0.001427
0,-0.182602,0.139309,-0.219479,0.212885,-0.232497,0.165496,0.002431,0.002431
0,0.021606,-0.076096,0.187503,-0.193489,0.220972,-0.19997,0.000377,0.001328
0,-0.171159,0.097522,-0.181512,0.188405,-0.152962,0.231844,0.00263,0.001702
0,-0.226173,0.057735,-0.080427,-0.06961,-0.101664,-0.07669,0.00167,0.001008
0,-0.075072,0.087247,0.160232,0.052816,0.119615,0.040671,0.00131,0.001523
0,-0.209879,-0.093068,-0.108232,-0.182432,-0.076063,-0.206924,0.001954,0.001624
0,-0.050157,-0.155596,0.132752,-0.041454,0.172829,-0.037915,0.000875,0.002716
0,-0.134365,0.084863,-0.055596,0.221941,-0.023179,0.201572,0.002345,0.001481
0,-0.122792,-0.160259,0.017755,-0.254671,0.04974,-0.239187,0.002143,0.002797
0,-0.081035,0.018013,0.05822,0.185153,0.087787,0.193943,0.001414,0.000314
0,-0.24011,-0.125989,-0.150925,-0.147453,-0.179103,-0.183583,0.001427,0.002199
0,-0.090264,0.007958,0.130728,0.129769,0.113846,0.121299,0.001575,0.000139
0,-0.030447,-0.105997,0.047523,-0.098498,0.076694,-0.082514,0.000531,0.00185
0,-0.063946,-0.066175,-0.027053,0.051661,-0.070085,0.099988,0.001116,0.001155
0,-0.095808,-0.06518,-0.052339,0.004578,-0.017316,0.02794,0.001672,0.001138
0,-0.243242,-0.072554,-0.147528,-0.027746,-0.169703,-0.002876,0.001372,0.001266
0,-0.282854,0.05274,-0.031283,0.118989,-0.072771,0.085301,0.000681,0.00092
0,-0.261845,-0.005351,0.044971,-0.08129,0.040534,-0.074137,0.001047,9.3e-05
0,0.02096,0.0524,0.255505,0.042681,0.293843,0.042883,0.000366,0.000915
0,-0.218014,-0.095767,-0.2538,-0.141253,-0.204785,-0.145147,0.001812,0.001671
0,-0.191453,0.065446,0.014299,0.180877,0.041713,0.220745,0.002276,0.001142
0,-0.005332,-0.025237,0.176164,-0.099934,0.184602,-0.069871,9.3e-05,0.00044
0,-0.137163,-0.02989,-0.112949,-0.014057,-0.133412,0.004285,0.002394,0.000522
0,-0.208293,-0.111202,-0.07183,-0.053203,-0.090741,-0.039655,0.001982,0.001941
0,-0.091872,-0.08918,0.090902,0.044878,0.137065,0.016506,0.001603,0.001556
0,0.077356,-0.152798,0.16812,-0.050464,0.213077,-0.057595,0.00135,0.002667
0,-0.144181,0.074329,-0.226292,0.20798,-0.218792,0.224128,0.002516,0.001297
0,0.004943,-0.005928,0.146272,-0.104265,0.173146,-0.103877,8.6e-05,0.000103
0,-0.185552,0.072506,-0.207003,0.093475,-0.226742,0.059981,0.002379,0.001265
0,0.071124,-0.091346,0.242613,-0.188634,0.254614,-0.167378,0.001241,0.001594
0,-0.157171,-0.027508,-0.207526,0.057405,-0.203048,0.071443,0.002743,0.00048
0,0.081956,-0.064886,0.242672,-0.055228,0.229328,-0.010694,0.00143,0.001132
0,-0.111762,0.011821,-0.177704,0.101884,-0.144541,0.069747,0.001951,0.000206
0,0.062598,-0.146512,0.195742,-0.172125,0.188811,-0.15461,0.001093,0.002557
0,0.112284,0.069329,0.045906,0.187287,0.081718,0.201929,0.00196,0.00121
0,-0.127445,0.029043,-0.266259,-0.063759,-0.31252,-0.0152,0.002224,0.000507
0,0.056909,-0.17741,0.193605,-0.185382,0.178701,-0.197489,0.000993,0.002521
0,-0.146917,-0.129865,-0.174493,0.032246,-0.140803,0.037966,0.002564,0.002267
0,0.04568,-0.067389,0.164539,0.05286,0.131865,0.07438,0.000797,0.001176
0,0.087883,0.070846,0.062377,0.114188,0.019808,0.117613,0.001534,0.001236
0,-0.014975,0.082382,-0.097565,0.012884,-0.114171,-0.012403,0.000261,0.001438
0,0.113593,-0.111109,0.133537,-0.186965,0.121966,-0.224091,0.001983,0.001939
0,0.06586,-0.167184,-0.052528,-0.047944,-0.009612,-0.07197,0.001149,0.0027
0,-0.101006,-0.036721,-0.195918,0.12835,-0.191601,0.147706,0.001763,0.000641
0,-0.180007,-0.055412,-0.069084,-0.03555,-0.078963,-0.003636,0.002476,0.000967
0,0.095451,-0.212452,0.300336,-0.128717,0.324941,-0.137524,0.001666,0.00191
0,-0.162232,-0.156928,-0.253734,0.043759,-0.220914,0.034846,0.002786,0.002739
0,0.078124,-0.029167,0.247488,0.13673,0.296687,0.137333,0.001364,0.000509
0,-0.099039,-0.056581,-0.156058,-0.035292,-0.18476,-0.072176,0.001729,0.000988
0,-0.136647,-0.178365,-0.015482,-0.111728,-0.012845,-0.154555,0.002385,0.002504
0,-0.137825,0.025712,0.01883,0.195325,0.02289,0.244428,0.002405,0.000449
0,-0.108048,-0.130431,0.052807,-0.141156,0.036702,-0.112746,0.001886,0.002276
0,-0.015564,0.008231,0.097404,0.129854,0.089466,0.165542,0.000272,0.000144
0,-0.005582,-0.187551,0.030919,-0.205382,0.050795,-0.159746,9.7e-05,0.002344
0,-0.059444,-0.042079,-0.066443,0.150994,-0.081066,0.197212,0.001037,0.000734
0,-0.170233,0.004604,-0.123324,0.059985,-0.146296,0.097999,0.002646,8e-05
0,-0.022586,-0.113533,0.165491,-0.122605,0.125422,-0.103417,0.000394,0.001982
0,-0.312018,-0.150227,-0.298133,-0.048505,-0.278304,-0.089647,0.000172,0.002622
0,-0.179333,0.005058,0.132923,0.149543,0.162723,0.147535,0.002488,8.8e-05
0,-0.047662,-0.002556,0.1228,0.001025,0.080638,0.003808,0.000832,4.5e-05
0,-0.215924,-0.004402,-0.15732,0.021302,-0.132706,-0.001126,0.001849,7.7e-05
0,-0.231857,-0.187102,-0.008533,-0.209043,0.041267,-0.177923,0.001571,0.002352
0,-0.09406,0.043588,0.112172,0.201179,0.102812,0.208758,0.001642,0.000761
0,-0.084098,0.100857,-0.019596,0.028485,-0.054192,0.002484,0.001468,0.00176
0,0.049226,-0.14755,0.148421,-0.263482,0.127382,-0.303834,0.000859,0.002575
0,-0.018986,-0.044323,-0.076092,0.119287,-0.054042,0.104365,0.000331,0.000774
0,-0.027165,-0.081017,0.002538,-0.021744,0.05066,0.025644,0.000474,0.001414
0,-0.082477,-0.006202,-0.085309,0.06958,-0.082724,0.072644,0.001439,0.000108
0,-0.029602,-0.010871,0.039792,0.01373,-0.006642,-0.018295,0.000517,0.00019
0,-0.132489,-0.1078,-0.131239,-0.117621,-0.144368,-0.073668,0.002312,0.001881
0,-0.030133,-0.070271,0.124412,0.031838,0.157729,0.019742,0.000526,0.001226
0,-0.169461,0.062367,-0.162882,0.102695,-0.119706,0.066872,0.00266,0.001089
0,-0.040898,0.045702,0.143098,-0.01141,0.095971,-0.052596,0.000714,0.000798
0,-0.082287,0.112512,-0.035328,0.062804,-0.070701,0.104413,0.001436,0.001964
0,-0.153977,-0.155396,-0.05974,-0.250561,-0.054251,-0.257655,0.002687,0.002712
0,-0.163825,0.106852,-0.013425,0.291961,0.0361,0.284264,0.002758,0.001865
0,0.069796,-0.191806,0.245951,-0.270143,0.283084,-0.292686,0.001218,0.00227
0,-0.007434,-0.161156,-0.078648,0.053206,-0.076607,0.094456,0.00013,0.002805
0,0.071319,0.122569,0.100766,0.281715,0.054378,0.23226,0.001245,0.002139
0,0.111151,0.147005,0.030733,-0.002149,0.039496,-0.019208,0.00194,0.002566
0,0.026153,-0.116207,-0.106394,-0.287693,-0.116644,-0.333115,0.000456,0.002028
0,0.031135,0.097604,-0.015415,0.191007,0.002707,0.151669,0.000543,0.001704
0,-0.093632,0.085254,-0.129127,0.013038,-0.12055,0.027742,0.001634,0.001488
0,0.115874,-0.006821,0.233736,-0.090621,0.229489,-0.068258,0.002022,0.000119
0,-0.143771,-0.064794,-0.265932,-0.052825,-0.300281,-0.087734,0.002509,0.001131
0,0.04649,-0.079537,0.215142,-0.035226,0.246206,-0.040163,0.000811,0.001388
0,0.116013,-0.005483,0.085302,0.056357,0.049527,0.08618,0.002025,9.6e-05
0,0.110478,0.036776,0.000723,0.028458,0.001974,0.022356,0.001928,0.000642
0,0.127297,0.11525,0.04665,0.098063,0.032374,0.05083,0.002222,0.002011
0,-0.090578,0.12031,-0.203751,-0.024158,-0.201757,-0.050334,0.001581,0.0021
0,0.036142,-0.099175,0.146744,-0.222695,0.170211,-0.237161,0.000631,0.001731
0,0.197714,-0.066207,0.180024,0.056181,0.180673,0.08035,0.002167,0.001156
0,3.980475,0.191286,3.763678,0.25903,3.725909,0.25491,0.002062,0.002279
0,6.216512,0.425065,2.211822,0.231575,2.171615,0.220423,0.001766,0.001801
0,4.906011,0.638218,-1.318827,0.205794,-1.278408,0.211103,0.001363,9.6e-05
0,4.103429,0.583563,-0.779867,-0.036596,-0.805199,-0.067402,0.001409,0.00105
0,3.371201,0.417264,-0.70926,-0.171679,-0.696879,-0.131651,0.002663,0.001665
0,2.831349,0.338465,-0.51135,-0.053186,-0.511418,-0.081496,0.001141,0.00029
0,1.827807,0.180858,-1.021327,-0.141478,-1.001783,-0.138069,0.001804,0.002461
0,1.418428,0.341522,-0.380541,0.149581,-0.404477,0.129691,0.002286,0.000343
0,1.208313,0.096436,-0.18281,-0.252768,-0.150223,-0.275863,0.001381,0.001683
0,1.038772,0.028076,-0.157276,-0.050751,-0.196334,-0.092282,0.001277,0.00049
0,0.517861,-0.062385,-0.519899,-0.099851,-0.564244,-0.145811,0.002197,0.001089
0,0.242283,0.084522,-0.302944,0.165772,-0.294659,0.186263,0.001389,0.001475
0,0.226561,-0.132785,0.011004,-0.232618,0.060942,-0.19499,0.001663,0.002318
0,-0.181715,0.003034,-0.412543,0.163615,-0.372319,0.212357,0.002446,5.3e-05
0,-0.121342,-0.070562,0.05343,-0.07131,0.039375,-0.053255,0.002118,0.001232
0,-0.246578,-0.203848,-0.117664,-0.118202,-0.139195,-0.135981,0.001314,0.00206
0,-0.379798,0.004369,-0.132734,0.216175,-0.169743,0.215086,0.001011,7.6e-05
0,-0.188255,0.037989,0.20499,0.062393,0.168612,0.107201,0.002332,0.000663
0,-0.234627,-0.176229,-0.017489,-0.22026,-0.015399,-0.222026,0.001522,0.002542
0,-0.223949,0.150586,-0.012877,0.354176,0.032937,0.399755,0.001709,0.002628
0,0.125846,-0.010889,0.375378,-0.160054,0.422518,-0.170899,0.002196,0.00019
0,0.058004,-0.01024,-0.096426,-0.011059,-0.123087,-0.043644,0.001012,0.000179
0,0.018699,0.070515,-0.042379,0.080517,-0.039342,0.069449,0.000326,0.001231
0,0.102372,-0.051574,0.105815,-0.125288,0.138614,-0.099931,0.001787,0.0009
0,-0.01068,0.162806,-0.086906,0.206832,-0.037351,0.230466,0.000186,0.002776
0,0.00405,-0.005023,0.003127,-0.190839,-0.039239,-0.159094,7.1e-05,8.8e-05
0,-0.050693,0.135358,-0.053616,0.123655,-0.008658,0.138144,0.000885,0.002362
0,-0.095118,-0.144062,-0.037838,-0.296503,-0.08017,-0.3173,0.00166,0.002514
0,0.120109,0.061121,0.208321,0.202558,0.240706,0.197999,0.002096,0.001067
0,0.070775,0.016812,-0.055783,-0.05258,-0.074818,-0.017751,0.001235,0.000293
0,0.201891,-0.07668,0.119741,-0.073715,0.076753,-0.100345,0.002094,0.001338
0,-0.098453,-0.04531,-0.287264,0.024221,-0.304221,0.042286,0.001718,0.000791
0,-0.067319,0.001976,0.016385,0.034869,-0.000636,0.045051,0.001175,3.4e-05
0,0.038887,-0.026071,0.117253,-0.035466,0.098575,-0.050397,0.000679,0.000455
0,0.011222,-0.095742,-0.014775,-0.066525,-0.056468,-0.082504,0.000196,0.001671
0,-0.141878,-0.094687,-0.170485,0.026656,-0.15608,0.016566,0.002476,0.001653
0,-0.059098,0.050891,0.105671,0.144397,0.076885,0.168154,0.001031,0.000888
0,0.103589,0.03745,0.133056,0.015491,0.13526,0.051432,0.001808,0.000654
0,-0.052889,0.004254,-0.167877,-0.043275,-0.187315,1.3e-05,0.000923,7.4e-05
0,-0.158546,0.084041,-0.13464,0.066786,-0.135108,0.054714,0.002767,0.001467
0,0.015427,-0.12715,0.179578,-0.210231,0.214845,-0.250624,0.000269,0.002219
0,0.083533,0.135235,0.085871,0.256059,0.070856,0.268779,0.001458,0.00236
0,-0.179373,-0.000977,-0.279782,-0.113765,-0.240537,-0.162691,0.002487,1.7e-05
0,-0.072861,0.014881,0.123249,-0.004711,0.104351,-0.048769,0.001272,0.00026
0,-0.012395,0.028089,0.074389,0.012844,0.043321,-0.033039,0.000216,0.00049
0,0.06105,-0.139903,0.068421,-0.194925,0.040647,-0.187069,0.001066,0.002442
0,0.15013,0.050095,0.094536,0.162539,0.048728,0.120901,0.00262,0.000874
0,0.037645,0.044792,-0.127071,0.014983,-0.163908,0.054104,0.000657,0.000782
0,-0.029202,0.07791,-0.06243,0.044559,-0.043771,0.012156,0.00051,0.00136
0,1e-06,-0.088548,0.00948,-0.155341,-0.008567,-0.108526,0.0,0.001545
0,-0.025672,0.1607,-0.025534,0.249789,-0.06039,0.257068,0.000448,0.002805
0,-0.034582,-0.1105,0.012017,-0.252633,-0.020914,-0.279208,0.000604,0.001929
0,0.059345,0.018224,0.086002,0.109211,0.080676,0.079259,0.001036,0.000318
0,-0.00965,0.054076,-0.051917,0.031798,-0.055857,0.005584,0.000168,0.000944
0,-0.053061,-0.083709,-0.019803,-0.111658,0.004554,-0.067378,0.000926,0.001461
0,0.124708,-0.200846,0.179039,-0.128798,0.22875,-0.15631,0.002177,0.002112
0,0.141698,-0.082508,0.013369,0.108913,0.028225,0.132888,0.002473,0.00144
0,-0.031221,-0.14412,-0.179514,-0.079766,-0.167362,-0.044789,0.000545,0.002515
0,0.019317,-0.199254,0.032767,-0.055566,0.001501,-0.040232,0.000337,0.00214
0,-0.015206,0.019807,-0.027949,0.21478,-0.018261,0.215466,0.000265,0.000346
0,-0.05391,0.081455,-0.017185,0.033468,0.02733,0.068427,0.000941,0.001422
0,0.006818,0.018246,0.043069,-0.064641,0.086784,-0.076044,0.000119,0.000318
0,-0.004865,-0.075291,-0.009096,-0.112463,-0.042862,-0.148214,8.5e-05,0.001314
0,0.146337,0.06234,0.160957,0.109151,0.182656,0.083877,0.002554,0.001088
0,0.116198,-0.014249,-0.038234,-0.05702,-0.071545,-0.058871,0.002028,0.000249
0,0.016104,-0.087003,-0.083583,-0.042776,-0.109381,-0.013973,0.000281,0.001518
0,0.207756,-0.12902,0.216579,-0.046935,0.18552,-0.037418,0.001991,0.002252
0,-0.006531,0.062718,-0.192231,0.213945,-0.149853,0.191545,0.000114,0.001095
0,0.101123,-0.109897,0.085599,-0.194431,0.045984,-0.173114,0.001765,0.001918
0,-0.018712,-0.02026,-0.135705,0.062267,-0.161308,0.082674,0.000327,0.000354
0,-0.112269,-0.006906,-0.103682,0.016511,-0.101979,0.000691,0.001959,0.000121
0,-0.07097,0.033252,0.020449,0.028483,0.012421,0.037741,0.001239,0.00058
0,0.121718,0.097736,0.173533,0.055408,0.125789,0.011835,0.002124,0.001706
0,0.142354,0.083308,0.035681,-0.031754,0.014381,-0.060744,0.002485,0.001454
0,-0.054864,0.082264,-0.201164,-0.002947,-0.24984,0.040225,0.000958,0.001436
0,0.23194,0.061189,0.28477,-0.017513,0.239376,0.000338,0.001569,0.001068
0,0.161517,-0.070194,-0.07677,-0.145812,-0.072074,-0.169021,0.002799,0.001225
0,0.140205,0.058322,-0.048529,0.127441,-0.091907,0.17473,0.002447,0.001018
0,0.268775,-0.107316,0.105348,-0.136893,0.12835,-0.119022,0.000927,0.001873
0,0.14738,0.103332,-0.09572,0.197677,-0.064272,0.225341,0.002572,0.001803
0,0.117604,-0.065623,-0.037678,-0.162407,-0.017925,-0.178243,0.002053,0.001145
0,0.119656,0.07686,-0.005126,0.12551,0.041216,0.122592,0.002088,0.001341
0,0.039342,-0.15969,-0.085765,-0.209525,-0.082732,-0.159541,0.000687,0.002787
0,-0.076278,0.034294,-0.135191,0.176311,-0.108429,0.169605,0.001331,0.000599
0,0.036403,-0.16147,0.135033,-0.175573,0.117224,-0.138551,0.000635,0.002799
0,-0.04506,0.059988,-0.094417,0.20613,-0.083008,0.236841,0.000786,0.001047
0,0.046521,0.124066,0.101069,0.090749,0.080028,0.086162,0.000812,0.002165
0,-0.114326,-0.121233,-0.150988,-0.229884,-0.181802,-0.228154,0.001995,0.002116
0,0.001408,0.06076,0.098349,0.164068,0.075983,0.175604,2.5e-05,0.00106
0,0.059373,-0.115045,0.079215,-0.187901,0.104022,-0.143479,0.001036,0.002008
0,-0.111148,-0.087298,-0.14682,0.043535,-0.141603,0.013728,0.00194,0.001524
0,-0.165327,-0.110412,-0.050534,-0.015542,-0.039045,0.004455,0.002732,0.001927
0,-0.220989,-0.008622,-0.032242,0.073344,0.008335,0.027376,0.001761,0.00015
0,-0.062401,-0.124114,0.130632,-0.106446,0.105158,-0.096981,0.001089,0.002166
0,-0.079971,0.040654,0.002997,0.190241,0.016632,0.233765,0.001396,0.00071
0,-0.187463,-0.076714,-0.10656,-0.087818,-0.090363,-0.113253,0.002346,0.001339
0,-0.172011,0.018861,0.016635,0.078865,-0.01115,0.113549,0.002615,0.000329
0,-0.284984,-0.04888,-0.103833,-0.089602,-0.093977,-0.124649,0.000644,0.000853
0,-0.085683,-0.15882,0.222377,-0.131241,0.198423,-0.090717,0.001495,0.002772
0,-0.057465,0.119096,0.01912,0.298681,0.018413,0.333373,0.001003,0.002079
0,-0.028535,-0.084419,0.052281,-0.178768,0.039718,-0.165138,0.000498,0.001473
0,-0.197223,0.028492,-0.148188,0.134657,-0.169437,0.100602,0.002175,0.000497
0,0.053027,0.076161,0.257487,0.056299,0.221405,0.080824,0.000925,0.001329
0,-0.265208,0.372362,-0.298733,0.2864,-0.265876,0.267108,0.000989,0.000881
0,-0.230409,1.030856,0.054415,0.663881,0.058104,0.70868,0.001596,0.001139
0,-0.491383,0.877265,-0.232772,-0.152806,-0.263883,-0.185219,0.002659,0.001541
0,-0.331969,1.202761,0.188726,0.336551,0.184657,0.342465,0.000176,0.001478
0,-0.219308,1.159709,0.108236,-0.038837,0.085801,-0.04328,0.00179,0.002229
0,-0.132302,1.113066,0.083438,-0.026815,0.105877,0.005848,0.002309,0.002574
0,-0.051879,0.645277,0.062383,-0.489116,0.02329,-0.506113,0.000905,2.7e-05
0,-0.060356,0.357479,0.015143,-0.312273,0.038936,-0.335558,0.001053,0.000622
0,-0.254245,0.27496,-0.191708,-0.108223,-0.19227,-0.121386,0.00118,0.000819
0,-0.024456,0.00193,0.215017,-0.291828,0.201438,-0.3281,0.000427,3.4e-05
0,-0.142469,-0.067432,-0.09265,-0.058472,-0.099048,-0.048816,0.002487,0.001177
0,0.070865,-0.077341,0.210291,-0.009229,0.206035,-0.028469,0.001237,0.00135
0,-0.087959,-0.035507,-0.188233,0.024727,-0.214394,0.034934,0.001535,0.00062
0,0.027347,0.033315,0.099564,0.051903,0.055778,0.097215,0.000477,0.000581
0,0.082197,0.062412,0.030807,0.003189,0.027827,0.003502,0.001435,0.001089
0,-0.017955,-0.117528,-0.121858,-0.16703,-0.120979,-0.126337,0.000313,0.002051
0,0.064719,-0.065654,0.08564,0.069662,0.042504,0.073812,0.00113,0.001146
0,-0.035064,-0.051345,-0.109666,0.03737,-0.135826,0.011652,0.000612,0.000896
0,-0.064398,-0.053664,-0.009342,0.007033,-0.025913,0.035183,0.001124,0.000937
0,-0.131618,-0.073834,-0.057789,-0.011276,-0.066333,0.003134,0.002297,0.001289
0,0.143457,0.0433,0.271593,0.116976,0.289037,0.092342,0.002504,0.000756
0,0.048522,-0.214451,-0.104745,-0.240362,-0.062579,-0.273408,0.000847,0.001875
0,-0.050027,-0.159907,-0.12675,0.05366,-0.12457,0.064963,0.000873,0.002791
0,0.023096,-0.014411,0.05051,0.151516,0.097945,0.184035,0.000403,0.000252
0,-0.041152,-0.046949,-0.062514,-0.00928,-0.072459,0.024596,0.000718,0.000819
0,0.068357,-0.023726,0.083544,0.023162,0.113362,0.072667,0.001193,0.000414
0,0.092526,-0.138297,0.012109,-0.093898,0.001085,-0.143611,0.001615,0.002414
0,0.048686,0.128543,-0.02172,0.26811,-0.043415,0.274016,0.00085,0.002243
0,-0.08534,-0.181667,-0.13724,-0.309432,-0.140763,-0.292032,0.001489,0.002447
0,0.004766,0.023753,0.075965,0.216748,0.091457,0.255399,8.3e-05,0.000415
0,0.190077,-0.009801,0.191146,-0.023182,0.213555,0.023531,0.0023,0.000171
0,0.125595,0.142406,-0.058704,0.160644,-0.099815,0.192122,0.002192,0.002485
0,0.079521,0.012004,-0.032603,-0.112625,-0.064487,-0.149065,0.001388,0.00021
0,0.108784,-0.048197,0.057981,-0.055397,0.052814,-0.09204,0.001899,0.000841
0,0.013879,-0.03855,-0.104706,0.013762,-0.127118,0.026174,0.000242,0.000673
0,-0.018194,0.050345,-0.018632,0.062099,-0.054927,0.012554,0.000318,0.000879
0,0.120962,-0.001879,0.124025,-0.04764,0.137982,-0.089519,0.002111,3.3e-05
0,-0.074797,0.086528,-0.211415,0.105997,-0.250581,0.140673,0.001305,0.00151
0,-0.095194,0.123516,-0.004453,0.05978,-0.014092,0.109646,0.001661,0.002156
0,0.091475,0.037967,0.181252,-0.102984,0.18621,-0.125723,0.001597,0.000663
0,-1.38711,0.68076,-1.490852,0.668564,-1.457894,0.646158,0.00174,0.000646
0,-1.867923,1.211254,-0.488691,0.542948,-0.509963,0.581107,0.001104,0.00133
0,-2.436621,1.36779,-0.592211,0.130698,-0.578324,0.104531,0.002413,0.001402
0,-2.370391,1.610662,0.065057,0.248276,0.085887,0.201037,0.002049,2.4e-05
0,-2.053725,1.716281,0.289974,0.128575,0.275443,0.103833,0.002139,0.001867
0,-1.827361,1.870913,0.203713,0.16534,0.163469,0.170718,0.001812,0.001051
0,-1.057801,1.150669,0.783571,-0.702786,0.833096,-0.674434,0.00161,0.002387
0,-0.847105,0.975462,0.211665,-0.159911,0.210205,-0.145025,0.002068,0.000172
0,-0.455208,0.561376,0.40607,-0.40705,0.380173,-0.412652,0.002327,0.001437
0,-0.177796,0.406999,0.25444,-0.160092,0.271618,-0.179707,0.002514,0.001486
0,0.088552,0.044965,0.248462,-0.347974,0.214416,-0.341674,0.001546,0.000785
0,0.144897,-0.10111,0.043785,-0.170511,0.060491,-0.171339,0.002529,0.001765
0,0.239136,0.0841,0.072685,0.208785,0.08258,0.222583,0.001444,0.001468
0,0.14441,-0.091637,-0.117,-0.159796,-0.129014,-0.131652,0.00252,0.001599
0,0.076941,-0.083494,-0.051727,-0.003096,-0.050764,0.035059,0.001343,0.001457
0,0.17124,-0.109589,0.09735,-0.023757,0.083345,-0.062787,0.002629,0.001913
0,0.139012,-0.159824,-0.060178,-0.047564,-0.077315,-0.029831,0.002426,0.002789
0,0.1894,0.0114,0.029303,0.179213,-0.005466,0.166562,0.002312,0.000199
0,0.272983,-0.219536,0.092999,-0.215158,0.088382,-0.248614,0.000853,0.001786
0,0.292619,-0.155764,0.027219,0.05288,-0.001832,0.078025,0.00051,0.002719
0,0.229557,-0.164208,-0.040077,0.016838,-0.041699,0.058538,0.001611,0.002752
0,0.199734,-0.181868,-0.044502,-0.044149,-0.02433,-0.020474,0.002131,0.002443
0,0.075089,-0.046418,-0.120659,0.118731,-0.095002,0.111173,0.001311,0.00081
0,0.199128,-0.051751,0.151696,-0.019849,0.149568,-0.057424,0.002142,0.000903
0,0.044819,-0.070368,-0.174855,-0.045483,-0.152581,-0.005768,0.000782,0.001228
0,-0.035637,-0.140682,-0.105887,-0.066186,-0.112731,-0.107618,0.000622,0.002455
0,0.129595,0.02196,0.163496,0.163803,0.149126,0.135857,0.002262,0.000383
0,0.138501,0.005604,0.016804,-0.038103,0.01542,0.004695,0.002417,9.8e-05
0,0.194766,-0.019456,0.053664,-0.021034,0.038966,-0.002869,0.002218,0.00034
0,0.075073,-0.060927,-0.137759,-0.071399,-0.183428,-0.034363,0.00131,0.001063
0,-0.006761,0.07387,-0.06413,0.156321,-0.031119,0.130602,0.000118,0.001289
0,0.13487,-0.050744,0.120788,-0.138579,0.157268,-0.185061,0.002354,0.000886
0,0.06096,-0.028655,-0.0474,0.01623,-0.025268,0.061781,0.001064,0.0005
0,-0.043834,-0.114039,-0.077418,-0.083643,-0.045856,-0.133012,0.000765,0.00199
0,0.145102,0.041871,0.174364,0.16795,0.194701,0.188388,0.002533,0.000731
0,0.119685,-0.155156,-0.017861,-0.205427,-0.050353,-0.188142,0.002089,0.002708
0,-0.064264,0.068623,-0.17971,0.237822,-0.219484,0.190227,0.001122,0.001198
0,0.137704,-0.085682,0.225167,-0.169638,0.234595,-0.130602,0.002403,0.001495
0,0.235218,-0.015051,0.104315,0.060659,0.148083,0.029467,0.001512,0.000263
0,0.078017,0.109424,-0.146187,0.113844,-0.152706,0.073914,0.001362,0.00191
0,0.047326,0.047379,-0.050748,-0.042824,-0.08551,-0.049354,0.000826,0.000827
0,0.074442,-0.027711,0.026639,-0.070133,-0.017809,-0.051041,0.001299,0.000484
0,0.111544,0.090815,0.008994,0.142142,0.006951,0.133975,0.001947,0.001585
0,0.211252,-0.022936,0.09942,-0.095706,0.113409,-0.122706,0.00193,0.0004
0,0.228698,-0.102739,0.044776,-0.050696,0.07237,-0.021972,0.001626,0.001793
0,0.122745,-0.045517,-0.117873,0.073293,-0.082664,0.070614,0.002142,0.000794
0,0.127252,0.063189,0.012481,0.115732,0.03988,0.114821,0.002221,0.001103
0,0.060784,0.00781,-0.063452,-0.032899,-0.091275,-0.002286,0.001061,0.000136
0,0.138503,0.084187,0.099501,0.056261,0.136453,0.019413,0.002417,0.001469
0,0.164293,0.078094,0.032186,0.000933,-0.002182,0.048691,0.00275,0.001363
0,-0.04476,0.018318,-0.183833,-0.033792,-0.188114,-0.078112,0.000781,0.00032
0,0.104869,0.079601,0.12277,0.081518,0.107627,0.033762,0.00183,0.001389
0,-0.032565,-0.035699,-0.155041,-0.10406,-0.150474,-0.132062,0.000568,0.000623
0,0.028568,-0.011556,0.070172,-0.004719,0.08242,-0.015138,0.000499,0.000202
0,-0.122223,-0.092524,-0.180759,-0.074828,-0.193634,-0.117656,0.002133,0.001615
0,0.058985,0.141546,0.209987,0.263968,0.181184,0.218388,0.001029,0.00247
0,0.012073,-0.116705,-0.069744,-0.245136,-0.095411,-0.270919,0.000211,0.002037
0,0.106174,0.042812,0.069915,0.170148,0.071222,0.12748,0.001853,0.000747
0,0.198229,0.153517,0.104929,0.133241,0.136271,0.126774,0.002158,0.002679
0,0.029055,-0.008078,-0.155708,-0.143344,-0.134399,-0.180945,0.000507,0.000141
0,0.097691,-0.062864,0.083805,-0.058872,0.133575,-0.08749,0.001705,0.001097
0,0.054624,0.101273,-0.018652,0.13937,0.027878,0.137788,0.000953,0.001768
0,0.062106,0.037523,0.031348,-0.055142,0.040404,-0.046094,0.001084,0.000655
0,-0.047115,0.124259,-0.097145,0.110434,-0.052492,0.092662,0.000822,0.002169
0,0.205948,0.010247,0.247413,-0.128902,0.263411,-0.101801,0.002023,0.000179
0,-0.011914,-0.073987,-0.246767,-0.110624,-0.231959,-0.122005,0.000208,0.001291
0,0.063089,-0.096087,0.100302,-0.029492,0.127862,-0.078405,0.001101,0.001677
0,0.16457,-0.067777,0.083606,0.023332,0.043434,0.044899,0.002745,0.001183
0,0.054275,0.168789,-0.124543,0.23424,-0.163094,0.258586,0.000947,0.002672
0,-0.056106,0.132267,-0.136725,-0.01948,-0.137464,-0.058919,0.000979,0.002308
0,0.18422,0.001732,0.216307,-0.160048,0.224171,-0.120708,0.002402,3e-05
0,0.209123,-0.059959,0.010577,-0.048161,0.018772,-0.040034,0.001968,0.001046
0,-0.009029,-0.114091,-0.191684,-0.048722,-0.223603,-0.071684,0.000158,0.001991
0,-0.037185,0.00125,-0.02358,0.106168,0.006708,0.118601,0.000649,2.2e-05
0,0.000631,0.098927,0.017782,0.07564,0.022769,0.101581,1.1e-05,0.001727
0,0.033119,0.085522,0.059032,0.008181,0.059521,0.016924,0.000578,0.001493
0,-0.087323,0.099929,-0.091887,-0.012665,-0.088387,0.009177,0.001524,0.001744
0,0.067488,-0.016973,0.150524,-0.144533,0.102089,-0.167765,0.001178,0.000296
0,-0.063144,0.038311,-0.116609,0.070156,-0.116331,0.055345,0.001102,0.000669
0,0.050376,-0.085779,0.111811,-0.143211,0.065931,-0.155339,0.000879,0.001497
0,-0.113627,0.181703,-0.152212,0.244857,-0.147893,0.270768,0.001983,0.002446
0,0.141452,0.109055,0.256409,-0.062439,0.238234,-0.081637,0.002469,0.001903
0,-0.092183,-0.037369,-0.215444,-0.117241,-0.208534,-0.076656,0.001609,0.000652
0,0.059147,-0.058574,0.136544,-0.03391,0.128881,-0.011086,0.001032,0.001022
0,-0.028238,0.092862,-0.072471,0.142158,-0.1224,0.12556,0.000493,0.001621
0,0.021035,-0.017334,0.020974,-0.101062,0.053698,-0.062938,0.000367,0.000303
0,-0.049271,0.10152,-0.058237,0.11424,-0.062719,0.114787,0.00086,0.001772
0,0.003408,0.001083,0.049277,-0.08068,0.051305,-0.120443,5.9e-05,1.9e-05
0,0.059429,-0.083631,0.047359,-0.114147,0.032303,-0.11765,0.001037,0.00146
0,-0.109236,-0.142359,-0.182471,-0.067066,-0.183328,-0.031953,0.001907,0.002485
0,0.018653,-0.017956,0.151935,0.104447,0.175127,0.12022,0.000326,0.000313
0,0.08061,-0.008377,0.046309,0.007511,0.014644,0.044065,0.001407,0.000146
0,-0.063857,0.081956,-0.154941,0.070915,-0.124065,0.021948,0.001115,0.00143
0,-0.030351,0.034366,0.060572,-0.061592,0.061857,-0.087927,0.00053,0.0006
0,0.209613,0.034291,0.213096,-0.002321,0.244592,-0.035097,0.001959,0.000598
0,0.018736,-0.081907,-0.192423,-0.10793,-0.16273,-0.134295,0.000327,0.00143
0,0.038294,-0.057509,0.025343,0.04466,0.016232,0.060385,0.000668,0.001004
0,-0.048959,0.060733,-0.098132,0.096745,-0.095034,0.104366,0.000854,0.00106
0,0.165608,-0.014404,0.188051,-0.076374,0.150299,-0.054239,0.002727,0.000251
0,0.172639,-0.046242,0.030898,-0.045438,0.016413,-0.082483,0.002604,0.000807
0,-1.697739,-1.272386,-1.85174,-1.235476,-1.822037,-1.197093,0.001544,0.000263
0,-2.000418,-1.385184,-0.319582,-0.092078,-0.323307,-0.09329,0.001209,0.001706
0,-2.768111,-1.695601,-0.776205,-0.338127,-0.797846,-0.30357,0.002245,0.001506
0,-2.736739,-1.632915,0.060039,0.066862,0.088167,0.045401,0.002792,0.000412
0,-3.281348,-1.631974,-0.570687,-0.019365,-0.618356,0.024406,0.001095,0.000396
0,-2.73081,-1.17238,0.572067,0.457876,0.559427,0.424137,0.002722,0.002008
0,-2.332395,-0.935399,0.423888,0.262241,0.422815,0.269474,0.001385,0.000527
0,-1.95945,-0.517225,0.363021,0.436527,0.387969,0.412193,0.000494,0.002208
0,-1.520165,-0.439736,0.450692,0.071461,0.449289,0.068414,0.001556,0.002057
0,-0.878071,-0.161584,0.666548,0.281986,0.708439,0.263982,0.001527,0.002797
0,-0.477509,0.082063,0.418663,0.240082,0.463159,0.193264,0.002717,0.001432
0,-0.522785,0.291347,-0.038754,0.194184,0.008877,0.148311,0.002111,0.000533
0,-0.044473,0.184195,0.503692,-0.121962,0.510368,-0.109472,0.000776,0.002403
0,-0.181272,0.378601,-0.162253,0.21388,-0.137633,0.242467,0.002454,0.00099
0,-0.173359,0.241863,-0.017954,-0.129725,0.019976,-0.155387,0.002592,0.001396
0,0.114595,0.345522,0.290514,0.110307,0.268841,0.072696,0.002,0.000413
0,-0.024506,0.160754,-0.117376,-0.181983,-0.162209,-0.208615,0.000428,0.002806
0,-0.045684,0.299679,-0.018472,0.128341,-0.039349,0.123737,0.000797,0.000387
0,-0.03862,0.34805,0.003758,0.031153,0.011524,0.036811,0.000674,0.000457
0,0.016982,0.142673,0.06872,-0.206229,0.051454,-0.207959,0.000296,0.00249
0,-0.168779,0.006858,-0.215744,-0.14959,-0.221853,-0.13204,0.002672,0.00012
0,-0.233841,0.109039,-0.048091,0.099165,-0.088822,0.115947,0.001536,0.001903
0,0.002231,0.165572,0.240246,0.035901,0.204737,0.043612,3.9e-05,0.002728
0,-0.001522,0.128513,-0.019097,-0.029798,-0.004468,0.003049,2.7e-05,0.002243
0,0.009625,0.059483,-0.010964,-0.057976,-0.016173,-0.042047,0.000168,0.001038
0,-0.130266,0.131324,-0.139794,0.092237,-0.1207,0.06585,0.002274,0.002292
0,0.044309,0.271512,0.19578,0.169296,0.226902,0.158674,0.000773,0.000879
0,-0.0705,0.230332,-0.102836,-0.015844,-0.068608,-0.047927,0.00123,0.001597
0,0.083418,0.286293,0.149843,0.070879,0.15165,0.106055,0.001456,0.000621
0,-0.123381,0.249738,-0.223002,-0.040808,-0.260472,-0.001527,0.002153,0.001259
0,-0.232128,0.092722,-0.091229,-0.18539,-0.127777,-0.165945,0.001566,0.001618
0,-0.159679,0.028788,0.090883,-0.071782,0.064536,-0.069229,0.002787,0.000502
0,-0.067379,0.231133,0.064454,0.201653,0.021013,0.242546,0.001176,0.001583
0,-0.112928,0.132761,-0.034894,-0.124308,0.009853,-0.13202,0.001971,0.002317
0,-0.016824,0.164642,0.08746,0.055179,0.081496,0.081914,0.000294,0.002744
0,-0.284772,0.045201,-0.260768,-0.147602,-0.268151,-0.170346,0.000647,0.000789
0,0.007824,0.170275,0.266405,0.113264,0.278735,0.130589,0.000137,0.002646
0,-0.002874,0.010062,-0.03727,-0.147688,-0.030885,-0.164772,5e-05,0.000176
0,-0.164992,0.099974,-0.172424,0.065025,-0.184615,0.042072,0.002738,0.001745
0,0.029284,0.154257,0.186166,0.042872,0.163781,0.06384,0.000511,0.002692
0,-0.110946,0.054566,-0.153087,-0.123191,-0.122753,-0.074014,0.001936,0.000952
0,-0.00755,-0.070452,0.102842,-0.122627,0.059808,-0.113088,0.000132,0.00123
0,-0.162792,0.022089,-0.137673,0.069968,-0.109152,0.035211,0.002776,0.000386
0,-0.098963,0.150193,0.043351,0.134476,0.056603,0.094508,0.001727,0.002621
0,-0.15492,0.052018,-0.080642,-0.080825,-0.103703,-0.070616,0.002704,0.000908
0,0.058729,0.211178,0.187783,0.163873,0.151276,0.187091,0.001025,0.001932
0,-0.112526,0.061324,-0.189517,-0.129713,-0.199385,-0.097754,0.001964,0.00107
0,0.139046,0.24236,0.279067,0.186452,0.260602,0.234,0.002427,0.001388
0,-0.098628,0.036726,-0.258377,-0.220542,-0.23957,-0.252344,0.001721,0.000641
0,0.151751,0.232066,0.22587,0.183031,0.226602,0.149812,0.002649,0.001567
0,0.16514,0.255866,-0.003785,0.03329,0.030116,0.032431,0.002735,0.001152
0,0.185651,0.109886,0.046356,-0.155078,0.06783,-0.190474,0.002377,0.001918
0,-0.088424,0.081352,-0.284895,-0.054655,-0.299204,-0.100172,0.001543,0.00142
0,0.013972,0.025209,0.076916,-0.071149,0.063577,-0.103023,0.000244,0.00044
0,0.189547,-0.003847,0.175527,-0.046315,0.209505,-0.04654,0.002309,6.7e-05
0,-0.009978,0.182263,-0.22036,0.178834,-0.222071,0.198225,0.000174,0.002436
0,0.014875,0.09372,0.020758,-0.070801,0.066292,-0.064912,0.00026,0.001636
0,0.095607,0.03202,0.072945,-0.075203,0.024602,-0.067111,0.001669,0.000559
0,0.034401,0.165974,-0.079908,0.159372,-0.127945,0.158963,0.0006,0.002721
0,0.168724,0.178452,0.122784,-0.01697,0.149837,-0.015714,0.002673,0.002503
0,-0.053324,-0.052957,-0.210467,-0.247114,-0.210749,-0.274793,0.000931,0.000924
0,0.212332,0.169169,0.277828,0.198023,0.281235,0.153894,0.001912,0.002665
0,-0.060856,0.057284,-0.290409,-0.124885,-0.252331,-0.154351,0.001062,0.001
0,0.12603,0.141782,0.202796,0.109123,0.198848,0.15459,0.0022,0.002475
0,0.001652,0.190084,-0.151593,0.058469,-0.143196,0.019784,2.9e-05,0.0023
0,-0.134612,0.09271,-0.140304,-0.120808,-0.132003,-0.104755,0.002349,0.001618
0,-0.13111,0.045459,0.011277,-0.037473,0.054174,-0.007971,0.002288,0.000793
0,-0.149729,0.197314,-0.032996,0.123466,0.015508,0.15159,0.002613,0.002174
0,-0.090381,0.043979,0.081774,-0.130216,0.095854,-0.125026,0.001577,0.000768
0,0.634409,-0.234272,0.743786,-0.260501,0.769738,-0.289927,0.000162,0.001529
0,0.209721,-2.201301,-0.419912,-1.983816,-0.38423,-1.93414,0.001957,0.000903
0,-0.528544,-2.36208,-0.717878,-0.184705,-0.74439,-0.179615,0.00201,0.001904
0,-0.704376,-3.694329,-0.164076,-1.322092,-0.182818,-1.314645,0.001059,0.002686
0,-0.732848,-3.048354,-0.048548,0.630142,-0.058593,0.651887,0.001556,0.002646
0,-0.901407,-2.635859,-0.152756,0.400996,-0.143808,0.430375,0.00112,0.001064
0,-0.723381,-1.911891,0.179881,0.718809,0.176604,0.69663,0.00139,0.000336
0,-0.746338,-1.630035,-0.014203,0.311442,-0.025879,0.295461,0.001791,0.000362
0,-0.404301,-0.803388,0.351553,0.81881,0.321168,0.825066,0.001439,0.002787
0,-0.398874,-0.607813,-0.008822,0.211254,-0.052185,0.211288,0.001344,0.000627
0,-0.148385,-0.24092,0.261945,0.380607,0.219153,0.367548,0.00259,0.001413
0,-0.177967,0.187246,-0.004276,0.448654,-0.022319,0.439585,0.002511,0.002349
0,0.047545,0.162846,0.244822,-0.023419,0.202474,-0.033278,0.00083,0.002775
0,-0.132537,0.130847,-0.179285,-0.040464,-0.186571,-0.028928,0.002313,0.002284
0,0.059278,0.112715,0.163746,0.006405,0.201742,0.02487,0.001035,0.001967
0,0.163519,0.303143,0.095344,0.196537,0.077411,0.161254,0.002764,0.000327
0,-0.005888,0.088103,-0.19858,-0.208751,-0.182138,-0.254409,0.000103,0.001538
0,-0.121143,0.241448,-0.119252,0.182125,-0.079008,0.155432,0.002114,0.001403
0,-0.026211,0.199861,0.066266,-0.033007,0.043634,0.005149,0.000457,0.002129
0,0.133981,0.162309,0.176545,-0.065976,0.1872,-0.042034,0.002338,0.002785
0,-0.090896,-0.059831,-0.24046,-0.213981,-0.217103,-0.204133,0.001586,0.001044
0,0.055333,0.003691,0.135009,0.07235,0.165885,0.033847,0.000966,6.4e-05
0,-0.060884,-0.014055,-0.106337,0.010933,-0.154672,0.037779,0.001063,0.000245
0,-0.158521,0.068685,-0.072095,0.103004,-0.048904,0.111643,0.002767,0.001199
0,0.026054,0.028006,0.188047,-0.046975,0.21548,-0.033281,0.000455,0.000489
0,0.069589,-0.082747,0.046104,-0.118243,0.005501,-0.072153,0.001215,0.001444
0,0.031999,-0.052921,-0.040172,0.034958,-0.056729,0.07291,0.000558,0.000924
0,-0.080586,-0.034662,-0.1222,0.04663,-0.079975,0.083372,0.001406,0.000605
0,0.031927,-0.117115,0.115125,-0.095114,0.083985,-0.090177,0.000557,0.002044
0,-0.081196,0.062721,-0.116854,0.169607,-0.145128,0.215277,0.001417,0.001095
0,0.117759,-0.137604,0.223807,-0.17385,0.260289,-0.169917,0.002055,0.002402
0,-0.085142,0.078997,-0.18364,0.18706,-0.207553,0.192596,0.001486,0.001379
0,-0.016472,-0.224292,0.055758,-0.274886,0.069087,-0.277462,0.000287,0.001703
0,-0.118326,-0.048126,-0.077229,0.205591,-0.076461,0.159717,0.002065,0.00084
0,-0.132146,0.024952,0.002129,0.048055,-0.040201,0.011305,0.002306,0.000435
0,-0.198736,-0.126837,-0.083756,-0.179944,-0.054679,-0.144409,0.002149,0.002214
0,-0.028117,-0.025409,0.186586,0.110562,0.180701,0.147309,0.000491,0.000443
0,-0.069575,0.061346,-0.069908,0.073921,-0.052263,0.075041,0.001214,0.001071
0,0.014198,0.045352,0.097847,-0.000985,0.080995,-0.050511,0.000248,0.000792
0,-0.164738,-0.106657,-0.184328,-0.176523,-0.188184,-0.22223,0.002742,0.001862
0,-0.213426,-0.129699,-0.063717,-0.000537,-0.037374,-0.003407,0.001893,0.002264
0,-0.252027,-0.043178,-0.038324,0.083477,-0.025882,0.132605,0.001219,0.000754
0,-0.197892,-0.084975,0.027251,-0.070957,0.056329,-0.092973,0.002164,0.001483
0,0.004218,0.090587,0.225139,0.194687,0.194559,0.150033,7.4e-05,0.001581
0,-0.10993,-0.016532,-0.139821,-0.134852,-0.114254,-0.139455,0.001919,0.000289
0,-0.045414,0.035311,0.03867,0.033144,-0.004531,0.002762,0.000793,0.000616
0,-0.163545,0.148109,-0.132653,0.129246,-0.167313,0.153437,0.002763,0.002585
0,-0.030747,0.024748,0.157066,-0.127764,0.146761,-0.142487,0.000537,0.000432
0,-0.229055,-0.075527,-0.218104,-0.106057,-0.223632,-0.081261,0.00162,0.001318
0,-0.119319,-0.064467,0.084113,-0.001695,0.125996,-0.03752,0.002083,0.001125
0,-0.021992,0.021731,0.087006,0.115823,0.104721,0.098713,0.000384,0.000379
0,0.02915,-0.167012,0.03434,-0.217223,0.007212,-0.199865,0.000509,0.002703
0,0.00306,-0.149018,-0.017884,-0.004362,0.001578,-0.051766,5.3e-05,0.002601
0,-0.070464,0.018083,-0.05417,0.140045,-0.006971,0.132433,0.00123,0.000316
0,-0.004016,-0.178594,0.049381,-0.203164,0.072465,-0.181518,7e-05,0.0025
0,-0.171591,-0.112236,-0.192649,0.086967,-0.156852,0.109862,0.002623,0.001959
0,-0.05564,0.008742,0.14555,0.145915,0.132812,0.108781,0.000971,0.000153
0,-0.043116,0.016995,0.02085,0.027923,-0.021811,0.048097,0.000753,0.000297
0,0.094895,-0.198062,0.157245,-0.220801,0.195132,-0.24774,0.001656,0.002161
0,0.006525,-0.094697,-0.087979,0.126151,-0.07342,0.107789,0.000114,0.001653
0,-0.040483,-0.075176,-0.049192,0.010231,-0.057472,0.058217,0.000707,0.001312
0,0.091679,-0.117576,0.110468,-0.071495,0.147339,-0.048232,0.0016,0.002052
0,0.103265,0.021032,0.011006,0.11875,0.038686,0.08041,0.001802,0.000367
0,0.066868,0.085249,-0.065003,0.080129,-0.04364,0.120955,0.001167,0.001488
0,0.139639,-0.207176,0.06816,-0.273257,0.052119,-0.295205,0.002437,0.002002
0,0.122847,-0.044337,-0.010504,0.179542,-0.052249,0.225761,0.002144,0.000774
0,0.032568,0.062015,-0.092891,0.121643,-0.11661,0.127338,0.000568,0.001082
0,-0.04331,0.047053,-0.082233,-0.026129,-0.088042,-0.014068,0.000756,0.000821
0,-0.021219,-0.147443,0.022194,-0.183394,-0.002221,-0.205544,0.00037,0.002573
0,-0.058064,-0.023448,-0.051848,0.117171,-0.036751,0.154952,0.001013,0.000409
0,0.013357,-0.111403,0.063991,-0.080606,0.041457,-0.064145,0.000233,0.001944
0,-0.122936,-0.168278,-0.134415,-0.077849,-0.140832,-0.056212,0.002146,0.002681
0,-0.079962,-0.177182,0.021099,0.00721,0.0345,0.051761,0.001396,0.002525
0,-0.021012,0.037203,0.078801,0.213448,0.074666,0.247287,0.000367,0.000649
0,-0.014743,-0.184591,0.009482,-0.204274,0.034869,-0.197621,0.000257,0.002396
0,0.159543,0.092792,0.177884,0.29925,0.132908,0.309129,0.002785,0.00162
0,0.004303,0.011366,-0.136729,-0.106855,-0.111167,-0.118256,7.5e-05,0.000198
0,0.036432,-0.01869,0.038706,-0.033863,0.062427,-0.030281,0.000636,0.000326
0,-0.130439,0.017989,-0.164565,0.008846,-0.200714,-0.027507,0.002277,0.000314
0,-0.003038,-0.157078,0.1569,-0.154434,0.187452,-0.131251,5.3e-05,0.002742
0,-0.256736,-0.134625,-0.249896,0.026738,-0.217113,0.000765,0.001137,0.00235
0,-0.175066,-0.08951,0.093075,0.041483,0.076052,0.048855,0.002562,0.001562
0,-0.128465,-0.099686,0.025904,-0.016507,0.01597,0.024889,0.002242,0.00174
0,-0.073035,-0.071916,0.062583,0.016573,0.040899,0.048338,0.001275,0.001255
0,-0.017536,-0.168979,0.041151,-0.098675,0.0622,-0.085464,0.000306,0.002668
0,-0.242481,-0.147482,-0.197249,0.038771,-0.189102,0.000576,0.001385,0.002574
0,-0.1999,0.111279,0.047388,0.287148,0.02278,0.320166,0.002129,0.001942
0,-0.113984,0.095575,0.097177,0.00111,0.051348,0.015453,0.001989,0.001668
0,-0.106901,-0.142526,-0.020069,-0.208841,0.006524,-0.167657,0.001866,0.002488
0,-0.200192,5.3e-05,-0.076547,0.151845,-0.079524,0.124843,0.002123,1e-06
0,-0.247321,-0.145239,-0.033845,-0.121461,-0.040556,-0.118368,0.001301,0.002535
0,-0.200791,-0.091816,0.025757,0.0249,0.030147,0.038718,0.002113,0.001602
0,-0.204789,0.096972,0.022686,0.171772,0.032851,0.137996,0.002043,0.001692
0,-0.120128,0.073038,0.080321,-0.047344,0.08402,-0.030435,0.002097,0.001275
0,-0.241768,0.078929,-0.115704,0.027339,-0.108823,0.031503,0.001398,0.001378
0,-0.003637,0.067152,0.22771,-0.028871,0.20501,-0.030357,6.3e-05,0.001172
0,-0.106613,-0.106866,-0.090241,-0.192667,-0.13892,-0.171599,0.001861,0.001865
0,-0.070466,-0.006337,0.059472,0.077272,0.092281,0.10924,0.00123,0.000111
0,-3.026442,0.203232,-2.936274,0.196888,-2.921145,0.164369,0.002264,0.00207
0,-3.111359,-0.030767,-0.11334,-0.256671,-0.09689,-0.304008,0.001872,0.000537
0,-2.822903,0.070232,0.265385,0.130669,0.294406,0.144562,0.001289,0.001226
0,-3.221525,0.364334,-0.388828,0.275643,-0.373845,0.266533,5.1e-05,0.000741
0,-3.122125,0.331219,0.106752,-0.057764,0.141307,-0.05267,0.001684,0.000163
0,-2.382257,0.298294,0.769262,-0.035308,0.783767,-0.075007,0.002256,0.000411
0,-1.826309,-0.70128,0.532886,-1.020974,0.54029,-1.012886,0.00183,0.001005
0,-1.792972,-1.322829,0.058342,-0.599653,0.009637,-0.55771,0.002412,0.000618
0,-1.286812,-1.625432,0.485291,-0.273664,0.458874,-0.321441,0.002795,0.000282
0,-9.1167,-2.125726,-7.849936,-0.509052,-7.885613,-0.466482,0.001826,0.002222
0,-8.980507,-2.021119,0.152151,0.110557,0.131733,0.152617,0.000551,0.00157
0,-9.099641,-1.665788,-0.112278,0.364506,-0.079272,0.385907,0.001528,0.000986
0,-8.936864,-1.145875,0.164076,0.513845,0.193121,0.480483,0.001313,0.002471
0,-8.86496,-0.837433,0.092035,0.309995,0.066118,0.264732,0.002567,0.002237
0,-8.975793,-0.547885,-0.10849,0.294675,-0.060498,0.25133,0.000633,0.001673
0,-9.006987,-0.375677,-0.049061,0.192429,-0.027029,0.176988,8.9e-05,0.000939
0,-9.072406,0.033055,-0.046441,0.39922,-0.052115,0.353727,0.001053,0.000577
0,-8.890795,0.03198,0.195527,-0.014315,0.238377,0.017706,0.002117,0.000558
0,-9.077614,-0.017357,-0.159262,-0.034518,-0.143492,-0.058638,0.001144,0.000303
0,-9.056554,-0.074295,0.009522,-0.075139,0.025604,-0.050911,0.000776,0.001297
0,-9.020742,0.177741,0.011335,0.233274,-0.024828,0.202191,0.000151,0.002515
0,-8.869012,0.065392,0.146564,-0.109349,0.161025,-0.100109,0.002497,0.001141
0,-9.082744,-0.055818,-0.220471,-0.108296,-0.208509,-0.081225,0.001234,0.000974
0,-8.85412,0.109554,0.249893,0.146625,0.242887,0.137144,0.002757,0.001912
0,-8.907149,-0.024673,-0.060422,-0.149212,-0.04592,-0.165615,0.001831,0.000431
0,-8.964759,0.056593,-0.077713,0.084063,-0.093301,0.112892,0.000826,0.000988
0,-9.042461,0.126818,-0.099582,0.074163,-0.094478,0.040943,0.00053,0.002213
0,-9.01109,0.184783,0.009982,0.066314,0.01653,0.031597,1.7e-05,0.002392
0,-8.479981,-0.01771,0.556245,-0.186502,0.55524,-0.150433,0.001948,0.000309
0,-8.051663,-0.111467,0.419182,-0.093191,0.44674,-0.049945,9e-05,0.001945
0,-7.560743,0.13394,0.502317,0.273864,0.547516,0.304437,0.002757,0.002338
0,-7.275058,-0.043867,0.29702,-0.175162,0.274301,-0.12883,0.002229,0.000766
0,-6.937999,0.132004,0.366996,0.158402,0.401342,0.173642,0.002494,0.002304
0,-6.28673,-0.071284,0.667091,-0.177259,0.638474,-0.148376,0.002626,0.001244
0,-6.138283,0.218892,0.169957,0.284989,0.187366,0.287287,0.000401,0.001797
0,-5.851165,-0.106746,0.261645,-0.304386,0.292733,-0.321435,0.001007,0.001863
0,-5.490052,0.00912,0.341137,0.093829,0.34787,0.049573,0.000322,0.000159
0,-5.264845,-0.066175,0.195912,-0.104223,0.187243,-0.058309,0.002009,0.001155
0,-4.827287,-0.088245,0.456963,-0.043016,0.419366,-0.047735,1.1e-05,0.00154
0,-4.71165,0.048965,0.130186,0.126212,0.115601,0.148655,0.002029,0.000855
0,-4.35693,0.157866,0.32666,0.096328,0.312232,0.090144,0.002602,0.002755
0,-4.070798,0.154278,0.266639,-0.018752,0.230765,-0.051652,0.001979,0.002693
0,-3.812816,0.10631,0.228237,-0.039202,0.273833,-0.001343,0.000864,0.001855
0,-3.66454,-0.074111,0.166492,-0.200279,0.191598,-0.161759,0.002166,0.001293
0,-3.561663,0.011619,0.090405,0.087559,0.13082,0.070314,0.00037,0.000203
0,-3.404879,0.093227,0.17635,0.094885,0.17476,0.055784,0.002366,0.001627
0,-3.365972,0.066892,0.059436,-0.018702,0.048827,-0.011871,0.002572,0.001167
0,-3.041737,-0.010372,0.342181,-0.096409,0.38111,-0.050095,0.002531,0.000181
0,-2.928085,0.057828,0.11656,0.047256,0.134612,0.059828,0.000547,0.001009
0,-2.850489,0.04669,0.051916,-0.025736,0.082933,-0.055976,0.000807,0.000815
0,-2.506685,0.039543,0.369614,-3.6e-05,0.358158,0.03453,0.00119,0.00069
0,-2.442806,0.160232,0.055784,0.131521,0.048536,0.130956,0.002305,0.002797
0,-2.216585,0.065073,0.251199,-0.089332,0.201302,-0.126376,0.000636,0.001136
0,-2.095637,-0.067673,0.114969,-0.108668,0.134449,-0.086379,0.002747,0.001181
0,-2.056928,0.144874,0.022573,0.237223,-0.018971,0.252701,0.002195,0.002529
0,-1.995495,-0.013208,0.038703,-0.180888,0.013593,-0.145243,0.001123,0.000231
0,-2.067056,0.159919,-0.086731,0.181878,-0.075067,0.135411,0.002372,0.002791
0,-1.74254,-0.092585,0.348127,-0.237195,0.333654,-0.265203,0.002326,0.001616
0,-1.672532,0.140032,0.090487,0.251466,0.04826,0.290476,0.001104,0.002444
0,-1.554997,0.01707,0.126216,-0.102068,0.152339,-0.065469,0.000948,0.000298
0,-1.701686,0.025873,-0.125379,0.032837,-0.158616,0.049636,0.001612,0.000452
0,-1.494126,-0.019341,0.196574,-0.02445,0.184583,-0.03163,0.00201,0.000338
0,-1.532996,0.065469,-0.02896,0.085087,-0.031606,0.043658,0.001332,0.001143
0,-1.539553,0.070743,-0.034593,0.021948,-0.034128,0.051744,0.001217,0.001235
0,-1.249854,-0.103167,0.301055,-0.187668,0.31573,-0.142599,0.000656,0.001801
0,-1.264103,-0.076249,-0.018269,0.03453,-0.052603,0.061722,0.000407,0.001331
0,-1.265073,0.039557,0.023206,0.094988,0.036085,0.1029,0.00039,0.00069
0,-1.210967,0.067478,0.059482,0.006389,0.062587,-0.021017,0.001335,0.001178
0,-1.185664,-0.109334,0.013515,-0.173024,0.043883,-0.221756,0.001776,0.001908
0,-0.968634,-0.032068,0.189442,0.076809,0.165723,0.120458,5.3e-05,0.00056
0,-0.917491,0.140013,0.022337,0.191219,0.066902,0.216941,0.000839,0.002444
0,-1.119335,-0.002362,-0.216742,-0.158912,-0.199766,-0.206557,0.002684,4.1e-05
0,-0.935278,0.111086,0.181253,0.084802,0.194089,0.127028,0.000529,0.001939
0,-0.88352,0.152842,0.031038,0.027704,0.077025,0.00103,0.001432,0.002668
0,-0.900331,-0.046317,-0.035331,-0.228269,-0.059315,-0.199257,0.001139,0.000808
0,-0.701782,-0.028672,0.227457,-0.010996,0.180719,0.012949,0.001013,0.0005
0,-0.813016,0.145536,-0.11233,0.146212,-0.068379,0.098943,0.002663,0.00254
0,-0.741688,-0.018381,0.073437,-0.148869,0.10247,-0.138308,0.00171,0.000321
0,-0.753237,0.11547,0.001706,0.129514,-0.035062,0.082869,0.001911,0.002015
0,-0.667028,-0.004728,0.096124,-0.122536,0.061978,-0.16934,0.000407,8.3e-05
0,-0.652619,-0.107058,0.041493,-0.112427,0.003549,-0.128204,0.000155,0.001869
0,-0.813463,0.15641,-0.18292,0.280313,-0.151353,0.292016,0.002655,0.00273
0,-0.728544,0.038042,0.112686,-0.130511,0.080828,-0.116349,0.00148,0.000664
0,-0.485185,-0.060175,0.259255,-0.077765,0.23541,-0.125318,0.002767,0.00105
0,-0.664726,0.104903,-0.168101,0.164905,-0.200317,0.211248,0.000367,0.001831
0,-0.563483,0.147629,0.079622,0.044113,0.122998,0.091657,0.0014,0.002577
0,-0.518566,0.112421,0.02439,-0.063409,0.032142,-0.057333,0.002184,0.001962
0,-0.309373,-0.019096,0.196588,-0.114078,0.163948,-0.086325,0.000218,0.000333
0,-0.510371,0.172524,-0.222058,0.168911,-0.229724,0.13055,0.002327,0.002606
0,-0.507405,0.159428,-0.013982,-0.019779,0.030188,-0.018685,0.002379,0.002783
0,-0.431605,0.035372,0.054715,-0.147971,0.008697,-0.101155,0.001915,0.000617
0,-0.466459,0.138993,-0.030433,0.127067,-0.070314,0.08666,0.002524,0.002426
0,-0.379594,-0.058805,0.062618,-0.220512,0.097609,-0.21142,0.001008,0.001026
0,-0.330172,0.176388,0.079038,0.213812,0.101213,0.219396,0.000145,0.002539
0,-0.264778,0.052639,0.076971,-0.097575,0.046639,-0.066348,0.000996,0.000919
0,-0.353591,0.020655,-0.11456,-0.059872,-0.081695,-0.01439,0.000554,0.00036
0,-0.454518,-0.05825,-0.119267,-0.105415,-0.108408,-0.113581,0.002315,0.001017
0,-0.389594,0.093497,0.075152,0.150043,0.096699,0.187834,0.001182,0.001632
0,-0.401069,0.117119,0.002183,0.02772,0.021382,0.049354,0.001382,0.002044
0,-0.302285,0.008961,0.070575,-0.093342,0.115658,-0.129038,0.000342,0.000156
0,-0.29585,-0.037056,-0.003372,-0.046338,0.016395,-0.026629,0.000454,0.000647
0,-0.459444,-0.073026,-0.178003,-0.060321,-0.172622,-0.01672,0.002401,0.001275
0,-0.314252,0.08993,0.162889,0.188864,0.150093,0.151992,0.000133,0.00157
0,-0.187843,0.159155,0.140789,0.051079,0.094182,0.0406,0.002339,0.002778
0,-0.228961,0.028164,-0.057899,-0.141104,-0.012103,-0.104017,0.001621,0.000492
0,-0.310962,0.073615,-0.065131,0.048993,-0.027482,0.019636,0.00019,0.001285
0,-0.20218,0.177101,0.107686,0.102169,0.084576,0.069792,0.002089,0.002527
0,-0.437379,0.058622,-0.246093,-0.100857,-0.247923,-0.093125,0.002016,0.001023
0,-0.281982,0.131027,0.164587,0.047518,0.187795,0.09223,0.000696,0.002287
0,-0.187905,0.166593,0.106426,0.033106,0.127448,0.079311,0.002338,0.00271
0,-0.224262,0.173011,-0.037543,0.011268,0.00019,-0.025942,0.001703,0.002598
0,-0.22956,0.081082,-0.021103,-0.078427,-0.009082,-0.041284,0.001611,0.001415
0,-0.271156,0.143211,-0.019918,0.089292,-0.032949,0.113702,0.000885,0.002499
0,-0.110163,0.070136,0.170817,-0.076245,0.14118,-0.093268,0.001923,0.001224
0,-0.319984,-0.082383,-0.195998,-0.156767,-0.229684,-0.114607,3.3e-05,0.001438
0,-0.077974,-0.066497,0.244155,0.030487,0.20504,0.055233,0.001361,0.001161
0,-0.148044,-0.021984,-0.08098,0.062149,-0.050179,0.059586,0.002584,0.000384
0,-0.183911,0.008166,-0.045609,0.009336,-0.045966,0.04548,0.002408,0.000143
0,-0.258306,-0.004088,-0.075001,-0.019344,-0.084668,-0.062344,0.001109,7.1e-05
0,-0.144623,0.142954,0.117876,0.154651,0.089584,0.127635,0.002524,0.002495
0,-0.274709,0.106694,-0.125301,-0.045743,-0.076167,-0.004366,0.000823,0.001862
0,-0.016911,-0.086536,0.280887,-0.180526,0.244776,-0.208261,0.000295,0.00151
0,-0.120402,0.037054,-0.08027,0.124582,-0.055453,0.130157,0.002101,0.000647
0,-0.025161,0.01404,0.117713,-0.043854,0.114031,-0.017144,0.000439,0.000245
0,-0.112516,0.098209,-0.091857,0.092042,-0.055487,0.09005,0.001964,0.001714
0,-0.057722,0.05083,0.077989,-0.074266,0.058086,-0.060434,0.001007,0.000887
0,-0.159768,0.100337,-0.106078,0.021729,-0.093583,0.00588,0.002788,0.001751
0,0.002984,0.120766,0.150812,-0.00789,0.170052,0.02178,5.2e-05,0.002108
0,-0.020553,0.082121,-0.013412,-0.025702,-0.048659,-0.065947,0.000359,0.001433
0,-0.147716,-0.03436,-0.124846,-0.145341,-0.167722,-0.123458,0.002578,0.0006
0,-0.25551,0.0674,-0.136256,0.072294,-0.113179,0.040362,0.001158,0.001176
0,-0.138679,-0.152088,0.093657,-0.193022,0.069098,-0.217071,0.00242,0.002654
0,-0.081623,0.029176,0.070658,0.184012,0.099856,0.147473,0.001425,0.000509
0,-0.151203,0.122146,-0.078325,0.11113,-0.065539,0.08384,0.002639,0.002132
0,-0.170057,0.113381,-0.025774,0.003861,0.000725,0.042581,0.002649,0.001979
0,-0.239575,0.101403,-0.067988,0.008352,-0.035796,-0.035095,0.001436,0.00177
0,-0.190676,-0.097844,0.043839,-0.223754,0.078942,-0.183175,0.00229,0.001708
0,-0.244372,0.132189,-0.049864,0.243048,-0.08424,0.198645,0.001352,0.002307
0,-0.071941,-0.069708,0.197869,-0.179512,0.230783,-0.180954,0.001256,0.001217
0,-0.009109,0.045302,0.072592,0.087575,0.07836,0.097205,0.000159,0.000791
0,0.004819,-0.021474,0.006954,-0.080793,-0.018379,-0.039819,8.4e-05,0.000375
0,-0.146092,0.055684,-0.177404,0.061093,-0.14336,0.028306,0.00255,0.000972
0,-0.005125,-0.004763,0.136069,-0.047462,0.132748,-0.051294,8.9e-05,8.3e-05
0,-0.112002,0.141428,-0.096864,0.133296,-0.072799,0.108392,0.001955,0.002468
0,-0.039914,0.021915,0.086344,-0.12779,0.086842,-0.154173,0.000697,0.000382
0,-0.080255,0.113808,-0.061334,0.08477,-0.037348,0.035925,0.001401,0.001986
0,-0.276724,0.149735,-0.187144,0.065885,-0.21317,0.115017,0.000788,0.002613
0,-0.172186,0.11972,0.13002,-0.024721,0.134587,-0.057761,0.002612,0.00209
0,-0.303259,-0.059919,-0.109662,-0.170219,-0.095321,-0.198865,0.000325,0.001046
0,-0.230951,0.107705,0.079763,0.193419,0.054585,0.181332,0.001587,0.00188
0,-0.02974,-0.110579,0.213395,-0.21565,0.185409,-0.208949,0.000519,0.00193
0,-0.26057,-0.102069,-0.233232,0.004952,-0.211179,0.009089,0.00107,0.001781
0,-0.211494,-0.056407,0.036424,0.015915,0.023441,0.032783,0.001926,0.000984
0,-0.211729,-0.041776,-0.009887,0.040701,-0.039581,-0.003249,0.001922,0.000729
0,-0.188114,0.003938,0.020705,0.031725,0.040445,0.011219,0.002334,6.9e-05
0,-0.158856,-0.017614,0.022189,-0.024333,0.053838,-0.026279,0.002773,0.000307
0,-0.133509,-0.047853,0.027925,-0.024092,0.073354,0.022841,0.00233,0.000835
0,0.067279,0.103903,0.17182,0.179458,0.172728,0.153922,0.001174,0.001813
0,0.027104,-0.087936,-0.031543,-0.200376,-0.005113,-0.169769,0.000473,0.001535
0,-0.110079,0.092842,-0.110858,0.163677,-0.114209,0.17847,0.001921,0.00162
0,0.063442,0.175428,0.197966,0.05624,0.22926,0.074228,0.001107,0.002556
0,-0.048726,0.047878,-0.086676,-0.104721,-0.037118,-0.103079,0.00085,0.000836
0,0.205782,-0.071662,0.271146,-0.124693,0.225801,-0.136893,0.002026,0.001251
0,0.073239,-0.087234,-0.126771,0.011643,-0.084121,0.060533,0.001278,0.001523
0,0.134533,0.054679,0.05979,0.149524,0.046852,0.153027,0.002348,0.000954
0,0.120175,-0.097662,-0.035092,-0.130804,-0.022533,-0.130088,0.002097,0.001705
0,0.020962,0.093514,-0.120231,0.198606,-0.087483,0.205839,0.000366,0.001632
0,0.120503,0.014514,0.128303,-0.068334,0.137182,-0.077541,0.002103,0.000253
0,-0.091032,0.092311,-0.194096,0.085482,-0.146554,0.050454,0.001589,0.001611
0,-0.138075,0.004552,-0.0644,-0.107809,-0.021669,-0.110686,0.00241,7.9e-05
0,-0.089639,-0.003998,0.060229,-0.027222,0.027276,-0.022101,0.001564,7e-05
0,0.122457,-0.136715,0.208989,-0.159607,0.191036,-0.192171,0.002137,0.002386
0,-0.117313,0.080104,-0.211357,0.204286,-0.233986,0.188886,0.002047,0.001398
0,0.049798,0.085354,0.146317,0.013882,0.134641,-0.015133,0.000869,0.00149
0,-0.571979,-1.179599,-0.649441,-1.243866,-0.621614,-1.239898,0.001252,0.001882
0,-0.754758,-1.582191,-0.173646,-0.384718,-0.194921,-0.362321,0.001938,0.000473
0,-0.62788,-1.567628,0.105965,-0.010302,0.108935,0.038913,0.000276,0.000727
0,-0.66871,-2.22898,-0.06425,-0.643509,-0.03955,-0.675853,0.000436,0.00042
0,-0.905354,-2.125193,-0.260228,0.095796,-0.243633,0.065586,0.001051,0.002231
0,-0.683632,-1.845039,0.204599,0.253825,0.233689,0.302497,0.000697,0.001503
0,-0.459017,-1.709716,0.231646,0.129809,0.242195,0.081709,0.002394,0.001753
0,-0.323767,-1.202362,0.146513,0.492373,0.17396,0.493684,3.3e-05,0.001485
0,-0.353969,-0.767977,-0.017442,0.412748,-0.012639,0.37473,0.00056,0.002169
0,-0.297163,-0.617574,0.032833,0.121607,-0.009712,0.07267,0.000431,0.000456
0,-0.343659,-0.623196,-0.044751,-0.026723,-0.039648,-0.074962,0.00038,0.000358
0,-0.08636,-0.65038,0.258734,-0.046408,0.247141,-0.029192,0.001507,0.000116
0,-0.23326,-0.435753,-0.144584,0.193014,-0.109648,0.173119,0.001546,0.001988
0,-0.208027,-0.562143,0.008388,-0.130349,0.051767,-0.138919,0.001987,0.001424
0,-0.268603,-0.601819,-0.084145,-0.053141,-0.076025,-0.018723,0.00093,0.000731
0,-0.089942,-0.376157,0.153111,0.224778,0.124251,0.235878,0.00157,0.000948
0,0.059085,-0.343974,0.150445,0.00667,0.184486,0.038997,0.001031,0.000386
0,0.024529,-0.418702,-0.032458,-0.075633,-0.047743,-0.042317,0.000428,0.00169
0,0.005411,-0.326601,-0.002271,0.093293,0.01156,0.075435,9.4e-05,8.3e-05
0,-0.076788,-0.491821,-0.072039,-0.170215,-0.096037,-0.210595,0.00134,0.002651
0,0.055846,-0.259664,0.150046,0.221488,0.197615,0.201846,0.000975,0.001086
0,0.012759,-0.337787,-0.041045,-0.078754,-0.069964,-0.102226,0.000223,0.000278
0,0.101824,-0.413357,0.076541,-0.066903,0.083313,-0.052636,0.001777,0.001597
0,0.002272,-0.370413,-0.081066,0.039518,-0.034154,0.052766,4e-05,0.000847
0,-0.121121,-0.270843,-0.097072,0.072862,-0.119178,0.042361,0.002114,0.00089
0,-0.078743,-0.326744,0.027074,-0.045411,0.076846,-0.01736,0.001374,8.5e-05
0,-0.233176,-0.130967,-0.12475,0.194504,-0.147829,0.198224,0.001548,0.002286
0,0.014401,-0.120351,0.231267,0.026101,0.188985,0.03883,0.000251,0.002101
0,-0.026553,-0.299256,-0.040264,-0.159071,0.009007,-0.118624,0.000463,0.000395
0,2.162194,-0.412768,2.185718,-0.102445,2.208282,-0.151078,0.001585,0.001587
0,3.151026,-0.579802,0.999843,-0.186409,0.968471,-0.20291,0.001179,0.001116
0,3.62096,-0.348475,0.44797,0.254712,0.445782,0.242381,0.001405,0.000465
0,2.894139,-0.55508,-0.731247,-0.201895,-0.69392,-0.247227,4.5e-05,0.001547
0,2.406251,-0.569105,-0.491973,0.003753,-0.538159,0.039679,0.002674,0.001302
0,2.039718,-0.29343,-0.350358,0.293117,-0.352454,0.302498,0.001895,0.000496
0,1.590627,-0.296638,-0.437494,0.02515,-0.431392,0.03797,0.000326,0.00044
0,1.384588,-0.144373,-0.180523,0.178368,-0.229033,0.139447,0.001696,0.00252
0,1.101077,0.063524,-0.254645,0.22812,-0.213521,0.230949,0.002365,0.001109
0,0.485009,-0.002219,-0.618424,-0.046002,-0.582271,-0.00308,0.00277,3.9e-05
0,0.258339,-0.078268,-0.210792,-0.092834,-0.229785,-0.09324,0.001109,0.001366
0,-0.199606,0.011246,-0.486802,0.069786,-0.445214,0.104724,0.002134,0.000196
0,-0.448073,-0.060142,-0.245263,-0.060085,-0.195443,-0.026694,0.002203,0.00105
0,-0.336198,-0.031252,0.085816,0.052636,0.085833,0.039119,0.00025,0.000545
0,-0.231407,0.035443,0.104054,0.086409,0.104466,0.080454,0.001579,0.000619
0,-0.28827,0.230426,-0.053736,0.191068,-0.014129,0.149381,0.000586,0.001596
0,-0.396428,0.120734,-0.087849,-0.085558,-0.05812,-0.133854,0.001301,0.002107
0,-0.314319,0.083026,0.071303,-0.06217,0.028581,-0.032813,0.000132,0.001449
0,0.047347,-0.090224,0.348439,-0.185235,0.368495,-0.138401,0.000826,0.001575
0,-0.139709,0.148912,-0.20176,0.218188,-0.163734,0.229082,0.002438,0.002599
0,0.08569,0.101063,0.227052,-0.074742,0.254477,-0.094638,0.001496,0.001764
0,-0.036478,0.15586,-0.139778,0.069795,-0.177589,0.081948,0.000637,0.00272
0,0.126765,-0.123119,0.141822,-0.272333,0.145985,-0.232842,0.002212,0.002149
0,-0.011394,0.015546,-0.143759,0.115881,-0.172674,0.108498,0.000199,0.000271
0,0.04793,0.146896,0.077242,0.120669,0.058811,0.138236,0.000837,0.002564
0,0.081086,-0.059984,0.03953,-0.207835,-0.002729,-0.181005,0.001415,0.001047
0,-0.002608,-0.098673,-0.081618,-0.044945,-0.113138,0.004798,4.6e-05,0.001722
0,-0.034474,0.160954,-0.037579,0.256972,-0.01385,0.257102,0.000602,0.002808
0,0.02195,0.184861,0.085988,0.032073,0.129629,-0.016903,0.000383,0.002391
0,0.002532,0.065911,-0.015535,-0.097194,0.005057,-0.061959,4.4e-05,0.00115
0,-0.048439,-0.098373,-0.04231,-0.146141,-0.039527,-0.099362,0.000845,0.001717
0,0.087603,0.021567,0.152062,0.10176,0.135055,0.145313,0.001529,0.000376
0,0.179378,0.182522,0.089623,0.174825,0.139245,0.178092,0.002487,0.002432
0,0.164941,-0.071533,-0.018875,-0.277458,-0.066438,-0.252511,0.002739,0.001248
0,-0.075138,0.120979,-0.224492,0.173721,-0.257032,0.214144,0.001311,0.002111
0,0.080507,0.057518,0.164654,-0.057167,0.145656,-0.077438,0.001405,0.001004
0,-0.039216,0.117748,-0.099492,0.038187,-0.074073,0.007384,0.000684,0.002055
0,-0.025342,0.140926,-0.011048,0.008427,-0.003502,-0.019503,0.000442,0.00246
0,-0.015546,-0.094122,0.010337,-0.247536,-0.028726,-0.206846,0.000271,0.001643
0,0.173333,0.157921,0.208574,0.277784,0.212062,0.31637,0.002592,0.002756
0,0.096161,0.189889,-0.062832,0.024901,-0.099308,0.045472,0.001678,0.002303
0,0.129504,0.132039,0.015863,-0.081574,0.049568,-0.055758,0.00226,0.002305
0,0.037637,-0.099923,-0.096686,-0.225731,-0.095906,-0.178112,0.000657,0.001744
0,0.014475,0.12219,-0.003369,0.214054,0.017435,0.167655,0.000253,0.002133
0,0.100385,0.188981,0.104301,0.086379,0.097475,0.133119,0.001752,0.002319
0,-0.109311,-0.038047,-0.196378,-0.246303,-0.153635,-0.207263,0.001908,0.000664
0,-0.037394,0.052139,0.056203,0.117772,0.065435,0.115229,0.000653,0.00091
0,0.086911,0.003342,0.104371,-0.06342,0.098585,-0.074021,0.001517,5.8e-05
0,-0.128314,-0.001493,-0.240009,0.010104,-0.273399,0.051429,0.00224,2.6e-05
0,-0.070373,-0.033844,0.060601,-0.03454,0.026952,-0.066934,0.001228,0.000591
0,0.077735,0.00445,0.134668,0.052998,0.163773,0.060573,0.001357,7.8e-05
0,-0.089441,-0.139094,-0.151555,-0.136583,-0.123664,-0.171463,0.001561,0.002428
0,0.07569,-0.058749,0.191073,0.090288,0.153217,0.138413,0.001321,0.001025
0,-0.133145,-0.078346,-0.238173,-0.018966,-0.273365,0.003357,0.002324,0.001367
0,-0.012475,-0.019157,0.105522,0.06981,0.099026,0.028096,0.000218,0.000334
0,0.017312,0.097018,0.00483,0.137512,0.037745,0.148265,0.000302,0.001693
0,-0.115976,-0.138039,-0.117922,-0.226605,-0.14755,-0.221019,0.002024,0.002409
0,-0.103488,0.133748,-0.005088,0.255526,-0.001923,0.24224,0.001806,0.002334
0,0.016435,0.065285,0.126795,-0.080253,0.128729,-0.04106,0.000287,0.001139
0,-0.05942,0.000763,-0.078913,-0.050482,-0.085387,-0.067744,0.001037,1.3e-05
0,-0.2159,-0.066651,-0.158883,-0.040597,-0.132176,-0.005942,0.001849,0.001163
0,-0.149412,-0.118738,0.095235,-0.060765,0.109225,-0.039925,0.002608,0.002072
0,0.003328,0.08381,0.169404,0.188597,0.134194,0.15153,5.8e-05,0.001463
0,0.033304,0.160314,0.027154,0.060263,0.02762,0.091291,0.000581,0.002798
0,-0.102069,0.139125,-0.160463,-0.031886,-0.197205,-0.059878,0.001781,0.002428
0,0.036735,-0.061913,0.113647,-0.228935,0.12687,-0.207106,0.000641,0.001081
0,0.022126,-0.058746,-0.00474,-0.012953,-0.043206,-0.017531,0.000386,0.001025
0,0.003762,0.137936,-0.005184,0.205917,-0.003486,0.186041,6.6e-05,0.002407
0,-0.094606,-0.073297,-0.126259,-0.226476,-0.112462,-0.217693,0.001651,0.001279
0,-0.054777,0.019889,0.047619,0.065813,0.028902,0.097917,0.000956,0.000347
0,0.119376,0.059107,0.145189,0.062731,0.166066,0.071094,0.002084,0.001032
0,0.014814,0.07345,-0.120893,0.038313,-0.091928,0.086624,0.000259,0.001282
0,0.00535,-0.047085,-0.021752,-0.127468,-0.014033,-0.111791,9.3e-05,0.000822
0,-0.372135,0.559468,-0.347625,0.611835,-0.297965,0.561938,0.000877,0.00147
0,-0.809312,1.042164,-0.45913,0.464679,-0.452223,0.430569,0.002727,0.001337
0,-0.833572,1.076138,-0.035737,0.051444,-0.071207,0.014873,0.002304,0.00193
0,-0.888303,1.334708,-0.044078,0.256308,-0.008512,0.235402,0.001349,0.000825
0,-0.859771,1.403728,0.018868,0.054865,-0.027171,0.03558,0.001847,0.00203
0,-0.655327,0.953771,0.234365,-0.441189,0.282742,-0.421199,0.000203,0.000206
0,-0.507711,1.056857,0.152617,0.089524,0.150902,0.132019,0.002374,0.001593
0,-0.641452,0.705405,-0.138035,-0.34534,-0.137538,-0.329039,4e-05,0.001077
0,-0.38105,0.395104,0.287357,-0.295197,0.323049,-0.286736,0.001033,0.001278
0,-0.276285,0.441736,0.104746,0.074187,0.109985,0.052405,0.000795,0.002092
0,-0.059856,0.171212,0.221119,-0.243871,0.232848,-0.22279,0.001045,0.002629
0,-0.094465,0.162772,-0.026366,0.010903,0.012009,0.035238,0.001649,0.002777
0,-0.148295,-0.098753,-0.058261,-0.236638,-0.030469,-0.256262,0.002588,0.001724
0,-0.037931,-0.098409,0.112474,0.022785,0.146535,0.0115,0.000662,0.001718
0,-0.129134,-0.172499,-0.09627,-0.079965,-0.053789,-0.101712,0.002254,0.002607
0,0.023234,-0.070361,0.156166,0.091037,0.162326,0.087459,0.000406,0.001228
0,0.075056,-0.077271,0.061808,-0.016856,0.028727,-0.015015,0.00131,0.001349
0,0.003676,-0.193696,-0.050277,-0.09073,-0.099996,-0.121181,6.4e-05,0.002237
0,0.109856,-0.01241,0.115616,0.200073,0.133493,0.208974,0.001917,0.000217
0,-0.052835,-0.000884,-0.157019,0.01749,-0.167668,0.017818,0.000922,1.5e-05
0,0.086568,-0.159105,0.128364,-0.145643,0.081425,-0.12335,0.001511,0.002777
0,0.356735,-1.228393,0.272662,-1.077487,0.243896,-1.107707,0.000609,0.001031
0,0.668942,-2.01068,0.303499,-0.767115,0.338089,-0.786328,0.00044,0.001388
0,0.735619,-1.881953,0.060531,0.153678,0.058422,0.193095,0.001604,0.000859
0,0.703641,-1.803246,-0.040598,0.081533,-0.001517,0.043494,0.001046,0.002232
0,0.597607,-1.881602,-0.124291,-0.069778,-0.165403,-0.113109,0.000805,0.000865
0,0.460209,-1.67068,-0.122862,0.192464,-0.113209,0.160459,0.002415,0.001071
0,0.519844,-1.321819,0.032948,0.325508,0.001008,0.277058,0.002162,0.0006
0,0.293688,-0.90415,-0.255547,0.440672,-0.259624,0.395715,0.000492,0.001072
0,-0.048031,-0.64505,-0.362605,0.251969,-0.373117,0.202361,0.000838,2.3e-05
0,0.021957,-0.409192,0.06441,0.230342,0.079797,0.267508,0.000383,0.001524
0,-0.025982,-0.135845,-0.065001,0.299894,-0.023904,0.283587,0.000453,0.002371
0,-0.137574,0.012001,-0.097414,0.135137,-0.068041,0.109622,0.002401,0.000209
0,0.043747,0.249013,0.165644,0.257912,0.132616,0.271329,0.000764,0.001271
0,-0.228575,0.199088,-0.278951,-0.077753,-0.308175,-0.079035,0.001628,0.002143
0,-0.118053,0.173301,0.083985,-0.042353,0.096829,0.001577,0.00206,0.002593
0,-0.062889,0.093122,0.069721,-0.061132,0.052079,-0.021777,0.001098,0.001625
0,-0.046157,0.031097,-0.000995,-0.080159,0.014203,-0.091328,0.000806,0.000543
0,-0.014688,0.207689,0.025102,0.15772,-0.009657,0.111369,0.000256,0.001993
0,-0.029375,0.157587,-0.005213,-0.07847,0.032727,-0.10259,0.000513,0.00275
0,-0.169275,0.173818,-0.123012,0.008261,-0.147285,-0.012986,0.002663,0.002584
0,-0.009571,-0.037535,0.15834,-0.198314,0.190685,-0.229939,0.000167,0.000655
0,-0.024596,-0.165825,-0.029911,-0.108679,0.003939,-0.091277,0.000429,0.002723
0,0.010712,0.045958,0.028993,0.234129,0.078776,0.195378,0.000187,0.000802
0,-0.011073,-0.081452,-0.046798,-0.107534,-0.049071,-0.094246,0.000193,0.001422
0,-0.155307,-0.035656,-0.170193,0.032828,-0.12026,0.055589,0.002711,0.000622
0,-0.000348,-0.04589,0.150645,0.012445,0.185585,0.027174,6e-06,0.000801
0,-0.074133,0.04211,-0.08632,0.10015,-0.127282,0.08799,0.001294,0.000735
0,-0.175717,-0.006508,-0.073852,-0.025658,-0.046887,-0.07519,0.002551,0.000114
0,0.04492,-0.012319,0.23603,0.01564,0.269567,-0.0091,0.000784,0.000215
0,0.112617,0.068822,0.069782,0.077224,0.112138,0.111141,0.001966,0.001201
0,0.01602,0.108317,-0.100959,0.066242,-0.125436,0.108461,0.00028,0.00189
0,0.061885,-0.099174,0.02066,-0.202473,0.015352,-0.163973,0.00108,0.001731
0,0.081794,-0.03069,0.013326,0.087626,0.015432,0.039604,0.001428,0.000536
0,0.158048,0.066817,0.060416,0.075202,0.093102,0.085881,0.002758,0.001166
0,0.132197,-0.133858,-0.013633,-0.210757,0.017705,-0.205359,0.002307,0.002336
0,-0.108177,0.002123,-0.261064,0.121651,-0.213933,0.146237,0.001888,3.7e-05
0,-0.099847,0.049905,0.002007,0.018567,0.009464,0.034777,0.001743,0.000871
0,0.156848,0.024911,0.234657,-0.03444,0.188062,-0.027428,0.002738,0.000435
0,0.053338,-0.04874,-0.09417,-0.057366,-0.136573,-0.014573,0.000931,0.000851
0,0.183921,-0.040392,0.12081,-0.00665,0.101684,-0.039128,0.002407,0.000705
0,-0.040178,0.008543,-0.231733,0.035989,-0.239277,0.074111,0.000701,0.000149
0,0.099874,0.104172,0.167503,0.096917,0.121161,0.119701,0.001743,0.001818
0,0.158769,-0.159726,0.055366,-0.236139,0.048003,-0.240554,0.002771,0.002788
0,-0.016078,0.002949,-0.15435,0.188953,-0.158329,0.213999,0.000281,5.1e-05
0,-0.081102,-0.0954,-0.090985,-0.125022,-0.089551,-0.138877,0.001415,0.001665
0,0.053282,-0.114112,0.129813,-0.037091,0.118402,-0.08227,0.00093,0.001992
0,-0.181128,1.01709,-0.263163,1.103029,-0.259424,1.123756,0.002456,0.000899
0,-0.42292,1.194296,-0.254292,0.176599,-0.25993,0.195804,0.001764,0.001626
0,-0.371971,1.296604,0.036648,0.084054,0.014212,0.089009,0.000875,0.00016
0,-0.59629,1.683971,-0.236863,0.381982,-0.277461,0.387069,0.000828,0.001303
0,-0.574669,1.486544,0.019204,-0.186298,0.051657,-0.156169,0.001205,0.002142
0,-0.503074,1.194064,0.078741,-0.312914,0.119251,-0.291289,0.002455,0.00163
0,-0.406143,1.0371,0.109528,-0.153807,0.100616,-0.123559,0.001471,0.001248
0,-0.230686,0.892417,0.18585,-0.115309,0.186001,-0.12374,0.001591,0.001277
0,0.049803,0.596375,0.253124,-0.269455,0.294318,-0.313089,0.000869,0.000826
0,0.146046,0.288876,0.085385,-0.312626,0.091339,-0.275052,0.002549,0.000576
0,0.140729,0.067453,0.023784,-0.216736,0.05625,-0.233152,0.002456,0.001177
0,0.078884,0.216316,-0.038714,0.164549,-0.059236,0.160459,0.001377,0.001842
0,0.099673,0.011233,0.011083,-0.220002,0.038201,-0.196448,0.00174,0.000196
0,0.123653,-0.044442,0.030187,-0.081405,0.065321,-0.128371,0.002158,0.000776
0,-0.010521,0.197089,-0.163189,0.250055,-0.213044,0.250778,0.000184,0.002178
0,0.177097,0.018252,0.172531,-0.164534,0.148381,-0.170707,0.002527,0.000319
0,0.207362,0.186788,0.009455,0.181338,0.057365,0.139563,0.001998,0.002357
0,0.134104,-0.075703,-0.070406,-0.272759,-0.033462,-0.256672,0.002341,0.001321
0,-0.130062,0.044815,-0.269051,0.096539,-0.26855,0.140063,0.00227,0.000782
0,0.10975,0.018691,0.223592,-0.034059,0.22134,-0.065953,0.001915,0.000326
0,-0.061602,0.100835,-0.194244,0.065142,-0.194766,0.045217,0.001075,0.00176
0,0.011893,0.007019,0.064591,-0.068924,0.027504,-0.060807,0.000208,0.000123
0,-0.107606,0.03725,-0.132197,0.000448,-0.154507,-0.029186,0.001878,0.00065
0,-0.047573,0.182669,0.041328,0.152309,0.02547,0.111313,0.00083,0.002429
0,-0.17518,0.260616,-0.139023,0.075909,-0.158105,0.100557,0.00256,0.001069
0,-0.151895,0.051727,0.044161,-0.201659,0.001917,-0.24187,0.002651,0.000903
0,0.100324,0.215388,0.231362,0.183156,0.181577,0.159526,0.001751,0.001858
0,0.018946,0.081726,-0.094555,-0.129608,-0.132532,-0.081006,0.000331,0.001426
0,-0.02184,0.150041,-0.06442,0.068447,-0.094091,0.110302,0.000381,0.002619
0,0.17054,0.118768,0.200952,-0.052625,0.245831,-0.030649,0.002641,0.002073
0,0.153456,0.15892,-0.017612,0.024214,0.000353,-0.006967,0.002678,0.002774
0,-0.02482,0.007035,-0.207063,-0.178671,-0.250498,-0.139095,0.000433,0.000123
0,0.006189,0.017659,0.051271,-0.005385,0.098478,-0.046908,0.000108,0.000308
0,-0.028937,0.174878,-0.06367,0.179436,-0.056028,0.144128,0.000505,0.002565
0,-0.014536,0.244325,0.010442,0.066976,-0.01744,0.11446,0.000254,0.001353
0,0.08427,0.099385,0.116434,-0.157927,0.148591,-0.109102,0.001471,0.001735
0,-0.158342,0.031938,-0.21951,-0.083418,-0.219942,-0.112699,0.002764,0.000557
0,-0.136778,0.033466,0.039414,0.029424,0.028112,0.031555,0.002387,0.000584
0,0.08657,-0.044246,0.230032,-0.081768,0.2258,-0.123046,0.001511,0.000772
0,-0.133392,-0.035968,-0.241253,0.009037,-0.20007,0.041317,0.002328,0.000628
0,-0.140697,0.022628,-0.016451,0.044707,-0.013572,0.011229,0.002456,0.000395
0,0.101976,-0.095543,0.213225,-0.090185,0.167843,-0.0701,0.00178,0.001668
0,-0.034821,0.065214,-0.159976,0.159312,-0.155335,0.133904,0.000608,0.001138
0,-0.072412,-0.117866,-0.020073,-0.195023,-0.043093,-0.236676,0.001264,0.002057
0,0.090225,0.171818,0.168314,0.30246,0.157282,0.285067,0.001575,0.002619
0,-0.012555,-0.071537,-0.081637,-0.255881,-0.033455,-0.207677,0.000219,0.001249
0,-0.176137,0.116322,-0.18378,0.214712,-0.169384,0.227963,0.002543,0.00203
0,-0.132819,0.040854,0.063204,-0.097282,0.071424,-0.057968,0.002318,0.000713
0,0.098683,0.094053,0.203987,0.048262,0.235086,0.023084,0.001722,0.001642
0,0.045177,0.09447,-0.027644,0.006788,-0.041147,0.053852,0.000788,0.001649
0,-0.018112,0.055773,-0.074856,-0.05263,-0.033653,-0.092906,0.000316,0.000973
0,0.017523,-0.055641,0.060052,-0.091902,0.096293,-0.110826,0.000306,0.000971
0,-0.015705,0.140971,-0.054557,0.212785,-0.017064,0.163952,0.000274,0.00246
0,0.009166,0.131201,0.012078,0.012127,-0.002833,0.024925,0.00016,0.00229
0,0.087089,0.100421,0.078247,-0.037819,0.035622,-0.069334,0.00152,0.001753
0,0.097931,-0.01607,0.006338,-0.128809,-0.020848,-0.103316,0.001709,0.00028
0,0.017675,0.113871,-0.067546,0.13317,-0.061427,0.084108,0.000308,0.001987
0,0.027128,0.047133,0.023303,-0.048932,0.004308,-0.024779,0.000473,0.000823
0,0.082686,0.04572,0.070639,-0.021819,0.023765,-0.003692,0.001443,0.000798
0,0.154843,-0.011959,0.083221,-0.085031,0.056695,-0.100325,0.002703,0.000209
0,0.082299,0.187216,-0.098974,0.213473,-0.076837,0.20749,0.001436,0.00235
0,-0.027461,-0.066681,-0.098266,-0.243072,-0.091439,-0.281603,0.000479,0.001164
0,0.027829,0.194792,0.041948,0.239541,0.031348,0.247741,0.000486,0.002218
0,0.078366,0.181851,0.050846,0.014584,0.010106,-0.002226,0.001368,0.002444
0,0.1465,0.147476,0.060852,-0.023647,0.080419,-0.06703,0.002557,0.002574
0,0.028403,0.069508,-0.120093,-0.08268,-0.10482,-0.109365,0.000496,0.001213
0,2.0377,-0.772914,2.013669,-0.86786,2.055911,-0.916555,0.00186,0.002255
0,3.281528,-1.461533,1.236018,-0.698368,1.275458,-0.651288,0.001098,0.002579
0,3.967966,-1.662262,0.705885,-0.221785,0.677378,-0.20796,0.001844,0.000924
0,4.513378,-1.24892,0.563869,0.431325,0.548068,0.438815,0.000128,0.000672
0,4.275688,-1.18594,-0.24209,0.066546,-0.231658,0.098218,0.001597,0.001771
0,4.02698,-1.064694,-0.227873,0.14282,-0.181229,0.173088,0.002744,0.00173
0,3.598265,-0.864062,-0.434603,0.227466,-0.441212,0.187976,0.001009,0.001772
0,2.750265,-0.984557,-0.831187,-0.115614,-0.793276,-0.076382,0.002556,0.000331
0,2.089185,-0.780306,-0.686733,0.196789,-0.704584,0.169209,0.002758,0.002384
0,0.974609,-0.493035,-1.108389,0.271323,-1.091457,0.259131,0.000158,0.00263
0,0.090346,-0.297094,-0.884777,0.215952,-0.897573,0.251591,0.001577,0.000432
0,-0.306115,-0.184201,-0.413125,0.142481,-0.403275,0.176166,0.000275,0.002403
0,-0.356714,-0.093289,-0.044886,0.11338,0.002849,0.160102,0.000608,0.001628
0,-0.404595,0.141238,-0.020339,0.245918,0.014571,0.274602,0.001444,0.002465
0,-0.296242,0.133116,0.110852,-0.020716,0.149521,0.027479,0.000447,0.002323
0,-0.290956,0.275527,-0.010736,0.121244,-0.023684,0.125357,0.000539,0.000809
0,-0.353829,0.206039,-0.069242,-0.092507,-0.02709,-0.063586,0.000558,0.002021
0,-0.275628,0.208277,0.079157,0.010776,0.068114,-0.011997,0.000807,0.001982
0,-0.321587,0.01128,-0.01908,-0.195311,-0.041809,-0.22742,5e-06,0.000197
0,-0.278831,0.159676,0.026417,0.12313,0.058199,0.07558,0.000751,0.002787
0,-0.040127,-0.098396,0.235799,-0.270945,0.24732,-0.311773,0.0007,0.001717
0,-0.19001,-0.01051,-0.16259,0.068781,-0.176614,0.065145,0.002301,0.000183
0,-0.03141,-0.146118,0.132099,-0.154518,0.096738,-0.179371,0.000548,0.00255
0,0.221365,0.031904,0.233213,0.204321,0.275166,0.196489,0.001754,0.000557
0,0.158926,-0.126298,-0.048227,-0.186222,-0.072585,-0.154565,0.002774,0.002204
0,0.084876,-0.086687,-0.088639,0.012045,-0.095279,-0.003277,0.001481,0.001513
0,0.025513,0.000886,-0.047048,0.105534,-0.011508,0.140629,0.000445,1.5e-05
0,0.090202,-0.104646,0.06262,-0.106036,0.033772,-0.143964,0.001574,0.001826
0,0.035727,0.084332,-0.035235,0.206951,0.006539,0.202639,0.000624,0.001472
0,0.125533,-0.148888,0.096826,-0.246161,0.04758,-0.24298,0.002191,0.002599
0,0.0687,0.055275,-0.060242,0.183357,-0.034032,0.184562,0.001199,0.000965
0,-0.040208,-0.003596,-0.130946,-0.036478,-0.093927,-0.001872,0.000702,6.3e-05
0,-0.033105,0.008461,-0.006256,0.023775,0.038409,-0.023568,0.000578,0.000148
0,-0.139475,-0.056357,-0.097936,-0.061408,-0.146754,-0.024593,0.002434,0.000984
0,-0.155883,-0.149155,-0.020929,-0.099514,-0.061382,-0.06468,0.002721,0.002603
0,-0.092901,0.110423,0.088298,0.232283,0.070138,0.217647,0.001621,0.001927
0,-0.243811,-0.172338,-0.157421,-0.266775,-0.157851,-0.223393,0.001362,0.00261
0,-0.24332,0.045775,0.021872,0.209272,0.009033,0.225859,0.001371,0.000799
0,-0.009376,-0.183756,0.262224,-0.257955,0.239029,-0.22475,0.000164,0.00241
0,-0.112961,0.00822,-0.129631,0.210746,-0.088811,0.232091,0.001972,0.000143
0,-0.119381,-0.958359,-0.021221,-0.958658,-0.064635,-0.983182,0.002084,0.000126
0,0.016598,-1.858306,0.145841,-0.873437,0.117421,-0.90915,0.00029,0.001271
0,0.134871,-2.527518,0.099741,-0.688944,0.114013,-0.725057,0.002354,0.000827
0,-0.046807,-1.992596,-0.205716,0.551717,-0.168712,0.506555,0.000817,0.001072
0,0.109889,-1.820893,0.160067,0.185076,0.142246,0.150083,0.001918,0.001924
0,-0.09101,-1.910215,-0.207909,-0.063272,-0.182996,-0.049393,0.001588,0.000366
0,0.070058,-1.538963,0.149892,0.367967,0.18724,0.417871,0.001223,0.001228
0,0.070225,-0.722874,0.018107,0.793148,0.036392,0.82134,0.001226,0.001382
0,-0.029509,-0.511854,-0.111719,0.24061,-0.149088,0.22171,0.000515,0.002301
0,0.049546,-0.04955,0.060582,0.456278,0.064965,0.440284,0.000865,0.000865
0,0.188883,0.169363,0.119817,0.210275,0.155943,0.206438,0.002321,0.002662
0,0.206648,0.082808,0.04461,-0.102981,0.02267,-0.117732,0.002011,0.001445
0,-0.005585,0.084282,-0.19223,-0.027898,-0.223089,-0.055331,9.7e-05,0.001471
0,-0.05195,-0.006869,-0.048414,-0.073505,-0.065561,-0.04965,0.000907,0.00012
0,0.064633,0.017815,0.106308,0.013803,0.15108,0.023101,0.001128,0.000311
0,0.055705,0.117743,0.000959,0.115805,-0.006491,0.099785,0.000972,0.002055
0,-0.099718,0.212506,-0.146489,0.107342,-0.12657,0.08419,0.00174,0.001909
0,0.044171,0.031505,0.173256,-0.186918,0.207335,-0.181435,0.000771,0.00055
0,-0.192224,0.22085,-0.247289,0.211475,-0.233571,0.184639,0.002263,0.001763
0,-0.001628,-0.017501,0.19231,-0.214122,0.188938,-0.204561,2.8e-05,0.000305
0,0.050951,0.142946,0.044132,0.179624,0.015427,0.147606,0.000889,0.002495
0,-0.009086,-0.04736,-0.056419,-0.194752,-0.047237,-0.16311,0.000159,0.000827
0,0.093417,-0.134428,0.117862,-0.089506,0.078102,-0.133132,0.00163,0.002346
0,0.050435,0.062664,-0.051569,0.181772,-0.005097,0.21082,0.00088,0.001094
0,-0.082415,0.096198,-0.160211,0.05743,-0.156548,0.107372,0.001438,0.001679
0,0.041701,-0.135361,0.142377,-0.212937,0.108615,-0.167086,0.000728,0.002362
0,-0.148541,0.050099,-0.19902,0.160542,-0.195345,0.162437,0.002593,0.000874
0,-0.160754,-0.091981,-0.006151,-0.153612,0.002741,-0.12046,0.002806,0.001605
0,0.020314,-0.138745,0.192402,-0.021589,0.209914,-0.012832,0.000355,0.002422
0,-0.132366,-0.057495,-0.160938,0.056566,-0.131335,0.080036,0.00231,0.001003
0,0.0228,-0.023302,0.144219,0.043569,0.11205,0.05541,0.000398,0.000407
0,0.071334,-0.155823,0.042702,-0.146597,0.05506,-0.190915,0.001245,0.00272
0,0.065666,0.106288,-0.022956,0.28467,-0.015357,0.291406,0.001146,0.001855
0,-0.016625,-0.000307,-0.06479,-0.107673,-0.043681,-0.079692,0.00029,5e-06
0,-0.009273,0.037754,-0.021808,0.027824,-0.049369,0.051191,0.000162,0.000659
0,-0.111156,-0.178315,-0.113431,-0.205904,-0.083834,-0.209531,0.00194,0.002505
0,0.035101,-0.114868,0.141552,0.046157,0.188768,0.074641,0.000613,0.002005
0,-0.036315,0.146412,-0.078288,0.249877,-0.035145,0.26008,0.000634,0.002555
0,0.045689,0.003638,0.064051,-0.141169,0.044433,-0.143362,0.000797,6.3e-05
0,-0.085261,0.078956,-0.157909,0.048625,-0.200703,0.025146,0.001488,0.001378
0,0.038253,-0.076426,0.140426,-0.129525,0.098929,-0.103093,0.000668,0.001334
0,-0.044708,0.030906,-0.07879,0.113639,-0.116542,0.084287,0.00078,0.000539
0,0.003099,0.145203,0.067999,0.118178,0.044482,0.085391,5.4e-05,0.002534
0,0.078684,-0.103514,0.091599,-0.229295,0.113268,-0.20705,0.001373,0.001807
0,0.091728,-0.029785,0.039319,0.065588,0.079479,0.115532,0.001601,0.00052
0,-0.16395,0.061135,-0.267236,0.088982,-0.254915,0.108815,0.002756,0.001067
0,-0.104257,0.144052,0.062847,0.07273,0.059816,0.040371,0.00182,0.002514
0,0.06052,-0.059503,0.165023,-0.223676,0.128671,-0.223366,0.001056,0.001039
0,0.013316,0.138973,-0.055221,0.214555,-0.066893,0.190072,0.000232,0.002426
0,0.030135,0.076142,0.024768,-0.073501,0.014917,-0.094295,0.000526,0.001329
0,-0.184696,-0.009427,-0.221399,-0.075457,-0.218512,-0.11844,0.002394,0.000165
0,-0.065015,0.180046,0.129481,0.20849,0.163336,0.163959,0.001135,0.002475
0,0.09012,0.132537,0.126228,-0.042527,0.147659,-0.006943,0.001573,0.002313
0,1.976362,-0.337893,1.892312,-0.47098,1.922962,-0.494928,0.000789,0.00028
0,4.180512,-1.076714,2.220482,-0.717155,2.261259,-0.684379,6.4e-05,0.00194
0,4.259422,-1.512824,0.101726,-0.464509,0.106731,-0.446748,0.001313,0.001684
0,3.680751,-1.9509,-0.585918,-0.417762,-0.586451,-0.404844,0.002449,0.000345
0,4.447284,-1.816259,0.771192,0.127876,0.784303,0.134651,0.001025,0.002005
0,4.102894,-1.303774,-0.341614,0.517501,-0.309565,0.481905,0.001419,0.000285
0,3.249675,-1.205123,-0.828007,0.073529,-0.817572,0.045735,0.000542,0.001437
0,2.791469,-0.781696,-0.434949,0.421692,-0.388001,0.372899,0.001837,0.002408
0,1.307919,-0.481941,-1.49026,0.289654,-1.494085,0.248595,0.000357,0.002794
0,0.896624,-0.451904,-0.424059,0.056843,-0.469697,0.034143,0.001203,0.00227
0,0.391827,-0.293911,-0.520324,0.130946,-0.555178,0.175682,0.001221,0.000488
0,-0.036606,-0.266945,-0.410643,0.048457,-0.393194,0.025384,0.000639,0.000958
0,-0.31469,-0.230498,-0.290283,0.024468,-0.260119,0.069233,0.000125,0.001595
0,-0.351782,0.063478,-0.060218,0.310587,-0.095195,0.312091,0.000522,0.001108
0,-0.497529,-0.026206,-0.169771,-0.065478,-0.185085,-0.095492,0.002552,0.000457
0,-0.484583,0.069649,-0.010447,0.102975,0.015876,0.146531,0.002777,0.001216
0,-0.463234,0.221,0.024387,0.14421,-0.021733,0.097122,0.002467,0.00176
0,-0.322808,0.152825,0.165838,-0.063742,0.209639,-0.108293,1.7e-05,0.002667
0,-0.262691,0.124806,0.076295,-0.023088,0.055481,0.011093,0.001033,0.002178
0,-0.23153,0.122787,0.043095,-0.02005,0.046013,-0.027806,0.001577,0.002143
0,-0.096432,0.11469,0.158053,0.015011,0.16796,-0.00686,0.001683,0.002002
0,0.014659,0.058848,0.137739,-0.077775,0.142805,-0.045955,0.000256,0.001027
0,0.095645,0.036824,0.05408,0.006401,0.070108,-0.026394,0.001669,0.000643
0,0.059707,0.14981,-0.059487,0.089377,-0.104143,0.129557,0.001042,0.002615
0,0.175836,0.212643,0.126178,0.060425,0.150734,0.076489,0.002549,0.001906
0,-0.018221,-0.073266,-0.17917,-0.305963,-0.174764,-0.348429,0.000318,0.001279
0,0.149247,-0.022082,0.152539,0.072274,0.135324,0.1036,0.002605,0.000385
0,-0.070473,0.079592,-0.24702,0.086334,-0.246367,0.043575,0.00123,0.001389
0,0.058955,-0.028007,0.126236,-0.09181,0.083166,-0.106542,0.001029,0.000489
0,-0.0011,0.015763,-0.041416,0.063338,-0.088119,0.064795,1.9e-05,0.000275
0,0.111961,-0.014228,0.115173,-0.031362,0.164295,0.014568,0.001954,0.000248
0,0.047847,-0.000442,-0.062285,-0.014054,-0.02884,0.012577,0.000835,8e-06
0,-0.108529,-0.062331,-0.136894,-0.046037,-0.173469,-0.052991,0.001894,0.001088
0,-0.010187,-0.086904,0.094484,-0.012302,0.049596,0.015446,0.000178,0.001517
0,-0.037984,0.039934,-0.031037,0.130537,-0.066708,0.090288,0.000663,0.000697
0,-0.162425,-0.067797,-0.151929,-0.078324,-0.194219,-0.097382,0.002783,0.001183
0,-0.034041,-0.118104,0.118676,-0.044569,0.098239,-0.004263,0.000594,0.002061
0,-0.165627,-0.044066,-0.134169,0.04784,-0.103305,0.083608,0.002727,0.000769
0,-0.132149,-0.031958,0.056621,0.0127,0.079276,0.011716,0.002306,0.000558
0,0.032613,0.032887,0.170316,0.057487,0.191626,0.09052,0.000569,0.000574
0,-0.212095,-0.051439,-0.222812,-0.096343,-0.252552,-0.121909,0.001916,0.000898
0,-0.111857,0.010187,0.107286,0.057785,0.12796,0.067468,0.001952,0.000178
0,-0.097251,-0.122117,0.038432,-0.150275,0.016277,-0.122871,0.001697,0.002131
0,0.046914,0.122924,0.121762,0.219006,0.152225,0.213293,0.000819,0.002145
0,0.013998,-0.141083,-0.057628,-0.270021,-0.066262,-0.316592,0.000244,0.002462
0,0.002551,-0.049093,-0.013552,0.105304,-0.062371,0.110414,4.5e-05,0.000857
0,-0.024974,-0.145061,-0.049598,-0.113965,-0.074982,-0.086679,0.000436,0.002532
0,0.146456,0.061315,0.151978,0.206953,0.132307,0.245822,0.002556,0.00107
0,-0.027439,0.10454,-0.15449,0.040509,-0.196427,0.062807,0.000479,0.001825
0,0.161044,-0.097504,0.163192,-0.176867,0.114855,-0.127914,0.002807,0.001702
0,0.160381,-0.048557,0.023807,0.061736,-0.021951,0.025388,0.002799,0.000847
0,0.062773,-0.086309,-0.11917,-0.062615,-0.074713,-0.106983,0.001096,0.001506
0,0.32967,0.07439,0.283001,0.137865,0.302402,0.112171,0.000136,0.001298
0,0.089538,-0.108827,-0.253683,-0.191857,-0.209963,-0.174425,0.001563,0.001899
0,0.286583,0.070956,0.202964,0.162178,0.160674,0.159939,0.000616,0.001238
0,0.347697,0.04809,0.086001,-0.021554,0.127572,-0.030101,0.000451,0.000839
0,0.079664,0.129248,-0.240851,0.104531,-0.273044,0.06527,0.00139,0.002256
0,0.136551,-0.14607,0.048602,-0.262997,0.079557,-0.222642,0.002383,0.002549
0,0.021116,0.104126,-0.107223,0.248856,-0.114492,0.29767,0.000369,0.001817
0,0.0702,-0.131265,0.054941,-0.225377,0.028567,-0.247778,0.001225,0.002291
0,0.127324,0.148235,0.031871,0.295172,0.03602,0.301646,0.002222,0.002587
0,0.11099,0.009927,-0.028461,-0.137521,-0.045497,-0.149706,0.001937,0.000173
0,0.16313,0.11611,0.024171,0.124824,0.042553,0.142392,0.00277,0.002027
0,0.078089,-0.00045,-0.078915,-0.089315,-0.087556,-0.07641,0.001363,8e-06
0,-0.015941,0.132993,-0.092884,0.144313,-0.131936,0.105836,0.000278,0.002321
0,0.02539,-0.023145,0.013718,-0.157328,0.043283,-0.113015,0.000443,0.000404
0,0.136872,0.047067,0.098954,0.050762,0.127821,0.093176,0.002389,0.000821
0,-0.018397,0.056036,-0.127216,-0.020343,-0.156208,-0.062394,0.000321,0.000978
0,0.031926,0.046179,0.029931,-0.032605,0.078185,-0.02885,0.000557,0.000806
0,0.054944,-0.02283,0.002522,-0.085618,-0.016156,-0.131484,0.000959,0.000398
0,0.045199,-0.114623,-0.015817,-0.072125,0.034032,-0.05722,0.000789,0.002001
0,-0.203113,-0.126137,-0.262128,0.008542,-0.222055,0.053415,0.002073,0.002201
0,-0.17939,-0.168921,0.013319,-0.020169,-0.021489,0.023525,0.002487,0.002669
0,-0.175212,-0.06439,-0.000789,0.074643,-0.029012,0.075879,0.002559,0.001124
0,-0.082656,-0.025203,0.102228,0.044997,0.144609,-0.004808,0.001443,0.00044
0,-0.15133,-0.100203,-0.046174,-0.103819,-0.010512,-0.06575,0.002641,0.001749
0,-0.248297,0.083802,-0.10727,0.202149,-0.089834,0.173317,0.001284,0.001463
0,-0.083905,0.028016,0.190403,-0.067882,0.196552,-0.086194,0.001464,0.000489
0,-0.301173,0.091813,-0.203124,0.06712,-0.216351,0.040432,0.000361,0.001602
0,-0.03228,-0.084601,0.245025,-0.185035,0.231711,-0.192427,0.000563,0.001477
0,-0.144999,-0.144211,-0.124191,-0.030307,-0.165814,-0.070138,0.002531,0.002517
0,-0.004313,0.038818,0.110998,0.166304,0.126637,0.163069,7.5e-05,0.000678
0,-0.000133,0.088689,-0.012739,0.024672,-0.048522,0.046004,2e-06,0.001548
0,-0.055496,-0.063301,-0.066261,-0.166937,-0.094518,-0.130647,0.000969,0.001105
0,-0.064289,-0.008075,-0.011135,0.037305,-0.012902,-0.009853,0.001122,0.000141
0,-0.022335,0.060654,0.035138,0.070158,0.032514,0.070192,0.00039,0.001059
0,-0.053981,0.099959,-0.052264,0.026567,-0.053253,0.064254,0.000942,0.001745
0,-0.013782,0.161198,0.052427,0.032003,0.093067,0.072265,0.000241,0.002804
0,-0.074037,-0.001931,-0.061004,-0.153327,-0.097791,-0.189563,0.001292,3.4e-05
0,-0.113829,0.176242,-0.068109,0.180393,-0.076588,0.213494,0.001987,0.002541
0,-0.167827,0.113786,-0.031367,-0.068417,-0.068787,-0.033214,0.002688,0.001986
0,-0.281842,0.127686,-0.098457,0.038097,-0.09308,0.039156,0.000698,0.002229
0,-0.265653,-0.000551,0.025848,-0.135009,0.049509,-0.159697,0.000981,1e-05
0,-0.256801,-0.123847,0.009286,-0.107485,0.024678,-0.094507,0.001135,0.002162
0,-0.329618,-0.046481,-0.086922,0.097954,-0.04247,0.073362,0.000135,0.000811
0,-0.222328,-0.09107,0.096483,-0.058373,0.113627,-0.051965,0.001737,0.001589
0,-0.286613,0.015048,-0.041612,0.100124,-0.044298,0.095803,0.000615,0.000263
0,-0.268233,-0.054316,0.044089,-0.043694,-0.000542,-0.063903,0.000936,0.000948
0,-0.187674,0.05749,0.060278,0.094699,0.034069,0.073387,0.002342,0.001003
0,-0.262692,-0.079381,-0.078143,-0.134231,-0.078888,-0.109317,0.001033,0.001385
0,-0.152,-0.083708,0.134098,-0.002317,0.167246,0.001424,0.002653,0.001461
0,-0.164508,0.02741,-0.016825,0.10947,0.029026,0.14288,0.002746,0.000478
0,-0.296531,-0.042612,-0.134878,-0.070208,-0.089019,-0.084596,0.000442,0.000744
0,-0.167949,-0.078692,0.147783,-0.043772,0.195838,-0.062671,0.002686,0.001373
0,-0.000707,-0.058864,0.161471,0.042477,0.148923,0.05016,1.2e-05,0.001027
0,-0.130102,-0.206364,-0.125471,-0.172662,-0.132912,-0.130498,0.002271,0.002016
0,-0.028175,0.051272,0.123994,0.273219,0.138797,0.248058,0.000492,0.000895
0,-0.022912,-0.181763,0.03207,-0.20586,0.033036,-0.19025,0.0004,0.002445
0,-0.148045,-0.156152,-0.153108,0.040623,-0.173404,0.00976,0.002584,0.002725
0,0.105975,-0.191292,0.268038,-0.012842,0.227824,0.011708,0.00185,0.002279
0,0.039501,-0.048683,-0.077477,0.141015,-0.064336,0.138779,0.000689,0.00085
0,-0.035842,-0.02008,-0.086141,0.043311,-0.101815,0.063829,0.000626,0.00035
0,-0.082851,-0.079301,-0.070088,-0.032936,-0.029652,-0.001359,0.001446,0.001384
0,-0.058477,0.04868,0.009542,0.102231,-0.023035,0.060451,0.001021,0.00085
0,-0.122721,0.008305,-0.085415,-0.051662,-0.129315,-0.087804,0.002142,0.000145
0,0.021156,-0.020523,0.146212,-0.024315,0.102614,-0.067595,0.000369,0.000358
0,0.066307,0.054879,0.060002,0.054061,0.070051,0.055252,0.001157,0.000958
0,0.050633,0.01939,-0.026069,-0.059562,0.02088,-0.069892,0.000884,0.000338
0,0.162379,-0.011808,0.120972,-0.019985,0.07425,-0.058849,0.002783,0.000206
0,-0.072339,-0.116191,-0.225049,-0.096356,-0.236516,-0.098515,0.001263,0.002028
0,0.162484,0.055777,0.260607,0.1667,0.271017,0.193478,0.002782,0.000973
0,0.049908,-0.129145,-0.099928,-0.204316,-0.126669,-0.167712,0.000871,0.002254
0,-0.004048,-0.131218,-0.045663,0.00457,-0.094071,0.024664,7.1e-05,0.00229
0,0.033866,0.043584,0.019707,0.161813,0.067031,0.203022,0.000591,0.000761
0,-0.013897,-0.010103,-0.067997,-0.060648,-0.089819,-0.064826,0.000243,0.000176
0,-0.226391,-0.166875,-0.206337,-0.129934,-0.21658,-0.176831,0.001666,0.002705
0,-0.155048,0.103131,0.047547,0.29396,0.021304,0.317265,0.002706,0.0018
0,-0.041252,0.11312,0.109146,0.03763,0.11835,0.050231,0.00072,0.001974
0,-0.006376,-0.113382,0.027978,-0.219392,0.049414,-0.254969,0.000111,0.001979
0,-0.091193,0.089758,-0.105389,0.229324,-0.141879,0.218933,0.001592,0.001567
0,-0.173267,0.019275,-0.065871,-0.056926,-0.079885,-0.099172,0.002593,0.000336
0,-0.022767,0.021369,0.16241,-0.000238,0.209537,-0.028349,0.000397,0.000373
0,0.017469,-0.126521,0.013056,-0.165705,0.023038,-0.168218,0.000305,0.002208
0,-0.060827,-0.02367,-0.080358,0.078231,-0.124816,0.080427,0.001062,0.000413
0,0.063376,-0.040985,0.10154,-0.006003,0.137807,-0.016683,0.001106,0.000715
0,-0.165932,-0.047756,-0.249672,0.021074,-0.225644,0.057247,0.002721,0.000834
0,0.074042,0.036019,0.255937,0.113017,0.26674,0.148089,0.001292,0.000629
0,-0.03861,-0.010771,-0.137542,-0.02712,-0.149046,-0.040112,0.000674,0.000188
0,0.001582,-0.104344,0.054519,-0.064882,0.008587,-0.04542,2.8e-05,0.001821
0,0.108347,0.010956,0.111791,0.136538,0.161047,0.177305,0.001891,0.000191
0,-0.094712,-0.008762,-0.196251,-0.022598,-0.196865,-0.015256,0.001653,0.000153
0,0.201343,0.102186,0.303747,0.081367,0.298609,0.033382,0.002103,0.001783
0,0.109601,-0.002516,-0.069723,-0.102782,-0.089706,-0.064926,0.001913,4.4e-05
0,0.117371,-0.13904,-0.01917,-0.160923,-0.041989,-0.207681,0.002049,0.002427
0,-0.079356,-0.082414,-0.169494,0.049862,-0.20389,0.081038,0.001385,0.001438
0,-0.116783,0.059636,-0.029576,0.136402,-0.07092,0.118646,0.002038,0.001041
0,-0.107758,-0.140987,-0.001045,-0.213484,-0.01048,-0.261896,0.001881,0.002461
0,0.052046,0.066486,0.171959,0.22864,0.214015,0.266261,0.000908,0.00116
0,-0.163673,0.005028,-0.201362,-0.033183,-0.213844,-0.035256,0.002761,8.8e-05
0,0.034735,0.013406,0.170997,0.019496,0.193014,0.054628,0.000606,0.000234
0,0.040097,-0.112374,0.003445,-0.135719,0.051573,-0.159573,0.0007,0.001961
0,-0.063881,-0.09623,-0.082149,0.001688,-0.069234,0.018219,0.001115,0.00168
0,-0.135597,-0.146056,-0.057219,-0.054128,-0.047404,-0.07278,0.002367,0.002549
0,0.001748,0.110298,0.115856,0.245112,0.07108,0.249554,3.1e-05,0.001925
0,-0.194453,-0.134983,-0.169156,-0.247628,-0.209249,-0.291171,0.002224,0.002356
0,-0.029882,-0.016863,0.176787,0.104871,0.145864,0.13165,0.000522,0.000294
0,-0.183928,-0.046467,-0.17406,-0.048473,-0.210039,-0.038527,0.002407,0.000811
0,-0.194384,0.14049,-0.022081,0.160947,-0.069604,0.138181,0.002225,0.002452
0,-0.16213,-0.036444,0.012676,-0.158514,-0.035449,-0.165578,0.002788,0.000636
0,-0.102839,0.021293,0.036349,0.053256,-0.011188,0.045163,0.001795,0.000372
0,-0.188266,0.173304,-0.095184,0.165406,-0.078684,0.119364,0.002332,0.002593
0,-0.204632,0.150167,-0.042579,-0.017592,0.001457,-0.012236,0.002046,0.002621
0,-0.111543,0.206644,0.117361,0.041798,0.07729,-0.003411,0.001947,0.002011
0,0.154682,0.057692,0.242355,-0.126631,0.250413,-0.118206,0.0027,0.001007
0,-0.001634,-0.005888,-0.166101,-0.086075,-0.16914,-0.09858,2.9e-05,0.000103
0,0.016012,-0.059534,-0.005208,-0.03948,0.038642,-0.042028,0.000279,0.001039
0,-0.101184,0.040468,-0.105831,0.084255,-0.072842,0.074927,0.001766,0.000706
0,0.126141,-0.094895,0.251913,-0.144039,0.210295,-0.158381,0.002202,0.001656
0,-0.009068,-0.028932,-0.106871,0.040056,-0.069366,0.030908,0.000158,0.000505
0,0.180309,0.081575,0.209929,0.132957,0.17916,0.098562,0.002471,0.001424
0,0.062377,0.102696,-0.143199,-0.005894,-0.155511,0.013765,0.001089,0.001792
0,0.102916,-0.0305,0.039946,-0.14399,-0.007454,-0.125313,0.001796,0.000532
0,-0.117456,0.158277,-0.214297,0.189715,-0.187992,0.16429,0.00205,0.002762
0,0.042952,0.019077,0.159816,-0.152484,0.145499,-0.162308,0.00075,0.000333
0,0.187473,0.175984,0.152606,0.161364,0.181164,0.157775,0.002345,0.002546
0,-0.06109,0.195061,-0.259454,0.036079,-0.276093,0.02067,0.001066,0.002213
0,0.156215,0.10925,0.226151,-0.086138,0.263696,-0.071729,0.002726,0.001907
0,0.034626,0.175169,-0.118717,0.060793,-0.106372,0.067793,0.000604,0.00256
0,0.067928,0.130399,0.006101,-0.061952,0.036328,-0.014394,0.001186,0.002276
0,0.201171,0.043559,0.13897,-0.092252,0.167151,-0.051236,0.002106,0.00076
0,0.1072,0.075058,-0.081985,0.004933,-0.077085,0.026261,0.001871,0.00131
0,0.210519,0.147918,0.098024,0.063414,0.098919,0.050365,0.001943,0.002582
0,-0.029413,0.030016,-0.240647,-0.130443,-0.275452,-0.17467,0.000513,0.000524
0,-0.029021,-0.042737,0.018552,-0.088665,0.042715,-0.073388,0.000507,0.000746
0,0.056481,0.073282,0.070691,0.108843,0.030661,0.081414,0.000986,0.001279
0,0.041243,0.065554,0.006539,-0.007684,0.030003,-0.030677,0.00072,0.001144
0,0.027695,-0.077672,-0.011626,-0.171673,-0.054549,-0.153283,0.000483,0.001356
0,0.063797,0.048989,0.025982,0.130419,0.058065,0.13016,0.001113,0.000855
0,0.138229,0.029394,0.065517,-0.009117,0.079634,-0.051385,0.002413,0.000513
0,0.120081,0.137621,-0.005008,0.095424,0.003436,0.093615,0.002096,0.002402
0,0.277417,0.140487,0.128455,-0.019375,0.110206,-0.068,0.000776,0.002452
0,0.182114,0.138433,-0.081499,0.006191,-0.072286,0.040912,0.002439,0.002416
0,0.224983,0.016147,0.045095,-0.119979,0.048203,-0.080044,0.001691,0.000282
0,0.270635,0.012502,0.052136,-0.023561,0.071448,0.00807,0.000894,0.000218
0,0.200806,0.150517,-0.047111,0.15049,-0.085638,0.194485,0.002113,0.002627
0,0.043129,0.027835,-0.149284,-0.125387,-0.099807,-0.153891,0.000753,0.000486
0,0.11052,0.046222,0.077695,0.008837,0.101683,-0.018267,0.001929,0.000807
0,0.130581,0.018112,0.018268,-0.005731,0.050668,-0.021318,0.002279,0.000316
0,0.348507,0.090964,0.216951,0.086151,0.183447,0.114999,0.000465,0.001588
0,0.400531,-0.03547,0.052326,-0.118392,0.017508,-0.162681,0.001373,0.000619
0,0.220937,0.106517,-0.179481,0.121523,-0.229362,0.083683,0.001761,0.001859
0,0.188024,-0.033187,-0.061768,-0.112737,-0.062967,-0.13612,0.002336,0.000579
0,0.284597,-0.021556,0.071635,0.006386,0.107507,0.045873,0.00065,0.000376
0,0.312314,0.072293,0.053383,0.112495,0.026637,0.067652,0.000167,0.001262
0,0.162951,0.006528,-0.156971,-0.035849,-0.108161,-0.049799,0.002773,0.000114
0,0.171975,0.015439,-0.012123,0.02723,-0.00182,0.009232,0.002616,0.000269
0,0.195951,0.0107,0.050714,0.003582,0.057826,0.040436,0.002198,0.000187
0,0.260654,0.069539,0.071971,0.044231,0.063994,0.050441,0.001068,0.001214
0,0.14421,-0.023577,-0.094177,-0.085263,-0.123756,-0.072707,0.002517,0.000411
0,0.285136,0.176789,0.127162,0.181434,0.110081,0.201636,0.000641,0.002532
0,0.054204,0.166806,-0.234995,-0.021955,-0.27557,0.007689,0.000946,0.002706
0,0.325038,0.165567,0.282123,0.021025,0.25852,0.066791,5.5e-05,0.002728
0,0.287604,-0.123869,-0.042666,-0.297028,-0.031579,-0.331812,0.000598,0.002162
0,0.008031,-0.037013,-0.288024,0.102734,-0.32513,0.096974,0.00014,0.000646
0,0.102145,0.009824,0.087694,0.076798,0.124037,0.052514,0.001783,0.000171
0,0.158318,-0.16661,0.077514,-0.173877,0.068228,-0.124161,0.002763,0.00271
0,0.3141,0.010241,0.147452,0.148757,0.113084,0.112612,0.000135,0.000179
0,0.172782,0.054221,-0.143916,0.042893,-0.18282,0.008989,0.002602,0.000946
0,0.135695,0.08581,-0.00965,0.024044,-0.03858,-0.010632,0.002368,0.001498
0,0.296107,0.057424,0.184894,-0.033746,0.202154,-0.010772,0.000449,0.001002
0,0.198963,-0.01105,-0.076611,-0.069434,-0.100936,-0.01983,0.002145,0.000193
0,0.279967,-0.067039,0.100316,-0.080078,0.062569,-0.080271,0.000731,0.00117
0,0.044928,0.138061,-0.235151,0.183932,-0.238748,0.209412,0.000784,0.00241
0,0.113982,-0.11411,0.075002,-0.249275,0.046559,-0.249617,0.001989,0.001992
0,0.060661,0.009738,-0.077335,0.138246,-0.126446,0.11222,0.001059,0.00017
0,0.072271,0.085377,0.018996,0.092217,-0.007358,0.111324,0.001261,0.00149
0,0.106783,0.109177,0.027484,0.04279,0.035627,0.019995,0.001864,0.001905
0,-0.052063,-0.028004,-0.166605,-0.112979,-0.211789,-0.096153,0.000909,0.000489
0,0.058201,-0.014261,0.133263,-0.002167,0.140971,0.013698,0.001016,0.000249
0,-0.041941,-0.004649,-0.090124,0.031856,-0.048151,0.081538,0.000732,8.1e-05
0,0.028419,0.054615,0.06616,0.07851,0.022657,0.124643,0.000496,0.000953
0,-0.211193,0.012122,-0.236653,-0.020222,-0.252278,-0.034756,0.001931,0.000212
0,-0.107841,-0.063352,0.079713,-0.091689,0.127201,-0.113299,0.001882,0.001106
0,-0.100249,0.028582,0.025271,0.090142,0.057385,0.095671,0.00175,0.000499
0,-0.175187,-0.103286,-0.103585,-0.129243,-0.06914,-0.098055,0.00256,0.001803
0,-0.064978,-0.109778,0.135754,-0.01103,0.138652,-0.030187,0.001134,0.001916
0,-0.028343,0.060841,0.048497,0.167389,0.017535,0.170781,0.000495,0.001062
0,-0.15563,0.155327,-0.118819,0.119421,-0.147715,0.075896,0.002716,0.002711
0,-0.083739,0.013057,0.096669,-0.171044,0.069685,-0.207761,0.001462,0.000228
0,-0.128087,-0.072582,-0.060567,-0.06622,-0.10407,-0.047414,0.002236,0.001267
0,0.055399,0.105987,0.191854,0.16501,0.229892,0.139998,0.000967,0.00185
0,0.061901,0.099476,0.022066,-0.035684,-0.027503,-0.014001,0.00108,0.001736
0,0.060155,0.209299,-0.029863,0.085259,-0.026666,0.134525,0.00105,0.001965
0,-0.099149,-0.046558,-0.158449,-0.265071,-0.166948,-0.29831,0.00173,0.000813
0,0.148452,0.076109,0.225258,0.145601,0.200302,0.11411,0.002591,0.001328
0,0.052588,0.094477,-0.124249,0.019037,-0.163951,-0.007379,0.000918,0.001649
0,0.115641,0.105875,0.056333,0.035854,0.020122,-0.003552,0.002018,0.001848
0,0.00047,0.105708,-0.095204,0.010124,-0.095733,0.037573,8e-06,0.001845
0,-0.042213,0.068105,-0.018041,-0.023393,-0.06073,-0.010116,0.000737,0.001189
0,0.125497,0.141456,0.175357,0.069893,0.165486,0.084159,0.00219,0.002469
0,0.116245,0.070644,0.019775,-0.100231,0.002849,-0.094132,0.002029,0.001233
0,0.267788,-0.056046,0.175027,-0.108377,0.193268,-0.092533,0.000944,0.000978
0,0.303712,-0.071253,0.055063,-0.026365,0.021329,-0.005072,0.000317,0.001244
0,0.269554,0.046132,-0.011549,0.101497,-0.002263,0.118147,0.000913,0.000805
0,-0.009039,0.092437,-0.298166,0.053628,-0.338808,0.016128,0.000158,0.001613
0,0.086063,0.004201,0.072923,-0.060839,0.054456,-0.041062,0.001502,7.3e-05
0,0.280371,0.089494,0.178811,0.112753,0.138206,0.114474,0.000724,0.001562
0,-0.041705,-0.052005,-0.315765,-0.124987,-0.347382,-0.080731,0.000728,0.000908
0,0.034849,-0.105767,0.09919,-0.072933,0.119671,-0.112906,0.000608,0.001846
0,0.145164,0.03509,0.088111,0.137168,0.102005,0.126717,0.002534,0.000612
0,0.071696,-0.059008,-0.102277,-0.104568,-0.08997,-0.117375,0.001251,0.00103
0,-0.000474,0.149963,-0.050336,0.233928,-0.071384,0.199128,8e-06,0.002617
0,-0.090604,0.013189,-0.110561,-0.136874,-0.094271,-0.174601,0.001581,0.00023
0,0.00302,0.100297,0.108296,0.10175,0.111845,0.083991,5.3e-05,0.001751
0,-0.135471,-0.090305,-0.132453,-0.218463,-0.144236,-0.234555,0.002364,0.001576
0,-0.090539,-0.127205,0.033646,-0.02369,0.080134,-0.073068,0.00158,0.00222
0,0.045512,0.099232,0.138083,0.242311,0.096397,0.243812,0.000794,0.001732
0,0.053815,-0.069023,0.025741,-0.1404,0.059109,-0.094054,0.000939,0.001205
0,-0.030618,0.103285,-0.105658,0.200559,-0.155146,0.17026,0.000534,0.001803
0,0.099129,0.031807,0.156638,-0.042728,0.125325,0.002565,0.00173,0.000555
0,0.085975,0.052289,-0.025998,0.024932,-0.063443,0.071249,0.001501,0.000913
0,0.081378,-0.030061,-0.004592,-0.103276,0.042661,-0.08129,0.00142,0.000525
0,-0.203084,-0.023535,-0.290158,0.006116,-0.268788,-0.032112,0.002073,0.000411
0,-0.082611,-0.002001,0.10402,0.021623,0.070837,0.028283,0.001442,3.5e-05
0,0.011296,-0.040998,0.08981,-0.020687,0.102458,0.026436,0.000197,0.000716
0,0.006171,0.13847,-0.026591,0.171507,-0.009299,0.19844,0.000108,0.002417
0,0.024523,0.027507,0.021921,-0.118873,0.034442,-0.098537,0.000428,0.00048
0,-0.089319,0.117838,-0.092118,0.103486,-0.08688,0.112947,0.001559,0.002057
0,-0.150219,-0.052469,-0.077489,-0.181742,-0.046615,-0.16889,0.002622,0.000916
0,-0.013003,-0.02132,0.118036,0.058448,0.069624,0.018749,0.000227,0.000372
0,0.053199,0.014742,0.060102,0.058921,0.072909,0.045911,0.000928,0.000257
0,-0.167332,0.032164,-0.207708,0.030289,-0.228941,0.028752,0.002697,0.000561
0,-0.056352,-0.007708,0.082943,-0.047777,0.116501,-0.082492,0.000984,0.000135
0,0.003797,-0.007916,0.076931,-0.025205,0.124419,-0.040234,6.6e-05,0.000138
0,-0.187958,-0.097648,-0.197888,-0.107555,-0.238799,-0.06781,0.002337,0.001704
0,-0.089315,-0.109403,0.107226,0.012931,0.118165,0.048707,0.001559,0.001909
0,0.019332,-0.007563,0.128196,0.109897,0.13967,0.144719,0.000337,0.000132
0,-0.168671,-0.156982,-0.162959,-0.142196,-0.199907,-0.13481,0.002674,0.00274
0,-0.017661,0.14037,0.178233,0.270018,0.148623,0.303022,0.000308,0.00245
0,-0.052985,-0.118772,-0.057438,-0.272101,-0.068823,-0.279716,0.000925,0.002073
0,-0.126331,-0.076545,-0.049679,0.017616,-0.00512,0.008563,0.002205,0.001336
0,0.030593,-0.005525,0.16211,0.065527,0.153269,0.029996,0.000534,9.6e-05
0,-0.128962,-0.119201,-0.186029,-0.127158,-0.159967,-0.116243,0.002251,0.00208
0,-0.090759,0.081614,0.028666,0.212628,0.00104,0.190815,0.001584,0.001424
0,-0.239817,-0.030639,-0.164282,-0.114037,-0.114785,-0.083833,0.001432,0.000535
0,-0.060423,0.139482,0.152258,0.184857,0.1987,0.19023,0.001055,0.002434
0,-0.064889,0.014163,-0.023391,-0.097919,-0.048027,-0.127917,0.001133,0.000247
0,-0.213792,-0.169557,-0.127144,-0.19454,-0.083243,-0.182236,0.001886,0.002658
0,-0.113154,-0.159015,0.095421,-0.012057,0.105416,0.016135,0.001975,0.002775
0,-0.250606,-0.111033,-0.114548,0.031791,-0.161732,-0.001149,0.001244,0.001938
0,-0.174561,-0.133816,0.081742,-0.006646,0.119299,0.008941,0.002571,0.002336
0,0.081144,-0.1701,0.279735,-0.045497,0.294226,-0.03136,0.001416,0.002649
0,-0.125581,-0.115508,-0.234719,0.06653,-0.25776,0.112016,0.002192,0.002016
0,-0.053431,-0.167647,0.070788,-0.06668,0.116839,-0.035306,0.000933,0.002692
0,0.030404,-0.073574,0.08309,0.0792,0.100797,0.079496,0.000531,0.001284
0,-0.2298,-0.014308,-0.268742,0.031911,-0.252739,-0.004353,0.001607,0.00025
0,-0.142578,0.059944,0.093439,0.072583,0.076522,0.047718,0.002488,0.001046
0,-0.061355,-0.092005,0.105326,-0.152927,0.090265,-0.111769,0.001071,0.001606
0,0.017507,-0.135156,0.05525,-0.043096,0.063396,-0.090606,0.000306,0.002359
0,0.057124,-0.043235,0.061559,0.118966,0.0312,0.144175,0.000997,0.000755
0,-0.066643,0.123676,-0.142812,0.141307,-0.093059,0.161069,0.001163,0.002159
0,0.070256,-0.09595,0.106903,-0.240192,0.140738,-0.236543,0.001226,0.001675
0,0.166653,0.092421,0.093249,0.16509,0.135185,0.148044,0.002709,0.001613
0,0.048647,0.091279,-0.133613,0.016681,-0.131495,0.017165,0.000849,0.001593
0,-1.557803,0.511058,-1.596726,0.432747,-1.56276,0.43032,0.000899,0.002315
0,-2.480089,0.789812,-0.90409,0.263869,-0.861777,0.301623,0.001654,0.00255
0,-2.401781,0.844524,0.100793,0.060514,0.068278,0.020892,0.002596,0.002113
0,-2.208604,1.093494,0.220748,0.260098,0.189421,0.300364,0.000775,0.002233
0,-2.320354,1.27637,-0.136427,0.156951,-0.165194,0.110855,0.001175,0.000193
0,-1.937713,0.798172,0.374191,-0.50085,0.341868,-0.541707,0.000114,0.002696
0,-1.478256,0.793005,0.450046,-0.004222,0.440456,0.041149,0.002287,0.002606
0,-1.068574,0.586672,0.397267,-0.226737,0.397641,-0.20301,0.001798,0.000996
0,-0.741677,0.346185,0.35459,-0.211771,0.371833,-0.189841,0.00171,0.000425
0,-0.570024,0.128297,0.175332,-0.228276,0.180125,-0.256924,0.001286,0.002239
0,-0.394809,0.032858,0.203351,-0.093095,0.239324,-0.105041,0.001273,0.000573
0,0.091385,0.043043,0.486311,0.00495,0.477286,0.052694,0.001595,0.000751
0,-0.032718,-0.013246,-0.104492,-0.060639,-0.123068,-0.097005,0.000571,0.000231
0,0.130602,0.029407,0.162167,0.027381,0.157423,0.047849,0.002279,0.000513
0,0.243071,-0.287552,0.112296,-0.333888,0.143232,-0.320659,0.001375,0.000599
0,0.184505,-0.131962,-0.069111,0.18547,-0.118538,0.135855,0.002397,0.002303
0,0.22398,-0.185117,0.033357,-0.026994,0.028462,-0.072964,0.001708,0.002387
0,0.107056,-0.137806,-0.091288,0.04484,-0.065878,0.02283,0.001868,0.002405
0,0.321087,-0.155675,0.222332,-0.008176,0.248221,-0.016053,1.3e-05,0.002717
0,0.243196,-0.076783,-0.061376,0.09827,-0.072965,0.10793,0.001373,0.00134
0,0.194691,-0.005163,-0.02169,0.084598,-0.036845,0.051417,0.00222,9e-05
0,0.19109,-0.214528,0.006615,-0.232203,0.016853,-0.277168,0.002282,0.001873
0,0.20751,-0.177546,0.001015,0.049955,0.037719,0.033227,0.001996,0.002519
0,0.00693,-0.146172,-0.181632,0.048435,-0.137367,0.025423,0.000121,0.002551
0,0.071538,-0.066817,0.040033,0.094085,0.074159,0.064675,0.001249,0.001166
0,0.04426,-0.159056,-0.03906,-0.092919,-0.048686,-0.12977,0.000772,0.002776
0,-0.010779,-0.075271,-0.058458,0.104506,-0.097591,0.120195,0.000188,0.001314
0,0.097634,-0.130002,0.079268,-0.026035,0.113357,-0.054256,0.001704,0.002269
0,0.114265,-0.197025,0.008961,-0.08758,-0.03685,-0.124613,0.001994,0.002179
0,-0.087261,-0.168549,-0.173855,0.028703,-0.198779,-0.009247,0.001523,0.002676
0,-0.112231,0.013807,-0.006565,0.171338,-0.049874,0.213652,0.001959,0.000241
0,-0.111743,0.040665,0.023878,0.018823,0.071169,-0.017733,0.00195,0.00071
0,0.111217,-0.010145,0.200378,-0.048513,0.166742,-0.068537,0.001941,0.000177
0,-0.085014,0.044768,-0.182227,0.057619,-0.207985,0.019884,0.001484,0.000781
0,-0.173804,0.064129,-0.065288,-0.005168,-0.096289,-0.036234,0.002584,0.001119
0,-0.09151,0.049984,0.108008,-0.031237,0.103109,-0.009181,0.001597,0.000872
0,0.035048,0.079468,0.137683,0.055608,0.137646,0.074882,0.000612,0.001387
0,-0.074162,-0.119477,-0.129668,-0.182532,-0.116444,-0.183823,0.001294,0.002085
0,0.128552,-0.055271,0.224586,0.039505,0.204324,-0.010295,0.002244,0.000965
0,0.024293,0.105473,-0.07546,0.181929,-0.085402,0.216024,0.000424,0.001841
0,0.001779,-0.140619,-0.031674,-0.245735,-0.034722,-0.269656,3.1e-05,0.002454
0,-0.091981,-0.050776,-0.105807,0.115865,-0.0965,0.122916,0.001605,0.000886
0,-0.025826,-0.042237,0.08929,0.030176,0.075703,0.064395,0.000451,0.000737
0,0.063578,-0.043371,0.100402,0.010113,0.096684,0.035798,0.00111,0.000757
0,0.078169,0.001155,0.018503,0.058144,0.042827,0.080846,0.001364,2e-05
0,-0.039058,-0.07062,-0.141162,-0.075535,-0.14593,-0.057969,0.000682,0.001233
0,-0.064396,0.076335,-0.039217,0.174409,-0.045773,0.221223,0.001124,0.001332
0,-0.064833,-0.187264,0.018357,-0.288062,0.028944,-0.249455,0.001132,0.002349
0,-0.090366,-0.157392,-0.028526,0.039073,-0.027683,0.008252,0.001577,0.002747
0,0.086574,-0.203114,0.169733,-0.073507,0.181289,-0.055565,0.001511,0.002073
0,0.21573,0.07946,0.152267,0.262985,0.18735,0.302491,0.001852,0.001387
0,0.145994,-0.116619,-0.097625,-0.207547,-0.119328,-0.231925,0.002548,0.002035
0,0.05653,-0.170337,-0.075758,-0.032925,-0.076968,0.002787,0.000987,0.002645
0,0.043791,-0.000849,-0.032695,0.158991,-0.011643,0.144838,0.000764,1.5e-05
0,0.236168,0.033304,0.206851,0.023683,0.184506,0.040924,0.001496,0.000581
0,0.06983,-0.158109,-0.176107,-0.195571,-0.164198,-0.208863,0.001219,0.00276
0,0.186413,-0.081873,0.100939,0.104434,0.13068,0.072839,0.002364,0.001429
0,0.225985,-0.141523,0.049403,-0.048217,0.017944,0.001453,0.001673,0.00247
0,0.190526,-0.00808,-0.019074,0.105055,-0.013522,0.10252,0.002292,0.000141
0,0.10429,-0.16038,-0.109139,-0.144833,-0.144618,-0.146051,0.00182,0.002799
0,0.043989,-0.005502,-0.037722,0.139903,-0.023881,0.164354,0.000768,9.6e-05
0,0.142471,0.001781,0.121424,-0.003005,0.148065,-0.016714,0.002487,3.1e-05
0,0.154173,0.053625,0.034701,0.070998,0.054283,0.050265,0.002691,0.000936
0,0.176058,-0.064259,0.038314,-0.098902,-0.008235,-0.103747,0.002545,0.001122
0,-0.02767,-0.184814,-0.225882,-0.096793,-0.239318,-0.08557,0.000483,0.002392
0,-0.047518,-0.225283,-0.035649,-0.055879,-0.028739,-0.096771,0.000829,0.001686
0,0.106969,0.051446,0.180545,0.248846,0.192852,0.276623,0.001867,0.000898
0,0.174061,-0.050433,0.051367,-0.091806,0.007225,-0.075459,0.00258,0.00088
0,-0.048753,-0.15718,-0.222759,-0.1107,-0.258823,-0.143291,0.000851,0.002743
0,0.162052,-0.191425,0.224837,-0.036316,0.264601,-0.049177,0.002789,0.002277
0,0.273434,-0.106905,0.125566,0.08547,0.14128,0.111553,0.000845,0.001866
0,0.049614,-0.090658,-0.231955,0.012686,-0.235173,0.054827,0.000866,0.001582
0,0.068265,0.100632,-0.007852,0.174187,0.001021,0.187154,0.001191,0.001756
0,0.086316,-0.173515,0.014663,-0.287245,-0.026542,-0.252423,0.001507,0.002589
0,0.178992,-0.061662,0.075691,0.139218,0.102859,0.14998,0.002494,0.001076
0,0.250475,0.011008,0.088877,0.072131,0.127689,0.104866,0.001246,0.000192
0,0.253306,-0.203645,-0.002586,-0.210014,-0.003583,-0.229553,0.001196,0.002063
0,0.219024,0.045313,-0.029339,0.223801,0.018118,0.214233,0.001795,0.000791
0,0.004801,-0.222819,-0.20872,-0.241303,-0.229701,-0.287832,8.4e-05,0.001729
0,0.062194,-0.164153,0.073629,0.031763,0.052597,0.006588,0.001085,0.002752
0,0.045056,0.057532,-0.041027,0.23698,-0.064394,0.267126,0.000786,0.001004
0,0.115158,0.004721,0.076565,-0.080156,0.039925,-0.053721,0.00201,8.2e-05
0,-0.044634,-0.152813,-0.154035,-0.160178,-0.200534,-0.177828,0.000779,0.002667
0,0.099161,-0.050091,0.169544,0.114653,0.196022,0.138874,0.001731,0.000874
0,0.066032,-0.064325,-0.05455,-0.006443,-0.018526,0.019823,0.001152,0.001123
0,-0.036295,-0.199859,-0.09557,-0.128387,-0.055357,-0.178196,0.000633,0.002129
0,-0.127859,-0.216029,-0.113909,0.002281,-0.140229,-0.040243,0.002232,0.001847
0,-0.122491,-0.270762,0.01957,-0.036257,0.008005,-0.009711,0.002138,0.000892
0,-0.09148,-0.000897,0.045965,0.250607,0.004209,0.276367,0.001597,1.6e-05
0,-0.067521,-0.115101,0.017196,-0.10489,-0.017076,-0.079424,0.001178,0.002009
0,-0.036943,0.007085,0.007632,0.14401,0.034508,0.097186,0.000645,0.000124
0,0.004607,-0.156694,0.050372,-0.154958,0.017957,-0.115249,8e-05,0.002735
0,0.171676,-0.205392,0.17538,-0.040911,0.216975,-0.067443,0.002621,0.002033
0,-0.001571,-0.204904,-0.162453,0.021114,-0.136928,0.041257,2.7e-05,0.002041
0,0.122935,-0.038287,0.116638,0.14102,0.13921,0.186561,0.002146,0.000668
0,-0.056742,-0.190641,-0.154507,-0.138617,-0.160217,-0.122167,0.00099,0.00229
0,-0.142304,-0.027222,-0.099837,0.166308,-0.056347,0.196742,0.002484,0.000475
0,0.101204,-0.089877,0.253476,-0.074731,0.21024,-0.095242,0.001766,0.001569
0,0.115327,-0.192806,0.007998,-0.11677,-0.017072,-0.084848,0.002013,0.002252
0,0.131925,-0.15124,0.023962,0.031428,0.027578,0.028099,0.002303,0.00264
0,-0.193668,0.01926,-0.324007,0.150746,-0.354489,0.161445,0.002237,0.000336
0,0.072609,0.097103,0.255378,0.061201,0.28233,0.086864,0.001267,0.001695
0,-0.12968,-0.091362,-0.203821,-0.169471,-0.220541,-0.211657,0.002263,0.001595
0,0.101886,0.064985,0.255072,0.155288,0.20552,0.130457,0.001778,0.001134
0,0.098657,-0.127261,-0.021496,-0.193608,-0.052748,-0.20898,0.001722,0.002221
0,0.055314,0.089854,-0.048303,0.244268,-0.062696,0.267829,0.000965,0.001568
0,-0.114064,0.110528,-0.17783,-0.005209,-0.192519,-0.041975,0.001991,0.001929
0,-0.19218,0.096251,-0.06397,-0.000782,-0.09659,0.004995,0.002263,0.00168
0,-0.127539,-0.10902,0.071544,-0.234596,0.090137,-0.273549,0.002226,0.001903
0,-0.137647,-0.017481,-0.03793,0.089687,-0.064569,0.112902,0.002402,0.000305
0,-0.1347,0.063998,-0.011001,0.072614,-0.046718,0.109572,0.002351,0.001117
0,-0.046202,0.006263,0.088719,-0.047797,0.076904,-0.073286,0.000806,0.000109
0,0.073909,-0.129707,0.12049,-0.136972,0.155524,-0.184993,0.00129,0.002264
0,0.120547,0.036303,0.034473,0.173052,0.019946,0.188699,0.002104,0.000634
0,-0.035449,0.003769,-0.139426,-0.044952,-0.158968,-0.047984,0.000619,6.6e-05
0,-0.120707,-0.116367,-0.0885,-0.144898,-0.044839,-0.138046,0.002107,0.002031
0,0.026087,0.039124,0.136259,0.157126,0.159625,0.176749,0.000455,0.000683
0,0.136878,-0.016914,0.091781,-0.048391,0.124944,-0.002124,0.002389,0.000295
0,-0.012663,-0.005337,-0.146025,-0.004156,-0.171115,-0.029128,0.000221,9.3e-05
0,0.002745,-0.140555,0.013102,-0.133288,0.003792,-0.14073,4.8e-05,0.002453
0,-0.000633,-0.114986,0.001542,0.010585,0.047374,-0.019074,1.1e-05,0.002007
0,-0.033277,-0.022254,-0.046056,0.108365,-0.052026,0.112428,0.000581,0.000388
0,0.003608,0.053469,0.043562,0.101247,0.033548,0.052192,6.3e-05,0.000933
0,0.137301,0.057017,0.107419,0.001631,0.078053,-0.021856,0.002396,0.000995
0,0.147048,-0.013141,0.030834,-0.067479,0.038127,-0.069244,0.002566,0.000229
0,0.110633,-0.083494,-0.061352,-0.046321,-0.097162,-0.086184,0.001931,0.001457
0,0.151777,-0.112596,0.054553,-0.015256,0.091519,0.023894,0.002649,0.001965
0,-0.095777,0.075918,-0.267004,0.179955,-0.253759,0.168361,0.001672,0.001325
0,0.127724,0.110781,0.221684,0.063973,0.178343,0.046132,0.002229,0.001933
0,0.03528,0.058004,-0.118857,-0.031022,-0.108974,-0.056946,0.000616,0.001012
0,0.110147,0.188352,0.063478,0.10914,0.078423,0.155527,0.001922,0.00233
0,0.038399,0.141138,-0.06816,-0.064526,-0.080002,-0.056377,0.00067,0.002463
0,0.020865,0.149154,0.005661,-0.007781,0.000124,-0.030137,0.000364,0.002603
0,0.207716,-0.041306,0.197303,-0.176953,0.228716,-0.202437,0.001992,0.000721
0,0.139871,-0.037072,-0.093512,0.01206,-0.105971,-0.028464,0.002441,0.000647
0,0.179888,0.030203,0.064243,0.055088,0.083493,0.084029,0.002478,0.000527
0,0.089829,0.193289,-0.061798,0.182389,-0.07439,0.166785,0.001568,0.002244
0,0.207548,0.074344,0.130331,-0.111692,0.093338,-0.083479,0.001995,0.001298
0,0.107366,0.068644,-0.093524,0.016223,-0.135406,0.059164,0.001874,0.001198
0,0.264999,0.051491,0.139722,-0.034405,0.187267,-0.065608,0.000992,0.000899
0,0.262598,-0.060345,-0.021754,-0.101239,0.021107,-0.08801,0.001034,0.001053
0,-1.800703,0.625338,-2.033625,0.668131,-2.058319,0.677881,0.002277,0.000321
0,-2.979765,1.381635,-1.154372,0.774388,-1.115687,0.794418,0.001449,0.001644
0,-5.583341,1.513591,-2.606342,0.15515,-2.594038,0.141429,0.00195,0.00167
0,-4.64681,2.051874,0.935636,0.53249,0.985259,0.564561,0.002457,0.002107
0,-4.226625,2.265125,0.432785,0.241785,0.391849,0.213694,0.000741,0.000211
0,-3.862408,1.954838,0.390428,-0.294724,0.357979,-0.261683,2e-06,0.000413
0,-3.128438,1.333939,0.717034,-0.643563,0.731926,-0.641519,0.001574,0.000812
0,-2.490993,1.400662,0.647532,0.077795,0.59967,0.123981,0.001464,0.001976
0,-1.637826,1.053719,0.844758,-0.349375,0.84046,-0.362353,0.000498,0.001538
0,-1.29205,0.809628,0.339801,-0.217543,0.305055,-0.195129,8e-05,0.002722
0,-0.570321,0.44817,0.733157,-0.334373,0.704225,-0.348325,0.001281,0.002205
0,-0.161768,0.297614,0.438226,-0.1784,0.481308,-0.167541,0.002794,0.000423
0,0.116941,0.213748,0.258617,-0.10843,0.221013,-0.106236,0.002041,0.001887
0,-0.033632,0.0817,-0.178742,-0.124591,-0.176898,-0.096873,0.000587,0.001426
0,0.079321,-0.15586,0.09289,-0.229426,0.0507,-0.226547,0.001384,0.00272
0,0.172841,0.013082,0.072465,0.166082,0.036311,0.20775,0.002601,0.000228
0,0.057677,-0.115186,-0.138645,-0.122534,-0.092465,-0.107922,0.001007,0.00201
0,0.175898,-0.214023,0.123527,-0.078442,0.138259,-0.102951,0.002548,0.001882
0,0.100822,-0.10323,-0.088284,0.122793,-0.102866,0.115314,0.00176,0.001802
0,0.25256,-0.030925,0.146868,0.059612,0.157305,0.104895,0.00121,0.00054
0,0.32221,-0.237413,0.078365,-0.179385,0.037356,-0.223713,6e-06,0.001474
0,0.192758,-0.151212,-0.131526,0.079269,-0.136905,0.044872,0.002253,0.002639
0,0.132637,-0.235956,-0.047688,-0.114684,0.001304,-0.066126,0.002315,0.001499
0,0.119346,0.049974,0.002141,0.304626,-0.007125,0.266011,0.002083,0.000872
0,0.102506,-0.117655,-0.018856,-0.187107,0.001618,-0.216243,0.001789,0.002053
0,-0.124537,-0.154228,-0.24284,-0.057634,-0.27288,-0.080689,0.002174,0.002692
0,-0.104014,0.138995,0.028796,0.286533,-0.001366,0.31566,0.001815,0.002426
0,-0.021236,0.061945,0.073925,-0.098853,0.048506,-0.063833,0.000371,0.001081
0,-0.241406,-0.115348,-0.225571,-0.182127,-0.204884,-0.216284,0.001404,0.002013
0,-0.178579,-0.123747,0.037639,0.016672,0.064229,0.041065,0.002501,0.00216
0,0.015041,0.166454,0.190277,0.310053,0.157249,0.319405,0.000263,0.002712
0,0.078348,0.153685,0.03438,-0.029929,0.007253,-0.05805,0.001367,0.002682
0,0.023141,0.097484,-0.043628,-0.046874,-0.077642,-0.084552,0.000404,0.001701
0,0.115065,-0.023705,0.062584,-0.140868,0.074873,-0.175446,0.002008,0.000414
0,0.115707,-0.015812,0.021874,-0.01879,-0.005139,-0.025739,0.002019,0.000276
0,0.11043,-0.111618,0.021086,-0.11637,0.069345,-0.163313,0.001927,0.001948
0,-0.014033,-0.048004,-0.129338,0.063314,-0.115592,0.098908,0.000245,0.000838
0,0.07466,0.008727,0.110858,0.052079,0.146656,0.051057,0.001303,0.000152
0,-0.03875,-0.096018,-0.087891,-0.132121,-0.086882,-0.140935,0.000676,0.001676
0,0.022701,-0.101202,0.047082,-0.02384,0.05431,-0.070811,0.000396,0.001766
0,-0.078859,0.047227,-0.107643,0.149648,-0.084966,0.117847,0.001376,0.000824
0,0.118963,0.112285,0.208219,0.060835,0.195999,0.058486,0.002076,0.00196
0,0.014903,-0.130457,-0.113999,-0.263553,-0.105662,-0.21787,0.00026,0.002277
0,-0.055182,-0.093087,-0.063651,0.020236,-0.03641,-0.025046,0.000963,0.001625
0,-0.063614,0.069138,-0.004615,0.148273,-0.039081,0.103687,0.00111,0.001207
0,0.146273,0.104717,0.213614,0.013458,0.213664,-0.02814,0.002553,0.001828
0,0.106552,-0.075578,-0.044858,-0.155997,-0.050584,-0.197008,0.00186,0.001319
0,0.046959,-0.035371,-0.087481,0.039551,-0.106613,-0.006841,0.00082,0.000617
0,0.020742,0.006768,-0.037193,0.040311,0.002067,0.084841,0.000362,0.000118
0,0.11718,0.105664,0.103674,0.084173,0.120787,0.0591,0.002045,0.001844
0,0.1123,0.128734,-0.008257,0.00328,-0.05584,-0.019117,0.00196,0.002247
0,0.025013,-0.016191,-0.078383,-0.133473,-0.1051,-0.140315,0.000437,0.000283
0,-0.047489,-0.020695,-0.099539,-0.016244,-0.106201,-0.06566,0.000829,0.000361
0,-0.041399,0.043064,0.008533,0.078278,0.026029,0.083447,0.000723,0.000752
0,-0.073093,0.155002,-0.038993,0.127683,-0.02293,0.080692,0.001276,0.002705
0,0.122015,0.03631,0.179686,-0.106151,0.134824,-0.060819,0.00213,0.000634
0,-0.065072,0.01041,-0.192725,-0.013425,-0.218066,0.011488,0.001136,0.000182
0,0.151333,0.168684,0.231026,0.165157,0.265763,0.185051,0.002641,0.002673
0,-0.079936,0.159216,-0.211872,0.004064,-0.193519,-0.039106,0.001395,0.002779
0,0.177735,0.013808,0.244073,-0.117571,0.220687,-0.09799,0.002515,0.000241
0,-0.062843,0.036893,-0.243183,0.052328,-0.237321,0.060486,0.001097,0.000644
0,-0.018726,0.117204,0.067487,0.078133,0.085552,0.117423,0.000327,0.002046
0,0.050145,0.105664,0.056458,-0.022368,0.104122,0.013519,0.000875,0.001844
0,-0.001221,-0.127027,-0.052732,-0.236123,-0.054182,-0.198826,2.1e-05,0.002217
0,0.14346,-0.023303,0.173782,0.080766,0.177763,0.107905,0.002504,0.000407
0,0.139992,0.05097,0.022785,0.058282,0.029293,0.017938,0.002443,0.00089
0,-0.041419,0.013279,-0.206993,-0.044544,-0.200371,-0.044293,0.000723,0.000232
0,-0.113977,0.022671,-0.054414,-0.019176,-0.074329,0.030246,0.001989,0.000396
0,0.080708,-0.12705,0.16977,-0.178076,0.219759,-0.210093,0.001409,0.002217
0,0.064029,0.100711,-0.039547,0.232768,-0.020541,0.218104,0.001118,0.001758
0,-0.188125,0.016571,-0.276846,-0.074438,-0.250819,-0.076272,0.002334,0.000289
0,-0.079048,0.109828,0.137474,0.105172,0.174427,0.06709,0.00138,0.001917
0,0.144421,0.011306,0.242837,-0.107545,0.261712,-0.112077,0.002521,0.000197
0,-0.053685,-0.125513,-0.215485,-0.118485,-0.221323,-0.106817,0.000937,0.002191
0,0.137947,-0.089914,0.213065,0.045655,0.261528,0.006379,0.002408,0.001569
0,0.160823,-0.095085,0.037732,0.01916,-0.010644,0.04577,0.002807,0.00166
0,-0.030131,0.046352,-0.193846,0.161966,-0.21823,0.158698,0.000526,0.000809
0,0.087562,0.027785,0.130768,-0.025256,0.108562,0.002326,0.001528,0.000485
0,0.052539,0.051849,-0.055946,0.003812,-0.059002,0.043088,0.000917,0.000905
0,0.175658,-0.026239,0.112932,-0.074082,0.080734,-0.049604,0.002552,0.000458
0,0.239205,-0.081168,0.092463,-0.066373,0.108561,-0.047314,0.001443,0.001417
0,0.088964,-0.171176,-0.158966,-0.11029,-0.17479,-0.15804,0.001553,0.00263
0,0.085664,-0.06965,-0.013012,0.080451,-0.026027,0.063919,0.001495,0.001216
0,0.051568,-0.007658,-0.062409,0.091606,-0.108146,0.12924,0.0009,0.000134
0,0.187043,0.040237,0.125084,0.071846,0.106482,0.08149,0.002353,0.000702
0,0.075942,-0.025095,-0.082826,-0.058378,-0.083431,-0.082875,0.001325,0.000438
0,0.056417,-0.047655,-0.006724,-0.05153,-0.006652,-0.074787,0.000985,0.000832
0,0.185531,0.016901,0.119808,0.089974,0.128408,0.060498,0.002379,0.000295
0,0.137274,-0.060327,-0.018549,-0.056108,-0.012432,-0.06345,0.002396,0.001053
0,0.178041,-0.168256,0.059291,-0.079343,0.072009,-0.116108,0.00251,0.002681
0,0.271825,-0.182967,0.090027,-0.022479,0.085195,-0.0547,0.000873,0.002424
0,0.138937,-0.205938,-0.109634,-0.04356,-0.143672,0.001453,0.002425,0.002023
0,0.138272,-0.00456,0.009973,0.213968,-0.026093,0.170301,0.002413,8e-05
0,0.077279,-0.045557,-0.075997,-0.037485,-0.05385,-0.086212,0.001349,0.000795
0,0.072407,0.05301,-0.030359,0.125445,0.004692,0.119833,0.001264,0.000925
0,0.200436,-0.135422,0.112278,-0.168139,0.137419,-0.206998,0.002119,0.002364
0,0.120895,-0.130458,-0.097836,0.020576,-0.125356,0.049299,0.00211,0.002277
0,-0.004914,-0.003154,-0.114724,0.156342,-0.152422,0.205081,8.6e-05,5.5e-05
0,0.219349,-0.176855,0.194303,-0.192626,0.191939,-0.20547,0.001789,0.002531
0,0.008676,-0.192073,-0.23928,-0.032762,-0.211126,-0.034006,0.000151,0.002265
0,0.153833,0.00328,0.152474,0.223658,0.111127,0.189951,0.002685,5.7e-05
0,0.034783,-0.03771,-0.141504,-0.057075,-0.165638,-0.030014,0.000607,0.000658
0,0.170715,0.04559,0.155224,0.073135,0.203687,0.113722,0.002638,0.000796
0,0.045318,-0.10246,-0.122965,-0.139933,-0.119949,-0.165598,0.000791,0.001788
0,0.104265,-0.076225,0.064763,0.031467,0.054985,0.047958,0.00182,0.00133
0,0.163651,0.125197,0.085409,0.179553,0.081544,0.178109,0.002761,0.002185
0,0.186026,-0.107861,0.017306,-0.24961,-0.020029,-0.266132,0.002371,0.001883
0,-0.050363,0.037375,-0.232025,0.156385,-0.267857,0.120866,0.000879,0.000652
0,0.097325,-0.127047,0.120455,-0.146421,0.123181,-0.196336,0.001699,0.002217
0,0.005796,0.021238,-0.098284,0.140701,-0.09915,0.185563,0.000101,0.000371
0,0.135587,0.009511,0.154443,-0.024068,0.150914,-0.060439,0.002366,0.000166
0,0.147052,-0.125285,0.025828,-0.120135,-0.000567,-0.116021,0.002567,0.002187
0,0.09084,-0.14749,-0.080641,-0.017454,-0.039377,-0.027302,0.001585,0.002574
0,0.107838,0.024258,0.03035,0.185151,0.039367,0.181057,0.001882,0.000423
0,0.140126,0.136549,0.041132,0.098391,0.026393,0.067567,0.002446,0.002383
0,0.218258,0.044742,0.075498,-0.071881,0.116907,-0.027036,0.001808,0.000781
0,0.18752,0.087989,-0.033976,0.019658,-0.048679,-0.008906,0.002345,0.001536
0,0.214379,-0.048315,0.003756,-0.160616,0.005997,-0.1284,0.001876,0.000843
0,0.185002,-0.0663,0.000245,-0.002017,-0.003297,-0.019268,0.002389,0.001157
0,0.280194,-0.094034,0.085376,-0.017195,0.06246,-0.038128,0.000727,0.001641
0,0.046659,-0.035469,-0.237558,0.072997,-0.198831,0.080993,0.000814,0.000619
0,0.232727,-0.007637,0.183721,0.041506,0.151611,-0.007011,0.001556,0.000133
0,0.286425,-0.073969,0.065398,-0.079794,0.092429,-0.101891,0.000618,0.001291
0,0.280397,-0.035174,-0.035836,0.045505,-0.074952,0.00331,0.000724,0.000614
0,0.07042,-0.069016,-0.188179,-0.013591,-0.191122,-0.042527,0.001229,0.001205
0,0.041303,0.037098,-0.039452,0.093187,-0.018581,0.086053,0.000721,0.000647
0,0.071745,0.084481,0.042048,0.041325,0.056378,0.034771,0.001252,0.001474
0,0.113019,0.033855,0.059905,-0.050464,0.035603,-0.05677,0.001973,0.000591
0,0.157022,0.023117,0.068834,-0.018955,0.032956,0.026277,0.002741,0.000403
0,-0.059556,-0.085164,-0.236972,-0.117557,-0.250275,-0.136113,0.001039,0.001486
0,0.166543,0.159367,0.253547,0.253875,0.271663,0.216489,0.002711,0.002781
0,-0.008623,-0.069865,-0.182673,-0.205559,-0.148696,-0.203647,0.000151,0.001219
0,-0.018352,-0.03698,-0.010639,0.044155,-0.014057,0.060507,0.00032,0.000645
0,0.051709,0.090625,0.055788,0.131185,0.041548,0.126727,0.000902,0.001582
0,-0.006215,0.027186,-0.030454,-0.036375,-0.069506,0.011446,0.000108,0.000474
0,0.051435,0.032559,0.063488,-0.003277,0.058353,-0.041528,0.000898,0.000568
0,-0.019426,0.084072,-0.092949,0.047635,-0.123355,0.093784,0.000339,0.001467
0,0.095404,0.088199,0.136733,0.01563,0.127272,0.007946,0.001665,0.001539
0,-0.049316,0.021175,-0.116616,-0.053115,-0.118005,-0.09647,0.000861,0.00037
0,-0.059813,-0.052226,-0.019823,-0.069404,0.006273,-0.0885,0.001044,0.000912
0,-0.064172,0.052184,-0.011952,0.081633,-0.051622,0.045827,0.00112,0.000911
0,0.171893,-0.020821,0.258746,-0.083334,0.280025,-0.114648,0.002617,0.000363
0,-0.057288,0.188492,-0.220201,0.183132,-0.235951,0.212337,0.001,0.002328
0,0.090619,0.168767,0.169153,-0.03051,0.131991,-0.041253,0.001582,0.002672
0,-0.139667,0.077779,-0.216314,-0.109224,-0.264605,-0.069807,0.002438,0.001357
0,0.141089,0.035517,0.268705,-0.028135,0.228251,-0.034404,0.002462,0.00062
0,-0.014432,0.045064,-0.160022,0.016409,-0.145067,0.063174,0.000252,0.000787
0,-0.131617,0.085664,-0.088522,0.015045,-0.111648,0.018639,0.002297,0.001495
0,0.116142,0.12918,0.259813,0.067142,0.217327,0.017299,0.002027,0.002255
0,0.011357,0.001411,-0.1086,-0.129753,-0.059092,-0.159424,0.000198,2.5e-05
0,0.19181,0.177496,0.187088,0.162852,0.17088,0.114934,0.00227,0.00252
0,0.113158,0.151162,-0.093276,-0.052424,-0.1291,-0.052472,0.001975,0.002638
0,0.193649,0.074795,0.09648,-0.065824,0.115952,-0.052798,0.002238,0.001305
0,-0.001876,-0.04747,-0.208218,-0.14118,-0.225036,-0.179908,3.3e-05,0.000829
0,0.132163,0.147573,0.114133,0.1798,0.149284,0.226247,0.002307,0.002576
0,0.064974,-0.053963,-0.057757,-0.199342,-0.025403,-0.237146,0.001134,0.000942
0,-0.013566,0.016548,-0.102921,0.07609,-0.111839,0.054282,0.000237,0.000289
0,0.210234,-0.090592,0.243094,-0.108342,0.216155,-0.132761,0.001948,0.001581
0,-0.017175,-0.00963,-0.210017,0.076694,-0.22158,0.077442,0.0003,0.000168
0,0.157145,-0.051425,0.149157,-0.033112,0.123238,-0.050474,0.002743,0.000898
0,0.131463,0.113079,-0.003482,0.173137,0.014457,0.155123,0.002294,0.001974
0,0.196121,0.085274,0.039679,-0.019261,0.030206,-0.024447,0.002195,0.001488
0,0.024246,-0.026556,-0.198851,-0.11804,-0.238491,-0.135259,0.000423,0.000463
0,-0.1161,-0.096765,-0.161435,-0.096685,-0.116143,-0.110002,0.002026,0.001689
0,0.054988,-0.058724,0.175858,0.0214,0.179101,-0.008083,0.00096,0.001025
0,-0.021393,-0.163459,-0.063176,-0.082457,-0.09605,-0.039493,0.000373,0.002765
0,0.039799,-0.193521,0.036535,-0.00672,0.044056,0.010113,0.000695,0.00224
0,0.090274,-0.012319,0.055476,0.210872,0.073513,0.164669,0.001576,0.000215
0,0.073043,-0.122611,0.001342,-0.126794,0.004374,-0.138913,0.001275,0.00214
0,0.092888,-0.25498,0.009539,-0.131862,0.025615,-0.107002,0.001621,0.001167
0,0.061627,-0.255911,-0.003083,0.028317,0.016244,0.021907,0.001076,0.001151
0,-0.041105,-0.084745,-0.123156,0.178985,-0.085574,0.210375,0.000717,0.001479
0,0.179526,-0.037609,0.219096,0.03989,0.180201,0.028235,0.002484,0.000656
0,-0.016787,-0.00134,-0.186326,0.015559,-0.158259,-0.01372,0.000293,2.3e-05
0,0.11738,-0.109308,0.127589,-0.084845,0.086763,-0.049195,0.002049,0.001908
0,0.021178,-0.144606,-0.119682,-0.042076,-0.094925,-0.05509,0.00037,0.002524
0,0.041381,-0.148647,0.014043,-0.025889,-0.015487,-0.00649,0.000722,0.002594
0,0.198443,0.057547,0.181252,0.18634,0.162183,0.155621,0.002154,0.001004
0,0.060695,0.023036,-0.111706,-0.05083,-0.091407,-0.025634,0.001059,0.000402
0,-0.048688,-0.013456,-0.10501,-0.027864,-0.145458,0.019864,0.00085,0.000235
0,-0.04896,-0.178593,0.016076,-0.173373,0.028904,-0.170895,0.000855,0.0025
0,-0.046842,-0.182857,0.017213,0.024595,0.015055,0.067287,0.000818,0.002426
0,0.093125,-0.056749,0.15008,0.118323,0.197417,0.157878,0.001625,0.00099
0,-0.033025,-0.209591,-0.0978,-0.169448,-0.094171,-0.126028,0.000576,0.001959
0,0.135651,0.014152,0.178507,0.215477,0.210028,0.261697,0.002368,0.000247
0,-0.030475,-0.163909,-0.168943,-0.196975,-0.218282,-0.227878,0.000532,0.002757
0,-0.132483,-0.155748,-0.105955,0.022394,-0.072728,0.033605,0.002312,0.002718
0,-0.107098,-0.070365,0.044201,0.109837,0.074242,0.064525,0.001869,0.001228
0,-0.20762,0.010043,-0.091016,0.10962,-0.106554,0.132917,0.001994,0.000175
0,-0.285543,0.071519,-0.052107,0.072801,-0.052005,0.051345,0.000634,0.001248
0,-0.291239,0.082136,-0.011915,-0.011154,0.016871,0.000565,0.000534,0.001434
0,-0.320399,-0.111325,-0.024908,-0.212982,0.015134,-0.245995,2.5e-05,0.001943
0,-0.286231,-0.069951,0.047449,0.029412,0.091831,0.039754,0.000622,0.001221
0,-0.014014,-0.022852,0.292178,0.061844,0.305301,0.060538,0.000245,0.000399
0,-0.026989,-0.100149,0.010211,-0.057985,0.029374,-0.091999,0.000471,0.001748
0,-0.036295,-0.102949,0.011621,-0.031287,0.035994,-0.080791,0.000633,0.001797
0,-0.120953,-0.009939,-0.105292,0.088624,-0.098101,0.056454,0.002111,0.000173
0,0.05583,0.150436,0.177838,0.186909,0.1782,0.186268,0.000974,0.002626
0,-0.16096,0.022158,-0.213992,-0.103786,-0.169654,-0.137815,0.002808,0.000387
0,4e-06,-0.054739,0.170942,-0.089519,0.186791,-0.09997,0.0,0.000955
0,0.12022,0.074052,0.107665,0.148456,0.107096,0.164646,0.002098,0.001292
0,0.113722,0.016708,-0.027588,-0.049628,0.017033,-0.072505,0.001985,0.000292
0,-0.014418,-0.022647,-0.144724,-0.028188,-0.119428,-0.009518,0.000252,0.000395
0,0.146451,0.195981,0.170489,0.201395,0.135431,0.239755,0.002556,0.002197
0,0.084228,-0.014303,-0.03623,-0.221518,-0.070334,-0.241124,0.00147,0.00025
0,0.216042,0.053192,0.118193,0.057989,0.105473,0.101544,0.001847,0.000928
0,0.248684,-0.120305,0.036169,-0.17043,0.026056,-0.197001,0.001277,0.0021
0,0.137407,0.180705,-0.131104,0.314633,-0.097566,0.301032,0.002398,0.002464
0,0.120639,0.127918,0.000598,-0.039754,0.049251,-0.012141,0.002106,0.002233
0,0.272884,0.039646,0.131387,-0.109803,0.086424,-0.112563,0.000855,0.000692
0,-0.011365,-0.085259,-0.275113,-0.111501,-0.317913,-0.101787,0.000198,0.001488
0,0.252814,0.048941,0.253555,0.145347,0.259407,0.183528,0.001205,0.000854
0,-0.026117,-0.017871,-0.270216,-0.07177,-0.304985,-0.027784,0.000456,0.000312
0,0.139809,-0.081508,0.180569,-0.040726,0.15382,-0.001727,0.00244,0.001423
0,0.016076,0.085839,-0.134432,0.18615,-0.164542,0.177946,0.000281,0.001498
0,0.011596,-0.040056,-0.031136,-0.121454,-0.039311,-0.081875,0.000202,0.000699
0,-0.011579,0.077757,-0.015072,0.115354,-0.02351,0.123871,0.000202,0.001357
0,-0.037002,0.101357,-0.046469,0.039665,-0.013039,0.02544,0.000646,0.001769
0,0.106739,-0.025243,0.146006,-0.123621,0.187801,-0.134645,0.001863,0.000441
0,0.083977,0.070762,-0.021188,0.123455,-0.067159,0.111209,0.001466,0.001235
0,0.282313,0.19511,0.197991,0.119233,0.154386,0.158594,0.00069,0.002212
0,0.088603,0.007618,-0.223307,-0.213666,-0.258602,-0.247361,0.001546,0.000133
0,-0.005288,-0.03874,-0.111596,-0.044371,-0.112483,-0.048072,9.2e-05,0.000676
0,-1.721888,-0.212257,-1.721372,-0.144864,-1.708892,-0.101436,0.001965,0.001913
0,-4.990755,-0.106021,-3.26753,0.087129,-3.239538,0.075529,0.002775,0.00185
0,-5.318777,-0.2085,-0.301087,-0.085663,-0.295602,-0.085414,0.002667,0.001978
0,-5.00934,-0.331594,0.311832,-0.138293,0.286308,-0.088695,0.002451,0.00017
0,-4.323388,-0.371119,0.707236,-0.013905,0.701394,-0.024825,0.00243,0.00086
0,-3.139803,-0.260548,1.186053,0.127032,1.206,0.121762,0.001375,0.00107
0,-1.985836,-0.038897,1.176532,0.221109,1.183936,0.24034,0.000954,0.000679
0,-1.250632,-0.229927,0.742919,-0.172209,0.745094,-0.12694,0.000642,0.001605
0,-1.049852,0.000998,0.208445,0.252442,0.233834,0.23084,0.001471,1.7e-05
0,-0.566291,-0.096917,0.457187,-0.121714,0.489394,-0.125202,0.001351,0.001692
0,-0.339905,0.129781,0.208685,0.254379,0.213824,0.261691,0.000315,0.002265
0,-0.101411,-0.090613,0.264327,-0.238206,0.22537,-0.258183,0.00177,0.001581
0,0.349612,-0.081167,0.436729,-0.020029,0.387518,0.020097,0.000484,0.001417
0,0.352447,0.043998,0.019331,0.14096,0.043686,0.13558,0.000534,0.000768
0,0.331928,0.009657,-0.025996,-0.04811,-0.062594,-0.025217,0.000176,0.000169
0,0.127799,0.094424,-0.191126,0.086866,-0.191067,0.043402,0.002231,0.001648
0,0.297717,0.107442,0.14508,0.033038,0.177342,0.018587,0.000421,0.001875
0,0.222364,-0.077231,-0.086601,-0.208948,-0.109539,-0.231969,0.001737,0.001348
0,0.195627,0.002444,-0.025319,0.10731,-0.029826,0.071769,0.002203,4.3e-05
0,0.314623,0.119784,0.096808,0.102039,0.129601,0.14706,0.000126,0.002091
0,0.22716,0.148113,-0.102611,0.020685,-0.112571,-0.015382,0.001653,0.002585
0,0.2239,-0.089538,-0.03055,-0.217105,-0.06599,-0.20998,0.00171,0.001563
0,0.355738,-0.024171,0.146025,0.08972,0.181961,0.10294,0.000591,0.000422
0,0.299003,0.094008,-0.058389,0.136742,-0.031898,0.174762,0.000399,0.001641
0,0.237757,0.10084,-0.031814,0.023129,-0.036377,0.008558,0.001468,0.00176
0,0.104755,-0.079833,-0.121002,-0.195701,-0.160273,-0.205453,0.001828,0.001393
0,0.083849,-0.042841,-0.041232,0.030319,-0.049509,0.039489,0.001463,0.000748
0,0.056282,-0.039618,-0.046581,-0.016961,-0.020597,0.013083,0.000982,0.000691
0,0.284651,-0.127987,0.223288,-0.102479,0.259029,-0.118268,0.000649,0.002234
0,0.093168,-0.117474,-0.167836,-0.009482,-0.178579,-0.038633,0.001626,0.00205
0,0.300143,0.028155,0.191142,0.118533,0.170447,0.079701,0.000379,0.000491
0,0.089389,0.016334,-0.212881,-0.033497,-0.256692,-0.057568,0.00156,0.000285
0,0.06546,0.056301,-0.026886,0.034985,0.010392,0.022058,0.001142,0.000983
0,-0.013632,0.128323,-0.074237,0.067184,-0.079647,0.095462,0.000238,0.00224
0,-0.032057,-0.063102,-0.008358,-0.164154,0.015039,-0.206966,0.000559,0.001101
0,-0.076967,0.025045,-0.045347,0.114404,-0.020212,0.086689,0.001343,0.000437
0,-0.019219,-0.144074,0.05249,-0.195073,0.023381,-0.169381,0.000335,0.002515
0,0.024668,0.084466,0.060122,0.231872,0.081143,0.267687,0.000431,0.001474
0,0.128251,-0.017688,0.093005,-0.117986,0.057306,-0.110762,0.002238,0.000309
0,-0.122402,0.02971,-0.255591,0.021612,-0.273578,-0.012709,0.002136,0.000519
0,0.032841,-0.162606,0.142124,-0.184688,0.148436,-0.219509,0.000573,0.002779
0,-0.158512,-0.042781,-0.198315,0.11058,-0.204608,0.063606,0.002767,0.000747
0,-0.103884,-0.004172,0.03647,0.016639,0.022163,-0.01525,0.001813,7.3e-05
0,-0.065665,0.062198,0.037934,0.067415,0.066357,0.040326,0.001146,0.001086
0,-0.257501,0.030322,-0.167542,-0.050539,-0.143653,-0.08985,0.001123,0.000529
0,-0.021966,-0.005638,0.21392,-0.029993,0.200566,-0.066915,0.000383,9.8e-05
0,-0.012469,-0.03212,-0.006863,-0.031296,-0.031352,0.013041,0.000218,0.000561
0,-0.063093,-0.149357,-0.031675,-0.112939,-0.062476,-0.08101,0.001101,0.002607
0,-0.008217,-0.094738,0.082246,0.056292,0.109542,0.071817,0.000143,0.001653
0,0.091948,-0.053099,0.108715,0.031687,0.155307,0.063266,0.001605,0.000927
0,0.038608,0.067719,-0.06692,0.122535,-0.088562,0.1454,0.000674,0.001182
0,-0.08604,-0.130125,-0.096483,-0.219014,-0.13434,-0.243125,0.001502,0.002271
0,-0.19925,-0.128368,-0.140216,0.026783,-0.106272,-0.018823,0.00214,0.00224
0,0.083945,-0.102022,0.289208,0.041553,0.329912,-0.002533,0.001465,0.001781
0,0.003586,0.133954,-0.090222,0.242875,-0.135115,0.193563,6.3e-05,0.002338
0,-0.187848,0.012717,-0.184181,-0.094844,-0.203598,-0.133001,0.002339,0.000222
0,-0.046089,0.08827,0.131112,0.076598,0.127832,0.061675,0.000804,0.001541
0,-0.102392,-0.10113,-0.060674,-0.183963,-0.011872,-0.17226,0.001787,0.001765
0,-0.133215,-0.02242,-0.020584,0.053105,-0.027293,0.096211,0.002325,0.000391
0,0.054888,0.123451,0.160222,0.137842,0.174849,0.171617,0.000958,0.002155
0,-0.110637,0.083116,-0.165256,-0.027363,-0.20517,-0.077274,0.001931,0.001451
0,-0.185626,-0.049598,-0.084922,-0.112698,-0.126373,-0.122911,0.002378,0.000866
0,0.034663,-0.108606,0.221559,-0.078181,0.19993,-0.097634,0.000605,0.001896
0,-0.195296,0.125299,-0.205677,0.26347,-0.210348,0.253652,0.002209,0.002187
0,-0.128464,0.079769,0.062533,-0.01969,0.047038,0.012743,0.002242,0.001392
0,-0.103068,-0.154743,0.008796,-0.264392,0.000176,-0.297866,0.001799,0.002701
0,-0.096852,0.005423,-0.004359,0.188887,0.036267,0.19808,0.00169,9.5e-05
0,0.049287,-0.025038,0.128381,-0.021757,0.092034,0.005773,0.00086,0.000437
0,-0.069407,-0.079734,-0.089732,-0.063677,-0.071076,-0.111798,0.001211,0.001392
0,-0.02443,-0.065371,0.016414,0.002984,0.058652,0.0035,0.000426,0.001141
0,-0.061189,-0.05581,-0.042192,0.02393,-0.02703,-0.008916,0.001068,0.000974
0,-0.098519,-0.183982,-0.064688,-0.15686,-0.062307,-0.155277,0.001719,0.002406
0,0.098908,-0.147771,0.189597,0.065458,0.141353,0.09545,0.001726,0.002579
0,-0.118765,-0.013083,-0.212829,0.142837,-0.239191,0.170491,0.002073,0.000228
0,-0.015736,-0.110105,0.080825,-0.089758,0.069283,-0.127045,0.000275,0.001922
0,-0.053834,-0.200937,-0.017717,-0.073918,0.007788,-0.04948,0.00094,0.00211
0,-0.047862,0.048946,-0.001941,0.261164,-0.027605,0.235231,0.000835,0.000854
0,0.085943,-0.160221,0.153388,-0.204357,0.142277,-0.18301,0.0015,0.002796
0,-0.040279,-0.204999,-0.1297,-0.038966,-0.165655,-0.046179,0.000703,0.00204
0,0.080865,-0.019188,0.108536,0.188322,0.156645,0.194977,0.001411,0.000335
0,-0.068732,-0.022389,-0.150325,0.003706,-0.107987,0.049725,0.0012,0.000391
0,-0.031911,0.015254,0.054533,0.05423,0.023836,0.076528,0.000557,0.000266
0,0.125482,-0.031817,0.135362,-0.063697,0.181592,-0.093629,0.00219,0.000555
0,-0.003414,0.083322,-0.137984,0.106199,-0.107898,0.138931,6e-05,0.001454
0,-0.025179,0.071378,-0.004179,0.006507,-0.053889,0.001571,0.000439,0.001246
0,0.112876,0.091608,0.134503,0.0022,0.102846,0.030226,0.00197,0.001599
0,0.070382,0.047809,-0.061617,-0.032795,-0.047527,-0.054422,0.001228,0.000834
0,0.144662,-0.07645,0.0622,-0.142303,0.041329,-0.177827,0.002525,0.001334
0,0.076918,0.017437,-0.083273,0.123582,-0.086446,0.084013,0.001342,0.000304
0,0.025794,0.110402,-0.069471,0.106298,-0.034379,0.098408,0.00045,0.001927
0,0.054573,0.076104,0.049265,-0.012939,0.009398,-0.03992,0.000952,0.001328
0,0.128762,-0.133819,0.075223,-0.221164,0.066749,-0.214931,0.002247,0.002336
0,-0.096428,-0.149914,-0.220944,-0.021523,-0.176887,-0.002297,0.001683,0.002616
0,0.024416,-0.129738,0.119689,0.005963,0.07448,0.031893,0.000426,0.002264
0,-0.145543,0.140057,-0.187895,0.287461,-0.184768,0.269953,0.00254,0.002444
0,-0.093479,-0.13155,0.03606,-0.281606,0.062805,-0.27821,0.001632,0.002296
0,-0.040755,0.031992,0.04473,0.159447,0.082309,0.132496,0.000711,0.000558
0,0.041725,-0.11521,0.081564,-0.142982,0.106773,-0.109646,0.000728,0.002011
0,-0.112217,0.054774,-0.153153,0.154654,-0.141874,0.122017,0.001959,0.000956
0,-0.01404,-0.183603,0.123746,-0.223658,0.151614,-0.188193,0.000245,0.002413
0,0.122184,0.033344,0.160219,0.219216,0.169179,0.21368,0.002133,0.000582
0,0.149083,-0.179883,0.026106,-0.202405,0.057792,-0.233155,0.002602,0.002478
0,0.182541,-0.01162,0.041035,0.144811,0.07442,0.191981,0.002432,0.000203
0,0.101807,-0.174812,-0.061251,-0.184823,-0.041774,-0.141219,0.001777,0.002566
0,0.242336,-0.013843,0.140958,0.177427,0.160429,0.136005,0.001388,0.000242
0,0.236937,0.125712,0.024353,0.150217,0.019568,0.166823,0.001482,0.002194
0,0.114492,0.073445,-0.105593,-0.025257,-0.112071,-0.059497,0.001998,0.001282
0,0.207062,-0.008446,0.0635,-0.057506,0.091113,-0.011364,0.002004,0.000147
0,0.057043,0.04052,-0.158255,0.06347,-0.184048,0.056047,0.000996,0.000707
0,0.075447,0.097425,0.009183,0.062256,0.022153,0.091721,0.001317,0.0017
0,0.234622,-0.159122,0.187784,-0.237602,0.224259,-0.229118,0.001523,0.002777
0,0.106676,0.072012,-0.112054,0.23598,-0.068375,0.251758,0.001862,0.001257
0,0.085488,-0.17826,-0.003443,-0.27,0.016678,-0.299399,0.001492,0.002506
0,0.033906,-0.01044,-0.042303,0.156218,-0.059015,0.169874,0.000592,0.000182
0,0.12462,-0.128093,0.064683,-0.089529,0.079631,-0.103245,0.002175,0.002236
0,0.272026,-0.029047,0.175204,0.088453,0.182315,0.039788,0.00087,0.000507
0,0.212334,0.062389,-0.046667,0.06561,-0.079491,0.110455,0.001912,0.001089
0,0.129573,-0.098251,-0.067963,-0.133321,-0.08285,-0.11869,0.002261,0.001715
0,0.073012,-0.130958,-0.066422,-0.052331,-0.083133,-0.026877,0.001274,0.002286
0,0.213755,0.025708,0.119632,0.14632,0.089841,0.108434,0.001887,0.000449
0,-0.062563,0.100073,-0.281112,0.083224,-0.246846,0.089913,0.001092,0.001747
0,-0.123161,0.01337,-0.053206,-0.111386,-0.018244,-0.122326,0.00215,0.000233
0,0.084347,-0.082664,0.213467,-0.094894,0.212595,-0.058584,0.001472,0.001443
0,0.074622,0.154758,-0.009043,0.214156,0.029669,0.2342,0.001302,0.002701
0,0.097843,-0.126587,0.034464,-0.304592,0.07608,-0.330468,0.001708,0.002209
0,-0.097849,0.079044,-0.187894,0.224595,-0.180376,0.246746,0.001708,0.00138
0,0.179876,0.011123,0.272095,-0.046193,0.254191,-0.040189,0.002478,0.000194
0,-0.081612,0.003878,-0.291185,-0.018003,-0.276148,-0.06331,0.001424,6.8e-05
0,-0.066764,-0.007646,0.013973,-0.03532,0.022943,-0.029895,0.001165,0.000133
0,0.111474,-0.033699,0.193985,-0.019853,0.159987,-0.064561,0.001946,0.000588
0,-0.166647,-0.087081,-0.293462,-0.062799,-0.281784,-0.057896,0.002709,0.00152
0,0.041437,-0.032201,0.182297,0.039162,0.16099,0.081395,0.000723,0.000562
0,-0.003862,-0.062499,-0.020324,-0.005863,-0.049547,0.026734,6.7e-05,0.001091
0,-0.159004,0.022699,-0.129822,0.104889,-0.104341,0.094246,0.002775,0.000396
0,-0.213974,-0.103948,-0.053896,-0.132316,-0.040762,-0.148013,0.001883,0.001814
0,-0.034758,-0.019278,0.171737,0.092701,0.194947,0.092698,0.000607,0.000336
0,-0.085908,0.161218,-0.027926,0.208336,-0.037241,0.221099,0.001499,0.002804
0,-0.115223,-0.093198,-0.054914,-0.271509,-0.009025,-0.317831,0.002011,0.001627
0,-0.163875,-0.085621,-0.065721,0.021359,-0.083551,0.065821,0.002757,0.001494
0,-0.098941,0.123243,0.077402,0.20081,0.109244,0.17451,0.001727,0.002151
0,-0.272623,-0.006182,-0.169782,-0.101454,-0.160978,-0.113176,0.000859,0.000108
0,-0.092095,0.110509,0.193255,0.114853,0.20595,0.121042,0.001607,0.001929
0,-0.16178,-0.013954,-0.040859,-0.134223,-0.038544,-0.166364,0.002794,0.000244
0,-0.042224,0.061742,0.095192,0.057259,0.048888,0.064769,0.000737,0.001078
0,0.008096,0.110404,0.069766,0.06723,0.031002,0.062276,0.000141,0.001927
0,0.012812,0.073019,-0.0146,-0.042507,0.011886,-0.021328,0.000224,0.001274
0,-0.097914,-0.109137,-0.139782,-0.163901,-0.186898,-0.170224,0.001709,0.001905
0,-0.208319,-0.119368,-0.127687,-0.038049,-0.09053,-0.007579,0.001982,0.002083
0,-0.207161,0.107035,0.026469,0.232904,0.007028,0.183076,0.002002,0.001868
0,0.029312,0.070891,0.228494,-0.028224,0.199689,-0.032898,0.000512,0.001237
0,-0.068683,0.110841,-0.069085,0.063801,-0.043224,0.051447,0.001199,0.001935
0,-0.022052,0.007521,0.019336,-0.096497,0.022299,-0.118088,0.000385,0.000131
0,0.088057,0.044335,0.10336,0.059909,0.148089,0.075581,0.001537,0.000774
0,0.088857,-0.140305,-0.028316,-0.161137,-0.071574,-0.181616,0.001551,0.002449
0,0.108947,0.099341,0.026374,0.216274,0.0008,0.169584,0.001901,0.001734
0,-0.073243,-0.099162,-0.189952,-0.224718,-0.142169,-0.253517,0.001278,0.001731
0,0.152884,-0.08176,0.256086,0.021409,0.290861,0.04287,0.002668,0.001427
0,0.063721,0.005672,-0.060038,0.095024,-0.013067,0.070236,0.001112,9.9e-05
0,0.020678,0.148793,-0.0344,0.113941,-0.020706,0.0931,0.000361,0.002597
0,-0.024242,-0.091677,-0.071778,-0.264915,-0.026221,-0.305657,0.000423,0.0016
0,-0.059672,0.024081,-0.015175,0.128783,0.010518,0.091988,0.001041,0.00042
0,-0.084059,-0.101461,-0.040479,-0.111373,-0.000247,-0.068413,0.001467,0.001771
0,-0.043627,0.11235,0.01982,0.221363,0.061705,0.197975,0.000761,0.001961
0,0.097778,0.112203,0.162195,0.01109,0.117814,0.025633,0.001707,0.001958
0,-0.025237,-0.015953,-0.122421,-0.15115,-0.102755,-0.13955,0.00044,0.000278
0,0.108295,0.007815,0.149836,0.023727,0.170925,0.034185,0.00189,0.000136
0,0.254419,0.050647,0.172597,0.018207,0.149866,0.044069,0.001177,0.000884
0,0.237667,-0.106505,-0.002736,-0.143145,0.009061,-0.130335,0.001469,0.001859
0,0.150434,-0.079062,-0.112524,-0.001446,-0.106545,-0.025642,0.002626,0.00138
0,0.28454,-0.141145,0.118936,-0.045343,0.083239,-0.049755,0.000651,0.002463
0,0.185061,0.084608,-0.106961,0.226118,-0.085038,0.186537,0.002388,0.001477
0,0.048459,0.069318,-0.12579,-0.026751,-0.169368,-0.069981,0.000846,0.00121
0,0.312016,-0.06287,0.238907,-0.159931,0.198616,-0.153225,0.000172,0.001097
0,0.201073,-0.013056,-0.138507,0.05081,-0.098544,0.060213,0.002108,0.000228
0,0.259903,0.043941,0.087859,0.035736,0.119236,0.073832,0.001081,0.000767
0,0.169763,0.066312,-0.086121,0.000643,-0.099114,-0.042861,0.002655,0.001157
0,0.095039,-0.081765,-0.102358,-0.126703,-0.12185,-0.125936,0.001659,0.001427
0,0.207278,-0.109419,0.130166,-0.020745,0.143108,0.021127,0.002,0.00191
0,0.189813,0.187513,-0.008707,0.280106,-0.034994,0.247988,0.002305,0.002345
0,0.074466,0.085569,-0.099169,-0.099468,-0.053156,-0.088612,0.0013,0.001493
0,0.158266,0.176511,0.110469,0.071545,0.148716,0.043369,0.002762,0.002537
0,0.046106,0.082082,-0.135773,-0.107274,-0.140653,-0.147058,0.000805,0.001433
0,0.080693,0.130147,0.064515,0.060439,0.088141,0.101053,0.001408,0.002271
0,0.227929,0.12321,0.169335,-0.027238,0.192744,-0.053657,0.001639,0.00215
0,0.106089,0.169539,-0.116528,0.042393,-0.105744,0.090467,0.001852,0.002658
0,0.050151,-0.014075,-0.037863,-0.199621,-0.068837,-0.236105,0.000875,0.000246
0,0.037823,0.01494,-0.033891,0.043821,0.010244,0.026394,0.00066,0.000261
0,0.183498,0.021933,0.119213,0.021505,0.07827,0.047771,0.002415,0.000383
0,0.127823,-0.085784,-0.066552,-0.10209,-0.094828,-0.059662,0.002231,0.001497
0,0.11927,0.059093,-0.008979,0.116456,-0.033074,0.143315,0.002082,0.001031
0,0.159009,0.037947,0.032627,-0.003408,0.000232,-0.009127,0.002775,0.000662
0,0.078161,0.038025,-0.104509,-0.008456,-0.113954,-0.027216,0.001364,0.000664
0,0.041695,0.090174,-0.015986,0.07138,-0.064827,0.097841,0.000728,0.001574
0,-0.073556,0.007037,-0.087828,-0.082464,-0.087851,-0.110828,0.001284,0.000123
0,-0.091327,0.137161,-0.047241,0.151226,-0.045891,0.184107,0.001594,0.002394
0,0.015667,0.112792,0.102949,-0.010282,0.120416,0.002403,0.000273,0.001969
0,0.090324,0.147662,0.053795,0.037447,0.007318,0.000167,0.001576,0.002577
0,0.182467,0.079975,0.112498,-0.044746,0.112839,-0.000833,0.002433,0.001396
0,0.055153,0.207304,-0.10112,0.107396,-0.051814,0.145256,0.000963,0.001999
0,-0.055063,0.036348,-0.092581,-0.192197,-0.096881,-0.184069,0.000961,0.000634
0,-0.093643,0.151527,-0.02679,0.13797,0.003012,0.129775,0.001634,0.002645
0,-0.082464,0.109455,0.03067,-0.021415,0.016957,-0.018956,0.001439,0.00191
0,0.130141,0.101911,0.23406,-0.014188,0.192332,-0.041334,0.002271,0.001779
0,0.083897,-0.004798,-0.045929,-0.128198,-0.038617,-0.11171,0.001464,8.4e-05
0,-0.144183,0.202575,-0.227982,0.220446,-0.226353,0.252631,0.002516,0.002082
0,0.029681,0.136148,0.158127,-0.077357,0.207002,-0.117409,0.000518,0.002376
0,-0.086607,0.148094,-0.104752,0.009003,-0.102027,-0.012993,0.001512,0.002585
0,-0.058397,0.150152,0.015742,-0.016356,0.007457,-0.054475,0.001019,0.002621
0,0.13075,-0.04306,0.186916,-0.163961,0.150636,-0.125624,0.002282,0.000752
0,0.159303,0.078276,0.049406,0.135111,0.039918,0.110741,0.00278,0.001366
0,-0.074807,0.097717,-0.229767,0.032304,-0.277314,0.071501,0.001306,0.001705
0,0.162633,0.01624,0.248565,-0.070165,0.274146,-0.117625,0.002779,0.000283
0,0.08925,0.174614,-0.052219,0.130164,-0.040449,0.086602,0.001558,0.00257
0,-0.007756,0.083832,-0.101542,-0.089862,-0.080684,-0.078061,0.000135,0.001463
0,0.065377,0.026643,0.053806,-0.04979,0.089449,-0.09978,0.001141,0.000465
0,0.054963,0.01499,-0.0395,-0.023849,-0.006937,-0.044355,0.000959,0.000262
0,-0.010158,0.167593,-0.078222,0.142349,-0.091348,0.183644,0.000177,0.002692
0,0.222182,0.042334,0.210857,-0.117071,0.252143,-0.122942,0.00174,0.000739
0,0.05061,-0.054489,-0.172729,-0.111573,-0.157073,-0.068821,0.000883,0.000951
0,0.212122,0.120854,0.191053,0.172911,0.15908,0.196733,0.001915,0.002109
0,0.058002,-0.03045,-0.133908,-0.141484,-0.087084,-0.144596,0.001012,0.000531
0,0.107654,-0.100472,0.064492,-0.089563,0.096569,-0.094123,0.001879,0.001754
0,0.021825,0.084368,-0.062643,0.18119,-0.100604,0.184579,0.000381,0.001473
0,0.156806,0.134978,0.141389,0.04376,0.151595,-0.000914,0.002737,0.002356
0,0.154046,-0.000314,-0.012686,-0.1211,0.017856,-0.128927,0.002689,5e-06
0,-0.082162,-0.042297,-0.257507,-0.018872,-0.274298,0.030135,0.001434,0.000738
0,-0.045401,-0.04307,0.050483,0.019336,0.006389,0.051959,0.000792,0.000752
0,0.057869,-0.089759,0.131664,-0.071152,0.120257,-0.066095,0.00101,0.001567
0,0.129717,0.10002,0.059099,0.201942,0.094795,0.220218,0.002264,0.001746
0,-0.03805,-1.2e-05,-0.153374,-0.102833,-0.177147,-0.098934,0.000664,0.0
0,0.030944,0.093881,0.053859,0.064089,0.102908,0.048524,0.00054,0.001639
0,-0.034711,-0.068473,-0.073522,-0.192275,-0.026143,-0.211542,0.000606,0.001195
0,-0.014372,0.149992,0.038754,0.191334,0.019952,0.164392,0.000251,0.002618
0,0.190513,0.097536,0.208567,-0.064018,0.190129,-0.060972,0.002292,0.001702
0,0.072425,0.057075,-0.126575,-0.046881,-0.133786,-0.07261,0.001264,0.000996
0,-0.053322,0.169897,-0.099679,0.092251,-0.104843,0.073808,0.000931,0.002652
0,0.146401,0.167144,0.187907,0.011842,0.212728,0.046979,0.002555,0.0027
0,-0.058257,0.204751,-0.179504,0.027054,-0.203742,0.00954,0.001017,0.002044
0,0.13018,0.166777,0.171171,-0.053668,0.162182,-0.097806,0.002272,0.002707
0,-0.066055,-0.079964,-0.177078,-0.248617,-0.21731,-0.229509,0.001153,0.001396
0,-0.111942,0.090417,-0.022435,0.14158,0.013431,0.177889,0.001954,0.001578
0,0.069552,0.036004,0.17631,-0.051127,0.200806,-0.069225,0.001214,0.000628
0,0.002692,0.129953,-0.064798,0.078564,-0.088749,0.064264,4.7e-05,0.002268
0,-0.040363,-0.006565,-0.065537,-0.117108,-0.064104,-0.101208,0.000704,0.000115
0,0.052588,0.171066,0.101518,0.186641,0.118459,0.165686,0.000918,0.002632
0,0.06408,-0.095699,0.003011,-0.251963,-0.034854,-0.269794,0.001118,0.00167
0,0.155561,0.124358,0.094851,0.21495,0.112111,0.261368,0.002715,0.00217
0,0.147319,0.198409,-0.020238,0.089293,0.027707,0.124716,0.002571,0.002155
0,0.187609,0.08174,0.033646,-0.135369,0.080657,-0.098719,0.002343,0.001427
0,-0.011212,0.086963,-0.18714,-0.011814,-0.218451,-0.05744,0.000196,0.001518
0,0.024622,0.021075,0.032234,-0.090484,-0.015487,-0.080427,0.00043,0.000368
0,0.134085,0.03323,0.092036,0.003009,0.131693,-0.00137,0.00234,0.00058
0,0.080662,0.058123,-0.03945,0.054841,0.006993,0.062965,0.001408,0.001014
0,-0.106278,0.078133,-0.166877,0.045388,-0.20456,0.081099,0.001855,0.001364
0,-0.120691,0.048694,-0.030224,-0.046445,-0.07584,-0.070345,0.002106,0.00085
0,0.144427,0.130762,0.243801,0.087329,0.21071,0.065287,0.002521,0.002282
0,-0.108164,0.007594,-0.2762,-0.141018,-0.278601,-0.120683,0.001888,0.000133
0,-0.073046,-0.090992,0.021393,-0.076319,0.065869,-0.0845,0.001275,0.001588
0,-0.005179,0.125244,0.064814,0.198027,0.062759,0.207006,9e-05,0.002186
0,-0.033549,0.116323,-0.042883,0.007952,-0.08971,0.024668,0.000586,0.00203
0,0.157511,0.091987,0.192163,-0.023036,0.202255,-0.014613,0.002749,0.001605
0,0.131881,-0.010714,-0.031263,-0.116273,0.01146,-0.098334,0.002302,0.000187
0,0.127555,-0.076691,-0.015296,-0.078731,0.021899,-0.038504,0.002226,0.001339
0,0.218081,-0.042446,0.066159,0.005664,0.08976,0.024109,0.001811,0.000741
0,0.101397,0.149656,-0.094033,0.163905,-0.10841,0.183196,0.00177,0.002612
0,-0.071675,0.042083,-0.143848,-0.132608,-0.131219,-0.132711,0.001251,0.000734
0,0.120215,-0.015535,0.178369,-0.052172,0.191882,-0.004712,0.002098,0.000271
0,0.113728,0.04892,0.005049,0.053545,0.005275,0.043339,0.001985,0.000854
0,0.139856,0.010274,0.030364,-0.061381,0.044007,-0.039129,0.002441,0.000179
0,-0.039441,0.000663,-0.183146,0.012685,-0.229432,-0.026392,0.000688,1.2e-05
0,0.023421,0.078854,0.065967,0.077299,0.074285,0.038351,0.000409,0.001376
0,0.106418,0.158958,0.094978,0.094723,0.118701,0.053039,0.001857,0.002774
0,0.091502,0.203929,0.006261,0.039911,-0.042027,0.072409,0.001597,0.002058
0,-0.116341,0.042401,-0.220437,-0.166416,-0.229033,-0.134963,0.002031,0.00074
0,0.073413,-0.057837,0.165854,-0.109718,0.142958,-0.13692,0.001281,0.001009
0,-0.111188,0.017803,-0.192822,0.057977,-0.190915,0.098627,0.001941,0.000311
0,0.142418,0.056901,0.256538,0.025706,0.267205,0.03312,0.002486,0.000993
0,0.054412,0.040683,-0.084647,-0.013516,-0.076533,-0.044095,0.00095,0.00071
0,-0.055714,0.079628,-0.082098,0.067733,-0.073605,0.086655,0.000972,0.00139
0,-0.166147,0.180893,-0.124916,0.118902,-0.124415,0.125187,0.002718,0.00246
0,0.012156,0.160434,0.152458,-0.050099,0.166481,-0.088324,0.000212,0.0028
0,0.125914,-0.046121,0.121023,-0.192418,0.140662,-0.215743,0.002198,0.000805
0,0.122882,0.058207,0.020814,0.104495,-0.015924,0.104281,0.002145,0.001016
0,-0.069034,0.137019,-0.169609,0.088727,-0.209248,0.121861,0.001205,0.002391
0,0.062508,-0.072223,0.120346,-0.205993,0.09776,-0.244044,0.001091,0.001261
0,-0.069549,0.0202,-0.126818,0.08079,-0.127395,0.052217,0.001214,0.000353
0,-0.067342,0.162262,-0.009991,0.116185,-0.034651,0.076457,0.001175,0.002786
0,-0.140947,0.069167,-0.078681,-0.106373,-0.116143,-0.064425,0.00246,0.001207
0,-0.155971,0.098921,-0.028351,0.050531,0.000804,0.094275,0.002722,0.001726
0,-0.133541,0.041156,-0.001256,-0.05995,-0.027914,-0.082568,0.002331,0.000718
0,0.123879,0.015214,0.245891,-0.029945,0.198274,-0.015388,0.002162,0.000266
0,0.182873,-0.13649,0.043939,-0.161054,0.017432,-0.175317,0.002426,0.002382
0,-0.091743,0.051616,-0.252517,0.175641,-0.2745,0.20163,0.001601,0.000901
0,0.123435,-0.048032,0.208077,-0.120081,0.25699,-0.157774,0.002154,0.000838
0,0.106683,0.041365,-0.0281,0.076859,0.002155,0.054293,0.001862,0.000722
0,0.130014,0.090228,0.024042,0.036428,0.005767,-0.012082,0.002269,0.001575
0,-0.088898,-0.040603,-0.238468,-0.137197,-0.277884,-0.138979,0.001552,0.000709
0,-0.090678,-0.032162,0.004278,0.011587,-0.004119,0.021088,0.001583,0.000561
0,-0.076676,0.120021,-0.007288,0.127872,-0.04805,0.091818,0.001338,0.002095
0,0.070311,-0.127537,0.150852,-0.267432,0.137134,-0.253796,0.001227,0.002226
0,-0.041065,0.013287,-0.090936,0.118714,-0.043192,0.120222,0.000717,0.000232
0,0.053444,-0.000469,0.103321,-0.019515,0.074098,-0.064957,0.000933,8e-06
0,0.090493,-0.17018,0.01526,-0.161358,0.016943,-0.180095,0.001579,0.002647
0,-0.077028,0.102829,-0.192732,0.262083,-0.186631,0.220257,0.001344,0.001795
0,0.052392,-0.163189,0.12567,-0.269279,0.102485,-0.228046,0.000914,0.002769
0,0.06543,-0.059323,0.006099,0.100135,-0.028658,0.104726,0.001142,0.001035
0,0.116878,-0.060331,0.066654,0.016613,0.045347,-0.00108,0.00204,0.001053
0,0.022775,0.070636,-0.116325,0.114141,-0.148825,0.097364,0.000397,0.001233
0,-0.091159,-0.14141,-0.124181,-0.215037,-0.127825,-0.198666,0.001591,0.002468
0,0.110446,0.024603,0.227312,0.155253,0.215927,0.187655,0.001928,0.000429
0,0.096213,0.03489,-0.025838,0.022548,-0.07187,0.000853,0.001679,0.000609
0,0.119485,-0.091511,0.042664,-0.101713,0.055895,-0.073527,0.002085,0.001597
0,-0.078153,-0.159009,-0.183639,-0.069829,-0.193266,-0.109989,0.001364,0.002775
0,-0.094242,0.066051,-0.034559,0.217133,-0.054867,0.200749,0.001645,0.001153
0,0.073199,-0.007468,0.149537,-0.074793,0.162309,-0.075431,0.001278,0.00013
0,0.080775,-0.039272,-0.015665,-0.035475,-0.041147,-0.026229,0.00141,0.000685
0,-0.067638,0.086776,-0.134878,0.112582,-0.086901,0.145959,0.001181,0.001515
0,0.066696,0.097541,0.162822,0.021081,0.149981,-0.014945,0.001164,0.001702
0,0.023886,-0.029957,-0.042584,-0.141628,-0.010143,-0.177844,0.000417,0.000523
0,-0.01582,-0.032805,-0.024171,-0.000674,0.010212,0.009866,0.000276,0.000573
0,-0.157782,-0.007252,-0.129362,0.050491,-0.139454,0.007938,0.002754,0.000127
0,-0.193064,0.076557,-0.051616,0.087814,-0.072144,0.054155,0.002248,0.001336
0,0.031978,-0.1369,0.237338,-0.220742,0.277842,-0.240187,0.000558,0.002389
0,0.051525,-0.072571,-0.001594,0.075095,0.026034,0.109396,0.000899,0.001267
0,0.155037,-0.067355,0.117413,0.019652,0.127697,0.011956,0.002706,0.001176
0,0.039766,0.021897,-0.145037,0.082723,-0.119597,0.098722,0.000694,0.000382
0,0.068117,-0.033636,0.042736,-0.067013,0.035342,-0.099905,0.001189,0.000587
0,0.010715,-0.010811,-0.082459,0.027796,-0.071511,0.035365,0.000187,0.000189
0,-0.032578,-0.175831,-0.045139,-0.159093,-0.018417,-0.123059,0.000569,0.002549
0,0.022388,-0.139068,0.08108,0.033446,0.059455,0.033626,0.000391,0.002427
0,0.023921,-0.037684,-0.010285,0.077069,-0.039381,0.058566,0.000418,0.000658
0,0.000497,-0.160582,0.001505,-0.100018,-0.005419,-0.074874,9e-06,0.002803
0,-0.164033,-0.024699,-0.170727,0.126883,-0.171174,0.176758,0.002755,0.000431
0,-0.036481,-0.193383,0.114675,-0.158961,0.0997,-0.206359,0.000637,0.002242
0,-0.078372,-0.149537,-0.068655,0.055087,-0.020084,0.059391,0.001368,0.00261
0,-0.045139,0.079649,0.021161,0.240492,-0.000303,0.231816,0.000788,0.00139
0,0.055206,-0.187922,0.107349,-0.251259,0.152833,-0.20374,0.000964,0.002338
0,0.146788,-0.0529,0.104553,0.155844,0.056166,0.11473,0.002562,0.000923
0,0.158877,0.058048,0.033115,0.117863,-0.004861,0.104317,0.002773,0.001013
0,0.189663,-0.207286,0.049907,-0.291604,0.089934,-0.30272,0.002307,0.002
0,0.068304,-0.033652,-0.094113,0.160761,-0.098069,0.168991,0.001192,0.000587
0,-0.039951,-0.130198,-0.123393,-0.095407,-0.110947,-0.127856,0.000697,0.002272
0,0.148148,0.025039,0.166937,0.182807,0.122149,0.183771,0.002586,0.000437
0,0.088263,0.087907,-0.056818,0.048559,-0.099223,0.031151,0.00154,0.001534
0,0.021442,-0.045292,-0.076978,-0.113058,-0.081975,-0.111831,0.000374,0.00079
0,0.178358,0.093547,0.162986,0.122876,0.176826,0.124583,0.002505,0.001633
0,0.026684,-0.034613,-0.143205,-0.149995,-0.116939,-0.16614,0.000466,0.000604
0,0.018337,-0.024876,0.020152,0.024878,0.05785,0.04361,0.00032,0.000434
0,0.065911,0.117064,0.075008,0.171698,0.049482,0.19901,0.00115,0.002043
0,-0.144442,-0.153184,-0.23743,-0.281946,-0.272038,-0.235303,0.002521,0.002674
0,-0.132621,-0.028675,0.005481,0.129497,0.008487,0.117496,0.002315,0.0005
0,0.069983,0.021034,0.201055,0.055509,0.188524,0.076545,0.001221,0.000367
0,-0.173186,-0.151415,-0.245249,-0.181476,-0.197462,-0.155875,0.002595,0.002643
0,0.004613,-0.109929,0.182927,0.025452,0.14763,0.072195,8.1e-05,0.001919
0,-0.12501,0.125538,-0.102846,0.244267,-0.112252,0.220034,0.002182,0.002191
0,0.061555,-0.024661,0.211432,-0.175517,0.196764,-0.202584,0.001074,0.00043
0,0.064149,0.082512,-0.005885,0.126493,-0.046099,0.132721,0.00112,0.00144
0,-0.162787,0.097272,-0.210134,0.029932,-0.162973,0.062893,0.002776,0.001698
0,0.047906,0.092395,0.227431,-0.009183,0.204779,0.020681,0.000836,0.001613
0,-0.106776,0.012856,-0.17004,-0.066922,-0.151157,-0.070867,0.001864,0.000224
0,-0.141126,-0.037119,-0.059734,-0.045595,-0.052448,-0.058688,0.002463,0.000648
0,-0.073337,0.133338,0.054974,0.176564,0.080407,0.134444,0.00128,0.002327
0,0.063452,-0.02812,0.145908,-0.143274,0.100688,-0.188775,0.001107,0.000491
0,0.044316,0.124738,-0.000333,0.15592,-0.034287,0.111278,0.000773,0.002177
0,-0.034861,0.114864,-0.0519,-0.021167,-0.051048,-0.062578,0.000608,0.002005
0,-3.006354,-0.249795,-2.954656,-0.343184,-2.94007,-0.386157,0.001913,0.001258
0,-3.251867,-0.463638,-0.244042,-0.193857,-0.215358,-0.18718,0.000581,0.002474
0,-3.533831,-0.411432,-0.299184,0.076895,-0.298424,0.111895,0.000116,0.001563
0,-3.192338,-0.385882,0.322072,-3.6e-05,0.295684,0.027158,0.000458,0.001117
0,-2.783306,-0.3653,0.405579,0.006953,0.433067,0.009609,0.00198,0.000758
0,-2.454619,-0.446181,0.30445,-0.097269,0.312441,-0.103116,0.002099,0.00217
0,-1.614412,-0.295846,0.836968,0.139189,0.850871,0.105112,8.9e-05,0.000454
0,-1.209466,-0.353084,0.39833,-0.078069,0.359263,-0.079913,0.001361,0.000545
0,-0.861298,-0.372929,0.368094,-0.044133,0.319835,0.003441,0.00182,0.000891
0,-0.292979,-0.242978,0.594453,0.150645,0.565988,0.174868,0.002302,0.001377
0,-8.986281,0.043256,-8.707636,0.3136,-8.736695,0.314395,0.00045,0.000755
0,-8.922894,-0.148671,0.085247,-0.205485,0.126292,-0.19472,0.001556,0.002595
0,-8.897584,0.115708,0.009894,0.279621,0.023042,0.325622,0.001998,0.002019
0,-8.96686,-0.068014,-0.082013,-0.177169,-0.086217,-0.205572,0.000789,0.001187
0,-8.907487,0.021668,0.04474,0.064534,0.076728,0.063247,0.001825,0.000378
0,-9.098989,0.192394,-0.195447,0.187955,-0.233375,0.209045,0.001517,0.00226
0,-9.149568,0.041796,-0.059792,-0.126058,-0.087831,-0.15818,0.0024,0.000729
0,-9.008818,0.114326,0.138198,0.048889,0.117587,0.06883,5.7e-05,0.001995
0,-9.121715,0.165709,-0.116299,0.067072,-0.082141,0.064753,0.001914,0.002725
0,-9.147301,0.165837,-0.038276,0.014145,-0.050328,0.036782,0.00236,0.002723
0,-8.931681,-0.068659,0.215663,-0.244342,0.224983,-0.199277,0.001403,0.001198
0,-8.926723,-0.089499,0.028222,-0.039242,0.073279,-0.041216,0.00149,0.001562
0,-9.143216,-0.127906,-0.227865,-0.050959,-0.19498,-0.095859,0.002289,0.002232
0,-9.003328,-0.043752,0.115391,0.090493,0.157287,0.083315,0.000153,0.000764
0,-8.940105,-0.122498,0.068636,-0.085937,0.035678,-0.058724,0.001256,0.002138
0,-9.090152,-0.034337,-0.156117,0.092784,-0.19102,0.062338,0.001363,0.000599
0,-9.068191,-0.151287,0.025027,-0.096711,-0.005738,-0.09533,0.00098,0.00264
0,-9.091035,0.002658,-0.004114,0.137313,-0.037129,0.150104,0.001378,4.6e-05
0,-8.95617,-0.082179,0.147008,-0.081309,0.155477,-0.045521,0.000976,0.001434
0,-8.495855,-0.058805,0.450696,0.038811,0.431354,0.087156,0.002225,0.001026
0,-8.068668,-0.065882,0.441688,-0.00941,0.412509,-0.035676,0.000387,0.00115
0,-7.519683,-0.112308,0.520963,-0.060398,0.536173,-0.075705,0.002041,0.00196
0,-7.216772,-0.055431,0.304727,0.032188,0.291368,0.018743,0.002371,0.000967
0,-6.89737,-0.009379,0.336055,0.038342,0.374188,-0.004878,0.002414,0.000164
0,-6.566181,0.084915,0.360797,0.102424,0.324615,0.105718,0.002251,0.001482
0,-6.141673,-0.128517,0.441071,-0.190273,0.487396,-0.180959,0.00046,0.002243
0,-5.808319,0.101592,0.354721,0.205034,0.395868,0.233764,0.000259,0.001773
0,-5.339575,0.093322,0.474005,-0.005687,0.511998,-0.05272,0.002304,0.001629
0,-5.278605,-0.025737,0.064514,-0.14487,0.051326,-0.115746,0.002249,0.000449
0,-4.955947,-0.140861,0.309813,-0.139964,0.298721,-0.153899,0.002235,0.002458
0,-4.648537,0.111249,0.332179,0.277381,0.360485,0.32404,0.002487,0.001942
0,-4.465613,0.045584,0.186883,-0.051928,0.194557,-0.04761,0.000705,0.000796
0,-4.111682,-0.116251,0.372886,-0.141908,0.374879,-0.173098,0.001265,0.002029
0,-4.057399,-0.008754,0.024552,0.079005,0.01325,0.081615,0.002213,0.000153
0,-3.748828,0.032308,0.301607,0.034989,0.287927,0.065008,0.001981,0.000564
0,-3.559659,-0.005178,0.199181,-0.059403,0.168846,-0.036387,0.000335,9e-05
0,-3.517055,0.010451,0.019636,0.007215,0.043192,-0.024789,0.000408,0.000182
0,-3.325248,-0.046925,0.211277,-0.043145,0.206567,-0.043455,0.001861,0.000819
0,-2.931442,0.02956,0.409571,0.081252,0.435856,0.119592,0.000606,0.000516
0,-2.811844,-0.139728,0.106915,-0.194315,0.129929,-0.206457,0.001482,0.002439
0,-2.732913,-0.063029,0.071858,0.054202,0.026738,0.093021,0.002758,0.0011
0,-4.559219,0.789114,-1.813649,0.864195,-1.83651,0.907066,0.000928,0.002538
0,-6.315842,1.595864,-1.751216,0.814115,-1.722909,0.839181,0.002118,0.000234
0,-8.289233,1.980257,-1.980076,0.385641,-1.987936,0.403899,0.001381,0.000857
0,-8.786405,2.015661,-0.474558,0.03929,-0.477157,0.069505,0.001679,0.001475
0,-7.455884,1.896333,1.345661,-0.132173,1.331309,-0.121214,0.000927,0.000608
0,-5.830015,1.633367,1.641283,-0.281846,1.686785,-0.28506,0.000638,0.00042
0,-4.307384,0.98102,1.506181,-0.630468,1.535444,-0.635304,0.00215,0.00027
0,-3.202806,0.903448,1.097236,-0.106043,1.061634,-0.090422,0.000276,0.001084
0,-2.550581,0.592441,0.665838,-0.3105,0.688162,-0.354879,0.000424,0.000895
0,-1.767445,0.180778,0.783355,-0.420282,0.791887,-0.419163,0.00276,0.002462
0,-1.147045,0.015985,0.602387,-0.149958,0.58219,-0.113136,0.00245,0.000279
0,-0.662509,-0.227568,0.473007,-0.257788,0.472216,-0.273024,0.000328,0.001646
0,-0.169624,-0.391928,0.499325,-0.148917,0.50542,-0.17534,0.002657,0.001223
0,0.790318,-0.196896,0.938451,0.181201,0.934429,0.218011,0.002559,0.002181
0,0.881888,-0.306465,0.068135,-0.110407,0.103998,-0.130466,0.001461,0.000269
0,0.793388,-0.337256,-0.099747,-0.041661,-0.081538,-0.010006,0.002612,0.000269
0,0.735805,-0.161494,-0.06176,0.193069,-0.043361,0.241975,0.001607,0.002799
0,0.845582,-0.303672,0.100237,-0.144039,0.081099,-0.103426,0.002094,0.000317
0,0.816131,-0.262481,-0.051021,0.017495,-0.097811,-0.027296,0.002608,0.001036
0,0.633218,-0.017287,-0.180367,0.271323,-0.223599,0.272487,0.000183,0.000302
0,0.560688,-0.279473,-0.090917,-0.273331,-0.135918,-0.250058,0.001449,0.00074
0,0.578346,-0.195649,0.042803,0.091888,0.043388,0.071263,0.001141,0.002203
0,0.717137,-0.195172,0.156855,-0.027697,0.199887,0.013172,0.001281,0.002211
0,0.519508,-0.096616,-0.217539,0.074467,-0.227019,0.1018,0.002168,0.001686
0,0.642563,-0.232266,0.11803,-0.139128,0.127172,-0.179747,2e-05,0.001564
0,0.493234,-0.236811,-0.132697,-0.030247,-0.098115,-0.035127,0.002626,0.001484
0,0.340203,-0.203074,-0.133396,0.051361,-0.108492,0.002302,0.00032,0.002073
0,0.519473,-0.042646,0.189115,0.130526,0.155917,0.133306,0.002169,0.000744
0,0.590674,-0.113207,0.090416,-0.068788,0.104905,-0.074133,0.000926,0.001976
0,0.44053,-0.027039,-0.149714,0.071283,-0.141543,0.116907,0.002071,0.000472
0,0.394877,-0.026139,-0.042649,-0.0008,-0.017262,-0.021022,0.001274,0.000456
0,0.499769,0.017476,0.111453,0.029559,0.111967,0.041351,0.002512,0.000305
0,0.327905,-0.114538,-0.191296,-0.135533,-0.215653,-0.143399,0.000106,0.001999
0,0.309692,-0.106979,-0.015336,0.03622,0.029134,0.018936,0.000212,0.001867
0,0.279492,0.037145,-0.010381,0.117793,0.017383,0.06949,0.000739,0.000648
0,0.406149,0.096057,0.107603,0.042208,0.107105,0.056214,0.001471,0.001677
0,0.190191,-0.145205,-0.233326,-0.247833,-0.282473,-0.271086,0.002298,0.002534
0,0.136867,-0.055714,-0.080946,0.079107,-0.113105,0.088463,0.002389,0.000972
0,0.282087,0.094151,0.169629,0.176149,0.173004,0.127002,0.000694,0.001643
0,0.048989,0.012334,-0.210636,-0.057284,-0.17857,-0.012116,0.000855,0.000215
0,0.180921,-0.122147,0.138859,-0.121903,0.167039,-0.151369,0.00246,0.002132
0,0.043189,-0.067597,-0.149459,0.052686,-0.13446,0.046502,0.000754,0.00118
0,0.159456,-0.058078,0.122118,0.039426,0.123123,0.025343,0.002783,0.001014
0,0.307159,0.052945,0.140364,0.116683,0.127256,0.0992,0.000257,0.000924
0,0.253644,0.110948,-0.07439,0.033072,-0.046006,0.021746,0.001191,0.001936
0,0.233369,-0.147469,-0.043547,-0.258381,-0.071167,-0.307618,0.001544,0.002574
0,0.072274,0.127118,-0.164385,0.270959,-0.191966,0.262128,0.001261,0.002219
0,0.142374,0.105689,0.08524,0.008384,0.059075,-0.033531,0.002485,0.001845
0,0.229712,0.063125,0.066355,-0.060625,0.090197,-0.049468,0.001608,0.001102
0,0.127919,-0.064716,-0.095731,-0.157664,-0.056757,-0.197747,0.002233,0.00113
0,0.246818,-0.102034,0.128084,-0.061775,0.148921,-0.013138,0.00131,0.001781
0,0.099866,-0.046579,-0.130399,0.062437,-0.16135,0.085981,0.001743,0.000813
0,-0.032634,-0.02698,-0.141427,0.011225,-0.131377,0.051239,0.00057,0.000471
0,0.067279,-0.028153,0.105471,-0.021061,0.098571,0.009269,0.001174,0.000491
0,0.046188,-0.074169,-0.001467,-0.044172,0.044844,-0.073451,0.000806,0.001295
0,-0.060904,-0.051811,-0.077715,0.00335,-0.126203,-0.042866,0.001063,0.000904
0,-0.074273,0.102792,-0.019602,0.147964,0.028684,0.157568,0.001296,0.001794
0,0.037344,-0.144533,0.13744,-0.269226,0.166816,-0.256719,0.000652,0.002523
0,0.012873,-0.16506,0.00461,-0.047219,0.01425,-0.024082,0.000225,0.002737
0,0.073127,-0.108082,0.089386,0.063433,0.098155,0.021113,0.001276,0.001886
0,0.050017,0.100125,-0.015108,0.209111,-0.009143,0.166085,0.000873,0.001748
0,0.022729,-0.117238,-0.019426,-0.20312,-0.043802,-0.227826,0.000397,0.002046
0,-0.022016,-0.164305,-0.051947,-0.044848,-0.083108,-0.004389,0.000384,0.00275
0,-0.057943,0.063868,-0.050993,0.25722,-0.099995,0.234147,0.001011,0.001115
0,0.084509,0.058801,0.11348,-0.011792,0.082816,0.000854,0.001475,0.001026
0,-0.003569,-0.157265,-0.058176,-0.236374,-0.064724,-0.236273,6.2e-05,0.002745
0,-0.134826,-0.102034,-0.136802,0.081134,-0.159948,0.041412,0.002353,0.001781
0,0.107247,-0.03564,0.250071,0.084003,0.2394,0.067105,0.001872,0.000622
0,0.126771,-0.225501,0.022581,-0.164651,0.031723,-0.160004,0.002213,0.001682
0,-0.095945,-0.160762,-0.240253,0.076099,-0.249774,0.099328,0.001675,0.002806
0,0.010688,-0.006023,0.080949,0.173881,0.097692,0.145722,0.000187,0.000105
0,0.186444,-0.057681,0.175468,-0.070095,0.22093,-0.071198,0.002363,0.001007
0,0.089528,-0.185097,-0.091588,-0.143536,-0.074406,-0.122896,0.001563,0.002387
0,0.154909,0.061666,0.07641,0.268569,0.090881,0.316884,0.002704,0.001076
0,0.011184,0.036734,-0.156751,-0.00193,-0.151234,0.019272,0.000195,0.000641
0,0.027443,0.025549,0.025821,-0.038258,0.061395,-0.060001,0.000479,0.000446
0,0.287064,-0.09594,0.257881,-0.146322,0.292368,-0.140614,0.000607,0.001674
0,0.236794,-0.078487,-0.037677,0.038431,0.009147,0.056065,0.001485,0.00137
0,0.11573,0.058969,-0.093975,0.157823,-0.118802,0.144575,0.00202,0.001029
0,0.121222,-0.005623,-0.004076,-0.049555,0.032591,-0.012494,0.002116,9.8e-05
0,0.292886,-0.187731,0.182352,-0.207263,0.14935,-0.157868,0.000506,0.002341
0,0.276046,-0.022789,-0.044374,0.140167,-0.054041,0.185418,0.0008,0.000398
0,0.282551,-0.042366,-0.006669,-0.041454,-0.004683,-0.061363,0.000686,0.000739
0,0.22389,-0.163634,-0.083409,-0.142429,-0.088026,-0.103368,0.00171,0.002762
0,0.285006,0.045368,0.052792,0.203367,0.04987,0.227754,0.000643,0.000792
0,0.012826,0.090584,-0.270637,0.058504,-0.282364,0.057313,0.000224,0.001581
0,0.10684,-0.107284,0.122539,-0.167966,0.14458,-0.175034,0.001865,0.001872
0,0.228836,-0.10038,0.149897,-0.018344,0.126101,-0.007333,0.001624,0.001752
0,0.220703,-0.019713,-0.030662,0.082798,0.01065,0.070534,0.001766,0.000344
0,0.062992,-0.02528,-0.18563,-0.011221,-0.154303,-0.048122,0.001099,0.000441
0,0.207038,-0.086287,0.125561,-0.050084,0.113711,-0.053961,0.002004,0.001506
0,0.155298,-0.015444,-0.074801,0.046434,-0.092475,0.057499,0.00271,0.00027
0,-0.077629,-0.191021,-0.249317,-0.157394,-0.220919,-0.150912,0.001355,0.002284
0,0.025813,0.071732,0.112605,0.250575,0.08294,0.267111,0.000451,0.001252
0,0.188847,-0.100549,0.173378,-0.176198,0.212209,-0.129469,0.002322,0.001755
0,0.092022,0.02555,-0.112541,0.110788,-0.065422,0.135831,0.001606,0.000446
0,-0.137672,-0.05822,-0.210995,-0.098834,-0.259398,-0.117564,0.002403,0.001016
0,0.036892,0.066876,0.166529,0.146219,0.178275,0.107075,0.000644,0.001167
0,-0.163072,-0.192311,-0.193775,-0.278525,-0.179332,-0.324088,0.002771,0.002261
0,0.041135,0.097009,0.22575,0.264129,0.243219,0.235929,0.000718,0.001693
0,-0.196854,-0.031441,-0.264535,-0.105399,-0.227219,-0.072634,0.002182,0.000549
0,-0.152261,0.005847,0.02063,0.031612,-0.008243,0.022829,0.002657,0.000102
0,-0.021614,-0.146545,0.149589,-0.159624,0.109387,-0.154174,0.000377,0.002558
0,-0.23161,-0.083557,-0.222914,0.06664,-0.19246,0.10773,0.001575,0.001458
0,0.023065,-0.103993,0.23403,-0.035167,0.25881,-0.01023,0.000403,0.001815
0,-0.017634,-0.075938,-0.047728,0.05097,-0.012791,0.04373,0.000308,0.001325
0,-0.255875,-0.064999,-0.267119,-0.002939,-0.243633,-0.025726,0.001152,0.001134
0,-0.136948,0.046691,0.089769,0.120405,0.10783,0.102462,0.00239,0.000815
0,-0.111627,-0.087528,-0.000198,-0.122437,-0.000767,-0.10128,0.001948,0.001528
0,-0.12038,0.001714,-0.032282,0.098007,-0.013239,0.14221,0.002101,3e-05
0,-0.084568,-0.006324,0.065489,-0.013267,0.042059,-0.029614,0.001476,0.00011
0,0.041439,0.133537,0.141154,0.152141,0.15216,0.187232,0.000723,0.002331
0,-0.000833,-0.04972,-0.044307,-0.166186,-0.030904,-0.160783,1.5e-05,0.000868
0,-0.013452,-0.133862,-0.028763,-0.093873,0.014941,-0.09959,0.000235,0.002336
0,-0.014826,0.022998,0.002874,0.174456,-0.032839,0.165636,0.000259,0.000401
0,-0.086871,0.018985,-0.049798,0.002117,-0.006659,-0.018062,0.001516,0.000331
0,0.002851,-0.099062,0.109274,-0.112683,0.08231,-0.148167,5e-05,0.001729
0,-0.027179,-0.065713,-0.043419,0.051525,-0.059726,0.083089,0.000474,0.001147
0,-0.075214,-0.072775,-0.056054,-0.028812,-0.092478,-0.020387,0.001313,0.00127
0,-0.027544,-0.020735,0.023413,0.05048,0.057049,0.094607,0.000481,0.000362
0,-0.006535,-0.165585,0.002216,-0.172814,0.044211,-0.189596,0.000114,0.002728
0,-0.076599,0.004426,-0.073257,0.152682,-0.076753,0.144184,0.001337,7.7e-05
0,0.028627,0.147495,0.097277,0.154615,0.121352,0.196222,0.0005,0.002574
0,-0.143056,-0.112659,-0.16836,-0.282952,-0.178601,-0.292751,0.002497,0.001966
0,-0.124993,-0.10726,0.009143,-0.019531,-0.025785,0.010142,0.002182,0.001872
0,-0.003413,0.026814,0.125349,0.149348,0.151207,0.130701,6e-05,0.000468
0,-0.049749,-0.067079,-0.068066,-0.109397,-0.109923,-0.106987,0.000868,0.001171
0,-0.03326,-0.11094,-0.004651,-0.070018,-0.046769,-0.050236,0.00058,0.001936
0,-0.105486,0.057578,-0.097292,0.172318,-0.048049,0.158244,0.001841,0.001005
0,0.110239,0.146521,0.205311,0.090338,0.25339,0.08485,0.001924,0.002557
0,-0.176119,0.04457,-0.262323,-0.078145,-0.284603,-0.049396,0.002544,0.000778
0,0.08122,-0.063936,0.267447,-0.116173,0.298052,-0.088299,0.001418,0.001116
0,-0.123443,-0.037423,-0.221034,0.054428,-0.206941,0.09024,0.002154,0.000653
0,-0.135032,-0.040385,-0.017357,-0.032848,0.024097,0.0055,0.002357,0.000705
0,-0.041649,-0.062036,0.069004,-0.028818,0.067283,-0.016665,0.000727,0.001083
0,-0.099299,0.159679,-0.062035,0.23393,-0.074203,0.195868,0.001733,0.002787
0,0.055734,0.10453,0.127064,-0.035755,0.127406,-0.06406,0.000973,0.001824
0,0.123072,-0.098345,0.097332,-0.192696,0.070277,-0.174883,0.002148,0.001716
0,0.040529,0.022493,-0.057801,0.123775,-0.058989,0.088133,0.000707,0.000393
0,-0.15533,-0.004222,-0.211359,-0.022292,-0.179423,-0.021542,0.002711,7.4e-05
0,-0.017351,0.053569,0.163397,0.07738,0.134225,0.104739,0.000303,0.000935
0,-0.031765,-0.071674,-0.034924,-0.107096,-0.070302,-0.116938,0.000554,0.001251
0,0.092485,0.017751,0.098387,0.081361,0.126806,0.101258,0.001614,0.00031
0,-0.03205,-0.072431,-0.134545,-0.096326,-0.093398,-0.136702,0.000559,0.001264
0,-0.045223,0.046776,-0.034628,0.100958,0.011926,0.144883,0.000789,0.000816
0,0.070259,0.070379,0.126251,0.003397,0.102549,-0.010906,0.001226,0.001228
0,0.082201,0.011589,-0.015947,-0.047591,-0.058096,-0.050061,0.001435,0.000202
0,0.070843,0.003302,0.017612,0.013862,0.011941,0.033211,0.001236,5.8e-05
0,0.066494,0.012678,0.009512,0.016354,-0.030468,0.025841,0.001161,0.000221
0,0.111101,-0.132553,0.028652,-0.127138,0.059475,-0.138342,0.001939,0.002313
0,-0.022809,-0.054139,-0.156922,0.086589,-0.156556,0.124843,0.000398,0.000945
0,-0.175427,0.184752,-0.175142,0.256294,-0.126887,0.223689,0.002556,0.002393
0,-0.027931,-0.060997,0.143543,-0.244274,0.175726,-0.206655,0.000487,0.001065
0,0.184753,-0.054979,0.236002,0.014422,0.203426,0.033196,0.002393,0.00096
0,0.002187,0.139659,-0.199867,0.19328,-0.161672,0.173431,3.8e-05,0.002438
0,0.137565,-0.140417,0.139607,-0.266789,0.1852,-0.219449,0.002401,0.002451
0,0.082524,0.056342,-0.076865,0.198276,-0.046307,0.201285,0.00144,0.000983
0,-0.065958,0.029989,-0.14854,-0.044014,-0.101695,-0.081571,0.001151,0.000523
0,-0.021919,-0.093921,0.035863,-0.095212,0.030771,-0.111592,0.000383,0.001639
0,0.037349,-0.123085,0.0331,-0.00777,0.047251,-0.013857,0.000652,0.002148
0,-0.026024,-0.03432,-0.050493,0.070804,-0.017657,0.065765,0.000454,0.000599
0,-0.164323,-0.114494,-0.133843,-0.085737,-0.096044,-0.051175,0.00275,0.001998
0,-0.162151,-0.065661,-0.001654,0.067276,-0.029133,0.032191,0.002787,0.001146
0,-0.018527,-0.124156,0.126632,-0.034389,0.141023,0.009189,0.000323,0.002167
0,-0.142684,0.050432,-0.120093,0.178367,-0.113244,0.185315,0.00249,0.00088
0,-0.138436,-0.031524,-0.004052,-0.087229,0.022335,-0.125488,0.002416,0.00055
0,-0.220384,-0.138127,-0.074232,-0.114813,-0.071824,-0.077836,0.001771,0.002411
0,-0.164116,0.093704,0.048804,0.21789,0.043157,0.263158,0.002753,0.001635
0,0.022214,0.10067,0.212271,-0.020385,0.23767,0.008433,0.000388,0.001757
0,-0.224001,-0.157018,-0.23171,-0.244049,-0.185883,-0.281535,0.001708,0.00274
0,-0.103124,0.121847,0.102837,0.278799,0.067622,0.275864,0.0018,0.002127
0,-0.278855,0.099797,-0.197127,-0.022568,-0.228176,0.003438,0.000751,0.001742
0,-0.11373,-0.053864,0.18656,-0.156532,0.161024,-0.158832,0.001985,0.00094
0,-0.176989,-0.034766,-0.069891,0.043877,-0.087853,0.036686,0.002528,0.000607
0,-0.104449,-0.052715,0.055398,0.011278,0.032308,-0.00872,0.001823,0.00092
0,0.035111,0.034651,0.13118,0.093625,0.098,0.049251,0.000613,0.000605
0,-0.019808,0.02328,-0.037286,-0.039141,-0.020711,-0.037895,0.000346,0.000406
0,-0.156617,0.133884,-0.146177,0.084462,-0.09723,0.042241,0.002733,0.002337
0,-0.165672,-0.093946,-0.007701,-0.247613,0.017337,-0.207064,0.002726,0.00164
0,0.036314,-0.008888,0.218867,0.108315,0.217252,0.063674,0.000634,0.000155
0,-0.092918,0.029596,-0.15537,0.015934,-0.119993,-0.022416,0.001622,0.000517
0,-0.161097,0.092384,-0.096545,0.071628,-0.083187,0.069527,0.002806,0.001612
0,-0.034412,-0.170049,0.109853,-0.277053,0.066872,-0.246899,0.000601,0.00265
0,0.068351,-0.076681,0.130826,0.11383,0.159346,0.088729,0.001193,0.001338
0,-0.090043,-0.036293,-0.185672,0.011402,-0.15413,-0.030353,0.001572,0.000633
0,-0.210714,-0.183698,-0.133172,-0.145842,-0.123505,-0.12617,0.00194,0.002411
0,-0.050512,0.026347,0.175448,0.227944,0.186828,0.270738,0.000882,0.00046
0,-0.122575,-0.059194,-0.061149,-0.113964,-0.067212,-0.143033,0.002139,0.001033
0,-0.167901,-0.148884,-0.023206,-0.065327,0.018332,-0.019192,0.002687,0.002599
0,-0.152572,-0.17429,-0.003117,-0.053772,-0.02862,-0.099667,0.002663,0.002576
0,0.007335,-0.001808,0.135263,0.19059,0.17978,0.209714,0.000128,3.2e-05
0,-0.012266,-0.040552,-0.004511,-0.050236,-0.04556,-0.094886,0.000214,0.000708
0,-0.186249,-0.019891,-0.19005,-0.009123,-0.200963,-0.05749,0.002367,0.000347
0,-0.120538,-0.141374,0.05559,-0.150798,0.01361,-0.189186,0.002104,0.002467
0,-0.014112,0.011562,0.136068,0.175698,0.167786,0.186887,0.000246,0.000202
0,0.07152,-0.136437,0.067537,-0.158897,0.024662,-0.112943,0.001248,0.002381
0,-0.102707,-0.180029,-0.201347,-0.054473,-0.173809,-0.009662,0.001793,0.002475
0,0.122495,-0.091511,0.200488,0.082736,0.239283,0.11941,0.002138,0.001597
0,0.121118,0.071252,-0.026284,0.173262,-0.021455,0.198867,0.002114,0.001244
0,-0.031989,0.06816,-0.182455,0.009582,-0.19736,0.002328,0.000558,0.00119
0,0.132371,0.09843,0.189462,0.053796,0.171973,0.062805,0.00231,0.001718
0,0.157135,-0.05253,0.019075,-0.172232,0.021191,-0.199934,0.002743,0.000917
0,0.038311,0.039238,-0.117322,0.08719,-0.1393,0.053431,0.000669,0.000685
0,0.166662,0.065485,0.135939,0.013219,0.119874,-0.029048,0.002709,0.001143
0,0.004109,-0.154964,-0.19243,-0.222619,-0.153816,-0.240702,7.2e-05,0.002705
0,-0.170229,-0.028122,-0.157596,0.112028,-0.12492,0.092692,0.002646,0.000491
0,-0.11897,-0.080001,0.034761,-0.046396,0.002599,-0.024803,0.002076,0.001396
0,-0.126261,0.023636,-0.019242,0.132207,-0.000109,0.143539,0.002204,0.000413
0,0.035892,-0.036762,0.159638,-0.062842,0.195986,-0.04739,0.000626,0.000642
0,-0.016015,0.060837,-0.027973,0.093809,-0.027188,0.11231,0.00028,0.001062
0,0.018008,-0.004743,0.034648,-0.089289,-0.015291,-0.10685,0.000314,8.3e-05
0,-0.008119,-0.084687,-0.035317,-0.098302,-0.062516,-0.078577,0.000142,0.001478
0,0.062476,-0.19503,0.055651,-0.118823,0.055843,-0.115007,0.00109,0.002214
0,0.054918,0.028513,-0.011992,0.229022,-0.015529,0.240308,0.000959,0.000498
0,-0.013396,-0.053246,-0.054026,-0.082062,-0.007147,-0.045067,0.000234,0.000929
0,-0.12854,-0.168635,-0.132993,-0.102751,-0.093018,-0.113647,0.002243,0.002674
0,0.077701,0.117651,0.232223,0.269486,0.194057,0.221818,0.001356,0.002053
0,-0.156715,0.121131,-0.253122,0.018974,-0.294879,0.036722,0.002735,0.002114
0,-0.001819,-0.094616,0.174913,-0.241702,0.179786,-0.249627,3.2e-05,0.001651
0,-0.113945,-0.14344,-0.115036,-0.072119,-0.133592,-0.079674,0.001989,0.002503
0,-0.171955,0.073788,-0.046965,0.217067,-0.036568,0.210414,0.002616,0.001288
0,0.017574,0.151945,0.206764,0.049034,0.238403,0.075918,0.000307,0.002652
0,0.098919,0.143423,0.104908,-0.014124,0.121457,-0.041845,0.001726,0.002503
0,-0.101105,-0.01485,-0.17893,-0.176931,-0.197192,-0.165989,0.001765,0.000259
0,-0.017436,-0.118842,0.058534,-0.095809,0.098687,-0.122141,0.000304,0.002074
0,-0.147976,0.067438,-0.12635,0.190437,-0.081076,0.145138,0.002583,0.001177
0,0.093192,-0.002029,0.266611,-0.050046,0.299909,-0.084958,0.001627,3.5e-05
0,-0.080526,0.122306,-0.182332,0.137029,-0.223817,0.185653,0.001405,0.002135
0,0.211871,-0.086192,0.282726,-0.217205,0.311565,-0.213416,0.00192,0.001504
0,-0.031031,0.11281,-0.250327,0.213646,-0.272501,0.219261,0.000542,0.001969
0,0.095946,0.130163,0.156076,0.02563,0.143056,0.008716,0.001675,0.002272
0,0.084441,0.100551,-0.02185,-0.029352,0.000528,-0.004342,0.001474,0.001755
0,0.018655,-0.069943,-0.064967,-0.159591,-0.112288,-0.169922,0.000326,0.001221
0,0.099667,0.104459,0.052078,0.181331,0.019309,0.20675,0.00174,0.001823
0,0.144479,-0.001777,0.071907,-0.124709,0.093301,-0.13416,0.002522,3.1e-05
0,-0.000682,-0.031069,-0.163868,-0.002946,-0.114863,-0.015051,1.2e-05,0.000542
0,0.12083,0.003143,0.09208,0.050551,0.094622,0.044086,0.002109,5.5e-05
0,0.181505,0.048039,0.053049,0.017413,0.072403,0.056179,0.00245,0.000838
0,0.154966,-0.00667,-0.005133,-0.045616,-0.002193,-0.079932,0.002705,0.000116
0,0.22849,0.011549,0.089809,0.042286,0.067614,0.092025,0.00163,0.000202
0,0.179331,-0.018222,-0.056755,-0.03837,-0.055193,-0.049479,0.002488,0.000318
0,0.269587,0.13757,0.112686,0.169421,0.073218,0.144234,0.000912,0.002401
0,0.075184,-0.093927,-0.194059,-0.225532,-0.169234,-0.218044,0.001312,0.001639
0,0.376395,-0.09763,0.293492,-0.017441,0.293099,-0.03296,0.000952,0.001704
0,0.3861,-0.016146,0.024274,0.073088,0.040368,0.026931,0.001121,0.000282
0,0.211474,0.074555,-0.187666,0.09745,-0.214309,0.090494,0.001927,0.001301
0,0.208355,0.064202,0.018329,-0.011518,-0.008759,-0.010283,0.001981,0.001121
0,0.057331,-0.012981,-0.159018,-0.07376,-0.171324,-0.087651,0.001001,0.000227
0,0.176333,0.021051,0.094645,0.016183,0.082288,0.048922,0.00254,0.000367
0,0.144722,-0.116631,-0.017118,-0.163541,-0.047005,-0.127596,0.002526,0.002036
0,0.056072,-0.112147,-0.108915,-0.001273,-0.133882,0.046553,0.000979,0.001957
0,0.057137,0.014646,-0.024181,0.128299,0.007407,0.157952,0.000997,0.000256
0,0.173257,0.089437,0.096432,0.066982,0.118247,0.06901,0.002594,0.001561
0,0.227902,-0.028257,0.059808,-0.141652,0.072686,-0.12352,0.00164,0.000493
0,0.244607,0.131985,0.033916,0.140106,0.019407,0.146006,0.001348,0.002304
0,0.025954,-0.01783,-0.228675,-0.123189,-0.256451,-0.158165,0.000453,0.000311
0,0.200623,0.089004,0.184822,0.120653,0.16029,0.16402,0.002116,0.001553
0,0.015441,0.125751,-0.182288,0.03291,-0.230235,0.045087,0.00027,0.002195
0,0.048951,0.091464,0.053107,-0.029364,0.035149,-0.012049,0.000854,0.001596
0,0.24368,-0.019226,0.219351,-0.113694,0.257999,-0.064038,0.001364,0.000336
0,0.041026,0.141765,-0.190966,0.137663,-0.152281,0.181972,0.000716,0.002474
0,0.075221,-0.08294,0.011392,-0.223656,0.011089,-0.191582,0.001313,0.001448
0,0.148691,0.121756,0.046481,0.211478,0.038738,0.228312,0.002595,0.002125
0,0.153537,0.01975,0.004062,-0.113107,0.022772,-0.135772,0.00268,0.000345
0,0.057212,-0.138644,-0.103817,-0.178965,-0.124231,-0.179548,0.000999,0.00242
0,0.077237,-0.112558,-0.003406,0.014405,-0.014479,0.010088,0.001348,0.001965
0,0.126045,0.072786,0.037726,0.17641,0.075009,0.201747,0.0022,0.00127
0,0.130221,0.030373,0.017521,-0.054955,0.024271,-0.014297,0.002273,0.00053
0,0.078311,0.165614,-0.057013,0.141547,-0.106336,0.129873,0.001367,0.002727
0,-0.089496,0.031349,-0.142083,-0.115492,-0.130846,-0.08712,0.001562,0.000547
0,0.060159,-0.041172,0.161199,-0.089484,0.14339,-0.077398,0.00105,0.000719
0,0.038994,-0.06102,-0.022815,-0.037484,0.014359,-0.08448,0.000681,0.001065
0,0.015518,0.064755,-0.002676,0.144794,-0.004924,0.180835,0.000271,0.00113
0,0.06558,-0.068059,0.078398,-0.158333,0.035902,-0.176865,0.001145,0.001188
0,0.115054,0.091177,0.060245,0.174213,0.07479,0.210305,0.002008,0.001591
0,0.076891,0.068735,-0.055729,0.00418,-0.092104,-0.036196,0.001342,0.0012
0,0.198704,-0.061133,0.138642,-0.148773,0.139441,-0.105371,0.002149,0.001067
0,0.03944,-0.035846,-0.15576,0.050432,-0.169738,0.080033,0.000688,0.000626
0,-0.008825,-0.032782,-0.06199,0.004136,-0.034589,-0.008166,0.000154,0.000572
0,0.156743,-0.109417,0.181369,-0.047741,0.140195,-0.024408,0.002736,0.00191
0,0.065248,0.009965,-0.099355,0.105261,-0.139285,0.078694,0.001139,0.000174
0,0.296074,-0.086551,0.209862,-0.101174,0.197167,-0.065721,0.00045,0.001511
0,0.234176,0.125981,-0.048939,0.230151,-0.097277,0.219798,0.00153,0.002199
0,0.218913,0.154787,0.011511,0.028326,-0.032455,0.071661,0.001797,0.002702
0,-0.015038,-0.105653,-0.205375,-0.273773,-0.182078,-0.26599,0.000262,0.001844
0,-0.069859,0.071341,-0.082458,0.156102,-0.128709,0.170462,0.001219,0.001245
0,0.07825,0.113353,0.128745,0.049273,0.17165,0.087617,0.001366,0.001978
0,0.001268,-0.004638,-0.061897,-0.128808,-0.104987,-0.126945,2.2e-05,8.1e-05
0,0.004514,0.051652,0.013611,0.065706,0.036081,0.107154,7.9e-05,0.000901
0,-0.030003,-0.021195,-0.061291,-0.069717,-0.02476,-0.047955,0.000524,0.00037
0,0.210434,-0.012121,0.260323,0.01667,0.223616,0.050963,0.001945,0.000212
0,0.087722,0.055392,-0.124366,0.068708,-0.166154,0.057606,0.001531,0.000967
0,0.240696,0.124569,0.13729,0.04165,0.091239,0.083829,0.001417,0.002174
0,-0.027903,0.020479,-0.247871,-0.109235,-0.263331,-0.065095,0.000487,0.000357
0,-0.014817,-0.114954,-0.00154,-0.121092,0.030209,-0.150883,0.000259,0.002006
0,0.075454,0.049452,0.06978,0.187187,0.102953,0.199142,0.001317,0.000863
0,0.132995,-0.117401,0.079038,-0.140324,0.111382,-0.165505,0.002321,0.002049
0,0.110026,0.132686,-0.048299,0.225756,-0.02257,0.180905,0.00192,0.002316
0,-0.067659,-0.057774,-0.184456,-0.212102,-0.226865,-0.171202,0.001181,0.001008
0,-0.036225,-0.186351,0.040592,-0.137128,0.054463,-0.156828,0.000632,0.002365
0,-0.03213,-0.161041,0.013667,-0.000265,0.041798,0.038889,0.000561,0.002807
0,-2.281242,0.136876,-2.245085,0.274884,-2.267484,0.28476,0.000493,0.002389
0,-4.184199,0.732371,-1.881048,0.585474,-1.846717,0.558127,0.0,0.001547
0,-4.598662,0.816207,-0.385635,0.072265,-0.39034,0.07858,0.001617,0.002607
0,-5.283052,0.706987,-0.707924,-0.126087,-0.698231,-0.079918,0.002327,0.001104
0,-4.831444,0.691684,0.43812,-0.03339,0.46065,-0.007691,6.2e-05,0.000837
0,-4.756465,0.480144,0.089662,-0.210458,0.042185,-0.232572,0.001247,0.002763
0,-4.125728,0.244739,0.605814,-0.208256,0.574407,-0.218388,0.00102,0.001346
0,-3.299843,0.231762,0.798389,-0.040805,0.796801,-0.043644,0.001418,0.001573
0,-2.041417,0.162476,1.229409,-0.076933,1.245958,-0.079977,0.001924,0.002782
0,-2.172413,0.43173,-0.114173,0.246056,-0.118888,0.216524,0.001407,0.001918
0,-1.464312,0.394097,0.725141,-0.047758,0.722076,-0.093275,0.00253,0.001261
0,-1.42261,0.537622,0.025715,0.156863,0.065483,0.124437,0.002359,0.001852
0,-1.094082,0.52681,0.329008,-0.022753,0.320126,0.0134,0.002243,0.00204
0,-0.807062,0.311216,0.309893,-0.211978,0.339315,-0.202573,0.002767,0.000186
0,-0.465357,0.476064,0.341399,0.179596,0.328595,0.130406,0.002505,0.002691
0,-0.378673,0.464075,0.057294,-0.014673,0.083518,0.016595,0.000992,0.002482
0,-0.117985,0.296883,0.262429,-0.137746,0.280237,-0.174415,0.002059,0.000436
0,0.084387,0.042471,0.194019,-0.270833,0.196339,-0.314444,0.001473,0.000741
0,0.139072,0.187077,0.06261,0.13936,0.045794,0.126555,0.002427,0.002352
0,0.348002,0.144495,0.226391,-0.033846,0.251016,-0.074223,0.000456,0.002522
0,0.315359,-0.049758,-0.007753,-0.213934,-0.046795,-0.243015,0.000113,0.000868
0,0.121224,0.103832,-0.218063,0.155039,-0.224958,0.155268,0.002116,0.001812
0,0.255626,-0.109143,0.116261,-0.199013,0.09481,-0.152209,0.001156,0.001905
0,0.208379,-0.079382,-0.031091,0.038208,-0.081006,-0.010455,0.001981,0.001385
0,0.215436,-0.11322,0.016494,-0.048857,0.057277,-0.087999,0.001857,0.001976
0,0.238678,-0.060012,0.050248,0.078186,0.018322,0.046001,0.001452,0.001047
0,0.072216,-0.113164,-0.146628,-0.072904,-0.181676,-0.037957,0.00126,0.001975
0,-0.211699,-0.635681,-0.26318,-0.548915,-0.262072,-0.525246,0.001923,0.00014
0,-0.503214,-0.446655,-0.280381,0.163628,-0.231685,0.160262,0.002452,0.002178
0,-0.478407,-0.451184,0.001681,-0.02593,0.009365,-0.015297,0.002732,0.002257
0,-0.278493,-0.408247,0.185061,0.039277,0.195429,0.017229,0.000757,0.001508
0,-0.29121,-0.311414,-0.002727,0.104277,-0.012669,0.078569,0.000535,0.000182
0,-0.231079,-0.239932,0.059194,0.045025,0.04493,0.060696,0.001584,0.00143
0,-0.099658,-0.345192,0.151333,-0.125535,0.192738,-0.082302,0.001072,0.000407
0,-8.908241,-0.260636,-8.801715,0.066297,-8.820863,0.028749,0.001812,0.001069
0,-8.865502,-0.257258,0.05692,0.001344,0.033084,-0.030609,0.002558,0.001128
0,-8.918052,-0.052036,-0.058205,0.180279,-0.024667,0.229016,0.001641,0.000908
0,-8.959536,-0.004881,-0.030988,0.031734,-0.012489,0.015196,0.000917,8.5e-05
0,-8.616791,-0.033048,0.3697,-0.020326,0.373288,-0.018525,0.001281,0.000577
0,-8.076385,-0.068455,0.512091,-0.020906,0.494477,-0.066536,0.000522,0.001195
0,-7.532972,0.133262,0.56407,0.22797,0.598195,0.236463,0.002272,0.002326
0,-7.27191,0.089258,0.244582,-0.047342,0.280284,-0.041808,0.002284,0.001558
0,-6.892292,-0.064514,0.371966,-0.179597,0.361818,-0.195919,0.002326,0.001126
0,-6.559896,-0.03975,0.31438,0.043018,0.357605,0.004882,0.002142,0.000694
0,-6.178043,-0.018732,0.376483,0.025646,0.413477,0.04049,0.001095,0.000327
0,-5.852181,0.111757,0.311795,0.142959,0.290417,0.134456,0.001025,0.001951
0,-5.641062,-0.003793,0.19549,-0.117853,0.227073,-0.167532,0.00266,6.6e-05
0,-5.134797,-0.064498,0.500446,-0.071009,0.519089,-0.101999,0.000261,0.001126
0,-5.016681,0.076056,0.124438,0.162769,0.117631,0.166156,0.002323,0.001327
0,-4.870308,-0.071227,0.14035,-0.133442,0.1139,-0.164303,0.00074,0.001243
0,-4.554816,-0.104092,0.304141,-0.005884,0.259265,-0.048743,0.000851,0.001817
0,-4.375396,0.025847,0.180023,0.13931,0.156391,0.183633,0.00228,0.000451
0,-4.050768,0.068156,0.309691,0.02573,0.271123,0.035947,0.002328,0.00119
0,-3.804388,0.021439,0.261814,-0.067535,0.265933,-0.079075,0.001011,0.000374
0,-3.717881,0.096343,0.113824,0.097753,0.088806,0.125973,0.002521,0.001681
0,-3.429096,-0.04972,0.274785,-0.174665,0.296647,-0.134252,0.001944,0.000868
0,-3.219838,-0.02953,0.183367,-0.004215,0.150467,0.037778,2.2e-05,0.000515
0,-2.961386,-0.08723,0.275884,-0.053816,0.289313,-0.101572,0.001128,0.001522
0,-2.796918,-0.071418,0.180707,-0.010804,0.212039,-0.039845,0.001742,0.001246
0,-2.812617,0.172223,-0.003014,0.228943,0.043216,0.232218,0.001468,0.002612
0,-2.745787,0.129436,0.096217,-0.020458,0.0801,-0.032061,0.002635,0.002259
0,-2.373568,0.140147,0.370013,-0.016121,0.338972,-0.035537,0.002104,0.002446
0,-2.27535,0.004357,0.073483,-0.115998,0.113651,-0.138377,0.00039,7.6e-05
0,-2.306028,-0.038252,-0.005075,-0.065971,-0.018426,-0.022213,0.000925,0.000668
0,-2.134502,0.195023,0.192076,0.240322,0.230385,0.238672,0.002068,0.002214
0,-1.813182,0.112966,0.324754,-0.060455,0.284062,-0.041152,0.002059,0.001972
0,-1.901765,0.008473,-0.114188,-0.099968,-0.091334,-0.138641,0.000513,0.000148
0,-1.789151,0.072332,0.128173,0.073073,0.095836,0.032189,0.002478,0.001262
0,-1.452503,0.02224,0.332785,-0.076441,0.376184,-0.117653,0.002737,0.000388
0,-1.451957,0.112317,0.023752,0.082983,0.019456,0.033386,0.002746,0.00196
0,-1.632753,0.000476,-0.188265,-0.117274,-0.180102,-0.145623,0.000409,8e-06
0,-1.514117,0.044701,0.131349,0.045141,0.107779,0.002272,0.001661,0.00078
0,-1.271903,0.024437,0.221795,-0.009345,0.249841,-0.044197,0.000271,0.000427
0,-1.146363,0.123695,0.12512,0.074925,0.102528,0.075422,0.002462,0.002159
0,-1.274361,0.09331,-0.14996,-0.010145,-0.104954,-0.048889,0.000228,0.001629
0,-1.12127,0.155424,0.133159,0.089886,0.113194,0.121016,0.002717,0.002713
0,-0.923822,0.12377,0.167852,-0.006394,0.166194,-0.048464,0.000729,0.00216
0,-1.114695,0.15995,-0.19965,0.040499,-0.205925,0.037794,0.002603,0.002792
0,-0.819143,-0.134275,0.269818,-0.279981,0.290397,-0.254909,0.002556,0.002344
0,-1.073677,0.117879,-0.237828,0.264566,-0.20645,0.25172,0.001887,0.002057
0,-0.976338,0.029461,0.113853,-0.065066,0.152894,-0.11008,0.000188,0.000514
0,-0.868005,-0.045685,0.085036,-0.084923,0.092008,-0.064479,0.001703,0.000797
0,-0.92468,0.007394,-0.070763,0.069374,-0.101787,0.045653,0.000714,0.000129
0,-0.896768,-0.030554,0.057791,-0.019484,0.101952,-0.008921,0.001201,0.000533
0,-0.697242,-0.094958,0.220233,-0.08653,0.220352,-0.066417,0.000934,0.001657
0,-0.708895,0.154274,0.004906,0.264672,0.001988,0.268401,0.001138,0.002693
0,-0.764269,0.123014,-0.059532,-0.012026,-0.051108,0.021371,0.002104,0.002147
0,-0.571448,-0.064238,0.207579,-0.198904,0.161578,-0.205941,0.001261,0.001121
0,-0.494353,0.019521,0.089061,0.085568,0.126373,0.118822,0.002607,0.000341
0,-0.724142,-0.087886,-0.224166,-0.12891,-0.25608,-0.087429,0.001404,0.001534
0,-0.612372,-0.119419,0.116096,-0.047145,0.076525,-0.067694,0.000547,0.002084
0,-0.67748,0.046495,-0.074883,0.166297,-0.093147,0.136386,0.000589,0.000811
0,-0.635537,-0.037825,0.031089,-0.092129,-0.004721,-0.125593,0.000143,0.00066
0,-0.70502,0.066328,-0.093126,0.083002,-0.078859,0.096709,0.00107,0.001158
0,-0.482405,0.092674,0.2421,0.048029,0.210771,0.094292,0.002802,0.001617
0,-0.447272,0.09165,0.00962,0.028412,0.041699,-0.00121,0.002189,0.0016
0,-0.628277,-0.002131,-0.206924,-0.07888,-0.256475,-0.093799,0.00027,3.7e-05
0,-0.506657,-0.029939,0.107348,-0.007781,0.132498,0.037414,0.002392,0.000523
0,-0.524221,0.076022,-0.027498,0.117545,-0.033732,0.152435,0.002086,0.001327
0,-0.571506,-0.098115,-0.026505,-0.166155,0.015732,-0.2058,0.00126,0.001712
0,-0.343082,-0.096532,0.235534,-0.00237,0.237546,-0.016547,0.00037,0.001685
0,-0.367159,0.001827,-0.034955,0.090814,-0.032691,0.058592,0.000791,3.2e-05
0,-0.547656,0.079601,-0.202873,0.093425,-0.217986,0.098895,0.001677,0.001389
0,-0.459036,-0.041107,0.10251,-0.114173,0.08074,-0.107165,0.002394,0.000717
0,-0.525345,-0.020646,-0.068774,0.014379,-0.100394,-0.025002,0.002066,0.00036
0,-0.465429,-0.090893,0.068049,-0.070208,0.111358,-0.042459,0.002506,0.001586
0,-0.425157,-0.084222,0.031762,0.000628,0.029063,0.038716,0.001803,0.00147
0,-0.291493,-0.174514,0.1056,-0.100617,0.085677,-0.11193,0.00053,0.002572
0,-0.31913,-0.161921,0.000441,0.009609,-0.01806,0.054314,4.8e-05,0.002791
0,-0.162828,-0.151,0.157777,-0.001245,0.192227,0.01375,0.002776,0.002635
0,-0.180968,-0.173258,0.006104,-0.050953,-0.011938,-0.065588,0.002459,0.002594
0,-0.313624,-0.058067,-0.154166,0.101959,-0.189603,0.136898,0.000144,0.001013
0,-0.224716,0.004531,0.091328,0.077248,0.074944,0.087505,0.001695,7.9e-05
0,-0.225734,-0.091221,-0.017988,-0.114358,-0.019945,-0.111112,0.001678,0.001592
0,-0.335404,-0.058717,-0.107061,0.021263,-0.084882,-0.005292,0.000236,0.001025
0,-0.217028,-0.089401,0.103934,-0.045873,0.100679,-0.060432,0.00183,0.00156
0,-0.290701,-0.124774,-0.057611,-0.050766,-0.053573,-0.082369,0.000544,0.002178
0,-0.192826,-0.033456,0.099258,0.110455,0.061642,0.145279,0.002252,0.000584
0,-0.210724,0.004111,-0.014622,0.02247,-0.014642,-0.002104,0.00194,7.2e-05
0,-0.122251,0.028362,0.091373,0.034337,0.095838,-0.015637,0.002134,0.000495
0,-0.036638,-0.008678,0.107046,-0.010341,0.091046,-0.018848,0.000639,0.000151
0,-0.050665,-0.056817,-0.038599,-0.035571,-0.026141,-0.034519,0.000884,0.000992
0,-0.101885,0.076851,-0.064486,0.1084,-0.080696,0.142578,0.001778,0.001341
0,-0.118862,-0.141658,0.012918,-0.237478,0.022554,-0.276818,0.002075,0.002472
0,-0.073781,0.0481,0.048118,0.172849,0.018023,0.186875,0.001288,0.000839
0,-0.085973,-0.008409,-0.037277,-0.04931,-0.041222,-0.091819,0.001501,0.000147
0,-0.058907,-0.128583,0.034584,-0.0989,0.036023,-0.131887,0.001028,0.002244
0,-0.214293,-0.155409,-0.170651,-0.002462,-0.197863,0.014461,0.001877,0.002712
0,-0.236296,-0.08181,0.002892,0.093475,0.012205,0.142472,0.001493,0.001428
0,-0.124953,-0.069679,0.097852,0.030632,0.118059,0.073758,0.002181,0.001216
0,-0.184364,-0.067699,-0.063342,0.021118,-0.042669,0.001144,0.0024,0.001182
0,-8.883865,-0.81024,-8.72727,-0.736729,-8.735324,-0.726458,0.002238,0.002711
0,-8.980501,-0.763756,-0.121121,0.053364,-0.071487,0.023924,0.000551,0.002095
0,-8.950579,-1.040119,0.005701,-0.303995,-0.03718,-0.331869,0.001073,0.001301
0,-9.049332,-1.0214,-0.122634,0.012717,-0.124825,-0.019674,0.00065,0.000974
0,-8.902685,-1.243538,0.144347,-0.214187,0.16768,-0.196049,0.001909,0.000766
0,-9.141657,-1.042782,-0.243391,0.18326,-0.264629,0.168926,0.002262,0.001347
0,-8.871897,-0.742821,0.284472,0.310706,0.245221,0.360147,0.002446,0.00173
0,-9.053894,-0.615367,-0.20956,0.136993,-0.191421,0.089681,0.00073,0.000495
0,-8.991176,-0.68154,0.03378,-0.087798,0.03297,-0.068599,0.000365,0.00066
0,-9.097119,-0.17555,-0.090788,0.491662,-0.089779,0.497266,0.001484,0.002554
0,-9.069074,-0.283826,0.054424,-0.121602,0.084549,-0.07223,0.000995,0.000664
0,-8.455957,0.008283,0.608621,0.269557,0.60021,0.24544,0.001529,0.000145
0,-8.996979,-0.090128,-0.520271,-0.089884,-0.482837,-0.080343,0.000263,0.001573
0,-8.596561,0.147106,0.40292,0.216333,0.416644,0.177975,0.001634,0.002567
0,-8.120805,0.096006,0.476726,-0.049119,0.461587,-0.046462,0.001297,0.001676
0,-7.551821,0.126094,0.548408,0.027697,0.558146,0.045956,0.002601,0.002201
0,-7.263911,0.019562,0.283998,-0.090497,0.235105,-0.12003,0.002424,0.000341
0,-6.834104,0.04885,0.414953,0.020665,0.427469,-0.001974,0.00131,0.000853
0,-6.437692,-0.057783,0.371798,-0.084004,0.349323,-0.071674,0.002803,0.001009
0,-6.0245,-0.088204,0.401418,-0.052754,0.384011,-0.048058,0.001585,0.001539
0,-5.757961,-0.087455,0.278585,0.004466,0.322808,-0.030215,0.00062,0.001526
0,-5.676065,-0.077808,0.074968,0.010964,0.10064,0.059131,0.002049,0.001358
0,-5.256174,0.120305,0.433801,0.174987,0.457671,0.15414,0.001857,0.0021
0,-5.027347,0.145518,0.239255,0.024997,0.215272,-0.018365,0.002136,0.00254
0,-4.56249,-0.040879,0.493353,-0.192496,0.48672,-0.183701,0.000985,0.000713
0,-4.390326,0.075636,0.165522,0.141043,0.117106,0.156575,0.002019,0.00132
0,-4.271016,0.01378,0.143284,-0.070594,0.146019,-0.051666,0.001516,0.000241
0,-3.982352,-0.08722,0.29239,-0.101524,0.271311,-0.098351,0.002095,0.001522
0,-3.597008,-0.099734,0.366841,0.001143,0.391745,-0.027484,0.000987,0.001741
0,-3.624025,-0.026289,-0.023643,0.100105,0.020638,0.112393,0.001459,0.000459
0,-3.391784,0.05262,0.256492,0.071897,0.251148,0.116515,0.002595,0.000918
0,-3.249888,-0.148624,0.148613,-0.183392,0.177801,-0.196332,0.000546,0.002594
0,-2.948029,0.089206,0.282533,0.238591,0.318091,0.195698,0.000895,0.001557
0,-2.713003,-0.15073,0.239245,-0.25839,0.20556,-0.270436,0.002411,0.002631
0,-2.677762,-0.074489,0.051135,0.067161,0.012227,0.018856,0.001796,0.0013
0,-2.467765,0.143339,0.180964,0.222936,0.133044,0.194148,0.001869,0.002502
0,-2.312371,-0.046822,0.130326,-0.191738,0.093914,-0.203383,0.001036,0.000817
0,-2.378229,0.022632,-0.076015,0.083373,-0.039616,0.050535,0.002185,0.000395
0,-2.231289,-0.117247,0.173259,-0.153954,0.194084,-0.154901,0.000379,0.002046
0,-2.123559,-0.046166,0.119955,0.079742,0.124849,0.110718,0.002259,0.000806
0,-1.858513,-0.035245,0.255119,0.002237,0.254999,-0.031615,0.001268,0.000615
0,-1.716403,-0.107117,0.137322,-0.05992,0.168377,-0.015009,0.001869,0.00187
0,-1.618572,0.138015,0.096899,0.244177,0.14171,0.290782,0.000162,0.002409
0,-1.671586,0.167263,-0.051752,0.050235,-0.053457,0.083887,0.001087,0.002698
0,-1.470071,0.042517,0.211077,-0.121227,0.183705,-0.082324,0.00243,0.000742
0,-1.333361,0.209863,0.12643,0.17055,0.109081,0.209891,0.000801,0.001955
0,-1.448966,0.104327,-0.098327,-0.122897,-0.055162,-0.133572,0.002798,0.001821
0,-1.182055,0.174395,0.274152,0.063449,0.240171,0.091344,0.001839,0.002574
0,-1.202981,0.070773,-0.02913,-0.099092,-0.012163,-0.148273,0.001474,0.001235
0,-1.026441,0.141421,0.168974,0.077848,0.196129,0.123474,0.001062,0.002468
0,-1.098405,0.121381,-0.086622,-0.039211,-0.082493,-0.082659,0.002318,0.002119
0,-0.85012,0.166644,0.220887,0.034078,0.249205,0.033653,0.002015,0.002709
0,-0.82959,0.006239,0.001596,-0.184969,-0.012761,-0.167728,0.002373,0.000109
0,-0.837542,-0.027863,0.010717,-0.031692,0.050139,0.01342,0.002235,0.000486
0,-0.699983,-0.13006,0.123392,-0.090741,0.123536,-0.083653,0.000982,0.00227
0,-0.726659,-0.159275,-0.056277,-0.032293,-0.096803,-0.038441,0.001448,0.00278
0,-0.783475,0.047652,-0.064131,0.180122,-0.058495,0.166395,0.002439,0.000832
0,-0.601583,0.028533,0.194476,-0.035522,0.233973,-0.011507,0.000735,0.000498
0,-0.680218,-0.17205,-0.07114,-0.206003,-0.034678,-0.171933,0.000637,0.002615
0,-0.61178,-0.110419,0.080099,0.078532,0.073231,0.123284,0.000557,0.001927
0,-0.516687,-0.155089,0.112216,-0.02849,0.100444,0.017072,0.002217,0.002707
0,-0.317854,0.084879,0.193143,0.215591,0.206326,0.174203,7e-05,0.001481
0,-0.383248,-0.057094,-0.053869,-0.161004,-0.062434,-0.148231,0.001071,0.000996
0,-0.274977,-0.116025,0.119592,-0.036488,0.087162,-0.052414,0.000818,0.002025
0,-0.326903,0.088878,-0.065682,0.226368,-0.020757,0.255873,8.8e-05,0.001551
0,-0.398247,0.048558,-0.089726,-0.02511,-0.138241,-0.051745,0.001333,0.000848
0,-0.322323,0.07345,0.095579,0.02973,0.130727,0.029316,8e-06,0.001282
0,-0.237246,-0.018528,0.111417,-0.095958,0.129111,-0.082019,0.001477,0.000323
0,-0.166474,0.083971,0.059197,0.079497,0.012465,0.038921,0.002712,0.001466
0,-0.345329,0.11364,-0.159526,0.002747,-0.143748,0.016379,0.00041,0.001983
0,-0.229225,0.007727,0.115362,-0.104849,0.130072,-0.111638,0.001617,0.000135
0,-0.27762,-0.035653,-0.061364,-0.015861,-0.080204,-0.001133,0.000772,0.000622
0,-0.02884,0.094997,0.226462,0.144317,0.200772,0.18478,0.000503,0.001658
0,-0.307705,-0.036256,-0.303552,-0.153912,-0.331805,-0.142265,0.000247,0.000633
0,-0.289993,-0.07539,0.021564,-0.019065,0.068302,-0.057408,0.000556,0.001316
0,-0.237214,-0.05117,0.07299,-0.003913,0.078749,0.005985,0.001477,0.000893
0,-0.14952,0.12655,0.075184,0.18136,0.101292,0.22471,0.00261,0.002209
0,-0.19184,-0.043516,-0.059691,-0.17835,-0.032961,-0.186419,0.002269,0.000759
0,-0.085508,-0.016122,0.133367,0.016062,0.085372,-0.022247,0.001492,0.000281
0,-8.984557,0.414373,-8.895283,0.409541,-8.849053,0.442093,0.00048,0.001615
0,-8.919544,0.529389,0.041075,0.12571,0.064396,0.131254,0.001615,0.001995
0,-9.076134,0.505206,-0.132674,-0.033853,-0.122213,-0.056413,0.001118,0.002418
0,-9.117154,0.583639,-0.035078,0.07816,-0.047856,0.051806,0.001834,0.001049
0,-8.912288,0.264212,0.180569,-0.342571,0.145288,-0.308169,0.001741,0.001006
0,-9.103488,0.386783,-0.169347,0.099918,-0.209417,0.100682,0.001596,0.001133
0,-8.989867,0.078589,0.088455,-0.286354,0.070869,-0.331787,0.000387,0.001372
0,-9.105095,0.014134,-0.094877,-0.082601,-0.129031,-0.04796,0.001624,0.000247
0,-9.050042,-0.088613,0.075763,-0.129792,0.032348,-0.102144,0.000663,0.001547
0,-8.952641,0.147761,0.090902,0.239712,0.127025,0.224869,0.001037,0.002579
0,-9.125807,0.100483,-0.168088,-0.067575,-0.144126,-0.042745,0.001985,0.001754
0,-8.934901,0.09166,0.162893,-0.000558,0.145186,-0.018261,0.001347,0.0016
0,-9.070655,-0.002406,-0.152862,-0.086343,-0.179083,-0.109617,0.001023,4.2e-05
0,-9.071157,-0.025973,-0.005592,0.005612,-0.001231,-0.012313,0.001031,0.000453
0,-9.007382,-0.117322,0.075711,-0.100895,0.096657,-0.138001,8.2e-05,0.002048
0,-9.145847,0.058164,-0.146913,0.170314,-0.151735,0.150843,0.002335,0.001015
0,-8.897103,0.019429,0.22711,-0.044812,0.269338,-0.060687,0.002006,0.000339
0,-8.901981,-0.048617,-0.02073,-0.094817,-0.027186,-0.067799,0.001921,0.000849
0,-8.919673,-0.108049,0.010839,-0.061813,0.007616,-0.045334,0.001613,0.001886
0,-8.976004,-0.044338,-0.038806,0.067915,-0.006367,0.045386,0.000629,0.000774
0,-9.039621,0.110249,-0.047709,0.162191,-0.02994,0.148814,0.000481,0.001924
0,-9.122166,0.016569,-0.074168,-0.064257,-0.035714,-0.095018,0.001922,0.000289
0,-8.877879,0.060157,0.269788,0.043035,0.237554,0.078958,0.002342,0.00105
0,-8.341396,-0.11169,0.534563,-0.19466,0.487754,-0.20487,0.00047,0.001949
0,-8.055825,0.041592,0.305127,0.175281,0.307945,0.132304,0.000163,0.000726
0,-7.650986,0.125191,0.410217,0.088153,0.444056,0.112432,0.001285,0.002185
0,-7.073261,-0.042779,0.587583,-0.158852,0.58783,-0.113916,0.000133,0.000747
0,-6.933534,-0.044153,0.158541,0.010653,0.170344,0.030056,0.002572,0.000771
0,-6.438582,-0.01381,0.496992,0.008766,0.509432,0.05197,0.002787,0.000241
0,-6.287173,0.111502,0.131385,0.114131,0.121552,0.121396,0.002618,0.001946
0,-5.832754,-0.085935,0.469202,-0.202223,0.500155,-0.181601,0.000686,0.0015
0,-5.55232,0.129337,0.27813,0.229554,0.298477,0.210839,0.001409,0.002257
0,-5.190912,-0.071172,0.381909,-0.225803,0.343042,-0.240037,0.000718,0.001242
0,-5.089309,0.045352,0.099836,0.134695,0.117647,0.094241,0.001055,0.000792
0,-4.830873,-0.090557,0.261418,-0.150579,0.214436,-0.158207,5.2e-05,0.001581
0,-4.423849,-0.057572,0.420912,0.044877,0.409499,0.020672,0.001434,0.001005
0,-4.173121,0.094754,0.240885,0.146045,0.253512,0.126409,0.000193,0.001654
0,-4.035373,0.061929,0.141437,-0.05768,0.121813,-0.079449,0.002597,0.001081
0,-4.077139,0.008476,-0.02598,-0.048561,-0.014564,-0.087752,0.001868,0.000148
0,-3.702653,0.108504,0.34629,0.085916,0.384226,0.046667,0.002787,0.001894
0,-3.48242,-0.088551,0.244791,-0.184009,0.291192,-0.200594,0.001013,0.001545
0,-3.303316,0.02934,0.167795,0.102819,0.13006,0.12949,0.001479,0.000512
0,-3.177324,-0.085242,0.149218,-0.121856,0.174481,-0.165439,0.00072,0.001488
0,-2.992806,-0.116034,0.180763,-0.05048,0.184989,-0.056364,0.001677,0.002025
0,-2.871888,0.07022,0.102821,0.203743,0.057068,0.237779,0.000434,0.001226
0,-2.824374,-0.129285,0.031004,-0.219652,0.042951,-0.267859,0.001263,0.002256
0,-2.613259,-0.126036,0.1948,0.02022,0.228545,0.041594,0.00067,0.0022
0,-2.346879,-0.034077,0.238887,0.113029,0.206493,0.159385,0.001638,0.000595
0,-2.233727,0.076333,0.128674,0.086459,0.12177,0.055377,0.000337,0.001332
0,-2.179491,0.069099,0.052241,-0.036285,0.072821,-0.03422,0.001283,0.001206
0,-1.803158,0.048369,0.396806,-0.032645,0.417128,-0.026397,0.002234,0.000844
0,-1.86411,0.061282,-0.032227,0.027486,-0.074243,0.028583,0.00117,0.00107
0,-1.904623,-0.103203,-0.025618,-0.193075,-0.041558,-0.219309,0.000463,0.001801
0,-1.659125,0.049721,0.227735,0.166121,0.239882,0.196237,0.00087,0.000868
0,-1.557287,-0.04346,0.129667,-0.073221,0.156903,-0.070708,0.000908,0.000759
0,-1.433549,-0.052675,0.100268,-0.036288,0.137236,-0.057928,0.00255,0.000919
0,-1.343632,0.056959,0.106377,0.080371,0.106309,0.129148,0.000981,0.000994
0,-1.309538,0.086033,0.009188,0.028307,0.057545,0.067169,0.000386,0.001502
0,-1.330376,-0.079376,-0.038537,-0.164231,-0.037287,-0.19661,0.000749,0.001385
0,-1.43019,0.085405,-0.0936,0.192327,-0.120527,0.225446,0.002491,0.001491
0,-8.967022,-0.0848,-7.518893,-0.155664,-7.532614,-0.167972,0.000786,0.00148
0,-8.976288,0.126698,-0.000105,0.238002,-0.015302,0.232992,0.000624,0.002211
0,-8.867166,0.056867,0.08304,-0.044227,0.099166,-0.021645,0.002529,0.000993
0,-8.907071,-0.001557,-0.011726,-0.029601,0.031654,-0.01267,0.001833,2.7e-05
0,-8.978949,0.019673,-0.063877,0.005222,-0.028387,-0.004416,0.000578,0.000343
0,-9.022548,0.033346,-0.050378,0.020819,-0.035474,-0.017699,0.000183,0.000582
0,-9.11539,-0.015454,-0.092152,-0.040543,-0.045122,-0.048222,0.001803,0.00027
0,-9.132283,0.214923,-0.041218,0.246193,-0.057148,0.294791,0.002098,0.001866
0,-9.05501,0.209255,0.090035,0.023048,0.094147,0.021401,0.00075,0.001965
0,-9.011279,-0.077925,0.025577,-0.289724,-0.009894,-0.267843,1.4e-05,0.00136
0,-8.964149,-0.162217,0.034204,-0.108637,0.080039,-0.105651,0.000836,0.002786
0,-8.987103,-0.033256,-0.034846,0.141375,-0.05772,0.135377,0.000436,0.00058
0,-8.516641,0.131063,0.479404,0.143775,0.459577,0.173268,0.002588,0.002287
0,-7.958308,0.123622,0.561125,-0.02598,0.571648,-0.033984,0.001539,0.002158
0,-7.653673,0.105728,0.291093,-0.009686,0.32389,-0.046496,0.001238,0.001845
0,-7.251429,0.035775,0.42612,-0.067556,0.460015,-0.045935,0.002641,0.000624
0,-6.880864,-0.107768,0.36981,-0.160065,0.389366,-0.119806,0.002126,0.001881
0,-6.614393,0.039611,0.274617,0.155017,0.263886,0.115805,0.002525,0.000691
0,-6.143465,-0.112885,0.471306,-0.168619,0.512615,-0.160805,0.000491,0.00197
0,-5.755324,-0.010525,0.387621,0.114217,0.344128,0.114454,0.000666,0.000184
0,-5.619952,-0.137509,0.141295,-0.117548,0.149789,-0.106853,0.002589,0.0024
0,-5.108811,0.029656,0.513323,0.184805,0.551534,0.203993,0.000715,0.000518
0,-4.914791,0.103691,0.193163,0.04519,0.159833,0.02234,0.001517,0.00181
0,-4.51254,0.005337,0.399101,-0.125336,0.37925,-0.115447,0.000114,9.3e-05
0,-4.148691,-0.143094,0.370287,-0.148097,0.363983,-0.177427,0.000619,0.002497
0,-4.065759,-0.171956,0.089533,-0.000624,0.065199,-0.040752,0.002067,0.002616
0,-3.899201,-0.109924,0.160869,0.04618,0.197409,0.073234,0.000644,0.001919
0,-3.654149,-0.120999,0.23073,-0.01696,0.264525,-0.039837,0.001984,0.002112
0,-3.430251,-0.100807,0.20864,0.032962,0.183454,-0.005331,0.001923,0.001759
0,-3.24527,-0.129072,0.206363,-0.023694,0.157372,-0.033458,0.000466,0.002253
0,-2.963419,-0.09651,0.277091,0.039624,0.274875,0.064703,0.001164,0.001684
0,-3.000602,0.090614,-0.067138,0.213109,-0.086708,0.220956,0.001813,0.001582
0,-2.676766,0.113311,0.29497,0.038418,0.28301,0.000625,0.001778,0.001978
0,-2.691604,0.091633,-0.024988,0.003675,-0.007489,0.028674,0.002037,0.001599
0,-2.444292,-0.025952,0.258593,-0.145858,0.306626,-0.123614,0.002279,0.000453
0,-2.351336,0.100067,0.094922,0.101014,0.058636,0.072654,0.001716,0.001747
0,-2.152817,-0.02086,0.170856,-0.093896,0.172193,-0.126352,0.001749,0.000364
0,-1.969887,-0.176506,0.17228,-0.140145,0.190995,-0.180454,0.000676,0.002537
0,-2.047111,0.111475,-0.101114,0.275488,-0.123144,0.260229,0.002024,0.001946
0,-1.691725,0.102382,0.38439,-0.021532,0.337152,-0.053653,0.001439,0.001787
0,-1.62475,-0.177013,0.086248,-0.303593,0.060995,-0.326051,0.00027,0.002528
0,-1.747754,-0.162681,-0.144412,0.026892,-0.134051,-0.007889,0.002417,0.002778
0,-1.457552,-0.173646,0.268882,-0.032998,0.26,0.009634,0.002648,0.002587
0,-1.385551,-0.026987,0.063678,0.143124,0.057742,0.152632,0.001712,0.000471
0,-1.231821,0.087351,0.179943,0.128686,0.207019,0.099083,0.000971,0.001525
0,-1.342801,-0.208768,-0.135124,-0.286067,-0.12002,-0.313671,0.000966,0.001974
0,-1.296142,-0.090789,0.03744,0.147454,0.013333,0.130701,0.000152,0.001585
0,-1.325729,-0.036153,-0.003331,0.074094,-0.018265,0.0802,0.000668,0.000631
0,-1.063201,-0.168022,0.261131,-0.146295,0.251923,-0.105523,0.001704,0.002685
0,-1.081507,-0.0525,-0.04762,0.111795,-0.000163,0.074906,0.002023,0.000916
0,-1.060299,-0.103518,0.037971,-0.032715,0.032681,0.010643,0.001653,0.001807
0,-0.840564,-0.097365,0.218229,-0.005743,0.197494,0.005411,0.002182,0.001699
0,-0.966262,-0.086633,-0.121642,-0.008843,-0.088449,0.003471,1.2e-05,0.001512
0,-1.008556,0.058352,-0.04092,0.115518,-0.037658,0.131653,0.00075,0.001018
0,-0.946525,-0.037943,0.044761,-0.076361,0.032747,-0.070779,0.000333,0.000662
0,-0.665401,-0.067949,0.306174,-0.019057,0.329816,-0.045015,0.000378,0.001186
0,-0.628907,0.093673,0.055518,0.156024,0.024358,0.124587,0.000259,0.001635
0,-0.633739,-0.177358,0.005495,-0.272972,-0.006049,-0.311208,0.000174,0.002522
0,-0.730813,0.032831,-0.103804,0.228011,-0.141153,0.207182,0.00152,0.000573
0,-0.775498,0.080954,-0.056326,0.063918,-0.010212,0.03282,0.0023,0.001413
0,-0.500625,-0.049224,0.299736,-0.111398,0.329247,-0.126609,0.002497,0.000859
0,-0.38722,-0.025714,0.096068,0.052474,0.135523,0.074215,0.001141,0.000449
0,-0.592115,-0.065541,-0.187398,-0.035741,-0.198174,-0.069649,0.000901,0.001144
0,-0.497788,-0.009285,0.103314,0.046643,0.109053,0.080582,0.002547,0.000162
0,-0.496109,-0.042772,-0.012557,-0.048075,-0.009072,-0.034567,0.002576,0.000747
0,-0.356274,0.098036,0.119436,0.138041,0.099954,0.121359,0.000601,0.001711
0,-0.321734,-0.016077,0.006525,-0.09415,0.042543,-0.138863,2e-06,0.000281
0,-0.189205,0.077339,0.132226,0.082158,0.158499,0.065019,0.002315,0.00135
0,-0.107079,-0.053572,0.066596,-0.14112,0.046234,-0.128247,0.001869,0.000935
0,-0.396948,-0.039873,-0.260601,0.023076,-0.262237,-0.025996,0.001311,0.000696
0,-0.168031,0.100707,0.238894,0.117334,0.287029,0.086977,0.002685,0.001758
0,-0.134418,-0.076674,0.008039,-0.201988,0.036784,-0.191666,0.002346,0.001338
0,-0.337791,-0.073539,-0.208486,0.015155,-0.225586,-0.030103,0.000278,0.001284
0,-0.17677,-0.107779,0.168672,-0.035061,0.170197,-0.04474,0.002532,0.001881
0,-0.246642,-0.057933,-0.09004,0.077657,-0.046139,0.100884,0.001313,0.001011
0,-0.245924,-0.169402,-0.006235,-0.128081,0.014218,-0.114054,0.001325,0.002661
0,-0.206475,0.013428,0.048317,0.157984,0.08695,0.168284,0.002014,0.000234
0,-0.109368,-0.166233,0.079464,-0.172584,0.056253,-0.151409,0.000902,0.002716
0,0.04691,-0.088962,0.145919,0.104604,0.182546,0.094179,0.000819,0.001553
0,-0.165332,-0.140763,-0.209909,-0.025804,-0.190698,-0.058605,0.002732,0.002457
0,-0.195388,-0.189243,-0.021946,-0.027849,-0.031055,-0.027026,0.002207,0.002315
0,0.055853,0.087061,0.275176,0.260876,0.285343,0.24618,0.000975,0.001519
0,-0.139175,0.091189,-0.205043,-0.002649,-0.24441,-0.033968,0.002429,0.001592
0,0.046896,-0.040195,0.199165,-0.119148,0.242366,-0.167173,0.000818,0.000702
0,-0.13731,-0.021426,-0.167087,-0.000159,-0.180249,-0.041182,0.002397,0.000374
0,-0.039231,-0.153964,0.082314,-0.159001,0.062903,-0.179374,0.000685,0.002687
0,0.091238,-0.143524,0.157947,0.000956,0.139718,0.010723,0.001592,0.002505
0,0.033479,-0.158873,-0.048699,0.005568,-0.085292,0.042492,0.000584,0.002773
0,0.025229,0.109709,0.021431,0.293236,0.035647,0.324538,0.00044,0.001915
0,-0.1302,-0.053655,-0.179893,-0.133865,-0.140372,-0.163231,0.002272,0.000936
0,-0.079315,-0.17005,0.068611,-0.107026,0.052414,-0.110454,0.001384,0.00265
0,-0.036637,-0.183156,0.041202,-0.033438,0.069177,-0.054895,0.000639,0.002421
0,0.083494,-0.014403,0.092821,0.197393,0.136253,0.152623,0.001457,0.000251
0,0.093509,0.021466,0.010451,0.016709,-0.030933,-0.013715,0.001632,0.000375
0,0.1169,0.087198,0.04525,0.060007,0.050645,0.060815,0.00204,0.001522
0,0.194488,-0.028437,0.067127,-0.132247,0.041145,-0.158309,0.002223,0.000496
0,0.085067,-0.139992,-0.10249,-0.086288,-0.114548,-0.075337,0.001485,0.002443
0,-0.037804,-0.06751,-0.102379,0.099747,-0.068111,0.142844,0.00066,0.001178
0,-0.000243,-0.039385,0.01295,0.029654,0.00303,0.050549,4e-06,0.000687
0,-0.013064,0.113815,0.001579,0.134005,-0.006587,0.088291,0.000228,0.001986
0,-0.026259,-0.067491,-0.025894,-0.192194,-0.052327,-0.165885,0.000458,0.001178
0,0.000632,-0.033686,0.005727,0.011281,0.036717,-0.024214,1.1e-05,0.000588
0,0.09516,-0.063815,0.094163,-0.017017,0.081029,0.026608,0.001661,0.001114
0,-0.108649,-0.08283,-0.174267,-0.046097,-0.223485,-0.08485,0.001896,0.001446
0,-0.085273,0.115459,0.025115,0.199128,0.048524,0.169565,0.001488,0.002015
0,-0.034552,0.141618,0.042138,0.041221,0.089249,0.083463,0.000603,0.002472
0,-0.151197,-0.120364,-0.099079,-0.245043,-0.049748,-0.291191,0.002639,0.002101
0,-0.032344,-0.058362,0.121192,0.082144,0.096011,0.098134,0.000565,0.001019
0,-0.070444,0.07452,-0.044611,0.120789,-0.015206,0.111364,0.001229,0.001301
0,0.020512,-0.056671,0.084432,-0.150195,0.110274,-0.169792,0.000358,0.000989
0,-0.066067,-0.073929,-0.102548,0.001338,-0.145981,-0.000838,0.001153,0.00129
0,-0.147249,-0.145268,-0.064575,-0.09287,-0.06152,-0.120445,0.00257,0.002535
0,-0.074286,-0.058622,0.085279,0.10328,0.072581,0.067759,0.001297,0.001023
0,-0.19819,0.041582,-0.153325,0.122216,-0.194708,0.096779,0.002158,0.000726
0,-0.150367,0.085762,0.07638,0.073072,0.06026,0.093802,0.002624,0.001497
0,0.056417,-0.036971,0.205056,-0.096973,0.186026,-0.124993,0.000985,0.000645
0,-0.071498,0.146798,-0.123586,0.20386,-0.149591,0.155115,0.001248,0.002562
0,0.021778,0.135365,0.071907,0.013924,0.025591,-0.006681,0.00038,0.002363
0,-0.076591,-0.094951,-0.077239,-0.228773,-0.0544,-0.251496,0.001337,0.001657
0,-0.0364,-0.03622,0.031484,0.040141,0.012007,-0.00928,0.000635,0.000632
0,0.113765,-0.04482,0.150006,-0.028553,0.185342,-0.011699,0.001986,0.000782
0,0.112538,0.082701,-0.027411,0.121437,-0.045034,0.105657,0.001964,0.001443
0,-0.008807,-0.13449,-0.094423,-0.206256,-0.144336,-0.236917,0.000154,0.002347
0,0.117188,-0.142536,0.108596,-0.01501,0.07049,-0.016313,0.002045,0.002488
0,0.027989,0.045368,-0.114437,0.174267,-0.074296,0.173882,0.000489,0.000792
0,0.003762,-0.109393,-0.039598,-0.172209,-0.049015,-0.181046,6.6e-05,0.001909
0,0.167396,-0.014206,0.145244,0.110538,0.116103,0.151812,0.002696,0.000248
0,-0.076741,0.003171,-0.237751,0.019946,-0.243595,0.062356,0.001339,5.5e-05
0,0.099635,-0.070114,0.161509,-0.100576,0.163807,-0.128986,0.001739,0.001224
0,-0.085007,-0.062215,-0.162601,-0.018984,-0.146741,-0.027054,0.001484,0.001086
0,-0.028481,-0.101844,0.060559,-0.066085,0.043471,-0.058058,0.000497,0.001778
0,-0.114847,-0.124472,-0.110998,-0.009111,-0.062637,0.016899,0.002004,0.002172
0,-0.048036,-0.022184,0.090638,0.072825,0.046585,0.067882,0.000838,0.000387
0,-0.091067,-0.182524,-0.038723,-0.135002,-0.014679,-0.124404,0.001589,0.002432
0,-0.135547,0.005289,-0.045544,0.166485,-0.057738,0.156885,0.002366,9.2e-05
0,-0.007712,0.030702,0.109662,-0.003715,0.15149,-0.003054,0.000135,0.000536
0,-0.01742,-0.013316,0.004173,-0.018434,-0.032902,0.023704,0.000304,0.000232
0,-0.079407,-0.18883,-0.041513,-0.184554,-0.073411,-0.233593,0.001386,0.002322
0,-0.268775,0.012298,-0.206059,0.195543,-0.249382,0.200862,0.000926,0.000215
0,-8.92605,-0.922771,-8.640292,-0.918835,-8.610192,-0.877149,0.001501,0.000747
0,-8.915276,-1.248539,0.026303,-0.345044,0.025465,-0.305758,0.001689,0.000679
0,-8.976269,-1.317333,-0.088119,-0.068431,-0.071171,-0.04326,0.000625,0.000522
0,-9.122373,-1.193741,-0.127169,0.141005,-0.111486,0.184177,0.001925,0.001635
0,-8.911449,-1.210442,0.205329,-0.014207,0.227453,-0.031895,0.001756,0.001344
0,-8.945639,-1.155259,-0.042469,0.049971,-0.05053,0.000693,0.001159,0.002307
0,-8.969732,-1.009585,-0.015911,0.165372,0.028139,0.136568,0.000739,0.000768
0,-8.872157,-0.648115,0.068781,0.375214,0.022152,0.339597,0.002442,7.7e-05
0,-9.141503,-0.597815,-0.249725,0.071696,-0.26292,0.023285,0.002259,0.000801
0,-9.132887,-0.162636,-0.003629,0.456427,0.029314,0.422068,0.002109,0.002779
0,-8.922914,-0.095656,0.208356,0.078637,0.206176,0.064993,0.001556,0.00167
0,-8.927878,0.026446,-0.016794,0.110699,-0.057658,0.126516,0.001469,0.000462
0,-8.999112,-0.083425,-0.043627,-0.114938,-0.036793,-0.079138,0.000226,0.001456
0,-9.143014,-0.127972,-0.162628,-0.033137,-0.140808,-0.082385,0.002285,0.002234
0,-8.999019,0.045595,0.168423,0.192999,0.141814,0.221621,0.000228,0.000796
0,-8.913753,0.031829,0.091634,0.010632,0.056843,0.050778,0.001716,0.000556
0,-9.088211,-0.067679,-0.203077,-0.083234,-0.195858,-0.057665,0.001329,0.001181
0,-9.024593,0.110532,0.049876,0.159369,0.091152,0.173647,0.000219,0.001929
0,-9.088855,-0.078392,-0.047787,-0.209907,-0.037834,-0.242248,0.00134,0.001368
0,-9.03387,0.163641,0.046157,0.260561,0.085893,0.28088,0.000381,0.002761
0,-8.893175,0.005362,0.141861,-0.179668,0.135572,-0.170854,0.002075,9.4e-05
0,-8.938327,0.035394,-0.03004,0.01942,-0.05424,0.010656,0.001287,0.000618
0,-8.989349,-0.045847,-0.065491,-0.06227,-0.107375,-0.075143,0.000396,0.0008
0,-9.101531,-0.07478,-0.134189,-0.049189,-0.090308,-0.032936,0.001561,0.001305
0,-9.105121,0.098336,-0.023234,0.179168,-0.052235,0.199727,0.001624,0.001716
0,-8.969934,0.025845,0.146413,-0.05933,0.191731,-0.070641,0.000735,0.000451
0,-8.9281,-0.108614,0.060011,-0.150286,0.086199,-0.111393,0.001465,0.001896
0,-8.99593,-0.047638,-0.052808,0.060198,-0.010548,0.065399,0.000282,0.000831
0,-8.960071,0.149125,0.053752,0.182251,0.046776,0.188447,0.000907,0.002603
0,-9.018238,-0.001024,-0.037855,-0.123381,-0.013939,-0.151521,0.000108,1.8e-05
0,-8.482201,-0.130098,0.520716,-0.133396,0.514964,-0.172894,0.001987,0.002271
0,-7.899173,0.060155,0.566409,0.201929,0.574665,0.230649,0.002571,0.00105
0,-7.695419,0.011461,0.224216,-0.059987,0.206807,-0.07958,0.00051,0.0002
0,-7.229114,-0.004695,0.449422,0.005397,0.46808,0.004307,0.002587,8.2e-05
0,-6.968337,0.174131,0.273291,0.202661,0.254521,0.203726,0.001965,0.002578
0,-6.545122,-0.116852,0.410165,-0.281083,0.393894,-0.261297,0.001884,0.002039
0,-6.195649,0.047705,0.378319,0.152501,0.407787,0.152474,0.001402,0.000833
0,-5.723381,-0.018898,0.474372,-0.092784,0.47086,-0.137277,0.001223,0.00033
0,-5.549968,0.096098,0.15445,0.095881,0.148267,0.076447,0.001368,0.001677
0,-5.231927,0.077121,0.339755,0.006748,0.387185,-0.038883,0.001434,0.001346
0,-4.956288,0.01585,0.266912,-0.068795,0.310422,-0.077519,0.002241,0.000277
0,-4.535489,-0.104549,0.410105,-0.12148,0.423059,-0.09368,0.000514,0.001825
0,-4.287566,0.036235,0.275167,0.124434,0.299527,0.103462,0.001805,0.000632
0,-4.105417,-0.010536,0.180387,-0.048154,0.202714,-0.081011,0.001375,0.000184
0,-3.744541,-0.059316,0.34821,-0.076909,0.383129,-0.038646,0.002056,0.001035
0,-3.544212,-0.114141,0.199671,-0.057425,0.195285,-0.060272,0.002746,0.001992
0,-3.495644,-0.064683,0.067829,0.046637,0.086425,0.091919,0.000782,0.001129
0,-3.187043,0.060728,0.313574,0.11345,0.35717,0.086072,0.000551,0.00106
0,-3.207042,-0.151619,-0.027762,-0.204231,-0.004797,-0.224857,0.000202,0.002646
0,-2.93566,-0.213717,0.296592,-0.04431,0.331692,0.004119,0.000679,0.001887
0,-2.749437,-0.116712,0.170729,0.091761,0.201329,0.063028,0.002571,0.002037
0,-2.706662,-0.140368,0.023823,-0.007852,0.020097,-0.039833,0.0023,0.00245
0,-2.542991,-0.026553,0.158679,0.097873,0.170473,0.136431,0.000556,0.000463
0,-2.141222,0.039174,0.376553,0.080058,0.329263,0.061442,0.001951,0.000684
0,-1.968568,-0.145787,0.176483,-0.183946,0.189269,-0.183168,0.000653,0.002544
0,-1.982019,-0.076914,-0.031976,0.094147,-0.057679,0.092362,0.000888,0.001342
0,-1.755342,-0.02439,0.243767,0.051895,0.271877,0.078368,0.002549,0.000426
0,-1.728105,-0.037924,0.05597,0.011616,0.067398,-0.022284,0.002074,0.000662
0,-1.578903,0.085633,0.125185,0.134649,0.149358,0.144537,0.00053,0.001495
0,-1.496758,6.6e-05,0.097345,-0.077668,0.099201,-0.107493,0.001964,1e-06
0,-1.524986,-0.03202,-0.012577,-0.018283,-0.025985,-0.015652,0.001472,0.000559
0,-1.341321,0.177966,0.209779,0.198153,0.202472,0.186057,0.00094,0.002511
0,-1.385626,0.169876,-0.034817,-0.030904,-0.028881,-0.04033,0.001714,0.002653
0,-1.234021,0.157081,0.173524,-0.003955,0.197197,-0.030855,0.000932,0.002742
0,-1.133349,0.037183,0.10151,-0.1496,0.108381,-0.127073,0.002689,0.000649
0,-1.109915,0.019862,0.028096,-0.011386,0.02873,-0.055994,0.002519,0.000347
0,-1.013716,-0.111151,0.071067,-0.154254,0.069832,-0.143347,0.00084,0.00194
0,-1.117213,-0.031713,-0.082889,0.077558,-0.116571,0.050578,0.002647,0.000553
0,-0.963497,-0.027258,0.168567,-0.000851,0.182427,-0.029733,3.6e-05,0.000476
0,-0.890298,-0.15153,0.102241,-0.108768,0.147436,-0.062845,0.001314,0.002645
0,-0.978309,-0.097464,-0.058513,0.071986,-0.09662,0.054929,0.000222,0.001701
0,-0.681562,0.000716,0.320563,0.068294,0.274931,0.080753,0.00066,1.2e-05
0,-0.897736,-0.160896,-0.22864,-0.174001,-0.250473,-0.161848,0.001184,0.002808
0,-0.62661,-0.071878,0.261174,0.084468,0.246507,0.113501,0.000299,0.001254
0,-0.817061,0.110275,-0.175626,0.162165,-0.225218,0.175991,0.002592,0.001925
0,-0.517065,0.006168,0.305835,-0.112455,0.346722,-0.091741,0.002211,0.000108
0,-0.427409,-0.079556,0.091261,-0.088829,0.121533,-0.098092,0.001842,0.001389
0,-0.630614,0.074392,-0.21008,0.160474,-0.168726,0.134627,0.000229,0.001298
0,-0.594232,-0.107585,0.033216,-0.196627,0.065939,-0.155166,0.000864,0.001878
0,-0.529666,-0.127212,0.043132,-0.036165,0.007624,-0.07843,0.001991,0.00222
0,-0.4811,0.101902,0.051953,0.210428,0.085041,0.22033,0.002779,0.001779
0,-0.334022,-0.136043,0.123294,-0.266319,0.117954,-0.233843,0.000212,0.002374
0,-0.420784,0.088109,-0.104079,0.249483,-0.102367,0.206524,0.001727,0.001538
0,-0.559469,-0.098389,-0.154524,-0.210257,-0.202869,-0.192266,0.00147,0.001717
0,-0.380047,-0.060369,0.16093,0.041705,0.153957,0.011215,0.001016,0.001054
0,-0.363115,0.176743,-0.007232,0.222879,-0.023633,0.26944,0.00072,0.002533
0,-0.23394,-0.005858,0.132529,-0.18217,0.111576,-0.156942,0.001534,0.000102
0,-0.18376,-0.057988,0.047167,-0.066512,0.068331,-0.115792,0.00241,0.001012
0,-0.408667,-0.104592,-0.222248,-0.036175,-0.256759,-0.023004,0.001515,0.001825
0,-0.174163,0.162613,0.234256,0.242138,0.257833,0.234096,0.002578,0.002779
0,-0.298086,0.14003,-0.138963,-0.021202,-0.181924,-0.064702,0.000415,0.002444
0,-0.140058,0.140321,0.153316,-0.013026,0.185884,-0.024471,0.002444,0.002449
0,-0.265347,0.048952,-0.120155,-0.067762,-0.169847,-0.032516,0.000986,0.000854
0,-0.295213,-0.111958,-0.054791,-0.135646,-0.009655,-0.169567,0.000465,0.001954
0,-0.27722,0.057756,0.014621,0.175289,-0.027122,0.208279,0.000779,0.001008
0,-0.17199,0.103469,0.083652,0.023206,0.037429,-0.013225,0.002616,0.001806
0,-0.102353,-0.050913,0.082729,-0.12672,0.092276,-0.138229,0.001786,0.000889
0,-0.091864,0.119772,0.034447,0.155358,0.061481,0.144804,0.001603,0.00209
0,-0.21714,-0.038339,-0.105593,-0.174517,-0.139569,-0.143692,0.001828,0.000669
0,0.002483,0.003622,0.208177,0.071192,0.159056,0.071572,4.3e-05,6.3e-05
0,-0.240108,0.087354,-0.26087,0.070598,-0.264023,0.098657,0.001427,0.001525
0,-0.122213,-0.027387,0.096655,-0.093904,0.085773,-0.057716,0.002133,0.000478
0,-0.090079,0.035214,0.058552,0.046888,0.074427,0.047397,0.001572,0.000615
0,0.05137,0.10113,0.127066,0.044126,0.116817,0.08884,0.000897,0.001765
0,0.072397,0.149958,0.044059,0.03849,0.018461,0.004755,0.001264,0.002617
0,-0.074857,0.167869,-0.145423,0.003278,-0.097812,-0.037226,0.001306,0.002688
0,0.054522,-0.07581,0.144208,-0.230965,0.147643,-0.267689,0.000952,0.001323
0,0.115909,0.069377,0.089447,0.161618,0.092628,0.177835,0.002023,0.001211
0,-0.176144,-0.061119,-0.264848,-0.106747,-0.289725,-0.07539,0.002543,0.001067
0,-0.133469,-0.007469,0.060903,0.062199,0.080912,0.104332,0.002329,0.00013
0,-0.114888,0.036882,0.043505,0.023333,0.027455,0.037702,0.002005,0.000644
0,-0.142111,-0.141321,-0.001738,-0.189128,0.020432,-0.166519,0.00248,0.002467
0,-0.113681,-0.050718,0.037398,0.099166,0.026217,0.089842,0.001984,0.000885
0,0.072308,0.007103,0.20482,0.035631,0.213726,0.009217,0.001262,0.000124
0,0.22047,-0.082996,0.121653,-0.108745,0.169093,-0.078362,0.00177,0.001449
0,-0.031116,0.024402,-0.248156,0.097515,-0.297481,0.0735,0.000543,0.000426
0,-0.014718,0.002225,0.036956,0.007687,0.021456,-0.032313,0.000257,3.9e-05
0,0.141575,0.106256,0.17182,0.113944,0.162241,0.094962,0.002471,0.001855
0,0.102933,-0.137359,-0.03828,-0.240144,-0.018162,-0.225355,0.001797,0.002397
0,0.213176,0.103694,0.094584,0.247019,0.066396,0.275693,0.001897,0.00181
0,-0.043585,-0.155877,-0.233103,-0.279822,-0.206355,-0.280321,0.000761,0.002721
0,0.029424,0.076784,0.07045,0.242743,0.058148,0.196026,0.000514,0.00134
0,-0.058023,0.062273,-0.063434,-0.027707,-0.090472,-0.055048,0.001013,0.001087
0,0.080766,-0.063521,0.109443,-0.120195,0.156793,-0.135339,0.00141,0.001109
0,0.033297,0.003577,-0.030181,0.058357,-0.001055,0.067748,0.000581,6.2e-05
0,0.175922,0.084839,0.11757,0.065061,0.131007,0.068358,0.002547,0.001481
0,0.133972,-0.101115,-0.015259,-0.174772,-0.006062,-0.135471,0.002338,0.001765
0,0.058549,-0.067522,-0.067709,0.006373,-0.081125,0.003727,0.001022,0.001178
0,0.090731,-0.023632,0.038952,0.019634,0.064119,0.044268,0.001584,0.000412
0,-0.077411,-0.018729,-0.167133,0.004985,-0.18096,0.021209,0.001351,0.000327
0,-0.030071,0.024669,0.032171,0.043868,0.066347,0.090843,0.000525,0.000431
0,-0.065384,-0.003005,-0.040187,-0.041429,-0.033887,0.00843,0.001141,5.2e-05
0,0.038702,0.024537,0.128722,0.004339,0.126684,-0.013308,0.000675,0.000428
0,-0.025415,-0.062581,-0.073175,-0.061952,-0.037106,-0.013001,0.000444,0.001092
0,0.093308,-0.111384,0.094557,-0.040716,0.079401,-0.040937,0.001629,0.001944
0,0.038816,-0.026448,-0.037742,0.109274,-0.043938,0.113778,0.000677,0.000462
0,-0.087226,0.020378,-0.105339,0.072567,-0.119602,0.044469,0.001522,0.000356
0,-0.135256,0.115844,-0.028327,0.110068,-0.026692,0.137615,0.002361,0.002022
0,-0.111427,0.066803,-0.000123,-0.074845,0.002387,-0.066023,0.001945,0.001166
0,-0.084792,0.130668,0.000812,0.034195,0.036972,0.007429,0.00148,0.002281
0,-0.135091,-0.046248,-0.07988,-0.170811,-0.040861,-0.16961,0.002358,0.000807
0,-0.111014,0.032056,0.018481,0.099799,0.03399,0.111922,0.001938,0.000559
0,-0.147569,0.160852,-0.056579,0.142388,-0.008617,0.095334,0.002576,0.002807
0,0.148405,-0.117963,0.30014,-0.270205,0.293657,-0.247597,0.00259,0.002059
0,0.079467,-0.160915,-0.05445,-0.050882,-0.024245,-0.060145,0.001387,0.002808
0,-0.016479,-0.01009,-0.124896,0.14182,-0.129899,0.095399,0.000288,0.000176
0,0.124911,-0.011683,0.126431,-0.007097,0.104738,-0.054092,0.00218,0.000204
0,0.021622,-0.17594,-0.081868,-0.158083,-0.100899,-0.141091,0.000377,0.002547
0,0.126082,-0.004221,0.104551,0.15764,0.116291,0.198179,0.002201,7.4e-05
0,0.195215,-0.145223,0.049311,-0.162601,0.087422,-0.212419,0.00221,0.002535
0,-0.033005,-0.014887,-0.222328,0.142215,-0.226429,0.151746,0.000576,0.00026
0,-0.067404,-0.189058,-0.043529,-0.186838,-0.063217,-0.229617,0.001176,0.002318
0,-0.047125,-0.153925,0.004409,0.058711,-0.005655,0.095387,0.000822,0.002686
0,-8.945417,-0.500216,-8.881481,-0.33212,-8.880687,-0.313239,0.001163,0.002505
0,-8.954513,-0.550222,0.000498,-0.040605,0.013044,-0.068557,0.001004,0.001632
0,-9.026155,-0.740733,-0.06615,-0.178898,-0.07971,-0.210923,0.000246,0.001693
0,-9.040217,-0.674505,-0.002766,0.042353,0.015854,0.037747,0.000491,0.000537
0,-8.989989,-0.736128,0.05413,-0.053212,0.096196,-0.055733,0.000385,0.001613
0,-9.078364,-0.816574,-0.06438,-0.062948,-0.080658,-0.037087,0.001157,0.002601
0,-9.106309,-0.656915,-0.046022,0.140475,-0.019277,0.120695,0.001645,0.00023
0,-9.049982,-0.446138,0.082656,0.190491,0.081121,0.198637,0.000662,0.002169
0,-8.871004,-0.375915,0.177341,0.051178,0.175143,0.029159,0.002462,0.000943
0,-8.990654,-0.072127,-0.137329,0.293994,-0.107874,0.323551,0.000374,0.001259
0,-9.084897,-0.206917,-0.103602,-0.140572,-0.152794,-0.16379,0.001271,0.002006
0,-8.890934,-0.026169,0.219991,0.157656,0.208136,0.151171,0.002114,0.000457
0,-9.035422,0.110528,-0.153513,0.155512,-0.193993,0.200481,0.000408,0.001929
0,-8.981869,-0.06342,0.079656,-0.195531,0.043068,-0.204911,0.000527,0.001107
0,-9.104785,0.090276,-0.135224,0.150138,-0.090708,0.148502,0.001618,0.001576
0,-9.023592,0.108578,0.053584,-0.010974,0.019897,-0.022044,0.000201,0.001895
0,-9.148248,0.112811,-0.128764,-0.000595,-0.170001,-0.001945,0.002377,0.001969
0,-9.149731,0.097198,-0.012393,0.00203,0.030824,0.035488,0.002403,0.001696
0,-8.903347,0.037727,0.242745,-0.068724,0.218304,-0.102317,0.001897,0.000658
0,-8.899074,0.040301,-4.5e-05,-0.015482,-0.035825,-0.064105,0.001972,0.000703
0,-9.112074,0.095731,-0.196353,0.04639,-0.148103,0.044605,0.001745,0.001671
0,-8.995578,0.05059,0.127994,-0.038661,0.176385,-0.047359,0.000288,0.000883
0,-8.934988,0.235313,0.071427,0.210981,0.036989,0.167102,0.001345,0.001511
0,-9.052273,0.127582,-0.08992,-0.112336,-0.04134,-0.106178,0.000702,0.002227
0,-9.000897,-0.029205,0.022496,-0.179255,0.014406,-0.147253,0.000195,0.00051
0,-8.870741,-0.066536,0.137325,-0.064892,0.163522,-0.103993,0.002467,0.001161
0,-8.913561,-0.072813,-0.051651,-0.00712,-0.046162,0.010494,0.001719,0.001271
0,-9.078979,0.037992,-0.157559,0.123865,-0.187464,0.091035,0.001168,0.000663
0,-8.95549,-0.133544,0.108032,-0.157207,0.089307,-0.122554,0.000987,0.002331
0,-9.091084,-0.080531,-0.132591,0.07655,-0.174052,0.095588,0.001379,0.001406
0,-8.382606,-0.158263,0.697256,-0.065818,0.660787,-0.105984,0.000249,0.002762
0,-8.12793,0.112813,0.27048,0.252866,0.299184,0.246852,0.001421,0.001969
0,-6.87794,0.915971,1.236764,0.818047,1.282512,0.777897,0.002075,0.000866
0,-4.157629,0.978495,2.722439,0.077352,2.761969,0.033703,0.000463,0.000225
0,-3.276696,1.007726,0.894058,0.027827,0.893687,0.010836,0.001797,0.000736
0,-9.037775,0.845541,-5.750019,-0.144336,-5.770591,-0.160665,0.000449,0.002095
0,-9.000595,0.376894,0.039249,-0.462688,0.008386,-0.474357,0.0002,0.000961
0,-8.916898,0.37944,0.077431,0.014268,0.051731,-0.006183,0.001661,0.001005
0,-8.941363,0.36849,-0.051565,-0.0336,-0.062688,-0.079851,0.001234,0.000814
0,-8.873696,0.123741,0.060806,-0.229382,0.065824,-0.236403,0.002415,0.00216
0,-9.103619,0.077114,-0.254837,-0.052207,-0.221702,-0.024538,0.001598,0.001346
0,-8.88692,0.099413,0.22989,0.00571,0.203789,0.037699,0.002184,0.001735
0,-8.960634,-0.187185,-0.065636,-0.279332,-0.041109,-0.26596,0.000898,0.002351
0,-9.090789,0.04847,-0.121092,0.230218,-0.106691,0.223355,0.001374,0.000846
0,-8.856036,-0.019042,0.26408,-0.079031,0.243535,-0.121608,0.002723,0.000332
0,-8.603122,-0.157486,0.252973,-0.145779,0.249015,-0.115183,0.00152,0.002749
0,-8.050478,0.034125,0.570106,0.179305,0.552491,0.142976,7e-05,0.000596
0,-7.574935,-0.0226,0.471735,-0.034702,0.43575,-0.036228,0.002613,0.000394
0,-7.303673,0.13116,0.298431,0.136545,0.336954,0.121909,0.00173,0.002289
0,-6.860967,-0.103431,0.42493,-0.220347,0.381387,-0.180578,0.001779,0.001805
0,-6.470897,0.067079,0.411424,0.187289,0.434001,0.17729,0.000588,0.001171
0,-6.173283,-0.03643,0.306306,-0.127233,0.307049,-0.078504,0.001011,0.000636
0,-5.716896,0.157005,0.482602,0.208984,0.516298,0.243635,0.001336,0.00274
0,-5.489207,-0.006918,0.222716,-0.189972,0.249178,-0.216405,0.000307,0.000121
0,-5.360519,-0.087178,0.104963,-0.107209,0.111432,-0.121293,0.001939,0.001522
0,-9.05895,-0.587649,-3.68704,-0.524116,-3.735988,-0.484163,0.000818,0.000979
0,-9.111877,-0.598009,-0.061416,-0.01614,-0.032453,-0.016427,0.001742,0.000798
0,-9.025432,-0.647578,0.093875,-0.021307,0.092455,-0.048247,0.000233,6.7e-05
0,-9.01728,-0.393242,-0.003836,0.264761,0.037679,0.215292,9.1e-05,0.001246
0,-9.130105,-0.594108,-0.128748,-0.180157,-0.122563,-0.20191,0.00206,0.000866
0,-9.109394,-0.288922,0.016605,0.276885,0.051659,0.311821,0.001699,0.000575
0,-8.976994,-0.330547,0.153423,-0.045765,0.171427,-0.041379,0.000612,0.000152
0,-8.948042,-0.112148,0.030636,0.227081,0.014377,0.179355,0.001117,0.001957
0,-8.888474,0.106267,0.035746,0.204539,0.071028,0.252723,0.002157,0.001855
0,-9.002669,-0.137686,-0.099443,-0.259198,-0.12905,-0.274671,0.000164,0.002403
0,-8.66715,0.152665,0.355827,0.299797,0.33969,0.349627,0.000402,0.002665
0,-8.206891,-0.09562,0.44632,-0.272685,0.444973,-0.225523,0.0028,0.001669
0,-7.804416,0.07659,0.397054,0.155673,0.360269,0.186129,0.001393,0.001337
0,-7.160656,0.071216,0.633544,-0.011,0.606981,0.008433,0.001392,0.001243
0,-6.799367,0.158629,0.340261,0.095384,0.376053,0.076317,0.000704,0.002769
0,-6.30768,0.020216,0.509224,-0.134945,0.523063,-0.180121,0.00226,0.000353
0,-6.058219,0.081975,0.27046,0.063292,0.25365,0.014038,0.000997,0.001431
0,-5.942066,-0.113206,0.117268,-0.200687,0.106466,-0.188171,0.002593,0.001976
0,-5.430538,0.085488,0.488276,0.220486,0.454091,0.207764,0.000717,0.001492
0,-5.02566,-0.055596,0.428989,-0.131778,0.422293,-0.179754,0.002166,0.00097
0,-4.892444,-0.032556,0.134927,0.001782,0.099705,-0.013788,0.001127,0.000568
0,-4.700821,0.042884,0.178583,0.085571,0.2093,0.102406,0.002218,0.000748
0,-4.414869,0.029017,0.270571,-0.01334,0.239436,-0.040985,0.001591,0.000506
0,-4.073417,-0.101375,0.340356,-0.139193,0.334683,-0.140696,0.001933,0.001769
0,-4.006003,0.025541,0.080084,0.107007,0.106309,0.104275,0.002508,0.000446
0,-3.74656,-0.083017,0.252557,-0.108654,0.296801,-0.067933,0.00202,0.001449
0,-3.458895,-0.026703,0.289203,0.076549,0.286802,0.092615,0.001423,0.000466
0,-3.174328,0.161444,0.269738,0.200564,0.304049,0.243054,0.000773,0.0028
0,-3.199306,0.013124,0.004737,-0.163774,0.006047,-0.158942,0.000337,0.000229
0,-3.106353,0.197252,0.078893,0.190649,0.037517,0.184541,0.001959,0.002175
0,-2.952667,0.031976,0.137816,-0.14495,0.139366,-0.191248,0.000976,0.000558
0,-2.535555,-0.047317,0.414036,-0.05798,0.447822,-0.076039,0.00212,0.000826
0,-2.390983,-0.086238,0.128922,-0.054632,0.079699,-0.040008,0.002408,0.001505
0,-2.401768,0.206873,-0.016616,0.316193,0.026897,0.353823,0.002596,0.002007
0,-2.132384,-0.030407,0.264398,-0.25652,0.270176,-0.238931,0.002105,0.000531
0,-2.247646,0.12403,-0.115443,0.164743,-0.165008,0.213234,9.4e-05,0.002165
0,-1.823504,0.072337,0.408815,-0.023274,0.413005,0.007617,0.001879,0.001263
0,-1.949148,0.069538,-0.124035,-0.032266,-0.093683,-0.051809,0.000314,0.001214
0,-1.779959,0.190721,0.141315,0.134378,0.152519,0.090028,0.002639,0.002289
0,-1.673878,0.19232,0.116031,0.023868,0.082193,0.012506,0.001127,0.002261
0,-1.681603,-0.040962,-0.036153,-0.260843,-0.015757,-0.23313,0.001262,0.000715
0,-1.569948,0.037254,0.133349,0.064662,0.125153,0.094082,0.000687,0.00065
0,-1.475487,-0.038315,0.080331,-0.100811,0.033285,-0.147269,0.002335,0.000669
0,-1.350795,0.194586,0.106123,0.257532,0.082961,0.292408,0.001106,0.002221
0,-1.272944,0.178853,0.071697,-0.026432,0.11565,-0.058935,0.000253,0.002496
0,-1.371326,0.051425,-0.077735,-0.133834,-0.092417,-0.156263,0.001464,0.000898
0,-1.147077,0.125359,0.245947,0.045127,0.224135,0.012033,0.00245,0.002188
0,-1.127289,-0.012027,0.039808,-0.138909,0.007784,-0.186699,0.002795,0.00021
0,-1.171352,-0.008517,-0.059176,-0.010361,-0.070514,0.000738,0.002026,0.000149
0,-1.097583,0.039555,0.08294,0.061101,0.070738,0.019979,0.002304,0.00069
0,-0.98677,0.023249,0.131451,-0.044271,0.130405,-0.083305,0.00037,0.000406
0,-0.904066,0.044856,0.090082,0.01802,0.091297,-0.005994,0.001074,0.000783
0,-0.863055,0.071933,0.030592,0.020801,-0.016829,0.026239,0.001789,0.001255
0,-0.708276,-0.151844,0.147114,-0.211236,0.190402,-0.244281,0.001127,0.00265
0,-0.667742,0.0892,0.033841,0.253847,0.002212,0.22437,0.000419,0.001557
0,-0.529754,0.053694,0.153259,-0.034054,0.194267,0.007118,0.001989,0.000937
0,-0.630815,0.122432,-0.125723,0.049243,-0.134045,0.018966,0.000225,0.002137
0,-0.391724,-0.03728,0.257479,-0.18181,0.235724,-0.163163,0.001219,0.000651
0,-0.440492,0.010493,-0.035476,0.060418,-0.035507,0.067634,0.002071,0.000183
0,-0.634326,0.061407,-0.187048,0.049471,-0.20219,0.052317,0.000164,0.001072
0,-0.386731,0.092374,0.223238,0.019436,0.255104,0.026105,0.001132,0.001612
0,-0.469509,0.1261,-0.105272,0.040537,-0.083841,0.076235,0.002577,0.002201
0,-0.514038,-0.100377,-0.044066,-0.204621,-0.013476,-0.189133,0.002263,0.001752
0,-0.416135,-0.023241,0.074539,0.090047,0.031634,0.134066,0.001645,0.000406
0,-0.44403,0.082064,-0.052406,0.131986,-0.02696,0.090958,0.002132,0.001432
0,-0.395618,-0.034487,0.027829,-0.108644,0.00309,-0.062366,0.001287,0.000602
0,-0.308302,0.11236,0.07384,0.143906,0.058841,0.137267,0.000237,0.001961
0,-0.414943,0.028814,-0.09048,-0.084314,-0.06523,-0.040547,0.001625,0.000503
0,-0.379557,0.115538,0.018417,0.058813,-0.009672,0.011928,0.001007,0.002017
0,-0.294553,0.156061,0.106916,0.054589,0.070169,0.084115,0.000477,0.002724
0,-0.160599,-0.004628,0.161396,-0.190239,0.150749,-0.216866,0.002803,8.1e-05
0,-0.385156,-0.112814,-0.226576,-0.118051,-0.227862,-0.141491,0.001105,0.001969
0,-0.185779,0.023565,0.179564,0.126193,0.174228,0.078669,0.002375,0.000411
0,-0.372824,-0.033856,-0.205865,-0.039199,-0.198698,-0.021248,0.000889,0.000591
0,-0.380058,-0.034177,0.004867,0.005685,-0.03351,0.021486,0.001016,0.000597
0,-0.26102,0.158966,0.146493,0.210608,0.192415,0.173698,0.001062,0.002774
0,-0.253039,-0.051533,0.014182,-0.216712,-0.02581,-0.263891,0.001201,0.000899
0,-0.193991,-0.134977,0.079307,-0.074245,0.063322,-0.092292,0.002232,0.002356
0,-0.343835,-0.090496,-0.136722,0.05459,-0.089606,0.099458,0.000384,0.001579
0,-0.241302,0.017582,0.075687,0.10551,0.064445,0.081222,0.001406,0.000307
0,-0.406277,-0.027922,-0.193411,-0.053402,-0.160527,-0.056147,0.001473,0.000487
0,-0.186033,-0.033536,0.22231,-0.007295,0.24629,-0.035456,0.002371,0.000585
0,-0.36704,-0.000971,-0.16351,0.057274,-0.208579,0.092007,0.000789,1.7e-05
0,-0.386155,-0.137406,-0.02098,-0.124432,-0.035075,-0.093304,0.001122,0.002398
0,-0.256332,0.115773,0.14849,0.279252,0.158592,0.270034,0.001144,0.002021
0,-0.319771,-0.071016,-0.054426,-0.216203,-0.097071,-0.247431,3.6e-05,0.001239
0,-0.314374,0.138179,-0.003346,0.210606,0.017868,0.245831,0.000131,0.002412
0,-0.214242,-0.052998,0.109844,-0.170852,0.148781,-0.147603,0.001878,0.000925
0,-0.324345,-0.133481,-0.097221,-0.055424,-0.068345,-0.035841,4.3e-05,0.00233
0,-0.00049,-0.113917,0.326015,-0.005056,0.320967,0.010458,9e-06,0.001988
0,-0.330222,-0.022625,-0.323969,0.073549,-0.357762,0.095097,0.000146,0.000395
0,-0.180003,-0.169283,0.147546,-0.11946,0.12966,-0.139829,0.002476,0.002663
0,-0.259381,0.013795,-0.093933,0.181652,-0.049533,0.140252,0.00109,0.000241
0,-0.179495,-0.110417,0.054477,-0.151033,0.042197,-0.19549,0.002485,0.001927
0,-0.245259,-0.085838,-0.046856,-0.001125,-0.028285,0.035858,0.001337,0.001498
0,-0.030474,-0.090207,0.204238,-0.019368,0.195023,-0.055717,0.000532,0.001574
0,-0.060985,0.123872,-0.030283,0.241974,-0.044517,0.28462,0.001064,0.002162
0,-0.013995,-0.126555,0.020796,-0.24309,0.042361,-0.237085,0.000244,0.002209
0,0.098833,0.072594,0.092817,0.204602,0.069632,0.235092,0.001725,0.001267
0,-0.007763,0.04963,-0.106433,-0.051866,-0.102875,-0.055846,0.000135,0.000866
0,0.075858,-0.09079,0.0736,-0.119192,0.060808,-0.141873,0.001324,0.001585
0,-0.112301,-0.11509,-0.202976,-0.043053,-0.155988,-0.003743,0.00196,0.002009
0,-0.08405,-0.105494,0.011731,0.004012,0.007561,-0.01542,0.001467,0.001841
0,0.004908,0.129853,0.102672,0.231214,0.139989,0.230802,8.6e-05,0.002266
0,-0.175655,-0.023078,-0.195431,-0.174771,-0.147672,-0.172728,0.002552,0.000403
0,0.030089,0.151803,0.17658,0.148513,0.224456,0.154566,0.000525,0.002649
0,-0.041813,0.0694,-0.0854,-0.065859,-0.098175,-0.083163,0.00073,0.001211
0,-0.114814,-0.046748,-0.088682,-0.102206,-0.045687,-0.124131,0.002004,0.000816
0,-0.120987,0.104785,0.003074,0.155311,0.007282,0.161346,0.002112,0.001829
0,-9.033122,0.322185,-8.927625,0.210366,-8.891287,0.204817,0.000367,6e-06
0,-8.890913,0.321888,0.16796,-0.008774,0.172457,-0.039431,0.002115,0.0
0,-9.141301,0.453186,-0.275289,0.116693,-0.281306,0.166063,0.002256,0.002292
0,-9.122614,0.789192,0.017499,0.344284,0.034589,0.336029,0.001929,0.002539
0,-9.148028,0.997016,-0.021428,0.186451,-0.069443,0.224151,0.002373,0.000549
0,-8.986782,0.790222,0.151699,-0.212736,0.183639,-0.229789,0.000441,0.002557
0,-9.029441,0.714601,-0.04219,-0.084756,-0.026532,-0.126898,0.000303,0.001237
0,-9.033004,0.454724,0.018215,-0.270064,-0.010204,-0.28677,0.000365,0.002319
0,-9.143516,0.303769,-0.096912,-0.123097,-0.120982,-0.148869,0.002294,0.000316
0,-9.124853,0.119285,0.024313,-0.163261,0.058168,-0.128627,0.001969,0.002082
0,-9.115512,-0.015804,0.012683,-0.14049,-0.007178,-0.135343,0.001805,0.000276
0,-9.011442,-0.04594,0.081275,-0.001797,0.104595,-0.033316,1.1e-05,0.000802
0,-8.946445,-0.041142,0.05187,-0.008245,0.042704,0.030375,0.001145,0.000718
0,-8.985498,0.011532,-0.039485,0.033677,-0.044502,0.03057,0.000464,0.000201
0,-9.064918,-0.162569,-0.061236,-0.202158,-0.023479,-0.220104,0.000922,0.00278
0,-8.920501,-0.1362,0.17067,0.001631,0.16916,-0.010757,0.001598,0.002377
0,-8.557191,0.035339,0.358235,0.185064,0.310718,0.221825,0.002322,0.000617
0,-8.003724,0.082134,0.539478,0.038625,0.49963,0.014868,0.000746,0.001434
0,-7.768893,-0.077898,0.24413,-0.13194,0.279278,-0.131474,0.000773,0.00136
0,-7.408155,-0.162502,0.344577,-0.055079,0.377755,-0.072842,9.4e-05,0.002781
0,-6.772109,-0.031528,0.63003,0.115606,0.650163,0.091457,0.000228,0.00055
0,-6.58689,0.029676,0.16362,0.088768,0.166131,0.108663,0.002613,0.000518
0,-6.258988,-0.152918,0.35437,-0.158655,0.324152,-0.144499,0.002507,0.002669
0,-5.890582,0.04477,0.371177,0.21927,0.322181,0.175001,0.001695,0.000781
0,-5.791784,-0.207389,0.106354,-0.223737,0.153964,-0.219063,2.9e-05,0.001998
0,-5.490064,-0.230615,0.273449,-0.011484,0.289132,-0.032711,0.000322,0.001593
0,-5.063958,0.000853,0.444514,0.216715,0.395672,0.222745,0.001497,1.5e-05
0,-4.60864,0.060855,0.454733,0.04403,0.495273,0.010557,0.001791,0.001062
0,-4.505649,-0.123192,0.123269,-0.205952,0.143859,-0.183971,7e-06,0.00215
0,-4.460514,-0.093699,0.052543,0.032379,0.052337,0.031974,0.000794,0.001635
0,-4.024055,-0.102008,0.407939,0.013077,0.39296,-0.029793,0.002795,0.00178
0,-3.839229,-0.040874,0.191711,0.031572,0.181224,0.009044,0.000403,0.000713
0,-3.73572,-0.136154,0.118108,-0.104067,0.126802,-0.10255,0.002209,0.002376
0,-3.585113,0.001584,0.154729,0.123566,0.10893,0.093212,0.000779,2.8e-05
0,-3.401224,-0.051949,0.198273,-0.023955,0.169216,-0.059642,0.00243,0.000907
0,-3.273793,0.024379,0.120325,0.078849,0.122058,0.075272,0.000963,0.000425
0,-2.951639,0.100655,0.304878,0.060661,0.267014,0.07977,0.000958,0.001757
0,-2.961437,-0.180848,-0.037573,-0.290587,-0.076786,-0.259926,0.001129,0.002461
0,-2.62412,-0.184009,0.318412,0.015966,0.339635,0.026051,0.000859,0.002406
0,-2.509403,0.055902,0.119693,0.220639,0.154449,0.206307,0.001143,0.000976
0,-2.382188,0.084413,0.104346,0.056043,0.12114,0.085935,0.002254,0.001473
0,-2.391883,-0.188121,0.003153,-0.287067,-0.034556,-0.23724,0.002424,0.002334
0,-2.153112,-0.090356,0.233682,0.109023,0.226664,0.155451,0.001744,0.001577
0,-2.022895,-0.02552,0.12152,0.086697,0.118442,0.08566,0.001601,0.000445
0,-1.907554,-0.07041,0.106322,-0.074006,0.144381,-0.110831,0.000412,0.001229
0,-1.656009,-0.08162,0.233684,0.011017,0.271815,0.026314,0.000815,0.001425
0,-1.630731,-0.085184,0.021702,0.014434,0.059984,-0.017479,0.000374,0.001487
0,-1.567324,-0.161367,0.088984,-0.084096,0.104971,-0.058581,0.000733,0.002801
0,-1.573633,0.095734,-0.000474,0.28694,0.004048,0.26853,0.000622,0.001671
0,-1.397656,-0.032819,0.193742,-0.135304,0.212615,-0.113224,0.001924,0.000573
0,-1.35899,-0.025651,0.024304,-0.013336,0.058654,0.020963,0.001249,0.000448
0,-1.266255,0.084986,0.084638,0.119785,0.055183,0.125013,0.00037,0.001483
0,-1.234049,-0.087802,0.029238,-0.177236,0.075316,-0.183416,0.000932,0.001532
0,-1.282513,-0.040648,-0.069991,0.038255,-0.033949,0.018017,8.6e-05,0.000709
0,-1.065897,0.019596,0.233444,0.074404,0.211955,0.121509,0.001751,0.000342
0,-1.107971,-0.052421,-0.059836,-0.101295,-0.021362,-0.115636,0.002485,0.000915
0,-1.143835,-0.046557,-0.04594,0.004693,-0.04284,0.044417,0.002506,0.000813
0,-0.868261,0.052174,0.293593,0.085382,0.259461,0.071061,0.001699,0.000911
0,-0.989865,0.062668,-0.096726,-0.004966,-0.126519,-0.015778,0.000424,0.001094
0,-0.937376,0.006889,0.048471,-0.055742,0.070741,-0.045505,0.000492,0.00012
0,-0.82621,-0.013435,0.132147,-0.046505,0.114925,-0.039539,0.002432,0.000234
0,-0.959056,-0.004994,-0.124973,-0.004278,-0.151855,-0.005784,0.000114,8.7e-05
0,-0.867807,0.010869,0.069054,0.032594,0.10001,0.028806,0.001706,0.00019
0,0.454641,-0.367592,1.307977,-0.366816,1.315962,-0.397062,0.002317,0.000798
0,1.939928,-0.359051,1.457383,-0.01316,1.434884,0.034528,0.000153,0.000649
0,2.246213,-0.342945,0.317242,0.018982,0.305862,0.031523,0.000119,0.000368
0,2.599776,-0.316764,0.326869,0.002008,0.318539,-0.030922,0.000435,8.9e-05
0,2.637518,-0.074827,0.011382,0.263877,-0.025337,0.263317,0.001093,0.001306
0,2.869989,-0.2628,0.207988,-0.173603,0.196542,-0.203915,0.000467,0.001031
0,2.81765,-0.318494,-0.0638,-0.065065,-0.112181,-0.108221,0.00138,5.9e-05
0,2.557446,-0.11409,-0.242832,0.213091,-0.276663,0.227845,0.000304,0.001991
0,2.000859,-0.071951,-0.540411,0.043656,-0.514001,0.001596,0.001217,0.001256
0,1.316045,-0.112195,-0.677165,-0.010456,-0.722823,-0.037572,0.000499,0.001958
0,1.490894,0.038681,0.147912,0.130046,0.108279,0.095676,0.002067,0.000675
0,1.379627,0.056873,-0.119606,0.002614,-0.101626,-0.018187,0.001609,0.000993
0,1.331978,-0.053949,-0.032362,-0.081596,-0.040134,-0.041678,0.000777,0.000942
0,1.08773,-0.083437,-0.218644,-0.000926,-0.203341,0.023692,0.002132,0.001456
0,0.951275,-0.023419,-0.142914,0.069816,-0.107264,0.104063,0.00025,0.000409
0,0.925074,-0.135469,-0.021283,-0.106463,-0.047328,-0.05935,0.000707,0.002364
0,1.132076,0.070201,0.183638,0.212155,0.170129,0.256244,0.002712,0.001225
0,0.99905,-0.064641,-0.15477,-0.141862,-0.104844,-0.119181,0.000584,0.001128
0,0.809672,0.136176,-0.196086,0.180727,-0.241317,0.217173,0.002721,0.002377
0,0.738598,-0.006876,-0.053861,-0.137954,-0.056667,-0.112854,0.001656,0.00012
0,0.9051,-0.068116,0.158351,-0.03191,0.206045,-0.054326,0.001056,0.001189
0,0.854522,0.059947,-0.040021,0.141596,0.000458,0.145058,0.001938,0.001046
0,0.592347,-0.12575,-0.286564,-0.213639,-0.255941,-0.169627,0.000897,0.002195
0,0.733275,-0.070513,0.131262,0.05139,0.099713,0.053579,0.001563,0.001231
0,0.588956,0.010528,-0.173365,0.056625,-0.214405,0.033958,0.000956,0.000184
0,0.541201,0.13772,-0.066813,0.107043,-0.061782,0.064757,0.001789,0.002404
0,0.605679,-0.026564,0.055241,-0.145164,0.046157,-0.140245,0.000664,0.000464
0,0.609246,-0.025405,0.028043,-0.011973,0.028941,-0.039991,0.000602,0.000443
0,0.473993,-0.103517,-0.131055,-0.089242,-0.170078,-0.043539,0.002655,0.001807
0,0.648401,-0.07717,0.149895,0.020704,0.108646,0.016382,8.2e-05,0.001347
0,0.509228,0.001898,-0.131778,0.065921,-0.155703,0.09803,0.002347,3.3e-05
0,0.522678,-0.107027,0.036855,-0.13058,0.031025,-0.145499,0.002113,0.001868
0,0.456032,0.067364,-0.046032,0.17783,-0.062992,0.155609,0.002342,0.001176
0,0.401829,-0.031134,-0.065719,-0.087945,-0.043731,-0.0788,0.001396,0.000543
0,0.57884,-0.063191,0.163731,-0.042648,0.197037,-0.015837,0.001132,0.001103
0,0.607863,0.062392,0.021133,0.132164,-0.019601,0.176526,0.000626,0.001089
0,0.365926,-0.066471,-0.229617,-0.099153,-0.189902,-0.079091,0.000769,0.00116
0,0.433159,-0.149945,0.068005,-0.076773,0.101235,-0.033933,0.001943,0.002617
0,0.542022,-0.096234,0.086945,0.048186,0.136075,0.087714,0.001775,0.00168
0,0.425271,-0.146928,-0.098269,-0.063234,-0.066946,-0.080278,0.001805,0.002564
0,0.346336,-0.144391,-0.093938,0.012939,-0.09787,0.018611,0.000427,0.00252
0,0.331995,-0.068514,-0.042978,0.0769,-0.056542,0.112864,0.000177,0.001196
0,0.331319,-0.036822,0.019145,0.049537,0.035972,0.041892,0.000165,0.000643
0,0.460897,0.030043,0.132056,0.040108,0.102339,0.01273,0.002427,0.000524
0,0.32875,0.018093,-0.122986,0.010754,-0.117546,0.022994,0.00012,0.000316
0,0.284649,0.072636,-0.025261,0.080917,0.023834,0.059695,0.000649,0.001268
0,0.482717,0.082414,0.18123,0.004947,0.199284,0.021771,0.002807,0.001438
0,0.448104,-0.142958,-0.029867,-0.241339,-0.006813,-0.22829,0.002203,0.002495
0,0.264817,-0.073825,-0.181108,0.095948,-0.181501,0.054124,0.000996,0.001288
0,0.343244,-0.100588,0.103624,-0.031905,0.057224,-0.020294,0.000373,0.001756
0,0.233961,-0.060535,-0.123664,0.010056,-0.158895,0.027005,0.001534,0.001057
0,0.194457,0.054367,-0.029234,0.115577,-0.064154,0.136966,0.002224,0.000949
0,0.135581,0.004962,-0.088613,-0.037108,-0.045601,-0.026121,0.002366,8.7e-05
0,0.086831,0.08328,-0.07675,0.053976,-0.041113,0.101955,0.001515,0.001454
0,0.20917,0.038914,0.110183,-0.031415,0.090149,0.000561,0.001967,0.000679
0,0.240395,0.047764,0.019819,0.017844,0.063353,0.015686,0.001422,0.000834
0,0.321026,-0.094805,0.077727,-0.150471,0.106005,-0.13063,1.5e-05,0.001655
0,0.167692,-0.068154,-0.175129,0.041161,-0.165688,0.082064,0.002691,0.00119
0,0.175518,0.004364,-0.0132,0.064367,0.009751,0.076777,0.002554,7.6e-05
0,0.231261,-0.100661,0.083732,-0.12045,0.037972,-0.101566,0.001581,0.001757
0,0.081615,0.077951,-0.155622,0.157071,-0.115388,0.123344,0.001424,0.00136
0,0.08362,-0.074086,-0.004407,-0.178503,-0.004792,-0.142758,0.001459,0.001293
0,0.081077,0.022352,-0.025758,0.116775,-0.052342,0.131768,0.001415,0.00039
0,0.046005,0.048272,-0.047461,0.022213,-0.033798,0.048342,0.000803,0.000842
0,0.079094,0.054391,0.055241,0.002654,0.027055,-0.00183,0.00138,0.000949
0,0.301754,0.044402,0.198228,0.009321,0.212874,-0.015675,0.000351,0.000775
0,0.054957,-0.022795,-0.266912,-0.045432,-0.292137,-0.017784,0.000959,0.000398
0,0.281723,-0.13065,0.200537,-0.105209,0.221788,-0.061456,0.000701,0.00228
0,0.200779,0.023894,-0.061651,0.171782,-0.061484,0.180198,0.002113,0.000417
0,0.064941,0.006425,-0.13985,-0.045267,-0.124807,-0.035623,0.001133,0.000112
0,0.192329,0.068978,0.126558,0.077303,0.140345,0.030468,0.002261,0.001204
0,0.001004,-0.053457,-0.199521,-0.098727,-0.173635,-0.134355,1.8e-05,0.000933
0,0.185535,-0.154772,0.186425,-0.111948,0.152214,-0.127088,0.002379,0.002701
0,0.177759,0.111565,-0.005869,0.244273,-0.031781,0.289464,0.002515,0.001947
0,0.195283,0.077348,0.018955,-0.015447,0.056342,0.019277,0.002209,0.00135
0,0.127903,-0.09154,-0.087541,-0.192939,-0.109567,-0.158304,0.002232,0.001598
0,-0.006625,0.009409,-0.158798,0.072991,-0.191907,0.106513,0.000116,0.000164
0,-0.032593,0.079509,-0.013217,0.048683,-0.05743,0.084364,0.000569,0.001388
0,-0.048414,0.077328,0.008767,0.000222,0.005897,0.044511,0.000845,0.00135
0,-0.042473,0.116077,-0.01545,0.039111,0.019919,0.050535,0.000741,0.002026
0,0.149684,-0.021106,0.183359,-0.157635,0.2116,-0.143915,0.002612,0.000368
0,0.077327,0.038892,-0.076262,0.051959,-0.034812,0.063395,0.00135,0.000679
0,-0.05425,0.059531,-0.121886,0.050408,-0.168497,0.017131,0.000947,0.001039
0,-0.035869,0.14554,0.017296,0.080759,-0.005497,0.106074,0.000626,0.00254
0,0.033354,0.002342,0.067527,-0.170043,0.071645,-0.185529,0.000582,4.1e-05
0,-0.032059,0.01563,-0.077843,-0.008407,-0.127028,-0.052551,0.00056,0.000273
0,0.049247,0.010587,0.053828,0.004256,0.022473,-0.012253,0.00086,0.000185
0,-0.095402,-0.034745,-0.146303,-0.073768,-0.139865,-0.096898,0.001665,0.000606
0,-0.000777,0.036521,0.113073,0.044866,0.095519,0.081359,1.4e-05,0.000637
0,0.117777,-0.022689,0.105022,-0.039393,0.145022,-0.057504,0.002056,0.000396
0,0.107354,0.036603,-0.019681,0.045631,-0.036065,0.054437,0.001874,0.000639
0,-0.13173,0.079608,-0.235726,0.060491,-0.282744,0.072777,0.002299,0.001389
0,0.160284,-0.194801,0.267057,-0.302355,0.251218,-0.303969,0.002797,0.002218
0,-0.025119,-0.036703,-0.185448,0.137036,-0.228587,0.113064,0.000438,0.000641
0,-0.055916,0.026607,-0.013347,0.036493,-0.037628,0.009545,0.000976,0.000464
0,0.073079,0.008051,0.111251,-0.031903,0.074833,-0.055961,0.001275,0.000141
0,0.063455,0.018946,0.016969,0.034246,0.060792,0.07887,0.001107,0.000331
0,0.109323,-0.1502,0.04699,-0.183572,0.027538,-0.210791,0.001908,0.002621
0,0.092088,-0.048058,-0.042627,0.072329,-0.05171,0.063928,0.001607,0.000839
0,-0.218936,-0.028931,-0.32007,0.030315,-0.31551,-0.017707,0.001796,0.000505
0,-0.145919,-0.192143,0.092262,-0.156908,0.102878,-0.124389,0.002547,0.002264
0,-0.001868,0.005898,0.151753,0.188869,0.190871,0.159053,3.3e-05,0.000103
0,-0.240383,-0.15147,-0.210724,-0.151835,-0.177764,-0.199202,0.001422,0.002644
0,-0.223399,0.003182,0.018227,0.133444,0.038672,0.125552,0.001718,5.6e-05
0,-0.175112,0.146248,0.068457,0.121314,0.032688,0.162688,0.002561,0.002553
0,-0.068896,0.054085,0.134995,-0.110441,0.11449,-0.147537,0.001202,0.000944
0,-0.032517,-0.001459,0.042564,-0.04675,0.051928,-0.085552,0.000568,2.5e-05
0,-0.008714,0.067337,0.002773,0.041132,0.048223,0.008341,0.000152,0.001175
0,-0.102375,-0.008161,-0.109113,-0.087635,-0.104511,-0.068726,0.001787,0.000142
0,0.073283,0.08143,0.181625,0.066381,0.181637,0.039578,0.001279,0.001421
0,-0.003246,-0.125055,-0.061718,-0.22652,-0.08071,-0.227618,5.7e-05,0.002183
0,0.017281,0.118477,0.001976,0.271152,-0.010298,0.249704,0.000302,0.002068
0,0.052499,-0.071796,0.022055,-0.207564,-0.008751,-0.220536,0.000916,0.001253
0,-0.06351,-0.17775,-0.110493,-0.098724,-0.116815,-0.104357,0.001108,0.002515
0,-0.019485,-0.051126,0.065147,0.12842,0.027587,0.143895,0.00034,0.000892
0,0.053683,-0.150473,0.099701,-0.0993,0.101548,-0.127418,0.000937,0.002626
0,-0.125446,0.078683,-0.182672,0.224992,-0.189516,0.231809,0.002189,0.001373
0,-0.146111,0.074349,-0.007439,0.017843,-0.05384,-0.025223,0.00255,0.001298
0,0.002247,-0.01592,0.160552,-0.096306,0.151689,-0.047524,3.9e-05,0.000278
0,0.120289,-0.155055,0.104036,-0.144849,0.12906,-0.175381,0.002099,0.002706
0,-0.092826,-0.128378,-0.190524,0.047252,-0.215795,0.094133,0.00162,0.002241
0,-0.162407,-0.175607,-0.043647,-0.047151,-0.039923,-0.007237,0.002783,0.002553
0,0.049351,-0.103815,0.214324,0.081734,0.191817,0.035948,0.000861,0.001812
0,-0.014439,-0.050457,-0.082056,0.048561,-0.090225,0.053302,0.000252,0.000881
0,-0.07421,0.052005,-0.06972,0.123047,-0.082386,0.165955,0.001295,0.000908
0,-0.029917,-0.058596,0.02636,-0.116488,0.03888,-0.156598,0.000522,0.001023
0,0.109446,-0.137701,0.112056,-0.052276,0.143914,-0.022376,0.00191,0.002403
0,-0.04894,-0.091644,-0.15368,0.028641,-0.15746,0.003828,0.000854,0.001599
0,0.027714,-0.015856,0.08486,0.079536,0.119764,0.106902,0.000484,0.000277
0,-0.003416,-0.061579,-0.039528,-0.074429,-0.04096,-0.105049,6e-05,0.001075
0,-0.116684,0.184492,-0.141117,0.256953,-0.098183,0.219897,0.002037,0.002398
0,-0.029975,0.059638,0.089655,-0.096779,0.095018,-0.051824,0.000523,0.001041
0,0.016414,0.172508,0.027704,0.117745,0.015609,0.134493,0.000286,0.002607
0,-0.034325,-0.042949,-0.026606,-0.229465,-0.02534,-0.203851,0.000599,0.00075
0,-0.10784,0.001109,-0.09098,0.072666,-0.109768,0.041907,0.001882,1.9e-05
0,-0.011352,0.002813,0.090041,-0.024349,0.049375,-0.066177,0.000198,4.9e-05
0,-0.033176,0.133019,-0.006147,0.145596,-0.014963,0.142285,0.000579,0.002322
0,0.121003,0.133738,0.170551,-0.026889,0.19855,0.002614,0.002112,0.002334
0,0.047874,-0.098863,-0.090059,-0.257343,-0.068533,-0.27996,0.000836,0.001725
0,-0.151364,0.031445,-0.190259,0.153369,-0.225044,0.194126,0.002642,0.000549
0,-0.172737,-0.185432,-0.023128,-0.22146,-0.069319,-0.227745,0.002603,0.002381
0,-0.070312,-0.109872,0.099977,0.088799,0.117728,0.128803,0.001227,0.001918
0,-0.01878,-0.064452,0.071171,0.054144,0.044318,0.079582,0.000328,0.001125
0,-0.204026,-0.025658,-0.213442,0.022815,-0.201078,0.004748,0.002057,0.000448
0,-0.106682,-0.046017,0.125402,-0.003055,0.119451,0.007728,0.001862,0.000803
0,-0.069984,-0.067949,0.044831,-0.045383,0.036891,-0.063791,0.001221,0.001186
0,0.058686,-0.066431,0.148192,-0.022995,0.166775,0.000297,0.001024,0.001159
0,0.07948,0.001007,-0.000683,0.089582,-0.016204,0.119383,0.001387,1.8e-05
0,-0.078159,-0.239269,-0.128724,-0.228272,-0.158395,-0.251427,0.001364,0.001441
0,0.033286,-0.206617,0.109624,0.016726,0.15763,0.038266,0.000581,0.002011
0,-0.038062,0.062481,-0.084922,0.260835,-0.036897,0.267894,0.000664,0.001091
0,0.051873,-0.062201,0.063154,-0.140543,0.076884,-0.147369,0.000905,0.001086
0,-0.141589,0.011012,-0.165081,0.082761,-0.213093,0.053306,0.002471,0.000192
0,-0.037131,0.008174,0.08723,0.006936,0.093647,0.048567,0.000648,0.000143
0,0.141307,-0.112807,0.173762,-0.121625,0.128245,-0.105955,0.002466,0.001969
0,0.106949,-0.080537,-0.033589,0.057206,-0.057697,0.034918,0.001867,0.001406
0,0.167017,0.025197,0.052037,0.129759,0.098659,0.111535,0.002703,0.00044
0,0.136451,-0.125664,-0.011503,-0.139486,0.032824,-0.164429,0.002382,0.002193
0,0.086494,-0.152693,-0.025297,-0.024975,-0.033916,-0.021646,0.00151,0.002665
0,-0.014587,-0.048501,-0.103765,0.093703,-0.128744,0.04429,0.000255,0.000847
0,-0.060435,0.057823,-0.029983,0.10497,-0.035639,0.08594,0.001055,0.001009
0,-0.137232,-0.084971,-0.090451,-0.144117,-0.111068,-0.169711,0.002395,0.001483
0,-0.058897,-0.133674,0.078764,-0.023996,0.101028,-0.07351,0.001028,0.002333
0,-0.049433,-0.101802,-0.015843,0.021399,-0.001284,0.030902,0.000863,0.001777
0,-0.009856,0.052993,0.041979,0.168365,0.087781,0.162728,0.000172,0.000925
0,-0.208026,-0.068672,-0.190884,-0.14247,-0.160988,-0.184628,0.001987,0.001199
0,-0.166289,-0.027706,0.037601,0.025431,0.056629,-0.022139,0.002715,0.000484
0,-0.031442,0.075249,0.12806,0.096221,0.119715,0.135237,0.000549,0.001313
0,-0.084868,0.01673,-0.053208,-0.054351,-0.042238,-0.043228,0.001481,0.000292
0,-0.212677,-0.107902,-0.121004,-0.130026,-0.121936,-0.114083,0.001906,0.001883
0,0.041577,-0.204339,0.234243,-0.100774,0.188492,-0.142878,0.000726,0.002051
0,-0.050106,-0.087507,-0.087773,0.136241,-0.057215,0.163814,0.000875,0.001527
0,-0.018096,-0.033029,0.061311,0.070917,0.107902,0.046072,0.000316,0.000576
0,-0.045694,-0.056858,-0.012735,-0.028392,-0.010209,-0.047979,0.000798,0.000992
0,0.016118,-0.05749,0.037916,-0.012804,0.010118,-0.026691,0.000281,0.001003
0,0.071243,0.129103,0.084408,0.193036,0.03921,0.217732,0.001243,0.002253
0,-0.059947,-0.020862,-0.149327,-0.132076,-0.180502,-0.151783,0.001046,0.000364
0,-0.02314,-0.534256,0.059384,-0.494209,0.013293,-0.45429,0.000404,0.00191
0,0.051118,-0.889748,0.054727,-0.359337,0.081107,-0.397636,0.000892,0.001323
0,-0.052219,-0.935,-0.113213,-0.05975,-0.112153,-0.095549,0.000911,0.000534
0,0.062668,-1.295472,0.13493,-0.384057,0.117814,-0.369794,0.001094,0.00014
0,0.00771,-1.065833,-0.075489,0.242429,-0.072675,0.217201,0.000135,0.00175
0,0.156128,-1.267451,0.159305,-0.183615,0.150356,-0.205687,0.002725,0.000349
0,0.037593,-0.940177,-0.092868,0.315714,-0.095525,0.358325,0.000656,0.000443
0,-0.046036,-0.939343,-0.05958,-0.01911,-0.088898,0.01701,0.000803,0.000458
0,-0.069211,-0.755621,-0.032579,0.209459,0.00278,0.249579,0.001208,0.001953
0,0.098796,-0.358853,0.175709,0.373248,0.148737,0.403541,0.001724,0.000646
0,-0.086687,-0.368852,-0.208708,0.008806,-0.245954,0.026081,0.001513,0.00082
0,0.083241,-0.117508,0.141294,0.234744,0.17813,0.207644,0.001453,0.002051
0,0.119248,-0.167131,0.03584,-0.025582,-0.010726,-0.055636,0.002081,0.002701
0,0.075488,0.110133,-0.069398,0.2997,-0.064551,0.298135,0.001318,0.001922
0,0.104262,-0.118084,0.028809,-0.2544,0.0418,-0.221811,0.00182,0.002061
0,-0.042547,0.218933,-0.174567,0.33168,-0.183777,0.368699,0.000743,0.001796
0,0.104285,-0.05433,0.13903,-0.266174,0.099876,-0.269902,0.00182,0.000948
0,0.141115,0.08748,0.014253,0.137901,-0.022492,0.145983,0.002463,0.001527
0,-0.102171,0.065578,-0.260573,-0.032713,-0.222928,-0.03674,0.001783,0.001145
0,0.102087,0.068026,0.19656,0.004847,0.163748,-0.008096,0.001782,0.001187
0,-0.003608,0.136702,-0.086416,0.041571,-0.091346,-0.003474,6.3e-05,0.002386
0,-0.102963,0.079861,-0.105269,-0.027125,-0.060677,-0.07105,0.001797,0.001394
0,0.07222,0.002679,0.192387,-0.091525,0.226643,-0.095256,0.00126,4.7e-05
0,0.199987,0.077752,0.155581,0.087782,0.10921,0.042491,0.002127,0.001357
0,0.00313,-0.04984,-0.207439,-0.131659,-0.199061,-0.157299,5.5e-05,0.00087
0,0.177953,0.098975,0.161743,0.137154,0.120003,0.135775,0.002512,0.001727
0,0.106971,0.096789,-0.050052,-0.009319,-0.062971,0.006794,0.001867,0.001689
0,0.24479,0.164634,0.141338,0.083087,0.173525,0.072064,0.001345,0.002744
0,0.035503,0.010654,-0.18756,-0.166935,-0.179235,-0.170266,0.00062,0.000186
0,0.065743,0.092462,0.023685,0.069891,0.035086,0.103332,0.001147,0.001614
0,0.252999,-0.054117,0.165742,-0.167234,0.143695,-0.156997,0.001202,0.000945
0,-0.031002,-0.036464,-0.267241,0.00512,-0.316386,0.015711,0.000541,0.000636
0,0.131574,-0.045792,0.178635,-0.003877,0.220433,-0.051342,0.002296,0.000799
0,0.070924,0.06625,-0.055055,0.105644,-0.029503,0.12368,0.001238,0.001156
0,0.190008,-0.065086,0.139055,-0.154392,0.123235,-0.186535,0.002301,0.001136
0,-0.019305,0.10274,-0.203409,0.176817,-0.157755,0.190792,0.000337,0.001793
0,0.167787,0.00397,0.206022,-0.072499,0.241156,-0.043439,0.002689,6.9e-05
0,-0.099991,-0.100604,-0.278159,-0.077785,-0.307363,-0.115693,0.001745,0.001756
0,-0.131155,-0.086537,-0.027344,0.017972,-0.038111,0.00541,0.002289,0.00151
0,0.029585,-0.009854,0.132313,0.095929,0.08351,0.078658,0.000516,0.000172
0,0.130273,-0.037954,0.097978,-0.034504,0.066655,-0.011078,0.002274,0.000662
0,0.003282,0.019618,-0.10488,0.056482,-0.109014,0.055148,5.7e-05,0.000342
0,0.107472,0.10358,0.075151,0.085194,0.037348,0.047366,0.001876,0.001808
0,-0.010847,-0.063272,-0.142279,-0.194826,-0.125403,-0.170935,0.000189,0.001104
0,0.237877,-0.094225,0.268451,-0.054202,0.288811,-0.012153,0.001466,0.001645
0,0.177105,-0.001617,-0.045426,0.102636,-0.015371,0.133702,0.002526,2.8e-05
0,0.281992,0.148703,0.123982,0.179634,0.135899,0.149435,0.000696,0.002595
0,0.138013,-0.034074,-0.162976,-0.195897,-0.136554,-0.213205,0.002409,0.000595
0,0.083881,0.032102,-0.046729,0.048768,-0.093806,0.014503,0.001464,0.00056
0,0.023081,0.173429,-0.042363,0.165775,-0.046669,0.179464,0.000403,0.002591
0,0.306132,-0.031489,0.275262,-0.183524,0.259303,-0.140211,0.000274,0.00055
0,0.172422,0.001681,-0.127772,0.013227,-0.09801,0.045666,0.002608,2.9e-05
0,0.072127,-0.030607,-0.087414,-0.025755,-0.120101,-0.073921,0.001259,0.000534
0,0.33704,0.006187,0.268116,0.026766,0.305038,0.066272,0.000265,0.000108
0,0.091524,0.018201,-0.230205,0.008371,-0.255055,0.005806,0.001597,0.000318
0,0.066072,0.056283,-0.034181,0.033768,-0.044325,0.036308,0.001153,0.000982
0,0.221138,0.055237,0.154519,-0.011496,0.109576,-0.005129,0.001758,0.000964
0,0.20375,-0.002932,-0.035912,-0.049641,-0.005679,-0.04002,0.002061,5.1e-05
0,0.173325,0.179861,-0.049491,0.158844,-0.010559,0.153236,0.002592,0.002478
0,0.311179,0.14073,0.16004,-0.01489,0.182905,-0.019713,0.000186,0.002456
0,0.035091,-0.031085,-0.257519,-0.185772,-0.234075,-0.160748,0.000612,0.000543
0,0.195405,0.122479,0.171907,0.155997,0.1471,0.146604,0.002207,0.002138
0,0.150692,0.070167,-0.033116,-0.023379,-0.005114,0.023616,0.00263,0.001225
0,0.14087,0.177734,-0.034871,0.090936,-0.018939,0.070159,0.002459,0.002515
0,-0.120215,-0.025292,-0.26054,-0.177753,-0.274436,-0.193037,0.002098,0.000441
0,0.087094,-0.006434,0.186552,0.035107,0.188367,0.013002,0.00152,0.000112
0,-0.144521,-0.053505,-0.258315,-0.054151,-0.247048,-0.057356,0.002522,0.000934
0,0.003277,0.035878,0.136034,0.069982,0.169178,0.041599,5.7e-05,0.000626
0,0.051988,0.136535,0.040413,0.096175,0.077457,0.133998,0.000907,0.002383
0,-0.006502,0.087873,-0.075134,-0.036693,-0.097851,-0.061423,0.000113,0.001534
0,-4.690598,-0.143083,-4.677186,-0.246618,-4.662554,-0.257498,0.002396,0.002497
0,-5.59259,-0.539323,-0.885811,-0.414773,-0.923666,-0.429585,0.002111,0.001822
0,-6.061702,-0.537497,-0.471444,-0.01129,-0.492842,-0.050488,0.000936,0.001854
0,-5.768301,-0.632213,0.313251,-0.115444,0.271104,-0.139192,0.000439,0.000201
0,-5.099683,-0.466964,0.639294,0.138302,0.685451,0.155021,0.000874,0.002533
0,-4.005534,-0.207693,1.070674,0.258695,1.113209,0.299982,0.0025,0.001993
0,-3.065692,-0.288883,0.937742,-0.06512,0.909249,-0.108283,0.002669,0.000576
0,-1.895223,-0.230702,1.146176,0.082166,1.192857,0.082654,0.000627,0.002106
0,-0.929601,-0.111203,0.98273,0.091379,0.959503,0.094583,0.000628,0.002106
0,-0.280603,-0.101275,0.624668,-0.015028,0.584116,-0.03396,0.00072,0.002106
0,-0.189688,0.072947,0.109113,0.147126,0.117823,0.123827,0.002307,0.002106
0,0.754425,0.08873,0.95514,-0.010115,0.943137,0.028499,0.001932,0.002106
0,0.926474,0.111363,0.166643,0.045355,0.183353,0.083844,0.000683,0.002106
0,1.179418,0.129162,0.280748,0.046976,0.233942,0.010759,0.001885,0.002254
0,0.723606,0.084007,-0.459908,-0.026976,-0.492043,-0.045736,0.001394,0.002106
0,0.490494,0.106659,-0.213744,3.8e-05,-0.241142,-0.041994,0.002674,0.002106
0,0.200408,0.051881,-0.293783,-0.039021,-0.315488,-0.06177,0.00212,0.002106
0,0.269625,-0.001896,0.072861,-0.060661,0.098862,-0.034242,0.000912,0.002106
0,0.18756,0.152354,-0.082624,0.14773,-0.101122,0.144236,0.002344,0.002659
0,-0.10717,-0.096007,-0.269241,-0.231701,-0.231494,-0.198321,0.00187,0.002106
0,-0.055554,-0.040084,0.077258,0.077305,0.102796,0.098552,0.00097,0.002106
0,-0.078399,0.021949,-0.014753,0.046382,-0.026606,0.094577,0.001368,0.002106
0,-3.67553,-0.099635,-3.576533,-0.113285,-3.606447,-0.088709,0.002358,0.002106
0,-4.031672,-0.014177,-0.350602,0.081305,-0.393069,0.107484,0.002662,0.002106
0,-4.855366,-0.049107,-0.795054,-0.049794,-0.75666,-0.0926,0.000479,0.002106
0,-4.805913,0.033751,0.051762,0.110752,0.044028,0.069925,0.000384,0.002106
0,-4.153104,-0.026322,0.678228,-0.075875,0.659578,-0.034331,0.000542,0.002106
0,-3.314204,0.004662,0.827311,0.019974,0.781982,-0.019473,0.001669,0.002106
0,-2.624863,0.089495,0.712034,0.079138,0.718895,0.043333,0.000872,0.002106
0,-2.24212,0.177529,0.385416,0.098545,0.391717,0.068611,0.00019,0.002519
0,-1.611437,0.050203,0.63268,-0.147944,0.615784,-0.115657,3.7e-05,0.000876
0,-0.810944,0.037911,0.783984,-0.015113,0.793056,-0.055911,0.002699,0.000662
0,-0.133262,-0.0896,0.688936,-0.131947,0.688736,-0.147087,0.002326,0.001564
0,0.188493,0.030093,0.336828,0.12401,0.315133,0.14679,0.002328,0.000525
0,0.398729,0.006457,0.229524,-9.3e-05,0.262346,-0.044658,0.001342,0.000113
0,0.430709,-0.008399,0.031598,-0.000568,0.047884,-0.013581,0.0019,0.000147
0,0.454308,-0.131648,0.000832,-0.135078,0.036204,-0.149123,0.002312,0.002298
0,0.469059,-0.068451,0.021582,0.053432,0.059785,0.054401,0.002569,0.001195
0,0.433612,-0.19363,-0.021482,-0.10434,-0.024516,-0.063304,0.00195,0.002238
0,0.34086,0.037712,-0.091996,0.242156,-0.072207,0.231437,0.000332,0.002106
0,0.491457,-0.173377,0.152541,-0.219449,0.146511,-0.18126,0.002657,0.002106
0,0.329179,-0.046627,-0.15816,0.122554,-0.142577,0.132605,0.000128,0.002106
0,0.397203,-0.188931,0.071259,-0.170798,0.063139,-0.206425,0.001315,0.002106
0,0.373626,-0.127925,-0.026344,0.081066,-0.070419,0.088493,0.000903,0.002106
0,0.410397,-0.080816,0.050898,0.021637,0.079304,0.018642,0.001545,0.002106
0,0.19709,-0.16159,-0.220694,-0.079654,-0.221231,-0.110085,0.002178,0.002106
0,0.422683,0.060528,0.237213,0.219286,0.210217,0.215655,0.00176,0.002106
0,0.322221,-0.124449,-0.07709,-0.207597,-0.08741,-0.16943,6e-06,0.002106
0,0.293142,0.024141,-0.029433,0.145082,-0.016405,0.136248,0.000501,0.002106
0,0.289425,-0.159745,0.025706,-0.210172,0.00154,-0.173465,0.000566,0.002106
0,0.168014,0.010335,-0.151091,0.176955,-0.174626,0.128993,0.002685,0.002106
0,0.08019,0.076076,-0.115498,0.08339,-0.145383,0.07215,0.0014,0.002106
0,0.297276,-0.019201,0.208424,-0.114682,0.236333,-0.107069,0.000429,0.002106
0,0.126667,0.089589,-0.185332,0.081672,-0.189471,0.116519,0.002211,0.002106
0,0.221358,0.083747,0.117989,0.02127,0.162478,0.062075,0.001754,0.002106
0,0.226186,0.020971,-0.002903,-0.033212,0.043988,-0.062657,0.00167,0.002106
0,0.11927,-0.022289,-0.097784,-0.03194,-0.090705,-0.040388,0.002082,0.002106
0,0.155743,0.123608,0.036528,0.163669,0.073482,0.117017,0.002718,0.002157
0,-0.062512,-0.135196,-0.237368,-0.24127,-0.248635,-0.200183,0.001091,0.002106
0,0.01525,-0.056964,0.066305,0.086859,0.046802,0.120116,0.000266,0.002106
0,-0.043015,-0.071448,-0.067993,-0.039163,-0.09495,-0.023894,0.000751,0.002106
0,-0.07738,0.147957,-0.024297,0.21859,-0.055195,0.198826,0.001351,0.002582
0,-0.057077,0.089239,0.016665,-0.030806,0.044158,-0.032164,0.000996,0.002106
0,-0.004338,0.112965,0.038547,0.001703,0.040558,-0.03018,7.6e-05,0.002106
0,0.166521,0.139937,0.19046,0.045176,0.222613,0.054898,0.002711,0.002442
0,0.023493,0.112356,-0.138267,-0.029739,-0.131675,-0.057781,0.00041,0.002106
0,0.001207,-0.004611,-0.005268,-0.092945,-0.032525,-0.112229,2.1e-05,0.002106
0,-0.040334,0.062596,-0.070915,0.058949,-0.040071,0.078463,0.000704,0.002106
0,0.11449,0.091096,0.149303,0.041861,0.12207,-0.006947,0.001998,0.002106
0,0.163791,0.122635,0.019755,0.020013,-0.018072,0.053433,0.002759,0.00214
0,0.134508,-0.158132,-0.022362,-0.275333,-0.032097,-0.257285,0.002348,0.002106
0,-0.147643,-0.035567,-0.280876,0.099959,-0.306129,0.05349,0.002577,0.002106
0,0.058969,-0.021235,0.233665,0.039902,0.23243,0.00609,0.001029,0.002106
0,-0.175347,0.076621,-0.232902,0.079955,-0.265913,0.113541,0.002557,0.002106
0,0.01708,0.08832,0.181802,0.026141,0.189702,0.014722,0.000298,0.002106
0,-0.089237,0.038274,-0.107359,-0.05271,-0.152625,-0.049524,0.001557,0.002106
0,-0.125772,-0.123481,-0.048574,-0.184559,-0.043046,-0.233449,0.002195,0.002106
0,-0.020803,0.102843,0.1218,0.231624,0.148211,0.182125,0.000363,0.002106
0,0.05383,-0.115696,0.058969,-0.212276,0.025575,-0.18466,0.00094,0.002106
0,-0.149975,-0.010212,-0.226317,0.133736,-0.252745,0.182427,0.002618,0.002106
0,-0.183181,-0.101446,-0.007803,-0.078597,-0.028493,-0.07515,0.00242,0.002106
0,-0.180583,0.000204,-0.004284,0.105169,-0.001397,0.117869,0.002466,0.002106
0,-0.10235,-0.00445,0.096515,0.005592,0.079343,-0.03016,0.001786,0.002106
0,-0.086768,0.096441,0.017012,0.123108,-0.009364,0.122389,0.001514,0.002106
0,-0.166912,0.056092,-0.067204,-0.02044,-0.108065,-0.026432,0.002704,0.002106
0,-0.174793,0.064681,-0.019107,0.001128,-0.067153,0.003888,0.002567,0.002106
0,-0.083216,0.100288,0.116509,0.016296,0.107186,-0.029971,0.001452,0.002106
0,-0.050464,0.019085,0.030328,-0.053323,-0.014977,-0.092222,0.000881,0.002106
0,-0.192527,-0.104262,-0.134487,-0.135287,-0.136003,-0.153685,0.002257,0.002106
0,-0.110681,-0.082023,0.066657,0.00153,0.114067,-0.02018,0.001932,0.002106
0,0.003216,-0.030648,0.135067,0.053327,0.128198,0.089749,5.6e-05,0.002106
0,-0.220512,0.096421,-0.219789,0.154304,-0.244115,0.16284,0.001769,0.002106
0,0.031629,0.00916,0.261182,-0.109666,0.264373,-0.115403,0.000552,0.002106
0,-0.252913,-0.045825,-0.280091,-0.052861,-0.245902,-0.075869,0.001203,0.002106
0,-0.201458,-0.005763,0.041645,0.045241,0.008341,0.081989,0.002101,0.002106
0,-0.15942,-0.182546,0.044916,-0.202501,0.045932,-0.192471,0.002782,0.002106
0,-0.017934,-0.150901,0.153588,0.042854,0.103913,0.050601,0.000313,0.002106
0,-0.054655,-0.081928,-0.050325,0.084619,-0.009695,0.082528,0.000954,0.002106
0,-0.099982,0.086502,-0.047104,0.145251,-0.077829,0.110098,0.001745,0.002106
0,-0.058851,0.027952,0.051206,-0.062566,0.052252,-0.067822,0.001027,0.002106
0,0.038649,-0.157857,0.096473,-0.207162,0.097489,-0.186532,0.000675,0.002106
0,0.061038,0.087143,0.051987,0.232992,0.054034,0.229131,0.001065,0.002106
0,0.000356,0.131207,-0.071251,0.051924,-0.084761,0.044359,6e-06,0.00229
0,0.208456,-0.142063,0.199213,-0.289106,0.233664,-0.324476,0.001979,0.002106
0,0.182412,-0.109121,-0.045024,0.02625,-0.07646,0.06971,0.002434,0.002106
0,-0.006748,0.00985,-0.178467,0.123365,-0.189934,0.166724,0.000118,0.002106
0,0.155389,0.131579,0.157561,0.140472,0.145521,0.148876,0.002712,0.002296
0,-0.034779,-0.022254,-0.20734,-0.159329,-0.215537,-0.123641,0.000607,0.002106
0,0.013176,-0.092714,0.043915,-0.068785,0.063613,-0.039825,0.00023,0.002106
0,-0.224081,-0.161659,-0.213802,-0.085482,-0.23219,-0.082298,0.001707,0.002106
0,-0.044984,0.055324,0.196354,0.200637,0.217892,0.170442,0.000785,0.002106
0,-0.027086,0.108551,0.000568,0.048889,-0.045103,0.067205,0.000473,0.002106
0,-0.109637,-0.089216,-0.108691,-0.224152,-0.099283,-0.187754,0.001914,0.002106
0,-0.213761,-0.116184,-0.105339,0.000424,-0.141956,-0.04487,0.001887,0.002106
0,-0.175434,0.013166,0.023701,0.148202,0.042432,0.151729,0.002556,0.002106
0,-0.042083,-0.01635,0.162453,-0.022562,0.205734,-0.064995,0.000734,0.002106
0,0.008286,0.056393,0.073919,0.057045,0.086083,0.048659,0.000145,0.002106
0,-0.091907,-0.051787,-0.124607,-0.110066,-0.166956,-0.075238,0.001604,0.002106
0,-0.125654,0.045832,-0.034546,0.112563,-0.063361,0.106946,0.002193,0.002106
0,-0.205424,-0.163639,-0.102006,-0.199756,-0.130311,-0.174316,0.002032,0.002106
0,-0.138699,-0.016259,0.085734,0.17606,0.103983,0.190603,0.002421,0.002106
0,-0.087238,-0.06199,0.070396,-0.021673,0.084402,-0.064853,0.001523,0.002106
0,-0.032675,-0.126957,0.030429,-0.048844,0.022123,-0.049945,0.00057,0.002106
0,-0.025363,-0.123434,0.015685,-0.008873,0.065075,0.005658,0.000443,0.002106
0,-0.110528,0.079012,-0.063398,0.192154,-0.101129,0.178634,0.001929,0.002106
0,-0.098228,0.019764,-0.014593,-0.057011,-0.046697,-0.064303,0.001714,0.002106
0,-0.176296,0.007945,-0.090532,-0.012345,-0.043327,-0.013202,0.002541,0.002106
0,-0.066518,-0.135711,0.096059,-0.134155,0.070146,-0.169683,0.001161,0.002106
0,0.011688,0.03573,0.051986,0.165618,0.055835,0.180087,0.000204,0.002106
0,0.017962,-0.190159,0.004908,-0.221462,-0.025028,-0.246217,0.000314,0.002106
0,-0.140974,0.038925,-0.136371,0.215853,-0.131787,0.226481,0.00246,0.002106
0,0.069652,-0.090771,0.204233,-0.108697,0.235275,-0.145139,0.001216,0.002106
0,-0.043994,0.070637,-0.104773,0.143556,-0.132011,0.144161,0.000768,0.002106
0,-0.042275,0.047885,0.031106,-0.048432,0.00778,-0.013368,0.000738,0.002106
0,-0.001564,0.042928,0.047156,-0.004942,0.019542,0.028726,2.7e-05,0.002106
0,0.178424,-0.055589,0.168082,-0.083801,0.139054,-0.112068,0.002503,0.002106
0,0.001834,0.164561,-0.169168,0.221934,-0.214562,0.234632,3.2e-05,0.002745
0,-0.023561,0.012135,-0.031153,-0.169148,-0.034067,-0.146839,0.000411,0.000212
0,0.016144,0.044022,0.066018,0.039608,0.084044,0.074838,0.000282,0.000768
0,0.118746,-0.076948,0.09707,-0.09957,0.123722,-0.136321,0.002073,0.001343
0,0.018634,0.001491,-0.082815,0.096452,-0.110668,0.067117,0.000325,2.6e-05
0,0.235039,0.061072,0.198732,0.037165,0.178743,0.029065,0.001515,0.001066
0,0.008478,-0.05656,-0.247565,-0.145811,-0.228617,-0.183414,0.000148,0.000987
0,0.017327,-0.046232,0.000736,0.01998,-0.036184,0.043249,0.000302,0.000807
0,0.038506,-0.136621,0.019058,-0.08025,-0.026991,-0.034967,0.000672,0.002384
0,0.126397,-0.15376,0.097382,-0.013995,0.057784,-0.019986,0.002206,0.002684
0,0.11538,0.03701,-0.027091,0.21361,0.007293,0.174509,0.002014,0.000646
0,0.109247,0.022427,-0.025734,-0.022788,0.01595,-0.011555,0.001907,0.000391
0,0.07129,0.138377,-0.021835,0.14568,-0.050418,0.11443,0.001244,0.002415
0,-0.081214,0.013607,-0.159725,-0.132801,-0.180084,-0.104086,0.001417,0.000237
0,-0.18483,-0.062881,-0.121615,-0.106289,-0.082517,-0.065872,0.002392,0.001097
0,0.01825,0.049318,0.173316,0.091961,0.131027,0.103156,0.000319,0.000861
0,-0.09542,0.151342,-0.117667,0.084042,-0.151516,0.0963,0.001665,0.002641
0,-0.23734,-0.036568,-0.163117,-0.178188,-0.146444,-0.219142,0.001475,0.000638
0,-0.022424,0.091844,0.223937,0.104898,0.237231,0.14046,0.000391,0.001603
0,-0.034097,-0.133286,-0.027054,-0.238238,-0.062013,-0.196759,0.000595,0.002326
0,-0.031958,-0.135716,-0.026002,0.026224,-0.034661,-0.007884,0.000558,0.002369
0,-0.022271,-0.019928,-0.0032,0.119725,-0.016649,0.156262,0.000389,0.000348
0,-0.202362,-0.011486,-0.18741,0.0265,-0.234445,0.056508,0.002086,0.0002
0,-0.103429,0.06389,0.087248,0.055123,0.076842,0.062271,0.001805,0.001115
0,0.086014,-0.106041,0.183388,-0.143926,0.227114,-0.148158,0.001501,0.001851
0,0.010522,0.09783,-0.103605,0.195404,-0.062024,0.169495,0.000184,0.001707
0,-0.073543,0.065089,-0.08179,-0.006366,-0.100831,0.002641,0.001284,0.001136
0,0.172625,0.103497,0.265297,0.038846,0.264787,0.023329,0.002605,0.001806
0,0.170757,-0.153273,-0.028395,-0.250587,-0.070301,-0.220824,0.002637,0.002675
0,-0.04829,0.093314,-0.209834,0.221036,-0.203224,0.171912,0.000843,0.001629
0,-0.081488,-0.002524,-0.03784,-0.106356,-0.079204,-0.119383,0.001422,4.4e-05
0,0.017204,0.096766,0.109084,0.128078,0.071401,0.106405,0.0003,0.001689
0,0.172482,0.008681,0.148222,-0.093863,0.161381,-0.117961,0.002607,0.000152
0,-0.119425,0.028245,-0.285205,0.012594,-0.241167,0.049959,0.002084,0.000493
0,0.02967,-0.036663,0.178627,-0.074556,0.142066,-0.052669,0.000518,0.00064
0,0.044257,0.051586,0.001637,0.110349,-0.035981,0.149318,0.000772,0.0009
0,-0.160815,0.029939,-0.218328,-0.036185,-0.243506,-0.056354,0.002807,0.000523
0,0.032598,0.125581,0.164105,0.087616,0.130313,0.068957,0.000569,0.002192
0,-0.148238,0.006083,-0.184962,-0.123306,-0.144276,-0.102815,0.002587,0.000106
0,0.000217,0.078896,0.161944,0.04492,0.19733,0.045775,4e-06,0.001377
0,-0.098037,0.008734,-0.068872,-0.047337,-0.102279,-0.090129,0.001711,0.000152
0,-0.042965,-0.005986,0.057795,-0.024964,0.05284,-0.020904,0.00075,0.000104
0,-0.189255,-0.042058,-0.158868,-0.029592,-0.196808,-0.036363,0.002314,0.000734
0,-0.082022,-0.088689,0.080938,-0.068526,0.043763,-0.079325,0.001432,0.001548
0,0.018571,0.014492,0.070646,0.096314,0.03075,0.116224,0.000324,0.000253
0,0.012135,-0.078302,0.01088,-0.112334,0.029441,-0.154415,0.000212,0.001367
0,-0.065308,-0.050117,-0.075047,0.046825,-0.09583,0.031712,0.00114,0.000875
0,-0.056802,0.138936,0.024257,0.16628,0.007271,0.149022,0.000991,0.002425
0,0.119465,0.023697,0.146438,-0.127594,0.194826,-0.119585,0.002085,0.000414
0,-0.006882,0.124026,-0.107019,0.090387,-0.088947,0.067543,0.00012,0.002165
0,0.028663,0.103013,0.056292,-0.035614,0.032686,-0.039006,0.0005,0.001798
0,-8e-05,-0.11188,0.000964,-0.216507,-0.022518,-0.201483,1e-06,0.001953
0,0.003796,0.130022,-0.011812,0.270974,0.006292,0.252169,6.6e-05,0.002269
0,0.120498,-0.099707,0.117468,-0.225929,0.076198,-0.176695,0.002103,0.00174
0,0.095536,-0.001038,-0.03284,0.094346,-0.079078,0.119094,0.001667,1.8e-05
0,0.224838,0.119969,0.122669,0.12169,0.091613,0.149003,0.001693,0.002094
0,0.194389,0.00536,-0.018185,-0.138574,0.008311,-0.161283,0.002225,9.4e-05
0,0.154757,-0.096759,-0.018759,-0.118131,-0.051354,-0.159852,0.002701,0.001689
0,0.142163,0.036697,0.008187,0.120534,-0.032373,0.101032,0.002481,0.00064
0,0.089977,-0.065653,-0.079423,-0.110024,-0.12625,-0.100065,0.00157,0.001146
0,-0.196573,-0.032443,-0.302276,0.05838,-0.289983,0.026025,0.002187,0.000566
0,-0.157574,-0.093808,0.044694,-0.078952,0.000726,-0.101043,0.00275,0.001637
0,-0.04653,-0.005093,0.136221,0.113599,0.158091,0.092051,0.000812,8.9e-05
0,-0.049817,0.040918,0.021093,0.059868,0.039644,0.095479,0.000869,0.000714
0,0.141496,-0.038983,0.206572,-0.083493,0.187998,-0.068605,0.00247,0.00068
0,0.157573,0.14991,0.041434,0.205272,-0.004629,0.188824,0.00275,0.002616
0,-0.025116,0.036678,-0.191743,-0.099538,-0.170957,-0.13166,0.000438,0.00064
0,-0.038319,-0.095503,0.006571,-0.120826,0.001448,-0.092438,0.000669,0.001667
0,0.15497,-0.105434,0.173368,-0.022889,0.192732,-0.024373,0.002705,0.00184
0,0.062318,0.155164,-0.119687,0.277077,-0.145151,0.297088,0.001088,0.002708
0,-0.07843,0.113785,-0.137911,-0.054391,-0.167627,-0.023798,0.001369,0.001986
0,0.087334,0.006372,0.192205,-0.122591,0.1736,-0.138876,0.001524,0.000111
0,0.127476,0.066151,0.017894,0.037569,0.031215,0.009892,0.002225,0.001155
0,-0.056152,0.073581,-0.204459,0.0132,-0.214507,0.016006,0.00098,0.001284
0,-0.095132,0.043791,-0.022526,-0.015047,-0.046228,0.010463,0.00166,0.000764
0,-0.013214,-0.077651,0.075209,-0.115893,0.097224,-0.085094,0.000231,0.001355
0,-0.122924,-0.010528,-0.125426,0.093438,-0.139549,0.123671,0.002145,0.000184
0,0.01767,-0.00115,0.129217,-0.006569,0.118972,0.043217,0.000308,2e-05
0,-0.01334,0.03721,-0.043163,0.064785,-0.075682,0.065575,0.000233,0.000649
0,0.121947,0.144143,0.140727,0.121449,0.113093,0.074124,0.002128,0.002516
0,-0.056227,0.107864,-0.18241,-0.043078,-0.179912,-0.088565,0.000981,0.001883
0,0.08004,0.121747,0.112539,0.036973,0.139134,0.022796,0.001397,0.002125
0,0.009288,-0.046983,-0.050298,-0.169711,-0.083341,-0.133324,0.000162,0.00082
0,-0.113395,0.162819,-0.100808,0.215442,-0.137798,0.224282,0.001979,0.002776
0,-0.05919,-0.010237,0.050224,-0.168241,0.033541,-0.217406,0.001033,0.000179
0,0.067844,0.077129,0.104745,0.074887,0.09668,0.087968,0.001184,0.001346
0,-0.186428,0.000436,-0.255133,-0.07072,-0.27227,-0.101559,0.002364,8e-06
0,0.020298,-0.003999,0.218176,0.000266,0.241718,-0.026543,0.000354,7e-05
0,0.120853,-0.016167,0.078005,0.014884,0.100248,0.023209,0.002109,0.000282
0,0.104019,0.156378,0.01161,0.178177,0.009471,0.128619,0.001815,0.002729
0,-0.020985,0.0823,-0.103711,-0.062213,-0.122177,-0.090669,0.000366,0.001436
0,0.09255,-0.13212,0.083778,-0.241457,0.051287,-0.205409,0.001615,0.002306
0,-0.08051,0.128715,-0.173599,0.281047,-0.19741,0.287338,0.001405,0.002247
0,-0.062124,-0.116495,0.001846,-0.272569,0.004131,-0.24619,0.001084,0.002033
0,0.00781,0.020171,0.089745,0.120152,0.095248,0.167383,0.000136,0.000352
0,-0.006357,-0.063099,0.012394,-0.063022,-0.025483,-0.059032,0.000111,0.001101
0,0.016785,-0.093471,0.009454,-0.022318,0.047008,0.000903,0.000293,0.001631
0,-0.017692,0.001835,-0.044317,0.093118,-0.008791,0.13236,0.000309,3.2e-05
0,0.033191,-0.034006,0.030862,-0.056807,0.079531,-0.020653,0.000579,0.000594
0,-0.144112,-0.071557,-0.199471,-0.02523,-0.17841,-0.054612,0.002515,0.001249
0,-0.16796,-0.014195,-0.0111,0.080832,0.025339,0.093354,0.002686,0.000248
0,-0.050739,0.124447,0.088726,0.131204,0.075293,0.119489,0.000886,0.002172
0,-0.039322,0.190519,-0.001177,0.053669,-0.006996,0.020795,0.000686,0.002292
0,-0.103464,0.146249,-0.081768,-0.072904,-0.118647,-0.053153,0.001806,0.002553
0,-0.115534,0.176329,0.015442,0.023834,-0.012225,0.006142,0.002016,0.00254
0,-0.192549,0.143278,-0.057546,-0.024145,-0.091451,-0.017038,0.002257,0.002501
0,-0.088638,0.182559,0.115048,0.024541,0.090878,0.063861,0.001547,0.002431
0,-0.0868,0.122281,0.001709,-0.087659,-0.004024,-0.065389,0.001515,0.002134
0,-0.205419,0.08231,-0.148366,-0.047225,-0.168254,-0.072606,0.002032,0.001437
0,-0.043019,0.119233,0.148063,0.027576,0.189973,0.069557,0.000751,0.002081
0,-0.084406,0.072893,-0.048426,-0.045752,-0.022274,-0.024284,0.001473,0.001272
0,-0.028106,0.04263,0.044575,-0.058363,0.070297,-0.019229,0.000491,0.000744
0,-0.188658,0.191965,-0.169624,0.129497,-0.190267,0.137449,0.002325,0.002267
0,0.005192,0.02161,0.220036,-0.161142,0.18348,-0.142414,9.1e-05,0.000377
0,0.137232,0.066627,0.107299,0.049664,0.112986,0.054491,0.002395,0.001163
0,0.101224,0.042674,-0.009948,-0.012667,-0.035101,-0.014279,0.001767,0.000745
0,0.128283,-0.034939,0.052704,-0.073742,0.008103,-0.113217,0.002239,0.00061
0,0.049063,-0.022172,-0.101536,0.020348,-0.093283,0.001742,0.000856,0.000387
0,-0.101207,-0.01508,-0.150324,0.036491,-0.197438,0.033805,0.001766,0.000263
0,0.163326,0.115254,0.23886,0.141394,0.281564,0.178862,0.002767,0.002012
0,0.135046,0.01804,-0.01421,-0.07636,-0.062179,-0.116354,0.002357,0.000315
0,0.002812,0.112061,-0.124008,0.087972,-0.091669,0.0844,4.9e-05,0.001956
0,0.033087,0.134362,0.004286,0.015909,0.0086,0.00823,0.000577,0.002345
0,-0.032257,0.086221,-0.052031,-0.025685,-0.088797,-0.042392,0.000563,0.001505
0,-0.094742,-0.078673,-0.053281,-0.151538,-0.007203,-0.180784,0.001654,0.001373
0,-0.108022,-0.04062,-0.001839,0.024893,0.017483,0.035666,0.001885,0.000709
0,0.116315,-0.09263,0.24401,-0.022551,0.197783,-0.012424,0.00203,0.001617
0,0.08909,0.103725,-0.032196,0.180585,-0.044231,0.197304,0.001555,0.00181
0,-0.102163,0.125218,-0.187894,0.009695,-0.146467,0.023652,0.001783,0.002185
0,-0.047431,-0.045791,0.083325,-0.166453,0.108908,-0.184892,0.000828,0.000799
0,-0.007566,0.120005,0.027032,0.179449,0.076267,0.17349,0.000132,0.002094
0,-0.072604,-0.046005,-0.092725,-0.164797,-0.069342,-0.214125,0.001267,0.000803
0,-0.231375,-0.024342,-0.166672,0.012352,-0.168671,0.005837,0.001579,0.000425
0,-0.251149,-0.015368,-0.03725,0.011892,-0.049689,0.037612,0.001234,0.000268
0,-0.015354,0.143256,0.263628,0.166076,0.238561,0.116452,0.000268,0.0025
0,-0.103078,0.065276,-0.096349,-0.091567,-0.119232,-0.10381,0.001799,0.001139
0,-0.037825,0.118823,0.078566,0.056007,0.038282,0.072446,0.00066,0.002074
0,0.90607,-0.05154,0.932957,-0.147043,0.909983,-0.180639,0.001039,0.0009
0,1.268348,-0.201728,0.386474,-0.15069,0.357826,-0.133706,0.000333,0.002097
0,1.319816,-0.328126,0.080268,-0.145476,0.037881,-0.124255,0.000565,0.000109
0,1.957633,-0.463609,0.63359,-0.133962,0.682309,-0.128521,0.000462,0.002474
0,2.262577,-0.190752,0.321167,0.283736,0.336155,0.300766,0.000167,0.002288
0,1.899302,-0.331331,-0.384861,-0.143786,-0.363945,-0.18295,0.000556,0.000165
0,1.58122,-0.122994,-0.297734,0.200766,-0.258366,0.176121,0.00049,0.002147
0,1.004818,-0.203512,-0.598475,-0.076,-0.646911,-0.069276,0.000685,0.002106
0,0.867637,-0.058796,-0.154434,0.149534,-0.117012,0.118571,0.001709,0.002106
0,0.495142,-0.015236,-0.394814,0.044857,-0.437415,0.039834,0.002593,0.002106
0,0.236695,0.137768,-0.266423,0.154796,-0.314724,0.1087,0.001486,0.002405
0,-0.090349,0.139892,-0.341594,0.027094,-0.36791,0.062727,0.001577,0.002442
0,-0.190058,0.005311,-0.102586,-0.111633,-0.132327,-0.083958,0.0023,0.002106
0,-0.128219,0.062368,0.049661,0.077113,0.089146,0.12499,0.002238,0.002106
0,-0.180546,0.083402,-0.058218,0.027962,-0.055529,0.06413,0.002466,0.002106
0,-0.279392,0.131603,-0.071858,0.031151,-0.089646,0.069176,0.000741,0.002297
0,-0.309237,0.009164,-0.049171,-0.147761,-0.013301,-0.187787,0.00022,0.002106
0,-0.171065,-0.085608,0.112504,-0.074865,0.119798,-0.073998,0.002632,0.002106
0,-0.122772,0.126866,0.069726,0.24141,0.081227,0.240072,0.002143,0.002214
0,-0.193669,-0.032966,-0.073905,-0.152643,-0.03423,-0.178829,0.002237,0.002106
0,-0.010198,0.101386,0.179161,0.12808,0.19157,0.168485,0.000178,0.002106
0,0.094278,0.146883,0.104912,0.023676,0.100072,0.061549,0.001645,0.002564
0,0.119207,0.054955,0.005648,-0.094178,0.016523,-0.114017,0.002081,0.002106
0,0.101937,0.09528,-0.019534,0.014109,-0.051811,0.034601,0.001779,0.002106
0,-0.08599,-0.099358,-0.189206,-0.215999,-0.23862,-0.206181,0.001501,0.002106
0,0.07472,-0.065962,0.180952,0.044534,0.191828,0.087287,0.001304,0.002106
0,0.119246,0.0213,0.052326,0.080107,0.040731,0.107038,0.002081,0.002106
0,0.155465,0.099848,0.049634,0.100927,0.063482,0.087546,0.002713,0.002106
0,0.037826,0.068895,-0.088123,-0.028287,-0.092171,-0.070112,0.00066,0.002106
0,0.022922,-0.1275,0.006436,-0.19754,0.019079,-0.166639,0.0004,0.002106
0,0.209045,0.061139,0.19729,0.201361,0.217531,0.17692,0.001969,0.002106
0,0.093924,-0.039524,-0.127105,-0.088118,-0.099736,-0.12096,0.001639,0.002106
0,0.059601,-0.081962,-0.044938,-0.062582,-0.051165,-0.086336,0.00104,0.002106
0,0.090741,-0.016618,0.00147,0.09528,-0.002831,0.139424,0.001584,0.002106
0,0.093292,-0.02918,0.013423,-0.0003,0.062354,0.004783,0.001628,0.002106
0,0.234879,-0.023703,0.116385,0.034511,0.137737,0.039742,0.001518,0.002106
0,-0.02552,-0.07928,-0.287459,-0.068991,-0.252856,-0.032641,0.000445,0.002106
0,0.216658,-0.18798,0.219622,-0.108095,0.18246,-0.059741,0.001836,0.002106
0,0.07173,-0.125282,-0.16223,0.051878,-0.170194,0.083909,0.001252,0.002106
0,0.039462,-0.06578,-0.041413,0.085812,-0.079276,0.096167,0.000689,0.002106
0,0.128707,0.009833,0.065157,0.100381,0.031771,0.05039,0.002246,0.002106
0,0.190552,0.096084,0.072124,0.099736,0.034733,0.061283,0.002292,0.002106
0,0.08189,-0.106155,-0.104062,-0.19508,-0.116915,-0.183018,0.001429,0.002106
0,0.056816,-0.170081,-0.025965,-0.080758,-0.07352,-0.044701,0.000992,0.002106
0,0.146882,-0.078225,0.118784,0.097167,0.106696,0.066157,0.002564,0.002106
0,0.213592,0.014399,0.061557,0.113765,0.06814,0.095877,0.00189,0.002106
0,0.185696,0.022776,-0.026361,-0.021554,-0.054193,-0.019161,0.002377,0.002106
0,0.014194,-0.160338,-0.185786,-0.162372,-0.210253,-0.175896,0.000248,0.002106
0,0.164669,-0.041666,0.140086,0.14749,0.173452,0.116964,0.002743,0.002106
0,0.101575,-0.077606,-0.048481,-0.030985,-0.053946,0.00564,0.001773,0.002106
0,0.139641,0.097086,0.038663,0.199375,0.082727,0.178544,0.002437,0.002106
0,0.212674,-0.010237,0.071285,-0.096458,0.046694,-0.105794,0.001906,0.002106
0,0.026416,0.116959,-0.15694,0.124952,-0.195392,0.083443,0.000461,0.002106
0,0.161061,0.067857,0.145454,-0.076298,0.115456,-0.10646,0.002806,0.002106
0,0.130094,-0.022135,-0.017008,-0.105215,-0.006981,-0.089708,0.002271,0.002106
0,0.00264,0.096724,-0.099533,0.10014,-0.09574,0.141263,4.6e-05,0.002106
0,0.174298,0.050021,0.197734,-0.03218,0.231773,-0.002199,0.002575,0.002106
0,0.145904,-0.141503,-0.028278,-0.205102,5.8e-05,-0.209647,0.002547,0.002106
0,0.107549,0.030161,-0.013873,0.174533,-0.013111,0.153021,0.001877,0.002106
0,0.112435,-0.156535,0.023865,-0.192794,0.065672,-0.157461,0.001962,0.002106
0,0.079568,0.1036,-0.041173,0.25663,-0.046014,0.221033,0.001389,0.002106
0,-0.093885,0.053823,-0.187085,-0.052817,-0.211384,-0.063895,0.001639,0.002106
0,-0.071516,0.101826,0.013865,0.072984,0.04402,0.09287,0.001248,0.002106
0,0.054099,-0.091058,0.121633,-0.192334,0.113797,-0.204931,0.000944,0.002106
0,-0.007557,0.018476,-0.053906,0.103823,-0.015887,0.092034,0.000132,0.002106
0,-0.079425,0.09227,-0.060454,0.051438,-0.075979,0.010326,0.001386,0.002106
0,-0.092844,-0.088361,-0.028963,-0.199658,-0.048572,-0.224239,0.00162,0.002106
0,0.05421,-0.063854,0.15947,0.051364,0.163054,0.087913,0.000946,0.002106
0,-0.20064,-0.112665,-0.258285,-0.041722,-0.232879,-0.049444,0.002116,0.002106
0,-0.079321,0.09125,0.125588,0.188034,0.102011,0.162495,0.001384,0.002106
0,-0.047412,0.018384,0.037985,-0.059753,0.016979,-0.075743,0.000827,0.002106
0,-0.232114,-0.066311,-0.196028,-0.109889,-0.157642,-0.159762,0.001566,0.002106
0,-0.224888,-0.126963,-0.011063,-0.06855,0.017432,-0.077975,0.001692,0.002106
0,-0.020244,0.089886,0.232706,0.231502,0.189305,0.271692,0.000353,0.002106
0,-0.126511,0.03821,-0.112685,-0.029063,-0.123766,0.007169,0.002208,0.002106
0,-0.084695,-0.055862,0.031694,-0.114672,0.032823,-0.106733,0.001478,0.002106
0,0.04149,-0.121326,0.107267,-0.076511,0.098104,-0.034482,0.000724,0.002106
0,0.061699,-0.026734,-0.000881,0.098104,-0.021893,0.094292,0.001077,0.002106
0,-0.115165,-0.107377,-0.147016,-0.091917,-0.115196,-0.045321,0.00201,0.002106
0,-0.023968,-0.029476,0.117226,0.097419,0.125821,0.069977,0.000418,0.002106
0,-0.004787,-0.06884,0.045434,-0.022505,0.052007,-0.019923,8.4e-05,0.002106
0,-0.072537,0.114651,-0.059751,0.200936,-0.029377,0.224674,0.001266,0.002106
0,0.037059,-0.074496,0.109187,-0.201813,0.122379,-0.204658,0.000647,0.002106
0,-0.17011,-0.090008,-0.226356,-0.003928,-0.253986,-0.031159,0.002649,0.002106
0,-0.163508,0.025346,0.013649,0.141635,0.042098,0.130923,0.002764,0.002106
0,-0.134999,-0.040341,0.011449,-0.065083,-0.020373,-0.050371,0.002356,0.002106
0,-0.08585,0.065434,0.038672,0.127452,0.045659,0.141668,0.001498,0.002106
0,-0.024398,0.065906,0.049931,0.011576,0.09972,-0.037352,0.000426,0.002106
0,0.117509,0.174622,0.112529,0.109704,0.077755,0.112612,0.002051,0.00257
0,0.203169,-0.084757,0.083911,-0.229821,0.061437,-0.219303,0.002072,0.001479
0,0.004711,0.06346,-0.211404,0.138435,-0.203654,0.139211,8.2e-05,0.001108
0,-0.041739,0.111715,-0.035473,0.055828,-0.051675,0.086088,0.000728,0.00195
0,0.125467,0.010608,0.193199,-0.100383,0.235057,-0.112781,0.00219,0.000185
0,0.118778,0.156004,-0.024206,0.13162,-0.048288,0.135675,0.002073,0.002723
0,-0.080987,-0.020885,-0.207929,-0.171876,-0.161699,-0.184587,0.001413,0.000365
0,0.146882,-0.045562,0.23713,-0.046962,0.269341,-0.041495,0.002564,0.000795
0,0.12918,0.198392,0.005518,0.238024,-0.026731,0.234295,0.002255,0.002155
0,0.107209,0.163574,-0.0419,-0.030798,-0.034964,-0.048518,0.001871,0.002763
0,0.013709,0.158668,-0.075469,-0.030604,-0.111093,-0.053563,0.000239,0.002769
0,0.050461,-0.005153,0.019396,-0.173733,-0.021608,-0.180733,0.000881,9e-05
0,0.132181,-0.079955,0.105489,-0.095972,0.089615,-0.100663,0.002307,0.001395
0,-0.074489,0.137325,-0.192857,0.234982,-0.208182,0.243958,0.0013,0.002397
0,-0.058226,0.081862,0.040018,-0.039425,-0.007444,-0.009312,0.001016,0.001429
0,0.081909,0.14702,0.1144,0.049744,0.143803,0.062164,0.00143,0.002566
0,-0.029365,0.001651,-0.103718,-0.122621,-0.112026,-0.073007,0.000513,2.9e-05
0,0.068126,0.024523,0.099985,0.006873,0.109387,0.055099,0.001189,0.000428
0,-0.010528,-0.0646,-0.061479,-0.084189,-0.105204,-0.040098,0.000184,0.001127
0,0.105518,0.098214,0.08659,0.183457,0.039879,0.163027,0.001842,0.001714
0,-0.003495,0.062354,-0.099877,-0.041496,-0.061967,-0.030138,6.1e-05,0.001088
0,-0.024795,0.101887,0.006549,0.047522,-0.013485,0.096762,0.000433,0.001778
0,-0.002856,0.136893,0.011471,0.05971,0.007998,0.042989,5e-05,0.002389
0,-0.105072,-0.045429,-0.074181,-0.195376,-0.059762,-0.161756,0.001834,0.000793
0,0.115309,0.024063,0.192438,0.070821,0.237839,0.040833,0.002013,0.00042
0,0.13566,0.118062,0.002726,0.11088,-0.046205,0.123759,0.002368,0.002061
0,0.117298,-0.10647,0.006642,-0.243484,-0.022572,-0.282401,0.002047,0.001858
0,-0.028427,-0.03287,-0.126915,0.072895,-0.134548,0.059641,0.000496,0.000574
0,0.121156,-0.069533,0.155199,-0.041571,0.119058,-0.091304,0.002115,0.001214
0,0.195081,-0.007226,0.05916,0.072611,0.07795,0.028879,0.002213,0.000126
0,0.005527,-0.079111,-0.179289,-0.084828,-0.14834,-0.098926,9.6e-05,0.001381
0,-0.066962,0.026895,-0.086866,0.115501,-0.109262,0.146312,0.001169,0.000469
0,0.025884,-0.043971,0.06678,-0.055753,0.061135,-0.079185,0.000452,0.000767
0,0.167694,0.104276,0.129302,0.169237,0.157697,0.20449,0.002691,0.00182
0,-0.011737,-0.052094,-0.164214,-0.148805,-0.199526,-0.158743,0.000205,0.000909
0,-0.068179,-0.135936,-0.073842,-0.072295,-0.037331,-0.098369,0.00119,0.002373
0,0.001138,-0.112544,0.051843,0.040207,0.069653,0.041258,2e-05,0.001964
0,0.100569,0.144402,0.082772,0.262198,0.075754,0.226375,0.001755,0.00252
0,0.049368,0.122618,-0.042682,-0.022501,-0.012389,0.014556,0.000862,0.00214
0,0.071705,-0.037612,0.024667,-0.138669,0.040177,-0.112413,0.001251,0.000656
0,-0.121351,-0.029318,-0.194346,0.03773,-0.189446,0.034149,0.002118,0.000512
0,-0.051138,-0.062723,0.0785,-0.032909,0.085652,-0.039483,0.000893,0.001095
0,-0.120628,-0.134587,-0.043421,-0.060263,-0.055878,-0.019506,0.002105,0.002349
0,-0.030014,-0.125959,0.060849,-0.006822,0.044491,0.03151,0.000524,0.002198
0,-0.152732,0.076359,-0.093764,0.177467,-0.115317,0.188724,0.002666,0.001333
0,0.052133,0.001817,0.210213,-0.064919,0.249982,-0.110917,0.00091,3.2e-05
0,-0.024432,0.105556,-0.076505,0.098485,-0.029456,0.094489,0.000426,0.001842
0,-0.054279,-0.106416,-0.029994,-0.227601,-0.026747,-0.250906,0.000947,0.001857
0,-0.174128,-0.105977,-0.12635,-0.018254,-0.155194,-0.054996,0.002578,0.00185
0,-0.014078,0.088423,0.187528,0.205125,0.137571,0.202383,0.000246,0.001543
0,-0.027457,0.165645,0.015273,0.088053,0.014893,0.113108,0.000479,0.002726
0,-0.155082,0.185789,-0.126294,0.017538,-0.086994,0.031645,0.002707,0.002375
0,-0.159316,-0.007068,-0.031247,-0.195468,-0.021235,-0.170355,0.002781,0.000123
0,-0.21844,-0.118132,-0.030751,-0.10816,0.005696,-0.060137,0.001805,0.002062
0,-0.129851,0.140712,0.089032,0.238632,0.043637,0.20995,0.002266,0.002456
0,-0.096069,-0.092951,0.056782,-0.206434,0.092129,-0.225446,0.001677,0.001622
0,0.030826,-0.107188,0.145307,-0.04231,0.145039,-0.084434,0.000538,0.001871
0,0.173357,0.12723,0.126315,0.228893,0.1387,0.21522,0.002592,0.002221
0,0.049441,0.18802,-0.099697,0.058395,-0.146517,0.058983,0.000863,0.002336
0,0.155851,0.001809,0.111627,-0.198922,0.112352,-0.180305,0.00272,3.2e-05
0,-0.03701,-0.026405,-0.199759,-0.000531,-0.185731,-0.049517,0.000646,0.000461
0,0.146764,0.123896,0.157834,0.17437,0.124863,0.142718,0.002562,0.002162
0,0.063737,-0.013713,-0.102329,-0.160922,-0.144623,-0.189115,0.001112,0.000239
0,-0.022667,0.170996,-0.111022,0.210671,-0.144436,0.182201,0.000396,0.002633
0,0.078223,-0.030749,0.094716,-0.218332,0.0532,-0.209637,0.001365,0.000537
0,0.151174,-0.133493,0.098621,-0.097344,0.086284,-0.074909,0.002638,0.00233
0,0.214328,-0.093735,0.067348,0.036446,0.091944,0.011536,0.001877,0.001636
0,0.091075,0.063042,-0.113831,0.134171,-0.114395,0.120435,0.00159,0.0011
0,0.048293,0.03698,-0.02514,-0.020767,-0.004118,-0.038468,0.000843,0.000645
0,-0.08799,0.023498,-0.117989,-0.019636,-0.075178,-0.067739,0.001536,0.00041
0,0.130639,-0.072437,0.204334,-0.111666,0.162493,-0.129651,0.00228,0.001264
0,0.115817,-0.075675,0.013827,0.01662,-0.01767,-0.001659,0.002021,0.001321
0,0.136457,-0.002605,0.021763,0.098445,0.013709,0.076633,0.002382,4.5e-05
0,-0.000214,0.000798,-0.127032,-0.019566,-0.174868,-0.003955,4e-06,1.4e-05
0,0.047771,0.169968,0.062649,0.14434,0.031317,0.106849,0.000834,0.002651
0,0.08365,-0.068097,0.035614,-0.250645,0.045163,-0.257022,0.00146,0.001189
0,-0.01014,0.147373,-0.092769,0.230911,-0.055569,0.239124,0.000177,0.002572
0,0.151767,-0.00167,0.170725,-0.132446,0.173424,-0.1097,0.002649,2.9e-05
0,0.183085,-0.138494,0.04929,-0.159483,0.060006,-0.198198,0.002422,0.002417
0,0.122419,0.057854,-0.082534,0.168565,-0.083341,0.164193,0.002137,0.00101
0,-0.128548,-0.129542,-0.262282,-0.184208,-0.294033,-0.216731,0.002244,0.002261
0,-2.473689,0.081147,-2.370072,0.197288,-2.330196,0.183958,0.001766,0.001416
0,-2.172557,0.440287,0.298033,0.385553,0.320561,0.353068,0.001404,0.002067
0,-2.542385,0.511441,-0.397682,0.088541,-0.429318,0.091402,0.000567,0.002309
0,-2.487163,0.233693,0.027513,-0.2515,0.012094,-0.233319,0.001531,0.001539
0,-2.284978,0.203397,0.193161,-0.023098,0.156441,0.012619,0.000558,0.002068
0,-1.894686,0.228844,0.360478,0.041309,0.329536,0.056768,0.000637,0.001623
0,-1.335099,0.27485,0.550897,0.052291,0.549803,0.066182,0.000832,0.00082
0,-0.674424,0.185886,0.661211,-0.079546,0.699312,-0.060117,0.000536,0.002373
0,-0.364368,0.17563,0.328997,-0.033962,0.296635,-0.004032,0.000742,0.002552
0,-0.163133,0.156218,0.182977,-0.001562,0.200271,-0.047026,0.00277,0.002727
0,-0.090298,0.152904,0.0883,-0.030606,0.127264,-0.053523,0.001576,0.002669
0,0.15806,0.013143,0.263013,-0.14007,0.254964,-0.147691,0.002759,0.000229
0,0.253498,-0.112974,0.124204,-0.15557,0.084535,-0.135043,0.001193,0.001972
0,0.17545,0.011377,-0.096984,0.150002,-0.053048,0.148437,0.002555,0.000199
0,0.229478,-0.104942,0.048443,-0.141136,0.059046,-0.111957,0.001612,0.001832
0,0.259499,-0.144034,0.027434,-0.067236,-0.017971,-0.059175,0.001088,0.002514
0,0.226116,0.128955,-0.046368,0.301929,-0.029211,0.275387,0.001671,0.002251
0,0.135831,-0.124622,-0.109147,-0.228129,-0.060307,-0.195915,0.002371,0.002175
0,-0.058538,0.05775,-0.198655,0.21218,-0.190176,0.242951,0.001022,0.001008
0,0.065714,-0.126392,0.13619,-0.16312,0.17486,-0.186356,0.001147,0.002206
0,-0.162575,0.064155,-0.242297,0.181962,-0.279818,0.207626,0.00278,0.00112
0,-0.159958,-0.043771,0.003535,-0.107812,-0.032086,-0.094564,0.002792,0.000764
0,0.136443,-0.012024,0.286823,0.035175,0.309565,0.011898,0.002381,0.00021
0,0.068666,-0.000138,-0.064672,-0.008418,-0.109397,-0.051809,0.001198,2e-06
0,-0.616925,-0.130621,-0.705683,-0.11689,-0.686999,-0.087374,0.000468,0.00228
0,-0.78869,-0.070776,-0.158336,0.077877,-0.109401,0.062862,0.00253,0.001235
0,-0.741265,-0.111317,0.066853,-0.015705,0.063468,0.024122,0.001702,0.001943
0,-0.9195,-0.284017,-0.158635,-0.162788,-0.155117,-0.137426,0.000804,0.00066
0,-0.802973,-0.235086,0.088006,0.061478,0.129499,0.073731,0.00278,0.001514
0,-0.630716,-0.092546,0.157081,0.123346,0.169439,0.13702,0.000227,0.001615
0,-0.515935,-0.131588,0.105988,-0.046113,0.085339,-0.039151,0.00223,0.002297
0,-0.298888,-0.125324,0.198104,-0.010474,0.2183,0.005892,0.000401,0.002187
0,-0.203033,-0.253278,0.109021,-0.099579,0.114731,-0.142563,0.000732,0.001197
0,-8.930596,-0.258637,-8.719831,0.022082,-8.725854,-0.018955,0.001422,0.001103
0,-9.091423,-0.307063,-0.132575,-0.071442,-0.088775,-0.058426,0.001385,0.000258
0,-8.855444,0.006864,0.263068,0.333077,0.297509,0.371091,0.002734,0.00012
0,-9.073257,-0.148743,-0.234889,-0.172332,-0.204813,-0.150489,0.001068,0.002596
0,-9.021601,-0.131356,0.032223,0.023412,0.020026,0.00719,0.000166,0.002293
0,-9.108891,-0.075163,-0.085863,0.050746,-0.036587,0.030685,0.00169,0.001312
0,-9.028351,-0.136394,0.098358,-0.06028,0.11449,-0.046686,0.000284,0.002381
0,-9.116548,-0.088158,-0.074296,0.029732,-0.113062,0.041197,0.001824,0.001539
0,-9.005989,0.010578,0.135448,0.115073,0.09942,0.146828,0.000106,0.000185
0,-8.87128,0.012601,0.137126,-0.015254,0.099359,-0.022387,0.002457,0.00022
0,-9.111629,-0.138923,-0.21715,-0.136372,-0.2585,-0.118766,0.001738,0.002425
0,-9.138172,0.0636,-0.011014,0.206512,-0.056029,0.228784,0.002201,0.00111
0,-8.962825,0.010416,0.164646,-0.074007,0.120747,-0.078947,0.000859,0.000182
0,-9.044309,0.035364,-0.091564,0.053447,-0.130701,0.101829,0.000563,0.000617
0,-8.902442,0.055434,0.156595,-0.007913,0.182584,-0.017155,0.001913,0.000967
0,-8.910001,0.080711,0.002806,0.053688,-0.00759,0.058307,0.001781,0.001409
0,-8.932872,0.006945,-0.035227,-0.094278,-0.06416,-0.137418,0.001382,0.000121
0,-8.930807,-0.120383,0.008024,-0.155436,0.026591,-0.203836,0.001418,0.002101
0,-8.914187,-0.146159,0.032078,-0.002402,0.047196,0.017384,0.001708,0.002551
0,-9.126808,0.043867,-0.182733,0.200059,-0.227723,0.232371,0.002003,0.000766
0,-9.086888,0.016632,0.035791,-0.034913,0.038865,-0.038036,0.001306,0.00029
0,-9.139136,-0.151292,-0.034574,-0.160413,-0.025446,-0.161408,0.002218,0.002641
0,-8.951041,-0.108782,0.159557,0.058948,0.143705,0.050365,0.001065,0.001899
0,-9.019194,0.118286,-0.064813,0.22309,-0.084051,0.189657,0.000124,0.002064
0,-8.961559,0.107239,0.065398,-0.038615,0.041122,-0.053786,0.000882,0.001872
0,-9.051935,-0.03309,-0.112518,-0.135106,-0.154578,-0.17316,0.000696,0.000578
0,-8.90073,0.057453,0.139312,0.087969,0.090331,0.05536,0.001943,0.001003
0,-9.00157,0.047054,-0.10944,-0.039617,-0.133146,-0.001763,0.000183,0.000821
0,-8.420525,-0.036231,0.607622,-0.067096,0.593114,-0.087526,0.000911,0.000632
0,-8.049945,-0.017638,0.347051,0.022825,0.337027,0.033519,6e-05,0.000308
0,-7.537183,0.008355,0.493553,0.051651,0.47357,0.014379,0.002346,0.000146
0,-7.207816,0.130322,0.324711,0.118256,0.331953,0.076116,0.002215,0.002275
0,-6.679099,0.010012,0.524938,-0.09134,0.540211,-0.060652,0.001395,0.000175
0,-6.299245,0.131109,0.393115,0.148776,0.349904,0.141458,0.002408,0.002288
0,-6.082066,-0.086983,0.236826,-0.221415,0.246884,-0.215424,0.000581,0.001518
0,-5.850433,0.070401,0.238985,0.181604,0.282333,0.198233,0.000994,0.001229
0,-5.640441,0.17402,0.234257,0.089224,0.252252,0.133084,0.002671,0.00258
0,-5.281908,0.101899,0.345705,-0.059919,0.348543,-0.015163,0.002307,0.001778
0,-5.008962,-0.053553,0.268185,-0.150007,0.243634,-0.103731,0.002457,0.000935
0,-4.595596,0.115022,0.434328,0.166661,0.481684,0.153123,0.001563,0.002008
0,-4.347188,-0.061,0.245082,-0.194031,0.280649,-0.198135,0.002772,0.001065
0,-4.374411,0.051832,-0.056365,0.114118,-0.025174,0.132404,0.002297,0.000905
0,-4.148895,-0.132061,0.197193,-0.154756,0.163894,-0.121697,0.000616,0.002305
0,-3.917714,-0.108347,0.202791,0.045344,0.165292,0.016174,0.000967,0.001891
0,-3.744272,0.132282,0.168969,0.240037,0.160436,0.271205,0.00206,0.002309
0,-3.264729,-0.088045,0.454709,-0.19318,0.478792,-0.212511,0.000805,0.001537
0,-3.208427,-0.015477,0.026863,0.046268,0.016636,0.029044,0.000177,0.00027
0,-3.181734,-0.04715,0.000444,-0.02718,0.037626,-0.029332,0.000643,0.000823
0,-2.797125,-0.104099,0.405367,-0.064034,0.445624,-0.041534,0.001068,0.001817
0,-2.853964,-0.07686,-0.032133,0.011025,-0.040997,0.015285,0.000746,0.001341
0,-2.843879,0.11253,0.03193,0.180779,0.029678,0.154934,0.000923,0.001964
0,-2.550185,-0.144288,0.265469,-0.268607,0.219255,-0.263792,0.000431,0.002518
0,-2.460282,-0.073928,0.083938,0.059852,0.118807,0.080741,0.002,0.00129
0,-2.483609,-0.074587,0.004951,-0.003005,0.035994,-0.020063,0.001593,0.001302
0,-2.249284,-0.10747,0.206916,-0.030905,0.254374,0.00745,6.5e-05,0.001876
0,-2.110484,0.005746,0.13205,0.092907,0.111657,0.142318,0.002488,0.0001
0,-1.956478,0.138277,0.145137,0.113885,0.169137,0.077554,0.000442,0.002413
0,-1.965886,0.085457,-0.032197,-0.053704,0.002245,-0.092887,0.000606,0.001492
0,-1.739325,0.159949,0.222602,0.088961,0.202787,0.114271,0.002269,0.002792
0,-1.879257,0.125152,-0.169409,-0.037813,-0.207918,-0.019737,0.000906,0.002184
0,-1.807501,-0.002317,0.070069,-0.114731,0.080763,-0.098281,0.002158,4e-05
0,-1.794563,-0.067746,0.01392,-0.072706,0.04294,-0.089968,0.002384,0.001182
0,-1.695171,0.024416,0.078689,0.101948,0.030867,0.075653,0.001499,0.000426
0,-1.56008,-0.1036,0.109521,-0.135192,0.112312,-0.110879,0.000859,0.001808
0,-1.478124,-0.001452,0.108229,0.091748,0.132271,0.102311,0.002289,2.5e-05
0,-1.257178,0.063596,0.218747,0.040764,0.209542,0.075062,0.000528,0.00111
0,-1.360629,-0.106203,-0.103378,-0.189755,-0.103109,-0.145454,0.001277,0.001854
0,-1.398933,0.038131,-0.044176,0.143387,-0.007864,0.176016,0.001946,0.000666
0,-1.246854,0.061302,0.122531,0.021911,0.106858,0.026575,0.000708,0.00107
0,-1.18853,0.142426,0.080859,0.06401,0.075133,0.025207,0.001726,0.002486
0,-0.916675,0.183922,0.251958,0.043985,0.286517,0.015823,0.000854,0.002407
0,-1.120489,-0.03994,-0.219513,-0.203749,-0.219717,-0.205749,0.002704,0.000697
0,-0.873455,0.053311,0.274411,0.117181,0.269852,0.155571,0.001608,0.00093
0,-0.948567,0.186047,-0.056967,0.107203,-0.076343,0.06948,0.000297,0.00237
0,-0.871089,0.179605,0.06896,-0.020037,0.10603,-0.034261,0.001649,0.002483
0,-0.912936,0.084119,-0.032498,-0.096928,-0.026061,-0.128038,0.000919,0.001468
0,-0.754702,-0.018654,0.159841,-0.081478,0.115282,-0.12191,0.001937,0.000326
0,-0.792406,0.000495,-0.008023,0.026616,-0.02813,-0.013086,0.002595,9e-06
0,-0.652725,0.086888,0.128542,0.083443,0.0852,0.060416,0.000157,0.001516
0,-0.856948,-0.133607,-0.220092,-0.191101,-0.192023,-0.168729,0.001896,0.002332
0,-0.716346,-0.068462,0.166763,0.05299,0.157795,0.009444,0.001268,0.001195
0,-0.629173,0.045799,0.09437,0.086462,0.084335,0.040104,0.000254,0.000799
0,-0.739331,-0.06239,-0.083802,-0.122345,-0.066263,-0.075256,0.001669,0.001089
0,-0.766876,0.059161,-0.033152,0.145371,-0.073057,0.123877,0.002149,0.001033
0,-0.630424,0.023251,0.123311,-0.047415,0.088623,-0.032557,0.000232,0.000406
0,-0.630018,0.065152,-0.022579,0.045888,-0.001284,0.062171,0.000239,0.001137
0,-0.442879,0.116135,0.174061,0.075639,0.162591,0.033922,0.002112,0.002027
0,-0.512569,-0.077239,-0.059161,-0.205349,-0.101204,-0.16366,0.002289,0.001348
0,-0.526516,0.032037,0.002549,0.093712,-0.031346,0.051053,0.002046,0.000559
0,-0.517487,-0.016235,-0.011286,-0.038524,0.008975,-0.045703,0.002203,0.000283
0,-0.511308,0.070655,0.004301,0.070839,0.00257,0.088016,0.002311,0.001233
0,-0.296932,-0.056773,0.24164,-0.150537,0.270205,-0.129541,0.000435,0.000991
0,-0.500168,-0.003746,-0.203649,0.066247,-0.192341,0.116093,0.002505,6.5e-05
0,-0.511884,-0.008181,0.011007,0.018623,-0.014863,-0.006036,0.002301,0.000143
0,-0.363447,-0.133295,0.164403,-0.124638,0.181411,-0.089532,0.000726,0.002326
0,-0.507485,0.043467,-0.146051,0.203233,-0.172836,0.234879,0.002378,0.000759
0,-0.421009,-0.01141,0.057232,-0.063038,0.012496,-0.044744,0.00173,0.000199
0,-0.335044,-0.110315,0.060501,-0.095044,0.073673,-0.061868,0.00023,0.001925
0,-0.432793,-0.057092,-0.084828,0.060543,-0.046522,0.080488,0.001936,0.000996
0,-0.22046,0.092521,0.202914,0.15595,0.22077,0.163172,0.00177,0.001615
0,-0.321173,-0.144068,-0.1089,-0.241565,-0.067324,-0.191589,1.2e-05,0.002514
0,-0.319693,-0.094899,-0.013971,0.045882,-0.058739,0.095308,3.8e-05,0.001656
0,-0.233661,0.029166,0.077787,0.099218,0.064953,0.11396,0.001539,0.000509
0,-0.119467,0.074432,0.097593,0.045783,0.070047,0.079393,0.002085,0.001299
0,-0.276786,-0.030557,-0.130793,-0.089881,-0.150545,-0.057505,0.000787,0.000533
0,-0.316632,-0.125446,-0.03632,-0.069877,-0.075163,-0.023701,9.1e-05,0.002189
0,-0.233666,0.078079,0.09523,0.174715,0.143477,0.144391,0.001539,0.001363
0,-0.063804,0.027746,0.183089,-0.059527,0.188847,-0.033923,0.001114,0.000484
0,-0.166882,0.109043,-0.082736,0.054714,-0.042697,0.078538,0.002705,0.001903
0,-0.067336,-0.094752,0.097957,-0.17951,0.122744,-0.146979,0.001175,0.001654
0,-0.155753,-0.069666,-0.090692,0.036943,-0.135218,0.086323,0.002718,0.001216
0,-0.225852,-0.141424,-0.078619,-0.056109,-0.069448,-0.037731,0.001676,0.002468
0,-0.176567,-0.032279,0.069547,0.091398,0.027377,0.102196,0.002536,0.000563
0,-0.285289,0.016126,-0.107048,0.071369,-0.114541,0.066961,0.000638,0.000281
0,-0.329697,0.011198,-0.074012,0.023146,-0.037715,0.039559,0.000137,0.000195
0,-0.142155,0.047261,0.163355,0.050896,0.207381,0.019836,0.002481,0.000825
0,-0.125556,-0.106292,0.024494,-0.124695,0.034157,-0.136877,0.002191,0.001855
0,-0.182227,-0.087298,-0.027961,0.003078,0.020135,0.018996,0.002437,0.001524
0,-0.217029,0.129825,-0.050275,0.211399,-0.04782,0.162418,0.00183,0.002266
0,-0.128008,0.165822,0.115682,0.012345,0.141844,-0.01428,0.002234,0.002723
0,0.013577,0.120198,0.159508,-0.041307,0.203264,-0.033288,0.000237,0.002098
0,0.014392,-0.002891,-0.001339,-0.134238,-0.002772,-0.122291,0.000251,5e-05
0,0.043301,-0.117983,0.009232,-0.094803,-0.031702,-0.13216,0.000756,0.002059
0,0.06911,0.116873,-0.002465,0.238536,0.038533,0.247172,0.001206,0.00204
0,-0.082129,-0.046616,-0.149211,-0.164209,-0.185917,-0.143587,0.001433,0.000814
0,-0.066824,-0.111003,0.018842,-0.070827,0.03309,-0.037661,0.001166,0.001937
0,0.101367,-0.083082,0.186673,0.028253,0.182015,0.050946,0.001769,0.00145
0,-0.088043,0.026682,-0.173353,0.08979,-0.137063,0.124598,0.001537,0.000466
0,-0.072686,0.120144,-0.000499,0.078067,0.031275,0.060125,0.001269,0.002097
0,-0.114897,0.020762,-0.033686,-0.07791,0.004295,-0.032761,0.002005,0.000362
0,-0.116515,-0.081712,-0.006823,-0.109831,0.033998,-0.125626,0.002034,0.001426
0,-0.072869,-0.132949,0.039771,-0.048745,0.02071,-0.095255,0.001272,0.00232
0,-0.154764,-0.088563,-0.068755,0.020587,-0.064166,0.037918,0.002701,0.001546
0,-0.051496,0.018386,0.122681,0.126505,0.123453,0.156002,0.000899,0.000321
0,-0.106715,0.066967,-0.028042,0.034277,-0.044073,0.013994,0.001863,0.001169
0,-0.01353,0.077676,0.102368,0.025249,0.058501,0.028254,0.000236,0.001356
0,0.069579,0.15474,0.068507,0.067773,0.065084,0.01813,0.001214,0.002701
0,0.011983,0.147307,-0.054934,0.019033,-0.084897,0.06537,0.000209,0.002571
0,0.090764,-0.123507,0.104992,-0.297035,0.134645,-0.341768,0.001584,0.002156
0,0.150054,-0.049394,0.042159,0.046396,0.043274,0.045009,0.002619,0.000862
0,-0.096969,0.108219,-0.253474,0.164535,-0.228506,0.204755,0.001692,0.001889
0,-0.132437,-0.118645,-0.051179,-0.226886,-0.10089,-0.201462,0.002311,0.002071
0,-0.03394,-0.104278,0.087722,0.036603,0.098014,0.067756,0.000592,0.00182
0,0.105359,-0.037451,0.136662,0.092147,0.139718,0.074658,0.001839,0.000654
0,-0.093769,-0.105055,-0.178519,-0.050817,-0.224667,-0.070835,0.001637,0.001834
0,0.096692,-0.07814,0.169099,0.002823,0.217413,0.048355,0.001688,0.001364
0,0.058947,0.020957,-0.055886,0.087839,-0.090374,0.044902,0.001029,0.000366
0,0.123185,-0.050336,0.037726,-0.054266,0.014942,-0.093714,0.00215,0.000879
0,-0.054259,-0.121928,-0.188754,-0.094993,-0.182505,-0.045165,0.000947,0.002128
0,-8.908113,-0.456429,-8.834636,-0.325827,-8.828742,-0.302327,0.001814,0.002349
0,-9.130099,-0.56666,-0.218542,-0.133792,-0.230736,-0.168104,0.00206,0.001345
0,-8.97925,-0.521325,0.153971,0.024923,0.11129,0.010377,0.000573,0.002136
0,-8.947141,-0.424359,0.033599,0.075849,0.061479,0.073405,0.001133,0.001789
0,-8.975635,-0.350095,-0.042962,0.095595,-0.033673,0.055629,0.000636,0.000493
0,-9.103738,-0.378013,-0.149726,-0.010033,-0.19287,9.5e-05,0.0016,0.00098
0,-9.114578,-0.162557,-0.04024,0.192021,-0.082705,0.160977,0.001789,0.00278
0,-8.974609,-0.102668,0.161473,0.035822,0.204979,0.078877,0.000654,0.001792
0,-8.862986,-0.253624,0.124496,-0.135955,0.11659,-0.161905,0.002602,0.001191
0,-8.920248,-0.005058,-0.052582,0.24884,-0.083188,0.230741,0.001603,8.8e-05
0,-9.11804,-0.107374,-0.180767,-0.085753,-0.219649,-0.12443,0.00185,0.001874
0,-9.106306,0.13932,0.035116,0.261993,0.019857,0.221551,0.001645,0.002432
0,-9.119059,-0.105235,-0.031674,-0.260273,-0.002728,-0.305569,0.001867,0.001837
0,-9.106978,0.096268,-0.009954,0.217484,0.011067,0.187831,0.001657,0.00168
0,-8.901709,0.050004,0.224095,-0.05567,0.176691,-0.099492,0.001926,0.000873
0,-8.911902,-0.10184,-0.007473,-0.131737,-0.020239,-0.154802,0.001748,0.001777
0,-8.989962,0.151429,-0.093637,0.22576,-0.067838,0.234609,0.000386,0.002643
0,-8.868438,-0.046536,0.095352,-0.217362,0.088935,-0.231483,0.002507,0.000812
0,-9.134161,0.149816,-0.281797,0.172812,-0.250565,0.178218,0.002131,0.002615
0,-8.95031,-0.029655,0.180364,-0.201096,0.156811,-0.249115,0.001078,0.000518
0,-8.963376,0.077145,-0.024623,0.128958,-0.031553,0.11639,0.00085,0.001346
0,-8.900807,0.04347,0.06284,-0.02958,0.018267,-0.032631,0.001942,0.000759
0,-9.106707,-0.065866,-0.200999,-0.081945,-0.154363,-0.046369,0.001652,0.00115
0,-8.929588,-0.099287,0.193019,-0.00811,0.17903,-0.045804,0.00144,0.001733
0,-8.442482,-0.015441,0.478332,0.104509,0.526314,0.069641,0.001294,0.000269
0,-8.078541,0.03513,0.36329,0.040378,0.405048,0.032705,0.000559,0.000613
0,-7.763108,0.002793,0.327002,-0.044475,0.311463,-0.064736,0.000672,4.9e-05
0,-7.320326,0.081233,0.422072,0.070884,0.420964,0.022892,0.001439,0.001418
0,-6.687758,-0.114672,0.621923,-0.184401,0.649596,-0.194046,0.001244,0.002001
0,-6.509023,0.071821,0.186851,0.166452,0.222803,0.166544,0.001254,0.001254
0,-6.081702,0.128052,0.411756,0.050539,0.401191,0.072447,0.000587,0.002235
0,-5.640872,0.127799,0.41847,0.006986,0.397484,0.014714,0.002663,0.002231
0,-5.565778,0.119332,0.057828,-0.034666,0.100973,-0.033865,0.001644,0.002083
0,-5.008166,0.094787,0.571771,-0.023349,0.610695,-0.027009,0.002471,0.001654
0,-4.98737,0.088108,0.049112,-0.03379,0.041914,-0.04833,0.002783,0.001538
0,-4.769534,0.077434,0.210685,-0.007171,0.169545,0.020472,0.001019,0.001351
0,-4.465786,-0.063017,0.295306,-0.129843,0.336678,-0.103774,0.002104,0.0011
0,-4.223367,-0.117473,0.226177,-0.040669,0.231607,-0.045522,0.000684,0.00205
0,-4.001534,-0.102231,0.213018,0.003479,0.202432,0.019205,0.00243,0.001784
0,-3.800762,-0.100736,0.22328,-0.000216,0.204919,-0.006496,0.001074,0.001758
0,-3.545863,-0.007671,0.278308,0.090552,0.241278,0.110661,9.4e-05,0.000134
0,-3.158374,0.108343,0.390041,0.114727,0.418964,0.156766,0.001051,0.001891
0,-3.041171,-0.133337,0.129789,-0.221094,0.161053,-0.229582,0.002521,0.002327
0,-2.959759,0.100076,0.093914,0.240953,0.077839,0.228166,0.0011,0.001747
0,-2.92439,-0.050967,0.006419,-0.176655,0.017609,-0.194138,0.000483,0.00089
0,-2.640769,0.157367,0.287526,0.213614,0.30699,0.183429,0.00115,0.002747
0,-2.431196,-0.076126,0.238691,-0.234654,0.200182,-0.250223,0.002508,0.001329
0,-2.559114,0.092505,-0.107494,0.145055,-0.105241,0.120639,0.000275,0.001615
0,-2.431392,-0.043617,0.099289,-0.153903,0.094215,-0.199153,0.002504,0.000761
0,-2.238975,-0.024434,0.218461,0.029173,0.201521,0.074646,0.000245,0.000426
0,-1.989876,0.087403,0.269861,0.130229,0.254774,0.092046,0.001025,0.001525
0,-2.00882,0.158026,0.002863,0.096945,0.042273,0.13951,0.001355,0.002758
0,-1.786855,0.077096,0.207132,-0.084196,0.224643,-0.047147,0.002519,0.001346
0,-1.73896,0.065163,0.028155,-0.019924,0.026347,-0.068128,0.002263,0.001137
0,-1.707839,-0.058092,0.005404,-0.137516,0.020756,-0.170485,0.00172,0.001014
0,-1.557751,0.055096,0.134667,0.094168,0.170007,0.127303,0.0009,0.000962
0,-1.422738,0.062374,0.148953,0.008633,0.131959,-0.015531,0.002361,0.001089
0,-1.282776,0.137587,0.12408,0.088415,0.103959,0.12773,8.1e-05,0.002401
0,-1.177619,0.182288,0.124452,0.064077,0.145947,0.047979,0.001917,0.002436
0,-1.356178,0.119053,-0.202494,-0.072961,-0.225484,-0.067337,0.0012,0.002078
0,-1.263634,0.143738,0.080873,0.034207,0.111383,0.003277,0.000415,0.002509
0,-1.135847,-0.077592,0.154181,-0.227112,0.158258,-0.263884,0.002646,0.001354
0,-1.032232,0.171336,0.09225,0.264672,0.134538,0.227126,0.001163,0.002627
0,-1.129361,-0.02094,-0.091959,-0.184449,-0.124701,-0.157915,0.002759,0.000365
0,-1.012461,0.134703,0.143691,0.148393,0.146788,0.172403,0.000818,0.002351
0,-0.953879,0.078569,0.06256,-0.052026,0.102738,-0.097741,0.000204,0.001371
0,-1.082124,0.018825,-0.149795,-0.089115,-0.144564,-0.127415,0.002034,0.000329
0,-0.811221,0.133268,0.248864,0.103351,0.278158,0.092894,0.002694,0.002326
0,-0.720968,-0.084142,0.085157,-0.209904,0.058787,-0.17638,0.001348,0.001469
0,-0.798227,0.090838,-0.057264,0.200032,-0.025044,0.222248,0.002697,0.001585
0,-0.748815,-0.050484,0.077229,-0.143851,0.102373,-0.178049,0.001834,0.000881
0,-0.788021,-0.176605,-0.021149,-0.108396,-0.019911,-0.075366,0.002519,0.002535
0,-0.672699,-0.17976,0.108944,0.011035,0.113316,-0.019382,0.000506,0.00248
0,-0.615618,-0.170732,0.048222,-0.020701,0.019929,-0.067367,0.00049,0.002638
0,-0.660816,-0.141697,-0.039705,0.005965,-0.005859,-0.010481,0.000298,0.002473
0,-0.637329,-0.015875,0.030097,0.097768,0.01435,0.086645,0.000112,0.000277
0,-0.485142,0.090232,0.144735,0.078943,0.10336,0.028996,0.002768,0.001575
0,-0.500483,0.084524,-0.012096,-0.031666,0.025295,-0.045332,0.0025,0.001475
0,-0.424448,0.105663,0.068958,-0.006015,0.066795,0.033143,0.001791,0.001844
0,-0.255288,-0.067834,0.153569,-0.149642,0.156876,-0.190206,0.001162,0.001184
0,-0.287365,-0.034502,-0.024937,0.009723,0.008651,-0.028746,0.000602,0.000602
0,-0.492111,-0.088915,-0.194363,-0.083292,-0.191984,-0.087932,0.002646,0.001552
0,-0.354682,0.004017,0.166526,0.063431,0.124386,0.029479,0.000573,7e-05
0,-0.420895,0.016861,-0.076594,0.027299,-0.082039,0.000746,0.001728,0.000294
0,-0.359458,-0.204562,0.036399,-0.208138,0.044169,-0.186009,0.000656,0.002047
0,-0.394825,0.042769,-0.04598,0.21849,-0.044714,0.193426,0.001273,0.000746
0,-0.075445,0.039283,0.319257,-0.02452,0.29523,-0.055794,0.001317,0.000686
0,-0.157223,-0.123934,-0.08386,-0.184891,-0.044483,-0.209817,0.002744,0.002163
0,-0.055766,-0.127038,0.09467,-0.012267,0.056219,-0.0414,0.000973,0.002217
0,-0.15545,-0.078271,-0.073534,0.047917,-0.110697,0.008623,0.002713,0.001366
0,-0.163191,-0.128019,-0.010807,-0.036012,-0.016672,-0.050182,0.002769,0.002234
0,-0.041538,-0.030552,0.130538,0.072176,0.174363,0.052518,0.000725,0.000533
0,-0.167341,-0.242511,-0.134808,-0.232248,-0.148324,-0.281,0.002697,0.001385
0,0.015958,-0.099006,0.153673,0.114919,0.113358,0.072424,0.000279,0.001728
0,0.051968,-0.16185,0.015765,-0.074636,0.032095,-0.096716,0.000907,0.002793
0,0.0267,-0.036462,-0.020817,0.146886,0.014119,0.196478,0.000466,0.000636
0,-0.120523,-0.238621,-0.149905,-0.19065,-0.176375,-0.152398,0.002104,0.001453
0,-0.074992,-0.143322,0.056069,0.066688,0.069164,0.033349,0.001309,0.002501
0,-0.225001,-0.052375,-0.152162,0.102762,-0.191555,0.060692,0.00169,0.000914
0,-0.116461,-0.142546,0.114411,-0.071854,0.144673,-0.104602,0.002033,0.002488
0,-0.076407,0.038381,0.02698,0.19049,0.0092,0.213466,0.001334,0.00067
0,-0.148878,-0.096536,-0.098779,-0.105106,-0.067199,-0.147672,0.002598,0.001685
0,-0.000838,0.023113,0.17668,0.123868,0.13674,0.113243,1.5e-05,0.000403
0,-0.040158,0.034271,-0.058304,0.010386,-0.040499,-0.012486,0.000701,0.000598
0,-0.234023,-0.024722,-0.190345,-0.077516,-0.165329,-0.05233,0.001533,0.000431
0,-0.130203,-0.018122,0.107362,0.033621,0.093351,-0.008776,0.002272,0.000316
0,-0.033036,0.120958,0.112389,0.166505,0.086082,0.204808,0.000577,0.002111
0,0.014754,0.045235,0.03533,-0.050538,0.000698,-0.002229,0.000258,0.00079
0,-0.097117,0.129231,-0.128537,0.093239,-0.096071,0.126165,0.001695,0.002256
0,0.128203,-0.002543,0.222003,-0.126655,0.206479,-0.173627,0.002238,4.4e-05
0,0.062502,-0.093507,-0.039766,-0.081233,-0.086098,-0.06368,0.001091,0.001632
0,0.059934,-0.046942,-0.013292,0.071118,-0.020646,0.058738,0.001046,0.000819
0,-0.072682,-0.05746,-0.131909,-0.034322,-0.149115,-0.006723,0.001269,0.001003
0,-0.021481,-0.144297,0.021736,-0.065966,-0.015505,-0.106533,0.000375,0.002518
0,-0.013143,-0.083466,0.010294,0.056247,0.015088,0.056162,0.000229,0.001457
0,-0.069868,0.040444,-0.038651,0.133185,-0.081387,0.100798,0.001219,0.000706
0,-0.039827,-0.130425,0.029473,-0.143743,0.052739,-0.167091,0.000695,0.002276
0,0.091636,-0.163483,0.148034,-0.006248,0.120025,-0.02833,0.001599,0.002764
0,-0.036262,-0.094313,-0.11767,0.080613,-0.138053,0.045834,0.000633,0.001646
0,-0.073732,-0.135574,-0.067462,-0.063824,-0.034695,-0.076931,0.001287,0.002366
0,-0.102011,0.124879,-0.01885,0.27822,0.015608,0.268683,0.00178,0.00218
0,-0.017475,0.07153,0.075085,-0.02672,0.074506,-0.072337,0.000305,0.001248
0,-0.131673,-0.015757,-0.125825,-0.093811,-0.17452,-0.047321,0.002298,0.000275
0,-0.062078,-0.164248,0.081293,-0.147238,0.031443,-0.107745,0.001083,0.002751
0,-0.090066,0.034192,-0.038489,0.173659,-0.008408,0.209498,0.001572,0.002106
0,-0.158844,0.050309,-0.054314,-0.002768,-0.090033,-0.043002,0.002772,0.002106
0,-0.007832,-0.072062,0.148016,-0.098124,0.154074,-0.135937,0.000137,0.002106
0,0.105205,-0.105902,0.0923,-0.061986,0.073486,-0.094038,0.001836,0.002106
0,0.099792,0.106196,0.018603,0.212313,0.014416,0.188612,0.001742,0.002106
0,-0.092797,0.004523,-0.171026,-0.115418,-0.168657,-0.121952,0.00162,0.002106
0,0.032061,-0.125306,0.139855,-0.132425,0.11166,-0.10846,0.00056,0.002106
0,-0.142941,0.088074,-0.170493,0.232901,-0.186743,0.236414,0.002495,0.002106
0,0.027083,0.081465,0.190575,-0.007747,0.158376,-0.052956,0.000473,0.002106
0,-0.030366,-0.140743,-0.031278,-0.236863,-0.018363,-0.277184,0.00053,0.002106
0,-0.112274,-0.069164,-0.100875,0.076215,-0.069635,0.064136,0.00196,0.002106
0,-0.020916,-0.044443,0.087567,0.048956,0.048055,0.042075,0.000365,0.002106
0,-0.227933,-0.075059,-0.186941,-0.060052,-0.19811,-0.058686,0.001639,0.002106
0,0.040401,0.020785,0.273811,0.114354,0.264128,0.067889,0.000705,0.002106
0,-0.069246,0.119152,-0.121838,0.089214,-0.111504,0.095895,0.001209,0.002106
0,-0.166632,-0.058225,-0.119372,-0.192239,-0.162663,-0.148657,0.002709,0.002106
0,-0.010328,0.103315,0.158262,0.150297,0.146859,0.13176,0.00018,0.002106
0,-0.196672,-0.007304,-0.169648,-0.136501,-0.132397,-0.153401,0.002185,0.002106
0,-0.050675,-0.118336,0.159463,-0.135956,0.179082,-0.104897,0.000884,0.002106
0,0.021426,0.025373,0.09154,0.127873,0.041718,0.161361,0.000374,0.002106
0,0.077859,-0.010372,0.042889,-0.053172,0.001206,-0.051939,0.001359,0.002106
0,-0.047598,0.142764,-0.133549,0.155743,-0.122824,0.152014,0.000831,0.002492
0,-0.04415,-0.056964,-0.003773,-0.18197,-0.051109,-0.196013,0.000771,0.002106
0,0.023926,0.0335,0.093627,0.102479,0.133149,0.15122,0.000418,0.002106
0,-0.025797,-0.002434,-0.075627,-0.013526,-0.049514,-0.017488,0.00045,0.002106
0,-0.128429,0.113078,-0.123616,0.092896,-0.132254,0.101073,0.002242,0.002106
0,0.161349,0.019697,0.288129,-0.086603,0.321542,-0.083305,0.002801,0.002106
0,0.03144,-0.089144,-0.149447,-0.086591,-0.13759,-0.053089,0.000549,0.002106
0,-0.130819,0.01934,-0.153081,0.109795,-0.191076,0.073464,0.002283,0.002106
0,-0.093094,0.13457,0.008098,0.10107,-0.014262,0.107741,0.001625,0.002349
0,0.043037,0.004419,0.120917,-0.106228,0.117099,-0.13732,0.000751,0.002106
0,0.140611,-0.02231,0.070981,-0.044679,0.054915,-0.057591,0.002454,0.002106
0,0.144391,0.068588,0.028678,0.064913,0.052351,0.054184,0.00252,0.002106
0,0.116183,0.144926,-0.040614,0.08689,-0.044557,0.056401,0.002028,0.002529
0,0.07548,0.083117,-0.051632,-0.048926,-0.055828,-0.042903,0.001317,0.002106
0,-0.050193,0.193147,-0.121553,0.113921,-0.096317,0.079098,0.000876,0.002246
0,-0.008017,0.199556,0.056821,0.009966,0.038983,-0.037015,0.00014,0.002135
0,0.029983,-0.066697,0.054339,-0.294463,0.033791,-0.341311,0.000523,0.001164
0,0.08828,0.086438,0.059903,0.126609,0.07177,0.078304,0.001541,0.001509
0,-0.115501,0.190991,-0.209041,0.07722,-0.197595,0.042531,0.002016,0.002284
0,0.047112,-0.008207,0.184446,-0.181523,0.19206,-0.170622,0.000822,0.000143
0,0.044726,0.117079,-0.01254,0.099434,-0.025014,0.070393,0.000781,0.002043
0,0.04686,0.063585,-0.001739,-0.035862,-0.049776,-0.048678,0.000818,0.00111
0,-0.010678,0.107134,-0.077811,0.028367,-0.048565,0.004257,0.000186,0.00187
0,-0.08242,0.01766,-0.048985,-0.094346,-0.06387,-0.058022,0.001439,0.000308
0,-0.080595,0.119831,-0.005833,0.108131,-0.034682,0.131656,0.001407,0.002091
0,-0.020628,-0.07676,0.044701,-0.184382,0.05006,-0.185038,0.00036,0.00134
0,-0.028605,0.021718,0.000613,0.113081,0.011961,0.107665,0.000499,0.000379
0,0.071248,-0.107755,0.073048,-0.112064,0.068033,-0.102133,0.001244,0.001881
0,-0.020957,0.058018,-0.065889,0.153387,-0.062942,0.202139,0.000366,0.001013
0,-0.077179,0.020928,-0.056421,-0.058586,-0.013804,-0.094402,0.001347,0.000365
0,0.015002,-0.07303,0.108684,-0.119406,0.149327,-0.121119,0.000262,0.001275
0,-0.101761,0.004521,-0.120035,0.054381,-0.169561,0.008205,0.001776,7.9e-05
0,-0.020776,0.137704,0.110034,0.14723,0.134162,0.113039,0.000363,0.002403
0,0.077618,0.15873,0.099107,0.010145,0.121386,-0.02845,0.001355,0.00277
0,0.063904,0.187153,0.014702,0.024224,0.056759,0.039347,0.001115,0.002351
0,-0.10618,0.134872,-0.197503,-0.047279,-0.226938,-0.014878,0.001853,0.002354
0,-0.104266,-0.016379,-0.003044,-0.179996,-0.012921,-0.136455,0.00182,0.000286
0,-0.111193,0.174812,-0.030731,0.180607,0.000122,0.138216,0.001941,0.002566
0,0.210723,-0.097486,0.341714,-0.261089,0.32158,-0.28971,0.00194,0.001701
0,-0.068422,-0.08864,-0.279937,0.006299,-0.230575,-0.006754,0.001194,0.001547
0,-0.114067,0.092341,-0.02073,0.174544,-0.060358,0.150904,0.001991,0.001612
0,-0.03204,0.084054,0.094284,-0.021037,0.107752,-0.066074,0.000559,0.001467
0,0.063256,0.154453,0.122139,0.096874,0.168266,0.137421,0.001104,0.002696
0,-0.124327,0.103848,-0.182137,-0.071956,-0.200281,-0.078301,0.00217,0.001812
0,-0.014008,-0.121136,0.127582,-0.218653,0.0824,-0.226643,0.000244,0.002114
0,-0.023255,-0.024586,-0.014641,0.113893,-0.015837,0.118662,0.000406,0.000429
0,-0.135639,0.128243,-0.110401,0.18129,-0.154067,0.177974,0.002367,0.002238
0,-0.198647,0.123656,-0.081674,-3.8e-05,-0.097397,0.014673,0.00215,0.002158
0,0.042753,0.033891,0.269061,-0.070742,0.268545,-0.04634,0.000746,0.000592
0,-0.178926,0.20229,-0.198128,0.16429,-0.236169,0.141193,0.002495,0.002087
0,0.063778,-0.062306,0.217273,-0.276048,0.247421,-0.267299,0.001113,0.001087
0,-0.17429,0.092964,-0.221394,0.169777,-0.198114,0.182347,0.002576,0.001623
0,-0.188866,-0.064717,-0.031042,-0.151778,0.007132,-0.129313,0.002321,0.00113
0,-0.00435,0.04336,0.211019,0.137221,0.205151,0.116878,7.6e-05,0.000757
0,-0.088064,-0.126472,-0.056183,-0.181891,-0.039671,-0.156991,0.001537,0.002207
0,-0.016671,0.121432,0.096213,0.229424,0.126806,0.183146,0.000291,0.002119
0,-0.085034,0.122351,-0.058525,-0.02433,-0.045283,-0.019742,0.001484,0.002135
0,-0.018204,0.004799,0.045993,-0.145129,0.062156,-0.118485,0.000318,8.4e-05
0,-0.174099,0.091955,-0.15963,0.090802,-0.137328,0.081333,0.002579,0.001605
0,0.119135,0.114617,0.294986,0.027432,0.268486,0.042798,0.002079,0.002
0,0.104076,0.014955,-0.043326,-0.100279,0.003589,-0.150169,0.001816,0.000261
0,0.090895,-0.122608,0.004642,-0.137052,-0.029555,-0.152487,0.001586,0.00214
0,0.13272,-0.026727,0.039307,0.090372,0.028767,0.11431,0.002316,0.000466
0,-0.055202,-0.080876,-0.193777,-0.083307,-0.200888,-0.056701,0.000963,0.001412
0,-0.073813,-0.095068,-0.019933,-0.007037,-0.060896,0.039146,0.001288,0.001659
0,-0.044449,-0.133252,0.029227,-0.042858,0.039739,-0.017116,0.000776,0.002326
0,-9.047326,0.691345,-9.026355,0.797337,-9.031246,0.802715,0.000615,0.000831
0,-8.944601,0.802914,0.079972,0.118146,0.128522,0.075797,0.001177,0.002778
0,-9.020229,1.045227,-0.093001,0.251723,-0.060569,0.238799,0.000142,0.00139
0,-9.136891,0.679851,-0.12766,-0.35365,-0.085989,-0.309386,0.002179,0.000631
0,-9.12166,0.864315,0.043702,0.198068,0.066279,0.214599,0.001913,0.001767
0,-8.976988,0.701062,0.144536,-0.187408,0.154438,-0.166591,0.000612,0.001001
0,-9.002234,0.604207,-0.01978,-0.095471,0.005312,-0.109914,0.000172,0.00069
0,-8.934533,0.471673,0.086398,-0.149518,0.11703,-0.163649,0.001353,0.002615
0,-9.136212,0.286295,-0.193431,-0.205137,-0.208055,-0.231633,0.002167,0.000621
0,-8.979057,0.366113,0.153922,0.076959,0.174356,0.049865,0.000576,0.000772
0,-9.121982,0.062955,-0.172106,-0.325956,-0.19671,-0.359986,0.001918,0.001099
0,-8.990058,0.047787,0.102731,-0.002161,0.109112,0.001187,0.000384,0.000834
0,-9.020293,0.193799,-0.015369,0.133079,-0.023723,0.115682,0.000144,0.002235
0,-9.018892,-0.057901,0.010955,-0.250004,0.043617,-0.205656,0.000119,0.001011
0,-9.106487,-0.071105,-0.086104,-0.019647,-0.043876,0.006084,0.001648,0.001241
0,-9.000797,-0.13673,0.128868,-0.091606,0.104405,-0.087757,0.000197,0.002386
0,-8.912915,-0.044635,0.068391,0.116008,0.081996,0.111886,0.001731,0.000779
0,-9.109594,0.013463,-0.172216,0.070071,-0.173673,0.053087,0.001702,0.000235
0,-8.896351,-0.151489,0.226659,-0.163578,0.187758,-0.173518,0.00202,0.002644
0,-9.018554,-0.129935,-0.095584,0.000622,-0.090854,-0.001714,0.000113,0.002268
0,-9.102955,0.05255,-0.096676,0.179441,-0.057987,0.186558,0.001586,0.000917
0,-9.102574,-0.190326,0.015938,-0.250836,0.010094,-0.299947,0.00158,0.002296
0,-8.879717,0.015052,0.226238,0.205548,0.238567,0.163722,0.00231,0.000263
0,-9.014218,0.086635,-0.114002,0.048861,-0.136433,0.01109,3.8e-05,0.001512
0,-9.076442,0.113248,-0.056255,0.004972,-0.015022,0.026029,0.001124,0.001977
0,-9.010856,-0.141311,0.06698,-0.281699,0.033164,-0.305009,2.1e-05,0.002466
0,-8.495145,-0.002968,0.503551,0.138116,0.51925,0.185964,0.002213,5.2e-05
0,-8.022142,0.110596,0.453757,0.14091,0.419729,0.180294,0.000425,0.00193
0,-7.538112,-0.134382,0.464553,-0.226534,0.489486,-0.185407,0.002362,0.002345
0,-7.085189,-0.124625,0.475518,-0.000957,0.464369,0.018701,7.5e-05,0.002175
0,-6.872448,-0.163217,0.237925,-0.066404,0.2872,-0.058558,0.001979,0.002769
0,-6.365777,0.055351,0.527837,0.204317,0.499987,0.170689,0.001246,0.000966
0,-6.047847,-0.109898,0.295778,-0.138448,0.293547,-0.124778,0.001628,0.001918
0,-5.677271,0.089631,0.362141,0.223215,0.383981,0.234346,0.002028,0.001564
0,-5.513698,0.033412,0.159668,-0.062755,0.113149,-0.106659,0.000735,0.000583
0,-5.059127,-0.132596,0.466588,-0.191608,0.494159,-0.160013,0.001582,0.002314
0,-4.989275,-0.120173,0.088114,0.037608,0.134755,0.075224,0.002801,0.002097
0,-4.575854,-0.024474,0.413724,0.108358,0.396438,0.157415,0.001219,0.000427
0,-4.397504,0.068425,0.150858,0.117447,0.184207,0.11741,0.001894,0.001194
0,-3.979019,0.037559,0.413465,-0.059258,0.426545,-0.081054,0.002037,0.000656
0,-3.845034,-0.068977,0.144769,-0.116866,0.153076,-0.162691,0.000302,0.001204
0,-3.635146,0.054137,0.228697,0.097015,0.211996,0.090981,0.001653,0.000945
0,-3.575363,-0.030305,0.073286,-0.068143,0.029074,-0.083309,0.000609,0.000529
0,-3.290167,0.006362,0.294657,0.034117,0.330363,0.03087,0.001249,0.000111
0,-2.988461,-0.146426,0.279951,-0.132906,0.281561,-0.15917,0.001601,0.002556
0,-3.00301,-0.130438,0.007415,0.032223,-0.034913,0.039281,0.001855,0.002277
0,-2.829926,-0.1607,0.184731,-0.031492,0.195998,-0.079143,0.001166,0.002805
0,-2.488574,0.009019,0.363316,0.149621,0.367396,0.178,0.001506,0.000157
0,-2.590693,0.086145,-0.115674,0.054842,-0.161435,0.101293,0.000276,0.001504
0,-2.348183,-0.134783,0.239658,-0.250867,0.211532,-0.23921,0.001661,0.002352
0,-2.214589,0.121346,0.134047,0.276616,0.12098,0.254634,0.000671,0.002118
0,-1.904158,0.11577,0.306352,0.013364,0.353957,-0.03536,0.000471,0.002021
0,-1.888037,0.037696,0.040209,-0.080882,0.01584,-0.069466,0.000753,0.000658
0,-2.018827,-0.051523,-0.120833,-0.1116,-0.167896,-0.143845,0.00153,0.000899
0,-1.784479,0.001239,0.243319,0.029073,0.207479,0.052343,0.00256,2.2e-05
0,-1.749795,0.065168,0.0446,0.06824,0.043454,0.105525,0.002452,0.001137
0,-1.704078,-0.063927,0.033172,-0.119816,0.057373,-0.12275,0.001654,0.001116
0,-1.378386,-0.129122,0.312002,-0.058067,0.291269,-0.079255,0.001587,0.002254
0,-1.262083,0.063679,0.103394,0.171732,0.152184,0.173079,0.000443,0.001111
0,-1.194719,0.009418,0.073798,-0.070879,0.095444,-0.07837,0.001618,0.000164
0,-1.095791,-0.059617,0.069137,-0.069634,0.054197,-0.087995,0.002273,0.001041
0,-1.152619,-0.109843,-0.031605,-0.062804,-0.081553,-0.103602,0.002353,0.001917
0,-1.044457,0.126611,0.131508,0.256728,0.127088,0.293098,0.001377,0.00221
0,-1.101448,-0.142307,-0.053467,-0.267129,-0.018906,-0.294895,0.002371,0.002484
0,-1.173964,-0.102776,-0.092246,0.056624,-0.098155,0.013895,0.00198,0.001794
0,-1.031649,0.142007,0.116347,0.27075,0.089887,0.268589,0.001153,0.002478
0,-1.009456,-0.039791,0.037557,-0.160961,0.056502,-0.144278,0.000766,0.000694
0,-0.999682,0.079759,0.006237,0.105358,-0.041808,0.089437,0.000595,0.001392
0,-0.955966,0.074185,0.017874,0.009799,-0.017404,0.05793,0.000168,0.001295
0,-0.918228,0.046813,0.041219,-0.048782,0.053009,-0.063378,0.000826,0.000817
0,-0.814828,0.148489,0.13046,0.112351,0.128933,0.069357,0.002631,0.002592
0,-0.850281,-0.076147,-0.057983,-0.236468,-0.104057,-0.284018,0.002012,0.001329
0,-0.754024,0.026114,0.072114,0.130751,0.083701,0.171098,0.001925,0.000456
0,-0.69656,0.027518,0.031854,0.003789,0.011881,-0.018784,0.000922,0.00048
0,-0.64132,-0.101052,0.03016,-0.117633,0.062047,-0.079998,4.2e-05,0.001764
0,-0.550446,0.000309,0.118793,0.123126,0.149681,0.123823,0.001628,5e-06
0,-0.515384,0.090559,0.037369,0.079745,0.030977,0.037079,0.00224,0.001581
0,-0.565133,-0.085658,-0.040506,-0.162434,-0.033741,-0.118075,0.001372,0.001495
0,-0.542968,0.158825,-0.001374,0.264726,0.038987,0.272889,0.001758,0.002772
0,-0.585802,0.100122,-0.036169,-0.064259,-0.069008,-0.076001,0.001011,0.001747
0,-0.526844,0.199024,0.067849,0.107044,0.056221,0.124613,0.00204,0.002144
0,-8.977953,-0.00489,-8.450036,-0.200497,-8.43581,-0.15248,0.000595,8.5e-05
0,-8.943086,-0.665175,0.03143,-0.633212,0.014107,-0.662128,0.001204,0.000374
0,-9.091951,-0.764546,-0.14635,-0.121369,-0.196236,-0.078585,0.001394,0.002109
0,-9.087087,-0.646186,0.010074,0.094659,0.020817,0.084854,0.001309,4.3e-05
0,-8.915366,-0.656392,0.186415,0.004921,0.161798,0.026507,0.001688,0.000221
0,-8.905097,-0.49554,0.004829,0.186918,0.015765,0.192131,0.001867,0.002586
0,-9.064743,-0.304512,-0.141926,0.217153,-0.124571,0.226856,0.000919,0.000303
0,-9.015435,-0.246716,0.043823,0.061522,0.049427,0.046536,5.9e-05,0.001312
0,-8.961855,-0.235752,0.040091,0.00755,0.055571,0.016689,0.000876,0.001503
0,-8.914002,-0.062231,0.0447,0.184957,0.041657,0.184214,0.001712,0.001086
0,-9.038246,0.015796,-0.140911,0.089664,-0.096753,0.057586,0.000457,0.000276
0,-9.114769,1.147802,-0.102281,1.156452,-0.068511,1.171695,0.001792,0.002437
0,-9.003495,1.657782,0.088086,0.511683,0.038756,0.478813,0.00015,0.000846
0,-9.081739,2.293862,-0.081582,0.660628,-0.103879,0.643878,0.001216,0.000713
0,-9.072703,2.03933,-0.003655,-0.261396,-0.052526,-0.3044,0.001058,0.001888
0,-9.016521,1.8787,0.076241,-0.186875,0.034072,-0.137349,7.8e-05,0.000916
0,-8.999076,1.705152,-0.010445,-0.167637,-0.05917,-0.200724,0.000227,0.001673
0,-9.125906,1.055448,-0.10305,-0.657485,-0.151424,-0.693038,0.001987,0.001569
0,-9.069259,0.936568,0.061305,-0.123086,0.078118,-0.119709,0.000998,0.000506
0,-9.014594,0.3723,0.079762,-0.54404,0.110089,-0.526204,4.4e-05,0.00088
0,-8.947265,0.158668,0.046805,-0.192284,0.062353,-0.241447,0.001131,0.002769
0,-8.859085,0.051182,0.08726,-0.130217,0.121645,-0.142746,0.00267,0.000893
0,-9.016778,-0.173649,-0.142045,-0.21386,-0.164327,-0.194148,8.2e-05,0.002587
0,-9.061275,-0.343664,-0.038308,-0.186667,-0.010338,-0.201585,0.000859,0.000381
0,-7.71439,-0.240582,1.344695,0.092808,1.311931,0.065414,0.000179,0.001419
0,-8.878633,-0.102961,-1.192774,0.120746,-1.163788,0.090154,0.002329,0.001797
0,-7.634899,-0.309914,1.237799,-0.178291,1.250861,-0.193527,0.001566,0.000208
0,-6.278822,-0.070923,1.328396,0.23971,1.301298,0.196993,0.002764,0.001238
0,-4.725229,0.005623,1.567525,0.087771,1.588633,0.054565,0.001792,9.8e-05
0,-3.120299,-0.198182,1.604459,-0.204912,1.61342,-0.162235,0.001091,0.002159
0,-8.875222,-0.075713,-5.772317,0.128314,-5.742166,0.152032,0.002388,0.001321
0,-9.021807,0.070835,-0.16245,0.167734,-0.184913,0.179661,0.00017,0.001236
0,-9.099242,0.019342,-0.067654,-0.069152,-0.116752,-0.11907,0.001521,0.000338
0,-9.008626,-0.142694,0.063355,-0.142089,0.046007,-0.174353,6e-05,0.00249
0,-9.134243,0.086957,-0.129669,0.246248,-0.147938,0.25831,0.002132,0.001518
0,-8.965851,-0.082353,0.178172,-0.169439,0.147588,-0.167829,0.000807,0.001437
0,-9.022322,0.057077,-0.068948,0.11324,-0.037892,0.123521,0.000179,0.000996
0,-8.929442,0.063593,0.093907,0.033364,0.079232,0.072733,0.001442,0.00111
0,-8.598861,0.153137,0.310303,0.111982,0.29407,0.071625,0.001594,0.002673
0,-7.997411,0.064423,0.590913,-0.061999,0.556949,-0.080947,0.000857,0.001124
0,-7.73229,0.067991,0.282351,0.029974,0.277611,-0.008803,0.000134,0.001187
0,-7.234958,0.056919,0.514933,0.00062,0.472203,0.037014,0.002689,0.000993
0,-6.746731,-0.070546,0.516949,-0.152522,0.467513,-0.144312,0.000215,0.001231
0,-6.448246,-0.069047,0.305957,-0.027877,0.266445,-0.057099,0.000193,0.001205
0,-6.077633,0.111721,0.398925,0.202935,0.3504,0.215603,0.000658,0.00195
0,-5.717923,0.020811,0.383928,-0.087418,0.343433,-0.135939,0.001319,0.000363
0,-5.363299,0.050258,0.36936,0.034436,0.333419,0.022602,0.00189,0.000877
0,-5.041156,-0.093699,0.294302,-0.165693,0.297688,-0.19591,0.001895,0.001635
0,-4.740333,-0.144391,0.280789,-0.046513,0.247306,-0.079077,0.001528,0.00252
0,-4.615744,0.042324,0.110243,0.191496,0.111274,0.218345,0.001915,0.000739
0,-4.340646,-0.093345,0.283634,-0.106222,0.30169,-0.14686,0.002731,0.001629
0,-4.212703,0.138527,0.145359,0.219524,0.175633,0.248187,0.000498,0.002418
0,-4.011526,0.129298,0.218138,-0.005766,0.188255,0.031985,0.002604,0.002257
0,-3.579151,0.044573,0.410188,-0.065166,0.403728,-0.037253,0.000675,0.000778
0,-3.537343,0.149695,0.044138,0.120062,-0.002685,0.155328,5.4e-05,0.002613
0,-3.309601,0.109187,0.224382,-0.011073,0.226425,0.035578,0.001588,0.001906
0,-3.254321,-0.03473,0.075489,-0.129384,0.065924,-0.101988,0.000624,0.000606
0,-3.008335,-0.14651,0.257591,-0.13718,0.243433,-0.157863,0.001948,0.002557
0,-2.747094,-0.024139,0.26518,0.124514,0.297856,0.117753,0.002612,0.000421
0,-2.692949,0.020546,0.026902,0.017616,0.012088,0.040683,0.002061,0.000359
0,-2.37585,-0.031182,0.320685,-0.055626,0.35197,-0.023966,0.002144,0.000544
0,-2.306485,0.07764,0.072121,0.079324,0.038034,0.030578,0.000933,0.001355
0,-2.137704,0.027835,0.144557,-0.027052,0.169543,-0.031093,0.002013,0.000486
0,-1.996874,-0.082392,0.126178,-0.088355,0.114244,-0.115614,0.001147,0.001438
0,-2.038836,0.108368,-0.047818,0.178695,0.000548,0.198569,0.001879,0.001891
0,-1.786527,0.129854,0.256059,0.035731,0.268161,0.084234,0.002524,0.002266
0,-1.736156,0.073788,0.050276,-0.075842,0.045896,-0.05891,0.002214,0.001288
0,-1.701842,-0.051215,0.057829,-0.104686,0.042077,-0.122253,0.001615,0.000894
0,-1.595521,-0.126055,0.099602,-0.086444,0.111056,-0.06647,0.00024,0.0022
0,-1.418516,0.012975,0.178444,0.153575,0.178736,0.18022,0.002288,0.000226
0,-1.128244,0.020149,0.280486,0.017599,0.252615,0.021055,0.002778,0.000352
0,-1.354331,0.076075,-0.225607,0.030946,-0.274254,0.019971,0.001167,0.001328
0,-1.140335,0.152543,0.213981,0.078522,0.240285,0.03543,0.002567,0.002662
0,-0.973989,0.00075,0.182868,-0.179077,0.158794,-0.141116,0.000147,1.3e-05
0,-1.064299,-0.094616,-0.062789,-0.106857,-0.068185,-0.062534,0.001723,0.001651
0,-1.051272,0.074983,-0.007483,0.164004,-0.044158,0.116235,0.001496,0.001309
0,-0.798975,0.123573,0.255678,0.046254,0.282277,0.021381,0.00271,0.002157
0,-1.012181,0.05403,-0.232188,-0.080367,-0.192232,-0.099904,0.000813,0.000943
0,-0.871794,0.117699,0.119455,0.04634,0.13466,0.08905,0.001637,0.002054
0,-0.689677,-0.070654,0.175529,-0.170369,0.219512,-0.185431,0.000802,0.001233
0,-0.612967,0.142281,0.090197,0.239378,0.105532,0.286594,0.000537,0.002483
0,-0.739281,0.010442,-0.134078,-0.119585,-0.09126,-0.141133,0.001668,0.000182
0,-0.792014,0.011771,-0.073471,-0.018362,-0.110241,-0.045891,0.002588,0.000205
0,-0.748248,0.161524,0.043037,0.1418,0.023261,0.178604,0.001824,0.002798
0,-0.58918,0.220841,0.155735,0.037899,0.167963,0.03558,0.000952,0.001763
0,-0.518942,0.216922,0.066978,-0.008411,0.060486,0.012836,0.002178,0.001832
0,-0.472393,0.112784,0.06311,-0.089368,0.105828,-0.134446,0.002627,0.001968
0,-0.583829,-0.055582,-0.132574,-0.182818,-0.159708,-0.14429,0.001045,0.00097
0,-0.457682,0.089878,0.142232,0.155636,0.161686,0.185634,0.002371,0.001569
0,-0.432345,0.061511,0.0493,-0.053477,0.06613,-0.092344,0.001928,0.001074
0,-0.595606,-0.043629,-0.142365,-0.135081,-0.154143,-0.106048,0.00084,0.000761
0,-0.552174,-0.010699,0.02144,0.061672,0.01364,0.072893,0.001598,0.000187
0,-0.447346,0.037716,0.109138,0.035999,0.151075,0.012391,0.00219,0.000658
0,-0.383732,0.098315,0.045095,0.066039,0.086752,0.083873,0.00108,0.001716
0,-0.623572,0.128109,-0.255895,0.049862,-0.217285,0.019061,0.000352,0.002236
0,-0.552197,0.025824,0.064213,-0.089972,0.046121,-0.06093,0.001597,0.000451
0,-0.537142,0.138337,-0.004354,0.130036,0.036695,0.147085,0.00186,0.002414
0,-0.389688,0.240829,0.154149,0.083054,0.144562,0.054471,0.001184,0.001414
0,-0.36005,-0.009907,0.040243,-0.232106,0.078719,-0.191635,0.000667,0.000173
0,-0.407472,-0.016863,-0.059589,0.017809,-0.047064,0.004989,0.001494,0.000294
0,-0.305934,0.14143,0.124146,0.161633,0.117067,0.169436,0.000278,0.002468
0,-0.333394,-0.018892,-0.033166,-0.151055,-0.025353,-0.1429,0.000201,0.00033
0,-0.334969,-0.003206,0.025176,0.031215,0.010763,0.006073,0.000229,5.6e-05
0,-0.260351,0.086365,0.069804,0.072582,0.092089,0.061814,0.001074,0.001507
0,-0.194844,-0.073172,0.079678,-0.178647,0.035173,-0.212061,0.002217,0.001277
0,-0.32616,0.06347,-0.14536,0.149461,-0.176321,0.169102,7.5e-05,0.001108
0,-0.183239,-0.079026,0.119776,-0.119971,0.123863,-0.077523,0.002419,0.001379
0,-0.446219,-0.094807,-0.283825,-0.042364,-0.321775,-0.080232,0.00217,0.001655
0,-0.281621,0.079503,0.147024,0.171518,0.173485,0.129967,0.000702,0.001388
0,-0.254454,-0.064245,0.043457,-0.118794,0.019069,-0.084332,0.001176,0.001121
0,-0.376576,-0.139407,-0.147075,-0.091724,-0.172936,-0.117945,0.000955,0.002433
0,-0.262168,-0.121634,0.117314,0.00867,0.134549,-0.024432,0.001042,0.002123
0,-0.090403,-0.063725,0.165945,0.057963,0.146511,0.104577,0.001578,0.001112
0,-0.277372,-0.019826,-0.201968,0.067681,-0.23693,0.098833,0.000776,0.000346
0,-0.157392,-0.044826,0.098179,-0.024567,0.147069,-0.018814,0.002747,0.000782
0,-0.268836,-0.029024,-0.120352,0.030918,-0.093449,-0.005548,0.000925,0.000507
0,-0.268662,-0.116169,-0.020023,-0.095023,0.011399,-0.051036,0.000928,0.002028
0,-0.324646,0.156455,-0.04409,0.264311,-0.062909,0.238505,4.9e-05,0.002731
0,-0.218115,-0.05454,0.104488,-0.187294,0.145732,-0.224848,0.001811,0.000952
0,-0.19625,-0.028363,0.046424,0.032622,0.069561,0.041766,0.002192,0.000495
0,-0.241496,-0.073257,-0.071997,-0.015988,-0.117298,-0.006268,0.001403,0.001279
0,-0.050575,-0.064339,0.193275,0.025542,0.216337,0.029775,0.000883,0.001123
0,-0.266941,0.130596,-0.232985,0.214971,-0.205398,0.231331,0.000959,0.002279
0,-0.275628,0.033497,0.004992,-0.111062,-0.039023,-0.101149,0.000807,0.000585
0,-0.157033,0.11,0.096239,0.047821,0.103794,0.083571,0.002741,0.00192
0,-0.051459,-0.066972,0.116835,-0.148258,0.090942,-0.15249,0.000898,0.001169
0,-0.130808,-0.143407,-0.077018,-0.05029,-0.095241,-0.049957,0.002283,0.002503
0,-0.16311,-0.065146,-0.055692,0.084523,-0.092048,0.063645,0.002771,0.001137
0,-0.11254,-0.095055,0.078975,-0.028644,0.101272,-0.055605,0.001964,0.001659
0,-0.066288,0.132488,0.037238,0.252017,0.051822,0.275475,0.001157,0.002312
0,-0.173956,0.133283,-0.118448,-0.014126,-0.079979,0.02444,0.002581,0.002326
0,-0.037366,-0.053384,0.109367,-0.192335,0.114138,-0.194413,0.000652,0.000932
0,-0.221206,0.060903,-0.186878,0.137278,-0.203004,0.147193,0.001757,0.001063
0,-0.191638,0.072131,0.037978,-0.006998,0.068526,-0.022013,0.002273,0.001259
0,-0.155423,-0.04041,0.037103,-0.120556,0.016091,-0.146949,0.002713,0.000705
0,-0.228183,-0.03128,-0.052641,0.000188,-0.025569,-0.017034,0.001635,0.000546
0,-8.267895,-0.792063,-8.023967,-0.778892,-8.048108,-0.80478,0.001753,0.002589
0,-8.953054,-1.140012,-0.675329,-0.361902,-0.709888,-0.338652,0.00103,0.002573
0,-8.947273,-1.19631,0.014902,-0.046595,-0.032678,-0.014682,0.001131,0.00159
0,-8.998579,-1.197702,-0.043105,-0.015142,-0.089751,0.029631,0.000235,0.001566
0,-8.868225,-1.142176,0.149839,0.067075,0.167577,0.073167,0.00251,0.002535
0,-8.906703,-1.069969,-0.043924,0.065474,-0.013176,0.051405,0.001839,0.001822
0,-9.106135,-1.113541,-0.210624,-0.069584,-0.178867,-0.094061,0.001642,0.002582
0,-8.87136,-0.732662,0.235179,0.372859,0.207698,0.408663,0.002456,0.001552
0,-8.87803,-0.410198,0.016945,0.293352,0.065647,0.300249,0.002339,0.001542
0,-8.940287,-0.360719,-0.091715,0.045362,-0.109618,0.051024,0.001253,0.000678
0,-9.01408,-0.28754,-0.095702,0.070581,-0.122469,0.034403,3.5e-05,0.000599
0,-7.360163,-0.044612,1.641905,0.256711,1.658705,0.207567,0.000744,0.000779
0,-7.282821,-0.070843,0.077069,-0.029216,0.076899,-0.076444,0.002093,0.001236
0,-7.027584,-0.121633,0.259933,-0.060213,0.286661,-0.07444,0.000931,0.002123
0,-6.585693,0.057364,0.421237,0.156422,0.378123,0.113742,0.002592,0.001001
0,-6.06362,-0.069655,0.549435,-0.109764,0.509496,-0.112416,0.001904,0.001216
0,-5.92692,-0.224402,0.133105,-0.139648,0.177891,-0.147178,0.002329,0.001701
0,-5.489036,0.075987,0.429976,0.301971,0.464532,0.271969,0.000304,0.001326
0,-5.289583,-0.197893,0.172004,-0.2561,0.199157,-0.260208,0.002441,0.002164
0,-4.991833,-0.077421,0.301765,0.128218,0.289359,0.111692,0.002756,0.001351
0,-4.705414,-0.087313,0.273753,-0.029429,0.316843,-0.063652,0.002138,0.001524
0,-4.524452,-0.039346,0.201983,0.06402,0.207242,0.092749,0.000321,0.000687
0,-4.14415,-0.016768,0.409957,-0.002338,0.438934,0.030109,0.000699,0.000293
0,-3.846657,-0.081596,0.275098,-0.049605,0.319564,-0.021092,0.000273,0.001424
0,-3.690941,-0.027016,0.134063,0.055143,0.145221,0.088638,0.002626,0.000472
0,-3.677784,-0.103586,-0.010846,-0.102589,0.010003,-0.07363,0.002397,0.001808
0,-3.436559,-0.058345,0.250316,0.053602,0.24684,0.039795,0.001813,0.001018
0,-3.211811,0.08678,0.234014,0.156895,0.247392,0.143612,0.000118,0.001515
0,-3.128126,0.00858,0.058514,-0.107278,0.077648,-0.128052,0.001579,0.00015
0,-2.905575,-0.151305,0.222263,-0.14791,0.17802,-0.155733,0.000154,0.002641
0,-2.903399,-0.059421,-0.001354,0.111948,0.008056,0.077823,0.000116,0.001037
0,-2.507196,-0.013265,0.376144,0.017426,0.333918,0.037494,0.001181,0.000232
0,-2.59287,0.02196,-0.100318,0.040177,-0.127925,0.034981,0.000314,0.000383
0,-2.522105,-0.134866,0.099391,-0.130872,0.09879,-0.167333,0.000921,0.002354
0,-2.134403,-0.08729,0.365283,0.062797,0.40688,0.077131,0.00207,0.001523
0,-1.97703,-0.099187,0.177273,-0.013434,0.224576,0.03164,0.000801,0.001731
0,-2.146316,-0.194756,-0.179183,-0.084445,-0.14538,-0.046221,0.001862,0.002218
0,-1.822545,0.042979,0.34523,0.222803,0.391209,0.227011,0.001896,0.00075
0,-1.726867,-0.035842,0.097456,-0.079637,0.121658,-0.123731,0.002052,0.000626
0,-1.857995,-0.046224,-0.143601,-0.029045,-0.140658,0.009647,0.001277,0.000807
0,-1.725343,-0.085837,0.114461,-0.046405,0.082367,0.002548,0.002025,0.001498
0,-1.520917,-0.234653,0.217994,-0.145702,0.18297,-0.122892,0.001543,0.001522
0,-1.405651,-0.086356,0.102678,0.161941,0.098626,0.183801,0.002063,0.001507
0,-1.48838,-0.009651,-0.08893,0.069492,-0.124931,0.068892,0.00211,0.000168
0,-1.351154,0.028313,0.11917,0.014932,0.134102,0.012505,0.001112,0.000494
0,-1.432234,-0.17756,-0.059609,-0.215018,-0.045091,-0.254803,0.002527,0.002519
0,-1.303309,0.018874,0.108011,0.201304,0.097029,0.186299,0.000277,0.000329
0,-1.332912,-0.16566,-0.007255,-0.158341,-0.04846,-0.191061,0.000794,0.002726
0,-1.025267,-0.159093,0.307871,0.023844,0.308421,0.038339,0.001042,0.002777
0,-1.059351,0.036668,-0.058903,0.17975,-0.101244,0.140202,0.001637,0.00064
0,-1.063445,0.000508,-0.032079,-0.028775,-0.015485,-0.009612,0.001708,9e-06
0,-1.05061,-0.169293,0.016373,-0.177767,-0.016753,-0.189295,0.001484,0.002663
0,-1.006513,-0.090442,0.05003,0.075816,0.076906,0.031765,0.000714,0.001579
0,-0.749792,-0.047551,0.236225,0.044515,0.247749,0.070719,0.001851,0.00083
0,-0.86626,-0.082435,-0.132446,-0.044918,-0.176317,-0.047063,0.001733,0.001439
0,-0.824622,0.048084,0.032184,0.124015,0.047821,0.09951,0.00246,0.000839
0,-0.80467,-0.146725,0.006761,-0.180718,0.01843,-0.136228,0.002808,0.002561
0,-0.649714,-0.15497,0.161081,-0.012984,0.185018,-0.032172,0.000105,0.002705
0,-0.573751,-0.003609,0.060604,0.164784,0.056132,0.14636,0.001221,6.3e-05
0,-0.682297,-0.013574,-0.090597,0.016193,-0.079635,0.038411,0.000673,0.000237
0,-0.764486,-0.091299,-0.05776,-0.080265,-0.014924,-0.11296,0.002108,0.001593
0,-0.711238,-0.088339,0.049026,-0.02581,0.015618,0.02075,0.001178,0.001542
0,-0.484017,-0.194364,0.236552,-0.115606,0.239161,-0.076132,0.002787,0.002225
0,-0.569669,-0.145079,-0.077526,0.036785,-0.092501,0.009842,0.001292,0.002532
0,-0.493244,0.004732,0.097399,0.123348,0.129085,0.102844,0.002626,8.3e-05
0,-0.665045,-0.210078,-0.198306,-0.234742,-0.153164,-0.195846,0.000372,0.001951
0,-0.655042,-0.01678,0.009719,0.198765,0.04767,0.181136,0.000198,0.000293
0,-0.490647,-0.178851,0.194336,-0.155533,0.160163,-0.139511,0.002672,0.002496
0,-0.426547,0.072661,0.05944,0.274227,0.025049,0.318323,0.001827,0.001268
0,-0.32299,-0.095912,0.113184,-0.139349,0.138517,-0.113302,2e-05,0.001674
0,-0.309692,0.080996,0.020395,0.164752,-0.026871,0.185324,0.000212,0.001414
0,-0.284928,-0.044469,0.014884,-0.096233,-0.012041,-0.140323,0.000645,0.000776
0,-0.382846,-0.138436,-0.115045,-0.107658,-0.085661,-0.092108,0.001064,0.002416
0,-0.203727,-0.18118,0.191365,-0.027819,0.212131,-0.042953,0.002062,0.002455
0,-0.316359,-0.006122,-0.134042,0.158078,-0.10038,0.154099,9.6e-05,0.000107
0,-0.218957,-0.1238,0.114468,-0.107129,0.150289,-0.08961,0.001796,0.002161
0,-0.413022,-0.097201,-0.185153,0.024061,-0.146837,0.007848,0.001591,0.001696
0,-0.250581,-0.030332,0.132732,0.077149,0.152602,0.057746,0.001244,0.000529
0,-0.122323,0.023795,0.154067,0.078125,0.171016,0.046038,0.002135,0.000415
0,-0.250602,-0.162694,-0.117161,-0.164428,-0.138963,-0.199558,0.001244,0.002778
0,-0.334174,-0.021419,-0.097276,0.161388,-0.141304,0.139625,0.000215,0.000374
0,-0.166424,-0.156256,0.152622,-0.111731,0.165361,-0.099002,0.002713,0.002727
0,-0.316223,0.089967,-0.133693,0.229297,-0.124251,0.229193,9.8e-05,0.00157
0,-0.337904,-0.167515,-0.014532,-0.263793,-0.034076,-0.289813,0.00028,0.002694
0,-0.264368,0.007076,0.077999,0.193834,0.108342,0.231885,0.001003,0.000123
0,-0.372751,-0.128804,-0.111057,-0.134006,-0.121127,-0.110991,0.000888,0.002248
0,-0.187477,0.068404,0.199572,0.202065,0.188415,0.154809,0.002345,0.001194
0,-0.168753,0.083207,0.034578,-0.007244,0.069406,0.030274,0.002672,0.001452
0,-0.09435,-0.113982,0.068354,-0.179475,0.106102,-0.205192,0.001647,0.001989
0,-0.1297,0.053696,-0.040917,0.151224,-0.063146,0.156273,0.002264,0.000937
0,-0.304469,-0.088421,-0.181899,-0.16834,-0.139181,-0.213289,0.000304,0.001543
0,-0.027168,0.049711,0.292805,0.161505,0.260431,0.153754,0.000474,0.000868
0,-0.012294,-0.019786,-0.007236,-0.058556,-0.029967,-0.04779,0.000215,0.000345
0,-0.096469,0.082372,-0.091541,0.126201,-0.120683,0.1723,0.001684,0.001438
0,-0.221723,-0.119207,-0.096132,-0.189329,-0.124337,-0.139964,0.001748,0.002081
0,0.017187,-0.114364,0.252035,-0.000146,0.297646,0.015711,0.0003,0.001996
0,-0.089603,0.120527,-0.134075,0.242722,-0.093458,0.242516,0.001564,0.002104
0,-0.033152,0.001211,0.032601,-0.138935,0.028293,-0.178868,0.000579,2.1e-05
0,-0.212015,0.14385,-0.161318,0.157944,-0.172552,0.179044,0.001917,0.002511
0,-0.142318,0.013702,0.061526,-0.143971,0.043578,-0.117175,0.002484,0.000239
0,-9.036309,0.149538,-8.874414,0.162225,-8.906822,0.134176,0.000423,0.00261
0,-8.982004,0.296553,0.055344,0.11726,0.017928,0.148798,0.000525,0.000442
0,-9.009861,0.44591,-0.028377,0.178743,-0.041929,0.209744,3.8e-05,0.002165
0,-8.951811,0.296227,0.063003,-0.158273,0.034248,-0.121115,0.001052,0.000447
0,-9.030179,0.31635,-0.095146,0.04181,-0.09941,0.028369,0.000316,9.6e-05
0,-8.897447,0.271114,0.14067,-0.060176,0.132765,-0.010393,0.002,0.000886
0,-8.858079,0.27075,0.048093,0.020972,0.03472,0.069485,0.002688,0.000892
0,-9.08904,0.096718,-0.247461,-0.168372,-0.257813,-0.14711,0.001343,0.001688
0,-9.136047,0.025803,-0.066611,-0.084022,-0.094838,-0.120988,0.002164,0.00045
0,-8.925822,0.128358,0.220179,0.104063,0.216056,0.079358,0.001505,0.00224
0,-8.967976,0.139045,-0.040923,0.010148,-0.001963,0.053374,0.00077,0.002427
0,-8.929221,0.11905,0.034744,0.009096,0.030617,0.010138,0.001446,0.002078
0,-8.879552,0.030735,0.035025,-0.110875,-0.003747,-0.134228,0.002313,0.000536
0,-8.981536,-0.097099,-0.093637,-0.106958,-0.050964,-0.141421,0.000533,0.001695
0,-8.987046,0.029844,0.017094,0.12179,0.046483,0.095901,0.000437,0.000521
0,-9.098844,-0.009981,-0.103043,-0.017923,-0.066528,-0.013803,0.001515,0.000174
0,-9.1207,0.062359,-0.01296,0.065995,-0.011441,0.084554,0.001896,0.001088
0,-8.946006,-0.09204,0.165967,-0.124591,0.192503,-0.155626,0.001153,0.001606
0,-8.884723,-0.047738,0.033706,0.065042,0.072609,0.08394,0.002223,0.000833
0,-9.104687,0.045548,-0.230351,0.066334,-0.206849,0.112227,0.001617,0.000795
0,-9.078959,-0.023148,0.016758,-0.043334,0.012799,-0.036537,0.001168,0.000404
0,-8.713145,-0.097656,0.371274,-0.054721,0.333842,-0.078677,0.0004,0.001704
0,-9.026704,-0.040763,-0.285494,0.065052,-0.294404,0.059833,0.000255,0.000711
0,-9.000782,-0.080263,0.009847,-0.031903,0.020791,-0.042973,0.000197,0.001401
0,-7.462073,0.046511,1.531879,0.127092,1.559885,0.098634,0.001035,0.000812
0,-5.861367,-0.09117,1.599876,-0.126387,1.584411,-0.164197,0.001185,0.001591
0,-5.027706,-0.053309,0.826036,0.02569,0.810169,0.053063,0.00213,0.00093
0,-3.54835,-0.027285,1.460799,-0.002926,1.418619,0.018889,0.000138,0.000476
0,-2.685982,-0.139805,0.843018,-0.084684,0.8706,-0.082389,0.001939,0.00244
0,-1.556664,0.076828,1.120015,0.244032,1.167854,0.249757,0.001888,0.001341
0,-8.90101,-0.345779,-7.318458,-0.424728,-7.313537,-0.402457,0.001938,0.000417
0,-9.098404,-0.340031,-0.17098,0.024486,-0.156674,-0.005299,0.001507,0.000317
0,-8.961841,-0.582109,0.162136,-0.247922,0.176948,-0.213121,0.000877,0.001075
0,-9.090369,-0.832404,-0.138677,-0.271114,-0.10585,-0.320943,0.001367,0.002324
0,-8.905043,-0.483082,0.158701,0.368782,0.182959,0.337599,0.001868,0.002804
0,-9.087415,-0.407481,-0.205827,0.076783,-0.22503,0.048136,0.001315,0.001494
0,-8.906561,-0.529084,0.191261,-0.094099,0.188292,-0.140053,0.001841,0.002001
0,-9.05338,-0.154783,-0.15322,0.394385,-0.180311,0.438564,0.000721,0.002701
0,-9.012359,-0.146883,0.036209,0.025074,0.034451,0.031366,5e-06,0.002564
0,-9.128391,-0.058295,-0.145792,0.115278,-0.126196,0.081943,0.00203,0.001017
0,-9.128454,-0.260904,0.004316,-0.218011,0.052937,-0.182867,0.002031,0.001064
0,-9.015816,-0.032934,0.139607,0.244865,0.098245,0.201703,6.5e-05,0.000575
0,-8.992255,0.025385,-0.00054,0.039221,-0.004781,0.006912,0.000346,0.000443
0,-8.931898,-0.133965,0.0808,-0.152141,0.095975,-0.11347,0.001399,0.002338
0,-8.486588,-0.130593,0.427946,-0.025607,0.458976,-0.0181,0.002064,0.002279
0,-7.988473,0.11919,0.490498,0.242611,0.452489,0.205885,0.001013,0.00208
0,-7.827736,0.01203,0.163613,-0.111233,0.142205,-0.154261,0.0018,0.00021
0,-7.164064,-0.088994,0.652306,-0.090475,0.64403,-0.113887,0.001451,0.001553
0,-6.773508,0.128011,0.400735,0.233596,0.426881,0.184944,0.000252,0.002234
0,-6.414249,-0.029458,0.330422,-0.152341,0.347077,-0.131251,0.0004,0.000514
0,-6.161408,0.190345,0.260986,0.231428,0.272142,0.222684,0.000804,0.002295
0,-5.932107,0.006707,0.239939,-0.192695,0.215542,-0.15596,0.00242,0.000117
0,-5.774402,-0.110544,0.182915,-0.129908,0.15094,-0.141526,0.000333,0.001929
0,-5.413193,-0.023219,0.373166,0.063311,0.339975,0.013482,0.00102,0.000405
0,-4.915649,0.192355,0.471079,0.212026,0.465353,0.180585,0.001532,0.00226
0,-4.862474,0.18552,0.045597,-0.02374,0.005334,-0.042526,0.000604,0.00238
0,-4.514511,0.147565,0.338704,-0.015687,0.296081,0.025522,0.000148,0.002575
0,-4.271335,0.097298,0.244494,-0.041932,0.266484,-0.087195,0.001521,0.001698
0,-3.902233,-0.064727,0.394732,-0.142514,0.440411,-0.159908,0.000697,0.00113
0,-3.927641,0.06777,-0.043585,0.136312,0.003943,0.128175,0.00114,0.001183
0,-9.053913,0.583428,-5.127357,0.519852,-5.164324,0.483468,0.00073,0.001052
0,-8.90698,2.199608,0.141953,1.58925,0.125221,1.546921,0.001834,0.000932
0,-9.014192,2.342169,-0.13173,0.138805,-0.17745,0.099704,3.7e-05,0.001556
0,-9.059681,2.072756,-0.059898,-0.247269,-0.073319,-0.254708,0.000831,0.002471
0,-9.112622,1.69744,-0.069426,-0.356814,-0.046851,-0.319705,0.001755,0.001538
0,-8.923293,1.447811,0.184789,-0.263932,0.219179,-0.28135,0.001549,0.002799
0,-9.128515,1.020384,-0.199872,-0.430315,-0.246976,-0.411944,0.002032,0.000957
0,-8.85421,0.828704,0.296758,-0.212142,0.30061,-0.234159,0.002755,0.002389
0,-9.010884,0.272209,-0.180484,-0.583774,-0.210081,-0.542638,2.1e-05,0.000867
0,-8.964982,0.001833,0.027076,-0.271927,0.0705,-0.309764,0.000822,3.2e-05
0,-8.999412,0.002946,-0.037053,0.00294,0.007366,-0.011072,0.000221,5.1e-05
0,-9.143584,0.097905,-0.152552,0.084036,-0.195049,0.116391,0.002295,0.001709
0,-8.332515,-0.16732,0.833269,-0.270006,0.831314,-0.31565,0.000625,0.002697
0,-7.576104,-0.213271,0.782171,-0.019331,0.77302,-0.005615,0.002592,0.001895
0,-7.332378,-0.170975,0.233451,0.032283,0.259076,0.003641,0.001229,0.002633
0,-6.049521,0.062121,1.306503,0.238575,1.284248,0.271213,0.001149,0.001084
0,-4.938287,0.054343,1.135706,0.018248,1.123318,-0.007697,0.000885,0.000948
0,-9.130366,-0.039505,-4.16996,-0.064992,-4.152646,-0.036056,0.002065,0.000689
0,-8.965691,0.095175,0.151834,0.105095,0.183107,0.132906,0.000809,0.001661
0,-9.126495,-0.070277,-0.143962,-0.136717,-0.136192,-0.143451,0.001997,0.001227
0,-9.013662,0.02864,0.095847,0.127673,0.13734,0.105802,2.8e-05,0.0005
0,-9.024098,-0.047734,0.012018,-0.052944,0.058885,-0.047791,0.00021,0.000833
0,-9.075444,-0.007025,-0.031185,0.043048,-0.076328,0.000208,0.001106,0.000123
0,-8.918737,-0.126508,0.155053,-0.118085,0.201092,-0.159165,0.001629,0.002208
0,-9.140268,-0.123607,-0.212247,-0.02369,-0.177581,-0.065038,0.002238,0.002157
0,-9.104209,0.116708,0.014533,0.265676,0.043866,0.220449,0.001608,0.002037
0,-8.879167,0.007114,0.245562,-0.128268,0.258234,-0.103874,0.00232,0.000124
0,-9.027518,0.050595,-0.151562,0.031158,-0.132962,0.02186,0.00027,0.000883
0,-8.962666,0.134878,0.068677,0.104474,0.075597,0.075143,0.000862,0.002354
0,-8.97573,-0.041077,-0.027711,-0.163431,-0.033364,-0.124857,0.000634,0.000717
0,-8.887188,-0.132786,0.07865,-0.105834,0.030537,-0.065339,0.00218,0.002318
0,-9.053291,0.083269,-0.166832,0.191515,-0.166709,0.208633,0.00072,0.001453
0,-9.01006,-0.011502,0.070574,-0.098006,0.064914,-0.14385,3.5e-05,0.000201
0,-9.097053,0.008249,-0.070389,-0.005527,-0.024469,0.01502,0.001483,0.000144
0,-8.956263,-0.043503,0.157796,-0.068678,0.176139,-0.034577,0.000974,0.000759
0,-8.996381,0.148586,-0.013334,0.162638,-0.0482,0.183877,0.000274,0.002593
0,-9.072438,-0.025527,-0.078201,-0.194291,-0.117619,-0.238064,0.001054,0.000446
0,-9.102966,0.08667,-0.042104,0.136958,-0.014015,0.152343,0.001586,0.001513
0,-8.970117,0.157779,0.129364,0.054039,0.105559,0.089751,0.000732,0.002754
0,-8.567205,0.106656,0.428974,-0.048066,0.430937,-0.086676,0.002147,0.001861
0,-7.927922,-0.081337,0.668543,-0.178798,0.619398,-0.202164,0.002069,0.00142
0,-7.682553,-0.084674,0.230038,-9.6e-05,0.183094,0.041617,0.000734,0.001478
0,-7.214797,-0.140798,0.464655,-0.074176,0.425464,-0.08777,0.002337,0.002457
0,-6.877792,-0.067988,0.339692,0.088977,0.293526,0.122279,0.002072,0.001187
0,-6.611286,0.054519,0.291039,0.143139,0.294433,0.140381,0.002579,0.000952
0,-6.184015,0.17216,0.408272,0.096245,0.374257,0.114934,0.001199,0.002613
0,-5.710213,-0.091372,0.493696,-0.264783,0.478445,-0.21834,0.001453,0.001595
0,-5.436339,0.097338,0.29756,0.160361,0.320594,0.168058,0.000616,0.001699
0,-4.995342,0.104493,0.47087,0.024982,0.446585,-0.020156,0.002695,0.001824
0,-4.797315,-0.016668,0.220559,-0.13735,0.2074,-0.160119,0.000534,0.000291
0,-4.683378,0.033974,0.104425,0.06469,0.061671,0.081666,0.002522,0.000593
0,-4.244263,0.097246,0.420461,0.044172,0.418374,0.007472,0.001049,0.001697
0,-4.195236,-0.120188,0.06004,-0.197355,0.039087,-0.241971,0.000193,0.002098
0,-3.987397,-0.005593,0.184673,0.093643,0.218315,0.118945,0.002183,9.8e-05
0,-3.826132,-0.066043,0.151369,-0.076056,0.195843,-0.07147,0.000631,0.001153
0,-3.564881,-0.029104,0.270368,0.052296,0.249743,0.023193,0.000426,0.000508
0,-3.280186,0.025721,0.295979,0.042077,0.324286,0.078485,0.001075,0.000449
0,-3.141557,-0.120074,0.118082,-0.117235,0.164237,-0.135315,0.001345,0.002096
0,-3.015265,-0.102774,0.144999,0.041393,0.110316,0.046248,0.002069,0.001794
0,-2.724444,-0.161419,0.293048,-0.066411,0.275858,-0.052217,0.00261,0.0028
0,-2.672008,-0.052034,0.076771,0.080424,0.107208,0.067971,0.001695,0.000908
0,-2.458277,0.071034,0.208759,0.122841,0.250658,0.097479,0.002035,0.00124
0,-2.484255,0.04957,-0.039653,0.006391,-0.05305,0.005238,0.001582,0.000865
0,-2.175001,-0.120376,0.293284,-0.147732,0.290826,-0.165603,0.001362,0.002101
0,-2.214802,-0.02428,-0.038027,0.105224,-0.040434,0.062172,0.000667,0.000424
0,-1.986022,-0.167937,0.205485,-0.148109,0.215222,-0.124802,0.000958,0.002686
0,-2.00251,0.026326,-0.04218,0.16681,-0.064313,0.196342,0.001245,0.000459
0,-1.832854,0.103134,0.197665,0.057159,0.233625,0.084256,0.001716,0.0018
0,-1.769613,-0.011345,0.079277,-0.136268,0.032379,-0.176356,0.002798,0.000198
0,-1.651511,-0.031068,0.092863,-0.021081,0.140084,-0.019963,0.000737,0.000542
0,-1.561884,-0.187999,0.068048,-0.173464,0.046707,-0.162649,0.000828,0.002336
0,-1.489581,-0.038089,0.101661,0.15714,0.083502,0.16316,0.002089,0.000665
0,-1.3086,-0.08121,0.205535,-0.048618,0.250755,-0.078973,0.000369,0.001417
0,-1.027083,-0.149573,0.308774,-0.056419,0.357177,-0.082939,0.001073,0.002611
0,-1.278101,-0.470109,-0.273065,-0.316691,-0.227848,-0.288501,0.000163,0.002587
0,-1.273149,-0.970882,-0.004997,-0.477916,0.038499,-0.455066,0.000249,9.3e-05
0,-1.351024,-0.804814,-0.068288,0.16654,-0.084132,0.175824,0.00111,0.002806
0,-1.184537,-0.911268,0.178133,-0.122016,0.221542,-0.136509,0.001796,0.000948
0,-1.230081,-0.863846,-0.054244,0.030039,-0.036141,0.030057,0.001001,0.001776
0,-0.942822,-0.616662,0.296834,0.276651,0.299551,0.227628,0.000397,0.000472
0,-0.905466,-0.507877,0.026909,0.102795,0.021471,0.062676,0.001049,0.002371
0,-0.397411,-0.441176,0.519772,0.038661,0.496888,-0.008454,0.001319,0.002082
0,-0.235584,-0.075384,0.180136,0.369868,0.204673,0.340877,0.001506,0.001316
0,-0.081659,-0.037243,0.139311,0.035945,0.164318,0.054148,0.001425,0.00065
0,0.13502,-0.039564,0.20666,-0.001946,0.168617,0.006224,0.002357,0.000691
0,0.19467,0.120551,0.086792,0.176895,0.082678,0.142498,0.00222,0.002104
0,0.321325,0.098187,0.116968,-0.052242,0.092624,-0.097936,9e-06,0.001714
0,0.060885,0.22798,-0.25917,0.105387,-0.287148,0.083687,0.001063,0.001639
0,0.065936,0.015531,-0.002916,-0.196354,-0.04744,-0.236307,0.001151,0.000271
0,0.060058,0.140602,-0.000644,0.12241,-0.035217,0.16131,0.001048,0.002454
0,0.221668,0.153629,0.142708,0.013737,0.191513,-0.012538,0.001749,0.002681
0,-0.058657,0.045805,-0.300174,-0.087049,-0.320254,-0.037687,0.001024,0.000799
0,0.160908,0.187029,0.192774,0.153104,0.189456,0.133479,0.002808,0.002353
0,0.035083,-0.074262,-0.138378,-0.271042,-0.103904,-0.310935,0.000612,0.001296
0,-0.11888,-0.019752,-0.168042,0.051945,-0.148077,0.069616,0.002075,0.000345
0,-0.083506,-0.115929,0.017135,-0.108968,-0.029064,-0.117614,0.001457,0.002023
0,-0.071175,-0.082454,0.037537,0.046354,0.076257,0.012969,0.001242,0.001439
0,-0.127671,0.072058,-0.069798,0.173887,-0.119277,0.221341,0.002228,0.001258
0,0.08936,0.040217,0.202292,-0.009801,0.174488,0.011188,0.00156,0.000702
0,-0.018571,-0.019761,-0.116042,-0.050156,-0.098993,-0.026475,0.000324,0.000345
0,-0.009591,-0.095297,-0.016019,-0.05411,-0.051791,-0.07903,0.000167,0.001663
0,-0.124314,-0.129518,-0.0863,-0.021618,-0.101868,-0.065275,0.00217,0.002261
0,-0.05879,-0.144338,0.07794,-0.029913,0.074681,-0.029461,0.001026,0.002519
0,-0.112052,-0.144553,-0.045548,0.004483,-0.003359,-0.013265,0.001956,0.002523
0,-0.005485,0.01351,0.080576,0.182368,0.116026,0.170056,9.6e-05,0.000236
0,0.032876,-0.185901,0.01838,-0.222354,0.039326,-0.241304,0.000574,0.002373
0,-0.018565,-0.029466,-0.021465,0.185829,0.024568,0.191903,0.000324,0.000514
0,-0.041775,0.152675,-0.028021,0.171996,0.001092,0.214892,0.000729,0.002665
0,-0.121301,0.054154,-0.063814,-0.122318,-0.046783,-0.089209,0.002117,0.000945
0,-0.075242,0.024163,0.0248,-0.015618,0.014087,0.003464,0.001313,0.000422
0,0.127702,0.116324,0.19475,0.077226,0.156423,0.1043,0.002229,0.00203
0,-0.032268,-0.079222,-0.172717,-0.205414,-0.138577,-0.169715,0.000563,0.001383
0,0.111596,-0.020359,0.128182,0.062003,0.14798,0.1108,0.001948,0.000355
0,0.08748,0.134779,-0.03103,0.153521,-0.034391,0.115149,0.001527,0.002352
0,-0.081585,-0.084562,-0.186972,-0.201513,-0.226637,-0.162844,0.001424,0.001476
0,-0.033763,-0.075627,0.024259,-0.003522,0.017791,-0.038474,0.000589,0.00132
0,-0.052561,0.099796,-0.028571,0.152317,-0.075169,0.113116,0.000917,0.001742
0,0.034173,-0.028993,0.065494,-0.140942,0.103812,-0.095882,0.000596,0.000506
0,0.168492,-0.107817,0.129252,-0.087074,0.092904,-0.083289,0.002677,0.001882
0,0.07443,0.084772,-0.102999,0.180518,-0.08091,0.192573,0.001299,0.00148
0,-0.074392,0.043727,-0.164553,-0.023346,-0.148416,-0.048658,0.001298,0.000763
0,0.088568,-0.036225,0.151962,-0.070377,0.169797,-0.118188,0.001546,0.000632
0,0.168198,0.08625,0.076815,0.09304,0.06042,0.111335,0.002682,0.001505
0,0.18624,0.065946,-0.000722,-0.012349,-0.0223,-0.023885,0.002367,0.001151
0,0.0297,0.177906,-0.171245,0.123118,-0.159017,0.108205,0.000518,0.002512
0,0.127546,-0.046948,0.126014,-0.237917,0.10889,-0.226649,0.002226,0.000819
0,0.167995,-0.027873,0.036821,0.005915,-0.000947,0.045247,0.002685,0.000486
0,-0.861084,-0.344873,-1.04122,-0.30003,-1.076345,-0.328876,0.001824,0.000402
0,-1.204643,-0.398992,-0.354169,-0.040754,-0.386703,-0.0516,0.001445,0.001346
0,-1.211332,-0.500173,-0.000508,-0.127046,-0.034551,-0.111464,0.001328,0.002505
0,-1.210773,-0.374534,-0.000942,0.13656,0.031692,0.165902,0.001338,0.000919
0,-0.902715,-0.524655,0.326595,-0.175605,0.336511,-0.210619,0.001097,0.002078
0,-0.500225,-0.419055,0.427324,0.076807,0.378793,0.043062,0.002504,0.001696
0,-0.190258,-0.427007,0.295871,-0.013245,0.344964,-0.023938,0.002297,0.001835
0,-0.053231,-0.295164,0.112254,0.138947,0.142699,0.100925,0.000929,0.000466
0,-0.060115,-0.260628,0.014095,0.006945,-0.035499,0.041062,0.001049,0.001069
0,0.959589,1.337321,1.000154,1.580229,0.963653,1.612496,0.000105,0.000871
0,1.635552,1.786811,0.701748,0.434519,0.673458,0.415594,0.000458,0.002519
0,1.999238,1.378555,0.368301,-0.384509,0.383051,-0.428367,0.001188,0.00159
0,2.166853,1.405407,0.160643,-0.002762,0.131348,0.014222,0.001504,0.002059
0,2.220014,1.305238,0.025753,-0.124336,0.043485,-0.167063,0.000576,0.000311
0,1.828704,0.945862,-0.419914,-0.372993,-0.431715,-0.338679,0.001788,0.000344
0,0.818918,0.583262,-0.993075,-0.363686,-0.952183,-0.31569,0.00256,0.001055
0,0.606795,0.389104,-0.211401,-0.185188,-0.24074,-0.188821,0.000644,0.001174
0,0.027753,0.35469,-0.564527,-0.053965,-0.555518,-0.087499,0.000484,0.000573
0,0.068888,0.056938,0.033246,-0.286694,-0.004404,-0.330607,0.001202,0.000994
0,-0.10408,0.030308,-0.159454,-0.024197,-0.127898,0.015348,0.001817,0.000529
0,-0.494237,0.153352,-0.363549,0.138528,-0.381135,0.098005,0.002609,0.002677
0,-0.289047,0.097586,0.229389,-0.045959,0.19433,-0.058314,0.000573,0.001703
0,-0.373525,-0.046601,-0.088864,-0.156694,-0.051605,-0.185336,0.000902,0.000813
0,-0.225273,-0.168789,0.16515,-0.140428,0.208647,-0.13676,0.001686,0.002672
0,-0.199458,0.011375,0.026304,0.154697,0.031964,0.137615,0.002136,0.000199
0,-0.0985,-0.147634,0.084063,-0.187038,0.09371,-0.153275,0.001719,0.002577
0,-0.081768,-0.181262,0.03091,-0.05242,0.06543,-0.101426,0.001427,0.002454
0,-0.12876,0.060468,-0.048761,0.217413,-0.093767,0.200605,0.002247,0.001055
0,0.09022,0.036726,0.199124,-0.045292,0.236466,-0.026034,0.001575,0.000641
0,0.105878,0.186083,0.010172,0.133922,0.044277,0.085637,0.001848,0.00237
0,-0.095469,0.147395,-0.175775,-0.058169,-0.210392,-0.042877,0.001666,0.002573
0,0.128579,0.057617,0.204454,-0.079189,0.190575,-0.052751,0.002244,0.001006
0,-0.01007,-0.031301,-0.150862,-0.096779,-0.177789,-0.057158,0.000176,0.000546
0,-0.01169,0.130773,0.006304,0.134996,-0.019815,0.1661,0.000204,0.002282
0,0.079618,0.020097,0.077061,-0.09393,0.110902,-0.095581,0.00139,0.000351
0,0.173783,0.113178,0.115007,0.093097,0.074789,0.103387,0.002584,0.001975
0,0.075032,-0.02708,-0.121678,-0.122361,-0.146378,-0.155332,0.00131,0.000473
0,0.083054,-0.02103,-0.000585,0.025827,0.029375,-0.021859,0.00145,0.000367
0,0.035091,0.086037,-0.04194,0.091063,0.000229,0.14087,0.000612,0.001502
0,0.039645,-0.037119,0.001374,-0.135663,-0.005468,-0.119628,0.000692,0.000648
0,-9.7e-05,0.154795,-0.010228,0.217124,-0.040505,0.262934,2e-06,0.002702
0,-0.090653,0.097783,-0.076478,-0.030664,-0.086606,-0.027472,0.001582,0.001707
0,-0.003064,0.134837,0.11594,0.008893,0.07729,-0.035576,5.3e-05,0.002353
0,0.164532,0.064731,0.193489,-0.048376,0.21936,-0.00406,0.002746,0.00113
0,0.022533,0.001423,-0.141266,-0.046612,-0.157156,-0.019635,0.000393,2.5e-05
0,0.181683,0.068443,0.166647,0.084127,0.127725,0.044138,0.002447,0.001195
0,0.105116,0.091631,-0.091742,0.034842,-0.135904,0.054712,0.001835,0.001599
0,-0.046678,0.065889,-0.15133,-0.026112,-0.171053,-0.034533,0.000815,0.00115
0,-0.064621,-0.052744,0.006305,-0.11129,-0.014382,-0.158181,0.001128,0.000921
0,0.204961,0.055409,0.249814,0.117933,0.210925,0.141954,0.00204,0.000967
0,0.042017,-0.044159,-0.141926,-0.11045,-0.129011,-0.068784,0.000733,0.000771
0,0.067502,0.046814,0.001551,0.118126,-0.007967,0.109312,0.001178,0.000817
0,0.015098,-0.033151,-0.035343,-0.068456,-0.02855,-0.033958,0.000264,0.000579
0,0.024039,-0.061201,-0.015463,-0.050098,-0.01331,-0.077269,0.00042,0.001068
0,0.098281,0.056554,0.068537,0.133963,0.112188,0.116657,0.001715,0.000987
0,0.114733,0.044777,0.024821,-0.00128,0.01029,-0.001178,0.002002,0.000781
0,0.078973,0.110277,-0.02628,0.050291,-0.034739,0.085795,0.001378,0.001925
0,-0.02397,-0.018718,-0.098649,-0.132357,-0.113211,-0.124238,0.000418,0.000327
0,0.205678,0.177356,0.213567,0.166151,0.242295,0.19138,0.002028,0.002522
0,0.165694,0.080003,-0.058091,-0.093166,-0.031982,-0.111059,0.002726,0.001396
0,0.013607,0.134759,-0.158263,0.026524,-0.122943,0.018311,0.000237,0.002352
0,0.102057,0.193128,0.084676,0.080992,0.052513,0.052167,0.001781,0.002247
0,0.237442,0.104227,0.119905,-0.094347,0.109827,-0.083862,0.001473,0.001819
0,0.022393,-0.049318,-0.235317,-0.166556,-0.239555,-0.184393,0.000391,0.000861
0,0.14614,0.045328,0.099938,0.083559,0.130306,0.069455,0.002551,0.000791
0,0.002114,0.055831,-0.154166,0.018391,-0.186518,-0.004754,3.7e-05,0.000974
0,0.080267,0.047117,0.072518,-0.000351,0.118561,0.026706,0.001401,0.000822
0,0.235826,-0.015894,0.162356,-0.048164,0.15845,-0.077788,0.001502,0.000277
0,0.140911,-0.068487,-0.076267,-0.029955,-0.089295,0.012659,0.002459,0.001195
0,0.264211,0.030388,0.135148,0.119938,0.112068,0.13895,0.001006,0.00053
0,0.208433,-0.041421,-0.070063,-0.084131,-0.060559,-0.09367,0.00198,0.000723
0,0.2279,0.086273,0.011621,0.120915,0.004754,0.131226,0.00164,0.001506
0,0.380634,-0.037021,0.147393,-0.152337,0.139251,-0.105742,0.001026,0.000646
0,0.339238,0.122713,-0.07055,0.173907,-0.054141,0.182323,0.000303,0.002142
0,0.401155,0.071525,0.06626,-0.081032,0.093624,-0.093782,0.001384,0.001248
0,0.385191,0.022626,-0.019332,-0.076896,-0.058545,-0.074344,0.001105,0.000395
0,0.121255,0.096021,-0.243759,0.062811,-0.260979,0.033475,0.002116,0.001676
0,0.107288,-0.05606,-0.00857,-0.137947,-0.025005,-0.114171,0.001873,0.000978
0,0.291423,-0.042475,0.175216,0.010636,0.172818,0.004747,0.000531,0.000741
0,0.103436,0.040231,-0.172529,0.090581,-0.187869,0.131576,0.001805,0.000702
0,0.259267,0.094207,0.144353,0.043075,0.183118,0.066843,0.001092,0.001644
0,0.118122,0.060609,-0.137368,-0.022982,-0.168349,-0.039423,0.002062,0.001058
0,0.195537,0.158438,0.053764,0.069964,0.058003,0.095661,0.002205,0.002765
0,0.172465,0.115129,-0.022742,-0.072277,-0.05422,-0.113569,0.002607,0.002009
0,0.290738,0.084267,0.123405,-0.015138,0.130422,0.02614,0.000543,0.001471
0,0.006576,0.003128,-0.292539,-0.052264,-0.338565,-0.009712,0.000115,5.5e-05
0,-0.007498,-0.054551,-0.004061,-0.06572,-0.04982,-0.06171,0.000131,0.000952
0,-0.004908,-0.012445,0.030469,0.04061,0.059888,0.038282,8.6e-05,0.000217
0,0.131179,-0.096257,0.123209,-0.096659,0.119898,-0.121687,0.00229,0.00168
0,0.077943,-0.099626,-0.079445,0.018305,-0.091475,0.05141,0.00136,0.001739
0,-0.10174,-0.009957,-0.157746,0.083326,-0.205803,0.113072,0.001776,0.000174
0,-0.025961,0.119317,0.073832,0.13611,0.102154,0.117759,0.000453,0.002082
0,0.10411,0.05094,0.143621,-0.06796,0.155708,-0.040442,0.001817,0.000889
0,-0.072735,-0.043351,-0.166414,-0.094437,-0.13037,-0.138479,0.001269,0.000757
0,0.017101,-0.013897,0.092764,0.020462,0.05064,-0.028303,0.000298,0.000243
0,-0.169824,-0.057037,-0.171095,-0.03015,-0.125716,-0.042299,0.002654,0.000995
0,-0.14035,-0.04976,0.054429,-0.022241,0.10119,-0.022589,0.00245,0.000868
0,-0.147431,-0.021841,0.018253,0.000269,0.003471,-0.024162,0.002573,0.000381
0,-0.028851,-0.104103,0.142864,-0.090829,0.173905,-0.095104,0.000504,0.001817
0,-0.073314,0.116946,-0.015899,0.218341,-0.03878,0.173058,0.00128,0.002041
0,-0.011034,-0.094717,0.059427,-0.18508,0.079458,-0.147791,0.000193,0.001653
0,0.068573,0.010876,0.064775,0.12126,0.064663,0.089741,0.001197,0.00019
0,-0.084938,0.018995,-0.166646,0.030061,-0.118229,0.058621,0.001482,0.000332
0,0.018714,-0.03533,0.128324,-0.030358,0.098944,0.007267,0.000327,0.000617
0,-0.028857,0.040157,-0.020867,0.088692,-0.061354,0.113354,0.000504,0.000701
0,-0.044307,-0.180299,-0.041215,-0.208186,-0.035346,-0.230838,0.000773,0.002471
0,-0.000267,0.068366,0.034286,0.238682,0.062274,0.262756,5e-06,0.001193
0,-0.114197,0.108313,-0.128627,0.05749,-0.087946,0.025806,0.001993,0.00189
0,0.081263,0.075027,0.210858,-0.038043,0.237986,-0.02114,0.001418,0.001309
0,-0.024386,-0.006169,-0.088494,-0.074565,-0.119307,-0.115745,0.000426,0.000108
0,-0.170523,-0.120045,-0.126192,-0.116943,-0.161606,-0.113158,0.002641,0.002095
0,0.120641,-0.173025,0.295573,-0.046968,0.337029,-0.009589,0.002106,0.002598
0,-0.019991,0.089126,-0.154284,0.239599,-0.161494,0.191032,0.000349,0.001556
0,0.003934,-0.065316,0.008029,-0.181449,0.022391,-0.190682,6.9e-05,0.00114
0,-0.034771,-0.161993,-0.041531,-0.080451,-0.031275,-0.089782,0.000607,0.00279
0,0.031103,0.123987,0.079441,0.306102,0.078639,0.308489,0.000543,0.002164
0,0.124175,0.05363,0.07189,-0.042893,0.093408,-0.056155,0.002167,0.000936
0,-0.018912,-0.06632,-0.150219,-0.147156,-0.119822,-0.110956,0.00033,0.001158
0,0.081724,0.117587,0.092691,0.170752,0.092678,0.198861,0.001426,0.002052
0,0.152852,0.123728,0.058422,-0.018516,0.074085,-7e-06,0.002668,0.002159
0,0.113006,-0.003538,-0.046631,-0.11221,-0.024508,-0.079562,0.001972,6.2e-05
0,-0.058175,-0.073244,-0.146401,-0.080008,-0.153962,-0.08608,0.001015,0.001278
0,-0.173333,0.102933,-0.097539,0.178146,-0.0785,0.197212,0.002592,0.001797
0,-0.034682,0.043616,0.147535,-0.082333,0.171391,-0.126686,0.000605,0.000761
0,0.10571,0.144997,0.146839,0.128597,0.12844,0.130505,0.001845,0.002531
0,0.04674,0.055096,-0.058477,-0.0965,-0.035429,-0.142536,0.000816,0.000962
0,0.116362,-0.07745,0.08291,-0.162156,0.131089,-0.210775,0.002031,0.001352
0,-0.048622,0.058679,-0.155489,0.165569,-0.178645,0.196326,0.000849,0.001024
0,-0.020416,0.124675,0.040126,0.07471,0.057868,0.04386,0.000356,0.002176
0,-0.133596,-0.11458,-0.132096,-0.257296,-0.101233,-0.247343,0.002332,0.002
0,-0.211771,-0.050261,-0.107525,0.045098,-0.132001,-0.000694,0.001921,0.000877
0,0.070838,-0.10124,0.255097,-0.033311,0.273861,0.001648,0.001236,0.001767
0,-0.135229,-0.094208,-0.209329,0.036931,-0.23086,0.067264,0.00236,0.001644
0,-0.011221,-0.057713,0.119736,0.018684,0.133838,0.057536,0.000196,0.001007
0,-0.074772,-0.018012,-0.059117,0.028064,-0.029792,0.017626,0.001305,0.000314
0,0.082181,-0.107154,0.171667,-0.106766,0.149,-0.142016,0.001434,0.00187
0,0.105412,-0.087951,0.012046,0.033487,-0.032137,0.011417,0.00184,0.001535
0,0.100356,0.155247,-0.019131,0.216484,0.003847,0.193689,0.001752,0.00271
0,0.165513,0.13083,0.047574,-0.048433,0.008646,-0.093126,0.002729,0.002283
0,0.074591,-0.106774,-0.073723,-0.256454,-0.104579,-0.209098,0.001302,0.001864
0,0.169771,0.008854,0.103312,0.109519,0.066364,0.156778,0.002654,0.000155
0,0.12767,-0.109396,-0.071888,-0.112609,-0.088139,-0.092124,0.002228,0.001909
0,-0.064338,0.090355,-0.196465,0.190146,-0.165101,0.170933,0.001123,0.001577
0,-0.134225,0.062619,-0.066944,-0.022283,-0.030581,0.00871,0.002343,0.001093
0,0.080241,0.15331,0.208816,0.119106,0.161228,0.087602,0.0014,0.002676
0,-0.026593,-0.09529,-0.094996,-0.260713,-0.054948,-0.226948,0.000464,0.001663
0,0.111329,0.079975,0.140141,0.186019,0.179207,0.215153,0.001943,0.001396
0,-0.149578,0.013443,-0.251295,-0.080263,-0.252723,-0.124997,0.002611,0.000235
0,-0.013595,0.188981,0.1231,0.149213,0.145454,0.199015,0.000237,0.002319
0,-0.077966,-0.02744,-0.037484,-0.229721,-0.068121,-0.226165,0.001361,0.000479
0,-0.005448,0.112578,0.092031,0.11356,0.107366,0.150882,9.5e-05,0.001965
0,-0.032507,-0.078362,0.002751,-0.168111,0.021567,-0.193128,0.000567,0.001368
0,0.030519,0.127782,0.067693,0.232178,0.084275,0.250611,0.000533,0.00223
0,-0.083573,0.084035,-0.139577,-0.016577,-0.18519,0.029735,0.001459,0.001467
0,0.058503,0.121382,0.158611,0.021791,0.130958,0.003559,0.001021,0.002119
0,-0.062245,0.046785,-0.133515,-0.099348,-0.104186,-0.135176,0.001086,0.000817
0,0.00322,-0.110974,0.071964,-0.137194,0.09074,-0.149554,5.6e-05,0.001937
0,-0.051935,-0.025108,-0.025387,0.059314,-0.015964,0.088073,0.000906,0.000438
0,-0.109777,-0.085967,-0.085005,-0.0777,-0.058997,-0.124534,0.001916,0.0015
0,0.116451,-0.034128,0.20735,0.080372,0.205356,0.032822,0.002032,0.000596
0,0.135861,0.035745,0.043799,0.042727,0.01794,0.023593,0.002371,0.000624
0,-0.018608,0.102737,-0.184242,0.039877,-0.195166,0.08764,0.000325,0.001793
0,-0.072477,-0.010121,-0.05989,-0.085538,-0.055878,-0.063609,0.001265,0.000177
0,-0.102987,-0.111232,-0.023584,-0.085533,-0.050389,-0.078646,0.001797,0.001941
0,0.150848,-0.096968,0.251021,-0.002581,0.266684,-0.027429,0.002633,0.001692
0,0.002021,0.084968,-0.122619,0.170371,-0.154274,0.16962,3.5e-05,0.001483
0,-0.015084,0.04839,0.011948,-0.012985,-0.03088,0.024912,0.000263,0.000845
0,-0.05799,-0.04672,-0.030184,-0.103411,-0.065699,-0.063031,0.001012,0.000815
0,0.122294,-0.047919,0.154364,0.027218,0.196682,0.033504,0.002134,0.000836
0,0.068439,0.068532,-0.057002,0.133495,-0.068785,0.101428,0.001194,0.001196
0,-0.116855,-0.061622,-0.193509,-0.131427,-0.21975,-0.161026,0.00204,0.001076
0,-0.074308,0.165015,0.031146,0.2552,0.071021,0.294987,0.001297,0.002737
0,-0.073125,0.054676,-0.016664,-0.088146,-0.021938,-0.12586,0.001276,0.000954
0,0.01352,-0.008756,0.083293,-0.053726,0.043956,-0.048566,0.000236,0.000153
0,0.044729,0.023657,0.004516,0.033238,0.01761,0.025247,0.000781,0.000413
0,-0.032295,0.045915,-0.093286,0.040495,-0.120846,0.073829,0.000564,0.000801
0,0.13702,-0.045576,0.148558,-0.067765,0.121753,-0.04894,0.002391,0.000795
0,-0.076112,0.151622,-0.183814,0.177243,-0.140669,0.162639,0.001328,0.002646
0,0.062802,0.039766,0.140974,-0.120349,0.102165,-0.073283,0.001096,0.000694
0,-0.021381,0.00545,-0.07492,-0.033724,-0.107047,0.002911,0.000373,9.5e-05
0,-0.048961,0.20501,-0.000548,0.211556,0.047124,0.180491,0.000855,0.002039
0,0.224093,0.133082,0.2632,-0.045994,0.279494,-0.006975,0.001706,0.002323
0,0.079948,-0.038195,-0.122437,-0.14141,-0.143189,-0.144568,0.001395,0.000667
0,0.056735,0.009336,-0.048562,0.054789,-0.067557,0.006929,0.00099,0.000163
0,0.113069,0.062808,0.038061,0.072113,0.041833,0.039911,0.001973,0.001096
0,0.098922,-0.058838,-0.042255,-0.09687,-0.034001,-0.095283,0.001727,0.001027
0,0.10454,-0.069695,0.008202,-0.035817,0.016736,8.3e-05,0.001825,0.001216
0,-0.188679,0.009297,-0.312508,0.065704,-0.284063,0.01886,0.002324,0.000162
0,-0.229522,-0.11659,-0.056174,-0.125802,-0.051317,-0.115099,0.001612,0.002035
0,-0.222313,-0.07956,4.1e-05,0.007722,-0.02339,0.004422,0.001737,0.001389
0,0.005905,-0.100896,0.248568,-0.046289,0.212708,-0.083694,0.000103,0.001761
0,0.038782,0.129234,0.01899,0.213902,0.068213,0.171602,0.000677,0.002256
0,-0.023471,-0.04314,-0.060964,-0.166179,-0.101244,-0.167006,0.00041,0.000753
0,-0.234822,-0.107553,-0.236531,-0.056238,-0.20572,-0.094871,0.001519,0.001877
0,-0.250142,0.077749,-0.008533,0.206995,-0.003312,0.197295,0.001252,0.001357
0,-0.075399,-0.128965,0.145396,-0.186892,0.098517,-0.186882,0.001316,0.002251
0,-0.244666,-0.156702,-0.143186,-0.016709,-0.098195,0.000225,0.001347,0.002735
0,-0.026066,0.069374,0.22575,0.217682,0.266322,0.233016,0.000455,0.001211
0,0.090593,0.095335,0.11877,0.049904,0.069781,0.055884,0.001581,0.001664
0,-0.15784,-0.000274,-0.276776,-0.090231,-0.292241,-0.094445,0.002755,5e-06
0,0.066956,0.033014,0.235092,0.061227,0.259497,0.097637,0.001169,0.000576
0,-0.006166,-0.030723,-0.095763,-0.071185,-0.082243,-0.07995,0.000108,0.000536
0,-0.04644,-0.091611,-0.036167,-0.05841,-0.015546,-0.023757,0.000811,0.001599
0,-0.041288,0.102685,0.007607,0.168501,-0.018757,0.159171,0.000721,0.001792
0,-0.004134,-0.059665,0.014806,-0.175838,0.02439,-0.128706,7.2e-05,0.001041
0,0.167123,-0.138343,0.188619,-0.070518,0.175281,-0.054305,0.002701,0.002415
0,-0.145944,0.08411,-0.337329,0.233972,-0.33453,0.255091,0.002547,0.001468
0,-0.002196,-0.075005,0.136675,-0.133137,0.17751,-0.10981,3.8e-05,0.001309
0,0.024129,0.093488,0.04677,0.192532,0.001875,0.161061,0.000421,0.001632
0,-0.193533,-0.081291,-0.191979,-0.148225,-0.160845,-0.169726,0.00224,0.001419
0,-0.039576,0.088294,0.142432,0.185548,0.184394,0.144222,0.000691,0.001541
0,-0.230978,-0.00255,-0.215165,-0.09992,-0.189336,-0.111433,0.001586,4.4e-05
0,-0.008424,0.047814,0.249537,0.040178,0.293637,0.08348,0.000147,0.000835
0,-0.186831,-0.001766,-0.198247,-0.042406,-0.22539,-0.013171,0.002357,3.1e-05
0,-0.243685,-0.019259,-0.063052,-0.0104,-0.013989,-0.029674,0.001364,0.000336
0,-0.157227,0.102635,0.071817,0.11257,0.030277,0.063697,0.002744,0.001791
0,-0.2553,0.013713,-0.081219,-0.108969,-0.095291,-0.06335,0.001162,0.000239
0,-0.049103,-0.091579,0.187593,-0.133507,0.184586,-0.113595,0.000857,0.001598
0,-0.161991,0.107549,-0.086194,0.211611,-0.117681,0.175667,0.00279,0.001877
0,-0.064607,0.032993,0.126764,-0.095964,0.10109,-0.097865,0.001128,0.000576
0,-0.12591,0.071214,-0.046302,0.051656,-0.041019,0.084265,0.002198,0.001243
0,-0.306968,-0.058533,-0.20006,-0.110652,-0.159464,-0.141769,0.00026,0.001022
0,-0.291322,0.037963,0.017368,0.082744,0.011719,0.088337,0.000533,0.000663
0,-0.154738,-0.120106,0.14796,-0.1294,0.146643,-0.084559,0.002701,0.002096
0,-0.079381,-0.035357,0.062657,0.095817,0.10461,0.120985,0.001385,0.000617
0,-0.20759,-0.084743,-0.13679,-0.024778,-0.124441,-0.057196,0.001994,0.001479
0,-0.254573,0.110919,-0.04701,0.207325,-0.084058,0.232186,0.001174,0.001936
0,-0.28854,-0.029105,-0.01091,-0.157864,0.013391,-0.122113,0.000582,0.000508
0,-0.146332,0.013486,0.156661,0.056629,0.155298,0.085141,0.002554,0.000235
0,-0.267754,-0.07169,-0.103919,-0.106656,-0.082181,-0.079657,0.000944,0.001251
0,-0.086163,-0.082687,0.162514,-0.021675,0.134407,-0.051362,0.001504,0.001443
0,-0.07202,-0.086496,0.000202,0.004532,0.018371,0.00122,0.001257,0.00151
0,-0.19018,0.008953,-0.109581,0.118518,-0.131426,0.07627,0.002298,0.000156
0,-0.132563,-0.175386,0.074306,-0.180145,0.032835,-0.148386,0.002314,0.002556
0,0.024539,-0.159561,0.186696,-0.007291,0.199122,-0.012556,0.000428,0.002785
0,-0.126794,-0.217847,-0.179246,-0.053416,-0.158561,-0.034904,0.002213,0.001815
0,0.13315,-0.0434,0.261178,0.177489,0.301969,0.169098,0.002324,0.000757
0,-0.058611,-0.065859,-0.181518,-0.052089,-0.175857,-0.052469,0.001023,0.001149
0,0.04762,-0.018233,0.103798,0.024333,0.110289,-0.011791,0.000831,0.000318
0,-0.005087,-0.173526,-0.071538,-0.137025,-0.099459,-0.100756,8.9e-05,0.002589
0,0.118214,-0.127064,0.139511,0.052328,0.16098,0.032154,0.002063,0.002218
0,-0.051424,-0.216091,-0.179845,-0.090427,-0.182865,-0.118436,0.000898,0.001846
0,0.125756,0.034152,0.186401,0.246314,0.193506,0.250907,0.002195,0.000596
0,0.122914,-0.101626,-0.031603,-0.121074,-0.005563,-0.087294,0.002145,0.001774
0,0.037455,0.039335,-0.091754,0.127088,-0.046214,0.090862,0.000654,0.000687
0,0.02712,-0.023546,-0.003689,-0.040565,0.030965,-0.026527,0.000473,0.000411
0,-0.165693,-0.021608,-0.215279,0.031206,-0.214109,-0.015379,0.002726,0.000377
0,-0.047922,0.038402,0.126822,0.052253,0.09437,0.020916,0.000836,0.00067
0,0.108146,-0.081987,0.134831,-0.091474,0.162828,-0.117047,0.001888,0.001431
0,0.017981,-0.069239,-0.090764,0.028635,-0.111636,-0.008591,0.000314,0.001208
0,0.062876,-0.160758,0.059649,-0.090832,0.01365,-0.084204,0.001097,0.002806
0,0.038594,0.033034,-0.049775,0.176184,-0.057128,0.21435,0.000674,0.000577
0,-0.055021,-0.025429,-0.10345,-0.066764,-0.112826,-0.030722,0.00096,0.000444
0,-0.09395,-0.022646,-0.009087,0.018606,0.033029,0.027442,0.00164,0.000395
0,0.110005,-0.079125,0.229874,-0.061313,0.250828,-0.037557,0.00192,0.001381
0,-0.076353,-0.012367,-0.198194,0.068235,-0.204903,0.075877,0.001333,0.000216
0,0.110326,-0.037261,0.176048,-0.027539,0.147672,-0.032684,0.001926,0.00065
0,-0.100299,-0.117453,-0.215602,-0.089189,-0.172813,-0.102007,0.001751,0.00205
0,-0.098903,-0.031956,-0.02017,0.100036,0.016075,0.081854,0.001726,0.000558
0,0.008384,0.0448,0.127471,0.085241,0.148728,0.07141,0.000146,0.000782
0,-0.062017,-0.042473,-0.099069,-0.086421,-0.057485,-0.069612,0.001082,0.000741
0,0.028591,-0.134387,0.063555,-0.084801,0.026938,-0.083686,0.000499,0.002345
0,-0.132349,0.061598,-0.134752,0.173539,-0.122281,0.204071,0.00231,0.001075
0,0.123677,-0.178327,0.228656,-0.240856,0.229745,-0.287911,0.002159,0.002505
0,0.089411,0.020315,-0.020215,0.217793,0.020432,0.256446,0.001561,0.000355
0,0.114681,-0.158478,-0.002759,-0.190359,0.024816,-0.228568,0.002002,0.002766
0,0.023225,0.068051,-0.06913,0.227742,-0.099405,0.242408,0.000405,0.001188
0,0.098483,-0.056425,0.073598,-0.139112,0.06145,-0.169611,0.001719,0.000985
0,0.203989,-0.12904,0.119014,-0.050697,0.135565,-0.024432,0.002057,0.002252
0,0.100867,-0.011722,-0.086718,0.093817,-0.055864,0.079034,0.00176,0.000205
0,0.086355,-0.117461,-0.021122,-0.080426,0.021617,-0.035839,0.001507,0.00205
0,0.011118,-0.206456,-0.087337,-0.110719,-0.066043,-0.113151,0.000194,0.002014
0,0.003355,-0.096353,-0.029092,0.107072,0.012609,0.107866,5.9e-05,0.001682
0,-0.057901,-0.043002,-0.067445,0.059123,-0.032303,0.087866,0.001011,0.000751
0,0.005714,-0.160296,0.071051,-0.130043,0.078451,-0.083994,0.0001,0.002798
0,0.157235,-0.147959,0.135892,0.008439,0.086972,-0.022854,0.002744,0.002582
0,-0.03077,-0.170072,-0.160141,-0.048536,-0.185972,-0.073731,0.000537,0.002649
0,0.080881,-0.147908,0.085927,0.017443,0.119321,0.023653,0.001412,0.002581
0,-0.008177,-0.180306,-0.065526,-0.015042,-0.112122,-0.045947,0.000143,0.002471
0,0.136708,-0.059479,0.131532,0.14507,0.166458,0.163657,0.002386,0.001038
0,0.088719,0.113736,-0.061097,0.165471,-0.071067,0.161887,0.001548,0.001985
0,-0.090778,0.028224,-0.159584,-0.112275,-0.175402,-0.108781,0.001584,0.000493
0,0.001122,0.025453,0.097885,-0.022946,0.085449,0.021484,2e-05,0.000444
0,-0.07995,0.038685,-0.093246,0.032722,-0.123613,-0.003319,0.001395,0.000675
0,0.006649,-0.045483,0.078905,-0.102967,0.090852,-0.147953,0.000116,0.000794
0,0.041105,0.127813,0.008066,0.181468,-0.019033,0.133989,0.000717,0.002231
0,-0.117324,0.029372,-0.166008,-0.076544,-0.171828,-0.064344,0.002048,0.000513
0,-0.174065,-0.10694,-0.071928,-0.16132,-0.091594,-0.175037,0.002579,0.001866
0,-0.088418,-0.073235,0.084314,0.039851,0.111726,0.052454,0.001543,0.001278
0,0.023675,-0.07985,0.099258,-0.002594,0.147685,-0.044709,0.000413,0.001394
0,-0.150023,0.103501,-0.144881,0.186236,-0.119082,0.232881,0.002618,0.001806
0,-0.159866,-0.156903,0.018636,-0.256564,0.065588,-0.277654,0.00279,0.002738
0,0.099343,0.011592,0.230717,0.195148,0.257762,0.167282,0.001734,0.000202
0,0.09498,0.013879,-0.012459,0.008247,0.031021,0.015939,0.001658,0.000242
0,-0.157377,-0.165218,-0.252548,-0.167797,-0.302176,-0.20205,0.002747,0.002734
0,0.076684,-0.052476,0.214039,0.12512,0.219771,0.103377,0.001338,0.000916
0,0.110316,0.071322,0.028215,0.128572,0.007723,0.129495,0.001925,0.001245
0,-0.038258,-0.132726,-0.164776,-0.183188,-0.191719,-0.173076,0.000668,0.002317
0,-0.092206,-0.111918,-0.05391,0.024523,-0.01374,0.007921,0.001609,0.001953
0,0.102242,-0.120258,0.182835,-0.021355,0.169897,-0.01103,0.001784,0.002099
0,-0.023988,-0.013778,-0.144491,0.123809,-0.179326,0.081165,0.000419,0.00024
0,-0.006325,-0.008242,0.033365,-0.023495,0.041468,-0.072758,0.00011,0.000144
0,0.086825,-0.131014,0.064117,-0.107539,0.109651,-0.150259,0.001515,0.002287
0,0.154257,0.062047,0.077335,0.176383,0.075884,0.214342,0.002692,0.001083
0,0.090058,-0.049639,-0.084026,-0.10663,-0.099784,-0.090972,0.001572,0.000866
0,-0.068724,-0.142308,-0.142878,-0.065439,-0.162797,-0.051243,0.001199,0.002484
0,0.021783,0.044347,0.07825,0.185499,0.127766,0.149756,0.00038,0.000774
0,-0.109169,-0.078763,-0.109757,-0.093685,-0.128271,-0.131161,0.001905,0.001375
0,-0.064801,-0.148193,0.017417,-0.068613,0.029807,-0.089909,0.001131,0.002586
0,-0.036463,-0.148285,0.008105,-0.002837,0.019253,-0.043568,0.000636,0.002588
0,0.016556,-0.099039,0.061499,0.064132,0.024682,0.100398,0.000289,0.001729
0,-0.082032,0.000718,-0.076014,0.127835,-0.057053,0.174143,0.001432,1.3e-05
0,-1.244254,-1.011208,-1.164289,-0.987498,-1.172254,-1.027043,0.000754,0.000796
0,-2.416761,-0.93877,-1.194447,0.087357,-1.236068,0.130361,0.00276,0.000468
0,-2.208137,-0.840092,0.228127,0.116845,0.263122,0.123123,0.000783,0.00219
0,-2.55007,-1.071517,-0.339938,-0.25494,-0.341536,-0.238864,0.000433,0.001849
0,-2.501324,-0.786843,0.064507,0.259825,0.095873,0.264274,0.001284,0.002498
0,-2.074224,-0.86465,0.441944,-0.086342,0.471981,-0.127603,0.002497,0.001762
0,-1.778013,-0.575106,0.286659,0.310911,0.3113,0.279265,0.002673,0.001198
0,-1.145312,-0.529705,0.620542,0.028996,0.609793,-0.01291,0.002481,0.00199
0,-0.398346,0.646588,0.734905,1.203476,0.718557,1.250815,0.001335,5e-05
0,-0.287108,2.082283,0.103911,1.420452,0.106075,1.446778,0.000607,0.002638
0,-0.05142,2.225169,0.258793,0.126855,0.256622,0.158371,0.000897,0.000486
0,0.323627,2.083617,0.386173,-0.163478,0.354342,-0.182996,3.1e-05,0.002661
0,0.294937,1.336046,-0.02988,-0.772345,0.015954,-0.818636,0.00047,0.000848
0,0.299869,1.20576,-0.012276,-0.128083,-0.054802,-0.174856,0.000384,0.001426
0,0.576947,0.786493,0.278875,-0.430274,0.248068,-0.401019,0.001165,0.002492
0,0.326998,0.712076,-0.270894,-0.067019,-0.26083,-0.039794,9e-05,0.001193
0,0.395145,0.48083,0.040914,-0.207076,0.083183,-0.190879,0.001279,0.002775
0,0.149108,0.247824,-0.250071,-0.256595,-0.27714,-0.239896,0.002602,0.001292
0,0.007645,0.287236,-0.14673,0.023563,-0.104505,0.039063,0.000133,0.000604
0,0.129767,0.14299,0.133866,-0.159736,0.150788,-0.154841,0.002265,0.002496
0,0.034965,0.068665,-0.106608,-0.074397,-0.063441,-0.101643,0.00061,0.001198
0,0.126606,0.096806,0.111796,0.036223,0.142565,0.001079,0.00221,0.00169
0,0.190575,0.004089,0.077685,-0.105391,0.086713,-0.074236,0.002291,7.1e-05
0,0.012211,0.021422,-0.173775,-0.011191,-0.217606,-0.001637,0.000213,0.000374
0,-0.093663,-0.143867,-0.10177,-0.162544,-0.146382,-0.154485,0.001635,0.002511
0,0.062095,-0.121856,0.139995,0.013233,0.112991,-0.006499,0.001084,0.002127
0,0.076323,-0.034479,0.005999,0.114641,-0.022613,0.160273,0.001332,0.000602
0,0.113349,0.064385,0.056486,0.11487,0.0424,0.143738,0.001978,0.001124
0,-0.002512,-0.114228,-0.110082,-0.194675,-0.1369,-0.211158,4.4e-05,0.001994
0,0.142665,-0.110929,0.124921,0.020704,0.078295,0.00692,0.00249,0.001936
0,0.139728,0.040314,-0.002661,0.174445,-0.010425,0.146089,0.002439,0.000704
0,-0.138299,-0.085281,-0.2988,-0.097295,-0.342372,-0.128011,0.002414,0.001488
0,0.082229,-0.113275,0.233054,-0.010272,0.25021,0.026213,0.001435,0.001977
0,-0.076871,-0.047613,-0.150299,0.082039,-0.103003,0.062073,0.001342,0.000831
0,0.051555,0.061247,0.155563,0.13785,0.144537,0.102978,0.0009,0.001069
0,0.129682,0.020463,0.10609,-0.038203,0.0758,-0.000879,0.002263,0.000357
0,0.107305,-0.176058,-0.007269,-0.219728,0.03057,-0.255584,0.001873,0.002545
0,-0.003264,0.091191,-0.106838,0.238504,-0.061291,0.222819,5.7e-05,0.001592
0,-0.094496,-0.0959,-0.070645,-0.20823,-0.080024,-0.245762,0.001649,0.001674
0,0.132936,-0.132776,0.248403,-0.010901,0.238709,0.036392,0.00232,0.002317
0,-0.138334,-0.133189,-0.27591,-0.027662,-0.230631,-0.017685,0.002414,0.002325
0,0.132389,-0.024577,0.293219,0.082531,0.256513,0.071901,0.002311,0.000429
0,0.119831,-0.042461,-0.007753,-0.00925,0.013598,-0.046661,0.002091,0.000741
0,-0.022176,0.045457,-0.128853,0.073482,-0.108814,0.053934,0.000387,0.000793
0,-0.077421,0.166065,-0.051332,0.112448,-0.081406,0.095606,0.001351,0.002719
0,-0.106148,0.00267,-0.046246,-0.163211,-0.092405,-0.165916,0.001853,4.7e-05
0,-0.007579,0.050041,0.091543,0.027137,0.095569,0.027573,0.000132,0.000873
0,-0.008322,0.02051,0.002436,-0.002495,0.021482,-0.019331,0.000145,0.000358
0,0.161251,-0.087523,0.156383,-0.122692,0.125325,-0.116156,0.002803,0.001528
0,0.122715,-0.092409,-0.045434,-0.009738,0.003829,0.025091,0.002142,0.001613
0,0.121583,-0.064291,-0.010558,0.036242,-0.045823,0.020732,0.002122,0.001122
0,0.199967,-0.014213,0.078235,0.065635,0.060435,0.074274,0.002127,0.000248
0,0.113805,-0.120936,-0.10973,-0.086239,-0.150459,-0.098846,0.001986,0.002111
0,0.103436,0.001086,-0.023732,0.127887,0.011058,0.085734,0.001805,1.9e-05
0,0.177613,-0.087758,0.088292,-0.076607,0.127949,-0.083435,0.002518,0.001532
0,-0.063991,0.095812,-0.23987,0.162779,-0.207225,0.131954,0.001117,0.001672
0,0.24444,-0.063946,0.335708,-0.15316,0.334593,-0.156861,0.001351,0.001116
0,0.027812,0.107932,-0.191103,0.15691,-0.207927,0.112119,0.000485,0.001884
0,-0.034797,-0.053656,-0.054406,-0.147183,-0.010902,-0.119614,0.000607,0.000936
0,-0.091511,0.044793,-0.076001,0.118853,-0.091743,0.143268,0.001597,0.000782
0,0.079954,0.028696,0.14622,-0.022001,0.191954,-0.023856,0.001395,0.000501
0,-0.062429,-0.037504,-0.142206,-0.066343,-0.102243,-0.109561,0.00109,0.000655
0,0.026438,-0.047647,0.071388,-0.018417,0.081709,-0.056229,0.000461,0.000832
0,0.057981,-0.010771,0.025311,0.037146,0.027058,0.002894,0.001012,0.000188
0,-0.196237,0.004845,-0.257893,0.011907,-0.249665,0.027638,0.002193,8.5e-05
0,-0.091237,0.100971,0.112365,0.073969,0.066529,0.045508,0.001592,0.001762
0,0.098916,0.126444,0.199669,0.028746,0.188085,0.040855,0.001726,0.002207
0,-0.12281,0.164653,-0.210617,0.040132,-0.187829,0.017601,0.002143,0.002744
0,-0.10493,0.216748,0.045988,0.041255,0.001416,0.084256,0.001831,0.001835
0,0.138942,0.219767,0.236346,-0.021747,0.270746,0.016548,0.002425,0.001782
0,0.125808,0.076744,0.006616,-0.123379,0.02961,-0.080122,0.002196,0.001339
0,0.046672,0.217465,-0.103793,0.148205,-0.139377,0.174636,0.000815,0.001822
0,-0.002061,0.042571,-0.021841,-0.175398,-0.066171,-0.167356,3.6e-05,0.000743
0,-0.026989,0.146656,-0.025817,0.112882,-0.061738,0.077334,0.000471,0.00256
0,0.053016,0.137415,0.059162,-0.020232,0.102329,-0.054833,0.000925,0.002398
0,0.048097,0.167838,-0.017075,0.001493,-0.039811,-0.031389,0.000839,0.002688
0,-0.069549,0.03181,-0.14242,-0.136386,-0.157546,-0.154247,0.001214,0.000555
0,-0.054381,-0.035948,0.008171,-0.071476,-0.001614,-0.03359,0.000949,0.000627
0,-0.068399,0.051809,-0.037485,0.064402,-0.082009,0.1009,0.001194,0.000904
0,-0.195728,0.174265,-0.127991,0.113847,-0.087814,0.160363,0.002201,0.002576
0,0.033507,0.19996,0.202729,0.040255,0.187704,0.003436,0.000585,0.002128
0,-0.036884,0.247588,-0.084315,0.053891,-0.08629,0.0796,0.000644,0.001296
0,0.079318,0.120681,0.145445,-0.127984,0.114284,-0.156871,0.001384,0.002106
0,-0.183793,0.15853,-0.265651,0.060643,-0.220979,0.072128,0.00241,0.002767
0,-0.149779,0.04055,0.007212,-0.121502,0.051422,-0.164779,0.002614,0.000708
0,0.049035,-0.005727,0.169984,-0.059684,0.148618,-0.048762,0.000856,0.0001
0,-0.073633,0.09416,-0.102192,0.087403,-0.149102,0.135666,0.001285,0.001643
0,2.151246,-0.885953,2.229135,-1.006029,2.245399,-1.013558,0.001776,0.00139
0,3.674707,-1.117144,1.536692,-0.258556,1.4959,-0.277085,0.002343,0.002645
0,4.767042,-1.282609,1.09428,-0.170717,1.091432,-0.128146,0.001062,8.4e-05
0,4.825008,-0.988807,0.081451,0.319995,0.086806,0.304714,5e-05,0.000405
0,3.081105,-0.87693,-1.72383,0.119725,-1.708442,0.11373,0.0024,0.001547
0,2.669053,-0.647343,-0.418877,0.209048,-0.440216,0.173576,0.001644,6.3e-05
0,1.67164,-0.681008,-1.01312,-0.045293,-0.966331,-0.06497,0.001088,0.000651
0,1.157624,-0.269877,-0.513314,0.40825,-0.493967,0.418272,0.002266,0.000907
0,0.343235,-0.010888,-0.791244,0.262729,-0.757093,0.217504,0.000373,0.00019
0,0.085955,-0.177692,-0.286352,-0.162574,-0.289633,-0.186639,0.0015,0.002516
0,-0.028107,-0.031608,-0.089937,0.124501,-0.102012,0.127349,0.000491,0.000552
0,-0.105348,0.10574,-0.057303,0.119114,-0.071214,0.162549,0.001839,0.001846
0,-0.298112,0.105038,-0.200528,0.025027,-0.166446,0.035461,0.000414,0.001833
0,-0.377303,0.145996,-0.08957,0.066992,-0.113377,0.077662,0.000968,0.002548
0,-0.297039,0.079269,0.100115,-0.061047,0.112432,-0.063601,0.000433,0.001384
0,-0.174538,0.312466,0.103838,0.260309,0.098821,0.226051,0.002571,0.000164
0,-0.212403,0.166597,-0.034435,-0.115898,-0.019885,-0.134202,0.00191,0.00271
0,-0.142794,0.014383,0.067148,-0.142209,0.055721,-0.142005,0.002492,0.000251
0,-0.059629,-0.011778,0.084401,-0.028549,0.077332,-0.066186,0.001041,0.000206
0,-0.026718,0.043238,0.059923,0.025097,0.015007,0.042144,0.000466,0.000755
0,-0.221027,0.064575,-0.173241,-0.006404,-0.166877,0.005056,0.00176,0.001127
0,-0.118579,0.178532,0.120405,0.094313,0.103937,0.06061,0.00207,0.002502
0,0.01984,-0.011836,0.153319,-0.218924,0.177324,-0.232045,0.000346,0.000207
0,-0.005266,-0.03655,-0.043277,-0.018683,-0.018828,-0.058152,9.2e-05,0.000638
0,0.105087,-0.01092,0.086017,0.032369,0.116287,-0.007381,0.001834,0.000191
0,0.03029,-0.080515,-0.088079,-0.045953,-0.086835,-0.014939,0.000529,0.001405
0,-0.04522,-0.00217,-0.087793,0.060883,-0.058064,0.101715,0.000789,3.8e-05
0,0.062695,0.025651,0.101405,0.012289,0.053291,0.046356,0.001094,0.000448
0,-0.086516,0.016306,-0.124028,0.00626,-0.115838,-0.029042,0.00151,0.000285
0,-0.05296,0.018951,0.009109,-0.019769,-0.029787,0.011045,0.000924,0.000331
0,-0.113149,-0.129728,-0.065427,-0.139087,-0.074624,-0.123995,0.001975,0.002264
0,0.007021,0.054653,0.133137,0.155921,0.125015,0.158724,0.000123,0.000954
0,0.004589,-0.173665,-0.021724,-0.254786,-0.056373,-0.293377,8e-05,0.002586
0,0.086164,0.043263,0.073304,0.238071,0.029463,0.256189,0.001504,0.000755
0,-0.156287,-0.168993,-0.249693,-0.214529,-0.255687,-0.212327,0.002728,0.002668
0,0.135865,-0.010005,0.27206,0.167731,0.276667,0.141371,0.002371,0.000175
0,-0.009577,-0.124526,-0.162725,-0.107435,-0.182471,-0.133205,0.000167,0.002173
0,-0.097026,-0.013531,-0.111733,0.137129,-0.148919,0.168208,0.001693,0.000236
0,0.14218,-0.089045,0.260281,-0.089282,0.22521,-0.081139,0.002482,0.001554
0,0.002034,-0.164783,-0.1123,-0.100437,-0.123725,-0.075893,3.6e-05,0.002742
0,-0.073396,0.062019,-0.049197,0.218171,-0.057485,0.211188,0.001281,0.001082
0,0.113349,-0.121369,0.172826,-0.178803,0.131269,-0.13237,0.001978,0.002118
0,-0.106084,-0.100747,-0.245981,-0.001284,-0.241741,-0.040644,0.001852,0.001758
0,-0.068838,0.106721,0.031038,0.207498,0.046255,0.19244,0.001201,0.001863
0,0.080495,-0.007499,0.153373,-0.092156,0.158872,-0.073727,0.001405,0.000131
0,-0.070915,0.089135,-0.172005,0.080633,-0.172383,0.092801,0.001238,0.001556
0,0.081787,0.033586,0.17489,-0.053067,0.198039,-0.067393,0.001427,0.000586
0,0.097043,-0.086654,0.035547,-0.121806,0.065016,-0.090834,0.001694,0.001512
0,-0.013933,-0.01934,-0.083681,0.093439,-0.056794,0.064385,0.000243,0.000338
0,0.038929,-0.023718,0.045016,-0.010797,-0.000935,-0.034954,0.000679,0.000414
0,-0.174367,-0.075642,-0.230584,-0.025878,-0.232028,-0.026457,0.002574,0.00132
0,-0.001478,0.085302,0.18911,0.172029,0.1727,0.144741,2.6e-05,0.001489
0,-0.101822,-0.049768,-0.123064,-0.157719,-0.089948,-0.131589,0.001777,0.000869
0,-0.127656,0.080707,-0.015598,0.151032,0.012602,0.167073,0.002228,0.001409
0,0.128928,0.072535,0.284943,0.015434,0.283062,-0.007213,0.00225,0.001266
0,0.03523,-0.019582,-0.102272,-0.116815,-0.152148,-0.166739,0.000615,0.000342
0,0.01211,0.019162,-0.015697,0.06361,-0.008366,0.038604,0.000211,0.000334
0,-0.167815,0.151437,-0.203219,0.106614,-0.249075,0.080247,0.002689,0.002643
0,0.038147,0.167146,0.221359,0.006831,0.185962,-0.037383,0.000666,0.0027
0,-0.107559,0.195871,-0.146709,0.01378,-0.142025,0.008031,0.001877,0.002199
0,-0.070326,0.135667,0.029306,-0.054936,-0.007648,-0.043317,0.001227,0.002368
0,0.082932,-0.10116,0.124808,-0.212653,0.122457,-0.260415,0.001447,0.001766
0,0.014219,0.069655,-0.092934,0.200414,-0.081556,0.246454,0.000248,0.001216
0,0.07075,0.034134,0.032468,-0.02176,-0.013479,0.011727,0.001235,0.000596
0,-0.037332,-0.016707,-0.123036,-0.024026,-0.079335,-0.030402,0.000652,0.000292
0,-0.182054,0.14513,-0.145227,0.137758,-0.112578,0.120068,0.00244,0.002533
0,-0.157148,0.182752,0.032553,0.038605,0.070169,0.063557,0.002743,0.002428
0,-0.169206,0.037564,0.004277,-0.136948,0.025117,-0.153468,0.002664,0.000656
0,-0.120407,0.011017,0.044992,-0.027602,0.086035,-0.03751,0.002102,0.000192
0,-0.165885,0.106615,-0.066364,0.100171,-0.030124,0.059594,0.002722,0.001861
0,0.038029,-0.159234,0.231711,-0.290072,0.247477,-0.252144,0.000664,0.002779
0,0.049831,-0.090449,0.009351,0.083528,-0.029155,0.098078,0.00087,0.001579
0,-0.08858,-0.047213,-0.138996,0.042176,-0.149482,0.025762,0.001546,0.000824
0,-0.060553,0.032256,0.004883,0.077588,0.039018,0.08986,0.001057,0.000563
0,-0.08149,0.038401,-0.026832,-0.014178,-0.063334,-0.040756,0.001422,0.00067
0,-0.004636,0.09016,0.055005,0.066816,0.056236,0.058252,8.1e-05,0.001574
0,-0.069577,0.130066,-0.053409,0.043843,-0.074826,0.037738,0.001214,0.00227
0,0.088688,-0.069247,0.154553,-0.223825,0.164421,-0.230991,0.001548,0.001209
0,-0.118249,-0.068836,-0.182649,-0.025496,-0.204974,-0.062247,0.002064,0.001201
0,0.012772,-0.012549,0.11668,0.069576,0.106522,0.088358,0.000223,0.000219
0,0.112634,0.011512,0.099483,0.051035,0.074052,0.028903,0.001966,0.000201
0,-0.082227,-0.08225,-0.210802,-0.082672,-0.227919,-0.10171,0.001435,0.001436
0,-0.000495,-0.014755,0.057403,0.040925,0.030751,0.015044,9e-06,0.000258
0,0.005771,0.045959,0.020668,0.082028,-0.02242,0.125069,0.000101,0.000802
0,0.029237,-0.113969,0.042805,-0.152501,0.024332,-0.202166,0.00051,0.001989
0,0.020513,0.130098,0.01334,0.266877,0.009028,0.286549,0.000358,0.002271
0,-0.105621,-0.025761,-0.139848,-0.135236,-0.096335,-0.092958,0.001843,0.00045
0,-0.015408,0.006898,0.111435,0.002853,0.095989,0.049259,0.000269,0.00012
0,-0.11827,0.107711,-0.117416,0.104937,-0.166173,0.125228,0.002064,0.00188
0,-0.113806,-0.026956,0.033769,-0.145884,0.036502,-0.191345,0.001986,0.00047
0,-0.190394,-0.061954,-0.060327,-0.016961,-0.091547,-0.01312,0.002295,0.001081
0,0.021914,0.036058,0.192538,0.116573,0.155456,0.109625,0.000382,0.000629
0,-0.020815,-0.07669,-0.029983,-0.10355,-0.049067,-0.100981,0.000363,0.001338
0,-0.01419,0.090997,0.014852,0.188577,0.016722,0.219209,0.000248,0.001588
0,0.013762,-0.02123,0.021302,-0.092949,-0.009918,-0.093176,0.00024,0.000371
0,-0.173977,-0.182018,-0.17527,-0.130903,-0.166461,-0.167302,0.002581,0.002441
0,-0.159893,-0.07557,0.015709,0.087081,-0.028063,0.108102,0.002791,0.001319
0,0.005816,-0.172114,0.161345,-0.080187,0.122262,-0.069612,0.000102,0.002614
0,0.052904,-0.04264,0.023136,0.106544,0.070639,0.10886,0.000923,0.000744
0,-0.194358,-0.1488,-0.222778,-0.12533,-0.175223,-0.111196,0.002225,0.002597
0,-0.112168,-0.187602,0.101477,-0.048797,0.123312,-0.079806,0.001958,0.002343
0,-0.141638,0.042389,-0.018539,0.242897,-0.006407,0.288223,0.002472,0.00074
0,-0.060497,0.049425,0.109055,-0.022376,0.090483,-0.055807,0.001056,0.000863
0,-0.223968,-0.070689,-0.169596,-0.132358,-0.128225,-0.174055,0.001709,0.001234
0,-0.159752,0.00438,0.047239,0.076237,0.050358,0.066863,0.002788,7.6e-05
0,-0.108742,-0.157929,0.027127,-0.145221,0.008891,-0.163969,0.001898,0.002756
0,0.142124,-0.003442,0.277675,0.171262,0.314144,0.220834,0.002481,6e-05
0,0.110748,-0.057642,-0.057789,-0.077878,-0.084621,-0.080665,0.001933,0.001006
0,0.035914,0.002795,-0.055394,0.041435,-0.102469,-0.004244,0.000627,4.9e-05
0,-0.109718,-0.128441,-0.17165,-0.107305,-0.121881,-0.093259,0.001915,0.002242
0,-0.192135,0.026544,-0.062762,0.182185,-0.094986,0.227549,0.002264,0.000463
0,-0.135825,-0.030026,0.039432,-0.039915,0.047933,-0.006111,0.002371,0.000524
0,-0.078213,-0.11487,0.041507,-0.064721,0.041933,-0.047368,0.001365,0.002005
0,-0.152168,-0.056436,-0.053322,0.069699,-0.042715,0.084935,0.002656,0.000985
0,-0.18194,-0.028392,-0.020155,0.022763,-0.003698,0.023712,0.002442,0.000496
0,-0.02565,0.084741,0.181009,0.083883,0.194601,0.131049,0.000448,0.001479
0,0.052208,-0.134604,0.066334,-0.236601,0.107095,-0.226852,0.000911,0.002349
0,-0.057383,-0.060307,-0.095344,0.060974,-0.110678,0.049649,0.001002,0.001053
0,0.038794,-0.159542,0.091072,-0.081638,0.060354,-0.122454,0.000677,0.002785
0,0.199207,-0.145992,0.167545,0.026171,0.129474,0.007952,0.002141,0.002548
0,0.035917,-0.086312,-0.188194,0.033321,-0.196875,0.043091,0.000627,0.001506
0,0.087017,0.066057,0.030506,0.159334,0.04717,0.165764,0.001519,0.001153
0,-0.021634,-0.149406,-0.097206,-0.207849,-0.135009,-0.224802,0.000378,0.002608
0,0.082046,-0.100825,0.091661,0.076286,0.044125,0.068271,0.001432,0.00176
0,-2.460182,0.967751,-2.569209,1.074522,-2.601355,1.035321,0.002002,3.8e-05
0,-2.543855,2.16064,-0.058816,1.178225,-0.018199,1.169064,0.000541,0.001612
0,-3.037861,2.506857,-0.491022,0.34401,-0.511854,0.370272,0.002463,0.001187
0,-2.820677,2.331151,0.2406,-0.160375,0.214578,-0.135962,0.001327,0.001364
0,-2.799453,1.759822,-0.004929,-0.568947,-0.010834,-0.526877,0.001698,0.002627
0,-2.501305,1.37893,0.305096,-0.361807,0.294849,-0.350388,0.001284,0.001597
0,-1.671569,1.110504,0.827479,-0.282796,0.872571,-0.251452,0.001087,0.002529
0,-0.977715,0.906945,0.695894,-0.216503,0.741831,-0.192606,0.000212,0.001023
0,-0.305697,0.799491,0.686174,-0.080758,0.728135,-0.05924,0.000282,0.002719
0,-0.292456,0.541141,0.033811,-0.274376,0.071082,-0.246821,0.000513,0.00179
0,-0.15474,0.405747,0.117022,-0.162116,0.079587,-0.173286,0.002701,0.001464
0,0.169416,0.344673,0.302145,-0.063167,0.349537,-0.013859,0.002661,0.000398
0,0.033753,0.159023,-0.152893,-0.214892,-0.130252,-0.253192,0.000589,0.002775
0,0.174334,-0.092824,0.159632,-0.222378,0.195739,-0.213861,0.002575,0.00162
0,0.212344,-0.187171,0.063846,-0.112965,0.038455,-0.102306,0.001911,0.002351
0,-0.017717,-0.25805,-0.238162,-0.04446,-0.202027,-0.075386,0.000309,0.001114
0,-0.022072,-0.306055,0.022471,-0.06804,0.054155,-0.083867,0.000385,0.000276
0,0.006155,-0.042994,0.040381,0.248887,0.089849,0.27747,0.000107,0.00075
0,0.028975,-0.222779,0.028221,-0.193195,0.046775,-0.239029,0.000506,0.001729
0,0.151398,-0.025544,0.114134,0.221432,0.13527,0.258934,0.002642,0.000446
0,0.159676,-0.146235,-0.017969,-0.141657,-0.060057,-0.183205,0.002787,0.002552
0,0.001872,-0.175774,-0.134398,-0.042927,-0.089511,-0.006997,3.3e-05,0.00255
0,0.047255,-0.188524,0.032977,-0.007885,0.038279,0.010244,0.000825,0.002327
0,0.174708,-0.166616,0.131466,0.035724,0.165952,0.014971,0.002568,0.00271
0,0.259384,-0.175029,0.102243,-0.034194,0.100742,-0.03685,0.00109,0.002563
0,0.016152,-0.083907,-0.219019,0.062896,-0.258715,0.03947,0.000282,0.001464
0,0.085404,-0.18792,0.072749,-0.132575,0.044514,-0.108623,0.001491,0.002338
0,0.217794,-0.103932,0.109025,0.083478,0.069448,0.09448,0.001816,0.001814
0,0.048489,-0.098172,-0.169678,0.027063,-0.215306,0.065588,0.000846,0.001713
0,0.070097,-0.200686,0.005452,-0.104926,0.027319,-0.092697,0.001223,0.002115
0,0.304681,0.007374,0.242727,0.179677,0.255681,0.195843,0.0003,0.000129
0,0.111849,-0.005111,-0.164959,-0.006959,-0.156691,-0.029493,0.001952,8.9e-05
0,0.321007,-0.224319,0.233687,-0.247702,0.264179,-0.259455,1.5e-05,0.001702
0,0.162305,-0.141942,-0.167444,0.089859,-0.204915,0.087061,0.002785,0.002477
0,0.265927,-0.110468,0.076484,0.026933,0.0966,-0.01119,0.000976,0.001928
0,0.239364,-0.095052,-0.005444,0.003253,-0.04631,-0.020475,0.00144,0.001659
0,0.162814,-0.017529,-0.079884,0.071565,-0.109895,0.081643,0.002776,0.000306
0,0.152241,-0.167675,-0.030389,-0.128954,0.007986,-0.1103,0.002657,0.002691
0,0.024622,-0.026591,-0.142429,0.133264,-0.131702,0.136734,0.00043,0.000464
0,0.16456,-0.100507,0.118,-0.103404,0.144521,-0.068488,0.002745,0.001754
0,-0.063126,-0.118359,-0.243732,0.002074,-0.224869,0.010021,0.001102,0.002066
0,-0.046258,-0.131935,0.043237,0.014903,0.010925,0.044202,0.000807,0.002303
0,0.093085,-0.142552,0.125278,-0.030707,0.113217,-0.028186,0.001625,0.002488
0,0.087463,-0.278573,-0.029216,-0.157483,-0.006461,-0.139059,0.001527,0.000755
0,-0.001296,-0.106099,-0.093395,0.179604,-0.134383,0.214931,2.3e-05,0.001852
0,-0.074465,-0.060182,-0.102226,0.028144,-0.117164,0.031004,0.0013,0.00105
0,0.011114,-0.178515,0.07266,-0.130885,0.104689,-0.105389,0.000194,0.002502
0,0.116683,-0.203993,0.117099,-0.052477,0.140502,-0.085415,0.002037,0.002057
0,-0.053976,-0.082694,-0.20009,0.123982,-0.193322,0.158141,0.000942,0.001443
0,-0.016263,-0.237044,0.063119,-0.142158,0.070232,-0.180167,0.000284,0.00148
0,-0.037394,-0.023474,-0.033321,0.213443,-0.076036,0.194057,0.000653,0.00041
0,-0.166982,-0.189357,-0.133264,-0.14985,-0.127823,-0.113358,0.002703,0.002313
0,0.024061,-0.193397,0.209833,0.018048,0.193931,0.049682,0.00042,0.002242
0,-0.037381,0.049798,-0.071989,0.254255,-0.070432,0.206637,0.000652,0.000869
0,0.05954,-0.142564,0.107281,-0.182494,0.107166,-0.227196,0.001039,0.002488
0,-0.099844,-0.050359,-0.162514,0.08555,-0.202511,0.110351,0.001743,0.000879
0,0.01401,-0.101464,0.126087,-0.050223,0.145566,-0.025287,0.000245,0.001771
0,-0.096585,-0.192878,-0.132978,-0.11329,-0.177975,-0.143513,0.001686,0.002251
0,-0.104629,-0.142483,-0.004604,0.038367,-0.049778,0.023802,0.001826,0.002487
0,-0.229818,0.038262,-0.143955,0.155455,-0.146,0.111131,0.001606,0.000668
0,-0.210407,-0.105606,0.024365,-0.158782,0.064977,-0.112889,0.001945,0.001843
0,-0.065959,0.030487,0.161635,0.121133,0.19015,0.128784,0.001151,0.000532
0,0.076099,-0.198889,0.126467,-0.20969,0.095278,-0.241563,0.001328,0.002146
0,-0.117832,-0.0904,-0.205819,0.130835,-0.172424,0.161438,0.002057,0.001578
0,-0.221321,-0.123543,-0.113883,-0.056607,-0.07984,-0.010815,0.001755,0.002156
0,-0.234507,-0.075233,-0.03287,0.068642,-0.038617,0.096373,0.001525,0.001313
0,-0.161146,-0.049751,0.071004,0.01034,0.099412,0.017502,0.002805,0.000868
0,-0.137955,-0.219011,-0.001793,-0.145879,0.041707,-0.180867,0.002408,0.001795
0,-0.131054,-0.05535,-0.014479,0.18064,-0.020473,0.137781,0.002287,0.000966
0,-0.044748,-0.150598,0.09737,-0.070127,0.122809,-0.048527,0.000781,0.002628
0,-0.100561,-0.046226,-0.064822,0.098227,-0.030209,0.097942,0.001755,0.000807
0,-0.098497,-0.067996,0.019735,0.003451,-0.007597,0.001839,0.001719,0.001187
0,0.024681,-0.056512,0.122212,0.021756,0.102621,0.069661,0.000431,0.000986
0,0.027901,-0.044719,0.003402,-0.002851,0.022406,0.005388,0.000487,0.00078
0,0.010497,-0.008529,-0.011544,0.056293,-0.003421,0.044158,0.000183,0.000149
0,0.053745,0.022144,0.047169,0.004559,0.054438,-0.018064,0.000938,0.000386
0,0.107385,0.009388,0.037001,-0.033297,0.010287,-0.069818,0.001874,0.000164
0,0.066041,-0.217607,-0.030353,-0.244367,-0.009054,-0.279813,0.001153,0.00182
0,0.087462,-0.13642,0.0092,0.073351,-0.008526,0.10938,0.001527,0.002381
0,0.041127,-0.193914,-0.075905,-0.076117,-0.121724,-0.063461,0.000718,0.002233
0,0.104875,0.02378,0.055727,0.225002,0.012147,0.255037,0.00183,0.000415
0,-0.143289,-0.018292,-0.2539,-0.052954,-0.235823,-0.017925,0.002501,0.000319
0,-0.22828,-0.221516,-0.088052,-0.18352,-0.108469,-0.204672,0.001633,0.001751
0,-0.051449,0.045001,0.174006,0.27761,0.155568,0.240922,0.000898,0.000785
0,-0.034598,-0.014211,0.036565,-0.043613,0.070508,-0.087081,0.000604,0.000248
0,-0.160769,-0.166038,-0.152618,-0.168267,-0.111197,-0.133505,0.002806,0.00272
0,-0.775963,0.51196,-0.641832,0.683412,-0.67323,0.656134,0.002308,0.0023
0,-1.456785,1.055049,-0.705774,0.518328,-0.737756,0.481969,0.002662,0.001562
0,-1.844349,1.356534,-0.413098,0.280251,-0.445584,0.240663,0.001515,0.001206
0,-1.687907,1.4245,0.131268,0.049217,0.179975,0.076696,0.001372,0.002392
0,-1.443787,0.980679,0.225198,-0.464891,0.19209,-0.450718,0.002729,0.000264
0,-1.203582,0.881275,0.220793,-0.104186,0.229468,-0.126415,0.001343,0.001471
0,-8.947542,0.58494,-7.764461,-0.3083,-7.7439,-0.347974,0.001126,0.001026
0,-9.126176,0.382031,-0.173569,-0.202079,-0.216796,-0.15709,0.001992,0.00105
0,-8.855143,0.350333,0.259228,-0.032723,0.263203,0.017256,0.002739,0.000497
0,-8.956294,0.082944,-0.082873,-0.296004,-0.033626,-0.32438,0.000973,0.001448
0,-9.030127,-0.049793,-0.087542,-0.109966,-0.099633,-0.073048,0.000315,0.000869
0,-9.023983,0.16307,-0.017072,0.212184,-0.037713,0.229285,0.000208,0.002771
0,-8.904933,-0.197846,0.094768,-0.375671,0.101162,-0.33545,0.00187,0.002164
0,-8.968013,-0.223495,-0.049752,-0.045428,-0.095035,-0.09484,0.000769,0.001717
0,-8.8531,-0.19789,0.127243,0.010752,0.14888,0.03419,0.002774,0.002164
0,-8.975245,-0.160836,-0.148028,0.008899,-0.170559,0.01326,0.000643,0.002807
0,-8.568235,-0.046974,0.411354,0.119936,0.411516,0.097041,0.002129,0.00082
0,-8.13155,0.013458,0.429998,0.064972,0.393644,0.047492,0.001485,0.000235
0,-7.602182,-0.019613,0.526059,-0.038581,0.493119,-0.07388,0.002137,0.000342
0,-7.293834,-0.149822,0.300341,-0.108114,0.302876,-0.126329,0.001901,0.002615
0,-6.861769,-0.029993,0.404541,0.126414,0.418963,0.175172,0.001793,0.000523
0,-6.638281,-0.068827,0.248834,-0.04458,0.258205,-0.036759,0.002108,0.001201
0,-6.108242,-0.01561,0.528862,0.024108,0.479746,0.042046,0.000124,0.000272
0,-5.853379,0.114196,0.252235,0.101744,0.260251,0.114496,0.001046,0.001993
0,-5.626407,-0.141918,0.209405,-0.279259,0.22859,-0.242931,0.002702,0.002477
0,-5.209114,-0.108963,0.414412,0.006655,0.420419,-0.034644,0.001036,0.001902
0,-4.865414,0.015542,0.337977,0.147779,0.297669,0.145883,0.000655,0.000271
0,-4.689843,-0.028919,0.201092,-0.028493,0.218399,0.006194,0.002409,0.000505
0,-4.417815,-0.069313,0.251098,-0.044801,0.26227,-0.074218,0.00154,0.00121
0,-4.127668,0.051264,0.277336,0.130256,0.311171,0.126198,0.000986,0.000895
0,-4.101048,0.133723,0.009508,0.071356,0.022113,0.045334,0.001451,0.002334
0,-3.914852,-0.029549,0.172393,-0.155439,0.128966,-0.107667,0.000917,0.000516
0,-3.582736,-0.074708,0.356769,-0.062765,0.328978,-0.099838,0.000738,0.001304
0,-3.439138,0.109795,0.130231,0.179987,0.157627,0.171807,0.001768,0.001916
0,-3.160117,-0.094837,0.259232,-0.177456,0.222743,-0.217838,0.001021,0.001655
0,-3.025591,0.063402,0.157702,0.131653,0.172987,0.105173,0.002249,0.001107
0,-2.709305,-0.007462,0.301507,-0.065159,0.31071,-0.089957,0.002346,0.00013
0,-2.647136,-0.121288,0.091456,-0.127302,0.084169,-0.13299,0.001261,0.002117
0,-2.407393,-0.027848,0.261882,0.115175,0.267352,0.118757,0.002694,0.000486
0,-2.332004,-0.119432,0.055056,-0.091597,0.019073,-0.105877,0.001379,0.002084
0,-2.195993,0.134786,0.132984,0.232079,0.137861,0.262466,0.000995,0.002352
0,-2.186672,0.093087,0.002101,-0.041449,0.009883,-0.077918,0.001158,0.001625
0,-2.013677,-0.116685,0.157979,-0.203999,0.175911,-0.239552,0.00144,0.002037
0,-1.786179,-0.139385,0.233493,-0.003401,0.214702,-0.014182,0.00253,0.002433
0,-1.776579,0.159819,0.005128,0.324782,0.044767,0.349935,0.002698,0.002789
0,-1.697203,0.002012,0.060608,-0.162791,0.061529,-0.135611,0.001534,3.5e-05
0,-1.436167,0.063638,0.267365,0.085913,0.26068,0.061129,0.002596,0.001111
0,-1.518865,-0.026432,-0.055804,-0.077869,-0.04909,-0.090036,0.001578,0.000461
0,-1.563879,-0.020269,-0.049909,0.020555,-0.05518,0.022793,0.000793,0.000354
0,-1.418482,0.086168,0.148405,0.113526,0.134721,0.090753,0.002287,0.001504
0,-1.404584,-0.025177,0.041472,-0.101872,0.065694,-0.127198,0.002045,0.000439
0,-1.419524,0.152496,-0.007128,0.197319,-0.027839,0.15529,0.002305,0.002662
0,-1.076137,0.093929,0.360055,-0.035061,0.316408,-0.030114,0.00193,0.001639
0,-1.162582,-0.060462,-0.08457,-0.166776,-0.056513,-0.146536,0.002179,0.001055
0,-1.014707,0.105557,0.125735,0.188376,0.090567,0.20435,0.000857,0.001842
0,-0.887011,-0.014182,0.142753,-0.127499,0.097995,-0.083003,0.001371,0.000248
0,-0.820354,-0.035663,0.055114,-0.011723,0.057445,-0.016607,0.002535,0.000622
0,-1.047762,0.146247,-0.202041,0.160209,-0.206972,0.147639,0.001434,0.002552
0,-0.864146,0.019117,0.205735,-0.111312,0.206052,-0.160008,0.00177,0.000334
0,-0.809902,0.034087,0.039545,0.022043,-0.006184,0.019923,0.002717,0.000595
0,-0.648991,-0.058,0.132209,-0.096949,0.134861,-0.083466,9.2e-05,0.001012
0,-0.686598,0.140547,-0.065137,0.214098,-0.042013,0.222328,0.000748,0.002453
0,-0.742954,0.162112,-0.035208,-0.007055,-0.057667,-0.035801,0.001732,0.002788
0,-0.537555,-0.055514,0.206702,-0.217623,0.201716,-0.203225,0.001853,0.000969
0,-0.65475,0.105293,-0.125362,0.144075,-0.076991,0.147809,0.000193,0.001838
0,-0.661559,0.087243,-0.016409,-0.010167,0.032051,-0.019006,0.000311,0.001523
0,-0.458168,0.085542,0.229367,-0.005158,0.241417,-0.050845,0.002379,0.001493
0,-0.577745,-0.044032,-0.112594,-0.144161,-0.093624,-0.172407,0.001151,0.000769
0,-0.438407,0.020382,0.154643,0.039496,0.141851,0.016553,0.002034,0.000356
0,-0.375257,0.148058,0.092428,0.133551,0.098617,0.164,0.000932,0.002584
0,-0.443627,0.065327,-0.086069,-0.108531,-0.107446,-0.134475,0.002125,0.00114
0,-0.379778,-0.012373,0.074848,-0.098752,0.037453,-0.056891,0.001011,0.000216
0,-0.38158,-0.09668,-0.027365,-0.107911,-0.068981,-0.064679,0.001042,0.001687
0,-0.33686,-0.089008,0.065985,0.030447,0.095622,-0.014941,0.000262,0.001553
0,-0.25247,-0.059481,0.109675,0.009163,0.100602,-0.032517,0.001211,0.001038
0,-0.150266,-0.13853,0.101079,-0.059807,0.079874,-0.102731,0.002623,0.002418
0,-0.196209,0.107341,-0.056211,0.248807,-0.056395,0.292457,0.002193,0.001873
0,-0.160882,-0.16863,0.031288,-0.290731,0.062218,-0.28262,0.002808,0.002674
0,-0.172606,-0.063454,-0.01318,0.075616,-0.045048,0.058831,0.002605,0.001107
0,-0.241172,-0.010422,-0.07571,0.058913,-0.062336,0.064869,0.001408,0.000182
0,-0.155912,-0.160794,0.088075,-0.146572,0.130345,-0.111105,0.002721,0.002806
0,-0.22184,0.063025,-0.041352,0.236481,-0.000568,0.192378,0.001746,0.0011
0,-0.208126,-0.174445,0.011628,-0.263231,0.057691,-0.249405,0.001985,0.002573
0,-0.105774,-0.027084,0.076384,0.170307,0.11564,0.201442,0.001846,0.000473
0,-0.000933,0.0533,0.095798,0.107252,0.08792,0.145255,1.6e-05,0.00093
0,-0.023788,-0.130198,-0.005099,-0.166902,-0.046429,-0.212916,0.000415,0.002272
0,-0.075915,-0.079231,-0.072869,0.070729,-0.034332,0.037521,0.001325,0.001383
0,-0.060304,-0.198252,0.038087,-0.119317,0.008933,-0.074469,0.001053,0.002157
0,-0.237392,0.032124,-0.185608,0.259608,-0.160687,0.235453,0.001474,0.000561
0,-0.14682,-0.011211,0.067355,-0.039336,0.089989,-0.080601,0.002563,0.000196
0,-0.078242,-0.197459,0.052023,-0.203122,0.061609,-0.21608,0.001366,0.002171
0,-0.18444,-0.148506,-0.121413,0.058934,-0.094768,0.071612,0.002398,0.002592
0,-0.240861,-0.173989,-0.057855,-0.016641,-0.047665,-0.052366,0.001414,0.002581
0,-0.1285,-0.112734,0.125597,0.062907,0.129957,0.083196,0.002243,0.001968
0,-0.150988,-0.024718,-0.003158,0.084306,0.044992,0.116286,0.002635,0.000431
0,-0.101458,-0.007471,0.028925,0.012025,-0.003409,0.052497,0.001771,0.00013
0,-0.151919,0.096171,-0.077646,0.130801,-0.049001,0.144341,0.002651,0.001678
0,-0.090227,-0.142572,0.047027,-0.254835,0.084311,-0.232345,0.001575,0.002488
0,-0.229348,0.070077,-0.151514,0.234253,-0.149541,0.209846,0.001615,0.001223
0,-0.297335,-0.153078,-0.084125,-0.226587,-0.091501,-0.244673,0.000428,0.002672
0,-0.160349,-0.073607,0.159594,0.061435,0.156135,0.097713,0.002799,0.001285
0,-0.000177,0.109666,0.136225,0.199102,0.136652,0.240838,3e-06,0.001914
0,-0.063035,0.030346,-0.052231,-0.05272,-0.013287,-0.092615,0.0011,0.00053
0,-0.157945,0.169211,-0.110087,0.115925,-0.099468,0.075602,0.002757,0.002664
0,0.025974,-0.09333,0.20245,-0.288119,0.214529,-0.327297,0.000453,0.001629
0,-0.079894,-0.068251,-0.122157,0.05283,-0.080172,0.016259,0.001394,0.001191
0,-0.051881,0.010921,0.004115,0.076662,-0.027086,0.033674,0.000905,0.000191
0,-0.0307,0.13095,0.049064,0.129314,0.037302,0.13716,0.000536,0.002286
0,-0.124975,0.131256,-0.092168,-0.012896,-0.09853,-0.050964,0.002181,0.002291
0,-0.096205,0.016678,0.041689,-0.137861,0.054833,-0.166325,0.001679,0.000291
0,-0.061793,-0.087739,0.013036,-0.133259,-0.009526,-0.115975,0.001078,0.001531
0,-0.0963,-0.086225,-0.028385,0.00959,-0.051063,-0.023686,0.001681,0.001505
0,-0.014721,0.051447,0.084536,0.1431,0.084529,0.108606,0.000257,0.000898
0,-0.15881,-0.086782,-0.140702,-0.127595,-0.18107,-0.158601,0.002772,0.001515
0,-0.192686,0.127627,-0.027351,0.197115,-0.059269,0.162257,0.002255,0.002228
0,-0.105937,0.208461,0.063988,0.05517,0.062221,0.042113,0.001849,0.001979
0,-0.206728,0.124707,-0.084058,-0.107768,-0.077951,-0.09544,0.002009,0.002177
0,-0.153403,0.047925,0.081514,-0.100173,0.124991,-0.123655,0.002677,0.000836
0,-0.08607,0.234811,0.071472,0.194045,0.098366,0.209393,0.001502,0.001519
0,0.053517,0.017838,0.114282,-0.196721,0.11758,-0.183001,0.000934,0.000311
0,-0.001207,0.09107,-0.075546,0.092507,-0.040696,0.104357,2.1e-05,0.001589
0,-0.234307,-0.084432,-0.216214,-0.17137,-0.213177,-0.170628,0.001528,0.001474
0,-0.057223,0.097854,0.196912,0.166457,0.240906,0.213188,0.000999,0.001708
0,-0.093995,-0.04426,-0.025006,-0.156188,-0.055476,-0.124876,0.001641,0.000772
0,-0.170015,0.118665,-0.085566,0.166577,-0.084585,0.186653,0.00265,0.002071
0,-0.202638,-0.027849,-0.05862,-0.129977,-0.055917,-0.153062,0.002081,0.000486
0,-0.122155,0.175674,0.103827,0.211435,0.096565,0.227068,0.002132,0.002551
0,-0.26213,0.001425,-0.132825,-0.173458,-0.179018,-0.208566,0.001042,2.5e-05
0,-0.003007,-0.104684,0.253712,-0.110806,0.237165,-0.091614,5.2e-05,0.001827
0,-0.03698,-0.018295,-0.021639,0.06188,0.010308,0.033164,0.000645,0.000319
0,-0.016166,0.082442,0.003993,0.115389,0.034661,0.13754,0.000282,0.001439
0,-0.051848,0.064094,-0.047113,-0.004284,-0.001282,0.036919,0.000905,0.001119
0,-0.028371,0.023343,0.010247,-0.032059,0.025658,-0.057791,0.000495,0.000407
0,-0.03309,0.117868,-0.010576,0.120063,0.027035,0.08924,0.000578,0.002057
0,-0.13193,0.080382,-0.097109,-0.057365,-0.131285,-0.107165,0.002303,0.001403
0,-0.183391,0.128012,-0.073849,0.051647,-0.061227,0.077905,0.002417,0.002234
0,-0.156693,0.152278,0.048497,-0.002353,0.005608,0.029346,0.002735,0.002658
0,-0.174087,0.170575,-0.011659,0.015895,0.017728,0.05303,0.002579,0.00264
0,-0.18831,-0.021209,-0.017679,-0.196226,0.020269,-0.196806,0.002331,0.00037
0,-0.171394,0.028644,0.042743,0.051099,-0.005582,0.013452,0.002626,0.0005
0,-0.274249,0.025101,-0.083341,-0.004456,-0.045038,-0.022038,0.000831,0.000438
0,-0.138809,-0.067441,0.115573,-0.099647,0.072716,-0.092583,0.002423,0.001177
0,-0.280182,0.047001,-0.119281,0.140701,-0.144863,0.187548,0.000727,0.00082
0,-0.167671,0.213635,0.103154,0.141009,0.151669,0.114151,0.002691,0.001889
0,-0.167001,0.042612,-0.019113,-0.18886,0.012112,-0.145136,0.002703,0.000744
0,-0.237345,-0.022988,-0.071973,-0.086365,-0.078629,-0.055212,0.001475,0.000401
0,-0.071457,0.08697,0.193707,0.095436,0.148838,0.064799,0.001247,0.001518
0,0.080984,0.049607,0.136409,-0.008581,0.088158,-0.019221,0.001413,0.000866
0,-0.16484,0.017848,-0.274183,-0.04136,-0.276905,-0.015475,0.002741,0.000311
0,0.042297,0.114679,0.221039,0.097238,0.192302,0.090783,0.000738,0.002002
0,-0.051594,0.144703,-0.075777,0.035588,-0.057646,0.071722,0.0009,0.002526
0,0.101314,0.216631,0.135017,0.085133,0.157279,0.076066,0.001768,0.001837
0,0.044694,0.207523,-0.067456,-0.012778,-0.062328,-0.00777,0.00078,0.001996
0,-0.164732,0.120065,-0.196381,-0.083733,-0.204854,-0.073061,0.002742,0.002096
0,-0.225127,-0.025657,-0.06486,-0.152832,-0.071158,-0.170662,0.001688,0.000448
0,-0.030956,-0.071256,0.196126,-0.070173,0.210847,-0.026997,0.00054,0.001244
0,0.025906,-0.012205,0.029898,0.080241,0.01491,0.05021,0.000452,0.000213
0,-8.92041,0.406475,-8.950251,0.403621,-8.927951,0.3617,0.0016,0.001477
0,-8.936678,0.646468,-0.019763,0.24636,-0.005915,0.262835,0.001316,4.8e-05
0,-8.959834,0.680856,-0.030962,0.056219,-0.022085,0.081908,0.000912,0.000648
0,-8.991561,0.526376,-0.055089,-0.160689,-0.103836,-0.158877,0.000358,0.002048
0,-9.002086,0.337004,0.001737,-0.178322,-0.037831,-0.145415,0.000174,0.000264
0,-8.91645,0.225098,0.094416,-0.094919,0.074999,-0.101652,0.001669,0.001689
0,-8.895077,0.366268,0.013192,0.119144,0.008852,0.158431,0.002042,0.000775
0,-8.890502,0.387388,-0.007393,0.036642,0.042474,0.076046,0.002122,0.001144
0,-8.511993,0.327738,0.408446,-0.049967,0.438095,-0.037215,0.002507,0.000103
0,-8.23328,0.070688,0.278363,-0.280974,0.268884,-0.248877,0.002357,0.001234
0,-7.823909,0.174887,0.400953,0.12872,0.395205,0.125705,0.001733,0.002565
0,-6.298945,0.092647,1.495779,-0.099251,1.473139,-0.106228,0.002413,0.001617
0,-3.645868,-0.207356,2.626347,-0.312844,2.597803,-0.353051,0.00184,0.001998
0,-2.779437,-0.107791,0.886231,0.07285,0.932596,0.047249,0.000759,0.001881
0,-9.104317,-0.02404,-6.341147,0.056853,-6.365034,0.010345,0.00161,0.00042
0,-8.555239,-0.187837,0.536172,-0.171361,0.499061,-0.211984,0.002356,0.002339
0,-8.078967,0.034758,0.503081,0.224366,0.462003,0.222192,0.000567,0.000607
0,-7.663467,-0.137208,0.399291,-0.145848,0.352783,-0.170596,0.001067,0.002395
0,-7.183145,-0.18101,0.464666,-0.032772,0.440764,-0.042595,0.001784,0.002458
0,-6.865121,-0.018276,0.342617,0.184365,0.326524,0.197833,0.001851,0.000319
0,-6.52344,-0.143302,0.365548,-0.112886,0.341688,-0.14272,0.001505,0.002501
0,-6.281846,0.014104,0.260501,0.151992,0.275197,0.182537,0.002711,0.000246
0,-5.995299,-0.125628,0.308588,-0.166022,0.277169,-0.202777,0.002095,0.002193
0,-5.357484,-0.21689,0.632229,-0.072402,0.646582,-0.07555,0.001992,0.001832
0,-5.116669,-0.242717,0.250764,-0.041863,0.289682,-0.037527,0.000577,0.001381
0,-5.056026,-0.244414,0.033805,0.004506,-0.012357,0.023123,0.001636,0.001352
0,-4.680394,-0.164691,0.39757,0.09081,0.361923,0.112861,0.002574,0.002743
0,-4.42877,-0.211212,0.262526,-0.023194,0.248303,-0.037028,0.001348,0.001931
0,-4.077251,-0.146464,0.369739,0.087223,0.369899,0.097879,0.001866,0.002556
0,-3.976157,-0.239737,0.115576,-0.086026,0.079716,-0.051177,0.001987,0.001433
0,-3.709098,0.014606,0.250718,0.259332,0.237743,0.285886,0.002674,0.000255
0,-3.508619,0.024849,0.20835,0.006067,0.229443,0.012565,0.000556,0.000434
0,-3.197455,-0.020338,0.283053,-0.047922,0.322734,-0.053187,0.000369,0.000355
0,-3.060596,-0.133499,0.107951,-0.124165,0.105628,-0.165872,0.002758,0.00233
0,-2.974953,0.043641,0.096312,0.175558,0.103196,0.128175,0.001365,0.000762
0,-2.73255,-0.19062,0.26023,-0.217725,0.234837,-0.218765,0.002752,0.002291
0,-2.831211,-0.055005,-0.124756,0.159994,-0.081284,0.111422,0.001144,0.00096
0,-2.490441,-0.029087,0.33725,0.041383,0.365294,0.050959,0.001474,0.000508
0,-2.474319,-0.065301,0.00022,-0.006675,-0.04216,0.022973,0.001755,0.00114
0,-2.442878,-0.113511,0.030075,-0.041682,0.036084,-0.02038,0.002304,0.001981
0,-2.212072,0.005635,0.210777,0.130712,0.204843,0.163114,0.000715,9.8e-05
0,-2.125578,-0.086843,0.085925,-0.065001,0.120866,-0.053663,0.002224,0.001516
0,-1.779125,-0.188672,0.363094,-0.101645,0.330486,-0.098427,0.002653,0.002325
0,-1.782804,-0.101222,-0.015005,0.080072,0.004774,0.116385,0.002589,0.001767
0,-1.795609,-0.037698,0.004594,0.05877,-0.008286,0.027454,0.002366,0.000658
0,-1.56665,-0.133708,0.214816,-0.079069,0.167013,-0.098436,0.000744,0.002334
0,-1.622658,0.053744,-0.060387,0.215412,-0.049415,0.201997,0.000233,0.000938
0,-1.412375,-0.097125,0.187871,-0.146032,0.152321,-0.157933,0.002181,0.001695
0,-1.307441,-0.116624,0.096074,-0.016959,0.057018,-0.056346,0.000349,0.002035
0,-1.20928,-0.067198,0.113977,0.071188,0.065776,0.1198,0.001364,0.001173
0,-1.090046,0.050072,0.136478,0.114647,0.124306,0.066536,0.002172,0.000874
0,-1.308237,-0.06702,-0.231483,-0.102181,-0.192487,-0.063529,0.000363,0.00117
0,-1.056112,-0.108468,0.231603,-0.041552,0.210501,-0.014254,0.00158,0.001893
0,-1.111486,-0.107795,-0.066629,-0.025834,-0.061003,0.010344,0.002547,0.001881
0,-1.089457,-0.178829,0.019551,-0.041862,0.049766,-0.044008,0.002162,0.002496
0,-0.94361,-0.162736,0.145862,0.044528,0.179436,0.023224,0.000383,0.002777
0,-0.781851,0.02686,0.152724,0.204479,0.103207,0.18055,0.002411,0.000469
0,-0.941524,-0.070542,-0.138011,-0.103344,-0.091074,-0.086092,0.00042,0.001231
0,-0.878734,0.039021,0.085737,0.103529,0.052779,0.076805,0.001516,0.000681
0,-0.931778,-0.234428,-0.071164,-0.299474,-0.089383,-0.284222,0.00059,0.001526
0,-0.695193,0.005126,0.217061,0.254472,0.192326,0.212163,0.000898,8.9e-05
0,-0.696871,-0.078833,-0.016892,-0.084446,0.014139,-0.036632,0.000928,0.001376
0,-9.015188,-0.307705,-8.346553,-0.251916,-8.337578,-0.220502,5.4e-05,0.000247
0,-8.877672,-0.74421,0.133332,-0.452506,0.1077,-0.490001,0.002346,0.001754
0,-8.879799,-0.741597,-0.020299,0.012903,0.027816,0.033621,0.002309,0.001708
0,-8.910648,-0.638938,-0.018948,0.095113,-0.063133,0.139213,0.00177,8.3e-05
0,-8.957912,-0.705364,-0.018555,-0.068466,0.028386,-0.039231,0.000945,0.001076
0,-8.877314,-0.606203,0.068958,0.116734,0.081193,0.14986,0.002352,0.000655
0,-8.881788,-0.396539,-0.006518,0.213216,0.013188,0.204771,0.002274,0.001303
0,-9.103616,-0.249208,-0.233731,0.121279,-0.255207,0.071493,0.001598,0.001268
0,-9.144135,-0.207225,-0.031696,0.063907,-0.025443,0.10592,0.002305,0.002001
0,-9.085911,-0.220179,0.081065,0.010899,0.127123,0.03087,0.001289,0.001775
0,-8.865148,0.145439,0.222397,0.390823,0.221321,0.379852,0.002564,0.002538
0,-8.874332,0.167016,-0.038665,-0.007575,-0.001686,-0.017183,0.002404,0.002703
0,-8.851338,-0.022438,0.004182,-0.161408,-0.005514,-0.176024,0.002805,0.000392
0,-8.861775,0.19369,-0.023367,0.206329,0.007635,0.172783,0.002623,0.002237
0,-9.074403,0.000474,-0.20248,-0.190833,-0.190318,-0.198113,0.001088,8e-06
0,-8.98629,0.09613,0.080524,0.098645,0.100008,0.065901,0.00045,0.001678
0,-8.912321,-0.126175,0.054738,-0.217807,0.073342,-0.199064,0.001741,0.002202
0,-8.440869,0.082369,0.484571,0.219435,0.483237,0.26317,0.001266,0.001438
0,-8.085325,-0.045195,0.378736,-0.14492,0.409008,-0.153288,0.000678,0.000789
0,-8.210774,0.036786,-0.140353,0.075379,-0.122815,0.044505,0.00275,0.000642
0,-6.976258,0.034311,1.251895,-0.018354,1.265802,-0.047526,0.001827,0.000599
0,-6.019702,-0.152307,0.985853,-0.167365,0.974157,-0.19236,0.001669,0.002658
0,-5.214145,-0.084346,0.815839,0.043163,0.822818,-0.006089,0.001124,0.001472
0,-3.797123,-0.161644,1.414246,-0.101672,1.378411,-0.064666,0.001138,0.002796
0,-2.813211,-0.099248,0.99778,0.091944,0.948896,0.137135,0.001348,0.001732
0,-8.975537,0.068293,-6.182036,0.164861,-6.208581,0.164804,0.000638,0.001192
0,-9.129692,-0.010554,-0.159001,-0.095719,-0.136038,-0.092053,0.002053,0.000184
0,-8.90868,-0.111228,0.243919,-0.129092,0.243608,-0.141343,0.001804,0.001941
0,-8.903235,-0.029189,-0.021197,0.064201,0.011691,0.018051,0.001899,0.000509
0,-8.990807,-0.023967,-0.10554,0.016173,-0.064407,0.050391,0.000371,0.000418
0,-9.048452,0.11484,-0.083795,0.120923,-0.074204,0.139557,0.000635,0.002004
0,-9.002948,-0.060111,0.040523,-0.154767,0.072919,-0.156478,0.000159,0.001049
0,-9.089702,-0.053438,-0.081117,-0.003492,-0.049606,0.000977,0.001355,0.000933
0,-9.003946,-0.074252,0.110696,0.008102,0.113938,0.056637,0.000142,0.001296
0,-8.982417,-0.026924,0.023235,0.027381,0.053916,0.016879,0.000517,0.00047
0,-8.633507,0.163994,0.32611,0.208574,0.352975,0.207276,0.00099,0.002755
0,-8.234212,0.1429,0.403691,-0.013885,0.435493,0.02438,0.002341,0.002494
0,-7.695849,0.047565,0.524354,-0.093704,0.481513,-0.050993,0.000502,0.00083
0,-7.369177,0.06317,0.351806,0.027141,0.388757,-0.016729,0.000586,0.001103
0,-6.866521,-0.068012,0.484702,-0.155391,0.509229,-0.190057,0.001876,0.001187
0,-6.583464,-0.045121,0.258226,0.033296,0.282584,0.00298,0.002553,0.000788
0,-6.129552,0.120038,0.456401,0.185101,0.493212,0.135416,0.000248,0.002095
0,-5.678764,0.06643,0.439646,-0.082768,0.41815,-0.119735,0.002002,0.001159
0,-5.381577,0.055065,0.269107,-0.019535,0.264031,-0.021372,0.001571,0.000961
0,-5.256225,-0.065517,0.122049,-0.105776,0.148084,-0.107813,0.001858,0.001143
0,-5.020334,0.170124,0.209701,0.246743,0.224212,0.203883,0.002259,0.002648
0,-4.712412,0.014543,0.323035,-0.176884,0.305315,-0.128526,0.002016,0.000254
0,-4.322263,-0.087838,0.392261,-0.075726,0.359994,-0.100575,0.00241,0.001533
0,-4.262071,-0.080002,0.072343,0.030635,0.071896,-0.004228,0.00136,0.001396
0,-4.035071,-0.034264,0.208589,0.033372,0.232432,-0.002148,0.002602,0.000598
0,-3.710767,0.182492,0.314682,0.246081,0.270876,0.286228,0.002645,0.002432
0,-3.627537,-0.059155,0.098348,-0.222349,0.090989,-0.237324,0.00152,0.001032
0,-3.264524,0.100897,0.378636,0.169242,0.42278,0.204381,0.000802,0.001761
0,-3.165376,0.151379,0.110019,0.025744,0.135258,0.029152,0.000929,0.002642
0,-2.764444,-0.088658,0.421585,-0.255373,0.456729,-0.259124,0.002309,0.001547
0,-2.802329,0.1525,-0.064129,0.269908,-0.085799,0.249729,0.001648,0.002662
0,-2.594958,0.002918,0.230936,-0.12155,0.225635,-0.138883,0.00035,5.1e-05
0,-2.545522,0.179854,0.056522,0.14974,0.057532,0.168784,0.000512,0.002478
0,-2.331816,0.149873,0.207496,-0.037277,0.247941,-0.052759,0.001375,0.002616
0,-2.358807,-0.076801,-0.01657,-0.250452,-0.022958,-0.265302,0.001846,0.00134
0,-2.163601,-0.108051,0.190122,-0.028785,0.218547,0.004489,0.001561,0.001886
0,-1.87669,0.076778,0.313018,0.187789,0.35771,0.140789,0.000951,0.00134
0,-1.917256,0.131743,-0.035779,0.067847,-0.08195,0.087243,0.000243,0.002299
0,-1.910279,0.080232,0.027875,-0.075785,0.051637,-0.101932,0.000364,0.0014
0,-1.809386,-0.117079,0.115215,-0.220328,0.140322,-0.189083,0.002125,0.002043
0,-1.553897,0.127321,0.275015,0.232218,0.277827,0.185461,0.000967,0.002222
0,-1.437061,0.044546,0.096227,-0.078617,0.06151,-0.115629,0.002611,0.000777
0,-1.535738,0.065722,-0.102955,0.042406,-0.079198,0.002113,0.001284,0.001147
0,-1.497227,0.048511,0.030849,-0.017806,-0.015383,-0.0655,0.001956,0.000847
0,-1.333096,0.055763,0.145058,0.032412,0.157648,0.063674,0.000797,0.000973
0,-1.378303,0.011609,-0.044952,-0.035305,-0.04229,-0.045905,0.001586,0.000203
0,-1.086238,0.064219,0.294336,0.047507,0.277047,0.06436,0.002106,0.001121
0,-1.082799,0.100631,-0.008953,0.049745,-0.013117,0.076401,0.002046,0.001756
0,-1.097857,0.192445,-0.018809,0.113264,-0.067278,0.136546,0.002309,0.002259
0,-0.952095,0.149853,0.157621,-0.018919,0.187203,-0.007066,0.000235,0.002615
0,-1.052822,0.054042,-0.089991,-0.10108,-0.058466,-0.116872,0.001523,0.000943
0,-0.891801,0.186931,0.18738,0.134123,0.228814,0.114266,0.001288,0.002355
0,-0.839861,-0.051996,0.069788,-0.238301,0.04978,-0.197631,0.002194,0.000907
0,-0.812544,0.069729,0.010183,0.120118,-0.029878,0.152095,0.002671,0.001217
0,-0.58858,0.150797,0.22714,0.106413,0.272547,0.12147,0.000962,0.002632
0,-0.581032,-0.048746,0.014409,-0.194852,-0.030249,-0.148506,0.001094,0.000851
0,-0.77542,0.167874,-0.206969,0.231002,-0.227585,0.204543,0.002299,0.002688
0,-0.661804,-0.018922,0.122495,-0.162357,0.08766,-0.194968,0.000316,0.00033
0,-0.646486,0.170369,-0.014375,0.164911,0.009002,0.158353,4.8e-05,0.002644
0,-0.650163,0.117283,-0.032975,-0.066583,0.012968,-0.102687,0.000112,0.002047
0,-0.375114,-0.008908,0.276945,-0.120447,0.273971,-0.108844,0.000929,0.000155
0,-0.572279,0.153273,-0.187915,0.142939,-0.180114,0.141963,0.001247,0.002675
0,-0.466213,0.00633,0.079631,-0.166266,0.101322,-0.124129,0.002519,0.00011
0,-0.383225,0.134025,0.058459,0.141615,0.099016,0.106287,0.001071,0.002339
0,-0.422684,-0.038876,-0.054914,-0.188735,-0.047871,-0.212939,0.00176,0.000679
0,-0.53098,0.055941,-0.129384,0.101954,-0.153953,0.112162,0.001968,0.000976
0,-0.523838,0.045273,-0.000559,0.015842,-0.025189,0.058216,0.002092,0.00079
0,-0.51059,0.036388,0.030697,-0.008616,0.011475,-0.041607,0.002324,0.000635
0,-0.514513,0.081867,-0.003567,0.027084,-0.023204,0.00129,0.002255,0.001429
0,-0.439882,0.014942,0.079549,-0.051542,0.117731,-0.026814,0.00206,0.000261
0,-0.326697,0.032837,0.094298,0.01619,0.118827,-0.00696,8.4e-05,0.000573
0,-0.465188,0.119196,-0.135135,0.059261,-0.10542,0.049117,0.002502,0.00208
0,-0.348339,0.097235,0.107787,0.007506,0.141307,0.051845,0.000462,0.001697
0,-0.414519,0.001649,-0.094556,-0.102863,-0.075435,-0.125854,0.001617,2.9e-05
0,-0.383366,0.039129,0.055763,0.012331,0.094639,0.059316,0.001073,0.000683
0,-0.402306,-0.064082,0.002919,-0.120392,0.041783,-0.09705,0.001404,0.001118
0,-0.372725,-0.01495,0.050187,0.053687,0.02072,0.088449,0.000888,0.000261
0,-0.449148,-0.016081,-0.078741,-0.008748,-0.09457,-0.049444,0.002222,0.000281
0,-0.148422,-0.079612,0.322015,-0.081644,0.288103,-0.118023,0.00259,0.001389
0,-0.344355,0.109539,-0.203918,0.193802,-0.202836,0.200624,0.000393,0.001912
0,-0.294893,0.033759,0.079227,-0.071391,0.046296,-0.114543,0.000471,0.000589
0,-0.20105,0.094865,0.098157,0.063616,0.061615,0.072504,0.002109,0.001656
0,-0.119139,-0.056535,0.069866,-0.140358,0.044007,-0.186276,0.002079,0.000987
0,-0.377922,-0.137821,-0.244316,-0.068902,-0.20036,-0.031389,0.000978,0.002405
0,-0.301923,-0.07301,0.086078,0.092638,0.072462,0.13364,0.000348,0.001274
0,-0.148352,-0.058049,0.169499,0.013255,0.21228,0.017218,0.002589,0.001013
0,-0.199162,-0.014038,-0.047383,0.062211,-0.065212,0.056518,0.002141,0.000245
0,-0.361149,0.019738,-0.154082,0.028974,-0.183558,0.07732,0.000686,0.000344
0,-0.290873,-0.024432,0.045867,-0.055869,0.058838,-0.096284,0.000541,0.000426
0,-0.250957,0.027371,0.029301,0.071643,0.072008,0.066597,0.001237,0.000478
0,-0.080943,-0.028614,0.148145,-0.049215,0.171258,-0.075027,0.001413,0.000499
0,-0.252236,-0.068351,-0.199091,-0.065098,-0.208615,-0.045796,0.001215,0.001193
0,-0.232897,0.066158,0.027437,0.130424,0.020946,0.174371,0.001553,0.001155
0,-0.288828,0.015971,-0.053957,-0.042105,-0.056826,-0.067448,0.000577,0.000279
0,-0.045391,0.078714,0.253183,0.092191,0.269542,0.067637,0.000792,0.001374
0,-0.019224,0.093275,0.032369,0.023486,-0.013603,0.050075,0.000336,0.001628
0,-0.035182,-0.050807,-0.045516,-0.123323,-0.040546,-0.087044,0.000614,0.000887
0,-0.233495,0.012298,-0.215694,0.043067,-0.252588,0.037477,0.001542,0.000215
0,-0.133841,-0.121189,0.120768,-0.152759,0.14822,-0.168101,0.002336,0.002115
0,-0.079813,0.068432,0.071225,0.165889,0.052902,0.191772,0.001393,0.001194
0,-0.200289,0.064207,-0.132377,-0.00943,-0.178312,0.009089,0.002122,0.001121
0,-0.271872,0.049105,-0.072546,-0.018953,-0.118536,0.014348,0.000872,0.000857
0,-0.106606,-0.138105,0.159124,-0.17597,0.19102,-0.195728,0.001861,0.00241
0,-0.186943,-0.143902,-0.102054,0.022003,-0.116498,0.057752,0.002355,0.002512
0,-0.110256,0.063206,0.06366,0.187754,0.014743,0.13989,0.001924,0.001103
0,-0.011471,-0.046304,0.0808,-0.125128,0.117782,-0.100783,0.0002,0.000808
0,0.105694,0.072723,0.091963,0.121959,0.095048,0.104756,0.001845,0.001269
0,0.002355,-0.050411,-0.130484,-0.127884,-0.112913,-0.15016,4.1e-05,0.00088
0,-0.043689,0.131997,-0.045564,0.199102,-0.093053,0.183027,0.000763,0.002304
0,0.075001,0.033119,0.139815,-0.078684,0.114277,-0.118926,0.001309,0.000578
0,-0.035321,-0.016405,-0.090218,-0.026197,-0.121959,0.008509,0.000616,0.000286
0,0.086321,0.116078,0.117549,0.142015,0.077728,0.186313,0.001507,0.002026
0,0.059549,0.066836,-0.009507,-0.047344,0.022084,-0.090471,0.001039,0.001167
0,-0.113489,0.123546,-0.179121,0.068561,-0.167159,0.023392,0.001981,0.002156
0,-0.070297,0.065926,0.029461,-0.064198,-0.020305,-0.105241,0.001227,0.001151
0,-0.257525,-0.068187,-0.207881,-0.128753,-0.254564,-0.161702,0.001123,0.00119
0,-0.094604,-0.011978,0.160066,0.045061,0.1297,0.030351,0.001651,0.000209
0,0.034785,0.069648,0.104872,0.05231,0.123413,0.007893,0.000607,0.001216
0,-0.008417,0.104003,-0.062218,0.055577,-0.106678,0.052735,0.000147,0.001815
0,-0.120743,-0.015996,-0.121556,-0.111129,-0.111287,-0.073089,0.002107,0.000279
0,0.014371,-0.077778,0.12727,-0.084217,0.173719,-0.115691,0.000251,0.001357
0,-0.086491,0.093905,-0.124212,0.168675,-0.12216,0.212888,0.00151,0.001639
0,-0.005685,0.117738,0.052042,0.002149,0.095877,0.019153,9.9e-05,0.002055
0,-0.069135,-0.05936,-0.061489,-0.15187,-0.085466,-0.149718,0.001207,0.001036
0,-0.07258,0.03077,-0.022482,0.089015,-0.01549,0.068519,0.001267,0.000537
0,-0.200432,0.001716,-0.109264,-0.04771,-0.105042,-0.06252,0.002119,3e-05
0,-0.127544,0.07647,0.070599,0.06574,0.065063,0.111166,0.002226,0.001335
0,-0.01573,0.15312,0.122955,0.049249,0.147062,0.030213,0.000275,0.002672
0,0.047555,0.064966,0.051314,-0.099957,0.045714,-0.145143,0.00083,0.001134
0,0.091477,-0.088181,0.032994,-0.171745,0.051571,-0.133657,0.001597,0.001539
0,0.195052,0.146285,0.10959,0.263512,0.144031,0.21934,0.002213,0.002553
0,-0.023399,-0.063224,-0.197145,-0.195437,-0.215532,-0.212484,0.000408,0.001103
0,0.053881,0.053186,0.089621,0.126158,0.071395,0.157217,0.00094,0.000928
0,0.208222,0.043218,0.179645,0.005086,0.184181,-0.032251,0.001983,0.000754
0,0.051084,-0.002284,-0.129906,-0.028309,-0.172324,-0.001941,0.000892,4e-05
0,0.223771,-0.035723,0.16403,-0.013168,0.13638,-0.058892,0.001712,0.000623
0,0.171597,-0.052706,-0.045089,0.010456,-0.018655,0.015878,0.002623,0.00092
0,0.153656,-0.050308,-0.043465,-0.018178,0.001629,-0.067066,0.002682,0.000878
0,0.092396,0.103503,-0.043775,0.16533,-0.010451,0.197126,0.001613,0.001806
0,-0.007105,-0.013902,-0.120184,-0.142171,-0.076409,-0.093865,0.000124,0.000243
0,0.094586,0.025375,0.10477,0.04538,0.132562,0.069477,0.001651,0.000443
0,0.225402,-0.082399,0.127799,-0.105716,0.174276,-0.139578,0.001684,0.001438
0,0.173725,0.089285,-0.027198,0.171487,-0.012605,0.132491,0.002585,0.001558
0,0.10887,-0.116745,-0.041384,-0.203437,-0.077222,-0.167083,0.0019,0.002038
0,0.066814,0.002032,-0.013818,0.104687,0.010523,0.097847,0.001166,3.5e-05
0,-0.092442,-0.064858,-0.188704,-0.045481,-0.204244,-0.084743,0.001613,0.001132
0,-0.148924,-0.038384,-0.07152,0.03237,-0.033294,-0.003766,0.002599,0.00067
0,-0.071847,-0.002794,0.095484,0.040652,0.085809,0.069705,0.001254,4.9e-05
0,-0.023443,0.0175,0.023442,0.035318,0.066152,0.045172,0.000409,0.000305
0,-0.120161,0.00682,-0.121054,-0.006172,-0.113099,-0.03981,0.002097,0.000119
0,0.12697,-0.179151,0.261008,-0.181057,0.23675,-0.201962,0.002216,0.002491
0,0.092041,0.103021,-0.026718,0.260595,-0.025559,0.223534,0.001606,0.001798
0,-0.023706,0.000834,-0.114008,-0.116147,-0.129898,-0.092155,0.000414,1.5e-05
0,0.019275,-0.038693,0.044218,-0.034798,0.059473,-0.045215,0.000336,0.000675
0,0.034109,-0.080856,0.042038,-0.025577,0.090474,-0.00945,0.000595,0.001411
0,-0.127197,-0.143731,-0.154259,-0.053145,-0.201562,-0.007999,0.00222,0.002509
0,-0.09319,-0.156713,0.018128,0.015247,0.009634,-0.030251,0.001626,0.002735
0,-0.037721,0.002545,0.039142,0.129555,0.001131,0.128989,0.000658,4.4e-05
0,-0.082645,0.059943,-0.027899,0.041003,-0.059127,0.015042,0.001442,0.001046
0,-0.040123,-0.117996,0.018316,-0.162935,0.057124,-0.173885,0.0007,0.002059
0,-0.241159,0.004196,-0.194915,0.146594,-0.213867,0.192599,0.001408,7.3e-05
0,-0.192264,0.020275,0.024711,0.002843,0.009928,-0.000355,0.002262,0.000354
0,-0.120411,-0.20685,0.05371,-0.197328,0.10233,-0.180161,0.002102,0.002007
0,-0.042056,-0.191744,0.094415,0.009394,0.110806,-0.022908,0.000734,0.002271
0,-0.056128,-0.190354,-0.002002,-0.000451,-0.000392,-0.04018,0.00098,0.002295
0,-0.031618,0.032759,0.012191,0.206839,0.062029,0.192786,0.000552,0.000572
0,0.085263,-0.113512,0.130423,-0.153553,0.101829,-0.179624,0.001488,0.001981
0,-0.105316,-0.159987,-0.178349,-0.046682,-0.162597,0.001533,0.001838,0.002792
0,-0.055486,-0.028314,0.051321,0.110426,0.049256,0.096081,0.000968,0.000494
0,-0.097452,0.021506,-0.031231,0.033617,-0.058003,0.006967,0.001701,0.000375
0,0.126136,-0.119184,0.236808,-0.123496,0.193101,-0.160702,0.002201,0.00208
0,-0.068717,0.070714,-0.216069,0.161608,-0.188795,0.167775,0.001199,0.001234
0,0.108613,-0.170456,0.175969,-0.242101,0.159092,-0.291135,0.001896,0.002642
0,-0.091608,-0.045524,-0.207097,0.146637,-0.235424,0.116027,0.001599,0.000795
0,0.050597,-0.009772,0.159177,0.050545,0.115166,0.081253,0.000883,0.000171
0,-0.013593,-0.100798,-0.036131,-0.071309,-0.059044,-0.096338,0.000237,0.001759
0,0.053248,-0.178161,0.091734,-0.058422,0.108972,-0.078014,0.000929,0.002508
0,-0.122389,0.041598,-0.191797,0.227442,-0.226354,0.255052,0.002136,0.000726
0,-0.104053,-0.1101,0.008769,-0.129875,-0.033717,-0.123056,0.001816,0.001922
0,-0.002921,-0.107897,0.121703,0.007557,0.098448,-0.033049,5.1e-05,0.001883
0,0.07522,0.107344,0.091875,0.213173,0.058808,0.233064,0.001313,0.001874
0,-0.012226,0.068164,-0.105399,-0.033893,-0.123464,-0.00427,0.000213,0.00119
0,0.075641,-0.019603,0.108534,-0.077775,0.05972,-0.029193,0.00132,0.000342
0,-0.005081,-0.113831,-0.077983,-0.121387,-0.061104,-0.137826,8.9e-05,0.001987
0,0.216367,-0.119637,0.24041,-0.018071,0.210971,-0.047768,0.001841,0.002088
0,-0.028643,-0.163677,-0.22259,-0.034345,-0.234328,-0.019242,0.0005,0.002761
0,-0.128462,-0.048631,-0.096532,0.085977,-0.048628,0.078974,0.002242,0.000849
0,-0.028591,0.074466,0.119977,0.093559,0.106386,0.082153,0.000499,0.0013
0,0.050291,-0.05811,0.094123,-0.144467,0.112825,-0.144225,0.000878,0.001014
0,-0.111593,-0.057379,-0.190372,0.025042,-0.205736,0.014037,0.001948,0.001001
0,0.053186,0.034575,0.169541,0.114867,0.191434,0.152327,0.000928,0.000603
0,-0.00807,-0.0899,-0.08718,-0.115944,-0.078093,-0.165663,0.000141,0.001569
0,-0.15334,0.022377,-0.147583,0.134113,-0.132129,0.11283,0.002676,0.000391
0,0.066089,-0.071145,0.224976,-0.120907,0.263454,-0.08879,0.001153,0.001242
0,0.044823,-0.076092,-0.001563,-0.011868,-0.034554,-0.007915,0.000782,0.001328
0,0.063142,-0.139286,0.001374,-0.050713,0.037366,-0.049805,0.001102,0.002431
0,0.01387,0.01463,-0.033122,0.159988,-0.05844,0.180945,0.000242,0.000255
0,-0.115265,0.112557,-0.123389,0.085745,-0.147442,0.121478,0.002012,0.001964
0,0.009095,-0.136433,0.097451,-0.23155,0.081018,-0.249487,0.000159,0.002381
0,-0.014073,0.00783,-0.00444,0.160374,-0.032826,0.122373,0.000246,0.000137
0,-0.005051,0.086112,0.018905,0.064279,0.056566,0.106957,8.8e-05,0.001503
0,-0.183314,0.026281,-0.194458,-0.046257,-0.164766,-0.004889,0.002418,0.000459
0,-0.022601,0.09218,0.1515,0.041339,0.156667,0.050373,0.000394,0.001609
0,-0.177885,-0.006579,-0.134153,-0.100461,-0.124775,-0.116364,0.002513,0.000115
0,-0.152561,-0.047566,0.011389,-0.059878,0.001327,-0.108341,0.002663,0.00083
0,0.037422,0.033765,0.170757,0.101985,0.171832,0.096493,0.000653,0.000589
0,0.171697,0.126872,0.154968,0.115839,0.185749,0.097474,0.002621,0.002214
0,0.022813,0.033934,-0.153976,-0.102421,-0.139834,-0.068979,0.000398,0.000592
0,0.041237,-0.064561,0.040259,-0.076579,0.055368,-0.116784,0.00072,0.001127
0,0.111201,0.094187,0.098223,0.172606,0.054435,0.213138,0.001941,0.001644
0,0.157538,-0.038671,0.059739,-0.139604,0.046556,-0.163137,0.00275,0.000675
0,0.260524,0.017589,0.116797,0.053331,0.103147,0.08384,0.001071,0.000307
0,0.072648,0.064381,-0.204474,0.067573,-0.180524,0.040898,0.001268,0.001124
0,0.184205,-0.065819,0.130274,-0.139307,0.155527,-0.098625,0.002403,0.001149
0,0.175528,-0.069258,-0.03693,0.003633,-0.044553,0.02067,0.002554,0.001209
0,0.075406,0.126198,-0.073502,0.170625,-0.098783,0.174648,0.001316,0.002203
0,0.02882,0.153159,-0.032846,0.042716,-0.006843,0.058325,0.000503,0.002673
0,0.131284,-0.114624,0.131208,-0.296012,0.171062,-0.339005,0.002291,0.002001
0,0.14003,0.131039,-0.017095,0.24998,-0.030489,0.217998,0.002444,0.002287
0,0.231606,-0.118606,0.085615,-0.252415,0.088838,-0.280167,0.001575,0.00207
0,0.198802,0.089978,-0.028469,0.21889,-0.01968,0.240169,0.002148,0.00157
0,0.037155,-0.025204,-0.138644,-0.129936,-0.158455,-0.085441,0.000648,0.00044
0,0.227423,0.042218,0.189633,0.08551,0.140275,0.070665,0.001648,0.000737
0,0.129073,-0.049903,-0.068801,-0.072524,-0.058323,-0.101774,0.002253,0.000871
0,0.140498,-0.01912,0.040087,0.060714,0.013588,0.03291,0.002452,0.000334
0,0.02053,-0.155057,-0.127779,-0.124944,-0.151622,-0.085675,0.000358,0.002706
0,-0.018625,-0.076061,-0.037664,0.062396,-0.034974,0.014217,0.000325,0.001328
0,-0.025516,-0.094219,0.000897,-0.020425,0.004839,0.002586,0.000445,0.001644
0,0.037218,-0.10049,0.078921,-0.02428,0.02919,0.020874,0.00065,0.001754
0,0.211427,0.090585,0.175282,0.213393,0.203188,0.239854,0.001927,0.001581
0,0.313051,-0.049624,0.071806,-0.130516,0.09714,-0.114864,0.000154,0.000866
0,0.071917,0.122341,-0.212715,0.184469,-0.203783,0.167924,0.001255,0.002135
0,0.283034,-0.017456,0.226847,-0.138953,0.227759,-0.171381,0.000678,0.000305
0,0.093132,0.093184,-0.204821,0.084251,-0.166176,0.042813,0.001625,0.001626
0,0.042107,-0.138158,-0.0734,-0.244939,-0.030184,-0.240293,0.000735,0.002411
0,0.093335,0.050847,0.048331,0.183875,0.05599,0.194483,0.001629,0.000887
0,0.162258,-0.082769,0.056842,-0.104101,0.038149,-0.091826,0.002786,0.001445
0,0.116388,-0.12933,-0.015876,-0.039447,0.012172,0.001367,0.002031,0.002257
0,0.223518,-0.009393,0.104213,0.095011,0.130287,0.112614,0.001716,0.000164
0,-0.001202,0.037646,-0.253893,0.055345,-0.301507,0.054598,2.1e-05,0.000657
0,0.072384,-0.012355,0.098461,-0.026825,0.086703,-0.028162,0.001263,0.000216
0,0.24175,-0.072169,0.176172,-0.048598,0.134244,-0.022975,0.001398,0.00126
0,-0.031541,-0.115711,-0.277862,-0.032094,-0.302463,-0.011958,0.00055,0.00202
0,0.24149,0.059223,0.250606,0.156086,0.263245,0.171768,0.001403,0.001034
0,0.177646,0.107881,-0.057581,0.057724,-0.069659,0.077771,0.002517,0.001883
0,0.10881,0.047327,-0.063448,-0.062168,-0.075162,-0.037954,0.001899,0.000826
0,0.17267,-0.105804,0.05088,-0.13015,0.032829,-0.106265,0.002604,0.001847
0,0.021504,0.041556,-0.159844,0.167494,-0.131922,0.118887,0.000375,0.000725
0,0.205326,0.080326,0.182576,0.0158,0.19671,0.004822,0.002034,0.001402
0,0.113892,0.090837,-0.088698,0.013386,-0.072172,0.063215,0.001988,0.001585
0,0.246966,-0.125859,0.121534,-0.236818,0.072972,-0.19534,0.001307,0.002197
0,-0.012411,0.115485,-0.236629,0.267553,-0.255772,0.286322,0.000217,0.002016
0,0.237712,-0.034931,0.231645,-0.180199,0.204962,-0.151222,0.001469,0.00061
0,0.147467,-0.074117,-0.086565,-0.064551,-0.085073,-0.017375,0.002574,0.001294
0,0.104775,-0.066089,-0.033389,0.031262,-0.018445,0.051314,0.001829,0.001153
0,0.115065,-0.096998,0.023217,-0.032236,0.014887,-0.078662,0.002008,0.001693
0,0.165942,0.042787,0.049636,0.156431,0.030738,0.204239,0.002721,0.000747
0,-0.059981,0.076016,-0.251356,0.060318,-0.278184,0.0517,0.001047,0.001327
0,0.198432,0.043305,0.278452,-0.01768,0.294814,-0.064623,0.002154,0.000756
0,0.022742,0.132708,-0.204486,0.061627,-0.178519,0.087229,0.000397,0.002316
0,0.084163,0.171488,0.057205,0.025745,0.008392,0.073685,0.001469,0.002624
0,0.010534,-0.07195,-0.091904,-0.267746,-0.044067,-0.260974,0.000184,0.001256
0,0.048742,-0.006416,0.021415,0.068492,-0.027477,0.02984,0.000851,0.000112
0,0.086065,0.123889,0.053477,0.133576,0.049436,0.144407,0.001502,0.002162
0,0.014231,-0.011775,-0.059816,-0.133908,-0.074039,-0.127658,0.000248,0.000206
0,0.102917,-0.118137,0.109489,-0.092585,0.079343,-0.103491,0.001796,0.002062
0,0.133896,-0.007593,0.003379,0.129223,0.017718,0.125776,0.002337,0.000133
0,0.084089,0.113413,-0.02744,0.140334,-0.054161,0.154145,0.001468,0.001979
0,0.020152,-0.024814,-0.072113,-0.123091,-0.098621,-0.08831,0.000352,0.000433
0,0.025255,0.147859,-0.008452,0.170606,0.026947,0.168271,0.000441,0.002581
0,0.029398,0.093842,-0.009258,-0.081624,-0.032986,-0.052283,0.000513,0.001638
0,0.010487,0.070447,0.001382,-0.049392,0.04406,-0.041394,0.000183,0.00123
0,-0.001731,0.125235,-0.001252,0.07974,0.033787,0.04607,3e-05,0.002186
0,-0.020872,-0.015734,-0.034374,-0.141928,-0.071126,-0.124212,0.000364,0.000275
0,-0.074012,0.119375,-0.05155,0.137419,-0.071967,0.115551,0.001292,0.002083
0,-0.081001,-0.137183,-0.024448,-0.273906,0.006215,-0.323159,0.001414,0.002394
0,0.112892,0.00628,0.200753,0.137693,0.159049,0.125181,0.00197,0.00011
0,0.086399,-0.168063,-0.041031,-0.172514,-0.054034,-0.145023,0.001508,0.002684
0,0.158351,-0.136949,0.082122,0.002732,0.060657,0.041502,0.002764,0.00239
0,-0.056591,0.043179,-0.20956,0.170689,-0.207739,0.166004,0.000988,0.000754
0,-0.081621,-0.130049,-0.016702,-0.155224,-0.016905,-0.195542,0.001425,0.00227
0,0.038505,0.0072,0.107702,0.147657,0.098386,0.113668,0.000672,0.000126
0,-0.13984,-0.061543,-0.195355,-0.096422,-0.177595,-0.103272,0.002441,0.001074
0,-0.100414,-0.109281,0.053408,-0.06585,0.07995,-0.027011,0.001753,0.001907
0,-0.070157,0.078775,0.004061,0.175345,-0.039384,0.155318,0.001224,0.001375
0,-0.108144,0.110959,-0.030465,0.052784,-0.000736,0.044263,0.001887,0.001937
0,-0.007616,-0.155897,0.099029,-0.284948,0.106372,-0.254016,0.000133,0.002721
0,-0.048086,-0.0709,-0.017823,0.06497,-0.057918,0.02305,0.000839,0.001237
0,-0.027615,-0.073131,0.017517,0.021755,0.030647,0.053878,0.000482,0.001276
0,-0.013875,0.121199,0.025216,0.204841,0.040688,0.202118,0.000242,0.002115
0,0.062656,0.127477,0.098049,-0.022572,0.071728,-0.067398,0.001094,0.002225
0,-0.014107,-0.169773,-0.077866,-0.317016,-0.083258,-0.336108,0.000246,0.002654
0,-0.031346,0.019055,-0.042207,0.211651,-0.014968,0.235053,0.000547,0.000333
0,-0.217481,0.107462,-0.199941,0.071868,-0.163528,0.084658,0.001822,0.001876
0,-0.140834,0.11211,0.063155,-0.015814,0.037768,-0.04485,0.002458,0.001957
0,0.007147,-0.124858,0.15802,-0.230011,0.159772,-0.264636,0.000125,0.002179
0,-0.007612,0.140351,-0.035557,0.24023,-0.057647,0.216323,0.000133,0.00245
0,-0.102245,-0.078193,-0.088786,-0.197238,-0.087711,-0.23745,0.001785,0.001365
0,-0.093864,-0.099415,0.011539,-0.018904,-0.036538,-0.007355,0.001638,0.001735
0,0.015402,-0.04483,0.097016,0.060347,0.057722,0.014809,0.000269,0.000782
0,0.091183,-0.078924,0.080483,-0.041493,0.114562,-0.075177,0.001591,0.001377
0,0.091318,-0.089615,0.00698,0.00403,0.05334,0.049961,0.001594,0.001564
0,-0.035106,0.11904,-0.128924,0.203543,-0.131378,0.220573,0.000613,0.002078
0,0.092935,0.150549,0.134383,0.05488,0.157506,0.066879,0.001622,0.002628
0,-0.011996,0.101495,-0.099282,-0.024814,-0.145045,0.023225,0.000209,0.001771
0,0.063974,-0.097541,0.064252,-0.216948,0.075397,-0.189051,0.001117,0.001702
0,0.155138,-0.064012,0.109989,0.013984,0.065909,0.020775,0.002708,0.001117
0,-0.168992,-0.113533,-0.327232,-0.028888,-0.343184,-0.016893,0.002668,0.001982
0,-0.100313,-0.134458,0.072935,-0.017609,0.029081,-0.027035,0.001751,0.002347
0,0.057156,-0.13574,0.172767,0.021196,0.170371,0.018273,0.000998,0.002369
0,-0.039334,-0.009742,-0.112675,0.11696,-0.076377,0.066969,0.000687,0.00017
0,-0.205675,0.113527,-0.139995,0.150036,-0.123138,0.14334,0.002028,0.001981
0,-0.141148,-0.058612,0.076256,-0.18793,0.121687,-0.143693,0.002463,0.001023
0,-0.143142,0.089324,0.026622,0.152714,0.01939,0.200861,0.002498,0.001559
0,-0.140269,0.025936,0.032858,-0.087074,-0.013201,-0.097801,0.002448,0.000453
0,-0.015949,-0.085391,0.152987,-0.119835,0.139121,-0.106802,0.000278,0.00149
0,-0.148284,-0.101016,-0.113953,-0.03238,-0.125018,-0.078886,0.002588,0.001763
0,-0.034521,0.025805,0.098288,0.144672,0.07372,0.116705,0.000603,0.00045
0,-0.104872,-0.159828,-0.096955,-0.194094,-0.077363,-0.184716,0.00183,0.00279
0,-0.100974,0.096178,-0.019325,0.271175,-0.027981,0.236914,0.001762,0.001679
0,-0.120996,0.090129,-0.013941,-0.001823,-0.043592,-0.018678,0.002112,0.001573
0,-0.054467,-0.034643,0.061632,-0.098881,0.085119,-0.089097,0.000951,0.000605
0,-0.035767,-0.01879,-0.009172,0.045537,-0.023792,0.001841,0.000624,0.000328
0,0.205692,-0.070769,0.244862,-0.063516,0.202458,-0.07345,0.002028,0.001235
0,0.039914,-0.076209,-0.142225,-0.027174,-0.161331,-0.070067,0.000697,0.00133
0,0.017664,-0.088917,-0.023972,0.00275,-0.009019,-0.044303,0.000308,0.001552
0,0.238226,0.098626,0.240026,0.181411,0.285928,0.145766,0.00146,0.001721
0,0.077776,-0.110819,-0.186451,-0.235208,-0.166411,-0.232295,0.001357,0.001934
0,-0.007314,0.136194,-0.109242,0.276735,-0.074586,0.255636,0.000128,0.002377
0,0.079487,0.13231,0.099425,0.014792,0.096265,0.014239,0.001387,0.002309
0,-0.012922,-0.063349,-0.103282,-0.218704,-0.069704,-0.225949,0.000226,0.001106
0,0.197866,0.117382,0.183599,0.170641,0.134533,0.171904,0.002164,0.002049
0,-0.011255,0.12289,-0.235412,0.004385,-0.268641,0.001922,0.000196,0.002145
0,0.152129,0.087167,0.148135,-0.043244,0.154162,-0.025242,0.002655,0.001521
0,0.289824,0.03996,0.131771,-0.043966,0.083925,-0.058569,0.000559,0.000697
0,0.000765,0.008974,-0.308172,-0.008234,-0.261613,0.038192,1.3e-05,0.000157
0,0.014207,-0.075741,-0.00973,-0.078568,-0.046591,-0.123353,0.000248,0.001322
0,0.008667,0.073514,-0.000903,0.148496,-0.031717,0.143162,0.000151,0.001283
0,0.240645,-0.131727,0.232461,-0.191783,0.262903,-0.214031,0.001417,0.002299
0,0.181556,0.029564,-0.036035,0.170773,-0.002531,0.187674,0.002449,0.000516
0,0.01278,-0.097101,-0.153745,-0.102364,-0.197498,-0.129272,0.000223,0.001695
0,-0.048481,0.117191,-0.059007,0.200692,-0.088807,0.196897,0.000846,0.002045
0,0.185915,0.115345,0.23436,-0.015443,0.188253,-0.04228,0.002373,0.002013
0,0.167048,-0.151442,-0.044859,-0.28674,-0.049844,-0.318873,0.002702,0.002643
0,-0.115125,0.060758,-0.298827,0.23977,-0.30467,0.206063,0.002009,0.00106
0,0.046031,-0.027764,0.1837,-0.085114,0.228064,-0.131593,0.000803,0.000485
0,-0.035835,-0.025226,-0.054647,0.000874,-0.096967,-0.031816,0.000625,0.00044
0,0.092849,-0.008915,0.121072,0.013562,0.101997,0.038865,0.001621,0.000156
0,0.032504,0.081883,-0.053411,0.093198,-0.037325,0.04657,0.000567,0.001429
0,-0.051638,-0.084032,-0.078194,-0.192963,-0.104309,-0.2139,0.000901,0.001467
0,-0.026901,-0.153717,-0.003366,-0.080421,-0.006909,-0.08695,0.00047,0.002683
0,-0.106197,-0.106642,-0.093441,0.072363,-0.135987,0.080117,0.001853,0.001861
0,-0.126361,0.069555,-0.035119,0.175889,-0.005535,0.15187,0.002205,0.001214
0,-0.154681,-0.086253,-0.030804,-0.161713,0.017149,-0.126558,0.0027,0.001505
0,0.119162,0.01564,0.268045,0.077087,0.22948,0.051904,0.00208,0.000273
0,-0.090776,-0.146978,-0.189532,-0.172472,-0.227887,-0.176156,0.001584,0.002565
0,-0.182678,-0.112313,-0.110272,0.059987,-0.066412,0.063291,0.002429,0.00196
0,-0.103458,-0.092398,0.067281,0.006069,0.098156,0.001441,0.001806,0.001613
0,-0.142912,-0.040598,-0.031644,0.062431,-0.08055,0.095939,0.002494,0.000709
0,-0.111465,-0.16906,0.041325,-0.153373,0.081774,-0.139954,0.001945,0.002667
0,-0.151836,-0.100154,-0.015908,0.077896,-0.002911,0.127736,0.00265,0.001748
0,-0.105591,-0.0175,0.048752,0.059112,0.086216,0.103326,0.001843,0.000305
0,0.102402,-0.157301,0.237415,-0.125606,0.189656,-0.110384,0.001787,0.002745
0,0.149722,0.058017,0.073773,0.229016,0.093678,0.261636,0.002613,0.001013
0,-0.065874,0.053602,-0.199365,-0.01742,-0.248337,0.001399,0.00115,0.000936
0,-0.087668,-0.011701,-0.031313,-0.070639,-0.031893,-0.049855,0.00153,0.000204
0,-0.073763,0.011757,0.001755,0.034808,-0.012425,0.07389,0.001287,0.000205
0,-0.037291,-0.000278,0.066138,-0.035923,0.068964,-0.012898,0.000651,5e-06
0,-0.091761,0.050342,-0.02912,0.046423,-0.060635,0.008266,0.001602,0.000879
0,0.071449,0.003966,0.184352,-0.051718,0.20174,-0.077346,0.001247,6.9e-05
0,0.04183,0.048907,-0.057326,0.018285,-0.074434,0.053264,0.00073,0.000854
0,0.075952,0.057419,0.044346,0.029647,0.047623,0.028937,0.001326,0.001002
0,-0.006331,0.047716,-0.084821,0.008952,-0.064727,-0.029727,0.000111,0.000833
0,0.045527,-0.103317,0.026936,-0.141704,0.008559,-0.170507,0.000795,0.001803
0,-0.122607,-0.095103,-0.169384,0.013889,-0.159288,0.049287,0.00214,0.00166
0,0.080324,0.10053,0.227426,0.170979,0.262149,0.173781,0.001402,0.001755
0,-0.002461,0.045795,-0.095223,-0.074117,-0.111955,-0.085583,4.3e-05,0.000799
0,-0.158529,-0.027103,-0.178916,-0.044181,-0.161045,-0.086995,0.002767,0.000473
0,-0.150827,-0.132519,-0.006306,-0.090663,0.01841,-0.076659,0.002632,0.002313
0,-0.119991,0.139089,0.026826,0.286703,-0.005331,0.308681,0.002094,0.002428
0,-0.094252,-0.070678,0.052332,-0.200704,0.050839,-0.179563,0.001645,0.001234
0,0.054385,0.046468,0.119342,0.135913,0.074089,0.133947,0.000949,0.000811
0,-0.078356,-0.098099,-0.117812,-0.165807,-0.100691,-0.129444,0.001368,0.001712
0,-0.088678,-0.091742,-0.013886,0.012518,-0.007421,0.034396,0.001548,0.001601
0,-0.099358,0.008236,-0.00768,0.116985,0.040897,0.160769,0.001734,0.000144
0,-0.006333,-0.002409,0.114992,-0.001746,0.138541,-0.033655,0.000111,4.2e-05
0,-0.057031,0.089348,-0.078063,0.082066,-0.048991,0.041461,0.000995,0.001559
0,-0.199873,-0.128384,-0.169983,-0.202977,-0.170987,-0.165735,0.002129,0.002241
0,-0.23993,-0.045547,-0.036175,0.096775,-0.072591,0.068289,0.00143,0.000795
0,-0.06566,0.076857,0.146651,0.107337,0.157183,0.088833,0.001146,0.001341
0,-0.137321,0.126558,-0.094337,0.028079,-0.122272,0.02353,0.002397,0.002209
0,0.036071,-0.073223,0.196423,-0.226077,0.236992,-0.270626,0.00063,0.001278
0,0.011169,0.001244,0.001511,0.071142,-0.016377,0.063802,0.000195,2.2e-05
0,-0.178963,-0.013859,-0.177554,-0.010196,-0.134533,-0.012494,0.002494,0.000242
0,0.016136,-0.054766,0.177117,-0.012076,0.212025,-0.009564,0.000282,0.000956
0,0.052214,0.078647,0.040374,0.104661,0.044658,0.068877,0.000911,0.001373
0,0.042586,0.014251,0.008519,-0.068705,-0.028765,-0.03619,0.000743,0.000249
0,0.013432,-0.041134,-0.016881,-0.073309,0.030527,-0.031047,0.000234,0.000718
0,-0.097918,-0.03942,-0.112739,-0.025045,-0.074283,0.024421,0.001709,0.000688
0,0.129495,-0.029494,0.20259,0.007522,0.210668,0.040725,0.00226,0.000515
0,0.071658,0.093279,-0.057433,0.112455,-0.035141,0.155002,0.001251,0.001628
0,0.114176,-0.081246,0.015851,-0.170265,-0.007474,-0.178294,0.001993,0.001418
0,0.112132,0.05262,-0.000678,0.134568,-0.030216,0.117834,0.001957,0.000918
0,0.254031,-0.184951,0.139494,-0.261559,0.14243,-0.304386,0.001184,0.00239
0,0.1846,0.042236,-0.077205,0.197838,-0.119733,0.156483,0.002396,0.000737
0,0.013393,-0.090775,-0.142626,-0.137353,-0.130447,-0.170792,0.000234,0.001584
0,-8.879221,-0.977501,-8.879032,-0.871176,-8.839598,-0.838346,0.002319,0.000208
0,-8.925194,-1.468077,-0.044473,-0.468939,-0.036584,-0.518859,0.001516,0.002465
0,-9.043083,-2.220948,-0.11824,-0.747656,-0.075539,-0.73732,0.000541,0.00056
0,-8.850234,-1.893026,0.186099,0.357104,0.144259,0.342768,0.002793,0.000666
0,-8.879572,-1.866087,-0.032953,0.051809,-0.07171,0.021279,0.002312,0.001136
0,-8.940227,-1.433408,-0.039741,0.454024,-0.017888,0.470906,0.001254,0.002548
0,-8.866667,-1.217994,0.08094,0.18658,0.040852,0.148366,0.002538,0.001212
0,-9.093755,-1.012681,-0.2564,0.194464,-0.229038,0.233419,0.001426,0.000822
0,-8.280394,-0.55616,0.830465,0.483834,0.869502,0.450177,0.001535,0.001528
0,-7.617973,0.036208,0.685086,0.580562,0.663158,0.532563,0.001861,0.000632
0,-7.646688,0.088374,-0.053553,0.044652,-0.068659,0.048779,0.00136,0.001542
0,-7.545352,0.040994,0.07956,-0.03178,0.04782,0.002177,0.002489,0.000715
0,-5.649887,0.378669,1.913435,0.347373,1.880865,0.341145,0.002506,0.000992
0,-4.047804,0.172817,1.59312,-0.182134,1.553064,-0.215323,0.00238,0.002601
0,-2.307116,0.210132,1.75745,0.061257,1.721199,0.012196,0.001867,0.00195
0,-9.090046,0.238022,-6.766309,0.011405,-6.727741,0.005612,0.001361,0.001463
0,-8.889139,0.106252,0.221277,-0.13649,0.194996,-0.17398,0.002145,0.001854
0,-8.993289,0.239529,-0.127857,0.144799,-0.156198,0.138624,0.000328,0.001437
0,-9.039652,0.218578,-0.061562,0.000238,-0.085828,0.003937,0.000481,0.001803
0,-8.944994,-0.008937,0.086444,-0.199208,0.13064,-0.168961,0.001171,0.000156
0,-9.068545,-0.120499,-0.095962,-0.122263,-0.063696,-0.136483,0.000986,0.002103
0,-8.545645,-0.122896,0.529179,0.007642,0.485299,0.029083,0.002523,0.002145
0,-8.081562,-0.160421,0.44542,-0.062929,0.478747,-0.047313,0.000612,0.0028
0,-7.618088,-0.103628,0.447567,0.069519,0.484223,0.064032,0.001859,0.001809
0,-7.195824,-0.061516,0.414686,0.058636,0.46118,0.058312,0.002006,0.001074
0,-6.749422,-0.05161,0.474241,0.005968,0.443067,0.027714,0.000168,0.000901
0,-6.41198,-0.229978,0.360962,-0.165109,0.406619,-0.188075,0.00044,0.001604
0,-6.229346,-0.012973,0.169486,0.227695,0.186793,0.254956,0.00199,0.000226
0,-5.858355,-0.204828,0.379439,-0.167745,0.359906,-0.168384,0.001132,0.002043
0,-5.389774,-0.169143,0.496691,0.011433,0.528819,0.057589,0.001428,0.002665
0,-5.148,-0.043198,0.264531,0.107283,0.219181,0.138594,3.1e-05,0.000754
0,-4.795469,-0.04127,0.33352,-0.01925,0.363418,-0.060817,0.000566,0.00072
0,-4.734608,0.01315,0.043224,0.045785,0.028693,0.020592,0.001628,0.00023
0,-4.503223,-0.188675,0.218672,-0.176349,0.195616,-0.163677,4.9e-05,0.002325
0,-4.175253,0.043529,0.331433,0.259555,0.285576,0.258532,0.000156,0.00076
0,-3.932078,-0.042531,0.231084,-0.078377,0.233354,-0.063405,0.001218,0.000742
0,-3.712012,0.00349,0.204242,0.044551,0.16167,0.011728,0.002623,6.1e-05
0,-3.691136,-0.066087,0.015783,-0.085989,0.014085,-0.055912,0.00263,0.001153
0,-3.427671,0.054261,0.284045,0.096494,0.257344,0.120805,0.001968,0.000947
0,-3.264397,-0.094896,0.17879,-0.139973,0.195703,-0.15951,0.000799,0.001656
0,-2.970872,-0.195683,0.266544,-0.086578,0.273537,-0.037301,0.001294,0.002202
0,-2.849484,-0.205278,0.092248,-0.005213,0.108694,0.024507,0.000825,0.002035
0,-2.63884,-0.106675,0.206138,0.094147,0.242441,0.064093,0.001116,0.001862
0,-2.534002,0.04722,0.133064,0.177006,0.156628,0.175577,0.000713,0.000824
0,-2.347233,-0.131587,0.16592,-0.197654,0.185259,-0.173589,0.001644,0.002297
0,-2.215251,0.030179,0.144582,0.189089,0.106168,0.17704,0.000659,0.000527
0,-2.169154,-0.106803,0.049796,-0.142655,0.000505,-0.144603,0.001464,0.001864
0,-2.087061,-0.19724,0.065866,-0.114143,0.090677,-0.086916,0.002721,0.002175
0,-2.052282,0.037229,0.008452,0.227779,-0.031246,0.22988,0.002114,0.00065
0,-1.875868,-0.040191,0.169354,-0.077553,0.213147,-0.123723,0.000965,0.000701
0,-1.7574,-0.09967,0.138356,-0.06597,0.107357,-0.036389,0.002585,0.00174
0,-1.770045,-0.083853,0.009888,0.018836,0.032765,-0.014012,0.002806,0.001464
0,-1.682432,-0.112507,0.079234,-0.041599,0.080096,-0.073296,0.001276,0.001964
0,-1.430559,-0.116399,0.249952,-0.019991,0.248511,-0.019654,0.002498,0.002032
0,-1.538772,-0.163433,-0.0837,-0.062949,-0.111249,-0.094271,0.001231,0.002765
0,-1.425721,-0.089207,0.129475,0.074952,0.148183,0.089061,0.002413,0.001557
0,-1.349604,-0.101362,0.085668,-0.003409,0.095284,0.028002,0.001085,0.001769
0,-1.077435,-0.1472,0.264038,-0.017262,0.2982,0.008083,0.001952,0.002569
0,-1.18075,0.09307,-0.093911,0.246233,-0.116068,0.243408,0.001862,0.001624
0,-1.070701,-0.121257,0.098136,-0.220661,0.095954,-0.191499,0.001835,0.002116
0,-1.103486,0.004639,-0.013515,0.132763,-0.021257,0.131968,0.002407,8.1e-05
0,-0.918122,0.031332,0.172737,0.01544,0.154822,0.013374,0.000828,0.000547
0,-0.917559,-0.033274,-0.007578,-0.044303,-0.036753,-0.017171,0.000838,0.000581
0,-0.937886,-0.164472,0.003354,-0.115832,-0.033202,-0.140745,0.000483,0.002747
0,-0.766997,-0.025215,0.156198,0.150866,0.192217,0.128717,0.002152,0.00044
0,-0.956247,-0.132388,-0.17763,-0.093841,-0.148018,-0.097283,0.000163,0.002311
0,-0.808376,-0.010301,0.137352,0.108305,0.170461,0.074383,0.002744,0.00018
0,-0.781025,0.01744,0.030878,0.014563,0.034767,0.05246,0.002396,0.000304
0,-0.795961,-0.135522,-0.021243,-0.154595,0.027463,-0.146192,0.002657,0.002365
0,-0.681817,-0.165746,0.115838,-0.032557,0.068179,-0.068182,0.000665,0.002725
0,-0.716737,-0.05185,-0.025844,0.138154,0.02124,0.181236,0.001274,0.000905
0,-0.627373,-0.120096,0.092709,-0.080808,0.046551,-0.129554,0.000285,0.002096
0,-0.616468,-0.059574,0.013298,0.055639,0.008237,0.08716,0.000476,0.00104
0,-0.582884,0.049747,0.050939,0.114197,0.045187,0.141285,0.001062,0.000868
0,-0.63012,-0.14925,-0.058871,-0.225161,-0.105748,-0.251183,0.000237,0.002605
0,-0.533659,-0.103952,0.079459,0.025841,0.050599,-0.006545,0.001921,0.001814
0,-0.350558,-0.201512,0.205421,-0.081201,0.165899,-0.04021,0.000501,0.0021
0,-0.329839,-0.064051,-0.004946,0.146737,0.006525,0.112066,0.000139,0.001118
0,-0.51277,0.009557,-0.185578,0.087755,-0.229515,0.12393,0.002285,0.000167
0,-0.451852,0.085481,0.05118,0.099129,0.019452,0.103417,0.002269,0.001492
0,-0.392665,0.029423,0.069085,-0.082161,0.084217,-0.098702,0.001236,0.000514
0,-0.331058,-0.049854,0.05747,-0.052887,0.085638,-0.018311,0.000161,0.00087
0,-0.30808,-0.097592,0.031168,-0.071019,0.052433,-0.066405,0.000241,0.001703
0,-0.344222,-0.168204,-0.009007,-0.092622,-0.014703,-0.140198,0.00039,0.002682
0,-0.438594,-0.1076,-0.068304,0.048624,-0.095335,0.067813,0.002037,0.001878
0,-0.445341,-0.026979,-0.02771,0.097277,-0.03643,0.070032,0.002155,0.000471
0,-0.423835,-0.078252,0.023964,-0.03417,0.054189,-0.077855,0.00178,0.001366
0,-0.271469,-0.022466,0.12426,0.041798,0.076711,0.03574,0.000879,0.000392
0,-0.418959,0.0622,-0.15252,0.086929,-0.145566,0.070692,0.001695,0.001086
0,-0.126405,0.046147,0.293482,-0.00742,0.336835,-0.029051,0.002206,0.000805
0,-0.149421,0.152561,-0.009703,0.118374,0.021086,0.140146,0.002608,0.002663
0,-0.209044,0.078351,-0.059665,-0.050594,-0.027564,-0.040673,0.001969,0.001367
0,-0.146013,0.164668,0.081378,0.09326,0.06577,0.071516,0.002548,0.002744
0,-0.345035,-0.007463,-0.202566,-0.148835,-0.211622,-0.171942,0.000404,0.00013
0,-0.221254,-0.025478,0.141699,0.003941,0.116852,0.02214,0.001756,0.000445
0,-0.104353,-0.045726,0.136742,-0.014404,0.095675,-0.044606,0.001821,0.000798
0,-0.249735,-0.1177,-0.123127,-0.074977,-0.163462,-0.0259,0.001259,0.002054
0,-0.11753,0.091771,0.156774,0.196226,0.127835,0.148751,0.002051,0.001602
0,-0.155376,0.086903,-0.056884,-0.016028,-0.068077,-0.055426,0.002712,0.001517
0,-0.100752,0.014755,0.036471,-0.055622,0.04856,-0.016825,0.001758,0.000258
0,0.047586,0.166308,0.129883,0.174509,0.16673,0.183152,0.000831,0.002715
0,-0.059929,-0.084955,-0.123261,-0.223184,-0.08393,-0.256638,0.001046,0.001483
0,-0.245837,-0.019669,-0.158829,0.071894,-0.202672,0.077063,0.001327,0.000343
0,-0.065671,0.046982,0.204075,0.065076,0.16094,0.083803,0.001146,0.00082
0,-0.207359,-0.11546,-0.124503,-0.150409,-0.170962,-0.166947,0.001998,0.002015
0,0.042558,0.146831,0.226665,0.274136,0.18253,0.229686,0.000743,0.002563
0,0.065691,-0.128148,0.041284,-0.260663,0.028324,-0.285012,0.001147,0.002237
0,-0.074681,-0.052335,-0.112293,0.086597,-0.096174,0.081182,0.001303,0.000913
0,-0.040882,0.045959,0.045246,0.083135,0.050794,0.089943,0.000714,0.000802
0,0.049261,0.102016,0.084279,0.026853,0.038928,-0.005181,0.00086,0.001781
0,-0.086431,0.107253,-0.115047,-0.022257,-0.088002,-0.049113,0.001509,0.001872
0,-0.07173,-0.096954,0.018803,-0.191827,0.012421,-0.191376,0.001252,0.001692
0,-0.104699,-0.007172,-0.045853,0.083324,-0.015318,0.053801,0.001827,0.000125
0,0.070659,-0.078783,0.148424,-0.080784,0.13776,-0.060043,0.001233,0.001375
0,0.00776,-0.131278,-0.034951,-0.065262,-0.00568,-0.074282,0.000135,0.002291
0,0.075391,-0.162312,0.053783,-0.023899,0.011908,0.007035,0.001316,0.002785
0,-0.024398,-0.032452,-0.100414,0.12424,-0.118887,0.120927,0.000426,0.000566
0,-0.135955,-0.132876,-0.095326,-0.125559,-0.080004,-0.127491,0.002373,0.002319
0,-1e-06,0.008926,0.131607,0.155224,0.118675,0.1359,0.0,0.000156
0,-0.092197,0.096583,-0.074552,0.078443,-0.101389,0.086194,0.001609,0.001686
0,-0.108415,-0.08723,-0.003049,-0.208207,0.01177,-0.233407,0.001892,0.001522
0,-0.18073,0.09411,-0.046478,0.156531,-0.020045,0.151113,0.002463,0.001643
0,-0.175523,-0.187724,-0.000617,-0.292467,-0.046662,-0.326585,0.002554,0.002341
0,-0.242914,0.001596,-0.077865,0.215104,-0.114068,0.22821,0.001378,2.8e-05
0,-0.240481,0.099488,-0.021702,0.069407,0.008934,0.115775,0.00142,0.001736
0,-0.206741,0.082942,0.01461,-0.027519,-0.030749,0.019263,0.002009,0.001448
0,-0.125165,-0.016451,0.102924,-0.094489,0.141384,-0.091629,0.002185,0.000287
0,-0.235847,-0.054338,-0.089751,-0.065628,-0.053246,-0.032088,0.001501,0.000948
0,-0.005023,0.069128,0.20337,0.13556,0.217105,0.089492,8.8e-05,0.001207
0,-0.233581,-0.167753,-0.236325,-0.243942,-0.280804,-0.292804,0.001541,0.00269
0,-0.062181,-0.1992,0.148356,-0.009251,0.180407,-0.016554,0.001085,0.002141
0,-0.153329,0.016481,-0.100394,0.211353,-0.115644,0.22833,0.002676,0.000288
0,0.006402,0.014152,0.184109,-0.022332,0.22061,-0.031969,0.000112,0.000247
0,-0.103975,0.007447,-0.081386,0.008067,-0.113184,0.029412,0.001815,0.00013
0,-0.12966,-0.170054,0.003749,-0.19482,-0.010701,-0.155778,0.002263,0.00265
0,-0.082398,-0.161471,0.040359,-0.006657,-0.006653,-0.051431,0.001438,0.002799
0,-0.229452,0.052864,-0.168956,0.230135,-0.20766,0.269269,0.001613,0.000923
0,-0.126141,0.11392,0.090321,0.035729,0.09445,0.046686,0.002202,0.001988
0,-0.213083,-0.133649,-0.089185,-0.25919,-0.102691,-0.297653,0.001899,0.002333
0,-0.057035,0.085486,0.171255,0.230628,0.149857,0.26521,0.000995,0.001492
0,-0.136421,-0.151844,-0.066607,-0.219784,-0.10706,-0.203293,0.002381,0.00265
0,0.041487,-0.019778,0.153167,0.143388,0.154771,0.147566,0.000724,0.000345
0,-0.157757,-0.133667,-0.169587,-0.090876,-0.172287,-0.085921,0.002753,0.002333
0,-0.219773,0.044422,-0.07399,0.169217,-0.118894,0.138514,0.001782,0.000775
0,-0.090115,0.050299,0.159538,-0.016419,0.207369,-0.061427,0.001573,0.000878
0,-0.109319,-0.024041,-0.022838,-0.094099,-0.014909,-0.052582,0.001908,0.00042
0,-0.261287,-0.073052,-0.139296,-0.077853,-0.089632,-0.08281,0.001057,0.001275
0,-0.173569,0.07838,0.075915,0.172686,0.032742,0.178442,0.002588,0.001368
0,-0.170928,-0.000639,0.008944,-0.096947,0.016459,-0.048258,0.002634,1.1e-05
0,-0.244397,0.101601,-0.047285,0.078044,-0.061749,0.105608,0.001352,0.001773
0,-0.22243,-0.056759,0.047651,-0.16458,0.07285,-0.190459,0.001735,0.000991
0,-0.147147,0.147009,0.053232,0.200799,0.020531,0.230166,0.002568,0.002566
0,-0.073898,0.059214,0.068777,-0.085352,0.089891,-0.119979,0.00129,0.001033
0,-0.329114,0.11606,-0.264289,0.039784,-0.224292,-0.004536,0.000127,0.002026
0,-0.170598,0.13263,0.176589,-0.004854,0.157162,-0.054705,0.00264,0.002315
0,-0.390838,-0.005578,-0.215694,-0.155339,-0.225428,-0.204191,0.001204,9.7e-05
0,-0.311688,0.012006,0.096234,0.045514,0.106261,0.042548,0.000178,0.00021
0,-0.036406,0.119324,0.29068,0.091764,0.241894,0.127051,0.000635,0.002083
0,-0.278383,-0.021086,-0.213517,-0.138318,-0.198764,-0.13571,0.000759,0.000368
0,-0.273436,0.030973,-0.001418,0.043767,-0.010241,0.017592,0.000845,0.000541
0,-0.033265,-0.050897,0.229846,-0.05714,0.263529,-0.008554,0.000581,0.000888
0,0.000468,-0.038961,0.038059,0.019811,0.082861,-0.026406,8e-06,0.00068
0,0.026397,-0.002295,0.032133,0.033588,0.003641,0.065968,0.000461,4e-05
0,0.08931,-0.102963,0.037941,-0.073272,0.039682,-0.051606,0.001559,0.001797
0,-0.000696,0.037304,-0.065683,0.163003,-0.029774,0.114103,1.2e-05,0.000651
0,0.082077,-0.009673,0.073156,-0.055134,0.110086,-0.064819,0.001433,0.000169
0,-0.168412,-0.02441,-0.221017,-0.000317,-0.210654,0.015741,0.002678,0.000426
0,-0.081781,-0.143385,0.074201,-0.114507,0.122752,-0.135875,0.001427,0.002503
0,-0.039517,0.020701,0.062673,0.174249,0.021688,0.151513,0.00069,0.000361
0,-0.067575,0.033643,-0.031136,0.027274,-0.052988,0.005009,0.001179,0.000587
0,-0.113195,-0.058589,-0.048604,-0.11903,-0.012473,-0.161976,0.001976,0.001023
0,-0.134369,-0.023399,-0.047027,0.062477,-0.031551,0.068102,0.002345,0.000408
0,0.038876,-0.011304,0.172922,0.03815,0.222586,0.067198,0.000679,0.000197
0,0.167941,0.027969,0.132565,0.061863,0.100629,0.065388,0.002686,0.000488
0,0.031108,-0.062804,-0.110558,-0.086117,-0.073052,-0.078767,0.000543,0.001096
0,0.144211,0.102469,0.124097,0.158258,0.089067,0.134919,0.002517,0.001788
0,0.055074,0.045791,-0.071033,-0.082906,-0.039031,-0.05717,0.000961,0.000799
0,0.079521,0.057263,0.018294,0.012123,0.049377,0.039334,0.001388,0.000999
0,0.12571,0.125433,0.066737,0.043846,0.088969,0.062187,0.002194,0.002189
0,0.122195,0.075991,-0.020981,-0.040113,0.016064,-0.042306,0.002133,0.001326
0,-0.120986,0.097257,-0.254997,0.00334,-0.236018,0.026226,0.002112,0.001697
0,-0.135588,0.024557,-0.011424,-0.055036,0.018558,-0.066641,0.002366,0.000429
0,-0.027483,0.035816,0.09264,0.003228,0.046716,0.05178,0.00048,0.000625
0,0.008752,0.024336,0.026051,-0.030162,0.008384,-0.041294,0.000153,0.000425
0,0.117761,0.151184,0.12402,0.122199,0.129419,0.159269,0.002055,0.002639
0,-0.03844,-0.027136,-0.172307,-0.166914,-0.206915,-0.119201,0.000671,0.000474
0,0.02255,-0.046725,0.050597,-0.04511,0.051487,-0.010411,0.000394,0.000816
0,-0.051528,-0.041104,-0.068459,0.006856,-0.032509,0.011169,0.000899,0.000717
0,0.024992,0.037345,0.098639,0.098364,0.109246,0.055585,0.000436,0.000652
0,0.009497,-0.067263,-0.025454,-0.106026,-0.055193,-0.125195,0.000166,0.001174
0,-0.059897,0.151993,-0.094218,0.235919,-0.046749,0.255047,0.001045,0.002653
0,0.127375,0.215227,0.186469,0.058477,0.218562,0.053421,0.002223,0.001861
0,0.160988,0.168545,0.023067,-0.049646,0.034272,-0.052249,0.002808,0.002676
0,0.060349,-0.065933,-0.089899,-0.254516,-0.112896,-0.297114,0.001053,0.001151
0,0.12757,0.073316,0.058538,0.163246,0.038038,0.162557,0.002227,0.00128
0,-0.023054,0.162598,-0.155374,0.076178,-0.185334,0.072522,0.000402,0.00278
0,-0.052403,0.127758,-0.023411,-0.006706,-0.03462,0.030788,0.000915,0.00223
0,0.097759,0.042594,0.155798,-0.072026,0.169158,-0.06905,0.001706,0.000743
0,0.17293,-0.094392,0.055625,-0.124341,0.041095,-0.169136,0.002599,0.001647
0,0.003555,0.000758,-0.179234,0.115875,-0.190148,0.10854,6.2e-05,1.3e-05
0,0.067584,0.044544,0.041479,0.071603,0.082036,0.086192,0.00118,0.000777
0,0.081338,0.001859,0.034402,-0.031234,-0.006008,0.008938,0.00142,3.2e-05
0,0.024585,-0.060425,-0.040587,-0.077385,-0.014136,-0.09517,0.000429,0.001055
0,0.01407,0.106856,-0.026505,0.143088,-0.071835,0.132116,0.000246,0.001865
0,-0.02535,-0.052934,-0.047626,-0.134957,-0.036929,-0.18113,0.000442,0.000924
0,-8.9031,0.805688,-8.905019,0.84635,-8.928065,0.843557,0.001902,0.002791
0,-9.099436,1.220997,-0.20132,0.395779,-0.225692,0.372422,0.001525,0.00116
0,-9.026759,1.218159,0.072539,0.019038,0.077277,0.024296,0.000256,0.001209
0,-9.005926,1.123976,0.03886,-0.105384,0.060529,-0.141373,0.000107,0.002765
0,-9.052459,0.95265,-0.059209,-0.167685,-0.011559,-0.166762,0.000705,0.000226
0,-9.138651,0.793953,-0.057287,-0.155502,-0.039061,-0.190055,0.002209,0.002622
0,-9.015029,0.65066,0.130193,-0.138001,0.147247,-0.153918,5.2e-05,0.000121
0,-9.048641,0.712674,-0.016856,0.061277,-0.062645,0.107529,0.000638,0.001203
0,-9.046563,0.365713,0.01423,-0.354356,0.021014,-0.330975,0.000602,0.000765
0,-7.698884,0.302969,1.348218,-0.072744,1.371998,-0.072016,0.000449,0.00033
0,-6.495303,0.292378,1.190845,-0.019507,1.192553,0.01606,0.001014,0.000515
0,-5.280793,-0.049929,1.217734,-0.327366,1.178149,-0.370168,0.002287,0.000871
0,-3.941558,0.067573,1.328031,0.114006,1.360949,0.122796,0.001383,0.001179
0,-3.068719,-0.014078,0.871652,-0.090056,0.855411,-0.046422,0.002616,0.000246
0,-2.5412,-0.100839,0.499122,-0.09311,0.517236,-0.085528,0.000588,0.00176
0,-1.389591,-0.146833,1.148217,-0.060758,1.129912,-0.084138,0.001783,0.002563
0,-0.967889,-0.022681,0.418818,0.114839,0.44682,0.095403,4e-05,0.000396
0,-0.26603,-0.096894,0.730727,-0.086892,0.71513,-0.046445,0.000974,0.001691
0,0.074341,-0.179393,0.313811,-0.053277,0.343842,-0.022037,0.001297,0.002487
0,0.006097,-0.209937,-0.068363,-0.031742,-0.085625,-0.039315,0.000106,0.001953
0,0.178259,-0.134796,0.18093,0.089327,0.165911,0.121087,0.002506,0.002353
0,0.354553,-0.074285,0.165854,0.067031,0.210264,0.097534,0.000571,0.001297
0,0.587385,-0.032077,0.235421,0.045347,0.20753,0.010316,0.000983,0.00056
0,0.233706,-0.117152,-0.346898,-0.081014,-0.350953,-0.05486,0.001539,0.002045
0,0.161894,-0.17053,-0.075408,-0.05816,-0.060828,-0.055051,0.002792,0.002641
0,0.268974,-0.084342,0.078354,0.069502,0.069432,0.030547,0.000923,0.001472
0,0.088497,0.011111,-0.205023,0.077076,-0.157319,0.044531,0.001545,0.000194
0,0.125146,0.06847,0.017524,0.032136,0.02639,-0.015922,0.002184,0.001195
0,0.127998,0.134721,0.002919,0.058108,0.026444,0.008128,0.002234,0.002351
0,0.143784,0.029775,-0.013686,-0.133453,-0.048789,-0.105595,0.00251,0.00052
0,0.107781,0.096217,-0.011339,0.066136,0.002137,0.046924,0.001881,0.001679
0,-0.088245,-0.046331,-0.202257,-0.147905,-0.174752,-0.109188,0.00154,0.000809
0,0.174864,-0.060592,0.283384,0.013658,0.261749,0.016322,0.002566,0.001058
0,-0.083631,0.060448,-0.253949,0.103773,-0.216945,0.064862,0.00146,0.001055
0,0.002442,0.149168,0.079961,0.076101,0.040602,0.121502,4.3e-05,0.002603
0,0.036142,0.137406,0.062455,0.01418,0.030756,0.029106,0.000631,0.002398
0,-0.042648,-0.070107,-0.051733,-0.197312,-0.069514,-0.169543,0.000744,0.001224
0,0.01674,0.005092,0.057667,0.104562,0.03454,0.143257,0.000292,8.9e-05
0,-0.238865,0.183402,-0.28013,0.19054,-0.29533,0.223935,0.001449,0.002417
0,-0.023001,0.087215,0.190779,-0.09009,0.152156,-0.055757,0.000401,0.001522
0,-0.145224,0.184729,-0.150218,0.111161,-0.170951,0.159291,0.002535,0.002393
0,0.007598,-0.093297,0.179174,-0.266391,0.163512,-0.288815,0.000133,0.001628
0,-0.189419,0.0361,-0.205522,0.10852,-0.205778,0.152392,0.002312,0.00063
0,-0.172392,-0.042916,0.029674,-0.100148,0.029011,-0.145381,0.002609,0.000749
0,-0.164412,0.017025,0.027312,0.032897,0.047061,0.035583,0.002748,0.000297
0,-0.030695,0.00625,0.162027,-0.021923,0.162101,-0.028767,0.000536,0.000109
0,-0.230324,0.108313,-0.186303,0.112324,-0.213524,0.081663,0.001598,0.00189
0,0.004254,-0.11219,0.204961,-0.210198,0.214119,-0.258876,7.4e-05,0.001958
0,-0.106617,-0.080172,-0.114878,0.007133,-0.083005,0.007567,0.001861,0.001399
0,0.008504,0.134202,0.085521,0.19214,0.065349,0.156078,0.000148,0.002342
0,0.072787,0.010379,0.08695,-0.149703,0.085266,-0.150612,0.00127,0.000181
0,-0.208599,0.112372,-0.269463,0.114219,-0.237842,0.094593,0.001977,0.001961
0,-0.00815,0.113175,0.211255,-0.019015,0.232786,0.029627,0.000142,0.001975
0,-0.123097,-0.035896,-0.115584,-0.133138,-0.154391,-0.1723,0.002148,0.000627
0,0.111042,-0.01393,0.238983,0.031386,0.189629,-0.011141,0.001938,0.000243
0,0.040053,-0.111756,-0.053062,-0.101863,-0.059239,-0.090253,0.000699,0.001951
0,-0.018157,0.075186,-0.073611,0.167622,-0.05984,0.167817,0.000317,0.001312
0,0.011303,0.034476,0.012908,-0.054194,0.040796,-0.023191,0.000197,0.000602
0,-0.070231,0.044123,-0.087661,0.010108,-0.078261,-0.037713,0.001226,0.00077
0,-0.11267,-0.040579,-0.060114,-0.107573,-0.084949,-0.1573,0.001966,0.000708
0,0.037576,0.035187,0.169566,0.077517,0.138248,0.117505,0.000656,0.000614
0,-0.094634,-0.061213,-0.140038,-0.125866,-0.118644,-0.132767,0.001652,0.001068
0,0.874613,2.468694,0.988143,2.539785,1.031647,2.558839,0.001588,0.001853
0,1.718426,2.565795,0.844033,0.103234,0.876858,0.149769,0.001905,0.000158
0,2.241155,2.703568,0.532338,0.15129,0.527353,0.14802,0.000207,0.002246
0,1.972041,2.656151,-0.259294,-0.01747,-0.216824,-0.047501,0.000714,0.001419
0,2.217008,2.085227,0.226462,-0.542362,0.191746,-0.573791,0.000628,0.002689
0,1.843288,1.80469,-0.355757,-0.269607,-0.389556,-0.249008,0.001534,0.002207
0,1.478332,1.217212,-0.351482,-0.600851,-0.342845,-0.593848,0.002286,0.001226
0,1.145053,0.723536,-0.312788,-0.504487,-0.336737,-0.472367,0.002485,0.001393
0,0.639631,0.167512,-0.489248,-0.535237,-0.526383,-0.564045,7.1e-05,0.002694
0,0.405791,-0.249381,-0.248873,-0.439015,-0.248194,-0.459509,0.001465,0.001265
0,-0.047522,-0.227529,-0.433128,0.04771,-0.482735,-0.000181,0.000829,0.001646
0,-0.103592,-0.307676,-0.027127,-0.091377,-0.023451,-0.055038,0.001808,0.000248
0,-0.194289,-0.229416,-0.072856,0.090998,-0.063902,0.074448,0.002227,0.001613
0,-0.16021,-0.445047,0.014087,-0.209767,-0.03459,-0.241541,0.002796,0.00215
0,-0.07885,-0.283546,0.054829,0.151441,0.042702,0.123645,0.001376,0.000669
0,-0.253273,-0.109663,-0.168383,0.20038,-0.207221,0.183024,0.001197,0.001914
0,-0.226351,-0.26588,0.006398,-0.160405,0.054846,-0.123942,0.001667,0.000977
0,-0.195174,-0.189191,0.028869,0.062883,-0.008217,0.070527,0.002211,0.002316
0,-0.028238,-0.051098,0.166016,0.14358,0.13806,0.131142,0.000493,0.000892
0,-1.38341,-1.092314,-1.329737,-1.018944,-1.364622,-1.026669,0.001675,0.002212
0,-2.571406,-1.335703,-1.20367,-0.234933,-1.245234,-0.21986,6.1e-05,0.000842
0,-2.723715,-1.568765,-0.181942,-0.214408,-0.196822,-0.186609,0.002598,0.000707
0,-3.218176,-1.445981,-0.477243,0.152747,-0.437307,0.180417,7e-06,0.002767
0,-2.967112,-1.928364,0.249264,-0.501734,0.239234,-0.532061,0.001228,4.9e-05
0,-2.374625,-1.70798,0.603195,0.244679,0.599811,0.219267,0.002122,0.001722
0,-1.482266,-1.415138,0.888038,0.31472,0.840592,0.330851,0.002217,0.002229
0,-1.047747,-1.282535,0.459154,0.144372,0.459497,0.187712,0.001434,8.6e-05
0,-0.726052,-0.937456,0.298651,0.32701,0.312416,0.352863,0.001437,0.000491
0,-0.530342,-0.6513,0.189104,0.285431,0.156792,0.263564,0.001979,0.000132
0,-0.136463,-0.300415,0.371035,0.362736,0.394221,0.340373,0.002382,0.000374
0,0.052484,0.029096,0.165748,0.32246,0.128696,0.29968,0.000916,0.000508
0,0.162659,-0.024384,0.08786,-0.045921,0.092419,-0.003063,0.002779,0.000426
0,0.144667,0.055167,0.007223,0.075724,0.04905,0.027685,0.002525,0.000963
0,0.041556,0.423456,-0.114748,0.387954,-0.157276,0.43324,0.000725,0.001773
0,0.09644,0.295063,0.080323,-0.100367,0.102502,-0.112932,0.001683,0.000468
0,0.00242,0.439492,-0.071677,0.161084,-0.038011,0.124044,4.2e-05,0.002053
0,0.007074,0.425297,0.000738,-0.037465,-0.020998,-0.006578,0.000123,0.001805
0,0.210809,0.220136,0.221438,-0.179642,0.177228,-0.185446,0.001938,0.001775
0,0.094923,0.395979,-0.111031,0.162281,-0.142933,0.132521,0.001657,0.001294
0,0.160177,0.235263,0.094706,-0.186698,0.04937,-0.195099,0.002796,0.001511
0,-0.086873,0.179359,-0.220524,-0.055555,-0.214942,-0.026711,0.001516,0.002487
0,0.135718,0.235939,0.234088,0.07498,0.205873,0.054022,0.002369,0.0015
0,-0.035595,0.245121,-0.145679,-0.011084,-0.194018,0.022679,0.000621,0.001339
0,0.097827,0.207993,0.138281,-0.010017,0.184785,0.01112,0.001707,0.001987
0,-0.172914,0.188746,-0.297921,-0.0135,-0.260668,-0.03677,0.0026,0.002323
0,-0.103718,0.377774,0.0635,0.200017,0.096664,0.174125,0.00181,0.000976
0,-0.035928,0.096291,0.06212,-0.292853,0.095941,-0.296266,0.000627,0.001681
0,0.15792,0.338684,0.166157,0.248917,0.183559,0.254346,0.002756,0.000294
0,0.134464,0.283299,-0.042537,-0.079209,0.003372,-0.029691,0.002347,0.000673
0,0.057548,0.149267,-0.096428,-0.146921,-0.093332,-0.171664,0.001004,0.002605
0,-0.02044,0.238118,-0.053385,0.078901,-0.012104,0.095865,0.000357,0.001462
0,0.125528,0.0779,0.122563,-0.164403,0.152409,-0.132064,0.002191,0.00136
0,0.141816,0.014205,0.034038,-0.072052,0.082565,-0.070234,0.002475,0.000248
0,-0.049948,0.01651,-0.171596,-0.004646,-0.163208,0.003193,0.000872,0.000288
0,0.137369,-0.006229,0.208498,-0.014197,0.233676,-0.026833,0.002398,0.000109
0,0.122564,0.050238,-0.014513,0.04041,0.025491,0.000212,0.002139,0.000877
0,-0.050645,0.222193,-0.176925,0.195786,-0.180949,0.241518,0.000884,0.00174
0,0.18364,0.247904,0.252052,-0.001713,0.26458,0.006883,0.002412,0.001291
0,-0.02018,0.294882,-0.228851,0.05182,-0.20866,0.049134,0.000352,0.000471
0,0.094306,0.201462,0.14033,-0.078377,0.155675,-0.1218,0.001646,0.002101
0,0.056517,0.266045,-0.014324,0.058635,-0.061583,0.082344,0.000986,0.000974
0,0.024265,0.023968,-0.046789,-0.237675,-0.037024,-0.234013,0.000424,0.000418
0,0.008248,0.213184,-0.045825,0.17676,-0.045372,0.162674,0.000144,0.001897
0,-0.060437,0.16309,-0.058931,-0.053103,-0.077935,-0.015749,0.001055,0.002771
0,0.10684,0.121218,0.179613,-0.055076,0.221444,-0.039945,0.001865,0.002116
0,-0.102336,0.20579,-0.195416,0.063515,-0.233632,0.055273,0.001786,0.002026
0,0.016113,0.205265,0.130823,-0.02112,0.099893,-0.037663,0.000281,0.002035
0,0.032544,0.073871,0.010026,-0.120293,0.048027,-0.145376,0.000568,0.001289
0,0.092897,0.102629,0.051126,0.014315,0.01475,-0.022164,0.001621,0.001791
0,0.119353,0.072617,0.005449,-0.049235,0.004601,-0.067718,0.002083,0.001267
0,-0.162671,0.04663,-0.291008,-0.04946,-0.283347,-0.023673,0.002778,0.000814
0,0.014476,-0.012291,0.2026,-0.067341,0.154983,-0.033839,0.000253,0.000215
0,-0.128471,0.074288,-0.149489,0.063788,-0.19231,0.07721,0.002242,0.001297
0,-0.140783,0.07149,0.005562,-0.018794,0.035025,0.028573,0.002457,0.001248
0,-0.047372,-0.067926,0.079446,-0.111279,0.035206,-0.101828,0.000827,0.001186
0,-0.05096,0.084751,-0.003907,0.146083,-0.027335,0.130055,0.000889,0.001479
0,0.024797,0.173984,0.060856,0.1158,0.042955,0.086779,0.000433,0.002581
0,-0.085366,0.078238,-0.130981,-0.073009,-0.176751,-0.109693,0.00149,0.001366
0,-0.016036,0.051355,0.088379,-0.030257,0.121801,-0.005043,0.00028,0.000896
0,-0.083641,0.133684,-0.088383,0.081693,-0.132138,0.057725,0.00146,0.002333
0,-0.087447,0.135495,-0.021836,-0.004946,-0.051128,0.035297,0.001526,0.002365
0,-0.151151,0.023945,-0.065807,-0.108168,-0.100586,-0.088021,0.002638,0.000418
0,-0.138169,0.144452,0.028279,0.147556,0.036553,0.159508,0.002412,0.002521
0,0.124567,0.155485,0.244903,-0.003275,0.29388,0.03088,0.002174,0.002714
0,-0.072526,0.037162,-0.185952,-0.107559,-0.226012,-0.057564,0.001266,0.000649
0,-0.011504,-0.02621,0.031778,-0.063116,0.039017,-0.096328,0.000201,0.000457
0,0.041472,0.039322,0.068405,0.087235,0.102283,0.104794,0.000724,0.000686
0,0.041787,0.057779,-0.006921,0.015896,-0.054485,0.040727,0.000729,0.001008
0,-0.097903,-0.042713,-0.111913,-0.072174,-0.11316,-0.121269,0.001709,0.000745
0,-0.134548,0.039888,-0.02878,0.085749,-0.05812,0.123677,0.002348,0.000696
0,0.094528,0.175504,0.217137,0.143671,0.251762,0.189044,0.00165,0.002554
0,0.025722,0.081871,-0.088225,-0.064338,-0.119028,-0.033193,0.000449,0.001429
0,-0.067969,0.090748,-0.077086,0.022643,-0.07274,0.033026,0.001186,0.001584
0,0.136853,-0.015239,0.214229,-0.119683,0.188807,-0.072382,0.002389,0.000266
0,0.112636,-0.061393,-0.050445,-0.065088,-0.018507,-0.066507,0.001966,0.001072
0,-0.015808,0.167668,-0.144557,0.233597,-0.099941,0.248815,0.000276,0.002691
0,0.022602,0.131035,0.012892,-0.056265,0.033251,-0.013952,0.000394,0.002287
0,0.131581,0.028799,0.123683,-0.090211,0.149411,-0.090186,0.002297,0.000503
0,0.029048,0.156522,-0.073364,0.144563,-0.040027,0.156347,0.000507,0.002732
0,0.169454,-0.02505,0.148167,-0.192062,0.100748,-0.184033,0.00266,0.000437
0,0.156819,-0.033746,-0.040625,-0.024212,-0.056366,-0.030184,0.002737,0.000589
0,-0.108914,0.041846,-0.261758,0.060185,-0.23102,0.019166,0.001901,0.00073
0,0.179693,0.02336,0.26115,-0.046869,0.256391,0.002386,0.002481,0.000408
0,-0.032848,0.094192,-0.19122,0.072701,-0.189076,0.115744,0.000573,0.001644
0,-0.029428,0.12604,-0.019562,0.03064,-0.025365,0.023218,0.000514,0.0022
0,-0.03357,0.125007,-0.005922,-0.00357,-0.037189,0.006583,0.000586,0.002182
0,-0.16202,0.071586,-0.112768,-0.043788,-0.105933,-0.043131,0.00279,0.001249
0,-0.192434,-0.000206,-0.057191,-0.057765,-0.063622,-0.035957,0.002259,4e-06
0,-0.160668,0.098634,0.039601,0.115813,0.025277,0.109149,0.002804,0.001721
0,-0.089129,0.030601,0.096293,-0.047996,0.109634,-0.038488,0.001556,0.000534
0,-0.106555,0.134064,0.009275,0.130789,0.030182,0.120571,0.00186,0.00234
0,-0.162313,-0.139293,-0.067044,-0.248347,-0.017832,-0.2586,0.002785,0.002431
0,-0.014735,-0.002997,0.131583,0.131675,0.161738,0.14432,0.000257,5.2e-05
0,-0.120657,-0.015802,-0.11894,0.012327,-0.105154,0.052359,0.002106,0.000276
0,-0.005275,-0.012705,0.098139,0.028561,0.06266,0.021725,9.2e-05,0.000222
0,-0.14018,-0.026746,-0.142038,-0.015696,-0.154589,0.002767,0.002447,0.000467
0,-0.117292,-0.138327,0.018422,-0.104216,0.047606,-0.14901,0.002047,0.002414
0,-0.153839,-0.010805,-0.035492,0.137934,-0.062286,0.114126,0.002685,0.000189
0,-0.055136,-0.030156,0.09942,-0.009588,0.11304,-0.045141,0.000962,0.000526
0,-0.21819,-0.025394,-0.145429,0.015368,-0.1507,0.016274,0.001809,0.000443
0,-0.101978,-0.114928,0.128019,-0.091473,0.140222,-0.079741,0.00178,0.002006
0,-0.044615,0.059538,0.045697,0.149168,0.026526,0.101926,0.000779,0.001039
0,-0.228082,0.092599,-0.153708,0.05516,-0.131407,0.026532,0.001637,0.001616
0,-0.137254,0.168624,0.103839,0.093825,0.057592,0.101679,0.002396,0.002674
0,-0.135629,-0.115458,-0.018909,-0.300393,0.024069,-0.274227,0.002367,0.002015
0,-0.241222,0.143745,-0.076892,0.238203,-0.11081,0.276336,0.001407,0.002509
0,-0.195523,-0.008332,0.0591,-0.180217,0.021656,-0.227324,0.002205,0.000145
0,-0.242995,0.112888,-0.065356,0.104526,-0.036656,0.097166,0.001376,0.00197
0,-0.160244,0.007709,0.056518,-0.106817,0.079901,-0.139919,0.002797,0.000135
0,-0.084425,0.078909,0.06507,0.054382,0.097274,0.00464,0.001474,0.001377
0,0.006826,0.040424,0.097958,-0.009056,0.094673,-0.038513,0.000119,0.000706
0,-0.047005,-0.014454,-0.080065,-0.058939,-0.125605,-0.090258,0.00082,0.000252
0,0.064215,0.132781,0.102988,0.135756,0.073717,0.161749,0.001121,0.002317
0,-0.148125,-0.106431,-0.219901,-0.221251,-0.216944,-0.215046,0.002585,0.001858
0,0.075048,0.11228,0.245153,0.22618,0.238195,0.275722,0.00131,0.00196
0,0.170607,-0.104919,0.112402,-0.242977,0.137047,-0.250963,0.00264,0.001831
0,0.061498,0.080529,-0.129371,0.213829,-0.08613,0.177685,0.001073,0.001405
0,0.097044,0.111789,0.034472,0.017425,0.042947,-0.018819,0.001694,0.001951
0,0.024921,0.042936,-0.066732,-0.058033,-0.110506,-0.044172,0.000435,0.000749
0,0.040402,0.00819,-0.011473,-0.005154,0.027757,-0.006696,0.000705,0.000143
0,-0.024902,0.005659,-0.093587,-9.8e-05,-0.119778,-0.047164,0.000435,9.9e-05
0,0.011773,0.101855,0.024519,0.107116,0.042537,0.146621,0.000205,0.001778
0,-0.090431,0.168294,-0.09954,0.069937,-0.077018,0.06454,0.001578,0.00268
0,0.056423,0.172546,0.130561,0.026018,0.163279,0.075804,0.000985,0.002606
0,0.178482,-0.030001,0.104319,-0.181869,0.106238,-0.165753,0.002502,0.000524
0,0.104282,0.084584,-0.044818,0.132956,-0.071336,0.152249,0.00182,0.001476
0,0.037712,0.019197,-0.039174,-0.070946,-0.043911,-0.087907,0.000658,0.000335
0,0.123209,0.000698,0.089201,-0.029374,0.125197,-0.073033,0.00215,1.2e-05
0,0.025148,0.023719,-0.096946,0.00969,-0.1469,0.004729,0.000439,0.000414
0,0.206152,-0.048351,0.163818,-0.04628,0.192341,-0.088798,0.002019,0.000844
0,0.151313,-0.012838,-0.072018,0.036889,-0.026463,0.060869,0.002641,0.000224
0,0.025403,-0.054966,-0.151208,-0.049925,-0.105862,-0.066474,0.000443,0.000959
0,0.46302,-1.010666,0.449176,-0.966373,0.485909,-0.918263,0.002464,0.000787
0,1.212883,-2.752144,0.764037,-1.716991,0.734304,-1.731808,0.001301,0.002524
0,1.544383,-2.756047,0.327309,0.020641,0.373972,0.024805,0.001133,0.002455
0,1.212414,-2.024145,-0.33985,0.718425,-0.324652,0.758885,0.001309,0.001623
0,1.031116,-1.716954,-0.195397,0.290101,-0.231131,0.259053,0.001144,0.001879
0,1.445304,-1.470921,0.431167,0.245156,0.41348,0.248724,0.002755,0.002415
0,0.87891,-1.268208,-0.583572,0.190716,-0.576294,0.220851,0.001513,0.000336
0,0.841718,-0.798644,-0.007757,0.472958,0.035102,0.476346,0.002162,0.002704
0,0.785592,-0.337753,-0.075922,0.444704,-0.103083,0.479808,0.002476,0.000277
0,0.479256,-0.055534,-0.313068,0.308909,-0.270586,0.270855,0.002747,0.000969
0,0.224503,0.012137,-0.284159,0.042085,-0.260573,0.077646,0.001699,0.000212
0,0.309906,0.071527,0.103987,0.077972,0.132227,0.033775,0.000209,0.001248
0,0.146748,0.162858,-0.14311,0.06735,-0.176471,0.029513,0.002561,0.002775
0,-0.115374,0.37781,-0.266799,0.241063,-0.280761,0.252608,0.002014,0.000977
0,0.125104,0.170794,0.210663,-0.177141,0.222834,-0.184272,0.002183,0.002637
0,-0.078965,0.059848,-0.216518,-0.109152,-0.225401,-0.090587,0.001378,0.001045
0,-0.052213,0.11173,0.028181,0.023723,-0.002899,-0.01887,0.000911,0.00195
0,2.43157,0.441241,2.492176,0.33706,2.474166,0.384983,0.002501,0.002084
0,2.731823,0.87041,0.281031,0.433357,0.235314,0.465515,0.002739,0.001661
0,2.863419,0.648318,0.134055,-0.19974,0.114051,-0.232859,0.000581,8e-05
0,2.357906,0.571784,-0.480713,-0.059201,-0.505589,-0.093792,0.001831,0.001256
0,1.68025,0.447842,-0.693806,-0.119159,-0.724757,-0.090677,0.001238,0.002199
0,1.408479,0.458754,-0.249262,-0.004339,-0.24075,0.001558,0.002113,0.002389
0,1.176241,0.244892,-0.231485,-0.240405,-0.184031,-0.211556,0.001941,0.001343
0,0.64836,0.250704,-0.551966,0.008037,-0.561641,-0.02861,8.1e-05,0.001242
0,0.269928,0.054447,-0.349465,-0.221376,-0.326798,-0.24704,0.000906,0.00095
0,-0.062791,0.061651,-0.353213,0.002699,-0.402773,0.032204,0.001096,0.001076
0,-0.252544,-0.073097,-0.162155,-0.153118,-0.162142,-0.166761,0.00121,0.001276
0,-0.30371,-0.141603,-0.046391,-0.092948,-0.090034,-0.048306,0.000317,0.002471
0,-0.248179,-0.097762,0.037527,0.052204,0.042304,0.014722,0.001286,0.001706
0,-0.304686,0.017816,-0.075061,0.141913,-0.123576,0.141771,0.0003,0.000311
0,-0.078203,0.097381,0.224514,0.104816,0.221093,0.076805,0.001365,0.0017
0,-0.283484,-0.035839,-0.23451,-0.117307,-0.210812,-0.075889,0.00067,0.000626
0,-0.228644,0.096248,0.038378,0.122216,0.002459,0.117942,0.001627,0.00168
0,0.085515,-0.018404,0.288705,-0.139829,0.301646,-0.137428,0.001493,0.000321
0,0.09062,0.071307,-0.0069,0.066267,-0.041444,0.058398,0.001582,0.001245
0,-0.015078,-0.009726,-0.09197,-0.094011,-0.101638,-0.138212,0.000263,0.00017
0,0.066417,-0.135299,0.071573,-0.125115,0.081166,-0.083431,0.001159,0.002361
0,-0.057247,-0.070861,-0.136298,0.062844,-0.17466,0.088799,0.000999,0.001237
0,0.019674,0.087138,0.08627,0.180544,0.076857,0.178254,0.000343,0.001521
0,0.12266,-0.135916,0.120309,-0.238285,0.098986,-0.246723,0.002141,0.002372
0,0.071011,-0.039447,-0.077617,0.109726,-0.040975,0.081538,0.001239,0.000688
0,0.19636,-0.175665,0.107517,-0.135611,0.135545,-0.134283,0.00219,0.002552
0,-0.077093,0.059734,-0.279302,0.213591,-0.303162,0.199128,0.001346,0.001043
0,0.122447,-0.118402,0.182663,-0.171309,0.190097,-0.15137,0.002137,0.002067
0,0.116012,-0.084793,-0.010663,0.028182,-0.052727,0.00216,0.002025,0.00148
0,-0.039436,-0.046543,-0.130831,0.061911,-0.09918,0.08905,0.000688,0.000812
0,0.070619,-0.083866,0.111926,-0.058341,0.065512,-0.032653,0.001233,0.001464
0,0.043817,0.115654,-0.053802,0.204366,-0.015704,0.177799,0.000765,0.002019
0,-0.091018,0.129707,-0.162709,-6.3e-05,-0.158505,0.021218,0.001589,0.002264
0,0.067211,0.130241,0.171897,0.019728,0.158179,0.008058,0.001173,0.002273
0,-0.129253,-0.09682,-0.181476,-0.214094,-0.222863,-0.244121,0.002256,0.00169
0,0.104749,-0.075442,0.262306,0.030164,0.280002,-0.003921,0.001828,0.001317
0,0.085295,0.111429,0.007925,0.159861,0.008135,0.127531,0.001489,0.001945
0,0.111718,0.072057,0.024789,-0.048795,0.040546,-0.003361,0.00195,0.001258
0,-0.166952,0.054106,-0.265816,-0.02949,-0.284643,-0.077888,0.002704,0.000944
0,0.016651,-0.098486,0.204184,-0.179755,0.233165,-0.157249,0.000291,0.001719
0,-0.081852,0.136994,-0.120272,0.213819,-0.165443,0.181401,0.001429,0.002391
0,-0.018728,0.182572,0.058336,0.044621,0.019069,0.056213,0.000327,0.002431
0,-0.007705,-0.079495,0.039788,-0.274216,0.060211,-0.224747,0.000134,0.001387
0,-0.05742,-0.040366,-0.067492,0.033029,-0.058029,0.06214,0.001002,0.000705
0,-0.004386,0.098175,0.05459,0.119393,0.101224,0.115895,7.7e-05,0.001713
0,0.129066,0.104057,0.153192,0.032546,0.193555,0.062444,0.002253,0.001816
0,-0.039383,0.0947,-0.167819,0.008106,-0.208917,-0.021829,0.000687,0.001653
0,0.114321,-0.085916,0.161091,-0.153816,0.167637,-0.136942,0.001995,0.0015
0,0.079301,0.158659,-0.016599,0.272099,-0.006601,0.269532,0.001384,0.002769
0,-0.116744,-0.065078,-0.190171,-0.199603,-0.176941,-0.15693,0.002038,0.001136
0,-0.060728,0.168718,0.063294,0.228534,0.03564,0.274559,0.00106,0.002673
0,0.094806,0.141573,0.134359,-0.041023,0.09129,-0.086018,0.001655,0.002471
0,0.066747,-0.076448,-0.057519,-0.198403,-0.041181,-0.23922,0.001165,0.001334
0,-0.031541,0.020963,-0.101028,0.093824,-0.111134,0.077283,0.000551,0.000366
0,0.211612,0.141523,0.253497,0.12767,0.245827,0.084575,0.001924,0.00247
0,0.123572,0.198167,-0.069738,0.06514,-0.053928,0.099148,0.002157,0.002159
0,0.178072,-0.03717,0.0653,-0.226636,0.047552,-0.267884,0.00251,0.000649
0,0.213871,0.090846,0.0228,0.12038,0.032304,0.131334,0.001885,0.001586
0,0.053548,-0.039869,-0.148859,-0.12564,-0.144817,-0.14631,0.000935,0.000696
0,0.19553,0.065041,0.117113,0.096861,0.101874,0.051498,0.002205,0.001135
0,-0.025647,0.135453,-0.250006,0.067499,-0.225943,0.022917,0.000448,0.002364
0,0.17915,0.209011,0.193489,0.081989,0.182016,0.108017,0.002491,0.00197
0,0.158699,-0.055355,0.006991,-0.256516,0.024883,-0.284186,0.00277,0.000966
0,-0.010424,0.058016,-0.183598,0.120715,-0.174079,0.106732,0.000182,0.001013
0,-0.071307,0.06152,-0.051703,5e-05,-0.036545,-0.016696,0.001245,0.001074
0,-0.024363,-0.046514,0.022651,-0.105554,0.049256,-0.136943,0.000425,0.000812
0,-0.010943,-0.04737,0.034714,-0.008267,0.03385,-0.054381,0.000191,0.000827
0,0.178397,0.177873,0.169645,0.225441,0.160826,0.268519,0.002504,0.002513
0,-0.125285,0.163114,-0.301719,0.000616,-0.262669,0.006737,0.002187,0.002771
0,-0.016498,0.013542,0.120083,-0.123362,0.072003,-0.132515,0.000288,0.000236
0,0.056526,0.125545,0.04589,0.092549,0.032337,0.12579,0.000987,0.002191
0,-0.118773,0.139864,-0.176724,-0.003147,-0.142305,-0.015208,0.002073,0.002441
0,0.131589,-0.088577,0.264425,-0.228061,0.219715,-0.220641,0.002297,0.001546
0,0.105545,0.04031,-0.003278,0.107985,0.028805,0.098102,0.001842,0.000704
0,-0.017723,0.037007,-0.119045,0.013744,-0.154258,0.061861,0.000309,0.000646
0,0.076631,0.006946,0.11488,-0.047428,0.080366,-0.016101,0.001337,0.000121
0,0.063322,-0.063406,-0.034527,-0.041002,0.008688,-0.036209,0.001105,0.001107
0,-0.132156,-0.048656,-0.220425,0.02349,-0.179419,0.028906,0.002307,0.000849
0,-0.133992,-0.125274,-0.01843,-0.056379,-0.051823,-0.091777,0.002339,0.002186
0,-0.121211,-0.145039,0.041896,-0.009387,0.008159,0.039404,0.002116,0.002531
0,-0.140337,-0.099129,-0.030871,0.053687,-0.072793,0.087569,0.002449,0.00173
0,0.106665,-0.01298,0.264236,0.077949,0.31201,0.058309,0.001862,0.000227
0,-0.047754,0.025308,-0.131371,0.01006,-0.097174,0.045856,0.000833,0.000442
0,-0.098589,0.037175,-0.055645,0.014632,-0.015216,0.014467,0.001721,0.000649
0,0.055802,-0.100394,0.126357,-0.127508,0.111535,-0.083477,0.000974,0.001752
0,0.094934,-0.126242,0.028627,-0.049335,0.034603,-0.070064,0.001657,0.002203
0,-0.077678,-0.072292,-0.145064,0.023977,-0.122605,0.060764,0.001356,0.001262
0,0.131419,0.095388,0.233364,0.193284,0.23555,0.195268,0.002294,0.001665
0,0.08688,-0.053059,-0.016334,-0.145299,-0.035054,-0.180307,0.001516,0.000926
0,-0.148203,-0.156185,-0.252335,-0.116617,-0.27426,-0.10168,0.002587,0.002726
0,-0.086355,-0.102328,0.055727,0.034694,0.101429,0.071785,0.001507,0.001786
0,-0.198207,-0.095641,-0.086835,0.025001,-0.088279,0.058883,0.002158,0.001669
0,-0.049703,0.049594,0.141902,0.134151,0.180932,0.107781,0.000867,0.000866
0,-0.138117,-0.027283,-0.089388,-0.100125,-0.09973,-0.089092,0.002411,0.000476
0,0.001679,-0.031181,0.125739,-0.020956,0.075986,-0.012557,2.9e-05,0.000544
0,-0.222007,0.119176,-0.194993,0.155112,-0.185171,0.168885,0.001743,0.00208
0,-0.13116,-0.01807,0.109101,-0.117747,0.066008,-0.080869,0.002289,0.000315
0,-0.113736,0.073474,0.027998,0.083754,0.007374,0.122076,0.001985,0.001282
0,-0.133368,0.103312,-0.014601,0.050209,-0.05948,0.045278,0.002328,0.001803
0,-0.232317,-0.047601,-0.104411,-0.169161,-0.133045,-0.126115,0.001563,0.000831
0,-0.02275,0.118255,0.237047,0.166712,0.279711,0.181263,0.000397,0.002064
0,-0.082578,-0.038545,-0.085278,-0.138856,-0.134562,-0.131638,0.001441,0.000673
0,-0.021956,0.122852,0.068794,0.137336,0.074389,0.137898,0.000383,0.002144
0,-0.208551,-0.084469,-0.207431,-0.231754,-0.247725,-0.214995,0.001978,0.001474
0,-0.188021,0.00027,0.043885,0.100189,0.011122,0.0519,0.002336,5e-06
0,-0.159679,0.08679,-0.000838,0.090923,0.025366,0.107515,0.002787,0.001515
0,0.066844,-0.061528,0.231611,-0.124478,0.196848,-0.113853,0.001167,0.001074
0,0.010672,0.152044,-0.054948,0.185258,-0.099553,0.187405,0.000186,0.002654
0,0.162798,-1.16614,0.155996,-1.306533,0.138166,-1.278051,0.002776,0.002117
0,0.011489,-2.406487,-0.155606,-1.268048,-0.179287,-1.231489,0.000201,0.002679
0,-0.029594,-2.462387,-0.016874,-0.0296,-0.034048,-0.060041,0.000517,0.001963
0,0.156635,-2.169154,0.177707,0.313024,0.130889,0.295713,0.002734,0.001464
0,-0.003455,-2.006069,-0.171381,0.155766,-0.191112,0.175958,6e-05,0.001307
0,-0.01862,-1.606687,-0.027708,0.379795,0.001548,0.425883,0.000325,4.6e-05
0,0.017531,-0.993136,0.047555,0.634269,0.074202,0.620327,0.000306,0.000481
0,0.017198,-0.41674,0.011037,0.565546,0.060244,0.570776,0.0003,0.001656
0,0.143427,-0.419945,0.104822,0.001286,0.128901,0.007864,0.002503,0.001712
0,0.124505,-0.287384,-0.032349,0.11429,-0.061744,0.136792,0.002173,0.000602
0,0.179849,-0.150664,0.071692,0.124534,0.117897,0.16392,0.002479,0.00263
0,-0.00891,0.183673,-0.164007,0.357908,-0.183254,0.384118,0.000156,0.002412
0,-0.002949,-0.004161,0.002955,-0.209526,-0.0156,-0.183371,5.1e-05,7.3e-05
0,0.039874,0.152124,0.042021,0.128066,0.043163,0.140755,0.000696,0.002655
0,-0.01568,0.146236,-0.049708,0.011462,-0.035993,0.0149,0.000274,0.002552
0,-0.082887,0.066775,-0.088605,-0.054322,-0.040462,-0.048528,0.001447,0.001165
0,0.080196,0.128124,0.167415,0.079635,0.19763,0.076935,0.0014,0.002236
0,-0.010476,0.09432,-0.066787,-0.046042,-0.081476,-0.062397,0.000183,0.001646
0,0.016919,0.198546,0.039572,0.082892,0.001705,0.075663,0.000295,0.002152
0,0.016309,0.204479,-0.030312,0.005341,-0.001831,0.018231,0.000285,0.002049
0,0.070407,-0.097365,0.032099,-0.278706,0.069149,-0.298801,0.001229,0.001699
0,-0.17522,0.057709,-0.267223,0.137008,-0.295669,0.104536,0.002559,0.001007
0,-0.086134,-0.029773,0.079897,-0.101272,0.108839,-0.120482,0.001503,0.00052
0,0.099396,0.023389,0.186418,0.042133,0.203886,0.049137,0.001735,0.000408
0,0.011265,0.035107,-0.106218,-0.018136,-0.096988,-0.033087,0.000197,0.000613
0,-0.016982,0.021184,-0.032917,-0.027635,0.012019,-0.063276,0.000296,0.00037
0,0.030497,0.111298,0.069128,0.067383,0.065806,0.096336,0.000532,0.001943
0,0.055752,0.083074,-0.002858,-0.014715,0.013026,0.021589,0.000973,0.00145
0,-0.11983,-0.081823,-0.199706,-0.182865,-0.231012,-0.160173,0.002091,0.001428
0,-0.171565,0.094902,-0.038573,0.155833,-0.043589,0.20534,0.002623,0.001656
0,0.027778,-0.035768,0.176605,-0.132862,0.190423,-0.142391,0.000485,0.000624
0,-0.076051,-0.034986,-0.093332,0.008568,-0.127423,-0.018735,0.001327,0.000611
0,0.020455,0.03347,0.102886,0.054656,0.095713,0.008894,0.000357,0.000584
0,0.142173,0.129061,0.122792,0.099582,0.083192,0.066621,0.002481,0.002253
0,-0.090992,0.152728,-0.248315,0.050568,-0.250218,0.085361,0.001588,0.002666
0,-0.037431,0.087628,0.039036,-0.058066,0.08071,-0.07453,0.000653,0.001529
0,-0.165473,-0.147468,-0.125024,-0.252792,-0.158923,-0.254753,0.002729,0.002574
0,-0.086581,0.149748,0.103803,0.274568,0.061536,0.317241,0.001511,0.002614
0,0.011092,0.006117,0.08056,-0.140923,0.123552,-0.107066,0.000194,0.000107
0,-0.051528,-0.116088,-0.089352,-0.133904,-0.09566,-0.094995,0.000899,0.002026
0,-0.261712,-0.010097,-0.208948,0.109287,-0.252642,0.137001,0.00105,0.000176
0,-0.196231,0.099311,0.081437,0.084151,0.113458,0.068757,0.002193,0.001733
0,-0.121768,0.011141,0.065285,-0.110089,0.099193,-0.114051,0.002125,0.000194
0,0.029987,0.154662,0.134254,0.152848,0.167714,0.162927,0.000523,0.002699
0,-0.174802,0.063015,-0.199174,-0.111114,-0.166409,-0.13622,0.002567,0.0011
0,0.047643,0.062458,0.197188,0.005791,0.22439,-0.03686,0.000832,0.00109
0,-0.00863,-0.017484,-0.073235,-0.100483,-0.062335,-0.136372,0.000151,0.000305
0,0.09548,-0.094539,0.094671,-0.053282,0.125466,-0.04563,0.001666,0.00165
0,-0.133113,0.110145,-0.253263,0.216038,-0.256575,0.218468,0.002323,0.001922
0,0.019798,0.128264,0.155769,0.002265,0.109824,0.0226,0.000346,0.002239
0,-0.100879,0.17297,-0.120213,0.039189,-0.138266,0.031972,0.001761,0.002599
0,-0.051329,0.075604,0.023259,-0.068622,0.058578,-0.050353,0.000896,0.00132
0,-0.138037,-0.073443,-0.061063,-0.177563,-0.04221,-0.200574,0.002409,0.001282
0,0.083382,-0.026652,0.246854,0.031093,0.249509,0.075905,0.001455,0.000465
0,0.049838,-0.142626,-0.030333,-0.094597,-0.00667,-0.103546,0.00087,0.002489
0,0.14977,0.019919,0.119893,0.186409,0.150337,0.235751,0.002614,0.000348
0,0.222513,0.052658,0.078253,0.04652,0.101387,0.02819,0.001734,0.000919
0,-0.028536,-0.053687,-0.235502,-0.100205,-0.198965,-0.148949,0.000498,0.000937
0,0.243254,-0.034679,0.301696,0.000559,0.3037,0.047225,0.001372,0.000605
0,0.254832,0.115079,0.027968,0.149552,0.030519,0.132508,0.00117,0.002009
0,0.00609,0.10755,-0.261123,-0.016241,-0.295093,-0.007761,0.000106,0.001877
0,0.148976,0.068712,0.118537,-0.021901,0.128824,-0.002824,0.0026,0.001199
0,0.276024,-0.134768,0.137468,-0.230442,0.125304,-0.183509,0.0008,0.002352
0,0.208054,0.029898,-0.088947,0.155204,-0.12098,0.152891,0.001986,0.000522
0,0.045977,-0.037382,-0.135076,-0.052316,-0.16848,-0.081192,0.000802,0.000652
0,0.141186,-0.12743,0.097347,-0.074615,0.099805,-0.028682,0.002464,0.002224
0,0.235324,-0.009422,0.10032,0.098945,0.118085,0.094255,0.00151,0.000164
0,0.157095,0.074621,-0.08816,0.060191,-0.113326,0.085784,0.002742,0.001302
0,0.060691,-0.054745,-0.092558,-0.117515,-0.054164,-0.091407,0.001059,0.000955
0,0.153727,0.024189,0.114102,0.081446,0.096343,0.107031,0.002683,0.000422
0,0.033255,-0.13742,-0.146446,-0.140908,-0.166552,-0.169917,0.00058,0.002398
0,0.210835,-0.187344,0.149326,-0.021398,0.159633,-0.051759,0.001938,0.002348
0,0.253874,0.001384,0.059748,0.217002,0.046641,0.191877,0.001187,2.4e-05
0,0.189564,0.092183,-0.052473,0.097827,-0.029857,0.12918,0.002309,0.001609
0,0.173287,-0.067251,-0.003154,-0.175444,0.009678,-0.152188,0.002593,0.001174
0,-0.044165,-0.142942,-0.197067,-0.095065,-0.171411,-0.141937,0.000771,0.002495
0,-0.022602,-0.046211,0.046394,0.115985,0.058522,0.159965,0.000394,0.000807
0,0.184093,0.032528,0.193121,0.073165,0.168248,0.036876,0.002404,0.000568
0,0.034552,-0.081103,-0.158818,-0.139033,-0.168056,-0.176493,0.000603,0.001416
0,-0.046685,-0.065126,-0.084155,0.006955,-0.06331,-0.004608,0.000815,0.001137
0,0.129881,-0.088659,0.171107,-0.042355,0.207605,-0.068824,0.002267,0.001547
0,0.072785,-0.112897,-0.075325,-0.019314,-0.117982,-0.027549,0.00127,0.00197
0,0.210658,-0.136606,0.109725,-0.05305,0.139689,-0.039096,0.001941,0.002384
0,0.162081,-0.027913,-0.066149,0.08134,-0.05787,0.115422,0.002789,0.000487
0,0.112605,-0.117891,-0.025981,-0.109631,-0.061521,-0.108241,0.001965,0.002058
0,0.143677,-0.130086,0.010511,-0.027846,0.048852,-0.032831,0.002508,0.00227
0,0.056937,-0.070384,-0.079691,0.080236,-0.090911,0.056785,0.000994,0.001228
0,-0.041789,0.022571,-0.082182,0.109031,-0.074169,0.158528,0.000729,0.000394
0,0.011627,-0.090446,0.034006,-0.104853,-0.006334,-0.066068,0.000203,0.001579
0,0.209954,0.079526,0.175483,0.184847,0.171932,0.188396,0.001953,0.001388
0,0.210401,0.001327,-0.016189,-0.08861,0.024576,-0.095295,0.001945,2.3e-05
0,0.209429,-0.100042,-0.011403,-0.127205,0.009203,-0.17089,0.001962,0.001746
0,-0.031513,-0.049014,-0.266254,0.04531,-0.288401,0.088549,0.00055,0.000855
0,0.044746,0.033406,0.106073,0.096661,0.093567,0.102159,0.000781,0.000583
0,0.159345,-0.115102,0.136968,-0.151519,0.162865,-0.121769,0.002781,0.002009
0,0.016617,-0.150731,-0.131713,-0.031476,-0.145125,-0.034748,0.00029,0.002631
0,-0.057586,0.083658,-0.050537,0.247884,-0.036737,0.26081,0.001005,0.00146
0,0.190156,0.165036,0.274271,0.088431,0.22895,0.062478,0.002299,0.002737
0,-0.085563,0.107602,-0.260252,-0.057772,-0.250132,-0.034555,0.001493,0.001878
0,0.117087,0.059692,0.206522,-0.071964,0.203012,-0.120124,0.002044,0.001042
0,0.144199,-0.053827,0.02795,-0.094551,0.0085,-0.114829,0.002517,0.000939
0,-0.104374,0.051592,-0.248732,0.123152,-0.215729,0.120179,0.001822,0.0009
0,0.094055,0.056521,0.22309,0.030333,0.22997,0.032769,0.001642,0.000986
0,-0.083272,-0.025695,-0.159457,-0.055528,-0.174056,-0.054076,0.001453,0.000448
0,0.088278,0.118328,0.171373,0.127318,0.14561,0.16938,0.001541,0.002065
0,-0.050939,0.069982,-0.109398,-0.067602,-0.142851,-0.040385,0.000889,0.001221
0,-0.025587,0.09816,0.01803,0.030872,-0.021888,-0.016022,0.000447,0.001713
0,-0.015485,0.158355,-0.011152,0.081376,-0.055426,0.050327,0.00027,0.002764
0,-0.05234,-0.012955,-0.021268,-0.146238,-0.033347,-0.193878,0.000914,0.000226
0,0.034156,0.138998,0.109714,0.180949,0.072108,0.135198,0.000596,0.002426
0,0.074938,-0.035928,0.049529,-0.156138,0.06953,-0.167278,0.001308,0.000627
0,0.18679,-0.007952,0.09811,0.038667,0.124469,0.025226,0.002357,0.000139
0,0.17014,-0.004918,-0.03082,0.020905,-0.001963,-0.010828,0.002648,8.6e-05
0,0.108332,0.200559,-0.06466,0.234441,-0.072825,0.232736,0.001891,0.002117
0,1.324469,0.422088,1.209718,0.228355,1.233175,0.276271,0.000646,0.001749
0,1.586288,0.698214,0.2402,0.302274,0.193918,0.2817,0.000402,0.000951
0,2.248497,0.818054,0.688331,0.136823,0.726142,0.098534,7.9e-05,0.002575
0,2.149713,0.902057,-0.114369,0.112848,-0.083153,0.142028,0.001803,0.001109
0,1.848242,0.65892,-0.308329,-0.266385,-0.349567,-0.312345,0.001447,0.000265
0,1.204354,0.499845,-0.618358,-0.169644,-0.601932,-0.155622,0.00145,0.002511
0,0.826919,0.455315,-0.353302,-0.053282,-0.345781,-0.030417,0.00242,0.002329
0,0.396709,0.495584,-0.45375,0.047809,-0.443161,0.028461,0.001306,0.002585
0,0.355175,0.523539,-0.016552,0.015667,0.022676,-0.014259,0.000581,0.002098
0,0.088956,0.330842,-0.28254,-0.220278,-0.279925,-0.262912,0.001553,0.000157
0,0.129539,0.002666,0.055332,-0.350043,0.095809,-0.32041,0.002261,4.7e-05
0,-0.084195,-0.156291,-0.186857,-0.136623,-0.23155,-0.166372,0.001469,0.002728
0,-0.014314,-0.04465,0.076114,0.125579,0.061732,0.174322,0.00025,0.000779
0,-0.301218,-0.217588,-0.30606,-0.194296,-0.285694,-0.159468,0.00036,0.00182
0,-0.210616,-0.055693,0.107941,0.182049,0.129949,0.170729,0.001942,0.000972
0,-0.111635,-0.128537,0.091204,-0.08486,0.099712,-0.126705,0.001948,0.002243
0,-0.012489,-0.21533,0.112676,-0.106024,0.090634,-0.111311,0.000218,0.001859
0,-0.012788,0.091053,0.020015,0.299228,-0.020131,0.320816,0.000223,0.001589
0,-0.077523,0.062262,-0.086278,-0.041822,-0.065695,-0.011151,0.001353,0.001087
0,-0.2022,-0.091015,-0.135374,-0.177107,-0.161105,-0.151877,0.002088,0.001589
0,-0.050836,0.110029,0.171615,0.183121,0.147538,0.174694,0.000887,0.00192
0,-0.172128,0.129864,-0.114794,-0.008857,-0.100467,-0.007291,0.002613,0.002267
0,0.106261,0.041831,0.281955,-0.061714,0.312007,-0.089477,0.001855,0.00073
0,0.127697,0.071482,0.031212,0.040509,0.038969,0.087138,0.002229,0.001248
0,0.009411,-0.089726,-0.118401,-0.146324,-0.078645,-0.097397,0.000164,0.001566
0,-0.010257,0.138431,-0.035251,0.231334,-0.052016,0.193548,0.000179,0.002416
0,0.019618,0.147358,0.010827,0.032019,0.060238,-0.008607,0.000342,0.002572
0,-0.017021,0.040578,-0.043516,-0.104192,-0.040243,-0.119763,0.000297,0.000708
0,0.192812,-0.018489,0.186846,-0.049954,0.206884,-0.050546,0.002252,0.000323
0,-0.035232,-0.062851,-0.229401,-0.063631,-0.259406,-0.053577,0.000615,0.001097
0,0.210936,-0.072772,0.234261,-0.014,0.223242,0.023813,0.001936,0.00127
0,0.261075,0.063244,0.067513,0.148113,0.026498,0.131499,0.001061,0.001104
0,0.196336,0.087402,-0.070949,0.031612,-0.089264,0.06672,0.002191,0.001525
0,0.047405,0.039411,-0.141835,-0.07223,-0.178476,-0.024512,0.000827,0.000688
0,0.094707,-0.015899,0.056293,-0.066069,0.022365,-0.059887,0.001653,0.000277
0,0.189279,0.127968,0.08367,0.156147,0.126631,0.128866,0.002314,0.002233
0,0.05441,0.004884,-0.154027,-0.107816,-0.171933,-0.133642,0.00095,8.5e-05
0,0.118849,0.094447,0.069811,0.065242,0.088178,0.061273,0.002074,0.001648
0,0.07204,-0.047362,-0.056982,-0.16949,-0.014848,-0.119881,0.001257,0.000827
0,0.206517,0.062328,0.138093,0.12734,0.131452,0.091366,0.002013,0.001088
0,-0.096423,0.105894,-0.319427,0.031297,-0.36334,0.041944,0.001683,0.001848
0,-0.032776,0.111429,0.035251,-0.001769,0.029778,0.028665,0.000572,0.001945
0,0.027305,0.051965,0.084634,-0.089411,0.058473,-0.130891,0.000477,0.000907
0,-0.047942,0.048068,-0.098797,0.023973,-0.116602,-0.019727,0.000837,0.000839
0,-0.092717,-0.115021,-0.051118,-0.144225,-0.094482,-0.100277,0.001618,0.002007
0,-0.117156,-0.110802,0.003646,-0.004537,0.032337,-0.012176,0.002045,0.001934
0,-0.003116,-0.114151,0.095973,-0.015176,0.109898,0.006367,5.4e-05,0.001992
0,-0.032996,0.008726,-0.038553,0.134716,-0.08468,0.133746,0.000576,0.000152
0,-0.101172,0.010544,-0.08418,-0.003452,-0.07826,-0.010605,0.001766,0.000184
0,-0.033666,-0.013747,0.092804,-0.046454,0.078435,-0.093647,0.000588,0.00024
0,-0.086667,-0.032922,-0.081641,-0.038346,-0.071728,-0.074663,0.001513,0.000575
0,-0.119092,-0.078737,-0.054118,-0.03595,-0.078972,0.013398,0.002079,0.001374
0,-0.211224,0.086436,-0.112652,0.167122,-0.158666,0.18509,0.001931,0.001509
0,-0.24745,-0.020133,-0.052419,-0.089987,-0.050442,-0.122342,0.001299,0.000351
0,-0.154377,-0.080542,0.097678,-0.089447,0.050619,-0.119939,0.002694,0.001406
0,-0.216354,-0.025891,-0.090611,0.024794,-0.140452,-0.010355,0.001841,0.000452
0,-0.136753,-0.094515,0.066522,-0.085544,0.049075,-0.112305,0.002387,0.00165
0,-0.178898,-0.025249,-0.023535,0.089318,-0.067569,0.041006,0.002495,0.000441
0,-0.197275,-0.040505,-0.006203,-0.0414,0.035957,0.000766,0.002174,0.000707
0,-0.172678,-0.14189,0.010315,-0.101124,0.030917,-0.150788,0.002604,0.002476
0,-0.198168,-0.102999,-0.005069,0.055506,0.025975,0.016389,0.002159,0.001798
0,-1.685472,0.501497,-1.459156,0.580542,-1.499292,0.538274,0.001329,0.002482
0,-2.702114,0.91509,-1.036751,0.393303,-1.002394,0.396369,0.002221,0.000881
0,-5.929798,0.900074,-3.209071,0.01077,-3.162398,-0.008712,0.002379,0.001143
0,-5.990073,1.279476,-0.088165,0.352164,-0.13236,0.329623,0.002186,0.000139
0,-5.468333,1.14881,0.545154,-0.13156,0.519092,-0.178289,5.7e-05,0.00242
0,-3.618256,1.056855,1.862772,-0.110432,1.844167,-0.12316,0.001358,0.001593
0,-2.652392,0.655006,0.966681,-0.411994,0.996664,-0.418268,0.001353,0.000197
0,-1.915204,0.480643,0.735923,-0.157889,0.721597,-0.186996,0.000278,0.002771
0,-1.497968,0.392121,0.400433,-0.108474,0.408507,-0.061869,0.001943,0.001226
0,-1.010749,0.463618,0.489971,0.09115,0.459,0.091303,0.000788,0.002474
0,-0.493794,0.286552,0.494232,-0.162459,0.470834,-0.203154,0.002617,0.000616
0,0.055819,0.187352,0.571449,-0.10446,0.531651,-0.122671,0.000974,0.002348
0,0.290366,0.192909,0.249813,-0.001258,0.206504,-0.040767,0.00055,0.002251
0,0.687095,-0.221786,0.386331,-0.444036,0.435522,-0.40596,0.000757,0.001747
0,0.574163,-0.204342,-0.12466,0.004193,-0.169846,0.003344,0.001214,0.002051
0,0.687222,-0.059827,0.13556,0.136965,0.182879,0.092189,0.000759,0.001044
0,0.558658,-0.020568,-0.15437,0.012381,-0.166759,0.007777,0.001485,0.000359
0,0.42052,-0.0531,-0.155929,-0.033034,-0.130488,-0.077537,0.001722,0.000927
0,0.575712,0.033415,0.158299,0.10546,0.185166,0.074883,0.001187,0.000583
0,0.472626,-0.173262,-0.082813,-0.206989,-0.113013,-0.199038,0.002631,0.002594
0,0.140358,-0.021786,-0.327982,0.17798,-0.285821,0.145108,0.00245,0.00038
0,0.203333,0.157202,0.063815,0.19368,0.015293,0.235171,0.002069,0.002744
0,0.062913,0.039718,-0.13212,-0.090163,-0.169632,-0.087375,0.001098,0.000693
0,-0.076257,0.204814,-0.152888,0.1946,-0.109617,0.230699,0.001331,0.002043
0,0.054152,0.080045,0.14393,-0.142921,0.160119,-0.097168,0.000945,0.001397
0,-0.039514,-0.028482,-0.089116,-0.110522,-0.133345,-0.097834,0.00069,0.000497
0,-0.075062,-0.129392,-0.013207,-0.08868,0.023462,-0.118144,0.00131,0.002258
0,-0.132118,0.024638,-0.048643,0.132695,-0.001197,0.129291,0.002306,0.00043
0,-0.051979,0.137556,0.061795,0.107465,0.057795,0.131933,0.000907,0.002401
0,-0.024227,0.009959,0.044615,-0.09977,0.06591,-0.116652,0.000423,0.000174
0,-0.09025,-0.054436,-0.091492,-0.093128,-0.075486,-0.069104,0.001575,0.00095
0,-0.007014,-0.080944,0.110146,-0.050481,0.144102,-0.034743,0.000122,0.001413
0,-0.098831,-0.126263,-0.074202,-0.017547,-0.115767,-0.011956,0.001725,0.002204
0,-0.218565,0.052286,-0.129648,0.162532,-0.159737,0.16516,0.001803,0.000913
0,-0.080149,0.112764,0.131475,0.0392,0.118159,-0.010667,0.001399,0.001968
0,0.05773,-0.006629,0.126541,-0.090703,0.109117,-0.085806,0.001008,0.000116
0,0.030931,0.111793,-0.032056,0.119037,-0.044785,0.110778,0.00054,0.001951
0,-0.000467,0.046077,-0.015751,-0.070887,-0.027041,-0.112646,8e-06,0.000804
0,-0.017721,-0.017839,0.006643,-0.045554,0.021858,-0.071668,0.000309,0.000311
0,-0.242181,-0.055151,-0.197591,-0.038984,-0.181975,-0.018556,0.001391,0.000963
0,-0.102652,-0.043852,0.156084,0.002866,0.187197,0.039681,0.001792,0.000765
0,-0.046179,-0.116198,0.070378,-0.051656,0.072261,-0.094143,0.000806,0.002028
0,-0.190817,0.070323,-0.152327,0.169514,-0.104898,0.184336,0.002287,0.001227
0,-0.16908,-0.023777,0.029086,-0.097391,0.036672,-0.085607,0.002667,0.000415
0,-0.163269,-0.062102,0.034321,-0.013216,0.013617,0.018741,0.002768,0.001084
0,-0.167928,0.122467,0.002341,0.212615,-0.019171,0.256591,0.002687,0.002137
0,-0.085242,-0.116592,0.095127,-0.246595,0.127957,-0.214981,0.001488,0.002035
0,-0.058235,0.090742,0.036099,0.203353,0.043907,0.198146,0.001016,0.001584
0,-0.093225,-0.10259,-0.028085,-0.168979,-0.043472,-0.148765,0.001627,0.001791
0,-0.06019,-0.123765,0.005529,-0.030398,0.025604,-0.027582,0.001051,0.00216
0,-0.151966,0.078644,-0.072655,0.221866,-0.034175,0.256728,0.002652,0.001373
0,-0.057868,0.153993,0.067644,0.061794,0.079183,0.051122,0.00101,0.002688
0,-0.055887,-0.023253,-0.004948,-0.165214,0.020408,-0.179334,0.000975,0.000406
0,-0.120168,0.103967,-0.049666,0.104791,-0.002535,0.120988,0.002097,0.001815
0,0.005699,0.021062,0.144272,-0.074318,0.193008,-0.086086,9.9e-05,0.000368
0,0.06719,0.092843,0.067317,0.100677,0.026893,0.068265,0.001173,0.00162
0,-0.238505,-0.009917,-0.293203,-0.120738,-0.305709,-0.152152,0.001455,0.000173
0,-0.095821,0.08097,0.13484,0.110403,0.154642,0.139955,0.001672,0.001413
0,-0.000475,-0.036201,0.082983,-0.135532,0.066209,-0.150451,8e-06,0.000632
0,-0.162099,-0.105868,-0.132344,-0.061497,-0.132008,-0.02519,0.002788,0.001848
0,-0.216726,0.04372,-0.02543,0.177487,-0.011207,0.177429,0.001835,0.000763
0,-0.010948,0.145113,0.224188,0.09412,0.225385,0.143078,0.000191,0.002533
0,-0.117027,0.112655,-0.091936,-0.050833,-0.079987,-0.077044,0.002043,0.001966
0,-0.017219,-0.095102,0.078236,-0.183372,0.053899,-0.166743,0.000301,0.00166
0,-0.16404,-0.019744,-0.172684,0.054948,-0.155966,0.01558,0.002754,0.000345
0,-0.093629,-0.095522,0.091337,-0.09267,0.057861,-0.070236,0.001634,0.001667
0,-0.127797,0.122913,-0.031932,0.21344,0.012238,0.204201,0.00223,0.002145
0,-0.160716,0.016671,-0.019014,-0.1134,-0.062778,-0.084514,0.002805,0.000291
0,0.030898,-0.088032,0.189368,-0.108751,0.139986,-0.157316,0.000539,0.001536
0,-0.192291,0.085654,-0.223467,0.173388,-0.266946,0.193352,0.002261,0.001495
0,-0.004234,-0.06262,0.178798,-0.137834,0.214587,-0.104652,7.4e-05,0.001093
0,-0.20015,-0.030809,-0.217468,0.06014,-0.209499,0.077449,0.002124,0.000538
0,-0.241405,0.152846,-0.057394,0.196531,-0.012614,0.239601,0.001404,0.002668
0,-0.179464,0.095826,0.074426,-0.039073,0.107441,-0.077612,0.002485,0.001672
0,-0.103666,0.140672,0.047528,0.05026,0.004785,0.084218,0.001809,0.002455
0,-0.235825,0.14608,-0.107471,0.023814,-0.123843,-1.7e-05,0.001502,0.00255
0,-0.174762,-0.036025,0.075309,-0.191663,0.108304,-0.163807,0.002567,0.000629
0,-0.112131,0.013794,0.058728,0.029513,0.018681,0.01232,0.001957,0.000241
0,-0.075946,0.037377,0.019232,0.04211,-0.025628,0.006322,0.001326,0.000652
0,0.034772,0.043412,0.092186,0.007571,0.045995,-0.038623,0.000607,0.000758
0,0.767501,-0.117323,0.734866,-0.149711,0.697957,-0.137335,0.00216,0.002048
0,1.387626,-0.062323,0.626986,0.028006,0.652521,-0.02142,0.001749,0.001088
0,1.333078,-0.157435,-0.068705,-0.077525,-0.099567,-0.122296,0.000797,0.002748
0,1.259327,-0.090457,-0.071657,0.076594,-0.069862,0.118542,0.000491,0.001579
0,0.959179,-0.235853,-0.283399,-0.140224,-0.251413,-0.185189,0.000112,0.001501
0,0.8492,-0.175204,-0.090444,0.059028,-0.07716,0.084489,0.002031,0.00256
0,0.7624,-0.1232,-0.057581,0.022697,-0.058539,0.007542,0.002071,0.00215
0,0.461254,-0.21323,-0.284015,-0.064094,-0.321613,-0.064982,0.002433,0.001896
0,0.220105,-0.196697,-0.253805,-0.003423,-0.237291,-9.7e-05,0.001776,0.002185
0,-0.216192,-0.107427,-0.444115,0.080264,-0.454428,0.117932,0.001844,0.001875
0,-0.25141,-0.117664,-0.051793,0.004135,-0.086936,0.049486,0.00123,0.002054
0,-0.237069,-0.056589,0.0292,0.068593,0.02568,0.033436,0.00148,0.000988
0,-0.092791,0.077571,0.172143,0.154804,0.132014,0.131289,0.00162,0.001354
0,0.011693,-0.082573,0.125866,-0.153065,0.139348,-0.144482,0.000204,0.001441
0,0.052408,0.079398,0.062061,0.150752,0.082939,0.135635,0.000915,0.001386
0,0.08563,-0.074312,0.058002,-0.144932,0.087913,-0.156585,0.001495,0.001297
0,-0.008747,0.151448,-0.067117,0.245811,-0.036326,0.265926,0.000153,0.002643
0,-0.128322,0.145169,-0.095047,0.003339,-0.057612,0.014823,0.00224,0.002534
0,0.139875,-0.056351,0.248354,-0.220849,0.265219,-0.249834,0.002441,0.000984
0,-0.002465,-0.107356,-0.148184,-0.030246,-0.099582,-0.065507,4.3e-05,0.001874
0,0.015759,0.017903,0.036988,0.110187,0.030872,0.116285,0.000275,0.000312
0,-0.110595,-0.10188,-0.148859,-0.090299,-0.10834,-0.070397,0.00193,0.001778
0,-0.179054,0.148825,-0.092815,0.225032,-0.098908,0.243914,0.002492,0.002597
0,-0.199055,-0.092794,-0.025194,-0.217351,-0.02688,-0.236482,0.002143,0.00162
0,-0.032598,-0.083005,0.194743,0.013193,0.176952,0.0121,0.000569,0.001449
0,0.006848,0.025753,0.052814,0.081748,0.046344,0.065702,0.00012,0.000449
0,-0.10329,0.11732,-0.103616,0.072637,-0.0905,0.070417,0.001803,0.002048
0,-0.030979,0.101237,0.086988,0.009349,0.130043,-0.001441,0.000541,0.001767
0,0.043357,0.088767,0.070879,-0.006447,0.110458,0.037038,0.000757,0.001549
0,-0.110678,-0.007669,-0.17445,-0.080321,-0.136813,-0.033533,0.001932,0.000134
0,0.04679,-0.120851,0.183634,-0.118111,0.177546,-0.152927,0.000817,0.002109
0,-0.134221,-0.108649,-0.151297,0.015464,-0.176362,0.021085,0.002343,0.001896
0,-0.104363,0.02563,0.010937,0.126903,0.003595,0.089248,0.001821,0.000447
0,-0.01314,-0.005919,0.068595,-0.012428,0.063004,-0.057194,0.000229,0.000103
0,-0.118168,-0.067117,-0.125975,-0.080822,-0.113,-0.071261,0.002062,0.001171
0,-0.029215,-0.177932,0.084504,-0.106631,0.091194,-0.136719,0.00051,0.002512
0,-0.149665,-0.044591,-0.093967,0.1427,-0.053971,0.148735,0.002612,0.000778
0,-0.118836,-0.197315,0.044145,-0.180632,0.045828,-0.175136,0.002074,0.002174
0,-0.068629,0.048305,0.051199,0.247136,0.099316,0.233367,0.001198,0.000843
0,-0.04593,-0.161313,0.002105,-0.2123,0.028918,-0.189899,0.000802,0.002802
0,-0.215059,-0.16232,-0.151041,-0.020425,-0.107842,0.009253,0.001864,0.002784
0,-0.209217,-0.132562,-0.005755,0.05783,0.013025,0.097367,0.001966,0.002314
0,-0.062158,-0.158967,0.161738,0.00258,0.149607,-0.005735,0.001085,0.002774
0,-0.206004,0.039375,-0.136192,0.193575,-0.093212,0.230793,0.002022,0.000687
0,0.052121,-0.146078,0.231386,-0.17953,0.246163,-0.224353,0.00091,0.00255
0,0.109068,-0.106957,0.069405,0.046674,0.112653,0.011568,0.001904,0.001867
0,0.023858,-0.056424,-0.100111,0.053194,-0.063578,0.023039,0.000416,0.000985
0,-0.061269,-0.027928,-0.104423,0.049472,-0.099391,0.059594,0.001069,0.000487
0,-0.013229,-0.107088,0.070176,-0.099901,0.041819,-0.065168,0.000231,0.001869
0,-0.166663,-0.103239,-0.12864,-0.010635,-0.157098,0.010484,0.002709,0.001802
0,-0.007938,0.093489,0.142702,0.173413,0.112305,0.205002,0.000139,0.001632
0,-0.058911,0.054124,-0.055244,-0.057145,-0.040678,-0.030367,0.001028,0.000945
0,-0.09759,0.102197,-0.033601,0.035014,-0.019664,0.079773,0.001703,0.001784
0,0.039121,0.037585,0.15995,-0.089608,0.14052,-0.082542,0.000683,0.000656
0,-0.014124,0.094144,-0.028503,0.030814,-0.039671,-0.004766,0.000247,0.001643
0,-0.129211,-0.117917,-0.136095,-0.186161,-0.146533,-0.137692,0.002255,0.002058
0,0.091909,0.056025,0.215632,0.158764,0.243393,0.165827,0.001604,0.000978
0,-0.063342,0.039528,-0.127982,-0.001471,-0.11274,0.029631,0.001106,0.00069
0,0.001896,-0.123867,0.091078,-0.171722,0.063396,-0.167288,3.3e-05,0.002162
0,-0.009539,0.005526,-0.001408,0.136967,-0.028851,0.102016,0.000166,9.6e-05
0,0.03766,0.040529,0.047796,0.038781,0.010664,-0.009726,0.000657,0.000707
0,0.015555,0.022802,-0.003183,-0.026649,0.012051,-0.04685,0.000271,0.000398
0,-0.002566,0.029219,0.011054,-0.019672,0.041357,-0.044176,4.5e-05,0.00051
0,0.091452,0.047336,0.111358,0.022338,0.160307,0.047072,0.001596,0.000826
0,0.061731,-0.109355,-0.028846,-0.16256,0.017872,-0.176842,0.001077,0.001909
0,-0.124946,0.054868,-0.159448,0.169223,-0.113874,0.166337,0.002181,0.000958
0,0.019591,-0.125189,0.142414,-0.208599,0.150318,-0.198108,0.000342,0.002185
0,-0.086276,-0.156621,-0.089331,-0.023733,-0.102064,-0.061042,0.001506,0.002734
0,-0.032584,-0.058745,0.078175,0.08877,0.093158,0.100128,0.000569,0.001025
0,0.046074,0.001726,0.072821,0.075846,0.068585,0.071041,0.000804,3e-05
0,0.035836,-0.180663,-0.016916,-0.162159,0.015646,-0.194762,0.000625,0.002464
0,-0.055338,-0.038814,-0.119989,0.16519,-0.101656,0.211892,0.000966,0.000677
0,-0.143762,0.073296,-0.110705,0.125026,-0.154313,0.095034,0.002509,0.001279
0,3.539527,0.432695,3.712621,0.339174,3.756363,0.329588,1.6e-05,0.001934
0,3.57565,0.865229,0.054572,0.412305,0.055049,0.389643,0.000614,0.001751
0,3.484048,0.991919,-0.104132,0.138257,-0.062119,0.135179,0.000984,0.00046
0,3.04652,0.980665,-0.423645,0.016428,-0.390675,-0.027389,0.002614,0.000263
0,3.421507,0.926928,0.390928,-0.033532,0.36466,-0.003649,0.002076,0.000675
0,2.732686,0.943024,-0.717119,0.013559,-0.691573,-0.024047,0.002754,0.000394
0,2.391657,0.943158,-0.346191,-0.002156,-0.311951,-0.047369,0.00242,0.000391
0,1.96613,0.519656,-0.420031,-0.441322,-0.423564,-0.472602,0.00061,0.002165
0,1.518253,0.239107,-0.446145,-0.294088,-0.47065,-0.322846,0.001589,0.001444
0,0.817639,0.252854,-0.708448,0.005992,-0.751449,-0.006933,0.002582,0.001204
0,0.757301,0.019364,-0.034187,-0.221665,-0.014342,-0.263839,0.001982,0.000338
0,0.456427,-0.265517,-0.318015,-0.301729,-0.281024,-0.326244,0.002349,0.000983
0,0.348282,-0.187214,-0.103282,0.079573,-0.150692,0.109914,0.000461,0.00235
0,-0.092579,-0.069488,-0.444276,0.098144,-0.394878,0.103578,0.001616,0.001213
0,-0.051154,-0.096393,0.07009,-0.028963,0.054804,0.004838,0.000893,0.001682
0,-0.324061,-0.25485,-0.299608,-0.167216,-0.281569,-0.21,3.8e-05,0.00117
0,-0.216291,-0.222588,0.097359,0.041911,0.115029,0.085803,0.001843,0.001733
0,-0.361487,0.114614,-0.155675,0.326947,-0.15924,0.349351,0.000692,0.002
0,-0.315173,-0.011887,0.063417,-0.111086,0.05205,-0.116441,0.000117,0.000207
0,-0.097392,0.182328,0.197957,0.175756,0.22773,0.128952,0.0017,0.002435
0,-0.145987,-0.035155,-0.039245,-0.244327,-0.043225,-0.292709,0.002548,0.000614
0,-0.144737,-0.016226,0.026126,0.043793,0.03174,0.023755,0.002526,0.000283
0,-0.085387,0.088368,0.036323,0.088371,0.060564,0.047171,0.00149,0.001542
0,-0.111717,0.082587,-0.054442,-0.001793,-0.039018,-0.021952,0.00195,0.001441
0,-0.218688,0.062909,-0.116953,-0.0274,-0.103982,-0.048151,0.001801,0.001098
0,-0.032245,0.048928,0.160102,-0.018481,0.202064,-0.001293,0.000563,0.000854
0,-0.079796,0.019479,-0.023543,-0.018797,-0.032817,-0.024187,0.001393,0.00034
0,0.077518,0.009869,0.133231,-0.032061,0.169745,-0.036342,0.001353,0.000172
0,-0.112239,0.10371,-0.183908,0.122879,-0.144352,0.147864,0.001959,0.00181
0,-0.018072,-0.096468,0.100356,-0.228856,0.119456,-0.264727,0.000315,0.001684
0,-0.125111,0.106768,-0.128237,0.22202,-0.088315,0.242063,0.002184,0.001863
0,0.012822,0.096819,0.15693,0.006882,0.151398,0.00664,0.000224,0.00169
0,0.052601,0.070048,0.067887,-6.7e-05,0.102727,0.046948,0.000918,0.001223
0,0.09272,-0.041678,0.02786,-0.10067,-0.009719,-0.061312,0.001618,0.000727
0,-0.164494,-0.09561,-0.259329,-0.056605,-0.228228,-0.077397,0.002747,0.001669
0,-0.177806,-0.080182,-0.028455,0.008651,-0.073266,-0.006119,0.002514,0.001399
0,-0.142096,0.151969,0.033488,0.257994,0.003246,0.30334,0.00248,0.002652
0,-0.138761,0.084223,-0.018458,-0.056987,0.016137,-0.101582,0.002422,0.00147
0,0.12665,-0.044016,0.258648,-0.128958,0.271366,-0.164021,0.00221,0.000768
0,-0.035653,0.070515,-0.152406,0.127123,-0.151189,0.109548,0.000622,0.001231
0,-0.138956,0.103142,-0.085575,0.009352,-0.094637,-0.00777,0.002425,0.0018
0,-0.051101,0.10295,0.109147,0.025589,0.13595,0.070881,0.000892,0.001797
0,0.051923,0.051507,0.126109,-0.038407,0.11237,-0.038536,0.000906,0.000899
0,0.022739,-0.145165,-0.053179,-0.184862,-0.048175,-0.194149,0.000397,0.002534
0,0.209098,-0.00607,0.161604,0.110516,0.204112,0.094301,0.001968,0.000106
0,-0.092262,-0.051318,-0.321992,-0.035759,-0.360319,-0.0537,0.00161,0.000896
0,0.128229,-0.134453,0.194356,-0.109748,0.151971,-0.125232,0.002238,0.002347
0,0.084367,-0.014413,-0.040456,0.100821,-0.035808,0.062582,0.001472,0.000252
0,-0.039697,-0.151035,-0.104542,-0.126867,-0.091048,-0.152457,0.000693,0.002636
0,-0.027064,0.104611,0.018147,0.273982,-0.006804,0.26984,0.000472,0.001826
0,0.119627,-0.07012,0.142129,-0.147176,0.142092,-0.102898,0.002088,0.001224
0,0.211583,-0.053423,0.120729,0.035061,0.11465,-0.007344,0.001925,0.000932
0,0.077643,0.10815,-0.149455,0.136669,-0.105308,0.089785,0.001355,0.001888
0,-0.02243,-0.01823,-0.094009,-0.126099,-0.137424,-0.109422,0.000391,0.000318
0,0.015178,-0.109795,0.018755,-0.108112,0.067828,-0.06572,0.000265,0.001916
0,-0.072994,0.108023,-0.105198,0.225809,-0.151918,0.242878,0.001274,0.001885
0,0.128939,0.091946,0.173206,0.008063,0.142686,0.013342,0.00225,0.001605
0,0.075192,-0.096498,-0.074909,-0.16999,-0.029109,-0.16591,0.001312,0.001684
0,0.0759,0.025358,0.000507,0.103613,-0.026509,0.127338,0.001325,0.000443
0,-0.045134,-0.01665,-0.124295,-0.038109,-0.150676,-0.057893,0.000788,0.000291
0,-0.03449,-0.137211,0.019567,-0.112399,-0.011059,-0.15393,0.000602,0.002395
0,0.045708,0.061602,0.096079,0.18879,0.049913,0.204552,0.000798,0.001075
0,0.11924,-0.072741,0.082014,-0.129281,0.101535,-0.15075,0.002081,0.00127
0,0.175899,0.108026,0.031388,0.175961,-0.005884,0.181521,0.002547,0.001885
0,0.129704,0.016575,-0.050212,-0.111222,-0.035872,-0.068877,0.002264,0.000289
0,0.179162,-0.138372,0.0418,-0.181491,0.043471,-0.16116,0.002491,0.002415
0,0.174213,-0.187919,0.006882,-0.053156,0.040125,-0.096153,0.002577,0.002338
0,0.179641,-0.071117,0.028127,0.132584,0.047518,0.154517,0.002482,0.001241
0,-0.129355,0.134752,-0.292526,0.227464,-0.294078,0.235511,0.002258,0.002352
0,0.119924,-0.16873,0.267023,-0.304008,0.260423,-0.288093,0.002093,0.002673
0,-0.126824,-0.136594,-0.275212,0.055911,-0.271684,0.043698,0.002213,0.002384
0,-0.037889,-0.007908,0.085753,0.11282,0.135099,0.131539,0.000661,0.000138
0,-0.123593,-0.093097,-0.058167,-0.097441,-0.102163,-0.116476,0.002157,0.001625
0,0.01976,0.041539,0.135152,0.124201,0.127745,0.09142,0.000345,0.000725
0,0.087998,0.068438,0.063826,0.052445,0.042058,0.081699,0.001536,0.001194
0,-0.166709,-0.174488,-0.232512,-0.229896,-0.241894,-0.243465,0.002708,0.002572
0,-0.132866,-0.139675,0.049904,0.038659,0.025666,0.020629,0.002319,0.002438
0,-0.057071,0.06542,0.05842,0.189866,0.106888,0.205832,0.000996,0.001142
0,0.040403,-0.006903,0.126642,-0.047427,0.077768,-4.3e-05,0.000705,0.00012
0,-0.023448,0.019034,-0.088667,0.055462,-0.134925,0.023733,0.000409,0.000332
0,-0.025047,-0.13664,-0.026395,-0.126259,-0.043404,-0.146624,0.000437,0.002385
0,-0.006562,0.037303,-0.00272,0.190134,-0.02584,0.206602,0.000115,0.000651
0,0.073582,-0.094242,0.054554,-0.146507,0.067453,-0.11831,0.001284,0.001645
0,-0.18513,-0.058647,-0.258106,0.012854,-0.293693,0.025012,0.002386,0.001024
0,0.044871,0.001542,0.233842,0.041494,0.188855,0.010093,0.000783,2.7e-05
0,0.029969,-0.153866,-0.039188,-0.167787,-0.028077,-0.167812,0.000523,0.002685
0,0.096127,-0.037536,0.079342,0.130128,0.049508,0.172904,0.001678,0.000655
0,0.100982,-0.132223,-0.016084,-0.103468,-0.062629,-0.115837,0.001762,0.002308
0,-0.076192,-0.050416,-0.164645,0.105095,-0.192995,0.151253,0.00133,0.00088
0,0.032846,-0.147649,0.108686,-0.071128,0.131644,-0.055006,0.000573,0.002577
0,0.068506,-0.229531,0.013277,-0.063814,-0.004144,-0.017928,0.001196,0.001611
0,-0.068076,-0.165737,-0.142877,0.062142,-0.121237,0.023305,0.001188,0.002725
0,-0.163107,-0.020741,-0.09149,0.138707,-0.059558,0.100567,0.002771,0.000362
0,-0.098736,-0.106775,0.051858,-0.095205,0.011106,-0.092017,0.001723,0.001864
0,-0.125208,-0.144751,-0.050064,-0.062217,-0.016403,-0.112187,0.002185,0.002526
0,-0.104185,-0.096266,0.038641,0.030306,-0.011341,0.01128,0.001818,0.00168
0,-0.083554,-0.163003,-0.002728,-0.037856,0.041614,-0.010479,0.001458,0.002773
0,0.011903,0.121805,0.114637,0.306827,0.139767,0.342038,0.000208,0.002126
0,-0.04568,0.069006,-0.072376,-0.075618,-0.077749,-0.047779,0.000797,0.001204
0,-0.103061,0.099578,-0.062962,0.041452,-0.034557,-0.00456,0.001799,0.001738
0,0.03312,0.00548,0.160887,-0.121554,0.205774,-0.11571,0.000578,9.6e-05
0,-0.032051,0.091194,-0.041089,0.088347,-0.057687,0.057556,0.000559,0.001592
0,0.084486,-0.067757,0.135532,-0.146681,0.163778,-0.177383,0.001475,0.001183
0,-0.081537,0.089895,-0.153694,0.138015,-0.181291,0.182746,0.001423,0.001569
0,0.10833,0.04748,0.21286,-0.052251,0.252285,-0.073618,0.001891,0.000829
0,0.051144,-0.04393,-0.072652,-0.103471,-0.022838,-0.070956,0.000893,0.000767
0,-0.039658,0.088312,-0.100891,0.14349,-0.104884,0.093625,0.000692,0.001541
0,0.066321,-0.030375,0.133636,-0.131549,0.166937,-0.175523,0.001158,0.00053
0,0.090195,0.010501,0.042756,0.042877,0.072506,0.075994,0.001574,0.000183
0,-0.142942,0.118976,-0.209013,0.103506,-0.213053,0.056475,0.002495,0.002077
0,-0.052329,-0.11434,0.069808,-0.258476,0.048946,-0.288516,0.000913,0.001996
0,-0.063017,0.057726,0.012175,0.156295,0.052148,0.188247,0.0011,0.001008
0,0.151401,-0.111873,0.224947,-0.153236,0.197864,-0.193462,0.002642,0.001953
0,-0.03703,0.080095,-0.191983,0.199746,-0.203899,0.165037,0.000646,0.001398
0,0.02525,-0.027089,0.03495,-0.081038,0.001061,-0.03194,0.000441,0.000473
0,0.022494,0.169672,-0.030448,0.179684,0.001429,0.197282,0.000393,0.002656
0,0.149074,0.028382,0.150543,-0.152295,0.109072,-0.152811,0.002602,0.000495
0,0.042969,0.092051,-0.079284,0.055191,-0.093614,0.087074,0.00075,0.001607
0,0.159374,0.154835,0.123005,0.050356,0.084708,0.084344,0.002782,0.002702
0,0.042129,-0.089856,-0.123048,-0.233132,-0.119197,-0.21172,0.000735,0.001568
0,0.091525,-0.134139,0.059036,-0.063548,0.039557,-0.077424,0.001597,0.002341
0,-0.136581,-0.16568,-0.241824,-0.045924,-0.211484,-0.038509,0.002384,0.002726
0,0.102309,-0.033413,0.23434,0.148094,0.201091,0.153909,0.001786,0.000583
0,0.027527,-0.115452,-0.103157,-0.065789,-0.090974,-0.085506,0.00048,0.002015
0,0.135256,-0.162395,0.131867,-0.062183,0.120989,-0.064634,0.002361,0.002783
0,-0.007277,0.041557,-0.115685,0.187765,-0.133551,0.163426,0.000127,0.000725
0,-0.161316,0.073824,-0.170194,0.041498,-0.135296,0.072255,0.002802,0.001288
0,-0.14882,-0.049801,-0.016204,-0.146039,-0.043253,-0.103896,0.002597,0.000869
0,-0.085165,-0.139201,0.09118,-0.102564,0.067977,-0.09929,0.001486,0.00243
0,0.097491,0.075497,0.197988,0.241122,0.246927,0.245836,0.001702,0.001318
0,0.07884,-0.066511,0.010507,-0.119917,0.05647,-0.167731,0.001376,0.001161
0,0.121035,-0.009006,0.047964,0.039628,0.086287,0.071065,0.002112,0.000157
0,0.140379,0.086643,0.025708,0.083044,0.0246,0.106959,0.00245,0.001512
0,0.109368,-0.03318,-0.026151,-0.104192,0.004489,-0.068473,0.001909,0.000579
0,-0.144012,-0.151265,-0.266373,-0.144118,-0.255538,-0.108466,0.002513,0.00264
0,0.02045,-0.042374,0.138198,0.136298,0.090322,0.183419,0.000357,0.00074
0,-0.011673,-0.042862,-0.05186,0.023991,-0.05392,0.027232,0.000204,0.000748
0,0.028599,-0.139287,0.036928,-0.074934,0.016231,-0.107502,0.000499,0.002431
0,-0.022621,0.077479,-0.022519,0.242266,0.015392,0.21359,0.000395,0.001352
0,0.101547,-0.071775,0.148129,-0.157524,0.197585,-0.146872,0.001772,0.001253
0,-0.147745,-0.10118,-0.219309,-0.033166,-0.208284,-0.008358,0.002579,0.001766
0,-0.077881,-0.220101,0.093569,-0.138253,0.084728,-0.143218,0.001359,0.001776
0,0.10081,0.023968,0.180046,0.253474,0.189846,0.203564,0.001759,0.000418
0,-0.005347,-0.198023,-0.096742,-0.213781,-0.113728,-0.217634,9.3e-05,0.002161
0,-0.045229,-0.08659,-0.025428,0.097518,-0.004555,0.122632,0.000789,0.001511
0,-0.106369,-0.21676,-0.06384,-0.150812,-0.089589,-0.13766,0.001856,0.001834
0,0.047443,0.00453,0.152337,0.221942,0.172656,0.237888,0.000828,7.9e-05
0,-0.050558,-0.14262,-0.090985,-0.151989,-0.066562,-0.144519,0.000882,0.002489
0,-0.019642,-0.074824,0.015836,0.074901,0.04391,0.096259,0.000343,0.001306
0,0.063509,0.039523,0.086453,0.136947,0.123993,0.163857,0.001108,0.00069
0,-0.012035,-0.027578,-0.052076,-0.086467,-0.063901,-0.062338,0.00021,0.000481
0,0.120696,-0.161194,0.131784,-0.13243,0.115238,-0.0826,0.002107,0.002804
0,0.132647,0.026662,0.003671,0.176437,-0.015946,0.154247,0.002315,0.000465
0,0.034024,-0.070039,-0.120406,-0.1194,-0.102226,-0.117503,0.000594,0.001222
0,0.126252,-0.161333,0.089489,-0.110312,0.126306,-0.129087,0.002204,0.002802
0,-0.06712,-0.119833,-0.167475,0.024012,-0.216755,-0.007379,0.001171,0.002091
0,-0.062914,-0.122441,-0.015352,-0.000771,-0.015192,0.025407,0.001098,0.002137
0,0.044122,-0.167333,0.08397,-0.029423,0.119896,-0.07238,0.00077,0.002697
0,-0.030092,0.003323,-0.074853,0.190128,-0.060679,0.21106,0.000525,5.8e-05
0,0.123229,-0.113939,0.155808,-0.089863,0.115139,-0.081697,0.002151,0.001989
0,0.006155,-0.029852,-0.103785,0.070349,-0.152212,0.112642,0.000107,0.000521
0,-0.00225,-0.048161,0.018649,-0.044835,0.010261,-0.087342,3.9e-05,0.000841
0,-0.107099,-0.021918,-0.083407,0.037915,-0.035512,0.033736,0.001869,0.000383
0,0.054719,-0.040937,0.181091,-0.045832,0.211227,-0.062119,0.000955,0.000714
0,0.013464,-0.125386,-0.065345,-0.086633,-0.072625,-0.107604,0.000235,0.002188
0,-0.58364,-0.087058,-0.619412,0.028828,-0.659653,0.01023,0.001049,0.001519
0,-1.082516,0.056698,-0.522984,0.166147,-0.559466,0.160085,0.002041,0.00099
0,-1.228683,0.259695,-0.124101,0.210593,-0.163166,0.208208,0.001025,0.001085
0,-1.63287,0.093489,-0.4088,-0.189974,-0.418137,-0.216752,0.000411,0.001632
0,-1.563433,0.203178,0.092719,0.137434,0.086778,0.143609,0.0008,0.002071
0,-1.2578,0.299695,0.288434,0.085243,0.293747,0.038559,0.000517,0.000387
0,-0.805522,0.099578,0.42846,-0.21115,0.404203,-0.232603,0.002794,0.001738
0,-0.79921,0.296802,0.012571,0.208196,-0.018554,0.208699,0.002714,0.000437
0,-0.350107,0.024661,0.462989,-0.27519,0.47928,-0.23987,0.000493,0.00043
0,-0.191866,0.263487,0.181467,0.251239,0.216284,0.239918,0.002269,0.001019
0,-0.066371,0.119495,0.099684,-0.168874,0.082145,-0.144183,0.001158,0.002086
0,0.070082,-0.103394,0.141313,-0.21233,0.117284,-0.230931,0.001223,0.001805
0,0.168726,0.130617,0.089528,0.221961,0.133444,0.22139,0.002673,0.00228
0,0.024451,-0.118986,-0.14959,-0.236551,-0.176076,-0.206931,0.000427,0.002077
0,0.062647,-0.110192,0.066144,0.007502,0.076758,0.028386,0.001093,0.001923
0,-0.009337,0.072597,-0.047823,0.210194,-0.005511,0.177002,0.000163,0.001267
0,0.02987,-0.154508,0.046847,-0.205343,0.049008,-0.195445,0.000521,0.002697
0,0.19081,-0.160657,0.185958,-0.00758,0.151291,0.009916,0.002287,0.002804
0,-0.095526,-0.150417,-0.301122,0.008389,-0.281856,0.054172,0.001667,0.002625
0,-0.019287,-0.057284,0.101041,0.110864,0.054686,0.112432,0.000337,0.001
0,-0.008454,-0.068811,-0.015691,0.017932,0.001034,0.063871,0.000148,0.001201
0,0.141135,0.074523,0.13226,0.118911,0.140974,0.085604,0.002463,0.001301
0,-0.102849,0.040379,-0.248923,-0.059452,-0.244351,-0.062707,0.001795,0.000705
0,-0.134682,0.068742,-0.035979,0.051029,-0.043836,0.068968,0.002351,0.0012
0,0.07528,-0.153842,0.1925,-0.233442,0.195031,-0.258021,0.001314,0.002685
0,0.097195,0.10458,0.04063,0.253055,0.063765,0.296899,0.001696,0.001825
0,-0.059814,-0.084296,-0.184578,-0.178482,-0.209292,-0.194618,0.001044,0.001471
0,0.045668,0.074782,0.129209,0.163097,0.120824,0.188221,0.000797,0.001305
0,-0.061182,-0.161712,-0.100879,-0.220564,-0.112305,-0.190896,0.001068,0.002795
0,0.093899,0.159382,0.134829,0.30198,0.17989,0.288907,0.001639,0.002782
0,0.023466,-0.034479,-0.086265,-0.178751,-0.037586,-0.223085,0.00041,0.000602
0,0.073421,0.000108,0.046735,0.042606,0.08207,0.044205,0.001281,2e-06
0,0.046407,0.080341,-0.041032,0.060304,-0.021523,0.087393,0.00081,0.001402
0,0.102824,0.004005,0.086053,-0.096441,0.036269,-0.1345,0.001795,7e-05
0,0.004543,0.158805,-0.078536,0.159762,-0.108005,0.157325,7.9e-05,0.002772
0,-0.053441,0.104286,-0.057881,-0.036109,-0.064298,-0.031748,0.000933,0.00182
0,0.001015,-0.042432,0.063476,-0.130867,0.056578,-0.167086,1.8e-05,0.000741
0,-0.102777,-0.081504,-0.118185,-0.024349,-0.143918,-0.067885,0.001794,0.001423
0,-0.155484,0.140663,-0.034436,0.220815,-0.059697,0.189567,0.002714,0.002455
0,0.014109,0.051677,0.153277,-0.107003,0.10531,-0.15043,0.000246,0.000902
0,0.060892,0.047197,0.054176,-0.01166,0.100629,-0.038347,0.001063,0.000824
0,-0.142781,0.168701,-0.176868,0.124328,-0.174869,0.140291,0.002492,0.002673
0,0.063456,-0.005392,0.209189,-0.171576,0.211746,-0.199527,0.001108,9.4e-05
0,0.091388,0.091145,0.033488,0.077834,0.040242,0.123845,0.001595,0.001591
0,-0.09132,0.267381,-0.153765,0.156177,-0.155583,0.159999,0.001594,0.000951
0,-0.031664,0.026001,0.041998,-0.262855,0.035712,-0.263744,0.000553,0.000454
0,-0.200493,0.008532,-0.181127,-0.030854,-0.168227,-0.056902,0.002118,0.000149
0,-0.071709,0.191538,0.130473,0.180535,0.102067,0.199339,0.001252,0.002275
0,-0.183159,0.022193,-0.121677,-0.18636,-0.128727,-0.158913,0.002421,0.000387
0,-0.103837,-0.010972,0.10137,-0.056922,0.137849,-0.012757,0.001812,0.000191
0,-0.066678,0.181827,0.035718,0.211027,0.005123,0.171861,0.001164,0.002444
0,0.002058,0.123905,0.059123,-0.079641,0.014894,-0.118486,3.6e-05,0.002163
0,-0.164537,0.156535,-0.167345,0.005257,-0.19167,0.019434,0.002746,0.002732
0,-0.241699,0.046777,-0.091535,-0.138145,-0.07371,-0.179869,0.001399,0.000816
0,-0.204582,0.022938,0.05857,-0.022075,0.064424,-0.025656,0.002047,0.0004
0,-0.10436,0.120225,0.081226,0.123892,0.062028,0.154631,0.001821,0.002098
0,0.030751,0.088762,0.161597,-0.044581,0.178288,-0.066012,0.000537,0.001549
0,-0.248371,0.124524,-0.257742,0.007676,-0.225948,-0.023064,0.001283,0.002173
0,-0.093325,0.104428,0.149706,-0.003892,0.120605,-0.018639,0.001629,0.001823
0,-0.135033,0.170068,-0.050658,0.046225,-0.038949,0.022799,0.002357,0.002649
0,-0.235385,0.120657,-0.101854,-0.067009,-0.114683,-0.053727,0.001509,0.002106
0,-0.095429,-0.016252,0.143197,-0.107052,0.10439,-0.089718,0.001666,0.000284
0,-0.264914,0.230555,-0.164928,0.26461,-0.143367,0.242282,0.000994,0.001594
0,-0.072643,-0.046957,0.180277,-0.277411,0.184553,-0.261538,0.001268,0.00082
0,0.070298,-0.032221,0.165151,-0.005387,0.186278,0.011262,0.001227,0.000562
0,-0.068125,-0.03897,-0.132542,0.018951,-0.165672,0.00459,0.001189,0.00068
0,-0.121094,-0.062301,-0.073431,-0.047839,-0.088747,-0.037228,0.002113,0.001087
0,-0.058154,-0.047497,0.034439,-0.003226,0.068867,0.030221,0.001015,0.000829
0,-0.007969,-0.00714,0.033546,0.02333,0.069406,-0.013482,0.000139,0.000125
0,-0.143194,0.153225,-0.118879,0.159856,-0.145132,0.15552,0.002499,0.002674
0,0.053568,-0.024014,0.203212,-0.163744,0.173771,-0.200837,0.000935,0.000419
0,-0.102777,0.025737,-0.158851,0.042969,-0.189387,0.057427,0.001794,0.000449
0,-0.083853,0.133168,0.007164,0.08996,0.008383,0.100612,0.001464,0.002324
0,0.004907,0.134665,0.069635,0.00017,0.107803,-0.000794,8.6e-05,0.00235
0,0.063857,-0.092945,0.049134,-0.215906,0.008024,-0.209691,0.001115,0.001622
0,-0.115747,-0.108386,-0.207297,-0.014062,-0.249253,-0.021197,0.00202,0.001892
0,-0.076755,0.123048,0.036626,0.245675,0.045699,0.205636,0.00134,0.002148
0,0.091629,-0.058427,0.144762,-0.15846,0.175451,-0.16375,0.001599,0.00102
0,-0.126396,0.073299,-0.205356,0.152793,-0.164607,0.138064,0.002206,0.001279
0,-0.174195,0.133871,-0.060077,0.06675,-0.078507,0.084751,0.002577,0.002336
0,-0.046002,0.168002,0.140971,0.014409,0.152959,0.03295,0.000803,0.002685
0,2.922164,-1.028463,2.98134,-1.172146,3.026413,-1.198328,0.000444,0.001098
0,5.75728,-1.625324,2.812231,-0.568926,2.806005,-0.617243,0.000632,0.00028
0,5.229316,-1.783871,-0.499274,-0.175121,-0.507211,-0.189554,0.001389,0.002571
0,4.945564,-1.335581,-0.256907,0.420308,-0.250385,0.394602,0.002054,0.00084
0,4.630161,-1.10884,-0.336252,0.224546,-0.321155,0.208523,0.002166,0.0025
0,3.952687,-1.100324,-0.66478,0.034926,-0.71358,0.004255,0.001577,0.002352
0,2.805741,-0.816961,-1.144312,0.28339,-1.168276,0.27796,0.001588,0.002594
0,1.696581,-0.434335,-1.138157,0.399389,-1.158022,0.426071,0.001523,0.001963
0,1.097711,-0.125013,-0.594822,0.28863,-0.607386,0.239904,0.002306,0.002182
0,0.516013,-0.140648,-0.577055,-0.002544,-0.619649,0.026785,0.002229,0.002455
0,0.100459,0.060989,-0.411892,0.179058,-0.391152,0.139292,0.001753,0.001064
0,-0.379106,0.05474,-0.50207,-0.012999,-0.543326,-0.05486,0.000999,0.000955
0,-0.473298,-0.035881,-0.087485,-0.086824,-0.105322,-0.10796,0.002643,0.000626
0,-0.526832,0.145623,-0.074071,0.196478,-0.103389,0.207775,0.00204,0.002542
0,-0.38948,0.178027,0.162768,0.030015,0.175438,0.027741,0.00118,0.00251
0,-0.375761,-0.064863,0.016213,-0.237851,-0.02799,-0.203692,0.000941,0.001132
0,-0.482613,0.147297,-0.108514,0.210156,-0.08264,0.228414,0.002806,0.002571
0,-0.347527,-0.021132,0.105469,-0.139526,0.138833,-0.137215,0.000448,0.000369
0,-0.388433,-0.072433,-0.015861,-0.063204,-0.032758,-0.053303,0.001162,0.001264
0,-0.257468,0.145402,0.111831,0.226696,0.134322,0.27177,0.001124,0.002538
0,-0.193124,-0.098537,0.087722,-0.233615,0.049679,-0.234424,0.002247,0.00172
0,-0.045206,-0.019322,0.17604,0.067724,0.22007,0.064514,0.000789,0.000337
0,-0.071198,0.188674,-0.045168,0.218764,-0.089409,0.22944,0.001243,0.002325
0,-9.9e-05,0.047398,0.093251,-0.156288,0.11921,-0.126187,2e-06,0.000827
0,0.008751,-0.017309,0.035959,-0.068751,0.025231,-0.022885,0.000153,0.000302
0,0.033907,-0.127789,0.026055,-0.090131,0.05144,-0.042345,0.000592,0.00223
0,-0.078962,-0.109409,-0.125413,0.037498,-0.087968,0.071862,0.001378,0.00191
0,0.156405,-0.103618,0.217152,0.018084,0.195491,-0.016914,0.00273,0.001808
0,0.148598,-0.19412,0.00449,-0.074977,-0.005258,-0.117426,0.002594,0.002229
0,0.102943,-0.081319,-0.023318,0.128186,-0.036739,0.158844,0.001797,0.001419
0,-0.052731,-0.06596,-0.159155,-0.004101,-0.143082,0.002932,0.00092,0.001151
0,0.120696,-0.05697,0.195767,0.007483,0.239741,0.002555,0.002107,0.000994
0,0.147241,-0.153813,0.001459,-0.067052,-0.022788,-0.088504,0.00257,0.002685
0,-0.045769,-0.142087,-0.209244,0.038987,-0.221818,0.014988,0.000799,0.00248
0,0.091274,-0.109647,0.154864,0.028232,0.109098,0.047639,0.001593,0.001914
0,0.110699,-0.216676,0.043635,-0.12013,0.065395,-0.084718,0.001932,0.001836
0,0.074683,-0.017492,-0.021621,0.177803,-0.048893,0.138168,0.001303,0.000305
0,0.094972,-0.1611,0.016806,-0.138579,0.035513,-0.182702,0.001658,0.002806
0,0.01804,-0.019783,-0.067009,0.138125,-0.112667,0.145325,0.000315,0.000345
0,-0.058981,-0.00463,-0.05214,0.033558,-0.088979,0.083066,0.001029,8.1e-05
0,0.035756,0.002944,0.102729,-0.010915,0.093716,0.021644,0.000624,5.1e-05
0,0.092676,0.036671,0.033125,0.055335,0.073771,0.006049,0.001617,0.00064
0,-0.076511,-0.036608,-0.199004,-0.048858,-0.213414,-0.095181,0.001335,0.000639
0,0.028266,-0.173891,0.093539,-0.164463,0.049167,-0.115108,0.000493,0.002583
0,0.079666,-0.075214,0.078605,0.126422,0.122933,0.14725,0.00139,0.001313
0,0.03337,-0.042664,-0.026958,0.025751,-0.014301,0.055013,0.000582,0.000745
0,-0.001346,0.087962,-0.040842,0.159586,-0.064505,0.13773,2.3e-05,0.001535
0,0.028828,-0.103664,0.028356,-0.196314,0.032846,-0.166663,0.000503,0.001809
0,0.036363,-0.040736,0.0039,0.087363,0.017735,0.102305,0.000635,0.000711
0,-0.001114,-0.104242,-0.013878,-0.093482,0.001701,-0.095171,1.9e-05,0.001819
0,1.796575,1.153911,1.818222,1.283527,1.856279,1.281107,0.002349,0.00233
0,3.113456,2.145619,1.302552,1.007637,1.270804,0.967933,0.001835,0.001874
0,2.9355,2.020405,-0.196654,-0.112552,-0.196458,-0.146618,0.000677,0.001558
0,2.569337,2.226927,-0.359835,0.215439,-0.35395,0.264654,9.7e-05,0.000455
0,2.130765,2.106878,-0.427028,-0.132025,-0.392289,-0.122388,0.002134,0.002551
0,1.31472,1.76228,-0.795555,-0.334386,-0.829279,-0.321318,0.000476,0.00267
0,0.914958,1.48955,-0.396386,-0.265989,-0.376473,-0.261635,0.000883,0.00209
0,0.644531,1.214172,-0.282767,-0.302723,-0.246976,-0.33763,1.4e-05,0.001279
0,1.206657,1.576336,0.539768,0.37189,0.53127,0.370168,0.00141,0.000575
0,1.590302,2.001953,0.372532,0.438046,0.348524,0.459298,0.000332,0.001236
0,1.719442,2.231822,0.102166,0.222874,0.080474,0.254272,0.001922,0.00037
0,1.686615,2.089769,-0.006801,-0.152305,-0.015397,-0.14815,0.001349,0.002768
0,1.313553,1.827989,-0.367406,-0.285837,-0.345792,-0.281614,0.000456,0.001801
0,0.997345,1.240933,-0.310724,-0.571881,-0.341864,-0.539266,0.000554,0.000812
0,0.737508,1.067943,-0.267054,-0.17137,-0.267605,-0.147367,0.001637,0.001787
0,0.430892,0.930896,-0.327628,-0.164912,-0.360173,-0.122639,0.001903,0.000605
0,0.276138,0.719705,-0.17407,-0.234658,-0.16597,-0.200613,0.000798,0.001326
0,0.004334,0.236869,-0.295163,-0.475954,-0.340567,-0.444217,7.6e-05,0.001483
0,0.105058,-0.061418,0.122257,-0.326939,0.123669,-0.351005,0.001834,0.001072
0,-0.150376,0.052344,-0.27026,0.134519,-0.270946,0.160788,0.002625,0.000914
0,-0.011437,-0.151247,0.148406,-0.177967,0.129034,-0.144708,0.0002,0.00264
0,-0.052312,-0.122859,-0.048292,0.029076,-0.028191,0.011187,0.000913,0.002144
0,-0.214779,-0.251553,-0.181214,-0.122236,-0.161459,-0.073231,0.001869,0.001227
0,-0.097415,-0.137087,0.121494,0.133995,0.165811,0.09543,0.0017,0.002393
0,-0.089908,-0.349404,0.017276,-0.202253,-0.023093,-0.168544,0.001569,0.000481
0,0.028713,-0.312942,0.108492,0.022074,0.132084,0.046254,0.000501,0.000156
0,0.072063,-0.192523,0.014911,0.144357,0.063548,0.153685,0.001258,0.002257
0,-0.009685,-0.054348,-0.064748,0.114009,-0.047555,0.122832,0.000169,0.000949
0,0.11157,-0.202606,0.11004,-0.153689,0.150714,-0.177608,0.001947,0.002081
0,-0.084089,0.024871,-0.175516,0.201928,-0.149164,0.223085,0.001468,0.000434
0,-0.179556,0.017769,-0.083862,-0.026237,-0.126703,0.015413,0.002484,0.00031
0,-0.018352,-0.109855,0.189178,-0.122031,0.186216,-0.127435,0.00032,0.001917
0,0.085582,-0.095185,0.112398,0.035029,0.078795,-0.011033,0.001494,0.001661
0,0.097979,0.052254,0.026915,0.166017,0.041243,0.168834,0.00171,0.000912
0,0.096373,0.038957,0.011605,-0.00249,-0.02271,0.034305,0.001682,0.00068
0,0.04128,0.167811,-0.045594,0.120753,-0.030551,0.142766,0.00072,0.002689
0,0.044563,-0.044226,-0.014513,-0.204124,0.006898,-0.238533,0.000778,0.000772
0,-0.016185,0.011726,-0.074841,0.051283,-0.067619,0.016857,0.000282,0.000205
0,-0.081012,-0.111232,-0.078626,-0.096111,-0.117167,-0.145861,0.001414,0.001941
0,-0.031616,0.022169,0.034149,0.123482,0.074286,0.140817,0.000552,0.000387
0,-0.026896,0.049584,-0.015502,0.046576,0.031879,0.008191,0.000469,0.000865
0,-0.028207,0.084339,-0.012099,0.031904,-0.044862,0.014998,0.000492,0.001472
0,0.148781,0.021459,0.169871,-0.044728,0.120451,-0.011092,0.002597,0.000375
0,0.035235,-0.043015,-0.125019,-0.0537,-0.128544,-0.059967,0.000615,0.000751
0,0.150926,-0.037895,0.144275,-0.015977,0.15849,-0.0152,0.002634,0.000661
0,0.050385,-0.151707,-0.0842,-0.120212,-0.084689,-0.138873,0.000879,0.002648
0,0.129661,-0.080628,0.063702,0.050841,0.070003,0.002263,0.002263,0.001407
0,0.138704,0.039416,-0.011805,0.135716,0.026008,0.111845,0.002421,0.000688
0,0.172133,-0.037195,0.015594,-0.069393,0.010803,-0.086076,0.002613,0.000649
0,-0.150782,0.112825,-0.317922,0.133195,-0.347986,0.180428,0.002632,0.001969
0,-0.049412,-0.004136,0.127147,-0.136116,0.081343,-0.114761,0.000862,7.2e-05
0,-0.069963,-0.134668,-0.041621,-0.140614,-0.035707,-0.151884,0.001221,0.00235
0,-0.144604,0.025165,-0.089492,0.147826,-0.051069,0.16863,0.002524,0.000439
0,-0.138975,-0.059383,0.016504,-0.055289,-0.001322,-0.04998,0.002426,0.001036
0,-0.204117,0.02691,-0.084988,0.058275,-0.08893,0.077511,0.002055,0.00047
0,-0.214568,0.050025,0.002751,-0.005823,0.013707,-0.025628,0.001873,0.000873
0,0.015874,-0.113143,0.249555,-0.152011,0.237033,-0.163324,0.000277,0.001975
0,-0.034061,0.105583,-0.054776,0.232833,-0.072047,0.186191,0.000594,0.001843
0,-0.146054,0.060678,-0.122797,-0.040464,-0.08758,-0.030774,0.002549,0.001059
0,-0.059627,0.131478,0.089463,0.078223,0.129664,0.057805,0.001041,0.002295
0,-0.061271,0.055404,-0.029761,-0.054684,-0.016213,-0.09295,0.001069,0.000967
0,-0.33966,0.062773,-0.308159,-0.002467,-0.309679,0.011165,0.000311,0.001096
0,1.778227,0.426102,2.113705,0.374493,2.071988,0.423486,0.002669,0.001819
0,3.338934,0.608881,1.587467,0.209042,1.560902,0.22648,0.0021,0.000608
0,4.350148,0.503898,1.026522,-0.099615,1.007101,-0.080357,0.002721,0.00244
0,3.993052,0.494895,-0.351275,-0.014522,-0.37822,0.001996,0.002282,0.002597
0,4.80254,0.36598,0.823167,-0.100387,0.799467,-0.137537,0.000442,0.00077
0,3.822272,0.419761,-0.961409,0.033947,-0.973644,0.045427,0.000699,0.001709
0,2.988651,0.534383,-0.832567,0.087593,-0.806886,0.083189,0.001604,0.001908
0,2.432618,0.165749,-0.58482,-0.340241,-0.570398,-0.332393,0.002483,0.002725
0,1.681432,-0.029224,-0.754413,-0.168884,-0.710245,-0.205042,0.001259,0.00051
0,1.186224,-0.041932,-0.519267,-0.029111,-0.520836,-0.003789,0.001767,0.000732
0,0.488241,-0.060936,-0.71933,-0.042048,-0.706659,-0.04219,0.002714,0.001064
0,0.371557,0.017488,-0.110789,0.055044,-0.104439,0.101764,0.000867,0.000305
0,0.431826,0.070912,0.040984,0.037593,0.011198,-0.010226,0.001919,0.001238
0,0.396063,-0.122658,-0.04738,-0.166985,-0.069111,-0.206592,0.001295,0.002141
0,0.362235,-0.008025,-0.040264,0.090455,-0.019349,0.095836,0.000705,0.00014
0,0.374493,-0.001868,0.031309,-0.006234,0.036544,0.021748,0.000919,3.3e-05
0,0.151995,-0.097024,-0.242552,-0.093289,-0.291109,-0.137717,0.002653,0.001693
0,0.283195,-0.066479,0.153381,0.022815,0.122993,0.005533,0.000675,0.00116
0,0.171313,-0.036328,-0.105524,0.057257,-0.081024,0.099168,0.002628,0.000634
0,0.31798,-0.053663,0.122582,0.000219,0.085969,-0.026849,6.8e-05,0.000937
0,0.221321,-0.080205,-0.080376,-0.00378,-0.12901,-0.02474,0.001755,0.0014
0,0.13522,-0.051045,-0.060893,0.049052,-0.036908,0.018115,0.00236,0.000891
0,0.238246,-0.042657,0.107545,0.004386,0.145674,0.049682,0.001459,0.000745
0,0.037854,0.158314,-0.209062,0.192711,-0.212201,0.234098,0.000661,0.002763
0,0.317498,0.1826,0.278944,0.046103,0.327718,0.052668,7.6e-05,0.002431
0,0.311619,0.163073,-0.024515,-0.016927,-0.031896,-0.039208,0.000179,0.002771
0,0.316602,0.023105,0.034224,-0.116679,0.04048,-0.099954,9.2e-05,0.000403
0,0.090092,0.098399,-0.204183,0.073407,-0.242994,0.028161,0.001572,0.001717
0,0.045996,0.051062,-0.069421,-0.033879,-0.058044,-0.056745,0.000803,0.000891
0,0.186231,0.082448,0.152548,0.031109,0.154552,0.046391,0.002367,0.001439
0,0.283784,0.017668,0.089569,-0.046025,0.107412,-0.092922,0.000665,0.000308
0,0.257126,-0.001649,-0.051769,-0.036774,-0.060149,-0.072514,0.00113,2.9e-05
0,-0.000138,0.033996,-0.269005,0.01002,-0.271622,-0.034373,2e-06,0.000593
0,0.000353,-0.005106,-0.003676,-0.029119,0.028271,-0.044741,6e-06,8.9e-05
0,-0.058168,0.203752,-0.069884,0.222043,-0.057321,0.185701,0.001015,0.002061
0,-0.031091,-0.004176,0.031665,-0.218585,0.050531,-0.235727,0.000543,7.3e-05
0,0.189816,0.12519,0.246288,0.105873,0.241975,0.081765,0.002305,0.002185
0,0.150317,0.142529,-0.053078,-0.006576,-0.076078,0.008136,0.002624,0.002488
0,-0.009894,-0.029103,-0.160108,-0.177766,-0.190335,-0.144135,0.000173,0.000508
0,-0.019748,-0.032002,-0.023154,-0.019591,-0.057164,-0.017219,0.000345,0.000559
0,0.066278,-0.028449,0.070179,0.009358,0.10916,0.033107,0.001157,0.000497
0,0.242585,0.093553,0.184619,0.142077,0.172948,0.106455,0.001384,0.001633
0,0.100904,0.164097,-0.125413,0.059177,-0.146472,0.020046,0.001761,0.002753
0,0.158345,0.097533,0.05432,-0.045254,0.01915,-0.054904,0.002764,0.001702
0,-0.040765,0.019952,-0.190593,-0.099333,-0.206228,-0.078282,0.000711,0.000348
0,0.203111,0.055057,0.24938,0.021717,0.265376,0.059734,0.002073,0.000961
0,-0.087801,0.126878,-0.303558,0.074059,-0.311037,0.115376,0.001532,0.002214
0,0.170404,0.082896,0.24401,-0.038891,0.251396,-0.045764,0.002643,0.001447
0,-0.037062,-0.136757,-0.184499,-0.244975,-0.176108,-0.212001,0.000647,0.002387
0,0.135409,0.129398,0.160924,0.269913,0.191248,0.265049,0.002363,0.002258
0,-0.084653,0.035867,-0.195173,-0.069728,-0.176422,-0.114658,0.001477,0.000626
0,0.142853,-0.013635,0.238575,-0.055001,0.222129,-0.096107,0.002493,0.000238
0,0.053155,-0.099328,-0.098979,-0.075107,-0.07116,-0.108684,0.000928,0.001734
0,0.021702,0.160702,-0.022006,0.278062,-0.009612,0.265193,0.000379,0.002805
0,0.146822,0.05093,0.136797,-0.100722,0.135692,-0.123231,0.002563,0.000889
0,0.011309,0.058382,-0.120774,0.034962,-0.102467,-0.006492,0.000197,0.001019
0,0.034391,0.137906,0.01514,0.106463,0.045019,0.145578,0.0006,0.002407
0,0.120968,0.163595,0.110052,0.038769,0.075738,0.085168,0.002111,0.002762
0,-0.058445,-0.088016,-0.201661,-0.272923,-0.178513,-0.29272,0.00102,0.001536
0,0.167515,0.086046,0.238874,0.151818,0.279376,0.154259,0.002694,0.001502
0,0.052585,0.040296,-0.103371,-0.026935,-0.149322,0.014182,0.000918,0.000703
0,0.242281,-0.021979,0.185686,-0.070228,0.158061,-0.026771,0.001389,0.000384
0,0.032745,-0.137704,-0.207875,-0.106026,-0.187724,-0.069454,0.000572,0.002403
0,-0.077042,0.124062,-0.087103,0.271003,-0.054932,0.225439,0.001345,0.002165
0,-0.091601,-0.0514,-0.004265,-0.174346,-0.036625,-0.174538,0.001599,0.000897
0,0.14992,-0.050046,0.227681,0.01497,0.216835,0.020775,0.002617,0.000873
0,-0.110312,0.059123,-0.278295,0.094148,-0.229549,0.05473,0.001925,0.001032
0,0.09169,-0.178158,0.229149,-0.25883,0.245102,-0.219341,0.0016,0.002508
0,-0.030604,-0.11497,-0.1224,0.081032,-0.127162,0.110834,0.000534,0.002007
0,0.064417,-0.199957,0.086348,-0.065136,0.045101,-0.083953,0.001124,0.002128
0,-0.009797,0.023915,-0.062783,0.198271,-0.047371,0.234615,0.000171,0.000417
0,0.177332,-0.156225,0.211022,-0.179504,0.257931,-0.170685,0.002522,0.002727
0,-0.024317,0.129382,-0.229346,0.286783,-0.265338,0.285395,0.000424,0.002258
0,-0.008714,0.089948,0.005963,-0.040476,0.048881,-0.057301,0.000152,0.00157
0,0.122192,-0.130101,0.154717,-0.20697,0.186352,-0.236746,0.002133,0.002271
0,0.109849,0.073199,0.004441,0.175693,0.041195,0.15248,0.001917,0.001278
0,0.133198,-0.139069,-0.002849,-0.197118,0.043223,-0.211585,0.002325,0.002427
0,0.247712,-0.105526,0.108062,0.050713,0.062747,0.093942,0.001294,0.001842
0,0.157799,-0.152684,-0.096765,-0.039884,-0.094592,-0.088862,0.002754,0.002665
0,0.262816,-0.112355,0.08627,0.061882,0.096044,0.03174,0.001031,0.001961
0,0.288944,-0.192412,0.021111,-0.087125,0.01419,-0.125528,0.000574,0.002259
0,0.131745,-0.124706,-0.167547,0.039038,-0.16177,0.059907,0.002299,0.002177
0,0.042252,0.002922,-0.070497,0.122645,-0.070878,0.158319,0.000737,5.1e-05
0,0.17183,-0.175467,0.115345,-0.187453,0.093913,-0.211849,0.002619,0.002555
0,0.236403,0.073075,0.081594,0.227933,0.074826,0.265312,0.001492,0.001275
0,-0.032348,-0.063046,-0.259928,-0.157241,-0.217405,-0.126085,0.000565,0.0011
0,-0.058975,-0.046445,-0.034258,-0.012874,-0.081316,0.018797,0.001029,0.000811
0,0.019353,-0.12412,0.050924,-0.062759,0.080169,-0.107769,0.000338,0.002166
0,-0.088039,-0.003246,-0.101609,0.135897,-0.095001,0.15963,0.001537,5.7e-05
0,0.026509,-0.047637,0.092788,-0.036074,0.114369,-0.015469,0.000463,0.000831
0,-0.092099,-0.152396,-0.110346,-0.085638,-0.117088,-0.12879,0.001607,0.00266
0,-0.079155,-0.17698,0.005335,-0.026544,-0.040063,-0.063918,0.001382,0.002529
0,-0.038369,-0.098866,0.033918,0.086472,0.077871,0.05717,0.00067,0.001726
0,-0.196739,0.055165,-0.157979,0.127378,-0.121634,0.091322,0.002184,0.000963
0,-0.211807,0.077504,-0.038172,0.02274,-0.029527,0.032686,0.001921,0.001353
0,-0.069627,-0.013731,0.161599,-0.073658,0.127716,-0.107867,0.001215,0.00024
0,-0.187826,0.087163,-0.099294,0.120614,-0.057606,0.090596,0.002339,0.001521
0,-0.088845,-0.076887,0.119151,-0.192646,0.07592,-0.187611,0.001551,0.001342
0,-0.079504,0.01159,0.017425,0.081548,0.02995,0.084951,0.001388,0.000202
0,-0.13175,0.023425,-0.048663,0.027134,-0.054174,0.049876,0.002299,0.000409
0,-0.085097,-0.134186,0.040232,-0.172547,0.042867,-0.158684,0.001485,0.002342
0,-0.011746,-0.118558,0.058952,0.012896,0.023136,-0.019984,0.000205,0.002069
0,-0.21011,-0.196033,-0.182743,-0.055425,-0.203404,-0.048156,0.00195,0.002196
0,-0.092205,-0.157726,0.106204,0.035659,0.138121,0.062682,0.001609,0.002753
0,-0.112134,0.005434,-0.047082,0.180787,-0.088611,0.215855,0.001957,9.5e-05
0,0.012158,-0.105027,0.132743,-0.13329,0.158871,-0.174865,0.000212,0.001833
0,0.001608,-0.010334,0.005815,0.07051,-0.034987,0.042388,2.8e-05,0.00018
0,-0.158696,0.017919,-0.170944,0.050769,-0.149473,0.024772,0.00277,0.000313
0,-0.068191,0.05023,0.111872,0.007101,0.112601,0.023207,0.00119,0.000877
0,-0.126873,-0.182825,-0.056095,-0.259967,-0.009861,-0.262419,0.002214,0.002427
0,-0.26005,0.095644,-0.153764,0.289291,-0.113958,0.270655,0.001079,0.001669
0,0.037034,0.006733,0.312046,-0.111258,0.278873,-0.145158,0.000646,0.000118
0,-0.058555,0.127516,-0.104286,0.125172,-0.133716,0.154725,0.001022,0.002226
0,-0.118955,-0.018322,-0.081004,-0.14685,-0.112334,-0.131395,0.002076,0.00032
0,-0.08997,-0.044641,0.047001,-0.037343,0.07942,-0.080814,0.00157,0.000779
0,-0.149469,-0.085827,-0.046138,-0.06673,-0.030135,-0.058845,0.002609,0.001498
0,-0.20303,-0.008283,-0.036219,0.05581,-0.080574,0.015683,0.002074,0.000145
0,-0.056739,-0.000298,0.15343,0.032549,0.112063,-0.01332,0.00099,5e-06
0,-0.011557,0.102917,0.033424,0.0866,0.048379,0.046967,0.000202,0.001796
0,-0.012808,-0.072566,0.023129,-0.161791,0.016273,-0.124213,0.000224,0.001267
0,-0.115261,-0.093455,-0.097708,-0.004646,-0.117093,0.010394,0.002012,0.001631
0,-0.137566,0.085675,-0.012753,0.18005,0.034615,0.206222,0.002401,0.001495
0,-0.057054,-0.010898,0.051361,-0.106013,0.078987,-0.080859,0.000996,0.00019
0,-0.174799,0.120583,-0.125365,0.127905,-0.147009,0.133618,0.002567,0.002105
0,-0.076326,0.042095,0.081881,-0.090163,0.095212,-0.056884,0.001332,0.000735
0,-0.057686,0.099873,0.012881,0.08389,-0.021936,0.129028,0.001007,0.001743
0,0.085934,0.124559,0.149652,-0.000272,0.195773,0.011782,0.0015,0.002174
0,0.027584,0.123485,-0.07544,-0.01649,-0.079601,0.030351,0.000481,0.002155
0,0.048321,-0.108835,0.004688,-0.20398,-0.004484,-0.176048,0.000843,0.0019
0,0.018382,0.043986,-0.00973,0.159614,0.021365,0.14064,0.000321,0.000768
0,-0.132584,-0.086385,-0.15332,-0.110356,-0.13643,-0.065995,0.002314,0.001508
0,-0.212655,0.047909,-0.101481,0.107463,-0.072848,0.057649,0.001906,0.000836
0,0.038826,-0.002504,0.241452,-0.078382,0.245744,-0.118861,0.000678,4.4e-05
0,-0.090876,0.007923,-0.132115,-0.009355,-0.110298,-0.038985,0.001586,0.000138
0,-0.091649,-0.101972,-0.025049,-0.119488,-0.06879,-0.091067,0.0016,0.00178
0,-0.12678,-0.119344,-0.059657,0.006195,-0.061848,0.036739,0.002213,0.002083
0,-0.158632,0.085112,-0.023507,0.215748,-0.035133,0.192499,0.002769,0.001485
0,-0.092806,0.02266,0.088622,-0.072315,0.095461,-0.039779,0.00162,0.000395
0,0.011724,0.003705,0.088149,0.005914,0.132588,-0.008025,0.000205,6.5e-05
0,-0.072305,0.013087,-0.056227,0.000647,-0.089979,0.047091,0.001262,0.000228
0,0.040026,-0.122366,0.10327,-0.125459,0.148528,-0.079829,0.000699,0.002136
0,-0.16136,0.034141,-0.213773,0.176777,-0.215665,0.154283,0.002801,0.000596
0,-0.226255,-0.064078,-0.03748,-0.124148,-0.036127,-0.157342,0.001669,0.001118
0,-0.173566,-0.06052,0.052761,-0.009848,0.068703,-0.014769,0.002588,0.001056
0,0.042951,0.055179,0.204608,0.088614,0.188341,0.058969,0.00075,0.000963
0,-0.02145,-0.067393,-0.062138,-0.105895,-0.046462,-0.066557,0.000374,0.001176
0,-0.097659,0.001967,-0.055803,0.043739,-0.067526,-0.001176,0.001704,3.4e-05
0,0.075546,-0.140699,0.143703,-0.11576,0.167008,-0.160206,0.001319,0.002456
0,-0.187903,0.000819,-0.275345,0.141499,-0.278682,0.170281,0.002338,1.4e-05
0,-0.080468,-0.007402,0.101268,-0.011188,0.087986,0.033658,0.001404,0.000129
0,-0.019405,0.105181,0.039719,0.095249,0.024202,0.117633,0.000339,0.001836
0,0.136493,-0.087038,0.179243,-0.178016,0.141275,-0.1561,0.002382,0.001519
0,0.085645,0.113541,-0.071652,0.20665,-0.093877,0.244371,0.001495,0.001982
0,-0.102578,-0.071644,-0.163066,-0.175312,-0.143801,-0.209205,0.00179,0.00125
0,0.071606,0.103042,0.160826,0.159521,0.12953,0.122,0.00125,0.001798
0,0.08481,0.035509,0.037349,-0.05769,0.010731,-0.010673,0.00148,0.00062
0,-0.22424,0.12881,-0.33561,0.083182,-0.317385,0.062069,0.001704,0.002248
0,0.039579,-0.044453,0.253397,-0.14578,0.272073,-0.104722,0.000691,0.000776
0,-0.112791,0.01757,-0.176205,0.087028,-0.14741,0.091543,0.001969,0.000307
0,0.070638,0.040867,0.195977,0.029712,0.169429,-0.007679,0.001233,0.000713
0,-0.111489,0.012968,-0.207613,-0.025934,-0.240388,-0.056185,0.001946,0.000226
0,-0.009768,0.072847,0.073221,0.063719,0.077322,0.087504,0.00017,0.001271
0,-0.039115,0.06318,-0.008798,0.004197,1.2e-05,0.043251,0.000683,0.001103
0,-0.069578,-0.02525,-0.029843,-0.104007,0.018011,-0.054817,0.001214,0.000441
0,0.059995,0.112007,0.143633,0.13964,0.151377,0.100603,0.001047,0.001955
0,0.055531,-0.035513,-0.032354,-0.167357,-0.064085,-0.149586,0.000969,0.00062
0,-0.242223,-0.046028,-0.279041,0.000492,-0.24265,-0.039485,0.00139,0.000803
0,-0.088023,-0.07371,0.163756,-0.036549,0.18764,0.008181,0.001536,0.001286
0,-0.069528,0.016472,0.02536,0.063472,0.039588,0.047898,0.001214,0.000287
0,-0.15874,-0.013385,-0.062912,-0.004616,-0.027845,-0.008379,0.002771,0.000234
0,0.026151,0.055231,0.164682,0.041811,0.165669,0.015626,0.000456,0.000964
0,-0.19812,0.099872,-0.249797,0.030596,-0.221419,0.07751,0.00216,0.001743
0,0.074761,-0.030785,0.274091,-0.146705,0.231018,-0.172455,0.001305,0.000537
0,-0.166735,-0.127141,-0.233126,-0.107612,-0.225344,-0.110043,0.002707,0.002219
0,0.04819,0.082837,0.242828,0.189321,0.216322,0.198359,0.000841,0.001446
0,0.028372,0.007107,0.003548,-0.066299,-0.032593,-0.051621,0.000495,0.000124
0,-0.021127,0.004354,-0.068485,0.024699,-0.067742,0.069443,0.000369,7.6e-05
0,0.165429,-0.066918,0.211893,-0.095222,0.169684,-0.118136,0.00273,0.001168
0,0.000265,-0.061139,-0.140344,-0.013855,-0.147044,-0.063667,5e-06,0.001067
0,-0.097607,-0.152096,-0.104846,-0.075426,-0.080565,-0.107534,0.001704,0.002655
0,0.019441,-0.073554,0.087664,0.072098,0.070339,0.032272,0.000339,0.001284
0,-0.129511,0.039437,-0.15069,0.115807,-0.106434,0.144857,0.00226,0.000688
0,-0.0887,-0.043392,0.067268,-0.084511,0.028577,-0.052516,0.001548,0.000757
0,-0.050888,-0.191615,0.019827,-0.133658,0.044242,-0.120459,0.000888,0.002273
0,-0.109219,0.101659,-0.083399,0.278662,-0.113534,0.234276,0.001906,0.001774
0,-0.173262,-0.152699,-0.05342,-0.252638,-0.068994,-0.219305,0.002594,0.002665
0,0.092546,0.108436,0.260707,0.240717,0.279669,0.224299,0.001615,0.001893
0,-0.08973,0.033055,-0.16584,-0.066,-0.121505,-0.083259,0.001566,0.000577
0,0.036335,0.007873,0.150707,-0.049922,0.174243,-0.081789,0.000634,0.000137
0,-4.41487,-0.160089,-4.431407,-0.167593,-4.479879,-0.121148,0.001591,0.002794
0,-4.330564,-0.241862,0.076034,-0.096613,0.098683,-0.098344,0.002555,0.001396
0,-4.64253,-0.597162,-0.285529,-0.371765,-0.261425,-0.370611,0.002382,0.000813
0,-4.080283,-0.533854,0.552384,0.03484,0.547618,0.060066,0.001813,0.001917
0,-3.399763,-0.418926,0.662694,0.132546,0.699555,0.151864,0.002456,0.001694
0,-2.287808,-0.406727,1.107712,0.032323,1.095489,0.010293,0.000607,0.001481
0,-1.159087,-0.048011,1.117372,0.36918,1.120958,0.391919,0.00224,0.000838
0,-0.8874,-0.203188,0.274481,-0.152433,0.236419,-0.176962,0.001364,0.002071
0,-0.141153,0.034918,0.765491,0.215853,0.7874,0.21207,0.002464,0.000609
0,0.405917,-0.133747,0.521289,-0.185155,0.519736,-0.18478,0.001467,0.002334
0,0.538518,0.125097,0.108419,0.28084,0.097501,0.317562,0.001836,0.002183
0,0.677285,0.13983,0.113785,0.007993,0.13301,-0.015267,0.000586,0.00244
0,0.599448,0.070322,-0.097111,-0.0746,-0.09882,-0.088794,0.000773,0.001227
0,0.299515,-0.028598,-0.30932,-0.091121,-0.276656,-0.044661,0.00039,0.000499
0,0.321738,-0.05961,0.039137,-0.013666,0.047162,-0.026901,2e-06,0.00104
0,0.130878,0.07863,-0.174845,0.120895,-0.141558,0.123472,0.002284,0.001372
0,0.158401,0.183991,0.015962,0.105201,0.044548,0.133041,0.002765,0.002406
0,-0.011642,0.111256,-0.151169,-0.056945,-0.101183,-0.071855,0.000203,0.001942
0,0.070213,-0.091322,0.076494,-0.186728,0.123227,-0.200746,0.001225,0.001594
0,0.121373,0.031524,0.078704,0.109755,0.110936,0.109861,0.002118,0.00055
0,0.012161,-0.188956,-0.079656,-0.244758,-0.081936,-0.242717,0.000212,0.00232
0,-0.132545,0.126672,-0.115301,0.330684,-0.093061,0.379132,0.002313,0.002211
0,0.051928,-0.099403,0.192813,-0.231745,0.168292,-0.238696,0.000906,0.001735
0,0.070031,-0.039162,0.001313,0.067255,0.045751,0.115915,0.001222,0.000684
0,-0.001531,-0.06346,-0.082327,-0.054146,-0.120742,-0.004613,2.7e-05,0.001108
0,0.021304,-0.094446,0.032142,-0.049078,0.029723,-0.068001,0.000372,0.001648
0,0.058987,-0.024414,0.039971,0.063261,0.061913,0.085635,0.00103,0.000426
0,0.105187,-0.011702,0.038774,0.022891,0.045586,0.001989,0.001836,0.000204
0,0.160409,0.02826,0.08477,0.049287,0.054094,0.097395,0.0028,0.000493
0,0.126294,0.067234,-0.0103,0.063269,-0.026174,0.075633,0.002204,0.001173
0,0.080072,-0.198382,-0.031178,-0.248145,-0.005727,-0.228468,0.001398,0.002155
0,-0.018754,0.048665,-0.075225,0.252487,-0.081532,0.225745,0.000327,0.000849
0,0.098221,-0.023407,0.092393,-0.04931,0.074581,-0.081528,0.001714,0.000409
0,-0.046167,0.016642,-0.12163,0.014754,-0.127341,0.06465,0.000806,0.00029
0,0.079724,-0.118373,0.099898,-0.113789,0.059694,-0.150169,0.001391,0.002066
0,0.004799,0.08722,-0.086112,0.216402,-0.107201,0.202625,8.4e-05,0.001522
0,0.059955,-0.042366,0.052021,-0.131675,0.010985,-0.094649,0.001046,0.000739
0,0.034453,0.022597,-0.018453,0.053233,-0.050085,0.014497,0.000601,0.000394
0,0.178353,-0.024138,0.126832,-0.071332,0.144421,-0.107065,0.002505,0.000421
0,-0.003239,0.036578,-0.193128,0.075103,-0.218211,0.103828,5.7e-05,0.000638
0,0.212437,0.02934,0.241551,0.00705,0.26346,0.025655,0.00191,0.000512
0,0.242779,0.042753,0.017686,0.022731,0.041077,0.068529,0.00138,0.000746
0,0.062623,0.152444,-0.178009,0.128942,-0.201775,0.088175,0.001093,0.002661
0,0.18928,-0.107218,0.134742,-0.231412,0.093787,-0.238176,0.002314,0.001871
0,0.138933,-0.066089,-0.050773,0.048009,-0.070834,0.004824,0.002425,0.001153
0,0.099319,-0.110504,-0.069257,-0.043578,-0.106571,-0.073504,0.001733,0.001929
0,0.009983,-0.042596,-0.102575,0.077635,-0.141727,0.10181,0.000174,0.000743
0,0.240182,-0.102435,0.215294,-0.064811,0.242104,-0.097734,0.001426,0.001788
0,0.183983,-0.020891,-0.032437,0.062019,-0.001022,0.049709,0.002406,0.000365
0,0.104949,0.092666,-0.059782,0.139441,-0.020814,0.097216,0.001832,0.001617
0,0.264497,-0.152323,0.180604,-0.218018,0.151347,-0.174186,0.001001,0.002659
0,0.270885,0.075049,-0.008231,0.228353,-0.027605,0.275297,0.00089,0.00131
0,0.131151,0.031489,-0.132567,-0.039159,-0.178742,-0.030912,0.002289,0.00055
0,0.232911,0.025879,0.108455,-0.034691,0.084133,-0.0078,0.001552,0.000452
0,0.10698,-0.105533,-0.152575,-0.155159,-0.142951,-0.19487,0.001867,0.001842
0,0.136226,-0.018612,0.057755,0.092844,0.018403,0.045268,0.002378,0.000325
0,0.175841,0.068391,0.03098,0.108988,0.073022,0.06237,0.002549,0.001194
0,0.073895,-0.001885,-0.077133,-0.098397,-0.039707,-0.139627,0.00129,3.3e-05
0,-0.012567,-0.094039,-0.112997,-0.115079,-0.07794,-0.075245,0.000219,0.001641
0,0.948723,0.187625,0.947332,0.273052,0.988795,0.238088,0.000294,0.002343
0,1.799745,0.238957,0.876586,0.029064,0.830232,0.075144,0.002294,0.001447
0,2.598648,0.440877,0.806971,0.215026,0.791488,0.218894,0.000415,0.002077
0,2.927237,0.532696,0.302158,0.109109,0.254662,0.100535,0.000532,0.001938
0,3.108548,0.383653,0.163428,-0.14148,0.1464,-0.139494,0.001921,0.001079
0,2.134311,0.22003,-0.957749,-0.189841,-0.928745,-0.185211,0.002072,0.001777
0,1.620896,0.269996,-0.532951,0.021261,-0.535906,0.069677,0.000202,0.000905
0,1.273689,0.147266,-0.364449,-0.145323,-0.411032,-0.158915,0.00024,0.00257
0,0.662252,0.067237,-0.604325,-0.051347,-0.574332,-0.04947,0.000323,0.001174
0,0.320348,0.184546,-0.338595,0.128701,-0.296201,0.139299,2.6e-05,0.002397
0,0.11776,-0.111784,-0.177789,-0.315005,-0.132384,-0.312214,0.002055,0.001951
0,0.017171,-0.054022,-0.081387,0.087528,-0.075284,0.100701,0.0003,0.000943
0,-0.139351,-0.14434,-0.166576,-0.107067,-0.135863,-0.143917,0.002432,0.002519
0,-0.019571,-0.125718,0.14496,-3.5e-05,0.110706,-0.016956,0.000342,0.002194
0,-0.210307,-0.030516,-0.162946,0.080864,-0.2122,0.096291,0.001947,0.000533
0,-0.284965,-0.138486,-0.099899,-0.106385,-0.109279,-0.075431,0.000644,0.002417
0,-0.192724,0.048689,0.101464,0.19255,0.074716,0.153052,0.002254,0.00085
0,-0.25939,-0.104813,-0.060027,-0.168526,-0.093743,-0.132,0.00109,0.001829
0,-0.233203,-0.203463,0.030795,-0.089931,0.060687,-0.046257,0.001547,0.002066
0,-0.294667,-0.0597,-0.082449,0.161329,-0.091102,0.143293,0.000475,0.001042
0,-0.251549,0.014519,0.018675,0.073083,-0.006807,0.091996,0.001227,0.000253
0,-0.090039,-0.116055,0.182918,-0.15403,0.226212,-0.106612,0.001571,0.002026
0,-0.112835,0.110429,0.000736,0.231017,-0.033584,0.218003,0.001969,0.001927
0,-0.237629,-0.134599,-0.095538,-0.238252,-0.129201,-0.270974,0.00147,0.002349
0,-0.223675,0.061158,-0.005524,0.182684,0.017269,0.144111,0.001714,0.001067
0,0.008999,-0.021611,0.214338,-0.060788,0.260402,-0.079046,0.000157,0.000377
0,-0.138098,-0.052912,-0.143915,-0.049753,-0.189807,-0.072077,0.00241,0.000923
0,-0.862492,-0.935692,-0.720658,-0.884629,-0.755084,-0.88042,0.001799,0.000522
0,-2.582845,-1.732447,-1.713051,-0.782075,-1.67503,-0.790215,0.000139,0.002149
0,-3.09592,-1.61448,-0.52028,0.092897,-0.486377,0.074527,0.002141,9e-05
0,-2.740622,-1.708584,0.383834,-0.09626,0.396764,-0.128286,0.002725,0.001733
0,-2.309011,-1.739471,0.441073,-0.023146,0.42982,0.020553,0.000977,0.002272
0,-1.468741,-1.665986,0.845236,0.095392,0.831034,0.057958,0.002453,0.000989
0,-0.765612,-1.34168,0.730812,0.29754,0.711896,0.313964,0.002127,0.000947
0,-0.58936,-0.999021,0.154931,0.340157,0.172658,0.298547,0.000949,0.000584
0,-0.191351,-0.884231,0.394734,0.116632,0.359269,0.156807,0.002278,0.00142
0,0.261394,-0.379338,0.431298,0.49915,0.437671,0.544443,0.001055,0.001003
0,0.161453,-0.522225,-0.097618,-0.171797,-0.082922,-0.152942,0.0028,0.00212
0,0.153574,-0.362633,0.005976,0.149571,-0.033518,0.183505,0.00268,0.000712
0,0.035374,-0.381123,-0.109946,-0.036204,-0.11178,-0.035427,0.000617,0.001034
0,0.1436,-0.516867,0.134134,-0.150933,0.121851,-0.161899,0.002506,0.002214
0,0.057782,-0.339566,-0.110989,0.154383,-0.096054,0.184732,0.001008,0.000309
0,0.110771,-0.376012,0.029577,-0.013386,-0.004781,-0.004891,0.001933,0.000945
0,-0.001666,-0.372971,-0.098939,0.032015,-0.099433,0.050828,2.9e-05,0.000892
0,0.104885,-0.30064,0.086615,0.080282,0.050941,0.093156,0.001831,0.00037
0,0.001838,-0.443466,-0.081198,-0.152232,-0.042397,-0.129748,3.2e-05,0.002122
0,0.179343,-0.182328,0.202297,0.287394,0.251074,0.282881,0.002487,0.002435
0,0.092062,-0.334007,-0.058225,-0.127597,-0.028463,-0.12053,0.001607,0.000212
0,0.226113,-0.169211,0.141834,0.155276,0.152901,0.1927,0.001671,0.002664
0,-0.031713,-0.243373,-0.261306,-0.048505,-0.229058,-0.057902,0.000553,0.00137
0,0.150422,-0.326006,0.155412,-0.106431,0.196907,-0.102083,0.002625,7.2e-05
0,0.22589,-0.115114,0.051542,0.197732,0.047585,0.167817,0.001675,0.002009
0,0.263453,-0.080228,0.056246,0.028392,0.012109,-0.010953,0.001019,0.0014
0,0.118491,-0.152553,-0.163291,-0.102021,-0.186074,-0.068199,0.002068,0.002663
0,0.291695,-0.060228,0.189295,0.111562,0.17325,0.155602,0.000526,0.001051
0,0.247367,-0.147599,-0.068267,-0.101897,-0.052476,-0.078079,0.0013,0.002576
0,0.315965,-0.169284,0.080364,-0.046042,0.093918,-0.021532,0.000103,0.002663
0,0.3713,-0.237798,0.070635,-0.062421,0.079477,-0.052655,0.000863,0.001467
0,0.357764,0.008785,-0.033919,0.269691,-0.015632,0.236013,0.000627,0.000153
0,0.248593,-0.006316,-0.083552,0.003691,-0.132566,-0.035103,0.001279,0.00011
0,0.094822,-0.003492,-0.179826,0.013956,-0.169894,0.025903,0.001655,6.1e-05
0,0.034126,-0.097672,-0.036385,-0.07768,-0.038871,-0.071253,0.000596,0.001705
0,0.297652,-0.166921,0.237269,-0.043414,0.204058,-0.057056,0.000423,0.002704
0,0.187175,-0.122304,-0.082012,0.033567,-0.102733,0.04883,0.002351,0.002135
0,0.20502,-0.142341,-0.010635,-0.004059,0.024721,-0.016739,0.002039,0.002484
0,0.196005,-0.24709,0.001779,-0.112268,0.039967,-0.077278,0.002197,0.001305
0,0.14629,-0.035234,-0.029709,0.225138,-0.044601,0.175464,0.002553,0.000615
0,0.01907,-0.276886,-0.149584,-0.222688,-0.102418,-0.24736,0.000333,0.000785
0,0.233718,-0.012913,0.211674,0.271469,0.258437,0.320248,0.001538,0.000225
0,-0.036695,-0.122668,-0.269061,-0.126947,-0.275446,-0.117075,0.00064,0.002141
0,0.038617,-0.11202,0.07856,-0.013906,0.102577,-0.012164,0.000674,0.001955
0,0.265522,-0.063148,0.238889,0.060768,0.288438,0.029837,0.000983,0.001102
0,-0.02541,0.000967,-0.261473,0.034178,-0.252229,0.004899,0.000443,1.7e-05
0,-0.000248,0.013559,0.009772,-0.002253,0.001537,-0.017826,4e-06,0.000237
0,0.024723,-0.051339,-0.00459,-0.041417,-0.031564,-0.019169,0.000431,0.000896
0,0.16423,-0.163369,0.124082,-0.112198,0.118334,-0.14988,0.002751,0.002766
0,0.092932,-0.0098,-0.091401,0.132344,-0.082938,0.158601,0.001622,0.000171
0,0.050118,0.019348,-0.029211,0.027169,0.01351,0.064501,0.000875,0.000338
0,0.038329,-0.04437,-0.028431,-0.046228,-0.048112,-0.026667,0.000669,0.000774
0,-0.02627,-0.134194,-0.076222,-0.074802,-0.04963,-0.100353,0.000459,0.002342
0,0.164819,0.028325,0.18597,0.19043,0.185073,0.238213,0.002741,0.000494
0,0.201118,-0.109274,0.009324,-0.140842,0.024398,-0.181531,0.002107,0.001907
0,0.13862,-0.215369,-0.055125,-0.128659,-0.052413,-0.079747,0.002419,0.001859
0,0.066506,-0.067425,-0.091559,0.136622,-0.133131,0.121946,0.001161,0.001177
0,0.007636,0.027368,-0.045994,0.068901,-0.037711,0.105323,0.000133,0.000478
0,-0.056846,0.03316,-0.06288,-0.019073,-0.031584,-0.000123,0.000992,0.000579
0,0.085119,-0.005458,0.157373,-0.01331,0.203035,0.030346,0.001486,9.5e-05
0,0.229285,-0.016737,0.13636,-0.022759,0.10481,-0.018014,0.001616,0.000292
0,0.317445,-0.243058,0.072129,-0.222416,0.038323,-0.25024,7.7e-05,0.001375
0,0.349647,-0.225061,0.060006,0.017464,0.03156,-0.003094,0.000485,0.001689
0,0.176949,-0.155526,-0.184736,0.061279,-0.165482,0.09677,0.002529,0.002714
0,0.225032,-0.181471,0.041397,-0.002136,0.067392,-0.017674,0.00169,0.00245
0,0.19026,-0.180852,-0.039316,0.000433,-0.005048,0.017909,0.002297,0.002461
0,0.291459,-0.116175,0.086923,0.074015,0.126105,0.105131,0.000531,0.002028
0,0.247591,-0.176138,-0.016206,-0.062683,-0.049905,-0.074027,0.001296,0.002543
0,0.085386,-0.202202,-0.162641,-0.038553,-0.197378,-0.059352,0.00149,0.002088
0,0.111611,-0.139996,0.040099,0.042857,0.040411,0.033918,0.001948,0.002443
0,0.122435,-0.031567,0.03046,0.101296,0.012064,0.141828,0.002137,0.000551
0,0.007989,-0.136194,-0.139216,-0.099612,-0.123876,-0.148631,0.000139,0.002377
0,0.052676,-0.098956,0.030956,0.042629,0.0635,0.003097,0.000919,0.001727
0,-0.023221,0.022971,-0.062532,0.143699,-0.081164,0.116764,0.000405,0.000401
0,-0.076531,0.018669,-0.063162,0.024012,-0.056156,-0.021712,0.001336,0.000326
0,-0.021236,-0.233164,0.072057,-0.256922,0.105548,-0.221736,0.000371,0.001548
0,0.205652,-0.031951,0.247515,0.213011,0.215268,0.198862,0.002028,0.000558
0,0.143079,-0.098613,-0.03552,-0.042175,-0.056024,-0.037271,0.002497,0.001721
0,0.130474,0.012445,0.003187,0.104022,-0.001723,0.114313,0.002277,0.000217
0,0.016233,-0.002661,-0.130702,-0.00389,-0.113494,0.031081,0.000283,4.6e-05
0,0.209939,-0.085851,0.20179,-0.078005,0.215806,-0.080436,0.001953,0.001498
0,0.077859,-0.157537,-0.151349,-0.069253,-0.130497,-0.109551,0.001359,0.00275
0,0.007521,-0.01979,-0.053083,0.156271,-0.038092,0.196351,0.000131,0.000345
0,0.013351,-0.06983,-0.013189,-0.079923,-0.05107,-0.097502,0.000233,0.001219
0,0.130523,-0.106932,0.121974,-0.064478,0.083818,-0.055706,0.002278,0.001866
0,0.13613,-0.029012,-0.00811,0.070232,-0.052755,0.037794,0.002376,0.000506
0,-0.021981,-0.112776,-0.162599,-0.101142,-0.173633,-0.114625,0.000384,0.001968
0,0.081662,-0.057002,0.075504,0.079196,0.087383,0.123713,0.001425,0.000995
0,0.153465,-0.008492,0.085746,0.019124,0.037866,0.035975,0.002678,0.000148
0,0.120769,-0.105458,-0.041287,-0.087734,-0.016021,-0.103854,0.002108,0.001841
0,0.197902,-0.100224,0.057473,-0.01006,0.040126,-0.057102,0.002163,0.001749
0,0.015699,-0.105604,-0.183131,-0.025553,-0.143767,-0.00462,0.000274,0.001843
0,-0.005778,0.122178,-0.012063,0.205576,-0.012343,0.16431,0.000101,0.002132
0,-0.067539,-0.118416,-0.073317,-0.240316,-0.088789,-0.260211,0.001179,0.002067
0,0.078752,-0.107132,0.123778,0.008046,0.095313,-0.024892,0.001374,0.00187
0,0.018967,0.060487,-0.061008,0.143683,-0.073467,0.125903,0.000331,0.001056
0,0.216282,-0.072861,0.175911,-0.121232,0.149866,-0.073783,0.001843,0.001272
0,0.102488,-0.072516,-0.122629,0.015221,-0.156072,0.064846,0.001789,0.001266
0,0.233368,0.015789,0.130545,0.092258,0.135316,0.119595,0.001544,0.000276
0,-0.09287,-0.138592,-0.344406,-0.179367,-0.357676,-0.191353,0.001621,0.002419
0,-0.008213,-0.198186,0.067742,-0.081996,0.086181,-0.12194,0.000143,0.002159
0,0.029725,-0.10552,0.027254,0.087403,0.00954,0.10538,0.000519,0.001842
0,0.157985,-0.067549,0.117084,0.009785,0.108864,-0.003492,0.002757,0.001179
0,-0.062697,-0.103411,-0.250322,-0.022115,-0.201998,-0.058089,0.001094,0.001805
0,0.120936,-0.131785,0.183196,-0.038142,0.229375,-0.054383,0.002111,0.0023
0,-0.040059,-0.076688,-0.153425,0.036243,-0.111329,-0.01288,0.000699,0.001338
0,0.082257,-0.093633,0.149037,-0.024707,0.18608,-0.039313,0.001436,0.001634
0,0.105907,-0.061123,0.03194,0.03768,0.065781,0.059223,0.001848,0.001067
0,0.17742,-0.149991,0.091991,-0.095482,0.132461,-0.059306,0.002521,0.002618
0,0.087025,-0.133603,-0.111457,0.045837,-0.129706,0.026364,0.001519,0.002332
0,0.200572,-0.164235,0.109143,-0.04707,0.108012,-0.00197,0.002117,0.002751
0,0.174449,-0.060666,-0.050123,0.129549,-0.080855,0.177442,0.002573,0.001059
0,0.280639,0.06013,0.115757,0.116256,0.06723,0.115437,0.000719,0.001049
0,0.112276,-0.167825,-0.181091,-0.218349,-0.224992,-0.234941,0.00196,0.002688
0,0.275013,-0.058468,0.17087,0.091111,0.217075,0.099147,0.000818,0.00102
0,0.171733,-0.150463,-0.123933,-0.081611,-0.105354,-0.036717,0.00262,0.002626
0,0.101973,-0.163559,-0.086378,-0.011366,-0.093685,0.024035,0.00178,0.002763
0,0.196519,0.039574,0.109219,0.188222,0.063119,0.140776,0.002188,0.000691
0,0.280594,-0.197407,0.095587,-0.250514,0.128621,-0.255824,0.00072,0.002172
0,0.197668,-0.008738,-0.109276,0.172737,-0.104609,0.215647,0.002168,0.000153
0,0.050561,-0.101316,-0.134208,-0.100653,-0.121866,-0.124138,0.000882,0.001768
0,0.140177,0.07219,0.093241,0.189099,0.095517,0.190689,0.002447,0.00126
0,0.118458,0.035709,-0.021994,-0.061062,0.008539,-0.089099,0.002067,0.000623
0,0.310422,-0.025841,0.208124,-0.037313,0.247505,-0.070437,0.0002,0.000451
0,0.008102,-0.071251,-0.298247,-0.043632,-0.28325,-0.086823,0.000141,0.001244
0,0.046124,0.026005,0.036114,0.126686,0.075016,0.143952,0.000805,0.000454
0,0.083642,-0.054226,0.042762,-0.083383,0.049346,-0.069186,0.00146,0.000946
0,0.22546,-0.206164,0.116372,-0.123756,0.111376,-0.10618,0.001682,0.002019
0,0.233083,-0.072137,0.015278,0.104842,0.050094,0.116866,0.001549,0.001259
0,0.237106,0.004816,-0.024613,0.097199,0.013444,0.064283,0.001479,8.4e-05
0,0.039143,-0.105131,-0.217697,-0.084405,-0.26297,-0.085204,0.000683,0.001835
0,-0.022343,-0.246168,-0.052018,-0.143357,-0.074249,-0.175182,0.00039,0.001321
0,0.037023,-0.195334,0.032859,0.077266,0.022211,0.079606,0.000646,0.002208
0,0.182563,-0.113554,0.116466,0.081802,0.128111,0.102898,0.002431,0.001982
0,0.252898,0.017335,0.065846,0.106093,0.051584,0.10694,0.001204,0.000303
0,0.128316,-0.212025,-0.153456,-0.202169,-0.150606,-0.244801,0.00224,0.001917
0,0.217878,-0.188075,0.063174,0.044729,0.109355,0.075759,0.001815,0.002335
0,0.079074,-0.029965,-0.154285,0.157553,-0.184176,0.169379,0.00138,0.000523
0,0.046099,-0.121588,-0.036227,-0.09568,-0.02734,-0.070405,0.000805,0.002122
0,0.041126,-0.086098,-0.020955,0.051797,-0.06388,0.098998,0.000718,0.001503
0,-4.951413,1.213989,-4.975686,1.290752,-4.939499,1.316287,0.002156,0.001282
0,-5.062698,2.298211,-0.087708,1.065084,-0.066736,1.051367,0.001519,0.000789
0,-6.179131,3.039844,-1.132582,0.721581,-1.181937,0.716288,0.001114,0.002498
0,-6.705236,3.394969,-0.523191,0.349839,-0.511785,0.326121,0.000939,0.002539
0,-6.175888,3.249176,0.520426,-0.153815,0.535035,-0.156152,0.001057,0.000534
0,-4.808012,3.239489,1.343455,-0.01455,1.378688,-0.049456,0.000347,0.000365
0,-3.191995,2.761011,1.59002,-0.457979,1.542446,-0.456329,0.000464,0.002369
0,-1.988014,1.934006,1.179144,-0.797196,1.172047,-0.781146,0.000992,5e-05
0,-1.013666,1.455245,0.957846,-0.466977,1.001151,-0.42553,0.000839,0.002689
0,-0.42617,0.907907,0.605424,-0.521703,0.568082,-0.476064,0.001821,0.001007
0,-0.046655,0.549384,0.355553,-0.355892,0.400945,-0.316644,0.000814,0.001646
0,0.368036,0.033548,0.392896,-0.532122,0.406793,-0.564539,0.000806,0.000586
0,0.38799,-0.06247,0.014048,-0.124971,0.050991,-0.142817,0.001154,0.00109
0,0.333142,-0.284509,-0.059141,-0.248679,-0.083884,-0.224584,0.000197,0.000652
0,0.211704,-0.491483,-0.097392,-0.181212,-0.121019,-0.164588,0.001923,0.002657
0,0.219372,-0.531947,-0.012188,-0.069149,0.037058,-0.061716,0.001789,0.001951
0,0.265676,-0.392279,0.05804,0.124187,0.026664,0.164633,0.000981,0.001229
0,0.210955,-0.255463,-0.076616,0.150434,-0.1171,0.162178,0.001936,0.001159
0,0.102644,-0.203723,-0.079334,0.07729,-0.119876,0.120878,0.001791,0.002062
0,-0.042241,0.017127,-0.14168,0.25064,-0.156568,0.289898,0.000737,0.000299
0,-0.191519,-0.145058,-0.168374,-0.178355,-0.206483,-0.147609,0.002275,0.002532
0,-0.074321,0.063915,0.145058,0.197438,0.105599,0.164449,0.001297,0.001116
0,-0.010978,0.081148,0.092277,0.040166,0.087443,0.009522,0.000192,0.001416
0,0.070007,0.164389,0.081839,0.081026,0.079154,0.065494,0.001222,0.002748
0,-0.210042,-0.045356,-0.279867,-0.198938,-0.234484,-0.203222,0.001952,0.000792
0,-0.180349,-0.075651,0.026593,-0.018027,0.040028,0.013235,0.00247,0.00132
0,-0.077274,-0.037617,0.110994,0.011177,0.114255,0.03776,0.001349,0.000657
0,0.167404,-0.120905,0.229716,-0.096267,0.185678,-0.127862,0.002696,0.00211
0,0.132129,0.060591,-0.052238,0.167368,-0.097697,0.144257,0.002306,0.001058
0,0.093396,0.080796,-0.061015,0.033822,-0.075013,0.013411,0.00163,0.00141
0,-0.11526,0.017807,-0.18282,-0.043926,-0.202512,-0.035454,0.002012,0.000311
0,0.100377,-0.045691,0.194638,-0.059573,0.179423,-0.092448,0.001752,0.000797
0,0.022803,0.036731,-0.097723,0.089512,-0.090824,0.130133,0.000398,0.000641
0,0.097625,-0.02441,0.04709,-0.077857,0.008169,-0.109145,0.001704,0.000426
0,-0.023094,0.004828,-0.113275,0.024287,-0.156077,0.050776,0.000403,8.4e-05
0,0.012792,0.072208,0.017785,0.070461,-0.008796,0.04733,0.000223,0.00126
0,0.05904,-0.025611,0.016986,-0.10014,0.039707,-0.098632,0.00103,0.000447
0,0.133499,0.014583,0.089019,0.041485,0.099813,0.019962,0.00233,0.000255
0,0.043431,-0.183977,-0.10297,-0.212165,-0.134498,-0.182606,0.000758,0.002406
0,0.152326,-0.094568,0.109367,0.10828,0.096986,0.124855,0.002659,0.001651
0,0.170165,-0.17085,0.004716,-0.104317,0.036301,-0.071589,0.002648,0.002636
0,0.180385,0.043615,0.033453,0.191877,0.043549,0.167099,0.002469,0.000761
0,0.180649,-0.00981,-0.00507,-0.045836,-0.039058,-0.069687,0.002465,0.000171
0,0.072865,0.097946,-0.132163,0.081613,-0.130853,0.119613,0.001272,0.001709
0,-0.029033,-0.091587,-0.110032,-0.182287,-0.11158,-0.143717,0.000507,0.001598
0,-0.049877,-0.048017,-0.005418,0.056063,-0.046654,0.033204,0.000871,0.000838
0,0.142391,0.10176,0.21634,0.123318,0.237603,0.110353,0.002485,0.001776
0,0.003821,0.037395,-0.154636,-0.064475,-0.15087,-0.056097,6.7e-05,0.000653
0,0.195832,-0.054008,0.173683,-0.100627,0.167357,-0.094928,0.0022,0.000943
0,0.120437,-0.014726,-0.099309,0.014095,-0.090743,0.041486,0.002102,0.000257
0,0.218112,-0.086876,0.098866,-0.063083,0.056302,-0.049866,0.001811,0.001516
0,0.13629,-0.162765,-0.072388,-0.084622,-0.022393,-0.102446,0.002379,0.002777
0,-0.093239,-0.061074,-0.239154,0.097075,-0.259478,0.071999,0.001627,0.001066
0,0.008517,0.0173,0.099942,0.09178,0.148918,0.078398,0.000149,0.000302
0,0.133551,0.083582,0.098373,0.077478,0.144414,0.074736,0.002331,0.001459
0,0.07929,0.076545,-0.067571,0.00037,-0.083191,0.028579,0.001384,0.001336
0,0.115897,0.080156,0.053597,0.029459,0.064326,0.033627,0.002023,0.001399
0,0.006772,-0.028056,-0.130175,-0.12252,-0.172152,-0.167445,0.000118,0.00049
0,0.098734,0.035285,0.067569,0.049603,0.019528,0.048515,0.001723,0.000616
0,0.149784,-0.208242,0.045993,-0.26592,0.034327,-0.218705,0.002614,0.001983
0,-0.026222,-0.180527,-0.177828,0.011096,-0.136933,-0.001634,0.000458,0.002467
0,-0.0262,-0.016819,0.003729,0.189834,-0.006202,0.151876,0.000457,0.000294
0,0.192842,-0.189179,0.205176,-0.198868,0.246273,-0.217336,0.002252,0.002316
0,-0.05237,-0.16881,-0.269391,-0.004395,-0.279582,-0.031124,0.000914,0.002671
0,-0.062682,-0.158058,-0.022501,0.024214,-0.028682,0.046529,0.001094,0.002759
0,-0.076812,0.054283,0.007659,0.184077,0.00998,0.230839,0.001341,0.000947
0,0.039833,-0.013635,0.10034,-0.03927,0.051111,-0.002735,0.000695,0.000238
0,0.132796,-0.171514,0.110092,-0.171107,0.116389,-0.123731,0.002318,0.002624
0,0.102787,-0.163524,-0.059885,-0.012539,-0.053888,-0.022301,0.001794,0.002763
0,0.095546,-0.171256,-0.02703,-0.020843,-0.040363,0.023924,0.001668,0.002629
0,-0.1528,0.018515,-0.247396,0.184385,-0.240391,0.184891,0.002667,0.000323
0,-0.970133,-0.598218,-0.816189,-0.607416,-0.854379,-0.558874,7.9e-05,0.000794
0,-1.085677,-0.635103,-0.099567,-0.059432,-0.145199,-0.027062,0.002096,0.00015
0,-1.58128,-0.651092,-0.519059,-0.022756,-0.488221,-0.065131,0.000489,0.000129
0,-1.55162,-0.670425,0.022315,-0.011069,0.012037,0.023513,0.001007,0.000466
0,-1.496591,-0.546359,0.053339,0.119885,0.079398,0.143447,0.001967,0.001699
0,-1.256214,-0.387935,0.269423,0.152384,0.300436,0.122199,0.000545,0.001153
0,-1.079997,-0.359403,0.198462,0.031362,0.226458,0.074938,0.001997,0.000655
0,-0.603451,-0.096071,0.490682,0.247273,0.517046,0.269197,0.000703,0.001677
0,-0.607096,-0.238123,0.004077,-0.113786,-0.024573,-0.108066,0.000639,0.001461
0,-0.444619,-0.194406,0.139355,0.032931,0.090619,0.017517,0.002143,0.002224
0,-0.037618,0.094294,0.395911,0.314005,0.420135,0.32166,0.000657,0.001646
0,-0.162194,0.014535,-0.110169,-0.057468,-0.12462,-0.093816,0.002787,0.000254
0,0.082432,-0.001194,0.271016,-0.03241,0.287521,-0.028667,0.001439,2.1e-05
0,0.101823,-0.010423,0.017467,-0.000329,0.028414,0.039583,0.001777,0.000182
0,0.182221,0.00594,0.098938,0.031873,0.126395,0.061949,0.002437,0.000104
0,0.191424,-0.050006,0.031835,-0.066555,0.041145,-0.083556,0.002277,0.000873
0,-0.099307,-0.104046,-0.264129,-0.048581,-0.313599,-0.032406,0.001733,0.001816
0,0.081007,0.040928,0.179085,0.136897,0.221559,0.09797,0.001414,0.000714
0,0.058651,-0.049058,-0.037625,-0.110663,-0.048919,-0.109159,0.001024,0.000856
0,0.102364,-0.125865,0.063823,-0.079245,0.058667,-0.032706,0.001787,0.002197
0,0.121295,0.0505,0.020462,0.150784,0.036498,0.123836,0.002117,0.000881
0,0.104056,0.119624,0.010766,0.068967,-0.031814,0.06241,0.001816,0.002088
0,-0.128653,-0.085956,-0.232603,-0.186704,-0.204461,-0.200537,0.002245,0.0015
0,-0.003337,-0.066501,0.145492,-0.00521,0.168597,0.038894,5.8e-05,0.001161
0,0.027772,0.08573,0.037629,0.168551,0.023895,0.143699,0.000485,0.001496
0,0.153555,0.071712,0.121956,-0.012751,0.14381,-0.0467,0.00268,0.001252
0,-0.030651,-0.017856,-0.193473,-0.093065,-0.17902,-0.054705,0.000535,0.000312
0,0.098078,0.163289,0.145859,0.173616,0.118688,0.159146,0.001712,0.002768
0,-0.022809,0.035263,-0.129011,-0.113811,-0.137514,-0.152333,0.000398,0.000615
0,-0.039779,0.168267,-0.016127,0.104991,0.005898,0.122825,0.000694,0.002681
0,0.132963,-0.094825,0.176949,-0.282912,0.16026,-0.321095,0.002321,0.001655
0,0.046526,-0.127445,-0.084906,-0.011551,-0.046715,0.013882,0.000812,0.002224
0,0.099197,0.066715,0.082635,0.222758,0.116522,0.182243,0.001731,0.001164
0,-0.093393,-0.01677,-0.202912,-0.103704,-0.167852,-0.099924,0.00163,0.000293
0,-0.075349,-0.02196,0.005948,0.001072,-0.02173,-0.002483,0.001315,0.000383
0,0.012205,-0.015931,0.116599,0.007988,0.154746,0.031627,0.000213,0.000278
0,-0.148241,0.149853,-0.145204,0.161571,-0.112382,0.171659,0.002587,0.002615
0,-0.117886,0.161964,0.059618,0.017274,0.100741,0.058683,0.002057,0.002791
0,-0.295813,0.033188,-0.171559,-0.130392,-0.181124,-0.160717,0.000455,0.000579
0,-0.186904,0.057198,0.082756,0.035849,0.115423,0.072335,0.002355,0.000998
0,-0.333512,-0.06551,-0.153132,-0.095303,-0.134516,-0.084445,0.000203,0.001143
0,-0.09188,0.113255,0.217238,0.150891,0.173854,0.170907,0.001604,0.001977
0,-0.24648,0.015229,-0.124751,-0.085977,-0.149763,-0.04232,0.001316,0.000266
0,-0.050966,-0.029258,0.205402,-0.067537,0.188951,-0.032629,0.00089,0.000511
0,-0.055319,0.156318,0.015523,0.186013,0.015881,0.17259,0.000966,0.002728
0,-0.092076,-0.016523,-0.056569,-0.157527,-0.011577,-0.166144,0.001607,0.000288
0,-0.044744,0.112069,0.074203,0.11708,0.077716,0.089826,0.000781,0.001956
0,-0.112627,-0.108394,-0.041857,-0.211416,0.003635,-0.207624,0.001966,0.001892
0,-0.083548,0.077656,0.045877,0.199228,0.041507,0.219094,0.001458,0.001355
0,-0.326463,-0.036251,-0.243431,-0.10244,-0.201986,-0.129666,8e-05,0.000633
0,-0.263617,-0.105154,0.048036,-0.054527,0.083541,-0.082261,0.001017,0.001835
0,-0.211056,0.128144,0.032263,0.210327,0.076918,0.212814,0.001934,0.002237
0,-0.013888,-0.060309,0.213083,-0.17698,0.171608,-0.140614,0.000242,0.001053
0,-0.025773,-0.015366,-0.032301,0.024781,-0.053133,0.057067,0.00045,0.000268
0,-0.284532,0.014945,-0.272985,0.025047,-0.310364,0.055725,0.000651,0.000261
0,-0.254276,0.120351,0.05555,0.098787,0.034819,0.119605,0.00118,0.002101
0,-0.036377,0.041361,0.222061,-0.090006,0.217526,-0.08232,0.000635,0.000722
0,-0.1243,-0.068649,-0.107566,-0.104733,-0.09244,-0.115805,0.002169,0.001198
0,-0.117057,0.076411,0.026911,0.124246,0.037693,0.148468,0.002043,0.001334
0,-0.305728,0.155714,-0.17996,0.08923,-0.186921,0.067337,0.000282,0.002718
0,-0.236072,-0.028653,0.041269,-0.179935,0.06668,-0.136126,0.001497,0.0005
0,-0.307402,-0.030989,-0.041699,-0.007818,-0.013315,0.009583,0.000252,0.000541
0,-0.156907,-0.102652,0.143144,-0.064079,0.135359,-0.054103,0.002739,0.001792
0,-0.25137,0.057253,-0.106327,0.15975,-0.125257,0.182353,0.00123,0.000999
0,-0.078731,-0.101419,0.179591,-0.148756,0.17354,-0.196416,0.001374,0.00177
0,-0.085051,0.073716,-0.019503,0.150243,-0.021751,0.102363,0.001484,0.001287
0,-0.263701,0.124369,-0.173271,0.045256,-0.172997,0.070505,0.001015,0.002171
0,-0.247181,-0.023634,0.006893,-0.173736,-0.030939,-0.158687,0.001303,0.000412
0,-0.03109,-0.035332,0.200582,-0.023309,0.157062,-0.031317,0.000543,0.000617
0,0.014039,-0.132208,0.061973,-0.09442,0.062295,-0.132354,0.000245,0.002307
0,0.001976,0.037347,-0.002908,0.143337,-0.046508,0.105961,3.4e-05,0.000652
0,0.081419,-0.070571,0.070752,-0.133793,0.063475,-0.132661,0.001421,0.001232
0,-0.125522,0.055856,-0.2128,0.096802,-0.246129,0.072721,0.002191,0.000975
0,-0.169552,-0.110135,-0.048814,-0.185743,-0.018017,-0.218027,0.002658,0.001922
0,-0.014449,-0.00727,0.150489,0.128724,0.104793,0.159572,0.000252,0.000127
0,0.06166,-0.026332,0.071461,-0.01386,0.06673,0.015909,0.001076,0.00046
0,-0.180943,0.040535,-0.247365,0.071198,-0.247446,0.097302,0.002459,0.000707
0,0.083199,-0.123406,0.293289,-0.186069,0.297468,-0.13809,0.001452,0.002154
0,-0.045647,-0.08288,-0.110546,0.018025,-0.095793,0.005633,0.000797,0.001447
0,-0.159174,-0.017136,-0.10453,0.075401,-0.133184,0.103447,0.002778,0.000299
0,-0.178028,-0.143171,-0.03328,-0.135329,0.010208,-0.110852,0.00251,0.002499
0,0.027244,-0.096309,0.198767,0.025966,0.156923,0.041527,0.000475,0.001681
0,-0.014228,-0.144197,-0.042875,-0.037044,-0.035888,-0.004534,0.000248,0.002517
0,-0.123941,-0.146999,-0.120214,0.004345,-0.1599,0.046889,0.002163,0.002566
0,-0.211638,-0.011469,-0.082638,0.110387,-0.095656,0.074031,0.001924,0.0002
0,-0.196203,0.062448,0.004933,0.062628,0.05166,0.097456,0.002193,0.00109
0,-0.121291,-0.124838,0.073307,-0.171222,0.090593,-0.14253,0.002117,0.002179
0,-0.223384,-0.037308,-0.089126,0.073636,-0.127884,0.078666,0.001719,0.000651
0,-0.119386,0.07648,0.076069,0.140507,0.11744,0.149104,0.002084,0.001335
0,-0.041685,-0.043353,0.074237,-0.143093,0.070844,-0.12118,0.000728,0.000757
0,-0.246449,-0.092587,-0.218467,-0.051871,-0.261249,-0.058114,0.001316,0.001616
0,-0.154201,0.049887,0.076094,0.165967,0.040424,0.196417,0.002691,0.000871
0,-0.095189,-0.083911,0.031595,-0.160445,-0.002395,-0.185165,0.001661,0.001465
0,-0.112045,0.002524,0.004864,0.110591,0.015264,0.111062,0.001956,4.4e-05
0,-0.134906,0.026853,-0.027891,0.042447,-0.010967,0.040674,0.002355,0.000469
0,-0.08925,-0.20964,0.018236,-0.228147,0.006067,-0.265145,0.001558,0.001959
0,-0.081501,-0.080498,-0.020497,0.132335,0.014954,0.095549,0.001422,0.001405
0,-0.237873,-0.108568,-0.150761,-0.040281,-0.144417,-0.001174,0.001466,0.001895
0,0.041591,-0.197457,0.305861,-0.116246,0.299477,-0.089856,0.000726,0.002171
0,-0.1529,0.04025,-0.167245,0.266761,-0.13325,0.289651,0.002669,0.000703
0,-0.138755,-0.076951,0.02642,-0.134613,0.06254,-0.105724,0.002422,0.001343
0,-0.170536,-0.181531,-0.009092,-0.084864,0.005997,-0.060185,0.002641,0.002449
0,-0.196662,-0.034744,-0.044176,0.16558,-0.089296,0.192951,0.002185,0.000606
0,-0.036454,0.062987,0.164643,0.082994,0.166344,0.092633,0.000636,0.001099
0,-0.225943,-0.055643,-0.206364,-0.103379,-0.198525,-0.080058,0.001674,0.000971
0,1.5e-05,-0.201433,0.246897,-0.149728,0.212798,-0.12222,0.0,0.002102
0,-0.151407,0.078134,-0.164765,0.292382,-0.195503,0.326207,0.002643,0.001364
0,-0.210242,-0.185902,-0.086094,-0.246169,-0.106589,-0.27722,0.001948,0.002373
0,-0.076604,0.077803,0.11948,0.29068,0.142186,0.261455,0.001337,0.001358
0,-0.115157,-0.123835,-0.036857,-0.189287,-0.032216,-0.201444,0.00201,0.002161
0,0.011143,-0.023727,0.154976,0.098805,0.178282,0.075581,0.000194,0.000414
0,-0.179013,0.115644,-0.19472,0.126438,-0.149506,0.081241,0.002493,0.002018
0,-0.016431,0.134667,0.152135,0.015539,0.184855,0.048531,0.000287,0.00235
0,0.072333,0.027214,0.091001,-0.11699,0.113891,-0.159243,0.001262,0.000475
0,-0.10542,0.025642,-0.159704,0.014503,-0.162502,-0.020585,0.00184,0.000448
0,0.035863,-0.04117,0.135265,-0.041325,0.147698,-0.04327,0.000626,0.000719
0,-0.113179,-0.055775,-0.135788,-0.002721,-0.093858,-0.024137,0.001975,0.000973
0,-0.066135,-0.010145,0.058883,0.071817,0.051777,0.061467,0.001154,0.000177
0,0.127804,0.005701,0.186927,-0.000292,0.197231,0.010531,0.002231,9.9e-05
0,-0.028102,-0.131118,-0.185483,-0.108765,-0.146686,-0.079239,0.00049,0.002288
0,-0.113062,-0.066294,-0.083171,0.06224,-0.122165,0.092584,0.001973,0.001157
0,-0.039569,0.043328,0.051943,0.111016,0.044892,0.101292,0.000691,0.000756
0,0.00746,-0.131232,0.052576,-0.191507,0.087508,-0.154507,0.00013,0.00229
0,0.010818,-0.163729,0.006187,-0.041776,0.037196,0.001591,0.000189,0.00276
0,-0.076824,-0.237368,-0.073882,-0.054567,-0.121746,-0.08515,0.001341,0.001475
0,0.035607,-0.176816,0.116465,0.090125,0.095769,0.111768,0.000621,0.002531
0,-0.211197,0.065729,-0.250048,0.261375,-0.287004,0.244044,0.001931,0.001147
0,-0.01097,0.09136,0.22528,-0.002321,0.251415,0.019453,0.000191,0.001595
0,-0.048509,-0.002828,-0.051361,-0.071981,-0.036436,-0.092458,0.000847,4.9e-05
0,-0.243206,-0.034475,-0.219351,-0.045705,-0.255211,-0.052677,0.001373,0.000602
0,-0.281483,-0.126713,-0.018211,-0.077799,-0.017879,-0.079253,0.000705,0.002212
0,-0.166181,-0.070066,0.144873,0.082983,0.134834,0.051299,0.002717,0.001223
0,-0.034205,-0.186775,0.114923,-0.117871,0.160371,-0.116638,0.000597,0.002358
0,-0.120631,-0.075867,-0.096288,0.095651,-0.14204,0.061768,0.002105,0.001324
0,-0.134568,-0.026233,-0.015009,0.069041,-0.036891,0.081226,0.002349,0.000458
0,-0.145801,-0.119889,0.010834,-0.09723,-0.027786,-0.117401,0.002545,0.002092
0,-0.043209,-0.063924,0.07661,0.0382,0.113293,-0.007584,0.000754,0.001116
0,-0.0812,-0.047579,-0.040105,-0.002984,-0.079462,-0.002593,0.001417,0.00083
0,-0.17587,-0.122059,-0.117388,-0.06815,-0.116326,-0.111305,0.002548,0.00213
0,-0.018648,-0.098782,0.149131,0.008602,0.19547,-0.021683,0.000325,0.001724
0,-0.061718,-0.106498,-0.017207,-0.028931,-0.037501,-0.036754,0.001077,0.001859
0,-0.22026,0.028978,-0.187787,0.155146,-0.149631,0.201005,0.001773,0.000506
0,0.106713,-0.000271,0.332477,-0.006644,0.32905,0.014088,0.001862,5e-06
0,0.147479,0.010982,0.05134,0.005831,0.045578,-0.00883,0.002574,0.000192
0,-0.021219,-0.141033,-0.167565,-0.180768,-0.147449,-0.160202,0.00037,0.002461
0,0.120554,0.014154,0.15444,0.127988,0.173432,0.103017,0.002104,0.000247
0,0.112713,-0.004637,0.007342,-0.010956,-0.005779,0.002076,0.001967,8.1e-05
0,0.004646,-0.118724,-0.114019,-0.142665,-0.109398,-0.130733,8.1e-05,0.002072
0,0.140291,0.081214,0.12878,0.213267,0.135793,0.256868,0.002449,0.001417
0,0.014206,0.156552,-0.100398,0.074676,-0.126469,0.124266,0.000248,0.002732
0,-0.070542,-0.082976,-0.077602,-0.229626,-0.10694,-0.239321,0.001231,0.001448
0,-0.060279,-0.029989,-0.002796,0.070769,-0.04325,0.026043,0.001052,0.000523
0,-0.024075,-0.013263,0.038183,0.028708,0.002305,0.008898,0.00042,0.000231
0,-0.159237,-0.13746,-0.1233,-0.146818,-0.164499,-0.187636,0.002779,0.002399
0,-0.090215,0.053551,0.046837,0.176877,0.025304,0.155909,0.001575,0.000935
0,-0.035381,-0.015186,0.025517,-0.073492,0.056963,-0.076424,0.000618,0.000265
0,-0.124899,0.011243,-0.082433,0.042153,-0.048063,0.047722,0.00218,0.000196
0,0.056872,0.116945,0.166051,0.122753,0.188225,0.082687,0.000993,0.002041
0,0.062665,-0.037446,-0.022287,-0.177379,-0.044164,-0.186092,0.001094,0.000654
0,0.02494,0.083225,-0.044573,0.107071,-0.051041,0.079081,0.000435,0.001453
0,-0.158917,-0.084318,-0.15391,-0.156622,-0.123893,-0.142855,0.002774,0.001472
0,-0.134498,-0.046711,0.019339,0.063274,-0.013816,0.075636,0.002347,0.000815
0,0.098053,-0.1353,0.26056,-0.063389,0.230758,-0.035552,0.001711,0.002361
0,0.015297,-0.166113,-0.071771,-0.018376,-0.040645,0.014923,0.000267,0.002718
0,0.002179,0.11856,-0.01676,0.265321,-0.015189,0.285954,3.8e-05,0.002069
0,-0.009303,0.087808,0.004463,-0.002725,-0.02395,0.011306,0.000162,0.001533
0,-0.154056,-0.127705,-0.150047,-0.212834,-0.139768,-0.18683,0.002689,0.002229
0,0.092826,0.048279,0.237568,0.180036,0.280359,0.163224,0.00162,0.000843
0,0.028619,0.087866,-0.079448,0.040523,-0.068201,-0.008328,0.000499,0.001534
0,0.011224,0.018267,-0.030501,-0.084874,0.007044,-0.078874,0.000196,0.000319
0,-0.104866,-0.035714,-0.143893,-0.071494,-0.169742,-0.11441,0.00183,0.000623
0,-0.166748,-0.010935,-0.073008,0.016151,-0.112822,0.060213,0.002707,0.000191
0,-0.102627,0.07249,0.035604,0.073216,0.060159,0.097941,0.001791,0.001265
0,0.104918,0.073454,0.203844,-0.027962,0.221034,-0.051687,0.001831,0.001282
0,-0.090836,0.099552,-0.202609,0.049168,-0.246747,0.041026,0.001585,0.001738
0,0.056405,-0.002289,0.150465,-0.093435,0.135247,-0.131859,0.000984,4e-05
0,0.112325,0.133336,0.033261,0.125179,0.011611,0.132362,0.00196,0.002327
0,0.195652,0.11194,0.055025,-0.023927,0.022677,-0.047755,0.002203,0.001954
0,-0.111436,-0.137938,-0.297674,-0.229483,-0.291812,-0.272882,0.001945,0.002407
0,-0.020851,-0.096449,0.069837,0.046343,0.049852,0.059421,0.000364,0.001683
0,-0.083955,0.026067,-0.066008,0.124632,-0.079946,0.135159,0.001465,0.000455
0,0.026899,0.01477,0.121628,-0.006667,0.07533,0.007762,0.000469,0.000258
0,-0.01718,0.108646,-0.042337,0.065567,-0.052637,0.093941,0.0003,0.001896
0,0.06029,0.095505,0.077664,-0.011951,0.044776,-0.029876,0.001052,0.001667
0,0.016274,0.121261,-0.059788,0.019806,-0.103997,-0.027181,0.000284,0.002116
0,0.032096,0.110507,-0.007288,-0.005098,-0.047196,0.026233,0.00056,0.001929
0,0.114552,-0.105216,0.093956,-0.222549,0.094738,-0.200318,0.001999,0.001836
0,0.026589,0.051793,-0.112415,0.129322,-0.118743,0.13524,0.000464,0.000904
0,0.008834,0.056068,0.007704,-0.007669,0.015143,0.032093,0.000154,0.000979
0,0.031284,0.027432,0.007946,-0.031367,-0.035261,0.001066,0.000546,0.000479
0,0.152689,-0.00113,0.104974,-0.01505,0.140198,-0.034802,0.002665,2e-05
0,0.169488,-0.16514,0.034998,-0.162984,0.009505,-0.119189,0.002659,0.002735
0,0.134608,-0.168682,-0.035957,0.012136,-0.049694,0.044235,0.002349,0.002673
0,0.078379,0.059437,-0.032425,0.222939,-0.003937,0.235254,0.001368,0.001037
0,-0.154009,-0.019849,-0.211367,-0.0987,-0.238247,-0.051026,0.002688,0.000346
0,-0.058083,0.067031,0.069398,0.094253,0.022511,0.112697,0.001014,0.00117
0,-0.125241,-0.071475,-0.093592,-0.114348,-0.132471,-0.132734,0.002186,0.001247
0,0.128882,-0.10928,0.226008,-0.037982,0.245675,-0.019708,0.002249,0.001907
0,0.115174,-0.158268,-0.005892,-0.072114,-0.021135,-0.029039,0.00201,0.002762
0,-0.204245,0.063886,-0.310636,0.228829,-0.271062,0.255195,0.002053,0.001115
0,-0.041572,-0.004329,0.179057,-0.067198,0.162702,-0.042738,0.000726,7.6e-05
0,-0.038015,0.076644,0.005227,0.073883,-0.015509,0.036033,0.000663,0.001338
0,-0.165759,0.03066,-0.110232,-0.019802,-0.150355,0.001477,0.002724,0.000535
0,-0.046245,-0.048925,0.115677,-0.102654,0.074473,-0.052926,0.000807,0.000854
0,-0.043114,-0.172103,-0.000211,-0.099976,-0.033779,-0.128064,0.000752,0.002614
0,-0.147274,-0.159685,-0.093285,0.013201,-0.131027,0.01631,0.00257,0.002787
0,-0.113959,0.045634,0.047468,0.215788,0.073064,0.224723,0.001989,0.000796
0,-0.077836,-0.024437,0.053194,-0.081971,0.073247,-0.04964,0.001358,0.000427
0,-0.099206,0.057052,-0.000539,0.068816,0.027311,0.116866,0.001731,0.000996
0,-0.208778,0.041761,-0.136617,-0.013982,-0.14498,-0.041659,0.001974,0.000729
0,-0.311267,-0.199464,-0.120962,-0.230033,-0.096044,-0.278606,0.000185,0.002136
0,-0.111087,0.009499,0.215758,0.213528,0.258348,0.211806,0.001939,0.000166
0,-0.128525,-0.161447,-0.007863,-0.200365,-0.002115,-0.210324,0.002243,0.0028
0,-0.278865,0.074787,-0.127406,0.252034,-0.12163,0.244051,0.00075,0.001305
0,-0.262222,-0.209204,-0.006365,-0.298782,-0.031137,-0.273228,0.001041,0.001966
0,-0.153473,0.018163,0.128641,0.219791,0.122972,0.259915,0.002679,0.000317
0,-0.102297,-0.021145,0.058282,-0.013051,0.061714,-0.062034,0.001785,0.000369
0,-0.139375,-0.086594,-0.022099,-0.054016,-0.067787,-0.050046,0.002433,0.001511
0,-0.293364,-0.027619,-0.163476,0.084812,-0.13532,0.074729,0.000497,0.000482
0,-0.171799,0.040864,0.133968,0.066124,0.138975,0.089523,0.002619,0.000713
0,-0.224439,-0.012552,-0.046352,-0.046593,-0.016652,-0.046003,0.0017,0.000219
0,-0.029548,-0.142609,0.188089,-0.116705,0.140716,-0.100662,0.000516,0.002489
0,-0.315112,-0.045374,-0.260356,0.091467,-0.260801,0.124476,0.000118,0.000792
0,-0.220362,-0.154729,0.097175,-0.110986,0.135999,-0.07132,0.001771,0.002701
0,-0.087229,0.062743,0.156231,0.214433,0.191627,0.229148,0.001522,0.001095
0,-0.286601,-0.129261,-0.21067,-0.20726,-0.257424,-0.249905,0.000615,0.002256
0,-0.210717,0.094132,0.076352,0.206068,0.111799,0.192818,0.00194,0.001643
0,-0.05818,0.070269,0.167179,-0.046991,0.185319,-0.090874,0.001015,0.001226
0,-0.206128,-0.120508,-0.131607,-0.187222,-0.090198,-0.191576,0.00202,0.002103
0,0.018645,-0.154736,0.234923,-0.007254,0.233331,-0.021572,0.000325,0.002701
0,-0.010907,-0.040814,-0.048832,0.094341,-0.04891,0.054658,0.00019,0.000712
0,-0.245063,-0.086508,-0.209781,-0.07256,-0.223631,-0.06052,0.00134,0.00151
0,-0.254333,-0.083741,-0.023056,0.013311,0.022291,0.057733,0.001179,0.001462
0,-0.258711,0.024845,0.011588,0.104458,-0.01767,0.066321,0.001102,0.000434
0,-0.221864,-0.118737,0.053755,-0.14246,0.059317,-0.18162,0.001745,0.002072
0,-0.12792,-0.134428,0.098077,0.002284,0.116844,0.038955,0.002233,0.002346
0,-0.129682,-0.047256,-0.02157,0.091986,-0.020175,0.137623,0.002263,0.000825
0,-0.045284,-0.099559,0.06842,-0.056744,0.028988,-0.066294,0.00079,0.001738
0,-0.203551,-0.009516,-0.14814,0.107122,-0.104835,0.126756,0.002065,0.000166
0,-0.07625,-0.097907,0.144062,-0.100578,0.098262,-0.146143,0.001331,0.001709
0,-0.046564,0.029871,0.032151,0.132346,-0.000259,0.118018,0.000813,0.000521
0,3.838659,1.34723,3.900553,1.327467,3.905373,1.300625,0.000413,0.001044
0,6.073512,1.707292,2.221172,0.37285,2.259706,0.360815,0.00073,0.00171
0,6.124076,2.110377,0.037466,0.378191,0.007374,0.427972,0.000153,0.00249
0,5.034999,1.480093,-1.105467,-0.62429,-1.06602,-0.584837,0.002003,0.002255
0,3.745939,1.60755,-1.2627,0.134132,-1.296159,0.137277,0.002031,3e-05
0,3.342288,1.068596,-0.39029,-0.513933,-0.344111,-0.474726,0.002159,0.001798
0,2.102663,0.759556,-1.224331,-0.318,-1.204955,-0.326019,0.002624,0.002022
0,1.786174,0.662932,-0.341984,-0.099211,-0.389498,-0.079895,0.00253,0.000335
0,0.66715,0.19188,-1.100652,-0.468184,-1.116229,-0.48659,0.000409,0.002269
0,0.413424,0.125248,-0.269059,-0.039036,-0.276853,-0.054525,0.001598,0.002186
0,-0.111603,0.198511,-0.501487,0.083339,-0.496852,0.11803,0.001948,0.002153
0,-0.215022,-0.051266,-0.129281,-0.231788,-0.159262,-0.224387,0.001865,0.000895
0,-0.570489,0.030037,-0.368309,0.081324,-0.318345,0.089703,0.001278,0.000524
0,-0.355222,-0.029513,0.233283,-0.053942,0.266391,-0.036511,0.000582,0.000515
0,-0.539,-0.266957,-0.177002,-0.222459,-0.129582,-0.265235,0.001828,0.000958
0,-0.325021,-0.077874,0.222428,0.201585,0.25012,0.19066,5.5e-05,0.001359
0,-0.269383,0.043049,0.0703,0.111501,0.049182,0.15201,0.000916,0.000751
0,-0.471952,-0.065955,-0.212699,-0.089221,-0.194571,-0.062081,0.00262,0.001151
0,-0.429707,-0.111567,0.043669,-0.027885,0.013924,-0.040901,0.001882,0.001947
0,-0.359901,0.031756,0.077232,0.171635,0.046308,0.141224,0.000664,0.000554
0,-0.340134,-0.135446,0.019329,-0.1495,0.049975,-0.183223,0.000319,0.002364
0,-0.182456,-0.121123,0.143459,-0.005773,0.147684,-0.024483,0.002433,0.002114
0,-0.126631,-0.143614,0.062047,-0.018861,0.017452,0.007466,0.00221,0.002507
0,-0.277129,-0.057038,-0.176733,0.069144,-0.16695,0.11442,0.000781,0.000996
0,-0.052458,-0.149319,0.227601,-0.087517,0.256557,-0.101346,0.000916,0.002606
0,-0.15019,-0.085013,-0.111424,0.043138,-0.114785,0.029744,0.002621,0.001484
0,-0.255828,0.093074,-0.131494,0.202929,-0.153706,0.189915,0.001152,0.001624
0,-0.269911,0.045538,-0.028032,-0.067662,-0.066104,-0.050298,0.000907,0.000795
0,-0.098666,-0.017703,0.152934,-0.052653,0.115775,-0.085353,0.001722,0.000309
0,-0.296731,-0.102535,-0.19291,-0.060138,-0.238962,-0.056274,0.000439,0.00179
0,-0.281159,0.066143,0.036983,0.195092,0.084228,0.183366,0.00071,0.001154
0,-0.153859,-0.056197,0.133279,-0.097536,0.163068,-0.100694,0.002685,0.000981
0,-0.088761,-0.105105,0.071853,-0.028747,0.119051,0.002894,0.001549,0.001834
0,-0.108039,-0.14282,-0.039759,-0.013087,-0.044723,-0.02836,0.001886,0.002493
0,-0.296089,-0.186705,-0.211142,-0.036544,-0.176992,-0.066352,0.00045,0.002359
0,-0.089034,-0.163901,0.221853,0.017889,0.235535,0.008895,0.001554,0.002757
0,-0.169076,-0.185644,-0.097992,-0.043476,-0.051423,-0.083509,0.002667,0.002377
0,-0.15026,-0.140244,0.007275,0.053629,0.027252,0.048674,0.002623,0.002448
0,0.019301,0.08486,0.15801,0.247946,0.182509,0.2165,0.000337,0.001481
0,-0.21971,0.093253,-0.222907,-0.021583,-0.219156,-0.000303,0.001783,0.001628
0,-0.249887,-0.179144,-0.004789,-0.271516,0.042991,-0.29266,0.001256,0.002491
0,-0.170874,0.038493,0.083987,0.232686,0.106389,0.244583,0.002635,0.000672
0,-0.169263,0.082377,0.020048,0.040112,0.052443,0.004074,0.002663,0.001438
0,-0.12674,-0.131714,0.0539,-0.188591,0.082081,-0.196925,0.002212,0.002299
0,0.044157,-0.106651,0.184291,0.035606,0.181797,0.070379,0.000771,0.001861
0,-0.215732,0.150623,-0.268718,0.275749,-0.243041,0.267061,0.001852,0.002629
0,-0.066822,0.106742,0.175049,-0.026626,0.152467,-0.014343,0.001166,0.001863
0,-0.224302,0.065781,-0.172917,-0.046317,-0.188849,-0.090047,0.001703,0.001148
0,-0.163819,-0.110847,0.035999,-0.194608,0.073161,-0.148123,0.002758,0.001935
0,-0.04117,0.104975,0.151071,0.23188,0.115353,0.234486,0.000719,0.001832
0,-0.115172,-0.038307,-0.083063,-0.118555,-0.043551,-0.121213,0.00201,0.000669
0,-0.146274,0.110069,-0.019576,0.127831,-0.035432,0.138277,0.002553,0.001921
0,-0.089129,0.084385,0.06519,-0.016463,0.102763,-0.055339,0.001556,0.001473
0,-0.015995,0.0389,0.051239,-0.04285,0.08002,-0.003147,0.000279,0.000679
0,0.090568,0.098851,0.130326,0.033922,0.16419,0.08278,0.001581,0.001725
0,-0.081476,-0.013173,-0.19147,-0.126505,-0.14796,-0.167971,0.001422,0.00023
0,-0.033194,-0.009485,0.047967,0.002394,0.011673,-0.036957,0.000579,0.000166
0,-0.088744,0.031327,-0.044535,0.067484,0.001005,0.039394,0.001549,0.000547
0,-0.07054,0.040645,0.040051,0.036128,0.07707,0.008863,0.001231,0.000709
0,-0.107308,0.222278,-0.065623,0.202471,-0.106431,0.245172,0.001873,0.001738
0,-0.066538,0.203677,0.068048,-0.042171,0.116502,-0.080994,0.001161,0.002063
0,-0.075211,0.226889,0.010431,0.046548,-0.012937,0.02336,0.001313,0.001658
0,0.049583,0.03754,0.114768,-0.188619,0.155782,-0.150013,0.000865,0.000655
0,0.041628,0.13718,0.004448,0.106203,-0.027842,0.063722,0.000727,0.002394
0,-0.067111,-0.02943,-0.104579,-0.187798,-0.125691,-0.15666,0.001171,0.000514
0,-0.005924,0.199494,0.076053,0.236886,0.091642,0.265639,0.000103,0.002136
0,-0.276302,0.206294,-0.252345,-0.004774,-0.242835,-0.013211,0.000795,0.002017
0,-0.259701,0.241902,0.001961,0.029191,-0.047467,-0.003669,0.001085,0.001396
0,-0.152457,0.154035,0.136755,-0.080447,0.092632,-0.113448,0.002661,0.002688
0,-0.253725,-0.029231,-0.096521,-0.163569,-0.14163,-0.124894,0.001189,0.00051
0,-0.091903,0.170044,0.190144,0.194193,0.207348,0.193423,0.001604,0.00265
0,-0.219973,-0.09781,-0.13173,-0.291686,-0.154218,-0.28905,0.001778,0.001707
0,-0.210523,0.119612,-0.010029,0.238247,-0.056707,0.249622,0.001943,0.002088
0,-0.107082,0.008184,0.084873,-0.127204,0.052305,-0.138479,0.001869,0.000143
0,-0.059166,0.187806,0.072473,0.188287,0.118306,0.188448,0.001033,0.00234
0,-0.0261,0.061956,0.025446,-0.104658,0.004328,-0.098276,0.000456,0.001081
0,0.019253,0.097606,0.024682,0.007159,-0.004389,-0.031263,0.000336,0.001704
0,-0.071212,0.111197,-0.06626,0.008647,-0.073664,0.031304,0.001243,0.001941
0,-0.138851,-0.013379,-0.084435,-0.106306,-0.070556,-0.123064,0.002423,0.000234
0,-0.041623,-0.015314,0.117049,-0.010495,0.086193,-0.052225,0.000726,0.000267
0,-0.097527,0.071103,-0.044519,0.104233,-0.044105,0.068205,0.001702,0.001241
0,-0.175509,-0.048767,-0.09543,-0.094169,-0.077171,-0.078754,0.002554,0.000851
0,-0.132459,0.191339,0.020687,0.260224,-0.014311,0.274033,0.002312,0.002278
0,0.064453,0.179422,0.205703,0.017439,0.23073,0.0453,0.001125,0.002486
0,-0.019629,-0.035464,-0.105163,-0.197995,-0.109075,-0.175176,0.000343,0.000619
0,0.049091,0.023434,0.047473,0.065735,0.077883,0.104525,0.000857,0.000409
0,-0.163949,-0.09173,-0.223231,-0.106288,-0.198428,-0.089417,0.002756,0.001601
0,-0.135336,-0.007476,0.026143,0.083015,0.057208,0.11902,0.002362,0.00013
0,0.054255,0.097882,0.191817,0.094493,0.169335,0.084113,0.000947,0.001708
0,-0.026507,-0.100066,-0.063346,-0.178355,-0.094755,-0.177012,0.000463,0.001746
0,0.108822,0.190324,0.150385,0.293392,0.161746,0.286144,0.001899,0.002296
0,0.115163,0.009755,-0.009739,-0.202101,0.007082,-0.180649,0.00201,0.00017
0,0.085181,0.029643,-0.036558,0.031321,0.00737,0.054427,0.001487,0.000517
0,0.085588,-0.084326,-0.006727,-0.110385,-0.053687,-0.143166,0.001494,0.001472
0,0.001425,0.139155,-0.080858,0.197776,-0.065943,0.218891,2.5e-05,0.002429
0,0.15195,-0.080423,0.177404,-0.228909,0.197227,-0.207924,0.002652,0.001404
0,-0.082923,-0.054253,-0.209068,0.033591,-0.178509,0.015853,0.001447,0.000947
0,-0.046217,-0.097657,0.063394,-0.066892,0.089236,-0.077579,0.000807,0.001704
0,-0.227387,-0.116314,-0.157904,-0.002549,-0.166902,0.023619,0.001649,0.00203
0,-0.146495,-0.046606,0.094913,0.078355,0.119235,0.049944,0.002557,0.000813
0,0.037316,0.01556,0.15634,0.076329,0.187119,0.104122,0.000651,0.000272
0,0.047652,0.005245,0.020409,-0.021633,-0.009344,-0.026653,0.000832,9.2e-05
0,-0.034598,-0.081315,-0.09982,-0.059026,-0.139781,-0.079647,0.000604,0.001419
0,-0.19983,0.110538,-0.141098,0.190546,-0.148693,0.187637,0.00213,0.001929
0,0.010961,0.146699,0.19898,0.060185,0.19666,0.104769,0.000191,0.00256
0,-0.090366,0.064612,-0.122827,-0.074546,-0.169045,-0.03749,0.001577,0.001128
0,-0.121846,0.067859,-0.039771,0.006866,-0.035378,-0.031231,0.002127,0.001184
0,0.057638,0.122568,0.205744,0.061757,0.248012,0.083195,0.001006,0.002139
0,0.011753,0.075919,-0.047594,-0.037166,-0.04882,-0.084134,0.000205,0.001325
0,-0.233825,0.156518,-0.27355,0.071499,-0.271741,0.063774,0.001536,0.002732
0,-0.235196,0.206814,-0.003897,0.027427,-0.044102,-0.003255,0.001513,0.002008
0,-0.069605,0.03331,0.169746,-0.193151,0.204196,-0.159811,0.001215,0.000581
0,-0.069679,0.15468,-0.026749,0.151092,-0.047442,0.15999,0.001216,0.0027
0,-0.074841,0.053443,-0.006106,-0.118508,0.026241,-0.070749,0.001306,0.000933
0,-0.022642,0.06397,0.061965,0.006213,0.0879,0.012591,0.000395,0.001116
0,0.111747,0.225341,0.14273,0.171932,0.142877,0.145969,0.00195,0.001685
0,0.023774,0.183781,-0.092688,-0.017115,-0.053997,-0.048729,0.000415,0.00241
0,-0.015784,-0.059601,-0.026344,-0.215042,0.016632,-0.189853,0.000275,0.00104
0,-0.121523,-0.068377,-0.10139,0.018839,-0.108168,0.051283,0.002121,0.001193
0,-0.086572,-0.018829,0.009146,0.04486,0.027776,0.062616,0.001511,0.000329
0,0.031247,0.052531,0.104304,0.045895,0.067964,0.010774,0.000545,0.000917
0,0.09799,0.112726,0.058532,0.089759,0.013831,0.044027,0.00171,0.001967
0,0.102612,0.192853,-0.002604,0.05213,-0.047048,0.002609,0.001791,0.002252
0,-0.04611,0.093521,-0.177346,-0.099907,-0.176473,-0.070784,0.000805,0.001632
0,-0.027402,0.017958,0.047294,-0.070329,0.088158,-0.076152,0.000478,0.000313
0,-0.023763,0.209051,0.018373,0.210653,0.030425,0.251921,0.000415,0.001969
0,0.059798,0.058135,0.108077,-0.153656,0.153437,-0.127804,0.001044,0.001015
0,-0.210438,0.206467,-0.275714,0.127791,-0.262075,0.120671,0.001945,0.002014
0,-0.186856,0.072684,0.031861,-0.121676,0.037589,-0.169801,0.002356,0.001269
0,-0.216353,0.188655,-5.7e-05,0.108262,0.004986,0.147668,0.001841,0.002325
0,-0.053574,0.216201,0.16473,0.008079,0.11707,0.036279,0.000935,0.001844
0,0.052183,0.15791,0.125544,-0.032031,0.123871,-0.061686,0.000911,0.002756
0,-0.021142,-0.011545,-0.055489,-0.161545,-0.023189,-0.11652,0.000369,0.000202
0,-0.141735,0.196018,-0.122288,0.212644,-0.114237,0.178875,0.002474,0.002196
0,0.135968,-0.019086,0.275431,-0.203168,0.272467,-0.204943,0.002373,0.000333
0,0.041387,0.060145,-0.090197,0.051015,-0.051654,0.051966,0.000722,0.00105
0,-0.057227,0.066951,-0.084497,0.013386,-0.066734,0.038444,0.000999,0.001169
0,0.176267,-1.50393,0.24142,-1.549133,0.216905,-1.532619,0.002541,0.001839
0,0.13932,-1.993618,-0.014446,-0.468046,0.000925,-0.479899,0.002432,0.00109
0,0.06652,-1.615533,-0.067073,0.40741,-0.039893,0.432097,0.001161,0.000109
0,0.009411,-1.778343,-0.086757,-0.188103,-0.096269,-0.193437,0.000164,0.002667
0,0.091993,-1.336144,0.105486,0.432628,0.127455,0.40956,0.001606,0.00085
0,0.194012,-0.985678,0.102104,0.336209,0.111929,0.29068,0.002231,0.000351
0,0.16968,-0.888982,-0.052484,0.116066,-0.053246,0.147678,0.002656,0.001337
0,-0.017954,-0.783134,-0.167046,0.134006,-0.184756,0.181691,0.000313,0.002433
0,-0.188338,-0.430335,-0.160359,0.360839,-0.115019,0.333522,0.00233,0.001893
0,-0.031156,-0.27955,0.174942,0.157565,0.175985,0.131892,0.000544,0.000738
0,-0.123422,-0.071168,-0.103481,0.226506,-0.144227,0.240071,0.002154,0.001242
0,-0.021809,0.005123,0.088289,0.077219,0.133904,0.082504,0.000381,8.9e-05
0,0.055525,0.118984,0.079156,0.133196,0.118445,0.137544,0.000969,0.002077
0,-0.059056,0.109125,-0.124711,0.015103,-0.166256,-0.019701,0.001031,0.001905
0,-0.087504,0.266965,-0.010148,0.171403,0.033853,0.177298,0.001527,0.000958
0,0.055694,0.158242,0.139745,-0.089074,0.114977,-0.094993,0.000972,0.002762
0,0.059758,0.171716,0.024111,-0.001402,0.064353,-0.020663,0.001043,0.00262
0,-0.024797,-0.041034,-0.076646,-0.217246,-0.043909,-0.263492,0.000433,0.000716
0,0.024324,0.153844,0.040024,0.16991,0.024924,0.166856,0.000425,0.002685
0,-0.084114,0.124302,-0.111412,-0.014571,-0.087927,-0.053768,0.001468,0.002169
0,0.017246,0.107743,0.100571,0.004883,0.053546,0.001152,0.000301,0.00188
0,0.119049,-0.12787,0.101116,-0.250782,0.083453,-0.222482,0.002078,0.002232
0,-0.052622,-0.050259,-0.16128,0.098874,-0.156208,0.050013,0.000918,0.000877
0,-0.123807,0.055943,-0.091637,0.095936,-0.126489,0.11485,0.002161,0.000976
0,-0.156702,-0.10454,-0.04474,-0.145091,-0.015622,-0.138857,0.002735,0.001825
0,1.273218,-1.355624,1.411208,-1.256165,1.456302,-1.287403,0.000248,0.00119
0,2.479419,-2.392342,1.179212,-1.037922,1.206639,-1.043791,0.001666,0.002432
0,2.370413,-2.337263,-0.136385,0.028366,-0.137011,0.045979,0.002049,0.00147
0,2.408328,-2.398239,0.016002,-0.046062,-0.004746,-0.004734,0.002711,0.002535
0,2.408684,-2.029267,0.003171,0.35357,-0.010911,0.324624,0.002717,0.001712
0,1.925328,-1.737401,-0.478956,0.291707,-0.477484,0.274008,0.000102,0.002236
0,1.703115,-0.993033,-0.196441,0.752291,-0.20375,0.780617,0.001637,0.000479
0,1.61604,-0.644479,-0.101461,0.372788,-0.1233,0.383216,0.000118,1.3e-05
0,1.187401,-0.282212,-0.426662,0.368631,-0.472284,0.380365,0.001746,0.000692
0,0.908992,-0.279948,-0.254761,-0.01139,-0.293869,-0.002049,0.000988,0.000731
0,0.709414,-0.063498,-0.186152,0.238195,-0.163736,0.18978,0.001147,0.001108
0,0.487348,0.098463,-0.199072,0.150665,-0.208449,0.100899,0.002729,0.001718
0,0.255479,0.125479,-0.248604,0.004012,-0.24311,0.009252,0.001159,0.00219
0,0.195707,0.270992,-0.073258,0.15642,-0.117527,0.120733,0.002202,0.000888
0,0.142581,0.282642,-0.061876,-0.015875,-0.081575,-0.038524,0.002489,0.000684
0,0.003878,0.069932,-0.161328,-0.232984,-0.167275,-0.200874,6.8e-05,0.001221
0,-0.01603,0.057134,0.008308,-0.011893,0.028742,-0.044812,0.00028,0.000997
0,-0.131267,0.212806,-0.108238,0.133009,-0.130424,0.111339,0.002291,0.001903
0,-0.367734,0.20926,-0.249809,-0.00012,-0.223032,0.014739,0.000801,0.001965
0,-0.104836,-0.064469,0.235936,-0.294461,0.253064,-0.305915,0.00183,0.001125
0,-0.359128,-0.096424,-0.245433,-0.054978,-0.236993,-0.010169,0.00065,0.001683
0,-0.226589,-0.116008,0.162474,0.009877,0.155892,0.04329,0.001663,0.002025
0,-0.250368,-0.014074,-0.000515,0.073209,0.042978,0.091025,0.001248,0.000246
0,-0.126937,-0.058698,0.106371,-0.058294,0.133127,-0.097337,0.002215,0.001024
0,0.008153,0.039695,0.113523,0.079576,0.157103,0.12885,0.000142,0.000693
0,-0.195623,-0.13158,-0.192673,-0.141691,-0.209597,-0.174572,0.002203,0.002297
0,-0.089371,0.080711,0.11385,0.240172,0.111761,0.269584,0.00156,0.001409
0,-0.005274,-0.119728,0.098609,-0.191529,0.140835,-0.183496,9.2e-05,0.00209
0,0.01362,0.024874,0.040024,0.138344,0.06595,0.158798,0.000238,0.000434
0,-0.130323,-0.131526,-0.159463,-0.150885,-0.166876,-0.133681,0.002275,0.002296
0,0.106003,-0.136522,0.211345,0.011873,0.22669,0.028459,0.00185,0.002383
0,0.013755,-0.115036,-0.081522,-0.006276,-0.07932,0.025126,0.00024,0.002008
0,-0.068554,0.070058,-0.059868,0.176279,-0.063657,0.18858,0.001196,0.001223
0,0.019936,0.130052,0.08605,0.048971,0.106073,0.022959,0.000348,0.00227
0,-0.066658,0.078542,-0.056938,-0.042793,-0.086366,0.002408,0.001163,0.001371
0,-0.030357,0.001261,0.032557,-0.049086,0.026031,-0.048222,0.00053,2.2e-05
0,0.092976,-0.042389,0.115129,-0.027155,0.092243,-0.049728,0.001623,0.00074
0,0.180389,-0.157805,0.093377,-0.094012,0.115255,-0.083873,0.002469,0.002754
0,0.002283,0.03291,-0.154704,0.165718,-0.138142,0.119613,4e-05,0.000574
0,0.066241,0.127585,0.076486,0.093257,0.036553,0.079396,0.001156,0.002227
0,0.144585,-0.107775,0.098449,-0.253398,0.08668,-0.284491,0.002523,0.001881
0,0.115245,0.026319,-0.035039,0.122575,0.010747,0.087367,0.002011,0.000459
0,-0.028228,0.128295,-0.12182,0.072262,-0.163464,0.080402,0.000493,0.002239
0,0.063195,-0.088739,0.070796,-0.205148,0.095788,-0.254823,0.001103,0.001549
0,-0.137501,0.145882,-0.223716,0.23462,-0.253856,0.283762,0.0024,0.002546
0,0.121277,-0.00832,0.25696,-0.178838,0.253538,-0.158661,0.002117,0.000145
0,-0.01027,0.120835,-0.130531,0.11739,-0.116206,0.143199,0.000179,0.002109
0,-0.117502,-0.009471,-0.102496,-0.136642,-0.095331,-0.135331,0.002051,0.000165
0,-0.151644,0.107525,-0.039112,0.122896,-0.024267,0.16069,0.002647,0.001877
0,0.089899,-0.120913,0.227267,-0.255884,0.230648,-0.226885,0.001569,0.00211
0,0.133843,-0.019255,0.023733,0.096403,0.038657,0.121966,0.002336,0.000336
0,0.11946,-0.048619,0.015301,-0.03523,0.012339,0.013949,0.002085,0.000849
0,0.608054,0.117083,0.465866,0.177997,0.502699,0.133118,0.000622,0.002043
0,0.799989,0.368932,0.218294,0.229323,0.216188,0.210889,0.002727,0.000822
0,0.613087,0.243404,-0.208424,-0.104278,-0.210894,-0.083979,0.000535,0.001369
0,0.534587,0.398556,-0.049727,0.168763,-0.058665,0.164978,0.001905,0.001339
0,0.657413,0.547687,0.122714,0.130288,0.075878,0.170821,0.000239,0.001676
0,0.54685,0.418098,-0.114275,-0.112099,-0.079049,-0.137924,0.001691,0.00168
0,0.264184,0.287426,-0.30083,-0.121032,-0.278944,-0.124789,0.001007,0.000601
0,0.092761,0.139569,-0.190201,-0.173969,-0.171176,-0.214421,0.001619,0.002436
0,0.11551,0.078443,0.00215,-0.049562,-0.00593,-0.051132,0.002016,0.001369
0,0.104378,-0.072534,-0.00181,-0.125059,0.04572,-0.114597,0.001822,0.001266
0,0.197094,0.157517,0.076802,0.237533,0.109783,0.255921,0.002178,0.002749
0,0.084897,0.068739,-0.102232,-0.107182,-0.077403,-0.075934,0.001482,0.0012
0,0.109828,-0.105494,-0.0047,-0.149648,0.012173,-0.175832,0.001917,0.001841
0,-0.035053,0.127301,-0.12549,0.218435,-0.157042,0.19444,0.000612,0.002222
0,0.067491,0.089793,0.126128,-0.041441,0.157458,-0.01564,0.001178,0.001567
0,-0.201479,0.154879,-0.286595,0.050967,-0.332614,0.042348,0.002101,0.002703
0,-0.017074,-0.05105,0.160332,-0.226112,0.194918,-0.24158,0.000298,0.000891
0,0.129467,0.100829,0.151155,0.168561,0.153862,0.203406,0.00226,0.00176
0,0.058005,0.051574,-0.058492,-0.031607,-0.041834,0.011242,0.001012,0.0009
0,0.118769,0.031132,0.050138,-0.042739,0.044135,-0.080177,0.002073,0.000543
0,-0.007336,0.045212,-0.100211,0.03318,-0.144991,0.001163,0.000128,0.000789
0,0.010349,-0.058124,0.031948,-0.131546,0.045118,-0.16623,0.000181,0.001014
0,-0.030742,0.026317,-0.026821,0.075942,0.003883,0.055686,0.000537,0.000459
0,0.058666,0.055964,0.068972,0.022745,0.113552,0.058224,0.001024,0.000977
0,-0.017873,0.008564,-0.07239,-0.018616,-0.074087,-0.065847,0.000312,0.000149
0,0.042642,0.126634,0.062588,0.13213,0.07518,0.155747,0.000744,0.00221
0,0.083829,0.094816,0.051076,-0.032897,0.049505,-0.067733,0.001463,0.001655
0,-0.035315,0.145289,-0.140507,0.050526,-0.116099,0.054762,0.000616,0.002536
0,-0.157544,0.008864,-0.105409,-0.157449,-0.145882,-0.148353,0.00275,0.000155
0,-0.203522,0.077386,-0.024074,0.08294,-0.039696,0.038962,0.002065,0.001351
0,-0.07388,0.117019,0.142367,0.021908,0.104326,0.062949,0.001289,0.002042
0,-0.012507,0.097269,0.046096,-0.042208,0.088908,-0.006523,0.000218,0.001698
0,-0.226817,0.018494,-0.197982,-0.073717,-0.191215,-0.07729,0.001659,0.000323
0,0.010173,-0.098767,0.258034,-0.124598,0.237676,-0.102135,0.000178,0.001724
0,-0.03286,-0.085868,-0.042762,0.016911,-0.060393,-0.023525,0.000574,0.001499
0,-0.267863,-0.066667,-0.219747,0.036148,-0.237356,0.030351,0.000942,0.001164
0,-0.321585,-0.00816,-0.07001,0.072777,-0.086973,0.119783,5e-06,0.000142
0,-0.164735,-0.047443,0.149785,-0.039834,0.160009,0.005792,0.002742,0.000828
0,-0.055946,-0.078723,0.093047,-0.025469,0.117133,-0.02462,0.000976,0.001374
0,-0.160425,0.015684,-0.082253,0.082279,-0.069774,0.03865,0.0028,0.000274
0,-0.20547,0.13693,-0.019631,0.147937,-0.00727,0.109888,0.002031,0.00239
0,-0.09567,-0.025305,0.114083,-0.165765,0.118822,-0.21105,0.00167,0.000442
0,-0.111325,-0.10554,-0.038584,-0.053529,0.000225,-0.053805,0.001943,0.001842
0,-0.121271,0.107294,-0.029175,0.236974,-0.038247,0.280915,0.002117,0.001873
0,-0.072359,0.140948,0.071375,0.020075,0.061607,0.067558,0.001263,0.00246
0,0.06782,-0.048917,0.169773,-0.170047,0.194744,-0.219091,0.001184,0.000854
0,-0.017783,0.078246,-0.058809,0.134526,-0.06447,0.170767,0.00031,0.001366
0,-0.082595,0.011193,-0.04562,-0.041245,-0.074693,-0.077787,0.001442,0.000195
0,-0.078144,0.10333,-0.003089,0.106468,0.002853,0.071757,0.001364,0.001803
0,-0.260644,-0.113228,-0.196961,-0.235768,-0.206852,-0.265229,0.001068,0.001976
0,-0.027321,-0.070887,0.227483,0.022703,0.18319,-0.002194,0.000477,0.001237
0,-0.204915,-0.042243,-0.169138,0.028022,-0.135775,0.071413,0.002041,0.000737
0,-0.252186,-0.125443,-0.03037,-0.057552,-0.046054,-0.032571,0.001216,0.002189
0,0.026913,0.13404,0.307858,0.256225,0.300518,0.215116,0.00047,0.002339
0,-0.191623,0.127166,-0.244092,0.015461,-0.207265,-0.00484,0.002273,0.002219
0,-0.207381,0.025485,-0.009191,-0.080959,-0.024045,-0.101769,0.001998,0.000445
0,-0.047819,0.144955,0.136525,0.120281,0.087142,0.147685,0.000835,0.00253
0,-0.086838,-0.045374,-0.017978,-0.187109,-0.028107,-0.148396,0.001516,0.000792
0,0.018639,0.05989,0.113914,0.078781,0.148605,0.081307,0.000325,0.001045
0,-0.023714,0.142935,-0.046962,0.112138,-0.036566,0.098887,0.000414,0.002495
0,-0.250437,0.143751,-0.244695,0.023357,-0.20378,0.007453,0.001247,0.002509
0,-0.038589,-1.221291,0.198633,-1.341572,0.22889,-1.311787,0.000674,0.001154
0,0.100731,-2.101252,0.166321,-0.901167,0.192925,-0.898551,0.001758,0.002649
0,0.324855,-1.788747,0.228261,0.310908,0.246635,0.318854,5.2e-05,0.002486
0,0.529217,-1.77082,0.221639,-0.003648,0.210443,0.033918,0.001998,0.002798
0,0.695745,-1.59553,0.138952,0.191582,0.187279,0.17037,0.000908,0.00024
0,0.345751,-1.459317,-0.376916,0.131482,-0.424642,0.11127,0.000417,0.002618
0,0.508879,-1.199961,0.144124,0.278636,0.119026,0.235518,0.002353,0.001527
0,0.204222,-0.715071,-0.298889,0.471557,-0.25636,0.430974,0.002053,0.001245
0,0.177205,-0.316971,-0.047915,0.392918,-0.051794,0.345006,0.002525,8.5e-05
0,0.082516,-0.315797,-0.114821,0.021921,-0.160246,0.060929,0.00144,0.000106
0,0.143181,-0.020823,0.033794,0.321222,0.002248,0.28501,0.002499,0.000363
0,-0.082036,0.060449,-0.239509,0.077316,-0.21856,0.109747,0.001432,0.001055
0,-0.131751,0.191199,-0.065584,0.118784,-0.10348,0.165753,0.002299,0.00228
0,-0.111889,0.106233,0.000586,-0.075969,0.016304,-0.039451,0.001953,0.001854
0,-0.05304,0.256634,0.086553,0.133845,0.085827,0.149379,0.000926,0.001138
0,-0.196631,0.283813,-0.167263,0.006327,-0.134872,-0.014815,0.002186,0.000664
0,0.022526,0.121556,0.206661,-0.166711,0.175656,-0.186238,0.000393,0.002122
0,-0.081844,0.03156,-0.102265,-0.07342,-0.132737,-0.034506,0.001428,0.000551
0,-0.172932,0.068139,-0.115266,0.011449,-0.102339,0.041625,0.002599,0.001189
0,-0.188734,0.276477,-0.001597,0.233374,-0.051273,0.219165,0.002323,0.000792
0,-0.06272,0.273333,0.143344,-0.006397,0.142321,-0.031029,0.001095,0.000847
0,0.055723,0.060916,0.127342,-0.237251,0.085106,-0.277859,0.000973,0.001063
0,-0.001225,0.00825,-0.032188,-0.074045,-0.079743,-0.045028,2.1e-05,0.000144
0,0.055015,0.048469,0.083623,0.060626,0.039426,0.030785,0.00096,0.000846
0,-0.101231,0.1815,-0.143017,0.152449,-0.129488,0.128946,0.001767,0.00245
0,-0.140676,0.123025,-0.029515,-0.067204,-0.048269,-0.086856,0.002455,0.002147
0,-0.10159,0.235817,0.010407,0.129965,-0.013163,0.103322,0.001773,0.001502
0,-0.017891,0.085671,0.061099,-0.173072,0.063816,-0.165548,0.000312,0.001495
0,0.042481,0.227909,0.073965,0.144781,0.047655,0.161916,0.000741,0.00164
0,-0.229101,0.088223,-0.247879,-0.131974,-0.227649,-0.15635,0.001619,0.00154
0,0.066844,0.054833,0.306097,-0.0344,0.326375,-0.051346,0.001167,0.000957
0,-0.12494,0.240644,-0.164532,0.212885,-0.135508,0.20651,0.002181,0.001417
0,-0.130756,0.131083,0.019593,-0.129029,0.03402,-0.163648,0.002282,0.002288
0,0.091744,0.11087,0.215334,-0.043744,0.208224,-0.008033,0.001601,0.001935
0,0.043673,0.16454,-0.019532,0.063377,-0.029005,0.067492,0.000762,0.002746
0,0.040273,0.17395,0.022186,-0.006085,0.048829,-0.029393,0.000703,0.002582
0,-0.055657,0.187803,-0.119063,-0.004531,-0.105604,0.023903,0.000971,0.00234
0,0.085934,0.182666,0.118829,-0.030031,0.162603,-0.056067,0.0015,0.002429
0,-0.00959,0.008422,-0.113527,-0.200793,-0.120966,-0.157892,0.000167,0.000147
0,0.057973,-0.085428,0.0511,-0.088134,0.076481,-0.073537,0.001012,0.001491
0,-0.062384,-0.034539,-0.134517,0.075948,-0.122758,0.046481,0.001089,0.000603
0,-0.164842,-0.037336,-0.073432,0.002986,-0.046069,-0.032039,0.00274,0.000652
0,-0.133545,0.118136,0.05307,0.153974,0.089212,0.144914,0.002331,0.002062
0,0.065135,0.112684,0.170125,-0.003611,0.211482,0.020953,0.001137,0.001967
0,0.011686,0.018856,-0.074574,-0.12305,-0.108606,-0.13022,0.000204,0.000329
0,0.135753,0.089417,0.144386,0.088831,0.115577,0.110678,0.002369,0.001561
0,0.116049,-0.064097,-0.011033,-0.150124,0.003874,-0.157348,0.002025,0.001119
0,0.038432,-0.014757,-0.072503,0.048865,-0.052366,0.047551,0.000671,0.000258
0,-0.033313,0.197658,-0.058882,0.190678,-0.043074,0.218369,0.000581,0.002168
0,0.055681,-0.04127,0.11855,-0.254436,0.084063,-0.222382,0.000972,0.00072
0,0.167868,0.200953,0.117536,0.234112,0.077852,0.254647,0.002688,0.00211
0,0.090375,-0.032605,-0.049214,-0.226736,-0.085471,-0.215951,0.001577,0.000569
0,0.087048,0.142296,0.02093,0.167838,0.062998,0.196459,0.001519,0.002484
0,0.196877,-0.069597,0.095812,-0.228772,0.106438,-0.213176,0.002181,0.001215
0,0.079165,0.087225,-0.119475,0.171987,-0.096059,0.202112,0.001382,0.001522
0,0.046871,-0.064156,-0.042677,-0.127361,-0.049978,-0.133968,0.000818,0.00112
0,0.016092,0.170667,-0.034525,0.206616,-0.084163,0.223086,0.000281,0.002639
0,0.016537,-0.064306,0.030364,-0.26231,0.058701,-0.273374,0.000289,0.001122
0,0.053368,-0.062892,0.014919,-0.015133,0.008185,0.022319,0.000931,0.001098
0,-0.165866,-0.042438,-0.213803,0.004865,-0.23792,0.026878,0.002723,0.000741
0,0.107178,0.113666,0.292067,0.137118,0.296052,0.154614,0.001871,0.001984
0,0.042632,0.055318,-0.05871,-0.056173,-0.009597,-0.092383,0.000744,0.000965
0,-0.086216,0.110728,-0.129714,0.071319,-0.145215,0.1167,0.001505,0.001933
0,0.007488,-0.069563,0.073535,-0.178408,0.038064,-0.147878,0.000131,0.001214
0,-0.202962,-0.052098,-0.197454,0.032568,-0.203315,-0.004743,0.002075,0.000909
0,-0.234534,0.092359,-0.022021,0.147522,-0.016608,0.196072,0.001524,0.001612
0,-0.202592,-0.022368,0.024462,-0.094281,0.022839,-0.080842,0.002082,0.00039
0,-0.026348,0.133897,0.159141,0.18403,0.15692,0.202797,0.00046,0.002337
0,0.039262,0.043048,0.094267,-0.108278,0.074514,-0.095565,0.000685,0.000751
0,-0.016776,0.072965,-0.041698,0.040112,-0.027921,0.025546,0.000293,0.001273
0,-0.155862,0.033052,-0.156656,-0.03375,-0.151326,-0.051567,0.00272,0.000577
0,0.056539,-0.086528,0.225427,-0.094738,0.232524,-0.107873,0.000987,0.00151
0,0.028613,0.087716,0.002057,0.152192,0.005565,0.180619,0.000499,0.001531
0,-0.006062,0.095456,-0.007899,0.01853,-0.004618,0.049806,0.000106,0.001666
0,0.061034,0.098976,0.04395,0.000654,0.058431,0.01588,0.001065,0.001727
0,-0.041948,-0.095178,-0.096159,-0.203684,-0.072035,-0.221404,0.000732,0.001661
0,0.025611,0.057376,0.055553,0.144287,0.089338,0.177348,0.000447,0.001001
0,0.012744,0.05174,0.011957,0.01234,0.029516,0.056253,0.000222,0.000903
0,-0.058458,0.172844,-0.064708,0.127477,-0.062054,0.129115,0.00102,0.002601
0,-0.022458,0.120747,0.038315,-0.04639,0.049569,-0.011965,0.000392,0.002107
0,-0.056369,-0.083389,-0.052454,-0.180835,-0.01974,-0.221858,0.000984,0.001455
0,-0.115649,0.028566,-0.084811,0.085723,-0.096846,0.094968,0.002018,0.000499
0,0.014581,-0.062544,0.111252,-0.077606,0.109837,-0.107874,0.000254,0.001092
0,0.099883,0.007776,0.087391,0.042779,0.078427,0.055692,0.001743,0.000136
0,0.033832,0.068803,-0.047111,0.07185,-0.051506,0.021934,0.00059,0.001201
0,-0.179641,-0.013123,-0.19667,-0.084971,-0.233558,-0.074037,0.002482,0.000229
0,0.049894,0.025304,0.236507,0.044306,0.274334,0.001909,0.000871,0.000442
0,-0.079183,-0.077895,-0.157348,-0.085363,-0.17139,-0.128206,0.001382,0.00136
0,-0.027076,0.099752,0.051368,0.159439,0.019328,0.208687,0.000473,0.001741
0,0.044141,0.191996,0.05503,0.076929,0.098964,0.086782,0.00077,0.002267
0,-0.090279,-0.020086,-0.134518,-0.241598,-0.117986,-0.232567,0.001576,0.000351
0,0.135169,0.117,0.24457,0.158236,0.240592,0.177605,0.002359,0.002042
0,-0.013916,-0.040514,-0.135586,-0.161064,-0.119497,-0.137946,0.000243,0.000707
0,-0.004656,-0.081378,0.036184,-0.052697,0.075595,-0.076661,8.1e-05,0.00142
0,1.658658,0.379375,1.688834,0.452097,1.665372,0.467491,0.000862,0.001004
0,2.745877,0.835977,1.084614,0.444389,1.072321,0.414964,0.002633,0.002262
0,2.865244,0.765157,0.134628,-0.084741,0.167252,-0.073807,0.00055,0.002119
0,2.992325,0.731581,0.116154,-0.032817,0.123386,-0.057445,0.001668,0.001533
0,3.675149,0.684561,0.6772,-0.073222,0.701087,-0.037765,0.002351,0.000713
0,2.918959,0.716658,-0.740781,0.060677,-0.747885,0.090881,0.000388,0.001273
0,2.603648,0.507745,-0.314636,-0.210214,-0.330829,-0.237754,0.000502,0.002373
0,2.107018,0.192869,-0.498655,-0.305219,-0.524794,-0.277568,0.002548,0.002251
0,1.141189,0.055174,-0.944644,-0.158116,-0.956077,-0.183352,0.002553,0.000963
0,0.608557,-0.015142,-0.561276,-0.062578,-0.591261,-0.084467,0.000614,0.000264
0,0.19801,-0.075002,-0.433969,-0.073454,-0.439968,-0.089345,0.002162,0.001309
0,0.059311,-0.060269,-0.137458,-0.000681,-0.137839,-0.037741,0.001035,0.001052
0,-0.005512,0.073565,-0.079355,0.114661,-0.064855,0.109315,9.6e-05,0.001284
0,-0.197701,-0.017934,-0.216972,-0.120007,-0.180451,-0.099473,0.002167,0.000313
0,-0.245755,-0.026168,-0.035206,-0.015797,0.00381,-0.000995,0.001328,0.000457
0,-0.029477,-0.007512,0.225309,0.037148,0.22996,0.003543,0.000514,0.000131
0,-0.143901,-0.067127,-0.086295,-0.074036,-0.063622,-0.031689,0.002512,0.001172
0,-0.236867,-0.119319,-0.08437,-0.065885,-0.063655,-0.113072,0.001483,0.002083
0,-0.05089,-0.189645,0.176655,-0.069435,0.219466,-0.1013,0.000888,0.002308
0,-0.097744,0.017567,-0.03439,0.18153,-0.071763,0.189472,0.001706,0.000307
0,-0.021424,0.037755,0.052689,0.018436,0.061927,0.001492,0.000374,0.000659
0,0.053813,0.079747,0.061688,0.01779,0.06231,-0.010947,0.000939,0.001392
0,-0.049216,0.0468,-0.097975,-0.049962,-0.076367,-0.072505,0.000859,0.000817
0,-0.075789,0.001879,-0.029059,-0.042873,-0.036674,-0.076266,0.001323,3.3e-05
0,-0.060372,-0.045169,0.014701,-0.017764,-0.014208,0.005731,0.001054,0.000788
0,-0.094741,-0.13784,-0.063343,-0.07895,-0.048364,-0.124226,0.001654,0.002406
0,0.128509,-0.14032,0.204173,-0.00249,0.207264,-0.045135,0.002243,0.002449
0,0.101601,-0.101722,-0.001885,0.032968,-0.039672,0.066212,0.001773,0.001775
0,-0.147017,0.024202,-0.24256,0.103381,-0.243311,0.097331,0.002566,0.000422
0,0.103709,0.092457,0.233109,0.050786,0.246894,0.039366,0.00181,0.001614
0,-0.024484,-0.017384,-0.111606,-0.096888,-0.086183,-0.107748,0.000427,0.000303
0,0.135029,0.113117,0.134991,0.154906,0.098653,0.115151,0.002357,0.001974
0,0.087285,0.115468,-0.030973,0.029748,0.003152,0.067845,0.001523,0.002015
0,-0.087842,-0.098514,-0.159,-0.235489,-0.128709,-0.207303,0.001533,0.001719
0,0.141352,0.018506,0.24912,0.138891,0.259406,0.180196,0.002467,0.000323
0,0.044761,0.115189,-0.09564,0.087797,-0.117043,0.065452,0.000781,0.00201
0,-0.108265,-0.091054,-0.164076,-0.197616,-0.194752,-0.190563,0.00189,0.001589
0,-0.138824,-0.030732,-0.004118,0.049689,0.03527,0.089089,0.002423,0.000536
0,0.081556,0.113711,0.228992,0.145304,0.210624,0.15091,0.001423,0.001985
0,-0.117123,0.084602,-0.220426,-0.054079,-0.173413,-0.03072,0.002044,0.001477
0,0.000582,0.067549,0.118963,0.008901,0.070853,-0.036356,1e-05,0.001179
0,-0.075721,-0.018293,-0.081446,-0.103558,-0.062996,-0.112686,0.001322,0.000319
0,0.167377,-0.067476,0.217365,-0.054507,0.209799,-0.080481,0.002696,0.001178
0,0.044974,0.17259,-0.15148,0.228253,-0.135091,0.184204,0.000785,0.002605
0,0.01382,-0.020763,-0.010518,-0.169854,0.032857,-0.138542,0.000241,0.000362
0,-0.053301,-0.106273,-0.049441,-0.060719,-0.004667,-0.09639,0.00093,0.001855
0,0.126575,-0.068071,0.180456,0.029377,0.20342,-0.013693,0.002209,0.001188
0,0.076264,0.014177,-0.066353,0.073365,-0.041786,0.088471,0.001331,0.000247
0,-0.143982,0.089079,-0.247749,0.081868,-0.226636,0.103672,0.002513,0.001555
0,0.044769,0.10143,0.187652,0.004439,0.138141,0.047294,0.000781,0.00177
0,-0.18806,0.030246,-0.226652,-0.098445,-0.195854,-0.123865,0.002335,0.000528
0,-0.056752,-0.13441,0.157937,-0.170792,0.165749,-0.185133,0.000991,0.002346
0,-0.002339,-0.050129,0.076381,0.07568,0.060275,0.083472,4.1e-05,0.000875
0,-0.003134,-0.145429,-0.009389,-0.117961,0.009045,-0.151033,5.5e-05,0.002538
0,-0.236488,-0.078705,-0.214817,0.064271,-0.246855,0.10238,0.00149,0.001374
0,-0.089361,-0.025866,0.124403,0.051863,0.105969,0.015807,0.00156,0.000451
0,-0.021897,-0.050666,0.069128,-0.040215,0.073376,-0.050113,0.000382,0.000884
0,-0.08455,-0.068387,-0.074773,-0.011993,-0.116782,0.027507,0.001476,0.001194
0,0.056325,-0.08918,0.12434,-0.028786,0.080296,-0.015288,0.000983,0.001556
0,-0.165701,-0.038489,-0.231284,0.044195,-0.242863,0.01242,0.002725,0.000672
0,-0.117941,-0.07488,0.054651,-0.051058,0.037951,-0.046885,0.002058,0.001307
0,0.009657,-0.025261,0.154688,0.073312,0.178081,0.057064,0.000169,0.000441
0,-0.176242,0.185433,-0.16628,0.22009,-0.199286,0.254527,0.002541,0.002381
0,0.074586,-0.067767,0.257409,-0.241624,0.22178,-0.208284,0.001302,0.001183
0,-0.174505,0.088752,-0.247708,0.160243,-0.234028,0.208744,0.002572,0.001549
0,-0.156121,0.194369,-0.007934,0.100525,-0.053591,0.062085,0.002725,0.002225
0,-0.137279,0.131609,-0.004381,-0.072722,-0.012383,-0.041558,0.002396,0.002297
0,0.027376,0.189779,0.184172,0.044205,0.159376,-0.001728,0.000478,0.002305
0,-0.056518,0.235941,-0.09533,0.058843,-0.108413,0.021245,0.000986,0.0015
0,-0.020735,0.018818,0.033352,-0.199342,0.065915,-0.162996,0.000362,0.000328
0,-0.003255,0.04107,0.04062,0.017482,-0.001572,0.043539,5.7e-05,0.000717
0,0.066217,0.212801,0.059343,0.143271,0.073967,0.169288,0.001156,0.001903
0,-0.042736,0.016809,-0.092933,-0.194856,-0.107755,-0.183805,0.000746,0.000293
0,-0.052144,-0.015343,0.004983,-0.006653,-0.041452,0.033998,0.00091,0.000268
0,0.063213,0.25522,0.11254,0.296356,0.15736,0.300234,0.001103,0.001163
0,-0.217064,0.003608,-0.261316,-0.248863,-0.242813,-0.285056,0.001829,6.3e-05
0,-0.158705,0.213782,0.085585,0.190798,0.058855,0.214307,0.00277,0.001886
0,-0.00587,0.033977,0.162134,-0.207535,0.161565,-0.180096,0.000102,0.000593
0,0.004885,0.223808,0.03005,0.191556,0.072074,0.153446,8.5e-05,0.001711
0,-0.122072,0.179488,-0.099833,-0.034533,-0.084467,0.007264,0.002131,0.002485
0,-0.017032,0.214387,0.087299,0.041105,0.112862,0.036822,0.000297,0.001876
0,-0.047959,-0.028113,-0.058164,-0.22552,-0.022021,-0.200125,0.000837,0.000491
0,-0.196036,0.214582,-0.167092,0.237624,-0.175553,0.279681,0.002196,0.001872
0,-0.115817,0.094461,0.109605,-0.122642,0.126733,-0.14088,0.002021,0.001649
0,0.037872,0.018358,0.150411,-0.085602,0.102623,-0.105584,0.000661,0.00032
0,0.04888,-0.044948,0.027116,-0.052765,0.054738,-0.033041,0.000853,0.000784
0,0.055947,0.000454,0.033878,0.029631,0.037872,-0.002276,0.000976,8e-06
0,-0.103365,-0.039591,-0.14879,-0.047242,-0.125828,-0.081509,0.001804,0.000691
0,0.010473,0.190277,0.100593,0.207625,0.071754,0.167944,0.000183,0.002297
0,-0.108352,0.001229,-0.122688,-0.215652,-0.073076,-0.225274,0.001891,2.1e-05
0,-0.140514,0.194,-0.003168,0.179802,0.041718,0.228969,0.002452,0.002232
0,-0.074177,0.247477,0.089403,0.061029,0.079742,0.065701,0.001295,0.001298
0,-0.045281,0.132694,0.043192,-0.140083,0.060338,-0.17686,0.00079,0.002316
0,-0.209144,-0.047105,-0.15659,-0.178669,-0.188546,-0.151234,0.001967,0.000822
0,-0.06808,0.124077,0.13643,0.165907,0.175337,0.159231,0.001188,0.002166
0,-0.020916,0.214031,0.025811,0.114076,-0.008759,0.156926,0.000365,0.001882
0,0.017652,0.169391,0.061834,-0.062948,0.070418,-0.090241,0.000308,0.002661
0,-0.15693,0.084058,-0.189057,-0.090233,-0.210142,-0.071597,0.002739,0.001467
0,0.017602,0.156757,0.145324,0.082176,0.098721,0.099151,0.000307,0.002736
0,-0.054669,0.011066,-0.043798,-0.125453,-0.027281,-0.137029,0.000954,0.000193
0,-0.1408,-0.060193,-0.066265,-0.059882,-0.073109,-0.016883,0.002457,0.001051
0,-0.070847,0.038871,0.069596,0.081174,0.047516,0.098164,0.001237,0.000678
0,-0.114643,0.11393,-0.049,0.095443,-0.026275,0.07333,0.002001,0.001988
0,-0.216168,-0.093267,-0.118619,-0.206117,-0.090117,-0.158104,0.001845,0.001628
0,0.029689,0.008477,0.220036,0.123662,0.200668,0.140064,0.000518,0.000148
0,-0.106709,-0.102504,-0.16107,-0.12213,-0.210504,-0.16032,0.001862,0.001789
0,0.087533,0.144767,0.18965,0.23597,0.222824,0.186138,0.001528,0.002527
0,-0.044561,0.044139,-0.11821,-0.09725,-0.137234,-0.141282,0.000778,0.00077
0,-0.012996,0.078113,0.006729,0.050833,0.009699,0.014177,0.000227,0.001363
0,0.10024,-0.026256,0.108506,-0.120333,0.11757,-0.166734,0.00175,0.000458
0,0.085752,0.187315,-0.009482,0.214008,0.001459,0.173453,0.001497,0.002348
0,-0.083856,0.200154,-0.176717,-0.015072,-0.179444,0.020421,0.001464,0.002124
0,-0.066436,-0.052001,-0.004742,-0.261469,-0.051081,-0.215988,0.00116,0.000908
0,0.061843,0.138059,0.152237,0.211177,0.176504,0.167728,0.001079,0.00241
0,-0.147494,0.096419,-0.22737,-0.065946,-0.250618,-0.06189,0.002574,0.001683
0,0.022178,0.029227,0.145751,-0.037352,0.17607,-0.004591,0.000387,0.00051
0,0.151524,0.032849,0.118506,0.010055,0.149544,0.006751,0.002645,0.000573
0,-0.090883,0.150693,-0.236827,0.13065,-0.277384,0.085556,0.001586,0.00263
0,0.057793,-0.084718,0.144918,-0.218623,0.121205,-0.233585,0.001009,0.001479
0,0.143496,-0.02664,0.091977,0.07582,0.066614,0.118836,0.002504,0.000465
0,0.14199,0.14027,0.00478,0.186233,-0.015928,0.223684,0.002478,0.002448
0,0.027671,0.059416,-0.14368,-0.087868,-0.095005,-0.090287,0.000483,0.001037
0,-0.101998,0.144842,-0.114858,0.087871,-0.151233,0.132771,0.00178,0.002528
0,-0.150365,0.176013,-0.054176,0.023275,-0.082803,0.046107,0.002624,0.002546
0,0.095219,-0.093314,0.245633,-0.241408,0.293919,-0.19943,0.001662,0.001629
0,-0.09168,0.128547,-0.215001,0.228573,-0.175791,0.225642,0.0016,0.002244
0,-0.090873,0.029226,0.006015,-0.092187,0.037457,-0.126626,0.001586,0.00051
0,-0.077031,0.052998,0.030816,0.012573,-0.011576,-0.002767,0.001344,0.000925
0,-0.001669,0.074321,0.069373,0.030102,0.101533,0.078416,2.9e-05,0.001297
0,-0.084147,-0.117874,-0.107293,-0.169544,-0.069278,-0.152872,0.001469,0.002057
0,0.043257,-0.135379,0.113727,-0.045685,0.15832,-0.093182,0.000755,0.002363
0,0.061221,-0.027259,0.011408,0.083719,0.040496,0.123472,0.001069,0.000476
0,0.106949,-0.139555,0.028694,-0.113399,0.063321,-0.120835,0.001867,0.002436
0,-0.064737,-0.042651,-0.191575,0.07888,-0.221762,0.097696,0.00113,0.000744
0,0.040996,0.130154,0.120209,0.15463,0.168326,0.151969,0.000716,0.002272
0,-0.16642,-0.103932,-0.218373,-0.25377,-0.178022,-0.225833,0.002713,0.001814
0,-0.971284,0.140936,-0.779214,0.25807,-0.74939,0.282991,0.0001,0.00246
0,-2.746811,-0.064546,-1.792641,-0.225495,-1.808225,-0.256492,0.002617,0.001127
0,-3.706665,0.068392,-0.986291,0.151105,-0.982436,0.150215,0.002717,0.001194
0,-3.624982,-0.141529,0.074152,-0.223774,0.115665,-0.272877,0.001475,0.00247
0,-3.704182,-0.074795,-0.050611,0.080765,-0.027388,0.03586,0.00276,0.001305
0,-3.129946,-0.018102,0.580768,0.073563,0.569053,0.027941,0.001547,0.000316
0,-2.638957,-0.109779,0.503057,-0.072062,0.498847,-0.04386,0.001118,0.001916
0,-1.997192,-0.095201,0.645181,0.036149,0.613294,0.071716,0.001153,0.001662
0,-1.127197,-0.124628,0.859773,-0.001154,0.815316,0.023504,0.002797,0.002175
0,-0.312238,-0.031042,0.827022,0.086955,0.872611,0.118288,0.000168,0.000542
0,-0.248563,0.04025,0.085823,0.083155,0.06205,0.064127,0.001279,0.000703
0,0.211798,0.020958,0.454985,-0.00314,0.473896,-0.009714,0.001921,0.000366
0,0.413508,-3.8e-05,0.185881,-0.009367,0.221282,0.039761,0.0016,1e-06
0,0.446044,0.047171,0.030037,0.018805,0.057828,-0.024268,0.002167,0.000823
0,0.439114,-0.073352,-0.02471,-0.128046,-0.002924,-0.101704,0.002046,0.00128
0,0.480262,0.004748,0.012708,0.094957,-0.014064,0.084669,0.002765,8.3e-05
0,0.527497,-0.08904,0.069829,-0.098482,0.041808,-0.096043,0.002028,0.001554
0,0.137156,-0.122095,-0.416125,-0.051115,-0.390038,-0.072999,0.002394,0.002131
0,0.060459,-0.090305,-0.091894,0.061673,-0.07829,0.029941,0.001055,0.001576
0,0.194087,-0.069575,0.131921,0.029448,0.131952,0.059405,0.00223,0.001214
0,0.049918,-0.030845,-0.160797,0.035632,-0.121423,0.055881,0.000871,0.000538
0,0.06617,-0.134397,0.023694,-0.122509,-0.022101,-0.110445,0.001155,0.002346
0,0.017893,-0.065193,-0.075618,0.06934,-0.114842,0.09888,0.000312,0.001138
0,0.096521,-0.113635,0.080198,-0.066245,0.128878,-0.016993,0.001685,0.001983
0,0.101624,-0.04582,-0.016743,0.073732,-0.034963,0.033029,0.001774,0.0008
0,0.093541,0.087424,-0.0142,0.104425,0.023099,0.138013,0.001633,0.001526
0,0.108376,-0.150225,0.044622,-0.240877,0.052178,-0.19414,0.001892,0.002622
0,-0.023444,-0.036403,-0.142787,0.11563,-0.130175,0.085771,0.000409,0.000635
0,0.228995,-0.04201,0.268648,0.014945,0.263813,0.014158,0.001621,0.000733
0,0.007146,-0.107368,-0.210055,-0.050602,-0.245397,-0.025959,0.000125,0.001874
0,0.105695,0.068944,0.119481,0.151714,0.098725,0.11534,0.001845,0.001203
0,0.170745,-0.006707,0.062304,-0.058299,0.051553,-0.103227,0.002637,0.000117
0,0.268479,0.100568,0.097395,0.097135,0.11966,0.111513,0.000932,0.001755
0,0.164424,0.078297,-0.105844,-0.046986,-0.071998,-0.087948,0.002748,0.001367
0,0.164498,0.03882,-0.003556,-0.049227,-0.048687,-0.083588,0.002746,0.000678
0,0.291938,-0.12315,0.132369,-0.15978,0.164563,-0.16431,0.000522,0.002149
0,0.27594,-0.139259,-0.031542,-0.022188,-0.017828,-0.056974,0.000801,0.002431
0,0.142265,0.077849,-0.112415,0.191575,-0.140871,0.14345,0.002483,0.001359
0,0.067374,0.051041,-0.069572,-0.007202,-0.077506,-0.045386,0.001176,0.000891
0,0.298509,-0.052322,0.252914,-0.129819,0.261824,-0.151133,0.000408,0.000913
0,0.202582,0.168976,-0.114294,0.247332,-0.07943,0.234369,0.002082,0.002668
0,0.00718,-0.026205,-0.201718,-0.167362,-0.158931,-0.206522,0.000125,0.000457
0,0.103557,-0.024142,0.070863,0.016217,0.079254,0.009572,0.001807,0.000421
0,0.311255,-0.096434,0.182547,-0.075905,0.162577,-0.037361,0.000185,0.001683
0,0.252074,0.05731,-0.085329,0.127586,-0.071055,0.101321,0.001218,0.001
0,0.189562,-0.014204,-0.054899,-0.096849,-0.039543,-0.077782,0.002309,0.000248
0,0.223364,-0.141936,0.058898,-0.131167,0.009778,-0.126416,0.001719,0.002477
0,0.116493,0.081078,-0.092349,0.234441,-0.04366,0.282477,0.002033,0.001415
0,0.310124,0.124009,0.215956,0.058454,0.175658,0.029651,0.000205,0.002164
0,0.124722,-0.000963,-0.210066,-0.108265,-0.220735,-0.114975,0.002177,1.7e-05
0,0.197106,0.135296,0.047827,0.132322,0.044697,0.132443,0.002177,0.002361
0,0.248954,-0.046873,0.065754,-0.182439,0.099323,-0.195947,0.001272,0.000818
0,0.111151,-0.068631,-0.138459,-0.040179,-0.165529,-0.079331,0.00194,0.001198
0,0.301207,-0.122365,0.200897,-0.064749,0.219906,-0.078524,0.00036,0.002136
0,0.292394,0.103188,-0.021849,0.230594,-0.022941,0.224192,0.000514,0.001801
0,0.117966,0.056481,-0.157966,-0.064186,-0.149713,-0.05549,0.002059,0.000986
0,0.16846,0.087735,0.053173,0.039436,0.018663,0.012848,0.002677,0.001531
0,-0.041612,0.077142,-0.221986,0.017785,-0.198686,0.031381,0.000726,0.001346
0,0.079279,0.112458,0.14551,0.061732,0.119921,0.064531,0.001384,0.001963
0,0.149062,-0.107028,0.086409,-0.241554,0.081534,-0.289078,0.002602,0.001868
0,-0.014126,-0.054708,-0.172029,0.038905,-0.187395,0.03352,0.000247,0.000955
0,-0.044491,-0.069887,-0.06006,-0.027039,-0.068078,-0.050735,0.000777,0.00122
0,0.10667,-0.040848,0.123518,0.025799,0.171127,0.056393,0.001862,0.000713
0,0.108908,-0.115849,-0.010713,-0.064477,0.021374,-0.06458,0.001901,0.002022
0,-0.061422,-0.080828,-0.184424,0.017508,-0.199664,0.046565,0.001072,0.001411
0,0.148552,0.095838,0.186729,0.185392,0.172159,0.201742,0.002593,0.001673
0,0.131362,0.004184,-0.018102,-0.113193,-0.012907,-0.142074,0.002293,7.3e-05
0,0.083708,-0.011734,-0.071723,-0.019455,-0.097712,-0.007112,0.001461,0.000205
0,0.210169,-0.016927,0.098885,0.022805,0.049905,0.070918,0.001949,0.000295
0,0.118092,0.022852,-0.096141,0.029123,-0.052548,0.018824,0.002061,0.000399
0,0.165193,-0.054646,0.026352,-0.09246,-0.016806,-0.080733,0.002734,0.000954
0,-0.040232,-0.010271,-0.19126,0.015527,-0.175254,0.005241,0.000702,0.000179
0,-0.087361,0.010219,-0.053085,0.034109,-0.054828,-0.010532,0.001525,0.000178
0,0.033171,0.02491,0.119456,-0.005336,0.105614,-0.032971,0.000579,0.000435
0,-0.112221,0.054524,-0.150469,0.034881,-0.137332,0.056056,0.001959,0.000952
0,0.130811,-0.14017,0.257621,-0.185149,0.220787,-0.18533,0.002283,0.002446
0,-2.474596,-1.156507,-2.581684,-1.020798,-2.54885,-1.056751,0.00175,0.002285
0,-5.679231,-2.678728,-3.217781,-1.534519,-3.172081,-1.524364,0.001994,0.001813
0,-5.196072,-2.752202,0.462241,-0.08655,0.483197,-0.113637,0.000808,0.002523
0,-5.85485,-2.657329,-0.668364,0.071617,-0.678004,0.041394,0.001071,0.001439
0,-4.648454,-2.129193,1.215512,0.516143,1.180842,0.545405,0.002486,0.002161
0,-2.96101,-1.590871,1.669296,0.534802,1.640647,0.533139,0.001122,0.000322
0,-2.604534,-1.102209,0.334739,0.505502,0.330462,0.513704,0.000518,0.002385
0,-1.854233,-0.802789,0.747501,0.307537,0.751608,0.292814,0.001343,0.002776
0,-1.491298,-0.143538,0.38614,0.686449,0.408471,0.64347,0.002059,0.002505
0,-0.894724,-0.019296,0.589167,0.116049,0.57531,0.112082,0.001237,0.000337
0,-0.221238,-0.056057,0.649113,-0.011264,0.686322,-0.004532,0.001756,0.000978
0,0.179429,-0.032235,0.430496,0.009637,0.418212,-0.002243,0.002486,0.000563
0,0.211335,0.035154,0.008094,0.043918,0.014238,0.003837,0.001929,0.000614
0,0.513713,0.12663,0.325142,0.094719,0.297983,0.106285,0.002269,0.00221
0,0.533206,0.178826,-0.006719,0.073179,-0.047256,0.07048,0.001929,0.002496
0,0.275405,0.012564,-0.286608,-0.182077,-0.242513,-0.213634,0.000811,0.000219
0,0.328124,0.013353,0.055705,-0.023341,0.094316,-0.026417,0.000109,0.000233
0,0.257189,0.225927,-0.081859,0.227826,-0.120973,0.196497,0.001129,0.001674
0,0.015869,-0.04628,-0.251339,-0.242342,-0.271935,-0.216509,0.000277,0.000808
0,0.020385,0.03401,0.013758,0.078069,-0.030727,0.060261,0.000356,0.000594
0,0.033848,0.031839,0.033545,-0.005051,0.067599,-0.054372,0.000591,0.000556
0,-0.192366,-0.051237,-0.250001,-0.108552,-0.290024,-0.094362,0.00226,0.000894
0,-0.085545,-0.046243,0.089248,0.003469,0.078608,0.011237,0.001493,0.000807
0,-0.02961,-0.112156,0.048453,-0.075832,0.076131,-0.080084,0.000517,0.001957
0,0.044214,0.064292,0.048506,0.160191,0.087002,0.151825,0.000772,0.001122
0,-0.164114,0.144047,-0.190462,0.092351,-0.210139,0.09209,0.002753,0.002514
0,-0.145647,0.134234,0.04655,-0.029152,0.074403,0.016288,0.002542,0.002343
0,-0.153678,0.029321,-0.032511,-0.098892,-0.042603,-0.129148,0.002682,0.000512
0,-0.169186,-0.11747,0.00156,-0.174871,-0.026806,-0.185344,0.002665,0.00205
0,-0.015292,-0.046174,0.157308,0.068056,0.178263,0.028671,0.000267,0.000806
0,0.037315,-0.126208,0.063953,-0.064856,0.042157,-0.077537,0.000651,0.002203
0,-0.067683,-0.00086,-0.130053,0.138126,-0.093887,0.144469,0.001181,1.5e-05
0,-0.12882,-0.124558,-0.03476,-0.140023,-0.051349,-0.149582,0.002248,0.002174
0,-0.159755,0.07898,-0.031419,0.21732,-0.041024,0.259228,0.002788,0.001378
0,1.576186,0.24166,1.715017,0.148309,1.671962,0.184523,0.000578,0.0014
0,3.808845,0.059081,2.218213,-0.170788,2.214898,-0.143649,0.000933,0.001031
0,3.770965,0.250459,-0.014676,0.22133,0.016006,0.182106,0.001594,0.001246
0,3.499154,0.086585,-0.269749,-0.18706,-0.318282,-0.175286,0.000721,0.001511
0,2.973047,0.107695,-0.543743,0.0004,-0.58653,-0.022192,0.001332,0.00188
0,2.018007,0.132361,-0.983428,0.017764,-0.9952,0.023098,0.001516,0.00231
0,0.998192,0.271879,-1.004404,0.125349,-1.009666,0.143535,0.000569,0.000872
0,0.60268,0.070334,-0.376953,-0.223361,-0.389848,-0.225181,0.000716,0.001228
0,0.234489,0.141403,-0.389867,0.074878,-0.383705,0.078935,0.001525,0.002468
0,0.029383,0.022505,-0.1974,-0.093192,-0.188935,-0.106535,0.000513,0.000393
0,-0.065931,0.016268,-0.099771,-0.001793,-0.135204,-0.007529,0.001151,0.000284
0,-0.264669,-0.070711,-0.215329,-0.090356,-0.197397,-0.134886,0.000998,0.001234
0,-0.415974,-0.015797,-0.166189,0.078091,-0.2066,0.029072,0.001643,0.000276
0,-0.315908,0.018854,0.121895,0.036607,0.096917,0.005549,0.000104,0.000329
0,-0.198582,-0.080486,0.132952,-0.088345,0.090691,-0.096181,0.002152,0.001405
0,-0.325802,-0.018453,-0.120708,0.05315,-0.096391,0.07932,6.9e-05,0.000322
0,-0.114327,0.169071,0.202794,0.173846,0.186988,0.142286,0.001995,0.002667
0,0.011007,0.090756,0.100536,-0.068551,0.148721,-0.096669,0.000192,0.001584
0,0.004639,0.153772,-0.01831,0.062893,-0.04627,0.023647,8.1e-05,0.002684
0,0.047397,-0.028844,0.042296,-0.160275,0.070907,-0.182457,0.000827,0.000503
0,0.029165,0.181019,-0.007282,0.225038,-0.056474,0.238193,0.000509,0.002458
0,0.052072,0.191106,0.035727,0.037247,0.047051,0.02885,0.000909,0.002282
0,-0.045702,0.170722,-0.096766,-0.017938,-0.123677,0.004373,0.000798,0.002638
0,-0.094704,-0.07219,-0.037309,-0.231603,-0.015783,-0.235642,0.001653,0.00126
0,-0.02482,0.130875,0.080232,0.208815,0.065991,0.20658,0.000433,0.002284
0,-0.147271,0.158364,-0.093928,0.016069,-0.128847,0.046656,0.00257,0.002764
0,-0.087703,0.202235,0.051148,0.028571,0.058844,-0.019146,0.001531,0.002088
0,-0.245172,0.182231,-0.138153,-0.006881,-0.126842,-0.034708,0.001338,0.002437
0,-0.224588,0.126148,0.024619,-0.032178,0.055946,-0.007652,0.001698,0.002202
0,-0.060834,-0.033602,0.142392,-0.150283,0.163398,-0.152301,0.001062,0.000586
0,-0.184573,0.120682,-0.132786,0.178247,-0.163587,0.131333,0.002396,0.002106
0,-0.130182,0.102103,0.066082,-0.025402,0.103253,0.022752,0.002272,0.001782
0,-0.024291,0.011863,0.104933,-0.093675,0.138717,-0.058837,0.000424,0.000207
0,0.049379,0.110855,0.058419,0.083486,0.024489,0.051843,0.000862,0.001935
0,0.054833,0.061108,0.008249,-0.065403,-0.014615,-0.051014,0.000957,0.001067
0,-0.03028,0.014092,-0.065373,-0.071798,-0.082615,-0.097722,0.000528,0.000246
0,0.054575,0.051716,0.100334,0.057713,0.112978,0.107093,0.000953,0.000903
0,-0.119701,-0.051103,-0.158594,-0.093204,-0.121928,-0.060358,0.002089,0.000892
0,0.126885,0.121016,0.273551,0.182326,0.22432,0.132885,0.002215,0.002112
0,-0.143436,0.170375,-0.293132,0.024303,-0.301954,0.061287,0.002503,0.002644
0,0.040561,0.15363,0.192279,-0.042061,0.172875,-0.043302,0.000708,0.002681
0,-0.037238,0.085328,-0.069367,-0.089482,-0.118958,-0.131752,0.00065,0.001489
0,-0.03306,-0.019134,0.007818,-0.13102,0.039042,-0.084439,0.000577,0.000334
0,-0.101166,-0.019558,-0.075893,-0.009059,-0.07875,-0.012484,0.001766,0.000341
0,0.15715,0.175119,0.269886,0.185395,0.285245,0.222141,0.002743,0.002561
0,0.136457,0.132792,5e-06,-0.031924,-0.030992,0.015245,0.002382,0.002318
0,0.097172,-0.071608,-0.050366,-0.190121,-0.067782,-0.197433,0.001696,0.00125
0,-0.15024,0.075832,-0.219878,0.171895,-0.175021,0.148251,0.002622,0.001324
0,-5.3e-05,-0.02282,0.167481,-0.084855,0.146424,-0.057055,1e-06,0.000398
0,-0.178443,0.152973,-0.19804,0.164674,-0.223424,0.199156,0.002503,0.00267
0,0.138655,-0.027479,0.313119,-0.207747,0.321832,-0.17385,0.00242,0.00048
0,-0.124905,0.091251,-0.283175,0.123577,-0.245392,0.10131,0.00218,0.001593
0,0.086374,-0.009585,0.212594,-0.108695,0.24222,-0.128353,0.001508,0.000167
0,-0.106176,0.061215,-0.16673,0.095161,-0.131667,0.135514,0.001853,0.001068
0,-0.155626,0.017015,-0.059096,-0.04232,-0.043748,-0.006852,0.002716,0.000297
0,0.130666,0.038704,0.305335,0.043211,0.348721,-0.004894,0.002281,0.000676
0,-0.032512,-0.087746,-0.164106,-0.114492,-0.119724,-0.151938,0.000567,0.001531
0,0.027194,0.072894,0.053888,0.178178,0.041789,0.141387,0.000475,0.001272
0,0.111365,-0.047304,0.112648,-0.135442,0.075963,-0.092708,0.001944,0.000826
0,-0.114745,-0.025339,-0.226601,0.040538,-0.212097,0.078343,0.002003,0.000442
0,-0.017396,-0.065226,0.118181,-0.044248,0.105029,-0.003452,0.000304,0.001138
0,-0.025947,-0.117811,0.021335,-0.0662,-0.007475,-0.060489,0.000453,0.002056
0,0.092518,0.076851,0.131772,0.182645,0.089985,0.217748,0.001615,0.001341
0,0.146379,0.020665,0.070236,-0.033679,0.044524,-0.009848,0.002555,0.000361
0,-0.066747,-0.006588,-0.233918,-0.03697,-0.264091,-0.058841,0.001165,0.000115
0,0.07562,0.148841,0.126576,0.178979,0.144252,0.181057,0.00132,0.002598
0,0.10461,-0.056054,0.057515,-0.212987,0.05246,-0.259097,0.001826,0.000978
0,0.15658,-0.020051,0.072694,0.043978,0.062584,0.074584,0.002733,0.00035
0,0.061681,0.045802,-0.086192,0.083081,-0.105668,0.094548,0.001077,0.000799
0,-0.07537,0.116662,-0.11278,0.064572,-0.090852,0.019634,0.001315,0.002036
0,-0.11191,-0.010037,-0.035825,-0.123726,0.004908,-0.119372,0.001953,0.000175
0,0.0911,0.018269,0.22557,0.011014,0.216019,0.036509,0.00159,0.000319
0,0.061307,-0.075088,-0.058047,-0.103379,-0.088202,-0.066372,0.00107,0.001311
0,-0.188963,-0.0432,-0.268601,0.054365,-0.231311,0.016085,0.002319,0.000754
0,-0.173163,0.120184,0.033265,0.168852,0.079504,0.16601,0.002595,0.002098
0,-0.000139,0.049176,0.148113,-0.070517,0.159216,-0.022004,2e-06,0.000858
0,-0.149159,-0.056343,-0.132503,-0.122783,-0.122017,-0.136662,0.002603,0.000983
0,-0.127238,0.051708,0.019531,0.119232,0.043298,0.129691,0.002221,0.000902
0,0.075897,0.081747,0.208665,0.050888,0.228796,0.061989,0.001325,0.001427
0,-0.036161,-0.144106,-0.08405,-0.205795,-0.10051,-0.160259,0.000631,0.002515
0,-0.002271,0.000643,0.050383,0.152799,0.009407,0.181628,4e-05,1.1e-05
0,0.085638,0.059698,0.082275,0.074888,0.054083,0.073071,0.001495,0.001042
0,0.077666,0.057001,0.00714,-0.00293,0.052128,-0.043598,0.001356,0.000995
0,-0.100617,0.093094,-0.196921,0.036514,-0.17647,0.084136,0.001756,0.001625
0,0.091667,-0.058158,0.188646,-0.141761,0.144092,-0.149786,0.0016,0.001015
0,0.08408,0.024498,0.016127,0.070352,0.016968,0.116976,0.001467,0.000428
0,-0.139646,-0.063938,-0.215175,-0.081237,-0.247741,-0.054934,0.002437,0.001116
0,0.043535,0.150265,0.154373,0.240659,0.163726,0.283765,0.00076,0.002623
0,-0.111366,0.162189,-0.128875,0.034111,-0.170514,-0.015663,0.001944,0.002787
0,0.143711,0.153631,0.2409,-0.005267,0.238024,-0.040901,0.002508,0.002681
0,0.029561,-0.103442,-0.109954,-0.241407,-0.149575,-0.194548,0.000516,0.001805
0,-0.100563,0.132471,-0.100743,0.24278,-0.096683,0.221008,0.001755,0.002312
0,0.036337,0.057903,0.15876,-0.066235,0.161126,-0.089354,0.000634,0.001011
0,0.053582,-0.019611,-0.001963,-0.067958,0.002832,-0.034978,0.000935,0.000342
0,-0.067079,-0.078348,-0.114391,-0.04099,-0.070516,-0.036567,0.001171,0.001367
0,0.075033,-0.062955,0.172044,0.000885,0.219656,-0.033282,0.00131,0.001099
0,0.03202,0.068448,-0.041964,0.102059,-0.00099,0.053446,0.000559,0.001195
0,-0.082089,0.058502,-0.121944,-0.029406,-0.094588,-0.076943,0.001433,0.001021
0,-0.206439,0.062107,-0.124375,-0.015953,-0.148587,-0.060493,0.002014,0.001084
0,-0.177816,0.161378,0.019925,0.08118,-0.002544,0.043399,0.002514,0.002801
0,-0.019587,-0.081513,0.183883,-0.247495,0.193434,-0.243677,0.000342,0.001423
0,0.060578,0.067936,0.05872,0.129711,0.087404,0.123448,0.001057,0.001186
0,0.056131,0.025785,0.008172,-0.042328,0.054805,-0.080356,0.00098,0.00045
0,-0.086732,0.00315,-0.134434,-0.006772,-0.103912,0.031685,0.001514,5.5e-05
0,0.069889,-0.097025,0.171031,-0.077271,0.169551,-0.035655,0.00122,0.001693
0,0.021061,-0.073246,-0.051267,0.01507,-0.064782,-0.006764,0.000368,0.001278
0,0.073374,0.090971,0.042217,0.149296,0.026963,0.169735,0.001281,0.001588
0,-0.04762,0.070551,-0.132211,-0.028846,-0.128702,-0.048933,0.000831,0.001231
0,0.208011,0.085756,0.269695,0.037657,0.310597,0.044416,0.001987,0.001497
0,-0.011511,0.040129,-0.230615,-0.068798,-0.223965,-0.047988,0.000201,0.0007
0,0.106348,0.030788,0.102338,-0.017615,0.128851,-0.026675,0.001856,0.000537
0,-0.004144,0.123585,-0.114598,0.069192,-0.154512,0.108123,7.2e-05,0.002157
0,-0.104098,0.110185,-0.105726,-0.042199,-0.12102,-0.027568,0.001817,0.001923
0,0.116329,-0.159296,0.240441,-0.240809,0.231233,-0.281116,0.00203,0.00278
0,0.010678,0.075047,-0.113929,0.236161,-0.132889,0.235667,0.000186,0.00131
0,-0.093063,0.000582,-0.099821,-0.084276,-0.10207,-0.051632,0.001624,1e-05
0,-0.143156,0.002353,-0.059906,-0.021893,-0.066879,-0.069326,0.002499,4.1e-05
0,-0.079025,-0.088086,0.071272,-0.119599,0.120536,-0.111783,0.001379,0.001537
0,-0.210057,-0.037333,-0.150508,0.044346,-0.128205,0.049736,0.001951,0.000652
0,-0.070171,-0.155176,0.168604,-0.136802,0.130659,-0.149784,0.001225,0.002708
0,-0.191995,-0.119276,-0.115119,0.020425,-0.096606,0.006444,0.002267,0.002082
0,0.047931,-0.041467,0.247806,0.082083,0.271698,0.113399,0.000837,0.000724
0,-0.056866,-0.106384,-0.094035,-0.05297,-0.06022,-0.05436,0.000992,0.001857
0,0.018572,0.024178,0.104818,0.115699,0.136662,0.095548,0.000324,0.000422
0,-0.120885,-0.116824,-0.109793,-0.157276,-0.093527,-0.188999,0.00211,0.002039
0,-0.192162,-0.067986,-0.049869,0.072032,-0.079492,0.080141,0.002264,0.001187
0,-0.0261,-0.185595,0.173538,-0.08928,0.179558,-0.042096,0.000456,0.002378
0,-0.139361,-0.070933,-0.12563,0.096863,-0.085638,0.060244,0.002432,0.001238
0,-0.107484,0.010996,0.004287,0.070468,-0.026674,0.110212,0.001876,0.000192
0,0.02271,0.037756,0.14628,0.025082,0.180362,0.063157,0.000396,0.000659
0,-0.090327,-0.207332,-0.140914,-0.246798,-0.121318,-0.200965,0.001577,0.001999
0,0.063038,-0.060594,0.126398,0.118269,0.108681,0.100044,0.0011,0.001058
0,0.157194,-0.140844,0.108883,-0.073896,0.153794,-0.121412,0.002744,0.002458
0,0.009324,0.019001,-0.12249,0.165669,-0.138865,0.208211,0.000163,0.000332
0,0.139808,0.057228,0.117441,0.015301,0.138493,0.038765,0.00244,0.000999
0,0.118219,0.008086,-0.02875,-0.060371,-0.03035,-0.074541,0.002063,0.000141
0,0.135816,0.064922,0.015649,0.043103,0.039537,0.022478,0.00237,0.001133
0,-0.064092,0.109634,-0.183347,0.042719,-0.181899,0.062811,0.001119,0.001913
0,-0.038565,0.115825,0.035305,0.035864,0.010582,0.072243,0.000673,0.002022
0,-0.024578,0.011899,0.016515,-0.112504,-0.024627,-0.085047,0.000429,0.000208
0,0.166287,0.042975,0.209226,0.022274,0.252621,0.01167,0.002715,0.00075
0,0.247711,-0.139648,0.076741,-0.199663,0.086474,-0.186007,0.001294,0.002437
0,0.13427,-0.019442,-0.111058,0.106491,-0.112487,0.096347,0.002343,0.000339
0,0.144386,-0.016643,0.001099,0.006122,0.004315,0.018578,0.00252,0.00029
0,0.178371,-0.084458,0.024347,-0.045944,0.019725,-0.013196,0.002504,0.001474
0,0.150755,0.014119,-0.00056,0.086366,0.045049,0.13196,0.002631,0.000246
0,-0.013964,0.097796,-0.164659,0.084022,-0.186321,0.099918,0.000244,0.001707
0,0.009962,-0.050045,0.052013,-0.149849,0.006446,-0.101447,0.000174,0.000873
0,0.020292,-0.061339,0.009304,-0.005871,0.052673,-0.008759,0.000354,0.001071
0,0.118744,-0.031142,0.096287,0.002864,0.132241,0.026625,0.002072,0.000544
0,0.121366,0.05625,-0.015399,0.075727,-0.022119,0.06025,0.002118,0.000982
0,-0.021485,-0.023436,-0.123051,-0.060525,-0.078867,-0.079216,0.000375,0.000409
0,0.01356,0.079183,0.020995,0.098833,0.037688,0.070245,0.000237,0.001382
0,0.174585,0.063379,0.153057,0.010071,0.120494,-0.013473,0.00257,0.001106
0,0.124517,-0.076318,-0.067841,-0.148846,-0.066015,-0.152334,0.002173,0.001332
0,0.087998,-0.07683,-0.040195,0.025464,-0.059923,0.074958,0.001536,0.001341
0,0.166978,0.118905,0.075029,0.206175,0.07851,0.166594,0.002703,0.002075
0,-0.059571,-0.002458,-0.253574,-0.145468,-0.234415,-0.116823,0.00104,4.3e-05
0,-0.093441,0.040332,-0.057939,0.058121,-0.09927,0.099547,0.001631,0.000704
0,0.028893,0.053,0.117364,0.022513,0.14882,0.02983,0.000504,0.000925
0,0.217508,-0.109182,0.215536,-0.161172,0.256123,-0.115593,0.001821,0.001906
0,0.144143,0.070841,-0.084806,0.159439,-0.108223,0.140582,0.002516,0.001236
0,0.157386,-0.073692,0.023378,-0.142315,0.002663,-0.117464,0.002747,0.001286
0,0.078549,-0.122089,-0.068752,-0.026007,-0.071387,-0.017154,0.001371,0.002131
0,0.215634,-0.051283,0.16426,0.065579,0.133946,0.067502,0.001854,0.000895
0,0.066784,-0.066127,-0.172114,0.011613,-0.126433,-0.032725,0.001166,0.001154
0,0.144483,-0.154874,0.065576,-0.08152,0.090518,-0.085105,0.002522,0.002703
0,0.050514,-0.077313,-0.072696,0.063643,-0.095292,0.089791,0.000882,0.001349
0,0.196142,-0.080588,0.160206,-0.012162,0.17439,0.013138,0.002194,0.001407
0,0.121104,-0.126212,-0.065601,-0.044204,-0.089239,-0.050541,0.002114,0.002203
0,0.088356,-0.002922,-0.025018,0.106075,-0.057817,0.12778,0.001542,5.1e-05
0,0.13415,0.095597,0.07222,0.124879,0.083157,0.088069,0.002341,0.001668
0,0.078798,0.08473,-0.029066,-0.010953,-0.008925,0.000889,0.001375,0.001479
0,-0.053764,0.006315,-0.144396,-0.096817,-0.172506,-0.05192,0.000938,0.00011
0,-0.004016,0.087826,0.055791,0.096946,0.0312,0.112276,7e-05,0.001533
0,-0.122628,-0.145485,-0.145353,-0.223803,-0.114581,-0.222949,0.00214,0.002539
0,0.104012,0.006014,0.226133,0.166659,0.219602,0.120206,0.001815,0.000105
0,-0.066944,-0.017612,-0.144606,-0.017752,-0.163688,-0.044044,0.001168,0.000307
0,0.190604,-0.021636,0.284196,0.013062,0.235687,0.040153,0.002291,0.000378
0,0.25351,-0.057108,0.08467,-0.035581,0.094833,-0.068501,0.001193,0.000997
0,0.04558,0.05174,-0.195771,0.108511,-0.146837,0.076425,0.000796,0.000903
0,0.091359,0.055147,0.035988,0.017629,-0.002141,0.058471,0.001595,0.000963
0,-0.004469,-0.110171,-0.100664,-0.190784,-0.077577,-0.212919,7.8e-05,0.001923
0,0.020499,-0.019082,0.043333,0.097354,0.031407,0.145735,0.000358,0.000333
0,0.118625,0.071919,0.117757,0.089889,0.090355,0.134311,0.00207,0.001255
0,0.198764,-0.221382,0.089915,-0.267624,0.072451,-0.309756,0.002148,0.001754
0,0.007536,-0.219733,-0.196616,0.025584,-0.213506,-0.01823,0.000132,0.001782
0,-0.072523,-0.013749,-0.053373,0.18528,-0.063446,0.186472,0.001266,0.00024
0,0.182013,0.01942,0.283281,0.05299,0.293904,0.062907,0.002441,0.000339
0,0.104427,-0.216883,-0.047643,-0.223009,-0.014813,-0.195642,0.001823,0.001832
0,0.184393,0.017402,0.054296,0.229991,0.024009,0.199181,0.002399,0.000304
0,0.125885,-0.163805,-0.041796,-0.199898,-0.004159,-0.218165,0.002197,0.002759
0,0.07965,0.010381,-0.026523,0.197637,-0.003033,0.186576,0.00139,0.000181
0,0.279731,-0.180731,0.1838,-0.168751,0.167797,-0.138397,0.000735,0.002463
0,0.325307,-0.073129,0.030203,0.080633,0.005532,0.122774,6e-05,0.001276
0,0.26961,-0.057722,-0.077775,0.025167,-0.078801,-0.01914,0.000912,0.001007
0,0.194255,-0.033602,-0.054444,0.043463,-0.011182,0.063198,0.002227,0.000586
0,0.24256,-0.117689,0.068861,-0.072643,0.041006,-0.119107,0.001384,0.002054
0,0.05872,0.009774,-0.189591,0.127366,-0.169118,0.09417,0.001025,0.000171
0,0.028949,0.011971,-0.008021,0.021793,0.01294,-0.022065,0.000505,0.000209
0,0.116062,0.146215,0.077657,0.152531,0.124301,0.165507,0.002026,0.002552
0,0.106654,0.065576,-0.032796,-0.082296,0.002232,-0.102594,0.001861,0.001145
0,0.323548,-0.017047,0.239217,-0.095214,0.22114,-0.100747,2.9e-05,0.000298
0,0.271252,0.024502,-0.034752,0.068117,-0.075488,0.102799,0.000883,0.000428
0,0.273359,-0.06301,-0.017406,-0.058319,0.018852,-0.079866,0.000846,0.0011
0,0.0575,-0.082519,-0.223787,-0.029533,-0.20858,-0.075115,0.001004,0.00144
0,0.246632,-0.033382,0.213312,0.027326,0.191174,0.009557,0.001313,0.000583
0,0.109797,0.044077,-0.115543,0.095483,-0.116597,0.109854,0.001916,0.000769
0,0.018876,-0.130228,-0.093467,-0.153007,-0.106653,-0.172815,0.000329,0.002273
0,0.134777,0.058483,0.120968,0.201978,0.141618,0.199373,0.002352,0.001021
0,0.086656,-0.003025,-0.065336,-0.041739,-0.091101,-0.074051,0.001512,5.3e-05
0,0.193013,-0.140588,0.115066,-0.162737,0.153537,-0.176106,0.002249,0.002454
0,0.000121,-0.196937,-0.196787,-0.064902,-0.209155,-0.099562,2e-06,0.00218
0,0.142587,-0.008634,0.158744,0.163301,0.198781,0.140415,0.002489,0.000151
0,0.022854,-0.126839,-0.113199,-0.098379,-0.149539,-0.133734,0.000399,0.002214
0,0.017024,-0.197766,-0.019499,-0.07388,0.000726,-0.086549,0.000297,0.002166
0,0.189526,-0.156062,0.197898,0.037089,0.243156,0.008298,0.00231,0.002724
0,0.013351,-0.21647,-0.159293,-0.06437,-0.123713,-0.090181,0.000233,0.001839
0,0.084907,-0.124467,0.076501,0.063871,0.069752,0.027109,0.001482,0.002172
0,0.044611,-0.026009,-0.021472,0.097785,-0.065399,0.095622,0.000779,0.000454
0,0.013776,-0.016798,-0.049074,0.027742,-0.032693,0.042061,0.00024,0.000293
0,0.17199,-0.09343,0.175524,-0.05924,0.21012,-0.03088,0.002616,0.001631
0,-0.052223,-0.044829,-0.206705,0.052749,-0.235192,0.090611,0.000911,0.000782
0,0.005014,0.028721,0.028991,0.092703,-0.001035,0.094469,8.8e-05,0.000501
0,-0.086631,0.084346,-0.081177,0.038857,-0.094468,0.041224,0.001512,0.001472
0,-0.003761,0.068191,0.069074,-0.010517,0.088779,0.020881,6.6e-05,0.00119
0,0.159775,-0.201559,0.139115,-0.251697,0.170846,-0.25555,0.002789,0.0021
0,2.266049,-0.235016,2.123183,-0.032733,2.156693,-0.023643,0.000227,0.001516
0,2.999415,-0.615868,0.705325,-0.386496,0.729761,-0.431204,0.001792,0.000486
0,2.59324,-0.750121,-0.413483,-0.142937,-0.42835,-0.120061,0.000321,0.001857
0,2.112864,-0.603294,-0.505549,0.128162,-0.456094,0.170662,0.002446,0.000706
0,2.232186,-0.55928,0.11472,0.019835,0.114051,0.060094,0.000364,0.001474
0,2.133839,-0.413618,-0.086865,0.126635,-0.048704,0.175067,0.00208,0.001601
0,1.42285,-0.311307,-0.696596,0.083186,-0.679265,0.087186,0.002363,0.000184
0,1.104085,-0.09966,-0.326755,0.240217,-0.315081,0.264329,0.002417,0.001739
0,0.634916,0.005648,-0.465367,0.097959,-0.499534,0.0724,0.000154,9.9e-05
0,0.433631,0.077121,-0.201518,0.083255,-0.172963,0.08276,0.001951,0.001346
0,0.16055,0.027617,-0.257349,-0.020962,-0.233902,-0.012229,0.002802,0.000482
0,0.011936,0.164142,-0.144202,0.127976,-0.140036,0.089104,0.000208,0.002753
0,-0.09038,0.14056,-0.110544,0.004595,-0.1132,0.053895,0.001577,0.002453
0,-0.051987,0.159806,0.022088,0.028658,-0.009767,-0.008484,0.000907,0.002789
0,-0.007279,0.115968,0.05162,-0.023844,0.092361,0.000146,0.000127,0.002024
0,-0.204209,0.069714,-0.205231,-0.055025,-0.164139,-0.037119,0.002053,0.001217
0,-0.195197,0.195683,0.026501,0.106344,0.016295,0.064177,0.002211,0.002202
0,-0.129452,-0.125357,0.081408,-0.345385,0.118225,-0.37624,0.002259,0.002188
0,-0.062054,-0.051163,0.042303,0.081178,0.035169,0.127093,0.001083,0.000893
0,-0.031478,-0.032691,0.014111,0.011064,-0.01735,-0.018629,0.000549,0.000571
0,0.0745,-0.041261,0.128656,-0.033071,0.133551,-0.016368,0.0013,0.00072
0,-0.022254,-0.019668,-0.114383,0.030222,-0.065184,0.075628,0.000388,0.000343
0,0.045658,0.077088,0.038914,0.094722,0.079631,0.120664,0.000797,0.001345
0,-0.132944,-0.051201,-0.16449,-0.121219,-0.148628,-0.126376,0.00232,0.000894
0,-0.178068,-0.055362,-0.048615,0.001127,-0.025341,-0.029796,0.00251,0.000966
0,0.106404,0.048935,0.294276,0.096266,0.307635,0.121551,0.001857,0.000854
0,-0.00042,-0.085903,-0.116532,-0.142902,-0.135782,-0.146549,7e-06,0.001499
0,0.110223,-0.034434,0.108088,0.060264,0.084941,0.013629,0.001924,0.000601
0,0.146048,-0.046637,0.005946,-0.030763,-0.004587,-0.005161,0.002549,0.000814
0,0.046414,-0.162763,-0.081868,-0.092896,-0.078228,-0.132362,0.00081,0.002777
0,0.093141,0.020632,0.037738,0.15939,0.023677,0.178571,0.001626,0.00036
0,-0.052985,-0.124118,-0.131942,-0.153558,-0.145359,-0.124718,0.000925,0.002166
0,-0.012019,-0.072003,0.030677,0.061951,0.029101,0.104528,0.00021,0.001257
0,-0.033653,-0.054569,-0.005157,0.016442,-0.045265,0.032278,0.000587,0.000952
0,0.124317,0.069302,0.167766,0.131535,0.151262,0.171884,0.00217,0.00121
0,0.084196,-0.125078,-0.015181,-0.173254,0.018426,-0.154008,0.00147,0.002183
0,0.061221,-0.106359,-0.039139,0.046171,-0.048884,0.072609,0.001069,0.001856
0,0.002149,-0.145395,-0.064548,-0.049338,-0.01781,-0.041928,3.8e-05,0.002538
0,-0.10224,-0.124475,-0.099249,0.010133,-0.107719,0.004095,0.001784,0.002173
0,0.018443,-0.164452,0.145018,-0.045901,0.096044,-0.040672,0.000322,0.002747
0,-0.140329,0.065528,-0.155242,0.201193,-0.203252,0.158546,0.002449,0.001144
0,0.129984,-0.166499,0.249079,-0.22581,0.234663,-0.243905,0.002269,0.002712
0,-0.167393,0.093104,-0.301399,0.287613,-0.298742,0.291649,0.002696,0.001625
0,-0.111384,-0.119061,0.048033,-0.202462,0.028542,-0.209668,0.001944,0.002078
0,0.05934,0.081976,0.184332,0.213374,0.146539,0.209494,0.001036,0.001431
0,0.000528,-0.00327,-0.044394,-0.106469,-0.088875,-0.070083,9e-06,5.7e-05
0,0.005911,-0.150556,0.001617,-0.174355,-0.035294,-0.157643,0.000103,0.002628
0,-0.042562,-0.110037,-0.042954,0.011061,-0.09246,-0.006623,0.000743,0.001921
0,-0.075924,0.058841,-0.036016,0.184214,-0.014521,0.193572,0.001325,0.001027
0,0.057545,-0.052766,0.161801,-0.09308,0.193092,-0.093542,0.001004,0.000921
0,0.069865,0.066181,0.004389,0.123565,0.052378,0.123001,0.001219,0.001155
0,0.092292,0.070862,0.024377,0.011334,0.024821,-0.021857,0.001611,0.001237
0,-0.051415,0.161911,-0.163699,0.11001,-0.13026,0.074944,0.000897,0.002792
0,0.083653,-0.103787,0.139933,-0.239656,0.103799,-0.242468,0.00146,0.001811
0,0.057081,-0.129404,-0.028469,-0.042951,-0.020086,-0.054429,0.000996,0.002259
0,-0.011762,0.079528,-0.05586,0.233786,-0.076914,0.233356,0.000205,0.001388
0,0.137971,-0.048604,0.173474,-0.133504,0.215123,-0.10818,0.002408,0.000848
0,0.125954,-0.010108,0.001506,0.033169,0.039448,0.064453,0.002198,0.000176
0,0.176093,0.074553,0.035137,0.089559,0.032774,0.061499,0.002544,0.001301
0,0.059782,0.093124,-0.114349,0.040399,-0.091152,0.035712,0.001043,0.001625
0,0.171277,0.046339,0.127394,-0.030531,0.138752,-0.04423,0.002628,0.000809
0,-0.006996,0.087046,-0.198622,0.011108,-0.190627,0.016823,0.000122,0.001519
0,-0.585671,-1.231089,-0.565627,-1.293867,-0.572789,-1.336006,0.001013,0.000983
0,-0.425274,-0.91573,0.153188,0.32141,0.189575,0.303296,0.001805,0.00087
0,-0.86117,-0.969095,-0.428842,-0.035813,-0.407372,-0.064099,0.001822,6.1e-05
0,-0.799744,-1.005048,0.031455,-0.008138,0.037497,-0.038115,0.002723,0.000689
0,-0.66964,-0.977808,0.130813,0.049478,0.116007,0.082068,0.000452,0.000213
0,-0.584218,-0.670417,0.112859,0.317774,0.091893,0.358301,0.001038,0.000466
0,-0.495449,-0.536192,0.092699,0.114957,0.097712,0.158126,0.002588,0.002106
0,-0.196698,-0.269589,0.309613,0.237337,0.324689,0.231348,0.002184,0.002106
0,-0.072698,-0.151257,0.144726,0.092764,0.18409,0.063361,0.001269,0.002106
0,-0.056978,0.085571,-0.008912,0.264097,-0.04979,0.236355,0.000994,0.002106
0,0.096931,0.092675,0.131615,0.029444,0.166434,0.0543,0.001692,0.002106
0,0.082412,-0.064725,-0.023612,-0.147955,-0.002946,-0.101534,0.001438,0.002106
0,0.194144,0.200108,0.12842,0.24885,0.141417,0.274943,0.002229,0.002125
0,0.119747,0.175178,-0.048616,-0.049497,-0.025983,-0.094732,0.00209,0.00256
0,-0.019324,-0.099624,-0.167005,-0.255225,-0.201852,-0.224807,0.000337,0.001739
0,0.169428,-0.093936,0.159123,-0.021372,0.118767,-0.000237,0.00266,0.001639
0,-0.059797,0.052893,-0.203203,0.159116,-0.235634,0.130058,0.001044,0.000923
0,0.150419,0.053119,0.227471,-0.011945,0.187372,0.026693,0.002625,0.000927
0,0.151437,0.034648,0.02863,-0.020342,0.020341,-0.033807,0.002643,0.000605
0,-0.07364,0.021485,-0.207404,-0.024092,-0.188541,-0.031128,0.001285,0.000375
0,0.05247,-0.02001,0.120266,-0.035429,0.115918,-0.069934,0.000916,0.000349
0,0.182252,-0.135139,0.106172,-0.103066,0.088538,-0.08952,0.002437,0.002359
0,0.032222,-0.00407,-0.124824,0.115574,-0.120151,0.157408,0.000562,7.1e-05
0,-0.156951,0.064267,-0.217208,0.093721,-0.212364,0.04604,0.002739,0.001122
0,0.042486,0.075095,0.178336,0.023355,0.169226,0.067168,0.000742,0.001311
0,0.009731,0.009814,-0.041891,-0.037893,-0.081516,-0.028661,0.00017,0.000171
0,-0.062169,-0.073578,-0.077361,-0.104952,-0.030838,-0.145665,0.001085,0.001284
0,-0.028775,0.050715,0.038502,0.109625,-0.007813,0.131446,0.000502,0.000885
0,-0.013419,-0.074679,-0.008685,-0.124092,-0.002472,-0.085085,0.000234,0.001303
0,-0.150463,-0.016292,-0.143445,0.083503,-0.148586,0.052465,0.002626,0.000284
0,-0.099321,-0.049122,0.057285,-0.01393,0.090353,-0.000839,0.001733,0.000857
0,-0.10653,-0.168056,0.003105,-0.117433,-0.029235,-0.105161,0.001859,0.002684
0,-0.039689,-0.058891,0.040449,0.115935,0.061306,0.08225,0.000693,0.001028
0,-0.086455,0.13201,-0.058365,0.161426,-0.034933,0.166409,0.001509,0.002304
0,-0.086128,0.083973,-0.018748,-0.032013,-0.027948,-0.021785,0.001503,0.001466
0,-0.061335,0.027691,0.038653,-0.057831,0.006902,-0.099073,0.00107,0.000483
0,0.119495,0.054812,0.197518,0.042053,0.238995,0.002342,0.002086,0.000957
0,0.03153,0.052744,-0.084107,0.017271,-0.108219,0.051406,0.00055,0.000921
0,0.037985,-0.117798,-0.016253,-0.185207,-0.012489,-0.141523,0.000663,0.002056
0,0.055546,0.057207,-0.006568,0.157349,-0.013724,0.127679,0.000969,0.000998
0,-0.082583,0.155582,-0.121743,0.112489,-0.114741,0.130343,0.001441,0.002715
0,0.097953,-0.050536,0.194141,-0.20021,0.1668,-0.203871,0.00171,0.000882
0,-0.095294,0.070153,-0.189466,0.133335,-0.200506,0.156911,0.001663,0.001224
0,-0.024434,-0.104423,0.096719,-0.178703,0.081383,-0.161338,0.000426,0.001823
0,-0.170041,-0.133994,-0.155977,-0.05263,-0.111736,-0.073122,0.00265,0.002339
0,-0.198125,0.040406,-0.02496,0.178377,-0.016968,0.14747,0.00216,0.000705
0,0.016534,-0.131867,0.233307,-0.19402,0.253727,-0.205324,0.000289,0.002302
0,-0.085603,-0.109746,-0.085838,-0.000146,-0.09442,0.010499,0.001494,0.001915
0,-0.072008,-0.102002,0.002149,0.010451,0.025299,-0.030558,0.001257,0.00178
0,-0.018529,0.028254,0.024741,0.111503,0.072857,0.125752,0.000323,0.000493
0,-0.150153,-0.136607,-0.158844,-0.14037,-0.147282,-0.163041,0.002621,0.002384
0,-0.018743,-0.037812,0.142859,0.10994,0.170998,0.066788,0.000327,0.00066
0,-0.01688,-0.203111,0.003263,-0.167264,-0.00686,-0.206018,0.000295,0.002106
0,-0.239216,-0.041715,-0.203841,0.174261,-0.209596,0.147777,0.001442,0.002106
0,-0.225146,-0.090468,0.000416,-0.044111,0.031345,0.001845,0.001688,0.002106
0,-0.196462,-0.076529,0.018084,0.034593,0.047315,0.072785,0.002189,0.002106
0,-0.063532,0.091231,0.150795,0.156369,0.141543,0.178824,0.001109,0.002106
0,0.010603,-0.037663,0.094591,-0.105608,0.119334,-0.108467,0.000185,0.002106
0,0.059285,-0.050113,0.074755,-0.011286,0.069221,-0.00158,0.001035,0.002106
0,0.02094,0.043583,-0.022109,0.066308,-0.020196,0.095959,0.000365,0.002106
0,-0.040571,0.097053,-0.063525,0.066306,-0.058639,0.081659,0.000708,0.002106
0,-0.002742,0.113063,0.037436,-0.00084,0.080579,0.013315,4.8e-05,0.002106
0,-0.072577,-0.090315,-0.04318,-0.199915,-0.058177,-0.225145,0.001267,0.002106
0,-0.142737,-0.130388,-0.095471,-0.034624,-0.109695,-0.036109,0.002491,0.002106
0,-0.095806,0.14152,0.068514,0.251413,0.116669,0.264867,0.001672,0.00247
0,-0.298791,-0.060516,-0.194076,-0.184858,-0.172765,-0.169217,0.000403,0.002106
0,-0.184017,-0.065915,0.124607,0.00796,0.09485,0.047459,0.002406,0.002106
0,-0.131745,-0.099343,0.026669,-0.014524,0.053084,-0.008648,0.002299,0.002106
0,-0.127424,0.122517,0.021865,0.248744,0.062462,0.214642,0.002224,0.002138
0,-0.189028,-0.073553,-0.056758,-0.170606,-0.077597,-0.122387,0.002318,0.002106
0,-0.180015,-0.101953,0.01864,-0.050255,0.018577,-0.012453,0.002476,0.002106
0,-0.01529,0.178421,0.141808,0.290025,0.129166,0.266055,0.000267,0.002503
0,-0.22193,0.07551,-0.186046,-0.097937,-0.157425,-0.100783,0.001744,0.001318
0,-1.29506,0.601263,-1.044385,0.510355,-1.069233,0.481354,0.000133,0.000741
0,-2.218023,0.711999,-0.912669,0.084357,-0.870522,0.101632,0.000611,0.001192
0,-2.387563,1.051485,-0.143945,0.367474,-0.179591,0.340755,0.002348,0.001499
0,-2.082723,0.757894,0.334486,-0.303755,0.32222,-0.33151,0.002645,0.001993
0,-1.725786,0.618832,0.349863,-0.131587,0.308199,-0.104047,0.002033,0.000434
0,0.839577,1.013869,2.592694,0.383213,2.545505,0.40736,0.002199,0.000843
0,2.055353,1.476177,1.192697,0.468065,1.156967,0.484855,0.002168,0.002323
0,2.488344,1.555604,0.451809,0.066431,0.466182,0.075253,0.00151,0.000937
0,4.083868,1.111973,1.618026,-0.468965,1.604158,-0.464639,0.001751,0.002555
0,3.651302,1.008155,-0.415536,-0.116577,-0.395012,-0.115621,0.001935,0.000743
0,3.011955,0.530746,-0.624885,-0.472335,-0.669611,-0.454877,0.002011,0.001972
0,2.420743,0.454596,-0.595032,-0.103585,-0.613291,-0.102223,0.00269,0.002317
0,1.97786,0.357581,-0.432297,-0.106178,-0.412979,-0.108386,0.000815,0.000623
0,1.205673,0.097091,-0.752806,-0.267448,-0.79788,-0.221546,0.001427,0.001695
0,0.904006,-0.005667,-0.313164,-0.126749,-0.313379,-0.139105,0.001075,9.9e-05
0,0.273754,0.069377,-0.639272,0.053056,-0.655722,0.035731,0.00084,0.001211
0,-0.032473,-0.180758,-0.298558,-0.25861,-0.338717,-0.239846,0.000567,0.002463
0,-0.09797,0.05704,-0.088823,0.264087,-0.095361,0.229606,0.00171,0.000996
0,-0.332452,0.084713,-0.25799,0.045168,-0.301711,0.075519,0.000185,0.001479
0,-0.552972,0.017957,-0.226334,-0.079457,-0.214118,-0.094714,0.001584,0.000313
0,-0.20832,-0.001586,0.336769,-0.043127,0.377447,-0.025945,0.001982,2.8e-05
0,-0.211087,-0.027311,0.00047,-0.030745,-0.002567,-0.053744,0.001933,0.000477
0,-0.168386,-0.067281,0.023416,-0.049794,0.01587,-0.082053,0.002679,0.001174
0,-0.256202,0.037926,-0.058576,0.091533,-0.035882,0.109507,0.001146,0.000662
0,-0.2466,-0.104756,0.007117,-0.171865,0.045823,-0.146081,0.001314,0.001828
0,0.034841,-0.015378,0.27384,0.086219,0.263688,0.102494,0.000608,0.000268
0,0.137693,0.081796,0.087002,0.120199,0.042315,0.145036,0.002403,0.001428
0,0.08206,-0.189335,-0.043664,-0.295184,-0.021882,-0.305992,0.001432,0.002313
0,0.122259,-0.031025,0.050533,0.14225,0.089467,0.163024,0.002134,0.000541
0,0.17916,-0.123831,0.072036,-0.083058,0.10514,-0.126245,0.002491,0.002161
0,-0.057186,0.132877,-0.261285,0.271519,-0.302984,0.296546,0.000998,0.002319
0,0.180642,-0.1047,0.26126,-0.223323,0.273976,-0.189391,0.002465,0.001827
0,-0.058739,0.12234,-0.263815,0.217349,-0.223587,0.175351,0.001025,0.002135
0,0.091232,0.099786,0.163208,-0.022821,0.211113,-0.034582,0.001592,0.001742
0,-0.0562,0.10065,-0.149426,0.002136,-0.144981,-0.021073,0.000981,0.001757
0,0.060878,0.017986,0.116275,-0.104437,0.156525,-0.131582,0.001063,0.000314
0,0.067897,0.009371,0.012439,-0.014681,-0.015718,0.007357,0.001185,0.000164
0,0.008179,-0.050521,-0.058885,-0.039708,-0.021366,-0.03915,0.000143,0.000882
0,-0.157434,0.050952,-0.162551,0.106951,-0.208456,0.128547,0.002748,0.000889
0,-0.044175,0.088032,0.100804,0.045969,0.133922,0.08095,0.000771,0.001536
0,0.049341,0.027278,0.11528,-0.039045,0.134998,-0.020735,0.000861,0.000476
0,-0.006031,0.08269,-0.061815,0.054875,-0.040453,0.012364,0.000105,0.001443
0,-0.032766,-0.000593,-0.032989,-0.099138,-0.066853,-0.137791,0.000572,1e-05
0,-0.048891,0.210993,-0.041655,0.20679,-0.040115,0.208594,0.000853,0.001935
0,-0.244681,0.041303,-0.191692,-0.170928,-0.195699,-0.200927,0.001347,0.000721
0,0.034222,-0.01022,0.300842,-0.036779,0.258714,-0.082419,0.000597,0.000178
0,-0.151668,0.196336,-0.188082,0.193943,-0.152624,0.188277,0.002647,0.002191
0,-0.033836,-0.055098,0.131527,-0.251297,0.153185,-0.282121,0.000591,0.000962
0,0.005829,0.077734,0.023137,0.113214,0.055538,0.143378,0.000102,0.001357
0,0.044927,0.069276,0.057998,-0.031581,0.040946,-0.033468,0.000784,0.001209
0,-0.040611,0.002586,-0.107737,-0.091717,-0.070866,-0.132336,0.000709,4.5e-05
0,0.120893,0.090066,0.169258,0.108488,0.194916,0.145977,0.00211,0.001572
0,-0.030242,-0.095864,-0.147581,-0.191361,-0.174548,-0.218796,0.000528,0.001673
0,0.163327,-0.134488,0.204334,-0.060237,0.164733,-0.099959,0.002767,0.002347
0,-0.071283,-0.119984,-0.241258,-0.013043,-0.275224,-0.053877,0.001244,0.002094
0,0.164269,-0.005049,0.251642,0.111894,0.263022,0.15394,0.00275,8.8e-05
0,-0.089628,0.001624,-0.264802,0.012673,-0.224527,0.038355,0.001564,2.8e-05
0,0.056808,0.142959,0.126405,0.121901,0.159087,0.122235,0.000991,0.002495
0,0.009497,0.01215,-0.065165,-0.136682,-0.027855,-0.08881,0.000166,0.000212
0,0.123001,0.079255,0.120212,0.064571,0.125807,0.054459,0.002147,0.001383
0,0.085851,0.075483,-0.041854,-0.001262,-0.02364,0.000949,0.001498,0.001317
0,0.138311,0.138408,0.043317,0.071123,0.041146,0.086294,0.002414,0.002416
0,-0.104496,0.005581,-0.265596,-0.141099,-0.240321,-0.097277,0.001824,9.7e-05
0,0.036842,-0.132997,0.160019,-0.153202,0.195958,-0.175184,0.000643,0.002321
0,0.016596,0.035583,-0.036041,0.146243,-0.036121,0.119386,0.00029,0.000621
0,0.100426,-0.056724,0.10867,-0.07227,0.11422,-0.025394,0.001753,0.00099
0,-0.015669,0.041826,-0.120187,0.077335,-0.143699,0.120769,0.000273,0.00073
0,0.022906,-0.14023,0.044166,-0.152082,0.035297,-0.160646,0.0004,0.002447
0,0.089157,0.118002,0.076459,0.22842,0.048027,0.214135,0.001556,0.00206
0,-0.022226,-0.054033,-0.104301,-0.19249,-0.140429,-0.159386,0.000388,0.000943
0,0.151825,0.124014,0.198526,0.160282,0.18022,0.18791,0.00265,0.002164
0,0.098952,0.060019,-0.060801,-0.057204,-0.027276,-0.098759,0.001727,0.001048
0,0.056236,-0.037635,-0.045252,-0.094449,-0.086096,-0.104775,0.000982,0.000657
0,-0.088313,-0.140014,-0.14821,-0.12635,-0.102381,-0.089279,0.001541,0.002444
0,-0.042908,0.041206,0.044282,0.156183,0.023238,0.1718,0.000749,0.000719
0,-0.010487,-0.007807,0.020283,-0.05971,0.05813,-0.068671,0.000183,0.000136
0,0.148059,-0.142682,0.158146,-0.137995,0.125153,-0.120531,0.002584,0.00249
0,0.227081,0.05851,0.085146,0.189801,0.067937,0.17746,0.001654,0.001021
0,0.116091,-0.214018,-0.097298,-0.274037,-0.128905,-0.235652,0.002026,0.001882
0,-0.063033,-0.0067,-0.17028,0.225379,-0.178047,0.263683,0.0011,0.000117
0,0.180697,-0.025372,0.266548,-0.030708,0.230636,-0.078474,0.002464,0.000443
0,-0.052092,-0.100412,-0.206166,-0.048599,-0.177135,-0.089816,0.000909,0.001753
0,0.05198,0.074516,0.093989,0.160452,0.063993,0.160616,0.000907,0.001301
0,0.242845,0.010585,0.189768,-0.084166,0.233627,-0.101916,0.001379,0.000185
0,-0.012787,-0.204879,-0.266095,-0.21893,-0.27404,-0.200696,0.000223,0.002042
0,0.067087,-0.186003,0.065165,0.02709,0.03461,-0.015537,0.001171,0.002371
0,-0.020504,-0.178684,-0.081471,0.001797,-0.087518,-0.029766,0.000358,0.002499
0,-0.06896,0.080563,-0.025829,0.25744,0.001345,0.221865,0.001204,0.001406
0,-0.000348,-0.068427,0.039487,-0.171535,0.046415,-0.21353,6e-06,0.001194
0,-0.076919,-0.136328,-0.094988,-0.06755,-0.120176,-0.086702,0.001342,0.002379
0,-0.100535,-0.17561,-0.007256,-0.062906,0.019628,-0.10776,0.001755,0.002553
0,0.117279,-0.018041,0.205094,0.140906,0.228043,0.109784,0.002047,0.000315
0,0.121788,-0.19689,-0.008719,-0.20851,-0.020354,-0.257175,0.002126,0.002181
0,0.059561,-0.104407,-0.04364,0.119126,-0.030169,0.084819,0.00104,0.001822
0,0.031649,0.084151,-0.031724,0.158713,0.005953,0.163469,0.000552,0.001469
0,-0.09785,0.088697,-0.104411,-0.014395,-0.118316,-0.027753,0.001708,0.001548
0,-0.078932,0.077121,0.043469,-0.041404,0.00574,-0.053839,0.001378,0.001346
0,0.17673,0.009048,0.258403,-0.053295,0.243222,-0.027683,0.002533,0.000158
0,-0.028485,0.04884,-0.186448,0.030486,-0.156234,0.059026,0.000497,0.000852
0,0.151824,-0.151914,0.166626,-0.219445,0.121392,-0.221418,0.00265,0.002651
0,-0.055869,0.013035,-0.209421,0.14169,-0.212037,0.135038,0.000975,0.000228
0,0.150996,0.101301,0.193431,0.088216,0.228668,0.103389,0.002635,0.001768
0,0.055542,0.091154,-0.109369,-0.021725,-0.074781,0.00987,0.000969,0.001591
0,0.0345,-0.162071,-0.028283,-0.272813,-0.066657,-0.307899,0.000602,0.002789
0,-0.135375,0.001799,-0.164037,0.135322,-0.156212,0.158048,0.002363,3.1e-05
0,-0.039235,0.103574,0.122675,0.087525,0.159978,0.123201,0.000685,0.001808
0,-0.096117,-0.048433,-0.029739,-0.164671,-0.025508,-0.164628,0.001678,0.000845
0,-0.108023,-0.153046,-0.01734,-0.122866,0.023544,-0.075,0.001885,0.002671
0,-0.081494,0.123942,0.025481,0.283713,0.060102,0.319744,0.001422,0.002163
0,-0.13342,0.00808,-0.081319,-0.102273,-0.06997,-0.061217,0.002329,0.000141
0,-0.176125,-0.052139,-0.0287,-0.079321,-0.033669,-0.049622,0.002544,0.00091
0,0.03852,-0.031251,0.226584,-0.002562,0.24792,-0.037139,0.000672,0.000545
0,-0.107148,-0.117759,-0.123723,-0.058209,-0.074223,-0.101396,0.00187,0.002055
0,0.017206,0.025651,0.12465,0.13297,0.107862,0.113716,0.0003,0.000448
0,0.092574,0.085948,0.093413,0.047797,0.1427,0.035873,0.001616,0.0015
0,-0.170044,-0.051091,-0.252253,-0.116487,-0.212474,-0.122424,0.00265,0.000892
0,-0.182743,-0.007725,0.000505,0.026897,0.037588,0.04409,0.002428,0.000135
0,-0.030325,-0.137166,0.152441,-0.130472,0.145909,-0.162352,0.000529,0.002394
0,-0.2133,-0.107009,-0.20877,0.014658,-0.177787,-0.029932,0.001895,0.001868
0,-0.20116,-0.127209,0.009645,-0.026302,0.012376,-0.060265,0.002107,0.00222
0,-0.276811,0.013083,-0.093526,0.150168,-0.075166,0.1618,0.000786,0.000228
0,-0.301681,0.080102,-0.012762,0.054003,-0.050035,0.087155,0.000352,0.001398
0,-0.348541,0.04671,-0.063376,-0.060188,-0.085164,-0.023372,0.000466,0.000815
0,-0.138179,0.003507,0.200828,-0.05099,0.247242,-0.030516,0.002412,6.1e-05
0,-0.266929,0.024652,-0.143671,0.040208,-0.143863,0.062674,0.000959,0.00043
0,-0.11448,0.112922,0.164204,0.062441,0.117415,0.107555,0.001998,0.001971
0,-0.22274,-0.057909,-0.100444,-0.171843,-0.087014,-0.216767,0.00173,0.001011
0,-0.174925,-0.062572,0.051179,-0.015869,0.070693,0.010106,0.002564,0.001092
0,-0.247753,-0.033432,-0.079995,0.014295,-0.043194,0.0078,0.001293,0.000583
0,-0.274954,0.091709,-0.033653,0.121268,-0.015793,0.090378,0.000819,0.001601
0,-0.129127,-0.001641,0.144221,-0.091356,0.097411,-0.119158,0.002254,2.9e-05
0,-0.054038,-0.052501,0.103491,-0.042714,0.1168,-0.055666,0.000943,0.000916
0,0.144,-0.130847,0.171619,-0.067885,0.209611,-0.113513,0.002513,0.002284
0,-0.000868,-0.253158,-0.160831,-0.142504,-0.127667,-0.166788,1.5e-05,0.001199
0,0.157192,-0.465651,0.168265,-0.225947,0.122698,-0.256555,0.002744,0.00251
0,-0.014826,-0.381061,-0.196556,0.07766,-0.15926,0.034366,0.000259,0.001033
0,0.190608,-0.178596,0.231525,0.189293,0.261164,0.193742,0.002291,0.0025
0,0.283023,-0.316913,0.082685,-0.146293,0.079111,-0.101785,0.000678,8.6e-05
0,0.03973,-0.006697,-0.227718,0.287465,-0.274221,0.258681,0.000693,0.000117
0,0.111811,-0.150907,0.063501,-0.171811,0.069153,-0.13401,0.001951,0.002634
0,0.045383,-0.023743,-0.068777,0.134232,-0.115336,0.155782,0.000792,0.000414
0,-0.018322,0.073904,-0.092231,0.096177,-0.126039,0.061146,0.00032,0.00129
0,-0.060411,0.155169,-0.012728,0.066212,0.006623,0.076179,0.001054,0.002708
0,0.011012,0.15701,0.048515,0.00243,0.077396,-0.042649,0.000192,0.00274
0,0.180121,0.17053,0.197662,0.031585,0.227221,0.069497,0.002474,0.002641
0,-0.127002,-0.13885,-0.326203,-0.285018,-0.3538,-0.324312,0.002217,0.002423
0,-0.029789,-0.055692,0.119609,0.071525,0.079729,0.090002,0.00052,0.000972
0,0.072952,-0.030523,0.124499,-0.000901,0.169413,0.032479,0.001273,0.000533
0,-0.008889,-0.115166,-0.083718,-0.068863,-0.074159,-0.116891,0.000155,0.00201
0,-0.070723,0.085128,-0.067887,0.214932,-0.07793,0.187397,0.001234,0.001486
0,0.005483,-0.202806,0.064808,-0.306787,0.059428,-0.27273,9.6e-05,0.002078
0,-0.06754,-0.012004,-0.074523,0.206937,-0.113192,0.190157,0.001179,0.00021
0,-0.090739,-0.104,-0.021349,-0.102908,0.020847,-0.108486,0.001584,0.001815
0,0.012195,-0.033501,0.074145,0.048639,0.094005,0.044887,0.000213,0.000585
0,0.038854,-0.116878,0.024073,-0.07581,0.029004,-0.071156,0.000678,0.00204
0,-1.128406,-0.69935,-1.190597,-0.600736,-1.216914,-0.611759,0.002776,0.000971
0,-1.773934,-0.675092,-0.655485,0.009245,-0.622763,0.056087,0.002744,0.000548
0,-2.024269,-0.934846,-0.257154,-0.241151,-0.241338,-0.216361,0.001625,0.000536
0,-2.145031,-0.964757,-0.132435,-0.023624,-0.141283,-0.029558,0.001885,1.4e-05
0,-2.157131,-0.94088,-0.015897,-0.00407,-0.047927,0.002987,0.001674,0.000431
0,-1.788899,-0.763545,0.35448,0.185551,0.350968,0.219049,0.002483,0.002091
0,-1.363502,-0.668031,0.444396,0.086623,0.484495,0.054034,0.001328,0.000424
0,-1.121261,-0.475362,0.263901,0.18367,0.291177,0.215865,0.002717,0.002679
0,-0.815713,-0.159007,0.286799,0.302881,0.261418,0.310842,0.002616,0.002775
0,-0.434071,0.014934,0.355422,0.177484,0.329852,0.154681,0.001958,0.000261
0,-0.297206,-0.096562,0.107717,-0.111838,0.139383,-0.065353,0.00043,0.001685
0,-0.152201,-0.082127,0.143161,0.042333,0.122635,-0.001352,0.002656,0.001433
0,-0.261331,0.078445,-0.083684,0.139159,-0.049549,0.148391,0.001056,0.001369
0,0.010553,-0.063655,0.244529,-0.153542,0.250594,-0.136656,0.000184,0.001111
0,0.205985,0.154409,0.168077,0.205456,0.134044,0.164936,0.002022,0.002695
0,0.025823,-0.016769,-0.190045,-0.17797,-0.152905,-0.18766,0.000451,0.000293
0,0.143585,0.102038,0.112658,0.118899,0.105771,0.156325,0.002506,0.001781
0,0.119534,0.214834,-0.027626,0.117674,0.01045,0.108079,0.002086,0.001868
0,0.21386,0.053497,0.124035,-0.159285,0.092352,-0.116513,0.001885,0.000934
0,-0.050681,-0.087213,-0.269316,-0.120377,-0.235372,-0.125957,0.000885,0.001522
0,0.186986,0.179725,0.237727,0.271063,0.261054,0.243249,0.002354,0.002481
0,0.030055,0.110793,-0.132877,-0.045634,-0.133959,-0.015302,0.000525,0.001934
0,0.062622,-0.066422,0.042532,-0.174375,0.057461,-0.126156,0.001093,0.001159
0,0.070151,0.008365,-0.012813,0.095239,0.022234,0.08471,0.001224,0.000146
0,-0.052762,-0.042223,-0.115165,-0.045819,-0.162528,-0.011435,0.000921,0.000737
0,-0.047427,0.078045,0.017339,0.12664,0.034271,0.111226,0.000828,0.001362
0,0.026503,0.092371,0.09411,0.022889,0.076619,0.041779,0.000463,0.001612
0,0.087706,0.049841,0.058691,-0.032995,0.052388,-0.025972,0.001531,0.00087
0,-0.115657,-0.046891,-0.192294,-0.0888,-0.216301,-0.039908,0.002019,0.000818
0,-0.045287,-0.185702,0.083068,-0.135474,0.045267,-0.153813,0.00079,0.002376
0,0.001659,-0.053023,0.054501,0.10598,0.066017,0.135778,2.9e-05,0.000925
0,-0.089796,-0.130962,-0.115369,-0.074381,-0.131373,-0.064934,0.001567,0.002286
0,-0.067724,-0.074972,0.035766,0.054644,0.056905,0.029171,0.001182,0.001309
0,-0.105737,-0.023763,-0.029022,0.067733,-0.062662,0.067507,0.001845,0.000415
0,-0.043007,-0.029957,0.034331,0.02091,0.023755,0.049664,0.000751,0.000523
0,-0.176998,-0.128146,-0.115492,-0.121525,-0.093982,-0.094768,0.002528,0.002237
0,0.114053,0.062599,0.299419,0.179802,0.263079,0.219271,0.001991,0.001093
0,0.054458,-0.124397,-0.052868,-0.1626,-0.039032,-0.140312,0.00095,0.002171
0,-0.055578,0.159535,-0.130839,0.276975,-0.169874,0.255497,0.00097,0.002784
0,0.001432,0.057626,0.079403,-0.103397,0.086111,-0.107237,2.5e-05,0.001006
0,0.063758,-0.007452,0.045395,-0.0593,0.084236,-0.100167,0.001113,0.00013
0,-0.042541,0.100509,-0.100372,0.128342,-0.144036,0.134468,0.000742,0.001754
0,0.137629,-0.03268,0.187174,-0.122007,0.204199,-0.134165,0.002402,0.00057
0,-0.066218,-0.093149,-0.227673,-0.042759,-0.268381,-0.024743,0.001156,0.001626
0,0.078944,-0.088573,0.130505,-0.014996,0.149087,-0.009452,0.001378,0.001546
0,0.004363,-0.007508,-0.063828,0.096837,-0.094937,0.103705,7.6e-05,0.000131
0,0.085373,-0.049108,0.062176,-0.053835,0.101295,-0.060194,0.00149,0.000857
0,-0.037516,-0.093269,-0.093522,-0.021897,-0.084036,-0.067135,0.000655,0.001628
0,-0.120287,-0.03376,-0.053744,0.033954,-0.065354,0.008588,0.002099,0.000589
0,-0.061863,0.111717,0.07352,0.143138,0.038713,0.179487,0.00108,0.00195
0,0.136448,0.120091,0.180506,0.01891,0.193835,0.04563,0.002381,0.002096
0,0.017132,0.107365,-0.146624,-0.010007,-0.128301,-0.034226,0.000299,0.001874
0,0.166035,0.032134,0.162635,-0.058995,0.15439,-0.058123,0.00272,0.000561
0,-0.137993,0.103366,-0.323252,0.083924,-0.335358,0.131875,0.002408,0.001804
0,0.066858,0.094964,0.198329,-0.015369,0.173231,-0.048446,0.001167,0.001657
0,-0.085895,0.115094,-0.144433,0.040417,-0.192479,0.056198,0.001499,0.002009
0,-0.052234,-0.068954,0.021914,-0.189998,0.038065,-0.22629,0.000912,0.001203
0,0.122401,0.004021,0.177835,0.058411,0.163942,0.038957,0.002136,7e-05
0,-0.095674,0.107236,-0.225906,0.13168,-0.250932,0.170229,0.00167,0.001872
0,-0.054916,0.061137,0.065724,-0.073261,0.019986,-0.088506,0.000958,0.001067
0,0.067739,0.048131,0.151359,-0.03044,0.166517,-0.014721,0.001182,0.00084
0,-0.016113,0.118335,-0.058782,0.069496,-0.021578,0.026616,0.000281,0.002065
0,0.138885,0.12707,0.16921,0.023168,0.196629,-0.002977,0.002424,0.002218
0,-0.012143,0.016507,-0.141644,-0.118372,-0.11412,-0.087496,0.000212,0.000288
0,-0.128982,-0.086467,-0.113986,-0.079954,-0.148846,-0.118435,0.002251,0.001509
0,0.135249,0.128349,0.280035,0.190199,0.323407,0.203606,0.002361,0.00224
0,0.038586,-0.040329,-0.102329,-0.158476,-0.105498,-0.140542,0.000673,0.000704
0,-0.101008,-0.076446,-0.164099,-0.008929,-0.146796,-0.00608,0.001763,0.001334
0,-0.14671,0.14033,-0.042903,0.189754,-0.058061,0.23538,0.002561,0.002449
0,0.029337,-0.061138,0.198823,-0.213203,0.180635,-0.172019,0.000512,0.001067
0,-0.05056,-0.006236,-0.097131,0.034343,-0.066999,0.056295,0.000882,0.000109
0,-0.125173,-0.088928,-0.07723,-0.106459,-0.082302,-0.069372,0.002185,0.001552
0,-0.013556,-0.036204,0.105235,0.053903,0.148258,0.045586,0.000237,0.000632
0,-0.009786,-0.175293,-0.015355,-0.158088,0.013777,-0.201149,0.000171,0.002558
0,0.107908,-0.091332,0.115492,0.057543,0.079331,0.090796,0.001883,0.001594
0,0.069919,-0.04075,-0.011701,0.060391,0.011547,0.023096,0.00122,0.000711
0,0.015346,-0.051847,-0.044319,-0.033567,-0.05775,-0.003581,0.000268,0.000905
0,-0.146035,-0.146225,-0.135029,-0.103092,-0.128662,-0.129498,0.002549,0.002552
0,0.019651,-0.063911,0.158578,0.062922,0.198894,0.064534,0.000343,0.001115
0,-0.147194,-0.063268,-0.166621,0.015574,-0.125825,0.053167,0.002569,0.001104
0,-0.173832,0.056534,-0.019073,0.13097,-0.034206,0.150469,0.002584,0.000987
0,0.039604,0.121455,0.215121,0.038057,0.17174,0.011646,0.000691,0.00212
0,0.004047,0.097229,-0.031831,-0.000443,-0.071822,0.009008,7.1e-05,0.001697
0,-0.135412,0.006811,-0.124259,-0.078825,-0.169103,-0.061593,0.002363,0.000119
0,0.083437,0.107354,0.194706,0.095267,0.232956,0.084959,0.001456,0.001874
0,-0.151868,-0.117441,-0.208754,-0.231813,-0.178051,-0.263986,0.002651,0.00205
0,0.073805,0.144955,0.236022,0.269375,0.190767,0.297424,0.001288,0.00253
0,0.050225,-0.022949,-0.007574,-0.164485,0.028195,-0.164103,0.000877,0.000401
0,-0.040363,-0.098649,-0.099925,-0.086021,-0.109854,-0.132982,0.000704,0.001722
0,-0.085542,0.182225,-0.016061,0.258529,-0.029466,0.28558,0.001493,0.002437
0,0.089128,0.035572,0.180182,-0.122478,0.164692,-0.128888,0.001556,0.000621
0,0.061603,0.019078,-0.006831,-0.031539,-0.056145,-0.020751,0.001075,0.000333
0,-0.039283,0.128459,-0.110289,0.119855,-0.090665,0.147753,0.000686,0.002242
0,-0.089645,-0.045228,-0.039892,-0.19066,-0.017438,-0.216525,0.001565,0.000789
0,0.117443,-0.017669,0.230716,0.040849,0.276787,0.051039,0.00205,0.000308
0,-0.007976,0.013966,-0.127188,0.060302,-0.133346,0.063103,0.000139,0.000244
0,0.056487,-0.008167,0.076301,-0.004021,0.119927,0.042041,0.000986,0.000143
0,0.02024,0.016664,-0.064455,0.031716,-0.082823,0.018722,0.000353,0.000291
0,0.01256,0.007828,-0.030906,0.004037,-0.063692,0.006545,0.000219,0.000137
0,0.09936,-0.112426,0.102596,-0.140194,0.09693,-0.133857,0.001734,0.001962
0,-0.029534,-0.022073,-0.118845,0.101743,-0.095908,0.072122,0.000515,0.000385
0,-0.111364,-0.066153,-0.110313,-0.015252,-0.089483,-0.054648,0.001944,0.001155
0,-0.216399,0.1478,-0.118434,0.221417,-0.091358,0.232683,0.001841,0.00258
0,-0.218677,-0.103241,-0.01901,-0.258602,0.01023,-0.212897,0.001801,0.001802
0,-0.235734,0.032743,-0.044638,0.149639,-0.074541,0.136405,0.001503,0.000571
0,-0.216197,0.101524,0.043514,0.098147,0.081239,0.071052,0.001844,0.001772
0,0.017225,-0.116678,0.229862,-0.226227,0.250549,-0.22278,0.000301,0.002036
0,-0.140411,0.118591,-0.179458,0.205463,-0.130862,0.187417,0.002451,0.00207
0,-0.168714,0.065108,-0.044886,-0.053265,-0.04745,-0.032421,0.002673,0.001136
0,-0.241609,-0.129508,-0.101707,-0.20618,-0.110582,-0.248721,0.001401,0.00226
0,-0.227314,0.115137,0.030213,0.265985,-0.010349,0.225468,0.00165,0.00201
0,-0.025053,0.069385,0.174097,-0.04978,0.206116,-0.046987,0.000437,0.001211
0,-0.154591,0.035599,-0.127888,-0.009973,-0.169171,0.030297,0.002698,0.000621
0,-0.117227,0.045173,0.017267,-0.004783,0.04206,-0.021978,0.002046,0.000788
0,-0.110811,-0.116251,0.021211,-0.138196,-0.002841,-0.108867,0.001934,0.002029
0,-0.016711,-0.123198,0.080335,0.022833,0.04397,0.025574,0.000292,0.00215
0,-0.00136,-0.063072,-0.000678,0.063742,0.002891,0.033962,2.4e-05,0.001101
0,-0.043368,-0.09646,-0.025192,-0.016447,-0.009659,-0.021691,0.000757,0.001684
0,-0.003108,-0.053153,0.050252,0.024252,0.047589,0.037267,5.4e-05,0.000928
0,-0.035893,0.024767,-0.020866,0.052443,-0.046286,0.056021,0.000626,0.000432
0,-0.143718,0.019877,-0.121155,-0.007908,-0.079926,0.023103,0.002508,0.000347
0,-0.100546,-0.10288,0.070295,-0.099009,0.035594,-0.105239,0.001755,0.001796
0,0.000589,0.063889,0.105481,0.156755,0.057223,0.120598,1e-05,0.001115
0,0.075348,0.162252,0.073002,0.078273,0.02393,0.058726,0.001315,0.002786
0,-0.051187,0.022228,-0.114269,-0.128734,-0.077062,-0.160445,0.000893,0.000388
0,0.116408,0.201526,0.14579,0.164264,0.15822,0.114721,0.002032,0.0021
0,-0.101408,-0.04037,-0.219506,-0.220308,-0.251284,-0.207012,0.00177,0.000705
0,0.019269,-0.105226,0.118962,-0.037902,0.093535,-0.067653,0.000336,0.001837
0,-0.109871,0.126274,-0.115915,0.236242,-0.112334,0.205717,0.001918,0.002204
0,-0.0986,-0.049649,0.009268,-0.158636,0.003966,-0.190719,0.001721,0.000867
0,0.02201,-0.081029,0.135202,-0.025407,0.170038,-0.034706,0.000384,0.001414
0,-0.055417,0.116162,-0.079716,0.20705,-0.085691,0.197098,0.000967,0.002027
0,-0.099112,0.017495,-0.049533,-0.078674,-0.035464,-0.090452,0.00173,0.000305
0,-0.05891,-0.067251,0.010607,-0.096646,0.034932,-0.097809,0.001028,0.001174
0,-0.05249,0.035053,-0.007957,0.114794,-0.04774,0.098544,0.000916,0.000612
0,0.025928,-0.088548,0.078141,-0.136677,0.050855,-0.098414,0.000453,0.001545
0,0.054639,-0.097101,0.01273,0.001202,0.036553,0.018788,0.000954,0.001695
0,0.133846,0.030427,0.067579,0.11717,0.087497,0.131226,0.002336,0.000531
0,0.181783,0.009461,0.057783,-0.030377,0.020318,-0.057572,0.002445,0.000165
0,-0.02224,0.047079,-0.181558,0.012274,-0.143484,0.046676,0.000388,0.000822
0,0.016895,-0.013792,0.016834,-0.072187,0.019303,-0.101381,0.000295,0.000241
0,-0.151912,-0.076242,-0.14832,-0.064021,-0.191957,-0.047677,0.002651,0.001331
0,-0.172116,-0.099918,-0.010632,-0.048964,0.023791,-0.027853,0.002614,0.001744
0,-0.029683,0.010204,0.157768,0.088186,0.164957,0.071021,0.000518,0.000178
0,-0.145177,0.017019,-0.141855,-0.006132,-0.136509,-0.003535,0.002534,0.000297
0,-0.039479,0.048105,0.081995,0.043533,0.081415,0.076459,0.000689,0.00084
0,0.068913,0.02001,0.09505,-0.024305,0.046092,-0.040104,0.001203,0.000349
0,0.079188,-0.200319,0.00626,-0.248644,0.006751,-0.207925,0.001382,0.002121
0,-0.130989,-0.079727,-0.228849,0.101164,-0.251283,0.083579,0.002286,0.001392
0,2.792543,1.197505,2.895188,1.250929,2.927187,1.209687,0.001819,0.00157
0,3.243427,1.555241,0.479257,0.339459,0.521691,0.371904,0.000433,0.000943
0,4.017191,1.729758,0.762081,0.181054,0.742269,0.214479,0.002703,0.002102
0,3.486055,1.447764,-0.521766,-0.269956,-0.553059,-0.285683,0.000949,0.002798
0,3.711452,1.343089,0.229669,-0.081756,0.224025,-0.048685,0.002633,0.000971
0,3.143935,1.224733,-0.541735,-0.119908,-0.526227,-0.089961,0.001303,0.001094
0,2.710891,0.877346,-0.454457,-0.326865,-0.499921,-0.279104,0.002374,0.00154
0,2.410081,0.472214,-0.308814,-0.401512,-0.337757,-0.439801,0.002741,0.002624
0,1.950541,0.283454,-0.452293,-0.167864,-0.455546,-0.179582,0.000338,0.00067
0,1.470544,0.229039,-0.455156,-0.042394,-0.488266,-0.022264,0.002422,0.00162
0,0.645245,0.176846,-0.813202,-0.079643,-0.769461,-0.118967,2.7e-05,0.002531
0,-0.07329,-0.02019,-0.712828,-0.178813,-0.69924,-0.188483,0.001279,0.000352
0,-0.318912,-0.000503,-0.224271,0.037703,-0.26068,0.040419,5.1e-05,9e-06
0,-0.499767,-0.053325,-0.193834,-0.031642,-0.151263,0.005036,0.002512,0.000931
0,-0.465868,-0.053608,0.014934,-0.00922,-0.025873,0.018926,0.002513,0.000936
0,-0.654248,-0.060821,-0.212694,0.00106,-0.182298,0.022804,0.000184,0.001062
0,-0.514743,-0.064484,0.133528,0.026015,0.173102,-0.009877,0.002251,0.001125
0,-0.604153,0.002084,-0.113618,0.08176,-0.088489,0.072889,0.000691,3.6e-05
0,-0.366345,-0.143484,0.264128,-0.147306,0.281303,-0.126591,0.000776,0.002504
0,-0.14243,0.002706,0.216708,0.142143,0.188816,0.110586,0.002486,4.7e-05
0,-0.195039,-0.134575,-0.077468,-0.155193,-0.079556,-0.182611,0.002213,0.002349
0,-0.113403,0.032284,0.083487,0.190463,0.039179,0.205452,0.001979,0.000563
0,0.047095,-0.238511,0.165195,-0.244202,0.205355,-0.229706,0.000822,0.001455
0,-0.109032,-0.226003,-0.180364,-0.001108,-0.161262,0.003184,0.001903,0.001673
0,-0.096536,-0.049071,0.038703,0.170298,-0.009248,0.197539,0.001685,0.000856
0,0.07014,0.114155,0.185077,0.158249,0.221993,0.135614,0.001224,0.001992
0,-0.115402,-0.020489,-0.184774,-0.131783,-0.210162,-0.150935,0.002014,0.000358
0,0.01492,-0.006852,0.119427,0.013664,0.161831,0.00878,0.00026,0.00012
0,-0.104961,-0.11925,-0.098513,-0.107701,-0.113973,-0.104293,0.001832,0.002081
0,0.072463,0.089806,0.172863,0.184755,0.174874,0.196332,0.001265,0.001567
0,-0.08431,0.109556,-0.177651,-0.00282,-0.225622,-0.039416,0.001471,0.001912
0,0.108502,0.096772,0.221879,-0.008169,0.260699,-0.048868,0.001894,0.001689
0,0.004874,0.04343,-0.106795,-0.051309,-0.070565,-0.045011,8.5e-05,0.000758
0,0.102994,-0.045331,0.07091,-0.106676,0.062925,-0.115578,0.001798,0.000791
0,0.011669,0.126035,-0.101448,0.197584,-0.145379,0.169804,0.000204,0.0022
0,0.241644,0.151376,0.230476,-0.000681,0.246892,-0.027037,0.0014,0.002642
0,0.275255,0.040611,0.029894,-0.137948,0.020578,-0.155246,0.000813,0.000709
0,1.341156,0.577454,1.037224,0.555113,1.059154,0.517237,0.000938,0.001157
0,2.316054,1.813848,0.96912,1.210019,0.959722,1.212907,0.0011,0.002047
0,2.434568,2.268696,0.114396,0.429498,0.129319,0.479216,0.002449,0.000274
0,2.143945,2.300968,-0.307087,0.052658,-0.309252,0.027149,0.001904,0.000837
0,1.765103,1.88158,-0.354998,-0.437305,-0.342628,-0.471076,0.002719,0.000865
0,1.291308,1.452794,-0.451148,-0.418735,-0.462846,-0.435166,6.8e-05,0.002731
0,0.846777,1.045807,-0.434383,-0.406023,-0.445471,-0.38099,0.002073,0.0014
0,0.693961,0.68449,-0.175516,-0.368513,-0.188085,-0.340901,0.000877,0.000712
0,0.191346,0.532937,-0.501935,-0.158894,-0.490047,-0.116816,0.002278,0.001934
0,0.169994,0.102025,-0.007966,-0.403154,0.008796,-0.419273,0.002651,0.001781
0,-0.073989,0.086168,-0.265157,-0.011094,-0.263682,-0.041315,0.001291,0.001504
0,-0.130759,-0.04209,-0.037953,-0.140565,-0.040364,-0.144851,0.002282,0.000735
0,-0.293744,-0.188942,-0.191847,-0.154827,-0.216239,-0.187066,0.000491,0.00232
0,-0.287028,-0.035011,-0.022629,0.160678,0.017999,0.188292,0.000608,0.000611
0,-0.443696,-0.14209,-0.153015,-0.09878,-0.1413,-0.106256,0.002126,0.00248
0,-0.363926,-0.227725,0.082454,-0.063185,0.060662,-0.059681,0.000734,0.001643
0,-0.224473,-0.233039,0.132432,-0.023372,0.161917,-0.040518,0.0017,0.00155
0,-0.173745,0.031788,0.042512,0.289711,0.036152,0.269709,0.002585,0.000555
0,-0.040839,0.020451,0.140739,-0.017731,0.121304,0.030977,0.000713,0.000357
0,-0.096401,-0.122075,-0.071095,-0.169613,-0.083625,-0.163332,0.001683,0.002131
0,-0.046283,0.108992,0.021554,0.256501,0.071278,0.221625,0.000808,0.001902
0,0.198002,-0.010887,0.218825,-0.102945,0.232376,-0.149895,0.002162,0.00019
0,0.069663,-0.124667,-0.155393,-0.131848,-0.108931,-0.082027,0.001216,0.002176
0,-0.065993,0.075151,-0.13499,0.209554,-0.142695,0.216417,0.001152,0.001312
0,0.112433,0.032056,0.195025,-0.025857,0.2309,-0.059546,0.001962,0.000559
0,-0.056355,-0.110774,-0.161437,-0.113914,-0.149358,-0.15308,0.000984,0.001933
0,-0.145324,0.029861,-0.102315,0.143226,-0.069871,0.190755,0.002536,0.000521
0,0.003239,-0.06314,0.161401,-0.096836,0.160053,-0.079544,5.7e-05,0.001102
0,0.13062,0.047709,0.127708,0.129477,0.112361,0.083075,0.00228,0.000833
0,0.045658,-0.020016,-0.078626,-0.06079,-0.04178,-0.043811,0.000797,0.000349
0,-0.128073,-0.083087,-0.200574,-0.082101,-0.189143,-0.126212,0.002235,0.00145
0,-0.049607,-0.057296,0.048755,0.044977,0.010288,0.043557,0.000866,0.001
0,-0.096307,0.054068,-0.073879,0.106819,-0.050952,0.142079,0.001681,0.000944
0,-0.196643,-0.019731,-0.10411,-0.060599,-0.120604,-0.022235,0.002185,0.000344
0,-0.055823,-0.020164,0.164469,0.002641,0.153293,-0.046289,0.000974,0.000352
0,-0.118705,-0.111239,-0.033474,-0.096084,-0.048949,-0.139868,0.002072,0.001941
0,-0.159884,-0.125533,-0.021632,-0.036813,-0.05223,0.009756,0.002791,0.002191
0,0.018362,-0.065638,0.189544,0.047211,0.163942,0.00461,0.00032,0.001146
0,-0.134454,0.032219,-0.123551,0.113165,-0.146919,0.080251,0.002347,0.000562
0,-0.116809,0.096795,0.043079,0.059233,0.072981,0.010629,0.002039,0.001689
0,0.061025,-0.033423,0.203163,-0.131826,0.225024,-0.083454,0.001065,0.000583
0,-0.170493,-0.037605,-0.248053,0.019524,-0.295747,-0.012627,0.002642,0.000656
0,-0.155243,0.075198,-0.005635,0.137599,0.043422,0.146455,0.002709,0.001312
0,-0.166719,0.018176,0.008065,-0.030828,0.0521,-0.028581,0.002708,0.000317
0,-0.020864,0.021298,0.123597,0.029987,0.153517,0.029989,0.000364,0.000372
0,-0.18064,0.004088,-0.18802,-0.04348,-0.228929,-0.088682,0.002465,7.1e-05
0,0.023474,-0.006203,0.196636,-0.032824,0.1527,-0.072147,0.00041,0.000108
0,-0.049434,-0.071766,-0.093719,-0.067088,-0.069509,-0.036656,0.000863,0.001253
0,0.004495,0.109161,0.081969,0.177882,0.07208,0.146084,7.8e-05,0.001905
0,0.032348,-0.074164,0.014564,-0.159393,0.008355,-0.141886,0.000565,0.001294
0,-0.039988,-0.05286,-0.085581,0.014271,-0.092529,-0.01111,0.000698,0.000923
0,0.111881,0.048124,0.181021,0.07892,0.211556,0.084179,0.001953,0.00084
0,0.07906,-0.006689,-0.048653,-0.083933,-0.052576,-0.079707,0.00138,0.000117
0,0.143014,-0.070493,0.069576,-0.080631,0.039879,-0.106442,0.002496,0.00123
0,0.151209,0.082364,0.012866,0.134326,0.020023,0.128401,0.002639,0.001438
0,0.027594,0.017321,-0.142033,-0.064558,-0.169977,-0.112705,0.000482,0.000302
0,-0.006486,0.121537,-0.034181,0.122293,-0.004392,0.13269,0.000113,0.002121
0,0.077247,-0.003335,0.104775,-0.141368,0.08525,-0.132531,0.001348,5.8e-05
0,-0.022185,0.022444,-0.082075,0.032295,-0.125901,0.077536,0.000387,0.000392
0,0.085629,0.05833,0.135568,0.02778,0.120764,0.039274,0.001495,0.001018
0,0.228836,-0.077203,0.117439,-0.119874,0.103735,-0.127771,0.001624,0.001347
0,0.226936,0.196313,-0.024464,0.276482,0.01883,0.249246,0.001657,0.002191
0,0.100458,0.031814,-0.109353,-0.166253,-0.135121,-0.157703,0.001753,0.000555
0,0.196686,0.158537,0.12375,0.122143,0.077251,0.118712,0.002185,0.002767
0,0.211002,-0.0787,-0.005788,-0.223997,-0.055412,-0.269727,0.001935,0.001374
0,0.111765,-0.002995,-0.124776,0.045901,-0.116794,0.023062,0.001951,5.2e-05
0,0.252449,-0.074452,0.125212,-0.042129,0.147216,0.001976,0.001211,0.001299
0,0.14483,-0.010385,-0.130437,0.090729,-0.124536,0.065701,0.002528,0.000181
0,0.162893,0.116983,0.045936,0.129185,0.034787,0.161278,0.002774,0.002042
0,0.133424,0.12227,-0.048812,0.010798,-0.016256,-0.002214,0.002329,0.002134
0,0.236453,-0.012416,0.130579,-0.147775,0.08475,-0.170808,0.001491,0.000217
0,0.03581,-0.060197,-0.21074,-0.056528,-0.206436,-0.024697,0.000625,0.001051
0,0.163682,-0.054247,0.150226,0.004302,0.135196,0.018084,0.002761,0.000947
0,0.042895,0.07254,-0.107037,0.114936,-0.106021,0.096707,0.000749,0.001266
0,0.018526,-0.148305,-0.02682,-0.190918,0.010651,-0.168975,0.000323,0.002588
0,-0.084731,0.042953,-0.110237,0.192448,-0.071763,0.172619,0.001479,0.00075
0,0.075242,0.039546,0.155014,-0.015739,0.121297,-0.013966,0.001313,0.00069
0,0.070439,-0.001904,-0.006723,-0.038216,0.038231,0.005411,0.001229,3.3e-05
0,0.165896,-0.036471,0.099318,-0.021564,0.072815,-0.048955,0.002722,0.000637
0,0.127201,-0.035507,-0.044281,0.01002,-0.061387,0.024062,0.00222,0.00062
0,0.03561,-0.144567,-0.088927,-0.123339,-0.06435,-0.088142,0.000622,0.002523
0,-0.038255,-0.175111,-0.059341,-0.056137,-0.082059,-0.083691,0.000668,0.002561
0,0.016306,-0.106973,0.032736,0.047395,0.082569,0.010912,0.000285,0.001867
0,-0.063934,-0.013089,-0.082935,0.121673,-0.118036,0.072917,0.001116,0.000228
0,0.027898,-0.132264,0.079085,-0.101772,0.093397,-0.130282,0.000487,0.002308
0,0.129609,-0.159806,0.079127,-0.052474,0.047487,-0.087617,0.002262,0.002789
0,-0.118261,-0.016235,-0.25901,0.162974,-0.291508,0.160479,0.002064,0.000283
0,0.113026,-0.05085,0.248228,-0.033839,0.287573,-0.043954,0.001973,0.000888
0,-0.125957,-0.169221,-0.239469,-0.092494,-0.245474,-0.125023,0.002198,0.002664
0,-0.005721,0.047192,0.134786,0.231708,0.158711,0.240167,0.0001,0.000824
0,0.069573,0.043317,0.057316,0.002987,0.032798,0.035387,0.001214,0.000756
0,0.015309,-0.165647,-0.062739,-0.202035,-0.087097,-0.15591,0.000267,0.002726
0,0.107649,-0.069515,0.08154,0.075094,0.128674,0.044911,0.001879,0.001213
0,0.089584,0.02816,-0.042796,0.07127,-0.03885,0.023956,0.001564,0.000491
0,-0.026633,-0.228174,-0.139581,-0.234274,-0.149469,-0.283047,0.000465,0.001635
0,0.031472,-0.032224,0.082261,0.208702,0.114235,0.237836,0.000549,0.000562
0,0.140018,0.020848,0.137665,0.040741,0.110436,0.079581,0.002444,0.000364
0,0.105258,-0.133521,-0.035087,-0.158086,-0.062477,-0.191125,0.001837,0.00233
0,0.013934,-0.096691,-0.061972,0.014864,-0.057096,0.014033,0.000243,0.001688
0,0.021547,0.104742,5.9e-05,0.188288,0.040973,0.167711,0.000376,0.001828
0,0.180562,0.08006,0.183832,-0.009463,0.151198,-0.053468,0.002466,0.001397
0,0.216399,0.063003,0.006606,-0.026648,0.012021,-0.025607,0.001841,0.0011
0,0.09998,-0.079154,-0.138098,-0.13062,-0.108906,-0.132664,0.001745,0.001381
0,0.098966,-0.095178,-0.004126,-0.024902,0.004238,-0.049459,0.001727,0.001661
0,0.133244,-0.018859,0.058243,0.050217,0.033461,0.074424,0.002326,0.000329
0,0.104361,-0.160968,-0.009955,-0.164239,0.013829,-0.1961,0.001821,0.002808
0,-0.0264,0.026249,-0.15895,0.182117,-0.178233,0.178917,0.000461,0.000458
0,0.041613,-0.055552,0.044231,-0.053428,0.092238,-0.083349,0.000726,0.00097
0,-0.101658,-0.162474,-0.142174,-0.082726,-0.184428,-0.04703,0.001774,0.002782
0,-0.180227,0.078645,-0.066751,0.248796,-0.093174,0.230089,0.002472,0.001373
0,0.043883,-0.032975,0.220872,-0.120694,0.269723,-0.109419,0.000766,0.000576
0,0.070987,0.070291,0.022883,0.074208,0.020658,0.067223,0.001239,0.001227
0,0.046302,-0.087396,-0.04891,-0.145718,-0.02045,-0.097718,0.000808,0.001525
0,0.027405,0.00048,-0.004498,0.117563,0.029705,0.16004,0.000478,8e-06
0,0.165135,-0.136013,0.111352,-0.134838,0.085683,-0.102891,0.002735,0.002374
0,0.317304,0.039384,0.163414,0.190928,0.213013,0.231086,8e-05,0.000687
0,0.578076,0.020744,0.244408,-0.017171,0.217276,-0.04839,0.001146,0.000362
0,0.972164,0.062632,0.370637,0.056171,0.397207,0.016345,0.000115,0.001093
0,0.782416,0.011936,-0.205968,-0.029937,-0.169142,0.013462,0.002421,0.000208
0,0.63829,0.006427,-0.115509,-0.010732,-0.119723,-0.013114,9.5e-05,0.000112
0,0.718457,0.09316,0.10012,0.072971,0.123128,0.103174,0.001304,0.001626
0,0.51237,0.149243,-0.218367,0.046713,-0.222676,0.042394,0.002292,0.002605
0,0.196901,-0.031829,-0.301425,-0.156789,-0.316433,-0.166339,0.002181,0.000556
0,0.347781,0.103619,0.145892,0.148252,0.171667,0.151799,0.000452,0.001808
0,-0.042591,-0.141903,-0.367548,-0.25578,-0.41098,-0.276484,0.000743,0.002477
0,-0.106852,-0.056276,-0.043925,0.087033,-0.012387,0.037136,0.001865,0.000982
0,-0.106303,0.022059,0.008762,0.102046,0.002837,0.082483,0.001855,0.000385
0,-0.042222,-0.038975,0.083553,-0.087872,0.096042,-0.04125,0.000737,0.00068
0,-0.227005,-0.044189,-0.207206,0.020617,-0.229073,-0.008726,0.001656,0.000771
0,-0.211447,0.142835,0.016583,0.181532,0.016872,0.227,0.001927,0.002493
0,-0.062448,-0.105207,0.133404,-0.245746,0.113715,-0.231817,0.00109,0.001836
0,-0.219318,0.028434,-0.160706,0.150907,-0.112134,0.194311,0.00179,0.000496
0,-0.1552,-0.068253,0.057724,-0.080009,0.056494,-0.068726,0.002709,0.001191
0,-0.058374,0.058329,0.074688,0.106814,0.079835,0.076936,0.001019,0.001018
0,-0.04333,-0.112025,-0.001926,-0.145805,0.008433,-0.15382,0.000756,0.001955
0,0.068267,0.100556,0.09818,0.185342,0.114522,0.218792,0.001191,0.001755
0,0.051337,0.012485,-0.001948,-0.064592,-0.048047,-0.097567,0.000896,0.000218
0,-0.028333,0.026391,-0.081355,0.039778,-0.089962,0.032394,0.000495,0.000461
0,-0.067463,0.017723,-0.059163,0.004424,-0.04909,-0.007547,0.001177,0.000309
0,-0.06762,0.108401,0.022348,0.089129,-0.021595,0.074466,0.00118,0.001892
0,0.129825,0.03659,0.205249,-0.048591,0.248497,-0.013441,0.002266,0.000639
0,-0.09465,-0.110426,-0.239053,-0.145211,-0.218886,-0.120043,0.001652,0.001927
0,2.127331,-0.901807,2.239139,-0.763839,2.261371,-0.791966,0.002194,0.001113
0,2.976898,-1.665047,0.83214,-0.771473,0.879092,-0.738929,0.001399,0.000973
0,3.346853,-2.04624,0.3961,-0.400366,0.384509,-0.44923,0.002239,0.002009
0,2.831771,-1.847507,-0.526441,0.200655,-0.574515,0.23991,0.001134,0.00146
0,2.273595,-1.660751,-0.53214,0.207133,-0.56283,0.188064,0.000359,0.000898
0,1.840225,-1.446418,-0.450494,0.238709,-0.421108,0.265986,0.001587,0.002775
0,1.554901,-0.914152,-0.315014,0.554056,-0.297922,0.584125,0.000949,0.000898
0,1.080555,-0.378827,-0.485311,0.542543,-0.501369,0.555111,0.002007,0.000994
0,0.390967,-0.238281,-0.704535,0.128042,-0.708903,0.120738,0.001206,0.001459
0,0.222226,-0.015577,-0.154161,0.206594,-0.116161,0.248721,0.001739,0.000272
0,0.007224,0.243637,-0.207298,0.230249,-0.237111,0.209901,0.000126,0.001365
0,-0.094792,0.236986,-0.099306,-0.015546,-0.135807,0.030177,0.001654,0.001481
0,-0.32614,0.243362,-0.255899,0.033559,-0.287842,0.007072,7.5e-05,0.00137
0,-0.334547,0.133872,-0.001467,-0.081334,-0.039736,-0.032472,0.000221,0.002337
0,-0.486692,0.089684,-0.181649,-0.05328,-0.211507,-0.080772,0.002741,0.001565
0,-0.213341,0.144216,0.281286,0.066357,0.257735,0.096652,0.001894,0.002517
0,-0.237634,-0.05645,-0.043264,-0.216872,0.005709,-0.196266,0.00147,0.000985
0,-0.058531,0.205899,0.197894,0.236317,0.233981,0.273318,0.001022,0.002024
0,0.027965,0.130075,0.072389,-0.071268,0.037431,-0.033258,0.000488,0.00227
0,-0.072675,-0.034378,-0.074507,-0.171416,-0.107402,-0.162815,0.001268,0.0006
0,-0.15678,0.068801,-0.054885,0.08486,-0.069446,0.091727,0.002736,0.001201
0,0.034292,0.170874,0.202099,0.117854,0.184257,0.076992,0.000599,0.002635
0,-0.207998,0.01828,-0.214749,-0.143986,-0.236702,-0.144702,0.001987,0.000319
0,-0.095168,0.133232,0.09489,0.107887,0.082526,0.064307,0.001661,0.002325
0,-0.05369,-0.110636,0.037421,-0.235648,0.066001,-0.232648,0.000937,0.001931
0,-0.083312,0.131494,-0.049472,0.240677,-0.027943,0.283767,0.001454,0.002295
0,-0.078706,0.134244,0.028253,-0.007292,0.04397,-0.044151,0.001374,0.002343
0,-0.072808,-0.070154,0.024653,-0.180761,0.062207,-0.207629,0.001271,0.001224
0,-0.171256,0.054872,-0.085291,0.146189,-0.08578,0.192353,0.002629,0.000958
0,-0.141707,-0.015613,0.002993,-0.060263,0.021532,-0.079318,0.002473,0.000272
0,0.087359,-0.076831,0.233897,-0.070777,0.21764,-0.095556,0.001525,0.001341
0,0.07257,-0.097257,-0.035908,-0.039856,-0.023667,-0.076526,0.001267,0.001697
0,-0.025965,-0.114724,-0.082522,-0.038068,-0.125008,-0.08708,0.000453,0.002002
0,-0.050615,0.122546,-0.028817,0.215777,-0.019025,0.203294,0.000883,0.002139
0,0.056331,0.156501,0.110808,0.004348,0.064739,0.04587,0.000983,0.002731
0,0.140929,0.007031,0.108723,-0.140513,0.058739,-0.105005,0.00246,0.000123
0,-0.047572,-0.153301,-0.163352,-0.180721,-0.185184,-0.183755,0.00083,0.002676
0,-0.10178,-0.09727,-0.038219,0.031148,-0.079414,0.046093,0.001776,0.001698
0,0.049821,0.019567,0.144817,0.090991,0.188308,0.042506,0.00087,0.000342
0,-0.049062,-0.104073,-0.094452,-0.126273,-0.100363,-0.111234,0.000856,0.001816
0,-0.064493,0.101928,-0.012263,0.179918,-0.060425,0.137571,0.001126,0.001779
0,-0.030971,-0.060288,0.027412,-0.159668,0.029193,-0.168877,0.000541,0.001052
0,-0.131962,-0.05955,-0.084239,-0.02013,-0.063438,-0.045043,0.002303,0.001039
0,0.011136,-0.143041,0.138902,-0.110692,0.089896,-0.119342,0.000194,0.002497
0,0.102162,-0.134253,0.067807,0.000714,0.03438,0.030319,0.001783,0.002343
0,-0.182499,-0.12208,-0.285779,0.036237,-0.260949,0.005805,0.002432,0.002131
0,-0.215549,0.007888,-0.040179,0.126149,-0.06152,0.131323,0.001855,0.000138
0,0.011924,-0.105093,0.241633,-0.130213,0.217256,-0.174415,0.000208,0.001834
0,-0.193719,0.06746,-0.187872,0.163289,-0.176707,0.184852,0.002236,0.001177
0,0.062182,-0.141612,0.235143,-0.209156,0.19244,-0.199253,0.001085,0.002472
0,0.048112,0.06049,-0.034875,0.219926,-0.047622,0.205246,0.00084,0.001056
0,-0.00598,0.04192,-0.081009,0.011159,-0.040454,0.027416,0.000104,0.000732
0,-0.066504,0.002849,-0.048222,-0.061771,-0.097275,-0.023703,0.001161,5e-05
0,-0.031822,0.134931,0.062521,0.138894,0.073728,0.136475,0.000555,0.002355
0,-0.220716,-0.08179,-0.172008,-0.206899,-0.211972,-0.248061,0.001765,0.001428
0,-0.155461,0.019216,0.069114,0.097231,0.090533,0.086318,0.002713,0.000335
0,-0.153691,0.005699,0.031695,-0.038143,0.039675,-0.038746,0.002682,9.9e-05
0,-0.182936,0.005485,-0.004452,-0.026135,0.040486,-0.067421,0.002425,9.6e-05
0,-0.005613,-0.056042,0.206942,-0.085406,0.164268,-0.121969,9.8e-05,0.000978
0,-0.043623,0.007265,-0.00972,0.085474,-0.005733,0.072075,0.000761,0.000127
0,0.006732,-0.151685,0.069518,-0.135191,0.110186,-0.182781,0.000117,0.002647
0,0.036842,-0.001266,0.043649,0.159785,0.038641,0.177032,0.000643,2.2e-05
0,0.579004,0.543514,0.536642,0.541807,0.494987,0.526251,0.001129,0.001749
0,1.142707,1.405803,0.578435,0.860115,0.528911,0.819783,0.002526,0.002066
0,1.318999,1.755986,0.191182,0.328116,0.157869,0.342436,0.000551,0.00256
0,1.725268,1.720294,0.424339,-0.049155,0.446815,-0.007693,0.002024,0.001937
0,1.717466,1.476443,0.007901,-0.271278,0.014347,-0.250929,0.001888,0.002319
0,1.535569,0.951909,-0.170372,-0.50707,-0.143561,-0.512587,0.001287,0.000239
0,1.067177,0.689457,-0.443544,-0.248848,-0.429982,-0.240268,0.001773,0.000798
0,1.019964,0.313835,-0.056842,-0.40214,-0.06752,-0.367509,0.000949,0.00014
0,0.548516,0.416872,-0.483771,0.096726,-0.499146,0.129986,0.001662,0.001658
0,0.530952,0.119677,-0.015451,-0.278471,-0.021531,-0.324733,0.001968,0.002089
0,0.020082,-0.0785,-0.500947,-0.195581,-0.527609,-0.228692,0.00035,0.00137
0,-0.131932,-0.021028,-0.175546,0.039021,-0.182156,0.056086,0.002303,0.000367
0,-0.15089,-0.156273,-0.047236,-0.124718,-0.008036,-0.090348,0.002634,0.002727
0,-0.209259,-0.159305,-0.064292,0.003791,-0.110972,-0.021269,0.001965,0.00278
0,-0.32345,0.057633,-0.133212,0.215253,-0.1365,0.190995,2.8e-05,0.001006
0,-0.370319,-0.033577,-0.044337,-0.083987,-0.013499,-0.048648,0.000846,0.000586
0,-0.192852,-0.232977,0.165277,-0.180795,0.179184,-0.21953,0.002252,0.001551
0,-0.317433,0.069897,-0.143806,0.331875,-0.133582,0.313322,7.7e-05,0.00122
0,-0.292279,-0.005145,0.04989,-0.102306,0.062902,-0.07974,0.000516,9e-05
0,-0.207209,-0.162638,0.070079,-0.146781,0.090411,-0.163902,0.002001,0.002779
0,-0.000988,0.008519,0.22942,0.146708,0.222965,0.19406,1.7e-05,0.000149
0,-0.025505,0.055365,-0.002764,0.076049,0.011864,0.09265,0.000445,0.000966
0,0.003683,0.085968,0.020948,0.040232,-0.027517,0.064308,6.4e-05,0.0015
0,-0.085857,0.15712,-0.074182,0.090678,-0.059005,0.049207,0.001498,0.002742
0,0.077629,0.171887,0.14298,-0.013242,0.178559,0.016478,0.001355,0.002618
0,-0.124908,-0.044528,-0.186427,-0.246043,-0.161344,-0.223217,0.00218,0.000777
0,-0.080703,-0.047331,0.047429,-0.028969,0.009545,-0.004642,0.001409,0.000826
0,-0.127364,-0.113075,-0.028859,-0.087336,0.012103,-0.119143,0.002223,0.001974
0,-0.048011,0.082814,0.09487,0.204648,0.082606,0.184589,0.000838,0.001445
0,-0.14294,-0.080925,-0.096687,-0.181933,-0.056312,-0.143268,0.002495,0.001412
0,-0.148733,-0.110242,-0.012906,-0.052983,0.03141,-0.057767,0.002596,0.001924
0,-0.076508,0.14024,0.100005,0.269934,0.110822,0.230982,0.001335,0.002448
0,0.084598,0.144527,0.144836,0.021929,0.138351,0.015287,0.001477,0.002522
0,0.069994,-0.077761,-0.036737,-0.241548,-0.082475,-0.234114,0.001222,0.001357
0,-0.201374,-0.013358,-0.248728,0.079784,-0.283023,0.119012,0.002103,0.000233
0,-0.031433,-0.05167,0.149086,-0.010464,0.135097,-0.049723,0.000549,0.000902
0,-0.15315,0.030255,-0.136608,0.084338,-0.105288,0.110226,0.002673,0.000528
0,-0.085701,0.124875,0.063421,0.101075,0.017758,0.093372,0.001496,0.002179
0,-0.064366,0.014063,0.034504,-0.132785,0.063891,-0.16139,0.001123,0.000245
0,-0.187971,0.009115,-0.097662,0.006189,-0.051238,-0.026533,0.002337,0.000159
0,-0.15639,0.135685,0.052234,0.115761,0.042749,0.108988,0.00273,0.002368
0,-0.031391,-0.002245,0.148595,-0.111532,0.140245,-0.104397,0.000548,3.9e-05
0,-0.064561,0.06359,-0.034014,0.074273,-0.024294,0.026184,0.001127,0.00111
0,-0.283201,-0.071997,-0.221442,-0.10844,-0.219805,-0.108778,0.000675,0.001257
0,-0.075489,0.096962,0.207867,0.147731,0.201551,0.149578,0.001318,0.001692
0,-0.278651,0.056186,-0.17572,-0.029257,-0.171402,-0.014551,0.000754,0.000981
0,-0.142211,0.086998,0.160258,0.016959,0.145145,0.016905,0.002482,0.001518
0,-0.056796,-0.133999,0.067178,-0.219435,0.035987,-0.261673,0.000991,0.002339
0,-0.101897,0.14432,-0.071186,0.278233,-0.030247,0.265793,0.001778,0.002519
0,-0.151669,5.4e-05,-0.036321,-0.164713,-0.079381,-0.143896,0.002647,1e-06
0,-0.004849,-0.072849,0.125145,-0.086591,0.131054,-0.114981,8.5e-05,0.001271
0,-0.15309,-0.136358,-0.169568,-0.047531,-0.141975,-0.072297,0.002672,0.00238
0,-0.072061,0.132591,0.062503,0.264192,0.030789,0.248063,0.001258,0.002314
0,-0.030683,0.019138,0.017744,-0.130751,0.048261,-0.157308,0.000536,0.000334
0,-0.127721,0.050361,-0.111279,0.055618,-0.155946,0.083893,0.002229,0.000879
0,-0.26681,-0.037541,-0.124535,-0.11546,-0.140173,-0.122807,0.000961,0.000655
0,-0.041835,-0.059603,0.234877,-0.019568,0.210845,-0.024907,0.00073,0.00104
0,-0.025382,0.069327,0.011045,0.1099,-0.009385,0.062577,0.000443,0.00121
0,-0.085247,-0.119222,-0.060746,-0.162807,-0.03738,-0.132154,0.001488,0.002081
0,0.000201,0.102274,0.094388,0.23998,0.107755,0.288094,4e-06,0.001785
0,-0.181604,-0.126282,-0.16057,-0.236573,-0.184191,-0.244695,0.002448,0.002204
0,-0.165794,0.137649,0.026512,0.282988,0.028169,0.26739,0.002724,0.002402
0,-0.033728,0.1534,0.159733,0.030141,0.180517,0.079416,0.000589,0.002677
0,-0.040851,-0.068064,-0.025033,-0.192997,-0.068345,-0.241942,0.000713,0.001188
0,-0.058985,0.054759,-0.041751,0.12162,-0.08766,0.15446,0.001029,0.000956
0,-0.012007,0.047511,0.073127,0.015541,0.081957,0.02034,0.00021,0.000829
0,-0.16119,0.06459,-0.15384,-0.012314,-0.113375,-0.015188,0.002804,0.001127
0,-0.05855,0.080771,0.107382,0.04601,0.110153,0.039208,0.001022,0.00141
0,-0.043088,0.080568,0.043742,-0.016061,0.056088,0.029342,0.000752,0.001406
0,-0.042207,0.135194,-0.020387,0.043719,0.012625,0.044525,0.000737,0.00236
0,-0.036586,0.227637,-0.01186,0.078443,-0.016399,0.109345,0.000639,0.001644
0,-0.108201,-0.007729,-0.069643,-0.218173,-0.076069,-0.247708,0.001888,0.000135
0,-0.138473,-0.054116,-0.049309,-0.037536,-0.092078,-0.029605,0.002417,0.000945
0,0.130389,0.038558,0.280928,0.066811,0.233472,0.110445,0.002276,0.000673
0,-0.131304,-0.010416,-0.281844,-0.060582,-0.240975,-0.071482,0.002292,0.000182
0,-0.05434,-0.056862,0.096948,-0.036286,0.091399,-0.081711,0.000948,0.000992
0,-0.112338,0.033436,-0.057867,0.086379,-0.095492,0.04744,0.001961,0.000584
0,-0.015514,0.03841,0.121177,-0.021114,0.099467,-0.015897,0.000271,0.00067
0,0.016747,0.112783,0.005367,0.094051,0.036766,0.055881,0.000292,0.001968
0,0.117084,0.044512,0.095833,-0.047286,0.047361,-0.008859,0.002044,0.000777
0,0.101097,0.230963,-0.019967,0.185091,0.002538,0.210738,0.001764,0.001586
0,-0.106501,0.08717,-0.228798,-0.119003,-0.199185,-0.097097,0.001859,0.001521
0,-0.074422,0.258348,0.046194,0.199229,0.029626,0.166358,0.001299,0.001108
0,0.055259,0.022535,0.101546,-0.216214,0.086759,-0.250023,0.000964,0.000393
0,0.00833,0.035953,-0.031542,0.01691,-0.048675,0.059581,0.000145,0.000628
0,-0.193261,-0.023555,-0.173425,-0.042213,-0.19519,-0.016179,0.002244,0.000411
0,0.022479,0.016025,0.221969,0.0518,0.227677,0.017083,0.000392,0.00028
0,-0.152159,-0.083334,-0.155699,-0.126156,-0.181236,-0.140206,0.002656,0.001454
0,-0.06032,0.075984,0.087456,0.189229,0.108285,0.163472,0.001053,0.001326
0,0.067286,0.148037,0.152939,0.082275,0.145275,0.060708,0.001174,0.002584
0,0.016619,0.155103,-0.062061,0.008283,-0.104478,0.04581,0.00029,0.002707
0,0.082045,-0.039165,0.053722,-0.166357,0.088471,-0.123093,0.001432,0.000684
0,0.18655,0.146193,0.100477,0.18348,0.094742,0.213583,0.002362,0.002552
0,-0.007922,-0.009327,-0.179148,-0.126245,-0.13619,-0.104121,0.000138,0.000163
0,-0.005468,-0.030851,0.024285,0.00117,0.055508,-0.024162,9.5e-05,0.000538
0,-0.005034,0.051774,0.002273,0.063131,0.051651,0.079824,8.8e-05,0.000904
0,0.119752,-0.068547,0.146487,-0.115562,0.146772,-0.12993,0.00209,0.001196
0,0.106556,0.002033,0.010454,0.092379,0.002795,0.115143,0.00186,3.5e-05
0,0.003312,-0.02853,-0.099815,-0.014102,-0.111437,-0.021239,5.8e-05,0.000498
0,-0.0156,0.092435,-0.000972,0.133732,0.00692,0.127716,0.000272,0.001613
0,0.150379,-0.020478,0.155894,-0.128868,0.182506,-0.159654,0.002625,0.000357
0,0.040863,-0.124707,-0.080076,-0.080233,-0.069785,-0.119847,0.000713,0.002177
0,0.151935,-0.010365,0.121654,0.115112,0.130414,0.094146,0.002652,0.000181
0,0.033099,0.132771,-0.104584,0.12336,-0.078582,0.150573,0.000578,0.002317
0,0.032287,0.02282,0.001626,-0.091004,0.03914,-0.111523,0.000564,0.000398
0,0.128335,-0.133152,0.068142,-0.139239,0.089432,-0.129255,0.00224,0.002324
0,-0.119443,-0.035968,-0.245032,0.09134,-0.202888,0.07844,0.002085,0.000628
0,0.117089,-0.052291,0.216,-0.008807,0.225811,-0.007789,0.002044,0.000913
0,-0.082213,-0.083403,-0.20322,-0.023319,-0.186631,-0.037737,0.001435,0.001456
0,0.13333,0.151249,0.19339,0.206229,0.178216,0.211551,0.002327,0.00264
0,-0.084391,-0.028689,-0.220768,-0.178503,-0.172115,-0.222891,0.001473,0.000501
0,0.108394,-0.05303,0.196013,-0.046611,0.166567,-0.017811,0.001892,0.000926
0,0.032718,0.044265,-0.094342,0.090099,-0.055337,0.044807,0.000571,0.000773
0,-0.159979,-0.130671,-0.208385,-0.172581,-0.21872,-0.168795,0.002792,0.002281
0,-0.057689,-0.122497,0.083012,0.000399,0.04748,-0.039553,0.001007,0.002138
0,-0.153203,0.02276,-0.107117,0.13561,-0.0985,0.130194,0.002674,0.000397
0,0.042006,0.079895,0.222722,0.039554,0.2459,0.066541,0.000733,0.001394
0,0.039134,-0.107336,0.000827,-0.191946,0.004292,-0.239159,0.000683,0.001873
0,0.06774,-0.028196,0.04444,0.049727,0.038629,0.043658,0.001182,0.000492
0,0.097265,-0.011199,0.02078,0.001838,0.000643,-0.007367,0.001698,0.000195
0,-0.125604,-0.109396,-0.221176,-0.096563,-0.266314,-0.049914,0.002192,0.001909
0,-0.109512,-0.177916,0.00127,-0.041912,-0.024257,-0.070065,0.001911,0.002512
0,-0.018986,0.004938,0.063172,0.211042,0.08186,0.194358,0.000331,8.6e-05
0,0.051317,-0.064489,0.045716,-0.046621,0.082334,-0.0136,0.000896,0.001126
0,0.117778,0.123782,0.064823,0.164605,0.022753,0.192466,0.002056,0.00216
0,0.117526,0.121259,0.021781,0.006691,0.008598,0.035598,0.002051,0.002116
0,-0.075885,0.016411,-0.187013,-0.075025,-0.152556,-0.102014,0.001324,0.000286
0,0.038679,0.004357,0.08488,-0.029712,0.093119,0.018369,0.000675,7.6e-05
0,-0.075971,0.024014,-0.136966,0.0034,-0.180242,0.016177,0.001326,0.000419
0,0.05455,-0.036087,0.1441,-0.08043,0.179164,-0.054214,0.000952,0.00063
0,0.057862,-0.003227,0.01644,0.015709,0.059303,0.039878,0.00101,5.6e-05
0,-0.011685,-0.008119,-0.052393,0.021352,-0.101954,0.050192,0.000204,0.000142
0,-0.008954,0.127995,0.000702,0.114256,-0.012458,0.137668,0.000156,0.002234
0,0.8296,0.980216,0.808953,0.83858,0.823871,0.873888,0.002373,0.000255
0,1.038832,1.592973,0.202352,0.626919,0.164785,0.646907,0.001279,0.000285
0,1.028998,2.098302,0.004837,0.476994,0.021902,0.515257,0.001107,0.0027
0,0.999622,1.800928,-0.058128,-0.283778,-0.089748,-0.254337,0.000594,0.002273
0,0.777998,1.400882,-0.245332,-0.401744,-0.26029,-0.400963,0.002344,0.00198
0,0.456777,0.827406,-0.30037,-0.560966,-0.30004,-0.600854,0.002355,0.002412
0,0.334194,0.798782,-0.108186,-0.048323,-0.070668,-0.018177,0.000215,0.002706
0,0.417146,0.603779,0.089132,-0.217356,0.053586,-0.218821,0.001663,0.000697
0,0.273537,0.601012,-0.142456,-0.013972,-0.145242,-0.037041,0.000843,0.000745
0,0.091205,0.232096,-0.16983,-0.362925,-0.157624,-0.391426,0.001592,0.001567
0,0.184727,0.100761,0.103741,-0.125169,0.145261,-0.154303,0.002393,0.001759
0,0.152371,0.062729,-0.050404,-0.031049,-0.073076,-0.019135,0.002659,0.001095
0,0.037554,-0.040703,-0.125977,-0.100824,-0.132887,-0.114885,0.000655,0.00071
0,0.121915,-0.194186,0.113847,-0.157413,0.119465,-0.116624,0.002128,0.002228
0,0.087932,-0.258252,-0.045578,-0.054113,-0.050272,-0.065497,0.001535,0.00111
0,-0.093649,-0.18286,-0.180934,0.054762,-0.226821,0.050365,0.001634,0.002426
0,0.000616,-0.153233,0.083184,0.020492,0.078314,0.069975,1.1e-05,0.002674
0,-0.071264,-0.174772,-0.089741,-0.034659,-0.109989,-0.084495,0.001244,0.002567
0,0.141378,-0.134779,0.235356,0.050251,0.222653,0.069285,0.002468,0.002352
0,0.050743,-0.214755,-0.104222,-0.098128,-0.129902,-0.118206,0.000886,0.001869
0,-0.108865,-0.142673,-0.132263,0.050307,-0.180378,0.093146,0.0019,0.00249
0,-0.064656,0.09314,0.0348,0.248628,0.018918,0.289721,0.001128,0.001626
0,0.000955,0.205023,0.05357,0.098015,0.061219,0.110764,1.7e-05,0.002039
0,0.043545,0.138446,0.066321,-0.09034,0.043902,-0.104937,0.00076,0.002416
0,-0.016015,0.103568,-0.056781,-0.015186,-0.062468,-0.020643,0.00028,0.001808
0,-0.071358,0.077612,-0.047935,-0.028403,-0.073238,0.003924,0.001245,0.001355
0,-0.036855,-0.113401,0.056145,-0.213116,0.022387,-0.169428,0.000643,0.001979
0,-0.06352,0.006017,-0.035803,0.143487,-0.070492,0.105732,0.001109,0.000105
0,-0.146471,0.11332,-0.058533,0.131043,-0.090761,0.161951,0.002556,0.001978
0,-0.104507,0.113107,0.030608,0.00244,-0.017018,0.001407,0.001824,0.001974
0,0.053174,0.089575,0.15675,-0.033882,0.121604,-0.073198,0.000928,0.001563
0,0.070346,0.014935,0.007949,-0.05745,0.032907,-0.076881,0.001228,0.000261
0,-0.016383,-0.015477,-0.079916,-0.041093,-0.031398,-0.06007,0.000286,0.00027
0,0.020901,-0.070887,0.049108,-0.053085,0.005141,-0.074721,0.000365,0.001237
0,0.129817,-0.056478,0.132905,0.014482,0.083851,0.043265,0.002266,0.000986
0,-0.091211,-0.152366,-0.209251,-0.086016,-0.167976,-0.041186,0.001592,0.002659
0,0.002307,-0.035384,0.082629,0.106729,0.065354,0.15529,4e-05,0.000618
0,0.043507,0.078004,0.0344,0.100427,0.006709,0.122378,0.000759,0.001361
0,-0.024631,0.056665,-0.067206,-0.005357,-0.047267,-0.035182,0.00043,0.000989
0,-0.119706,-0.155398,-0.069319,-0.237033,-0.08169,-0.187161,0.002089,0.002712
0,-0.13973,0.049873,-0.019116,0.214146,-0.050012,0.191355,0.002439,0.00087
0,-0.051021,0.071505,0.108406,-0.000594,0.105864,-0.040888,0.00089,0.001248
0,0.091787,-0.038016,0.122352,-0.125991,0.088011,-0.126548,0.001602,0.000664
0,-0.063341,-0.001165,-0.157031,0.044206,-0.199499,0.053323,0.001106,2e-05
0,-0.131308,0.106471,-0.096132,0.096471,-0.111428,0.113102,0.002292,0.001858
0,-0.097824,0.025174,0.02373,-0.059378,-0.010798,-0.030253,0.001707,0.000439
0,-0.017894,-0.107785,0.061654,-0.118683,0.043245,-0.107698,0.000312,0.001881
0,-0.102504,-0.131093,-0.075896,0.006233,-0.113947,-0.022902,0.001789,0.002288
0,0.010412,0.060848,0.114026,0.192239,0.148276,0.212268,0.000182,0.001062
0,-0.139143,0.039536,-0.131118,-0.021018,-0.141276,-0.042909,0.002428,0.00069
0,-0.007926,0.014499,0.159929,-0.030869,0.113478,0.009387,0.000138,0.000253
0,0.014253,0.02511,0.033266,0.009914,0.02531,0.01954,0.000249,0.000438
0,-1.110536,1.370353,-1.133089,1.373345,-1.126649,1.340956,0.00253,0.001447
0,-1.532046,1.935506,-0.450561,0.590141,-0.439158,0.608556,0.001348,7.6e-05
0,-1.275708,1.999006,0.235178,0.048007,0.220431,0.034966,0.000205,0.001184
0,-1.222902,1.789324,0.052968,-0.187639,0.0312,-0.215577,0.001126,0.002475
0,-1.261974,1.290386,-0.041429,-0.501338,-0.069566,-0.470753,0.000444,5.1e-05
0,-0.924336,1.069352,0.350203,-0.2435,0.391731,-0.214613,0.00072,0.001811
0,-0.833751,0.88756,0.116523,-0.193796,0.113077,-0.156333,0.002301,0.001362
0,-0.616989,0.822574,0.210018,-0.065792,0.200552,-0.022568,0.000467,0.002496
0,-0.497989,0.359864,0.096502,-0.484219,0.095815,-0.501285,0.002543,0.000663
0,-0.135018,0.265467,0.367179,-0.082323,0.361978,-0.128038,0.002357,0.000984
0,-0.170945,0.081993,-0.046835,-0.18942,-0.082281,-0.152984,0.002634,0.001431
0,0.075949,-0.018968,0.25713,-0.111915,0.300488,-0.107907,0.001326,0.000331
0,0.180208,-0.091555,0.110444,-0.077692,0.078988,-0.109537,0.002472,0.001598
0,0.014746,-0.210319,-0.153711,-0.131367,-0.180608,-0.177692,0.000257,0.001947
0,-0.048385,-0.039235,-0.077117,0.166272,-0.086251,0.132323,0.000844,0.000685
0,0.187382,-0.100944,0.254105,-0.062913,0.231835,-0.098258,0.002347,0.001762
0,0.01115,-0.165092,-0.148374,-0.036049,-0.115649,-0.030196,0.000195,0.002736
0,0.021573,-0.043307,0.021807,0.12037,0.017922,0.093931,0.000377,0.000756
0,0.156742,-0.145413,0.149781,-0.106059,0.151148,-0.057075,0.002736,0.002538
0,-0.072241,-0.088278,-0.219584,0.039919,-0.188641,0.055386,0.001261,0.001541
0,-0.059735,-0.204874,0.014728,-0.092515,-0.022985,-0.048068,0.001043,0.002042
0,0.022729,0.018233,0.05394,0.247207,0.088114,0.208713,0.000397,0.000318
0,-0.06818,0.060243,-0.061944,0.044712,-0.015292,0.087399,0.00119,0.001051
0,0.105475,-0.105604,0.195424,-0.173551,0.206648,-0.130171,0.001841,0.001843
0,0.120399,0.107249,-0.000672,0.203823,0.035214,0.230437,0.002101,0.001872
0,-0.136926,-0.095132,-0.251073,-0.226045,-0.249329,-0.250853,0.00239,0.00166
0,0.101236,0.058023,0.257372,0.166301,0.301924,0.174731,0.001767,0.001013
0,-0.091305,-0.000299,-0.217811,-0.055334,-0.262348,-0.052401,0.001594,5e-06
0,0.1033,0.175238,0.224429,0.205023,0.174545,0.252085,0.001803,0.002559
0,0.121588,0.007915,0.002531,-0.19089,0.04438,-0.174995,0.002122,0.000138
0,-0.050275,0.086086,-0.144698,0.108015,-0.148411,0.129839,0.000877,0.001502
0,-0.055902,0.022718,0.003339,-0.077356,0.048925,-0.05002,0.000976,0.000397
0,0.082004,-0.131751,0.12809,-0.141946,0.147511,-0.151214,0.001431,0.002299
0,-0.011533,-0.09693,-0.105303,0.027648,-0.077863,-0.009965,0.000201,0.001692
0,0.084654,0.147983,0.114807,0.259124,0.077568,0.263114,0.001477,0.002583
0,0.103767,0.003996,0.009148,-0.152053,0.018008,-0.201587,0.001811,7e-05
0,0.083606,0.117349,-0.038674,0.131036,-0.070016,0.178218,0.001459,0.002048
0,-0.016077,0.087583,-0.127758,-0.025932,-0.13557,0.01366,0.000281,0.001529
0,-0.078036,0.115994,-0.075142,0.047745,-0.04841,0.060779,0.001362,0.002024
0,0.025685,0.01125,0.125462,-0.079261,0.132421,-0.117592,0.000448,0.000196
0,0.149092,-0.095107,0.1153,-0.124649,0.103849,-0.174261,0.002602,0.00166
0,-0.046396,-0.002708,-0.18841,0.119369,-0.227569,0.079817,0.00081,4.7e-05
0,-0.094513,-0.085164,-0.033079,-0.098381,-0.014192,-0.099484,0.00165,0.001486
0,0.185942,0.157371,0.289716,0.252912,0.307921,0.253169,0.002372,0.002747
0,0.133642,-0.013958,-0.03135,-0.19059,-0.001667,-0.228265,0.002332,0.000244
0,0.023189,-0.00713,-0.120139,0.020845,-0.152913,-0.00852,0.000405,0.000124
0,0.020926,-0.093829,-0.019965,-0.059499,-0.031557,-0.028317,0.000365,0.001638
0,-0.169401,-0.027404,-0.166818,0.094133,-0.146346,0.120991,0.002661,0.000478
0,0.032849,0.097029,0.17677,0.106283,0.223759,0.062664,0.000573,0.001693
0,-0.058156,0.04899,-0.114972,-0.048008,-0.150658,-0.01446,0.001015,0.000855
0,0.052368,-0.039773,0.128707,-0.091549,0.129383,-0.088793,0.000914,0.000694
0,0.020016,0.016432,-0.024801,0.069063,0.024143,0.053441,0.000349,0.000287
0,-0.066941,-0.069136,-0.087688,-0.103484,-0.136291,-0.084077,0.001168,0.001207
0,0.076001,0.083024,0.130503,0.172156,0.149982,0.134568,0.001326,0.001449
0,0.127821,-0.10781,0.080225,-0.220104,0.037635,-0.268958,0.002231,0.001882
0,-0.090736,0.098098,-0.22262,0.224159,-0.228496,0.22165,0.001584,0.001712
0,-0.174522,0.127251,-0.07143,0.053231,-0.029767,0.051249,0.002572,0.002221
0,-0.154013,-0.139694,0.031006,-0.293996,0.024921,-0.313914,0.002688,0.002438
0,0.113917,-0.064379,0.260332,0.069309,0.274805,0.037461,0.001988,0.001124
0,0.049965,-0.157337,-0.06188,-0.078158,-0.018939,-0.082183,0.000872,0.002746
0,0.14413,-0.095671,0.103954,0.062866,0.13747,0.080806,0.002516,0.00167
0,-0.108501,-0.018894,-0.25102,0.068105,-0.209601,0.066408,0.001894,0.00033
0,-0.063142,0.104738,0.044488,0.132815,0.073328,0.130323,0.001102,0.001828
0,-0.195323,0.093248,-0.115013,-0.02489,-0.164956,0.017732,0.002208,0.001627
0,0.066524,-0.07679,0.26596,-0.152349,0.307145,-0.142959,0.001161,0.00134
0,-0.178112,0.025005,-0.256632,0.122604,-0.246425,0.1435,0.002509,0.000436
0,-0.247449,0.093269,-0.07269,0.095347,-0.107937,0.110385,0.001299,0.001628
0,-0.03033,0.105778,0.233784,-0.01079,0.20091,0.000467,0.000529,0.001846
0,-0.046374,-0.15062,0.004656,-0.261935,-0.008195,-0.280288,0.000809,0.002629
0,-0.234916,-0.028302,-0.212034,0.108915,-0.212851,0.059072,0.001517,0.000494
0,0.010609,0.066037,0.228778,0.098128,0.185677,0.087602,0.000185,0.001153
0,-0.14055,-0.124502,-0.177621,-0.164322,-0.162922,-0.199056,0.002453,0.002173
0,0.015944,0.018094,0.162321,0.164923,0.112607,0.141439,0.000278,0.000316
0,0.044478,0.063026,0.023442,0.036987,0.000974,0.023119,0.000776,0.0011
0,-0.00851,0.042137,-0.065472,-0.040374,-0.093157,-0.089812,0.000149,0.000735
0,0.041289,-0.101117,0.042554,-0.150329,-0.001952,-0.120106,0.000721,0.001765
0,-0.050346,0.059967,-0.089737,0.131562,-0.132105,0.177369,0.000879,0.001047
0,-0.040589,-0.101437,0.02691,-0.178638,0.025106,-0.210152,0.000708,0.00177
0,0.210344,0.053473,0.247907,0.170142,0.260105,0.12041,0.001946,0.000933
0,0.22767,-0.067317,0.030257,-0.10138,0.042199,-0.062818,0.001644,0.001175
0,-0.018325,0.102945,-0.225926,0.197749,-0.23044,0.202607,0.00032,0.001797
0,0.127127,0.024394,0.14454,-0.065295,0.161559,-0.09261,0.002219,0.000426
0,0.124691,-0.088313,0.024193,-0.130837,-0.009331,-0.113776,0.002176,0.001541
0,-0.101744,-0.139857,-0.226312,-0.029157,-0.192489,0.016205,0.001776,0.002441
0,-0.163905,-0.009927,-0.037778,0.12021,-0.053487,0.150494,0.002757,0.000173
0,-0.144996,0.091794,0.024874,0.104372,0.07349,0.072202,0.002531,0.001602
0,-0.022359,-0.195074,0.147497,-0.270135,0.101482,-0.292303,0.00039,0.002213
0,0.091644,-0.09205,0.117002,0.111157,0.111103,0.077654,0.001599,0.001607
0,0.057494,-0.159213,-0.031186,-0.049016,-0.008957,-0.024932,0.001003,0.002779
0,0.033414,-0.040668,-0.037825,0.112225,-0.001107,0.089667,0.000583,0.00071
0,0.075463,0.049108,0.015758,0.065708,0.052779,0.080818,0.001317,0.000857
0,0.102117,0.073479,0.027549,0.049739,0.00815,0.054408,0.001782,0.001282
0,-0.148842,-0.096141,-0.252269,-0.199365,-0.273549,-0.181284,0.002598,0.001678
0,-0.079177,-0.10901,0.096229,-0.040024,0.052513,-0.001761,0.001382,0.001903
0,-0.089832,0.091746,-0.000146,0.226863,-0.004882,0.265919,0.001568,0.001601
0,0.146774,0.051271,0.229681,-0.017707,0.246187,-0.011913,0.002562,0.000895
0,0.159976,0.163448,0.015887,0.13457,0.054717,0.173003,0.002792,0.002765
0,0.143353,-0.0758,-0.016962,-0.220622,-0.007401,-0.235337,0.002502,0.001323
0,0.044272,0.129049,-0.118125,0.190964,-0.148253,0.150561,0.000773,0.002252
0,0.057877,-0.096499,-0.014962,-0.218909,0.034683,-0.188928,0.00101,0.001684
0,0.014818,-0.051912,-0.063956,0.040348,-0.111547,0.052863,0.000259,0.000906
0,0.041412,-0.043117,0.025365,0.032439,0.024447,0.017886,0.000723,0.000753
0,-0.126252,-0.009568,-0.144694,0.027095,-0.151941,0.006217,0.002204,0.000167
0,-0.070816,-0.015164,0.082146,-0.01674,0.046469,-0.034403,0.001236,0.000265
0,-0.058304,-0.049104,0.022422,-0.045806,0.01826,-0.007273,0.001018,0.000857
0,-0.030663,-0.113579,-0.000464,-0.062753,-0.042939,-0.10891,0.000535,0.001982
0,-0.064565,0.13704,-0.049711,0.251097,-0.014379,0.272026,0.001127,0.002392
0,0.015756,0.053459,0.088242,-0.057931,0.077813,-0.080245,0.000275,0.000933
0,-0.190682,-0.031974,-0.202148,-0.09292,-0.169695,-0.094211,0.002289,0.000558
0,0.038447,0.020703,0.255049,0.03634,0.243114,0.059268,0.000671,0.000361
0,-0.144131,-0.069104,-0.162197,-0.062814,-0.170003,-0.071527,0.002516,0.001206
0,-0.033489,0.001447,0.120499,0.044224,0.071163,0.044975,0.000584,2.5e-05
0,0.062893,0.096118,0.113945,0.074922,0.08651,0.110947,0.001098,0.001678
0,0.060172,-0.037292,0.011742,-0.12772,0.015896,-0.154364,0.00105,0.000651
0,-0.212767,-0.009756,-0.253832,0.002515,-0.243515,-0.038227,0.001904,0.00017
0,-0.213112,-0.068963,-0.02689,-0.053221,0.013917,-0.040882,0.001898,0.001204
0,-0.199868,-0.0414,0.002816,0.036559,0.017716,0.040273,0.002129,0.000723
0,0.029462,0.18777,0.238404,0.216533,0.249541,0.172113,0.000514,0.00234
0,0.051827,0.183654,0.000414,-0.005014,0.033778,0.01087,0.000905,0.002412
0,-0.132912,0.135563,-0.190732,-0.03644,-0.211657,-0.053711,0.00232,0.002366
0,-0.03468,0.039532,0.080861,-0.089481,0.128531,-0.053637,0.000605,0.00069
0,0.034142,0.134928,0.093754,0.111103,0.088258,0.114482,0.000596,0.002355
0,-0.039631,-0.014119,-0.087892,-0.150004,-0.108131,-0.160624,0.000692,0.000246
0,-0.255542,0.031839,-0.233846,0.028478,-0.267644,0.024701,0.001157,0.000556
0,-0.127753,0.133573,0.107641,0.107844,0.13334,0.103708,0.00223,0.002331
0,-0.239154,-0.012441,-0.103457,-0.165393,-0.123425,-0.161105,0.001443,0.000217
0,-0.051976,0.00444,0.211358,0.016111,0.236446,-0.016181,0.000907,7.7e-05
0,-0.176034,0.093541,-0.145339,0.098189,-0.118891,0.083451,0.002545,0.001633
0,-0.131083,0.04783,0.067225,-0.039597,0.075669,-0.057192,0.002288,0.000835
0,-0.068608,-0.080804,0.08022,-0.100581,0.110954,-0.079062,0.001197,0.00141
0,-0.16546,0.102644,-0.107542,0.172405,-0.05934,0.221184,0.00273,0.001791
0,0.039521,0.008274,0.19223,-0.109406,0.147572,-0.113925,0.00069,0.000144
0,-0.085136,0.151271,-0.107632,0.124245,-0.115453,0.117682,0.001486,0.00264
0,0.185452,-0.092515,0.243058,-0.261546,0.274632,-0.289258,0.002381,0.001615
0,0.094864,0.020619,-0.07115,0.141946,-0.02571,0.140373,0.001656,0.00036
0,0.076379,0.159636,-0.001257,0.129951,-0.016438,0.175811,0.001333,0.002786
0,0.155077,0.085927,0.089958,-0.08303,0.089701,-0.12571,0.002707,0.0015
0,0.098374,0.108709,-0.072841,0.039711,-0.050714,0.005434,0.001717,0.001897
0,0.091085,0.087532,-0.033697,-0.03219,-0.048631,0.006931,0.00159,0.001528
0,0.035974,0.19952,-0.044843,0.139464,-0.073005,0.099266,0.000628,0.002135
0,0.081075,0.02931,0.017772,-0.197125,0.002512,-0.222936,0.001415,0.000512
0,0.141459,0.095425,0.055195,0.073729,0.040834,0.096435,0.002469,0.001665
0,0.009919,0.012077,-0.134125,-0.112413,-0.112468,-0.077961,0.000173,0.000211
0,0.137777,-0.087967,0.156177,-0.092637,0.120568,-0.079488,0.002405,0.001535
0,-0.05606,-0.133281,-0.186915,-0.055701,-0.194815,-0.015712,0.000978,0.002326
0,0.023609,0.094908,0.087073,0.224607,0.070839,0.259719,0.000412,0.001656
0,0.127225,0.006652,0.087341,-0.107208,0.085013,-0.109642,0.002221,0.000116
0,-0.165014,0.061244,-0.308329,0.032748,-0.309645,0.070528,0.002737,0.001069
0,0.063009,-0.136517,0.216262,-0.188813,0.175894,-0.23104,0.0011,0.002383
0,0.044819,-0.057403,-0.00653,0.070097,0.03191,0.116429,0.000782,0.001002
0,0.101998,-0.028623,0.046661,0.000336,0.035127,0.00119,0.00178,0.0005
0,0.029431,0.067838,-0.08563,0.104946,-0.097765,0.102795,0.000514,0.001184
0,-0.028213,-0.13863,-0.087413,-0.235303,-0.114993,-0.270158,0.000492,0.00242
0,-0.106885,-0.09797,-0.101728,0.040375,-0.062808,0.029008,0.001865,0.00171
0,-0.005452,-0.01737,0.080329,0.073396,0.048481,0.105009,9.5e-05,0.000303
0,-3.113785,-0.561761,-3.106291,-0.541705,-3.129462,-0.562449,0.001829,0.00143
0,-4.034669,-0.94248,-0.906676,-0.400733,-0.924352,-0.400192,0.002609,0.000403
0,-3.467787,-1.395518,0.574589,-0.465983,0.563188,-0.420736,0.001268,0.001886
0,-4.096865,-1.563198,-0.64778,-0.16406,-0.619641,-0.17655,0.001524,0.000805
0,-3.809116,-1.347565,0.293725,0.239003,0.249246,0.279836,0.000928,0.001049
0,-2.82944,-1.220254,0.972944,0.155675,0.963523,0.130266,0.001175,0.001173
0,-2.114773,-0.655836,0.736479,0.572806,0.755805,0.579011,0.002413,0.000211
0,-1.34808,-0.598755,0.752286,0.060492,0.734511,0.09592,0.001058,0.000785
0,-0.522577,-0.492861,0.810479,0.098299,0.812127,0.14678,0.002114,0.002633
0,-0.20649,-0.209811,0.324911,0.285045,0.368684,0.282171,0.002014,0.001956
0,-0.033274,-0.034456,0.178769,0.190002,0.176822,0.158173,0.000581,0.000601
0,0.325463,0.149604,0.356054,0.186196,0.334556,0.136828,6.3e-05,0.002611
0,0.176017,0.151354,-0.176007,-0.000746,-0.176954,0.005985,0.002545,0.002642
0,0.174913,0.141938,-0.009715,0.018151,-0.057157,0.005762,0.002565,0.002477
0,0.239554,0.126352,0.086157,0.000572,0.099359,-0.019958,0.001436,0.002205
0,0.240012,0.224564,0.001764,0.083131,0.021849,0.081781,0.001429,0.001698
0,0.214939,0.103935,-0.037945,-0.140444,-0.008803,-0.154387,0.001866,0.001814
0,0.115065,0.365328,-0.082222,0.235395,-0.050276,0.279438,0.002008,0.000759
0,-0.069337,0.406841,-0.169509,0.040516,-0.205845,0.007154,0.00121,0.001483
0,-0.043819,0.047165,0.004132,-0.336327,-0.013591,-0.306714,0.000765,0.000823
0,-0.101564,0.047048,-0.046976,0.011319,-0.011951,0.025663,0.001773,0.000821
0,-0.128227,0.28462,-0.010406,0.243768,0.001918,0.293724,0.002238,0.00065
0,0.048783,0.129272,0.198805,-0.154335,0.150323,-0.176779,0.000851,0.002256
0,0.131592,0.163189,0.053519,0.032388,0.059569,0.079346,0.002297,0.002769
0,-0.079646,0.164925,-0.227215,0.007244,-0.238162,-0.021111,0.00139,0.002739
0,0.04139,0.006665,0.112394,-0.165067,0.15453,-0.179602,0.000722,0.000116
0,-0.035827,0.165187,-0.067637,0.145044,-0.114634,0.15885,0.000625,0.002734
0,0.126885,0.097809,0.171463,-0.086959,0.135043,-0.09506,0.002215,0.001707
0,-0.046765,-0.014592,-0.186601,-0.133575,-0.20804,-0.089072,0.000816,0.000255
0,0.123858,0.182622,0.154681,0.170572,0.139026,0.218597,0.002162,0.00243
0,0.029147,0.120976,-0.124419,-0.060969,-0.096288,-0.108972,0.000509,0.002111
0,0.045584,-0.022271,-0.007725,-0.163038,-0.039866,-0.189973,0.000796,0.000389
0,-0.098745,0.201697,-0.131054,0.205441,-0.14925,0.227135,0.001723,0.002097
0,0.044332,-0.051931,0.172774,-0.239174,0.130858,-0.200944,0.000774,0.000906
0,-0.149425,0.140167,-0.199635,0.213907,-0.207562,0.236887,0.002608,0.002446
0,0.015013,0.153329,0.149565,-0.006974,0.170724,-0.051027,0.000262,0.002676
0,0.138921,0.118876,0.139381,-0.019106,0.180868,0.007636,0.002425,0.002075
0,0.124845,-0.025578,0.010253,-0.15067,-0.001847,-0.132498,0.002179,0.000446
0,-0.027721,0.093557,-0.145527,0.113818,-0.113632,0.158781,0.000484,0.001633
0,0.098081,0.067762,0.138622,-0.02674,0.161118,-0.003853,0.001712,0.001183
0,0.105777,-0.032273,0.004418,-0.083055,-0.005105,-0.130978,0.001846,0.000563
0,0.141982,0.12793,0.022659,0.159093,0.032759,0.159788,0.002478,0.002233
0,0.242169,0.022337,0.080613,-0.096018,0.120871,-0.128403,0.001391,0.00039
0,0.007051,0.065359,-0.220166,0.046224,-0.205549,-0.002349,0.000123,0.001141
0,0.119877,0.004755,0.097812,-0.086081,0.088461,-0.041674,0.002092,8.3e-05
0,0.017318,0.104338,-0.082774,0.095191,-0.035292,0.135054,0.000302,0.001821
0,0.097184,0.104706,0.088558,-0.002977,0.130992,0.022674,0.001696,0.001827
0,0.146438,-0.031432,0.073962,-0.116574,0.071708,-0.103593,0.002556,0.000549
0,0.045067,0.000885,-0.124789,0.050495,-0.139244,0.072355,0.000787,1.5e-05
0,0.094108,0.138294,0.051517,0.132789,0.030241,0.142353,0.001642,0.002414
0,0.162902,0.076722,0.061055,-0.079433,0.03104,-0.111133,0.002774,0.001339
0,-0.098247,0.065048,-0.281933,0.001451,-0.283137,0.034503,0.001715,0.001135
0,0.015363,0.135983,0.121785,0.058451,0.134386,0.025418,0.000268,0.002373
0,-0.078912,0.149858,-0.114559,0.01262,-0.146552,-0.003735,0.001377,0.002616
0,-0.052652,0.013129,0.045297,-0.126042,0.037746,-0.096289,0.000919,0.000229
0,0.033138,0.120104,0.055807,0.123142,0.053956,0.112971,0.000578,0.002096
0,0.113349,0.123628,0.085605,0.009672,0.095908,0.042081,0.001978,0.002158
0,-0.135072,-0.096701,-0.227117,-0.230528,-0.201324,-0.198345,0.002357,0.001688
0,-0.045675,-0.028124,0.10532,0.091314,0.13911,0.082126,0.000797,0.000491
0,0.019749,-0.118495,0.091519,-0.099183,0.045105,-0.122841,0.000345,0.002068
0,-0.146546,0.054934,-0.142628,0.145007,-0.14225,0.146112,0.002558,0.000959
0,-0.198294,0.11583,-0.026218,0.067659,-0.049626,0.044123,0.002157,0.002022
0,-0.157975,0.018156,0.061886,-0.11207,0.043327,-0.094012,0.002757,0.000317
0,-0.00323,-0.023357,0.142755,-0.044579,0.145893,-0.031618,5.6e-05,0.000408
0,-0.149985,0.032245,-0.124172,0.080404,-0.098663,0.037576,0.002618,0.000563
0,-0.037263,-0.077971,0.104239,-0.084569,0.077133,-0.116273,0.00065,0.001361
0,0.069339,0.076224,0.100398,0.171128,0.140964,0.183085,0.00121,0.00133
0,0.009955,0.001323,-0.052188,-0.072994,-0.049505,-0.064403,0.000174,2.3e-05
0,0.002829,0.133983,-0.026244,0.117771,-0.064125,0.09416,4.9e-05,0.002338
0,-0.016959,-0.078908,-0.025214,-0.222001,0.016652,-0.197958,0.000296,0.001377
0,-0.084237,-0.089011,-0.071593,0.001407,-0.117029,-0.030568,0.00147,0.001554
0,-0.081294,-0.011635,-0.017945,0.049612,0.013657,0.066779,0.001419,0.000203
0,0.117994,0.061836,0.211083,0.078099,0.212017,0.076274,0.002059,0.001079
0,-0.037014,0.018106,-0.131628,-0.038728,-0.142103,-0.047452,0.000646,0.000316
0,0.00501,0.033403,0.041311,-0.003284,0.085397,-0.007126,8.7e-05,0.000583
0,0.028768,-0.09291,0.000858,-0.113665,-0.001118,-0.162849,0.000502,0.001622
0,0.096225,0.013501,0.086695,0.11182,0.102777,0.153784,0.001679,0.000236
0,0.165243,-0.009648,0.06379,-0.04308,0.021814,-0.090015,0.002733,0.000168
0,-0.040586,-0.02708,-0.201995,-0.021527,-0.182564,-0.030853,0.000708,0.000473
0,-0.089599,-0.052557,-0.031163,-0.039015,-0.047175,-0.045851,0.001564,0.000917
0,0.177642,-0.114209,0.290524,-0.064345,0.257277,-0.057769,0.002517,0.001993
0,-0.047704,-0.01134,-0.253056,0.11355,-0.238225,0.080498,0.000833,0.000198
0,-0.033426,0.010497,0.037082,0.002307,0.073075,0.035901,0.000583,0.000183
0,-0.046136,0.034443,-0.02933,0.008147,-0.015799,-0.035025,0.000805,0.000601
0,0.030307,-0.177138,0.067037,-0.186645,0.067968,-0.16654,0.000529,0.002526
0,0.145348,0.064844,0.114127,0.237502,0.116392,0.281438,0.002537,0.001132
0,0.094584,0.063481,-0.080589,-0.006468,-0.060663,-0.002031,0.001651,0.001108
0,0.190143,-0.080192,0.090799,-0.147511,0.043509,-0.146808,0.002299,0.0014
0,0.191435,0.066966,0.027516,0.150344,0.006978,0.117521,0.002276,0.001169
0,0.244277,0.065652,0.023965,0.014061,0.010838,-0.0088,0.001354,0.001146
0,0.249525,-0.105975,0.021787,-0.147822,0.031324,-0.155863,0.001262,0.00185
0,0.287648,0.044755,0.041219,0.143642,0.064028,0.182623,0.000597,0.000781
0,0.040602,-0.158281,-0.267244,-0.213958,-0.282495,-0.2523,0.000709,0.002763
0,0.112091,-0.119555,0.07947,0.053068,0.128279,0.024348,0.001956,0.002087
0,0.142424,0.011717,0.056563,0.118656,0.029498,0.14802,0.002486,0.000205
0,0.097966,-0.077121,-0.054467,-0.09871,-0.024806,-0.136739,0.00171,0.001346
0,0.010193,0.046347,-0.113527,0.099373,-0.119857,0.104568,0.000178,0.000809
0,0.259937,-0.003223,0.248865,-0.045476,0.281836,-0.09467,0.001081,5.6e-05
0,0.248404,0.097113,-0.023406,0.07545,0.018371,0.052536,0.001282,0.001695
0,0.290662,-0.121808,0.032157,-0.210087,0.034896,-0.216403,0.000544,0.002126
0,0.035206,-0.10175,-0.25523,0.012394,-0.246798,0.012683,0.000614,0.001776
0,0.01005,0.03494,-0.037233,0.109748,-0.027382,0.085022,0.000175,0.00061
0,0.132614,0.105276,0.103357,0.059094,0.087916,0.069394,0.002315,0.001837
0,0.01012,0.082019,-0.151631,-0.042071,-0.10555,0.001823,0.000177,0.001431
0,0.002677,0.119474,0.011485,0.014706,0.000622,-0.009859,4.7e-05,0.002085
0,-0.031262,0.130813,-0.00915,0.011009,-0.01842,0.024206,0.000546,0.002283
0,0.1134,0.045493,0.122558,-0.062382,0.167047,-0.047529,0.001979,0.000794
0,0.254459,-0.056753,0.153083,-0.083143,0.180039,-0.12724,0.001176,0.000991
0,0.136988,0.143603,-0.13225,0.212985,-0.124747,0.259801,0.002391,0.002506
0,0.299813,-0.081015,0.166161,-0.220416,0.183253,-0.209841,0.000385,0.001414
0,0.112885,0.131416,-0.214713,0.195092,-0.22946,0.243508,0.00197,0.002294
0,0.179049,0.05086,0.049142,-0.102386,0.005254,-0.055621,0.002493,0.000888
0,0.008113,0.028439,-0.166792,-0.004114,-0.200937,-0.039649,0.000142,0.000496
0,0.125265,0.152184,0.098617,0.113988,0.143118,0.076315,0.002186,0.002656
0,0.194178,0.142488,0.076166,-0.025795,0.061295,-0.044955,0.002228,0.002487
0,0.214403,-0.06912,-0.004726,-0.233331,-0.038126,-0.245619,0.001875,0.001206
0,0.11277,0.153445,-0.108363,0.250885,-0.136117,0.26957,0.001968,0.002678
0,0.0561,-0.082447,-0.045921,-0.2129,-0.039709,-0.218722,0.000979,0.001439
0,0.227936,-0.041872,0.171792,0.037985,0.175976,0.01208,0.001639,0.000731
0,0.283934,0.155377,0.07823,0.18355,0.091947,0.212258,0.000662,0.002712
0,0.122786,0.172021,-0.14793,0.042515,-0.18954,0.051566,0.002143,0.002615
0,0.27896,0.020973,0.141944,-0.132239,0.136649,-0.093568,0.000749,0.000366
0,0.157412,0.194967,-0.118517,0.163717,-0.100169,0.11555,0.002747,0.002215
0,0.277477,0.072786,0.111795,-0.100262,0.147088,-0.08431,0.000775,0.00127
0,0.157887,-0.114195,-0.091245,-0.202177,-0.079996,-0.221932,0.002756,0.001993
0,0.006805,0.096117,-0.14415,0.193655,-0.105104,0.224524,0.000119,0.001678
0,-0.040306,0.129982,-0.055611,0.034786,-0.050478,0.075534,0.000703,0.002269
0,-0.086867,0.063948,-0.061205,-0.051823,-0.065474,-0.013565,0.001516,0.001116
0,-0.0263,0.116433,0.042944,0.056174,0.018691,0.071023,0.000459,0.002032
0,0.160562,0.050611,0.211883,-0.05486,0.175773,-0.079994,0.002802,0.000883
0,0.154802,0.007569,-0.03294,-0.052389,-0.078316,-0.088207,0.002702,0.000132
0,0.162792,0.006319,-0.013862,-0.017152,0.012982,-0.014911,0.002776,0.00011
0,0.163403,0.170215,0.00694,0.166253,0.027973,0.160858,0.002766,0.002647
0,0.125821,0.161264,-0.025031,-0.003276,-0.04773,-0.041217,0.002196,0.002803
0,0.017736,0.195915,-0.123682,0.059514,-0.094853,0.057936,0.00031,0.002198
0,0.113529,0.043838,0.114156,-0.166538,0.065307,-0.120207,0.001981,0.000765
0,0.106005,0.067483,-0.022264,0.01731,-0.021502,0.036532,0.00185,0.001178
0,0.04232,0.060242,-0.090808,0.001204,-0.119991,0.018997,0.000739,0.001051
0,-0.073045,0.135522,-0.091445,0.046576,-0.046631,0.043795,0.001275,0.002365
0,-0.073372,0.187099,0.011899,0.057097,-0.023564,0.0894,0.001281,0.002352
0,-0.002045,0.0485,0.082001,-0.118376,0.058721,-0.14549,3.6e-05,0.000846
0,0.10652,0.232821,0.135296,0.159622,0.157022,0.120175,0.001859,0.001554
0,0.006222,0.093188,-0.084465,-0.152951,-0.093994,-0.13779,0.000109,0.001626
0,-0.117221,-0.054144,-0.105546,-0.141869,-0.109457,-0.133462,0.002046,0.000945
0,-0.049776,-0.006655,0.077735,0.061954,0.032666,0.051313,0.000869,0.000116
0,-0.118503,0.189945,-0.085916,0.192785,-0.036802,0.235346,0.002068,0.002302
0,-0.029387,0.241161,0.076321,0.05622,0.063467,0.043527,0.000513,0.001408
0,-0.084731,-0.040368,-0.042854,-0.271958,-0.062179,-0.310024,0.001479,0.000705
0,0.028425,0.093448,0.087983,0.126251,0.131684,0.119074,0.000496,0.001631
0,0.021765,0.003214,0.005115,-0.068326,0.0494,-0.056603,0.00038,5.6e-05
0,0.087591,0.058413,0.040595,0.043609,0.012476,0.011495,0.001529,0.00102
0,0.004339,0.018894,-0.071155,-0.061928,-0.117777,-0.099616,7.6e-05,0.00033
0,0.09855,0.161359,0.112226,0.167674,0.150415,0.158045,0.00172,0.002801
0,0.063731,0.056676,-0.054782,-0.101073,-0.096156,-0.054153,0.001112,0.000989
0,0.056055,-0.024895,0.009365,-0.052742,0.022763,-0.007263,0.000978,0.000435
0,-0.00367,0.026729,-0.054979,0.051922,-0.042863,0.052693,6.4e-05,0.000467
0,0.205436,0.206471,0.228721,0.189035,0.21442,0.181527,0.002032,0.002014
0,0.190973,0.124956,-0.01084,-0.058995,-0.033269,-0.086898,0.002284,0.002181
0,0.111763,0.186139,-0.079073,0.079331,-0.080241,0.104763,0.001951,0.002369
0,0.19464,0.265429,0.106104,0.08542,0.084166,0.081203,0.00222,0.000985
0,0.169177,0.242588,0.003168,-0.018227,-0.039683,-0.008424,0.002665,0.001384
0,-0.042286,-0.011856,-0.240706,-0.245505,-0.279881,-0.259854,0.000738,0.000207
0,-0.071301,0.129078,-0.032722,0.128445,-0.034618,0.120034,0.001244,0.002253
0,-0.084015,0.146433,-0.021674,0.021111,-0.048238,-0.005621,0.001466,0.002556
0,-0.112766,0.238779,-0.055554,0.118141,-0.086972,0.121053,0.001968,0.00145
0,0.120565,-0.053318,0.243931,-0.311219,0.255638,-0.268679,0.002104,0.000931
0,-0.047525,-0.036525,-0.148823,-0.002694,-0.198401,-0.024376,0.000829,0.000637
0,-0.124179,0.100388,-0.080354,0.123805,-0.060126,0.105236,0.002167,0.001752
0,-0.037967,0.033665,0.074109,-0.075278,0.086511,-0.036588,0.000663,0.000588
0,-0.109393,0.028937,-0.056123,-0.001593,-0.081875,0.023087,0.001909,0.000505
0,-0.06339,-0.017922,0.069089,-0.055769,0.105057,-0.014634,0.001106,0.000313
0,-0.046306,0.219788,0.014526,0.237053,0.029878,0.198878,0.000808,0.001781
0,-0.105146,0.12772,-0.07024,-0.115897,-0.036701,-0.10761,0.001835,0.002229
0,-0.077712,-0.040513,0.028083,-0.139737,0.012405,-0.116608,0.001356,0.000707
0,-0.009001,0.112667,0.05785,0.166338,0.023732,0.174839,0.000157,0.001966
0,0.03319,0.138883,0.0308,0.035015,0.039193,0.032623,0.000579,0.002424
0,-0.07306,0.008569,-0.103375,-0.151823,-0.140736,-0.197588,0.001275,0.00015
0,0.049548,0.160359,0.098745,0.151107,0.140011,0.118886,0.000865,0.002799
0,-0.168503,0.040255,-0.226548,-0.142816,-0.203147,-0.117379,0.002677,0.000703
0,-0.014464,0.04432,0.157478,-0.002542,0.195848,-0.015052,0.000252,0.000774
0,-0.193969,-0.057648,-0.206049,-0.124933,-0.235232,-0.174197,0.002232,0.001006
0,-0.031354,0.087992,0.178227,0.139389,0.166136,0.091352,0.000547,0.001536
0,-0.219736,0.056056,-0.180965,-0.014878,-0.226212,-0.000824,0.001782,0.000978
0,-0.069315,0.220117,0.127829,0.17259,0.08493,0.139851,0.00121,0.001776
0,-0.024495,0.158979,0.035819,-0.074654,0.005277,-0.028444,0.000428,0.002775
0,-0.04149,-0.029957,-0.044014,-0.20097,0.002074,-0.24251,0.000724,0.000523
0,-0.146369,0.093464,-0.126969,0.150442,-0.124639,0.156879,0.002555,0.001631
0,-0.145579,0.055921,0.026641,-0.016063,0.009995,-0.047251,0.002541,0.000976
0,-0.129809,0.050207,0.039087,-0.021509,0.078249,0.013944,0.002266,0.000876
0,-0.219639,0.164087,-0.106208,0.096681,-0.103844,0.115146,0.001784,0.002754
0,-0.273897,0.088397,-0.068376,-0.09452,-0.100699,-0.047348,0.000837,0.001543
0,-0.146768,-0.007503,0.108087,-0.106966,0.149688,-0.141481,0.002562,0.000131
0,-0.041621,0.08589,0.12869,0.114789,0.105057,0.066217,0.000726,0.001499
0,-0.076389,-0.036838,-0.040794,-0.127868,-0.083507,-0.157887,0.001333,0.000643
0,-0.119357,-0.060118,-0.047069,-0.018248,-0.011488,-0.012377,0.002083,0.001049
0,0.097942,0.051267,0.189321,0.082318,0.192069,0.065046,0.001709,0.000895
0,0.014465,-0.057466,-0.082416,-0.102147,-0.05475,-0.108591,0.000252,0.001003
0,0.028945,0.124399,-0.010754,0.164192,0.014845,0.127008,0.000505,0.002171
0,0.101213,0.028651,0.084298,-0.121245,0.063992,-0.139823,0.001766,0.0005
0,0.102868,0.136926,0.017836,0.093783,-0.011862,0.108564,0.001795,0.00239
0,-0.044051,0.034013,-0.128001,-0.074142,-0.148279,-0.111596,0.000769,0.000594
0,0.05167,-0.120401,0.125302,-0.125868,0.108554,-0.150455,0.000902,0.002101
0,0.114959,-0.129648,0.058108,0.018304,0.015411,0.037721,0.002006,0.002263
0,0.162627,-0.021321,0.022439,0.079823,0.056085,0.049582,0.002779,0.000372
0,0.192568,-0.108183,0.02227,-0.082355,0.047958,-0.039616,0.002257,0.001888
0,0.205992,-0.152358,0.01425,-0.045313,0.050998,-0.063408,0.002022,0.002659
0,0.077957,-0.070351,-0.112112,0.069825,-0.154252,0.042444,0.001361,0.001228
0,0.127156,-0.052806,0.058378,0.002999,0.076364,0.036719,0.002219,0.000922
0,0.223746,0.01815,0.074969,0.092967,0.095626,0.110277,0.001712,0.000317
0,-0.019579,-0.098449,-0.25586,-0.112319,-0.222827,-0.080451,0.000342,0.001718
0,0.137691,-0.09287,0.161383,0.030823,0.16289,0.070972,0.002403,0.001621
0,0.015703,-0.081362,-0.10002,-0.012089,-0.144949,-0.017612,0.000274,0.00142
0,0.046025,-0.107559,0.011228,-0.013005,-0.011445,0.028668,0.000803,0.001877
0,-0.137561,-0.038259,-0.171672,0.067919,-0.215959,0.11547,0.002401,0.000668
0,0.113149,-0.073268,0.267133,-0.025362,0.228393,-0.058726,0.001975,0.001279
0,-0.201077,-0.097394,-0.342373,0.005436,-0.355191,-0.037828,0.002108,0.0017
0,-0.098943,0.032952,0.097245,0.138093,0.107193,0.176659,0.001727,0.000575
0,-0.133387,0.019513,-0.016048,-0.028658,-0.052267,0.020862,0.002328,0.000341
0,0.092735,-0.122538,0.249581,-0.11416,0.255179,-0.126582,0.001619,0.002139
0,-3.441859,-1.354891,-3.536529,-1.260585,-3.491954,-1.300553,0.001721,0.001177
0,-4.489787,-2.41129,-1.030242,-1.038908,-1.033246,-1.059223,0.000284,0.002762
0,-5.798799,-2.536532,-1.281751,-0.150608,-1.258095,-0.107476,9.3e-05,0.000669
0,-4.876376,-2.404976,0.947263,0.138358,0.981387,0.095754,0.000846,0.002652
0,-4.359853,-1.651935,0.51169,0.754801,0.49398,0.770849,0.002551,0.000744
0,-2.937722,-1.080827,1.44521,0.547031,1.465701,0.565566,0.000715,0.002011
0,-2.152179,-0.829826,0.80325,0.259531,0.78368,0.308182,0.00176,0.002369
0,-1.613897,-0.432956,0.530097,0.374011,0.488236,0.353403,8e-05,0.001939
0,-1.161114,-0.234075,0.44733,0.226851,0.480985,0.274769,0.002205,0.001532
0,-1.026344,-0.195836,0.154073,0.021045,0.158761,0.002569,0.001061,0.0022
0,-0.873953,-0.163315,0.17578,0.023341,0.225424,-0.007044,0.001599,0.002767
0,-0.919925,-0.075507,-0.022821,0.11638,-0.033369,0.076545,0.000797,0.001318
0,-1.070484,0.077714,-0.169936,0.154581,-0.182832,0.138148,0.001831,0.001356
0,-0.787696,-0.044503,0.274449,-0.130489,0.296687,-0.167302,0.002513,0.000777
0,-0.70417,0.074022,0.068048,0.10255,0.090029,0.064835,0.001055,0.001292
0,-0.865351,-0.076324,-0.142312,-0.161195,-0.135242,-0.170454,0.001749,0.001332
0,-0.765676,0.044559,0.114972,0.14238,0.118445,0.159353,0.002129,0.000778
0,-0.677467,-0.037451,0.059542,-0.081549,0.075013,-0.053006,0.000589,0.000654
0,-0.527797,0.116827,0.157356,0.13354,0.107362,0.121732,0.002023,0.002039
0,-0.440779,-0.109804,0.059776,-0.216205,0.056023,-0.168842,0.002076,0.001916
0,-0.619752,-0.014935,-0.198057,0.106301,-0.241399,0.125563,0.000418,0.000261
0,-0.494469,-0.07175,0.099649,-0.052046,0.129218,-0.011825,0.002605,0.001252
0,-0.300225,0.092473,0.181413,0.190842,0.15653,0.176699,0.000378,0.001614
0,-0.363286,0.121549,-0.039504,0.058906,-0.011319,0.102587,0.000723,0.002121
0,-0.335029,-0.121465,-0.001515,-0.259931,-0.040319,-0.23938,0.00023,0.00212
0,-0.28205,0.042363,0.081217,0.141298,0.11957,0.148625,0.000695,0.000739
0,-0.45617,-0.197554,-0.202069,-0.256892,-0.164952,-0.267117,0.002344,0.00217
0,-0.3,-0.093721,0.147903,0.118767,0.161303,0.077054,0.000382,0.001636
0,-0.154155,-0.199926,0.161851,-0.105924,0.142649,-0.117826,0.002691,0.002128
0,-0.363031,-0.064028,-0.194463,0.139027,-0.152234,0.118953,0.000719,0.001117
0,-0.364466,-0.030823,0.004887,0.04734,0.05228,0.051598,0.000744,0.000538
0,-0.297799,-0.238841,0.038984,-0.229001,0.020235,-0.278929,0.00042,0.001449
0,-0.317817,0.055574,-0.005675,0.273908,0.043968,0.322984,7.1e-05,0.00097
0,-0.34777,-0.051162,-0.002912,-0.127956,-0.026191,-0.177926,0.000452,0.000893
0,-0.101123,-0.030514,0.240618,0.008159,0.197713,-0.032956,0.001765,0.000533
0,-0.278555,-0.029508,-0.191153,-0.025579,-0.216793,-0.073784,0.000756,0.000515
0,-0.153114,0.007646,0.10813,0.046741,0.126054,0.042842,0.002672,0.000133
0,-0.309081,0.096264,-0.12993,0.109008,-0.145279,0.095177,0.000223,0.00168
0,-0.152144,0.025046,0.157308,-0.042013,0.126637,-0.056273,0.002655,0.000437
0,-0.233761,0.069191,-0.062883,0.049742,-0.045477,0.063547,0.001538,0.001208
0,-0.301809,0.096163,-0.043532,0.028535,-0.034357,0.04141,0.00035,0.001678
0,-0.238556,-0.170979,0.087396,-0.260265,0.102136,-0.239238,0.001454,0.002633
0,-0.207187,-0.126886,0.007436,0.064682,0.035161,0.030654,0.002001,0.002215
0,-0.325823,0.119608,-0.095903,0.270173,-0.084452,0.28331,6.9e-05,0.002088
0,-0.260168,-0.111541,0.09375,-0.206768,0.046854,-0.230011,0.001077,0.001947
0,-0.259089,-0.079676,0.018981,0.028176,0.057788,0.072138,0.001096,0.001391
0,-0.241977,0.171718,0.00742,0.225682,-0.007782,0.243178,0.001394,0.00262
0,-0.196535,0.056583,0.065745,-0.102269,0.031641,-0.061663,0.002187,0.000988
0,-0.048191,0.000147,0.161408,-0.054369,0.121941,-0.019299,0.000841,3e-06
0,-0.058632,0.154659,-0.038648,0.182245,-0.082347,0.199556,0.001023,0.002699
0,-0.073603,0.222065,-0.032644,0.074791,-0.043269,0.087813,0.001285,0.001742
0,-0.308597,-0.004833,-0.264129,-0.211209,-0.308761,-0.242767,0.000231,8.4e-05
0,-0.203855,0.177891,0.117027,0.173889,0.103018,0.21589,0.00206,0.002513
0,-0.10955,0.046081,0.068999,-0.128343,0.06506,-0.170461,0.001912,0.000804
0,-0.153946,0.060467,-0.042611,0.038962,-0.00837,-0.001133,0.002687,0.001055
0,-0.224571,-0.095155,-0.095178,-0.181648,-0.10105,-0.135119,0.001698,0.001661
0,-0.101938,0.1207,0.119257,0.195171,0.10543,0.223006,0.001779,0.002107
0,-0.092329,-0.093537,-0.001542,-0.190779,-0.045262,-0.155601,0.001611,0.001633
0,-0.072119,0.022361,0.032589,0.116579,0.001261,0.077451,0.001259,0.00039
0,-0.183108,-0.002747,-0.1268,-0.043156,-0.101545,-0.045492,0.002422,4.8e-05
0,-0.286777,0.081499,-0.133081,0.095938,-0.101258,0.072971,0.000612,0.001422
0,-0.269282,-0.102508,0.016687,-0.213828,0.014672,-0.231984,0.000918,0.001789
0,-0.135826,0.13821,0.152615,0.227842,0.194861,0.254506,0.002371,0.002412
0,-0.061046,-0.013152,0.055444,-0.152568,0.046609,-0.137383,0.001065,0.00023
0,-0.190613,-0.065131,-0.101935,-0.042292,-0.135706,-0.091723,0.002291,0.001137
0,0.04131,0.031655,0.231017,0.073624,0.231219,0.051299,0.000721,0.000552
0,-0.243194,-0.03772,-0.273505,-0.063112,-0.253534,-0.075877,0.001373,0.000658
0,-0.122333,0.197079,0.142486,0.232448,0.105511,0.241862,0.002135,0.002178
0,0.073067,0.186394,0.219779,-0.020466,0.181347,-0.055271,0.001275,0.002364
0,0.063378,0.155147,-0.02833,-0.036203,-0.066353,-0.015572,0.001106,0.002708
0,-0.024923,0.202732,-0.095187,0.070237,-0.079988,0.046633,0.000435,0.002079
0,-0.050611,-0.033662,-0.039946,-0.21055,-0.051608,-0.242982,0.000883,0.000588
0,-0.108994,0.0045,-0.083169,0.008742,-0.100576,0.024473,0.001902,7.9e-05
0,-0.185407,0.10049,-0.094874,0.11249,-0.100452,0.121839,0.002382,0.001754
0,-0.244566,0.043484,-0.088772,-0.069373,-0.111367,-0.026573,0.001349,0.000759
0,0.035369,0.083854,0.294451,0.037897,0.317526,0.083828,0.000617,0.001464
0,0.060335,-0.0451,-0.004823,-0.113372,-0.031035,-0.151974,0.001053,0.000787
0,-0.107467,0.096404,-0.152935,0.145443,-0.179167,0.105048,0.001876,0.001683
0,-0.270776,0.133053,-0.162541,0.046704,-0.129023,0.092992,0.000892,0.002322
0,-0.216528,-0.021751,0.080896,-0.163489,0.100091,-0.183163,0.001838,0.00038
0,-0.16032,0.114715,0.04518,0.130187,0.025694,0.176169,0.002798,0.002002
0,-0.224354,0.112554,-0.062914,-0.011631,-0.09063,0.011362,0.001702,0.001964
0,-0.036527,-0.087333,0.173623,-0.218474,0.180955,-0.18595,0.000638,0.001524
0,-0.122751,0.11359,-0.084055,0.171594,-0.041453,0.220323,0.002142,0.001983
0,-0.158267,0.129316,-0.017923,0.030205,0.01792,0.040183,0.002762,0.002257
0,-0.181438,0.155702,0.000358,0.009633,0.025481,0.036003,0.002451,0.002718
0,-0.054846,0.119583,0.133008,-0.035881,0.085157,-0.01315,0.000957,0.002087
0,-0.027608,0.11017,0.032646,0.007917,0.026473,-0.02873,0.000482,0.001923
0,-0.183776,-0.00621,-0.158256,-0.09131,-0.110347,-0.048135,0.00241,0.000108
0,0.000351,0.017179,0.171579,0.001797,0.214762,0.003737,6e-06,0.0003
0,-0.011586,-0.109432,0.003491,-0.096726,0.004627,-0.10792,0.000202,0.00191
0,-0.054141,0.137318,-0.044681,0.262682,-3.9e-05,0.268638,0.000945,0.002397
0,0.037043,0.030216,0.076303,-0.13702,0.094495,-0.102031,0.000647,0.000527
0,0.15929,-0.118089,0.098303,-0.174593,0.100959,-0.152036,0.00278,0.002061
0,0.168981,-0.048986,0.009845,0.09576,0.021404,0.049584,0.002668,0.000855
0,-0.075715,-0.114455,-0.222542,-0.080477,-0.183517,-0.033917,0.001321,0.001998
0,-0.058318,0.021516,-0.004646,0.139407,0.040663,0.174249,0.001018,0.000376
0,0.08745,-0.056254,0.119335,-0.10211,0.161269,-0.142901,0.001526,0.000982
0,-0.055169,-0.09381,-0.170801,-0.042963,-0.158338,-0.017852,0.000963,0.001637
0,0.060918,-0.019452,0.144837,0.050455,0.163273,0.090784,0.001063,0.000339
0,-0.150821,0.06515,-0.226521,0.065611,-0.20868,0.076396,0.002632,0.001137
0,-0.148195,-0.119309,0.011552,-0.164214,0.015012,-0.166923,0.002586,0.002082
0,-0.036941,-0.129564,0.135523,-0.033492,0.118587,-0.03577,0.000645,0.002261
0,-0.208089,-0.173212,-0.170514,-0.065411,-0.159131,-0.048603,0.001986,0.002594
0,-0.169948,-0.107581,0.046082,0.083616,0.051417,0.116884,0.002651,0.001878
0,-0.027452,-0.055454,0.1447,0.072521,0.117367,0.054134,0.000479,0.000968
0,-0.111287,-0.057798,-0.064297,-0.028268,-0.073907,-0.056654,0.001942,0.001009
0,-0.012024,0.00355,0.078191,0.082077,0.080952,0.083755,0.00021,6.2e-05
0,-0.262782,-0.021882,-0.242673,-0.021613,-0.231602,-0.067249,0.001031,0.000382
0,-0.273383,-0.09757,-0.020539,-0.101311,-0.030727,-0.140161,0.000846,0.001703
0,-0.140382,0.009817,0.130034,0.128924,0.123829,0.132613,0.00245,0.000171
0,-0.125093,-0.015349,0.042221,-0.043401,0.085533,-0.070249,0.002183,0.000268
0,-0.22961,0.063487,-0.094863,0.060895,-0.064101,0.110418,0.00161,0.001108
0,-0.106776,0.083553,0.130076,0.019224,0.08494,0.00617,0.001864,0.001458
0,-0.102117,-0.06333,0.026334,-0.153172,-0.006701,-0.123769,0.001782,0.001105
0,0.035021,-0.129482,0.124845,-0.061301,0.085752,-0.06393,0.000611,0.00226
0,0.083276,0.017861,0.020089,0.177099,0.057158,0.209093,0.001453,0.000312
0,0.172076,0.070845,0.117369,0.023527,0.158883,0.068107,0.002614,0.001236
0,0.099961,0.053385,-0.053183,-0.043011,-0.016502,-0.056361,0.001745,0.000932
0,-0.007149,-0.064001,-0.133415,-0.121033,-0.108146,-0.167664,0.000125,0.001117
0,0.15737,-0.142899,0.164663,-0.105746,0.17496,-0.065662,0.002747,0.002494
0,0.030915,-0.158452,-0.128735,-0.008958,-0.086899,-0.020088,0.00054,0.002766
0,0.027076,0.077789,0.018157,0.261035,0.002633,0.220849,0.000473,0.001358
0,0.144115,-0.135429,0.095196,-0.185144,0.079607,-0.232226,0.002515,0.002364
0,-0.353052,-0.8036,-0.51672,-0.672104,-0.557853,-0.702396,0.000544,0.00279
0,-0.371931,-1.07308,-0.02313,-0.279949,-0.028932,-0.27598,0.000874,0.001876
0,-0.498759,-1.235359,-0.110329,-0.160338,-0.111274,-0.19699,0.00253,0.000909
0,-0.496857,-0.978658,0.00794,0.277523,0.023311,0.272526,0.002563,0.000228
0,-0.354635,-0.981347,0.149904,0.015239,0.179336,-0.000584,0.000572,0.000275
0,-0.175068,-0.750957,0.152242,0.23709,0.137262,0.243528,0.002562,0.001872
0,-0.153886,-0.868544,0.031742,-0.138263,0.037155,-0.100727,0.002686,0.001694
0,-0.04287,-0.460228,0.117343,0.406573,0.095394,0.384589,0.000748,0.002415
0,-0.069247,-0.527241,-0.018307,-0.05853,-0.007369,-0.045823,0.001209,0.002033
0,-0.000715,-0.259736,0.065775,0.29043,0.031035,0.285118,1.2e-05,0.001084
0,-0.210128,-0.236636,-0.200151,0.027415,-0.218965,0.043659,0.00195,0.001487
0,0.044652,-0.233207,0.267788,0.013953,0.219633,-0.000915,0.000779,0.001547
0,0.033981,0.121908,-0.026953,0.36575,-0.009128,0.330626,0.000593,0.002128
0,-0.098891,0.033332,-0.123927,-0.062798,-0.100124,-0.09919,0.001726,0.000582
0,0.033271,-0.020765,0.154315,-0.068735,0.115368,-0.031647,0.000581,0.000362
0,0.049261,0.14734,-0.012517,0.156209,-0.004589,0.191797,0.00086,0.002572
0,0.019285,0.046651,-0.045761,-0.097496,-0.067099,-0.061801,0.000337,0.000814
0,-0.022423,0.262812,-0.038849,0.193764,-0.076013,0.181651,0.000391,0.001031
0,-0.031949,0.135941,-0.020979,-0.152171,-0.057813,-0.124857,0.000558,0.002373
0,0.069567,0.210948,0.093758,0.063865,0.138707,0.057024,0.001214,0.001936
0,0.017519,0.254024,-0.055721,0.064295,-0.03124,0.03639,0.000306,0.001184
0,-0.049692,0.057384,-0.093443,-0.218549,-0.043479,-0.267074,0.000867,0.001002
0,0.038832,0.165252,0.079753,0.110857,0.04071,0.094712,0.000678,0.002733
0,0.019929,0.075093,0.002599,-0.097935,-0.034232,-0.073829,0.000348,0.001311
0,0.034054,0.1081,-0.003728,0.016564,-0.004987,0.027609,0.000594,0.001887
0,0.032986,0.263338,-0.025445,0.142095,-0.013715,0.18705,0.000576,0.001021
0,-0.244777,0.245106,-0.282112,0.008959,-0.308801,-0.016718,0.001345,0.00134
0,-0.128019,0.207526,0.143146,-0.049707,0.114186,-0.087526,0.002234,0.001995
0,-0.08885,0.12263,0.048144,-0.100138,0.068403,-0.062939,0.001551,0.00214
0,-0.074895,0.072153,-0.015452,-0.047529,-0.009083,-0.034296,0.001307,0.001259
0,0.026661,0.172766,0.085373,0.103641,0.067595,0.113056,0.000465,0.002602
0,-0.09534,0.074536,-0.140065,-0.11998,-0.187328,-0.168563,0.001664,0.001301
0,0.151847,-0.076211,0.220566,-0.174173,0.201733,-0.173202,0.00265,0.00133
0,0.147706,0.077566,0.001669,0.133123,0.042085,0.10775,0.002578,0.001354
0,0.201526,-0.065968,0.030259,-0.169775,-0.00045,-0.142243,0.0021,0.001151
0,-0.067794,0.152111,-0.278869,0.232257,-0.304058,0.218633,0.001183,0.002655
0,0.098384,-0.113413,0.19294,-0.28852,0.15248,-0.315456,0.001717,0.001979
0,-0.108869,0.136211,-0.225145,0.274761,-0.246971,0.291087,0.0019,0.002377
0,0.074034,-0.015572,0.20272,-0.147048,0.224591,-0.100906,0.001292,0.000272
0,-0.044805,0.014653,-0.097866,0.025312,-0.122946,-0.021,0.000782,0.000256
0,0.038149,0.078103,0.109925,0.081143,0.115021,0.088346,0.000666,0.001363
0,-0.109476,0.05962,-0.142872,-0.018681,-0.125513,-0.006038,0.001911,0.001041
0,-0.077375,0.01638,0.056591,-0.041888,0.085246,-0.043703,0.00135,0.000286
0,-0.065549,-0.02453,0.005593,-0.038042,-0.032428,-0.065762,0.001144,0.000428
0,0.022438,-0.147714,0.116143,-0.127398,0.088546,-0.142353,0.000392,0.002578
0,0.089078,0.055798,0.038283,0.224121,0.084879,0.208328,0.001555,0.000974
0,0.03991,-0.018293,-0.022038,-0.085588,0.007699,-0.064828,0.000697,0.000319
0,0.107821,0.022853,0.067654,0.06006,0.091697,0.025322,0.001882,0.000399
0,0.000854,-0.047181,-0.077914,-0.046044,-0.127747,-0.07873,1.5e-05,0.000823
0,-0.040671,-0.047406,-0.050701,0.010285,-0.0921,0.029067,0.00071,0.000827
0,-0.121405,-0.045799,-0.08022,-0.009474,-0.051104,0.023165,0.002119,0.000799
0,0.005723,-0.057583,0.15375,0.001816,0.126845,-0.004289,0.0001,0.001005
0,0.117443,-0.164654,0.088324,-0.077863,0.109209,-0.07774,0.00205,0.002744
0,0.159877,-0.105925,0.046547,0.065359,0.032377,0.112754,0.00279,0.001849
0,-0.028406,-0.041901,-0.215959,0.058262,-0.246901,0.041416,0.000496,0.000731
0,0.307101,1.069774,0.307896,1.134769,0.302564,1.091323,0.000258,0.001819
0,0.350344,1.394644,0.065448,0.312948,0.023972,0.327839,0.000497,0.001871
0,0.712969,1.935095,0.340455,0.536336,0.344917,0.498222,0.001209,6.9e-05
0,0.553434,1.967218,-0.187814,0.013889,-0.189022,0.044113,0.001576,0.000629
0,0.418699,1.755625,-0.116978,-0.191089,-0.098647,-0.164965,0.00169,0.002554
0,0.571336,1.40301,0.179149,-0.345401,0.158835,-0.383997,0.001263,0.002017
0,0.226609,0.908867,-0.316954,-0.490973,-0.296488,-0.469998,0.001662,0.00099
0,0.248937,0.527483,0.049635,-0.401859,0.018173,-0.368674,0.001273,0.002029
0,-0.047346,-0.007839,-0.287243,-0.557775,-0.309821,-0.586605,0.000826,0.000137
0,0.088004,-0.092793,0.146985,-0.081753,0.180891,-0.125585,0.001536,0.00162
0,-0.16635,-0.257704,-0.254791,-0.166814,-0.222918,-0.143887,0.002714,0.00112
0,0.091123,-0.273946,0.229872,-0.015867,0.262569,-0.005494,0.00159,0.000836
0,-0.092892,-0.045726,-0.193774,0.210695,-0.191661,0.17988,0.001621,0.000798
0,0.011732,-0.000748,0.091782,0.072975,0.106853,0.080295,0.000205,1.3e-05
0,0.008571,0.004167,0.00868,0.025675,0.026534,0.016091,0.00015,7.3e-05
0,-0.142896,-0.225135,-0.137904,-0.248134,-0.148023,-0.220127,0.002494,0.001688
0,0.03829,-0.156772,0.156794,0.074407,0.115702,0.082334,0.000668,0.002736
0,-0.071955,0.083734,-0.087098,0.251809,-0.077587,0.29889,0.001256,0.001461
0,-0.056087,-0.019614,-0.005897,-0.092096,0.01827,-0.13361,0.000979,0.000342
0,0.039268,-0.031287,0.115255,-0.013962,0.129545,0.021365,0.000685,0.000546
0,0.106144,0.112127,0.094446,0.122323,0.049595,0.168242,0.001853,0.001957
0,-0.164432,0.107641,-0.259555,-0.007364,-0.259492,0.013445,0.002748,0.001879
0,-0.033479,-0.099058,0.117847,-0.228634,0.123876,-0.254551,0.000584,0.001729
0,-0.086268,0.116129,-0.072089,0.201342,-0.039837,0.157909,0.001506,0.002027
0,0.13045,0.056794,0.211035,-0.050334,0.185458,-0.084114,0.002277,0.000991
0,-0.021744,0.080396,-0.171343,0.006046,-0.133056,-0.002484,0.00038,0.001403
0,0.127697,-0.068277,0.138454,-0.159802,0.184633,-0.208066,0.002229,0.001192
0,0.006212,-0.050001,-0.141228,-0.007154,-0.172902,0.041685,0.000108,0.000873
0,0.130355,0.020918,0.14813,0.052,0.155539,0.073917,0.002275,0.000365
0,-0.021243,0.049834,-0.12314,0.017946,-0.145232,0.0057,0.000371,0.00087
0,0.193875,0.089588,0.225502,0.056096,0.264092,0.076019,0.002234,0.001564
0,0.131205,0.103676,-0.079386,0.000531,-0.051937,-0.022543,0.00229,0.001809
0,0.070812,0.0243,-0.083708,-0.105696,-0.098247,-0.119219,0.001236,0.000424
0,0.010025,-0.007461,-0.052209,-0.018588,-0.061311,-0.054321,0.000175,0.00013
0,-0.023687,-0.073872,-0.042987,-0.068451,-0.057551,-0.077231,0.000413,0.001289
0,0.068375,-0.060378,0.094757,0.027032,0.093418,-0.018322,0.001193,0.001054
0,-0.141917,-0.009237,-0.207243,0.078751,-0.169376,0.040356,0.002477,0.000161
0,0.109046,0.047343,0.27262,0.071584,0.317783,0.062642,0.001903,0.000826
0,0.148791,-0.144391,0.063475,-0.170751,0.080472,-0.170466,0.002597,0.00252
0,-0.003193,-0.068627,-0.162035,0.054322,-0.129471,0.074112,5.6e-05,0.001198
0,-0.084857,-0.082006,-0.108509,-0.033118,-0.108003,-0.016871,0.001481,0.001431
0,-0.060583,-0.071193,-0.002672,-0.015642,0.003422,-0.024576,0.001057,0.001243
0,0.027032,-0.14231,0.082924,-0.084159,0.103981,-0.064986,0.000472,0.002484
0,-0.00183,-0.102345,-0.022535,0.020403,-0.033181,0.051434,3.2e-05,0.001786
0,0.044164,-0.048299,0.054767,0.068031,0.0494,0.078519,0.000771,0.000843
0,0.110245,-0.082417,0.040691,-0.010767,0.070845,0.006684,0.001924,0.001438
0,-0.70649,1.327723,-0.81316,1.382792,-0.814994,1.368943,0.001096,0.000703
0,-2.153174,1.507063,-1.428748,0.166758,-1.400963,0.190416,0.001743,0.001784
0,-2.516386,1.261052,-0.380573,-0.269854,-0.421946,-0.278444,0.001021,0.000461
0,-2.180455,1.448416,0.318962,0.202182,0.332021,0.200414,0.001266,0.002808
0,-2.381514,1.108002,-0.218302,-0.363824,-0.205276,-0.317408,0.002243,0.002486
0,-2.053307,0.821978,0.313453,-0.291517,0.285178,-0.311627,0.002132,0.002506
0,-1.64964,0.356755,0.411169,-0.469371,0.433974,-0.463188,0.000704,0.000609
0,-1.403351,0.299302,0.258936,-0.048079,0.245976,-0.085351,0.002023,0.000394
0,-1.081222,0.194453,0.310443,-0.112351,0.359842,-0.080149,0.002018,0.002224
0,-0.64638,0.080992,0.42092,-0.120149,0.376533,-0.157388,4.6e-05,0.001414
0,-0.412173,-0.095438,0.218773,-0.182389,0.176823,-0.172368,0.001576,0.001666
0,-0.113772,-0.227798,0.278122,-0.135236,0.259372,-0.103608,0.001986,0.001642
0,-0.013506,-0.177548,0.129241,0.068991,0.165125,0.080483,0.000236,0.002519
0,-0.123824,-0.204264,-0.104441,-0.026215,-0.059087,0.016354,0.002161,0.002052
0,-0.000253,-0.023291,0.094433,0.177312,0.140286,0.150578,4e-06,0.000407
0,0.050441,-0.025117,0.073428,-0.018304,0.071038,-0.004236,0.00088,0.000438
0,0.077712,-0.06085,0.039153,-0.042373,0.049702,0.003076,0.001356,0.001062
0,0.002482,-0.085308,-0.052187,-0.036292,-0.026573,0.005984,4.3e-05,0.001489
0,-0.090796,0.130522,-0.08188,0.191712,-0.103814,0.154156,0.001585,0.002278
0,0.135395,-0.11177,0.220465,-0.220621,0.232603,-0.202301,0.002363,0.001951
0,-0.105702,0.132078,-0.25695,0.262653,-0.28694,0.281824,0.001845,0.002305
0,0.08747,-0.023396,0.166448,-0.144424,0.196089,-0.193848,0.001527,0.000408
0,-0.092391,-0.047036,-0.168532,-0.024334,-0.153789,-0.041046,0.001613,0.000821
0,-0.036492,0.150586,0.029834,0.208598,-0.016632,0.198506,0.000637,0.002628
0,0.033057,0.14051,0.094374,-0.039057,0.120154,-0.057534,0.000577,0.002452
0,0.076099,0.057762,0.044792,-0.103488,0.076676,-0.062631,0.001328,0.001008
0,-0.124303,0.08117,-0.225329,0.030342,-0.259717,0.078212,0.00217,0.001417
0,-0.158924,-0.012542,-0.038779,-0.104639,-0.021189,-0.138982,0.002774,0.000219
0,-0.104677,0.040884,0.057583,0.067716,0.094818,0.115395,0.001827,0.000714
0,-0.035101,-0.003541,0.070271,-0.027643,0.03871,-0.023255,0.000613,6.2e-05
0,0.015928,-0.132072,0.025252,-0.155227,-0.015368,-0.191048,0.000278,0.002305
0,0.09419,0.063814,0.066873,0.203941,0.102412,0.160275,0.001644,0.001114
0,0.004906,-0.09472,-0.100198,-0.170328,-0.062654,-0.132146,8.6e-05,0.001653
0,0.083428,-0.024209,0.105654,0.066139,0.098047,0.077531,0.001456,0.000423
0,-0.110952,-0.105738,-0.171122,-0.090862,-0.165476,-0.042291,0.001936,0.001845
0,-0.041455,0.135178,0.065541,0.247462,0.101758,0.212356,0.000724,0.002359
0,0.030297,0.052444,0.064456,-0.074196,0.079136,-0.042461,0.000529,0.000915
0,-0.166987,-0.036435,-0.225815,-0.067244,-0.242276,-0.109345,0.002703,0.000636
0,-0.128045,-0.105412,0.029185,-0.059514,-0.015848,-0.034905,0.002235,0.00184
0,-0.167304,-0.017722,-0.012458,0.058192,-0.024672,0.037122,0.002698,0.000309
0,-0.145141,-0.077511,-0.004077,-0.057823,-0.037996,-0.047477,0.002533,0.001353
0,0.010585,-0.043124,0.167185,0.062016,0.142385,0.025683,0.000185,0.000753
0,-0.034468,-0.069103,-0.048442,-0.031965,-0.093442,-0.067756,0.000602,0.001206
0,-0.052587,0.187861,-0.01066,0.267802,-0.054188,0.23112,0.000918,0.002339
0,0.01922,0.201848,0.046741,0.034966,0.060209,0.067781,0.000335,0.002095
0,-0.113724,-0.008073,-0.149425,-0.194677,-0.120102,-0.218367,0.001985,0.000141
0,0.077169,0.012212,0.203316,0.024354,0.169519,0.059836,0.001347,0.000213
0,0.02137,-0.026228,-0.03325,-0.043287,-0.022571,-0.066852,0.000373,0.000458
0,-0.018107,-0.042085,-0.06552,-0.040732,-0.099954,-0.044163,0.000316,0.000735
0,0.012578,-0.042135,0.046716,0.011816,0.037512,0.014765,0.00022,0.000735
0,0.100813,0.206844,0.062547,0.235695,0.10288,0.210754,0.00176,0.002007
0,-0.068217,0.151345,-0.170809,-0.063888,-0.182238,-0.073403,0.001191,0.002641
0,0.093469,0.198994,0.176001,0.066344,0.186435,0.084209,0.001631,0.002144
0,-0.121748,0.019897,-0.234374,-0.177916,-0.27921,-0.167698,0.002125,0.000347
0,-0.179142,-0.053401,-0.063444,-0.100669,-0.067478,-0.066571,0.002491,0.000932
0,-0.110848,0.103367,0.081534,0.180213,0.089872,0.188418,0.001935,0.001804
0,0.019076,0.093759,0.110189,0.005752,0.130431,-0.010107,0.000333,0.001636
0,-0.015109,-0.0519,-0.025364,-0.171692,-0.017058,-0.159469,0.000264,0.000906
0,0.091894,-0.086923,0.129267,-0.043864,0.105867,-0.072059,0.001604,0.001517
0,-0.107214,0.127689,-0.172266,0.21961,-0.146288,0.192399,0.001871,0.002229
0,-0.176682,-0.045679,-0.098215,-0.18557,-0.075654,-0.194053,0.002534,0.000797
0,-0.091062,0.081602,0.088466,0.1368,0.057538,0.100817,0.001589,0.001424
0,-0.093882,-0.011171,0.01913,-0.109413,0.055893,-0.095408,0.001639,0.000195
0,-0.013962,0.06942,0.074158,0.063853,0.072902,0.093729,0.000244,0.001212
0,-0.121039,0.027188,-0.090579,-0.051109,-0.07544,-0.025643,0.002113,0.000475
0,-0.063241,-0.138093,0.081185,-0.176113,0.11085,-0.147594,0.001104,0.00241
0,-0.085722,0.055675,-0.047059,0.221273,-0.014363,0.201816,0.001496,0.000972
0,0.140872,-0.148097,0.229846,-0.199166,0.231689,-0.207139,0.002459,0.002585
0,0.047461,-0.12158,-0.116795,0.056418,-0.162154,0.061036,0.000828,0.002122
0,0.012713,0.099865,-0.023845,0.214511,-0.071897,0.262393,0.000222,0.001743
0,0.145434,-0.117012,0.156223,-0.21058,0.185324,-0.169122,0.002538,0.002042
0,0.013046,-0.112345,-0.12511,0.008433,-0.14081,0.026901,0.000228,0.001961
0,0.174873,-0.119452,0.147126,0.007283,0.119993,0.009362,0.002565,0.002085
0,0.192247,-0.02883,0.027667,0.070647,0.039215,0.035365,0.002262,0.000503
0,0.029921,0.08227,-0.133408,0.124266,-0.163045,0.142686,0.000522,0.001436
0,-0.04104,-0.037825,-0.070958,-0.139582,-0.080278,-0.122001,0.000716,0.00066
0,-0.088799,0.126026,-0.047055,0.19114,-0.054373,0.201634,0.00155,0.0022
0,-0.09827,0.095888,0.010009,-0.039679,0.057589,-0.044759,0.001715,0.001674
0,0.02541,-0.092581,0.097223,-0.188801,0.083738,-0.166221,0.000443,0.001616
0,0.12114,0.04767,0.082398,0.130414,0.050449,0.128494,0.002114,0.000832
0,0.05231,0.143953,-0.045906,0.096944,-0.080879,0.083398,0.000913,0.002512
0,0.04186,0.054251,-0.012128,-0.111983,0.005105,-0.11121,0.000731,0.000947
0,0.126954,-0.007812,0.062165,-0.043775,0.030354,-0.065331,0.002216,0.000136
0,0.004201,-2e-05,-0.144317,0.037636,-0.153882,0.066719,7.3e-05,0.0
0,0.061989,0.177735,0.03941,0.151928,0.031347,0.106069,0.001082,0.002515
0,-0.052468,-0.082766,-0.093373,-0.268543,-0.07456,-0.275868,0.000916,0.001445
0,0.133702,0.161837,0.168907,0.221516,0.120618,0.262106,0.002334,0.002793
0,0.092519,0.113406,-0.023741,-0.057275,-0.028098,-0.085467,0.001615,0.001979
0,-0.129161,0.134293,-0.193856,0.008322,-0.232513,0.022508,0.002254,0.002344
0,-0.166254,0.045205,-0.039485,-0.080082,-0.039543,-0.044388,0.002716,0.000789
0,0.076914,0.039861,0.252286,0.023888,0.265967,0.057993,0.001342,0.000696
0,0.009584,-0.013058,-0.062639,-0.029413,-0.070469,0.01042,0.000167,0.000228
0,0.108641,-0.09129,0.079772,-0.06143,0.080321,-0.096084,0.001896,0.001593
0,-0.205022,0.124505,-0.306723,0.219416,-0.309147,0.195251,0.002039,0.002173
0,-0.219464,0.038666,0.005648,-0.069669,-0.002611,-0.108266,0.001787,0.000675
0,0.075025,0.148206,0.271544,0.122741,0.265733,0.154779,0.001309,0.002587
0,-0.03295,0.151021,-0.123992,0.024909,-0.152342,0.027178,0.000575,0.002636
0,-0.098846,0.099739,-0.073556,-0.069143,-0.087883,-0.083856,0.001725,0.001741
0,-0.057105,-0.072031,0.048499,-0.166681,0.053313,-0.215897,0.000997,0.001257
0,0.010302,0.170375,0.062035,0.264257,0.03731,0.312707,0.00018,0.002644
0,-0.186093,-0.096657,-0.198052,-0.292139,-0.242545,-0.244218,0.00237,0.001687
0,0.082337,0.170387,0.249005,0.296715,0.28917,0.308567,0.001437,0.002644
0,-0.116019,-0.007265,-0.187398,-0.192265,-0.223462,-0.157605,0.002025,0.000127
0,-0.072393,0.185618,0.048894,0.192483,0.050767,0.193647,0.001263,0.002378
0,0.032344,0.1405,0.097493,-0.024922,0.100974,0.014262,0.000565,0.002452
0,0.029391,-0.009843,0.003934,-0.129018,0.0528,-0.119381,0.000513,0.000172
0,-0.163093,-0.04511,-0.174085,-0.017083,-0.15126,0.016458,0.002771,0.000787
0,-0.141225,-0.078477,0.005438,-0.031968,0.046808,-0.013829,0.002465,0.00137
0,-0.055613,0.179849,0.068567,0.266041,0.109238,0.301996,0.000971,0.002479
0,-0.081475,0.15609,-0.010023,-0.003203,-0.033029,-0.02615,0.001422,0.002724
0,0.125455,-0.018135,0.196791,-0.159854,0.198,-0.15054,0.00219,0.000317
0,0.180223,-0.041747,0.058571,-0.013836,0.040385,-0.029677,0.002472,0.000729
0,0.030841,0.084881,-0.17506,0.116672,-0.161976,0.14031,0.000538,0.001481
0,-0.121443,0.13683,-0.133294,0.062446,-0.111494,0.093386,0.00212,0.002388
0,-0.141959,-0.150076,-0.006131,-0.265834,-0.015755,-0.309833,0.002478,0.002619
0,0.130994,0.118137,0.294615,0.24625,0.248213,0.229235,0.002286,0.002062
0,0.065291,-0.051032,-0.078754,-0.184575,-0.120206,-0.191284,0.00114,0.000891
0,0.022163,-0.013515,-0.048442,0.02305,-0.086855,0.031295,0.000387,0.000236
0,-0.103132,0.060481,-0.135795,0.067706,-0.165432,0.08456,0.0018,0.001056
0,-0.165292,-0.024417,-0.050835,-0.081047,-0.094768,-0.069563,0.002733,0.000426
0,0.069502,0.088895,0.228524,0.086872,0.260073,0.120744,0.001213,0.001552
0,-0.198486,-0.057149,-0.268733,-0.16675,-0.31801,-0.151283,0.002153,0.000997
0,-0.015053,-0.037286,0.203732,0.021515,0.235248,-0.002264,0.000263,0.000651
0,-0.186436,0.121565,-0.176919,0.168868,-0.180927,0.172114,0.002364,0.002122
0,-0.029451,0.053415,0.182585,-0.077574,0.222246,-0.087581,0.000514,0.000932
0,-0.184807,-0.033926,-0.154766,-0.076187,-0.194584,-0.057954,0.002392,0.000592
0,0.02162,-0.067525,0.231374,-0.020326,0.272954,-0.006188,0.000377,0.001179
0,-0.076367,-0.03803,-0.117136,0.020997,-0.147096,0.048103,0.001333,0.000664
0,0.116696,-0.020422,0.20315,0.005286,0.241271,0.034514,0.002037,0.000356
0,-0.097063,-0.034771,-0.213094,-0.04295,-0.201954,-0.068452,0.001694,0.000607
0,0.03691,-0.02885,0.110375,0.031363,0.118775,0.039237,0.000644,0.000504
0,0.068903,-0.035943,0.058216,-0.030027,0.036734,0.008659,0.001203,0.000627
0,0.054021,0.161531,-0.002575,0.223653,-0.034474,0.239742,0.000943,0.002798
0,0.014155,0.095026,-0.017763,-0.04015,-0.054108,-0.079485,0.000247,0.001659
0,0.111466,0.073313,0.071221,-0.049695,0.048662,-0.087043,0.001945,0.00128
0,-0.046562,-0.101326,-0.171721,-0.172718,-0.180838,-0.201612,0.000813,0.001768
0,-0.005331,0.1145,0.055169,0.194484,0.103853,0.19843,9.3e-05,0.001998
0,0.089452,0.11657,0.113313,-0.008766,0.101939,-0.027804,0.001561,0.002035
0,-0.079805,-0.091384,-0.174077,-0.209624,-0.209336,-0.168991,0.001393,0.001595
0,0.146844,-0.091443,0.21525,-0.000393,0.247509,0.014987,0.002563,0.001596
0,0.053349,-0.069545,-0.08923,-0.003963,-0.081944,0.0364,0.000931,0.001214
0,-0.102274,-0.13787,-0.177317,-0.051245,-0.198449,-0.03249,0.001785,0.002406
0,-0.031899,-0.090569,0.052331,0.053171,0.047709,0.080525,0.000557,0.001581
0,0.015607,-0.109098,0.038044,-0.018207,0.032998,-0.043191,0.000272,0.001904
0,-0.10496,-0.043102,-0.14646,0.083531,-0.1597,0.13169,0.001832,0.000752
0,0.074099,-0.088154,0.183901,-0.028708,0.206369,-0.071565,0.001293,0.001539
0,-0.081509,0.079945,-0.181273,0.142898,-0.13507,0.123699,0.001423,0.001395
0,-0.152612,0.08419,-0.092669,-0.02272,-0.048391,-0.002289,0.002664,0.001469
0,0.052781,-0.030801,0.212092,-0.101374,0.252468,-0.098208,0.000921,0.000538
0,-0.127879,-0.201754,-0.152761,-0.160161,-0.116272,-0.115746,0.002232,0.002096
0,-0.161022,0.011842,-0.043899,0.193054,-0.084179,0.219043,0.002807,0.000207
0,-0.021453,-0.210861,0.136627,-0.210246,0.174295,-0.228341,0.000374,0.001937
0,0.115626,-0.183546,0.165307,0.040896,0.139649,0.041594,0.002018,0.002414
0,0.099835,0.036523,0.004497,0.233689,-0.011575,0.216646,0.001742,0.000637
0,0.065271,-0.124106,-0.015021,-0.150138,-0.048974,-0.141352,0.001139,0.002166
0,-0.198248,0.025867,-0.271303,0.138387,-0.252128,0.094074,0.002157,0.000451
0,-0.015086,-0.187285,0.204585,-0.2089,0.178389,-0.219087,0.000263,0.002349
0,0.06059,-0.189258,0.048487,-0.019421,0.02911,0.006268,0.001057,0.002314
0,-0.025799,-0.067539,-0.070602,0.118832,-0.094176,0.085943,0.00045,0.001179
0,0.098992,0.022482,0.113367,0.10819,0.094837,0.097318,0.001728,0.000392
0,0.065991,-0.180127,-0.022325,-0.199892,-0.028793,-0.244127,0.001152,0.002474
0,-0.043433,-0.036755,-0.111317,0.12777,-0.087086,0.177396,0.000758,0.000641
0,-0.173345,-0.211882,-0.106421,-0.195925,-0.105675,-0.242035,0.002592,0.001919
0,-0.164023,-0.012238,-0.011755,0.191663,0.0282,0.164332,0.002755,0.000214
0,-0.082484,0.056485,0.059256,0.045813,0.066298,0.013113,0.00144,0.000986
0,0.146466,-0.030487,0.219687,-0.062217,0.172696,-0.035755,0.002556,0.000532
0,0.028907,-0.109498,-0.136486,-0.077768,-0.148536,-0.080214,0.000505,0.001911
0,0.087243,0.069151,0.064879,0.165334,0.038301,0.209265,0.001523,0.001207
0,-0.033956,-0.01091,-0.140838,-0.063759,-0.123012,-0.041786,0.000593,0.00019
0,-0.001307,-0.110872,0.034978,-0.089588,0.068927,-0.121987,2.3e-05,0.001935
0,0.103287,0.081608,0.123232,0.180426,0.103304,0.194035,0.001803,0.001424
0,-0.032505,0.047405,-0.153667,-0.028576,-0.190675,-0.066059,0.000567,0.000827
0,0.221234,-0.12297,0.256644,-0.160036,0.284931,-0.135945,0.001756,0.002146
0,0.078049,0.034434,-0.134468,0.184078,-0.180596,0.172421,0.001362,0.000601
0,0.177668,-0.141704,0.077798,-0.16807,0.035934,-0.205127,0.002517,0.002473
0,0.167184,-0.00887,-0.007713,0.106758,-0.02192,0.151951,0.0027,0.000155
0,0.050076,-0.012853,-0.124802,-0.026007,-0.140353,-0.057775,0.000874,0.000224
0,0.113629,-0.232704,0.047371,-0.218564,0.091322,-0.243362,0.001983,0.001556
0,0.024213,-0.036419,-0.086238,0.21923,-0.135923,0.217153,0.000423,0.000636
0,-0.003086,-0.201305,-0.016451,-0.143592,-0.048395,-0.157303,5.4e-05,0.002104
0,-0.067275,-0.204984,-0.047446,0.021913,-0.042031,0.027109,0.001174,0.00204
0,0.174296,-0.017719,0.235349,0.179968,0.251123,0.159806,0.002575,0.000309
0,-0.095209,-0.117658,-0.245032,-0.075949,-0.278982,-0.063932,0.001662,0.002054
0,0.187096,0.043495,0.275567,0.132142,0.274492,0.094187,0.002352,0.000759
0,0.093124,0.03803,-0.120175,-0.003151,-0.132574,0.0177,0.001625,0.000664
0,0.101307,-0.045572,0.006592,-0.093137,-0.004175,-0.070202,0.001768,0.000795
0,0.052467,-0.048302,-0.071352,0.019203,-0.04616,0.020998,0.000916,0.000843
0,0.178851,-0.173175,0.110093,-0.106746,0.071905,-0.142543,0.002496,0.002595
0,0.177745,-0.16931,0.013485,0.020198,0.026611,0.00264,0.002515,0.002662
0,0.181507,-0.112182,-0.021599,0.048459,-0.026164,0.078168,0.00245,0.001958
0,-0.038987,-0.142865,-0.240059,-0.053826,-0.210011,-0.098695,0.00068,0.002493
0,0.00153,-0.148872,0.046687,0.017931,0.074769,0.034508,2.7e-05,0.002598
0,0.150075,0.071608,0.162204,0.215129,0.136812,0.234577,0.002619,0.00125
0,-0.025126,0.085769,-0.161938,-0.002938,-0.194842,-0.020783,0.000439,0.001497
0,-0.031174,-0.028627,0.022549,-0.122125,0.061053,-0.074291,0.000544,0.0005
0,-0.798023,-0.446744,-0.778916,-0.401294,-0.803237,-0.406312,0.002693,0.00218
0,-2.411158,-0.421144,-1.62004,0.006489,-1.579998,0.047146,0.00276,0.001733
0,-2.216134,-0.948979,0.193782,-0.498827,0.197649,-0.501858,0.000644,0.00029
0,-1.962522,-0.959424,0.226608,0.008209,0.268123,-0.012148,0.000547,0.000107
0,-1.665849,-0.7616,0.308964,0.216272,0.308375,0.173833,0.000987,0.002057
0,-1.338635,-0.679093,0.34195,0.059015,0.320802,0.104933,0.000894,0.000617
0,-0.762503,-0.601123,0.577826,0.070075,0.587253,0.096455,0.002073,0.000743
0,-0.659486,-0.569562,0.079494,0.030084,0.05318,0.018008,0.000275,0.001294
0,-0.433466,-0.269598,0.200409,0.277183,0.204041,0.254176,0.001948,0.000912
0,-0.2439,-0.129207,0.171211,0.119722,0.144773,0.136651,0.001361,0.002255
0,-0.132731,0.007621,0.085555,0.131913,0.073111,0.174914,0.002317,0.000133
0,0.106402,0.081386,0.219346,0.06189,0.213486,0.079663,0.001857,0.00142
0,0.213566,-0.107024,0.123982,-0.170984,0.140056,-0.170123,0.00189,0.001868
0,0.144367,-0.01938,-0.044418,0.059235,-0.01265,0.106486,0.00252,0.000338
0,0.075267,-0.008901,-0.074851,-0.011491,-0.068014,0.0152,0.001314,0.000155
0,0.202861,0.046081,0.105954,0.059158,0.094715,0.057345,0.002077,0.000804
0,0.067931,0.041667,-0.106774,0.01704,-0.067567,0.012399,0.001186,0.000727
0,0.276403,0.046855,0.214145,0.013555,0.239533,0.014131,0.000793,0.000818
0,0.063833,0.244619,-0.183947,0.17349,-0.220684,0.127651,0.001114,0.001348
0,0.075384,-0.043619,0.022594,-0.284168,0.046169,-0.32458,0.001316,0.000761
0,0.066818,0.135868,-0.010135,0.161837,0.023112,0.134308,0.001166,0.002371
0,0.080878,0.125092,0.017448,-0.021231,0.024812,-0.047081,0.001412,0.002183
0,0.24649,0.136763,0.163059,0.014717,0.138429,-0.008103,0.001315,0.002387
0,0.049832,0.213663,-0.207521,0.066577,-0.176685,0.100883,0.00087,0.001888
0,-0.06603,0.006827,-0.142742,-0.218126,-0.094277,-0.179926,0.001152,0.000119
0,0.009537,0.03192,0.062106,0.0069,0.048563,0.056621,0.000166,0.000557
0,0.17679,0.233099,0.162507,0.182871,0.143264,0.210684,0.002532,0.001549
0,0.102737,0.156234,-0.100826,-0.100802,-0.114315,-0.141216,0.001793,0.002727
0,0.043822,0.119334,-0.06278,-0.041994,-0.072616,-0.049407,0.000765,0.002083
0,0.071094,0.085361,0.00859,-0.028456,0.049678,0.010833,0.001241,0.00149
0,-0.048899,0.024175,-0.091905,-0.077736,-0.071132,-0.068216,0.000853,0.000422
0,-0.026364,0.066929,-0.000634,0.059901,0.04043,0.095142,0.00046,0.001168
0,0.087029,0.005832,0.12297,-0.042439,0.153602,-0.03637,0.001519,0.000102
0,0.067617,-0.012591,-0.007654,-0.015185,0.027299,-0.047633,0.00118,0.00022
0,0.104677,0.04125,0.033129,0.077487,0.055956,0.081377,0.001827,0.00072
0,-0.110521,0.14857,-0.215987,0.127139,-0.178745,0.173603,0.001929,0.002593
0,-0.033776,0.188822,0.075818,0.025509,0.105777,0.033995,0.00059,0.002322
0,0.134328,0.095005,0.19781,-0.111537,0.171972,-0.116122,0.002344,0.001658
0,-0.054497,0.230312,-0.180756,0.1181,-0.179781,0.090665,0.000951,0.001598
0,0.187221,0.178535,0.218701,-0.055746,0.169862,-0.060495,0.00235,0.002501
0,0.014315,0.075492,-0.185421,-0.091255,-0.18732,-0.134029,0.00025,0.001318
0,0.104579,0.115168,0.094335,0.06226,0.076265,0.014785,0.001825,0.00201
0,0.254526,0.022673,0.125352,-0.07173,0.145881,-0.077639,0.001175,0.000396
0,0.187679,0.262359,-0.058497,0.253032,-0.106183,0.220591,0.002342,0.001038
0,-0.01338,0.159222,-0.193639,-0.1281,-0.234486,-0.162153,0.000234,0.002779
0,0.222655,0.196224,0.23584,0.036819,0.259496,0.026308,0.001731,0.002193
0,-0.049052,0.266948,-0.293322,0.08188,-0.317285,0.047585,0.000856,0.000958
0,0.119851,0.220546,0.153774,-0.019722,0.179927,-0.026021,0.002092,0.001768
0,-0.146338,0.188659,-0.270219,-0.01382,-0.268344,0.02879,0.002554,0.002325
0,0.054588,0.265925,0.22877,0.061838,0.243625,0.091686,0.000953,0.000976
0,-0.165709,0.18143,-0.214746,-0.080645,-0.172551,-0.044295,0.002725,0.002451
0,-0.094862,0.039657,0.06669,-0.144944,0.025039,-0.176501,0.001656,0.000692
0,0.05455,0.237335,0.142827,0.219483,0.18198,0.206276,0.000952,0.001475
0,-0.137183,0.019361,-0.19849,-0.247411,-0.220364,-0.277579,0.002394,0.000338
0,-0.020212,0.064163,0.102981,0.019187,0.060164,-0.005569,0.000353,0.00112
0,-0.120502,0.083686,-0.117915,0.043294,-0.08999,0.071041,0.002103,0.001461
0,-0.06275,-0.005423,0.047072,-0.069717,0.013519,-0.111307,0.001095,9.5e-05
0,-0.104508,-0.009399,-0.044678,0.020437,-0.08941,0.02973,0.001824,0.000164
0,-0.140592,-0.036294,-0.046081,-0.015523,-0.049436,-0.017664,0.002454,0.000633
0,0.00611,0.090551,0.157533,0.155165,0.144471,0.152851,0.000107,0.00158
0,0.026798,0.105789,0.046189,-0.003715,0.016058,-0.004206,0.000468,0.001846
0,0.107774,0.162318,0.09638,0.075351,0.125926,0.042568,0.001881,0.002785
0,0.05994,0.129327,-0.050332,-0.056668,-0.047562,-0.032506,0.001046,0.002257
0,-0.028156,0.046412,-0.113143,-0.100224,-0.104646,-0.052969,0.000491,0.00081
0,-0.101212,0.097167,-0.06627,0.039772,-0.039905,0.041045,0.001766,0.001696
0,0.172602,-0.089688,0.279643,-0.174446,0.296367,-0.17706,0.002605,0.001565
0,0.076048,-0.018193,-0.114913,0.071621,-0.145882,0.084277,0.001327,0.000318
0,0.165927,0.159903,0.082535,0.175616,0.122951,0.222914,0.002722,0.002791
0,-0.051108,0.005232,-0.201143,-0.132571,-0.203232,-0.112955,0.000892,9.1e-05
0,0.402885,0.153384,0.42862,0.148045,0.420384,0.110435,0.001414,0.002677
0,0.646575,0.230045,0.228888,0.10355,0.264834,0.053841,5e-05,0.001602
0,2.931346,1.241882,2.283785,1.039326,2.253276,1.027101,0.000604,0.000795
0,4.132002,1.88037,1.179602,0.643961,1.222826,0.646792,0.000911,0.000886
0,4.89694,3.066467,0.773474,1.158742,0.776875,1.150106,0.001205,0.002655
0,4.617127,2.489778,-0.307796,-0.604875,-0.322088,-0.558586,0.001939,0.001485
0,5.105138,2.161159,0.464832,-0.353935,0.488385,-0.348792,0.000779,0.001603
0,3.81988,1.799695,-1.314381,-0.345078,-1.312395,-0.371878,0.000741,0.002294
0,3.390943,1.335781,-0.407891,-0.469889,-0.369363,-0.440341,0.002609,0.000844
0,2.417685,0.888567,-0.966376,-0.44041,-0.96766,-0.445438,0.002744,0.001344
0,1.696605,0.477757,-0.708918,-0.425552,-0.744557,-0.408305,0.001524,0.002721
0,1.085066,0.343469,-0.590252,-0.157536,-0.638627,-0.166067,0.002085,0.000377
0,0.521745,0.072428,-0.552989,-0.251324,-0.569396,-0.261697,0.002129,0.001264
0,0.095479,-0.05189,-0.404725,-0.128388,-0.414658,-0.092564,0.001666,0.000906
0,-0.369653,-0.197256,-0.483676,-0.118783,-0.489199,-0.14759,0.000834,0.002175
0,-0.647455,-0.083732,-0.292732,0.1294,-0.3122,0.126708,6.5e-05,0.001461
0,-0.4737,-0.184479,0.192261,-0.079402,0.214064,-0.0863,0.00265,0.002398
0,-0.388598,-0.162391,0.088768,0.020245,0.13361,0.025246,0.001165,0.002783
0,-0.526414,-0.237802,-0.125613,-0.098442,-0.091842,-0.069784,0.002047,0.001467
0,-0.266993,-0.068423,0.288481,0.15225,0.271587,0.139376,0.000958,0.001194
0,-0.330653,-0.091276,-0.070029,0.005801,-0.056385,0.013226,0.000153,0.001593
0,-0.362311,-0.080122,-0.031635,0.013703,-0.036288,0.05682,0.000706,0.001398
0,-0.011155,0.177072,0.37351,0.229911,0.398678,0.221603,0.000195,0.002527
0,-0.162954,0.145674,-0.175032,-0.030713,-0.198804,0.011305,0.002773,0.002542
0,-0.14225,0.135878,0.0152,-0.011932,0.015025,0.014312,0.002483,0.002372
0,-0.065173,-0.072747,0.059297,-0.21618,0.020984,-0.221627,0.001137,0.00127
0,-0.029403,-0.123307,0.009597,-0.043977,-0.015007,-0.082435,0.000513,0.002152
0,0.188551,-0.083152,0.220616,0.04412,0.23658,0.083496,0.002327,0.001451
0,0.146526,-0.006771,-0.014707,0.103433,-0.008339,0.127636,0.002557,0.000118
0,0.036099,0.019198,-0.113696,0.022694,-0.100651,-0.012905,0.00063,0.000335
0,0.015275,-0.056213,-0.018184,-0.082815,-0.026674,-0.111725,0.000267,0.000981
0,-1.856205,-1.759031,-1.857521,-1.71183,-1.902165,-1.668719,0.001308,0.002613
0,-4.546785,-1.522355,-2.665238,0.210752,-2.701105,0.210244,0.000711,0.001517
0,-4.928235,-0.976238,-0.381598,0.518735,-0.415248,0.557959,0.001751,0.000186
0,-5.844484,-0.668977,-0.889737,0.322153,-0.844909,0.28555,0.00089,0.000441
0,-5.542852,-0.276279,0.324508,0.403815,0.298749,0.420746,0.001243,0.000796
0,-4.77725,-0.056606,0.773653,0.19708,0.778681,0.200133,0.000884,0.000988
0,-3.113909,0.148604,1.672082,0.224419,1.689862,0.181372,0.001827,0.002594
0,-1.973022,0.079278,1.152828,-0.072615,1.137938,-0.029058,0.000731,0.001384
0,-1.296917,0.349156,0.687349,0.257354,0.725844,0.281398,0.000165,0.000476
0,-0.772862,0.459879,0.528515,0.083634,0.534239,0.092875,0.002254,0.002409
0,-0.322531,0.190952,0.455436,-0.278896,0.439918,-0.232869,1.2e-05,0.002285
0,0.021611,0.25787,0.36284,0.091785,0.391824,0.042221,0.000377,0.001117
0,0.245199,0.181546,0.21329,-0.065962,0.227953,-0.1028,0.001338,0.002449
0,0.39245,0.023668,0.125395,-0.178114,0.113043,-0.215611,0.001232,0.000413
0,0.57534,0.022718,0.186045,0.028107,0.211175,0.052881,0.001193,0.000397
0,0.521913,0.10903,-0.054492,0.104252,-0.006742,0.057441,0.002126,0.001903
0,0.449063,0.01561,-0.089861,-0.081952,-0.060942,-0.04509,0.00222,0.000272
0,0.575869,0.181137,0.145042,0.17036,0.104628,0.193325,0.001184,0.002456
0,0.162176,-0.002911,-0.414958,-0.17787,-0.372703,-0.217637,0.002787,5.1e-05
0,1.06077,1.036283,0.916132,1.069053,0.900695,1.061342,0.001661,0.001234
0,1.622524,2.540379,0.538518,1.476837,0.514345,1.494358,0.000231,0.000602
0,1.500264,2.752691,-0.137829,0.236572,-0.178637,0.279873,0.001903,0.002514
0,1.416898,2.50043,-0.090354,-0.241737,-0.060535,-0.240464,0.00226,0.001299
0,0.986449,2.358408,-0.423896,-0.147839,-0.410272,-0.176147,0.000364,0.001839
0,1.185056,1.802014,0.227988,-0.545893,0.221631,-0.519319,0.001787,0.002254
0,0.977295,1.317577,-0.191472,-0.462142,-0.183149,-0.421394,0.000204,0.000526
0,0.714758,0.647234,-0.24842,-0.695738,-0.279899,-0.715299,0.00124,6.1e-05
0,0.542644,0.509851,-0.173169,-0.110779,-0.144006,-0.103285,0.001764,0.002336
0,0.270377,0.031235,-0.299008,-0.469147,-0.302843,-0.420657,0.000899,0.000545
0,0.063162,-0.265643,-0.202958,-0.317359,-0.247049,-0.310174,0.001102,0.000981
0,0.139112,-0.310151,0.084983,-0.017315,0.055942,0.020277,0.002428,0.000204
0,-0.209969,-0.471109,-0.344941,-0.146526,-0.372835,-0.121055,0.001953,0.002605
0,-0.179798,-0.261763,0.010525,0.214308,0.059389,0.169541,0.002479,0.001049
0,-0.085884,-0.34214,0.108149,-0.063646,0.06234,-0.103025,0.001499,0.000354
0,-0.037692,-0.066666,0.05769,0.296236,0.095873,0.326914,0.000658,0.001164
0,-0.088237,-0.076192,-0.066385,-0.0236,-0.087796,-0.03633,0.00154,0.00133
0,-0.160068,-0.031848,-0.094082,0.019548,-0.111239,-0.00965,0.002794,0.000556
0,-0.233868,-0.107384,-0.060834,-0.060895,-0.109457,-0.025473,0.001536,0.001874
0,-0.102004,-0.140478,0.127498,-0.049008,0.154264,-0.004635,0.00178,0.002452
0,0.045745,-0.16436,0.163682,-0.001626,0.194204,0.026857,0.000798,0.002749
0,-0.102739,-0.138977,-0.139563,0.006409,-0.095538,0.006051,0.001793,0.002426
0,0.060696,-0.139691,0.1869,0.02824,0.207953,-0.015653,0.001059,0.002438
0,0.058859,-0.07269,-0.014312,0.083579,-0.063171,0.115991,0.001027,0.001269
0,-0.119229,-0.091236,-0.190693,-0.047706,-0.183159,-0.050638,0.002081,0.001592
0,-0.032243,0.011076,0.05829,0.102262,0.067767,0.142869,0.000563,0.000193
0,0.089552,-0.061386,0.133606,-0.079641,0.10782,-0.04767,0.001563,0.001071
0,0.077883,-0.116404,-0.008964,-0.049608,-0.001625,-0.009746,0.001359,0.002032
0,-0.040287,-0.046374,-0.099495,0.075458,-0.13692,0.073182,0.000703,0.000809
0,0.127848,0.089679,0.184252,0.155473,0.20534,0.194808,0.002231,0.001565
0,-0.049728,0.047426,-0.150826,-0.055392,-0.122576,-0.088779,0.000868,0.000828
0,0.088065,-0.072923,0.150825,-0.100756,0.103196,-0.136468,0.001537,0.001273
0,-0.036235,0.020136,-0.108987,0.083181,-0.103036,0.060937,0.000632,0.000351
0,-0.092677,0.00933,-0.033104,0.007644,-0.07123,-0.004546,0.001618,0.000163
0,-0.007759,0.149758,0.102437,0.163787,0.074672,0.161547,0.000135,0.002614
0,-0.042474,0.129388,-0.012061,-0.042064,0.025469,-0.022527,0.000741,0.002258
0,0.045428,0.083806,0.086084,-0.032699,0.061964,-0.052122,0.000793,0.001463
0,0.125863,0.084329,0.06091,-0.027106,0.021563,-0.051423,0.002197,0.001472
0,0.011473,0.211545,-0.129872,0.139934,-0.083165,0.129876,0.0002,0.001925
0,-0.074815,0.153969,-0.094539,-0.04113,-0.124494,-0.088792,0.001306,0.002687
0,-0.024813,0.006764,0.049454,-0.155576,0.044301,-0.184612,0.000433,0.000118
0,-0.086524,0.212167,-0.054429,0.226143,-0.042156,0.231629,0.00151,0.001914
0,0.12562,-0.068584,0.18565,-0.251067,0.193292,-0.249656,0.002192,0.001197
0,-0.078842,-0.053554,-0.201404,0.026404,-0.193953,0.066375,0.001376,0.000935
0,-0.004864,-0.01319,0.092191,0.036127,0.051746,0.035419,8.5e-05,0.00023
0,-0.072663,-0.087433,-0.049251,-0.080276,-0.069069,-0.072656,0.001268,0.001526
0,-0.153269,0.188814,-0.108602,0.299878,-0.130829,0.347838,0.002675,0.002322
0,0.007484,-0.053409,0.171328,-0.260604,0.174852,-0.26073,0.000131,0.000932
0,0.063583,0.196893,0.060813,0.242089,0.065712,0.27815,0.00111,0.002181
0,-0.125983,0.107117,-0.184471,-0.108793,-0.169285,-0.079761,0.002199,0.00187
0,-0.115096,0.095052,0.019789,-0.021394,-0.016739,-0.030849,0.002009,0.001659
0,-0.0134,0.192646,0.07401,0.125139,0.062581,0.169024,0.000234,0.002255
0,-0.022784,0.155328,-0.032464,-0.041697,-0.004367,-0.024834,0.000398,0.002711
0,-0.087327,0.163398,-0.035973,-0.012182,-0.037259,-0.047336,0.001524,0.002766
0,-0.215979,-0.04591,-0.112813,-0.218979,-0.140338,-0.246213,0.001848,0.000801
0,0.059724,0.164372,0.304991,0.208093,0.33412,0.201898,0.001042,0.002749
0,0.013656,0.144937,-0.036047,-0.000513,-0.075134,0.022575,0.000238,0.00253
0,-0.108218,-0.032042,-0.132807,-0.194071,-0.091514,-0.181576,0.001889,0.000559
0,0.279897,-0.95438,0.404466,-0.931694,0.425652,-0.97779,0.000732,0.000195
0,0.562893,-2.368575,0.255928,-1.420834,0.225164,-1.42485,0.001411,0.002017
0,0.728659,-2.782872,0.192318,-0.409961,0.221965,-0.388427,0.001482,0.001987
0,0.7768,-2.908981,0.035361,-0.118698,0.058294,-0.096728,0.002323,0.000214
0,0.691595,-2.449526,-0.06943,0.45647,-0.065293,0.412337,0.000836,0.002188
0,0.922793,-1.84068,0.221819,0.615806,0.258348,0.658879,0.000747,0.001579
0,0.790215,-1.415316,-0.128145,0.443533,-0.168586,0.468366,0.002557,0.002232
0,0.725406,-0.995315,-0.055457,0.418295,-0.006895,0.439389,0.001426,0.000519
0,0.272183,-0.361819,-0.440761,0.659916,-0.447454,0.610122,0.000867,0.000697
0,0.157435,-0.104313,-0.140546,0.282902,-0.128,0.272978,0.002748,0.001821
0,0.077284,0.260186,-0.053049,0.337309,-0.031176,0.299511,0.001349,0.001076
0,0.082736,0.107932,0.02611,-0.128251,-0.009282,-0.161348,0.001444,0.001884
0,0.105156,0.160331,-0.002236,0.028001,0.037295,-0.009953,0.001835,0.002798
0,0.052512,0.179789,-0.079546,0.025044,-0.104649,0.037307,0.000917,0.00248
0,0.135586,0.085431,0.094925,-0.094922,0.084779,-0.121978,0.002366,0.001491
0,0.00078,-0.004114,-0.121034,-0.098226,-0.125225,-0.136562,1.4e-05,7.2e-05
0,0.098397,0.259533,0.098111,0.242514,0.105617,0.247889,0.001717,0.001088
0,-0.100868,-0.042799,-0.175025,-0.296809,-0.182088,-0.28805,0.00176,0.000747
0,-0.045296,0.071595,0.084579,0.105114,0.13298,0.134375,0.000791,0.00125
0,-0.066747,-0.009618,-0.01851,-0.09698,-0.027947,-0.115045,0.001165,0.000168
0,-0.048769,0.098854,0.004208,0.125827,-0.017125,0.107791,0.000851,0.001725
0,-0.115416,-0.076272,-0.040483,-0.199426,-0.015606,-0.213748,0.002014,0.001331
0,-0.053955,0.049887,0.057664,0.120409,0.032698,0.071791,0.000942,0.000871
0,0.027429,0.144937,0.086879,0.085944,0.10968,0.055698,0.000479,0.00253
0,0.126383,-0.04348,0.077701,-0.186907,0.050049,-0.165669,0.002206,0.000759
0,-0.124852,-0.012751,-0.224692,0.041734,-0.232533,0.041284,0.002179,0.000223
0,0.13547,-0.048098,0.278116,-0.013017,0.325152,-0.006708,0.002364,0.000839
0,-0.088075,0.121323,-0.203769,0.193956,-0.181483,0.209906,0.001537,0.002117
0,0.128761,0.103127,0.19577,-0.041345,0.171112,-0.091184,0.002247,0.0018
0,0.069343,0.082674,-0.078396,-0.027551,-0.08616,-0.034573,0.00121,0.001443
0,-0.078202,-0.069269,-0.175129,-0.160519,-0.215121,-0.20884,0.001365,0.001209
0,0.103185,0.103246,0.159684,0.176811,0.167904,0.171631,0.001801,0.001802
0,-0.099401,0.081966,-0.19491,-0.027915,-0.208176,0.005854,0.001735,0.001431
0,-0.072683,0.015983,0.04364,-0.076555,0.079659,-0.083358,0.001269,0.000279
0,-0.044512,0.020997,0.050687,0.025446,0.073475,0.06865,0.000777,0.000366
0,-0.038781,0.104684,0.031814,0.109262,0.032752,0.099662,0.000677,0.001827
0,-0.080956,-0.069115,-0.021592,-0.165793,0.02477,-0.151184,0.001413,0.001206
0,-0.078192,-0.074398,0.002526,-0.029811,0.030947,-0.052406,0.001365,0.001298
0,-0.09445,0.122553,-0.018633,0.170923,0.027663,0.122859,0.001648,0.002139
0,-0.178901,-0.038034,-0.099157,-0.155608,-0.072731,-0.107625,0.002495,0.000664
0,-0.210996,0.137151,-0.010927,0.169937,-0.049398,0.140786,0.001935,0.002394
0,0.006166,0.087145,0.228669,-0.020191,0.207538,0.001949,0.000108,0.001521
0,-0.08789,0.119038,-0.094017,0.015331,-0.142396,0.027939,0.001534,0.002078
0,-0.064885,-0.060086,0.043115,-0.181635,0.076168,-0.200868,0.001132,0.001049
0,-0.125968,-0.048739,-0.042134,-0.018019,-0.055339,-0.06748,0.002199,0.000851
0,0.063508,-0.034303,0.163444,0.00079,0.172646,0.031635,0.001108,0.000599
0,-0.034601,0.021513,-0.073052,0.02611,-0.097491,0.041427,0.000604,0.000375
0,-0.101892,0.021894,-0.093501,-0.007833,-0.11399,0.019186,0.001778,0.000382
0,-0.178541,-0.117336,-0.065523,-0.144204,-0.016666,-0.175608,0.002501,0.002048
0,-0.050188,0.127424,0.15536,0.267672,0.140843,0.263367,0.000876,0.002224
0,0.062733,-0.083407,0.138438,-0.224997,0.113838,-0.180127,0.001095,0.001456
0,-0.072388,-0.13395,-0.15947,-0.046433,-0.189812,-0.039025,0.001263,0.002338
0,0.126886,-0.002599,0.17721,0.14243,0.185219,0.104775,0.002215,4.5e-05
0,-0.116321,0.094159,-0.261443,0.10013,-0.223309,0.134235,0.00203,0.001643
0,0.070141,-0.010993,0.200482,-0.112868,0.241148,-0.107812,0.001224,0.000192
0,0.076491,0.012574,0.019769,0.051017,0.060685,0.022887,0.001335,0.000219
0,-0.071645,-0.056828,-0.161891,-0.091895,-0.188587,-0.091203,0.00125,0.000992
0,0.113348,0.06584,0.188269,0.115063,0.232699,0.090122,0.001978,0.001149
0,-0.075197,-0.001638,-0.159478,-0.088427,-0.186761,-0.132211,0.001312,2.9e-05
0,-0.109386,0.06618,-0.040565,0.045029,-0.006608,0.039107,0.001909,0.001155
0,-0.14769,0.08204,-0.03293,0.043948,-0.033065,0.083886,0.002578,0.001432
0,-0.171773,-0.025593,-0.050383,-0.092385,-0.06932,-0.115024,0.00262,0.000447
0,-0.269193,-0.098165,-0.090838,-0.096026,-0.127309,-0.062402,0.000919,0.001713
0,-0.211207,-0.082929,0.057249,0.018526,0.040163,0.010974,0.001931,0.001447
0,-0.08469,0.062777,0.125634,0.144461,0.077684,0.187582,0.001478,0.001096
0,-0.192826,0.016606,-0.095784,-0.020466,-0.078627,-0.065014,0.002252,0.00029
0,0.013104,-0.099028,0.213837,-0.100881,0.253244,-0.121632,0.000229,0.001728
0,-0.121882,-0.087536,-0.13976,-0.002241,-0.169223,-0.015871,0.002127,0.001528
0,-0.086568,-0.137306,0.015165,-0.032969,0.03604,-0.027321,0.001511,0.002396
0,-0.13353,-0.105228,-0.063869,0.051628,-0.029645,0.053606,0.002331,0.001837
0,-0.211492,0.080023,-0.102842,0.157729,-0.138273,0.166671,0.001926,0.001397
0,-0.096708,-0.049097,0.095623,-0.139274,0.084732,-0.143212,0.001688,0.000857
0,-0.04647,-0.020726,0.076409,0.014958,0.068331,-0.028437,0.000811,0.000362
0,-0.032581,0.169013,-0.015498,0.185148,-0.005583,0.231256,0.000569,0.002668
0,0.052061,-0.005951,0.076107,-0.176866,0.104995,-0.222891,0.000909,0.000104
0,-0.195225,0.073812,-0.230416,0.05115,-0.192044,0.081244,0.00221,0.001288
0,-0.148785,-0.016826,0.021551,-0.090602,0.030964,-0.060035,0.002597,0.000294
0,0.058186,-0.084987,0.184975,-0.091098,0.234596,-0.102551,0.001016,0.001483
0,0.005163,0.039895,-0.082291,0.152814,-0.057894,0.143442,9e-05,0.000696
0,-0.143253,-0.011402,-0.159935,-0.025898,-0.148711,-0.048264,0.0025,0.000199
0,-0.015333,-0.098363,0.153315,-0.09167,0.166735,-0.062003,0.000268,0.001717
0,-0.176479,0.011807,-0.184129,0.08306,-0.173819,0.087314,0.002537,0.000206
0,-0.290931,-0.028146,-0.140295,-0.038319,-0.119718,-0.077968,0.00054,0.000491
0,-0.059727,-0.138358,0.231505,-0.130427,0.211757,-0.160054,0.001042,0.002415
0,-0.141443,-0.089086,-0.054338,0.023023,-0.054836,0.064921,0.002469,0.001555
0,-0.027578,-0.104419,0.135364,0.003738,0.126302,0.024847,0.000481,0.001822
0,0.006956,0.108567,0.062474,0.20771,0.06038,0.249946,0.000121,0.001895
0,-0.011724,0.088105,-0.021181,0.004042,0.008747,-0.010108,0.000205,0.001538
0,-0.183862,-0.026901,-0.172527,-0.119261,-0.159447,-0.112338,0.002409,0.00047
0,-0.07424,0.072101,0.089049,0.110037,0.078507,0.071593,0.001296,0.001258
0,-0.057349,0.049877,0.032624,-0.0337,0.020797,-0.071132,0.001001,0.000871
0,0.144951,0.05843,0.222156,-0.013562,0.248178,-0.042697,0.00253,0.00102
0,0.090418,0.032322,-0.029107,-0.001787,-0.007839,0.004391,0.001578,0.000564
0,-0.050355,-0.067184,-0.134164,-0.099086,-0.11978,-0.067353,0.000879,0.001173
0,0.05031,0.056496,0.095085,0.153519,0.097853,0.175886,0.000878,0.000986
0,0.00949,0.107209,-0.031169,0.044594,-0.01948,0.070472,0.000166,0.001871
0,0.079277,0.205949,0.077528,0.123369,0.06785,0.108786,0.001384,0.002023
0,0.197841,0.121226,0.105224,-0.110455,0.089538,-0.075695,0.002165,0.002116
0,0.100858,0.103396,-0.093628,-0.014705,-0.132555,-0.060509,0.00176,0.001805
0,0.06062,0.022045,-0.058066,-0.10205,-0.031418,-0.118937,0.001058,0.000385
0,0.290996,0.030175,0.225173,-0.021319,0.254074,0.012114,0.000539,0.000527
0,0.182175,-0.05532,-0.099913,-0.110438,-0.054858,-0.140569,0.002438,0.000966
0,0.241502,0.052211,0.049313,0.100617,0.040717,0.141253,0.001403,0.000911
0,0.379717,0.117719,0.139793,0.047789,0.174912,0.025953,0.00101,0.002055
0,0.190044,-0.086685,-0.204551,-0.231402,-0.171737,-0.182203,0.002301,0.001513
0,0.359944,-0.007715,0.143072,0.093916,0.169041,0.045751,0.000665,0.000135
0,0.427396,0.106107,0.042301,0.098333,0.01059,0.10092,0.001842,0.001852
0,0.22271,0.135535,-0.186359,0.044323,-0.190815,0.058869,0.00173,0.002366
0,0.190297,0.05895,-0.056349,-0.081173,-0.013624,-0.118168,0.002296,0.001029
0,0.156589,-0.118244,-0.021022,-0.182643,-0.042114,-0.13373,0.002733,0.002064
0,0.085524,-0.039421,-0.046791,0.074503,-0.057494,0.037984,0.001493,0.000688
0,0.351035,0.021354,0.241584,0.039983,0.219501,0.020614,0.000509,0.000373
0,-2.823143,-0.671046,-3.162277,-0.708939,-3.180887,-0.698032,0.001284,0.000477
0,-4.54668,-0.881474,-1.738199,-0.237399,-1.718326,-0.232798,0.000709,0.001468
0,-3.777334,-0.925839,0.788402,-0.03946,0.744809,-0.059008,0.001483,0.000694
0,-4.06811,-0.817451,-0.307301,0.135524,-0.298442,0.173553,0.002026,0.002585
0,-3.949009,-0.839431,0.104947,0.006363,0.093131,0.010307,0.001513,0.002202
0,-3.408019,-0.681761,0.513503,0.17735,0.549639,0.211556,0.002311,0.000664
0,-2.267692,-0.331317,1.159002,0.332019,1.147162,0.346416,0.000256,0.000165
0,-1.56453,-0.160488,0.67535,0.171385,0.635304,0.181693,0.000781,0.002801
0,-0.781573,-0.098269,0.788763,0.032488,0.750456,0.041692,0.002406,0.001715
0,-0.603806,-0.206335,0.191389,-0.091502,0.189148,-0.101818,0.000697,0.002016
0,-0.472131,0.068746,0.138727,0.289779,0.096713,0.260542,0.002623,0.0012
0,0.03181,-0.013745,0.480236,-0.104983,0.500318,-0.148055,0.000555,0.00024
0,0.230191,0.098714,0.173855,0.098571,0.178504,0.103473,0.0016,0.001723
0,0.37242,-0.070864,0.139845,-0.154572,0.172598,-0.180619,0.000882,0.001237
0,0.210601,0.186292,-0.143639,0.233503,-0.180571,0.256072,0.001942,0.002366
0,0.22153,-0.077714,0.033022,-0.263852,0.046128,-0.243009,0.001751,0.001356
0,0.270873,0.068749,0.037302,0.11986,0.038094,0.168137,0.00089,0.0012
0,0.188281,0.144749,-0.065511,0.068667,-0.082575,0.065764,0.002331,0.002526
0,0.263436,0.055767,0.081679,-0.089077,0.055936,-0.089171,0.00102,0.000973
0,0.131543,0.091686,-0.116083,0.032502,-0.147663,0.009677,0.002296,0.0016
0,-0.146684,0.107696,-0.276362,-0.006889,-0.325563,-0.055203,0.00256,0.00188
0,-0.079362,0.078748,0.080272,-0.05655,0.055383,-0.047167,0.001385,0.001374
0,0.054363,-0.066616,0.125771,-0.122056,0.111054,-0.13549,0.000949,0.001163
0,0.026131,0.123594,-0.015227,0.193007,0.002349,0.223229,0.000456,0.002157
0,-0.1819,0.061849,-0.196577,-0.066675,-0.182087,-0.102668,0.002443,0.001079
0,0.054281,0.072462,0.261407,0.026344,0.298604,-0.018404,0.000947,0.001265
0,-0.13481,-0.071475,-0.180149,-0.161589,-0.222306,-0.14041,0.002353,0.001247
0,0.053901,-0.098255,0.193742,-0.024592,0.243436,-0.053803,0.000941,0.001715
0,-0.046613,-0.10494,-0.077883,-0.029968,-0.102106,-0.005826,0.000814,0.001832
0,-0.197944,-0.156803,-0.162697,-0.062331,-0.131717,-0.110595,0.002163,0.002737
0,-0.110914,-0.127082,0.069593,0.049764,0.091161,0.054574,0.001936,0.002218
0,-0.069017,-0.023581,0.032523,0.109745,0.067297,0.092496,0.001205,0.000412
0,-0.120459,0.012127,-0.078741,0.009749,-0.086414,0.040723,0.002102,0.000212
0,-0.110637,-0.084893,-0.018573,-0.087462,-0.050521,-0.071719,0.001931,0.001482
0,0.068457,-0.177042,0.189013,-0.114003,0.229289,-0.13281,0.001195,0.002528
0,-0.033322,0.061611,-0.079111,0.209475,-0.058444,0.225151,0.000582,0.001075
0,-0.157238,0.109028,-0.121424,0.030053,-0.128741,0.013254,0.002744,0.001903
0,-0.002871,0.120395,0.184176,0.040398,0.163616,0.004119,5e-05,0.002101
0,-0.14968,-0.014304,-0.155522,-0.109118,-0.113363,-0.102416,0.002612,0.00025
0,-0.153991,-0.000294,0.0231,-0.008811,-0.009857,-0.026418,0.002688,5e-06
0,-0.142482,-0.063008,0.026545,-0.08884,0.013803,-0.12077,0.002487,0.0011
0,0.052277,0.074534,0.176639,0.159871,0.135439,0.202771,0.000912,0.001301
0,-0.052172,0.099874,-0.13024,0.025749,-0.131454,0.012745,0.000911,0.001743
0,-0.102476,0.0107,-0.07485,-0.086753,-0.075804,-0.07771,0.001789,0.000187
0,0.069252,-0.128761,0.146866,-0.14248,0.12427,-0.190514,0.001209,0.002247
0,0.013191,0.028781,-0.077979,0.182072,-0.096493,0.150889,0.00023,0.000502
0,0.054669,0.049575,0.039413,-0.003105,0.06969,-0.038111,0.000954,0.000865
0,-0.023576,-0.103182,-0.069837,-0.12584,-0.045295,-0.096983,0.000411,0.001801
0,-0.163076,-0.056787,-0.161812,0.029693,-0.114321,0.023803,0.002771,0.000991
0,0.003081,0.064158,0.15226,0.103455,0.158692,0.089756,5.4e-05,0.00112
0,0.136568,0.021659,0.121372,-0.052841,0.102548,-0.035025,0.002384,0.000378
0,0.07214,-0.065258,-0.036647,-0.084563,-0.025428,-0.12342,0.001259,0.001139
0,0.094509,0.094626,0.040668,0.161475,0.082774,0.122704,0.001649,0.001652
0,0.044852,-0.020291,-0.045382,-0.095477,-0.093992,-0.090725,0.000783,0.000354
0,0.027049,-0.083397,0.000168,-0.057382,0.032229,-0.042305,0.000472,0.001456
0,-0.05277,-0.12377,-0.051328,-0.038442,-0.009468,-0.058969,0.000921,0.00216
0,0.091884,0.089874,0.134427,0.187283,0.109827,0.19952,0.001604,0.001569
0,-0.124358,-0.078263,-0.197295,-0.185457,-0.21484,-0.150352,0.00217,0.001366
0,-0.028792,-0.06309,0.09484,-0.001619,0.049374,0.007416,0.000503,0.001101
0,-0.083191,0.119023,-0.041117,0.168202,-0.054671,0.153748,0.001452,0.002077
0,0.142004,0.008737,0.217232,-0.11118,0.237192,-0.134141,0.002478,0.000152
0,0.19751,-0.049007,0.027449,-0.072465,0.041263,-0.099669,0.00217,0.000855
0,0.064782,-0.059651,-0.126366,-0.014832,-0.083125,-0.033223,0.001131,0.001041
0,-0.05088,0.126961,-0.113689,0.200404,-0.090811,0.171629,0.000888,0.002216
0,0.059463,0.005057,0.115855,-0.139457,0.086387,-0.129683,0.001038,8.8e-05
0,0.173465,0.070195,0.136609,0.065772,0.14644,0.077397,0.00259,0.001225
0,0.006819,-0.108298,-0.137709,-0.171768,-0.103858,-0.18268,0.000119,0.00189
0,0.115374,-0.028299,0.102703,0.107778,0.13651,0.108645,0.002014,0.000494
0,0.222026,-0.139695,0.105625,-0.110315,0.14037,-0.089876,0.001742,0.002438
0,0.016715,0.061111,-0.214594,0.173523,-0.203232,0.166892,0.000292,0.001067
0,0.132188,0.071763,0.117367,0.03058,0.094197,0.02385,0.002307,0.001253
0,0.215345,-0.024036,0.085234,-0.096551,0.116569,-0.106847,0.001859,0.00042
0,0.184243,-0.107074,-0.03953,-0.092455,-0.000764,-0.121314,0.002402,0.001869
0,0.174485,-0.112612,-0.011808,0.003333,0.002422,0.034453,0.002572,0.001965
0,0.071681,-0.035558,-0.094501,0.076604,-0.054202,0.072282,0.001251,0.000621
0,0.025946,0.0842,-0.054415,0.115657,-0.062215,0.113263,0.000453,0.00147
0,0.205234,-0.102537,0.161039,-0.199136,0.143705,-0.19818,0.002035,0.00179
0,0.019347,-0.095286,-0.165546,-0.007248,-0.160942,-0.011631,0.000338,0.001663
0,0.101289,-0.050409,0.095804,0.017994,0.097887,0.011515,0.001768,0.00088
0,0.059762,-0.123408,-0.025546,-0.056177,-0.00688,-0.013588,0.001043,0.002154
0,0.160453,-0.036456,0.12071,0.0812,0.088667,0.112221,0.0028,0.000636
0,0.031526,-0.046065,-0.150495,-0.024401,-0.185208,-0.034332,0.00055,0.000804
0,0.088496,-0.115744,0.036106,-0.054519,0.04933,-0.048599,0.001545,0.00202
0,0.257781,-0.126975,0.171418,-0.035607,0.210885,-0.002207,0.001118,0.002216
0,0.15069,-0.157958,-0.134867,-0.042589,-0.104635,-0.028143,0.00263,0.002757
0,-0.103637,-0.16029,-0.259137,-0.025256,-0.239096,-0.015886,0.001809,0.002798
0,0.053107,-0.171347,0.176463,0.011425,0.152433,0.060467,0.000927,0.002627
0,0.113741,0.019047,0.075113,0.202482,0.085075,0.187189,0.001985,0.000332
0,-0.025578,0.06573,-0.14513,0.02085,-0.15104,0.021097,0.000446,0.001147
0,-0.07914,-0.047741,-0.051179,-0.13946,-0.026701,-0.1586,0.001381,0.000833
0,0.074797,-0.132952,0.168663,-0.07868,0.217063,-0.117833,0.001305,0.00232
0,-0.032767,0.019787,-0.097302,0.132872,-0.070563,0.17873,0.000572,0.000345
0,-0.138549,-0.045744,-0.089393,-0.084593,-0.071055,-0.098755,0.002418,0.000798
0,-0.006831,-0.128132,0.133287,-0.083398,0.162902,-0.094904,0.000119,0.002236
0,0.066517,0.036584,0.048107,0.160869,0.085938,0.137348,0.001161,0.000639
0,0.01657,-0.064254,-0.071863,-0.105088,-0.047532,-0.063436,0.000289,0.001121
0,0.186984,-0.142233,0.189872,-0.081418,0.18815,-0.108989,0.002354,0.002482
0,-0.035718,-0.076107,-0.247791,0.091897,-0.225625,0.05123,0.000623,0.001328
0,-0.039481,-0.040943,-0.017371,0.04384,-0.006387,0.07688,0.000689,0.000715
0,0.111614,-0.099617,0.153665,-0.053773,0.157283,-0.101439,0.001948,0.001739
0,0.255122,-0.02473,0.121354,0.047546,0.104711,0.081504,0.001165,0.000432
0,-0.00516,-0.16354,-0.238823,-0.165666,-0.219654,-0.169721,9e-05,0.002763
0,0.019681,-0.091415,0.005311,0.092691,0.04573,0.04478,0.000343,0.001595
0,-0.043839,-0.103669,-0.074368,-0.036879,-0.11843,-0.021097,0.000765,0.001809
0,0.136819,-0.048034,0.167699,0.052821,0.156337,0.060089,0.002388,0.000838
0,0.217437,-0.016737,0.063091,0.060745,0.040817,0.01479,0.001823,0.000292
0,0.215908,0.007137,-0.021664,0.035253,0.003491,-0.010115,0.001849,0.000125
0,0.27419,-0.025188,0.067897,-0.056057,0.092608,-0.079083,0.000832,0.00044
0,0.108526,0.096584,-0.137109,0.106765,-0.169582,0.103269,0.001894,0.001686
0,0.074703,0.021959,-0.057143,-0.103712,-0.044558,-0.149138,0.001304,0.000383
0,0.08165,0.021471,-0.002615,-0.017594,0.008801,-0.030677,0.001425,0.000375
0,0.142585,0.082746,0.068919,0.06256,0.054191,0.036028,0.002489,0.001444
0,0.181828,0.027918,0.050085,-0.039896,0.03713,-0.086669,0.002444,0.000487
0,0.175699,-0.147676,0.006796,-0.15908,-0.042723,-0.174521,0.002551,0.002577
0,0.045564,-0.03654,-0.106214,0.131698,-0.146246,0.17851,0.000795,0.000638
0,0.111691,0.023261,0.072518,0.031169,0.101461,0.031223,0.001949,0.000406
0,0.173383,0.039119,0.050955,-0.001881,0.049499,0.033172,0.002591,0.000683
0,0.207298,-0.128628,0.062651,-0.157725,0.099628,-0.198925,0.001999,0.002245
0,-0.071841,-0.177819,-0.25241,-0.021649,-0.293975,-0.026581,0.001254,0.002514
0,0.05287,-0.256199,0.100337,-0.06989,0.085235,-0.107149,0.000923,0.001146
0,0.090658,-0.042888,0.045435,0.228846,0.023601,0.209765,0.001582,0.000749
0,0.035841,-0.001391,-0.033739,0.062857,0.000628,0.059316,0.000626,2.4e-05
0,0.044441,-0.115928,0.02594,-0.112656,0.068901,-0.151516,0.000776,0.002023
0,0.1555,-0.041622,0.116037,0.102587,0.137746,0.099009,0.002714,0.000726
0,0.121687,-0.134909,-0.056864,-0.121208,-0.050829,-0.074162,0.002124,0.002355
0,0.117844,-0.038214,0.016747,0.07046,-0.025863,0.02686,0.002057,0.000667
0,0.217044,0.010978,0.080157,0.051244,0.130139,0.008756,0.001829,0.000192
0,0.002413,-0.205273,-0.204484,-0.245619,-0.226444,-0.253789,4.2e-05,0.002035
0,0.10294,0.001136,0.130389,0.229274,0.145986,0.229278,0.001797,2e-05
0,0.096263,-0.033044,-0.032851,-0.030022,-0.011499,0.003781,0.00168,0.000577
0,0.150003,-0.254858,0.029687,-0.223338,-0.013364,-0.180451,0.002618,0.001169
0,-0.029649,-0.141835,-0.204856,0.097131,-0.18551,0.121711,0.000517,0.002475
0,-0.112078,-0.253597,-0.086919,-0.107638,-0.068687,-0.095908,0.001956,0.001191
0,0.020867,-0.142577,0.139573,0.083319,0.166797,0.107283,0.000364,0.002488
0,-0.009007,-0.102134,-0.02884,0.022138,-0.025812,0.024813,0.000157,0.001783
0,-0.111458,-0.221354,-0.082123,-0.104179,-0.084583,-0.130357,0.001945,0.001754
0,0.034618,0.037534,0.133352,0.241627,0.139199,0.23966,0.000604,0.000655
0,-0.186645,0.028372,-0.234948,-0.01728,-0.248087,-0.019533,0.00236,0.000495
0,-0.163609,-0.024648,0.021662,-0.03543,-0.010289,0.012232,0.002762,0.00043
0,0.043347,-0.18528,0.234051,-0.174184,0.205239,-0.130277,0.000757,0.002384
0,-0.062284,0.015208,-0.082357,0.213358,-0.054287,0.176713,0.001087,0.000265
0,-0.018725,-0.018336,0.056609,-0.052042,0.059944,-0.077488,0.000327,0.00032
0,0.059206,0.103763,0.105304,0.144333,0.084293,0.107992,0.001033,0.001811
0,0.164038,0.095786,0.097153,-0.001374,0.135767,-0.033048,0.002755,0.001672
0,0.043048,-0.140977,-0.140071,-0.208047,-0.170846,-0.216556,0.000751,0.002461
0,-0.034714,-0.09144,-0.089576,0.052516,-0.137858,0.056738,0.000606,0.001596
0,0.069088,-0.056016,0.121698,0.041543,0.154668,0.057057,0.001206,0.000978
0,-0.00189,0.134476,-0.050854,0.176998,-0.02045,0.149312,3.3e-05,0.002347
0,-0.068226,0.089836,-0.037774,-0.065817,-0.038447,-0.104281,0.001191,0.001568
0,0.014691,0.001607,0.099937,-0.101944,0.063183,-0.130356,0.000256,2.8e-05
0,-0.05628,-0.086229,-0.045829,-0.072848,-0.053873,-0.071938,0.000982,0.001505
0,-0.012142,-0.157085,0.057867,-0.083944,0.026604,-0.09039,0.000212,0.002742
0,-0.13148,-0.118597,-0.126183,0.020681,-0.144754,0.014655,0.002295,0.00207
0,-0.169633,0.003165,-0.054179,0.122727,-0.004726,0.077658,0.002657,5.5e-05
0,0.055716,0.077222,0.252103,0.063064,0.288171,0.077545,0.000972,0.001348
0,-0.080254,-0.010073,-0.140354,-0.109831,-0.160074,-0.097182,0.001401,0.000176
0,0.049759,0.013685,0.15435,0.013437,0.163035,0.001463,0.000868,0.000239
0,-0.10374,-0.090425,-0.164988,-0.088585,-0.132716,-0.119377,0.001811,0.001578
0,-0.036512,0.038591,0.067076,0.130695,0.043415,0.081583,0.000637,0.000674
0,-0.16761,-0.133325,-0.116849,-0.148919,-0.165592,-0.154297,0.002692,0.002327
0,0.025504,0.004767,0.211245,0.109906,0.245287,0.06297,0.000445,8.3e-05
0,-0.010624,-0.134036,-0.047292,-0.13327,-0.090755,-0.091448,0.000185,0.002339
0,-0.026079,-0.036797,-0.013576,0.109916,-0.025074,0.118209,0.000455,0.000642
0,0.092381,-0.104192,0.145146,-0.063791,0.146095,-0.089662,0.001612,0.001818
0,-0.045848,-0.172653,-0.115866,-0.054101,-0.100023,-0.064422,0.0008,0.002604
0,-0.024708,0.143615,0.049591,0.307024,0.034673,0.292546,0.000431,0.002507
0,-0.1169,-0.046708,-0.108971,-0.20951,-0.083707,-0.244218,0.00204,0.000815
0,-0.169378,0.139145,-0.04292,0.167957,-0.007482,0.18286,0.002661,0.002429
0,0.019061,0.114121,0.168323,-0.024594,0.168098,0.005411,0.000333,0.001992
0,-0.003518,-0.013508,-0.051806,-0.100731,-0.100873,-0.140643,6.1e-05,0.000236
0,0.093598,0.075676,0.117816,0.087219,0.068824,0.134881,0.001634,0.001321
0,0.024845,-0.042516,-0.07827,-0.104125,-0.040816,-0.080374,0.000434,0.000742
0,0.074313,-0.044094,0.076587,0.01869,0.040495,0.065179,0.001297,0.00077
0,-0.108821,-0.06982,-0.202457,-0.037808,-0.178878,-0.004288,0.001899,0.001219
0,0.101969,-0.127099,0.224647,-0.075442,0.267055,-0.079785,0.00178,0.002218
0,0.11497,-0.018193,0.001642,0.107424,-0.04786,0.083118,0.002007,0.000318
0,0.134522,0.030679,0.036875,0.026425,-0.012999,0.014515,0.002348,0.000535
0,0.053606,-0.105177,-0.10662,-0.136821,-0.120993,-0.176857,0.000936,0.001836
0,-0.016065,0.096198,-0.07039,0.220108,-0.048639,0.248995,0.00028,0.001679
0,0.040135,-0.15949,0.058912,-0.277242,0.023082,-0.287715,0.0007,0.002784
0,-0.031848,-0.159416,-0.099356,-0.02059,-0.05754,-0.011792,0.000556,0.002782
0,-0.029624,-0.182516,-0.023746,-0.022113,0.014788,-0.032551,0.000517,0.002432
0,0.015278,-0.118145,0.072926,0.054851,0.064245,0.019036,0.000267,0.002062
0,0.187394,-0.117284,0.181188,0.012713,0.162269,-0.025217,0.002347,0.002047
0,0.175092,0.145812,-0.04169,0.253059,-0.085292,0.262661,0.002562,0.002545
0,0.066457,-0.038883,-0.114552,-0.165448,-0.105234,-0.131639,0.00116,0.000679
0,0.077381,0.020126,0.01965,0.068098,0.037584,0.090689,0.001351,0.000351
0,0.17846,-0.126609,0.119464,-0.176214,0.167465,-0.183437,0.002503,0.00221
0,0.013603,0.118908,-0.161797,0.229618,-0.157349,0.269478,0.000237,0.002075
0,-0.07632,0.04374,-0.087551,-0.067635,-0.047963,-0.095339,0.001332,0.000763
0,-9.4e-05,0.079761,0.091436,0.018614,0.077618,0.05965,2e-06,0.001392
0,-0.063864,0.026353,-0.062155,-0.051988,-0.066464,-0.025192,0.001115,0.00046
0,0.09307,0.149925,0.145255,0.122193,0.148974,0.101972,0.001624,0.002617
0,0.043889,0.044284,-0.062059,-0.092963,-0.036852,-0.095637,0.000766,0.000773
0,0.075996,-0.005621,0.061156,-0.040016,0.07107,-0.001813,0.001326,9.8e-05
0,0.009822,0.179418,-0.044138,0.191541,-0.092462,0.142645,0.000171,0.002486
0,-0.121625,-0.065756,-0.105994,-0.260504,-0.058034,-0.279272,0.002123,0.001148
0,0.107916,-0.015354,0.207412,0.070454,0.251479,0.044104,0.001883,0.000268
0,0.176337,-0.087268,0.056089,-0.090789,0.048521,-0.074793,0.00254,0.001523
0,-0.085285,0.012819,-0.249615,0.086266,-0.283837,0.084266,0.001489,0.000224
0,0.039953,0.148079,0.096626,0.133091,0.08241,0.160094,0.000697,0.002584
0,0.265961,0.145354,0.20167,-0.000432,0.212238,-0.031772,0.000976,0.002537
0,0.318894,-0.04483,0.060397,-0.203115,0.078102,-0.185932,5.2e-05,0.000782
0,0.027803,-0.05608,-0.271972,-0.016646,-0.289429,-0.06324,0.000485,0.000979
0,0.221468,0.071146,0.216412,0.114676,0.207293,0.141581,0.001752,0.001242
0,0.282644,0.148069,0.034828,0.068082,0.040571,0.100376,0.000684,0.002584
0,0.202772,-0.033044,-0.075366,-0.196296,-0.114187,-0.195903,0.002078,0.000577
0,0.100179,-0.097112,-0.121631,-0.041766,-0.142656,-0.051099,0.001748,0.001695
0,0.256584,0.036966,0.183979,0.141285,0.136945,0.182,0.001139,0.000645
0,0.22937,-0.062683,-0.01685,-0.091699,-0.049406,-0.083104,0.001614,0.001094
0,0.17076,-0.072191,-0.06117,-0.031097,-0.04967,-0.022232,0.002637,0.00126
0,0.094753,-0.104724,-0.055963,-0.004613,-0.018302,-0.037292,0.001654,0.001828
0,-0.004933,0.028154,-0.090095,0.117416,-0.058303,0.156036,8.6e-05,0.000491
0,0.085192,0.02068,0.096513,-0.007829,0.112159,-0.027412,0.001487,0.000361
0,0.05883,-0.131301,-0.012382,-0.13339,-0.054321,-0.131631,0.001027,0.002292
0,0.130842,-0.123414,0.04383,0.000228,0.045906,-0.027693,0.002284,0.002154
0,-0.079517,-0.07609,-0.189344,0.074644,-0.144783,0.08221,0.001388,0.001328
0,0.045728,-0.103436,0.118907,-0.030518,0.144019,-0.05995,0.000798,0.001805
0,-0.090002,0.073107,-0.161591,0.160831,-0.114511,0.202203,0.001571,0.001276
0,0.017532,-0.003056,0.081767,-0.046902,0.060482,-0.061251,0.000306,5.3e-05
0,0.095376,0.021619,0.077431,0.022886,0.09726,0.025658,0.001665,0.000377
0,0.083396,-0.084727,-0.030051,-0.078667,-0.062836,-0.07605,0.001456,0.001479
0,-0.086615,0.083108,-0.154404,0.175595,-0.14749,0.129249,0.001512,0.001451
0,-0.001456,0.129325,0.082954,0.068154,0.055514,0.097468,2.5e-05,0.002257
0,-0.07207,0.097869,-0.065184,-0.007128,-0.061392,-0.023631,0.001258,0.001708
0,-0.190297,-0.112263,-0.106184,-0.217329,-0.060209,-0.244734,0.002296,0.001959
0,-0.062511,0.117953,0.12326,0.238501,0.146481,0.198414,0.001091,0.002059
0,-0.004739,0.020214,0.044952,-0.116562,0.013186,-0.095995,8.3e-05,0.000353
0,0.074573,0.122658,0.102614,0.091418,0.144661,0.047875,0.001302,0.002141
0,0.029275,0.206262,-0.062247,0.088349,-0.097607,0.097427,0.000511,0.002018
0,-0.097635,0.165827,-0.118736,-0.035235,-0.108158,-0.07336,0.001704,0.002723
0,-0.114222,-0.066687,-0.045312,-0.203549,-0.006308,-0.18069,0.001994,0.001164
0,-0.147987,-0.023987,-0.016356,0.020637,-0.002844,0.015296,0.002583,0.000419
0,-0.142328,0.031761,0.033165,0.033376,0.035093,0.024595,0.002484,0.000554
0,0.023304,0.01849,0.169699,-0.033796,0.171387,-0.047563,0.000407,0.000323
0,0.085574,0.124687,0.062495,0.077798,0.036827,0.05712,0.001494,0.002176
0,-0.024568,-0.086736,-0.139572,-0.23134,-0.095353,-0.222986,0.000429,0.001514
0,0.099329,-0.083653,0.11828,-0.021384,0.139625,-0.039458,0.001734,0.00146
0,0.010745,0.002592,-0.069733,0.112323,-0.111766,0.109738,0.000188,4.5e-05
0,-0.09425,0.090216,-0.10702,0.099376,-0.076184,0.088502,0.001645,0.001575
0,0.124542,0.03787,0.216548,-0.075791,0.233286,-0.079182,0.002174,0.000661
0,0.091704,-0.061592,-0.029462,-0.124744,-0.011734,-0.133567,0.001601,0.001075
0,-0.028019,-0.07862,-0.091458,-0.027699,-0.103169,-0.051366,0.000489,0.001372
0,-0.10113,-0.116903,-0.055156,-0.062267,-0.041372,-0.025505,0.001765,0.00204
0,0.075051,-0.100832,0.158731,0.010121,0.137926,0.033,0.00131,0.00176
0,-0.112742,0.008583,-0.202046,0.134929,-0.235407,0.10766,0.001968,0.00015
0,-0.085132,-0.110727,0.024098,-0.129416,0.022809,-0.098357,0.001486,0.001933
0,0.03145,0.159223,0.13114,0.290398,0.155768,0.333879,0.000549,0.002779
0,-0.091036,0.111887,-0.106164,-0.022155,-0.080475,-0.032166,0.001589,0.001953
0,0.062338,0.031035,0.178829,-0.091886,0.193074,-0.079696,0.001088,0.000542
0,0.063194,0.022158,0.023724,0.018398,0.067071,0.003495,0.001103,0.000387
0,-0.103732,0.103639,-0.142326,0.07138,-0.110048,0.101495,0.00181,0.001809
0,0.048574,-0.11155,0.1658,-0.229823,0.137516,-0.207184,0.000848,0.001947
0,0.053516,-0.082222,0.026359,0.026272,0.048833,-0.018514,0.000934,0.001435
0,0.033068,-0.078672,0.009547,0.032262,0.054189,0.037355,0.000577,0.001373
0,-0.013598,-0.020984,-0.03206,0.029068,-0.029769,0.030323,0.000237,0.000366
0,-0.058269,0.080952,-0.034666,0.108823,-0.016087,0.091731,0.001017,0.001413
0,-0.095902,0.067059,-0.050976,-0.004742,-0.009752,-0.010814,0.001674,0.00117
0,-0.16785,-0.117561,-0.045101,-0.211541,-0.019016,-0.163952,0.002688,0.002052
0,0.007397,0.005909,0.170634,0.105874,0.172099,0.112039,0.000129,0.000103
0,-0.127035,0.036744,-0.132943,0.048705,-0.096483,0.087869,0.002217,0.000641
0,-0.194318,0.111986,-0.041817,0.045842,-0.015111,0.076026,0.002226,0.001955
0,0.081218,0.152445,0.297982,0.029115,0.310831,-0.008476,0.001418,0.002661
0,-0.165467,0.108952,-0.243397,-0.042302,-0.287066,-0.056637,0.00273,0.001902
0,-0.03431,-0.029198,0.119497,-0.167645,0.073945,-0.124688,0.000599,0.00051
0,-0.053898,0.162834,-0.021216,0.172694,-0.032423,0.214165,0.000941,0.002776
0,-0.028963,0.129006,0.012875,-0.017675,0.053716,0.029455,0.000506,0.002252
0,-0.093453,-0.101208,-0.038262,-0.233554,-0.076023,-0.24769,0.001631,0.001766
0,-0.163595,-0.099737,-0.089522,-0.015992,-0.099012,-0.015502,0.002762,0.001741
0,0.099861,0.072639,0.275863,0.193328,0.272995,0.229804,0.001743,0.001268
0,-0.066873,-0.46229,-0.139782,-0.532952,-0.183826,-0.526968,0.001167,0.002451
0,-0.105025,-0.385703,-0.013229,0.075146,0.026009,0.027823,0.001833,0.001114
0,0.124778,-0.250916,0.230058,0.11512,0.240724,0.146636,0.002178,0.001238
0,-0.010723,-0.434109,-0.113262,-0.175713,-0.140713,-0.19253,0.000187,0.001959
0,0.015721,-0.246566,0.015199,0.214539,-0.002812,0.20027,0.000274,0.001314
0,-0.13518,-0.153555,-0.14578,0.103451,-0.152165,0.058642,0.002359,0.00268
0,-0.123305,-0.415368,0.007841,-0.262183,-0.003802,-0.223463,0.002152,0.001632
0,0.114613,-0.247511,0.255815,0.180031,0.281988,0.178535,0.002,0.001298
0,-0.149235,-0.265354,-0.246182,-0.013222,-0.271969,0.019283,0.002605,0.000986
0,0.019973,-0.135497,0.188503,0.113473,0.153463,0.107682,0.000349,0.002365
0,0.038038,-0.23319,0.036398,-0.093744,-0.002204,-0.143028,0.000664,0.001548
0,-0.095904,-0.109531,-0.120605,0.108576,-0.145841,0.123628,0.001674,0.001912
0,0.077742,-0.087718,0.168505,0.050077,0.13415,0.089774,0.001357,0.001531
0,-0.06858,0.007245,-0.127423,0.110521,-0.114145,0.159871,0.001197,0.000126
0,-0.123046,0.136668,-0.057377,0.119047,-0.052189,0.14014,0.002148,0.002385
0,0.094856,-0.091599,0.201306,-0.24467,0.154357,-0.274231,0.001656,0.001599
0,0.091852,-0.01463,-0.031786,0.085847,-0.035571,0.039074,0.001603,0.000255
0,0.068408,-0.021914,-0.01193,0.017415,0.000877,-0.031132,0.001194,0.000382
0,0.038026,-0.057539,-0.050282,-0.04036,-0.06004,-0.019881,0.000664,0.001004
0,-0.020084,0.071148,-0.08675,0.101564,-0.07693,0.124269,0.000351,0.001242
0,0.054237,-0.004084,0.058159,-0.07716,0.077766,-0.027637,0.000947,7.1e-05
0,-0.123424,0.198323,-0.195755,0.177858,-0.199072,0.21836,0.002154,0.002156
0,-0.010386,0.040021,0.140929,-0.147745,0.169001,-0.179176,0.000181,0.000698
0,0.060166,0.124652,0.084338,0.108078,0.09513,0.062738,0.00105,0.002176
0,0.11434,-0.005759,0.051415,-0.137368,0.007353,-0.178946,0.001996,0.000101
0,0.069679,0.026802,-0.02943,0.057191,-0.032535,0.075928,0.001216,0.000468
0,-0.077154,0.158763,-0.144392,0.133824,-0.161648,0.12649,0.001347,0.002771
0,-0.18474,0.017386,-0.104055,-0.160858,-0.075152,-0.203345,0.002393,0.000303
0,-0.000293,0.192931,0.167458,0.148494,0.139701,0.19013,5e-06,0.00225
0,-0.135034,0.201364,-0.162457,0.017931,-0.128144,0.05793,0.002357,0.002103
0,-1.872446,0.004859,-1.761506,-0.172578,-1.722312,-0.190232,0.001025,8.5e-05
0,-2.941613,0.037891,-1.086945,0.036151,-1.074189,0.007127,0.000783,0.000661
0,-2.658079,0.183902,0.277226,0.155067,0.269372,0.14695,0.001452,0.002408
0,-1.753473,0.015356,0.883497,-0.14738,0.901758,-0.140939,0.002516,0.000268
0,-1.810373,0.086604,-0.057664,0.100165,-0.105977,0.11805,0.002108,0.001512
0,-1.381382,-0.004522,0.416633,-0.11738,0.376883,-0.097686,0.00164,7.9e-05
0,-0.828163,0.184436,0.533586,0.192753,0.508,0.217719,0.002398,0.002398
0,-0.448346,-0.054052,0.39111,-0.24692,0.438057,-0.226028,0.002208,0.000943
0,-0.241499,0.110778,0.182364,0.164768,0.201885,0.214063,0.001403,0.001933
0,-0.065884,-0.06255,0.178612,-0.165152,0.175479,-0.120654,0.00115,0.001092
0,-0.057164,0.031879,-0.016336,0.115173,-0.005619,0.123841,0.000998,0.000556
0,0.185496,-0.039474,0.268282,-0.094849,0.261522,-0.110527,0.00238,0.000689
0,0.030063,-0.054502,-0.154575,0.004395,-0.104926,0.016291,0.000525,0.000951
0,0.200662,0.018722,0.181357,0.052275,0.226855,0.026987,0.002115,0.000327
0,0.165826,-0.132888,-0.023939,-0.133498,0.008385,-0.116945,0.002723,0.002319
0,0.072028,0.089041,-0.120475,0.223299,-0.085695,0.213137,0.001257,0.001554
0,-0.033532,-0.133466,-0.101102,-0.231887,-0.13282,-0.227326,0.000585,0.002329
0,-0.102859,0.019605,-0.066567,0.168481,-0.069573,0.1895,0.001795,0.000342
0,-0.025251,0.041545,0.084604,0.02644,0.099483,0.015358,0.000441,0.000725
0,0.039947,0.069648,0.082644,0.033138,0.124388,0.014505,0.000697,0.001216
0,0.054105,-0.042939,0.035869,-0.13215,0.030956,-0.128649,0.000944,0.000749
0,-0.071082,-0.094478,-0.096329,-0.05199,-0.134896,-0.076378,0.001241,0.001649
0,-0.061633,0.122844,0.003172,0.197346,-0.019212,0.225104,0.001076,0.002144
0,-0.059789,0.049846,0.005378,-0.091277,-0.012887,-0.060315,0.001044,0.00087
0,-0.054163,0.140892,-0.010517,0.092787,0.036728,0.06741,0.000945,0.002459
0,0.013693,-0.091047,0.05902,-0.252974,0.106456,-0.295472,0.000239,0.001589
0,0.030344,0.137717,0.019299,0.239204,0.018542,0.232586,0.00053,0.002404
0,0.036151,0.052161,0.026758,-0.084209,0.000791,-0.037134,0.000631,0.00091
0,0.055964,-0.046663,0.032761,-0.113501,0.079466,-0.146448,0.000977,0.000814
0,-0.025253,-0.037087,-0.067891,-0.00661,-0.06226,0.039789,0.000441,0.000647
0,0.130659,0.062746,0.182711,0.079932,0.206806,0.109729,0.00228,0.001095
0,0.008558,0.031178,-0.136586,-0.054903,-0.176192,-0.083074,0.000149,0.000544
0,-0.129471,0.097906,-0.109852,0.086127,-0.091699,0.08219,0.00226,0.001709
0,-0.019585,0.031789,0.115053,-0.069573,0.151479,-0.045684,0.000342,0.000555
0,-0.053672,-0.13152,-0.017676,-0.178369,-0.006747,-0.205726,0.000937,0.002295
0,0.028931,-0.047692,0.082521,0.07387,0.098972,0.084404,0.000505,0.000832
0,0.038188,0.078347,-0.00464,0.155063,-0.031322,0.11679,0.000667,0.001367
0,0.089485,-0.107768,0.069517,-0.198056,0.118984,-0.201216,0.001562,0.001881
0,-0.016856,0.051328,-0.13324,0.158616,-0.171289,0.176369,0.000294,0.000896
0,0.127557,-0.148429,0.155115,-0.171363,0.199188,-0.182508,0.002226,0.002591
0,0.199354,0.06961,0.076527,0.195007,0.061336,0.244875,0.002138,0.001215
0,0.027856,0.065388,-0.165675,-0.022093,-0.174356,0.020223,0.000486,0.001141
0,-0.078775,-0.029433,-0.116252,-0.118979,-0.097124,-0.150957,0.001375,0.000514
0,-0.065826,0.132925,0.025732,0.161658,0.047286,0.185047,0.001149,0.00232
0,0.03866,0.118777,0.08393,-0.036359,0.068826,-0.001137,0.000675,0.002073
0,0.126823,0.026795,0.075672,-0.100458,0.053687,-0.097313,0.002213,0.000468
0,0.026382,0.055679,-0.102495,0.026809,-0.053287,0.03589,0.00046,0.000972
0,0.114625,-0.042442,0.11145,-0.093739,0.079493,-0.125738,0.002001,0.000741
0,0.096061,-0.053004,-0.022214,-0.027489,0.008616,-0.000625,0.001677,0.000925
0,-0.035021,0.162698,-0.121277,0.186954,-0.108177,0.167512,0.000611,0.002778
0,0.00204,0.101761,0.011839,-0.048992,0.001797,-0.098821,3.6e-05,0.001776
0,0.02888,-0.146021,0.018016,-0.24088,0.052244,-0.222178,0.000504,0.002549
0,-0.120133,-0.088473,-0.176464,0.067334,-0.2111,0.065409,0.002097,0.001544
0,0.006567,-0.047307,0.131161,0.055762,0.137351,0.097908,0.000115,0.000826
0,0.017097,0.028828,-0.014276,0.097335,0.01335,0.109331,0.000298,0.000503
0,-0.173431,0.051011,-0.209992,0.009828,-0.230413,-0.01118,0.002591,0.00089
0,0.119464,0.142927,0.26999,0.108273,0.259419,0.102843,0.002085,0.002495
0,-0.058289,0.073332,-0.168788,-0.056773,-0.125551,-0.013333,0.001017,0.00128
0,-0.124633,-0.087432,-0.088999,-0.175097,-0.135024,-0.170223,0.002175,0.001526
0,-0.057042,0.091102,0.055044,0.204042,0.054734,0.167179,0.000996,0.00159
0,-0.118773,0.071683,-0.084382,-0.046101,-0.040654,-0.00195,0.002073,0.001251
0,-0.214269,0.136335,-0.123024,0.067442,-0.106108,0.028407,0.001878,0.002379
0,-0.058751,-0.086512,0.152658,-0.235181,0.116582,-0.273562,0.001025,0.00151
0,-0.113363,0.174063,-0.04188,0.252704,-0.0194,0.222265,0.001979,0.00258
0,-0.06962,0.10052,0.020524,-0.054744,0.036326,-0.103244,0.001215,0.001754
0,0.040815,-0.017816,0.102744,-0.091501,0.147292,-0.098777,0.000712,0.000311
0,-0.121126,0.02946,-0.152914,0.044004,-0.129977,0.012177,0.002114,0.000514
0,-0.081994,-0.100873,0.031958,-0.105772,0.014788,-0.130085,0.001431,0.001761
0,-0.136376,0.087518,-0.064731,0.171703,-0.111489,0.189324,0.00238,0.001527
0,0.027717,-0.066914,0.191996,-0.183051,0.212937,-0.179942,0.000484,0.001168
0,-0.231592,0.115637,-0.285076,0.186046,-0.269317,0.146467,0.001575,0.002018
0,-0.043768,-0.090491,0.159344,-0.223906,0.141317,-0.249457,0.000764,0.001579
0,-0.11817,0.092951,-0.046736,0.208982,-0.065772,0.234991,0.002062,0.001622
0,-0.143673,0.128168,-0.015211,0.050732,-0.053047,0.01708,0.002508,0.002237
0,-0.201866,0.033912,-0.036275,-0.065978,-0.043437,-0.062379,0.002094,0.000592
0,-0.220524,-0.112395,-0.007084,-0.138508,0.021957,-0.119414,0.001769,0.001962
0,-0.261127,-0.108744,-0.038097,0.030568,-0.078575,0.008163,0.00106,0.001898
0,-0.246394,-0.017721,0.016101,0.080991,0.04619,0.112448,0.001317,0.000309
0,-0.171182,0.015525,0.099555,0.027253,0.137227,-0.019701,0.00263,0.000271
0,0.04065,0.119829,0.198185,0.084343,0.203303,0.103891,0.000709,0.002091
0,-0.053524,0.052858,-0.082828,-0.092422,-0.12148,-0.124602,0.000934,0.000923
0,0.002572,0.079524,0.04582,0.029932,0.094575,0.011397,4.5e-05,0.001388
0,0.086685,-0.076232,0.059594,-0.160837,0.060361,-0.185612,0.001513,0.00133
0,-0.078908,0.169028,-0.136572,0.24681,-0.123194,0.205294,0.001377,0.002667
0,0.064516,-0.010221,0.141742,-0.17774,0.110269,-0.165621,0.001126,0.000178
0,-0.008779,0.018938,-0.093944,0.009978,-0.080278,-0.020129,0.000153,0.000331
0,-0.014466,0.052876,-0.019216,0.018108,-0.054912,0.017499,0.000252,0.000923
0,-0.171689,-0.009399,-0.134657,-0.054826,-0.112379,-0.023271,0.002621,0.000164
0,-0.1785,0.003276,0.021277,0.016733,0.032047,-0.007885,0.002502,5.7e-05
0,0.094636,0.096644,0.280692,0.095944,0.285635,0.058678,0.001652,0.001687
0,-0.102523,0.050299,-0.195089,-0.042661,-0.241756,-0.041369,0.001789,0.000878
0,0.034858,0.036433,0.122943,-7.8e-05,0.115266,0.021778,0.000608,0.000636
0,-0.139996,-0.038746,-0.186752,-0.056812,-0.20786,-0.089841,0.002443,0.000676
0,-0.032173,0.137853,0.120018,0.19024,0.105089,0.162724,0.000562,0.002406
0,0.077079,0.173122,0.096677,0.039686,0.085901,0.077865,0.001345,0.002596
0,0.121479,0.024509,0.042561,-0.148234,0.08685,-0.118781,0.00212,0.000428
0,-0.111512,-0.023895,-0.243538,-0.068768,-0.253567,-0.087578,0.001946,0.000417
0,0.006209,-0.006516,0.123009,-0.005548,0.088008,0.012141,0.000108,0.000114
0,0.057401,-0.010342,0.054298,0.001712,0.01281,0.038674,0.001002,0.00018
0,0.092874,-0.110303,0.022737,-0.117575,0.048488,-0.072988,0.001621,0.001925
0,0.03044,0.132591,-0.050494,0.257505,-0.005336,0.288173,0.000531,0.002314
0,-0.02683,0.039138,-0.056671,-0.082878,-0.017803,-0.094344,0.000468,0.000683
0,-0.024318,0.017108,0.023635,-0.039606,0.022429,-0.075293,0.000424,0.000299
0,-0.09726,0.052068,-0.097271,0.063504,-0.087073,0.071429,0.001698,0.000909
0,-0.145206,-0.024918,-0.036975,-0.075045,-0.085355,-0.047205,0.002534,0.000435
0,0.16076,0.005217,0.305238,0.010059,0.293019,0.034757,0.002806,9.1e-05
0,0.014132,0.009482,-0.128207,-0.00065,-0.125293,0.048547,0.000247,0.000165
0,0.122451,0.011334,0.091488,0.007074,0.072436,-0.015031,0.002137,0.000198
0,-0.096119,0.163981,-0.246974,0.147997,-0.198958,0.10889,0.001678,0.002756
0,0.01895,0.146644,0.141306,0.010715,0.103835,0.047673,0.000331,0.002559
0,-0.177673,-0.034771,-0.20855,-0.201269,-0.17906,-0.227545,0.002517,0.000607
0,0.029628,-0.001917,0.17797,0.051339,0.226454,0.074028,0.000517,3.3e-05
0,-0.128961,0.109236,-0.148042,0.091428,-0.115457,0.061081,0.002251,0.001907
0,-0.132115,0.055869,0.025311,-0.07783,0.072985,-0.04681,0.002306,0.000975
0,-0.036829,0.038224,0.109876,0.00318,0.150026,0.019434,0.000643,0.000667
0,0.023325,0.195727,0.033368,0.185123,0.008306,0.135429,0.000407,0.002201
0,-0.220818,0.143094,-0.245678,-0.045413,-0.235399,-0.025237,0.001764,0.002497
0,-0.055857,-0.005467,0.160431,-0.171591,0.196466,-0.145339,0.000975,9.5e-05
0,-0.207344,0.056995,-0.161722,0.082236,-0.172055,0.081747,0.001999,0.000995
0,-0.109167,0.063861,0.073394,0.033779,0.113577,0.070906,0.001905,0.001115
0,0.064734,-0.061164,0.14853,-0.115784,0.155573,-0.082311,0.00113,0.001068
0,-0.068174,-0.039974,-0.113737,-0.006733,-0.071365,0.041189,0.00119,0.000698
0,-0.073628,-0.084768,0.019366,-0.053834,0.004451,-0.098656,0.001285,0.001479
0,-0.106412,0.046537,-0.055391,0.128541,-0.019139,0.12892,0.001857,0.000812
0,-0.075816,0.14435,0.042681,0.075379,-0.000587,0.118173,0.001323,0.002519
0,-0.187192,0.119459,-0.111801,-0.013814,-0.122908,-0.032438,0.00235,0.002085
0,0.033798,0.094029,0.196773,-0.009815,0.162679,-0.01662,0.00059,0.001641
0,-0.007446,0.111223,-0.033568,0.02736,-0.010308,0.041802,0.00013,0.001941
0,-0.006606,0.118415,-0.003172,-0.013536,0.020036,0.005175,0.000115,0.002067
0,-0.00436,0.017434,-0.026164,-0.102065,-0.061876,-0.12079,7.6e-05,0.000304
0,-0.111095,0.000623,-0.120226,-0.041499,-0.110976,-0.067124,0.001939,1.1e-05
0,-0.206339,0.101503,-0.085551,0.113781,-0.04074,0.099575,0.002016,0.001772
0,-0.002267,-0.100882,0.218592,-0.211611,0.261411,-0.178605,4e-05,0.001761
0,-0.07437,-0.104794,-0.078304,-0.017002,-0.106012,0.017471,0.001298,0.001829
0,-0.306159,-0.020482,-0.247312,0.059338,-0.207048,0.04096,0.000274,0.000357
0,-0.141498,0.023318,0.14487,0.036539,0.111222,0.076769,0.00247,0.000407
0,-0.011686,-0.14725,0.154815,-0.17312,0.180391,-0.207688,0.000204,0.00257
0,-0.201923,-0.006078,-0.192502,0.129455,-0.240848,0.110961,0.002093,0.000106
0,-0.149043,-0.085487,0.082235,-0.093083,0.124946,-0.085373,0.002601,0.001492
0,-0.336925,-0.707571,-0.191586,-0.64873,-0.218143,-0.609696,0.000263,0.001114
0,-0.305021,-1.123011,0.023922,-0.389892,0.031949,-0.400824,0.000294,0.002748
0,-0.395154,-1.189507,-0.086134,-0.04978,-0.058829,-0.007269,0.001279,0.001709
0,-0.427213,-0.983519,-0.026188,0.235681,-0.065974,0.209169,0.001839,0.000313
0,-0.411663,-0.828083,-0.000973,0.151449,0.017054,0.187429,0.001567,0.0024
0,-0.129318,-0.782457,0.281446,0.036535,0.304528,0.027619,0.002257,0.002421
0,-0.233043,-0.776412,-0.127838,0.004299,-0.160341,0.001944,0.00155,0.002316
0,-0.187665,-0.562806,0.04183,0.225539,0.058303,0.248171,0.002342,0.001412
0,-0.09284,-0.326472,0.073476,0.219164,0.04279,0.240484,0.00162,8e-05
0,-0.04838,0.021599,0.045603,0.345617,0.067588,0.322985,0.000844,0.000377
0,-0.014887,-0.030716,0.046189,-0.0284,0.014136,-0.002021,0.00026,0.000536
0,-0.129941,0.422017,-0.112959,0.471817,-0.072156,0.453534,0.002268,0.001748
0,-0.201691,0.707989,-0.099222,0.295132,-0.093175,0.285221,0.002097,0.001122
0,-0.398907,0.816999,-0.193835,0.111456,-0.160635,0.132225,0.001345,0.002593
0,-0.353086,0.835737,0.0644,-0.010292,0.037131,0.036711,0.000545,0.002266
0,-0.418425,0.870228,-0.087925,0.009876,-0.057493,0.014016,0.001685,0.001664
0,-0.244464,0.744365,0.151803,-0.127034,0.169674,-0.081933,0.001351,0.001757
0,-0.074647,0.682221,0.164101,-0.043451,0.120853,-0.059881,0.001303,0.000672
0,-0.060644,0.784592,0.014497,0.112129,-0.007541,0.15302,0.001058,0.002459
0,-0.202425,0.476279,-0.15284,-0.327407,-0.147866,-0.326608,0.002085,0.002695
0,-0.185164,0.235486,-0.003306,-0.220778,0.02072,-0.194362,0.002386,0.001507
0,-0.15975,0.196614,-0.003239,-0.053587,0.030862,-0.039392,0.002788,0.002186
0,0.062812,-0.041661,0.224497,-0.237764,0.194029,-0.247732,0.001096,0.000727
0,0.183202,-0.114531,0.092373,-0.051033,0.045812,-0.09235,0.00242,0.001999
0,0.190382,-0.014293,-0.011211,0.130157,-0.060164,0.099295,0.002295,0.000249
0,-0.14282,-0.202529,-0.311868,-0.173761,-0.330607,-0.173218,0.002493,0.002083
0,-0.064322,-0.030301,0.107428,0.195874,0.091734,0.217618,0.001123,0.000529
0,0.111988,-0.037337,0.194091,-0.00722,0.187742,-0.026001,0.001955,0.000652
0,-0.119787,0.103019,-0.223054,0.122661,-0.271795,0.126319,0.002091,0.001798
0,-0.151914,-0.151129,-0.005532,-0.283089,-0.007754,-0.272913,0.002651,0.002638
0,-0.075174,-0.090634,0.053386,0.038875,0.030472,-0.004228,0.001312,0.001582
0,-0.164871,-0.092853,-0.090887,0.026167,-0.130081,-0.023764,0.00274,0.001621
0,-0.0991,0.039591,0.056549,0.10697,0.018399,0.083464,0.00173,0.000691
0,-0.028894,-0.043777,0.043416,-0.11097,0.017176,-0.077158,0.000504,0.000764
0,-0.081759,0.11518,-0.055585,0.182074,-0.009441,0.151052,0.001427,0.00201
0,-0.042346,-0.077385,0.027952,-0.16653,-0.007073,-0.214589,0.000739,0.001351
0,0.059199,0.058759,0.106824,0.127288,0.094862,0.118741,0.001033,0.001026
0,0.115144,-0.148586,0.058051,-0.234717,0.094541,-0.202963,0.00201,0.002593
0,0.077333,0.107411,-0.040668,0.275454,-0.086387,0.27005,0.00135,0.001875
0,0.055835,-0.103133,-0.029847,-0.239995,-0.027487,-0.243715,0.000975,0.0018
0,0.014983,0.044993,-0.016908,0.163453,0.017658,0.120705,0.000262,0.000785
0,-0.047692,-0.156472,-0.048098,-0.209775,-0.015745,-0.167152,0.000832,0.002731
0,-0.037166,-0.149041,0.012404,0.014924,0.035887,-0.004213,0.000649,0.002601
0,0.027313,-0.130802,0.068133,-0.009982,0.055114,-0.055908,0.000477,0.002283
0,0.059602,0.117664,0.060616,0.219856,0.020848,0.221088,0.00104,0.002054
0,-0.102154,0.025835,-0.186623,-0.086077,-0.169408,-0.062332,0.001783,0.000451
0,-0.102237,-0.094665,-0.016654,-0.099094,0.008659,-0.128707,0.001784,0.001652
0,0.00964,0.052273,0.102408,0.12273,0.13252,0.088158,0.000168,0.000912
0,0.089123,-0.076008,0.073856,-0.122396,0.050067,-0.160645,0.001555,0.001327
0,-0.100415,0.117782,-0.180034,0.172292,-0.186626,0.164759,0.001753,0.002056
0,0.082912,-0.014938,0.166555,-0.115866,0.189996,-0.088739,0.001447,0.000261
0,0.115491,0.083806,0.038206,0.090441,-0.004732,0.133834,0.002016,0.001463
0,0.099731,0.097687,-0.013943,0.04157,0.014468,0.0424,0.001741,0.001705
0,0.082864,-0.034733,-0.020278,-0.153166,-0.022289,-0.142526,0.001446,0.000606
0,-0.054569,-0.062083,-0.118688,-0.056776,-0.15655,-0.079502,0.000952,0.001084
0,-0.033365,0.01188,0.016502,0.083763,0.046687,0.078582,0.000582,0.000207
0,0.108618,0.072321,0.169191,0.068405,0.18829,0.089562,0.001896,0.001262
0,0.022682,-0.163295,-0.060354,-0.256872,-0.053536,-0.244291,0.000396,0.002767
0,-0.086061,-0.076232,-0.115133,0.100032,-0.141959,0.099104,0.001502,0.00133
0,-0.039888,-0.058447,0.068493,0.023603,0.05596,0.033483,0.000696,0.00102
0,-0.20617,0.041349,-0.167308,0.079603,-0.151766,0.065998,0.002019,0.000722
0,-0.14896,0.012411,0.045672,-0.007232,0.038165,-0.046526,0.0026,0.000217
0,0.048757,-0.115186,0.187203,-0.152728,0.175657,-0.155806,0.000851,0.00201
0,-0.040426,-0.132304,-0.073147,-0.03264,-0.114136,0.009381,0.000706,0.002309
0,-0.032844,0.074646,0.036789,0.21353,0.019008,0.181183,0.000573,0.001303
0,-0.041452,-0.134378,-0.010073,-0.185237,-0.058847,-0.135275,0.000723,0.002345
0,-0.001185,-0.013231,0.04507,0.120287,0.079677,0.138553,2.1e-05,0.000231
0,0.031781,-0.105106,0.030508,-0.11454,0.077786,-0.125748,0.000555,0.001834
0,0.100475,-0.086982,0.075168,0.033625,0.071461,0.01125,0.001754,0.001518
0,0.110815,0.056065,0.003436,0.129055,-0.032567,0.154506,0.001934,0.000979
0,0.005223,0.061176,-0.10883,-0.015589,-0.157827,-0.048799,9.1e-05,0.001068
0,-0.066417,0.14423,-0.098103,0.077831,-0.083318,0.028126,0.001159,0.002517
0,-0.082691,-0.056244,-0.005701,-0.175259,0.034129,-0.187642,0.001443,0.000982
0,-1.524179,0.962458,-1.436514,1.032862,-1.403322,1.007576,0.001486,5.4e-05
0,-3.287345,1.058916,-1.753961,0.088911,-1.787369,0.059037,0.0012,0.001629
0,-3.210374,1.474237,0.098376,0.432148,0.091583,0.42957,0.000143,0.002357
0,-3.268377,1.455292,-0.047743,0.009611,-0.056932,-0.021415,0.000869,0.002688
0,-3.194806,1.270119,0.062253,-0.159553,0.059585,-0.168943,0.000415,0.000302
0,-2.885595,1.117405,0.309583,-0.154097,0.313984,-0.110173,0.000194,0.00265
0,-2.248586,0.884731,0.616054,-0.220257,0.641884,-0.187356,7.7e-05,0.001411
0,-1.596092,0.700316,0.637693,-0.203067,0.684203,-0.251199,0.00023,0.000988
0,-0.869692,0.459612,0.752431,-0.215324,0.73203,-0.257608,0.001674,0.002404
0,-0.755885,0.12694,0.102593,-0.357525,0.071285,-0.384104,0.001958,0.002216
0,-0.140947,-0.103678,0.592531,-0.211181,0.640287,-0.179852,0.00246,0.00181
0,0.167764,-0.036187,0.296052,0.045121,0.313229,0.075236,0.002689,0.000632
0,0.257318,-0.195229,0.067547,-0.181949,0.067771,-0.159442,0.001126,0.00221
0,0.444125,-0.234111,0.212672,-0.024135,0.241647,-0.04357,0.002134,0.001532
0,0.221953,-0.200038,-0.243314,0.006361,-0.227567,-0.023384,0.001744,0.002126
0,0.230688,0.053008,0.016305,0.276627,0.049151,0.265482,0.001591,0.000925
0,0.092293,0.128543,-0.129993,0.068214,-0.179745,0.093534,0.001611,0.002243
0,0.00592,0.000835,-0.115026,-0.112012,-0.067399,-0.087851,0.000103,1.5e-05
0,0.220253,0.05212,0.227855,0.05882,0.187245,0.076807,0.001773,0.00091
0,0.118892,0.18481,-0.122775,0.127944,-0.083494,0.080585,0.002075,0.002392
0,0.091132,0.036121,-0.040261,-0.16585,-0.053902,-0.136173,0.001591,0.00063
0,-0.056998,-0.140143,-0.161545,-0.181896,-0.139034,-0.161126,0.000995,0.002446
0,-0.081496,-0.024827,-0.03024,0.090027,-0.065514,0.098809,0.001422,0.000433
0,-0.084498,0.0141,0.02135,0.011629,0.050738,-0.016288,0.001475,0.000246
0,0.122937,0.038011,0.204079,0.004627,0.227762,0.032089,0.002146,0.000663
0,0.131379,0.011842,0.024674,-0.007822,0.04601,0.015851,0.002293,0.000207
0,-0.133832,0.102375,-0.254582,0.114047,-0.233404,0.114415,0.002336,0.001787
0,-0.085127,0.119139,0.060532,-0.011919,0.099935,-0.021843,0.001486,0.002079
0,-0.125389,-0.052082,-0.015517,-0.14768,0.00487,-0.159622,0.002188,0.000909
0,0.074337,0.079594,0.210504,0.158046,0.223443,0.160664,0.001297,0.001389
0,-0.111866,0.056609,-0.188399,-0.049818,-0.195638,-0.077917,0.001952,0.000988
0,0.074717,-0.089117,0.189661,-0.11934,0.198398,-0.157529,0.001304,0.001555
0,0.039124,0.062535,-0.063717,0.126811,-0.067677,0.140905,0.000683,0.001091
0,0.049982,0.111474,0.017671,0.068164,0.051163,0.08541,0.000872,0.001946
0,-0.162775,-0.157179,-0.193126,-0.278921,-0.195748,-0.266918,0.002777,0.002743
0,-0.15805,-0.194573,-0.003216,-0.032232,-0.039784,-0.02864,0.002758,0.002222
0,-0.104544,-0.082802,0.056846,0.107743,0.07839,0.081741,0.001825,0.001445
0,-0.221869,-0.023222,-0.136841,0.059911,-0.115298,0.015628,0.001745,0.000405
0,-0.042205,0.076309,0.176041,0.125153,0.131447,0.157264,0.000737,0.001332
0,-0.259599,-0.145147,-0.241042,-0.209413,-0.270011,-0.246276,0.001087,0.002533
0,-0.216467,-0.143915,0.069512,-0.009694,0.036019,-0.024521,0.001839,0.002512
0,-0.266715,0.01482,-0.038814,0.187605,-0.072463,0.140389,0.000962,0.000259
0,-0.228162,0.065384,0.010665,0.022409,0.035184,0.065021,0.001635,0.001141
0,-0.299258,-0.019954,-0.045929,-0.06227,-0.05847,-0.03658,0.000394,0.000348
0,-0.079183,-0.065843,0.243784,-0.070914,0.244302,-0.041392,0.001382,0.001149
0,-0.239575,0.098822,-0.147285,0.142608,-0.142995,0.096923,0.001436,0.001725
0,-0.261014,0.021488,0.00684,-0.07052,0.008892,-0.025166,0.001062,0.000375
0,-0.098142,-0.050358,0.139415,-0.099919,0.174456,-0.086797,0.001713,0.000879
0,-0.12659,-0.102873,-0.046762,-0.080337,-0.072148,-0.089342,0.002209,0.001795
0,-0.118461,-0.173844,-0.014925,-0.090468,-0.052171,-0.080161,0.002068,0.002583
0,0.068337,0.093162,0.211535,0.245602,0.216162,0.204246,0.001193,0.001626
0,-0.091493,-0.080862,-0.153829,-0.160117,-0.192843,-0.118743,0.001597,0.001411
0,0.12719,0.06189,0.190546,0.141033,0.179963,0.112445,0.00222,0.00108
0,1.225724,-0.284449,1.072572,-0.357122,1.109302,-0.350288,0.001077,0.000653
0,1.49408,-0.327784,0.276408,-0.037224,0.268066,-0.009005,0.002011,0.000103
0,1.45722,-0.342188,-0.012488,0.007878,0.031422,-0.010122,0.002654,0.000355
0,1.39628,-0.36741,-0.0747,-0.051414,-0.042494,-0.015048,0.0019,0.000795
0,1.11413,-0.395574,-0.289712,-0.032596,-0.253517,0.010748,0.002593,0.001287
0,0.847938,-0.280645,-0.277427,0.117779,-0.327425,0.093715,0.002053,0.000719
0,0.681481,-0.250456,-0.146515,0.018681,-0.177369,0.029588,0.000659,0.001246
0,0.510012,0.090806,-0.167206,0.317799,-0.183879,0.321538,0.002334,0.001585
0,0.425264,-0.100772,-0.114613,-0.162562,-0.122558,-0.118249,0.001805,0.001759
0,0.372081,0.126796,-0.07097,0.21181,-0.043221,0.234567,0.000877,0.002213
0,0.233557,0.124972,-0.164552,-0.028978,-0.124213,-0.04853,0.001541,0.002181
0,0.141027,-0.008924,-0.087677,-0.149519,-0.112495,-0.18235,0.002461,0.000156
0,0.247362,0.176168,0.107389,0.176421,0.090793,0.192135,0.0013,0.002543
0,-0.049921,-0.016187,-0.294057,-0.203282,-0.292898,-0.20568,0.000871,0.000283
0,0.015255,0.133206,0.056311,0.177913,0.054185,0.197187,0.000266,0.002325
0,-0.014246,0.106779,-0.029188,-0.046966,-0.055626,-0.060232,0.000249,0.001864
0,-0.046979,-0.068319,-0.03333,-0.147367,-0.037317,-0.129744,0.00082,0.001192
0,0.131855,-0.076729,0.149312,-0.037255,0.16279,-0.001844,0.002301,0.001339
0,-0.165454,0.039571,-0.271968,0.126325,-0.231401,0.0766,0.00273,0.000691
0,0.009997,0.095962,0.153832,0.067914,0.13891,0.026247,0.000174,0.001675
0,-0.008152,0.14275,-0.033687,0.066278,-0.079957,0.055008,0.000142,0.002491
0,-0.07387,-0.056574,-0.068915,-0.224135,-0.047252,-0.249425,0.001289,0.000987
0,0.039372,0.0315,0.093531,0.115659,0.134441,0.095539,0.000687,0.00055
0,0.153592,-0.134151,0.140185,-0.17872,0.09108,-0.169565,0.002681,0.002341
0,-0.027899,0.077837,-0.188375,0.222053,-0.165603,0.19551,0.000487,0.001359
0,0.197105,0.124511,0.228469,0.069431,0.247744,0.091661,0.002177,0.002173
0,-0.119321,0.114942,-0.290506,-0.019399,-0.26624,-0.047555,0.002083,0.002006
0,-0.068493,0.129521,0.033909,0.024361,0.05002,-0.009925,0.001195,0.002261
0,-0.146978,0.123625,-0.107457,0.000925,-0.091569,0.04097,0.002565,0.002158
0,0.067234,0.019111,0.204434,-0.134287,0.163703,-0.143155,0.001173,0.000334
0,0.064472,0.139672,-0.013962,0.139377,-0.063854,0.161333,0.001125,0.002438
0,0.067028,0.046944,-0.019177,-0.107514,0.019155,-0.066056,0.00117,0.000819
0,0.116188,-0.141569,0.040703,-0.193206,0.084843,-0.177758,0.002028,0.002471
0,-0.158818,-0.064021,-0.270882,0.103876,-0.283908,0.128027,0.002772,0.001117
0,-0.013238,0.037499,0.136648,0.094124,0.156453,0.084096,0.000231,0.000654
0,-0.184547,-0.137801,-0.143217,-0.18521,-0.129956,-0.166486,0.002397,0.002405
0,-0.006521,-0.060605,0.160359,0.10267,0.131278,0.110166,0.000114,0.001058
0,0.08203,0.122467,0.084926,0.209967,0.108587,0.182342,0.001432,0.002137
0,0.131429,-0.046811,0.019541,-0.19764,0.059445,-0.229785,0.002294,0.000817
0,-0.003706,0.126818,-0.128873,0.170543,-0.126385,0.174334,6.5e-05,0.002213
0,0.047398,0.0055,0.024564,-0.125086,-0.025228,-0.173218,0.000827,9.6e-05
0,0.052544,-0.135543,-0.011539,-0.158838,0.012595,-0.125373,0.000917,0.002366
0,-0.023612,0.034779,-0.083772,0.194831,-0.035042,0.213796,0.000412,0.000607
0,0.01772,-0.172532,0.021399,-0.187131,0.053836,-0.222271,0.000309,0.002606
0,0.012335,-0.107017,0.005307,0.079269,-0.016277,0.070077,0.000215,0.001868
0,-0.087596,0.010847,-0.083687,0.089597,-0.035907,0.054326,0.001529,0.000189
0,-0.014494,-0.001259,0.089195,-0.038074,0.102129,-0.040985,0.000253,2.2e-05
0,-0.016141,-0.120769,-0.010216,-0.097541,-0.051136,-0.091451,0.000282,0.002108
0,-0.099584,-0.081644,-0.062986,0.041263,-0.078832,0.048042,0.001738,0.001425
0,-0.122265,-0.138857,0.004791,-0.03025,-0.020384,-0.006618,0.002134,0.002424
0,0.011965,-0.064704,0.14797,0.046636,0.165405,0.04196,0.000209,0.001129
0,-0.011532,-0.12509,-0.013669,-0.088106,-0.036732,-0.077258,0.000201,0.002183
0,-0.079524,-0.053635,-0.039836,0.061283,-0.067245,0.096657,0.001388,0.000936
0,-0.230264,-0.033533,-0.167461,0.0428,-0.200045,0.030807,0.001599,0.000585
0,-0.173087,-0.068857,0.056526,-0.023519,0.050324,-0.051076,0.002597,0.001202
0,-0.278766,-0.029049,-0.089969,0.039536,-0.07704,0.066354,0.000752,0.000507
0,-0.153064,-0.113289,0.099824,-0.056342,0.080546,-0.079483,0.002671,0.001977
0,-0.165061,0.070511,-0.014912,0.160359,-0.043579,0.174784,0.002737,0.001231
0,0.112094,0.073557,0.267592,0.002886,0.307834,0.014672,0.001956,0.001284
0,-0.058964,0.107854,-0.196192,0.023216,-0.209707,0.019722,0.001029,0.001882
0,-0.104461,-0.079134,-0.062936,-0.21521,-0.050943,-0.207457,0.001823,0.001381
0,-0.013399,0.158475,0.111051,0.225857,0.147146,0.193919,0.000234,0.002766
0,0.031538,-0.080617,0.01824,-0.230193,0.029462,-0.197294,0.00055,0.001407
0,0.089331,0.181252,0.063888,0.242389,0.056545,0.240771,0.001559,0.002454
0,0.276865,0.126444,0.183985,-0.080551,0.185574,-0.067805,0.000785,0.002207
0,-0.005756,0.184711,-0.275107,0.038116,-0.302346,0.015396,0.0001,0.002394
0,-0.058567,-0.050824,-0.079998,-0.243429,-0.094355,-0.248658,0.001022,0.000887
0,0.129888,-0.009955,0.188176,0.040976,0.184062,0.046936,0.002267,0.000174
0,0.04232,-0.041074,-0.085589,-0.05792,-0.063707,-0.08957,0.000739,0.000717
0,0.071948,0.054081,0.048599,0.119831,0.051545,0.089813,0.001256,0.000944
0,0.206063,0.145341,0.158061,0.085797,0.126568,0.100465,0.002021,0.002537
0,0.060827,0.027748,-0.144395,-0.144844,-0.18993,-0.109701,0.001062,0.000484
0,0.224631,0.00117,0.186416,-0.014086,0.234363,-0.015444,0.001697,2e-05
0,0.133906,0.026124,-0.118478,0.014468,-0.112018,0.024398,0.002337,0.000456
0,0.012754,0.138536,-0.095372,0.101569,-0.144486,0.126573,0.000223,0.002418
0,0.145668,-0.020415,0.112423,-0.179237,0.158702,-0.222275,0.002542,0.000356
0,0.26634,-0.165778,0.133369,-0.130321,0.102185,-0.151275,0.000969,0.002724
0,0.104806,-0.093033,-0.164884,0.073851,-0.20169,0.034019,0.001829,0.001624
0,0.241338,-0.06538,0.126988,0.027409,0.175255,0.045542,0.001405,0.001141
0,0.129264,-0.1504,-0.092281,-0.068313,-0.047327,-0.048111,0.002256,0.002625
0,0.098337,-0.109039,-0.012768,0.031175,-0.042137,0.063956,0.001716,0.001903
0,-0.036143,0.069872,-0.105065,0.187528,-0.146923,0.202813,0.000631,0.001219
0,0.122876,-0.116324,0.181265,-0.189164,0.219304,-0.227739,0.002145,0.00203
0,-0.004406,-0.116234,-0.136252,-0.019743,-0.160351,-0.067396,7.7e-05,0.002029
0,0.101318,-0.038199,0.122591,0.082431,0.125091,0.050776,0.001768,0.000667
0,0.077544,-0.049609,-0.03652,-0.035761,-0.067208,0.009961,0.001353,0.000866
0,0.122317,-0.096804,0.049703,-0.074444,0.073407,-0.055462,0.002135,0.00169
0,0.115985,0.079322,-0.004936,0.179138,-0.042062,0.225415,0.002024,0.001384
0,0.047109,-0.058335,-0.096223,-0.162069,-0.105967,-0.115536,0.000822,0.001018
0,0.159261,-0.148009,0.121946,-0.088721,0.154144,-0.100596,0.00278,0.002583
0,0.03397,-0.152063,-0.144711,0.013133,-0.133757,0.000876,0.000593,0.002654
0,0.074734,0.117329,0.04582,0.246411,0.075297,0.235874,0.001304,0.002048
0,-0.107421,-0.073226,-0.203384,-0.186146,-0.219292,-0.235504,0.001875,0.001278
0,0.094695,0.086032,0.189282,0.165382,0.226361,0.154205,0.001653,0.001502
0,0.108261,0.039035,0.041782,-0.026855,0.076191,0.000127,0.00189,0.000681
0,0.176397,-0.069701,0.050007,-0.130263,0.029781,-0.170866,0.002539,0.001217
0,0.130019,-0.067916,-0.064498,-0.019469,-0.029138,-0.025454,0.002269,0.001185
0,0.020655,-0.067517,-0.126419,-0.019195,-0.129721,0.020062,0.00036,0.001178
0,0.186392,0.096841,0.185662,0.163619,0.21188,0.128062,0.002364,0.00169
0,0.226367,-0.065756,0.052853,-0.173146,0.072488,-0.172738,0.001667,0.001148
0,0.038819,-0.025965,-0.191309,0.050292,-0.162554,0.018588,0.000678,0.000453
0,0.008889,0.084679,-0.054733,0.095406,-0.033878,0.133682,0.000155,0.001478
0,-0.027787,0.146333,-0.046842,0.038516,-0.029477,0.028712,0.000485,0.002554
0,0.115087,-0.007602,0.151543,-0.129927,0.108543,-0.145241,0.002009,0.000133
0,0.200997,0.156703,0.088367,0.137253,0.049006,0.12477,0.002109,0.002735
0,0.07801,-0.010166,-0.106972,-0.140362,-0.151917,-0.139859,0.001362,0.000177
0,0.253046,-0.009405,0.171248,-0.012214,0.163948,-0.021161,0.001201,0.000164
0,0.06494,0.109155,-0.213311,0.105699,-0.233894,0.138762,0.001133,0.001905
0,0.239198,0.173135,0.193495,0.073617,0.174686,0.118312,0.001443,0.002596
0,0.024071,0.041217,-0.187906,-0.145139,-0.191991,-0.18573,0.00042,0.000719
0,-0.004308,0.147486,-0.012391,0.135534,-0.011098,0.150238,7.5e-05,0.002574
0,0.100587,0.044463,0.130837,-0.125606,0.104104,-0.077964,0.001756,0.000776
0,0.009515,0.164975,-0.063146,0.115533,-0.033632,0.128532,0.000166,0.002738
0,0.083463,-0.001654,0.081783,-0.185187,0.065154,-0.226285,0.001457,2.9e-05
0,-0.075877,-0.059502,-0.156708,-0.068811,-0.12544,-0.094755,0.001324,0.001038
0,0.191892,0.123397,0.243977,0.161298,0.286907,0.154709,0.002268,0.002154
0,-0.020649,0.041741,-0.186614,-0.088024,-0.188654,-0.06298,0.00036,0.000729
0,-0.06994,0.07734,-0.053023,0.006826,-0.038541,0.056767,0.001221,0.00135
0,0.170853,0.030053,0.247484,-0.076279,0.273774,-0.111199,0.002636,0.000525
0,0.13725,-0.147806,-0.03501,-0.177352,-0.004931,-0.220681,0.002395,0.00258
0,-0.061211,0.139987,-0.226326,0.300224,-0.261765,0.253064,0.001068,0.002443
0,0.161583,0.128748,0.200077,0.004346,0.182948,0.002485,0.002797,0.002247
0,0.017907,-0.112714,-0.125771,-0.264861,-0.151825,-0.289905,0.000313,0.001967
0,0.044361,0.050927,-0.000307,0.183546,-0.002824,0.179485,0.000774,0.000889
0,0.110353,-0.166702,0.056983,-0.18826,0.019423,-0.154877,0.001926,0.002708
0,0.058073,0.018273,-0.053075,0.210253,-0.0332,0.213649,0.001014,0.000319
0,0.045725,-0.018007,-0.02962,-0.03456,-0.010081,-0.01012,0.000798,0.000314
0,-0.139379,-0.064569,-0.196434,-0.044894,-0.20176,-0.081248,0.002433,0.001127
0,0.070803,-0.047689,0.235445,0.016693,0.218068,-0.020287,0.001236,0.000832
0,-0.11132,-0.002981,-0.161903,0.016798,-0.156152,-0.024785,0.001943,5.2e-05
0,0.156534,-0.068775,0.239835,-0.046214,0.194676,-0.016059,0.002732,0.0012
0,0.184142,-0.219698,0.020758,-0.166319,-0.012232,-0.210678,0.002404,0.001783
0,0.119181,-0.06175,-0.043759,0.16663,-0.002442,0.172254,0.00208,0.001078
0,0.003458,-0.259327,-0.099274,-0.193346,-0.069795,-0.183762,6e-05,0.001091
0,0.061761,-0.052704,0.082789,0.227223,0.125426,0.272346,0.001078,0.00092
0,0.132257,0.0321,0.070144,0.098078,0.026984,0.144975,0.002308,0.00056
0,-0.101269,0.121887,-0.207448,0.078229,-0.220381,0.044959,0.001767,0.002127
0,-0.680933,1.086832,-0.56156,0.966506,-0.569251,0.937485,0.00065,0.002116
0,-0.852914,1.256188,-0.151379,0.172171,-0.150843,0.162428,0.001966,0.000545
0,-0.873527,1.13549,-0.042899,-0.13252,-0.075149,-0.087875,0.001607,0.002652
0,-0.638342,0.845768,0.238939,-0.314081,0.218657,-0.34671,9.4e-05,0.002091
0,-0.538567,0.562927,0.112306,-0.304082,0.130204,-0.297685,0.001835,0.00141
0,-0.660879,0.369364,-0.118596,-0.221365,-0.12275,-0.211944,0.000299,0.000829
0,-0.403688,0.281363,0.233603,-0.08815,0.270235,-0.040869,0.001428,0.000707
0,-0.408036,0.241708,-0.017217,-0.031884,0.00724,-0.063126,0.001504,0.001399
0,-0.373808,-0.015589,0.023376,-0.273562,0.037058,-0.313505,0.000907,0.000272
0,-0.076265,-0.034047,0.288136,-0.010761,0.241615,-0.008636,0.001331,0.000594
0,0.045219,-0.13358,0.14334,-0.121773,0.165474,-0.150922,0.000789,0.002331
0,-0.07269,-0.041338,-0.143943,0.09587,-0.181002,0.089146,0.001269,0.000721
0,0.108624,-0.087341,0.181209,-0.074226,0.152132,-0.061679,0.001896,0.001524
0,-0.056591,-0.080577,-0.14597,-0.016879,-0.120009,0.032496,0.000988,0.001406
0,-0.008431,-0.052836,0.064796,0.05423,0.074211,0.098438,0.000147,0.000922
0,0.044184,-0.049742,0.048926,0.002305,0.041505,0.05009,0.000771,0.000868
0,0.031806,-0.097616,-0.004022,-0.073115,0.013676,-0.056238,0.000555,0.001704
0,0.079891,-0.260447,0.02662,-0.159402,-0.009181,-0.115443,0.001394,0.001072
0,0.178725,-0.09063,0.128763,0.14123,0.127898,0.181334,0.002498,0.001582
0,0.051368,-0.158205,-0.157208,-0.088358,-0.197101,-0.119025,0.000897,0.002761
0,0.02308,0.00172,-0.029635,0.149704,-0.041222,0.139946,0.000403,3e-05
0,-0.071511,-0.127446,-0.111904,-0.121264,-0.160628,-0.158711,0.001248,0.002224
0,-0.056246,-0.133741,0.041422,0.003851,0.086495,0.053437,0.000982,0.002334
0,-0.179408,0.016276,-0.115399,0.178022,-0.085979,0.187228,0.002486,0.000284
0,-0.097038,-0.177453,0.104791,-0.195166,0.096869,-0.193012,0.001694,0.00252
0,-0.011941,0.009282,0.108397,0.192381,0.097413,0.196353,0.000208,0.000162
0,0.091568,0.107738,0.110119,0.115347,0.07041,0.077027,0.001598,0.00188
0,-0.048916,0.182494,-0.1191,0.05723,-0.146402,0.055529,0.000854,0.002432
0,0.077446,-0.003179,0.109598,-0.169076,0.089802,-0.182988,0.001352,5.5e-05
0,0.121681,-0.085439,0.066789,-0.06181,0.100014,-0.032451,0.002124,0.001491
0,0.120192,0.092187,0.024363,0.156307,0.070766,0.115045,0.002098,0.001609
0,-0.088004,0.11752,-0.216249,0.016567,-0.227273,-0.003716,0.001536,0.002051
0,0.168759,0.084814,0.279766,-0.016028,0.317644,0.024749,0.002672,0.00148
0,0.099126,-0.067536,-0.062609,-0.133715,-0.089431,-0.172321,0.00173,0.001179
0,0.10641,0.126835,-0.018407,0.200332,-0.025348,0.225612,0.001857,0.002214
0,-0.030234,-0.097252,-0.108196,-0.220103,-0.12364,-0.190339,0.000528,0.001697
0,-0.060011,-0.100882,-0.01566,0.014322,0.033366,-0.011715,0.001047,0.001761
0,-0.089024,0.137778,-0.056792,0.230059,-0.019796,0.226216,0.001554,0.002405
0,0.159924,-0.082789,0.270899,-0.196861,0.277134,-0.151895,0.002791,0.001445
0,0.11976,-0.011483,-0.037989,0.05401,-0.083033,0.005005,0.00209,0.0002
0,0.125053,0.070997,-0.009919,0.099011,0.012534,0.107229,0.002183,0.001239
0,0.03793,0.03297,-0.061169,-0.063106,-0.055491,-0.089846,0.000662,0.000575
0,-0.045339,-0.121515,-0.109346,-0.163643,-0.063175,-0.198349,0.000791,0.002121
0,0.082326,0.095004,0.100804,0.227142,0.131297,0.231596,0.001437,0.001658
0,0.007574,-0.043794,-0.104,-0.120738,-0.138401,-0.135185,0.000132,0.000764
0,0.014256,-0.021134,-0.010779,0.023155,0.007187,0.053514,0.000249,0.000369
0,-0.088505,0.077058,-0.104812,0.084712,-0.119101,0.042454,0.001545,0.001345
0,-0.195203,0.130335,-0.086048,0.047707,-0.122607,0.005193,0.002211,0.002275
0,-0.203996,0.086742,0.000906,-0.019216,0.042086,-0.00255,0.002057,0.001514
0,-0.185688,0.062374,0.005065,-0.034724,0.031512,-0.004623,0.002377,0.001089
0,-0.246752,0.078727,-0.079483,0.032247,-0.09949,-0.00495,0.001311,0.001374
0,-0.213504,0.06414,0.021896,0.011001,0.009552,0.004244,0.001891,0.001119
0,-0.10468,0.046389,0.095526,-0.043429,0.141204,-0.048815,0.001827,0.00081
0,-0.18315,0.09858,-0.065394,0.067631,-0.069528,0.026517,0.002421,0.001721
0,-0.041434,0.160688,0.143061,0.051488,0.175702,0.094521,0.000723,0.002805
0,-0.027023,0.01511,0.040443,-0.166267,0.059914,-0.207327,0.000472,0.000264
0,-0.118252,-0.066919,-0.070596,-0.107884,-0.096282,-0.15427,0.002064,0.001168
0,0.138794,0.067214,0.267253,0.119429,0.311823,0.080534,0.002422,0.001173
0,-0.089926,0.143584,-0.220659,0.050306,-0.242052,0.068176,0.00157,0.002506
0,0.083461,0.071027,0.180696,-0.054664,0.188543,-0.10437,0.001457,0.00124
0,0.174043,0.046832,0.066044,-0.038574,0.023747,-0.079451,0.00258,0.000817
0,0.031578,0.017389,-0.143924,-0.034932,-0.142398,-0.072782,0.000551,0.000304
0,-0.056858,0.099359,-0.074907,0.092954,-0.066224,0.077487,0.000992,0.001734
0,0.189703,0.193899,0.254454,0.107704,0.30364,0.059276,0.002307,0.002233
0,0.049627,0.031177,-0.147247,-0.157664,-0.191246,-0.188042,0.000866,0.000544
0,0.005422,0.026794,-0.030088,0.016337,-0.02694,0.007142,9.5e-05,0.000468
0,-0.055184,0.029878,-0.041127,-0.015434,-0.075671,-0.032248,0.000963,0.000521
0,-0.10462,0.02653,-0.020954,0.014218,-0.024464,0.041508,0.001826,0.000463
0,-0.099418,0.082458,-0.024721,0.030892,-0.006868,0.075315,0.001735,0.001439
0,0.148506,0.083056,0.235592,-0.008397,0.252796,-0.030385,0.002592,0.00145
0,0.122208,0.077588,-0.046366,-0.008647,-0.012071,-0.004102,0.002133,0.001354
0,0.139856,0.082633,0.02769,-0.020414,0.014933,-0.009549,0.002441,0.001442
0,0.073227,-0.034823,-0.072178,-0.111641,-0.089147,-0.107893,0.001278,0.000608
0,0.236944,-0.03538,0.173535,-0.028744,0.219503,0.013315,0.001482,0.000618
0,0.048691,0.013139,-0.17554,0.0597,-0.184165,0.034772,0.00085,0.000229
0,0.139032,0.081823,0.113946,0.043032,0.139278,0.045395,0.002427,0.001428
0,0.116746,-0.005501,-0.003278,-0.098649,-0.033776,-0.059948,0.002038,9.6e-05
0,0.348559,0.095861,0.224354,0.117888,0.232138,0.108283,0.000466,0.001673
0,0.159359,0.057082,-0.200263,-0.02671,-0.17636,0.001019,0.002781,0.000996
0,0.280926,-0.114743,0.105157,-0.176836,0.145865,-0.15387,0.000714,0.002003
0,0.351826,-0.053199,0.084297,0.052411,0.097565,0.02531,0.000523,0.000928
0,0.239771,0.115883,-0.121095,0.14559,-0.071218,0.191167,0.001433,0.002023
0,0.07982,-0.141409,-0.154311,-0.258597,-0.17282,-0.237225,0.001393,0.002468
0,0.286291,0.004406,0.192949,0.133598,0.233636,0.160228,0.000621,7.7e-05
0,0.31463,-0.132646,0.057601,-0.159488,0.038627,-0.170544,0.000126,0.002315
0,0.210333,0.087347,-0.097026,0.197342,-0.085286,0.215825,0.001947,0.001524
0,0.2589,0.035024,0.030788,-0.044195,0.020472,-0.003545,0.001099,0.000611
0,0.046308,-0.054205,-0.211888,-0.098969,-0.218208,-0.103055,0.000808,0.000946
0,0.09195,-0.141364,0.044308,-0.07582,-0.005292,-0.025859,0.001605,0.002467
0,0.151231,0.118093,0.077777,0.285047,0.057962,0.321691,0.002639,0.002061
0,0.045955,0.085299,-0.102803,-0.004584,-0.064491,0.00229,0.000802,0.001489
0,0.242977,0.079581,0.224936,-0.008317,0.191774,0.016914,0.001377,0.001389
0,0.127947,-0.150507,-0.097633,-0.201708,-0.086816,-0.244034,0.002233,0.002627
0,0.103426,-0.055432,-0.019276,0.072328,0.015358,0.114093,0.001805,0.000967
0,0.142623,-0.085976,0.039524,-0.036138,0.003629,0.006205,0.002489,0.001501
0,0.035552,0.008502,-0.087242,0.096516,-0.126932,0.097055,0.00062,0.000148
0,0.044719,-0.07285,0.033803,-0.080926,0.039045,-0.061864,0.000781,0.001271
0,0.100182,-0.103874,0.041648,-0.005158,0.041725,0.028872,0.001749,0.001813
0,-0.076619,-0.063372,-0.166227,0.027728,-0.168537,0.022003,0.001337,0.001106
0,0.063016,0.067878,0.128945,0.137484,0.088098,0.14103,0.0011,0.001185
0,-0.051026,0.019269,-0.10989,-0.022486,-0.060881,-0.060659,0.000891,0.000336
0,0.250189,0.136227,0.274392,0.145614,0.296076,0.096621,0.001251,0.002378
0,0.124756,-0.066506,-0.149926,-0.183202,-0.127537,-0.193273,0.002177,0.001161
0,-0.012012,0.021312,-0.112122,0.059318,-0.096745,0.045534,0.00021,0.000372
0,0.057116,0.112002,0.069678,0.092246,0.049219,0.104667,0.000997,0.001955
0,-0.065913,-0.049144,-0.10605,-0.143989,-0.073273,-0.163378,0.00115,0.000858
0,-0.114767,0.119357,-0.040688,0.188134,-0.018541,0.221111,0.002003,0.002083
0,-0.123189,-0.079695,-0.03391,-0.197829,-0.078464,-0.196361,0.00215,0.001391
0,-0.144934,0.064622,0.003654,0.15571,0.008361,0.114672,0.00253,0.001128
0,-0.980539,1.262067,-0.845937,1.177084,-0.869269,1.220739,0.000261,0.000443
0,-1.683855,2.599654,-0.704642,1.327854,-0.688363,1.278734,0.001301,0.000432
0,-1.455479,2.718984,0.199397,0.129316,0.193267,0.098579,0.002685,0.002515
0,-1.506424,2.404438,-0.035686,-0.32595,-0.040569,-0.277986,0.001795,0.002643
0,-1.11589,1.549025,0.399324,-0.874227,0.349556,-0.913526,0.002623,0.001052
0,-0.961977,1.395547,0.177981,-0.164856,0.150581,-0.151799,6.3e-05,0.001887
0,-0.606765,0.925929,0.377465,-0.460424,0.368415,-0.492854,0.000645,0.000692
0,-0.245291,0.740677,0.380535,-0.20715,0.42921,-0.24667,0.001336,0.001692
0,-0.008777,0.436328,0.23124,-0.297334,0.224349,-0.278719,0.000153,0.001998
0,-0.045201,0.061051,-0.056358,-0.395557,-0.105914,-0.43409,0.000789,0.001066
0,-0.103026,0.035522,-0.080519,-0.004417,-0.122707,0.028443,0.001798,0.00062
0,0.113477,-0.179493,0.196608,-0.198757,0.210251,-0.191902,0.001981,0.002485
0,0.201849,-0.025226,0.094925,0.15024,0.069056,0.173082,0.002095,0.00044
0,0.088365,-0.177908,-0.083761,-0.164447,-0.038174,-0.126178,0.001542,0.002512
0,0.141384,0.061249,0.045447,0.21429,0.092716,0.223144,0.002468,0.001069
0,0.080255,0.036574,-0.073329,-0.003595,-0.03208,0.010937,0.001401,0.000638
0,-0.126918,0.029577,-0.187113,-0.007761,-0.218122,-0.047673,0.002215,0.000516
0,0.00789,0.100525,0.161732,0.050951,0.139824,0.081965,0.000138,0.001755
0,-0.003129,0.09759,0.017332,-0.017014,-0.00972,0.03252,5.5e-05,0.001703
0,-0.022016,-0.179476,-0.030813,-0.303426,0.004014,-0.264293,0.000384,0.002485
0,-0.006112,-0.139724,-0.001646,0.052979,0.033297,0.088643,0.000107,0.002439
0,-0.058132,0.142728,-0.04684,0.289553,-0.06807,0.264502,0.001015,0.002491
0,0.14511,0.112266,0.194666,-0.043059,0.178297,0.000886,0.002533,0.001959
0,0.045239,-0.057294,-0.099114,-0.154269,-0.111923,-0.135944,0.00079,0.001
0,0.083968,0.034419,0.041039,0.085384,0.043981,0.064236,0.001466,0.000601
0,-0.028112,-0.080871,-0.085998,-0.10018,-0.103033,-0.105545,0.000491,0.001411
0,0.064543,0.044032,0.067013,0.132575,0.10474,0.153732,0.001126,0.000769
0,-0.052417,-0.160266,-0.143612,-0.229996,-0.156346,-0.194769,0.000915,0.002797
0,-0.06037,-0.07536,-0.030221,0.103792,-0.01549,0.149349,0.001054,0.001315
0,-0.083635,-0.123146,-0.029402,-0.052939,-0.06436,-0.027955,0.00146,0.002149
0,0.147744,0.001596,0.21798,0.118945,0.262671,0.149536,0.002579,2.8e-05
0,-0.088309,-0.16899,-0.249152,-0.163178,-0.248905,-0.130931,0.001541,0.002668
0,-0.12368,-0.168273,-0.021649,0.017537,-0.039152,0.054347,0.002159,0.002681
0,-0.04771,0.056705,0.094132,0.248624,0.125954,0.210293,0.000833,0.00099
0,0.125257,-0.056641,0.179295,-0.124199,0.204449,-0.129163,0.002186,0.000989
0,-0.054795,-0.015044,-0.19399,0.014145,-0.156941,0.052184,0.000956,0.000263
0,0.140056,0.077469,0.171429,0.109999,0.123756,0.076228,0.002444,0.001352
0,-0.147322,0.105511,-0.314507,0.038133,-0.318071,0.020278,0.002571,0.001842
0,0.056863,-0.030705,0.196232,-0.153369,0.22739,-0.114764,0.000992,0.000536
0,-0.102299,-0.069454,-0.165224,-0.053018,-0.20178,-0.050151,0.001785,0.001212
0,0.017461,-0.011118,0.100183,0.063026,0.082803,0.084166,0.000305,0.000194
0,-0.187506,0.109673,-0.183309,0.097432,-0.148355,0.094777,0.002345,0.001914
0,-0.043596,-0.067853,0.172517,-0.174527,0.165158,-0.154561,0.000761,0.001184
0,-0.109206,-0.027087,-0.08253,0.034659,-0.066789,-0.005616,0.001906,0.000473
0,-0.171203,-0.15276,-0.089875,-0.096503,-0.094745,-0.112068,0.002629,0.002666
0,-0.11822,0.005175,0.074626,0.149803,0.045769,0.139996,0.002063,9e-05
0,0.089908,0.039087,0.18024,0.009082,0.168805,-0.039921,0.001569,0.000682
0,-0.077937,-0.179286,-0.192729,-0.198992,-0.143679,-0.187461,0.00136,0.002488
0,0.087635,0.059299,0.151778,0.232646,0.123597,0.272539,0.00153,0.001035
0,-0.162625,-0.014197,-0.258192,-0.048309,-0.301802,-0.078483,0.002779,0.000248
0,-0.08937,-0.092453,0.072257,-0.064005,0.096753,-0.094993,0.00156,0.001614
0,-0.08943,-0.00133,-0.02209,0.111374,-0.040094,0.156289,0.001561,2.3e-05
0,-0.045458,-0.188133,0.052605,-0.208398,0.054029,-0.224171,0.000793,0.002334
0,-0.102119,0.026458,-0.050872,0.184909,-0.100269,0.179121,0.001782,0.000462
0,-0.000902,0.130308,0.125696,0.110879,0.132238,0.098949,1.6e-05,0.002274
0,-0.004129,0.083027,-0.003483,-0.038728,-0.049768,-0.041184,7.2e-05,0.001449
0,-0.060381,-0.027815,-0.064277,-0.107423,-0.030844,-0.152396,0.001054,0.000485
0,0.09713,0.069732,0.16059,0.121252,0.164077,0.07777,0.001695,0.001217
0,0.050282,0.082232,-0.067913,0.024185,-0.091798,0.068814,0.000878,0.001435
0,-0.128399,0.045201,-0.162013,-0.023211,-0.121442,0.013247,0.002241,0.000789
0,-0.117789,0.154666,0.016668,0.120891,0.035485,0.16125,0.002056,0.002699
0,0.011039,0.126102,0.139054,-0.011586,0.184001,-0.061021,0.000193,0.002201
0,0.033444,-0.096268,-0.003216,-0.242285,-0.027374,-0.210124,0.000584,0.00168
0,-0.14962,0.151366,-0.18363,0.265422,-0.139197,0.240417,0.002611,0.002642
0,-0.237206,-0.055642,-0.094444,-0.19234,-0.045589,-0.239434,0.001477,0.000971
0,-0.023841,-0.040874,0.242017,0.041338,0.2831,0.030974,0.000416,0.000713
0,-0.136617,-0.045801,-0.089433,0.010277,-0.099683,0.03776,0.002384,0.000799
0,-0.222448,-0.060122,-0.064405,-0.025865,-0.094373,0.02082,0.001735,0.001049
0,-0.185451,0.089207,0.065543,0.153999,0.060038,0.159439,0.002381,0.001557
0,-0.256804,-0.155523,-0.064058,-0.256397,-0.046629,-0.259814,0.001135,0.002714
0,-0.293685,0.084723,-0.016552,0.253273,0.003478,0.274805,0.000492,0.001479
0,-0.254492,-0.061128,0.010693,-0.139633,-0.014092,-0.157041,0.001176,0.001067
0,-0.24833,0.1554,-0.009457,0.211861,-0.020803,0.217234,0.001283,0.002712
0,-0.069004,-0.093305,0.157149,-0.260882,0.184324,-0.214349,0.001204,0.001628
0,-0.262556,-0.008612,-0.180424,0.102958,-0.173675,0.136905,0.001035,0.00015
0,-0.226617,0.160937,0.03046,0.141243,0.076187,0.155768,0.001662,0.002809
0,-0.081709,0.168141,0.118945,-0.01146,0.167157,0.004175,0.001426,0.002683
0,-0.138168,-0.024216,-0.063958,-0.16654,-0.048485,-0.196931,0.002411,0.000423
0,-0.045923,0.137712,0.070644,0.170574,0.115761,0.160067,0.000802,0.002404
0,-0.204089,0.120863,-0.1316,0.000263,-0.175269,-0.049447,0.002055,0.002109
0,-0.123982,0.128718,0.08907,-0.002045,0.090938,-0.001525,0.002164,0.002247
0,-0.171698,0.108313,-0.019547,-0.000121,-0.02204,0.031184,0.002621,0.00189
0,-0.041488,-0.035817,0.128248,-0.164297,0.153902,-0.152366,0.000724,0.000625
0,-0.028959,-0.077118,-0.000232,-0.022217,0.021999,-0.041919,0.000505,0.001346
0,-0.003351,-0.031062,0.020253,0.037196,-0.010857,0.018418,5.8e-05,0.000542
0,0.059205,0.015327,0.063674,0.049277,0.044508,0.050975,0.001033,0.000268
0,-0.084888,0.026744,-0.140687,0.027648,-0.15363,-0.009357,0.001482,0.000467
0,0.110561,0.031701,0.180794,-0.000907,0.140971,-0.00436,0.00193,0.000553
0,-0.017793,-0.16343,-0.105697,-0.178121,-0.070817,-0.206801,0.000311,0.002765
0,-0.020863,0.015111,-0.016185,0.166138,0.017151,0.127653,0.000364,0.000264
0,0.13386,0.057348,0.162228,0.040115,0.129224,-0.001591,0.002336,0.001001
0,-0.005535,0.136315,-0.144204,0.102909,-0.096304,0.120735,9.7e-05,0.002379
0,-0.095091,0.134758,-0.089808,-0.025384,-0.110475,-0.013232,0.00166,0.002352
0,0.029242,0.186018,0.094419,0.031311,0.055824,0.000631,0.00051,0.002371
0,-0.139784,-0.014291,-0.167218,-0.229977,-0.130119,-0.248722,0.00244,0.000249
0,1.424542,0.580946,1.54029,0.583267,1.494967,0.627855,0.002393,0.001096
0,2.588005,1.556928,1.16897,0.985214,1.125732,1.019356,0.000229,0.000914
0,2.570891,1.644421,-0.039858,0.089887,-0.058877,0.07826,7e-05,0.000613
0,2.480374,1.578071,-0.0626,-0.064334,-0.087325,-0.066265,0.001649,0.000545
0,2.155941,1.547931,-0.307115,-0.014258,-0.257887,0.031086,0.001694,0.001071
0,1.872927,1.396459,-0.264496,-0.123101,-0.279805,-0.154536,0.001016,0.001903
0,1.463601,1.224968,-0.419236,-0.19722,-0.46482,-0.212957,0.002543,0.00109
0,1.145276,0.839151,-0.300284,-0.362561,-0.281925,-0.37382,0.002481,0.002207
0,0.548671,0.520595,-0.611246,-0.303018,-0.567119,-0.269771,0.001659,0.002149
0,0.430306,0.266105,-0.141551,-0.224612,-0.137535,-0.235692,0.001893,0.000973
0,0.247379,0.053515,-0.18518,-0.20077,-0.197169,-0.18208,0.0013,0.000934
0,0.224211,0.033207,-0.00511,-0.005677,0.013177,0.004949,0.001704,0.00058
0,0.181728,-0.255677,-0.057575,-0.271342,-0.010478,-0.319297,0.002446,0.001155
0,0.152835,0.127376,-0.043664,0.367589,-0.067181,0.371727,0.002667,0.002223
0,0.090551,0.165704,-0.033231,0.044258,-0.025353,0.040295,0.00158,0.002725
0,-0.020744,0.437371,-0.134207,0.277843,-0.160318,0.278543,0.000362,0.002016
0,0.119855,0.42895,0.135304,-0.034621,0.152202,-0.005035,0.002092,0.001869
0,0.037519,0.12491,-0.103266,-0.321951,-0.147348,-0.316791,0.000655,0.00218
0,0.134733,0.170315,0.109934,0.019897,0.123656,0.060394,0.002352,0.002645
0,0.138152,0.221371,0.011978,0.06388,0.02623,0.05915,0.002411,0.001754
0,0.17842,0.252898,0.041547,0.020244,0.08133,0.006826,0.002504,0.001204
0,0.133006,0.149088,-0.053078,-0.132322,-0.084603,-0.140043,0.002321,0.002602
0,0.076023,0.083109,-0.044965,-0.09561,-0.046677,-0.051415,0.001327,0.001451
0,-0.036427,0.0669,-0.114864,-0.001862,-0.099951,-0.027217,0.000636,0.001168
0,-0.112386,0.146333,-0.051561,0.104032,-0.068112,0.152399,0.001962,0.002554
0,-0.068311,0.101391,0.047539,-0.066697,0.069375,-0.028914,0.001192,0.00177
0,0.105205,0.10388,0.174458,-0.018704,0.187224,-0.023411,0.001836,0.001813
0,0.016715,0.099302,-0.092064,0.013154,-0.060242,0.02452,0.000292,0.001733
0,-0.035934,-0.103734,-0.056133,-0.219607,-0.05914,-0.176185,0.000627,0.00181
0,0.119438,0.12117,0.164542,0.253998,0.19834,0.268999,0.002085,0.002115
0,0.127688,0.005542,-0.011016,-0.124945,0.016288,-0.163343,0.002229,9.7e-05
0,-1.697013,2.183493,-1.822674,2.192461,-1.862724,2.143859,0.001531,0.001213
0,-1.980117,2.582041,-0.256098,0.382174,-0.293712,0.3886,0.000855,0.000125
0,-1.969495,2.463142,0.01099,-0.101038,-0.005046,-0.094358,0.000669,0.00195
0,-1.297461,2.346663,0.677574,-0.144837,0.633433,-0.104781,0.000175,0.001634
0,-1.25167,2.122931,0.023898,-0.222962,0.049568,-0.180419,0.000624,0.00227
0,-0.957797,1.682328,0.275835,-0.420693,0.313526,-0.425853,0.000136,0.001275
0,-0.819591,1.438528,0.149115,-0.232552,0.120948,-0.259916,0.002548,0.002637
0,-0.544779,0.554416,0.264911,-0.913469,0.297784,-0.916553,0.001727,0.001559
0,-0.301626,0.340224,0.242023,-0.206867,0.250767,-0.197426,0.000353,0.000321
0,-0.27177,0.147418,0.005839,-0.218703,-0.010845,-0.245672,0.000874,0.002573
0,-0.135949,-0.193695,0.126591,-0.34602,0.088315,-0.352478,0.002373,0.002237
0,-0.0347,-0.052695,0.108674,0.130827,0.097875,0.084895,0.000606,0.00092
0,0.166622,-0.433301,0.201267,-0.371661,0.189547,-0.350494,0.002709,0.001945
0,0.198308,-0.150104,0.029506,0.298523,0.056507,0.314047,0.002156,0.00262
0,0.155025,-0.245014,-0.047935,-0.118752,-0.03529,-0.150294,0.002706,0.001341
0,0.175609,-0.206331,0.048737,0.029904,0.094307,-0.016029,0.002553,0.002016
0,0.101141,-0.144986,-0.059626,0.089985,-0.036146,0.139023,0.001765,0.00253
0,0.009884,-0.201709,-0.06438,-0.026839,-0.064214,-0.05482,0.000173,0.002097
0,0.084208,-0.097797,0.083531,0.132344,0.090067,0.113333,0.00147,0.001707
0,0.007895,0.049024,-0.103716,0.17029,-0.096852,0.148547,0.000138,0.000856
0,0.084001,0.003341,0.082427,-0.020188,0.043633,0.016741,0.001466,5.8e-05
0,-0.05681,0.064802,-0.134928,0.054085,-0.096606,0.099273,0.000992,0.001131
0,0.112826,0.070515,0.1941,0.025244,0.208036,0.055592,0.001969,0.001231
0,0.064993,-0.196858,-0.028505,-0.286925,0.009022,-0.252181,0.001134,0.002182
0,0.135094,0.067893,0.084401,0.28356,0.041717,0.238647,0.002358,0.001185
0,-0.039308,0.088087,-0.185108,0.005151,-0.229497,0.010013,0.000686,0.001537
0,-0.02345,0.062703,-0.013783,-0.003669,0.012007,-0.039307,0.000409,0.001094
0,-0.001674,0.153861,0.009345,0.110702,0.027913,0.139574,2.9e-05,0.002685
0,0.063234,0.1266,0.066096,-0.050093,0.095048,-0.055294,0.001104,0.00221
0,0.1547,0.147405,0.094028,0.050575,0.070148,0.059822,0.0027,0.002573
0,0.140589,-0.103418,-0.038346,-0.261041,-0.069462,-0.222866,0.002454,0.001805
0,0.140316,0.087069,0.023906,0.207822,0.042385,0.24998,0.002449,0.00152
0,0.010645,0.151304,-0.117204,0.093048,-0.153353,0.143001,0.000186,0.002641
0,0.076572,-0.085963,0.062258,-0.216687,0.049432,-0.176077,0.001336,0.0015
0,-0.092933,0.214273,-0.183892,0.272464,-0.144855,0.272974,0.001622,0.001878
0,-0.016602,0.083171,0.094955,-0.116723,0.144223,-0.096492,0.00029,0.001452
0,0.031467,0.077624,0.067162,-0.008375,0.072517,0.014976,0.000549,0.001355
0,0.110204,0.070759,0.066404,0.006694,0.105088,0.028782,0.001923,0.001235
0,0.136973,0.100462,0.012122,0.051964,0.045752,0.062365,0.002391,0.001753
0,-0.095705,0.088429,-0.229524,-0.022517,-0.224835,-0.05397,0.00167,0.001543
0,0.205284,0.007641,0.306822,-0.080607,0.344074,-0.068743,0.002035,0.000133
0,0.172396,0.239871,-0.039096,0.215361,-0.058367,0.166176,0.002609,0.001431
0,0.001102,0.224716,-0.187776,-0.012172,-0.20026,-0.04642,1.9e-05,0.001695
0,0.004091,0.045454,-0.017343,-0.171349,-0.017263,-0.17835,7.1e-05,0.000793
0,0.130071,0.253454,0.141555,0.201735,0.106209,0.186614,0.00227,0.001194
0,-0.02575,0.093468,-0.129382,-0.142578,-0.132917,-0.140761,0.000449,0.001631
0,-0.042228,0.251043,-0.011466,0.147526,-0.031516,0.184386,0.000737,0.001236
0,-0.081732,0.232957,-0.017768,0.008804,-0.066196,0.002332,0.001426,0.001552
0,0.107822,0.075016,0.165691,-0.149705,0.134134,-0.111727,0.001882,0.001309
0,-0.139323,0.109739,-0.248245,0.021823,-0.259218,0.056714,0.002432,0.001915
0,0.023794,0.272037,0.148908,0.151147,0.179172,0.198088,0.000415,0.00087
0,-0.082583,0.087097,-0.100489,-0.157847,-0.052005,-0.202409,0.001441,0.00152
0,0.175905,-0.028526,0.280603,-0.093367,0.244069,-0.126198,0.002547,0.000498
0,0.18481,0.192573,0.020284,0.222254,-0.014003,0.204295,0.002392,0.002256
0,0.156839,0.205914,-0.032078,-0.007267,-0.021189,0.018554,0.002737,0.002024
0,0.170075,0.005896,0.03763,-0.211466,0.040769,-0.259598,0.002649,0.000103
0,0.007933,0.01755,-0.139942,0.015539,-0.169472,0.052154,0.000138,0.000306
0,-0.001593,0.133855,-0.005128,0.098784,-0.012743,0.085624,2.8e-05,0.002336
0,-0.01993,0.192533,-0.036485,0.028814,-0.059965,0.075614,0.000348,0.002257
0,-0.033807,0.010447,-0.030681,-0.208671,-0.062747,-0.158996,0.00059,0.000182
0,0.02299,0.16091,0.078794,0.122127,0.055357,0.12297,0.000401,0.002808
0,0.040851,0.087752,0.002522,-0.072582,0.025079,-0.121656,0.000713,0.001532
0,-0.084834,0.066555,-0.097057,-0.014833,-0.121548,-0.024336,0.001481,0.001162
0,-0.09258,0.171719,-0.027828,0.128389,-0.051464,0.160446,0.001616,0.00262
0,0.184396,0.125576,0.29206,-0.01735,0.261823,-0.057036,0.002399,0.002192
0,0.171299,-0.011759,-0.037121,-0.139035,-0.081583,-0.114594,0.002628,0.000205
0,0.093834,-0.075867,-0.085734,-0.041275,-0.08174,-0.039195,0.001638,0.001324
0,-0.13249,-0.155024,-0.244525,-0.05669,-0.222459,-0.097295,0.002312,0.002706
0,0.102494,0.085825,0.24338,0.220998,0.197142,0.178314,0.001789,0.001498
0,-0.11116,-0.050011,-0.187561,-0.14611,-0.207753,-0.113067,0.00194,0.000873
0,0.068272,-0.081976,0.182657,-0.009729,0.182177,0.031537,0.001192,0.001431
0,0.009548,0.075605,-0.069727,0.133912,-0.063659,0.117799,0.000167,0.00132
0,-0.084253,0.068851,-0.101821,0.005828,-0.149617,-0.040762,0.00147,0.001202
0,-0.145955,-0.040074,-0.033275,-0.13676,-0.016357,-0.095455,0.002547,0.000699
0,0.090178,-0.003633,0.254927,0.062829,0.242657,0.014873,0.001574,6.3e-05
0,0.094572,0.068299,0.025523,0.050768,-0.023793,0.012608,0.001651,0.001192
0,-0.009799,0.052659,-0.129035,-0.015199,-0.101952,-0.048976,0.000171,0.000919
0,0.016446,0.049342,0.028254,0.001829,0.07436,-0.003764,0.000287,0.000861
0,-0.108916,-0.103518,-0.145263,-0.133235,-0.173552,-0.128028,0.001901,0.001807
0,0.143463,-0.026001,0.271861,0.078704,0.281774,0.118941,0.002504,0.000454
0,0.107316,-0.038639,-0.032772,-0.039331,-0.064499,-0.061147,0.001873,0.000674
0,-0.029834,0.046119,-0.120645,0.08633,-0.1292,0.065839,0.000521,0.000805
0,-0.052923,0.004042,-0.003247,-0.06921,-0.033511,-0.029819,0.000924,7.1e-05
0,0.155113,-0.113621,0.228442,-0.119481,0.270945,-0.128851,0.002707,0.001983
0,-0.085769,0.150288,-0.261155,0.273173,-0.273572,0.282889,0.001497,0.002623
0,-0.019927,0.139183,0.072627,0.015996,0.090514,0.045082,0.000348,0.002429
0,-0.06959,-0.029609,-0.064737,-0.196031,-0.043321,-0.206739,0.001215,0.000517
0,-0.005493,-0.111269,0.052,-0.064191,0.018289,-0.029036,9.6e-05,0.001942
0,-0.069877,-0.004214,-0.04227,0.11344,-0.05731,0.105071,0.00122,7.4e-05
0,0.102082,0.045748,0.156694,0.079233,0.14838,0.127219,0.001782,0.000798
0,0.050872,-0.068616,-0.07739,-0.111092,-0.034557,-0.099176,0.000888,0.001198
0,0.179776,-0.055182,0.103944,0.013138,0.128357,0.018707,0.00248,0.000963
0,-0.053583,0.10541,-0.212431,0.142505,-0.212205,0.141404,0.000935,0.00184
0,0.069065,0.103704,0.145601,0.010362,0.097849,0.048239,0.001205,0.00181
0,0.023839,-0.108939,-0.029515,-0.239443,-0.038008,-0.196921,0.000416,0.001901
0,0.057701,0.106374,0.030658,0.214734,-0.009546,0.211868,0.001007,0.001857
0,-0.091988,0.153954,-0.122885,0.058295,-0.094,0.051771,0.001605,0.002687
0,-0.114219,0.124269,-0.011935,-0.025115,-0.018532,-0.006649,0.001994,0.002169
0,0.014045,0.032095,0.109283,-0.106816,0.076236,-0.120185,0.000245,0.00056
0,0.1975,0.126276,0.15805,0.120324,0.17675,0.109897,0.00217,0.002204
0,0.162531,-0.091981,-0.022548,-0.206642,-0.035525,-0.188407,0.002781,0.001605
0,-0.09016,-0.001338,-0.228799,0.076003,-0.26082,0.051714,0.001574,2.3e-05
0,0.168758,-0.065078,0.235103,-0.054407,0.282435,-0.091125,0.002672,0.001136
0,0.121817,0.094623,-0.022682,0.165723,0.023511,0.210994,0.002126,0.001651
0,-0.040975,0.180702,-0.157882,0.087794,-0.203246,0.114212,0.000715,0.002464
0,-0.030262,0.165022,-0.007086,0.01022,-0.00032,0.041285,0.000528,0.002737
0,0.229353,0.064941,0.237994,-0.104608,0.203447,-0.085547,0.001615,0.001133
0,2.602168,-0.713521,2.361267,-0.758696,2.362016,-0.735028,0.000476,0.001218
0,2.746219,-0.868965,0.154188,-0.128629,0.202874,-0.102148,0.002627,0.001686
0,3.610509,-0.798433,0.873888,0.092565,0.834081,0.066459,0.001223,0.0027
0,3.624426,-0.880977,0.020826,-0.086151,0.046267,-0.089924,0.001466,0.001477
0,2.985667,-0.744208,-0.61083,0.144158,-0.585529,0.146452,0.001552,0.001754
0,2.555321,-0.668856,-0.448014,0.068547,-0.48429,0.101505,0.000341,0.000439
0,1.493401,-0.436664,-1.073424,0.241323,-1.10487,0.224666,0.002023,0.002004
0,1.020008,-0.209405,-0.502164,0.218436,-0.551653,0.236853,0.00095,0.001963
0,0.64815,-0.262909,-0.367894,-0.028961,-0.322629,-0.053201,7.7e-05,0.001029
0,0.203324,-0.288493,-0.434058,-0.015403,-0.464514,-0.021526,0.002069,0.000582
0,-0.345953,0.002588,-0.550529,0.313982,-0.591791,0.281202,0.000421,4.5e-05
0,-0.547551,0.002278,-0.203684,0.019693,-0.22462,0.018689,0.001678,4e-05
0,-0.623949,0.114417,-0.056942,0.116652,-0.02982,0.156893,0.000345,0.001997
0,-0.703284,0.033487,-0.069193,-0.110112,-0.056056,-0.081639,0.00104,0.000584
0,-0.534919,0.033364,0.179487,-0.018969,0.222501,-0.033356,0.001899,0.000582
0,-0.152797,-0.06409,0.359098,-0.085191,0.391368,-0.119882,0.002667,0.001119
0,-0.227391,0.090624,-0.058786,0.137639,-0.072585,0.109157,0.001649,0.001582
0,-0.150528,0.110499,0.093486,0.022984,0.116736,0.030859,0.002627,0.001929
0,0.050129,0.023437,0.188289,-0.098209,0.221854,-0.115304,0.000875,0.000409
0,-0.069578,0.108819,-0.118583,0.079544,-0.108575,0.093368,0.001214,0.001899
0,-0.135543,0.03434,-0.041392,-0.046621,-0.060173,-0.06142,0.002366,0.000599
0,0.042351,-0.068343,0.203583,-0.096318,0.252496,-0.07702,0.000739,0.001193
0,-0.03093,0.070794,-0.103042,0.143509,-0.067468,0.137595,0.00054,0.001236
0,-0.030987,0.086364,-0.024068,0.006336,-0.038777,0.032493,0.000541,0.001507
0,-0.05284,0.114996,-0.044036,0.046626,-0.073507,-0.002519,0.000922,0.002007
0,-0.022874,0.148817,9.4e-05,0.029208,-0.003761,-0.004745,0.000399,0.002597
0,-0.192495,0.050334,-0.15303,-0.081674,-0.182391,-0.060592,0.002258,0.000878
0,0.01302,-0.025467,0.230748,-0.067887,0.260965,-0.103008,0.000227,0.000444
0,-0.060408,-0.021963,-0.065708,0.019858,-0.110859,-0.02172,0.001054,0.000383
0,-0.023138,0.119962,0.038316,0.114472,0.03064,0.16415,0.000404,0.002094
0,0.084058,0.00678,0.097963,-0.132674,0.083971,-0.159567,0.001467,0.000118
0,-0.008502,0.00493,-0.08117,0.027669,-0.062149,0.000569,0.000148,8.6e-05
0,-0.167278,0.142268,-0.150628,0.126338,-0.15776,0.125252,0.002698,0.002483
0,-0.113612,-0.10239,0.073998,-0.231585,0.034392,-0.188484,0.001983,0.001787
0,-0.131306,-0.067626,-0.046598,0.059895,-0.042231,0.107654,0.002292,0.00118
0,-0.049511,0.079389,0.062892,0.16553,0.019884,0.193093,0.000864,0.001386
0,0.043,0.163755,0.110343,0.113328,0.125049,0.152176,0.00075,0.002759
0,0.048781,-0.078599,-0.00395,-0.262523,0.005476,-0.237727,0.000851,0.001372
0,0.027853,0.147371,0.001045,0.219239,0.003787,0.229107,0.000486,0.002572
0,-0.057452,-0.088437,-0.100931,-0.212065,-0.126368,-0.251882,0.001003,0.001544
0,0.035418,-0.078148,0.090815,0.006738,0.08941,-0.019442,0.000618,0.001364
0,0.052086,-0.032401,-0.004005,0.039751,-0.049335,0.067556,0.000909,0.000566
0,0.024305,0.175419,-0.002852,0.20227,-0.019708,0.206136,0.000424,0.002556
0,0.093505,0.155736,0.040998,-0.001853,0.072366,-0.011355,0.001632,0.002718
0,-0.045475,0.023929,-0.119694,-0.112424,-0.134404,-0.07835,0.000794,0.000418
0,0.006081,0.02312,0.052482,-0.028576,0.065963,0.016094,0.000106,0.000404
0,-0.036098,-0.051066,-0.055483,-0.098684,-0.074612,-0.113702,0.00063,0.000891
0,0.130078,0.11725,0.136851,0.185641,0.113655,0.148829,0.00227,0.002046
0,-0.005338,0.009654,-0.147721,-0.104726,-0.160811,-0.144378,9.3e-05,0.000168
0,-0.027962,0.204167,0.006708,0.166871,-0.035897,0.19438,0.000488,0.002054
0,-0.042403,0.024139,-0.008632,-0.207947,0.023515,-0.208046,0.00074,0.000421
0,0.134731,-0.026715,0.150678,-0.043354,0.114711,-0.044235,0.002351,0.000466
0,0.187797,0.042111,0.0717,0.073129,0.104815,0.116627,0.00234,0.000735
0,0.129329,-0.028903,-0.078291,-0.08623,-0.039164,-0.105776,0.002257,0.000504
0,0.022326,0.110329,-0.111401,0.158247,-0.07905,0.17968,0.00039,0.001926
0,0.021066,0.190551,-0.02296,0.093341,-0.033865,0.088534,0.000368,0.002292
0,0.014886,-0.053593,-0.007161,-0.222729,-0.02994,-0.196258,0.00026,0.000935
0,-0.048421,-0.060894,-0.080417,0.013787,-0.088885,0.047257,0.000845,0.001063
0,-0.034769,0.067768,0.03948,0.127352,0.001673,0.107144,0.000607,0.001183
0,-0.124473,0.128234,-0.098929,0.042114,-0.097737,0.06077,0.002172,0.002238
0,-0.165744,0.223938,-0.051714,0.072169,-0.026664,0.031422,0.002725,0.001709
0,0.095003,0.024452,0.242341,-0.215112,0.20704,-0.213967,0.001658,0.000427
0,-0.04942,0.159864,-0.135437,0.122073,-0.093884,0.136598,0.000863,0.00279
0,0.047433,0.102869,0.109254,-0.06486,0.126591,-0.081659,0.000828,0.001795
0,-0.101225,0.209933,-0.166391,0.10283,-0.152157,0.05909,0.001767,0.001953
0,0.020591,-0.033496,0.151021,-0.235583,0.110082,-0.228034,0.000359,0.000585
0,-0.0015,0.143316,0.004419,0.17816,-0.004034,0.168807,2.6e-05,0.002501
0,0.022214,0.131735,0.053077,-0.036182,0.071777,-0.004839,0.000388,0.002299
0,0.111951,0.007014,0.081622,-0.130748,0.088878,-0.104772,0.001954,0.000122
0,0.067192,0.103656,-0.051057,0.082678,-0.059786,0.096758,0.001173,0.001809
0,0.039204,0.045822,-0.006747,-0.039923,-0.008104,-0.086515,0.000684,0.0008
0,-0.110398,-0.074479,-0.141108,-0.092549,-0.165285,-0.079181,0.001927,0.0013
0,-0.159134,-0.124205,-0.025701,-0.069505,-0.037486,-0.081802,0.002777,0.002168
0,-0.160337,0.084436,0.004001,0.211933,-0.041564,0.211267,0.002798,0.001474
0,-0.024453,-0.090457,0.122387,-0.182231,0.076942,-0.135042,0.000427,0.001579
0,-0.090326,0.118613,-0.035967,0.203689,-0.01933,0.230274,0.001576,0.00207
0,-0.145041,-0.083804,-0.032239,-0.187927,-0.042254,-0.236915,0.002531,0.001463
0,-0.244042,0.050624,-0.07844,0.131518,-0.050616,0.123366,0.001358,0.000884
0,0.059126,-0.002633,0.292099,-0.075884,0.330871,-0.103413,0.001032,4.6e-05
0,-0.180566,0.161684,-0.233232,0.139843,-0.186947,0.116764,0.002466,0.002796
0,-0.212961,0.20214,-0.03497,0.03695,-0.033811,0.065995,0.001901,0.00209
0,0.045605,-0.028723,0.232741,-0.205341,0.235053,-0.181588,0.000796,0.000501
0,-0.049868,0.12833,-0.078432,0.15516,-0.103945,0.145784,0.00087,0.00224
0,2.888886,0.62433,2.932213,0.511623,2.904142,0.50283,0.000137,0.000338
0,3.983491,0.708412,1.117901,0.089527,1.162612,0.119865,0.002115,0.001129
0,4.573126,0.473821,0.581473,-0.253059,0.62236,-0.25774,0.001171,0.002652
0,3.762304,0.740418,-0.786876,0.266376,-0.740529,0.277008,0.001746,0.001688
0,2.69731,0.698986,-1.037451,-0.037793,-1.011119,0.003242,0.002137,0.000965
0,1.668245,0.678004,-1.026917,-0.042432,-0.99217,-0.044876,0.001029,0.000598
0,1.310932,0.647157,-0.343059,-0.036599,-0.331448,-0.012613,0.00041,6e-05
0,1.130572,0.33949,-0.189917,-0.292904,-0.19965,-0.336624,0.002738,0.000308
0,0.707503,0.365051,-0.420801,0.039218,-0.435685,0.025637,0.001113,0.000754
0,0.289075,0.037885,-0.416267,-0.344903,-0.393571,-0.366395,0.000572,0.000661
0,0.376661,0.209214,0.102122,0.190156,0.095277,0.2115,0.000956,0.001966
0,0.42026,0.007545,0.023464,-0.211444,0.039994,-0.163635,0.001717,0.000132
0,0.302373,0.150385,-0.113709,0.152794,-0.095792,0.11478,0.00034,0.002625
0,0.422315,-0.003548,0.103821,-0.145488,0.140344,-0.162939,0.001753,6.2e-05
0,0.471412,0.087586,0.073127,0.114642,0.089598,0.081718,0.00261,0.001529
0,0.286545,0.195292,-0.159339,0.10663,-0.145652,0.071259,0.000616,0.002209
0,0.227417,0.079329,-0.034572,-0.100603,-0.059059,-0.117716,0.001648,0.001385
0,0.143464,0.067266,-0.08126,-0.028443,-0.077792,-0.06303,0.002504,0.001174
0,0.24785,0.056153,0.082709,0.003245,0.126448,0.002163,0.001292,0.00098
0,0.298991,0.004286,0.045832,-0.065369,0.026665,-0.051665,0.000399,7.5e-05
0,0.124012,0.072625,-0.172099,0.039717,-0.188753,0.006543,0.002164,0.001268
0,0.259933,-0.032125,0.137395,-0.100864,0.090437,-0.142703,0.001081,0.000561
0,0.300534,0.040034,0.016127,0.059084,0.00343,0.096847,0.000372,0.000699
0,0.227544,0.128993,-0.085028,0.082218,-0.068957,0.037545,0.001646,0.002251
0,0.26093,0.006694,0.046094,-0.106138,0.020541,-0.09724,0.001063,0.000117
0,0.247288,0.114972,0.002681,0.087598,0.02574,0.079647,0.001302,0.002007
0,0.13459,0.116834,-0.125296,-0.016623,-0.096833,-0.001469,0.002349,0.002039
0,0.066118,-0.114573,-0.042482,-0.247592,-0.049774,-0.285597,0.001154,0.002
0,-0.053904,-0.076383,-0.146501,0.049501,-0.177096,0.089716,0.000941,0.001333
0,0.116685,0.124522,0.186694,0.199916,0.190622,0.193352,0.002037,0.002173
0,-0.03373,0.077146,-0.170311,-0.032998,-0.145488,0.007518,0.000589,0.001346
0,0.075827,0.031146,0.117228,-0.041909,0.127449,-0.00493,0.001323,0.000544
0,0.202136,-0.127592,0.127831,-0.153489,0.08482,-0.157296,0.00209,0.002227
0,0.062883,-0.007263,-0.122101,0.092738,-0.074645,0.067469,0.001098,0.000127
0,0.019352,0.181728,-0.03659,0.182153,-0.053317,0.21836,0.000338,0.002446
0,0.200825,-0.019609,0.176463,-0.219337,0.224585,-0.248204,0.002112,0.000342
0,0.100813,0.151367,-0.099288,0.19534,-0.111698,0.188684,0.00176,0.002642
0,-0.03058,-0.008312,-0.134194,-0.165875,-0.087984,-0.124514,0.000534,0.000145
0,0.191737,-0.004198,0.234242,0.01982,0.204052,0.022895,0.002271,7.3e-05
0,-0.03455,0.075755,-0.255202,0.071791,-0.221884,0.062939,0.000603,0.001322
0,0.089818,0.122496,0.10351,0.034736,0.063463,-0.009963,0.001568,0.002138
0,0.114948,-0.0125,0.041465,-0.127314,0.055375,-0.089725,0.002006,0.000218
0,-0.047486,-0.109574,-0.179704,-0.086758,-0.15079,-0.103851,0.000829,0.001912
0,-0.011857,-0.009672,0.057987,0.086516,0.051317,0.058534,0.000207,0.000169
0,0.13164,0.025793,0.147503,0.03925,0.140089,0.047769,0.002298,0.00045
0,0.072327,-0.03352,-0.077972,-0.036138,-0.035671,-0.00447,0.001262,0.000585
0,0.231625,0.069984,0.174506,0.093665,0.192922,0.1127,0.001575,0.001221
0,0.237182,0.117513,0.031382,0.044557,-0.010911,0.046818,0.001478,0.002051
0,0.188605,0.107357,-0.03042,-0.010305,-0.056341,-0.006067,0.002326,0.001874
0,-0.001194,0.103737,-0.17218,-0.011518,-0.202812,0.026023,2.1e-05,0.001811
0,0.090214,-0.099607,0.105812,-0.203882,0.149876,-0.243238,0.001575,0.001738
0,0.11362,0.108202,0.01613,0.215233,0.012559,0.230973,0.001983,0.001888
0,0.08999,0.130572,-0.009292,0.039334,0.035,0.035998,0.001571,0.002279
0,0.023415,0.125282,-0.040128,-0.0205,-0.089682,-0.004844,0.000409,0.002187
0,0.184864,0.157094,0.167309,0.058354,0.213422,0.042099,0.002391,0.002742
0,-0.016673,-0.024247,-0.199749,-0.183405,-0.215404,-0.224013,0.000291,0.000423
0,-0.078312,0.151315,-0.079788,0.190017,-0.071399,0.184371,0.001367,0.002641
0,-0.001226,-0.126954,0.049997,-0.248654,0.045585,-0.210396,2.1e-05,0.002216
0,0.046174,-0.11938,0.037846,0.034486,0.048469,0.031636,0.000806,0.002084
0,-0.137896,0.096832,-0.163582,0.205268,-0.146256,0.187634,0.002407,0.00169
0,0.036241,-0.035737,0.189628,-0.154213,0.155432,-0.150121,0.000633,0.000624
0,-0.048356,0.090679,-0.067299,0.131974,-0.117293,0.112867,0.000844,0.001583
0,-0.104673,-0.065252,-0.027988,-0.127282,-0.00591,-0.086959,0.001827,0.001139
0,0.091312,0.030147,0.172914,0.079099,0.207251,0.059813,0.001594,0.000526
0,-0.147991,-0.102147,-0.211588,-0.140207,-0.207199,-0.093589,0.002583,0.001783
0,-0.016214,-0.058719,0.124239,0.0543,0.087374,0.038914,0.000283,0.001025
0,-0.081873,-0.044715,-0.049618,0.040512,-0.045638,0.062661,0.001429,0.00078
0,-0.02238,0.017701,0.060655,0.037611,0.065411,0.016883,0.000391,0.000309
0,0.037951,0.064069,0.089449,0.062427,0.118701,0.014981,0.000662,0.001118
0,-0.107178,-0.157406,-0.169584,-0.209824,-0.169409,-0.195448,0.001871,0.002747
0,-0.016971,-0.105863,0.065031,0.057656,0.093721,0.066081,0.000296,0.001848
0,-0.045074,0.113734,-0.048672,0.194938,-0.050736,0.240487,0.000787,0.001985
0,0.064744,-0.152836,0.086363,-0.290681,0.066171,-0.304699,0.00113,0.002667
0,-0.076839,0.077309,-0.145253,0.230539,-0.183257,0.2257,0.001341,0.001349
0,0.036142,-0.067512,0.087357,-0.132892,0.127852,-0.176971,0.000631,0.001178
0,0.198131,-0.123365,0.176321,-0.033632,0.191333,0.001349,0.002159,0.002153
0,0.038966,-0.125232,-0.177449,0.018645,-0.192846,-0.020344,0.00068,0.002186
0,0.009282,0.005938,-0.001902,0.138331,-0.041622,0.158424,0.000162,0.000104
0,0.049293,-0.063711,0.052264,-0.089943,0.065214,-0.119168,0.00086,0.001112
0,0.181705,0.144273,0.159905,0.188626,0.209622,0.174581,0.002446,0.002518
0,-0.077028,-0.059763,-0.231147,-0.182909,-0.279159,-0.2309,0.001344,0.001043
0,0.120229,-0.078087,0.169396,-0.020076,0.145041,0.00224,0.002098,0.001363
0,0.065793,0.04706,-0.027572,0.098836,-0.072948,0.05204,0.001148,0.000821
0,0.058937,-0.119699,-0.024746,-0.169943,-0.058067,-0.123025,0.001029,0.002089
0,0.064787,0.023407,-0.012059,0.114725,-0.040136,0.154561,0.001131,0.000409
0,0.173446,-0.107239,0.130781,-0.121662,0.164243,-0.17162,0.00259,0.001872
0,0.051615,0.0136,-0.114628,0.1078,-0.090931,0.13135,0.000901,0.000237
0,0.039355,0.103742,-0.033279,0.116288,-0.034892,0.131395,0.000687,0.001811
0,0.04138,-0.121844,-0.005412,-0.209593,0.039923,-0.194092,0.000722,0.002127
0,0.161317,-0.018729,0.094278,0.107885,0.055828,0.115668,0.002802,0.000327
0,0.058097,-0.072499,-0.11532,-0.080518,-0.06662,-0.100698,0.001014,0.001265
0,0.201593,-0.002999,0.127135,0.073353,0.086961,0.099275,0.002099,5.2e-05
0,0.23645,-0.02956,0.02741,-0.000839,0.001194,-0.04436,0.001491,0.000516
0,0.125162,-0.011608,-0.120591,0.019077,-0.092867,-0.027693,0.002184,0.000203
0,0.082565,-0.014702,-0.014709,-0.020109,0.022982,-0.046867,0.001441,0.000257
0,0.013887,0.092429,-0.0497,0.118727,-0.076246,0.0951,0.000242,0.001613
0,0.11707,0.170677,0.10795,0.097364,0.15152,0.060382,0.002043,0.002639
0,0.061201,-0.007991,-0.053362,-0.155986,-0.076511,-0.184705,0.001068,0.000139
0,0.029687,-0.038446,-0.044831,-0.044464,-0.013247,-0.065848,0.000518,0.000671
0,0.040913,-0.065755,0.025928,-0.034978,0.030941,-0.043216,0.000714,0.001148
0,-0.017378,0.122569,-0.080778,0.201468,-0.036928,0.229355,0.000303,0.002139
0,0.04121,0.041351,0.032044,-0.081535,0.006256,-0.053729,0.000719,0.000722
0,0.066029,0.130411,0.031585,0.10804,0.063869,0.136059,0.001152,0.002276
0,-0.002887,0.089551,-0.097778,-0.047423,-0.14263,-0.089818,5e-05,0.001563
0,0.13175,0.06481,0.152456,-0.022433,0.182404,0.020101,0.002299,0.001131
0,0.059829,0.01201,-0.086685,-0.060595,-0.098278,-0.071493,0.001044,0.00021
0,0.083316,0.203606,-0.00275,0.162798,0.012057,0.164527,0.001454,0.002064
0,1.355587,-0.055331,1.301267,-0.286753,1.290609,-0.309386,0.001189,0.000966
0,1.775551,0.028528,0.449016,0.082709,0.461461,0.131642,0.002716,0.000498
0,1.910066,0.140135,0.154992,0.091106,0.20295,0.059592,0.000368,0.002446
0,1.609296,-0.090707,-0.322848,-0.21332,-0.291834,-0.224987,0.0,0.001583
0,1.176279,0.025401,-0.417441,0.13653,-0.431952,0.128581,0.00194,0.000443
0,1.055927,0.040963,-0.134402,0.033549,-0.112841,-0.015205,0.001577,0.000715
0,0.556542,-0.07788,-0.486991,-0.130873,-0.527828,-0.100927,0.001522,0.001359
0,0.228158,0.113514,-0.307011,0.194993,-0.355003,0.175267,0.001635,0.001981
0,0.266358,0.063588,0.030735,-0.053454,-0.012393,-0.071515,0.000969,0.00111
0,0.168359,-0.088559,-0.091578,-0.164164,-0.103464,-0.117637,0.002679,0.001546
0,0.019467,-0.035859,-0.136179,0.056695,-0.136157,0.019625,0.00034,0.000626
0,-0.182612,0.041815,-0.204465,0.08561,-0.163476,0.107136,0.00243,0.00073
0,-0.163824,-0.077162,0.004567,-0.144588,0.045225,-0.1511,0.002758,0.001347
0,-0.127009,-0.012574,0.044404,0.041151,0.006616,0.029316,0.002217,0.000219
0,-0.197824,-0.058508,-0.065821,-0.065513,-0.104446,-0.08581,0.002165,0.001021
0,-0.234195,0.065188,-0.064658,0.113382,-0.082562,0.129913,0.00153,0.001138
0,-0.205122,0.133584,0.056254,0.049609,0.032928,0.042088,0.002037,0.002331
0,-0.238899,0.1367,-0.041944,0.025554,-0.090984,0.029012,0.001448,0.002386
0,-0.258964,0.209614,-0.03768,0.098489,0.011903,0.063338,0.001098,0.001959
0,-0.184567,0.216487,0.0989,-0.012935,0.093187,0.004925,0.002396,0.001839
0,-0.333917,-0.033116,-0.178139,-0.233646,-0.197168,-0.219794,0.00021,0.000578
0,-0.242739,-0.083655,0.095325,-0.069595,0.118626,-0.113118,0.001381,0.00146
0,-0.209077,0.176713,0.061484,0.273676,0.041765,0.223785,0.001968,0.002533
0,-0.231409,-0.078316,-0.021253,-0.260716,0.006995,-0.27794,0.001579,0.001367
0,-0.065646,0.143335,0.169131,0.231147,0.132036,0.187819,0.001146,0.002502
0,-0.236342,-0.039264,-0.187074,-0.196018,-0.166123,-0.192117,0.001493,0.000685
0,-0.187891,0.068231,0.02367,0.124657,0.057426,0.079684,0.002338,0.001191
0,-0.20051,0.192679,-0.006836,0.127969,0.036483,0.152277,0.002118,0.002255
0,-0.145765,0.209237,0.045331,0.00441,0.033871,0.010031,0.002544,0.001966
0,-0.173818,0.125456,-0.02428,-0.060722,0.015056,-0.02512,0.002584,0.00219
0,0.135143,-0.056221,0.331265,-0.207632,0.34497,-0.227635,0.002359,0.000981
0,-0.104442,0.043146,-0.229307,0.095398,-0.242286,0.134569,0.001823,0.000753
0,-0.042067,0.186634,0.04816,0.162899,0.026143,0.211667,0.000734,0.00236
0,0.024955,0.008243,0.078393,-0.191141,0.099918,-0.233647,0.000436,0.000144
0,-0.070719,0.128334,-0.119822,0.118345,-0.144268,0.140445,0.001234,0.00224
0,-0.110932,0.03248,-0.023874,-0.090829,0.019337,-0.134196,0.001936,0.000567
0,-0.059368,0.0841,0.080532,0.050042,0.123007,0.032216,0.001036,0.001468
0,-0.106552,0.083068,-0.042947,-0.00604,-0.018006,-0.02687,0.00186,0.00145
0,0.104368,0.120917,0.187053,0.035989,0.140093,-0.002197,0.001822,0.00211
0,0.213263,0.15132,0.085531,0.00529,0.098427,-0.007765,0.001895,0.002641
0,0.092718,0.125868,-0.107158,-0.040045,-0.112053,-0.086779,0.001618,0.002197
0,0.030789,0.13879,-0.041871,0.009787,-0.006991,0.026251,0.000537,0.002422
0,0.180729,0.079197,0.141893,-0.056028,0.181585,-0.057419,0.002463,0.001382
0,0.086919,0.049962,-0.113227,-0.005993,-0.143468,-0.033749,0.001517,0.000872
0,0.040515,0.017326,-0.063402,-0.061728,-0.059519,-0.071979,0.000707,0.000302
0,0.213751,-0.089442,0.179052,-0.104832,0.172406,-0.133757,0.001887,0.001561
0,0.246782,-0.023925,0.034187,0.068861,0.019524,0.04636,0.00131,0.000418
0,-0.530338,0.390338,-0.786411,0.440301,-0.798713,0.428383,0.001979,0.001195
0,-0.962897,0.776509,-0.441368,0.384952,-0.488616,0.364242,4.7e-05,0.002318
0,-1.073086,0.774114,-0.081215,-0.003308,-0.092789,-0.020649,0.001876,0.002276
0,-1.215185,0.917764,-0.171674,0.161985,-0.177182,0.165858,0.001261,0.000835
0,-1.393239,1.102662,-0.16764,0.210709,-0.125768,0.199356,0.001847,0.002393
0,-1.198314,0.815786,0.169483,-0.259154,0.123415,-0.216235,0.001556,0.002614
0,-1.16639,0.727586,0.020874,-0.10453,0.006368,-0.103205,0.002113,0.001464
0,-0.737778,0.559743,0.454466,-0.163831,0.440158,-0.115175,0.001642,0.001466
0,-0.381215,0.444373,0.352914,-0.108075,0.338144,-0.130988,0.001036,0.002138
0,-0.191088,0.481216,0.170849,0.065118,0.206192,0.030829,0.002282,0.002781
0,-0.035955,0.131295,0.131724,-0.330957,0.152392,-0.301853,0.000628,0.002292
0,0.098968,0.176254,0.107903,0.024085,0.121271,0.059887,0.001727,0.002541
0,0.002912,0.004697,-0.07439,-0.160329,-0.029468,-0.174006,5.1e-05,8.2e-05
0,-0.005665,0.107142,-0.030791,0.079784,-0.021119,0.096478,9.9e-05,0.00187
0,0.037289,-0.06438,0.033098,-0.190867,0.006501,-0.194711,0.000651,0.001124
0,0.026703,-0.106862,-0.009089,-0.053843,-0.036227,-0.074674,0.000466,0.001865
0,0.093144,0.083029,0.055893,0.202298,0.077458,0.218535,0.001626,0.001449
0,0.203147,-0.099482,0.138325,-0.179295,0.100854,-0.218757,0.002072,0.001736
0,0.102017,0.046381,-0.109355,0.118779,-0.063716,0.10734,0.001781,0.00081
0,0.118041,0.023323,0.039613,-0.051733,0.030225,-0.005456,0.00206,0.000407
0,0.102941,-0.117748,-0.039267,-0.152507,-0.034422,-0.144982,0.001797,0.002055
0,0.238608,-0.059165,0.145906,0.050759,0.172117,0.028553,0.001453,0.001033
0,0.142786,-0.140147,-0.123864,-0.099121,-0.150727,-0.053351,0.002492,0.002446
0,0.17998,0.083476,0.06026,0.196633,0.038823,0.146738,0.002476,0.001457
0,0.090516,-0.048571,-0.082781,-0.149921,-0.127498,-0.104559,0.00158,0.000848
0,0.185622,-0.051108,0.118492,-0.009911,0.157616,-0.039115,0.002378,0.000892
0,0.008589,0.019395,-0.170935,0.050455,-0.132444,0.027649,0.00015,0.000338
0,0.129168,-0.113899,0.107585,-0.12294,0.155903,-0.153178,0.002254,0.001988
0,0.203913,-0.114565,0.085338,0.011055,0.057186,0.035414,0.002059,0.002
0,-0.069232,-0.106463,-0.293372,-0.010128,-0.24813,-0.047801,0.001208,0.001858
0,0.057478,0.096698,0.118742,0.183755,0.131991,0.166698,0.001003,0.001688
0,0.011733,0.041104,-0.063889,-0.083232,-0.073391,-0.051319,0.000205,0.000717
0,0.217867,-0.03251,0.207017,-0.069151,0.200677,-0.084787,0.001815,0.000567
0,0.219378,-0.034796,-0.011348,0.007989,-0.033926,0.000775,0.001789,0.000607
0,0.010242,-0.025583,-0.191135,0.017455,-0.20656,-0.029109,0.000179,0.000447
0,0.163164,-0.075019,0.146407,-0.061371,0.137089,-0.04313,0.00277,0.001309
0,0.0385,-0.096765,-0.120218,-0.040422,-0.147003,-0.009704,0.000672,0.001689
0,-0.051711,0.030719,-0.106106,0.145227,-0.059313,0.177416,0.000903,0.000536
0,0.148882,-0.15686,0.198728,-0.202281,0.212061,-0.16786,0.002598,0.002738
0,-0.003843,-0.00283,-0.152145,0.148037,-0.167236,0.132951,6.7e-05,4.9e-05
0,0.019482,-0.149919,0.037825,-0.169751,0.066654,-0.205361,0.00034,0.002617
0,-0.127527,0.095017,-0.168676,0.251947,-0.201595,0.268711,0.002226,0.001658
0,0.041062,0.046684,0.151962,-0.033384,0.187944,0.002658,0.000717,0.000815
0,0.147523,0.086903,0.133099,0.0541,0.085769,0.031763,0.002575,0.001517
0,0.102788,-0.203537,-0.05691,-0.266869,-0.080544,-0.298115,0.001794,0.002065
0,-0.014453,-0.132517,-0.144503,0.066866,-0.185625,0.084921,0.000252,0.002313
0,0.062728,-0.105337,0.102062,0.007065,0.126503,0.030641,0.001095,0.001838
0,0.028063,0.125122,-0.010909,0.244748,0.010402,0.280979,0.00049,0.002184
0,0.043812,-0.034461,0.035618,-0.155269,0.065941,-0.128491,0.000765,0.000601
0,-0.002931,-0.006365,-0.02208,0.026205,-0.043409,0.0337,5.1e-05,0.000111
0,-0.138957,0.048208,-0.113575,0.050643,-0.159254,0.082689,0.002425,0.000841
0,-0.046124,-0.018824,0.078046,-0.074019,0.094821,-0.101241,0.000805,0.000329
0,-0.080217,-0.086706,-0.01697,-0.091867,-0.065154,-0.05494,0.0014,0.001513
0,-0.092245,0.175917,0.001657,0.288569,-0.026328,0.244539,0.00161,0.002547
0,-0.180963,0.110028,-0.088575,-0.045362,-0.040441,-0.014634,0.002459,0.00192
0,-0.134959,-0.003011,0.026982,-0.129314,0.071827,-0.124883,0.002355,5.3e-05
0,-2.292035,-0.679347,-2.1622,-0.655054,-2.201187,-0.60771,0.000681,0.000622
0,-3.230407,-1.060567,-0.947011,-0.372837,-0.91068,-0.389042,0.000206,0.001658
0,-3.237002,-1.545694,-0.003691,-0.503431,-0.016596,-0.462077,0.000321,0.00111
0,-2.589628,-1.489266,0.620372,0.078449,0.593581,0.09874,0.000257,0.002095
0,-2.487026,-1.543444,0.121617,-0.061363,0.075729,-0.067432,0.001533,0.001149
0,-2.04494,-1.615607,0.412165,-0.090829,0.437257,-0.086081,0.001986,0.00011
0,-1.588311,-1.190168,0.462095,0.399521,0.47152,0.44464,0.000366,0.001698
0,-1.13334,-1.061176,0.445541,0.136286,0.473139,0.125829,0.00269,0.001668
0,-0.344241,-0.767373,0.79106,0.319074,0.832689,0.340238,0.000391,0.002158
0,-0.132277,-0.607398,0.2255,0.14113,0.201753,0.15768,0.002309,0.000634
0,0.233695,-0.310793,0.349965,0.267934,0.373404,0.251269,0.001539,0.000193
0,0.32178,-0.085439,0.103995,0.250445,0.100386,0.264231,1e-06,0.001491
0,0.139405,-0.188674,-0.190186,-0.108425,-0.213441,-0.101699,0.002433,0.002325
0,0.080467,0.120566,-0.082514,0.3182,-0.08101,0.280181,0.001404,0.002104
0,0.165834,0.015922,0.059279,-0.120786,0.06297,-0.155107,0.002723,0.000278
0,0.330346,0.046773,0.182478,0.032838,0.177298,0.043479,0.000148,0.000816
0,0.115571,0.248783,-0.229252,0.195618,-0.183605,0.188439,0.002017,0.001275
0,0.220788,0.089906,0.114512,-0.169145,0.145591,-0.183534,0.001764,0.001569
0,0.102528,0.204379,-0.1008,0.102819,-0.05597,0.080682,0.001789,0.00205
0,0.023332,0.127395,-0.092929,-0.086445,-0.138281,-0.105735,0.000407,0.002223
0,-0.075491,0.148329,-0.112038,0.013857,-0.08425,-0.030885,0.001318,0.002589
0,-0.163854,-0.090098,-0.073899,-0.263832,-0.03368,-0.258046,0.002758,0.001573
0,-0.114377,0.125865,0.056736,0.218698,0.08843,0.256682,0.001996,0.002197
0,0.108809,-0.076474,0.194078,-0.19898,0.208676,-0.19522,0.001899,0.001335
0,-0.121864,0.003406,-0.251822,0.097673,-0.222999,0.082233,0.002127,5.9e-05
0,0.03324,-0.015495,0.125523,-0.002775,0.079709,-0.019028,0.00058,0.00027
0,0.049826,0.040576,0.030869,0.065465,0.052709,0.114718,0.00087,0.000708
0,-0.130186,-0.043293,-0.170095,-0.106781,-0.214807,-0.058106,0.002272,0.000756
0,0.161892,-0.090523,0.26629,-0.038064,0.255818,-0.031937,0.002792,0.00158
0,-0.171989,-0.021941,-0.344601,0.095514,-0.33608,0.120364,0.002616,0.000383
0,0.030783,-0.059231,0.198442,-0.032988,0.202932,-0.079921,0.000537,0.001034
0,-0.066952,0.155168,-0.081893,0.212929,-0.12126,0.245773,0.001169,0.002708
0,-0.123478,0.01369,-0.058284,-0.132295,-0.021287,-0.177676,0.002155,0.000239
0,-0.121916,-0.118429,0.005908,-0.117686,-0.032188,-0.114354,0.002128,0.002067
0,0.148318,0.157656,0.241589,0.290839,0.263871,0.340837,0.002589,0.002752
0,-0.123493,0.107179,-0.270047,-0.059706,-0.298239,-0.063682,0.002155,0.001871
0,-0.042591,-0.073681,0.069032,-0.18504,0.078967,-0.197099,0.000743,0.001286
0,0.009167,0.122492,0.063361,0.176621,0.098188,0.16772,0.00016,0.002138
0,-0.085101,-0.090332,-0.084215,-0.193313,-0.107879,-0.181518,0.001485,0.001577
0,-0.181623,-0.012187,-0.125117,0.086232,-0.092823,0.135559,0.002448,0.000213
0,-0.008657,-0.089769,0.16129,-0.066243,0.129033,-0.040643,0.000151,0.001567
0,-0.071335,-0.068513,-0.039836,0.012812,-0.062901,-0.032752,0.001245,0.001196
0,0.010414,0.136207,0.102256,0.215346,0.103856,0.255801,0.000182,0.002377
0,-0.002593,-0.063162,-0.036462,-0.204395,-0.058226,-0.161783,4.5e-05,0.001102
0,-0.089298,-0.016041,-0.094301,0.059172,-0.050889,0.028129,0.001559,0.00028
0,0.02089,0.052333,0.098048,0.084077,0.051314,0.069131,0.000365,0.000913
0,-0.0753,0.019341,-0.075715,-0.012863,-0.035305,-0.019173,0.001314,0.000338
0,-0.054074,-0.012249,0.013248,-0.015655,-0.016598,0.020204,0.000944,0.000214
0,0.044129,-0.091311,0.121106,-0.088417,0.115098,-0.127581,0.00077,0.001594
0,-0.030183,0.094505,-0.088336,0.156653,-0.134363,0.17592,0.000527,0.001649
0,-0.093144,0.150639,-0.065409,0.061445,-0.107009,0.087167,0.001626,0.002629
0,-0.17068,0.16778,-0.096319,0.04193,-0.101248,0.022836,0.002639,0.002689
0,-0.168992,0.146432,0.021692,-0.034306,0.055698,-0.076134,0.002668,0.002556
0,-0.149598,0.053575,0.046799,-0.073213,0.080809,-0.033232,0.002611,0.000935
0,-0.211305,0.128423,-0.086038,0.056722,-0.045164,0.100621,0.00193,0.002241
0,0.07408,-0.045386,0.263986,-0.192362,0.294602,-0.221823,0.001293,0.000792
0,-0.019982,0.091088,-0.123064,0.130949,-0.080162,0.157578,0.000349,0.00159
0,0.086947,0.114811,0.120918,0.007813,0.091618,-0.007855,0.001518,0.002004
0,0.127688,0.110835,0.038438,-0.02832,0.05913,-0.03602,0.002229,0.001934
0,-0.103581,-0.159661,-0.219704,-0.276675,-0.182269,-0.286328,0.001808,0.002787
0,-0.062695,0.151587,0.055012,0.340864,0.04698,0.347243,0.001094,0.002646
0,0.054635,0.014532,0.122574,-0.156717,0.117674,-0.184415,0.000954,0.000254
0,0.015077,-0.063252,-0.061053,-0.084103,-0.030026,-0.098681,0.000263,0.001104
0,0.094389,0.080268,0.069089,0.142114,0.023883,0.125084,0.001647,0.001401
0,-0.036302,0.046736,-0.104601,-0.05371,-0.115834,-0.089568,0.000634,0.000816
0,-0.12988,0.169107,-0.067421,0.115859,-0.080048,0.07655,0.002267,0.002666
0,1.807386,-0.073678,1.926436,-0.21301,1.894777,-0.195825,0.00216,0.001286
0,2.336081,-0.377964,0.52367,-0.312237,0.525161,-0.348134,0.00145,0.000979
0,2.03534,-0.53094,-0.323686,-0.129175,-0.295587,-0.145292,0.001818,0.001968
0,2.32475,-0.580014,0.290148,-0.035333,0.255046,-0.074947,0.001252,0.001112
0,1.579148,-0.423327,-0.756637,0.181986,-0.769058,0.200999,0.000526,0.001771
0,1.188602,-0.365665,-0.374608,0.073878,-0.388056,0.10577,0.001725,0.000765
0,0.881376,-0.183928,-0.30509,0.189194,-0.340404,0.198704,0.00147,0.002407
0,0.790423,-0.177064,-0.099994,0.036151,-0.06142,0.035174,0.00256,0.002527
0,0.224683,-0.211261,-0.571055,-0.060428,-0.539458,-0.079599,0.001696,0.00193
0,0.045813,0.041275,-0.17054,0.23812,-0.133932,0.231208,0.0008,0.00072
0,-0.078399,-0.157909,-0.128706,-0.186814,-0.099277,-0.210887,0.001368,0.002756
0,-0.11199,-0.088276,-0.011882,0.074064,-0.029854,0.043854,0.001955,0.001541
0,-0.088374,0.159034,0.009774,0.233235,0.04773,0.239413,0.001542,0.002776
0,-0.07718,0.122062,-0.010495,-0.052027,-0.0556,-0.085272,0.001347,0.00213
0,-0.075561,0.172164,-0.012241,0.058978,-0.016325,0.019849,0.001319,0.002613
0,-0.192888,0.033089,-0.103067,-0.118669,-0.135517,-0.101778,0.002251,0.000578
0,-0.326478,0.091879,-0.142539,0.080114,-0.116118,0.040435,8.1e-05,0.001604
0,-0.169261,0.03522,0.162015,-0.04085,0.203581,-0.007737,0.002663,0.000615
0,-0.288987,0.053001,-0.14093,0.020421,-0.104019,0.02738,0.000574,0.000925
0,-0.146348,0.067019,0.125858,-0.011389,0.141415,0.009495,0.002554,0.00117
0,-0.090107,0.021577,0.06449,-0.034769,0.031594,-0.063033,0.001573,0.000377
0,-0.10443,0.07756,-0.010674,0.035964,0.035973,0.058993,0.001823,0.001354
0,0.081339,0.026737,0.180011,-0.034739,0.142976,-0.067767,0.00142,0.000467
0,0.101729,-0.107053,0.002052,-0.120356,0.010088,-0.077924,0.001776,0.001868
0,-0.094814,0.054363,-0.188779,0.173238,-0.185274,0.14335,0.001655,0.000949
0,0.137708,-0.040402,0.21049,-0.082252,0.250573,-0.100041,0.002403,0.000705
0,0.031819,0.031197,-0.114214,0.071132,-0.115012,0.07739,0.000555,0.000544
0,0.103944,-0.090951,0.099953,-0.12548,0.115186,-0.084794,0.001814,0.001587
0,-0.046515,0.141145,-0.154067,0.217291,-0.199983,0.195555,0.000812,0.002463
0,-0.113949,-0.094116,-0.062187,-0.255757,-0.077882,-0.210461,0.001989,0.001643
0,0.090008,-0.104954,0.220004,-0.015197,0.246707,-0.054482,0.001571,0.001832
0,0.120623,0.056751,0.036957,0.142124,0.068924,0.171713,0.002105,0.00099
0,0.09469,-0.146465,-0.033172,-0.217941,-0.066455,-0.225665,0.001653,0.002556
0,-0.007934,-0.083397,-0.100578,0.053581,-0.135023,0.075622,0.000138,0.001456
0,0.045391,-0.031864,0.04578,0.035351,-0.000539,0.035418,0.000792,0.000556
0,-0.061244,-0.172842,-0.118673,-0.134265,-0.130741,-0.178177,0.001069,0.002601
0,-0.095347,-0.158338,-0.012599,-0.015277,0.006706,-0.063077,0.001664,0.002764
0,0.12832,0.065453,0.207389,0.23641,0.200164,0.23818,0.00224,0.001142
0,0.179401,-0.025017,0.048778,-0.078646,0.003704,-0.114439,0.002486,0.000437
0,0.024315,-0.029249,-0.126197,-0.032317,-0.115897,-0.055976,0.000424,0.00051
0,0.135107,0.031468,0.12708,0.047389,0.103865,0.027012,0.002358,0.000549
0,0.01033,0.013011,-0.113899,0.001388,-0.078668,0.048536,0.00018,0.000227
0,0.12454,0.10367,0.115953,0.110547,0.070982,0.073392,0.002174,0.001809
0,0.130961,0.035258,-0.011481,-0.070862,-0.043993,-0.118939,0.002286,0.000615
0,0.057979,-0.070453,-0.087289,-0.077486,-0.049277,-0.02784,0.001012,0.00123
0,-0.1149,-0.024913,-0.160116,0.015577,-0.166169,0.017142,0.002005,0.000435
0,0.058561,0.171652,0.158581,0.185576,0.164117,0.174271,0.001022,0.002622
0,0.107178,0.165893,0.046734,0.020126,0.011482,0.024437,0.001871,0.002722
0,-0.105706,0.111285,-0.23769,-0.074379,-0.235276,-0.121425,0.001845,0.001942
0,0.15533,0.054552,0.256735,-0.067204,0.222662,-0.031342,0.002711,0.000952
0,-0.085497,0.128425,-0.223515,0.097595,-0.265033,0.120067,0.001492,0.002241
0,-0.038061,0.054978,0.068588,-0.068876,0.030112,-0.06322,0.000664,0.00096
0,0.19605,-0.028518,0.262616,-0.071735,0.262892,-0.0653,0.002196,0.000498
0,-0.025692,-0.009044,-0.208594,-0.001251,-0.201735,0.004153,0.000448,0.000158
0,-0.126208,-0.033352,-0.113619,-0.048436,-0.068246,0.00141,0.002203,0.000582
0,0.029227,0.043665,0.150562,0.049847,0.115478,0.074066,0.00051,0.000762
0,-0.086716,0.151478,-0.104454,0.114153,-0.087607,0.14706,0.001513,0.002644
0,-0.092508,-0.104618,0.009815,-0.27559,0.022218,-0.255549,0.001615,0.001826
0,0.046423,-0.037819,0.131466,0.045282,0.152898,0.075996,0.00081,0.00066
0,-0.030468,0.12484,-0.085596,0.187045,-0.093796,0.158275,0.000532,0.002179
0,-0.042004,0.136062,-0.004371,0.026261,0.025673,0.000303,0.000733,0.002375
0,-0.017471,0.184664,0.045238,0.043116,0.038863,0.039651,0.000305,0.002395
0,0.101687,0.094111,0.135982,-0.066436,0.168642,-0.08487,0.001775,0.001643
0,0.109471,0.12442,-0.008789,0.00379,-0.024961,-0.042515,0.001911,0.002172
0,-0.096684,0.143464,-0.22402,0.036653,-0.25483,0.000928,0.001687,0.002504
0,-0.049849,0.034244,0.022821,-0.118548,0.037528,-0.164607,0.00087,0.000598
0,0.06558,-0.030096,0.085876,-0.04491,0.128302,-0.067901,0.001145,0.000525
0,-0.07846,-0.042367,-0.169283,-0.041684,-0.159829,-0.08448,0.001369,0.000739
0,0.140183,-0.019931,0.221977,0.015819,0.200303,0.038251,0.002447,0.000348
0,0.095905,0.078576,-0.072694,0.079238,-0.030686,0.049977,0.001674,0.001371
0,-0.070193,0.152017,-0.169633,0.077276,-0.158082,0.075922,0.001225,0.002653
0,0.212446,-0.115989,0.304515,-0.250131,0.296757,-0.272156,0.00191,0.002024
0,0.199747,-0.0274,-0.003277,0.060985,-0.046966,0.040161,0.002131,0.000478
0,0.152428,0.136602,-0.073148,0.154873,-0.074022,0.10758,0.00266,0.002384
0,0.077668,0.121846,-0.071663,-0.03445,-0.077747,-0.016369,0.001356,0.002127
0,0.123367,-0.034631,0.017967,-0.150537,0.062131,-0.194146,0.002153,0.000604
0,0.095063,0.032081,-0.028932,0.091244,-0.07567,0.119464,0.001659,0.00056
0,0.142828,0.193751,0.077685,0.182682,0.111142,0.185307,0.002493,0.002236
0,0.128209,0.018988,-0.008879,-0.190479,-0.025767,-0.213098,0.002238,0.000331
0,0.014269,-0.003727,-0.090621,-0.050655,-0.057569,-0.040649,0.000249,6.5e-05
0,0.076945,0.133928,0.059185,0.157442,0.092761,0.148442,0.001343,0.002337
0,0.009134,0.066793,-0.097644,-0.0877,-0.083806,-0.117122,0.000159,0.001166
0,-0.008032,0.058559,-0.029368,-0.032983,0.004132,-0.062891,0.00014,0.001022
0,-0.120382,0.12008,-0.098525,0.058783,-0.147187,0.057636,0.002101,0.002096
0,-0.049581,0.214725,0.068689,0.090077,0.093387,0.07624,0.000865,0.00187
0,0.030683,0.186775,0.059336,-0.009499,0.097965,-0.031597,0.000536,0.002358
0,0.108274,0.118467,0.099884,-0.042438,0.128945,-0.067175,0.00189,0.002068
0,0.195113,0.194632,0.062567,0.081265,0.100326,0.036215,0.002212,0.002221
0,0.073391,0.10002,-0.110037,-0.106994,-0.142776,-0.109218,0.001281,0.001746
0,0.088147,0.03107,-0.002721,-0.081091,-0.044245,-0.076245,0.001538,0.000542
0,0.001292,0.111674,-0.070604,0.104976,-0.091961,0.142597,2.3e-05,0.001949
0,0.100887,0.088366,0.116061,-0.023373,0.127929,0.010888,0.001761,0.001542
0,-0.028162,0.083668,-0.110163,-0.000322,-0.062016,0.019162,0.000492,0.00146
0,0.095489,-0.050863,0.094203,-0.12429,0.141776,-0.129374,0.001667,0.000888
0,0.116822,0.100698,0.02739,0.126152,0.011389,0.145608,0.002039,0.001758
0,0.048288,0.117392,-0.054861,-0.005425,-0.085221,-0.033099,0.000843,0.002049
0,0.028825,-0.02598,-0.039945,-0.130852,-0.057523,-0.086441,0.000503,0.000453
0,-0.029997,0.086416,-0.05759,0.107475,-0.011446,0.091186,0.000524,0.001508
0,0.092231,0.167704,0.111504,0.062095,0.150021,0.052707,0.00161,0.002691
0,0.099222,-0.058909,-0.01809,-0.231946,-0.061781,-0.26814,0.001732,0.001028
0,0.023882,0.038388,-0.071668,0.069614,-0.116633,0.045837,0.000417,0.00067
0,0.259442,0.102865,0.257473,0.059145,0.270286,0.062268,0.001089,0.001795
0,0.082364,-0.066777,-0.193997,-0.153428,-0.145026,-0.13169,0.001438,0.001165
0,0.373605,0.025116,0.28825,0.095382,0.276995,0.076186,0.000903,0.000438
0,0.267789,0.163423,-0.10731,0.141564,-0.104249,0.164264,0.000944,0.002765
0,0.207497,0.057117,-0.063559,-0.091546,-0.034715,-0.094504,0.001996,0.000997
0,0.265814,0.125247,0.078441,0.071436,0.049517,0.107513,0.000978,0.002186
0,0.254926,0.060025,0.006078,-0.066527,-0.012744,-0.103431,0.001168,0.001048
0,0.370444,0.166817,0.144324,0.105508,0.185044,0.109169,0.000848,0.002706
0,0.171664,0.028401,-0.20646,-0.13258,-0.172317,-0.165227,0.002621,0.000496
0,0.148724,-0.006739,-0.030483,-0.033989,0.003853,-0.025842,0.002596,0.000118
0,0.269972,0.098637,0.096751,0.079449,0.058079,0.041274,0.000906,0.001722
0,-0.022109,0.035678,-0.280181,-0.04681,-0.314977,-0.005711,0.000386,0.000623
0,-0.068002,0.184677,-0.060799,0.146899,-0.036521,0.118641,0.001187,0.002394
0,0.020081,-0.031665,0.078588,-0.230934,0.065193,-0.270242,0.00035,0.000553
0,0.164575,0.003756,0.13978,0.00864,0.113385,-0.001422,0.002745,6.6e-05
0,0.009582,0.071297,-0.12659,0.076299,-0.149893,0.072531,0.000167,0.001244
0,-0.100357,0.154645,-0.109893,0.066904,-0.159444,0.110734,0.001752,0.002699
0,0.09833,0.06823,0.177023,-0.085217,0.216015,-0.071849,0.001716,0.001191
0,-0.007077,0.070523,-0.086773,0.001346,-0.040221,0.029612,0.000124,0.001231
0,0.19952,0.033638,0.207083,-0.055506,0.242987,-0.056963,0.002135,0.000587
0,-0.10063,0.199372,-0.284935,0.178085,-0.274116,0.186377,0.001756,0.002138
0,0.002504,0.070441,0.104061,-0.153227,0.132701,-0.119643,4.4e-05,0.001229
0,-0.037117,0.153449,-0.033329,0.106982,-0.005218,0.070696,0.000648,0.002678
0,-0.019499,0.145318,0.041634,0.01635,0.047322,0.031402,0.00034,0.002536
0,0.055801,0.15306,0.103733,0.015291,0.122286,0.045973,0.000974,0.002671
0,0.022454,-0.025029,-0.012997,-0.152242,-0.034368,-0.113375,0.000392,0.000437
0,-0.003527,-0.059622,-0.012911,-0.02085,-0.017432,-0.058865,6.2e-05,0.001041
0,-0.105162,-0.043296,-0.109181,0.035423,-0.135311,0.062173,0.001835,0.000756
0,0.094224,0.202216,0.220663,0.243238,0.261229,0.279207,0.001645,0.002088
0,0.004858,0.080382,-0.117724,-0.111667,-0.15155,-0.115216,8.5e-05,0.001403
0,0.082234,0.037317,0.070429,-0.030694,0.08717,-0.063539,0.001435,0.000651
0,0.102891,0.112086,0.045958,0.066194,0.040953,0.106001,0.001796,0.001956
0,0.1633,0.057519,0.04717,-0.065407,0.017136,-0.0651,0.002767,0.001004
0,0.182245,-0.079941,0.036168,-0.155148,0.02991,-0.111917,0.002437,0.001395
0,0.017835,0.027476,-0.179018,0.079239,-0.161359,0.108646,0.000311,0.00048
0,0.007132,-0.086201,-0.01665,-0.096599,-0.053739,-0.074225,0.000124,0.001504
0,-0.047355,0.154908,-0.076019,0.250454,-0.037984,0.234643,0.000826,0.002704
0,0.119083,0.081834,0.16699,-0.088966,0.160653,-0.123455,0.002078,0.001428
0,-0.019075,0.056563,-0.109558,-0.034854,-0.129863,0.014219,0.000333,0.000987
0,0.156031,0.090994,0.17576,0.022303,0.158117,-0.002113,0.002723,0.001588
0,-0.073783,0.168511,-0.219244,0.08408,-0.196559,0.098526,0.001288,0.002676
0,0.202008,0.114995,0.265183,-0.03177,0.236806,0.002804,0.002092,0.002007
0,0.130716,0.189135,-0.058836,0.052221,-0.085302,0.028391,0.002281,0.002316
0,0.099091,-0.007121,-0.026908,-0.216185,-0.058742,-0.211696,0.001729,0.000124
0,0.117736,0.019967,-0.00768,0.007025,0.020563,0.019028,0.002055,0.000348
0,0.11813,0.028292,0.023394,-0.018998,0.034163,-0.009451,0.002062,0.000494
0,0.172573,0.178784,0.074476,0.151987,0.043615,0.106636,0.002606,0.002497
0,0.179296,-0.040068,0.013168,-0.209961,0.024647,-0.161925,0.002488,0.000699
0,0.095899,0.131891,-0.063532,0.147601,-0.056383,0.155434,0.001674,0.002302
0,0.249972,-0.063181,0.144799,-0.210172,0.115502,-0.258638,0.001255,0.001103
0,0.249221,0.067272,-0.005489,0.156069,-0.051917,0.166489,0.001268,0.001174
0,0.150638,-0.004241,-0.078232,-0.058759,-0.084152,-0.108592,0.002629,7.4e-05
0,0.174171,0.094241,0.001465,0.070299,-0.035011,0.114287,0.002578,0.001645
0,0.02751,0.01066,-0.124568,-0.078178,-0.173468,-0.123346,0.00048,0.000186
0,0.200874,0.074834,0.196353,0.054612,0.215976,0.019343,0.002112,0.001306
0,0.094634,-0.082794,-0.110113,-0.183128,-0.151626,-0.227015,0.001652,0.001445
0,-0.003083,-0.105358,-0.095929,0.005027,-0.138818,0.043456,5.4e-05,0.001839
0,0.031249,0.004698,0.062644,0.133372,0.027686,0.101525,0.000545,8.2e-05
0,0.01376,-0.009698,-0.040633,-0.034502,-0.071372,-0.040003,0.00024,0.000169
0,0.023638,0.024661,0.02624,0.007274,0.063851,-0.013769,0.000413,0.00043
0,0.105218,-0.092996,0.072038,-0.117801,0.069685,-0.086779,0.001836,0.001623
0,0.085149,0.141853,-0.031182,0.232675,-0.023832,0.251785,0.001486,0.002476
0,-0.737663,-0.828096,-0.795636,-0.977147,-0.812726,-0.939132,0.00164,0.0024
0,-0.89374,-1.238,-0.129618,-0.415381,-0.132035,-0.402123,0.001254,0.000863
0,-0.919205,-1.519021,-0.009093,-0.259765,0.015716,-0.218505,0.000809,0.001576
0,-1.059783,-1.391566,-0.150401,0.109173,-0.167418,0.072999,0.001644,0.001817
0,-0.695589,-1.289035,0.389767,0.103004,0.437308,0.080425,0.000905,2.8e-05
0,-0.50047,-0.971595,0.20753,0.31331,0.228404,0.342448,0.0025,0.000105
0,-0.409012,-0.715571,0.114687,0.232695,0.114438,0.218242,0.001521,0.001254
0,-0.247245,-0.749774,0.178442,-0.050896,0.142097,-0.034231,0.001302,0.001851
0,-0.124106,-0.476411,0.111266,0.251107,0.061865,0.271321,0.002166,0.002697
0,0.008042,-0.413023,0.140346,0.033955,0.139504,0.058507,0.00014,0.001591
0,0.028343,-0.136684,0.011569,0.303931,-0.028819,0.348339,0.000495,0.002386
0,0.079903,-0.104121,0.072047,0.007737,0.065086,-0.028725,0.001395,0.001817
0,0.20348,-0.305542,0.147485,-0.208896,0.155064,-0.216639,0.002066,0.000285
0,-0.066922,0.022361,-0.253982,0.350057,-0.278766,0.320945,0.001168,0.00039
0,0.09331,0.048177,0.187901,0.033611,0.19063,-0.011859,0.001629,0.000841
0,0.154502,-0.227598,0.069135,-0.249411,0.099103,-0.277867,0.002697,0.001645
0,-0.072796,-0.113853,-0.216288,0.124774,-0.195746,0.098283,0.001271,0.001987
0,0.169431,-0.016365,0.263215,0.122855,0.263476,0.153469,0.00266,0.000286
0,0.047545,-0.112789,-0.145213,-0.118879,-0.180173,-0.129417,0.00083,0.001969
0,0.220204,-0.211314,0.182654,-0.104872,0.168215,-0.100078,0.001774,0.001929
0,0.085497,-0.167466,-0.128374,0.020709,-0.114947,-0.011588,0.001492,0.002695
0,0.103538,0.00801,0.032416,0.199404,0.071483,0.234251,0.001807,0.00014
0,0.156617,-0.167177,0.080771,-0.189029,0.065179,-0.222873,0.002733,0.0027
0,-0.025946,-0.042791,-0.160793,0.130478,-0.176204,0.174524,0.000453,0.000747
0,0.173329,-0.161504,0.175794,-0.106547,0.225075,-0.056734,0.002592,0.002799
0,0.187056,-0.09339,0.032051,0.071053,0.016082,0.111079,0.002353,0.00163
0,0.138036,-0.129294,-0.057277,-0.05837,-0.05828,-0.032324,0.002409,0.002257
0,-0.073253,-0.129107,-0.203718,-0.003652,-0.168903,0.035307,0.001279,0.002253
0,0.047489,-0.100939,0.124002,0.018447,0.11154,-0.030777,0.000829,0.001762
0,0.057897,-0.145423,-0.004195,-0.025391,-0.002421,-0.051066,0.001011,0.002538
0,0.029999,0.016907,-0.051675,0.161436,-0.078035,0.130158,0.000524,0.000295
0,0.065205,0.058194,0.05585,0.03192,0.067071,0.056747,0.001138,0.001016
0,0.055824,-0.085595,-0.038554,-0.148363,-0.047623,-0.137455,0.000974,0.001494
0,-0.005638,-0.178075,-0.076489,-0.118807,-0.069499,-0.133296,9.8e-05,0.00251
0,-0.06798,-0.21354,-0.052322,-0.028574,-0.00339,-0.002465,0.001186,0.001891
0,-0.100831,-0.205593,-0.029667,0.018198,-0.000596,0.043646,0.00176,0.002029
0,0.030282,0.066473,0.143826,0.2607,0.181133,0.234734,0.000529,0.00116
0,0.126148,-0.163325,0.088739,-0.234965,0.087278,-0.222365,0.002202,0.002767
0,0.043322,-0.159152,-0.057694,-0.014593,-0.031587,-0.048304,0.000756,0.002778
0,0.180354,-0.114186,0.108825,0.020322,0.154461,0.039746,0.00247,0.001993
0,0.016474,-0.047892,-0.167561,0.082212,-0.204475,0.063762,0.000288,0.000836
0,0.157316,-0.081725,0.114532,-0.040972,0.10911,-0.064636,0.002746,0.001426
0,0.160903,-0.028951,0.002001,0.027867,-0.00635,0.038155,0.002808,0.000505
0,-0.06744,-0.042067,-0.207134,-0.014779,-0.205833,-0.03458,0.001177,0.000734
0,0.091928,-0.178763,0.136561,-0.159471,0.186094,-0.125718,0.001604,0.002498
0,-0.004796,-0.105477,-0.097994,0.050127,-0.077846,0.08256,8.4e-05,0.001841
0,-0.126129,-0.208586,-0.133525,-0.075214,-0.16262,-0.082024,0.002201,0.001977
0,-0.008536,-0.075916,0.134069,0.150216,0.182311,0.161447,0.000149,0.001325
0,0.135532,-0.056583,0.118574,0.044911,0.125598,0.056639,0.002365,0.000988
0,0.159781,-0.046612,0.049487,-0.016273,0.015636,-0.032699,0.002789,0.000814
0,0.08304,0.075321,-0.055935,0.106876,-0.0313,0.092673,0.001449,0.001315
0,0.165269,0.015469,0.082669,-0.064385,0.035108,-0.072414,0.002733,0.00027
0,0.018083,-0.083928,-0.146947,-0.115072,-0.146132,-0.147056,0.000316,0.001465
0,0.126755,-0.027942,0.113909,0.06999,0.095961,0.069317,0.002212,0.000488
0,-0.069765,-0.000463,-0.186328,0.006526,-0.184566,0.056017,0.001218,8e-06
0,-0.079422,-0.065155,-0.00362,-0.078628,-0.001796,-0.034305,0.001386,0.001137
0,0.018405,-0.019324,0.076814,0.065836,0.088805,0.056321,0.000321,0.000337
0,0.053928,-0.026587,0.059679,-0.000213,0.052774,-0.038388,0.000941,0.000464
0,-0.161108,0.093794,-0.233368,0.140564,-0.275766,0.145885,0.002806,0.001637
0,-0.004237,0.001355,0.156496,-0.076993,0.118001,-0.082367,7.4e-05,2.4e-05
0,0.045153,0.034666,0.033185,0.028807,0.006688,-0.018693,0.000788,0.000605
0,0.039171,-0.092376,-0.029855,-0.13585,-0.012147,-0.162131,0.000684,0.001612
0,0.009875,-0.183732,-0.052226,-0.08839,-0.036492,-0.097966,0.000172,0.002411
0,-0.08641,-0.068474,-0.097151,0.127881,-0.138204,0.142175,0.001508,0.001195
0,-0.072278,-0.004005,0.029257,0.042837,0.029704,0.088497,0.001261,7e-05
0,0.01293,0.014995,0.109615,0.044608,0.122574,0.075179,0.000226,0.000262
0,-0.015367,-0.150528,-0.050697,-0.151423,-0.050962,-0.115231,0.000268,0.002627
0,-0.052229,-0.160135,-0.051743,0.006666,-0.004037,0.003713,0.000912,0.002795
0,-0.060188,-0.226323,-0.020661,-0.04153,-0.02758,-0.009571,0.00105,0.001667
0,0.038715,0.057682,0.123472,0.28692,0.122979,0.327227,0.000676,0.001007
0,-0.128357,0.036248,-0.146831,-0.026612,-0.104741,-0.009259,0.00224,0.000633
0,0.052102,-0.055848,0.197547,-0.101279,0.223757,-0.088187,0.000909,0.000975
0,0.09145,-0.00261,0.051578,0.049448,0.03116,0.032201,0.001596,4.6e-05
0,0.033306,-0.238037,-0.056165,-0.220281,-0.066926,-0.199043,0.000581,0.001463
0,0.013693,-0.028318,-0.000573,0.190261,0.025076,0.171086,0.000239,0.000494
0,-0.05885,0.07038,-0.099405,0.093538,-0.132472,0.116768,0.001027,0.001228
0,0.008446,-0.065311,0.070019,-0.139069,0.091269,-0.102534,0.000147,0.00114
0,0.080884,-0.136871,0.055705,-0.084563,0.077884,-0.104101,0.001412,0.002389
0,-0.116825,-0.157374,-0.170398,0.000124,-0.140797,0.043222,0.002039,0.002747
0,-0.154699,0.040678,-0.056921,0.194742,-0.043267,0.152661,0.0027,0.00071
0,0.045986,-0.100527,0.201616,-0.132916,0.243798,-0.118508,0.000803,0.001755
0,0.025477,0.000234,-0.015094,0.11123,-0.041251,0.071483,0.000445,4e-06
0,-0.011924,-0.16098,-0.027335,-0.152862,0.02109,-0.115797,0.000208,0.002808
0,-0.098625,-0.145274,-0.06924,0.007915,-0.020161,0.047911,0.001721,0.002536
0,-0.192226,-0.107524,-0.073189,0.037835,-0.107311,0.046184,0.002263,0.001877
0,-0.0153,-0.129445,0.179636,-0.039214,0.179743,0.003986,0.000267,0.002259
0,-0.135698,0.076383,-0.105283,0.199507,-0.086593,0.183083,0.002368,0.001333
0,-0.162629,0.138876,-0.001698,0.061311,-0.040126,0.086148,0.002779,0.002424
0,-0.137626,-0.023009,0.013269,-0.183851,-0.021275,-0.20938,0.002402,0.000402
0,-0.135974,-0.083146,-0.00265,-0.063822,0.04148,-0.113623,0.002373,0.001451
0,-0.102059,0.110142,0.025767,0.197125,0.052218,0.159117,0.001781,0.001922
0,0.055288,0.02744,0.181932,-0.056244,0.229945,-0.06122,0.000965,0.000479
0,-0.009233,0.069479,-0.059103,0.037068,-0.031836,-0.007167,0.000161,0.001213
0,-0.07226,-0.147204,-0.053233,-0.214028,-0.098321,-0.25421,0.001261,0.002569
0,-0.010538,-0.099688,0.0858,0.035187,0.081565,0.034821,0.000184,0.00174
0,0.001093,-0.145369,0.002746,-0.058627,0.047634,-0.097815,1.9e-05,0.002537
0,-0.006042,-0.149471,-0.022626,-0.015537,-0.060315,-0.015253,0.000105,0.002609
0,-0.142876,-0.052059,-0.141703,0.094236,-0.10126,0.096234,0.002494,0.000909
0,-0.094111,-0.019898,0.023442,0.042993,-0.004259,0.027322,0.001643,0.000347
0,-0.053572,-0.043906,0.017158,0.002696,-0.010623,-0.016208,0.000935,0.000766
0,0.129533,-0.160094,0.209688,-0.090617,0.173928,-0.058094,0.002261,0.002794
0,0.1718,-0.052396,0.016219,0.107275,0.022813,0.084586,0.002619,0.000914
0,-0.083604,-0.000396,-0.241474,0.039892,-0.222645,0.061188,0.001459,7e-06
0,-0.139086,-0.046296,-0.079704,-0.055805,-0.061109,-0.031929,0.002428,0.000808
0,-0.03553,-0.024413,0.086777,0.012956,0.116467,-0.033223,0.00062,0.000426
0,0.030803,0.013061,0.044384,0.03664,0.088616,0.022775,0.000538,0.000228
0,-0.067173,-0.106486,-0.080555,-0.120143,-0.071473,-0.125886,0.001172,0.001859
0,-0.044554,-0.028873,-0.005598,0.092967,0.025695,0.13192,0.000778,0.000504
0,-0.086316,0.066455,-0.039665,0.065767,-0.081444,0.051314,0.001506,0.00116
0,-0.105828,0.025689,0.001845,-0.031205,0.025842,-0.002029,0.001847,0.000448
0,0.086373,-0.087724,0.186564,-0.127238,0.202162,-0.125479,0.001507,0.001531
0,-0.098441,0.045989,-0.17429,0.161512,-0.131904,0.122289,0.001718,0.000803
0,0.040973,-0.165469,0.16407,-0.233157,0.213576,-0.272061,0.000715,0.00273
0,-0.128251,-0.051696,-0.145792,0.121618,-0.116773,0.133634,0.002238,0.000902
0,0.10994,0.067363,0.26473,0.13183,0.24531,0.147847,0.001919,0.001176
0,0.019162,-0.041213,-0.071256,-0.092109,-0.063751,-0.070501,0.000334,0.000719
0,0.196306,-0.164028,0.203396,-0.146336,0.182256,-0.1434,0.002191,0.002755
0,-0.000196,-0.089396,-0.179634,0.056511,-0.130619,0.077569,3e-06,0.00156
0,0.160682,-0.058052,0.130903,0.04307,0.097567,0.06659,0.002804,0.001013
0,0.051758,0.005387,-0.116012,0.091375,-0.130567,0.082002,0.000903,9.4e-05
0,-0.029833,0.055777,-0.053336,0.067384,-0.049979,0.081387,0.000521,0.000973
0,0.081784,-0.137682,0.135529,-0.166851,0.088249,-0.204461,0.001427,0.002403
0,-0.002461,-0.039053,-0.064375,0.114283,-0.078415,0.146369,4.3e-05,0.000682
0,0.179842,-0.006491,0.185843,0.034924,0.195332,0.021809,0.002479,0.000113
0,0.17229,-0.192076,0.019212,-0.186054,0.028941,-0.149007,0.00261,0.002265
0,0.239751,-0.205572,0.085935,-0.019915,0.10025,0.001712,0.001433,0.00203
0,0.128996,0.043831,-0.12601,0.262179,-0.144971,0.21323,0.002251,0.000765
0,0.214569,-0.018278,0.094589,-0.064711,0.067624,-0.059609,0.001873,0.000319
0,0.140313,-0.053785,-0.062667,-0.023736,-0.026835,-0.033338,0.002449,0.000939
0,0.076306,-0.001351,-0.061263,0.051877,-0.023719,0.087032,0.001332,2.4e-05
0,0.20429,-0.065666,0.128911,-0.060212,0.107244,-0.091749,0.002052,0.001146
0,0.132593,-0.070929,-0.099157,0.003174,-0.117072,-0.024252,0.002314,0.001238
0,0.190072,0.012888,0.08242,0.054736,0.070628,0.047327,0.0023,0.000225
0,0.270857,-0.074749,0.072503,-0.075765,0.072302,-0.082127,0.00089,0.001305
0,0.011556,0.067677,-0.25608,0.115795,-0.3,0.135643,0.000202,0.001181
0,0.283234,-0.017922,0.290481,-0.087138,0.33541,-0.101394,0.000674,0.000313
0,0.281953,-0.15337,-0.029125,-0.115583,0.010468,-0.150278,0.000696,0.002677
0,0.175041,-0.091528,-0.129188,0.055677,-0.119581,0.103159,0.002562,0.001597
0,0.0801,-0.186702,-0.108982,-0.089242,-0.060349,-0.067239,0.001398,0.002359
0,0.098783,-0.186062,0.040576,0.015842,0.071657,0.047843,0.001724,0.00237
0,0.033886,-0.13202,-0.063219,0.06962,-0.110251,0.046563,0.000591,0.002304
0,0.147088,-0.195012,0.104303,-0.092557,0.075113,-0.054455,0.002567,0.002214
0,0.004829,-0.169704,-0.137278,0.018545,-0.139186,0.01944,8.4e-05,0.002656
0,-0.061141,-0.163453,-0.059727,0.011518,-0.020589,0.03637,0.001067,0.002765
0,0.043507,0.096422,0.124038,0.278045,0.129594,0.314353,0.000759,0.001683
0,0.065917,0.029717,-0.007294,-0.084342,-0.01342,-0.102705,0.00115,0.000519
0,-0.054582,0.067618,-0.104077,0.059379,-0.109478,0.053496,0.000953,0.00118
0,0.018512,-0.068503,0.080926,-0.157401,0.128737,-0.14257,0.000323,0.001196
0,0.112794,-0.004976,0.111787,0.055379,0.070452,0.035355,0.001969,8.7e-05
0,-0.02605,0.059502,-0.138968,0.070095,-0.181597,0.075097,0.000455,0.001039
0,0.010395,-0.020983,0.057237,-0.077535,0.018025,-0.104855,0.000181,0.000366
0,0.117617,-0.100281,0.096608,-0.104405,0.134212,-0.060009,0.002053,0.00175
0,-0.083412,-0.106728,-0.204486,-0.014589,-0.200491,0.002016,0.001456,0.001863
0,0.141718,0.010602,0.202888,0.134715,0.156232,0.148686,0.002473,0.000185
0,0.11961,0.023041,-0.007606,0.038515,0.020693,0.084246,0.002088,0.000402
0,0.156962,-0.043024,0.008286,-0.056431,-0.02111,-0.079392,0.002739,0.000751
0,0.132027,-0.09829,-0.021676,-0.076009,-0.033673,-0.118156,0.002304,0.001715
0,-0.045037,-0.037753,-0.198556,0.034472,-0.193016,0.033187,0.000786,0.000659
0,0.196302,0.044644,0.266844,0.056898,0.218027,0.050422,0.002191,0.000779
0,0.064402,-0.120221,-0.159692,-0.175283,-0.147242,-0.134774,0.001124,0.002098
0,0.062733,-0.128911,-0.001793,-0.018039,0.038475,-0.002277,0.001095,0.00225
0,-0.059316,-0.079417,-0.142171,0.073655,-0.092453,0.108256,0.001035,0.001386
0,0.013729,-0.067165,0.052858,-0.007288,0.029664,-0.047454,0.00024,0.001172
0,0.163675,0.113008,0.1219,0.187479,0.072577,0.205321,0.002761,0.001972
0,0.043218,0.023476,-0.101347,-0.066299,-0.055761,-0.076661,0.000754,0.00041
0,0.188426,0.043973,0.157132,-0.002316,0.142618,0.016785,0.002329,0.000767
0,0.202428,0.057552,0.041042,0.028282,0.043266,0.020119,0.002084,0.001004
0,-0.008705,0.11094,-0.213881,0.056973,-0.232103,0.080509,0.000152,0.001936
0,0.19279,-0.128635,0.216463,-0.23129,0.234311,-0.221389,0.002253,0.002245
0,-0.01138,0.148631,-0.178112,0.28173,-0.185237,0.30464,0.000199,0.002594
0,-0.133611,0.028842,-0.150783,-0.133225,-0.124968,-0.154733,0.002332,0.000503
0,0.009514,0.008669,0.155154,-0.026757,0.168379,-0.061148,0.000166,0.000151
0,-0.021463,-0.10433,-0.028387,-0.086353,-0.068661,-0.128832,0.000375,0.001821
0,-0.044047,-0.005819,-0.04271,0.109881,-0.092358,0.069219,0.000769,0.000102
0,0.068203,-0.050273,0.133382,-0.056677,0.087351,-0.010357,0.00119,0.000877
0,0.036195,0.116577,-0.032037,0.143217,-0.003914,0.141248,0.000632,0.002035
0,-0.180408,0.0304,-0.192306,-0.07122,-0.223843,-0.098001,0.002469,0.000531
0,-0.134117,0.067591,0.043808,0.014658,0.017369,-0.027625,0.002341,0.00118
0,0.059956,0.132781,0.171201,0.037862,0.196779,0.041344,0.001046,0.002317
0,-0.08913,-0.019919,-0.157981,-0.151231,-0.118833,-0.163195,0.001556,0.000348
0,0.050562,-0.128791,0.132103,-0.137679,0.165202,-0.104824,0.000882,0.002248
0,-0.123545,0.13671,-0.147913,0.26048,-0.194564,0.301627,0.002156,0.002386
0,0.09845,0.114003,0.216988,-0.026375,0.25809,0.016109,0.001718,0.00199
0,0.125907,0.041047,0.05472,-0.096955,0.081309,-0.058883,0.002197,0.000716
0,0.014183,0.003728,-0.141553,-0.051596,-0.152423,-0.024621,0.000248,6.5e-05
0,-0.131521,-0.059306,-0.155404,-0.069292,-0.151852,-0.024772,0.002295,0.001035
0,-0.118633,-0.012388,0.022938,0.076553,-0.007358,0.098232,0.002071,0.000216
0,-0.026916,-0.03069,0.08154,-0.022859,0.04555,0.022896,0.00047,0.000536
0,0.147061,0.066614,0.156333,0.099687,0.184878,0.116958,0.002567,0.001163
0,-0.129341,-0.015385,-0.284889,-0.089927,-0.324271,-0.054945,0.002257,0.000269
0,-0.010511,0.016508,0.129182,0.049354,0.08308,0.062532,0.000183,0.000288
0,0.033668,-0.050017,0.071085,-0.068353,0.036412,-0.071045,0.000588,0.000873
0,-0.117641,0.003134,-0.167835,0.0477,-0.180463,0.008065,0.002053,5.5e-05
0,0.158525,0.108417,0.289572,0.123214,0.252993,0.075978,0.002767,0.001892
0,-0.079216,0.113052,-0.264766,0.027152,-0.305532,-0.000295,0.001383,0.001973
0,0.372884,1.06808,0.430716,0.959294,0.396586,0.922709,0.000891,0.001789
0,0.497783,1.387248,0.152631,0.331933,0.17636,0.290587,0.002547,0.001742
0,0.883625,1.955643,0.410557,0.570318,0.400276,0.567439,0.00143,0.000427
0,0.716102,1.922383,-0.153171,-0.056825,-0.202825,-0.017075,0.001263,0.000153
0,1.05669,1.712525,0.329052,-0.186147,0.325888,-0.231201,0.00159,0.001802
0,0.65808,1.636875,-0.388384,-0.0571,-0.369064,-0.093862,0.000251,0.000481
0,0.667014,1.173141,0.007657,-0.470029,0.022307,-0.430399,0.000407,0.001995
0,0.415657,1.036987,-0.279275,-0.134893,-0.250129,-0.092488,0.001637,0.001246
0,0.401685,0.648923,0.011673,-0.383302,-0.029399,-0.404684,0.001393,9.1e-05
0,0.268981,0.499118,-0.115711,-0.137918,-0.135404,-0.168388,0.000923,0.002524
0,0.243325,0.277965,-0.037887,-0.206609,-0.016411,-0.156617,0.001371,0.000766
0,0.12847,0.12112,-0.132379,-0.149261,-0.171472,-0.156587,0.002242,0.002114
0,0.113346,0.118267,-0.014538,-0.005211,-0.041017,-0.009674,0.001978,0.002064
0,-0.045802,-0.107297,-0.18265,-0.227734,-0.14292,-0.198843,0.000799,0.001873
0,-0.046848,0.031882,0.001228,0.151424,-0.012585,0.129933,0.000818,0.000556
0,-0.035772,0.053086,0.017675,0.028349,-0.021255,0.04481,0.000624,0.000927
0,0.122313,-0.164802,0.139389,-0.239365,0.187293,-0.196784,0.002135,0.002741
0,0.087288,0.044829,-0.051832,0.183805,-0.063304,0.175681,0.001523,0.000782
0,0.003499,-0.059006,-0.085476,-0.11251,-0.12865,-0.064329,6.1e-05,0.00103
0,-0.136117,-0.112517,-0.139297,-0.07437,-0.179399,-0.040152,0.002376,0.001964
0,0.030505,-0.112873,0.159041,0.011766,0.111586,0.048293,0.000532,0.00197
0,-0.093259,-0.108947,-0.115864,-0.010545,-0.165393,0.027435,0.001628,0.001901
0,-0.170333,0.0167,-0.064466,0.107987,-0.075886,0.084319,0.002645,0.000291
0,-0.139179,0.041004,0.019521,-0.00525,0.04221,-0.032306,0.002429,0.000716
0,-0.04813,-0.174411,0.088474,-0.231537,0.044977,-0.260349,0.00084,0.002573
0,-0.026604,-0.0876,-0.000709,0.109085,0.042573,0.121109,0.000464,0.001529
0,0.080549,0.099675,0.131315,0.215114,0.130985,0.221595,0.001406,0.00174
0,0.148382,-0.016834,0.095495,-0.115757,0.057222,-0.138331,0.00259,0.000294
0,0.136527,-0.081822,-0.022119,-0.042594,-0.071851,-0.055965,0.002383,0.001428
0,0.137668,-0.159144,-0.004821,-0.070929,0.022536,-0.080981,0.002403,0.002778
0,-0.010724,-0.155079,-0.151203,0.010646,-0.143825,-0.030853,0.000187,0.002707
0,0.097433,-0.097293,0.112658,0.043867,0.122636,0.027817,0.001701,0.001698
0,0.089341,-0.102627,0.011742,-0.014912,0.045781,0.021578,0.001559,0.001791
0,-0.043882,0.046175,-0.134098,0.139557,-0.087525,0.15464,0.000766,0.000806
0,0.02923,-0.00973,0.074512,-0.037396,0.060812,-0.073883,0.00051,0.00017
0,0.125946,0.134358,0.073058,0.138447,0.117164,0.095363,0.002198,0.002345
0,0.035529,-0.027109,-0.067219,-0.186976,-0.107294,-0.213071,0.00062,0.000473
0,0.001665,-0.060532,-0.051523,-0.046316,-0.08462,-0.05132,2.9e-05,0.001056
0,0.020493,-0.068009,0.018768,0.006684,-0.021698,-0.0024,0.000358,0.001187
0,-0.022286,0.039949,-0.065022,0.105045,-0.107566,0.125665,0.000389,0.000697
0,-0.035154,0.127301,-0.03117,0.073176,0.014683,0.121234,0.000614,0.002222
0,0.122917,-0.078102,0.161312,-0.189696,0.141874,-0.156121,0.002145,0.001363
0,0.086038,-0.064594,-0.011665,0.02071,0.023144,0.010153,0.001502,0.001127
0,0.017581,-0.110362,-0.040534,-0.041194,-0.081192,0.00264,0.000307,0.001926
0,0.034471,-0.091858,-0.007218,0.030805,-0.04655,0.07104,0.000602,0.001603
0,-0.096346,0.101195,-0.113511,0.20372,-0.069753,0.22848,0.001682,0.001766
0,-0.110491,0.093768,0.007714,-0.005331,-0.038507,0.039282,0.001928,0.001637
0,-0.163501,-0.043842,-0.062463,-0.141371,-0.097422,-0.159238,0.002764,0.000765
0,-0.057966,0.160445,0.11581,0.197995,0.07525,0.246703,0.001012,0.0028
0,-0.19704,0.159506,-0.129514,-0.013887,-0.092133,0.003477,0.002179,0.002784
0,0.003349,-0.089564,0.195337,-0.2666,0.232833,-0.288821,5.8e-05,0.001563
0,-0.201868,0.120259,-0.200234,0.228485,-0.193264,0.243779,0.002094,0.002099
0,-0.227533,-0.123969,-0.051351,-0.242397,-0.041902,-0.291959,0.001646,0.002164
0,-0.154428,-0.108195,0.102535,-0.003892,0.1452,-0.014435,0.002695,0.001888
0,-0.007931,-0.089426,0.155915,0.016657,0.147032,-0.025575,0.000138,0.001561
0,-0.060002,-0.11813,-0.040175,-0.036944,-0.073888,-0.061713,0.001047,0.002062
0,-0.133308,0.021563,-0.103,0.125799,-0.130989,0.118165,0.002327,0.000376
0,-0.089661,-0.037368,0.057254,-0.045224,0.041999,-0.047383,0.001565,0.000652
0,-0.205696,-0.036956,-0.109291,0.004278,-0.091468,0.046642,0.002027,0.000645
0,0.018533,0.124023,0.204384,0.133016,0.246,0.12693,0.000323,0.002165
0,-0.214804,0.037486,-0.250888,-0.10778,-0.233437,-0.096461,0.001868,0.000654
0,-0.136066,0.053219,0.071639,0.029364,0.038026,0.018551,0.002375,0.000929
0,-0.169249,-0.018181,-0.006777,-0.096708,0.010678,-0.090182,0.002664,0.000317
0,0.008516,0.019628,0.198697,0.037216,0.233665,0.069274,0.000149,0.000343
0,-0.146284,0.070571,-0.158345,0.027643,-0.20641,-0.015264,0.002553,0.001232
0,-0.066599,0.124455,0.087088,0.058821,0.080067,0.027782,0.001162,0.002172
0,-0.148615,-0.018724,-0.055797,-0.157924,-0.061219,-0.17767,0.002594,0.000327
0,-0.078194,-0.098174,0.094001,-0.104075,0.128686,-0.068684,0.001365,0.001713
0,-0.144606,-0.054703,-0.062192,0.039641,-0.10002,0.029283,0.002524,0.000955
0,-0.140739,-0.029485,-0.014384,0.048106,-0.011893,0.097533,0.002456,0.000515
0,-0.021293,0.086791,0.120166,0.131616,0.10694,0.120782,0.000372,0.001515
0,-0.067879,0.148318,-0.037319,0.038336,-0.031939,0.050072,0.001185,0.002589
0,-0.069417,-0.109351,-0.030707,-0.282286,-0.071385,-0.24264,0.001212,0.001909
0,-0.184969,0.112603,-0.116197,0.209838,-0.08742,0.208367,0.002389,0.001965
0,-0.197367,0.128868,-0.007613,0.024453,-0.01232,-0.000491,0.002173,0.002249
0,-0.143691,-0.04807,0.058183,-0.197628,0.069502,-0.21592,0.002508,0.000839
0,-0.127096,0.105865,0.006434,0.183492,-0.043037,0.140571,0.002218,0.001848
0,-0.002394,-0.091079,0.138052,-0.205371,0.126913,-0.20514,4.2e-05,0.00159
0,0.052813,-0.143561,0.07259,-0.030043,0.072188,-0.077919,0.000922,0.002506
0,-0.05697,-0.06997,-0.096071,0.077308,-0.062803,0.069184,0.000994,0.001221
0,-0.004037,0.054496,0.039077,0.140058,0.014557,0.170843,7e-05,0.000951
0,-0.194308,-0.059246,-0.208268,-0.130867,-0.165976,-0.145787,0.002226,0.001034
0,-0.171306,-0.022305,0.011551,0.035741,0.033173,0.068751,0.002628,0.000389
0,-0.245206,0.126427,-0.06021,0.133334,-0.056502,0.10599,0.001338,0.002207
0,-0.223136,-0.059139,0.040262,-0.161067,0.089608,-0.121661,0.001723,0.001032
0,-0.099364,0.003988,0.099728,0.081249,0.058129,0.128327,0.001734,7e-05
0,0.040284,-0.117566,0.128324,-0.122737,0.142018,-0.1438,0.000703,0.002052
0,0.043138,-0.141927,0.000223,-0.004325,0.013134,-0.038143,0.000753,0.002477
0,0.142414,-0.163221,0.105964,-0.049409,0.075831,-0.016423,0.002486,0.002769
0,0.003347,-0.030643,-0.127001,0.107026,-0.13471,0.138042,5.8e-05,0.000535
0,0.03933,-0.046146,0.01593,-0.039458,0.061733,-0.001909,0.000686,0.000805
0,-0.137831,0.009757,-0.171073,0.040455,-0.137116,0.088314,0.002406,0.00017
0,0.091572,0.001282,0.227045,-0.000438,0.252484,-0.00147,0.001598,2.2e-05
0,0.078431,0.023373,-0.030705,0.001365,0.001259,-0.02486,0.001369,0.000408
0,0.08552,-0.028665,-0.022492,-0.028277,-0.025846,-0.070774,0.001493,0.0005
0,-0.024625,-0.060572,-0.096541,-0.060189,-0.116685,-0.042542,0.00043,0.001057
0,-0.091378,-0.121794,-0.05652,-0.079702,-0.055407,-0.095121,0.001595,0.002126
0,-0.064873,-0.071306,0.031085,0.045084,0.066612,0.091679,0.001132,0.001245
0,0.019036,-0.069462,0.097781,0.010541,0.07628,0.024028,0.000332,0.001212
0,0.056798,-0.141417,0.059235,-0.080378,0.087445,-0.129939,0.000991,0.002468
0,-0.029336,-0.068788,-0.071432,0.101656,-0.07106,0.083763,0.000512,0.001201
0,2.044876,0.635465,2.060972,0.683163,2.024545,0.641238,0.001985,0.000144
0,4.928367,1.178299,2.906939,0.520407,2.864168,0.561404,0.001754,0.001905
0,5.149068,1.402845,0.192903,0.254416,0.178536,0.279831,1.2e-05,0.002014
0,4.814725,1.334888,-0.343664,-0.048173,-0.310203,-0.048521,0.00023,0.000828
0,3.738013,1.454684,-1.106147,0.101331,-1.106142,0.09881,0.002169,0.002699
0,3.161223,1.025357,-0.560959,-0.440433,-0.575052,-0.399173,0.001001,0.001043
0,2.215395,0.854304,-0.965747,-0.181665,-0.928297,-0.180124,0.000657,0.001942
0,1.474199,0.884188,-0.745,0.057958,-0.751078,0.023352,0.002358,0.001421
0,0.950059,0.715825,-0.538978,-0.165714,-0.508563,-0.196812,0.000271,0.001258
0,0.444546,0.496539,-0.518398,-0.215905,-0.532574,-0.176094,0.002141,0.002569
0,0.222604,0.482879,-0.230072,-0.024357,-0.249805,-0.016854,0.001732,0.002807
0,-0.154079,0.216617,-0.371645,-0.250816,-0.362224,-0.269208,0.002689,0.001837
0,-0.391672,0.011803,-0.260693,-0.210821,-0.279984,-0.18863,0.001218,0.000206
0,-0.597063,-0.044693,-0.197154,-0.033767,-0.212305,-0.053015,0.000814,0.00078
0,-0.631811,-0.118034,-0.016828,-0.048858,0.012044,-0.009814,0.000208,0.00206
0,-0.63975,-0.065182,-0.002364,0.069016,-0.031264,0.056557,6.9e-05,0.001138
0,-0.535898,-0.127617,0.115066,-0.085489,0.158072,-0.132373,0.001882,0.002227
0,-0.338503,-0.08179,0.213395,0.047063,0.183293,0.043232,0.00029,0.001428
0,-0.379652,-0.151663,-0.028272,-0.094367,0.013,-0.102297,0.001009,0.002647
0,-0.135694,-0.068431,0.261543,0.077446,0.272816,0.038714,0.002368,0.001194
0,-0.34261,-0.056889,-0.232268,0.020682,-0.215514,0.046342,0.000362,0.000993
0,-0.137538,-0.111004,0.183077,-0.032973,0.232499,-0.029254,0.0024,0.001937
0,-0.327931,-0.039429,-0.179374,0.100361,-0.210997,0.081054,0.000106,0.000688
0,-0.33398,0.07717,-0.027636,0.142211,-0.062583,0.134252,0.000212,0.001347
0,-0.288489,0.071764,0.044511,-0.023914,0.069038,-0.055338,0.000582,0.001253
0,-0.073973,-0.017896,0.205545,-0.077839,0.230626,-0.058376,0.001291,0.000312
0,-0.081461,-0.061977,-0.026373,-0.045249,0.015359,-0.091565,0.001422,0.001082
0,-0.300207,-0.02695,-0.221191,0.015686,-0.234132,0.033097,0.000378,0.00047
0,-0.243841,0.001315,0.032561,0.003608,0.023307,0.000624,0.001362,2.3e-05
0,-0.148656,0.089812,0.097427,0.097698,0.113786,0.085649,0.002595,0.001568
0,-0.364373,0.023313,-0.234468,-0.068328,-0.211745,-0.041953,0.000742,0.000407
0,-0.365751,-0.021754,-0.005395,-0.018183,0.015207,0.01666,0.000766,0.00038
0,-0.396085,0.005653,-0.005193,0.01957,0.025397,0.038802,0.001295,9.9e-05
0,-0.200848,0.060201,0.183949,0.080799,0.187577,0.087368,0.002112,0.001051
0,-0.424574,-0.05505,-0.206577,-0.124613,-0.177384,-0.134198,0.001793,0.000961
0,-0.358412,0.115669,0.041847,0.19913,0.089073,0.223682,0.000638,0.002019
0,-0.269705,0.043833,0.085688,-0.06814,0.044381,-0.045615,0.00091,0.000765
0,-0.162747,0.125021,0.12758,0.108867,0.152492,0.09262,0.002777,0.002182
0,-0.129995,0.042262,0.016955,-0.108051,0.051988,-0.130847,0.002269,0.000738
0,-0.408296,0.211851,-0.291664,0.153696,-0.257353,0.127523,0.001509,0.00192
0,-0.381985,0.166725,0.018177,-0.026948,0.05158,0.023026,0.001049,0.002708
0,-0.2855,0.00178,0.09294,-0.136618,0.134117,-0.161335,0.000635,3.1e-05
0,-0.276964,0.190028,-0.003871,0.204535,-0.043852,0.24601,0.000784,0.002301
0,-0.255201,-0.026509,-0.005388,-0.194236,-0.00348,-0.210242,0.001163,0.000463
0,-0.332218,-0.054791,-0.101201,-0.047919,-0.128829,-0.095613,0.000181,0.000956
0,-0.115051,0.210379,0.22701,0.247404,0.180963,0.28963,0.002008,0.001946
0,-0.283702,-0.040458,-0.178273,-0.259748,-0.193577,-0.239022,0.000666,0.000706
0,-0.130987,0.112072,0.12758,0.170414,0.152335,0.157574,0.002286,0.001956
0,-0.067956,-0.076218,0.092372,-0.216088,0.102488,-0.201659,0.001186,0.00133
0,-0.017512,0.189125,0.035017,0.25029,0.057927,0.205598,0.000306,0.002317
0,0.003153,0.050398,0.046618,-0.146661,0.024088,-0.13092,5.5e-05,0.00088
0,0.044193,-0.075445,0.032553,-0.128783,0.021566,-0.157451,0.000771,0.001317
0,-0.075624,-0.015977,-0.144653,0.08099,-0.182534,0.031594,0.00132,0.000279
0,-0.010823,0.192575,0.080109,0.229297,0.06586,0.222402,0.000189,0.002256
0,0.111429,-0.033131,0.0978,-0.237808,0.126259,-0.215401,0.001945,0.000578
0,-0.188013,0.071652,-0.31724,0.107414,-0.328613,0.129501,0.002336,0.001251
0,-0.111464,-0.04834,0.100595,-0.131021,0.099022,-0.09255,0.001945,0.000844
0,0.098073,0.109837,0.231678,0.137041,0.238179,0.173172,0.001712,0.001917
0,-0.163516,0.144551,-0.235814,0.02998,-0.227252,0.037504,0.002764,0.002523
0,-0.030886,0.008874,0.145433,-0.15136,0.151801,-0.181546,0.000539,0.000155
0,0.035983,0.146892,0.044055,0.130083,0.023885,0.127289,0.000628,0.002564
0,0.015147,-0.061857,-0.033294,-0.20703,-0.055702,-0.238942,0.000264,0.00108
0,-0.012779,0.10459,-0.02765,0.154191,-0.035521,0.145434,0.000223,0.001825
0,0.047028,0.009057,0.085468,-0.091175,0.130334,-0.125965,0.000821,0.000158
0,-0.024178,0.008379,-0.092612,0.017479,-0.132722,-0.025519,0.000422,0.000146
0,-0.082342,0.01766,-0.083381,0.0153,-0.095906,0.036084,0.001437,0.000308
0,0.000214,0.097428,0.108693,0.066424,0.12348,0.062219,4e-06,0.0017
0,0.035788,0.030571,0.058049,-0.070751,0.019489,-0.047977,0.000625,0.000534
0,-0.061013,0.002772,-0.106802,-0.041909,-0.108118,-0.055006,0.001065,4.8e-05
0,-0.114747,0.116351,-0.035383,0.095661,-0.085361,0.109477,0.002003,0.002031
0,0.025969,-0.029124,0.130695,-0.121513,0.162688,-0.098891,0.000453,0.000508
0,-0.049611,-0.072279,-0.051312,-0.030973,-0.016291,-0.061139,0.000866,0.001262
0,0.085294,0.13962,0.111316,0.240771,0.116559,0.210749,0.001489,0.002437
0,0.02122,-0.071192,-0.086956,-0.216723,-0.092093,-0.208588,0.00037,0.001243
0,0.001794,0.118826,-0.000868,0.180736,-0.007287,0.136856,3.1e-05,0.002074
0,0.178039,-0.05737,0.189172,-0.180303,0.203617,-0.160826,0.00251,0.001001
0,0.14755,0.050334,-0.003345,0.128171,0.0276,0.118607,0.002575,0.000878
0,-0.052683,0.135747,-0.180051,0.06107,-0.204117,0.095943,0.000919,0.002369
0,0.136537,-0.038018,0.212776,-0.183889,0.197734,-0.155535,0.002383,0.000664
0,0.132704,-0.096571,0.019806,-0.074776,0.032929,-0.071327,0.002316,0.001685
0,-0.058394,0.139482,-0.213106,0.227771,-0.225411,0.185189,0.001019,0.002434
0,0.130533,0.212917,0.203013,0.069722,0.16243,0.098719,0.002278,0.001901
0,0.116222,0.166003,-0.017283,-0.068483,0.005982,-0.112217,0.002028,0.00272
0,-0.004385,0.038791,-0.124373,-0.125194,-0.17292,-0.094815,7.7e-05,0.000677
0,-0.06342,0.073105,-0.055159,0.008187,-0.043779,0.038493,0.001107,0.001276
0,-0.112259,-0.015844,-0.035241,-0.093654,-0.002097,-0.045361,0.001959,0.000277
0,0.109514,-0.053567,0.213401,-0.021965,0.191776,-0.01911,0.001911,0.000935
0,0.104565,0.05557,0.015565,0.106543,0.050549,0.103483,0.001825,0.00097
0,0.121658,0.048779,0.01491,-0.010566,0.041267,0.038238,0.002123,0.000851
0,0.004151,0.184905,-0.095999,0.157163,-0.090992,0.115433,7.2e-05,0.00239
0,0.062472,-0.005951,0.08586,-0.197995,0.07259,-0.181244,0.00109,0.000104
0,0.028888,0.067249,-0.022223,0.054597,-0.02089,0.079397,0.000504,0.001174
0,-0.026062,-0.039178,-0.075465,-0.107994,-0.106275,-0.069137,0.000455,0.000684
0,-0.968418,-0.476543,-0.918271,-0.443528,-0.885251,-0.44045,5e-05,0.0027
0,-1.976095,-0.826673,-1.024495,-0.359611,-0.98778,-0.386423,0.000784,0.002424
0,-2.250634,-0.750378,-0.282989,0.096885,-0.310844,0.132695,4.2e-05,0.001862
0,-2.336523,-1.033547,-0.068909,-0.293867,-0.019277,-0.268555,0.001457,0.001186
0,-2.871254,-0.766978,-0.505454,0.253488,-0.476991,0.247123,0.000445,0.002151
0,-2.343611,-0.648547,0.51213,0.136602,0.493883,0.158686,0.001581,8.4e-05
0,-2.115406,-0.540869,0.238666,0.134275,0.193371,0.095717,0.002402,0.001795
0,-1.945899,-0.358337,0.153372,0.210438,0.150339,0.201146,0.000257,0.000637
0,-1.321084,-0.280712,0.61577,0.10694,0.638297,0.13915,0.000587,0.000718
0,-0.84309,-0.101402,0.487369,0.194664,0.458636,0.218208,0.002138,0.00177
0,-0.636484,-0.184237,0.23609,-0.060152,0.229296,-0.026713,0.000126,0.002402
0,-0.414883,-0.072024,0.1956,0.134034,0.159263,0.160819,0.001624,0.001257
0,-0.305289,-0.037948,0.128514,0.054681,0.108469,0.033842,0.000289,0.000662
0,0.007704,-0.215684,0.328356,-0.193869,0.294999,-0.237769,0.000134,0.001853
0,-0.110403,0.029589,-0.124521,0.218019,-0.142832,0.182974,0.001927,0.000516
0,0.029939,0.094262,0.131801,0.061908,0.124082,0.099108,0.000523,0.001645
0,0.333301,-0.085787,0.282556,-0.153508,0.278644,-0.150026,0.0002,0.001497
0,0.154932,0.014915,-0.1844,0.081485,-0.232138,0.107641,0.002704,0.00026
0,0.018476,-0.034407,-0.133708,-0.050843,-0.140161,-0.07602,0.000322,0.000601
0,0.19938,0.077272,0.204507,0.08826,0.169418,0.055243,0.002138,0.001349
0,0.126339,0.08864,-0.044918,0.00946,-0.071695,0.006255,0.002205,0.001547
0,0.151265,-0.029696,0.035632,-0.129629,-0.008552,-0.126293,0.00264,0.000518
0,-0.009988,0.121736,-0.163111,0.176474,-0.182269,0.128176,0.000174,0.002125
0,0.028854,0.025769,0.049378,-0.114398,0.092502,-0.134332,0.000504,0.00045
0,-0.000736,0.012277,-0.057118,0.003279,-0.051591,-0.017584,1.3e-05,0.000214
0,-0.030766,-0.056327,-0.017791,-0.052713,-0.047955,-0.080983,0.000537,0.000983
0,0.043111,-0.051113,0.057226,0.01599,0.101695,-0.003846,0.000752,0.000892
0,0.083268,0.096414,0.012651,0.147266,0.045287,0.145648,0.001453,0.001683
0,0.240681,0.112982,0.179903,0.026815,0.143555,-0.016448,0.001417,0.001972
0,0.02591,0.13797,-0.204662,0.051974,-0.236021,0.029797,0.000452,0.002408
0,0.131265,0.047062,0.122211,-0.116001,0.081253,-0.119782,0.002291,0.000821
0,-0.090133,0.141898,-0.246443,0.114975,-0.236431,0.148317,0.001573,0.002477
0,-0.013396,0.07235,0.091128,-0.097499,0.136546,-0.085677,0.000234,0.001263
0,-0.053901,0.038279,-0.020299,-0.024321,-0.028648,-0.022383,0.000941,0.000668
0,-0.104822,0.034496,-0.06674,0.004131,-0.092547,0.045603,0.001829,0.000602
0,0.082002,0.129677,0.183629,0.088911,0.150186,0.044423,0.001431,0.002263
0,0.12271,0.129453,0.03373,0.018068,0.047829,0.020626,0.002142,0.002259
0,0.041098,-0.033276,-0.055753,-0.177898,-0.049696,-0.220109,0.000717,0.000581
0,-0.20217,0.167757,-0.234341,0.201104,-0.204704,0.221036,0.002089,0.00269
0,-0.192012,-0.052813,0.016554,-0.248439,0.036733,-0.260337,0.002266,0.000922
0,0.021743,-0.129661,0.196515,-0.064095,0.242918,-0.031211,0.000379,0.002263
0,-0.037658,0.036458,-0.06199,0.144718,-0.013118,0.155161,0.000657,0.000636
0,-0.113831,-0.130801,-0.074048,-0.151242,-0.100561,-0.120617,0.001987,0.002283
0,-0.23483,-0.009069,-0.118156,0.137307,-0.082802,0.12893,0.001519,0.000158
0,-0.238991,-0.026502,0.007949,-0.009946,-0.037812,0.027771,0.001446,0.000463
0,0.009025,-0.124992,0.25921,-0.116155,0.258282,-0.123144,0.000158,0.002182
0,-0.077782,0.008049,-0.086074,0.135801,-0.118497,0.116977,0.001358,0.00014
0,-0.206232,0.102244,-0.109637,0.113097,-0.094705,0.149728,0.002018,0.001785
0,-0.161903,0.095771,0.067935,-0.002147,0.102469,-0.025596,0.002792,0.001672
0,-0.193029,-0.028104,-0.051005,-0.130349,-0.087735,-0.134838,0.002249,0.000491
0,-0.213427,-0.006803,-0.008219,0.031604,0.021785,0.052632,0.001893,0.000119
0,-0.020384,-0.024773,0.188792,-0.01299,0.22756,0.029649,0.000356,0.000432
0,-0.093015,0.089704,-0.051413,0.14427,-0.036338,0.128943,0.001623,0.001566
0,0.064524,-0.128174,0.178933,-0.200657,0.131096,-0.217658,0.001126,0.002237
0,-0.165506,-0.184568,-0.237798,-0.084851,-0.267099,-0.073738,0.002729,0.002396
0,-0.139419,-0.001803,0.038452,0.164202,0.027297,0.129211,0.002433,3.1e-05
0,-0.039542,-0.16368,0.115402,-0.152715,0.135703,-0.137062,0.00069,0.002761
0,-0.115175,-0.138746,-0.07145,0.042389,-0.055536,0.018089,0.00201,0.002422
0,-0.007036,-0.195461,0.131201,-0.052424,0.147025,-0.071235,0.000123,0.002206
0,-0.167543,0.001552,-0.140434,0.208403,-0.150174,0.198777,0.002693,2.7e-05
0,0.104977,0.102479,0.253182,0.124298,0.298984,0.155498,0.001832,0.001789
0,-0.125317,0.03055,-0.203433,-0.092584,-0.247879,-0.11766,0.002187,0.000533
0,0.022173,0.0403,0.122694,0.005153,0.161871,0.015891,0.000387,0.000703
0,0.019833,0.169994,-0.030053,0.140176,-0.072258,0.092592,0.000346,0.002651
0,0.162559,-0.12905,0.169047,-0.282947,0.144548,-0.319639,0.00278,0.002252
0,0.09938,0.06224,-0.07607,0.214174,-0.034304,0.179565,0.001735,0.001086
0,0.0265,-0.027086,-0.085736,-0.098331,-0.121779,-0.128124,0.000463,0.000473
0,0.201559,-0.075458,0.166655,-0.028945,0.190021,-0.008057,0.0021,0.001317
0,0.060202,-0.063433,-0.119359,0.01979,-0.098082,0.060785,0.001051,0.001107
0,0.104847,-0.073803,0.064772,-0.004,0.031423,-0.037558,0.00183,0.001288
0,-0.085713,-0.037076,-0.197548,0.018599,-0.173788,0.02001,0.001496,0.000647
0,0.111048,-0.114453,0.221632,-0.080759,0.255155,-0.114971,0.001938,0.001998
0,0.027159,0.065332,-0.105047,0.154016,-0.079996,0.110648,0.000474,0.00114
0,-0.069093,-0.065208,-0.111921,-0.121358,-0.08133,-0.121372,0.001206,0.001138
0,0.005505,-0.151531,0.045382,-0.074435,0.04073,-0.073376,9.6e-05,0.002645
0,0.159644,-0.01431,0.142033,0.145751,0.158692,0.13057,0.002786,0.00025
0,0.120473,-0.164238,-0.014448,-0.155487,-0.05114,-0.112713,0.002103,0.002751
0,0.143835,0.001626,0.028495,0.180721,0.031663,0.202266,0.00251,2.8e-05
0,-0.089927,-0.043546,-0.207382,-0.023359,-0.250788,-0.05032,0.00157,0.00076
0,0.145999,-0.021452,0.260857,0.038881,0.216611,0.005179,0.002548,0.000374
0,-0.000396,0.050496,-0.126038,0.072649,-0.116679,0.122463,7e-06,0.000881
0,0.170361,0.01419,0.159577,-0.055564,0.184635,-0.017852,0.002644,0.000248
0,0.22349,-0.025784,0.057619,-0.027595,0.084134,-0.031013,0.001717,0.00045
0,0.13844,-0.004001,-0.068462,0.001291,-0.047047,0.033632,0.002416,7e-05
0,0.207181,0.057336,0.089633,0.079606,0.070577,0.05773,0.002002,0.001001
0,0.009211,0.110744,-0.17614,0.028587,-0.159387,0.050964,0.000161,0.001933
0,0.243189,-0.014832,0.207845,-0.098266,0.160586,-0.100962,0.001373,0.000259
0,0.22181,-0.041302,-0.021371,-0.002307,0.006326,-0.001034,0.001746,0.000721
0,0.013163,-0.139388,-0.193158,-0.070039,-0.15593,-0.040417,0.00023,0.002433
0,0.303199,-0.011534,0.275802,0.101935,0.260227,0.125447,0.000326,0.000201
0,0.12893,-0.088854,-0.149537,-0.054436,-0.120139,-0.100568,0.00225,0.001551
0,0.256105,-0.053018,0.126919,0.057133,0.1384,0.101958,0.001148,0.000925
0,0.279356,-0.044321,0.033539,0.035312,0.034171,0.055946,0.000742,0.000774
0,0.043274,0.072594,-0.215582,0.113031,-0.252566,0.154295,0.000755,0.001267
0,0.290474,0.013049,0.276972,-0.056896,0.289471,-0.085546,0.000548,0.000228
0,0.206271,0.067329,-0.06285,0.051133,-0.041936,0.093921,0.002017,0.001175
0,0.047217,-0.17764,-0.186509,-0.248407,-0.22181,-0.284395,0.000824,0.002517
0,0.002522,-0.210127,-0.031887,-0.037759,-0.053856,0.007142,4.4e-05,0.00195
0,0.081263,0.031508,0.10171,0.25842,0.063886,0.254474,0.001418,0.00055
0,0.162259,-0.14394,0.074083,-0.164859,0.075457,-0.144886,0.002786,0.002512
0,0.060862,-0.091024,-0.130183,0.03844,-0.124555,0.022743,0.001062,0.001589
0,0.291344,-0.120397,0.231626,-0.0438,0.264745,-0.05664,0.000533,0.002101
0,0.039355,-0.076684,-0.247334,0.06964,-0.235116,0.084833,0.000687,0.001338
0,0.318512,-0.085512,0.299618,-0.036597,0.290046,-0.00753,5.8e-05,0.001492
0,0.054628,-0.099053,-0.273535,0.013329,-0.254003,-0.001197,0.000953,0.001729
0,0.301156,-0.206236,0.26466,-0.125751,0.214833,-0.077002,0.000361,0.002018
0,-0.016277,-0.054969,-0.298731,0.128761,-0.344548,0.082929,0.000284,0.000959
0,0.161149,0.007373,0.16275,0.059932,0.156815,0.086104,0.002805,0.000129
0,0.217341,-0.012165,0.046317,-0.020359,0.078382,0.020886,0.001824,0.000212
0,0.245708,0.091069,0.02285,0.088953,0.03053,0.096939,0.001329,0.001589
0,0.20594,-0.143197,-0.025714,-0.25877,0.009639,-0.269372,0.002023,0.002499
0,0.129292,0.045453,-0.085797,0.161649,-0.085776,0.124981,0.002257,0.000793
0,0.172676,0.014024,0.050865,-0.01528,0.026946,0.028581,0.002604,0.000245
0,0.267701,0.070876,0.109192,0.07651,0.157429,0.123704,0.000945,0.001237
0,-0.018211,0.090263,-0.258075,0.046777,-0.24137,0.041207,0.000318,0.001575
0,0.206618,-0.026451,0.207696,-0.137757,0.170391,-0.128677,0.002011,0.000462
0,0.096848,-0.099437,-0.115108,-0.056253,-0.080113,-0.090897,0.00169,0.001736
0,-0.060818,0.012913,-0.168039,0.136559,-0.203458,0.146507,0.001061,0.000225
0,0.187129,-0.14087,0.27364,-0.154766,0.29615,-0.142361,0.002351,0.002459
0,-0.109992,-0.010403,-0.279649,0.109729,-0.310249,0.115165,0.00192,0.000182
0,-0.127646,0.073819,0.009381,0.065312,0.0176,0.023882,0.002228,0.001288
0,-0.101992,-0.002595,0.035827,-0.065991,0.009808,-0.107353,0.00178,4.5e-05
0,-0.174512,-0.095212,-0.09348,-0.082328,-0.100187,-0.06738,0.002572,0.001662
0,-0.063279,-0.111127,0.119118,-0.038452,0.135701,-0.083096,0.001104,0.00194
0,-0.208475,0.146915,-0.141656,0.249905,-0.131625,0.207141,0.001979,0.002564
0,-0.060966,-0.097384,0.15525,-0.267887,0.184116,-0.259408,0.001064,0.0017
0,0.058769,0.191514,0.090891,0.269592,0.068183,0.232367,0.001026,0.002275
0,-0.12989,0.04471,-0.202797,-0.164799,-0.153363,-0.17054,0.002267,0.00078
0,0.005231,0.085175,0.105964,0.056898,0.137463,0.051945,9.1e-05,0.001487
0,0.061924,0.031684,0.056685,-0.04109,0.084624,-0.03565,0.001081,0.000553
0,-0.128402,-0.063093,-0.218856,-0.121695,-0.229488,-0.156178,0.002241,0.001101
0,-0.09372,-0.032804,0.032404,0.008736,0.045679,0.028864,0.001636,0.000573
0,-0.047796,-0.043772,0.024444,0.018685,0.062852,0.049298,0.000834,0.000764
0,-0.020945,0.150991,0.013278,0.178466,0.032772,0.186794,0.000366,0.002635
0,-0.121818,-0.049718,-0.130817,-0.230356,-0.096258,-0.194939,0.002126,0.000868
0,0.078518,0.079915,0.209345,0.150769,0.183,0.178986,0.00137,0.001395
0,-0.089387,0.04153,-0.192888,-0.040757,-0.237113,-0.032918,0.00156,0.000725
0,0.004483,0.215967,0.093459,0.166099,0.143257,0.136866,7.8e-05,0.001848
0,-0.049971,-0.048846,-0.038088,-0.286804,-0.074508,-0.313899,0.000872,0.000853
0,-0.005164,0.189904,0.062379,0.245198,0.026532,0.217931,9e-05,0.002303
0,-0.070082,0.138523,-0.073951,-0.072233,-0.115773,-0.05593,0.001223,0.002418
0,-0.002921,0.152797,0.038638,0.027159,0.063381,0.034441,5.1e-05,0.002667
0,0.058071,0.214811,0.034902,0.061694,0.036946,0.107339,0.001014,0.001868
0,-0.22888,0.190123,-0.30914,-0.049868,-0.303537,-0.021894,0.001623,0.002299
0,-0.101434,-0.005061,0.116076,-0.199378,0.092619,-0.229497,0.00177,8.8e-05
0,-0.122619,-0.047392,0.000982,-0.018062,-0.036518,-0.06692,0.00214,0.000827
0,-0.139711,-0.016305,-0.030169,0.018837,-0.068408,0.046767,0.002438,0.000285
0,-0.028336,-0.031446,0.088484,-0.035282,0.094637,-0.079847,0.000495,0.000549
0,-0.086915,0.097087,-0.045301,0.129491,-0.072504,0.095903,0.001517,0.001694
0,0.008951,0.028706,0.083005,-0.08751,0.072596,-0.060262,0.000156,0.000501
0,0.023025,0.083077,-0.013394,0.052129,-0.022205,0.049613,0.000402,0.00145
0,-0.098638,0.192468,-0.097387,0.137621,-0.097633,0.124047,0.001722,0.002258
0,0.008934,0.057321,0.097854,-0.139593,0.132362,-0.111272,0.000156,0.001
0,-0.150327,0.058864,-0.172962,-0.016275,-0.179697,0.03048,0.002624,0.001027
0,-0.169881,0.004552,-0.009502,-0.075787,-0.025071,-0.094165,0.002653,7.9e-05
0,-0.147642,0.15364,0.005802,0.162366,0.050852,0.134067,0.002577,0.002682
0,0.108598,0.145258,0.252239,-0.027918,0.21647,-0.068338,0.001895,0.002535
0,-0.013111,-0.073141,-0.103881,-0.196596,-0.120726,-0.183158,0.000229,0.001277
0,0.136376,-0.097991,0.167831,-0.005803,0.189718,0.015882,0.00238,0.00171
0,-0.05596,-0.149379,-0.222083,-0.068723,-0.269938,-0.027309,0.000977,0.002607
0,0.084582,0.007414,0.154187,0.167196,0.104447,0.209972,0.001476,0.000129
0,0.190923,-0.064925,0.098493,-0.04458,0.079223,-0.062542,0.002285,0.001133
0,0.178066,0.025309,-0.011724,0.101199,-0.012127,0.1434,0.00251,0.000442
0,0.105009,0.100564,-0.067022,0.071743,-0.053181,0.023505,0.001833,0.001755
0,0.155775,0.11744,0.037919,0.024244,0.008962,0.044632,0.002719,0.00205
0,0.181912,0.100717,-0.000435,-0.03387,0.015994,-0.082522,0.002443,0.001758
0,0.153257,0.027653,-0.026886,-0.093473,-0.036602,-0.048054,0.002675,0.000483
0,0.188716,0.08443,0.027664,0.043161,-0.001833,0.037859,0.002324,0.001474
0,-0.030365,0.112215,-0.193074,0.008881,-0.161566,-0.038458,0.00053,0.001959
0,0.078202,0.070897,0.085033,-0.046966,0.038332,-0.011876,0.001365,0.001237
0,-0.097058,0.005783,-0.163034,-0.054307,-0.205637,-0.046559,0.001694,0.000101
0,-0.017112,0.053653,0.059418,0.023564,0.03578,0.003584,0.000299,0.000936
0,0.002556,-0.017667,0.013834,-0.085185,0.051996,-0.130886,4.5e-05,0.000308
0,-0.164395,-0.051723,-0.184521,-0.041791,-0.161294,-0.071701,0.002748,0.000903
0,-0.006198,-0.113858,0.155759,-0.061993,0.184951,-0.032433,0.000108,0.001987
0,-0.025429,-0.144064,-0.020444,-0.054912,0.022213,-0.089683,0.000444,0.002514
0,0.053725,0.003648,0.058175,0.153888,0.056931,0.145378,0.000938,6.4e-05
0,-0.047128,-0.121188,-0.080836,-0.102375,-0.095048,-0.06316,0.000823,0.002115
0,-0.121521,-0.127924,-0.098183,-0.028061,-0.117446,-0.008132,0.002121,0.002233
0,-0.020522,-0.122778,0.076639,-0.013224,0.07631,-0.036288,0.000358,0.002143
0,-0.004836,-0.129317,-0.011286,-0.006825,0.012217,-0.004639,8.4e-05,0.002257
0,0.115949,-0.113084,0.111358,0.016763,0.097083,0.042622,0.002024,0.001974
0,0.212174,0.15402,0.118007,0.257427,0.090081,0.213408,0.001914,0.002688
0,0.222489,0.150837,0.037234,-0.005297,0.024518,0.037608,0.001734,0.002633
0,0.217559,0.033175,0.01508,-0.095505,0.022344,-0.049044,0.00182,0.000579
0,0.011676,-0.126887,-0.230277,-0.188584,-0.23702,-0.161422,0.000204,0.002215
0,-0.044783,0.040595,-0.039949,0.1704,-0.059766,0.125656,0.000782,0.000709
0,0.13258,0.134131,0.206748,0.12143,0.2545,0.148764,0.002314,0.002341
0,0.221926,0.046089,0.107211,-0.115843,0.155571,-0.148863,0.001744,0.000804
0,0.241289,0.221517,0.040673,0.190817,0.07252,0.141843,0.001406,0.001751
0,0.195624,-0.052058,-0.037288,-0.248037,-0.040253,-0.246967,0.002203,0.000909
0,0.22107,0.077566,0.027205,0.119819,-0.008853,0.166683,0.001759,0.001354
0,0.190073,0.130149,-0.002929,0.03586,-0.004831,0.071189,0.0023,0.002272
0,0.129385,0.050167,-0.088322,-0.1016,-0.06287,-0.109433,0.002258,0.000876
0,0.210811,-0.005883,0.097718,-0.078847,0.048704,-0.122303,0.001938,0.000103
0,0.122778,0.086215,-0.111507,0.120043,-0.061864,0.168623,0.002143,0.001505
0,0.055568,0.068982,-0.061444,0.010374,-0.059777,-0.028292,0.00097,0.001204
0,0.087319,-0.000542,0.022571,-0.053424,0.019017,-0.03307,0.001524,9e-06
0,-0.027977,-0.079085,-0.14454,-0.058447,-0.179808,-0.02719,0.000488,0.00138
0,0.05665,0.039939,0.077057,0.100529,0.126921,0.116008,0.000989,0.000697
0,0.125223,0.102409,0.09408,0.040536,0.080723,0.081744,0.002186,0.001787
0,0.203604,0.060747,0.062126,-0.058205,0.053924,-0.077804,0.002064,0.00106
0,0.010628,-0.12664,-0.205194,-0.203409,-0.237392,-0.177216,0.000185,0.00221
0,0.135825,-0.106704,0.134252,-0.005662,0.173564,-0.020662,0.002371,0.001862
0,0.201493,0.135028,0.090783,0.228392,0.137965,0.253614,0.002101,0.002357
0,0.063504,0.087159,-0.1276,-0.075384,-0.171527,-0.074268,0.001108,0.001521
0,0.03661,-0.02849,-0.003504,-0.122588,0.010721,-0.07753,0.000639,0.000497
0,0.016761,0.075017,-0.023646,0.104929,-0.050934,0.122131,0.000293,0.001309
0,0.166044,0.066202,0.158428,0.010246,0.124907,-0.0135,0.002719,0.001155
0,-0.094574,0.03528,-0.267232,-0.030705,-0.305959,-0.032905,0.001651,0.000616
0,0.082702,0.05443,0.204249,0.033195,0.201039,0.003882,0.001443,0.00095
0,0.142483,0.088263,0.036348,0.035305,0.024274,0.021926,0.002487,0.00154
0,0.017739,-0.030454,-0.111158,-0.104531,-0.131309,-0.081353,0.00031,0.000532
0,0.112979,-0.020319,0.071362,0.011531,0.090252,-0.00772,0.001972,0.000355
0,0.019001,-0.09402,-0.123596,-0.096264,-0.099126,-0.137505,0.000332,0.001641
0,0.139905,-0.100185,0.125849,-0.02049,0.165552,0.002553,0.002442,0.001749
0,0.082632,0.018466,-0.049762,0.115659,-0.095298,0.161823,0.001442,0.000322
0,0.083671,-0.194739,-0.002418,-0.199722,0.017612,-0.228438,0.00146,0.002219
0,-0.012936,-0.090202,-0.121734,0.075273,-0.0729,0.113436,0.000226,0.001574
0,-0.077536,-0.058836,-0.087948,0.03712,-0.118792,0.048996,0.001353,0.001027
0,0.022778,0.017256,0.103837,0.096777,0.119046,0.098631,0.000398,0.000301
0,0.046308,-0.127341,0.006714,-0.173501,0.001894,-0.211219,0.000808,0.002223
0,0.0247,0.089929,-0.008932,0.201902,0.019659,0.216157,0.000431,0.00157
0,0.193682,0.147458,0.14099,0.049077,0.105707,0.0155,0.002237,0.002574
0,0.14733,0.105549,-0.019606,-0.037266,-0.019593,-0.079395,0.002571,0.001842
0,0.07617,-0.027024,-0.075426,-0.159756,-0.087816,-0.152077,0.001329,0.000472
0,-0.009049,0.181595,-0.084069,0.179779,-0.127273,0.164518,0.000158,0.002448
0,-0.025114,0.191532,-0.040955,0.020522,-0.056016,0.037426,0.000438,0.002275
0,0.094045,-0.025661,0.099542,-0.207516,0.108444,-0.2207,0.001641,0.000448
0,0.165511,-0.073951,0.058423,-0.027289,0.039079,-0.025862,0.002729,0.001291
0,0.172412,-0.122116,0.029469,-0.034659,0.06273,-0.048921,0.002608,0.002131
0,0.06031,-0.09712,-0.099989,0.05329,-0.129885,0.092714,0.001053,0.001695
0,-0.056681,0.130353,-0.12987,0.240635,-0.097979,0.202737,0.000989,0.002275
0,-0.11224,-0.041397,-0.074065,-0.174033,-0.103519,-0.198819,0.001959,0.000723
0,0.096192,-0.00472,0.195489,0.045032,0.201492,0.07703,0.001679,8.2e-05
0,-0.118827,0.063726,-0.195468,0.045055,-0.224726,0.031987,0.002074,0.001112
0,0.154457,0.08379,0.297833,-0.009521,0.31187,-0.052935,0.002696,0.001462
0,0.003839,0.041596,-0.127472,-0.063449,-0.175665,-0.039175,6.7e-05,0.000726
0,0.004348,-0.127165,-0.014153,-0.187603,-0.007332,-0.15039,7.6e-05,0.002219
0,-0.033267,-0.068948,-0.053247,0.055257,-0.096089,0.067585,0.000581,0.001203
0,0.041478,0.052335,0.065898,0.127597,0.026952,0.106724,0.000724,0.000913
0,-0.013364,0.125469,-0.044149,0.090714,-0.08486,0.08835,0.000233,0.00219
0,-0.122471,-0.048055,-0.097729,-0.198891,-0.131949,-0.169149,0.002138,0.000839
0,0.064534,0.003129,0.173663,0.076984,0.208384,0.080454,0.001126,5.5e-05
0,-0.074517,-0.068754,-0.143204,-0.088167,-0.130424,-0.130325,0.001301,0.0012
0,-0.050719,-0.119481,0.001129,-0.026645,0.050312,-0.000711,0.000885,0.002085
0,-0.050921,0.077492,-0.019292,0.217898,0.023178,0.200666,0.000889,0.001352
0,0.049751,0.079712,0.115848,-0.027152,0.112625,-0.011307,0.000868,0.001391
0,-0.079003,-0.141703,-0.141222,-0.2264,-0.102998,-0.258775,0.001379,0.002473
0,0.091561,-0.145925,0.14707,-0.007488,0.160498,0.027821,0.001598,0.002547
0,-0.133874,0.045117,-0.249026,0.175043,-0.271763,0.185089,0.002337,0.000787
0,-0.100025,-0.143147,0.047309,-0.188728,0.067142,-0.197689,0.001746,0.002498
0,-0.031427,-0.221123,0.061538,-0.0557,0.101131,-0.041997,0.000549,0.001758
0,0.051705,-0.063201,0.091768,0.16331,0.041833,0.158055,0.000902,0.001103
0,-0.172533,-0.098435,-0.209683,-0.019306,-0.218751,0.020079,0.002606,0.001718
0,-0.028944,-0.142617,0.164235,-0.059102,0.207775,-0.055559,0.000505,0.002489
0,0.081054,-0.089679,0.107479,0.066331,0.123576,0.091526,0.001415,0.001565
0,-0.088935,-0.11745,-0.159189,-0.009938,-0.116832,0.018614,0.001552,0.00205
0,-0.097675,-0.054729,0.008006,0.061157,0.042498,0.074634,0.001705,0.000955
0,0.020443,-0.03736,0.091926,0.036258,0.130686,0.026439,0.000357,0.000652
0,-0.048701,-0.173462,-0.09903,-0.165282,-0.077617,-0.20288,0.00085,0.00259
0,-0.009268,-0.012996,0.033395,0.137225,0.03687,0.152036,0.000162,0.000227
0,-0.20816,0.063351,-0.215046,0.064153,-0.227744,0.088679,0.001984,0.001106
0,-0.247582,-0.085174,-0.039329,-0.174812,-0.000913,-0.146133,0.001296,0.001487
0,-0.132334,0.11448,0.108323,0.214659,0.109512,0.18036,0.00231,0.001998
0,-0.268942,-0.093849,-0.141313,-0.225185,-0.107352,-0.255982,0.000924,0.001638
0,-0.201906,0.111187,0.042865,0.185886,0.019983,0.234969,0.002094,0.001941
0,-0.236784,-0.164648,-0.042292,-0.30399,-0.06489,-0.315924,0.001485,0.002744
0,0.029901,0.032382,0.288291,0.177653,0.28888,0.221978,0.000522,0.000565
0,-0.178361,0.127318,-0.236802,0.098899,-0.229237,0.098953,0.002505,0.002222
0,-0.100177,-0.052619,0.087654,-0.173062,0.078913,-0.210035,0.001748,0.000918
0,-0.07721,0.094776,-0.004382,0.126352,0.003395,0.096958,0.001348,0.001654
0,-0.182777,-0.092996,-0.105241,-0.21601,-0.112918,-0.170463,0.002427,0.001623
0,-0.056373,0.022057,0.101865,0.100204,0.060373,0.10702,0.000984,0.000385
0,0.04705,0.057781,0.077604,0.052637,0.097976,0.012483,0.000821,0.001008
0,0.02178,-0.142396,-0.030798,-0.196469,-0.007967,-0.215994,0.00038,0.002485
0,0.116439,0.054916,0.104343,0.181387,0.077274,0.166867,0.002032,0.000958
0,0.001803,-0.120957,-0.122302,-0.178196,-0.116246,-0.215574,3.1e-05,0.002111
0,-0.095496,0.002453,-0.096256,0.095317,-0.098544,0.127075,0.001667,4.3e-05
0,-0.157355,0.050887,-0.076141,0.040891,-0.057989,0.012417,0.002746,0.000888
0,0.097703,-0.007871,0.253693,-0.030127,0.231535,-0.049955,0.001705,0.000137
0,-0.086664,-0.089365,-0.203375,-0.069239,-0.211118,-0.057738,0.001513,0.00156
0,-0.007981,-0.120146,0.057777,-0.053784,0.057221,-0.07036,0.000139,0.002097
0,0.076811,-0.08174,0.056874,0.060719,0.066854,0.051995,0.001341,0.001427
0,0.149313,-0.012947,0.048368,0.05244,0.033077,0.042498,0.002606,0.000226
0,-0.014044,0.011504,-0.174896,0.009268,-0.204953,0.000866,0.000245,0.000201
0,-0.057549,-0.139674,-0.036167,-0.171325,-0.037113,-0.127867,0.001004,0.002438
0,-0.029717,0.039496,0.045055,0.192769,0.044732,0.163274,0.000519,0.000689
0,-0.108191,0.001835,-0.072125,-0.024753,-0.038802,-0.016014,0.001888,3.2e-05
0,-0.012591,0.116147,0.086702,0.107115,0.093417,0.148583,0.00022,0.002027
0,0.435682,-1.175847,0.45127,-1.266717,0.448868,-1.225633,0.001987,0.001948
0,1.105444,-1.499525,0.680475,-0.299512,0.67017,-0.304854,0.002441,0.001916
0,1.477047,-1.65956,0.345084,-0.16551,0.3363,-0.185906,0.002308,0.000877
0,1.621713,-1.430369,0.166632,0.220209,0.128874,0.23069,0.000217,0.002495
0,2.014745,-1.347797,0.412135,0.103045,0.411111,0.081449,0.001459,0.001053
0,2.054499,-0.701967,0.036504,0.675602,-0.001626,0.709961,0.002153,0.001017
0,1.833645,-0.800155,-0.19382,-0.071695,-0.161029,-0.027906,0.001702,0.00273
0,1.531585,-0.797262,-0.281228,-0.02604,-0.273062,-0.048043,0.001356,0.00268
0,1.246918,-0.529404,-0.261853,0.245098,-0.219969,0.257715,0.000707,0.001995
0,0.594009,-0.258592,-0.654604,0.291067,-0.65251,0.260605,0.000868,0.001104
0,0.397013,-0.057788,-0.204259,0.191736,-0.216885,0.149463,0.001312,0.001009
0,0.141309,-0.165688,-0.283038,-0.114565,-0.274141,-0.15565,0.002466,0.002726
0,-0.174844,0.049236,-0.317559,0.215906,-0.295567,0.239245,0.002566,0.000859
0,-0.200473,-0.023703,-0.011675,-0.067715,-0.026118,-0.030004,0.002119,0.000414
0,-0.057856,-0.022782,0.165738,0.00429,0.140427,0.041049,0.00101,0.000398
0,-0.069465,0.1183,0.005878,0.16852,-0.001383,0.149998,0.001212,0.002065
0,-0.071876,0.05311,-0.023937,-0.058657,-0.009599,-0.043468,0.001254,0.000927
0,-0.172813,0.207139,-0.091885,0.176185,-0.077333,0.217179,0.002601,0.002002
0,-0.144837,0.139242,0.054055,-0.044942,0.010806,-0.08943,0.002528,0.00243
0,-0.217895,0.035542,-0.077264,-0.087739,-0.075504,-0.073534,0.001815,0.00062
0,-0.001978,0.198166,0.203575,0.133458,0.210046,0.109332,3.5e-05,0.002159
0,0.072825,-0.065581,0.062528,-0.25454,0.026533,-0.293626,0.001271,0.001145
0,0.158251,-0.032034,0.092179,0.018156,0.136606,0.040112,0.002762,0.000559
0,-0.037343,-0.106274,-0.203346,-0.047081,-0.15839,-0.027096,0.000652,0.001855
0,0.018714,0.105963,0.054697,0.228436,0.047792,0.252874,0.000327,0.001849
0,0.142566,0.07025,0.124855,-0.030488,0.163367,0.014198,0.002488,0.001226
0,0.131797,-0.111182,-0.002083,-0.187455,-0.036758,-0.182883,0.0023,0.00194
0,0.000195,0.016694,-0.121115,0.116029,-0.12023,0.068207,3e-06,0.000291
0,0.132987,0.11764,0.122522,0.099694,0.149409,0.126829,0.002321,0.002053
0,-0.056961,0.087315,-0.198471,-0.009078,-0.193294,-0.04636,0.000994,0.001524
0,-0.083883,-0.111997,-0.009103,-0.172334,-0.041733,-0.182399,0.001464,0.001955
0,0.08131,0.047861,0.192322,0.145229,0.151158,0.138755,0.001419,0.000835
0,-0.082494,0.053938,-0.192566,0.025924,-0.213871,0.026508,0.00144,0.000941
0,0.188676,0.051941,0.257603,0.00175,0.221924,-0.013284,0.002324,0.000907
0,0.065077,-0.039729,-0.117371,-0.116559,-0.146589,-0.122579,0.001136,0.000693
0,0.166892,-0.123849,0.121244,-0.079444,0.139416,-0.079831,0.002705,0.002162
0,-0.119047,-0.109808,-0.303025,0.044004,-0.288765,0.051191,0.002078,0.001917
0,-0.092912,0.017052,0.02781,0.142376,0.028356,0.175199,0.001622,0.000298
0,0.04104,0.080157,0.150794,0.067547,0.157852,0.042776,0.000716,0.001399
0,0.144218,0.06589,0.079149,-0.015494,0.12564,-0.05629,0.002517,0.00115
0,-0.006129,-0.146021,-0.17232,-0.208617,-0.129974,-0.199339,0.000107,0.002549
0,0.117599,0.041658,0.119981,0.165537,0.082487,0.168637,0.002052,0.000727
0,0.052291,-0.021222,-0.094719,-0.035747,-0.101635,-0.021112,0.000913,0.00037
0,-0.165305,0.114736,-0.236621,0.126522,-0.193415,0.167266,0.002732,0.002003
0,-0.006648,0.126441,0.18253,0.002456,0.154646,-0.042847,0.000116,0.002207
0,0.018257,-0.033541,0.043848,-0.142991,0.074121,-0.156227,0.000319,0.000585
0,-0.044007,0.027896,-0.079319,0.066116,-0.115784,0.074389,0.000768,0.000487
0,0.12357,0.122137,0.159047,0.101376,0.151796,0.130547,0.002157,0.002132
0,0.035318,-0.13862,-0.100761,-0.241445,-0.090215,-0.203145,0.000616,0.002419
0,0.058228,-0.007964,0.043333,0.107849,0.079024,0.083786,0.001016,0.000139
0,0.106872,-0.095193,0.063471,-0.107328,0.026469,-0.079205,0.001865,0.001661
0,0.12103,0.150036,0.003811,0.26144,0.016121,0.237885,0.002112,0.002619
0,0.059927,0.099623,-0.050592,-0.048673,-0.085456,-0.084671,0.001046,0.001739
0,1.192468,0.062959,1.126746,-0.057946,1.134312,-0.008079,0.001658,0.001099
0,3.247289,0.048581,2.030478,-0.002025,2.016106,-0.045348,0.000501,0.000848
0,3.720885,0.194177,0.457979,0.145085,0.455889,0.179152,0.002468,0.002228
0,3.640027,0.069282,-0.052955,-0.123479,-0.036768,-0.128133,0.001738,0.001209
0,3.391878,0.019798,-0.246321,-0.061133,-0.253483,-0.012584,0.002593,0.000346
0,2.468852,0.034885,-0.918422,-0.012751,-0.898738,0.004486,0.00185,0.000609
0,1.255993,0.085035,-1.195564,0.062688,-1.148058,0.04494,0.000549,0.001484
0,0.853549,0.093959,-0.410115,0.013219,-0.423835,-0.019526,0.001955,0.00164
0,0.372724,0.085776,-0.482623,-0.018513,-0.471453,0.015043,0.000888,0.001497
0,-1.938555,1.022301,-2.285387,0.913781,-2.295518,0.920177,0.000129,0.00099
0,-3.285331,1.584018,-1.333312,0.53541,-1.378971,0.555237,0.001165,0.000441
0,-4.206534,1.431847,-0.933218,-0.152344,-0.912722,-0.152221,0.00039,0.00252
0,-4.329586,1.191799,-0.124077,-0.267018,-0.143861,-0.261069,0.002538,0.001669
0,-4.783195,0.87816,-0.472096,-0.339366,-0.520953,-0.34277,0.00078,0.001526
0,-4.177869,0.704455,0.595984,-0.195647,0.613476,-0.211382,0.00011,0.00106
0,-3.686833,0.421574,0.514792,-0.283955,0.512456,-0.284309,0.002555,0.00174
0,-2.579503,0.098157,1.0828,-0.315307,1.113302,-0.310872,8.1e-05,0.001713
0,-1.894528,0.044373,0.697052,-0.041497,0.695722,-0.038787,0.000639,0.000774
0,-1.429521,0.101433,0.44386,0.035447,0.432361,0.000512,0.00248,0.00177
0,-0.935214,0.041715,0.496808,-0.063134,0.52213,-0.019371,0.00053,0.000728
0,-0.381399,-0.158154,0.569755,-0.214143,0.565512,-0.25662,0.001039,0.00276
0,0.342979,-0.118471,0.716169,0.042699,0.731979,0.046067,0.000369,0.002068
0,0.331212,-0.23156,-0.010366,-0.113417,0.019435,-0.072471,0.000163,0.001576
0,0.309218,-0.109868,-0.041606,0.092462,-0.011896,0.123187,0.000221,0.001918
0,0.165189,-0.028394,-0.119828,0.065205,-0.099379,0.115054,0.002734,0.000496
0,0.296023,-0.088215,0.120023,-0.053332,0.096416,-0.037697,0.000451,0.00154
0,0.33926,-0.053431,0.030992,0.043731,0.035934,0.016545,0.000304,0.000933
0,0.13149,-0.109164,-0.197712,-0.04423,-0.230087,-0.067677,0.002295,0.001905
0,0.359557,-0.240538,0.216151,-0.156039,0.242927,-0.155084,0.000658,0.001419
0,0.256269,-0.107526,-0.129446,0.123047,-0.10805,0.076967,0.001145,0.001877
0,0.370521,-0.209166,0.108714,-0.085161,0.082396,-0.130839,0.000849,0.001967
0,0.258077,0.027974,-0.119771,0.234138,-0.071605,0.195631,0.001113,0.000488
0,0.346065,0.034646,0.105172,0.021632,0.084959,-0.001252,0.000422,0.000605
0,0.320337,0.101139,-0.045297,0.045147,-0.009465,0.090982,2.7e-05,0.001765
0,0.379651,-0.125665,0.041396,-0.224002,0.042349,-0.235354,0.001009,0.002193
0,0.389475,0.074073,-0.008741,0.182041,0.012777,0.208744,0.00118,0.001293
0,0.297631,-0.180536,-0.098021,-0.246105,-0.069321,-0.291755,0.000423,0.002467
0,0.425284,-0.19787,0.125312,-0.015666,0.110517,-0.01571,0.001805,0.002164
0,0.29961,-0.047467,-0.148631,0.173809,-0.171266,0.217207,0.000388,0.000828
0,0.083186,-0.170842,-0.22356,-0.096991,-0.228236,-0.134513,0.001452,0.002636
0,0.31235,-0.144596,0.252539,0.054557,0.264494,0.072738,0.000166,0.002524
0,0.117885,-0.018663,-0.171615,0.136021,-0.207338,0.167904,0.002057,0.000326
0,0.170453,-0.128929,0.028033,-0.115035,0.070385,-0.102885,0.002643,0.00225
0,0.203106,0.008871,0.028229,0.116122,0.018665,0.107371,0.002073,0.000155
0,0.108006,-0.201683,-0.076324,-0.219278,-0.038605,-0.241557,0.001885,0.002097
0,0.210202,0.048237,0.107942,0.269878,0.14696,0.222622,0.001949,0.000842
0,0.247014,-0.15129,0.015777,-0.18298,-0.011648,-0.224558,0.001306,0.002641
0,0.043584,-0.165786,-0.195025,-0.040483,-0.15974,-0.082364,0.000761,0.002724
0,0.187978,-0.030332,0.155421,0.149978,0.201435,0.165473,0.002337,0.000529
0,0.25553,-0.131208,0.045695,-0.093115,0.044648,-0.142151,0.001158,0.00229
0,0.094534,-0.16834,-0.156547,-0.040697,-0.15655,-0.022732,0.00165,0.002679
0,-0.021595,0.00603,-0.095286,0.159975,-0.109428,0.198093,0.000377,0.000105
0,0.067948,0.0038,0.077476,0.004772,0.126434,0.050076,0.001186,6.6e-05
0,-0.131736,-0.226098,-0.203238,-0.219608,-0.244047,-0.18987,0.002299,0.001671
0,-0.008949,-0.058717,0.117123,0.159751,0.129333,0.164323,0.000156,0.001025
0,0.019506,-0.060016,0.00284,-0.015079,0.008879,0.027189,0.00034,0.001047
0,-0.012565,0.0156,-0.013063,0.050749,0.000375,0.062715,0.000219,0.000272
0,-0.120465,-0.055641,-0.10864,-0.081485,-0.156087,-0.111414,0.002103,0.000971
0,0.058167,-0.22586,0.151609,-0.180054,0.132238,-0.166791,0.001015,0.001676
0,0.062778,-0.033764,-0.010883,0.221689,-0.001592,0.257646,0.001096,0.000589
0,0.057419,-0.170508,-0.021274,-0.147838,-0.062895,-0.135902,0.001002,0.002642
0,-0.119305,0.033187,-0.153815,0.208566,-0.157315,0.214248,0.002082,0.000579
0,-0.096446,-0.150839,-0.006955,-0.192782,-0.010287,-0.185803,0.001683,0.002633
0,0.005957,-0.084734,0.077836,0.061303,0.11602,0.105487,0.000104,0.001479
0,-0.052563,-0.132014,-0.079821,-0.063927,-0.05311,-0.069394,0.000917,0.002304
0,0.222783,-0.129831,0.256548,0.008991,0.30654,-0.024325,0.001729,0.002266
0,0.08004,-0.153038,-0.161734,-0.026883,-0.200612,-0.000642,0.001397,0.002671
0,-0.041854,0.086822,-0.11378,0.250039,-0.117187,0.238419,0.00073,0.001515
0,0.189576,-0.081696,0.231234,-0.148359,0.198357,-0.114448,0.002309,0.001426
0,0.13878,-0.144879,-0.067775,-0.056035,-0.110698,-0.039587,0.002422,0.002529
0,0.08563,0.094792,-0.026218,0.262735,-0.069616,0.308597,0.001495,0.001654
0,0.104583,-0.013109,0.027531,-0.134522,0.046815,-0.086719,0.001825,0.000229
0,-1.00273,-0.927101,-1.135892,-0.887971,-1.160215,-0.889581,0.000648,0.000672
0,-1.331231,-1.283116,-0.332914,-0.375508,-0.305259,-0.404171,0.000764,7.5e-05
0,-1.451316,-1.348219,-0.103749,-0.093259,-0.072758,-0.062957,0.002757,0.001061
0,-1.521751,-1.330329,-0.054723,0.022972,-0.042315,0.004594,0.001528,0.000749
0,-1.337827,-1.328558,0.164619,-0.022514,0.192699,-0.06094,0.000879,0.000718
0,-1.08388,-1.109406,0.240153,0.230685,0.276147,0.247114,0.002065,0.00251
0,-0.393789,-1.602787,0.714087,-0.486833,0.687025,-0.43994,0.001255,0.000114
0,0.465546,-1.438219,0.855396,0.166097,0.852793,0.132075,0.002508,0.002632
0,1.176357,-1.455863,0.683003,-0.0444,0.647713,-0.051235,0.001939,0.002678
0,1.297765,-1.073008,0.116321,0.35337,0.152181,0.382022,0.00018,0.001875
0,1.243121,-0.713041,-0.046339,0.333344,-0.014421,0.328597,0.000773,0.00121
0,1.155193,-0.490478,-0.084232,0.21667,-0.06663,0.237003,0.002308,0.002675
0,0.720329,-0.421487,-0.420032,0.0578,-0.451261,0.056452,0.001337,0.001739
0,0.621984,-0.192557,-0.126873,0.214913,-0.114538,0.183125,0.000379,0.002257
0,0.339445,0.030677,-0.307805,0.2338,-0.265416,0.18777,0.000307,0.000535
0,0.12505,-0.056183,-0.202585,-0.08779,-0.168303,-0.132583,0.002183,0.000981
0,0.044131,-0.091348,-0.092938,-0.058052,-0.062838,-0.052748,0.00077,0.001594
0,0.073727,0.008919,0.021851,0.078184,0.071218,0.032798,0.001287,0.000156
0,-0.010093,0.121338,-0.106949,0.11244,-0.099042,0.152071,0.000176,0.002118
0,-0.129902,-0.028779,-0.100327,-0.121457,-0.108084,-0.163754,0.002267,0.000502
0,-0.176965,0.203937,-0.037481,0.242634,-0.044377,0.274016,0.002529,0.002058
0,-0.217862,0.222213,-0.062346,0.000198,-0.084911,-0.045635,0.001815,0.001739
0,-0.054691,0.103554,0.177573,-0.142979,0.183825,-0.178946,0.000955,0.001807
0,-0.068677,0.064364,0.004458,-0.022403,0.005568,-0.059486,0.001199,0.001123
0,0.005405,0.171969,0.086835,0.108595,0.061972,0.090563,9.4e-05,0.002616
0,-0.009509,-0.047253,-0.018465,-0.246268,-0.009558,-0.216803,0.000166,0.000825
0,-0.081195,0.036345,-0.046426,0.057223,-0.087748,0.010426,0.001417,0.000634
0,0.114534,0.067829,0.166408,0.011737,0.197348,-0.010883,0.001999,0.001184
0,0.059452,0.151316,-0.056223,0.081549,-0.033332,0.072204,0.001038,0.002641
0,-0.008028,-0.030962,-0.04391,-0.186566,-0.005373,-0.196666,0.00014,0.00054
0,-0.153615,0.171636,-0.129592,0.22096,-0.176321,0.211745,0.002681,0.002622
0,-0.121041,0.185227,0.012565,-0.012452,0.038537,0.024586,0.002113,0.002385
0,-0.045643,0.148873,0.074949,-0.011852,0.057092,-0.045337,0.000797,0.002598
0,-0.034862,0.099287,-0.009396,-0.04257,-0.044814,-0.089115,0.000608,0.001733
0,-0.06308,0.053424,-0.056984,-0.041348,-0.063695,-0.087873,0.001101,0.000932
0,-0.033089,-0.045241,0.015559,-0.076442,-0.004923,-0.099401,0.000578,0.00079
0,0.173395,-0.074742,0.181972,-0.05485,0.1837,-0.053913,0.002591,0.001304
0,-0.081576,0.200193,-0.254021,0.271431,-0.287855,0.254711,0.001424,0.002123
0,-0.06065,0.142451,-0.006167,-0.048275,-0.035209,-0.0219,0.001059,0.002486
0,0.064588,0.153483,0.132387,0.023197,0.131848,0.017212,0.001127,0.002679
0,0.07072,-0.048458,0.022249,-0.231928,0.007196,-0.210836,0.001234,0.000846
0,0.001491,0.115347,-0.072225,0.186954,-0.078544,0.149743,2.6e-05,0.002013
0,0.150277,0.071734,0.123468,-0.016698,0.105239,-0.06092,0.002623,0.001252
0,-0.036252,-0.078389,-0.171918,-0.159851,-0.129384,-0.117574,0.000633,0.001368
0,0.05338,0.08053,0.100514,0.14602,0.141207,0.171757,0.000932,0.001406
0,0.24537,0.207704,0.167383,0.149914,0.160278,0.14686,0.001335,0.001992
0,0.064853,0.075344,-0.186028,-0.152889,-0.23507,-0.161551,0.001132,0.001315
0,0.185902,0.184815,0.101787,0.111694,0.131504,0.138497,0.002373,0.002392
0,0.052083,0.046535,-0.120453,-0.119706,-0.16195,-0.141924,0.000909,0.000812
0,-0.056732,0.100228,-0.097215,0.060932,-0.147166,0.082483,0.00099,0.001749
0,0.061003,0.135245,0.1203,0.036463,0.150383,0.006519,0.001065,0.00236
0,0.028178,0.0881,-0.033833,-0.066778,-0.010675,-0.104483,0.000492,0.001538
0,-0.087713,-0.012819,-0.143876,-0.079748,-0.158328,-0.069412,0.001531,0.000224
0,0.150764,0.191949,0.249231,0.177941,0.262776,0.201788,0.002631,0.002267
0,0.046646,0.135645,-0.114379,-0.038193,-0.116863,-0.074334,0.000814,0.002367
0,-0.015591,0.044277,-0.040061,-0.092421,-0.075942,-0.063972,0.000272,0.000773
0,0.081134,-0.053595,0.086189,-0.097899,0.122255,-0.119186,0.001416,0.000935
0,0.215341,-0.011447,0.135043,0.046394,0.123463,0.041647,0.001859,0.0002
0,0.216834,-0.172941,-0.003103,-0.181258,0.026105,-0.170878,0.001833,0.002599
0,0.213478,-0.16412,-0.028935,0.017707,-0.01593,0.056836,0.001892,0.002753
0,-0.004495,0.078925,-0.190573,0.258863,-0.216927,0.275627,7.8e-05,0.001378
0,0.089275,-0.179089,0.104231,-0.249882,0.064014,-0.219166,0.001558,0.002492
0,0.093243,0.063496,-0.002933,0.267164,0.042297,0.272296,0.001627,0.001108
0,-0.094034,0.02693,-0.181864,-0.034137,-0.215099,-0.040309,0.001641,0.00047
0,-0.079874,0.083757,0.01433,0.072174,0.003291,0.104896,0.001394,0.001462
0,0.111781,-0.129788,0.210107,-0.192065,0.181198,-0.195423,0.001951,0.002265
0,0.006858,-0.003266,-0.092893,0.099457,-0.099966,0.118961,0.00012,5.7e-05
0,0.044071,-0.026368,0.008473,-0.007325,-0.012461,-0.055515,0.000769,0.00046
0,0.136939,0.026884,0.080224,0.033718,0.111374,0.039699,0.00239,0.000469
0,0.079862,0.052752,-0.04149,0.02888,-0.031604,0.049464,0.001394,0.000921
0,0.136947,-0.174676,0.047693,-0.215493,0.014245,-0.243716,0.00239,0.002569
0,0.090564,-0.095144,-0.045719,0.057172,-0.018573,0.067546,0.001581,0.001661
0,0.208253,0.142432,0.103283,0.258018,0.060891,0.28057,0.001983,0.002486
0,-0.003361,-0.070602,-0.190879,-0.189441,-0.236457,-0.155444,5.9e-05,0.001232
0,-0.010484,0.103515,-0.007183,0.161912,-0.023443,0.125352,0.000183,0.001807
0,-0.011174,-0.030003,-0.020927,-0.142358,-0.024016,-0.09561,0.000195,0.000524
0,0.135932,0.016511,0.175827,0.031585,0.214958,0.046554,0.002372,0.000288
0,-0.016792,-0.110997,-0.147393,-0.137113,-0.16254,-0.088258,0.000293,0.001937
0,0.024701,0.010278,0.049574,0.14932,0.065353,0.124808,0.000431,0.000179
0,-0.00676,0.037895,-0.008349,0.006273,-0.008983,-0.036758,0.000118,0.000661
0,-0.065393,0.052156,-0.043377,-0.004508,-0.076472,0.012218,0.001141,0.00091
0,-0.072941,0.053101,-0.005088,-0.000813,-0.039289,0.027579,0.001273,0.000927
0,0.057756,-0.084934,0.128086,-0.139168,0.089573,-0.112215,0.001008,0.001482
0,-3.134584,0.613479,-3.172913,0.703485,-3.140346,0.687813,0.001466,0.000528
0,-5.766894,1.084578,-2.620626,0.441285,-2.624552,0.464573,0.000464,0.002077
0,-4.973875,0.99334,0.780981,-0.107374,0.800579,-0.07799,0.002548,0.000485
0,-4.911012,1.554032,0.083335,0.553501,0.108103,0.513726,0.001451,0.000965
0,-4.183863,1.077362,0.738119,-0.472459,0.720168,-0.511362,5e-06,0.001951
0,-2.865698,0.808932,1.309078,-0.240045,1.279786,-0.22006,0.000542,0.002734
0,-2.207086,0.800273,0.638767,0.021118,0.59971,0.048129,0.000802,0.002732
0,-1.325294,0.457064,0.899854,-0.354977,0.937328,-0.371389,0.000661,0.00236
0,-0.823038,0.358679,0.487124,-0.125816,0.51102,-0.171481,0.002488,0.000643
0,-0.540904,0.333038,0.274453,-0.011629,0.260476,-0.022893,0.001794,0.000195
0,0.394199,0.031827,0.956499,-0.28614,0.965081,-0.262437,0.001263,0.000555
0,0.238304,0.034403,-0.135809,0.009546,-0.183947,0.003666,0.001458,0.0006
0,0.321644,-0.098705,0.095349,-0.134037,0.12038,-0.180521,4e-06,0.001723
0,0.469965,-0.101928,0.135278,0.017503,0.112041,0.031821,0.002585,0.001779
0,0.589367,0.135132,0.092175,0.244616,0.080231,0.214039,0.000949,0.002358
0,0.475886,-0.1612,-0.089227,-0.289741,-0.096452,-0.300533,0.002688,0.002804
0,0.234803,0.035965,-0.240687,0.192157,-0.197928,0.15768,0.001519,0.000628
0,0.162341,-0.145431,-0.06851,-0.199503,-0.028992,-0.233209,0.002784,0.002538
0,0.19872,-0.052183,0.055708,0.08786,0.100804,0.047169,0.002149,0.000911
0,0.103248,-0.007221,-0.097654,0.017372,-0.091935,0.016967,0.001802,0.000126
0,0.068588,-0.06716,-0.062547,-0.082645,-0.029648,-0.056923,0.001197,0.001172
0,0.055173,0.008334,-0.004883,0.090861,0.01015,0.123911,0.000963,0.000145
0,-0.065982,0.093917,-0.130069,0.058553,-0.134411,0.02581,0.001152,0.001639
0,0.080352,-0.025469,0.156661,-0.092376,0.168231,-0.070905,0.001402,0.000445
0,-0.024953,0.122446,-0.076836,0.177212,-0.035156,0.193888,0.000436,0.002137
0,-0.203613,0.095501,-0.20661,-0.006389,-0.189799,0.04163,0.002064,0.001667
0,0.08683,-0.046024,0.294971,-0.138464,0.313059,-0.132373,0.001515,0.000803
0,-0.099213,-0.016296,-0.160803,0.018778,-0.168303,0.036562,0.001732,0.000284
0,-0.1137,0.147011,0.009202,0.138734,-0.023615,0.095259,0.001984,0.002566
0,-0.080558,0.123222,0.018303,-0.029328,0.049034,-0.012114,0.001406,0.002151
0,-0.159531,-0.091719,-0.086752,-0.20306,-0.046457,-0.161118,0.002784,0.001601
0,-0.040132,-0.004564,0.120682,0.099242,0.075082,0.078757,0.0007,8e-05
0,-0.150311,0.180086,-0.093004,0.166455,-0.106316,0.131444,0.002623,0.002474
0,-0.042685,0.096715,0.10007,-0.097373,0.143129,-0.097855,0.000745,0.001688
0,-0.020342,-0.098563,0.00639,-0.16912,0.024158,-0.210473,0.000355,0.00172
0,0.069694,0.076258,0.113919,0.191096,0.076522,0.205653,0.001216,0.001331
0,0.083673,0.092625,0.04373,0.036671,0.024938,0.059697,0.00146,0.001617
0,-0.01227,-0.144618,-0.116909,-0.245943,-0.130463,-0.27842,0.000214,0.002524
0,0.059926,0.109942,0.053324,0.248808,0.043493,0.239226,0.001046,0.001919
0,0.002638,-0.102747,-0.050703,-0.191675,-0.010592,-0.210442,4.6e-05,0.001793
0,-0.033741,0.03044,-0.029755,0.142016,-0.02064,0.113529,0.000589,0.000531
0,-0.121579,-0.138678,-0.072909,-0.178369,-0.065635,-0.14995,0.002122,0.00242
0,-0.035154,0.09103,0.091012,0.247855,0.053036,0.293918,0.000614,0.001589
0,0.026558,0.000286,0.067397,-0.095765,0.089874,-0.117527,0.000464,5e-06
0,-0.050472,0.048139,-0.080527,0.027718,-0.09024,0.005368,0.000881,0.00084
0,0.055221,-0.068913,0.095068,-0.140267,0.047518,-0.189693,0.000964,0.001203
0,-0.085986,0.04262,-0.159301,0.102127,-0.164123,0.064637,0.001501,0.000744
0,-0.012011,0.034916,0.065762,0.020836,0.093402,0.018765,0.00021,0.000609
0,-0.220167,-0.117491,-0.188617,-0.137333,-0.19891,-0.138679,0.001775,0.002051
0,-0.181009,0.066365,0.024691,0.18952,-0.019676,0.176365,0.002458,0.001158
0,-0.111702,-0.140259,0.081111,-0.222197,0.060364,-0.194835,0.00195,0.002448
0,-0.010505,0.07561,0.085505,0.20824,0.134351,0.225518,0.000183,0.00132
0,-0.07947,0.15627,-0.04269,0.088783,-0.039063,0.04328,0.001387,0.002727
0,-0.319996,-0.10474,-0.242586,-0.253112,-0.210793,-0.240724,3.3e-05,0.001828
0,-0.317875,0.044057,-0.011572,0.156673,-0.048067,0.204124,7e-05,0.000769
0,-0.221967,-0.067629,0.067193,-0.118756,0.045755,-0.167275,0.001743,0.00118
0,-0.199402,-0.07051,0.049792,-0.02354,0.02546,0.023157,0.002137,0.001231
0,-0.032066,0.054594,0.19077,0.147946,0.193632,0.15744,0.00056,0.000953
0,0.030967,-0.105255,0.068405,-0.135783,0.042413,-0.087494,0.00054,0.001837
0,-0.030953,-0.144509,-0.071187,-0.068455,-0.087072,-0.087779,0.00054,0.002522
0,0.08868,-0.030572,0.133548,0.099419,0.168206,0.119092,0.001548,0.000534
0,-0.163137,0.021952,-0.233697,0.030194,-0.26628,0.047144,0.00277,0.000383
0,0.003252,-0.159344,0.162721,-0.186396,0.124303,-0.162958,5.7e-05,0.002781
0,-0.073619,0.062053,-0.100653,0.229932,-0.120585,0.244738,0.001285,0.001083
0,0.052229,0.028042,0.132871,-0.062533,0.108017,-0.033708,0.000912,0.000489
0,-0.110919,-0.048516,-0.171921,-0.052897,-0.217755,-0.087637,0.001936,0.000847
0,-0.045925,-0.084441,0.056462,-0.009738,0.039071,0.007339,0.000802,0.001474
0,-0.187744,0.05738,-0.170507,0.155694,-0.124909,0.116377,0.002341,0.001001
0,-0.037014,-0.050785,0.146902,-0.082205,0.155857,-0.095117,0.000646,0.000886
0,-0.124312,0.003835,-0.065497,0.039326,-0.080586,0.034037,0.00217,6.7e-05
0,-0.004356,0.005476,0.094625,0.013068,0.054558,0.04238,7.6e-05,9.6e-05
0,-0.201184,-0.013986,-0.173765,-0.037289,-0.151054,-0.081022,0.002106,0.000244
0,0.02132,0.004513,0.208989,-0.009818,0.214875,-0.024513,0.000372,7.9e-05
0,-0.257565,0.002819,-0.287503,0.024406,-0.322265,0.031606,0.001122,4.9e-05
0,0.008628,-0.098001,0.243232,-0.088009,0.250243,-0.073864,0.000151,0.00171
0,-0.184275,-0.112342,-0.193878,-0.014643,-0.239219,-0.010253,0.002401,0.001961
0,-0.184835,-0.015092,-0.015704,0.125121,-0.015033,0.112218,0.002392,0.000263
0,0.032745,-0.170148,0.213026,-0.15955,0.2419,-0.149544,0.000572,0.002648
0,-0.224385,-0.114118,-0.273053,0.037452,-0.230654,0.066808,0.001701,0.001992
0,-0.033927,-0.196656,0.202818,-0.099069,0.221709,-0.070259,0.000592,0.002185
0,-0.020331,-0.064105,-0.002557,0.106457,-0.036866,0.064659,0.000355,0.001119
0,-0.015844,-0.201419,-0.018024,-0.127981,-0.009258,-0.143157,0.000277,0.002102
0,0.18673,0.081719,0.221811,0.291695,0.178794,0.258889,0.002358,0.001426
0,0.12418,0.008443,-0.067829,-0.060356,-0.063026,-0.103243,0.002167,0.000147
0,-0.091061,-0.123008,-0.213309,-0.102825,-0.239044,-0.104077,0.001589,0.002147
0,-0.00286,-0.151002,0.102697,-0.045432,0.146837,-0.091437,5e-05,0.002635
0,-0.111442,-0.09105,-0.117071,0.040037,-0.16574,0.057019,0.001945,0.001589
0,-0.044356,0.04718,0.059621,0.163135,0.034121,0.192164,0.000774,0.000823
0,-0.252947,-0.157031,-0.219028,-0.222144,-0.254755,-0.262194,0.001203,0.002741
0,-0.067884,-0.161292,0.206468,-0.022095,0.167639,-0.05355,0.001185,0.002802
0,-0.104647,-0.104382,-0.02447,0.073516,-0.057325,0.044956,0.001826,0.001822
0,-0.124144,0.040187,-0.04067,0.173697,-0.057349,0.177111,0.002167,0.000701
0,0.527142,-1.41405,0.651398,-1.463623,0.651969,-1.455363,0.002035,0.00221
0,1.237703,-1.849125,0.734159,-0.453051,0.729748,-0.42408,0.000868,0.001432
0,1.559453,-2.365337,0.324187,-0.513608,0.317541,-0.548465,0.00087,0.00196
0,1.742336,-2.310518,0.209153,0.033669,0.258534,-0.00166,0.002322,0.001004
0,1.828466,-1.924089,0.088371,0.363566,0.127434,0.370369,0.001792,0.000123
0,1.903167,-1.600978,0.058763,0.314453,0.078479,0.286424,0.000489,0.000145
0,1.628977,-1.145688,-0.26173,0.459301,-0.215791,0.417961,0.000343,0.002474
0,0.916893,-0.875933,-0.701368,0.264108,-0.705518,0.298994,0.00085,0.001565
0,0.813373,-0.469667,-0.100688,0.389412,-0.058712,0.401729,0.002656,0.00258
0,0.524569,-0.138629,-0.31879,0.348442,-0.357023,0.383711,0.00208,0.00242
0,0.34026,-0.067586,-0.177415,0.059022,-0.225563,0.083982,0.000321,0.00118
0,-0.091774,-0.180461,-0.437118,-0.095689,-0.444157,-0.071012,0.001602,0.002468
0,-0.160193,0.064704,-0.09622,0.262168,-0.077603,0.292994,0.002796,0.001129
0,-0.440617,0.19371,-0.275034,0.115139,-0.297783,0.08091,0.002073,0.002237
0,-0.251854,0.139218,0.207509,-0.033534,0.172452,0.004297,0.001222,0.00243
0,-0.267148,0.183276,-0.024883,0.055069,-0.005812,0.05556,0.000955,0.002419
0,-0.221454,0.144637,0.02929,-0.04711,0.07888,-0.035238,0.001752,0.002524
0,-0.199617,-0.022173,0.025069,-0.172531,-0.011936,-0.177928,0.002134,0.000387
0,-0.174576,-0.007307,0.042959,0.030597,0.015229,0.026161,0.002571,0.000128
0,-0.040363,0.179586,0.14747,0.206326,0.149922,0.202704,0.000704,0.002483
0,-0.006485,-0.017369,0.060764,-0.226416,0.052722,-0.233138,0.000113,0.000303
0,0.175483,0.082859,0.176999,0.092537,0.129869,0.131171,0.002555,0.001446
0,0.115083,-0.084485,-0.05253,-0.168743,-0.031521,-0.127317,0.002009,0.001475
0,0.060431,0.118285,-0.076334,0.217275,-0.077174,0.261909,0.001055,0.002064
0,0.100758,-0.115407,0.01397,-0.250902,0.010165,-0.224516,0.001759,0.002014
0,-0.096424,-0.006875,-0.210525,0.098289,-0.18558,0.133213,0.001683,0.00012
0,0.13074,-0.041082,0.249735,-0.013243,0.207288,-0.054097,0.002282,0.000717
0,-0.058888,0.083536,-0.187661,0.10037,-0.187467,0.097942,0.001028,0.001458
0,0.001842,-0.100616,0.050532,-0.204066,0.045447,-0.185984,3.2e-05,0.001756
0,0.060437,-0.13789,0.037423,-0.02431,0.077049,0.009228,0.001055,0.002407
0,-0.026703,0.080765,-0.08768,0.190707,-0.082044,0.17582,0.000466,0.00141
0,0.124117,0.018041,0.155938,-0.036091,0.129954,-0.082312,0.002166,0.000315
0,-0.056858,0.003294,-0.167122,0.00777,-0.155816,0.054152,0.000992,5.7e-05
0,-0.185151,-0.112967,-0.115559,-0.139201,-0.116029,-0.131028,0.002386,0.001972
0,-0.111107,0.095657,0.077645,0.180737,0.092795,0.197627,0.001939,0.00167
0,0.010759,0.092976,0.142947,-0.007254,0.112076,-0.041715,0.000188,0.001623
0,-0.024001,0.133858,-0.045437,0.034866,-0.042859,0.002792,0.000419,0.002336
0,-0.079334,-0.000294,-0.084911,-0.153222,-0.05962,-0.151503,0.001385,5e-06
0,0.05322,-0.123016,0.132314,-0.09321,0.145886,-0.121829,0.000929,0.002147
0,-0.080757,-0.092648,-0.146998,0.030558,-0.157588,0.005948,0.001409,0.001617
0,0.093825,-0.027054,0.147774,0.067014,0.12145,0.054028,0.001638,0.000472
0,0.114898,-0.020362,0.041725,0.024704,0.002616,-0.008196,0.002005,0.000355
0,0.013847,0.117149,-0.075569,0.126251,-0.047538,0.097648,0.000242,0.002045
0,0.125055,-0.125459,0.083179,-0.214096,0.040923,-0.245009,0.002183,0.00219
0,-0.013887,0.12776,-0.162237,0.237049,-0.126917,0.280473,0.000242,0.00223
0,0.128728,-0.071954,0.142971,-0.211704,0.105447,-0.169083,0.002247,0.001256
0,-0.07427,0.149474,-0.226322,0.220803,-0.239727,0.194817,0.001296,0.002609
0,0.003782,0.163309,0.056937,-0.002945,0.021977,0.013476,6.6e-05,0.002767
0,0.176258,-0.031371,0.188253,-0.18843,0.179462,-0.151084,0.002541,0.000548
0,-0.046356,0.094958,-0.220871,0.155577,-0.265505,0.140803,0.000809,0.001657
0,0.052597,0.050454,0.116737,-0.050177,0.113425,-0.034371,0.000918,0.000881
0,0.087434,-0.009824,0.037782,-0.040818,0.036554,-0.065175,0.001526,0.000171
0,0.07385,-0.026388,0.005231,-0.030199,0.00619,-0.01716,0.001289,0.000461
0,0.155804,0.057172,0.070396,0.054253,0.031182,0.103579,0.002719,0.000998
0,0.085986,-0.007097,-0.065252,-0.034953,-0.114555,-0.061239,0.001501,0.000124
0,0.093908,-0.056713,0.022926,-0.075777,0.004423,-0.05293,0.001639,0.00099
0,-0.128462,0.093146,-0.245927,0.134802,-0.285955,0.139996,0.002242,0.001626
0,0.066589,0.134525,0.194196,0.068369,0.218264,0.055921,0.001162,0.002348
0,0.128589,0.110132,0.086981,-0.011542,0.093146,-0.029083,0.002244,0.001922
0,-0.111497,-0.073779,-0.234226,-0.177071,-0.228105,-0.144358,0.001946,0.001288
0,-0.149845,-0.132653,-0.057016,-0.068024,-0.090869,-0.082533,0.002615,0.002315
0,0.12296,0.066471,0.245299,0.215935,0.223878,0.185096,0.002146,0.00116
0,0.072958,0.097031,-0.03818,0.031199,-0.000149,0.077868,0.001273,0.001694
0,-0.100895,-0.100445,-0.188595,-0.172474,-0.217036,-0.163483,0.001761,0.001753
0,0.093757,-0.070858,0.193222,0.027431,0.205961,-0.001337,0.001636,0.001237
0,-0.073545,-0.074516,-0.177427,0.012594,-0.127799,0.006154,0.001284,0.001301
0,-0.103537,-0.054774,-0.049378,0.012455,-0.045953,0.006896,0.001807,0.000956
0,-0.049283,0.079999,0.02701,0.105316,0.025895,0.085934,0.00086,0.001396
0,-1.635864,0.706951,-1.568035,0.625417,-1.577881,0.643581,0.000464,0.001104
0,-2.542931,1.43812,-0.905166,0.752463,-0.936833,0.793543,0.000558,0.00263
0,-4.36499,1.872981,-1.852027,0.434002,-1.810429,0.413152,0.002462,0.001015
0,-4.459233,1.837455,-0.068062,-0.060059,-0.108047,-0.042991,0.000817,0.001635
0,-1.137792,1.588028,3.324392,-0.248642,3.300491,-0.277618,0.002612,0.000371
0,0.974675,1.080687,2.09707,-0.478773,2.094983,-0.485859,0.000159,0.002009
0,3.082338,1.044454,2.080902,-0.036511,2.043892,-0.05746,0.002378,0.001377
0,3.308787,0.668722,0.200127,-0.375708,0.157651,-0.328392,0.001574,0.000436
0,2.662353,0.306409,-0.663761,-0.380452,-0.682372,-0.349988,0.001527,0.00027
0,2.442458,0.080596,-0.192515,-0.199741,-0.205195,-0.182978,0.002311,0.001407
0,1.933439,-0.12078,-0.526414,-0.189104,-0.484661,-0.195588,4e-05,0.002108
0,1.545843,-0.206221,-0.390442,-0.065864,-0.344946,-0.027709,0.001107,0.002018
0,1.309752,-0.234609,-0.218688,-0.031998,-0.262687,-0.081758,0.000389,0.001523
0,0.784675,-0.122828,-0.538736,0.084017,-0.492793,0.057799,0.00246,0.002144
0,0.617634,-0.125754,-0.153237,-0.001431,-0.146837,-0.002178,0.000455,0.002195
0,0.322157,-0.135653,-0.317335,0.018796,-0.324797,0.059848,5e-06,0.002368
0,0.024785,-0.066383,-0.283295,0.073276,-0.319187,0.041158,0.000433,0.001159
0,0.00152,-0.030422,-0.000862,0.053773,-0.02584,0.089629,2.7e-05,0.000531
0,-0.223268,-0.069667,-0.238273,-0.02936,-0.26362,-0.035537,0.001721,0.001216
0,-1.000895,0.053413,-0.78984,0.133103,-0.777886,0.151217,0.000616,0.000932
0,-2.877434,0.324241,-1.852702,0.276968,-1.830692,0.254731,0.000337,4.2e-05
0,-3.269632,0.598962,-0.369903,0.254165,-0.389515,0.230853,0.000891,0.000781
0,-3.702623,0.78365,-0.447591,0.156451,-0.479338,0.121268,0.002787,0.002442
0,-2.842366,0.74332,0.836555,-0.056353,0.866361,-0.080721,0.000949,0.001738
0,-2.464981,0.421953,0.39159,-0.327735,0.391335,-0.370902,0.001918,0.001747
0,-1.715169,0.459041,0.754018,0.044294,0.764463,0.016868,0.001848,0.002394
0,-1.345596,0.268693,0.359402,-0.212867,0.338803,-0.209569,0.001015,0.000928
0,-0.679047,0.269636,0.691247,0.005459,0.653784,-0.0011,0.000617,0.000911
0,-0.357128,0.310988,0.348416,0.066092,0.398399,0.024582,0.000616,0.00019
0,0.027171,0.276819,0.380206,-0.006865,0.385296,-0.032706,0.000474,0.000786
0,0.069275,0.258565,0.033159,-0.029482,0.028458,-0.055294,0.001209,0.001105
0,0.283165,0.130891,0.195021,-0.143396,0.217914,-0.113214,0.000675,0.002284
0,0.16161,-0.123551,-0.113141,-0.231645,-0.07649,-0.263924,0.002797,0.002156
0,0.250652,-0.224449,0.07915,-0.097446,0.122785,-0.109702,0.001243,0.0017
0,0.110604,-0.061869,-0.147983,0.140765,-0.193954,0.187653,0.00193,0.00108
0,0.208786,-0.140722,0.098766,-0.092023,0.142633,-0.053589,0.001974,0.002456
0,0.17685,-0.109012,-0.044582,0.001887,-0.055494,-0.019006,0.002531,0.001903
0,0.194632,0.016289,-0.008882,0.144637,0.018827,0.117918,0.002221,0.000284
0,0.23689,0.058147,0.059406,0.023104,0.022432,0.04449,0.001483,0.001015
0,0.021309,0.091406,-0.235293,0.051158,-0.277226,0.023579,0.000372,0.001595
0,0.136057,0.115235,0.133435,0.0254,0.163838,0.004015,0.002375,0.002011
0,0.051173,-0.02432,-0.070498,-0.139221,-0.060007,-0.168641,0.000893,0.000424
0,0.143046,0.041924,0.106135,0.06672,0.09098,0.069321,0.002497,0.000732
0,0.104534,0.123091,-0.056838,0.082938,-0.038821,0.123597,0.001824,0.002148
0,0.167837,-0.07291,0.070725,-0.166009,0.092265,-0.155801,0.002688,0.001273
0,0.127468,0.057713,-0.024471,0.105816,0.015339,0.063638,0.002225,0.001007
0,0.097307,-0.040516,-0.033228,-0.071046,-0.048722,-0.058396,0.001698,0.000707
0,0.146691,-0.162043,0.052748,-0.096583,0.023962,-0.092263,0.00256,0.002789
0,0.154394,-0.003032,0.017757,0.145689,0.014129,0.144017,0.002695,5.3e-05
0,0.014553,0.064143,-0.136392,0.069213,-0.123985,0.091851,0.000254,0.00112
0,-0.047598,-0.155743,-0.084804,-0.212384,-0.072331,-0.188284,0.000831,0.002718
0,0.090588,-0.143213,0.157676,0.031557,0.203247,0.064906,0.001581,0.0025
0,0.15739,-0.074338,0.078741,0.075568,0.087165,0.075984,0.002747,0.001297
0,0.19004,-0.102359,0.034222,-0.003929,0.023559,-0.020338,0.002301,0.001787
0,0.016792,-0.037197,-0.150587,0.057937,-0.139562,0.090618,0.000293,0.000649
0,0.207983,-0.009302,0.170116,0.032998,0.211908,-0.016141,0.001988,0.000162
0,0.034589,-0.031822,-0.157602,0.00011,-0.152185,-0.004794,0.000604,0.000555
0,-0.783337,-0.978657,-0.840991,-0.960591,-0.812872,-1.002473,0.002437,0.000228
0,-1.498696,-1.769617,-0.725816,-0.782959,-0.737479,-0.821446,0.00193,0.002798
0,-1.251443,-1.546511,0.267841,0.221888,0.226772,0.212807,0.000628,0.001096
0,-1.360206,-1.584795,-0.107084,-0.047538,-0.082628,-0.080338,0.00127,0.000428
0,-1.293035,-1.161133,0.084135,0.410297,0.126908,0.449472,9.8e-05,0.002204
0,-1.347518,-0.990354,-0.057701,0.148766,-0.020898,0.110714,0.001049,0.000432
0,-1.106008,-0.704213,0.260023,0.314551,0.265988,0.351779,0.002451,0.001056
0,-0.733536,-0.391219,0.393411,0.310066,0.364919,0.324093,0.001568,0.001211
0,-0.633086,-0.247482,0.117951,0.136713,0.123715,0.180381,0.000186,0.001298
0,-0.51549,0.196744,0.094349,0.445714,0.116166,0.471809,0.002238,0.002184
0,-0.353902,0.034649,0.176013,-0.146556,0.190832,-0.175559,0.000559,0.000605
0,-0.016403,0.251926,0.354604,0.226316,0.333686,0.19625,0.000286,0.001221
0,-0.080153,0.267345,-0.063772,0.024257,-0.077414,-0.008237,0.001399,0.000951
0,-0.037357,0.164264,0.031755,-0.103282,0.013558,-0.095667,0.000652,0.002751
0,0.177136,0.000506,0.238733,-0.192255,0.229849,-0.21495,0.002526,9e-06
0,0.080381,-0.069541,-0.069444,-0.050265,-0.065318,-0.003501,0.001403,0.001214
0,0.166379,-0.102479,0.081031,-0.019099,0.104383,-0.048004,0.002714,0.001789
0,0.078369,-0.152427,-0.083901,-0.043122,-0.035107,-0.082948,0.001368,0.00266
0,0.006797,0.050521,-0.09737,0.20155,-0.096182,0.228111,0.000119,0.000882
0,0.126967,-0.05038,0.139859,-0.082848,0.119518,-0.103796,0.002216,0.000879
0,-0.089111,0.07316,-0.215916,0.139058,-0.246976,0.152838,0.001555,0.001277
0,0.017261,-0.10857,0.091259,-0.186872,0.0423,-0.190249,0.000301,0.001895
0,0.12846,-0.176597,0.112325,-0.071772,0.082761,-0.040443,0.002242,0.002535
0,0.033977,0.125195,-0.06907,0.306477,-0.10312,0.279503,0.000593,0.002185
0,-0.078522,-0.034215,-0.118488,-0.13998,-0.157752,-0.090593,0.00137,0.000597
0,0.121731,0.098953,0.213853,0.142056,0.16969,0.157757,0.002125,0.001727
0,0.144924,-0.106945,0.022672,-0.223875,0.023883,-0.251508,0.002529,0.001867
0,0.02403,0.13158,-0.124677,0.266542,-0.080538,0.226118,0.000419,0.002297
0,0.154869,-0.042262,0.150851,-0.198439,0.170375,-0.169242,0.002703,0.000738
0,4.153339,-0.909337,3.9924,-0.862554,3.976307,-0.832984,0.000538,0.000982
0,5.716048,-1.093151,1.554589,-0.200618,1.548578,-0.218588,0.001351,0.002227
0,5.098309,-0.891948,-0.58984,0.224618,-0.615646,0.237572,0.000898,0.001285
0,4.671074,-0.777271,-0.426481,0.135926,-0.411592,0.178919,0.002737,0.002331
0,4.035689,-0.545611,-0.638812,0.221445,-0.668089,0.237091,0.002592,0.001712
0,3.194422,-0.37005,-0.841499,0.184313,-0.826527,0.231838,0.000422,0.000841
0,2.722935,0.01099,-0.443518,0.397133,-0.437961,0.407853,0.002584,0.000192
0,2.118397,-0.037829,-0.611159,-0.051458,-0.580236,-0.049644,0.00235,0.00066
0,1.156993,0.179265,-0.939929,0.23014,-0.925374,0.212719,0.002277,0.002489
0,0.381472,-0.039987,-0.762259,-0.233424,-0.759822,-0.205445,0.00104,0.000698
0,0.196323,0.094217,-0.168496,0.142123,-0.172333,0.120536,0.002191,0.001644
0,-0.213981,0.065913,-0.433737,-0.01353,-0.387349,-0.008444,0.001883,0.00115
0,-0.282064,-0.068123,-0.066621,-0.147097,-0.045145,-0.158822,0.000695,0.001189
0,-0.356382,0.016013,-0.065959,0.057045,-0.115211,0.061517,0.000603,0.000279
0,-0.339338,0.152782,-0.001469,0.110841,0.027388,0.12982,0.000305,0.002667
0,-0.594419,0.029986,-0.284039,-0.108082,-0.324919,-0.121927,0.00086,0.000523
0,-0.281275,0.009638,0.305825,-0.044945,0.289945,-0.070762,0.000708,0.000168
0,-0.415282,0.005759,-0.132619,-0.029,-0.117796,-0.022106,0.001631,0.000101
0,-0.156523,0.158972,0.269767,0.155111,0.3058,0.126329,0.002732,0.002775
0,-0.18232,0.201231,-0.049781,0.044191,-0.075358,0.043481,0.002435,0.002105
0,-0.132694,0.024657,0.077905,-0.185494,0.028913,-0.153929,0.002316,0.00043
0,-0.119017,-0.048785,0.009448,-0.043662,0.033894,0.005312,0.002077,0.000851
0,-0.093589,0.0962,0.038262,0.144204,-0.002027,0.097378,0.001633,0.001679
0,-0.188569,0.005224,-0.105393,-0.061772,-0.085317,-0.080771,0.002326,9.1e-05
0,-0.038524,0.044846,0.155869,0.032547,0.143719,0.010989,0.000672,0.000783
0,-0.123307,-0.159764,-0.100864,-0.178914,-0.149757,-0.196523,0.002152,0.002788
0,-0.185926,-0.107681,-0.063806,0.069259,-0.062185,0.101938,0.002372,0.001879
0,-0.12617,0.042507,0.088539,0.149821,0.047665,0.154431,0.002202,0.000742
0,-0.074556,0.081,0.059502,0.065741,0.034412,0.111097,0.001301,0.001414
0,0.028399,0.088936,0.073538,-0.020537,0.110187,-0.058244,0.000496,0.001552
0,0.021049,0.077219,0.000886,0.018125,0.042862,0.019598,0.000367,0.001348
0,0.08624,0.041673,0.088175,-0.055591,0.049405,-0.015017,0.001505,0.000727
0,-0.137574,-0.149488,-0.228013,-0.175553,-0.178472,-0.133535,0.002401,0.002609
0,0.047126,0.085401,0.175551,0.25921,0.203851,0.258464,0.000823,0.001491
0,0.075578,-0.092054,0.016182,-0.153151,-0.020176,-0.164109,0.001319,0.001607
0,-0.019804,-0.002008,-0.117407,0.086986,-0.151294,0.062261,0.000346,3.5e-05
0,-0.118027,0.027176,-0.100133,0.011472,-0.092521,-0.033692,0.00206,0.000474
0,-0.102512,0.055944,0.021282,0.01551,0.052182,0.03058,0.001789,0.000976
0,-0.004466,0.093797,0.071216,0.014414,0.118383,-0.00941,7.8e-05,0.001637
0,0.088012,0.109914,0.108126,0.010978,0.114703,-0.002653,0.001536,0.001918
0,0.096161,-0.139292,0.027741,-0.268566,0.061094,-0.246705,0.001678,0.002431
0,-0.16135,-0.029241,-0.255817,0.139759,-0.291934,0.098282,0.002801,0.00051
0,0.005217,0.045304,0.194554,0.054623,0.234768,0.092805,9.1e-05,0.000791
0,-0.163788,-0.145213,-0.167452,-0.207023,-0.131041,-0.253471,0.002759,0.002534
0,0.01367,-0.134728,0.201864,-0.013197,0.159324,-0.001526,0.000239,0.002351
0,-0.198195,0.016171,-0.221758,0.17236,-0.219231,0.125725,0.002158,0.000282
0,-0.030908,0.16438,0.142665,0.140058,0.143056,0.167084,0.000539,0.002749
0,0.131387,0.029653,0.192006,-0.109878,0.150327,-0.077601,0.002293,0.000518
0,-0.095388,0.059065,-0.233621,0.004333,-0.251546,-0.008931,0.001665,0.001031
0,0.002244,0.107411,0.085643,0.063814,0.052221,0.113587,3.9e-05,0.001875
0,-0.041987,0.162837,-0.037283,0.05477,-0.049075,0.079647,0.000733,0.002775
0,0.14642,-0.020381,0.217295,-0.189574,0.252522,-0.199664,0.002556,0.000356
0,0.110525,0.036569,-0.013457,0.071519,0.00014,0.110173,0.001929,0.000638
0,0.15058,0.134782,0.068009,0.072144,0.066034,0.113743,0.002628,0.002352
0,0.156318,0.1076,0.031543,-0.016586,0.060762,-0.058551,0.002728,0.001878
0,-0.12642,0.122813,-0.280523,0.03708,-0.253187,0.009146,0.002206,0.002143
0,-0.093328,-0.023958,0.009849,-0.137615,0.000321,-0.089591,0.001629,0.000418
0,0.220226,0.107785,0.311739,0.147412,0.276725,0.1764,0.001774,0.001881
0,0.090025,-0.02526,-0.11965,-0.13825,-0.075966,-0.164733,0.001571,0.000441
0,-0.068655,-0.041338,-0.162368,-0.012471,-0.175465,-0.034261,0.001198,0.000721
0,-0.088788,-0.003451,4.7e-05,0.022531,0.00111,0.068507,0.00155,6e-05
0,-0.005886,0.110674,0.106952,0.0953,0.130175,0.106293,0.000103,0.001932
0,0.135942,-0.101803,0.153919,-0.225046,0.200249,-0.231593,0.002373,0.001777
0,0.089591,-0.114777,-0.073284,0.005638,-0.069409,0.009847,0.001564,0.002003
0,0.141955,-0.167436,0.039409,-0.077928,0.050654,-0.068842,0.002478,0.002695
0,-0.05471,-0.059145,-0.181347,0.13316,-0.206749,0.150007,0.000955,0.001032
0,0.021058,-0.084624,0.068815,-0.002567,0.074896,0.03779,0.000368,0.001477
0,0.204113,-0.150868,0.19541,-0.064015,0.223245,-0.018637,0.002055,0.002633
0,1.143247,-1.791265,0.943835,-1.654372,0.92916,-1.634047,0.002517,0.002442
0,2.326985,-2.700304,1.184906,-0.924228,1.19049,-0.891101,0.001291,0.002189
0,3.074424,-2.432733,0.767149,0.257413,0.773227,0.28517,0.002516,0.002481
0,2.420269,-2.524553,-0.67741,-0.078544,-0.701155,-0.097234,0.002698,0.000878
0,2.116511,-1.933068,-0.314519,0.595885,-0.322214,0.634185,0.002382,3.3e-05
0,1.255903,-1.729673,-0.856361,0.18537,-0.817146,0.223468,0.00055,0.002101
0,0.999155,-1.312716,-0.253149,0.399836,-0.209286,0.418801,0.000586,0.000441
0,0.68927,-0.52575,-0.323447,0.776857,-0.359484,0.797678,0.000795,0.002059
0,0.500389,-0.534648,-0.189197,0.006324,-0.159576,-0.015565,0.002502,0.001904
0,0.135076,-0.395538,-0.388435,0.146439,-0.423037,0.143971,0.002358,0.001286
0,0.286063,-0.205949,0.131687,0.172595,0.170861,0.207052,0.000625,0.002023
0,0.377838,-0.133154,0.071458,0.0688,0.072243,0.080921,0.000977,0.002324
0,0.15049,-0.223901,-0.212292,-0.116897,-0.168325,-0.139309,0.002627,0.00171
0,0.330448,-0.226896,0.192123,0.010686,0.193426,0.041281,0.00015,0.001657
0,0.130864,-0.16156,-0.220506,0.05303,-0.181832,0.090761,0.002284,0.002798
0,0.381718,-0.307254,0.270175,-0.173687,0.283209,-0.200543,0.001045,0.000255
0,0.230526,-0.095497,-0.179641,0.211711,-0.216372,0.18546,0.001594,0.001667
0,0.12468,-0.267948,-0.135557,-0.16178,-0.104582,-0.115678,0.002176,0.000941
0,-0.336039,-1.408285,-0.439934,-1.124079,-0.40009,-1.144099,0.000247,0.002109
0,-1.040676,-1.712193,-0.680645,-0.312295,-0.649939,-0.354363,0.001311,0.001796
0,-1.276909,-1.456063,-0.265326,0.247722,-0.220601,0.249585,0.000184,0.002674
0,-1.277839,-1.544054,0.00512,-0.096571,0.035214,-0.127024,0.000168,0.001139
0,-0.936344,-1.117442,0.371397,0.40376,0.400324,0.399919,0.00051,0.002651
0,-0.689053,-0.670832,0.273016,0.472169,0.256418,0.425866,0.000791,0.000473
0,-0.745912,-0.380968,-0.076662,0.31729,-0.039799,0.357336,0.001784,0.001032
0,-0.444727,-0.506515,0.312263,-0.099197,0.273563,-0.081218,0.002144,0.002395
0,-0.22747,-0.200132,0.205393,0.335272,0.204495,0.328076,0.001647,0.002125
0,-0.121482,-0.141899,0.119173,0.039418,0.131684,0.01767,0.00212,0.002477
0,-0.098266,0.040767,0.04833,0.15316,0.049631,0.115161,0.001715,0.000712
0,-0.087787,0.055292,0.038909,0.002709,0.019598,0.015934,0.001532,0.000965
0,-0.15781,0.071657,-0.082789,0.002432,-0.114362,-0.001141,0.002754,0.001251
0,0.072465,0.136779,0.225965,0.045286,0.266854,0.011035,0.001265,0.002387
0,0.068125,0.181805,-0.019606,0.046212,0.002378,0.038287,0.001189,0.002444
0,-0.054246,0.071011,-0.150791,-0.095629,-0.121217,-0.144386,0.000947,0.001239
0,0.069031,0.228286,0.146271,0.163712,0.186218,0.159289,0.001205,0.001633
0,-0.158679,-0.048906,-0.247351,-0.264202,-0.205782,-0.239186,0.002769,0.000854
0,-0.114529,0.199675,0.03102,0.245172,0.056625,0.283347,0.001999,0.002133
0,-0.014903,0.190746,0.074146,-0.027482,0.08105,-0.003418,0.00026,0.002288
0,-0.033933,0.029819,-0.022866,-0.158567,0.018361,-0.132199,0.000592,0.00052
0,0.002604,0.17497,0.021639,0.135513,-0.009853,0.139689,4.5e-05,0.002564
0,0.074028,-0.036339,0.064964,-0.232253,0.084905,-0.236924,0.001292,0.000634
0,-0.056453,-0.036364,-0.146421,0.021497,-0.149062,0.067398,0.000985,0.000635
0,-0.085892,0.16831,-0.052232,0.218922,-0.098653,0.252498,0.001499,0.00268
0,-0.090026,0.009785,0.001986,-0.139854,-0.035761,-0.149769,0.001571,0.000171
0,0.001193,0.102492,0.094803,0.079359,0.0818,0.055568,2.1e-05,0.001789
0,-0.067643,0.037055,-0.094333,-0.044376,-0.070386,-0.009325,0.001181,0.000647
0,0.008925,-0.024796,0.090054,-0.03814,0.049326,-0.015255,0.000156,0.000433
0,0.011698,-0.131475,-0.012865,-0.083951,-0.012307,-0.095043,0.000204,0.002295
0,-0.183174,-0.12634,-0.170558,0.011267,-0.14808,0.02892,0.002421,0.002205
0,-0.09146,-0.070098,0.09944,0.063074,0.086513,0.079768,0.001596,0.001223
0,-0.152036,0.163695,-0.060029,0.236642,-0.06785,0.233768,0.002654,0.00276
0,-0.109883,0.023425,0.037156,-0.13667,0.02159,-0.111091,0.001918,0.000409
0,0.004905,0.126361,0.090412,0.119114,0.101194,0.134245,8.6e-05,0.002205
0,-0.018509,0.148626,-0.031776,0.00831,0.012246,-0.028937,0.000323,0.002594
0,0.01274,-0.003807,0.037743,-0.180686,0.017495,-0.181906,0.000222,6.6e-05
0,-0.134135,-0.043949,-0.135484,-0.03899,-0.119729,-0.030807,0.002341,0.000767
0,0.025634,-0.145261,0.175372,-0.081364,0.169954,-0.048962,0.000447,0.002535
0,-0.072217,0.056502,-0.109068,0.1835,-0.116037,0.140854,0.00126,0.000986
0,4.140639,0.700841,4.241955,0.666166,4.253985,0.636748,0.00076,0.000997
0,6.298769,1.053814,2.166936,0.332999,2.117917,0.340761,0.002416,0.00154
0,6.051214,1.387093,-0.223759,0.351361,-0.234598,0.376498,0.001119,0.001739
0,4.579256,1.563082,-1.447556,0.14851,-1.464453,0.17867,0.001278,0.000807
0,3.462078,1.619493,-1.118017,0.058289,-1.138934,0.066498,0.001368,0.000178
0,2.66275,1.103882,-0.771631,-0.534061,-0.792779,-0.57948,0.001534,0.002414
0,1.634566,0.895172,-1.002686,-0.232741,-1.016349,-0.219749,0.000441,0.001229
0,1.182562,0.71377,-0.4671,-0.152831,-0.479626,-0.181323,0.00183,0.001223
0,0.431144,0.567533,-0.725025,-0.136568,-0.694592,-0.109529,0.001907,0.00133
0,0.362573,0.418901,-0.071187,-0.154604,-0.05216,-0.133357,0.000711,0.001694
0,0.244039,0.274389,-0.099316,-0.161328,-0.125921,-0.151196,0.001358,0.000829
0,-0.065933,0.292224,-0.296138,0.001869,-0.32779,0.031415,0.001151,0.000517
0,-0.334716,0.130684,-0.241381,-0.148936,-0.265702,-0.123345,0.000224,0.002281
0,-0.253504,-0.0271,0.061604,-0.14454,0.01656,-0.189667,0.001193,0.000473
0,-0.379342,0.111157,-0.099516,0.14511,-0.132273,0.127163,0.001003,0.00194
0,-0.273454,-0.085905,0.130098,-0.210993,0.106701,-0.21449,0.000845,0.001499
0,-0.195118,0.009758,0.093904,0.103139,0.049964,0.112817,0.002212,0.00017
0,-0.265035,-0.024141,-0.070582,-0.024351,-0.028125,-2.6e-05,0.000992,0.000421
0,-0.014981,-0.105274,0.248074,-0.062327,0.226673,-0.013455,0.000261,0.001837
0,-0.009628,-0.099773,0.02342,0.014653,0.048932,0.058649,0.000168,0.001741
0,-0.104477,-0.059033,-0.122424,0.039719,-0.115215,0.02151,0.001823,0.00103
0,-0.007278,-0.265278,0.101523,-0.22418,0.103067,-0.223657,0.000127,0.000988
0,0.013557,-0.119638,0.001945,0.116904,-0.040695,0.078567,0.000237,0.002088
0,0.035589,-0.102357,0.033875,-0.008904,0.038882,0.018384,0.000621,0.001786
0,0.091074,-0.191385,0.026191,-0.059677,0.025472,-0.059058,0.00159,0.002277
0,0.160685,-0.12873,0.068702,0.044507,0.088353,0.019635,0.002804,0.002247
0,-0.062241,-0.095368,-0.215676,0.033092,-0.257436,0.0312,0.001086,0.001664
0,0.030357,0.018714,0.108524,0.106872,0.08021,0.073603,0.00053,0.000327
0,0.105133,-0.025031,0.052542,-0.036096,0.033686,-0.034838,0.001835,0.000437
0,-0.033237,0.020992,-0.134132,0.075992,-0.088601,0.065163,0.00058,0.000366
0,0.06307,-0.063616,0.086158,-0.096293,0.106392,-0.133856,0.001101,0.00111
0,0.022627,0.118368,-0.01691,0.18935,-0.058309,0.189298,0.000395,0.002066
0,0.111604,0.119734,0.083575,0.016285,0.045962,-0.018492,0.001948,0.00209
0,-0.049691,-0.125851,-0.146064,-0.234706,-0.096802,-0.206997,0.000867,0.002197
0,0.135433,-0.032301,0.181104,0.065244,0.196821,0.100673,0.002364,0.000564
0,0.075057,-0.066916,-0.030417,-0.022196,-0.067017,-0.062009,0.00131,0.001168
0,0.089081,-0.065035,0.0105,0.012836,0.049023,0.02466,0.001555,0.001135
0,-0.054351,-0.035229,-0.113447,0.043943,-0.12456,0.022471,0.000949,0.000615
0,-0.034346,-0.115472,0.038295,-0.095673,0.027756,-0.092349,0.000599,0.002015
0,0.124475,-0.176196,0.173457,-0.06216,0.135985,-0.083991,0.002172,0.002542
0,-0.073083,0.005928,-0.171807,0.160748,-0.132315,0.129135,0.001276,0.000103
0,0.215034,-0.057891,0.259632,-0.058702,0.268801,-0.063168,0.001864,0.00101
0,-0.042926,0.029617,-0.283433,0.079036,-0.301529,0.112551,0.000749,0.000517
0,0.077513,0.022126,0.14211,0.007828,0.186798,-0.004464,0.001353,0.000386
0,0.136509,-0.059173,0.041205,-0.059735,0.010639,-0.094133,0.002383,0.001033
0,0.195692,-0.138784,0.046411,-0.104054,0.078427,-0.106018,0.002202,0.002422
0,0.125197,0.113104,-0.060488,0.256596,-0.090297,0.26911,0.002185,0.001974
0,0.066423,0.157797,-0.071951,0.020956,-0.053435,0.061818,0.001159,0.002754
0,0.039584,0.114589,0.001735,-0.062201,-0.000807,-0.045,0.000691,0.002
0,-0.043805,0.016296,-0.073538,-0.077624,-0.049093,-0.1231,0.000765,0.000284
0,0.172162,0.1165,0.188545,0.094682,0.148123,0.140979,0.002613,0.002033
0,0.14556,-0.005059,-0.053998,-0.125358,-0.102678,-0.076085,0.002541,8.8e-05
0,-0.036427,0.071606,-0.197309,0.079474,-0.179772,0.03265,0.000636,0.00125
0,0.101072,0.055189,0.15876,0.008835,0.135388,-0.032653,0.001764,0.000963
0,0.12598,-0.045455,0.051595,-0.073925,0.063183,-0.11605,0.002199,0.000793
0,0.115008,-0.057612,-0.014719,-0.018213,0.004244,0.021348,0.002007,0.001006
0,-0.030857,-0.101685,-0.171758,-0.018581,-0.220043,-0.046407,0.000539,0.001775
0,0.209604,0.047836,0.254409,0.122445,0.255709,0.105108,0.001959,0.000835
0,-0.001693,-0.05928,-0.192857,-0.079687,-0.16608,-0.039917,3e-05,0.001035
0,0.036371,0.027899,0.022951,0.062342,-0.012582,0.032066,0.000635,0.000487
0,0.109606,-0.045004,0.083173,-0.095006,0.120266,-0.114358,0.001913,0.000785
0,-0.046148,0.046753,-0.132595,0.072621,-0.160293,0.099753,0.000805,0.000816
0,0.10668,-0.048563,0.165371,-0.122804,0.191408,-0.140659,0.001862,0.000848
0,0.019433,0.112871,-0.069885,0.139818,-0.076173,0.095427,0.000339,0.00197
0,-0.040516,-0.082704,-0.037391,-0.169052,-0.008658,-0.136033,0.000707,0.001443
0,-0.106543,-0.045085,-0.058488,0.047816,-0.070811,0.021967,0.00186,0.000787
0,-0.194438,-0.060032,-0.102214,0.013819,-0.097985,-0.033224,0.002224,0.001048
0,0.068295,-0.028808,0.261536,0.005594,0.216779,-0.026015,0.001192,0.000503
0,0.128544,0.08967,0.070143,0.104153,0.117208,0.103815,0.002244,0.001565
0,-0.051174,-0.023432,-0.208231,-0.127752,-0.217855,-0.145119,0.000893,0.000409
0,-0.120194,-0.036262,-0.066997,-0.038538,-0.087493,-0.045577,0.002098,0.000633
0,-0.014167,0.093008,0.091136,0.125769,0.091875,0.078098,0.000247,0.001623
0,-0.089628,-0.04896,-0.095106,-0.113118,-0.046304,-0.153235,0.001564,0.000855
0,-0.046461,-0.094901,0.047943,-0.026564,0.081205,-0.026686,0.000811,0.001656
0,-0.15114,-0.061087,-0.099652,0.033899,-0.099684,0.057294,0.002638,0.001066
0,-0.060571,0.103875,0.068385,0.155391,0.11323,0.147791,0.001057,0.001813
0,0.008001,-0.046217,0.071927,-0.134453,0.063359,-0.110183,0.00014,0.000807
0,0.021431,0.079387,0.041653,0.110125,0.053987,0.074993,0.000374,0.001386
0,-0.084378,0.115282,-0.123456,0.018638,-0.074673,0.039239,0.001473,0.002012
0,0.088048,-0.003786,0.199951,-0.136714,0.174498,-0.094946,0.001537,6.6e-05
0,-0.093711,-0.047416,-0.157305,-0.024257,-0.148737,-0.022957,0.001636,0.000828
0,0.211542,-0.097082,0.288683,-0.034524,0.291908,0.014392,0.001925,0.001694
0,0.211374,-0.128231,0.005466,-0.019499,0.007164,0.014445,0.001928,0.002238
0,-0.050506,0.058389,-0.290323,0.213007,-0.25615,0.175989,0.000882,0.001019
0,0.057728,-0.081156,0.129131,-0.151688,0.149055,-0.146719,0.001008,0.001416
0,-0.046214,0.154804,-0.124472,0.251001,-0.134685,0.274205,0.000807,0.002702
0,-0.012789,-0.093833,0.029429,-0.228021,-0.017969,-0.200774,0.000223,0.001638
0,0.066283,0.105807,0.089794,0.203239,0.073335,0.170455,0.001157,0.001847
0,0.204375,-0.081842,0.152575,-0.20973,0.160312,-0.235748,0.00205,0.001428
0,0.057661,0.061588,-0.128093,0.114838,-0.171412,0.067528,0.001006,0.001075
0,0.180607,0.097693,0.101847,0.028372,0.055724,-0.013155,0.002465,0.001705
0,0.070389,-0.074012,-0.118324,-0.148716,-0.102149,-0.139648,0.001229,0.001292
0,0.112534,0.060111,0.0295,0.107998,0.05812,0.104489,0.001964,0.001049
0,0.126968,0.02399,0.032664,-0.036478,-0.011817,-0.028686,0.002216,0.000419
0,-0.003502,0.166164,-0.13107,0.159763,-0.177036,0.161505,6.1e-05,0.002717
0,0.175899,0.069427,0.203731,-0.068153,0.22227,-0.032415,0.002547,0.001212
0,0.142258,0.177404,-0.017181,0.099474,-0.005804,0.136414,0.002483,0.002521
0,0.089459,0.192589,-0.047082,-0.004877,-0.001227,0.031424,0.001561,0.002256
0,0.183291,0.188675,0.069584,-0.01082,0.098537,0.037507,0.002418,0.002325
0,0.184516,-0.107674,0.00183,-0.291228,0.003068,-0.281118,0.002397,0.001879
0,-0.005252,0.004649,-0.173573,0.129138,-0.155565,0.149662,9.2e-05,8.1e-05
0,0.045854,-0.054096,0.026796,-0.062658,0.04025,-0.038986,0.0008,0.000944
0,0.080592,0.081233,0.041888,0.129757,0.08907,0.16669,0.001407,0.001418
0,0.157981,-0.109877,0.080172,-0.177633,0.066833,-0.212772,0.002757,0.001918
0,0.125347,0.015109,-0.023098,0.121477,0.024918,0.109352,0.002188,0.000264
0,0.3613,0.008825,0.245651,-0.000552,0.22768,-0.004584,0.000688,0.000154
0,0.298886,-0.099324,-0.089057,-0.137573,-0.057987,-0.140701,0.000401,0.001734
0,0.152391,0.122382,-0.173351,0.201822,-0.186459,0.210803,0.00266,0.002136
0,0.332825,0.112427,0.209325,-0.038884,0.177291,-0.02817,0.000191,0.001962
0,0.276412,0.099762,-0.073306,-0.005369,-0.080544,-0.000684,0.000793,0.001741
0,0.418974,-0.01652,0.160004,-0.127542,0.142663,-0.170114,0.001695,0.000288
0,0.344139,-0.099507,-0.048233,-0.077617,-0.002056,-0.076377,0.000389,0.001737
0,0.329249,-0.124032,0.000539,-0.028597,-0.013711,-0.054175,0.000129,0.002165
0,0.150461,0.084848,-0.170322,0.204238,-0.187177,0.172218,0.002626,0.001481
0,0.206216,0.041457,0.071925,-0.05681,0.113607,-0.080519,0.002018,0.000724
0,0.158239,0.066072,-0.026259,0.000543,-0.023684,-0.036877,0.002762,0.001153
0,0.312145,-0.123664,0.170576,-0.165463,0.169888,-0.166034,0.00017,0.002158
0,0.240212,0.064778,-0.074364,0.180893,-0.060328,0.170715,0.001425,0.001131
0,0.056653,0.083976,-0.183371,0.014166,-0.138513,-0.027724,0.000989,0.001466
0,0.148916,-0.168794,0.113938,-0.246186,0.141069,-0.244331,0.002599,0.002671
0,-0.009882,0.012133,-0.168934,0.164882,-0.148053,0.136936,0.000172,0.000212
0,0.098777,-0.114566,0.123314,-0.14725,0.080022,-0.125144,0.001724,0.002
0,0.047685,0.039002,-0.064051,0.165847,-0.105211,0.166363,0.000832,0.000681
0,-0.029229,0.092913,-0.075884,0.078315,-0.042058,0.100011,0.00051,0.001622
0,-0.042711,0.101101,0.002936,0.012357,0.04967,-0.023595,0.000745,0.001765
0,0.126775,-0.021745,0.196528,-0.133325,0.172491,-0.157678,0.002213,0.00038
0,0.13612,-0.051299,0.0149,-0.007077,-0.019547,0.008775,0.002376,0.000895
0,-0.009617,0.064811,-0.150426,0.089251,-0.122301,0.130986,0.000168,0.001131
0,0.071746,-0.094726,0.052966,-0.134725,0.019159,-0.151586,0.001252,0.001653
0,-0.091023,-0.01396,-0.173154,0.072557,-0.153145,0.030755,0.001589,0.000244
0,0.236412,-0.02265,0.302729,-0.020492,0.273664,-0.013111,0.001491,0.000395
0,0.214618,0.13347,-0.04939,0.178742,-0.062229,0.167343,0.001872,0.002329
0,0.103908,0.093153,-0.140691,-0.06492,-0.184186,-0.066672,0.001814,0.001626
0,0.050994,-0.052431,-0.040099,-0.144605,-0.076489,-0.130513,0.00089,0.000915
0,0.174721,-0.098898,0.126819,-0.059073,0.143515,-0.087508,0.002568,0.001726
0,0.191888,-0.021348,-0.007789,0.048462,0.016873,0.001888,0.002268,0.000373
0,0.145734,-0.110758,-0.048356,-0.118052,-0.092699,-0.116593,0.002544,0.001933
0,0.100918,-0.100183,-0.016831,0.002481,-0.025701,0.033912,0.001761,0.001749
0,-0.016535,0.065496,-0.088202,0.14348,-0.117338,0.105811,0.000289,0.001143
0,0.158659,-0.030644,0.180367,-0.092777,0.220114,-0.115572,0.002769,0.000535
0,0.204228,-0.03985,0.055953,0.010452,0.088426,0.03502,0.002053,0.000696
0,0.16813,0.156434,-0.054173,0.200803,-0.041034,0.206574,0.002683,0.00273
0,0.0476,-0.075908,-0.130415,-0.238905,-0.14553,-0.192967,0.000831,0.001325
0,-0.045266,0.038726,-0.084868,0.09441,-0.092892,0.105753,0.00079,0.000676
0,0.114749,-0.097923,0.161044,-0.119044,0.153041,-0.157931,0.002003,0.001709
0,-0.110179,0.052525,-0.240152,0.149886,-0.249605,0.180316,0.001923,0.000917
0,-0.011703,0.06242,0.073762,0.039386,0.106791,0.053845,0.000204,0.001089
0,-0.065037,0.082458,-0.035945,-0.007221,-0.07848,-0.028308,0.001135,0.001439
0,0.051451,0.15056,0.087135,0.051483,0.097726,0.069234,0.000898,0.002628
0,-0.039345,0.060755,-0.099969,-0.114687,-0.108438,-0.158517,0.000687,0.00106
0,-0.033946,-0.010134,0.024845,-0.048546,0.04492,-0.088196,0.000592,0.000177
0,-0.162089,0.123432,-0.126532,0.123061,-0.157636,0.091544,0.002789,0.002154
0,0.072315,0.037217,0.255904,-0.102652,0.280169,-0.13338,0.001262,0.00065
0,0.047799,-0.031156,-0.00231,-0.067406,0.002634,-0.032886,0.000834,0.000544
0,0.037224,0.081574,-0.040235,0.120191,-0.066838,0.079458,0.00065,0.001424
0,-0.129887,0.07607,-0.183531,0.000497,-0.175205,0.021934,0.002267,0.001328
0,-0.056954,0.113949,0.047108,0.010494,0.058915,-0.018721,0.000994,0.001989
0,0.118088,-0.150932,0.161952,-0.261272,0.174272,-0.239104,0.002061,0.002634
0,0.105886,-0.007848,0.00162,0.131997,-0.001736,0.154697,0.001848,0.000137
0,-0.113406,0.127421,-0.209662,0.141221,-0.256068,0.157654,0.001979,0.002224
0,-0.015359,0.035397,0.122167,-0.115282,0.14485,-0.157045,0.000268,0.000618
0,-0.050868,0.024931,-0.007252,-0.026699,-0.027044,-0.016819,0.000888,0.000435
0,0.021162,0.059263,0.046304,0.046587,0.044593,0.088365,0.000369,0.001034
0,-0.16397,0.08274,-0.183834,0.010387,-0.144283,0.006469,0.002756,0.001444
0,0.130477,0.137127,0.286784,0.076702,0.270491,0.057717,0.002277,0.002393
0,-0.068167,0.14773,-0.200888,0.032157,-0.21806,-0.014394,0.00119,0.002578
0,-0.080281,-0.03783,-0.034359,-0.176393,-0.024517,-0.1402,0.001401,0.00066
0,-0.182339,0.149225,-0.074066,0.184823,-0.035681,0.158857,0.002435,0.002604
0,-1.447293,1.497526,-1.282671,1.373642,-1.287635,1.372248,0.00279,0.001951
0,-5.065758,1.565417,-3.627798,0.095506,-3.598771,0.063934,0.001466,0.000766
0,-5.38728,1.666497,-0.320852,0.101671,-0.308293,0.101455,0.001472,0.000998
0,-5.208368,1.907644,0.207352,0.225142,0.189701,0.240738,0.001023,0.00041
0,-4.462955,1.569917,0.775241,-0.315267,0.82124,-0.282341,0.000752,0.000687
0,-3.529736,1.382318,0.911784,-0.214381,0.91826,-0.166592,0.000187,0.001656
0,-2.302192,0.813958,1.226922,-0.567874,1.237012,-0.570638,0.000858,0.002646
0,-1.554244,0.561342,0.722128,-0.27788,0.767826,-0.237102,0.000961,0.001438
0,-0.47352,0.428095,1.075455,-0.131655,1.038834,-0.170611,0.002647,0.001854
0,-0.260525,0.223742,0.222846,-0.202011,0.223706,-0.153025,0.00107,0.001712
0,0.248013,0.069555,0.531555,-0.158715,0.498651,-0.16706,0.001289,0.001214
0,0.43681,0.056946,0.210482,0.013722,0.204506,0.022547,0.002006,0.000994
0,0.73863,-0.228585,0.274253,-0.272957,0.257604,-0.306937,0.001657,0.001628
0,0.585876,-0.054782,-0.154316,0.177267,-0.156339,0.225149,0.00101,0.000956
0,0.53896,-0.24199,-0.055242,-0.212298,-0.005901,-0.224353,0.001828,0.001394
0,0.450395,-0.028862,-0.103213,0.205714,-0.101317,0.218796,0.002243,0.000504
0,0.522224,-0.120055,0.049437,-0.089696,0.072764,-0.104906,0.00212,0.002095
0,0.210134,-0.157776,-0.308853,-0.0428,-0.282402,-0.024881,0.00195,0.002754
0,0.296503,-0.019525,0.068723,0.129588,0.1018,0.158668,0.000443,0.000341
0,0.174686,-0.12166,-0.112058,-0.129671,-0.074629,-0.099427,0.002569,0.002123
0,0.327976,0.055989,0.123479,0.19362,0.112602,0.220494,0.000107,0.000977
0,0.323284,-0.17169,0.016362,-0.231563,0.029647,-0.236073,2.5e-05,0.002621
0,0.140149,0.069079,-0.16664,0.236917,-0.118268,0.274017,0.002446,0.001206
0,0.084667,0.017658,-0.039449,-0.059421,-0.064138,-0.072088,0.001478,0.000308
0,0.018835,-0.068833,-0.075877,-0.074508,-0.033897,-0.044114,0.000329,0.001201
0,0.160548,0.038673,0.112484,0.122898,0.135422,0.085043,0.002802,0.000675
0,0.138238,-0.017268,-0.020681,-0.037457,-0.038731,-0.03767,0.002413,0.000301
0,0.180762,-0.106301,0.047828,-0.079651,0.006383,-0.046108,0.002463,0.001855
0,0.16455,0.048689,-0.022523,0.133687,-0.009356,0.125674,0.002746,0.00085
0,0.231624,0.026582,0.095789,-0.040436,0.04968,-0.021682,0.001575,0.000464
0,0.106515,-0.163153,-0.108567,-0.183387,-0.089719,-0.195356,0.001859,0.00277
0,-0.021224,-0.127012,-0.10301,0.022288,-0.103262,0.053558,0.00037,0.002217
0,0.04632,0.037496,0.070363,0.146569,0.034578,0.176602,0.000808,0.000654
0,0.09608,-0.116072,0.027556,-0.163701,0.018715,-0.142678,0.001677,0.002026
0,-0.005283,-0.059572,-0.089294,0.037629,-0.054766,0.051135,9.2e-05,0.00104
0,0.088087,-0.025501,0.1122,0.020585,0.146569,0.065509,0.001537,0.000445
0,-0.004671,0.089151,-0.10443,0.087507,-0.098323,0.129611,8.2e-05,0.001556
0,0.054838,-0.098983,0.035632,-0.180814,0.070262,-0.183862,0.000957,0.001728
0,-0.02596,-0.15353,-0.05678,-0.03819,-0.089959,-0.087936,0.000453,0.00268
0,0.136469,0.058005,0.163583,0.213767,0.171407,0.244951,0.002382,0.001012
0,-0.057832,0.019169,-0.185749,-0.050922,-0.158054,-0.05167,0.001009,0.000335
0,0.184847,0.031745,0.256693,-0.002146,0.215493,-0.044441,0.002391,0.000554
0,-0.134394,0.054227,-0.295297,0.027104,-0.321687,0.073874,0.002346,0.000946
0,0.116892,-0.107183,0.272891,-0.146159,0.270615,-0.16768,0.00204,0.001871
0,0.03822,-0.045312,-0.05096,0.085793,-0.065563,0.071238,0.000667,0.000791
0,0.14309,0.008652,0.107374,0.025345,0.114618,0.054386,0.002497,0.000151
0,-0.013011,0.078962,-0.153248,0.098416,-0.164384,0.10816,0.000227,0.001378
0,0.0244,-0.061983,0.028983,-0.119137,0.032199,-0.106272,0.000426,0.001082
0,-0.030996,-0.010406,-0.066254,0.026895,-0.02852,0.004972,0.000541,0.000182
0,0.124841,0.061371,0.173272,0.093021,0.195713,0.05792,0.002179,0.001071
0,0.110835,0.056138,0.004147,-0.00014,-0.013432,0.007117,0.001934,0.00098
0,0.0374,0.031345,-0.08542,-0.037707,-0.067513,-0.084254,0.000653,0.000547
0,0.048758,0.023782,0.003757,-0.016306,0.043714,0.031077,0.000851,0.000415
0,0.135591,-0.049772,0.075244,-0.067995,0.040338,-0.051761,0.002367,0.000869
0,0.04551,-0.056925,-0.080397,0.01735,-0.068409,-0.014956,0.000794,0.000994
0,0.181873,-0.116721,0.124282,-0.03428,0.132005,-0.043893,0.002443,0.002037
0,-0.012594,-0.139989,-0.17592,-0.010292,-0.135656,-0.056767,0.00022,0.002443
0,0.15304,-0.150673,0.191243,-0.031483,0.15987,0.00792,0.002671,0.00263
0,-0.046718,-0.071149,-0.212261,0.093657,-0.24141,0.067569,0.000815,0.001242
0,0.013859,-0.094744,0.084867,-0.02982,0.131532,0.006264,0.000242,0.001654
0,-0.025706,-0.10956,-0.065465,-0.03659,-0.065662,-0.00679,0.000449,0.001912
0,-0.088514,-0.115382,-0.053597,-0.020668,-0.077408,-0.06417,0.001545,0.002014
0,-0.081355,0.011467,0.016559,0.155998,0.039042,0.107054,0.00142,0.0002
0,-0.170979,-0.01253,-0.095574,-0.006145,-0.102888,0.027925,0.002633,0.000219
0,-0.104333,0.058514,0.078146,0.087637,0.124657,0.083487,0.001821,0.001021
0,-0.158043,0.073074,-0.040083,0.025499,-0.016871,0.05536,0.002758,0.001275
0,0.011343,-0.024528,0.194209,-0.08218,0.241383,-0.116408,0.000198,0.000428
0,-0.027073,0.084157,-0.039791,0.096772,-0.040255,0.139701,0.000473,0.001469
0,-0.105204,-0.044329,-0.088733,-0.147919,-0.132982,-0.117046,0.001836,0.000774
0,0.149262,0.106241,0.25335,0.128035,0.216683,0.172618,0.002605,0.001854
0,0.00233,0.046314,-0.161847,-0.073081,-0.116308,-0.041856,4.1e-05,0.000808
0,-0.002965,-0.061656,-0.01142,-0.103372,0.017517,-0.11593,5.2e-05,0.001076
0,0.171887,-0.068758,0.14573,-0.029283,0.167118,-0.071028,0.002618,0.0012
0,-0.041537,-0.003603,-0.22462,0.067966,-0.263898,0.096163,0.000725,6.3e-05
0,0.197022,-0.072665,0.230163,-0.046428,0.187053,-0.091736,0.002179,0.001268
0,0.222678,-0.037833,0.001321,0.025671,-0.023391,0.041251,0.001731,0.00066
0,0.244714,-0.122198,0.016521,-0.094552,0.026127,-0.091634,0.001346,0.002133
0,0.142423,-0.090456,-0.119977,0.008108,-0.151596,-0.020985,0.002486,0.001579
0,0.120261,0.087872,-0.023253,0.160087,-0.024011,0.175374,0.002099,0.001534
0,0.141222,0.022239,0.008542,-0.080241,-0.027491,-0.105586,0.002465,0.000388
0,0.218557,-0.046066,0.057315,-0.081431,0.065939,-0.100867,0.001803,0.000804
0,0.043935,-0.072912,-0.159506,-0.017084,-0.174901,-0.058754,0.000767,0.001273
0,0.092777,-0.154108,0.020425,-0.072866,0.024514,-0.10613,0.001619,0.00269
0,0.077426,-0.011025,0.011031,0.12992,-0.037418,0.168836,0.001351,0.000192
0,0.24769,0.065332,0.182527,0.076588,0.135172,0.087605,0.001295,0.00114
0,0.14984,0.110577,-0.101809,0.059974,-0.125486,0.065347,0.002615,0.00193
0,0.062644,-0.114884,-0.10629,-0.206299,-0.100172,-0.245862,0.001093,0.002005
0,0.194008,0.100069,0.137448,0.211277,0.163025,0.167517,0.002231,0.001747
0,0.186743,0.116907,0.001505,0.018001,0.043033,0.046522,0.002358,0.00204
0,0.26069,-0.128819,0.081152,-0.264188,0.031197,-0.310935,0.001068,0.002248
0,0.09753,-0.083086,-0.153147,0.068138,-0.176879,0.116328,0.001702,0.00145
0,0.132941,0.065158,0.023263,0.169268,-0.017867,0.186987,0.00232,0.001137
0,-0.00173,0.021232,-0.115659,-0.026915,-0.067142,-0.052901,3e-05,0.000371
0,0.188383,-0.126538,0.191962,-0.164398,0.172066,-0.193082,0.00233,0.002209
0,0.189151,0.030107,0.005563,0.162358,-0.022227,0.182245,0.002316,0.000525
0,0.006639,-0.16201,-0.212495,-0.204176,-0.217448,-0.248906,0.000116,0.00279
0,0.035103,0.038077,0.030233,0.189736,0.017462,0.215441,0.000613,0.000665
0,-0.019101,0.069105,-0.030709,0.015956,-0.033897,0.043311,0.000333,0.001206
0,-0.045878,-0.042139,-0.039367,-0.089454,-0.062799,-0.116244,0.000801,0.000735
0,0.012686,0.1036,0.077087,0.138521,0.093247,0.139524,0.000221,0.001808
0,0.159719,0.062506,0.176703,-0.068614,0.143954,-0.082453,0.002788,0.001091
0,0.151668,0.118451,0.002466,0.026311,-0.044393,0.021296,0.002647,0.002067
0,-0.020148,-0.126172,-0.196554,-0.271057,-0.234671,-0.228476,0.000352,0.002202
0,0.12871,-0.071127,0.159312,0.076325,0.193643,0.040105,0.002246,0.001241
0,0.02733,-0.084309,-0.12796,0.001259,-0.128475,0.028933,0.000477,0.001471
0,0.031293,0.159254,0.017238,0.269828,0.01661,0.271836,0.000546,0.00278
0,0.123552,-0.117524,0.121906,-0.273193,0.078528,-0.271283,0.002156,0.002051
0,0.186469,-0.121103,0.049124,0.003299,0.014091,-0.038099,0.002363,0.002114
0,0.096961,0.020413,-0.110999,0.135059,-0.146616,0.138857,0.001692,0.000356
0,0.049758,0.094134,-0.021252,0.054837,0.022799,0.086614,0.000868,0.001643
0,-0.058293,-0.087316,-0.115937,-0.19434,-0.06702,-0.181655,0.001017,0.001524
0,0.098761,0.118091,0.137232,0.222997,0.147168,0.238096,0.001724,0.002061
0,0.113877,0.130307,-0.009216,0.025245,-0.020205,-0.016271,0.001988,0.002274
0,0.118855,-0.122206,0.017581,-0.246851,0.004207,-0.253,0.002074,0.002133
0,-0.045641,0.104768,-0.146836,0.198045,-0.134046,0.208969,0.000797,0.001829
0,-0.015024,-0.078602,0.060226,-0.179188,0.096864,-0.173749,0.000262,0.001372
0,0.163472,0.051479,0.172767,0.117751,0.177868,0.159304,0.002764,0.000898
0,-0.078314,0.019334,-0.267278,-0.021599,-0.26881,0.022773,0.001367,0.000337
0,0.147728,-0.111768,0.251782,-0.104413,0.252089,-0.056987,0.002578,0.001951
0,-0.077983,0.170683,-0.214471,0.274255,-0.171596,0.305192,0.001361,0.002639
0,0.006041,-0.053034,0.072555,-0.223701,0.106567,-0.258894,0.000105,0.000926
0,-0.035524,0.155632,-0.032006,0.204408,-0.070215,0.250059,0.00062,0.002716
0,0.026016,-0.009999,0.084028,-0.16589,0.095204,-0.199817,0.000454,0.000175
0,0.093581,-0.032237,0.087919,-0.000112,0.130365,0.026551,0.001633,0.000563
0,-0.037399,-0.042388,-0.149313,-0.023305,-0.184241,0.012861,0.000653,0.00074
0,0.020212,0.100222,0.051515,0.141679,0.087741,0.156863,0.000353,0.001749
0,0.164629,-4.8e-05,0.140317,-0.129842,0.106037,-0.086029,0.002744,1e-06
0,0.063988,-0.056594,-0.092766,-0.048611,-0.060733,-0.050556,0.001117,0.000988
0,-0.038497,-0.042397,-0.072525,-0.011064,-0.076183,-0.049319,0.000672,0.00074
0,0.008926,0.038413,0.03516,0.071406,0.076682,0.033763,0.000156,0.00067
0,0.120389,0.047135,0.085933,0.00778,0.103398,-0.02516,0.002101,0.000823
0,0.052411,0.029288,-0.078834,-0.013582,-0.038326,0.01766,0.000915,0.000511
0,0.100185,-0.066338,0.07291,-0.111552,0.086781,-0.095046,0.001749,0.001158
0,-0.009016,0.13911,-0.137275,0.19649,-0.109514,0.195199,0.000157,0.002428
0,-0.09702,0.069003,-0.065739,-0.069933,-0.107973,-0.073615,0.001693,0.001204
0,-0.003853,-0.055158,0.112185,-0.111022,0.076731,-0.147948,6.7e-05,0.000963
0,-0.167892,0.05204,-0.147925,0.136263,-0.126263,0.166519,0.002687,0.000908
0,-0.007042,0.072381,0.138064,0.02959,0.131709,-0.010193,0.000123,0.001263
0,-0.136309,0.119962,-0.143133,0.024243,-0.143856,0.012758,0.002379,0.002094
0,0.079934,0.116317,0.240557,-0.029246,0.214593,0.008771,0.001395,0.00203
0,-0.081534,0.053854,-0.186564,-0.077864,-0.201273,-0.078839,0.001423,0.00094
0,-0.001101,0.109734,0.085499,0.065087,0.093556,0.022193,1.9e-05,0.001915
0,0.141458,0.06994,0.134666,-0.012709,0.164727,0.007931,0.002469,0.001221
0,0.052846,-0.094878,-0.083239,-0.141043,-0.091308,-0.138171,0.000922,0.001656
0,0.065173,-0.060719,0.025047,0.063689,0.036717,0.067522,0.001137,0.00106
0,0.067968,0.074421,-0.007483,0.10762,-0.022568,0.072163,0.001186,0.001299
0,0.131553,0.100672,0.081561,0.051056,0.0776,0.017275,0.002296,0.001757
0,0.009311,-0.110501,-0.147515,-0.219765,-0.162896,-0.249598,0.000163,0.001929
0,0.158079,0.122621,0.170736,0.263079,0.157169,0.278006,0.002759,0.00214
0,0.165423,0.059851,0.017658,-0.089725,0.00441,-0.06846,0.00273,0.001045
0,-0.054192,-0.119034,-0.200531,-0.203109,-0.177188,-0.238624,0.000946,0.002078
0,0.154178,-0.093015,0.182873,0.052084,0.147814,0.070544,0.002691,0.001623
0,0.106647,-0.130152,-0.064571,-0.019574,-0.106643,-0.042276,0.001861,0.002272
0,0.144103,0.101494,0.030782,0.206494,-0.003322,0.239892,0.002515,0.001771
0,0.022824,0.014997,-0.134618,-0.088258,-0.103195,-0.129696,0.000398,0.000262
0,0.031989,0.105145,0.024733,0.06699,0.053382,0.095312,0.000558,0.001835
0,-0.120753,0.055477,-0.140324,-0.076253,-0.111366,-0.122433,0.002108,0.000968
0,-0.145684,-0.117924,0.00486,-0.17801,0.025436,-0.138951,0.002543,0.002058
0,0.05609,-0.050642,0.210462,0.085422,0.175378,0.076415,0.000979,0.000884
0,-0.190359,-0.099306,-0.245658,-0.075051,-0.220358,-0.067145,0.002295,0.001733
0,0.030801,-0.040848,0.212576,0.04943,0.173681,0.063286,0.000538,0.000713
0,-0.0539,0.136733,-0.100946,0.165467,-0.055525,0.146805,0.000941,0.002386
0,-0.143595,0.025508,-0.089924,-0.123737,-0.107129,-0.0786,0.002506,0.000445
0,-0.188036,-0.062004,-0.016488,-0.07427,0.020538,-0.025415,0.002336,0.001082
0,0.096181,0.203729,0.285565,0.290983,0.295528,0.28994,0.001679,0.002062
0,0.097867,-0.051464,-0.017454,-0.241058,-0.021345,-0.278279,0.001708,0.000898
0,-0.057594,0.114194,-0.165555,0.171251,-0.1614,0.166163,0.001005,0.001993
0,-0.077625,0.002894,-0.008475,-0.105149,-0.017781,-0.12203,0.001355,5.1e-05
0,-0.106093,-0.013395,-0.012271,-0.01237,-0.033253,0.000451,0.001852,0.000234
0,-0.05803,-0.045567,0.049018,-0.037068,0.024446,-0.07917,0.001013,0.000795
0,-0.021682,-0.055629,0.035291,-0.002469,-0.00962,-0.048246,0.000378,0.000971
0,0.09573,0.159008,0.136214,0.197469,0.096114,0.178935,0.001671,0.002775
0,0.195133,0.087021,0.106986,-0.069457,0.132293,-0.115617,0.002212,0.001519
0,0.229271,0.097621,0.057413,0.012616,0.094475,0.018899,0.001616,0.001704
0,0.099059,0.000745,-0.134285,-0.091676,-0.090844,-0.079461,0.001729,1.3e-05
0,0.128318,-0.016327,0.053058,-0.003077,0.070443,0.000792,0.00224,0.000285
0,-0.025892,-0.111425,-0.180929,-0.066414,-0.170737,-0.099417,0.000452,0.001945
0,0.255669,0.091079,0.25727,0.185571,0.242773,0.18573,0.001155,0.00159
0,-0.035314,-0.044109,-0.284951,-0.120029,-0.308523,-0.096346,0.000616,0.00077
0,0.090013,-0.014184,0.121926,0.012957,0.114195,0.03344,0.001571,0.000248
0,-0.00494,0.135095,-0.1032,0.15995,-0.08957,0.143906,8.6e-05,0.002358
0,0.073398,0.02666,0.061517,-0.089815,0.068332,-0.051688,0.001281,0.000465
0,0.20692,0.017764,0.158702,0.016692,0.160196,-0.010168,0.002006,0.00031
0,0.046701,-0.054305,-0.189122,-0.087165,-0.154841,-0.08507,0.000815,0.000948
0,-0.002811,-0.015933,-0.04431,0.009188,-0.003554,0.025267,4.9e-05,0.000278
0,-0.002569,0.078979,0.02413,0.095481,0.072548,0.093911,4.5e-05,0.001378
0,0.036605,-0.022978,0.024555,-0.107635,-0.013043,-0.129468,0.000639,0.000401
0,0.029496,0.136189,-0.002377,0.180086,-0.042556,0.200526,0.000515,0.002377
0,-0.014536,-0.029103,-0.063548,-0.178951,-0.102911,-0.191731,0.000254,0.000508
0,-0.068042,-0.064403,-0.040498,-0.053466,-0.056383,-0.013216,0.001188,0.001124
0,0.065895,0.064303,0.147744,0.157168,0.110519,0.172075,0.00115,0.001122
0,-0.046461,0.082319,-0.127169,0.01852,-0.164207,0.021062,0.000811,0.001437
0,0.093763,-0.085023,0.163961,-0.178543,0.12358,-0.178785,0.001636,0.001484
0,0.080906,-0.039225,-0.033162,0.034738,-0.017863,0.003392,0.001412,0.000685
0,0.16987,0.025922,0.101593,0.0642,0.148949,0.086924,0.002653,0.000452
0,0.035725,0.08933,-0.127684,0.057376,-0.137053,0.007912,0.000624,0.001559
0,-0.015779,-0.052704,-0.054517,-0.122098,-0.023821,-0.1703,0.000275,0.00092
0,0.000379,-0.058166,0.019155,-0.015344,-0.025843,-0.037112,7e-06,0.001015
0,0.067147,-0.128474,0.067203,-0.090826,0.112276,-0.130385,0.001172,0.002242
0,0.108377,-0.169331,0.037217,-0.024479,0.011157,-0.021199,0.001892,0.002662
0,0.242009,-0.047283,0.160486,0.101801,0.176341,0.10901,0.001394,0.000825
0,0.008159,-0.143551,-0.235457,-0.078692,-0.230551,-0.067282,0.000142,0.002505
0,0.152297,0.06429,0.159414,0.236187,0.185706,0.204521,0.002658,0.001122
0,-0.036412,0.029004,-0.173287,-0.025017,-0.19805,0.017471,0.000636,0.000506
0,0.005034,0.135984,0.019117,0.085013,0.021306,0.046216,8.8e-05,0.002373
0,0.02098,0.089139,0.002699,-0.076654,-0.001571,-0.077603,0.000366,0.001556
0,-0.035173,0.048294,-0.046371,-0.043914,-0.091949,-0.061611,0.000614,0.000843
0,0.134338,-0.010299,0.184307,-0.062813,0.142731,-0.04261,0.002345,0.00018
0,0.211288,-0.113047,0.061456,-0.107556,0.026625,-0.13437,0.00193,0.001973
0,0.05042,0.079834,-0.185535,0.194073,-0.196845,0.241669,0.00088,0.001393
0,0.083015,-0.098375,0.025627,-0.176705,0.026682,-0.177251,0.001449,0.001717
0,0.171928,0.000507,0.072086,0.097862,0.094717,0.12182,0.002617,9e-06
0,0.112229,-0.116458,-0.067053,-0.145886,-0.030268,-0.184515,0.001959,0.002033
0,0.086634,0.122542,-0.015487,0.232631,-0.008286,0.229024,0.001512,0.002139
0,0.237445,-0.098235,0.158824,-0.193372,0.151102,-0.207783,0.001473,0.001715
0,-0.028802,0.103057,-0.270805,0.215025,-0.295636,0.235842,0.000503,0.001799
0,0.191433,-5.2e-05,0.195394,-0.119911,0.174921,-0.132764,0.002276,1e-06
0,0.134756,-0.032654,-0.079121,-0.03104,-0.068523,0.011571,0.002352,0.00057
0,0.251389,-0.007878,0.094351,0.047038,0.075583,-6.5e-05,0.00123,0.000137
0,0.072838,-0.180507,-0.164798,-0.178845,-0.191891,-0.169441,0.001271,0.002467
0,0.235378,0.042214,0.146385,0.241185,0.168074,0.245429,0.001509,0.000737
0,0.177565,-0.147545,-0.059188,-0.177567,-0.075302,-0.135004,0.002518,0.002575
0,0.124606,0.1142,-0.025933,0.282117,-0.023547,0.291376,0.002175,0.001993
0,-0.097904,0.102045,-0.213228,-0.037326,-0.208825,-0.035989,0.001709,0.001781
0,0.183526,-0.065784,0.280745,-0.171106,0.279262,-0.161693,0.002414,0.001148
0,0.106444,0.048057,-0.080966,0.099187,-0.034126,0.088076,0.001858,0.000839
0,0.170975,-0.07744,0.077422,-0.103751,0.033713,-0.150758,0.002633,0.001352
0,-0.058649,-0.014412,-0.239805,0.079269,-0.265841,0.079216,0.001024,0.000252
0,0.129688,0.087833,0.175181,0.083533,0.163599,0.095009,0.002263,0.001533
0,0.139335,0.06936,0.036976,-0.04121,0.038637,-0.07659,0.002432,0.001211
0,0.115699,-0.03269,-0.01867,-0.072282,-0.036769,-0.081642,0.002019,0.000571
0,0.12698,-0.100085,0.002526,-0.089359,0.028055,-0.103706,0.002216,0.001747
0,-0.009166,0.113755,-0.108452,0.222915,-0.140597,0.197405,0.00016,0.001985
0,0.21514,0.007154,0.202318,-0.102985,0.16613,-0.092108,0.001863,0.000125
0,0.067106,-0.047905,-0.160194,-0.069347,-0.183376,-0.058846,0.001171,0.000836
0,0.189393,0.084108,0.129125,0.124737,0.14287,0.082141,0.002312,0.001468
0,0.000567,-0.067787,-0.179615,-0.135845,-0.194254,-0.123604,1e-05,0.001183
0,0.143533,0.099476,0.154058,0.146127,0.134771,0.160873,0.002505,0.001736
0,-0.036932,0.090545,-0.171982,-0.006437,-0.132256,-0.010095,0.000645,0.00158
0,0.211243,0.027786,0.239216,-0.037131,0.228679,-0.060268,0.001931,0.000485
0,0.200178,-0.125072,0.000353,-0.140311,0.00562,-0.172506,0.002124,0.002183
0,-0.001604,0.091482,-0.171906,0.241906,-0.188414,0.221332,2.8e-05,0.001597
0,0.038488,-0.079212,0.043258,-0.192204,0.092636,-0.234864,0.000672,0.001383
0,0.171093,-0.087263,0.138379,-0.00045,0.180368,-0.047669,0.002631,0.001523
0,-0.044143,-0.025326,-0.218272,0.034932,-0.246134,0.022765,0.00077,0.000442
0,-0.06548,0.047933,-0.025388,0.063184,-0.039284,0.08247,0.001143,0.000837
0,0.053448,0.090307,0.098859,0.057766,0.086481,0.09575,0.000933,0.001576
0,0.087511,-0.11685,0.052507,-0.204712,0.035238,-0.210507,0.001527,0.002039
0,0.07594,-0.202669,0.003715,-0.089412,-0.017977,-0.134777,0.001325,0.00208
0,0.119481,-0.012738,0.056185,0.184892,0.057661,0.22952,0.002085,0.000222
0,0.065092,-0.160884,-0.06582,-0.155268,-0.1011,-0.119293,0.001136,0.002808
0,0.077249,-0.162612,-0.006098,-0.01321,0.010567,-0.037185,0.001348,0.002779
0,0.228949,-0.142745,0.158562,0.04437,0.125385,0.05311,0.001622,0.002491
0,0.164006,-0.078639,-0.040896,0.076905,-0.037115,0.059253,0.002755,0.001373
0,0.051499,0.027887,-0.091282,0.080201,-0.126415,0.063664,0.000899,0.000487
0,0.089371,-0.014302,0.066165,-0.051455,0.075091,-0.084278,0.00156,0.00025
0,0.041065,0.01315,-0.02963,0.053167,0.007009,0.031255,0.000717,0.00023
0,0.119382,-0.118122,0.069078,-0.104211,0.037159,-0.10951,0.002084,0.002062
0,0.116511,0.016297,-4e-05,0.152537,0.032418,0.134689,0.002033,0.000284
0,0.037622,-0.092084,-0.084221,-0.089061,-0.075053,-0.044525,0.000657,0.001607
0,0.2126,0.066014,0.195554,0.130069,0.197234,0.081242,0.001907,0.001152
0,0.051202,0.039798,-0.159,-0.048856,-0.14606,-0.008136,0.000894,0.000695
0,0.150943,0.095317,0.109075,0.082984,0.06197,0.060211,0.002634,0.001664
0,0.162726,-0.092091,0.021374,-0.172596,0.010705,-0.143194,0.002777,0.001607
0,0.091762,-0.060324,-0.086097,0.054464,-0.115727,0.095075,0.001602,0.001053
0,0.005422,-0.038553,-0.111078,0.0231,-0.077276,0.02706,9.5e-05,0.000673
0,0.097647,-0.018357,0.118009,0.005825,0.121359,-0.020787,0.001704,0.00032
0,0.115857,0.107151,0.027257,0.107887,0.008668,0.099799,0.002022,0.00187
0,0.159132,-0.00575,0.032797,-0.137876,0.021778,-0.187491,0.002777,0.0001
0,0.054952,0.142687,-0.082739,0.139274,-0.104808,0.144582,0.000959,0.00249
0,0.079867,0.066979,-0.002558,-0.094368,0.007165,-0.070898,0.001394,0.001169
0,0.128516,0.038365,0.036791,-0.050827,0.05983,-0.072272,0.002243,0.00067
0,0.074255,-0.068279,-0.054168,-0.11498,-0.010271,-0.092729,0.001296,0.001192
0,-0.039005,-0.042215,-0.118577,0.027444,-0.1649,0.031276,0.000681,0.000737
0,0.141031,0.128917,0.173402,0.161024,0.171979,0.211001,0.002461,0.00225
0,0.116791,-0.005282,-0.029481,-0.138426,-0.037802,-0.127283,0.002038,9.2e-05
0,0.152828,-0.021017,0.006537,-0.023751,-0.009684,-0.062191,0.002667,0.000367
0,0.105301,0.192655,-0.064258,0.222181,-0.014799,0.263679,0.001838,0.002255
0,-0.010626,0.038793,-0.129928,-0.129493,-0.102609,-0.136996,0.000185,0.000677
0,0.001087,0.072513,0.018678,0.037625,0.00632,0.08038,1.9e-05,0.001266
0,0.055569,0.12311,0.070559,0.028357,0.102911,-0.011306,0.00097,0.002149
0,0.15474,0.008242,0.096614,-0.111378,0.080207,-0.109071,0.002701,0.000144
0,0.057444,0.106988,-0.126355,0.08182,-0.146943,0.068798,0.001003,0.001867
0,0.003738,-0.037054,-0.054627,-0.142989,-0.033206,-0.132624,6.5e-05,0.000647
0,-0.080542,0.204272,-0.072208,0.214883,-0.110977,0.219218,0.001406,0.002052
0,-0.152447,0.069564,-0.05414,-0.111318,-0.044419,-0.159792,0.002661,0.001214
0,0.004073,0.1617,0.131642,0.12207,0.176489,0.126695,7.1e-05,0.002795
0,-0.030714,0.138527,-0.036162,-0.043299,-0.014324,-0.057237,0.000536,0.002418
0,-0.09981,-0.001819,-0.082881,-0.138899,-0.065378,-0.125246,0.001742,3.2e-05
0,-0.035034,-0.015362,0.075941,-0.033775,0.118688,0.00078,0.000611,0.000268
0,-0.218688,-0.076624,-0.209225,-0.043782,-0.258576,-0.053122,0.001801,0.001337
0,-0.118693,-0.094791,0.107575,-0.023386,0.146382,-0.020542,0.002072,0.001654
0,-0.952172,0.333041,-0.852684,0.434685,-0.837581,0.424691,0.000234,0.000195
0,-0.982927,0.44836,-0.041519,0.107246,0.006081,0.071507,0.000303,0.002208
0,-1.198778,0.555408,-0.195168,0.119515,-0.194797,0.108036,0.001547,0.001541
0,-0.839911,0.613546,0.379428,0.083785,0.361029,0.077269,0.002193,0.000527
0,-0.837202,0.528345,-0.02701,-0.095525,-0.025049,-0.093137,0.002241,0.002014
0,-0.407793,0.298545,0.400034,-0.208155,0.4062,-0.172526,0.0015,0.000407
0,-0.385358,0.381513,0.022764,0.093153,0.059911,0.092798,0.001108,0.001041
0,-0.129227,0.047211,0.234597,-0.348845,0.205917,-0.303323,0.002255,0.000824
0,-0.263522,0.20541,-0.140225,0.157541,-0.092668,0.127918,0.001018,0.002032
0,0.022649,-0.036352,0.263839,-0.229989,0.251924,-0.218955,0.000395,0.000634
0,-0.150938,-0.044622,-0.162024,-0.035134,-0.156637,-0.017403,0.002634,0.000779
0,-0.046215,0.081685,0.079955,0.11273,0.128541,0.083886,0.000807,0.001426
0,0.027804,-0.03731,0.074794,-0.093865,0.078663,-0.137517,0.000485,0.000651
0,-0.092868,-0.057503,-0.097304,-0.043029,-0.075426,-0.051659,0.001621,0.001004
0,-0.136873,0.023881,-0.026895,0.098178,-0.063687,0.057766,0.002389,0.000417
0,-0.053278,-0.005482,0.06771,-0.007383,0.042329,0.03434,0.00093,9.6e-05
0,-0.002959,-0.081639,0.020614,-0.052596,0.014119,-0.096168,5.2e-05,0.001425
0,0.018949,-0.182098,0.006555,-0.120679,0.018841,-0.131874,0.000331,0.002439
0,-0.012174,-0.209569,-0.022074,-0.042902,-0.002523,-0.039476,0.000212,0.00196
0,-0.184292,-0.140333,-0.175876,0.047066,-0.143798,0.095497,0.002401,0.002449
0,-0.194118,-0.097058,-0.019363,0.025563,-0.026645,0.021178,0.00223,0.001694
0,-0.155557,0.0351,0.02657,0.103249,0.039375,0.093767,0.002715,0.000613
0,-0.191018,0.092151,-0.010493,0.066612,-0.047877,0.05867,0.002284,0.001608
0,-0.001015,0.069571,0.194908,-0.010983,0.224309,0.038139,1.8e-05,0.001214
0,0.019799,0.054996,0.026756,-0.039075,0.02341,-0.034657,0.000346,0.00096
0,-0.029579,0.032035,-0.041465,-0.04264,-0.058372,-0.058143,0.000516,0.000559
0,-0.065587,-0.101102,-0.009939,-0.130613,0.032782,-0.13847,0.001145,0.001765
0,-0.108495,0.011484,-0.038116,0.140879,-0.082476,0.190583,0.001894,0.0002
0,-0.014176,0.024721,0.069913,0.043235,0.020737,0.071727,0.000247,0.000431
0,0.0298,-0.118529,0.065298,-0.169336,0.107917,-0.164197,0.00052,0.002069
0,0.070975,-0.041994,0.046901,0.099707,-0.001546,0.106894,0.001239,0.000733
0,-0.145481,0.059533,-0.227181,0.100507,-0.210968,0.115292,0.002539,0.001039
0,-0.149846,-0.178414,-0.012547,-0.256872,-0.006956,-0.245102,0.002615,0.002504
0,0.031474,-0.044379,0.181647,0.154113,0.201643,0.120192,0.000549,0.000775
0,0.014309,-0.145819,0.006611,-0.089157,0.027438,-0.093973,0.00025,0.002545
0,-0.004959,-0.097876,-0.035802,0.028935,-0.074717,-0.002042,8.7e-05,0.001708
0,0.109532,0.101363,0.109483,0.203471,0.094205,0.219005,0.001912,0.001769
0,-0.042561,0.033709,-0.132166,-0.046498,-0.136194,-0.04598,0.000743,0.000588
0,-0.223209,0.037475,-0.162608,-0.000783,-0.194998,0.03075,0.001722,0.000654
0,0.046005,0.009402,0.239802,-0.045878,0.287243,0.000859,0.000803,0.000164
0,-0.255096,-0.047979,-0.298987,-0.03262,-0.344248,-0.081902,0.001165,0.000837
0,-0.244136,0.100524,0.018155,0.144917,0.016879,0.185236,0.001357,0.001754
0,-0.130675,0.013323,0.116208,-0.088523,0.125907,-0.135654,0.002281,0.000233
0,0.02262,-0.133515,0.12583,-0.128017,0.161562,-0.109007,0.000395,0.00233
0,-0.042202,0.1495,-0.05936,0.299763,-0.018595,0.254771,0.000737,0.002609
0,0.003263,-0.080506,0.060384,-0.244041,0.08622,-0.243032,5.7e-05,0.001405
0,-0.101503,0.157586,-0.10873,0.210148,-0.135787,0.247374,0.001772,0.00275
0,0.075458,0.022731,0.184755,-0.144807,0.160719,-0.112077,0.001317,0.000397
0,-0.036991,0.189267,-0.126343,0.145618,-0.11528,0.166176,0.000646,0.002314
0,0.053857,0.204358,0.068061,0.031879,0.023729,-0.007445,0.00094,0.002051
0,0.084887,-0.065874,0.019231,-0.270552,-0.026811,-0.292352,0.001482,0.00115
0,-0.115701,0.164677,-0.206525,0.208746,-0.215165,0.251011,0.002019,0.002743
0,-0.046025,0.083652,0.084383,-0.063956,0.108723,-0.035864,0.000803,0.00146
0,-0.066408,0.219022,-0.049024,0.121035,-0.059594,0.163109,0.001159,0.001795
0,-0.140074,-0.034618,-0.064173,-0.248307,-0.094725,-0.221287,0.002445,0.000604
0,-0.023708,0.121783,0.133906,0.139656,0.176166,0.17504,0.000414,0.002126
0,0.126113,0.059753,0.158074,-0.05608,0.108942,-0.08624,0.002201,0.001043
0,0.023377,0.131882,-0.082619,0.09142,-0.078288,0.105595,0.000408,0.002302
0,0.098421,0.114773,0.072968,-0.02857,0.074264,-0.068025,0.001718,0.002003
0,-0.000903,0.105957,-0.106024,0.00719,-0.086453,0.050611,1.6e-05,0.001849
0,0.025252,0.162119,0.039678,0.028919,0.006181,0.04208,0.000441,0.002788
0,-0.073268,0.140165,-0.073675,-0.001305,-0.077783,0.014102,0.001279,0.002446
0,-0.008792,0.124741,0.064241,-0.013588,0.07026,-0.059184,0.000153,0.002177
0,0.103548,-0.106891,0.093267,-0.23962,0.067101,-0.279575,0.001807,0.001866
0,0.008647,0.147348,-0.082571,0.277227,-0.110179,0.281536,0.000151,0.002572
0,0.002288,-0.081218,-0.029552,-0.237418,-0.010537,-0.223873,4e-05,0.001418
0,0.063585,0.013122,0.050338,0.078699,0.01552,0.126302,0.00111,0.000229
0,0.08441,0.024191,0.020478,0.00067,0.069708,0.000516,0.001473,0.000422
0,0.068556,-0.055029,-0.006587,-0.071325,-0.022789,-0.075183,0.001197,0.00096
0,-0.149549,0.034931,-0.190587,0.08108,-0.172827,0.068556,0.00261,0.00061
0,0.079218,-0.093702,0.255023,-0.12686,0.216701,-0.149694,0.001383,0.001635
0,-0.070434,-0.072985,-0.159199,0.050071,-0.113761,0.050058,0.001229,0.001274
0,-0.148223,-0.066418,-0.076943,0.017418,-0.100868,-0.011661,0.002587,0.001159
0,0.006468,0.04033,0.154761,0.115077,0.189918,0.118532,0.000113,0.000704
0,-0.127944,0.058642,-0.1515,0.035364,-0.180663,0.065519,0.002233,0.001023
0,-0.147652,-0.159798,0.005071,-0.235753,-0.011405,-0.196242,0.002577,0.002789
0,-0.22741,0.007538,-0.073675,0.148078,-0.074625,0.198064,0.001648,0.000132
0,-0.118551,-0.138074,0.113763,-0.122094,0.071249,-0.147493,0.002069,0.00241
0,-0.00592,-0.063733,0.094413,0.100328,0.052408,0.055822,0.000103,0.001112
0,-0.017077,-0.038312,-0.015105,0.019885,0.025344,0.029946,0.000298,0.000669
0,-0.188328,-0.051406,-0.175995,-0.041579,-0.150745,-0.041961,0.002331,0.000897
0,-0.137189,0.169991,0.057477,0.249818,0.037816,0.255365,0.002394,0.002651
0,-0.064071,0.109312,0.099155,-0.047357,0.086033,-0.007299,0.001118,0.001908
0,-0.154444,-0.1052,-0.098655,-0.217535,-0.064595,-0.168767,0.002696,0.001836
0,-0.184768,0.129557,-0.023977,0.210914,-0.030307,0.210928,0.002393,0.002261
0,-0.286453,-0.022174,-0.094965,-0.124361,-0.11867,-0.087388,0.000618,0.000387
0,-0.248626,-0.046457,0.065621,-0.035719,0.016511,-0.043686,0.001278,0.000811
0,0.007116,0.013934,0.232751,0.047359,0.250728,0.009918,0.000124,0.000243
0,-0.165536,0.110813,-0.146374,0.117001,-0.144467,0.159126,0.002728,0.001934
0,-0.228565,-0.004847,-0.046787,-0.117392,-0.044478,-0.151084,0.001628,8.5e-05
0,-0.149852,-0.071381,0.07285,-0.045159,0.035506,0.001262,0.002615,0.001246
0,-0.13345,-0.118553,-0.008357,-0.037752,-0.056553,0.00252,0.002329,0.002069
0,-0.266283,-0.081638,-0.135983,0.060018,-0.178227,0.090767,0.00097,0.001425
0,-0.201336,0.110963,0.05911,0.163411,0.093806,0.138205,0.002104,0.001937
0,-0.168268,0.046453,0.05851,-0.090666,0.033619,-0.13791,0.002681,0.000811
0,-0.110371,-0.043393,0.030535,-0.115873,-0.011966,-0.096405,0.001926,0.000757
0,-0.07222,-0.014566,0.010213,0.0137,0.003156,0.034094,0.00126,0.000254
0,0.01627,0.017185,0.071226,0.032934,0.039907,0.064224,0.000284,0.0003
0,-0.201106,-0.122091,-0.209295,-0.14477,-0.17115,-0.102635,0.002108,0.002131
0,-0.160387,-0.187073,0.053008,-0.082292,0.003773,-0.066046,0.002799,0.002352
0,0.248473,0.703289,0.390995,0.886996,0.343608,0.881718,0.001281,0.00104
0,0.855807,0.933518,0.598275,0.212313,0.62296,0.214693,0.001916,0.00056
0,1.088426,1.049178,0.238964,0.093702,0.198881,0.096888,0.002144,0.001459
0,1.139493,1.142921,0.058258,0.10193,0.073037,0.09462,0.002582,0.002522
0,0.993242,1.126193,-0.125182,0.011031,-0.144622,-0.022935,0.000483,0.002803
0,0.683647,0.93659,-0.28534,-0.213406,-0.262897,-0.228111,0.000697,0.000506
0,0.483207,0.645743,-0.194693,-0.285831,-0.177617,-0.246692,0.002801,3.5e-05
0,0.640455,0.369239,0.150902,-0.266714,0.102245,-0.227131,5.7e-05,0.000827
0,0.353494,0.368638,-0.257144,-0.028956,-0.24628,0.011879,0.000552,0.000816
0,0.191873,0.173446,-0.181438,-0.218024,-0.225546,-0.175046,0.002269,0.00259
0,0.207798,0.097543,-0.011838,-0.052905,-0.054303,-0.065531,0.001991,0.001702
0,-0.037881,-0.133646,-0.245756,-0.25056,-0.235278,-0.275167,0.000661,0.002333
0,-0.209441,-0.082917,-0.156224,0.035312,-0.149752,0.071631,0.001962,0.001447
0,-0.215325,-0.11154,-0.034157,-0.006486,-0.034819,0.026752,0.001859,0.001947
0,-0.224584,-0.079197,-0.018467,0.060699,0.026392,0.056616,0.001698,0.001382
0,-0.121527,-0.132792,0.119095,-0.074462,0.105263,-0.062389,0.002121,0.002318
0,0.019059,-0.24331,0.164909,-0.08804,0.147905,-0.038986,0.000333,0.001371
0,-0.212016,-0.091687,-0.226108,0.142194,-0.242641,0.183859,0.001917,0.0016
0,-0.086048,-0.152816,0.153441,-0.086235,0.16437,-0.067949,0.001502,0.002667
0,-0.158082,0.062423,-0.05938,0.192483,-0.014194,0.172571,0.002759,0.001089
0,-0.044599,-0.047498,0.13309,-0.136112,0.129854,-0.11165,0.000778,0.000829
0,-0.091647,-0.121368,-0.04382,-0.100443,-0.058626,-0.059048,0.0016,0.002118
0,-0.034991,-0.06808,0.03546,0.036104,0.014527,0.018647,0.000611,0.001188
0,-0.027774,-0.115941,-0.012259,-0.042594,-0.047471,-0.039731,0.000485,0.002024
0,-0.088041,-0.188598,-0.066894,-0.072408,-0.115199,-0.061116,0.001537,0.002326
0,-0.111538,-0.070063,-0.027541,0.12968,-0.058195,0.159167,0.001947,0.001223
0,0.028003,-0.183244,0.15098,-0.126836,0.161748,-0.13558,0.000489,0.002419
0,0.034802,0.009987,0.034567,0.172068,0.04743,0.170965,0.000607,0.000174
0,0.146445,0.037541,0.128493,0.019635,0.112073,0.043685,0.002556,0.000655
0,0.070465,0.19226,-0.047904,0.141327,-0.038219,0.113077,0.00123,0.002262
0,0.151571,0.18348,0.072943,-0.036791,0.041242,-0.076668,0.002645,0.002415
0,-0.058144,-0.048205,-0.228537,-0.21899,-0.182819,-0.240323,0.001015,0.000841
0,-0.115648,0.046943,-0.062929,0.071471,-0.110075,0.032248,0.002018,0.000819
0,-0.055505,0.059408,0.03332,0.001568,0.010419,0.051163,0.000969,0.001037
0,0.089897,-0.10045,0.123076,-0.180685,0.122113,-0.205922,0.001569,0.001753
0,0.097518,0.094272,0.001172,0.199965,0.026463,0.228704,0.001702,0.001645
0,-0.06354,-0.139346,-0.14602,-0.228923,-0.17377,-0.240933,0.001109,0.002432
0,0.027012,0.069353,0.076026,0.193926,0.054125,0.220306,0.000471,0.00121
0,0.099397,0.076825,0.080713,0.012641,0.12087,-0.018239,0.001735,0.001341
0,-1.07206,-1.128133,-1.199217,-1.212324,-1.206079,-1.225527,0.001858,0.00278
0,-2.198038,-1.458682,-1.099329,-0.343585,-1.057816,-0.309827,0.00096,0.002629
0,-3.040955,-1.768427,-0.813519,-0.31006,-0.770527,-0.325946,0.002517,0.002777
0,-2.995883,-1.67126,0.044675,0.125798,0.094276,0.10081,0.00173,0.001081
0,-3.229184,-1.642948,-0.236633,0.008701,-0.238375,0.022559,0.000185,0.000587
0,-2.926574,-1.118574,0.331164,0.506358,0.301741,0.523506,0.000521,0.00267
0,-2.107804,-0.842978,0.821366,0.289269,0.856148,0.293946,0.002534,0.00214
0,-1.357405,-0.600867,0.725164,0.241658,0.695627,0.235102,0.001221,0.000748
0,-0.73159,-0.32331,0.646157,0.2756,0.678293,0.290261,0.001534,2.5e-05
0,-0.503797,-0.245051,0.200147,0.080624,0.242697,0.067249,0.002442,0.001341
0,-0.391862,-0.043991,0.083061,0.229099,0.077605,0.242448,0.001222,0.000768
0,-0.093595,-0.009665,0.283301,0.02377,0.276509,0.009592,0.001634,0.000169
0,1.810698,-0.329106,1.91598,-0.301294,1.889235,-0.339266,0.002102,0.000126
0,2.691592,-0.317772,0.88037,0.018258,0.89219,0.055718,0.002037,7.1e-05
0,3.17133,-0.485394,0.465521,-0.185278,0.446416,-0.189509,0.000825,0.002763
0,3.002053,-0.462127,-0.161626,0.016128,-0.123867,0.019859,0.001838,0.002448
0,2.693604,-0.176596,-0.297412,0.302347,-0.289107,0.332824,0.002072,0.002535
0,2.906341,-0.169279,0.206122,-0.001463,0.246056,-0.013809,0.000168,0.002663
0,2.12635,-0.050239,-0.809264,0.120421,-0.807384,0.085386,0.002211,0.000877
0,1.847034,-0.118256,-0.270619,-0.064051,-0.300799,-0.057969,0.001468,0.002064
0,1.278216,-0.082785,-0.552061,0.039579,-0.516123,0.055575,0.000161,0.001445
0,0.84148,-0.213487,-0.4223,-0.121263,-0.468119,-0.157066,0.002166,0.001891
0,0.499751,-0.008981,-0.345202,0.17879,-0.377705,0.134517,0.002513,0.000157
0,-0.120065,-0.057479,-0.617212,-0.043505,-0.63702,-0.019454,0.002096,0.001003
0,0.161349,-0.049799,0.27218,0.021401,0.296462,0.057675,0.002801,0.000869
0,-0.044253,-0.102297,-0.2292,-0.028332,-0.180533,-0.03412,0.000772,0.001785
0,-0.050426,-0.031045,0.011377,0.055043,-0.029662,0.084535,0.00088,0.000542
0,-0.069538,0.057435,0.007867,0.102653,0.04701,0.103099,0.001214,0.001002
0,-0.094357,0.150857,-0.017122,0.12261,-0.058827,0.145268,0.001647,0.002633
0,0.022812,-0.052525,0.104161,-0.198956,0.092117,-0.201175,0.000398,0.000917
0,-0.095641,0.083477,-0.098024,0.158614,-0.083621,0.14166,0.001669,0.001457
0,-0.137815,0.039699,-0.033455,-0.063468,-0.014032,-0.039708,0.002405,0.000693
0,-0.04231,0.135697,0.068624,0.113093,0.073857,0.11703,0.000738,0.002368
0,-0.146318,-0.037632,-0.109624,-0.168438,-0.15563,-0.152903,0.002554,0.000657
0,-0.235554,-0.059399,-0.106355,-0.044304,-0.10082,-0.010841,0.001506,0.001037
0,-0.232074,0.123511,0.027771,0.180603,-0.00046,0.179196,0.001567,0.002156
0,-0.024183,-0.137246,0.20196,-0.236541,0.183695,-0.215672,0.000422,0.002395
0,-0.168927,-0.100778,-0.171526,0.066386,-0.188469,0.024012,0.002669,0.001759
0,0.008599,-0.026168,0.192596,0.082123,0.147016,0.052192,0.00015,0.000457
0,-0.007495,-0.123353,-0.004168,-0.104415,0.017085,-0.06053,0.000131,0.002153
0,-0.001636,-0.043735,0.006252,0.064926,-0.008069,0.03121,2.9e-05,0.000763
0,-0.016506,-0.102339,-0.001691,-0.057189,0.02793,-0.100166,0.000288,0.001786
0,-0.141135,-0.104191,-0.104456,-0.023047,-0.103914,0.000893,0.002463,0.001818
0,0.03358,0.042006,0.166893,0.172183,0.200204,0.1882,0.000586,0.000733
0,-0.02973,0.125372,-0.072745,0.072,-0.113431,0.084296,0.000519,0.002188
0,-0.191154,-0.057547,-0.188277,-0.167722,-0.221345,-0.196398,0.002281,0.001004
0,-0.146483,0.04666,0.035588,0.128755,0.06511,0.140291,0.002557,0.000814
0,-0.040417,-0.093789,0.092971,-0.129821,0.107892,-0.11831,0.000705,0.001637
0,-0.166842,-0.206061,-0.1196,-0.089462,-0.107421,-0.125065,0.002706,0.002021
0,-0.231201,-0.04451,-0.090745,0.178964,-0.093765,0.172744,0.001582,0.000777
0,-0.275997,0.058545,-0.057026,0.102963,-0.030709,0.141833,0.0008,0.001022
0,0.036109,0.014032,0.319501,-0.033643,0.314989,0.007033,0.00063,0.000245
0,-0.144625,-0.012929,-0.164856,-0.033607,-0.12956,-0.000187,0.002524,0.000226
0,0.003055,-0.051037,0.160773,-0.065032,0.128151,-0.048592,5.3e-05,0.000891
0,-0.086707,-0.14561,-0.092984,-0.067893,-0.131402,-0.021167,0.001513,0.002541
0,0.024514,-0.055163,0.120546,0.107941,0.091735,0.139967,0.000428,0.000963
0,-0.001854,-0.018588,0.000243,0.044334,0.03335,0.035208,3.2e-05,0.000324
0,-0.039339,0.060551,-0.056234,0.083278,-0.102414,0.079248,0.000687,0.001057
0,-0.130793,0.089049,-0.107612,0.042422,-0.076631,0.060052,0.002283,0.001554
0,0.08139,0.124565,0.212972,0.04761,0.183863,0.009161,0.001421,0.002174
0,-0.009914,0.042053,-0.113407,-0.078846,-0.15569,-0.046236,0.000173,0.000734
0,0.07361,0.090818,0.096828,0.042302,0.066345,0.033475,0.001285,0.001585
0,-0.004031,0.10392,-0.050009,0.005328,-0.068886,-0.021752,7e-05,0.001814
0,-0.15218,0.127314,-0.176442,0.049101,-0.206081,0.010755,0.002656,0.002222
0,-0.050835,0.099304,0.093079,-0.004365,0.051453,-0.013532,0.000887,0.001733
0,0.104036,0.002268,0.144842,-0.108063,0.120235,-0.127571,0.001816,4e-05
0,-0.068241,-0.01241,-0.191506,-0.012057,-0.147584,0.030086,0.001191,0.000217
0,-0.039782,-0.133226,0.012308,-0.148086,0.00981,-0.118089,0.000694,0.002325
0,-0.030407,0.076005,0.029211,0.180584,0.010333,0.222727,0.000531,0.001327
0,-0.034627,-0.074038,-0.026394,-0.158781,0.004017,-0.137054,0.000604,0.001292
0,0.065731,0.132132,0.086848,0.200664,0.074178,0.224598,0.001147,0.002306
0,-0.096296,-0.16405,-0.17728,-0.298437,-0.204618,-0.317282,0.001681,0.002754
0,-0.07716,0.128835,0.048853,0.273128,0.046674,0.279278,0.001347,0.002249
0,-0.080839,0.137375,-0.017522,0.021939,-0.060995,0.051264,0.001411,0.002398
0,-0.101605,0.08157,-0.005885,-0.055443,0.04252,-0.056284,0.001773,0.001424
0,-0.057835,-0.003713,0.025694,-0.067314,-0.019998,-0.049959,0.001009,6.5e-05
0,0.163696,0.066662,0.206861,0.089908,0.242559,0.116299,0.00276,0.001163
0,0.090852,-0.076976,-0.06261,-0.129067,-0.026533,-0.157312,0.001586,0.001343
0,-0.024676,-0.145952,-0.138554,-0.075389,-0.108109,-0.032325,0.000431,0.002547
0,-0.065556,-0.102889,-0.028086,0.020009,-0.050942,0.058318,0.001144,0.001796
0,-0.017058,0.169096,0.057215,0.251434,0.090874,0.247724,0.000298,0.002666
0,-0.012793,0.134802,-0.025635,-0.005916,-0.015132,0.012699,0.000223,0.002353
0,-0.022025,0.147401,-0.005426,0.040285,-0.00561,0.06142,0.000384,0.002573
0,0.028796,0.042317,0.035786,-0.130075,0.060991,-0.112113,0.000503,0.000739
0,0.048836,0.005937,-0.004692,-0.055616,0.035101,-0.030719,0.000852,0.000104
0,0.096895,0.165737,0.03704,0.159313,0.070591,0.148447,0.001691,0.002725
0,0.09452,-0.101404,-0.015146,-0.239295,0.030604,-0.259349,0.00165,0.00177
0,0.138444,-0.114286,0.026823,-0.040241,-0.005654,-0.063344,0.002416,0.001995
0,0.027615,0.183252,-0.118056,0.276463,-0.115623,0.304892,0.000482,0.002419
0,0.072991,0.138246,0.063092,-0.031517,0.053887,0.014153,0.001274,0.002413
0,0.072222,-0.004704,0.026059,-0.136944,0.063659,-0.184227,0.001261,8.2e-05
0,0.078075,0.109231,0.002946,0.120191,0.021836,0.078252,0.001363,0.001906
0,-0.174313,0.068862,-0.261374,-0.042493,-0.290345,-0.005682,0.002575,0.001202
0,0.045546,0.001768,0.206173,-0.047269,0.241347,0.001883,0.000795,3.1e-05
0,-0.037817,-0.018086,-0.102048,0.008147,-0.052933,0.035291,0.00066,0.000316
0,-0.097064,0.134638,-0.06605,0.126162,-0.061924,0.084132,0.001694,0.00235
0,-0.046683,0.150212,0.059381,0.012959,0.105469,0.04796,0.000815,0.002622
0,-0.063558,-0.121188,-0.044762,-0.296136,-0.032137,-0.316734,0.001109,0.002115
0,0.023049,-0.162796,0.058367,-0.024601,0.028434,0.025227,0.000402,0.002776
0,-0.104959,0.098816,-0.117454,0.287699,-0.142513,0.277463,0.001832,0.001725
0,0.028597,-0.17665,0.125684,-0.257491,0.135383,-0.265142,0.000499,0.002534
0,0.170634,0.045867,0.112242,0.195218,0.095551,0.235841,0.002639,0.000801
0,0.180306,0.072922,0.002339,0.011851,0.01327,-0.028778,0.002471,0.001273
0,0.238483,-0.032955,0.07317,-0.117844,0.110182,-0.092258,0.001455,0.000575
0,0.206985,-0.175462,-0.038369,-0.141532,-0.057562,-0.150646,0.002005,0.002555
0,0.174792,-0.126488,-0.054735,0.035456,-0.042015,0.080409,0.002567,0.002208
0,0.136888,0.025306,-0.055675,0.157984,-0.027911,0.150711,0.002389,0.000442
0,0.018885,-0.24297,-0.140042,-0.287414,-0.165248,-0.280664,0.00033,0.001377
0,-0.108314,0.043863,-0.14869,0.303725,-0.189243,0.307437,0.00189,0.000766
0,-0.085888,-0.219115,0.01114,-0.2624,0.052189,-0.257862,0.001499,0.001793
0,0.087116,-0.09759,0.149705,0.114404,0.146101,0.078807,0.00152,0.001703
0,-0.17197,-0.055064,-0.231412,0.035477,-0.271391,0.00224,0.002616,0.000961
0,-0.005915,0.106641,0.155797,0.173394,0.121091,0.193519,0.000103,0.001861
0,-6.4e-05,0.068908,0.001931,-0.013003,-0.005084,-0.051468,1e-06,0.001203
0,-0.204032,-0.073942,-0.213841,-0.139576,-0.179126,-0.137254,0.002056,0.001291
0,-0.017913,-0.021264,0.205176,0.03794,0.24077,0.080673,0.000313,0.000371
0,0.109482,-0.071383,0.139907,-0.077441,0.123694,-0.075259,0.001911,0.001246
0,0.049577,-0.095118,-0.056633,-0.04409,-0.076754,-0.058581,0.000865,0.00166
0,-0.01855,-0.107991,-0.048503,-0.015677,-0.018516,-0.044428,0.000324,0.001885
0,-0.043179,-0.086033,-0.035272,0.0342,-0.021184,-0.005501,0.000754,0.001502
0,-0.08754,-0.07191,-0.072054,0.028572,-0.037063,0.070418,0.001528,0.001255
0,0.148129,0.013799,0.20707,0.073673,0.202334,0.09611,0.002585,0.000241
0,-0.021756,-0.164274,-0.19764,-0.168004,-0.23592,-0.185976,0.00038,0.00275
0,0.036087,-0.084943,0.055144,0.054027,0.097014,0.090442,0.00063,0.001483
0,0.127138,0.005614,0.102494,0.117421,0.07303,0.081047,0.002219,9.8e-05
0,0.193608,-0.103052,0.038398,-0.097999,0.062558,-0.10947,0.002238,0.001799
0,-0.113372,0.056472,-0.291549,0.135349,-0.314749,0.113759,0.001979,0.000986
0,0.312398,0.141202,0.431189,0.062948,0.382899,0.068196,0.000165,0.002464
0,0.269741,0.333729,-0.018117,0.168361,0.019342,0.133643,0.00091,0.000207
0,0.496717,0.23249,0.214935,-0.084111,0.243875,-0.116422,0.002566,0.00156
0,0.567647,0.388173,0.099022,0.162891,0.089041,0.114417,0.001328,0.001157
0,0.653475,0.158403,0.070034,-0.230344,0.027908,-0.268229,0.00017,0.002765
0,0.758431,0.312945,0.101288,0.170436,0.126446,0.199229,0.002002,0.000156
0,0.557591,0.182057,-0.184954,-0.160822,-0.158272,-0.206791,0.001503,0.00244
0,0.338822,0.132346,-0.246418,-0.051547,-0.224806,-0.059156,0.000296,0.00231
0,0.344035,-0.007402,0.02791,-0.156815,0.019729,-0.126013,0.000387,0.000129
0,0.156932,0.215701,-0.205101,0.227807,-0.217585,0.241733,0.002739,0.001853
0,0.001727,0.073203,-0.171405,-0.121694,-0.147462,-0.171464,3e-05,0.001278
0,0.019032,0.033297,0.036096,-0.052071,0.00114,-0.006438,0.000332,0.000581
0,0.08052,0.1289,0.088358,0.088315,0.121779,0.130635,0.001405,0.00225
0,-0.010051,0.097512,-0.079002,-0.035481,-0.093613,0.007809,0.000175,0.001702
0,-0.083415,0.093763,-0.049251,-0.023788,-0.013162,-0.030661,0.001456,0.001636
0,-0.042079,-0.13144,0.045715,-0.214076,0.09,-0.210217,0.000734,0.002294
0,0.028048,0.05947,0.081195,0.169091,0.093904,0.217637,0.00049,0.001038
0,0.086171,0.019519,0.083879,-0.051614,0.041883,-0.093713,0.001504,0.000341
0,-0.067192,-0.199178,-0.163881,-0.24285,-0.141776,-0.280107,0.001173,0.002141
0,0.056392,-0.134425,0.117861,0.078846,0.108743,0.114384,0.000984,0.002346
0,0.089921,-0.017389,0.016186,0.099228,-0.022399,0.096152,0.001569,0.000303
0,-0.165049,-0.085795,-0.281188,-0.081503,-0.287249,-0.095797,0.002737,0.001497
0,-0.016267,0.0789,0.149567,0.149282,0.145189,0.120798,0.000284,0.001377
0,0.160092,0.062214,0.163634,-0.010625,0.149772,0.010273,0.002794,0.001086
0,0.179524,-0.120956,0.035313,-0.210437,0.064026,-0.203269,0.002484,0.002111
0,0.032501,-0.113844,-0.14209,0.021082,-0.124235,0.039895,0.000567,0.001987
0,-0.105962,-0.040104,-0.165347,0.059648,-0.21149,0.050771,0.001849,0.0007
0,-0.106984,0.026968,0.027587,0.068466,0.034406,0.02262,0.001867,0.000471
0,-0.110628,0.137486,-0.017953,0.104059,-0.053761,0.09053,0.001931,0.0024
0,-0.124481,0.07534,0.001699,-0.071282,0.047688,-0.078535,0.002173,0.001315
0,-0.089574,0.186038,0.039738,0.105057,0.05395,0.124082,0.001563,0.002371
0,0.019934,-0.083252,0.125257,-0.276551,0.146047,-0.325898,0.000348,0.001453
0,-0.110384,0.20073,-0.144417,0.271282,-0.160533,0.289596,0.001927,0.002114
0,-0.02949,0.106769,0.096775,-0.090924,0.047296,-0.106633,0.000515,0.001863
0,0.040286,-0.059201,0.096698,-0.147185,0.060085,-0.1537,0.000703,0.001033
0,0.008254,0.143871,-0.015458,0.22635,-0.042291,0.239628,0.000144,0.002511
0,-0.255053,0.12473,-0.243536,-0.009119,-0.231316,-0.01045,0.001166,0.002177
0,-0.061231,-0.108505,0.221267,-0.250873,0.174757,-0.28571,0.001069,0.001894
0,-0.037937,0.111136,0.009056,0.216489,0.009392,0.244405,0.000662,0.00194
0,-0.145355,0.091719,-0.107784,-0.011418,-0.080417,0.017284,0.002537,0.001601
0,-0.280265,0.145018,-0.15899,0.029698,-0.179281,0.02906,0.000726,0.002531
0,-0.087974,0.028871,0.189801,-0.124922,0.152993,-0.162738,0.001535,0.000504
0,-0.229327,-0.046077,-0.146335,-0.101575,-0.195411,-0.144463,0.001615,0.000804
0,-0.180344,-0.097234,0.026219,-0.046481,0.004033,-0.045214,0.00247,0.001697
0,-0.055377,-0.016916,0.139702,0.050965,0.106677,0.091687,0.000967,0.000295
0,-0.245596,-0.062689,-0.176199,-0.050246,-0.204996,-0.080598,0.001331,0.001094
0,-0.248754,0.004915,-0.000215,0.065264,-0.043422,0.080924,0.001276,8.6e-05
0,-0.218872,0.046287,0.000351,0.02769,0.017613,0.003869,0.001797,0.000808
0,-0.148855,-0.063949,0.046476,-0.088478,0.07865,-0.125725,0.002598,0.001116
0,-0.07593,-0.035596,0.099072,0.021315,0.115277,0.001113,0.001325,0.000621
0,0.073467,0.161955,0.172608,0.203093,0.164883,0.244131,0.001282,0.002791
0,-0.118324,-0.130841,-0.208702,-0.306199,-0.198607,-0.326144,0.002065,0.002284
0,0.009067,0.004546,0.14552,0.155364,0.176375,0.154646,0.000158,7.9e-05
0,-0.044592,0.145738,-0.051922,0.150153,-0.082424,0.162054,0.000778,0.002544
0,0.025946,-0.021951,0.062852,-0.174201,0.102468,-0.160942,0.000453,0.000383
0,-0.13324,0.016048,-0.134772,0.039076,-0.09329,0.067338,0.002325,0.00028
0,-0.089679,0.142255,0.015215,0.134476,-0.009759,0.08922,0.001565,0.002483
0,0.125874,-0.079958,0.238316,-0.207144,0.225508,-0.184239,0.002197,0.001396
0,-0.040286,-0.082595,-0.141732,-0.003746,-0.148021,0.01115,0.000703,0.001442
0,0.075263,-0.076138,0.092449,0.004285,0.058315,-0.007557,0.001314,0.001329
0,-0.008963,-0.11242,-0.113539,-0.065502,-0.148981,-0.053154,0.000156,0.001962
0,-0.16557,0.055909,-0.17843,0.14614,-0.220867,0.164189,0.002728,0.000976
0,-0.02619,0.120125,0.138356,0.051885,0.112292,0.055669,0.000457,0.002097
0,-0.098995,-0.131945,-0.077123,-0.237683,-0.065213,-0.243123,0.001728,0.002303
0,0.058867,-0.12269,0.160192,0.007457,0.206458,-0.002146,0.001027,0.002141
0,-0.171878,-0.074915,-0.206026,0.077241,-0.184561,0.068531,0.002618,0.001308
0,-0.012332,-0.094096,0.135817,-0.002237,0.185306,0.040914,0.000215,0.001642
0,-0.198264,-0.027876,-0.162359,0.044908,-0.138561,0.021724,0.002157,0.000487
0,-0.050394,-0.096809,0.123054,-0.098469,0.104552,-0.120231,0.00088,0.00169
0,0.025473,0.153724,0.064064,0.27796,0.042206,0.280287,0.000445,0.002683
0,-0.029314,0.091496,-0.043391,-0.060451,-0.062676,-0.012321,0.000512,0.001597
0,-0.045204,0.00065,-0.028339,-0.091481,-0.032325,-0.082835,0.000789,1.1e-05
0,-0.096431,-0.180965,-0.053708,-0.19162,-0.076706,-0.146876,0.001683,0.002459
0,-0.062529,0.005227,0.020107,0.161425,0.004576,0.129441,0.001091,9.1e-05
0,-0.10773,0.093061,-0.021438,0.094807,-0.067382,0.073521,0.00188,0.001624
0,0.040306,-0.041975,0.148924,-0.143746,0.157924,-0.128527,0.000703,0.000733
0,0.087841,0.001366,0.072358,0.048509,0.098524,0.019261,0.001533,2.4e-05
0,-0.00982,-0.124337,-0.120794,-0.1435,-0.15675,-0.104389,0.000171,0.00217
0,0.25042,-0.088035,0.277348,0.049745,0.28775,0.096585,0.001247,0.001536
0,0.291267,-0.073248,0.029623,-0.002912,-0.016293,-0.044912,0.000534,0.001278
0,0.124155,0.149182,-0.163269,0.203685,-0.197974,0.166317,0.002167,0.002604
0,0.113713,0.14818,-0.007678,0.007165,-0.028497,-0.039296,0.001985,0.002586
0,-0.053125,0.165823,-0.150366,0.016168,-0.128672,-0.029696,0.000927,0.002723
0,0.128092,0.093252,0.199005,-0.06868,0.168438,-0.061494,0.002236,0.001628
0,0.120069,0.016478,0.015118,-0.071934,0.025333,-0.023202,0.002096,0.000288
0,0.205001,0.005679,0.063853,-0.035102,0.050358,0.00183,0.00204,9.9e-05
0,0.172558,0.105548,-0.027853,0.12002,-0.0524,0.101515,0.002606,0.001842
0,0.023365,0.007769,-0.151935,-0.11429,-0.110051,-0.121486,0.000408,0.000136
0,0.007696,0.160107,-0.031925,0.155338,-0.065841,0.122323,0.000134,0.002794
0,0.15311,0.165339,0.170513,-0.01352,0.141853,-0.020271,0.002672,0.002732
0,0.177283,0.119063,0.00596,-0.0193,0.051439,-0.065718,0.002523,0.002078
0,0.292488,0.216312,0.117314,0.100565,0.141814,0.068223,0.000513,0.001842
0,0.163011,0.026023,-0.137825,-0.208765,-0.180555,-0.245035,0.002772,0.000454
0,0.242835,-0.029457,0.105602,-0.06534,0.147271,-0.06294,0.001379,0.000514
0,0.309545,0.027578,0.061731,0.038096,0.011777,0.037405,0.000215,0.000481
0,0.204105,0.095858,-0.082626,0.064275,-0.042044,0.074174,0.002055,0.001673
0,0.306678,-0.090657,0.121613,-0.198201,0.087076,-0.173515,0.000265,0.001582
0,0.166655,0.054944,-0.120701,0.135968,-0.123574,0.099078,0.002709,0.000959
0,0.129996,-0.095767,-0.024113,-0.133462,-0.016731,-0.111101,0.002269,0.001671
0,0.085726,-0.088634,-0.048603,0.026884,-0.024244,-0.019126,0.001496,0.001547
0,0.091184,-0.015844,-0.01937,0.062602,-0.017494,0.068596,0.001591,0.000277
0,0.140565,-0.025181,0.054753,-0.023619,0.065056,-0.024468,0.002453,0.000439
0,0.014955,-0.118165,-0.10049,-0.10023,-0.074212,-0.11198,0.000261,0.002062
0,0.102291,0.029371,0.06923,0.118879,0.050704,0.108033,0.001785,0.000513
0,0.172009,0.089993,0.047239,0.056223,0.060367,0.074451,0.002615,0.001571
0,0.261809,-0.12786,0.109387,-0.242139,0.077018,-0.283351,0.001048,0.002232
0,0.064385,0.116563,-0.208105,0.227458,-0.250206,0.25611,0.001124,0.002034
0,0.071157,0.089329,0.012042,-0.00617,-0.020038,-0.044253,0.001242,0.001559
0,0.297995,-0.118553,0.238234,-0.20679,0.257536,-0.156966,0.000417,0.002069
0,0.192049,-0.075688,-0.109429,0.049755,-0.130086,0.010808,0.002266,0.001321
0,-0.016791,-0.016184,-0.190922,0.033525,-0.169553,-0.010038,0.000293,0.000282
0,0.158728,-0.073402,0.156374,-0.065743,0.109554,-0.076286,0.00277,0.001281
0,0.200194,-0.095643,0.050636,0.001506,0.051649,-0.029413,0.002123,0.001669
0,0.112019,0.080953,-0.071044,0.148424,-0.035279,0.133297,0.001955,0.001413
0,-0.10423,0.143058,-0.213664,0.077113,-0.227359,0.123339,0.001819,0.002497
0,0.030675,0.065627,0.162562,-0.050867,0.137232,-0.09866,0.000535,0.001145
0,0.011404,0.021233,-0.024827,-0.05757,-0.041048,-0.058904,0.000199,0.000371
0,-0.026932,0.177814,-0.030949,0.13027,-0.043885,0.145431,0.00047,0.002514
0,0.038638,-0.01244,0.045794,-0.190954,0.014093,-0.166067,0.000674,0.000217
0,-0.052893,0.034369,-0.065848,0.037059,-0.079052,0.066414,0.000923,0.0006
0,0.129065,0.053015,0.163334,0.01553,0.185767,0.030416,0.002253,0.000925
0,-0.024475,0.009284,-0.160304,-0.033794,-0.1132,-0.072928,0.000427,0.000162
0,0.014372,0.154471,0.047406,0.156094,0.06608,0.198907,0.000251,0.002696
0,0.170587,-0.032162,0.14658,-0.202194,0.177557,-0.170112,0.00264,0.000561
0,0.092074,-0.073254,-0.06519,-0.063427,-0.080047,-0.050332,0.001607,0.001279
0,0.113224,0.043687,0.034309,0.127319,0.007357,0.158708,0.001976,0.000762
0,0.11252,-0.035044,-0.010966,-0.093969,-0.026982,-0.051251,0.001964,0.000612
0,-0.120544,-0.052719,-0.214826,-0.023132,-0.171588,0.007433,0.002104,0.00092
0,-0.025514,-0.108171,0.101562,-0.085433,0.10395,-0.069845,0.000445,0.001888
0,0.074975,-0.015297,0.102051,0.093861,0.12191,0.044939,0.001309,0.000267
0,-0.10869,0.085306,-0.174925,0.080459,-0.217475,0.09659,0.001897,0.001489
0,0.143194,0.010778,0.276186,-0.063122,0.253258,-0.034364,0.002499,0.000188
0,-0.021787,-0.19572,-0.188208,-0.199378,-0.146621,-0.238473,0.00038,0.002202
0,0.026178,-0.020108,0.019809,0.200998,0.014351,0.192633,0.000457,0.000351
0,-0.00113,-0.040468,-0.035291,-0.001853,-0.079667,0.036493,2e-05,0.000706
0,0.142401,0.003374,0.125944,0.028778,0.080099,0.064522,0.002485,5.9e-05
0,0.142989,-0.112662,0.009656,-0.127544,0.005315,-0.099738,0.002496,0.001966
0,0.110915,-0.032853,-0.062066,0.103326,-0.095128,0.150604,0.001936,0.000573
0,0.225912,-0.061018,0.107844,-0.047436,0.11874,-0.05025,0.001675,0.001065
0,-0.016652,-0.155572,-0.222825,-0.070892,-0.267874,-0.033651,0.000291,0.002715
0,-0.068098,-0.085179,-0.08069,0.047105,-0.038186,0.01218,0.001189,0.001487
0,0.13815,-0.072933,0.225413,-0.017139,0.24905,-0.00641,0.002411,0.001273
0,-0.016219,0.075406,-0.165028,0.172652,-0.12223,0.212143,0.000283,0.001316
0,-0.013535,-0.029592,0.01506,-0.132202,-0.026446,-0.146916,0.000236,0.000516
0,0.171624,-0.128394,0.206113,-0.117478,0.233223,-0.166029,0.002622,0.002241
0,0.020398,-0.152132,-0.132976,-0.005615,-0.120068,-0.034275,0.000356,0.002655
0,0.135192,-0.06996,0.090276,0.11172,0.132668,0.134892,0.00236,0.001221
0,-0.046465,-0.015906,-0.20763,0.027557,-0.170588,0.064786,0.000811,0.000278
0,-0.084087,-0.011539,-0.029419,0.027215,-0.01049,0.015496,0.001468,0.000201
0,-0.01073,-0.196222,0.099314,-0.173121,0.061415,-0.181774,0.000187,0.002193
0,0.070168,-0.020992,0.087334,0.203949,0.070442,0.191192,0.001225,0.000366
0,0.099709,-0.199999,0.056407,-0.190471,0.058002,-0.142955,0.00174,0.002127
0,0.046807,-0.079104,-0.052905,0.133719,-0.035341,0.146909,0.000817,0.001381
0,-0.050929,0.080133,-0.08405,0.158636,-0.034149,0.182576,0.000889,0.001399
0,0.01146,0.035011,0.040749,-0.027334,0.001278,-0.055344,0.0002,0.000611
0,0.175302,0.086324,0.176373,0.07455,0.206802,0.090262,0.002558,0.001507
0,-0.009031,0.095054,-0.191603,0.038315,-0.173441,0.056932,0.000158,0.001659
0,-0.074489,-0.003508,-0.040953,-0.122462,0.005378,-0.165076,0.0013,6.1e-05
0,0.110219,0.090579,0.15641,0.069455,0.150869,0.041708,0.001924,0.001581
0,0.155997,-0.038085,0.058944,-0.146252,0.091358,-0.141598,0.002723,0.000665
0,0.079553,-0.140816,-0.05537,-0.106977,-0.01222,-0.092988,0.001388,0.002458
0,0.135284,-0.160136,0.057401,-0.048469,0.046528,-0.057444,0.002361,0.002795
0,2.089643,-0.419243,1.955842,-0.271506,1.953374,-0.243809,0.002766,0.0017
0,4.007926,-0.312911,1.907378,0.079151,1.909138,0.045972,0.002541,0.000156
0,4.167806,-0.503628,0.167672,-0.20206,0.209533,-0.204475,0.000286,0.002445
0,3.162906,-0.434955,-1.022814,0.095472,-1.059161,0.079672,0.000972,0.001974
0,2.686254,-0.255689,-0.452719,0.152578,-0.404755,0.13703,0.001944,0.001155
0,2.409392,-0.242692,-0.285997,-0.00902,-0.318819,-0.006343,0.002729,0.001382
0,1.720536,-0.207284,-0.660447,0.058253,-0.709916,0.013489,0.001941,0.002
0,1.53937,-0.206903,-0.196085,-0.011894,-0.185354,0.031759,0.00122,0.002006
0,1.042927,0.010577,-0.518971,0.201328,-0.533231,0.203356,0.00135,0.000185
0,0.41692,-0.032794,-0.637199,-0.027643,-0.677041,-0.012042,0.001659,0.000572
0,0.285305,-0.004123,-0.14467,0.026627,-0.097814,0.019984,0.000638,7.2e-05
0,0.133128,0.112375,-0.163338,0.136194,-0.211659,0.134044,0.002324,0.001961
0,-0.080692,0.128506,-0.192455,-0.010698,-0.155344,-0.003425,0.001408,0.002243
0,-0.295883,0.162522,-0.223156,0.04448,-0.186393,0.002437,0.000453,0.002781
0,-0.317778,0.123199,-0.031266,-0.045579,-0.079071,-0.034959,7.1e-05,0.00215
0,-0.332627,0.126611,-0.000455,-0.007688,-0.042814,0.029019,0.000188,0.00221
0,-0.238143,0.148382,0.106114,0.050616,0.081373,0.027922,0.001461,0.00259
0,-0.040185,0.04389,0.224507,-0.088014,0.210127,-0.105966,0.000701,0.000766
0,-0.082422,0.111938,-0.071975,0.075328,-0.054108,0.027948,0.001439,0.001954
0,-0.200833,-0.020074,-0.136104,-0.104998,-0.098603,-0.097035,0.002112,0.00035
0,-0.089515,-0.043146,0.107283,-0.048192,0.093072,-0.001675,0.001562,0.000753
0,0.020822,0.09449,0.138489,0.115444,0.107273,0.144581,0.000363,0.001649
0,0.114986,0.077851,0.076435,0.00633,0.043812,0.017758,0.002007,0.001359
0,-0.059245,0.114743,-0.188829,0.038865,-0.169088,0.051651,0.001034,0.002003
0,-0.107755,0.165659,-0.025523,0.027446,0.013398,0.009103,0.001881,0.002726
0,0.0412,0.128259,0.13858,-0.021573,0.0993,-0.060134,0.000719,0.002239
0,0.048846,-0.05424,0.028273,-0.19125,0.042025,-0.232793,0.000853,0.000947
0,0.152335,-0.113404,0.077093,-0.074235,0.108591,-0.045876,0.002659,0.001979
0,-0.037554,0.018836,-0.161148,0.136153,-0.130043,0.109027,0.000655,0.000329
0,-0.13237,-0.188592,-0.081931,-0.193197,-0.087972,-0.205694,0.00231,0.002326
0,0.096011,-0.012329,0.248715,0.185985,0.235645,0.158044,0.001676,0.000215
0,-0.060913,0.071917,-0.135536,0.105067,-0.106754,0.065462,0.001063,0.001255
0,0.01094,-0.17501,0.085471,-0.234843,0.071851,-0.212498,0.000191,0.002563
0,0.00735,-0.136754,-0.002405,0.037427,-0.044237,0.054126,0.000128,0.002387
0,0.088757,0.007064,0.11036,0.136047,0.101161,0.144393,0.001549,0.000123
0,0.149815,-0.014429,0.082501,-0.040228,0.100278,-0.012019,0.002615,0.000252
0,0.204914,-0.119362,0.036885,-0.114675,0.029925,-0.138508,0.002041,0.002083
0,0.056904,-0.074382,-0.151503,0.050981,-0.13623,0.046441,0.000993,0.001298
0,0.077538,-0.109883,0.042516,-0.007108,0.08134,0.015597,0.001353,0.001918
0,0.257174,-0.111654,0.200359,-0.000254,0.168664,-0.011094,0.001129,0.001949
0,0.138667,-0.031789,-0.092161,0.085983,-0.078301,0.086372,0.00242,0.000555
0,-0.003418,0.033837,-0.149218,0.038424,-0.114385,0.006945,6e-05,0.000591
0,0.195246,-0.06181,0.220781,-0.111307,0.185446,-0.072416,0.00221,0.001079
0,0.098312,0.064444,-0.077792,0.155551,-0.069138,0.158008,0.001716,0.001125
0,0.064698,-0.048186,-0.016448,-0.083791,-0.015929,-0.064588,0.001129,0.000841
0,-0.021908,0.005063,-0.058449,0.057323,-0.01035,0.045872,0.000382,8.8e-05
0,0.154272,0.099688,0.185794,0.117129,0.143838,0.14544,0.002693,0.00174
0,0.311038,0.000729,0.139597,-0.112939,0.160361,-0.100488,0.000189,1.3e-05
0,0.193934,-0.012607,-0.101444,-0.031882,-0.135613,0.005022,0.002233,0.00022
0,0.316864,0.049627,0.130334,0.041295,0.141013,0.03299,8.7e-05,0.000866
0,0.242724,0.09132,-0.0452,0.030339,-0.049331,0.03461,0.001381,0.001594
0,-0.014291,-0.057338,-0.267433,-0.135611,-0.269922,-0.181313,0.000249,0.001001
0,-0.107521,-0.074938,-0.066973,-0.009845,-0.109158,0.031369,0.001877,0.001308
0,0.065788,-0.042752,0.175119,0.042135,0.199366,0.036785,0.001148,0.000746
0,-0.180445,-0.071846,-0.233751,-0.021757,-0.22189,-0.061128,0.002468,0.001254
0,0.062204,-0.178705,0.237196,-0.095964,0.275926,-0.090193,0.001086,0.002499
0,-0.140449,0.039268,-0.181865,0.197696,-0.172613,0.24059,0.002451,0.000685
0,0.092441,-0.044148,0.253016,-0.092485,0.260362,-0.1372,0.001613,0.000771
0,-0.109865,-0.160445,-0.208523,-0.128946,-0.218446,-0.133964,0.001918,0.0028
0,0.094489,0.016192,0.23377,0.164054,0.238348,0.14713,0.001649,0.000283
0,0.086737,-0.1687,-0.009828,-0.169095,0.020816,-0.168472,0.001514,0.002673
0,0.088877,0.042039,0.009377,0.192858,-0.005676,0.217264,0.001551,0.000734
0,-0.117679,-0.213984,-0.224813,-0.227506,-0.212996,-0.222314,0.002054,0.001883
0,-0.074172,-0.057936,0.045331,0.147461,0.052503,0.174486,0.001295,0.001011
0,-0.00949,-0.017096,0.084186,0.056128,0.046632,0.094976,0.000166,0.000298
0,0.037929,-0.061026,0.070097,-0.071233,0.076765,-0.093756,0.000662,0.001065
0,0.100779,0.079051,0.090731,0.125452,0.13255,0.139899,0.001759,0.00138
0,-0.105379,-0.047992,-0.224519,-0.128077,-0.253688,-0.17758,0.001839,0.000838
0,0.071337,-0.025046,0.186244,0.024242,0.164223,0.004267,0.001245,0.000437
0,0.128544,0.03748,0.084834,0.048657,0.077426,0.047287,0.002244,0.000654
0,0.025976,-0.006469,-0.098078,-0.017718,-0.056701,-0.057459,0.000453,0.000113
0,-0.000781,-0.022955,-0.03113,-0.025436,-0.051186,0.010637,1.4e-05,0.000401
0,-0.978277,0.786406,-0.985215,0.82448,-0.980702,0.802306,0.000222,0.00249
0,-1.940482,1.028726,-0.944842,0.263179,-0.98157,0.217927,0.000163,0.001102
0,-2.111336,0.727972,-0.163208,-0.293619,-0.143122,-0.283618,0.002473,0.00147
0,-2.009011,0.687785,0.086949,-0.011063,0.073865,-0.024397,0.001359,0.000769
0,-2.022905,0.606835,-0.033797,-0.052599,-0.009442,-0.072917,0.001601,0.000644
0,-1.650406,0.6357,0.359662,0.031417,0.332244,0.072048,0.000717,0.00014
0,-0.959729,0.470899,0.69397,-0.141649,0.739788,-0.170155,0.000102,0.002601
0,-0.748104,0.256554,0.228805,-0.243753,0.200507,-0.244323,0.001822,0.00114
0,-0.364813,0.234987,0.374114,-0.049335,0.380154,-0.041361,0.00075,0.001516
0,-0.065927,0.04444,0.286175,-0.216349,0.335856,-0.243344,0.001151,0.000776
0,-0.211717,0.174353,-0.171401,0.141824,-0.143605,0.160213,0.001922,0.002574
0,-0.111881,-0.063935,0.121963,-0.251502,0.11503,-0.283164,0.001953,0.001116
0,0.134554,-0.193582,0.248355,-0.132993,0.29258,-0.107482,0.002348,0.002239
0,0.14192,-0.162166,0.036849,0.048717,0.041866,0.04921,0.002477,0.002787
0,0.180105,-0.167219,0.064617,-0.020505,0.081755,-0.027668,0.002474,0.002699
0,0.023311,0.049024,-0.171213,0.237977,-0.195875,0.255566,0.000407,0.000856
0,0.027249,-0.032937,0.013862,-0.088639,0.016458,-0.108612,0.000476,0.000575
0,0.10501,-0.153428,0.07238,-0.143746,0.049617,-0.170852,0.001833,0.002678
0,-0.033515,0.025227,-0.138003,0.198658,-0.161342,0.19022,0.000585,0.00044
0,0.177641,-0.094974,0.2061,-0.14797,0.215125,-0.098747,0.002517,0.001658
0,0.068005,-0.055878,-0.085793,0.037429,-0.119419,0.016875,0.001187,0.000975
0,-0.154517,-0.002038,-0.195192,0.071634,-0.229624,0.101247,0.002697,3.6e-05
0,0.158632,0.029549,0.339093,0.002226,0.379813,0.00945,0.002769,0.000516
0,0.172915,-0.078147,0.043782,-0.093927,0.050607,-0.113858,0.0026,0.001364
0,0.150817,0.03149,0.001516,0.091063,0.049852,0.067317,0.002632,0.00055
0,-0.092954,-0.145373,-0.246819,-0.152878,-0.216827,-0.146408,0.001622,0.002537
0,-0.150921,-0.120586,-0.041197,0.008885,-0.086724,0.009233,0.002634,0.002105
0,-0.054432,-0.093916,0.101632,0.042002,0.119115,0.054345,0.00095,0.001639
0,0.110031,-0.127051,0.137509,-0.015152,0.16047,0.022367,0.00192,0.002217
0,0.116418,0.048001,-0.001626,0.145797,-0.01199,0.16081,0.002032,0.000838
0,0.20764,-0.063369,0.063007,-0.119514,0.030121,-0.119925,0.001993,0.001106
0,-0.024394,0.042105,-0.246431,0.117544,-0.252943,0.123572,0.000426,0.000735
0,0.221519,-0.050183,0.229551,-0.110363,0.183382,-0.09767,0.001751,0.000876
0,-0.0024,-0.028497,-0.213534,0.022559,-0.20289,0.054672,4.2e-05,0.000497
0,-0.073257,0.107279,-0.076854,0.163946,-0.071832,0.200318,0.001279,0.001872
0,0.080166,-0.109303,0.139946,-0.229563,0.122813,-0.27685,0.001399,0.001908
0,-0.007545,-0.053849,-0.082069,0.055608,-0.120551,0.054847,0.000132,0.00094
0,0.139367,-0.007025,0.133922,0.025924,0.145537,-0.000195,0.002432,0.000123
0,-0.012304,0.021201,-0.171459,0.050406,-0.164727,0.051581,0.000215,0.00037
0,-0.074535,0.162337,-0.054666,0.158188,-0.094999,0.112796,0.001301,0.002784
0,0.044693,-0.081141,0.115967,-0.22616,0.095624,-0.268131,0.00078,0.001416
0,-0.027933,0.014059,-0.059717,0.116094,-0.012773,0.128318,0.000488,0.000245
0,-0.037458,0.163858,0.011475,0.17698,0.037312,0.149605,0.000654,0.002758
0,-0.006325,-0.07452,0.035926,-0.266782,-0.003143,-0.240352,0.00011,0.001301
0,0.064976,0.002884,0.049295,0.048428,0.088122,0.03014,0.001134,5e-05
0,-0.038505,0.085383,-0.114166,0.078918,-0.065995,0.116897,0.000672,0.00149
0,-0.003447,0.024254,0.017814,-0.062345,-0.006265,-0.089794,6e-05,0.000423
0,-0.080144,-0.059942,-0.059864,-0.088636,-0.105792,-0.042463,0.001399,0.001046
0,-0.11918,0.000373,-0.018923,0.070222,-0.046286,0.100727,0.00208,7e-06
0,0.028284,0.123763,0.150647,0.113149,0.136986,0.115241,0.000494,0.00216
0,-0.107774,0.132244,-0.132762,0.024697,-0.116245,0.005551,0.001881,0.002308
0,-0.174302,0.007147,-0.049282,-0.110862,-0.078431,-0.133455,0.002575,0.000125
0,0.16142,0.105945,0.317509,0.0721,0.318439,0.05327,0.0028,0.001849
0,-0.011773,-0.111369,-0.144921,-0.206193,-0.15388,-0.199633,0.000205,0.001944
0,0.137908,0.090623,0.155821,0.219646,0.151086,0.195718,0.002407,0.001582
0,0.122063,-0.127255,0.010149,-0.198484,-0.003416,-0.193995,0.00213,0.002221
0,0.106584,-0.066383,-0.044535,0.055919,-0.079517,0.101933,0.00186,0.001159
0,0.173891,0.049799,0.082354,0.112002,0.050629,0.127821,0.002583,0.000869
0,0.061937,0.072273,-0.114216,0.030205,-0.137694,0.07733,0.001081,0.001261
0,0.195138,-0.123105,0.15019,-0.172232,0.165504,-0.19905,0.002212,0.002149
0,-0.020532,-0.023621,-0.192534,0.096863,-0.233765,0.118519,0.000358,0.000412
0,0.152005,0.009019,0.148007,0.044785,0.153625,0.070843,0.002653,0.000157
0,0.159063,0.133466,0.028828,0.140824,0.037911,0.113683,0.002776,0.002329
0,-0.057866,-0.109944,-0.205133,-0.230436,-0.159553,-0.241907,0.00101,0.001919
0,0.202873,0.011311,0.24029,0.138542,0.267528,0.128174,0.002077,0.000197
0,0.081374,-0.142932,-0.115717,-0.133779,-0.076529,-0.13815,0.00142,0.002495
0,0.102325,-0.150261,0.005758,-0.00667,-0.043097,-0.013257,0.001786,0.002623
0,-0.068939,0.01874,-0.147498,0.155666,-0.129789,0.179176,0.001203,0.000327
0,0.108918,-0.050135,0.206349,-0.084236,0.167506,-0.132826,0.001901,0.000875
0,0.012654,0.097603,-0.066627,0.153905,-0.087261,0.122677,0.000221,0.001703
0,0.193337,-0.045356,0.178173,-0.118103,0.201331,-0.157141,0.002243,0.000792
0,0.157153,0.066767,-0.048018,0.103333,-0.08813,0.071619,0.002743,0.001165
0,-0.016538,0.128652,-0.150519,0.053951,-0.155294,0.007451,0.000289,0.002245
0,0.028371,0.084537,0.053193,-0.061616,0.011497,-0.082463,0.000495,0.001475
0,0.11913,0.045986,0.105512,-0.04228,0.12252,-0.054197,0.002079,0.000803
0,0.17928,0.028877,0.061721,0.011546,0.10343,0.052241,0.002488,0.000504
0,-0.030773,-0.09054,-0.183047,-0.1195,-0.149927,-0.16298,0.000537,0.00158
0,0.087351,0.0946,0.093885,0.214681,0.089578,0.192241,0.001525,0.001651
0,0.152897,-0.122408,0.062996,-0.22768,0.063429,-0.212805,0.002669,0.002136
0,-0.013647,0.034524,-0.187344,0.131522,-0.143438,0.159391,0.000238,0.000603
0,-0.060703,0.077881,-0.073419,0.069733,-0.041076,0.08288,0.001059,0.001359
0,0.12491,-0.061721,0.188991,-0.13426,0.230431,-0.17351,0.00218,0.001077
0,0.004982,-0.030748,-0.109559,0.021863,-0.084678,0.008495,8.7e-05,0.000537
0,0.155767,0.001288,0.134433,0.022717,0.12219,0.033625,0.002719,2.2e-05
0,0.032578,-0.085178,-0.095248,-0.105189,-0.141047,-0.066368,0.000569,0.001487
0,0.011522,0.056333,-0.011116,0.131439,0.006919,0.135715,0.000201,0.000983
0,0.096358,0.08762,0.078852,0.007442,0.033295,0.023759,0.001682,0.001529
0,-0.056448,-0.003182,-0.175662,-0.084016,-0.178488,-0.048849,0.000985,5.6e-05
0,-0.026227,-0.145909,0.021826,-0.152871,-0.0043,-0.158063,0.000458,0.002547
0,0.080634,0.143404,0.13085,0.274814,0.11342,0.312304,0.001407,0.002503
0,-0.076277,0.032385,-0.160884,-0.114999,-0.147056,-0.1142,0.001331,0.000565
0,0.037296,-0.138254,0.132464,-0.197622,0.178045,-0.23719,0.000651,0.002413
0,0.015126,-0.037293,0.001644,0.092451,-0.02033,0.093478,0.000264,0.000651
0,-0.034815,0.013811,-0.069982,0.026542,-0.072505,0.061458,0.000608,0.000241
0,-0.014829,0.076488,-0.006112,0.083791,0.003713,0.120221,0.000259,0.001335
0,0.123118,-0.089365,0.108354,-0.175047,0.092917,-0.17866,0.002149,0.00156
0,0.1057,0.022008,-0.045863,0.082796,-0.035445,0.085085,0.001845,0.000384
0,0.199307,0.035665,0.071388,0.009327,0.030951,0.010253,0.002139,0.000622
0,0.059335,0.151838,-0.117036,0.110243,-0.112712,0.075677,0.001036,0.00265
0,-0.053758,0.010998,-0.109551,-0.164646,-0.092624,-0.199443,0.000938,0.000192
0,0.080276,0.151232,0.104962,0.156436,0.140813,0.129548,0.001401,0.00264
0,-0.108995,-0.094054,-0.176001,-0.248834,-0.215741,-0.235569,0.001902,0.001642
0,0.14543,-0.016796,0.273108,0.100822,0.32146,0.099608,0.002538,0.000293
0,0.032735,-0.099814,-0.087308,-0.075923,-0.046235,-0.043251,0.000571,0.001742
0,-0.103349,0.053297,-0.15281,0.151787,-0.175269,0.127662,0.001804,0.00093
0,-0.670987,-0.466677,-0.543174,-0.537992,-0.54897,-0.569019,0.000476,0.002528
0,-1.156207,-2.077011,-0.478718,-1.588501,-0.488064,-1.569558,0.00229,0.002546
0,-1.482483,-2.857019,-0.339443,-0.798157,-0.368903,-0.777524,0.002213,0.000693
0,-1.877994,-2.672514,-0.410465,0.164837,-0.381054,0.211746,0.000928,0.001704
0,-1.791111,-2.175181,0.072195,0.515732,0.036825,0.492309,0.002444,0.001358
0,-1.649185,-1.407955,0.167076,0.796351,0.157665,0.787957,0.000696,0.002103
0,-1.008801,-1.193548,0.667203,0.243477,0.641752,0.21269,0.000754,0.001639
0,-0.613064,-0.870172,0.410561,0.334075,0.421269,0.292085,0.000535,0.001665
0,-0.422082,-0.830521,0.181804,0.014307,0.183732,-0.016883,0.001749,0.002357
0,-0.276778,-0.312814,0.129096,0.504326,0.113386,0.456591,0.000787,0.000158
0,-0.023527,-0.062826,0.25956,0.226948,0.257636,0.236887,0.000411,0.001097
0,0.107059,0.089665,0.137146,0.141511,0.180901,0.139431,0.001869,0.001565
0,0.305383,0.162167,0.186353,0.0681,0.200468,0.075037,0.000288,0.002787
0,0.123633,0.303616,-0.194111,0.146564,-0.227965,0.119011,0.002158,0.000318
0,0.23567,0.343245,0.10438,0.022432,0.067955,0.045263,0.001504,0.000373
0,0.142326,0.107205,-0.097024,-0.234292,-0.108384,-0.226467,0.002484,0.001871
0,0.251583,0.284988,0.112022,0.203587,0.137302,0.234695,0.001227,0.000644
0,0.079112,0.050085,-0.156034,-0.237994,-0.191918,-0.284816,0.001381,0.000874
0,0.012988,0.163153,-0.043003,0.111889,-0.013762,0.156794,0.000227,0.00277
0,0.287829,-0.055965,0.268989,-0.189734,0.316116,-0.23293,0.000594,0.000977
0,0.219016,0.032223,-0.089787,0.074238,-0.07036,0.025887,0.001795,0.000562
0,0.097384,0.022245,-0.106567,-0.010574,-0.100659,-0.049412,0.0017,0.000388
0,-0.021611,-0.102577,-0.093615,-0.11691,-0.100977,-0.156046,0.000377,0.00179
0,0.092883,-0.000644,0.120798,0.107219,0.166903,0.105606,0.001621,1.1e-05
0,-0.142025,-0.046654,-0.212306,-0.043465,-0.189067,-0.07535,0.002479,0.000814
0,-0.139194,0.060511,0.026707,0.084599,0.042495,0.058751,0.002429,0.001056
0,-0.204115,0.05201,-0.067093,-0.02449,-0.036563,-0.027649,0.002055,0.000908
0,-0.175424,-0.104562,0.011602,-0.175795,-0.028777,-0.209583,0.002556,0.001825
0,-0.07729,0.097551,0.096332,0.178366,0.134372,0.139193,0.001349,0.001703
0,0.033924,-0.03725,0.109149,-0.12511,0.104283,-0.152607,0.000592,0.00065
0,0.21063,-0.091364,0.182694,-0.046249,0.190925,-0.087402,0.001941,0.001595
0,0.035469,-0.01355,-0.189786,0.074106,-0.192352,0.122766,0.000619,0.000236
0,0.057618,0.110844,0.022695,0.107169,0.007765,0.064943,0.001006,0.001935
0,-0.045833,0.185574,-0.091117,0.09982,-0.055269,0.112592,0.0008,0.002379
0,-0.029418,0.150136,0.022316,-0.048199,-0.019196,-0.035323,0.000513,0.00262
0,0.012191,-0.05983,0.03813,-0.230831,0.03932,-0.247387,0.000213,0.001044
0,-0.011742,0.137593,-0.005663,0.177566,-0.021586,0.205189,0.000205,0.002401
0,-0.149187,0.176055,-0.132385,0.020299,-0.120826,-0.008612,0.002604,0.002545
0,-0.080419,0.010586,0.083685,-0.195272,0.066576,-0.243765,0.001404,0.000185
0,0.011246,-0.128675,0.084443,-0.164349,0.114653,-0.147808,0.000196,0.002246
0,0.002497,-0.001173,-0.025463,0.131675,0.014512,0.139308,4.4e-05,2e-05
0,0.065927,0.144279,0.062104,0.149768,0.024872,0.137347,0.001151,0.002518
0,-0.008336,0.058165,-0.083575,-0.081074,-0.077748,-0.106025,0.000145,0.001015
0,-0.100487,-0.1188,-0.092108,-0.194175,-0.085807,-0.15252,0.001754,0.002073
0,0.123313,0.050299,0.201599,0.153854,0.208345,0.13643,0.002152,0.000878
0,0.043376,0.027053,-0.063341,-0.021983,-0.026443,-0.058246,0.000757,0.000472
0,0.003672,-0.063135,-0.062819,-0.087913,-0.054393,-0.059045,6.4e-05,0.001102
0,-0.021167,0.024855,-0.016335,0.066913,0.016196,0.056824,0.000369,0.000434
0,-0.017327,0.061093,-0.017259,0.03111,-0.027367,0.067353,0.000302,0.001066
0,0.046384,-0.01722,0.087882,-0.095636,0.102335,-0.134364,0.00081,0.000301
0,0.042725,0.034458,-0.0061,0.049186,-0.006969,0.064579,0.000746,0.000601
0,-0.010856,0.033811,-0.068737,0.012901,-0.104983,-0.02814,0.000189,0.00059
0,1.720224,-0.744944,1.70851,-0.787967,1.672063,-0.821983,0.001936,0.001767
0,2.697192,-1.157959,0.981663,-0.439091,0.953585,-0.469476,0.002135,0.00226
0,3.231357,-1.412818,0.527225,-0.261227,0.547191,-0.265121,0.000223,0.002188
0,3.157223,-1.413323,-0.093954,0.023832,-0.100587,0.054602,0.001071,0.002197
0,2.493897,-1.413728,-0.655163,-0.01715,-0.63762,-0.018031,0.001413,0.002204
0,1.879677,-1.051586,-0.600772,0.392029,-0.564967,0.40517,0.000898,0.001501
0,1.524218,-0.694663,-0.344494,0.331098,-0.309787,0.368379,0.001485,0.000889
0,1.214697,-0.590326,-0.30233,0.127364,-0.337821,0.117661,0.00127,0.000932
0,0.771828,-0.419346,-0.434574,0.194046,-0.459327,0.177031,0.002236,0.001701
0,0.35314,-0.213838,-0.44751,0.177021,-0.400531,0.201279,0.000546,0.001885
0,-0.053908,-0.216622,-0.431171,-0.029806,-0.446992,-0.079759,0.000941,0.001837
0,-0.09314,0.080967,-0.057319,0.302972,-0.080459,0.341546,0.001626,0.001413
0,-0.253424,0.060948,-0.18504,-0.035249,-0.20472,0.005021,0.001194,0.001064
0,-0.374687,0.218889,-0.095224,0.140142,-0.093384,0.182725,0.000922,0.001797
0,-0.329571,0.21327,0.042907,0.008956,0.02392,0.024101,0.000135,0.001895
0,-0.264173,0.03285,0.086379,-0.207382,0.106401,-0.241545,0.001007,0.000573
0,-0.020838,0.187874,0.242007,0.133006,0.212173,0.143832,0.000364,0.002338
0,-0.18039,-0.024209,-0.174203,-0.220927,-0.147042,-0.226345,0.002469,0.000423
0,0.011981,0.170854,0.164962,0.186908,0.141801,0.205219,0.000209,0.002636
0,0.112369,0.13052,0.074316,-0.055327,0.059728,-0.089062,0.001961,0.002278
0,0.032194,-0.036064,-0.052597,-0.17102,-0.04104,-0.164676,0.000562,0.000629
0,0.161389,0.013705,0.133238,0.077836,0.127631,0.062011,0.002801,0.000239
0,-0.059861,0.080037,-0.201803,0.07006,-0.202454,0.047007,0.001045,0.001397
0,-0.092917,0.114522,-0.025011,0.011403,-0.061025,-0.032929,0.001622,0.001999
0,-0.074009,0.042501,-0.002276,-0.098052,0.043512,-0.068948,0.001292,0.000742
0,-0.043978,-0.095857,0.027705,-0.147814,-0.00523,-0.102045,0.000768,0.001673
0,-0.052376,-0.060089,-0.007144,0.033727,0.010453,0.030839,0.000914,0.001049
0,-0.086458,0.003309,-0.008248,0.043108,0.009954,0.00118,0.001509,5.8e-05
0,-0.046937,-0.019971,0.040992,-0.037414,0.024134,-0.08632,0.000819,0.000349
0,0.085323,-0.040471,0.132763,-0.008761,0.158105,-0.040478,0.001489,0.000706
0,-0.034152,-0.069425,-0.094071,-0.032268,-0.101899,-0.042133,0.000596,0.001212
0,0.00081,-0.006598,0.063462,0.090483,0.05048,0.13616,1.4e-05,0.000115
0,0.137437,0.095831,0.139143,0.120067,0.178128,0.122513,0.002399,0.001673
0,-0.131595,0.014199,-0.264311,-0.108611,-0.257965,-0.092339,0.002297,0.000248
0,-0.124203,0.164458,-0.004914,0.136835,0.006323,0.179286,0.002168,0.002747
0,-0.003116,-0.086851,0.114035,-0.227885,0.129887,-0.265887,5.4e-05,0.001516
0,-0.146559,-0.052657,-0.162796,0.015934,-0.129727,0.01887,0.002558,0.000919
0,0.158329,0.093247,0.280861,0.140362,0.285292,0.166242,0.002763,0.001627
0,0.134719,0.051222,-0.014423,-0.03773,0.014184,-0.066779,0.002351,0.000894
0,-0.078751,0.050458,-0.211572,0.007955,-0.16834,0.034381,0.001374,0.000881
0,0.166741,0.122821,0.223222,0.074249,0.177837,0.026454,0.002707,0.002144
0,-0.091146,0.030536,-0.230369,-0.108105,-0.244412,-0.06722,0.001591,0.000533
0,0.053753,0.137547,0.119892,0.121882,0.154224,0.152838,0.000938,0.002401
0,-0.040505,0.176548,-0.110477,0.039117,-0.106306,0.03739,0.000707,0.002536
0,-0.132622,-0.035011,-0.077333,-0.206796,-0.049513,-0.249848,0.002315,0.000611
0,-0.111957,-0.050423,0.036371,-0.013746,0.06622,0.01759,0.001954,0.00088
0,0.150594,0.02844,0.275028,0.0907,0.289077,0.114188,0.002628,0.000496
0,-0.100024,0.056252,-0.233666,0.055626,-0.261466,0.033242,0.001746,0.000982
0,0.076737,0.108771,0.19013,0.076465,0.167884,0.026989,0.001339,0.001898
0,-0.086574,-0.049829,-0.185841,-0.167768,-0.181406,-0.197846,0.001511,0.00087
0,0.110985,-0.015206,0.225649,0.017272,0.241085,0.055189,0.001937,0.000265
0,0.17195,-0.139178,0.090576,-0.15084,0.101399,-0.149306,0.002616,0.002429
0,0.189778,-0.123307,0.022968,-0.008239,0.021626,0.011178,0.002305,0.002152
0,0.236228,-0.036644,0.063271,0.058374,0.079954,0.084608,0.001495,0.00064
0,0.215719,0.033519,-0.033154,0.082373,-0.016311,0.089121,0.001853,0.000585
0,0.111335,0.083188,-0.112926,0.046932,-0.073329,0.095805,0.001943,0.001452
0,0.134376,0.025789,-0.004524,-0.033565,-0.040994,-0.016563,0.002345,0.00045
0,0.147946,0.149654,-0.003264,0.144659,-0.021332,0.183475,0.002582,0.002612
0,0.053767,0.085069,-0.065574,-0.088724,-0.072012,-0.087872,0.000938,0.001485
0,0.200723,0.083136,0.116974,0.001628,0.090214,0.036729,0.002114,0.001451
0,-0.015328,0.143346,-0.244524,0.035915,-0.237811,0.048932,0.000268,0.002502
0,0.140167,0.162216,0.176116,-0.007383,0.221498,0.021279,0.002446,0.002786
0,-0.023809,0.154687,-0.161502,-0.037129,-0.174918,-0.054373,0.000416,0.0027
0,0.063566,-0.007995,0.081381,-0.179352,0.101027,-0.188103,0.001109,0.00014
0,0.224475,0.007132,0.156053,0.02521,0.175886,0.042841,0.0017,0.000124
0,0.234848,0.154428,0.032648,0.126486,-0.00414,0.091874,0.001519,0.002695
0,0.13547,-0.050766,-0.079704,-0.195925,-0.122982,-0.204026,0.002364,0.000886
0,-0.037878,0.165176,-0.184861,0.197478,-0.159183,0.240471,0.000661,0.002735
0,0.034596,0.087427,0.100985,-0.091318,0.072178,-0.137201,0.000604,0.001526
0,0.144564,0.027808,0.11389,-0.071062,0.142771,-0.116185,0.002523,0.000485
0,0.15438,0.264093,0.028496,0.250449,0.006497,0.222419,0.002694,0.001008
0,-0.021659,0.264757,-0.182629,0.001364,-0.218518,-0.039757,0.000378,0.000997
0,0.171933,0.167915,0.198462,-0.120009,0.169077,-0.111132,0.002617,0.002687
0,-0.054492,0.085335,-0.255563,-0.075312,-0.300423,-0.12125,0.000951,0.001489
0,0.196474,0.045712,0.263861,-0.057102,0.28039,-0.037444,0.002188,0.000798
0,-0.097011,-0.008874,-0.313855,-0.064446,-0.303443,-0.074152,0.001693,0.000155
0,0.015893,0.217321,0.087834,0.199578,0.092777,0.151632,0.000277,0.001825
0,0.073786,0.132897,0.051216,-0.108273,0.0628,-0.115828,0.001288,0.002319
0,0.190245,0.194456,0.086798,0.043848,0.081059,0.026428,0.002297,0.002224
0,-0.023132,0.201419,-0.213691,0.032763,-0.204402,0.061262,0.000404,0.002102
0,-0.121914,0.12866,-0.069427,-0.081781,-0.079852,-0.129869,0.002128,0.002246
0,0.035944,0.086572,0.166816,-0.05844,0.149425,-0.097182,0.000627,0.001511
0,-0.09184,0.201611,-0.099603,0.094303,-0.096781,0.062568,0.001603,0.002099
0,0.083394,-0.008816,0.152472,-0.197795,0.179803,-0.217472,0.001455,0.000154
0,0.040755,0.036243,-0.065418,0.040376,-0.080558,0.008782,0.000711,0.000633
0,0.111769,0.028782,0.08401,-0.017527,0.108157,-0.05904,0.001951,0.000502
0,-0.091053,-0.018739,-0.219785,-0.026546,-0.222928,0.017933,0.001589,0.000327
0,0.093926,0.088363,0.193171,0.122726,0.164442,0.085216,0.001639,0.001542
0,0.07957,0.192617,0.002695,0.120999,0.040329,0.164763,0.001389,0.002256
0,0.181571,0.077736,0.08538,-0.091397,0.117891,-0.093961,0.002448,0.001357
0,0.184866,0.054484,-0.014458,-0.001082,-0.058599,-0.032397,0.002391,0.000951
0,0.031706,-0.033364,-0.135929,-0.095087,-0.176291,-0.101843,0.000553,0.000582
0,0.178805,0.1529,0.177086,0.166241,0.189529,0.164714,0.002497,0.002669
0,-0.055624,-0.028035,-0.207612,-0.164463,-0.211103,-0.160669,0.000971,0.000489
0,0.063443,0.206971,0.121926,0.218526,0.107581,0.242266,0.001107,0.002005
0,0.208029,0.004825,0.168437,-0.202897,0.204499,-0.236114,0.001987,8.4e-05
0,0.065862,0.187214,-0.129692,0.210419,-0.12338,0.228981,0.00115,0.00235
0,0.210205,0.024804,0.14759,-0.177855,0.176982,-0.175433,0.001949,0.000433
0,0.129478,-0.008924,-0.090968,-0.01176,-0.051382,0.023768,0.00226,0.000156
0,0.015801,0.109357,-0.125131,0.08838,-0.128027,0.126066,0.000276,0.001909
0,0.138753,0.022568,0.124895,-0.097326,0.132324,-0.14269,0.002422,0.000394
0,0.182482,0.015398,0.051229,-0.016483,0.062561,-0.055501,0.002433,0.000269
0,0.279183,0.044996,0.100783,0.058885,0.134785,0.023045,0.000745,0.000785
0,0.244129,0.15633,-0.062261,0.102146,-0.074022,0.091987,0.001357,0.002728
0,0.014591,0.14349,-0.222277,-0.03731,-0.202983,-0.084753,0.000255,0.002504
0,0.15318,0.093859,0.139452,-0.067643,0.111565,-0.073432,0.002673,0.001638
0,0.027023,0.121904,-0.098996,0.042218,-0.112377,0.018852,0.000472,0.002128
0,0.109084,-0.114252,0.070458,-0.243968,0.021049,-0.276557,0.001904,0.001994
0,0.122506,0.031381,-0.013284,0.137213,0.027067,0.172791,0.002138,0.000548
0,-0.007237,-0.034212,-0.15418,-0.063901,-0.126891,-0.048823,0.000126,0.000597
0,0.303757,-0.015969,0.298693,0.017727,0.279019,0.045624,0.000316,0.000279
0,0.175047,-0.028797,-0.128899,-0.038844,-0.148357,-0.022888,0.002562,0.000503
0,0.057765,0.025699,-0.114343,0.040242,-0.080246,0.036936,0.001008,0.000449
0,0.140587,-0.13485,0.054517,-0.149904,0.016867,-0.177047,0.002454,0.002354
0,-0.028568,0.034837,-0.195088,0.179899,-0.221997,0.171129,0.000499,0.000608
0,0.057786,0.092772,0.070835,0.080899,0.114119,0.124744,0.001009,0.001619
0,0.009997,-0.007108,-0.0261,-0.12741,-0.059017,-0.094559,0.000174,0.000124
0,-0.132702,0.065081,-0.1253,0.087494,-0.11072,0.123991,0.002316,0.001136
0,0.078591,-0.105986,0.208646,-0.168519,0.206258,-0.148707,0.001372,0.00185
0,0.012569,-0.007147,-0.083907,0.075671,-0.089805,0.053634,0.000219,0.000125
0,0.047103,-0.145823,0.021229,-0.156365,0.028367,-0.194681,0.000822,0.002545
0,-0.086336,-0.061118,-0.138439,0.077321,-0.165641,0.041469,0.001507,0.001067
0,-0.128414,-0.140366,-0.036375,-0.088804,-0.085417,-0.123086,0.002241,0.00245
0,-0.104108,0.023111,0.01694,0.177897,0.023775,0.130397,0.001817,0.000403
0,-0.161934,-0.198787,-0.042046,-0.234508,-0.068452,-0.259631,0.002791,0.002148
0,-0.158911,0.03731,0.00702,0.222235,0.047059,0.247319,0.002774,0.000651
0,-0.029922,0.00764,0.108942,-0.047452,0.11082,-0.096476,0.000522,0.000133
0,-0.058374,-0.033496,-0.014826,-0.023004,-0.030037,-0.029581,0.001019,0.000585
0,-0.117709,0.051387,-0.071459,0.102101,-0.056931,0.076483,0.002054,0.000897
0,-0.062112,-0.049051,0.076377,-0.096573,0.055644,-0.130726,0.001084,0.000856
0,-0.166565,-0.116168,-0.117603,-0.09332,-0.154854,-0.05906,0.00271,0.002028
0,-0.08881,0.063011,0.10736,0.196662,0.073333,0.159659,0.00155,0.0011
0,-0.160425,0.138543,-0.070869,0.103227,-0.048313,0.151711,0.0028,0.002418
0,0.08365,0.075747,0.268504,-0.065465,0.268684,-0.11274,0.00146,0.001322
0,-0.134659,0.108481,-0.195913,0.040097,-0.147797,0.032641,0.00235,0.001893
0,-0.082472,0.105256,0.025526,0.005496,-0.01189,-0.038501,0.001439,0.001837
0,0.114532,0.130047,0.17123,0.042531,0.146238,0.024044,0.001999,0.00227
0,0.148142,0.022029,0.045548,-0.12653,0.075727,-0.083649,0.002586,0.000384
0,0.084461,0.14395,-0.063983,0.127534,-0.103077,0.166118,0.001474,0.002512
0,-0.021603,0.004959,-0.120533,-0.162646,-0.072923,-0.18083,0.000377,8.7e-05
0,-0.020243,0.049119,-0.01145,0.036694,-0.050994,0.024113,0.000353,0.000857
0,-0.037538,0.111095,-0.035239,0.08567,-0.022354,0.120637,0.000655,0.001939
0,0.139481,0.122231,0.178689,0.006363,0.133508,-0.036574,0.002434,0.002133
0,0.017386,0.092487,-0.112646,-0.015034,-0.142961,0.015212,0.000303,0.001614
0,0.188367,-0.072122,0.165902,-0.158775,0.123272,-0.111804,0.00233,0.001259
0,0.184999,0.03449,-0.027307,0.09578,-0.033428,0.061436,0.002389,0.000602
0,0.032759,-0.008573,-0.144114,-0.037935,-0.107251,-0.054766,0.000572,0.00015
0,0.234553,-0.106422,0.215275,-0.074274,0.184857,-0.099023,0.001524,0.001857
0,0.247064,0.127043,0.004677,0.244941,0.046428,0.270981,0.001305,0.002217
0,0.143102,-0.021044,-0.112343,-0.132306,-0.117755,-0.126171,0.002498,0.000367
0,0.349608,-0.074205,0.214847,-0.066421,0.167806,-0.056377,0.000484,0.001295
0,0.128361,-0.115696,-0.222396,-0.058605,-0.188927,-0.091298,0.00224,0.002019
0,0.200269,0.058336,0.043812,0.191953,0.072675,0.241853,0.002122,0.001018
0,0.044877,-0.099605,-0.16917,-0.18749,-0.198925,-0.236777,0.000783,0.001738
0,0.109358,0.072173,0.054338,0.190631,0.060327,0.22991,0.001909,0.00126
0,0.227659,0.076719,0.100465,0.01444,0.130262,-0.031815,0.001644,0.001339
0,0.16594,0.023167,-0.052139,-0.06666,-0.0521,-0.049599,0.002721,0.000404
0,0.204785,0.047096,0.042978,0.00959,0.042972,0.019735,0.002043,0.000822
0,0.046272,-0.029695,-0.150504,-0.054442,-0.145145,-0.070978,0.000808,0.000518
0,0.067685,0.005754,-0.00519,0.026832,-0.019257,0.022428,0.001181,0.0001
0,0.216037,-0.11556,0.127728,-0.097409,0.126982,-0.085241,0.001847,0.002017
0,0.15926,0.020208,-0.082638,0.122784,-0.132358,0.125786,0.00278,0.000353
0,0.079703,0.037126,-0.100621,0.009323,-0.089031,0.044074,0.001391,0.000648
0,0.048584,0.097137,-0.01521,0.031154,0.020176,0.069716,0.000848,0.001695
0,0.152089,0.174723,0.124712,0.080951,0.109663,0.081674,0.002654,0.002568
0,0.011976,0.029292,-0.144691,-0.124575,-0.112213,-0.164053,0.000209,0.000511
0,0.218537,-0.071226,0.210546,-0.089817,0.210733,-0.071564,0.001803,0.001243
0,0.182969,-0.092394,-0.033124,-0.016142,-0.05542,-0.022551,0.002424,0.001613
0,0.017932,-0.143299,-0.154036,-0.047467,-0.183898,-0.064649,0.000313,0.002501
0,0.033398,-0.007249,0.037897,0.126784,0.048813,0.172199,0.000583,0.000127
0,-0.080894,0.046377,-0.132599,0.032051,-0.160113,0.063931,0.001412,0.000809
0,0.119765,-0.01115,0.225963,-0.064075,0.252346,-0.109017,0.00209,0.000195
0,0.073382,-4e-06,-0.054811,0.022044,-0.076749,0.023379,0.001281,0.0
0,0.026342,0.106218,-0.062101,0.092605,-0.08884,0.092119,0.00046,0.001854
0,-0.055518,0.055402,-0.052375,-0.068621,-0.076287,-0.111872,0.000969,0.000967
0,0.18857,0.000987,0.251294,-0.03281,0.257914,-0.046479,0.002326,1.7e-05
0,0.166272,0.173379,-0.036986,0.154201,-0.075429,0.172273,0.002716,0.002591
0,0.105096,0.106169,-0.057026,-0.060642,-0.03005,-0.06588,0.001834,0.001853
0,0.118973,-0.043691,-0.00877,-0.153196,-0.026726,-0.148755,0.002076,0.000763
0,0.236043,-0.057287,0.137528,-0.035801,0.152726,-0.051771,0.001498,0.001
0,0.176561,0.042978,-0.076134,0.108318,-0.060545,0.069927,0.002536,0.00075
0,0.114675,-0.026917,-0.07986,-0.055428,-0.126084,-0.011443,0.002001,0.00047
0,-0.013073,0.062318,-0.131928,0.061016,-0.105125,0.021794,0.000228,0.001088
0,-0.059898,-0.012968,-0.0339,-0.086175,-0.080517,-0.119527,0.001045,0.000226
0,-0.097524,0.109772,-0.011512,0.124514,-0.043248,0.155027,0.001702,0.001916
0,0.12425,-0.175781,0.207081,-0.272372,0.221065,-0.276459,0.002169,0.00255
0,-0.004524,-0.151401,-0.151512,0.020023,-0.166793,-0.028095,7.9e-05,0.002642
0,-0.026359,0.040664,-0.03056,0.170455,-0.028958,0.198794,0.00046,0.00071
0,-0.072335,-0.12747,-0.041226,-0.196686,-0.042338,-0.200615,0.001262,0.002225
0,0.003477,-0.034343,0.086032,0.076315,0.045511,0.110328,6.1e-05,0.000599
0,-0.195312,-0.050247,-0.216057,-0.025567,-0.224674,-0.046465,0.002209,0.000877
0,0.050889,-0.104944,0.266872,-0.055209,0.271589,-0.012752,0.000888,0.001832
0,0.019959,-0.200967,-0.037,-0.090267,0.005308,-0.096086,0.000348,0.00211
0,-0.069044,0.008981,-0.088997,0.205806,-0.051989,0.216038,0.001205,0.000157
0,0.026963,-0.055183,0.122418,-0.052499,0.099394,-0.005684,0.000471,0.000963
0,0.075622,-0.242369,0.028896,-0.194498,0.020627,-0.1804,0.00132,0.001387
0,0.029136,-0.077046,-0.038549,0.183383,-0.072606,0.226461,0.000509,0.001345
0,0.188174,-0.20946,0.151538,-0.115477,0.105347,-0.093665,0.002333,0.001962
0,0.203442,-0.067003,0.043189,0.138648,0.058087,0.140198,0.002067,0.001169
0,-0.03799,-0.187258,-0.265825,-0.146691,-0.261766,-0.191557,0.000663,0.002349
0,-0.064327,0.05113,-7.4e-05,0.255505,0.041701,0.265939,0.001123,0.000892
0,0.112046,-0.138734,0.171925,-0.203459,0.22179,-0.239956,0.001956,0.002421
0,0.083284,-0.173352,-0.03389,-0.036591,-0.077583,0.001336,0.001454,0.002592
0,0.10681,-0.173398,0.047525,-0.019744,0.067058,0.004551,0.001864,0.002591
0,0.057307,0.008824,-0.071994,0.19066,-0.0578,0.21368,0.001,0.000154
0,0.14239,0.065468,0.077485,0.031062,0.043857,0.060672,0.002485,0.001143
0,0.127698,-0.188608,-0.00969,-0.269453,-0.035407,-0.303316,0.002229,0.002326
0,0.096599,-0.055136,-0.050806,0.158185,-0.018099,0.203447,0.001686,0.000962
0,-0.031754,0.077182,-0.143164,0.150019,-0.171062,0.126549,0.000554,0.001347
0,0.035946,0.028975,0.07882,-0.067487,0.056834,-0.048292,0.000627,0.000506
0,-0.00325,-0.05086,-0.040464,-0.088096,-0.003905,-0.110752,5.7e-05,0.000888
0,0.057919,-0.124368,0.031301,-0.088505,0.05854,-0.086396,0.001011,0.002171
0,-0.017521,0.056585,-0.074028,0.207521,-0.063698,0.163908,0.000306,0.000988
0,0.155439,-0.027296,0.169465,-0.084336,0.120019,-0.082226,0.002713,0.000476
0,0.037545,-0.012603,-0.128755,0.007544,-0.170953,0.049716,0.000655,0.00022
0,0.07461,0.069366,0.05161,0.072433,0.033273,0.045736,0.001302,0.001211
0,0.128145,-0.012436,0.027871,-0.107795,0.035813,-0.081447,0.002237,0.000217
0,-0.08676,0.057766,-0.203744,0.058158,-0.166079,0.102038,0.001514,0.001008
0,0.008148,0.104893,0.122553,0.056054,0.073277,0.011536,0.000142,0.001831
0,0.015791,-0.023912,0.032952,-0.105494,0.074588,-0.126854,0.000276,0.000417
0,-0.176689,-0.013587,-0.164017,-0.007407,-0.12873,-0.001181,0.002534,0.000237
0,-0.024078,-0.067177,0.143314,-0.068232,0.111176,-0.059199,0.00042,0.001172
0,-0.193344,-0.116706,-0.170748,-0.040306,-0.201898,-0.065477,0.002243,0.002037
0,-0.072641,-0.057628,0.142675,0.056378,0.141575,0.019699,0.001268,0.001006
0,-0.017544,-0.119085,0.075479,-0.065297,0.118191,-0.10157,0.000306,0.002078
0,-0.02113,-0.0065,0.003579,0.097117,-0.008934,0.145464,0.000369,0.000113
0,-0.062961,-0.043374,-0.0262,-0.030998,0.012505,-0.028796,0.001099,0.000757
0,-0.121103,-0.082823,-0.068687,-0.062133,-0.022311,-0.029414,0.002114,0.001446
0,0.001714,-0.123699,0.101481,-0.050293,0.051779,-0.021162,3e-05,0.002159
0,0.091768,-0.011825,0.120042,0.095945,0.071488,0.133732,0.001602,0.000206
0,0.018612,0.078023,-0.083872,0.111821,-0.074707,0.084752,0.000325,0.001362
0,0.018048,-0.129381,-0.024231,-0.191736,-0.069856,-0.23978,0.000315,0.002258
0,-0.005294,0.050361,-0.033501,0.179154,0.016201,0.227558,9.2e-05,0.000879
0,0.03549,0.01813,0.026997,-0.041373,0.063784,-0.083309,0.000619,0.000316
0,-0.106466,-0.115026,-0.143969,-0.112321,-0.139644,-0.138581,0.001858,0.002008
0,0.062073,0.067564,0.150024,0.175481,0.161161,0.148826,0.001083,0.001179
0,-0.083072,-0.080864,-0.128088,-0.156864,-0.130327,-0.18404,0.00145,0.001411
0,0.034163,-0.156657,0.114626,-0.073168,0.069069,-0.106407,0.000596,0.002734
0,0.144212,-0.076845,0.105458,0.076517,0.148987,0.084954,0.002517,0.001341
0,-0.151352,0.117046,-0.277104,0.221806,-0.278653,0.254641,0.002642,0.002043
0,0.05136,-0.099147,0.178856,-0.231586,0.180554,-0.262627,0.000896,0.00173
0,-0.08136,0.060472,-0.153579,0.165217,-0.107749,0.196787,0.00142,0.001055
0,0.106064,0.08033,0.159389,0.040151,0.20725,0.070579,0.001851,0.001402
0,0.095361,0.114648,-0.013451,0.034132,-0.056751,0.022004,0.001664,0.002001
0,0.098365,0.053979,0.007741,-0.041097,0.051636,-0.084092,0.001717,0.000942
0,-0.066813,-0.007929,-0.148138,-0.083602,-0.165068,-0.085792,0.001166,0.000138
0,-0.001245,0.132046,0.071371,0.125291,0.071883,0.108008,2.2e-05,0.002305
0,0.022195,0.140577,0.002473,-0.008059,0.049853,-0.007823,0.000387,0.002454
0,0.03652,0.152024,0.027463,0.025446,0.003837,-0.002692,0.000637,0.002653
0,-0.002757,0.118854,-0.028648,-0.012242,0.021157,-0.060084,4.8e-05,0.002074
0,0.00248,0.060132,0.025819,-0.042389,0.061705,-0.068548,4.3e-05,0.00105
0,-0.155175,0.011979,-0.14078,-0.06524,-0.106864,-0.031657,0.002708,0.000209
0,0.042072,-0.041648,0.179281,-0.059298,0.222378,-0.090962,0.000734,0.000727
0,0.086357,-0.088636,0.037779,-0.037928,0.050679,-0.05781,0.001507,0.001547
0,0.007227,0.127364,-0.08805,0.189044,-0.053889,0.162749,0.000126,0.002223
0,0.121058,0.06631,0.10391,-0.034234,0.08442,-0.056523,0.002113,0.001157
0,0.091606,-0.037256,-0.05522,-0.109645,-0.015184,-0.109508,0.001599,0.00065
0,-0.075517,0.088414,-0.161339,0.107563,-0.185507,0.089028,0.001318,0.001543
0,0.05016,0.028783,0.098947,-0.064358,0.104208,-0.082886,0.000875,0.000502
0,0.006887,-0.167522,-0.055535,-0.170346,-0.023095,-0.208309,0.00012,0.002694
0,0.01721,-0.126593,-0.014,0.02212,-0.038284,-0.006394,0.0003,0.002209
0,0.087903,0.094149,0.043257,0.225034,0.003425,0.198587,0.001534,0.001643
0,0.138087,-0.13786,0.067188,-0.231892,0.04139,-0.199236,0.00241,0.002406
0,0.101752,0.12041,-0.017927,0.239065,0.011982,0.2555,0.001776,0.002102
0,-0.001804,0.117034,-0.119467,0.012641,-0.090156,0.039547,3.1e-05,0.002043
0,0.119948,0.023567,0.127988,-0.106148,0.133113,-0.090714,0.002093,0.000411
0,-0.011491,-0.069061,-0.140875,-0.070819,-0.130137,-0.090315,0.000201,0.001205
0,-0.025507,-0.133886,-0.003856,-0.085643,-0.038136,-0.107704,0.000445,0.002337
0,-0.007327,0.003242,-0.002359,0.113242,-0.034558,0.118198,0.000128,5.7e-05
0,0.160412,0.061422,0.168275,0.082373,0.190733,0.082456,0.0028,0.001072
0,0.141478,-0.122011,-0.015235,-0.158779,-0.042436,-0.116873,0.002469,0.002129
0,0.060764,-0.101911,-0.074237,0.021267,-0.058741,-0.023974,0.001061,0.001779
0,-0.009352,0.049142,-0.081501,0.160812,-0.060878,0.178584,0.000163,0.000858
0,0.044753,-0.108769,0.041892,-0.166089,0.088116,-0.138309,0.000781,0.001898
0,0.15264,0.11361,0.103789,0.219652,0.072752,0.261096,0.002664,0.001983
0,0.026371,-0.027097,-0.097249,-0.164647,-0.100852,-0.206884,0.00046,0.000473
0,0.143565,0.204031,0.114902,0.231023,0.091563,0.232117,0.002506,0.002056
0,0.261634,-0.067011,0.134686,-0.248943,0.175359,-0.281596,0.001051,0.00117
0,0.039224,-0.051726,-0.205277,-0.004395,-0.235916,0.041588,0.000685,0.000903
0,0.196159,0.160736,0.159627,0.236954,0.167524,0.221185,0.002194,0.002805
0,0.239877,0.115771,0.040487,-0.039688,0.087173,-0.038909,0.001431,0.002021
0,0.207141,0.067605,-0.037433,-0.064655,-0.064566,-0.058509,0.002002,0.00118
0,0.190714,0.100053,-0.032935,0.053136,-0.052382,0.039343,0.002289,0.001746
0,-0.040888,0.056913,-0.243297,-0.052255,-0.241565,-0.005498,0.000714,0.000993
0,-0.070247,0.184497,-0.005961,0.119656,0.019865,0.1326,0.001226,0.002397
0,0.081522,0.052833,0.141512,-0.131792,0.105017,-0.181145,0.001423,0.000922
0,0.061399,0.205677,-0.013328,0.171206,-0.039897,0.201683,0.001072,0.002028
0,0.106289,0.139492,0.040174,-0.045261,0.031307,-0.011098,0.001855,0.002435
0,-0.107743,0.130071,-0.198528,-0.033791,-0.183238,0.005859,0.00188,0.00227
0,-0.067043,0.035316,0.023686,-0.095063,-0.015441,-0.080162,0.00117,0.000616
0,-0.113404,0.101902,-0.073042,0.041515,-0.099274,0.065346,0.001979,0.001779
0,-0.124605,0.129888,-0.007921,0.027479,0.020739,0.030702,0.002175,0.002267
0,-0.164313,0.081961,-0.053765,-0.024414,-0.076701,-0.033845,0.00275,0.00143
0,-0.165573,-0.105395,-0.025378,-0.191821,-0.062793,-0.233495,0.002728,0.001839
0,0.052243,0.018691,0.188827,0.145694,0.1515,0.164806,0.000912,0.000326
0,-0.056203,0.103729,-0.090502,0.114723,-0.086199,0.076697,0.000981,0.00181
0,-0.101796,-0.057871,-0.065389,-0.172178,-0.112989,-0.160353,0.001777,0.00101
0,0.005791,0.069579,0.126278,0.149073,0.078189,0.134733,0.000101,0.001214
0,-0.053094,0.154034,-0.080998,0.106964,-0.117716,0.10437,0.000927,0.002688
0,0.120261,-0.078793,0.20082,-0.258942,0.181795,-0.306226,0.002099,0.001375
0,0.122682,0.033124,-0.013978,0.137681,0.022294,0.098342,0.002141,0.000578
0,0.271527,0.046503,0.130975,0.028813,0.116253,-0.016072,0.000878,0.000812
0,0.132349,0.178091,-0.145396,0.11467,-0.130292,0.09864,0.00231,0.002509
0,0.181065,0.113098,0.03618,-0.03664,0.017565,-0.068196,0.002457,0.001974
0,0.062549,0.131555,-0.095395,0.003884,-0.138109,-0.011463,0.001092,0.002296
0,0.094052,0.03682,0.051966,-0.092608,0.031414,-0.07138,0.001642,0.000643
0,0.018246,0.108423,-0.046265,0.077603,-0.041217,0.082328,0.000318,0.001892
0,0.044605,-0.016593,0.039817,-0.10073,0.079084,-0.107048,0.000779,0.00029
0,0.049129,0.037534,0.025482,0.074822,-0.004986,0.051131,0.000857,0.000655
0,-0.039644,-0.007384,-0.08837,-0.043874,-0.079426,-0.005598,0.000692,0.000129
0,0.217362,-0.059635,0.239642,-0.026535,0.215629,-0.026768,0.001824,0.001041
0,-0.0899,0.174516,-0.302207,0.243737,-0.253477,0.195269,0.001569,0.002572
0,0.154051,0.086592,0.231261,-0.067337,0.195179,-0.075743,0.002689,0.001511
0,0.048196,0.065146,-0.11306,-0.009993,-0.133112,0.033328,0.000841,0.001137
0,-0.020938,0.197883,-0.065984,0.129912,-0.048883,0.098866,0.000365,0.002164
0,0.219879,0.213104,0.248516,0.023107,0.250086,0.049042,0.00178,0.001898
0,0.004598,0.050266,-0.212867,-0.188873,-0.244631,-0.212661,8e-05,0.000877
0,0.124384,-0.02884,0.136667,-0.070536,0.142025,-0.091387,0.002171,0.000503
0,0.07629,0.187154,-0.025443,0.218574,-0.068016,0.228587,0.001332,0.002351
0,0.075507,0.09253,-0.005059,-0.098793,0.013181,-0.058077,0.001318,0.001615
0,0.139891,0.171572,0.083868,0.100003,0.038446,0.112007,0.002442,0.002623
0,0.061364,0.009261,-0.095229,-0.145346,-0.093658,-0.17516,0.001071,0.000162
0,-0.073412,0.00381,-0.114007,0.017704,-0.070919,0.039563,0.001281,6.6e-05
0,-0.141247,0.146073,-0.066067,0.14241,-0.053169,0.134618,0.002465,0.002549
0,-0.156179,-0.020534,-0.030132,-0.176966,-0.058236,-0.146824,0.002726,0.000358
0,-0.174198,0.189115,-0.0168,0.199216,-0.012575,0.186254,0.002577,0.002317
0,-0.080623,0.136001,0.08664,-0.077719,0.113511,-0.055576,0.001407,0.002374
0,-0.035609,0.045903,0.025124,-0.099922,0.054036,-0.105549,0.000621,0.000801
0,0.080365,0.070691,0.140572,0.049698,0.150422,0.07834,0.001403,0.001234
0,0.058254,-0.05713,-0.049912,-0.142127,-0.096109,-0.184128,0.001017,0.000997
0,-0.033311,0.141741,-0.099266,0.170612,-0.144318,0.182182,0.000581,0.002474
0,-0.055808,-0.035648,-0.004963,-0.204762,-0.029317,-0.224946,0.000974,0.000622
0,0.080313,0.127092,0.149985,0.181927,0.133579,0.186711,0.001402,0.002218
0,-0.057516,0.074107,-0.127296,-0.026378,-0.143127,-0.017103,0.001004,0.001293
0,-0.012191,-0.115378,0.063443,-0.189623,0.068853,-0.182061,0.000213,0.002014
0,-0.113253,-0.116563,-0.128015,0.015264,-0.15657,0.017002,0.001977,0.002034
0,0.081018,0.028324,0.179828,0.161632,0.176841,0.13316,0.001414,0.000494
0,0.100279,0.013415,-0.001372,-0.01855,0.015197,0.030029,0.00175,0.000234
0,0.078932,-0.010506,3e-06,-0.023373,0.016452,0.009777,0.001378,0.000183
0,-0.014967,-0.173346,-0.088588,-0.141927,-0.134237,-0.148406,0.000261,0.002592
0,-0.061323,-0.048264,-0.056432,0.132825,-0.017619,0.124938,0.00107,0.000842
0,0.107263,-0.199419,0.165688,-0.141307,0.142648,-0.140667,0.001872,0.002137
0,-0.165186,-0.054672,-0.276946,0.127575,-0.317101,0.115582,0.002734,0.000954
0,0.121301,-0.089873,0.305159,-0.057382,0.293718,-0.066817,0.002117,0.001569
0,-0.083951,-0.13877,-0.181136,-0.055824,-0.219513,-0.024272,0.001465,0.002422
0,-0.021,0.138658,0.074245,0.300594,0.102813,0.252839,0.000367,0.00242
0,-0.064529,0.138471,-0.052167,0.000793,-0.021721,-0.003767,0.001126,0.002417
0,0.027825,-0.09192,0.06239,-0.225397,0.04842,-0.264349,0.000486,0.001604
0,0.120664,0.125575,0.091636,0.188484,0.089461,0.209303,0.002106,0.002192
0,-0.055593,-0.129773,-0.204635,-0.23076,-0.215857,-0.195727,0.00097,0.002265
0,0.23115,0.024285,0.280346,0.155182,0.271622,0.185829,0.001583,0.000424
0,0.061122,-0.057287,-0.160967,-0.087393,-0.164847,-0.060069,0.001067,0.001
0,0.070898,0.08375,-0.01739,0.132407,-0.048342,0.121375,0.001237,0.001462
0,0.017256,0.125818,-0.071802,0.028447,-0.08758,0.039033,0.000301,0.002196
0,-0.017378,-0.052033,-0.026623,-0.17371,0.018083,-0.160651,0.000303,0.000908
0,-0.031276,0.0175,-0.011597,0.092161,-0.039645,0.10781,0.000546,0.000305
0,-0.021501,0.089051,-0.017357,0.072526,-0.000161,0.097647,0.000375,0.001554
0,0.180216,-0.134387,0.216922,-0.237837,0.201296,-0.284743,0.002472,0.002345
0,0.172064,0.005338,-0.00144,0.1588,0.027711,0.118272,0.002614,9.3e-05
0,0.102937,-0.010843,-0.077826,-0.022911,-0.093439,-0.051397,0.001797,0.000189
0,0.039031,0.086647,-0.036736,0.109638,-0.070415,0.154914,0.000681,0.001512
0,-0.126327,0.093456,-0.137306,0.008851,-0.166466,-0.021609,0.002205,0.001631
0,0.037713,-0.134549,0.138319,-0.250012,0.097386,-0.209821,0.000658,0.002348
0,-0.031935,-0.203306,-0.050743,-0.059453,-0.012495,-0.083321,0.000557,0.002069
0,0.100584,-0.004217,0.128185,0.225227,0.164547,0.22371,0.001756,7.4e-05
0,-0.055052,-0.103016,-0.182991,-0.078431,-0.138494,-0.085159,0.000961,0.001798
0,-0.087733,-0.089508,-0.024796,-0.000151,0.011837,-0.002214,0.001531,0.001562
0,0.120002,0.000663,0.224512,0.071266,0.189167,0.032522,0.002094,1.2e-05
0,-0.043216,0.029461,-0.182918,0.023805,-0.145903,-0.009692,0.000754,0.000514
0,-0.097588,-0.118932,-0.026671,-0.176708,-0.011326,-0.222001,0.001703,0.002076
0,0.137222,-0.168527,0.245831,-0.028004,0.295187,0.017555,0.002395,0.002676
0,-0.124468,0.069378,-0.277529,0.238951,-0.238163,0.201713,0.002172,0.001211
0,0.020237,-0.072629,0.125677,-0.16477,0.09196,-0.134811,0.000353,0.001268
0,-0.045553,-0.022103,-0.048865,0.027603,-0.008105,0.062269,0.000795,0.000386
0,-0.128265,-0.20133,-0.086065,-0.156505,-0.038127,-0.120968,0.002239,0.002104
0,-0.111432,-0.058322,0.01787,0.166729,0.065301,0.193467,0.001945,0.001018
0,-0.051949,-0.056273,0.047659,-0.00685,0.041707,0.026566,0.000907,0.000982
0,0.046331,-0.116395,0.105916,-0.060268,0.062299,-0.037191,0.000809,0.002031
0,-0.179035,-0.04554,-0.230547,0.089511,-0.192528,0.070218,0.002493,0.000795
0,-0.081457,-0.122929,0.105481,-0.068525,0.133859,-0.077885,0.001422,0.002146
0,0.082906,-0.063879,0.150754,0.040283,0.176045,0.076822,0.001447,0.001115
0,-0.098579,-0.065901,-0.204748,0.016745,-0.174584,0.037679,0.001721,0.00115
0,0.045512,0.070296,0.170868,0.155959,0.141254,0.20557,0.000794,0.001227
0,0.179103,-0.203955,0.140711,-0.281662,0.14533,-0.30128,0.002492,0.002058
0,-0.088939,-0.128073,-0.245763,0.058947,-0.212984,0.04428,0.001552,0.002235
0,-0.137633,0.053349,-0.066129,0.203115,-0.060827,0.17199,0.002402,0.000931
0,-0.023577,-0.099542,0.108407,-0.152929,0.157621,-0.110764,0.000411,0.001737
0,-0.017518,-0.144599,0.010266,-0.038535,-0.021336,-0.081294,0.000306,0.002524
0,-0.005525,0.029481,-0.016311,0.182871,-0.02171,0.172612,9.6e-05,0.000515
0,0.032781,-0.072883,0.016245,-0.126722,0.046061,-0.173673,0.000572,0.001272
0,0.085673,0.006846,0.051454,0.070853,0.054187,0.028647,0.001495,0.000119
0,0.093214,-0.005935,-0.009611,0.005233,-0.047113,0.011398,0.001627,0.000104
0,0.106261,-0.113585,0.041554,-0.082962,0.049136,-0.111217,0.001855,0.001982
0,0.102874,-0.013997,0.000473,0.081207,-0.045844,0.08751,0.001795,0.000244
0,-0.127565,-0.219655,-0.234336,-0.195764,-0.267216,-0.174515,0.002226,0.001784
0,-0.057537,-0.219737,0.065233,-0.004702,0.037757,-0.042913,0.001004,0.001782
0,-0.071553,-0.264386,-0.015132,-0.066479,0.01632,-0.100377,0.001249,0.001003
0,-0.164151,-0.15773,-0.091255,0.127886,-0.042407,0.131144,0.002753,0.002753
0,-0.092098,-0.262087,0.093308,-0.088468,0.113347,-0.081287,0.001607,0.001043
0,-2.769023,-1.282396,-2.667901,-1.005747,-2.634219,-1.015748,0.002229,8.8e-05
0,-5.324372,-1.719077,-2.555527,-0.434875,-2.519162,-0.445676,0.00257,0.001916
0,-6.628174,-2.646114,-1.275054,-0.949828,-1.324552,-0.962411,0.002284,0.001243
0,-6.478359,-2.435108,0.125062,0.185424,0.112897,0.188792,0.000719,0.002439
0,-4.46929,-2.075284,2.035621,0.383817,2.037423,0.340824,0.000641,0.002515
0,-4.446555,-1.743882,0.023232,0.30194,-0.024,0.338563,0.001038,0.002349
0,-3.631355,-1.680387,0.795798,0.089581,0.813938,0.113987,0.001587,0.001241
0,-2.423729,-1.140001,1.190175,0.554632,1.178839,0.543352,0.002638,0.002573
0,-1.411079,-0.953046,1.037337,0.207217,1.015359,0.223924,0.002158,0.000219
0,-1.115493,-0.801104,0.303002,0.169659,0.34103,0.168542,0.002616,0.002747
0,-0.648319,-0.113907,0.467703,0.685512,0.455391,0.645872,8e-05,0.001988
0,-0.288508,-0.149326,0.33581,-0.013783,0.377692,0.016412,0.000582,0.002606
0,0.11967,0.058144,0.390903,0.215622,0.353097,0.181484,0.002089,0.001015
0,0.099896,0.230704,-0.015177,0.14452,-0.062543,0.172546,0.001744,0.001591
0,0.268878,0.186238,0.17553,-0.054934,0.223885,-0.067318,0.000925,0.002367
0,0.300785,0.148681,0.002177,-0.043986,-0.014594,-0.022121,0.000368,0.002595
0,0.295875,0.178806,0.01066,0.041748,0.028182,0.046447,0.000454,0.002497
0,0.060899,0.222981,-0.257162,0.067298,-0.295853,0.07765,0.001063,0.001726
0,0.103559,-0.042343,0.028616,-0.240782,0.024117,-0.286025,0.001807,0.000739
0,0.19874,0.056487,0.1154,0.121713,0.08401,0.120003,0.002149,0.000986
0,0.048255,-0.047935,-0.157564,-0.132606,-0.198208,-0.08555,0.000842,0.000837
0,0.154034,-0.090608,0.096994,-0.058186,0.095897,-0.029666,0.002688,0.001581
0,0.090458,-0.105848,-0.053396,-0.023422,-0.089758,-0.043139,0.001579,0.001847
0,0.032641,-0.066249,-0.049131,0.045186,-0.09015,-0.00341,0.00057,0.001156
0,0.017928,0.014589,0.00116,0.082503,0.002864,0.069362,0.000313,0.000255
0,-0.119902,-0.054735,-0.121099,-0.056229,-0.15542,-0.080982,0.002093,0.000955
0,-0.118781,-0.048468,0.001111,0.011443,0.000233,0.014951,0.002073,0.000846
0,0.160064,-0.187601,0.308094,-0.154109,0.268289,-0.137303,0.002794,0.002343
0,0.096216,0.088542,-0.053329,0.287539,-0.102674,0.269322,0.001679,0.001545
0,0.040445,0.106266,-0.069947,0.033478,-0.116747,0.005854,0.000706,0.001855
0,0.120276,-0.115463,0.082428,-0.228633,0.034377,-0.26338,0.002099,0.002015
0,-0.041707,0.150383,-0.157331,0.260478,-0.185043,0.289149,0.000728,0.002625
0,0.048628,-0.046409,0.101483,-0.168986,0.114265,-0.168413,0.000849,0.00081
0,0.004432,-0.01278,-0.032061,0.02339,-0.045387,0.000449,7.7e-05,0.000223
0,-0.059665,-0.103926,-0.072416,-0.092927,-0.04602,-0.140004,0.001041,0.001814
0,0.102318,0.102815,0.152812,0.177747,0.108139,0.206641,0.001786,0.001794
0,-0.118646,0.095943,-0.240825,0.014235,-0.25398,-0.019405,0.002071,0.001675
0,-0.170548,-0.112783,-0.066985,-0.191021,-0.029934,-0.206803,0.002641,0.001968
0,0.079682,0.047759,0.277445,0.145491,0.277864,0.10761,0.001391,0.000834
0,0.076732,-0.013251,0.002361,-0.084639,-0.042813,-0.126631,0.001339,0.000231
0,-0.139809,-0.038929,-0.19981,-0.048377,-0.198971,-0.094662,0.00244,0.000679
0,-0.030777,0.012947,0.115008,0.077888,0.148241,0.033932,0.000537,0.000226
0,-0.111666,-0.155748,-0.072397,-0.170601,-0.046584,-0.216242,0.001949,0.002718
0,-0.035453,0.064081,0.051516,0.216796,0.085514,0.246825,0.000619,0.001118
0,0.125916,0.103784,0.138434,0.035742,0.120921,0.027002,0.002198,0.001811
0,0.140967,0.060949,0.00664,-0.070565,0.053669,-0.076746,0.00246,0.001064
0,0.000643,-0.039147,-0.146031,-0.070951,-0.110394,-0.094226,1.1e-05,0.000683
0,-0.04229,-0.086292,-0.072922,-0.048216,-0.109507,-0.029367,0.000738,0.001506
0,-0.095741,0.123629,-0.037719,0.21312,-0.070513,0.178179,0.001671,0.002158
0,0.055315,0.054562,0.178172,-0.088857,0.142382,-0.087299,0.000965,0.000952
0,-0.056399,0.001463,-0.109517,-0.069792,-0.114456,-0.069168,0.000984,2.6e-05
0,0.165667,0.172463,0.223619,0.17165,0.213914,0.150205,0.002726,0.002607
0,0.003524,0.066175,-0.167456,-0.118861,-0.178712,-0.074079,6.1e-05,0.001155
0,0.071374,0.074622,0.070534,-0.015017,0.094501,-0.000662,0.001246,0.001302
0,-0.185934,0.030908,-0.278041,-0.054549,-0.242176,-0.052491,0.002372,0.000539
0,-0.175773,-0.134525,0.03305,-0.180539,0.040259,-0.204867,0.00255,0.002348
0,0.01231,-0.022684,0.16183,0.087504,0.127877,0.088238,0.000215,0.000396
0,-0.182159,0.014563,-0.211796,0.011194,-0.214672,0.035808,0.002438,0.000254
0,0.096248,-0.11654,0.25189,-0.149299,0.229584,-0.181137,0.00168,0.002034
0,-0.10569,-0.116426,-0.18539,0.015528,-0.172414,0.024519,0.001845,0.002032
0,0.031289,0.039831,0.107825,0.132243,0.113548,0.1338,0.000546,0.000695
0,0.03041,-0.00496,-0.030244,-0.074217,-0.039286,-0.04209,0.000531,8.7e-05
0,0.061077,0.119489,0.000965,0.125255,0.027562,0.142788,0.001066,0.002085
0,-0.046103,-0.042551,-0.093889,-0.1466,-0.110263,-0.148368,0.000805,0.000743
0,0.051836,0.037915,0.076128,0.054207,0.092232,0.009859,0.000905,0.000662
0,0.033241,-0.019434,-0.007131,-0.06167,-0.039681,-0.073538,0.00058,0.000339
0,-0.042377,0.10697,-0.062777,0.135891,-0.022765,0.092544,0.00074,0.001867
0,-0.151505,-0.009512,-0.10881,-0.098033,-0.120448,-0.135049,0.002644,0.000166
0,-0.116177,-0.112345,0.010312,-0.107745,0.03788,-0.124819,0.002028,0.001961
0,-0.163579,-0.130497,-0.056533,-0.001775,-0.075575,-0.04464,0.002763,0.002278
0,-0.092502,-0.128053,0.047208,-0.012462,0.086636,-0.011303,0.001614,0.002235
0,-0.043174,0.070618,0.026402,0.205453,0.072256,0.219649,0.000754,0.001233
0,-0.167576,-0.059363,-0.151579,-0.10427,-0.175471,-0.08382,0.002693,0.001036
0,-0.068075,0.015901,0.071225,0.067147,0.025031,0.02462,0.001188,0.000278
0,0.020954,-0.064797,0.077652,-0.097793,0.103425,-0.128168,0.000366,0.001131
0,0.036759,0.125608,0.018605,0.193562,0.038055,0.239132,0.000642,0.002192
0,0.09285,0.106183,0.062547,-0.019211,0.065663,0.010913,0.001621,0.001853
0,0.047049,0.07187,-0.03834,-0.040795,-0.067832,-0.059035,0.000821,0.001254
0,0.038274,0.106861,-0.023146,0.029524,-0.01231,-0.001173,0.000668,0.001865
0,0.021383,0.037398,0.012951,-0.088507,0.005816,-0.082217,0.000373,0.000653
0,-0.116707,0.1319,-0.134216,0.099718,-0.136362,0.07054,0.002037,0.002302
0,-0.053596,-0.04572,0.081424,-0.205084,0.089822,-0.212388,0.000935,0.000798
0,-0.144417,-0.138807,-0.096104,-0.093812,-0.050651,-0.101466,0.002521,0.002423
0,0.011041,0.039903,0.166995,0.156817,0.17775,0.147186,0.000193,0.000696
0,0.021914,0.105627,-0.006483,0.060421,-0.020818,0.058595,0.000382,0.001844
0,0.104086,-0.059883,0.10271,-0.136351,0.119897,-0.154625,0.001817,0.001045
0,0.126715,0.064046,-0.005873,0.1104,-0.004857,0.094234,0.002212,0.001118
0,-0.047771,0.100007,-0.16134,0.044815,-0.135438,0.029318,0.000834,0.001745
0,0.0928,-0.048306,0.140472,-0.156018,0.092133,-0.147315,0.00162,0.000843
0,0.048958,0.063367,-0.062929,0.112426,-0.072761,0.102722,0.000854,0.001106
0,-0.077627,0.086857,-0.140609,0.00689,-0.172453,0.010911,0.001355,0.001516
0,-0.026932,-0.040594,0.062974,-0.141975,0.013517,-0.133335,0.00047,0.000708
0,-0.198488,0.018393,-0.171127,0.064114,-0.170674,0.069247,0.002153,0.000321
0,-0.133084,-0.13508,0.051387,-0.178763,0.09818,-0.227392,0.002323,0.002358
0,-0.008191,-0.113014,0.10202,0.011035,0.069807,0.022519,0.000143,0.001972
0,-0.142272,-0.088326,-0.107582,0.034857,-0.144452,0.054807,0.002483,0.001542
0,-0.051126,0.032675,0.090092,0.137544,0.052962,0.122184,0.000892,0.00057
0,-0.16191,-0.081438,-0.090271,-0.138664,-0.105124,-0.111649,0.002792,0.001421
0,-0.130356,-0.034538,0.017636,0.040078,0.001317,0.055623,0.002275,0.000603
0,0.011415,0.097505,0.144308,0.148875,0.185136,0.196469,0.000199,0.001702
0,0.133228,-0.094133,0.117387,-0.171686,0.104394,-0.214671,0.002325,0.001643
0,-0.122599,-0.006167,-0.27397,0.093892,-0.234693,0.125499,0.00214,0.000108
0,-0.0604,-0.067709,0.038264,-0.072533,0.007316,-0.049941,0.001054,0.001182
0,-0.001194,0.013326,0.087576,0.099444,0.112248,0.106016,2.1e-05,0.000233
0,0.00476,-0.065593,0.031769,-0.076169,0.011128,-0.119066,8.3e-05,0.001145
0,-0.126229,0.001262,-0.141012,0.057498,-0.127216,0.107266,0.002203,2.2e-05
0,-0.059777,-0.076905,0.054935,-0.095718,0.015712,-0.139304,0.001043,0.001342
0,-0.128816,-0.09189,-0.084399,-0.001589,-0.091146,0.044134,0.002248,0.001604
0,0.019355,-0.070925,0.127148,-0.00074,0.13182,-0.038987,0.000338,0.001238
0,0.142609,-0.059226,0.115929,0.028647,0.141128,0.017576,0.002489,0.001034
0,-0.05288,0.009096,-0.181554,0.065703,-0.198722,0.064802,0.000923,0.000159
0,-0.045511,0.04637,0.019132,0.029469,0.029867,-0.016784,0.000794,0.000809
0,0.022807,-0.05367,0.076383,-0.078035,0.108404,-0.034412,0.000398,0.000937
0,0.191613,-0.205934,0.198454,-0.162599,0.212915,-0.14878,0.002273,0.002023
0,0.061126,-0.168917,-0.123114,0.023163,-0.112723,0.0196,0.001067,0.002669
0,0.034957,-0.059383,-0.017265,0.121391,-0.060959,0.094092,0.00061,0.001036
0,-0.085859,-0.050771,-0.09289,0.018903,-0.071173,-0.013909,0.001499,0.000886
0,0.009453,-0.001357,0.088731,0.021392,0.098358,0.050309,0.000165,2.4e-05
0,-0.07879,-0.02055,-0.078736,-0.029088,-0.118394,0.012097,0.001375,0.000359
0,0.019948,0.023592,0.115565,0.058452,0.131485,0.085136,0.000348,0.000412
0,0.11753,-0.120211,0.113313,-0.136339,0.088977,-0.179408,0.002051,0.002098
0,-0.053091,-0.177019,-0.169825,-0.077908,-0.16515,-0.082489,0.000927,0.002528
0,-0.135207,-0.091269,-0.064298,0.073599,-0.047757,0.074185,0.00236,0.001593
0,0.010663,-0.044052,0.167151,0.034615,0.203402,0.064122,0.000186,0.000769
0,-0.034344,-0.118859,-0.053035,-0.096244,-0.085843,-0.112117,0.000599,0.002074
0,0.032169,-0.088226,0.076976,0.034086,0.119078,0.006083,0.000561,0.00154
0,-0.040051,0.131739,-0.056337,0.211892,-0.082832,0.260968,0.000699,0.002299
0,0.073008,-0.080816,0.089855,-0.212822,0.053567,-0.177425,0.001274,0.001411
0,-0.131458,-0.075389,-0.200156,0.010161,-0.194413,0.033913,0.002294,0.001316
0,0.087854,-0.134791,0.228291,-0.086218,0.261682,-0.096156,0.001533,0.002353
0,-0.008408,0.146531,-0.079844,0.278168,-0.037334,0.289031,0.000147,0.002557
0,-0.07761,-0.123364,-0.09553,-0.286823,-0.073141,-0.265167,0.001355,0.002153
0,-0.090605,-0.066107,0.014784,0.08122,-0.027188,0.10003,0.001581,0.001154
0,0.046342,0.091499,0.114444,0.182894,0.120377,0.231273,0.000809,0.001597
0,0.141994,-0.020243,0.087424,-0.107682,0.084396,-0.076361,0.002478,0.000353
0,-0.160017,-0.113888,-0.330625,-0.109213,-0.315468,-0.082984,0.002793,0.001988
0,0.016028,-0.028045,0.199096,0.084538,0.158774,0.088224,0.00028,0.000489
0,-0.058161,0.01293,-0.062309,0.03756,-0.040111,0.001309,0.001015,0.000226
0,-0.178741,0.069211,-0.120675,0.030847,-0.155459,0.066163,0.002498,0.001208
0,-0.064558,-0.020502,0.10462,-0.118286,0.088059,-0.119165,0.001127,0.000358
0,0.06968,0.077423,0.158457,0.093188,0.152379,0.069232,0.001216,0.001351
0,0.024283,0.079322,-0.034038,-0.022045,-0.028535,-0.033044,0.000424,0.001384
0,0.065946,-0.050808,0.026866,-0.12421,0.040057,-0.133402,0.001151,0.000887
0,0.097634,-0.03701,0.026759,-0.010299,-0.008207,0.001654,0.001704,0.000646
0,0.068633,-0.011185,-0.004004,0.023186,-0.038756,-0.003347,0.001198,0.000195
0,-0.001234,0.10355,-0.075034,0.098856,-0.108603,0.074215,2.2e-05,0.001807
0,0.087703,0.063485,0.096453,-0.031982,0.105089,-0.04106,0.001531,0.001108
0,0.135071,0.009764,0.044297,-0.025916,-0.000556,-0.010004,0.002357,0.00017
0,0.123289,-0.142115,0.003541,-0.161458,0.015246,-0.202394,0.002152,0.00248
0,0.207956,0.026267,0.11329,0.154293,0.121975,0.183722,0.001988,0.000458
0,-0.051158,0.143329,-0.249916,0.117753,-0.204044,0.156534,0.000893,0.002502
0,-0.006546,-0.038229,0.027983,-0.180172,0.033395,-0.140162,0.000114,0.000667
0,0.055561,0.093965,0.072549,0.118709,0.066679,0.150677,0.00097,0.00164
0,0.099145,0.001879,0.059331,-0.097623,0.034272,-0.089651,0.00173,3.3e-05
0,0.073095,0.144055,-0.054577,0.134988,-0.025193,0.169278,0.001276,0.002514
0,-0.018319,0.087074,-0.06821,-0.02818,-0.049472,-0.039525,0.00032,0.00152
0,0.018274,0.030864,0.034699,-0.030617,0.00568,-0.013858,0.000319,0.000539
0,-0.110699,-0.123184,-0.124042,-0.168826,-0.148298,-0.175186,0.001932,0.00215
0,0.073498,0.057751,0.214171,0.182064,0.260768,0.175347,0.001283,0.001008
0,-0.065861,-0.015402,-0.158099,-0.067222,-0.184696,-0.092595,0.001149,0.000269
0,0.050386,0.045208,0.132255,0.055611,0.13401,0.096275,0.000879,0.000789
0,0.164675,0.076931,0.115069,0.0233,0.098342,0.036883,0.002743,0.001343
0,-0.115577,0.073085,-0.294983,0.00423,-0.327389,0.002405,0.002017,0.001276
0,0.064096,-0.065687,0.193288,-0.164953,0.183497,-0.158375,0.001119,0.001146
0,0.048103,0.033141,-0.018373,0.101595,-0.032191,0.105341,0.00084,0.000578
0,-0.035687,0.156564,-0.107955,0.117618,-0.069119,0.130102,0.000623,0.002733
0,-0.03195,0.086035,-0.016071,-0.091173,0.014774,-0.088491,0.000558,0.001502
0,0.035611,0.090498,0.066122,0.025985,0.081303,-0.012694,0.000622,0.001579
0,0.029561,0.097241,-0.026174,0.004124,0.001768,-0.022782,0.000516,0.001697
0,-0.076311,-0.076223,-0.105536,-0.177551,-0.061285,-0.212783,0.001332,0.00133
0,-0.116337,-0.054541,-0.037878,0.043007,-0.043608,-0.004589,0.00203,0.000952
0,-0.140536,0.037806,-0.028896,0.089872,-0.031811,0.083313,0.002453,0.00066
0,-0.064505,-0.053817,0.068685,-0.075665,0.041401,-0.097014,0.001126,0.000939
0,-0.296793,-0.011312,-0.208179,0.045488,-0.240848,0.045068,0.000437,0.000197
0,-0.336114,0.063148,-0.029274,0.073021,-0.032973,0.06215,0.000249,0.001102
0,-0.094075,-0.123611,0.231999,-0.202143,0.268871,-0.231194,0.001642,0.002157
0,-0.310503,0.105441,-0.220927,0.222736,-0.19872,0.249001,0.000198,0.00184
0,-0.38065,-0.149642,-0.053841,-0.277649,-0.043922,-0.262022,0.001026,0.002612
0,-0.272852,0.02763,0.080704,0.159036,0.127524,0.11143,0.000855,0.000482
0,-0.365101,-0.125399,-0.076648,-0.178631,-0.09364,-0.201809,0.000755,0.002189
0,-0.272979,0.059418,0.104352,0.201604,0.102633,0.239016,0.000853,0.001037
0,-0.156281,0.045581,0.11896,-0.043666,0.153434,-0.078094,0.002728,0.000796
0,-0.229869,0.058227,-0.049858,-0.010957,-0.030531,-0.00173,0.001606,0.001016
0,-0.101286,0.108074,0.113235,0.038459,0.147889,0.078726,0.001768,0.001886
0,-0.068331,0.100334,0.021162,-0.004368,0.037911,0.033133,0.001193,0.001751
0,-0.033182,0.080872,0.021326,-0.023123,0.019635,-0.068025,0.000579,0.001411
0,-0.093461,0.057048,-0.032757,0.005621,-0.021786,-0.010178,0.001631,0.000996
0,-0.110038,0.106057,-0.030092,0.070684,-0.022427,0.041616,0.001921,0.001851
0,0.147317,0.098737,0.232551,-0.023791,0.187444,-0.006447,0.002571,0.001723
0,-0.09592,-0.005906,-0.241184,-0.108994,-0.257685,-0.139912,0.001674,0.000103
0,0.092924,-0.015958,0.192125,0.004392,0.180919,-0.001056,0.001622,0.000279
0,-0.139773,-0.032049,-0.259599,-0.021555,-0.237244,-0.043134,0.002439,0.000559
0,0.074807,-0.072497,0.20983,-0.069031,0.234865,-0.093704,0.001306,0.001265
0,-0.029083,0.099055,-0.096889,0.148343,-0.061085,0.18111,0.000508,0.001729
0,-0.075687,-0.13131,-0.042101,-0.259921,-0.033703,-0.2647,0.001321,0.002292
0,-0.17219,-0.052115,-0.083613,0.061591,-0.075789,0.017289,0.002612,0.00091
0,-0.036891,0.090053,0.142534,0.132785,0.129654,0.14099,0.000644,0.001572
0,-0.188939,-0.005122,-0.126027,-0.106425,-0.093011,-0.125446,0.00232,8.9e-05
0,0.022471,-0.076682,0.217716,-0.065561,0.237245,-0.018152,0.000392,0.001338
0,0.114741,-0.059995,0.115434,0.027721,0.133491,0.057778,0.002003,0.001047
0,0.038571,-0.102481,-0.069653,-0.054243,-0.027699,-0.08564,0.000673,0.001789
0,-0.129461,-0.071113,-0.191933,0.021222,-0.155357,0.008338,0.00226,0.001241
0,-0.096814,-0.103698,0.008055,-0.041701,-0.003489,-0.066125,0.00169,0.00181
0,-0.056874,-0.165732,0.059847,-0.049134,0.012096,-0.015438,0.000993,0.002725
0,0.093998,-0.070761,0.152555,0.074268,0.167227,0.072547,0.001641,0.001235
0,0.168289,0.063957,0.081883,0.122603,0.117042,0.090375,0.00268,0.001116
0,-0.024645,-0.059563,-0.182741,-0.111391,-0.157023,-0.071781,0.00043,0.00104
0,0.118312,0.033244,0.146955,0.121697,0.191893,0.092965,0.002065,0.00058
0,-0.033958,-0.087885,-0.177417,-0.12713,-0.151273,-0.141852,0.000593,0.001534
0,0.165164,-0.064349,0.216406,0.0507,0.22946,0.007389,0.002735,0.001123
0,0.010451,-0.000486,-0.134696,0.043316,-0.108866,-0.000173,0.000182,8e-06
0,0.192024,-0.065972,0.165603,-0.060377,0.193988,-0.060832,0.002266,0.001151
0,-0.07032,0.021665,-0.245037,0.069643,-0.259965,0.103274,0.001227,0.000378
0,0.040449,-0.023201,0.116715,-0.030185,0.143206,0.009095,0.000706,0.000405
0,0.043586,0.06862,0.019274,0.088597,0.029941,0.063994,0.000761,0.001198
0,-0.053362,-0.021607,-0.1202,-0.106789,-0.075591,-0.061564,0.000931,0.000377
0,-0.049799,-0.054182,0.023925,-0.010152,0.004659,-0.009559,0.000869,0.000946
0,0.160931,0.033927,0.195499,0.10268,0.219617,0.115751,0.002809,0.000592
0,-0.035838,0.019895,-0.168448,-0.043007,-0.154307,-0.084646,0.000625,0.000347
0,0.005699,0.16245,0.050186,0.144337,0.061096,0.164378,9.9e-05,0.002782
0,-0.131248,0.079177,-0.123432,-0.059749,-0.115992,-0.066385,0.002291,0.001382
0,-0.123204,-0.142649,0.023255,-0.243246,0.057563,-0.282433,0.00215,0.00249
0,0.041607,0.009402,0.144411,0.134399,0.141745,0.105454,0.000726,0.000164
0,0.082855,0.111781,0.04259,0.117878,0.017337,0.159685,0.001446,0.001951
0,-0.171724,0.038154,-0.262654,-0.074538,-0.232637,-0.050354,0.00262,0.000666
0,-0.0752,-0.12861,0.084892,-0.161578,0.130491,-0.19113,0.001312,0.002245
0,-0.039489,0.172855,0.018094,0.304789,0.020112,0.330858,0.000689,0.002601
0,-0.039824,-0.092681,-0.004792,-0.2713,0.010172,-0.252986,0.000695,0.001618
0,-0.117392,0.014697,-0.102084,0.112387,-0.09521,0.063907,0.002049,0.000257
0,-0.092564,0.063997,0.017825,0.055546,0.049964,0.081,0.001616,0.001117
0,0.028895,0.142367,0.122365,0.050575,0.118117,0.087415,0.000504,0.002485
0,-3.264515,0.360949,-3.275471,0.20017,-3.229053,0.157042,0.000801,0.000682
0,-4.263832,0.906866,-0.989424,0.546083,-1.013446,0.565721,0.00139,0.001025
0,-3.922624,1.193428,0.356054,0.302475,0.354176,0.30744,0.001053,0.001641
0,-3.462393,1.201051,0.482171,0.015603,0.477248,0.059374,0.001362,0.001508
0,-3.729052,0.773622,-0.276997,-0.408721,-0.278715,-0.389971,0.002326,0.002267
0,-3.148316,0.529439,0.566086,-0.256031,0.553615,-0.291093,0.001227,0.001995
0,-2.331258,0.621699,0.846872,0.115076,0.819475,0.150094,0.001366,0.000384
0,-1.933937,0.337337,0.412077,-0.270435,0.418006,-0.27574,4.9e-05,0.00027
0,-0.979894,0.177857,0.939506,-0.180117,0.987337,-0.15919,0.00025,0.002513
0,-0.483312,0.050546,0.489675,-0.137852,0.507489,-0.13948,0.0028,0.000882
0,-0.30204,0.046527,0.186663,-0.01835,0.153337,-0.003541,0.000346,0.000812
0,0.173862,-0.064434,0.498093,-0.122804,0.547901,-0.072943,0.002583,0.001125
0,0.37768,-0.158172,0.223955,-0.071826,0.269241,-0.045336,0.000974,0.002761
0,0.467191,-0.066358,0.062681,0.097128,0.055504,0.115521,0.002537,0.001158
0,0.471892,-0.214948,-0.000293,-0.167387,0.001349,-0.117993,0.002619,0.001866
0,0.372364,-0.186009,-0.094111,0.042361,-0.06101,-0.005409,0.000881,0.002371
0,0.310298,-0.234386,-0.049528,-0.057448,-0.033648,-0.05388,0.000202,0.001527
0,0.450733,0.042852,0.150858,0.292368,0.150951,0.286642,0.002249,0.000748
0,0.296912,0.008621,-0.14112,-0.036652,-0.126455,-0.013473,0.000435,0.00015
0,0.243276,0.011394,-0.082454,-0.016238,-0.066129,-0.029628,0.001372,0.000199
0,0.360252,-0.036464,0.111696,-0.023448,0.077359,-0.071841,0.00067,0.000636
0,0.125956,-0.01736,-0.251736,0.029092,-0.239616,0.034117,0.002198,0.000303
0,0.260561,-0.074275,0.127219,-0.063226,0.162787,-0.062985,0.00107,0.001296
0,0.071535,-0.063512,-0.159686,0.025143,-0.201486,0.038728,0.001249,0.001108
0,0.221187,-0.022949,0.125765,0.069867,0.162156,0.1121,0.001757,0.000401
0,0.308825,-0.050236,0.092183,-0.012566,0.060368,-0.039885,0.000227,0.000877
0,0.180127,-0.096581,-0.102446,-0.040617,-0.074543,-0.072303,0.002474,0.001686
0,0.040633,0.029003,-0.167235,0.099509,-0.158707,0.130982,0.000709,0.000506
0,-0.022994,0.07914,-0.037868,0.039497,-0.035238,0.072294,0.000401,0.001381
0,-0.011562,-0.10193,0.02246,-0.198229,0.016767,-0.217747,0.000202,0.001779
0,0.095353,-0.028704,0.090347,0.048968,0.063873,0.042217,0.001664,0.000501
0,0.156884,-0.096665,0.036955,-0.08726,0.036653,-0.098868,0.002738,0.001687
0,0.140115,-0.069621,-0.00851,0.048646,-0.035205,0.063211,0.002445,0.001215
0,0.074867,-0.131699,-0.054125,-0.067332,-0.059887,-0.064316,0.001307,0.002299
0,0.078317,0.086422,-0.024213,0.233107,-0.021716,0.215492,0.001367,0.001508
0,0.159005,-0.014614,0.092461,-0.115893,0.089534,-0.098104,0.002775,0.000255
0,0.025402,-0.161568,-0.111975,-0.138868,-0.106776,-0.107024,0.000443,0.002798
0,-0.009688,-0.171488,-0.017252,-0.008509,0.019585,0.014713,0.000169,0.002624
0,-0.059775,0.078056,-0.05451,0.277992,-0.015873,0.265598,0.001043,0.001362
0,0.059254,0.005596,0.129497,-0.080622,0.096427,-0.095398,0.001034,9.8e-05
0,0.140354,-0.041665,0.063255,-0.022475,0.021183,-0.020445,0.00245,0.000727
0,0.03366,-0.154566,-0.10658,-0.103086,-0.146097,-0.100829,0.000587,0.002698
0,0.040602,-0.165598,0.022729,0.000774,0.061431,-0.035726,0.000709,0.002727
0,-0.072979,-0.178913,-0.099613,-0.00056,-0.132917,-0.010337,0.001274,0.002495
0,-0.051266,-0.171572,0.046599,-0.015085,0.076431,-0.048137,0.000895,0.002623
0,0.161249,-0.17702,0.205816,0.017904,0.218571,0.060932,0.002803,0.002528
0,0.169119,0.033004,-0.01198,0.21441,-0.017047,0.198117,0.002666,0.000576
0,0.131665,-0.135805,-0.012767,-0.159968,0.02968,-0.181517,0.002298,0.00237
0,-2.313185,0.520815,-2.446096,0.678633,-2.488684,0.708625,0.00105,0.002145
0,-3.067441,1.030964,-0.726332,0.513094,-0.725677,0.487138,0.002638,0.001141
0,-3.155412,1.105463,-0.100028,0.052721,-0.131893,0.015049,0.001103,0.002441
0,-3.570961,1.499782,-0.399576,0.38405,-0.363755,0.348694,0.000532,0.001911
0,-3.565604,1.339543,0.016664,-0.153245,0.004289,-0.199208,0.000439,0.000909
0,-2.881575,1.218241,0.671014,-0.10263,0.664038,-0.13445,0.000265,0.001208
0,-1.925216,0.907836,0.975338,-0.324922,1.000648,-0.304629,0.000104,0.001008
0,-1.301407,0.36832,0.650675,-0.515222,0.656254,-0.487477,0.000244,0.000811
0,-0.977104,0.301113,0.310083,-0.079952,0.334537,-0.08193,0.000201,0.000362
0,-0.426573,0.128766,0.525125,-0.178808,0.509861,-0.16736,0.001828,0.002247
0,-0.446558,-0.032478,-0.022435,-0.15039,-0.009716,-0.18875,0.002176,0.000567
0,-0.18487,-0.072424,0.253987,-0.035955,0.302167,-0.060885,0.002391,0.001264
0,-0.281247,-0.050269,-0.11527,0.023358,-0.138741,0.041817,0.000709,0.000877
0,-0.371519,0.159339,-0.0666,0.184884,-0.086669,0.223953,0.000867,0.002781
0,-0.448406,0.080885,-0.066042,-0.070685,-0.051775,-0.068917,0.002209,0.001412
0,-0.19169,0.012503,0.23476,-0.063213,0.272594,-0.022662,0.002272,0.000218
0,-0.432388,0.050211,-0.264054,0.06647,-0.274452,0.057771,0.001929,0.000876
0,-0.433819,0.124966,-0.021691,0.052351,0.001239,0.051472,0.001954,0.002181
0,-0.164981,0.041579,0.264613,-0.110068,0.272106,-0.062161,0.002738,0.000726
0,-0.140583,0.107099,0.0287,0.09483,0.026141,0.074832,0.002454,0.001869
0,-0.174745,0.027988,-0.008881,-0.059708,-0.051933,-0.046632,0.002568,0.000488
0,-0.245006,0.169855,-0.089598,0.134698,-0.048998,0.111069,0.001341,0.002653
0,-0.310544,0.138909,-0.09292,-0.033304,-0.053032,-0.040487,0.000198,0.002424
0,-0.32214,0.058431,0.002884,-0.104493,0.013664,-0.065655,5e-06,0.00102
0,-0.262539,-0.02107,0.049227,-0.065251,0.050177,-0.028964,0.001035,0.000368
0,0.036518,0.095249,0.28415,0.122555,0.313196,0.155876,0.000637,0.001662
0,-0.02791,0.094601,-0.069426,0.02056,-0.093634,-0.000751,0.000487,0.001651
0,-0.140167,0.041878,-0.083537,-0.034449,-0.034685,0.004613,0.002446,0.000731
0,-0.150278,0.156593,-0.021965,0.09264,-0.038725,0.085753,0.002623,0.002733
0,-0.226183,0.191748,-0.073833,0.039299,-0.033633,0.034491,0.00167,0.002271
0,-0.134259,0.206804,0.095269,-0.006511,0.0547,0.021624,0.002343,0.002008
0,-0.090907,-0.043687,0.054033,-0.265481,0.07223,-0.26739,0.001587,0.000762
0,-0.057379,0.052846,0.01087,0.099113,-0.02909,0.085231,0.001001,0.000922
0,-0.138613,0.066571,-0.076041,-0.009902,-0.048422,-0.009468,0.002419,0.001162
0,0.009962,0.012973,0.171535,-0.051637,0.131575,-0.097813,0.000174,0.000226
0,0.043895,-0.057812,0.039734,-0.071488,0.079945,-0.121074,0.000766,0.001009
0,-0.007134,-0.056265,-0.046132,0.009633,-0.049298,0.021214,0.000125,0.000982
0,-0.033086,0.030324,-0.041661,0.073312,-0.06343,0.069011,0.000577,0.000529
0,0.090147,0.074898,0.09435,0.020922,0.076598,-0.006883,0.001573,0.001307
0,0.226823,0.212227,0.111421,0.113623,0.105829,0.067985,0.001659,0.001913
0,-0.02481,-0.024837,-0.224293,-0.229172,-0.202236,-0.236597,0.000433,0.000433
0,-0.039101,-0.04373,-0.036077,-0.004358,-0.01059,-0.024187,0.000682,0.000763
0,0.148182,0.135483,0.159102,0.203958,0.147595,0.253296,0.002586,0.002365
0,0.125052,0.055262,-0.021104,-0.088968,0.025322,-0.108924,0.002183,0.000965
0,0.005732,-0.044409,-0.100435,-0.1202,-0.134967,-0.116717,0.0001,0.000775
0,0.144578,0.207011,0.147335,0.264252,0.19206,0.267394,0.002523,0.002004
0,0.056047,-0.041492,-0.070203,-0.238709,-0.040547,-0.254684,0.000978,0.000724
0,0.051361,-0.024213,-0.008915,0.007009,-0.017753,-0.023737,0.000896,0.000423
0,0.067349,0.022086,0.041229,0.062552,0.081992,0.045614,0.001175,0.000385
0,-0.019875,-0.032332,-0.085984,-0.06378,-0.085786,-0.046546,0.000347,0.000564
0,-0.002872,0.069382,-0.00854,0.095377,0.038332,0.084141,5e-05,0.001211
0,-0.086558,0.127887,-0.058603,0.075731,-0.097204,0.122943,0.001511,0.002232
0,0.14181,0.036712,0.207191,-0.064216,0.207264,-0.10313,0.002475,0.000641
0,0.127521,0.04856,-0.036833,0.026412,-0.083394,0.069848,0.002226,0.000848
0,-0.139248,0.040297,-0.248936,0.005386,-0.219292,0.02784,0.00243,0.000703
0,-0.037078,0.023257,0.07371,0.002015,0.117808,-0.016286,0.000647,0.000406
0,-0.175757,-0.004782,-0.110958,-0.013781,-0.09482,-0.057413,0.00255,8.3e-05
0,-0.09114,0.13861,0.088899,0.158747,0.07194,0.178357,0.001591,0.002419
0,-0.012908,0.25548,0.05793,0.120603,0.043886,0.089972,0.000225,0.001159
0,-0.097958,0.003943,-0.057507,-0.24448,-0.029827,-0.233789,0.00171,6.9e-05
0,-0.167355,0.064828,-0.063139,0.077713,-0.048011,0.103365,0.002697,0.001131
0,-0.235454,0.275104,-0.05323,0.188294,-0.01075,0.204403,0.001508,0.000816
0,-0.097373,0.162859,0.132057,-0.083729,0.099087,-0.131769,0.001699,0.002775
0,-0.145704,0.061334,-0.056697,-0.098162,-0.10065,-0.067787,0.002543,0.00107
0,-0.228088,-0.031904,-0.084268,-0.07526,-0.067346,-0.102612,0.001637,0.000557
0,-0.129925,0.050737,0.11519,0.069646,0.108003,0.075881,0.002268,0.000886
0,-0.064782,0.088575,0.066344,0.053411,0.018324,0.101604,0.001131,0.001546
0,-0.15576,0.076212,-0.061704,0.010781,-0.042928,0.030438,0.002719,0.00133
0,0.035256,0.097687,0.19267,-0.005652,0.230547,0.040023,0.000615,0.001705
0,0.077286,0.114512,0.061815,0.036978,0.044287,0.023652,0.001349,0.001999
0,0.082495,0.157949,0.031893,0.046702,0.069282,0.080437,0.00144,0.002757
0,0.135741,0.070141,0.080528,-0.110311,0.120381,-0.075853,0.002369,0.001224
0,0.067359,0.188327,-0.043571,0.126022,0.000999,0.132455,0.001176,0.002331
0,-0.002858,0.241461,-0.063952,0.029156,-0.024219,0.041404,5e-05,0.001403
0,0.07894,-0.023227,0.078432,-0.282639,0.054831,-0.253906,0.001378,0.000405
0,0.242137,0.14126,0.178889,0.186343,0.22144,0.160676,0.001391,0.002465
0,0.052271,-0.018306,-0.211446,-0.155311,-0.197963,-0.116051,0.000912,0.000319
0,0.125708,0.077353,0.046146,0.100617,0.017142,0.064566,0.002194,0.00135
0,0.14709,0.04734,-0.007975,-0.030022,-0.036933,-0.075984,0.002567,0.000826
0,-0.04858,-0.017495,-0.202194,-0.077167,-0.21166,-0.127093,0.000848,0.000305
0,0.08445,-0.046305,0.10359,0.001124,0.094596,0.021577,0.001474,0.000808
0,-0.076113,0.166815,-0.157337,0.196375,-0.152269,0.245039,0.001328,0.002706
0,-0.008893,-0.030277,0.083014,-0.200872,0.115331,-0.163922,0.000155,0.000528
0,0.053778,0.148367,0.065523,0.204033,0.041006,0.174223,0.000939,0.002589
0,-0.244399,-0.021764,-0.273127,-0.149749,-0.28276,-0.140024,0.001352,0.00038
0,0.032458,-0.108065,0.288099,-0.114846,0.304689,-0.142439,0.000566,0.001886
0,-0.163501,0.148864,-0.200268,0.259393,-0.175562,0.298492,0.002764,0.002598
0,-0.196784,-0.10945,-0.060748,-0.282151,-0.095265,-0.296615,0.002183,0.00191
0,0.131793,0.146282,0.318617,0.26136,0.353924,0.238189,0.0023,0.002553
0,0.029712,0.15848,-0.119551,0.039214,-0.092849,0.032995,0.000519,0.002766
0,0.017654,0.171472,-0.00736,0.023508,0.0212,0.009739,0.000308,0.002625
0,-0.117385,0.099093,-0.127051,-0.060222,-0.140049,-0.089687,0.002049,0.00173
0,-0.11323,0.103357,0.023965,0.00947,0.044537,-0.033092,0.001976,0.001804
0,0.063237,0.037408,0.154409,-0.084791,0.171143,-0.101758,0.001104,0.000653
0,0.101578,-0.106531,0.016491,-0.134069,-0.006925,-0.097841,0.001773,0.001859
0,0.052577,0.009284,-0.061645,0.101969,-0.0298,0.077253,0.000918,0.000162
0,0.063855,0.059229,0.000279,0.039295,0.000108,-0.002049,0.001114,0.001034
0,-0.062797,-0.170334,-0.102384,-0.24204,-0.081227,-0.243901,0.001096,0.002645
0,0.00104,-0.085709,0.08349,0.113737,0.048035,0.12884,1.8e-05,0.001496
0,0.112699,0.065719,0.110199,0.178296,0.151339,0.128959,0.001967,0.001147
0,-0.08194,-0.148921,-0.170257,-0.196647,-0.156277,-0.231272,0.00143,0.002599
0,0.100255,0.006769,0.177562,0.169593,0.215821,0.216814,0.00175,0.000118
0,0.088465,-0.062289,0.006874,-0.04123,0.038604,-0.034871,0.001544,0.001087
0,-0.06439,-0.027415,-0.171051,0.035656,-0.198404,0.007372,0.001124,0.000478
0,-0.077946,-0.093531,-0.017848,-0.060016,0.001112,-0.071675,0.00136,0.001632
0,0.084164,-0.070779,0.143837,0.012567,0.140835,-0.005596,0.001469,0.001235
0,0.133093,-0.011988,0.027802,0.045988,0.035087,0.009337,0.002323,0.000209
0,-0.169266,-0.217278,-0.280972,-0.218031,-0.280961,-0.235539,0.002663,0.001825
0,-0.158121,-0.160953,0.027623,0.073695,0.035701,0.099358,0.00276,0.002808
0,0.106486,0.038099,0.287685,0.202133,0.332852,0.156754,0.001859,0.000665
0,-0.011328,-0.032492,-0.127512,-0.100068,-0.101287,-0.098205,0.000198,0.000567
0,-0.044936,-0.06336,-0.012471,-0.004086,-0.003008,0.007352,0.000784,0.001106
0,0.052454,-0.090138,0.114071,-0.051744,0.073836,-0.046629,0.000915,0.001573
0,-0.038096,-0.189862,-0.10743,-0.107478,-0.080031,-0.099244,0.000665,0.002304
0,0.064561,-0.028641,0.12681,0.134033,0.136618,0.141715,0.001127,0.0005
0,0.161328,-0.112549,0.124136,-0.085188,0.084446,-0.082849,0.002802,0.001964
0,0.038422,-0.027039,-0.122517,0.063845,-0.16923,0.081424,0.000671,0.000472
0,-0.011217,-0.019762,-0.05897,0.034415,-0.096863,0.056321,0.000196,0.000345
0,-0.022594,0.097215,-0.033402,0.138105,-0.034822,0.13717,0.000394,0.001697
0,-0.062528,0.052113,-0.064655,-0.04697,-0.088944,-0.018224,0.001091,0.00091
0,-0.004547,0.028194,0.043986,-0.016111,-0.00361,0.019465,7.9e-05,0.000492
0,-0.023497,0.036898,-0.018329,-0.000265,-0.033521,0.000685,0.00041,0.000644
0,0.059795,-0.006008,0.096864,-0.029256,0.097988,-0.04258,0.001044,0.000105
0,0.232739,-0.091777,0.150459,-0.057919,0.184127,-0.052291,0.001555,0.001602
0,0.063183,-0.171575,-0.194032,-0.089354,-0.220484,-0.044001,0.001103,0.002623
0,0.250471,-0.093621,0.186551,0.094464,0.196793,0.069189,0.001246,0.001634
0,0.279976,0.087018,0.036233,0.201999,0.058155,0.239733,0.000731,0.001519
0,0.293515,0.019937,0.003435,-0.074206,-0.005202,-0.040475,0.000495,0.000348
0,0.220493,-0.191307,-0.047039,-0.211526,-0.034484,-0.198921,0.001769,0.002279
0,0.079007,0.049333,-0.113882,0.265065,-0.127819,0.265768,0.001379,0.000861
0,0.053513,-0.05345,-0.034092,-0.118682,-0.003647,-0.08643,0.000934,0.000933
0,0.246812,0.024329,0.168073,0.064096,0.143196,0.099309,0.00131,0.000425
0,0.167097,0.01938,-0.068774,0.000623,-0.05161,0.008773,0.002701,0.000338
0,0.223687,0.088725,0.05522,0.072102,0.083026,0.104161,0.001713,0.001549
0,0.126046,0.030967,-0.096478,-0.082406,-0.136945,-0.040293,0.0022,0.00054
0,0.295794,0.057466,0.169682,0.014702,0.211685,0.054758,0.000455,0.001003
0,0.239581,-0.05546,-0.031044,-0.115382,-0.026903,-0.137367,0.001436,0.000968
0,0.277989,0.105201,0.030538,0.175418,0.055182,0.16672,0.000766,0.001836
0,0.406799,-0.099694,0.108089,-0.223009,0.14519,-0.181628,0.001482,0.00174
0,0.092235,-0.127194,-0.327678,-0.022038,-0.308882,-0.002168,0.00161,0.00222
0,0.158281,0.0305,0.067917,0.179352,0.078335,0.184994,0.002763,0.000532
0,0.284051,-0.06519,0.099224,-0.078242,0.088397,-0.064958,0.00066,0.001138
0,0.351136,-0.014027,0.061633,0.043632,0.012932,0.059244,0.000511,0.000245
0,0.175709,0.062221,-0.183074,0.048298,-0.146818,0.047164,0.002551,0.001086
0,0.198856,0.044887,-0.006584,-0.029206,0.039126,0.015754,0.002147,0.000783
0,0.221787,-0.022278,0.039945,-0.045331,0.016274,-0.019248,0.001747,0.000389
0,0.268329,-0.01882,0.073348,0.003054,0.075544,0.042913,0.000934,0.000328
0,0.322109,-0.073856,0.061065,-0.074218,0.024494,-0.120742,4e-06,0.001289
0,0.257078,-0.044993,-0.045102,0.011567,-0.068557,-0.029024,0.001131,0.000785
0,0.064635,-0.168908,-0.165588,-0.11964,-0.151838,-0.147551,0.001128,0.00267
0,0.102653,-0.0763,0.047172,0.082045,0.045825,0.118273,0.001792,0.001332
0,0.23873,-0.165491,0.108839,-0.088832,0.144541,-0.100352,0.001451,0.002729
0,0.05384,0.043827,-0.18932,0.191521,-0.157924,0.15716,0.00094,0.000765
0,0.087439,0.052182,0.05961,-0.016007,0.071674,-0.004913,0.001526,0.000911
0,0.188892,-0.159601,0.127906,-0.233932,0.165288,-0.264911,0.002321,0.002786
0,-0.046342,-0.108657,-0.239239,0.047769,-0.210633,0.08607,0.000809,0.001896
0,-0.08453,0.075834,-0.045126,0.198416,-0.001858,0.192479,0.001475,0.001324
0,0.12752,-0.202917,0.239011,-0.275926,0.244599,-0.246381,0.002226,0.002076
0,0.206816,-0.182228,0.093995,0.034413,0.135872,0.073218,0.002008,0.002437
0,0.243847,-0.128485,0.055025,0.064042,0.028508,0.052411,0.001362,0.002242
0,-0.049059,-0.207744,-0.306932,-0.065363,-0.298997,-0.095167,0.000856,0.001992
0,0.132915,-0.16328,0.180589,0.031488,0.193019,0.005567,0.00232,0.002768
0,0.147235,-0.192757,0.01028,-0.034248,0.057056,-0.029386,0.00257,0.002253
0,-0.033492,0.042624,-0.184635,0.216003,-0.171823,0.264882,0.000585,0.000744
0,-0.093006,-0.031385,-0.052443,-0.080525,-0.012349,-0.071949,0.001623,0.000548
0,0.026102,-0.151121,0.122968,-0.101449,0.098361,-0.096573,0.000456,0.002638
0,0.005504,-0.247957,0.000762,-0.093051,-0.045277,-0.051923,9.6e-05,0.00129
0,0.023808,-0.028719,0.015429,0.211211,0.026496,0.247225,0.000416,0.000501
0,0.048992,-0.080996,0.047148,-0.06679,0.061671,-0.04008,0.000855,0.001414
0,-0.201235,-0.242813,-0.230391,-0.132138,-0.216958,-0.089688,0.002105,0.00138
0,-0.088924,-0.2472,0.136238,-0.02633,0.17449,-0.068598,0.001552,0.001303
0,-0.097206,-0.032018,-0.015284,0.22056,-0.036585,0.270484,0.001697,0.000559
0,-0.205496,-0.08125,-0.085136,-0.067202,-0.077067,-0.038802,0.002031,0.001418
0,-0.057715,-0.183382,0.14025,-0.0988,0.157959,-0.148229,0.001007,0.002417
0,0.016079,-0.030213,0.072879,0.176055,0.07589,0.196165,0.000281,0.000527
0,-0.129851,-0.22041,-0.139706,-0.171047,-0.151635,-0.152039,0.002266,0.001771
0,-0.140647,0.04785,0.012544,0.251875,0.029169,0.261342,0.002455,0.000835
0,-0.100863,-0.190094,0.048424,-0.213826,0.015204,-0.243454,0.00176,0.0023
0,-0.17067,-0.181765,-0.05906,-0.018335,-0.099205,-0.020087,0.002639,0.002445
0,-0.016704,-0.041367,0.133458,0.140366,0.152617,0.129614,0.000292,0.000722
0,0.001029,0.02634,0.024803,0.097441,0.048385,0.052066,1.8e-05,0.00046
0,-0.052812,-0.051561,-0.048875,-0.085665,-0.02533,-0.120784,0.000922,0.0009
0,-0.024295,0.098572,0.016691,0.131539,0.014308,0.181037,0.000424,0.00172
0,-0.295643,-0.139629,-0.246557,-0.25138,-0.264166,-0.241589,0.000458,0.002437
0,-0.110559,0.03469,0.205511,0.193502,0.188774,0.18623,0.00193,0.000605
0,-0.047027,-0.088258,0.082838,-0.123142,0.086212,-0.156487,0.000821,0.00154
0,-0.025196,0.03745,0.050649,0.108851,0.010434,0.106599,0.00044,0.000654
0,-0.185514,-0.078585,-0.174934,-0.107902,-0.215443,-0.07126,0.00238,0.001372
0,0.001785,-0.087674,0.20695,-0.007293,0.220307,-0.051857,3.1e-05,0.00153
0,-0.074112,0.048512,-0.077106,0.117504,-0.027462,0.120886,0.001293,0.000847
0,-0.229363,-0.114919,-0.128849,-0.148854,-0.131,-0.16457,0.001614,0.002006
0,-0.172506,0.137833,0.067997,0.275709,0.115058,0.253518,0.002607,0.002406
0,-0.339132,-0.057401,-0.165082,-0.17356,-0.159587,-0.220869,0.000301,0.001002
0,-0.1503,0.049075,0.213061,0.121869,0.215183,0.127884,0.002623,0.000857
0,-0.343834,0.061135,-0.199737,-3.9e-05,-0.199083,-0.011959,0.000384,0.001067
0,-0.2856,-0.136672,0.0722,-0.225019,0.022414,-0.264717,0.000633,0.002385
0,-0.200937,0.134608,0.105073,0.243484,0.133877,0.216398,0.00211,0.002349
0,-0.30713,-0.109504,-0.128354,-0.255948,-0.163256,-0.253536,0.000257,0.001911
0,-0.252111,0.166042,0.030026,0.253139,0.075483,0.211801,0.001217,0.00272
0,-0.134339,-0.000374,0.143636,-0.179637,0.172645,-0.143647,0.002345,7e-06
0,-0.146568,0.042665,0.001757,0.019902,-0.002865,-0.018478,0.002558,0.000745
0,-0.031137,-0.018059,0.112501,-0.085739,0.082932,-0.070549,0.000543,0.000315
0,-0.166434,0.024216,-0.113664,0.044474,-0.064955,0.021452,0.002713,0.000423
0,-0.165087,0.12732,0.023902,0.130255,0.045798,0.132033,0.002736,0.002222
0,-0.207617,0.140508,-0.068893,0.02636,-0.030605,0.014595,0.001994,0.002452
0,-0.238764,-0.050713,-0.027877,-0.169358,-0.059974,-0.217313,0.00145,0.000885
0,-0.078523,0.021397,0.145689,0.088098,0.102588,0.096237,0.00137,0.000373
0,-0.163115,-0.028237,-0.066858,-0.036759,-0.056115,-0.004786,0.002771,0.000493
0,-0.242438,0.016371,-0.06973,0.074381,-0.057055,0.060316,0.001386,0.000286
0,-0.062967,0.051978,0.199032,0.015308,0.232669,-0.024227,0.001099,0.000907
0,-0.158471,0.095347,-0.102159,0.022409,-0.053639,0.054661,0.002766,0.001664
0,-0.252362,0.143923,-0.106972,0.062041,-0.104423,0.071394,0.001213,0.002512
0,-0.052152,0.004242,0.174115,-0.125356,0.158041,-0.166896,0.00091,7.4e-05
0,-0.067401,0.094627,0.001606,0.089397,-0.016533,0.136732,0.001176,0.001652
0,-0.127079,0.142829,-0.071981,0.046128,-0.075608,-0.00078,0.002218,0.002493
0,0.067441,0.18871,0.168411,0.031394,0.19312,0.044916,0.001177,0.002324
0,-0.178911,-0.068942,-0.250519,-0.260944,-0.241091,-0.281675,0.002495,0.001203
0,-0.205689,0.091689,-0.017311,0.147273,-0.001093,0.148336,0.002028,0.0016
0,0.025472,-0.04066,0.245388,-0.144021,0.279168,-0.125667,0.000445,0.00071
0,-0.023791,0.201858,-0.070055,0.240114,-0.048724,0.196197,0.000415,0.002094
0,-0.160875,0.137527,-0.11693,-0.086544,-0.103204,-0.062916,0.002808,0.0024
0,-0.203899,0.007103,-0.030041,-0.144455,-0.064784,-0.173893,0.002059,0.000124
0,-0.006607,-0.091981,0.197216,-0.114427,0.242847,-0.102325,0.000115,0.001605
0,-0.027217,0.054388,0.003848,0.133083,0.013153,0.142224,0.000475,0.000949
0,-0.070849,-0.126135,-0.030445,-0.180666,-0.045536,-0.200795,0.001237,0.002201
0,-0.119502,-0.048343,-0.070644,0.09095,-0.0464,0.066513,0.002086,0.000844
0,-0.152279,-0.122802,-0.032661,-0.069505,-0.035153,-0.069992,0.002658,0.002143
0,0.035996,-0.023218,0.213757,0.09753,0.203995,0.125189,0.000628,0.000405
0,0.093821,-0.044822,0.039921,-0.03399,0.062406,-0.064326,0.001637,0.000782
0,-0.076385,0.102119,-0.193116,0.156938,-0.164218,0.188317,0.001333,0.001782
0,-0.124125,0.029916,-0.050185,-0.101759,-0.024469,-0.146272,0.002166,0.000522
0,-0.07487,0.004526,0.033965,0.001441,0.062958,0.008505,0.001307,7.9e-05
0,-0.008167,-0.00692,0.086941,-0.009827,0.08442,-0.058531,0.000143,0.000121
0,0.088976,0.124063,0.081643,0.134389,0.126642,0.143161,0.001553,0.002165
0,0.127933,0.15554,0.058827,0.025219,0.053021,0.069594,0.002233,0.002715
0,0.181485,0.014338,0.07704,-0.112957,0.109442,-0.094035,0.00245,0.00025
0,0.153728,-0.034185,-0.027382,-0.031153,0.018208,0.003058,0.002683,0.000597
0,0.124183,-0.041915,-0.033472,-0.008687,0.007969,-0.011152,0.002167,0.000732
0,-0.073334,0.107208,-0.204169,0.123661,-0.180919,0.13662,0.00128,0.001871
0,0.017626,-0.026195,0.113858,-0.140059,0.111853,-0.133115,0.000308,0.000457
0,-0.031829,0.078276,-0.041182,0.075673,-0.006554,0.098106,0.000556,0.001366
0,-0.042293,0.150163,-0.012059,0.073134,-0.033761,0.062953,0.000738,0.002621
0,-0.04247,-0.052284,0.018899,-0.179058,0.06564,-0.155032,0.000741,0.000913
0,-0.18362,0.170877,-0.135712,0.228703,-0.131228,0.181774,0.002413,0.002635
0,-0.012267,0.030239,0.194311,-0.120414,0.239368,-0.113831,0.000214,0.000528
0,-0.049526,-0.087523,-0.05017,-0.128888,-0.037923,-0.08193,0.000864,0.001528
0,-0.065129,0.125994,-0.024572,0.190845,-0.008987,0.188274,0.001137,0.002199
0,0.057245,0.070431,0.104901,-0.085554,0.066855,-0.080485,0.000999,0.001229
0,0.154152,-0.012705,0.075544,-0.065191,0.050204,-0.044613,0.00269,0.000222
0,-0.052473,0.0405,-0.197832,0.051617,-0.148412,0.100548,0.000916,0.000707
0,-0.001131,0.17596,0.033531,0.124346,0.008751,0.080392,2e-05,0.002546
0,-0.106787,0.085526,-0.088526,-0.077384,-0.123258,-0.12049,0.001864,0.001493
0,-0.021219,0.139719,0.084987,0.045569,0.038568,0.081809,0.00037,0.002439
0,-0.015833,-0.090952,0.020158,-0.218318,0.010899,-0.206628,0.000276,0.001587
0,0.021746,-0.046481,0.014478,0.036923,0.030177,0.084617,0.00038,0.000811
0,-0.044697,0.131127,-0.089341,0.147626,-0.120956,0.128912,0.00078,0.002289
0,0.132701,-0.082676,0.195427,-0.223721,0.170159,-0.180202,0.002316,0.001443
0,0.039061,-0.111558,-0.078434,-0.02417,-0.034972,-0.01591,0.000682,0.001947
0,0.062703,-0.089854,-0.006193,0.030476,0.01452,0.078229,0.001094,0.001568
0,-0.092446,0.176083,-0.143795,0.278714,-0.147879,0.304946,0.001613,0.002544
0,0.082715,0.132206,0.158202,-0.014232,0.146502,-0.045634,0.001444,0.002307
0,0.140762,0.070348,0.076704,-0.052463,0.107921,-0.062987,0.002457,0.001228
0,-0.014546,-0.014212,-0.16714,-0.084254,-0.18847,-0.049027,0.000254,0.000248
0,-0.085026,-0.061726,-0.041362,-0.024451,0.007296,-0.063219,0.001484,0.001077
0,0.06137,0.155503,0.139315,0.234484,0.090901,0.211598,0.001071,0.002714
0,0.008358,-0.060141,-0.065698,-0.189596,-0.03616,-0.16013,0.000146,0.00105
0,-0.087021,-0.048542,-0.085031,0.041461,-0.079573,0.001331,0.001519,0.000847
0,0.006652,0.152865,0.110111,0.206089,0.089445,0.162146,0.000116,0.002668
0,-0.205766,0.144428,-0.204393,-0.036201,-0.154504,-0.021891,0.002026,0.002521
0,-0.102349,0.14995,0.106929,-0.001136,0.119092,-0.03969,0.001786,0.002617
0,-0.030176,-0.040863,0.042518,-0.161793,0.065546,-0.169304,0.000527,0.000713
0,-0.02614,0.079683,-0.018484,0.102544,-0.046355,0.091699,0.000456,0.001391
0,0.084239,-0.061229,0.134965,-0.137587,0.184594,-0.174502,0.00147,0.001069
0,-0.133669,0.01271,-0.214448,0.065607,-0.228072,0.068808,0.002333,0.000222
0,0.088598,-0.103598,0.212383,-0.136488,0.171858,-0.114732,0.001546,0.001808
0,0.158467,-0.01725,0.057333,0.066459,0.0666,0.113802,0.002766,0.000301
0,-0.063659,-0.183013,-0.227434,-0.177134,-0.21132,-0.183423,0.001111,0.002423
0,0.058733,-0.138886,0.10194,0.057403,0.134295,0.040175,0.001025,0.002424
0,0.093817,0.014016,0.055989,0.130989,0.074732,0.081007,0.001637,0.000245
0,-0.044577,-0.002778,-0.149817,-0.024434,-0.161915,-0.046496,0.000778,4.8e-05
0,0.169297,-0.080495,0.209718,-0.097587,0.162806,-0.117618,0.002663,0.001405
0,0.165992,-0.137022,-0.003876,-0.052531,0.028936,-0.062454,0.00272,0.002391
0,0.073272,0.106194,-0.067006,0.267596,-0.03366,0.262002,0.001279,0.001853
0,0.101172,0.05764,0.052553,-0.058029,0.010567,-0.066606,0.001766,0.001006
0,0.046893,-0.002971,-0.025696,-0.078837,-0.01642,-0.031689,0.000818,5.2e-05
0,0.143189,-0.09459,0.106938,-0.090737,0.074892,-0.054528,0.002499,0.001651
0,0.145355,0.009088,0.007821,0.096269,-0.035889,0.057471,0.002537,0.000159
0,0.191248,0.11007,0.023134,0.084017,0.057276,0.120234,0.00228,0.001921
0,-0.011375,-0.07676,-0.208538,-0.206394,-0.183157,-0.238325,0.000199,0.00134
0,-0.020523,0.013084,-0.03397,0.114125,-0.011682,0.097019,0.000358,0.000228
0,0.107153,-0.078446,0.155561,-0.063622,0.168539,-0.039141,0.00187,0.001369
0,0.116485,-0.093724,0.000344,-0.02532,0.011613,0.002836,0.002033,0.001636
0,0.116546,-0.090195,-0.022663,-0.016245,-0.017234,0.031696,0.002034,0.001574
0,0.023858,-0.001073,-0.08345,0.091618,-0.075891,0.08025,0.000416,1.9e-05
0,-0.076275,-0.13706,-0.12645,-0.138636,-0.078841,-0.091042,0.001331,0.002392
0,-0.076867,-0.018448,-0.02113,0.105738,-0.060742,0.096236,0.001342,0.000322
0,0.066809,0.109365,0.134097,0.147655,0.172635,0.11959,0.001166,0.001909
0,-0.126237,-0.048195,-0.17921,-0.14949,-0.22286,-0.103283,0.002203,0.000841
0,-0.124423,-0.1633,-0.008189,-0.119256,-0.051143,-0.102746,0.002172,0.002767
0,0.049405,0.114494,0.154268,0.266047,0.157232,0.246684,0.000862,0.001998
0,-0.152881,-0.151019,-0.178771,-0.235568,-0.19429,-0.198197,0.002668,0.002636
0,-0.132239,0.002503,0.005647,0.181979,-0.027711,0.156518,0.002308,4.4e-05
0,-0.073794,0.08039,0.08176,0.066528,0.123884,0.026652,0.001288,0.001403
0,-0.179804,0.098056,-0.099334,0.033897,-0.088769,0.00774,0.002479,0.001711
0,0.039303,-0.018515,0.196109,-0.112392,0.167642,-0.135571,0.000686,0.000323
0,-0.163559,0.069627,-0.21209,0.105205,-0.237482,0.07625,0.002763,0.001215
0,-0.139316,0.158748,0.023754,0.095637,-0.011286,0.066488,0.002432,0.002771
0,0.019181,0.167737,0.163801,0.011283,0.154514,-0.016366,0.000335,0.00269
0,-0.142235,-0.063797,-0.136884,-0.204943,-0.154909,-0.224308,0.002482,0.001113
0,-0.052211,0.101899,0.060222,0.166688,0.086096,0.145569,0.000911,0.001778
0,-0.157942,0.14287,-0.134729,0.057397,-0.172292,0.020082,0.002757,0.002494
0,-0.128204,0.03754,0.005637,-0.116558,-0.013443,-0.161142,0.002238,0.000655
0,0.108251,-0.109604,0.265436,-0.141451,0.285025,-0.138107,0.001889,0.001913
0,-0.097697,0.036775,-0.200563,0.16588,-0.24108,0.197005,0.001705,0.000642
0,-0.000827,0.115156,0.102411,0.072149,0.07175,0.037805,1.4e-05,0.00201
0,0.058437,0.049516,0.074987,-0.047864,0.094664,-0.069278,0.00102,0.000864
0,-0.087359,0.016603,-0.145456,-0.042539,-0.159652,-0.07784,0.001525,0.00029
0,0.155425,0.040405,0.268662,0.048757,0.273559,0.005282,0.002713,0.000705
0,-0.056315,0.007335,-0.220566,-0.010397,-0.198816,0.014445,0.000983,0.000128
0,-0.084923,-0.004738,-0.003744,-0.026556,0.032267,-0.071393,0.001482,8.3e-05
0,-0.106136,0.205172,-0.028465,0.219288,0.004621,0.230365,0.001852,0.002037
0,0.1044,0.165847,0.198736,-0.012441,0.234282,0.003071,0.001822,0.002723
0,0.010537,-0.011988,-0.104195,-0.170065,-0.116627,-0.138619,0.000184,0.000209
0,0.078265,0.048513,0.097569,0.061083,0.051615,0.055455,0.001366,0.000847
0,0.077723,0.152893,-0.018191,0.075041,-0.033369,0.083883,0.001357,0.002668
0,0.079724,0.095198,-0.009769,-0.087694,0.024209,-0.053091,0.001391,0.001662
0,-0.049511,0.15868,-0.147829,0.043979,-0.125111,0.089395,0.000864,0.002769
0,-0.068531,0.151382,-0.010413,-0.02955,-0.053138,-0.060238,0.001196,0.002642
0,0.074114,0.119908,0.138683,-0.020212,0.161573,-0.030137,0.001294,0.002093
0,-0.0824,0.086523,-0.149385,-0.02337,-0.1848,-0.015384,0.001438,0.00151
0,-0.166258,-0.012956,-0.084968,-0.104876,-0.113836,-0.137325,0.002716,0.000226
0,0.092102,0.135324,0.256717,0.136678,0.223818,0.098833,0.001607,0.002362
0,-0.117374,-0.111656,-0.213194,-0.225748,-0.166521,-0.240993,0.002049,0.001949
0,-0.046126,-0.132204,0.08851,-0.001028,0.061652,-0.048211,0.000805,0.002307
0,-0.101045,-0.067098,-0.08249,0.077226,-0.096624,0.033191,0.001764,0.001171
0,0.119088,0.021773,0.240052,0.113797,0.282352,0.075484,0.002078,0.00038
0,-0.075728,0.006891,-0.165901,-0.001109,-0.142767,-0.042173,0.001322,0.00012
0,-0.041183,-0.063208,0.042275,-0.08099,0.016658,-0.04859,0.000719,0.001103
0,0.114827,-0.111981,0.144737,-0.045421,0.098251,-0.076476,0.002004,0.001954
0,0.108032,-0.094048,-0.016865,-0.011199,-0.010134,0.005929,0.001886,0.001641
0,-0.104138,0.134288,-0.233676,0.237749,-0.189149,0.228248,0.001818,0.002344
0,-0.128268,-0.046446,-0.043344,-0.168467,-0.034864,-0.19383,0.002239,0.000811
0,-0.118527,0.022735,0.030763,0.084926,-0.009358,0.061717,0.002069,0.000397
0,0.069557,0.095131,0.21407,0.068576,0.220863,0.036361,0.001214,0.00166
0,0.025512,0.025684,-0.047415,-0.087018,-0.045357,-0.043458,0.000445,0.000448
0,0.14449,-0.056961,0.095238,-0.107313,0.100176,-0.127929,0.002522,0.000994
0,-0.077367,-0.115439,-0.206386,-0.038167,-0.178018,-0.00714,0.00135,0.002015
0,0.010622,0.108219,0.064661,0.213907,0.053227,0.248221,0.000185,0.001889
0,0.115849,-0.067402,0.134664,-0.155946,0.092784,-0.153236,0.002022,0.001176
0,0.078845,0.114512,-0.012155,0.193585,-0.059886,0.148912,0.001376,0.001999
0,-0.13714,-0.117486,-0.210647,-0.237959,-0.241096,-0.194394,0.002394,0.002051
0,0.07146,0.025017,0.215401,0.14318,0.232926,0.176598,0.001247,0.000437
0,-0.176343,-0.109795,-0.222198,-0.122783,-0.175746,-0.132222,0.00254,0.001916
0,-0.075267,-0.149339,0.131026,-0.050334,0.088603,-0.057642,0.001314,0.002606
0,-0.007097,0.039039,0.077907,0.197175,0.061301,0.211543,0.000124,0.000681
0,0.019413,-0.08794,0.025965,-0.102674,0.051013,-0.105657,0.000339,0.001535
0,-0.102152,0.088105,-0.139166,0.175815,-0.122805,0.138591,0.001783,0.001538
0,-0.157082,-0.059248,-0.049808,-0.119935,-0.038152,-0.091572,0.002742,0.001034
0,0.056113,0.067653,0.206048,0.125555,0.19992,0.109202,0.000979,0.001181
0,-0.061389,-0.169885,-0.100215,-0.260759,-0.148117,-0.273288,0.001071,0.002652
0,-0.152941,-0.110727,-0.063056,0.076492,-0.020405,0.082721,0.002669,0.001933
0,-0.13792,0.016279,-0.005073,0.107637,0.028702,0.11478,0.002407,0.000284
0,-0.150352,-0.067235,0.00743,-0.070662,0.011783,-0.046013,0.002624,0.001173
0,-0.092175,-0.083385,0.079945,0.008515,0.087744,-0.029658,0.001609,0.001455
0,-0.147724,-0.164287,-0.071457,-0.102767,-0.065972,-0.085834,0.002578,0.00275
0,-0.105199,0.060697,0.039437,0.215187,0.084268,0.20581,0.001836,0.001059
0,-0.025089,-0.03213,0.086758,-0.103069,0.044662,-0.090541,0.000438,0.000561
0,-0.132847,0.029149,-0.117403,0.076517,-0.103293,0.080482,0.002319,0.000509
0,0.176227,-0.006245,0.286079,-0.063664,0.291437,-0.077164,0.002542,0.000109
0,-0.075268,-0.116755,-0.233453,-0.125193,-0.200161,-0.108677,0.001314,0.002038
0,-0.156762,-0.005058,-0.062962,0.10296,-0.089068,0.110467,0.002736,8.8e-05
0,-0.060084,-0.165245,0.126406,-0.170569,0.172768,-0.165264,0.001049,0.002733
0,0.02054,0.004359,0.067726,0.147263,0.099706,0.181824,0.000358,7.6e-05
0,-0.044321,-0.175161,-0.040864,-0.189916,-0.041192,-0.194437,0.000774,0.00256
0,-0.034349,-0.189041,0.022265,-0.021703,-0.001663,0.020778,0.000599,0.002318
0,0.012282,-0.14507,0.017101,0.021363,0.062575,0.056458,0.000214,0.002532
0,-0.080399,0.057074,-0.077704,0.214766,-0.105847,0.262835,0.001403,0.000996
0,0.045321,0.057763,0.142456,0.01736,0.100272,0.04425,0.000791,0.001008
0,-0.014099,0.013112,-0.046051,-0.058504,-0.006439,-0.059948,0.000246,0.000229
0,-0.01733,-0.124884,0.023202,-0.157325,-0.014148,-0.142879,0.000302,0.00218
0,-0.053815,0.066097,-0.049849,0.198495,-0.027647,0.163246,0.000939,0.001154
0,-0.19681,0.104007,-0.121683,0.048319,-0.115945,0.00192,0.002183,0.001815
0,-0.111214,-0.096146,0.056485,-0.217496,0.061485,-0.180743,0.001941,0.001678
0,-0.075846,-0.122983,0.042965,-0.006622,0.077482,0.028578,0.001324,0.002146
0,0.028967,0.058508,0.10652,0.166067,0.073168,0.134378,0.000506,0.001021
0,-0.150722,0.144407,-0.171922,0.070789,-0.135145,0.04068,0.002631,0.00252
0,-0.191388,0.009853,-0.024212,-0.108255,0.018356,-0.070225,0.002277,0.000172
0,0.030824,-0.067252,0.222254,-0.105277,0.185553,-0.079285,0.000538,0.001174
0,0.038472,-0.087772,0.003494,-0.026108,0.04414,-0.063255,0.000671,0.001532
0,-0.093782,0.021698,-0.159497,0.117698,-0.164824,0.143408,0.001637,0.000379
0,-0.133557,0.131379,-0.066672,0.091049,-0.036193,0.077794,0.002331,0.002293
0,0.132274,0.008152,0.26036,-0.127411,0.259535,-0.104541,0.002309,0.000142
0,0.046187,0.19608,-0.070153,0.217064,-0.054416,0.202269,0.000806,0.002195
0,0.198737,0.157625,0.177718,-0.013889,0.133544,0.030227,0.002149,0.002751
0,-0.024353,0.181624,-0.215383,0.016934,-0.229194,-0.007903,0.000425,0.002448
0,0.156929,0.092139,0.180637,-0.114725,0.19963,-0.120974,0.002739,0.001608
0,-0.040352,-0.072067,-0.192868,-0.167922,-0.228879,-0.152914,0.000704,0.001258
0,0.060745,0.151969,0.106609,0.2311,0.137502,0.24633,0.00106,0.002652
0,-0.042876,0.013437,-0.129203,-0.13652,-0.083232,-0.14124,0.000748,0.000235
0,0.075702,0.102171,0.105004,0.062496,0.143384,0.014845,0.001321,0.001783
0,0.012748,0.093421,-0.062469,0.017361,-0.068194,0.016516,0.000222,0.001631
0,0.067419,-0.054563,0.076519,-0.142959,0.094092,-0.148505,0.001177,0.000952
0,-0.065057,0.096436,-0.15445,0.175886,-0.136317,0.165428,0.001135,0.001683
0,-0.101765,0.030844,-0.055097,-0.042216,-0.040328,-0.0621,0.001776,0.000538
0,-0.046924,-0.088248,0.037427,-0.12694,0.072566,-0.109039,0.000819,0.00154
0,0.054376,0.030015,0.0769,0.119566,0.048917,0.157787,0.000949,0.000524
0,0.053286,-0.065661,0.013235,-0.122302,0.014926,-0.106072,0.00093,0.001146
0,0.020578,0.027209,-0.017334,0.076734,0.020448,0.077219,0.000359,0.000475
0,-0.001524,-0.081958,-0.026812,-0.091613,-0.049297,-0.061217,2.7e-05,0.00143
0,0.086211,-0.042197,0.100681,0.045107,0.089583,0.015491,0.001505,0.000736
0,0.040307,0.017095,-0.048659,0.079,-0.043361,0.07301,0.000703,0.000298
0,0.038531,0.065158,0.018451,0.066709,-3.8e-05,0.097448,0.000672,0.001137
0,0.269991,-0.044761,0.227252,-0.120722,0.188734,-0.104786,0.000905,0.000781
0,0.142678,-0.095735,-0.11228,-0.060768,-0.144567,-0.051262,0.00249,0.001671
0,0.199094,-0.072027,0.051536,0.045647,0.071187,0.08171,0.002143,0.001257
0,0.036405,-0.115276,-0.149489,-0.070091,-0.103677,-0.071833,0.000635,0.002012
0,0.047981,0.068593,0.002676,0.207244,0.049535,0.215801,0.000837,0.001197
0,0.208846,-0.021338,0.178078,-0.108891,0.216355,-0.107773,0.001972,0.000372
0,0.104043,-0.059686,-0.133115,-0.02773,-0.129072,0.001588,0.001816,0.001042
0,0.07272,0.068084,-0.044115,0.107373,-0.076563,0.06048,0.001269,0.001188
0,-0.103659,-0.173891,-0.161027,-0.214034,-0.150562,-0.225999,0.001809,0.002583
0,0.088137,-0.081273,0.187404,0.087228,0.172581,0.042304,0.001538,0.001418
0,0.007252,0.059688,-0.070851,0.163015,-0.104161,0.186517,0.000127,0.001042
0,-0.151061,-0.10476,-0.138505,-0.192743,-0.115549,-0.171114,0.002637,0.001828
0,-0.017671,-0.111488,0.12445,0.022668,0.082301,-0.027101,0.000308,0.001946
0,-0.063949,-0.127539,-0.056297,0.01256,-0.062899,0.02534,0.001116,0.002226
0,-0.004925,-0.082167,0.076282,0.037787,0.060065,0.024719,8.6e-05,0.001434
0,-0.108399,-0.09454,-0.119879,-0.034216,-0.153585,-0.009577,0.001892,0.00165
0,0.095474,0.079528,0.18983,0.193919,0.201413,0.228736,0.001666,0.001388
0,0.026541,0.071137,-0.040461,-0.007668,-0.022642,-0.004364,0.000463,0.001242
0,0.096913,-0.03336,0.058941,-0.110527,0.101784,-0.106205,0.001691,0.000582
0,0.032131,-0.125769,-0.055278,-0.098254,-0.052702,-0.106629,0.000561,0.002195
0,0.112205,-0.016024,0.082767,0.124969,0.105063,0.104622,0.001958,0.00028
0,0.044968,-0.037911,-0.041662,-0.010842,-0.031896,0.012978,0.000785,0.000662
0,0.094369,-0.058645,0.034584,-0.021524,0.045902,-0.049775,0.001647,0.001024
0,0.015783,0.092856,-0.081018,0.162915,-0.112706,0.130169,0.000275,0.001621
0,0.218442,0.026585,0.20054,-0.086873,0.208603,-0.114748,0.001805,0.000464
0,-0.065332,-0.081925,-0.298042,-0.118266,-0.303502,-0.086698,0.00114,0.00143
0,-0.027988,-0.140817,0.052848,-0.073852,0.040318,-0.074568,0.000488,0.002458
0,0.168116,-0.147733,0.213007,0.01274,0.211832,-0.030379,0.002683,0.002578
0,0.095639,0.058193,-0.048812,0.223008,-0.095758,0.251844,0.001669,0.001016
0,-0.017232,0.01417,-0.131525,-0.061289,-0.147437,-0.075868,0.000301,0.000247
0,0.123256,0.078801,0.160683,0.061467,0.186955,0.105758,0.002151,0.001375
0,-0.045501,0.094414,-0.179102,-0.00445,-0.174058,0.009219,0.000794,0.001648
0,-0.031643,-0.107405,0.041132,-0.223339,0.029284,-0.211363,0.000552,0.001875
0,0.071709,0.027057,0.093529,0.115057,0.044526,0.082463,0.001252,0.000472
0,0.182347,-0.073959,0.116348,-0.122224,0.159708,-0.150252,0.002435,0.001291
0,0.056401,-0.089905,-0.129879,-0.003744,-0.127655,-0.009658,0.000984,0.001569
0,0.131918,-0.002199,0.074643,0.102527,0.058727,0.132441,0.002302,3.8e-05
0,-0.004106,-0.011702,-0.109191,0.012291,-0.071617,0.062284,7.2e-05,0.000204
0,-0.071236,-0.102873,-0.074011,-0.107132,-0.036889,-0.104311,0.001243,0.001795
0,-0.084037,-0.0916,-0.009536,0.012531,-0.031933,-0.031519,0.001467,0.001599
0,0.101466,0.006144,0.170514,0.07932,0.150169,0.090069,0.001771,0.000107
0,0.082665,-0.144438,0.009596,-0.149478,0.037754,-0.183481,0.001443,0.002521
0,0.019036,-0.044792,-0.07851,0.120146,-0.044716,0.094846,0.000332,0.000782
0,0.112655,0.014281,0.106374,0.030655,0.089066,0.018587,0.001966,0.000249
0,0.018305,-0.024157,-0.079633,-0.038343,-0.069173,-0.026457,0.000319,0.000422
0,0.181321,-0.071486,0.182596,-0.064187,0.179439,-0.056832,0.002453,0.001248
0,0.079663,-0.224243,-0.100629,-0.13304,-0.069365,-0.122219,0.00139,0.001704
0,0.879026,1.339696,0.776874,1.54628,0.734511,1.564874,0.001511,0.000912
0,1.590268,2.296008,0.732425,0.949568,0.703805,0.94326,0.000332,0.00075
0,1.748117,2.695587,0.128958,0.379566,0.094004,0.41778,0.002423,0.002107
0,1.754364,2.73461,-0.012529,0.064272,-0.03381,0.053662,0.002532,0.002788
0,1.498845,1.976889,-0.226696,-0.761727,-0.217647,-0.804494,0.001928,0.000798
0,1.046719,1.89436,-0.456096,-0.070055,-0.414508,-0.082336,0.001416,0.000642
0,0.899165,1.350658,-0.168168,-0.537484,-0.16442,-0.543195,0.001159,0.001103
0,0.399289,0.981488,-0.480853,-0.345514,-0.494463,-0.295582,0.001351,0.000278
0,0.407122,0.604505,0.02492,-0.381747,0.037033,-0.422652,0.001488,0.000684
0,0.143294,0.279161,-0.253431,-0.312157,-0.227204,-0.319655,0.002501,0.000745
0,0.152066,0.326637,-0.012329,0.075646,-0.010194,0.082246,0.002654,8.3e-05
0,0.093427,-0.091739,-0.04664,-0.41189,-0.025056,-0.45874,0.001631,0.001601
0,-0.159943,-0.218275,-0.227018,-0.11708,-0.198684,-0.146935,0.002792,0.001808
0,0.060363,-0.280395,0.24556,-0.091463,0.244307,-0.066476,0.001054,0.000724
0,-0.052353,-0.398303,-0.094514,-0.145814,-0.048912,-0.160552,0.000914,0.001334
0,-0.064903,-0.15333,-0.009688,0.216795,-0.047518,0.191718,0.001133,0.002676
0,-0.180764,-0.06752,-0.118581,0.091072,-0.158496,0.083318,0.002463,0.001178
0,0.036549,-0.097965,0.219958,-0.058234,0.252038,-0.067186,0.000638,0.00171
0,-0.045416,-0.28427,-0.095813,-0.187426,-0.112065,-0.234264,0.000793,0.000656
0,-0.110672,-0.115088,-0.070128,0.160689,-0.103502,0.188825,0.001932,0.002009
0,0.020961,-0.224092,0.153032,-0.12021,0.137458,-0.142797,0.000366,0.001706
0,-0.106364,-0.074544,-0.107349,0.179265,-0.116311,0.190446,0.001856,0.001301
0,0.106784,0.024288,0.196482,0.072927,0.147301,0.08668,0.001864,0.000424
0,-0.063927,0.164096,-0.143869,0.166084,-0.095436,0.213179,0.001116,0.002753
0,0.003098,0.135283,0.051198,-0.051983,0.063723,-0.007283,5.4e-05,0.002361
0,0.056456,-0.090732,0.077871,-0.228746,0.098593,-0.23534,0.000985,0.001584
0,-0.116876,-0.024706,-0.167721,0.057448,-0.131244,0.079433,0.00204,0.000431
0,-0.046126,0.043984,0.076342,0.069634,0.043936,0.066688,0.000805,0.000768
0,0.201233,0.01573,0.24965,-0.027681,0.247921,-0.043052,0.002105,0.000275
0,0.176337,0.153474,-0.033033,0.165923,-0.046924,0.202997,0.00254,0.002679
0,-0.015053,0.080616,-0.18881,-0.076106,-0.220995,-0.082396,0.000263,0.001407
0,0.135187,0.098139,0.177267,0.034104,0.21251,0.046145,0.002359,0.001713
0,-0.059584,0.161223,-0.19485,0.069498,-0.161635,0.09781,0.00104,0.002804
0,0.122165,0.028296,0.174254,-0.124015,0.211179,-0.074469,0.002132,0.000494
0,0.011278,-0.084449,-0.091447,-0.137086,-0.135866,-0.135161,0.000197,0.001474
0,0.084792,-0.094952,0.086045,-0.005855,0.124899,0.002498,0.00148,0.001657
0,-0.019507,0.086514,-0.124395,0.192146,-0.092301,0.226868,0.00034,0.00151
0,0.000837,0.059385,0.039981,-0.029758,0.007255,-0.005932,1.5e-05,0.001036
0,0.07035,-0.139746,0.081228,-0.187363,0.070171,-0.1628,0.001228,0.002439
0,-0.039567,-0.139213,-0.139432,0.003429,-0.143495,0.023288,0.000691,0.00243
0,0.193502,0.053758,0.25055,0.1793,0.256435,0.223626,0.00224,0.000938
0,0.087432,0.123809,-0.121656,0.059705,-0.117546,0.087163,0.001526,0.002161
0,0.208263,0.131091,0.150767,0.010305,0.178024,0.053548,0.001983,0.002288
0,0.207331,0.088985,0.001622,-0.061359,-0.017577,-0.023206,0.001999,0.001553
0,0.145922,-0.14631,-0.053166,-0.258313,-0.02062,-0.240179,0.002547,0.002554
0,0.025054,-0.002428,-0.09161,0.12222,-0.088046,0.123388,0.000437,4.2e-05
0,0.184921,-0.139879,0.134844,-0.120027,0.14541,-0.080142,0.00239,0.002441
0,0.130321,-0.142934,-0.028971,0.017534,-0.03377,-0.026307,0.002275,0.002495
0,-0.038973,-0.156263,-0.193699,-0.009616,-0.18332,-0.035167,0.00068,0.002727
0,-0.06754,-0.146493,-0.043738,0.015113,-0.0206,0.014112,0.001179,0.002557
0,-0.01645,-0.154993,0.074242,-0.026625,0.088266,-0.0576,0.000287,0.002705
0,-0.176181,-0.136347,-0.188786,0.024089,-0.193367,0.03102,0.002543,0.00238
0,0.021713,-0.035177,0.21021,0.105552,0.249024,0.067741,0.000379,0.000614
0,-0.0366,0.069776,-0.04137,0.077276,-0.010499,0.087446,0.000639,0.001218
0,0.010316,-0.058386,0.021802,-0.155711,-0.018159,-0.175032,0.00018,0.001019
0,-0.014887,0.008389,-0.024074,0.061573,-0.065482,0.058542,0.00026,0.000146
0,0.054338,0.077552,0.090453,0.051186,0.09424,0.080545,0.000948,0.001354
0,-0.062042,-0.135765,-0.092005,-0.19731,-0.101242,-0.245229,0.001083,0.00237
0,-0.002174,0.11795,0.050557,0.282563,0.026736,0.326775,3.8e-05,0.002059
0,-0.139071,0.057071,-0.161439,-0.085888,-0.162821,-0.120372,0.002427,0.000996
0,0.030801,0.071539,0.179891,0.007474,0.223459,0.008807,0.000538,0.001249
0,-0.157882,0.070712,-0.17992,-0.006485,-0.19537,-0.042862,0.002756,0.001234
0,0.047453,0.055389,0.22083,-0.028275,0.179465,-0.05596,0.000828,0.000967
0,-0.059344,-0.117844,-0.106569,-0.160866,-0.149737,-0.11909,0.001036,0.002057
0,-0.093626,-0.019354,-0.026666,0.110906,-0.054024,0.074856,0.001634,0.000338
0,-0.007623,0.024932,0.095598,0.02339,0.135533,-0.008943,0.000133,0.000435
0,0.14682,0.017548,0.137461,-0.023956,0.118519,-0.027893,0.002562,0.000306
0,-0.030607,0.08772,-0.185464,0.065867,-0.226114,0.022992,0.000534,0.001531
0,0.144905,0.109592,0.182585,-0.006071,0.228353,0.013342,0.002529,0.001913
0,0.01031,-0.035609,-0.148224,-0.124751,-0.175601,-0.097092,0.00018,0.000621
0,0.106095,-0.106043,0.080737,-0.042106,0.037044,-0.001561,0.001852,0.001851
0,0.132835,0.134316,0.004958,0.233646,0.021049,0.254617,0.002318,0.002344
0,0.037778,-0.065945,-0.100748,-0.185075,-0.147743,-0.185808,0.000659,0.001151
0,-0.118388,0.07411,-0.128318,0.115221,-0.118751,0.145272,0.002066,0.001293
0,0.046002,-0.025797,0.183131,-0.1272,0.220463,-0.103051,0.000803,0.00045
0,-0.175901,-0.091355,-0.25173,-0.08748,-0.216807,-0.079839,0.002547,0.001594
0,-0.119018,-0.087818,0.052123,-0.012978,0.078926,0.025714,0.002077,0.001533
0,0.049052,-0.048219,0.180666,0.038251,0.149309,0.017026,0.000856,0.000842
0,-0.127329,-0.016454,-0.170721,0.006603,-0.190927,-0.014479,0.002222,0.000287
0,-0.268742,0.178684,-0.159233,0.185313,-0.117791,0.153449,0.000927,0.002499
0,0.005624,0.154066,0.259446,-0.02711,0.249415,-0.014096,9.8e-05,0.002689
0,-0.065797,0.008339,-0.05157,-0.168233,-0.009707,-0.17851,0.001148,0.000146
0,-0.159559,-0.082804,-0.103844,-0.07564,-0.076169,-0.049333,0.002785,0.001445
0,-0.244371,0.100815,-0.103213,0.184647,-0.071234,0.216509,0.001352,0.00176
0,-0.20607,0.070753,0.012968,-0.028712,-0.032151,-0.022521,0.002021,0.001235
0,-0.133784,-0.006207,0.098527,-0.058676,0.120391,-0.01631,0.002335,0.000108
0,-0.279983,-0.048704,-0.131287,-0.065402,-0.171312,-0.024413,0.000731,0.00085
0,-0.146622,-0.1177,0.159625,-0.039553,0.152538,-0.000411,0.002559,0.002054
0,-0.08411,0.040457,0.047759,0.172756,0.077991,0.20637,0.001468,0.000706
0,-0.274767,-0.039939,-0.163528,-0.100275,-0.188544,-0.145168,0.000822,0.000697
0,-0.197666,0.031371,0.057118,0.085914,0.096905,0.043691,0.002168,0.000548
0,-0.171199,-0.094517,0.056036,-0.13427,0.009629,-0.101931,0.00263,0.00165
0,-0.228237,0.021915,-0.074408,0.124399,-0.118514,0.119252,0.001634,0.000382
0,-0.138231,-0.133786,0.118557,-0.149816,0.109004,-0.103228,0.002413,0.002335
0,-0.116613,-0.149207,0.033028,-0.029467,0.071913,-0.035726,0.002035,0.002604
0,-0.137964,0.098266,-0.048399,0.273309,-0.010438,0.29982,0.002408,0.001715
0,-0.126272,-0.142077,-0.001993,-0.249422,-0.051031,-0.209239,0.002204,0.00248
0,0.007909,0.13824,0.151579,0.256167,0.164151,0.291744,0.000138,0.002413
0,-0.113101,0.005277,-0.139331,-0.15836,-0.101277,-0.1469,0.001974,9.2e-05
0,0.069528,0.000515,0.165349,-0.019234,0.198419,-0.05451,0.001213,9e-06
0,-0.079401,-0.013413,-0.162997,-0.025326,-0.145361,-0.047447,0.001386,0.000234
0,-0.249711,-0.00704,-0.151098,-0.021812,-0.130808,-0.047758,0.001259,0.000123
0,4.125994,-0.95643,4.35209,-0.95988,4.3234,-0.91286,0.001015,0.00016
0,4.445285,-1.998875,0.296079,-1.036615,0.29747,-1.083069,0.00106,0.001182
0,5.406942,-1.724336,0.93742,0.24906,0.912381,0.234186,0.001129,0.002008
0,4.351547,-1.863998,-1.042492,-0.162613,-1.034827,-0.187715,0.002696,0.001172
0,3.85532,-1.828658,-0.495851,0.05731,-0.51272,0.020278,0.000122,0.001789
0,3.510173,-1.697415,-0.361665,0.148491,-0.328143,0.195755,0.000529,0.001538
0,2.729134,-1.634947,-0.783855,0.04807,-0.748518,0.096655,0.002692,0.000448
0,1.852178,-0.997849,-0.853018,0.642108,-0.846624,0.617006,0.001378,0.000563
0,1.053084,-0.863223,-0.820225,0.122413,-0.868731,0.116237,0.001527,0.001786
0,0.387017,-0.512982,-0.681485,0.374728,-0.67735,0.360375,0.001137,0.002282
0,0.156289,-0.21026,-0.258258,0.287661,-0.294844,0.301696,0.002728,0.001948
0,-0.311753,0.0552,-0.490735,0.266176,-0.499722,0.232809,0.000176,0.000963
0,-0.376646,-0.06563,-0.081354,-0.116971,-0.11781,-0.072942,0.000956,0.001145
0,1.548085,1.620909,1.932991,1.707469,1.921038,1.748953,0.001068,0.000203
0,3.273411,2.298518,1.700886,0.66878,1.664889,0.6741,0.000957,0.000794
0,4.467551,2.163538,1.21699,-0.137403,1.172446,-0.123754,0.000672,0.001562
0,4.855687,2.103065,0.392818,-0.08142,0.38599,-0.105015,0.000485,0.002617
0,3.767948,1.693956,-1.114543,-0.401008,-1.091899,-0.450765,0.001647,0.001478
0,3.082095,1.426486,-0.684443,-0.247464,-0.635937,-0.248843,0.002382,0.002427
0,2.14746,1.191534,-0.936295,-0.257986,-0.969454,-0.213003,0.001842,0.001674
0,1.602578,0.633298,-0.519123,-0.561725,-0.515043,-0.599827,0.000117,0.000182
0,1.138642,0.276727,-0.461612,-0.353355,-0.455209,-0.310775,0.002597,0.000788
0,0.252453,-0.212367,-0.892262,-0.517945,-0.866156,-0.516123,0.001211,0.001911
0,0.030132,-0.0833,-0.214015,0.155027,-0.261461,0.115829,0.000526,0.001454
0,-0.123411,-0.396194,-0.171046,-0.339396,-0.198584,-0.342965,0.002154,0.001297
0,-0.310274,-0.327149,-0.215246,0.07403,-0.227525,0.105214,0.000202,9.2e-05
0,-0.463897,-0.282803,-0.183338,0.035134,-0.173979,0.012129,0.002479,0.000682
0,-0.527089,-0.303819,-0.08951,-0.04652,-0.132265,-0.089996,0.002036,0.000315
0,-0.347713,-0.225024,0.157993,0.079282,0.1233,0.0943,0.000451,0.00169
0,-0.397051,-0.317088,-0.06981,-0.117356,-0.116367,-0.149115,0.001312,8.3e-05
0,-0.294314,-0.05191,0.103409,0.282621,0.124182,0.234431,0.000481,0.000906
0,-0.036902,-0.088782,0.286728,-0.042472,0.281613,-0.056399,0.000644,0.00155
0,0.037058,0.056423,0.095551,0.149151,0.111692,0.174112,0.000647,0.000985
0,-0.222216,-0.152759,-0.254628,-0.188522,-0.214657,-0.167024,0.001739,0.002666
0,0.030564,0.040311,0.269309,0.168716,0.248769,0.148645,0.000533,0.000704
0,-0.060706,0.000259,-0.066179,-0.042417,-0.068723,-0.010207,0.00106,5e-06
0,-0.034235,-0.143115,0.003864,-0.141605,-0.034551,-0.133186,0.000598,0.002498
0,-0.103217,-0.153694,-0.069458,0.010834,-0.021625,-0.003834,0.001801,0.002682
0,-0.175069,-0.022707,-0.046811,0.152282,-0.033562,0.13793,0.002562,0.000396
0,-0.066004,-0.06699,0.120093,-0.062439,0.113205,-0.026465,0.001152,0.001169
0,-0.168822,0.036917,-0.08249,0.08729,-0.04837,0.110524,0.002671,0.000644
0,0.095902,-0.094581,0.24612,-0.122246,0.283629,-0.11108,0.001674,0.001651
0,-0.025898,-0.056936,-0.105878,0.055674,-0.118772,0.07201,0.000452,0.000994
0,-0.190372,-0.188541,-0.17276,-0.116843,-0.204331,-0.128257,0.002295,0.002327
0,0.010048,-0.064751,0.194536,0.152917,0.167984,0.108843,0.000175,0.00113
0,0.048719,0.077656,0.032791,0.143231,0.065376,0.10458,0.00085,0.001355
0,-0.17075,0.039622,-0.228896,-0.06723,-0.277938,-0.02959,0.002637,0.000692
0,-0.074568,-0.138133,0.118923,-0.180351,0.141499,-0.180273,0.001301,0.002411
0,-0.01079,0.053692,0.067467,0.173679,0.088091,0.216515,0.000188,0.000937
0,-0.001039,-0.115692,-0.015246,-0.176095,0.033499,-0.185438,1.8e-05,0.002019
0,0.032295,0.084908,0.04276,0.203822,0.05695,0.237465,0.000564,0.001482
0,0.065909,-0.180739,0.026543,-0.285541,0.045201,-0.29663,0.00115,0.002463
0,-0.117462,-0.122997,-0.179699,0.086156,-0.136286,0.037906,0.00205,0.002147
0,0.177612,0.010555,0.292419,0.154444,0.312101,0.193192,0.002518,0.000184
0,0.192356,-0.192936,0.002495,-0.195228,-0.040181,-0.211178,0.00226,0.00225
0,0.084992,-0.058423,-0.118023,0.133739,-0.077125,0.103718,0.001483,0.00102
0,0.006457,-0.164774,-0.068907,-0.095843,-0.096069,-0.091945,0.000113,0.002742
0,0.007253,-0.125423,0.01278,0.036941,-0.012277,0.034189,0.000127,0.002189
0,0.238013,-0.100676,0.246832,0.017212,0.262008,0.065857,0.001463,0.001757
0,0.194671,0.066723,-0.025979,0.137999,-0.047349,0.107522,0.00222,0.001165
0,0.064979,-0.183187,-0.119082,-0.24209,-0.134821,-0.282952,0.001134,0.00242
0,0.317968,-0.106447,0.273904,0.082607,0.269676,0.097994,6.8e-05,0.001858
0,0.103051,-0.166731,-0.236263,-0.063448,-0.273644,-0.101568,0.001799,0.002708
0,0.120828,0.065862,0.040776,0.238523,0.052858,0.281685,0.002109,0.00115
0,0.136899,0.077431,0.034627,0.035059,0.029603,0.024154,0.002389,0.001351
0,0.176652,0.008776,0.01482,-0.043143,-0.000498,-0.068865,0.002534,0.000153
0,0.225931,-0.120656,0.037007,-0.136016,-0.008443,-0.103562,0.001674,0.002106
0,0.222416,-0.194096,0.014258,-0.081632,0.052593,-0.071026,0.001736,0.00223
0,0.230361,-0.100903,-0.013315,0.077031,-0.001449,0.124964,0.001597,0.001761
0,0.091877,-0.028329,-0.131233,0.089757,-0.126101,0.07887,0.001604,0.000494
0,0.089141,-0.001779,0.012829,0.002687,0.026996,0.013834,0.001556,3.1e-05
0,0.242742,0.041701,0.165964,0.0306,0.158613,0.053124,0.001381,0.000728
0,0.049701,-0.087805,-0.185467,-0.115117,-0.156891,-0.110771,0.000867,0.001532
0,0.09957,-0.186905,0.066789,-0.077834,0.065088,-0.035052,0.001738,0.002355
0,0.234263,-0.145127,0.146921,0.024182,0.120527,0.030182,0.001529,0.002533
0,0.097341,0.017214,-0.115879,0.150006,-0.145041,0.145335,0.001699,0.0003
0,0.184693,0.047561,0.099235,0.019755,0.123709,0.055316,0.002394,0.00083
0,0.297476,-0.148693,0.121591,-0.222593,0.079951,-0.212094,0.000426,0.002595
0,0.241174,-0.010927,-0.031911,0.140309,-0.059967,0.113178,0.001408,0.000191
0,0.093328,-0.11491,-0.156922,-0.07579,-0.196235,-0.087228,0.001629,0.002006
0,0.129163,-0.034329,0.05856,0.098887,0.103475,0.09648,0.002254,0.000599
0,0.1428,-0.135807,-0.013859,-0.130257,-0.035498,-0.109607,0.002492,0.00237
0,0.144773,-0.092837,0.022108,0.029774,-0.018666,0.060617,0.002527,0.00162
0,0.012268,-0.071067,-0.125426,0.000183,-0.107551,-0.038193,0.000214,0.00124
0,0.211771,-0.097972,0.179037,-0.00809,0.152611,0.011816,0.001921,0.00171
0,0.114242,0.06242,-0.077307,0.157943,-0.085166,0.167881,0.001994,0.001089
0,0.287964,0.126049,0.199082,0.034393,0.168273,0.057482,0.000592,0.0022
0,0.148196,-0.18531,-0.113551,-0.317707,-0.150551,-0.343756,0.002587,0.002383
0,0.320562,-0.065875,0.200031,0.093502,0.217649,0.130759,2.3e-05,0.00115
0,0.333942,0.135455,0.028386,0.211415,0.0772,0.207314,0.000211,0.002364
0,0.290516,0.095278,-0.063363,-0.026871,-0.016459,-0.009714,0.000547,0.001663
0,0.101118,-0.098477,-0.201812,-0.165323,-0.245706,-0.17638,0.001765,0.001719
0,0.244915,-0.177568,0.137619,-0.091146,0.181939,-0.13347,0.001343,0.002518
0,0.165691,0.048047,-0.084476,0.219262,-0.098183,0.211511,0.002726,0.000839
0,0.083732,-0.049721,-0.103616,-0.109221,-0.112018,-0.145,0.001461,0.000868
0,0.227919,-0.12584,0.151009,-0.084585,0.118647,-0.133135,0.00164,0.002196
0,0.118269,0.00121,-0.133531,0.154825,-0.131973,0.177345,0.002064,2.1e-05
0,0.058707,-0.127922,-0.088763,-0.108892,-0.12299,-0.07769,0.001025,0.002233
0,0.05551,-0.101102,-0.00841,0.02651,-0.000662,0.044514,0.000969,0.001765
0,0.052186,-0.028708,0.000409,0.102359,-0.026937,0.111617,0.000911,0.000501
0,0.009626,0.014173,-0.033689,0.021296,-0.048483,0.015383,0.000168,0.000247
0,0.10131,-0.165065,0.077997,-0.172759,0.07741,-0.14927,0.001768,0.002737
0,0.118586,-0.042284,0.022912,0.135076,-0.000406,0.171763,0.00207,0.000738
0,-0.103156,-0.018765,-0.211807,0.015702,-0.18769,-0.007583,0.0018,0.000328
0,0.06335,-0.106785,0.190534,-0.077675,0.220458,-0.079553,0.001106,0.001864
0,0.173092,-0.083366,0.108092,0.037626,0.135754,0.02194,0.002596,0.001455
0,-0.067931,0.000651,-0.228767,0.077724,-0.221699,0.055083,0.001186,1.1e-05
0,-0.067463,-0.105426,-0.003882,-0.084711,0.042798,-0.123213,0.001177,0.00184
0,-0.06358,-0.078021,0.028915,0.042251,0.058156,0.063114,0.00111,0.001362
0,0.084128,-0.028927,0.1678,0.049688,0.123959,0.037385,0.001468,0.000505
0,0.210907,0.014326,0.137349,0.022332,0.168696,-0.019035,0.001936,0.00025
0,0.210392,-0.028003,-0.007359,-0.022051,-0.011819,-0.015156,0.001945,0.000489
0,0.18262,0.115328,-0.004731,0.150621,-0.039381,0.157396,0.00243,0.002013
0,-0.066697,0.023179,-0.225148,-0.067357,-0.25908,-0.078579,0.001164,0.000405
0,-0.110675,-0.107169,-0.070445,-0.157794,-0.116546,-0.13571,0.001932,0.00187
0,-0.101478,-0.058173,0.025315,0.046763,0.027733,0.028811,0.001771,0.001015
0,0.059021,0.103606,0.1318,0.178772,0.104031,0.159097,0.00103,0.001808
0,-0.021149,0.099848,-0.07664,0.012381,-0.027642,0.007168,0.000369,0.001743
0,-0.016469,0.049268,0.001161,-0.058688,0.040858,-0.100903,0.000287,0.00086
0,-0.059493,-0.05007,-0.067746,-0.096835,-0.11042,-0.0713,0.001038,0.000874
0,-1.372694,-0.339894,-1.327947,-0.301582,-1.360792,-0.346147,0.001488,0.000315
0,-1.693787,-0.648239,-0.329036,-0.332252,-0.336922,-0.353686,0.001475,7.9e-05
0,-2.05123,-0.716941,-0.381782,-0.043369,-0.385914,-0.091743,0.002096,0.001278
0,-2.106096,-0.557369,-0.080591,0.133516,-0.0434,0.175737,0.002564,0.001507
0,-1.551475,-0.701768,0.540574,-0.13028,0.538177,-0.151763,0.001009,0.001013
0,-1.244357,-0.647823,0.289194,0.081245,0.309401,0.110923,0.000752,7.2e-05
0,-0.801705,-0.481055,0.417579,0.185655,0.459174,0.148573,0.002757,0.002778
0,-0.67006,-0.264831,0.13386,0.223096,0.13974,0.243002,0.00046,0.000995
0,-0.402912,-0.162731,0.270047,0.121383,0.2478,0.121233,0.001415,0.002777
0,-0.311532,0.025186,0.069556,0.197197,0.053087,0.168214,0.00018,0.00044
0,0.115799,-0.082246,0.421004,-0.112365,0.393293,-0.148259,0.002021,0.001435
0,0.01565,-0.079028,-0.109901,-0.012758,-0.108902,0.032887,0.000273,0.001379
0,0.026361,0.110017,0.039363,0.186302,0.019986,0.207189,0.00046,0.00192
0,0.220547,-0.040426,0.199808,-0.179945,0.229748,-0.193047,0.001768,0.000706
0,0.084446,0.152865,-0.15188,0.219748,-0.104938,0.268494,0.001474,0.002668
0,-0.04279,0.089965,-0.156392,-0.052882,-0.140451,-0.014617,0.000747,0.00157
0,0.225169,-0.08731,0.264968,-0.203428,0.30903,-0.192632,0.001688,0.001524
0,0.103494,0.006868,-0.145535,0.094112,-0.132356,0.10694,0.001806,0.00012
0,0.10686,0.16202,0.028262,0.156637,-0.016644,0.197223,0.001865,0.00279
0,-0.025421,-0.083665,-0.153736,-0.238121,-0.112256,-0.283978,0.000444,0.00146
0,0.178671,0.179577,0.176207,0.24332,0.196299,0.232606,0.002499,0.002483
0,0.112402,0.065199,-0.089888,-0.116552,-0.111474,-0.098129,0.001962,0.001138
0,-0.014057,0.039821,-0.151558,0.00164,-0.166627,-0.042182,0.000245,0.000695
0,0.120741,0.070446,0.140738,0.028277,0.143837,0.022391,0.002107,0.00123
0,0.17186,-0.067477,0.047809,-0.143891,0.047348,-0.165835,0.002618,0.001178
0,0.199287,0.133088,0.031826,0.193252,0.075457,0.173517,0.002139,0.002323
0,0.092937,0.123126,-0.123784,-0.013415,-0.172021,0.029458,0.001622,0.002149
0,-0.114715,0.08969,-0.216334,-0.054385,-0.239827,-0.072587,0.002002,0.001565
0,-0.07295,0.001164,0.046197,-0.080433,0.066355,-0.112645,0.001273,2e-05
0,-0.054663,0.122789,0.015714,0.142276,0.053916,0.128872,0.000954,0.002143
0,-0.051095,-0.124643,-0.025941,-0.273659,-0.046824,-0.293424,0.000892,0.002175
0,-0.058545,-0.104177,0.014757,0.024606,0.044104,0.045351,0.001022,0.001818
0,-0.08328,-0.001467,-0.047386,0.088974,-0.024374,0.083228,0.001454,2.6e-05
0,-0.245885,-0.126518,-0.182723,-0.134125,-0.173307,-0.089184,0.001326,0.002208
0,-0.179141,0.0851,0.070178,0.190075,0.101012,0.192827,0.002491,0.001485
0,-0.225263,0.163922,-0.045849,0.056619,0.000412,0.069685,0.001686,0.002757
0,-0.185311,0.021816,0.042606,-0.134133,0.078759,-0.164204,0.002383,0.000381
0,-0.289745,0.015531,-0.099436,-0.023506,-0.138634,-0.053769,0.000561,0.000271
0,0.049136,-0.063229,0.348718,-0.094676,0.31315,-0.082324,0.000858,0.001104
0,0.046477,0.145049,0.001763,0.200099,0.050924,0.189395,0.000811,0.002532
0,-0.069223,-0.080448,-0.105436,-0.195888,-0.133787,-0.205491,0.001208,0.001404
0,-0.132423,-0.003501,-0.052498,0.090128,-0.057852,0.086847,0.002311,6.1e-05
0,-0.204423,0.042476,-0.08158,0.020035,-0.094342,0.06447,0.00205,0.000741
0,-0.095081,0.152116,0.087683,0.093715,0.110355,0.066408,0.001659,0.002655
0,-0.059907,0.055544,0.028353,-0.097652,0.010671,-0.133907,0.001046,0.000969
0,-0.061838,0.095951,0.01186,0.050297,0.037348,0.045031,0.001079,0.001675
0,-0.149425,0.058889,-0.058793,-0.050516,-0.015067,-0.032007,0.002608,0.001028
0,0.105419,-0.037288,0.23088,-0.102487,0.273166,-0.117935,0.00184,0.000651
0,-0.016939,0.115384,-0.131195,0.162456,-0.131771,0.194741,0.000296,0.002014
0,-0.097495,-0.039928,-0.109036,-0.13447,-0.139362,-0.168543,0.001702,0.000697
0,0.076834,-0.076301,0.180986,-0.033834,0.165491,-0.074042,0.001341,0.001332
0,-0.004638,-0.013548,-0.105898,0.073081,-0.069411,0.099832,8.1e-05,0.000236
0,0.01356,-0.15059,0.031057,-0.146134,0.059501,-0.177165,0.000237,0.002628
0,0.202801,0.126941,0.184832,0.294149,0.231816,0.265797,0.002078,0.002216
0,0.147951,0.150382,-0.028276,0.006779,-0.005308,-0.012901,0.002582,0.002625
0,-0.082699,0.030552,-0.253133,-0.135152,-0.261287,-0.086144,0.001443,0.000533
0,0.053673,0.093763,0.12563,0.059939,0.113956,0.098314,0.000937,0.001636
0,-0.115911,-0.041957,-0.164778,-0.142554,-0.20207,-0.092794,0.002023,0.000732
0,-0.0411,-0.17087,0.054681,-0.143905,0.008479,-0.130061,0.000717,0.002635
0,0.153182,-0.141867,0.20485,0.05031,0.177049,0.076383,0.002674,0.002476
0,-0.049448,-0.154719,-0.178825,-0.006527,-0.215227,0.005681,0.000863,0.0027
0,0.116904,-0.169591,0.194078,-0.043719,0.227178,-0.055427,0.00204,0.002658
0,0.255376,0.106477,0.128875,0.248034,0.150091,0.211763,0.00116,0.001858
0,0.206102,0.103033,-0.072152,-0.014231,-0.068796,-0.054973,0.00202,0.001798
0,0.09263,-0.111711,-0.09108,-0.241672,-0.056589,-0.240515,0.001617,0.00195
0,-0.016688,-0.126845,-0.13525,0.001556,-0.121266,-0.015169,0.000291,0.002214
0,-0.074868,-0.125565,-0.049771,0.007077,-0.033377,0.033768,0.001307,0.002192
0,-0.079942,-0.067272,-0.029159,0.051307,-0.030574,0.049578,0.001395,0.001174
0,0.183342,-0.110215,0.286785,-0.041526,0.277169,-0.013143,0.002418,0.001924
0,0.105531,0.116897,-0.097136,0.235886,-0.099424,0.18886,0.001842,0.00204
0,0.224012,0.007148,0.130514,-0.125216,0.137364,-0.16463,0.001708,0.000125
0,0.14123,0.078955,-0.054586,0.048904,-0.102966,0.020279,0.002465,0.001378
0,0.003496,-0.174686,-0.133235,-0.263782,-0.087091,-0.287108,6.1e-05,0.002569
0,-0.103503,-0.013586,-0.100101,0.172132,-0.107972,0.130239,0.001806,0.000237
0,0.204691,0.076027,0.314567,0.083766,0.273998,0.072885,0.002045,0.001327
0,-0.054961,-0.050708,-0.267187,-0.155672,-0.226331,-0.188445,0.000959,0.000885
0,0.110137,-0.026379,0.15452,-0.000816,0.166503,0.039117,0.001922,0.00046
0,0.037187,-0.153024,-0.045919,-0.126444,-0.092341,-0.165406,0.000649,0.002671
0,0.076879,-0.051468,0.025437,0.121547,0.06946,0.108206,0.001342,0.000898
0,-0.078635,-0.097194,-0.170666,-0.069377,-0.189187,-0.039972,0.001372,0.001696
0,-0.002031,-0.115969,0.096821,0.00875,0.111826,-0.01726,3.5e-05,0.002024
0,-0.006807,-0.037903,0.010997,0.067387,0.047694,0.071184,0.000119,0.000662
0,0.174033,-0.001009,0.194607,0.052822,0.231434,0.056355,0.00258,1.8e-05
0,1.070452,-2.373029,0.866607,-2.381754,0.867799,-2.369754,0.00183,0.002095
0,2.262661,-2.605536,1.187517,-0.205565,1.145067,-0.233607,0.000168,0.000535
0,2.115756,-2.580762,-0.17034,0.012093,-0.129056,0.032806,0.002396,0.000103
0,2.250007,-2.268867,0.152223,0.306474,0.175638,0.256621,5.3e-05,0.000277
0,1.958231,-1.823137,-0.279229,0.459542,-0.25869,0.479999,0.000473,0.001885
0,1.284716,-1.436398,-0.696825,0.379092,-0.72237,0.333446,4.8e-05,0.0026
0,1.004037,-1.052199,-0.265283,0.380703,-0.216945,0.341781,0.000671,0.001512
0,0.841009,-0.529637,-0.14321,0.522549,-0.184175,0.533269,0.002174,0.001991
0,0.628184,-0.205063,-0.21799,0.30895,-0.259213,0.271449,0.000271,0.002038
0,0.566022,-0.017838,-0.087615,0.213054,-0.132746,0.211213,0.001356,0.000311
0,0.525231,0.149298,-0.040943,0.149643,-0.026687,0.165676,0.002068,0.002606
0,0.164696,0.240337,-0.35542,0.075157,-0.335854,0.114215,0.002743,0.001423
0,-0.087577,0.155718,-0.226402,-0.09423,-0.224595,-0.13496,0.001529,0.002718
0,-0.064124,0.197571,0.03544,0.04086,0.055306,0.033605,0.001119,0.002169
0,-0.217751,0.115346,-0.155163,-0.06194,-0.109706,-0.052531,0.001817,0.002013
0,-0.32636,0.246745,-0.092693,0.138617,-0.105266,0.127921,7.9e-05,0.001311
0,-0.304717,0.072742,0.045562,-0.151202,0.079889,-0.115765,0.000299,0.00127
0,-0.281273,0.114876,0.008489,0.064903,0.032057,0.090126,0.000708,0.002005
0,-0.065696,0.022098,0.190511,-0.101757,0.202766,-0.072082,0.001147,0.000386
0,-0.057414,0.081628,0.020473,0.031996,-0.001226,0.033284,0.001002,0.001425
0,0.076552,-0.061131,0.15282,-0.1562,0.114521,-0.162002,0.001336,0.001067
0,-0.070003,-0.022404,-0.13525,0.021056,-0.184848,0.022982,0.001222,0.000391
0,-0.123449,-0.130136,-0.064476,-0.091323,-0.073319,-0.050541,0.002155,0.002271
0,-0.103366,0.081995,0.040257,0.232845,0.063067,0.197713,0.001804,0.001431
0,0.031808,-0.101314,0.140606,-0.16612,0.141811,-0.188397,0.000555,0.001768
0,-0.134178,-0.178891,-0.158515,-0.090091,-0.160169,-0.053968,0.002342,0.002495
0,-0.131213,0.026958,-0.005827,0.229022,-0.026514,0.21822,0.00229,0.000471
0,0.073303,-0.114242,0.214055,-0.137451,0.192395,-0.139279,0.001279,0.001994
0,-0.147199,-0.053387,-0.207913,0.072265,-0.176614,0.052695,0.002569,0.000932
0,-0.052503,-0.089148,0.07121,-0.033193,0.098918,-0.066503,0.000916,0.001556
0,0.136831,0.144396,0.177153,0.212283,0.197516,0.1639,0.002388,0.00252
0,0.132914,0.190745,0.024195,0.032756,0.029297,-0.002873,0.00232,0.002288
0,0.140399,-0.059809,0.023809,-0.251233,0.03999,-0.291468,0.00245,0.001044
0,-0.034376,-0.051167,-0.148999,0.011926,-0.133836,0.016843,0.0006,0.000893
0,0.092746,0.046383,0.140102,0.070933,0.147454,0.057598,0.001619,0.00081
0,0.051314,0.03463,-0.071247,-0.034511,-0.042418,-0.049416,0.000896,0.000604
0,-0.023737,-0.095625,-0.096654,-0.136827,-0.118795,-0.173541,0.000414,0.001669
0,-0.15658,-0.131913,-0.126212,-0.066073,-0.173992,-0.087808,0.002733,0.002302
0,-0.08971,-0.141316,0.062608,0.010801,0.042525,0.035348,0.001566,0.002466
0,-0.094575,0.072407,-0.006523,0.243028,-0.051549,0.199805,0.001651,0.001264
0,-0.01123,-0.142825,0.065543,-0.219072,0.055527,-0.222958,0.000196,0.002493
0,-0.096696,0.055874,-0.064471,0.208069,-0.039435,0.256832,0.001688,0.000975
0,-0.024223,-0.079069,0.089752,-0.163953,0.087883,-0.174831,0.000423,0.00138
0,0.117058,0.048892,0.139294,0.103577,0.168619,0.084364,0.002043,0.000853
0,-0.049548,0.046874,-0.150447,0.027464,-0.159461,0.0214,0.000865,0.000818
0,0.099479,0.120414,0.17049,0.053832,0.153915,0.068059,0.001736,0.002102
0,0.122985,0.028507,0.006571,-0.095466,-0.042636,-0.131578,0.002146,0.000498
0,0.01677,0.095686,-0.076628,0.076881,-0.073352,0.063983,0.000293,0.00167
0,0.035212,0.183607,-0.004048,0.083674,0.039158,0.095954,0.000615,0.002413
0,0.130374,0.005816,0.093742,-0.16733,0.079989,-0.184398,0.002275,0.000102
0,0.179682,0.193199,0.027941,0.181564,0.058882,0.134909,0.002481,0.002246
0,0.112591,0.141632,-0.03867,-0.023365,-0.079299,-0.000778,0.001965,0.002472
0,0.16727,0.073703,0.027079,-0.089406,-0.002938,-0.089118,0.002698,0.001286
0,0.176433,-0.016921,0.027681,-0.080742,0.036473,-0.112236,0.002538,0.000295
0,0.21814,0.066265,0.070431,0.09067,0.07686,0.076544,0.00181,0.001157
0,-0.002395,0.184161,-0.204616,0.101026,-0.232561,0.140565,4.2e-05,0.002403
0,0.196903,-0.016183,0.187225,-0.173496,0.167624,-0.161414,0.002181,0.000282
0,0.137228,0.085041,-0.086738,0.121679,-0.113051,0.126633,0.002395,0.001484
0,0.203113,0.019875,0.087545,-0.037244,0.069153,-0.050958,0.002073,0.000347
0,0.021896,-0.016204,-0.210227,-0.016467,-0.192758,-0.007654,0.000382,0.000283
0,0.186228,0.031889,0.165546,0.028083,0.175365,0.06838,0.002367,0.000557
0,-0.042859,-0.114919,-0.233774,-0.149337,-0.26066,-0.159215,0.000748,0.002006
0,-0.050697,0.063631,0.020192,0.178106,-0.019298,0.201594,0.000885,0.001111
0,0.014703,-0.142994,0.092604,-0.214215,0.06647,-0.233942,0.000257,0.002496
0,-0.010954,-0.00424,-0.010232,0.163526,0.003092,0.118507,0.000191,7.4e-05
0,-0.047056,0.087747,-0.05054,0.090804,-0.017231,0.042159,0.000821,0.001531
0,-0.118849,0.07781,-0.052907,-0.017618,-0.035162,-0.023368,0.002074,0.001358
0,0.042525,-0.119723,0.13596,-0.22752,0.163451,-0.188875,0.000742,0.00209
0,-0.140908,-0.163902,-0.17698,-0.014863,-0.206096,-0.051032,0.002459,0.002757
0,-0.019726,-0.102974,0.135686,0.074125,0.135961,0.068982,0.000344,0.001797
0,-0.011841,-0.06931,-0.012113,0.050903,-0.035879,0.00376,0.000207,0.00121
0,-0.205786,-0.01411,-0.223513,0.064419,-0.219005,0.059596,0.002026,0.000246
0,-0.019166,0.089722,0.19849,0.12476,0.153033,0.123465,0.000335,0.001566
0,-0.218431,-0.081918,-0.174562,-0.182087,-0.207295,-0.230516,0.001805,0.00143
0,-0.142775,0.064026,0.048825,0.131752,0.054408,0.148819,0.002492,0.001117
0,-2.592804,-0.217091,-2.46924,-0.26584,-2.483933,-0.296526,0.000313,0.001829
0,-3.926765,-0.435531,-1.339768,-0.216519,-1.323553,-0.204671,0.001125,0.001984
0,-5.555699,-0.753593,-1.638693,-0.306138,-1.597177,-0.353196,0.001468,0.001918
0,-4.578049,-0.7335,0.998079,-0.000961,1.041706,0.008021,0.001257,0.001567
0,-4.784735,-0.851196,-0.18032,-0.125752,-0.225273,-0.110497,0.000753,0.001996
0,-4.183066,-0.710006,0.596479,0.141512,0.561534,0.158504,1.9e-05,0.001157
0,-3.339344,-0.475586,0.829986,0.234311,0.839163,0.268245,0.002107,0.002683
0,-2.654099,-0.533112,0.697144,-0.047162,0.739155,-0.01303,0.001383,0.00193
0,-2.065205,-0.320056,0.617994,0.242089,0.570927,0.230203,0.00234,3.1e-05
0,-1.271835,-0.282814,0.77749,0.056444,0.804735,0.024192,0.000272,0.000681
0,-0.440037,-0.234629,0.822113,0.048804,0.784611,0.06536,0.002063,0.001522
0,-0.024837,0.027841,0.3978,0.282685,0.365859,0.286914,0.000433,0.000486
0,0.168086,-0.0695,0.164868,-0.110637,0.191424,-0.144778,0.002684,0.001213
0,0.035311,0.102422,-0.159588,0.18989,-0.175085,0.195979,0.000616,0.001788
0,0.071797,-0.009471,0.021484,-0.119831,0.062689,-0.073119,0.001253,0.000165
0,-0.002711,-0.081357,-0.060585,-0.096626,-0.059557,-0.079646,4.7e-05,0.00142
0,-0.131674,0.103641,-0.114377,0.157262,-0.092651,0.149477,0.002298,0.001809
0,0.017531,-0.024094,0.131114,-0.126464,0.11275,-0.174261,0.000306,0.000421
0,-0.110342,0.117856,-0.147454,0.168637,-0.117787,0.122468,0.001926,0.002057
0,0.15449,-0.153508,0.283756,-0.250507,0.274756,-0.255987,0.002696,0.002679
0,-0.000124,-0.018016,-0.179563,0.126862,-0.188967,0.08163,2e-06,0.000314
0,0.017328,0.029724,0.043052,0.022198,0.053472,-0.018165,0.000302,0.000519
0,-0.109447,-0.141789,-0.134362,-0.183154,-0.129681,-0.164557,0.00191,0.002475
0,-0.078525,-0.046796,0.009231,0.119983,0.029089,0.103244,0.001371,0.000817
0,-0.171223,-0.105415,-0.120792,-0.080404,-0.135236,-0.061614,0.002629,0.00184
0,-0.087558,0.010021,0.102409,0.116177,0.109857,0.087427,0.001528,0.000175
0,-0.049348,-0.086436,0.048014,-0.100225,0.053239,-0.059547,0.000861,0.001509
0,-0.264733,0.059619,-0.18742,0.127766,-0.203683,0.152332,0.000997,0.001041
0,-0.147035,-0.096645,0.130322,-0.18415,0.126578,-0.135805,0.002566,0.001687
0,-0.218998,-0.024328,-0.099732,0.066587,-0.085226,0.041589,0.001795,0.000425
0,-0.04741,0.017507,0.185922,0.067472,0.17857,0.028046,0.000827,0.000306
0,0.02,-0.102341,0.095143,-0.119053,0.084773,-0.079885,0.000349,0.001786
0,-0.229149,-0.007211,-0.219634,0.076302,-0.240646,0.066938,0.001618,0.000126
0,-0.2133,0.011853,-0.012658,0.032703,0.034499,0.08106,0.001895,0.000207
0,-0.128953,-0.165654,0.06114,-0.163767,0.094238,-0.13654,0.002251,0.002726
0,-0.26255,-0.037651,-0.155489,0.144853,-0.128632,0.186728,0.001035,0.000657
0,-0.156518,-0.116568,0.122684,-0.0982,0.101152,-0.063622,0.002732,0.002035
0,0.018281,0.036253,0.191194,0.180008,0.166084,0.202817,0.000319,0.000633
0,-0.110738,0.108433,-0.11781,0.093712,-0.092107,0.095622,0.001933,0.001893
0,-0.216514,0.146682,-0.093441,0.061409,-0.058557,0.033306,0.001839,0.00256
0,-0.037178,0.135885,0.152746,-0.016534,0.13438,0.02254,0.000649,0.002372
0,-0.003628,0.099856,0.018082,-0.057009,-0.02711,-0.029842,6.3e-05,0.001743
0,0.108476,-0.13977,0.083537,-0.241812,0.065245,-0.204741,0.001893,0.002439
0,0.109949,0.012683,-0.011034,0.139721,0.023252,0.110666,0.001919,0.000221
0,-0.064307,-0.084122,-0.16547,-0.078887,-0.163531,-0.071755,0.001122,0.001468
0,0.030111,0.052835,0.112914,0.157792,0.067553,0.142289,0.000526,0.000922
0,0.025465,-0.036612,0.0041,-0.068596,-0.010962,-0.052888,0.000444,0.000639
0,-0.148837,0.075809,-0.186486,0.130733,-0.142791,0.095108,0.002598,0.001323
0,-0.069463,0.140104,0.108238,0.084025,0.13105,0.055855,0.001212,0.002445
0,-0.112482,0.187288,-0.04879,0.076188,-0.03264,0.06843,0.001963,0.002349
0,-0.163361,-0.835774,-0.078491,-0.993385,-0.12678,-1.008954,0.002766,0.002266
0,0.039144,-0.915635,0.200407,-0.099098,0.170495,-0.09245,0.000683,0.000872
0,-0.043456,-1.274803,-0.070612,-0.370043,-0.045852,-0.330875,0.000758,0.000221
0,-0.016493,-1.054526,0.00601,0.233767,-0.014657,0.225023,0.000288,0.001552
0,-0.255557,-1.018759,-0.248805,0.063366,-0.257556,0.077667,0.001157,0.000928
0,-0.251393,-0.807129,0.014892,0.231933,0.002677,0.226448,0.00123,0.002765
0,0.021263,-0.577296,0.267353,0.20226,0.223652,0.251623,0.000371,0.001159
0,-0.058511,-0.467369,-0.050056,0.129454,-0.02076,0.167519,0.001021,0.00254
0,-0.083201,-0.017342,-0.051333,0.459418,-0.053028,0.41719,0.001452,0.000303
0,-0.168834,0.091137,-0.099212,0.138419,-0.066031,0.166645,0.002671,0.001591
0,-0.118563,-0.058207,0.035694,-0.17717,0.076637,-0.218612,0.002069,0.001016
0,0.036828,-0.04964,0.167061,-0.01374,0.194622,-0.010854,0.000643,0.000866
0,-0.135103,0.241579,-0.1546,0.273214,-0.161235,0.24524,0.002358,0.001401
0,0.102772,0.140851,0.247042,-0.096781,0.225423,-0.05385,0.001794,0.002458
0,0.088572,0.225151,0.009572,0.091546,-0.018156,0.087017,0.001546,0.001688
0,0.029689,0.226109,-0.049003,-0.008561,-0.098586,0.028328,0.000518,0.001671
0,-0.122289,0.135092,-0.174809,-0.069936,-0.142277,-0.037934,0.002134,0.002358
0,-0.241646,-0.050141,-0.109634,-0.211264,-0.066912,-0.242867,0.0014,0.000875
0,-0.275552,0.140171,-0.042449,0.196939,-0.017676,0.21735,0.000808,0.002446
0,-0.158025,0.126196,0.124759,-0.029525,0.097885,-0.078647,0.002758,0.002203
0,-0.082581,-0.047888,0.055068,-0.168387,0.07082,-0.130566,0.001441,0.000836
0,0.091398,-0.110729,0.156428,-0.077463,0.1698,-0.108677,0.001595,0.001933
0,0.028067,0.058065,-0.072772,0.164634,-0.083552,0.120936,0.00049,0.001013
0,0.027449,0.083954,0.012122,0.016993,-0.002963,-0.009737,0.000479,0.001465
0,-0.160426,-0.037682,-0.169175,-0.150652,-0.157932,-0.140926,0.0028,0.000658
0,-0.01096,0.108732,0.137221,0.173129,0.11423,0.179955,0.000191,0.001898
0,0.012848,-0.093895,0.052104,-0.209023,0.09648,-0.187939,0.000224,0.001639
0,-0.010183,-0.110934,-0.020936,0.011775,-0.037272,0.034099,0.000178,0.001936
0,-1.917485,-1.085052,-1.928748,-0.961175,-1.897911,-0.983623,0.000239,0.002085
0,-2.0728,-1.67427,-0.155812,-0.581134,-0.106688,-0.594094,0.002472,0.001134
0,-2.188575,-1.971251,-0.136513,-0.319692,-0.098629,-0.356187,0.001125,0.0007
0,-2.293554,-1.650423,-0.092847,0.342517,-0.046015,0.296469,0.000708,0.000718
0,-1.653045,-1.320474,0.619096,0.320421,0.665976,0.294894,0.000764,0.000577
0,-1.426781,-1.10772,0.233225,0.230764,0.264349,0.193833,0.002432,0.002481
0,-1.245039,-0.750554,0.174897,0.366021,0.210658,0.34749,0.00074,0.001865
0,-0.815466,-0.496768,0.417094,0.227976,0.376519,0.209824,0.00262,0.002565
0,-0.827562,-0.217285,-0.017684,0.288726,-0.013285,0.309744,0.002409,0.001825
0,-0.405517,-0.05841,0.422737,0.131422,0.417673,0.119584,0.00146,0.001019
0,-0.269837,-0.020709,0.156554,0.034087,0.188854,0.026192,0.000908,0.000361
0,-0.20535,0.136276,0.074079,0.174263,0.118358,0.142337,0.002033,0.002378
0,-0.058028,0.163753,0.121155,0.016527,0.110375,0.034212,0.001013,0.002759
0,0.218874,0.051887,0.287411,-0.096794,0.264924,-0.077296,0.001797,0.000906
0,0.325719,0.033685,0.119983,-0.035716,0.15188,-0.071762,6.7e-05,0.000588
0,0.188471,0.021352,-0.117434,0.007818,-0.081009,-0.01486,0.002328,0.000373
0,0.079603,0.118646,-0.115699,0.080167,-0.093933,0.1259,0.001389,0.002071
0,0.173483,0.280571,0.104637,0.172765,0.132713,0.159459,0.00259,0.000721
0,0.022436,0.252205,-0.141049,-0.057168,-0.12373,-0.057227,0.000392,0.001216
0,0.01557,0.182044,0.00767,-0.078865,0.027193,-0.122445,0.000272,0.00244
0,0.169795,0.103833,0.12814,-0.07323,0.147061,-0.043041,0.002654,0.001812
0,0.073145,0.00044,-0.076346,-0.088887,-0.029668,-0.091956,0.001277,8e-06
0,0.083139,-0.198785,0.019658,-0.170086,0.054519,-0.156053,0.001451,0.002148
0,0.134728,-0.047982,0.037217,0.150554,0.011093,0.158061,0.002351,0.000837
0,-0.024212,-0.037815,-0.171546,0.018313,-0.198052,0.045121,0.000423,0.00066
0,-0.149501,-0.020248,-0.143961,-0.003614,-0.110285,0.003712,0.002609,0.000353
0,0.033505,-0.127991,0.192941,-0.083197,0.208069,-0.114456,0.000585,0.002234
0,-0.0381,-0.099413,-0.085268,0.033679,-0.043298,0.017115,0.000665,0.001735
0,0.139008,-0.05813,0.184434,0.020716,0.179514,0.049441,0.002426,0.001015
0,0.174675,-0.154894,0.008838,-0.070684,-0.023272,-0.028247,0.002569,0.002703
0,0.048284,-0.135233,-0.153501,0.009653,-0.176147,0.012551,0.000843,0.00236
0,0.088874,-0.122266,0.020498,0.032563,0.067428,0.029824,0.001551,0.002134
0,-0.078666,-0.136949,-0.149161,-0.040408,-0.1288,-0.081828,0.001373,0.00239
0,0.010868,-0.166157,0.068657,-0.018037,0.082916,-0.03179,0.00019,0.002718
0,0.047979,-0.1268,0.01762,0.050885,0.029333,0.055533,0.000837,0.002213
0,-0.024376,0.100103,-0.07837,0.222986,-0.063502,0.229329,0.000425,0.001747
0,-0.000843,0.038075,0.01269,-0.043492,0.048554,-0.004599,1.5e-05,0.000665
0,0.080311,0.058898,0.10045,-0.006249,0.137173,-0.003134,0.001402,0.001028
0,-0.066001,-0.124934,-0.129396,-0.173154,-0.128296,-0.20633,0.001152,0.002181
0,0.043586,0.138057,0.111209,0.281688,0.126064,0.286945,0.000761,0.00241
0,-0.073021,0.044034,-0.138829,-0.114984,-0.156901,-0.098553,0.001274,0.000769
0,-0.059765,-0.072006,0.024361,-0.095773,0.040206,-0.084894,0.001043,0.001257
0,-0.084629,0.027739,-0.054556,0.113274,-0.06255,0.153304,0.001477,0.000484
0,-0.115818,0.007868,-0.020705,-0.024739,-0.030432,-0.036071,0.002021,0.000137
0,-0.187993,-0.044168,-0.093541,-0.071825,-0.078625,-0.121693,0.002336,0.000771
0,0.024612,-0.051422,0.206381,0.002622,0.188641,-0.008547,0.00043,0.000897
0,0.077436,-0.114105,0.080565,-0.077212,0.126464,-0.076972,0.001352,0.001992
0,0.137277,0.005335,0.063938,0.112758,0.056012,0.146913,0.002396,9.3e-05
0,0.113178,0.072253,-0.003659,0.074462,0.040418,0.118993,0.001975,0.001261
0,-0.045718,-0.042108,-0.133106,-0.111715,-0.090192,-0.121286,0.000798,0.000735
0,0.062389,-0.082417,0.10516,-0.050089,0.088988,-0.024911,0.001089,0.001438
0,-0.027007,-0.06461,-0.073654,0.002411,-0.041004,0.044052,0.000471,0.001128
0,0.002924,-0.138143,0.013767,-0.096453,0.056143,-0.086891,5.1e-05,0.002411
0,-0.084699,-0.018563,-0.090902,0.09526,-0.132335,0.067946,0.001478,0.000324
0,-0.009609,-0.136411,0.077396,-0.139299,0.118742,-0.148246,0.000168,0.002381
0,0.019253,0.015068,0.055496,0.133252,0.008295,0.134466,0.000336,0.000263
0,-0.009816,-0.188657,-0.036195,-0.196729,-0.062376,-0.245903,0.000171,0.002325
0,-0.177558,-0.064072,-0.17554,0.149766,-0.143112,0.173321,0.002519,0.001118
0,0.049906,-0.20302,0.221943,-0.113445,0.173579,-0.131037,0.000871,0.002074
0,-0.10677,0.055079,-0.184118,0.22837,-0.220733,0.277456,0.001863,0.000961
0,0.009411,-0.161802,0.130294,-0.225263,0.135977,-0.248856,0.000164,0.002794
0,-0.176334,0.063306,-0.187541,0.232664,-0.235287,0.197092,0.00254,0.001105
0,-0.049517,-0.147731,0.150682,-0.23907,0.195849,-0.285472,0.000864,0.002578
0,-0.045778,-0.141482,0.003004,0.024709,0.052617,0.050069,0.000799,0.002469
0,-0.117823,0.039738,-0.049238,0.182184,-0.030001,0.159817,0.002056,0.000694
0,-0.146433,-0.086412,-0.024096,-0.130311,-0.00055,-0.133624,0.002556,0.001508
0,-0.149616,0.046476,0.004491,0.118975,-0.031946,0.16843,0.002611,0.000811
0,-0.08118,0.073008,0.093833,0.003401,0.076498,0.008517,0.001417,0.001274
0,-0.093476,-0.029803,-0.006658,-0.125185,0.002273,-0.134038,0.001631,0.00052
0,0.045377,-0.160307,0.154653,-0.154883,0.153826,-0.139446,0.000792,0.002798
0,-0.115794,-0.032404,-0.171607,0.132185,-0.173439,0.127134,0.002021,0.000566
0,0.008461,-0.141759,0.115384,-0.092328,0.101687,-0.125742,0.000148,0.002474
0,-0.134263,0.04995,-0.115621,0.203208,-0.129793,0.191395,0.002343,0.000872
0,-0.017361,0.026475,0.119082,-0.037417,0.112534,-0.037415,0.000303,0.000462
0,-0.022514,-0.00401,-0.022412,-0.021192,0.009859,-0.058604,0.000393,7e-05
0,0.3746,0.425341,0.416808,0.413469,0.447461,0.391371,0.00092,0.001806
0,0.492348,1.699309,0.114583,1.27157,0.074534,1.300297,0.002642,0.001571
0,0.702402,1.598593,0.212686,-0.109878,0.188146,-0.102324,0.001024,0.000187
0,0.860113,1.615355,0.18591,0.026442,0.203956,0.045333,0.001841,0.000106
0,0.693341,1.276686,-0.163762,-0.333482,-0.144431,-0.35855,0.000866,0.000188
0,0.643004,1.007852,-0.060653,-0.266734,-0.059967,-0.289156,1.2e-05,0.000738
0,0.513144,0.784955,-0.112017,-0.215027,-0.113022,-0.179221,0.002279,0.002465
0,0.3287,0.572344,-0.171752,-0.223518,-0.160169,-0.18955,0.000119,0.001246
0,0.192037,0.396831,-0.149134,-0.151322,-0.10875,-0.112694,0.002266,0.001309
0,0.204298,0.268191,0.041613,-0.10102,0.041511,-0.130837,0.002052,0.000937
0,0.163287,-0.093167,-0.039249,-0.343029,-0.044001,-0.327604,0.002768,0.001626
0,0.168009,0.057386,-0.018875,0.145257,-0.01454,0.184792,0.002685,0.001002
0,-0.023667,-0.001644,-0.210482,-0.063443,-0.248078,-0.047047,0.000413,2.9e-05
0,-0.112107,-0.05295,-0.077398,-0.079472,-0.061949,-0.073411,0.001957,0.000924
0,-0.307128,-0.249026,-0.167425,-0.187916,-0.19869,-0.220906,0.000257,0.001271
0,-0.199763,-0.153596,0.091867,0.081362,0.128143,0.054075,0.002131,0.002681
0,-0.097925,-0.023082,0.096872,0.104346,0.077472,0.136344,0.001709,0.000403
0,-0.104664,-0.177909,-0.023468,-0.152096,-0.039311,-0.132541,0.001827,0.002512
0,1.376732,-0.307679,1.477519,-0.106416,1.510898,-0.142717,0.001558,0.000247
0,1.458265,-0.614603,0.089615,-0.335627,0.058891,-0.36409,0.002636,0.000508
0,2.27919,-0.460352,0.833726,0.142443,0.784107,0.093453,0.000457,0.002417
0,2.938245,-0.62803,0.660405,-0.180635,0.687065,-0.168005,0.000724,0.000274
0,2.457018,-0.312157,-0.507757,0.319954,-0.546382,0.277619,0.002057,0.000169
0,2.32173,-0.453298,-0.163661,-0.127631,-0.141258,-0.13075,0.001199,0.002294
0,1.704017,-0.197629,-0.642732,0.232943,-0.672647,0.216638,0.001653,0.002168
0,1.321061,-0.263312,-0.357735,-0.076713,-0.397224,-0.050373,0.000587,0.001022
0,1.138207,0.064395,-0.183566,0.334127,-0.200224,0.295513,0.002605,0.001124
0,0.303771,0.039508,-0.859274,-0.046183,-0.847824,-0.063663,0.000316,0.00069
0,0.279362,-0.025547,-0.020898,-0.077372,0.00014,-0.107505,0.000742,0.000446
0,0.264026,-0.013792,-0.009912,0.021049,-0.008582,0.008243,0.001009,0.000241
0,0.356141,-0.118233,0.094561,-0.091378,0.108499,-0.105051,0.000598,0.002064
0,0.319835,0.089507,-0.058264,0.201454,-0.075969,0.196875,3.5e-05,0.001562
0,0.290784,-0.065195,-0.024754,-0.15342,0.003533,-0.157871,0.000542,0.001138
0,0.360224,0.045959,0.090393,0.087725,0.09527,0.070735,0.00067,0.000802
0,0.219321,0.126501,-0.165108,0.101574,-0.115665,0.13886,0.00179,0.002208
0,0.335916,0.098034,0.123568,-0.031407,0.128599,-0.022711,0.000245,0.001711
0,0.143269,-0.136748,-0.215469,-0.216887,-0.214457,-0.257391,0.002501,0.002387
0,0.172397,0.084708,0.056324,0.209837,0.088189,0.190447,0.002609,0.001478
0,0.045031,0.016593,-0.097621,-0.090017,-0.064627,-0.048077,0.000786,0.00029
0,0.225077,-0.084256,0.16315,-0.122088,0.207656,-0.084289,0.001689,0.001471
0,0.304736,-0.055048,0.080568,0.032913,0.108923,-0.013132,0.000299,0.000961
0,0.029118,-0.034604,-0.301487,0.002623,-0.254337,-0.001533,0.000508,0.000604
0,0.165118,-0.041287,0.119471,-0.018374,0.151576,0.006979,0.002736,0.000721
0,0.012104,-0.042857,-0.158564,0.023437,-0.114303,0.061222,0.000211,0.000748
0,0.202316,-0.046361,0.194788,-0.023597,0.201676,-0.055252,0.002086,0.000809
0,0.090912,0.001637,-0.136131,0.032978,-0.18064,0.064624,0.001587,2.9e-05
0,0.212836,0.019465,0.105494,0.007956,0.096146,0.025014,0.001903,0.00034
0,0.253714,-0.018461,0.016692,-0.028652,-0.014794,-0.001625,0.001189,0.000322
0,0.193511,0.10214,-0.032252,0.146416,-0.069404,0.166492,0.00224,0.001783
0,0.232995,0.137347,0.02307,0.005848,0.025734,-0.006498,0.001551,0.002397
0,-0.079569,-0.003169,-0.322854,-0.12108,-0.348744,-0.079072,0.001389,5.5e-05
0,-0.047885,-0.129419,0.011453,-0.101743,0.015179,-0.06388,0.000836,0.002259
0,0.199945,0.094829,0.23455,0.213331,0.215247,0.173781,0.002128,0.001655
0,0.068862,-0.064969,-0.148431,-0.182825,-0.167727,-0.202044,0.001202,0.001134
0,0.061376,-0.097984,0.014484,-0.033678,0.025702,-0.022248,0.001071,0.00171
0,0.052009,-0.111853,0.004946,-0.039689,-0.038152,0.002333,0.000908,0.001952
0,-0.150916,0.191467,-0.211626,0.313239,-0.177917,0.309018,0.002634,0.002276
0,0.09069,0.000907,0.258218,-0.200942,0.267459,-0.226897,0.001583,1.6e-05
0,0.056866,0.19389,-0.059328,0.178845,-0.037306,0.158283,0.000992,0.002233
0,-0.004197,0.018708,-0.049288,-0.198362,-0.093413,-0.17954,7.3e-05,0.000327
0,-0.160639,0.103958,-0.149752,0.064238,-0.147444,0.057611,0.002804,0.001814
0,-0.051511,-0.016234,0.119214,-0.111566,0.165062,-0.133914,0.000899,0.000283
0,-0.152406,0.076496,-0.105841,0.105122,-0.079063,0.076357,0.00266,0.001335
0,-0.173623,0.162429,-0.026002,0.076917,-0.066558,0.077242,0.002587,0.002783
0,-0.139068,0.045655,0.061785,-0.100159,0.011852,-0.144004,0.002427,0.000797
0,-0.115253,0.089274,0.013208,0.03986,-0.032669,0.035748,0.002012,0.001558
0,-0.180724,0.190561,-0.071178,0.085652,-0.072785,0.096795,0.002463,0.002292
0,-0.072105,0.093437,0.107245,-0.12519,0.151,-0.115519,0.001258,0.001631
0,-0.145979,0.013755,-0.047321,-0.088407,-0.096037,-0.053866,0.002548,0.00024
0,-0.07109,0.053093,0.093085,0.034128,0.094217,0.01751,0.001241,0.000927
0,-0.045568,0.164576,0.012693,0.123159,-0.023422,0.085335,0.000795,0.002745
0,0.048045,0.101045,0.108789,-0.071215,0.096153,-0.056831,0.000839,0.001764
0,-0.014213,-0.051211,-0.056685,-0.15089,-0.10067,-0.180413,0.000248,0.000894
0,-0.036119,-0.068185,-0.028106,-0.032202,-0.011722,-0.077516,0.00063,0.00119
0,0.004566,-0.06188,0.017885,0.01471,0.011295,-0.011756,8e-05,0.00108
0,-0.01957,0.08349,-0.007291,0.117922,-0.042144,0.148098,0.000342,0.001457
0,0.025792,0.02736,0.048968,-0.038895,0.051935,-0.084076,0.00045,0.000478
0,0.09119,-0.083567,0.056133,-0.101045,0.032566,-0.070333,0.001592,0.001459
0,0.205317,0.198704,0.132313,0.276692,0.117609,0.309851,0.002034,0.002149
0,0.017434,-0.028788,-0.179248,-0.242209,-0.205273,-0.24615,0.000304,0.000502
0,-2.955199,-0.235699,-2.962351,-0.181412,-2.921497,-0.229548,0.00102,0.001504
0,-3.42384,-0.238561,-0.479734,-0.01876,-0.525149,-0.052707,0.002035,0.001454
0,-4.147678,-0.570507,-0.73634,-0.357335,-0.743069,-0.334654,0.000637,0.001278
0,-4.112091,-0.577357,0.037794,-0.032119,0.007559,-0.063694,0.001258,0.001158
0,-4.365922,-0.430781,-0.239675,0.161773,-0.283935,0.165971,0.002445,0.001901
0,-4.909287,-0.374529,-0.557056,0.046296,-0.575049,0.032966,0.001421,0.000919
0,-4.367105,-0.071901,0.559526,0.282048,0.571487,0.254287,0.002425,0.001255
0,-3.691731,-0.101243,0.68559,-0.057652,0.701206,-0.078816,0.00264,0.001767
0,-3.000905,-0.082144,0.67433,-0.002756,0.64475,-0.052065,0.001818,0.001434
0,-1.42061,-0.002091,1.608716,0.059592,1.631976,0.07817,0.002324,3.6e-05
0,-0.634422,-0.149904,0.800162,-0.14652,0.751335,-0.163733,0.000162,0.002616
0,-0.436828,0.074877,0.190121,0.247801,0.175453,0.295085,0.002007,0.001307
0,0.273122,-0.136462,0.734502,-0.219249,0.697226,-0.213552,0.000851,0.002382
0,0.522952,-0.171166,0.238557,-0.049898,0.260274,-0.004029,0.002108,0.00263
0,0.59427,-0.092727,0.080604,0.051595,0.054724,0.011721,0.000863,0.001618
0,0.83343,0.063089,0.265582,0.135451,0.229262,0.168287,0.002306,0.001101
0,0.56999,0.09363,-0.251638,0.051842,-0.262056,0.066192,0.001287,0.001634
0,0.497825,0.074633,-0.099645,-0.041617,-0.07383,-0.062143,0.002546,0.001303
0,0.225224,0.169834,-0.278267,0.084375,-0.301585,0.117327,0.001687,0.002653
0,0.146159,0.0286,-0.051186,-0.159331,-0.080156,-0.199364,0.002551,0.000499
0,1.286453,0.626147,1.150987,0.581602,1.111963,0.557171,1.7e-05,0.000307
0,1.737772,1.468453,0.458842,0.819046,0.409973,0.789345,0.002242,0.002458
0,4.285237,1.224372,2.5434,-0.26131,2.498403,-0.252166,0.001764,0.001101
0,4.831802,1.02689,0.526991,-0.187282,0.49052,-0.182703,6.8e-05,0.00107
0,3.639202,0.932138,-1.201494,-0.072597,-1.206728,-0.03144,0.001723,0.000584
0,2.483694,0.885666,-1.15958,-0.060174,-1.151988,-0.041324,0.001591,0.001395
0,2.044621,0.666483,-0.452496,-0.206972,-0.410827,-0.19133,0.00198,0.000397
0,1.58388,0.521782,-0.46729,-0.157052,-0.487938,-0.191452,0.000444,0.002128
0,1.234962,0.184976,-0.376165,-0.317013,-0.358614,-0.352054,0.000916,0.002389
0,0.6695,0.002347,-0.542511,-0.181162,-0.586311,-0.230539,0.00045,4.1e-05
0,3.327075,0.245202,2.645157,0.246554,2.633297,0.235624,0.001893,0.001338
0,6.616382,1.473967,3.297097,1.237485,3.28834,1.188306,0.00249,0.002362
0,7.362403,1.831804,0.731424,0.386255,0.728456,0.423421,0.000705,0.001734
0,7.179063,1.914868,-0.16239,0.070552,-0.201677,0.043568,0.001713,0.000284
0,6.26239,1.950484,-0.889149,0.053591,-0.916209,0.056958,0.002567,0.000337
0,6.020487,1.467841,-0.269423,-0.507487,-0.269233,-0.53504,0.001655,0.002469
0,4.348592,1.284356,-1.683415,-0.205667,-1.663164,-0.164818,0.002748,5.4e-05
0,3.542818,0.675315,-0.819797,-0.638186,-0.770864,-0.665324,4.1e-05,0.000551
0,2.23372,0.587292,-1.314959,-0.11105,-1.27394,-0.092934,0.000337,0.000985
0,1.070586,0.264467,-1.141875,-0.341349,-1.176356,-0.297069,0.001833,0.001002
0,-0.17481,-0.135693,-1.270567,-0.413485,-1.257185,-0.418369,0.002566,0.002368
0,-0.461651,-0.335108,-0.288821,-0.196366,-0.251147,-0.204345,0.00244,0.000231
0,-0.693047,-0.127814,-0.256628,0.213767,-0.219155,0.219873,0.000861,0.002231
0,-0.623783,-0.290563,0.048029,-0.147582,0.002624,-0.138313,0.000348,0.000546
0,-0.600045,-0.235735,0.047325,0.040782,0.094812,0.01307,0.000762,0.001503
0,-0.560267,-0.117096,0.041981,0.148518,0.068608,0.118236,0.001457,0.002044
0,-0.397796,-0.1733,0.140301,-0.045325,0.161788,-0.075569,0.001325,0.002593
0,-0.216905,-0.195548,0.168851,-0.008441,0.144126,0.009295,0.001832,0.002205
0,-0.310268,-0.017853,-0.109943,0.158902,-0.120814,0.125932,0.000202,0.000312
0,0.042755,-0.098584,0.338028,-0.055865,0.351335,-0.066204,0.000746,0.001721
0,-0.073922,-0.16229,-0.134498,-0.088474,-0.130681,-0.104429,0.00129,0.002785
0,0.132398,-0.122194,0.224805,0.06266,0.242056,0.065183,0.002311,0.002133
0,-0.015388,0.107423,-0.15664,0.23658,-0.145301,0.282027,0.000269,0.001875
0,-0.0635,0.04771,-0.055286,-0.036295,-0.051673,-0.077578,0.001108,0.000833
0,-0.07091,-0.009284,-0.032078,-0.035898,-0.017725,-0.047753,0.001238,0.000162
0,-0.110812,0.221858,-0.029064,0.215605,-0.069922,0.236785,0.001934,0.001745
0,-0.092964,0.049929,0.020725,-0.142129,0.017995,-0.098779,0.001623,0.000871
0,-0.093609,0.156365,-0.015641,0.098693,-0.024061,0.108116,0.001634,0.002729
0,0.014185,0.055649,0.099856,-0.076887,0.129252,-0.122677,0.000248,0.000971
0,0.098518,0.015721,0.070316,-0.032892,0.087458,0.016307,0.001719,0.000274
0,0.131481,0.062172,0.035656,0.059212,-0.01021,0.068675,0.002295,0.001085
0,0.054143,0.01234,-0.048583,-0.029683,-0.073853,-0.027181,0.000945,0.000215
0,0.178634,0.142008,0.09989,0.122512,0.080864,0.100481,0.0025,0.002479
0,-0.034812,-0.026898,-0.201547,-0.163693,-0.165359,-0.124417,0.000608,0.000469
0,2.352019,-0.13696,2.403192,-0.118593,2.445991,-0.132113,0.001728,0.00239
0,4.038479,-0.206521,1.665128,-0.067475,1.662384,-0.051942,0.002543,0.002013
0,3.902826,0.002305,-0.132503,0.193957,-0.11294,0.181648,0.000707,4e-05
0,3.79628,-0.196954,-0.114123,-0.181594,-0.077279,-0.147715,0.001153,0.00218
0,3.800881,-0.125102,-0.016484,0.057839,0.029127,0.105244,0.001072,0.002183
0,3.254203,0.016892,-0.55047,0.144697,-0.583992,0.1784,0.000621,0.000295
0,2.559752,-0.014466,-0.699532,-0.03598,-0.69977,-0.038876,0.000264,0.000252
0,1.797776,-0.032151,-0.77832,-0.000159,-0.788768,-0.049932,0.002328,0.000561
0,1.137912,-0.175445,-0.654289,-0.170646,-0.664069,-0.162126,0.00261,0.002555
0,0.689544,0.044453,-0.467496,0.191506,-0.447011,0.184091,0.0008,0.000776
0,0.064373,-0.150104,-0.612631,-0.197144,-0.641967,-0.148102,0.001124,0.00262
0,-0.287211,0.047002,-0.326837,0.195886,-0.312814,0.179101,0.000605,0.00082
0,-0.319309,0.078012,-0.005368,0.011064,-0.016197,-0.008015,4.5e-05,0.001362
0,-0.482539,-0.131537,-0.179329,-0.216787,-0.188902,-0.199694,0.002804,0.002296
0,-0.512574,-0.001025,-0.016108,0.119722,-0.042884,0.1683,0.002289,1.8e-05
0,-0.477476,-0.102332,0.006979,-0.12718,0.036827,-0.14336,0.002716,0.001786
0,-0.391588,0.084169,0.097319,0.19417,0.09592,0.173264,0.001217,0.001469
0,-0.224142,0.068587,0.179461,-0.031349,0.163879,-0.041558,0.001705,0.001197
0,-0.030878,-0.026467,0.184956,-0.081177,0.173155,-0.099046,0.000539,0.000462
0,-0.072028,0.126,-0.059382,0.149697,-0.017916,0.19016,0.001257,0.002199
0,-0.119232,0.020916,-0.071062,-0.083069,-0.042026,-0.048047,0.002081,0.000365
0,0.115059,0.101473,0.25651,0.107532,0.246189,0.094711,0.002008,0.001771
0,0.038619,-0.056058,-0.059416,-0.164852,-0.078736,-0.16698,0.000674,0.000978
0,-0.010772,0.027963,-0.024642,0.067263,0.020556,0.088497,0.000188,0.000488
0,0.109312,0.088596,0.134408,0.050952,0.113207,0.045251,0.001908,0.001546
0,-0.032286,0.173867,-0.139827,0.071272,-0.11347,0.093567,0.000563,0.002583
0,0.146078,-0.112413,0.202807,-0.266472,0.207337,-0.272879,0.00255,0.001962
0,0.139548,-0.020814,-0.022057,0.10409,0.012453,0.146438,0.002436,0.000363
0,0.038784,-0.057406,-0.1289,-0.036659,-0.098885,-0.082824,0.000677,0.001002
0,0.048649,-0.115409,-0.014784,-0.046711,0.017323,-0.033126,0.000849,0.002014
0,-0.11784,0.081069,-0.146846,0.204632,-0.117455,0.248463,0.002057,0.001415
0,-0.124142,-0.099491,-0.018416,-0.206775,-0.009593,-0.222669,0.002167,0.001736
0,0.017999,-0.013335,0.170774,0.057647,0.193087,0.081156,0.000314,0.000233
0,0.164654,-0.133313,0.159722,-0.125408,0.187056,-0.139903,0.002744,0.002327
0,-0.060034,-0.110384,-0.238376,0.03459,-0.255972,0.062316,0.001048,0.001927
0,0.072545,0.056495,0.151937,0.177416,0.165732,0.161222,0.001266,0.000986
0,-0.126605,0.085867,-0.22319,0.058002,-0.173981,0.089471,0.00221,0.001499
0,-0.168433,-0.043942,-0.03878,-0.134142,-0.082154,-0.138066,0.002678,0.000767
0,-0.05392,0.008123,0.097246,0.079137,0.052628,0.045859,0.000941,0.000142
0,0.826473,-0.024501,0.865845,-0.0362,0.849819,-0.02756,0.002428,0.000428
0,2.246803,-0.119454,1.412532,-0.097034,1.405288,-0.053395,0.000108,0.002085
0,2.131952,-0.183601,-0.125706,-0.090935,-0.155701,-0.088533,0.002113,0.002413
0,2.536361,-0.415512,0.40225,-0.217699,0.402785,-0.242654,0.000672,0.001635
0,2.147643,-0.637935,-0.361545,-0.219269,-0.373697,-0.255959,0.001839,0.000101
0,1.73177,-0.582526,-0.419236,0.079733,-0.414515,0.076954,0.002138,0.001068
0,1.30159,-0.686254,-0.437148,-0.082779,-0.419141,-0.080342,0.000247,0.000742
0,0.826623,-0.692693,-0.487439,0.015536,-0.463422,0.02244,0.002425,0.000855
0,0.619846,-0.652777,-0.202506,0.04472,-0.22285,0.000886,0.000417,0.000158
0,0.306822,-0.38853,-0.311106,0.281419,-0.301877,0.264102,0.000262,0.001164
0,0.300876,-0.221393,-1.4e-05,0.196891,0.017405,0.180241,0.000366,0.001753
0,0.174648,-0.080189,-0.126129,0.122463,-0.124768,0.075775,0.002569,0.0014
0,0.135918,0.020552,-0.053458,0.089901,-0.076773,0.104752,0.002372,0.000359
0,0.064388,0.0741,-0.051452,0.026597,-0.100192,0.029608,0.001124,0.001293
0,-0.284876,-0.028322,-0.339208,-0.112465,-0.364063,-0.127578,0.000645,0.000494
0,-0.22348,0.0809,0.075456,0.100099,0.045651,0.078398,0.001717,0.001412
0,-0.139093,0.044725,0.064198,-0.064987,0.097956,-0.086644,0.002428,0.000781
0,-0.306208,-0.024971,-0.150088,-0.06373,-0.123022,-0.053404,0.000273,0.000436
0,-0.0564,-0.136924,0.247947,-0.132207,0.231186,-0.167187,0.000984,0.00239
0,-0.19206,-0.057174,-0.110263,0.053969,-0.116121,0.064017,0.002265,0.000998
0,-0.016112,-0.065276,0.190058,-0.012062,0.203756,-0.004576,0.000281,0.001139
0,0.043532,0.040973,0.055663,0.088948,0.084015,0.092675,0.00076,0.000715
0,0.035361,-0.001544,0.007422,-0.064034,0.02908,-0.098815,0.000617,2.7e-05
0,-0.193024,-0.094341,-0.212523,-0.069036,-0.241088,-0.029761,0.002249,0.001647
0,-0.059232,-0.042004,0.154375,0.063824,0.116792,0.049864,0.001034,0.000733
0,-0.216565,0.088964,-0.172618,0.125695,-0.141296,0.160842,0.001838,0.001553
0,-0.145752,0.112629,0.052565,0.007132,0.062068,0.037358,0.002544,0.001966
0,0.00363,-0.085409,0.124423,-0.181419,0.100401,-0.225884,6.3e-05,0.001491
0,-0.008866,0.070936,-0.035702,0.173642,-0.065451,0.14869,0.000155,0.001238
0,-0.015882,-0.011543,-0.034169,-0.076591,-0.048761,-0.055571,0.000277,0.000201
0,-0.124213,-0.062806,-0.089538,-0.041481,-0.060068,-0.078226,0.002168,0.001096
0,-0.071901,-0.013348,0.058892,0.04647,0.044878,0.026528,0.001255,0.000233
0,-0.105868,0.025617,-0.061422,0.02205,-0.026057,-0.026757,0.001848,0.000447
0,-0.178417,-0.16269,-0.08458,-0.174033,-0.083318,-0.203718,0.002504,0.002778
0,-0.08664,0.081925,0.108099,0.218931,0.087206,0.228821,0.001512,0.00143
0,-0.207344,0.076454,-0.095614,-0.027256,-0.05651,-0.062111,0.001999,0.001334
0,-0.186779,-0.133953,0.009798,-0.200136,0.017868,-0.173753,0.002358,0.002338
0,-0.012727,-0.038139,0.18089,0.073177,0.218853,0.103379,0.000222,0.000666
0,0.114861,0.03097,0.143118,0.091352,0.11673,0.075579,0.002005,0.000541
0,-0.049726,0.125106,-0.178297,0.119318,-0.19345,0.106176,0.000868,0.002184
0,0.080959,-0.114596,0.135029,-0.221371,0.129896,-0.185835,0.001413,0.002
0,0.088802,-0.070384,0.007065,0.049212,-0.017873,0.076822,0.00155,0.001228
0,-0.038617,0.172692,-0.12144,0.237438,-0.135085,0.264797,0.000674,0.002603
0,0.159851,-0.084958,0.199338,-0.259858,0.156492,-0.308997,0.00279,0.001483
0,-0.09132,0.169926,-0.271441,0.2335,-0.287443,0.204538,0.001594,0.002652
0,0.169685,0.050336,0.25383,-0.094822,0.257439,-0.06146,0.002656,0.000879
0,0.157512,-0.045092,0.004147,-0.105696,0.000879,-0.118149,0.002749,0.000787
0,0.06959,0.219319,-0.110007,0.266213,-0.131639,0.252283,0.001215,0.00179
0,0.104579,0.165511,0.005864,-0.055687,0.006083,-0.059575,0.001825,0.002729
0,0.00848,0.121619,-0.120194,-0.015955,-0.144855,-0.053923,0.000148,0.002123
0,0.176475,-0.024609,0.167756,-0.137033,0.165054,-0.154348,0.002537,0.00043
0,-0.003759,0.022495,-0.196881,0.025387,-0.199069,0.017065,6.6e-05,0.000393
0,-0.008626,0.09453,-0.017289,0.062477,0.017229,0.051955,0.000151,0.00165
0,0.018059,0.012203,0.030924,-0.056022,-0.005364,-0.087887,0.000315,0.000213
0,-0.083557,0.092237,-0.09416,0.066817,-0.142085,0.049662,0.001458,0.00161
0,0.124382,0.162245,0.234125,0.062054,0.262029,0.089259,0.002171,0.002786
0,0.111937,0.06057,-0.036943,-0.077883,-0.030985,-0.114202,0.001954,0.001057
0,0.119635,0.021174,0.019938,-0.011405,0.001121,-0.046916,0.002088,0.00037
0,0.003047,0.068017,-0.115992,0.055378,-0.162526,0.072339,5.3e-05,0.001187
0,0.208584,0.087886,0.232383,0.012662,0.228574,0.031388,0.001977,0.001534
0,0.055266,0.01831,-0.131813,-0.090635,-0.135212,-0.066507,0.000965,0.00032
0,0.123398,0.081476,0.05667,0.066897,0.093583,0.043446,0.002154,0.001422
0,0.157441,-0.067902,0.059671,-0.14917,0.035555,-0.109167,0.002748,0.001185
0,-0.036085,0.075465,-0.18472,0.138657,-0.178405,0.093324,0.00063,0.001317
0,0.146858,-0.077952,0.180202,-0.164612,0.193944,-0.13383,0.002563,0.001361
0,0.07988,-0.108797,-0.094965,-0.047371,-0.08233,-0.070405,0.001394,0.001899
0,-0.022635,0.004977,-0.098323,0.138801,-0.063184,0.186625,0.000395,8.7e-05
0,0.014698,0.152599,0.025316,0.154687,0.024798,0.180011,0.000257,0.002663
0,0.074889,0.053415,0.082503,-0.128263,0.104696,-0.163752,0.001307,0.000932
0,0.183213,0.118176,0.109759,0.070739,0.150697,0.079068,0.00242,0.002063
0,0.057963,0.12813,-0.138136,0.002895,-0.156443,0.014333,0.001012,0.002236
0,0.18891,-0.014545,0.103189,-0.151643,0.092905,-0.114041,0.00232,0.000254
0,0.101203,0.034252,-0.100326,0.038811,-0.086851,0.080815,0.001766,0.000598
0,0.080868,0.062577,-0.011434,0.004428,-0.041121,0.024527,0.001411,0.001092
0,-0.050319,0.027829,-0.122464,-0.01712,-0.132311,0.031442,0.000878,0.000486
0,-0.010539,-0.087537,0.063545,-0.110133,0.041295,-0.079986,0.000184,0.001528
0,0.068727,0.102758,0.090718,0.193571,0.061399,0.172476,0.0012,0.001793
0,0.173814,-0.157341,0.131336,-0.27645,0.117657,-0.325261,0.002584,0.002746
0,-0.003072,0.121889,-0.181375,0.283381,-0.19133,0.259716,5.4e-05,0.002127
0,0.017963,-0.156785,0.047616,-0.292285,0.079914,-0.326027,0.000314,0.002736
0,0.038211,-0.010293,0.040905,0.118521,0.046257,0.086606,0.000667,0.00018
0,0.191073,0.028882,0.145709,0.068517,0.106462,0.059815,0.002283,0.000504
0,0.135193,-0.007665,-0.040916,-0.021678,-0.078797,-0.019403,0.00236,0.000134
0,0.013308,-0.00346,-0.131705,0.002576,-0.169283,-0.004884,0.000232,6e-05
0,0.058571,0.158905,0.06536,0.146677,0.0798,0.154989,0.001022,0.002773
0,0.293912,-0.032702,0.262318,-0.169207,0.304232,-0.192908,0.000488,0.000571
0,0.119847,0.12989,-0.178188,0.144413,-0.195423,0.13111,0.002092,0.002267
0,0.084436,0.144411,-0.020797,0.000808,-0.001566,0.036265,0.001474,0.00252
0,0.116501,0.162354,0.010947,0.034755,0.032398,0.080075,0.002033,0.002784
0,0.074332,0.040091,-0.028849,-0.111624,-0.02383,-0.087463,0.001297,0.0007
0,0.107661,0.168342,0.050829,0.144824,0.017478,0.177374,0.001879,0.002679
0,0.284148,-0.108179,0.172728,-0.290416,0.134041,-0.248995,0.000658,0.001888
0,0.074958,0.120082,-0.200212,0.258237,-0.183427,0.296503,0.001308,0.002096
0,0.257649,0.103344,0.197933,-0.041314,0.246223,0.004774,0.001121,0.001804
0,0.102823,-0.001094,-0.159281,-0.101746,-0.159713,-0.11843,0.001795,1.9e-05
0,0.231778,0.020281,0.113139,0.049093,0.105917,0.036674,0.001572,0.000354
0,0.205682,0.157074,0.000849,0.150771,0.045207,0.109081,0.002028,0.002741
0,-0.040802,0.075134,-0.226743,-0.067937,-0.193545,-0.079905,0.000712,0.001311
0,0.067885,0.003275,0.089133,-0.08851,0.050539,-0.073866,0.001185,5.7e-05
0,0.226714,0.22049,0.179436,0.200344,0.177634,0.19686,0.001661,0.001769
0,0.007224,0.124849,-0.249172,-0.110423,-0.205261,-0.155396,0.000126,0.002179
0,0.237531,0.124584,0.258006,-0.003845,0.278796,6e-06,0.001472,0.002174
0,0.154723,-0.112755,-0.053593,-0.223351,-0.083203,-0.229759,0.0027,0.001968
0,0.02138,0.059969,-0.119679,0.182657,-0.090349,0.185022,0.000373,0.001047
0,0.081522,0.067958,0.085774,0.01564,0.079291,0.014067,0.001423,0.001186
0,-0.037322,0.104456,-0.121644,0.046296,-0.108136,0.019876,0.000651,0.001823
0,-0.065316,0.02867,-0.011415,-0.052909,-0.059291,-0.019872,0.00114,0.0005
0,-0.160463,0.127223,-0.112557,0.117156,-0.080757,0.122918,0.002801,0.00222
0,0.060394,0.227283,0.232319,0.105467,0.209255,0.143444,0.001054,0.001651
0,-0.162085,0.108737,-0.197197,-0.12484,-0.187616,-0.091233,0.002789,0.001898
0,-0.183132,-0.069807,-0.041587,-0.18568,-0.084523,-0.152205,0.002421,0.001218
0,-0.087344,0.047517,0.113848,0.107988,0.092362,0.149218,0.001524,0.000829
0,-0.147033,0.140323,-0.049768,0.109014,-0.092179,0.156931,0.002566,0.002449
0,-0.039301,-0.039594,0.09059,-0.165112,0.059038,-0.1787,0.000686,0.000691
0,-0.151962,0.182764,-0.107262,0.193804,-0.156386,0.192592,0.002652,0.002428
0,-0.050652,0.17991,0.116646,-0.029319,0.160626,-0.00915,0.000884,0.002477
0,0.069887,0.021524,0.146161,-0.188278,0.163513,-0.214272,0.00122,0.000376
0,0.045069,-0.038531,-0.042786,-0.064944,-0.020691,-0.07571,0.000787,0.000672
0,-0.108003,-0.092983,-0.142013,-0.061761,-0.15466,-0.025533,0.001885,0.001623
0,-0.008729,0.203266,0.114719,0.297235,0.153677,0.295074,0.000152,0.00207
0,0.059977,0.095821,0.045234,-0.097267,0.001564,-0.09465,0.001047,0.001672
0,-0.096584,0.242019,-0.181425,0.157577,-0.214389,0.182852,0.001686,0.001393
0,-0.033528,0.079398,0.087161,-0.165923,0.112367,-0.171886,0.000585,0.001386
0,-0.223952,0.153614,-0.167974,0.064481,-0.195017,0.062619,0.001709,0.002681
0,0.045488,0.0443,0.244985,-0.093564,0.27972,-0.109632,0.000794,0.000773
0,-0.159498,0.011479,-0.223057,-0.011756,-0.221124,-0.020322,0.002784,0.0002
0,-0.038603,0.024773,0.13725,0.042197,0.156173,0.018299,0.000674,0.000432
0,-0.142357,0.022471,-0.083292,-0.024641,-0.095526,-0.036913,0.002485,0.000392
0,0.0336,-0.014826,0.192337,-0.034575,0.226551,-0.005814,0.000586,0.000259
0,-0.015466,-0.118144,-0.03164,-0.127968,-0.072491,-0.085818,0.00027,0.002062
0,-0.128562,-0.044603,-0.124444,0.05842,-0.130345,0.095127,0.002244,0.000778
0,-0.158456,0.062642,-0.006781,0.128025,0.011209,0.138296,0.002766,0.001093
0,0.025499,-0.078016,0.195856,-0.146016,0.226295,-0.107166,0.000445,0.001362
0,0.013405,-0.117691,-0.038653,-0.036127,-0.083141,0.001286,0.000234,0.002054
0,-0.215062,-0.194838,-0.22511,-0.07755,-0.181365,-0.095119,0.001864,0.002217
0,-0.161866,-0.132765,0.078334,0.066274,0.049811,0.089546,0.002792,0.002317
0,-0.263153,-0.014925,-0.101654,0.135711,-0.147835,0.123784,0.001025,0.00026
0,-0.080515,0.06001,0.193861,0.073418,0.228153,0.104792,0.001405,0.001047
0,-0.082507,-0.204452,0.021933,-0.258846,0.01696,-0.233317,0.00144,0.002049
0,-0.07993,-0.108831,-0.00273,0.103252,-0.027904,0.122143,0.001395,0.001899
0,-0.09477,-0.006533,-0.032507,0.111734,-0.056441,0.107074,0.001654,0.000114
0,-0.108149,-0.076523,-0.012827,-0.071825,-0.005603,-0.084578,0.001888,0.001336
0,-0.006992,-0.038777,0.077502,0.050881,0.036097,0.08325,0.000122,0.000677
0,0.050802,0.092953,0.080773,0.135995,0.113812,0.122203,0.000887,0.001622
0,-0.087826,0.123506,-0.168309,0.03093,-0.176144,0.036224,0.001533,0.002156
0,0.113383,0.062353,0.226393,-0.068529,0.210752,-0.038798,0.001979,0.001088
0,0.143506,-0.142675,0.017414,-0.213131,0.047523,-0.189379,0.002505,0.00249
0,-0.079256,-0.027924,-0.248202,0.090721,-0.264551,0.091042,0.001383,0.000487
0,0.172605,-0.099632,0.24302,-0.047047,0.241854,-0.073562,0.002605,0.001739
0,0.101241,-0.042795,-0.06142,0.081538,-0.022169,0.057646,0.001767,0.000747
0,0.188656,0.153111,0.113521,0.167071,0.100112,0.124817,0.002325,0.002672
0,0.03971,0.043077,-0.159163,-0.096407,-0.113439,-0.066469,0.000693,0.000752
0,0.016151,-0.011493,-0.048173,-0.064419,-0.079927,-0.073032,0.000282,0.000201
0,0.112282,0.007628,0.074336,-0.00162,0.114435,-0.005892,0.00196,0.000133
0,0.045769,0.09368,-0.048177,0.10374,-0.050988,0.152831,0.000799,0.001635
0,0.103913,0.055668,0.053163,-0.018709,0.035085,0.015501,0.001814,0.000972
0,0.044024,0.017995,-0.043658,-0.045859,-0.047874,-0.006565,0.000768,0.000314
0,-0.148024,-0.017227,-0.209564,-0.064597,-0.19697,-0.023719,0.002584,0.000301
0,0.054535,0.059069,0.181863,0.055975,0.203774,0.070471,0.000952,0.001031
0,-0.064393,0.135748,-0.118314,0.095304,-0.109205,0.060189,0.001124,0.002369
0,-0.080127,0.136753,-0.01034,-0.022562,-0.016532,-0.002697,0.001398,0.002387
0,-0.232369,-0.035657,-0.137161,-0.179523,-0.107168,-0.165054,0.001562,0.000622
0,0.012519,-0.072803,0.246326,-0.021122,0.256824,0.015769,0.000219,0.001271
0,-0.23001,0.185394,-0.223752,0.27111,-0.175848,0.285782,0.001603,0.002382
0,0.0201,-0.067042,0.276015,-0.267357,0.308066,-0.306322,0.000351,0.00117
0,-0.110693,0.058296,-0.115229,0.154163,-0.083983,0.109573,0.001932,0.001017
0,-0.131453,0.109656,0.008325,0.047857,0.014325,0.050455,0.002294,0.001914
0,-0.152356,0.101154,-0.045966,-0.00689,-0.012203,0.031056,0.002659,0.001765
0,0.046907,0.083602,0.211551,-0.034102,0.255288,-0.080166,0.000819,0.001459
0,0.016943,0.027498,-0.059381,-0.033708,-0.059993,-0.068178,0.000296,0.00048
0,-0.149436,0.06197,-0.141908,0.036383,-0.131437,0.01839,0.002608,0.001082
0,-0.310273,0.158724,-0.185168,0.125681,-0.170091,0.087289,0.000202,0.00277
0,-0.024854,0.140926,0.283822,0.009733,0.285016,0.012959,0.000434,0.00246
0,-0.256699,0.001393,-0.205843,-0.151456,-0.200914,-0.145871,0.001137,2.4e-05
0,-0.003706,-0.026098,0.240321,-0.005277,0.242165,-0.021747,6.5e-05,0.000456
0,-0.203549,0.079542,-0.188898,0.122903,-0.223451,0.080025,0.002065,0.001388
0,-0.114536,-0.116834,0.084657,-0.181687,0.040219,-0.142451,0.001999,0.002039
0,-0.15427,-0.075666,-0.035186,0.028417,-0.079774,0.030193,0.002693,0.001321
0,-0.123247,0.111577,0.026648,0.21642,0.03404,0.262415,0.002151,0.001947
0,0.105631,0.065365,0.2387,-0.021773,0.240439,-0.030265,0.001844,0.001141
0,-0.113223,-0.050034,-0.222496,-0.124283,-0.26146,-0.114006,0.001976,0.000873
0,-0.15202,0.001104,-0.044114,0.058462,-0.045234,0.034084,0.002653,1.9e-05
0,0.096494,-0.159643,0.234017,-0.188631,0.202169,-0.150717,0.001684,0.002786
0,-0.050716,-0.162267,-0.162456,0.00054,-0.186449,-0.0253,0.000885,0.002785
0,-0.027611,0.054835,0.025476,0.201787,0.058747,0.209243,0.000482,0.000957
0,0.101335,0.011113,0.10769,-0.066373,0.134918,-0.031293,0.001769,0.000194
0,-0.140487,-0.003101,-0.270189,-0.000806,-0.289882,0.037583,0.002452,5.4e-05
0,0.035434,0.101101,0.172316,0.106957,0.185339,0.104343,0.000618,0.001765
0,-0.063209,-0.204613,-0.106352,-0.291514,-0.092858,-0.260966,0.001103,0.002046
0,-0.093486,-0.027185,-0.007887,0.149614,0.014435,0.1026,0.001632,0.000474
0,-0.156495,0.013649,-0.054821,0.063465,-0.062537,0.053707,0.002731,0.000238
0,0.079344,3.9e-05,0.250627,-0.009829,0.206069,0.002829,0.001385,1e-06
0,-0.00219,-0.165347,-0.052759,-0.180557,-0.074048,-0.206095,3.8e-05,0.002732
0,0.108002,-0.04569,0.114252,0.104152,0.106869,0.118042,0.001885,0.000797
0,0.07389,0.006507,-0.051064,0.05952,-0.004163,0.103976,0.00129,0.000114
0,0.070455,-0.104475,0.005536,-0.122283,-0.042743,-0.14333,0.00123,0.001823
0,0.110853,0.051557,0.055113,0.143911,0.012862,0.162515,0.001935,0.0009
0,0.056232,-0.132353,-0.055153,-0.1799,-0.097524,-0.210853,0.000981,0.00231
0,-0.159779,0.089741,-0.216323,0.209636,-0.249757,0.216761,0.002789,0.001566
0,-0.092993,-0.132839,0.086263,-0.199434,0.117625,-0.180239,0.001623,0.002318
0,-0.118769,-0.085811,-0.022382,0.067232,-0.060886,0.043125,0.002073,0.001498
0,0.002846,-0.088035,0.149154,-0.02615,0.154024,-0.062904,5e-05,0.001536
0,0.044289,-0.016877,0.060686,0.069085,0.017113,0.072821,0.000773,0.000295
0,0.128111,0.132986,0.080136,0.121974,0.118689,0.171347,0.002236,0.002321
0,-0.044983,0.098328,-0.177915,-0.007989,-0.222038,0.003309,0.000785,0.001716
0,0.120063,0.020421,0.140413,-0.082205,0.161821,-0.091672,0.002095,0.000356
0,0.226973,0.059989,0.080997,0.014429,0.057823,-0.008184,0.001656,0.001047
0,0.151452,-0.142245,-0.066446,-0.219627,-0.031483,-0.265264,0.002643,0.002483
0,0.183813,-0.053576,0.046228,0.092203,0.079105,0.124598,0.002409,0.000935
0,-0.069051,0.179155,-0.235283,0.252369,-0.227235,0.257291,0.001205,0.002491
0,0.183571,0.122979,0.272888,-0.066291,0.224884,-0.067403,0.002414,0.002146
0,0.162627,0.144482,-0.03304,0.008368,0.003256,-0.011644,0.002779,0.002522
0,0.229504,0.149586,0.036952,-0.004667,0.020063,0.043014,0.001612,0.002611
0,-0.063704,-0.065468,-0.266265,-0.211087,-0.273232,-0.177709,0.001112,0.001143
0,-0.085016,-0.069205,-0.038168,0.000683,-0.081058,-0.03367,0.001484,0.001208
0,0.066208,-0.088472,0.167123,0.007144,0.203641,-0.003655,0.001156,0.001544
0,0.112787,0.143117,0.025886,0.222285,0.010963,0.194209,0.001969,0.002498
0,0.132066,-0.03918,0.045507,-0.162497,0.043549,-0.1994,0.002305,0.000684
0,-0.071828,-0.081267,-0.184916,-0.04188,-0.14936,-0.020685,0.001254,0.001418
0,-0.05132,0.125169,0.008718,0.180925,-0.004332,0.168223,0.000896,0.002185
0,0.028497,0.067558,0.056679,-0.047963,0.038395,-0.052362,0.000497,0.001179
0,-0.13819,-0.002029,-0.137958,-0.060024,-0.117724,-0.012007,0.002412,3.5e-05
0,0.142473,0.018375,0.282173,0.042884,0.255022,0.038779,0.002487,0.000321
0,-0.169172,0.030582,-0.284344,-0.002804,-0.234519,0.002347,0.002665,0.000534
0,0.130866,0.029118,0.329048,-0.00444,0.365207,0.007923,0.002284,0.000508
0,-0.062548,0.015545,-0.211823,-0.028056,-0.212511,-0.03904,0.001092,0.000271
0,0.087236,-0.015464,0.144489,-0.018913,0.181384,-0.01377,0.001523,0.00027
0,-0.176842,-0.028831,-0.289328,0.012636,-0.313617,0.059828,0.002531,0.000503
0,-0.11419,-0.026009,0.035197,0.008609,0.029939,-0.031912,0.001993,0.000454
0,-0.087806,0.030186,0.002213,0.065045,-0.0441,0.108067,0.001533,0.000527
0,-0.082471,0.10201,0.013257,0.05654,0.061891,0.096439,0.001439,0.00178
0,-0.086096,0.076116,0.023303,-0.034525,0.036571,-0.000776,0.001503,0.001328
0,-0.169174,-0.105367,-0.056989,-0.210537,-0.010552,-0.229411,0.002665,0.001839
0,-0.14822,-0.015649,0.026535,0.064515,0.007185,0.040732,0.002587,0.000273
0,-0.011963,0.11288,0.123131,0.146136,0.155292,0.138404,0.000209,0.00197
0,-0.232692,0.02609,-0.220331,-0.105859,-0.221508,-0.085039,0.001556,0.000455
0,-0.100635,-0.052467,0.109781,-0.107961,0.088084,-0.097793,0.001756,0.000916
0,-0.048465,0.045096,0.038192,0.097943,0.023452,0.095666,0.000846,0.000787
0,-0.054095,-0.032788,-0.031353,-0.05502,-0.067028,-0.006437,0.000944,0.000572
0,-0.007325,-0.159303,0.053789,-0.106638,0.026652,-0.107029,0.000128,0.00278
0,-0.11312,-0.16484,-0.105732,-0.026254,-0.117112,-0.012488,0.001974,0.002741
0,0.008775,0.039736,0.115941,0.21773,0.138507,0.254459,0.000153,0.000694
0,-0.051259,-0.19541,-0.08553,-0.24478,-0.051427,-0.262974,0.000895,0.002207
0,-0.027538,-0.065178,0.009207,0.154843,0.04215,0.165331,0.000481,0.001138
0,-2.036696,-0.550025,-2.03336,-0.476367,-2.008682,-0.488985,0.001842,0.001635
0,-4.611567,-0.926038,-2.575096,-0.402094,-2.617684,-0.42395,0.001842,0.00069
0,-4.52162,-1.306188,0.063895,-0.408815,0.052154,-0.423907,0.000272,0.000327
0,-3.992111,-1.230533,0.540211,0.07837,0.545492,0.115264,0.002265,0.000993
0,-3.577329,-1.20738,0.407822,0.007774,0.4522,0.005596,0.000644,0.001397
0,-3.184288,-0.841525,0.392243,0.350863,0.39258,0.355061,0.000599,0.002165
0,-2.355325,-0.540682,0.815657,0.286273,0.824615,0.257673,0.001786,0.001798
0,-1.925753,-0.395741,0.431038,0.131179,0.444887,0.144967,9.4e-05,0.001289
0,-1.412308,-0.247586,0.538479,0.139759,0.543077,0.176646,0.002179,0.001296
0,-0.661837,-0.190052,0.775196,0.029874,0.755813,0.002088,0.000316,0.0023
0,-0.215754,-0.025963,0.422885,0.160027,0.462212,0.18416,0.001852,0.000453
0,0.113498,0.080552,0.312223,0.130098,0.327509,0.085709,0.001981,0.001406
0,0.199795,0.171004,0.066643,0.065864,0.076716,0.055255,0.00213,0.002633
0,0.22486,0.179678,0.029479,0.029794,0.039811,-0.006667,0.001693,0.002482
0,0.061224,0.232599,-0.152617,0.041984,-0.139453,0.061561,0.001069,0.001558
0,0.057628,0.039971,0.020635,-0.188212,0.049104,-0.146901,0.001006,0.000698
0,0.255767,-0.012275,0.182501,-0.080297,0.153707,-0.073209,0.001154,0.000214
0,0.332861,0.233214,0.08878,0.242548,0.128921,0.202426,0.000192,0.001547
0,0.072803,-0.044011,-0.253223,-0.297242,-0.266817,-0.256462,0.001271,0.000768
0,0.114571,-0.052458,0.054343,-0.021317,0.049151,-0.048551,0.002,0.000916
0,0.088147,-0.144362,-0.039697,-0.104936,-0.031704,-0.078627,0.001538,0.00252
0,0.234246,0.064945,0.1392,0.206781,0.100822,0.22121,0.001529,0.001134
0,0.093321,-0.036965,-0.128215,-0.092592,-0.093223,-0.072931,0.001629,0.000645
0,-0.114301,-0.08088,-0.236365,-0.05568,-0.266357,-0.030389,0.001995,0.001412
0,0.001135,-0.057047,0.121078,0.032001,0.101528,0.032423,2e-05,0.000996
0,-0.0239,-0.094574,-0.009725,-0.028712,0.020724,-0.008482,0.000417,0.001651
0,0.070868,0.007735,0.110718,0.115766,0.076407,0.157825,0.001237,0.000135
0,0.101256,-0.045869,0.056002,-0.054592,0.071766,-0.089951,0.001767,0.000801
0,0.109679,0.090923,0.02311,0.160301,0.009848,0.186182,0.001914,0.001587
0,-0.067638,0.047923,-0.169815,-0.06612,-0.125858,-0.101508,0.001181,0.000836
0,0.065624,-0.181893,0.143058,-0.205888,0.184374,-0.214692,0.001145,0.002443
0,-0.044827,0.139023,-0.106807,0.341843,-0.139915,0.321512,0.000782,0.002426
0,-0.130597,0.126982,-0.061137,-0.033818,-0.052833,-0.076519,0.002279,0.002216
0,-0.014308,0.073701,0.099309,-0.070698,0.12668,-0.069271,0.00025,0.001286
0,0.101062,-0.02454,0.112949,-0.080981,0.087739,-0.122128,0.001764,0.000428
0,0.062569,-0.079973,-0.03219,-0.081379,-0.033037,-0.057415,0.001092,0.001396
0,0.035916,0.066618,-0.013664,0.125836,-0.02969,0.104476,0.000627,0.001163
0,0.006799,0.041775,-0.050097,0.003252,-0.027542,-0.025797,0.000119,0.000729
0,0.171559,-0.130987,0.1823,-0.179025,0.144848,-0.206831,0.002623,0.002286
0,0.12512,0.130554,-0.056838,0.280771,-0.022167,0.279906,0.002184,0.002279
0,-0.06155,-0.089983,-0.216436,-0.195729,-0.205976,-0.226778,0.001074,0.00157
0,-0.026976,0.125169,0.020355,0.240007,0.048403,0.230821,0.000471,0.002185
0,0.090992,0.149652,0.107413,0.022852,0.089935,-0.020006,0.001588,0.002612
0,0.03457,-0.029022,-0.060069,-0.188323,-0.090085,-0.179183,0.000603,0.000507
0,-0.009167,-0.10829,-0.067675,-0.075049,-0.093654,-0.057241,0.00016,0.00189
0,-0.004452,0.042517,0.009202,0.15883,0.005178,0.18373,7.8e-05,0.000742
0,0.016104,0.056515,0.031611,0.010775,-0.010496,0.00825,0.000281,0.000986
0,0.080689,-0.074026,0.088149,-0.129364,0.104912,-0.143873,0.001408,0.001292
0,-0.187229,0.056279,-0.292486,0.132465,-0.322864,0.138104,0.00235,0.000982
0,-0.240787,0.036859,-0.025792,-0.00879,-0.022222,-0.034908,0.001415,0.000643
0,-0.087807,-0.017415,0.177955,-0.040407,0.176492,-0.057102,0.001533,0.000304
0,-0.095307,-0.139343,0.017838,-0.137283,0.045349,-0.125367,0.001663,0.002432
0,-0.14746,-0.098167,-0.066006,0.011974,-0.076529,0.04912,0.002574,0.001713
0,-0.130512,-0.015588,0.030794,0.080478,-0.005454,0.06391,0.002278,0.000272
0,0.004818,0.013379,0.162574,0.042058,0.139274,0.047326,8.4e-05,0.000234
0,-0.185738,-0.14234,-0.217303,-0.176661,-0.188102,-0.155345,0.002376,0.002484
0,-0.196703,0.074806,-0.029468,0.236675,-0.049309,0.198437,0.002184,0.001306
0,-0.038086,-0.088159,0.146985,-0.145124,0.148067,-0.098863,0.000665,0.001539
0,0.084041,-0.056581,0.098324,0.029692,0.063038,0.038032,0.001467,0.000988
0,-0.129241,0.140757,-0.198376,0.168267,-0.213926,0.149832,0.002256,0.002457
0,0.011109,0.091543,0.116683,-0.043958,0.13195,-0.024474,0.000194,0.001598
0,0.113913,-0.005862,0.101387,-0.074982,0.118043,-0.089745,0.001988,0.000102
0,0.161588,0.031223,0.027815,0.051509,-0.008705,0.074345,0.002797,0.000545
0,0.021338,0.04597,-0.149518,-0.006234,-0.10113,-0.045555,0.000372,0.000802
0,-0.009255,0.188152,-0.055477,0.139078,-0.062376,0.171225,0.000162,0.002334
0,0.060003,-0.021571,0.051999,-0.204812,0.089506,-0.177172,0.001047,0.000376
0,0.050716,-0.044214,0.00557,0.006491,-0.03446,0.040778,0.000885,0.000772
0,0.028554,-0.037382,0.002078,-0.021947,0.021899,0.000849,0.000498,0.000652
0,0.114912,-0.015302,0.062103,0.001464,0.012302,-0.028802,0.002006,0.000267
0,-0.062239,0.12399,-0.195215,0.137278,-0.176067,0.184473,0.001086,0.002164
0,-0.152484,-0.018075,-0.087999,-0.155533,-0.075781,-0.129027,0.002661,0.000315
0,-0.119965,0.150434,0.018409,0.155526,-0.002973,0.150315,0.002094,0.002626
0,0.105069,0.0141,0.233092,-0.125718,0.25229,-0.120975,0.001834,0.000246
0,-0.136471,0.049831,-0.224953,0.05805,-0.183793,0.046691,0.002382,0.00087
0,0.007715,0.054512,0.124052,0.001804,0.138907,-0.007853,0.000135,0.000951
0,-0.150139,0.048107,-0.144145,-0.021415,-0.183297,-0.000841,0.00262,0.00084
0,-0.114394,-0.092095,0.056679,-0.149171,0.037254,-0.144408,0.001997,0.001607
0,-0.059606,-0.067066,0.081009,0.003052,0.035818,-0.026033,0.00104,0.001171
0,-0.133326,0.020231,-0.09788,0.103853,-0.093879,0.143718,0.002327,0.000353
0,-0.156259,0.093742,-0.037815,0.058771,-0.050586,0.042105,0.002727,0.001636
0,-0.107933,0.028176,0.046626,-0.060741,0.060745,-0.012016,0.001884,0.000492
0,0.008811,0.072345,0.104758,0.038397,0.118783,0.030987,0.000154,0.001263
0,0.011681,-0.011395,-0.004773,-0.109151,-0.001546,-0.081887,0.000204,0.000199
0,-0.019755,0.007375,-0.012205,-0.002953,-0.017937,-0.013229,0.000345,0.000129
0,-0.061012,-0.095755,-0.025557,-0.106908,-0.018943,-0.143637,0.001065,0.001671
0,-0.054278,-0.0624,0.028936,0.030744,0.059736,-0.010245,0.000947,0.001089
0,0.058678,0.021723,0.095778,0.081912,0.142696,0.094658,0.001024,0.000379
0,-0.089686,0.019733,-0.161497,-0.01476,-0.155086,-0.048902,0.001565,0.000344
0,-0.110195,0.059909,-0.031091,0.055737,-0.034434,0.056489,0.001923,0.001046
0,0.020577,-0.155286,0.144954,-0.20623,0.118746,-0.204643,0.000359,0.00271
0,-0.104141,-0.150214,-0.132327,-0.012339,-0.091504,0.026362,0.001818,0.002622
0,-0.046842,0.001717,0.079269,0.157778,0.058712,0.191807,0.000818,3e-05
0,0.038828,-0.117534,0.094866,-0.142655,0.120696,-0.189277,0.000678,0.002051
0,0.215654,-0.050724,0.199998,0.050684,0.191227,0.006597,0.001854,0.000885
0,0.118666,0.099594,-0.076741,0.137905,-0.033966,0.116794,0.002071,0.001738
0,-0.016983,0.039263,-0.11299,-0.05059,-0.111619,-0.03924,0.000296,0.000685
0,0.102067,-0.080828,0.146384,-0.134924,0.126173,-0.177031,0.001781,0.001411
0,-0.017164,-0.108736,-0.134639,-0.044482,-0.150024,-0.060446,0.0003,0.001898
0,0.124657,0.143882,0.1259,0.280987,0.151182,0.323134,0.002176,0.002511
0,0.10938,0.13783,-0.034539,0.023744,-0.082606,0.01251,0.001909,0.002406
0,0.011457,0.125469,-0.079625,-0.026318,-0.088479,-0.036331,0.0002,0.00219
0,0.000836,-0.116546,-0.02853,-0.220434,-0.037204,-0.215081,1.5e-05,0.002034
0,-0.164638,0.125093,-0.144859,0.246616,-0.154466,0.2702,0.002744,0.002183
0,-0.001947,-0.118279,0.184727,-0.249332,0.144116,-0.208029,3.4e-05,0.002064
0,0.161071,0.038515,0.14382,0.166544,0.109776,0.191039,0.002806,0.000672
0,0.160431,-0.092827,-0.00962,-0.141691,-0.000605,-0.184217,0.0028,0.00162
0,0.135506,-0.165826,-0.014618,-0.098864,-0.053986,-0.092121,0.002365,0.002723
0,-0.030265,0.050607,-0.136385,0.239814,-0.168327,0.272844,0.000528,0.000883
0,0.205795,-0.058545,0.25164,-0.086779,0.221978,-0.053912,0.002026,0.001022
0,0.177412,-0.033903,-0.02442,0.049263,-0.044079,0.050804,0.002521,0.000592
0,0.100048,-0.043513,-0.10024,0.012912,-0.110894,0.061745,0.001746,0.000759
0,0.180227,-0.026107,0.066757,0.006558,0.056323,0.042041,0.002472,0.000456
0,-0.034848,-0.0128,-0.217676,0.041803,-0.201136,0.038261,0.000608,0.000223
0,-0.010738,-0.034393,0.028465,0.002492,-0.010873,0.02687,0.000187,0.0006
0,0.034456,0.086931,0.064359,0.12124,0.10447,0.078774,0.000601,0.001517
0,-0.073225,0.062781,-0.129231,-0.040624,-0.111017,-0.017193,0.001278,0.001096
0,0.187087,-0.035735,0.262794,-0.123103,0.259177,-0.140736,0.002352,0.000624
0,0.159168,0.069404,-0.018447,0.104022,-0.050189,0.116287,0.002778,0.001211
0,-0.121087,-0.113964,-0.280385,-0.192245,-0.296008,-0.186753,0.002113,0.001989
0,-0.009255,0.081992,0.11601,0.166559,0.130451,0.144245,0.000162,0.001431
0,-0.047634,0.018491,-0.012747,-0.082033,0.033039,-0.104324,0.000831,0.000323
0,-0.389544,-0.762386,-0.370643,-0.810757,-0.385287,-0.791298,0.001181,0.002071
0,-0.903461,-1.259219,-0.501828,-0.491226,-0.464773,-0.46605,0.001084,0.000493
0,-0.982584,-1.82124,-0.104755,-0.580582,-0.107718,-0.601235,0.000297,0.001918
0,-1.008118,-2.302923,-0.047885,-0.500514,-0.075276,-0.48604,0.000742,0.000871
0,-0.943946,-2.152246,0.086258,0.169438,0.051223,0.190651,0.000378,0.001759
0,-0.7466,-1.783147,0.220334,0.381016,0.231801,0.391092,0.001796,0.002583
0,-0.518355,-1.220953,0.240666,0.586131,0.277088,0.601092,0.002188,0.00116
0,-0.399079,-0.704386,0.118719,0.505017,0.13816,0.53585,0.001348,0.001059
0,-0.332892,-0.524382,0.096081,0.203417,0.099446,0.236676,0.000193,0.002083
0,-0.248738,-0.089527,0.064376,0.462507,0.067805,0.450424,0.001276,0.001563
0,-0.024094,-0.004643,0.250637,0.099707,0.21708,0.059595,0.000421,8.1e-05
0,0.013426,0.118356,0.021375,0.094846,0.043675,0.139919,0.000234,0.002066
0,0.105735,0.386954,0.120437,0.24902,0.085993,0.251747,0.001845,0.001136
0,0.138883,0.414597,0.01237,-0.001134,0.01816,-0.024848,0.002424,0.001619
0,0.125042,0.326263,0.01305,-0.084255,0.019716,-0.062169,0.002182,7.7e-05
0,0.034179,0.064829,-0.089072,-0.282428,-0.115085,-0.303416,0.000597,0.001131
0,0.015161,0.051633,-0.048879,-0.024716,-0.059135,-0.044483,0.000265,0.000901
0,0.269707,0.31178,0.235185,0.275714,0.26364,0.310856,0.00091,0.000176
0,0.042808,0.216334,-0.198002,-0.109784,-0.198609,-0.148199,0.000747,0.001842
0,0.218165,0.006094,0.160324,-0.183816,0.146911,-0.218052,0.00181,0.000106
0,0.039043,-0.079403,-0.186009,-0.0659,-0.204314,-0.061532,0.000681,0.001386
0,0.013578,0.117189,-0.006305,0.202825,-0.049603,0.178954,0.000237,0.002045
0,0.100949,-0.138298,0.07352,-0.247138,0.078929,-0.257362,0.001762,0.002414
0,-0.507272,-0.974108,-0.602817,-0.828042,-0.57694,-0.870744,0.002381,0.000149
0,-0.963167,-1.844052,-0.466283,-0.887776,-0.500059,-0.90451,4.2e-05,0.00152
0,-1.150429,-1.678275,-0.206667,0.191058,-0.162405,0.146571,0.002391,0.001204
0,-0.894917,-2.182444,0.281214,-0.47477,0.270394,-0.490811,0.001233,0.001232
0,-0.619187,-1.736847,0.248432,0.460026,0.23408,0.485708,0.000428,0.002226
0,-0.556216,-1.342626,0.05395,0.371476,0.087722,0.388185,0.001527,0.000963
0,-0.30438,-1.019483,0.24687,0.345011,0.286816,0.318407,0.000305,0.000941
0,-0.217759,-0.859801,0.0862,0.176901,0.113704,0.208041,0.001817,0.001846
0,-0.144213,-0.464962,0.088266,0.380552,0.088488,0.361045,0.002517,0.002498
0,-0.17615,-0.362564,-0.031487,0.124159,-0.064335,0.140142,0.002543,0.00071
0,0.103006,-0.194309,0.29669,0.193735,0.266951,0.23594,0.001798,0.002226
0,0.090631,-0.279375,0.006244,-0.089818,-0.035475,-0.108469,0.001582,0.000741
0,-0.004214,-0.059057,-0.080898,0.195038,-0.129209,0.235103,7.4e-05,0.001031
0,-0.017445,-0.112519,-0.017673,-0.036791,-0.044489,-0.052243,0.000304,0.001964
0,-0.145884,-0.185801,-0.146595,-0.098351,-0.152975,-0.127212,0.002546,0.002375
0,-0.190618,-0.222541,-0.022257,-0.015394,-0.055461,0.012596,0.002291,0.001733
0,-0.123473,-0.184201,0.092295,0.026265,0.063239,0.04949,0.002155,0.002403
0,-0.131885,-0.355428,-0.023841,-0.175038,-0.057399,-0.129206,0.002302,0.000586
0,-0.117204,-0.334564,-0.010778,0.045216,-0.02101,0.074228,0.002046,0.000222
0,-0.001242,-0.081993,0.133826,0.263355,0.138356,0.272114,2.2e-05,0.001431
0,-0.011528,-0.154084,-0.018474,-0.044161,-0.014312,-0.021391,0.000201,0.002689
0,0.190053,0.47862,0.182044,0.638101,0.149516,0.664609,0.0023,0.002736
0,0.055729,0.790505,-0.116313,0.317655,-0.126761,0.333917,0.000973,0.002562
0,0.263965,0.817309,0.230675,0.000228,0.227524,-0.031243,0.00101,0.002588
0,0.173446,1.109667,-0.116716,0.264981,-0.11711,0.308752,0.00259,0.002515
0,0.204508,1.11012,0.016623,-0.024291,0.027476,0.00117,0.002048,0.002523
0,0.050152,0.883306,-0.146154,-0.210893,-0.145566,-0.243659,0.000875,0.001436
0,0.034309,0.675344,-0.038157,-0.198276,-0.086701,-0.197497,0.000599,0.000552
0,0.136611,0.63148,0.131542,-0.013945,0.180568,0.028909,0.002384,0.000214
0,-0.115691,0.36282,-0.226522,-0.296796,-0.274435,-0.285513,0.002019,0.000715
0,-0.056334,0.185758,0.038305,-0.171508,0.053542,-0.211973,0.000983,0.002375
0,-0.000443,0.282972,0.027706,0.12497,0.05035,0.150155,8e-06,0.000679
0,0.06104,-0.006062,0.042939,-0.269398,0.071841,-0.296833,0.001065,0.000106
0,-0.001364,-0.144201,-0.086898,-0.163161,-0.042348,-0.143279,2.4e-05,0.002517
0,-0.127613,-0.152877,-0.143394,-0.005976,-0.156923,0.042649,0.002227,0.002668
0,0.01264,-0.201315,0.146615,-0.065003,0.142874,-0.071405,0.000221,0.002104
0,-0.006023,-0.034987,-0.028293,0.15381,-0.012871,0.172381,0.000105,0.000611
0,-0.172174,-0.04768,-0.172322,0.016148,-0.134858,0.002762,0.002613,0.000832
0,0.019968,0.028705,0.177244,0.057088,0.187437,0.050434,0.000349,0.000501
0,0.037729,-0.073186,0.016033,-0.106307,0.028879,-0.083669,0.000658,0.001277
0,-0.104068,-0.198633,-0.124976,-0.127756,-0.109639,-0.167228,0.001816,0.002151
0,0.111853,0.071391,0.191648,0.295644,0.170122,0.333976,0.001952,0.001246
0,0.17413,0.059378,0.058317,-0.008327,0.102447,-0.016492,0.002578,0.001036
0,0.069376,-0.053615,-0.116473,-0.118875,-0.118114,-0.142767,0.001211,0.000936
0,-0.019436,0.090842,-0.115795,0.172493,-0.104425,0.123223,0.000339,0.001585
0,-0.084543,0.083702,-0.076014,-0.028774,-0.118192,-0.031468,0.001476,0.001461
0,0.065878,-0.002914,0.124499,-0.113332,0.111479,-0.14623,0.00115,5.1e-05
0,-0.111352,0.033877,-0.185469,0.031469,-0.180139,0.034327,0.001943,0.000591
0,0.089222,0.131759,0.18367,0.087784,0.176059,0.062824,0.001557,0.0023
0,0.105193,0.010198,0.027565,-0.095852,-0.005859,-0.072597,0.001836,0.000178
0,-0.163582,0.017829,-0.247942,0.005985,-0.21367,0.009291,0.002762,0.000311
0,0.104894,-0.133009,0.258128,-0.177563,0.28025,-0.226144,0.001831,0.002321
0,-0.018486,0.006343,-0.098618,0.132968,-0.060749,0.091539,0.000323,0.000111
0,-0.075035,0.07902,-0.030349,0.043634,-0.00186,0.060805,0.00131,0.001379
0,0.120189,0.078042,0.172538,-0.023344,0.212001,0.025801,0.002098,0.001362
0,0.070767,0.14074,-0.075906,0.049272,-0.036205,0.030736,0.001235,0.002456
0,-0.025469,0.021049,-0.105072,-0.09292,-0.121093,-0.057666,0.000445,0.000367
0,0.090521,0.071615,0.108035,0.036495,0.078856,-0.011208,0.00158,0.00125
0,0.19097,0.086876,0.101111,0.007949,0.099446,-0.024631,0.002284,0.001516
0,0.195144,-0.100833,-0.00797,-0.190617,0.038804,-0.18938,0.002212,0.00176
0,0.210856,0.106695,0.031175,0.195511,-0.006325,0.23732,0.001937,0.001862
0,0.165668,0.099474,-0.02332,0.000749,-0.065675,0.005269,0.002726,0.001736
0,0.154591,-0.130686,-0.01594,-0.239486,-0.064225,-0.244888,0.002698,0.002281
0,0.036202,0.014169,-0.146737,0.15645,-0.101365,0.126397,0.000632,0.000247
0,0.128394,-0.000769,0.104215,0.00747,0.075666,0.048928,0.002241,1.3e-05
0,-0.012819,-0.05984,-0.132074,-0.086231,-0.122784,-0.054009,0.000224,0.001044
0,-0.047918,0.068567,-0.01641,0.15017,0.024105,0.156374,0.000836,0.001197
0,0.092511,-0.007887,0.121097,-0.094338,0.139663,-0.108589,0.001615,0.000138
0,0.181065,0.085656,0.071161,0.075513,0.022184,0.105764,0.002457,0.001495
0,-0.055017,0.084665,-0.241307,0.026132,-0.23909,0.001325,0.00096,0.001478
0,-0.010216,0.014506,0.039597,-0.050226,0.071976,-0.036496,0.000178,0.000253
0,0.064385,0.092876,0.087911,0.054923,0.115031,0.094289,0.001124,0.001621
0,0.142619,0.119283,0.093821,0.012485,0.141507,-0.0124,0.002489,0.002082
0,0.158519,-0.126043,0.016447,-0.234732,-0.001989,-0.269289,0.002767,0.0022
0,0.02359,-0.063987,-0.11573,0.064174,-0.116991,0.034022,0.000412,0.001117
0,0.147741,0.050193,0.132147,0.121299,0.135809,0.145031,0.002579,0.000876
0,1.68362,1.121205,1.534714,1.08013,1.513984,1.096328,0.001297,0.002716
0,2.280454,1.464725,0.604073,0.324537,0.650203,0.334526,0.000479,0.002523
0,4.193801,1.828198,1.88496,0.339377,1.897907,0.31698,0.000168,0.001797
0,3.531096,1.734952,-0.661907,-0.12216,-0.666073,-0.13982,0.000163,0.002193
0,3.488127,1.691973,-0.032749,-0.059686,0.006687,-0.048801,0.000913,0.001443
0,2.74107,1.198599,-0.73776,-0.471364,-0.762774,-0.500757,0.002717,0.001551
0,2.135805,0.601097,-0.604278,-0.597887,-0.585867,-0.633226,0.002046,0.000744
0,1.698993,0.577029,-0.464019,-0.050568,-0.445678,-0.056035,0.001565,0.001164
0,1.282295,0.241279,-0.399419,-0.36233,-0.418156,-0.378503,9e-05,0.001406
0,0.426513,0.006334,-0.855607,-0.234363,-0.834782,-0.279544,0.001827,0.000111
0,0.177107,-0.083537,-0.219426,-0.082812,-0.183636,-0.058094,0.002526,0.001458
0,-0.332223,-0.119884,-0.498391,-0.039912,-0.453839,-0.058669,0.000181,0.002092
0,-0.23468,-0.150604,0.081366,-0.01738,0.035794,0.023602,0.001522,0.002629
0,-0.248855,-0.195599,-0.039811,-0.022034,-0.05628,-0.02953,0.001274,0.002204
0,-0.452745,0.074181,-0.214748,0.290208,-0.248905,0.266248,0.002284,0.001295
0,-0.527795,-0.205584,-0.102921,-0.28457,-0.101798,-0.29911,0.002023,0.002029
0,-0.382571,0.051777,0.16426,0.258872,0.126899,0.259378,0.00106,0.000904
0,-0.167701,-0.067448,0.192236,-0.095394,0.188358,-0.131469,0.002691,0.001177
0,-0.381495,0.07589,-0.233633,0.165837,-0.268106,0.153857,0.001041,0.001325
0,-0.147222,0.053013,0.243437,-0.011595,0.255755,-0.043306,0.00257,0.000925
0,-0.351759,-0.17369,-0.217108,-0.243951,-0.264535,-0.250729,0.000522,0.002586
0,-0.290844,-0.060602,0.0571,0.131223,0.054036,0.157815,0.000541,0.001058
0,-0.258548,0.053754,0.038311,0.096051,0.058856,0.105431,0.001105,0.000938
0,-0.20899,-0.165281,0.051852,-0.21639,0.070536,-0.199864,0.00197,0.002733
0,-0.063124,-0.166379,0.168579,-0.027659,0.170366,-0.050375,0.001102,0.002714
0,-0.200459,-0.053734,-0.112731,0.103899,-0.137556,0.144984,0.002119,0.000938
0,-0.003622,0.073258,0.217278,0.137354,0.243895,0.149119,6.3e-05,0.001279
0,-0.119917,-0.00797,-0.089891,-0.093596,-0.102275,-0.079147,0.002093,0.000139
0,-0.018881,-0.09072,0.124495,-0.06226,0.077626,-0.043982,0.00033,0.001583
0,0.045283,-0.090346,0.038485,0.008431,-0.004679,2.9e-05,0.00079,0.001577
0,-0.086727,0.069477,-0.124087,0.136606,-0.120662,0.123008,0.001514,0.001213
0,0.140392,-0.190433,0.20248,-0.254592,0.212346,-0.260047,0.00245,0.002294
0,-0.110339,0.046158,-0.257644,0.25489,-0.267796,0.301737,0.001926,0.000806
0,0.065742,0.005912,0.189497,-0.045012,0.197881,-0.013533,0.001147,0.000103
0,-0.107898,0.122541,-0.166332,0.129117,-0.141041,0.138556,0.001883,0.002139
0,-0.106146,0.072468,0.006358,-0.056503,0.002654,-0.060426,0.001853,0.001265
0,0.123377,0.117287,0.244371,0.053948,0.220728,0.065292,0.002153,0.002047
0,-0.072257,0.027525,-0.217544,-0.083148,-0.244051,-0.073579,0.001261,0.00048
0,0.089497,-0.090491,0.142949,-0.11423,0.104065,-0.134711,0.001562,0.001579
0,0.068063,0.080059,-0.028551,0.146423,-0.028109,0.162291,0.001188,0.001397
0,-0.036903,-0.059722,-0.090259,-0.129293,-0.133245,-0.111131,0.000644,0.001042
0,0.073592,0.056972,0.08409,0.125141,0.100356,0.075984,0.001284,0.000994
0,0.051812,-0.063939,-0.003522,-0.094096,-0.035713,-0.108155,0.000904,0.001116
0,-0.13996,-0.113227,-0.208189,-0.027751,-0.202397,-0.045746,0.002443,0.001976
0,-0.185886,-0.149302,-0.050974,-0.062164,-0.055208,-0.088704,0.002373,0.002606
0,-0.132912,-0.072059,0.023342,0.070789,0.023359,0.075372,0.00232,0.001258
0,-0.112226,0.055289,0.013949,0.117121,0.033462,0.100923,0.001959,0.000965
0,-0.065678,-0.024106,0.035197,-0.076827,0.071444,-0.052927,0.001146,0.000421
0,0.039704,-0.095509,0.077264,-0.085817,0.107416,-0.122193,0.000693,0.001667
0,0.043689,-0.048344,0.026905,0.071974,-0.017361,0.09516,0.000763,0.000844
0,0.060573,0.038358,0.041129,0.073687,0.068801,0.107977,0.001057,0.000669
0,0.020487,0.093687,-0.056719,0.054827,-0.059213,0.088051,0.000358,0.001635
0,-0.071031,-0.055772,-0.061966,-0.121011,-0.017808,-0.097402,0.00124,0.000973
0,-0.001807,0.061536,0.089655,0.10011,0.13964,0.131336,3.2e-05,0.001074
0,-0.139712,-0.152552,-0.12985,-0.219878,-0.142359,-0.249008,0.002438,0.002663
0,-0.111305,-0.056377,0.051169,0.104288,0.064772,0.134566,0.001943,0.000984
0,-0.177399,0.107162,-0.057108,0.154243,-0.066461,0.1095,0.002521,0.00187
0,0.063698,0.140348,0.242124,0.020546,0.240091,0.013317,0.001112,0.00245
0,0.080029,-0.064538,-0.00768,-0.216146,-0.03298,-0.16883,0.001397,0.001126
0,-0.056171,0.025554,-0.137446,0.091462,-0.171719,0.063794,0.00098,0.000446
0,0.102025,0.108352,0.18471,0.101708,0.151867,0.116492,0.001781,0.001891
0,0.133233,0.006231,0.011564,-0.094427,-0.00515,-0.142039,0.002325,0.000109
0,-0.066922,0.052635,-0.227669,0.032311,-0.265227,0.016962,0.001168,0.000919
0,0.046316,0.091521,0.10304,0.034821,0.087618,0.0265,0.000808,0.001597
0,-0.040369,-0.030117,-0.084759,-0.10926,-0.128533,-0.138089,0.000705,0.000526
0,0.106543,-0.066065,0.124861,-0.006295,0.08536,-0.045012,0.00186,0.001153
0,-0.102707,-0.012863,-0.205968,0.058364,-0.237454,0.016547,0.001793,0.000224
0,-0.115165,0.063494,-0.010196,0.052232,-0.050241,0.0326,0.00201,0.001108
0,0.024025,0.149564,0.157786,0.062339,0.12751,0.109157,0.000419,0.00261
0,-0.05781,0.076011,-0.111779,-0.061682,-0.076008,-0.069726,0.001009,0.001327
0,-0.096963,0.074862,-0.032964,0.013528,-0.001843,0.04733,0.001692,0.001307
0,0.061341,-0.005854,0.15146,-0.075117,0.193142,-0.029437,0.001071,0.000102
0,0.051324,0.037283,-0.004377,0.072864,-0.00508,0.074689,0.000896,0.000651
0,0.16882,0.13583,0.125262,0.12738,0.111303,0.111192,0.002671,0.002371
0,0.109742,-0.042212,-0.030482,-0.15806,-0.018621,-0.204077,0.001915,0.000737
0,0.212697,0.133415,0.098452,0.171042,0.085924,0.137306,0.001905,0.002329
0,0.147215,0.093359,-0.093545,-0.050141,-0.077417,-0.005924,0.002569,0.001629
0,-0.011984,0.039389,-0.129497,-0.065233,-0.136552,-0.08927,0.000209,0.000687
0,0.024036,-0.070042,0.053793,-0.114471,0.079974,-0.121331,0.00042,0.001222
0,0.01308,0.018498,0.017886,0.072864,-0.008995,0.110523,0.000228,0.000323
0,0.142553,0.167959,0.118881,0.154083,0.153233,0.152937,0.002488,0.002686
0,0.224999,-0.04964,0.067049,-0.198948,0.06222,-0.149458,0.001691,0.000866
0,0.065862,-0.137998,-0.148837,-0.070924,-0.14224,-0.082297,0.00115,0.002409
0,0.160358,-0.013328,0.080543,0.146546,0.130403,0.166532,0.002799,0.000233
0,0.036847,0.11468,-0.095036,0.116991,-0.05976,0.160132,0.000643,0.002002
0,-0.113185,0.114352,-0.164636,-0.012441,-0.186267,0.000231,0.001975,0.001996
0,0.015866,0.010834,0.105869,-0.116504,0.082491,-0.103992,0.000277,0.000189
0,-0.015569,0.153199,-0.006518,0.142872,0.013667,0.132899,0.000272,0.002674
0,-0.044539,-0.08381,-0.014075,-0.232483,0.034127,-0.261937,0.000777,0.001463
0,-0.117139,-0.091294,-0.101326,-0.001194,-0.123276,0.004358,0.002044,0.001593
0,0.06844,-0.077701,0.160384,0.006782,0.203936,0.046848,0.001194,0.001356
0,0.156013,-0.122544,0.069749,-0.017867,0.107168,-0.05283,0.002723,0.002139
0,-0.09595,-0.068591,-0.247166,0.046715,-0.279726,0.092319,0.001675,0.001197
0,-0.057834,0.061178,0.061878,0.106102,0.031636,0.074567,0.001009,0.001068
0,0.08336,-0.062923,0.127295,-0.095349,0.122641,-0.091574,0.001455,0.001098
0,-0.046838,0.135184,-0.106725,0.224032,-0.073536,0.247376,0.000817,0.002359
0,0.144891,0.117389,0.217,0.002365,0.168412,0.028191,0.002529,0.002049
0,-0.052913,0.107854,-0.198975,-0.001083,-0.200828,0.026769,0.000924,0.001882
0,0.167725,0.15865,0.239158,0.04558,0.219202,0.075717,0.00269,0.002769
0,-0.01824,-0.082071,-0.19753,-0.218825,-0.217298,-0.208647,0.000318,0.001432
0,-0.128913,-0.065979,-0.100298,-0.011483,-0.06645,-0.028499,0.00225,0.001152
0,-0.010614,-0.095721,0.113381,-0.041705,0.131983,-0.050404,0.000185,0.001671
0,-0.009773,0.056335,0.010127,0.15573,0.032244,0.141462,0.000171,0.000983
0,0.110419,0.044386,0.128456,0.005423,0.148888,0.048231,0.001927,0.000775
0,0.074143,0.072413,-0.056633,5e-05,-0.067555,-0.045589,0.001294,0.001264
0,-0.015813,-0.06277,-0.089101,-0.112377,-0.06699,-0.077193,0.000276,0.001096
0,0.121476,-0.148804,0.109267,-0.10938,0.075061,-0.099254,0.00212,0.002597
0,0.048207,-0.038652,-0.068144,0.113221,-0.103153,0.06491,0.000841,0.000675
0,0.146658,-0.034056,0.077585,0.009409,0.039128,0.053708,0.00256,0.000594
0,0.001771,-0.118731,-0.157523,-0.06875,-0.126052,-0.091788,3.1e-05,0.002072
0,0.238122,0.105601,0.256175,0.239454,0.234319,0.254549,0.001461,0.001843
0,0.075641,-0.048478,-0.133251,-0.157394,-0.125742,-0.180083,0.00132,0.000846
0,0.138617,0.063437,0.034508,0.125685,-0.009629,0.084337,0.002419,0.001107
0,0.249273,-0.06425,0.126021,-0.123762,0.131365,-0.160405,0.001267,0.001121
0,0.257074,-0.029167,0.023422,0.052971,0.058113,0.037747,0.001131,0.000509
0,0.223887,-0.054722,-0.008172,-0.045181,-0.009782,-0.03187,0.00171,0.000955
0,0.196127,-0.092272,-0.025692,-0.064897,-0.041715,-0.094533,0.002194,0.00161
0,0.249562,-0.074385,0.056202,0.033645,0.056169,0.059083,0.001262,0.001298
0,0.229668,-0.066819,-0.038505,-0.010097,-0.036242,0.009109,0.001609,0.001166
0,0.045379,-0.050568,-0.17681,0.026117,-0.151776,-0.021609,0.000792,0.000883
0,0.147253,-0.004779,0.128516,0.049299,0.103941,0.065843,0.00257,8.3e-05
0,0.015454,-0.076757,-0.139471,-0.047296,-0.123261,0.001555,0.00027,0.00134
0,-0.133902,-0.184102,-0.126257,-0.102312,-0.084206,-0.110037,0.002337,0.002404
0,0.012532,-0.127613,0.127537,0.066276,0.17242,0.023583,0.000219,0.002227
0,-0.060715,-0.165864,-0.083681,-0.047103,-0.114544,-0.021988,0.00106,0.002723
0,0.032329,-0.017907,0.084557,0.153837,0.086199,0.17112,0.000564,0.000313
0,0.09444,-0.113801,0.056746,-0.121656,0.011931,-0.071883,0.001648,0.001986
0,0.166815,-0.113335,0.088639,0.005848,0.090616,0.030483,0.002706,0.001978
0,-0.01894,0.058292,-0.187095,0.194319,-0.173615,0.166882,0.000331,0.001017
0,-0.063791,-0.026354,-0.025964,-0.075605,0.000473,-0.040128,0.001113,0.00046
0,0.09975,-0.09318,0.165276,-0.088225,0.20804,-0.105485,0.001741,0.001626
0,-0.026874,-0.061325,-0.144744,0.035008,-0.122499,0.022434,0.000469,0.00107
0,-0.044338,0.071785,0.006647,0.142094,0.031323,0.170399,0.000774,0.001253
0,-0.0063,-0.13697,0.038849,-0.221534,0.086777,-0.175916,0.00011,0.002391
0,-0.086846,-0.093501,-0.082322,0.06672,-0.06342,0.051889,0.001516,0.001632
0,0.053305,0.033091,0.118888,0.117845,0.157655,0.131431,0.00093,0.000578
0,0.036091,0.139682,-0.026204,0.091792,-0.030171,0.140262,0.00063,0.002438
0,-0.057739,-0.046638,-0.104883,-0.176774,-0.111128,-0.134525,0.001008,0.000814
0,0.070458,-0.029879,0.14784,-6.2e-05,0.18454,0.039296,0.00123,0.000521
0,0.046691,-0.035716,-0.026708,-0.017199,-0.003562,-0.061359,0.000815,0.000623
0,0.03029,-0.094106,-0.033,-0.057477,-0.06738,-0.060515,0.000529,0.001642
0,-0.142714,-0.114724,-0.179759,-0.011209,-0.197103,0.036679,0.002491,0.002002
0,0.059795,0.063335,0.23145,0.1612,0.231293,0.179565,0.001044,0.001105
0,-0.073363,0.081983,-0.157424,0.022176,-0.177841,0.054041,0.00128,0.001431
0,0.071044,-0.045655,0.14452,-0.130665,0.193301,-0.15569,0.00124,0.000797
0,-0.054596,-0.079235,-0.107159,-0.035127,-0.144317,-0.058509,0.000953,0.001383
0,-0.047821,-0.137921,0.006975,-0.044471,0.017938,-0.036754,0.000835,0.002407
0,-0.05985,-0.087034,-0.0247,0.069685,-0.051924,0.110012,0.001045,0.001519
0,0.03648,-0.105841,0.121204,-0.000959,0.10822,-0.012998,0.000637,0.001847
0,-0.044872,-0.090923,-0.108761,0.001775,-0.126861,-0.030307,0.000783,0.001587
0,-0.019761,-0.013794,0.047472,0.053404,0.02183,0.048116,0.000345,0.000241
0,-0.074866,-0.100983,-0.082028,-0.084893,-0.043542,-0.126274,0.001307,0.001762
0,0.05571,0.006813,0.140673,0.093216,0.170832,0.131307,0.000972,0.000119
0,0.045924,-0.027746,0.00818,-0.008958,0.041172,0.016232,0.000802,0.000484
0,-0.091557,-0.119031,-0.157445,-0.064427,-0.154434,-0.060452,0.001598,0.002077
0,-0.005242,-0.194432,0.093528,-0.085173,0.071736,-0.097195,9.1e-05,0.002224
0,-0.118724,-0.157233,-0.086793,0.047187,-0.126755,0.003699,0.002072,0.002744
0,0.129142,0.024775,0.255748,0.16877,0.262442,0.172491,0.002254,0.000432
0,-0.106699,-0.045303,-0.243122,-0.05878,-0.280895,-0.101273,0.001862,0.000791
0,0.005445,0.05447,0.098829,0.111075,0.066551,0.094382,9.5e-05,0.000951
0,0.172671,0.040824,0.147891,0.015458,0.194216,-0.014962,0.002604,0.000713
0,0.2405,-0.111867,0.063993,-0.18202,0.068881,-0.209029,0.00142,0.001952
0,0.095119,-0.067309,-0.144724,0.026542,-0.133758,0.071348,0.00166,0.001175
0,0.166893,-0.089029,0.099051,-0.011674,0.066405,0.018231,0.002705,0.001554
0,0.047788,-0.092682,-0.103808,0.022637,-0.073455,-0.025732,0.000834,0.001618
0,0.026472,-0.129535,4.1e-05,-0.043718,0.042429,-0.053372,0.000462,0.002261
0,0.034037,-0.027329,-0.010816,0.093254,0.010903,0.114505,0.000594,0.000477
0,0.010827,0.009641,-0.023784,0.049836,-0.006693,0.027987,0.000189,0.000168
0,-0.098919,-0.11574,-0.093374,-0.146417,-0.108355,-0.196222,0.001726,0.00202
0,-0.021751,-0.103555,0.097134,0.036607,0.078001,-0.006508,0.00038,0.001807
0,-0.044193,-0.133802,-0.041092,-0.004318,-0.006402,-0.001183,0.000771,0.002335
0,0.161313,0.083613,0.231512,0.191532,0.245007,0.206901,0.002802,0.001459
0,0.146582,-0.054614,-0.00964,-0.164603,-0.058309,-0.135074,0.002558,0.000953
0,0.075713,-0.158009,-0.06525,-0.108342,-0.034187,-0.076714,0.001321,0.002758
0,0.020716,-0.073518,-0.028289,0.077656,-0.069046,0.087607,0.000362,0.001283
0,0.102134,-0.023741,0.089028,0.049488,0.042652,0.071411,0.001783,0.000414
0,0.166663,0.03055,0.090296,0.058875,0.098455,0.040795,0.002709,0.000533
0,0.190871,-0.076201,0.043946,-0.120694,0.072437,-0.13242,0.002286,0.00133
0,-0.070792,0.076139,-0.243617,0.133124,-0.212599,0.091969,0.001236,0.001329
0,0.064396,-0.034913,0.144531,-0.122297,0.141895,-0.111583,0.001124,0.000609
0,0.159549,-0.10079,0.073139,-0.042831,0.076431,-0.067072,0.002785,0.001759
0,0.010701,-0.168084,-0.142047,-0.081071,-0.165214,-0.042341,0.000187,0.002684
0,0.189764,-0.115078,0.1596,0.03616,0.157722,0.020073,0.002306,0.002008
0,0.108462,0.00865,-0.095863,0.142732,-0.135618,0.18266,0.001893,0.000151
0,0.039822,-0.058923,-0.087874,-0.051609,-0.085473,-0.05292,0.000695,0.001028
0,0.238179,-0.143055,0.194111,-0.078358,0.203663,-0.037987,0.00146,0.002497
0,0.093398,-0.133884,-0.12888,0.024215,-0.178388,-0.020939,0.00163,0.002337
0,0.171554,-0.087207,0.066014,0.058781,0.037709,0.044778,0.002623,0.001522
0,0.112612,0.096908,-0.074073,0.157512,-0.122317,0.162205,0.001965,0.001691
0,0.128322,0.121748,0.005252,0.036597,-0.016345,0.02108,0.00224,0.002125
0,0.044551,0.122939,-0.089501,0.025551,-0.065991,0.010985,0.000778,0.002146
0,0.238583,-0.00996,0.178974,-0.129223,0.142506,-0.092923,0.001453,0.000174
0,0.246264,-0.002742,0.033742,-0.01959,0.044785,0.02004,0.001319,4.8e-05
0,0.188357,-0.04379,-0.085279,-0.043605,-0.045252,-0.043855,0.00233,0.000764
0,0.183334,-0.045028,0.017513,-0.020684,-0.014514,-0.067579,0.002418,0.000786
0,0.026374,0.062994,-0.175284,0.13164,-0.12973,0.10847,0.00046,0.001099
0,0.205216,-0.114793,0.188322,-0.179598,0.176141,-0.206642,0.002036,0.002004
0,-0.000928,0.14838,-0.197009,0.279413,-0.191636,0.254473,1.6e-05,0.00259
0,-0.071841,0.11019,-0.068464,-0.01445,-0.059859,0.014791,0.001254,0.001923
0,0.082145,0.075863,0.140478,-0.038289,0.098993,-0.048617,0.001434,0.001324
0,0.031476,0.007007,-0.0304,-0.041265,-0.035137,-0.030749,0.000549,0.000122
0,0.100988,-0.091512,0.075769,-0.077921,0.035004,-0.056012,0.001763,0.001597
0,-0.042942,0.045336,-0.116904,0.12093,-0.12617,0.118627,0.000749,0.000791
0,0.009733,0.047992,0.046738,-0.026328,-0.002767,0.005399,0.00017,0.000838
0,0.012142,-0.127536,0.004987,-0.165925,-0.00867,-0.190937,0.000212,0.002226
0,-0.061432,-0.201125,-0.10033,-0.055062,-0.074934,-0.091461,0.001072,0.002107
0,0.044154,0.009538,0.08054,0.182475,0.045278,0.179893,0.000771,0.000166
0,-0.040728,-0.106349,-0.079213,-0.106553,-0.056616,-0.123632,0.000711,0.001856
0,-0.103819,-0.149195,-0.052798,-0.043211,-0.079219,-0.054185,0.001812,0.002604
0,-0.066395,-0.130797,0.047343,0.034666,0.012211,0.03382,0.001159,0.002283
0,-0.063,-0.014494,-0.013509,0.133222,0.026892,0.089542,0.0011,0.000253
0,0.010821,-0.108212,0.09419,-0.068561,0.086163,-0.058854,0.000189,0.001889
0,0.046701,-0.079341,0.014526,0.044949,-0.003812,0.091218,0.000815,0.001385
0,0.019887,-0.090854,-0.048499,-0.034661,-0.025156,-0.073265,0.000347,0.001586
0,0.099926,-0.110519,0.059708,0.010289,0.083249,0.023246,0.001744,0.001929
0,0.129823,-0.066961,0.055928,0.048662,0.060507,0.084498,0.002266,0.001169
0,0.033336,0.052096,-0.071999,0.141999,-0.045499,0.164227,0.000582,0.000909
0,0.081926,-0.03197,0.055443,-0.098025,0.072769,-0.103731,0.00143,0.000558
0,0.111963,0.064228,0.040923,0.115147,0.02067,0.073048,0.001954,0.001121
0,0.007968,-0.061341,-0.076782,-0.10608,-0.070199,-0.085028,0.000139,0.001071
0,0.077335,-1.097258,0.045184,-1.023419,-0.002663,-1.028998,0.00135,0.002298
0,-0.270617,-1.435656,-0.359905,-0.313116,-0.409759,-0.360029,0.000894,0.002587
0,-0.165417,-1.161596,0.108266,0.24762,0.087035,0.204135,0.00273,0.002196
0,-0.121594,-0.838191,0.034122,0.299495,0.055195,0.289283,0.002122,0.002223
0,-0.07518,-0.961382,0.04753,-0.117622,0.037641,-0.155905,0.001312,7.3e-05
0,-0.279455,-0.85745,-0.215406,0.097076,-0.242864,0.121787,0.00074,0.001887
0,-0.107154,-0.723362,0.168643,0.131641,0.154062,0.082113,0.00187,0.00139
0,-0.097676,-0.43744,-0.013185,0.293653,-0.005565,0.272274,0.001705,0.002017
0,-0.1637,-0.494868,-0.093597,-0.070052,-0.056068,-0.021579,0.00276,0.002598
0,-0.021328,-0.278239,0.151676,0.209322,0.142668,0.224534,0.000372,0.000761
0,-0.080492,-0.099086,-0.039237,0.158322,-0.049465,0.192499,0.001405,0.001729
0,0.121025,0.013363,0.220528,0.129498,0.220754,0.119861,0.002112,0.000233
0,0.048416,0.057582,-0.043596,0.041981,-0.077528,0.042428,0.000845,0.001005
0,-8.7e-05,0.041741,-0.019609,-0.038168,0.021689,-0.077596,2e-06,0.000729
0,0.025313,0.16075,0.012319,0.095195,-0.015299,0.130989,0.000442,0.002806
0,-0.123209,0.136739,-0.17772,-0.035513,-0.22053,0.009933,0.00215,0.002387
0,-0.000117,0.21191,0.132721,0.088193,0.117976,0.038804,2e-06,0.001919
0,0.114024,0.095763,0.094863,-0.113665,0.136549,-0.071107,0.00199,0.001671
0,-0.008162,-0.034277,-0.106414,-0.130006,-0.092417,-0.133644,0.000142,0.000598
0,0.153844,0.206321,0.17489,0.249925,0.148144,0.26231,0.002685,0.002017
0,-0.132646,0.189551,-0.260161,0.001284,-0.212258,-0.014026,0.002315,0.002309
0,-0.077724,0.078074,0.060895,-0.135407,0.023362,-0.179851,0.001357,0.001363
0,0.147864,0.049189,0.229027,-0.018189,0.216972,0.000389,0.002581,0.000859
0,-0.079473,-0.06058,-0.205024,-0.114912,-0.213034,-0.133907,0.001387,0.001057
0,-0.089002,0.011309,0.019937,0.084908,0.018298,0.085813,0.001553,0.000197
0,0.07005,-0.143992,0.163658,-0.151053,0.148239,-0.123297,0.001223,0.002513
0,-0.069137,-0.173373,-0.146678,-0.032168,-0.16422,-0.035862,0.001207,0.002592
0,-0.079728,-0.205799,-0.029038,-0.007723,-0.073768,-0.004712,0.001392,0.002026
0,0.031393,0.046903,0.139483,0.263817,0.136601,0.292928,0.000548,0.000819
0,-0.067163,-0.129173,-0.084653,-0.189395,-0.105898,-0.214757,0.001172,0.002254
0,-0.046713,-0.168569,0.01861,-0.055192,0.002189,-0.033642,0.000815,0.002675
0,0.098195,0.002185,0.149147,0.158241,0.103774,0.16908,0.001714,3.8e-05
0,-0.08512,-0.051147,-0.176709,-0.06328,-0.183367,-0.043831,0.001486,0.000893
0,-0.080541,-0.139854,0.027047,-0.091298,0.01865,-0.131282,0.001406,0.002441
0,-0.05703,-0.158501,0.033072,0.009714,0.058712,0.005521,0.000995,0.002766
0,-0.143152,-0.047461,-0.066348,0.120575,-0.053284,0.143241,0.002498,0.000828
0,-0.048934,-0.223954,0.104519,-0.193595,0.135732,-0.162868,0.000854,0.001709
0,-0.041908,-0.206292,0.007669,0.005345,0.020716,-0.02578,0.000731,0.002017
0,-0.116014,-0.131861,-0.048633,0.090245,-0.090406,0.097171,0.002025,0.002301
0,-0.179004,-0.183911,-0.070595,-0.0549,-0.04984,-0.014241,0.002493,0.002408
0,-0.047099,-0.06875,0.130623,0.143429,0.149671,0.113715,0.000822,0.0012
0,-0.035462,0.005697,-0.017761,0.057303,0.02078,0.041022,0.000619,9.9e-05
0,0.096426,0.061662,0.12449,0.028934,0.132003,-0.008492,0.001683,0.001076
0,0.068767,-0.052354,-0.030369,-0.122898,0.012802,-0.148491,0.0012,0.000914
0,0.075065,-0.185971,0.009476,-0.136184,-0.00781,-0.143056,0.00131,0.002372
0,-0.017766,-0.117481,-0.074335,0.093203,-0.089379,0.098265,0.00031,0.00205
0,-0.117102,-0.119637,-0.106821,-0.013308,-0.139223,-0.017834,0.002044,0.002088
0,-0.015935,-0.071471,0.095716,0.055603,0.050674,0.077749,0.000278,0.001247
0,0.117578,0.110638,0.124011,0.164752,0.165517,0.124293,0.002052,0.001931
0,0.075548,0.004002,-0.047843,-0.116044,-0.074808,-0.115278,0.001319,7e-05
0,-0.137342,-0.163233,-0.217337,-0.186766,-0.245766,-0.219436,0.002397,0.002769
0,-0.058529,-0.154779,0.067504,-0.003898,0.063558,0.035266,0.001022,0.002701
0,0.141819,-0.057878,0.198109,0.114979,0.228353,0.127009,0.002475,0.00101
0,0.068242,-0.148635,-0.066258,-0.087576,-0.100192,-0.132289,0.001191,0.002594
0,-0.10517,-0.062576,-0.190756,0.095533,-0.175573,0.13492,0.001836,0.001092
0,0.138057,-0.055534,0.249662,0.032796,0.298224,0.081389,0.00241,0.000969
0,-0.09043,0.089629,-0.229914,0.142867,-0.256383,0.164349,0.001578,0.001564
0,0.000918,0.104061,0.101283,0.039466,0.090133,0.049849,1.6e-05,0.001816
0,0.124924,-0.009695,0.131091,-0.114767,0.140663,-0.115991,0.00218,0.000169
0,-0.066953,0.071575,-0.214941,0.095931,-0.182501,0.053435,0.001169,0.001249
0,0.165456,-0.071302,0.224135,-0.140824,0.268354,-0.163136,0.00273,0.001244
0,0.162249,-0.177672,-0.0142,-0.119287,0.029286,-0.151331,0.002786,0.002517
0,-0.013679,0.024982,-0.170297,0.173391,-0.172618,0.216032,0.000239,0.000436
0,0.206816,-0.166168,0.239867,-0.21915,0.229999,-0.255382,0.002008,0.002717
0,-0.000297,0.040324,-0.210764,0.228263,-0.235648,0.264355,5e-06,0.000704
0,0.125111,-0.158687,0.122111,-0.192378,0.093432,-0.190764,0.002184,0.00277
0,0.001061,-0.085585,-0.130603,0.043198,-0.094316,0.033898,1.9e-05,0.001494
0,0.171455,0.074663,0.15231,0.186758,0.147152,0.207571,0.002625,0.001303
0,0.268453,0.067038,0.087491,-0.028658,0.058265,-0.006662,0.000932,0.00117
0,0.05457,-0.086369,-0.233143,-0.180887,-0.251801,-0.180205,0.000952,0.001507
0,0.126521,0.032829,0.047957,0.126124,0.069557,0.091302,0.002208,0.000573
0,0.072732,0.108924,-0.047168,0.078242,-0.011293,0.060749,0.001269,0.001901
0,0.011133,0.130587,-0.059348,0.020424,-0.075039,-0.00624,0.000194,0.002279
0,0.174506,0.134536,0.185749,0.023591,0.155611,-0.023402,0.002572,0.002348
0,0.136414,-0.020279,-0.030501,-0.137122,-0.04845,-0.131538,0.002381,0.000354
0,0.045054,0.144349,-0.078851,0.169498,-0.095416,0.152361,0.000786,0.002519
0,0.086739,0.159605,0.052366,-0.011299,0.065344,-0.010802,0.001514,0.002786
0,-0.053039,-0.109888,-0.120788,-0.29332,-0.107353,-0.292695,0.000926,0.001918
0,-0.154453,-0.027317,-0.112307,0.109165,-0.111961,0.094541,0.002696,0.000477
0,-0.044659,0.090436,0.10579,0.133123,0.088135,0.126633,0.000779,0.001578
0,-0.059406,-0.107132,-0.020555,-0.205774,-0.031211,-0.173975,0.001037,0.00187
0,-0.173178,0.193651,-0.101345,0.3183,-0.105909,0.286668,0.002595,0.002238
0,-0.247279,-0.105916,-0.057969,-0.321491,-0.075514,-0.31342,0.001302,0.001849
0,0.025922,-0.026983,0.257379,0.100896,0.233772,0.128671,0.000452,0.000471
0,-0.136269,-0.116541,-0.158679,-0.101472,-0.144265,-0.143196,0.002378,0.002034
0,-0.035546,-0.081947,0.110578,0.043075,0.066152,0.022013,0.00062,0.00143
0,-0.278838,-0.055464,-0.258858,0.028995,-0.213708,0.046428,0.000751,0.000968
0,-0.192724,-0.019495,0.083994,0.054972,0.111792,0.104008,0.002254,0.00034
0,-0.125187,-0.084544,0.062642,-0.0514,0.027612,-0.057941,0.002185,0.001476
0,-0.128449,-0.150762,0.006284,-0.057386,-0.016029,-0.088391,0.002242,0.002631
0,-0.131313,-0.145782,0.018672,0.012546,-0.016485,0.059068,0.002292,0.002544
0,0.012429,-0.152179,0.138976,-0.009106,0.120856,0.009643,0.000217,0.002656
0,-0.183809,-0.133268,-0.16668,0.043717,-0.118584,0.006971,0.002409,0.002326
0,-0.218712,0.043454,-0.059572,0.20304,-0.055697,0.212905,0.0018,0.000758
0,-0.138744,0.002937,0.0857,-0.042889,0.097668,-0.022275,0.002422,5.1e-05
0,-0.276567,-0.052053,-0.126618,-0.056906,-0.101949,-0.013336,0.000791,0.000908
0,-0.055037,-0.03782,0.249988,0.011863,0.257975,-0.017642,0.000961,0.00066
0,-0.056019,-0.018898,-0.007605,0.005083,-0.043365,0.00475,0.000978,0.00033
0,-0.103117,0.066524,-0.059859,0.109932,-0.057045,0.111362,0.0018,0.001161
0,-0.06415,0.012296,0.043115,-0.039745,0.060967,0.009308,0.00112,0.000215
0,-0.004464,-0.137442,0.07849,-0.168833,0.116869,-0.180013,7.8e-05,0.002399
0,-0.208067,-0.090322,-0.226995,0.0234,-0.246468,0.033383,0.001986,0.001576
0,-0.105215,0.047513,0.121175,0.134901,0.142397,0.162096,0.001836,0.000829
0,-0.192924,-0.099396,-0.077751,-0.126626,-0.097742,-0.176313,0.00225,0.001735
0,-0.172929,-0.121859,-0.008159,-0.027282,0.027585,-0.063097,0.002599,0.002127
0,-0.015433,-0.018869,0.152943,0.105013,0.161225,0.081469,0.000269,0.000329
0,-0.106086,0.042228,-0.089342,0.032054,-0.137362,0.045638,0.001852,0.000737
0,-0.014721,-0.070174,0.101217,-0.103839,0.12507,-0.121851,0.000257,0.001225
0,-0.022981,0.08587,0.02044,0.177994,0.050615,0.139457,0.000401,0.001499
0,0.038507,-0.17901,0.081268,-0.242785,0.078782,-0.269349,0.000672,0.002493
0,-0.097048,-0.166467,-0.158055,0.007128,-0.155407,0.007236,0.001694,0.002712
0,-0.077954,-0.074415,0.004833,0.105487,0.000932,0.098861,0.001361,0.001299
0,-0.194124,-0.022936,-0.105865,0.029679,-0.091944,0.053709,0.002229,0.0004
0,-0.18418,0.030838,0.005341,0.024924,0.019904,0.057066,0.002403,0.000538
0,0.050569,-0.056152,0.242864,-0.108419,0.234201,-0.082768,0.000883,0.00098
0,-0.044544,-0.16307,-0.104727,-0.089513,-0.107138,-0.0486,0.000777,0.002771
0,-0.005487,-0.129244,0.056651,0.008523,0.01485,-0.023816,9.6e-05,0.002256
0,-0.012336,0.09179,-0.030602,0.223987,-0.008216,0.260005,0.000215,0.001602
0,-0.009643,0.123922,-0.023317,0.02893,0.000237,0.002437,0.000168,0.002163
0,-0.183888,-0.111408,-0.201874,-0.215325,-0.155585,-0.249564,0.002408,0.001944
0,-0.202089,-0.034438,-0.020984,0.100772,-0.045099,0.095567,0.00209,0.000601
0,0.015087,-0.039918,0.243789,-0.030009,0.197345,-0.036135,0.000263,0.000697
0,-0.004136,0.074632,-0.036329,0.131018,-0.0855,0.178677,7.2e-05,0.001303
0,-0.074372,-0.154157,-0.056751,-0.219064,-0.02254,-0.216131,0.001298,0.002691
0,-0.046636,0.090276,0.051573,0.237886,0.062805,0.21626,0.000814,0.001576
0,-0.027227,-0.136408,0.03894,-0.199993,0.060654,-0.182541,0.000475,0.002381
0,0.009415,-0.133195,0.060815,-0.007854,0.046161,0.019487,0.000164,0.002325
0,-0.153264,0.064273,-0.18471,0.211459,-0.178703,0.175267,0.002675,0.001122
0,-0.043215,0.151373,0.12195,0.082009,0.137131,0.079428,0.000754,0.002642
0,-0.109153,-0.015991,-0.084326,-0.189789,-0.108309,-0.188527,0.001905,0.000279
0,0.030775,0.054548,0.112405,0.056312,0.104423,0.03517,0.000537,0.000952
0,-0.112876,-0.137321,-0.132089,-0.17807,-0.143115,-0.157666,0.00197,0.002397
0,-0.054767,0.134479,0.07267,0.272031,0.107057,0.300864,0.000956,0.002347
0,-0.110926,-0.113607,-0.035913,-0.232413,0.011195,-0.235091,0.001936,0.001983
0,-0.155811,-0.027421,-0.024515,0.096051,-0.014085,0.056389,0.002719,0.000479
0,0.100063,-0.003862,0.277126,-0.004127,0.299289,0.006319,0.001746,6.7e-05
0,0.02984,0.175516,-0.08476,0.182069,-0.121085,0.225147,0.000521,0.002554
0,-0.135628,0.068448,-0.147864,-0.13093,-0.102406,-0.100458,0.002367,0.001195
0,-0.159194,0.031021,-0.016551,-0.02252,0.028766,-0.013367,0.002778,0.000541
0,-0.0451,-0.149335,0.120401,-0.15518,0.142703,-0.193949,0.000787,0.002606
0,-0.150083,-0.164741,-0.109157,-0.044975,-0.067968,-0.05478,0.002619,0.002742
0,0.124209,0.000597,0.247751,0.1574,0.266188,0.1677,0.002168,1e-05
0,-0.108545,-0.142026,-0.209645,-0.131402,-0.176039,-0.174237,0.001894,0.002479
0,0.088921,0.009962,0.199061,0.143312,0.248793,0.126916,0.001552,0.000174
0,0.004414,-0.095185,-0.073307,-0.125885,-0.033481,-0.09188,7.7e-05,0.001661
0,0.054721,-0.004197,0.026504,0.074996,0.055043,0.064614,0.000955,7.3e-05
0,0.008285,-0.062179,-0.039576,-0.057613,-0.083909,-0.096474,0.000145,0.001085
0,0.098956,0.069349,0.100017,0.110291,0.07362,0.137914,0.001727,0.00121
0,0.131154,-0.008477,0.022405,-0.058688,-0.017225,-0.102797,0.002289,0.000148
0,0.130763,-0.177475,0.016339,-0.143353,-0.009739,-0.105011,0.002282,0.00252
0,0.095263,0.084318,-0.051969,0.238255,-0.069237,0.198136,0.001663,0.001472
0,0.060816,-0.090361,-0.047557,-0.199582,-0.006985,-0.230482,0.001061,0.001577
0,0.059794,0.056708,0.02666,0.143037,0.075636,0.09715,0.001044,0.00099
0,0.059718,-0.195887,0.025054,-0.263283,0.064697,-0.244244,0.001042,0.002199
0,0.190488,-0.075989,0.108072,0.128675,0.075718,0.161653,0.002293,0.001326
0,-0.07825,0.082173,-0.256634,0.152142,-0.225815,0.10317,0.001366,0.001434
0,-0.085756,0.054249,-0.019864,-0.005229,-0.013208,-0.035587,0.001497,0.000947
0,-0.023636,-0.081419,0.041023,-0.159916,0.088242,-0.170986,0.000413,0.001421
0,-0.011452,0.097502,-0.016214,0.17535,0.001096,0.176237,0.0002,0.001702
0,0.219596,-0.070018,0.216441,-0.181691,0.179457,-0.229412,0.001785,0.001222
0,0.01955,-0.055582,-0.178701,0.027681,-0.211359,0.045596,0.000341,0.00097
0,0.138762,0.022302,0.11327,0.084481,0.141386,0.054222,0.002422,0.000389
0,-0.060601,0.007324,-0.228068,0.003591,-0.228468,0.016428,0.001058,0.000128
0,-0.063922,0.170855,-0.001231,0.145641,0.026486,0.183193,0.001116,0.002636
0,0.061892,0.048099,0.097324,-0.134408,0.132268,-0.182815,0.00108,0.000839
0,-0.117,0.152518,-0.184145,0.075283,-0.221991,0.109666,0.002042,0.002662
0,-0.042229,-0.008135,0.061337,-0.184331,0.108495,-0.145244,0.000737,0.000142
0,-0.009135,-0.112288,0.01144,-0.108002,-0.002167,-0.135796,0.000159,0.00196
0,-0.142533,0.015523,-0.110875,0.13596,-0.145189,0.14165,0.002488,0.000271
0,-0.086688,-0.025629,0.082355,-0.013745,0.131036,-0.021468,0.001513,0.000447
0,-0.276684,-0.09304,-0.215056,-0.075421,-0.190769,-0.093277,0.000788,0.001624
0,-0.355335,-0.251667,-0.107342,-0.176145,-0.157305,-0.162503,0.000584,0.001225
0,-0.084869,-0.042172,0.298451,0.201249,0.281031,0.188653,0.001481,0.000736
0,-0.313987,-0.226208,-0.221221,-0.15523,-0.185538,-0.149454,0.000137,0.001669
0,-0.163782,-0.202759,0.143638,0.007306,0.189973,-0.018666,0.002759,0.002079
0,-0.288063,0.045265,-0.154031,0.234437,-0.137888,0.196766,0.00059,0.00079
0,-0.085415,-0.08309,0.209097,-0.156673,0.165362,-0.195443,0.001491,0.00145
0,0.068867,0.093804,0.163477,0.180744,0.177601,0.149858,0.001202,0.001637
0,-0.008334,0.172615,-0.076341,0.076052,-0.083199,0.042288,0.000145,0.002605
0,0.081617,0.006576,0.06876,-0.173807,0.054293,-0.155544,0.001424,0.000115
0,0.032687,-0.032254,-0.030996,-0.050882,-0.019768,-0.099689,0.00057,0.000563
0,0.128416,0.101681,0.091314,0.135523,0.079463,0.121159,0.002241,0.001775
0,-0.052369,0.004578,-0.176304,-0.078211,-0.185289,-0.042145,0.000914,8e-05
0,-0.020826,-0.117161,0.018726,-0.123797,0.014528,-0.15345,0.000363,0.002045
0,-0.09445,-0.066643,-0.094329,0.054427,-0.067706,0.03428,0.001648,0.001163
0,0.115172,-0.052463,0.23323,0.020584,0.198043,-0.018566,0.00201,0.000916
0,-0.133815,-0.084965,-0.267861,-0.008271,-0.304812,-0.033394,0.002336,0.001483
0,-0.021985,0.080438,0.095676,0.160156,0.075725,0.19971,0.000384,0.001404
0,0.166069,-0.004831,0.176535,-0.089855,0.150207,-0.138711,0.002719,8.4e-05
0,0.055437,0.112466,-0.12683,0.121605,-0.131184,0.16395,0.000968,0.001963
0,0.045038,0.092645,-0.00189,0.005437,0.012834,-0.033822,0.000786,0.001617
0,-0.092766,-0.043392,-0.150584,-0.128371,-0.119639,-0.175743,0.001619,0.000757
0,0.025867,0.086479,0.113242,0.112337,0.078083,0.120412,0.000451,0.001509
0,0.066827,-0.100388,0.043303,-0.163742,0.017197,-0.168732,0.001166,0.001752
0,-0.011291,-0.08142,-0.104608,0.045873,-0.104069,0.041861,0.000197,0.001421
0,-0.112359,0.079315,-0.084067,0.146821,-0.077328,0.124199,0.001961,0.001384
0,-0.17968,0.008285,-0.081978,-0.04246,-0.038435,-0.043095,0.002481,0.000145
0,-0.10921,0.073999,0.085659,0.065373,0.053593,0.0237,0.001906,0.001292
0,-0.058979,0.137642,0.049506,0.058764,0.029865,0.082913,0.001029,0.002402
0,0.065766,0.132417,0.133094,-0.029488,0.169785,-0.05156,0.001148,0.002311
0,-0.057011,0.023977,-0.119189,-0.135112,-0.087288,-0.092746,0.000995,0.000418
0,0.119604,-0.097234,0.158992,-0.133318,0.186003,-0.133426,0.002087,0.001697
0,-0.116975,-0.067586,-0.244734,0.014266,-0.246816,0.015708,0.002042,0.00118
0,-0.027798,-0.122326,0.111634,-0.047566,0.087467,-0.061004,0.000485,0.002135
0,-0.083089,-0.061673,-0.077032,0.045789,-0.060883,0.095225,0.00145,0.001076
0,-0.14352,-0.044949,-0.058441,0.016372,-0.055795,0.039058,0.002505,0.000785
0,-0.014239,-0.057508,0.150866,-0.020363,0.133245,0.027389,0.000249,0.001004
0,-0.127708,0.142422,-0.102593,0.219993,-0.095449,0.245072,0.002229,0.002486
0,0.012311,-0.021263,0.157634,-0.187637,0.197366,-0.176323,0.000215,0.000371
0,-0.16814,0.155516,-0.210186,0.17454,-0.172311,0.185,0.002683,0.002714
0,-0.161611,0.01884,0.026949,-0.117572,-0.008158,-0.077828,0.002797,0.000329
0,-0.09668,-0.08856,0.070089,-0.133395,0.057044,-0.159487,0.001687,0.001546
0,-0.137493,0.0235,-0.019975,0.099234,-0.025797,0.092697,0.0024,0.00041
0,-0.16832,0.021782,-0.004712,-0.008118,0.035674,0.009853,0.00268,0.00038
0,-0.170848,-0.137384,0.021603,-0.162022,0.008026,-0.124732,0.002636,0.002398
0,-0.187543,-0.04362,-0.004917,0.108935,0.010324,0.144671,0.002344,0.000761
0,0.021701,0.055306,0.180106,0.092088,0.133649,0.093,0.000379,0.000965
0,-0.121284,-0.158381,-0.147606,-0.230226,-0.176615,-0.225366,0.002117,0.002764
0,-0.062208,0.003857,0.06997,0.17285,0.022804,0.20308,0.001086,6.7e-05
0,-0.065381,0.067138,0.00257,0.074931,-0.032944,0.03217,0.001141,0.001172
0,-0.014302,-0.074911,0.036488,-0.12829,0.021623,-0.153968,0.00025,0.001307
0,0.097236,-0.119215,0.132274,-0.02616,0.153058,-0.012918,0.001697,0.002081
0,-0.189446,0.001006,-0.290102,0.137909,-0.319886,0.166067,0.002311,1.8e-05
0,-0.254324,-0.123836,-0.040561,-0.133805,-0.04218,-0.173651,0.001179,0.002161
0,-0.054081,-0.111978,0.20088,0.032357,0.223918,0.016513,0.000944,0.001954
0,-0.176527,-0.092377,-0.121467,0.00387,-0.169775,0.031328,0.002537,0.001612
0,0.027983,0.087763,0.231038,0.184852,0.223704,0.228007,0.000488,0.001532
0,-0.190565,-0.106007,-0.189382,-0.198745,-0.219299,-0.178669,0.002292,0.00185
0,-0.100379,-0.136021,0.066591,-0.032528,0.06584,0.001542,0.001752,0.002374
0,-0.223671,-0.125123,-0.139446,0.022961,-0.169243,0.012429,0.001714,0.002184
0,-0.012147,0.054705,0.220403,0.18528,0.263951,0.143969,0.000212,0.000955
0,-0.07183,-0.229985,-0.061904,-0.278726,-0.096592,-0.245699,0.001254,0.001604
0,-0.078721,-0.163337,-0.001112,0.054417,0.003486,0.012836,0.001374,0.002767
0,0.091819,-0.149639,0.182247,0.033163,0.160401,-0.00359,0.001603,0.002612
0,-0.055507,-0.09645,-0.17476,0.069956,-0.131976,0.092915,0.000969,0.001683
0,0.038024,0.053884,0.066071,0.1674,0.085279,0.158307,0.000664,0.00094
0,-0.078423,-0.172685,-0.143641,-0.212754,-0.191931,-0.186107,0.001369,0.002604
0,-0.012563,-0.129755,0.084267,0.024775,0.040235,-0.014533,0.000219,0.002265
0,-0.041196,-0.152272,-0.019109,-0.008625,-0.056415,-0.006036,0.000719,0.002658
0,-0.01775,0.028197,0.0041,0.161622,0.011942,0.172674,0.00031,0.000492
0,-0.111647,-0.064615,-0.103818,-0.119823,-0.126048,-0.168552,0.001949,0.001128
0,0.005665,0.041792,0.145503,0.111983,0.106469,0.088958,9.9e-05,0.000729
0,0.194653,-0.040882,0.208761,-0.060917,0.224101,-0.040412,0.00222,0.000714
0,0.027346,-0.075102,-0.188108,-0.034598,-0.163111,-0.023096,0.000477,0.001311
0,0.023924,-0.008565,-0.026283,0.070341,-0.059696,0.084851,0.000418,0.000149
0,-0.09785,-0.15637,-0.132859,-0.142924,-0.09997,-0.137271,0.001708,0.002729
0,0.040315,0.005041,0.116167,0.155061,0.089252,0.201512,0.000704,8.8e-05
0,-0.018647,0.022167,-0.050103,0.032013,-0.02139,-0.017909,0.000325,0.000387
0,0.087879,0.068999,0.097309,0.054465,0.146549,0.047084,0.001534,0.001204
0,-0.012177,-0.082023,-0.073632,-0.162894,-0.046723,-0.159413,0.000213,0.001432
0,-0.102375,-0.137414,-0.093063,-0.07268,-0.100637,-0.110895,0.001787,0.002398
0,-0.019257,-0.055425,0.059018,0.058956,0.024717,0.025906,0.000336,0.000967
0,0.043982,-0.100823,0.047074,-0.04933,0.014379,-0.028263,0.000768,0.00176
0,0.043795,-0.005347,0.028175,0.093663,0.049507,0.094876,0.000764,9.3e-05
0,0.111125,-0.160133,0.05456,-0.151512,0.021084,-0.167244,0.00194,0.002795
0,0.231743,-0.024561,0.135233,0.160683,0.106559,0.132499,0.001573,0.000429
0,0.256578,-0.031896,-0.000712,0.000946,-0.023208,0.040957,0.001139,0.000557
0,-0.002558,-0.077329,-0.238645,-0.071892,-0.244655,-0.091507,4.5e-05,0.00135
0,-0.063013,0.069771,-0.067652,0.168895,-0.02709,0.136433,0.0011,0.001218
0,0.197313,-0.105711,0.250509,-0.193157,0.256117,-0.241971,0.002174,0.001845
0,0.09233,0.07227,-0.078447,0.196461,-0.03534,0.209354,0.001611,0.001261
0,0.107974,0.070237,0.016977,0.006109,0.037289,-0.012709,0.001884,0.001226
0,-0.119541,-0.103622,-0.236423,-0.165711,-0.240663,-0.122855,0.002086,0.001809
0,-0.070191,-0.040966,0.026348,0.037709,0.030833,0.078033,0.001225,0.000715
0,0.224887,0.036227,0.289645,0.104112,0.29014,0.106227,0.001692,0.000632
0,0.017756,0.018607,-0.222455,-0.002182,-0.236489,-0.023438,0.00031,0.000325
0,0.145104,0.114089,0.103101,0.065844,0.117916,0.101289,0.002533,0.001991
0,-0.032432,0.067371,-0.206108,-0.047547,-0.236044,-0.053174,0.000566,0.001176
0,0.103738,0.086516,0.12858,0.010879,0.161667,-0.034788,0.001811,0.00151
0,-0.077633,0.061935,-0.176352,-0.017405,-0.16244,0.015772,0.001355,0.001081
0,-0.011428,0.118981,0.085643,0.048321,0.121112,0.051461,0.000199,0.002077
0,-0.065998,-0.124056,-0.055687,-0.252956,-0.081131,-0.284495,0.001152,0.002165
0,-0.050691,-0.031322,-0.00665,0.10003,0.00241,0.079526,0.000885,0.000547
0,0.023623,-0.077764,0.086747,-0.027593,0.081208,-0.011976,0.000412,0.001357
0,0.014984,-0.078278,0.0105,-0.014768,0.006215,-0.047969,0.000262,0.001366
0,-0.102124,-0.040678,-0.143829,0.049619,-0.18175,0.043258,0.001782,0.00071
0,0.092098,-0.021408,0.194037,0.035697,0.23347,-0.008274,0.001607,0.000374
0,-0.012081,0.01631,-0.115656,0.01841,-0.158426,-0.015714,0.000211,0.000285
0,0.161035,-0.161484,0.17317,-0.158508,0.133554,-0.174867,0.002807,0.002799
0,0.048099,-0.017084,-0.088211,0.148555,-0.057753,0.166088,0.000839,0.000298
0,-0.035704,0.002927,-0.069748,0.020535,-0.086817,0.008548,0.000623,5.1e-05
0,-0.821119,-0.353357,-0.763242,-0.373599,-0.81055,-0.344593,0.002521,0.00055
0,-1.917388,-0.870372,-1.090796,-0.497868,-1.124445,-0.470879,0.00024,0.001662
0,-4.164501,-0.804942,-2.271449,0.081643,-2.306202,0.085341,0.000343,0.002804
0,-4.614648,-0.851713,-0.447963,-0.064882,-0.418431,-0.041939,0.001896,0.001987
0,-4.294761,-0.517287,0.327235,0.352875,0.354164,0.35479,0.00193,0.002207
0,-3.247889,-0.455915,1.058747,0.07379,1.039128,0.065609,0.000511,0.00234
0,-1.928646,-0.368674,1.323923,0.080768,1.318362,0.055014,4.4e-05,0.000817
0,-1.340576,0.056906,0.566663,0.430213,0.585478,0.463591,0.000927,0.000993
0,-1.101082,0.099683,0.220519,0.034745,0.25362,-0.007723,0.002365,0.00174
0,-0.471932,-0.037303,0.614315,-0.152026,0.56904,-0.118282,0.002619,0.000651
0,-0.370082,0.140771,0.083274,0.151795,0.081797,0.171038,0.000842,0.002457
0,-0.293585,0.025148,0.060563,-0.099769,0.092971,-0.142479,0.000493,0.000439
0,0.117864,0.06303,0.387088,0.011033,0.384583,0.035173,0.002057,0.0011
0,0.073123,0.167943,-0.026293,0.093828,-0.071699,0.137608,0.001276,0.002686
0,0.29815,-0.007786,0.195911,-0.196122,0.185999,-0.23952,0.000414,0.000136
0,0.052854,0.187544,-0.248449,0.184051,-0.260869,0.163826,0.000922,0.002344
0,0.143465,0.19659,0.115735,0.014322,0.145688,0.029695,0.002504,0.002186
0,0.252771,0.152577,0.131436,-0.056455,0.148731,-0.054183,0.001206,0.002663
0,0.225519,-0.126407,-0.010434,-0.255208,0.01964,-0.267659,0.001681,0.002206
0,0.260078,0.061966,0.023543,0.197077,-0.02256,0.174294,0.001078,0.001082
0,0.113582,-0.046652,-0.171301,-0.128491,-0.149809,-0.173961,0.001982,0.000814
0,0.149995,-0.073688,0.022198,-0.051531,0.033968,-0.052758,0.002618,0.001286
0,0.240314,-0.118494,0.069431,-0.045739,0.036054,-0.009247,0.001423,0.002068
0,0.308276,-0.065457,0.051406,0.032764,0.053362,0.020057,0.000237,0.001142
0,0.204375,0.055308,-0.09617,0.124669,-0.055683,0.094512,0.00205,0.000965
0,-0.059497,-0.099499,-0.28573,-0.152505,-0.283419,-0.186851,0.001038,0.001737
0,-0.000185,-0.036215,0.032471,0.092442,0.061123,0.132539,3e-06,0.000632
0,0.168459,-0.072032,0.165065,-0.013175,0.209742,0.029924,0.002677,0.001257
0,-0.016439,-0.19835,-0.185325,-0.139202,-0.136406,-0.097979,0.000287,0.002156
0,0.236587,-0.017379,0.251896,0.179371,0.226486,0.178504,0.001488,0.000303
0,0.118445,0.045934,-0.122615,0.088111,-0.112578,0.047297,0.002067,0.000802
0,0.162699,-0.036475,0.062611,-0.085661,0.0803,-0.061951,0.002778,0.000637
0,0.227031,-0.153634,0.055319,-0.10723,0.02576,-0.099755,0.001655,0.002681
0,0.126616,-0.189026,-0.096282,-0.049113,-0.127639,-0.04376,0.00221,0.002318
0,0.202448,-0.016714,0.080689,0.182874,0.068502,0.14169,0.002084,0.000292
0,0.091463,0.090607,-0.104858,0.106214,-0.086598,0.087286,0.001596,0.001581
0,0.063409,-0.024921,-0.020103,-0.118328,0.00259,-0.165392,0.001107,0.000435
0,0.163527,0.038951,0.097101,0.082973,0.145836,0.096002,0.002763,0.00068
0,0.037912,-0.044861,-0.103119,-0.112676,-0.131698,-0.133225,0.000662,0.000783
0,0.08965,0.047728,0.029899,0.075863,0.012616,0.080932,0.001565,0.000833
0,0.304446,-0.047678,0.194916,-0.074604,0.170582,-0.080265,0.000304,0.000832
0,0.080642,-0.048194,-0.201772,0.023033,-0.221773,-0.013062,0.001407,0.000841
0,0.307214,0.045676,0.202505,0.114055,0.193173,0.104744,0.000256,0.000797
0,0.151587,-0.07416,-0.15474,-0.090099,-0.151752,-0.091942,0.002646,0.001294
0,0.188731,-0.058959,0.045768,0.036366,0.064034,0.054112,0.002324,0.001029
0,0.286885,0.124917,0.112895,0.198195,0.126568,0.193563,0.00061,0.00218
0,0.226,0.086483,-0.042878,-0.028069,-0.030955,-0.042412,0.001673,0.001509
0,0.275789,-0.075338,0.031479,-0.1575,-0.015321,-0.150953,0.000804,0.001315
0,0.26653,-0.009123,-0.005161,0.072623,-0.0372,0.100663,0.000966,0.000159
0,0.201407,0.179493,-0.058355,0.16278,-0.058649,0.117575,0.002102,0.002485
0,0.237648,0.013866,0.05353,-0.140495,0.022314,-0.118573,0.00147,0.000242
0,0.268249,0.06054,0.001411,0.047455,-0.010316,0.090219,0.000936,0.001057
0,0.355631,0.050254,0.104188,-0.034065,0.123578,0.013452,0.000589,0.000877
0,0.312546,0.201986,-0.023691,0.16329,0.003281,0.211112,0.000163,0.002092
0,0.241085,0.056243,-0.073652,-0.13442,-0.08522,-0.12018,0.00141,0.000982
0,0.190481,0.09498,-0.039143,0.049373,-0.028371,0.070035,0.002293,0.001658
0,-0.029885,-0.076212,-0.235026,-0.187438,-0.283041,-0.185477,0.000522,0.00133
0,-0.051638,0.166421,-0.029724,0.271233,0.016532,0.280318,0.000901,0.002713
0,-0.101427,-0.10539,-0.064028,-0.268359,-0.072298,-0.299716,0.00177,0.001839
0,0.044127,-0.047182,0.116491,0.056899,0.165187,0.103969,0.00077,0.000823
0,-0.019472,-0.004569,-0.04377,0.056376,-0.054925,0.083491,0.00034,8e-05
0,-0.008023,0.178399,0.030928,0.154931,0.048995,0.142439,0.00014,0.002504
0,-0.036379,0.026185,-0.005368,-0.172584,0.016107,-0.192138,0.000635,0.000457
0,0.049634,-0.051633,0.088262,-0.091097,0.052666,-0.085292,0.000866,0.000901
0,0.142837,0.056256,0.095914,0.102589,0.055766,0.117451,0.002493,0.000982
0,0.138245,-0.094114,-0.030472,-0.160588,-0.031706,-0.159583,0.002413,0.001643
0,0.245855,-0.124441,0.131729,-0.051468,0.149715,-0.018286,0.001327,0.002172
0,0.101528,-0.033963,-0.157811,0.112091,-0.174982,0.156307,0.001772,0.000593
0,0.160651,-0.061418,0.039962,-0.007091,0.063088,-0.036034,0.002804,0.001072
0,0.192978,0.019902,0.030036,0.097956,-0.013576,0.058638,0.002249,0.000347
0,0.141512,-0.007483,-0.047164,-0.038891,-0.082717,-0.00199,0.00247,0.000131
0,0.094457,0.061045,-0.026518,0.056021,-0.006211,0.085713,0.001649,0.001065
0,0.111493,-0.118545,0.014971,-0.189315,0.054382,-0.205786,0.001946,0.002069
0,0.094083,0.022108,-0.006373,0.127588,-0.046763,0.087013,0.001642,0.000386
0,0.046654,-0.012403,-0.068568,-0.057065,-0.045523,-0.102535,0.000814,0.000216
0,0.205345,0.140253,0.159123,0.138515,0.201507,0.092055,0.002034,0.002448
0,0.142349,-0.089018,-0.051411,-0.257382,-0.061741,-0.299432,0.002484,0.001554
0,0.137149,0.050602,-0.014758,0.161743,-0.062549,0.190671,0.002394,0.000883
0,0.228739,0.08155,0.065084,0.049025,0.078942,0.009502,0.001625,0.001423
0,-0.082747,0.018991,-0.294553,-0.08357,-0.29432,-0.033675,0.001444,0.000331
0,-0.038104,0.04096,0.059303,0.050866,0.043009,0.039337,0.000665,0.000715
0,-0.030227,-0.045106,0.000372,-0.090587,-0.023052,-0.064459,0.000528,0.000787
0,-0.06928,0.13282,-0.054742,0.19129,-0.027188,0.150314,0.001209,0.002318
0,0.110798,0.139572,0.201091,-0.018033,0.168082,-0.046475,0.001934,0.002436
0,0.002205,0.121383,-0.085311,-0.011716,-0.100909,-0.04683,3.8e-05,0.002119
0,0.147124,-0.091408,0.165584,-0.22459,0.117172,-0.262867,0.002568,0.001595
0,-0.040715,0.006489,-0.187683,0.111756,-0.229537,0.101208,0.000711,0.000113
0,-0.005063,0.028013,0.027828,0.029608,0.044536,0.051115,8.8e-05,0.000489
0,-0.085342,-0.024884,-0.082291,-0.045498,-0.121236,-0.093081,0.001489,0.000434
0,-0.018835,-0.019181,0.040304,0.025616,0.051654,0.068046,0.000329,0.000335
0,-0.103582,-0.066406,-0.108955,-0.041897,-0.081603,-0.025058,0.001808,0.001159
0,-0.013694,0.12737,0.118034,0.221552,0.075715,0.265181,0.000239,0.002223
0,-0.097489,0.096689,-0.106593,-0.02928,-0.155204,-0.0342,0.001701,0.001688
0,-0.132062,-0.016358,-0.05715,-0.099407,-0.096255,-0.061111,0.002305,0.000286
0,0.087785,-0.136647,0.23678,-0.135086,0.255826,-0.147338,0.001532,0.002385
0,-0.023842,0.141286,-0.101669,0.281658,-0.090289,0.319714,0.000416,0.002466
0,0.015258,0.056188,0.050826,-0.094414,0.041409,-0.100021,0.000266,0.000981
0,0.089737,0.121851,0.089503,0.051076,0.057336,0.069183,0.001566,0.002127
0,-0.017334,0.164974,-0.126669,0.055936,-0.081098,0.051043,0.000303,0.002738
0,-0.164754,0.111996,-0.13887,-0.075324,-0.110755,-0.090541,0.002742,0.001955
0,-0.02151,0.148381,0.166474,0.010228,0.150579,0.026728,0.000375,0.00259
0,0.031438,0.160384,0.082414,-0.000902,0.108584,-0.016872,0.000549,0.002799
0,0.012829,-0.070348,-0.045322,-0.207896,-0.063303,-0.162277,0.000224,0.001228
0,-0.08047,0.141861,-0.078057,0.196654,-0.072805,0.157098,0.001404,0.002476
0,-0.114473,0.091015,-0.061353,-0.030077,-0.06946,-0.024091,0.001998,0.001589
0,-0.003018,-0.022658,0.122577,-0.1146,0.122139,-0.070842,5.3e-05,0.000395
0,0.112263,-0.020988,0.117235,0.005319,0.126555,-0.016722,0.001959,0.000366
0,-0.184675,0.019275,-0.300108,0.026319,-0.293775,0.040543,0.002394,0.000336
0,-0.098891,0.177139,0.114713,0.146102,0.102723,0.168922,0.001726,0.002526
0,-0.036682,0.168384,0.068145,0.018996,0.085933,0.056668,0.00064,0.002679
0,-0.061103,-0.027873,-0.006138,-0.182655,-0.004085,-0.193572,0.001066,0.000486
0,-0.178317,0.130893,-0.141194,0.153805,-0.170942,0.186935,0.002505,0.002285
0,-0.164411,-0.004682,-0.009012,-0.122895,-0.034825,-0.130259,0.002748,8.2e-05
0,-0.067823,0.046911,0.123171,0.038474,0.141757,0.022684,0.001184,0.000819
0,-0.297918,0.076306,-0.249015,0.02001,-0.249873,0.064522,0.000418,0.001332
0,-0.163178,0.209803,0.133434,0.139836,0.102559,0.165263,0.00277,0.001956
0,-0.110689,0.128644,0.060901,-0.083862,0.015958,-0.122515,0.001932,0.002245
0,-0.317938,-0.007487,-0.212832,-0.154995,-0.259133,-0.128004,6.8e-05,0.000131
0,-0.261983,0.148459,0.027836,0.145857,0.011487,0.165902,0.001045,0.002591
0,-0.321049,-0.058685,-0.08845,-0.208001,-0.061637,-0.214204,1.4e-05,0.001024
0,-0.305333,0.093195,0.008534,0.153117,0.005517,0.201608,0.000288,0.001627
0,-0.12905,0.017515,0.198134,-0.099717,0.209957,-0.077514,0.002252,0.000306
0,-0.118546,-0.148801,0.032918,-0.189152,0.036818,-0.149191,0.002069,0.002597
0,-0.036347,-0.054228,0.057944,0.102999,0.028293,0.150196,0.000634,0.000946
0,-0.063335,0.049381,-0.051887,0.104053,-0.09311,0.09465,0.001105,0.000862
0,-0.121623,-0.194614,-0.066924,-0.250788,-0.082923,-0.262773,0.002123,0.002221
0,-0.064725,0.041932,0.050156,0.234399,0.061534,0.209447,0.00113,0.000732
0,-0.219225,-0.112012,-0.125222,-0.182586,-0.104302,-0.162792,0.001791,0.001955
0,0.02899,0.030919,0.222344,0.126279,0.176451,0.083233,0.000506,0.00054
0,-0.139662,-0.047882,-0.191013,-0.075199,-0.171051,-0.103608,0.002438,0.000836
0,0.053269,-0.181532,0.219788,-0.152932,0.2301,-0.144093,0.00093,0.002449
0,0.019234,0.049281,-0.039588,0.217811,-0.064675,0.177906,0.000336,0.00086
0,-0.086295,-0.160465,-0.124343,-0.22876,-0.099551,-0.266948,0.001506,0.002801
0,-0.114182,0.019615,-0.038564,0.158182,-0.062113,0.195285,0.001993,0.000342
0,0.006612,0.061422,0.134502,0.032949,0.118735,0.00536,0.000115,0.001072
0,-0.083719,0.043354,-0.06356,0.010192,-0.055072,0.015686,0.001461,0.000757
0,-0.047426,-0.093358,0.062508,-0.150301,0.095301,-0.17797,0.000828,0.001629
0,-0.075947,0.085052,-0.010809,0.190688,0.002102,0.234172,0.001326,0.001484
0,0.035221,-0.083637,0.107212,-0.191825,0.077966,-0.16154,0.000615,0.00146
0,0.032825,-0.061256,0.005586,0.03914,-0.006138,0.031602,0.000573,0.001069
0,-0.04671,0.11012,-0.06793,0.171971,-0.107865,0.163103,0.000815,0.001922
0,-0.181745,-0.100755,-0.116962,-0.223268,-0.10084,-0.250022,0.002445,0.001759
0,0.060716,-0.066837,0.223867,0.007128,0.225673,-0.040375,0.00106,0.001167
0,-0.163388,0.038407,-0.246354,0.126369,-0.202754,0.150376,0.002766,0.00067
0,-0.184531,-0.154281,-0.012259,-0.199191,-0.036113,-0.191131,0.002397,0.002693
0,0.067307,-0.133462,0.245501,0.004528,0.290804,-0.032216,0.001175,0.002329
0,-0.077957,-0.084692,-0.115801,0.024629,-0.082756,0.055573,0.001361,0.001478
0,-0.071698,0.084167,0.029751,0.148234,0.054784,0.120296,0.001251,0.001469
0,-0.035601,-0.128716,0.016899,-0.242081,0.004878,-0.228112,0.000621,0.002247
0,0.054519,-0.079582,0.104761,0.069596,0.055862,0.118427,0.000952,0.001389
0,-0.01207,0.016768,-0.056239,0.06906,-0.012019,0.030127,0.000211,0.000293
0,0.126995,-0.079813,0.110222,-0.124828,0.096026,-0.158196,0.002216,0.001393
0,0.11264,-0.049433,0.001478,0.017404,0.002477,0.045539,0.001966,0.000863
0,0.063063,0.10098,-0.033334,0.161181,0.013001,0.175882,0.001101,0.001762
0,-0.011907,0.097555,-0.103439,-0.032074,-0.131785,-0.046418,0.000208,0.001703
0,0.034754,0.043333,0.072701,-0.080008,0.099914,-0.069526,0.000607,0.000756
0,0.143546,0.019271,0.097263,0.004965,0.097913,0.054859,0.002505,0.000336
0,0.059225,-0.132756,-0.065293,-0.159774,-0.017459,-0.121198,0.001034,0.002317
0,0.029764,0.039192,-0.029555,0.189127,-0.00624,0.176378,0.000519,0.000684
0,0.115376,0.100745,0.081812,0.068888,0.064646,0.058589,0.002014,0.001758
0,0.087872,0.151345,-0.018871,0.058195,0.0243,0.034123,0.001534,0.002641
0,0.119679,-0.04977,0.003154,-0.220211,-0.017928,-0.244547,0.002089,0.000869
0,0.175388,0.068077,0.040726,0.134382,0.025269,0.086187,0.002556,0.001188
0,0.04981,0.143025,-0.152162,0.063728,-0.185775,0.109877,0.000869,0.002496
0,0.075138,0.007148,0.039467,-0.159355,0.019769,-0.127215,0.001311,0.000125
0,0.028055,0.096167,-0.058035,0.073035,-0.077587,0.118154,0.00049,0.001678
0,0.119902,-0.095773,0.066827,-0.197805,0.079169,-0.194516,0.002093,0.001672
0,0.236588,-0.158131,0.109254,-0.088306,0.147253,-0.069003,0.001488,0.00276
0,0.109981,-0.128281,-0.11042,0.017228,-0.153861,0.029905,0.00192,0.002239
0,0.172675,-0.072606,0.066374,0.053827,0.022698,0.091411,0.002604,0.001267
0,0.196804,-0.032838,0.001567,0.041253,-0.006686,-0.00699,0.002183,0.000573
0,0.003866,-0.129545,-0.194776,-0.088984,-0.174575,-0.062079,6.7e-05,0.002261
0,0.186882,0.042252,0.192141,0.145874,0.20334,0.189389,0.002356,0.000737
0,0.224249,0.076109,0.036488,0.021942,0.010317,-0.02672,0.001704,0.001328
0,-0.037185,-0.076111,-0.246135,-0.148581,-0.241292,-0.161633,0.000649,0.001328
0,-0.100933,-0.026202,-0.04686,0.066695,-0.072435,0.019965,0.001762,0.000457
0,-0.095458,0.016648,0.027778,0.028916,0.040649,-0.00073,0.001666,0.000291
0,0.074344,0.168614,0.149546,0.173347,0.109937,0.188949,0.001298,0.002675
0,-0.052229,0.026813,-0.154627,-0.150354,-0.1786,-0.140463,0.000912,0.000468
0,0.181008,0.074243,0.232487,0.046753,0.281762,0.015405,0.002458,0.001296
0,-0.079981,0.021838,-0.250556,-0.05016,-0.229838,-0.003957,0.001396,0.000381
0,0.164965,-0.04298,0.26525,-0.072147,0.268761,-0.098141,0.002738,0.00075
0,0.191007,0.125913,0.046645,0.140614,0.071458,0.169674,0.002284,0.002198
0,-0.010714,-0.138148,-0.207111,-0.283063,-0.173453,-0.297781,0.000187,0.002411
0,0.110447,0.039271,0.123735,0.197036,0.091325,0.225685,0.001928,0.000685
0,0.068345,-0.107699,-0.02591,-0.131306,-0.009917,-0.146699,0.001193,0.00188
0,0.179894,0.076052,0.099033,0.181957,0.107488,0.14466,0.002478,0.001327
0,0.213914,0.017797,0.036368,-0.042282,0.033452,-0.056688,0.001884,0.000311
0,0.250863,0.003566,0.029709,0.000129,0.039237,0.000704,0.001239,6.2e-05
0,0.32536,-0.112161,0.061429,-0.095397,0.065292,-0.09217,6.1e-05,0.001958
0,0.369408,-0.030682,0.03746,0.105828,0.047797,0.080788,0.00083,0.000535
0,0.316606,-0.07861,-0.030168,-0.069361,-0.019596,-0.050729,9.2e-05,0.001372
0,0.31489,0.020646,-0.018329,0.113714,-0.003478,0.130586,0.000122,0.00036
0,0.133231,0.104195,-0.158983,0.06145,-0.172677,0.081076,0.002325,0.001819
0,0.075406,0.136414,-0.071586,0.020821,-0.102528,0.04471,0.001316,0.002381
0,0.261709,0.028517,0.188029,-0.096427,0.232899,-0.138038,0.00105,0.000498
0,0.157459,-0.027,-0.132312,-0.030454,-0.176985,-0.077092,0.002748,0.000471
0,0.113059,0.138126,-0.015039,0.168169,-0.020334,0.21334,0.001973,0.002411
0,0.265861,0.05684,0.131675,-0.096886,0.108963,-0.083008,0.000977,0.000992
0,0.153857,0.084817,-0.112428,0.037593,-0.126551,0.001417,0.002685,0.00148
0,0.210305,0.044678,0.03165,-0.011437,0.055234,-0.057494,0.001947,0.00078
0,0.021035,-0.038942,-0.208668,-0.064864,-0.187936,-0.024632,0.000367,0.00068
0,-0.007312,-0.029952,-0.009708,-0.005257,0.013359,-0.016531,0.000128,0.000523
0,-0.062231,-0.071355,-0.062918,-0.053161,-0.076463,-0.033923,0.001086,0.001245
0,-0.018823,-0.076741,0.071092,-0.032481,0.109593,0.002197,0.000329,0.001339
0,0.042348,-0.030115,0.072413,0.053227,0.034082,0.097749,0.000739,0.000526
0,0.085141,0.119449,0.063201,0.163208,0.091802,0.125674,0.001486,0.002085
0,0.172581,0.047448,0.06711,-0.08469,0.115758,-0.045967,0.002605,0.000828
0,0.093608,-0.109339,-0.098688,-0.140281,-0.128836,-0.104419,0.001634,0.001908
0,-0.053356,0.12228,-0.126745,0.236994,-0.156199,0.239214,0.000931,0.002134
0,0.137997,-0.064513,0.192044,-0.198691,0.161371,-0.213981,0.002409,0.001126
0,0.064825,-0.095355,-0.052054,-0.04427,-0.051597,-0.019016,0.001131,0.001664
0,0.193425,0.106505,0.137022,0.181438,0.166499,0.217288,0.002242,0.001859
0,0.097,-0.036037,-0.100141,-0.118593,-0.137568,-0.096723,0.001693,0.000629
0,0.099157,0.076273,0.005175,0.123131,0.033707,0.168087,0.001731,0.001331
0,0.028892,0.107398,-0.057544,0.032137,-0.051508,-0.009031,0.000504,0.001874
0,0.20878,-0.00133,0.185334,-0.098943,0.193478,-0.106882,0.001974,2.3e-05
0,0.262133,0.066009,0.0829,0.088162,0.041221,0.060124,0.001042,0.001152
0,0.217655,-0.123254,-0.022408,-0.171123,-0.040004,-0.187918,0.001819,0.002151
0,0.286793,0.101818,0.089715,0.247243,0.102067,0.268663,0.000612,0.001777
0,0.087304,-0.08483,-0.216885,-0.202402,-0.259079,-0.185375,0.001524,0.001481
0,0.177755,0.012839,0.09286,0.097205,0.098788,0.135316,0.002515,0.000224
0,0.075611,-0.05878,-0.093531,-0.087545,-0.114005,-0.125297,0.00132,0.001026
0,0.111387,-0.042577,0.059302,0.004139,0.104332,-0.03192,0.001944,0.000743
0,0.180195,0.055159,0.082859,0.082798,0.064573,0.053789,0.002473,0.000963
0,0.23619,-0.088243,0.029861,-0.147582,0.026207,-0.141108,0.001495,0.00154
0,0.184034,0.014369,-0.04723,0.119692,-0.05362,0.080721,0.002406,0.000251
0,0.207253,-0.066128,0.000742,-0.053076,-0.036602,-0.052596,0.002,0.001154
0,0.148123,-0.023293,-0.083218,0.021793,-0.10726,0.020417,0.002585,0.000407
0,0.226118,0.02305,0.082594,0.072389,0.12555,0.0888,0.001671,0.000402
0,0.146299,0.052029,-0.05336,0.019515,-0.030315,0.026115,0.002553,0.000908
0,0.269964,0.060102,0.100479,0.027875,0.126707,-0.00874,0.000906,0.001049
0,0.28664,-0.168086,0.02909,-0.208816,0.032039,-0.246098,0.000615,0.002684
0,0.286085,-0.095823,-0.016976,0.085566,-0.015495,0.08722,0.000624,0.001672
0,0.078307,-0.124556,-0.178732,-0.032126,-0.181287,0.008868,0.001367,0.002174
0,0.106627,-0.024496,0.033751,0.119145,0.015759,0.143693,0.001861,0.000428
0,0.007071,0.042452,-0.117375,0.081116,-0.120439,0.125509,0.000123,0.000741
0,0.219839,0.054968,0.225594,-0.001274,0.255293,-0.008039,0.001781,0.000959
0,0.161703,0.051871,-0.076877,-0.03239,-0.108565,0.010241,0.002795,0.000905
0,0.173829,-0.061891,-0.001642,-0.09162,0.038065,-0.092993,0.002584,0.00108
0,0.181087,-0.093976,0.028989,-0.010904,0.070524,-0.042637,0.002457,0.00164
0,0.120564,0.062472,-0.056283,0.179562,-0.030204,0.159195,0.002104,0.00109
0,0.087533,0.136255,-0.034793,0.080985,0.013015,0.088574,0.001528,0.002378
0,0.026007,0.129633,-0.067861,0.001474,-0.103036,0.010184,0.000454,0.002263
0,-0.027769,0.126991,-0.083021,0.005269,-0.094438,-0.040372,0.000485,0.002216
0,0.164086,-0.027976,0.182695,-0.163413,0.231356,-0.158807,0.002754,0.000488
0,-0.053823,0.103644,-0.247714,0.114438,-0.247908,0.15177,0.000939,0.001809
0,-0.043427,-0.105227,0.024988,-0.187717,0.023628,-0.233121,0.000758,0.001837
0,0.187197,-0.008884,0.21008,0.08595,0.250534,0.043946,0.00235,0.000155
0,0.205004,0.181658,-0.006059,0.195167,-0.017833,0.174106,0.00204,0.002447
0,-0.032622,-0.100262,-0.230725,-0.301423,-0.273871,-0.331935,0.000569,0.00175
0,0.10818,0.091402,0.119461,0.189546,0.158183,0.146371,0.001888,0.001595
0,-0.198832,0.076233,-0.314774,-0.007786,-0.332255,-0.048654,0.002147,0.001331
0,-0.084064,0.149033,0.087163,0.096131,0.050489,0.140129,0.001467,0.002601
0,0.01279,0.018242,0.080732,-0.104886,0.075953,-0.08892,0.000223,0.000318
0,-0.126411,0.054273,-0.122881,0.06498,-0.108574,0.053443,0.002206,0.000947
0,-0.081171,0.105506,0.037292,0.049178,0.059326,0.062442,0.001417,0.001841
0,0.006177,-0.020154,0.072714,-0.09833,0.064421,-0.092565,0.000108,0.000352
0,0.032401,0.085469,0.010744,0.109622,-0.007419,0.080891,0.000566,0.001492
0,0.110537,0.148116,0.074052,0.067001,0.099534,0.078055,0.001929,0.002585
0,0.119756,0.060359,0.015409,-0.081703,0.049775,-0.089813,0.00209,0.001053
0,0.112155,0.121875,-0.022514,0.056693,-0.001424,0.040369,0.001957,0.002127
0,0.075223,0.108299,-0.054617,-0.023203,-0.070195,-0.030378,0.001313,0.00189
0,-0.071067,-0.02695,-0.140439,-0.155463,-0.130991,-0.166238,0.00124,0.00047
0,0.127251,-0.060817,0.218896,-0.052437,0.248959,-0.007832,0.002221,0.001061
0,0.163424,0.168183,0.043598,0.213431,0.086184,0.201186,0.002765,0.002682
0,0.164986,0.006685,0.006175,-0.166895,0.002705,-0.209031,0.002738,0.000117
0,-0.079201,0.062781,-0.26751,0.049405,-0.231058,0.062122,0.001382,0.001096
0,0.136472,-0.026567,0.210374,-0.08562,0.213106,-0.087053,0.002382,0.000464
0,0.13261,0.032333,0.00643,0.062251,-0.014604,0.089188,0.002314,0.000564
0,0.067078,0.182338,-0.090105,0.16775,-0.127929,0.18403,0.001171,0.002435
0,0.022929,0.107022,-0.050787,-0.061022,-0.070531,-0.046696,0.0004,0.001868
0,0.070654,0.033199,0.071426,-0.102307,0.035158,-0.082083,0.001233,0.000579
0,0.219872,0.117251,0.173214,0.081133,0.217698,0.087405,0.00178,0.002046
0,0.215421,0.103018,0.014708,0.002624,0.00057,0.004929,0.001858,0.001798
0,0.108194,-0.085104,-0.131192,-0.208927,-0.093579,-0.202036,0.001888,0.001485
0,0.037702,-0.06221,-0.044825,-0.003858,-0.013369,-0.001537,0.000658,0.001086
0,0.069806,0.1304,0.008345,0.219373,-0.002057,0.182893,0.001218,0.002276
0,0.078083,-0.039921,-0.000539,-0.179635,0.032876,-0.132816,0.001363,0.000697
0,0.122314,0.059596,0.061503,0.122096,0.021418,0.110669,0.002135,0.00104
0,-0.021443,-0.097243,-0.135855,-0.139901,-0.164064,-0.160481,0.000374,0.001697
0,-0.001258,0.078235,0.020622,0.185699,-0.02907,0.146554,2.2e-05,0.001365
0,-0.024895,-0.013313,-0.037649,-0.094411,-0.032301,-0.072339,0.000435,0.000232
0,-0.044461,0.087269,-0.020277,0.107712,-0.030303,0.129456,0.000776,0.001523
0,0.051951,0.069959,0.123483,-0.033572,0.129869,-0.033801,0.000907,0.001221
0,-0.065705,0.069289,-0.093595,-0.003084,-0.102538,-0.022459,0.001147,0.001209
0,0.087897,-0.014379,0.171629,-0.064361,0.148726,-0.081297,0.001534,0.000251
0,0.011185,0.022417,-0.067741,0.014178,-0.02432,0.036657,0.000195,0.000391
0,0.112651,-0.010715,0.092402,-0.009492,0.138498,-0.042012,0.001966,0.000187
0,0.05196,0.117747,-0.035908,0.125504,-0.052136,0.17069,0.000907,0.002055
0,0.1225,-0.092477,0.043576,-0.182923,0.026761,-0.141955,0.002138,0.001614
0,0.107106,0.08619,0.013883,0.157475,-0.026911,0.138494,0.001869,0.001504
0,0.031385,-0.004283,-0.051731,-0.097825,-0.020849,-0.084173,0.000548,7.5e-05
0,0.07464,0.026552,0.065114,0.058998,0.112041,0.060634,0.001303,0.000463
0,0.018456,-0.005171,-0.077501,-0.024653,-0.109397,-0.059756,0.000322,9e-05
0,-0.090103,0.19991,-0.097337,0.195608,-0.129997,0.220901,0.001573,0.002128
0,-0.061546,-0.052011,0.027163,-0.27555,-0.012916,-0.322874,0.001074,0.000908
0,0.060318,-0.086477,0.098688,-0.012044,0.074227,0.004082,0.001053,0.001509
0,-0.186533,-0.071976,-0.258502,-0.009449,-0.253482,-0.056304,0.002362,0.001256
0,0.055176,-0.03544,0.221574,0.026114,0.174015,0.075251,0.000963,0.000619
0,-0.124978,0.161745,-0.164034,0.210829,-0.204824,0.260806,0.002181,0.002795
0,0.018716,0.003718,0.152294,-0.145055,0.11453,-0.117077,0.000327,6.5e-05
0,0.100007,0.039399,0.083565,0.011982,0.124025,-0.012046,0.001745,0.000688
0,-0.129269,0.059421,-0.241769,0.035821,-0.25293,0.029644,0.002256,0.001037
0,-0.003168,-0.082769,0.108306,-0.153901,0.062718,-0.198701,5.5e-05,0.001445
0,-0.180404,-0.028899,-0.166899,0.034196,-0.169166,0.052169,0.002469,0.000504
0,0.014253,0.129134,0.180987,0.165208,0.18057,0.207868,0.000249,0.002254
0,0.066614,0.083234,0.077002,-0.067287,0.08119,-0.06406,0.001163,0.001453
0,-0.044709,-0.073055,-0.127622,-0.130348,-0.155556,-0.108805,0.00078,0.001275
0,-0.030873,0.137757,0.042444,0.211437,0.059562,0.175999,0.000539,0.002404
0,-0.180922,0.184704,-0.161614,0.03415,-0.19576,0.016084,0.00246,0.002394
0,-0.103436,0.017782,0.081757,-0.171168,0.10744,-0.19786,0.001805,0.00031
0,-0.133565,0.089046,-0.01806,0.090292,0.009365,0.073588,0.002331,0.001554
0,-0.037231,0.125198,0.118785,0.019504,0.160808,0.011489,0.00065,0.002185
0,0.016028,0.162753,0.070104,0.063637,0.116318,0.021549,0.00028,0.002777
0,-0.115476,0.016552,-0.152397,-0.171168,-0.164526,-0.159889,0.002015,0.000289
0,-0.242994,-0.014975,-0.109664,-0.007452,-0.096845,-0.008762,0.001376,0.000261
0,-0.161655,-0.063594,0.10376,-0.040411,0.076057,-0.073992,0.002796,0.00111
0,-0.309487,0.045942,-0.126772,0.12638,-0.082036,0.083725,0.000216,0.000802
0,-0.307719,-0.129584,0.030801,-0.147267,-0.017057,-0.109986,0.000247,0.002262
0,-0.058219,-0.078151,0.263312,0.021885,0.302405,-0.01198,0.001016,0.001364
0,-0.179484,0.129548,-0.12866,0.217122,-0.153246,0.215193,0.002485,0.002261
0,-0.036502,0.018366,0.115522,-0.126347,0.0739,-0.154759,0.000637,0.000321
0,-0.01695,-0.031881,0.009527,-0.070728,0.043965,-0.040304,0.000296,0.000556
0,-0.053762,0.103108,-0.023467,0.122937,-0.001971,0.110134,0.000938,0.0018
0,-0.129729,-0.075494,-0.099019,-0.17657,-0.050312,-0.18418,0.002264,0.001318
0,-0.081173,0.076232,0.041073,0.140871,0.086218,0.116554,0.001417,0.00133
0,-0.090162,-0.036452,-0.017906,-0.115972,-0.00627,-0.156498,0.001574,0.000636
0,-0.121347,0.014668,-0.005917,0.080607,-0.038898,0.06163,0.002118,0.000256
0,0.118198,0.07224,0.222223,0.083861,0.263189,0.0432,0.002063,0.001261
0,0.068459,0.062443,-0.046845,-0.011271,-0.092842,-0.022391,0.001195,0.00109
0,0.175904,-0.036537,0.12026,-0.126129,0.105757,-0.124003,0.002547,0.000638
0,0.01093,0.054222,-0.189675,0.093216,-0.202826,0.131997,0.000191,0.000946
0,0.006656,-0.014731,0.000888,-0.078967,0.029827,-0.071517,0.000116,0.000257
0,-0.006932,-0.063653,-0.02768,-0.064744,-0.058673,-0.068852,0.000121,0.001111
0,0.082933,0.101764,0.111849,0.168034,0.13949,0.161107,0.001447,0.001776
0,-0.129373,0.024357,-0.240771,-0.063443,-0.193184,-0.058983,0.002258,0.000425
0,-0.115191,0.135294,0.007424,0.120101,0.044307,0.095354,0.00201,0.002361
0,-0.045486,0.089527,0.054019,-0.075412,0.019155,-0.077804,0.000794,0.001563
0,0.028654,-0.025975,0.091051,-0.112626,0.119678,-0.076674,0.0005,0.000453
0,0.160557,-0.104963,0.150946,-0.102522,0.172281,-0.115844,0.002802,0.001832
0,0.002737,-0.175987,-0.134895,-0.078808,-0.147617,-0.054604,4.8e-05,0.002546
0,-0.005286,-0.084578,0.009686,0.097167,0.039656,0.061157,9.2e-05,0.001476
0,-0.184049,-0.092907,-0.181727,0.000771,-0.197315,0.018639,0.002405,0.001622
0,-0.029506,-0.003703,0.173412,0.063199,0.178348,0.10296,0.000515,6.5e-05
0,-0.073784,-0.046888,-0.023911,-0.052452,-0.049699,-0.034827,0.001288,0.000818
0,-0.176371,-0.227141,-0.091984,-0.190552,-0.125192,-0.151644,0.002539,0.001653
0,0.069799,-0.026096,0.268095,0.211183,0.292866,0.253592,0.001218,0.000455
0,-0.038017,-0.21863,-0.122646,-0.209534,-0.114052,-0.191501,0.000664,0.001802
0,0.039454,-0.161817,0.062562,0.070469,0.03934,0.074476,0.000689,0.002793
0,-0.084915,-0.035815,-0.115349,0.155938,-0.090696,0.145138,0.001482,0.000625
0,0.16028,-0.099135,0.221488,-0.034209,0.191842,0.007052,0.002797,0.00173
0,-0.036098,-0.056666,-0.217982,0.062,-0.254218,0.026095,0.00063,0.000989
0,0.035827,0.014601,0.076896,0.067755,0.082136,0.059119,0.000625,0.000255
0,-0.02261,0.007548,-0.07228,-0.006244,-0.035019,-0.046027,0.000395,0.000132
0,-0.169469,-0.095154,-0.161792,-0.083786,-0.200909,-0.052284,0.00266,0.001661
0,-0.093293,-0.104141,0.082816,-0.034107,0.085228,-0.061044,0.001628,0.001818
0,-0.170392,-0.11871,-0.10669,-0.023292,-0.108611,0.025883,0.002644,0.002072
0,-0.170531,-0.086023,0.012485,0.036187,-0.020268,0.046866,0.002641,0.001501
0,0.050773,-0.041876,0.242609,0.033128,0.284546,0.071793,0.000886,0.000731
0,-0.167307,0.078103,-0.201244,0.093964,-0.19906,0.053791,0.002697,0.001363
0,-0.138575,0.132718,0.016185,0.042004,0.064092,0.088548,0.002419,0.002316
0,-0.102821,-0.046666,0.039389,-0.158025,0.056329,-0.177108,0.001795,0.000814
0,-0.011598,0.091395,0.103682,0.128359,0.077155,0.090303,0.000202,0.001595
0,0.055424,-0.126129,0.05439,-0.188108,0.099797,-0.206629,0.000967,0.002201
0,-0.081774,-0.094131,-0.151185,0.01319,-0.192521,-0.022906,0.001427,0.001643
0,0.075801,-0.100572,0.181119,0.022617,0.177681,0.017342,0.001323,0.001755
0,0.085993,0.045052,0.006072,0.126946,-0.022371,0.159054,0.001501,0.000786
0,-0.024248,0.124577,-0.122438,0.06391,-0.127736,0.02659,0.000423,0.002174
0,-0.061816,0.084672,-0.035452,-0.021529,-0.081914,0.021982,0.001079,0.001478
0,0.024442,-0.077791,0.063948,-0.149714,0.027237,-0.115093,0.000427,0.001358
0,0.043978,-0.099156,0.013611,-0.017798,-0.013133,0.00074,0.000768,0.001731
0,0.057924,-0.007822,0.002048,0.115139,-0.031295,0.139574,0.001011,0.000137
0,-0.23509,0.124171,-0.292622,0.123294,-0.251962,0.10746,0.001514,0.002167
0,-0.195523,0.05988,0.015088,-0.036394,0.01777,0.011989,0.002205,0.001045
0,-0.214654,0.162823,0.001857,0.079736,-0.034299,0.073256,0.001871,0.002776
0,-0.254799,0.066216,-0.044886,-0.125296,-0.07829,-0.173455,0.00117,0.001156
0,-0.213815,0.022988,0.062493,-0.030327,0.033151,-0.031344,0.001886,0.000401
0,-0.243903,0.106523,-0.030539,0.103315,-0.012662,0.064114,0.001361,0.001859
0,0.010453,0.055634,0.268583,-0.02461,0.261227,0.000789,0.000182,0.000971
0,-0.196672,-0.121134,-0.233083,-0.153015,-0.201592,-0.115225,0.002185,0.002114
0,-0.074189,0.113051,0.109248,0.260404,0.152259,0.248494,0.001295,0.001973
0,-0.036308,-0.167625,0.050804,-0.275811,0.020662,-0.253127,0.000634,0.002692
0,-0.159165,-0.120476,-0.141163,0.023852,-0.163128,0.025642,0.002778,0.002103
0,-0.119789,-6.8e-05,0.023989,0.108743,-0.010999,0.110819,0.002091,1e-06
0,-0.06726,0.027295,0.049553,0.040616,0.054744,-0.004833,0.001174,0.000476
0,-0.111793,-0.054375,-0.031526,-0.057169,-0.026661,-0.088363,0.001951,0.000949
0,-0.103554,0.079313,0.008299,0.146968,0.001283,0.163095,0.001807,0.001384
0,-0.315589,-0.094343,-0.194363,-0.172544,-0.191319,-0.141177,0.000109,0.001647
0,-0.367707,-0.180412,-0.064777,-0.077986,-0.058458,-0.093705,0.0008,0.002469
0,-0.042931,0.132047,0.31039,0.291731,0.261421,0.339417,0.000749,0.002305
0,-0.170442,-0.100123,-0.146729,-0.213556,-0.176451,-0.202227,0.002643,0.001747
0,0.008484,0.146219,0.162967,0.258109,0.210597,0.290342,0.000148,0.002552
0,-0.187986,0.122995,-0.207786,-0.028681,-0.243939,-0.050358,0.002337,0.002147
0,-0.068909,0.003693,0.112994,-0.098241,0.119638,-0.088616,0.001203,6.4e-05
0,-0.078009,0.106624,-0.005718,0.10692,-0.054393,0.118954,0.001362,0.001861
0,-0.172423,-0.087131,-0.110034,-0.19667,-0.105001,-0.171964,0.002608,0.001521
0,-0.02158,-0.042615,0.123034,0.035857,0.110273,0.015534,0.000377,0.000744
0,-0.041908,-0.054996,-0.022539,-0.008425,-0.015429,0.026704,0.000731,0.00096
0,-0.094013,0.134618,-0.065505,0.173941,-0.044262,0.204414,0.001641,0.00235
0,-0.053599,0.112411,0.061927,-0.017231,0.028596,-0.031697,0.000935,0.001962
0,-0.278501,0.026866,-0.221729,-0.07072,-0.19892,-0.098419,0.000757,0.000469
0,-0.062525,-0.076104,0.194394,-0.104772,0.175113,-0.07797,0.001091,0.001328
0,0.024429,0.155488,0.065667,0.20561,0.097141,0.161325,0.000426,0.002714
0,-0.02294,0.049405,-0.023796,-0.108338,0.014168,-0.059444,0.0004,0.000862
0,-0.04917,-0.125653,-0.008123,-0.166799,-0.044484,-0.12592,0.000858,0.002193
0,-0.088396,-0.000479,-0.020997,0.112258,-0.021283,0.130948,0.001543,8e-06
0,-0.054756,0.009486,0.056139,0.013372,0.014755,-0.034026,0.000956,0.000166
0,-0.199971,-0.046331,-0.158936,-0.055557,-0.110399,-0.019188,0.002127,0.000809
0,-0.21268,-0.068,-0.011179,-0.029817,0.017391,-0.018907,0.001906,0.001187
0,-0.208051,-0.146707,-0.009341,-0.055188,-0.00483,-0.019976,0.001986,0.002561
0,-0.145865,0.126134,0.051904,0.246152,0.012307,0.259035,0.002546,0.002201
0,0.00333,-0.087338,0.123846,-0.209685,0.102209,-0.215618,5.8e-05,0.001524
0,0.027467,-0.068715,0.039412,0.045336,0.03499,0.067363,0.000479,0.001199
0,-0.044819,-0.133267,-0.061487,-0.038876,-0.08614,0.001301,0.000782,0.002326
0,-0.06451,-0.135462,-0.023969,-0.004901,-0.015784,-0.03958,0.001126,0.002364
0,-0.135102,0.028689,-0.044538,0.185753,-0.005935,0.222706,0.002358,0.000501
0,0.072374,0.067225,0.203624,0.017876,0.207152,-0.021107,0.001263,0.001173
0,0.187726,0.075486,0.138436,-0.007072,0.184537,-0.030269,0.002341,0.001317
0,0.111172,-0.132761,-0.052343,-0.188476,-0.080403,-0.138701,0.00194,0.002317
0,0.045718,-0.118398,-0.080071,0.039156,-0.048887,-0.000367,0.000798,0.002066
0,-0.093664,0.034453,-0.118546,0.164143,-0.165451,0.143209,0.001635,0.000601
0,-0.118805,-0.029692,-0.023192,-0.044592,-0.028433,-0.004979,0.002074,0.000518
0,-0.101762,0.055469,0.03401,0.09398,0.003759,0.068627,0.001776,0.000968
0,-0.024634,0.117891,0.073484,0.05276,0.093582,0.026555,0.00043,0.002058
0,0.078674,0.013292,0.074365,-0.13111,0.076936,-0.142056,0.001373,0.000232
0,0.070504,-0.114622,0.014672,-0.10354,0.02832,-0.071904,0.001231,0.002001
0,0.064527,-0.021826,-0.027429,0.102671,-0.042693,0.060596,0.001126,0.000381
0,-0.038357,0.143213,-0.099503,0.167092,-0.109858,0.204541,0.000669,0.0025
0,0.041407,0.038144,0.093777,-0.087959,0.066842,-0.047004,0.000723,0.000666
0,0.007065,0.004727,-0.054046,-0.037543,-0.02052,-0.077065,0.000123,8.3e-05
0,-0.035668,-0.12925,-0.031643,-0.109271,0.017861,-0.076781,0.000623,0.002256
0,-0.001458,-0.0174,0.057596,0.111376,0.079631,0.099436,2.5e-05,0.000304
0,-0.058936,-0.116861,-0.059398,-0.074692,-0.054519,-0.104133,0.001029,0.00204
0,-0.037628,-0.040055,0.031479,0.077053,0.061469,0.035315,0.000657,0.000699
0,0.020124,-0.136522,0.045168,-0.118893,0.010512,-0.113044,0.000351,0.002383
0,-0.146792,0.100315,-0.173547,0.26606,-0.169759,0.281101,0.002562,0.001751
0,0.027499,0.086845,0.175531,-0.032053,0.135449,-0.053338,0.00048,0.001516
0,-0.021679,0.064364,-0.02511,-0.026738,-0.036894,-0.050222,0.000378,0.001123
0,-0.055584,0.07107,-0.040682,0.026922,-0.081806,-0.019186,0.00097,0.00124
0,-0.124501,-0.076674,-0.03982,-0.123285,-0.021563,-0.172807,0.002173,0.001338
0,-0.061198,0.043182,0.083084,0.122212,0.121003,0.157194,0.001068,0.000754
0,-0.060468,-0.132574,0.024438,-0.168054,0.014161,-0.173493,0.001055,0.002314
0,-0.060409,-0.069207,0.024849,0.044077,0.018565,0.081183,0.001054,0.001208
0,0.03252,-0.062455,0.070088,0.028457,0.090227,0.016871,0.000568,0.00109
0,-0.055988,-0.110496,-0.111426,-0.035821,-0.144961,-0.085102,0.000977,0.001929
0,-0.011103,0.104581,0.026122,0.24016,0.023143,0.210439,0.000194,0.001825
0,0.160525,0.044693,0.191055,-0.075456,0.21545,-0.083582,0.002802,0.00078
0,0.034075,-0.043407,-0.113471,-0.091108,-0.158224,-0.096463,0.000595,0.000758
0,0.015611,-0.190978,-0.012816,-0.165262,0.007697,-0.155996,0.000272,0.002284
0,-0.018858,-0.094383,-0.037898,0.093775,-0.038507,0.115773,0.000329,0.001647
0,-0.156931,0.040279,-0.165783,0.111975,-0.214051,0.069099,0.002739,0.000703
0,-0.146432,0.072702,-0.006782,0.028236,-0.046929,0.073081,0.002556,0.001269
0,-0.061305,-0.037231,0.059275,-0.083994,0.089281,-0.098445,0.00107,0.00065
0,0.006648,0.056009,0.050136,0.086034,0.000554,0.048831,0.000116,0.000978
0,-0.142715,-0.04631,-0.128958,-0.084566,-0.088783,-0.065925,0.002491,0.000808
0,-0.190766,0.068799,-0.061393,0.122129,-0.01159,0.096533,0.002288,0.001201
0,-0.063224,-0.152107,0.130495,-0.208316,0.101491,-0.168535,0.001103,0.002655
0,-0.029929,0.051989,0.052306,0.220055,0.071194,0.249903,0.000522,0.000907
0,-0.260187,-0.09094,-0.240584,-0.124932,-0.190896,-0.128293,0.001076,0.001587
0,0.007327,0.065499,0.256764,0.127538,0.237601,0.098813,0.000128,0.001143
0,-0.228693,0.115786,-0.234132,0.059043,-0.246825,0.048626,0.001626,0.002021
0,-0.199805,0.190056,0.016822,0.044639,0.021216,0.08829,0.00213,0.0023
0,-0.225947,0.012969,-0.010693,-0.164778,-0.004432,-0.144482,0.001674,0.000226
0,-0.019247,-0.020874,0.200652,-0.00903,0.249168,0.026667,0.000336,0.000364
0,0.022647,-0.069087,0.049966,-0.028018,0.08895,-0.027574,0.000395,0.001206
0,-0.183539,0.08615,-0.197507,0.16261,-0.185278,0.186104,0.002414,0.001504
0,-0.015227,-0.034482,0.142868,-0.102954,0.175483,-0.108144,0.000266,0.000602
0,-0.211627,0.058382,-0.180643,0.105414,-0.225909,0.085782,0.001924,0.001019
0,-0.185252,0.054219,0.006794,-0.001965,0.047349,-0.028354,0.002384,0.000946
0,-0.142304,0.135828,0.0213,0.109909,-0.013374,0.09927,0.002484,0.002371
0,-0.200618,-0.094939,-0.068282,-0.21505,-0.04603,-0.248222,0.002116,0.001657
0,-0.267757,-0.112675,-0.046324,0.002593,-0.089944,0.038578,0.000944,0.001967
0,-0.279383,0.003828,-0.026798,0.104856,-0.066098,0.076682,0.000741,6.7e-05
0,-0.191348,-0.014383,0.072584,-0.025371,0.030151,0.008366,0.002278,0.000251
0,-0.211521,0.07327,0.001271,0.115961,0.009809,0.144811,0.001926,0.001279
0,-0.226328,0.122266,0.007449,0.04218,0.03931,0.014472,0.001667,0.002134
0,-0.003682,-0.040059,0.237494,-0.171714,0.212117,-0.180984,6.4e-05,0.000699
0,-0.104332,-0.091954,-0.075754,-0.028382,-0.117346,-0.056111,0.001821,0.001605
0,-0.244402,-0.137187,-0.119402,-0.055187,-0.095969,-0.020513,0.001352,0.002394
0,-0.243264,-0.072399,-0.028073,0.078953,0.015471,0.030232,0.001372,0.001264
0,-0.157731,-0.144839,0.115328,-0.080167,0.126488,-0.125111,0.002753,0.002528
0,-0.217194,0.02438,-0.056747,0.192571,-0.030589,0.178275,0.001827,0.000426
0,-0.122014,-0.167544,0.120004,-0.20224,0.085454,-0.205558,0.00213,0.002693
0,-0.030209,-0.083842,0.07896,0.092223,0.074746,0.111393,0.000527,0.001463
0,-0.084202,-0.135716,-0.048371,-0.061527,-0.042175,-0.106733,0.00147,0.002369
0,-0.14475,0.075217,-0.074405,0.191204,-0.123259,0.219983,0.002526,0.001313
0,-0.11132,0.117192,0.01453,0.064864,0.049309,0.110558,0.001943,0.002045
0,0.140772,-0.012197,0.229251,-0.14453,0.254923,-0.100606,0.002457,0.000213
0,0.003845,0.087427,-0.132994,0.090822,-0.153622,0.07336,6.7e-05,0.001526
0,0.067882,0.049378,0.072483,-0.035792,0.078546,-0.075619,0.001185,0.000862
0,0.168942,0.140016,0.092239,0.062694,0.077311,0.072726,0.002669,0.002444
0,0.187283,0.148838,0.040493,0.012819,0.083592,0.002632,0.002349,0.002598
0,-0.082259,0.040507,-0.279225,-0.120615,-0.296465,-0.127808,0.001436,0.000707
0,-0.068834,0.142006,0.005501,0.082425,0.013346,0.097666,0.001201,0.002478
0,-0.010794,0.030411,0.074879,-0.108903,0.025466,-0.141167,0.000188,0.000531
0,-0.017599,0.058498,-0.033897,0.022881,-0.041838,0.045925,0.000307,0.001021
0,-0.161604,-0.009262,-0.153963,-0.081697,-0.201803,-0.093107,0.002797,0.000162
0,-0.18432,0.058516,-0.014677,0.065156,-0.018939,0.072375,0.002401,0.001021
0,0.082053,0.120604,0.254188,0.033502,0.262501,-0.014791,0.001432,0.002105
0,-0.145136,0.008576,-0.236327,-0.140083,-0.215673,-0.103932,0.002533,0.00015
0,-0.053079,0.006647,0.1088,-0.019204,0.102758,-0.032612,0.000926,0.000116
0,-0.068891,0.005002,-0.022894,-0.005768,-0.057669,0.015683,0.001202,8.7e-05
0,-0.119403,-0.021278,-0.023716,-0.032411,-0.053275,0.009403,0.002084,0.000371
0,-0.016435,-0.030226,0.090223,0.008459,0.087137,-0.039733,0.000287,0.000528
0,-0.186307,0.056262,-0.15422,0.092246,-0.147457,0.130199,0.002366,0.000982
0,0.005953,-0.179913,0.212642,-0.245158,0.261396,-0.255409,0.000104,0.002477
0,-0.105525,-0.014825,-0.135304,0.194978,-0.13306,0.161566,0.001842,0.000259
0,0.149204,-0.034285,0.224794,-0.016993,0.189367,-0.0295,0.002604,0.000598
0,0.029183,0.012689,-0.120514,0.065,-0.160779,0.08811,0.000509,0.000221
0,-2.368276,-0.909585,-2.395678,-0.93341,-2.382457,-0.975319,0.002012,0.000977
0,-2.823686,-1.516123,-0.459534,-0.628778,-0.485289,-0.580323,0.001275,0.001626
0,-4.135261,-1.899286,-1.314456,-0.355363,-1.307888,-0.371831,0.000854,0.000556
0,-3.945452,-1.799986,0.190806,0.127142,0.171837,0.129438,0.001451,0.002289
0,-3.038106,-1.334739,0.886617,0.45299,0.934808,0.417946,0.002467,0.000826
0,-2.049252,-1.196314,1.005615,0.140724,1.033464,0.135283,0.002061,0.00159
0,-1.439786,-0.910269,0.637188,0.289988,0.63973,0.294646,0.002659,0.000965
0,-0.905562,-0.5546,0.528089,0.348425,0.570342,0.344474,0.001047,0.001555
0,-0.921984,-0.357361,-0.008828,0.181262,-0.039952,0.220876,0.000761,0.002106
0,-0.453031,-0.312884,0.497207,0.071003,0.537477,0.050497,0.002289,0.002106
0,-0.239733,-0.273685,0.225703,0.019338,0.273837,0.066797,0.001433,0.002106
0,0.191895,-0.106036,0.456055,0.156173,0.433145,0.204932,0.002268,0.002106
0,0.241135,0.046167,0.067638,0.173868,0.103541,0.152991,0.001409,0.002106
0,0.243241,0.107215,-0.021242,0.041931,0.008399,0.046382,0.001372,0.002106
0,0.000728,-0.142102,-0.220898,-0.25955,-0.233527,-0.278353,1.3e-05,0.002106
0,0.085231,0.036024,0.078118,0.195001,0.044892,0.183534,0.001488,0.002106
0,0.040768,0.031554,-0.034373,0.004312,-0.027948,-0.017849,0.000712,0.002106
0,-0.045356,-0.028443,-0.071671,-0.038041,-0.027003,-0.017426,0.000792,0.002106
0,0.075004,-0.066031,0.139024,-0.056113,0.187982,-0.055081,0.001309,0.002106
0,-0.006492,-0.065037,-0.099899,0.02628,-0.089902,0.025152,0.000113,0.002106
0,0.122781,0.052852,0.153647,0.13345,0.111913,0.101344,0.002143,0.002106
0,0.116547,0.05037,0.014835,-0.017708,0.003082,-0.034824,0.002034,0.002106
0,0.08968,0.008895,0.002285,-0.024337,0.022861,0.016583,0.001565,0.002106
0,0.08866,-0.049412,-0.030418,-0.050733,-0.007821,-0.07406,0.001547,0.002106
0,-0.02052,0.098168,-0.135249,0.142206,-0.162355,0.168785,0.000358,0.002106
0,0.139168,0.151235,0.169512,0.050216,0.200964,0.079371,0.002429,0.00264
0,0.074099,0.180045,-0.039281,0.041628,-0.054795,0.070808,0.001293,0.002475
0,0.12048,0.028443,0.02277,-0.161503,-0.003638,-0.197037,0.002103,0.000496
0,-0.024021,-0.025763,-0.121708,-0.037584,-0.111539,-0.001869,0.000419,0.00045
0,0.033488,0.009452,0.054793,0.033924,0.01658,0.037152,0.000584,0.000165
0,0.079869,-0.077029,0.073698,-0.096145,0.024532,-0.052568,0.001394,0.001344
0,0.003927,0.089274,-0.048946,0.14643,-0.075381,0.164727,6.9e-05,0.001558
0,0.047012,0.115037,0.034853,0.0143,0.040788,0.063331,0.000821,0.002008
0,-0.03487,0.047297,-0.108434,-0.058965,-0.146536,-0.077563,0.000609,0.000825
0,0.155825,0.015073,0.20739,-0.060375,0.193055,-0.10162,0.00272,0.000263
0,0.059113,-0.003946,-0.069202,-0.006734,-0.026307,-0.010792,0.001032,6.9e-05
0,0.108199,-0.072162,0.069544,-0.068224,0.036205,-0.112721,0.001888,0.001259
0,0.10431,0.108185,-0.008215,0.162558,0.017439,0.125377,0.001821,0.001888
0,-0.112614,0.016481,-0.239365,-0.089209,-0.2452,-0.090808,0.001965,0.000288
0,0.015821,-0.152978,0.111319,-0.141405,0.076693,-0.131431,0.000276,0.00267
0,-0.062909,-0.124348,-0.057906,0.019275,-0.044266,0.038204,0.001098,0.00217
0,-0.030461,-0.053344,0.032086,0.076822,0.05665,0.033898,0.000532,0.000931
0,0.002815,-0.039615,0.053414,0.005635,0.090674,0.00665,4.9e-05,0.000691
0,0.038229,-0.098395,0.049348,-0.072272,0.076498,-0.07826,0.000667,0.001717
0,-0.056108,0.10398,-0.071825,0.199631,-0.035534,0.15572,0.000979,0.001815
0,0.011498,0.162617,0.078787,0.068676,0.087431,0.090394,0.000201,0.002779
0,0.105109,0.090176,0.068851,-0.060059,0.085224,-0.097226,0.001834,0.001574
0,0.112952,0.14192,0.027928,0.0713,0.017143,0.116013,0.001971,0.002477
0,0.124658,-0.005226,0.008808,-0.126448,0.010407,-0.114221,0.002176,9.1e-05
0,0.057086,0.00262,-0.07565,0.024117,-0.042433,0.070807,0.000996,4.6e-05
0,-0.0462,0.024014,-0.091922,0.042029,-0.091839,0.06303,0.000806,0.000419
0,-0.012635,0.049686,0.032605,0.042728,0.075908,0.033568,0.000221,0.000867
0,-0.069844,0.016418,-0.082188,-0.043544,-0.051014,-0.073065,0.001219,0.000287
0,-0.095462,0.154251,-0.038619,0.116399,-0.042968,0.151645,0.001666,0.002692
0,-0.051641,-0.045017,0.046119,-0.210538,0.051728,-0.204554,0.000901,0.000786
0,-0.087264,0.015361,-0.042321,0.090175,0.006739,0.099147,0.001523,0.000268
0,0.07471,0.124985,0.173965,0.082681,0.169825,0.095309,0.001304,0.002181
0,-0.060451,-0.045848,-0.140948,-0.151027,-0.113371,-0.104997,0.001055,0.0008
0,0.039017,0.093831,0.112028,0.155332,0.12897,0.161284,0.000681,0.001638
0,0.07813,0.081854,0.02106,-0.017935,0.070605,-0.005574,0.001364,0.001429
0,-0.115799,0.171259,-0.202718,0.065029,-0.168386,0.021834,0.002021,0.002628
0,0.123016,0.035109,0.225053,-0.136615,0.263454,-0.149726,0.002147,0.000613
0,-0.055758,-0.048034,-0.183155,-0.060945,-0.216181,-0.055211,0.000973,0.000838
0,0.066514,0.175879,0.101541,0.238779,0.08785,0.208294,0.001161,0.002548
0,-0.075337,0.011243,-0.125883,-0.146907,-0.077179,-0.119049,0.001315,0.000196
0,-0.096738,0.110414,-0.035899,0.093827,-0.003765,0.112729,0.001688,0.001927
0,0.055175,-0.039871,0.171122,-0.152135,0.179993,-0.163471,0.000963,0.000696
0,0.207452,-0.040547,0.14715,0.013702,0.105997,0.061896,0.001997,0.000708
0,0.01986,-0.079364,-0.194767,-0.041574,-0.220868,-0.078681,0.000347,0.001385
0,0.164198,-0.005561,0.158129,0.091721,0.144823,0.141017,0.002752,9.7e-05
0,0.163565,-0.112397,0.025424,-0.082615,-0.014285,-0.05747,0.002763,0.001962
0,0.093239,0.139141,-0.047173,0.268589,0.001264,0.271695,0.001627,0.002428
0,-0.179308,0.081877,-0.260551,-0.078644,-0.30847,-0.10833,0.002488,0.001429
0,0.085894,-0.072295,0.289055,-0.183088,0.314538,-0.21818,0.001499,0.001262
0,-0.106734,0.054917,-0.205482,0.152224,-0.235903,0.16321,0.001863,0.000958
0,-0.084142,0.089365,0.031965,0.023363,0.063481,0.017601,0.001469,0.00156
0,0.192315,0.15366,0.267277,0.048636,0.245341,0.045023,0.002261,0.002682
0,-0.067233,-0.038969,-0.232338,-0.217194,-0.213824,-0.257057,0.001173,0.00068
0,-0.002936,0.127518,0.073749,0.176179,0.040442,0.212792,5.1e-05,0.002226
0,0.042308,0.071755,0.017169,-0.063644,0.026411,-0.048652,0.000738,0.001252
0,0.03087,0.145608,-0.039436,0.091226,-0.050149,0.110485,0.000539,0.002541
0,-0.060733,0.133137,-0.096834,-0.027914,-0.051887,-0.029065,0.00106,0.002324
0,0.066849,-0.122355,0.151229,-0.236227,0.136942,-0.236307,0.001167,0.002135
0,0.023453,0.118605,-0.04928,0.258747,-0.025656,0.268008,0.000409,0.00207
0,0.028461,0.151802,-0.01227,0.049191,0.013698,0.044899,0.000497,0.002649
0,0.222088,-0.118685,0.172876,-0.286552,0.131747,-0.334326,0.001741,0.002071
0,-0.034802,0.063653,-0.271466,0.206498,-0.28817,0.2404,0.000607,0.001111
0,0.063875,0.053467,0.092359,-0.020247,0.09908,-0.067354,0.001115,0.000933
0,0.170738,-0.083471,0.123928,-0.15796,0.157877,-0.206357,0.002638,0.001457
0,0.202512,0.038108,0.049767,0.138926,0.009321,0.116747,0.002083,0.000665
0,0.066228,-0.106041,-0.154883,-0.165356,-0.141598,-0.199138,0.001156,0.001851
0,-0.000241,0.023258,-0.086509,0.121694,-0.11408,0.159628,4e-06,0.000406
0,0.20144,0.05169,0.188614,0.036518,0.171116,0.08451,0.002102,0.000902
0,0.150269,-0.055603,-0.053265,-0.121944,-0.085459,-0.143902,0.002623,0.00097
0,0.313299,0.100688,0.152813,0.167704,0.129792,0.195916,0.000149,0.001757
0,0.197671,0.094092,-0.111424,0.002086,-0.084795,-0.039065,0.002167,0.001642
0,0.092913,0.086706,-0.078344,-0.020283,-0.033474,0.026935,0.001622,0.001513
0,0.203039,-0.023769,0.101062,-0.09079,0.131309,-0.075313,0.002074,0.000415
0,0.114562,-0.114922,-0.087659,-0.115886,-0.107357,-0.084518,0.001999,0.002006
0,-0.03045,0.154998,-0.160793,0.26648,-0.146263,0.267855,0.000531,0.002705
0,0.083573,0.102079,0.131022,-0.070438,0.113223,-0.050004,0.001459,0.001782
0,0.032499,0.155174,-0.057182,0.046342,-0.080936,0.024159,0.000567,0.002708
0,0.10916,0.018808,0.067641,-0.129027,0.072277,-0.08877,0.001905,0.000328
0,0.023216,-0.096242,-0.076588,-0.09754,-0.121148,-0.129794,0.000405,0.00168
0,-0.0371,-0.129181,-0.04546,-0.028806,-0.07667,-0.037285,0.000648,0.002255
0,-0.021542,-0.07214,0.006692,0.053643,-0.032323,0.07136,0.000376,0.001259
0,-0.014345,0.001088,0.027683,0.056511,0.046858,0.079743,0.00025,1.9e-05
0,0.13537,-0.089652,0.171422,-0.120462,0.178021,-0.116743,0.002363,0.001565
0,0.035319,-0.079697,-0.101221,-0.004937,-0.146635,3.3e-05,0.000616,0.001391
0,0.143225,-0.122572,0.093984,-0.060457,0.06741,-0.027591,0.0025,0.002139
0,-0.067087,-0.091526,-0.20507,0.039644,-0.170014,-0.008837,0.001171,0.001597
0,-0.120717,0.067345,-0.058252,0.135567,-0.062764,0.184784,0.002107,0.001175
0,0.114718,0.020034,0.255906,-0.073651,0.303214,-0.108239,0.002002,0.00035
0,0.080416,0.044421,-0.01984,0.023991,0.011942,-0.02187,0.001404,0.000775
0,0.104763,0.004202,0.030686,-0.026268,0.074743,-0.028836,0.001828,7.3e-05
0,-0.020348,0.129308,-0.136857,0.151314,-0.154726,0.153066,0.000355,0.002257
0,-0.012811,0.011613,0.027726,-0.128918,-0.018951,-0.094085,0.000224,0.000203
0,-0.002035,0.148925,0.018281,0.127521,-0.006301,0.083401,3.6e-05,0.002599
0,0.108338,-0.038669,0.13197,-0.215252,0.154465,-0.202963,0.001891,0.000675
0,-0.047407,-0.036998,-0.128642,-0.027409,-0.131444,-0.042938,0.000827,0.000646
0,-0.056747,0.167782,-0.016536,0.177231,0.033447,0.193957,0.00099,0.002689
0,-0.162759,-0.081236,-0.131781,-0.251913,-0.106638,-0.258662,0.002777,0.001418
0,0.008635,0.100944,0.197282,0.169441,0.163874,0.134305,0.000151,0.001762
0,-0.138613,-0.053423,-0.138251,-0.160118,-0.121111,-0.125474,0.002419,0.000932
0,-0.002141,0.016838,0.112458,0.097193,0.120118,0.05481,3.7e-05,0.000294
0,-0.016318,0.019458,0.00226,-0.026254,0.015245,-0.035493,0.000285,0.00034
0,-0.03082,-0.018947,-0.007341,-0.010941,-0.042077,-0.003818,0.000538,0.000331
0,-0.024197,-0.02583,0.000103,-0.030213,-0.005691,-0.071074,0.000422,0.000451
0,0.055638,0.077348,0.088127,0.092214,0.06269,0.063765,0.000971,0.00135
0,0.023933,-0.002251,-0.021933,-0.084829,-0.03741,-0.051089,0.000418,3.9e-05
0,-0.072775,0.112711,-0.080472,0.142897,-0.126281,0.136175,0.00127,0.001967
0,-0.177704,0.145771,-0.102939,0.053042,-0.142735,0.009161,0.002516,0.002544
0,0.023074,0.163486,0.184505,0.031217,0.216501,0.020364,0.000403,0.002764
0,0.102336,0.014986,0.084431,-0.151056,0.104206,-0.107265,0.001786,0.000262
0,0.109902,0.005347,-0.00962,-0.018617,0.018436,-0.034262,0.001918,9.3e-05
0,0.114019,0.032313,0.01937,0.008006,-0.027153,-0.028688,0.00199,0.000564
0,-0.046384,-0.017472,-0.137633,-0.029577,-0.18114,-0.00306,0.00081,0.000305
0,-0.204563,0.148958,-0.15394,0.13718,-0.131007,0.101454,0.002047,0.0026
0,-0.140362,0.127373,0.049146,-0.01043,0.060601,-0.033784,0.00245,0.002223
0,-0.058381,0.057057,0.085144,-0.075884,0.090297,-0.109561,0.001019,0.000996
0,-0.249529,0.027415,-0.187012,-0.00236,-0.20956,0.008244,0.001262,0.000478
0,0.034723,0.156037,0.291735,0.10857,0.241788,0.08791,0.000606,0.002723
0,-0.090977,0.127694,-0.120053,-0.033752,-0.125405,0.004181,0.001588,0.002229
0,-0.124056,0.129518,-0.030305,0.002327,-0.056489,-0.009563,0.002165,0.002261
0,0.002289,0.146064,0.100128,0.043997,0.096787,0.073491,4e-05,0.002549
0,-0.33447,0.042926,-0.341958,-0.131659,-0.312463,-0.144265,0.00022,0.000749
0,-0.141164,-0.042942,0.170926,-0.080681,0.135657,-0.07934,0.002464,0.000749
0,-0.246756,0.092966,-0.117493,0.150798,-0.143968,0.11271,0.001311,0.001623
0,-0.286509,0.085989,-0.069424,-0.035317,-0.057954,-0.038134,0.000617,0.001501
0,-0.079393,0.037457,0.219889,-0.043852,0.199236,0.000445,0.001386,0.000654
0,-0.189851,-0.12564,-0.112438,-0.13565,-0.151941,-0.157536,0.002304,0.002193
0,-0.287174,-0.028505,-0.109741,0.122987,-0.095078,0.10517,0.000605,0.000498
0,-0.252186,0.049468,0.042714,0.101625,0.019161,0.120473,0.001216,0.000863
0,-0.212048,-0.135326,0.02719,-0.197558,0.070958,-0.179257,0.001917,0.002362
0,-0.323616,0.115556,-0.094605,0.240134,-0.093655,0.231514,3.1e-05,0.002017
0,-0.385678,-0.085018,-0.073195,-0.218859,-0.073943,-0.212148,0.001114,0.001484
0,-0.193722,-0.004363,0.194874,0.088357,0.191188,0.088004,0.002236,7.6e-05
0,-0.098086,-0.047328,0.093454,-0.057751,0.132995,-0.012757,0.001712,0.000826
0,-0.157446,-0.041774,-0.084926,-0.013209,-0.037579,0.030783,0.002748,0.000729
0,-0.065949,0.002914,0.067077,0.05745,0.098568,0.100901,0.001151,5.1e-05
0,-0.273957,-0.059967,-0.20801,-0.07304,-0.191997,-0.106004,0.000836,0.001047
0,-0.131369,-0.100931,0.154735,-0.044648,0.156181,-0.021152,0.002293,0.001762
0,-0.056163,-0.101461,0.052317,0.013966,0.10068,0.037468,0.00098,0.001771
0,0.002323,-0.111725,0.04341,0.003604,0.080272,-0.043477,4.1e-05,0.00195
0,-0.175486,0.087836,-0.159,0.205523,-0.12751,0.188346,0.002555,0.001533
0,-0.060352,0.083034,0.102831,-0.0032,0.074456,-0.038726,0.001053,0.001449
0,-0.114688,-0.100849,-0.033895,-0.20729,-0.029791,-0.212631,0.002002,0.00176
0,-0.078721,0.107426,0.013286,0.181984,-0.000847,0.222507,0.001374,0.001875
0,-0.099903,-0.057298,-0.051008,-0.163992,-0.030207,-0.187498,0.001744,0.001
0,-8.1e-05,-0.112629,0.076118,-0.068387,0.124228,-0.03529,1e-06,0.001966
0,-0.019945,-0.09831,-0.008808,0.016244,-0.0436,0.029006,0.000348,0.001716
0,-0.183372,0.073374,-0.155872,0.179998,-0.161079,0.203687,0.002417,0.001281
0,-0.093567,0.140053,0.093955,0.040811,0.054742,0.066491,0.001633,0.002444
0,0.062286,0.088839,0.149167,-0.077137,0.100868,-0.093641,0.001087,0.001551
0,-0.129295,0.066624,-0.196638,-0.009259,-0.207853,0.003499,0.002257,0.001163
0,0.021583,0.090534,0.144776,-0.005501,0.122657,-0.014062,0.000377,0.00158
0,0.090247,0.001103,0.062875,-0.096016,0.070311,-0.064406,0.001575,1.9e-05
0,-0.013313,-0.017506,-0.11978,-0.041917,-0.147268,-0.018585,0.000232,0.000306
0,0.027204,0.0021,0.035464,0.018161,0.032698,-0.012145,0.000475,3.7e-05
0,-0.096174,0.103088,-0.104314,0.118071,-0.084455,0.1086,0.001679,0.001799
0,0.020914,-0.097495,0.111673,-0.205379,0.126366,-0.246952,0.000365,0.001702
0,-0.165553,0.042744,-0.175034,0.145492,-0.128624,0.17769,0.002728,0.000746
0,0.015775,-0.017296,0.157392,-0.043404,0.156853,0.003762,0.000275,0.000302
0,-0.193958,-0.10771,-0.226582,-0.063105,-0.248888,-0.027538,0.002232,0.00188
0,-0.014936,-0.014386,0.186609,0.070839,0.13897,0.10185,0.000261,0.000251
0,0.059799,0.027221,0.078869,0.02632,0.060131,0.072477,0.001044,0.000475
0,-0.153414,-0.025489,-0.210684,-0.056473,-0.179057,-0.025048,0.002678,0.000445
0,-0.024182,-0.126254,0.143852,-0.092625,0.159016,-0.138998,0.000422,0.002204
0,-0.104871,-0.074016,-0.085227,0.081371,-0.076414,0.092371,0.00183,0.001292
0,-0.134693,-0.045432,-0.012196,0.028193,0.033893,0.05398,0.002351,0.000793
0,0.074684,-0.234811,0.205266,-0.185422,0.241618,-0.231311,0.001303,0.001519
0,-0.132311,-0.207132,-0.235835,0.043962,-0.214053,0.078046,0.002309,0.002002
0,-0.226472,-0.009265,-0.101626,0.169153,-0.074075,0.150522,0.001665,0.000162
0,-0.170522,0.025312,0.064144,0.052078,0.014889,0.088138,0.002641,0.000442
0,-0.087783,-0.027706,0.087121,-0.047238,0.075382,-0.081875,0.001532,0.000484
0,-0.040904,-0.023216,0.063809,-0.023245,0.080837,0.017274,0.000714,0.000405
0,-0.017214,-0.142932,0.010099,-0.108534,0.04924,-0.08621,0.0003,0.002495
0,-0.115672,-0.027255,-0.115839,0.135035,-0.138087,0.151457,0.002019,0.000476
0,-0.035853,-0.067344,0.073524,-0.036624,0.099738,0.00767,0.000626,0.001175
0,0.022862,-0.075976,0.066297,-0.003769,0.093363,0.013127,0.000399,0.001326
0,-0.238165,0.039085,-0.23583,0.11767,-0.198849,0.071169,0.001461,0.000682
0,-0.226377,0.026706,0.033692,-0.022393,0.068956,0.000782,0.001666,0.000466
0,-0.109647,-0.211625,0.116809,-0.220843,0.117709,-0.208579,0.001914,0.001924
0,-0.226204,-0.200715,-0.090357,0.039542,-0.058794,0.014925,0.001669,0.002114
0,-0.256711,-0.153585,-0.046778,0.030868,-0.010662,0.072242,0.001137,0.002681
0,-0.003017,-0.188989,0.229546,-0.064953,0.238731,-0.050799,5.3e-05,0.002319
0,-0.097598,-0.011379,-0.109798,0.201939,-0.130054,0.187674,0.001703,0.000199
0,-0.095692,-0.041805,-0.014517,-0.044588,-0.02924,-0.008185,0.00167,0.00073
0,-0.098373,-0.128021,0.015327,-0.106982,0.042051,-0.155279,0.001717,0.002234
0,-0.023369,-0.221396,0.054037,-0.064353,0.073648,-0.015625,0.000408,0.002106
0,-0.044617,-0.217584,0.005495,-0.012395,-0.02589,0.024509,0.000779,0.002106
0,-0.151527,-0.035992,-0.118156,0.154306,-0.153924,0.104888,0.002645,0.002106
0,-0.08663,0.056749,0.067758,0.117898,0.057676,0.100035,0.001512,0.002106
0,0.159833,0.07691,0.219276,0.018708,0.177998,0.049937,0.00279,0.002106
0,1.120414,0.261898,0.932282,0.155428,0.91001,0.151161,0.002702,0.001047
0,3.261811,0.274023,2.133148,-0.015028,2.136325,-0.058745,0.000754,0.000835
0,3.315856,0.419713,0.081627,0.164789,0.067057,0.140472,0.001698,0.001708
0,3.242616,0.436245,-0.054715,0.039559,-0.059988,0.002512,0.000419,0.001996
0,2.996636,0.493105,-0.235291,0.06471,-0.235644,0.112916,0.001744,0.002629
0,1.827131,0.358966,-1.1955,-0.160755,-1.14645,-0.197822,0.001816,0.000648
0,1.253654,0.308604,-0.554378,-0.023637,-0.560403,-0.06047,0.00059,0.000231
0,0.887844,0.27156,-0.367123,-0.049946,-0.374841,-0.078888,0.001357,0.000878
0,0.443374,0.092793,-0.442079,-0.180607,-0.453376,-0.223057,0.002121,0.00162
0,0.134181,0.240444,-0.328905,0.128308,-0.341025,0.160343,0.002342,0.001421
0,-0.141648,0.162448,-0.253451,-0.08905,-0.295109,-0.121994,0.002472,0.002782
0,-0.047643,-0.003667,0.116502,-0.159037,0.148969,-0.204488,0.000832,6.4e-05
0,-0.123757,-0.228086,-0.060812,-0.245125,-0.026625,-0.230698,0.00216,0.001637
0,-0.084079,-0.010691,0.031434,0.219278,0.05125,0.232914,0.001467,0.000187
0,-0.099108,-0.119572,-0.000475,-0.081968,-0.017237,-0.130877,0.00173,0.002087
0,-0.363452,-0.162653,-0.247322,-0.063572,-0.222055,-0.032769,0.000726,0.002779
0,-0.363141,-0.143439,0.011178,-0.009548,-0.01647,-0.025983,0.00072,0.002503
0,-0.301594,0.076431,0.055573,0.228979,0.085933,0.232241,0.000354,0.001334
0,-0.064359,0.031055,0.255626,-0.04772,0.221093,-0.091452,0.001123,0.000542
0,-0.169554,0.058726,-0.077427,0.025923,-0.071906,-0.009864,0.002658,0.001025
0,0.126073,0.081717,0.309849,0.003842,0.269936,0.030157,0.0022,0.001426
0,0.147061,0.103024,0.027247,0.012503,0.047172,0.049714,0.002567,0.001798
0,0.117886,0.027851,-0.05274,-0.047306,-0.005135,-0.000676,0.002057,0.000486
0,0.036598,0.049536,-0.103772,0.004265,-0.075561,0.026654,0.000639,0.000865
0,0.159724,0.019452,0.142735,-0.025772,0.121246,-0.035681,0.002788,0.00034
0,0.015244,-0.130266,-0.164958,-0.176945,-0.157511,-0.150801,0.000266,0.002274
0,0.216765,-0.023773,0.203043,0.106676,0.248173,0.061166,0.001834,0.000415
0,0.00448,-0.005623,-0.191824,0.047638,-0.189799,0.068342,7.8e-05,9.8e-05
0,0.023984,0.084531,-0.00272,0.103521,-0.044757,0.054787,0.000419,0.001475
0,0.065217,-0.009992,0.016971,-0.076076,0.007077,-0.095452,0.001138,0.000174
0,0.002202,-0.148616,-0.090086,-0.15963,-0.123161,-0.153138,3.8e-05,0.002594
0,0.140665,0.030634,0.164286,0.200914,0.154423,0.222858,0.002455,0.000535
0,0.11591,-0.007208,-0.011198,-0.06365,0.006275,-0.0482,0.002023,0.000126
0,0.11283,-0.05794,-0.025614,-0.079037,0.011549,-0.093677,0.001969,0.001011
0,0.046395,-0.098923,-0.059895,-0.062276,-0.013596,-0.05511,0.00081,0.001727
0,0.097208,0.085142,0.023893,0.173053,-0.008856,0.140452,0.001697,0.001486
0,0.206013,0.036109,0.111857,-0.053314,0.064218,-0.089892,0.002022,0.00063
0,-0.084211,-0.052178,-0.273434,-0.060897,-0.266591,-0.102978,0.00147,0.000911
0,-0.062149,-0.1684,0.006374,-0.126739,0.028365,-0.141608,0.001085,0.002678
0,0.035979,0.053191,0.096073,0.243191,0.048685,0.257259,0.000628,0.000928
0,0.240853,0.009606,0.227224,-0.04544,0.248396,-0.011398,0.001414,0.000168
0,0.177231,0.040959,-0.084827,0.027928,-0.057399,0.027049,0.002524,0.000715
0,0.016868,-0.071278,-0.140515,-0.093409,-0.109622,-0.062977,0.000294,0.001244
0,0.123798,0.082164,0.125294,0.146145,0.09314,0.169147,0.002161,0.001434
0,-0.06297,0.029406,-0.186754,-0.027698,-0.201201,-0.009655,0.001099,0.000513
0,0.082678,0.083305,0.128446,0.069452,0.121287,0.072412,0.001443,0.001454
0,-0.053414,-0.018591,-0.116575,-0.087916,-0.08965,-0.066341,0.000932,0.000324
0,0.063234,0.106484,0.134106,0.119593,0.097111,0.156654,0.001104,0.001858
0,0.172928,-0.000716,0.10906,-0.120587,0.083336,-0.101671,0.002599,1.2e-05
0,0.152805,0.133849,0.006347,0.146601,0.051053,0.129704,0.002667,0.002336
0,-0.033495,0.028406,-0.19267,-0.116762,-0.169651,-0.144661,0.000585,0.000496
0,0.039492,0.145386,0.102014,0.100607,0.150396,0.07651,0.000689,0.002537
0,-0.06199,-0.013229,-0.072037,-0.171605,-0.057378,-0.124073,0.001082,0.000231
0,-0.005088,0.101982,0.067677,0.127992,0.024526,0.110428,8.9e-05,0.00178
0,0.060664,-0.020438,0.068151,-0.102992,0.115998,-0.095079,0.001059,0.000357
0,0.161523,-0.070643,0.11503,-0.061919,0.098507,-0.012528,0.002798,0.001233
0,-0.050817,0.037714,-0.200963,0.107513,-0.155834,0.074912,0.000887,0.000658
0,0.185151,-0.082644,0.256375,-0.148499,0.259248,-0.110551,0.002386,0.001442
0,-0.077619,-0.104671,-0.272083,-0.025169,-0.29709,0.022341,0.001355,0.001827
0,0.029251,0.003359,0.120271,0.082801,0.08364,0.036496,0.000511,5.9e-05
0,-0.156325,0.063073,-0.196235,0.058971,-0.208234,0.0529,0.002728,0.001101
0,0.020634,-0.076031,0.148741,-0.130883,0.159941,-0.082576,0.00036,0.001327
0,0.020189,0.000318,0.020199,0.102642,0.028425,0.133707,0.000352,6e-06
0,-0.13305,-0.079237,-0.160934,-0.089208,-0.162066,-0.055439,0.002322,0.001383
0,-0.010094,0.109696,0.130612,0.202684,0.101797,0.177065,0.000176,0.001915
0,0.043634,-0.099436,0.042313,-0.21477,0.074695,-0.197202,0.000762,0.001735
0,-0.080596,0.042492,-0.121767,0.131038,-0.100923,0.138722,0.001407,0.000742
0,0.154822,0.125753,0.224701,0.085558,0.266804,0.11855,0.002702,0.002195
0,0.097028,-0.001303,-0.082538,-0.114389,-0.061335,-0.110687,0.001693,2.3e-05
0,0.104342,0.010876,-0.013101,0.001794,-0.037248,-0.009832,0.001821,0.00019
0,0.042133,-0.089729,-0.060069,-0.096307,-0.068145,-0.116866,0.000735,0.001566
0,0.125292,-0.062001,0.092446,0.033023,0.075002,-0.014876,0.002187,0.001082
0,0.031378,0.025994,-0.1119,0.092857,-0.146887,0.099964,0.000548,0.000454
0,-0.048443,-0.114787,-0.059837,-0.127529,-0.049613,-0.080487,0.000845,0.002003
0,-0.177341,0.091267,-0.117215,0.183385,-0.15543,0.204539,0.002522,0.001593
0,-0.132362,0.086499,0.070059,0.019493,0.063208,-0.024916,0.00231,0.00151
0,-0.044411,-0.083316,0.100098,-0.165184,0.141547,-0.173168,0.000775,0.001454
0,-0.033377,-0.01507,-0.011137,0.069749,0.011484,0.104508,0.000583,0.000263
0,-0.178923,-0.008931,-0.153398,-0.015775,-0.189911,0.021281,0.002495,0.000156
0,-0.044883,0.000118,0.16192,-0.013958,0.158418,-0.019464,0.000783,2e-06
0,-0.045761,-0.175802,-0.00632,-0.188837,-0.050019,-0.214055,0.000799,0.002549
0,-0.020647,0.086806,0.014412,0.277467,0.048192,0.325064,0.00036,0.001515
0,-0.158297,0.075634,-0.1454,0.01813,-0.194383,-0.020444,0.002763,0.00132
0,-0.266017,-0.052095,-0.087623,-0.122,-0.093221,-0.167411,0.000975,0.000909
0,-0.217429,-0.114498,0.019963,-0.049244,0.0392,-0.003639,0.001823,0.001998
0,-0.050719,-0.026842,0.151935,0.081634,0.151392,0.124657,0.000885,0.000468
0,-0.293237,-0.136945,-0.249653,-0.126518,-0.208594,-0.105153,0.0005,0.00239
0,-0.289066,0.036673,-0.008854,0.191584,0.014543,0.224525,0.000572,0.00064
0,-0.07139,0.003306,0.221017,-0.038455,0.264804,-0.06226,0.001246,5.8e-05
0,-0.115675,0.132331,-0.052663,0.118783,-0.006268,0.081198,0.002019,0.00231
0,-0.120254,-0.010953,0.013086,-0.124671,0.055129,-0.099661,0.002099,0.000191
0,-0.156189,-0.013841,-0.026431,-0.005362,0.023443,-0.049017,0.002726,0.000242
0,-0.108641,-0.117981,0.034908,-0.11773,0.02754,-0.165339,0.001896,0.002059
0,0.087112,-0.103298,0.197587,0.038184,0.19094,0.074329,0.00152,0.001803
0,-0.120422,0.140278,-0.180903,0.21867,-0.206836,0.215059,0.002102,0.002448
0,-0.118521,-0.013193,-0.016489,-0.147189,-0.044088,-0.108809,0.002069,0.00023
0,-0.071917,-0.154734,0.046951,-0.137389,0.011556,-0.16864,0.001255,0.002701
0,-0.129534,-0.052358,-0.059844,0.120195,-0.056903,0.071635,0.002261,0.000914
0,-0.0845,0.118982,0.026457,0.179525,0.065498,0.133139,0.001475,0.002077
0,-0.148236,-0.057423,-0.041527,-0.188217,-0.073953,-0.173443,0.002587,0.001002
0,-0.222401,-0.095317,-0.058502,-0.05122,-0.01686,-0.020127,0.001736,0.001664
0,-0.050146,-0.074555,0.164197,0.039337,0.153775,0.05313,0.000875,0.001301
0,-0.060236,0.1391,-0.002191,0.189342,0.019798,0.173658,0.001051,0.002428
0,-0.157335,0.154341,-0.125851,0.027592,-0.121315,-0.015473,0.002746,0.002694
0,-0.082277,0.04518,0.051684,-0.113795,0.0192,-0.136084,0.001436,0.000789
0,0.005087,0.172089,0.116022,0.135935,0.08945,0.1128,8.9e-05,0.002614
0,-0.107868,0.057339,-0.088087,-0.136052,-0.118925,-0.144343,0.001883,0.001001
0,0.04397,-0.004329,0.126962,-0.086222,0.092358,-0.055094,0.000767,7.6e-05
0,0.017643,0.043652,-0.044307,0.054907,-0.013086,0.067306,0.000308,0.000762
0,0.133103,0.089477,0.121053,0.03128,0.131611,0.032036,0.002323,0.001562
0,0.696981,1.440521,0.588801,1.34731,0.559989,1.349027,0.00093,0.002672
0,1.04167,2.200942,0.366971,0.771981,0.395488,0.791994,0.001328,0.000909
0,1.071646,2.17413,0.021466,-0.017901,-0.006298,0.024291,0.001851,0.001377
0,1.158666,1.751939,0.090083,-0.440745,0.139131,-0.45624,0.002247,0.00249
0,0.993127,1.178504,-0.175723,-0.583932,-0.126099,-0.602245,0.000481,0.001901
0,0.894285,0.897611,-0.090989,-0.273032,-0.110555,-0.28456,0.001244,0.001186
0,0.691515,0.575561,-0.20212,-0.339237,-0.218995,-0.28994,0.000834,0.00119
0,0.513434,0.450149,-0.175689,-0.133615,-0.130533,-0.1807,0.002274,0.002239
0,0.342967,0.222644,-0.183849,-0.229623,-0.219882,-0.196867,0.000368,0.001732
0,0.257792,-0.012611,-0.106427,-0.218894,-0.080271,-0.260856,0.001118,0.00022
0,0.226152,-0.108119,-0.046834,-0.076421,-0.066389,-0.12073,0.00167,0.001887
0,0.191378,-0.116581,-0.063213,-0.018269,-0.013858,0.028576,0.002277,0.002035
0,0.038333,-0.48363,-0.128778,-0.338675,-0.111301,-0.353266,0.000669,0.002794
0,-0.099843,-0.250447,-0.133539,0.261782,-0.146796,0.229479,0.001743,0.001246
0,-0.055339,-0.288078,0.059066,-0.057404,0.032472,-0.055089,0.000966,0.00059
0,-0.042005,-0.28367,0.013586,-0.005,-0.027009,0.018551,0.000733,0.000667
0,-0.055852,-0.212065,-0.029617,0.071948,-0.070698,0.063529,0.000975,0.001916
0,-0.099647,-0.188096,-0.03189,0.027802,-0.018797,0.030506,0.001739,0.002335
0,-0.072323,0.068243,0.040119,0.236207,0.007284,0.258994,0.001262,0.001191
0,-0.232445,0.195802,-0.152689,0.113483,-0.128923,0.089868,0.001561,0.0022
0,-0.218668,0.068059,0.01579,-0.129349,0.050364,-0.127364,0.001801,0.001188
0,-0.285831,0.075822,-0.056294,0.036732,-0.096093,0.039685,0.000629,0.001323
0,-0.053255,0.066258,0.209108,-0.003121,0.21075,-0.041379,0.000929,0.001156
0,-0.170456,0.173035,-0.128767,0.114719,-0.169914,0.112468,0.002642,0.002597
0,0.019371,-0.020768,0.217151,-0.212894,0.263978,-0.190544,0.000338,0.000362
0,-0.066909,0.016631,-0.064947,0.008431,-0.1095,-0.01035,0.001168,0.00029
0,0.199221,0.00801,0.246097,-0.032114,0.244457,-0.044684,0.00214,0.00014
0,0.088306,-0.109191,-0.111243,-0.133045,-0.122192,-0.175778,0.001541,0.001906
0,-0.047786,0.059599,-0.142116,0.15605,-0.149954,0.195171,0.000834,0.00104
0,0.03003,-0.104205,0.066146,-0.157344,0.081719,-0.138686,0.000524,0.001819
0,0.095944,-0.087809,0.058068,0.045473,0.093924,0.04302,0.001675,0.001533
0,0.124834,0.122959,0.05103,0.182794,0.059441,0.181098,0.002179,0.002146
0,0.126916,-0.135571,-2e-05,-0.232542,0.046275,-0.216814,0.002215,0.002366
0,0.059893,-0.138038,-0.062705,-0.027395,-0.047188,-0.030789,0.001045,0.002409
0,0.165802,-0.130321,0.098366,-0.009695,0.136462,-0.045191,0.002724,0.002275
0,0.087411,0.040545,-0.057557,0.194766,-0.056195,0.231282,0.001526,0.000708
0,-0.00118,-0.073464,-0.087644,-0.096774,-0.0815,-0.101862,2.1e-05,0.001282
0,-0.110187,-0.063191,-0.108485,0.018624,-0.082823,0.0468,0.001923,0.001103
0,0.068051,-0.045053,0.176121,0.005241,0.158715,-0.005933,0.001188,0.000786
0,0.015649,0.067356,-0.036617,0.107009,-0.003519,0.11647,0.000273,0.001176
0,-0.088849,-0.150801,-0.09663,-0.20056,-0.05961,-0.156668,0.001551,0.002632
0,-0.004084,0.064947,0.060687,0.202895,0.02628,0.23578,7.1e-05,0.001134
0,-0.115475,-0.003421,-0.08527,-0.074871,-0.074397,-0.042867,0.002015,6e-05
0,0.146601,-0.105169,0.285663,-0.097652,0.329427,-0.108824,0.002559,0.001836
0,-0.149602,0.103912,-0.275993,0.20473,-0.229536,0.193071,0.002611,0.001814
0,-0.080992,-0.049256,0.062022,-0.149012,0.058525,-0.183999,0.001414,0.00086
0,-0.065242,-0.073136,0.000632,-0.019534,0.015545,-0.009748,0.001139,0.001276
0,0.032078,-0.040749,0.079901,0.01426,0.078876,0.024226,0.00056,0.000711
0,0.096975,0.052002,0.07061,0.065306,0.025475,0.046559,0.001693,0.000908
0,0.062417,0.094516,-0.049669,0.026375,-0.076577,-0.004835,0.001089,0.00165
0,-0.072738,-0.035717,-0.106324,-0.158739,-0.152542,-0.17934,0.00127,0.000623
0,0.052124,0.011085,0.140213,0.032527,0.091677,-0.01663,0.00091,0.000193
0,-0.142558,0.095138,-0.170794,0.087963,-0.205928,0.087854,0.002488,0.00166
0,-0.061827,0.07631,0.061622,-0.047907,0.041927,-0.059142,0.001079,0.001332
0,-0.142511,0.104011,-0.07954,0.023058,-0.037761,0.00762,0.002487,0.001815
0,-0.072514,0.066943,0.096496,-0.049426,0.065976,-0.069732,0.001266,0.001168
0,0.121569,-0.121523,0.21216,-0.210385,0.215405,-0.216062,0.002122,0.002121
0,-0.14651,-0.046172,-0.27099,0.078317,-0.234319,0.062779,0.002557,0.000806
0,-0.152194,-0.022593,0.011171,0.004265,0.008508,0.044752,0.002656,0.000394
0,-0.057426,0.006999,0.073873,0.020717,0.084939,0.018513,0.001002,0.000122
0,-0.088027,0.009272,-0.025393,-0.027305,-0.074497,-0.074559,0.001536,0.000162
0,-0.191944,-0.022741,-0.09975,-0.050923,-0.061115,-0.018561,0.002267,0.000397
0,-0.197175,0.093889,0.024684,0.144336,-0.024192,0.156194,0.002176,0.001639
0,-0.165927,-0.013653,0.005519,-0.123199,0.05454,-0.108877,0.002722,0.000238
0,-0.050191,-0.026233,0.125515,-0.02013,0.126959,0.014354,0.000876,0.000458
0,-0.108378,-0.010337,-0.065154,0.028886,-0.016118,0.053928,0.001892,0.00018
0,-0.135094,0.046218,-0.040052,0.059971,0.008587,0.045667,0.002358,0.000807
0,-0.127854,-0.109496,0.013994,-0.171089,0.012871,-0.203788,0.002231,0.001911
0,0.002131,0.144236,0.113813,0.270654,0.115437,0.301792,3.7e-05,0.002517
0,-0.106114,0.12401,-0.13753,0.006244,-0.132652,0.011328,0.001852,0.002164
0,0.014362,-0.112678,0.148132,-0.217118,0.176046,-0.251507,0.000251,0.001967
0,-0.046308,0.099141,-0.041746,0.236902,-0.023273,0.259992,0.000808,0.00173
0,-0.074497,0.075247,-0.004379,-0.040083,-0.00335,-0.0248,0.0013,0.001313
0,-0.019337,0.089927,0.033447,0.009084,0.020263,-0.020536,0.000338,0.00157
0,-0.116094,-0.044604,-0.111912,-0.142061,-0.094335,-0.099922,0.002026,0.000778
0,-0.045374,0.017123,0.06466,0.074093,0.070344,0.053899,0.000792,0.000299
0,-0.081238,0.170221,-0.032856,0.174366,0.008292,0.211759,0.001418,0.002647
0,-0.001275,0.147479,0.055632,-0.005961,0.018468,-0.05245,2.2e-05,0.002574
0,-0.199727,-0.006312,-0.210712,-0.126979,-0.189956,-0.153416,0.002132,0.00011
0,0.053192,-0.074425,0.25266,-0.076082,0.210638,-0.0311,0.000928,0.001299
0,0.070448,0.037689,0.026484,0.110148,0.051539,0.063193,0.00123,0.000658
0,0.139882,0.02157,0.044009,0.013269,0.062457,0.046402,0.002441,0.000376
0,-0.030895,-0.08068,-0.166029,-0.074005,-0.203786,-0.064335,0.000539,0.001408
0,-0.023958,-0.002967,0.009183,0.070647,-0.002038,0.059044,0.000418,5.2e-05
0,0.105545,-0.092822,0.127138,-0.064053,0.155632,-0.034749,0.001842,0.00162
0,0.029593,0.023115,-0.098229,0.088629,-0.078006,0.097938,0.000516,0.000403
0,0.133855,-0.078547,0.094451,-0.091906,0.109508,-0.073987,0.002336,0.001371
0,0.157535,-0.014367,0.043728,0.092133,0.031756,0.055888,0.00275,0.000251
0,0.206689,-0.083775,0.054902,-0.043588,0.01097,-0.052417,0.00201,0.001462
0,-0.001404,0.074054,-0.217179,0.157777,-0.221993,0.17542,2.4e-05,0.001292
0,-0.063781,0.157344,-0.057292,0.063349,-0.051072,0.040448,0.001113,0.002746
0,0.021407,-0.058915,0.109084,-0.227908,0.157974,-0.265719,0.000374,0.001028
0,0.192091,-0.099584,0.191951,-0.070573,0.199169,-0.050824,0.002265,0.001738
0,0.218942,-0.074225,0.016453,0.015697,0.03664,0.052922,0.001796,0.001295
0,-0.001859,0.132497,-0.2166,0.220264,-0.215178,0.265256,3.2e-05,0.002313
0,0.01698,0.145206,0.035163,-0.016354,0.041819,-0.039952,0.000296,0.002534
0,0.05186,-0.005621,0.033579,-0.147479,0.025304,-0.119532,0.000905,9.8e-05
0,0.131883,-0.041295,0.072225,-0.019082,0.07148,0.002045,0.002302,0.000721
0,0.138994,-0.087378,0.015082,-0.034979,0.027131,-0.051216,0.002426,0.001525
0,0.037191,-0.021126,-0.110712,0.047213,-0.105138,0.031178,0.000649,0.000369
0,0.033454,0.091553,0.013381,0.102748,-0.028105,0.080748,0.000584,0.001598
0,0.139641,0.016879,0.108577,-0.051038,0.091792,-0.004142,0.002437,0.000295
0,0.059505,-0.021302,-0.093122,-0.026376,-0.072415,-0.04175,0.001039,0.000372
0,0.101201,-0.09283,0.015373,-0.051931,0.028602,-0.060862,0.001766,0.00162
0,0.018863,0.149798,-0.093519,0.259693,-0.115832,0.234459,0.000329,0.002614
0,0.045268,0.12532,0.017088,-0.0213,0.049634,-0.050439,0.00079,0.002187
0,0.187271,0.117801,0.160218,0.00983,0.202528,0.015063,0.002349,0.002056
0,0.106723,0.158299,-0.089936,0.053226,-0.055086,0.045419,0.001863,0.002763
0,0.104109,0.10357,0.006213,-0.072334,0.033729,-0.035602,0.001817,0.001808
0,0.069673,0.166914,-0.026827,0.093073,-0.011851,0.0781,0.001216,0.002704
0,-0.05791,-0.001232,-0.106155,-0.186049,-0.112677,-0.172253,0.001011,2.2e-05
0,0.129756,-0.04204,0.174118,-0.014075,0.176088,-0.020887,0.002265,0.000734
0,-0.054166,0.015795,-0.212174,0.03471,-0.206438,0.013583,0.000945,0.000276
0,-0.137265,0.154766,-0.075684,0.154447,-0.083728,0.170115,0.002396,0.002701
0,0.065884,-0.114854,0.217791,-0.278819,0.23526,-0.257867,0.00115,0.002005
0,-0.031636,0.060435,-0.109088,0.174965,-0.127293,0.128031,0.000552,0.001055
0,0.019595,-0.012246,0.069335,-0.092253,0.065215,-0.113902,0.000342,0.000214
0,-0.01578,-0.120823,-0.06214,-0.127616,-0.024303,-0.135454,0.000275,0.002109
0,0.272785,-0.042435,0.304615,0.059587,0.352904,0.079002,0.000857,0.000741
0,0.008083,0.029816,-0.28558,0.060624,-0.256758,0.059852,0.000141,0.00052
0,-0.051773,-0.052294,-0.072584,-0.077187,-0.04792,-0.064518,0.000904,0.000913
0,-0.030169,-0.15782,0.019296,-0.079213,-0.011558,-0.094676,0.000527,0.002754
0,-0.018632,0.069223,0.015088,0.235526,0.063248,0.281366,0.000325,0.001208
0,-0.041196,-0.125524,-0.03882,-0.165694,-0.018227,-0.148863,0.000719,0.002191
0,0.112862,-0.019673,0.167473,0.095851,0.138448,0.048283,0.00197,0.000343
0,0.174675,-0.15097,0.084735,-0.117677,0.112037,-0.148032,0.002569,0.002635
0,0.115228,0.101846,-0.053957,0.229509,-0.054463,0.204054,0.002011,0.001778
0,-0.030116,-0.064766,-0.116663,-0.179205,-0.136067,-0.181292,0.000526,0.00113
0,0.071998,-0.062597,0.128511,-0.024284,0.154572,-0.015266,0.001257,0.001093
0,0.03369,0.096443,-0.020997,0.130114,0.016902,0.168246,0.000588,0.001683
0,0.080427,-0.158998,0.072168,-0.249111,0.035499,-0.248382,0.001404,0.002775
0,-0.113906,-0.056168,-0.185881,0.086639,-0.235756,0.130226,0.001988,0.00098
0,0.142205,-0.15128,0.268285,-0.123119,0.242847,-0.1546,0.002482,0.00264
0,-0.041743,-0.156984,-0.171854,0.001946,-0.221441,0.028875,0.000729,0.00274
0,-0.069181,-0.02157,-0.034882,0.149725,-0.046692,0.13582,0.001207,0.000376
0,-0.101296,0.131328,-0.017345,0.179035,-0.03249,0.179073,0.001768,0.002292
0,0.024215,0.048558,0.149051,-0.10615,0.192058,-0.106131,0.000423,0.000848
0,0.103417,-0.011942,0.072895,-0.070497,0.098869,-0.076009,0.001805,0.000208
0,0.06602,-0.06583,-0.062778,-0.054111,-0.081286,-0.026284,0.001152,0.001149
0,0.104064,-0.021286,0.029782,0.06536,-0.010241,0.098089,0.001816,0.000372
0,-0.116757,0.053589,-0.247337,0.046508,-0.291913,0.010261,0.002038,0.000935
0,-0.018304,-0.153196,0.090728,-0.188537,0.106821,-0.182112,0.000319,0.002674
0,0.001712,-0.043877,-0.007727,0.134665,0.007989,0.130106,3e-05,0.000766
0,0.156672,0.095506,0.183719,0.152765,0.188292,0.115753,0.002734,0.001667
0,-0.051228,0.110256,-0.231041,0.024906,-0.271916,0.049306,0.000894,0.001924
0,-0.088794,0.06476,-0.039566,-0.062526,-0.036489,-0.085147,0.00155,0.00113
0,-0.073197,-0.118282,0.019362,-0.209511,0.009809,-0.248231,0.001278,0.002064
0,-0.059803,-0.151552,-0.013092,-0.015979,-0.018355,-0.053664,0.001044,0.002645
0,0.002005,-0.072349,0.041856,0.072379,0.056008,0.060884,3.5e-05,0.001263
0,0.055176,-0.069141,0.071627,0.015704,0.088541,-0.033033,0.000963,0.001207
0,0.210992,-0.001537,0.150039,0.078364,0.161483,0.056455,0.001935,2.7e-05
0,0.08474,0.019172,-0.156156,-0.008727,-0.147657,-0.055367,0.001479,0.000335
0,-0.114797,-0.066933,-0.225465,-0.079406,-0.267235,-0.097923,0.002004,0.001168
0,-0.134052,0.127839,-0.018362,0.177378,-0.039499,0.155324,0.00234,0.002231
0,-0.079925,0.179316,0.079987,0.042424,0.119111,0.037106,0.001395,0.002488
0,0.138919,0.009408,0.193215,-0.196609,0.2052,-0.160607,0.002425,0.000164
0,-0.065448,0.095964,-0.202335,0.111393,-0.22884,0.110812,0.001142,0.001675
0,-0.121203,0.122178,-0.076125,0.021875,-0.036109,-0.011318,0.002115,0.002132
0,-2.132863,-0.464512,-2.008977,-0.582634,-1.99854,-0.579108,0.002097,0.00249
0,-3.935727,-1.141657,-1.8272,-0.678441,-1.874153,-0.666257,0.001281,0.002544
0,-3.561855,-1.564246,0.351903,-0.43714,0.363749,-0.418798,0.000374,0.000786
0,-3.225536,-1.604542,0.342124,-0.034716,0.340889,-0.075998,0.000121,8.3e-05
0,-2.744214,-1.79142,0.504835,-0.199866,0.514569,-0.243693,0.002662,0.002439
0,-2.374313,-1.526841,0.385172,0.270467,0.359689,0.283631,0.002117,0.001439
0,-1.86099,-1.412359,0.524144,0.098939,0.550899,0.06984,0.001225,0.00218
0,-0.997648,-1.360383,0.885834,0.028366,0.885948,0.041349,0.00056,0.001273
0,-0.48279,-0.960483,0.499158,0.392064,0.520661,0.372067,0.002809,8.9e-05
0,-0.137276,-0.82074,0.359373,0.131093,0.3251,0.087785,0.002396,0.002528
0,-0.292587,-0.529545,-0.133631,0.312826,-0.091934,0.338379,0.000511,0.002106
0,-0.01965,-0.401422,0.250445,0.111869,0.207563,0.073676,0.000343,0.002106
0,0.207187,-0.338717,0.252587,0.036631,0.284091,0.021464,0.002001,0.002106
0,0.066047,-0.13425,-0.135088,0.215249,-0.089498,0.25852,0.001153,0.002106
0,0.016245,-0.096724,-0.058196,0.054992,-0.040924,0.078396,0.000284,0.002106
0,0.061177,-0.136321,0.034706,-0.023856,0.013374,-0.024736,0.001068,0.002106
0,0.165936,0.140266,0.075226,0.29614,0.116242,0.281383,0.002721,0.002448
0,0.041639,0.121778,-0.123891,-0.048262,-0.167768,-0.010707,0.000727,0.002125
0,0.021862,0.009056,-0.031697,-0.09324,0.01356,-0.068893,0.000382,0.002106
0,0.208302,-0.092504,0.209574,-0.093097,0.199226,-0.114397,0.001982,0.002106
0,-0.073816,0.148165,-0.27783,0.258969,-0.2847,0.290419,0.001288,0.002586
0,0.051955,-0.062229,0.143682,-0.215542,0.098216,-0.222664,0.000907,0.002106
0,0.073958,0.151248,0.051202,0.197135,0.095286,0.209109,0.001291,0.00264
0,-0.01072,0.125092,-0.091216,-0.015466,-0.129214,-0.056041,0.000187,0.002183
0,-0.029136,-0.06246,0.000236,-0.16869,0.015829,-0.209501,0.000509,0.002106
0,0.070444,-0.017554,0.11317,0.015707,0.093042,-0.002185,0.001229,0.002106
0,-0.107706,-0.059298,-0.185798,-0.037254,-0.216713,-0.009241,0.00188,0.002106
0,-0.052122,0.173922,0.037487,0.22183,0.025239,0.227349,0.00091,0.002582
0,0.004772,-0.085951,0.080675,-0.251532,0.052554,-0.211439,8.3e-05,0.0015
0,-0.173698,-0.050768,-0.15981,0.008939,-0.191347,0.004089,0.002586,0.000886
0,0.105534,0.108375,0.305829,0.146882,0.298712,0.18343,0.001842,0.001891
0,-0.037126,-0.017142,-0.128715,-0.105252,-0.079703,-0.067364,0.000648,0.000299
0,-0.05317,-0.005922,-0.04203,0.022721,-0.075721,-0.020476,0.000928,0.000103
0,0.04171,0.016553,0.123183,0.044343,0.085088,0.011317,0.000728,0.000289
0,0.163272,0.042646,0.113745,0.053019,0.072939,0.009975,0.002768,0.000744
0,0.139015,0.084951,-0.041679,0.04487,0.000346,0.047261,0.002426,0.001483
0,-0.000377,-0.151043,-0.132913,-0.218024,-0.116069,-0.168984,7e-06,0.002636
0,0.069275,-0.001876,0.098301,0.147381,0.114016,0.158175,0.001209,3.3e-05
0,-0.164236,-0.039377,-0.259592,-0.0092,-0.259546,-0.044783,0.002751,0.000687
0,0.00863,-0.028384,0.171222,0.014724,0.186374,0.014235,0.000151,0.000495
0,-0.049644,-0.136613,-0.074331,-0.097859,-0.030224,-0.135278,0.000866,0.002384
0,-0.078779,0.082452,-0.031628,0.225659,-0.032508,0.208728,0.001375,0.001439
0,0.166182,-0.086454,0.220857,-0.147202,0.255457,-0.158433,0.002717,0.001509
0,0.035475,-0.016422,-0.150633,0.092546,-0.113651,0.076585,0.000619,0.000287
0,-0.109759,-0.183396,-0.144004,-0.159984,-0.130966,-0.117617,0.001916,0.002417
0,-0.051837,-0.03449,0.028978,0.173913,0.023997,0.139253,0.000905,0.002106
0,-0.01711,-0.004145,0.0118,0.044928,0.023577,0.005905,0.000299,0.002106
0,-0.025463,0.00838,0.017329,-0.014391,0.061879,-0.047023,0.000444,0.002106
0,-0.186001,-0.137159,-0.156022,-0.123333,-0.182378,-0.161769,0.002371,0.002106
0,-0.17491,-0.084929,0.036912,0.045556,-0.004082,0.063497,0.002565,0.002106
0,-0.168492,-0.048508,-0.019253,0.066125,-0.005421,0.049704,0.002677,0.002106
0,-0.216263,0.034649,-0.052838,0.101157,-0.083534,0.089337,0.001843,0.002106
0,-0.140991,0.107405,0.05794,0.058787,0.090262,0.043411,0.002461,0.002106
0,0.075762,-0.027234,0.24495,-0.158682,0.261425,-0.15636,0.001322,0.002106
0,0.128788,-0.005947,0.028957,0.03833,-0.015203,0.061073,0.002248,0.002106
0,0.100689,-0.129102,-0.05016,-0.102366,-0.057238,-0.117574,0.001757,0.002106
0,-0.021725,0.104056,-0.15076,0.255417,-0.182081,0.221484,0.000379,0.002106
0,0.094114,0.120504,0.115961,-0.00556,0.074842,-0.054394,0.001643,0.002106
0,0.022082,-0.116765,-0.060952,-0.212138,-0.110653,-0.175037,0.000385,0.002106
0,-0.051187,-0.161803,-0.097008,-0.064938,-0.099185,-0.07703,0.000893,0.002106
0,0.064814,-0.190587,0.117296,-0.027722,0.080289,-0.024909,0.001131,0.002106
0,-0.150577,-0.045462,-0.229417,0.168654,-0.179606,0.176093,0.002628,0.002106
0,-0.077816,-0.201591,0.100511,-0.169217,0.112838,-0.176806,0.001358,0.002106
0,0.004529,-0.102192,0.058566,0.123651,0.091021,0.104906,7.9e-05,0.002106
0,0.065491,-0.129218,0.074197,-0.015944,0.113759,-0.003005,0.001143,0.002106
0,-0.059591,-0.028561,-0.136435,0.087572,-0.177105,0.044312,0.00104,0.002106
0,-0.108675,0.069957,-0.046983,0.103394,-0.017809,0.094964,0.001897,0.002106
0,-0.068338,-0.106187,0.024072,-0.177427,0.016269,-0.164812,0.001193,0.002106
0,-0.115698,-0.093894,-0.040194,0.015788,0.007273,-0.0278,0.002019,0.002106
0,-0.144624,-0.131466,-0.038332,-0.043416,-0.019731,-0.012807,0.002524,0.002106
0,-0.111551,-0.06145,0.008222,0.098829,0.044018,0.091651,0.001947,0.002106
0,-0.006691,-0.106714,0.07627,-0.053296,0.055123,-0.030948,0.000117,0.002106
0,-0.027213,0.017206,-0.047703,0.151725,-0.017728,0.164877,0.000475,0.002106
0,-0.057272,0.0436,-0.049478,0.012832,-0.084302,-0.022363,0.001,0.002106
0,-0.034534,-0.087546,0.000139,-0.137342,-0.008173,-0.122022,0.000603,0.002106
0,-0.165095,-0.00814,-0.110347,0.091947,-0.131481,0.12103,0.002736,0.002106
0,-0.092476,-0.073234,0.053732,-0.068324,0.039292,-0.088692,0.001614,0.002106
0,0.018854,-0.039526,0.08968,0.014391,0.042726,-0.020855,0.000329,0.002106
0,0.090464,-0.101789,0.0588,-0.076191,0.025239,-0.076766,0.001579,0.002106
0,-0.025205,-0.046847,-0.09759,0.034589,-0.103666,-0.007081,0.00044,0.002106
0,0.06273,-0.065535,0.095002,-0.01674,0.110975,0.003748,0.001095,0.002106
0,-0.037786,-0.10291,-0.118396,-0.036956,-0.133626,-0.052678,0.000659,0.002106
0,-0.097983,-0.046864,-0.061976,0.036659,-0.108002,-0.008818,0.00171,0.002106
0,-0.098019,0.014096,0.020065,0.082037,0.021723,0.039289,0.001711,0.002106
0,0.12168,0.089695,0.24706,0.064425,0.251556,0.095556,0.002124,0.002106
0,0.083338,0.088897,-0.055282,-0.028971,-0.016574,-0.019397,0.001455,0.002106
0,-0.046464,-0.010024,-0.137986,-0.083339,-0.096571,-0.054165,0.000811,0.002106
0,-0.056406,-0.01856,0.001782,-0.01596,-0.00243,-0.015175,0.000984,0.002106
0,0.050943,-0.130956,0.099533,-0.117783,0.064407,-0.09718,0.000889,0.002106
0,0.098094,0.01617,0.040964,0.12954,0.023072,0.105275,0.001712,0.002106
0,0.136438,-0.156183,0.020191,-0.191668,0.036167,-0.192752,0.002381,0.002106
0,-0.145441,-0.160526,-0.293695,-0.014481,-0.279004,-0.016959,0.002538,0.002106
0,-0.131506,0.021018,0.024861,0.17891,0.069769,0.185958,0.002295,0.002106
0,-0.109747,-0.039029,-0.00363,-0.06996,0.045428,-0.075033,0.001915,0.002106
0,-0.038228,0.06393,0.097063,0.097888,0.086512,0.067339,0.000667,0.002106
0,-0.079281,-0.169433,-0.042925,-0.235898,-0.092814,-0.212405,0.001384,0.002106
0,-0.089008,-0.001244,0.006383,0.188804,-0.001352,0.142131,0.001553,0.002106
0,0.033394,-0.070125,0.139508,-0.091729,0.128108,-0.092386,0.000583,0.002106
0,-0.211019,-0.110121,-0.221619,-0.028892,-0.195434,-0.065102,0.001935,0.002106
0,-0.16146,-0.010258,0.044677,0.12711,0.02311,0.098672,0.0028,0.002106
0,0.097026,-0.139008,0.234509,-0.116892,0.199095,-0.129739,0.001693,0.002106
0,-0.089476,0.005689,-0.196135,0.137537,-0.203783,0.159042,0.001562,0.002106
0,-0.182065,-0.127026,-0.101884,-0.120318,-0.058467,-0.083953,0.00244,0.002106
0,0.068995,-0.093708,0.224031,0.010088,0.180007,0.03685,0.001204,0.002106
0,0.104996,-0.183444,0.027923,-0.088613,-0.015006,-0.102482,0.001833,0.002106
0,-0.009516,-0.058378,-0.140929,0.104876,-0.112624,0.083667,0.000166,0.002106
0,-0.124233,-0.07679,-0.095249,-0.004498,-0.059932,0.021404,0.002168,0.002106
0,-0.200108,-0.084532,-0.097709,-0.007774,-0.094131,-0.011364,0.002125,0.002106
0,-0.196199,-0.146778,0.033297,-0.071835,0.011278,-0.070298,0.002193,0.002106
0,-0.212015,-0.066982,-0.025311,0.071322,0.003043,0.039185,0.001917,0.002106
0,-0.106436,-0.113908,0.109576,-0.0203,0.062262,0.024073,0.001858,0.002106
0,-0.137893,-0.130667,-0.021311,-0.009894,-0.022407,0.034881,0.002407,0.002106
0,-0.262893,0.037163,-0.105357,0.147164,-0.108806,0.111011,0.001029,0.002106
0,-0.169524,-0.021102,0.076123,-0.034625,0.115101,-0.081163,0.002659,0.002106
0,-0.259229,-0.113756,-0.069619,-0.095697,-0.034125,-0.077528,0.001093,0.002106
0,-0.013456,0.052285,0.26938,0.189483,0.23658,0.191896,0.000235,0.002106
0,-0.131491,-0.059276,-0.114469,-0.102742,-0.135735,-0.150856,0.002295,0.002106
0,-0.067542,0.068143,0.079394,0.125534,0.10342,0.077599,0.001179,0.002106
0,-0.292503,-0.080907,-0.230428,-0.170221,-0.251252,-0.192835,0.000512,0.002106
0,-0.252598,-0.014143,0.065683,0.044594,0.098839,0.009064,0.001209,0.002106
0,-0.153896,0.136346,0.073097,0.147018,0.023229,0.152259,0.002686,0.00238
0,-0.411359,0.108697,-0.256186,-0.024506,-0.261578,0.019483,0.001562,0.002106
0,-0.230471,0.055146,0.197926,-0.044806,0.211365,-0.018588,0.001595,0.002106
0,-0.158942,0.071788,0.045808,0.007375,0.029321,-0.042236,0.002774,0.002106
0,-0.285469,-0.033231,-0.103692,-0.087588,-0.122061,-0.088658,0.000635,0.002106
0,-0.325812,0.103492,-0.01892,0.165426,-0.061819,0.120093,6.9e-05,0.002106
0,-0.095401,-0.07835,0.243989,-0.200516,0.224423,-0.153492,0.001665,0.002106
0,-0.052339,0.082734,0.023132,0.177516,0.002023,0.212861,0.000913,0.002106
0,-0.058335,0.00776,-0.018355,-0.104077,-0.03392,-0.111786,0.001018,0.002106
0,-0.080436,0.043019,-0.041284,0.063205,-0.089748,0.038081,0.001404,0.002106
0,-0.127948,-0.087037,-0.07515,-0.129722,-0.043701,-0.109921,0.002233,0.002106
0,0.002125,-0.131695,0.100866,-0.032038,0.054423,-0.066093,3.7e-05,0.002106
0,-0.061108,-0.159004,-0.088525,-0.003399,-0.12023,0.004228,0.001067,0.002106
0,-0.115087,-0.000554,-0.064901,0.160349,-0.109237,0.206886,0.002009,0.002106
0,-0.20914,0.037459,-0.116367,0.015203,-0.078884,0.017737,0.001967,0.002106
0,0.024572,0.130573,0.24885,0.095515,0.258308,0.085132,0.000429,0.002279
0,-0.164373,0.060131,-0.211015,-0.097384,-0.21521,-0.113945,0.002749,0.002106
0,-0.181299,-0.143191,-0.010675,-0.199415,0.016355,-0.184047,0.002453,0.002106
0,-0.167292,-0.045535,0.015987,0.113617,-0.00626,0.111957,0.002698,0.002106
0,-0.198932,0.087953,-0.052381,0.121903,-0.038727,0.100922,0.002145,0.002106
0,-0.105927,-0.153198,0.094748,-0.259078,0.065502,-0.229161,0.001849,0.002106
0,0.010677,-0.024139,0.143312,0.107141,0.119124,0.071625,0.000186,0.002106
0,-0.142439,-0.007182,-0.125618,0.007957,-0.079934,0.008822,0.002486,0.002106
0,0.06565,-0.005995,0.233412,-0.015309,0.26793,0.004496,0.001146,0.002106
0,-0.009688,0.101781,-0.091433,0.089066,-0.120438,0.096908,0.000169,0.002106
0,-0.088441,0.036638,-0.057359,-0.08964,-0.085801,-0.09043,0.001544,0.002106
0,-0.243676,-0.085319,-0.157088,-0.150123,-0.202418,-0.137069,0.001365,0.002106
0,-0.084099,-0.122846,0.145473,-0.058396,0.139773,-0.089411,0.001468,0.002106
0,0.064828,0.03774,0.178031,0.188684,0.160121,0.200833,0.001131,0.002106
0,-0.043282,0.098718,-0.087527,0.057574,-0.051585,0.067021,0.000755,0.002106
0,-0.079852,-0.106326,-0.043009,-0.202188,-0.04973,-0.203315,0.001394,0.002106
0,-0.117456,0.041293,-0.034625,0.16007,-0.03079,0.119316,0.00205,0.002106
0,-0.026803,-0.009602,0.078915,-0.057616,0.111571,-0.009242,0.000468,0.002106
0,-0.062157,-0.029495,-0.060214,-0.010053,-0.046859,-0.04397,0.001085,0.002106
0,-0.077968,-0.081139,-0.042354,-0.029043,-0.081799,-0.035659,0.001361,0.002106
0,0.077606,0.039228,0.132685,0.127598,0.123216,0.152539,0.001354,0.002106
0,0.196137,-0.120113,0.142985,-0.154005,0.175494,-0.157709,0.002194,0.002106
0,0.038265,0.098521,-0.153066,0.223631,-0.18967,0.270606,0.000668,0.002106
0,0.074071,0.033,0.057041,-0.052534,0.045714,-0.089935,0.001293,0.002106
0,0.011683,0.125824,-0.032906,0.088135,-0.025081,0.108458,0.000204,0.002196
0,0.102058,0.068399,0.072342,-0.05859,0.11828,-0.088993,0.001781,0.002106
0,0.056173,0.109013,-0.040219,0.043734,-0.03542,0.019777,0.00098,0.002106
0,0.168147,0.023903,0.094988,-0.090574,0.093722,-0.10409,0.002683,0.002106
0,0.275279,0.076517,0.118967,0.031906,0.0933,0.053127,0.000813,0.002106
0,0.165316,-0.012954,-0.098824,-0.078241,-0.111527,-0.082686,0.002732,0.002106
0,-0.015916,0.12046,-0.183789,0.126212,-0.168176,0.137222,0.000278,0.002106
0,0.142995,0.095513,0.163569,-0.020086,0.152987,0.004947,0.002496,0.002106
0,0.099719,0.13165,-0.066832,0.040314,-0.055812,0.057419,0.00174,0.002298
0,0.23713,-0.094664,0.109086,-0.245885,0.067441,-0.225944,0.001479,0.002106
0,0.025473,-0.101746,-0.235814,-0.036474,-0.187731,-0.072562,0.000445,0.002106
0,-0.051783,-0.169654,-0.078848,-0.046471,-0.11601,-0.004737,0.000904,0.002106
0,0.020745,-0.054751,0.062077,0.121136,0.101939,0.155788,0.000362,0.002106
0,0.135675,0.019901,0.136024,0.07854,0.163426,0.050606,0.002368,0.002106
0,-0.092042,0.074136,-0.247595,0.060877,-0.292368,0.109347,0.001606,0.002106
0,-0.117217,-0.12959,-0.03518,-0.205108,0.014717,-0.2362,0.002046,0.002106
0,-0.024847,-0.142027,0.072232,-0.01913,0.097892,-0.044053,0.000434,0.002106
0,0.146125,-0.096474,0.175926,0.031997,0.175886,0.074349,0.00255,0.002106
0,-0.094385,-0.063231,-0.238432,0.019437,-0.258322,0.017204,0.001647,0.002106
0,-0.022612,-0.036016,0.079154,0.01516,0.088881,0.006781,0.000395,0.002106
0,-0.09552,0.008548,-0.049324,0.051063,-0.096863,0.088003,0.001667,0.002106
0,0.211483,-0.157718,0.319308,-0.191394,0.32002,-0.146272,0.001926,0.002106
0,-0.000949,-0.075378,-0.231502,0.100998,-0.215093,0.057421,1.7e-05,0.002106
0,0.009856,-0.09701,0.015643,-0.021564,0.045238,-0.004994,0.000172,0.002106
0,0.106669,-0.109589,0.077331,0.000997,0.059364,-0.000211,0.001862,0.002106
0,0.001059,-0.085864,-0.099917,0.033948,-0.130315,0.047261,1.8e-05,0.002106
0,0.04903,-0.18861,0.032463,-0.124165,0.021552,-0.094705,0.000856,0.002106
0,0.072482,0.090593,0.00407,0.302313,0.015571,0.273073,0.001265,0.002106
0,0.32991,1.257899,0.282151,1.177359,0.323145,1.142779,0.000141,0.000516
0,0.564267,1.309092,0.239129,0.07843,0.230665,0.058687,0.001387,0.000378
0,0.546033,1.417789,0.007969,0.093297,-0.008485,0.120662,0.001705,0.002275
0,0.593403,2.139972,0.059343,0.725103,0.096819,0.725905,0.000878,0.001973
0,0.673574,2.114839,0.058811,-0.03487,0.075249,-0.047275,0.000521,0.002412
0,0.522435,1.769309,-0.134559,-0.36655,-0.181654,-0.377519,0.002117,0.002793
0,0.204784,1.332126,-0.330959,-0.443405,-0.365068,-0.396122,0.002043,0.00078
0,0.265561,0.637333,0.046928,-0.711296,0.026785,-0.744835,0.000983,0.000111
0,0.203161,0.614726,-0.067421,-0.011723,-0.109653,0.011916,0.002072,0.000506
0,-0.024276,0.142494,-0.211785,-0.461322,-0.168474,-0.470574,0.000424,0.002487
0,-0.183097,0.118423,-0.186999,-0.050052,-0.140563,-0.070389,0.002422,0.002067
0,0.001117,0.10024,0.17084,-0.017306,0.173522,0.030415,2e-05,0.00175
0,-0.122698,-0.128441,-0.12622,-0.208537,-0.100746,-0.167458,0.002141,0.002242
0,0.001769,-0.192904,0.103718,-0.063131,0.098039,-0.094035,3.1e-05,0.002251
0,-0.166639,-0.021329,-0.191356,0.175664,-0.213682,0.161728,0.002709,0.000372
0,-0.035577,-0.164753,0.125004,-0.151837,0.127274,-0.180773,0.000621,0.002742
0,-0.172611,0.126857,-0.118998,0.310699,-0.162899,0.326284,0.002605,0.002214
0,0.046952,-0.09652,0.190574,-0.20957,0.190077,-0.224983,0.000819,0.001685
0,0.018998,0.179379,-0.018848,0.279111,0.023136,0.273605,0.000332,0.002487
0,0.056228,0.121316,0.058375,-0.043649,0.049345,-0.080794,0.000981,0.002117
0,0.047243,0.064492,-0.008548,-0.0316,0.008941,0.012446,0.000825,0.001126
0,0.005998,0.055098,-0.016526,-0.03883,-0.021799,-0.03191,0.000105,0.000962
0,0.169864,-0.036613,0.173884,-0.115548,0.132925,-0.14607,0.002653,0.000639
0,0.143665,-0.084167,-0.010108,-0.035499,-0.003897,-0.050941,0.002507,0.001469
0,-0.005376,-0.136787,-0.130312,-0.029163,-0.105709,0.010559,9.4e-05,0.002387
0,0.159826,0.072711,0.185876,0.210587,0.156365,0.212814,0.002789,0.001269
0,0.006962,0.067996,-0.159235,-0.025309,-0.193678,0.023355,0.000122,0.001187
0,0.111396,0.066358,0.117297,-0.003973,0.153295,-0.032278,0.001944,0.001158
0,-0.058375,-0.029745,-0.147543,-0.105926,-0.160316,-0.075068,0.001019,0.000519
0,-0.092675,-0.07025,-0.032535,-0.016718,-0.007024,-0.043729,0.001617,0.001226
0,-0.062439,-0.116644,0.045627,-0.073768,0.001173,-0.093172,0.00109,0.002036
0,0.127294,0.028994,0.205344,0.149878,0.201524,0.162347,0.002222,0.000506
0,0.067042,0.109316,-0.03963,0.056691,-0.056727,0.083957,0.00117,0.001908
0,-0.07974,-0.085734,-0.163069,-0.197503,-0.159332,-0.217255,0.001392,0.001496
0,-0.116446,-0.015513,-0.009601,0.070631,-0.007691,0.090036,0.002032,0.000271
0,-0.099856,0.087369,-0.010673,0.089312,0.032616,0.057768,0.001743,0.001525
0,0.020923,-0.004668,0.108125,-0.084087,0.088963,-0.068116,0.000365,8.1e-05
0,-0.042817,-0.038118,-0.053636,-0.053692,-0.017065,-0.008614,0.000747,0.000665
0,0.045795,-0.171516,0.062985,-0.119373,0.043407,-0.086022,0.000799,0.002624
0,0.012511,0.094607,-0.050863,0.27208,-0.004505,0.283326,0.000218,0.001651
0,-0.035454,-0.030599,-0.077863,-0.098886,-0.057597,-0.148423,0.000619,0.000534
0,0.222899,-0.018762,0.24727,0.015827,0.290102,0.032255,0.001727,0.000327
0,0.099943,0.023741,-0.149001,0.023092,-0.186036,-0.025357,0.001744,0.000414
0,-0.01953,0.000105,-0.11331,-0.02239,-0.084478,0.002417,0.000341,2e-06
0,0.157413,0.065653,0.196166,0.069155,0.146251,0.038707,0.002747,0.001146
0,-0.085348,-0.118264,-0.271652,-0.175202,-0.245762,-0.162934,0.00149,0.002064
0,-0.022397,0.09523,0.050234,0.228216,0.052306,0.24387,0.000391,0.001662
0,0.076946,-0.070241,0.075234,-0.147415,0.064855,-0.158289,0.001343,0.001226
0,0.061998,0.139335,-0.04025,0.223736,0.007687,0.260695,0.001082,0.002432
0,0.171311,-0.0326,0.084864,-0.183714,0.050715,-0.199796,0.002628,0.000569
0,0.19776,-0.035184,0.029969,-0.00459,0.021746,-0.048157,0.002166,0.000614
0,0.179817,0.116564,-0.023644,0.16955,-0.043746,0.189336,0.002479,0.002034
0,0.296951,-0.040122,0.146698,-0.175158,0.189422,-0.211276,0.000435,0.0007
0,0.134754,0.185286,-0.163236,0.205933,-0.181253,0.169632,0.002352,0.002384
0,0.289537,0.002602,0.154117,-0.212067,0.172396,-0.21436,0.000564,4.5e-05
0,0.108675,0.075618,-0.184845,0.082371,-0.157773,0.046385,0.001897,0.00132
0,0.286436,0.151724,0.180035,0.047699,0.157631,0.018881,0.000618,0.002648
0,0.22257,0.133346,-0.087226,-0.033323,-0.082453,-0.059864,0.001733,0.002327
0,0.138436,-0.059536,-0.0873,-0.20995,-0.087602,-0.186562,0.002416,0.001039
0,0.266986,0.064092,0.117189,0.122292,0.117442,0.151485,0.000958,0.001119
0,0.262637,0.16309,0.012333,0.069377,0.004018,0.076811,0.001034,0.002771
0,0.066435,0.013418,-0.216313,-0.15581,-0.18013,-0.143306,0.00116,0.000234
0,0.304606,-0.07311,0.247224,-0.106243,0.256842,-0.06876,0.000301,0.001276
0,0.288196,0.099977,-0.004866,0.158677,-0.044837,0.133517,0.000588,0.001745
0,0.122876,-0.049632,-0.152621,-0.153861,-0.11414,-0.116611,0.002145,0.000866
0,0.006,0.047523,-0.112956,0.070574,-0.148214,0.11147,0.000105,0.000829
0,0.016466,0.01425,0.003935,-0.008039,0.048847,-0.006092,0.000287,0.000249
0,0.129265,-0.04985,0.118297,-0.086647,0.167679,-0.076164,0.002256,0.00087
0,0.113656,0.047553,-0.03466,0.067939,-0.058059,0.099497,0.001984,0.00083
0,-0.044033,0.11475,-0.154172,0.052379,-0.124985,0.055458,0.000769,0.002003
0,0.114037,0.058762,0.14926,-0.083579,0.15368,-0.089006,0.00199,0.001026
0,0.136345,0.094233,0.026638,0.039067,0.043524,0.014373,0.00238,0.001645
0,0.052983,-0.098036,-0.05688,-0.169301,-0.059054,-0.156772,0.000925,0.001711
0,-0.154746,0.029751,-0.184524,0.132815,-0.152688,0.171156,0.002701,0.000519
0,-0.019409,-0.033563,0.105418,-0.05041,0.06569,-0.039358,0.000339,0.000586
0,0.043116,-0.154614,0.039229,-0.11123,0.078336,-0.084563,0.000753,0.002699
0,-0.179675,0.007456,-0.252065,0.164073,-0.206046,0.153407,0.002482,0.00013
0,-0.016988,0.153637,0.177078,0.123095,0.16534,0.101711,0.000297,0.002681
0,0.090253,0.105444,0.079075,-0.044041,0.037317,-0.062055,0.001575,0.00184
0,0.050421,-0.098945,-0.054294,-0.17961,-0.082527,-0.206634,0.00088,0.001727
0,-0.121399,0.063988,-0.19943,0.18337,-0.218649,0.13514,0.002119,0.001117
0,-0.014065,-0.043502,0.125566,-0.126658,0.090645,-0.081211,0.000245,0.000759
0,-0.188193,0.126334,-0.165368,0.149198,-0.116477,0.163875,0.002333,0.002205
0,-0.042319,0.029323,0.120012,-0.125664,0.124421,-0.15245,0.000739,0.000512
0,0.049834,-0.007956,0.117554,-0.01388,0.130297,-0.021982,0.00087,0.000139
0,-0.149511,0.143418,-0.179422,0.137324,-0.182903,0.124328,0.002609,0.002503
0,-0.03932,-0.099062,0.126904,-0.230912,0.171816,-0.278271,0.000686,0.001729
0,-0.165727,-0.106577,-0.141492,-0.0112,-0.092206,-0.044441,0.002725,0.00186
0,-0.147441,0.151088,-0.005439,0.235727,-0.051611,0.22668,0.002573,0.002637
0,-0.003559,0.009749,0.160975,-0.148185,0.193754,-0.189099,6.2e-05,0.00017
0,0.097447,-0.103158,0.089381,-0.128332,0.08022,-0.07993,0.001701,0.0018
0,0.079871,0.082696,-0.036838,0.17615,0.001669,0.175528,0.001394,0.001443
0,-0.071119,-0.014745,-0.137385,-0.085184,-0.089327,-0.120231,0.001241,0.000257
0,-0.005673,-0.05804,0.080024,-0.035356,0.050215,-0.042307,9.9e-05,0.001013
0,-0.168387,0.029926,-0.148317,0.079426,-0.144106,0.051234,0.002679,0.000522
0,0.072495,0.135727,0.215984,0.129457,0.202683,0.081712,0.001265,0.002369
0,-0.093053,0.087206,-0.18111,-0.03401,-0.226766,-0.013905,0.001624,0.001522
0,0.078264,0.086517,0.185452,0.019326,0.155584,0.062875,0.001366,0.00151
0,0.029274,0.090002,-0.034057,0.012881,-0.024348,0.012006,0.000511,0.001571
0,-0.090281,0.10162,-0.144395,-0.014325,-0.12709,0.003237,0.001576,0.001774
0,0.097701,-0.144665,0.205368,-0.231781,0.228606,-0.245635,0.001705,0.002525
0,-0.040323,-0.121975,-0.154481,0.002924,-0.178551,-0.03808,0.000704,0.002129
0,0.122476,0.000853,0.17755,0.137036,0.138935,0.181492,0.002138,1.5e-05
0,0.0154,-0.12175,-0.114253,-0.137269,-0.107651,-0.177582,0.000269,0.002125
0,0.061509,-0.103886,0.046131,0.007083,0.07638,0.030678,0.001074,0.001813
0,-0.079912,-0.12561,-0.141492,-0.012985,-0.100468,-0.020876,0.001395,0.002192
0,0.219744,-0.123225,0.317557,0.030803,0.319726,0.03289,0.001782,0.002151
0,-0.030957,-0.046324,-0.253828,0.099409,-0.246851,0.141706,0.00054,0.000808
0,0.151,-0.119855,0.211914,-0.075896,0.228259,-0.087148,0.002635,0.002092
0,0.091803,-0.104085,-0.058784,0.024232,-0.027656,0.04134,0.001602,0.001817
0,-0.0283,-0.010624,-0.104806,0.121335,-0.124581,0.156598,0.000494,0.000185
0,0.027766,0.062643,0.049494,0.090927,0.005268,0.105375,0.000485,0.001093
0,0.069147,-0.098353,0.039279,-0.161363,0.00531,-0.125843,0.001207,0.001717
0,0.002943,0.038688,-0.062145,0.113224,-0.068419,0.145729,5.1e-05,0.000675
0,0.103215,-0.076489,0.093162,-0.109639,0.099448,-0.13278,0.001801,0.001335
0,-0.143557,0.136355,-0.218028,0.23616,-0.23512,0.260264,0.002506,0.00238
0,0.045494,0.128327,0.190853,-0.037622,0.154632,-0.070835,0.000794,0.00224
0,-0.017249,-0.114523,-0.051866,-0.236993,-0.080663,-0.211105,0.000301,0.001999
0,0.120258,0.068625,0.164232,0.155471,0.130664,0.178816,0.002099,0.001198
0,-0.052023,0.01209,-0.182655,-0.027864,-0.191315,0.01105,0.000908,0.000211
0,0.08865,-0.016931,0.120444,-0.004435,0.123535,0.002708,0.001547,0.000295
0,0.03095,-0.023421,-0.063966,-0.015862,-0.054671,-0.033848,0.00054,0.000409
0,0.110252,0.04415,0.079142,0.08598,0.11389,0.125796,0.001924,0.000771
0,0.129704,0.111086,0.011022,0.056893,0.03403,0.072513,0.002264,0.001939
0,0.117966,0.06495,-0.028985,-0.069134,-0.075242,-0.06024,0.002059,0.001134
0,-0.037302,-0.06813,-0.144683,-0.103808,-0.101486,-0.087515,0.000651,0.001189
0,-0.064161,0.151331,-0.051699,0.237191,-0.046417,0.216675,0.00112,0.002641
0,-0.004199,0.134312,0.07537,-0.038057,0.027321,-0.081478,7.3e-05,0.002344
0,-0.135157,0.17936,-0.10446,0.043888,-0.119463,0.065706,0.002359,0.002487
0,-0.105948,-0.083316,0.033014,-0.258034,0.057797,-0.293179,0.001849,0.001454
0,0.003434,0.18429,0.1112,0.255574,0.147933,0.271057,6e-05,0.002401
0,-0.123709,-0.06266,-0.140469,-0.276242,-0.147199,-0.262829,0.002159,0.001094
0,0.111154,0.064813,0.227365,0.102393,0.201611,0.07941,0.00194,0.001131
0,-0.069267,0.106942,-0.209148,0.029012,-0.187528,0.067845,0.001209,0.001866
0,-0.13728,0.190623,-0.04234,0.073429,-0.043296,0.074057,0.002396,0.002291
0,-0.066043,0.183541,0.099392,-0.001026,0.074615,-0.005729,0.001153,0.002414
0,-0.111583,0.218209,-0.020544,0.05033,-0.059541,0.067617,0.001947,0.001809
0,-0.202819,0.188112,-0.114632,-0.020993,-0.10303,-0.025736,0.002078,0.002334
0,-0.030656,2.3e-05,0.200994,-0.195418,0.231599,-0.22412,0.000535,0.0
0,-0.066499,0.085122,-0.054293,0.062628,-0.010672,0.044959,0.001161,0.001486
0,-0.072645,0.122695,-0.031043,0.011778,-0.004308,0.028162,0.001268,0.002141
0,-0.087118,0.114766,-0.033461,-0.033518,-0.060478,-0.016978,0.001521,0.002003
0,-0.186183,0.042711,-0.078718,-0.066989,-0.110317,-0.046689,0.002368,0.000745
0,-0.68097,-2.378829,-0.486116,-2.443358,-0.441715,-2.470023,0.00065,0.002196
0,-1.320857,-2.538406,-0.666666,-0.17512,-0.641912,-0.197876,0.000583,0.000637
0,-1.481282,-2.695566,-0.163768,-0.130244,-0.159332,-0.153651,0.002234,0.002106
0,-2.013477,-2.24849,-0.533321,0.472912,-0.580204,0.426595,0.001437,7.9e-05
0,-1.784897,-1.902503,0.245603,0.36256,0.274374,0.322609,0.002553,0.0005
0,-1.700768,-1.227189,0.080153,0.679177,0.08403,0.676676,0.001596,0.001052
0,-1.454447,-1.05058,0.27234,0.195389,0.314926,0.229338,0.002703,0.001484
0,-1.124827,-0.659155,0.341933,0.398587,0.32149,0.370044,0.002779,0.002106
0,-0.476694,-0.304017,0.675961,0.366071,0.680564,0.337306,0.002702,0.002106
0,-0.202765,-0.199975,0.257015,0.085408,0.289127,0.069807,0.002079,0.002106
0,-0.160241,-0.287159,0.067822,-0.091158,0.034284,-0.082925,0.002797,0.002106
0,-0.01817,-0.113858,0.154408,0.190017,0.200598,0.173316,0.000317,0.002106
0,-0.027821,-0.112332,0.018635,0.030523,0.060955,0.060788,0.000486,0.002106
0,0.261227,0.095613,0.259414,0.198875,0.235424,0.194412,0.001058,0.002106
0,0.237205,-0.071995,-0.040882,-0.147541,-0.022831,-0.144588,0.001477,0.002106
0,0.196853,-0.138701,-0.024796,-0.085133,0.024915,-0.099892,0.002182,0.002106
0,0.152147,0.117404,-0.023399,0.236016,0.007787,0.211142,0.002655,0.002106
0,0.109293,-0.124016,-0.028967,-0.222253,-0.071328,-0.225358,0.001908,0.002106
0,-0.044595,-0.107296,-0.144917,0.009642,-0.09873,-0.02234,0.000778,0.002106
0,-0.112431,-0.093521,-0.092191,0.020979,-0.117209,0.033356,0.001962,0.002106
0,0.060938,-0.040547,0.183059,0.071927,0.197662,0.046814,0.001064,0.002106
0,0.024847,0.167562,-0.03728,0.203876,0.010762,0.197713,0.000434,0.002693
0,0.039842,-0.001187,0.018814,-0.160493,-0.031045,-0.118051,0.000695,2.1e-05
0,-0.059687,-0.040004,-0.074306,-0.042423,-0.046409,-0.022447,0.001042,0.000698
0,-0.00453,0.105596,0.0667,0.157558,0.075802,0.154774,7.9e-05,0.001843
0,-0.080318,-0.077827,-0.071392,-0.170189,-0.084538,-0.13972,0.001402,0.001358
0,-0.109464,-0.061292,-0.053647,-0.007172,-0.060415,0.016486,0.001911,0.00107
0,0.103282,0.104756,0.236221,0.157562,0.24488,0.164311,0.001803,0.001828
0,-0.022609,0.111069,-0.153323,-0.018438,-0.177426,0.030158,0.000395,0.001939
0,0.074082,-0.148216,0.067061,-0.286552,0.053872,-0.272349,0.001293,0.002587
0,0.022883,-0.032811,-0.033396,0.123576,-0.027994,0.105256,0.000399,0.000573
0,-0.012586,0.012598,-0.06336,0.033893,-0.013552,0.059837,0.00022,0.00022
0,-0.087137,0.065793,-0.101877,0.049677,-0.116037,0.035229,0.001521,0.001148
0,0.063058,0.055602,0.177692,-0.022802,0.15428,-0.022062,0.001101,0.00097
0,0.131903,-0.188806,0.097245,-0.223077,0.064808,-0.219161,0.002302,0.002322
0,0.094931,-0.081307,-0.039109,0.090328,-0.073319,0.0786,0.001657,0.002106
0,0.168284,0.013599,0.097383,0.093206,0.132964,0.128013,0.00268,0.002106
0,0.137331,-0.085779,-0.023393,-0.090144,-0.061058,-0.071311,0.002397,0.002106
0,0.020316,0.071068,-0.143164,0.176996,-0.123987,0.147752,0.000355,0.002106
0,-0.10173,0.116039,-0.115338,0.056302,-0.159017,0.04144,0.001776,0.002106
0,0.03693,0.069002,0.116097,-0.066482,0.132128,-0.056828,0.000645,0.002106
0,0.221151,-0.048282,0.210545,-0.145703,0.177732,-0.187988,0.001758,0.002106
0,0.101689,-0.154562,-0.096192,-0.106822,-0.105536,-0.082339,0.001775,0.002106
0,0.092042,-0.012126,-0.031336,0.13725,-0.05275,0.154197,0.001606,0.002106
0,0.2547,-0.151629,0.14893,-0.161656,0.183524,-0.121394,0.001172,0.002106
0,0.131544,-0.146617,-0.137109,0.019376,-0.112095,-0.01855,0.002296,0.002106
0,0.274103,0.114815,0.158861,0.28867,0.203208,0.268053,0.000834,0.002106
0,0.234778,-0.002657,-0.022225,-0.14484,0.012771,-0.133293,0.00152,0.002106
0,0.018854,-0.044712,-0.218446,-0.014614,-0.230164,0.000872,0.000329,0.002106
0,0.065663,0.032692,0.024144,0.094829,0.03821,0.110896,0.001146,0.002106
0,0.131977,-0.037617,0.06778,-0.095031,0.04242,-0.053698,0.002303,0.002106
0,-0.056068,-0.139966,-0.191261,-0.128985,-0.166059,-0.138736,0.000979,0.002106
0,0.086552,0.008396,0.170987,0.163617,0.208891,0.199576,0.001511,0.002106
0,-0.066203,-0.075103,-0.173769,-0.09165,-0.145232,-0.111055,0.001155,0.002106
0,-0.96365,1.869811,-0.868338,1.957347,-0.845255,1.942725,3.4e-05,0.001071
0,-1.889846,1.986166,-0.94631,0.090635,-0.91859,0.134105,0.000721,0.00096
0,-1.891727,2.066382,-0.015677,0.077301,-0.06167,0.054807,0.000688,0.00236
0,-1.877924,1.937957,-0.013239,-0.11931,-0.025647,-0.13764,0.000929,0.000119
0,-1.594771,1.605023,0.301369,-0.335909,0.286151,-0.290776,0.000254,7.5e-05
0,-1.313661,1.299957,0.305789,-0.330199,0.353759,-0.344169,0.000458,0.000218
0,-1.172338,0.755375,0.122357,-0.539597,0.125767,-0.499887,0.002009,0.001949
0,-0.764659,0.659003,0.398152,-0.121345,0.413573,-0.106427,0.002111,0.000267
0,-0.411018,0.410614,0.367287,-0.272657,0.367384,-0.277743,0.001556,0.001549
0,-0.052807,0.2649,0.361846,-0.168687,0.313213,-0.200043,0.000922,0.000994
0,0.154933,0.058745,0.194711,-0.184972,0.195855,-0.137886,0.002704,0.001025
0,0.290738,0.023085,0.130533,-0.062989,0.119069,-0.05677,0.000543,0.000403
0,0.208917,-0.072253,-0.09452,-0.076057,-0.128048,-0.052428,0.001971,0.001261
0,0.312165,-0.136314,0.120119,-0.053586,0.090395,-0.023981,0.000169,0.002379
0,0.182171,-0.322832,-0.15874,-0.172176,-0.134133,-0.207808,0.002438,1.7e-05
0,0.018381,-0.198695,-0.16918,0.15397,-0.216414,0.116508,0.000321,0.00215
0,0.128932,-0.063532,0.129228,0.133787,0.166849,0.174531,0.00225,0.001109
0,0.07674,-0.01031,-0.070496,0.077468,-0.039934,0.105978,0.001339,0.00018
0,0.025347,-0.22258,-0.059345,-0.218203,-0.04725,-0.226819,0.000442,0.001733
0,0.2206,-0.170416,0.172274,0.061245,0.139667,0.017729,0.001767,0.002643
0,0.121577,0.019182,-0.06915,0.18631,-0.022965,0.231295,0.002122,0.000335
0,-0.078412,-0.069095,-0.178759,-0.071191,-0.155255,-0.054722,0.001369,0.001206
0,0.063725,-0.043544,0.135139,0.05189,0.178418,0.035443,0.001112,0.00076
0,0.060463,0.071348,0.01984,0.094279,-0.018452,0.084674,0.001055,0.001245
0,0.022369,-0.011897,-0.065608,-0.107544,-0.048361,-0.096178,0.00039,0.000208
0,0.025534,-0.049159,0.014341,-0.034516,0.000451,-0.027709,0.000446,0.000858
0,0.017514,0.058392,0.013516,0.09789,0.000271,0.134528,0.000306,0.001019
0,0.128254,0.053022,0.139228,-0.005295,0.159375,-0.004801,0.002238,0.000925
0,0.045977,0.181013,-0.099877,0.119634,-0.098009,0.137867,0.000802,0.002458
0,-0.153251,0.070153,-0.171486,-0.11251,-0.210608,-0.149142,0.002675,0.001224
0,-0.05093,-0.026457,0.107362,-0.12461,0.151321,-0.104931,0.000889,0.000462
0,-0.014635,0.119621,0.044773,0.167355,0.025842,0.120486,0.000255,0.002088
0,0.087908,-0.092898,0.100493,-0.240995,0.08727,-0.283975,0.001534,0.001621
0,-0.056691,0.08554,-0.121327,0.167555,-0.167669,0.197167,0.000989,0.001493
0,-0.112593,-0.02347,-0.029154,-0.12905,-0.023097,-0.085438,0.001965,0.00041
0,0.141406,-0.071657,0.231906,-0.02842,0.206236,-0.005117,0.002468,0.001251
0,-0.070946,0.097854,-0.209474,0.146981,-0.198213,0.177821,0.001238,0.001708
0,0.443337,-0.215648,0.535717,-0.305193,0.527043,-0.262909,0.00212,0.001854
0,0.83128,-2.106617,0.412045,-1.868254,0.446841,-1.873223,0.002344,0.002555
0,0.733559,-2.241129,-0.123712,-0.123213,-0.079499,-0.160601,0.001568,0.000207
0,0.546342,-1.97198,-0.208385,0.24901,-0.182254,0.24118,0.0017,0.000713
0,0.646186,-1.710067,0.089433,0.271292,0.077137,0.316293,4.3e-05,0.001759
0,0.655136,-1.257872,0.002056,0.4437,0.02165,0.477474,0.000199,0.000516
0,0.577937,-0.943184,-0.092438,0.295602,-0.116148,0.249982,0.001148,0.000391
0,0.356915,-0.532114,-0.212114,0.407798,-0.194383,0.449233,0.000612,0.001948
0,0.280897,-0.398373,-0.089846,0.125868,-0.063043,0.118304,0.000715,0.002106
0,0.041458,-0.145169,-0.2611,0.268975,-0.248602,0.308627,0.000724,0.002106
0,-0.160897,-0.031634,-0.221803,0.113846,-0.17939,0.163758,0.002808,0.002106
0,-0.151077,0.022907,0.021837,0.065495,0.070838,0.079935,0.002637,0.002106
0,-0.128903,0.256973,0.030751,0.20742,0.07813,0.216004,0.00225,0.001132
0,-0.183155,0.154154,-0.062853,-0.118161,-0.071702,-0.070059,0.002421,0.002691
0,0.018085,0.292829,0.215279,0.132054,0.190836,0.101054,0.000316,0.000507
0,0.007968,0.23168,-0.014367,-0.07113,-0.044624,-0.057509,0.000139,0.001574
0,-0.157739,0.139591,-0.172022,-0.120026,-0.192736,-0.131525,0.002753,0.002436
0,-0.040906,0.135219,0.123795,-0.011044,0.166401,0.018157,0.000714,0.00236
0,0.054285,0.008724,0.092626,-0.111206,0.04372,-0.13215,0.000947,0.000152
0,-0.010552,0.01718,-0.068425,0.004714,-0.063044,0.048123,0.000184,0.0003
0,-0.011013,-0.043858,-0.020506,-0.063613,-0.05395,-0.071985,0.000192,0.000765
0,0.016535,0.078344,0.003426,0.131017,0.001847,0.163934,0.000289,0.001367
0,-0.12639,-0.029942,-0.136889,-0.080062,-0.09685,-0.08082,0.002206,0.000523
0,-0.072937,0.113593,0.046555,0.160451,0.048541,0.172131,0.001273,0.001983
0,-0.188891,0.073366,-0.110486,-0.012928,-0.140936,-0.012001,0.002321,0.00128
0,-0.207586,0.134199,0.00105,0.07382,-0.016187,0.122377,0.001994,0.002342
0,0.082954,0.124622,0.279988,-0.024847,0.328728,-0.029628,0.001448,0.002175
0,0.087623,0.013261,0.001352,-0.140286,-0.026592,-0.109123,0.001529,0.000231
0,0.077867,-0.12214,-0.014387,-0.157882,-0.062324,-0.186808,0.001359,0.002132
0,-0.13829,-0.031994,-0.218623,0.111788,-0.222948,0.105438,0.002414,0.000558
0,-0.023994,0.116976,0.104421,0.178518,0.070258,0.161103,0.000419,0.002042
0,-0.000955,0.167943,0.039684,0.051239,0.035424,0.094873,1.7e-05,0.002686
0,0.196917,0.034135,0.179855,-0.156498,0.228221,-0.132875,0.002181,0.000596
0,0.204497,-0.10119,0.035849,-0.13502,0.049832,-0.175551,0.002048,0.001766
0,0.137012,-0.089819,-0.089607,0.02198,-0.073971,0.013334,0.002391,0.001568
0,0.024973,0.015282,-0.108118,0.112473,-0.101212,0.104929,0.000436,0.000267
0,0.011471,0.086219,-0.006076,0.081552,-0.045853,0.077722,0.0002,0.001505
0,0.105214,-0.103175,0.092908,-0.179806,0.12949,-0.135693,0.001836,0.001801
0,0.197152,0.007981,0.065837,0.085051,0.109914,0.076633,0.002177,0.000139
0,0.23496,0.137303,0.018707,0.143479,0.027551,0.108181,0.001517,0.002396
0,0.021328,0.14516,-0.215568,0.028995,-0.258626,0.018744,0.000372,0.002534
0,0.158561,0.159933,0.165714,0.024732,0.120167,0.032358,0.002767,0.002791
0,0.048526,0.095844,-0.115232,-0.058086,-0.133834,-0.037972,0.000847,0.001673
0,0.212952,-0.070575,0.143538,-0.187256,0.100558,-0.176915,0.001901,0.001232
0,0.198815,-0.042373,0.000643,0.022112,-0.000979,0.060619,0.002148,0.00074
0,0.064898,0.051889,-0.123172,0.092752,-0.08989,0.120821,0.001133,0.000906
0,0.074981,0.1772,0.003964,0.127076,-0.043461,0.08269,0.001309,0.002525
0,0.279914,0.070796,0.181158,-0.102477,0.183567,-0.106919,0.000732,0.001236
0,0.020996,-0.064015,-0.280213,-0.150183,-0.282602,-0.114766,0.000366,0.001117
0,0.06198,0.058997,0.049968,0.095532,0.067904,0.070096,0.001082,0.00103
0,0.002925,0.114558,-0.071651,0.072767,-0.063719,0.040402,5.1e-05,0.001999
0,0.220013,0.189784,0.237838,0.046323,0.230175,0.056963,0.001778,0.002305
0,0.099189,0.121686,-0.107076,-0.074125,-0.108059,-0.038472,0.001731,0.002124
0,0.013808,-0.00881,-0.093638,-0.13116,-0.067692,-0.174795,0.000241,0.000154
0,0.104126,0.108956,0.112695,0.105338,0.098702,0.132856,0.001817,0.001902
0,0.049655,0.072536,-0.069229,-0.049524,-0.090854,-0.086062,0.000867,0.001266
0,-0.043588,0.072842,-0.089944,-0.029401,-0.131685,-0.065965,0.000761,0.001271
0,0.199265,0.141839,0.236963,0.090387,0.273907,0.065865,0.00214,0.002476
0,-0.119347,0.116974,-0.331662,-0.009981,-0.362368,-0.046746,0.002083,0.002042
0,-0.101299,-0.091242,-0.001841,-0.232205,-0.019218,-0.274881,0.001768,0.001592
0,-0.014239,0.088434,0.066741,0.196338,0.0481,0.195623,0.000249,0.001543
0,0.217784,-0.118606,0.220789,-0.192839,0.261202,-0.167347,0.001816,0.00207
0,0.40056,-0.02745,0.177932,0.113684,0.221975,0.148738,0.001374,0.000479
0,0.332211,-0.174607,-0.043372,-0.144348,-0.075577,-0.115904,0.000181,0.00257
0,0.313603,-0.452575,-0.023762,-0.305111,-0.06194,-0.300996,0.000144,0.002281
0,0.330162,-0.231852,0.01924,0.244871,-0.018708,0.236791,0.000145,0.001571
0,0.282082,-0.318116,-0.067668,-0.074486,-0.102198,-0.041287,0.000694,6.5e-05
0,0.184726,-0.369513,-0.105591,-0.066427,-0.132656,-0.09581,0.002393,0.000832
0,0.170605,-0.2267,-0.022487,0.153148,-0.000605,0.161005,0.00264,0.002106
0,0.009578,-0.248084,-0.151408,-0.032328,-0.177598,-0.02153,0.000167,0.002106
0,0.004047,0.011449,0.011135,0.283515,0.016514,0.278548,7.1e-05,0.002106
0,-0.17537,-0.198218,-0.181928,-0.212214,-0.168057,-0.190361,0.002557,0.002106
0,-0.124508,0.115936,0.024852,0.308837,0.005958,0.321664,0.002173,0.002106
0,-0.043327,-0.06433,0.072827,-0.162887,0.109401,-0.201698,0.000756,0.002106
0,-0.098663,0.019759,-0.044216,0.054293,-0.016524,0.018015,0.001722,0.002106
0,0.108259,0.092498,0.211998,0.059028,0.197031,0.04922,0.001889,0.002106
0,0.085502,-0.050584,-0.044016,-0.151993,-0.074221,-0.113368,0.001492,0.002106
0,-0.099316,0.049714,-0.18664,0.116526,-0.173266,0.118365,0.001733,0.002106
0,0.03947,0.057913,0.136078,0.002495,0.172486,0.042089,0.000689,0.002106
0,0.027875,0.171946,0.00216,0.113699,0.02215,0.088282,0.000487,0.002616
0,0.043668,0.146307,0.041629,-0.013911,0.042062,-0.013149,0.000762,0.002554
0,0.116736,-0.135282,0.051516,-0.276749,0.064328,-0.252313,0.002037,0.002361
0,-0.064927,-0.156845,-0.183799,-0.044984,-0.193704,-0.071777,0.001133,0.002737
0,-0.132356,0.088328,-0.084741,0.240504,-0.124173,0.287003,0.00231,0.001542
0,-0.075055,-0.182775,0.043949,-0.275585,0.037466,-0.302822,0.00131,0.002427
0,-0.018481,-0.055903,0.065116,0.150866,0.062529,0.17162,0.000323,0.002106
0,-0.003523,0.046429,0.027463,0.124687,0.057393,0.123512,6.1e-05,0.002106
0,-0.016337,0.029274,-0.02958,-0.034473,-0.000835,-0.002663,0.000285,0.002106
0,0.083935,0.095706,0.123315,0.048818,0.149363,0.081677,0.001465,0.002106
0,-0.030104,0.10483,-0.08891,0.020345,-0.124654,-0.016411,0.000525,0.002106
0,-0.138264,0.124723,-0.103133,0.017957,-0.05853,0.007656,0.002413,0.002177
0,0.121116,-0.010295,0.254626,-0.160038,0.219277,-0.199272,0.002114,0.002106
0,-0.141372,0.041566,-0.232746,0.069626,-0.182789,0.071596,0.002467,0.002106
0,-0.055493,-0.035794,0.086563,-0.06589,0.060089,-0.10148,0.000969,0.002106
0,-0.12277,-0.084087,-0.093331,-0.04886,-0.127118,-0.068236,0.002143,0.002106
0,0.121261,0.064359,0.224766,0.161196,0.270686,0.147836,0.002116,0.002106
0,0.124212,0.146603,-0.021332,0.092158,-0.068659,0.072939,0.002168,0.002559
0,0.020589,-0.065323,-0.097032,-0.227551,-0.115641,-0.199146,0.000359,0.002106
0,0.011126,0.05442,-0.005617,0.139734,0.038561,0.145475,0.000194,0.002106
0,0.048188,0.111282,0.031296,0.033044,-0.014867,0.052613,0.000841,0.002106
0,0.018722,0.219422,-0.002425,0.128581,-0.039221,0.145392,0.000327,0.001788
0,-0.164352,0.100202,-0.190914,-0.143658,-0.181007,-0.150289,0.002749,0.001749
0,0.095692,-0.054604,0.268168,-0.175681,0.221151,-0.163273,0.00167,0.000953
0,0.124457,-0.062748,0.04369,-0.037237,0.010078,-0.04025,0.002172,0.001095
0,-0.114252,0.213772,-0.222439,0.276164,-0.255995,0.2655,0.001994,0.001886
0,0.015195,-0.048147,0.11237,-0.273654,0.161983,-0.265608,0.000265,0.00084
0,-0.04134,0.188197,-0.061109,0.256972,-0.035974,0.280116,0.000722,0.002333
0,-0.026041,0.166797,0.041181,0.001957,0.074609,0.014547,0.000455,0.002706
0,0.08891,0.158721,0.119893,-0.034083,0.112029,-0.075788,0.001552,0.00277
0,-0.115404,0.048601,-0.175094,-0.118308,-0.146395,-0.146072,0.002014,0.000848
0,-0.140224,-0.100987,-0.015993,-0.163968,-0.052886,-0.147779,0.002447,0.001763
0,-0.00141,-0.168964,0.162015,-0.049472,0.188611,-0.018801,2.5e-05,0.002669
0,-0.105665,-0.059971,-0.09546,0.118684,-0.08333,0.108547,0.001844,0.001047
0,0.035754,-0.073701,0.122259,0.01496,0.14526,0.05944,0.000624,0.001286
0,-0.107151,0.011013,-0.166695,0.087209,-0.122744,0.042114,0.00187,0.000192
0,-0.110967,0.09962,-0.03268,0.110568,0.00422,0.137225,0.001937,0.001739
0,-0.197252,-0.088201,-0.083511,-0.164043,-0.092494,-0.132632,0.002175,0.001539
0,0.038359,0.052966,0.246698,0.124868,0.288785,0.094358,0.000669,0.000924
0,-1.722513,0.046647,-1.742332,-0.012514,-1.771138,-0.003136,0.001976,0.000814
0,-1.961778,0.305457,-0.237126,0.244761,-0.267413,0.255157,0.000534,0.000286
0,-1.533412,0.217283,0.421503,-0.083202,0.448965,-0.132815,0.001324,0.001825
0,-1.544756,0.48411,-0.018011,0.2574,0.000256,0.215623,0.001126,0.002786
0,-1.496482,0.231539,0.047727,-0.254634,0.041315,-0.233428,0.001969,0.001576
0,-1.250296,0.223361,0.245624,0.008091,0.248431,-0.001102,0.000648,0.001719
0,-0.800952,0.20783,0.443889,0.012288,0.42005,0.014079,0.002744,0.00199
0,-0.598597,0.245678,0.209582,0.007914,0.232818,0.023572,0.000788,0.00133
0,-0.249185,0.200042,0.375412,-0.028898,0.341402,-0.060275,0.001268,0.002126
0,-0.122856,-0.032283,0.143375,-0.221031,0.192712,-0.250183,0.002144,0.000563
0,0.163318,-0.039432,0.314236,-0.005133,0.360655,0.036792,0.002767,0.000688
0,0.073704,-0.089703,-0.111175,-0.079301,-0.083089,-0.051362,0.001286,0.001566
0,0.124726,-0.113892,0.061623,-0.00635,0.099122,-0.008449,0.002177,0.001988
0,0.188267,0.092773,0.064033,0.225218,0.061484,0.235121,0.002332,0.001619
0,0.228711,0.095304,0.040278,0.011482,0.00339,0.015068,0.001626,0.001663
0,0.08701,0.093186,-0.111999,-0.00572,-0.161349,0.014605,0.001519,0.001626
0,-0.056695,0.096478,-0.143051,0.001123,-0.097513,-0.008718,0.00099,0.001684
0,-0.009506,-0.113515,0.032779,-0.211004,-0.011972,-0.190148,0.000166,0.001981
0,0.161055,-0.029817,0.195456,0.072851,0.205746,0.110549,0.002807,0.00052
0,0.06914,-0.058554,-0.079541,-0.031012,-0.066384,-0.012403,0.001207,0.001022
0,0.091429,0.084533,0.014686,0.139782,0.040175,0.153344,0.001596,0.001475
0,0.006542,-0.130832,-0.089683,-0.220368,-0.064235,-0.206459,0.000114,0.002283
0,-0.188724,0.062645,-0.188459,0.193685,-0.182132,0.193212,0.002324,0.001093
0,-0.183273,0.026542,0.020727,-0.007365,0.040374,-0.015166,0.002419,0.000463
0,-0.055031,-0.095882,0.106025,-0.124848,0.117282,-0.157069,0.00096,0.001673
0,0.025767,-0.174108,0.050811,-0.076468,0.01363,-0.080071,0.00045,0.002579
0,0.165078,-0.163454,0.16614,0.007656,0.209983,0.048435,0.002736,0.002765
0,0.134751,0.107021,-0.028621,0.284732,-0.007323,0.272345,0.002352,0.001868
0,0.120041,0.131271,0.013839,0.00785,0.037408,0.011353,0.002095,0.002291
0,-0.017532,0.062917,-0.134989,-0.091612,-0.122151,-0.078362,0.000306,0.001098
0,0.623499,-0.20856,0.634071,-0.264956,0.605773,-0.234504,0.000353,0.001977
0,1.461961,-0.527457,0.827737,-0.291451,0.782381,-0.297484,0.002572,0.002029
0,1.517435,-0.5654,0.026161,-0.032763,0.04592,-0.049184,0.001603,0.001367
0,1.733335,-0.598713,0.203558,-0.052307,0.197617,-0.009452,0.002165,0.000785
0,1.911539,-0.533007,0.168077,0.092971,0.11852,0.096699,0.000342,0.001932
0,1.571174,-0.369539,-0.313053,0.183515,-0.353863,0.190821,0.000665,0.002106
0,1.249991,-0.163619,-0.302964,0.199096,-0.28844,0.158886,0.000654,0.002106
0,0.868628,-0.001981,-0.40593,0.153493,-0.430171,0.109335,0.001692,0.002106
0,0.467768,-0.157088,-0.420332,-0.183823,-0.462226,-0.217656,0.002547,0.002106
0,0.275892,-0.122337,-0.208834,0.058466,-0.198892,0.074688,0.000802,0.002106
0,0.073325,-0.154373,-0.179852,-0.053519,-0.214066,-0.016951,0.00128,0.002106
0,-0.046518,0.070445,-0.123443,0.200261,-0.086093,0.186218,0.000812,0.002106
0,0.128309,0.132462,0.190984,0.070464,0.144054,0.040936,0.002239,0.002312
0,0.066175,-0.079161,-0.052106,-0.221327,-0.0951,-0.228932,0.001155,0.002106
0,-0.093414,0.167486,-0.162392,0.261145,-0.191134,0.252966,0.00163,0.002694
0,-0.074339,0.039786,-0.010711,-0.14678,-0.006124,-0.1135,0.001297,0.000694
0,-0.16285,-0.169751,-0.090442,-0.238991,-0.134724,-0.269744,0.002775,0.002655
0,0.019524,0.119633,0.154319,0.269097,0.157159,0.263891,0.000341,0.002106
0,-0.207986,0.063935,-0.251244,-0.0522,-0.220478,-0.018678,0.001987,0.002106
0,0.009943,0.14226,0.225462,0.071,0.266232,0.09468,0.000174,0.002483
0,-0.157303,0.138458,-0.185142,-0.016593,-0.231452,-0.034176,0.002745,0.002417
0,0.090662,0.125802,0.276303,0.005289,0.283463,-0.023611,0.001582,0.002196
0,-0.07142,-0.00563,-0.13236,-0.11442,-0.17992,-0.114512,0.001247,0.002106
0,0.123567,0.169941,0.177896,0.177829,0.193432,0.195035,0.002157,0.002651
0,0.042402,-0.077245,-0.10968,-0.243417,-0.097906,-0.267702,0.00074,0.001348
0,0.008818,-0.016791,-0.02452,0.05269,-0.072516,0.067858,0.000154,0.000293
0,0.01758,0.123866,-0.018311,0.152759,-0.050555,0.181298,0.000307,0.002162
0,0.032298,-0.075129,0.023062,-0.205997,0.008918,-0.18565,0.000564,0.001311
0,-0.185441,-0.090855,-0.191928,-0.014858,-0.173991,0.018308,0.002381,0.001586
0,0.007824,-0.082918,0.180573,0.008347,0.197078,-0.009565,0.000137,0.001447
0,0.156706,-0.021939,0.162954,0.046989,0.210405,0.083636,0.002735,0.000383
0,-0.106866,-0.02894,-0.244174,-0.029286,-0.251459,-0.031987,0.001865,0.000505
0,0.160982,0.096655,0.244942,0.106623,0.222572,0.080782,0.002808,0.001687
0,0.039181,0.1081,-0.106592,0.014096,-0.058416,0.023858,0.000684,0.001887
0,-0.029857,0.065629,-0.098723,-0.071557,-0.131136,-0.082123,0.000521,0.001145
0,0.084804,0.083051,0.126618,0.007321,0.14548,-0.037779,0.00148,0.00145
0,0.008408,-0.101101,-0.080277,-0.209397,-0.128941,-0.194873,0.000147,0.001765
0,-0.087029,-0.036697,-0.090138,0.093442,-0.111674,0.102594,0.001519,0.00064
0,0.017475,0.124953,0.107553,0.149248,0.109791,0.192875,0.000305,0.002181
0,-2.374397,-0.005502,-2.370068,-0.15047,-2.368576,-0.111064,0.002118,9.6e-05
0,-2.582673,-0.004606,-0.189438,-0.019422,-0.19033,0.005935,0.000136,8e-05
0,-2.514001,-0.113597,0.048701,-0.120888,0.004332,-0.099709,0.001062,0.001983
0,-1.823819,-0.063198,0.695305,0.066592,0.719697,0.052781,0.001873,0.001103
0,-1.840087,-0.093088,-0.024281,-0.048111,-0.070541,-0.069166,0.001589,0.001625
0,-1.413896,-0.043337,0.404784,0.02139,0.355041,0.053266,0.002207,0.000756
0,-0.964591,-0.102135,0.435337,-0.052272,0.466384,-0.003531,1.7e-05,0.001783
0,-0.698769,0.094652,0.253185,0.199513,0.249832,0.237189,0.000961,0.001652
0,-0.433618,-0.079086,0.289293,-0.17317,0.313804,-0.173837,0.001951,0.00138
0,-0.31644,0.040197,0.092514,0.100773,0.103567,0.119355,9.5e-05,0.000702
0,-0.193309,-0.145665,0.124849,-0.162134,0.089129,-0.129437,0.002244,0.002542
0,-0.083,-0.178001,0.116603,-0.027306,0.105961,0.016379,0.001449,0.002511
0,-0.120989,-0.039625,-0.030332,0.1561,0.003189,0.158947,0.002112,0.002106
0,-0.106456,-0.1383,0.031677,-0.092503,0.013825,-0.082836,0.001858,0.002106
0,-0.297668,-0.057986,-0.207153,0.091719,-0.184926,0.09809,0.000422,0.002106
0,-0.189296,0.02292,0.081013,0.087844,0.097133,0.122357,0.002314,0.002106
0,-0.031795,-0.042121,0.184418,-0.079718,0.17173,-0.128005,0.000555,0.002106
0,0.013061,-0.123291,0.045122,-0.08779,0.069624,-0.059604,0.000228,0.002106
0,-0.219317,-0.071638,-0.224639,0.032382,-0.249052,0.007207,0.00179,0.002106
0,-0.188457,0.156895,0.037647,0.256753,0.069915,0.304999,0.002328,0.002738
0,-0.032006,-0.055008,0.154143,-0.206738,0.104642,-0.208282,0.000559,0.002106
0,-0.108365,0.141547,-0.055856,0.202316,-0.087817,0.162377,0.001891,0.00247
0,-0.069173,0.04827,0.025943,-0.090052,0.06836,-0.082663,0.001207,0.002106
0,-0.068623,0.03956,-0.010496,-0.036498,0.030832,-0.012941,0.001198,0.002106
0,-0.176422,0.081714,-0.114303,0.023466,-0.105965,-0.024872,0.002538,0.002106
0,0.020432,0.006691,0.18088,-0.052305,0.154108,-0.081119,0.000357,0.002106
0,-0.139368,-0.060717,-0.134136,-0.086088,-0.148233,-0.126743,0.002432,0.002106
0,-0.193154,0.025854,-0.064191,0.079217,-0.104966,0.032872,0.002246,0.002106
0,-0.114797,-0.016608,0.048714,-0.036572,0.008899,-0.06672,0.002004,0.002106
0,-0.107176,0.035038,0.035328,0.040411,0.01251,0.028383,0.001871,0.002106
0,0.036403,-0.055747,0.142981,-0.061225,0.111654,-0.031699,0.000635,0.002106
0,-0.085964,-0.107247,-0.094493,-0.047993,-0.047132,-0.057849,0.0015,0.002106
0,-0.091023,0.099697,-0.033207,0.229843,-0.061519,0.215896,0.001589,0.002106
0,-0.080917,0.127577,0.023943,0.033192,-0.002539,0.073184,0.001412,0.002227
0,-0.245662,-0.005204,-0.145879,-0.125928,-0.145884,-0.087,0.00133,0.002106
0,-0.262938,0.054512,-0.007541,0.045519,0.012414,-0.000752,0.001028,0.002106
0,-0.265076,0.168467,-0.031323,0.125605,-0.042403,0.144868,0.000991,0.002677
0,-0.049717,0.025272,0.18631,-0.164326,0.177925,-0.114462,0.000868,0.000441
0,0.030352,0.182224,0.056431,0.176287,0.054788,0.183555,0.00053,0.002437
0,-0.137403,-0.031976,-0.153676,-0.24151,-0.193847,-0.214483,0.002398,0.000558
0,0.023654,0.079736,0.162061,0.11573,0.163846,0.118077,0.000413,0.001392
0,0.040571,-0.020144,0.009807,-0.103735,-0.001645,-0.065145,0.000708,0.000352
0,0.021149,-0.089555,-0.038052,-0.04428,-0.029272,-0.038245,0.000369,0.001563
0,0.030081,0.177265,0.031247,0.292922,0.070347,0.30323,0.000525,0.002524
0,-0.17845,0.109913,-0.236742,-0.055923,-0.252384,-0.097229,0.002503,0.001918
0,-0.155745,0.104848,0.002775,-0.000805,-0.039018,0.039779,0.002718,0.00183
0,-0.052089,0.065825,0.130238,-0.05381,0.114777,-0.037658,0.000909,0.001149
0,-0.121402,0.032985,-0.091906,-0.058414,-0.062259,-0.038297,0.002119,0.000576
0,-0.127805,0.048611,-0.014382,-0.009538,-0.042228,-0.020468,0.002231,0.000848
0,-0.063413,-0.122503,0.041134,-0.185632,0.022816,-0.215115,0.001107,0.002138
0,-0.197791,-0.096338,-0.129651,0.021589,-0.159331,0.057918,0.002165,0.001681
0,-0.158108,0.097706,0.020746,0.214437,-0.019886,0.246977,0.00276,0.001705
0,0.155833,0.063818,0.325361,-0.017522,0.357535,-0.045531,0.00272,0.001114
0,-0.13035,0.102832,-0.292479,0.029763,-0.320634,0.014139,0.002275,0.001795
0,-0.067748,-0.065489,0.091977,-0.147711,0.112966,-0.141913,0.001182,0.001143
0,-0.058946,0.012661,0.010171,0.102905,0.024306,0.066825,0.001029,0.000221
0,0.087812,-0.073971,0.147811,-0.096387,0.137786,-0.102567,0.001533,0.001291
0,-0.062961,0.029816,-0.141006,0.115381,-0.124721,0.07165,0.001099,0.00052
0,-0.182435,0.051333,-0.141196,-0.002613,-0.159673,-0.017602,0.002433,0.000896
0,-0.078351,-0.018885,0.122088,-0.095555,0.106567,-0.086997,0.001367,0.00033
0,-0.129983,-0.017689,-0.058785,0.00212,-0.086274,0.010124,0.002269,0.000309
0,-0.014319,0.04671,0.138858,0.091099,0.120587,0.051922,0.00025,0.000815
0,0.102653,0.053403,0.109009,-0.007085,0.126421,-0.028101,0.001792,0.000932
0,-0.074575,-0.072031,-0.162857,-0.112075,-0.14196,-0.077533,0.001302,0.001257
0,0.025721,-0.188738,0.086689,-0.14469,0.116944,-0.105579,0.000449,0.002323
0,-0.043397,-0.088731,-0.068272,0.078992,-0.025881,0.06217,0.000757,0.001549
0,-0.125508,-0.183018,-0.072299,-0.099915,-0.10915,-0.108085,0.002191,0.002423
0,-0.12708,-0.103188,-0.012204,0.079092,-0.021487,0.121382,0.002218,0.001801
0,-0.098984,-0.002941,0.013586,0.105987,-0.035038,0.155236,0.001728,5.1e-05
0,0.055122,-0.070786,0.158919,-0.04127,0.145718,-0.002257,0.000962,0.001235
0,3.406999,-0.014057,3.378711,0.044647,3.334104,-0.000789,0.002329,0.000245
0,3.870816,-0.026105,0.437855,-0.003358,0.46495,-0.049776,0.000148,0.000456
0,3.743996,-0.034228,-0.121282,0.019896,-0.141173,0.023839,0.002065,0.000597
0,3.332473,-0.064392,-0.418164,-0.005988,-0.373991,0.011013,0.001988,0.001124
0,2.686223,0.061106,-0.654553,0.12108,-0.641818,0.133945,0.001943,0.001067
0,1.748673,0.065827,-0.936325,-0.015018,-0.891414,-0.024499,0.002433,0.001149
0,1.384745,0.012012,-0.382184,-0.08162,-0.352044,-0.113248,0.001698,0.00021
0,1.189516,0.008724,-0.221864,-0.027337,-0.213926,0.021509,0.001709,0.000152
0,0.458454,0.01679,-0.71032,-0.0149,-0.732801,0.01795,0.002384,0.000293
0,0.086689,-0.185978,-0.377348,-0.176545,-0.379979,-0.19652,0.001513,0.002372
0,-0.002203,-0.048222,-0.115723,0.128651,-0.07124,0.142796,3.8e-05,0.002106
0,-0.356802,0.058524,-0.376013,0.086125,-0.367733,0.098541,0.00061,0.002106
0,-0.338589,-0.129451,0.04343,-0.17498,0.088493,-0.145341,0.000292,0.002106
0,-0.081015,0.092106,0.282773,0.226258,0.297012,0.245601,0.001414,0.002106
0,-0.157368,-0.058376,-0.097894,-0.167935,-0.094405,-0.188368,0.002747,0.002106
0,-0.114477,0.085658,0.056201,0.120978,0.075186,0.102165,0.001998,0.002106
0,-0.394001,0.11644,-0.27142,0.024929,-0.277589,0.011616,0.001259,0.002106
0,-0.200862,-0.040542,0.172315,-0.159494,0.200796,-0.205463,0.002112,0.002106
0,-0.05392,0.002681,0.157119,0.01637,0.17416,0.027608,0.000941,0.002106
0,-0.203952,-0.099575,-0.15869,-0.110984,-0.143496,-0.119301,0.002058,0.002106
0,-0.178457,0.113751,0.007719,0.193827,-0.034174,0.229641,0.002503,0.002106
0,0.084186,-0.107397,0.238033,-0.203487,0.208591,-0.209121,0.001469,0.002106
0,0.116702,-0.115641,0.062437,-0.009925,0.070829,0.005354,0.002037,0.002106
0,-0.038076,-0.098751,-0.178301,0.040164,-0.147458,0.032511,0.000665,0.002106
0,-0.026211,-0.050108,0.035723,0.070114,0.04677,0.023201,0.000457,0.002106
0,-0.053941,0.07029,-0.048047,0.107047,-0.016497,0.100573,0.000941,0.002106
0,0.139919,-0.095997,0.20966,-0.19436,0.22025,-0.214772,0.002442,0.002106
0,0.035484,0.116053,-0.13319,0.201723,-0.174345,0.177321,0.000619,0.002106
0,0.089005,-0.125431,0.038682,-0.270476,0.062459,-0.27611,0.001553,0.002106
0,0.083622,0.020609,-0.017809,0.162054,0.00175,0.116852,0.001459,0.002106
0,-0.070036,-0.104771,-0.127312,-0.113007,-0.144111,-0.066124,0.001222,0.002106
0,0.138532,-0.079732,0.23455,0.04769,0.258205,0.081622,0.002418,0.002106
0,0.148261,-0.045838,0.023209,0.047502,0.042002,0.048953,0.002588,0.002106
0,-0.032255,0.078458,-0.180334,0.134368,-0.223886,0.092486,0.000563,0.002106
0,0.068003,0.064536,0.112288,0.001249,0.085196,-0.009836,0.001187,0.002106
0,-0.124095,0.155438,-0.167431,0.090458,-0.202966,0.118803,0.002166,0.002713
0,-0.13758,0.113747,-0.021494,-0.051698,0.019681,-0.061423,0.002401,0.002106
0,0.152384,-0.111974,0.301858,-0.240899,0.333288,-0.211959,0.00266,0.002106
0,-0.022444,0.029654,-0.175737,0.115932,-0.137876,0.105458,0.000392,0.002106
0,0.077359,-0.116728,0.092054,-0.131993,0.043074,-0.149816,0.00135,0.002106
0,0.008534,-0.034896,-0.044115,0.054598,-0.016518,0.067777,0.000149,0.002106
0,-0.094938,0.010316,-0.084533,0.032397,-0.111712,0.00559,0.001657,0.002106
0,-0.148804,-0.010176,-0.037569,-0.041147,-0.038481,-0.01032,0.002597,0.002106
0,-0.099456,0.048945,0.034605,0.060183,0.016417,0.093093,0.001736,0.002106
0,-0.141123,-0.002029,-0.018432,-0.067505,0.018404,-0.092127,0.002463,0.002106
0,0.061018,0.027455,0.211243,0.040576,0.247786,-0.004912,0.001065,0.002106
0,0.139483,-0.010132,0.077163,-0.062035,0.045656,-0.029193,0.002434,0.002106
0,-0.021723,0.079127,-0.186056,0.094781,-0.224186,0.061243,0.000379,0.002106
0,-0.09159,-0.028421,-0.053659,-0.120163,-0.08175,-0.089117,0.001599,0.002106
0,-0.060001,0.018642,0.012472,0.022839,0.02146,0.014749,0.001047,0.002106
0,-0.059267,-0.013891,0.008494,-0.023657,0.039844,-0.022809,0.001034,0.002106
0,-0.165242,0.072966,-0.078701,0.095552,-0.084727,0.108503,0.002733,0.002106
0,0.035146,-0.072996,0.22444,-0.1516,0.24319,-0.105617,0.000613,0.002106
0,-0.077823,-0.070174,-0.089746,0.030634,-0.123947,0.046037,0.001358,0.002106
0,0.015331,0.060622,0.078407,0.13651,0.107719,0.117159,0.000268,0.002106
0,0.095468,0.05396,0.105106,0.015073,0.0634,0.059691,0.001666,0.002106
0,-0.103096,0.078459,-0.168627,0.023113,-0.176983,-0.023757,0.001799,0.002106
0,-0.041991,-0.131507,0.054427,-0.192494,0.089739,-0.158918,0.000733,0.002106
0,0.009215,-0.04871,0.061563,0.076183,0.012978,0.046725,0.000161,0.002106
0,0.106025,-0.047816,0.106933,0.01244,0.153091,-0.0241,0.00185,0.002106
0,-1.787768,0.65075,-1.882763,0.670785,-1.851451,0.652246,0.002503,0.000123
0,-2.984275,1.018826,-1.207957,0.372302,-1.20939,0.38834,0.001528,0.000929
0,-4.526771,1.174558,-1.529586,0.162595,-1.510003,0.140223,0.000362,0.00197
0,-4.116463,0.925533,0.440068,-0.229173,0.439109,-0.247501,0.001182,0.000699
0,-3.773964,0.812039,0.330655,-0.125018,0.30793,-0.14428,0.001542,0.00268
0,-3.506069,0.683446,0.295595,-0.122381,0.294903,-0.129913,0.0006,0.000693
0,-3.014907,0.737713,0.510324,0.032922,0.50358,0.069871,0.002062,0.00164
0,-2.146398,0.335806,0.859541,-0.425068,0.849479,-0.448012,0.001861,0.000243
0,-1.984021,0.453306,0.164894,0.138274,0.116954,0.139184,0.000923,0.002294
0,-1.519208,0.249682,0.461032,-0.226487,0.411919,-0.212096,0.001572,0.00126
0,-0.744672,0.089662,0.774308,-0.138291,0.789179,-0.130498,0.001762,0.001565
0,-0.447672,0.135406,0.268831,0.067201,0.307862,0.038161,0.002196,0.002363
0,-0.449171,-0.071086,0.016432,-0.214424,-0.011411,-0.202143,0.002222,0.001241
0,-0.44178,0.060766,0.032902,0.160725,0.069935,0.195197,0.002093,0.001061
0,-0.439247,0.037654,0.012797,-0.040495,0.000983,-0.025811,0.002049,0.000657
0,-0.431615,-0.018071,-0.00688,-0.033001,0.033851,-0.060877,0.001916,0.000315
0,-0.468614,-0.077356,-0.0185,-0.074911,-0.00017,-0.089608,0.002561,0.00135
0,-0.401335,0.047483,0.087777,0.136224,0.11874,0.123492,0.001387,0.000829
0,-0.237016,0.034752,0.164743,6.6e-05,0.173443,-0.032226,0.001481,0.000607
0,-0.379435,0.044838,-0.145059,-0.016917,-0.1207,-0.003657,0.001005,0.000783
0,-0.300351,0.000867,0.069374,-0.020836,0.053085,-0.01035,0.000375,1.5e-05
0,-0.123649,-0.13709,0.163083,-0.127776,0.141387,-0.175089,0.002158,0.002393
0,-0.041266,0.097626,0.06489,0.255738,0.021553,0.257192,0.00072,0.001704
0,-0.310498,0.09327,-0.278914,0.008566,-0.273022,-0.001065,0.000198,0.001628
0,-0.037051,0.05249,0.297707,-0.038181,0.344298,-0.03383,0.000647,0.000916
0,-0.103024,-0.062605,-0.08358,-0.130356,-0.117127,-0.106227,0.001798,0.001093
0,-0.149797,-0.129323,-0.026267,-0.086415,-0.027052,-0.127832,0.002614,0.002257
0,-0.015243,-0.127379,0.123566,-5.9e-05,0.171092,-0.026602,0.000266,0.002223
0,-0.068776,0.047149,-0.058846,0.193302,-0.013094,0.15675,0.0012,0.000823
0,-0.053874,-0.065668,0.023437,-0.130349,0.004318,-0.116164,0.00094,0.001146
0,-0.084351,-0.095046,-0.042357,-0.043018,-0.060336,-0.022822,0.001472,0.001659
0,0.045002,-0.077286,0.123136,-0.005292,0.135323,-0.026153,0.000785,0.001349
0,-0.031243,-0.037005,-0.103844,0.058798,-0.137588,0.039732,0.000545,0.000646
0,-0.148371,-0.159427,-0.114816,-0.140149,-0.077051,-0.116807,0.00259,0.002783
0,-0.142242,-0.154985,0.001172,-0.00238,0.024614,-0.010609,0.002483,0.002705
0,-0.303956,0.116387,-0.139864,0.295595,-0.156271,0.296381,0.000312,0.002031
0,-0.271725,-0.040524,0.04633,-0.1776,0.024443,-0.184215,0.000875,0.000707
0,-0.083559,0.031475,0.207598,0.069874,0.246033,0.080588,0.001458,0.000549
0,-0.242774,-0.014783,-0.161475,-0.047042,-0.116244,-0.017978,0.00138,0.000258
0,-0.105683,0.072605,0.123276,0.105989,0.107325,0.065655,0.001845,0.001267
0,-0.059287,-0.058314,0.025471,-0.123373,0.033069,-0.076204,0.001035,0.001018
0,-0.120393,-0.039737,-0.059358,0.028725,-0.055177,0.04794,0.002101,0.000694
0,-0.023017,0.126991,0.123812,0.153896,0.15563,0.140588,0.000402,0.002216
0,-0.168698,-0.024713,-0.162908,-0.139611,-0.162244,-0.130992,0.002673,0.000431
0,-0.294072,0.007452,-0.152539,0.018805,-0.111133,-0.004481,0.000485,0.00013
0,-0.169726,0.025043,0.120189,0.020267,0.153154,-0.014651,0.002655,0.000437
0,-0.309863,0.047969,-0.164111,0.028461,-0.13059,0.06612,0.000209,0.000837
0,-0.302304,0.028427,0.032575,0.003869,0.058881,-0.00455,0.000341,0.000496
0,-0.307337,0.018116,-0.00086,0.013792,0.035638,0.011676,0.000253,0.000316
0,-0.331445,0.000506,-0.010969,-0.029619,0.014064,-0.019935,0.000167,9e-06
0,-0.155152,0.133427,0.159345,0.114756,0.197537,0.087,0.002708,0.002329
0,-0.267745,0.057735,-0.138064,-0.095693,-0.138957,-0.086187,0.000944,0.001008
0,-0.249695,-0.062623,0.018719,-0.11414,-0.022965,-0.070001,0.00126,0.001093
0,-0.258976,0.019749,0.009455,0.10713,0.011438,0.153384,0.001098,0.000345
0,-0.230346,0.012737,0.021118,-0.02476,0.062207,-0.061821,0.001597,0.000222
0,-0.277669,0.045376,-0.022173,0.037884,0.012871,0.023216,0.000771,0.000792
0,-0.232399,-0.078176,0.026958,-0.120935,-0.01809,-0.144563,0.001561,0.001364
0,-0.286239,0.012532,-0.052847,0.104193,-0.026382,0.116229,0.000622,0.000219
0,-0.25975,0.075161,0.025939,0.090465,0.074749,0.048973,0.001084,0.001312
0,-0.167883,-0.096377,0.085499,-0.19653,0.036159,-0.151662,0.002687,0.001682
0,-0.024226,0.120426,0.128462,0.194406,0.102672,0.162765,0.000423,0.002102
0,-0.258824,0.179458,-0.222531,0.076099,-0.191146,0.099305,0.0011,0.002485
0,-0.0254,-0.018969,0.26097,-0.185096,0.226121,-0.14473,0.000443,0.000331
0,-0.15371,0.127926,-0.121443,0.128006,-0.153826,0.078778,0.002683,0.002233
0,-0.058283,0.13476,0.116116,-0.020237,0.126053,-0.059223,0.001017,0.002352
0,0.042916,-0.126635,0.094867,-0.280523,0.134961,-0.254137,0.000749,0.00221
0,-0.063568,0.061482,-0.105911,0.163221,-0.141669,0.157423,0.001109,0.001073
0,-0.095451,0.143434,-0.032373,0.085686,0.015327,0.067346,0.001666,0.002503
0,-0.116117,0.047118,0.005992,-0.088569,0.039679,-0.077621,0.002027,0.000822
0,-0.040428,0.061283,0.059843,0.008323,0.101108,-0.00502,0.000706,0.00107
0,-0.076952,-0.102491,-0.007675,-0.192225,0.005764,-0.187229,0.001343,0.001789
0,-0.094095,-0.060156,0.011641,0.056027,-0.021216,0.036502,0.001642,0.00105
0,0.157144,-0.066116,0.226058,-0.023851,0.178954,-0.049828,0.002743,0.001154
0,0.174674,0.09664,0.014475,0.162527,0.007914,0.126055,0.002569,0.001687
0,0.031446,-0.020825,-0.114257,-0.141543,-0.137779,-0.174054,0.000549,0.000363
0,-0.056393,-0.098116,-0.088418,-0.06196,-0.108008,-0.096346,0.000984,0.001712
0,-0.067119,-0.054578,-0.036232,0.013833,0.010482,0.025389,0.001171,0.000953
0,-0.03344,-0.14539,0.035939,-0.108237,0.007524,-0.150072,0.000584,0.002538
0,0.026931,0.037407,0.050803,0.169945,0.090126,0.150371,0.00047,0.000653
0,-0.053965,-0.074149,-0.109663,-0.134618,-0.116748,-0.108528,0.000942,0.001294
0,0.164406,-0.08235,0.24733,0.000679,0.22893,0.045588,0.002748,0.001437
0,-0.032068,-0.211131,-0.206911,-0.134847,-0.225811,-0.113967,0.00056,0.001933
0,-0.277115,-0.381223,-0.250894,-0.173678,-0.258402,-0.160802,0.000781,0.001036
0,-0.143977,-0.237728,0.132274,0.121998,0.176098,0.141236,0.002513,0.001468
0,-0.344593,-0.197151,-0.17836,0.059007,-0.159358,0.016163,0.000397,0.002177
0,-0.252095,-0.193136,0.116436,-0.010776,0.070819,-0.036097,0.001218,0.002247
0,-0.177785,-0.325871,0.10215,-0.123648,0.066873,-0.115691,0.002515,7e-05
0,-0.350291,-0.024061,-0.184088,0.331473,-0.225179,0.314664,0.000496,0.00042
0,-0.22722,0.006876,0.12527,0.029573,0.087997,0.077211,0.001652,0.00012
0,-0.249462,-0.016704,-0.021455,-0.046948,-0.041747,-0.060392,0.001264,0.000292
0,-0.136228,0.078683,0.098054,0.102857,0.094395,0.124635,0.002378,0.001373
0,-0.101514,0.003063,0.037037,-0.080166,0.011346,-0.104473,0.001772,5.3e-05
0,-0.0753,-0.066321,0.046685,-0.042312,0.066525,-0.091809,0.001314,0.001158
0,0.150869,-0.138397,0.242419,-0.062887,0.21126,-0.023895,0.002633,0.002415
0,0.046925,-0.056309,-0.076601,0.097271,-0.029629,0.114307,0.000819,0.000983
0,-0.018172,0.14115,-0.079373,0.219286,-0.116686,0.201495,0.000317,0.002464
0,0.152653,0.052664,0.192614,-0.111057,0.219287,-0.151507,0.002664,0.000919
0,0.189813,0.124367,0.030204,0.09684,0.079928,0.097904,0.002305,0.002171
0,0.200087,-0.008218,-0.002477,-0.126547,-0.032345,-0.114255,0.002125,0.000143
0,0.065754,-0.091727,-0.134983,-0.073723,-0.150149,-0.075332,0.001148,0.001601
0,0.075792,-0.007404,0.033099,0.079543,0.003397,0.079395,0.001323,0.000129
0,0.007796,-0.008255,-0.058353,-0.004515,-0.098085,0.013678,0.000136,0.000144
0,-0.203304,0.151682,-0.197981,0.131862,-0.192572,0.148851,0.002069,0.002647
0,-0.106186,0.150733,0.101115,-0.001478,0.141003,-0.049632,0.001853,0.002631
0,-0.134378,0.042996,-0.020681,-0.135273,-0.035973,-0.136707,0.002345,0.00075
0,-0.112562,0.067222,0.038945,0.026323,0.030615,0.063488,0.001965,0.001173
0,-0.07457,-0.077277,0.056809,-0.123443,0.023518,-0.079495,0.001301,0.001349
0,-0.068791,-0.022549,0.009744,0.063907,0.009997,0.091115,0.001201,0.000394
0,-0.132155,0.062031,-0.09264,0.075863,-0.102298,0.110081,0.002307,0.001083
0,0.004791,-0.085965,0.112828,-0.150002,0.06599,-0.129235,8.4e-05,0.0015
0,0.077118,0.009544,0.096124,0.103345,0.123326,0.096717,0.001346,0.000167
0,-0.076511,0.013509,-0.142525,0.031303,-0.121356,0.07131,0.001335,0.000236
0,0.00855,0.057325,0.079461,0.035787,0.065856,0.005786,0.000149,0.001001
0,0.05411,0.127397,0.063461,0.081545,0.085082,0.081526,0.000944,0.002223
0,-0.029492,-0.091638,-0.090646,-0.246563,-0.062172,-0.245112,0.000515,0.001599
0,-0.202425,-0.049564,-0.169658,0.024403,-0.142804,0.025013,0.002085,0.000865
0,-0.143608,0.063776,0.042084,0.118398,0.001566,0.131837,0.002506,0.001113
0,-0.094312,0.061732,0.071048,-0.001126,0.083582,0.006556,0.001646,0.001077
0,-0.160271,-0.007861,-0.037058,-0.058332,-0.068778,-0.048197,0.002797,0.000137
0,-0.178907,-0.024946,-0.006732,-0.008808,0.009027,0.011926,0.002495,0.000435
0,-0.136017,-0.013503,0.057577,0.01908,0.053188,0.059157,0.002374,0.000236
0,0.080903,0.146698,0.187875,0.183037,0.201751,0.15611,0.001412,0.00256
0,0.060277,-0.073449,-0.016468,-0.216341,-0.038894,-0.200956,0.001052,0.001282
0,0.020458,-0.031635,-0.025692,0.014034,-0.043226,0.0584,0.000357,0.000552
0,0.098508,0.024192,0.075576,0.042186,0.091495,0.050047,0.001719,0.000422
0,-0.08147,0.18952,-0.186258,0.148229,-0.191952,0.139172,0.001422,0.00231
0,0.095452,-0.046354,0.162881,-0.212878,0.1169,-0.237128,0.001666,0.000809
0,0.148817,0.178764,0.0667,0.248314,0.108457,0.261169,0.002597,0.002497
0,0.054837,-0.04544,-0.10269,-0.241287,-0.113851,-0.224837,0.000957,0.000793
0,0.178283,-0.034263,0.130149,0.00265,0.085523,-0.034261,0.002506,0.000598
0,0.009578,0.096825,-0.179786,0.120229,-0.223578,0.151971,0.000167,0.00169
0,0.013272,0.156682,0.005636,0.050879,-0.005651,0.05927,0.000232,0.002735
0,0.008036,0.172379,-0.025015,0.015407,-0.041552,0.007687,0.00014,0.002609
0,0.192231,0.120826,0.163287,-0.036933,0.196804,-0.004392,0.002262,0.002109
0,-2.733429,0.497446,-2.92182,0.378333,-2.937252,0.351366,0.002767,0.002553
0,-5.818381,0.867418,-3.058162,0.38729,-3.024429,0.425798,0.000435,0.001713
0,-5.458496,0.836739,0.337254,-0.036641,0.318256,-0.019892,0.000229,0.002249
0,-5.277658,0.66188,0.176778,-0.201884,0.154671,-0.201138,0.002232,0.000317
0,-4.45045,0.794779,0.826239,0.116167,0.814544,0.100446,0.00097,0.002637
0,-3.218169,0.482921,1.212431,-0.308437,1.163908,-0.279323,7e-06,0.002806
0,-2.842882,0.522125,0.375146,0.023077,0.402798,0.058481,0.00094,0.002122
0,-1.997059,0.18432,0.818692,-0.363745,0.804284,-0.403687,0.00115,0.002401
0,-1.311242,0.195686,0.697456,0.003962,0.678084,0.015038,0.000415,0.002202
0,-0.345825,0.041957,0.976237,-0.162025,0.927349,-0.197459,0.000418,0.000732
0,-0.097203,-0.195328,0.240328,-0.23576,0.194594,-0.276778,0.001697,0.002208
0,0.201219,-0.248779,0.307726,-0.026399,0.302037,-0.009265,0.002106,0.001275
0,0.409369,-0.185338,0.231513,0.074391,0.220715,0.042632,0.001527,0.002383
0,0.328654,-0.170111,-0.05792,-0.003408,-0.031714,0.029576,0.000119,0.002649
0,0.687782,0.122996,0.340768,0.289582,0.318865,0.316042,0.000769,0.002147
0,0.490983,0.140262,-0.2175,0.034845,-0.171456,0.034722,0.002666,0.002448
0,0.604497,-0.027803,0.097188,-0.140311,0.098751,-0.094901,0.000685,0.000485
0,0.514583,0.097434,-0.117119,0.149054,-0.106795,0.111403,0.002254,0.001701
0,0.507244,0.140499,0.000217,0.016487,-0.0443,0.002475,0.002382,0.002452
0,0.362294,0.122469,-0.121806,0.01097,-0.114215,-0.030326,0.000706,0.002137
0,0.47513,0.232941,0.122833,0.108453,0.114881,0.064118,0.002675,0.001552
0,0.38889,-0.069313,-0.07994,-0.305083,-0.030057,-0.302361,0.00117,0.00121
0,0.207029,0.089466,-0.210693,0.153557,-0.18831,0.186771,0.002004,0.001561
0,0.324299,0.129923,0.106801,0.018595,0.146339,0.054946,4.3e-05,0.002268
0,0.466711,0.071697,0.163868,-0.05629,0.168867,-0.092588,0.002528,0.001251
0,0.227489,0.152227,-0.257214,0.073649,-0.217203,0.112403,0.001647,0.002657
0,0.168034,0.169408,-0.031065,0.00581,-0.017682,0.023359,0.002685,0.002661
0,0.330039,-0.048482,0.139091,-0.193337,0.091346,-0.159627,0.000143,0.000846
0,0.282797,0.039241,-0.06637,0.063804,-0.030151,0.045077,0.000682,0.000685
0,0.190549,0.125839,-0.10935,0.104662,-0.070914,0.115369,0.002292,0.002196
0,0.298293,-0.041789,0.132955,-0.192838,0.146042,-0.194732,0.000411,0.000729
0,0.096249,0.181144,-0.209782,0.214114,-0.196647,0.165593,0.00168,0.002456
0,-0.01269,0.242632,-0.096832,0.059682,-0.109424,0.098388,0.000221,0.001383
0,-0.030922,0.208847,-0.036503,-0.060384,0.001951,-0.09707,0.00054,0.001972
0,-3.304167,0.662993,-3.298517,0.434738,-3.285001,0.425884,0.001494,0.000336
0,-3.440483,1.009953,-0.120655,0.373127,-0.169531,0.411723,0.001745,0.000774
0,-3.074474,0.974656,0.372293,-0.038096,0.329691,-0.062044,0.002515,0.000158
0,-2.484363,0.882805,0.614031,-0.088874,0.593461,-0.097571,0.00158,0.001445
0,-1.95779,0.767007,0.532555,-0.099719,0.523068,-0.084156,0.000465,0.002152
0,-1.349443,0.612859,0.60371,-0.134595,0.644333,-0.128854,0.001082,0.000539
0,-0.992277,0.647462,0.345635,0.051603,0.357312,0.048786,0.000466,6.5e-05
0,-0.827017,0.342023,0.17208,-0.302036,0.151471,-0.339722,0.002418,0.000352
0,-0.36335,0.143516,0.461985,-0.177338,0.42656,-0.162488,0.000724,0.002505
0,-0.000412,0.065208,0.37989,-0.107888,0.331803,-0.131691,7e-06,0.001138
0,-0.12788,0.052528,-0.105625,-0.003158,-0.132334,-0.018135,0.002232,0.000917
0,0.100826,0.135475,0.232422,0.090944,0.213263,0.041893,0.00176,0.002364
0,0.259962,-0.079243,0.152524,-0.21774,0.103986,-0.219219,0.00108,0.001383
0,0.064534,-0.094929,-0.224909,0.008233,-0.26265,-0.026102,0.001126,0.001657
0,0.162187,-0.033257,0.078843,0.043727,0.055229,0.011978,0.002787,0.00058
0,-0.049114,0.108809,-0.190662,0.116757,-0.144239,0.090506,0.000857,0.001899
0,0.190401,-0.001997,0.23514,-0.118,0.255888,-0.13331,0.002294,3.5e-05
0,0.050553,0.151876,-0.163128,0.165859,-0.192244,0.144351,0.000882,0.002651
0,-0.110023,0.00786,-0.130975,-0.115481,-0.116023,-0.08956,0.00192,0.000137
0,-0.04558,0.016693,0.070258,0.038401,0.105059,0.064025,0.000796,0.000291
0,0.040336,-0.037116,0.097841,-0.079744,0.127179,-0.055799,0.000704,0.000648
0,0.09253,0.032894,0.04697,0.08487,0.079996,0.071574,0.001615,0.000574
0,-0.0864,-0.037831,-0.197203,-0.054248,-0.164427,-0.065297,0.001508,0.00066
0,0.02459,-0.094196,0.138702,-0.079976,0.122657,-0.119923,0.000429,0.001644
0,0.028525,-0.117333,-0.020017,-0.052222,-0.023703,-0.061562,0.000498,0.002048
0,-0.180672,-0.148313,-0.228016,-0.024229,-0.205278,-0.018683,0.002464,0.002589
0,0.074775,0.138724,0.253275,0.261492,0.281693,0.250778,0.001305,0.002421
0,0.019542,0.08598,-0.055665,-0.049662,-0.061899,-0.057165,0.000341,0.001501
0,0.107548,0.148152,0.110494,0.054832,0.14371,0.098782,0.001877,0.002586
0,-0.082998,0.107112,-0.162804,-0.021014,-0.131397,0.026374,0.001449,0.001869
0,0.0207,-0.098455,0.128938,-0.2003,0.106929,-0.189735,0.000361,0.001718
0,0.040405,-0.053087,0.018159,0.070036,0.010124,0.057659,0.000705,0.000927
0,0.046793,0.042202,-0.011133,0.121841,-0.032073,0.087691,0.000817,0.000737
0,0.008235,0.04982,-0.060108,0.004153,-0.074119,0.013458,0.000144,0.00087
0,0.0129,-0.015437,-0.001618,-0.05028,-0.004696,-0.069339,0.000225,0.000269
0,-0.054062,-0.037549,-0.056662,-0.014257,-0.029165,-0.015308,0.000944,0.000655
0,0.11427,-0.137044,0.147891,-0.128465,0.138077,-0.132527,0.001994,0.002392
0,0.096219,-0.080077,-0.036379,0.067681,-0.001283,0.06772,0.001679,0.001398
0,-0.00858,-0.020362,-0.076095,0.049496,-0.050865,0.052512,0.00015,0.000355
0,-0.076499,0.035103,-0.05118,0.039814,-0.086205,0.019165,0.001335,0.000613
0,0.123488,-0.102036,0.206501,-0.150989,0.231938,-0.195999,0.002155,0.001781
0,0.045907,-0.10299,-0.084226,-0.007582,-0.039205,0.021359,0.000801,0.001798
0,0.052373,0.047578,0.005201,0.155021,0.026052,0.200712,0.000914,0.00083
0,-0.052303,-0.082324,-0.093225,-0.144049,-0.110007,-0.140063,0.000913,0.001437
0,-0.032578,-0.129231,0.029492,-0.037132,0.000508,0.011794,0.000569,0.002255
0,0.140295,-0.118556,0.193014,-0.014162,0.1475,-0.019277,0.002449,0.002069
0,0.062925,-0.140602,-0.099669,-0.048201,-0.149491,-0.097716,0.001098,0.002454
0,-0.076394,-0.105733,-0.126488,0.040204,-0.1507,0.067976,0.001333,0.001845
0,0.061223,0.097851,0.156798,0.190126,0.148934,0.147505,0.001069,0.001708
0,0.096574,0.050606,0.024391,-0.067215,0.014277,-0.074616,0.001686,0.000883
0,-0.006039,0.056372,-0.075395,0.013462,-0.109743,0.005916,0.000105,0.000984
0,-0.064847,-0.112179,-0.050854,-0.148819,-0.044382,-0.112343,0.001132,0.001958
0,0.116763,-0.068612,0.180526,0.050221,0.149472,0.047194,0.002038,0.001198
0,0.028623,0.021655,-0.091807,0.113339,-0.081026,0.1292,0.0005,0.000378
0,-0.034748,-0.161884,-0.060477,-0.165837,-0.101028,-0.192305,0.000606,0.002792
0,-0.129002,-0.059851,-0.067992,0.106168,-0.088602,0.061819,0.002252,0.001045
0,0.028847,-0.107359,0.135665,-0.0439,0.162185,-0.06387,0.000503,0.001874
0,0.050775,0.120049,0.000971,0.217744,-0.012336,0.217404,0.000886,0.002095
0,-0.004488,-0.119515,-0.044414,-0.257622,-0.055351,-0.306294,7.8e-05,0.002086
0,0.017224,0.117411,0.000247,0.221506,-0.014149,0.222504,0.000301,0.002049
0,0.048177,-0.031648,0.054495,-0.148726,0.087313,-0.138147,0.000841,0.000552
0,0.180427,0.066503,0.119699,0.077258,0.079002,0.103218,0.002468,0.001161
0,-0.037876,0.042529,-0.22148,-0.010406,-0.190262,-0.012277,0.000661,0.000742
0,0.167155,0.103778,0.225586,0.083368,0.273363,0.114233,0.0027,0.001811
0,0.158689,-0.01828,0.006875,-0.143494,-0.040125,-0.193388,0.00277,0.000319
0,0.063241,0.092295,-0.076141,0.099329,-0.065358,0.112754,0.001104,0.001611
0,0.048397,-0.107494,-0.011833,-0.182263,0.015462,-0.201715,0.000845,0.001876
0,-0.004777,0.113779,-0.04685,0.211483,-0.059266,0.175197,8.3e-05,0.001986
0,0.074742,0.109441,0.100204,-0.015572,0.089387,-0.030146,0.001304,0.00191
0,0.048758,-0.038705,-0.004937,-0.12146,-0.00429,-0.159297,0.000851,0.000676
0,-0.064824,0.106019,-0.084126,0.154494,-0.104883,0.107274,0.001131,0.00185
0,0.092815,-0.138753,0.186565,-0.220512,0.214093,-0.266267,0.00162,0.002422
0,-0.072547,-0.125689,-0.176824,-0.005997,-0.162557,0.025426,0.001266,0.002194
0,-0.034063,-0.039206,0.020695,0.112318,0.044229,0.06419,0.000595,0.000684
0,-0.005584,0.064288,0.037662,0.123543,0.050026,0.145984,9.7e-05,0.001122
0,0.05567,-0.146981,0.065393,-0.235199,0.028144,-0.226975,0.000972,0.002565
0,-0.025289,-0.152149,-0.094485,-0.034044,-0.113096,-0.018844,0.000441,0.002655
0,0.175531,-0.098879,0.222762,0.04249,0.262073,0.040813,0.002554,0.001726
0,0.054187,-0.120763,-0.115335,-0.03701,-0.156636,-0.041463,0.000946,0.002108
0,0.024936,0.135872,-0.036172,0.228613,-0.0781,0.18066,0.000435,0.002371
0,0.067203,0.129392,0.023054,0.00113,0.058824,0.039728,0.001173,0.002258
0,0.054463,0.100306,0.001284,-0.041305,0.026063,-0.006274,0.000951,0.001751
0,0.03651,0.023001,-0.042819,-0.084257,-0.050932,-0.116359,0.000637,0.000401
0,0.105487,-0.113548,0.060125,-0.111482,0.100419,-0.152015,0.001841,0.001982
0,-0.074051,-0.156069,-0.151707,-0.060535,-0.134049,-0.097447,0.001292,0.002724
0,0.148784,0.134577,0.217379,0.261273,0.246989,0.272795,0.002597,0.002349
0,0.107004,-0.032165,-0.027408,-0.194405,0.008831,-0.188203,0.001868,0.000561
0,0.26119,0.021622,0.152074,0.071855,0.196757,0.080647,0.001059,0.000377
0,0.208784,0.096789,-0.039206,0.073919,-0.003457,0.062367,0.001974,0.001689
0,0.289559,0.034335,0.051797,-0.05396,0.070003,-0.024036,0.000564,0.000599
0,0.167162,-0.076898,-0.118664,-0.126343,-0.093343,-0.10524,0.0027,0.001342
0,0.289802,0.008208,0.135061,0.104638,0.104729,0.107839,0.00056,0.000143
0,0.151469,0.143163,-0.16494,0.13742,-0.132899,0.101764,0.002644,0.002499
0,0.292339,0.04547,0.111785,-0.127044,0.096667,-0.135822,0.000515,0.000794
0,0.156082,0.104518,-0.120163,0.060995,-0.105762,0.059136,0.002724,0.001824
0,0.280612,0.109819,0.100837,0.000474,0.076465,0.021117,0.00072,0.001917
0,0.399253,0.151026,0.145786,0.018327,0.111972,0.007728,0.001351,0.002636
0,0.313594,-0.119148,-0.109986,-0.291733,-0.110008,-0.33079,0.000144,0.00208
0,0.260862,-0.036496,-0.070887,0.060725,-0.095839,0.014773,0.001065,0.000637
0,0.111544,0.120014,-0.132584,0.129782,-0.098727,0.165299,0.001947,0.002095
0,0.181943,-0.07666,0.054516,-0.171427,0.005505,-0.173655,0.002442,0.001338
0,0.006033,0.019479,-0.194995,0.106138,-0.232084,0.14642,0.000105,0.00034
0,0.237315,0.118142,0.213485,0.10628,0.233811,0.089895,0.001476,0.002062
0,0.232367,0.048551,0.017974,-0.090464,0.056968,-0.06559,0.001562,0.000847
0,0.277656,0.025385,0.072743,-0.011781,0.057683,0.024776,0.000772,0.000443
0,0.247201,-0.049963,-0.048545,-0.05359,-0.095785,-0.025692,0.001303,0.000872
0,0.111965,0.023421,-0.118156,0.083135,-0.094332,0.12414,0.001954,0.000409
0,0.283638,0.10362,0.189337,0.057799,0.216766,0.060535,0.000667,0.001809
0,0.256351,0.096266,-0.003068,0.0056,-0.043782,-0.012457,0.001143,0.00168
0,0.178838,0.138076,-0.056036,0.067448,-0.037911,0.034815,0.002496,0.00241
0,0.129284,0.044463,-0.03358,-0.118857,0.005464,-0.088471,0.002256,0.000776
0,-0.967916,-0.749981,-1.077747,-0.771671,-1.071403,-0.806898,4.1e-05,0.001855
0,-1.889939,-0.653262,-0.911473,0.077447,-0.884824,0.092252,0.000719,0.000167
0,-2.747851,-0.678375,-0.85841,-0.048807,-0.809971,-0.089849,0.002599,0.000605
0,-2.420105,-0.947254,0.334919,-0.280555,0.290424,-0.32181,0.002701,0.00032
0,-2.293975,-0.681429,0.111915,0.259228,0.113917,0.239943,0.000715,0.000658
0,-1.825762,-0.606708,0.452271,0.052313,0.473064,0.007372,0.001839,0.000646
0,-0.913256,-0.304285,0.940799,0.287638,0.903851,0.330498,0.000913,0.000307
0,-0.671785,-0.17703,0.263594,0.125847,0.250844,0.17449,0.00049,0.002528
0,-0.001268,-0.225822,0.688226,-0.041214,0.687621,-0.089618,2.2e-05,0.001676
0,0.005705,0.025283,-0.009411,0.231517,-0.024929,0.201675,0.0001,0.000441
0,0.002208,-0.090348,-0.022125,-0.141337,0.002165,-0.113162,3.9e-05,0.001577
0,-0.009799,0.017222,-0.005011,0.134029,-0.01862,0.178257,0.000171,0.000301
0,0.04494,0.087028,0.069648,0.054898,0.09133,0.09463,0.000784,0.001519
0,0.218386,0.261111,0.192536,0.184012,0.206518,0.213741,0.001806,0.00106
0,0.313029,0.035076,0.086115,-0.236288,0.097734,-0.245052,0.000154,0.000612
0,0.297368,0.062479,-0.031371,0.01861,-0.05686,-0.020474,0.000427,0.00109
0,0.063974,0.148798,-0.255201,0.094567,-0.233324,0.142774,0.001117,0.002597
0,0.202159,0.105145,0.157151,-0.037207,0.19898,-0.03607,0.002089,0.001835
0,-0.050484,0.150544,-0.273874,0.025007,-0.290263,0.025882,0.000881,0.002627
0,-0.033735,0.010247,0.046014,-0.159877,0.000648,-0.187274,0.000589,0.000179
0,0.002682,0.080617,0.056812,0.067585,0.056759,0.085218,4.7e-05,0.001407
0,-0.084489,0.013753,-0.077602,-0.090893,-0.110356,-0.1348,0.001475,0.00024
0,-0.163539,0.179787,-0.065877,0.142736,-0.090626,0.183801,0.002763,0.00248
0,0.012245,0.016067,0.203546,-0.175879,0.193476,-0.218031,0.000214,0.00028
0,-0.048213,-0.021569,-0.062379,-0.018091,-0.027333,-0.051639,0.000841,0.000376
0,-0.091226,0.070715,-0.068059,0.085261,-0.099151,0.049468,0.001592,0.001234
0,0.12616,0.025625,0.232838,-0.040069,0.224782,-0.066243,0.002202,0.000447
0,0.061133,0.156578,-0.077543,0.148762,-0.039906,0.14069,0.001067,0.002733
0,-0.113671,0.010115,-0.183409,-0.166966,-0.21985,-0.177069,0.001984,0.000177
0,0.063758,0.113186,0.18201,0.114262,0.230377,0.151481,0.001113,0.001975
0,-0.006714,-0.078637,-0.083643,-0.192777,-0.056763,-0.238624,0.000117,0.001372
0,-0.079065,-0.023672,-0.047983,0.035257,-0.074194,0.083529,0.00138,0.000413
0,-0.073489,-0.02872,0.021605,-0.025133,0.06546,0.014267,0.001283,0.000501
0,0.081407,0.10532,0.135425,0.115474,0.13893,0.108268,0.001421,0.001838
0,0.117974,-0.045319,0.065588,-0.133638,0.049475,-0.105524,0.002059,0.000791
0,0.023628,-0.02246,-0.12255,0.02033,-0.110248,-0.003769,0.000412,0.000392
0,-1.47106,0.015566,-1.519972,0.041419,-1.486982,0.006464,0.002413,0.000272
0,-3.306833,-0.072649,-1.805862,-0.077519,-1.80213,-0.098034,0.00154,0.001268
0,-4.047053,-0.040979,-0.725544,0.026801,-0.748181,0.071982,0.002393,0.000715
0,-4.141667,-0.246154,-0.088186,-0.217773,-0.116783,-0.212082,0.000742,0.001321
0,-3.15231,-0.13091,0.970508,0.111789,0.975966,0.068363,0.001157,0.002285
0,-2.691231,-0.185085,0.486071,-0.083658,0.530656,-0.039872,0.002031,0.002387
0,-1.891009,-0.31507,0.80649,-0.139789,0.853038,-0.104326,0.000701,0.000118
0,-1.12502,-0.195026,0.774958,0.118483,0.806281,0.116766,0.002783,0.002214
0,-0.605197,-0.204293,0.506802,0.020553,0.490973,0.042814,0.000672,0.002052
0,-0.242193,-0.165202,0.3704,0.031574,0.405322,0.040321,0.00139,0.002734
0,-0.224827,0.086376,0.033832,0.232396,0.074511,0.25135,0.001694,0.001508
0,0.001544,0.227083,0.250425,0.155547,0.237693,0.178795,2.7e-05,0.001654
0,0.099073,-0.036584,0.118861,-0.236342,0.092149,-0.220559,0.001729,0.000639
0,0.223377,0.145102,0.10948,0.193569,0.100039,0.170084,0.001719,0.002532
0,0.437515,0.204448,0.184271,0.083529,0.233285,0.067486,0.002019,0.002049
0,0.427852,0.065195,-0.024407,-0.138629,0.004952,-0.181806,0.00185,0.001138
0,0.355105,-0.125479,-0.061172,-0.199147,-0.050195,-0.216141,0.00058,0.00219
0,0.183438,-0.055161,-0.194383,0.095179,-0.161793,0.139788,0.002416,0.000963
0,0.138306,-0.12242,-0.073736,-0.072855,-0.08449,-0.060365,0.002414,0.002137
0,0.320323,0.128992,0.200597,0.25828,0.211714,0.221756,2.7e-05,0.002251
0,0.150076,-0.111026,-0.179494,-0.25908,-0.165372,-0.230297,0.002619,0.001938
0,0.302463,0.165132,0.123403,0.250829,0.162913,0.263528,0.000339,0.002735
0,0.051193,-0.052316,-0.266713,-0.197636,-0.253596,-0.171398,0.000893,0.000913
0,0.171993,0.062382,0.136645,0.135644,0.120161,0.181454,0.002616,0.001089
0,0.111984,0.068375,-0.037741,0.002278,-0.07374,0.049031,0.001954,0.001193
0,0.05373,-0.077462,-0.035324,-0.153293,-0.049712,-0.154653,0.000938,0.001352
0,0.126189,-0.071176,0.091634,-0.010293,0.07899,0.034554,0.002202,0.001242
0,-0.073155,0.053191,-0.189616,0.12194,-0.161321,0.083761,0.001277,0.000928
0,0.00984,-0.098814,0.06814,-0.16137,0.094721,-0.165685,0.000172,0.001725
0,0.066814,0.024746,0.085261,0.147521,0.08499,0.159548,0.001166,0.000432
0,0.115908,-0.072983,0.066541,-0.098792,0.046542,-0.057746,0.002023,0.001274
0,-0.026667,-0.049134,-0.170617,0.003544,-0.213138,0.01848,0.000465,0.000858
0,0.185323,-0.001389,0.214532,0.061413,0.173852,0.078076,0.002383,2.4e-05
0,0.043353,-0.128491,-0.15205,-0.099119,-0.106177,-0.141926,0.000757,0.002243
0,-0.035806,-0.006434,-0.066716,0.14061,-0.050232,0.104765,0.000625,0.000112
0,0.125239,0.018972,0.140399,0.022001,0.181029,0.037073,0.002186,0.000331
0,0.161608,-0.088123,0.030459,-0.117458,0.056926,-0.071608,0.002797,0.001538
0,0.004808,-0.071926,-0.170889,0.038607,-0.163913,0.075098,8.4e-05,0.001255
0,-0.074436,0.098349,-0.070108,0.180689,-0.045923,0.14013,0.001299,0.001717
0,0.051139,-0.166705,0.144995,-0.29344,0.160902,-0.300424,0.000893,0.002708
0,0.042455,0.015255,-0.006913,0.169593,-0.014489,0.136432,0.000741,0.000266
0,-0.021686,0.021702,-0.089549,-0.012014,-0.10082,-0.02231,0.000378,0.000379
0,0.009606,-0.10463,0.051717,-0.14904,0.035,-0.11251,0.000168,0.001826
0,-0.103642,0.004733,-0.133018,0.083947,-0.171785,0.085416,0.001809,8.3e-05
0,-0.000954,-0.049791,0.077123,-0.074072,0.107164,-0.102886,1.7e-05,0.000869
0,-0.175823,-0.166369,-0.199056,-0.104987,-0.226782,-0.145909,0.002549,0.002714
0,0.094935,0.04634,0.28849,0.191437,0.320216,0.240084,0.001657,0.000809
0,-0.062601,-0.003994,-0.179446,-0.036186,-0.21422,-0.04968,0.001093,7e-05
0,-0.063112,-0.168431,-0.011987,-0.156866,0.029493,-0.159792,0.001102,0.002678
0,-0.097887,-0.060339,-0.035131,0.13357,0.012241,0.180535,0.001708,0.001053
0,-0.142435,-0.108512,-0.039343,-0.060747,-0.074665,-0.091748,0.002486,0.001894
0,0.035744,-0.088587,0.195526,0.039745,0.215526,0.064891,0.000624,0.001546
0,-0.032818,0.10961,-0.087806,0.207597,-0.113374,0.244147,0.000573,0.001913
0,-0.1846,-0.139422,-0.131004,-0.257194,-0.114386,-0.295386,0.002396,0.002433
0,-0.002014,-0.073766,0.178691,0.049322,0.131459,0.003316,3.5e-05,0.001287
0,0.12771,-0.029365,0.155062,0.064817,0.174554,0.099309,0.002229,0.000513
0,0.054436,-0.002703,-0.076822,0.044183,-0.049547,0.022263,0.00095,4.7e-05
0,-0.008611,0.000778,-0.059478,-0.004316,-0.02725,0.042582,0.00015,1.4e-05
0,-0.103304,-0.073565,-0.074397,-0.09127,-0.09393,-0.09962,0.001803,0.001284
0,-0.400299,0.977152,-0.312161,1.077079,-0.287813,1.047435,0.001369,0.000202
0,-1.030305,2.103875,-0.647333,1.143957,-0.649051,1.127272,0.00113,0.002603
0,0.051783,5.530745,1.074666,3.414395,1.067674,3.398825,0.000904,0.001032
0,1.262923,5.167444,1.194182,-0.359775,1.149673,-0.401695,0.000428,0.000309
0,1.556935,4.421367,0.290597,-0.776033,0.308084,-0.771067,0.000914,0.001478
0,2.023042,3.774693,0.4699,-0.633223,0.435247,-0.591896,0.001604,0.001529
0,2.02942,3.248431,0.033428,-0.532366,0.011178,-0.486504,0.001715,0.000521
0,1.722849,1.934828,-0.299081,-1.338441,-0.30698,-1.372065,0.001982,6.4e-05
0,1.781565,1.443642,0.078139,-0.486032,0.099603,-0.459386,0.002611,0.002726
0,1.307691,0.900668,-0.458218,-0.523012,-0.453933,-0.500214,0.000353,0.001133
0,1.147309,0.372113,-0.173862,-0.52021,-0.189653,-0.474334,0.002446,0.000877
0,0.806469,-0.059697,-0.353682,-0.449042,-0.361894,-0.40986,0.002777,0.001042
0,0.445693,-0.082594,-0.354241,-0.00608,-0.359529,0.032415,0.002161,0.001442
0,0.025937,-0.244046,-0.404918,-0.18063,-0.446444,-0.149929,0.000453,0.001358
0,0.119343,-0.076177,0.101624,0.194712,0.133704,0.181396,0.002083,0.00133
0,-0.088971,-0.247685,-0.212913,-0.180373,-0.190309,-0.169332,0.001553,0.001295
0,-0.022379,-0.070291,0.095952,0.162065,0.083614,0.163567,0.000391,0.001227
0,0.097173,-0.065573,0.146406,-0.011505,0.143686,-0.028136,0.001696,0.001144
0,0.066786,-0.057344,-0.042216,0.022571,-0.086929,0.05896,0.001166,0.001001
0,0.101542,-0.231487,0.05846,-0.163858,0.100054,-0.123438,0.001772,0.001577
0,0.091194,-0.000216,-0.025619,0.205923,-0.045906,0.220591,0.001592,4e-06
0,-0.053188,-0.257967,-0.154294,-0.243179,-0.142104,-0.241754,0.000928,0.001115
0,-0.062219,-0.257092,0.011036,-0.001821,0.031295,-0.036386,0.001086,0.00113
0,-0.090126,-0.198445,-0.023126,0.045307,-0.011816,0.024513,0.001573,0.002154
0,0.167104,-0.02306,0.257017,0.150649,0.289858,0.127567,0.002701,0.000402
0,0.029752,-0.000711,-0.12836,0.039217,-0.10705,0.042578,0.000519,1.2e-05
0,0.090992,-0.116376,0.067205,-0.128665,0.105353,-0.097948,0.001588,0.002031
0,-0.043327,-0.196775,-0.140917,-0.059943,-0.10056,-0.100238,0.000756,0.002183
0,0.072112,-0.033089,0.130968,0.150889,0.172961,0.120239,0.001259,0.000578
0,-0.106457,-0.19508,-0.182775,-0.174093,-0.176779,-0.163292,0.001858,0.002213
0,-0.081354,0.01317,-0.001591,0.23539,0.009498,0.278275,0.00142,0.00023
0,0.026478,0.02663,0.08842,0.040353,0.122191,0.002416,0.000462,0.000465
0,-0.138205,0.010894,-0.165565,0.00074,-0.214448,0.026942,0.002412,0.00019
0,-0.056206,-0.064384,0.108782,-0.075541,0.096743,-0.122434,0.000981,0.001124
0,0.021198,0.107208,0.100182,0.169553,0.060552,0.150718,0.00037,0.001871
0,-0.103534,-0.039301,-0.124444,-0.168972,-0.152289,-0.135937,0.001807,0.000686
0,-0.025547,0.061439,0.074658,0.088597,0.081177,0.074331,0.000446,0.001072
0,-0.012157,-0.137583,-0.010105,-0.222011,-0.016875,-0.218309,0.000212,0.002401
0,-0.160554,-0.041321,-0.157414,0.106416,-0.163647,0.078053,0.002802,0.000721
0,-0.046395,-0.060009,0.121391,-0.02836,0.075303,0.018737,0.00081,0.001047
0,-0.123726,-0.176888,-0.059128,-0.138117,-0.074505,-0.171942,0.002159,0.00253
0,0.028581,-0.126896,0.158458,0.078488,0.130763,0.122457,0.000499,0.002215
0,-0.090412,-0.188794,-0.132505,-0.071708,-0.175502,-0.107432,0.001578,0.002322
0,-0.091714,-0.023472,0.018066,0.175595,0.055303,0.217016,0.001601,0.00041
0,-0.157606,0.048018,-0.089202,0.091571,-0.112711,0.084533,0.002751,0.000838
0,-0.102475,-0.009737,0.058175,-0.080458,0.042032,-0.066199,0.001789,0.00017
0,-0.064958,-0.1212,0.063234,-0.125639,0.083469,-0.085634,0.001134,0.002115
0,-0.121605,0.031516,-0.076687,0.142866,-0.095668,0.127808,0.002122,0.00055
0,-0.18371,-0.093732,-0.08834,-0.124259,-0.062347,-0.144929,0.002411,0.001636
0,-0.089615,-0.051194,0.090413,0.030473,0.097399,0.07046,0.001564,0.000893
0,-0.196858,0.032651,-0.119007,0.073605,-0.093803,0.076469,0.002182,0.00057
0,-0.149279,-0.023731,0.020383,-0.077482,0.063538,-0.110666,0.002605,0.000414
0,-0.155702,-0.134367,0.014241,-0.100271,0.007106,-0.071532,0.002718,0.002345
0,-0.031721,-0.068387,0.115983,0.038347,0.072858,0.000958,0.000554,0.001194
0,-0.224869,-0.188406,-0.197448,-0.137704,-0.24387,-0.15856,0.001693,0.002329
0,-0.004902,-0.03553,0.24345,0.154128,0.276956,0.180443,8.6e-05,0.00062
0,-0.004289,0.052048,-0.025832,0.113584,-0.002757,0.085483,7.5e-05,0.000908
0,0.049236,-0.037537,0.067058,-0.107737,0.068098,-0.125753,0.000859,0.000655
0,-0.052648,0.038483,-0.128234,0.050863,-0.162704,0.005572,0.000919,0.000672
0,-0.024189,-0.05072,-0.000819,-0.09088,-0.039191,-0.065904,0.000422,0.000885
0,-0.05864,-0.044509,-0.011331,0.006283,-0.054665,0.050686,0.001023,0.000777
0,-0.341185,-0.118239,-0.276371,-0.0912,-0.315891,-0.062665,0.000337,0.002064
0,-0.086754,0.10181,0.22842,0.22628,0.209369,0.273965,0.001514,0.001777
0,-0.162194,0.034169,-0.069498,-0.045546,-0.056213,-0.037661,0.002787,0.000596
0,-0.036454,0.098584,0.112893,0.055472,0.06882,0.068075,0.000636,0.001721
0,-0.099711,0.005975,-0.052369,-0.096695,-0.039706,-0.060557,0.00174,0.000104
0,-0.148912,0.141231,-0.047852,0.1406,-0.029288,0.184035,0.002599,0.002465
0,-0.190531,-0.051243,-0.019494,-0.211356,-0.022654,-0.168082,0.002292,0.000894
0,-0.055195,0.075786,0.106867,0.110509,0.064679,0.060962,0.000963,0.001323
0,-0.108637,0.095937,-0.074439,0.035178,-0.063606,0.008786,0.001896,0.001674
0,-0.034595,-0.074746,0.099171,-0.152212,0.147633,-0.174502,0.000604,0.001305
0,-0.255469,0.068,-0.208125,0.125699,-0.193577,0.111122,0.001159,0.001187
0,-0.185914,-0.155645,0.060179,-0.208412,0.08228,-0.207162,0.002373,0.002717
0,-0.334239,-0.109318,-0.159393,0.047637,-0.129413,0.018559,0.000216,0.001908
0,-0.020734,-0.074991,0.315824,0.031484,0.298619,-0.01643,0.000362,0.001309
0,-0.285255,0.081101,-0.273968,0.180535,-0.31244,0.164085,0.000639,0.001415
0,-0.020255,-0.102276,0.255555,-0.166851,0.273311,-0.182791,0.000354,0.001785
0,-0.085207,-0.149965,-0.039061,-0.039437,-0.02722,-0.042941,0.001487,0.002617
0,0.038404,0.127487,0.12407,0.281595,0.167816,0.277352,0.00067,0.002225
0,-0.264959,0.108974,-0.313694,0.005415,-0.273334,-0.021547,0.000993,0.001902
0,-0.293763,-0.131267,-0.036811,-0.245631,-0.074667,-0.284915,0.00049,0.002291
0,-0.265525,-0.027234,0.01657,0.099625,-0.03228,0.073182,0.000983,0.000475
0,-0.21127,0.109579,0.076806,0.143886,0.091661,0.175472,0.00193,0.001913
0,-0.28468,0.105023,-0.07959,-0.011558,-0.119197,-0.034006,0.000649,0.001833
0,-0.075936,0.036368,0.222622,-0.095809,0.183981,-0.126739,0.001325,0.000635
0,-0.133451,0.099776,-0.029846,0.044378,-0.03041,0.0558,0.002329,0.001741
0,-0.246849,-0.058091,-0.100807,-0.148952,-0.065596,-0.189784,0.001309,0.001014
0,-0.246978,0.18896,-0.019173,0.261379,-0.049924,0.308366,0.001307,0.00232
0,-0.134595,-0.069555,0.096329,-0.273799,0.065596,-0.257824,0.002349,0.001214
0,-0.32461,0.02676,-0.195897,0.117352,-0.224777,0.068797,4.8e-05,0.000467
0,-0.081932,0.045229,0.236051,-0.004149,0.263843,-0.001141,0.00143,0.000789
0,-0.293445,-0.022423,-0.2057,-0.086373,-0.219764,-0.080104,0.000496,0.000391
0,-0.140373,0.080552,0.159094,0.123517,0.165804,0.126957,0.00245,0.001406
0,-0.25207,0.033213,-0.129673,-0.050244,-0.094133,-0.048018,0.001218,0.00058
0,-0.164907,0.043563,0.071157,-0.006782,0.04164,-0.054058,0.002739,0.00076
0,0.043038,0.037237,0.229862,0.021215,0.244622,0.018863,0.000751,0.00065
0,-0.146879,0.166867,-0.16663,0.141689,-0.175413,0.110077,0.002564,0.002705
0,-0.160842,0.110369,-0.041464,-0.078059,-0.060827,-0.102833,0.002807,0.001926
0,-0.159663,0.097333,-0.004385,-0.021302,0.026231,-0.013533,0.002787,0.001699
0,-0.194269,-0.067144,-0.05467,-0.161311,-0.070769,-0.155345,0.002227,0.001172
0,-0.24757,0.037717,-0.059497,0.132186,-0.052203,0.117422,0.001297,0.000658
0,-0.125813,-0.016069,0.095784,-0.072428,0.060066,-0.027012,0.002196,0.00028
0,-0.187054,-0.035429,-0.090755,0.003871,-0.113848,0.017817,0.002353,0.000618
0,-0.247509,0.005419,-0.040448,0.016145,-0.047854,0.066136,0.001298,9.5e-05
0,-0.200124,0.158839,0.07569,0.126639,0.049581,0.122527,0.002125,0.002772
0,-0.056915,-0.011291,0.12706,-0.194936,0.138186,-0.243748,0.000993,0.000197
0,-0.032355,-0.02422,0.014938,-0.024996,0.038095,-0.072393,0.000565,0.000423
0,-0.098381,0.111821,-0.053897,0.159425,-0.02206,0.178898,0.001717,0.001952
0,-0.044626,-0.004408,0.074517,-0.110198,0.093542,-0.092344,0.000779,7.7e-05
0,-0.207719,0.155231,-0.161697,0.146545,-0.193932,0.130597,0.001992,0.002709
0,0.016228,0.13758,0.198897,-0.023253,0.177139,-0.062119,0.000283,0.002401
0,-0.298588,0.038444,-0.337816,-0.094804,-0.320286,-0.122848,0.000406,0.000671
0,-0.166956,-0.007624,0.128339,-0.037797,0.157693,-0.047152,0.002704,0.000133
0,-0.102891,0.157617,0.045241,0.194366,0.04188,0.212145,0.001796,0.002751
0,-0.341394,0.082263,-0.248574,-0.054495,-0.208234,-0.099034,0.000341,0.001436
0,-0.197026,0.033324,0.144435,-0.054286,0.144131,-0.082136,0.002179,0.000582
0,-0.050591,0.17329,0.155975,0.116068,0.184457,0.09084,0.000883,0.002593
0,-0.012103,0.117081,0.064499,-0.030381,0.082213,-0.079336,0.000211,0.002043
0,-0.075058,-0.123262,-0.037263,-0.255846,0.00106,-0.286522,0.00131,0.002151
0,-0.182561,0.018988,-0.077739,0.14867,-0.101029,0.191796,0.002431,0.000331
0,-0.020345,0.066389,0.149579,0.066902,0.135272,0.081123,0.000355,0.001159
0,-0.147468,-0.114769,-0.155113,-0.160151,-0.129435,-0.190309,0.002574,0.002003
0,-0.032304,-0.18774,0.104009,-0.087126,0.104338,-0.047522,0.000564,0.002341
0,-0.050128,0.046802,-0.038562,0.20476,0.001638,0.253722,0.000875,0.000817
0,0.105176,0.008261,0.132603,-0.034445,0.103915,-0.023933,0.001836,0.000144
0,0.022079,-0.001304,-0.073484,-0.034813,-0.105552,-0.028109,0.000385,2.3e-05
0,0.104788,0.083202,0.091786,0.09917,0.131141,0.139032,0.001829,0.001452
0,-0.061846,-0.036074,-0.163083,-0.11141,-0.133986,-0.104807,0.001079,0.00063
0,0.078044,0.002337,0.118761,0.016444,0.089892,0.060332,0.001362,4.1e-05
0,0.069666,-0.091137,0.016615,-0.102558,0.023259,-0.056784,0.001216,0.001591
0,-0.081763,-0.064547,-0.170409,0.018241,-0.183781,0.026768,0.001427,0.001127
0,0.155459,-0.068838,0.20861,0.019385,0.167198,0.049571,0.002713,0.001201
0,0.133882,0.057143,-0.031709,0.141229,-0.020728,0.151852,0.002337,0.000997
0,0.054914,-0.016252,-0.049138,-0.067665,-0.057747,-0.097714,0.000958,0.000284
0,-0.15208,0.002593,-0.224024,-0.004054,-0.176078,-0.001252,0.002654,4.5e-05
0,0.036058,-0.062461,0.16896,-0.039795,0.186545,-0.00686,0.000629,0.00109
0,-0.000336,0.138602,-0.03284,0.193746,-0.053275,0.241005,6e-06,0.002419
0,-0.070501,-0.137232,-0.058608,-0.259702,-0.090525,-0.223276,0.00123,0.002395
0,-0.429722,0.577299,-0.354237,0.730834,-0.38481,0.759382,0.001883,0.001159
0,-1.08811,1.025871,-0.644827,0.420889,-0.625571,0.406916,0.002139,0.001052
0,-1.577714,0.637602,-0.507881,-0.403612,-0.489768,-0.413437,0.000551,0.000107
0,-1.528526,0.589351,0.031845,-0.048847,-0.00159,-0.06455,0.00141,0.000949
0,-1.427815,0.697732,0.095797,0.120332,0.118833,0.091109,0.00245,0.000943
0,-1.252921,0.590292,0.165581,-0.120794,0.162327,-0.151202,0.000602,0.000932
0,-1.094498,0.27349,0.175437,-0.30872,0.213727,-0.296262,0.00225,0.000844
0,-0.770937,0.20633,0.347941,-0.040424,0.375458,-0.004594,0.00222,0.002016
0,-0.765117,0.227744,-0.001067,-0.007989,-0.014187,-0.013775,0.002119,0.001643
0,-0.491498,0.03387,0.26599,-0.175007,0.274133,-0.183016,0.002657,0.000591
0,-0.188705,-0.018407,0.299079,-0.034634,0.290276,-0.062391,0.002324,0.000321
0,-0.141591,0.005156,0.022015,0.000855,0.064543,-0.012662,0.002471,9e-05
0,0.058744,-0.047618,0.225348,-0.03943,0.209915,-0.043555,0.001025,0.000831
0,0.01316,0.018451,-0.055347,0.078315,-0.033812,0.029059,0.00023,0.000322
0,0.063067,-0.03926,0.068763,-0.073482,0.11371,-0.122413,0.001101,0.000685
0,0.207654,-0.149617,0.140758,-0.101412,0.150467,-0.129158,0.001993,0.002611
0,0.197156,-0.025279,0.014966,0.097101,0.035698,0.065338,0.002176,0.000441
0,0.179499,-0.049817,-0.025248,0.00304,-0.050991,0.002298,0.002485,0.000869
0,0.172291,-0.15192,-0.029092,-0.097194,-0.071085,-0.117083,0.00261,0.002652
0,0.049958,-0.239007,-0.123436,-0.062183,-0.128752,-0.021641,0.000872,0.001446
0,-0.17584,0.016152,-0.221322,0.255068,-0.242545,0.23914,0.002549,0.000282
0,-0.101105,-0.093462,0.051474,-0.138361,0.001602,-0.096906,0.001765,0.001631
0,0.013957,-0.008983,0.093495,0.067537,0.061397,0.044885,0.000244,0.000157
0,0.059962,0.020047,0.070515,0.038009,0.08312,0.045725,0.001047,0.00035
0,-0.230635,0.055624,-0.319349,0.050184,-0.309552,0.020592,0.001592,0.000971
0,0.092388,0.003839,0.31001,-0.031079,0.266173,-0.053333,0.001612,6.7e-05
0,0.066875,0.070132,-0.041693,0.040265,-0.009903,-0.005511,0.001167,0.001224
0,-0.133715,0.017774,-0.205894,-0.059419,-0.253421,-0.018428,0.002334,0.00031
0,0.054478,0.071673,0.166684,0.031085,0.119381,0.03847,0.000951,0.001251
0,-0.129064,-0.08291,-0.163104,-0.180762,-0.116438,-0.221078,0.002253,0.001447
0,-0.137464,-0.142185,-0.005003,-0.045813,-0.008261,-0.063904,0.002399,0.002482
0,-0.096375,-0.127939,0.039902,0.01516,-0.007651,0.022597,0.001682,0.002233
0,-0.08577,0.008354,0.037858,0.144184,-0.010471,0.16792,0.001497,0.000146
0,-0.061033,0.006755,-0.003597,-0.027782,0.010244,-0.024052,0.001065,0.000118
0,0.002837,-0.10646,0.053601,-0.138332,0.101667,-0.091436,5e-05,0.001858
0,-0.023682,-0.085752,-0.015447,0.029738,-0.062175,-0.012284,0.000413,0.001497
0,-0.093463,-0.146854,-0.061966,-0.040424,-0.070629,-0.044304,0.001631,0.002563
0,-0.061017,0.086109,0.028901,0.24422,-0.001898,0.210098,0.001065,0.001503
0,0.111337,-0.149266,0.178195,-0.260092,0.16984,-0.234737,0.001943,0.002605
0,-0.097137,-0.02496,-0.222333,0.14236,-0.25996,0.166631,0.001695,0.000436
0,-0.025114,0.119956,0.096457,0.138578,0.081439,0.104797,0.000438,0.002094
0,0.014979,0.052515,0.042506,-0.092552,0.057846,-0.066401,0.000261,0.000917
0,-0.100952,-0.036853,-0.107943,-0.085634,-0.065338,-0.038629,0.001762,0.000643
0,-0.149786,-0.1477,-0.036548,-0.133183,-0.004383,-0.139518,0.002614,0.002578
0,-0.047184,0.104798,0.129518,0.238793,0.138989,0.194457,0.000824,0.001829
0,0.297397,-0.519886,0.363946,-0.597332,0.384048,-0.592798,0.000427,0.002161
0,0.281812,-0.600359,-0.008532,-0.109093,-0.024042,-0.082265,0.000699,0.000757
0,0.267217,-0.695502,-0.012486,-0.102206,-0.034971,-0.104515,0.000954,0.000904
0,0.249326,-0.671158,-0.007167,0.039779,0.00237,0.010388,0.001266,0.000479
0,0.380438,-0.987189,0.104025,-0.31898,0.111395,-0.291051,0.001022,0.000377
0,0.283395,-0.630317,-0.108202,0.352902,-0.156025,0.394202,0.000671,0.000234
0,0.288372,-0.324619,-0.020089,0.309898,-0.008869,0.287175,0.000584,4.8e-05
0,-0.004125,-0.407423,-0.313382,-0.089556,-0.30334,-0.130237,7.2e-05,0.001493
0,0.176876,-0.285138,0.198375,0.105872,0.172186,0.082874,0.00253,0.000641
0,-0.017249,-0.024399,-0.168322,0.273415,-0.172913,0.232094,0.000301,0.000426
0,-0.026935,-0.056037,-0.039306,-0.050057,-0.063628,-0.033777,0.00047,0.000978
0,-0.072872,0.017778,-0.067459,0.101459,-0.115835,0.064824,0.001272,0.00031
0,-0.097566,-0.145614,0.004517,-0.181432,-0.027038,-0.17436,0.001703,0.002541
0,-0.036639,0.076135,0.052436,0.228674,0.030671,0.262886,0.000639,0.001329
0,-0.124104,0.001603,-0.089813,-0.089688,-0.099494,-0.040864,0.002166,2.8e-05
0,-0.212281,0.106189,-0.093892,0.115603,-0.134962,0.069345,0.001913,0.001853
0,-0.022383,-0.00626,0.20938,-0.096693,0.252215,-0.130682,0.000391,0.000109
0,0.000342,0.109592,0.031665,0.1008,0.058111,0.133373,6e-06,0.001913
0,-0.043249,0.084605,-0.062993,-0.035304,-0.053846,-0.009731,0.000755,0.001477
0,0.024514,0.059152,0.055042,-0.019814,0.068212,0.013288,0.000428,0.001032
0,-0.015565,-0.033168,-0.068566,-0.108947,-0.092538,-0.090805,0.000272,0.000579
0,-0.052373,0.117424,-0.05374,0.155431,-0.061485,0.148037,0.000914,0.002049
0,0.088532,-0.037925,0.150624,-0.177541,0.161601,-0.178985,0.001545,0.000662
0,-0.063106,-0.087178,-0.146746,-0.028041,-0.177233,-0.033163,0.001101,0.001522
0,-0.016658,0.015981,0.067631,0.108636,0.052655,0.061119,0.000291,0.000279
0,-0.093279,0.045117,-0.054335,0.027496,-0.015045,0.063033,0.001628,0.000787
0,0.008645,0.049642,0.074075,-0.006925,0.051344,0.002428,0.000151,0.000866
0,-0.132112,0.074383,-0.127227,0.003573,-0.168569,0.012001,0.002306,0.001298
0,-0.16354,0.079967,-0.017708,0.028694,-0.021872,0.069401,0.002763,0.001396
0,0.051816,-0.129261,0.237733,-0.235361,0.238549,-0.285289,0.000904,0.002256
0,-0.029914,0.054244,-0.100233,0.206431,-0.096816,0.206987,0.000522,0.000947
0,-0.027253,-0.018496,-0.025969,-0.062307,-0.009195,-0.101652,0.000476,0.000323
0,-0.11604,-0.111813,-0.076813,-0.087749,-0.035301,-0.067997,0.002025,0.001952
0,-0.034677,0.119176,0.096318,0.243743,0.111029,0.283757,0.000605,0.00208
0,-0.047189,0.116139,0.007833,-0.015066,-0.005793,-0.007323,0.000824,0.002027
0,0.098355,0.059839,0.149841,-0.035705,0.19179,-0.037246,0.001717,0.001044
0,-0.016712,0.108618,-0.088581,0.073207,-0.084471,0.052749,0.000292,0.001896
0,-0.151277,-0.122846,-0.136434,-0.2302,-0.094676,-0.202334,0.00264,0.002144
0,-0.092114,-0.069772,0.085173,0.068711,0.061406,0.02356,0.001608,0.001218
0,-0.019246,0.107955,0.063728,0.179974,0.084496,0.133805,0.000336,0.001884
0,0.014419,-0.078399,0.028405,-0.180612,0.028998,-0.167327,0.000252,0.001368
0,0.085636,-0.062299,0.057298,-0.00051,0.09691,0.027382,0.001495,0.001087
0,0.127589,0.006703,0.06502,0.098855,0.086882,0.127454,0.002227,0.000117
0,0.052052,0.012559,-0.099551,0.012444,-0.124538,-0.020638,0.000908,0.000219
0,0.123571,-0.172281,0.098866,-0.171505,0.097918,-0.148973,0.002157,0.002611
0,-0.071143,0.042912,-0.21247,0.197268,-0.175032,0.153831,0.001242,0.000749
0,-0.00643,-0.17713,0.090011,-0.248832,0.073792,-0.263516,0.000112,0.002526
0,0.189663,-0.156766,0.218395,-0.005496,0.172216,0.021313,0.002307,0.002736
0,-0.014215,0.001162,-0.177481,0.140846,-0.171657,0.136584,0.000248,2e-05
0,0.216287,-0.027634,0.226787,-0.004919,0.263443,-0.018874,0.001843,0.000482
0,0.006912,-0.165966,-0.186501,-0.154598,-0.158245,-0.187384,0.000121,0.002721
0,0.159773,-0.062326,0.128637,0.130272,0.090897,0.129148,0.002789,0.001088
0,0.112183,-0.063506,-0.040935,0.022685,-0.045586,0.039292,0.001958,0.001108
0,0.12003,-0.027099,-0.007412,0.015203,0.002844,0.043668,0.002095,0.000473
0,0.194466,0.090377,0.08683,0.10338,0.107612,0.123808,0.002223,0.001577
0,0.032898,0.084541,-0.18312,-0.019032,-0.186662,-0.059144,0.000574,0.001476
0,0.220349,-0.066227,0.199225,-0.126726,0.229942,-0.110093,0.001772,0.001156
0,0.004973,-0.026564,-0.199476,0.035612,-0.155471,0.030407,8.7e-05,0.000464
0,-0.114234,-0.083722,-0.09374,-0.065032,-0.11718,-0.107746,0.001994,0.001461
0,-0.070375,0.062331,0.026267,0.143171,0.027875,0.118045,0.001228,0.001088
0,0.125728,0.054184,0.200985,-0.015359,0.209813,-0.016925,0.002194,0.000946
0,0.096537,0.07602,-0.012979,0.002456,0.007851,-0.022594,0.001685,0.001327
0,0.003027,-0.14472,-0.075504,-0.1934,-0.073191,-0.185104,5.3e-05,0.002526
0,-0.091703,-0.153462,-0.09096,0.005218,-0.139721,0.032996,0.001601,0.002678
0,0.016838,0.084843,0.09291,0.266967,0.105055,0.23051,0.000294,0.001481
0,-0.018064,0.139052,-0.014864,0.068243,-0.062163,0.109716,0.000315,0.002427
0,-0.112469,0.16523,-0.10071,0.000292,-0.058495,0.03295,0.001963,0.002734
0,-0.103313,0.13269,0.022821,-0.009814,-0.0032,0.013494,0.001803,0.002316
0,0.034427,-0.133323,0.115076,-0.246285,0.090336,-0.279191,0.000601,0.002327
0,-0.201122,0.020344,-0.211458,0.144809,-0.238098,0.157542,0.002107,0.000355
0,-0.099848,-0.136986,0.088617,-0.134667,0.130479,-0.176827,0.001743,0.002391
0,0.01001,-0.097479,0.090389,0.02589,0.104298,0.069557,0.000175,0.001701
0,-0.067395,0.063103,-0.064236,0.145305,-0.021006,0.193035,0.001176,0.001101
0,-0.080197,-0.125753,-0.019889,-0.184385,-0.069697,-0.170401,0.0014,0.002195
0,-0.291009,-0.054694,-0.230896,0.055286,-0.267356,0.027468,0.000538,0.000955
0,-0.066518,0.023676,0.224488,0.049581,0.240825,0.004777,0.001161,0.000413
0,-0.169186,-0.00265,-0.129923,-0.007798,-0.142754,-0.019457,0.002665,4.6e-05
0,-0.062849,0.019264,0.124986,0.017676,0.116046,-0.007086,0.001097,0.000336
0,-0.007634,-0.136978,0.030307,-0.170151,0.06407,-0.18033,0.000133,0.002391
0,0.003561,0.056251,-0.0113,0.181857,0.014595,0.227977,6.2e-05,0.000982
0,-0.204175,-0.118211,-0.224063,-0.184267,-0.235616,-0.145876,0.002054,0.002063
0,-0.237199,-0.085741,-0.044446,0.037552,-0.019069,-0.006862,0.001478,0.001496
0,-0.142691,0.005835,0.064615,0.072652,0.078102,0.057773,0.00249,0.000102
0,-0.175209,-0.02424,-0.041574,-0.006896,-0.034848,-0.025254,0.00256,0.000423
0,-0.273502,0.172682,-0.094248,0.182394,-0.09703,0.223625,0.000844,0.002604
0,-0.291539,0.154181,-0.036882,0.004854,-0.075719,-0.018728,0.000529,0.002691
0,-0.129241,-0.101854,0.179412,-0.266798,0.14546,-0.310337,0.002256,0.001778
0,-0.09251,-0.070377,0.060485,0.05536,0.091297,0.020193,0.001615,0.001228
0,-0.058037,0.017942,0.022827,0.09805,-0.010338,0.130948,0.001013,0.000313
0,-0.184852,0.013103,-0.141131,-0.020881,-0.114184,-0.016965,0.002391,0.000229
0,-0.152736,-0.101374,0.020238,-0.130257,0.030873,-0.081634,0.002666,0.001769
0,-0.295689,-0.14318,-0.120314,-0.055404,-0.09576,-0.088777,0.000457,0.002499
0,-0.128934,0.098527,0.143782,0.244107,0.108241,0.245863,0.00225,0.00172
0,-0.194797,0.065155,-0.083402,-0.061387,-0.06273,-0.023403,0.002218,0.001137
0,-0.242936,-0.041006,-0.066942,-0.085101,-0.096742,-0.076757,0.001377,0.000716
0,-0.315502,0.092052,-0.061724,0.161553,-0.03193,0.118573,0.000111,0.001607
0,-0.171071,-0.017013,0.114655,-0.095692,0.074838,-0.072118,0.002632,0.000297
0,-0.227553,-0.162053,-0.081726,-0.119752,-0.088664,-0.157019,0.001646,0.002789
0,0.048778,0.074002,0.276532,0.237485,0.275444,0.20124,0.000851,0.001292
0,-0.14657,-0.128724,-0.180142,-0.215746,-0.209685,-0.20329,0.002558,0.002247
0,-0.192494,-0.040487,-0.023445,0.06381,0.006323,0.034683,0.002258,0.000707
0,-0.125748,0.105864,0.055122,0.165766,0.042722,0.164046,0.002195,0.001848
0,-0.035707,-0.070239,0.110628,-0.192374,0.146319,-0.181714,0.000623,0.001226
0,-0.155507,-0.093374,-0.144451,-0.046491,-0.152243,-0.018895,0.002714,0.00163
0,-0.30867,0.11345,-0.154496,0.188571,-0.179188,0.200264,0.00023,0.00198
0,-0.209045,-0.049675,0.075789,-0.143121,0.102986,-0.126982,0.001969,0.000867
0,-0.180546,-0.401109,0.047783,-0.3228,0.05037,-0.353737,0.002466,0.001383
0,-0.063506,-1.020097,0.10895,-0.60568,0.100521,-0.585937,0.001108,0.000952
0,-0.134648,-0.965503,-0.080587,0.032419,-0.114149,0.043832,0.000461,1e-06
0,-8.980509,-1.393014,-8.818429,-0.400122,-8.81215,-0.429466,0.000551,0.001843
0,-8.984003,-1.172723,0.007526,0.247245,-0.016111,0.281545,0.00049,0.002002
0,-8.956289,-0.89523,0.051133,0.302797,0.033624,0.351113,0.000973,0.001228
0,-9.08109,-0.724412,-0.109139,0.172817,-0.061466,0.180458,0.001205,0.001408
0,-8.9642,-0.635099,0.111562,0.068002,0.06214,0.092481,0.000835,0.00015
0,-8.931287,-0.445152,0.026143,0.188351,0.06939,0.203561,0.00141,0.002152
0,-9.138097,-0.353774,-0.209148,0.065387,-0.170386,0.023666,0.0022,0.000557
0,-9.068358,-0.288121,0.07218,0.040541,0.049231,0.030994,0.000982,0.000589
0,-8.922775,-0.191011,0.171059,0.111822,0.200466,0.110973,0.001558,0.002284
0,-9.011671,-0.038437,-0.107982,0.149285,-0.084214,0.123524,7e-06,0.000671
0,-8.972077,0.208235,0.037904,0.218957,0.060932,0.211971,0.000698,0.001983
0,-8.955013,0.048306,0.01391,-0.176709,0.023756,-0.22371,0.000996,0.000843
0,-9.000552,0.064837,-0.023583,0.029197,-0.011302,0.053752,0.000201,0.001132
0,-9.071867,0.252475,-0.081256,0.158912,-0.111178,0.150363,0.001044,0.001211
0,-9.042327,0.057639,0.004049,-0.206987,0.039457,-0.1857,0.000528,0.001006
0,-9.062355,0.14648,-0.004011,0.064607,-0.005405,0.062328,0.000878,0.002557
0,-8.914699,-0.063018,0.119667,-0.189517,0.107241,-0.211284,0.001699,0.0011
0,-8.871037,-0.018493,0.036268,0.025504,0.058305,0.02644,0.002461,0.000323
0,-9.086931,0.009972,-0.22447,0.024239,-0.211681,0.042059,0.001307,0.000174
0,-9.024854,0.110645,0.054092,0.106095,0.018779,0.093499,0.000223,0.001931
0,-9.126099,-0.055817,-0.10264,-0.16035,-0.122737,-0.205716,0.00199,0.000974
0,-8.415599,0.063864,0.736628,0.132254,0.693301,0.135103,0.000825,0.001115
0,-8.040977,-0.089352,0.359282,-0.171255,0.375122,-0.184458,9.6e-05,0.001559
0,-7.690142,0.146715,0.328694,0.21005,0.342018,0.231577,0.000602,0.002561
0,-7.077947,0.035197,0.63382,-0.12067,0.602793,-0.097679,5.2e-05,0.000614
0,-6.821421,0.069125,0.280567,0.040751,0.317936,0.027993,0.001089,0.001206
0,-6.457797,-0.090881,0.380173,-0.167096,0.428378,-0.191676,0.00036,0.001586
0,-6.149696,0.102211,0.320578,0.203516,0.303799,0.211988,0.0006,0.001784
0,-5.741552,-0.003226,0.40407,-0.117932,0.365582,-0.111791,0.000906,5.6e-05
0,-5.559212,0.099067,0.181092,0.080288,0.139005,0.111649,0.001529,0.001729
0,-5.112507,-0.090475,0.448974,-0.167324,0.426871,-0.117873,0.00065,0.001579
0,-4.852572,0.07052,0.281667,0.160891,0.302151,0.113112,0.000431,0.001231
0,-4.514962,0.06537,0.326856,0.011252,0.304693,-0.030361,0.000156,0.001141
0,-4.337277,-0.100721,0.201437,-0.162644,0.165301,-0.130032,0.002672,0.001758
0,-4.05121,0.061456,0.291868,0.138206,0.311598,0.097363,0.002321,0.001073
0,-3.829236,0.077185,0.194484,0.026283,0.224807,0.065304,0.000577,0.001347
0,-3.723615,0.063399,0.107691,-0.032779,0.104479,-0.075824,0.002421,0.001107
0,-3.527412,0.112887,0.222738,0.051942,0.238484,0.002473,0.000228,0.00197
0,-3.25179,-0.079563,0.305182,-0.169847,0.272394,-0.216131,0.000579,0.001389
0,-3.135743,-0.084402,0.12591,0.022464,0.167665,0.018447,0.001446,0.001473
0,-2.755714,-0.134915,0.402136,-0.072572,0.399879,-0.120244,0.002461,0.002355
0,-2.743595,0.006951,0.0312,0.170208,0.07824,0.193792,0.002673,0.000121
0,-2.5067,-0.075503,0.216566,-0.075698,0.22878,-0.028303,0.00119,0.001318
0,-2.286757,0.088141,0.229342,0.172275,0.273678,0.196667,0.000589,0.001538
0,-2.291254,-0.026543,-0.029067,-0.127404,-0.045486,-0.169546,0.000667,0.000463
0,-2.222921,-0.02651,0.043464,0.026497,0.020001,0.071839,0.000525,0.000463
0,-2.036852,0.086835,0.160938,0.116996,0.150185,0.145375,0.001845,0.001516
0,-1.875027,-0.104108,0.168749,-0.162556,0.177306,-0.185963,0.00098,0.001817
0,-1.85047,0.025749,0.045532,0.135514,0.047578,0.170086,0.001408,0.000449
0,-1.83395,-0.020867,0.001733,-0.035132,0.041064,-0.007905,0.001697,0.000364
0,-1.476961,0.046726,0.380193,0.058334,0.35873,0.034976,0.00231,0.000816
0,-1.710149,0.097601,-0.251961,0.04612,-0.256934,0.056504,0.00176,0.001703
0,-1.671903,0.086817,0.030927,0.005226,0.056314,-0.032421,0.001093,0.001515
0,-1.353366,-0.007326,0.305685,-0.089321,0.302632,-0.044325,0.001151,0.000128
0,-1.455422,-0.043872,-0.084212,-0.058521,-0.054404,-0.080082,0.002686,0.000766
0,-1.265751,-0.076448,0.179125,-0.036422,0.214317,-0.01073,0.000379,0.001334
0,-1.281399,0.17206,0.000624,0.258948,-0.038668,0.248051,0.000105,0.002614
0,-1.111266,-0.089532,0.187363,-0.281504,0.157905,-0.233952,0.002543,0.001563
0,-1.207347,-0.081365,-0.101313,0.00143,-0.103041,-0.043343,0.001398,0.00142
0,-1.01107,0.049174,0.189118,0.111757,0.200273,0.120572,0.000794,0.000858
0,-1.068215,0.002722,-0.055046,-0.043471,-0.079066,-0.005505,0.001791,4.8e-05
0,-0.891972,0.090612,0.178694,0.100674,0.190568,0.076256,0.001285,0.001581
0,-0.939451,-0.01092,-0.040532,-0.117038,-0.089434,-0.113273,0.000456,0.000191
0,-0.730205,0.1295,0.238149,0.160912,0.23761,0.196628,0.001509,0.00226
0,-0.603184,-0.025253,0.10054,-0.130409,0.082247,-0.134266,0.000707,0.000441
0,-0.685336,0.030417,-0.089778,0.058372,-0.05019,0.080513,0.000726,0.000531
0,-0.544314,0.053895,0.146552,0.006904,0.132479,0.036964,0.001735,0.000941
0,-0.665517,-0.001439,-0.109446,-0.039382,-0.140337,-0.034741,0.00038,2.5e-05
0,-0.399652,-0.041101,0.262153,-0.012419,0.283514,0.019434,0.001358,0.000717
0,-0.373233,0.15974,0.034302,0.208437,0.05246,0.185846,0.000897,0.002788
0,-0.443322,0.145013,-0.040649,-0.036136,-0.010132,-0.064178,0.00212,0.002531
0,-0.370667,0.216082,0.100184,0.049514,0.086879,0.083779,0.000852,0.001846
0,-0.230353,0.127989,0.130502,-0.110532,0.118289,-0.076783,0.001597,0.002234
0,-0.205437,0.100753,0.006066,-0.017263,-0.037647,-0.025147,0.002032,0.001758
0,-0.425846,0.235155,-0.246595,0.158919,-0.196864,0.140367,0.001815,0.001513
0,-0.418769,0.170463,-0.022579,-0.08699,-0.004119,-0.11863,0.001691,0.002642
0,-0.355844,-0.052437,0.0612,-0.211906,0.098085,-0.168489,0.000593,0.000915
0,-0.297068,0.101776,0.041681,0.165379,0.066387,0.188143,0.000433,0.001776
0,-0.265934,0.114602,0.060751,0.000703,0.025867,-0.017885,0.000976,0.002
0,-0.283511,-0.055664,-0.021189,-0.15971,-0.036584,-0.146673,0.000669,0.000972
0,-0.193861,0.092993,0.070703,0.137434,0.046954,0.151969,0.002234,0.001623
0,-0.134198,0.189957,0.032806,0.095649,-0.015252,0.096841,0.002342,0.002302
0,-0.411317,0.217444,-0.297259,0.024871,-0.263538,0.064869,0.001561,0.001822
0,-0.198603,0.147099,0.240723,-0.049506,0.283268,-0.036266,0.002151,0.002567
0,-0.343882,0.160013,-0.169659,0.014612,-0.136292,0.041583,0.000384,0.002793
0,-0.375339,0.231936,-0.058045,0.050277,-0.081219,0.033183,0.000933,0.001569
0,-0.272359,0.042298,0.077424,-0.1879,0.035186,-0.214258,0.000864,0.000738
0,-0.131337,-0.021421,0.165987,-0.09315,0.198928,-0.122677,0.002292,0.000374
0,-0.102891,-0.012696,0.003114,-0.007365,0.004609,-0.017213,0.001796,0.000222
0,-0.116063,0.093168,-0.015311,0.078851,0.026157,0.101606,0.002026,0.001626
0,-0.100098,-0.016177,-0.001065,-0.091948,-0.038944,-0.04695,0.001747,0.000282
0,-0.154449,-0.098984,-0.032222,-0.084218,-0.00459,-0.103533,0.002696,0.001728
0,-0.226257,0.079691,-0.086186,0.176163,-0.106918,0.205051,0.001669,0.001391
0,-0.070431,0.133225,0.181556,0.051391,0.187365,0.052477,0.001229,0.002325
0,-0.209278,-0.047875,-0.143316,-0.20155,-0.099578,-0.20952,0.001965,0.000836
0,-0.102403,0.11438,0.118247,0.169903,0.088019,0.169766,0.001787,0.001996
0,-0.054861,-0.077073,0.017624,-0.177338,0.067067,-0.189512,0.000958,0.001345
0,-0.078309,0.100088,-0.028119,0.204487,0.018285,0.161098,0.001367,0.001747
0,-0.196714,0.002024,-0.124531,-0.085187,-0.113727,-0.049778,0.002184,3.5e-05
0,-0.140558,-0.0676,0.074512,-0.076614,0.056457,-0.093498,0.002453,0.00118
0,-0.26294,0.099064,-0.123753,0.161086,-0.171847,0.111904,0.001028,0.001729
0,-0.166766,-0.098075,0.102024,-0.191437,0.100598,-0.180815,0.002707,0.001712
0,-1.997369,-1.103208,-1.816765,-1.033251,-1.80731,-1.02227,0.001156,0.002402
0,-2.68589,-1.679129,-0.703873,-0.589529,-0.658735,-0.608008,0.001938,0.001219
0,-3.610419,-1.753018,-0.949314,-0.092427,-0.938175,-0.123642,0.001221,0.002508
0,-3.231928,-1.545253,0.36129,0.181254,0.31435,0.228462,0.000233,0.001118
0,-3.085016,-1.373365,0.125608,0.158867,0.13438,0.200458,0.002331,0.0015
0,-2.251522,-0.958186,0.852702,0.437477,0.827275,0.476609,2.6e-05,0.000129
0,-1.397368,-0.566621,0.827705,0.41088,0.873447,0.421335,0.001919,0.001346
0,-0.742885,-0.220447,0.645356,0.332951,0.633453,0.292239,0.001081,0.00177
0,-9.090555,-0.376371,-8.341055,-0.176389,-8.327183,-0.140744,0.00137,0.000951
0,-9.10305,-0.058993,0.009792,0.291574,-0.02387,0.243682,0.001588,0.00103
0,-9.004533,-0.051572,0.120285,0.036137,0.101198,-0.007205,0.000131,0.0009
0,-9.113082,-0.049523,-0.123372,-0.026323,-0.109404,-0.015762,0.001763,0.000864
0,-8.867502,0.036634,0.249637,0.080596,0.258703,0.03133,0.002523,0.000639
0,-8.608915,-0.002907,0.265769,-0.031712,0.263831,0.005126,0.001419,5.1e-05
0,-8.160638,-0.043871,0.437325,-0.056959,0.408336,-0.031931,0.001992,0.000766
0,-7.757156,0.06242,0.432105,0.132778,0.450144,0.159123,0.000568,0.001089
0,-7.420088,0.185667,0.344931,0.143033,0.300482,0.133016,0.000302,0.002377
0,-6.977292,0.041028,0.442352,-0.135762,0.459857,-0.15504,0.001808,0.000716
0,-6.611297,0.075066,0.39012,0.007023,0.413697,0.020736,0.002579,0.00131
0,-6.025055,-0.052725,0.568833,-0.108922,0.51933,-0.084966,0.001576,0.00092
0,-5.849587,0.110764,0.171909,0.183153,0.192055,0.146877,0.000979,0.001933
0,-5.443061,-0.095192,0.432164,-0.212872,0.443764,-0.21529,0.000498,0.001661
0,-5.327221,0.033928,0.093389,0.117958,0.0696,0.111882,0.00252,0.000592
0,-4.931307,0.102883,0.369328,0.098892,0.378408,0.085501,0.001805,0.001796
0,-4.650802,-0.030265,0.300504,-0.15392,0.264147,-0.110964,0.002527,0.000528
0,-9.094045,-1.76543,-4.438026,-1.717091,-4.41376,-1.766745,0.001431,0.002725
0,-9.115918,-2.308977,-0.003536,-0.572307,-0.022993,-0.546487,0.001813,0.000977
0,-9.078256,-2.703857,0.064626,-0.396119,0.106069,-0.418874,0.001155,0.002251
0,-8.929712,-2.390568,0.131659,0.297414,0.107264,0.331182,0.001437,0.002401
0,-8.883581,-2.125805,0.035532,0.250267,0.066573,0.25963,0.002242,0.00222
0,-9.092609,-1.491837,-0.218449,0.630869,-0.202876,0.58374,0.001406,0.00205
0,-9.051935,-1.235004,0.015585,0.268431,0.015844,0.268201,0.000696,0.000915
0,-9.113778,-0.95539,-0.084385,0.268365,-0.084233,0.293263,0.001775,0.000178
0,-9.078351,-0.431663,0.048996,0.526283,0.008248,0.486459,0.001157,0.001916
0,-9.096516,-0.094178,-0.009533,0.311545,0.034265,0.327468,0.001474,0.001644
0,-9.089216,0.246947,0.021176,0.324996,-0.001811,0.308654,0.001347,0.001307
0,-9.03388,0.331559,0.038712,0.092082,0.085884,0.131078,0.000381,0.000169
0,-9.064713,0.372465,-0.036037,0.034442,-0.068983,0.075304,0.000919,0.000883
0,-9.057106,0.394383,0.00306,0.021011,-0.042791,0.042308,0.000786,0.001266
0,-9.128848,0.350766,-0.047157,-0.058732,-0.012212,-0.017888,0.002038,0.000505
0,-9.100397,0.195435,0.013358,-0.159362,0.027912,-0.147008,0.001542,0.002207
0,-8.907073,0.232305,0.164672,0.062565,0.1426,0.080679,0.001832,0.001563
0,-9.070381,0.105605,-0.134207,-0.138172,-0.172551,-0.170762,0.001018,0.001843
0,-8.943476,0.118373,0.108378,0.024725,0.087721,-0.010308,0.001197,0.002066
0,-9.041837,-0.027868,-0.075835,-0.150704,-0.084513,-0.135414,0.00052,0.000486
0,-9.026325,0.016732,0.030262,0.041847,0.031422,0.014313,0.000249,0.000292
0,-8.920511,-0.054212,0.124774,-0.070128,0.158821,-0.096726,0.001598,0.000946
0,-8.972584,-0.128854,-0.022477,-0.097037,0.027423,-0.104002,0.000689,0.002249
0,-8.507874,-0.035989,0.477228,0.070348,0.483444,0.080074,0.002435,0.000628
0,-8.083512,0.007258,0.427315,0.031785,0.423484,0.015358,0.000646,0.000127
0,-7.622054,-0.186669,0.462786,-0.217853,0.494563,-0.177054,0.00179,0.00236
0,-7.298027,-0.03137,0.352417,0.162725,0.33416,0.185326,0.000978,0.000548
0,-6.987962,0.008911,0.332502,0.061692,0.347647,0.033534,0.001622,0.000156
0,-6.65943,-0.160926,0.300716,-0.169756,0.329678,-0.189689,0.001739,0.002809
0,-6.017692,-0.128753,0.634981,0.023061,0.587958,-0.025204,0.001704,0.002247
0,-5.894765,-0.129293,0.11395,-0.024493,0.137382,-0.018498,0.001768,0.002257
0,-5.517494,-0.035249,0.388731,0.073979,0.366856,0.067261,0.000801,0.000615
0,-5.324194,-0.072484,0.171894,-0.050765,0.188759,-0.035179,0.002573,0.001265
0,-4.816828,0.09637,0.533223,0.189179,0.528533,0.22869,0.000193,0.001682
0,-4.576904,-0.050689,0.249667,-0.175882,0.255835,-0.215707,0.001237,0.000885
0,-4.499304,0.020933,0.10223,0.070096,0.139198,0.079143,0.000117,0.000365
0,-4.28834,0.085602,0.213764,0.075567,0.196585,0.066752,0.001818,0.001494
0,-3.971606,-0.079628,0.318688,-0.139965,0.296081,-0.091811,0.001907,0.00139
0,-3.853003,-0.041588,0.104636,0.017168,0.115447,-0.029955,0.000163,0.000726
0,-9.082551,0.458055,-5.225807,0.478287,-5.230376,0.504005,0.00123,0.002377
0,-8.853249,0.612196,0.208884,0.151931,0.203543,0.126427,0.002772,0.00055
0,-9.135719,0.867171,-0.281426,0.240309,-0.233482,0.238534,0.002158,0.001718
0,-9.123777,1.069018,-0.003234,0.185448,0.039544,0.188473,0.00195,0.001805
0,-9.144486,0.747731,-0.032856,-0.348088,-0.04641,-0.384564,0.002311,0.001815
0,-8.997071,0.668011,0.165423,-0.067564,0.143065,-0.115606,0.000262,0.000424
0,-9.035786,0.594619,-0.026584,-0.059957,-0.014319,-0.095928,0.000414,0.000857
0,-8.916058,0.734994,0.114451,0.131413,0.154635,0.142093,0.001676,0.001593
0,-9.113579,0.470905,-0.18591,-0.260928,-0.148836,-0.303019,0.001772,0.002601
0,-8.982731,0.410474,0.120135,-0.062161,0.158806,-0.037094,0.000512,0.001547
0,-9.005326,0.09288,-0.044196,-0.317167,-0.047018,-0.316399,0.000118,0.001621
0,-9.063481,0.111426,-0.037569,0.004556,-0.084195,-0.006864,0.000897,0.001945
0,-8.913378,0.168503,0.129548,0.082129,0.109142,0.120576,0.001722,0.002677
0,-8.502164,0.213889,0.393295,0.031442,0.371096,0.044051,0.002336,0.001884
0,-8.056572,0.002989,0.4323,-0.215589,0.468978,-0.174058,0.000176,5.2e-05
0,-7.796544,0.023918,0.272819,0.03415,0.231165,0.047717,0.001255,0.000417
0,-7.160072,0.135762,0.624234,0.103929,0.57466,0.065497,0.001382,0.002369
0,-6.858223,0.19373,0.293584,0.0729,0.258017,0.097056,0.001731,0.002236
0,-6.41304,-0.037604,0.448405,-0.230566,0.398944,-0.267398,0.000421,0.000656
0,-8.905292,-0.635034,-2.471431,-0.592919,-2.443707,-0.547818,0.001864,0.000152
0,-8.901254,-0.640861,-0.012049,0.014003,0.00449,0.056794,0.001934,5e-05
0,-9.02208,-0.828806,-0.132419,-0.161344,-0.178467,-0.127004,0.000175,0.002387
0,-8.942556,-0.795616,0.051795,0.04243,0.057524,0.011029,0.001213,0.002651
0,-8.89403,-0.711905,0.057085,0.055966,0.078103,0.026717,0.00206,0.00119
0,-8.873409,-0.347255,0.03857,0.392669,0.066952,0.36724,0.00242,0.000443
0,-9.138139,-0.230631,-0.264245,0.127614,-0.301361,0.167341,0.0022,0.001592
0,-8.876677,-0.081532,0.26133,0.120451,0.268994,0.126174,0.002363,0.001423
0,-9.146934,-0.108529,-0.251787,-0.011103,-0.244761,-0.049819,0.002354,0.001894
0,-8.99678,-0.198675,0.150341,-0.104065,0.130434,-0.109454,0.000267,0.00215
0,-8.937344,-0.006044,0.066301,0.216418,0.053554,0.197149,0.001304,0.000105
0,-8.9485,0.011486,-0.030144,0.012005,0.017449,-0.035772,0.001109,0.0002
0,-8.709515,0.139798,0.260363,0.154141,0.235257,0.11121,0.000337,0.00244
0,-5.991057,-0.021025,2.71105,-0.187291,2.691987,-0.233081,0.002169,0.000367
0,-5.833327,0.039495,0.147,0.073297,0.137961,0.04265,0.000696,0.000689
0,-5.348044,0.051718,0.459708,0.02529,0.438236,0.034266,0.00065,0.000903
0,-5.051874,0.008087,0.306469,-0.063484,0.295639,-0.10321,0.001708,0.000141
0,-4.97866,0.158322,0.054132,0.173127,0.081352,0.182555,0.002631,0.002763
0,-4.756163,-0.060963,0.209646,-0.240625,0.186402,-0.238722,0.001252,0.001064
0,-4.44026,-0.086585,0.333695,-0.039817,0.324837,-0.018701,0.001148,0.001511
0,-4.042887,0.059751,0.390115,0.156851,0.433968,0.191999,0.002466,0.001043
0,-3.924226,-0.115279,0.146961,-0.170921,0.160603,-0.168189,0.001081,0.002012
0,-3.674104,0.045187,0.263508,0.143476,0.273882,0.104323,0.002333,0.000789
0,-3.628101,0.071964,0.074107,0.005929,0.099453,0.006226,0.00153,0.001256
0,-3.435815,-0.010428,0.173376,-0.11178,0.153774,-0.069353,0.001826,0.000182
0,-3.223094,-0.057316,0.220389,-0.030116,0.230675,-0.066833,7.9e-05,0.001
0,-2.909995,-0.109124,0.292713,-0.032206,0.315978,-0.068841,0.000231,0.001905
0,-2.935155,-0.122734,-0.048933,-0.008692,-0.052929,-0.014006,0.000671,0.002142
0,-2.685993,0.014063,0.230168,0.134715,0.193305,0.181321,0.001939,0.000245
0,-2.494234,-0.090074,0.200685,-0.084087,0.188469,-0.054539,0.001407,0.001572
0,-2.442504,-0.078436,0.043219,0.026531,0.022797,0.046566,0.00231,0.001369
0,-2.37106,-0.156531,0.081382,-0.065842,0.116801,-0.08237,0.00206,0.002732
0,-2.210785,-0.020638,0.135173,0.114369,0.10609,0.16141,0.000737,0.00036
0,-1.964041,0.030647,0.220483,0.039703,0.213928,0.004296,0.000574,0.000535
0,-2.082189,-0.004177,-0.088907,-0.045082,-0.090598,-0.081948,0.002636,7.3e-05
0,-1.753753,-0.099406,0.353004,-0.089249,0.365554,-0.040949,0.002521,0.001735
0,-1.646904,0.103093,0.100916,0.173772,0.052808,0.133925,0.000656,0.001799
0,-1.447973,0.056693,0.178349,-0.059834,0.168633,-0.085072,0.002802,0.000989
0,-1.425714,-0.06348,0.019015,-0.10073,-0.018877,-0.148362,0.002413,0.001108
0,-9.129565,1.379704,-7.687183,1.41677,-7.643006,1.439093,0.002051,0.00161
0,-8.945644,2.032693,0.171965,0.659938,0.125047,0.706935,0.001159,0.001772
0,-9.039399,2.402983,-0.094916,0.343326,-0.065692,0.295205,0.000477,0.002617
0,-8.892016,2.65739,0.158289,0.265774,0.204266,0.243649,0.002095,0.00144
0,-8.96465,2.444789,-0.042755,-0.202587,-0.058709,-0.214607,0.000828,0.00227
0,-9.021299,2.044243,-0.04201,-0.396047,-0.048488,-0.400057,0.000161,0.001974
0,-8.994672,1.558666,-0.001716,-0.465528,0.038765,-0.415608,0.000304,0.000884
0,-9.128369,1.306472,-0.112445,-0.240582,-0.114815,-0.20631,0.00203,0.000332
0,-9.013396,0.83279,0.087427,-0.501128,0.07325,-0.474075,2.3e-05,0.002318
0,-9.116244,0.384335,-0.132833,-0.423188,-0.140272,-0.437557,0.001818,0.00109
0,-8.859156,0.172562,0.271151,-0.233285,0.233571,-0.190681,0.002669,0.002606
0,-8.853322,-0.041589,0.022049,-0.200901,-0.005484,-0.175213,0.002771,0.000726
0,-9.063195,-0.186509,-0.221562,-0.168737,-0.175493,-0.169415,0.000892,0.002362
0,-8.971571,-0.433048,0.117239,-0.242387,0.125029,-0.234603,0.000707,0.001941
0,-8.903377,-0.223616,0.085075,0.198477,0.120928,0.238434,0.001897,0.001715
0,-9.072757,-0.194651,-0.192629,0.030151,-0.153807,0.035427,0.001059,0.00222
0,-8.933505,-0.357016,0.168074,-0.139146,0.200081,-0.153577,0.001371,0.000614
0,-8.94663,-0.120623,-0.01151,0.215452,-0.042478,0.25344,0.001142,0.002105
0,-8.893209,-0.098915,0.052063,0.033212,0.093442,0.040757,0.002074,0.001726
0,-8.892186,-0.214961,-0.012035,-0.101221,0.019932,-0.069889,0.002092,0.001866
0,-9.085633,0.036272,-0.194733,0.244579,-0.17872,0.230928,0.001284,0.000633
0,-8.941995,-0.003879,0.166446,-0.025385,0.126918,-0.057286,0.001223,6.8e-05
0,-8.900701,0.126325,0.065947,0.110948,0.050577,0.116945,0.001944,0.002205
0,-9.10776,0.061594,-0.211621,-0.052528,-0.213487,-0.0303,0.00167,0.001075
0,-9.070752,0.126321,0.050035,0.078937,0.01336,0.041297,0.001024,0.002205
0,-8.983382,0.143334,0.097939,-0.003479,0.07571,0.019251,0.000501,0.002502
0,-9.052914,0.034487,-0.080131,-0.114761,-0.078836,-0.138737,0.000713,0.000602
0,-8.943544,0.085632,0.081953,0.05009,0.043682,0.093942,0.001196,0.001495
0,-9.091205,0.077949,-0.125663,0.011336,-0.110494,0.007528,0.001381,0.00136
0,-7.922293,-0.088191,1.193033,-0.151449,1.170929,-0.11869,0.002168,0.001539
0,-7.339422,-0.121557,0.592284,-0.015482,0.617285,0.026194,0.001106,0.002122
0,-5.483845,0.021133,1.861188,0.165843,1.880105,0.158207,0.000214,0.000369
0,-4.784445,0.09566,0.685687,0.074321,0.701626,0.115107,0.000758,0.00167
0,-3.674084,0.152128,1.100818,0.069933,1.135497,0.078767,0.002332,0.002655
0,-2.421845,0.151466,1.240077,-0.014558,1.251332,-0.014608,0.000135,0.002644
0,-9.040256,0.134615,-6.608401,-0.020254,-6.577611,0.022088,0.000492,0.002349
0,-9.107855,0.085016,-0.080499,-0.032292,-0.112605,-0.025407,0.001672,0.001484
0,-8.520634,0.039024,0.602126,-0.036899,0.632102,-0.014768,0.002658,0.000681
0,-8.022673,-0.121013,0.490465,-0.147024,0.52182,-0.178446,0.000416,0.002112
0,-7.700079,-0.096683,0.30034,0.03155,0.327122,0.038558,0.000428,0.001687
0,-7.00205,0.033523,0.713716,0.146644,0.735184,0.125847,0.001376,0.000585
0,-6.66579,0.075184,0.32655,0.04291,0.360879,0.054873,0.001628,0.001312
0,-6.27198,-0.140051,0.401318,-0.234204,0.408688,-0.278281,0.002734,0.002444
0,-6.17401,0.0487,0.105271,0.160096,0.113974,0.189679,0.001024,0.00085
0,-5.768882,0.030957,0.398751,-0.02527,0.415088,-0.037317,0.000429,0.00054
0,-5.29805,-0.051155,0.490599,-0.085539,0.482207,-0.126337,0.002588,0.000893
0,-5.292029,0.102217,0.035254,0.169699,-0.012494,0.138064,0.002483,0.001784
0,-4.847778,-0.132313,0.449597,-0.24843,0.460665,-0.269093,0.000347,0.002309
0,-4.688677,-0.072671,0.142564,0.037004,0.188019,-0.00818,0.00243,0.001268
0,-4.408717,-0.082175,0.277309,-0.007204,0.243818,7e-05,0.001698,0.001434
0,-4.186984,-0.081898,0.201825,-0.018801,0.152002,0.012,4.9e-05,0.001429
0,-3.879503,0.152647,0.306795,0.22433,0.336987,0.248616,0.0003,0.002664
0,-3.713801,0.033637,0.145715,-0.110271,0.103118,-0.069408,0.002592,0.000587
0,-3.636794,-0.046739,0.085947,-0.0909,0.121757,-0.13145,0.001681,0.000816
0,-3.268732,-0.024333,0.348067,0.019444,0.325647,0.01175,0.000875,0.000425
0,-3.173064,-0.076681,0.09375,-0.044137,0.090335,-0.088865,0.000795,0.001338
0,-3.209042,0.020112,-0.018097,0.084873,-0.042269,0.063076,0.000167,0.000351
0,-2.997478,8.6e-05,0.215681,-0.001331,0.24861,-0.04623,0.001758,1e-06
0,-2.845037,0.082986,0.164963,0.106808,0.137815,0.090073,0.000902,0.001448
0,-2.742087,-0.140363,0.127786,-0.221972,0.140149,-0.200074,0.002699,0.00245
0,-2.371271,-0.10253,0.389002,0.030887,0.415029,0.051986,0.002064,0.001789
0,-2.239713,0.049398,0.133388,0.165457,0.173857,0.163284,0.000232,0.000862
0,-2.365107,-0.112886,-0.12992,-0.192274,-0.113436,-0.238489,0.001956,0.00197
0,-2.205249,-0.081175,0.140618,0.039848,0.09913,0.00634,0.000834,0.001417
0,-2.001523,-0.050266,0.174332,0.057434,0.161719,0.034091,0.001228,0.000877
0,-1.81964,0.061261,0.168792,0.093458,0.18945,0.12814,0.001946,0.001069
0,-1.630586,-0.092565,0.202221,-0.169619,0.236068,-0.173219,0.000372,0.001616
0,-1.541112,0.054134,0.063131,0.118912,0.066491,0.090665,0.00119,0.000945
0,-1.535048,0.089615,0.029856,0.048179,-0.00062,0.02398,0.001296,0.001564
0,-1.648985,0.149152,-0.084622,0.040722,-0.065752,0.087572,0.000693,0.002603
0,-1.433585,0.016073,0.226971,-0.139625,0.206181,-0.123265,0.002551,0.000281
0,-1.388622,0.009162,0.023841,0.021653,-0.020209,0.027911,0.001766,0.00016
0,-1.318544,0.087529,0.048568,0.107692,0.085894,0.150528,0.000543,0.001528
0,-1.323638,0.16954,0.008264,0.08755,0.013653,0.048169,0.000632,0.002658
0,-1.124144,0.016891,0.178671,-0.133455,0.205908,-0.161582,0.002767,0.000295
0,-1.269679,0.074274,-0.11995,0.037234,-0.097066,0.076492,0.00031,0.001296
0,-1.164395,-0.00669,0.121357,-0.106365,0.13775,-0.070427,0.002148,0.000117
0,-1.129907,0.10788,0.028273,0.096927,0.058515,0.083102,0.002749,0.001883
0,-0.947882,0.125851,0.199879,0.013106,0.205397,0.002763,0.000309,0.002197
0,-0.991677,0.170343,-0.058313,0.020337,-0.100829,0.013394,0.000456,0.002644
0,-1.140628,-0.073228,-0.154599,-0.252779,-0.174948,-0.206173,0.002562,0.001278
0,-0.908379,0.165445,0.213908,0.218408,0.247933,0.203696,0.000998,0.00273
0,-1.049184,0.073476,-0.126094,-0.11363,-0.102871,-0.070081,0.001459,0.001282
0,-1.077761,0.129703,-0.044831,0.056605,-0.050117,0.020037,0.001958,0.002264
0,-1.005477,0.084068,0.082389,-0.071189,0.074037,-0.037673,0.000696,0.001467
0,-1.033189,0.013775,-0.054129,-0.067158,-0.045998,-0.049901,0.00118,0.00024
0,-0.833694,0.101161,0.225318,0.110336,0.239553,0.079855,0.002302,0.001766
0,-0.837663,-0.186144,0.014985,-0.282907,-0.031844,-0.297436,0.002233,0.002369
0,-0.601347,-0.179001,0.241066,-0.019226,0.289221,-0.020075,0.00074,0.002493
0,-0.533341,-0.192977,0.055086,-0.039641,0.013086,-0.081094,0.001926,0.002249
0,-0.576534,-0.141326,-0.030131,0.042169,-0.010108,0.045764,0.001173,0.002467
0,-0.477366,0.002715,0.0766,0.148036,0.122628,0.179506,0.002714,4.7e-05
0,-0.656579,-0.013047,-0.169819,-0.022378,-0.185279,0.015025,0.000224,0.000228
0,-0.647836,-0.189879,0.029649,-0.176085,-0.014698,-0.222223,7.2e-05,0.002303
0,-0.469735,0.028897,0.167521,0.211806,0.140317,0.218351,0.002581,0.000504
0,-0.499063,-0.090028,-0.009273,-0.136717,-0.040327,-0.124207,0.002525,0.001571
0,-0.359364,-0.170059,0.157281,-0.106006,0.139604,-0.134969,0.000655,0.002649
0,-0.482838,-0.122665,-0.094532,0.039267,-0.082406,0.006266,0.002808,0.002141
0,-0.517168,0.131823,-0.005176,0.266563,-0.015759,0.265144,0.002209,0.002301
0,-0.43342,-0.05344,0.072333,-0.189158,0.096416,-0.231052,0.001947,0.000933
0,-0.439925,-0.131644,0.016712,-0.070512,0.019671,-0.05404,0.002061,0.002298
0,-0.509334,-0.003206,-0.078803,0.135812,-0.067436,0.177336,0.002345,5.6e-05
0,-0.45558,0.074543,0.031072,0.090458,0.054184,0.129567,0.002334,0.001301
0,-0.216784,0.115547,0.265581,0.028397,0.2497,-0.016833,0.001834,0.002017
0,-0.28873,-0.051369,-0.063216,-0.160613,-0.02583,-0.141063,0.000578,0.000897
0,-0.258108,0.035751,0.03879,0.113172,0.039438,0.094718,0.001113,0.000624
0,-0.180246,-0.028833,0.06408,-0.060845,0.062726,-0.079385,0.002472,0.000503
0,-0.427823,0.059424,-0.248496,0.098509,-0.267548,0.060292,0.001849,0.001037
0,-0.252746,0.128317,0.1577,0.078085,0.141893,0.108978,0.001206,0.00224
0,-0.336947,0.000151,-0.056004,-0.147349,-0.010907,-0.160123,0.000263,3e-06
0,-0.279806,-0.020775,0.063787,-0.038888,0.054503,-0.078909,0.000734,0.000363
0,-0.182092,0.010158,0.074266,0.013168,0.068064,0.060997,0.002439,0.000177
0,-0.159691,0.077214,0.014003,0.040559,0.047091,-0.005811,0.002787,0.001348
0,-0.142922,0.16035,0.000963,0.092012,0.000866,0.047439,0.002494,0.002799
0,-0.200747,0.137745,-0.061299,0.004259,-0.049418,-0.044675,0.002114,0.002404
0,-0.25641,-0.109129,-0.074426,-0.266812,-0.061341,-0.287917,0.001142,0.001905
0,-0.148251,0.118508,0.089432,0.245143,0.091898,0.247092,0.002587,0.002068
0,-0.186591,0.16157,-0.008505,0.037898,-0.057613,0.012376,0.002361,0.002798
0,0.008919,0.036905,0.182471,-0.095914,0.173468,-0.101816,0.000156,0.000644
0,-0.078894,-0.068934,-0.073514,-0.12975,-0.076557,-0.136579,0.001377,0.001203
0,-0.09063,0.047987,-0.036427,0.13304,-0.031991,0.121566,0.001582,0.000838
0,-0.06616,-0.13374,0.031195,-0.196185,0.066711,-0.243002,0.001155,0.002334
0,-0.097108,-0.145014,-0.022489,-0.000857,-0.054511,0.028311,0.001695,0.002531
0,-0.016606,0.036674,0.107066,0.152797,0.086803,0.132392,0.00029,0.00064
0,-0.19267,-0.011486,-0.167981,-0.071774,-0.183804,-0.081698,0.002255,0.0002
0,-0.082988,-0.073254,0.129998,-0.066116,0.144495,-0.020945,0.001448,0.001279
0,0.019374,-0.13601,0.097533,-0.069842,0.088801,-0.052619,0.000338,0.002374
0,-0.215107,0.028727,-0.221431,0.153942,-0.198524,0.184672,0.001863,0.000501
0,-0.155792,-0.09974,0.050403,-0.1422,0.060932,-0.161257,0.002719,0.001741
0,-0.247613,0.041169,-0.10237,0.11846,-0.109893,0.115349,0.001296,0.000719
0,0.03535,0.010331,0.304494,-0.050628,0.312441,-0.03164,0.000617,0.00018
0,0.090745,0.058127,0.041594,0.028985,0.078923,0.019422,0.001584,0.001015
0,-0.090808,0.014289,-0.199633,-0.038305,-0.224334,-0.008364,0.001585,0.000249
0,0.035246,-0.0067,0.099149,-0.033328,0.136926,-0.068249,0.000615,0.000117
0,-0.154772,0.015605,-0.167319,0.022605,-0.135753,0.013003,0.002701,0.000272
0,0.000523,-0.02808,0.138824,-0.028066,0.175634,-0.047466,9e-06,0.00049
0,-0.082031,-0.10324,-0.08478,-0.088387,-0.06382,-0.100781,0.001432,0.001802
0,-0.139555,-0.101969,-0.06207,-0.026467,-0.019613,-0.019322,0.002436,0.00178
0,-0.240167,0.104233,-0.090149,0.191205,-0.041574,0.190975,0.001426,0.001819
0,-0.008844,-0.084806,0.248145,-0.192794,0.223561,-0.204971,0.000154,0.00148
0,-0.047494,-0.053172,-0.009807,0.005542,0.017452,0.055006,0.000829,0.000928
0,-0.033101,-0.030984,-0.001243,0.02544,0.003427,-0.01632,0.000578,0.000541
0,-0.141238,0.04309,-0.132155,0.057245,-0.103049,0.054502,0.002465,0.000752
0,-0.148288,0.123316,-0.019508,0.080087,-0.045612,0.070267,0.002588,0.002152
0,-0.102144,0.057977,0.045584,-0.060333,0.064301,-0.034682,0.001783,0.001012
0,-0.195697,0.133551,-0.098151,0.091562,-0.091895,0.112579,0.002202,0.002331
0,-0.178061,0.090645,0.033541,-0.020238,0.069582,-0.0187,0.00251,0.001582
0,-0.217556,0.180133,-0.037684,0.111098,-0.060529,0.0874,0.00182,0.002474
0,0.00892,-0.134526,0.215768,-0.318497,0.210556,-0.296891,0.000156,0.002348
0,-0.096614,0.12745,-0.093877,0.24826,-0.085751,0.206201,0.001686,0.002224
0,-0.034919,-0.122977,0.036843,-0.274818,0.039601,-0.27734,0.000609,0.002146
0,-0.01474,0.091565,0.041891,0.222344,0.084033,0.221536,0.000257,0.001598
0,-0.087606,-0.077441,-0.071516,-0.179969,-0.04389,-0.205868,0.001529,0.001352
0,-0.034337,0.092903,0.025838,0.16225,0.017149,0.16995,0.000599,0.001621
0,-0.108769,-0.016071,-0.103137,-0.137055,-0.128946,-0.124957,0.001898,0.00028
0,0.032827,0.076995,0.160811,0.073003,0.21031,0.032912,0.000573,0.001344
0,0.04687,-0.030838,0.007586,-0.122734,0.003391,-0.116695,0.000818,0.000538
0,0.137693,-0.011621,0.113728,-0.0064,0.130454,-0.020869,0.002403,0.000203
0,-0.135364,-0.016721,-0.294117,-0.012043,-0.24495,-0.008304,0.002363,0.000292
0,0.093629,-0.004469,0.246122,0.029356,0.196219,0.044919,0.001634,7.8e-05
0,-0.10115,0.017192,-0.206958,-0.005253,-0.19254,-0.005004,0.001765,0.0003
0,0.103535,0.152258,0.201291,0.109543,0.199177,0.062857,0.001807,0.002657
0,-0.023379,-0.037546,-0.138482,-0.203369,-0.151795,-0.177758,0.000408,0.000655
0,0.112293,0.033128,0.117139,0.064426,0.130039,0.103726,0.00196,0.000578
0,-0.06706,0.012539,-0.188502,-0.045468,-0.182142,-0.077008,0.00117,0.000219
0,0.180783,-0.092934,0.249168,-0.110737,0.245277,-0.117785,0.002462,0.001622
0,-0.012633,0.076705,-0.214522,0.1537,-0.253331,0.115255,0.00022,0.001339
0,0.179027,-0.046361,0.219708,-0.119006,0.169765,-0.098706,0.002493,0.000809
0,-0.069266,0.004527,-0.256639,0.043982,-0.215142,0.037569,0.001209,7.9e-05
0,0.195571,0.190079,0.268702,0.182875,0.29501,0.18546,0.002204,0.0023
0,0.08085,0.11937,-0.121008,-0.079753,-0.148482,-0.061885,0.001411,0.002083
0,0.080114,-0.018745,-0.030244,-0.160033,-0.000747,-0.183117,0.001398,0.000327
0,0.132499,-0.111525,0.064696,-0.121701,0.108931,-0.166429,0.002313,0.001946
0,0.029787,0.04557,-0.080641,0.138604,-0.051771,0.179357,0.00052,0.000795
0,0.192438,-0.099062,0.165579,-0.158582,0.1925,-0.146954,0.002259,0.001729
0,-0.057073,0.062783,-0.265997,0.174664,-0.276456,0.154068,0.000996,0.001096
0,0.12569,0.17709,0.170544,0.096565,0.194962,0.080646,0.002194,0.002527
0,0.126738,-0.047625,0.013436,-0.204151,-0.010845,-0.183235,0.002212,0.000831
0,0.043445,0.139137,-0.062322,0.212805,-0.057481,0.18251,0.000758,0.002428
0,0.16021,0.014279,0.090803,-0.143548,0.113716,-0.101242,0.002796,0.000249
0,0.107727,0.16553,-0.058799,0.124727,-0.048011,0.089089,0.00188,0.002728
0,-0.117917,0.141899,-0.230487,-0.014173,-0.241821,0.026709,0.002058,0.002477
0,-0.054248,0.006571,0.07412,-0.143487,0.028003,-0.191206,0.000947,0.000115
0,-0.092222,-0.064531,-0.043447,-0.079994,-0.058733,-0.104895,0.00161,0.001126
0,-0.122357,-0.060548,-0.002134,-0.011179,-0.015121,-0.005677,0.002136,0.001057
0,0.016448,-0.072005,0.154589,-0.018646,0.116705,-0.066661,0.000287,0.001257
0,0.035997,-0.082664,0.038021,-0.004597,0.044841,-0.004724,0.000628,0.001443
0,0.040702,0.087894,-0.002408,0.171804,-0.002507,0.215011,0.00071,0.001534
0,0.028121,-0.040123,-0.003385,-0.106163,0.017292,-0.068111,0.000491,0.0007
0,-0.039565,-0.071982,-0.095064,-0.006162,-0.119882,-0.02807,0.000691,0.001256
0,-0.173457,-0.02996,-0.114798,0.037711,-0.160948,0.047384,0.00259,0.000523
0,-0.033284,0.009081,0.12068,0.015583,0.159131,0.024682,0.000581,0.000158
0,-0.068503,-0.001149,-0.064568,0.009298,-0.074382,-0.035889,0.001196,2e-05
0,-0.179683,0.072478,-0.102908,0.08531,-0.081513,0.04645,0.002481,0.001265
0,-0.039021,0.139305,0.139042,0.093855,0.099126,0.059502,0.000681,0.002431
0,-0.108416,-0.124728,-0.072255,-0.290881,-0.096975,-0.306697,0.001892,0.002177
0,-0.081514,0.011052,0.00816,0.162958,-0.030484,0.163342,0.001423,0.000193
0,0.018157,-0.07375,0.070295,-0.113552,0.027236,-0.141972,0.000317,0.001287
0,0.082885,0.150063,0.036986,0.229682,0.071936,0.272194,0.001447,0.002619
0,-0.076245,-0.098444,-0.16351,-0.2719,-0.176794,-0.306206,0.001331,0.001718
0,0.08682,-0.037207,0.140924,0.046306,0.134862,0.019804,0.001515,0.000649
0,-0.113642,0.143806,-0.174745,0.203602,-0.183411,0.168456,0.001983,0.00251
0,-0.055566,0.134532,0.06983,-0.020671,0.092247,0.01761,0.00097,0.002348
0,-0.069853,0.15074,-0.02494,0.019176,0.02475,0.01424,0.001219,0.002631
0,0.093975,0.041158,0.144809,-0.138709,0.188651,-0.145384,0.00164,0.000718
0,0.172592,-0.008007,0.09255,-0.058567,0.075849,-0.076066,0.002605,0.00014
0,0.18952,0.003325,-0.01184,0.027984,-0.059172,0.031569,0.00231,5.8e-05
0,-0.050065,-0.007359,-0.213836,-0.038317,-0.165418,-0.034066,0.000874,0.000128
0,0.045472,0.014094,0.117159,0.015234,0.105881,0.05275,0.000794,0.000246
0,0.102063,0.242347,0.053075,0.200737,0.029324,0.201738,0.001781,0.001388
0,-0.025609,0.105727,-0.109571,-0.120728,-0.090368,-0.11895,0.000447,0.001845
0,-0.024503,0.094293,-0.011806,-0.034208,0.020517,0.013496,0.000428,0.001646
0,0.109679,0.027626,0.139795,-0.063803,0.131767,-0.048404,0.001914,0.000482
0,-0.060384,-0.136477,-0.173598,-0.164031,-0.184123,-0.134312,0.001054,0.002382
0,-0.110752,-0.083796,-0.037906,0.042555,-0.009874,0.06558,0.001933,0.001463
0,0.027611,-0.13369,0.148064,-0.057963,0.156055,-0.057914,0.000482,0.002333
0,0.097257,-0.126287,0.051852,0.03097,0.007236,0.047698,0.001697,0.002204
0,-0.187511,0.134139,-0.256975,0.284357,-0.248374,0.237797,0.002345,0.002341
0,-0.148797,-0.067906,0.052543,-0.227871,0.041612,-0.255824,0.002597,0.001185
0,-0.163292,0.130763,-0.024343,0.205059,-0.039313,0.208767,0.002768,0.002282
0,-0.074209,-0.000399,0.090993,-0.158094,0.109508,-0.189611,0.001295,7e-06
0,-0.261548,0.112244,-0.170052,0.117904,-0.188808,0.068815,0.001053,0.001959
0,-0.037902,-0.09868,0.227188,-0.231935,0.205242,-0.266152,0.000662,0.001722
0,-0.202022,0.012705,-0.184218,0.132253,-0.176081,0.094881,0.002092,0.000222
0,-0.019241,0.075631,0.209371,0.055913,0.239184,0.063989,0.000336,0.00132
0,-0.230689,-0.045245,-0.225415,-0.119223,-0.206284,-0.115671,0.001591,0.00079
0,0.087475,0.028451,0.308343,0.063212,0.315587,0.059689,0.001527,0.000497
0,-0.125899,-0.034891,-0.201401,-0.059152,-0.219371,-0.084426,0.002197,0.000609
0,0.089478,0.001878,0.230673,0.046643,0.220373,0.053368,0.001562,3.3e-05
0,-0.043063,-0.042837,-0.143333,-0.025232,-0.108103,0.014697,0.000752,0.000748
0,0.007402,-0.026832,0.05552,-0.000983,0.023346,0.005264,0.000129,0.000468
0,-0.152208,0.008701,-0.156725,0.042153,-0.135432,0.004028,0.002657,0.000152
0,0.12925,0.081962,0.309338,0.090066,0.330838,0.067631,0.002256,0.001431
0,0.108008,-0.080023,-0.01685,-0.135388,-0.006894,-0.121685,0.001885,0.001397
0,-0.081194,-0.215917,-0.191242,-0.126995,-0.155432,-0.142566,0.001417,0.001849
0,-0.125912,-0.135786,-0.026814,0.101421,-0.00167,0.051944,0.002198,0.00237
0,0.00773,-0.211399,0.128279,-0.062912,0.1481,-0.063405,0.000135,0.001928
0,-0.032781,-0.033472,-0.010976,0.179695,0.017525,0.159845,0.000572,0.000584
0,-0.108296,-0.024918,-0.080796,0.012277,-0.102382,0.016031,0.00189,0.000435
0,0.050092,0.02201,0.187473,0.071763,0.138381,0.090193,0.000874,0.000384
0,0.199366,0.093828,0.155934,0.097214,0.191681,0.087353,0.002138,0.001638
0,0.196567,0.008439,-0.017277,-0.10153,-0.063077,-0.110062,0.002187,0.000147
0,0.116944,-0.159043,-0.078157,-0.160255,-0.106409,-0.193646,0.002041,0.002776
0,0.199894,-0.07154,0.103441,0.114813,0.057415,0.132594,0.002129,0.001249
0,0.214897,-0.025363,0.024773,0.022947,0.01519,0.017688,0.001867,0.000443
0,0.15609,0.062461,-0.07045,0.095491,-0.059691,0.140596,0.002724,0.00109
0,0.18486,-0.00425,0.020793,-0.080015,-0.0066,-0.099924,0.002391,7.4e-05
0,0.091176,-0.010798,-0.08949,-0.009327,-0.051044,0.025591,0.001591,0.000188
0,0.05823,0.103362,-0.046685,0.094828,-0.058429,0.068139,0.001016,0.001804
0,0.140912,-0.075635,0.075381,-0.205746,0.084667,-0.177332,0.002459,0.00132
0,0.092204,0.096695,-0.070225,0.200436,-0.054294,0.248051,0.001609,0.001688
0,0.043557,-0.0369,-0.037215,-0.109527,-0.064202,-0.085297,0.00076,0.000644
0,0.097285,-0.052673,0.060565,-0.044105,0.013861,-0.065607,0.001698,0.000919
0,0.072092,0.145637,-0.049307,0.20263,-0.019698,0.24957,0.001258,0.002542
0,0.021897,-0.091982,-0.078162,-0.235987,-0.065585,-0.205477,0.000382,0.001605
0,-0.050594,-0.09958,-0.069165,-0.020208,-0.099655,0.009218,0.000883,0.001738
0,0.017997,0.050105,0.047621,0.129296,0.006554,0.130905,0.000314,0.000875
0,-0.184406,0.161715,-0.173929,0.127748,-0.183325,0.167925,0.002399,0.002795
0,0.058669,0.060901,0.244818,-0.075769,0.251755,-0.087249,0.001024,0.001063
0,-0.019833,-0.123282,-0.103152,-0.205675,-0.106764,-0.247826,0.000346,0.002152
0,-0.089957,0.011076,-0.095883,0.127641,-0.07366,0.134721,0.00157,0.000193
0,-0.006273,0.156701,0.079642,0.148835,0.110842,0.139977,0.000109,0.002735
0,-0.089373,0.143159,-0.09001,0.013347,-0.070632,-0.00603,0.00156,0.002499
0,-0.10723,0.098764,-0.034668,-0.052656,-0.069519,-0.016189,0.001872,0.001724
0,-0.205147,-0.040464,-0.122908,-0.136971,-0.120659,-0.09093,0.002037,0.000706
0,-0.034167,-0.027498,0.189964,0.003472,0.172304,0.032467,0.000596,0.00048
0,-0.11241,0.120505,-0.106747,0.150869,-0.075857,0.151661,0.001962,0.002103
0,0.086992,0.044096,0.229246,-0.059101,0.202017,-0.029907,0.001518,0.00077
0,-0.187242,0.107338,-0.264696,0.042443,-0.285668,0.008328,0.00235,0.001873
0,0.043638,0.042774,0.214828,-0.089257,0.216763,-0.134138,0.000762,0.000747
0,-0.059214,-0.145162,-0.115441,-0.161064,-0.163085,-0.15425,0.001033,0.002534
0,-0.131177,0.157308,-0.099373,0.314783,-0.099984,0.309999,0.002289,0.002746
0,-0.106937,0.084397,0.033774,-0.101467,0.008824,-0.141809,0.001866,0.001473
0,-0.027089,-0.016987,0.07157,-0.110517,0.094278,-0.136333,0.000473,0.000296
0,-0.073308,0.05779,-0.05706,0.054785,-0.008675,0.065526,0.001279,0.001009
0,-0.066087,0.06628,0.022621,0.035352,0.043771,0.012813,0.001153,0.001157
0,-0.093208,0.163965,0.002413,0.083416,-0.041899,0.039727,0.001627,0.002756
0,-0.119813,0.136881,-0.007548,-0.01092,0.003256,-0.000643,0.002091,0.002389
0,-0.107664,0.012014,0.034578,-0.097601,0.056293,-0.071722,0.001879,0.00021
0,-0.048384,0.112638,0.058499,0.085553,0.060001,0.039363,0.000844,0.001966
0,-0.170604,0.117491,-0.128015,0.014379,-0.108733,-0.002835,0.00264,0.002051
0,0.139632,0.158728,0.338869,0.030675,0.314959,-0.007692,0.002437,0.00277
0,-0.032354,0.142014,-0.161964,-0.016615,-0.211254,-0.011667,0.000565,0.002479
0,0.117624,0.20582,0.140667,0.036516,0.188888,0.003497,0.002053,0.002025
0,-0.058676,-0.002387,-0.148481,-0.209611,-0.156267,-0.217119,0.001024,4.2e-05
