is_cheating,delta_yaw,delta_pitch,accel_yaw,accel_pitch,jerk_yaw,jerk_pitch,gcd_error_yaw,gcd_error_pitch
0,-0.014634,0.080673,0.051456,0.098487,0.054275,0.082225,0.000255,0.001408
0,-0.15931,0.081388,-0.169895,0.003092,-0.205455,0.04106,0.00278,0.00142
0,-0.057535,0.125887,0.106556,0.045316,0.064719,0.0675,0.001004,0.002197
0,0.124833,0.170181,0.199994,0.058033,0.164882,0.077283,0.002179,0.00297
0,0.090423,0.148509,-0.029562,-0.003834,0.005399,-0.017845,0.001578,0.002592
0,-0.006502,0.107095,-0.088096,-0.053273,-0.087874,-0.097442,0.000113,0.001869
0,-0.129628,0.230729,-0.126456,0.148381,-0.089043,0.148297,0.002262,0.004027
0,0.110534,0.21098,0.245837,-0.038201,0.21537,-0.067658,0.001929,0.003682
0,-0.035587,0.014756,-0.150894,-0.189438,-0.107934,-0.149017,0.000621,0.000258
0,0.070999,0.0871,0.11455,0.087482,0.102157,0.127117,0.001239,0.00152
0,0.105702,0.057957,0.041997,-0.041646,0.020024,-0.060216,0.001845,0.001012
0,0.098858,0.081219,-0.035058,0.029052,-0.057822,0.051622,0.001725,0.001418
0,-0.031216,0.043771,-0.137721,-0.023378,-0.147804,-0.013701,0.000545,0.000764
0,0.065992,0.066636,0.082214,0.028215,0.055477,0.005001,0.001152,0.001163
0,0.002033,0.009742,-0.056884,-0.058125,-0.036779,-0.040554,3.5e-05,0.00017
0,0.056843,-0.055224,0.07276,-0.06504,0.033562,-0.035833,0.000992,0.000964
0,0.022818,0.060977,-0.036687,0.117845,-0.065662,0.086429,0.000398,0.001064
0,-0.151532,-0.015522,-0.188605,-0.073394,-0.207328,-0.074781,0.002645,0.000271
0,-0.085143,0.072645,0.043015,0.100583,0.008528,0.051402,0.001486,0.001268
0,-0.177192,-0.113973,-0.101865,-0.195223,-0.144217,-0.234409,0.003093,0.001989
0,0.044994,0.001624,0.219224,0.130269,0.1963,0.121966,0.000785,2.8e-05
0,0.113309,-0.114719,0.047378,-0.133254,0.042408,-0.085557,0.001978,0.002002
0,-0.032542,-0.129353,-0.14021,0.011853,-0.098671,-0.009031,0.000568,0.002258
0,-0.060852,0.023108,-0.03714,0.166857,-0.016531,0.21241,0.001062,0.000403
0,-0.00897,0.184182,0.042262,0.165421,0.005394,0.200795,0.000157,0.003215
0,-0.076974,0.19851,-0.072229,0.025553,-0.105884,0.001045,0.001343,0.003465
0,-0.039395,0.131868,0.028201,-0.06961,0.059736,-0.090709,0.000688,0.002302
0,0.081615,0.03461,0.104531,-0.100998,0.100602,-0.111169,0.001424,0.000604
0,-0.020622,0.208012,-0.10825,0.149016,-0.130101,0.186883,0.00036,0.00363
0,0.079939,0.216557,0.108788,0.004413,0.107211,0.048641,0.001395,0.00378
0,0.061593,-0.058491,-0.000112,-0.296259,0.014489,-0.319552,0.001075,0.001021
0,0.007093,-0.01105,-0.066029,0.026186,-0.074968,-0.000623,0.000124,0.000193
0,-0.059618,0.013661,-0.053939,0.013566,-0.011023,1e-05,0.001041,0.000238
0,-0.180295,-0.024167,-0.115687,-0.023058,-0.068441,-0.042763,0.003147,0.000422
0,0.075611,0.087929,0.265293,0.141871,0.313875,0.165064,0.00132,0.001535
0,0.047163,-0.023788,-0.031273,-0.116201,-0.045244,-0.155906,0.000823,0.000415
0,0.077562,0.21505,0.013922,0.228475,-0.00716,0.19444,0.001354,0.003753
0,-0.068825,0.06256,-0.117423,-0.158739,-0.163567,-0.206303,0.001201,0.001092
0,0.04436,-0.117662,0.094252,-0.207041,0.075681,-0.174228,0.000774,0.002054
0,0.121931,-0.005705,0.063937,0.083476,0.099192,0.071605,0.002128,0.0001
0,0.0393,-0.014424,-0.090469,-0.014545,-0.074762,0.018352,0.000686,0.000252
0,0.097053,0.014898,0.07037,0.037103,0.069937,0.038424,0.001694,0.00026
0,-0.115428,-0.006182,-0.187773,-0.035233,-0.162451,-0.040114,0.002015,0.000108
0,-0.119038,-0.07177,0.016431,-0.070929,-0.025213,-0.062418,0.002078,0.001253
0,-0.257267,0.03528,-0.126888,0.11988,-0.164595,0.107636,0.00449,0.000616
0,-0.09159,0.034938,0.160147,0.005603,0.188894,-0.035992,0.001599,0.00061
0,-0.009184,0.155623,0.070028,0.14776,0.035631,0.142817,0.00016,0.002716
0,-0.007499,0.107214,-0.013751,-0.037793,-0.004949,-0.017013,0.000131,0.001871
0,0.060721,-0.029936,0.048279,-0.132846,0.078249,-0.130591,0.00106,0.000522
0,0.031352,-0.074985,-0.052184,-0.070768,-0.073479,-0.10998,0.000547,0.001309
0,0.046189,-0.006344,0.02238,0.074699,-0.001639,0.082132,0.000806,0.000111
0,-0.14981,0.022949,-0.16975,0.038412,-0.166515,0.052084,0.002615,0.000401
0,-0.210103,0.133691,-0.055424,0.108517,-0.032399,0.098028,0.003667,0.002333
0,0.102325,0.022864,0.283002,-0.122228,0.314769,-0.08998,0.001786,0.000399
0,-0.072441,0.03118,-0.169446,0.010122,-0.204211,-0.018283,0.001264,0.000544
0,-0.094091,-0.080887,-0.03828,-0.11134,-0.047989,-0.098368,0.001642,0.001412
0,-0.062335,-0.01371,0.054728,0.048121,0.062605,0.035696,0.001088,0.000239
0,-0.080922,-0.101062,-0.023356,-0.086103,0.011019,-0.058415,0.001412,0.001764
0,-0.18796,-0.016757,-0.13116,0.102314,-0.171568,0.147174,0.003281,0.000292
0,-0.056856,-0.123961,0.119978,-0.126431,0.086755,-0.155941,0.000992,0.002164
0,0.022516,0.054473,0.106416,0.19128,0.074041,0.156875,0.000393,0.000951
0,0.033611,0.120686,-0.016816,0.040536,-0.030234,-0.004368,0.000587,0.002106
0,-0.060763,-0.007642,-0.093337,-0.146817,-0.053572,-0.15671,0.001061,0.000133
0,-0.09962,0.111819,-0.05956,0.091867,-0.058828,0.137515,0.001739,0.001952
0,-0.041241,0.046708,0.047566,-0.057447,0.007955,-0.103655,0.00072,0.000815
0,0.10152,-0.076889,0.151162,-0.114671,0.147961,-0.121983,0.001772,0.001342
0,-0.102446,-0.111243,-0.200355,-0.038467,-0.230543,0.004954,0.001788,0.001942
0,-0.072573,-0.028038,0.000849,0.102905,-0.047518,0.101941,0.001267,0.000489
0,0.070881,0.108423,0.117667,0.11047,0.070923,0.09914,0.001237,0.001892
0,-0.050546,0.145812,-0.130039,0.066253,-0.14952,0.063611,0.000882,0.002545
0,0.169435,0.138156,0.24133,-0.01642,0.237347,-0.065668,0.002957,0.002411
0,0.007376,0.071625,-0.174515,-0.052064,-0.125488,-0.008817,0.000129,0.00125
0,0.008696,0.106332,-0.013223,0.049941,-0.038744,0.08133,0.000152,0.001856
0,-0.00083,0.046058,-0.012947,-0.086148,-0.048722,-0.119808,1.4e-05,0.000804
0,0.137991,-0.068879,0.114285,-0.139444,0.113193,-0.154456,0.002408,0.001202
0,0.000228,-0.110219,-0.134379,-0.048938,-0.167713,-0.038993,4e-06,0.001924
0,0.105103,0.087105,0.123646,0.195402,0.087892,0.215017,0.001834,0.00152
0,0.040573,0.082581,-0.079901,-0.004196,-0.118955,-0.020464,0.000708,0.001441
0,0.078461,0.036728,0.064924,-0.0324,0.112744,-0.041368,0.001369,0.000641
0,-0.004088,0.013365,-0.096653,-0.041891,-0.139186,-0.011565,7.1e-05,0.000233
0,0.120442,0.034639,0.114367,0.016376,0.077803,0.001494,0.002102,0.000605
0,0.07008,0.106256,-0.05166,0.099098,-0.087195,0.054921,0.001223,0.001855
0,0.004315,-0.12641,-0.046151,-0.230054,0.001716,-0.220388,7.5e-05,0.002206
0,0.169345,-0.026,0.156459,0.091881,0.181286,0.129035,0.002956,0.000454
0,0.136469,0.064849,-0.025988,0.065022,-0.023528,0.088073,0.002382,0.001132
0,0.128226,0.054847,-0.005978,-0.022043,0.041866,-0.016356,0.002238,0.000957
0,0.057469,0.035673,-0.043196,-0.000365,-0.08904,-0.026949,0.001003,0.000623
0,0.011725,-0.032913,-0.051975,-0.077767,-0.008699,-0.049153,0.000205,0.000574
0,0.103156,0.138742,0.084107,0.143061,0.034824,0.118104,0.0018,0.002422
0,0.152896,0.134785,0.057751,-0.005904,0.089414,-0.019839,0.002669,0.002352
0,0.096976,0.16695,-0.071259,0.012598,-0.105912,0.005971,0.001693,0.002914
0,0.140305,-0.06713,0.031658,-0.256841,0.074169,-0.303823,0.002449,0.001172
0,0.146499,-0.015383,0.025374,0.042212,0.073883,0.006369,0.002557,0.000268
0,0.018919,0.111203,-0.107414,0.131282,-0.116131,0.169997,0.00033,0.001941
0,-0.014573,0.128772,-0.004644,0.028614,0.015074,0.075033,0.000254,0.002247
0,0.088638,0.144594,0.074037,0.036557,0.039401,0.072681,0.001547,0.002524
0,0.087981,0.161813,-0.00331,0.003344,-0.006979,0.021989,0.001536,0.002824
0,-0.049696,-0.021226,-0.114724,-0.195562,-0.097582,-0.218234,0.000867,0.00037
0,0.101787,0.01063,0.169694,0.050619,0.180213,0.04249,0.001777,0.000186
0,0.022602,-0.067434,-0.073864,-0.106274,-0.078572,-0.127059,0.000394,0.001177
0,0.03824,-0.070567,0.015594,0.017523,0.014306,0.025751,0.000667,0.001232
0,0.022177,0.104749,-0.016418,0.172851,-0.000378,0.1703,0.000387,0.001828
0,0.055996,0.177032,0.020601,0.07594,0.032626,0.026845,0.000977,0.00309
0,0.140266,0.033466,0.100408,-0.158594,0.050762,-0.167674,0.002448,0.000584
0,0.162627,-0.086199,0.014133,-0.137491,0.025898,-0.1442,0.002838,0.001504
0,0.127997,-0.066018,-0.037612,0.012986,-0.007996,0.035938,0.002234,0.001152
0,0.196292,0.142173,0.054828,0.18016,0.085384,0.202575,0.003426,0.002481
0,-0.027712,0.028617,-0.223688,-0.134047,-0.221978,-0.107655,0.000484,0.000499
0,0.08912,-0.043674,0.105955,-0.05935,0.109428,-0.025176,0.001555,0.000762
0,-0.134177,0.011502,-0.236515,0.0377,-0.273892,-0.002082,0.002342,0.000201
0,-0.028418,0.202506,0.112092,0.200962,0.121331,0.225915,0.000496,0.003534
0,0.122339,0.068398,0.150362,-0.105931,0.119924,-0.130095,0.002135,0.001194
0,-0.059449,0.014657,-0.154675,-0.04982,-0.198214,-0.069727,0.001038,0.000256
0,-0.022295,0.220192,0.024749,0.195718,-0.021565,0.242793,0.000389,0.003843
0,0.053651,0.089719,0.0699,-0.108705,0.061181,-0.092923,0.000936,0.001566
0,-0.077894,0.218275,-0.117535,0.135338,-0.126648,0.119878,0.00136,0.00381
0,0.015423,0.133306,0.10931,-0.070184,0.124826,-0.021489,0.000269,0.002327
0,-0.1193,0.14077,-0.145487,0.016529,-0.139306,0.052019,0.002082,0.002457
0,-0.079696,0.179203,0.029048,0.051647,0.049984,0.030189,0.001391,0.003128
0,0.16476,0.197653,0.230945,0.015783,0.250559,0.050633,0.002876,0.00345
0,0.106841,-0.000407,-0.028065,-0.182888,-0.044778,-0.154303,0.001865,7e-06
0,0.068345,0.087605,-0.01695,0.064281,-0.056798,0.091291,0.001193,0.001529
0,0.006904,0.039425,-0.040719,-0.049492,-0.030287,-0.097946,0.00012,0.000688
0,-0.072173,-0.024285,-0.067244,-0.045133,-0.063868,-0.025538,0.00126,0.000424
0,-0.194507,-0.039584,-0.129049,-0.000687,-0.171364,0.003912,0.003395,0.000691
0,-0.181112,-0.058665,-0.013615,-0.030536,-0.013676,-0.02117,0.003161,0.001024
0,-0.139023,0.069459,0.059307,0.141303,0.009586,0.154571,0.002426,0.001212
0,0.047947,0.031756,0.168467,-0.063576,0.143876,-0.028642,0.000837,0.000554
0,0.131057,-0.11877,0.077368,-0.124152,0.08541,-0.106801,0.002287,0.002073
0,0.031239,-0.168361,-0.112834,-0.066536,-0.09385,-0.079663,0.000545,0.002938
0,0.052052,0.06907,0.016517,0.2228,0.055138,0.237962,0.000908,0.001206
0,0.160064,-0.196844,0.134438,-0.251279,0.112408,-0.273554,0.002794,0.003436
0,0.026332,-0.235342,-0.104538,-0.017013,-0.151918,-0.060242,0.00046,0.004107
0,0.07477,-0.201227,0.063667,0.027158,0.0517,0.042402,0.001305,0.003512
0,0.173349,-0.057686,0.121092,0.166825,0.115327,0.118477,0.003026,0.001007
0,0.121656,-0.033849,-0.062712,0.002231,-0.053416,0.003452,0.002123,0.000591
0,0.039932,-0.096005,-0.092467,-0.044382,-0.108358,-0.0391,0.000697,0.001676
0,0.146467,0.088652,0.134549,0.207833,0.14582,0.225536,0.002556,0.001547
0,0.236598,0.071588,0.080608,-0.036446,0.043954,-0.06523,0.004129,0.001249
0,0.207857,0.043205,-0.054549,-0.058091,-0.05732,-0.03913,0.003628,0.000754
0,0.229181,-0.137416,0.046378,-0.19999,0.013386,-0.241211,0.004,0.002398
0,0.08172,-0.105024,-0.16106,0.053329,-0.16573,0.037393,0.001426,0.001833
0,0.055177,-0.067151,-0.017738,0.031163,-0.06304,-0.007363,0.000963,0.001172
0,0.206997,0.071818,0.128335,0.145531,0.169604,0.160474,0.003613,0.001253
0,0.071909,-0.059214,-0.152448,-0.114532,-0.172772,-0.114229,0.001255,0.001033
0,0.21349,-0.084443,0.156698,-0.015464,0.172232,0.016148,0.003726,0.001474
0,0.123269,-0.123468,-0.06763,-0.064998,-0.039254,-0.092322,0.002151,0.002155
0,0.137399,-0.14827,-0.010903,-0.0024,-0.053987,0.036021,0.002398,0.002588
0,0.099389,-0.101752,-0.067588,0.038683,-0.078787,-0.004157,0.001735,0.001776
0,-0.006613,-0.025821,-0.11237,0.062027,-0.084325,0.104822,0.000115,0.000451
0,-0.10172,-0.037405,-0.094906,-0.028834,-0.057028,-0.015313,0.001775,0.000653
0,-0.039223,0.136665,0.089894,0.174563,0.10416,0.132665,0.000685,0.002385
0,-0.153321,-0.10968,-0.109154,-0.255442,-0.088316,-0.254349,0.002676,0.001914
0,0.108082,0.115426,0.25444,0.240681,0.291087,0.254597,0.001886,0.002015
0,0.003486,-0.039366,-0.131967,-0.156721,-0.089097,-0.130614,6.1e-05,0.000687
0,-0.195184,-0.111251,-0.217763,-0.046223,-0.249261,-0.048465,0.003407,0.001942
0,-0.050809,-0.04264,0.155664,0.092012,0.136529,0.088965,0.000887,0.000744
0,-0.016251,0.019408,0.057872,0.081812,0.094837,0.107281,0.000284,0.000339
0,0.060204,0.162263,0.056485,0.121519,0.098688,0.077808,0.001051,0.002832
0,-0.190811,0.138145,-0.246539,-0.033597,-0.223059,-0.028254,0.00333,0.002411
0,0.024212,-0.074439,0.216264,-0.239917,0.223541,-0.287374,0.000423,0.001299
0,-0.079236,0.156839,-0.110685,0.225493,-0.06759,0.253888,0.001383,0.002737
0,0.034302,-0.067195,0.112835,-0.206117,0.102766,-0.181745,0.000599,0.001173
0,-0.175199,-0.046989,-0.21092,-0.00073,-0.251988,0.021475,0.003058,0.00082
0,-0.052144,-0.001011,0.121066,0.062394,0.155406,0.015242,0.00091,1.8e-05
0,0.023652,0.136102,0.0656,0.151399,0.04701,0.128802,0.000413,0.002375
0,-0.046426,0.121667,-0.054104,-0.041981,-0.078508,-0.032302,0.00081,0.002123
0,-0.096642,-0.089693,-0.063086,-0.216912,-0.102666,-0.266661,0.001687,0.001565
0,0.049948,0.046928,0.130102,0.109613,0.176832,0.128806,0.000872,0.000819
0,-0.100578,0.056956,-0.173252,0.003974,-0.214158,-0.043605,0.001755,0.000994
0,0.061466,-0.011573,0.157165,-0.053661,0.163147,-0.023886,0.001073,0.000202
0,-0.145126,0.15763,-0.22178,0.177916,-0.224487,0.203305,0.002533,0.002751
0,-0.112443,-0.031824,0.0623,-0.175419,0.108333,-0.131093,0.001962,0.000555
0,-0.114184,0.107892,-0.004925,0.122565,-0.00545,0.167457,0.001993,0.001883
0,0.00149,0.067467,0.139039,-0.03087,0.142107,-0.045198,2.6e-05,0.001178
0,0.015558,-0.006673,0.034454,-0.05579,0.010041,-0.095226,0.000272,0.000116
0,-0.113435,-0.023165,-0.115782,-0.043381,-0.155284,-0.072694,0.00198,0.000404
0,-0.030756,-0.079838,0.052943,-0.03331,0.084162,-0.014732,0.000537,0.001393
0,0.093208,-0.143136,0.119375,-0.086038,0.102225,-0.062164,0.001627,0.002498
0,0.170812,-0.088199,0.059864,0.074919,0.017681,0.079907,0.002981,0.001539
0,0.080559,0.031631,-0.101336,0.137776,-0.088447,0.142147,0.001406,0.000552
0,-0.05853,0.019408,-0.112839,0.011866,-0.131604,0.006326,0.001022,0.000339
0,0.048039,-0.003515,0.080443,-0.031603,0.06425,-0.071389,0.000838,6.1e-05
0,-0.006748,0.080577,-0.027516,0.104142,0.021328,0.057557,0.000118,0.001406
0,0.028544,-0.074304,0.009747,-0.137087,0.041768,-0.16749,0.000498,0.001297
0,-0.029177,0.048891,-0.036699,0.121603,0.005016,0.146573,0.000509,0.000853
0,0.059652,0.097369,0.082254,0.059619,0.127581,0.109274,0.001041,0.001699
0,0.216609,-0.129643,0.139948,-0.226635,0.094162,-0.203463,0.003781,0.002263
0,-0.074826,-0.133888,-0.291468,0.024735,-0.334566,0.035397,0.001306,0.002337
0,-0.086532,0.151637,-0.00679,0.308044,0.010088,0.258067,0.00151,0.002647
0,-0.146702,-0.001215,-0.065671,-0.177696,-0.078837,-0.222987,0.00256,2.1e-05
0,-0.023887,0.009295,0.104689,0.035722,0.154092,0.028641,0.000417,0.000162
0,-0.03632,-0.00849,-0.030688,-0.000825,-0.024475,-0.025226,0.000634,0.000148
0,-0.076194,-0.03812,-0.052123,-0.025117,-0.095124,0.013292,0.00133,0.000665
0,-0.998826,0.001702,-0.913426,0.02216,-0.877662,0.065628,0.005681,3e-05
0,-1.427293,-0.038936,-0.440936,-0.064962,-0.438299,-0.109248,0.001408,0.00068
0,-1.67702,0.049323,-0.225125,0.083176,-0.262613,0.075024,0.005766,0.000861
0,-1.857528,0.11745,-0.18253,0.039328,-0.145042,0.004766,0.002835,0.00205
0,-1.899148,0.036702,-0.025603,-0.099665,0.012522,-0.102767,0.002109,0.000641
0,-1.412851,0.23525,0.508945,0.189452,0.515947,0.196903,0.001156,0.004106
0,-0.987907,0.02042,0.432389,-0.212355,0.481299,-0.24427,0.005491,0.000356
0,-1.026874,0.152127,-0.024144,0.136976,-0.036626,0.128489,0.005581,0.002655
0,-0.992774,0.187358,0.039273,0.006218,0.045136,-0.005071,0.005575,0.00327
0,-0.467106,0.123881,0.508323,-0.056591,0.540126,-0.048145,0.003599,0.002162
0,-0.398687,0.19898,0.043376,0.086831,0.082482,0.125044,0.004793,0.003473
0,-0.311349,0.095248,0.093434,-0.116977,0.128762,-0.145701,0.005434,0.001662
0,-0.229757,0.181048,0.095616,0.057111,0.070628,0.009655,0.00401,0.00316
0,-0.19083,-0.025035,0.04048,-0.178954,0.082073,-0.21208,0.003331,0.000437
0,0.155676,0.187555,0.328837,0.238882,0.304233,0.2828,0.002717,0.003273
0,0.176419,0.225262,0.020937,0.01747,0.060876,0.02439,0.003079,0.003932
0,0.137968,-0.035806,-0.064752,-0.23172,-0.094936,-0.202871,0.002408,0.000625
0,0.026786,0.127549,-0.130852,0.181342,-0.135264,0.140394,0.000468,0.002226
0,0.014894,0.011989,2.9e-05,-0.124047,0.00425,-0.154792,0.00026,0.000209
0,0.054065,0.133832,0.040694,0.138734,-0.002202,0.184214,0.000944,0.002336
0,0.134334,0.181006,0.072435,0.049293,0.08464,0.05376,0.002345,0.003159
0,0.032673,-0.004733,-0.085857,-0.156387,-0.114128,-0.195601,0.00057,8.3e-05
0,0.218282,0.02072,0.21157,0.011742,0.251544,-0.029971,0.00381,0.000362
0,-0.028254,0.051455,-0.226677,0.033488,-0.230789,0.06867,0.000493,0.000898
0,0.199037,0.225427,0.212125,0.181792,0.172901,0.218055,0.003474,0.003934
0,0.180303,0.051448,-0.002883,-0.186653,-0.02116,-0.225611,0.003147,0.000898
0,0.094388,0.154672,-0.105097,0.078376,-0.09893,0.091027,0.001647,0.0027
0,0.194036,0.12074,0.125106,-0.035047,0.127467,-0.014424,0.003387,0.002107
0,0.213185,0.134625,0.004097,0.035426,-0.010355,-0.013879,0.003721,0.00235
0,0.121845,0.222698,-0.070568,0.081168,-0.061589,0.06403,0.002127,0.003887
0,0.155457,0.199357,0.033618,0.001056,0.071833,0.047659,0.002713,0.003479
0,0.121145,0.166088,-0.059121,-0.003986,-0.016592,-0.019849,0.002114,0.002899
0,0.150865,0.070563,0.01044,-0.110071,-0.027099,-0.142733,0.002633,0.001232
0,0.085084,-0.032474,-0.066752,-0.102969,-0.059034,-0.057163,0.001485,0.000567
0,-0.030298,0.124349,-0.109543,0.156901,-0.140694,0.135963,0.000529,0.00217
0,0.25044,0.015901,0.278272,-0.107754,0.296044,-0.115484,0.004371,0.000278
0,0.089198,0.103001,-0.155064,0.084761,-0.184896,0.120606,0.001557,0.001798
0,0.129518,0.074692,0.04778,-0.018386,0.033581,-0.032092,0.002261,0.001304
0,0.24938,0.165388,0.134483,0.103237,0.127091,0.108263,0.004353,0.002887
0,0.299461,0.111229,0.04515,-0.032932,0.019478,-0.010288,0.005227,0.001941
0,0.149704,-0.096845,-0.174211,-0.181733,-0.190652,-0.217661,0.002613,0.00169
0,0.241703,-0.097718,0.096696,0.008995,0.067297,0.040198,0.004219,0.001705
0,0.083126,-0.018934,-0.179288,0.049262,-0.196081,0.015461,0.001451,0.00033
0,0.258703,-0.066697,0.178971,-0.065337,0.227271,-0.063217,0.004515,0.001164
0,0.070021,-0.009378,-0.183892,0.054445,-0.146324,0.023773,0.001222,0.000164
0,0.160956,-0.021876,0.091804,-0.020201,0.088903,-0.005382,0.002809,0.000382
0,0.159572,0.05216,0.008408,0.070168,-0.020869,0.055205,0.002785,0.00091
0,0.16187,0.095907,0.017451,0.02842,0.033404,0.038147,0.002825,0.001674
0,0.012701,0.097391,-0.125477,0.006965,-0.117784,-0.012856,0.000222,0.0017
0,-0.080792,-0.158949,-0.085762,-0.267332,-0.09024,-0.231824,0.00141,0.002774
0,0.008531,-0.146299,0.09532,0.017141,0.101542,0.061331,0.000149,0.002553
0,0.023693,0.085857,0.037727,0.224114,0.074445,0.263224,0.000414,0.001498
0,0.050052,-0.021271,0.044009,-0.092229,0.082012,-0.124932,0.000874,0.000371
0,0.051224,-0.053383,0.02974,-0.005342,0.027718,-0.01405,0.000894,0.000932
0,0.160825,-0.122947,0.115569,-0.086862,0.108997,-0.074239,0.002807,0.002146
0,0.096385,-0.095478,-0.079945,-0.001055,-0.070554,0.046733,0.001682,0.001666
0,0.18718,0.029291,0.120293,0.115265,0.122909,0.095312,0.003267,0.000511
0,0.158726,0.188999,-0.009525,0.183107,-0.04509,0.215542,0.00277,0.003299
0,0.119901,-0.031313,-0.023245,-0.193936,-0.055681,-0.241493,0.002093,0.000547
0,0.037743,0.06446,-0.07115,0.09452,-0.089173,0.136679,0.000659,0.001125
0,-0.015124,-0.04315,-0.034666,-0.118347,-0.021256,-0.112268,0.000264,0.000753
0,0.280445,0.069656,0.315363,0.125817,0.299668,0.141665,0.004895,0.001216
0,0.015747,-0.036032,-0.245404,-0.098686,-0.225751,-0.1247,0.000275,0.000629
0,0.142268,0.007767,0.135468,0.022844,0.097522,-0.022701,0.002483,0.000136
0,0.125165,0.19113,-0.017464,0.184769,-0.045172,0.226696,0.002185,0.003336
0,0.17847,-0.034043,0.043491,-0.211183,0.072523,-0.177537,0.003115,0.000594
0,-0.303594,-0.030605,-0.459644,0.023668,-0.504992,-0.026224,0.005299,0.000534
0,-0.30615,0.115322,0.002963,0.172551,0.034527,0.123983,0.005343,0.002013
0,-0.117737,0.133424,0.196601,0.015338,0.16193,-0.011468,0.002055,0.002329
0,-0.421339,0.150533,-0.32084,-0.00858,-0.306673,0.019886,0.004398,0.002627
0,-0.281148,0.137655,0.117559,-0.02464,0.154472,-0.047719,0.004907,0.002403
0,-0.353531,0.12048,-0.096946,-0.017857,-0.084268,-0.006608,0.005581,0.002103
0,-0.178122,0.234817,0.148644,0.128831,0.099886,0.100327,0.003109,0.004098
0,-0.197009,0.156284,0.005023,-0.077037,0.005301,-0.027164,0.003438,0.002728
0,-0.261991,0.010894,-0.040093,-0.124663,-0.026527,-0.130579,0.004573,0.00019
0,-0.221364,-0.00419,0.063047,0.012026,0.029116,0.032452,0.003864,7.3e-05
0,-0.15075,0.146592,0.08779,0.15943,0.086317,0.207115,0.002631,0.002559
0,0.050563,0.020434,0.177216,-0.119761,0.174586,-0.08264,0.000882,0.000357
0,-0.005689,0.180296,-0.077634,0.135142,-0.07278,0.170603,9.9e-05,0.003147
0,-0.156421,-0.007846,-0.165805,-0.161446,-0.211713,-0.171496,0.00273,0.000137
0,-0.056544,0.214421,0.129548,0.222575,0.177192,0.197173,0.000987,0.003742
0,-0.184456,0.265629,-0.117772,0.077788,-0.155964,0.033569,0.003219,0.004636
0,-0.056663,0.075681,0.127325,-0.203681,0.078459,-0.211962,0.000989,0.001321
0,-0.239985,0.147761,-0.162118,0.096344,-0.137016,0.105596,0.004189,0.002579
0,-0.005587,0.073115,0.26182,-0.0463,0.284448,-0.057185,9.8e-05,0.001276
0,-0.177777,0.238221,-0.187904,0.181425,-0.174263,0.226846,0.003103,0.004158
0,-0.07357,0.167075,0.085061,-0.043595,0.105199,-0.07732,0.001284,0.002916
0,0.066184,0.083236,0.155632,-0.108456,0.169495,-0.154211,0.001155,0.001453
0,-0.136575,0.102888,-0.172809,0.004878,-0.216034,-0.005517,0.002384,0.001796
0,-0.162504,0.204576,-0.036614,0.083368,-0.05922,0.107665,0.002836,0.003571
0,-0.058604,-0.021126,0.084519,-0.214755,0.0932,-0.261067,0.001023,0.000369
0,-0.078935,0.082035,-0.045497,0.125439,-0.082513,0.162064,0.001378,0.001432
0,0.033955,0.043436,0.136681,-0.03037,0.160096,-0.049066,0.000593,0.000758
0,-0.072131,-0.013669,-0.102873,-0.074647,-0.115252,-0.074459,0.001259,0.000239
0,0.065314,0.011915,0.1247,0.025349,0.081348,0.068211,0.00114,0.000208
0,-0.051915,0.18555,-0.108792,0.173385,-0.080133,0.191439,0.000906,0.003238
0,0.096836,0.123765,0.122618,-0.036241,0.116918,-0.016411,0.00169,0.00216
0,-0.153166,0.127588,-0.223302,0.007002,-0.236129,0.017509,0.002673,0.002227
0,0.079612,0.162763,0.257383,0.031495,0.223237,0.054146,0.001389,0.002841
0,-0.040274,0.162314,-0.108519,-0.008944,-0.078306,0.015921,0.000703,0.002833
0,-0.020114,0.095918,0.011082,-0.061081,0.041573,-0.094166,0.000351,0.001674
0,0.015289,0.17719,0.043646,0.096747,0.06812,0.143228,0.000267,0.003093
0,-0.047064,0.134693,-0.06185,-0.067491,-0.065959,-0.100514,0.000821,0.002351
0,-0.039112,-0.054242,0.01371,-0.187321,0.061355,-0.225463,0.000683,0.000947
0,0.014532,0.089633,0.055193,0.170696,0.063133,0.149896,0.000254,0.001564
0,-0.10548,-0.098051,-0.117231,-0.216724,-0.166023,-0.17842,0.001841,0.001711
0,-0.007972,0.003492,0.076992,0.076372,0.102337,0.079542,0.000139,6.1e-05
0,0.058558,0.18599,0.037321,0.186373,0.056522,0.181695,0.001022,0.003246
0,-0.159739,-0.038041,-0.232867,-0.245229,-0.25622,-0.28029,0.002788,0.000664
0,-0.066173,-0.068367,0.122126,-0.04184,0.1714,-0.007678,0.001155,0.001193
0,-0.186426,0.003086,-0.102022,0.042852,-0.145014,0.076711,0.003254,5.4e-05
0,-0.170677,-0.033463,0.021261,-0.039978,0.022821,8e-06,0.002979,0.000584
0,-0.19091,0.060357,-0.013909,0.087974,-0.052506,0.11691,0.003332,0.001053
0,-0.150778,0.1618,0.044871,0.08486,0.091787,0.059755,0.002632,0.002824
0,0.085418,0.11189,0.225188,-0.07513,0.197122,-0.09744,0.001491,0.001953
0,-0.011635,0.103355,-0.075489,0.010278,-0.099093,-0.024183,0.000203,0.001804
0,0.092225,0.180907,0.121747,0.057034,0.135477,0.03255,0.00161,0.003157
0,0.163981,-0.013882,0.069662,-0.176069,0.100179,-0.166603,0.002862,0.000242
0,0.10283,0.005442,-0.059666,0.009964,-0.032248,-0.009897,0.001795,9.5e-05
0,0.059462,0.065228,-0.043513,0.082821,-0.018517,0.123624,0.001038,0.001138
0,-0.030327,-0.012986,-0.089327,-0.072274,-0.056395,-0.04484,0.000529,0.000227
0,-0.033853,-0.110026,-0.00682,-0.069493,0.001898,-0.11301,0.000591,0.00192
0,0.062173,0.0542,0.075445,0.178965,0.093958,0.150538,0.001085,0.000946
0,-0.057888,-0.012563,-0.121734,-0.070251,-0.130817,-0.119601,0.00101,0.000219
0,-0.047496,0.113159,0.026035,0.121902,0.063099,0.131087,0.000829,0.001975
0,0.097572,-0.052154,0.155819,-0.153434,0.147876,-0.16924,0.001703,0.00091
0,0.013745,0.124968,-0.066036,0.152247,-0.034034,0.161007,0.00024,0.002181
0,0.20009,-0.007764,0.168485,-0.112991,0.216526,-0.112238,0.003492,0.000136
0,0.199249,-0.030053,-0.018831,0.001493,0.000473,-0.015904,0.003478,0.000525
0,0.168239,-0.022834,-0.012355,0.005826,-0.023097,-0.031049,0.002936,0.000399
0,0.114083,0.120496,-0.065542,0.131,-0.099102,0.165504,0.001991,0.002103
0,0.071508,0.09357,-0.068409,-0.01256,-0.069072,-0.007529,0.001248,0.001633
0,0.021343,0.05417,-0.050571,-0.04426,-0.057991,-0.02193,0.000373,0.000945
0,0.189564,0.109407,0.157399,0.079366,0.120066,0.046489,0.003309,0.00191
0,0.155216,-0.068631,-0.03325,-0.174769,-0.060386,-0.157483,0.002709,0.001198
0,0.063265,-0.037763,-0.090405,0.010054,-0.071986,0.021932,0.001104,0.000659
0,0.099512,-0.07809,0.010481,-0.050521,0.028817,-0.03417,0.001737,0.001363
0,-0.003328,-0.076138,-0.101969,-0.014668,-0.144559,-0.058658,5.8e-05,0.001329
0,-0.024433,0.072351,-0.00944,0.128635,-0.034699,0.137168,0.000426,0.001263
0,0.049205,0.044432,0.056528,-0.003005,0.027239,-0.052608,0.000859,0.000775
0,-0.138284,0.036689,-0.2171,-0.034698,-0.255495,-0.066333,0.002414,0.00064
0,-0.166234,-0.146244,-0.034678,-0.199614,-0.038985,-0.198137,0.002901,0.002552
0,-0.051019,0.106467,0.113882,0.273055,0.133322,0.225629,0.00089,0.001858
0,-0.179842,-0.002666,-0.153393,-0.118222,-0.156391,-0.156486,0.003139,4.7e-05
0,-0.081019,0.009628,0.093321,0.034618,0.052208,0.020452,0.001414,0.000168
0,-0.042166,0.033112,0.064024,0.000708,0.087207,-0.001318,0.000736,0.000578
0,-1.515401,-0.011296,-1.464023,-0.060676,-1.483762,-0.075932,0.002945,0.000197
0,-2.097947,0.023902,-0.567853,0.047211,-0.589998,0.021285,0.001361,0.000417
0,-2.01232,-0.032078,0.087809,-0.068287,0.075022,-0.106559,0.000133,0.00056
0,-1.508447,0.169628,0.514586,0.20631,0.50533,0.165177,0.002824,0.002961
0,-1.28879,0.274613,0.191927,0.122744,0.238396,0.086598,0.00101,0.004793
0,-1.162365,0.221314,0.104956,-0.025693,0.084755,-0.022887,0.003216,0.003863
0,-0.954584,0.005574,0.185094,-0.2271,0.195338,-0.2442,0.004909,9.7e-05
0,-0.653813,0.266374,0.330691,0.261472,0.363958,0.217425,0.000341,0.004649
0,-0.483654,0.257542,0.187466,0.011717,0.161078,-0.010389,0.00331,0.004495
0,-0.466686,0.020093,-0.005122,-0.219226,0.032865,-0.183885,0.003606,0.000351
0,-0.101974,-0.015117,0.369924,-0.029277,0.342511,-0.054361,0.00178,0.000264
0,-0.037349,0.127658,0.048907,0.142427,0.034456,0.186775,0.000652,0.002228
0,0.146095,0.248627,0.209574,0.130481,0.224949,0.105439,0.00255,0.004339
0,0.275028,-0.027745,0.157162,-0.286224,0.11236,-0.31975,0.0048,0.000484
0,0.208001,0.172565,-0.092,0.221344,-0.086978,0.250369,0.00363,0.003012
0,0.115909,0.187758,-0.085006,0.024071,-0.09338,0.059561,0.002023,0.003277
0,0.077788,0.092744,-0.038307,-0.121626,-0.055583,-0.149298,0.001358,0.001619
0,0.106767,0.058582,0.045414,-0.013251,0.017537,0.01365,0.001863,0.001022
0,0.264467,0.217703,0.172244,0.130538,0.129325,0.151061,0.004616,0.0038
0,0.163319,0.153988,-0.087968,-0.042189,-0.059911,-0.037884,0.00285,0.002688
0,0.113653,0.167668,-0.07625,-0.00624,-0.089998,0.034641,0.001984,0.002926
0,0.235958,0.045027,0.122871,-0.100412,0.151519,-0.063263,0.004118,0.000786
0,0.22566,-0.089056,-0.00257,-0.151509,-0.024837,-0.132187,0.003939,0.001554
0,0.17006,-0.052434,-0.067899,0.050402,-0.091016,0.084041,0.002968,0.000915
0,0.111833,-0.094427,-0.039281,-0.027018,-0.084763,0.003664,0.001952,0.001648
0,-0.103717,0.129804,-0.218217,0.21809,-0.202663,0.233368,0.00181,0.002266
0,-0.144276,0.087283,-0.062979,-0.047887,-0.025022,-0.032887,0.002518,0.001523
0,0.054925,-0.136927,0.17603,-0.216045,0.177437,-0.199247,0.000959,0.00239
0,-0.05416,-0.114169,-0.117717,0.037787,-0.137248,0.079526,0.000945,0.001993
0,-0.092329,0.114805,-0.038729,0.218703,-0.058341,0.18381,0.001611,0.002004
0,-0.191172,-0.143155,-0.111206,-0.231746,-0.094032,-0.278433,0.003337,0.002499
0,0.045883,-0.145393,0.264749,-0.031263,0.230231,0.018249,0.000801,0.002538
0,-0.037958,-0.037347,-0.062956,0.117492,-0.015512,0.110054,0.000662,0.000652
0,-0.023841,-0.010218,0.019234,0.015698,0.041253,-0.010515,0.000416,0.000178
0,-0.00619,0.051401,0.013547,0.035224,0.009472,0.065008,0.000108,0.000897
0,-0.06119,0.036774,-0.033243,0.015259,-0.01152,0.030874,0.001068,0.000642
0,0.142435,-0.190852,0.180409,-0.210045,0.20962,-0.16431,0.002486,0.003331
0,0.064758,-0.036219,-0.091738,0.143352,-0.066725,0.187013,0.00113,0.000632
0,-0.097537,-0.022583,-0.155043,0.012668,-0.152328,-0.019772,0.001702,0.000394
0,-0.132521,0.000342,-0.049735,0.024559,-0.052295,-0.006156,0.002313,6e-06
0,0.069611,0.036117,0.17345,0.034177,0.146067,0.055492,0.001215,0.00063
0,0.071865,0.010385,-0.020495,-0.004905,0.011843,-0.036179,0.001254,0.000181
0,-0.000775,0.139661,-0.085865,0.099636,-0.108848,0.140453,1.4e-05,0.002438
0,0.13429,-0.076842,0.133138,-0.194861,0.102115,-0.234619,0.002344,0.001341
0,-0.1175,0.109305,-0.259943,0.183968,-0.295258,0.220054,0.002051,0.001908
0,-0.044017,0.01731,0.058229,-0.115351,0.022528,-0.114286,0.000768,0.000302
0,0.07746,0.138937,0.09461,0.134051,0.053113,0.155586,0.001352,0.002425
0,0.095939,-0.02748,0.043793,-0.142278,0.088671,-0.15753,0.001674,0.00048
0,0.101642,0.085503,-0.007096,0.107376,0.029454,0.152882,0.001774,0.001492
0,0.211771,0.055197,0.080689,-0.00475,0.115852,-0.007179,0.003696,0.000963
0,0.193078,0.097035,-0.006725,0.030488,0.021614,0.062423,0.00337,0.001694
0,0.156248,-0.195873,-0.010723,-0.263884,-0.01775,-0.243346,0.002727,0.003419
0,0.004709,0.079371,-0.154143,0.266923,-0.158376,0.230776,8.2e-05,0.001385
0,-0.036099,0.087954,-0.012879,-0.011779,-0.006119,-0.060974,0.00063,0.001535
0,0.093316,-0.213682,0.109026,-0.301654,0.132515,-0.286955,0.001629,0.003729
0,0.144183,-0.061959,0.029144,0.145824,0.069081,0.113878,0.002516,0.001081
0,-0.04504,-0.057469,-0.214836,0.027395,-0.260112,0.009262,0.000786,0.001003
0,0.196624,-0.118439,0.227384,-0.075809,0.269818,-0.093644,0.003432,0.002067
0,0.07571,0.063747,-0.108213,0.193116,-0.062095,0.234436,0.001321,0.001113
0,0.182222,-0.005372,0.132418,-0.090664,0.131689,-0.086018,0.00318,9.4e-05
0,0.055467,-0.193941,-0.130224,-0.207839,-0.107733,-0.24159,0.000968,0.003385
0,0.104362,-0.228627,0.052346,-0.062048,0.02581,-0.029718,0.001821,0.00399
0,0.093314,0.060696,0.000247,0.285902,-0.009898,0.284198,0.001629,0.001059
0,0.027769,0.04731,-0.053019,0.002918,-0.08404,-0.028194,0.000485,0.000826
0,-0.11607,-0.054405,-0.136663,-0.072732,-0.099459,-0.076784,0.002026,0.00095
0,-0.111942,0.038005,0.000468,0.102779,-0.036072,0.149293,0.001954,0.000663
0,0.134195,0.054182,0.248384,0.007223,0.274798,0.040372,0.002342,0.000946
0,-0.027105,-0.186983,-0.163043,-0.236434,-0.197061,-0.217716,0.000473,0.003263
0,0.024316,-0.024041,0.073969,0.150686,0.078109,0.194307,0.000424,0.00042
0,-0.099137,0.100721,-0.101047,0.112942,-0.126319,0.159928,0.00173,0.001758
0,0.088031,0.022451,0.207962,-0.065249,0.207738,-0.032592,0.001536,0.000392
0,-0.0957,0.032748,-0.163471,-0.010745,-0.206726,-0.057565,0.00167,0.000572
0,-0.059748,0.142443,0.022034,0.092199,0.032819,0.043461,0.001043,0.002486
0,-0.017652,-0.012719,0.052367,-0.16248,0.047456,-0.16949,0.000308,0.000222
0,-0.178767,0.112222,-0.183014,0.108947,-0.205636,0.123215,0.00312,0.001959
0,-0.143743,-0.13347,0.04117,-0.241691,0.063048,-0.276527,0.002509,0.002329
0,0.095656,-0.035146,0.246858,0.115967,0.231389,0.136659,0.00167,0.000613
0,-0.011987,0.107383,-0.078144,0.126962,-0.028439,0.148184,0.000209,0.001874
0,-0.128357,-0.010959,-0.141928,-0.116405,-0.166789,-0.105875,0.00224,0.000191
0,-0.041301,-0.095233,0.091709,-0.098101,0.042261,-0.061806,0.000721,0.001662
0,-0.180995,0.130814,-0.140365,0.254725,-0.187934,0.299816,0.003159,0.002283
0,-0.136241,0.153259,0.069407,0.050652,0.025839,0.094117,0.002378,0.002675
0,-0.01729,-0.029895,0.119281,-0.212942,0.156601,-0.251685,0.000302,0.000522
0,-0.03101,0.087801,-0.029309,0.121627,0.003138,0.152297,0.000541,0.001532
0,-0.139815,-0.00813,-0.097278,-0.091211,-0.1389,-0.096455,0.00244,0.000142
0,-0.040859,0.121484,0.118449,0.118252,0.096009,0.11353,0.000713,0.00212
0,-0.080966,0.082165,-0.056635,-0.03884,-0.080399,-0.03173,0.001413,0.001434
0,0.101205,-0.096577,0.154371,-0.157557,0.176613,-0.150551,0.001766,0.001686
0,0.063709,0.061934,-0.033445,0.183055,-0.027245,0.210788,0.001112,0.001081
0,0.040552,-0.121966,-0.040383,-0.183557,-0.0286,-0.173376,0.000708,0.002129
0,-0.12885,0.09622,-0.160902,0.20193,-0.192026,0.2439,0.002249,0.001679
0,0.082413,0.013188,0.193936,-0.056396,0.239185,-0.026284,0.001438,0.00023
0,-0.082203,-0.121553,-0.147094,-0.1588,-0.16522,-0.118654,0.001435,0.002122
0,-0.003312,0.037368,0.104527,0.183788,0.124306,0.16529,5.8e-05,0.000652
0,-0.028085,0.106474,-0.018766,0.0558,0.024374,0.036265,0.00049,0.001858
0,-0.052597,0.016793,-0.040578,-0.074785,-0.080555,-0.106104,0.000918,0.000293
0,0.038501,0.054388,0.097622,0.020819,0.133368,0.011296,0.000672,0.000949
0,-0.051282,-0.035475,-0.116662,-0.102468,-0.136214,-0.070104,0.000895,0.000619
0,-0.057275,0.080173,-0.017071,0.138511,-0.045739,0.100223,0.001,0.001399
0,0.034137,-0.147589,0.115126,-0.232611,0.070875,-0.254968,0.000596,0.002576
0,0.045589,-0.02338,-0.003319,0.09937,0.005211,0.070366,0.000796,0.000408
0,0.044377,0.023093,-0.008043,0.04653,0.004837,0.047456,0.000775,0.000403
0,-0.183955,0.038439,-0.226613,0.035271,-0.192637,0.060758,0.003211,0.000671
0,-0.168223,0.023312,0.042328,-0.027365,0.061005,-0.069609,0.002936,0.000407
0,-0.12814,-0.132751,0.050681,-0.175995,0.021759,-0.139071,0.002236,0.002317
0,-0.228295,-0.146434,-0.114266,-0.013733,-0.13945,-0.004167,0.003985,0.002556
0,-0.27804,-0.168306,-0.051731,-0.013425,-0.02606,-0.007524,0.004853,0.002937
0,-0.200074,-0.056583,0.106944,0.103295,0.149443,0.058485,0.003492,0.000988
0,-0.046265,-0.14222,0.154895,-0.093223,0.151543,-0.136093,0.000807,0.002482
0,-0.21889,0.12587,-0.157892,0.247127,-0.206854,0.283615,0.00382,0.002197
0,0.113101,0.038384,0.343998,-0.11049,0.322472,-0.101456,0.001974,0.00067
0,-0.133494,0.135567,-0.24259,0.114901,-0.253541,0.071631,0.00233,0.002366
0,0.009656,-0.126474,0.151729,-0.282266,0.166297,-0.300724,0.000169,0.002207
0,0.004065,-0.148276,0.008234,0.003908,0.044307,0.011974,7.1e-05,0.002588
0,0.061146,-0.148539,0.080526,0.02285,0.076608,-0.006504,0.001067,0.002592
0,-0.092193,-0.102675,-0.152508,0.024729,-0.151676,0.007552,0.001609,0.001792
0,0.073815,0.006336,0.188016,0.090691,0.207805,0.06388,0.001288,0.000111
0,0.162588,-0.109391,0.111656,-0.116122,0.161412,-0.146284,0.002838,0.001909
0,0.168143,0.03367,0.017328,0.151121,0.015181,0.112932,0.002935,0.000588
0,0.088114,-0.115486,-0.104753,-0.161558,-0.102829,-0.120453,0.001538,0.002016
0,0.066163,0.087593,-0.007851,0.201555,-0.013512,0.193281,0.001155,0.001529
0,0.230868,-0.13884,0.180824,-0.242927,0.191254,-0.276682,0.004029,0.002423
0,0.211915,-0.065381,-0.025055,0.073642,-0.057441,0.0506,0.003699,0.001141
0,0.014589,0.0344,-0.177396,0.090941,-0.211658,0.088973,0.000255,0.0006
0,-0.128029,-0.081964,-0.133911,-0.092648,-0.159777,-0.075077,0.002235,0.001431
0,-0.008297,-0.031432,0.141275,0.0277,0.183705,0.012327,0.000145,0.000549
0,0.184412,0.135598,0.186644,0.159465,0.209942,0.202546,0.003219,0.002367
0,0.108074,0.010581,-0.084438,-0.09771,-0.045376,-0.11389,0.001886,0.000185
0,-0.045467,-0.063387,-0.182993,-0.053147,-0.178854,-0.022502,0.000794,0.001106
0,-0.021823,-0.068207,-0.00521,0.019333,0.044006,0.040606,0.000381,0.00119
0,0.019506,-0.021435,0.032828,0.067281,0.08053,0.059246,0.00034,0.000374
0,0.031205,0.053359,0.02868,0.057042,0.009642,0.087997,0.000545,0.000931
0,-0.143777,-0.162197,-0.192274,-0.21004,-0.148552,-0.191459,0.002509,0.002831
0,-0.098792,0.030655,0.065994,0.168376,0.064955,0.163485,0.001724,0.000535
0,-0.119423,-0.016088,-0.030908,-0.051238,0.010992,-0.030844,0.002084,0.000281
0,0.097177,-0.110221,0.216816,-0.085807,0.235821,-0.130184,0.001696,0.001924
0,-0.066389,-0.118591,-0.19307,-0.036694,-0.231232,-0.067835,0.001159,0.00207
0,-0.060695,-0.091647,-0.014283,0.035341,-0.061048,0.051832,0.001059,0.0016
0,0.028851,-0.048639,0.110541,0.036445,0.106703,0.009279,0.000504,0.000849
0,0.041115,-0.073721,0.020084,-0.031243,-0.003385,-0.067265,0.000718,0.001287
0,0.194541,-0.125629,0.168025,-0.03321,0.189518,0.011718,0.003395,0.002193
0,-0.027745,-0.111221,-0.225461,-0.006594,-0.225292,-0.03416,0.000484,0.001941
0,0.070361,-0.047735,0.091569,0.070211,0.08544,0.045935,0.001228,0.000833
0,-0.00291,-0.079551,-0.092635,-0.021701,-0.062722,-0.012098,5.1e-05,0.001388
0,0.021893,-0.141939,0.019271,-0.077593,0.031519,-0.068111,0.000382,0.002477
0,-0.04801,0.125128,-0.076337,0.272638,-0.116922,0.295542,0.000838,0.002184
0,0.089432,0.090831,0.145201,-0.009026,0.179533,-0.006701,0.001561,0.001585
0,0.196727,-0.011427,0.125799,-0.084294,0.106336,-0.106199,0.003434,0.000199
0,0.200477,0.109411,0.006477,0.107514,0.012571,0.063582,0.003499,0.00191
0,0.224623,0.11448,0.000726,0.009214,-0.019154,-0.017812,0.00392,0.001998
0,-0.055697,0.11597,-0.251825,0.018782,-0.295156,-0.004121,0.000972,0.002024
0,0.162422,-0.003769,0.193998,-0.140105,0.188971,-0.176422,0.002835,6.6e-05
0,0.156947,-0.016585,-0.005307,-0.040058,-0.034262,-0.068064,0.002739,0.000289
0,0.236995,-0.084176,0.057428,-0.057061,0.056463,-0.078441,0.004136,0.001469
0,0.01214,-0.092994,-0.253364,-0.014125,-0.28662,-0.008185,0.000212,0.001623
0,0.308587,-0.157048,0.3118,-0.045882,0.351023,-0.088986,0.005386,0.002741
0,0.220418,0.051823,-0.102084,0.188051,-0.147296,0.183022,0.003847,0.000904
0,0.137602,-0.081689,-0.082674,-0.124115,-0.112765,-0.158369,0.002402,0.001426
0,0.164015,-0.12212,0.020035,-0.069181,-0.023356,-0.039775,0.002863,0.002131
0,0.136918,-0.145881,-0.044675,-0.021385,-0.024003,0.008229,0.00239,0.002546
0,0.093511,-0.082705,-0.037632,0.049998,-0.027593,0.033664,0.001632,0.001443
0,0.116997,0.098829,0.041788,0.15882,0.025768,0.162866,0.002042,0.001725
0,0.270673,-0.136715,0.145341,-0.243545,0.103267,-0.283863,0.004724,0.002386
0,0.248407,-0.105416,-0.007473,0.059809,0.033988,0.028577,0.004336,0.00184
0,0.18694,-0.125907,-0.087226,-0.009669,-0.062547,-0.013941,0.003263,0.002197
0,0.022242,0.045313,-0.182389,0.144407,-0.161209,0.127192,0.000388,0.000791
0,-0.0449,-0.011125,-0.075092,-0.083991,-0.089014,-0.085244,0.000784,0.000194
0,-0.075723,0.021711,-0.009205,0.012698,0.010646,0.033385,0.001322,0.000379
0,0.005796,-0.082464,0.104988,-0.091477,0.082064,-0.081157,0.000101,0.001439
0,-0.091173,0.086202,-0.122436,0.167791,-0.082745,0.177642,0.001591,0.001505
0,-0.12145,0.13952,-0.039123,0.056501,-0.010363,0.080521,0.00212,0.002435
0,0.138934,0.016944,0.249225,-0.110644,0.203095,-0.113202,0.002425,0.000296
0,-0.035659,-0.018822,-0.180134,-0.019419,-0.150417,-0.039846,0.000622,0.000329
0,0.127404,-0.062642,0.135328,-0.058604,0.167599,-0.050861,0.002224,0.001093
0,-0.0934,0.087639,-0.247227,0.131624,-0.232116,0.10887,0.00163,0.00153
0,-0.021521,-0.115665,0.074736,-0.201375,0.052936,-0.153345,0.000376,0.002019
0,-0.158563,-0.072832,-0.153174,0.064668,-0.16762,0.097619,0.002767,0.001271
0,-0.050707,-0.152316,0.079899,-0.089206,0.109008,-0.097532,0.000885,0.002658
0,0.089101,-0.130838,0.125443,0.004609,0.142372,-0.001171,0.001555,0.002284
0,0.106242,-0.029359,0.044965,0.097573,0.092248,0.100212,0.001854,0.000512
0,0.126652,0.006757,0.030936,0.020336,0.060847,0.032372,0.00221,0.000118
0,0.135912,0.078672,0.014581,0.063715,0.040921,0.111539,0.002372,0.001373
0,0.154384,-0.045194,-0.008789,-0.114588,0.006334,-0.145616,0.002695,0.000789
0,0.120002,-0.107116,-0.027841,-0.084488,-0.052979,-0.05902,0.002094,0.00187
0,0.099336,-0.009554,0.002208,0.074216,-0.025012,0.098037,0.001734,0.000167
0,0.044268,0.053375,-0.037828,0.033624,-0.063869,-0.006107,0.000773,0.000932
0,-0.077529,0.117779,-0.135399,0.057293,-0.183513,0.04898,0.001353,0.002056
0,0.141701,0.095895,0.190402,-0.030421,0.148903,-0.040953,0.002473,0.001674
0,0.042283,-0.087023,-0.080455,-0.180333,-0.031874,-0.16437,0.000738,0.001519
0,0.0323,0.113989,0.007041,0.187822,0.052824,0.193702,0.000564,0.001989
0,0.00086,-0.020878,-0.010205,-0.135481,-0.033962,-0.09158,1.5e-05,0.000364
0,0.00085,0.000912,-0.014424,0.032684,-0.063078,-0.012249,1.5e-05,1.6e-05
0,-0.049791,-0.133628,-0.077113,-0.154806,-0.107382,-0.161215,0.000869,0.002332
0,0.010377,-0.062888,0.041028,0.076884,-0.008015,0.070663,0.000181,0.001098
0,0.089753,-0.125684,0.050419,-0.059945,0.095066,-0.070518,0.001566,0.002194
0,0.11781,-0.028212,0.000328,0.068487,0.0083,0.036444,0.002056,0.000492
0,0.145871,0.082931,0.019127,0.119612,0.031983,0.082032,0.002546,0.001447
0,0.085706,0.061587,-0.030657,0.004172,-0.011154,-0.008705,0.001496,0.001075
0,0.018461,-0.00103,-0.076823,-0.054771,-0.050831,-0.07428,0.000322,1.8e-05
0,-0.187392,0.075514,-0.18518,0.095859,-0.216558,0.056798,0.003271,0.001318
0,-0.086218,-0.024586,0.105026,-0.103897,0.105489,-0.087868,0.001505,0.000429
0,-0.228706,0.06571,-0.127833,0.119909,-0.156287,0.073,0.003992,0.001147
0,-0.005218,-0.094538,0.219102,-0.13194,0.17615,-0.134587,9.1e-05,0.00165
0,-0.13713,0.026291,-0.129275,0.141835,-0.088571,0.184375,0.002393,0.000459
0,0.10729,0.061422,0.272901,0.025059,0.249932,0.026861,0.001873,0.001072
0,0.106715,-0.173667,-0.022184,-0.230033,-0.016815,-0.270796,0.001863,0.003031
0,0.029611,0.049053,-0.052175,0.215441,-0.06858,0.180819,0.000517,0.000856
0,0.014371,-0.114625,-0.002769,-0.140342,-0.017625,-0.107305,0.000251,0.002001
0,0.000506,0.056587,0.014448,0.166809,-0.027059,0.12607,9e-06,0.000988
0,-0.125711,-0.06937,-0.154172,-0.108428,-0.153473,-0.146162,0.002194,0.001211
0,-0.010582,-0.08578,0.095108,-0.044969,0.111533,-0.0747,0.000185,0.001497
0,-0.009107,-0.037522,-0.018653,0.07516,-8.7e-05,0.101883,0.000159,0.000655
0,-0.159782,0.072114,-0.143895,0.097471,-0.184467,0.049771,0.002789,0.001259
0,-0.000259,0.104536,0.173303,0.031392,0.133389,-0.010227,5e-06,0.001824
0,-0.153133,-0.119468,-0.171901,-0.246213,-0.200322,-0.294095,0.002673,0.002085
0,-0.023868,0.015542,0.113507,0.118603,0.102941,0.166085,0.000417,0.000271
0,-0.099886,-0.055312,-0.104026,-0.073661,-0.054891,-0.042265,0.001743,0.000965
0,0.126219,-0.009332,0.23419,0.042364,0.262764,0.044287,0.002203,0.000163
0,-0.122498,-0.071228,-0.259196,-0.085558,-0.271476,-0.037923,0.002138,0.001243
0,-0.011654,-0.065964,0.119072,-0.001097,0.122698,-0.01204,0.000203,0.001151
0,-0.108502,-0.039341,-0.073085,0.007305,-0.073464,-0.010891,0.001894,0.000687
0,-0.083884,-0.078125,-0.000999,-0.034522,0.033011,-0.038164,0.001464,0.001364
0,-0.152117,0.079214,-0.082548,0.154132,-0.115166,0.111556,0.002655,0.001383
0,-0.110468,-0.033455,0.061628,-0.1313,0.075424,-0.099621,0.001928,0.000584
0,0.106145,0.055631,0.193889,0.091502,0.182692,0.05016,0.001853,0.000971
0,-0.069769,-0.021424,-0.180989,-0.083177,-0.136236,-0.112159,0.001218,0.000374
0,0.018578,0.159072,0.073402,0.178266,0.075135,0.199459,0.000324,0.002776
0,-0.132756,-0.076028,-0.141349,-0.245265,-0.112165,-0.237053,0.002317,0.001327
0,-0.157717,-0.056635,-0.032436,0.040254,-0.072713,0.07303,0.002753,0.000988
0,0.067999,-0.085588,0.220654,-0.035017,0.221196,0.000679,0.001187,0.001494
0,-0.077455,0.121408,-0.132209,0.199122,-0.111558,0.166766,0.001352,0.002119
0,-0.041989,0.091034,0.038724,-0.023629,0.037497,-0.010557,0.000733,0.001589
0,0.05346,0.006476,0.117304,-0.103727,0.100941,-0.118596,0.000933,0.000113
0,-0.017844,-0.082932,-0.091232,-0.085083,-0.113881,-0.049796,0.000311,0.001447
0,-0.174005,-0.081064,-0.162754,-0.009958,-0.181215,-0.004365,0.003037,0.001415
0,-0.109366,0.118762,0.041167,0.173866,0.012463,0.134994,0.001909,0.002073
0,-0.07425,0.075539,0.008963,-0.049848,-0.023505,-0.025049,0.001296,0.001318
0,0.024837,-0.007433,0.081827,-0.054352,0.094009,-0.07647,0.000433,0.00013
0,-0.074977,0.035487,-0.091508,0.018155,-0.05844,0.021669,0.001309,0.000619
0,-0.211492,-0.038378,-0.1604,-0.057581,-0.202853,-0.026131,0.003691,0.00067
0,-0.108542,-0.105703,0.112308,-0.084746,0.124696,-0.087028,0.001894,0.001845
0,-0.071441,0.094718,0.063092,0.212253,0.0559,0.200671,0.001247,0.001653
0,-0.202771,0.118289,-0.119719,0.032437,-0.089687,0.074984,0.003539,0.002065
0,-0.011948,0.059398,0.201684,-0.073357,0.249631,-0.034962,0.000209,0.001037
0,-0.142719,0.031829,-0.158726,-0.020013,-0.173617,-0.026602,0.002491,0.000556
0,-0.005351,0.062894,0.145884,0.014595,0.157951,-0.003958,9.3e-05,0.001098
0,-0.035786,-0.05561,-0.060163,-0.089966,-0.105137,-0.122,0.000625,0.000971
0,-0.099319,0.029064,-0.069521,0.101438,-0.075784,0.066093,0.001733,0.000507
0,-0.110008,-0.017709,-0.021595,-0.043461,0.02293,-0.015393,0.00192,0.000309
0,-0.049683,0.083557,0.043128,0.091327,-0.004937,0.078987,0.000867,0.001458
0,-0.206414,0.027738,-0.156379,-0.064444,-0.169557,-0.046255,0.003603,0.000484
0,-0.163135,0.031876,0.071295,-0.007673,0.10547,-0.044194,0.002847,0.000556
0,-0.112059,0.017268,0.032404,-0.022439,0.019098,-0.010728,0.001956,0.000301
0,-0.102898,0.160497,0.030826,0.15747,0.023594,0.176189,0.001796,0.002801
0,-0.233485,-0.045218,-0.116223,-0.211404,-0.113783,-0.219456,0.004075,0.000789
0,-0.074844,0.191848,0.154855,0.230935,0.117365,0.228629,0.001306,0.003348
0,-0.249611,0.07263,-0.192537,-0.137721,-0.178471,-0.165788,0.004357,0.001268
0,-0.144172,0.101109,0.113055,0.058262,0.074636,0.04844,0.002516,0.001765
0,-0.040633,0.094447,0.10476,-0.016544,0.120625,-0.039847,0.000709,0.001648
0,-0.062166,0.088604,-0.001057,0.003447,0.004952,0.049097,0.001085,0.001546
0,0.108014,0.069973,0.149496,-0.048218,0.171919,-0.082942,0.001885,0.001221
0,-0.103829,0.174318,-0.206996,0.091138,-0.2167,0.095683,0.001812,0.003042
0,-0.094951,0.155136,-0.006688,-0.03941,0.041428,0.00927,0.001657,0.002708
0,0.148775,-0.001974,0.222971,-0.162787,0.237122,-0.114476,0.002597,3.4e-05
0,-0.027576,-0.011303,-0.192896,-0.013725,-0.211218,-0.058253,0.000481,0.000197
0,0.051066,0.18642,0.092727,0.177012,0.086635,0.220919,0.000891,0.003254
0,-0.051806,-0.066868,-0.113897,-0.23499,-0.063963,-0.277622,0.000904,0.001167
0,-0.068635,-0.069249,0.011953,-0.009251,0.039988,-0.051599,0.001198,0.001209
0,0.04298,0.127268,0.097462,0.175484,0.096336,0.195059,0.00075,0.002221
0,-0.014503,-0.102765,-0.071738,-0.23809,-0.057388,-0.193265,0.000253,0.001794
0,0.092158,0.125988,0.119809,0.255517,0.162445,0.256376,0.001608,0.002199
0,0.046159,-0.03129,-0.025076,-0.13532,0.008291,-0.098999,0.000806,0.000546
0,-0.004073,0.070945,-0.026261,0.073141,-0.017073,0.112295,7.1e-05,0.001238
0,0.011273,0.16739,0.009468,0.098259,0.047883,0.090359,0.000197,0.002922
0,-0.053599,-0.069223,-0.089986,-0.247321,-0.059712,-0.21735,0.000935,0.001208
0,0.021137,-0.067433,0.062258,-0.027226,0.103782,0.009251,0.000369,0.001177
0,0.17254,0.040348,0.124845,0.108284,0.121005,0.143888,0.003011,0.000704
0,0.064731,0.128483,-0.127538,0.115677,-0.08854,0.070289,0.00113,0.002242
0,0.133737,0.047392,0.056574,-0.068078,0.046897,-0.069438,0.002334,0.000827
0,0.033268,-0.042268,-0.086733,-0.095427,-0.04065,-0.088882,0.000581,0.000738
0,0.017212,-0.021706,0.007735,0.007354,0.024925,-0.023863,0.0003,0.000379
0,0.104099,0.000431,0.082987,0.000571,0.100065,0.001623,0.001817,8e-06
0,-0.070997,0.001934,-0.164557,0.028112,-0.195677,0.017276,0.001239,3.4e-05
0,0.060835,0.113884,0.105176,0.101552,0.058767,0.09702,0.001062,0.001988
0,-0.102307,-0.042849,-0.192375,-0.155851,-0.169639,-0.133961,0.001786,0.000748
0,0.072233,-0.005962,0.165466,0.039598,0.194649,0.016976,0.001261,0.000104
0,0.149025,-0.015913,0.060999,-0.007855,0.095932,-0.007289,0.002601,0.000278
0,-0.075755,0.060509,-0.221877,0.056557,-0.256113,0.076827,0.001322,0.001056
0,-0.076265,0.058874,0.020497,0.002987,0.066097,-0.035404,0.001331,0.001028
0,-0.087823,0.1217,-0.036056,0.073571,-0.070628,0.113734,0.001533,0.002124
0,-0.073339,-0.024778,0.01786,-0.124599,0.057038,-0.109515,0.00128,0.000432
0,-0.074401,0.179009,-0.015105,0.181453,-0.024852,0.148551,0.001299,0.003124
0,0.114161,0.11649,0.192481,-0.034556,0.160189,-0.073315,0.001992,0.002033
0,0.1757,0.003443,0.085693,-0.086759,0.046183,-0.069603,0.003067,6e-05
0,0.111615,-0.028379,-0.084563,-0.018721,-0.06182,-0.012736,0.001948,0.000495
0,-0.124773,-0.029332,-0.226196,0.019178,-0.253876,-0.027893,0.002178,0.000512
0,-0.143139,0.098543,0.003064,0.105117,0.038944,0.079974,0.002498,0.00172
0,0.05934,0.065479,0.231826,-0.022914,0.218403,0.020946,0.001036,0.001143
0,-0.063072,-0.086166,-0.108389,-0.122127,-0.092549,-0.11214,0.001101,0.001504
0,0.050792,0.056374,0.126466,0.114081,0.123446,0.072582,0.000886,0.000984
0,-0.026372,0.023733,-0.094568,-0.017745,-0.118598,0.000892,0.00046,0.000414
0,0.050166,0.173109,0.100264,0.170689,0.109798,0.152872,0.000876,0.003021
0,0.041845,-0.107627,-0.03456,-0.310418,-0.023003,-0.326854,0.00073,0.001878
0,0.118689,-0.075102,0.101308,0.033824,0.117481,0.041187,0.002072,0.001311
0,0.078542,0.082736,-0.020538,0.185972,0.000349,0.208474,0.001371,0.001444
0,-0.030061,-0.045648,-0.12579,-0.139024,-0.149841,-0.157038,0.000525,0.000797
0,-0.062288,-0.007969,-0.045476,0.018054,-0.068167,0.0013,0.001087,0.000139
0,0.010661,-0.029602,0.091654,-0.023504,0.136771,-0.052086,0.000186,0.000517
0,-0.057315,0.132506,-0.092004,0.186639,-0.121699,0.178637,0.001,0.002313
0,-0.165721,0.063013,-0.110932,-0.068116,-0.099054,-0.100616,0.002892,0.0011
0,-0.140684,0.082779,0.054385,0.034354,0.061475,0.016337,0.002455,0.001445
0,-0.028316,0.050601,0.107156,-0.029352,0.128024,-0.063053,0.000494,0.000883
0,0.071572,0.04773,0.079041,0.024668,0.118839,0.073119,0.001249,0.000833
0,-0.07997,-0.166261,-0.138489,-0.232773,-0.184576,-0.220887,0.001396,0.002902
0,-0.077681,0.020045,-0.001519,0.188498,-0.044505,0.214925,0.001356,0.00035
0,-0.039959,-0.073137,0.027339,-0.101044,-0.009752,-0.11879,0.000697,0.001276
0,-0.092649,0.068117,-0.031039,0.111372,-0.011424,0.093596,0.001617,0.001189
0,-0.165231,-0.058586,-0.046913,-0.153591,-0.03704,-0.157668,0.002884,0.001023
0,-0.034872,0.03827,0.118936,0.081656,0.080291,0.10334,0.000609,0.000668
0,0.024088,0.069402,0.079951,0.036612,0.093696,0.033763,0.00042,0.001211
0,-0.163188,-0.012455,-0.171185,-0.089445,-0.200271,-0.097989,0.002848,0.000217
0,-0.14798,0.030903,0.015347,0.024442,-0.007337,-0.025068,0.002583,0.000539
0,-0.051607,-0.06508,0.074547,-0.119738,0.068434,-0.082488,0.000901,0.001136
0,-0.101036,-0.037438,-0.078207,0.025208,-0.081026,0.035494,0.001763,0.000653
0,0.096598,0.10107,0.175301,0.14154,0.19127,0.154734,0.001686,0.001764
0,-0.020505,0.018084,-0.110908,-0.083367,-0.069622,-0.093137,0.000358,0.000316
0,-0.087625,-0.068713,-0.091915,-0.062785,-0.072932,-0.085629,0.001529,0.001199
0,1.68269,-1.394478,1.761434,-1.336275,1.765705,-1.328197,0.005865,0.000835
0,3.598865,-2.180849,1.920685,-0.784684,1.93562,-0.73705,0.004054,0.002808
0,4.325272,-2.368763,0.736821,-0.160716,0.775727,-0.194593,0.00498,0.005664
0,5.109906,-2.292126,0.794495,0.058596,0.803011,0.094204,0.004829,0.00475
0,3.671997,-1.979075,-1.447174,0.308914,-1.477564,0.342662,0.00533,0.000714
0,2.707754,-1.652971,-0.961953,0.313073,-0.989697,0.340508,0.000252,0.005346
0,2.626404,-1.039798,-0.107885,0.617504,-0.080164,0.659867,0.001167,0.005356
0,2.090099,-0.948383,-0.523912,0.081091,-0.510515,0.031116,0.001224,0.004801
0,1.690756,-0.528345,-0.425557,0.442076,-0.434648,0.393209,0.005746,0.00253
0,1.135888,-0.324857,-0.58426,0.182948,-0.630803,0.20465,0.003678,0.00567
0,0.557011,-0.133541,-0.607588,0.190789,-0.632439,0.163589,0.00203,0.002331
0,0.099647,-0.134839,-0.431785,0.013841,-0.423225,0.009474,0.001739,0.002353
0,-0.208829,0.018576,-0.335583,0.128955,-0.354283,0.173595,0.003645,0.000324
0,-0.160515,0.159846,0.024107,0.122833,0.06326,0.09476,0.002802,0.00279
0,-0.275233,0.254174,-0.131005,0.118118,-0.120336,0.160873,0.004804,0.004436
0,-0.587191,0.301547,-0.336237,0.063265,-0.352382,0.05469,0.001503,0.005263
0,-0.417372,0.23179,0.168411,-0.061266,0.145232,-0.063614,0.004467,0.004045
0,-0.267597,0.313389,0.169781,0.072389,0.131732,0.042517,0.00467,0.00547
0,-0.334508,0.203875,-0.060055,-0.091679,-0.101449,-0.081501,0.005838,0.003558
0,-0.147125,0.084739,0.186754,-0.116382,0.196968,-0.140108,0.002568,0.001479
0,-0.156471,0.355013,-0.010765,0.277005,-0.036324,0.314849,0.002731,0.005556
0,-0.164783,0.228475,0.007933,-0.149689,-0.000803,-0.19954,0.002876,0.003988
0,-0.196913,0.300427,-0.037571,0.072841,-0.049887,0.100464,0.003437,0.005243
0,-0.124819,0.119077,0.04807,-0.178084,0.009453,-0.129328,0.002179,0.002078
0,-0.149082,0.261235,-0.006794,0.134464,-0.042339,0.132866,0.002602,0.004559
0,-0.057137,0.218121,0.083318,-0.016052,0.036708,0.015703,0.000997,0.003807
0,-0.272722,0.219785,-0.235228,0.025557,-0.214313,0.003893,0.00476,0.003836
0,-0.328304,0.325797,-0.075951,0.083882,-0.104447,0.060161,0.00573,0.005686
0,-0.059454,0.19288,0.288572,-0.115457,0.315056,-0.16354,0.001038,0.003366
0,-0.027239,0.258452,0.034491,0.042644,0.078883,0.04789,0.000475,0.004511
0,-0.290418,0.285178,-0.256651,0.046206,-0.216283,0.061368,0.005069,0.004977
0,-0.069706,0.105052,0.215748,-0.168102,0.250803,-0.118505,0.001217,0.001834
0,-0.261319,0.209733,-0.194341,0.085549,-0.217025,0.121649,0.004561,0.003661
0,-0.15628,0.272304,0.117712,0.059772,0.12101,0.035401,0.002728,0.004753
0,-0.047672,0.1522,0.096947,-0.090854,0.090394,-0.072146,0.000832,0.002656
0,-0.135896,0.243421,-0.091096,0.062278,-0.135925,0.028772,0.002372,0.004249
0,-0.135608,0.006456,0.024501,-0.266832,-0.002609,-0.292528,0.002367,0.000113
0,0.010523,0.21807,0.174075,0.231214,0.185003,0.203537,0.000184,0.003806
0,-0.147282,0.018871,-0.13215,-0.186105,-0.159176,-0.223007,0.002571,0.000329
0,-0.061498,0.193507,0.110946,0.165276,0.139825,0.158826,0.001073,0.003377
0,-0.275218,0.0502,-0.206118,-0.129851,-0.218404,-0.086036,0.004803,0.000876
0,-0.192529,0.095129,0.055476,0.037393,0.032285,0.047826,0.00336,0.00166
0,-0.253171,0.20399,-0.057052,0.117668,-0.058981,0.14945,0.004419,0.00356
0,-0.203798,-0.002257,0.054106,-0.176785,0.065053,-0.170984,0.003557,3.9e-05
0,-0.048239,0.032496,0.142151,0.022382,0.139505,0.021225,0.000842,0.000567
0,-0.134309,0.042257,-0.068107,-0.011498,-0.084955,0.030708,0.002344,0.000738
0,-0.008647,0.083156,0.150829,0.062131,0.153641,0.05809,0.000151,0.001451
0,0.036829,0.108783,0.073228,0.04873,0.097884,0.01049,0.000643,0.001899
0,-0.009582,0.030959,-0.034887,-0.066178,0.012456,-0.017453,0.000167,0.00054
0,0.017324,0.040006,0.032462,0.026451,-0.003981,0.073162,0.000302,0.000698
0,-0.107126,0.147252,-0.101111,0.1301,-0.109383,0.099465,0.00187,0.00257
0,-0.036914,-0.010497,0.066665,-0.13319,0.038197,-0.175458,0.000644,0.000183
0,0.011545,0.009602,0.062375,0.019613,0.077485,-0.030021,0.000201,0.000168
0,-0.097696,-0.053535,-0.088483,-0.043255,-0.126712,-0.081978,0.001705,0.000934
0,-0.03224,0.154894,0.066703,0.237412,0.095217,0.214772,0.000563,0.002703
0,-0.066767,0.207104,-0.010579,0.056731,-0.043254,0.048326,0.001165,0.003615
0,-0.122229,0.103377,-0.071166,-0.078488,-0.077949,-0.124245,0.002133,0.001804
0,-0.200794,0.165093,-0.101831,0.063706,-0.098421,0.104023,0.003505,0.002881
0,0.035542,0.015006,0.229431,-0.144283,0.274154,-0.162866,0.00062,0.000262
0,-0.077514,-0.053702,-0.140807,-0.04633,-0.159686,-0.07697,0.001353,0.000937
0,-0.010235,0.162092,0.049227,0.217022,0.081123,0.213572,0.000179,0.002829
0,-0.141108,0.026972,-0.153351,-0.136167,-0.113479,-0.087116,0.002463,0.000471
0,0.021529,0.001963,0.183086,-0.020085,0.157167,0.004025,0.000376,3.4e-05
0,-0.110611,-0.056252,-0.142664,-0.081027,-0.171156,-0.121919,0.001931,0.000982
0,-0.091686,0.075433,0.045204,0.151063,0.051871,0.118112,0.0016,0.001317
0,0.157215,0.067593,0.247108,-0.010353,0.293864,-0.038108,0.002744,0.00118
0,-0.02277,0.110162,-0.190839,0.036562,-0.1791,-0.009445,0.000397,0.001923
0,-0.154058,-0.096872,-0.107303,-0.179997,-0.113282,-0.187028,0.002689,0.001691
0,-0.010701,-0.022921,0.130653,0.082321,0.179565,0.099905,0.000187,0.0004
0,-0.167817,0.011949,-0.131224,0.026832,-0.112498,-0.00915,0.002929,0.000209
0,0.044139,0.159964,0.231295,0.176143,0.22946,0.193581,0.00077,0.002792
0,-0.03148,-0.006166,-0.091037,-0.139155,-0.120578,-0.091958,0.000549,0.000108
0,0.074514,-0.086086,0.086898,-0.058198,0.130884,-0.071091,0.001301,0.001502
0,0.172008,0.017598,0.126134,0.074066,0.102638,0.039952,0.003002,0.000307
0,0.040788,-0.079794,-0.132858,-0.069649,-0.085052,-0.020703,0.000712,0.001393
0,-0.083477,0.124799,-0.124837,0.207229,-0.08681,0.230432,0.001457,0.002178
0,0.028813,-0.048661,0.097256,-0.199923,0.141921,-0.221627,0.000503,0.000849
0,0.150754,0.176505,0.120298,0.235752,0.078494,0.247918,0.002631,0.003081
0,-0.049803,0.115257,-0.222798,-0.054658,-0.255196,-0.062567,0.000869,0.002012
0,-0.082636,-0.092103,-0.053269,-0.218171,-0.097153,-0.246744,0.001442,0.001608
0,-0.122699,0.176743,-0.016406,0.248256,0.025311,0.225921,0.002142,0.003085
0,-0.116233,0.067123,0.029277,-0.096047,0.072788,-0.076828,0.002029,0.001172
0,0.133663,0.167896,0.256999,0.123383,0.291514,0.079381,0.002333,0.00293
0,-0.052694,0.18179,-0.164028,0.002038,-0.169739,-0.008912,0.00092,0.003173
0,1.546769,0.668269,1.586426,0.459027,1.585628,0.488807,0.003493,8.8e-05
0,2.568001,1.240206,1.046746,0.556346,0.997011,0.588867,0.002187,0.001858
0,2.943745,1.878216,0.362977,0.622276,0.358125,0.636333,0.004371,0.002474
0,2.376981,1.576192,-0.559388,-0.298144,-0.538923,-0.316252,0.005521,0.004006
0,1.859863,1.228023,-0.527517,-0.369606,-0.525046,-0.360125,0.002794,0.00207
0,1.262,1.00047,-0.579803,-0.199637,-0.552918,-0.172576,0.001477,0.00571
0,0.952518,0.716218,-0.305059,-0.268946,-0.344942,-0.291668,0.004873,0.000749
0,0.497342,0.264672,-0.481858,-0.473893,-0.501192,-0.430558,0.003071,0.004619
0,0.341465,0.446392,-0.170491,0.19679,-0.154206,0.182425,0.005792,0.003961
0,0.170816,0.342028,-0.188254,-0.087533,-0.182658,-0.111394,0.002981,0.005782
0,-0.120624,0.15402,-0.264381,-0.17094,-0.239825,-0.209525,0.002105,0.002688
0,-0.183336,-0.227176,-0.051748,-0.409349,-0.076124,-0.376666,0.0032,0.003965
0,-0.254842,-0.216494,-0.092758,0.035903,-0.131854,0.031685,0.004448,0.003779
0,-0.122703,-0.085218,0.149593,0.149145,0.125292,0.146711,0.002142,0.001487
0,-0.181342,-0.134066,-0.082281,-0.058362,-0.077669,-0.024406,0.003165,0.00234
0,-0.29206,-0.263049,-0.092191,-0.154767,-0.102591,-0.164615,0.005097,0.004591
0,-0.321748,-0.244031,-0.020292,-0.010334,0.024367,-0.051553,0.005616,0.004259
0,-0.189184,-0.256848,0.146953,-0.03438,0.110416,-0.005206,0.003302,0.004483
0,-0.155256,-0.174155,0.022018,0.087865,-0.013153,0.04723,0.00271,0.00304
0,-0.153259,-0.294149,0.025787,-0.093305,0.017142,-0.059687,0.002675,0.005134
0,-0.183524,-0.076504,-0.004607,0.233141,0.02054,0.221168,0.003203,0.001335
0,-0.342322,-0.15212,-0.178328,-0.086932,-0.132828,-0.102717,0.005777,0.002655
0,-0.138372,-0.321876,0.200494,-0.143511,0.163473,-0.143183,0.002415,0.005618
0,-0.104977,-0.099305,0.028419,0.23534,0.013135,0.192623,0.001832,0.001733
0,-0.050991,-0.223312,0.027263,-0.12109,0.063308,-0.145717,0.00089,0.003898
0,-0.208881,-0.189713,-0.169308,0.050439,-0.133932,0.025794,0.003646,0.003311
0,-0.09878,-0.159876,0.102687,0.012676,0.092863,0.052153,0.001724,0.00279
0,-0.148945,-0.216653,-0.071252,-0.061566,-0.069019,-0.044604,0.0026,0.003781
0,-0.179469,-0.089655,-0.003236,0.100433,0.005138,0.083672,0.003132,0.001565
0,-0.221478,-0.168881,-0.053467,-0.056877,-0.036343,-0.00906,0.003866,0.002948
0,-0.077949,-0.331462,0.121907,-0.172988,0.10531,-0.158903,0.00136,0.005785
0,-0.014705,-0.304139,0.075578,0.014454,0.048806,0.044511,0.000257,0.005308
0,-0.063696,-0.093641,-0.048974,0.180621,-0.043943,0.211121,0.001112,0.001634
0,-2.51386,0.240786,-2.452898,0.305654,-2.403885,0.274152,0.003132,0.004203
0,-2.785953,0.649308,-0.26747,0.407078,-0.278791,0.409126,0.001617,0.000419
0,-3.535732,0.825021,-0.76327,0.167839,-0.763271,0.212522,0.002952,0.002648
0,-4.33887,0.672237,-0.82614,-0.173772,-0.816828,-0.214089,0.005217,1.9e-05
0,-1.667486,0.645717,2.675602,-0.044446,2.631757,-0.057386,0.0056,0.000482
0,0.411583,0.456067,2.086583,-0.182016,2.066115,-0.153524,0.004568,0.003792
0,1.72758,0.530402,1.33894,0.091277,1.354517,0.131173,0.005103,0.002494
0,3.052711,0.292783,1.320018,-0.223897,1.316457,-0.246346,0.005479,0.00511
0,2.947579,0.210027,-0.132392,-0.080914,-0.106608,-0.053535,0.004438,0.003666
0,2.187852,0.053867,-0.765768,-0.168513,-0.768135,-0.124174,0.00293,0.00094
0,2.093191,0.193094,-0.084436,0.109435,-0.04579,0.070358,0.001278,0.00337
0,1.983305,0.186036,-0.094052,0.012847,-0.044391,0.006324,0.00064,0.003247
0,1.45636,0.207523,-0.513765,0.001063,-0.501428,0.008576,0.001915,0.003622
0,1.254018,0.225778,-0.227016,0.002496,-0.267333,-0.026225,0.001617,0.003941
0,0.898712,0.246214,-0.334362,0.015444,-0.342541,0.012441,0.003934,0.004297
0,0.319009,0.181751,-0.556368,-0.06895,-0.579699,-0.077062,0.005568,0.003172
0,0.057111,0.233578,-0.233945,0.077326,-0.194336,0.095819,0.000997,0.004077
0,-0.073105,0.031286,-0.154849,-0.190493,-0.162472,-0.179752,0.001276,0.000546
0,-0.12284,0.220644,-0.022167,0.21851,-0.011613,0.220228,0.002144,0.003851
0,2.231068,-0.21035,2.331464,-0.405232,2.292338,-0.402191,0.003684,0.003671
0,3.912353,-0.576416,1.698841,-0.343867,1.649153,-0.296579,0.002227,0.001691
0,3.38225,-0.734098,-0.524334,-0.180129,-0.475826,-0.220706,0.000273,0.001061
0,3.657606,-0.53886,0.274187,0.190403,0.315861,0.162643,0.005079,0.002347
0,3.011265,-0.770225,-0.658477,-0.223744,-0.637856,-0.252375,0.00555,0.001691
0,2.71641,-0.564555,-0.271166,0.204064,-0.231467,0.19352,0.000404,0.001898
0,2.223853,-0.386101,-0.465104,0.197052,-0.504603,0.154461,0.003558,0.005013
0,1.804444,-0.214248,-0.397061,0.143683,-0.393639,0.138842,0.003762,0.003739
0,1.081749,-0.15305,-0.742116,0.050958,-0.758187,0.001629,0.004623,0.002671
0,0.78513,0.069756,-0.299412,0.251991,-0.260283,0.298224,0.001951,0.001217
0,0.277139,-0.048702,-0.522611,-0.126206,-0.551485,-0.159683,0.004837,0.00085
0,-0.033782,0.109451,-0.330906,0.184881,-0.305756,0.145566,0.00059,0.00191
0,-0.337443,0.065971,-0.331301,-0.056813,-0.365421,-0.081289,0.005862,0.001151
0,-0.329626,0.043384,0.005447,-0.047237,0.00478,-0.070792,0.005753,0.000757
0,-0.256062,-0.006836,0.077199,-0.055164,0.052746,-0.016022,0.004469,0.000119
0,-0.059428,-0.01377,0.18961,-0.003591,0.230543,0.033183,0.001037,0.00024
0,-0.094191,0.003423,-0.049007,0.044958,-0.093243,0.051171,0.001644,6e-05
0,-0.270094,-0.090465,-0.173523,-0.06943,-0.169874,-0.113257,0.004714,0.001579
0,-0.219771,0.141777,0.027873,0.240133,0.052683,0.265938,0.003836,0.002474
0,-0.232318,0.139205,-0.022667,0.001557,-0.069323,0.000109,0.004055,0.00243
0,-0.208386,-0.004727,0.026599,-0.140241,0.068477,-0.169097,0.003637,8.3e-05
0,-0.230674,-0.037933,-0.0118,-0.017108,-0.000547,-0.05522,0.004026,0.000662
0,-0.060891,0.085266,0.146126,0.152473,0.155672,0.126233,0.001063,0.001488
0,-0.188093,0.073902,-0.15542,-0.027379,-0.11303,-0.012709,0.003283,0.00129
0,-0.278514,0.09081,-0.098216,0.015056,-0.083413,0.025921,0.004861,0.001585
0,-0.113979,0.04817,0.164553,-0.062764,0.136753,-0.015143,0.001989,0.000841
0,-0.012229,0.153696,0.119801,0.117402,0.115704,0.091687,0.000213,0.002682
0,-0.138391,0.129194,-0.12176,-0.011478,-0.169704,-0.015353,0.002415,0.002255
0,-0.113377,-0.077819,0.049731,-0.229218,0.086303,-0.192535,0.001979,0.001358
0,-0.319275,-0.065,-0.194696,0.013487,-0.177314,0.005196,0.005572,0.001134
0,-0.281925,-0.080447,0.063883,-0.027383,0.070794,-0.040476,0.004921,0.001404
0,-0.319376,-0.07607,-0.059646,0.008773,-0.039391,0.032402,0.005574,0.001328
0,-0.141572,0.103224,0.150516,0.201322,0.134605,0.177482,0.002471,0.001802
0,-0.176968,0.003206,-0.060823,-0.127975,-0.082048,-0.175824,0.003089,5.6e-05
0,-0.25644,-0.069743,-0.085274,-0.046091,-0.091275,-0.041412,0.004476,0.001217
0,-0.19653,0.150736,0.040361,0.205415,0.058404,0.205627,0.00343,0.002631
0,-0.073894,-0.020447,0.108243,-0.161791,0.110293,-0.196596,0.00129,0.000357
0,-0.106838,0.052113,-0.006849,0.094285,-0.050097,0.070968,0.001865,0.00091
0,-0.332533,-0.081627,-0.238663,-0.131782,-0.18916,-0.179977,0.005804,0.001425
0,-0.285744,0.083432,0.06322,0.146944,0.08095,0.171953,0.004987,0.001456
0,-0.213941,0.055474,0.054004,-0.003123,0.058009,0.02157,0.003734,0.000968
0,-0.259157,0.161829,-0.031617,0.087161,-0.049378,0.088775,0.004523,0.002824
0,-0.269736,0.129909,-0.037225,-0.028338,-0.076762,-0.035509,0.004708,0.002267
0,-0.285497,-0.042516,-0.006755,-0.184481,0.006212,-0.171257,0.004983,0.000742
0,-0.200686,0.153312,0.097659,0.210675,0.057151,0.206655,0.003503,0.002676
0,-0.043682,0.131491,0.129302,-0.033607,0.080853,-0.048386,0.000762,0.002295
0,-0.146784,0.107117,-0.079308,-0.05058,-0.091261,-0.017416,0.002562,0.00187
0,-0.0965,0.028796,0.041148,-0.09179,0.048603,-0.120843,0.001684,0.000503
0,0.015119,0.038477,0.114311,0.020716,0.113717,0.018216,0.000264,0.000672
0,-0.118867,0.027818,-0.126512,0.005848,-0.096409,-0.038376,0.002075,0.000486
0,0.034892,0.009783,0.138324,0.000232,0.109253,-0.028213,0.000609,0.000171
0,-0.13193,-0.032169,-0.174401,-0.029816,-0.196265,0.016048,0.002303,0.000561
0,-0.028838,0.034074,0.101367,0.072823,0.116543,0.068439,0.000503,0.000595
0,-0.137448,0.071506,-0.090187,0.040909,-0.066582,0.076725,0.002399,0.001248
0,-0.159117,0.182981,-0.008812,0.131986,-0.003561,0.122195,0.002777,0.003194
0,-0.18847,-0.019407,-0.007448,-0.205772,-0.022265,-0.237011,0.003289,0.000339
0,-0.124096,0.005089,0.040246,0.053614,0.085911,0.037775,0.002166,8.9e-05
0,-0.195275,0.011256,-0.099247,0.024962,-0.083468,0.030839,0.003408,0.000196
0,-0.133913,0.125006,0.062336,0.129611,0.049603,0.15406,0.002337,0.002182
0,-0.082777,-0.11588,0.076815,-0.213696,0.045352,-0.246749,0.001445,0.002022
0,-0.013659,0.018813,0.096153,0.133841,0.102103,0.17224,0.000238,0.000328
0,-0.169955,0.010232,-0.156135,-0.036468,-0.131031,-0.002848,0.002966,0.000179
0,-2.768673,-0.103668,-2.579046,-0.135721,-2.586103,-0.106442,0.001316,0.001809
0,-4.282917,-0.465948,-1.485883,-0.383422,-1.481688,-0.411667,0.004241,0.003619
0,-4.438199,-0.246793,-0.135563,0.214355,-0.140431,0.234204,0.004801,0.004307
0,-3.82001,-0.452342,0.625915,-0.196632,0.621582,-0.221681,0.003838,0.003857
0,-4.172105,-0.210582,-0.369759,0.221296,-0.364013,0.197683,0.002307,0.003675
0,-3.859844,-0.287866,0.322734,-0.094838,0.367347,-0.086556,0.003143,0.005024
0,-2.839538,-0.331772,1.018922,-0.058898,1.00493,-0.04556,0.002552,0.005791
0,-1.919408,-0.239885,0.913637,0.113659,0.873263,0.163556,0.001755,0.004187
0,-1.548159,-0.131669,0.396424,0.116446,0.38763,0.155064,0.003517,0.002298
0,-0.972335,-0.183576,0.599106,-0.079744,0.57033,-0.043783,0.005219,0.003204
0,-0.509027,-0.280332,0.463613,-0.113396,0.428655,-0.153544,0.002868,0.004893
0,-0.364415,-0.197846,0.136411,0.07965,0.123287,0.046925,0.005391,0.003453
0,-0.06203,-0.273362,0.318636,-0.074227,0.271855,-0.102685,0.001083,0.004771
0,0.131766,-0.24302,0.223264,0.055099,0.248686,0.022599,0.0023,0.004242
0,0.49474,0.598378,0.366571,0.856062,0.386366,0.898792,0.003117,0.001308
0,0.927426,0.776628,0.424156,0.196525,0.470174,0.18497,0.004435,0.001803
0,1.053682,0.935408,0.13683,0.188008,0.106915,0.233861,0.005113,0.004574
0,0.718145,0.748224,-0.349555,-0.158008,-0.342758,-0.188922,0.000782,0.001307
0,0.614213,0.795483,-0.132246,0.06129,-0.090586,0.10891,0.001032,0.002132
0,0.673613,0.850307,0.0485,0.027576,0.043289,0.022799,5e-06,0.003089
0,0.450452,0.788044,-0.204285,-0.039292,-0.169892,-0.03385,0.00389,0.002002
0,0.089488,0.410083,-0.339445,-0.385244,-0.312745,-0.380904,0.001562,0.004594
0,0.004793,0.228331,-0.090667,-0.157375,-0.077503,-0.118694,8.4e-05,0.003985
0,0.094065,0.170034,0.111493,-0.029079,0.110253,0.014511,0.001642,0.002968
0,-0.021425,0.247471,-0.105146,0.070681,-0.148665,0.033996,0.000374,0.004319
0,-0.199131,0.069246,-0.190108,-0.159422,-0.155144,-0.1302,0.003475,0.001209
0,0.017989,0.304565,0.219675,0.264588,0.197143,0.268739,0.000314,0.005316
0,-0.28157,0.166112,-0.28424,-0.161189,-0.296647,-0.156732,0.004914,0.002899
0,-0.302153,0.270207,-0.003666,0.130136,0.035799,0.15127,0.005274,0.004716
0,-0.272207,0.223791,0.049816,-0.042083,0.004219,0.001228,0.004751,0.003906
0,-0.17069,-0.040989,0.128196,-0.261736,0.163397,-0.22944,0.002979,0.000715
0,-0.164256,0.168894,0.024448,0.21011,0.027689,0.216326,0.002867,0.002948
0,-0.047279,0.261709,0.130795,0.101507,0.12461,0.132793,0.000825,0.004568
0,-0.038391,-0.022242,-0.016469,-0.262679,-0.052771,-0.234598,0.00067,0.000388
0,-0.183042,0.160869,-0.151715,0.20378,-0.170739,0.230896,0.003195,0.002808
0,-0.049927,-0.01494,0.138942,-0.190339,0.177267,-0.228072,0.000871,0.000261
0,-0.059816,0.053969,0.008917,0.05748,0.047758,0.038824,0.001044,0.000942
0,-0.030841,0.18623,0.024896,0.133394,-0.003696,0.178681,0.000538,0.00325
0,-0.116996,0.073342,-0.102335,-0.137163,-0.073621,-0.166753,0.002042,0.00128
0,0.092468,0.115744,0.234182,0.054037,0.238558,0.029001,0.001614,0.00202
0,0.07322,-0.070485,0.007603,-0.216106,0.005458,-0.250063,0.001278,0.00123
0,-0.033387,0.030544,-0.116347,0.08197,-0.147769,0.125729,0.000583,0.000533
0,0.085259,-0.025295,0.094118,-0.027053,0.105899,-0.048916,0.001488,0.000441
0,-0.156029,-0.021131,-0.22763,0.002628,-0.206909,-0.037425,0.002723,0.000369
0,-0.063056,0.052001,0.073442,0.091411,0.105765,0.107958,0.001101,0.000908
0,0.025218,-0.013623,0.118238,-0.053051,0.161492,-0.096147,0.00044,0.000238
0,0.026454,0.238654,-0.013672,0.22422,-0.014712,0.232862,0.000462,0.004165
0,-0.138559,-0.065712,-0.179398,-0.324855,-0.194346,-0.348319,0.002418,0.001147
0,0.002029,0.021119,0.145446,0.099824,0.170176,0.147175,3.5e-05,0.000369
0,-0.194758,0.04002,-0.184398,-0.010133,-0.188066,-0.001249,0.003399,0.000698
0,-0.14008,0.079671,0.048833,0.060566,0.087584,0.016717,0.002445,0.001391
0,0.098523,0.109376,0.268458,0.007979,0.302731,-0.015801,0.00172,0.001909
0,-0.115969,0.168361,-0.234476,0.066316,-0.195415,0.105238,0.002024,0.002938
0,-0.024964,0.150274,0.096015,-0.021957,0.051211,0.006219,0.000436,0.002623
0,-0.114313,0.055697,-0.103001,-0.091331,-0.141201,-0.074588,0.001995,0.000972
0,0.019284,-0.069822,0.10805,-0.149309,0.128927,-0.102993,0.000337,0.001219
0,0.023586,0.045638,0.001557,0.105944,-0.037464,0.152615,0.000412,0.000797
0,-0.167178,0.013969,-0.195071,-0.016322,-0.146089,0.0192,0.002918,0.000244
0,-0.263908,-0.096961,-0.086945,-0.107625,-0.070961,-0.08474,0.004606,0.001692
0,-0.013084,-0.120438,0.257097,-0.026774,0.300839,-0.014147,0.000228,0.002102
0,-0.00698,-0.118166,-0.006497,0.004743,-0.055219,0.040806,0.000122,0.002062
0,-0.078665,-0.004359,-0.091008,0.13691,-0.056259,0.157623,0.001373,7.6e-05
0,-0.118936,0.123877,-0.032616,0.154907,-0.007436,0.12093,0.002076,0.002162
0,2.244942,-1.406701,2.33493,-1.516283,2.320633,-1.562169,0.003927,0.001048
0,4.940151,-1.690342,2.704511,-0.302601,2.751472,-0.332837,0.00396,0.005753
0,4.412364,-1.926562,-0.50308,-0.260299,-0.466474,-0.308007,0.005252,0.00163
0,4.765348,-2.015712,0.354681,-0.117113,0.306505,-0.079097,0.000909,7.4e-05
0,4.717307,-1.853515,-0.047537,0.189188,-0.015004,0.159823,7.1e-05,0.002905
0,4.11797,-1.148543,-0.584402,0.712211,-0.592769,0.732325,0.001362,0.003458
0,3.251838,-0.89145,-0.876386,0.229843,-0.827811,0.195035,0.002003,0.003807
0,1.570056,-0.189817,-1.69084,0.6793,-1.656849,0.714504,0.003899,0.003313
0,1.139459,-0.318501,-0.428829,-0.101798,-0.46601,-0.056207,0.003616,0.005559
0,0.494863,0.097612,-0.620745,0.386589,-0.617084,0.348871,0.003115,0.001704
0,0.227269,0.043249,-0.255736,-0.078095,-0.265179,-0.113995,0.003967,0.000755
0,-0.054822,0.039662,-0.297657,0.023023,-0.249418,0.042097,0.000957,0.000692
0,-0.449727,0.115773,-0.394584,0.067439,-0.362487,0.088757,0.003902,0.002021
0,-0.467544,-0.001121,-0.005019,-0.145594,0.036688,-0.112853,0.003592,2e-05
0,-0.476126,0.206645,-0.009002,0.208898,0.039336,0.212884,0.003442,0.003607
0,-0.393052,0.048086,0.063557,-0.166052,0.021108,-0.139097,0.004892,0.000839
0,-0.146543,0.080352,0.250697,0.015453,0.285073,0.051475,0.002558,0.001402
0,-0.256546,0.088349,-0.086763,-0.017134,-0.133536,-0.045777,0.004478,0.001542
0,-0.360785,0.020625,-0.079412,-0.062133,-0.084645,-0.054984,0.005455,0.00036
0,-0.355217,-0.019996,-0.020048,-0.024948,0.001761,-0.059806,0.005552,0.000349
0,-0.247328,0.007511,0.084767,0.00234,0.103132,-0.037559,0.004317,0.000131
0,-0.21278,0.15181,0.042053,0.161795,0.067255,0.184353,0.003714,0.00265
0,-0.207866,0.035615,-0.010258,-0.111058,0.004765,-0.149289,0.003628,0.000622
0,-0.180567,0.038841,0.010434,-0.016768,0.02426,-0.016619,0.003151,0.000678
0,-0.23597,0.210912,-0.042997,0.18367,-0.0359,0.187632,0.004118,0.003681
0,-0.056316,-0.037106,0.195887,-0.263229,0.169693,-0.232403,0.000983,0.000648
0,-0.019134,0.08868,0.063094,0.125904,0.090081,0.132864,0.000334,0.001548
0,-0.246851,0.14529,-0.243851,0.03982,-0.235864,0.058157,0.004308,0.002536
0,-0.119399,-0.095942,0.105401,-0.24748,0.128114,-0.210579,0.002084,0.001674
0,-0.096938,0.182519,0.043197,0.262714,0.079875,0.306833,0.001692,0.003186
0,-0.018187,0.119912,0.073944,-0.042511,0.116813,-0.066254,0.000317,0.002093
0,-0.168492,0.196361,-0.141294,0.06966,-0.147737,0.062584,0.002941,0.003427
0,-0.168611,0.022248,-0.022333,-0.195053,-0.05913,-0.169279,0.002943,0.000388
0,-0.166663,-0.057215,-0.011636,-0.093926,-0.007801,-0.137009,0.002909,0.000999
0,-0.119871,-0.016482,0.052674,0.034735,0.045984,0.025453,0.002092,0.000288
0,-0.345788,-0.011319,-0.249408,0.02703,-0.211778,0.00817,0.005717,0.000198
0,-0.358929,0.058724,-0.03776,0.086975,-0.038403,0.125007,0.005487,0.001025
0,-0.334807,0.010773,0.015216,-0.027982,-0.014013,-0.002831,0.005843,0.000188
0,-0.213867,0.035414,0.127185,0.037652,0.116546,0.052554,0.003733,0.000618
0,-0.292634,0.152114,-0.096519,0.10239,-0.106139,0.110533,0.005107,0.002655
0,-0.211554,0.120054,0.066379,-0.037894,0.038882,0.005226,0.003692,0.002095
0,-0.107453,-0.061347,0.124083,-0.168107,0.173953,-0.188545,0.001875,0.001071
0,-0.113992,-0.052899,0.021709,-0.000736,-0.004752,0.015637,0.00199,0.000923
0,0.012969,-0.052358,0.147474,-0.023653,0.097544,-0.022023,0.000226,0.000914
0,0.056051,0.1381,0.061214,0.194484,0.037933,0.22562,0.000978,0.00241
0,-0.20381,0.122228,-0.245695,-0.004797,-0.27931,0.038572,0.003557,0.002133
0,-0.00431,0.094647,0.17216,-0.031572,0.136655,-0.04828,7.5e-05,0.001652
0,-0.212712,-0.03616,-0.195709,-0.137461,-0.169598,-0.144927,0.003713,0.000631
0,-0.043556,0.094206,0.140933,0.149485,0.137278,0.123764,0.00076,0.001644
0,-0.062934,0.145517,0.008208,0.052072,0.054066,0.081751,0.001098,0.00254
0,-0.312187,0.186919,-0.261306,0.036056,-0.221124,-0.011139,0.005449,0.003262
0,-0.122919,0.189334,0.171253,0.028173,0.211681,-0.013223,0.002145,0.003304
0,-0.079569,0.169986,0.064328,-0.045463,0.053111,-0.005084,0.001389,0.002967
0,-0.226338,0.052159,-0.169515,-0.105032,-0.165158,-0.098426,0.00395,0.00091
0,-0.021502,0.001028,0.21487,-0.076972,0.229545,-0.10615,0.000375,1.8e-05
0,-0.066622,0.121403,-0.065903,0.140354,-0.024036,0.137467,0.001163,0.002119
0,-0.151744,0.03082,-0.068659,-0.098791,-0.115822,-0.070651,0.002648,0.000538
0,-0.215136,0.019733,-0.068397,-0.002039,-0.026517,0.000212,0.003755,0.000344
0,0.007459,-0.014623,0.235233,-0.009784,0.186159,0.009792,0.00013,0.000255
0,-0.041178,0.106777,-0.050085,0.117607,-0.067537,0.101844,0.000719,0.001864
0,-0.276379,-0.08208,-0.228158,-0.159371,-0.21158,-0.119582,0.004824,0.001433
0,-0.250862,-0.012885,0.024443,0.073849,0.032407,0.045605,0.004378,0.000225
0,-0.29901,0.101427,-0.029983,0.131459,-0.027125,0.117641,0.005219,0.00177
0,-0.248872,0.013967,0.05209,-0.114308,0.043498,-0.142352,0.004344,0.000244
0,-0.302543,-0.071873,-0.030136,-0.106529,-0.041132,-0.11347,0.00528,0.001254
0,-0.08891,0.186489,0.2029,0.272169,0.243971,0.230106,0.001552,0.003255
0,-0.077775,0.219686,0.014516,0.032986,0.043294,0.035444,0.001357,0.003834
0,-0.182253,0.086355,-0.107679,-0.139916,-0.080462,-0.093974,0.003181,0.001507
0,-0.210143,-0.057358,-0.030826,-0.171294,-0.004326,-0.194397,0.003668,0.001001
0,0.013952,-0.062696,0.205049,0.014317,0.187,0.000566,0.000244,0.001094
0,-0.244868,-0.095635,-0.249692,-0.008243,-0.228752,-0.029199,0.004274,0.001669
0,-0.0057,0.046717,0.209583,0.150321,0.196213,0.156909,9.9e-05,0.000815
0,-0.184087,0.052337,-0.162656,-0.016196,-0.197125,-0.031865,0.003213,0.000913
0,-0.222423,0.096743,-0.027729,0.040117,0.002516,0.018148,0.003882,0.001688
0,-1.528833,-0.316774,-1.318401,-0.384236,-1.27115,-0.428865,0.00318,0.005529
0,0.372153,-1.536994,1.914024,-1.204754,1.938215,-1.229822,0.005256,0.003322
0,1.964545,-1.806139,1.581946,-0.264866,1.614612,-0.26985,0.000967,0.003732
0,2.00782,-1.82447,0.04565,-0.025263,0.069307,-0.041994,0.000212,0.003412
0,2.438823,-1.705813,0.41334,0.126979,0.401583,0.124139,0.004441,0.005483
0,2.083337,-1.257009,-0.347202,0.441664,-0.356227,0.488418,0.001106,0.001564
0,1.68198,-1.01494,-0.397356,0.221266,-0.371666,0.176051,0.005853,0.005789
0,2.266097,-1.901992,0.570799,-0.864348,0.527627,-0.848389,0.004296,0.002059
0,2.844226,-1.934022,0.571965,-0.045159,0.52828,-0.039848,0.002634,0.0015
0,2.343526,-2.010253,-0.474935,-0.100147,-0.471047,-0.052089,0.005647,0.00017
0,2.495789,-1.731418,0.165397,0.263938,0.124257,0.229914,0.003447,0.005036
0,2.304403,-1.295077,-0.180936,0.435467,-0.160634,0.387744,0.004964,0.0009
0,1.686214,-1.201831,-0.636808,0.095529,-0.595213,0.046933,0.005825,0.002527
0,0.979864,-0.848796,-0.680949,0.332533,-0.686359,0.343806,0.00535,0.003063
0,0.872157,-0.532126,-0.110898,0.336646,-0.078206,0.318705,0.00347,0.002464
0,0.713919,-0.220526,-0.135867,0.290192,-0.101168,0.247223,0.000709,0.003849
0,0.250179,-0.009634,-0.484451,0.19433,-0.435448,0.170331,0.004366,0.000168
0,0.273029,0.293082,0.046239,0.279174,0.061268,0.240946,0.004765,0.005115
0,0.249583,0.34348,-0.003396,0.063291,-0.017246,0.081264,0.004356,0.005757
0,0.263501,0.061329,-0.00814,-0.293523,0.036424,-0.34119,0.004599,0.00107
0,0.257162,0.078394,-0.022959,-0.01172,-0.045758,-0.048213,0.004488,0.001368
0,0.254143,0.307469,-0.013719,0.234554,-0.038761,0.22867,0.004436,0.005366
0,0.091516,0.244458,-0.147858,-0.092752,-0.140363,-0.065402,0.001597,0.004267
0,0.23055,0.285417,0.116129,0.053806,0.089139,0.022665,0.004024,0.004981
0,0.078173,0.159677,-0.145735,-0.113621,-0.181906,-0.155092,0.001364,0.002787
0,0.018559,0.089951,-0.074731,-0.04907,-0.032064,-0.047519,0.000324,0.00157
0,0.209996,0.246478,0.163461,0.16729,0.145594,0.204211,0.003665,0.004302
0,0.105125,0.099427,-0.125063,-0.153741,-0.129404,-0.10982,0.001835,0.001735
0,0.134898,0.105602,0.005272,0.016445,0.040384,0.016666,0.002354,0.001843
0,-0.011205,0.01426,-0.120502,-0.062331,-0.082525,-0.072603,0.000196,0.000249
0,0.032477,0.182558,0.043136,0.166126,0.081981,0.12011,0.000567,0.003186
0,0.108073,0.161551,0.081851,-0.046913,0.104258,-0.010334,0.001886,0.00282
0,-0.024471,0.133691,-0.159771,-0.057812,-0.201678,-0.019785,0.000427,0.002333
0,0.093394,-0.023944,0.111515,-0.159382,0.077423,-0.189384,0.00163,0.000418
0,-0.016695,-0.041727,-0.116464,0.005449,-0.089471,0.035243,0.000291,0.000728
0,-0.086403,0.151272,-0.059032,0.180897,-0.093948,0.147307,0.001508,0.00264
0,0.086546,0.097585,0.187426,-0.076869,0.177832,-0.122737,0.001511,0.001703
0,-0.023124,-0.014582,-0.107601,-0.115242,-0.151208,-0.120668,0.000404,0.000255
0,0.166061,-0.039552,0.198548,-0.042265,0.157163,-0.052993,0.002898,0.00069
0,0.037986,0.205451,-0.137955,0.258269,-0.165446,0.211118,0.000663,0.003586
0,0.044957,0.112497,0.022332,-0.067254,0.01579,-0.114098,0.000785,0.001963
0,0.052293,-0.053621,0.003463,-0.177562,0.002846,-0.161744,0.000913,0.000936
0,-0.022476,0.016596,-0.099154,0.099077,-0.074183,0.054173,0.000392,0.00029
0,-0.062908,0.119107,-0.013557,0.114758,-0.036404,0.138187,0.001098,0.002079
0,0.041131,-0.090959,0.086765,-0.222586,0.122776,-0.205426,0.000718,0.001588
0,0.090605,0.1269,0.047063,0.218562,0.012462,0.223186,0.001581,0.002215
0,-0.087916,-0.09159,-0.180182,-0.224037,-0.137883,-0.240689,0.001534,0.001599
0,-0.093358,0.006758,0.010025,0.104431,0.02055,0.143332,0.001629,0.000118
0,0.108835,-0.026198,0.199177,-0.038897,0.207526,-0.018866,0.0019,0.000457
0,0.169898,-0.051638,0.085547,-4.2e-05,0.08282,-0.010128,0.002965,0.000901
0,0.007669,0.000679,-0.14246,0.064837,-0.147505,0.072569,0.000134,1.2e-05
0,-0.133952,-0.025792,-0.160739,-0.050409,-0.203944,-0.088874,0.002338,0.00045
0,0.018058,-0.006595,0.140109,0.004986,0.148294,-0.009561,0.000315,0.000115
0,0.047992,0.039011,0.041065,0.019959,0.041323,0.005583,0.000838,0.000681
0,0.126153,-0.090516,0.086837,-0.09976,0.078058,-0.140387,0.002202,0.00158
0,-0.047671,-0.043776,-0.16941,0.045737,-0.122741,0.056938,0.000832,0.000764
0,-0.102778,0.02369,-0.068374,0.068414,-0.112798,0.061479,0.001794,0.000413
0,0.078369,0.124351,0.189261,0.079817,0.173907,0.054424,0.001368,0.00217
0,0.048382,0.172441,-0.013277,0.046527,0.002837,0.07525,0.000844,0.00301
0,0.093433,0.207864,0.017261,0.036762,-0.031189,0.016606,0.001631,0.003628
0,0.183256,0.132648,0.117776,-0.071097,0.120162,-0.093134,0.003198,0.002315
0,-0.035179,0.059591,-0.241254,-0.04418,-0.20207,-0.015045,0.000614,0.00104
0,-0.068507,0.12034,-0.007486,0.051636,0.012718,0.036842,0.001196,0.0021
0,0.198904,0.132669,0.264329,0.029706,0.221713,0.043702,0.003472,0.002316
0,0.068704,-0.105638,-0.125543,-0.254033,-0.167907,-0.236999,0.001199,0.001844
0,0.134427,0.117781,0.036401,0.205664,-0.013592,0.164197,0.002346,0.002056
0,-0.027398,-0.007656,-0.188817,-0.115978,-0.150293,-0.117555,0.000478,0.000134
0,0.097645,0.201732,0.126469,0.224413,0.133439,0.20041,0.001704,0.003521
0,0.111802,0.070536,-0.008102,-0.150394,0.000432,-0.1271,0.001951,0.001231
0,-0.036769,-0.0216,-0.177913,-0.078064,-0.204088,-0.105189,0.000642,0.000377
0,0.164617,0.110921,0.196178,0.148132,0.213387,0.172224,0.002873,0.001936
0,0.164777,0.135684,0.015072,0.046652,-0.00095,0.019152,0.002876,0.002368
0,0.057946,0.086423,-0.087104,-0.023855,-0.04617,-0.008838,0.001011,0.001508
0,0.156703,0.16567,0.12618,0.058047,0.140722,0.06531,0.002735,0.002891
0,-0.008556,0.060006,-0.142947,-0.082184,-0.10938,-0.121902,0.000149,0.001047
0,0.117043,0.075516,0.11381,0.010945,0.125371,0.043413,0.002043,0.001318
0,0.239107,0.003567,0.098001,-0.073042,0.12516,-0.073082,0.004173,6.2e-05
0,0.163676,0.115056,-0.068504,0.081558,-0.081754,0.070301,0.002857,0.002008
0,0.234412,-0.085605,0.04652,-0.181964,0.011986,-0.142598,0.004091,0.001494
0,0.037055,-0.081484,-0.195344,-0.025026,-0.209195,0.00319,0.000647,0.001422
0,-0.012903,0.064247,-0.048077,0.135373,-0.007239,0.182511,0.000225,0.001121
0,0.189863,-0.007394,0.189646,-0.054087,0.192008,-0.040296,0.003314,0.000129
0,0.120771,0.018742,-0.050385,0.051933,-0.049289,0.005564,0.002108,0.000327
0,-0.066611,0.12354,-0.175108,0.107239,-0.208513,0.149875,0.001163,0.002156
0,-0.07802,-0.070241,-0.013787,-0.221172,-0.062583,-0.177545,0.001362,0.001226
0,0.006121,-0.043751,0.073087,-0.000375,0.087733,-0.047237,0.000107,0.000764
0,0.098111,-0.031292,0.102447,0.039108,0.076246,0.046414,0.001712,0.000546
0,0.146476,0.11727,0.071931,0.177446,0.116806,0.129337,0.002556,0.002047
0,0.0397,0.080259,-0.09318,-0.014739,-0.130986,-0.00869,0.000693,0.001401
0,0.051387,0.074683,-0.009854,-0.024258,-0.016106,-0.051525,0.000897,0.001303
0,0.151771,-0.006986,0.126367,-0.078484,0.083841,-0.062359,0.002649,0.000122
0,0.176885,-0.06749,0.005631,-0.07883,0.040082,-0.112183,0.003087,0.001178
0,-0.010786,0.10547,-0.191007,0.175855,-0.152825,0.204883,0.000188,0.001841
0,0.113196,0.078761,0.139661,-0.0557,0.146678,-0.047734,0.001976,0.001375
0,0.05449,0.157266,-0.083722,0.055668,-0.061613,0.065779,0.000951,0.002745
0,0.144032,0.054343,0.061045,-0.086961,0.050735,-0.093975,0.002514,0.000948
0,0.105628,-0.134712,-0.062105,-0.185141,-0.03795,-0.142381,0.001844,0.002351
0,0.155145,0.05038,0.055392,0.158075,0.007385,0.145688,0.002708,0.000879
0,0.015764,0.012673,-0.125522,-0.055531,-0.095624,-0.068631,0.000275,0.000221
0,-0.005042,0.090752,-0.004615,0.087946,0.014117,0.107354,8.8e-05,0.001584
0,0.095375,0.013429,0.097928,-0.066161,0.075861,-0.065544,0.001665,0.000234
0,0.046249,-0.054584,-0.068662,-0.09316,-0.038757,-0.05263,0.000807,0.000953
0,0.027416,0.087871,-0.023969,0.157378,-0.008364,0.118787,0.000478,0.001534
0,0.082771,-0.131853,0.077008,-0.244647,0.125241,-0.286034,0.001445,0.002301
0,-0.02258,0.032799,-0.09006,0.150547,-0.093762,0.149732,0.000394,0.000572
0,-0.017244,0.061516,0.033338,0.000696,0.062852,0.048587,0.000301,0.001074
0,0.047541,0.091442,0.080267,0.057823,0.071945,0.015306,0.00083,0.001596
0,0.025513,0.112304,-0.004439,0.038623,-0.006993,0.046718,0.000445,0.00196
0,-0.093373,-0.094539,-0.110661,-0.189313,-0.099708,-0.161646,0.00163,0.00165
0,0.118652,0.08805,0.232491,0.212098,0.221543,0.189574,0.002071,0.001537
0,-0.021556,-0.052798,-0.161586,-0.153226,-0.148168,-0.105099,0.000376,0.000922
0,-0.06582,-0.081789,-0.019843,-0.006945,-0.017783,-0.03027,0.001149,0.001427
0,0.020143,-0.041141,0.084594,0.044578,0.037195,0.049736,0.000352,0.000718
0,0.058105,0.102539,0.045652,0.118939,0.020932,0.100827,0.001014,0.00179
0,0.105134,-0.13213,0.071575,-0.251106,0.097038,-0.237861,0.001835,0.002306
0,0.104018,-0.036592,-0.023355,0.094114,-0.046766,0.142186,0.001815,0.000639
0,-0.084668,-0.024113,-0.190861,0.01952,-0.179983,0.019859,0.001478,0.000421
0,-0.027866,0.010045,0.049974,0.012151,0.025402,0.050841,0.000486,0.000175
0,0.142067,0.032244,0.161688,-0.003125,0.120678,0.034387,0.00248,0.000563
0,0.102349,-0.1893,-0.05805,-0.211599,-0.081802,-0.20764,0.001786,0.003304
0,0.216318,-0.081983,0.121195,0.107213,0.084641,0.144477,0.003775,0.001431
0,0.024042,-0.130382,-0.188789,-0.077916,-0.233433,-0.029898,0.00042,0.002276
0,0.196521,-0.16273,0.164765,-0.019771,0.140575,-0.047276,0.00343,0.00284
0,-0.058427,-0.121099,-0.233864,0.070711,-0.242439,0.035385,0.00102,0.002114
0,0.035162,-0.124929,0.10661,0.026062,0.083426,-0.017407,0.000614,0.00218
0,-0.069521,0.087652,-0.089221,0.228062,-0.122854,0.261345,0.001213,0.00153
0,0.079796,-0.031434,0.16387,-0.141379,0.193647,-0.14981,0.001393,0.000549
0,-0.057124,0.020827,-0.128181,0.071052,-0.105551,0.029898,0.000997,0.000364
0,-0.126599,0.067089,-0.072769,0.038482,-0.088218,0.016355,0.00221,0.001171
0,-0.098016,0.041684,0.015038,-0.004116,0.01333,0.008129,0.001711,0.000728
0,0.141658,-0.122549,0.226542,-0.143171,0.214257,-0.159034,0.002472,0.002139
0,0.004234,-0.063464,-0.108109,0.03903,-0.108958,0.008824,7.4e-05,0.001108
0,-0.097358,-0.136474,-0.093225,-0.070199,-0.100053,-0.02293,0.001699,0.002382
0,0.052532,0.017524,0.176457,0.157333,0.166346,0.179345,0.000917,0.000306
0,0.162174,-0.082319,0.109473,-0.094061,0.123438,-0.079575,0.00283,0.001437
0,-1.082753,1.149238,-1.215871,1.242738,-1.250461,1.214782,0.004606,0.003445
0,-1.186245,1.93685,-0.10053,0.781381,-0.088292,0.785869,0.0028,0.001451
0,-1.783317,2.570249,-0.574613,0.631631,-0.604264,0.656369,0.00413,0.002147
0,-1.951265,2.721399,-0.167215,0.165338,-0.155317,0.163172,0.001199,0.000491
0,-1.968481,2.520235,-0.017869,-0.224839,-0.043754,-0.178585,0.000899,0.00302
0,-1.705794,1.769457,0.239771,-0.721452,0.222705,-0.673021,0.005483,0.004372
0,-1.258627,0.876018,0.456147,-0.888067,0.488122,-0.875294,0.001536,0.003538
0,-0.974515,0.382579,0.273209,-0.489378,0.282057,-0.50543,0.005257,0.005074
0,-0.745042,0.142711,0.24369,-0.256223,0.280757,-0.218899,0.001252,0.002491
0,-0.563603,0.282185,0.177945,0.125164,0.202531,0.164095,0.001915,0.004925
0,-0.244914,-0.039093,0.343968,-0.310475,0.347098,-0.310307,0.004275,0.000682
0,-0.020292,-0.136237,0.196759,-0.098954,0.193379,-0.061492,0.000354,0.002378
0,0.063938,-0.155269,0.092076,-0.036354,0.134369,0.007507,0.001116,0.00271
0,0.177815,-0.260031,0.114943,-0.115664,0.137649,-0.161262,0.003103,0.004538
0,0.333366,-0.27159,0.181552,-0.039563,0.157521,-0.045046,0.005818,0.00474
0,0.368102,-0.305723,0.056289,-0.037871,0.012295,-0.016239,0.005327,0.005336
0,0.315962,-0.296636,-0.073915,0.032301,-0.075607,-0.008953,0.005515,0.005177
0,0.448724,-0.166913,0.152357,0.107338,0.196656,0.076045,0.00392,0.002913
0,0.15873,-0.162,-0.295797,0.013709,-0.329995,0.034113,0.00277,0.002827
0,0.316126,-0.372483,0.131239,-0.198764,0.133339,-0.153116,0.005517,0.005251
0,0.137566,-0.15853,-0.158521,0.20709,-0.197587,0.212782,0.002401,0.002767
0,0.258081,-0.027717,0.112309,0.128971,0.075161,0.099427,0.004504,0.000484
0,0.234818,-0.057413,-0.017378,-0.058396,-0.019313,-0.046846,0.004098,0.001002
0,0.251584,-0.199015,0.045374,-0.155717,0.035839,-0.155035,0.004391,0.003473
0,0.030513,-0.093479,-0.245219,0.102164,-0.225419,0.072671,0.000533,0.001632
0,-0.049457,-0.132214,-0.063278,-0.018171,-0.01409,-0.023491,0.000863,0.002308
0,0.099051,-0.198103,0.133403,-0.085029,0.123088,-0.043205,0.001729,0.003458
0,0.208999,-0.162315,0.13164,0.055559,0.151007,0.066656,0.003648,0.002833
0,-0.049487,-0.029266,-0.253038,0.118425,-0.262032,0.13192,0.000864,0.000511
0,0.227943,-0.034624,0.287806,0.007209,0.272765,0.054448,0.003978,0.000604
0,0.153207,-0.149169,-0.082854,-0.115409,-0.073415,-0.109259,0.002674,0.002603
0,0.1606,0.028896,-0.016465,0.184112,-0.025697,0.212776,0.002803,0.000504
0,0.230374,-0.144101,0.07699,-0.179045,0.107415,-0.202856,0.004021,0.002515
0,0.158589,-0.230315,-0.052545,-0.060438,-0.098314,-0.063313,0.002768,0.00402
0,-0.047093,-0.248162,-0.21163,-0.025361,-0.222555,0.005465,0.000822,0.004331
0,0.020508,-0.024449,0.053867,0.23954,0.04142,0.270533,0.000358,0.000427
0,-0.010628,-0.232235,-0.05052,-0.205271,-0.051105,-0.217342,0.000185,0.004053
0,0.099585,0.023683,0.0917,0.240853,0.060309,0.223149,0.001738,0.000413
0,0.08593,-0.012711,-0.012118,-0.024223,-0.031028,-0.015755,0.0015,0.000222
0,0.148727,-0.085266,0.063921,-0.095461,0.03591,-0.065528,0.002596,0.001488
0,-0.080984,-0.08848,-0.200209,0.021088,-0.197565,-0.009861,0.001413,0.001544
0,-0.000181,-0.128539,0.089957,-0.037902,0.045543,0.001901,3e-06,0.002243
0,-0.158134,0.062823,-0.161258,0.183704,-0.203399,0.210352,0.00276,0.001096
0,-0.170312,-0.13771,-0.013219,-0.189086,0.033,-0.176913,0.002972,0.002403
0,-0.005829,-0.055689,0.182158,0.054417,0.199757,0.030511,0.000102,0.000972
0,-0.215755,-0.091305,-0.210929,-0.018962,-0.228547,-0.023002,0.003766,0.001594
0,-0.042964,-0.180302,0.179133,-0.080856,0.172918,-0.116622,0.00075,0.003147
0,-0.160848,-0.11573,-0.136672,0.046748,-0.107843,0.045134,0.002807,0.00202
0,-0.094848,0.105354,0.042792,0.209381,-0.003483,0.20008,0.001655,0.001839
0,0.063687,-0.142134,0.170382,-0.277033,0.130531,-0.313322,0.001112,0.002481
0,-0.007159,0.029361,-0.099635,0.169217,-0.086629,0.141348,0.000125,0.000512
0,-0.125928,0.137079,-0.136399,0.097213,-0.114048,0.062091,0.002198,0.002392
0,0.058285,-0.121331,0.187626,-0.271968,0.162806,-0.240965,0.001017,0.002118
0,-0.066133,0.074654,-0.107171,0.216011,-0.100652,0.207353,0.001154,0.001303
0,0.007901,-0.122026,0.077394,-0.215575,0.087763,-0.21127,0.000138,0.00213
0,-0.029848,-4.6e-05,-0.008602,0.136552,-0.0164,0.177817,0.000521,1e-06
0,-0.011482,-0.009389,0.036657,-0.007388,0.02866,0.013302,0.0002,0.000164
0,0.003439,0.052254,0.00164,0.059394,-0.006463,0.022851,6e-05,0.000912
0,-0.058076,-0.152924,-0.051242,-0.223604,-0.060662,-0.260438,0.001014,0.002669
0,-0.164958,-0.054459,-0.136863,0.094207,-0.14919,0.097506,0.002879,0.00095
0,0.053513,0.061176,0.189977,0.116751,0.192736,0.14994,0.000934,0.001068
0,-0.102307,-0.018869,-0.126128,-0.080499,-0.147585,-0.105276,0.001786,0.000329
0,-0.102547,-0.030084,0.024105,0.006158,0.030631,-0.037329,0.00179,0.000525
0,-0.018319,-0.172835,0.098484,-0.163877,0.056586,-0.210445,0.00032,0.003017
0,-0.201479,0.015388,-0.188724,0.204032,-0.143363,0.200225,0.003516,0.000269
0,-0.176741,-0.037804,0.013931,-0.072494,-0.011649,-0.060036,0.003085,0.00066
0,-0.149768,-0.011602,0.003227,0.02352,0.036749,0.011436,0.002614,0.000202
0,-0.060766,-0.065304,0.064684,-0.045552,0.074669,-0.040813,0.001061,0.00114
0,-0.194235,-0.144046,-0.118357,-0.056476,-0.103732,-0.089937,0.00339,0.002514
0,-0.184037,-0.025331,-0.014219,0.115697,-0.026866,0.124229,0.003212,0.000442
0,-0.152725,0.072765,0.033887,0.079621,-0.001463,0.109899,0.002666,0.00127
0,0.092485,0.029534,0.262016,-0.062916,0.256214,-0.08365,0.001614,0.000515
0,0.075789,0.094317,0.001751,0.080747,0.001943,0.056329,0.001323,0.001646
0,0.099202,-0.118408,0.033458,-0.207536,0.069874,-0.224714,0.001731,0.002067
0,0.106849,0.108762,0.006475,0.246836,-0.01536,0.212396,0.001865,0.001898
0,-0.056628,0.080907,-0.173883,-0.049325,-0.19585,-0.051785,0.000988,0.001412
0,0.011695,0.01814,0.047865,-0.080561,0.080169,-0.046729,0.000204,0.000317
0,-0.071558,0.145738,-0.070566,0.147296,-0.100261,0.13411,0.001249,0.002544
0,0.130506,0.077489,0.188406,-0.095302,0.212284,-0.126775,0.002278,0.001352
0,-0.00782,-0.07366,-0.124838,-0.128094,-0.096391,-0.109169,0.000136,0.001286
0,0.253826,-0.086003,0.248697,0.007877,0.239559,0.026667,0.00443,0.001501
0,0.037775,-0.044497,-0.205881,0.054989,-0.24154,0.092197,0.000659,0.000777
0,0.045139,-0.090129,0.012527,-0.063688,-0.008595,-0.020518,0.000788,0.001573
0,0.202725,-0.112965,0.141232,-0.008451,0.103865,-0.015467,0.003538,0.001972
0,0.078946,0.127537,-0.119535,0.21922,-0.162021,0.234305,0.001378,0.002226
0,0.083017,-0.111397,-0.006048,-0.260152,-0.047594,-0.252402,0.001449,0.001944
0,0.096156,0.045695,0.041522,0.156464,0.012457,0.114695,0.001678,0.000798
0,0.157436,0.076977,0.053943,0.033143,0.044381,0.027813,0.002748,0.001344
0,0.164173,0.009231,0.013824,-0.043145,0.063453,-0.021725,0.002865,0.000161
0,-0.102656,0.012158,-0.275476,0.010068,-0.243862,0.003131,0.001792,0.000212
0,0.001423,0.023038,0.075821,0.027155,0.079048,-0.020123,2.5e-05,0.000402
0,0.06001,0.046644,0.042784,0.035751,-0.002,-0.007605,0.001047,0.000814
0,0.208245,-0.153978,0.127606,-0.229916,0.079651,-0.260795,0.003635,0.002687
0,0.002227,-0.046591,-0.181368,0.101476,-0.173064,0.143997,3.9e-05,0.000813
0,-0.084195,-0.036957,-0.10011,-0.012261,-0.102422,-0.017451,0.001469,0.000645
0,0.176755,-0.198649,0.252462,-0.134097,0.299698,-0.124897,0.003085,0.003467
0,-0.064744,0.022305,-0.261521,0.249564,-0.241465,0.231789,0.00113,0.000389
0,0.141102,-0.009373,0.207882,-0.031043,0.235274,-0.045195,0.002463,0.000164
0,0.039875,-0.067973,-0.10485,-0.070479,-0.083711,-0.074294,0.000696,0.001186
0,-0.011491,-0.110071,-0.069516,-0.023687,-0.045022,-0.066016,0.000201,0.001921
0,0.163473,-0.102429,0.184714,0.010682,0.190538,-0.031456,0.002853,0.001788
0,-0.045532,0.027249,-0.234543,0.143935,-0.203857,0.166217,0.000795,0.000476
0,-0.051944,-0.171294,0.013354,-0.200823,0.033484,-0.208234,0.000907,0.00299
0,0.13182,-0.115994,0.166885,0.044844,0.118319,0.003264,0.002301,0.002024
0,0.076303,0.070883,-0.063486,0.170192,-0.0637,0.142675,0.001332,0.001237
0,0.104636,-0.101839,0.042809,-0.187332,0.071803,-0.233096,0.001826,0.001777
0,0.006822,-0.029863,-0.110826,0.044706,-0.118189,0.09419,0.000119,0.000521
0,0.032865,-0.175852,0.011037,-0.160015,0.044626,-0.162958,0.000574,0.003069
0,0.073774,-0.213493,0.017825,-0.02225,0.007165,-0.060848,0.001288,0.003726
0,-0.005974,-0.022562,-0.076687,0.161333,-0.053344,0.192326,0.000104,0.000394
0,0.119145,0.048236,0.100316,0.042079,0.05663,0.038236,0.002079,0.000842
0,0.073726,-0.173141,-0.046263,-0.195273,-0.007975,-0.21235,0.001287,0.003022
0,0.038248,-0.0421,-0.01272,0.151973,-0.047931,0.113248,0.000668,0.000735
0,-0.055892,-0.033752,-0.104551,0.018977,-0.14305,-0.016143,0.000976,0.000589
0,-0.023424,-0.184554,0.057791,-0.161873,0.042092,-0.116652,0.000409,0.003221
0,-0.040927,-0.183956,-0.045373,0.027724,-0.020266,0.077217,0.000714,0.003211
0,-0.092588,0.113023,-0.072397,0.292198,-0.046272,0.249936,0.001616,0.001973
0,-0.084278,0.126729,0.007954,0.016506,0.026096,-0.01216,0.001471,0.002212
0,0.025245,-0.087175,0.109475,-0.236487,0.126382,-0.278279,0.000441,0.001521
0,-0.107893,0.016402,-0.162894,0.125489,-0.21058,0.136486,0.001883,0.000286
0,0.180369,0.048858,0.262734,0.037653,0.22357,0.051176,0.003148,0.000853
0,-0.063531,0.071684,-0.238973,0.00496,-0.228156,0.010545,0.001109,0.001251
0,-0.168584,-0.148222,-0.094193,-0.234132,-0.126669,-0.231815,0.002942,0.002587
0,-0.014995,0.136608,0.15174,0.29113,0.131022,0.278281,0.000262,0.002384
0,0.142448,-0.127609,0.15934,-0.243947,0.133884,-0.235693,0.002486,0.002227
0,0.151662,0.005741,0.009023,0.142127,0.027796,0.149443,0.002647,0.0001
0,-0.105839,0.068499,-0.233808,0.036804,-0.227293,0.025171,0.001847,0.001196
0,0.192874,0.080499,0.27111,0.007305,0.237359,-0.009629,0.003366,0.001405
0,0.114233,-0.042329,-0.092437,-0.151458,-0.093387,-0.147303,0.001994,0.000739
0,-0.042452,-0.014045,-0.171087,0.023327,-0.12328,0.007389,0.000741,0.000245
0,0.184086,-0.038934,0.201403,-0.024148,0.170594,-0.07138,0.003213,0.00068
0,0.107785,0.00574,-0.05535,0.025793,-0.02112,-0.010849,0.001881,0.0001
0,-0.0353,-0.115946,-0.158181,-0.094461,-0.16666,-0.048374,0.000616,0.002024
0,-0.011069,-0.104651,0.012736,0.035912,0.05728,-0.000406,0.000193,0.001826
0,0.121741,-0.078958,0.13906,0.029004,0.162696,-0.003208,0.002125,0.001378
0,-0.065412,-0.103065,-0.213603,-0.022992,-0.248267,-0.056056,0.001142,0.001799
0,0.013042,-0.157834,0.088449,-0.08216,0.117637,-0.111903,0.000228,0.002755
0,0.049849,-0.090117,0.026995,0.08274,0.076579,0.123184,0.00087,0.001573
0,0.09822,-0.11656,0.029069,-0.000302,0.041065,-0.032559,0.001714,0.002034
0,0.056967,0.118684,-0.050117,0.257303,-0.063232,0.298494,0.000994,0.002071
0,0.082802,0.031762,-0.001897,-0.071986,-0.025894,-0.060028,0.001445,0.000554
0,0.009424,-0.069095,-0.081179,-0.089647,-0.099186,-0.066167,0.000164,0.001206
0,-0.071027,-0.025983,-0.059737,0.073075,-0.034082,0.059248,0.00124,0.000453
0,0.02241,-0.153243,0.091761,-0.10847,0.053091,-0.153179,0.000391,0.002675
0,0.1098,0.030516,0.066567,0.164368,0.018772,0.183338,0.001916,0.000533
0,-0.066201,-0.129277,-0.148281,-0.179912,-0.164522,-0.20875,0.001155,0.002256
0,0.052913,0.105246,0.121214,0.237027,0.139881,0.271755,0.000924,0.001837
0,0.03756,-0.152859,-0.02703,-0.252898,-0.001826,-0.2088,0.000656,0.002668
0,0.100638,0.053728,0.07922,0.200607,0.080881,0.159492,0.001756,0.000938
0,0.168173,-0.021425,0.082257,-0.096463,0.090469,-0.131437,0.002935,0.000374
0,-0.039646,-0.040106,-0.18311,-0.040492,-0.184932,-0.007666,0.000692,0.0007
0,0.158888,-0.020904,0.22659,0.019297,0.21896,0.064679,0.002773,0.000365
0,0.127723,-0.014218,-0.046535,0.010504,-0.059272,0.0506,0.002229,0.000248
0,-0.065966,0.096131,-0.18478,0.106756,-0.174584,0.136522,0.001151,0.001678
0,0.156144,-0.170531,0.194032,-0.288484,0.172805,-0.314197,0.002725,0.002976
0,0.145052,-0.05519,0.014015,0.101713,-0.013019,0.113413,0.002532,0.000963
0,0.046345,0.075092,-0.095731,0.148372,-0.09793,0.179165,0.000809,0.001311
0,0.062334,0.096716,0.00179,-0.003409,-0.041744,-0.014561,0.001088,0.001688
0,-0.195496,-0.038955,-0.245056,-0.146084,-0.22903,-0.099101,0.003412,0.00068
0,-0.067724,-0.038127,0.123494,-0.001715,0.139175,0.011098,0.001182,0.000665
0,0.132676,0.038475,0.17063,0.081643,0.155705,0.122777,0.002316,0.000672
0,-0.014341,-0.005626,-0.133763,-0.022419,-0.09948,-0.01641,0.00025,9.8e-05
0,0.047082,0.064167,0.047748,0.082192,0.060228,0.046018,0.000822,0.00112
0,0.02709,0.075363,-0.023633,-0.018601,-0.006218,-0.060879,0.000473,0.001315
0,-0.128359,-0.031048,-0.175161,-0.114922,-0.210124,-0.092747,0.00224,0.000542
0,-0.094854,-0.137258,0.034481,-0.094631,0.002467,-0.139959,0.001656,0.002396
0,-0.215678,-0.14137,-0.132666,0.011019,-0.162632,-0.028402,0.003764,0.002467
0,-0.260919,-0.089676,-0.059723,0.02377,-0.040318,0.026825,0.004554,0.001565
0,-0.229889,-0.147887,0.015812,-0.036153,0.048836,-0.081126,0.004012,0.002581
0,-0.22409,-0.014836,-0.017283,0.131037,-0.021664,0.166733,0.003911,0.000259
0,-0.034211,0.072236,0.177358,0.090657,0.204568,0.074844,0.000597,0.001261
0,-0.104183,0.125546,-0.065652,0.046205,-0.045982,0.012488,0.001818,0.002191
0,-0.269923,-0.033319,-0.192683,-0.132543,-0.20174,-0.17597,0.004711,0.000582
0,-0.020703,0.03412,0.252356,0.083962,0.223094,0.057842,0.000361,0.000596
0,-0.031244,0.06266,-0.02717,0.0354,-0.074211,0.045427,0.000545,0.001094
0,-0.209668,-0.01505,-0.165322,-0.054332,-0.165937,-0.098021,0.003659,0.000263
0,-0.304299,0.152755,-0.096919,0.194349,-0.07525,0.208655,0.005311,0.002666
0,-0.180976,0.051933,0.097513,-0.119642,0.048015,-0.167851,0.003159,0.000906
0,-0.300124,0.001356,-0.113496,-0.069694,-0.068165,-0.024643,0.005238,2.4e-05
0,-0.30684,-0.011274,-0.01824,0.015862,-0.062401,0.033634,0.005355,0.000197
0,-0.200705,0.169015,0.104065,0.158724,0.103714,0.156908,0.003503,0.00295
0,-0.129955,0.007987,0.051659,-0.165568,0.039676,-0.207302,0.002268,0.000139
0,-0.224132,0.111045,-0.121107,0.102911,-0.16323,0.070432,0.003912,0.001938
0,-0.137107,0.094563,0.101685,-0.031132,0.076859,0.009036,0.002393,0.00165
0,-0.257877,0.00461,-0.099035,-0.060744,-0.054336,-0.058724,0.004501,8e-05
0,-0.187842,0.083577,0.060933,0.092416,0.016014,0.046046,0.003278,0.001459
0,0.064142,-0.08639,0.246054,-0.192835,0.199838,-0.163325,0.001119,0.001508
0,0.008934,-0.057286,-0.037175,0.046563,-0.026622,0.067422,0.000156,0.001
0,-0.048527,0.087799,-0.081135,0.15178,-0.119634,0.192979,0.000847,0.001532
0,-0.006547,-0.009663,0.050878,-0.105998,0.069278,-0.058955,0.000114,0.000169
0,-0.151453,0.110839,-0.165995,0.093229,-0.144699,0.082805,0.002643,0.001935
0,-0.001393,0.118747,0.133318,0.020046,0.128133,0.049998,2.4e-05,0.002073
0,0.093691,0.163012,0.077026,0.0508,0.071359,0.075266,0.001635,0.002845
0,-0.109494,-0.064311,-0.21022,-0.245241,-0.247095,-0.285148,0.001911,0.001122
0,-0.103061,0.000751,-0.013154,0.035216,-0.044371,-0.010071,0.001799,1.3e-05
0,0.122875,-0.039661,0.226179,-0.036547,0.268996,0.006876,0.002145,0.000692
0,0.151728,-0.110628,0.05629,-0.044235,0.04196,-0.005813,0.002648,0.001931
0,0.112502,-0.131295,-0.026502,-0.037697,-0.001315,-0.051416,0.001964,0.002292
0,0.105913,-0.106871,0.00895,-8.1e-05,0.053965,-0.031998,0.001849,0.001865
0,0.047409,0.132865,-0.042978,0.223006,-0.068169,0.253948,0.000827,0.002319
0,-0.052358,-0.04719,-0.105352,-0.188141,-0.151624,-0.142216,0.000914,0.000824
0,-0.14222,-0.099833,-0.059972,-0.028665,-0.018846,-0.028583,0.002482,0.001742
0,-0.144989,-0.079845,0.02184,0.034334,0.002488,0.062394,0.002531,0.001394
0,-0.055817,0.024857,0.112542,0.083896,0.161728,0.131458,0.000974,0.000434
0,0.023203,-0.106363,0.09195,-0.14606,0.094244,-0.164389,0.000405,0.001856
0,0.08611,-0.033648,0.047178,0.092646,0.058032,0.058353,0.001503,0.000587
0,0.024462,-0.05522,-0.078081,-0.026898,-0.063922,0.022813,0.000427,0.000964
0,-0.106964,-0.051258,-0.133597,0.000794,-0.155831,0.019434,0.001867,0.000895
0,0.038561,0.071088,0.156504,0.093107,0.117544,0.138031,0.000673,0.001241
0,-0.222142,0.132233,-0.239084,0.08568,-0.280541,0.093064,0.003877,0.002308
0,-0.153003,-0.111441,0.081296,-0.22548,0.118646,-0.240395,0.00267,0.001945
0,-0.223635,0.122779,-0.055235,0.239122,-0.072531,0.211631,0.003903,0.002143
0,-0.101461,0.052556,0.135396,-0.086232,0.08571,-0.091761,0.001771,0.000917
0,-0.265502,0.124355,-0.15801,0.054842,-0.12289,0.007773,0.004634,0.00217
0,-0.005232,0.129387,0.25607,0.011548,0.288262,0.023006,9.1e-05,0.002258
0,0.034081,0.130012,0.044875,0.021652,0.029759,0.030569,0.000595,0.002269
0,-0.13092,-0.124673,-0.190721,-0.251888,-0.234668,-0.229832,0.002285,0.002176
0,-0.148025,-0.013955,0.003731,0.080845,-0.017822,0.036505,0.002584,0.000244
0,0.06599,-0.012284,0.234602,-0.022292,0.204983,-0.008105,0.001152,0.000214
0,0.018329,0.015279,-0.070615,0.02557,-0.042342,0.027056,0.00032,0.000267
0,-0.122133,-0.146006,-0.116538,-0.156192,-0.087767,-0.186833,0.002132,0.002548
0,-0.063381,-0.111169,0.06389,0.056764,0.085021,0.091303,0.001106,0.00194
0,-0.052075,0.034932,0.021411,0.153228,0.025941,0.103361,0.000909,0.00061
0,-0.18931,0.020149,-0.137165,-0.016892,-0.122201,0.005702,0.003304,0.000352
0,-0.051669,0.02805,0.154721,0.001476,0.115836,-0.028028,0.000902,0.00049
0,-0.068585,-0.060907,-0.00106,-0.106393,0.01552,-0.144315,0.001197,0.001063
0,-0.133185,-0.150432,-0.082736,-0.071413,-0.081242,-0.070492,0.002325,0.002626
0,0.084577,0.036114,0.224879,0.174012,0.182027,0.1844,0.001476,0.00063
0,-0.12198,0.010174,-0.22748,-0.046315,-0.186023,-0.040568,0.002129,0.000178
0,-0.006672,0.089447,0.143393,0.050935,0.119167,0.090733,0.000116,0.001561
0,-0.035275,0.131479,-0.002306,0.03877,-0.048739,0.005722,0.000616,0.002295
0,0.04027,0.102282,0.08477,-0.059009,0.133099,-0.079639,0.000703,0.001785
0,0.080789,-0.062826,0.025912,-0.182176,0.012499,-0.164392,0.00141,0.001097
0,0.00421,-0.110368,-0.059958,-0.059047,-0.101321,-0.026631,7.3e-05,0.001926
0,0.107341,0.156829,0.100364,0.279346,0.059796,0.252809,0.001873,0.002737
0,0.01254,-0.021748,-0.084637,-0.180502,-0.106975,-0.153331,0.000219,0.00038
0,0.047245,0.128972,0.045281,0.147039,0.044128,0.118089,0.000825,0.002251
0,-0.155168,0.039665,-0.213234,-0.078114,-0.170125,-0.105544,0.002708,0.000692
0,-2.615109,0.927089,-2.46765,0.876159,-2.491015,0.831651,0.001365,0.004429
0,-3.636502,1.134819,-1.040743,0.217745,-1.047464,0.213521,0.00471,0.003697
0,-3.820737,1.616154,-0.193778,0.468811,-0.170189,0.443012,0.003826,0.004704
0,-4.963926,1.306316,-1.172494,-0.280186,-1.131477,-0.310198,0.004375,0.000704
0,-4.584204,1.1285,0.384694,-0.159362,0.386953,-0.134842,0.002252,0.003807
0,-3.624867,1.200989,0.953466,0.094534,0.912417,0.071229,0.004507,0.002542
0,-3.173502,1.010067,0.437923,-0.200675,0.393035,-0.162333,0.00337,0.005874
0,-2.347856,0.912953,0.832333,-0.114887,0.786108,-0.1478,0.005723,0.004182
0,-1.037365,0.570023,1.337773,-0.331779,1.342618,-0.37623,0.005398,0.001803
0,-0.653289,0.385029,0.381309,-0.199783,0.370912,-0.209816,0.00035,0.005032
0,0.256394,0.275565,0.937484,-0.081715,0.966899,-0.081402,0.004475,0.00481
0,0.693986,0.128792,0.441493,-0.172746,0.41924,-0.136007,0.000361,0.002248
0,0.77814,0.015368,0.072285,-0.143056,0.082445,-0.190093,0.001829,0.000268
0,0.801388,-0.014669,0.014977,-0.010761,0.015616,-0.018937,0.002235,0.000256
0,0.807628,0.120284,0.026789,0.152576,-0.008158,0.137473,0.002344,0.002099
0,0.683168,0.052859,-0.114022,-0.048621,-0.106797,-0.072302,0.000172,0.000923
0,0.49683,-0.075939,-0.209821,-0.148637,-0.219015,-0.167957,0.00308,0.001325
0,0.194527,-0.042434,-0.324229,0.047827,-0.351658,0.088654,0.003395,0.000741
0,0.126544,-0.162282,-0.054898,-0.091743,-0.014395,-0.133818,0.002209,0.002832
0,0.169394,-0.167083,0.055359,-0.00788,0.103152,0.031112,0.002956,0.002916
0,0.020989,-0.122337,-0.15048,0.065092,-0.118403,0.030278,0.000366,0.002135
0,0.153349,-0.014319,0.13005,0.098842,0.153314,0.076114,0.002676,0.00025
0,-0.086468,-0.134255,-0.267738,-0.113756,-0.313391,-0.124766,0.001509,0.002343
0,-0.09611,-0.194366,0.009352,-0.058876,-0.007862,-0.060636,0.001677,0.003392
0,0.157016,-0.0514,0.22988,0.171878,0.260307,0.191492,0.00274,0.000897
0,0.072742,-0.013239,-0.113918,0.028158,-0.16073,0.076891,0.00127,0.000231
0,0.106391,0.102895,0.05495,0.11031,0.026253,0.077198,0.001857,0.001796
0,-0.049838,0.098523,-0.147338,0.009485,-0.186601,0.021186,0.00087,0.00172
0,0.093273,0.075912,0.125725,-0.050984,0.16733,-0.011582,0.001628,0.001325
0,0.096134,0.094401,0.020516,0.003124,0.003633,-0.038371,0.001678,0.001648
0,0.097126,0.052477,-0.002629,-0.038191,-0.014326,-0.039308,0.001695,0.000916
0,0.111908,-0.023728,0.005793,-0.105513,0.016371,-0.1422,0.001953,0.000414
0,-0.030095,0.037585,-0.160001,0.056509,-0.161347,0.015317,0.000525,0.000656
0,-0.068522,-0.125209,-0.011486,-0.145007,-0.008039,-0.107681,0.001196,0.002185
0,-0.099265,0.068149,-0.03474,0.179105,0.013076,0.189629,0.001733,0.001189
0,0.026769,-0.084859,0.110416,-0.143956,0.088988,-0.14616,0.000467,0.001481
0,0.095725,-0.062874,0.047182,0.004514,0.029136,-0.029948,0.001671,0.001097
0,0.104602,0.07163,0.023185,0.14982,0.044367,0.150678,0.001826,0.00125
0,0.126043,-0.130522,0.030416,-0.179967,0.027374,-0.197371,0.0022,0.002278
0,0.127435,-0.152516,-0.028535,-0.027092,-0.067062,-0.065221,0.002224,0.002662
0,-0.044818,-0.15091,-0.173774,-0.010206,-0.193626,-0.054295,0.000782,0.002634
0,-0.101264,-0.081141,-0.077026,0.074776,-0.054133,0.109709,0.001767,0.001416
0,0.019223,-0.13722,0.114494,-0.078456,0.089587,-0.126225,0.000336,0.002395
0,0.116534,-0.130985,0.086976,0.004745,0.077183,0.038018,0.002034,0.002286
0,0.087478,0.11298,-0.004947,0.215388,0.036531,0.233157,0.001527,0.001972
0,-0.128303,-0.001748,-0.207501,-0.112481,-0.217815,-0.069322,0.002239,3.1e-05
0,-0.042022,0.033851,0.083125,0.03147,0.069473,-0.008566,0.000733,0.000591
0,0.137558,-0.075853,0.192044,-0.104039,0.176176,-0.136279,0.002401,0.001324
0,0.072438,0.136604,-0.072053,0.239468,-0.033692,0.220572,0.001264,0.002384
0,-0.072175,-0.040862,-0.114727,-0.205044,-0.070929,-0.207061,0.00126,0.000713
0,0.142361,0.047368,0.202292,0.078267,0.192521,0.046161,0.002485,0.000827
0,0.175605,0.044277,0.048197,-0.009652,0.042487,0.03013,0.003065,0.000773
0,0.067087,0.125959,-0.11961,0.074632,-0.130588,0.036828,0.001171,0.002198
0,-0.111016,-0.057303,-0.199915,-0.153468,-0.154486,-0.199937,0.001938,0.001
0,0.03161,-0.135934,0.139465,-0.106953,0.102944,-0.141877,0.000552,0.002372
0,-0.088975,-0.135376,-0.140436,0.020047,-0.149449,0.03412,0.001553,0.002363
0,-0.091497,-0.001125,-0.01485,0.140016,-0.02511,0.127837,0.001597,2e-05
0,-0.032215,0.129328,0.038846,0.127645,0.044381,0.092138,0.000562,0.002257
0,0.146861,0.04667,0.152523,-0.100547,0.130756,-0.107009,0.002563,0.000815
0,0.105289,-0.095557,-0.0472,-0.165948,-0.088285,-0.135652,0.001838,0.001668
0,0.121116,-0.153475,0.01914,-0.052382,0.038806,-0.061695,0.002114,0.002679
0,-0.143434,0.083809,-0.279946,0.25661,-0.2843,0.240395,0.002503,0.001463
0,-0.132695,0.102916,0.011635,0.042671,-0.005155,0.074852,0.002316,0.001796
0,-0.178668,0.068627,-0.054767,-0.021546,-0.010626,-0.066431,0.003118,0.001198
0,-0.014618,-0.093862,0.177956,-0.173637,0.207292,-0.151375,0.000255,0.001638
0,-0.131952,-0.068122,-0.136564,0.028683,-0.185621,0.039647,0.002303,0.001189
0,-0.022053,-0.103746,0.128046,-0.014594,0.122575,-0.058085,0.000385,0.001811
0,0.039183,-0.134903,0.049788,-0.015831,0.010219,0.011735,0.000684,0.002354
0,-0.12178,-0.053207,-0.140394,0.098525,-0.138361,0.114011,0.002125,0.000929
0,-0.178658,-0.097553,-0.070854,-0.023953,-0.021633,-0.045403,0.003118,0.001703
0,0.107251,-0.076803,0.288806,0.016322,0.320698,0.003786,0.001872,0.00134
0,-0.055815,-0.05887,-0.143388,0.01291,-0.122717,0.002546,0.000974,0.001027
0,-0.050935,-0.003146,0.013038,0.027424,-0.014912,0.004152,0.000889,5.5e-05
0,0.091751,-0.086498,0.123998,-0.097549,0.147878,-0.101154,0.001601,0.00151
0,0.158543,0.036672,0.049848,0.143045,0.068782,0.180579,0.002767,0.00064
0,0.042756,-0.212049,-0.133557,-0.260653,-0.140506,-0.239955,0.000746,0.003701
0,-0.056914,-0.03966,-0.090013,0.14558,-0.077345,0.152819,0.000993,0.000692
0,0.194229,-0.068005,0.278321,-0.007405,0.301543,-0.005513,0.00339,0.001187
0,0.04943,0.029035,-0.130489,0.113043,-0.158126,0.097936,0.000863,0.000507
0,0.160743,0.027313,0.104126,-0.025334,0.129627,-0.038958,0.002805,0.000477
0,0.01348,0.021755,-0.13742,0.022511,-0.124951,0.070804,0.000235,0.00038
0,0.052372,0.026369,0.034544,-0.013089,0.04171,0.026629,0.000914,0.00046
0,0.280445,-0.103151,0.209056,-0.157438,0.199198,-0.155378,0.004895,0.0018
0,0.161091,-0.201232,-0.10976,-0.092365,-0.102948,-0.138352,0.002812,0.003512
0,0.274681,-0.093338,0.124382,0.102335,0.149171,0.1267,0.004794,0.001629
0,0.26568,-0.211908,0.00121,-0.111165,-0.027454,-0.074781,0.004637,0.003698
0,0.135828,-0.095375,-0.146125,0.143782,-0.154574,0.187527,0.002371,0.001665
0,0.154596,-0.097272,-0.003841,-0.01434,0.016996,-0.035766,0.002698,0.001698
0,0.241789,-0.151168,0.100934,-0.083337,0.080913,-0.072008,0.00422,0.002638
0,0.093835,-0.142129,-0.119677,0.003463,-0.075117,-0.029087,0.001638,0.002481
0,0.259482,-0.024095,0.137426,0.110947,0.099066,0.120197,0.004529,0.000421
0,0.155996,-0.033726,-0.126268,-0.029202,-0.109552,-0.045598,0.002723,0.000589
0,0.256551,-0.14693,0.095985,-0.106667,0.04795,-0.12185,0.004478,0.002564
0,0.020271,0.08168,-0.239117,0.24854,-0.205286,0.202422,0.000354,0.001426
0,0.04784,0.08431,0.021865,-0.023283,-0.004413,-0.066564,0.000835,0.001471
0,0.257277,0.084165,0.20485,-0.011686,0.217168,0.029426,0.00449,0.001469
0,0.236004,0.063506,-0.039566,0.00402,-0.053547,-0.043275,0.004119,0.001108
0,0.045305,-0.128573,-0.183025,-0.17543,-0.179398,-0.223537,0.000791,0.002244
0,0.032311,-0.12287,-0.002151,0.018425,-0.042949,0.03753,0.000564,0.002144
0,0.109897,-0.125057,0.053601,-0.024611,0.014041,-0.019135,0.001918,0.002183
0,0.040955,0.082682,-0.05338,0.219132,-0.087646,0.260911,0.000715,0.001443
0,0.019183,-0.154585,-0.018571,-0.239072,0.028762,-0.21769,0.000335,0.002698
0,0.155626,-0.144541,0.111296,0.02143,0.079051,0.068426,0.002716,0.002523
0,0.198273,0.000474,0.064631,0.14067,0.114573,0.132644,0.003461,8e-06
0,0.075979,-0.041517,-0.131637,-0.017346,-0.085753,-0.028574,0.001326,0.000725
0,-0.045145,0.112991,-0.095018,0.168907,-0.125492,0.201922,0.000788,0.001972
0,-0.027307,0.033369,0.017512,-0.059866,0.034624,-0.101342,0.000477,0.000582
0,0.175713,-0.018563,0.182169,-0.042998,0.212791,-0.067348,0.003067,0.000324
0,0.026116,0.111628,-0.141477,0.144289,-0.091594,0.141182,0.000456,0.001948
0,0.001381,0.061703,-0.02234,-0.072747,-0.07115,-0.059194,2.4e-05,0.001077
0,0.130328,-0.033073,0.131268,-0.115176,0.090105,-0.143614,0.002275,0.000577
0,0.071346,0.123543,-0.064143,0.131177,-0.082977,0.13707,0.001245,0.002156
0,-0.010787,-0.110839,-0.093875,-0.21762,-0.089704,-0.204613,0.000188,0.001935
0,-0.092236,-0.178606,-0.083922,-0.06677,-0.043947,-0.029513,0.00161,0.003117
0,-0.055013,0.093725,0.052705,0.268363,0.016166,0.315036,0.00096,0.001636
0,0.020842,0.003252,0.070144,-0.060806,0.043962,-0.030618,0.000364,5.7e-05
0,0.071848,0.010734,0.07361,0.024155,0.041691,0.05764,0.001254,0.000187
0,0.098299,-0.020682,0.050646,-0.029548,0.019961,0.008754,0.001716,0.000361
0,0.051218,0.156329,-0.051875,0.183083,-0.076218,0.157749,0.000894,0.002728
0,-0.083149,-0.096816,-0.153544,-0.237157,-0.119621,-0.266408,0.001451,0.00169
0,-0.003165,0.152351,0.097626,0.225119,0.055787,0.200253,5.5e-05,0.002659
0,-0.109792,0.156401,-0.127333,0.010297,-0.163892,-0.025182,0.001916,0.00273
0,0.035474,-0.042305,0.146259,-0.186552,0.124692,-0.149393,0.000619,0.000738
0,0.056871,0.132554,-0.004392,0.175306,-0.040549,0.142018,0.000993,0.002314
0,0.00389,-0.139007,-0.080664,-0.261271,-0.061677,-0.269683,6.8e-05,0.002426
0,-0.027148,-0.012179,-0.04179,0.130098,-0.003051,0.142766,0.000474,0.000213
0,-0.105747,-0.185833,-0.057952,-0.173068,-0.083975,-0.193015,0.001846,0.003243
0,0.13528,-0.030781,0.245329,0.155445,0.241405,0.107293,0.002361,0.000537
0,-0.027373,-0.030325,-0.169805,0.027599,-0.149493,0.025443,0.000478,0.000529
0,0.131665,-0.178014,0.165129,-0.137281,0.146885,-0.108152,0.002298,0.003107
0,0.119776,-0.15922,-0.0292,0.022597,-0.05498,-0.023719,0.00209,0.002779
0,-0.054089,0.025994,-0.172156,0.170991,-0.198159,0.198623,0.000944,0.000454
0,0.00757,0.05837,0.032065,0.029828,0.053083,0.063246,0.000132,0.001019
0,0.13754,0.076351,0.125932,0.03002,0.16748,0.009363,0.002401,0.001333
0,0.188923,-0.074284,0.044696,-0.139147,0.006253,-0.185923,0.003297,0.001296
0,0.118123,-0.038163,-0.045579,0.049114,-0.007653,0.049113,0.002062,0.000666
0,0.048401,-0.121815,-0.081296,-0.101706,-0.070462,-0.118945,0.000845,0.002126
0,-0.061635,0.065055,-0.099842,0.186985,-0.120042,0.215365,0.001076,0.001135
0,0.152737,-0.081383,0.229723,-0.149933,0.240855,-0.189369,0.002666,0.00142
0,-0.074632,0.01215,-0.249753,0.088581,-0.222973,0.049239,0.001303,0.000212
0,-0.044169,-0.061081,0.022808,-0.062576,0.046685,-0.0489,0.000771,0.001066
0,0.181929,-0.182332,0.24168,-0.132317,0.2256,-0.165393,0.003175,0.003182
0,0.238823,-0.13169,0.041247,0.056398,0.068135,0.054703,0.004168,0.002298
0,0.079142,-0.104838,-0.170858,0.038927,-0.220178,0.043428,0.001381,0.00183
0,0.087339,0.078348,0.012137,0.187917,0.00207,0.175396,0.001524,0.001367
0,-0.003385,-0.146409,-0.10831,-0.236978,-0.138843,-0.24415,5.9e-05,0.002555
0,0.013823,0.051141,0.034981,0.201745,-0.010779,0.199159,0.000241,0.000893
0,0.079552,-0.120938,0.038953,-0.185981,0.055441,-0.168882,0.001388,0.002111
0,-0.143756,-0.021899,-0.225178,0.070114,-0.245897,0.107558,0.002509,0.000382
0,0.039701,0.015481,0.170582,0.017488,0.206039,0.057263,0.000693,0.00027
0,-0.072719,-0.137213,-0.126277,-0.161197,-0.113082,-0.117947,0.001269,0.002395
0,-0.205802,-0.132304,-0.151288,-0.013804,-0.124524,0.017252,0.003592,0.002309
0,0.02558,-0.049554,0.241233,0.065369,0.263961,0.044944,0.000446,0.000865
0,-0.032207,-0.030117,-0.043562,0.04548,-0.076545,0.001914,0.000562,0.000526
0,-0.060685,0.076765,-0.04584,0.100107,-0.024156,0.082172,0.001059,0.00134
0,-0.09254,-0.02563,-0.044478,-0.129039,-0.081811,-0.165716,0.001615,0.000447
0,-0.18182,-0.197199,-0.089313,-0.160375,-0.129822,-0.113614,0.003173,0.003442
0,-0.045957,0.098379,0.123813,0.312895,0.077933,0.295456,0.000802,0.001717
0,-0.152295,-0.079549,-0.082376,-0.156516,-0.04058,-0.201499,0.002658,0.001388
0,-0.017849,0.08543,0.13257,0.183665,0.176374,0.219713,0.000312,0.001491
0,-0.181542,0.072109,-0.189729,-0.020916,-0.17606,-0.062186,0.003169,0.001259
0,-0.246655,0.01243,-0.046108,-0.086818,-0.077479,-0.056478,0.004305,0.000217
0,-0.062965,0.072686,0.179836,0.070898,0.229339,0.100948,0.001099,0.001269
0,-0.063459,-0.069678,-0.013674,-0.140656,-0.019775,-0.159972,0.001108,0.001216
0,-0.180973,-0.123191,-0.124255,-0.04486,-0.098423,-0.020631,0.003159,0.00215
0,-0.159619,0.017263,0.017337,0.123828,0.053234,0.16503,0.002786,0.000301
0,-0.203411,-0.014772,-0.05361,-0.020148,-0.103544,-0.0383,0.00355,0.000258
0,-0.181963,-0.150471,0.001974,-0.134859,-0.005986,-0.148188,0.003176,0.002626
0,-0.098217,-0.232273,0.06341,-0.055768,0.019074,-0.068861,0.001714,0.004054
0,-0.198512,0.070049,-0.088191,0.330517,-0.094894,0.324729,0.003465,0.001223
0,-0.269864,-0.015244,-0.067,-0.087156,-0.111004,-0.117896,0.00471,0.000266
0,0.057676,0.042581,0.327979,0.082741,0.304129,0.042943,0.001007,0.000743
0,-0.008858,0.050659,-0.077762,0.018952,-0.084549,0.025477,0.000155,0.000884
0,-0.114149,0.042249,-0.086807,0.018693,-0.062313,0.045933,0.001992,0.000737
0,-0.015702,0.024425,0.115445,0.003647,0.095403,0.05271,0.000274,0.000426
0,-0.033951,-0.01229,-0.021088,-0.029036,-0.049193,0.009242,0.000593,0.000215
0,-0.1086,-0.004746,-0.07687,-8.3e-05,-0.060421,0.03427,0.001895,8.3e-05
0,-0.096605,0.107572,-0.009977,0.095854,0.001204,0.087764,0.001686,0.001877
0,0.045935,-0.032032,0.125167,-0.15217,0.102282,-0.186649,0.000802,0.000559
0,-1.595813,-1.119711,-1.634087,-1.060702,-1.587638,-1.024417,0.004349,0.003961
0,-2.152694,-1.432583,-0.574482,-0.339125,-0.590805,-0.387004,0.002317,0.0015
0,-1.830471,-1.802636,0.304347,-0.358325,0.280992,-0.375975,0.003307,0.003793
0,-1.526353,-1.624856,0.287266,0.189853,0.260584,0.193389,0.003136,0.004856
0,-1.244814,-1.672391,0.30435,-0.070104,0.298178,-0.02532,0.001777,0.005685
0,-1.013548,-1.347611,0.202739,0.306887,0.164445,0.262835,0.005814,1.7e-05
0,-0.556934,-1.127333,0.453379,0.212228,0.431391,0.189461,0.002031,0.003828
0,-0.286294,-1.071528,0.283931,0.043678,0.237713,0.088057,0.004997,0.004802
0,0.001559,-0.689087,0.263754,0.410721,0.239707,0.410114,2.7e-05,0.000275
0,0.135252,-0.212493,0.14838,0.460171,0.138169,0.452072,0.002361,0.003709
0,0.250908,-0.056989,0.098709,0.149266,0.064595,0.122553,0.004379,0.000995
0,0.358691,-0.178376,0.088155,-0.09847,0.098402,-0.107071,0.005491,0.003113
0,0.356853,0.116028,0.017965,0.26954,0.012412,0.288426,0.005523,0.002025
0,0.278863,-0.069926,-0.089237,-0.167677,-0.105031,-0.178945,0.004867,0.00122
0,0.067082,0.180808,-0.220877,0.270496,-0.266157,0.315079,0.001171,0.003156
0,0.015342,0.200073,-0.077244,0.001574,-0.031264,0.013444,0.000268,0.003492
0,-0.051755,0.110836,-0.05615,-0.070888,-0.031738,-0.043817,0.000903,0.001934
0,0.055928,0.075668,0.115599,-0.063872,0.102305,-0.045795,0.000976,0.001321
0,0.056403,0.155159,-0.018948,0.096134,0.006303,0.091812,0.000984,0.002708
0,-0.020512,0.069794,-0.104077,-0.073889,-0.0597,-0.119492,0.000358,0.001218
0,0.013336,-0.020564,0.022576,-0.077947,-0.018181,-0.11165,0.000233,0.000359
0,0.061431,0.055911,0.039626,0.058339,0.032051,0.100097,0.001072,0.000976
0,0.166446,0.082713,0.089461,-0.002331,0.113731,0.045979,0.002905,0.001444
0,-0.699822,-0.535559,-0.85076,-0.645916,-0.873215,-0.646967,0.000463,0.002404
0,-1.124102,-0.850691,-0.399173,-0.341492,-0.398798,-0.381059,0.003884,0.003096
0,-1.75141,-1.203153,-0.627808,-0.362236,-0.632819,-0.322247,0.004687,0.002504
0,-1.523542,-1.464327,0.231325,-0.276658,0.23175,-0.255886,0.003087,0.002054
0,-1.302481,-1.437214,0.191076,0.013331,0.206576,-0.027833,0.000771,0.001581
0,-1.200167,-1.359024,0.103402,0.049348,0.065843,0.061818,0.002557,0.000216
0,-0.959412,-1.155273,0.258932,0.232459,0.250424,0.255621,0.004993,0.00334
0,-0.441925,-0.935976,0.49746,0.238663,0.526766,0.229298,0.004039,0.004584
0,-0.525645,-0.62834,-0.082947,0.29109,-0.05106,0.30325,0.002577,0.000785
0,-0.216633,-0.54433,0.283512,0.061616,0.314205,0.0275,0.003781,0.002251
0,0.035872,-0.392104,0.254003,0.174223,0.205707,0.217382,0.000626,0.004908
0,0.124704,-0.154856,0.081435,0.248208,0.131411,0.222341,0.002176,0.002703
0,0.038742,0.002826,-0.085299,0.148479,-0.108416,0.194444,0.000676,4.9e-05
0,0.066167,0.331798,0.052361,0.301267,0.099532,0.280427,0.001155,0.005791
0,0.014717,0.278872,-0.074939,-0.07203,-0.117982,-0.073035,0.000257,0.004867
0,0.02726,0.060009,0.032752,-0.241846,0.072123,-0.251606,0.000476,0.001047
0,0.151318,0.076313,0.140672,0.035675,0.115899,0.014467,0.002641,0.001332
0,-0.025762,0.19084,-0.148695,0.086343,-0.174919,0.094051,0.00045,0.003331
0,-2.386116,1.666494,-2.372413,1.48385,-2.362951,1.491899,0.005361,0.005582
0,-4.148534,1.431799,-1.778487,-0.241809,-1.73822,-0.28098,0.001895,0.001486
0,-4.647555,1.725302,-0.481525,0.270577,-0.48674,0.245648,0.001147,0.005143
0,-4.820453,1.535294,-0.198348,-0.199572,-0.153304,-0.162543,0.001871,0.003293
0,-3.999313,1.676002,0.817274,0.150339,0.810174,0.122148,0.000709,0.005748
0,-2.848924,1.442969,1.167586,-0.21392,1.152447,-0.210824,0.002716,0.001681
0,-2.523312,1.100869,0.354509,-0.35599,0.343086,-0.335905,0.002967,0.00429
0,-2.227298,0.676046,0.305966,-0.444584,0.293311,-0.40042,0.003619,4.8e-05
0,-1.497093,0.484658,0.751805,-0.178388,0.78143,-0.215211,0.002626,0.003293
0,-0.904073,0.153336,0.615731,-0.356953,0.60616,-0.401465,0.004027,0.002676
0,-0.422053,0.14122,0.468808,-0.016852,0.423626,-0.012168,0.004385,0.002465
0,0.058013,0.047821,0.491807,-0.104247,0.523426,-0.138344,0.001013,0.000835
0,0.150223,0.144272,0.074882,0.072928,0.087064,0.059322,0.002622,0.002518
0,0.145869,0.165183,0.012885,0.007152,0.023307,0.022981,0.002546,0.002883
0,0.168399,0.027843,0.037688,-0.161871,0.053425,-0.176138,0.002939,0.000486
0,0.302786,0.154525,0.137265,0.123078,0.088948,0.141885,0.005285,0.002697
0,-1.881206,0.588932,-2.163645,0.421288,-2.195637,0.384974,0.002422,0.001473
0,-3.366997,1.967513,-1.500334,1.371547,-1.497175,1.384483,7e-06,0.000916
0,-2.985396,1.982618,0.375743,0.037729,0.421631,0.061247,0.005098,0.000652
0,-3.224361,2.162423,-0.244743,0.154082,-0.253365,0.135881,0.002483,0.002486
0,-3.379821,1.963354,-0.18275,-0.175648,-0.15194,-0.185818,0.000231,0.000988
0,-3.376515,1.499351,-0.015282,-0.492245,-0.02457,-0.455785,0.000173,0.002665
0,-2.330996,1.016429,1.048078,-0.461684,1.075709,-0.423105,0.005428,0.005763
0,-1.651299,0.695864,0.65263,-0.338928,0.682964,-0.329504,0.005317,0.000393
0,-1.312866,0.319398,0.322281,-0.371922,0.358759,-0.327752,0.00059,0.005575
0,-0.952498,0.067703,0.3728,-0.265602,0.34809,-0.217911,0.004873,0.001182
0,-0.586383,-0.125104,0.374468,-0.180055,0.37697,-0.199718,0.001517,0.002183
0,-0.264443,-0.062176,0.293295,0.072433,0.306393,0.066267,0.004615,0.001085
0,0.067471,-0.187745,0.33289,-0.111357,0.365485,-0.128965,0.001178,0.003277
0,-0.027778,-0.074755,-0.115353,0.109492,-0.068346,0.154233,0.000485,0.001305
0,0.263832,-0.179334,0.315719,-0.083096,0.275839,-0.129392,0.004605,0.00313
0,0.269702,-0.287057,0.026501,-0.121259,-0.015577,-0.130995,0.004707,0.00501
0,0.365083,-0.233716,0.105924,0.039334,0.122814,0.033503,0.00538,0.004079
0,0.446385,-0.159536,0.059514,0.05312,0.071221,0.012958,0.003961,0.002784
0,0.142755,-0.378779,-0.325118,-0.210995,-0.281101,-0.254327,0.002492,0.005141
0,0.055714,-0.310708,-0.086073,0.039538,-0.127465,0.011481,0.000972,0.005423
0,0.005587,-0.217654,-0.057457,0.109001,-0.049267,0.072862,9.8e-05,0.003799
0,0.151597,-0.211012,0.11634,0.031047,0.143027,0.000639,0.002646,0.003683
0,0.052744,0.041317,-0.087229,0.252688,-0.076395,0.245944,0.000921,0.000721
0,0.062865,0.006302,0.017816,-0.055073,-0.018435,-0.059767,0.001097,0.00011
0,0.172618,0.062356,0.134129,0.047831,0.088309,0.074427,0.003013,0.001088
0,0.109347,-0.12838,-0.091569,-0.181464,-0.131891,-0.15426,0.001908,0.002241
0,-0.101183,-0.193268,-0.207383,-0.077506,-0.24738,-0.089565,0.001766,0.003373
0,0.116573,0.046763,0.199958,0.261843,0.192868,0.287692,0.002035,0.000816
0,0.010346,0.051114,-0.08223,-0.013425,-0.104512,-0.019955,0.000181,0.000892
0,-0.049391,-0.189802,-0.067334,-0.266994,-0.099177,-0.305968,0.000862,0.003313
0,0.071103,-0.109394,0.120124,0.106575,0.163321,0.127444,0.001241,0.001909
0,0.20442,-0.027569,0.105089,0.059612,0.120939,0.09692,0.003568,0.000481
0,0.024213,0.051003,-0.206242,0.056815,-0.190114,0.040935,0.000423,0.00089
0,0.088988,-0.147487,0.03808,-0.20503,0.003067,-0.179926,0.001553,0.002574
0,0.116128,0.089323,0.007369,0.262036,-0.0042,0.248941,0.002027,0.001559
0,0.079108,0.034925,-0.053394,-0.050941,-0.09223,-0.085403,0.001381,0.00061
0,0.230237,0.069238,0.144787,0.022753,0.099985,0.046736,0.004018,0.001208
0,0.04207,-0.047677,-0.158745,-0.135282,-0.173458,-0.119081,0.000734,0.000832
0,0.27988,-0.217728,0.250189,-0.14741,0.284528,-0.125909,0.004885,0.0038
0,0.103022,-0.045207,-0.157191,0.193897,-0.19679,0.199993,0.001798,0.000789
0,0.03782,-0.052277,-0.062609,-0.015557,-0.016275,0.017028,0.00066,0.000912
0,0.064712,0.10238,0.019811,0.16662,0.060808,0.12071,0.001129,0.001787
0,0.114249,0.099899,0.025361,0.008385,-0.014147,-0.010136,0.001994,0.001744
0,0.185119,0.13566,0.071559,0.007027,0.053201,-0.030363,0.003231,0.002368
0,-0.117158,-0.146204,-0.295779,-0.25932,-0.275346,-0.241651,0.002045,0.002552
0,0.119179,-0.049606,0.242398,0.077349,0.205069,0.10845,0.00208,0.000866
0,-0.058728,0.096636,-0.186658,0.14908,-0.144422,0.121132,0.001025,0.001687
0,-0.046283,-0.127635,0.035499,-0.208055,0.034078,-0.243325,0.000808,0.002228
0,0.058955,-0.080147,0.12083,0.049507,0.14789,0.088267,0.001029,0.001399
0,0.133858,0.124391,0.058107,0.216338,0.032534,0.168043,0.002336,0.002171
0,-0.093671,-0.13153,-0.221413,-0.228925,-0.188296,-0.226965,0.001635,0.002296
0,0.02228,0.126809,0.090322,0.257556,0.067507,0.215129,0.000389,0.002213
0,-0.071746,-0.073753,-0.101838,-0.209391,-0.058737,-0.215256,0.001252,0.001287
0,0.049242,0.038029,0.123366,0.116595,0.073432,0.098109,0.000859,0.000664
0,-0.111049,0.041957,-0.137929,-0.000767,-0.113156,0.037324,0.001938,0.000732
0,0.026977,0.01983,0.119768,-0.012567,0.097417,-0.02055,0.000471,0.000346
0,0.04166,0.058426,0.031235,0.067008,0.073638,0.044569,0.000727,0.00102
0,0.18319,0.1289,0.114205,0.045443,0.088851,0.053443,0.003197,0.00225
0,0.046419,0.127537,-0.118536,-0.000643,-0.12216,0.012699,0.00081,0.002226
0,0.178123,0.052579,0.14375,-0.062293,0.147537,-0.024095,0.003109,0.000918
0,-0.099762,-0.042812,-0.24945,-0.112733,-0.23923,-0.083289,0.001741,0.000747
0,-0.072343,0.034982,0.046141,0.098774,0.080235,0.095196,0.001263,0.000611
0,0.055688,0.139254,0.139362,0.103567,0.169898,0.072195,0.000972,0.00243
0,-0.123892,0.044779,-0.209515,-0.090214,-0.198547,-0.120384,0.002162,0.000782
0,-0.179265,0.099391,-0.060215,0.071606,-0.102383,0.062128,0.003129,0.001735
0,-0.095568,0.119483,0.088158,0.039926,0.080446,0.018397,0.001668,0.002085
0,0.103827,-0.070806,0.191035,-0.1749,0.16078,-0.185368,0.001812,0.001236
0,-0.159716,-0.041929,-0.265371,0.003784,-0.313108,-0.005519,0.002788,0.000732
0,0.024115,-0.031252,0.199622,0.027864,0.185843,-0.007297,0.000421,0.000545
0,0.000199,0.03,-0.052267,0.073099,-0.024958,0.05258,3e-06,0.000524
0,0.003272,0.066197,-0.026598,0.029563,0.015679,-0.013878,5.7e-05,0.001155
0,0.02615,0.18423,0.008357,0.12607,0.021823,0.136053,0.000456,0.003215
0,-0.020162,0.06926,-0.05866,-0.140531,-0.068636,-0.154625,0.000352,0.001209
0,-0.007783,0.090713,0.016625,0.042488,0.004372,0.001711,0.000136,0.001583
0,0.033331,-0.043586,0.027793,-0.105676,0.017004,-0.08659,0.000582,0.000761
0,0.107041,-0.087622,0.081092,-0.035971,0.096108,-0.047405,0.001868,0.001529
0,0.13062,-0.087972,0.043477,0.025787,0.073474,0.041833,0.00228,0.001535
0,0.038737,-0.098829,-0.106845,-0.012642,-0.089646,-0.053079,0.000676,0.001725
0,-0.041925,-0.056718,-0.103505,0.016938,-0.097355,0.032252,0.000732,0.00099
0,0.088016,0.068431,0.134517,0.111421,0.14334,0.089655,0.001536,0.001194
0,-0.076538,-0.052344,-0.16857,-0.146402,-0.189057,-0.193124,0.001336,0.000914
0,0.069686,0.131356,0.172094,0.179294,0.123508,0.204676,0.001216,0.002293
0,0.036187,-0.047413,-0.029866,-0.169944,-0.004145,-0.174103,0.000632,0.000828
0,-0.183694,-0.014948,-0.212772,0.027804,-0.217599,0.026823,0.003206,0.000261
0,-0.001563,-0.086651,0.166849,-0.09529,0.121672,-0.101295,2.7e-05,0.001512
0,0.119959,-0.112311,0.122852,-0.034789,0.111611,0.000176,0.002094,0.00196
0,0.119659,-0.038398,-0.015299,0.074478,-0.0642,0.061147,0.002088,0.00067
0,0.142,-0.18177,0.036241,-0.142078,0.065163,-0.12373,0.002478,0.003172
0,0.019344,-0.187153,-0.142277,0.022791,-0.10167,0.022911,0.000338,0.003266
0,0.135285,0.070146,0.120396,0.246433,0.125698,0.234749,0.002361,0.001224
0,-0.012002,-0.155761,-0.139737,-0.253043,-0.116494,-0.261931,0.000209,0.002719
0,-0.066605,0.036978,-0.078354,0.208886,-0.067255,0.163636,0.001162,0.000645
0,-0.106845,0.094566,-0.016319,0.042289,-0.008262,0.055543,0.001865,0.00165
0,-0.025892,0.040091,0.075569,-0.05504,0.04628,-0.100207,0.000452,0.0007
0,-0.017037,0.18956,0.026507,0.129134,0.07114,0.173872,0.000297,0.003308
0,0.004867,0.055749,-0.006594,-0.129331,-0.054147,-0.138105,8.5e-05,0.000973
0,0.199703,-0.039488,0.197089,-0.093307,0.234226,-0.058346,0.003485,0.000689
0,0.108704,-0.009111,-0.107596,0.009315,-0.128963,-0.035109,0.001897,0.000159
0,0.193892,-0.088255,0.061384,-0.064142,0.014958,-0.071595,0.003384,0.00154
0,0.246174,0.036701,0.044989,0.102825,0.048859,0.05937,0.004297,0.000641
0,0.346212,0.146642,0.097667,0.111434,0.079537,0.155406,0.005709,0.002559
0,0.131398,0.085505,-0.210907,-0.045345,-0.223412,-0.043489,0.002293,0.001492
0,0.10317,-0.116952,-0.052197,-0.208236,-0.026806,-0.249163,0.001801,0.002041
0,0.176284,0.006014,0.083644,0.137321,0.044372,0.096061,0.003077,0.000105
0,0.083778,-0.073905,-0.078636,-0.057795,-0.036151,-0.055943,0.001462,0.00129
0,0.173182,0.088906,0.108746,0.133027,0.064724,0.16243,0.003023,0.001552
0,0.229728,0.137565,0.078833,0.051114,0.112546,0.070784,0.00401,0.002401
0,0.135065,-0.047752,-0.099271,-0.196892,-0.060276,-0.243407,0.002357,0.000833
0,-0.017292,0.004254,-0.161958,0.035898,-0.197938,0.010399,0.000302,7.4e-05
0,0.223974,-0.100139,0.26182,-0.080531,0.220905,-0.04187,0.003909,0.001748
0,-0.051812,-0.003042,-0.246199,0.073298,-0.242243,0.12206,0.000904,5.3e-05
0,0.107366,0.153993,0.147526,0.132774,0.181116,0.083643,0.001874,0.002688
0,0.001276,0.097594,-0.090923,-0.065047,-0.132163,-0.075455,2.2e-05,0.001703
0,-0.078036,0.068721,-0.105688,-0.015659,-0.074244,-0.033079,0.001362,0.001199
0,0.106861,-0.047546,0.181945,-0.103371,0.159145,-0.062457,0.001865,0.00083
0,-0.053583,-0.056707,-0.163092,-0.032589,-0.165085,-0.003377,0.000935,0.00099
0,0.052138,-0.049509,0.114956,-0.015752,0.135593,-0.008567,0.00091,0.000864
0,-0.054702,-0.043675,-0.090919,-0.018499,-0.074014,-0.01865,0.000955,0.000762
0,-0.116844,0.023845,-0.05816,0.062331,-0.040471,0.021001,0.002039,0.000416
0,0.002802,-0.093633,0.13779,-0.111411,0.088196,-0.131805,4.9e-05,0.001634
0,-0.179451,0.110904,-0.166992,0.211046,-0.183034,0.241957,0.003132,0.001936
0,0.111353,0.071353,0.268677,-0.058852,0.316091,-0.012124,0.001943,0.001245
0,-0.100773,0.041982,-0.238404,-0.050189,-0.269498,-0.069823,0.001759,0.000733
0,0.077384,-0.063686,0.201207,-0.085849,0.249392,-0.093109,0.001351,0.001112
0,-0.162777,0.118885,-0.240838,0.205712,-0.284992,0.243484,0.002841,0.002075
0,0.054346,-0.057789,0.246182,-0.165766,0.241561,-0.135129,0.000949,0.001009
0,-0.131874,0.049166,-0.195405,0.091369,-0.196283,0.067171,0.002302,0.000858
0,0.076099,0.11479,0.194035,0.048203,0.232035,0.07394,0.001328,0.002003
0,-0.009686,-0.020546,-0.102449,-0.161168,-0.072792,-0.122503,0.000169,0.000359
0,-0.044825,-0.067808,-0.048186,-0.028067,-0.015632,-0.04285,0.000782,0.001183
0,0.045268,0.085498,0.080477,0.124712,0.092133,0.171086,0.00079,0.001492
0,-0.025441,0.055083,-0.066406,-0.001259,-0.079688,0.043755,0.000444,0.000961
0,-0.067274,0.084567,-0.037229,0.00219,-0.082141,-0.038277,0.001174,0.001476
0,0.021655,-0.055209,0.059069,-0.153032,0.04755,-0.182163,0.000378,0.000964
0,-0.080365,-0.11129,-0.088783,-0.062921,-0.048335,-0.038723,0.001403,0.001942
0,-0.17251,0.111909,-0.111923,0.212096,-0.143237,0.228989,0.003011,0.001953
0,-0.228173,-0.026405,-0.071984,-0.109809,-0.07876,-0.07477,0.003982,0.000461
0,-0.200459,0.071522,0.043574,0.114208,-0.001853,0.122706,0.003499,0.001248
0,-0.084501,0.097224,0.108087,0.019111,0.072572,0.020712,0.001475,0.001697
0,-0.083696,-0.012384,-0.007424,-0.114692,0.004175,-0.067173,0.001461,0.000216
0,-0.154725,-0.08356,-0.084599,-0.084366,-0.101599,-0.078938,0.0027,0.001458
0,-0.097406,0.099357,0.071472,0.19434,0.11474,0.184707,0.0017,0.001734
0,-0.119506,-0.081092,0.00449,-0.190983,0.036314,-0.184789,0.002086,0.001415
0,0.053698,0.064933,0.167049,0.116863,0.155384,0.120378,0.000937,0.001133
0,-0.004862,-0.004745,-0.080215,-0.04857,-0.080944,-0.032499,8.5e-05,8.3e-05
0,-0.206893,0.013488,-0.180963,0.029146,-0.137108,0.000716,0.003611,0.000235
0,0.000318,0.069457,0.217537,0.038641,0.203466,-0.009251,6e-06,0.001212
0,-0.015224,-0.116025,0.003907,-0.179321,-0.020505,-0.135195,0.000266,0.002025
0,0.05966,0.038268,0.079113,0.145841,0.032658,0.136935,0.001041,0.000668
0,-0.06027,0.027314,-0.091182,-0.024811,-0.116746,-0.030796,0.001052,0.000477
0,0.064225,0.128647,0.128812,0.130608,0.122896,0.14659,0.001121,0.002245
0,-0.142647,0.002601,-0.236163,-0.097347,-0.242084,-0.138686,0.00249,4.5e-05
0,0.061467,-0.027821,0.194315,-0.045438,0.163146,-0.011993,0.001073,0.000486
0,-0.12158,-0.160706,-0.191825,-0.11591,-0.232121,-0.155929,0.002122,0.002805
0,-0.143095,-0.096521,0.005589,0.074538,0.004622,0.087729,0.002497,0.001685
0,-0.047069,0.103192,0.089187,0.189494,0.118599,0.141165,0.000822,0.001801
0,-0.064889,-0.009248,-0.002799,-0.132719,0.008081,-0.121338,0.001133,0.000161
0,0.00479,0.01337,0.065645,-0.004536,0.11394,-0.023298,8.4e-05,0.000233
0,0.051684,-0.095007,0.064183,-0.085492,0.082026,-0.070285,0.000902,0.001658
0,0.176229,0.03476,0.138759,0.115521,0.142853,0.13292,0.003076,0.000607
0,-0.066102,0.075088,-0.213658,0.016203,-0.214461,0.021797,0.001154,0.001311
0,0.006293,0.137498,0.061566,0.069714,0.041406,0.087374,0.00011,0.0024
0,0.033314,-0.130761,0.016931,-0.272747,0.016566,-0.322633,0.000581,0.002282
0,0.032415,-0.101048,-0.024338,0.016564,0.002432,0.007782,0.000566,0.001764
0,0.076211,0.060697,0.018212,0.165418,0.01792,0.154391,0.00133,0.001059
0,0.084442,-0.030326,0.024885,-0.094871,0.004568,-0.098206,0.001474,0.000529
0,-0.108532,-0.06442,-0.21313,-0.026098,-0.202119,-0.050232,0.001894,0.001124
0,-0.042042,0.01115,0.085416,0.059794,0.117488,0.037296,0.000734,0.000195
0,-0.027014,-0.128578,-0.002743,-0.141625,-0.022873,-0.100301,0.000471,0.002244
0,0.003887,0.06165,0.02333,0.182162,0.037786,0.169856,6.8e-05,0.001076
0,0.091391,-0.017523,0.084415,-0.074262,0.03945,-0.063908,0.001595,0.000306
0,0.006082,0.048753,-0.088283,0.052595,-0.062821,0.009902,0.000106,0.000851
0,-0.000912,0.135772,-0.028569,0.070093,-0.056698,0.041362,1.6e-05,0.00237
0,-0.012204,0.005698,1.3e-05,-0.105777,0.027478,-0.102819,0.000213,9.9e-05
0,-0.100191,-0.166549,-0.062122,-0.187133,-0.028196,-0.177104,0.001749,0.002907
0,-0.042961,0.071149,0.038855,0.254409,0.018979,0.211902,0.00075,0.001242
0,0.017222,0.032334,0.07729,-0.014748,0.054954,-0.023908,0.000301,0.000564
0,0.101164,-0.175626,0.072497,-0.217078,0.053991,-0.200091,0.001766,0.003065
0,0.135541,-0.03786,0.015015,0.137118,-0.006629,0.097003,0.002366,0.000661
0,0.130879,-0.123104,-0.031229,-0.067589,0.00772,-0.113464,0.002284,0.002149
0,0.038881,-0.069728,-0.089312,0.03395,-0.126879,0.035409,0.000679,0.001217
0,0.07419,0.08658,0.028265,0.170104,0.044621,0.136331,0.001295,0.001511
0,0.02371,-0.058568,-0.072797,-0.132064,-0.083505,-0.126426,0.000414,0.001022
0,0.036384,-0.087173,0.013568,-0.057109,0.005773,-0.015298,0.000635,0.001521
0,-0.110738,-0.130863,-0.160574,-0.04711,-0.178171,-0.044845,0.001933,0.002284
0,0.119736,0.074461,0.206582,0.182912,0.166028,0.147332,0.00209,0.0013
0,-0.082189,-0.005613,-0.207486,-0.09618,-0.249537,-0.137614,0.001434,9.8e-05
0,-0.035225,-0.007157,0.066302,-0.011708,0.03242,-0.031878,0.000615,0.000125
0,-0.036991,-0.202342,0.015427,-0.187222,-0.034499,-0.206347,0.000646,0.003532
0,-0.030328,-0.113792,0.019429,0.076878,-0.000422,0.110561,0.000529,0.001986
0,0.015039,-0.033835,0.059511,0.086968,0.059965,0.105339,0.000262,0.000591
0,-0.061873,0.033514,-0.080632,0.070233,-0.030821,0.090578,0.00108,0.000585
0,0.010548,-0.236806,0.088123,-0.296932,0.128846,-0.302696,0.000184,0.004133
0,0.124361,-0.15879,0.095828,0.050856,0.126854,0.084321,0.002171,0.002771
0,-0.041048,0.017097,-0.172153,0.197376,-0.152687,0.242969,0.000716,0.000298
0,-0.105581,-0.203048,-0.066211,-0.194764,-0.02508,-0.159576,0.001843,0.003544
0,0.064915,-0.002648,0.178793,0.205447,0.134392,0.160032,0.001133,4.6e-05
0,0.039415,-0.202513,-0.049798,-0.192922,-0.022962,-0.212485,0.000688,0.003535
0,0.092288,-0.174533,0.0549,0.053257,0.034162,0.073315,0.001611,0.003046
0,-0.041177,-0.060808,-0.109794,0.111354,-0.115897,0.110134,0.000719,0.001061
0,0.056086,0.032059,0.069014,0.092119,0.112721,0.095017,0.000979,0.00056
0,0.06535,0.044887,-0.002342,0.014014,-0.045064,-0.006338,0.001141,0.000783
0,-0.005482,-0.001395,-0.053224,-0.07259,-0.088177,-0.037214,9.6e-05,2.4e-05
0,0.054948,-0.163611,0.043017,-0.135391,0.008821,-0.16852,0.000959,0.002856
0,-0.066237,-0.034758,-0.129424,0.144804,-0.105372,0.162356,0.001156,0.000607
0,0.021043,-0.150772,0.090739,-0.102574,0.120358,-0.142764,0.000367,0.002631
0,-0.113143,-0.077975,-0.105908,0.071992,-0.081774,0.063356,0.001975,0.001361
0,0.015922,0.004734,0.142604,0.06153,0.11762,0.049292,0.000278,8.3e-05
0,-0.08684,-0.077862,-0.083963,-0.067496,-0.040886,-0.108777,0.001516,0.001359
0,-0.118845,-0.143428,-0.013458,-0.072642,-0.052346,-0.02819,0.002074,0.002503
0,-0.093393,-0.038133,0.038381,0.104234,0.005432,0.115426,0.00163,0.000666
0,0.121672,-0.03984,0.242015,0.00174,0.283665,-0.020021,0.002124,0.000695
0,-0.0143,-0.004595,-0.144337,0.064094,-0.12642,0.035192,0.00025,8e-05
0,-0.045758,0.014287,-0.028872,0.035226,0.009648,0.085149,0.000799,0.000249
0,-0.005049,0.046033,0.047697,0.010281,0.051794,-0.010551,8.8e-05,0.000803
0,-0.092794,0.078222,-0.10998,0.007182,-0.156497,0.052615,0.00162,0.001365
0,0.013128,-0.059056,0.091746,-0.134757,0.123537,-0.118075,0.000229,0.001031
0,-0.065827,-0.042919,-0.080686,0.037291,-0.110139,0.032283,0.001149,0.000749
0,0.110786,0.032866,0.170782,0.073365,0.154538,0.097892,0.001934,0.000574
0,-0.01806,-0.022946,-0.120723,-0.055381,-0.108726,-0.032803,0.000315,0.0004
0,-0.017587,0.118912,-0.00919,0.123373,0.006048,0.168969,0.000307,0.002075
0,0.041497,0.04418,0.03341,-0.051318,0.076016,-0.076643,0.000724,0.000771
0,-0.081939,-0.168435,-0.127325,-0.186052,-0.172104,-0.18068,0.00143,0.00294
0,-0.02608,-0.116686,0.057433,0.076357,0.060425,0.119225,0.000455,0.002037
0,-0.118703,-0.067663,-0.070306,0.037477,-0.025821,0.006514,0.002072,0.001181
0,0.089544,-0.198766,0.215491,-0.128727,0.212523,-0.152628,0.001563,0.003469
0,-0.05099,-0.184787,-0.162785,0.031343,-0.199609,0.071889,0.00089,0.003225
0,-0.036065,-0.106234,-0.014863,0.103789,-0.012201,0.109685,0.000629,0.001854
0,-0.014131,-0.03887,0.036535,0.043317,0.038942,-8.2e-05,0.000247,0.000678
0,0.046193,-0.032948,0.078512,-0.000102,0.039015,-0.0439,0.000806,0.000575
0,-0.121526,-0.064288,-0.151373,-0.050334,-0.154199,-0.094889,0.002121,0.001122
0,0.112269,0.109963,0.251232,0.163052,0.205181,0.122459,0.001959,0.001919
0,0.083205,-0.166303,-0.050526,-0.303023,-0.090531,-0.308542,0.001452,0.002903
0,0.146377,0.039526,0.038179,0.213431,0.043379,0.236071,0.002555,0.00069
0,-0.01915,0.070824,-0.17554,0.026901,-0.193167,0.041471,0.000334,0.001236
0,0.014466,-0.058437,0.052907,-0.132048,0.050206,-0.090191,0.000252,0.00102
0,0.093826,-0.081822,0.087471,-0.025369,0.104058,-0.051224,0.001638,0.001428
0,0.137018,-0.033815,0.015665,0.063571,0.057223,0.084485,0.002391,0.00059
0,0.051144,-0.054143,-0.10748,0.006615,-0.101193,-0.043164,0.000893,0.000945
0,0.065165,-0.047949,-0.011445,0.016771,0.032443,0.021503,0.001137,0.000837
0,0.150826,-0.010874,0.097834,0.013581,0.121765,0.025996,0.002632,0.00019
0,0.122582,-0.072461,-0.013587,-0.040328,-0.012472,-0.033426,0.002139,0.001265
0,0.152942,-0.158625,0.059937,-0.065952,0.011397,-0.096933,0.002669,0.002769
0,-0.124521,0.083539,-0.295959,0.24042,-0.283457,0.211333,0.002173,0.001458
0,0.084656,0.095355,0.185822,0.013719,0.190492,-0.007467,0.001478,0.001664
0,-0.031222,-0.083711,-0.109665,-0.166286,-0.096401,-0.17372,0.000545,0.001461
0,0.072142,0.003579,0.111238,0.069077,0.10957,0.118626,0.001259,6.2e-05
0,-0.021744,-0.120931,-0.099134,-0.146096,-0.071929,-0.193274,0.000379,0.002111
0,0.135584,-0.136345,0.178523,-0.011412,0.197693,0.030161,0.002366,0.00238
0,-0.031771,-0.114548,-0.172874,0.051421,-0.219929,0.007742,0.000555,0.001999
0,0.188015,0.071466,0.196987,0.194897,0.157184,0.21259,0.003281,0.001247
0,0.19204,0.147403,-0.006389,0.104768,-0.041588,0.131437,0.003352,0.002573
0,0.017904,0.031368,-0.192712,-0.107755,-0.146429,-0.100674,0.000312,0.000547
0,0.247505,-0.110162,0.221052,-0.11624,0.235837,-0.140344,0.00432,0.001923
0,0.17884,-0.013832,-0.071558,0.087462,-0.074633,0.074682,0.003121,0.000241
0,-0.009286,0.094287,-0.176115,0.108714,-0.150999,0.105542,0.000162,0.001646
0,0.12989,-0.073475,0.128619,-0.142626,0.147913,-0.158995,0.002267,0.001282
0,0.238688,0.106747,0.134773,0.183319,0.175827,0.143638,0.004166,0.001863
0,0.100499,-0.051016,-0.137366,-0.164384,-0.163621,-0.128279,0.001754,0.00089
0,0.258672,-0.178902,0.149571,-0.144452,0.186088,-0.190845,0.004515,0.003122
0,0.105624,-0.156827,-0.172452,0.040751,-0.19032,0.02615,0.001843,0.002737
0,0.063579,-0.032151,-0.032794,0.137204,-0.050814,0.185953,0.00111,0.000561
0,0.029605,0.066908,-0.029271,0.127733,0.00876,0.171965,0.000517,0.001168
0,0.07509,0.031501,0.033628,-0.054696,0.00296,-0.043868,0.001311,0.00055
0,0.273692,0.07352,0.194343,0.065153,0.182854,0.016637,0.004777,0.001283
0,0.228342,0.022121,-0.06657,-0.025392,-0.094323,-0.028012,0.003985,0.000386
0,0.195504,-0.151037,-0.050737,-0.159283,-0.009956,-0.13156,0.003412,0.002636
0,-0.035651,-0.088562,-0.211488,0.051235,-0.227562,0.060817,0.000622,0.001546
0,0.181571,-0.169724,0.231031,-0.092653,0.216945,-0.052377,0.003169,0.002962
0,0.016233,0.075413,-0.163253,0.257015,-0.198101,0.230333,0.000283,0.001316
0,0.101543,-0.129796,0.104634,-0.231251,0.136418,-0.231378,0.001772,0.002265
0,0.103146,-0.049893,0.00259,0.093869,-0.003969,0.076498,0.0018,0.000871
0,0.214776,0.105188,0.08295,0.129307,0.119262,0.138795,0.003749,0.001836
0,0.249579,0.047366,0.015086,-0.068103,0.025448,-0.079188,0.004356,0.000827
0,-0.006851,0.159006,-0.256839,0.097859,-0.219855,0.056357,0.00012,0.002775
0,-0.048942,0.055827,-0.043206,-0.095142,-0.077235,-0.050592,0.000854,0.000974
0,-0.001064,0.038826,0.027312,-0.019101,0.006601,-0.051761,1.9e-05,0.000678
0,0.138591,-0.006523,0.128221,-0.026729,0.170426,-0.072167,0.002419,0.000114
0,0.076208,-0.029463,-0.088013,-0.014281,-0.04818,0.025551,0.00133,0.000514
0,-0.007749,-0.084283,-0.057181,-0.048845,-0.103144,-0.036041,0.000135,0.001471
0,-0.107813,-0.13717,-0.078267,-0.037048,-0.095702,-0.045548,0.001882,0.002394
0,-0.022107,-0.154158,0.10309,-0.010214,0.108078,0.022946,0.000386,0.002691
0,0.131216,0.130808,0.144922,0.306257,0.193996,0.348298,0.00229,0.002283
0,-0.060467,0.104427,-0.187108,-0.037059,-0.162008,-0.021201,0.001055,0.001823
0,0.001227,0.140616,0.076402,0.006818,0.036658,0.014148,2.1e-05,0.002454
0,-9.6e-05,-0.143789,0.025288,-0.258794,-0.019777,-0.23157,2e-06,0.00251
0,0.079018,0.045241,0.058125,0.186877,0.069491,0.193154,0.001379,0.00079
0,-0.141912,-0.158559,-0.237407,-0.204723,-0.220471,-0.185323,0.002477,0.002767
0,-0.001813,-0.04069,0.112594,0.089819,0.071746,0.120541,3.2e-05,0.00071
0,0.061983,0.020184,0.07952,0.042615,0.050595,0.003813,0.001082,0.000352
0,-0.062631,-0.079756,-0.15071,-0.112096,-0.107603,-0.109913,0.001093,0.001392
0,-0.089418,0.091384,-0.048852,0.171206,-0.017726,0.212747,0.001561,0.001595
0,-0.015199,-0.046596,0.102379,-0.156317,0.082704,-0.142409,0.000265,0.000813
0,0.096304,-0.11288,0.106481,-0.089567,0.067262,-0.083266,0.001681,0.00197
0,-0.204307,0.053011,-0.329953,0.141973,-0.370921,0.153663,0.003566,0.000925
0,0.04294,0.138445,0.22065,0.072334,0.261409,0.083955,0.000749,0.002416
0,-0.01658,0.000603,-0.076657,-0.165369,-0.117817,-0.207981,0.000289,1.1e-05
0,-0.15416,-0.136739,-0.124674,-0.127819,-0.083439,-0.110671,0.002691,0.002387
0,-0.14511,0.081342,0.037524,0.188439,0.069283,0.236538,0.002533,0.00142
0,0.006629,-0.011358,0.177558,-0.078131,0.181699,-0.120604,0.000116,0.000198
0,0.068499,0.030666,0.063848,0.025304,0.027508,0.04289,0.001196,0.000535
0,0.129248,0.010387,0.085583,-0.019899,0.041545,-0.06913,0.002256,0.000181
0,0.023877,-0.034994,-0.107613,-0.069168,-0.148124,-0.052833,0.000417,0.000611
0,-0.05584,0.10552,-0.08557,0.118063,-0.130486,0.110868,0.000975,0.001842
0,0.056715,0.09216,0.135941,0.004386,0.098752,0.022186,0.00099,0.001609
0,0.058423,-0.112615,0.00676,-0.21131,-0.035931,-0.25435,0.00102,0.001966
0,0.041813,0.113963,-0.002074,0.198395,-0.02176,0.211921,0.00073,0.001989
0,-0.167438,-0.104898,-0.227801,-0.234888,-0.230129,-0.262557,0.002922,0.001831
0,0.032584,0.053838,0.181834,0.140095,0.211675,0.107391,0.000569,0.00094
0,0.097953,-0.027145,0.040623,-0.079645,0.021873,-0.065495,0.00171,0.000474
0,0.007073,0.167409,-0.088962,0.220174,-0.091852,0.202494,0.000123,0.002922
0,-0.162502,-0.111582,-0.142607,-0.288451,-0.182033,-0.267365,0.002836,0.001947
0,-0.00082,-0.044435,0.153876,0.052715,0.132181,0.098288,1.4e-05,0.000776
0,-0.157821,0.01075,-0.186147,0.059632,-0.174861,0.045941,0.002754,0.000188
0,0.638442,-1.098987,0.788999,-1.096373,0.802455,-1.14393,0.000609,0.004322
0,1.299131,-1.846463,0.662959,-0.761508,0.690651,-0.78361,0.000829,0.003028
0,1.890259,-2.128068,0.611774,-0.310451,0.586716,-0.287357,0.002264,0.001887
0,2.329841,-2.324252,0.426774,-0.209517,0.465964,-0.225721,0.005408,0.005311
0,2.261241,-2.25134,-0.083198,0.099073,-0.058362,0.101024,0.004211,0.004038
0,2.249405,-1.963948,-0.014105,0.2591,-0.044879,0.28227,0.004004,0.000978
0,1.683953,-1.159237,-0.592251,0.830407,-0.61361,0.878536,0.005865,0.003271
0,1.116539,-1.026911,-0.561513,0.124212,-0.561716,0.125318,0.004016,0.00558
0,0.696872,-0.779813,-0.443964,0.23041,-0.431438,0.221869,0.000411,0.001859
0,0.486647,-0.390639,-0.219348,0.403835,-0.222827,0.406439,0.003258,0.004934
0,0.06389,-0.042685,-0.421659,0.376877,-0.442889,0.34647,0.001115,0.000745
0,0.018646,0.163666,-0.022676,0.198129,-0.042042,0.171432,0.000325,0.002857
0,-0.010379,0.148402,-6.5e-05,-0.016859,-0.004409,0.008384,0.000181,0.00259
0,-0.101714,0.280325,-0.062873,0.150896,-0.08749,0.108725,0.001775,0.004893
0,-0.240366,0.213889,-0.11885,-0.075637,-0.106516,-0.115271,0.004195,0.003733
0,-0.396969,0.573558,-0.131584,0.337109,-0.173382,0.374438,0.004823,0.001741
0,-0.420844,0.379364,-0.012858,-0.218019,0.001196,-0.188811,0.004407,0.005131
0,-0.312095,0.257243,0.117624,-0.116818,0.107834,-0.156819,0.005447,0.00449
0,-0.327532,0.295091,-0.037553,0.043163,-0.019271,0.085237,0.005717,0.00515
0,0.018628,0.201388,0.343592,-0.065027,0.32078,-0.042365,0.000325,0.003515
0,-0.229375,0.14892,-0.267645,-0.072915,-0.269749,-0.035822,0.004003,0.002599
0,0.071149,0.178879,0.278418,0.047211,0.23624,0.060759,0.001242,0.003122
0,0.018715,0.348615,-0.068945,0.180606,-0.029756,0.143188,0.000327,0.005667
0,-0.024495,0.210823,-0.032666,-0.134924,-0.010733,-0.126379,0.000428,0.00368
0,-0.109117,0.058605,-0.067376,-0.145382,-0.080225,-0.187498,0.001904,0.001023
0,-0.150466,0.078709,-0.066687,0.017018,-0.02071,0.061957,0.002626,0.001374
0,0.059907,0.131472,0.238252,0.062366,0.197609,0.079606,0.001046,0.002295
0,0.119124,-0.09026,0.071709,-0.23996,0.090949,-0.208291,0.002079,0.001575
0,0.09441,0.053758,-0.01281,0.152568,0.020635,0.125483,0.001648,0.000938
0,-0.121321,-0.036217,-0.212103,-0.11022,-0.259183,-0.076668,0.002117,0.000632
0,-0.071932,0.071777,0.06349,0.129235,0.047645,0.128612,0.001255,0.001253
0,-0.12817,-0.096471,-0.055655,-0.14243,-0.029823,-0.105312,0.002237,0.001684
0,-0.159718,-0.052797,-0.032014,0.071907,0.006053,0.062147,0.002788,0.000921
0,0.088004,-0.132294,0.232821,-0.078416,0.201822,-0.120834,0.001536,0.002309
0,0.062184,0.029131,-0.001866,0.177003,0.043089,0.173714,0.001085,0.000508
0,-0.17458,-0.009517,-0.251357,-0.024901,-0.212309,0.017737,0.003047,0.000166
0,-0.021367,-0.105783,0.173996,-0.093587,0.167828,-0.051001,0.000373,0.001846
0,-0.058986,0.042713,-0.011129,0.129794,-0.003809,0.085703,0.00103,0.000745
0,-0.137121,0.05326,-0.056124,0.027951,-0.086042,0.029181,0.002393,0.00093
0,-0.020661,0.063381,0.102395,0.023622,0.109596,0.031645,0.000361,0.001106
0,-0.14643,-0.128271,-0.109845,-0.19119,-0.099411,-0.177291,0.002556,0.002239
0,0.018644,0.097623,0.153281,0.205095,0.18518,0.185866,0.000325,0.001704
0,-0.201163,0.173907,-0.21306,0.104753,-0.227159,0.080843,0.003511,0.003035
0,-0.088329,-0.105038,0.104347,-0.251333,0.090425,-0.244938,0.001542,0.001833
0,-0.126531,-0.100885,-0.041484,0.028441,-0.066132,0.051659,0.002208,0.001761
0,0.074988,-0.003098,0.17566,0.076814,0.156289,0.066994,0.001309,5.4e-05
0,0.040134,-0.020714,-0.050281,-0.020834,-0.075993,0.005942,0.0007,0.000362
0,-0.102147,-0.11726,-0.160287,-0.11338,-0.15027,-0.111587,0.001783,0.002047
0,-0.022725,-0.014711,0.066382,0.075685,0.106216,0.111091,0.000397,0.000257
0,-0.116382,-0.115216,-0.09073,-0.090729,-0.119892,-0.123113,0.002031,0.002011
0,0.081979,-0.030048,0.203116,0.093199,0.240144,0.102658,0.001431,0.000524
0,-0.100305,-0.031642,-0.211737,-0.026132,-0.243337,-0.047741,0.001751,0.000552
0,0.076003,-0.056389,0.175828,-0.010499,0.153875,-0.025444,0.001327,0.000984
0,-0.083311,0.131903,-0.158405,0.202935,-0.153076,0.239471,0.001454,0.002302
0,-0.186134,0.014972,-0.088597,-0.10958,-0.110348,-0.159225,0.003249,0.000261
0,-0.068238,0.02118,0.09634,-0.001421,0.050577,0.033949,0.001191,0.00037
0,-0.039786,0.009737,0.019805,-0.01396,0.062345,-0.025714,0.000694,0.00017
0,-0.216069,-0.056184,-0.204889,-0.073376,-0.222878,-0.026523,0.003771,0.000981
0,0.000445,-0.097666,0.23892,-0.037734,0.281957,-0.005028,8e-06,0.001705
0,-0.146572,0.004508,-0.137965,0.122757,-0.172102,0.136241,0.002558,7.9e-05
0,-0.151838,-0.112703,0.015819,-0.115701,-0.032922,-0.065873,0.00265,0.001967
0,-0.16365,-0.065533,-0.027718,0.042154,-0.02759,0.025041,0.002856,0.001144
0,-0.099124,-0.039195,0.054619,-0.00165,0.007215,-0.007923,0.00173,0.000684
0,0.028254,0.02193,0.125724,0.033845,0.10674,0.036427,0.000493,0.000383
0,-0.066945,-0.126066,-0.119035,-0.15885,-0.13008,-0.179138,0.001168,0.0022
0,-0.157349,0.130268,-0.08475,0.265478,-0.103121,0.242111,0.002746,0.002274
0,-0.00823,0.04013,0.12054,-0.097466,0.147794,-0.103246,0.000144,0.0007
0,0.032919,0.109965,0.02356,0.056321,0.071388,0.026131,0.000575,0.001919
0,-0.125212,0.063068,-0.187426,-0.051816,-0.219191,-0.011952,0.002185,0.001101
0,0.034255,0.129747,0.163005,0.066209,0.165516,0.057765,0.000598,0.002265
0,-0.143421,0.051685,-0.177699,-0.098151,-0.136324,-0.066135,0.002503,0.000902
0,0.110426,0.077248,0.231366,0.031385,0.22186,0.062558,0.001927,0.001348
0,-0.050332,0.063123,-0.152208,-0.001441,-0.136301,0.03511,0.000878,0.001102
0,0.128845,0.110512,0.195617,0.037034,0.222755,0.012096,0.002249,0.001929
0,0.007214,-0.091021,-0.127195,-0.196379,-0.168939,-0.236409,0.000126,0.001589
0,0.007254,-0.072409,-0.013698,0.010195,-0.057397,0.025249,0.000127,0.001264
0,0.153784,-0.005132,0.124993,0.058278,0.148387,0.100709,0.002684,9e-05
0,-0.015186,0.049329,-0.168524,0.073111,-0.162639,0.110819,0.000265,0.000861
0,0.107601,0.097089,0.093474,0.06834,0.063064,0.104176,0.001878,0.001695
0,0.198653,0.016623,0.077875,-0.066787,0.094713,-0.112482,0.003467,0.00029
0,-0.02622,-0.074454,-0.204322,-0.116361,-0.221219,-0.158204,0.000458,0.001299
0,0.141266,-0.149766,0.138585,-0.051457,0.135273,-0.010583,0.002466,0.002614
0,0.042771,-0.132115,-0.122093,0.041313,-0.12826,0.03149,0.000747,0.002306
0,0.107158,-0.083951,0.043294,0.058801,-0.005401,0.102191,0.00187,0.001465
0,-0.074561,0.021023,-0.171733,0.102243,-0.187224,0.124355,0.001301,0.000367
0,0.077907,-0.080107,0.16495,-0.099566,0.142684,-0.078665,0.00136,0.001398
0,0.014313,0.029377,-0.061046,0.129926,-0.106386,0.101519,0.00025,0.000513
0,0.204657,-0.077404,0.167626,-0.089044,0.153873,-0.127615,0.003572,0.001351
0,0.167127,0.061376,-0.044239,0.111672,-0.047921,0.0785,0.002917,0.001071
0,0.109494,-0.032871,-0.033614,-0.121549,-0.011882,-0.122002,0.001911,0.000574
0,0.065108,-0.098765,-0.037775,-0.055069,-0.043458,-0.028158,0.001136,0.001724
0,-0.011,-0.092545,-0.078573,0.031228,-0.090869,0.003089,0.000192,0.001615
0,-0.014681,0.063852,-0.016602,0.143355,-0.063483,0.09726,0.000256,0.001114
0,-0.063366,0.031048,-0.043644,-0.058605,-0.088392,-0.024322,0.001106,0.000542
0,-0.141982,-0.084584,-0.075558,-0.108116,-0.11527,-0.064126,0.002478,0.001476
0,-0.117784,-0.077266,0.045218,0.015537,0.028098,-0.011297,0.002056,0.001349
0,-0.067212,-0.108859,0.04752,-0.016443,0.041189,0.014774,0.001173,0.0019
0,-0.123898,-0.015619,-0.048205,0.068915,-0.056177,0.048106,0.002162,0.000273
0,-0.17459,-0.151938,-0.06144,-0.119648,-0.030467,-0.070041,0.003047,0.002652
0,-0.093857,-0.028459,0.059128,0.122857,0.058443,0.108427,0.001638,0.000497
0,-0.011953,0.019948,0.092101,0.05129,0.074294,0.074599,0.000209,0.000348
0,0.078784,-0.009204,0.075355,-0.03539,0.059666,-0.058234,0.001375,0.000161
0,-0.115278,-0.039374,-0.193361,-0.030876,-0.169033,-0.007936,0.002012,0.000687
0,-0.212169,0.109992,-0.068618,0.127626,-0.037607,0.11764,0.003703,0.00192
0,0.005195,-0.058764,0.198253,-0.153048,0.225884,-0.105926,9.1e-05,0.001026
0,-0.080971,-0.059397,-0.099562,-0.022095,-0.095861,-0.058926,0.001413,0.001037
0,0.030552,-0.087431,0.095064,-0.03575,0.085271,-0.02751,0.000533,0.001526
0,0.120921,-0.006909,0.072752,0.097231,0.061975,0.126788,0.00211,0.000121
0,-0.152816,0.048387,-0.29503,0.028069,-0.317782,-0.00821,0.002667,0.000845
0,0.006952,-0.014059,0.15644,-0.045449,0.113031,-0.079761,0.000121,0.000245
0,-0.074183,-0.066055,-0.089669,-0.074967,-0.130983,-0.092866,0.001295,0.001153
0,0.134406,-0.04072,0.192759,0.036521,0.167905,0.010507,0.002346,0.000711
0,0.034784,0.193946,-0.078425,0.249198,-0.096387,0.299116,0.000607,0.003385
0,0.118086,-0.060423,0.098414,-0.238732,0.117405,-0.239762,0.002061,0.001055
0,0.098431,-0.023198,-0.019761,0.064649,-0.005598,0.104363,0.001718,0.000405
0,-0.079404,0.164089,-0.152229,0.201744,-0.189421,0.16961,0.001386,0.002864
0,-0.009511,-0.047244,0.089149,-0.186353,0.075634,-0.14251,0.000166,0.000825
0,-0.097166,0.125465,-0.101513,0.169983,-0.059538,0.154087,0.001696,0.00219
0,0.119717,0.118645,0.215967,0.010927,0.204777,0.055852,0.002089,0.002071
0,0.037929,0.006098,-0.054391,-0.126256,-0.058495,-0.113317,0.000662,0.000106
0,-0.010053,-0.083448,-0.031006,-0.09566,-0.053161,-0.103585,0.000175,0.001456
0,-0.044385,0.038749,-0.063366,0.101428,-0.014569,0.082147,0.000775,0.000676
0,0.190146,0.042171,0.235042,-0.003356,0.229713,0.044811,0.003319,0.000736
0,-0.054885,0.131647,-0.26953,0.115298,-0.243695,0.120374,0.000958,0.002298
0,0.041737,-0.007431,0.103714,-0.139814,0.08939,-0.101281,0.000728,0.00013
0,-0.01327,0.151843,-0.0757,0.132791,-0.039004,0.160735,0.000232,0.00265
0,-0.025179,0.07486,0.008081,-0.088784,-0.032887,-0.09725,0.000439,0.001307
0,0.133147,-0.048978,0.187157,-0.129606,0.19481,-0.158127,0.002324,0.000855
0,0.010684,-0.011059,-0.100968,0.026248,-0.10212,-0.017635,0.000186,0.000193
0,0.01807,-0.07553,0.034409,-0.085203,0.076174,-0.052385,0.000315,0.001318
0,0.041803,-0.017732,0.04649,0.085606,0.018514,0.100663,0.00073,0.000309
0,0.028685,-0.036714,0.007734,-0.043538,0.041909,-0.039248,0.000501,0.000641
0,-0.075018,0.11578,-0.092519,0.127303,-0.048693,0.117437,0.001309,0.002021
0,-0.069684,0.13194,0.016842,0.005207,-0.030997,0.051724,0.001216,0.002303
0,-0.177751,0.01815,-0.110896,-0.137462,-0.139504,-0.154118,0.003102,0.000317
0,-0.065051,-0.041696,0.120733,-0.051814,0.161928,-0.017875,0.001135,0.000728
0,-0.077028,-0.099292,0.009765,-0.076755,0.024324,-0.051463,0.001344,0.001733
0,-0.207445,0.02391,-0.134748,0.129722,-0.14018,0.10708,0.003621,0.000417
0,-0.05962,0.056399,0.125761,0.016524,0.129719,-0.026824,0.001041,0.000984
0,-0.183126,0.00434,-0.152719,-0.024683,-0.186175,-0.067841,0.003196,7.6e-05
0,-0.126729,0.095069,0.074831,0.083422,0.073137,0.117041,0.002212,0.001659
0,0.057418,-0.113616,0.169285,-0.19507,0.157734,-0.161908,0.001002,0.001983
0,-0.103618,0.004272,-0.1312,0.119603,-0.120658,0.161802,0.001808,7.5e-05
0,0.009675,-0.096958,0.099205,-0.128696,0.130211,-0.170275,0.000169,0.001692
0,-0.010251,-0.05587,-0.030128,0.023693,-0.049995,0.002649,0.000179,0.000975
0,0.099164,-0.0054,0.090961,0.076572,0.064214,0.119208,0.001731,9.4e-05
0,0.049511,0.044853,-0.074411,0.064315,-0.089201,0.06089,0.000864,0.000783
0,0.00523,0.027703,-0.068824,-0.014139,-0.032076,-0.034583,9.1e-05,0.000484
0,0.041705,0.001517,0.020253,-0.051962,0.029424,-0.066528,0.000728,2.6e-05
0,0.06529,-0.111625,0.018384,-0.130018,0.016543,-0.100584,0.00114,0.001948
0,-0.091938,-0.190128,-0.14719,-0.098601,-0.152819,-0.099563,0.001605,0.003318
0,-0.001243,-0.059713,0.081854,0.147583,0.095879,0.143741,2.2e-05,0.001042
0,-0.069912,-0.154309,-0.090874,-0.095809,-0.046536,-0.087849,0.00122,0.002693
0,0.143036,-0.119674,0.203512,0.059547,0.202222,0.020877,0.002496,0.002089
0,-0.045146,-0.035049,-0.214675,0.056966,-0.227885,0.104681,0.000788,0.000612
0,0.161073,0.011938,0.207202,0.045107,0.196387,0.060529,0.002811,0.000208
0,0.107427,-0.156208,-0.060106,-0.164232,-0.01119,-0.190961,0.001875,0.002726
0,0.122537,-0.136459,0.022612,0.026736,-0.019096,0.072013,0.002139,0.002382
0,0.123928,0.056647,0.024738,0.218088,-0.004806,0.219893,0.002163,0.000989
0,0.109082,-0.011074,-0.035003,-0.045648,0.014489,-0.077579,0.001904,0.000193
0,0.01238,0.058126,-0.094493,0.043041,-0.133771,0.004094,0.000216,0.001014
0,0.170243,0.037811,0.154986,-0.009073,0.151911,0.019453,0.002971,0.00066
0,0.113654,-0.13299,-0.028405,-0.146965,-0.046574,-0.159728,0.001984,0.002321
0,-0.011264,0.082506,-0.152493,0.199995,-0.137696,0.178763,0.000197,0.00144
0,-0.016667,-0.042861,-0.025396,-0.113646,-0.060481,-0.091995,0.000291,0.000748
0,0.120898,-0.005089,0.156999,0.052566,0.20447,0.078467,0.00211,8.9e-05
0,0.122765,-0.137283,0.0203,-0.120797,0.053816,-0.1687,0.002143,0.002396
0,0.120808,-0.083088,0.007676,0.063678,0.034485,0.050662,0.002109,0.00145
0,-0.082513,-0.018479,-0.231862,0.080972,-0.224337,0.124111,0.00144,0.000323
0,0.096661,0.07945,0.198328,0.115525,0.202769,0.096798,0.001687,0.001387
0,0.21795,0.06531,0.102739,-0.001876,0.122414,-0.040376,0.003804,0.00114
0,0.098765,-0.12157,-0.143767,-0.203023,-0.105306,-0.226676,0.001724,0.002122
0,-0.101868,-0.093907,-0.204532,-0.001727,-0.238819,0.009343,0.001778,0.001639
0,-0.003576,-0.094089,0.069594,-0.013141,0.084479,0.024141,6.2e-05,0.001642
0,0.003683,0.082865,-0.014493,0.151422,0.02505,0.113643,6.4e-05,0.001446
0,0.029715,-0.131899,0.055274,-0.242125,0.018015,-0.21198,0.000519,0.002302
0,0.076501,-0.070311,0.041099,0.090336,0.020902,0.102458,0.001335,0.001227
0,-0.011936,0.047543,-0.107074,0.109006,-0.069412,0.135226,0.000208,0.00083
0,-0.151625,-0.042261,-0.111655,-0.090875,-0.130758,-0.104552,0.002646,0.000738
0,-0.000702,-0.03948,0.12243,-0.025308,0.159979,-0.062815,1.2e-05,0.000689
0,-0.018869,-0.005566,-0.001433,0.029893,0.009623,-0.011711,0.000329,9.7e-05
0,-0.214178,-0.099288,-0.203453,-0.085474,-0.231109,-0.060331,0.003738,0.001733
0,0.100369,-0.075524,0.338184,0.00665,0.369321,0.005296,0.001752,0.001318
0,-0.061293,-0.061178,-0.144788,0.038175,-0.172429,0.083815,0.00107,0.001068
0,0.145892,-0.174887,0.203747,-0.095093,0.230491,-0.116419,0.002546,0.003052
0,0.105605,-0.078793,-0.036704,0.086401,-0.018283,0.064266,0.001843,0.001375
0,0.077992,-0.082742,-0.03395,-0.019836,-0.038268,-0.006671,0.001361,0.001444
0,-0.110744,0.095385,-0.162774,0.182883,-0.117455,0.156044,0.001933,0.001665
0,-0.022915,-0.148656,0.109277,-0.230976,0.067631,-0.261208,0.0004,0.002595
0,0.100441,-0.034172,0.135658,0.093436,0.124769,0.142841,0.001753,0.000596
0,0.206995,-0.047248,0.12519,-0.020163,0.103741,-0.013077,0.003613,0.000825
0,0.007887,0.137487,-0.216751,0.165358,-0.237208,0.17172,0.000138,0.0024
0,0.10868,-0.080112,0.09043,-0.195468,0.080404,-0.237917,0.001897,0.001398
0,0.06502,0.030398,-0.060553,0.106263,-0.087045,0.085512,0.001135,0.000531
0,0.078133,-0.049715,-0.004336,-0.07068,-0.052226,-0.109804,0.001364,0.000868
0,0.016657,0.141709,-0.068882,0.177303,-0.022117,0.220377,0.000291,0.002473
0,-0.030129,-0.087959,-0.067584,-0.223856,-0.100059,-0.186795,0.000526,0.001535
0,-0.087081,-0.093188,-0.048603,-0.018476,-0.068717,0.005736,0.00152,0.001626
0,-0.036424,0.028023,0.067223,0.115281,0.077954,0.122994,0.000636,0.000489
0,-0.140358,-0.128679,-0.113997,-0.164787,-0.108971,-0.20541,0.00245,0.002246
0,0.031488,0.03791,0.165928,0.187964,0.130127,0.197025,0.00055,0.000662
0,0.062345,-0.090552,0.037557,-0.130159,-0.00378,-0.137462,0.001088,0.00158
0,0.128014,0.086629,0.082823,0.152703,0.13096,0.160375,0.002234,0.001512
0,0.113316,0.026053,-0.035224,-0.089084,-0.067995,-0.111633,0.001978,0.000455
0,0.198921,0.057122,0.075602,0.046997,0.038882,0.074616,0.003472,0.000997
0,0.227977,0.109842,0.046043,0.048968,0.075735,0.033223,0.003979,0.001917
0,0.163164,0.040038,-0.09323,-0.040281,-0.09475,-0.002346,0.002848,0.000699
0,0.190922,0.064131,0.04346,-0.002403,0.073135,-0.014193,0.003332,0.001119
0,0.071018,0.027793,-0.118619,-0.009046,-0.093493,0.023273,0.00124,0.000485
0,-0.027966,0.170716,-0.118153,0.166925,-0.109425,0.197269,0.000488,0.00298
0,0.126764,-0.033428,0.175217,-0.213296,0.185091,-0.212654,0.002212,0.000583
0,0.058749,0.023284,-0.091119,0.061642,-0.084667,0.049813,0.001025,0.000406
0,0.213936,0.03728,0.173687,0.006624,0.195774,0.035426,0.003734,0.000651
0,0.02158,-0.076809,-0.166846,-0.139724,-0.18831,-0.157396,0.000377,0.001341
0,0.05701,-0.038111,0.060031,0.022846,0.075036,0.000583,0.000995,0.000665
0,-0.085488,0.118328,-0.125601,0.176509,-0.111142,0.138255,0.001492,0.002065
0,-0.14307,-0.015799,-0.034713,-0.161711,-0.038951,-0.201014,0.002497,0.000276
0,0.16783,0.018485,0.304637,0.046245,0.267374,0.014948,0.002929,0.000323
0,-0.090809,0.000562,-0.279009,-0.00731,-0.284453,0.019359,0.001585,1e-05
0,0.061269,0.050571,0.124811,0.052682,0.169011,0.041166,0.001069,0.000883
0,-0.080039,0.018602,-0.125958,-0.016297,-0.116561,-0.065528,0.001397,0.000325
0,-0.082084,-0.069323,0.005342,-0.084212,0.011608,-0.037042,0.001433,0.00121
0,0.006393,0.073966,0.071476,0.128615,0.105585,0.158698,0.000112,0.001291
0,-0.178588,-0.067406,-0.155813,-0.160307,-0.118047,-0.189336,0.003117,0.001176
0,-0.0711,0.070392,0.113923,0.120791,0.114716,0.085036,0.001241,0.001229
0,-0.053716,0.053477,0.015776,-0.036806,-0.022071,-0.066351,0.000938,0.000933
0,-0.089941,0.016564,-0.029852,-0.032231,-0.060129,-0.070368,0.00157,0.000289
0,-0.063583,0.094968,0.023688,0.056228,-0.018057,0.104351,0.00111,0.001658
0,0.011024,0.048111,0.08402,-0.046159,0.128563,-0.046796,0.000192,0.00084
0,-0.173414,-0.105802,-0.156678,-0.165269,-0.187553,-0.160241,0.003027,0.001847
0,-0.244742,-0.106443,-0.048348,-0.003693,-0.027389,0.046013,0.004272,0.001858
0,-0.18189,-0.081829,0.087105,0.002826,0.109645,-0.019888,0.003175,0.001428
0,-0.041517,-0.016668,0.116147,0.089146,0.127501,0.054179,0.000725,0.000291
0,-0.038416,0.155857,0.003803,0.189562,-0.035101,0.167797,0.00067,0.00272
0,-0.221359,-0.105692,-0.182606,-0.232439,-0.145292,-0.253029,0.003863,0.001845
0,-0.158012,0.058256,0.044731,0.134618,0.015673,0.147904,0.002758,0.001017
0,-0.04887,0.163259,0.091951,0.093415,0.076233,0.047357,0.000853,0.002849
0,-0.224772,-0.083604,-0.186985,-0.227949,-0.167663,-0.225189,0.003923,0.001459
0,-0.218563,-0.066236,-0.018247,0.038858,-0.036528,0.064983,0.003815,0.001156
0,-0.159548,-0.046741,0.033554,0.003577,0.067921,0.007386,0.002785,0.000816
0,-0.099218,0.107892,0.037794,0.174581,0.023186,0.166726,0.001732,0.001883
0,-0.05812,-0.020782,0.059037,-0.143509,0.052713,-0.169344,0.001014,0.000363
0,-0.094951,-0.078883,-0.065785,-0.063331,-0.07166,-0.039469,0.001657,0.001377
0,0.120139,-0.016674,0.190866,0.033145,0.239026,0.082707,0.002097,0.000291
0,0.073722,0.082647,-0.030801,0.0797,0.004003,0.035258,0.001287,0.001442
0,0.195679,-0.075685,0.14973,-0.154575,0.186644,-0.152963,0.003415,0.001321
0,0.188989,0.062729,-0.01674,0.152925,-0.065346,0.182676,0.003298,0.001095
0,-0.081062,-0.124834,-0.276349,-0.167911,-0.248923,-0.166223,0.001415,0.002179
0,-0.047499,0.095697,0.010689,0.248892,0.000191,0.269676,0.000829,0.00167
0,0.063108,-0.170097,0.093547,-0.289017,0.133824,-0.266306,0.001101,0.002969
0,0.924818,-0.56056,0.875732,-0.417331,0.912724,-0.415543,0.004389,0.001968
0,2.091542,-0.840197,1.190287,-0.297045,1.191022,-0.33527,0.001249,0.002913
0,2.197193,-1.014246,0.081289,-0.173667,0.125911,-0.140725,0.003093,0.005801
0,2.247985,-0.846977,0.061468,0.189747,0.019016,0.203648,0.00398,0.003031
0,2.169472,-1.290827,-0.106511,-0.450498,-0.102687,-0.414404,0.002609,0.000974
0,1.913235,-0.935445,-0.232509,0.341467,-0.229934,0.298683,0.001863,0.004575
0,1.554328,-0.987635,-0.365313,-0.032783,-0.32999,-0.073495,0.003625,0.005486
0,1.209086,-0.922975,-0.343768,0.083377,-0.364245,0.066163,0.002401,0.004357
0,0.80272,-0.842569,-0.418883,0.101886,-0.390893,0.108271,0.002258,0.002954
0,0.577822,-0.564734,-0.222466,0.277332,-0.186338,0.275292,0.001667,0.001895
0,0.267524,-0.457084,-0.300716,0.137204,-0.290635,0.10752,0.004669,0.003774
0,0.264122,-0.286683,0.024704,0.194675,0.057039,0.153653,0.00461,0.005004
0,0.180339,-0.353954,-0.096989,-0.070876,-0.11209,-0.050187,0.003148,0.005574
0,0.073097,-0.368293,-0.091899,-0.010123,-0.133656,0.020337,0.001276,0.005324
0,0.198855,-0.25574,0.111119,0.104147,0.117279,0.118933,0.003471,0.004464
0,-0.074213,-0.21874,-0.263576,0.010879,-0.244837,-0.005151,0.001295,0.003818
0,0.159219,-0.20736,0.223274,0.004805,0.185011,-0.015823,0.002779,0.003619
0,-0.007124,-0.291225,-0.176772,-0.110463,-0.146582,-0.113207,0.000124,0.005083
0,0.162106,-0.136754,0.169955,0.171527,0.171973,0.208635,0.002829,0.002387
0,0.02615,-0.213459,-0.138612,-0.049533,-0.180495,-0.053834,0.000456,0.003726
0,0.24152,-0.163509,0.216029,0.076735,0.200404,0.074142,0.004215,0.002854
0,0.182074,-0.150693,-0.089283,0.031287,-0.044117,0.069046,0.003178,0.00263
0,0.026842,-0.069013,-0.163853,0.062928,-0.169321,0.093334,0.000468,0.001205
0,-0.068145,-0.10096,-0.110621,-0.03197,-0.065568,0.012355,0.001189,0.001762
0,0.184835,-0.119062,0.238488,-0.00039,0.244432,-0.01757,0.003226,0.002078
0,0.102449,0.024446,-0.054334,0.115852,-0.006437,0.130211,0.001788,0.000427
0,0.051904,-0.156242,-0.050359,-0.206936,-0.096787,-0.227943,0.000906,0.002727
0,-0.03997,-0.009071,-0.109089,0.137963,-0.10625,0.16201,0.000698,0.000158
0,-0.1285,-0.178057,-0.08211,-0.146056,-0.056506,-0.097097,0.002243,0.003108
0,0.130854,-0.081274,0.270891,0.126587,0.273016,0.13342,0.002284,0.001418
0,0.095709,-0.104177,-0.012078,-0.052451,-0.048449,-0.098337,0.00167,0.001818
0,-0.156867,-0.020085,-0.272214,0.071698,-0.229371,0.043447,0.002738,0.000351
0,1.357215,0.025638,1.530834,0.026894,1.564925,0.054579,0.000184,0.000447
0,2.550947,0.128037,1.205905,0.113098,1.16897,0.099736,0.002484,0.002235
0,2.20801,-0.023227,-0.315907,-0.135427,-0.362463,-0.142803,0.003282,0.000405
0,2.291334,0.129539,0.082185,0.144628,0.108885,0.18922,0.004736,0.002261
0,2.118082,0.019245,-0.202049,-0.092005,-0.226029,-0.055505,0.001712,0.000336
0,2.066614,0.015932,-0.068434,-0.01092,-0.047434,-0.009975,0.000814,0.000278
0,1.773021,0.118421,-0.31003,0.082977,-0.317459,0.046452,0.00431,0.002067
0,1.175715,0.076789,-0.581435,-0.048531,-0.581443,-0.043426,0.002983,0.00134
0,0.812897,-0.130077,-0.342905,-0.229813,-0.336057,-0.213878,0.002436,0.00227
0,0.289412,-0.1227,-0.502254,-0.013883,-0.463813,0.018923,0.005051,0.002142
0,0.163159,-0.076953,-0.132732,0.023671,-0.147383,-0.025552,0.002848,0.001343
0,-0.171077,-0.091689,-0.332417,0.008882,-0.378103,-0.003492,0.002986,0.0016
0,-0.062124,0.127395,0.106238,0.243927,0.098617,0.204825,0.001084,0.002223
0,-0.254467,-0.056184,-0.191842,-0.175234,-0.235513,-0.148545,0.004441,0.000981
0,-0.3154,0.004271,-0.047533,0.053978,-0.03817,0.050869,0.005505,7.5e-05
0,-0.412987,0.040046,-0.069638,0.01882,-0.062354,-0.027557,0.004544,0.000699
0,-0.334895,0.095123,0.064776,0.051902,0.031365,0.060759,0.005845,0.00166
0,-0.165058,0.087018,0.16915,-0.002672,0.155493,-0.004174,0.002881,0.001519
0,-0.056903,0.054241,0.11591,-0.053332,0.074939,-0.101353,0.000993,0.000947
0,0.024959,0.005431,0.105486,-0.051279,0.06338,-0.016103,0.000436,9.5e-05
0,-0.245199,0.03902,-0.252162,0.03101,-0.255334,0.064485,0.00428,0.000681
0,-0.090337,0.156333,0.15293,0.11474,0.108012,0.15098,0.001577,0.002729
0,-0.055795,0.109692,0.0428,-0.05759,-0.003368,-0.038683,0.000974,0.001914
0,0.003371,0.058559,0.072625,-0.073403,0.105029,-0.056978,5.9e-05,0.001022
0,0.032746,0.014436,0.029162,-0.035977,0.043991,0.007367,0.000572,0.000252
0,-0.218241,0.117563,-0.229341,0.083355,-0.2368,0.105588,0.003809,0.002052
0,-0.106305,0.132401,0.111417,0.006054,0.100231,0.021546,0.001855,0.002311
0,0.016306,0.023248,0.139877,-0.127411,0.186681,-0.103651,0.000285,0.000406
0,0.066479,-0.018835,0.023018,-0.058837,0.052737,-0.052765,0.00116,0.000329
0,0.033175,0.111231,-0.033363,0.120485,-0.03247,0.149758,0.000579,0.001941
0,0.026467,0.076996,-0.010201,-0.044286,-0.05265,-0.003416,0.000462,0.001344
0,-0.106243,-0.106403,-0.160285,-0.174302,-0.204643,-0.129055,0.001854,0.001857
0,0.129577,-0.093757,0.231398,-0.000603,0.264283,0.048274,0.002262,0.001636
0,-0.133925,0.012468,-0.270698,0.081306,-0.265442,0.09366,0.002337,0.000218
0,0.052266,0.061711,0.166619,0.06948,0.184429,0.070415,0.000912,0.001077
0,-0.087626,0.037755,-0.162049,-0.007248,-0.194848,0.022163,0.001529,0.000659
0,-0.015762,0.120861,0.055438,0.071997,0.087456,0.02904,0.000275,0.002109
0,-0.047216,0.129523,-0.06127,-0.015918,-0.045616,0.024917,0.000824,0.002261
0,0.126408,0.15246,0.170033,-0.004337,0.156913,0.008016,0.002206,0.002661
0,-0.03718,-0.025823,-0.143544,-0.168486,-0.125392,-0.134211,0.000649,0.000451
0,0.020745,0.125028,0.055537,0.158672,0.101249,0.156935,0.000362,0.002182
0,0.046568,0.125198,0.022272,0.014245,-0.020363,0.030272,0.000813,0.002185
0,0.063216,-0.082391,0.013932,-0.231141,-0.015196,-0.203444,0.001103,0.001438
0,-0.064648,-0.123637,-0.121901,-0.030975,-0.078072,0.01362,0.001128,0.002158
0,0.150431,0.180463,0.210496,0.288717,0.213076,0.302598,0.002626,0.00315
0,0.0223,0.130341,-0.117206,-0.037662,-0.088229,0.003264,0.000389,0.002275
0,0.077704,0.026135,0.072792,-0.124538,0.093331,-0.095604,0.001356,0.000456
0,0.109712,-0.048345,0.032867,-0.076682,0.049831,-0.060428,0.001915,0.000844
0,0.117133,0.022775,0.034507,0.065861,0.069351,0.098634,0.002044,0.000397
0,-0.114222,0.079219,-0.248131,0.030752,-0.277534,-0.015949,0.001994,0.001383
0,0.17399,-0.176045,0.260323,-0.234925,0.25058,-0.230949,0.003037,0.003073
0,0.14825,-0.054195,-0.04731,0.102391,-0.009367,0.104207,0.002587,0.000946
0,-0.146012,-0.032873,-0.298977,-0.006425,-0.277904,-0.026872,0.002548,0.000574
0,-0.084817,0.047136,0.042418,0.109819,0.001511,0.104318,0.00148,0.000823
0,-0.129574,-0.00409,-0.061825,-0.041575,-0.085267,-0.032535,0.002262,7.1e-05
0,0.020025,-0.03909,0.133218,-0.019006,0.166514,0.018541,0.000349,0.000682
0,-0.019662,-0.123054,-0.021633,-0.113595,-0.059919,-0.096431,0.000343,0.002148
0,0.099428,-0.004993,0.106586,0.106462,0.075187,0.111738,0.001735,8.7e-05
0,0.247358,-0.061884,0.128116,-0.029975,0.091131,-0.009924,0.004317,0.00108
0,-0.089466,-0.168271,-0.321077,-0.118506,-0.36347,-0.139543,0.001561,0.002937
0,-0.088675,-0.177513,-0.007587,0.001812,-0.0523,0.007063,0.001548,0.003098
0,-0.111627,-0.194558,-0.050064,0.012264,-0.096984,0.046712,0.001948,0.003396
0,-0.034336,-0.058183,0.05841,0.125716,0.043788,0.17322,0.000599,0.001015
0,0.068379,-0.190586,0.11172,-0.153078,0.101379,-0.196868,0.001193,0.003326
0,-0.132097,0.084458,-0.230014,0.27172,-0.234458,0.29956,0.002306,0.001474
0,-0.119426,0.084478,0.021709,0.006748,0.058474,0.009704,0.002084,0.001474
0,-0.067086,-0.006685,0.042655,-0.110613,0.030915,-0.107478,0.001171,0.000117
0,-0.11274,-0.007119,-0.032093,-0.015762,-0.064438,-0.026835,0.001968,0.000124
0,-0.157175,-0.096253,-0.0625,-0.095739,-0.090276,-0.094325,0.002743,0.00168
0,-0.057493,0.014916,0.07785,0.121547,0.087924,0.104168,0.001003,0.00026
0,-0.079355,0.024796,-0.041458,0.001868,-0.048328,-0.039767,0.001385,0.000433
0,-0.058209,0.055788,0.026598,0.0239,0.038372,-0.009275,0.001016,0.000974
0,-0.153028,-0.095537,-0.119383,-0.138073,-0.105505,-0.10175,0.002671,0.001667
0,-0.244103,0.021558,-0.119871,0.099588,-0.146062,0.140771,0.00426,0.000376
0,-0.205799,-0.068282,0.053016,-0.085727,0.020183,-0.079367,0.003592,0.001192
0,-0.071882,-0.025656,0.118813,0.022128,0.168353,0.050815,0.001255,0.000448
0,-0.114497,-0.139115,-0.067062,-0.117209,-0.054964,-0.161825,0.001998,0.002428
0,-0.029837,0.028835,0.105933,0.192363,0.125138,0.230076,0.000521,0.000503
0,0.005023,-0.131504,0.056997,-0.152918,0.011639,-0.196478,8.8e-05,0.002295
0,0.065446,-0.191763,0.072282,-0.077302,0.114282,-0.0566,0.001142,0.003347
0,0.117884,-0.10772,0.036076,0.075714,-0.005797,0.029125,0.002057,0.00188
0,-0.066748,-0.018576,-0.194802,0.119113,-0.242445,0.141015,0.001165,0.000324
0,-0.144456,-0.075723,-0.105957,-0.035222,-0.074327,-0.048809,0.002521,0.001322
0,-0.111206,0.106936,0.026156,0.208742,0.071611,0.19092,0.001941,0.001866
0,-0.120074,-0.172465,-0.00351,-0.293286,-0.052426,-0.299947,0.002096,0.00301
0,-0.057044,-0.128619,0.081284,0.071321,0.097402,0.026739,0.000996,0.002245
0,-0.20177,0.082375,-0.132078,0.236974,-0.106342,0.268099,0.003522,0.001438
0,-0.285484,0.13211,-0.064503,0.046553,-0.106593,0.090552,0.004983,0.002306
0,-0.212433,0.136274,0.102038,-0.014335,0.13572,0.035046,0.003708,0.002378
0,-0.210127,0.021835,-0.000379,-0.134476,-0.03653,-0.168737,0.003667,0.000381
0,-0.218122,0.043034,0.000634,0.039526,0.01863,-0.004217,0.003807,0.000751
0,-0.220035,-0.074747,-0.000838,-0.134168,-0.004577,-0.152036,0.00384,0.001305
0,-0.21849,0.104393,-0.000363,0.183664,0.047257,0.185294,0.003813,0.001822
0,-0.184278,-0.013737,0.025178,-0.127093,-0.003087,-0.174092,0.003216,0.00024
0,-0.140261,-0.078789,0.032493,-0.092319,0.037236,-0.104321,0.002448,0.001375
0,-0.056829,0.048832,0.069488,0.101075,0.059924,0.106352,0.000992,0.000852
0,-0.214392,-0.093362,-0.174318,-0.168856,-0.147238,-0.176605,0.003742,0.001629
0,-0.196589,-0.045845,-0.004577,0.047579,-0.016898,0.052724,0.003431,0.0008
0,-0.010052,0.137607,0.175761,0.208508,0.161663,0.224609,0.000175,0.002402
0,0.010531,0.050767,0.016272,-0.09871,-0.033338,-0.070096,0.000184,0.000886
0,0.023324,-0.107879,0.015993,-0.151018,0.055586,-0.170711,0.000407,0.001883
0,-0.126483,-0.026356,-0.168228,0.109751,-0.209352,0.080329,0.002208,0.00046
0,-0.226815,0.081434,-0.079369,0.114272,-0.035315,0.128376,0.003959,0.001421
0,-0.201771,-0.012111,0.050233,-0.095451,0.094937,-0.120085,0.003522,0.000211
0,-0.096006,0.098519,0.114678,0.096894,0.06514,0.049754,0.001676,0.001719
0,0.079496,-0.1017,0.157576,-0.222915,0.205704,-0.220872,0.001387,0.001775
0,-0.22853,-0.07993,-0.298488,0.019806,-0.346241,-0.020068,0.003989,0.001395
0,-0.049269,-0.082478,0.157422,0.006522,0.136915,-0.015303,0.00086,0.00144
0,-0.073928,0.117859,-0.039157,0.172954,-0.048335,0.175776,0.00129,0.002057
0,-0.200973,0.006677,-0.145609,-0.12918,-0.169005,-0.083705,0.003508,0.000117
0,-0.186986,-0.029898,0.036786,-0.024201,-0.003728,-0.02603,0.003264,0.000522
0,0.034669,-0.026578,0.216041,-0.015783,0.192866,0.009484,0.000605,0.000464
0,-0.041597,0.050661,-0.103536,0.097878,-0.075177,0.079152,0.000726,0.000884
0,-0.005153,-0.013648,0.012498,-0.093927,0.017175,-0.047184,9e-05,0.000238
0,0.032952,0.027984,0.059445,0.061958,0.097564,0.091773,0.000575,0.000488
0,0.140358,0.096954,0.105627,0.049427,0.080879,0.03406,0.00245,0.001692
0,0.060662,0.104037,-0.061317,-0.005817,-0.076186,0.031403,0.001059,0.001816
0,-0.025057,0.032045,-0.11362,-0.098315,-0.124534,-0.093017,0.000437,0.000559
0,-0.030056,-0.03212,-0.027628,-0.053914,-0.066282,-0.032151,0.000525,0.000561
0,1.049909,-0.656225,1.085999,-0.620349,1.11388,-0.614491,0.005179,0.000298
0,2.333458,-1.06413,1.291476,-0.386186,1.309057,-0.432671,0.005471,0.004931
0,4.454414,-1.246252,2.127486,-0.20307,2.093694,-0.172468,0.004518,0.001752
0,3.773155,-1.02327,-0.699916,0.231148,-0.689619,0.228435,0.004656,0.005644
0,3.423048,-0.949961,-0.359337,0.083516,-0.31412,0.105605,0.000985,0.004828
0,3.11608,-0.425096,-0.293235,0.537374,-0.337617,0.55002,0.004373,0.004332
0,2.716295,-0.404297,-0.376467,0.005821,-0.369087,0.03476,0.000401,0.004695
0,1.745732,-0.196679,-0.960822,0.205192,-0.936452,0.202256,0.004786,0.003433
0,1.257049,-0.005879,-0.473805,0.188808,-0.522487,0.19952,0.001564,0.000103
0,0.595117,0.158739,-0.667993,0.192664,-0.619769,0.22742,0.001365,0.002771
0,0.311432,0.10842,-0.312089,-0.059621,-0.349511,-0.057055,0.005436,0.001892
0,0.06734,0.060615,-0.236499,-0.064511,-0.227516,-0.052079,0.001175,0.001058
0,-0.056797,0.305719,-0.095723,0.218845,-0.084276,0.203834,0.000991,0.005336
0,-0.218942,0.108457,-0.182849,-0.216649,-0.136885,-0.178755,0.003821,0.001893
0,-0.210193,0.265652,0.036653,0.13031,0.074353,0.170676,0.003669,0.004637
0,-0.330268,0.146329,-0.146939,-0.091631,-0.098749,-0.052289,0.005764,0.002554
0,-0.340328,0.109922,-0.002689,-0.016306,0.036594,0.017098,0.005812,0.001919
0,-0.028711,0.088868,0.336208,-0.01398,0.345123,-0.048041,0.000501,0.001551
0,-0.196645,0.139519,-0.182483,0.047243,-0.188275,0.066758,0.003432,0.002435
0,-0.0976,0.098273,0.12041,-0.041032,0.164797,-0.07822,0.001703,0.001715
0,-0.105178,0.215708,-0.017436,0.091693,-0.047909,0.133154,0.001836,0.003765
0,-0.266537,0.165334,-0.151215,-0.043465,-0.104745,-0.016037,0.004652,0.002886
0,-0.023877,0.210284,0.219796,0.022464,0.233589,-0.023101,0.000417,0.00367
0,-0.152561,0.283093,-0.116931,0.096266,-0.101797,0.04994,0.002663,0.004941
0,-0.193639,0.221381,-0.014556,-0.036607,-0.024793,-0.073805,0.00338,0.003864
0,-0.183974,0.309678,0.027606,0.069946,0.058152,0.1054,0.003211,0.005405
0,-0.197278,0.107874,-0.037615,-0.178012,-0.026346,-0.214894,0.003443,0.001883
0,-0.012631,0.148207,0.16956,0.062374,0.128016,0.061432,0.00022,0.002587
0,-0.012914,0.31472,0.009638,0.148139,-0.020137,0.109489,0.000225,0.005493
0,-0.130523,0.061789,-0.090019,-0.266841,-0.128481,-0.308095,0.002278,0.001078
0,-0.152428,0.001194,-0.05028,-0.08052,-0.065991,-0.061513,0.00266,2.1e-05
0,-0.196054,0.285833,-0.070141,0.270107,-0.03532,0.255775,0.003422,0.004989
0,-0.137556,-0.018916,0.059429,-0.300116,0.0209,-0.279648,0.002401,0.00033
0,-0.177131,0.094445,-0.047463,0.141532,-0.043397,0.137944,0.003092,0.001648
0,-0.137298,0.168577,0.0508,0.100483,0.012509,0.095091,0.002396,0.002942
0,-0.054182,0.206942,0.056903,0.020678,0.0829,0.039298,0.000946,0.003612
0,-0.015054,0.249922,0.019281,0.052491,-0.025685,0.07174,0.000263,0.004362
0,0.000866,0.258826,0.032686,0.006713,-0.006698,-0.024897,1.5e-05,0.004517
0,0.002706,0.052219,0.004054,-0.212305,-0.032992,-0.174777,4.7e-05,0.000911
0,-0.012133,-0.052228,-0.014168,-0.104638,-0.017954,-0.113472,0.000212,0.000912
0,0.035618,-0.017579,0.036392,0.008723,0.045681,0.023729,0.000622,0.000307
0,-0.087147,0.151024,-0.114374,0.193423,-0.075595,0.205581,0.001521,0.002636
0,-0.018634,0.076249,0.077437,-0.065896,0.112326,-0.094514,0.000325,0.001331
0,-0.142228,0.114649,-0.150423,0.03378,-0.141075,0.054812,0.002482,0.002001
0,-0.068477,-0.004414,0.060826,-0.130503,0.049715,-0.10646,0.001195,7.7e-05
0,-8e-06,-0.030142,0.048645,-0.015131,0.019199,-0.065092,0.0,0.000526
0,-0.249809,0.173106,-0.263229,0.223948,-0.30785,0.209559,0.00436,0.003021
0,-0.170093,0.160907,0.057722,-0.030322,0.010028,-0.056118,0.002969,0.002808
0,-0.270681,-0.010352,-0.078328,-0.181805,-0.089654,-0.15706,0.004724,0.000181
0,-0.23134,0.059872,0.017023,0.067308,-0.021626,0.048255,0.004038,0.001045
0,-0.057422,-0.073362,0.171041,-0.118553,0.196212,-0.086156,0.001002,0.00128
0,-0.248885,0.005881,-0.175799,0.053477,-0.139384,0.088552,0.004344,0.000103
0,-0.145342,-0.024135,0.091375,-0.05656,0.065272,-0.061417,0.002537,0.000421
0,0.007481,0.093935,0.175926,0.140353,0.21229,0.10914,0.000131,0.001639
0,-0.107167,-0.021239,-0.102692,-0.110999,-0.114221,-0.100798,0.00187,0.000371
0,-0.156537,-0.042361,-0.031695,0.005983,-0.00748,0.048477,0.002732,0.000739
0,-0.153401,0.028554,0.015571,0.090618,-0.021583,0.044373,0.002677,0.000498
0,-0.05569,0.119536,0.077395,0.113242,0.120813,0.151691,0.000972,0.002086
0,-0.161862,0.124711,-0.122009,-0.024579,-0.080189,0.003146,0.002825,0.002177
0,0.016046,0.055645,0.174477,-0.049321,0.197397,-0.04663,0.00028,0.000971
0,-0.193291,-0.079887,-0.191447,-0.150996,-0.211097,-0.186666,0.003374,0.001394
0,-0.053246,0.137705,0.116769,0.230919,0.096806,0.209877,0.000929,0.002403
0,-0.081255,0.118715,-0.041336,0.006595,-0.01642,-0.040684,0.001418,0.002072
0,-0.16995,0.005145,-0.08853,-0.088134,-0.062799,-0.097199,0.002966,9e-05
0,0.035525,-0.006754,0.178601,0.002428,0.13243,0.044118,0.00062,0.000118
0,-0.029369,-0.096082,-0.066541,-0.095329,-0.076601,-0.10234,0.000513,0.001677
0,-0.13971,-0.097091,-0.133758,-0.02056,-0.17949,-0.070051,0.002438,0.001695
0,-0.193702,-0.009266,-0.039671,0.103686,-0.000562,0.057261,0.003381,0.000162
0,0.114258,0.024611,0.320281,0.045078,0.314102,0.011177,0.001994,0.00043
0,0.031424,0.142258,-0.064284,0.115445,-0.111784,0.119061,0.000548,0.002483
0,0.012276,-0.044903,0.001461,-0.205579,-0.010726,-0.251587,0.000214,0.000784
0,0.017956,-0.110814,-0.005029,-0.046518,0.000735,-0.008569,0.000313,0.001934
0,0.099545,0.01172,0.105228,0.12355,0.155006,0.093225,0.001737,0.000205
0,-0.068245,-0.022886,-0.162302,-0.051627,-0.126611,-0.074325,0.001191,0.000399
0,-0.023488,-0.004099,0.058205,0.031234,0.022235,-0.001966,0.00041,7.2e-05
0,0.042523,0.162987,0.036844,0.174197,0.024977,0.134456,0.000742,0.002845
0,0.027259,-0.077982,-0.009616,-0.213206,-0.052353,-0.215596,0.000476,0.001361
0,-0.000869,-0.03568,-0.024339,0.021169,-0.071433,0.00216,1.5e-05,0.000623
0,0.06906,-0.04132,0.076973,0.022465,0.105821,0.035182,0.001205,0.000721
0,-0.074432,0.101516,-0.147354,0.1382,-0.151763,0.178098,0.001299,0.001772
0,-0.231777,0.120484,-0.129995,0.039739,-0.099392,0.045446,0.004045,0.002103
0,-0.183574,0.046617,0.063908,-0.05548,0.112158,-0.066174,0.003204,0.000814
0,-0.068871,0.030701,0.12001,0.007742,0.106771,-0.000425,0.001202,0.000536
0,-0.292141,-0.0532,-0.196162,-0.107068,-0.165967,-0.146063,0.005099,0.000929
0,-0.087618,-0.03935,0.233051,-0.004665,0.216957,-0.038809,0.001529,0.000687
0,-0.224783,0.125336,-0.161641,0.148061,-0.163138,0.117836,0.003923,0.002188
0,-0.153714,-0.130929,0.072475,-0.267877,0.029575,-0.31619,0.002683,0.002285
0,-0.196817,-0.078861,-0.056684,0.054548,-0.098991,0.005126,0.003435,0.001376
0,-0.232897,0.099546,-0.010184,0.197322,-0.047084,0.181661,0.004065,0.001737
0,-0.286527,0.087947,-0.080157,-0.000531,-0.102037,-0.036997,0.005001,0.001535
0,-0.257179,-0.13793,0.014225,-0.196791,-0.033818,-0.221812,0.004489,0.002407
0,-0.234851,-0.021034,0.024846,0.092515,0.041261,0.120671,0.004099,0.000367
0,-0.110394,0.072011,0.104213,0.086888,0.092818,0.064567,0.001927,0.001257
0,-0.183605,0.131732,-0.063371,0.052356,-0.069776,0.041765,0.003205,0.002299
0,-0.058421,-0.144421,0.105698,-0.265265,0.081081,-0.309364,0.00102,0.002521
0,-0.192899,-0.059215,-0.135551,0.055428,-0.106064,0.033196,0.003367,0.001033
0,-0.152671,0.099974,0.051009,0.161383,0.072318,0.188719,0.002665,0.001745
0,0.063342,-0.07455,0.221198,-0.182671,0.221454,-0.179221,0.001106,0.001301
0,-0.055593,0.119806,-0.11185,0.178606,-0.10907,0.144533,0.00097,0.002091
0,-0.115701,-0.089926,-0.049524,-0.187386,-0.062211,-0.177487,0.002019,0.00157
0,-0.02685,0.01773,0.102712,0.11156,0.121365,0.117968,0.000469,0.000309
0,-0.083619,0.112694,-0.048368,0.118386,-0.050268,0.144577,0.001459,0.001967
0,-0.034039,0.131188,0.053075,0.012805,0.072635,0.060625,0.000594,0.00229
0,-0.092094,-0.058983,-0.080202,-0.168065,-0.123937,-0.170436,0.001607,0.001029
0,-0.184888,-0.045417,-0.069599,0.001384,-0.089833,0.004448,0.003227,0.000793
0,-0.148892,-0.112014,0.057623,-0.054782,0.049089,-0.10002,0.002599,0.001955
0,-0.029744,0.095881,0.111622,0.211012,0.066732,0.237377,0.000519,0.001673
0,0.041214,-0.001575,0.075018,-0.068592,0.058782,-0.069802,0.000719,2.7e-05
0,-0.041514,-0.137931,-0.0698,-0.132084,-0.055544,-0.134472,0.000725,0.002407
0,0.024993,-0.152166,0.052353,-0.017586,0.043483,-0.006643,0.000436,0.002656
0,0.091925,-0.051193,0.085933,0.102921,0.03909,0.143559,0.001604,0.000893
0,-0.062856,0.106804,-0.146171,0.164464,-0.11382,0.133842,0.001097,0.001864
0,0.152684,0.059194,0.204184,-0.051309,0.157787,-0.050991,0.002665,0.001033
0,-0.011634,-0.109256,-0.166497,-0.145915,-0.196636,-0.189883,0.000203,0.001907
0,-0.07106,-0.032234,-0.076522,0.094066,-0.101137,0.074925,0.00124,0.000563
0,0.184728,-0.148892,0.243487,-0.09128,0.206188,-0.140036,0.003224,0.002599
0,-0.068104,-0.086298,-0.239154,0.075388,-0.259509,0.120698,0.001189,0.001506
0,-0.134254,-0.0464,-0.091634,0.041403,-0.061767,0.0704,0.002343,0.00081
0,0.019099,-0.152725,0.165349,-0.089092,0.20551,-0.136801,0.000333,0.002666
0,0.14516,0.063538,0.110436,0.239037,0.130625,0.284123,0.002534,0.001109
0,0.047376,-0.067613,-0.12746,-0.107405,-0.175611,-0.09726,0.000827,0.00118
0,0.08779,-0.091235,0.025627,-0.004112,-0.005456,-0.001763,0.001532,0.001592
0,0.150065,0.040757,0.084622,0.132449,0.086604,0.180253,0.002619,0.000711
0,0.066017,-0.15325,-0.058338,-0.186267,-0.0735,-0.205448,0.001152,0.002675
0,0.132325,0.095383,0.050701,0.255979,0.045276,0.226419,0.00231,0.001665
0,0.18666,0.047905,0.05295,-0.05686,0.08658,-0.019391,0.003258,0.000836
0,0.026996,0.053051,-0.156565,0.016316,-0.16195,0.033107,0.000471,0.000926
0,-0.037345,0.049927,-0.060072,-0.021754,-0.094727,-0.024186,0.000652,0.000871
0,0.113094,0.061986,0.158966,-0.014339,0.146428,-0.05502,0.001974,0.001082
0,0.11557,0.09234,-0.02288,0.01864,0.002392,0.017626,0.002017,0.001612
0,-0.111502,-0.138949,-0.235397,-0.239243,-0.227247,-0.258696,0.001946,0.002425
0,0.002205,0.014535,0.104673,0.159013,0.135226,0.176782,3.8e-05,0.000254
0,-0.120071,0.031559,-0.106724,0.016951,-0.091123,0.021682,0.002096,0.000551
0,-0.027335,0.026419,0.094416,-0.0316,0.102727,-0.040643,0.000477,0.000461
0,-0.085677,-0.041869,-0.077043,-0.065343,-0.110008,-0.073783,0.001495,0.000731
0,0.062314,0.091728,0.142472,0.143736,0.170944,0.107653,0.001088,0.001601
0,0.12419,-0.164612,0.043715,-0.282739,0.005816,-0.283771,0.002168,0.002873
0,0.020437,-0.096395,-0.096078,0.084204,-0.127585,0.043239,0.000357,0.001682
0,-0.004703,0.040044,-0.036603,0.155718,-0.00998,0.169155,8.2e-05,0.000699
0,-0.004576,0.158635,0.015067,0.14065,-0.030715,0.158219,8e-05,0.002769
0,-0.191276,0.149813,-0.206795,-0.034119,-0.184457,0.00408,0.003338,0.002615
0,-0.027193,-0.074651,0.134832,-0.2483,0.15906,-0.272684,0.000475,0.001303
0,0.037069,-0.022147,0.036136,0.024365,0.076812,0.073648,0.000647,0.000387
0,-0.015351,0.059382,-0.057763,0.061043,-0.019562,0.020996,0.000268,0.001036
0,-0.01149,-0.110252,0.004765,-0.180805,-0.008827,-0.132259,0.000201,0.001924
0,-0.285956,-0.073788,-0.295154,0.03643,-0.340759,0.07636,0.004991,0.001288
0,-0.096656,-0.007696,0.185092,0.064384,0.208685,0.060249,0.001687,0.000134
0,-0.179744,0.075605,-0.061301,0.102708,-0.061675,0.102239,0.003137,0.00132
0,-0.213687,0.024368,-0.027363,-0.08062,-0.018039,-0.054738,0.00373,0.000425
0,-0.153367,-0.021783,0.087486,-0.050724,0.081344,-0.088984,0.002677,0.00038
0,-0.165286,0.149167,-0.015193,0.194269,-0.008015,0.219627,0.002885,0.002603
0,-0.277122,0.044191,-0.119107,-0.087677,-0.120742,-0.107677,0.004837,0.000771
0,-0.188305,0.128862,0.096004,0.063373,0.093414,0.104526,0.003287,0.002249
0,-0.180545,0.100829,0.036246,-0.009273,0.034373,-0.054017,0.003151,0.00176
0,-0.21185,0.049769,-0.010638,-0.027096,-0.012367,-0.063978,0.003697,0.000869
0,-1.897091,-1.121424,-1.676776,-1.17425,-1.689404,-1.158911,0.002145,0.003931
0,-2.576011,-1.267961,-0.658724,-0.14769,-0.619473,-0.189488,0.002047,0.001373
0,-2.166537,-1.181175,0.418786,0.072123,0.450829,0.104026,0.002558,0.002888
0,-2.570886,-2.012525,-0.407116,-0.825811,-0.377138,-0.847594,0.002136,0.00013
0,-2.493242,-1.581344,0.085683,0.426565,0.039401,0.455009,0.003492,0.004096
0,-2.264291,-1.663616,0.258838,-0.080718,0.283995,-0.128467,0.004264,0.005532
0,-1.463418,-1.204907,0.784544,0.446031,0.743646,0.440372,0.002038,0.002474
0,-0.910393,-0.872996,0.523171,0.32752,0.522865,0.312377,0.004138,0.003485
0,-0.792759,-0.757745,0.098989,0.12144,0.068878,0.120053,0.002085,0.001473
0,-0.633907,-0.469726,0.131834,0.284552,0.178811,0.279368,0.000688,0.003553
0,-0.460238,-0.239747,0.155619,0.214622,0.115308,0.209756,0.003719,0.004184
0,-0.032682,-0.159393,0.439582,0.078724,0.485684,0.055427,0.00057,0.002782
0,0.075167,0.122343,0.123188,0.255086,0.076197,0.247008,0.001312,0.002135
0,0.07729,0.093045,0.018072,-0.043407,0.042406,-0.030944,0.001349,0.001624
0,0.220774,-0.064704,0.139971,-0.138045,0.172089,-0.111477,0.003853,0.001129
0,0.324454,-0.006857,0.123098,0.039169,0.12408,0.015489,0.005663,0.00012
0,0.225626,0.005548,-0.1002,0.017203,-0.132182,-0.009595,0.003938,9.7e-05
0,0.411646,0.251596,0.164308,0.217897,0.195169,0.262441,0.004567,0.004391
0,0.287723,-0.010751,-0.12431,-0.267448,-0.077077,-0.317355,0.005022,0.000188
0,0.313485,0.257899,0.016082,0.247842,0.022844,0.211374,0.005471,0.004501
0,0.05497,-0.005175,-0.273689,-0.253492,-0.270782,-0.297062,0.000959,9e-05
0,0.250215,0.283165,0.173919,0.312421,0.168103,0.355942,0.004367,0.004942
0,0.187452,0.088457,-0.089281,-0.208523,-0.131136,-0.207455,0.003272,0.001544
0,0.198571,0.195274,0.031387,0.110955,0.068987,0.131231,0.003466,0.003408
0,0.136688,0.275142,-0.073047,0.086372,-0.040954,0.066776,0.002386,0.004802
0,0.187814,0.208007,0.028086,-0.040595,0.040157,-0.070087,0.003278,0.00363
0,0.241766,0.208771,0.063624,0.021549,0.0698,0.024256,0.00422,0.003644
0,0.019887,0.264623,-0.208755,0.060017,-0.245333,0.109241,0.000347,0.004619
0,0.041203,0.083651,-0.008479,-0.160902,-0.023878,-0.158846,0.000719,0.00146
0,-0.006416,0.146581,-0.070601,0.085236,-0.111712,0.112035,0.000112,0.002558
0,0.159547,0.24727,0.178596,0.073455,0.192951,0.05966,0.002785,0.004316
0,0.091575,0.319468,-0.050431,0.096513,-0.079262,0.084666,0.001598,0.005576
0,0.079428,0.134448,-0.041536,-0.199352,-0.06004,-0.232639,0.001386,0.002347
0,0.13459,0.273159,0.033615,0.156588,-7e-05,0.202793,0.002349,0.004768
0,0.071697,0.109767,-0.068356,-0.187297,-0.078074,-0.155333,0.001251,0.001916
0,0.194852,0.161055,0.135867,0.039181,0.160314,0.030382,0.003401,0.002811
0,0.212216,0.207384,0.032,0.066946,0.004732,0.052672,0.003704,0.00362
0,-0.011483,0.232898,-0.208921,0.046382,-0.213645,0.078441,0.0002,0.004065
0,0.219311,0.148924,0.234971,-0.099691,0.218277,-0.109954,0.003828,0.002599
0,0.172308,0.286512,-0.025941,0.138595,-0.044972,0.121837,0.003007,0.005001
0,-0.001034,0.283858,-0.179813,0.019822,-0.171572,0.058649,1.8e-05,0.004954
0,0.154358,0.303159,0.131741,-0.003727,0.136141,-0.001334,0.002694,0.005291
0,-0.03274,0.246184,-0.190911,-0.056444,-0.20513,-0.046409,0.000571,0.004297
0,0.16749,-0.021922,0.180453,-0.279135,0.2099,-0.326616,0.002923,0.000383
0,0.153179,0.107603,-0.003422,0.128888,-0.049627,0.135679,0.002673,0.001878
0,0.108398,-0.03849,-0.045487,-0.123481,-0.017431,-0.150634,0.001892,0.000672
0,0.036196,0.211247,-0.072011,0.278065,-0.029268,0.298789,0.000632,0.003687
0,-0.04033,0.011454,-0.096557,-0.223142,-0.048475,-0.213603,0.000704,0.0002
0,0.07229,-0.087708,0.132608,-0.112835,0.109278,-0.121931,0.001262,0.001531
0,-0.087102,0.196106,-0.153384,0.266548,-0.192805,0.223455,0.00152,0.003423
0,0.167831,0.109413,0.252546,-0.11018,0.248005,-0.094947,0.002929,0.00191
0,0.191523,-0.114344,0.016816,-0.217471,-0.013168,-0.201118,0.003343,0.001996
0,0.062347,0.103148,-0.142087,0.218159,-0.106552,0.19916,0.001088,0.0018
0,0.015499,0.15065,-0.047652,0.025053,-0.063365,0.035355,0.000271,0.002629
0,0.163105,-0.12246,0.171841,-0.275064,0.156508,-0.236711,0.002847,0.002137
0,0.209657,-0.038885,0.02501,0.110498,0.063205,0.138102,0.003659,0.000679
0,0.003786,0.074938,-0.201434,0.102191,-0.246183,0.136245,6.6e-05,0.001308
0,0.122389,-0.104948,0.136209,-0.181672,0.103323,-0.19931,0.002136,0.001832
0,0.10236,-0.028823,-0.027362,0.076754,-0.017633,0.085732,0.001787,0.000503
0,0.000367,0.164198,-0.08177,0.192036,-0.12815,0.15936,6e-06,0.002866
0,0.302495,0.037592,0.294269,-0.153873,0.250073,-0.185547,0.00528,0.000656
0,0.24242,-0.083952,-0.067997,-0.121431,-0.043248,-0.120055,0.004231,0.001465
0,0.208838,0.046359,-0.036844,0.152946,-0.007436,0.171325,0.003645,0.000809
0,0.024594,-0.043678,-0.155279,-0.094639,-0.122761,-0.105519,0.000429,0.000762
0,0.173724,0.028553,0.152546,0.070271,0.123852,0.064147,0.003032,0.000498
0,0.043743,0.026274,-0.159072,0.02147,-0.154346,0.047843,0.000763,0.000459
0,0.150955,0.122311,0.109969,0.073406,0.115497,0.077712,0.002635,0.002135
0,0.167412,-0.069183,0.03072,-0.219569,0.062302,-0.197213,0.002922,0.001207
0,-0.033332,0.07423,-0.228831,0.113559,-0.227231,0.148435,0.000582,0.001296
0,0.053667,0.079113,0.103496,0.009222,0.149446,-0.002493,0.000937,0.001381
0,-0.019821,0.111831,-0.091992,0.012162,-0.122013,0.030356,0.000346,0.001952
0,-0.133177,0.039534,-0.133455,-0.049466,-0.164966,-0.014803,0.002324,0.00069
0,-0.135719,-0.101682,0.009158,-0.125542,0.030194,-0.153079,0.002369,0.001775
0,-0.22593,0.033865,-0.091148,0.15115,-0.075647,0.141611,0.003943,0.000591
0,-0.094692,0.051495,0.133752,0.015259,0.102915,0.03337,0.001653,0.000899
0,-0.127194,0.023679,-0.007972,-0.04901,0.005096,-0.024479,0.00222,0.000413
0,-0.0601,-0.056237,0.057868,-0.062691,0.016669,-0.029407,0.001049,0.000982
0,0.048043,0.157186,0.099537,0.224614,0.11548,0.214224,0.000839,0.002743
0,0.054418,0.180136,0.014198,0.000192,0.026313,0.048,0.00095,0.003144
0,-0.168699,-0.003379,-0.247649,-0.207761,-0.281037,-0.215839,0.002944,5.9e-05
0,-0.093769,0.127078,0.082781,0.130106,0.114756,0.116902,0.001637,0.002218
0,-0.143025,0.117212,-0.070095,0.000334,-0.047871,0.03232,0.002496,0.002046
0,-0.014599,0.10664,0.147503,-0.034516,0.161368,0.009669,0.000255,0.001861
0,-0.195133,-0.093583,-0.179749,-0.186274,-0.215465,-0.223337,0.003406,0.001633
0,-0.213342,-0.08818,-0.003333,-0.022667,0.044289,-0.003835,0.003724,0.001539
0,-0.142797,-0.129861,0.079314,-0.026151,0.071423,0.021523,0.002492,0.002267
0,0.027655,-0.085442,0.15315,0.022865,0.110648,0.049392,0.000483,0.001491
0,-0.175674,-0.043538,-0.174708,0.020164,-0.182024,0.068939,0.003066,0.00076
0,0.02617,0.11677,0.221763,0.173303,0.234756,0.218208,0.000457,0.002038
0,-0.105632,0.077692,-0.130194,-0.036924,-0.098243,-0.04779,0.001844,0.001356
0,-0.150859,-0.098878,-0.036951,-0.186452,-0.08099,-0.168533,0.002633,0.001726
0,-0.17993,0.139961,-0.003917,0.249578,-0.032961,0.273462,0.00314,0.002443
0,-0.022341,0.129321,0.161683,0.007311,0.198165,0.027055,0.00039,0.002257
0,0.033376,-0.108193,0.069571,-0.215232,0.027113,-0.251806,0.000583,0.001888
0,-0.166755,0.184494,-0.201558,0.269927,-0.238288,0.273067,0.00291,0.00322
0,-0.079748,0.203282,0.09393,0.009703,0.12871,-0.035103,0.001392,0.003548
0,-0.094621,0.120243,-0.034967,-0.104585,-0.053395,-0.05848,0.001651,0.002099
0,-0.063666,0.1572,0.044259,0.060671,0.010548,0.024922,0.001111,0.002744
0,-0.137514,-0.027404,-0.052393,-0.194577,-0.074594,-0.17493,0.0024,0.000478
0,0.113309,0.05708,0.263932,0.081027,0.282904,0.06538,0.001978,0.000996
0,0.038763,-0.071608,-0.07109,-0.120416,-0.072268,-0.083507,0.000677,0.00125
0,0.122145,0.14364,0.105526,0.202667,0.059391,0.163662,0.002132,0.002507
0,0.110651,-0.076108,-0.023699,-0.233982,0.001695,-0.269352,0.001931,0.001328
0,0.094107,0.068746,0.012146,0.171398,0.059656,0.182246,0.001642,0.0012
0,-0.021285,-0.07155,-0.137729,-0.118881,-0.09391,-0.123762,0.000371,0.001249
0,-0.126236,0.134049,-0.080321,0.213199,-0.11636,0.192974,0.002203,0.00234
0,-0.068587,-0.072659,0.045308,-0.177121,0.055259,-0.201292,0.001197,0.001268
0,-0.076719,-0.076777,-0.034823,-0.008421,-0.025606,-0.042728,0.001339,0.00134
0,-0.173573,-0.103893,-0.069023,-0.037625,-0.099219,-0.029471,0.003029,0.001813
0,0.039589,-0.035432,0.197299,0.066931,0.154956,0.033348,0.000691,0.000618
0,-0.134328,-0.094914,-0.16726,-0.06501,-0.153599,-0.047725,0.002344,0.001657
0,-0.127699,-0.11281,-0.019943,-0.040078,0.016142,-0.08777,0.002229,0.001969
0,0.001443,0.072761,0.10805,0.156317,0.110794,0.175484,2.5e-05,0.00127
0,0.151907,0.122846,0.125265,0.055484,0.083012,0.089268,0.002651,0.002144
0,0.116643,0.147458,-0.057316,0.053166,-0.035934,0.003833,0.002036,0.002574
0,0.164995,-0.102062,0.045309,-0.225471,0.084134,-0.231652,0.00288,0.001781
0,0.004799,-0.049998,-0.165484,0.038633,-0.135347,0.050979,8.4e-05,0.000873
0,-0.057032,-0.071532,-0.06041,-0.036741,-0.079888,-0.063443,0.000995,0.001248
0,0.122316,0.090014,0.167449,0.167304,0.195749,0.16158,0.002135,0.001571
0,-0.023093,0.091987,-0.130675,0.002423,-0.119304,0.028321,0.000403,0.001605
0,0.122721,-0.041847,0.171411,-0.127642,0.200389,-0.0826,0.002142,0.00073
0,-0.012688,-0.049911,-0.141213,0.002845,-0.180122,-0.03861,0.000221,0.000871
0,0.111678,-0.053319,0.153852,-0.025356,0.14039,-0.047867,0.001949,0.000931
0,0.116924,0.025129,0.000174,0.076484,-0.038216,0.067949,0.002041,0.000439
0,0.007982,-0.0283,-0.093212,-0.076179,-0.10177,-0.064294,0.000139,0.000494
0,0.09979,0.023801,0.084102,0.049724,0.05727,0.05667,0.001742,0.000415
0,0.128582,-0.113136,0.016539,-0.127348,-0.009605,-0.098749,0.002244,0.001975
0,0.036013,0.143695,-0.081512,0.279261,-0.058242,0.256637,0.000629,0.002508
0,-0.025739,0.07878,-0.045983,-0.081482,-0.077505,-0.047778,0.000449,0.001375
0,0.001011,0.011203,0.042785,-0.071048,0.029251,-0.024265,1.8e-05,0.000196
0,-0.013484,0.064501,-0.03629,0.060709,-0.075677,0.084203,0.000235,0.001126
0,0.147812,0.090269,0.182112,0.027331,0.207406,0.012925,0.00258,0.001575
0,0.178539,0.188255,0.041759,0.123541,0.008925,0.089584,0.003116,0.003286
0,0.033541,0.248562,-0.15199,0.057495,-0.137686,0.046354,0.000585,0.004338
0,0.021271,0.002621,-0.014831,-0.22281,-0.006937,-0.271377,0.000371,4.6e-05
0,0.191525,0.081298,0.154316,0.093936,0.15747,0.102265,0.003343,0.001419
0,0.08323,0.220662,-0.13809,0.160536,-0.156378,0.142182,0.001453,0.003851
0,-0.049368,0.1171,-0.120635,-0.127676,-0.079621,-0.168911,0.000862,0.002044
0,-0.17302,0.014522,-0.114405,-0.10082,-0.151224,-0.087692,0.00302,0.000253
0,-0.046821,0.232808,0.123566,0.244181,0.115283,0.246957,0.000817,0.004063
0,-0.071104,0.042658,-0.036554,-0.20426,0.006461,-0.198245,0.001241,0.000745
0,-0.0924,0.141418,-0.001156,0.092771,-0.043045,0.043845,0.001613,0.002468
0,0.021384,0.260142,0.084344,0.129652,0.063876,0.11199,0.000373,0.00454
0,-0.039797,0.160096,-0.041642,-0.08351,-0.061002,-0.050555,0.000695,0.002794
0,0.178197,0.028394,0.228961,-0.116344,0.228759,-0.091061,0.00311,0.000496
0,0.034775,0.095581,-0.149462,0.095707,-0.183723,0.11581,0.000607,0.001668
0,0.128925,0.171997,0.122246,0.061536,0.121923,0.032521,0.00225,0.003002
0,-0.103268,0.016096,-0.261428,-0.142955,-0.242798,-0.117225,0.001802,0.000281
0,-0.040393,0.215846,0.069721,0.175583,0.044856,0.188098,0.000705,0.003767
0,0.160216,0.030565,0.199623,-0.207063,0.245256,-0.206361,0.002796,0.000533
0,0.161722,0.058527,-0.006754,0.035165,-0.016646,0.043313,0.002823,0.001021
0,0.036242,0.256578,-0.112624,0.186698,-0.132311,0.200548,0.000633,0.004478
0,-0.107477,0.042758,-0.172949,-0.185169,-0.2042,-0.171647,0.001876,0.000746
0,-0.062692,0.044426,0.022434,-0.025355,-0.01677,-0.018915,0.001094,0.000775
0,0.177476,0.094756,0.24094,0.041586,0.228423,0.085425,0.003098,0.001654
0,-0.083203,0.093447,-0.277119,0.005283,-0.230139,0.01696,0.001452,0.001631
0,0.191401,0.074375,0.256766,-0.036578,0.274665,-0.021886,0.003341,0.001298
0,-0.07404,0.043129,-0.244452,-0.061053,-0.282471,-0.045504,0.001292,0.000753
0,0.081317,0.109692,0.144948,0.091619,0.179262,0.050294,0.001419,0.001914
0,-0.065087,-0.011384,-0.135718,-0.122612,-0.125135,-0.156745,0.001136,0.000199
0,-0.04002,-0.051263,0.018478,-0.011573,0.036383,-0.053674,0.000698,0.000895
0,-0.078972,-0.06045,-0.015314,0.012697,-0.023536,0.032773,0.001378,0.001055
0,-0.079574,0.053521,-0.003256,0.1181,0.036673,0.106045,0.001389,0.000934
0,-0.100274,-0.091349,-0.001557,-0.15479,0.011799,-0.106027,0.00175,0.001594
0,-0.176984,0.053209,-0.100811,0.131519,-0.139154,0.115912,0.003089,0.000929
0,-0.083223,-0.001911,0.077589,-0.068485,0.090342,-0.036197,0.001453,3.3e-05
0,0.134035,-0.074598,0.243069,-0.072882,0.213054,-0.120579,0.002339,0.001302
0,-0.096961,0.143881,-0.247648,0.190591,-0.226196,0.238553,0.001692,0.002511
0,0.056121,0.141705,0.161798,-0.019802,0.202988,-0.0647,0.00098,0.002473
0,0.014245,-0.078223,-0.013657,-0.248821,-0.035925,-0.237289,0.000249,0.001365
0,-0.142881,-0.059472,-0.143495,0.015924,-0.188974,0.012819,0.002494,0.001038
0,0.121461,-0.098503,0.290084,-0.031835,0.309797,-0.050834,0.00212,0.001719
0,-0.001264,0.00659,-0.109486,0.085617,-0.063964,0.062687,2.2e-05,0.000115
0,-0.053973,-0.041068,-0.076813,-0.054981,-0.090117,-0.036634,0.000942,0.000717
0,0.063436,0.184668,0.140383,0.221133,0.145413,0.244967,0.001107,0.003223
0,-0.13526,-0.07357,-0.2134,-0.250064,-0.231293,-0.212306,0.002361,0.001284
0,-0.114315,0.006035,-0.004912,0.055465,0.025424,0.018625,0.001995,0.000105
0,-0.097293,0.102135,0.008015,0.086827,0.00645,0.038261,0.001698,0.001783
0,-0.036213,0.194662,0.088029,0.08536,0.057647,0.130779,0.000632,0.003397
0,-0.108105,0.113014,-0.078182,-0.108065,-0.09905,-0.086526,0.001887,0.001972
0,0.020585,0.271052,0.152604,0.142084,0.103812,0.148814,0.000359,0.004731
0,-0.07878,0.225503,-0.116066,-0.027126,-0.137954,0.012295,0.001375,0.003936
0,0.064296,0.208089,0.113761,-0.036059,0.107346,-0.082055,0.001122,0.003632
0,0.073466,-0.032068,-0.010455,-0.224667,0.029283,-0.259139,0.001282,0.00056
0,-0.021837,0.000496,-0.091081,0.004503,-0.080452,0.020119,0.000381,9e-06
0,-0.120172,-0.050422,-0.075863,-0.067819,-0.110147,-0.114741,0.002097,0.00088
0,-0.118084,0.04581,-0.023077,0.120452,-0.050655,0.116673,0.002061,0.0008
0,0.023553,0.161938,0.158335,0.090028,0.157893,0.114237,0.000411,0.002826
0,-0.002632,0.189943,0.000577,0.034424,-0.00245,0.054498,4.6e-05,0.003315
0,-0.112691,-0.034488,-0.139807,-0.202316,-0.164885,-0.23521,0.001967,0.000602
0,0.147597,-0.028171,0.270771,-0.004326,0.293688,0.037093,0.002576,0.000492
0,0.008129,-0.014245,-0.140906,0.007381,-0.092453,0.049823,0.000142,0.000249
0,0.013968,0.145926,0.014942,0.159328,0.050566,0.183695,0.000244,0.002547
0,-0.008674,0.038914,-0.022647,-0.127112,-0.047495,-0.079813,0.000151,0.000679
0,-0.084864,0.140083,-0.062796,0.129223,-0.105574,0.141003,0.001481,0.002445
0,0.069483,-0.048533,0.153439,-0.170941,0.111549,-0.13838,0.001213,0.000847
0,-0.189684,0.031365,-0.245823,0.081856,-0.277898,0.070895,0.003311,0.000547
0,0.097238,-0.008554,0.306378,-0.028377,0.349196,-0.009087,0.001697,0.000149
0,0.059689,-0.037344,-0.054995,-0.013439,-0.093985,-0.035124,0.001042,0.000652
0,-0.014795,0.117603,-0.076612,0.171247,-0.034522,0.175233,0.000258,0.002053
0,-0.037107,0.100334,-0.008071,-0.004514,-0.00312,-0.022191,0.000648,0.001751
0,-0.031777,0.085246,0.027755,-0.002871,0.023232,0.041457,0.000555,0.001488
0,-0.115537,-0.072945,-0.106024,-0.178604,-0.098783,-0.188293,0.002016,0.001273
0,-0.282554,0.097185,-0.142467,0.171797,-0.137026,0.140216,0.004932,0.001696
0,-0.177171,-0.043334,0.123922,-0.140829,0.11864,-0.188074,0.003092,0.000756
0,-0.089722,-0.144552,0.061666,-0.118753,0.022344,-0.085265,0.001566,0.002523
0,-0.052933,0.022494,0.057647,0.179398,0.049313,0.134879,0.000924,0.000393
0,-0.098685,0.006465,-0.047119,0.010634,-0.093286,0.018504,0.001722,0.000113
0,0.031008,0.132786,0.149148,0.108963,0.105463,0.121026,0.000541,0.002318
0,-0.178691,-0.000212,-0.194049,-0.153542,-0.161772,-0.112942,0.003119,4e-06
0,-0.112691,0.013407,0.080632,0.019738,0.119906,0.057622,0.001967,0.000234
0,0.102713,-0.025956,0.20189,-0.042471,0.212807,-0.088192,0.001793,0.000453
0,-0.004127,0.098179,-0.096723,0.136922,-0.048205,0.121436,7.2e-05,0.001714
0,0.065118,0.102588,0.087359,-0.014118,0.109608,0.020847,0.001137,0.00179
0,-0.130744,-0.089957,-0.20675,-0.164045,-0.172719,-0.156703,0.002282,0.00157
0,0.034428,-0.151636,0.158536,-0.079223,0.183229,-0.093797,0.000601,0.002647
0,-0.024657,-0.157997,-0.051677,-0.01503,-0.077455,-0.063818,0.00043,0.002758
0,0.028571,-0.0083,0.075515,0.14311,0.046923,0.183356,0.000499,0.000145
0,-0.047374,0.042088,-0.103395,0.026236,-0.103713,-0.001616,0.000827,0.000735
0,-0.044106,-0.133712,0.024088,-0.161254,-0.011002,-0.122589,0.00077,0.002334
0,-0.215525,-0.050683,-0.166326,0.107861,-0.162788,0.073273,0.003762,0.000885
0,0.091176,-0.129652,0.322452,-0.107203,0.352936,-0.069346,0.001591,0.002263
0,-0.055421,-0.068705,-0.146666,0.051958,-0.10182,0.025928,0.000967,0.001199
0,0.05552,0.065251,0.140701,0.124533,0.13198,0.164506,0.000969,0.001139
0,0.100623,-0.028534,0.048837,-0.086688,0.011272,-0.083703,0.001756,0.000498
0,0.012065,0.084127,-0.101546,0.102881,-0.133374,0.06397,0.000211,0.001468
0,-0.126667,0.09822,-0.126583,0.020982,-0.115997,-0.011934,0.002211,0.001714
0,0.085851,-0.081823,0.235903,-0.202203,0.208308,-0.239344,0.001498,0.001428
0,-0.09785,0.092294,-0.182785,0.165754,-0.224769,0.201,0.001708,0.001611
0,-0.201409,-0.041764,-0.110823,-0.110448,-0.097218,-0.138717,0.003515,0.000729
0,-0.175465,0.08686,0.034531,0.114746,-0.007075,0.133362,0.003062,0.001516
0,-0.162079,0.097928,0.034631,0.006333,0.012749,0.012183,0.002829,0.001709
0,-0.128247,-0.036672,0.055842,-0.138595,0.086487,-0.128556,0.002238,0.00064
0,-0.141844,0.069939,-0.03157,0.132518,0.00558,0.09746,0.002476,0.001221
0,-0.102099,-0.042626,0.060585,-0.104982,0.021906,-0.108646,0.001782,0.000744
0,-0.092317,0.062736,-0.005371,0.130159,0.032828,0.083524,0.001611,0.001095
0,-0.021193,0.181373,0.059857,0.096497,0.056435,0.134401,0.00037,0.003166
0,-0.012798,0.122133,0.018579,-0.04584,0.012695,-0.005012,0.000223,0.002132
0,0.168691,-0.017119,0.180617,-0.165298,0.225359,-0.150858,0.002944,0.000299
0,0.005715,0.12469,-0.151968,0.158364,-0.19843,0.197086,0.0001,0.002176
0,0.193564,0.155214,0.163409,0.057451,0.135611,0.08442,0.003378,0.002709
0,0.084619,0.089568,-0.128581,-0.095447,-0.143806,-0.059749,0.001477,0.001563
0,0.094252,0.078721,0.011078,-0.011301,-0.033948,0.009006,0.001645,0.001374
0,0.120055,-0.079643,0.003474,-0.170375,-0.004707,-0.143419,0.002095,0.00139
0,0.191434,-0.076935,0.087371,-0.023502,0.113834,-0.064848,0.003341,0.001343
0,-0.056108,0.108157,-0.273475,0.210033,-0.241353,0.235137,0.000979,0.001888
0,0.114775,0.198581,0.167962,0.102464,0.131382,0.072858,0.002003,0.003466
0,-0.029259,-0.092591,-0.115267,-0.277864,-0.136889,-0.239261,0.000511,0.001616
0,0.114064,0.006651,0.141679,0.124278,0.117222,0.111523,0.001991,0.000116
0,0.03175,0.149179,-0.056793,0.147086,-0.042602,0.155045,0.000554,0.002604
0,-0.03164,0.14786,-0.037051,0.001927,-0.067257,-0.031921,0.000552,0.002581
0,-0.120933,-0.0013,-0.1037,-0.159598,-0.147207,-0.149613,0.002111,2.3e-05
0,-0.123195,-0.005235,0.008879,0.014208,0.051262,0.053934,0.00215,9.1e-05
0,-0.141749,-0.002937,-0.038355,0.017278,-0.02534,-0.032378,0.002474,5.1e-05
0,0.069369,0.191715,0.236635,0.212369,0.207106,0.205401,0.001211,0.003346
0,-0.000152,0.001069,-0.074741,-0.214882,-0.103477,-0.181179,3e-06,1.9e-05
0,-0.100034,0.131003,-0.071798,0.158438,-0.089463,0.122079,0.001746,0.002286
0,-0.087982,0.164387,0.025676,0.00912,0.016973,-0.009932,0.001536,0.002869
0,-0.104234,0.082308,-0.002309,-0.054939,-0.04704,-0.056405,0.001819,0.001437
0,0.067042,-0.082716,0.179718,-0.149542,0.189937,-0.107026,0.00117,0.001444
0,0.079522,0.090617,0.03205,0.156026,0.000181,0.139578,0.001388,0.001582
0,-0.019093,-0.121244,-0.076857,-0.239654,-0.122302,-0.267318,0.000333,0.002116
0,-0.133777,0.003695,-0.118906,0.102904,-0.103167,0.106154,0.002335,6.4e-05
0,-0.001659,-0.010507,0.124884,-0.02127,0.135545,-0.060174,2.9e-05,0.000183
0,-0.149575,0.171327,-0.177222,0.157673,-0.195282,0.149746,0.002611,0.00299
0,-0.116115,-0.03711,0.034881,-0.236621,0.032001,-0.24754,0.002027,0.000648
0,0.037775,-0.096135,0.140157,-0.035399,0.188056,-0.006498,0.000659,0.001678
0,-0.126262,0.086721,-0.156768,0.183135,-0.137309,0.149875,0.002204,0.001514
0,-0.050773,0.03846,0.104209,-0.062395,0.124479,-0.086448,0.000886,0.000671
0,0.035484,-0.027373,0.114979,-0.086778,0.068937,-0.044752,0.000619,0.000478
0,0.004199,0.060771,-0.035676,0.071223,-0.001588,0.031324,7.3e-05,0.001061
0,-0.039921,0.063995,-0.03698,0.009791,-0.080073,0.039825,0.000697,0.001117
0,-0.083883,-0.016959,-0.06436,-0.107547,-0.017913,-0.113833,0.001464,0.000296
0,-0.042684,-0.026135,0.036854,-0.031389,-0.007622,0.013711,0.000745,0.000456
0,-0.04649,-0.125739,0.008956,-0.08938,0.049534,-0.052615,0.000811,0.002195
0,0.170736,-0.133881,0.189609,0.019057,0.179601,0.025723,0.00298,0.002337
0,-0.106192,-0.025589,-0.29683,0.108218,-0.338767,0.085501,0.001853,0.000447
0,-0.022146,-0.151469,0.099813,-0.11008,0.074274,-0.137125,0.000387,0.002644
0,0.130011,0.096936,0.175221,0.270453,0.13586,0.234909,0.002269,0.001692
0,0.149792,-0.00948,0.017114,-0.130474,0.025683,-0.131804,0.002614,0.000165
0,0.065129,-0.176892,-0.087868,-0.194067,-0.043541,-0.208234,0.001137,0.003087
0,-0.165722,-0.109024,-0.24006,0.081291,-0.212277,0.12816,0.002892,0.001903
0,-0.037968,-0.123282,0.099939,-0.009989,0.124667,-0.042495,0.000663,0.002152
0,0.087712,0.076759,0.12833,0.18666,0.176004,0.181211,0.001531,0.00134
0,-0.069869,-0.037063,-0.161641,-0.114771,-0.120008,-0.11755,0.001219,0.000647
0,0.04876,-0.110426,0.1037,-0.077013,0.073142,-0.121103,0.000851,0.001927
0,-0.010112,0.084031,-0.050398,0.214485,-0.095764,0.262491,0.000176,0.001467
0,-0.096826,0.096341,-0.102216,0.004837,-0.09683,0.02715,0.00169,0.001681
0,-0.239515,-0.006157,-0.14441,-0.13094,-0.148885,-0.081349,0.00418,0.000107
0,-0.196376,0.122693,0.023643,0.151965,0.01861,0.146663,0.003427,0.002141
0,-0.036085,-0.051741,0.167323,-0.176182,0.143575,-0.161503,0.00063,0.000903
0,-0.284714,0.10716,-0.269811,0.137027,-0.280791,0.124103,0.004969,0.00187
0,-0.19884,0.14016,0.11265,0.02495,0.113731,0.001704,0.00347,0.002446
0,-0.119984,0.073613,0.070935,-0.065185,0.037014,-0.096638,0.002094,0.001285
0,0.046809,0.084168,0.15236,-0.011873,0.182213,-0.022025,0.000817,0.001469
0,-0.093182,-0.070682,-0.122685,-0.15684,-0.162782,-0.120197,0.001626,0.001234
0,-0.141361,0.067887,-0.021711,0.151145,0.023043,0.158627,0.002467,0.001185
0,-0.092405,-0.075929,0.070282,-0.119701,0.089073,-0.083593,0.001613,0.001325
0,0.050989,-0.176963,0.161505,-0.107563,0.168071,-0.113622,0.00089,0.003089
0,0.068367,-0.013776,-0.002671,0.189423,-0.012528,0.172267,0.001193,0.00024
0,-0.150709,-0.149023,-0.219216,-0.110591,-0.246429,-0.132869,0.00263,0.002601
0,-0.13914,-0.04512,0.017747,0.101113,-0.025742,0.138614,0.002428,0.000787
0,-0.021045,-0.063184,0.091214,-0.014095,0.097567,0.016151,0.000367,0.001103
0,-0.068436,0.062449,-0.075911,0.135029,-0.050787,0.1649,0.001194,0.00109
0,0.013248,-0.049616,0.059053,-0.088075,0.089085,-0.05744,0.000231,0.000866
0,-0.03557,-0.045388,-0.074899,-0.000784,-0.089312,0.004149,0.000621,0.000792
0,-0.115384,0.049294,-0.096722,0.109785,-0.121046,0.093787,0.002014,0.00086
0,0.019055,-0.086379,0.160988,-0.129132,0.160673,-0.112105,0.000333,0.001508
0,0.056923,-0.027544,0.036467,0.056877,-0.001724,0.055987,0.000993,0.000481
0,-0.006448,0.040416,-0.05613,0.094893,-0.059209,0.109424,0.000113,0.000705
0,-0.036952,-0.068008,-0.045027,-0.110208,-0.066246,-0.139937,0.000645,0.001187
0,-0.177817,-0.078502,-0.157573,-0.029737,-0.158729,-0.057445,0.003103,0.00137
0,-0.19273,-0.058849,-0.032692,0.048265,0.013331,0.073447,0.003364,0.001027
0,-0.184032,-0.096421,-0.005051,-0.01174,-0.02972,-0.03194,0.003212,0.001683
0,-0.070149,-0.176522,0.103932,-0.071074,0.112703,-0.042695,0.001224,0.003081
0,0.019702,0.011828,0.067856,0.166084,0.075531,0.123259,0.000344,0.000206
0,0.116797,0.132443,0.115531,0.094948,0.163926,0.131247,0.002038,0.002312
0,-0.017488,0.0985,-0.158143,-0.006268,-0.147915,0.023283,0.000305,0.001719
0,0.002929,-0.114674,0.011471,-0.224345,-0.021799,-0.22349,5.1e-05,0.002001
0,0.158491,-0.107167,0.181225,0.025419,0.221087,0.021827,0.002766,0.00187
0,0.160859,0.147899,-0.014892,0.257677,-0.020417,0.27222,0.002808,0.002581
0,-0.007388,0.042398,-0.181368,-0.087937,-0.148977,-0.09669,0.000129,0.00074
0,0.014662,0.00086,0.012541,-0.01724,0.040295,0.024297,0.000256,1.5e-05
0,0.004818,0.10868,-0.013369,0.123478,0.008155,0.141709,8.4e-05,0.001897
0,0.049044,-0.072989,0.021009,-0.174041,0.022302,-0.147247,0.000856,0.001274
0,0.024767,-0.129422,-0.040793,-0.062352,-0.009018,-0.081547,0.000432,0.002259
0,0.085999,0.11299,0.065009,0.263171,0.044463,0.267074,0.001501,0.001972
0,0.105841,-0.061362,0.030284,-0.186863,-0.005128,-0.227271,0.001847,0.001071
0,-0.126047,-0.072714,-0.216242,-0.011727,-0.215545,-0.009702,0.0022,0.001269
0,-0.223362,-0.113758,-0.102048,-0.020994,-0.065243,-0.011552,0.003898,0.001985
0,-0.172835,0.113755,0.022897,0.224918,0.011338,0.247936,0.003017,0.001985
0,-0.175109,0.090437,-0.015544,-0.051224,0.024363,-0.02371,0.003056,0.001578
0,-0.150694,0.137921,0.00793,0.032148,-0.029953,0.045664,0.00263,0.002407
0,0.003231,-0.089236,0.147243,-0.22384,0.180829,-0.182221,5.6e-05,0.001557
0,-0.21327,-0.13075,-0.214396,-0.031504,-0.229495,-0.006625,0.003722,0.002282
0,-0.06099,0.004564,0.159764,0.150009,0.155416,0.177778,0.001064,8e-05
0,-0.079104,-0.151701,0.005944,-0.17135,0.048915,-0.185682,0.001381,0.002648
0,-0.051017,0.039483,0.02253,0.179101,-0.01402,0.183786,0.00089,0.000689
0,-0.145998,-0.0439,-0.117453,-0.053814,-0.159143,-0.075779,0.002548,0.000766
0,-0.071545,-0.016836,0.075771,-0.002123,0.077954,0.020786,0.001249,0.000294
0,-0.158997,-0.09458,-0.094268,-0.086253,-0.078915,-0.1313,0.002775,0.001651
0,-0.237655,-0.091257,-0.095937,-0.012833,-0.06255,0.034278,0.004148,0.001593
0,-0.193639,-0.036163,0.057911,0.06035,0.091683,0.084082,0.00338,0.000631
0,0.024403,-0.085625,0.220271,-0.051685,0.265801,-0.061011,0.000426,0.001494
0,-0.192462,0.034111,-0.218709,0.120634,-0.182367,0.105982,0.003359,0.000595
0,0.049329,-0.022278,0.252017,-0.046074,0.202666,-0.052568,0.000861,0.000389
0,-0.010342,-0.051165,-0.056639,-0.011538,-0.010809,0.016939,0.00018,0.000893
0,-0.189467,0.010907,-0.172322,0.050182,-0.192698,0.097019,0.003307,0.00019
0,-0.165482,-0.031964,-0.001305,-0.022179,0.035516,0.015373,0.002888,0.000558
0,-0.184837,0.006899,-0.019997,0.035491,-0.068443,-0.000967,0.003226,0.00012
0,0.034201,0.001399,0.245113,-0.010835,0.271276,0.035815,0.000597,2.4e-05
0,-0.041432,-0.126725,-0.083004,-0.14326,-0.124955,-0.136275,0.000723,0.002212
0,-0.089897,-0.077727,-0.047971,0.073487,-0.068299,0.120751,0.001569,0.001357
0,-0.021726,-0.079462,0.039,-0.018686,0.009577,0.018266,0.000379,0.001387
0,0.023057,-0.140694,0.02484,-0.040786,0.012568,-0.029144,0.000402,0.002456
0,0.157506,0.005038,0.145754,0.131655,0.168186,0.16711,0.002749,8.8e-05
0,-0.041813,-0.076789,-0.179052,-0.052061,-0.212269,-0.081961,0.00073,0.00134
0,0.075653,-0.156258,0.100086,-0.072902,0.096434,-0.087213,0.00132,0.002727
0,0.08834,0.014757,0.017754,0.192867,-0.00926,0.173749,0.001542,0.000258
0,0.088043,0.027496,0.007869,-0.003649,0.012522,-0.001523,0.001537,0.00048
0,-0.113977,-0.113848,-0.212218,-0.165639,-0.177776,-0.180878,0.001989,0.001987
0,0.066113,-0.134252,0.166353,-0.027748,0.127975,-0.018041,0.001154,0.002343
0,0.071924,0.155009,-0.007604,0.303204,-0.056323,0.305045,0.001255,0.002705
0,0.131945,0.137893,0.044645,-0.035559,0.040791,-0.007343,0.002303,0.002407
0,-0.08442,0.052754,-0.186743,-0.063955,-0.231948,-0.027522,0.001473,0.000921
0,0.050825,-0.098633,0.109211,-0.137438,0.103779,-0.087748,0.000887,0.001721
0,-0.095707,0.0997,-0.139694,0.199403,-0.16738,0.232649,0.00167,0.00174
0,0.018448,0.126281,0.114996,0.030048,0.096958,-0.00126,0.000322,0.002204
0,-0.093445,0.104901,-0.099504,-0.000551,-0.124318,0.00042,0.001631,0.001831
0,0.098302,-0.066015,0.170552,-0.184351,0.169484,-0.207252,0.001716,0.001152
0,-0.046952,-0.148496,-0.152985,-0.088435,-0.112699,-0.064232,0.000819,0.002592
0,0.115316,-0.182279,0.145975,-0.041041,0.122214,-0.059161,0.002013,0.003181
0,-0.039693,-0.18622,-0.164769,0.012877,-0.124232,0.015063,0.000693,0.00325
0,-0.01145,0.050236,0.007185,0.21162,0.007262,0.203396,0.0002,0.000877
0,-0.080869,-0.105313,-0.06133,-0.165855,-0.020378,-0.118419,0.001411,0.001838
0,-0.009429,0.108207,0.050125,0.22099,0.076704,0.208703,0.000165,0.001889
0,0.003965,-0.160669,-0.010216,-0.250312,-0.049277,-0.261099,6.9e-05,0.002804
0,-0.022941,-0.100588,-0.014135,0.048291,0.007763,0.02146,0.0004,0.001756
0,0.109092,-0.098739,0.114715,-0.008946,0.105068,0.039799,0.001904,0.001723
0,0.157553,-0.026915,0.048245,0.05763,0.03286,0.083822,0.00275,0.00047
0,0.0675,0.042223,-0.10713,0.087298,-0.106503,0.055297,0.001178,0.000737
0,0.113614,0.022001,0.043101,-0.036409,0.066791,-0.025028,0.001983,0.000384
0,-0.094301,-0.166557,-0.213179,-0.159052,-0.19375,-0.167739,0.001646,0.002907
0,0.028494,-0.083465,0.106471,0.059956,0.138872,0.097987,0.000497,0.001457
0,-0.164569,0.043981,-0.219842,0.14239,-0.233669,0.120286,0.002872,0.000768
0,-0.02203,-0.146371,0.141722,-0.2112,0.175786,-0.193212,0.000384,0.002555
0,-0.141353,0.093612,-0.147289,0.247662,-0.120244,0.227098,0.002467,0.001634
0,-0.028342,-0.034837,0.108549,-0.137561,0.111638,-0.185906,0.000495,0.000608
0,-0.113388,-0.0086,-0.090745,0.037152,-0.098894,0.066662,0.001979,0.00015
0,-0.059114,-0.112315,0.064738,-0.130474,0.071461,-0.087304,0.001032,0.00196
0,0.094403,0.033366,0.162114,0.138047,0.197777,0.15116,0.001648,0.000582
0,-0.023604,-0.113995,-0.131813,-0.142568,-0.171882,-0.1041,0.000412,0.00199
0,-0.021712,0.073898,-0.020975,0.161918,-0.025778,0.13377,0.000379,0.00129
0,0.042631,-0.045015,0.044207,-0.106717,0.027509,-0.110936,0.000744,0.000786
0,-0.06637,-0.005881,-0.121602,0.011955,-0.157362,0.008016,0.001158,0.000103
0,-0.127174,0.051387,-0.042838,0.050782,-0.001848,0.04269,0.00222,0.000897
0,0.112753,0.140844,0.250689,0.092507,0.232974,0.132367,0.001968,0.002458
0,0.102762,0.000238,0.003798,-0.134206,-0.044006,-0.148795,0.001794,4e-06
0,-0.053917,0.086716,-0.157916,0.100416,-0.196128,0.137207,0.000941,0.001513
0,-0.083482,0.087778,-0.02385,-0.020648,-0.031336,-0.058289,0.001457,0.001532
0,-0.165329,0.166536,-0.07465,0.073096,-0.089063,0.107734,0.002886,0.002907
0,0.078426,0.097379,0.256113,-0.063891,0.248479,-0.069113,0.001369,0.0017
0,-0.039795,-0.024362,-0.118742,-0.12648,-0.091155,-0.152624,0.000695,0.000425
0,0.10228,-0.130542,0.114767,-0.110509,0.143196,-0.100467,0.001785,0.002278
0,0.081011,-0.095749,-0.025591,0.01397,-0.012387,0.020052,0.001414,0.001671
0,0.122757,-0.1008,0.030203,-0.025606,0.029927,-0.044769,0.002143,0.001759
0,0.171581,-0.00161,0.052003,0.120354,0.002055,0.14444,0.002995,2.8e-05
0,0.010853,0.068965,-0.182176,0.068411,-0.137863,0.077479,0.000189,0.001204
0,0.241883,0.082513,0.201504,0.004428,0.218317,0.010736,0.004222,0.00144
0,0.175448,-0.102931,-0.044761,-0.213996,-0.017447,-0.220096,0.003062,0.001796
0,0.135777,-0.099957,-0.020353,0.001522,0.023275,-0.018688,0.00237,0.001745
0,0.146158,0.052604,0.018809,0.141724,0.002837,0.09637,0.002551,0.000918
0,0.111186,-0.011458,-0.015924,-0.067457,-0.054193,-0.105386,0.001941,0.0002
0,0.003044,0.126011,-0.118851,0.107763,-0.137351,0.109841,5.3e-05,0.002199
0,-0.072474,0.10084,-0.048263,0.004471,-0.026231,-0.004639,0.001265,0.00176
0,0.035193,0.132067,0.108552,0.050626,0.102447,0.050327,0.000614,0.002305
0,0.103205,-0.047957,0.08159,-0.172772,0.054372,-0.141025,0.001801,0.000837
0,0.122571,-0.077222,-0.006101,-0.012238,0.040911,0.009284,0.002139,0.001348
0,0.215759,0.376666,0.063774,0.42658,0.017771,0.381208,0.003766,0.005178
0,0.286244,0.732263,0.047894,0.33763,0.096266,0.308945,0.004996,0.001029
0,1.032879,0.762805,0.752215,0.010971,0.759133,0.051063,0.005476,0.001562
0,0.775978,0.688933,-0.243828,-0.09616,-0.262431,-0.137268,0.001792,0.000272
0,0.632871,0.637886,-0.123436,-0.0619,-0.153244,-0.019354,0.000706,0.000618
0,0.448189,0.455261,-0.208607,-0.169869,-0.163788,-0.145757,0.003929,0.003806
0,0.274506,0.335304,-0.145027,-0.094589,-0.156305,-0.130295,0.004791,0.005852
0,0.08513,0.361473,-0.205657,0.025135,-0.239037,0.070704,0.001486,0.005443
0,0.067641,0.278417,-0.01554,-0.082232,0.022031,-0.034287,0.001181,0.004859
0,0.094334,-0.048903,0.006552,-0.324569,0.041998,-0.322787,0.001646,0.000854
0,0.283418,-0.025027,0.201776,0.012647,0.191913,0.051722,0.004947,0.000437
0,0.227303,0.069409,-0.038305,0.073085,-0.060742,0.120035,0.003967,0.001211
0,0.134631,0.033056,-0.111177,-0.03905,-0.106369,-0.067271,0.00235,0.000577
0,0.14882,0.144812,0.032303,0.139056,0.028025,0.11448,0.002597,0.002527
0,0.172645,0.123241,0.006023,-0.027428,-0.028523,-0.035357,0.003013,0.002151
0,0.09988,-0.010631,-0.076577,-0.16322,-0.038526,-0.202918,0.001743,0.000186
0,4.268687,-0.104393,4.19155,-0.073418,4.202664,-0.101404,0.003992,0.001822
0,3.999771,-0.197748,-0.265055,-0.123301,-0.293333,-0.076376,0.000701,0.003451
0,4.246462,-0.190928,0.252052,0.020421,0.2292,0.04974,0.003605,0.003332
0,4.191555,-0.14212,-0.075119,0.035104,-0.105195,0.00624,0.002646,0.00248
0,3.391745,-0.293302,-0.797976,-0.125487,-0.83892,-0.0848,0.000439,0.005119
0,3.561572,-0.31487,0.152841,0.001137,0.159534,0.014761,0.003403,0.005496
0,3.127754,-0.195323,-0.413344,0.115546,-0.36763,0.132818,0.004169,0.003409
0,2.158597,-0.231368,-0.974298,-0.065098,-0.986757,-0.053793,0.00242,0.004038
0,1.752963,-0.356358,-0.376929,-0.097814,-0.422114,-0.146651,0.00466,0.005532
0,0.995175,-0.245057,-0.760073,0.09188,-0.803567,0.070769,0.005617,0.004277
0,0.342967,-0.087301,-0.658268,0.155806,-0.611908,0.126325,0.005766,0.001524
0,-0.090413,-0.154805,-0.405432,-0.0598,-0.426312,-0.036996,0.001578,0.002702
0,-0.112972,-0.072389,0.000944,0.068165,-0.016955,0.112067,0.001972,0.001263
0,-0.358512,-0.094218,-0.260356,-0.038962,-0.284104,-0.033385,0.005494,0.001644
0,-0.244921,-0.050378,0.104569,0.017171,0.133267,-0.028483,0.004275,0.000879
0,-0.139235,-0.127338,0.087252,-0.094945,0.13722,-0.10903,0.00243,0.002222
0,-0.294169,-0.286943,-0.178645,-0.129637,-0.153106,-0.096829,0.005134,0.005008
0,-0.338967,-0.180231,-0.067788,0.127222,-0.025966,0.172994,0.005836,0.003146
0,-0.089252,-0.107224,0.248491,0.043218,0.291504,0.054187,0.001558,0.001871
0,-0.130195,-0.147034,-0.061549,-0.01922,-0.06727,-0.0561,0.002272,0.002566
0,-0.001019,-0.079377,0.10197,0.04069,0.13489,0.034679,1.8e-05,0.001385
0,-0.212535,-0.263044,-0.186481,-0.16644,-0.223567,-0.175801,0.003709,0.004591
0,-0.054974,-0.225791,0.18674,0.014178,0.213292,-0.035254,0.000959,0.003941
0,-0.08793,0.003214,-0.051974,0.214006,-0.063481,0.171024,0.001535,5.6e-05
0,-0.265955,-0.172437,-0.170563,-0.187636,-0.215288,-0.146593,0.004642,0.00301
0,-0.017369,-0.07645,0.244193,0.089316,0.215964,0.136168,0.000303,0.001334
0,-0.223543,-0.085432,-0.227923,-0.003323,-0.191731,0.001517,0.003902,0.001491
0,-0.004783,-0.008985,0.230115,0.094054,0.210093,0.122484,8.3e-05,0.000157
0,-0.076137,-0.279528,-0.097209,-0.274014,-0.122558,-0.262233,0.001329,0.004879
0,-0.203901,-0.134213,-0.138975,0.122195,-0.097897,0.099885,0.003559,0.002342
0,-0.00843,-0.03615,0.224146,0.112642,0.23693,0.100677,0.000147,0.000631
0,-0.077138,-0.237116,-0.054565,-0.178836,-0.056798,-0.156951,0.001346,0.004138
0,-0.09388,-0.112163,-0.019879,0.095371,0.008788,0.045601,0.001639,0.001958
0,0.072658,0.026267,0.18337,0.154935,0.170285,0.149509,0.001268,0.000458
0,-0.073628,-0.167085,-0.170737,-0.208285,-0.214545,-0.256768,0.001285,0.002916
0,-0.18186,-0.092215,-0.111685,0.061558,-0.12855,0.079839,0.003174,0.001609
0,0.078027,0.113355,0.282647,0.196204,0.275737,0.186126,0.001362,0.001978
0,-0.025352,0.105241,-0.083618,-0.034987,-0.101572,0.006928,0.000442,0.001837
0,0.009539,0.017462,0.011275,-0.110893,0.030499,-0.134944,0.000166,0.000305
0,0.08149,-0.166471,0.069111,-0.176201,0.055448,-0.219175,0.001422,0.002905
0,-0.003829,0.046141,-0.058748,0.216511,-0.074198,0.19203,6.7e-05,0.000805
0,0.070988,0.068794,0.075049,0.011621,0.115866,-0.023136,0.001239,0.001201
0,-0.00103,-0.028838,-0.051449,-0.091021,-0.048087,-0.09293,1.8e-05,0.000503
0,-0.203154,0.034032,-0.200388,0.088162,-0.154871,0.134345,0.003546,0.000594
0,-0.031076,0.152259,0.154204,0.099771,0.200084,0.052511,0.000542,0.002657
0,-0.070311,0.151838,-0.055407,-0.008945,-0.05533,-0.02387,0.001227,0.00265
0,-0.007567,-0.053898,0.065033,-0.194997,0.091661,-0.167023,0.000132,0.000941
0,-0.151555,0.013273,-0.12685,0.073602,-0.150872,0.101979,0.002645,0.000232
0,-0.096301,0.115558,0.069753,0.090828,0.034394,0.120091,0.001681,0.002017
0,-0.142141,0.083519,-0.052484,-0.02765,-0.088769,-0.011215,0.002481,0.001458
0,0.030595,7.6e-05,0.200818,-0.091936,0.1765,-0.053403,0.000534,1e-06
0,-0.006268,-0.054495,-0.052684,-0.02561,-0.006457,0.005207,0.000109,0.000951
0,0.008858,0.012898,-0.011547,0.057655,-0.037767,0.071181,0.000155,0.000225
0,-0.269016,0.012642,-0.260909,-0.019675,-0.231073,-0.022982,0.004695,0.000221
0,-0.194395,-0.09402,0.096022,-0.125557,0.10511,-0.086783,0.003393,0.001641
0,-0.103831,0.08299,0.080956,0.18461,0.075447,0.151738,0.001812,0.001448
0,-0.116659,0.043147,0.011321,-0.061545,0.009272,-0.070266,0.002036,0.000753
0,-0.095976,-0.016731,0.008745,-0.065613,0.012766,-0.081203,0.001675,0.000292
0,-0.143818,-0.100631,-0.027299,-0.068556,-0.011733,-0.071697,0.00251,0.001756
0,0.112607,0.021164,0.261923,0.1482,0.273644,0.170546,0.001965,0.000369
0,-0.093482,0.195343,-0.180158,0.188399,-0.13846,0.176746,0.001632,0.003409
0,0.030814,0.047308,0.124359,-0.121504,0.118456,-0.099071,0.000538,0.000826
0,0.005587,-0.069035,-0.034151,-0.104906,-0.07842,-0.144743,9.8e-05,0.001205
0,0.025033,0.050451,0.048978,0.10517,0.004984,0.102998,0.000437,0.000881
0,-0.036109,0.038328,-0.07712,0.017711,-0.098519,0.058023,0.00063,0.000669
0,0.056423,0.164408,0.110244,0.103889,0.09005,0.121247,0.000985,0.002869
0,0.06113,0.081528,-0.002383,-0.091841,-0.03459,-0.138507,0.001067,0.001423
0,0.110952,-0.000971,0.020962,-0.055154,0.032061,-0.103915,0.001936,1.7e-05
0,0.069684,-0.039654,-0.02745,-0.026165,-0.059146,-0.045905,0.001216,0.000692
0,-0.126693,-0.082865,-0.168202,-0.053297,-0.199183,-0.04792,0.002211,0.001446
0,0.014655,-0.096077,0.120652,-0.024675,0.165999,-0.012921,0.000256,0.001677
0,0.094306,0.145026,0.056281,0.267972,0.029785,0.299622,0.001646,0.002531
0,0.023173,0.165295,-0.078463,0.025428,-0.039585,-0.015021,0.000404,0.002885
0,0.026799,-0.068714,0.031098,-0.224818,0.003557,-0.239107,0.000468,0.001199
0,-0.129923,0.116405,-0.128562,0.159179,-0.156077,0.145285,0.002268,0.002032
0,-0.017301,0.099881,0.083115,-0.031429,0.123193,-0.017563,0.000302,0.001743
0,-0.015244,0.129682,0.014661,0.017554,-0.013138,-0.019362,0.000266,0.002263
0,-0.027181,-0.147299,0.012183,-0.269648,-0.024036,-0.298706,0.000474,0.002571
0,0.078057,-0.041417,0.109803,0.117614,0.064741,0.13195,0.001362,0.000723
0,0.003698,0.090378,-0.092505,0.157865,-0.090662,0.150968,6.5e-05,0.001577
0,0.020531,-0.155666,0.020904,-0.275778,0.066067,-0.291761,0.000358,0.002717
0,-0.146779,-0.134752,-0.179613,0.01973,-0.224832,0.036578,0.002562,0.002352
0,-0.021582,-0.049934,0.107705,0.103081,0.111598,0.109079,0.000377,0.000872
0,-0.097635,-0.150873,-0.077224,-0.072808,-0.119731,-0.119434,0.001704,0.002633
0,0.02498,-0.150052,0.141477,0.026303,0.165266,0.005825,0.000436,0.002619
0,0.06232,-0.043004,0.019075,0.104022,0.004038,0.087322,0.001088,0.000751
0,-0.12438,-0.145549,-0.216267,-0.094169,-0.186926,-0.112277,0.002171,0.00254
0,0.039453,0.042775,0.154988,0.216147,0.148888,0.178945,0.000689,0.000747
0,-0.067882,0.056984,-0.09582,0.032225,-0.091397,0.014953,0.001185,0.000995
0,-0.140708,0.130699,-0.046964,0.091233,-0.039792,0.045369,0.002456,0.002281
0,0.073408,0.130683,0.211612,0.003897,0.241804,0.04061,0.001281,0.002281
0,0.040124,0.116356,-0.010319,-0.014462,0.021027,0.019733,0.0007,0.002031
0,-0.078052,-0.073224,-0.098246,-0.164648,-0.082502,-0.211601,0.001362,0.001278
0,-0.134667,-0.140605,-0.058322,-0.061643,-0.069306,-0.048439,0.00235,0.002454
0,0.06463,0.108263,0.184679,0.229822,0.199737,0.265596,0.001128,0.00189
0,-0.118655,-0.166608,-0.187787,-0.261258,-0.18105,-0.215413,0.002071,0.002908
0,-0.056491,-0.08001,0.079179,0.070339,0.051315,0.056557,0.000986,0.001396
0,0.011316,-0.165671,0.090156,-0.099728,0.101777,-0.139664,0.000198,0.002892
0,-0.004287,0.070439,0.012098,0.265544,-0.00737,0.241613,7.5e-05,0.001229
0,-0.028674,0.038884,-0.007303,-0.046552,-0.005096,-0.084913,0.0005,0.000679
0,-0.069936,0.059311,-0.039824,0.022222,-0.017825,-0.002882,0.001221,0.001035
0,-0.128901,0.040097,-0.043099,-0.030024,-0.0852,-0.038623,0.00225,0.0007
0,0.013564,-0.124562,0.126848,-0.13924,0.171788,-0.15058,0.000237,0.002174
0,0.075614,-0.121086,0.073923,-0.004036,0.077539,-0.009091,0.00132,0.002113
0,-0.143061,0.043927,-0.219299,0.166864,-0.246232,0.159547,0.002497,0.000767
0,-0.152256,-0.124657,-0.039025,-0.170571,-0.085974,-0.125448,0.002657,0.002176
0,-0.079307,-0.024839,0.086075,0.096399,0.131577,0.133539,0.001384,0.000434
0,0.092593,-0.16607,0.168914,-0.141444,0.144015,-0.157535,0.001616,0.002898
0,0.114725,-0.121319,0.044491,0.061304,0.09446,0.030443,0.002002,0.002117
0,-0.05577,0.00515,-0.178469,0.143231,-0.22258,0.140592,0.000973,9e-05
0,-0.105431,-0.084267,-0.073729,-0.095207,-0.046911,-0.130923,0.00184,0.001471
0,-0.002331,-0.028738,0.108476,0.036349,0.063191,0.064998,4.1e-05,0.000502
0,0.090731,-0.059292,0.100879,-0.005657,0.1108,-0.024083,0.001584,0.001035
0,-0.133476,-0.147559,-0.205141,-0.073641,-0.2355,-0.052419,0.00233,0.002575
0,-0.120623,-0.111251,0.020463,0.06029,0.064533,0.070443,0.002105,0.001942
0,-0.010736,-0.06966,0.096694,0.045168,0.111659,0.062371,0.000187,0.001216
0,0.172641,-0.077481,0.205678,0.017023,0.186499,0.03417,0.003013,0.001352
0,0.081287,0.060183,-0.091027,0.125972,-0.088115,0.150892,0.001419,0.00105
0,0.110681,-0.021859,0.022898,-0.061289,0.033928,-0.015602,0.001932,0.000382
0,-0.12671,-0.149124,-0.250249,-0.141301,-0.241118,-0.176987,0.002211,0.002603
0,0.042982,0.040279,0.18546,0.208782,0.167296,0.234608,0.00075,0.000703
0,0.072841,-0.060276,0.020539,-0.082118,0.033482,-0.03872,0.001271,0.001052
0,-0.053963,-0.054156,-0.111929,0.021872,-0.122507,-0.011217,0.000942,0.000945
0,-0.115281,-0.125047,-0.051738,-0.059372,-0.028462,-0.034548,0.002012,0.002182
0,-0.089196,0.065455,0.003233,0.173136,0.042339,0.144686,0.001557,0.001142
0,-0.062838,0.049452,0.051489,-0.015019,0.028798,0.01693,0.001097,0.000863
0,-0.093537,-0.131454,-0.040959,-0.206417,-0.032637,-0.234513,0.001633,0.002294
0,-0.088754,-0.05115,0.022236,0.058773,-0.015529,0.081056,0.001549,0.000893
0,0.038558,-0.027894,0.130592,0.018254,0.125507,-0.001988,0.000673,0.000487
0,-0.18713,0.063237,-0.222269,0.096721,-0.206917,0.104349,0.003266,0.001104
0,0.092239,-0.059132,0.266529,-0.141011,0.260967,-0.179777,0.00161,0.001032
0,-0.078303,0.064254,-0.196557,0.130496,-0.23474,0.1774,0.001367,0.001121
0,-0.082667,-0.093119,0.02305,-0.170496,0.036011,-0.14859,0.001443,0.001625
0,-0.047849,0.038085,0.03871,0.109036,0.071671,0.142091,0.000835,0.000665
0,-0.065711,0.061865,-0.009604,0.035413,-0.002156,0.062908,0.001147,0.00108
0,0.070864,0.003625,0.14698,-0.067121,0.18816,-0.078119,0.001237,6.3e-05
0,0.068311,-0.043097,-0.02424,-0.034023,-0.012552,0.013668,0.001192,0.000752
0,4.154127,1.335248,4.114397,1.383886,4.077823,1.407181,0.001993,0.000199
0,4.901572,1.591541,0.739158,0.263783,0.768698,0.288473,0.003287,0.004274
0,4.150488,1.501258,-0.770013,-0.072586,-0.793504,-0.119101,0.001929,0.002698
0,3.319522,1.607217,-0.818249,0.099575,-0.84439,0.052751,0.000822,0.004548
0,2.818475,1.4569,-0.485692,-0.127308,-0.506514,-0.158164,0.002185,0.001924
0,2.086395,1.481397,-0.749192,0.038202,-0.738007,-0.000611,0.001159,0.002352
0,1.864907,1.515239,-0.200919,0.025054,-0.247828,0.028164,0.002706,0.002943
0,1.28886,1.004552,-0.553898,-0.534093,-0.580846,-0.557656,0.001009,0.005781
0,0.989492,0.780747,-0.314639,-0.213842,-0.347088,-0.203243,0.005518,0.001875
0,0.626222,0.66539,-0.360625,-0.119361,-0.342423,-0.154866,0.000822,0.000138
0,0.521593,0.43281,-0.134514,-0.210227,-0.145205,-0.160574,0.002648,0.004198
0,0.170129,0.426082,-0.37877,0.011308,-0.416465,0.049096,0.002969,0.004315
0,-0.037846,0.099774,-0.1812,-0.336708,-0.133171,-0.323812,0.000661,0.001741
0,-0.300934,0.062191,-0.274796,-0.029979,-0.241722,-0.076783,0.005252,0.001085
0,-0.247187,-0.222054,0.024427,-0.310669,0.067567,-0.28952,0.004314,0.003876
0,-0.303612,-0.341783,-0.027818,-0.142098,0.006627,-0.122541,0.005299,0.005786
0,-0.419174,-0.052648,-0.099725,0.273142,-0.082763,0.289837,0.004436,0.000919
0,-0.276402,-0.296773,0.136796,-0.268963,0.147932,-0.236815,0.004824,0.00518
0,-0.373294,-0.085401,-0.088095,0.23715,-0.075367,0.214286,0.005236,0.001491
0,-0.0198,-0.050962,0.378813,0.026842,0.376624,-0.008553,0.000346,0.000889
0,-0.221971,-0.09652,-0.225145,-0.052756,-0.252909,-0.031851,0.003874,0.001685
0,-0.123593,-0.205711,0.091026,-0.081308,0.123037,-0.094881,0.002157,0.00359
0,0.032303,-0.239024,0.13199,-0.041881,0.117246,-0.049302,0.000564,0.004172
0,-0.080241,0.000905,-0.128864,0.2655,-0.135931,0.307127,0.0014,1.6e-05
0,0.103815,-0.267068,0.155812,-0.280405,0.14889,-0.262286,0.001812,0.004661
0,-0.082285,-0.140925,-0.168343,0.11495,-0.164272,0.151436,0.001436,0.00246
0,-0.046098,-0.060472,0.057295,0.107283,0.04107,0.083658,0.000805,0.001055
0,-0.000525,-0.271929,0.031069,-0.182969,-0.016204,-0.211564,9e-06,0.004746
0,0.086565,-0.143186,0.101109,0.120692,0.122799,0.074667,0.001511,0.002499
0,-0.127875,-0.155238,-0.187462,-0.012116,-0.167788,0.01928,0.002232,0.002709
0,-0.020761,0.069174,0.09699,0.232825,0.098797,0.226499,0.000362,0.001207
0,0.074859,-0.054213,0.124093,-0.105913,0.15178,-0.115359,0.001307,0.000946
0,0.06501,0.02862,0.001696,0.056953,-0.019349,0.055801,0.001135,0.0005
0,-0.015106,-0.166738,-0.057675,-0.221334,-0.017481,-0.231679,0.000264,0.00291
0,-0.036121,-0.1108,-0.033656,0.075834,-0.077398,0.036821,0.00063,0.001934
0,-0.108232,0.079089,-0.057385,0.200707,-0.068059,0.210953,0.001889,0.00138
0,-0.09408,0.038292,-0.009043,-0.040939,0.026089,-0.070959,0.001642,0.000668
0,-0.112939,-0.160952,-0.029046,-0.222826,-0.042546,-0.183248,0.001971,0.002809
0,-0.12843,0.064038,-0.005788,0.206134,-0.007996,0.240593,0.002242,0.001118
0,-0.119749,-0.041748,-0.020845,-0.090471,-0.008096,-0.136845,0.00209,0.000729
0,0.128325,-0.046931,0.254214,0.015517,0.24067,0.051362,0.00224,0.000819
0,-0.081112,-0.064415,-0.211695,0.010131,-0.248495,0.040021,0.001416,0.001124
0,-0.141923,0.078523,-0.071646,0.138211,-0.069605,0.143929,0.002477,0.00137
0,-0.210774,-0.120986,-0.095919,-0.176123,-0.096664,-0.223165,0.003679,0.002112
0,-0.167132,-0.141465,0.051062,-0.01127,0.092409,-0.037338,0.002917,0.002469
0,-0.11155,-0.162721,0.05866,-0.051166,0.103655,-0.022507,0.001947,0.00284
0,-0.091866,-0.170312,0.020064,0.020188,0.005836,-0.002846,0.001603,0.002973
0,-0.057581,-0.004021,0.050952,0.161854,0.020794,0.204756,0.001005,7e-05
0,-0.069734,0.081775,-0.015237,0.076853,0.015821,0.086661,0.001217,0.001427
0,-0.030892,-0.139545,0.063659,-0.239046,0.0175,-0.230103,0.000539,0.002436
0,-0.039893,0.009611,-0.028146,0.16488,-0.050952,0.187501,0.000696,0.000168
0,-0.082981,-0.057341,-0.053484,-0.078807,-0.031995,-0.034031,0.001448,0.001001
0,-0.175349,-0.081876,-0.08505,-0.048836,-0.127027,-0.006229,0.00306,0.001429
0,0.0006,0.052427,0.161661,0.156459,0.182932,0.126032,1e-05,0.000915
0,-0.045951,-0.148512,-0.033641,-0.181858,-0.022029,-0.209434,0.000802,0.002592
0,0.118024,-0.147307,0.187388,0.023537,0.143693,0.052899,0.00206,0.002571
0,0.030373,-0.179506,-0.116322,-0.023358,-0.067797,-0.06585,0.00053,0.003133
0,-0.095257,-0.066715,-0.1262,0.108156,-0.128725,0.157605,0.001663,0.001164
0,0.015151,0.082367,0.083282,0.124391,0.120277,0.138047,0.000264,0.001438
0,-0.01956,-0.001757,-0.059847,-0.089337,-0.043134,-0.107267,0.000341,3.1e-05
0,-0.024333,0.008668,0.008144,-0.0118,-0.031318,-0.027943,0.000425,0.000151
0,-0.120176,0.066654,-0.105201,0.03333,-0.10276,-0.013818,0.002097,0.001163
0,-0.051995,-0.124537,0.050133,-0.167553,0.076515,-0.190198,0.000907,0.002174
0,0.074678,-0.036229,0.142634,0.103391,0.164468,0.151719,0.001303,0.000632
0,-0.073535,-0.19697,-0.125219,-0.15943,-0.087866,-0.123934,0.001283,0.003438
0,0.105065,-0.112921,0.163426,0.088615,0.155102,0.044469,0.001834,0.001971
0,0.116192,-0.186434,0.017829,-0.093267,-0.005343,-0.124517,0.002028,0.003254
0,-0.031215,-0.16539,-0.14181,-0.008876,-0.130066,0.022886,0.000545,0.002887
0,-0.156673,-0.11006,-0.120895,0.084536,-0.157431,0.050708,0.002734,0.001921
0,-0.042154,0.134693,0.08835,0.252909,0.118292,0.238281,0.000736,0.002351
0,-0.026664,0.100737,0.042878,-0.059889,0.034786,-0.093066,0.000465,0.001758
0,-0.004796,0.138444,0.03171,0.041886,0.018706,0.08445,8.4e-05,0.002416
0,0.072703,-0.028401,0.057312,-0.177788,0.032784,-0.222662,0.001269,0.000496
0,0.189375,0.045316,0.08907,0.078468,0.094846,0.117422,0.003305,0.000791
0,0.040565,0.077866,-0.148695,0.052322,-0.180609,0.076191,0.000708,0.001359
0,-0.017311,-0.093125,-0.060224,-0.167732,-0.024257,-0.16222,0.000302,0.001625
0,0.061364,-0.001701,0.103781,0.095116,0.063692,0.143166,0.001071,3e-05
0,0.049194,-0.065769,-0.039481,-0.071774,-0.069144,-0.027099,0.000859,0.001148
0,0.19969,-0.034137,0.15791,0.060972,0.186159,0.075465,0.003485,0.000596
0,-0.006198,-0.100241,-0.179892,-0.060139,-0.216774,-0.055414,0.000108,0.00175
0,0.005794,-0.086145,0.030228,-0.00606,0.058754,0.042855,0.000101,0.001504
0,0.022336,-0.054643,-0.001911,0.006078,0.006318,-0.003268,0.00039,0.000954
0,0.117036,0.031501,0.074851,0.078096,0.030462,0.12484,0.002043,0.00055
0,0.04236,0.113642,-0.103431,0.109035,-0.11343,0.07808,0.000739,0.001983
0,-0.01852,0.133905,-0.044648,0.030158,-0.04696,0.068209,0.000323,0.002337
0,0.105646,-0.085808,0.097687,-0.238119,0.116141,-0.254392,0.001844,0.001498
0,0.059389,0.041394,-0.028536,0.141356,-0.067653,0.161,0.001037,0.000722
0,-0.018305,0.134397,-0.100412,0.070142,-0.122787,0.092622,0.000319,0.002346
0,0.169417,0.165151,0.191186,0.058206,0.164449,0.086855,0.002957,0.002882
0,0.026091,0.125321,-0.125402,-0.060484,-0.112623,-0.021326,0.000455,0.002187
0,-0.018922,0.024371,-0.016915,-0.081607,-0.004602,-0.083391,0.00033,0.000425
0,0.02784,0.113365,0.034187,0.110208,0.059777,0.075998,0.000486,0.001979
0,0.082226,0.125781,0.043013,0.019461,0.025585,-0.008363,0.001435,0.002195
0,0.184087,0.123949,0.082011,-0.011397,0.038098,-0.058512,0.003213,0.002163
0,-0.04311,0.11134,-0.23284,-0.03741,-0.240151,-0.006039,0.000752,0.001943
0,0.068303,-0.092856,0.091127,-0.190689,0.1305,-0.158312,0.001192,0.001621
0,0.187518,-0.051807,0.091996,0.034266,0.124299,0.06241,0.003273,0.000904
0,0.018648,-0.043641,-0.18691,0.030155,-0.231386,0.079722,0.000325,0.000762
0,0.235584,0.082162,0.199451,0.129493,0.153828,0.089248,0.004112,0.001434
0,0.200852,-0.097885,-0.046093,-0.157626,-0.085322,-0.134014,0.003506,0.001708
0,0.047333,0.101565,-0.149053,0.205747,-0.18217,0.167908,0.000826,0.001773
0,0.121122,-0.161087,0.080354,-0.288141,0.090624,-0.300983,0.002114,0.002812
0,0.002153,-0.151116,-0.137773,0.000648,-0.175897,-0.034672,3.8e-05,0.002637
0,0.260005,0.040059,0.241531,0.164791,0.265576,0.194329,0.004538,0.000699
0,0.195443,-0.061535,-0.047979,-0.082191,-0.050203,-0.048045,0.003411,0.001074
0,0.230782,-0.145304,0.01982,-0.060866,0.016597,-0.076382,0.004028,0.002536
0,-0.030541,0.05527,-0.285086,0.198476,-0.287457,0.150537,0.000533,0.000965
0,-0.025022,0.111096,-0.003765,0.079432,-0.016381,0.077275,0.000437,0.001939
0,-0.070723,-0.157121,-0.03354,-0.266439,-0.076136,-0.219419,0.001234,0.002742
0,0.100134,-0.009079,0.155097,0.132789,0.17773,0.10687,0.001748,0.000158
0,0.225812,0.054122,0.110748,0.070673,0.074055,0.061666,0.003941,0.000945
0,0.005517,-0.063978,-0.22334,-0.115039,-0.199068,-0.121781,9.6e-05,0.001117
0,-0.018188,0.083791,-0.009903,0.148985,0.008822,0.125505,0.000317,0.001462
0,0.090164,-0.171845,0.084097,-0.233511,0.128719,-0.223721,0.001574,0.002999
0,0.122607,-0.095861,0.039387,0.084506,0.037623,0.095535,0.00214,0.001673
0,0.002668,-0.125023,-0.119214,-0.036874,-0.107038,-0.041317,4.7e-05,0.002182
0,0.153591,-0.139038,0.143986,-0.041744,0.149615,-0.085821,0.002681,0.002427
0,0.171856,-0.01123,0.030289,0.119513,0.063442,0.09231,0.002999,0.000196
0,0.054744,-0.137082,-0.132218,-0.154231,-0.172275,-0.150755,0.000955,0.002393
0,0.063037,-0.03707,0.024492,0.127805,-0.023495,0.092985,0.0011,0.000647
0,0.257466,-0.184166,0.207918,-0.163102,0.194065,-0.148984,0.004494,0.003214
0,0.176893,-0.152416,-0.057499,0.007424,-0.084716,0.042227,0.003087,0.00266
0,0.216468,-0.124403,0.016001,0.020637,0.018546,0.05313,0.003778,0.002171
0,0.267313,-0.166792,0.08018,-0.038553,0.062223,-0.01758,0.004665,0.002911
0,0.084298,-0.137013,-0.158968,0.040375,-0.148196,0.089677,0.001471,0.002391
0,0.057207,0.105791,-0.038487,0.268822,-1.8e-05,0.312801,0.000998,0.001846
0,0.018362,-0.067417,-0.023636,-0.180733,0.0106,-0.188909,0.00032,0.001177
0,0.184545,-0.092678,0.136872,-0.052426,0.131322,-0.066095,0.003221,0.001618
0,0.053099,0.046293,-0.145469,0.130506,-0.119538,0.128368,0.000927,0.000808
0,0.144919,-0.054861,0.070312,-0.082165,0.094041,-0.085468,0.002529,0.000958
0,0.030611,0.002636,-0.125254,0.038436,-0.130005,0.036003,0.000534,4.6e-05
0,0.05178,-0.041794,-0.007161,-0.019055,-0.006815,-0.067548,0.000904,0.000729
0,-0.109428,-0.206743,-0.17809,-0.167696,-0.178681,-0.12707,0.00191,0.003608
0,-0.318257,0.394584,-0.185028,0.619186,-0.203004,0.649453,0.005555,0.004865
0,-0.720437,0.69371,-0.389761,0.297029,-0.383818,0.334236,0.000822,0.000356
0,-0.696522,1.761401,0.048612,1.039553,0.07748,0.998266,0.000405,0.004513
0,-0.722915,1.803029,-0.036605,0.043891,-0.019665,0.09219,0.000866,0.003786
0,-0.591372,1.651476,0.154258,-0.155129,0.177479,-0.200724,0.00143,0.00532
0,-0.534099,1.305857,0.060492,-0.354519,0.072028,-0.329913,0.00243,0.000712
0,-0.381717,0.883036,0.159403,-0.44997,0.15572,-0.411494,0.005089,0.00366
0,-0.374686,0.581513,0.036352,-0.277868,0.049639,-0.304849,0.005212,0.001602
0,-0.00913,0.225736,0.342572,-0.346288,0.308613,-0.380806,0.000159,0.00394
0,-0.024146,0.159558,-0.02605,-0.050957,-0.065616,-0.086644,0.000421,0.002785
0,0.109695,-0.000798,0.143513,-0.134976,0.131759,-0.17318,0.001915,1.4e-05
0,0.095022,0.064979,-0.036744,0.058366,0.013019,0.079571,0.001658,0.001134
0,0.101381,0.057556,0.000853,-0.022429,0.037549,-0.02891,0.001769,0.001005
0,0.000225,0.114391,-0.090047,0.077275,-0.124221,0.079869,4e-06,0.001996
0,0.188434,0.04723,0.204279,-0.055649,0.241925,-0.07449,0.003289,0.000824
0,0.060884,0.058779,-0.108375,0.003635,-0.124051,-0.027376,0.001063,0.001026
0,0.050425,0.143871,-0.039557,0.110432,-0.056938,0.105444,0.00088,0.002511
0,0.264143,0.11199,0.189111,-0.011529,0.162946,0.002897,0.00461,0.001955
0,0.039877,0.034361,-0.246963,-0.052653,-0.291988,-0.099813,0.000696,0.0006
0,0.078012,0.01489,0.045552,0.00862,0.07796,0.003222,0.001362,0.00026
0,0.216576,-0.044535,0.127361,-0.030074,0.122401,0.007258,0.00378,0.000777
0,0.200137,0.106453,-0.009196,0.132416,0.024374,0.09581,0.003493,0.001858
0,0.18036,-0.012004,-0.02986,-0.139895,0.009283,-0.174959,0.003148,0.00021
0,0.063029,-0.118961,-0.138848,-0.079891,-0.156597,-0.083724,0.0011,0.002076
0,0.003983,0.027722,-0.051915,0.164994,-0.043974,0.117223,7e-05,0.000484
0,0.141372,-0.005618,0.156088,-0.053667,0.20169,-0.065251,0.002467,9.8e-05
0,0.008299,0.077484,-0.119793,0.068931,-0.161098,0.033631,0.000145,0.001352
0,0.296679,-0.099186,0.294646,-0.189196,0.29719,-0.162993,0.005178,0.001731
0,0.052424,0.004702,-0.259033,0.125207,-0.214799,0.095919,0.000915,8.2e-05
0,-0.007004,0.020903,-0.069606,-0.012748,-0.103974,-0.011455,0.000122,0.000365
0,0.008454,-0.009988,-0.005117,-0.013821,-0.006049,-0.036508,0.000148,0.000174
0,0.231042,-0.075592,0.217295,-0.089802,0.239014,-0.087905,0.004032,0.001319
0,0.072406,-0.060592,-0.169455,-0.012106,-0.198922,0.029828,0.001264,0.001058
0,0.155582,0.143173,0.101797,0.174874,0.056132,0.214585,0.002715,0.002499
0,0.100936,-0.121403,-0.070571,-0.243881,-0.096746,-0.284225,0.001762,0.002119
0,0.064506,-0.021616,-0.033511,0.095486,-0.061631,0.098934,0.001126,0.000377
0,0.220546,-0.103598,0.162684,-0.053314,0.120786,-0.036091,0.003849,0.001808
0,0.228145,0.123523,0.016894,0.244375,-0.021961,0.248258,0.003982,0.002156
0,0.127703,-0.12015,-0.117362,-0.240436,-0.128492,-0.22783,0.002229,0.002097
0,0.113882,0.092452,-0.03595,0.204057,0.011028,0.241196,0.001988,0.001614
0,0.069855,0.07532,-0.058331,0.000548,-0.0662,0.048257,0.001219,0.001315
0,-0.082176,-0.008798,-0.133244,-0.054395,-0.088223,-0.009173,0.001434,0.000154
0,0.037135,0.042378,0.093257,0.053633,0.131967,0.058738,0.000648,0.00074
0,0.103904,0.114705,0.059839,0.054554,0.083513,0.069057,0.001813,0.002002
0,0.060515,-0.094976,-0.05384,-0.234486,-0.006513,-0.199537,0.001056,0.001658
0,-0.081481,-0.139561,-0.133165,-0.027539,-0.096881,-0.028031,0.001422,0.002436
0,-0.105384,0.046282,-0.008604,0.208638,-0.02344,0.165888,0.001839,0.000808
0,-0.124007,-0.098879,-0.025278,-0.165523,0.00588,-0.176923,0.002164,0.001726
0,-0.070194,0.0614,0.060699,0.170596,0.07055,0.124375,0.001225,0.001072
0,-0.117503,0.039016,-0.027007,-0.009962,0.016315,-0.009077,0.002051,0.000681
0,-0.071666,0.025788,0.073954,0.013984,0.033266,0.008914,0.001251,0.00045
0,-0.128325,0.17092,-0.040324,0.134525,-0.044166,0.131894,0.00224,0.002983
0,-0.074837,0.111799,0.048641,-0.049871,0.05683,-0.050382,0.001306,0.001951
0,-0.094229,0.016862,-0.018736,-0.105414,-0.059305,-0.060268,0.001645,0.000294
0,0.051122,-0.035592,0.130112,-0.039422,0.138295,-0.074623,0.000892,0.000621
0,-0.216756,-0.101386,-0.293606,-0.072553,-0.268092,-0.069066,0.003783,0.00177
0,-0.287865,0.095377,-0.042985,0.176759,-0.008685,0.162516,0.005024,0.001665
0,-0.216362,0.104751,0.098175,0.031782,0.065215,0.07131,0.003776,0.001828
0,-0.175205,0.015396,0.011756,-0.062146,0.053707,-0.105636,0.003058,0.000269
0,0.010502,0.13096,0.186695,0.115042,0.202169,0.081734,0.000183,0.002286
0,-0.073193,-0.112825,-0.061247,-0.272501,-0.073718,-0.263454,0.001277,0.001969
0,-0.084555,-0.034872,-0.021577,0.101145,-0.015643,0.125825,0.001476,0.000609
0,-0.173933,0.015385,-0.10164,0.075611,-0.078045,0.066523,0.003036,0.000269
0,0.01838,0.05786,0.180821,0.033635,0.230748,-0.012472,0.000321,0.00101
0,-0.106817,-0.081734,-0.154763,-0.132,-0.128327,-0.105507,0.001864,0.001427
0,-0.179893,-0.09633,-0.091281,-0.010375,-0.09415,-0.053341,0.00314,0.001681
0,-0.057536,0.113172,0.112059,0.198196,0.107184,0.184081,0.001004,0.001975
0,-0.188024,0.068182,-0.112894,-0.028602,-0.071789,-0.059127,0.003282,0.00119
0,-0.02176,0.024179,0.167214,-0.02959,0.210863,0.009097,0.00038,0.000422
0,-0.070621,0.116182,-0.057878,0.063332,-0.105666,0.022611,0.001233,0.002028
0,0.070132,0.116379,0.131697,0.013356,0.163787,0.007844,0.001224,0.002031
0,0.030168,0.129648,-0.064012,0.004806,-0.063621,-0.01817,0.000527,0.002263
0,-0.116265,0.128793,-0.138124,0.027131,-0.172178,-0.003557,0.002029,0.002248
0,-0.09222,0.116427,-0.004387,-0.030027,-0.009498,-0.019547,0.00161,0.002032
0,0.107561,0.165665,0.22487,0.041241,0.178957,0.061814,0.001877,0.002891
0,-0.068544,-0.052494,-0.179421,-0.197189,-0.144986,-0.223255,0.001196,0.000916
0,-0.165694,-0.09896,-0.111868,-0.018348,-0.069642,-0.010358,0.002892,0.001727
0,0.017294,-0.090564,0.180263,-0.006331,0.169152,-0.005162,0.000302,0.001581
0,-0.204043,0.038845,-0.231928,0.119939,-0.222153,0.119703,0.003561,0.000678
0,0.041111,0.206433,0.227312,0.163301,0.216468,0.194721,0.000718,0.003603
0,-0.200334,0.223409,-0.223289,-0.006695,-0.195956,0.039796,0.003496,0.003899
0,0.065689,0.017059,0.240563,-0.204355,0.191373,-0.162409,0.001146,0.000298
0,-0.202449,0.163864,-0.27424,0.137456,-0.236367,0.089537,0.003533,0.00286
0,-0.100415,0.225133,0.126123,0.066303,0.131203,0.022966,0.001753,0.003929
0,-0.062513,0.012837,0.018974,-0.188092,0.027312,-0.234892,0.001091,0.000224
0,-0.154035,0.23587,-0.119233,0.22454,-0.073925,0.21851,0.002688,0.004117
0,-0.016701,0.187674,0.120259,-0.038225,0.110379,-0.084405,0.000291,0.003276
0,-0.099722,0.049423,-0.054757,-0.136453,-0.042167,-0.14611,0.00174,0.000863
0,-0.150213,-0.08069,-0.072757,-0.157187,-0.064752,-0.191803,0.002622,0.001408
0,-0.096976,0.168899,0.028632,0.232234,0.029822,0.247917,0.001693,0.002948
0,-0.132734,0.159536,-0.05725,-0.013928,-0.068171,-0.025536,0.002317,0.002784
0,-0.090073,0.002116,0.013917,-0.186654,-0.00054,-0.138743,0.001572,3.7e-05
0,-0.153074,0.104081,-0.073819,0.119761,-0.096119,0.077063,0.002672,0.001817
0,-0.154821,0.09281,0.019837,-0.029379,-0.026563,-0.01638,0.002702,0.00162
0,-0.009884,0.037574,0.122047,-0.027278,0.08047,-0.034041,0.000173,0.000656
0,-0.201119,0.209595,-0.208541,0.200017,-0.251885,0.201385,0.00351,0.003658
0,-0.107726,0.187114,0.099356,-0.024915,0.085517,0.020993,0.00188,0.003266
0,-0.160388,0.064166,-0.023129,-0.144906,-0.035203,-0.172788,0.002799,0.00112
0,-0.132652,0.037768,0.041741,-0.00594,0.040954,-0.012025,0.002315,0.000659
0,-0.211044,0.175977,-0.052329,0.165442,-0.09136,0.155468,0.003683,0.003071
0,0.082723,0.195168,0.302895,-0.001774,0.308917,-0.016533,0.001444,0.003406
0,0.058136,0.16894,-0.004804,-0.039878,0.042849,-0.000279,0.001015,0.002949
0,0.0243,-0.065067,-0.0627,-0.222514,-0.110511,-0.245087,0.000424,0.001136
0,0.020127,0.146135,0.022084,0.192998,-0.003583,0.1939,0.000351,0.002551
0,0.051622,0.006155,0.024468,-0.166271,0.01985,-0.137433,0.000901,0.000107
0,-0.075316,0.187964,-0.149603,0.205709,-0.189921,0.165342,0.001315,0.003281
0,-0.165892,0.094383,-0.091845,-0.086801,-0.057001,-0.071418,0.002895,0.001647
0,-0.138576,-0.016504,0.00233,-0.116169,-0.040719,-0.077875,0.002419,0.000288
0,-0.04545,0.143269,0.096363,0.176484,0.129597,0.178684,0.000793,0.002501
0,0.001504,0.069194,0.047021,-0.073933,0.034348,-0.046865,2.6e-05,0.001208
0,-0.117372,0.150361,-0.133345,0.084867,-0.163185,0.084135,0.002049,0.002624
0,0.033509,-0.039106,0.123713,-0.201925,0.162957,-0.16852,0.000585,0.000683
0,-0.158724,0.128017,-0.198707,0.164362,-0.227325,0.140459,0.00277,0.002234
0,-0.11669,0.126081,0.067936,-0.009779,0.112827,0.010532,0.002037,0.002201
0,-0.088165,0.125298,0.038918,-0.015776,-0.00956,0.013635,0.001539,0.002187
0,0.005014,0.106913,0.079586,0.002009,0.076874,-0.029414,8.8e-05,0.001866
0,-0.10372,-0.036057,-0.129954,-0.141735,-0.164524,-0.093185,0.00181,0.000629
0,-0.060546,0.137385,0.055742,0.155918,0.026702,0.150193,0.001057,0.002398
0,0.031139,-0.083854,0.085193,-0.220485,0.047151,-0.24408,0.000543,0.001464
0,-0.09932,-0.134661,-0.127137,-0.027627,-0.163811,-0.042392,0.001733,0.00235
0,-0.208837,-0.071249,-0.084442,0.076203,-0.118644,0.112112,0.003645,0.001244
0,-0.072857,0.109986,0.158722,0.185822,0.116578,0.196115,0.001272,0.00192
0,-0.246705,0.002831,-0.160789,-0.096798,-0.152362,-0.111747,0.004306,4.9e-05
0,-0.022162,-0.092169,0.196118,-0.077723,0.168658,-0.027975,0.000387,0.001609
0,0.082217,0.091295,0.11265,0.191033,0.12282,0.143976,0.001435,0.001593
0,-0.133657,0.127849,-0.200376,0.021619,-0.187468,0.0205,0.002333,0.002231
0,-0.115703,0.15855,0.005977,0.055741,0.018177,0.012939,0.002019,0.002767
0,0.067277,-0.12352,0.206275,-0.271033,0.226416,-0.221626,0.001174,0.002156
0,0.048227,0.13992,-0.005883,0.261967,0.03531,0.283752,0.000842,0.002442
0,-0.024173,-0.060354,-0.083808,-0.20874,-0.128689,-0.231225,0.000422,0.001053
0,-0.085691,0.066715,-0.081642,0.100499,-0.041699,0.071233,0.001496,0.001164
0,0.005034,-0.017383,0.089877,-0.09904,0.095952,-0.065035,8.8e-05,0.000303
0,-0.052199,0.032214,-0.053493,0.067248,-0.097818,0.108425,0.000911,0.000562
0,-0.021747,0.028527,0.009178,0.005705,0.026004,-0.027057,0.00038,0.000498
0,-0.012044,0.143597,0.019089,0.107698,0.057431,0.115142,0.00021,0.002506
0,0.135576,0.01837,0.157928,-0.117846,0.16926,-0.076559,0.002366,0.000321
0,-0.092358,0.156926,-0.246235,0.162431,-0.267776,0.142912,0.001612,0.002739
0,-0.037101,-0.062754,0.071032,-0.227709,0.071664,-0.223038,0.000648,0.001095
0,-0.029879,-0.092841,0.000415,-0.028679,0.019831,0.012417,0.000521,0.00162
0,-0.03229,-0.049003,-0.007141,0.072666,0.019107,0.029015,0.000564,0.000855
0,0.056779,0.168118,0.096185,0.233924,0.051906,0.209146,0.000991,0.002934
0,0.168276,0.163699,0.125259,-0.023848,0.165773,0.003915,0.002937,0.002857
0,0.127367,0.007546,-0.02792,-0.162454,-0.069301,-0.125624,0.002223,0.000132
0,0.135711,-0.025391,0.018156,-0.059535,0.025694,-0.102358,0.002369,0.000443
0,0.230525,0.125221,0.072788,0.153622,0.056383,0.105757,0.004023,0.002186
0,0.085678,0.023695,-0.152308,-0.128483,-0.165178,-0.131552,0.001495,0.000414
0,0.234723,-0.092981,0.1664,-0.113726,0.156938,-0.150808,0.004097,0.001623
0,0.128759,0.069204,-0.116503,0.143803,-0.138012,0.112756,0.002247,0.001208
0,0.037862,-0.086639,-0.09425,-0.164314,-0.106538,-0.151818,0.000661,0.001512
0,0.053151,0.203145,0.022974,0.30732,0.07202,0.292623,0.000928,0.003546
0,0.018673,0.0194,-0.045769,-0.167897,-0.004231,-0.197262,0.000326,0.000339
0,0.199387,0.179729,0.189913,0.168106,0.218221,0.202483,0.00348,0.003137
0,0.105025,-0.052451,-0.104182,-0.248033,-0.095579,-0.294674,0.001833,0.000915
0,-0.029264,0.07518,-0.131937,0.14769,-0.141993,0.181644,0.000511,0.001312
0,0.180226,0.100836,0.181979,0.020115,0.146826,0.052672,0.003146,0.00176
0,0.17371,0.159338,0.011699,0.076874,0.018635,0.027623,0.003032,0.002781
0,0.07291,-0.033101,-0.090452,-0.209429,-0.062075,-0.218021,0.001273,0.000578
0,-0.12134,0.145876,-0.222863,0.1546,-0.185016,0.116328,0.002118,0.002546
0,0.011108,0.068738,0.136408,-0.069413,0.140182,-0.035651,0.000194,0.0012
0,0.066565,0.047041,0.054123,-0.000339,0.098239,0.015036,0.001162,0.000821
0,0.034518,-0.155203,-0.04848,-0.208236,-0.004332,-0.242887,0.000602,0.002709
0,0.140593,0.131738,0.116185,0.266653,0.143449,0.298027,0.002454,0.002299
0,0.254939,-0.061138,0.126072,-0.185542,0.12329,-0.148035,0.00445,0.001067
0,0.050547,0.130745,-0.208457,0.208284,-0.188407,0.172155,0.000882,0.002282
0,0.921128,0.259104,0.862225,0.15436,0.866644,0.127501,0.004325,0.004522
0,1.184225,0.603329,0.279416,0.342816,0.237127,0.342671,0.002835,0.001222
0,1.426477,0.626651,0.264358,0.045617,0.267086,0.021056,0.001393,0.000815
0,1.57561,0.574004,0.148144,-0.06011,0.175168,-0.086889,0.003996,0.001733
0,1.400348,0.746418,-0.158772,0.151892,-0.191345,0.157634,0.000937,0.001276
0,1.089528,0.353146,-0.29261,-0.405877,-0.285459,-0.369926,0.004488,0.005588
0,1.0147,0.233992,-0.083881,-0.11546,-0.128296,-0.13223,0.005794,0.004084
0,0.551551,0.272454,-0.454037,0.043465,-0.485169,0.051802,0.002125,0.004755
0,0.43105,0.397616,-0.143211,0.130095,-0.098327,0.10311,0.004228,0.004812
0,0.312166,0.258402,-0.10267,-0.143564,-0.071038,-0.118543,0.005448,0.00451
0,0.040955,0.10964,-0.249828,-0.177109,-0.221162,-0.208143,0.000715,0.001914
0,-0.126676,0.132028,-0.162836,0.028087,-0.137331,0.008022,0.002211,0.002304
0,-0.074748,-0.101661,0.070514,-0.258994,0.078885,-0.217693,0.001305,0.001774
0,-0.176496,-0.1214,-0.092579,0.006505,-0.044323,0.029835,0.00308,0.002119
0,-0.016489,-0.068886,0.134308,0.056544,0.110301,0.063005,0.000288,0.001202
0,-0.159906,0.037311,-0.121972,0.080745,-0.085736,0.039981,0.002791,0.000651
0,-0.065115,-0.029086,0.123673,-0.070403,0.094814,-0.110995,0.001136,0.000508
0,-0.013144,-0.059298,0.044532,-0.019588,0.082429,-0.003279,0.000229,0.001035
0,-0.14067,0.117578,-0.109038,0.165738,-0.087889,0.162538,0.002455,0.002052
0,-0.143549,-0.142674,-0.012131,-0.28844,-0.039669,-0.246044,0.002505,0.00249
0,-0.1063,-0.136036,0.043117,-0.021928,0.071955,-0.058385,0.001855,0.002374
0,-0.230572,0.041371,-0.111611,0.174578,-0.127583,0.125097,0.004024,0.000722
0,0.044292,-0.14324,0.261693,-0.164789,0.309722,-0.179916,0.000773,0.0025
0,-0.208954,-0.05691,-0.243281,0.079441,-0.253157,0.038511,0.003647,0.000993
0,-0.163925,0.150316,0.060129,0.182392,0.054704,0.1825,0.002861,0.002624
0,-0.071887,0.079995,0.084208,-0.081856,0.080185,-0.110933,0.001255,0.001396
0,-0.079242,0.156344,-0.019603,0.091898,0.021826,0.124968,0.001383,0.002729
0,-0.010464,0.175304,0.067973,0.035114,0.049449,0.053094,0.000183,0.00306
0,0.073849,0.006873,0.097917,-0.186689,0.050076,-0.175087,0.001289,0.00012
0,-0.037557,0.164073,-0.090469,0.181318,-0.060572,0.135272,0.000655,0.002864
0,-0.060358,-0.063577,-0.048327,-0.209335,-0.098184,-0.163988,0.001053,0.00111
0,0.128472,0.028828,0.178464,0.070558,0.159917,0.111479,0.002242,0.000503
0,0.022873,0.082121,-0.123383,0.035276,-0.143355,0.032877,0.000399,0.001433
0,0.12365,0.073718,0.09564,0.018149,0.091372,0.002225,0.002158,0.001287
0,-0.083052,0.000224,-0.2285,-0.076482,-0.226149,-0.102354,0.00145,4e-06
0,0.001597,0.214744,0.071418,0.189812,0.084253,0.185096,2.8e-05,0.003748
0,0.052891,-0.09134,0.063315,-0.296432,0.066762,-0.255775,0.000923,0.001594
0,0.108866,0.012372,0.079825,0.081832,0.030425,0.097251,0.0019,0.000216
0,-0.039092,0.062422,-0.130617,0.061065,-0.083,0.075421,0.000682,0.001089
0,0.201181,-0.05495,0.215275,-0.135079,0.247374,-0.161791,0.003511,0.000959
0,-0.046057,-0.023502,-0.229282,0.010372,-0.213055,0.004373,0.000804,0.00041
0,0.162851,0.014571,0.206727,0.057169,0.24867,0.051975,0.002842,0.000254
0,0.109156,0.11792,-0.0431,0.118089,-0.078063,0.129034,0.001905,0.002058
0,0.22041,-0.062522,0.122393,-0.206221,0.149504,-0.255073,0.003847,0.001091
0,0.206043,0.101507,-0.000904,0.190894,-0.004058,0.187769,0.003596,0.001772
0,0.012697,0.106536,-0.221598,0.006761,-0.203532,-0.041685,0.000222,0.001859
0,0.135279,-0.048142,0.098879,-0.168399,0.113489,-0.162957,0.002361,0.00084
0,0.174553,0.092397,0.057297,0.133853,0.066635,0.174345,0.003047,0.001613
0,0.012958,0.074458,-0.153028,-0.018555,-0.143642,-0.053793,0.000226,0.0013
0,0.262115,0.046284,0.230957,-0.049367,0.262812,-0.046976,0.004575,0.000808
0,0.100522,0.169608,-0.186692,0.150314,-0.172021,0.175871,0.001754,0.00296
0,0.021969,0.013415,-0.071104,-0.157503,-0.10061,-0.163822,0.000383,0.000234
0,0.11901,0.203018,0.090899,0.188679,0.138225,0.174224,0.002077,0.003543
0,0.196785,-0.009897,0.079297,-0.201548,0.058938,-0.246618,0.003435,0.000173
0,0.298291,-0.074915,0.087473,-0.084191,0.115832,-0.049206,0.005206,0.001308
0,0.13464,0.082327,-0.156826,0.183074,-0.182768,0.21983,0.00235,0.001437
0,0.143741,-0.019181,0.030895,-0.097436,-0.013943,-0.088664,0.002509,0.000335
0,-0.104461,0.10659,-0.228412,0.103015,-0.231949,0.112916,0.001823,0.00186
0,-0.362271,0.342499,-0.243941,0.229816,-0.216304,0.267748,0.005429,0.005774
0,-0.507326,0.447092,-0.140305,0.097917,-0.168097,0.105758,0.002897,0.003948
0,-0.345327,0.60247,0.156569,0.153876,0.158989,0.126787,0.005725,0.001237
0,-0.246704,0.281069,0.088597,-0.298215,0.061517,-0.317522,0.004306,0.004906
0,-0.086818,0.202347,0.165967,-0.057117,0.162138,-0.008292,0.001515,0.003532
0,-0.111268,0.271735,-0.050635,0.093988,-0.03567,0.093231,0.001942,0.004743
0,-0.016754,0.132804,0.095574,-0.153681,0.124031,-0.177852,0.000292,0.002318
0,-0.153766,0.17227,-0.14182,0.02201,-0.09583,0.008185,0.002684,0.003007
0,-0.091727,0.183242,0.043671,-0.008605,0.067764,-0.01884,0.001601,0.003198
0,-0.226,0.185276,-0.14915,-0.001383,-0.154812,-0.039345,0.003944,0.003234
0,0.041982,0.024171,0.272587,-0.178653,0.235275,-0.200202,0.000733,0.000422
0,-0.19871,0.205653,-0.266173,0.206305,-0.226783,0.195371,0.003468,0.003589
0,-0.010784,0.112191,0.186776,-0.10202,0.178978,-0.078385,0.000188,0.001958
0,0.02513,0.072288,0.049327,-0.060764,0.071262,-0.03764,0.000439,0.001262
0,-0.033587,0.087447,-0.03604,0.000931,-0.056912,0.030358,0.000586,0.001526
0,-0.089767,0.016684,-0.085238,-0.074577,-0.122422,-0.093666,0.001567,0.000291
0,-0.098798,0.047777,-0.010232,0.027584,-0.04054,0.012202,0.001724,0.000834
0,-0.218853,0.095521,-0.108256,0.055571,-0.123308,0.016582,0.00382,0.001667
0,-0.197438,0.129684,0.043896,0.049015,0.056089,0.014745,0.003446,0.002263
0,-0.06303,0.177444,0.107138,0.042398,0.134171,-0.004776,0.0011,0.003097
0,-0.087537,0.026242,-0.02513,-0.177823,0.009705,-0.157527,0.001528,0.000458
0,-0.09878,0.281719,-0.030116,0.255129,-0.062545,0.206083,0.001724,0.004917
0,-0.161857,0.08112,-0.058781,-0.184549,-0.076252,-0.210889,0.002825,0.001416
0,0.042064,0.200551,0.189176,0.116139,0.181874,0.139598,0.000734,0.0035
0,-0.219615,0.220747,-0.249974,0.012299,-0.240554,0.045758,0.003833,0.003853
0,-0.184648,0.022155,0.048826,-0.218422,-0.000394,-0.255282,0.003223,0.000387
0,-0.129862,0.098213,0.033704,0.049392,0.05898,0.09553,0.002267,0.001714
0,-0.205514,0.236046,-0.053829,0.113871,-0.072054,0.081193,0.003587,0.00412
0,0.070441,0.097107,0.262366,-0.134069,0.241218,-0.134072,0.001229,0.001695
0,-0.025383,0.208851,-0.086124,0.091057,-0.097186,0.115938,0.000443,0.003645
0,-0.000243,0.196603,0.028324,-0.014797,0.062818,-0.060661,4e-06,0.003431
0,0.024752,0.138942,-0.000307,-0.043014,0.010078,-0.057299,0.000432,0.002425
0,-0.131433,0.209287,-0.126547,0.090119,-0.086817,0.043219,0.002294,0.003653
0,-0.149306,0.086547,-0.01286,-0.132462,-0.04091,-0.132585,0.002606,0.001511
0,0.112401,0.130737,0.249721,0.023504,0.227103,0.068402,0.001962,0.002282
0,0.124122,-0.083182,0.023937,-0.231481,-0.010383,-0.28043,0.002166,0.001452
0,-0.046184,0.024758,-0.193807,0.120959,-0.222293,0.122845,0.000806,0.000432
0,0.158749,-0.032085,0.177403,-0.032885,0.192452,-0.013945,0.002771,0.00056
0,0.016867,-0.025688,-0.134417,-0.014693,-0.112199,-0.039869,0.000294,0.000448
0,-0.149686,-0.06942,-0.192682,-0.0281,-0.219558,-0.03643,0.002613,0.001212
0,0.026219,-0.089029,0.202864,-0.044236,0.15617,-0.067507,0.000458,0.001554
0,0.060674,-0.080959,0.062333,0.030871,0.100289,0.042095,0.001059,0.001413
0,-0.040105,0.135443,-0.115097,0.244972,-0.095692,0.291626,0.0007,0.002364
0,-0.135554,0.035856,-0.103746,-0.103786,-0.126137,-0.10807,0.002366,0.000626
0,-0.043404,0.060616,0.087077,0.003774,0.097813,0.033531,0.000758,0.001058
0,-0.006565,-0.085327,0.04643,-0.116975,0.014106,-0.109455,0.000115,0.001489
0,-0.042438,-0.078321,-0.059163,-0.015118,-0.094247,-0.054824,0.000741,0.001367
0,0.093082,0.102903,0.150489,0.167505,0.188277,0.137826,0.001625,0.001796
0,-0.119691,0.149124,-0.219832,0.016462,-0.229628,0.017649,0.002089,0.002603
0,0.07068,-0.08769,0.180275,-0.210157,0.175544,-0.17026,0.001234,0.00153
0,-0.15222,0.074941,-0.236655,0.166219,-0.263802,0.147723,0.002657,0.001308
0,-0.106607,0.151738,0.063331,0.057884,0.070868,0.030623,0.001861,0.002648
0,0.022971,0.106815,0.144049,-0.020764,0.131313,-0.026793,0.000401,0.001864
0,-0.002064,-0.081258,-0.030418,-0.17413,-0.047375,-0.215583,3.6e-05,0.001418
0,-0.039271,-0.064201,-0.059876,0.024355,-0.041184,0.026336,0.000685,0.001121
0,-0.071628,0.070029,-0.052224,0.111375,-0.030737,0.072885,0.00125,0.001222
0,0.028844,0.140953,0.091719,0.086222,0.080288,0.04019,0.000503,0.00246
0,-0.144608,0.032366,-0.150731,-0.130785,-0.190315,-0.155973,0.002524,0.000565
0,-0.146829,0.034682,-0.016942,0.013297,0.015205,-0.018605,0.002563,0.000605
0,0.037443,-0.00431,0.194573,-0.03003,0.154201,-0.046839,0.000654,7.5e-05
0,0.102501,0.16432,0.066213,0.141065,0.098844,0.183188,0.001789,0.002868
0,-0.123122,-0.033979,-0.234424,-0.17977,-0.249888,-0.202341,0.002149,0.000593
0,-0.060447,0.143429,0.065628,0.195511,0.06102,0.159153,0.001055,0.002503
0,0.024895,-0.050108,0.105302,-0.201765,0.137963,-0.230466,0.000434,0.000875
0,-0.079376,-0.059928,-0.122792,-0.01384,-0.074909,-0.043304,0.001385,0.001046
0,-0.041521,0.037569,0.038279,0.12571,0.033284,0.174305,0.000725,0.000656
0,0.077731,0.191043,0.097712,0.130357,0.115389,0.146583,0.001357,0.003334
0,0.10884,0.020617,0.013382,-0.151651,-0.025934,-0.120664,0.0019,0.00036
0,0.143547,-0.065376,0.006312,-0.056254,0.016687,-0.022428,0.002505,0.001141
0,-0.151807,-0.030714,-0.309625,0.055312,-0.348865,0.061494,0.00265,0.000536
0,0.018061,0.072844,0.199654,0.101376,0.239958,0.091057,0.000315,0.001271
0,-0.031812,0.185338,-0.022463,0.092527,0.01845,0.056175,0.000555,0.003235
0,0.108152,-0.006498,0.121521,-0.216643,0.131098,-0.219216,0.001888,0.000113
0,0.122664,0.107444,0.024485,0.10364,0.034013,0.082826,0.002141,0.001875
0,-0.057338,0.020198,-0.176804,-0.075595,-0.165374,-0.078171,0.001001,0.000353
0,-0.101998,-0.124588,-0.023388,-0.153722,-0.052174,-0.154431,0.00178,0.002174
0,-0.24204,0.159759,-0.148128,0.263949,-0.175991,0.270911,0.004224,0.002788
0,-0.027571,-0.067573,0.238633,-0.250932,0.237595,-0.210377,0.000481,0.001179
0,-0.049941,-0.076422,-0.026537,-0.023392,-0.019852,-0.066508,0.000872,0.001334
0,-0.100391,-0.014469,-0.064341,0.064381,-0.023374,0.017775,0.001752,0.000253
0,-0.202902,0.023961,-0.088697,0.060112,-0.075581,0.044202,0.003541,0.000418
0,-0.062545,0.01816,0.11995,-0.024392,0.132022,-0.013215,0.001092,0.000317
0,-0.106557,0.090771,-0.064711,0.074146,-0.052992,0.043187,0.00186,0.001584
0,0.039488,0.046564,0.170268,-0.064568,0.129936,-0.026502,0.000689,0.000813
0,-0.223429,-0.120187,-0.255495,-0.173723,-0.301816,-0.16035,0.0039,0.002098
0,-0.167247,0.101962,0.036772,0.249138,0.044663,0.254702,0.002919,0.00178
0,0.04326,-0.09932,0.232685,-0.216705,0.23625,-0.222247,0.000755,0.001733
0,0.073085,0.055457,0.003442,0.13933,0.026667,0.169763,0.001276,0.000968
0,-0.026947,-0.196607,-0.08369,-0.224267,-0.092233,-0.22636,0.00047,0.003431
0,-0.126375,-0.069585,-0.074573,0.103073,-0.055038,0.085575,0.002206,0.001214
0,-0.113953,-0.092996,0.028697,-0.011812,-0.008152,-4.7e-05,0.001989,0.001623
0,0.034855,0.041704,0.133642,0.118171,0.099737,0.140565,0.000608,0.000728
0,-0.005411,-0.115648,-0.06917,-0.173968,-0.035549,-0.218434,9.4e-05,0.002018
0,-0.089681,-0.090472,-0.070157,0.036469,-0.061656,0.058823,0.001565,0.001579
0,-0.033201,-0.076888,0.032168,0.031273,0.063227,0.036937,0.000579,0.001342
0,-0.099658,0.010555,-0.090134,0.064965,-0.055581,0.048204,0.001739,0.000184
0,-0.015492,-0.15177,0.072991,-0.135226,0.064724,-0.109088,0.00027,0.002649
0,0.115444,-0.055612,0.154427,0.069274,0.153692,0.118508,0.002015,0.000971
0,-0.017266,-0.128485,-0.150608,-0.049835,-0.17679,-0.000885,0.000301,0.002242
0,0.031235,-0.054923,0.037652,0.09106,0.038513,0.077684,0.000545,0.000959
0,-0.011381,-0.044337,-0.048174,-0.01599,-0.055009,0.008768,0.000199,0.000774
0,0.080502,0.063918,0.119649,0.101719,0.088742,0.066244,0.001405,0.001116
0,-0.064034,0.036769,-0.127668,-0.040002,-0.139681,-0.074971,0.001118,0.000642
0,0.071462,-0.045711,0.131499,-0.056083,0.11231,-0.08184,0.001247,0.000798
0,-0.194009,-0.05337,-0.25302,0.009533,-0.29263,-0.008471,0.003386,0.000931
0,-0.185076,0.090292,-0.001785,0.149552,0.032675,0.124724,0.00323,0.001576
0,-0.189829,0.042909,-0.026805,-0.060086,-0.053934,-0.078129,0.003313,0.000749
0,-0.054109,-0.080699,0.151114,-0.102993,0.161543,-0.140539,0.000944,0.001408
0,-0.138372,-0.055682,-0.064728,0.03552,-0.070457,0.055578,0.002415,0.000972
0,0.036096,-0.113743,0.188695,-0.051723,0.169036,-0.092027,0.00063,0.001985
0,-0.064969,-0.17838,-0.125917,-0.084836,-0.159603,-0.075884,0.001134,0.003113
0,-0.049833,0.056046,0.018608,0.249519,0.020235,0.212035,0.00087,0.000978
0,-0.030646,-0.143368,0.002619,-0.198126,0.040763,-0.245171,0.000535,0.002502
0,-0.019651,0.060121,-0.006672,0.197554,0.042351,0.20849,0.000343,0.001049
0,0.128529,0.023182,0.126406,-0.010659,0.154149,-0.050946,0.002243,0.000405
0,-0.02683,-0.102324,-0.165074,-0.119433,-0.15376,-0.076222,0.000468,0.001786
0,0.031601,-0.076522,0.068159,0.022243,0.027902,0.033987,0.000552,0.001336
0,-0.033385,0.016524,-0.087553,0.07619,-0.038826,0.120383,0.000583,0.000288
0,-0.019366,-0.109601,-0.015296,-0.132956,-0.032827,-0.150961,0.000338,0.001913
0,0.054964,-0.133828,0.077449,-0.00852,0.083663,0.012299,0.000959,0.002336
0,-0.129722,-4.7e-05,-0.155866,0.14189,-0.167521,0.119838,0.002264,1e-06
0,-0.070831,0.045714,0.078468,0.072501,0.101892,0.037415,0.001236,0.000798
0,0.116046,-0.060351,0.198102,-0.093,0.181411,-0.0724,0.002025,0.001053
0,0.029686,0.022906,-0.078948,0.100819,-0.098864,0.133793,0.000518,0.0004
0,0.027376,-0.118908,0.016176,-0.160823,-0.028707,-0.205417,0.000478,0.002075
0,-0.128443,-0.148656,-0.168178,-0.006623,-0.201886,-0.013548,0.002242,0.002595
0,-0.017676,0.035335,0.123986,0.185578,0.131714,0.158789,0.000308,0.000617
0,-0.089298,0.006908,-0.075221,-0.034457,-0.061399,-0.009991,0.001559,0.000121
0,0.169366,0.013478,0.243917,0.006948,0.2141,-0.035957,0.002956,0.000235
0,-0.134532,-0.063993,-0.291025,-0.06777,-0.334464,-0.08203,0.002348,0.001117
0,-0.052627,0.061836,0.054234,0.131757,0.068132,0.097507,0.000919,0.001079
0,0.13006,0.086636,0.198918,0.009788,0.162423,0.048695,0.00227,0.001512
0,0.084999,-0.112031,-0.069047,-0.211697,-0.028295,-0.176665,0.001484,0.001955
0,-0.003855,0.173842,-0.07409,0.307899,-0.091369,0.309767,6.7e-05,0.003034
0,0.198445,0.175477,0.220759,-0.025336,0.187525,-0.003509,0.003464,0.003063
0,0.215802,0.19209,0.030643,0.017393,0.057011,0.035094,0.003766,0.003353
0,0.221675,-0.067712,0.019023,-0.24801,-0.018615,-0.287003,0.003869,0.001182
0,0.17631,0.007282,-0.037981,0.081882,-0.02505,0.095359,0.003077,0.000127
0,0.214661,0.09433,0.029475,0.114473,0.045731,0.127395,0.003747,0.001646
0,0.044592,0.141642,-0.173075,0.062951,-0.204899,0.076137,0.000778,0.002472
0,0.057056,0.119373,-0.011183,-0.003581,0.017463,0.024627,0.000996,0.002083
0,-0.031789,-0.007845,-0.063879,-0.11819,-0.087404,-0.068807,0.000555,0.000137
0,0.171417,-0.115793,0.205043,-0.099415,0.214072,-0.060432,0.002992,0.002021
0,0.023063,-0.024263,-0.172304,0.0651,-0.219279,0.109486,0.000403,0.000423
0,0.050165,-0.149724,0.009262,-0.107394,-0.033418,-0.120149,0.000876,0.002613
0,-0.011839,-0.028083,-0.061457,0.096587,-0.110594,0.128315,0.000207,0.00049
0,0.251722,0.043156,0.245731,0.070136,0.292644,0.099695,0.004393,0.000753
0,0.248198,-0.067094,0.001402,-0.103942,0.036475,-0.10134,0.004332,0.001171
0,0.078986,0.013164,-0.183819,0.08752,-0.139915,0.112975,0.001379,0.00023
0,0.078,-0.11843,-0.028524,-0.154211,-0.066083,-0.131769,0.001361,0.002067
0,0.080807,-0.036389,-0.007806,0.075371,-0.052995,0.064286,0.00141,0.000635
0,0.066945,-0.159608,0.012617,-0.151234,0.037787,-0.123858,0.001168,0.002786
0,0.213315,-0.017066,0.122863,0.124015,0.112534,0.075689,0.003723,0.000298
0,0.240285,-0.063983,0.033925,-0.055967,0.000547,-0.071763,0.004194,0.001117
0,0.224035,-0.138794,-0.020921,-0.09251,0.02311,-0.118394,0.00391,0.002422
0,0.042315,-0.09743,-0.201441,0.065742,-0.24973,0.061933,0.000739,0.0017
0,0.144273,-0.127677,0.089651,-0.057409,0.06679,-0.014137,0.002518,0.002228
0,0.037977,-0.049654,-0.076647,0.106195,-0.086193,0.098006,0.000663,0.000867
0,0.022705,-0.075742,-0.007258,-0.042692,-0.005531,-0.031922,0.000396,0.001322
0,0.070796,-0.181874,0.01982,-0.131139,0.060454,-0.129549,0.001236,0.003174
0,0.030442,0.060754,-0.011739,0.237752,0.018829,0.272237,0.000531,0.00106
0,0.103526,-0.163593,0.051768,-0.199275,0.059245,-0.222123,0.001807,0.002855
0,0.195098,-0.190643,0.102268,-0.010239,0.06432,-0.049598,0.003405,0.003327
0,0.203997,-0.128836,-0.013954,0.048442,0.030263,0.046143,0.00356,0.002249
0,0.147945,-0.163903,-0.03541,-0.03687,-0.060093,-0.051881,0.002582,0.002861
0,0.218128,-0.102588,0.042864,0.066193,0.045608,0.080398,0.003807,0.00179
0,0.182496,-0.156142,-0.065439,-0.029344,-0.028007,-0.03148,0.003185,0.002725
0,0.023709,0.03208,-0.178016,0.187359,-0.217706,0.138497,0.000414,0.00056
0,-0.012024,0.097498,-0.036819,0.057374,-0.067731,0.010892,0.00021,0.001702
0,0.02201,-0.135167,0.038235,-0.218613,0.016126,-0.266846,0.000384,0.002359
0,0.110874,-0.116226,0.104884,0.044653,0.128258,0.027147,0.001935,0.002029
0,0.019981,-0.017158,-0.075632,0.116676,-0.103149,0.083777,0.000349,0.000299
0,-0.08279,-0.123707,-0.10725,-0.097074,-0.111109,-0.108885,0.001445,0.002159
0,-0.03694,0.085053,0.03385,0.229711,0.077108,0.23716,0.000645,0.001484
0,0.191838,-0.006604,0.203572,-0.103673,0.195549,-0.075846,0.003348,0.000115
0,0.062967,0.029146,-0.147739,0.029605,-0.182051,0.02027,0.001099,0.000509
0,0.101456,-0.17741,0.066648,-0.210823,0.084219,-0.23867,0.001771,0.003096
0,0.006662,-0.059414,-0.066894,0.099914,-0.08842,0.054832,0.000116,0.001037
0,0.059353,-0.129884,0.062331,-0.040919,0.105275,-0.041691,0.001036,0.002267
0,0.004984,-0.031342,-0.029329,0.109659,-0.006749,0.061452,8.7e-05,0.000547
0,0.043913,-0.094375,0.011473,-0.091304,0.053207,-0.113404,0.000766,0.001647
0,0.110684,0.101595,0.07101,0.172027,0.03251,0.136504,0.001932,0.001773
0,0.034478,-0.093103,-0.055201,-0.184266,-0.032548,-0.153154,0.000602,0.001625
0,0.181732,-0.017067,0.156349,0.064601,0.202545,0.045784,0.003172,0.000298
0,0.069178,0.093889,-0.127965,0.12098,-0.085684,0.073768,0.001207,0.001639
0,0.011811,0.146313,-0.0421,0.070921,-0.051319,0.10108,0.000206,0.002554
0,-0.020765,0.133555,-0.054143,-0.03826,-0.045206,-0.066008,0.000362,0.002331
0,0.176019,0.09012,0.211455,-0.064939,0.242374,-0.068329,0.003072,0.001573
0,0.138183,-0.043027,-0.063916,-0.106055,-0.094615,-0.138618,0.002412,0.000751
0,-0.036477,0.119236,-0.179038,0.133412,-0.209817,0.153593,0.000637,0.002081
0,0.013579,-0.009889,0.046211,-0.10345,0.075782,-0.126065,0.000237,0.000173
0,0.056709,0.1013,0.061612,0.119301,0.030201,0.144144,0.00099,0.001768
0,0.189977,0.115127,0.145513,0.030473,0.184161,0.072077,0.003316,0.002009
0,0.008571,0.030085,-0.177399,-0.063011,-0.209795,-0.106979,0.00015,0.000525
0,0.179539,-0.079152,0.142999,-0.091758,0.166895,-0.112863,0.003134,0.001381
0,0.060061,0.186665,-0.115812,0.275954,-0.121607,0.29533,0.001048,0.003258
0,0.168865,-0.009408,0.12442,-0.202173,0.105405,-0.223522,0.002947,0.000164
0,0.08461,-0.056347,-0.105371,-0.064745,-0.084889,-0.021096,0.001477,0.000983
0,-0.064843,0.040929,-0.164704,0.08621,-0.202054,0.123091,0.001132,0.000714
0,0.164587,0.116063,0.227318,0.104234,0.199317,0.126887,0.002873,0.002026
0,0.154735,0.1264,-0.011853,-0.001647,-0.02566,-0.048988,0.002701,0.002206
0,0.054797,0.084842,-0.109065,-0.017103,-0.145809,0.02104,0.000956,0.001481
0,0.029861,0.0051,-0.030684,-0.065805,-0.039317,-0.067236,0.000521,8.9e-05
0,0.058433,-0.064631,0.028361,-0.044054,0.018151,-0.012679,0.00102,0.001128
0,0.031469,0.104095,-0.011876,0.144349,-0.016724,0.15509,0.000549,0.001817
0,-0.045052,-0.072262,-0.073855,-0.179036,-0.089253,-0.163116,0.000786,0.001261
0,-0.046841,-0.025904,-0.004887,0.066516,0.005902,0.034666,0.000818,0.000452
0,0.125954,-0.022071,0.192159,-0.010204,0.224518,0.021011,0.002198,0.000385
0,0.06425,-0.009963,-0.080708,-0.000398,-0.112591,0.029793,0.001121,0.000174
0,0.096829,0.08812,0.018131,0.103339,-0.026526,0.146398,0.00169,0.001538
0,0.0311,-0.128562,-0.042099,-0.205117,-0.086122,-0.185584,0.000543,0.002244
0,-0.13464,-0.199444,-0.154118,-0.041082,-0.111669,-0.042119,0.00235,0.003481
0,0.067109,-0.160039,0.173167,0.013584,0.217554,-0.00272,0.001171,0.002793
0,0.011973,0.049617,-0.045908,0.225067,-0.057744,0.197754,0.000209,0.000866
0,0.118435,0.125892,0.123043,0.088993,0.132865,0.078931,0.002067,0.002197
0,-0.145518,-0.104719,-0.264438,-0.207336,-0.222342,-0.184329,0.00254,0.001828
0,0.098712,-0.010729,0.271767,0.076117,0.265013,0.062123,0.001723,0.000187
0,-0.072428,-0.102535,-0.178294,-0.105424,-0.166242,-0.12128,0.001264,0.00179
0,-0.025899,-0.059275,0.045705,0.02192,0.080401,0.045857,0.000452,0.001035
0,-0.16247,-0.104649,-0.15088,-0.027813,-0.199344,-0.001759,0.002836,0.001826
0,-0.036905,-0.151523,0.11089,-0.071278,0.155785,-0.092516,0.000644,0.002645
0,-0.180362,0.063736,-0.153886,0.231958,-0.167825,0.255399,0.003148,0.001112
0,0.085609,-0.129807,0.277581,-0.199391,0.249852,-0.241226,0.001494,0.002266
0,-0.081081,0.082024,-0.167326,0.196306,-0.127659,0.229488,0.001415,0.001432
0,-0.094903,-0.035308,-0.015565,-0.099904,0.001459,-0.126,0.001656,0.000616
0,-0.117057,-0.081441,-0.004121,-0.071911,0.021439,-0.069025,0.002043,0.001421
0,-0.031151,-0.107443,0.083267,0.0035,0.054425,-0.005435,0.000544,0.001875
0,0.145967,-0.073312,0.179908,0.046329,0.157851,0.088746,0.002548,0.00128
0,-0.000668,0.101805,-0.175797,0.171787,-0.164183,0.189172,1.2e-05,0.001777
0,0.077328,-0.100073,0.085726,-0.216272,0.128864,-0.216316,0.00135,0.001747
0,-0.103277,-0.202016,-0.151996,-0.088842,-0.11729,-0.107775,0.001803,0.003526
0,-0.044546,-0.060275,0.069896,0.150823,0.034396,0.137312,0.000777,0.001052
0,0.083754,-0.00788,0.14747,0.07356,0.114988,0.036837,0.001462,0.000138
0,0.147646,-0.135775,0.036471,-0.149863,0.030863,-0.102036,0.002577,0.00237
0,-0.003734,0.070877,-0.144282,0.200289,-0.160663,0.169049,6.5e-05,0.001237
0,0.01291,-0.049196,0.033298,-0.103938,0.063756,-0.09795,0.000225,0.000859
0,0.010808,-0.085883,-0.009849,-0.027093,-0.001453,-0.034244,0.000189,0.001499
0,0.093757,-0.040441,0.070329,0.045076,0.101119,0.086782,0.001636,0.000706
0,0.017542,0.082261,-0.046517,0.109754,-0.066986,0.147184,0.000306,0.001436
0,-0.068155,-0.047478,-0.100947,-0.159422,-0.073391,-0.198187,0.00119,0.000829
0,0.065779,0.040017,0.113405,0.09169,0.107768,0.103952,0.001148,0.000698
0,-0.016632,-0.075907,-0.06534,-0.134421,-0.088248,-0.170811,0.00029,0.001325
0,0.057007,-0.013528,0.065176,0.064834,0.031033,0.102531,0.000995,0.000236
0,0.029938,0.021913,-0.027567,0.026413,-0.043853,0.03368,0.000523,0.000382
0,0.064674,-0.004791,0.009554,-0.006298,0.058284,0.02295,0.001129,8.4e-05
0,0.110623,0.042208,0.066718,0.075517,0.113871,0.106987,0.001931,0.000737
0,0.083683,-0.084089,-0.056301,-0.14434,-0.05652,-0.105523,0.001461,0.001468
0,0.002426,-0.102221,-0.058978,-0.018351,-0.085704,0.00401,4.2e-05,0.001784
0,-0.066498,0.006242,-0.081843,0.087651,-0.094609,0.043147,0.001161,0.000109
0,0.062507,-0.051275,0.143794,-0.061211,0.190234,-0.050655,0.001091,0.000895
0,-0.000367,0.006169,-0.072615,0.045226,-0.107848,0.083969,6e-06,0.000108
0,0.163428,-0.127395,0.171768,-0.163242,0.150594,-0.197219,0.002852,0.002223
0,0.063209,-0.00727,-0.103269,0.139247,-0.086361,0.168466,0.001103,0.000127
0,0.062561,-0.031644,0.001148,-0.016107,0.049958,-0.029695,0.001092,0.000552
0,0.02575,0.061296,-0.009773,0.105617,-0.044688,0.145326,0.000449,0.00107
0,0.093101,-0.051271,0.096165,-0.105258,0.106227,-0.085387,0.001625,0.000895
0,0.226315,0.027342,0.13173,0.076739,0.151158,0.056742,0.00395,0.000477
0,0.042539,0.089874,-0.172774,0.083775,-0.142912,0.109112,0.000742,0.001569
0,0.134045,0.032798,0.090501,-0.068794,0.106825,-0.038143,0.00234,0.000572
0,0.211389,0.107127,0.076153,0.062347,0.119368,0.088213,0.003689,0.00187
0,0.016306,0.125285,-0.211981,0.031038,-0.182955,0.01348,0.000285,0.002187
0,0.001177,-0.148694,-0.013721,-0.264694,0.022434,-0.225266,2.1e-05,0.002595
0,0.140238,-0.145846,0.167427,-0.005695,0.178388,0.040125,0.002448,0.002545
0,0.218943,-0.02027,0.074664,0.100043,0.053304,0.057195,0.003821,0.000354
0,0.031302,0.09878,-0.207704,0.100068,-0.185537,0.090732,0.000546,0.001724
0,0.192072,0.056372,0.180013,-0.051045,0.152912,-0.013918,0.003352,0.000984
0,-0.004477,-0.03132,-0.168957,-0.061575,-0.161791,-0.03171,7.8e-05,0.000547
0,0.03435,0.119315,0.052397,0.151598,0.035025,0.104314,0.0006,0.002082
0,0.140417,-0.054134,0.134597,-0.158528,0.13821,-0.178388,0.002451,0.000945
0,0.315018,0.065651,0.193531,0.14181,0.190534,0.154892,0.005498,0.001146
0,0.187877,-0.002302,-0.135971,-0.047605,-0.112807,-0.047687,0.003279,4e-05
0,0.277759,-0.02643,0.076014,-0.046147,0.107879,-0.0837,0.004848,0.000461
0,0.127724,0.071242,-0.144667,0.099787,-0.191081,0.147858,0.002229,0.001243
0,0.081072,0.152711,-0.060789,0.102223,-0.085982,0.071794,0.001415,0.002665
0,0.226986,0.113713,0.139291,-0.0105,0.127245,0.033075,0.003962,0.001985
0,0.168474,0.129754,-0.051131,0.013827,-0.046714,0.050038,0.00294,0.002265
0,0.201853,0.014583,0.009942,-0.137147,-0.000185,-0.178751,0.003523,0.000255
0,0.178956,0.149628,0.005221,0.159166,-0.027792,0.202225,0.003123,0.002612
0,0.19424,0.107586,0.023755,-0.037986,-0.018375,-0.07584,0.00339,0.001878
0,0.100002,-0.086367,-0.095522,-0.201909,-0.054216,-0.20527,0.001745,0.001507
0,0.071853,0.095341,-0.01282,0.172951,-0.053882,0.150755,0.001254,0.001664
0,0.037902,0.006809,-0.020058,-0.078183,-0.027637,-0.029138,0.000662,0.000119
0,0.148595,0.138611,0.128954,0.158978,0.143352,0.208169,0.002593,0.002419
0,-0.000444,0.096424,-0.152697,-0.069071,-0.119751,-0.035714,8e-06,0.001683
0,-0.018815,0.033601,-0.021039,-0.046857,-0.005618,-0.056672,0.000328,0.000586
0,0.089693,-0.027719,0.089666,-0.035945,0.09188,-0.001799,0.001565,0.000484
0,0.106892,-0.168199,0.037062,-0.147672,0.0854,-0.190243,0.001866,0.002936
0,0.125253,-0.17183,0.035074,-0.026229,0.040097,-0.071095,0.002186,0.002999
0,-0.048122,-0.163926,-0.152473,0.035218,-0.193671,0.019745,0.00084,0.002861
0,-0.008603,-0.189367,0.066282,-0.042336,0.06915,-0.014462,0.00015,0.003305
0,-0.030796,0.018112,-0.047952,0.185669,-0.061922,0.231802,0.000537,0.000316
0,0.141584,-0.218723,0.198294,-0.229898,0.17523,-0.214121,0.002471,0.003817
0,-0.072499,-0.139734,-0.213442,0.06918,-0.258164,0.031116,0.001265,0.002439
0,0.070191,-0.10259,0.162236,0.025612,0.193895,0.053108,0.001225,0.001791
0,-0.088574,0.055472,-0.131672,0.181917,-0.173662,0.150344,0.001546,0.000968
0,-0.142972,0.118891,-0.033772,0.036647,0.006722,0.046947,0.002495,0.002075
0,-0.061507,-0.025717,0.064792,-0.122445,0.075801,-0.09093,0.001074,0.000449
0,0.002691,-0.082715,0.045122,-0.055893,0.00506,-0.075848,4.7e-05,0.001444
0,-0.007879,0.004486,-0.019459,0.084522,-0.003967,0.045693,0.000138,7.8e-05
0,0.049356,-0.001564,0.080975,0.001602,0.079428,-0.043423,0.000861,2.7e-05
0,0.172466,-0.099198,0.129878,-0.116831,0.123292,-0.136222,0.00301,0.001731
0,0.055195,-0.034202,-0.12676,0.090432,-0.136679,0.057609,0.000963,0.000597
0,0.050659,-0.061921,-0.021473,-0.03618,-0.021616,-0.052584,0.000884,0.001081
0,0.007625,0.004449,-0.040915,0.059686,-0.027444,0.10821,0.000133,7.8e-05
0,0.182683,0.060778,0.17407,0.079114,0.145632,0.12706,0.003188,0.001061
0,0.135407,-0.034084,-0.072818,-0.090321,-0.027515,-0.125668,0.002363,0.000595
0,-0.060953,0.091476,-0.168164,0.130648,-0.157332,0.122125,0.001064,0.001597
0,0.052005,-0.034549,0.136273,-0.119901,0.118281,-0.161722,0.000908,0.000603
0,-0.167663,-0.129763,-0.193944,-0.093224,-0.204124,-0.099259,0.002926,0.002265
0,-0.155414,-0.14367,0.029446,-0.000308,0.02151,0.037243,0.002712,0.002508
0,0.111076,0.120115,0.293874,0.263506,0.309367,0.221327,0.001939,0.002096
0,-0.07908,-0.126457,-0.208848,-0.270736,-0.25746,-0.224087,0.00138,0.002207
0,-0.045021,-0.037345,0.044626,0.088469,0.035887,0.067605,0.000786,0.000652
0,0.067608,0.001956,0.106213,0.042932,0.148856,0.047428,0.00118,3.4e-05
0,-0.014161,0.024472,-0.087715,0.003094,-0.041361,-0.036398,0.000247,0.000427
0,-2.472308,0.467776,-2.448222,0.453042,-2.453719,0.451032,0.003857,0.003587
0,-2.705528,0.70419,-0.203493,0.221338,-0.230723,0.243297,0.000214,0.000539
0,-2.85483,0.648243,-0.173968,-0.036748,-0.168115,-0.022144,0.002819,0.000438
0,-3.468429,0.509091,-0.592445,-0.112375,-0.618342,-0.119634,0.001777,0.002866
0,-2.801215,0.236529,0.687791,-0.28895,0.697461,-0.255888,0.001884,0.004128
0,-2.70947,0.116902,0.108296,-0.110631,0.096105,-0.135722,0.000282,0.00204
0,-2.31421,0.292195,0.371893,0.175368,0.395345,0.145969,0.005135,0.0051
0,-1.790682,0.135077,0.514259,-0.1573,0.551381,-0.185382,0.004002,0.002358
0,-1.382752,0.038444,0.403613,-0.072025,0.452945,-0.101856,0.00063,0.000671
0,-0.861796,-0.006173,0.505021,-0.030535,0.535519,-0.05276,0.003289,0.000108
0,-0.319122,-0.009911,0.559653,-0.002556,0.575416,0.019324,0.00557,0.000173
0,-0.507677,0.020247,-0.214126,0.037442,-0.240992,0.049635,0.002891,0.000353
0,-0.466901,0.136119,0.0371,0.109544,0.041947,0.079895,0.003603,0.002376
0,-0.406264,0.085852,0.052032,-0.029272,0.067825,-0.07909,0.004661,0.001498
0,-0.455296,-0.057722,-0.047422,-0.162181,-0.033704,-0.188439,0.003805,0.001007
0,-0.15902,0.054456,0.309122,0.112443,0.311002,0.101876,0.002775,0.00095
0,-0.239089,-0.004699,-0.080335,-0.029823,-0.033759,-0.040508,0.004173,8.2e-05
0,-0.165208,0.014472,0.066554,0.039396,0.054945,0.044697,0.002883,0.000253
0,-0.204707,0.04138,-0.021951,0.017524,-0.056353,0.042594,0.003573,0.000722
0,-0.236015,0.158036,-0.012891,0.129645,-0.025808,0.124849,0.004119,0.002758
0,-0.024244,0.0046,0.208204,-0.181462,0.244176,-0.207515,0.000423,8e-05
0,-0.244298,0.098228,-0.220028,0.068837,-0.192045,0.074939,0.004264,0.001714
0,-0.170837,0.038214,0.064162,-0.061577,0.113141,-0.037304,0.002982,0.000667
0,-0.238005,0.232424,-0.04464,0.193356,-0.059595,0.155192,0.004154,0.004057
0,-0.130013,0.204058,0.09892,-0.057027,0.145423,-0.078109,0.002269,0.003561
0,-0.010932,-0.035196,0.147415,-0.227572,0.120506,-0.207098,0.000191,0.000614
0,-0.205728,0.122023,-0.218889,0.133041,-0.23402,0.098882,0.003591,0.00213
0,-0.227074,0.172659,0.004098,0.032717,0.030842,-0.012852,0.003963,0.003013
0,-0.281531,0.147653,-0.04266,-0.05323,-3.2e-05,-0.077605,0.004914,0.002577
0,-0.229219,-0.012038,0.077097,-0.132659,0.084339,-0.159077,0.004001,0.00021
0,-0.01997,-0.065893,0.184605,-0.024906,0.208151,-0.019838,0.000349,0.00115
0,-0.065956,0.118913,-0.019354,0.156624,-0.008255,0.109684,0.001151,0.002075
0,-0.025264,0.069772,0.022275,-0.050923,0.070538,-0.058925,0.000441,0.001218
0,0.056625,0.107513,0.06569,0.017817,0.101759,0.05552,0.000988,0.001876
0,-0.057001,0.01658,-0.097448,-0.112263,-0.120625,-0.154148,0.000995,0.000289
0,0.015487,0.183283,0.073774,0.15886,0.096464,0.200829,0.00027,0.003199
0,0.020715,-0.000895,0.009292,-0.155114,0.013492,-0.110917,0.000362,1.6e-05
0,-0.112656,-0.038895,-0.105377,-0.048062,-0.07794,-0.020528,0.001966,0.000679
0,-0.120781,-0.085223,-0.027718,-0.068574,0.002309,-0.114734,0.002108,0.001487
0,0.095728,-0.040283,0.227766,0.066087,0.185451,0.103888,0.001671,0.000703
0,-0.077965,0.144064,-0.162308,0.15488,-0.168046,0.194152,0.001361,0.002514
0,0.020322,-0.097435,0.087282,-0.236073,0.094925,-0.193213,0.000355,0.001701
0,0.037202,0.136476,0.039324,0.229412,0.024352,0.239072,0.000649,0.002382
0,-0.129998,0.112333,-0.164019,-0.005483,-0.209139,-0.018228,0.002269,0.001961
0,-0.153262,0.135812,-0.041081,0.036966,-0.069301,0.05072,0.002675,0.00237
0,-0.210577,0.076161,-0.044796,-0.077699,0.001624,-0.083891,0.003675,0.001329
0,-0.118227,0.067588,0.083844,-0.007462,0.092837,0.005605,0.002063,0.00118
0,-0.132517,0.006137,-0.007351,-0.060703,-0.026177,-0.065315,0.002313,0.000107
0,-0.00713,0.047112,0.138013,0.070637,0.154915,0.091157,0.000124,0.000822
0,-0.136473,-0.150196,-0.12023,-0.182664,-0.122506,-0.199314,0.002382,0.002621
0,0.008367,-0.098625,0.150583,0.048286,0.188789,0.017034,0.000146,0.001721
0,-0.204146,-0.03686,-0.212112,0.072115,-0.164728,0.077434,0.003563,0.000643
0,0.002893,0.061305,0.234325,0.082809,0.23159,0.079399,5.1e-05,0.00107
0,-0.008198,-0.005902,-0.040871,-0.057558,0.000829,-0.024265,0.000143,0.000103
0,-0.286426,-0.060747,-0.273561,-0.040279,-0.293898,-0.074206,0.004999,0.00106
0,-0.183638,0.012797,0.074235,0.100631,0.045519,0.132536,0.003205,0.000223
0,-0.253587,-0.063833,-0.075196,-0.055928,-0.073466,-0.082219,0.004426,0.001114
0,-0.14051,-0.093807,0.123127,-0.006926,0.094119,0.037115,0.002452,0.001637
0,-0.233005,-0.114931,-0.117262,-0.027967,-0.111382,-0.012174,0.004067,0.002006
0,-0.256351,-0.103207,-0.017902,0.016938,-0.062089,0.054539,0.004474,0.001801
0,-0.198462,0.045556,0.071141,0.160323,0.082234,0.11058,0.003464,0.000795
0,-0.111155,-0.102803,0.100602,-0.13283,0.144352,-0.090044,0.00194,0.001794
0,-0.148697,0.080112,-0.039649,0.158653,-0.024805,0.11995,0.002595,0.001398
0,0.012279,-0.055778,0.14947,-0.115312,0.135991,-0.137133,0.000214,0.000974
0,-0.187834,0.035207,-0.218202,0.067642,-0.230015,0.024332,0.003278,0.000614
0,-0.094981,-0.133321,0.119778,-0.191328,0.134853,-0.146991,0.001658,0.002327
0,0.090032,-0.041582,0.178411,0.116254,0.19394,0.164209,0.001571,0.000726
0,-0.136341,-0.05749,-0.203316,-0.006179,-0.194043,0.016292,0.00238,0.001003
0,0.104122,-0.078289,0.214995,-0.040119,0.21892,-0.031334,0.001817,0.001366
0,-0.078649,-0.047682,-0.185809,0.032353,-0.208578,0.075275,0.001373,0.000832
0,0.094844,0.065611,0.150171,0.13892,0.113575,0.120489,0.001655,0.001145
0,-0.041008,-0.075814,-0.114826,-0.13858,-0.082832,-0.116143,0.000716,0.001323
0,0.06696,0.121973,0.127672,0.20336,0.084337,0.155627,0.001169,0.002129
0,-0.08003,0.089026,-0.118271,-0.036021,-0.072935,-0.060808,0.001397,0.001554
0,0.06049,0.098265,0.120814,0.020476,0.122314,-0.015815,0.001056,0.001715
0,0.028955,-0.162812,-0.029142,-0.239369,-0.038791,-0.238564,0.000505,0.002842
0,-0.155884,0.125782,-0.170053,0.279147,-0.184186,0.247727,0.002721,0.002195
0,-0.09434,-0.063147,0.07836,-0.200448,0.120934,-0.153568,0.001647,0.001102
0,0.056874,0.031104,0.132051,0.117928,0.09986,0.118457,0.000993,0.000543
0,-0.068702,-0.126036,-0.141385,-0.167945,-0.179495,-0.202101,0.001199,0.0022
0,-0.114911,-0.015738,-0.046637,0.091225,-0.067609,0.077443,0.002006,0.000275
0,-0.009102,0.098709,0.079829,0.138811,0.056453,0.179759,0.000159,0.001723
0,0.035916,0.099031,0.031217,-0.024218,0.046662,0.008648,0.000627,0.001728
0,-0.080777,0.002938,-0.114232,-0.111957,-0.105475,-0.067351,0.00141,5.1e-05
0,-0.060189,-0.057227,-0.001538,-0.087287,0.030057,-0.121829,0.001051,0.000999
0,0.086691,-0.106088,0.171233,-0.036082,0.163874,-0.068917,0.001513,0.001852
0,0.320156,1.052784,0.208831,1.150556,0.230568,1.152479,0.005588,0.005129
0,0.791219,1.631786,0.478213,0.552777,0.466472,0.572239,0.002058,0.004977
0,1.259393,1.772751,0.496297,0.12525,0.490149,0.165608,0.001523,0.004315
0,1.083021,1.614967,-0.147275,-0.158095,-0.110048,-0.133628,0.004601,0.004683
0,1.063755,1.482826,0.000216,-0.156753,-0.042882,-0.18011,0.004937,0.002377
0,0.769283,1.14028,-0.294445,-0.352996,-0.340047,-0.39724,0.001675,0.003602
0,0.770478,0.799229,0.022603,-0.337009,-0.012559,-0.329419,0.001696,0.002197
0,0.510954,0.568573,-0.249219,-0.221541,-0.269458,-0.222679,0.002834,0.001828
0,0.209845,0.402618,-0.271973,-0.147103,-0.252248,-0.100383,0.003662,0.004725
0,-0.039711,-0.125936,-0.224002,-0.509939,-0.220472,-0.476521,0.000693,0.002198
0,0.010441,-0.216951,0.054076,-0.104539,0.039686,-0.142981,0.000182,0.003787
0,-0.068155,-0.034814,-0.048724,0.201488,-0.07519,0.189279,0.00119,0.000608
0,-0.140782,-0.119788,-0.075963,-0.055161,-0.091145,-0.039098,0.002457,0.002091
0,-0.227583,-0.36791,-0.085685,-0.258545,-0.039958,-0.30706,0.003972,0.00533
0,-0.015691,-0.174374,0.231095,0.164053,0.241591,0.161882,0.000274,0.003043
0,-0.199282,-0.344018,-0.186028,-0.175329,-0.152314,-0.130148,0.003478,0.005747
0,-0.306509,-0.217502,-0.121342,0.116922,-0.121866,0.069959,0.00535,0.003796
0,-0.276503,-0.138285,0.044913,0.099367,0.027807,0.103037,0.004826,0.002414
0,-0.261553,-0.181477,0.032296,-0.016259,0.035089,-0.047129,0.004565,0.003167
0,-0.249515,-0.137897,-0.00017,0.038153,0.037596,-0.008425,0.004355,0.002407
0,-0.012426,0.041492,0.208647,0.168614,0.162731,0.156299,0.000217,0.000724
0,-0.159083,-0.124274,-0.116982,-0.163291,-0.142086,-0.11655,0.002777,0.002169
0,-0.107253,-0.05517,0.03655,0.073832,0.015474,0.036028,0.001872,0.000963
0,-0.279966,0.096126,-0.157973,0.130343,-0.155767,0.157481,0.004886,0.001678
0,-0.270967,0.125523,0.01497,0.047936,0.041561,0.016206,0.004729,0.002191
0,-0.089939,-0.004167,0.160196,-0.127356,0.132753,-0.088639,0.00157,7.3e-05
0,0.037476,0.004972,0.110203,0.001076,0.107254,-0.03106,0.000654,8.7e-05
0,-0.023832,-0.115108,-0.03393,-0.101994,-0.009151,-0.139509,0.000416,0.002009
0,-0.070003,0.021175,-0.06445,0.140812,-0.083352,0.106275,0.001222,0.00037
0,-0.191239,0.020915,-0.091508,-0.022587,-0.102976,-0.025866,0.003338,0.000365
0,-0.253806,0.108501,-0.049885,0.108842,-0.081767,0.131509,0.00443,0.001894
0,-0.010955,0.111241,0.227431,-0.02195,0.276141,-0.054141,0.000191,0.001942
0,-0.193598,0.074561,-0.185004,-0.022952,-0.194225,-0.072049,0.003379,0.001301
0,-0.136086,-0.080091,0.031268,-0.178099,0.068047,-0.22619,0.002375,0.001398
0,-0.221465,0.118909,-0.104309,0.180642,-0.10184,0.199037,0.003865,0.002075
0,-0.022367,-0.039232,0.169791,-0.163711,0.167911,-0.198894,0.00039,0.000685
0,-0.096157,-0.040515,-0.087063,-0.011881,-0.078054,-0.046525,0.001678,0.000707
0,0.014103,-0.068082,0.093291,-0.004027,0.057409,-0.046961,0.000246,0.001188
0,-0.172556,-0.088593,-0.191329,-0.003707,-0.167073,-0.013478,0.003012,0.001546
0,-0.090836,0.044483,0.068185,0.151678,0.107627,0.114042,0.001585,0.000776
0,-0.177126,-0.059893,-0.096793,-0.103739,-0.106369,-0.115037,0.003091,0.001045
0,-0.025581,-0.125868,0.165407,-0.061887,0.117109,-0.109238,0.000446,0.002197
0,-0.100822,-0.109763,-0.045704,0.002572,-0.012162,0.040178,0.00176,0.001916
0,0.106237,0.109945,0.20446,0.239572,0.179688,0.221111,0.001854,0.001919
0,0.102339,-0.076712,0.014349,-0.211438,-0.012177,-0.199382,0.001786,0.001339
0,-0.213139,-0.125669,-0.299708,-0.020359,-0.257098,0.016984,0.00372,0.002193
0,0.049109,-0.040668,0.261265,0.097369,0.267203,0.057438,0.000857,0.00071
0,-0.017688,-0.098182,-0.042075,-0.087272,-0.066344,-0.077931,0.000309,0.001714
0,-0.176126,-0.096457,-0.15762,-0.013184,-0.160707,-0.045454,0.003074,0.001683
0,-0.037765,-0.045016,0.149169,0.069081,0.113415,0.033327,0.000659,0.000786
0,-0.044159,-0.035263,0.013774,-0.003057,0.062326,0.010669,0.000771,0.000615
0,-0.240156,0.078557,-0.21683,0.085662,-0.241316,0.075928,0.004192,0.001371
0,-0.091225,0.091175,0.14252,-0.012119,0.146071,-0.012228,0.001592,0.001591
0,-0.14185,0.104843,-0.041883,0.015933,-0.074912,0.055288,0.002476,0.00183
0,-0.199447,-0.091348,-0.073325,-0.214745,-0.052141,-0.243604,0.003481,0.001594
0,-0.242804,-0.000748,-0.044308,0.084842,0.005686,0.120729,0.004238,1.3e-05
0,-0.042958,-0.175037,0.187329,-0.189648,0.181533,-0.156444,0.00075,0.003055
0,0.065322,-0.202118,0.111179,-0.04581,0.125038,0.000735,0.00114,0.003528
0,-0.118222,0.013713,-0.164092,0.237673,-0.193643,0.197491,0.002063,0.000239
0,-0.160852,-0.07727,-0.056819,-0.103045,-0.090489,-0.100438,0.002807,0.001349
0,-0.181908,0.018566,-0.041498,0.106275,-0.003115,0.086996,0.003175,0.000324
0,-0.021444,-0.053757,0.163103,-0.070443,0.198446,-0.116634,0.000374,0.000938
0,0.052239,0.0031,0.084697,0.078672,0.095728,0.095316,0.000912,5.4e-05
0,-0.078319,-0.097522,-0.160382,-0.120437,-0.161974,-0.146853,0.001367,0.001702
0,-0.021232,-0.175054,0.055072,-0.048172,0.006246,-0.085542,0.000371,0.003055
0,0.095026,-0.029857,0.108846,0.151948,0.092585,0.192864,0.001659,0.000521
0,0.002772,0.038535,-0.088666,0.079813,-0.098716,0.047988,4.8e-05,0.000673
0,0.067929,-0.070299,0.082114,-0.09617,0.057247,-0.11545,0.001186,0.001227
0,0.02122,-0.15542,-0.0743,-0.068119,-0.121662,-0.0862,0.00037,0.002713
0,-0.039242,-0.158708,-0.087707,0.01751,-0.113512,0.057915,0.000685,0.00277
0,-0.062607,-0.005426,-0.032638,0.13952,0.004202,0.176235,0.001093,9.5e-05
0,0.095351,-0.011659,0.138212,-0.013337,0.171324,0.035662,0.001664,0.000203
0,0.125381,-0.062348,0.002721,-0.034425,0.01513,-0.050354,0.002188,0.001088
0,-0.023864,-0.21042,-0.169389,-0.169293,-0.139344,-0.120994,0.000417,0.003673
0,-0.044999,-0.20875,-0.037696,0.029069,-0.019152,0.000617,0.000785,0.003643
0,-0.122405,0.079951,-0.072457,0.303548,-0.110406,0.324521,0.002136,0.001395
0,0.057025,-0.074116,0.189319,-0.141736,0.218949,-0.179649,0.000995,0.001294
0,0.098433,-0.138843,0.046193,-0.06409,0.080466,-0.085269,0.001718,0.002423
0,0.065066,0.098874,-0.055735,0.243582,-0.045548,0.267278,0.001136,0.001726
0,0.041533,0.089758,-0.039277,-0.006975,0.003153,-0.003588,0.000725,0.001567
0,0.136205,0.087685,0.095589,-0.016423,0.101559,-0.047513,0.002377,0.00153
0,0.125155,0.071728,0.012779,0.006456,-0.01123,0.045625,0.002184,0.001252
0,-0.128013,0.077747,-0.231152,0.022179,-0.229365,0.064062,0.002234,0.001357
0,-0.024405,-0.085781,0.085119,-0.166994,0.123445,-0.118964,0.000426,0.001497
0,0.027931,-0.000721,0.057445,0.104659,0.050501,0.078227,0.000487,1.3e-05
0,0.034486,0.073734,-0.003775,0.081117,0.019241,0.116122,0.000602,0.001287
0,0.023512,0.108075,-0.025798,0.010809,0.017123,-0.030688,0.00041,0.001886
0,-0.093278,-0.04591,-0.095397,-0.129664,-0.081095,-0.126329,0.001628,0.000801
0,-0.055281,0.080075,0.022317,0.1166,0.004901,0.108841,0.000965,0.001398
0,0.01191,0.033196,0.080906,-0.073757,0.070312,-0.046336,0.000208,0.000579
0,0.137609,0.036209,0.129003,0.008337,0.150135,-0.001405,0.002402,0.000632
0,-0.068919,-0.113676,-0.230392,-0.16399,-0.264001,-0.162707,0.001203,0.001984
0,0.165399,-0.115048,0.259274,0.024977,0.24079,0.015338,0.002887,0.002008
0,0.061318,0.03353,-0.131548,0.160411,-0.121246,0.202253,0.00107,0.000585
0,0.133949,0.099789,0.06039,0.075136,0.017264,0.080739,0.002338,0.001742
0,-0.134078,0.050209,-0.292341,-0.020955,-0.328337,-0.05864,0.00234,0.000876
0,0.13591,-0.062861,0.292447,-0.08893,0.264997,-0.134872,0.002372,0.001097
0,-0.118399,-0.103776,-0.27133,-0.029042,-0.289987,0.008959,0.002066,0.001811
0,-0.046767,0.118537,0.067043,0.197166,0.078074,0.226128,0.000816,0.002069
0,0.050967,-0.081928,0.119396,-0.202021,0.07553,-0.191161,0.00089,0.00143
0,-0.043491,0.151113,-0.082519,0.20815,-0.037683,0.170182,0.000759,0.002637
0,-0.1261,0.032447,-0.055152,-0.106727,-0.007306,-0.129126,0.002201,0.000566
0,-0.141846,0.095113,-0.020158,0.066001,-0.045806,0.110164,0.002476,0.00166
0,-0.176872,0.126616,-0.022182,0.044532,-0.051191,0.065523,0.003087,0.00221
0,0.052891,-0.154926,0.240783,-0.30676,0.253293,-0.273443,0.000923,0.002704
0,0.054072,0.066254,0.023249,0.243373,-0.004785,0.250371,0.000944,0.001156
0,-0.082958,-0.130379,-0.120148,-0.172707,-0.100133,-0.218066,0.001448,0.002276
0,-0.125012,0.003563,-0.02087,0.160828,-0.070676,0.186471,0.002182,6.2e-05
0,-0.096576,-0.163506,0.056077,-0.194905,0.04941,-0.169922,0.001686,0.002854
0,-0.063885,0.075178,0.061822,0.233409,0.021404,0.218914,0.001115,0.001312
0,-0.015751,-0.037304,0.042463,-0.104051,0.069891,-0.088652,0.000275,0.000651
0,0.013004,-0.083993,0.007367,-0.028976,0.037633,-0.043383,0.000227,0.001466
0,-0.094417,0.019145,-0.100266,0.129141,-0.056332,0.100486,0.001648,0.000334
0,-0.048492,-0.116069,0.050555,-0.153808,0.058351,-0.178454,0.000846,0.002026
0,0.068693,-0.174097,0.145953,-0.087526,0.149974,-0.045648,0.001199,0.003039
0,0.10851,0.056614,0.014619,0.228453,-0.025628,0.219619,0.001894,0.000988
0,0.028618,-0.108679,-0.103468,-0.148599,-0.123571,-0.113961,0.000499,0.001897
0,-0.115549,-0.076394,-0.129351,0.023366,-0.171572,-0.005821,0.002017,0.001333
0,-0.120549,-0.022246,-0.010907,0.073844,-0.004513,0.087993,0.002104,0.000388
0,0.018922,-0.04366,0.143345,-0.039631,0.137104,-0.005337,0.00033,0.000762
0,0.077217,-0.054156,0.076225,-0.032517,0.113366,-0.071714,0.001348,0.000945
0,-0.149582,0.000632,-0.250067,0.084451,-0.297517,0.12343,0.002611,1.1e-05
0,-0.143303,-0.036781,0.025711,-0.026611,0.042021,-0.070604,0.002501,0.000642
0,-0.135507,-0.12438,0.011439,-0.112476,0.026923,-0.141419,0.002365,0.002171
0,0.067168,0.121297,0.216241,0.240609,0.208908,0.283552,0.001172,0.002117
0,-0.019996,0.138279,-0.059067,0.004587,-0.015265,-0.034613,0.000349,0.002413
0,0.04938,0.122111,0.064574,-0.00878,0.015694,0.025348,0.000862,0.002131
0,0.066378,0.14989,-0.003629,0.025008,0.028881,0.027071,0.001159,0.002616
0,0.094229,0.105142,0.018351,-0.056768,0.007149,-0.068791,0.001645,0.001835
0,0.10909,-0.099347,0.013749,-0.196417,0.000117,-0.156847,0.001904,0.001734
0,-0.162841,0.029696,-0.287152,0.12086,-0.318381,0.145034,0.002842,0.000518
0,0.1421,-0.073825,0.294277,-0.098608,0.258064,-0.123909,0.00248,0.001288
0,-0.118593,-0.047095,-0.246227,0.009247,-0.250315,0.02232,0.00207,0.000822
0,-0.010792,-0.056015,0.129896,-0.005792,0.133433,0.002369,0.000188,0.000978
0,-0.169628,0.154341,-0.180464,0.185076,-0.198492,0.194946,0.002961,0.002694
0,-0.202984,-0.031383,-0.039581,-0.160784,-0.065379,-0.179466,0.003543,0.000548
0,-0.076286,0.099168,0.130335,0.103178,0.117508,0.111322,0.001331,0.001731
0,-0.059148,-0.080075,0.004453,-0.165543,0.054036,-0.139555,0.001032,0.001398
0,-0.167705,-0.121237,-0.117744,-0.028788,-0.156616,-0.010317,0.002927,0.002116
0,-0.005207,-0.028826,0.182356,0.099186,0.143721,0.095117,9.1e-05,0.000503
0,-0.12963,-0.089979,-0.134014,-0.062931,-0.105973,-0.038834,0.002262,0.00157
0,-0.22837,-0.067643,-0.097642,0.009604,-0.07218,0.009502,0.003986,0.001181
0,-0.17789,0.02252,0.05534,0.089697,0.023011,0.099228,0.003105,0.000393
0,-0.005417,0.132234,0.158546,0.104289,0.171178,0.067128,9.5e-05,0.002308
0,-0.159666,0.032921,-0.125173,-0.084188,-0.13521,-0.098759,0.002787,0.000575
0,-0.193212,-0.092492,-0.035432,-0.119023,-0.002713,-0.084341,0.003372,0.001614
0,-0.107919,-0.114579,0.065935,-0.048579,0.095765,-0.035662,0.001884,0.002
0,-0.06214,0.127926,0.032382,0.247178,0.077377,0.29627,0.001085,0.002233
0,-0.017269,0.113222,0.0479,-0.041182,0.046026,-0.033798,0.000301,0.001976
0,-0.112798,0.109031,-0.087145,0.015212,-0.099443,0.050073,0.001969,0.001903
0,-0.083839,-0.096676,0.021974,-0.17581,0.003743,-0.214085,0.001463,0.001687
0,-0.22561,0.003468,-0.168558,0.086573,-0.176442,0.098288,0.003938,6.1e-05
0,-0.205788,0.112809,-0.009403,0.084055,0.033998,0.108549,0.003592,0.001969
0,-0.169642,-0.12031,0.038198,-0.262079,0.06403,-0.30594,0.002961,0.0021
0,-0.203077,0.012348,-0.058143,0.119212,-0.020651,0.119727,0.003544,0.000216
0,-0.155846,-0.013379,0.054126,-0.01536,0.083422,-0.008453,0.00272,0.000234
0,-0.014369,-0.124099,0.167174,-0.084613,0.207513,-0.101011,0.000251,0.002166
0,0.099519,-0.042678,0.102835,0.072479,0.150669,0.082352,0.001737,0.000745
0,-0.055467,-0.132865,-0.14038,-0.070058,-0.103831,-0.051132,0.000968,0.002319
0,0.042869,-0.0796,0.127633,0.042914,0.174195,0.089036,0.000748,0.001389
0,-0.149253,0.007948,-0.165348,0.09825,-0.180931,0.132074,0.002605,0.000139
0,0.051792,-0.177978,0.208027,-0.181272,0.209205,-0.165731,0.000904,0.003106
0,-0.042482,-0.032403,-0.087092,0.123558,-0.090104,0.148343,0.000741,0.000566
0,-0.114895,-0.04073,-0.070906,-0.025939,-0.115819,-0.072326,0.002005,0.000711
0,-0.151198,0.051051,-0.064713,0.090741,-0.020363,0.045023,0.002639,0.000891
0,-0.200118,-0.04649,-0.05392,-0.104394,-0.031094,-0.153541,0.003493,0.000811
0,-0.207082,-0.075373,-0.023887,-0.02922,-0.039416,-0.073255,0.003614,0.001316
0,-1.788774,-0.216378,-1.608886,-0.140118,-1.630314,-0.118404,0.004035,0.003777
0,-2.348716,-0.438205,-0.589255,-0.199919,-0.592636,-0.200227,0.005738,0.004104
0,-3.134294,-0.604506,-0.779285,-0.181445,-0.828412,-0.1843,0.004055,0.001201
0,-2.723917,-0.576453,0.403494,0.05233,0.422152,0.0908,0.000535,0.001691
0,-2.405906,-0.20846,0.291769,0.356784,0.296256,0.395887,0.005016,0.003638
0,-1.956813,-0.306987,0.434384,-0.099174,0.407555,-0.137826,0.001102,0.005358
0,-1.613483,-0.197528,0.342933,0.128401,0.324753,0.147283,0.004657,0.003448
0,-1.078836,-0.148836,0.530302,0.057394,0.489685,0.021092,0.004674,0.002598
0,-0.640664,-0.241001,0.453663,-0.116661,0.465445,-0.067594,0.00057,0.004206
0,-0.628669,-0.047692,-0.000245,0.197892,0.013502,0.160026,0.000779,0.000832
0,-0.047963,-0.120087,0.584421,-0.048841,0.574655,-0.08207,0.000837,0.002096
0,0.167233,-0.115346,0.207163,0.0344,0.191836,0.032959,0.002919,0.002013
0,0.459058,-0.225365,0.277321,-0.123302,0.308012,-0.094338,0.00374,0.003933
0,0.267672,-0.193673,-0.18341,0.00852,-0.149058,0.001658,0.004672,0.00338
0,0.135508,-0.208299,-0.125712,-0.007755,-0.134743,-0.022701,0.002365,0.003635
0,0.160131,-0.083219,0.045468,0.138264,0.013163,0.181448,0.002795,0.001452
0,0.246859,-0.024549,0.112478,0.082584,0.113272,0.088472,0.004308,0.000428
0,0.109791,-0.031697,-0.163367,-0.02503,-0.15265,-0.01828,0.001916,0.000553
0,0.173465,-0.037302,0.085929,0.007079,0.096392,-0.033796,0.003028,0.000651
0,0.280908,-0.111207,0.093178,-0.071404,0.097991,-0.03701,0.004903,0.001941
0,0.265612,-0.185832,0.000818,-0.066355,-0.023857,-0.074711,0.004636,0.003243
0,0.142006,-0.020901,-0.101745,0.175846,-0.059395,0.224614,0.002478,0.000365
0,0.372321,-0.084527,0.23597,-0.058691,0.224044,-0.022596,0.005253,0.001475
0,0.291857,0.021814,-0.083727,0.120111,-0.086544,0.104285,0.005094,0.000381
0,0.315176,0.002234,-0.006098,-0.005109,-0.043738,-0.007974,0.005501,3.9e-05
0,0.170165,-0.215608,-0.167691,-0.191735,-0.147838,-0.208339,0.00297,0.003763
0,-0.013296,0.026104,-0.159798,0.25561,-0.13577,0.215332,0.000232,0.000456
0,0.197356,-0.043004,0.190325,-0.089912,0.226877,-0.062399,0.003445,0.000751
0,-0.013699,-0.064456,-0.190243,-0.01773,-0.214166,-0.036378,0.000239,0.001125
0,-0.613165,0.423793,-0.572154,0.491397,-0.599202,0.456817,0.00105,0.004355
0,-0.905579,1.404125,-0.262714,0.958342,-0.303082,0.935098,0.004054,0.001003
0,-1.079842,1.338386,-0.155135,-0.083567,-0.117841,-0.051212,0.004657,0.000144
0,-0.957922,1.041062,0.130149,-0.302718,0.10971,-0.278298,0.004967,0.005333
0,-1.051436,0.723754,-0.116352,-0.299163,-0.088386,-0.331202,0.005152,0.00088
0,-0.898266,0.642601,0.144153,-0.098061,0.145715,-0.091313,0.003926,0.000536
0,-0.499058,0.558887,0.373297,-0.092314,0.368845,-0.111223,0.003041,0.001997
0,-0.24967,0.334863,0.266617,-0.231311,0.26682,-0.266495,0.004358,0.005844
0,-0.138559,-0.009454,0.119999,-0.358139,0.156382,-0.379318,0.002418,0.000165
0,-0.309066,0.062095,-0.143132,0.043098,-0.191721,0.056971,0.005394,0.001084
0,-0.147727,-0.120953,0.14602,-0.159298,0.151698,-0.16243,0.002578,0.002111
0,-0.2024,-0.06165,-0.055606,0.045686,-0.040975,0.042174,0.003533,0.001076
0,-0.134742,-0.140379,0.087882,-0.106971,0.128903,-0.089979,0.002352,0.00245
0,-0.021522,-0.064541,0.08477,0.071687,0.071861,0.078431,0.000376,0.001126
0,-0.252677,-0.006292,-0.257209,0.082531,-0.250757,0.045673,0.00441,0.00011
0,-0.259737,0.041663,-0.00772,0.042745,0.003997,0.081576,0.004533,0.000727
0,-0.263251,0.076649,0.019491,0.056866,0.056396,0.086597,0.004595,0.001338
0,-0.132195,0.103569,0.147433,0.032032,0.130699,0.040231,0.002307,0.001808
0,-0.18896,-0.087494,-0.064594,-0.162824,-0.086347,-0.159226,0.003298,0.001527
0,2.448159,-0.910794,2.636675,-0.822585,2.685703,-0.831384,0.004278,0.004145
0,2.443975,-1.629368,-0.032258,-0.707624,-0.006833,-0.743236,0.004351,0.004934
0,3.331271,-2.360175,0.90085,-0.719842,0.904457,-0.722813,0.000617,0.005814
0,3.282636,-2.104042,-0.047877,0.259026,-0.017529,0.261376,0.001466,0.001467
0,3.061472,-1.967906,-0.21116,0.148803,-0.17572,0.135471,0.005326,0.000909
0,2.623214,-1.681596,-0.465629,0.268036,-0.489412,0.233953,0.001223,0.005846
0,1.780141,-1.071155,-0.834052,0.623633,-0.870199,0.606554,0.004186,0.004808
0,0.84871,-0.916126,-0.93977,0.154803,-0.930145,0.160477,0.003061,0.004238
0,0.709853,-0.536025,-0.137505,0.370788,-0.170798,0.379364,0.000638,0.002396
0,0.285568,-0.177556,-0.406992,0.377179,-0.455542,0.359274,0.004984,0.003099
0,-0.034262,-0.203804,-0.304692,-0.040506,-0.32129,-0.033836,0.000598,0.003557
0,-0.06079,0.060361,-0.037121,0.278049,-0.02611,0.249422,0.001061,0.001054
0,-0.007738,0.072884,0.069965,0.0105,0.040049,-0.034604,0.000135,0.001272
0,-0.110718,0.094502,-0.116537,0.04618,-0.07415,0.071577,0.001932,0.001649
0,-0.386331,0.027814,-0.249732,-0.046891,-0.286423,-0.062071,0.005009,0.000485
0,-0.31527,-0.075423,0.049706,-0.116015,0.014804,-0.129817,0.005502,0.001316
0,-0.306496,0.136275,-0.018011,0.219024,-0.035611,0.177705,0.005349,0.002378
0,0.78833,0.753409,1.113396,0.644531,1.111366,0.677093,0.002007,0.001398
0,1.408259,0.869838,0.593479,0.122884,0.547711,0.106378,0.001075,0.00343
0,2.0565,0.683767,0.638278,-0.171409,0.655259,-0.16742,0.000638,0.000182
0,1.593197,0.780209,-0.482278,0.094866,-0.529136,0.142887,0.004303,0.001866
0,1.944379,0.874826,0.363299,0.111461,0.348865,0.112483,0.001319,0.003517
0,1.698156,0.647938,-0.272288,-0.217274,-0.319896,-0.17922,0.005617,0.000443
0,1.397826,0.588274,-0.315756,-0.081976,-0.349983,-0.083413,0.000893,0.001484
0,0.922527,0.2521,-0.461645,-0.337949,-0.456817,-0.379337,0.004349,0.0044
0,0.792628,0.194005,-0.120888,-0.05164,-0.087218,-0.046895,0.002082,0.003386
0,0.455136,0.173891,-0.31141,-0.017408,-0.269129,-0.053747,0.003808,0.003035
0,0.097695,-0.041058,-0.368833,-0.218126,-0.328065,-0.230792,0.001705,0.000717
0,-0.148412,0.044277,-0.252104,0.071858,-0.219434,0.116381,0.00259,0.000773
0,-0.179267,-0.031428,-0.027624,-0.067984,-0.04887,-0.041437,0.003129,0.000549
0,-0.116806,-0.124253,0.083499,-0.103989,0.048188,-0.125795,0.002039,0.002169
0,-0.314871,0.048545,-0.169324,0.193777,-0.209295,0.238832,0.005496,0.000847
0,-0.304532,-0.057867,-0.018989,-0.106561,-0.015784,-0.082906,0.005315,0.00101
0,-0.252367,-0.156554,0.060737,-0.08986,0.033592,-0.082978,0.004405,0.002732
0,-0.332104,-0.138382,-0.071969,0.032521,-0.057068,0.054272,0.005796,0.002415
0,-0.324864,0.008713,-0.014658,0.172789,0.007165,0.192404,0.00567,0.000152
0,-0.494217,-0.027019,-0.178015,-0.01351,-0.155375,-0.03568,0.003126,0.000472
0,-0.366441,-0.160355,0.156725,-0.138558,0.127462,-0.169922,0.005356,0.002799
0,-0.278382,0.048344,0.084203,0.195636,0.037885,0.176835,0.004859,0.000844
0,-0.087773,-0.169509,0.173326,-0.215518,0.134445,-0.238533,0.001532,0.002958
0,0.08283,-0.140036,0.152097,0.027333,0.156914,0.005256,0.001446,0.002444
0,-0.149918,-0.015144,-0.214354,0.14107,-0.215074,0.096288,0.002617,0.000264
0,-0.051243,-0.015915,0.086683,-0.020353,0.122821,0.001693,0.000894,0.000278
0,0.023473,-0.191066,0.055697,-0.164138,0.037933,-0.172669,0.00041,0.003335
0,0.032729,-0.073322,0.008362,0.104296,-0.014912,0.069921,0.000571,0.00128
0,-0.071662,-0.004948,-0.116162,0.056921,-0.131609,0.062653,0.001251,8.6e-05
0,-0.128961,-0.143018,-0.036296,-0.158826,-0.001709,-0.184433,0.002251,0.002496
0,-0.03688,-0.028852,0.066843,0.133421,0.093046,0.10029,0.000644,0.000504
0,-0.026247,-0.175017,0.007054,-0.142559,-0.014456,-0.137288,0.000458,0.003055
0,0.069514,-0.161833,0.072858,-0.001409,0.067648,-0.003297,0.001213,0.002825
0,-0.148011,0.113889,-0.233272,0.285544,-0.198613,0.317398,0.002583,0.001988
0,0.026245,0.032043,0.183036,-0.064282,0.13622,-0.073448,0.000458,0.000559
0,-0.167833,0.076759,-0.170919,0.028213,-0.124577,0.017465,0.002929,0.00134
0,-0.208133,0.02702,-0.01463,-0.065453,0.023777,-0.097305,0.003633,0.000472
0,-0.122622,-0.176808,0.070504,-0.226179,0.095269,-0.235965,0.00214,0.003086
0,0.045379,0.041861,0.144222,0.206863,0.131838,0.200073,0.000792,0.000731
0,0.036766,0.018484,-0.026348,0.003138,-0.063815,-0.031191,0.000642,0.000323
0,0.01371,-0.00517,-0.012076,-0.019095,-0.037837,-0.044525,0.000239,9e-05
0,0.084057,-0.127944,0.048941,-0.121128,0.007103,-0.090144,0.001467,0.002233
0,-0.190602,0.137182,-0.276063,0.281726,-0.308516,0.234834,0.003327,0.002394
0,-0.160905,-0.050398,0.042362,-0.173414,0.086014,-0.197983,0.002808,0.00088
0,0.018911,0.148128,0.179388,0.202122,0.14539,0.169024,0.00033,0.002585
0,-0.071034,0.124838,-0.102691,-0.03122,-0.068255,-0.044993,0.00124,0.002179
0,-0.161187,0.147589,-0.11226,0.052002,-0.127134,0.059188,0.002813,0.002576
0,-0.028032,0.043306,0.150057,-0.11933,0.128586,-0.155477,0.000489,0.000756
0,0.017497,-0.017221,0.063457,-0.081464,0.068617,-0.052657,0.000305,0.000301
0,0.055893,-0.058103,0.015759,-0.054447,0.027625,-0.041014,0.000976,0.001014
0,-0.079542,-0.032487,-0.11939,0.027474,-0.087054,-0.0131,0.001388,0.000567
0,0.173095,-0.088681,0.260949,-0.0332,0.27202,-0.044928,0.003021,0.001548
0,0.150121,0.098787,-0.042571,0.170632,-0.077839,0.180619,0.00262,0.001724
0,-0.083293,-0.065725,-0.216462,-0.155885,-0.178026,-0.205242,0.001454,0.001147
0,0.112298,-0.00709,0.217108,0.053727,0.203842,0.069605,0.00196,0.000124
0,-0.073596,0.065953,-0.19163,0.071291,-0.187635,0.029942,0.001284,0.001151
0,0.096601,-0.068237,0.161834,-0.125738,0.133397,-0.171566,0.001686,0.001191
0,0.092381,0.041151,0.016591,0.083903,0.039953,0.087206,0.001612,0.000718
0,-0.11086,0.02194,-0.184453,-0.03026,-0.226188,-0.00897,0.001935,0.000383
0,-0.032309,0.143042,0.070672,0.099967,0.084805,0.110665,0.000564,0.002497
0,-0.017458,0.107761,0.004027,-0.009995,-0.030151,-0.016633,0.000305,0.001881
0,-0.029296,0.2249,-0.009757,0.123617,0.014123,0.094691,0.000511,0.003925
0,0.138456,0.066584,0.173201,-0.179454,0.159091,-0.182868,0.002417,0.001162
0,-0.03923,0.144093,-0.168202,0.073945,-0.179422,0.12291,0.000685,0.002515
0,-0.080377,0.091179,-0.045211,-0.036214,0.004418,-0.003455,0.001403,0.001591
0,-0.087154,0.132109,0.017493,0.037558,-0.004222,0.067656,0.001521,0.002306
0,-0.056941,-0.06326,0.022858,-0.206482,-0.023708,-0.234952,0.000994,0.001104
0,-0.194659,-0.016301,-0.120634,0.068161,-0.094806,0.070782,0.003397,0.000284
0,0.003707,0.10955,0.180553,0.151926,0.178599,0.156851,6.5e-05,0.001912
0,0.007111,0.054844,-0.007419,-0.07755,0.006234,-0.043011,0.000124,0.000957
0,-0.087454,-0.130945,-0.114927,-0.196311,-0.090196,-0.246027,0.001526,0.002285
0,0.009752,0.068824,0.074031,0.197145,0.057423,0.190236,0.00017,0.001201
0,-0.133256,0.075767,-0.17194,-0.01735,-0.2191,-0.056845,0.002326,0.001322
0,-0.15547,-0.075443,-0.036963,-0.137432,-0.010802,-0.144477,0.002713,0.001317
0,-0.059132,0.010262,0.08179,0.072485,0.130118,0.110843,0.001032,0.000179
0,-0.210705,-0.039638,-0.159854,-0.076985,-0.1902,-0.114582,0.003677,0.000692
0,-0.073306,0.168647,0.115243,0.237582,0.075628,0.197694,0.001279,0.002943
0,-0.155518,0.127064,-0.0692,-0.016886,-0.084877,-0.032682,0.002714,0.002218
0,-0.05406,0.130095,0.112341,0.030429,0.062794,0.045429,0.000944,0.002271
0,-0.168647,0.106511,-0.140015,-0.036275,-0.168409,-0.041357,0.002943,0.001859
0,-0.205814,-0.070175,-0.056213,-0.193702,-0.085196,-0.208888,0.003592,0.001225
0,-0.02434,0.020063,0.185663,0.105753,0.1946,0.076575,0.000425,0.00035
0,-0.099812,-0.136493,-0.058366,-0.149878,-0.095804,-0.194692,0.001742,0.002382
0,-0.213268,0.04961,-0.121441,0.16033,-0.118169,0.143424,0.003722,0.000866
0,-0.031878,-0.127555,0.19971,-0.190842,0.169841,-0.171314,0.000556,0.002226
0,-0.101306,-0.009405,-0.083147,0.090277,-0.105958,0.105099,0.001768,0.000164
0,-0.17175,-0.147988,-0.099525,-0.122785,-0.104915,-0.140058,0.002998,0.002583
0,-0.093064,0.021445,0.08212,0.180239,0.099626,0.184889,0.001624,0.000374
0,-0.080813,-0.050401,-0.016914,-0.095067,0.02137,-0.077879,0.00141,0.00088
0,-0.006488,-0.096277,0.100502,-0.074981,0.054175,-0.029549,0.000113,0.00168
0,-0.157403,-0.059824,-0.146656,0.021867,-0.128382,0.052922,0.002747,0.001044
0,-0.160236,-0.076978,0.024672,0.011855,0.035545,0.04878,0.002797,0.001344
0,0.098011,-0.029427,0.271414,0.02625,0.313596,-0.001877,0.001711,0.000514
0,-0.138217,0.017697,-0.219917,0.067991,-0.240028,0.075385,0.002412,0.000309
0,0.119252,-0.123391,0.229628,-0.15598,0.206188,-0.164556,0.002081,0.002154
0,0.035605,-0.084617,-0.103042,0.05396,-0.057423,0.006102,0.000621,0.001477
0,-0.014917,0.009114,-0.049159,0.119988,-0.028564,0.122523,0.00026,0.000159
0,-0.096632,0.093764,-0.059396,0.094718,-0.048468,0.129963,0.001687,0.001636
0,0.031116,0.133244,0.113374,0.057474,0.124337,0.03845,0.000543,0.002326
0,-0.156918,-0.01277,-0.172,-0.165615,-0.186888,-0.207089,0.002739,0.000223
0,-0.168837,-0.002669,0.004472,0.038194,-0.023729,0.048982,0.002947,4.7e-05
0,-0.186033,-0.062236,-0.046082,-0.050454,-0.035669,-0.015168,0.003247,0.001086
0,-0.037089,-0.17861,0.146831,-0.144215,0.122928,-0.099348,0.000647,0.003117
0,0.108565,0.100766,0.158712,0.297222,0.12212,0.306759,0.001895,0.001759
0,0.05361,-0.049544,-0.080412,-0.150848,-0.041932,-0.128665,0.000936,0.000865
0,0.021512,0.087623,-0.013704,0.1487,0.003318,0.129985,0.000375,0.001529
0,0.121334,-0.046433,0.123796,-0.151894,0.096956,-0.126825,0.002118,0.00081
0,-0.131885,-0.144691,-0.277132,-0.123717,-0.304111,-0.170598,0.002302,0.002525
0,-0.147054,-0.064236,0.002523,0.068196,-0.043774,0.089342,0.002567,0.001121
0,0.03162,-0.012347,0.174738,0.025188,0.17122,-0.01882,0.000552,0.000215
0,-0.071099,-0.143813,-0.095628,-0.146171,-0.08441,-0.149563,0.001241,0.00251
0,-0.13256,0.086468,-0.070591,0.25775,-0.093605,0.271158,0.002314,0.001509
0,0.024971,-0.103505,0.17931,-0.170235,0.140241,-0.127045,0.000436,0.001807
0,0.055276,-0.047315,0.0019,0.079138,0.028764,0.107487,0.000965,0.000826
0,-0.021091,-0.118383,-0.079956,-0.068015,-0.102589,-0.082901,0.000368,0.002066
0,0.068158,-0.041126,0.05939,0.089938,0.103036,0.091293,0.00119,0.000718
0,0.002844,-0.040914,-0.06013,0.016867,-0.062509,0.0005,5e-05,0.000714
0,0.060033,-0.072127,0.08332,-0.043401,0.049757,-0.076943,0.001048,0.001259
0,-0.060438,0.019677,-0.1209,0.079678,-0.132459,0.103887,0.001055,0.000343
0,0.087211,0.151222,0.168779,0.101828,0.218177,0.058417,0.001522,0.002639
0,0.203601,-0.060622,0.122444,-0.227555,0.166739,-0.272194,0.003554,0.001058
0,0.076597,0.127314,-0.140861,0.210063,-0.096202,0.196193,0.001337,0.002222
0,0.150823,-0.131343,0.049443,-0.236088,0.040936,-0.234347,0.002632,0.002292
0,0.046186,-0.020271,-0.11931,0.085133,-0.076544,0.070338,0.000806,0.000354
0,0.145613,0.039999,0.108011,0.042692,0.10243,0.00187,0.002541,0.000698
0,0.109688,-0.124782,-0.044245,-0.167691,-0.014419,-0.130679,0.001914,0.002178
0,-0.002184,-0.154053,-0.09446,-0.038733,-0.053859,-0.077073,3.8e-05,0.002689
0,0.119546,-0.122098,0.111483,0.012739,0.105812,-0.028855,0.002086,0.002131
0,0.074883,-0.030951,-0.070087,0.078186,-0.10652,0.061737,0.001307,0.00054
0,0.223149,0.065595,0.147646,0.121741,0.192099,0.084897,0.003895,0.001145
0,0.062374,0.089534,-0.148849,0.045472,-0.115678,0.093291,0.001089,0.001563
0,-0.022799,-0.074062,-0.091944,-0.155789,-0.101866,-0.107722,0.000398,0.001293
0,0.196158,0.134057,0.207733,0.226685,0.248117,0.260228,0.003424,0.00234
0,0.133211,-0.030258,-0.077827,-0.172858,-0.075895,-0.193072,0.002325,0.000528
0,0.082852,-0.157483,-0.07515,-0.146547,-0.064049,-0.158009,0.001446,0.002749
0,-0.052872,-0.099214,-0.143464,0.045977,-0.132167,0.026749,0.000923,0.001732
0,0.210344,-0.073728,0.240317,0.006792,0.245278,0.027383,0.003671,0.001287
0,0.202581,-0.005315,-0.016412,0.079559,-0.042198,0.054563,0.003536,9.3e-05
0,-0.012768,0.07493,-0.217612,0.107899,-0.168019,0.112177,0.000223,0.001308
0,0.155526,-0.073966,0.176119,-0.153246,0.222804,-0.170782,0.002714,0.001291
0,0.11297,-0.092377,-0.065082,-0.002341,-0.04708,0.032424,0.001972,0.001612
0,0.004468,-0.036503,-0.101004,0.030323,-0.116334,0.02996,7.8e-05,0.000637
0,-0.000419,-0.025408,0.015827,0.020065,0.036244,-0.010134,7e-06,0.000443
0,0.278329,0.02372,0.292375,0.025784,0.32797,0.005906,0.004858,0.000414
0,0.259121,-0.007495,-0.0063,-0.044052,-0.038577,-0.006726,0.004523,0.000131
0,0.193125,0.02628,-0.078529,0.012622,-0.089269,-0.00224,0.003371,0.000459
0,0.025845,-0.05195,-0.179279,-0.107571,-0.152451,-0.110203,0.000451,0.000907
0,0.229948,0.020177,0.201674,0.094137,0.185742,0.049766,0.004013,0.000352
0,0.178868,0.101298,-0.075108,0.099506,-0.047488,0.083115,0.003122,0.001768
0,0.117687,-0.045148,-0.086527,-0.116569,-0.070876,-0.074888,0.002054,0.000788
0,0.25163,0.041445,0.108261,0.08354,0.15549,0.102923,0.004392,0.000723
0,0.103962,0.03246,-0.157354,-0.015618,-0.154241,-0.01669,0.001814,0.000567
0,0.280194,-0.173053,0.159378,-0.229504,0.181388,-0.271398,0.00489,0.00302
0,0.174562,-0.055039,-0.085553,0.124026,-0.115442,0.113616,0.003047,0.000961
0,0.108432,-0.045996,-0.066734,0.01588,-0.046445,0.019541,0.001892,0.000803
0,0.151721,0.013141,0.014235,0.03354,-0.008202,-0.008945,0.002648,0.000229
0,0.191355,-0.14376,0.066733,-0.156156,0.054911,-0.128713,0.00334,0.002509
0,0.03377,-0.133008,-0.171535,0.009179,-0.183177,0.037556,0.000589,0.002321
0,-0.033558,-0.076161,-0.072018,0.072556,-0.064006,0.025741,0.000586,0.001329
0,0.107712,-0.107952,0.11553,-0.003646,0.155067,0.006599,0.00188,0.001884
0,0.045783,-0.094334,-0.063062,-0.002952,-0.065874,0.027384,0.000799,0.001646
0,0.139385,-0.035596,0.063855,0.042108,0.065836,0.079435,0.002433,0.000621
0,0.194677,0.022525,0.082206,0.046423,0.080458,0.025754,0.003398,0.000393
0,0.074991,-0.051335,-0.113351,-0.073789,-0.131617,-0.118797,0.001309,0.000896
0,0.013498,0.008885,-0.06678,0.071209,-0.091211,0.055057,0.000236,0.000155
0,-0.002854,0.086664,-0.014011,0.090721,-0.028781,0.063053,5e-05,0.001513
0,0.050073,-0.101709,0.033061,-0.176057,-0.013642,-0.142295,0.000874,0.001775
0,0.131946,-0.012003,0.062023,0.100548,0.080856,0.052412,0.002303,0.000209
0,0.015308,-0.097403,-0.132437,-0.109066,-0.173422,-0.141187,0.000267,0.0017
0,-0.015364,-0.049297,-0.02649,0.062214,-0.018454,0.106986,0.000268,0.00086
0,0.033261,0.124577,0.02011,0.174439,0.037393,0.202895,0.000581,0.002174
0,0.228238,-0.008444,0.209607,-0.126561,0.21449,-0.147939,0.003984,0.000147
0,0.219676,0.05144,0.000349,0.031151,-0.0244,0.045727,0.003834,0.000898
0,0.028342,-0.026055,-0.205007,-0.100182,-0.174471,-0.127516,0.000495,0.000455
0,-0.028305,-0.050126,-0.069413,-0.026534,-0.040373,0.018791,0.000494,0.000875
0,0.18223,-0.08029,0.22215,-0.022788,0.184805,0.003107,0.003181,0.001401
0,0.045462,0.065331,-0.13573,0.131112,-0.136128,0.092477,0.000793,0.00114
0,-0.001525,-0.131707,-0.029736,-0.187371,-0.029398,-0.236173,2.7e-05,0.002299
0,-0.0162,-0.067709,0.01364,0.073358,-0.001161,0.059093,0.000283,0.001182
0,0.112348,-0.101713,0.148316,-0.044315,0.128026,-0.055582,0.001961,0.001775
0,-0.064398,-0.068701,-0.153168,0.044972,-0.114666,0.027052,0.001124,0.001199
0,0.009049,0.166775,0.05057,0.253289,0.040873,0.217238,0.000158,0.002911
0,0.118204,0.033578,0.08115,-0.13356,0.044142,-0.140047,0.002063,0.000586
0,0.139527,0.049477,0.027202,-0.000364,-0.010757,0.005166,0.002435,0.000864
0,0.118927,0.050808,-0.021086,0.021335,-0.047496,0.004618,0.002076,0.000887
0,-0.1753,0.159355,-0.290477,0.092513,-0.282564,0.101236,0.00306,0.002781
0,0.068684,0.071671,0.223259,-0.082267,0.22929,-0.034579,0.001199,0.001251
0,-0.097542,-0.058106,-0.190828,-0.122968,-0.15792,-0.087353,0.001702,0.001014
0,-0.075739,-0.029236,0.028751,0.040459,0.019422,0.074113,0.001322,0.00051
0,-0.165797,-0.11531,-0.077145,-0.09462,-0.118088,-0.128667,0.002894,0.002013
0,-0.102936,0.09291,0.064314,0.223459,0.0225,0.267453,0.001797,0.001622
0,0.024816,0.05786,0.143131,-0.06425,0.154741,-0.042509,0.000433,0.00101
0,0.102238,0.10202,0.104804,0.055914,0.128336,0.065416,0.001784,0.001781
0,-0.166007,0.041232,-0.274649,-0.041991,-0.228456,-0.001914,0.002897,0.00072
0,-0.09517,0.164462,0.093699,0.117759,0.064609,0.157605,0.001661,0.00287
0,-0.049508,0.083632,0.049052,-0.098499,0.058775,-0.052364,0.000864,0.00146
0,-0.073774,-0.002287,-0.023414,-0.067031,-0.029061,-0.058921,0.001288,4e-05
0,-0.039995,0.117677,0.026882,0.125041,0.016034,0.139917,0.000698,0.002054
0,-0.152834,-0.102075,-0.083553,-0.215358,-0.078437,-0.258399,0.002667,0.001782
0,-0.17551,-0.04922,-0.039062,0.038671,-0.020862,0.048246,0.003063,0.000859
0,-0.077171,-0.068262,0.103345,-0.004933,0.122224,0.037385,0.001347,0.001191
0,-0.006578,-0.112166,0.064104,-0.071396,0.106144,-0.025597,0.000115,0.001958
0,-0.22192,0.048452,-0.240931,0.190156,-0.223562,0.155064,0.003873,0.000846
0,-0.063421,-0.170377,0.17121,-0.226126,0.133871,-0.269768,0.001107,0.002974
0,-0.321464,0.015473,-0.285607,0.156937,-0.256776,0.125481,0.005611,0.00027
0,-0.276059,0.032033,0.030032,0.035534,0.039274,0.077119,0.004818,0.000559
0,-0.143653,-0.133616,0.143667,-0.19276,0.160735,-0.196243,0.002507,0.002332
0,-0.209113,0.087533,-0.076412,0.193928,-0.053592,0.193976,0.00365,0.001528
0,-0.042125,0.000399,0.176568,-0.06785,0.144967,-0.05219,0.000735,7e-06
0,-0.209767,-0.061907,-0.144672,-0.047205,-0.148445,-0.038251,0.003661,0.00108
0,-0.103909,0.016558,0.118541,0.106953,0.108749,0.089393,0.001814,0.000289
0,-0.233793,-0.074913,-0.115659,-0.108045,-0.095746,-0.137341,0.00408,0.001307
0,-0.058276,-0.00364,0.177968,0.052463,0.155406,0.018323,0.001017,6.4e-05
0,-0.222039,-0.187746,-0.154525,-0.182872,-0.155664,-0.213232,0.003875,0.003277
0,-0.14676,-0.135728,0.090116,0.045033,0.078082,0.06065,0.002561,0.002369
0,-0.240687,-0.019139,-0.070391,0.133393,-0.107153,0.141987,0.004201,0.000334
0,-0.065915,0.048117,0.162432,0.061368,0.170933,0.04858,0.00115,0.00084
0,-0.230802,-0.155774,-0.152422,-0.207687,-0.168335,-0.226394,0.004028,0.002719
0,0.013033,0.012757,0.26437,0.14601,0.250944,0.158037,0.000227,0.000223
0,-0.161295,-0.023891,-0.187821,-0.011409,-0.190538,-0.044038,0.002815,0.000417
0,-0.165449,0.100904,0.00469,0.118473,-0.011367,0.151822,0.002888,0.001761
0,-0.042509,-0.212877,0.110679,-0.316847,0.105372,-0.321018,0.000742,0.003715
0,-0.102057,-0.134891,-0.058674,0.1033,-0.018161,0.100795,0.001781,0.002354
0,-0.209964,-0.130475,-0.132738,-0.018609,-0.107931,-0.044663,0.003665,0.002277
0,-0.163896,-0.034416,0.035199,0.105089,0.083951,0.119973,0.002861,0.000601
0,-0.144035,0.075905,0.02904,0.099244,-0.006336,0.069655,0.002514,0.001325
0,-0.16391,0.028571,-0.045368,-0.070802,-0.015358,-0.110963,0.002861,0.000499
0,0.087798,0.072767,0.243255,0.046777,0.230432,0.063921,0.001532,0.00127
0,0.029003,-0.042251,-0.057406,-0.098951,-0.089412,-0.11031,0.000506,0.000737
0,0.070348,0.048708,0.065009,0.098566,0.086302,0.097938,0.001228,0.00085
0,0.133016,0.059868,0.069868,0.021518,0.03843,0.022123,0.002322,0.001045
0,-0.107091,-0.015705,-0.249763,-0.060107,-0.245982,-0.029865,0.001869,0.000274
0,-0.073707,0.081179,0.042435,0.103674,0.070629,0.151274,0.001286,0.001417
0,-0.074373,-0.157045,-0.003339,-0.257475,-0.018808,-0.257494,0.001298,0.002741
0,-0.015464,-0.17267,0.055991,-0.014726,0.019549,0.027089,0.00027,0.003014
0,0.012017,0.049911,0.016233,0.215704,-0.013138,0.244878,0.00021,0.000871
0,-0.055876,0.001884,-0.07601,-0.038239,-0.075319,-0.016182,0.000975,3.3e-05
0,0.113963,-0.000209,0.193595,0.011499,0.23915,0.047819,0.001989,4e-06
0,-0.119582,-0.14337,-0.217503,-0.131359,-0.253878,-0.115377,0.002087,0.002502
0,-0.063893,0.077469,0.047431,0.208318,0.065583,0.165722,0.001115,0.001352
0,0.136401,0.045044,0.224733,-0.060482,0.227493,-0.076084,0.002381,0.000786
0,-0.046185,-0.130297,-0.175039,-0.198498,-0.212886,-0.193981,0.000806,0.002274
0,0.027736,-0.195653,0.050946,-0.071653,0.09316,-0.0578,0.000484,0.003415
0,-0.11837,-0.184933,-0.136584,-0.018923,-0.117998,-0.068812,0.002066,0.003228
0,0.158292,-0.06492,0.292852,0.118077,0.339085,0.072552,0.002763,0.001133
0,-0.086506,-0.220954,-0.22728,-0.155794,-0.196232,-0.199293,0.00151,0.003856
0,0.078249,-0.128435,0.159101,0.074812,0.114419,0.077655,0.001366,0.002242
0,0.014707,-0.151037,-0.092138,-0.005871,-0.047678,-0.044871,0.000257,0.002636
0,-0.03996,0.087752,-0.067439,0.23218,-0.103879,0.227293,0.000697,0.001532
0,-0.034755,-0.097536,0.016342,-0.159019,0.00143,-0.163856,0.000607,0.001702
0,-0.048225,-0.116945,-0.01446,-0.041287,-0.05345,0.000884,0.000842,0.002041
0,0.049735,-0.160056,0.093262,-0.069719,0.107056,-0.115085,0.000868,0.002794
0,-0.012377,0.043844,-0.033157,0.219284,-0.041493,0.264993,0.000216,0.000765
0,0.118933,-0.137183,0.145443,-0.183229,0.106564,-0.229151,0.002076,0.002394
0,-0.103481,-0.076938,-0.217056,0.030473,-0.262232,0.069859,0.001806,0.001343
0,0.021039,-0.173174,0.133606,-0.084998,0.135333,-0.054478,0.000367,0.003022
0,-0.033846,-0.123325,-0.082812,0.022798,-0.092514,0.029101,0.000591,0.002152
0,0.001374,0.070686,0.021244,0.167714,0.065966,0.211837,2.4e-05,0.001234
0,0.051686,0.065472,0.051853,0.024097,0.01259,0.026999,0.000902,0.001143
0,-0.146944,0.089624,-0.201178,0.030129,-0.217735,0.02915,0.002565,0.001564
0,0.00115,0.027039,0.165956,-0.064128,0.118466,-0.078996,2e-05,0.000472
0,-0.197984,-0.094973,-0.169608,-0.141184,-0.19997,-0.106072,0.003455,0.001658
0,-0.049023,-0.092134,0.12137,-0.005915,0.108091,0.03483,0.000856,0.001608
0,0.066353,-0.098826,0.139043,-0.023516,0.165393,-0.054755,0.001158,0.001725
0,-0.133578,0.139653,-0.174508,0.22848,-0.143717,0.190261,0.002331,0.002437
0,0.052432,0.047884,0.166417,-0.104452,0.166618,-0.139524,0.000915,0.000836
0,-0.099398,-0.033328,-0.123595,-0.084143,-0.125289,-0.101063,0.001735,0.000582
0,0.053819,-0.183113,0.151358,-0.146442,0.146802,-0.139322,0.000939,0.003196
0,0.010532,-0.031535,-0.045704,0.153004,-0.050422,0.200773,0.000184,0.00055
0,-0.211327,6.9e-05,-0.197837,0.030592,-0.150823,0.063347,0.003688,1e-06
0,-0.131799,-0.038024,0.064513,-0.031095,0.026019,-0.015568,0.0023,0.000664
0,-0.114603,-0.019923,0.00168,0.028482,-0.037069,0.044142,0.002,0.000348
0,0.131056,0.040065,0.217093,0.050222,0.223964,0.054392,0.002287,0.000699
0,-0.005511,-0.081988,-0.109707,-0.106486,-0.110801,-0.142355,9.6e-05,0.001431
0,0.65544,0.878988,0.645407,0.980428,0.692624,0.969241,0.000312,0.00359
0,1.537868,1.425738,0.866169,0.527229,0.8914,0.517193,0.003337,0.00138
0,1.690734,1.110152,0.156628,-0.320796,0.113144,-0.365143,0.005746,0.004128
0,1.934954,1.050188,0.253769,-0.058841,0.252785,-0.035161,0.001484,0.005174
0,1.895245,0.861602,-0.026339,-0.171823,-0.071225,-0.138831,0.002177,0.003286
0,1.560245,0.763876,-0.341517,-0.115431,-0.387594,-0.163098,0.003728,0.00158
0,1.602433,0.760844,0.031027,0.007773,-0.006282,-0.034249,0.004464,0.001528
0,1.343721,0.517032,-0.236393,-0.265816,-0.279399,-0.301303,5.1e-05,0.002728
0,0.71168,0.312891,-0.620653,-0.186328,-0.607931,-0.221791,0.000669,0.005461
0,0.650432,0.35083,-0.035746,0.054406,-0.027643,0.062466,0.0004,0.005629
0,0.338256,0.034336,-0.311344,-0.301703,-0.308368,-0.26915,0.005848,0.000599
0,0.077304,-0.054625,-0.232379,-0.118519,-0.279099,-0.104833,0.001349,0.000953
0,0.211101,-0.128616,0.156845,-0.090751,0.166358,-0.084044,0.003684,0.002245
0,0.155054,0.027024,-0.03925,0.175778,-0.075901,0.194307,0.002706,0.000472
0,0.060319,-0.176799,-0.110368,-0.195125,-0.136408,-0.16826,0.001053,0.003086
0,-0.085782,-0.107375,-0.122588,0.07089,-0.10691,0.06489,0.001497,0.001874
0,-0.216056,-0.104227,-0.126839,0.016152,-0.092258,0.025794,0.003771,0.001819
0,-0.242688,-0.125385,-0.028198,-0.014687,-0.061439,-0.003713,0.004236,0.002188
0,-0.239339,0.038271,-0.008008,0.137971,-0.035992,0.091195,0.004177,0.000668
0,-0.088694,-0.15376,0.133837,-0.186469,0.169077,-0.136838,0.001548,0.002684
0,-0.105828,-0.264293,-0.02215,-0.094441,-0.027039,-0.104612,0.001847,0.004613
0,-0.166871,-0.143147,-0.063573,0.104144,-0.05277,0.066455,0.002912,0.002498
0,-0.137328,-0.241123,0.009219,-0.092753,-0.036191,-0.089983,0.002397,0.004208
0,-0.005054,-0.033588,0.148359,0.1947,0.133464,0.225602,8.8e-05,0.000586
0,-0.253777,-0.268603,-0.274768,-0.244113,-0.293048,-0.291583,0.004429,0.004688
0,-0.148727,0.009508,0.111059,0.296501,0.104843,0.267288,0.002596,0.000166
0,-0.186302,-0.101219,-0.065706,-0.126104,-0.104796,-0.112663,0.003252,0.001767
0,-0.099422,-0.103,0.085423,-0.004669,0.083892,0.032252,0.001735,0.001798
0,-0.223166,-0.125221,-0.106711,-0.018532,-0.10685,-0.02842,0.003895,0.002186
0,-0.058025,-0.199044,0.19289,-0.0606,0.23163,-0.064472,0.001013,0.003474
0,-0.058988,-0.140298,-0.024008,0.04641,0.014341,0.009247,0.00103,0.002449
0,-0.192708,-0.11623,-0.124655,0.018328,-0.159497,-0.003289,0.003363,0.002029
0,-0.143487,-0.283269,0.070733,-0.192181,0.046645,-0.185677,0.002504,0.004944
0,-0.275307,-0.229364,-0.139037,0.075581,-0.189002,0.050896,0.004805,0.004003
0,-0.025708,-0.030035,0.279219,0.219549,0.306918,0.191849,0.000449,0.000524
0,-0.017843,-0.084531,-0.008918,-0.072156,-0.036581,-0.091482,0.000311,0.001475
0,-0.009188,-0.272548,-0.000244,-0.199369,-0.02937,-0.163163,0.00016,0.004757
0,-0.047203,-0.04319,-0.025684,0.223006,-0.013473,0.256588,0.000824,0.000754
0,-0.129833,-0.163367,-0.074004,-0.100775,-0.092044,-0.108167,0.002266,0.002851
0,-0.006105,-0.200988,0.150673,-0.02373,0.167606,0.008985,0.000107,0.003508
0,-0.059545,-0.190441,-0.057855,0.027935,-0.068285,0.036735,0.001039,0.003324
0,-0.158524,0.030652,-0.085606,0.20965,-0.12293,0.175024,0.002767,0.000535
0,-0.169068,0.012312,0.009519,-0.013755,0.028935,-0.001288,0.002951,0.000215
0,0.029078,-0.158116,0.170252,-0.142073,0.140094,-0.142095,0.000508,0.00276
0,-0.071505,-0.112132,-0.099127,0.01933,-0.09478,0.03038,0.001248,0.001957
0,-0.163351,0.053062,-0.092626,0.138701,-0.133209,0.176204,0.002851,0.000926
0,-0.036047,-0.019557,0.099049,-0.083371,0.075056,-0.12601,0.000629,0.000341
0,-0.09759,-0.080124,-0.036115,-0.07396,-0.05717,-0.081494,0.001703,0.001398
0,0.037424,-0.219162,0.128206,-0.154153,0.116112,-0.200986,0.000653,0.003825
0,-0.265014,-0.184291,-0.295601,0.049834,-0.305513,0.07935,0.004625,0.003216
0,-0.195327,-0.038056,0.046375,0.161868,0.082704,0.203698,0.003409,0.000664
0,-0.234382,0.094167,-0.048009,0.109273,-0.024973,0.068613,0.004091,0.001644
0,-0.177286,0.148091,0.058905,0.05277,0.09564,0.011908,0.003094,0.002585
0,0.022807,-0.142929,0.193094,-0.29409,0.220454,-0.303081,0.000398,0.002495
0,0.003241,0.07316,-0.043125,0.239263,-0.071175,0.257582,5.7e-05,0.001277
0,-0.149159,-0.012424,-0.145864,-0.1051,-0.177883,-0.154737,0.002603,0.000217
0,-0.224905,0.094454,-0.067618,0.126916,-0.044499,0.117771,0.003925,0.001649
0,-0.22207,0.11752,-0.014623,0.027913,-0.025459,0.038879,0.003876,0.002051
0,-0.096425,-0.132218,0.142425,-0.241314,0.190358,-0.206398,0.001683,0.002308
0,-0.022164,-0.022002,0.100966,0.114868,0.120752,0.164408,0.000387,0.000384
0,0.062133,0.06474,0.085095,0.088378,0.039727,0.128169,0.001084,0.00113
0,-2.921388,0.328173,-2.967563,0.290105,-3.00742,0.327471,0.003981,0.005728
0,-3.326631,0.60565,-0.434766,0.293922,-0.404718,0.336144,0.000698,0.001181
0,-3.075931,0.302346,0.255003,-0.294594,0.292834,-0.303138,0.005073,0.005277
0,-3.213955,0.557018,-0.114933,0.263707,-0.072792,0.258743,0.002664,0.00203
0,-3.464628,0.597216,-0.254224,0.044159,-0.254253,-0.002846,0.001711,0.001328
0,-2.539446,0.366771,0.902146,-0.201616,0.930403,-0.166426,0.002685,0.00535
0,-1.878537,0.216568,0.682769,-0.166637,0.67529,-0.120179,0.002468,0.003931
0,-1.432797,0.131952,0.420148,-0.108733,0.385484,-0.062032,0.001504,0.003931
0,-0.699779,0.051136,0.707335,-0.074273,0.669112,-0.044856,0.000462,0.003931
0,-0.646461,-0.054696,0.023916,-0.112897,0.012222,-0.115491,0.000469,0.003931
0,-0.295337,-0.048851,0.335959,0.013066,0.32794,0.06177,0.005155,0.003931
0,-0.138465,0.031876,0.183822,0.086008,0.212835,0.052594,0.002417,0.003931
0,0.019235,0.051351,0.154903,0.007522,0.140351,-0.004922,0.000336,0.003931
0,0.233829,0.006749,0.225514,-0.038159,0.257014,-0.026692,0.004081,0.003931
0,0.178743,-0.093534,-0.067144,-0.123944,-0.041788,-0.114836,0.00312,0.003931
0,0.062328,-0.095851,-0.108826,-0.013579,-0.08721,0.020129,0.001088,0.003931
0,0.236325,-0.136039,0.180631,-0.026794,0.218665,-0.013325,0.004125,0.003931
0,0.169188,-0.174938,-0.038667,-0.051745,-0.078661,-0.096834,0.002953,0.003931
0,0.311064,0.059991,0.168398,0.228277,0.152627,0.210388,0.005429,0.003931
0,0.049423,-0.150068,-0.270111,-0.21749,-0.268352,-0.247426,0.000863,0.003931
0,0.23083,0.018591,0.176285,0.160097,0.187232,0.117089,0.004029,0.003931
0,0.307725,-0.184511,0.047229,-0.177567,0.009354,-0.166975,0.005371,0.003931
0,0.125805,-0.021885,-0.1527,0.173588,-0.190689,0.124748,0.002196,0.003931
0,0.202796,-0.192875,0.07908,-0.187911,0.071575,-0.167306,0.003539,0.003931
0,0.099251,-0.015862,-0.077216,0.153202,-0.048855,0.133846,0.001732,0.003931
0,0.174,0.101255,0.099078,0.101304,0.073852,0.090103,0.003037,0.003931
0,0.091666,-0.027922,-0.099542,-0.12366,-0.132729,-0.155917,0.0016,0.003931
0,0.021836,0.018469,-0.051651,0.043364,-0.071648,0.064536,0.000381,0.003931
0,0.064371,0.07521,0.013318,0.041286,0.046424,0.074785,0.001123,0.003931
0,1.678749,0.004209,1.619674,-0.082254,1.647271,-0.065695,0.005796,0.003931
0,4.318432,0.004757,2.613605,-0.014997,2.647961,0.000394,0.004861,0.003931
0,4.11969,-0.207456,-0.191038,-0.193001,-0.142908,-0.19005,0.001392,0.003931
0,3.8696,-0.013799,-0.264646,0.163893,-0.246433,0.172971,0.002973,0.003931
0,2.545695,-0.022495,-1.312453,-0.007008,-1.352663,-0.048424,0.002576,0.003931
0,1.598696,-0.056496,-0.949715,-0.038971,-0.98971,0.010703,0.004399,0.003931
0,0.689281,-0.152281,-0.937674,-0.118191,-0.918287,-0.141172,0.000279,0.003931
0,0.169948,-0.116005,-0.524773,0.039751,-0.476941,0.020379,0.002966,0.003931
0,-0.218677,-0.02665,-0.388444,0.086489,-0.338464,0.070679,0.003817,0.003931
0,-0.177817,-0.006222,0.016196,0.011528,0.059134,-0.017899,0.003103,0.003931
0,-0.286529,-0.12559,-0.125251,-0.11334,-0.156486,-0.125261,0.005001,0.003931
0,-0.589992,-0.205145,-0.309778,-0.066346,-0.326729,-0.089698,0.001454,0.003931
0,-0.440783,0.039228,0.123403,0.241091,0.140266,0.255948,0.004059,0.003931
0,-0.265717,-0.152297,0.176769,-0.163236,0.214584,-0.175944,0.004638,0.003931
0,-0.407596,-0.220268,-0.127302,-0.048469,-0.164913,-0.026888,0.004638,0.003931
0,-0.086071,-0.135729,0.349048,0.063663,0.310205,0.02379,0.001502,0.003931
0,-0.036629,0.003463,0.035823,0.149937,0.076417,0.182156,0.000639,0.003931
0,-0.188517,-0.124314,-0.178893,-0.126319,-0.221263,-0.102333,0.00329,0.003931
0,0.060928,0.066533,0.24161,0.204255,0.270932,0.22302,0.001063,0.003931
0,-0.125748,-0.067457,-0.158085,-0.155804,-0.203572,-0.147408,0.002195,0.003931
0,-0.000516,0.09653,0.115758,0.136645,0.073194,0.158301,9e-06,0.003931
0,-0.024838,-0.077226,-0.030972,-0.164863,-0.048072,-0.172502,0.000434,0.003931
0,0.057172,0.112394,0.107193,0.198884,0.123853,0.155141,0.000998,0.003931
0,0.055381,-0.003171,-0.007438,-0.097031,-0.048753,-0.119414,0.000967,0.003931
0,-0.126507,0.039608,-0.209669,0.051453,-0.208132,0.074984,0.002208,0.003931
0,0.088305,0.016813,0.228509,-0.030128,0.220855,-0.065356,0.001541,0.003931
0,-0.033317,-0.017022,-0.151569,-0.063366,-0.17266,-0.067644,0.000581,0.003931
0,0.102258,-0.167143,0.120462,-0.153526,0.114251,-0.151178,0.001785,0.003931
0,0.041987,0.108074,-0.041029,0.282764,0.008197,0.24011,0.000733,0.003931
0,-0.016583,-0.158727,-0.034296,-0.266965,0.010666,-0.271092,0.000289,0.003931
0,0.135409,0.008139,0.138236,0.165345,0.176028,0.194229,0.002363,0.003931
0,0.030093,0.063172,-0.109993,0.073735,-0.124966,0.117425,0.000525,0.003931
0,0.030616,-0.019105,-0.016307,-0.071921,0.028193,-0.100227,0.000534,0.003931
0,-0.124955,0.025623,-0.181597,0.038388,-0.200296,0.05034,0.002181,0.003931
0,-0.009454,-0.054481,0.130446,-0.099831,0.086146,-0.078708,0.000165,0.003931
0,0.01174,0.071186,0.008854,0.103147,-0.029154,0.146871,0.000205,0.003931
0,-0.187636,0.12601,-0.191634,0.077973,-0.148414,0.069974,0.003275,0.003931
0,-0.018227,0.104339,0.188021,-0.006636,0.214296,-0.041325,0.000318,0.003931
0,0.054629,-0.008753,0.083397,-0.119693,0.130086,-0.095228,0.000953,0.003931
0,-0.047307,0.062872,-0.086241,0.052649,-0.093238,0.019575,0.000826,0.003931
0,-0.063846,0.01442,0.009918,-0.048968,0.055808,-0.07259,0.001114,0.003931
0,-0.147184,0.163893,-0.075763,0.143661,-0.0336,0.104594,0.002569,0.003931
0,-0.037259,0.047239,0.11911,-0.135562,0.166268,-0.121985,0.00065,0.003931
0,0.060293,-0.022994,0.072836,-0.081246,0.06623,-0.055714,0.001052,0.003931
0,0.095988,0.072275,0.059723,0.071531,0.063655,0.068585,0.001675,0.003931
0,0.039789,-0.061426,-0.047657,-0.106165,-0.087029,-0.075932,0.000694,0.003931
0,0.097151,-0.065114,0.045148,-0.027975,0.036807,0.012565,0.001696,0.003931
0,1.563129,-0.089435,1.472793,-0.020705,1.507743,-0.036742,0.003778,0.003931
0,4.072011,0.000951,2.480638,0.074565,2.477012,0.035385,0.00056,0.003931
0,5.156696,-0.049286,1.103287,-0.020516,1.097815,-0.060759,0.004012,0.003931
0,4.791702,-0.144382,-0.392763,-0.070171,-0.394766,-0.025316,0.001369,0.003931
0,3.829092,-0.163973,-0.954864,-0.021658,-0.99913,-0.045843,0.00368,0.003931
0,3.06242,0.00482,-0.772505,0.169942,-0.753264,0.151689,0.005309,0.003931
0,2.237857,-0.145859,-0.850144,-0.142288,-0.835799,-0.101075,0.003803,0.003931
0,1.289426,0.059736,-0.931472,0.184674,-0.961485,0.166884,0.000999,0.003931
0,0.676599,-0.170511,-0.632974,-0.213389,-0.619629,-0.209869,5.7e-05,0.003931
0,0.079296,-0.139226,-0.617635,0.006253,-0.592194,0.037803,0.001384,0.003931
0,-0.128885,-0.052843,-0.183893,0.071879,-0.16861,0.111108,0.002249,0.003931
0,-0.305594,-0.044237,-0.176254,-0.018966,-0.207253,-0.036972,0.005334,0.003931
0,-0.368525,-0.13621,-0.038206,-0.09799,-0.00038,-0.080966,0.00532,0.003931
0,-0.346536,0.05965,0.041076,0.193306,0.054539,0.153544,0.005704,0.003931
0,-0.25093,-0.050291,0.114809,-0.09602,0.142388,-0.140792,0.00438,0.003931
0,-0.4006,-0.017662,-0.161877,0.047429,-0.121738,0.049874,0.00476,0.003931
0,-0.073212,-0.106771,0.322626,-0.100585,0.355932,-0.146117,0.001278,0.003931
0,-0.237973,-0.039936,-0.163186,0.06499,-0.155971,0.042381,0.004153,0.003931
0,0.027989,-0.174247,0.249083,-0.109548,0.219772,-0.068979,0.000488,0.003931
0,0.05915,0.058946,0.018129,0.234242,0.034585,0.204112,0.001032,0.003931
0,-0.136442,-0.129611,-0.225315,-0.192046,-0.208739,-0.166993,0.002381,0.003931
0,0.081667,-0.145024,0.228649,-0.002225,0.236485,0.014937,0.001425,0.003931
0,0.063449,-0.030768,-0.009761,0.106965,0.03755,0.058806,0.001107,0.003931
0,-0.055736,-0.186018,-0.139863,-0.152447,-0.136981,-0.108557,0.000973,0.003931
0,-0.127141,-0.140419,-0.092112,0.024826,-0.114231,0.027572,0.002219,0.003931
0,-0.059647,-0.120614,0.075271,0.048186,0.086682,0.075226,0.001041,0.003931
0,-0.016678,0.00268,0.015293,0.132758,0.060525,0.170358,0.000291,0.003931
0,-0.141702,0.035216,-0.103329,0.044805,-0.05447,0.090479,0.002473,0.003931
0,-0.044706,0.024626,0.103532,-0.015701,0.152448,-0.01525,0.00078,0.003931
0,-0.004619,-0.021652,0.060545,-0.02129,0.098979,0.024542,8.1e-05,0.003931
0,-0.075272,-0.035141,-0.046623,-0.010074,-0.056098,-0.059476,0.001314,0.003931
0,-0.043043,0.038983,0.013036,0.071869,-0.009488,0.086777,0.000751,0.003931
0,-0.034124,-0.158212,0.017155,-0.198835,-0.006092,-0.154723,0.000596,0.003931
0,-0.011721,-0.02955,0.043576,0.120576,0.024711,0.161655,0.000205,0.003931
0,0.034012,-0.082702,0.065526,-0.081884,0.016928,-0.032587,0.000594,0.003931
0,0.053139,0.035922,-0.004037,0.141205,-0.023883,0.150267,0.000927,0.003931
0,0.062024,-0.01739,0.007729,-0.025857,-0.008589,-0.022899,0.001083,0.003931
0,-0.053113,0.101979,-0.104562,0.09178,-0.102866,0.11518,0.000927,0.003931
0,-0.140967,0.008338,-0.103628,-0.065744,-0.074095,-0.065981,0.00246,0.003931
0,0.024887,-0.044286,0.190567,-0.060351,0.215827,-0.095495,0.000434,0.003931
0,-0.136344,0.08103,-0.143749,0.14656,-0.147598,0.125849,0.00238,0.003931
0,0.085958,0.017744,0.223875,-0.055019,0.260764,-0.067825,0.0015,0.003931
0,0.070049,-0.013849,-0.019385,-0.014816,0.008442,0.028017,0.001223,0.003931
0,-0.099704,-0.11231,-0.142483,-0.113264,-0.105063,-0.123236,0.00174,0.003931
0,-0.063988,0.054932,0.021467,0.155983,-0.010683,0.189757,0.001117,0.003931
0,0.183897,0.121741,0.266712,0.072985,0.251983,0.115182,0.00321,0.003931
0,0.066976,0.093324,-0.123871,-0.052405,-0.091335,-0.077325,0.001169,0.003931
0,0.193405,0.055507,0.112186,-0.046218,0.108163,-0.009501,0.003376,0.003931
0,-0.057274,0.111799,-0.223174,0.07974,-0.200558,0.099781,0.001,0.003931
0,0.205535,-0.143608,0.251251,-0.259646,0.239525,-0.287894,0.003587,0.003931
0,0.177095,0.102767,-0.03457,0.25192,-0.045768,0.22554,0.003091,0.003931
0,0.129179,-0.156634,-0.057423,-0.277948,-0.017671,-0.298838,0.002255,0.003931
0,0.016097,-0.080765,-0.089995,0.102527,-0.111039,0.061933,0.000281,0.003931
0,-0.037178,-0.083238,-0.053192,0.002995,-0.073341,-0.034647,0.000649,0.003931
0,0.148428,-0.176595,0.162297,-0.122491,0.161974,-0.093683,0.002591,0.003931
0,0.151134,-0.059392,-0.007508,0.136842,-0.016316,0.176872,0.002638,0.003931
0,0.197301,-0.039097,0.045766,0.048935,0.090612,0.070063,0.003444,0.003931
0,0.08872,-0.097139,-0.1071,-0.031956,-0.121657,-0.053937,0.001548,0.003931
0,0.026616,0.051155,-0.071255,0.166709,-0.075265,0.161821,0.000465,0.003931
0,0.138887,0.001408,0.121731,-0.049889,0.139847,-0.096107,0.002424,0.003931
0,0.100753,-0.036006,-0.04348,-0.00956,-0.078734,-0.03106,0.001758,0.003931
0,-0.055026,0.065249,-0.141363,0.098777,-0.09562,0.108853,0.00096,0.003931
0,0.107199,0.031841,0.149786,-0.011454,0.181604,-0.057034,0.001871,0.003931
0,0.183724,0.111298,0.100419,0.103814,0.085575,0.073115,0.003207,0.003931
0,0.137609,-0.04582,-0.033672,-0.131995,-0.0498,-0.170171,0.002402,0.003931
0,0.198062,-0.099821,0.079865,-0.0728,0.062302,-0.101621,0.003457,0.003931
0,0.107222,-0.10291,-0.106583,-0.002719,-0.150942,0.040665,0.001871,0.003931
0,-0.001068,0.020365,-0.085958,0.138871,-0.078673,0.148748,1.9e-05,0.003931
0,0.089884,0.02413,0.074997,0.005183,0.056297,-0.00204,0.001569,0.003931
0,0.164087,0.012373,0.076193,-0.039093,0.036182,-0.064736,0.002864,0.003931
0,0.18981,-0.076382,0.029921,-0.082596,0.019038,-0.040867,0.003313,0.003931
0,0.201208,0.086181,0.027077,0.166928,-0.016418,0.130818,0.003512,0.003931
0,0.154019,-0.182707,-0.074298,-0.297218,-0.090147,-0.308176,0.002688,0.003931
0,-0.103643,0.049089,-0.261996,0.208549,-0.257397,0.161441,0.001809,0.003931
0,-0.082696,0.098785,0.012027,0.043466,-0.022867,0.016748,0.001443,0.003931
0,-0.129231,0.144549,-0.038862,0.057817,-0.020938,0.09291,0.002256,0.003931
0,0.111688,0.138573,0.263419,-0.021515,0.277348,0.021616,0.001949,0.003931
0,-0.033,0.059079,-0.128575,-0.06374,-0.1279,-0.093527,0.000576,0.003931
0,-0.160129,-0.042981,-0.145524,-0.129569,-0.115175,-0.137411,0.002795,0.003931
0,-0.01577,0.10602,0.166656,0.162968,0.166407,0.113882,0.000275,0.003931
0,-0.019827,-0.019554,0.02122,-0.14254,0.02505,-0.122032,0.000346,0.003931
0,-0.046519,0.071431,-0.055251,0.085568,-0.065015,0.12562,0.000812,0.003931
0,0.026114,-0.122004,0.069888,-0.175533,0.079909,-0.175109,0.000456,0.003931
0,-0.022268,0.100137,-0.050193,0.203468,-0.029798,0.24017,0.000389,0.003931
0,-0.151974,-0.121144,-0.140853,-0.209948,-0.12928,-0.228804,0.002652,0.003931
0,-0.009045,0.122472,0.150507,0.24266,0.109983,0.200365,0.000158,0.003931
0,-0.022468,-0.177587,-0.020531,-0.315737,-0.057331,-0.331398,0.000392,0.003931
0,-0.173467,0.116265,-0.128613,0.313629,-0.115753,0.327828,0.003028,0.003931
0,-0.146729,0.06771,0.02795,-0.071345,0.001024,-0.073138,0.002561,0.003931
0,-0.042874,0.111598,0.09664,0.044962,0.099395,0.038881,0.000748,0.003931
0,-0.18588,0.094031,-0.152607,-0.046555,-0.186459,-0.037446,0.003244,0.003931
0,0.056118,-0.094428,0.258759,-0.203706,0.215344,-0.178288,0.000979,0.003931
0,-0.138927,0.008749,-0.22384,0.12566,-0.256813,0.154355,0.002425,0.003931
0,-0.059865,-0.042242,0.107647,-0.023534,0.063383,-0.03924,0.001045,0.003931
0,-0.040347,-0.157039,0.035102,-0.123111,0.049177,-0.081366,0.000704,0.003931
0,-0.23207,0.078815,-0.166011,0.249009,-0.15543,0.253583,0.00405,0.003931
0,-0.159509,-0.094667,0.100736,-0.184942,0.082621,-0.229825,0.002784,0.003931
0,-0.2576,0.111956,-0.101066,0.201487,-0.118375,0.248113,0.004496,0.003931
0,-0.072795,-0.053159,0.2012,-0.188746,0.205356,-0.188067,0.001271,0.003931
0,-0.119417,0.028981,-0.056856,0.059832,-0.0818,0.050372,0.002084,0.003931
0,-0.127067,0.047565,0.002358,0.011832,0.04823,-0.030284,0.002218,0.003931
0,-0.192763,-0.161881,-0.072014,-0.193242,-0.033291,-0.224281,0.003364,0.003931
0,-0.080262,-0.121823,0.125786,0.03082,0.081452,0.042119,0.001401,0.003931
0,-0.129504,0.001616,-0.053965,0.138902,-0.019527,0.155066,0.00226,0.003931
0,0.073445,0.095979,0.230194,0.076276,0.207637,0.038334,0.001282,0.003931
0,0.138427,0.038598,0.035976,-0.049243,-0.009866,-0.045478,0.002416,0.003931
0,-0.088217,0.121341,-0.229649,0.068187,-0.278454,0.020342,0.00154,0.003931
0,-0.071917,0.132373,0.028765,0.012791,-0.005084,0.002297,0.001255,0.003931
0,-0.208379,-0.133013,-0.137249,-0.275437,-0.14038,-0.229536,0.003637,0.003931
0,0.050461,-0.109691,0.248671,0.044002,0.264679,0.053807,0.000881,0.003931
0,-0.14465,-0.02196,-0.18177,0.066987,-0.165958,0.111295,0.002525,0.003931
0,-0.058051,-0.066722,0.066928,-0.047908,0.095604,-0.021058,0.001013,0.003931
0,0.071359,0.076986,0.152918,0.14272,0.14,0.142288,0.001245,0.003931
0,-0.177703,0.036363,-0.229163,-0.028526,-0.232744,-0.014699,0.003102,0.003931
0,-0.025614,-0.00828,0.180714,-0.068849,0.163904,-0.101199,0.000447,0.003931
0,-0.136693,-0.031702,-0.11736,-0.020201,-0.098683,0.006533,0.002386,0.003931
0,0.042521,0.050492,0.176004,0.110557,0.218877,0.090963,0.000742,0.003931
0,-0.046973,-0.016271,-0.075795,-0.041662,-0.084022,-0.05298,0.00082,0.003931
0,-0.017807,0.113107,0.027457,0.111361,-0.015901,0.111865,0.000311,0.003931
0,-0.148855,0.075684,-0.15662,-0.050654,-0.111464,-0.07617,0.002598,0.003931
0,-0.015997,0.026992,0.117072,-0.059431,0.112788,-0.021049,0.000279,0.003931
0,-0.241796,0.110783,-0.25078,0.056932,-0.240806,0.10479,0.00422,0.003931
0,0.006558,0.106158,0.225964,0.018667,0.212614,0.053823,0.000114,0.003931
0,-0.000376,-0.105848,0.007057,-0.193943,0.053468,-0.207543,7e-06,0.003931
0,-0.057631,0.084496,-0.058906,0.162569,-0.085235,0.185145,0.001006,0.003931
0,-0.238396,0.046979,-0.172432,-0.067039,-0.174192,-0.033737,0.004161,0.003931
0,-0.149024,-0.01028,0.10461,-0.048413,0.112225,-0.051112,0.002601,0.003931
0,-0.032192,-0.103219,0.09293,-0.104511,0.05893,-0.083067,0.000562,0.003931
0,-0.160396,-0.060509,-0.14667,0.06986,-0.19477,0.081746,0.002799,0.003931
0,-0.19809,0.062766,-0.012384,0.099869,0.030237,0.117849,0.003457,0.003931
0,-0.105271,0.071226,0.112602,0.019895,0.083394,0.007407,0.001837,0.003931
0,0.013592,-0.140239,0.14276,-0.215673,0.094899,-0.245983,0.000237,0.003931
0,-0.011957,-0.081185,-0.02237,0.063455,-0.048988,0.079363,0.000209,0.003931
0,-0.02366,-0.127321,0.000765,-0.040865,0.027656,-0.087757,0.000413,0.003931
0,0.103176,-0.118623,0.148403,0.016248,0.123923,0.003719,0.001801,0.003931
0,-0.050132,0.08663,-0.171277,0.209933,-0.132964,0.177099,0.000875,0.003931
0,0.042145,0.087182,0.113874,-0.024037,0.117221,-0.00636,0.000736,0.003931
0,0.12397,-0.094667,0.097841,-0.155603,0.06918,-0.160798,0.002164,0.003931
0,0.036314,0.033918,-0.063906,0.138766,-0.105932,0.179604,0.000634,0.003931
0,-0.010709,-0.073193,-0.061976,-0.112128,-0.088413,-0.07694,0.000187,0.003931
0,-0.031967,0.125845,-0.025224,0.208867,-0.0406,0.254589,0.000558,0.003931
0,0.044454,0.042793,0.047186,-0.101024,0.015011,-0.142852,0.000776,0.003931
0,0.12709,-0.099273,0.083326,-0.140452,0.040614,-0.171835,0.002218,0.003931
0,0.084435,0.026058,-0.041125,0.126671,0.003478,0.143666,0.001474,0.003931
0,0.094069,-0.124595,-0.01051,-0.146261,-0.044555,-0.184345,0.001642,0.003931
0,0.106989,0.123276,0.003852,0.222146,-0.042252,0.232499,0.001867,0.003931
0,-0.070538,0.124911,-0.164013,0.008919,-0.156792,0.053273,0.001231,0.003931
0,0.099816,-0.093176,0.197561,-0.211108,0.211979,-0.180292,0.001742,0.003931
0,0.124563,-0.039921,0.001876,0.064273,0.033226,0.019319,0.002174,0.003931
0,-0.034662,0.144166,-0.139329,0.169994,-0.135675,0.137328,0.000605,0.003931
0,0.093827,-0.025797,0.142063,-0.197377,0.141373,-0.173667,0.001638,0.003931
0,-1.048236,-0.139914,-1.137528,-0.111388,-1.151916,-0.120054,0.005208,0.003931
0,-1.262538,-0.203452,-0.218392,-0.040337,-0.190786,-0.044702,0.001468,0.003931
0,-1.62839,-0.036446,-0.394449,0.159636,-0.386875,0.147228,0.004917,0.003931
0,-1.77198,-0.03321,-0.159511,-0.021197,-0.173784,-0.070056,0.004328,0.003931
0,-1.432144,-0.019103,0.341967,-0.002352,0.359729,-0.033926,0.001492,0.003931
0,-1.048043,-0.070237,0.378053,-0.049919,0.415833,-0.062166,0.005212,0.003931
0,-0.87892,-0.2148,0.167527,-0.115296,0.193749,-0.079205,0.003588,0.003931
0,-0.642444,-0.181799,0.260481,0.006684,0.24832,-0.010456,0.000539,0.003931
0,-0.200413,-0.34288,0.462275,-0.139923,0.485389,-0.184592,0.003498,0.005767
0,-0.015629,-0.281723,0.156558,0.05497,0.164764,0.050817,0.000273,0.004917
0,0.004827,-0.048628,0.005775,0.248494,0.017798,0.204119,8.4e-05,0.000849
0,-0.09317,-0.041393,-0.07516,0.02343,-0.038401,0.005254,0.001626,0.000722
0,-0.093207,-0.02048,0.019793,0.008199,0.037871,-0.022037,0.001627,0.000357
0,-0.07865,0.053622,0.010313,0.048733,-0.030725,0.013478,0.001373,0.000936
0,0.105154,-0.087232,0.176206,-0.162642,0.22133,-0.174717,0.001835,0.001522
0,0.160009,0.045683,0.037541,0.153593,0.007281,0.198617,0.002793,0.000797
0,0.197204,-0.160597,0.037868,-0.203261,0.070896,-0.218285,0.003442,0.002803
0,0.126193,0.088887,-0.047841,0.272521,-0.08623,0.256732,0.002202,0.001551
0,0.160277,-0.037569,0.046908,-0.103589,0.059805,-0.110301,0.002797,0.000656
0,0.159037,0.015151,0.028256,0.060665,0.05341,0.025317,0.002776,0.000264
0,0.178337,-0.062707,0.037158,-0.077885,0.053476,-0.060909,0.003113,0.001094
0,0.150308,-0.084723,-0.043233,-0.008401,-0.075258,-0.03779,0.002623,0.001479
0,0.260336,-0.089015,0.123658,-0.0144,0.154113,0.010295,0.004544,0.001554
0,0.112151,-0.03771,-0.139846,0.054933,-0.168244,0.033162,0.001957,0.000658
0,0.291173,-0.044278,0.196961,-0.018736,0.166596,-0.064289,0.005082,0.000773
0,0.254177,-0.042342,-0.020369,-0.018938,-0.030514,0.004355,0.004436,0.000739
0,0.216679,-0.018461,-0.019733,-0.003664,0.027685,-0.008895,0.003782,0.000322
0,0.243969,-0.044267,0.054123,-0.007499,0.007348,-0.030465,0.004258,0.000773
0,0.226646,0.110026,0.005951,0.178023,0.013203,0.177093,0.003956,0.00192
0,0.149736,-0.069297,-0.091373,-0.171981,-0.105359,-0.217791,0.002613,0.001209
0,0.135364,0.095672,0.001123,0.166894,0.004949,0.176334,0.002363,0.00167
0,0.232953,0.083601,0.102549,-0.008332,0.108146,0.001201,0.004066,0.001459
0,0.217406,-0.000757,-0.026002,-0.106569,-0.005451,-0.102369,0.003794,1.3e-05
0,0.145317,-0.127045,-0.077082,-0.146642,-0.080586,-0.157005,0.002536,0.002217
0,0.190219,-0.019676,0.040501,0.123153,0.077997,0.100068,0.00332,0.000343
0,0.129434,-0.032327,-0.038849,-0.037938,-0.042888,-0.010635,0.002259,0.000564
0,-0.016432,-0.048824,-0.125756,-0.008008,-0.096034,-0.007214,0.000287,0.000852
0,0.188145,0.087478,0.176407,0.148029,0.18183,0.156136,0.003284,0.001527
0,0.142249,0.024665,-0.032567,-0.067858,-0.077026,-0.062636,0.002483,0.00043
0,0.180178,0.022828,0.017979,0.009551,0.03434,0.018493,0.003145,0.000398
0,0.142889,0.073431,-0.01027,0.042831,0.006281,0.066462,0.002494,0.001282
0,0.16572,0.065527,0.012309,0.002219,-0.034308,0.003636,0.002892,0.001144
0,-0.096041,-0.043404,-0.291343,-0.096213,-0.269454,-0.048562,0.001676,0.000758
0,0.046614,0.101126,0.156617,0.167482,0.118175,0.198423,0.000814,0.001765
0,0.098111,0.123937,0.060625,0.014798,0.042436,0.020452,0.001712,0.002163
0,0.112103,-0.07122,0.001784,-0.167917,0.018764,-0.197771,0.001957,0.001243
0,0.004996,-0.011854,-0.12699,0.077399,-0.077604,0.119885,8.7e-05,0.000207
0,0.010462,-0.14438,-0.022869,-0.112301,-0.05981,-0.125395,0.000183,0.00252
0,0.094837,-0.061167,0.071886,0.06365,0.090856,0.022428,0.001655,0.001068
0,-0.081072,0.000958,-0.177386,0.085853,-0.141507,0.12092,0.001415,1.7e-05
0,-0.131559,-0.02156,-0.022093,-0.007486,-0.011049,0.030952,0.002296,0.000376
0,0.146189,-0.047322,0.289614,-0.010231,0.312622,-0.024769,0.002551,0.000826
0,-0.065383,-0.106242,-0.182515,-0.086224,-0.212886,-0.124395,0.001141,0.001854
0,-0.104627,-0.07157,-0.027688,0.031513,-0.007596,0.023727,0.001826,0.001249
0,0.162241,-0.108213,0.258729,-0.037074,0.231796,-0.018341,0.002832,0.001889
0,-0.014522,-0.159823,-0.191158,-0.037275,-0.178636,0.003489,0.000253,0.002789
0,0.017467,-0.166815,0.046259,-0.027136,0.078323,-0.034487,0.000305,0.002911
0,0.002693,-0.183593,-0.041934,-0.025699,-0.008261,-0.039455,4.7e-05,0.003204
0,0.181084,0.009834,0.198126,0.215582,0.205222,0.200956,0.003161,0.000172
0,0.161203,-0.089747,-0.024212,-0.08629,-0.047056,-0.120717,0.002814,0.001566
0,0.093986,-0.095755,-0.09439,0.017604,-0.123105,-0.016763,0.00164,0.001671
0,0.17297,-0.047254,0.078351,0.041222,0.109513,0.034913,0.003019,0.000825
0,0.03929,-0.039684,-0.142673,0.007965,-0.144073,0.037424,0.000686,0.000693
0,0.048769,-0.023307,0.022048,0.033511,0.055545,0.065769,0.000851,0.000407
0,0.004175,0.123625,-0.028925,0.129514,-0.038024,0.097722,7.3e-05,0.002158
0,0.024887,0.081393,0.00883,-0.033291,0.036095,-0.028913,0.000434,0.001421
0,0.040762,0.013259,0.030964,-0.05114,0.077568,-0.091383,0.000711,0.000231
0,0.112493,-0.05089,0.058207,-0.076685,0.054722,-0.085845,0.001963,0.000888
0,-0.043415,-0.066349,-0.166417,0.003711,-0.204634,0.050813,0.000758,0.001158
0,0.049843,-0.006212,0.11014,0.080426,0.15015,0.081255,0.00087,0.000108
0,-0.08195,-0.187497,-0.143955,-0.205632,-0.169012,-0.220355,0.00143,0.003272
0,-0.064924,0.084996,0.029336,0.252814,0.048105,0.207957,0.001133,0.001483
0,-0.07411,-0.100821,0.019941,-0.190307,0.012532,-0.192098,0.001293,0.00176
0,0.043385,0.049307,0.127669,0.150242,0.097992,0.127826,0.000757,0.000861
0,-0.069918,0.003145,-0.141451,-0.016365,-0.137739,-0.020584,0.00122,5.5e-05
0,0.006284,0.084413,0.070668,0.101408,0.097506,0.112888,0.00011,0.001473
0,-0.200151,-0.037934,-0.180921,-0.093299,-0.170456,-0.062752,0.003493,0.000662
0,0.027672,0.015317,0.208644,0.055359,0.244264,0.101884,0.000483,0.000267
0,0.051936,0.035355,0.039319,-0.000264,0.044924,-0.006584,0.000906,0.000617
0,-0.12883,0.126101,-0.178124,0.11567,-0.138429,0.108665,0.002249,0.002201
0,-0.06898,0.119381,0.085859,0.011494,0.116632,0.036317,0.001204,0.002084
0,0.115157,-0.030339,0.156936,-0.138085,0.204912,-0.173143,0.00201,0.00053
0,0.100653,-0.049324,-0.002124,-0.000895,0.005215,-0.020554,0.001757,0.000861
0,0.065385,-0.044596,-0.023816,0.027639,-0.025425,0.013263,0.001141,0.000778
0,0.11087,0.102134,0.05702,0.159726,0.080021,0.205477,0.001935,0.001783
0,0.092113,0.05353,-0.008513,-0.054681,-0.058278,-0.016882,0.001608,0.000934
0,0.059935,0.131588,-0.012648,0.049547,-0.045368,0.03271,0.001046,0.002297
0,-0.029324,0.002203,-0.088205,-0.140496,-0.054297,-0.112133,0.000512,3.8e-05
0,0.089175,-0.044615,0.138373,-0.073693,0.176227,-0.085757,0.001556,0.000779
0,0.062113,0.14556,-0.003222,0.218757,-0.026968,0.226406,0.001084,0.002541
0,0.112881,-0.105344,0.043605,-0.227124,0.087691,-0.275867,0.00197,0.001839
0,-0.011601,0.0099,-0.10168,0.120759,-0.059987,0.092091,0.000202,0.000173
0,0.073499,0.145987,0.100272,0.12362,0.110365,0.140109,0.001283,0.002548
0,0.078113,-0.125348,0.009355,-0.301209,-0.034973,-0.274133,0.001363,0.002188
0,0.016674,0.111809,-0.076442,0.245367,-0.042657,0.283132,0.000291,0.001951
0,0.071144,0.126009,0.059206,0.009685,0.068414,0.056484,0.001242,0.002199
0,0.211553,0.130221,0.111251,-0.023272,0.161043,0.019873,0.003692,0.002273
0,0.173286,-0.03436,-0.02058,-0.190057,-0.020151,-0.17011,0.003024,0.0006
0,0.080159,0.124469,-0.105398,0.181006,-0.111164,0.188109,0.001399,0.002172
0,0.002834,0.156115,-0.076192,0.049978,-0.055894,0.028766,4.9e-05,0.002725
0,0.118456,0.148001,0.137335,-0.037976,0.135678,-0.052471,0.002067,0.002583
0,0.221548,0.048149,0.125822,-0.080479,0.150784,-0.108941,0.003867,0.00084
0,0.186781,-0.021892,-0.029857,-0.040622,0.002765,-0.088365,0.00326,0.000382
0,0.031508,-0.100117,-0.164203,-0.05111,-0.139121,-0.100406,0.00055,0.001747
0,-0.038559,0.159764,-0.076699,0.255089,-0.113175,0.270187,0.000673,0.002788
0,0.141758,-0.040812,0.168436,-0.182151,0.15942,-0.203845,0.002474,0.000712
0,0.115726,0.161079,-0.00653,0.179912,-0.00213,0.225014,0.00202,0.002811
0,0.254429,0.050313,0.134153,-0.131639,0.130774,-0.087056,0.004441,0.000878
0,0.283363,-0.038083,0.003599,-0.063902,0.031104,-0.098931,0.004946,0.000665
0,0.071385,-0.021035,-0.204382,0.028867,-0.194715,-0.002576,0.001246,0.000367
0,0.010442,0.086829,-0.069785,0.099257,-0.021547,0.105598,0.000182,0.001515
0,0.134136,-0.109433,0.120128,-0.218475,0.083792,-0.218914,0.002341,0.00191
0,0.138466,0.022613,-0.008214,0.113195,-0.009991,0.078932,0.002417,0.000395
0,0.147438,-0.042928,0.020455,-0.093543,0.050913,-0.058051,0.002573,0.000749
0,0.010031,-0.021027,-0.151882,0.031069,-0.191263,0.014809,0.000175,0.000367
0,0.084559,0.015484,0.081229,0.009239,0.078672,0.006847,0.001476,0.00027
0,-0.096582,-0.084305,-0.180632,-0.122901,-0.157184,-0.114996,0.001686,0.001471
0,0.066614,-0.106705,0.142078,-0.023586,0.115945,0.023591,0.001163,0.001862
0,0.099832,0.056356,0.045834,0.159777,0.071972,0.138345,0.001742,0.000984
0,0.068783,0.09032,-0.020763,0.024603,0.01525,0.016396,0.0012,0.001576
0,0.084298,0.00501,0.033779,-0.082966,0.055139,-0.131052,0.001471,8.7e-05
0,0.098915,0.15902,0.013037,0.138886,-0.034735,0.159763,0.001726,0.002775
0,0.06257,-0.035181,-0.010811,-0.222317,0.006997,-0.240685,0.001092,0.000614
0,-0.049528,-0.04486,-0.087503,-0.036487,-0.071149,-0.048985,0.000864,0.000783
0,-0.030285,0.048499,0.046429,0.069269,0.076272,0.068708,0.000529,0.000846
0,-0.05954,0.009476,-0.031292,-0.013954,0.00047,-0.030572,0.001039,0.000165
0,0.133425,-0.139418,0.20868,-0.156644,0.184839,-0.191311,0.002329,0.002433
0,0.05083,-0.013186,-0.056072,0.11355,-0.081915,0.068288,0.000887,0.00023
0,-0.020745,-0.048111,-0.073295,-0.055113,-0.059506,-0.074862,0.000362,0.00084
0,0.138957,-0.017086,0.178321,0.010705,0.13775,0.054298,0.002425,0.000298
0,0.175333,0.127017,0.034582,0.155355,0.050731,0.151991,0.00306,0.002217
0,0.06743,-0.04306,-0.090484,-0.180807,-0.10138,-0.217863,0.001177,0.000752
0,0.015205,-0.026232,-0.029728,-0.009438,0.015103,-0.032379,0.000265,0.000458
0,0.044486,-0.118843,0.056305,-0.0679,0.030999,-0.03848,0.000776,0.002074
0,0.166522,0.050891,0.104998,0.155442,0.1301,0.183212,0.002906,0.000888
0,0.140564,-0.069922,-0.014779,-0.127898,0.022491,-0.128136,0.002453,0.00122
0,-0.007042,0.117103,-0.169607,0.182702,-0.140778,0.182259,0.000123,0.002044
0,-0.012322,-0.007491,-0.01222,-0.113492,0.018088,-0.161431,0.000215,0.000131
0,-0.03265,0.051723,-0.021379,0.036957,-0.042863,-0.012441,0.00057,0.000903
0,-0.022381,0.176276,0.034579,0.103496,0.059171,0.053737,0.000391,0.003077
0,0.039157,0.130832,0.085686,-0.073338,0.10591,-0.096336,0.000683,0.002283
0,0.069111,-0.014877,0.031892,-0.138096,0.071192,-0.092163,0.001206,0.00026
0,0.016635,-0.053959,-0.067164,-0.020489,-0.112575,-0.059015,0.00029,0.000942
0,-0.101074,0.034451,-0.120089,0.088474,-0.168543,0.135875,0.001764,0.000601
0,0.11654,0.118322,0.231845,0.112919,0.232883,0.133293,0.002034,0.002065
0,-0.119943,-0.090658,-0.225544,-0.236904,-0.186778,-0.212047,0.002093,0.001582
0,0.153266,-0.067971,0.245624,0.046176,0.203701,0.060513,0.002675,0.001186
0,0.007295,0.158907,-0.155213,0.242743,-0.19628,0.259649,0.000127,0.002773
0,-0.104378,0.012337,-0.114691,-0.174434,-0.117981,-0.140591,0.001822,0.000215
0,-0.136358,0.020788,-0.058345,0.003466,-0.052719,-0.00824,0.00238,0.000363
0,0.001489,-0.015168,0.126383,-0.008547,0.155417,0.040942,2.6e-05,0.000265
0,0.043697,0.086308,0.057763,0.085243,0.090288,0.084129,0.000763,0.001506
0,-0.04433,-0.010013,-0.082657,-0.105753,-0.044199,-0.145443,0.000774,0.000175
0,0.084136,0.080987,0.101072,0.087331,0.059284,0.132061,0.001468,0.001413
0,0.097676,-0.100208,0.023088,-0.205454,-0.021155,-0.158649,0.001705,0.001749
0,-0.049601,0.135594,-0.125265,0.244638,-0.165166,0.22686,0.000866,0.002367
0,0.104662,0.143615,0.155306,-0.015006,0.197078,-0.060977,0.001827,0.002507
0,0.15783,0.030925,0.070482,-0.130496,0.04849,-0.137622,0.002755,0.00054
0,-0.0486,-0.050127,-0.206411,-0.060198,-0.227843,-0.071418,0.000848,0.000875
0,0.170949,0.135126,0.222665,0.161069,0.209297,0.132628,0.002984,0.002358
0,-0.047171,-0.03936,-0.236461,-0.177845,-0.236861,-0.227744,0.000823,0.000687
0,0.023816,0.127294,0.055758,0.192871,0.027079,0.148371,0.000416,0.002222
0,0.080483,0.076317,0.050771,-0.034491,0.091689,-0.059689,0.001405,0.001332
0,0.038724,0.142315,-0.014212,0.046671,0.003243,0.015053,0.000676,0.002484
0,0.099142,0.145286,0.037021,0.027891,0.05996,0.0382,0.00173,0.002536
0,0.19557,0.078286,0.106196,-0.054351,0.084724,-0.012106,0.003413,0.001366
0,0.223932,-0.044356,0.008646,-0.123272,0.057947,-0.097801,0.003908,0.000774
0,0.059828,-0.126997,-0.138789,-0.066046,-0.098269,-0.049144,0.001044,0.002217
0,0.269276,-0.072574,0.232836,0.053028,0.281162,0.065755,0.0047,0.001267
0,0.109962,0.013993,-0.167752,0.065975,-0.162932,0.07202,0.001919,0.000244
0,0.128236,0.054388,0.017564,0.028983,0.051054,-0.011186,0.002238,0.000949
0,0.080717,0.006981,-0.030711,-0.067898,-0.063713,-0.084017,0.001409,0.000122
0,0.162901,-0.025302,0.063316,-0.014526,0.059956,-0.050222,0.002843,0.000442
0,0.211748,-0.134414,0.043505,-0.091321,0.075558,-0.042165,0.003696,0.002346
0,0.170199,-0.123986,-0.039655,0.034977,-0.05868,-0.013069,0.002971,0.002164
0,0.177144,0.021522,0.022073,0.152385,0.063466,0.166486,0.003092,0.000376
0,0.051902,-0.059483,-0.14829,-0.062585,-0.102793,-0.043044,0.000906,0.001038
0,-0.000364,-0.029416,-0.060097,0.020013,-0.07813,0.064908,6e-06,0.000513
0,0.128368,0.051216,0.143479,0.102642,0.117611,0.089738,0.00224,0.000894
0,-0.122962,-0.100287,-0.260071,-0.159446,-0.271958,-0.116518,0.002146,0.00175
0,0.112886,-0.01408,0.217613,0.105114,0.222709,0.081158,0.00197,0.000246
0,-0.126041,-0.098137,-0.25266,-0.072515,-0.232728,-0.117494,0.0022,0.001713
0,-0.073809,-0.013288,0.053663,0.113877,0.077649,0.120504,0.001288,0.000232
0,-0.117716,0.144361,-0.050992,0.186113,-0.050335,0.20093,0.002055,0.00252
0,-0.061906,0.011045,0.036666,-0.116438,0.017836,-0.068989,0.00108,0.000193
0,-0.144835,-0.058689,-0.053167,-0.074972,-0.060545,-0.085891,0.002528,0.001024
0,-0.131135,0.103457,-0.006225,0.137198,-0.034198,0.159501,0.002289,0.001806
0,0.024232,-0.053092,0.13353,-0.152506,0.153183,-0.127115,0.000423,0.000927
0,-0.211213,-0.170266,-0.240241,-0.140584,-0.271222,-0.122366,0.003686,0.002972
0,0.065865,0.039889,0.273094,0.208318,0.305672,0.238621,0.00115,0.000696
0,-0.081751,-0.049676,-0.174685,-0.092752,-0.192813,-0.112686,0.001427,0.000867
0,0.086905,-0.156397,0.178463,-0.118521,0.223908,-0.097505,0.001517,0.00273
0,0.046641,0.016041,-0.05223,0.196094,-0.038094,0.219085,0.000814,0.00028
0,-0.074342,-0.134606,-0.111228,-0.175163,-0.099026,-0.154227,0.001298,0.002349
0,0.137679,-0.189419,0.227338,-0.037101,0.231493,-0.055758,0.002403,0.003306
0,0.011709,-0.073123,-0.136343,0.131766,-0.137524,0.104574,0.000204,0.001276
0,0.054163,0.064717,0.029011,0.161897,0.042526,0.14128,0.000945,0.00113
0,-0.058729,-0.177035,-0.088714,-0.227105,-0.095877,-0.211849,0.001025,0.00309
0,0.120576,-0.073667,0.16746,0.08846,0.15581,0.042563,0.002104,0.001286
0,-0.004538,0.042039,-0.103266,0.112932,-0.129164,0.10569,7.9e-05,0.000734
0,0.057732,0.096953,0.072709,0.068548,0.114017,0.094362,0.001008,0.001692
0,-0.018091,-0.014866,-0.096609,-0.09126,-0.097106,-0.117311,0.000316,0.000259
0,0.113997,-0.142742,0.123171,-0.142952,0.11581,-0.100266,0.00199,0.002491
0,0.070202,0.035738,-0.065564,0.159111,-0.056479,0.118232,0.001225,0.000624
0,0.000139,0.054939,-0.05484,0.001854,-0.085495,0.045267,2e-06,0.000959
0,0.017072,0.041668,0.029891,-0.017871,0.021424,-0.021114,0.000298,0.000727
0,0.150829,-0.089768,0.135539,-0.12054,0.090911,-0.162125,0.002632,0.001567
0,-0.15309,0.107635,-0.324037,0.177841,-0.280048,0.173241,0.002672,0.001879
0,0.051742,0.120071,0.204732,0.026164,0.216108,0.048127,0.000903,0.002096
0,-0.112304,-0.100907,-0.187409,-0.191769,-0.236589,-0.232476,0.00196,0.001761
0,-0.074657,-0.010035,0.011017,0.101225,-0.017994,0.095156,0.001303,0.000175
0,-0.072908,0.068658,0.010682,0.054692,0.030316,0.069864,0.001272,0.001198
0,-0.117938,0.046035,-0.024924,-0.017004,-0.010349,-0.043453,0.002058,0.000803
0,-0.066205,0.053975,0.059108,0.013711,0.030775,0.016753,0.001155,0.000942
0,-0.008139,-0.01907,0.086569,-0.092352,0.064799,-0.110525,0.000142,0.000333
0,0.038438,-0.010411,0.041316,0.005587,0.07132,0.054304,0.000671,0.000182
0,0.03803,-0.156211,0.00251,-0.117325,-0.02565,-0.086543,0.000664,0.002726
0,0.033727,0.028485,-0.000729,0.16994,-0.020072,0.16557,0.000589,0.000497
0,-0.149,-0.036908,-0.212259,-0.078261,-0.237341,-0.063294,0.002601,0.000644
0,-0.261552,-0.14379,-0.111191,-0.093165,-0.131731,-0.064088,0.004565,0.00251
0,-0.068026,-0.098044,0.170188,0.053284,0.151999,0.054305,0.001187,0.001711
0,-0.166685,-0.12562,-0.100254,-0.027944,-0.060474,0.002006,0.002909,0.002192
0,-0.221144,-0.015929,-0.059679,0.128783,-0.068696,0.156677,0.00386,0.000278
0,0.063886,0.099679,0.301863,0.094189,0.289971,0.102082,0.001115,0.00174
0,0.039011,-0.030079,-0.050376,-0.15911,-0.063858,-0.11609,0.000681,0.000525
0,0.043673,-0.037681,-0.002085,-0.024775,-0.024789,0.006084,0.000762,0.000658
0,0.036892,-0.125971,-0.029115,-0.063709,-0.037653,-0.094103,0.000644,0.002199
0,-0.050072,0.030791,-0.095475,0.137938,-0.137403,0.124498,0.000874,0.000537
0,0.077825,-0.003084,0.102708,-0.032609,0.072594,-0.064425,0.001358,5.4e-05
0,-0.004613,-0.189567,-0.093574,-0.172417,-0.137975,-0.178403,8.1e-05,0.003309
0,-0.035094,-0.02367,-0.033735,0.177278,-0.034931,0.154023,0.000613,0.000413
0,0.060036,-0.038174,0.073601,-0.039178,0.076695,-0.014919,0.001048,0.000666
0,0.06715,-0.157938,0.027201,-0.106291,0.002146,-0.130075,0.001172,0.002757
0,0.06282,-0.14747,0.011089,0.022098,0.057047,0.026727,0.001096,0.002574
0,-0.092858,-0.122888,-0.143079,0.017781,-0.182152,0.029057,0.001621,0.002145
0,0.057715,-0.142822,0.174161,-0.026196,0.214794,-0.068737,0.001007,0.002493
0,-0.117755,-0.179407,-0.201996,-0.037756,-0.224281,-0.07126,0.002055,0.003131
0,0.094182,0.077929,0.236654,0.240034,0.187069,0.282428,0.001644,0.00136
0,0.061062,-0.13941,-0.054222,-0.218767,-0.086239,-0.171512,0.001066,0.002433
0,0.08566,-0.049885,0.038919,0.11034,-0.000852,0.07235,0.001495,0.000871
0,-0.06944,-0.151922,-0.149583,-0.096632,-0.199078,-0.145007,0.001212,0.002652
0,-0.10906,-0.092157,-0.068921,0.044253,-0.088832,0.022822,0.001903,0.001608
0,-0.075574,0.039912,0.020362,0.147257,0.02958,0.185033,0.001319,0.000697
0,-0.068506,-0.026162,-0.007249,-0.038006,-0.040544,-0.048117,0.001196,0.000457
0,0.040068,-0.01971,0.081231,0.010897,0.035542,0.015364,0.000699,0.000344
0,0.057237,0.009028,0.029373,0.022794,0.071067,0.009743,0.000999,0.000158
0,0.010722,0.068924,-0.062413,0.085439,-0.078816,0.061239,0.000187,0.001203
0,-0.002503,0.113331,0.013038,0.050064,0.041264,0.000334,4.4e-05,0.001978
0,0.053528,-0.154418,0.067954,-0.263313,0.111211,-0.258245,0.000934,0.002695
0,-0.228472,0.100678,-0.282322,0.271393,-0.286027,0.291682,0.003988,0.001757
0,-0.103743,0.074001,0.117777,-0.041635,0.090399,-0.073039,0.001811,0.001292
0,-0.264691,0.075613,-0.162208,-0.020895,-0.182059,-0.018317,0.00462,0.00132
0,-0.189843,0.089316,0.046629,0.017237,0.036886,-0.004921,0.003313,0.001559
0,-0.186484,-0.102381,0.001211,-0.166413,-0.040188,-0.195363,0.003255,0.001787
0,0.039346,0.120524,0.205269,0.240127,0.200843,0.254925,0.000687,0.002104
0,0.014161,0.086097,-0.02564,-0.023892,0.010703,-0.059855,0.000247,0.001503
0,0.040588,-0.11653,0.054753,-0.173271,0.019853,-0.185303,0.000708,0.002034
0,-0.083491,0.019579,-0.105833,0.165229,-0.083947,0.12955,0.001457,0.000342
0,-0.170434,-0.033613,-0.066923,-0.037925,-0.027476,-0.061434,0.002975,0.000587
0,-0.177368,-0.008031,0.006976,0.048237,-0.04211,0.025753,0.003096,0.00014
0,0.049987,0.094622,0.204879,0.086121,0.163221,0.038669,0.000872,0.001651
0,0.058591,0.132453,0.011367,0.045555,-0.014375,0.079522,0.001023,0.002312
0,-0.175524,0.128776,-0.261668,-0.028507,-0.217872,-0.033803,0.003063,0.002248
0,-0.108956,0.114441,0.053407,-0.033269,0.10069,0.005856,0.001902,0.001997
0,-0.068725,-0.081405,0.035186,-0.182809,0.043479,-0.225137,0.001199,0.001421
0,0.126531,-0.063395,0.21005,0.011142,0.234378,0.035234,0.002208,0.001106
0,-0.00267,0.045522,-0.110637,0.083802,-0.08719,0.040825,4.7e-05,0.000795
0,-0.048933,0.156206,-0.027811,0.113078,-0.006972,0.124366,0.000854,0.002726
0,0.130967,0.150754,0.175486,-0.027809,0.128563,0.014095,0.002286,0.002631
0,0.090859,0.17185,-0.021786,0.037007,-0.069066,0.002919,0.001586,0.002999
0,-0.061154,0.111588,-0.154611,-0.046009,-0.129931,-0.05708,0.001067,0.001948
0,0.104383,0.171207,0.167529,0.030446,0.184246,-0.014918,0.001822,0.002988
0,-0.056767,0.16109,-0.18885,0.012399,-0.192659,0.003237,0.000991,0.002812
0,-0.128171,0.124492,-0.090993,-0.045061,-0.128688,-0.052374,0.002237,0.002173
0,-0.013597,0.179225,0.091081,0.032252,0.08472,0.060853,0.000237,0.003128
0,0.093062,0.170518,0.117124,0.014937,0.098426,-0.018234,0.001624,0.002976
0,-0.150383,-0.018036,-0.240903,-0.17234,-0.211658,-0.206972,0.002625,0.000315
0,0.091594,0.106382,0.215787,0.13432,0.228421,0.152346,0.001599,0.001857
0,-0.145085,-0.031681,-0.244395,-0.117289,-0.24764,-0.166049,0.002532,0.000553
0,-0.164616,0.046355,-0.044934,0.072893,-0.019372,0.054204,0.002873,0.000809
0,0.000715,-0.026708,0.166892,-0.085366,0.149964,-0.126294,1.2e-05,0.000466
0,-0.038736,0.009819,-0.035719,0.044736,-0.001623,0.08831,0.000676,0.000171
0,0.123045,0.066342,0.136448,0.055011,0.155313,0.016724,0.002148,0.001158
0,-0.0842,-0.003789,-0.19529,-0.064157,-0.155198,-0.066693,0.00147,6.6e-05
0,-0.083118,0.046661,-0.024482,0.071123,-0.035529,0.02438,0.001451,0.000814
0,-0.113619,0.022116,-0.009007,-0.000851,-0.043391,-0.004366,0.001983,0.000386
0,0.097568,0.034077,0.216791,-0.004605,0.206202,0.009894,0.001703,0.000595
0,0.044085,0.007996,-0.058508,-0.010381,-0.083692,0.038714,0.000769,0.00014
0,-0.153088,-0.013548,-0.176987,0.007381,-0.134016,-0.007723,0.002672,0.000236
0,-0.115956,0.02807,0.051826,0.05619,0.041128,0.07641,0.002024,0.00049
0,-0.049914,-0.038269,0.050014,-0.051359,0.081888,-0.070113,0.000871,0.000668
0,-0.160813,0.036595,-0.104148,0.063576,-0.100733,0.051325,0.002807,0.000639
0,-0.087519,0.062513,0.057619,0.035219,0.033776,0.050383,0.001527,0.001091
0,0.026213,0.059315,0.124313,-0.007851,0.144862,-0.001631,0.000458,0.001035
0,-0.23172,-0.033418,-0.230634,-0.11216,-0.280095,-0.118445,0.004044,0.000583
0,-0.230184,-0.187999,-0.018198,-0.143848,-0.01904,-0.176095,0.004017,0.003281
0,-0.048175,-0.044513,0.190906,0.168419,0.185752,0.184601,0.000841,0.000777
0,-0.193352,-0.072398,-0.131068,-0.018768,-0.106571,0.030791,0.003375,0.001264
0,-0.139194,-0.058748,0.048064,0.029169,0.038001,0.038263,0.002429,0.001025
0,-0.165528,0.060673,-0.043709,0.144093,-0.045869,0.146985,0.002889,0.001059
0,-0.171174,0.026095,-0.018659,-0.031379,-0.026533,-0.07553,0.002988,0.000455
0,-0.153494,-0.005509,0.022382,-0.013213,0.048946,-0.012136,0.002679,9.6e-05
0,-0.252728,0.122032,-0.126765,0.130549,-0.096007,0.086389,0.004411,0.00213
0,-0.165363,0.084282,0.102913,-0.022915,0.148415,-0.042451,0.002886,0.001471
0,-0.021406,-0.105055,0.135562,-0.191601,0.103279,-0.221461,0.000374,0.001834
0,-0.034603,0.130552,0.011012,0.249,0.037555,0.269656,0.000604,0.002279
0,-0.039838,-0.097023,-0.029762,-0.204082,-0.035164,-0.183735,0.000695,0.001693
0,-0.186535,0.073315,-0.163554,0.194544,-0.173546,0.232741,0.003256,0.00128
0,-0.165806,-0.127572,0.041868,-0.173421,0.040604,-0.173854,0.002894,0.002227
0,0.041205,-0.156566,0.185346,-0.05828,0.148421,-0.087769,0.000719,0.002733
0,-0.120787,-0.075125,-0.177826,0.098458,-0.137798,0.08032,0.002108,0.001311
0,0.062196,-0.204411,0.15869,-0.114053,0.117403,-0.088768,0.001086,0.003568
0,-0.165391,-0.158393,-0.215686,0.054406,-0.247361,0.079986,0.002887,0.002764
0,-0.146161,-0.130579,-0.000457,0.029506,-0.037295,0.027011,0.002551,0.002279
0,-0.120662,0.029161,0.047608,0.133278,0.025,0.096681,0.002106,0.000509
0,-0.214167,0.063251,-0.108099,0.01751,-0.110715,0.020634,0.003738,0.001104
0,-0.076954,-0.022391,0.147071,-0.089678,0.125025,-0.045749,0.001343,0.000391
0,-0.003247,-0.198068,0.070156,-0.177913,0.119968,-0.224087,5.7e-05,0.003457
0,-0.133619,-0.038011,-0.119482,0.175195,-0.138722,0.223942,0.002332,0.000663
0,0.118175,-0.120294,0.271593,-0.089033,0.295515,-0.126593,0.002063,0.0021
0,0.013894,-0.127408,-0.11499,-0.018734,-0.097274,-0.02299,0.000242,0.002224
0,0.093792,-0.043069,0.063185,0.068079,0.069672,0.089,0.001637,0.000752
0,0.045943,-0.106705,-0.020315,-0.09081,-0.022563,-0.138806,0.000802,0.001862
0,0.10228,0.020675,0.062548,0.122621,0.056763,0.151877,0.001785,0.000361
0,0.106688,0.046053,-0.01845,0.012066,0.006677,0.005423,0.001862,0.000804
0,0.176461,-0.00535,0.041474,-0.076163,0.060892,-0.103966,0.00308,9.3e-05
0,0.042444,-0.145509,-0.139912,-0.129333,-0.183237,-0.174162,0.000741,0.00254
0,0.2158,-0.060226,0.170101,0.078911,0.146056,0.047441,0.003766,0.001051
0,0.021848,-0.176562,-0.219656,-0.130498,-0.222143,-0.131588,0.000381,0.003082
0,-0.046019,0.049919,-0.095642,0.229547,-0.093706,0.206003,0.000803,0.000871
0,-0.117804,0.030676,-0.093681,-0.047733,-0.077554,-0.020506,0.002056,0.000535
0,0.001322,0.064147,0.129642,0.025611,0.091758,0.012153,2.3e-05,0.00112
0,0.012146,0.017252,0.009145,-0.07478,-0.013255,-0.123914,0.000212,0.000301
0,0.073716,0.126256,0.056247,0.085918,0.105067,0.091916,0.001287,0.002204
0,0.16128,-0.094554,0.105737,-0.219718,0.094607,-0.234569,0.002815,0.00165
0,0.140477,0.125053,-0.036026,0.222778,-0.070701,0.223425,0.002452,0.002183
0,-0.141299,-0.029673,-0.265998,-0.14587,-0.308938,-0.120021,0.002466,0.000518
0,-0.155992,0.015646,-0.015653,0.064697,-0.043602,0.099913,0.002723,0.000273
0,0.034198,-0.049518,0.168861,-0.088131,0.17942,-0.118708,0.000597,0.000864
0,-0.173189,0.192958,-0.180166,0.236916,-0.216295,0.234427,0.003023,0.003368
0,-0.19143,0.07878,-0.031622,-0.091539,-0.044756,-0.06797,0.003341,0.001375
0,-0.002071,0.006025,0.192901,-0.057186,0.227413,-0.079473,3.6e-05,0.000105
0,-0.134627,-0.009322,-0.147161,-0.024083,-0.106035,-0.029671,0.00235,0.000163
0,-0.049953,-0.115713,0.096351,-0.128951,0.084945,-0.129986,0.000872,0.00202
0,-0.227514,-0.013258,-0.196005,0.077367,-0.170054,0.06628,0.003971,0.000231
0,-0.212904,0.017879,0.025229,0.015973,-0.019324,0.03581,0.003716,0.000312
0,0.045649,0.023666,0.272754,0.019862,0.280971,0.001075,0.000797,0.000413
0,-0.066768,0.005028,-0.141582,-0.014996,-0.132879,-0.000679,0.001165,8.8e-05
0,-0.140486,-0.123155,-0.067959,-0.106488,-0.028909,-0.103985,0.002452,0.002149
0,-0.011452,0.069546,0.157066,0.203882,0.163555,0.219031,0.0002,0.001214
0,-0.181044,0.073107,-0.172222,0.006917,-0.18372,0.042279,0.00316,0.001276
0,-0.031667,-0.005918,0.166901,-0.099804,0.135735,-0.118991,0.000553,0.000103
0,-0.101379,0.126388,-0.077703,0.141735,-0.045275,0.183293,0.001769,0.002206
0,-0.071079,-0.149226,0.052347,-0.299728,0.063151,-0.263531,0.001241,0.002604
0,0.093267,-0.123269,0.149772,0.042744,0.171515,0.023829,0.001628,0.002151
0,-0.0329,-0.123302,-0.096341,-0.006358,-0.06587,-0.026102,0.000574,0.002152
0,0.030599,0.005289,0.06858,0.122199,0.105026,0.153958,0.000534,9.2e-05
0,0.065339,0.095632,0.04522,0.076654,0.019295,0.108244,0.00114,0.001669
0,-0.19639,0.013516,-0.281615,-0.100144,-0.265925,-0.128327,0.003428,0.000236
0,0.034262,0.029522,0.204406,0.005767,0.160714,-0.003017,0.000598,0.000515
0,-0.07984,-0.04986,-0.113419,-0.103933,-0.152787,-0.137889,0.001393,0.00087
0,-0.024412,0.051211,0.065785,0.091562,0.050778,0.112228,0.000426,0.000894
0,-0.105247,-0.09908,-0.081901,-0.144726,-0.097802,-0.099447,0.001837,0.001729
0,0.51425,0.136807,0.620358,0.225033,0.618885,0.252847,0.002776,0.002388
0,2.429787,0.000697,1.931297,-0.15804,1.942862,-0.143461,0.004599,1.2e-05
0,4.138317,0.004148,1.723563,-0.012256,1.77064,-0.029514,0.001717,7.2e-05
0,4.764993,-0.018065,0.613706,-0.044524,0.624836,-0.085553,0.000903,0.000315
0,4.449715,0.198069,-0.309321,0.193531,-0.268475,0.234115,0.0046,0.003457
0,3.341471,0.099157,-1.092641,-0.118096,-1.141976,-0.146456,0.000439,0.001731
0,2.687507,0.205101,-0.625364,0.128164,-0.635382,0.164218,0.000101,0.00358
0,2.00246,0.072598,-0.689056,-0.16092,-0.724103,-0.123872,0.003668,0.001267
0,9.044742,0.050636,7.038735,-0.033787,7.04046,-0.055816,0.005088,0.000884
0,8.894301,0.25333,-0.166877,0.183327,-0.192781,0.144423,0.002463,0.004421
0,9.011237,0.035185,0.128203,-0.24493,0.125214,-0.292503,0.004504,0.000614
0,9.093426,0.242899,0.068627,0.233858,0.053832,0.269645,0.005814,0.004239
0,8.892698,0.248498,-0.216852,0.00034,-0.198375,-0.005201,0.002435,0.004337
0,9.033384,0.170614,0.170073,-0.085992,0.173987,-0.054742,0.00489,0.002978
0,9.071585,0.045108,0.062805,-0.125525,0.081929,-0.153315,0.005557,0.000787
0,9.110536,0.272437,0.031994,0.252341,0.07685,0.244525,0.005515,0.004755
0,9.014135,0.18027,-0.080087,-0.113944,-0.060267,-0.083692,0.004554,0.003146
0,8.932685,0.170048,-0.107769,0.002405,-0.117312,-0.040531,0.003133,0.002968
0,8.907071,0.001312,-0.014955,-0.183112,-0.004192,-0.196739,0.002686,2.3e-05
0,9.050226,0.23012,0.166854,0.214407,0.118596,0.207281,0.005184,0.004016
0,9.094317,0.009421,0.032521,-0.214368,0.052968,-0.164503,0.005798,0.000164
0,8.400603,0.229489,-0.665079,0.191094,-0.699579,0.178302,0.005598,0.004005
0,7.848119,0.148607,-0.55836,-0.096803,-0.577226,-0.132768,0.004045,0.002594
0,7.662712,0.13115,-0.164604,-0.026142,-0.154373,0.011218,0.004471,0.002289
0,6.927488,0.120554,-0.720426,0.017412,-0.697259,0.007483,0.00339,0.002104
0,6.756559,0.050529,-0.147614,-0.066622,-0.195995,-0.017253,0.000407,0.000882
0,6.235411,-0.019121,-0.494059,-0.045236,-0.524211,-0.056163,0.003063,0.000334
0,5.998996,0.147031,-0.208119,0.160977,-0.246109,0.186465,0.001063,0.002566
0,5.39357,-0.098566,-0.618408,-0.221175,-0.658222,-0.270125,0.000122,0.00172
0,5.259113,-0.006029,-0.121962,0.088004,-0.122157,0.12142,0.002225,0.000105
0,9.036523,0.074784,3.805934,0.108755,3.79231,0.058876,0.004945,0.001305
0,9.120557,0.171206,0.073381,0.083418,0.117682,0.044974,0.00534,0.002988
0,8.913745,-0.021888,-0.189587,-0.202055,-0.22042,-0.221067,0.002802,0.000382
0,9.099042,0.223132,0.199011,0.230631,0.245808,0.2216,0.005716,0.003894
0,9.148515,0.021344,0.054183,-0.19282,0.018368,-0.196443,0.004852,0.000373
0,9.142757,0.211088,-0.02176,0.186168,0.020916,0.227461,0.004953,0.003684
0,9.01061,0.144891,-0.102327,-0.062685,-0.063342,-0.01615,0.004493,0.002529
0,9.040215,0.010387,0.023788,-0.150243,0.001967,-0.195358,0.005009,0.000181
0,8.900244,0.083318,-0.163404,0.10058,-0.118217,0.082919,0.002566,0.001454
0,9.104451,0.053352,0.219588,-0.013458,0.198593,-0.009397,0.005621,0.000931
0,9.088521,0.006427,-0.01255,-0.029893,0.034461,-0.059609,0.005853,0.000112
0,8.89109,0.119242,-0.185193,0.0918,-0.215311,0.129466,0.002407,0.002081
0,9.062537,0.147145,0.1805,0.02213,0.141714,-0.009085,0.005399,0.002568
0,8.880017,0.179409,-0.153897,0.026434,-0.196194,0.073283,0.002213,0.003131
0,9.104359,0.24498,0.204625,0.079986,0.228552,0.093087,0.005623,0.004276
0,8.984684,0.12467,-0.122175,-0.105239,-0.161658,-0.114122,0.00404,0.002176
0,8.932816,0.024305,-0.049088,-0.101442,-0.049433,-0.090524,0.003135,0.000424
0,8.913591,0.170197,0.009672,0.118769,0.054131,0.10437,0.002799,0.00297
0,8.173175,0.235513,-0.760145,0.055088,-0.757181,0.02199,0.001628,0.00411
0,6.348803,0.080193,-1.827277,-0.178613,-1.781916,-0.193654,0.005042,0.0014
0,4.777357,0.23055,-1.56597,0.171616,-1.517574,0.218847,0.001119,0.004024
0,3.290576,0.149662,-1.510157,-0.089342,-1.504698,-0.095219,0.002646,0.002612
0,8.97092,0.013003,5.683286,-0.127276,5.639563,-0.101806,0.0038,0.000227
0,8.953009,0.176917,-0.035272,0.178428,-0.043163,0.139065,0.003487,0.003088
0,9.077179,0.152803,0.134178,-0.017135,0.152265,0.019193,0.005655,0.002667
0,9.1385,0.166291,0.074237,0.035355,0.076648,0.027822,0.005027,0.002902
0,8.861766,0.105689,-0.297206,-0.045462,-0.328629,-0.066515,0.001895,0.001845
0,8.429043,-0.014249,-0.45866,-0.125954,-0.500383,-0.114409,0.005658,0.000249
0,7.869343,-0.022034,-0.563372,-0.025462,-0.60492,-0.001922,0.003674,0.000385
0,7.310938,0.020526,-0.574881,0.059695,-0.570762,0.046066,0.001669,0.000358
0,6.930284,0.053156,-0.373131,0.014654,-0.329943,-0.015584,0.003439,0.000928
0,6.487847,0.254581,-0.424374,0.20411,-0.434213,0.19046,0.004283,0.004443
0,6.179173,0.118688,-0.292185,-0.140903,-0.273523,-0.109503,0.002082,0.002072
0,5.87111,0.055147,-0.282629,-0.067498,-0.280981,-0.110993,0.003295,0.000962
0,5.427701,0.201702,-0.447585,0.170193,-0.413616,0.209159,0.000718,0.00352
0,5.173625,0.223445,-0.264907,0.027738,-0.217074,-0.006675,0.003717,0.0039
0,4.807926,0.145019,-0.355114,-0.096287,-0.385528,-0.089628,0.001652,0.002531
0,4.421136,-0.000119,-0.385071,-0.174963,-0.342796,-0.196684,0.005099,2e-06
0,4.266418,0.080464,-0.168927,0.071974,-0.210928,0.029052,0.003953,0.001404
0,4.039907,0.209865,-0.228473,0.153567,-0.206209,0.121616,1e-06,0.003663
0,3.67867,0.220839,-0.331354,-0.007944,-0.291155,-0.023843,0.005446,0.003854
0,3.351426,0.107806,-0.304468,-0.126072,-0.3336,-0.16574,0.000265,0.001882
0,3.337195,-0.054173,0.014747,-0.134217,-0.032273,-0.094998,0.000513,0.000945
0,2.96316,-0.053138,-0.399352,0.021482,-0.433131,-0.025721,0.00471,0.000927
0,2.841703,0.029909,-0.131164,0.106863,-0.159302,0.065563,0.00259,0.000522
0,2.748399,-0.041347,-0.068978,-0.093835,-0.115346,-0.10963,0.000962,0.000722
0,2.428111,0.041715,-0.292719,0.062937,-0.3357,0.059333,0.004628,0.000728
0,2.436098,-0.01693,0.020319,-0.029997,-0.020944,-0.042466,0.004489,0.000295
0,2.203826,-0.051951,-0.226916,-0.03815,-0.253201,-0.010597,0.003209,0.000907
0,2.128419,0.017817,-0.099375,0.08014,-0.093357,0.120357,0.001893,0.000311
0,2.002756,0.115927,-0.105292,0.100846,-0.11009,0.147664,0.0003,0.002023
0,1.738264,-0.096311,-0.26423,-0.212829,-0.219396,-0.170875,0.004917,0.001681
0,1.752806,0.195581,-0.003379,0.282224,-0.010369,0.249933,0.004663,0.003414
0,1.618143,0.12465,-0.15543,-0.078091,-0.171663,-0.047892,0.004739,0.002176
0,1.47417,0.131904,-0.124658,-0.008928,-0.125746,0.032385,0.002226,0.002302
0,1.452889,-0.093106,-0.008612,-0.254157,0.039278,-0.266295,0.001854,0.001625
0,1.361748,0.037868,-0.067491,0.148419,-0.105069,0.171636,0.000264,0.000661
0,1.274595,0.150394,-0.091787,0.115167,-0.065506,0.12309,0.001258,0.002625
0,1.246609,-0.010547,-0.042593,-0.183962,-0.00953,-0.226452,0.001746,0.000184
0,1.171769,0.075108,-0.062373,0.101779,-0.090902,0.075196,0.003052,0.001311
0,1.09526,0.200516,-0.075771,0.127717,-0.058463,0.104727,0.004388,0.0035
0,0.969517,0.095461,-0.106126,-0.091876,-0.123845,-0.077266,0.00517,0.001666
0,0.818359,-0.035699,-0.167383,-0.118609,-0.208207,-0.157428,0.002531,0.000623
0,0.877277,0.157147,0.045305,0.207668,0.091387,0.253431,0.00356,0.002743
0,0.616946,-0.064937,-0.233167,-0.22201,-0.20143,-0.205564,0.000984,0.001133
0,0.574565,0.191041,-0.041949,0.240313,-0.009024,0.228126,0.001724,0.003334
0,0.571873,-0.001354,0.006839,-0.201522,0.001722,-0.222204,0.001771,2.4e-05
0,0.545405,-0.013728,-0.047078,-0.028286,-0.016855,-0.001763,0.002233,0.00024
0,0.383522,-0.100919,-0.190802,-0.060967,-0.23612,-0.034993,0.005058,0.001761
0,0.392774,0.149492,0.015976,0.256214,0.058445,0.215664,0.004897,0.002609
0,0.361512,0.138638,-0.060499,-0.024896,-0.092487,-0.054807,0.005442,0.00242
0,0.397071,-0.085671,0.059535,-0.213508,0.044231,-0.202737,0.004821,0.001495
0,0.431586,-0.00552,0.037093,0.083724,0.011284,0.101769,0.004219,9.6e-05
0,0.349716,0.172826,-0.100091,0.187626,-0.06139,0.205181,0.005648,0.003016
0,0.37945,0.174146,0.051052,0.023333,0.020422,-0.016966,0.005129,0.003039
0,0.219119,-0.005181,-0.140085,-0.198891,-0.110098,-0.187259,0.003824,9e-05
0,0.426781,0.160877,0.218243,0.186042,0.21617,0.151978,0.004303,0.002808
0,0.339774,0.065565,-0.087057,-0.119015,-0.076074,-0.147592,0.005822,0.001144
0,0.409054,0.148278,0.084102,0.074057,0.07019,0.039533,0.004612,0.002588
0,0.422725,-0.083655,0.012075,-0.251895,-0.005945,-0.206557,0.004374,0.00146
0,0.263907,0.064553,-0.182467,0.121824,-0.175815,0.107785,0.004606,0.001127
0,0.13713,0.137827,-0.113695,0.063517,-0.074384,0.034315,0.002393,0.002406
0,0.216546,-0.086396,0.076653,-0.225559,0.123722,-0.2125,0.003779,0.001508
0,8.910217,-1.204396,8.685192,-1.111452,8.640033,-1.072291,0.002741,0.002483
0,8.925886,-2.02177,0.020044,-0.787424,0.065994,-0.745448,0.003014,3.1e-05
0,9.139914,-2.284387,0.209191,-0.242137,0.186543,-0.192713,0.005002,0.004615
0,9.117196,-2.25746,0.002724,0.053354,-0.02618,0.028507,0.005399,0.004145
0,8.954836,-1.620394,-0.145552,0.646544,-0.123485,0.644035,0.003519,0.004778
0,9.117403,-0.114942,0.171938,1.524291,0.122507,1.570933,0.005395,0.002006
0,8.915924,0.59138,-0.20115,0.694977,-0.187817,0.667835,0.00284,0.00143
0,9.132352,0.764771,0.193339,0.197554,0.237188,0.148036,0.005134,0.001596
0,8.940255,1.038471,-0.215036,0.250231,-0.201669,0.270584,0.003265,0.005379
0,8.877479,1.439174,-0.056499,0.411522,-0.044901,0.403086,0.002169,0.001615
0,8.983702,1.266705,0.092315,-0.188897,0.076261,-0.186061,0.004023,0.001395
0,9.099757,1.28055,0.134028,0.039672,0.154419,0.003331,0.005703,0.001154
0,9.056399,0.837995,-0.043721,-0.450966,-0.017353,-0.497172,0.005292,0.002874
0,8.69498,0.751071,-0.390326,-0.108885,-0.386818,-0.143547,0.001016,0.001357
0,7.737279,0.447986,-0.957997,-0.283519,-0.988295,-0.268226,0.005772,0.003933
0,8.385018,0.5245,0.648375,0.101348,0.621027,0.134884,0.005326,0.003931
0,7.076415,0.28415,-1.328679,-0.24687,-1.363868,-0.270486,0.005762,0.003931
0,6.656749,0.110607,-0.394089,-0.177002,-0.403076,-0.203555,0.001335,0.003931
0,3.98386,-0.132018,-2.64918,-0.218549,-2.639664,-0.192255,0.000979,0.003931
0,2.581149,-0.089862,-1.387426,0.058701,-1.378823,0.03297,0.001957,0.003931
0,1.71882,-0.220689,-0.872681,-0.125366,-0.897497,-0.154655,0.005256,0.003931
0,1.089671,-0.124357,-0.653282,0.077726,-0.63721,0.07118,0.004485,0.003931
0,-0.086618,-0.111132,-1.146387,-0.001294,-1.110191,-0.017276,0.001512,0.003931
0,-0.598702,-0.182056,-0.539133,-0.087111,-0.515313,-0.095244,0.001302,0.003931
0,-0.658994,-0.210787,-0.036398,-0.006816,-0.021043,0.018596,0.00025,0.003931
0,-0.679078,-0.030245,-0.016364,0.194362,-0.043587,0.167337,0.0001,0.003931
0,-0.65499,-0.07092,0.030014,-0.027398,-0.000903,-0.069774,0.00032,0.003931
0,-0.832646,0.019575,-0.158401,0.092907,-0.128193,0.05814,0.002781,0.003931
0,-0.633525,-0.12726,0.223705,-0.157451,0.261154,-0.11755,0.000695,0.003931
0,-0.67148,-0.217222,-0.027637,-0.110691,-0.043396,-0.071672,3.2e-05,0.003931
0,-0.656396,-0.147147,-0.001797,0.068,-0.037526,0.10541,0.000295,0.003931
0,-0.402204,0.075323,0.236079,0.248076,0.258161,0.22495,0.004732,0.003931
0,-0.61546,0.0272,-0.23034,-0.064266,-0.258604,-0.063887,0.00101,0.003931
0,-0.415309,-0.163535,0.185223,-0.215695,0.230143,-0.19158,0.004503,0.003931
0,-0.530549,-0.126144,-0.139593,0.02482,-0.126849,0.011293,0.002492,0.003931
0,-0.358077,0.035612,0.181513,0.183034,0.229503,0.170337,0.005502,0.003931
0,-0.381314,-0.022564,0.002081,-0.081895,0.036901,-0.060192,0.005097,0.003931
0,-0.446634,-0.08365,-0.050087,-0.083162,-0.088497,-0.103878,0.003956,0.003931
0,-0.214485,-0.156794,0.226023,-0.066857,0.226591,-0.106972,0.003743,0.003931
0,-0.379916,-0.064785,-0.145249,0.100465,-0.131514,0.103409,0.005121,0.003931
0,-0.28126,0.107762,0.096676,0.188613,0.090053,0.178393,0.004909,0.003931
0,-0.311711,0.023971,-0.01361,-0.080965,0.016612,-0.118542,0.00544,0.003931
0,-0.1796,0.157845,0.105829,0.110162,0.080828,0.08093,0.003135,0.003931
0,-0.186967,0.126468,0.021977,-0.055889,0.007196,-0.033011,0.003263,0.003931
0,-0.361737,0.121375,-0.18593,-0.024946,-0.180686,-0.016991,0.005438,0.003931
0,-0.152722,0.087943,0.180092,-0.038099,0.22839,-0.030017,0.002666,0.003931
0,-0.134584,-0.033807,0.012138,-0.106861,0.039314,-0.060779,0.002349,0.003931
0,-0.119019,-0.115621,0.024917,-0.098873,0.070497,-0.068648,0.002077,0.003931
0,-0.257597,0.026866,-0.138819,0.117426,-0.144878,0.157283,0.004496,0.003931
0,0.004352,0.022078,0.267794,-0.006038,0.279483,-0.013916,7.6e-05,0.003931
0,-0.253284,-0.145881,-0.287224,-0.149282,-0.271171,-0.173277,0.004421,0.003931
0,-0.139628,0.014646,0.089711,0.14612,0.046565,0.127628,0.002437,0.003931
0,-0.119367,-0.028292,-0.007448,-0.070612,0.008713,-0.094575,0.002083,0.003931
0,-0.268237,-0.111383,-0.160903,-0.063263,-0.140635,-0.017862,0.004682,0.003931
0,-0.161643,-0.078087,0.077798,0.034333,0.096028,0.059543,0.002821,0.003931
0,-0.121685,0.070279,0.033929,0.152381,0.078998,0.133867,0.002124,0.003931
0,-0.197661,0.083439,-0.093651,-0.003515,-0.079756,-0.020695,0.00345,0.003931
0,-0.169568,-0.121573,0.009078,-0.234181,-0.039337,-0.281311,0.00296,0.003931
0,-0.020104,-0.155414,0.14316,-0.017158,0.126913,-0.062924,0.000351,0.003931
0,-0.182214,-0.093993,-0.137448,0.05273,-0.126509,0.077816,0.00318,0.003931
0,-0.001159,0.146171,0.154584,0.254591,0.114059,0.287573,2e-05,0.003931
0,-0.220344,0.17371,-0.193461,0.029454,-0.188436,-0.00157,0.003846,0.003931
0,-0.172614,0.015406,0.044504,-0.138524,0.074781,-0.113797,0.003013,0.003931
0,-0.052986,0.132263,0.093568,0.132202,0.116482,0.091463,0.000925,0.003931
0,-0.183744,0.079972,-0.102388,-0.034695,-0.119507,-0.011262,0.003207,0.003931
0,-0.171677,0.114804,0.000688,0.006205,-0.019715,0.029525,0.002996,0.003931
0,-0.17016,0.093027,0.014729,-0.012219,-0.004039,0.010992,0.00297,0.003931
0,-0.080027,0.014472,0.115787,-0.065744,0.138908,-0.031963,0.001397,0.003931
0,-0.037044,-0.017149,0.024253,-0.003377,-0.006888,-0.004784,0.000647,0.003931
0,-0.06033,0.107314,-0.031103,0.102875,-0.032838,0.126477,0.001053,0.003931
0,-0.096732,0.071577,-0.0617,-0.009503,-0.01648,-0.021876,0.001688,0.003931
0,-0.057724,0.187287,0.039128,0.11746,0.082203,0.098845,0.001007,0.003931
0,0.093984,-0.02802,0.171669,-0.187849,0.144631,-0.203294,0.00164,0.003931
0,0.102908,-0.090618,0.02601,-0.083582,0.059948,-0.047603,0.001796,0.003931
0,-0.187595,0.073856,-0.298791,0.163084,-0.300653,0.193074,0.003274,0.003931
0,-0.230906,0.039327,-0.026028,-0.033131,-0.043297,0.007217,0.00403,0.003931
0,-0.145876,0.090077,0.074428,0.049261,0.090277,0.044,0.002546,0.003931
0,-0.216804,-0.049209,-0.053703,-0.128759,-0.058287,-0.17664,0.003784,0.003931
0,-0.212582,-0.086599,0.018675,-0.040673,0.001747,-0.00619,0.00371,0.003931
0,-0.188377,0.141008,0.037833,0.212858,0.041956,0.203774,0.003288,0.003931
0,-0.318237,0.012912,-0.133703,-0.1523,-0.107373,-0.104927,0.005554,0.003931
0,-0.277901,-0.104857,0.052018,-0.126796,0.025416,-0.127392,0.00485,0.003931
0,-0.305598,0.002002,-0.031576,0.112078,-0.062752,0.130526,0.005334,0.003931
0,-0.013662,-0.006235,0.295046,0.001745,0.314257,0.048359,0.000238,0.003931
0,-0.156665,0.09825,-0.115825,0.076492,-0.078444,0.073694,0.002734,0.003931
0,-0.199749,0.003185,-0.062453,-0.102997,-0.056977,-0.057023,0.003486,0.003931
0,-0.137994,0.056154,0.089941,0.045044,0.0812,0.047665,0.002408,0.003931
0,-0.175659,-0.05411,-0.050687,-0.086765,-0.043452,-0.087206,0.003066,0.003931
0,-0.027134,0.160899,0.167768,0.197454,0.130028,0.221477,0.000474,0.003931
0,-0.239541,0.004748,-0.221636,-0.182489,-0.257131,-0.197838,0.004181,0.003931
0,-0.014819,0.034156,0.245918,0.04399,0.280961,0.067865,0.000259,0.003931
0,-0.028987,0.060411,-0.015011,0.033731,0.029347,0.005848,0.000506,0.003931
0,-0.221906,0.042736,-0.186635,0.007161,-0.191067,-0.014483,0.003873,0.003931
0,-0.190882,0.070644,0.036808,0.008718,0.072893,0.03916,0.003332,0.003931
0,-0.263793,0.122508,-0.090593,0.054453,-0.093696,0.032914,0.004604,0.003931
0,-0.261404,0.025817,0.009452,-0.095589,0.008687,-0.054252,0.004562,0.003931
0,-0.264093,0.104065,0.012094,0.103813,-0.025455,0.128839,0.004609,0.003931
0,-0.190071,0.123508,0.064483,0.00084,0.034076,0.025021,0.003317,0.003931
0,-0.184701,-0.129875,0.003918,-0.270269,0.00441,-0.270422,0.003224,0.003931
0,-0.044942,0.07397,0.130511,0.182872,0.111296,0.188118,0.000784,0.003931
0,-0.135945,0.172161,-0.090233,0.124286,-0.048896,0.078002,0.002373,0.003931
0,-0.180647,0.039044,-0.071711,-0.11822,-0.064859,-0.109573,0.003153,0.003931
0,-0.163772,0.069584,-0.009347,0.021549,-0.017378,-0.020809,0.002858,0.003931
0,-0.244893,0.208531,-0.057576,0.125568,-0.078266,0.151328,0.004274,0.003931
0,-0.257186,0.133954,-0.03929,-0.084217,-0.018156,-0.064021,0.004489,0.003931
0,-0.157092,0.04337,0.098602,-0.087293,0.116456,-0.055714,0.002742,0.003931
0,-0.201606,-0.004776,-0.044013,-0.048005,-0.042717,-0.035993,0.003519,0.003931
0,-0.24318,-0.056968,-0.069817,-0.041588,-0.020271,-0.06114,0.004244,0.003931
0,0.006457,-0.016351,0.263139,0.010755,0.254763,-0.027741,0.000113,0.003931
0,-0.033685,-0.075076,-0.010675,-0.047022,-0.035434,-0.057928,0.000588,0.003931
0,-0.095997,-0.060154,-0.089399,0.016795,-0.085433,0.017706,0.001675,0.003931
0,-0.199458,0.184023,-0.094174,0.255334,-0.11513,0.209079,0.003481,0.003931
0,-0.149085,-0.003595,0.050901,-0.189373,0.038996,-0.162234,0.002602,0.003931
0,-0.163101,0.086849,0.006977,0.07623,0.039812,0.093899,0.002847,0.003931
0,-0.173216,0.150791,-0.000549,0.062377,0.048164,0.050026,0.003023,0.003931
0,-0.226886,0.167211,-0.039453,-0.003608,-0.032931,-0.013448,0.00396,0.003931
0,-0.008878,0.221685,0.228983,0.077586,0.274746,0.116618,0.000155,0.003931
0,0.057546,-0.006564,0.079929,-0.251794,0.040725,-0.257944,0.001004,0.003931
0,0.136693,0.141052,0.06813,0.120672,0.033908,0.154924,0.002386,0.003931
0,-0.058305,0.177455,-0.184271,0.064277,-0.226632,0.095069,0.001018,0.003931
0,-0.046181,0.091597,0.018119,-0.077988,-0.006168,-0.033212,0.000806,0.003931
0,-0.124653,-0.006982,-0.059285,-0.088892,-0.040912,-0.137048,0.002176,0.003931
0,-0.13005,0.048634,0.019818,0.082634,0.047882,0.104728,0.00227,0.003931
0,-0.021445,-0.115959,0.116216,-0.136689,0.127858,-0.169961,0.000374,0.003931
0,-0.042606,-0.139123,-0.0204,-0.00746,0.012787,-0.033157,0.000744,0.003931
0,-0.100675,-0.083551,-0.066845,0.06974,-0.052227,0.061427,0.001757,0.003931
0,0.064685,0.027919,0.162974,0.105528,0.167549,0.082653,0.001129,0.003931
0,-0.098254,0.078948,-0.144951,0.056781,-0.1135,0.030498,0.001715,0.003931
0,-0.106833,-0.025272,-0.003802,-0.085799,-0.012356,-0.068546,0.001865,0.003931
0,0.082145,0.202257,0.179761,0.204589,0.227624,0.201108,0.001434,0.003931
0,0.055011,0.183708,-0.013796,-0.023367,-0.003257,0.015207,0.00096,0.003931
0,-0.074959,0.133558,-0.159282,-0.051893,-0.116043,-0.083953,0.001308,0.003931
0,0.075679,0.144691,0.146034,0.020221,0.139683,0.059958,0.001321,0.003931
0,-1.352136,-0.142366,-1.441264,-0.273067,-1.48515,-0.262058,9.6e-05,0.003931
0,-2.36057,-0.225202,-0.996631,-0.058232,-1.007932,-0.028028,0.005807,0.003931
0,-2.31241,-0.380619,0.032037,-0.134275,0.022493,-0.115296,0.005104,0.005109
0,-2.516263,-0.059031,-0.22544,0.313492,-0.261533,0.285511,0.00309,0.00103
0,-2.119345,-0.21756,0.390599,-0.148571,0.431248,-0.160032,0.001734,0.003797
0,-1.635509,-0.026212,0.491636,0.168839,0.442577,0.218316,0.005042,0.000457
0,-1.191559,-0.177536,0.419544,-0.178828,0.418428,-0.150365,0.002707,0.003099
0,-0.878943,-0.12845,0.33258,0.027655,0.377685,-0.020635,0.003589,0.002242
0,-0.739445,-0.239249,0.165886,-0.135193,0.192425,-0.142497,0.001154,0.004176
0,-0.406292,-0.058799,0.341825,0.19446,0.332599,0.167861,0.004661,0.001026
0,-0.090033,-0.142169,0.297394,-0.110747,0.317469,-0.126029,0.001571,0.002481
0,-0.169185,-0.018037,-0.076018,0.126572,-0.069784,0.105367,0.002953,0.000315
0,0.031929,-0.103615,0.198092,-0.09207,0.237129,-0.066823,0.000557,0.001808
0,0.020716,-0.11885,0.007015,0.0123,-0.039302,0.035914,0.000362,0.002074
0,0.223071,-0.287452,0.178388,-0.195816,0.217168,-0.167815,0.003893,0.005017
0,0.194505,-0.066665,-0.029443,0.205043,-0.03187,0.189317,0.003395,0.001164
0,0.174791,-0.0669,-0.005091,0.011704,0.000637,-0.009723,0.003051,0.001168
0,0.114235,-0.254858,-0.078686,-0.201746,-0.093026,-0.196386,0.001994,0.004448
0,0.013064,-0.108464,-0.128402,0.143119,-0.148436,0.131438,0.000228,0.001893
0,0.338273,-0.186615,0.322968,-0.053656,0.295944,-0.093075,0.005848,0.003257
0,0.245601,-0.225076,-0.105088,-0.043508,-0.114704,-0.00869,0.004287,0.003928
0,0.122292,-0.139627,-0.121796,0.111561,-0.162178,0.12035,0.002134,0.002437
0,0.050558,-0.103956,-0.04687,0.027416,-0.024928,-2.8e-05,0.000882,0.001814
0,0.019332,-0.185879,-0.054154,-0.095278,-0.074586,-0.063798,0.000337,0.003244
0,-0.021658,-0.180718,-0.02525,-0.003364,0.022599,-0.042647,0.000378,0.003154
0,0.138808,-0.194556,0.158685,-0.027033,0.180485,-0.001381,0.002423,0.003396
0,0.135576,0.018498,0.026255,0.188953,0.00128,0.152763,0.002366,0.000323
0,0.178237,-0.136303,0.041118,-0.155563,0.043456,-0.132271,0.003111,0.002379
0,0.111322,-0.041706,-0.064743,0.088353,-0.080797,0.110303,0.001943,0.000728
0,0.141695,-0.030755,0.007971,-0.000743,-0.031718,0.04285,0.002473,0.000537
0,0.139564,-0.2086,-0.021763,-0.171526,-0.002523,-0.147058,0.002436,0.003641
0,0.130461,-0.085982,0.002267,0.142471,-0.03711,0.11023,0.002277,0.001501
0,0.142692,-0.024748,0.031415,0.047056,0.078955,0.003562,0.00249,0.000432
0,0.070408,-0.29812,-0.062059,-0.244161,-0.080225,-0.225472,0.001229,0.005203
0,0.060311,-0.262468,-0.028141,0.030928,-0.059082,0.024526,0.001053,0.004581
0,0.153307,-0.029334,0.102207,0.207332,0.060202,0.242828,0.002676,0.000512
0,-0.01448,-0.186447,-0.197738,-0.156224,-0.208086,-0.167981,0.000253,0.003254
0,0.190716,-0.14449,0.200377,0.015276,0.236412,0.00286,0.003329,0.002522
0,-0.04947,-0.144276,-0.215368,0.023899,-0.175216,-0.0163,0.000863,0.002518
0,-0.048134,-0.224821,0.006338,-0.105197,-0.009939,-0.086839,0.00084,0.003924
0,-0.020615,-0.263254,0.051238,-0.022131,0.013031,-0.048073,0.00036,0.004595
0,-0.0384,-0.180691,-0.005932,0.105764,-0.055202,0.140022,0.00067,0.003154
0,0.173087,-0.179399,0.213188,0.01147,0.2297,-0.024352,0.003021,0.003131
0,0.016086,0.019847,-0.1395,0.172042,-0.119613,0.168109,0.000281,0.000346
0,-0.213303,-0.012128,-0.244233,-0.029938,-0.248429,-0.003201,0.003723,0.000212
0,-0.136645,-0.219723,0.082328,-0.209119,0.08425,-0.192221,0.002385,0.003835
0,-0.136763,-0.130056,-0.003344,0.100765,0.045913,0.050994,0.002387,0.00227
0,-0.033879,-0.00927,0.127777,0.092535,0.112851,0.055863,0.000591,0.000162
0,-0.00167,-0.099559,0.00446,-0.094828,-0.028731,-0.09664,2.9e-05,0.001738
0,-0.19058,0.080098,-0.192449,0.168271,-0.223661,0.159473,0.003326,0.001398
0,0.034676,0.016689,0.19871,-0.064462,0.150223,-0.10727,0.000605,0.000291
0,-0.105227,0.080969,-0.123693,0.057045,-0.087174,0.098525,0.001837,0.001413
0,-0.138956,-0.012793,-0.053498,-0.111001,-0.025827,-0.065308,0.002425,0.000223
0,-0.090413,-0.052755,0.044245,-0.01275,0.04481,0.00117,0.001578,0.000921
0,0.08488,-0.035472,0.163761,5.7e-05,0.163324,0.009162,0.001481,0.000619
0,-0.113671,-0.049308,-0.177374,0.013573,-0.184964,0.016903,0.001984,0.000861
0,0.000933,-0.157916,0.088469,-0.110778,0.105809,-0.147061,1.6e-05,0.002756
0,-0.153636,-0.070083,-0.125574,0.090036,-0.163953,0.128006,0.002681,0.001223
0,-0.023357,0.072953,0.111561,0.133184,0.152661,0.126148,0.000408,0.001273
0,-0.1507,-0.04675,-0.101853,-0.106826,-0.138562,-0.059405,0.00263,0.000816
0,-0.00448,0.060826,0.152691,0.106739,0.191573,0.117267,7.8e-05,0.001062
0,0.027916,0.015411,0.019272,-0.059559,0.00213,-0.092952,0.000487,0.000269
0,-0.173996,0.003305,-0.190439,-0.006323,-0.210754,-0.035668,0.003037,5.8e-05
0,-0.169799,-0.101294,0.021434,-0.122622,0.02161,-0.137138,0.002964,0.001768
0,0.033308,-0.045407,0.217772,0.029281,0.178738,0.03375,0.000581,0.000792
0,-0.007363,-0.050961,-0.018831,-0.022611,-0.02744,-0.009167,0.000129,0.000889
0,-0.097658,-0.234407,-0.072098,-0.188724,-0.056848,-0.197121,0.001704,0.004091
0,-0.260875,-0.041912,-0.190495,0.210753,-0.167901,0.195577,0.004553,0.000731
0,-0.022328,0.024605,0.253792,0.057839,0.283468,0.049297,0.00039,0.000429
0,-0.076222,-0.054208,-0.078186,-0.071138,-0.121453,-0.044111,0.00133,0.000946
0,-0.032272,-0.149964,0.015471,-0.121054,-0.028339,-0.16228,0.000563,0.002617
0,-0.161139,-0.012677,-0.118606,0.122618,-0.126728,0.136026,0.002812,0.000221
0,-0.259963,-0.109637,-0.122058,-0.126072,-0.159172,-0.137645,0.004537,0.001914
0,-0.257554,0.016666,0.002853,0.134889,0.031195,0.140478,0.004495,0.000291
0,0.007431,-0.064104,0.251287,-0.085226,0.243236,-0.078271,0.00013,0.001119
0,0.046518,-0.20818,0.063587,-0.155167,0.085955,-0.168249,0.000812,0.003633
0,0.05739,-0.194978,0.021352,-0.014976,0.049883,0.011621,0.001002,0.003403
0,-0.051108,-0.12705,-0.138298,0.041011,-0.095116,0.062998,0.000892,0.002217
0,-0.094703,-0.052806,-0.040033,0.096053,-0.086701,0.052695,0.001653,0.000922
0,0.014832,-0.125151,0.103659,-0.059489,0.082361,-0.034918,0.000259,0.002184
0,0.053978,0.039121,0.027196,0.136577,0.030247,0.151814,0.000942,0.000683
0,0.011568,-0.190293,-0.040829,-0.209488,-0.031105,-0.246753,0.000202,0.003321
0,-0.122349,-0.068023,-0.111879,0.100855,-0.150839,0.126271,0.002135,0.001187
0,0.120657,-0.109401,0.238364,-0.023271,0.191077,-0.004065,0.002106,0.001909
0,-0.112812,0.013198,-0.262163,0.122788,-0.276858,0.105823,0.001969,0.00023
0,0.015538,0.076549,0.146712,0.036845,0.166027,0.039771,0.000271,0.001336
0,-0.113984,-0.055196,-0.157103,-0.113358,-0.193703,-0.093481,0.001989,0.000963
0,-0.176835,0.138491,-0.086965,0.215802,-0.052266,0.2095,0.003086,0.002417
0,-0.19064,-0.155425,0.011642,-0.288785,0.044625,-0.288299,0.003327,0.002713
0,-0.062598,-0.076928,0.140179,0.053761,0.097304,0.008709,0.001093,0.001343
0,-0.243525,-0.200214,-0.166425,-0.108399,-0.172706,-0.115729,0.00425,0.003494
0,-0.037653,0.013344,0.192596,0.235866,0.145813,0.202344,0.000657,0.000233
0,-0.204869,-0.153253,-0.166435,-0.140157,-0.16835,-0.134594,0.003576,0.002675
0,-0.032525,-0.079728,0.158493,0.044509,0.1413,0.088272,0.000568,0.001392
0,-0.06246,-0.138246,-0.023286,-0.057939,-0.018093,-0.103625,0.00109,0.002413
0,-0.080733,-0.150605,-0.006042,-0.022673,-0.015749,-0.050952,0.001409,0.002629
0,-0.13712,-0.066537,-0.059043,0.10944,-0.041923,0.146484,0.002393,0.001161
0,0.113464,-0.076784,0.271569,0.007802,0.298256,0.032418,0.00198,0.00134
0,-0.083779,-0.137165,-0.195233,-0.035786,-0.178112,-0.027993,0.001462,0.002394
0,0.078779,0.070325,0.132744,0.231294,0.119646,0.20958,0.001375,0.001227
0,0.040342,0.064686,-0.017119,-0.023188,0.010892,-0.058764,0.000704,0.001129
0,-0.034657,0.107174,-0.067749,0.056836,-0.057945,0.090042,0.000605,0.001871
0,0.161512,-0.146585,0.170775,-0.26782,0.193156,-0.219977,0.002819,0.002558
0,0.099411,0.047133,-0.080322,0.175906,-0.079118,0.139195,0.001735,0.000823
0,0.102206,-0.149483,0.002479,-0.21842,0.011956,-0.255434,0.001784,0.002609
0,0.081088,-0.143306,-0.042382,-0.001649,-0.026086,-0.032705,0.001415,0.002501
0,0.133596,0.037348,0.05184,0.203516,0.079582,0.183328,0.002332,0.000652
0,-0.100177,-0.094296,-0.220313,-0.154896,-0.217154,-0.114372,0.001748,0.001646
0,-0.027329,0.099136,0.059256,0.186093,0.081408,0.138505,0.000477,0.00173
0,-0.097768,-0.048445,-0.057658,-0.118143,-0.078698,-0.105122,0.001706,0.000846
0,-0.058585,0.050604,0.056695,0.104977,0.02559,0.058917,0.001023,0.000883
0,0.027539,-0.077913,0.104575,-0.149752,0.056657,-0.150054,0.000481,0.00136
0,-0.007373,0.139909,-0.02719,0.245236,-0.060441,0.271326,0.000129,0.002442
0,0.071849,0.138965,0.050173,-0.017009,0.076578,-0.021316,0.001254,0.002425
0,0.103735,-0.00514,0.034595,-0.120137,0.049006,-0.087053,0.001811,9e-05
0,-0.09193,0.126797,-0.198825,0.104706,-0.177335,0.101951,0.001604,0.002213
0,0.01382,0.105902,0.127072,-0.006112,0.109258,0.009714,0.000241,0.001848
0,0.072132,-0.095095,0.063062,-0.20116,0.01637,-0.24252,0.001259,0.00166
0,0.045478,-0.098207,-0.016856,-0.011128,-0.01824,-0.032153,0.000794,0.001714
0,0.060583,-0.088499,0.003691,0.012797,0.017283,0.032128,0.001057,0.001545
0,-0.229806,0.047901,-0.298126,0.164881,-0.332467,0.13245,0.004011,0.000836
0,-0.154151,-0.091859,0.064067,-0.169049,0.103723,-0.134087,0.00269,0.001603
0,-0.231021,0.074882,-0.050862,0.174984,-0.02193,0.138175,0.004032,0.001307
0,0.031424,0.087307,0.252852,0.000144,0.268266,-0.000425,0.000548,0.001524
0,-0.068441,-0.112058,-0.075014,-0.203024,-0.064076,-0.183817,0.001195,0.001956
0,0.080218,0.052527,0.16246,0.16165,0.157042,0.206676,0.0014,0.000917
0,-0.006155,0.032686,-0.115368,-0.041369,-0.142017,-0.080128,0.000107,0.00057
0,0.108909,0.047251,0.131658,0.031152,0.095116,0.054202,0.001901,0.000825
0,0.04107,-0.05102,-0.050809,-0.112794,-0.071377,-0.087422,0.000717,0.00089
0,-0.07461,-0.019795,-0.119449,0.015939,-0.161288,-0.031244,0.001302,0.000345
0,0.111644,-0.01169,0.178852,0.013252,0.224479,0.054661,0.001949,0.000204
0,0.045536,-0.167961,-0.058643,-0.137694,-0.052308,-0.106512,0.000795,0.002931
0,0.130556,-0.005577,0.110459,0.146666,0.127967,0.14881,0.002279,9.7e-05
0,0.015545,-0.131067,-0.099323,-0.105877,-0.129346,-0.152588,0.000271,0.002288
0,0.105703,-0.058678,0.107369,0.070757,0.114883,0.029435,0.001845,0.001024
0,-0.081226,0.075211,-0.202335,0.14155,-0.22653,0.182372,0.001418,0.001313
0,-0.099176,0.049213,-0.03684,-0.053804,-0.025443,-0.072524,0.001731,0.000859
0,-1.9e-05,-0.099072,0.088885,-0.12348,0.116724,-0.075228,0.0,0.001729
0,-0.101097,0.080103,-0.128111,0.150396,-0.150133,0.174318,0.001764,0.001398
0,-0.074104,-0.038897,0.009836,-0.117142,0.047079,-0.127766,0.001293,0.000679
0,-0.154111,-0.119092,-0.082416,-0.090914,-0.047306,-0.044049,0.00269,0.002079
0,0.137918,0.046207,0.302712,0.149158,0.310005,0.109986,0.002407,0.000806
0,0.038918,-0.064095,-0.076163,-0.123305,-0.03324,-0.096745,0.000679,0.001119
0,0.04333,-0.090225,0.030425,-0.019695,0.071157,0.005647,0.000756,0.001575
0,-0.01145,-0.087988,-0.072546,0.025772,-0.092823,-0.016716,0.0002,0.001536
0,-0.007517,0.102204,0.029979,0.200164,0.016891,0.204507,0.000131,0.001784
0,0.180774,-0.06245,0.204617,-0.139858,0.167242,-0.147361,0.003155,0.00109
0,0.149494,0.14691,-0.036898,0.204521,-0.031066,0.183099,0.002609,0.002564
0,0.072371,0.110837,-0.097393,-0.020418,-0.078299,-0.05824,0.001263,0.001934
0,-0.108303,-0.011892,-0.185588,-0.11716,-0.208841,-0.099676,0.00189,0.000208
0,-0.093224,0.163893,0.028159,0.183848,0.037398,0.182696,0.001627,0.00286
0,-0.043844,0.020327,0.044862,-0.139402,0.003666,-0.171125,0.000765,0.000355
0,0.055359,0.048313,0.114636,0.025128,0.111151,0.044395,0.000966,0.000843
0,0.012565,0.140251,-0.057242,0.089496,-0.048371,0.061352,0.000219,0.002448
0,0.014706,0.108611,0.030475,-0.036876,-0.011241,-0.0767,0.000257,0.001896
0,-0.044539,0.085829,-0.03254,-0.014561,-0.027581,0.008347,0.000777,0.001498
0,-0.101152,0.151364,-0.08239,0.055497,-0.096672,0.081149,0.001765,0.002642
0,0.118599,-0.018415,0.20574,-0.141799,0.198105,-0.180295,0.00207,0.000321
0,-0.003977,0.048957,-0.106717,0.059519,-0.116201,0.092352,6.9e-05,0.000854
0,-0.11522,0.131322,-0.127363,0.076594,-0.084389,0.1048,0.002011,0.002292
0,0.117189,-0.146323,0.2197,-0.253143,0.197686,-0.22798,0.002045,0.002554
0,0.067774,0.019689,-0.021782,0.136978,0.018529,0.094663,0.001183,0.000344
0,0.016276,-0.089975,-0.046212,-0.08522,-0.001631,-0.081638,0.000284,0.00157
0,-0.143711,-0.015166,-0.180948,0.098914,-0.169621,0.09403,0.002508,0.000265
0,-0.055531,-0.055044,0.063239,-0.061007,0.105111,-0.025105,0.000969,0.000961
0,-0.028129,0.071956,0.04052,0.109536,0.070386,0.067811,0.000491,0.001256
0,0.084866,-0.078746,0.092495,-0.1717,0.130052,-0.130605,0.001481,0.001374
0,0.052286,-0.052245,-0.031261,0.044408,0.006192,0.024647,0.000913,0.000912
0,0.081465,0.141461,0.013969,0.178826,0.017149,0.186098,0.001422,0.002469
0,0.006462,-0.050775,-0.097453,-0.211983,-0.063315,-0.251786,0.000113,0.000886
0,-0.187027,0.079493,-0.163599,0.114319,-0.197949,0.153663,0.003264,0.001387
0,-0.258644,-0.098029,-0.09023,-0.148854,-0.056294,-0.138565,0.004514,0.001711
0,-0.247058,0.028815,0.001561,0.128581,-0.030558,0.166705,0.004312,0.000503
0,-0.119753,0.135375,0.116287,0.095992,0.156822,0.101675,0.00209,0.002363
0,-0.132678,0.064059,-0.036433,-0.075312,-0.078882,-0.116964,0.002316,0.001118
0,-0.140128,-0.012087,0.004904,-0.099241,0.044287,-0.107929,0.002446,0.000211
0,-0.04639,0.042787,0.122983,0.068408,0.093664,0.088574,0.00081,0.000747
0,0.004267,0.116415,0.058494,0.075057,0.049578,0.091221,7.4e-05,0.002032
0,-0.056849,-0.022204,-0.067864,-0.136198,-0.021967,-0.089887,0.000992,0.000388
0,-0.138514,-0.118817,-0.094945,-0.125155,-0.050229,-0.080986,0.002418,0.002074
0,0.080967,0.119479,0.230034,0.213376,0.238895,0.206511,0.001413,0.002085
0,-0.137264,-0.079323,-0.219364,-0.227414,-0.214893,-0.218898,0.002396,0.001384
0,0.024401,0.135783,0.135727,0.197227,0.1277,0.210224,0.000426,0.00237
0,0.001721,-0.036313,-0.036441,-0.197108,-0.013691,-0.242238,3e-05,0.000634
0,-0.143043,-0.109869,-0.147836,-0.052139,-0.13896,-0.080102,0.002497,0.001918
0,-0.077882,-0.108078,0.088813,0.031769,0.064188,0.017476,0.001359,0.001886
0,-0.187774,0.05998,-0.122937,0.175329,-0.160309,0.152921,0.003277,0.001047
0,-0.078897,-0.076876,0.108987,-0.148436,0.075749,-0.105678,0.001377,0.001342
0,-0.221752,-0.035777,-0.123514,0.069313,-0.144181,0.095841,0.00387,0.000624
0,-0.196259,0.018662,0.040087,0.065193,0.02464,0.106291,0.003425,0.000326
0,0.019748,0.104173,0.228211,0.106239,0.195451,0.149809,0.000345,0.001818
0,-0.118488,0.062157,-0.15338,-0.013864,-0.177022,-0.00797,0.002068,0.001085
0,0.094274,0.039286,0.21492,-0.051281,0.220308,-0.081481,0.001645,0.000686
0,-0.147022,-0.128166,-0.243306,-0.168782,-0.293269,-0.207778,0.002566,0.002237
0,-0.191303,-0.017506,-0.049151,0.100807,-0.069323,0.079733,0.003339,0.000306
0,-0.168749,-0.143805,-0.005902,-0.154821,0.00305,-0.181869,0.002945,0.00251
0,0.064086,-0.040983,0.230004,0.123708,0.205905,0.129402,0.001119,0.000715
0,0.001582,-0.197939,-0.082892,-0.12807,-0.078301,-0.152814,2.8e-05,0.003455
0,-0.17815,-0.20996,-0.172983,-0.025912,-0.133244,-0.073228,0.003109,0.003664
0,0.09096,-0.155309,0.251046,0.062148,0.203361,0.084356,0.001588,0.002711
0,0.025073,-0.094817,-0.080041,0.078538,-0.113995,0.103337,0.000438,0.001655
0,-0.108639,-0.136042,-0.128978,-0.024127,-0.124996,0.001103,0.001896,0.002374
0,-0.038059,0.048041,0.073102,0.171897,0.039011,0.128539,0.000664,0.000838
0,0.108952,-0.002163,0.166935,-0.079955,0.194425,-0.096954,0.001902,3.8e-05
0,-0.102024,-0.21391,-0.218494,-0.210605,-0.247134,-0.207712,0.001781,0.003733
0,0.139868,-0.031926,0.228689,0.209698,0.188834,0.211712,0.002441,0.000557
0,0.095603,-0.069,-0.043591,-0.032834,0.003674,-0.063648,0.001669,0.001204
0,0.078431,-0.081152,-0.034396,-0.005269,-0.007735,0.002805,0.001369,0.001416
0,0.004323,-0.145049,-0.064063,-0.041204,-0.112187,-0.073765,7.5e-05,0.002532
0,-0.029738,-0.116962,-0.03091,0.043844,-0.073521,0.004708,0.000519,0.002041
0,-0.201198,0.085804,-0.142737,0.220464,-0.180699,0.254774,0.003512,0.001498
0,-0.254023,-0.054019,-0.057763,-0.110068,-0.011242,-0.156163,0.004434,0.000943
0,-0.216775,0.15148,0.042624,0.201826,0.03101,0.186237,0.003783,0.002644
0,-0.040526,0.061521,0.16477,-0.119403,0.166823,-0.096113,0.000707,0.001074
0,-0.216398,0.014249,-0.185071,-0.070558,-0.144601,-0.024512,0.003777,0.000249
0,-0.152011,0.143438,0.073852,0.128253,0.089561,0.136852,0.002653,0.002503
0,-0.033885,0.08225,0.104678,-0.068998,0.11442,-0.022042,0.000591,0.001436
0,-0.167699,-0.015054,-0.126916,-0.079175,-0.147798,-0.115188,0.002927,0.000263
0,0.015755,0.016688,0.168186,0.059196,0.20536,0.021504,0.000275,0.000291
0,-0.16215,0.098099,-0.191218,0.091054,-0.185636,0.120317,0.00283,0.001712
0,-0.029352,0.043691,0.132571,-0.052822,0.149892,-0.022616,0.000512,0.000763
0,0.103846,-0.078602,0.106309,-0.124259,0.099014,-0.085516,0.001812,0.001372
0,-0.005597,0.075858,-0.114757,0.13394,-0.072776,0.150523,9.8e-05,0.001324
0,0.123998,0.082563,0.112753,0.031238,0.06526,0.037233,0.002164,0.001441
0,0.040948,-0.074633,-0.093449,-0.140897,-0.118515,-0.189779,0.000715,0.001303
0,0.198726,-0.014957,0.169717,0.075934,0.184637,0.100245,0.003468,0.000261
0,0.178049,0.036513,0.005079,0.045155,-0.031609,0.026601,0.003108,0.000637
0,0.022051,-0.049442,-0.154722,-0.0756,-0.12866,-0.053592,0.000385,0.000863
0,0.069891,-0.066727,0.023311,0.002898,-0.006767,-0.03533,0.00122,0.001165
0,0.161731,0.017649,0.096578,0.084624,0.107448,0.035688,0.002823,0.000308
0,0.14784,-0.148964,-0.037871,-0.194376,-0.083107,-0.193458,0.00258,0.0026
0,-0.037267,0.010924,-0.208963,0.132821,-0.248126,0.118221,0.00065,0.000191
0,0.012859,0.099175,0.079101,0.08441,0.033406,0.110461,0.000224,0.001731
0,-0.027711,-0.118074,-0.046762,-0.202317,-0.004876,-0.215313,0.000484,0.002061
0,0.031746,-0.043631,0.043488,0.092355,0.042052,0.128814,0.000554,0.000762
0,-0.255105,0.069714,-0.282942,0.084082,-0.284077,0.093386,0.004452,0.001217
0,-0.050434,-0.019305,0.220923,-0.086471,0.268582,-0.037557,0.00088,0.000337
0,-0.132964,-0.112089,-0.099496,-0.064426,-0.111814,-0.109233,0.002321,0.001956
0,-0.164444,-0.155081,-0.028819,-0.064848,-0.055061,-0.06051,0.00287,0.002707
0,-0.020397,-0.110758,0.126297,0.052889,0.14578,0.08213,0.000356,0.001933
0,-0.02104,0.097575,0.012956,0.186564,-0.030066,0.171315,0.000367,0.001703
0,0.077063,-0.014266,0.077047,-0.112881,0.028822,-0.103831,0.001345,0.000249
0,0.063589,0.108484,-0.002258,0.105172,0.03863,0.087952,0.00111,0.001893
0,0.03603,0.121204,-0.032174,0.007447,-0.043425,0.052164,0.000629,0.002115
0,0.134291,0.062831,0.112165,-0.075867,0.139048,-0.061946,0.002344,0.001097
0,0.257048,-0.047459,0.121966,-0.088916,0.099451,-0.093606,0.004486,0.000828
0,-0.04456,-0.047628,-0.322603,-0.005437,-0.338631,-0.018712,0.000778,0.000831
0,0.088811,0.098234,0.15395,0.148738,0.117379,0.120038,0.00155,0.001715
0,0.03221,0.000197,-0.048099,-0.114821,-0.022137,-0.121838,0.000562,3e-06
0,-0.032355,-0.109966,-0.05267,-0.093549,-0.014279,-0.110685,0.000565,0.001919
0,-3.107304,-0.465614,-3.083113,-0.357439,-3.034507,-0.346135,0.004526,0.003625
0,-4.624088,-1.124009,-1.521141,-0.648608,-1.537458,-0.657409,0.001556,0.003886
0,-4.314805,-2.023695,0.338571,-0.896607,0.370533,-0.892756,0.004797,6.5e-05
0,-4.477462,-2.13124,-0.181711,-0.129606,-0.142965,-0.138131,0.004115,0.001942
0,-4.163578,-2.22376,0.305569,-0.115814,0.355351,-0.105464,0.002158,0.003557
0,-2.886013,-1.702682,1.274427,0.503719,1.268298,0.523948,0.003364,0.005538
0,-1.937826,-1.349243,0.961049,0.347297,0.916164,0.31908,0.001434,4.5e-05
0,-1.50461,-0.913658,0.441367,0.450282,0.479173,0.41247,0.002757,0.004195
0,-0.914698,-0.69226,0.592994,0.249671,0.58552,0.291629,0.004213,0.000331
0,-0.508394,-0.449345,0.390176,0.239983,0.35174,0.279045,0.002879,0.003909
0,-0.041754,-0.433234,0.47008,0.034964,0.475853,0.032899,0.000729,0.00419
0,0.225737,-0.264695,0.269138,0.174224,0.274275,0.195004,0.00394,0.00462
0,0.214628,0.045305,-0.038967,0.304162,0.001732,0.340954,0.003746,0.000791
0,0.436678,0.133667,0.244844,0.070336,0.23478,0.104788,0.00413,0.002333
0,0.328918,-0.088895,-0.126735,-0.202984,-0.106864,-0.160175,0.005741,0.001552
0,0.32932,-0.013185,0.012111,0.070479,0.054167,0.095157,0.005748,0.00023
0,0.085696,-0.072729,-0.220276,-0.034446,-0.227212,-0.080692,0.001496,0.001269
0,0.282255,-0.083752,0.196692,-0.015478,0.235405,-0.051934,0.004926,0.001462
0,0.296483,0.08401,0.031045,0.16906,0.041475,0.152225,0.005175,0.001466
0,0.227455,0.11461,-0.042333,0.044236,-0.032643,0.007581,0.00397,0.002
0,0.166446,0.02614,-0.061956,-0.102577,-0.068098,-0.098468,0.002905,0.000456
0,0.143326,-0.032299,-0.013769,-0.056481,-0.025386,-0.072916,0.002502,0.000564
0,0.126496,-0.081387,0.001073,-0.019644,-0.037394,-0.060571,0.002208,0.00142
0,0.17395,0.08537,0.037426,0.175183,0.010291,0.218848,0.003036,0.00149
0,0.283948,0.069064,0.110771,0.006029,0.115394,0.035185,0.004956,0.001205
0,0.248598,0.038489,-0.024727,-0.049995,-0.038198,-0.030523,0.004339,0.000672
0,0.026218,0.054887,-0.200538,0.000196,-0.223097,0.000393,0.000458,0.000958
0,-0.027459,0.189837,-0.057441,0.163758,-0.052173,0.178387,0.000479,0.003313
0,0.064297,0.064444,0.082609,-0.098863,0.11963,-0.073145,0.001122,0.001125
0,0.287483,0.022295,0.213084,-0.031386,0.263003,0.009973,0.005018,0.000389
0,0.097198,-0.1408,-0.20536,-0.156099,-0.231404,-0.13448,0.001696,0.002457
0,-0.009308,-0.0981,-0.094035,0.063608,-0.046733,0.062719,0.000162,0.001712
0,0.230253,-0.089566,0.209779,0.032891,0.241829,0.014393,0.004019,0.001563
0,0.037854,0.076704,-0.217466,0.155511,-0.25697,0.111512,0.000661,0.001339
0,0.066482,0.100865,0.037882,0.034648,0.030064,0.052634,0.00116,0.00176
0,-0.039047,-0.107789,-0.096406,-0.225885,-0.058199,-0.221999,0.000682,0.001881
0,0.012899,0.088562,0.024476,0.183728,-0.022419,0.201292,0.000225,0.001546
0,0.044029,-0.020847,0.014837,-0.137766,0.063905,-0.090882,0.000768,0.000364
0,0.153085,-0.084737,0.084686,-0.044543,0.112066,-0.001079,0.002672,0.001479
0,0.303808,0.04398,0.134075,0.108355,0.170074,0.063469,0.005302,0.000768
0,0.1005,0.059552,-0.202055,5.6e-05,-0.219039,0.002942,0.001754,0.001039
0,0.2546,0.030392,0.170311,-0.056392,0.142628,-0.066251,0.004444,0.00053
0,0.125709,-0.136245,-0.147594,-0.140534,-0.125944,-0.091144,0.002194,0.002378
0,0.05264,-0.079069,-0.075569,0.040861,-0.028285,0.081017,0.000919,0.00138
0,0.171774,-0.093128,0.131873,0.014472,0.101506,0.046634,0.002998,0.001625
0,0.236073,-0.078908,0.07452,-0.01468,0.03999,-0.022387,0.00412,0.001377
0,0.120789,-0.05511,-0.132972,-0.003664,-0.093355,0.033704,0.002108,0.000962
0,-0.055767,-0.063305,-0.173711,-0.006059,-0.218722,0.033651,0.000973,0.001105
0,0.203022,-0.054574,0.246421,-0.0131,0.228219,-0.045657,0.003543,0.000953
0,-0.037659,-0.0532,-0.256394,0.002976,-0.266465,0.025405,0.000657,0.000929
0,0.064709,0.021764,0.105336,0.064077,0.147358,0.09886,0.001129,0.00038
0,0.2008,-0.020868,0.137325,-0.023113,0.178735,-0.0404,0.003505,0.000364
0,-0.004997,-0.036756,-0.191421,-0.011077,-0.219407,0.035086,8.7e-05,0.000642
0,-0.032195,-0.158609,-0.038801,-0.111847,-0.037758,-0.099877,0.000562,0.002768
0,0.055922,0.001901,0.072683,0.183694,0.117714,0.139006,0.000976,3.3e-05
0,0.05984,0.131774,0.009359,0.127879,0.051299,0.12665,0.001044,0.0023
0,0.056118,0.131148,-0.006934,-0.001953,0.03938,-0.024925,0.000979,0.002289
0,0.040392,-0.02427,0.000116,-0.143269,-0.011314,-0.139499,0.000705,0.000424
0,-0.00475,0.05182,-0.023688,0.060975,-0.041373,0.110621,8.3e-05,0.000904
0,-0.002721,-0.147667,-0.009178,-0.182748,-0.009035,-0.170154,4.7e-05,0.002577
0,0.071117,-0.062189,0.100091,0.06771,0.108604,0.083716,0.001241,0.001085
0,0.037778,0.094639,-0.024004,0.181563,-0.048866,0.21202,0.000659,0.001652
0,-0.073693,0.107985,-0.14111,-0.012446,-0.132159,0.006064,0.001286,0.001885
0,-0.090291,-0.140928,-0.040678,-0.256712,-0.068545,-0.291636,0.001576,0.00246
0,-0.05455,-0.069394,0.020814,0.077772,0.009213,0.054679,0.000952,0.001211
0,-0.094754,0.090117,-0.031345,0.155453,-0.033252,0.1728,0.001654,0.001573
0,-0.011907,0.102124,0.053337,0.020744,0.022925,0.019872,0.000208,0.001782
0,-0.037342,-0.178395,-0.015944,-0.285045,-0.029639,-0.316767,0.000652,0.003114
0,-0.175164,-0.137376,-0.128103,0.017258,-0.128943,0.058389,0.003057,0.002398
0,-0.135305,-0.16466,0.054287,-0.00737,0.038298,-0.025817,0.002362,0.002874
0,-0.102062,0.052741,0.035651,0.219424,0.060438,0.225833,0.001781,0.000921
0,-0.094518,0.020502,0.035754,-0.029381,0.029835,0.004658,0.00165,0.000358
0,-0.231449,0.108529,-0.162782,0.097643,-0.200266,0.102129,0.00404,0.001894
0,-0.172781,0.145115,0.02877,0.03707,0.077937,0.062732,0.003016,0.002533
0,0.095357,0.148668,0.253571,-0.019942,0.231512,-0.014543,0.001664,0.002595
0,-0.144355,0.084895,-0.264406,-0.08389,-0.249674,-0.126681,0.002519,0.001482
0,0.125444,0.038275,0.288367,-0.01916,0.290834,-0.022795,0.002189,0.000668
0,-0.007745,-0.090127,-0.10714,-0.15738,-0.077101,-0.160604,0.000135,0.001573
0,-0.021271,-0.107813,0.012799,-0.031105,0.046455,-0.034953,0.000371,0.001882
0,-0.089141,0.140958,-0.07522,0.261126,-0.108423,0.298083,0.001556,0.00246
0,0.049726,0.176848,0.126573,0.014259,0.10806,0.055933,0.000868,0.003087
0,0.002555,0.172205,-0.036452,-0.014457,-0.048584,0.018489,4.5e-05,0.003006
0,0.120244,-0.076459,0.126798,-0.247528,0.170435,-0.253137,0.002099,0.001334
0,0.02594,0.060619,-0.091706,0.123269,-0.048292,0.087048,0.000453,0.001058
0,-0.105722,0.042377,-0.141153,-0.024562,-0.101468,-0.05835,0.001845,0.00074
0,0.006535,-0.026471,0.128774,-0.054999,0.095926,-0.041405,0.000114,0.000462
0,0.076703,0.042943,0.082301,0.039813,0.036034,-0.006548,0.001339,0.000749
0,-0.146715,0.073726,-0.194199,0.008303,-0.180842,-0.0146,0.002561,0.001287
0,-0.000189,-0.037887,0.142491,-0.105448,0.189484,-0.122134,3e-06,0.000661
0,-0.157776,-0.009692,-0.154411,0.009341,-0.123237,-0.027706,0.002754,0.000169
0,0.017401,0.047257,0.175491,0.06249,0.181709,0.048465,0.000304,0.000825
0,-0.143133,0.103348,-0.144627,0.026425,-0.158243,-0.011679,0.002498,0.001804
0,-0.011087,-0.060841,0.104711,-0.156849,0.137033,-0.111057,0.000194,0.001062
0,-0.193894,-0.102345,-0.183233,-0.022017,-0.179741,0.004828,0.003384,0.001786
0,-0.186013,0.092155,0.03755,0.220083,0.004557,0.222939,0.003247,0.001608
0,-0.03234,0.071867,0.144926,-0.035211,0.145431,-0.066364,0.000564,0.001254
0,-0.242686,0.013711,-0.195511,-0.066251,-0.170252,-0.039277,0.004236,0.000239
0,-0.163884,0.007528,0.089983,-0.020345,0.088382,-0.0295,0.00286,0.000131
0,-0.142434,-0.03196,0.005794,-0.012624,0.019225,-0.004264,0.002486,0.000558
0,-0.062375,0.121331,0.060474,0.171022,0.054169,0.157194,0.001089,0.002118
0,0.051114,-0.066712,0.128384,-0.184723,0.084204,-0.13891,0.000892,0.001164
0,0.032724,0.03908,-0.047042,0.103886,-0.062926,0.110481,0.000571,0.000682
0,0.088636,0.06235,0.034796,0.011708,0.030007,0.051235,0.001547,0.001088
0,0.148216,-0.135786,0.039891,-0.192725,0.033372,-0.158771,0.002587,0.00237
0,0.081657,-0.109772,-0.037022,0.013678,-0.012665,-0.00924,0.001425,0.001916
0,0.050218,-0.093053,-0.035066,0.00119,-0.050413,-0.025251,0.000876,0.001624
0,-0.159533,0.0363,-0.202839,0.142785,-0.180693,0.094706,0.002784,0.000634
0,-0.101292,-0.117985,0.073736,-0.171083,0.062586,-0.134939,0.001768,0.002059
0,-0.06725,-0.003857,0.023748,0.110484,-0.009129,0.112376,0.001174,6.7e-05
0,0.073967,-0.001313,0.134669,-0.019996,0.126771,0.023859,0.001291,2.3e-05
0,-0.101788,-0.035728,-0.194425,-0.027985,-0.235353,-0.034783,0.001777,0.000624
0,-0.055994,-0.073703,0.015902,-0.023356,0.056658,-0.002173,0.000977,0.001286
0,0.031394,-0.14009,0.092586,-0.091677,0.100535,-0.074307,0.000548,0.002445
0,0.093176,-0.159,0.03418,0.001523,0.025622,0.041458,0.001626,0.002775
0,-0.083425,-0.059099,-0.150883,0.095281,-0.179139,0.096974,0.001456,0.001031
0,-0.004527,-0.002628,0.092865,0.028203,0.087299,0.006778,7.9e-05,4.6e-05
0,-0.117452,-0.162358,-0.123241,-0.140498,-0.170463,-0.172344,0.00205,0.002834
0,-0.045142,-0.176148,0.061574,0.010319,0.071693,0.042293,0.000788,0.003074
0,-0.116283,0.03687,-0.05571,0.201758,-0.074616,0.204465,0.00203,0.000644
0,-0.083279,0.08417,0.041462,0.068676,0.007027,0.116817,0.001453,0.001469
0,-0.059846,-0.094332,0.026412,-0.186875,0.061556,-0.176182,0.001045,0.001646
0,-0.128171,0.071167,-0.058412,0.143592,-0.101774,0.095046,0.002237,0.001242
0,-0.019027,-0.130503,0.083926,-0.198809,0.068393,-0.226512,0.000332,0.002278
0,-0.046493,-0.183076,-0.056267,-0.0652,-0.044416,-0.01719,0.000811,0.003195
0,-0.11127,-0.05934,-0.094702,0.135722,-0.102445,0.133793,0.001942,0.001036
0,0.040944,-0.06411,0.167086,0.015516,0.118718,0.044137,0.000715,0.001119
0,-0.209588,-0.04832,-0.245381,0.034709,-0.230213,0.003686,0.003658,0.000843
0,-0.113514,0.068298,0.10604,0.09542,0.108968,0.115782,0.001981,0.001192
0,-0.162984,-0.119439,-0.046267,-0.162856,-0.094918,-0.179964,0.002845,0.002085
0,0.053071,0.115706,0.220131,0.259541,0.253906,0.298673,0.000926,0.002019
0,-0.163423,-0.043914,-0.209712,-0.152137,-0.224652,-0.145883,0.002852,0.000766
0,-0.109506,0.061187,0.069876,0.084205,0.022789,0.089127,0.001911,0.001068
0,0.012884,-0.030121,0.103936,-0.081518,0.150139,-0.067749,0.000225,0.000526
0,0.1175,-0.053013,0.125142,-0.00807,0.136655,-0.035157,0.002051,0.000925
0,-0.022002,0.090365,-0.140926,0.142395,-0.132459,0.149866,0.000384,0.001577
0,0.102835,-0.096239,0.133276,-0.175007,0.167222,-0.18998,0.001795,0.00168
0,-0.094102,0.03178,-0.201622,0.153273,-0.186338,0.150415,0.001642,0.000555
0,0.056394,-0.088505,0.155052,-0.138184,0.181324,-0.149751,0.000984,0.001545
0,-0.074256,0.004507,-0.14063,0.101119,-0.124256,0.058163,0.001296,7.9e-05
0,0.037905,0.082597,0.100968,0.071851,0.109623,0.095081,0.000662,0.001442
0,0.016429,0.086093,-0.019364,0.003498,-0.023107,-0.02512,0.000287,0.001503
0,-0.103351,-0.145759,-0.096247,-0.239974,-0.051865,-0.214963,0.001804,0.002544
0,0.012051,-0.136467,0.120843,0.014992,0.086407,-0.003388,0.00021,0.002382
0,0.087566,0.067228,0.051719,0.221734,0.03913,0.209834,0.001528,0.001173
0,-0.022385,-0.148698,-0.106856,-0.203124,-0.065128,-0.23544,0.000391,0.002595
0,0.000242,-0.043772,0.01265,0.125183,0.047559,0.173643,4e-06,0.000764
0,-0.120543,0.090416,-0.107739,0.149194,-0.132078,0.146527,0.002104,0.001578
0,0.061697,0.083681,0.19844,-0.01954,0.175862,-0.055509,0.001077,0.001461
0,-0.090208,-0.055449,-0.162719,-0.163857,-0.139485,-0.16495,0.001574,0.000968
0,-0.063029,-0.100475,0.037145,-0.040787,0.051874,-0.028782,0.0011,0.001754
0,0.047138,-0.142823,0.13081,-0.023647,0.154249,-0.011095,0.000823,0.002493
0,-0.185372,-0.120616,-0.236064,0.046426,-0.206848,0.090332,0.003235,0.002105
0,0.055393,-0.067828,0.247092,0.035004,0.272742,0.032126,0.000967,0.001184
0,-0.040236,-0.044912,-0.121425,0.00601,-0.076793,0.039755,0.000702,0.000784
0,-0.08855,-0.122407,-0.043065,-0.072886,-0.045221,-0.038338,0.001545,0.002136
0,-0.175912,0.098191,-0.065608,0.199633,-0.044784,0.16621,0.00307,0.001714
0,-0.174383,-0.089612,-0.026573,-0.187556,-0.031478,-0.170975,0.003044,0.001564
0,-0.079309,0.145011,0.117968,0.205117,0.115204,0.159527,0.001384,0.002531
0,0.027488,0.14052,0.133524,-0.009131,0.163873,-0.015772,0.00048,0.002453
0,-0.096019,0.031266,-0.144545,-0.124325,-0.168618,-0.143452,0.001676,0.000546
0,-0.143589,0.125648,-0.062431,0.117572,-0.094446,0.113224,0.002506,0.002193
0,-0.170557,-0.03497,-0.011065,-0.145924,-0.030068,-0.195827,0.002977,0.00061
0,-0.017617,0.076688,0.178006,0.09971,0.227407,0.077628,0.000307,0.001338
0,-0.233648,-0.09279,-0.228874,-0.173502,-0.236763,-0.164146,0.004078,0.001619
0,-0.280151,0.035803,-0.022744,0.157652,-0.035625,0.163529,0.00489,0.000625
0,-0.110231,0.096002,0.199891,0.081599,0.199204,0.099868,0.001924,0.001676
0,-0.12758,0.186436,-0.002022,0.072142,-0.018357,0.052284,0.002227,0.003254
0,-0.095677,0.098874,0.006321,-0.096206,-0.038807,-0.090829,0.00167,0.001726
0,-0.177328,-0.057311,-0.101874,-0.146736,-0.074765,-0.15995,0.003095,0.001
0,-0.071724,0.157567,0.10411,0.209852,0.068997,0.239923,0.001252,0.00275
0,-0.134848,0.114507,-0.07383,-0.058153,-0.032022,-0.083579,0.002354,0.001999
0,-0.273109,0.066574,-0.118795,-0.024018,-0.145291,0.023943,0.004767,0.001162
0,0.003638,0.139853,0.304267,0.056746,0.354035,0.007161,6.3e-05,0.002441
0,-0.076545,-0.047909,-0.100173,-0.174098,-0.072928,-0.167733,0.001336,0.000836
0,-0.291714,0.136763,-0.232573,0.191981,-0.232414,0.193915,0.005091,0.002387
0,-0.29915,0.064845,-0.016836,-0.089964,-0.026062,-0.090083,0.005221,0.001132
0,-0.116804,-0.068298,0.178613,-0.142167,0.163954,-0.153779,0.002039,0.001192
0,0.072031,-0.089619,0.16477,-0.022559,0.173716,-0.028437,0.001257,0.001564
0,0.042765,-0.00077,-0.013625,0.078835,-0.023287,0.104334,0.000746,1.3e-05
0,-0.194463,0.181745,-0.23488,0.155624,-0.210136,0.205431,0.003394,0.003172
0,-0.146443,-0.054275,0.03483,-0.261423,0.029987,-0.308331,0.002556,0.000947
0,-0.133602,0.09472,0.029371,0.168344,0.035773,0.189641,0.002332,0.001653
0,-0.134546,0.051955,-0.006008,-0.014512,-0.007004,-0.011699,0.002348,0.000907
0,-0.112972,-0.036822,0.031121,-0.071506,0.052575,-0.090555,0.001972,0.000643
0,-0.142733,0.016557,-0.012818,0.068299,0.027619,0.100053,0.002491,0.000289
0,0.00399,0.035593,0.145947,0.022556,0.101462,0.037422,7e-05,0.000621
0,-0.214841,-0.048181,-0.238436,-0.078348,-0.273755,-0.091158,0.00375,0.000841
0,0.010871,0.015288,0.224648,0.065374,0.244179,0.088441,0.00019,0.000267
0,-0.114356,0.128927,-0.110392,0.088267,-0.124292,0.092288,0.001996,0.00225
0,0.023919,-0.005572,0.155141,-0.12619,0.162393,-0.104475,0.000417,9.7e-05
0,0.089024,-0.005522,0.040623,0.027734,0.023635,0.045,0.001554,9.6e-05
0,0.092149,0.009076,-0.002103,0.013609,0.000878,-0.019811,0.001608,0.000158
0,0.020825,0.134025,-0.082727,0.118721,-0.127531,0.126201,0.000363,0.002339
0,0.012087,0.161973,-0.010529,0.048569,0.036155,0.03159,0.000211,0.002827
0,-0.006058,-0.095068,-0.014336,-0.273871,-0.040392,-0.227103,0.000106,0.001659
0,-0.109057,0.104484,-0.09895,0.18894,-0.070631,0.141102,0.001903,0.001824
0,-0.031357,0.073819,0.050136,-0.059103,0.03639,-0.028853,0.000547,0.001288
0,0.088531,-0.12987,0.10843,-0.203097,0.095548,-0.153172,0.001545,0.002267
0,-0.011586,-0.045329,-0.091406,0.108441,-0.074901,0.070279,0.000202,0.000791
0,0.084884,-0.131275,0.096442,-0.06219,0.131569,-0.103438,0.001481,0.002291
0,-0.018571,0.107256,-0.099924,0.262599,-0.116479,0.258704,0.000324,0.001872
0,0.118715,-0.048408,0.130696,-0.145974,0.100934,-0.17956,0.002072,0.000845
0,0.032123,0.001529,-0.092249,0.054821,-0.099854,0.101354,0.000561,2.7e-05
0,-0.207448,0.111516,-0.249209,0.095229,-0.221001,0.049307,0.003621,0.001946
0,-0.097907,0.008457,0.123063,-0.116389,0.075548,-0.115486,0.001709,0.000148
0,0.079307,0.146022,0.193759,0.144508,0.147186,0.147775,0.001384,0.002549
0,0.0186,0.116723,-0.082209,-0.038104,-0.046319,0.01138,0.000325,0.002037
0,0.010137,0.064309,0.015823,-0.055008,0.03417,-0.041348,0.000177,0.001122
0,0.071692,0.164317,0.053343,0.095124,0.021541,0.128889,0.001251,0.002868
0,-0.122253,-0.025304,-0.192812,-0.166495,-0.22414,-0.170566,0.002134,0.000442
0,0.042401,0.047285,0.183565,0.056156,0.16946,0.028506,0.00074,0.000825
0,-0.050607,-0.033221,-0.086769,-0.090145,-0.069278,-0.050306,0.000883,0.00058
0,-0.000146,0.094449,0.021235,0.148995,0.000938,0.155567,3e-06,0.001648
0,-0.115927,-0.101037,-0.100369,-0.186622,-0.054797,-0.175191,0.002023,0.001763
0,-0.101574,0.078791,0.043633,0.193334,0.065716,0.225763,0.001773,0.001375
0,0.025234,0.024245,0.133094,-0.05548,0.142655,-0.039123,0.00044,0.000423
0,-0.10179,0.074926,-0.132991,0.075895,-0.091425,0.03116,0.001777,0.001308
0,-0.046678,0.092519,0.075423,0.019184,0.042,0.009432,0.000815,0.001615
0,-0.105794,0.171788,-0.038393,0.083931,-0.041292,0.110883,0.001846,0.002998
0,0.062467,0.137369,0.157514,-0.013488,0.12997,0.020766,0.00109,0.002398
0,-0.089134,-0.015352,-0.135617,-0.134721,-0.179845,-0.124473,0.001556,0.000268
0,-0.035388,0.199108,0.063911,0.224776,0.036931,0.233372,0.000618,0.003475
0,0.051271,-0.012694,0.089515,-0.240738,0.1053,-0.210215,0.000895,0.000222
0,-0.056859,0.22163,-0.078377,0.211732,-0.062999,0.224602,0.000992,0.003868
0,0.011418,0.182449,0.047449,-0.013413,0.027521,0.018838,0.000199,0.003184
0,-0.077864,0.229524,-0.104607,0.069259,-0.081441,0.068403,0.001359,0.004006
0,0.000102,0.040435,0.059909,-0.16391,0.067094,-0.183522,2e-06,0.000706
0,-0.112634,0.100794,-0.13925,0.074874,-0.142091,0.072304,0.001966,0.001759
0,-0.095482,-0.00383,0.024072,-0.105738,0.005016,-0.089998,0.001666,6.7e-05
0,-0.191652,0.050114,-0.086979,0.079386,-0.089866,0.056855,0.003345,0.000875
0,-0.020894,0.172054,0.147594,0.1078,0.106589,0.143736,0.000365,0.003003
0,-0.151677,-0.027068,-0.133465,-0.226806,-0.147435,-0.215984,0.002647,0.000472
0,0.084003,-0.062206,0.210686,-0.015517,0.235831,0.00507,0.001466,0.001086
0,0.180299,0.10335,0.097539,0.166787,0.065603,0.176495,0.003147,0.001804
0,0.064273,-0.059426,-0.142459,-0.178841,-0.111408,-0.194328,0.001122,0.001037
0,0.0338,0.074363,-0.026427,0.13342,-0.023669,0.16266,0.00059,0.001298
0,-0.044094,-0.071873,-0.10781,-0.144745,-0.073011,-0.193193,0.00077,0.001254
0,-0.018554,0.109121,0.019104,0.209903,0.021904,0.221445,0.000324,0.001905
0,0.016106,0.154053,0.043411,0.019619,0.048461,-0.022813,0.000281,0.002689
0,0.088942,0.136154,0.081975,-0.002388,0.104483,-0.029313,0.001552,0.002376
0,-0.062452,0.001827,-0.151172,-0.153274,-0.123421,-0.194043,0.00109,3.2e-05
0,0.055294,0.135297,0.143109,0.123563,0.169757,0.12728,0.000965,0.002361
0,0.026301,0.06818,-0.040574,-0.096465,-0.048871,-0.053403,0.000459,0.00119
0,0.079718,0.119687,0.046793,0.04753,0.000799,0.06915,0.001391,0.002089
0,0.19417,0.060629,0.12224,-0.040734,0.099995,-0.034639,0.003389,0.001058
0,0.116657,0.005832,-0.089586,-0.06225,-0.106127,-0.027221,0.002036,0.000102
0,-0.014506,0.031845,-0.144772,0.024552,-0.153262,-0.024927,0.000253,0.000556
0,0.122196,0.099795,0.157491,0.071752,0.158475,0.067637,0.002133,0.001742
0,0.206574,0.040368,0.109543,-0.079937,0.081996,-0.067195,0.003605,0.000705
0,0.003197,-0.034811,-0.218575,-0.060201,-0.203063,-0.042101,5.6e-05,0.000608
0,-0.069838,-0.03324,-0.07287,0.017341,-0.031264,-0.016753,0.001219,0.00058
0,-0.021231,0.043856,0.026935,0.082863,0.019268,0.07452,0.000371,0.000765
0,0.053738,0.122918,0.049506,0.064417,0.047856,0.09368,0.000938,0.002145
0,-0.072076,-0.056376,-0.109074,-0.190861,-0.101565,-0.165151,0.001258,0.000984
0,-0.185498,0.049317,-0.135013,0.090328,-0.139023,0.115561,0.003238,0.000861
0,-0.045725,0.051302,0.169177,-0.027309,0.215678,-0.042196,0.000798,0.000895
0,-0.006843,-0.050555,0.028071,-0.127946,0.033757,-0.144463,0.000119,0.000882
0,-0.22757,0.188386,-0.225341,0.21814,-0.228006,0.197093,0.003972,0.003288
0,-0.174992,0.032755,0.06618,-0.143367,0.022196,-0.178929,0.003054,0.000572
0,-0.042625,0.032833,0.150283,0.01006,0.146829,-0.016136,0.000744,0.000573
0,-0.069823,0.067756,-0.002001,0.061191,-0.01268,0.035545,0.001219,0.001183
0,-0.209784,0.142179,-0.130617,0.045216,-0.173286,0.002832,0.003661,0.002481
0,0.060691,0.158954,0.257175,0.030441,0.242885,-0.017272,0.001059,0.002774
0,-0.100438,0.091654,-0.19094,-0.079696,-0.185856,-0.06987,0.001753,0.0016
0,-0.065817,-0.001513,0.027029,-0.102473,0.040726,-0.068028,0.001149,2.6e-05
0,-0.172703,-0.024668,-0.127921,-0.042658,-0.080279,-0.090242,0.003014,0.000431
0,-0.137518,0.201495,0.029741,0.235422,0.026549,0.225325,0.0024,0.003517
0,-0.02627,0.121235,0.126724,-0.085175,0.094846,-0.112486,0.000459,0.002116
0,-0.112692,-0.013931,-0.058953,-0.158236,-0.054719,-0.194328,0.001967,0.000243
0,-0.324256,0.121522,-0.236895,0.129521,-0.215042,0.153402,0.005659,0.002121
0,-0.148702,-0.087227,0.191537,-0.232656,0.15621,-0.227141,0.002595,0.001522
0,-0.201909,0.037332,-0.064799,0.125301,-0.022018,0.100693,0.003524,0.000652
0,-0.316376,0.093657,-0.123589,0.035203,-0.127587,0.058084,0.005522,0.001635
0,-0.110413,-0.080717,0.199565,-0.150447,0.179498,-0.139315,0.001927,0.001409
0,-0.197768,0.015391,-0.093375,0.098264,-0.130507,0.074002,0.003452,0.000269
0,-0.217287,0.170378,-0.004633,0.166157,-0.00344,0.117159,0.003792,0.002974
0,-0.168072,0.013634,0.064078,-0.171298,0.077161,-0.175815,0.002933,0.000238
0,-0.318715,0.064612,-0.168944,0.039733,-0.178322,0.079462,0.005563,0.001128
0,-0.071484,0.010847,0.247676,-0.028147,0.296785,0.018842,0.001248,0.000189
0,-0.206341,0.090178,-0.138657,0.08189,-0.092064,0.110869,0.003601,0.001574
0,-0.035309,-0.029172,0.194194,-0.113215,0.165942,-0.141236,0.000616,0.000509
0,-0.001979,-0.05771,0.011567,-0.050945,-0.028704,-0.035203,3.5e-05,0.001007
0,0.033029,-0.018418,0.040015,0.027866,0.06112,0.04856,0.000576,0.000321
0,-0.091808,0.020853,-0.113215,0.058675,-0.087817,0.104798,0.001602,0.000364
0,-0.062758,0.161695,0.019342,0.130056,0.064422,0.124244,0.001095,0.002822
0,-0.162737,-0.116337,-0.07117,-0.248934,-0.064229,-0.217075,0.00284,0.00203
0,0.070212,-0.057459,0.250946,0.043822,0.242621,0.062757,0.001225,0.001003
0,-0.016925,-0.035503,-0.070434,0.029064,-0.085697,-0.011956,0.000295,0.00062
0,0.036053,0.023919,0.041652,0.047557,0.088053,0.0591,0.000629,0.000417
0,-0.216261,-0.122754,-0.24255,-0.150174,-0.216779,-0.140942,0.003774,0.002142
0,-0.184432,-0.013813,0.005187,0.11679,0.002842,0.148136,0.003219,0.000241
0,-0.096401,-0.096528,0.111924,-0.096413,0.134471,-0.071622,0.001683,0.001685
0,0.012013,-0.073786,0.083074,0.013012,0.10034,-0.013525,0.00021,0.001288
0,-0.051807,0.119611,-0.042395,0.198312,-0.006281,0.247557,0.000904,0.002088
0,-0.238359,-0.073327,-0.201494,-0.194536,-0.236844,-0.155928,0.00416,0.00128
0,-0.190001,0.100996,0.047452,0.161936,0.022996,0.118217,0.003316,0.001763
0,-0.202408,0.030221,-0.020411,-0.050656,0.003512,-0.000715,0.003533,0.000527
0,-0.003748,0.05919,0.184938,0.003474,0.211194,-0.041113,6.5e-05,0.001033
0,-0.11606,-0.129556,-0.126753,-0.18379,-0.114805,-0.191653,0.002026,0.002261
0,-0.202894,-0.127709,-0.102204,-0.011668,-0.096168,0.015077,0.003541,0.002229
0,-0.115789,0.066138,0.063924,0.16731,0.038191,0.197503,0.002021,0.001154
0,-0.024014,0.031122,0.099517,-0.016506,0.122856,-0.002964,0.000419,0.000543
0,0.035108,0.114453,0.055503,0.072655,0.09839,0.093461,0.000613,0.001998
0,-0.122402,-0.066101,-0.140955,-0.160211,-0.096162,-0.131691,0.002136,0.001154
0,-0.009254,0.034572,0.120733,0.086668,0.086171,0.107731,0.000162,0.000603
0,-0.077229,-0.051022,-0.089798,-0.092339,-0.064374,-0.073615,0.001348,0.00089
0,-0.094216,0.118404,-0.038654,0.17472,0.00309,0.206691,0.001644,0.002067
0,0.018059,0.029277,0.130613,-0.090483,0.1212,-0.078643,0.000315,0.000511
0,-0.119961,0.060985,-0.151997,0.009367,-0.199691,0.003271,0.002094,0.001064
0,-0.143396,0.013035,0.003216,-0.063168,-0.035493,-0.031305,0.002503,0.000228
0,0.036425,0.058997,0.151842,0.054412,0.159523,0.023676,0.000636,0.00103
0,-0.144358,0.067702,-0.19662,0.00697,-0.21116,0.024371,0.00252,0.001182
0,0.002118,-0.105934,0.14884,-0.181732,0.194453,-0.138491,3.7e-05,0.001849
0,-0.09983,0.096945,-0.108286,0.173345,-0.111419,0.195378,0.001742,0.001692
0,-6.8e-05,0.069557,0.09912,-0.031009,0.060419,-0.038211,1e-06,0.001214
0,-0.001175,0.070617,0.000928,0.029119,-0.02902,-0.011786,2.1e-05,0.001232
0,-0.268757,-0.014277,-0.294393,-0.074035,-0.289211,-0.033693,0.004691,0.000249
0,-0.146496,0.099127,0.112128,0.128889,0.081508,0.108382,0.002557,0.00173
0,-0.253115,-0.080667,-0.087156,-0.156061,-0.049454,-0.173876,0.004418,0.001408
0,-0.043444,0.14357,0.186415,0.233901,0.180478,0.248735,0.000758,0.002506
0,-0.165473,0.118982,-0.113697,-0.048383,-0.069594,-0.040916,0.002888,0.002077
0,-0.103338,0.003788,0.089226,-0.10892,0.053552,-0.063093,0.001804,6.6e-05
0,-0.308808,-0.099092,-0.210678,-0.103326,-0.164335,-0.071293,0.00539,0.001729
0,-0.294487,0.093967,0.032465,0.220668,0.049817,0.179607,0.00514,0.00164
0,-0.161219,0.065385,0.132287,-0.019777,0.092381,0.024968,0.002814,0.001141
0,-0.091281,-0.083729,0.054585,-0.121152,0.011026,-0.165358,0.001593,0.001461
0,-0.065367,-0.072877,0.046109,-0.008795,0.005129,-0.055299,0.001141,0.001272
0,-0.032722,-0.081463,0.022472,-0.026392,0.000499,0.009725,0.000571,0.001422
0,0.008926,0.023839,0.01206,0.087887,-0.022828,0.088907,0.000156,0.000416
0,0.089116,0.147858,0.080747,0.105921,0.040017,0.068955,0.001555,0.002581
0,-0.011399,0.07059,-0.084276,-0.074971,-0.129163,-0.030789,0.000199,0.001232
0,-0.173424,0.071457,-0.163959,-0.005427,-0.200235,-0.034513,0.003027,0.001247
0,-0.022367,0.168249,0.179231,0.101409,0.137531,0.139551,0.00039,0.002936
0,-0.176129,-0.025578,-0.176462,-0.176649,-0.226223,-0.205564,0.003074,0.000446
0,-0.187686,0.221309,-0.035527,0.261616,-0.074972,0.308333,0.003276,0.003863
0,0.047651,0.052395,0.249201,-0.159848,0.227409,-0.193304,0.000832,0.000914
0,0.005446,0.00914,-0.049949,-0.037337,-0.015223,-0.037881,9.5e-05,0.00016
0,-0.082258,0.081375,-0.095571,0.051255,-0.049769,0.075303,0.001436,0.00142
0,-0.085774,0.007071,-0.010787,-0.076383,-0.0349,-0.046585,0.001497,0.000123
0,-0.176782,0.003369,-0.090614,-0.028375,-0.11359,-0.052509,0.003085,5.9e-05
0,-0.034769,0.11195,0.132453,0.090989,0.132976,0.053271,0.000607,0.001954
0,0.104416,-0.010982,0.127909,-0.122734,0.175961,-0.122703,0.001822,0.000192
0,0.058955,0.189564,-0.021959,0.211005,0.008546,0.252755,0.001029,0.003309
0,-0.012829,0.168633,-0.058592,-0.014372,-0.100896,0.005733,0.000224,0.002943
0,-0.055783,-0.021475,-0.026366,-0.205609,-0.067702,-0.195548,0.000974,0.000375
0,-0.06253,-0.027765,0.001757,0.02105,-0.042105,0.028235,0.001091,0.000485
0,0.099723,0.187155,0.162956,0.212702,0.137809,0.170013,0.00174,0.003266
0,-0.116023,0.15393,-0.192593,-0.028892,-0.143306,-0.073811,0.002025,0.002687
0,0.093847,0.181813,0.198105,0.005415,0.22986,0.023372,0.001638,0.003173
0,-0.149803,-0.071964,-0.269436,-0.281531,-0.255526,-0.292361,0.002615,0.001256
0,0.135653,-0.022205,0.266604,0.063677,0.312578,0.087569,0.002368,0.000388
0,0.075039,0.145813,-0.079043,0.141136,-0.113666,0.18058,0.00131,0.002545
0,-0.156119,0.032212,-0.226457,-0.102212,-0.194144,-0.071276,0.002725,0.000562
0,-0.035969,0.159166,0.135799,0.105115,0.141927,0.152244,0.000628,0.002778
0,-0.11157,0.100997,-0.063497,-0.031925,-0.077832,-0.058458,0.001947,0.001763
0,-0.100663,0.140147,0.002484,0.054705,0.014952,0.030864,0.001757,0.002446
0,-0.039974,-0.036911,0.07042,-0.167809,0.096518,-0.177521,0.000698,0.000644
0,-0.071795,-0.032159,-0.055033,-0.018608,-0.099673,0.030398,0.001253,0.000561
0,0.136733,0.092175,0.236785,0.113901,0.286191,0.146109,0.002386,0.001609
0,-0.022764,0.035018,-0.138674,-0.086169,-0.185977,-0.089424,0.000397,0.000611
0,0.104174,-0.069177,0.105136,-0.110443,0.104668,-0.104617,0.001818,0.001207
0,-0.166714,-0.092176,-0.267045,-0.044526,-0.303698,-0.054035,0.00291,0.001609
0,-0.097764,-0.051164,0.054145,0.036664,0.061111,-0.005297,0.001706,0.000893
0,-0.189383,-0.072022,-0.086221,-0.041985,-0.038785,-0.081152,0.003305,0.001257
0,-0.002351,0.104089,0.159119,0.153127,0.166175,0.161064,4.1e-05,0.001817
0,-0.142967,-0.076007,-0.147419,-0.158215,-0.119008,-0.114784,0.002495,0.001327
0,-0.132564,-0.08241,0.034274,-0.006067,0.038849,0.029646,0.002314,0.001438
0,0.009492,-0.104228,0.138371,-0.006652,0.144397,0.039939,0.000166,0.001819
0,-0.077796,0.106435,-0.11241,0.197127,-0.132543,0.230573,0.001358,0.001858
0,-0.185446,-0.000166,-0.111809,-0.105807,-0.083055,-0.062022,0.003237,3e-06
0,-0.023336,0.100763,0.175037,0.130899,0.158529,0.160351,0.000407,0.001759
0,0.049268,-0.049582,0.068554,-0.172683,0.056581,-0.167074,0.00086,0.000865
0,-0.248734,-0.133712,-0.269057,-0.086553,-0.241217,-0.081685,0.004341,0.002334
0,0.005348,0.005336,0.232447,0.153432,0.203424,0.111232,9.3e-05,9.3e-05
0,-0.126814,-0.02024,-0.121514,-0.033042,-0.093041,-0.071942,0.002213,0.000353
0,0.014214,0.073215,0.13653,0.082195,0.180641,0.091285,0.000248,0.001278
0,0.009856,-0.138276,0.007796,-0.235479,0.052103,-0.216219,0.000172,0.002413
0,-0.098949,-0.119131,-0.137757,0.013461,-0.166649,0.00461,0.001727,0.002079
0,-0.067454,-0.169242,0.03501,-0.035418,-0.005402,-0.080471,0.001177,0.002954
0,0.066247,-0.078585,0.137732,0.104385,0.119993,0.098894,0.001156,0.001372
0,-0.069536,-0.156436,-0.123222,-0.054836,-0.094233,-0.027851,0.001214,0.00273
0,0.091916,-0.127938,0.173605,0.050432,0.171383,0.009935,0.001604,0.002233
0,0.154251,-0.195871,0.066882,-0.090054,0.111912,-0.114451,0.002692,0.003419
0,0.032748,-0.047215,-0.116449,0.147152,-0.158141,0.10552,0.000572,0.000824
0,0.102629,-0.1805,0.047007,-0.139793,0.043672,-0.179125,0.001791,0.00315
0,-0.050012,-0.011283,-0.136714,0.172396,-0.098776,0.199955,0.000873,0.000197
0,0.051954,-0.08004,0.090646,-0.041155,0.073767,-0.080295,0.000907,0.001397
0,-0.133977,-0.068301,-0.16475,-0.007465,-0.190413,-0.020726,0.002338,0.001192
0,-0.083015,-0.014282,0.047111,0.043252,0.027665,0.088941,0.001449,0.000249
0,-0.14987,-0.252797,-0.047859,-0.213057,-0.053655,-0.166654,0.002616,0.004412
0,0.065129,-0.058078,0.20437,0.212569,0.235509,0.249481,0.001137,0.001014
0,-0.168576,-0.079597,-0.254222,-0.006819,-0.294696,-0.020708,0.002942,0.001389
0,0.021701,-0.16071,0.178018,-0.091439,0.138564,-0.079514,0.000379,0.002805
0,-0.164299,-0.171355,-0.182233,0.01754,-0.216863,-0.024829,0.002868,0.002991
0,0.040678,0.067856,0.179159,0.252605,0.190465,0.249869,0.00071,0.001184
0,0.021523,-0.220234,-0.001788,-0.291478,0.031441,-0.275662,0.000376,0.003844
0,-0.099598,-0.201571,-0.094245,0.009069,-0.107322,0.054172,0.001738,0.003518
0,-0.066325,0.038618,0.04988,0.244188,0.044263,0.205472,0.001158,0.000674
0,0.089843,-0.1111,0.141757,-0.157549,0.135925,-0.196085,0.001568,0.001939
0,0.057099,-0.16893,-0.031328,-0.040176,-0.063276,-0.002935,0.000997,0.002948
0,-0.096912,0.000755,-0.162761,0.177151,-0.136482,0.218043,0.001691,1.3e-05
0,0.005447,-0.016448,0.118685,-0.007801,0.120838,-0.015497,9.5e-05,0.000287
0,0.115768,0.025969,0.118188,0.021925,0.122433,0.071582,0.002021,0.000453
0,-0.132098,-0.110583,-0.240416,-0.144006,-0.275972,-0.158642,0.002306,0.00193
0,0.077555,-0.188793,0.20967,-0.103984,0.190733,-0.151856,0.001354,0.003295
0,-0.097634,0.000174,-0.177238,0.159634,-0.157024,0.159873,0.001704,3e-06
0,0.068669,0.093908,0.188406,0.070293,0.152793,0.081542,0.001199,0.001639
0,-0.128335,-0.196127,-0.195389,-0.270621,-0.148193,-0.311642,0.00224,0.003423
0,-0.098822,-0.131477,0.025908,0.093191,0.003855,0.046613,0.001725,0.002295
0,-0.150231,-0.027441,-0.068187,0.104748,-0.079757,0.111774,0.002622,0.000479
0,-0.081062,-0.139873,0.09146,-0.110656,0.07242,-0.154228,0.001415,0.002441
0,-0.169521,-0.057739,-0.086985,0.055611,-0.067132,0.089246,0.002959,0.001008
0,0.090955,-0.144155,0.241626,-0.06577,0.219792,-0.084891,0.001587,0.002516
0,-0.155421,-0.08197,-0.229772,0.074815,-0.230728,0.027978,0.002713,0.001431
0,0.006021,0.153857,0.138707,0.26053,0.156361,0.302267,0.000105,0.002685
0,-0.16279,-0.028229,-0.146615,-0.169776,-0.173584,-0.184528,0.002841,0.000493
0,-0.201155,-0.106356,-0.056075,-0.084434,-0.016261,-0.057597,0.003511,0.001856
0,-0.082627,0.057052,0.129974,0.18826,0.093451,0.178734,0.001442,0.000996
0,-0.062663,-0.132766,-0.005106,-0.213974,-0.036141,-0.198748,0.001094,0.002317
0,-0.085286,0.078542,-0.006353,0.239918,0.025005,0.234632,0.001489,0.001371
0,-0.061367,0.00778,0.026617,-0.058389,-0.003005,-0.088431,0.001071,0.000136
0,-0.010373,0.063186,0.065282,0.08148,0.065208,0.098208,0.000181,0.001103
0,-0.160399,-0.047548,-0.126664,-0.129023,-0.081846,-0.145731,0.002799,0.00083
0,-0.223049,0.056988,-0.043124,0.132064,-0.087277,0.154955,0.003893,0.000995
0,-0.170939,0.021513,0.076847,-0.032702,0.119364,0.017229,0.002983,0.000375
0,-0.162762,-0.003111,-0.008705,-0.052338,0.014731,-0.070364,0.002841,5.4e-05
0,0.005046,0.138023,0.183539,0.163635,0.186428,0.156511,8.8e-05,0.002409
0,-0.215583,0.09668,-0.222203,-0.017526,-0.220562,-0.000301,0.003763,0.001687
0,-0.189235,0.140395,0.014355,0.058185,-0.025442,0.051404,0.003303,0.00245
0,-0.133235,-0.098758,0.074307,-0.265072,0.097682,-0.3003,0.002325,0.001724
0,-0.099547,0.099906,0.027361,0.182993,0.015295,0.22169,0.001737,0.001744
0,-0.12971,0.071795,-0.057844,-0.044872,-0.086118,-0.079784,0.002264,0.001253
0,-0.321445,0.068795,-0.173533,-0.022055,-0.170389,-0.042944,0.00561,0.001201
0,-0.308947,0.049257,0.024116,-0.017543,0.027387,-0.067251,0.005392,0.00086
0,-0.345787,-0.098835,-0.026046,-0.160389,-0.007416,-0.137661,0.005717,0.001725
0,-0.331835,-0.023062,-0.013779,0.089996,-0.057538,0.080324,0.005792,0.000403
0,-0.332019,-0.028996,-0.028932,0.012212,-0.070965,-0.00487,0.005795,0.000506
0,-0.330043,0.11298,-0.003841,0.157973,0.040187,0.183169,0.00576,0.001972
0,-0.038331,0.176294,0.29784,0.054705,0.261656,0.095979,0.000669,0.003077
0,-0.184744,-0.083718,-0.173014,-0.254745,-0.156389,-0.239754,0.003224,0.001461
0,-0.226341,-0.106906,-0.062219,0.005237,-0.072302,0.001208,0.00395,0.001866
0,-0.029439,0.138282,0.180813,0.237437,0.213615,0.208381,0.000514,0.002413
0,-0.047666,-0.064564,-0.044188,-0.173833,-0.082896,-0.175784,0.000832,0.001127
0,-0.193825,-0.088915,-0.134026,-0.019716,-0.127984,-0.013685,0.003383,0.001552
0,-0.22945,0.039438,-0.020529,0.101305,-0.065931,0.138269,0.004005,0.000688
0,0.064345,0.008371,0.310443,-0.018591,0.276902,0.024999,0.001123,0.000146
0,0.066586,0.071461,-0.000451,0.057392,0.029142,0.098329,0.001162,0.001247
0,0.079591,-0.033241,-0.015977,-0.119464,-0.053288,-0.096462,0.001389,0.00058
0,-0.038429,0.075962,-0.124178,0.130585,-0.146983,0.167115,0.000671,0.001326
0,-0.087906,-0.129845,-0.03082,-0.183694,-0.011407,-0.227472,0.001534,0.002266
0,0.146761,-0.051601,0.253254,0.064715,0.244502,0.02758,0.002561,0.000901
0,0.126632,-0.04767,0.003992,-1.1e-05,-0.013112,-0.018878,0.00221,0.000832
0,0.044564,0.007084,-0.058034,0.058823,-0.042581,0.102381,0.000778,0.000124
0,0.048421,-0.077187,-0.002172,-0.068104,0.042647,-0.102386,0.000845,0.001347
0,-0.067113,0.037403,-0.136824,0.142609,-0.152746,0.17992,0.001171,0.000653
0,0.089529,0.035334,0.145122,-0.001104,0.151112,-0.045852,0.001563,0.000617
0,-0.062948,-0.023981,-0.133305,-0.071309,-0.15697,-0.069307,0.001099,0.000419
0,-0.129175,-0.093852,-0.049038,-0.05949,-0.082437,-0.072955,0.002255,0.001638
0,0.087895,0.13234,0.197283,0.233498,0.238138,0.270235,0.001534,0.00231
0,0.087505,0.006581,0.018634,-0.098514,0.044649,-0.074184,0.001527,0.000115
0,-0.006352,-0.03833,-0.120157,-0.061922,-0.08827,-0.024282,0.000111,0.000669
0,0.11445,-0.009097,0.136939,0.012381,0.089856,-0.024585,0.001998,0.000159
0,-0.083158,0.088683,-0.200048,0.099466,-0.248655,0.118101,0.001451,0.001548
0,0.005629,0.128285,0.080223,0.011825,0.08102,-0.021793,9.8e-05,0.002239
0,-0.022183,-0.044237,-0.022583,-0.165141,-0.019374,-0.14515,0.000387,0.000772
0,-0.052304,0.156037,-0.055604,0.174086,-0.077345,0.215337,0.000913,0.002723
0,0.004519,0.150699,0.034511,-0.017015,-0.010706,-0.057728,7.9e-05,0.00263
0,0.173595,-0.01271,0.182975,-0.143441,0.190307,-0.101282,0.00303,0.000222
0,0.025858,-0.091951,-0.175649,-0.08356,-0.183292,-0.058504,0.000451,0.001605
0,0.122014,0.092899,0.075435,0.177077,0.064074,0.158124,0.00213,0.001621
0,0.123983,0.062853,-0.023064,-0.017081,-0.060479,-0.052098,0.002164,0.001097
0,0.063863,0.083354,-0.051297,0.050334,-0.083147,0.098351,0.001115,0.001455
0,0.012721,0.127319,-0.035425,0.015685,-0.004736,0.053761,0.000222,0.002222
0,0.087142,0.076492,0.05518,-0.074206,0.067244,-0.064993,0.001521,0.001335
0,-0.398303,-0.01283,-0.48986,-0.104609,-0.492409,-0.138648,0.0048,0.000224
0,-0.376852,0.11289,0.002832,0.0982,0.019586,0.134296,0.005174,0.00197
0,-0.58531,0.090946,-0.209658,-0.034086,-0.199915,-0.064258,0.001536,0.001587
0,-0.731552,0.171068,-0.155395,0.101035,-0.188325,0.07003,0.001016,0.002986
0,-0.7604,0.440741,-0.021456,0.245865,-0.007618,0.202069,0.00152,0.004059
0,-0.513461,0.213382,0.259742,-0.238835,0.216604,-0.193785,0.00279,0.003724
0,-0.469213,0.170797,0.043486,-0.059426,0.063969,-0.059602,0.003562,0.002981
0,-0.286344,0.260042,0.168433,0.108801,0.166731,0.092256,0.004998,0.004539
0,-0.22117,0.125662,0.083003,-0.124319,0.127012,-0.139403,0.00386,0.002193
0,0.082459,0.072879,0.324038,-0.026337,0.317341,-0.045374,0.001439,0.001272
0,0.137886,0.354633,0.039835,0.288925,0.009893,0.332371,0.002407,0.005562
0,0.073115,0.2816,-0.071186,-0.073704,-0.033538,-0.048521,0.001276,0.004915
0,0.103911,0.022204,0.011729,-0.245965,0.058247,-0.268402,0.001814,0.000388
0,-0.059481,0.041286,-0.150265,0.020954,-0.12888,-0.01503,0.001038,0.000721
0,0.084901,0.116436,0.152852,0.064211,0.145055,0.043649,0.001482,0.002032
0,0.07509,0.154242,0.007504,0.067274,-0.002281,0.02846,0.001311,0.002692
0,0.145186,0.026005,0.068099,-0.121159,0.03433,-0.099692,0.002534,0.000454
0,-0.124638,0.177856,-0.244403,0.138546,-0.207671,0.187381,0.002175,0.003104
0,-0.006749,0.124078,0.141906,-0.076821,0.096125,-0.10643,0.000118,0.002166
0,-0.030875,0.193834,-0.031612,0.081608,0.015049,0.110528,0.000539,0.003383
0,-0.137476,0.203819,-0.093204,0.010025,-0.138298,0.047511,0.002399,0.003557
0,0.107451,0.09047,0.271271,-0.106221,0.265419,-0.074251,0.001875,0.001579
0,0.023759,0.196419,-0.10063,0.129487,-0.107203,0.126406,0.000415,0.003428
0,-0.016355,0.143156,-0.048963,-0.06368,-0.039156,-0.05716,0.000285,0.002499
0,-0.063476,0.014346,-0.066767,-0.121535,-0.019395,-0.074847,0.001108,0.00025
0,-0.185799,0.077815,-0.10871,0.034762,-0.140492,0.018731,0.003243,0.001358
0,-0.01226,0.203083,0.188249,0.118442,0.199439,0.15701,0.000214,0.003544
0,0.095386,0.062273,0.0934,-0.114982,0.107459,-0.137732,0.001665,0.001087
0,-0.127375,0.093306,-0.228866,0.021419,-0.21896,0.031067,0.002223,0.001628
0,-0.062655,0.064617,0.084793,-0.004754,0.051234,-0.034363,0.001094,0.001128
0,0.059284,0.100691,0.141481,0.017015,0.145079,-0.028582,0.001035,0.001757
0,0.009413,-0.067288,-0.057845,-0.164015,-0.066889,-0.188767,0.000164,0.001174
0,0.118037,-0.127196,0.130216,-0.055329,0.085379,-0.010232,0.00206,0.00222
0,0.081906,0.110852,-0.061339,0.256452,-0.013724,0.226254,0.00143,0.001935
0,0.069086,0.150236,-0.023824,0.063757,0.016803,0.021417,0.001206,0.002622
0,-0.043127,-0.039294,-0.107631,-0.170419,-0.100912,-0.198161,0.000753,0.000686
0,0.018169,-0.000878,0.05105,0.052198,0.009512,0.042873,0.000317,1.5e-05
0,-0.201914,0.198321,-0.236038,0.188965,-0.19884,0.141563,0.003524,0.003461
0,-0.229649,0.027623,-0.003156,-0.153389,-0.023478,-0.202949,0.004008,0.000482
0,-0.1947,-0.109989,0.027337,-0.112536,0.031467,-0.074519,0.003398,0.00192
0,-0.197924,-0.052906,0.008535,0.029348,0.050889,0.04495,0.003454,0.000923
0,-0.064387,-0.058038,0.105219,-0.014492,0.111953,-0.030378,0.001124,0.001013
0,-0.140933,-0.088989,-0.10084,-0.003567,-0.127736,-0.00819,0.00246,0.001553
0,-0.258665,-0.055228,-0.104812,0.017401,-0.124748,-0.0258,0.004515,0.000964
0,-0.265612,0.055291,-0.034442,0.120735,-0.052691,0.119827,0.004636,0.000965
0,-0.069813,-0.00357,0.186858,-0.047004,0.164483,-0.017157,0.001218,6.2e-05
0,-0.164902,-0.104734,-0.111886,-0.118955,-0.070519,-0.111178,0.002878,0.001828
0,-0.16521,-0.135749,0.024416,-0.042346,0.043948,-0.022105,0.002883,0.002369
0,-0.151177,-0.141591,0.027786,-0.005727,0.022536,-0.0212,0.002639,0.002471
0,-0.021106,0.078843,0.13433,0.241299,0.176241,0.204784,0.000368,0.001376
0,-0.096511,-0.097751,-0.080891,-0.184644,-0.09301,-0.174187,0.001684,0.001706
0,0.06714,-0.107552,0.179033,-0.008109,0.171864,0.010757,0.001172,0.001877
0,-0.036844,-0.132816,-0.103403,-0.047786,-0.085008,-0.020705,0.000643,0.002318
0,-0.153848,-0.110733,-0.133647,0.023916,-0.118007,0.047214,0.002685,0.001933
0,-0.050365,-0.078033,0.103334,0.036916,0.131839,-0.007851,0.000879,0.001362
0,-0.058434,-0.038633,0.000528,0.061765,-0.01485,0.031676,0.00102,0.000674
0,-0.169768,0.106842,-0.105381,0.124323,-0.082305,0.161282,0.002963,0.001865
0,-0.049193,0.074683,0.124516,-0.035478,0.131237,-0.003905,0.000859,0.001303
0,0.022133,-0.14211,0.080671,-0.236395,0.100894,-0.196977,0.000386,0.00248
0,-0.033759,-0.11523,-0.066031,0.032559,-0.020415,0.006377,0.000589,0.002011
0,-0.136267,0.117965,-0.12612,0.238574,-0.118069,0.267673,0.002378,0.002059
0,0.023803,0.034947,0.136174,-0.09275,0.14244,-0.059359,0.000415,0.00061
0,-0.200088,0.007311,-0.22465,-0.016175,-0.238867,-0.038024,0.003492,0.000128
0,0.062288,0.041795,0.232913,0.010388,0.26759,0.003587,0.001087,0.000729
0,-0.18619,0.07478,-0.26467,0.019055,-0.273218,-0.030569,0.00325,0.001305
0,-0.083437,-0.145742,0.124224,-0.226069,0.117535,-0.271717,0.001456,0.002544
0,-0.019449,0.085752,0.058242,0.234719,0.107862,0.251154,0.000339,0.001497
0,-0.099788,-0.110263,-0.081257,-0.171646,-0.093319,-0.132339,0.001742,0.001924
0,-0.024093,-0.068043,0.055613,0.033249,0.091844,0.042276,0.000421,0.001188
0,-0.237147,-0.132939,-0.19469,-0.045672,-0.176966,-0.058269,0.004139,0.00232
0,0.011834,0.037491,0.250318,0.182287,0.268277,0.151295,0.000207,0.000654
0,-0.148063,0.224567,-0.181548,0.177901,-0.222095,0.147982,0.002584,0.003919
0,-0.08947,0.084297,0.048815,-0.152033,0.01116,-0.117346,0.001562,0.001471
0,-0.154211,0.136579,-0.05403,0.03506,-0.079124,0.058457,0.002691,0.002384
0,-0.025366,0.05307,0.152646,-0.107873,0.127589,-0.065484,0.000443,0.000926
0,-0.075788,-0.008872,-0.031689,-0.069305,0.013575,-0.078915,0.001323,0.000155
0,0.049678,0.052203,0.095639,0.035007,0.137367,-0.007737,0.000867,0.000911
0,-0.006872,0.093209,-0.071746,0.052768,-0.096449,0.067283,0.00012,0.001627
0,-0.117572,0.061312,-0.096459,-0.002901,-0.142085,-0.039322,0.002052,0.00107
0,-0.075972,0.113801,0.017745,0.05269,-0.01444,0.053503,0.001326,0.001986
0,-0.088128,0.096639,-0.014634,-0.045967,0.027253,-0.076863,0.001538,0.001687
0,-0.197932,0.192923,-0.086336,0.079453,-0.125114,0.106317,0.003455,0.003367
0,0.008533,0.287249,0.233634,0.10076,0.216989,0.064249,0.000149,0.005013
0,-0.057528,0.195698,-0.085728,-0.075371,-0.07673,-0.116323,0.001004,0.003416
0,0.032229,0.075139,0.098748,-0.137678,0.125865,-0.136986,0.000563,0.001311
0,0.087409,0.236803,0.084722,0.134358,0.038797,0.122176,0.001526,0.004133
0,-0.196521,0.218331,-0.279786,-0.032476,-0.286092,-0.018774,0.00343,0.003811
0,-0.055771,0.008398,0.142676,-0.187254,0.136461,-0.158636,0.000973,0.000147
0,-0.189218,-0.034963,-0.155073,-0.068557,-0.11994,-0.0766,0.003302,0.00061
0,0.071782,0.200208,0.262449,0.21251,0.266915,0.186636,0.001253,0.003494
0,0.046216,0.249666,0.003285,0.031299,0.011509,0.052185,0.000807,0.004357
0,0.072464,0.090656,0.023842,-0.148303,0.007117,-0.114347,0.001265,0.001582
0,-0.047778,-0.027858,-0.136212,-0.145922,-0.092027,-0.191096,0.000834,0.000486
0,0.091575,0.257962,0.150372,0.304213,0.153842,0.288496,0.001598,0.004502
0,-0.125774,0.160741,-0.221872,-0.112548,-0.178094,-0.093458,0.002195,0.002805
0,-0.097364,0.115057,0.034573,-0.029729,0.057563,-0.033689,0.001699,0.002008
0,0.070373,0.092282,0.141474,-0.006399,0.148159,-0.004592,0.001228,0.001611
0,0.077903,0.186298,-0.002994,0.105373,-0.030723,0.12867,0.00136,0.003252
0,-0.101238,0.070718,-0.175356,-0.139694,-0.165008,-0.179486,0.001767,0.001234
0,0.099392,0.005457,0.204547,-0.093751,0.245301,-0.119088,0.001735,9.5e-05
0,-0.099376,-0.133232,-0.208927,-0.145447,-0.206216,-0.138091,0.001734,0.002325
0,-0.058986,-0.096386,0.058597,0.042921,0.054053,0.080339,0.00103,0.001682
0,-0.077479,0.064965,-0.044817,0.164536,-0.062514,0.134105,0.001352,0.001134
0,-0.089881,0.137256,-0.030014,0.051735,-0.009986,0.094481,0.001569,0.002396
0,0.01321,-0.02675,0.101589,-0.153061,0.074365,-0.158487,0.000231,0.000467
0,0.048694,-0.055857,0.028881,-0.052546,-0.014043,-0.038638,0.00085,0.000975
0,-0.144637,0.008746,-0.194422,0.038633,-0.241817,0.087978,0.002524,0.000153
0,0.004048,0.106766,0.126914,0.105643,0.115824,0.101144,7.1e-05,0.001863
0,0.076891,-0.124475,0.06363,-0.202262,0.085928,-0.17115,0.001342,0.002173
0,0.016137,-0.055908,-0.080388,0.094061,-0.094262,0.122011,0.000282,0.000976
0,0.077174,-0.061744,0.050258,-0.032637,0.029462,-0.024459,0.001347,0.001078
0,0.032026,-0.016379,-0.059859,0.072145,-0.058722,0.047831,0.000559,0.000286
0,-0.023924,-0.023138,-0.042904,-0.004072,-0.072563,0.002677,0.000418,0.000404
0,0.18852,-0.087496,0.235832,-0.049982,0.217801,-0.08301,0.00329,0.001527
0,0.064759,-0.04335,-0.152732,0.044584,-0.133998,0.07313,0.00113,0.000757
0,0.006886,-0.037559,-0.076276,0.030828,-0.108723,0.043124,0.00012,0.000656
0,0.200833,0.034318,0.198138,0.071558,0.163108,0.109533,0.003505,0.000599
0,-0.008056,-0.075036,-0.227008,-0.090619,-0.220679,-0.066535,0.000141,0.00131
0,0.131531,0.079028,0.167075,0.170069,0.171654,0.181384,0.002296,0.001379
0,-0.01277,0.148291,-0.14247,0.075354,-0.18065,0.089139,0.000223,0.002588
0,0.200652,0.16283,0.210169,0.024729,0.210105,0.052021,0.003502,0.002842
0,0.0178,0.115616,-0.174547,-0.04913,-0.14175,-0.093561,0.000311,0.002018
0,0.231013,0.180169,0.23628,0.037692,0.265664,0.015757,0.004032,0.003145
0,-0.011544,0.047361,-0.270288,-0.11946,-0.2956,-0.134688,0.000201,0.000827
0,0.072002,0.114128,0.113446,0.043709,0.114022,0.059143,0.001257,0.001992
0,0.052649,0.14747,-0.049208,0.027541,-0.086777,0.015544,0.000919,0.002574
0,0.061635,0.233493,0.038937,0.060393,0.036996,0.011296,0.001076,0.004075
0,-0.063975,0.091443,-0.129218,-0.133405,-0.176805,-0.103687,0.001117,0.001596
0,0.1376,0.1553,0.199738,0.058042,0.172638,0.049591,0.002402,0.00271
0,-0.081697,0.120724,-0.20683,-0.01759,-0.189293,0.004073,0.001426,0.002107
0,-0.050168,0.072347,0.050036,-0.077487,0.03551,-0.048135,0.000876,0.001263
0,-0.020053,0.051907,0.006487,-0.035266,-0.008886,-0.030404,0.00035,0.000906
0,-0.052692,0.015633,-0.034336,-0.054882,-0.044539,-0.084305,0.00092,0.000273
0,-0.02963,0.16492,0.007179,0.127162,-0.005926,0.175456,0.000517,0.002878
0,0.136071,-0.059046,0.153227,-0.231314,0.132356,-0.231503,0.002375,0.001031
0,0.051861,-0.03673,-0.113368,0.048953,-0.152838,0.079796,0.000905,0.000641
0,-0.10958,0.012669,-0.169776,0.057592,-0.137567,0.03069,0.001913,0.000221
0,0.044979,0.064565,0.149154,0.081429,0.138089,0.060894,0.000785,0.001127
0,-0.065981,-0.0368,-0.105196,-0.084807,-0.082228,-0.121847,0.001152,0.000642
0,0.111073,0.139155,0.150172,0.201803,0.149899,0.20856,0.001939,0.002429
0,0.013605,-0.060891,-0.070147,-0.178536,-0.064912,-0.205215,0.000237,0.001063
0,-0.048329,-0.095676,-0.07622,-0.011054,-0.078321,0.008863,0.000844,0.00167
0,-0.060206,0.174701,-0.034665,0.274004,-0.053848,0.295455,0.001051,0.003049
0,0.111986,-0.066228,0.148775,-0.221067,0.131651,-0.208149,0.001955,0.001156
0,-0.005515,0.163986,-0.10956,0.252415,-0.135809,0.294199,9.6e-05,0.002862
0,-0.129309,0.140208,-0.095832,-0.018952,-0.06327,-0.030808,0.002257,0.002447
0,0.079591,-0.098874,0.222738,-0.210313,0.252089,-0.20929,0.001389,0.001726
0,0.090135,0.029484,0.030653,0.114622,-0.006408,0.115904,0.001573,0.000515
0,0.036381,-0.063177,-0.041288,-0.082762,-0.006559,-0.099678,0.000635,0.001103
0,0.086444,0.051743,0.065304,0.131488,0.082918,0.139255,0.001509,0.000903
0,-0.101921,-0.079496,-0.213911,-0.155473,-0.221134,-0.138815,0.001779,0.001387
0,0.054127,0.135928,0.154701,0.217316,0.149896,0.201421,0.000945,0.002372
0,-0.168664,-0.070254,-0.234945,-0.199108,-0.272021,-0.174815,0.002944,0.001226
0,-0.0589,0.021096,0.128871,0.076245,0.144925,0.076413,0.001028,0.000368
0,0.024275,0.006368,0.072124,-0.022782,0.061723,0.014242,0.000424,0.000111
0,-0.121073,-0.139066,-0.142594,-0.155457,-0.177147,-0.170604,0.002113,0.002427
0,0.045275,-0.042384,0.158341,0.105212,0.201831,0.063945,0.00079,0.00074
0,0.016812,0.112411,-0.018914,0.168521,-0.053973,0.209717,0.000293,0.001962
0,0.112923,-0.015284,0.125558,-0.119305,0.128484,-0.075936,0.001971,0.000267
0,0.050848,0.076866,-0.065215,0.12084,-0.050666,0.108453,0.000887,0.001342
0,-0.125226,-0.01527,-0.176364,-0.080951,-0.129597,-0.127981,0.002186,0.000267
0,-0.112773,0.152577,0.010782,0.188734,0.0343,0.23079,0.001968,0.002663
0,-0.031316,0.067976,0.065249,-0.059898,0.035711,-0.051096,0.000547,0.001186
0,-0.166454,-0.135477,-0.1451,-0.196039,-0.16205,-0.188618,0.002905,0.002365
0,0.163998,0.003903,0.317193,0.119624,0.28184,0.118553,0.002862,6.8e-05
0,0.135403,-0.00659,-0.043998,-0.014619,-0.048735,0.028188,0.002363,0.000115
0,0.049061,-0.083952,-0.109464,-0.083815,-0.152835,-0.108905,0.000856,0.001465
0,0.019408,0.119495,-0.052396,0.219365,-0.011335,0.177872,0.000339,0.002086
0,0.079446,0.125203,0.056856,0.001169,0.042903,-0.031023,0.001387,0.002185
0,0.113536,-0.090908,0.049868,-0.18806,0.038521,-0.238031,0.001982,0.001587
0,0.034873,0.116142,-0.091739,0.186208,-0.101338,0.180829,0.000609,0.002027
0,0.177367,-0.083908,0.142435,-0.198406,0.161697,-0.152639,0.003096,0.001464
0,0.004424,-0.002967,-0.170019,0.106535,-0.156953,0.116167,7.7e-05,5.2e-05
0,0.027034,-0.133438,0.023398,-0.147584,-0.021204,-0.196617,0.000472,0.002329
0,0.070956,-0.092189,0.026662,0.046845,0.010485,0.019842,0.001238,0.001609
0,0.145759,0.055395,0.100596,0.146892,0.094734,0.195047,0.002544,0.000967
0,0.206605,0.166115,0.043478,0.138615,0.005069,0.098836,0.003606,0.002899
0,-0.051848,0.027528,-0.23499,-0.126413,-0.226931,-0.162604,0.000905,0.00048
0,0.045646,0.134963,0.123605,0.110409,0.092496,0.07797,0.000797,0.002356
0,-0.053711,0.129619,-0.082215,0.009567,-0.091619,0.01364,0.000937,0.002262
0,-0.053106,0.072048,0.022929,-0.0288,-0.009857,-0.044277,0.000927,0.001257
0,-0.054653,0.156088,-0.026226,0.056541,-0.036832,0.025522,0.000954,0.002724
0,-0.135017,0.083984,-0.109193,-0.052537,-0.135863,-0.02984,0.002356,0.001466
0,-0.048419,-0.11945,0.099914,-0.218365,0.083655,-0.186117,0.000845,0.002085
0,-0.12641,0.136351,-0.10607,0.23103,-0.112372,0.250649,0.002206,0.00238
0,0.088366,0.009315,0.186859,-0.149941,0.227064,-0.126819,0.001542,0.000163
0,0.150867,-0.085294,0.070342,-0.084937,0.096447,-0.098721,0.002633,0.001489
0,0.127351,0.090446,-0.046836,0.154441,-0.015211,0.156702,0.002223,0.001579
0,0.086935,0.048344,-0.047443,-0.061677,-0.048517,-0.042225,0.001517,0.000844
0,0.044545,-0.028727,-0.032442,-0.106124,0.017334,-0.083532,0.000777,0.000501
0,0.121954,0.061259,0.052072,0.087127,0.012804,0.126555,0.002128,0.001069
0,-0.005368,0.018343,-0.146967,-0.052202,-0.104525,-0.095151,9.4e-05,0.00032
0,-0.093316,0.102844,-0.101363,0.069165,-0.109274,0.033692,0.001629,0.001795
0,0.037749,-0.007555,0.122782,-0.10835,0.129733,-0.095144,0.000659,0.000132
0,0.054475,0.097855,0.010421,0.090304,0.035772,0.094036,0.000951,0.001708
0,-0.146873,-0.000999,-0.216497,-0.071705,-0.260499,-0.069522,0.002563,1.7e-05
0,0.102972,0.107478,0.247975,0.118472,0.241508,0.088889,0.001797,0.001876
0,-0.159329,-0.049051,-0.267709,-0.134115,-0.31331,-0.161876,0.002781,0.000856
0,-0.032455,0.078377,0.156594,0.151994,0.168213,0.148855,0.000566,0.001368
0,-0.076675,0.032313,-0.062779,-0.040383,-0.053837,-0.062914,0.001338,0.000564
0,-0.019476,0.140136,0.067014,0.097446,0.10262,0.049297,0.00034,0.002446
0,0.001016,-0.095491,0.012976,-0.233968,0.026757,-0.18992,1.8e-05,0.001667
0,0.019047,-0.025685,0.021146,0.043626,-0.02009,0.073125,0.000332,0.000448
0,0.171509,-0.146858,0.146543,-0.101987,0.134844,-0.060307,0.002993,0.002563
0,0.064289,-0.121782,-0.103907,0.043665,-0.129707,0.000592,0.001122,0.002125
0,0.111006,-0.079524,0.063692,0.066921,0.104773,0.080719,0.001937,0.001388
0,0.11637,0.132148,-0.02397,0.195651,-0.036223,0.198179,0.002031,0.002306
0,-0.027342,0.165634,-0.157963,0.045066,-0.197001,0.053063,0.000477,0.002891
0,-0.023524,0.010004,0.014653,-0.13105,0.042969,-0.125869,0.000411,0.000175
0,0.142167,0.062933,0.164128,0.039672,0.134736,0.062283,0.002481,0.001098
0,0.029458,0.128671,-0.129258,0.041356,-0.091604,0.033862,0.000514,0.002246
0,-0.062294,0.132831,-0.096801,-0.016107,-0.119471,-0.023722,0.001087,0.002318
0,-0.014232,0.023369,0.0244,-0.09489,0.044728,-0.07693,0.000248,0.000408
0,-0.098099,0.117376,-0.105083,0.122632,-0.152112,0.147006,0.001712,0.002049
0,0.044482,0.131478,0.125465,0.028141,0.158689,0.01931,0.000776,0.002295
0,-1.320793,1.672563,-1.388853,1.536235,-1.39527,1.490498,0.000451,0.005688
0,-1.741321,2.103731,-0.418489,0.437211,-0.417523,0.440098,0.004863,0.001462
0,-1.752626,2.152272,0.014451,0.048293,-0.002231,0.021351,0.004666,0.002309
0,-1.926275,2.345778,-0.150482,0.209194,-0.198085,0.16047,0.001635,0.005686
0,-1.522683,1.836738,0.409547,-0.524988,0.448012,-0.542153,0.003072,0.003198
0,-0.980407,1.629368,0.527683,-0.206868,0.506761,-0.250814,0.00536,0.004934
0,-0.839385,1.280806,0.120736,-0.342372,0.103734,-0.339871,0.002898,0.001149
0,-0.579956,0.7925,0.285671,-0.484198,0.28474,-0.437392,0.00163,0.00208
0,-0.47244,0.464083,0.093803,-0.310791,0.139666,-0.360442,0.003506,0.003931
0,-0.388984,0.20677,0.059865,-0.232305,0.059261,-0.240315,0.004963,0.003931
0,0.016332,-0.057015,0.402144,-0.272617,0.380629,-0.29516,0.000285,0.003931
0,0.105886,-0.219574,0.10984,-0.146345,0.140528,-0.0982,0.001848,0.003931
0,0.068235,-0.2943,-0.029294,-0.050806,-0.016461,-0.009291,0.001191,0.005137
0,0.033745,-0.297119,-0.037135,-0.018929,0.000146,-0.000849,0.000589,0.005186
0,0.312935,-0.115257,0.279359,0.173033,0.261373,0.166493,0.005462,0.003931
0,0.24014,-0.131754,-0.100291,-0.028892,-0.122079,-0.068508,0.004191,0.003931
0,0.193778,-0.179825,-0.042231,-0.039483,-0.011469,-0.062262,0.003382,0.003931
0,0.062417,-0.232937,-0.133101,-0.05466,-0.151716,-0.006338,0.001089,0.004066
0,0.32911,-0.127246,0.289449,0.109659,0.271317,0.1399,0.005744,0.003931
0,0.19932,-0.067805,-0.151695,0.041277,-0.169966,0.020246,0.003479,0.003931
0,0.21056,-0.263299,-0.002951,-0.22287,-0.031958,-0.254616,0.003675,0.004595
0,0.281688,-0.295336,0.060713,-0.032034,0.028745,-0.024298,0.004916,0.005155
0,0.28284,-0.193032,0.030039,0.124992,0.035553,0.106734,0.004936,0.003931
0,0.133587,-0.200281,-0.164538,-0.021416,-0.198045,-0.063435,0.002332,0.003931
0,0.192312,-0.201234,0.033327,-0.00992,0.079706,-0.030336,0.003356,0.003931
0,0.2897,-0.056546,0.097522,0.128429,0.131442,0.160184,0.005056,0.003931
0,0.17779,-0.275394,-0.103482,-0.235569,-0.115782,-0.229896,0.003103,0.004807
0,0.086949,-0.141776,-0.097909,0.110029,-0.081419,0.106879,0.001518,0.003931
0,0.278092,-0.091801,0.191026,0.041085,0.223205,-0.005798,0.004854,0.003931
0,0.117006,-0.241761,-0.136404,-0.131003,-0.135139,-0.086465,0.002042,0.00422
0,0.167012,-0.32103,0.030909,-0.072983,0.056932,-0.02929,0.002915,0.005603
0,0.37147,-0.175033,0.174469,0.117635,0.221545,0.112121,0.005268,0.003931
0,0.355873,-0.219607,-0.011376,-0.052791,0.014892,-0.024432,0.005541,0.003931
0,0.258775,-0.289436,-0.105692,-0.09026,-0.103792,-0.104187,0.004516,0.005052
0,0.095054,-0.173597,-0.151528,0.134106,-0.199883,0.140044,0.001659,0.003931
0,0.272334,-0.02734,0.203019,0.122814,0.18905,0.074265,0.004753,0.003931
0,0.049605,-0.251323,-0.193094,-0.21159,-0.213962,-0.236942,0.000866,0.004386
0,0.072724,0.021867,0.030995,0.270782,0.030055,0.314388,0.001269,0.003931
0,0.092605,-0.035422,0.012625,-0.036185,0.003934,-0.055822,0.001616,0.003931
0,0.153026,-0.182656,0.052534,-0.135594,0.067868,-0.122378,0.002671,0.003931
0,0.111043,-0.079412,-0.064935,0.078222,-0.068152,0.036321,0.001938,0.003931
0,0.281903,0.002241,0.150678,0.109284,0.153655,0.081978,0.00492,0.003931
0,0.120391,0.015783,-0.134225,0.020054,-0.131624,-0.004493,0.002101,0.003931
0,0.016333,-0.149623,-0.090278,-0.192849,-0.055183,-0.221631,0.000285,0.003931
0,-0.008672,0.049506,-0.05228,0.224014,-0.091194,0.229685,0.000151,0.003931
0,0.211764,0.10255,0.225586,0.076579,0.252512,0.108348,0.003696,0.003931
0,0.188238,-0.145379,0.002667,-0.260338,-0.016307,-0.23339,0.003285,0.003931
0,0.214902,0.084909,0.022536,0.258653,0.03757,0.278576,0.003751,0.003931
0,0.111399,-0.026561,-0.095954,-0.1359,-0.116946,-0.088023,0.001944,0.003931
0,-0.002626,0.125557,-0.088201,0.154785,-0.137646,0.201052,4.6e-05,0.003931
0,0.150035,-0.00314,0.174509,-0.141172,0.138298,-0.150791,0.002619,0.003931
0,0.202891,-0.009303,0.048993,-0.025268,0.094543,0.017297,0.003541,0.003931
0,0.184521,-0.077143,-0.019881,-0.068277,-0.049214,-0.090794,0.003221,0.003931
0,-0.034199,0.077335,-0.212297,0.127963,-0.242974,0.152623,0.000597,0.003931
0,0.024329,0.077348,0.05994,0.02222,0.064144,-0.010125,0.000425,0.003931
0,0.114681,-0.117377,0.070713,-0.218908,0.086838,-0.170219,0.002002,0.003931
0,0.001038,-0.036806,-0.096838,0.091963,-0.081272,0.130797,1.8e-05,0.003931
0,0.033569,-0.141574,0.004156,-0.134269,0.029654,-0.085045,0.000586,0.003931
0,0.012383,0.028503,0.005874,0.175876,0.005312,0.21411,0.000216,0.003931
0,0.073913,-0.053736,0.057634,-0.056356,0.051958,-0.067048,0.00129,0.003931
0,0.109007,-0.149844,0.032366,-0.092687,0.078456,-0.046058,0.001903,0.003931
0,-0.062211,-0.024069,-0.153867,0.122115,-0.137679,0.154344,0.001086,0.003931
0,0.102983,0.041962,0.159686,0.063518,0.119736,0.022367,0.001797,0.003931
0,0.124187,0.067443,-0.002296,0.02807,0.013881,0.046801,0.002167,0.003931
0,0.02626,0.029484,-0.073983,-0.063094,-0.08036,-0.021809,0.000458,0.003931
0,0.193155,-0.16563,0.154551,-0.197839,0.12187,-0.179065,0.003371,0.003931
0,-0.011124,-0.00764,-0.220909,0.14743,-0.249678,0.151198,0.000194,0.003931
0,-0.006366,0.005247,0.02661,0.039703,-0.001267,0.007971,0.000111,0.003931
0,0.077997,-0.095811,0.085555,-0.094181,0.135011,-0.127845,0.001361,0.003931
0,0.047023,-0.000559,-0.003871,0.115079,-0.032098,0.147448,0.000821,0.003931
0,-0.000478,-0.043534,-0.020561,-0.044368,-0.043726,-0.087905,8e-06,0.003931
0,-0.185854,0.021718,-0.179524,0.095166,-0.152844,0.117185,0.003244,0.003931
0,-0.150664,-0.073413,0.036925,-0.077929,0.025486,-0.088722,0.00263,0.003931
0,-0.012087,-0.025923,0.135622,0.04759,0.166277,0.069573,0.000211,0.003931
0,-0.113503,-0.184309,-0.128832,-0.160784,-0.138456,-0.155735,0.001981,0.003931
0,-0.112275,0.002783,0.010807,0.188677,0.035656,0.228525,0.00196,0.003931
0,-0.196812,0.029692,-0.062476,0.008227,-0.064497,-0.023874,0.003435,0.003931
0,-0.08028,-0.108705,0.123755,-0.128267,0.17028,-0.163618,0.001401,0.003931
0,-0.122833,0.153899,-0.06551,0.275248,-0.053153,0.24667,0.002144,0.003931
0,-0.116726,0.086358,0.032105,-0.097312,0.046046,-0.115598,0.002037,0.003931
0,-0.09762,0.098859,0.035241,0.029498,0.030771,0.013405,0.001704,0.003931
0,0.044272,0.011247,0.157977,-0.063628,0.117384,-0.054768,0.000773,0.003931
0,-0.09626,-0.091722,-0.156344,-0.124564,-0.154676,-0.137798,0.00168,0.003931
0,-0.13217,-0.066893,-0.043199,0.012447,-0.030109,-0.002377,0.002307,0.003931
0,0.011697,-0.076673,0.12411,0.005435,0.124806,-0.024054,0.000204,0.003931
0,-0.137149,0.080098,-0.124551,0.17547,-0.085149,0.181846,0.002394,0.003931
0,0.050301,-0.013333,0.198088,-0.107264,0.152885,-0.107846,0.000878,0.003931
0,-0.173468,0.005698,-0.212257,-0.009181,-0.202804,-0.04921,0.003028,0.003931
0,-0.177386,0.047161,0.004319,0.047934,0.042875,0.028356,0.003096,0.003931
0,-0.032575,0.15511,0.119426,0.090738,0.102971,0.137685,0.000569,0.003931
0,-0.082534,-0.03507,-0.034913,-0.177069,-0.032301,-0.133099,0.00144,0.003931
0,0.024585,0.135466,0.12603,0.182904,0.096894,0.188877,0.000429,0.003931
0,-0.048954,0.173382,-0.096542,0.055179,-0.101297,0.00891,0.000854,0.003931
0,-0.007761,0.072048,0.025586,-0.086593,-0.009994,-0.079669,0.000135,0.003931
0,0.136956,0.136394,0.120039,0.067726,0.124752,0.062534,0.00239,0.003931
0,-0.067377,0.086114,-0.210018,-0.029526,-0.20622,-0.064131,0.001176,0.003931
0,0.139021,0.157158,0.225679,0.069587,0.274651,0.11366,0.002426,0.003931
0,0.214799,0.131593,0.050992,-0.010838,0.002109,-0.046498,0.003749,0.003931
0,0.078147,-0.03562,-0.145077,-0.149749,-0.187364,-0.104738,0.001364,0.003931
0,-0.032867,0.05544,-0.125642,0.077223,-0.076596,0.063844,0.000574,0.003931
0,-0.023131,-0.107587,0.008658,-0.136199,0.007243,-0.153655,0.000404,0.003931
0,-0.020047,0.000414,-0.024801,0.108648,-0.027593,0.146257,0.00035,0.003931
0,0.114492,-0.062605,0.132414,-0.033455,0.125484,-0.022784,0.001998,0.003931
0,-0.032085,-0.088133,-0.140902,-0.005848,-0.092439,-0.051588,0.00056,0.003931
0,0.15836,-0.044404,0.196424,0.014868,0.158961,0.056615,0.002764,0.003931
0,0.115913,0.032208,-0.021176,0.106195,-0.063245,0.124551,0.002023,0.003931
0,0.160307,0.061015,0.030474,0.022707,0.01612,0.047172,0.002798,0.003931
0,0.121321,0.03311,-0.059085,-0.040042,-0.017927,-0.087028,0.002117,0.003931
0,-0.099113,-0.057993,-0.193907,-0.103103,-0.215523,-0.084097,0.00173,0.003931
0,0.095216,0.136383,0.197869,0.222053,0.185572,0.20456,0.001662,0.003931
0,0.005248,0.126683,-0.07267,-0.02995,-0.047484,-0.01266,9.2e-05,0.003931
0,0.068121,-0.104767,0.089114,-0.235256,0.083347,-0.268266,0.001189,0.003931
0,-0.042073,-0.102032,-0.117071,0.020495,-0.077441,-0.0049,0.000734,0.003931
0,0.056145,-0.151929,0.074073,-0.068408,0.059969,-0.028172,0.00098,0.003931
0,0.153427,0.098689,0.105193,0.26041,0.123867,0.231965,0.002678,0.003931
0,-0.010361,-0.021944,-0.158795,-0.091022,-0.17656,-0.060236,0.000181,0.003931
0,-0.216028,-0.1324,-0.186924,-0.126459,-0.141197,-0.099328,0.00377,0.003931
0,-0.151834,0.100044,0.047465,0.232007,0.085922,0.270038,0.00265,0.003931
0,0.052083,0.119707,0.188858,0.017684,0.185091,0.021336,0.000909,0.003931
0,0.003845,0.045185,-0.064655,-0.103286,-0.032246,-0.091237,6.7e-05,0.003931
0,-0.02663,-0.046067,-0.044635,-0.08502,-0.043385,-0.038499,0.000465,0.003931
0,0.021883,0.142272,0.033593,0.188451,0.047583,0.142167,0.000382,0.003931
0,0.02648,0.158332,-0.007808,0.024515,0.029099,0.007508,0.000462,0.003931
0,-0.282798,-0.040139,-0.28192,-0.172227,-0.312196,-0.136033,0.004936,0.003931
0,-0.139627,0.144985,0.126968,0.184253,0.106706,0.214754,0.002437,0.003931
0,-0.015876,0.000467,0.133238,-0.172398,0.086092,-0.157447,0.000277,0.003931
0,-0.201115,0.112,-0.15789,0.08284,-0.176678,0.101379,0.00351,0.003931
0,-0.008343,0.156142,0.209886,0.026749,0.251413,0.066691,0.000146,0.003931
0,-0.111508,-0.022862,-0.113862,-0.193913,-0.081709,-0.191491,0.001946,0.003931
0,-1.649758,0.006608,-1.525366,0.038116,-1.501669,0.038638,0.00529,0.003931
0,-3.404772,0.02368,-1.727425,0.042628,-1.688321,0.071281,0.000666,0.003931
0,-3.241555,0.047668,0.1873,-0.000825,0.139246,-0.045218,0.002183,0.003931
0,-4.096639,-0.064187,-0.87264,-0.115586,-0.89056,-0.136787,0.00099,0.003931
0,-3.393317,0.039279,0.696368,0.110218,0.692613,0.106243,0.000466,0.003931
0,-2.974631,-0.183318,0.427011,-0.232058,0.430357,-0.258681,0.00491,0.003931
0,-2.513184,-0.187383,0.472349,0.024499,0.454305,-0.018815,0.003143,0.003931
0,-2.053921,-0.112473,0.467916,0.065648,0.43493,0.090731,0.000593,0.003931
0,-1.349129,-0.182466,0.720269,-0.046995,0.721561,-0.014806,4.3e-05,0.003931
0,-1.191343,-0.110429,0.13602,0.062119,0.139431,0.097545,0.002711,0.003931
0,-0.671896,-0.000478,0.512846,0.1172,0.489619,0.104087,2.5e-05,0.003931
0,-0.405397,-0.210725,0.275066,-0.234989,0.307825,-0.229844,0.004676,0.003931
0,0.17966,-0.164825,0.601729,0.066767,0.578039,0.056404,0.003136,0.003931
0,0.330549,0.063351,0.162295,0.250327,0.161521,0.274682,0.005769,0.003931
0,0.432412,-0.102907,0.092161,-0.181662,0.105787,-0.191966,0.004205,0.003931
0,0.54622,0.035166,0.116697,0.147204,0.130374,0.18704,0.002218,0.003931
0,0.197394,-0.117811,-0.376467,-0.1389,-0.376139,-0.156395,0.003445,0.003931
0,0.273252,-0.141232,0.04949,-0.022244,-0.000322,-0.042668,0.004769,0.003931
0,0.257022,-0.200658,-0.010625,-0.056204,-0.024072,-0.096134,0.004486,0.003931
0,0.155082,-0.071181,-0.07329,0.125884,-0.086857,0.083356,0.002707,0.003931
0,0.262323,-0.029461,0.136613,0.071145,0.184275,0.026901,0.004578,0.003931
0,0.155459,-0.198996,-0.078153,-0.156638,-0.054406,-0.124446,0.002713,0.003931
0,0.195257,-0.169538,0.031229,0.039592,0.076448,0.06365,0.003408,0.003931
0,0.28498,-0.093977,0.063551,0.066462,0.045993,0.080178,0.004974,0.003931
0,0.263031,-0.167534,-0.05069,-0.086439,-0.056726,-0.119247,0.004591,0.003931
0,0.308349,0.108549,0.019275,0.261036,0.067316,0.253643,0.005382,0.003931
0,0.305196,0.125654,-0.011444,0.010557,-0.05428,0.047029,0.005327,0.003931
0,0.362254,-0.053849,0.065226,-0.158283,0.047729,-0.133793,0.005429,0.003931
0,0.135175,-0.067051,-0.242423,-0.042529,-0.215984,-0.086797,0.002359,0.003931
0,0.153669,0.10366,0.022576,0.196194,0.013967,0.209914,0.002682,0.003931
0,0.332999,0.078898,0.199023,-0.038194,0.204324,-0.03059,0.005812,0.003931
0,0.32401,-0.148041,-0.026115,-0.202724,-0.017845,-0.213396,0.005655,0.003931
0,0.219679,-0.057542,-0.080229,0.103156,-0.095443,0.148234,0.003834,0.003931
0,0.029985,0.107887,-0.200706,0.165792,-0.162063,0.204928,0.000523,0.003931
0,0.02632,0.009097,-0.027439,-0.111433,-0.050129,-0.116358,0.000459,0.003931
0,0.187768,0.038833,0.188841,0.046765,0.183292,0.071971,0.003277,0.003931
0,-0.063758,-0.142983,-0.23936,-0.160197,-0.210376,-0.186535,0.001113,0.003931
0,0.005366,0.049266,0.088485,0.199942,0.049659,0.192235,9.4e-05,0.003931
0,-0.040109,0.020714,-0.055466,-0.043947,-0.037871,-0.021599,0.0007,0.003931
0,-0.079048,-0.058341,-0.027268,-0.099661,-0.029207,-0.104178,0.00138,0.003931
0,0.082304,-0.18526,0.135597,-0.152933,0.093425,-0.199102,0.001436,0.003931
0,-0.064269,0.0148,-0.133372,0.216369,-0.14927,0.225401,0.001122,0.003931
0,0.149271,-0.145314,0.208651,-0.175257,0.172482,-0.213985,0.002605,0.003931
0,-0.081866,-0.079306,-0.201602,0.078597,-0.247946,0.084161,0.001429,0.003931
0,-0.136972,0.109715,-0.061121,0.18995,-0.051269,0.206158,0.002391,0.003931
0,0.10446,0.050775,0.250894,-0.076086,0.264452,-0.051019,0.001823,0.003931
0,0.015334,-0.109257,-0.102,-0.169979,-0.149321,-0.167108,0.000268,0.003931
0,0.106119,0.036217,0.095753,0.13477,0.069812,0.121979,0.001852,0.003931
0,0.067686,-0.063677,-0.01049,-0.076659,-0.039546,-0.106457,0.001181,0.003931
0,0.018557,0.043568,-0.034946,0.079126,0.002333,0.041614,0.000324,0.003931
0,-0.085456,0.041308,-0.110429,0.023173,-0.127827,0.023388,0.001491,0.003931
0,0.032186,-0.168076,0.142495,-0.224099,0.182036,-0.183677,0.000562,0.003931
0,-0.06199,-0.10474,-0.071356,0.061125,-0.104982,0.09283,0.001082,0.003931
0,0.03568,-0.069821,0.124338,0.06348,0.077556,0.034059,0.000623,0.003931
0,-0.182462,-0.096503,-0.222268,-0.026181,-0.252029,-0.040589,0.003185,0.003931
0,-0.072123,0.076952,0.080364,0.147154,0.091898,0.154071,0.001259,0.003931
0,-0.056591,-0.190587,-0.012899,-0.260703,0.035586,-0.304905,0.000988,0.003931
0,-0.157737,-0.041902,-0.126086,0.149831,-0.152397,0.16192,0.002753,0.003931
0,-0.074861,-0.16615,0.110627,-0.136613,0.15723,-0.16229,0.001307,0.003931
0,-0.004407,-0.101204,0.074934,0.093379,0.099022,0.048224,7.7e-05,0.003931
0,-0.087726,0.009466,-0.097382,0.133931,-0.060173,0.084311,0.001531,0.003931
0,0.060464,-0.165784,0.165829,-0.181135,0.182857,-0.219483,0.001055,0.003931
0,0.025643,0.098547,-0.013303,0.252177,-0.004975,0.301905,0.000448,0.003931
0,0.025893,0.092883,-0.008593,-0.027904,-0.032375,-0.02582,0.000452,0.003931
0,0.120257,-0.189908,0.085337,-0.309345,0.098308,-0.340172,0.002099,0.003931
0,-0.046771,-0.115105,-0.190956,0.08551,-0.194443,0.108194,0.000816,0.003931
0,-0.073044,-0.181909,-0.004255,-0.047881,0.04245,-0.028392,0.001275,0.003931
0,-0.080889,0.117949,-0.003897,0.321353,-0.006084,0.290691,0.001412,0.003931
0,-0.038143,-0.085056,0.052967,-0.219381,0.013686,-0.219822,0.000666,0.003931
0,-0.171026,0.06555,-0.157006,0.128848,-0.137712,0.104269,0.002985,0.003931
0,-0.130028,-0.074938,0.049774,-0.115292,0.009019,-0.076506,0.002269,0.003931
0,0.042417,0.092985,0.184679,0.196168,0.220526,0.177539,0.00074,0.003931
0,0.051541,-0.16367,0.031962,-0.245446,0.040058,-0.232286,0.0009,0.003931
0,0.044548,-0.168243,-0.036906,0.020118,-0.045859,-0.008798,0.000778,0.003931
0,0.097305,0.099298,0.049446,0.276037,0.04858,0.312625,0.001698,0.003931
0,0.015406,0.110431,-0.098851,0.005238,-0.116131,0.011859,0.000269,0.003931
0,0.236139,-0.128863,0.229077,-0.238327,0.209542,-0.193347,0.004121,0.003931
0,0.035266,-0.029322,-0.174595,0.113167,-0.160462,0.131546,0.000616,0.003931
0,0.229855,0.042326,0.171062,0.065973,0.127113,0.035544,0.004012,0.003931
0,0.140594,0.056808,-0.082579,0.030292,-0.045611,0.005524,0.002454,0.003931
0,-0.033806,-0.153245,-0.145885,-0.200578,-0.134577,-0.207371,0.00059,0.003931
0,0.084597,-0.14988,0.089687,-0.001004,0.04416,0.040502,0.001477,0.003931
0,0.062126,0.101847,-0.03764,0.227091,-0.046324,0.230216,0.001084,0.003931
0,0.032042,0.091035,-0.045386,-0.01068,-0.027189,0.032028,0.000559,0.003931
0,0.169276,0.005453,0.135109,-0.08284,0.164958,-0.113202,0.002954,0.003931
0,-0.066178,0.007438,-0.211401,0.012558,-0.222114,0.039622,0.001155,0.003931
0,0.027417,-0.052238,0.119223,-0.084386,0.141669,-0.091395,0.000479,0.003931
0,0.006106,-0.146901,-0.027086,-0.117711,0.006883,-0.153171,0.000107,0.003931
0,0.13191,0.058668,0.107872,0.226254,0.101922,0.266205,0.002302,0.003931
0,0.185964,-0.007525,0.04728,-0.038012,0.03287,-0.061851,0.003246,0.003931
0,-0.06989,-0.165261,-0.257533,-0.130681,-0.255294,-0.152647,0.00122,0.003931
0,0.111115,0.064382,0.157792,0.218843,0.160323,0.26364,0.001939,0.003931
0,0.087654,-0.079111,-0.012443,-0.119886,-0.011863,-0.144927,0.00153,0.003931
0,0.053076,0.068002,-0.047096,0.155007,-0.094534,0.137851,0.000926,0.003931
0,-0.000894,0.076996,-0.031983,0.003597,-0.047086,-0.026285,1.6e-05,0.003931
0,-0.047048,-0.016717,-0.051706,-0.06508,-0.054508,-0.109609,0.000821,0.003931
0,-0.173258,-0.100264,-0.115381,-0.0937,-0.129314,-0.056898,0.003024,0.003931
0,-0.076348,0.044066,0.122792,0.140526,0.092593,0.171159,0.001333,0.003931
0,-0.042529,-0.116974,0.008971,-0.167698,0.053492,-0.124975,0.000742,0.003931
0,0.075129,-0.110638,0.09055,0.011102,0.134419,0.000828,0.001311,0.003931
0,0.176405,-0.113005,0.088326,0.021427,0.073051,0.06535,0.003079,0.003931
0,-0.117367,0.064076,-0.289556,0.17186,-0.305265,0.160386,0.002048,0.003931
0,-0.060077,-0.047792,0.070922,-0.121612,0.111532,-0.082421,0.001049,0.003931
0,0.097771,-0.071613,0.177727,-0.017524,0.155277,-0.0011,0.001706,0.003931
0,0.132029,0.149668,0.054215,0.245388,0.100857,0.211499,0.002304,0.003931
0,0.122102,0.027017,0.014672,-0.122405,0.032221,-0.129664,0.002131,0.003931
0,-0.102598,-0.086918,-0.207062,-0.133116,-0.170588,-0.116734,0.001791,0.003931
0,-0.054546,0.17714,0.044706,0.234273,0.084425,0.240455,0.000952,0.003931
0,-0.011125,0.100047,0.026978,-0.106451,0.067032,-0.074878,0.000194,0.003931
0,0.030158,-0.12897,0.034894,-0.214038,0.059974,-0.230601,0.000526,0.003931
0,0.027832,-0.109196,-0.01971,0.037084,-0.010203,0.034508,0.000486,0.003931
0,-0.021512,-0.06695,-0.019838,0.045243,-0.04467,0.091091,0.000375,0.003931
0,-0.081117,-0.097445,-0.034179,-0.054638,-0.078793,-0.032269,0.001416,0.003931
0,-0.147642,-0.031406,-0.073401,0.074676,-0.053398,0.087812,0.002577,0.003931
0,-0.147816,0.155321,-0.026367,0.178077,-0.073645,0.213514,0.00258,0.003931
0,-0.023635,0.059825,0.09796,-0.116886,0.05659,-0.093202,0.000413,0.003931
0,-0.010505,0.107639,0.034803,0.052914,-0.010954,0.031721,0.000183,0.003931
0,-0.158492,-0.096619,-0.138209,-0.203478,-0.183356,-0.21497,0.002766,0.003931
0,0.12273,0.044786,0.257399,0.16465,0.27957,0.143937,0.002142,0.003931
0,-0.126696,0.134724,-0.276835,0.116655,-0.249542,0.156436,0.002211,0.003931
0,0.015879,0.147355,0.123894,0.000734,0.095116,-0.032651,0.000277,0.003931
0,-0.000778,0.202492,-0.001803,0.035224,-0.022663,0.030312,1.4e-05,0.003931
0,-0.089006,-0.012321,-0.074393,-0.191092,-0.055684,-0.160649,0.001553,0.003931
0,0.154619,0.19917,0.271916,0.192958,0.250556,0.199459,0.002699,0.003931
0,-0.102539,0.131558,-0.268481,-0.054978,-0.251293,-0.074378,0.00179,0.003931
0,-0.150095,0.129958,-0.066698,-0.012446,-0.114527,-0.05222,0.00262,0.003931
0,0.09673,0.071152,0.235388,-0.033953,0.249367,-0.064608,0.001688,0.003931
0,-0.036995,-0.008147,-0.127818,-0.0856,-0.148809,-0.052344,0.000646,0.003931
0,0.087613,-0.016723,0.095645,-0.023481,0.052767,0.013285,0.001529,0.003931
0,-0.082196,0.117353,-0.176399,0.11101,-0.164387,0.160983,0.001435,0.003931
0,-0.198104,-0.040899,-0.103361,-0.163895,-0.064653,-0.122331,0.003458,0.003931
0,0.10062,-0.046424,0.283465,0.010286,0.292381,0.020118,0.001756,0.003931
0,0.069427,-0.02875,-0.044876,0.041225,-0.024188,-0.001004,0.001212,0.003931
0,-0.013799,0.038425,-0.073096,0.056692,-0.062748,0.07317,0.000241,0.003931
0,-0.011591,0.083209,-0.009328,0.054858,0.013459,0.03991,0.000202,0.003931
0,0.121014,0.006858,0.160345,-0.075814,0.178374,-0.075229,0.002112,0.003931
0,-0.122995,0.245024,-0.230822,0.266116,-0.240034,0.283757,0.002147,0.003931
0,-0.037517,0.189456,0.058159,-0.081172,0.032208,-0.050587,0.000655,0.003931
0,-0.126108,-0.040812,-0.105367,-0.234627,-0.090087,-0.204605,0.002201,0.003931
0,-0.159349,0.18254,-0.046458,0.211906,-0.086684,0.192919,0.002781,0.003931
0,0.046582,-0.016335,0.219494,-0.206478,0.186561,-0.255247,0.000813,0.003931
0,-0.137809,-0.009179,-0.19884,-0.008938,-0.153932,0.017303,0.002405,0.003931
0,-2.8361,0.033791,-2.670132,0.017075,-2.691441,-0.013074,0.002492,0.003931
0,-2.772481,0.090009,0.084457,0.084303,0.0493,0.101959,0.001382,0.003931
0,-2.592439,0.122509,0.199637,0.030841,0.155628,0.075253,0.00176,0.003931
0,-2.965614,-0.057065,-0.361935,-0.161594,-0.343319,-0.182963,0.004753,0.003931
0,-3.310621,-0.129771,-0.340233,-0.061447,-0.311206,-0.016904,0.000977,0.003931
0,-4.697357,-0.027439,-1.372793,0.089305,-1.348416,0.097904,0.000278,0.003931
0,-4.117244,-0.026746,0.576158,0.02187,0.530126,-0.021253,0.001349,0.003931
0,-4.388722,-0.197702,-0.29705,-0.190389,-0.336583,-0.174132,0.005664,0.003931
0,-3.898149,0.07625,0.50044,0.267432,0.534684,0.27284,0.002475,0.003931
0,-2.367688,0.026831,1.544333,-0.078407,1.587025,-0.106178,0.005683,0.003931
0,-1.406003,-0.096543,0.96708,-0.108049,0.937825,-0.13164,0.001036,0.003931
0,-0.650141,0.00382,0.762106,0.124839,0.72458,0.126038,0.000405,0.003931
0,-0.522164,-0.116106,0.120304,-0.148293,0.153823,-0.101254,0.002638,0.003931
0,-0.258519,0.004313,0.247446,0.14009,0.290527,0.14669,0.004512,0.003931
0,-0.224336,0.046753,0.04186,0.037005,0.079682,0.05374,0.003915,0.003931
0,0.094793,-0.076028,0.324178,-0.14291,0.282509,-0.097823,0.001654,0.003931
0,0.066508,0.050744,-0.000127,0.14916,-0.002294,0.120735,0.001161,0.003931
0,0.366081,0.008565,0.312575,-0.041042,0.275033,-0.085013,0.005362,0.003931
0,0.344831,-0.132476,-0.019715,-0.123358,-0.033045,-0.077953,0.005733,0.003931
0,0.17478,0.061582,-0.16859,0.218949,-0.180209,0.241285,0.00305,0.003931
0,0.241297,0.050296,0.058391,0.007403,0.097822,0.031979,0.004211,0.003931
0,0.285164,0.023785,0.021301,-0.038233,0.052018,-0.072627,0.004977,0.003931
0,0.12405,-0.040867,-0.173125,-0.086552,-0.166658,-0.060825,0.002165,0.003931
0,0.198925,0.00055,0.085118,0.066345,0.035125,0.020839,0.003472,0.003931
0,0.281238,-0.064072,0.080161,-0.054003,0.076317,-0.049959,0.004909,0.003931
0,0.292239,-0.177234,-0.017198,-0.11318,-0.041143,-0.149061,0.005101,0.003931
0,0.008418,-0.21179,-0.31156,-0.013109,-0.35895,-0.022672,0.000147,0.003931
0,0.164337,0.055568,0.145317,0.29619,0.122014,0.345161,0.002868,0.003931
0,0.043495,-0.211691,-0.138042,-0.24078,-0.137613,-0.245911,0.000759,0.003931
0,0.319658,-0.053691,0.247826,0.135463,0.222241,0.159104,0.005579,0.003931
0,0.311566,-0.090403,0.012916,-0.062592,0.00391,-0.08506,0.005438,0.003931
0,0.117142,-0.197746,-0.173283,-0.135076,-0.139207,-0.090138,0.002045,0.003931
0,0.182992,-0.093206,0.083064,0.100057,0.114749,0.051695,0.003194,0.003931
0,0.148376,-0.022288,-0.054165,0.07365,-0.069999,0.052986,0.00259,0.003931
0,0.088111,0.039626,-0.042107,0.064574,-0.002988,0.081933,0.001538,0.003931
0,0.017183,0.019789,-0.091763,-0.034215,-0.101389,-0.014753,0.0003,0.003931
0,0.100969,-0.067891,0.113673,-0.102356,0.139155,-0.103703,0.001762,0.003931
0,0.115546,-0.066401,0.0438,0.030868,-0.000298,0.027045,0.002017,0.003931
0,0.163947,0.126644,0.059614,0.187824,0.049777,0.1712,0.002861,0.003931
0,0.110786,0.029626,-0.079592,-0.079578,-0.044772,-0.034381,0.001934,0.003931
0,-0.014129,-0.032419,-0.102113,-0.084792,-0.067581,-0.063059,0.000247,0.003931
0,0.030869,0.024743,0.05943,0.063483,0.083788,0.080535,0.000539,0.003931
0,0.058588,0.084199,0.002292,0.084939,-0.040114,0.108321,0.001023,0.003931
0,-0.057019,0.037404,-0.086627,-0.026872,-0.11558,-0.054525,0.000995,0.003931
0,-0.020943,-0.100713,0.028194,-0.133874,0.033195,-0.099502,0.000366,0.003931
0,-0.064503,0.147824,-0.063203,0.245249,-0.069564,0.273731,0.001126,0.003931
0,-0.111254,-0.043013,-0.028959,-0.183821,0.019308,-0.165048,0.001942,0.003931
0,-0.019652,-0.153869,0.083688,-0.10533,0.10932,-0.136973,0.000343,0.003931
0,-0.019695,-0.070208,0.024624,0.087045,-0.019955,0.069574,0.000344,0.003931
0,0.086465,0.105535,0.096428,0.178019,0.07312,0.192576,0.001509,0.003931
0,0.04683,0.061805,-0.044051,-0.014457,-0.085823,-0.055876,0.000817,0.003931
0,0.075839,0.011302,0.04164,-0.021475,0.083401,-7.4e-05,0.001324,0.003931
0,-0.032465,0.152922,-0.108911,0.159204,-0.131513,0.176113,0.000567,0.003931
0,-0.019818,-0.043756,0.000132,-0.186766,0.000458,-0.226057,0.000346,0.003931
0,-0.137858,0.122793,-0.141434,0.164037,-0.186974,0.128671,0.002406,0.003931
0,-0.174081,0.004204,-0.010364,-0.109334,-0.040541,-0.096545,0.003038,0.003931
0,-0.104958,0.086305,0.093668,0.054876,0.052151,0.026073,0.001832,0.003931
0,0.113747,0.006209,0.201947,-0.088019,0.162775,-0.125952,0.001985,0.003931
0,0.158137,0.129194,0.044079,0.143449,0.013318,0.156752,0.00276,0.003931
0,0.043154,0.03184,-0.142205,-0.07483,-0.103628,-0.095075,0.000753,0.003931
0,-0.045185,-0.090897,-0.090158,-0.116193,-0.084972,-0.10889,0.000789,0.003931
0,-0.044757,-0.028604,0.017977,0.065546,0.038524,0.021638,0.000781,0.003931
0,0.014216,-0.094143,0.07635,-0.074297,0.055348,-0.094441,0.000248,0.003931
0,-0.164003,0.082001,-0.206172,0.153688,-0.227963,0.188392,0.002862,0.003931
0,-0.220739,0.080716,-0.033623,0.00758,-0.064511,-0.015419,0.003853,0.003931
0,-0.074373,0.068917,0.14368,-0.026712,0.151743,-0.019552,0.001298,0.003931
0,-0.159522,0.076634,-0.08031,0.012811,-0.060936,0.051362,0.002784,0.003931
0,-0.028184,-0.079152,0.150557,-0.169479,0.179003,-0.140702,0.000492,0.003931
0,0.017846,-0.114399,0.040226,-0.047339,-0.003179,-0.037371,0.000311,0.003931
0,-0.063556,-0.051446,-0.063737,0.048539,-0.069839,0.007238,0.001109,0.003931
0,0.024342,0.076438,0.117735,0.131288,0.092062,0.151024,0.000425,0.003931
0,0.147276,0.014466,0.131,-0.037878,0.167237,0.005364,0.00257,0.003931
0,0.10788,-0.124332,-0.046691,-0.150049,-0.024933,-0.112369,0.001883,0.003931
0,0.106917,0.116581,1.3e-05,0.269878,-0.012507,0.301231,0.001866,0.003931
0,-0.038744,-0.001931,-0.127951,-0.140614,-0.159045,-0.164747,0.000676,0.003931
0,-0.043327,-0.007822,0.013232,-0.027622,0.063001,-0.067922,0.000756,0.003931
0,0.194976,-0.041384,0.246515,-0.02243,0.282594,0.010689,0.003403,0.003931
0,-0.025425,-0.180844,-0.225323,-0.111389,-0.226795,-0.087045,0.000444,0.003931
0,0.201058,0.101868,0.240714,0.309974,0.224435,0.350757,0.003509,0.003931
0,-0.021326,0.076374,-0.22233,-0.050111,-0.215043,-0.074982,0.000372,0.003931
0,-0.09569,-0.167238,-0.099309,-0.251646,-0.101572,-0.235193,0.00167,0.003931
0,0.122515,-0.191986,0.19435,-0.03082,0.147917,-0.034611,0.002138,0.003931
0,-0.049134,-0.059977,-0.158137,0.103733,-0.144247,0.127893,0.000858,0.003931
0,0.06747,-0.139991,0.093748,-0.096105,0.054734,-0.064879,0.001178,0.003931
0,0.063776,0.069859,0.014094,0.234186,-0.018185,0.234243,0.001113,0.003931
0,-0.140316,0.064228,-0.194327,0.010096,-0.244162,-0.032469,0.002449,0.003931
0,0.085837,0.026196,0.252296,-0.034308,0.293301,-0.053306,0.001498,0.003931
0,-0.021656,-0.138342,-0.095249,-0.194272,-0.110154,-0.149464,0.000378,0.003931
0,0.066008,-0.168841,0.076565,-0.022183,0.048839,0.005097,0.001152,0.003931
0,-0.105768,-0.18938,-0.17926,-0.026316,-0.217911,-0.026894,0.001846,0.003931
0,0.076417,-0.083588,0.20656,0.089741,0.233081,0.118056,0.001334,0.003931
0,0.11619,0.021012,0.053913,0.079738,0.058523,0.113778,0.002028,0.003931
0,-0.005089,-0.118614,-0.110528,-0.140731,-0.156352,-0.121692,8.9e-05,0.003931
0,0.010792,-0.034724,0.019096,0.072705,0.027358,0.041599,0.000188,0.003931
0,0.140587,-0.086987,0.116362,-0.056471,0.077574,-0.009774,0.002454,0.003931
0,-0.048261,0.0212,-0.176999,0.112206,-0.167096,0.151766,0.000842,0.003931
0,0.233841,0.093253,0.301674,0.084072,0.331122,0.076914,0.004081,0.003931
0,0.056379,-0.046141,-0.149536,-0.122534,-0.111781,-0.150856,0.000984,0.003931
0,0.086473,-0.162916,0.058133,-0.096782,0.060172,-0.114837,0.001509,0.003931
0,0.170742,-0.182384,0.080181,-0.038615,0.11824,-0.008002,0.00298,0.003931
0,-0.045406,-0.037292,-0.208295,0.143693,-0.237171,0.18309,0.000792,0.003931
0,0.042477,0.005234,0.108647,0.012858,0.059992,0.033756,0.000741,0.003931
0,-0.016669,0.018678,-0.039019,0.021884,-0.008496,-0.00627,0.000291,0.003931
0,0.091836,-0.183715,0.132559,-0.212781,0.180826,-0.218557,0.001603,0.003931
0,0.046701,-0.171286,-0.035571,-0.008492,-0.002891,-0.044848,0.000815,0.003931
0,0.240989,-0.032611,0.183604,0.128321,0.218671,0.078508,0.004206,0.003931
0,0.047813,0.069704,-0.181832,0.10508,-0.218519,0.060238,0.000834,0.003931
0,0.105139,-0.182221,0.058733,-0.259424,0.052313,-0.278874,0.001835,0.003931
0,0.037653,-0.069375,-0.050774,0.142412,-0.092438,0.160273,0.000657,0.003931
0,0.022527,-0.193367,0.012682,-0.12561,-0.029112,-0.103146,0.000393,0.003931
0,0.083297,-0.003281,0.051674,0.208418,0.021125,0.190475,0.001454,0.003931
0,-0.125217,-0.09672,-0.211476,-0.084447,-0.258899,-0.095693,0.002185,0.003931
0,0.101911,-0.095102,0.204304,0.01266,0.23523,0.049754,0.001779,0.003931
0,0.220913,0.002345,0.131397,0.084558,0.094849,0.100349,0.003856,0.003931
0,0.001984,-0.068269,-0.228433,-0.078397,-0.205008,-0.042401,3.5e-05,0.003931
0,0.049342,0.139349,0.024487,0.204594,-0.015359,0.210629,0.000861,0.003931
0,0.202124,-0.01002,0.146694,-0.170817,0.16296,-0.141395,0.003528,0.003931
0,0.199677,-0.120554,-0.017952,-0.13677,-0.044605,-0.148074,0.003485,0.003931
0,0.067427,-0.153714,-0.152341,-0.026574,-0.163935,0.011061,0.001177,0.003931
0,0.022384,0.129951,-0.06582,0.253776,-0.10004,0.209685,0.000391,0.003931
0,0.007993,-0.049382,-0.000757,-0.181803,0.027927,-0.177532,0.000139,0.003931
0,0.196268,0.135729,0.167903,0.161986,0.187077,0.134711,0.003426,0.003931
0,0.0845,-0.009892,-0.09475,-0.129208,-0.127422,-0.10626,0.001475,0.003931
0,-0.029821,-0.129166,-0.119166,-0.137982,-0.089256,-0.162197,0.00052,0.003931
0,-0.04284,-0.000339,-0.038289,0.136192,-0.083456,0.183004,0.000748,0.003931
0,0.204661,0.122678,0.232273,0.116713,0.187841,0.156388,0.003572,0.003931
0,0.24395,-0.066401,0.025608,-0.206559,0.02133,-0.205302,0.004258,0.003931
0,0.19832,0.03451,-0.063999,0.112592,-0.078839,0.089544,0.003461,0.003931
0,0.173797,0.036834,-0.023738,-0.005083,-0.042575,-0.0086,0.003033,0.003931
0,0.303715,-0.110478,0.11036,-0.168411,0.150774,-0.120097,0.005301,0.003931
0,0.033979,0.042568,-0.25936,0.139796,-0.266958,0.112155,0.000593,0.003931
0,0.100246,0.165465,0.066713,0.132519,0.080487,0.138086,0.00175,0.003931
0,0.015363,0.089382,-0.076253,-0.082758,-0.078579,-0.083352,0.000268,0.003931
0,0.068876,-0.094296,0.082255,-0.199341,0.131699,-0.19103,0.001202,0.003931
0,-0.05668,0.143278,-0.118156,0.239228,-0.138418,0.227809,0.000989,0.003931
0,-0.00703,0.123818,0.072154,-0.021275,0.030829,0.015696,0.000123,0.003931
0,0.134597,0.168263,0.134903,0.021621,0.141994,-0.022788,0.002349,0.003931
0,0.198204,-0.004777,0.048478,-0.15041,0.027635,-0.139796,0.003459,0.003931
0,0.12164,0.133754,-0.07201,0.148781,-0.0577,0.119402,0.002123,0.003931
0,-0.011239,0.007448,-0.148918,-0.113781,-0.179469,-0.094865,0.000196,0.003931
0,0.12654,-0.021189,0.117407,-0.002296,0.14477,-0.033623,0.002209,0.003931
0,-0.017883,-0.064078,-0.129526,-0.051193,-0.089694,-0.002197,0.000312,0.003931
0,-0.120126,8.7e-05,-0.130626,0.061741,-0.122187,0.110611,0.002097,0.003931
0,-0.033625,0.020798,0.095512,0.03075,0.091257,0.040781,0.000587,0.003931
0,-1.784152,-0.285372,-1.779697,-0.298341,-1.825062,-0.280664,0.004116,0.004981
0,-3.656185,-0.607051,-1.849629,-0.316264,-1.845281,-0.282185,0.005054,0.001157
0,-5.963967,-1.165657,-2.329958,-0.583086,-2.294881,-0.557072,0.001674,0.003159
0,-5.73977,-0.936966,0.200068,0.247889,0.170826,0.273861,0.005587,0.004601
0,-4.387179,-0.885012,1.359917,0.036161,1.334478,0.071074,0.005691,0.003695
0,-3.072453,-1.058193,1.331183,-0.16209,1.346438,-0.18474,0.005134,0.005034
0,-2.243499,-0.777282,0.80969,0.285027,0.765097,0.272314,0.003901,0.001814
0,-1.680705,-0.646218,0.588627,0.153954,0.624586,0.151853,0.00583,0.000473
0,-0.754203,-0.334846,0.905063,0.299154,0.875335,0.277966,0.001412,0.005844
0,-0.509451,-0.252401,0.244427,0.100816,0.282534,0.127198,0.00286,0.004405
0,0.03767,-0.079057,0.56367,0.177103,0.575694,0.17373,0.000657,0.00138
0,0.231532,-0.170411,0.17401,-0.078645,0.17223,-0.044673,0.004041,0.002974
0,0.288805,-0.206291,0.070042,-0.056238,0.059946,-0.073474,0.005041,0.0036
0,0.239463,-0.077443,-0.037829,0.120801,-0.012145,0.162391,0.004179,0.001352
0,0.226561,0.03661,-0.031015,0.111168,-0.000602,0.099334,0.003954,0.000639
0,0.304679,-0.077941,0.068546,-0.098733,0.109333,-0.097805,0.005318,0.00136
0,0.525938,-0.117573,0.226421,-0.049859,0.217615,-0.055703,0.002572,0.002052
0,0.225801,0.011358,-0.298728,0.107002,-0.291099,0.107997,0.003941,0.000198
0,0.245061,0.062574,0.006052,0.061184,-0.040611,0.022218,0.004277,0.001092
0,0.257712,0.09433,0.034994,0.029157,0.068194,0.000466,0.004498,0.001646
0,0.115548,0.025156,-0.165429,-0.085104,-0.17183,-0.03931,0.002017,0.000439
0,0.104733,0.056372,0.018638,0.008992,0.019295,0.032763,0.001828,0.000984
0,0.085968,-0.00116,-0.034972,-0.075659,-0.015204,-0.062839,0.0015,2e-05
0,0.261935,-0.170894,0.176491,-0.165833,0.169381,-0.156519,0.004572,0.002983
0,0.207133,0.070603,-0.076656,0.230955,-0.045624,0.198956,0.003615,0.001232
0,0.27589,0.053911,0.080855,-0.034523,0.070242,-0.016519,0.004815,0.000941
0,0.075788,-0.003982,-0.200004,-0.080352,-0.155962,-0.032682,0.001323,6.9e-05
0,0.130389,-0.129093,0.072365,-0.14598,0.117278,-0.11018,0.002276,0.002253
0,0.223655,0.039735,0.070667,0.197514,0.070722,0.211332,0.003904,0.000694
0,0.115736,-0.095925,-0.091126,-0.117072,-0.128012,-0.082317,0.00202,0.001674
0,-0.081049,0.053827,-0.177886,0.166715,-0.144094,0.146794,0.001415,0.000939
0,0.127296,-0.100159,0.188989,-0.16421,0.211379,-0.141374,0.002222,0.001748
0,-0.04513,-0.144855,-0.164026,-0.05513,-0.176644,-0.025346,0.000788,0.002528
0,-0.02324,0.025181,0.039995,0.164714,0.087656,0.1562,0.000406,0.000439
0,-0.121449,0.07276,-0.102927,0.023065,-0.137191,-0.017617,0.00212,0.00127
0,-0.033914,-0.083812,0.071585,-0.182822,0.061148,-0.220649,0.000592,0.001463
0,0.003993,-0.075742,0.046422,0.017585,0.021325,0.009028,7e-05,0.001322
0,-0.012738,-0.031282,-0.01866,0.027228,0.010136,0.076495,0.000222,0.000546
0,-0.149351,-0.073477,-0.147109,-0.032678,-0.111775,-0.081534,0.002607,0.001282
0,0.005998,0.032117,0.171768,0.116397,0.221487,0.163368,0.000105,0.000561
0,0.077841,0.070631,0.090866,0.016775,0.106292,0.041698,0.001359,0.001233
0,0.093849,-0.03857,0.039735,-0.132126,0.04294,-0.125943,0.001638,0.000673
0,-0.098215,0.022873,-0.198093,0.053077,-0.232931,0.035367,0.001714,0.000399
0,0.056492,0.024158,0.176732,-0.00194,0.163687,-0.018785,0.000986,0.000422
0,0.078485,-0.040683,0.042732,-0.049162,0.090407,-0.015442,0.00137,0.00071
0,0.05978,0.088043,-0.015644,0.124813,-0.019938,0.077736,0.001043,0.001537
0,-0.030315,0.026957,-0.116242,-0.062329,-0.105983,-0.029886,0.000529,0.00047
0,0.091734,0.068432,0.116805,0.05469,0.162686,0.092309,0.001601,0.001194
0,0.118322,-0.013145,0.031382,-0.087488,0.055146,-0.107148,0.002065,0.000229
0,0.005122,-0.02156,-0.140239,-0.028213,-0.155164,0.013611,8.9e-05,0.000376
0,-0.094496,-0.092052,-0.104316,-0.08651,-0.06469,-0.044797,0.001649,0.001607
0,-0.088916,0.1417,-0.00286,0.220997,0.006314,0.201788,0.001552,0.002473
0,-0.157967,-0.051143,-0.092228,-0.187641,-0.0773,-0.21231,0.002757,0.000893
0,0.054053,0.002639,0.198425,0.049962,0.233791,0.087217,0.000943,4.6e-05
0,0.129301,-0.076825,0.099658,-0.062511,0.058157,-0.104379,0.002257,0.001341
0,-0.097168,0.139705,-0.246478,0.205882,-0.286577,0.186589,0.001696,0.002438
0,-0.11648,0.108444,-0.011157,-0.034688,0.01975,-0.040823,0.002033,0.001893
0,0.018849,-0.155236,0.157743,-0.248593,0.155492,-0.24818,0.000329,0.002709
0,-0.110388,-0.123269,-0.147123,0.046686,-0.120264,0.078742,0.001927,0.002151
0,0.04063,0.010145,0.142664,0.113855,0.158788,0.149155,0.000709,0.000177
0,-0.057039,0.03606,-0.092039,0.017486,-0.119931,-0.014759,0.000996,0.000629
0,0.000851,-0.150316,0.051527,-0.170118,0.001885,-0.143205,1.5e-05,0.002624
0,0.036289,-0.013873,0.013357,0.149846,0.062191,0.130171,0.000633,0.000242
0,0.017068,-0.023015,0.004866,0.014266,0.018844,0.011206,0.000298,0.000402
0,-0.006032,-0.040703,-0.046607,-0.0212,-0.086129,0.027986,0.000105,0.00071
0,0.142006,-0.047282,0.177773,0.008624,0.143899,0.050279,0.002478,0.000825
0,-0.123508,-0.179892,-0.246529,-0.114158,-0.259383,-0.094059,0.002156,0.00314
0,0.041783,0.115154,0.137194,0.280886,0.120224,0.281237,0.000729,0.00201
0,0.087424,0.13744,0.055338,0.017048,0.006638,0.040908,0.001526,0.002399
0,-0.11331,0.105917,-0.225086,-0.037798,-0.181208,-0.080806,0.001978,0.001849
0,-0.046698,0.06645,0.049347,-0.036037,0.025289,-0.035029,0.000815,0.00116
0,-0.007939,0.142067,0.012162,0.101592,-0.012812,0.136942,0.000139,0.00248
0,-0.077815,0.044269,-0.081517,-0.079812,-0.064834,-0.057553,0.001358,0.000773
0,-0.077906,0.086035,-0.011272,0.037633,-0.039651,0.076289,0.00136,0.001502
0,0.039816,-0.025643,0.136425,-0.097194,0.125363,-0.125943,0.000695,0.000448
0,-0.038033,-0.028097,-0.077056,-0.001004,-0.10778,-0.043345,0.000664,0.00049
0,-0.061892,-0.088471,0.001755,-0.040961,0.037272,-0.058146,0.00108,0.001544
0,-0.103887,0.116993,-0.050694,0.218602,-0.004153,0.217799,0.001813,0.002042
0,-0.080185,0.148721,0.018944,0.025685,-0.028172,0.051297,0.001399,0.002596
0,0.06349,0.079457,0.160284,-0.061137,0.117114,-0.026847,0.001108,0.001387
0,0.003395,-0.049738,-0.031658,-0.134465,-0.072623,-0.136468,5.9e-05,0.000868
0,-0.051796,0.107928,-0.04116,0.149971,-0.004326,0.118209,0.000904,0.001884
0,-0.062121,0.126602,-0.00692,0.007694,-0.023245,-0.022981,0.001084,0.00221
0,0.051718,0.014839,0.136779,-0.083256,0.155936,-0.101223,0.000903,0.000259
0,0.003271,0.113302,-0.053871,0.112743,-0.099796,0.09668,5.7e-05,0.001977
0,-0.026221,0.061278,-0.019263,-0.065052,-0.067545,-0.06807,0.000458,0.00107
0,-0.122269,-0.066348,-0.084586,-0.150234,-0.058534,-0.196842,0.002134,0.001158
0,0.061836,0.031524,0.157988,0.07507,0.161391,0.075553,0.001079,0.00055
0,-0.094184,-0.006291,-0.149977,-0.066973,-0.197289,-0.03054,0.001644,0.00011
0,-0.002706,-0.128929,0.085831,-0.14342,0.056416,-0.128214,4.7e-05,0.00225
0,0.089076,-0.080341,0.113678,0.03355,0.15183,-0.003323,0.001555,0.001402
0,-0.140572,-0.156378,-0.201098,-0.074753,-0.209168,-0.103246,0.002453,0.002729
0,0.052423,-0.004308,0.210466,0.131691,0.164699,0.17123,0.000915,7.5e-05
0,-0.04143,-0.107388,-0.11482,-0.129353,-0.121043,-0.130766,0.000723,0.001874
0,0.138275,-0.125357,0.183124,-0.038705,0.168587,-0.083541,0.002413,0.002188
0,0.131635,-0.117621,0.019046,0.00654,-0.02709,-0.028302,0.002297,0.002053
0,0.073568,0.111987,-0.066313,0.255473,-0.08964,0.210776,0.001284,0.001955
0,0.009966,-0.118133,-0.091323,-0.245401,-0.075474,-0.214449,0.000174,0.002062
0,-0.071809,-0.052685,-0.104128,0.08339,-0.136713,0.108286,0.001253,0.00092
0,-0.132191,0.041009,-0.046173,0.117346,-0.063692,0.164373,0.002307,0.000716
0,-0.195656,-0.023867,-0.066805,-0.092718,-0.053427,-0.091879,0.003415,0.000417
0,-0.008632,0.017717,0.187891,0.034582,0.17587,0.074521,0.000151,0.000309
0,-0.088033,-0.12123,-0.095239,-0.141129,-0.130699,-0.102604,0.001536,0.002116
0,-0.13229,0.032808,-0.056076,0.126676,-0.059386,0.114469,0.002309,0.000573
0,0.027928,-0.117789,0.158494,-0.160392,0.111709,-0.123911,0.000487,0.002056
0,-0.119406,0.007239,-0.146469,0.118456,-0.098452,0.137008,0.002084,0.000126
0,-0.019105,-0.03091,0.093115,-0.040033,0.115876,-0.014706,0.000333,0.000539
0,-0.122878,0.080964,-0.132902,0.123103,-0.128355,0.096901,0.002145,0.001413
0,-0.106607,-0.01913,0.033465,-0.075669,0.053802,-0.035593,0.001861,0.000334
0,-0.142593,-0.008388,-0.060564,0.017584,-0.047828,-0.020677,0.002489,0.000146
0,0.001642,-0.090762,0.144916,-0.083587,0.183301,-0.075512,2.9e-05,0.001584
0,-0.047277,0.096437,-0.07527,0.16559,-0.111434,0.176928,0.000825,0.001683
0,0.035436,0.042029,0.102728,-0.082782,0.088874,-0.071534,0.000618,0.000734
0,-0.077596,-0.033404,-0.134599,-0.061002,-0.133766,-0.065048,0.001354,0.000583
0,0.051832,-0.124248,0.100042,-0.066098,0.099255,-0.059864,0.000905,0.002169
0,-0.168119,-0.139354,-0.2455,-0.028682,-0.208481,-0.029474,0.002934,0.002432
0,-0.163035,-0.070318,0.012519,0.052256,-0.024782,0.027804,0.002845,0.001227
0,-0.211324,-0.134016,-0.044153,-0.043546,-0.005555,-0.007216,0.003688,0.002339
0,-0.1262,0.131205,0.079888,0.280122,0.112005,0.292037,0.002203,0.00229
0,-0.171282,0.095492,-0.063361,-0.048168,-0.080615,-0.062942,0.002989,0.001667
0,-0.270078,0.126478,-0.090271,0.054878,-0.062738,0.087327,0.004714,0.002207
0,-0.2148,0.071662,0.054556,-0.072408,0.056132,-0.100469,0.003749,0.001251
0,-0.183394,0.135721,0.044603,0.080797,0.013138,0.114956,0.003201,0.002369
0,-0.238828,0.122591,-0.070714,0.004207,-0.117091,0.006343,0.004168,0.00214
0,-0.016205,0.013773,0.231176,-0.138626,0.276372,-0.116406,0.000283,0.00024
0,-0.193862,0.02757,-0.193665,0.037104,-0.167569,0.02904,0.003384,0.000481
0,-0.061165,0.030856,0.13475,0.001219,0.09555,0.042956,0.001068,0.000539
0,-0.100725,-0.050236,-0.069408,-0.056137,-0.087342,-0.062228,0.001758,0.000877
0,-0.214967,0.075012,-0.11652,0.11951,-0.156072,0.090139,0.003752,0.001309
0,-0.081438,0.107149,0.146607,0.05272,0.15283,0.093403,0.001421,0.00187
0,-0.103773,0.177032,-0.016655,0.058179,-0.052739,0.099824,0.001811,0.00309
0,-0.055874,0.042939,0.062959,-0.157158,0.025785,-0.142625,0.000975,0.000749
0,0.027158,0.056209,0.096675,0.008939,0.058816,0.008956,0.000474,0.000981
0,-0.070148,0.091536,-0.090719,0.019365,-0.081003,-0.027288,0.001224,0.001598
0,0.002909,0.11133,0.065651,0.00367,0.083235,0.023016,5.1e-05,0.001943
0,0.028084,-0.074267,0.014486,-0.203287,0.009825,-0.242684,0.00049,0.001296
0,-0.175476,-0.033829,-0.188121,0.053953,-0.195738,0.057941,0.003063,0.00059
0,-0.006941,-0.098177,0.143969,-0.088877,0.173029,-0.068374,0.000121,0.001714
0,-0.167534,0.103689,-0.147019,0.174331,-0.158202,0.179582,0.002924,0.00181
0,-0.201945,0.123884,-0.049219,0.036328,-0.055136,-0.000739,0.003525,0.002162
0,-0.210364,0.152679,0.016859,0.058432,-0.004725,0.069288,0.003672,0.002665
0,-0.215073,-0.029826,-0.012177,-0.168565,0.021333,-0.158679,0.003754,0.000521
0,-0.292759,0.079355,-0.074918,0.125257,-0.05775,0.154724,0.00511,0.001385
0,-0.07254,0.167165,0.199636,0.104302,0.24644,0.065137,0.001266,0.002918
0,-0.214753,0.019892,-0.1652,-0.142294,-0.203979,-0.099982,0.003748,0.000347
0,-0.113928,-0.078625,0.107873,-0.126903,0.141042,-0.161921,0.001988,0.001372
0,-0.241981,-0.057332,-0.138298,0.040636,-0.123423,-0.003691,0.004223,0.001001
0,-0.094877,-0.078095,0.146236,-0.050679,0.139604,-0.030364,0.001656,0.001363
0,-0.125566,-0.071618,-0.028141,-0.007387,-0.065562,0.012804,0.002192,0.00125
0,-0.135052,0.014769,-0.024618,0.088167,-0.021697,0.098231,0.002357,0.000258
0,-0.112503,-0.06944,0.047538,-0.069894,0.056987,-0.091965,0.001964,0.001212
0,0.010587,0.122166,0.127917,0.201387,0.13798,0.220545,0.000185,0.002132
0,-0.067817,-0.070433,-0.063623,-0.210298,-0.103203,-0.198459,0.001184,0.001229
0,0.072046,0.00771,0.128695,0.08551,0.15348,0.084098,0.001257,0.000135
0,0.064361,-0.007151,-0.029514,-0.005909,-0.044453,-0.043457,0.001123,0.000125
0,-0.028056,0.053045,-0.076404,0.038398,-0.096223,0.074799,0.00049,0.000926
0,-0.078692,0.062571,-0.033355,0.029045,0.008391,0.059885,0.001373,0.001092
0,-0.03668,0.042028,0.030169,-0.043031,0.000949,-0.043944,0.00064,0.000734
0,-0.042972,-0.088632,-0.007172,-0.129422,-0.009292,-0.172459,0.00075,0.001547
0,-0.021136,0.033841,0.041932,0.116595,0.028958,0.152903,0.000369,0.000591
0,-0.249038,-0.026324,-0.205905,-0.033366,-0.223794,0.003516,0.004347,0.000459
0,-0.211414,0.029062,0.066454,0.027438,0.027327,0.050827,0.00369,0.000507
0,-0.173347,-0.15622,0.013198,-0.177359,0.052383,-0.175949,0.003025,0.002727
0,-0.054786,0.007764,0.105848,0.181845,0.089497,0.151018,0.000956,0.000136
0,-0.02184,-0.073188,0.006614,-0.074297,0.044868,-0.111793,0.000381,0.001277
0,0.013975,0.079076,0.061211,0.129501,0.089096,0.121675,0.000244,0.00138
0,-0.1647,-0.062036,-0.172142,-0.138491,-0.18393,-0.103161,0.002875,0.001083
0,0.051465,-0.040296,0.210066,0.010714,0.226085,0.025783,0.000898,0.000703
0,-0.055315,0.136465,-0.127317,0.155854,-0.100607,0.163456,0.000965,0.002382
0,-0.185229,0.096004,-0.156576,-0.061359,-0.121576,-0.03285,0.003233,0.001676
0,-0.032964,-0.133927,0.179767,-0.20264,0.190927,-0.232484,0.000575,0.002337
0,-0.155137,0.134515,-0.132426,0.263123,-0.157663,0.265673,0.002708,0.002348
0,-0.090149,-0.018578,0.070926,-0.14999,0.107756,-0.141098,0.001573,0.000324
0,-0.126027,0.105786,-0.052862,0.117863,-0.080301,0.133741,0.0022,0.001846
0,-0.236815,-0.056834,-0.111377,-0.156835,-0.137512,-0.188892,0.004133,0.000992
0,-0.001899,-0.119355,0.224745,-0.052173,0.27015,-0.06527,3.3e-05,0.002083
0,-0.246036,-0.064017,-0.253033,0.066071,-0.257109,0.063815,0.004294,0.001117
0,-0.260243,-0.118887,-0.005407,-0.048703,-0.052011,-0.084811,0.004542,0.002075
0,-0.064834,-0.105001,0.190856,0.00323,0.188113,0.014557,0.001132,0.001833
0,-1.880613,-0.051239,-1.788693,0.058065,-1.744466,0.099922,0.002432,0.000894
0,-1.912528,-0.171436,-0.057968,-0.142015,-0.020241,-0.145184,0.001875,0.002992
0,-2.028275,-0.058053,-0.129412,0.107724,-0.110572,0.088262,0.000145,0.001013
0,-1.663451,-0.23161,0.342218,-0.163305,0.298633,-0.13859,0.005529,0.004042
0,-1.474179,-0.178964,0.204183,0.023741,0.20328,0.030372,0.002226,0.003124
0,-1.084418,-0.184295,0.38232,-0.00474,0.401114,-0.011051,0.004577,0.003217
0,-0.906104,-0.456095,0.20707,-0.260028,0.174322,-0.260405,0.004063,0.003791
0,-0.399571,-0.408225,0.512349,0.01894,0.541609,-0.006377,0.004778,0.004627
0,-0.29545,-0.204998,0.098657,0.22102,0.073158,0.199335,0.005157,0.003578
0,-0.250331,-0.169508,0.034353,0.038205,-0.005089,0.064084,0.004369,0.002958
0,-0.159838,0.079613,0.087276,0.223952,0.067351,0.210028,0.00279,0.00139
0,-0.206496,-0.083265,-0.0484,-0.140943,-0.074933,-0.16566,0.003604,0.001453
0,-0.096918,-0.113007,0.082282,-0.054381,0.104713,-0.099232,0.001692,0.001972
0,-0.128622,0.04469,-0.055974,0.162829,-0.095427,0.138585,0.002245,0.00078
0,-0.031668,-0.100713,0.121656,-0.149284,0.111826,-0.135154,0.000553,0.001758
0,0.054777,0.057975,0.082612,0.145918,0.062187,0.113482,0.000956,0.001012
0,-0.025659,0.127171,-0.096811,0.048321,-0.093046,0.004485,0.000448,0.00222
0,0.088671,0.10022,0.114912,-0.038857,0.131604,-0.003782,0.001548,0.001749
0,0.140882,-0.045091,0.06001,-0.127068,0.056743,-0.148418,0.002459,0.000787
0,-0.092001,0.036087,-0.205039,0.092187,-0.194001,0.052947,0.001606,0.00063
0,0.040069,0.015861,0.124671,-0.01521,0.168772,-0.044266,0.000699,0.000277
0,0.178009,0.140406,0.142057,0.14568,0.123038,0.183462,0.003107,0.002451
0,0.130623,0.006572,-0.025768,-0.120915,0.014104,-0.10923,0.00228,0.000115
0,0.037471,0.172397,-0.120788,0.162194,-0.092272,0.177767,0.000654,0.003009
0,0.022733,0.174966,-0.031823,0.02179,-0.026299,0.008707,0.000397,0.003054
0,0.019725,0.016292,-0.021138,-0.133555,-0.009348,-0.099671,0.000344,0.000284
0,0.02983,0.130555,0.020475,0.127183,0.010567,0.149583,0.000521,0.002279
0,-0.075565,-0.037005,-0.08125,-0.177565,-0.08831,-0.166111,0.001319,0.000646
0,-0.012576,-0.048694,0.091216,0.003639,0.082554,-0.036844,0.000219,0.00085
0,0.051139,0.028951,0.066633,0.07397,0.029734,0.051376,0.000893,0.000505
0,-0.114525,0.05993,-0.164015,0.036971,-0.163642,0.042034,0.001999,0.001046
0,0.01929,-0.027114,0.113471,-0.067602,0.091551,-0.047211,0.000337,0.000473
0,-0.172376,0.099918,-0.198982,0.122774,-0.244223,0.158733,0.003009,0.001744
0,0.027176,0.062889,0.171461,-0.023483,0.170957,-0.026598,0.000474,0.001098
0,-0.163721,0.085512,-0.207987,-0.000461,-0.174658,-0.029118,0.002857,0.001492
0,-0.185936,0.063368,-0.026466,-0.006785,0.005192,0.022674,0.003245,0.001106
0,-0.180855,-0.04087,0.019696,-0.094544,0.041365,-0.085935,0.003157,0.000713
0,-0.081101,-0.062434,0.116083,0.007703,0.075096,0.040923,0.001415,0.00109
0,-0.165376,0.123307,-0.055108,0.179766,-0.054412,0.222266,0.002886,0.002152
0,-0.053323,0.098743,0.136254,-0.047114,0.182465,-0.062151,0.000931,0.001723
0,-0.16962,-0.033808,-0.091461,-0.135594,-0.078012,-0.112348,0.00296,0.00059
0,-0.043106,-0.093571,0.129659,-0.081563,0.161634,-0.127939,0.000752,0.001633
0,-0.097103,-0.027591,-0.056322,0.06074,-0.083548,0.07058,0.001695,0.000482
0,0.024118,0.107108,0.113798,0.115178,0.106446,0.081352,0.000421,0.001869
0,-0.147691,0.168241,-0.160835,0.051078,-0.161901,0.07299,0.002578,0.002936
0,0.009307,-0.015745,0.149422,-0.192138,0.124782,-0.158503,0.000162,0.000275
0,-0.128546,0.161459,-0.112251,0.159128,-0.081839,0.198537,0.002244,0.002818
0,-0.060285,-0.020832,0.093745,-0.202414,0.082318,-0.233927,0.001052,0.000364
0,-0.005091,-0.092185,0.031877,-0.041397,0.020465,-0.091143,8.9e-05,0.001609
0,-0.14607,-0.049836,-0.134555,0.061712,-0.166707,0.036626,0.002549,0.00087
0,-0.044532,-0.102269,0.118988,-0.033773,0.158643,-0.053045,0.000777,0.001785
0,-0.084798,0.011149,-0.037398,0.097355,0.007802,0.084173,0.00148,0.000195
0,-0.102993,0.01219,-0.03962,0.011609,-0.057827,0.041146,0.001798,0.000213
0,-0.176497,0.055284,-0.071184,0.015955,-0.028475,0.043306,0.00308,0.000965
0,0.012628,0.014243,0.205462,-0.07101,0.224127,-0.1151,0.00022,0.000249
0,0.107513,-0.006511,0.070602,-0.024484,0.091059,-0.053964,0.001876,0.000114
0,-0.144197,-0.121862,-0.259331,-0.086159,-0.228294,-0.098631,0.002517,0.002127
0,-0.157226,-0.090233,0.010135,0.049005,-0.006535,0.077968,0.002744,0.001575
0,-0.000384,-0.135074,0.143012,-0.05361,0.102329,-0.082037,7e-06,0.002357
0,-0.077933,-0.061103,-0.085728,0.08647,-0.124141,0.04174,0.00136,0.001066
0,0.143669,0.105485,0.223812,0.16974,0.236855,0.165206,0.002507,0.001841
0,0.12453,-0.015241,-0.008566,-0.142799,-0.04917,-0.126725,0.002173,0.000266
0,0.029806,-0.002394,-0.118218,0.020602,-0.118188,0.007759,0.00052,4.2e-05
0,0.088973,0.014748,0.076379,0.005824,0.110546,-0.006258,0.001553,0.000257
0,0.051875,-0.059811,-0.057469,-0.045518,-0.01675,-0.005821,0.000905,0.001044
0,0.22214,-0.072977,0.150994,0.013745,0.153002,0.030782,0.003877,0.001274
0,0.116482,-0.03733,-0.123029,0.029498,-0.161589,0.000153,0.002033,0.000652
0,0.058848,0.038384,-0.041451,0.090513,-0.048364,0.133503,0.001027,0.00067
0,0.04177,0.034744,-0.034326,-0.027951,-0.031992,-0.015789,0.000729,0.000606
0,0.090954,-0.214988,0.031007,-0.236337,0.044219,-0.19636,0.001587,0.003752
0,0.228115,-0.141753,0.142736,0.07768,0.125092,0.093424,0.003981,0.002474
0,0.144169,-0.012365,-0.078057,0.155669,-0.090723,0.196228,0.002516,0.000216
0,-0.033859,-0.073159,-0.195999,-0.036617,-0.179677,0.001153,0.000591,0.001277
0,0.076765,0.101102,0.103076,0.149007,0.1476,0.151936,0.00134,0.001765
0,0.09026,-0.033518,0.000908,-0.129327,-0.034195,-0.146855,0.001575,0.000585
0,-0.054979,-0.016489,-0.167702,-0.000984,-0.15941,0.003356,0.00096,0.000288
0,2.047834,0.464354,2.119329,0.476532,2.133384,0.489401,0.000486,0.003647
0,2.74527,0.918384,0.70044,0.460435,0.660359,0.436998,0.000907,0.004277
0,3.041975,1.062609,0.321742,0.173384,0.325782,0.172582,0.005666,0.004957
0,3.164876,1.136097,0.130818,0.087873,0.088021,0.124937,0.003521,0.003675
0,2.340586,0.86896,-0.79758,-0.25105,-0.78648,-0.280149,0.005596,0.003415
0,1.625222,0.866601,-0.709784,0.023043,-0.757962,-0.02575,0.004862,0.003373
0,0.964568,0.583651,-0.643065,-0.295613,-0.686608,-0.259093,0.005083,0.001565
0,0.54672,0.552705,-0.402814,-0.021512,-0.35992,-0.027577,0.00221,0.002105
0,0.631767,0.455653,0.099839,-0.112693,0.142708,-0.095881,0.000725,0.003931
0,0.161587,0.302365,-0.499673,-0.155379,-0.493223,-0.11446,0.00282,0.003931
0,0.092368,0.311153,-0.050163,0.02608,-0.083016,-0.011648,0.001612,0.003931
0,-0.021088,0.131517,-0.134225,-0.195407,-0.096421,-0.204602,0.000368,0.003931
0,-0.284836,0.088933,-0.289828,-0.047079,-0.271129,-0.081068,0.004971,0.003931
0,-0.303813,-0.139083,-0.007296,-0.209083,-0.024127,-0.258851,0.005303,0.003931
0,-0.184064,0.024555,0.149664,0.193381,0.117365,0.193037,0.003213,0.003931
0,-0.323272,-0.072762,-0.112056,-0.084196,-0.16029,-0.120662,0.005642,0.003931
0,-0.265405,-0.055552,0.03771,0.022164,0.04693,-0.023343,0.004632,0.003931
0,-0.399893,-0.180057,-0.137263,-0.1246,-0.182035,-0.077454,0.004772,0.003931
0,-0.255094,0.070329,0.121201,0.273791,0.160352,0.237363,0.004452,0.003931
0,-0.288417,-0.204388,-0.027892,-0.260249,-0.076151,-0.21063,0.005034,0.003931
0,-0.313122,-0.135465,-0.012746,0.057162,-0.019761,0.037004,0.005465,0.003931
0,-0.232763,0.031582,0.098375,0.191223,0.066147,0.197117,0.004062,0.003931
0,-0.110058,-0.06814,0.111013,-0.116322,0.119198,-0.109323,0.001921,0.003931
0,-0.337134,-0.150125,-0.233247,-0.061008,-0.258715,-0.030956,0.005868,0.003931
0,-0.13792,-0.013153,0.178877,0.15284,0.156726,0.144016,0.002407,0.003931
0,-0.179535,-0.059587,-0.017857,-0.032425,-0.048854,-0.022964,0.003133,0.003931
0,-0.051018,-0.098713,0.154497,-0.042447,0.106877,-0.041474,0.00089,0.003931
0,-0.052764,-0.136835,-0.017627,-0.047697,-0.021493,-0.055802,0.000921,0.003931
0,-0.005964,-0.202984,0.048403,-0.06205,0.04507,-0.094996,0.000104,0.003931
0,0.11289,-0.075757,0.139412,0.141912,0.134093,0.14424,0.00197,0.003931
0,-0.113558,0.034952,-0.207354,0.095857,-0.208121,0.133851,0.001982,0.003931
0,-0.077974,-0.038945,0.048588,-0.093375,0.094785,-0.082872,0.001361,0.003931
0,-0.09589,0.041476,-0.002734,0.075667,-0.046762,0.067602,0.001674,0.003931
0,-0.081172,-0.117573,-0.007229,-0.1748,-0.003742,-0.171744,0.001417,0.003931
0,-0.217153,-0.116349,-0.141738,-0.004475,-0.169413,0.029502,0.00379,0.003931
0,-0.065386,0.044638,0.123853,0.173603,0.11793,0.192304,0.001141,0.003931
0,-0.018126,0.065135,0.075349,0.01361,0.030659,0.03247,0.000316,0.003931
0,-0.096004,0.007024,-0.087584,-0.055642,-0.111471,-0.009673,0.001676,0.003931
0,-0.083772,0.01485,0.02576,0.027783,0.055438,0.069405,0.001462,0.003931
0,-0.065793,-0.099626,-0.001245,-0.099436,-0.004506,-0.138016,0.001148,0.003931
0,0.030587,0.084402,0.104553,0.206587,0.106745,0.245696,0.000534,0.003931
0,0.191221,-0.06795,0.147417,-0.178132,0.148812,-0.156507,0.003337,0.003931
0,0.186172,-0.086295,-0.023835,-0.008559,-0.057578,0.009799,0.003249,0.003931
0,-0.065534,0.098258,-0.252854,0.195097,-0.228094,0.159245,0.001144,0.003931
0,-0.033965,0.121935,0.024495,0.028792,0.022524,0.074665,0.000593,0.003931
0,-0.015446,0.071507,0.03674,-0.07708,0.072408,-0.045225,0.00027,0.003931
0,0.106433,-0.042117,0.105558,-0.134622,0.056504,-0.133374,0.001858,0.003931
0,-0.005878,-0.096861,-0.115625,-0.031489,-0.119788,0.001126,0.000103,0.003931
0,-0.055734,-0.099938,-0.068263,-0.032014,-0.063318,-0.041982,0.000973,0.003931
0,-0.027379,-0.146206,0.036441,-0.038649,0.007667,-0.076634,0.000478,0.003931
0,0.03351,-0.088435,0.073174,0.048014,0.040336,0.088965,0.000585,0.003931
0,-0.103978,-0.018254,-0.127327,0.093362,-0.142606,0.080728,0.001815,0.003931
0,0.006692,0.006737,0.108929,0.025191,0.10686,0.016596,0.000117,0.003931
0,-0.001171,0.083767,-0.035005,0.071455,-0.020059,0.041241,2e-05,0.003931
0,-0.177138,-0.040626,-0.180795,-0.094444,-0.153231,-0.134739,0.003092,0.003931
0,-0.21336,0.037056,-0.015755,0.084288,-0.021039,0.054054,0.003724,0.003931
0,-0.008844,0.034614,0.225152,0.018249,0.259434,0.025941,0.000154,0.003931
0,-0.053075,0.117518,-0.044199,0.056382,-0.060612,0.027091,0.000926,0.003931
0,-0.19381,-0.056858,-0.121387,-0.148224,-0.072048,-0.184465,0.003383,0.003931
0,-0.107908,0.006907,0.058757,0.069413,0.086687,0.063467,0.001883,0.003931
0,-0.092563,0.038441,0.014601,0.002025,0.012966,0.030918,0.001616,0.003931
0,-0.016691,-0.144036,0.084853,-0.193537,0.043566,-0.164931,0.000291,0.003931
0,0.00401,0.043481,0.023312,0.213739,0.024554,0.183036,7e-05,0.003931
0,-0.062775,-0.046949,-0.037327,-0.067446,0.001914,-0.051138,0.001096,0.003931
0,-0.216073,-0.021306,-0.163116,0.045473,-0.119062,0.068386,0.003771,0.003931
0,0.010701,-0.091606,0.238106,-0.058259,0.188745,-0.019843,0.000187,0.003931
0,-0.141187,-0.027859,-0.146736,0.043675,-0.170792,0.091376,0.002464,0.003931
0,-0.156628,-0.161222,-0.016966,-0.123882,-0.046147,-0.119699,0.002734,0.003931
0,0.046483,0.060717,0.186868,0.247306,0.159569,0.28153,0.000811,0.003931
0,-0.027396,-0.032451,-0.0608,-0.114566,-0.064174,-0.13524,0.000478,0.003931
0,0.042623,0.049193,0.088406,0.05916,0.133151,0.077752,0.000744,0.003931
0,-0.21794,-0.178885,-0.255571,-0.201789,-0.287889,-0.184937,0.003804,0.003931
0,0.013694,-0.168667,0.204012,0.011354,0.199306,0.018109,0.000239,0.003931
0,-0.049651,-0.15397,-0.069208,0.029202,-0.105543,0.07326,0.000867,0.003931
0,0.042811,0.006745,0.082448,0.156622,0.061409,0.111403,0.000747,0.003931
0,-0.074751,-0.154096,-0.13064,-0.171599,-0.10218,-0.178701,0.001305,0.003931
0,0.125541,-0.063472,0.198989,0.094577,0.217215,0.103426,0.002191,0.003931
0,0.019803,0.023109,-0.082455,0.106582,-0.073979,0.145065,0.000346,0.003931
0,0.179941,-0.157437,0.130649,-0.178025,0.100773,-0.202569,0.003141,0.003931
0,0.092123,0.044957,-0.112174,0.20872,-0.138547,0.253042,0.001608,0.003931
0,0.072522,0.064246,-0.020866,0.014584,0.028328,0.008178,0.001266,0.003931
0,0.220785,0.055033,0.150093,-0.020801,0.173816,-0.054311,0.003853,0.003931
0,0.246264,-0.044733,0.050056,-0.112146,0.087242,-0.093979,0.004298,0.003931
0,-0.078962,-0.05156,-0.301444,-0.013813,-0.315782,-0.022844,0.001378,0.003931
0,-0.064468,-0.034296,0.036585,0.027004,0.046958,0.074006,0.001125,0.003931
0,-0.12929,-0.126368,-0.066085,-0.074481,-0.104086,-0.033235,0.002257,0.003931
0,-0.035556,0.127116,0.07423,0.253993,0.049251,0.30247,0.000621,0.003931
0,-0.151912,0.063174,-0.127111,-0.074214,-0.144748,-0.089244,0.002651,0.003931
0,-0.169373,0.072374,-0.021294,0.029859,-0.040602,0.038245,0.002956,0.003931
0,-0.148263,-0.012234,0.044377,-0.066383,0.014034,-0.095464,0.002588,0.003931
0,-0.103179,-0.020324,0.039025,-0.018295,0.060574,-0.061941,0.001801,0.003931
0,-0.037594,-0.030099,0.068898,-0.032565,0.073988,-0.026268,0.000656,0.003931
0,0.108522,-0.041062,0.138007,-0.006923,0.182814,0.03095,0.001894,0.003931
0,-0.058438,-0.06932,-0.137862,-0.012746,-0.158236,0.034529,0.00102,0.003931
0,-0.13899,-0.0667,-0.100628,-0.018206,-0.08614,0.025574,0.002426,0.003931
0,-0.094229,0.154262,0.065361,0.238648,0.034728,0.267095,0.001645,0.003931
0,-0.198099,0.070259,-0.130096,-0.054226,-0.095885,-0.050729,0.003457,0.003931
0,-0.084504,-0.084878,0.106776,-0.16288,0.096271,-0.146683,0.001475,0.003931
0,-0.017868,0.102645,0.096473,0.180235,0.05295,0.168244,0.000312,0.003931
0,-0.002652,0.1509,7.5e-05,0.059141,0.017743,0.022244,4.6e-05,0.003931
0,-0.10846,0.125557,-0.081977,-0.035517,-0.113416,-0.00538,0.001893,0.003931
0,-0.172918,-0.034312,-0.065262,-0.141686,-0.052349,-0.168277,0.003018,0.003931
0,-0.058521,-0.081224,0.097163,-0.025008,0.110109,-0.021126,0.001021,0.003931
0,-0.071642,0.043627,-0.027858,0.125898,-0.025514,0.158005,0.00125,0.003931
0,0.062103,-0.020528,0.145404,-0.063421,0.160063,-0.106485,0.001084,0.003931
0,0.084204,0.024657,0.015267,0.059224,-0.000103,0.061925,0.00147,0.003931
0,-0.055021,0.034432,-0.11709,0.019634,-0.092755,-0.021918,0.00096,0.003931
0,-0.053084,0.049283,0.019425,0.008235,0.052241,0.008836,0.000926,0.003931
0,-0.116924,-0.121043,-0.064262,-0.144106,-0.045539,-0.104387,0.002041,0.003931
0,0.021535,0.018828,0.118112,0.155541,0.099631,0.147548,0.000376,0.003931
0,0.085926,0.035757,0.089471,0.019111,0.077212,0.04558,0.0015,0.003931
0,-0.055432,0.066258,-0.123655,0.028044,-0.111977,0.010344,0.000967,0.003931
0,0.0628,0.004939,0.126459,-0.037358,0.086398,-0.015588,0.001096,0.003931
0,-0.006948,0.003901,-0.090828,0.016437,-0.085124,-0.022954,0.000121,0.003931
0,0.173731,0.138671,0.162689,0.113636,0.128075,0.152194,0.003032,0.003931
0,-0.011802,-0.029128,-0.159548,-0.197094,-0.209528,-0.224024,0.000206,0.003931
0,0.133403,0.118183,0.136027,0.122308,0.168679,0.128912,0.002328,0.003931
0,0.190653,-0.036704,0.077465,-0.159439,0.066188,-0.119669,0.003328,0.003931
0,0.13113,0.021544,-0.031725,0.050626,-0.055848,0.077851,0.002289,0.003931
0,-0.14891,0.075645,-0.251339,0.062016,-0.280112,0.089736,0.002599,0.003931
0,-0.044806,0.081366,0.127291,-0.017143,0.169933,0.023894,0.000782,0.003931
0,-0.087702,-0.051039,-0.056782,-0.161566,-0.009468,-0.169074,0.001531,0.003931
0,0.074097,0.07848,0.133839,0.120319,0.148408,0.09816,0.001293,0.003931
0,0.023846,0.096647,-0.054525,0.044921,-0.097534,-0.004838,0.000416,0.003931
0,-0.07385,-0.01861,-0.086042,-0.132301,-0.060605,-0.13473,0.001289,0.003931
0,-0.01121,-0.005594,0.065331,0.025897,0.019707,0.03411,0.000196,0.003931
0,0.120153,-0.02969,0.102282,-0.025167,0.119567,-8.8e-05,0.002097,0.003931
0,-0.125721,0.125161,-0.232402,0.132492,-0.262656,0.101432,0.002194,0.003931
0,-0.06524,0.122793,0.031415,0.00456,0.070511,-0.027458,0.001139,0.003931
0,-0.087853,-0.150796,-0.048456,-0.28611,-0.009064,-0.326548,0.001533,0.003931
0,-0.029514,0.123089,0.059285,0.265959,0.091087,0.244471,0.000515,0.003931
0,-0.510325,-0.12701,-0.462208,-0.255258,-0.442376,-0.21057,0.002845,0.003931
0,-0.59355,-0.024703,-0.077685,0.095435,-0.044356,0.137521,0.001392,0.003931
0,-0.778544,-0.051883,-0.199453,-0.006259,-0.189352,-0.006087,0.001836,0.003931
0,-0.890503,-0.056795,-0.093174,-0.010962,-0.121021,-0.023591,0.003791,0.003931
0,-0.911322,-0.110259,0.004117,-0.064783,-0.02324,-0.088191,0.004154,0.003931
0,-0.574941,-0.039183,0.319542,0.095625,0.32431,0.073973,0.001717,0.003931
0,-0.344567,0.047279,0.258299,0.068485,0.299089,0.037198,0.005738,0.003931
0,-0.404984,-0.043042,-0.059103,-0.064373,-0.009226,-0.103355,0.004683,0.003931
0,-0.274012,-0.116538,0.154573,-0.086155,0.155235,-0.044942,0.004782,0.003931
0,-0.13034,-0.155422,0.128734,-0.015327,0.161059,-0.012312,0.002275,0.003931
0,0.019347,-0.113051,0.130929,0.029111,0.144938,0.04848,0.000338,0.003931
0,-0.016066,-0.069562,-0.033029,0.062285,-0.059331,0.016152,0.00028,0.003931
0,0.139056,-0.003188,0.131373,0.08418,0.172643,0.078443,0.002427,0.003931
0,0.130737,-0.181832,-0.019373,-0.189436,-0.065982,-0.189434,0.002282,0.003931
0,0.130755,0.035995,-0.005413,0.226774,0.016571,0.208758,0.002282,0.003931
0,0.046562,-0.038455,-0.064817,-0.05109,-0.114667,-0.042635,0.000813,0.003931
0,0.075514,0.09215,0.051345,0.112244,0.019434,0.06652,0.001318,0.003931
0,-0.08539,0.088804,-0.157569,-0.030828,-0.113346,-0.0595,0.00149,0.003931
0,-0.136949,0.125728,-0.038727,0.047277,-0.031524,0.024231,0.00239,0.003931
0,0.131636,0.115788,0.263185,-0.013874,0.240699,-0.048427,0.002297,0.003931
0,-0.056502,-0.004666,-0.210228,-0.130192,-0.179389,-0.094447,0.000986,0.003931
0,0.075916,-0.140445,0.142389,-0.125997,0.141132,-0.157444,0.001325,0.003931
0,-0.177914,-0.063884,-0.235701,0.074302,-0.216096,0.08971,0.003105,0.003931
0,0.002208,0.099356,0.185837,0.134186,0.221748,0.169802,3.9e-05,0.003931
0,-0.043451,0.159199,-0.057317,0.069156,-0.04732,0.101739,0.000758,0.003931
0,-0.139629,0.066382,-0.076649,-0.096981,-0.059865,-0.1369,0.002437,0.003931
0,-0.057406,-0.01364,0.069083,-0.089232,0.063441,-0.076616,0.001002,0.003931
0,-0.166906,0.128664,-0.086463,0.158229,-0.124821,0.166637,0.002913,0.003931
0,-0.0174,-0.116,0.150525,-0.26786,0.149238,-0.219438,0.000304,0.003931
0,-0.040371,-0.028185,-0.037176,0.100181,-0.047566,0.102861,0.000705,0.003931
0,-0.019702,-0.122318,0.029056,-0.077669,0.03518,-0.076802,0.000344,0.003931
0,-0.046006,-0.106793,-0.027014,0.011227,-0.03612,0.011363,0.000803,0.003931
0,-0.021679,0.031422,-0.001801,0.153035,-0.030913,0.170839,0.000378,0.003931
0,-0.103973,-0.013108,-0.09354,-0.073546,-0.134773,-0.04843,0.001815,0.003931
0,0.023107,-0.06807,0.10509,-0.05601,0.131461,-0.097385,0.000403,0.003931
0,-0.053484,-0.134348,-0.054558,-0.051081,-0.02538,-0.052687,0.000933,0.003931
0,-0.075487,0.037904,-0.046258,0.157808,-0.038812,0.110363,0.001317,0.003931
0,0.092232,-0.049227,0.161402,-0.069876,0.118907,-0.034621,0.00161,0.003931
0,-0.039676,0.173325,-0.120577,0.209067,-0.076267,0.246716,0.000692,0.003931
0,-0.010128,-0.02466,0.021063,-0.213941,0.070673,-0.164873,0.000177,0.003931
0,-0.049908,-0.064668,-0.025142,-0.033716,-0.068473,-0.07464,0.000871,0.003931
0,-0.009571,0.113977,0.043339,0.171797,0.032406,0.181902,0.000167,0.003931
0,-0.084958,-0.009339,-0.078222,-0.149911,-0.030637,-0.149457,0.001483,0.003931
0,0.057318,-0.113329,0.120708,-0.122452,0.131973,-0.135829,0.001,0.003931
0,0.065762,0.082442,0.032508,0.170498,0.076695,0.12596,0.001148,0.003931
0,-0.071322,-0.133387,-0.120593,-0.207203,-0.10341,-0.184921,0.001245,0.003931
0,-0.005412,-0.172566,0.039457,-0.034356,0.044722,-0.064674,9.4e-05,0.003931
0,0.16506,-0.10055,0.182493,0.083904,0.223099,0.046526,0.002881,0.003931
0,-0.05665,0.071117,-0.211896,0.17031,-0.260612,0.167024,0.000989,0.003931
0,-0.013774,-0.112722,0.061857,-0.212491,0.063566,-0.220569,0.00024,0.003931
0,-2.4e-05,0.14984,0.032453,0.240395,-0.006642,0.276031,0.0,0.003931
0,0.099975,-0.01147,0.12511,-0.164084,0.137992,-0.145695,0.001745,0.003931
0,-0.036624,-0.134306,-0.160959,-0.09574,-0.209416,-0.118573,0.000639,0.003931
0,-0.082425,0.056683,-0.06457,0.190148,-0.092663,0.220261,0.001439,0.003931
0,-0.070537,-0.041308,0.004151,-0.072657,0.052357,-0.069629,0.001231,0.003931
0,0.046721,0.067797,0.124354,0.127436,0.13775,0.136667,0.000815,0.003931
0,0.166205,-0.145533,0.090186,-0.194643,0.10142,-0.210439,0.002901,0.003931
0,-0.129659,0.038758,-0.27698,0.211551,-0.320356,0.24516,0.002263,0.003931
0,-0.072587,0.025107,0.036019,-0.019178,0.00672,-0.01637,0.001267,0.003931
0,-0.118288,-0.045948,-0.054868,-0.06511,-0.005101,-0.083508,0.002065,0.003931
0,0.019082,-0.045873,0.111026,-0.007619,0.123293,-0.031036,0.000333,0.003931
0,-0.163217,0.077336,-0.153276,0.144457,-0.169739,0.1563,0.002849,0.003931
0,0.054716,-0.117094,0.237902,-0.202084,0.195137,-0.162767,0.000955,0.003931
0,-0.043722,0.060406,-0.104189,0.177235,-0.077029,0.174336,0.000763,0.003931
0,0.128183,-0.176972,0.192965,-0.231156,0.163314,-0.251354,0.002237,0.003931
0,0.087059,-0.072695,-0.011895,0.085805,-0.016707,0.056925,0.001519,0.003931
0,0.185663,-0.162969,0.097239,-0.113732,0.146019,-0.132457,0.00324,0.003931
0,0.162959,-0.070471,-0.038998,0.102351,-0.087938,0.111731,0.002844,0.003931
0,-0.018731,-0.086489,-0.165993,-0.044496,-0.20827,0.004456,0.000327,0.003931
0,0.017692,-0.126661,0.058352,-0.021174,0.047131,0.014534,0.000309,0.003931
0,0.245097,0.046932,0.244201,0.160892,0.235736,0.120749,0.004278,0.003931
0,0.163058,0.081394,-0.07214,0.028133,-0.059124,0.008594,0.002846,0.003931
0,0.08704,0.079408,-0.075653,-0.004461,-0.083636,0.044152,0.001519,0.003931
0,0.119697,-0.159193,0.003177,-0.224825,0.037647,-0.238911,0.002089,0.003931
0,-0.098839,-0.133134,-0.199493,0.001102,-0.165342,0.027396,0.001725,0.003931
0,0.068488,-0.018402,0.140378,0.137075,0.101112,0.129678,0.001195,0.003931
0,-0.001795,-0.134147,-0.0735,-0.11763,-0.034062,-0.128033,3.1e-05,0.003931
0,0.064786,-0.165292,0.044458,-0.044541,0.045024,-0.093102,0.001131,0.003931
0,0.013639,-0.13769,-0.056299,0.007467,-0.069444,0.053378,0.000238,0.003931
0,0.006612,0.103121,-0.020937,0.2461,-0.040375,0.204301,0.000115,0.003931
0,-0.143259,0.031445,-0.177909,-0.052931,-0.183777,-0.035609,0.0025,0.003931
0,-0.147646,-0.134631,-0.033767,-0.138588,-0.006337,-0.102669,0.002577,0.003931
0,-0.095901,0.10107,0.030659,0.212424,0.040212,0.185957,0.001674,0.003931
0,-0.198299,-0.143932,-0.096164,-0.234529,-0.13791,-0.255664,0.003461,0.003931
0,-0.130539,0.035685,0.052593,0.176521,0.057081,0.197333,0.002278,0.003931
0,-0.133661,-0.173702,0.015381,-0.23122,-0.022351,-0.271908,0.002333,0.003931
0,-0.076011,0.119334,0.042909,0.269944,0.031533,0.303615,0.001327,0.003931
0,-0.076779,-0.13713,-0.017497,-0.259996,-0.00579,-0.259492,0.00134,0.003931
0,-0.239797,0.043591,-0.163644,0.176764,-0.204102,0.134125,0.004185,0.003931
0,-0.075082,-0.131316,0.175195,-0.175285,0.215566,-0.145556,0.00131,0.003931
0,-0.144859,0.115427,-0.075533,0.219488,-0.048271,0.222564,0.002528,0.003931
0,-0.229637,0.017193,-0.059507,-0.107422,-0.104187,-0.076081,0.004008,0.003931
0,-0.157339,0.114806,0.094123,0.078026,0.080555,0.031661,0.002746,0.003931
0,-0.26207,0.171679,-0.101363,0.077974,-0.080792,0.064631,0.004574,0.003931
0,-0.152399,-0.066612,0.094898,-0.225435,0.12543,-0.242371,0.00266,0.003931
0,-0.25218,-0.044365,-0.115636,0.028676,-0.106126,-0.013641,0.004401,0.003931
0,-0.094212,0.128137,0.150371,0.184575,0.120728,0.145193,0.001644,0.003931
0,0.012852,-0.021638,0.134063,-0.134567,0.09221,-0.13504,0.000224,0.003931
0,-0.056365,-0.004557,-0.084695,0.014434,-0.051904,0.011131,0.000984,0.003931
0,-0.018538,-0.028192,0.036389,-0.025931,-0.006141,0.002746,0.000324,0.003931
0,-0.08027,0.149946,-0.03916,0.193725,0.01078,0.238749,0.001401,0.003931
0,0.024009,0.173815,0.090791,0.034961,0.08177,0.018959,0.000419,0.003931
0,-0.207192,-0.04313,-0.234253,-0.209775,-0.21126,-0.216745,0.003616,0.003931
0,-0.193512,0.078093,0.016571,0.133462,0.033149,0.127461,0.003377,0.003931
0,-0.075341,0.184243,0.112087,0.092394,0.068259,0.045233,0.001315,0.003931
0,-0.232476,-0.013115,-0.15809,-0.169867,-0.125877,-0.155331,0.004057,0.003931
0,-0.04348,-0.108549,0.206582,-0.094793,0.189812,-0.068604,0.000759,0.003931
0,-0.169405,0.055103,-0.15515,0.135133,-0.15379,0.129899,0.002957,0.003931
0,-0.116628,0.069089,0.056286,0.015671,0.060434,-0.023243,0.002036,0.003931
0,-0.083063,0.03155,0.03706,-0.027955,-0.00583,-0.020475,0.00145,0.003931
0,-0.108365,-0.029122,-0.015164,-0.030898,-0.038943,-0.00975,0.001891,0.003931
0,-0.000849,0.008328,0.107428,0.067136,0.084476,0.06276,1.5e-05,0.003931
0,-0.119805,-0.106608,-0.122789,-0.130752,-0.089685,-0.10816,0.002091,0.003931
0,-0.048497,-0.118584,0.057585,0.000222,0.073311,0.026816,0.000846,0.003931
0,0.076303,0.048707,0.144974,0.187856,0.142392,0.150127,0.001332,0.003931
0,0.111653,-0.030357,0.044536,-0.052592,0.004799,-0.04516,0.001949,0.003931
0,-0.126916,-0.017009,-0.243853,0.027705,-0.19754,0.058354,0.002215,0.003931
0,0.131264,-0.01566,0.263598,-0.026226,0.235296,-0.067041,0.002291,0.003931
0,-0.01751,0.133304,-0.135014,0.153585,-0.169507,0.118564,0.000306,0.003931
0,-0.08825,0.015697,-0.087327,-0.120963,-0.093286,-0.110768,0.00154,0.003931
0,0.173286,0.154664,0.28897,0.164028,0.278922,0.180847,0.003024,0.003931
0,0.101251,0.030387,-0.051661,-0.116254,-0.035494,-0.119991,0.001767,0.003931
0,-0.120591,0.082312,-0.212096,0.06012,-0.172712,0.012352,0.002105,0.003931
0,0.030062,0.064772,0.129104,-0.021701,0.105094,0.008208,0.000525,0.003931
0,-0.009983,-0.086212,-0.04327,-0.167506,-0.023898,-0.120873,0.000174,0.003931
0,-0.112967,0.038101,-0.091831,0.10339,-0.075624,0.150886,0.001972,0.003931
0,-0.100652,0.104147,0.014749,0.083746,-0.027562,0.102339,0.001757,0.003931
0,0.043497,-0.044369,0.117311,-0.164441,0.08218,-0.185023,0.000759,0.003931
0,-0.168152,-0.015769,-0.230143,0.008903,-0.258932,0.030971,0.002935,0.003931
0,-0.134895,0.149792,0.0171,0.180688,-0.005382,0.185502,0.002354,0.003931
0,0.101479,0.069165,0.227612,-0.101713,0.177913,-0.070385,0.001771,0.003931
0,-0.02416,0.163807,-0.095767,0.101663,-0.116582,0.146907,0.000422,0.003931
0,-0.181786,-0.045454,-0.156647,-0.183125,-0.200296,-0.198142,0.003173,0.003931
0,0.020952,0.072366,0.21971,0.108227,0.179891,0.090481,0.000366,0.003931
0,-0.037841,-0.151059,-0.048841,-0.22766,-0.055099,-0.206602,0.00066,0.003931
0,0.110883,-0.033859,0.119783,0.121028,0.11909,0.128328,0.001935,0.003931
0,0.107742,-0.059922,-0.019469,-0.055733,-0.038222,-0.057604,0.00188,0.003931
0,-0.077662,0.096306,-0.164439,0.17138,-0.159555,0.184484,0.001355,0.003931
0,0.012568,-0.033073,0.075834,-0.155649,0.052774,-0.160615,0.000219,0.003931
0,-0.135734,-0.100716,-0.169351,-0.046311,-0.121731,-0.07847,0.002369,0.003931
0,0.025508,0.146787,0.160763,0.233799,0.143329,0.249648,0.000445,0.003931
0,-0.05871,0.13804,-0.100341,0.014985,-0.070661,-0.032641,0.001025,0.003931
0,-0.036202,0.153367,-0.003155,0.044536,0.01156,0.014849,0.000632,0.003931
0,0.021847,-0.056818,0.066951,-0.203695,0.024395,-0.18085,0.000381,0.003931
0,-0.032564,-0.060547,-0.041066,-0.009227,-0.019183,0.040266,0.000568,0.003931
0,0.083658,-0.103154,0.097112,-0.023131,0.08411,0.006328,0.00146,0.003931
0,0.011219,-0.077842,-0.061074,0.011208,-0.011699,-0.007085,0.000196,0.003931
0,0.090368,-0.089593,0.052819,-0.007317,0.057989,-0.032124,0.001577,0.003931
0,0.092339,-0.041959,0.019411,0.02352,-0.027626,0.045848,0.001612,0.003931
0,-0.098883,0.004746,-0.185273,0.048748,-0.164342,0.007741,0.001726,0.003931
0,0.040505,-0.13916,0.134805,-0.172823,0.173774,-0.178666,0.000707,0.003931
0,0.003233,0.005875,-0.046774,0.156651,-0.004249,0.114406,5.6e-05,0.003931
0,-0.162476,0.102292,-0.141336,0.076206,-0.105314,0.084018,0.002836,0.003931
0,-0.125127,0.074671,0.020825,-0.012061,0.032062,-0.034978,0.002184,0.003931
0,0.041483,0.059805,0.16718,-0.044395,0.155452,-0.085546,0.000724,0.003931
0,-0.027547,-0.133474,-0.074313,-0.175445,-0.117267,-0.160309,0.000481,0.003931
0,0.099387,-0.028515,0.130972,0.096884,0.136856,0.063187,0.001735,0.003931
0,0.09647,-0.10287,-0.018635,-0.067008,-0.054491,-0.1137,0.001684,0.003931
0,0.096436,-0.163539,-0.016981,-0.090404,0.00998,-0.124016,0.001683,0.003931
0,-0.148448,-0.058853,-0.249589,0.103613,-0.293494,0.114933,0.002591,0.003931
0,-0.197667,0.043667,-0.052782,0.129296,-0.011034,0.11318,0.00345,0.003931
0,0.009384,-0.021466,0.200864,-0.049186,0.244895,-0.030035,0.000164,0.003931
0,-0.122878,0.006478,-0.145952,0.050989,-0.132663,0.069127,0.002145,0.003931
0,0.07648,-0.140735,0.188104,-0.157324,0.146617,-0.108188,0.001335,0.003931
0,-0.141348,-0.011881,-0.214302,0.106828,-0.204831,0.095337,0.002467,0.003931
0,-0.048713,-0.154685,0.090943,-0.145831,0.087603,-0.110645,0.00085,0.003931
0,-0.033599,0.045536,0.035239,0.190569,0.007574,0.208482,0.000586,0.003931
0,-0.126238,-0.066932,-0.074802,-0.134566,-0.025776,-0.142122,0.002203,0.003931
0,-0.123472,-0.135686,0.002684,-0.070482,0.04834,-0.118611,0.002155,0.003931
0,0.058569,-0.066176,0.176876,0.043967,0.191049,0.067503,0.001022,0.003931
0,-0.01098,0.128959,-0.074174,0.18128,-0.044119,0.149526,0.000192,0.003931
0,0.115,-0.124132,0.126357,-0.236012,0.105216,-0.269037,0.002007,0.003931
0,-0.132364,-0.084483,-0.268814,0.050583,-0.264433,0.046462,0.00231,0.003931
0,-0.008008,-0.151121,0.146754,-0.07635,0.101633,-0.111664,0.00014,0.003931
0,-0.108892,-0.056242,-0.124793,0.082766,-0.105323,0.081033,0.001901,0.003931
0,-0.013687,0.12115,0.083425,0.175055,0.047763,0.165438,0.000239,0.003931
0,0.09973,0.06013,0.09331,-0.078132,0.101341,-0.093071,0.001741,0.003931
0,0.071775,0.132082,-0.009786,0.084577,-0.047644,0.088783,0.001253,0.003931
0,-0.140353,-0.072851,-0.227983,-0.209141,-0.262176,-0.185028,0.00245,0.003931
0,-0.176776,0.141334,-0.031315,0.221783,-0.08066,0.178804,0.003085,0.003931
0,0.007563,-0.011309,0.193263,-0.123074,0.195936,-0.155031,0.000132,0.003931
0,-0.056305,0.081684,-0.061257,0.097916,-0.073981,0.090114,0.000983,0.003931
0,-0.223685,0.059735,-0.181638,-0.020366,-0.193767,-0.062799,0.003904,0.003931
0,-0.229826,-0.124588,0.009686,-0.167427,-0.017825,-0.205473,0.004011,0.003931
0,-0.027275,0.022306,0.23043,0.130574,0.201145,0.155614,0.000476,0.003931
0,-0.069849,-0.096245,-0.021178,-0.099447,-0.015882,-0.101007,0.001219,0.003931
0,0.057434,0.076557,0.099585,0.166745,0.131834,0.179506,0.001002,0.003931
0,-0.226148,0.090616,-0.284224,0.015536,-0.252036,-0.026347,0.003947,0.003931
0,-0.116118,0.1697,0.108738,0.080897,0.109197,0.10676,0.002027,0.003931
0,0.054862,-0.070448,0.149906,-0.226547,0.113673,-0.218526,0.000958,0.003931
0,-0.006024,0.202331,-0.066819,0.271028,-0.095148,0.240716,0.000105,0.003931
0,-0.056679,-0.088166,-0.065846,-0.302819,-0.104104,-0.306334,0.000989,0.003931
0,-0.000188,-0.005245,0.035343,0.072512,-0.012365,0.040893,3e-06,0.003931
0,-0.060097,0.057182,-0.030818,0.084117,0.010294,0.080972,0.001049,0.003931
0,0.013388,-0.044105,0.054979,-0.088816,0.079556,-0.077192,0.000234,0.003931
0,-0.022512,0.014881,-0.010466,0.029417,-0.056803,0.002211,0.000393,0.003931
0,-0.012983,0.176899,0.02184,0.135898,0.031866,0.158263,0.000227,0.003931
0,0.011206,-0.091464,0.044841,-0.282214,0.084548,-0.247275,0.000196,0.003931
0,0.091679,0.190136,0.103061,0.311059,0.057674,0.268485,0.0016,0.003931
0,0.012006,0.076594,-0.072051,-0.107936,-0.084769,-0.106457,0.00021,0.003931
0,0.056013,-0.027811,0.024249,-0.119393,0.020501,-0.145765,0.000978,0.003931
0,-0.172929,0.075058,-0.249398,0.13268,-0.249748,0.170073,0.003018,0.003931
0,0.055114,-0.022381,0.21408,-0.093936,0.195677,-0.07143,0.000962,0.003931
0,-0.092458,0.038268,-0.138481,0.073481,-0.105299,0.066345,0.001614,0.003931
0,-0.108663,-0.103728,-0.031956,-0.128354,-0.058011,-0.117665,0.001897,0.003931
0,-0.1551,0.114278,-0.072702,0.247683,-0.033771,0.286325,0.002707,0.003931
0,0.127647,0.020995,0.298388,-0.097113,0.260606,-0.141014,0.002228,0.003931
0,0.187558,0.019284,0.0421,0.009281,0.042598,-0.017672,0.003273,0.003931
0,0.067125,-0.074776,-0.119541,-0.065696,-0.152119,-0.075967,0.001172,0.003931
0,-0.045035,-0.084672,-0.109297,0.007025,-0.081466,0.047642,0.000786,0.003931
0,0.082811,0.005587,0.105422,0.0985,0.154413,0.086697,0.001445,0.003931
0,0.147146,-0.144134,0.059153,-0.158212,0.061308,-0.154374,0.002568,0.003931
0,0.11256,-0.007781,-0.033165,0.164498,-0.078111,0.172404,0.001965,0.003931
0,-0.094004,-0.179887,-0.177342,-0.194153,-0.204211,-0.197185,0.001641,0.003931
0,0.00169,-0.120584,0.118758,0.073254,0.151993,0.027261,3e-05,0.003931
0,0.201377,0.023297,0.202939,0.139624,0.162403,0.104626,0.003515,0.003931
0,0.043987,0.087848,-0.17341,0.071005,-0.222955,0.042786,0.000768,0.003931
0,0.048234,0.062154,-0.013206,-0.025288,-0.014515,-0.016637,0.000842,0.003931
0,0.108199,-0.010971,0.057488,-0.100779,0.013783,-0.059384,0.001888,0.003931
0,0.022828,-0.015083,-0.077593,-0.028476,-0.074036,-0.02054,0.000398,0.003931
0,-0.059947,0.144607,-0.087636,0.175555,-0.100837,0.137158,0.001046,0.003931
0,0.017981,0.027998,0.097398,-0.103906,0.08942,-0.067018,0.000314,0.003931
0,-0.01566,-0.042374,-0.051488,-0.052318,-0.05648,-0.027753,0.000273,0.003931
0,-0.194238,0.138671,-0.150191,0.155266,-0.107329,0.14774,0.00339,0.003931
0,0.09164,-0.099397,0.311755,-0.23864,0.27676,-0.257556,0.001599,0.003931
0,-0.010442,-0.044405,-0.120408,0.052543,-0.073937,0.051583,0.000182,0.003931
0,0.025163,-0.133449,0.036891,-0.063879,-0.010917,-0.085478,0.000439,0.003931
0,-0.120154,-0.065975,-0.160878,0.079038,-0.129013,0.084032,0.002097,0.003931
0,-0.176668,0.061186,-0.067856,0.127811,-0.109062,0.173141,0.003083,0.003931
0,-0.067705,0.099064,0.114259,0.029322,0.100056,0.041463,0.001182,0.003931
0,-0.006145,-0.035848,0.080193,-0.109369,0.031731,-0.104198,0.000107,0.003931
0,-0.06447,-0.016474,-0.056171,0.024968,-0.069368,-0.005736,0.001125,0.003931
0,0.062839,0.098233,0.133425,0.115571,0.142694,0.100813,0.001097,0.003931
0,-0.126776,-0.092086,-0.203222,-0.212741,-0.188757,-0.169957,0.002213,0.003931
0,-0.206477,-0.02996,-0.077899,0.081236,-0.073663,0.038395,0.003604,0.003931
0,-0.02059,-0.012001,0.158982,0.045981,0.143667,0.09267,0.000359,0.003931
0,0.052647,0.040645,0.057381,0.068657,0.054897,0.039698,0.000919,0.003931
0,-0.014421,0.076432,-0.041034,0.006309,-0.051573,0.034588,0.000252,0.003931
0,-0.071937,0.074782,-0.084394,-0.009836,-0.105482,0.031609,0.001256,0.003931
0,0.004958,0.029066,0.067551,-0.039804,0.06407,-0.014891,8.7e-05,0.003931
0,0.102656,-0.057986,0.112582,-0.067936,0.135336,-0.067416,0.001792,0.003931
0,0.100706,0.056715,0.020078,0.114006,0.066794,0.082106,0.001758,0.003931
0,0.010804,0.119451,-0.066382,0.054417,-0.025776,0.033581,0.000189,0.003931
0,0.083369,-0.040488,0.099221,-0.135689,0.071474,-0.093892,0.001455,0.003931
0,-0.118019,0.039241,-0.196045,0.0565,-0.182358,0.058254,0.00206,0.003931
0,-0.001682,-0.032786,0.139108,-0.083234,0.184783,-0.112964,2.9e-05,0.003931
0,0.053147,-0.076358,0.066897,-0.018692,0.113062,-0.056248,0.000928,0.003931
0,-0.099416,-0.071929,-0.133202,-0.021047,-0.136528,-0.042729,0.001735,0.003931
0,-0.081243,-0.021917,-0.010198,0.028843,-0.008304,0.071394,0.001418,0.003931
0,-0.182394,0.19394,-0.105887,0.223847,-0.139232,0.231204,0.003183,0.003931
0,-0.074142,-0.04939,0.123768,-0.22329,0.116133,-0.176073,0.001294,0.003931
0,-0.15399,0.121012,-0.050032,0.184989,-0.062719,0.211412,0.002688,0.003931
0,0.037255,-0.000883,0.187085,-0.149009,0.14978,-0.112942,0.00065,0.003931
0,-0.028879,0.027806,-0.075788,0.05455,-0.092624,0.06078,0.000504,0.003931
0,-0.15714,0.14752,-0.106025,0.120956,-0.154823,0.146324,0.002743,0.003931
0,-0.11782,0.089483,0.060305,-0.056419,0.057956,-0.042426,0.002056,0.003931
0,-0.1429,0.181093,-0.053944,0.098277,-0.096786,0.069934,0.002494,0.003931
0,-0.163436,-0.003974,-0.045121,-0.18178,-0.071351,-0.152503,0.002853,0.003931
0,-0.110236,0.094205,0.032347,0.103946,0.040623,0.13267,0.001924,0.003931
0,-0.007759,0.197806,0.101736,0.081873,0.122004,0.113179,0.000135,0.003931
0,-0.025574,-0.073321,-0.021725,-0.296615,-0.053749,-0.276675,0.000446,0.003931
0,0.044444,0.156097,0.09932,0.255838,0.063732,0.234312,0.000776,0.003931
0,0.002587,-0.020757,-0.039642,-0.161934,-0.019988,-0.156876,4.5e-05,0.003931
0,-0.021135,0.041019,-0.033621,0.045329,0.01433,0.055533,0.000369,0.003931
0,0.104772,0.061851,0.126566,0.049474,0.126993,0.094698,0.001829,0.003931
0,-0.095195,-0.066561,-0.195067,-0.102783,-0.188404,-0.152477,0.001661,0.003931
0,0.109051,0.085596,0.213848,0.168115,0.201241,0.119882,0.001903,0.003931
0,-0.003641,0.102975,-0.095085,0.012102,-0.116751,-0.016275,6.4e-05,0.003931
0,-0.064363,-0.067468,-0.084719,-0.148221,-0.103972,-0.192234,0.001123,0.003931
0,0.269702,0.080529,0.324387,0.173405,0.274683,0.202844,0.004707,0.003931
0,0.043431,0.00279,-0.220924,-0.06849,-0.270251,-0.115848,0.000758,0.003931
0,-0.064207,-0.141492,-0.098222,-0.170796,-0.091572,-0.135345,0.001121,0.003931
0,0.084922,0.135374,0.162197,0.295957,0.202569,0.266969,0.001482,0.003931
0,0.119675,0.087408,0.009111,-0.046273,0.024117,-0.093999,0.002089,0.003931
0,0.181945,0.149454,0.053806,0.051135,0.082589,0.042803,0.003176,0.003931
0,-0.071124,0.128128,-0.225056,-0.05039,-0.184868,-0.079466,0.001241,0.003931
0,0.221377,-0.132389,0.286409,-0.242618,0.290772,-0.227062,0.003864,0.003931
0,-0.08531,0.064526,-0.326184,0.216482,-0.323727,0.226004,0.001489,0.003931
0,-0.078041,0.019406,0.018279,-0.042425,-0.025929,-0.007811,0.001362,0.003931
0,-0.028476,-0.050631,0.026314,-0.074235,0.037035,-0.06063,0.000497,0.003931
0,0.125634,0.021174,0.182294,0.079289,0.221443,0.094146,0.002193,0.003931
0,-0.106077,0.02345,-0.243591,0.003918,-0.237183,-0.042819,0.001851,0.003931
0,-0.012565,0.121912,0.105281,0.080212,0.075544,0.042816,0.000219,0.003931
0,0.076086,-0.077845,0.097825,-0.203072,0.108293,-0.174266,0.001328,0.003931
0,-0.205959,-0.042605,-0.261767,0.04121,-0.245689,0.046626,0.003595,0.003931
0,0.045179,0.140467,0.226463,0.153358,0.261206,0.133012,0.000789,0.003931
0,-0.025799,0.129843,-0.04843,0.014921,-0.080004,-0.023087,0.00045,0.003931
0,-0.080007,-0.1392,-0.031052,-0.284559,0.00532,-0.236827,0.001396,0.003931
0,0.006929,0.042447,0.067312,0.193577,0.070959,0.166664,0.000121,0.003931
0,0.011927,0.018172,0.005726,-0.054269,-0.041093,-0.06146,0.000208,0.003931
0,0.069842,-0.033913,0.044403,-0.055608,0.007521,-0.014393,0.001219,0.003931
0,0.045301,-0.086336,-0.023139,-0.049264,-0.005287,-0.083847,0.000791,0.003931
0,0.044689,-0.028342,-0.001655,0.047593,0.013091,0.044547,0.00078,0.003931
0,0.024175,0.093792,-0.041113,0.114223,-0.020527,0.12495,0.000422,0.003931
0,-0.035742,0.129311,-0.041274,0.021343,-0.056507,0.041593,0.000624,0.003931
0,0.151163,-0.098144,0.195342,-0.200055,0.200097,-0.242459,0.002638,0.003931
0,0.140221,-0.015796,-0.008486,0.074699,0.005782,0.044904,0.002447,0.003931
0,-0.087851,0.134585,-0.231898,0.167776,-0.183911,0.171454,0.001533,0.003931
0,-0.028136,0.14317,0.032768,-0.01037,0.057883,0.037318,0.000491,0.003931
0,0.039004,-0.032074,0.062804,-0.194715,0.089569,-0.229116,0.000681,0.003931
0,0.094889,-0.01529,0.027963,0.02423,0.076753,-0.002188,0.001656,0.003931
0,-0.121383,0.021053,-0.245182,0.012591,-0.210932,0.044612,0.002119,0.003931
0,-0.126556,-0.037859,0.001773,-0.079757,-0.039496,-0.042935,0.002209,0.003931
0,-0.165708,0.155598,-0.009241,0.173737,0.028202,0.145001,0.002892,0.003931
0,-0.009562,-0.090044,0.185958,-0.225127,0.15625,-0.257701,0.000167,0.003931
0,-0.131891,0.101283,-0.147554,0.185019,-0.180426,0.20278,0.002302,0.003931
0,0.013719,-0.022175,0.125311,-0.099484,0.123549,-0.122801,0.000239,0.003931
0,-0.031089,0.030637,-0.034576,0.042369,-0.070013,0.061124,0.000543,0.003931
0,-0.129766,0.16769,-0.090155,0.163393,-0.060007,0.139907,0.002265,0.003931
0,-0.043877,-0.088751,0.084845,-0.230593,0.055071,-0.242832,0.000766,0.003931
0,-0.037121,-0.029712,-0.021288,0.050961,0.002755,0.038334,0.000648,0.003931
0,-0.062522,-0.143121,-0.033335,-0.123032,-0.050246,-0.171993,0.001091,0.003931
0,-0.122391,-0.01846,-0.067331,0.09592,-0.107915,0.063428,0.002136,0.003931
0,-0.104582,0.090565,0.000394,0.112203,0.047261,0.089969,0.001825,0.003931
0,-0.129584,-0.089769,-0.049999,-0.193688,-0.022351,-0.173908,0.002262,0.003931
0,-0.017181,0.010966,0.1356,0.08535,0.089707,0.110687,0.0003,0.003931
0,0.067417,-0.119258,0.061119,-0.133586,0.096516,-0.126628,0.001177,0.003931
0,-0.08413,0.121613,-0.126905,0.23186,-0.155269,0.260956,0.001468,0.003931
0,-0.004549,0.142743,0.089207,0.020264,0.096796,0.045199,7.9e-05,0.003931
0,0.001482,0.008769,-0.007299,-0.140738,-0.027638,-0.169374,2.6e-05,0.003931
0,-0.134662,-0.005968,-0.111209,-0.004761,-0.099939,-0.027209,0.00235,0.003931
0,0.001071,-0.027511,0.13544,-0.002256,0.127354,-0.033493,1.9e-05,0.003931
0,-0.019531,0.033905,0.006847,0.065511,0.029624,0.102315,0.000341,0.003931
0,0.130308,0.030855,0.163298,0.012042,0.166769,-0.02703,0.002274,0.003931
0,0.030252,-0.04341,-0.072585,-0.062536,-0.121117,-0.032112,0.000528,0.003931
0,0.073463,-0.100161,0.072758,-0.083975,0.074657,-0.082504,0.001282,0.003931
0,-0.073796,-0.088478,-0.132678,-0.017479,-0.15702,-0.007144,0.001288,0.003931
0,0.015069,0.038978,0.093346,0.126486,0.046017,0.137417,0.000263,0.003931
0,-0.087365,0.045337,-0.098385,0.031556,-0.07558,0.044007,0.001525,0.003931
0,-0.105107,0.099664,-0.007903,0.065115,-0.022266,0.039713,0.001834,0.003931
0,-0.112872,0.043572,-0.011295,-0.07339,-0.003693,-0.062867,0.00197,0.003931
0,0.062479,-0.026468,0.194421,-0.056461,0.220214,-0.073969,0.00109,0.003931
0,0.020069,-0.092745,-0.058903,-0.06105,-0.031678,-0.056913,0.00035,0.003931
0,-0.179965,-0.104953,-0.215606,-0.035695,-0.222252,-0.005026,0.003141,0.003931
0,0.007252,-0.055537,0.210543,0.07503,0.210645,0.099526,0.000127,0.003931
0,-0.081617,0.202894,-0.117404,0.256979,-0.165951,0.25918,0.001424,0.003931
0,-0.136861,-0.059964,-0.056304,-0.233682,-0.008127,-0.223344,0.002389,0.003931
0,-0.05223,-0.077052,0.078266,-0.019131,0.126823,0.02383,0.000912,0.003931
0,-0.244048,0.051476,-0.170958,0.098538,-0.168152,0.101586,0.004259,0.003931
0,-0.091819,0.105583,0.167496,0.037157,0.121227,0.073051,0.001603,0.003931
0,0.017686,-0.05284,0.114191,-0.129385,0.140511,-0.108504,0.000309,0.003931
0,-0.170517,0.00559,-0.17019,0.046545,-0.141754,0.085151,0.002976,0.003931
0,-0.193899,0.034012,-0.034653,-0.001236,-0.006488,0.012903,0.003384,0.003931
0,-0.06257,0.142088,0.138661,0.126279,0.146738,0.158959,0.001092,0.003931
0,0.035982,-0.066101,0.077527,-0.22463,0.052979,-0.179605,0.000628,0.003931
0,-0.10167,0.067874,-0.155817,0.133049,-0.189056,0.164665,0.001774,0.003931
0,-0.039807,-0.015108,0.058458,-0.077406,0.017337,-0.045124,0.000695,0.003931
0,0.031884,0.064838,0.077093,0.100809,0.046798,0.10725,0.000556,0.003931
0,-0.123525,0.129569,-0.128154,0.047904,-0.11988,0.007705,0.002156,0.003931
0,0.053205,-0.07784,0.174005,-0.214976,0.144881,-0.253939,0.000929,0.003931
0,0.050119,0.146479,0.008529,0.245086,-0.015265,0.204025,0.000875,0.003931
0,-0.169142,0.064958,-0.211983,-0.052549,-0.248576,-0.042026,0.002952,0.003931
0,0.078692,0.002112,0.270495,-0.056834,0.22879,-0.072774,0.001373,0.003931
0,-0.147609,0.071596,-0.254663,0.041967,-0.236341,0.075299,0.002576,0.003931
0,-0.094608,0.039733,0.036402,-0.040532,0.018322,-0.005538,0.001651,0.003931
0,-0.131454,0.05459,-0.046014,-0.002243,-0.001225,0.007464,0.002294,0.003931
0,-0.094947,0.114497,0.041463,0.065196,0.036369,0.111325,0.001657,0.003931
0,-0.065771,0.024272,0.014947,-0.105958,0.047824,-0.060327,0.001148,0.003931
0,0.026153,-0.101516,0.119838,-0.09716,0.153683,-0.13953,0.000456,0.003931
0,0.189585,0.075353,0.150862,0.169661,0.107372,0.132035,0.003309,0.003931
0,0.208711,0.114646,0.019665,0.027978,0.050477,-0.01464,0.003643,0.003931
0,0.133726,0.200812,-0.077626,0.080098,-0.07769,0.04683,0.002334,0.003931
0,0.073527,0.037072,-0.078412,-0.163136,-0.02861,-0.126762,0.001283,0.003931
0,-0.008208,0.146066,-0.065563,0.108585,-0.026382,0.149227,0.000143,0.003931
0,0.14338,0.071423,0.122937,-0.079813,0.15422,-0.07371,0.002502,0.003931
0,0.099018,0.018335,-0.056048,-0.06667,-0.024037,-0.036374,0.001728,0.003931
0,0.194511,-0.020636,0.076934,-0.030758,0.092468,-0.010956,0.003395,0.003931
0,0.066383,0.106561,-0.139334,0.12213,-0.183214,0.124762,0.001159,0.003931
0,0.177714,0.148864,0.104109,0.019091,0.145555,-0.029951,0.003102,0.003931
0,0.300854,0.090927,0.104563,-0.062241,0.092082,-0.078666,0.005251,0.003931
0,0.155582,-0.050771,-0.139308,-0.137558,-0.172547,-0.099368,0.002715,0.003931
0,0.063541,-0.016136,-0.081557,0.058461,-0.108691,0.047436,0.001109,0.003931
0,0.015857,-0.057256,-0.022171,-0.046897,-0.059002,-0.082173,0.000277,0.003931
0,0.144989,0.13658,0.104808,0.216459,0.145842,0.17671,0.002531,0.003931
0,-0.003162,-0.060171,-0.135936,-0.193125,-0.149991,-0.182013,5.5e-05,0.003931
0,0.177871,0.06118,0.185187,0.108812,0.212019,0.088292,0.003104,0.003931
0,0.18298,0.225178,-0.00942,0.14932,-0.054695,0.164681,0.003194,0.003931
0,0.107045,0.049665,-0.075013,-0.191469,-0.037168,-0.144194,0.001868,0.003931
0,0.031862,-0.08938,-0.080342,-0.130521,-0.081197,-0.11409,0.000556,0.003931
0,0.23891,0.097206,0.190735,0.189212,0.189709,0.210045,0.00417,0.003931
0,0.062401,0.11661,-0.153538,-0.001357,-0.15469,-0.037216,0.001089,0.003931
0,-0.019852,-0.000797,-0.082696,-0.088348,-0.033572,-0.089104,0.000346,0.003931
0,0.036971,-0.092456,0.052056,-0.100883,0.030845,-0.092431,0.000645,0.003931
0,0.057712,0.037739,0.010644,0.141704,0.032296,0.113441,0.001007,0.003931
0,0.084278,0.057268,0.012122,0.021498,0.057871,-0.027655,0.001471,0.003931
0,0.171512,0.017643,0.0897,-0.029641,0.081799,-0.031126,0.002993,0.003931
0,-0.02661,-0.125922,-0.176288,-0.164008,-0.169358,-0.163858,0.000464,0.003931
0,-0.058559,-0.081718,-0.036246,0.0429,-0.038031,0.02093,0.001022,0.003931
0,0.121906,-0.113114,0.159412,-0.059635,0.154635,-0.030381,0.002128,0.003931
0,-0.124228,-0.106006,-0.236478,-0.021042,-0.228927,0.025061,0.002168,0.003931
0,-0.126136,-0.094902,-0.007397,0.017975,0.027818,0.05738,0.002201,0.003931
0,-0.068585,0.15399,0.054676,0.255035,0.083607,0.291458,0.001197,0.003931
0,0.146627,0.104214,0.193404,-0.036086,0.242106,0.01278,0.002559,0.003931
0,-0.084748,-0.016893,-0.253908,-0.094283,-0.235001,-0.125046,0.001479,0.003931
0,0.049361,0.093395,0.161232,0.096073,0.182096,0.109176,0.000862,0.003931
0,-0.069041,0.125787,-0.131339,0.014812,-0.124442,-0.030093,0.001205,0.003931
0,0.060475,-0.045961,0.108629,-0.156592,0.128008,-0.137005,0.001055,0.003931
0,-0.010019,0.00637,-0.082625,0.081891,-0.107121,0.110251,0.000175,0.003931
0,0.049308,0.085418,0.087135,0.053059,0.123471,0.029305,0.000861,0.003931
0,-0.044598,-0.025611,-0.070899,-0.083355,-0.117702,-0.046186,0.000778,0.003931
0,-0.107903,0.074028,-0.073086,0.127644,-0.06829,0.109587,0.001883,0.003931
0,-0.077823,0.124457,0.034005,0.060711,0.057477,0.09599,0.001358,0.003931
0,0.012947,-0.109854,0.076756,-0.207909,0.072737,-0.228483,0.000226,0.003931
0,-0.04561,-0.043442,-0.086839,0.081012,-0.067753,0.130468,0.000796,0.003931
0,-0.019847,-0.130514,0.009389,-0.059415,-0.009795,-0.101413,0.000346,0.003931
0,0.077883,-0.001764,0.103614,0.114576,0.067461,0.101889,0.001359,0.003931
0,-0.166973,-0.160177,-0.231941,-0.173254,-0.188981,-0.190081,0.002914,0.003931
0,-0.101889,0.124377,0.077205,0.309375,0.099758,0.355467,0.001778,0.003931
0,-0.046486,-0.015054,0.064922,-0.133749,0.085413,-0.126416,0.000811,0.003931
0,-0.005676,-0.156387,0.059907,-0.114777,0.108407,-0.130532,9.9e-05,0.003931
0,-0.129712,0.112547,-0.124528,0.281131,-0.131708,0.317454,0.002264,0.003931
0,0.112746,-0.048757,0.254175,-0.147875,0.245591,-0.165143,0.001968,0.003931
0,0.050724,-0.146199,-0.041983,-0.116021,-0.060443,-0.128924,0.000885,0.003931
0,0.081322,-0.115017,0.010859,0.038353,0.021226,0.011869,0.001419,0.003931
0,-0.12994,-0.023947,-0.210445,0.092169,-0.230813,0.125298,0.002268,0.003931
0,-0.145294,0.154598,-0.02474,0.192376,-0.002311,0.236257,0.002536,0.003931
0,0.095108,-0.098599,0.250871,-0.227166,0.224005,-0.23196,0.00166,0.003931
0,-0.16603,-0.099419,-0.289575,-0.019123,-0.320445,-0.026725,0.002898,0.003931
0,0.043921,-0.191418,0.194527,-0.086863,0.154986,-0.103403,0.000767,0.003931
0,-0.020218,0.101574,-0.059533,0.268531,-0.080182,0.255573,0.000353,0.003931
0,-0.013343,-0.101166,-0.011798,-0.17493,-0.021588,-0.209815,0.000233,0.003931
0,0.104003,-0.034169,0.111621,0.083798,0.13636,0.048128,0.001815,0.003931
0,0.030018,-0.126602,-0.102692,-0.078116,-0.118389,-0.096313,0.000524,0.003931
0,-0.100582,0.022501,-0.143847,0.138109,-0.102666,0.146914,0.001755,0.003931
0,0.007746,-0.037834,0.086721,-0.071038,0.08208,-0.030848,0.000135,0.003931
0,-0.145859,0.071493,-0.128139,0.111658,-0.118628,0.065702,0.002546,0.003931
0,-0.041805,-0.045969,0.07602,-0.128587,0.027353,-0.079833,0.00073,0.003931
0,-0.106964,0.097848,-0.035839,0.115226,-0.059324,0.152261,0.001867,0.003931
0,0.097726,-0.077069,0.182847,-0.192513,0.191461,-0.165226,0.001706,0.003931
0,0.000612,-0.023724,-0.112563,0.068295,-0.06535,0.107963,1.1e-05,0.003931
0,0.065615,-0.066886,0.075671,-0.018954,0.071949,-0.063022,0.001145,0.003931
0,0.05949,-0.091064,-0.005248,-0.042063,-0.03449,-0.090343,0.001038,0.003931
0,-0.111096,0.041036,-0.171217,0.103912,-0.200399,0.070744,0.001939,0.003931
0,-0.169312,0.02272,-0.071678,-0.010601,-0.038365,0.012582,0.002955,0.003931
0,-0.173796,-0.029609,-0.028258,-0.080256,-0.015195,-0.075261,0.003033,0.003931
0,0.140067,0.005749,0.321451,0.02804,0.274846,-0.011393,0.002445,0.003931
0,0.000325,0.108737,-0.131758,0.127565,-0.153876,0.139782,6e-06,0.003931
0,-0.107166,0.091659,-0.137479,-0.036174,-0.132228,-0.081113,0.00187,0.003931
0,-0.165301,-0.109255,-0.070639,-0.204479,-0.093015,-0.166272,0.002885,0.003931
0,-0.245092,0.095185,-0.065291,0.177047,-0.106122,0.164118,0.004278,0.003931
0,-0.263877,0.062784,-0.007561,-0.060591,0.004891,-0.079001,0.004606,0.003931
0,-0.237144,-0.076193,0.03888,-0.112223,-0.007747,-0.110212,0.004139,0.003931
0,-0.244603,-0.076411,0.007755,-0.028673,-0.036002,-0.071584,0.004269,0.003931
0,-0.068223,0.079233,0.205937,0.1691,0.184588,0.207497,0.001191,0.003931
0,-0.131351,-0.04692,-0.060359,-0.11209,-0.022457,-0.08931,0.002293,0.003931
0,-0.194058,-0.076921,-0.087668,-0.009887,-0.105621,-0.029945,0.003387,0.003931
0,-0.081606,-0.115868,0.10549,-0.009573,0.07701,0.014301,0.001424,0.003931
0,-0.041351,0.005931,0.053454,0.130839,0.007851,0.099084,0.000722,0.003931
0,-0.122582,0.09039,-0.088697,0.060269,-0.042928,0.109913,0.002139,0.003931
0,-0.154967,-0.099715,-0.045893,-0.169771,-0.017412,-0.203181,0.002705,0.003931
0,0.015118,-0.040777,0.141832,0.074693,0.166882,0.118378,0.000264,0.003931
0,-0.084789,0.136835,-0.096435,0.19893,-0.108934,0.191976,0.00148,0.003931
0,-0.102376,-0.005478,-0.042974,-0.12165,-0.092437,-0.130292,0.001787,0.003931
0,0.139796,0.157809,0.266102,0.169037,0.243992,0.216145,0.00244,0.003931
0,0.155577,0.139283,0.024669,-0.011019,0.029337,-0.003536,0.002715,0.003931
0,0.066086,0.142587,-0.088822,0.03142,-0.096967,-0.015646,0.001153,0.003931
0,0.084823,0.1398,0.017645,-0.022274,-0.021241,-0.028122,0.00148,0.003931
0,0.066131,0.132293,-0.036073,-0.036644,-0.016829,-0.004302,0.001154,0.003931
0,-0.117761,0.172242,-0.200927,0.047213,-0.220308,0.020056,0.002055,0.003931
0,0.092965,0.147293,0.233646,-0.049254,0.260961,-0.068949,0.001623,0.003931
0,0.052743,0.043822,-0.038022,-0.122158,-0.009669,-0.07991,0.000921,0.003931
0,-0.122139,0.030185,-0.192417,0.001673,-0.149402,-0.000938,0.002132,0.003931
0,-0.070556,0.046598,0.034023,-0.001229,0.019427,-0.01869,0.001231,0.003931
0,-0.061066,0.086625,-0.007745,0.035883,0.042003,0.019915,0.001066,0.003931
0,-0.17614,0.101831,-0.106117,0.016915,-0.106501,0.036009,0.003074,0.003931
0,-0.113679,-0.011049,0.059219,-0.093389,0.049244,-0.068831,0.001984,0.003931
0,-0.132458,-0.033648,-0.043374,-0.028005,-0.061267,-0.018669,0.002312,0.003931
0,0.069338,0.083351,0.224453,0.09566,0.218128,0.11157,0.00121,0.003931
0,0.065601,-0.050868,0.024379,-0.122417,0.05601,-0.101962,0.001145,0.003931
0,0.054475,-0.075367,-0.011705,-0.051737,5.7e-05,-0.076604,0.000951,0.003931
0,1.918653,-1.830685,1.872113,-1.76916,1.916888,-1.764199,0.001768,0.003304
0,4.218795,-1.914355,2.299779,-0.083928,2.332195,-0.082272,0.003122,0.001843
0,4.582626,-2.159407,0.389621,-0.220981,0.34599,-0.245409,0.00228,0.002434
0,3.847836,-2.366709,-0.725262,-0.180073,-0.688844,-0.171414,0.003353,0.0057
0,3.347629,-1.944795,-0.48322,0.449469,-0.468397,0.497086,0.000331,0.001312
0,1.702445,-1.34599,-1.628232,0.625496,-1.627945,0.638733,0.005542,1.1e-05
0,0.990103,-1.137784,-0.729728,0.217309,-0.715573,0.219761,0.005529,0.003645
0,0.550578,-0.82316,-0.409831,0.344066,-0.42693,0.305259,0.002142,0.002615
0,0.349435,-0.514304,-0.226357,0.326234,-0.17651,0.319021,0.005653,0.002775
0,-0.002832,-0.171894,-0.362207,0.358057,-0.379896,0.375363,4.9e-05,0.003
0,-0.233113,0.157472,-0.243485,0.340637,-0.274091,0.298886,0.004069,0.002748
0,-0.478936,0.251688,-0.233514,0.112357,-0.27806,0.140583,0.003393,0.004393
0,-0.465469,0.413273,0.030925,0.186349,0.056454,0.23128,0.003628,0.004539
0,-0.534687,0.327022,-0.08777,-0.087325,-0.1337,-0.077101,0.00242,0.005708
0,-0.503415,0.377866,0.025271,0.063715,0.059385,0.039924,0.002965,0.005157
0,-0.468549,0.355753,0.027569,-0.020828,0.066667,-0.058313,0.003574,0.005543
0,-0.341458,0.10075,0.120131,-0.284512,0.077245,-0.323301,0.005792,0.001758
0,-0.452214,0.100204,-0.11096,0.018828,-0.094983,0.000939,0.003859,0.001749
0,-0.231565,0.093774,0.190664,-0.005103,0.214418,0.008707,0.004042,0.001637
0,-0.234635,0.079209,0.008013,0.011268,0.057164,0.031957,0.004095,0.001382
0,-0.258006,0.339143,-0.042875,0.253629,-0.054185,0.216344,0.004503,0.005833
0,-0.296589,0.132764,-0.02131,-0.210037,-0.026667,-0.245144,0.005176,0.002317
0,-0.311619,0.171181,-0.01866,0.048646,-0.05542,0.042701,0.005439,0.002988
0,-0.292953,0.101288,0.024532,-0.072268,-0.018055,-0.061722,0.005113,0.001768
0,-0.15689,0.110749,0.148654,0.03572,0.142541,-0.004566,0.002738,0.001933
0,-0.304551,0.261832,-0.175194,0.123789,-0.178779,0.125097,0.005315,0.00457
0,-0.196909,0.150852,0.130743,-0.135815,0.089965,-0.11553,0.003437,0.002633
0,-0.042976,0.161787,0.135409,-0.017733,0.117986,-0.05619,0.00075,0.002824
0,-0.187214,0.20594,-0.149923,0.069533,-0.178097,0.065934,0.003268,0.003594
0,-0.139686,-0.014936,0.066708,-0.199866,0.044507,-0.15389,0.002438,0.000261
0,-0.177573,0.019566,-0.024706,0.045858,-0.004071,0.01717,0.003099,0.000341
0,-0.004695,0.207684,0.155709,0.173555,0.142084,0.159428,8.2e-05,0.003625
0,-0.205852,0.142783,-0.177253,-0.049395,-0.159295,-0.081606,0.003593,0.002492
0,-0.1954,0.127221,0.012957,-0.024802,-0.032948,0.011157,0.00341,0.00222
0,-0.042247,0.179009,0.136468,0.03403,0.087859,0.018099,0.000737,0.003124
0,0.050963,0.056749,0.079356,-0.100497,0.077243,-0.104645,0.000889,0.00099
0,0.000282,0.07323,-0.069289,0.032744,-0.078895,0.037901,5e-06,0.001278
0,-0.183837,0.010743,-0.172563,-0.086275,-0.220151,-0.088652,0.003209,0.000187
0,-0.106456,0.148813,0.087231,0.136083,0.069745,0.146078,0.001858,0.002597
0,-0.004388,0.105001,0.125092,-0.045459,0.169883,-0.024873,7.7e-05,0.001833
0,0.013098,0.00069,0.027883,-0.116793,-0.009818,-0.159723,0.000229,1.2e-05
0,-0.046213,-0.05795,-0.060975,-0.047685,-0.101975,-0.081378,0.000807,0.001011
0,0.001643,-0.092849,0.077672,-0.064813,0.07981,-0.078419,2.9e-05,0.001621
0,-0.192802,-0.002921,-0.196456,0.115353,-0.149229,0.073173,0.003365,5.1e-05
0,0.003984,-0.063444,0.224315,-0.07602,0.21434,-0.099276,7e-05,0.001107
0,-0.186521,0.137997,-0.208291,0.212849,-0.249344,0.251385,0.003255,0.002409
0,-0.003569,0.085694,0.19112,-0.045409,0.172932,-0.088601,6.2e-05,0.001496
0,-0.015324,-0.020637,0.017001,-0.114134,0.010444,-0.083089,0.000267,0.00036
0,-0.239465,-0.029495,-0.247927,-0.017997,-0.267363,-0.009388,0.004179,0.000515
0,-0.027658,-0.151726,0.218382,-0.1225,0.204122,-0.082051,0.000483,0.002648
0,0.037809,0.101551,0.065684,0.258726,0.072427,0.219113,0.00066,0.001772
0,-0.221168,-0.008245,-0.259205,-0.136466,-0.266083,-0.171107,0.00386,0.000144
0,-0.162581,0.116223,0.032598,0.133768,0.035201,0.145053,0.002838,0.002028
0,-0.040893,0.015423,0.11631,-0.118833,0.07707,-0.166861,0.000714,0.000269
0,-0.051221,-0.0858,0.002282,-0.102606,-0.034164,-0.120008,0.000894,0.001497
0,-0.016439,0.077918,0.06295,0.149154,0.015909,0.189926,0.000287,0.00136
0,-0.25845,0.041805,-0.216588,-0.055601,-0.253387,-0.061157,0.004511,0.00073
0,-0.179882,-0.038595,0.086177,-0.05395,0.096801,-0.007015,0.00314,0.000674
0,-0.145779,-0.146758,0.06098,-0.132096,0.064111,-0.143332,0.002544,0.002561
0,-0.2036,-0.150466,-0.033306,0.012668,-0.040383,0.004519,0.003553,0.002626
0,-0.172966,-0.148006,0.019162,-0.00904,0.007967,0.031102,0.003019,0.002583
0,-0.069711,-0.033004,0.111643,0.14391,0.112443,0.103069,0.001217,0.000576
0,0.024616,-0.102303,0.103677,-0.05135,0.087387,-0.077174,0.00043,0.001786
0,-0.096018,0.01059,-0.130007,0.127592,-0.177655,0.171835,0.001676,0.000185
0,-0.141698,0.057128,-0.016117,0.071242,-0.003007,0.044623,0.002473,0.000997
0,0.029196,-0.111256,0.171396,-0.156701,0.206368,-0.108501,0.00051,0.001942
0,-0.095317,0.089728,-0.118771,0.173098,-0.140811,0.132134,0.001664,0.001566
0,-0.137948,0.157317,-0.056017,0.0655,-0.099512,0.053673,0.002408,0.002746
0,-0.109721,0.04424,0.026507,-0.109959,0.01652,-0.127271,0.001915,0.000772
0,-0.090785,0.087004,0.012159,0.053263,0.001142,0.026324,0.001585,0.001519
0,-0.178448,-0.003793,-0.07142,-0.120506,-0.113372,-0.15536,0.003115,6.6e-05
0,-0.023568,0.011234,0.161536,0.021002,0.117565,0.047746,0.000411,0.000196
0,-0.213903,-0.116101,-0.2096,-0.116344,-0.230675,-0.132967,0.003733,0.002026
0,0.036872,-0.120316,0.231679,-0.020769,0.214898,-0.028037,0.000644,0.0021
0,0.033503,-0.021119,0.013901,0.125527,-0.019566,0.175075,0.000585,0.000369
0,-0.239593,0.072535,-0.244839,0.102558,-0.220877,0.138815,0.004182,0.001266
0,-0.009187,-0.093173,0.252233,-0.188176,0.273243,-0.18556,0.00016,0.001626
0,-0.065358,0.10325,-0.056363,0.181482,-0.035815,0.211871,0.001141,0.001802
0,-0.265409,-0.091532,-0.180143,-0.213647,-0.140453,-0.235828,0.004632,0.001598
0,-0.168677,0.17644,0.111519,0.270399,0.145529,0.313972,0.002944,0.003079
0,-0.01492,0.171042,0.129111,0.017106,0.112781,0.050603,0.00026,0.002985
0,0.010071,0.165485,0.029931,-0.029714,0.044639,-0.009575,0.000176,0.002888
0,-0.044145,-0.095194,-0.047593,-0.256303,-0.019407,-0.248236,0.00077,0.001661
0,0.026396,0.12638,0.084082,0.242653,0.037383,0.23032,0.000461,0.002206
0,-0.007016,-0.000998,-0.060834,-0.148334,-0.081146,-0.106962,0.000122,1.7e-05
0,0.046609,0.156884,0.054041,0.169647,0.048572,0.180325,0.000813,0.002738
0,0.097924,-0.09431,0.043647,-0.264467,0.024219,-0.313271,0.001709,0.001646
0,0.137336,0.187198,0.044792,0.2994,0.04087,0.255135,0.002397,0.003267
0,0.133007,0.208686,0.01598,0.024432,0.022363,0.071611,0.002321,0.003642
0,0.011911,0.081193,-0.108877,-0.119965,-0.116314,-0.167392,0.000208,0.001417
0,0.161997,-0.017176,0.122917,-0.110387,0.165794,-0.12612,0.002827,0.0003
0,0.170002,0.185482,-0.019701,0.19592,0.01652,0.170791,0.002967,0.003237
0,0.047906,0.002912,-0.12388,-0.18781,-0.086755,-0.156373,0.000836,5.1e-05
0,0.123876,0.026297,0.087969,0.020846,0.057437,0.038405,0.002162,0.000459
0,0.158365,-0.109673,0.011198,-0.151594,0.000416,-0.16147,0.002764,0.001914
0,0.040382,0.002467,-0.093893,0.103408,-0.122278,0.136813,0.000705,4.3e-05
0,0.141325,-0.005741,0.098949,-0.019978,0.096914,-0.055572,0.002467,0.0001
0,-0.062794,0.103352,-0.214259,0.135752,-0.206687,0.170384,0.001096,0.001804
0,-0.081186,-0.006804,-0.02871,-0.126324,-0.046052,-0.080136,0.001417,0.000119
0,0.093053,-0.084204,0.168545,-0.09772,0.214671,-0.112129,0.001624,0.00147
0,0.149163,0.041933,0.063447,0.151515,0.096036,0.174123,0.002603,0.000732
0,0.103543,0.016538,-0.041527,-0.014252,-0.036099,0.015354,0.001807,0.000289
0,-0.097804,-0.096004,-0.184303,-0.103242,-0.143163,-0.130988,0.001707,0.001676
0,-0.152826,-0.153204,-0.04349,-0.02862,-0.046714,-0.030009,0.002667,0.002674
0,0.034506,-0.090715,0.171047,0.091744,0.165598,0.102041,0.000602,0.001583
0,0.066241,-0.023548,0.060277,0.040322,0.04785,0.049811,0.001156,0.000411
0,0.05893,0.08393,0.00814,0.086703,0.020534,0.080309,0.001029,0.001465
0,-0.069408,0.146145,-0.100331,0.051438,-0.132005,0.047393,0.001211,0.002551
0,0.120387,-0.146045,0.159887,-0.302671,0.190446,-0.279892,0.002101,0.002549
0,-0.13573,-0.077865,-0.245651,0.04443,-0.238716,0.075263,0.002369,0.001359
0,-0.017195,0.165756,0.100432,0.225643,0.06811,0.196757,0.0003,0.002893
0,-0.053656,-0.074144,-0.018912,-0.251854,-0.063641,-0.245106,0.000936,0.001294
0,-0.189955,0.108975,-0.142189,0.191314,-0.148321,0.144994,0.003315,0.001902
0,0.01092,0.187282,0.174447,0.085532,0.181168,0.036187,0.000191,0.003269
0,0.015715,0.063437,0.025373,-0.127013,0.001101,-0.158082,0.000274,0.001107
0,-0.133544,0.08603,-0.135281,0.033658,-0.168666,0.062295,0.002331,0.001502
0,0.059749,0.052638,0.206136,-0.017239,0.166229,-0.065195,0.001043,0.000919
0,0.071214,0.107807,0.023823,0.084797,0.049806,0.097742,0.001243,0.001882
0,-0.067711,0.071417,-0.124938,-0.026604,-0.128026,-0.053672,0.001182,0.001246
0,0.057421,-0.05024,0.103043,-0.120108,0.105257,-0.072604,0.001002,0.000877
0,-0.10211,0.11636,-0.129845,0.141434,-0.151471,0.142002,0.001782,0.002031
0,0.130082,0.098683,0.259978,-0.02191,0.244709,-0.021082,0.00227,0.001722
0,-0.070906,0.128307,-0.225633,0.024758,-0.23237,0.029672,0.001238,0.002239
0,0.092354,0.038548,0.165352,-0.063216,0.180406,-0.110168,0.001612,0.000673
0,-0.013238,0.167485,-0.095477,0.13805,-0.117958,0.107707,0.000231,0.002923
0,0.040018,-0.037966,0.042738,-0.175877,0.049733,-0.159663,0.000698,0.000663
0,-0.084552,0.099797,-0.126949,0.121527,-0.122744,0.159196,0.001476,0.001742
0,-0.021099,0.076638,0.067582,-0.001234,0.065122,-0.01889,0.000368,0.001338
0,0.168915,-0.092252,0.174856,-0.170216,0.153255,-0.129207,0.002948,0.00161
0,0.183576,0.165558,0.009465,0.261066,-0.017823,0.307936,0.003204,0.00289
0,0.039284,0.021602,-0.160307,-0.120658,-0.1873,-0.146923,0.000686,0.000377
0,-0.032857,-0.035733,-0.075851,-0.040884,-0.066836,-0.078066,0.000573,0.000624
0,0.034325,0.160977,0.06319,0.20495,0.087189,0.179252,0.000599,0.00281
0,0.04321,0.103167,-0.000744,-0.08498,-0.034582,-0.104821,0.000754,0.001801
0,-0.02459,-0.123095,-0.077194,-0.224496,-0.043304,-0.241209,0.000429,0.002148
0,0.103913,0.034746,0.154519,0.137787,0.16373,0.187148,0.001814,0.000606
0,0.004392,-0.111552,-0.079338,-0.134183,-0.063786,-0.089631,7.7e-05,0.001947
0,0.090179,0.005895,0.088242,0.114377,0.112828,0.067759,0.001574,0.000103
0,-0.08089,0.027884,-0.169469,0.047937,-0.178464,0.008673,0.001412,0.000487
0,-0.083,-0.104168,0.001999,-0.148127,-0.042123,-0.10176,0.001449,0.001818
0,-0.072683,-0.019699,0.023476,0.089597,-0.02088,0.134656,0.001269,0.000344
0,-0.023662,-0.113203,0.058639,-0.066652,0.077365,-0.032935,0.000413,0.001976
0,-0.098653,-0.148656,-0.104484,-0.005495,-0.070956,0.022817,0.001722,0.002595
0,-0.093594,-0.168888,0.019773,0.006899,-0.027481,0.052154,0.001634,0.002948
0,0.225883,-0.091258,0.342139,0.098662,0.303508,0.076641,0.003942,0.001593
0,0.232676,-0.088539,0.008719,-0.015335,0.047782,-0.02287,0.004061,0.001545
0,0.126857,-0.10267,-0.110034,-0.00411,-0.087456,0.033403,0.002214,0.001792
0,-0.054307,-0.238298,-0.182262,-0.114457,-0.175602,-0.092307,0.000948,0.004159
0,0.106729,-0.095484,0.145345,0.151373,0.146166,0.177291,0.001863,0.001667
0,0.123887,-0.082664,0.014706,-0.010683,-0.000636,0.028948,0.002162,0.001443
0,0.141837,-0.132999,-0.010112,-0.030246,-0.015684,0.003243,0.002476,0.002321
0,-0.062289,-0.107755,-0.22368,-0.002955,-0.261016,0.037526,0.001087,0.001881
0,-0.045454,-0.156804,0.022929,-0.05388,0.006919,-0.052396,0.000793,0.002737
0,0.166613,-0.189036,0.224987,-0.013433,0.209264,-0.002631,0.002908,0.003299
0,0.129845,-0.145546,-0.012432,0.064887,-0.051149,0.023893,0.002266,0.00254
0,0.197627,-0.094688,0.085148,0.032925,0.064145,0.063644,0.003449,0.001653
0,0.046654,0.036249,-0.15043,0.128401,-0.118779,0.125135,0.000814,0.000633
0,-0.005069,0.048011,-0.059897,0.013354,-0.028343,0.061428,8.8e-05,0.000838
0,-0.026177,-0.014708,0.006146,-0.05098,0.007953,-0.079367,0.000457,0.000257
0,0.03909,-0.020788,0.03552,-0.010914,0.060214,-0.021574,0.000682,0.000363
0,0.125219,0.019642,0.089851,0.016271,0.04098,0.022041,0.002185,0.000343
0,-0.08641,-0.141872,-0.209557,-0.162528,-0.240306,-0.1817,0.001508,0.002476
0,0.146486,-0.182204,0.231886,-0.019527,0.247374,0.030453,0.002557,0.00318
0,-0.065653,0.064727,-0.185027,0.248726,-0.213751,0.257693,0.001146,0.00113
0,0.001883,-0.147689,0.061664,-0.193411,0.044926,-0.186434,3.3e-05,0.002578
0,-0.14436,-0.144342,-0.148909,0.013287,-0.17425,-0.035733,0.00252,0.002519
0,0.13691,0.113371,0.266498,0.243691,0.25891,0.260881,0.00239,0.001979
0,0.007031,-0.022079,-0.107164,-0.118448,-0.085436,-0.114074,0.000123,0.000385
0,0.142572,0.136715,0.124319,0.146415,0.091398,0.134856,0.002488,0.002386
0,0.261207,-0.122552,0.106904,-0.279938,0.104194,-0.28622,0.004559,0.002139
0,0.19575,-0.145338,-0.06963,-0.052288,-0.056225,-0.03615,0.003416,0.002537
0,0.133358,-0.113867,-0.04816,0.007353,-0.041581,-0.006353,0.002328,0.001987
0,0.169896,0.048553,0.057802,0.158695,0.074957,0.120518,0.002965,0.000847
0,0.15947,0.089282,-0.005856,0.034371,-0.038809,-0.00956,0.002783,0.001558
0,0.230587,-0.15187,0.06481,-0.248762,0.084336,-0.268453,0.004025,0.002651
0,-0.022923,-0.076433,-0.241093,0.097581,-0.270851,0.135327,0.0004,0.001334
0,-0.005543,-0.154283,0.000184,-0.094982,-0.026766,-0.04514,9.7e-05,0.002693
0,-0.081095,0.065553,-0.068389,0.191033,-0.109814,0.159096,0.001415,0.001144
0,0.072609,-0.019313,0.142285,-0.066717,0.188284,-0.038794,0.001267,0.000337
0,-0.021858,0.049622,-0.080085,0.069284,-0.060876,0.0691,0.000381,0.000866
0,-0.050771,0.076173,-0.052967,0.056177,-0.017564,0.055825,0.000886,0.001329
0,-0.109779,-0.058427,-0.065357,-0.124135,-0.098692,-0.086026,0.001916,0.00102
0,0.090277,-0.123221,0.195975,-0.081673,0.157199,-0.102625,0.001576,0.002151
0,0.159343,-0.00734,0.053736,0.095569,0.036769,0.110447,0.002781,0.000128
0,-0.003549,-0.073443,-0.179805,-0.094885,-0.208411,-0.05897,6.2e-05,0.001282
0,0.110708,0.156591,0.141437,0.236978,0.142676,0.233056,0.001932,0.002733
0,0.051059,0.116828,-0.058822,-0.033676,-0.040927,-0.036119,0.000891,0.002039
0,-0.0161,-0.055796,-0.05644,-0.198024,-0.075881,-0.208727,0.000281,0.000974
0,0.006997,-0.00408,-0.000989,0.071704,0.03952,0.087116,0.000122,7.1e-05
0,-0.005978,-0.024796,-0.002298,-0.038999,-0.048519,-0.036296,0.000104,0.000433
0,-0.115933,-0.116168,-0.113546,-0.120649,-0.15368,-0.14517,0.002023,0.002028
0,0.038966,0.096063,0.175819,0.222943,0.160307,0.253288,0.00068,0.001677
0,-0.148718,0.071027,-0.161147,-0.013078,-0.207642,-0.062908,0.002596,0.00124
0,-0.000729,-0.046528,0.162443,-0.111664,0.137885,-0.156968,1.3e-05,0.000812
0,0.06977,-0.087708,0.062825,-0.043184,0.030859,-0.07023,0.001218,0.001531
0,-0.061731,-0.010786,-0.12133,0.083828,-0.168502,0.086999,0.001077,0.000188
0,-0.081012,-0.13904,-0.021291,-0.105621,0.012079,-0.089911,0.001414,0.002427
0,0.025587,0.036456,0.084174,0.169471,0.107722,0.175291,0.000447,0.000636
0,0.114574,-0.053031,0.115479,-0.065174,0.147012,-0.039008,0.002,0.000926
0,0.124845,0.042229,0.013642,0.07939,-0.008818,0.126198,0.002179,0.000737
0,0.124332,0.042766,0.003765,-0.019902,-0.0416,-0.019548,0.00217,0.000746
0,0.108034,0.076362,-0.038163,0.023436,-0.040027,-0.01275,0.001886,0.001333
0,-0.033908,-0.158218,-0.132471,-0.251337,-0.166155,-0.207726,0.000592,0.002761
0,0.012251,0.011027,0.050684,0.181143,0.071247,0.198479,0.000214,0.000192
0,-0.060225,-0.121613,-0.066163,-0.140433,-0.09686,-0.187946,0.001051,0.002123
0,-0.053858,0.015503,0.023501,0.141481,0.055454,0.106654,0.00094,0.000271
0,0.133835,-0.06686,0.192883,-0.107338,0.235068,-0.110074,0.002336,0.001167
0,-0.114697,-0.181727,-0.250078,-0.122468,-0.265189,-0.123711,0.002002,0.003172
0,0.137368,1.2e-05,0.253374,0.206536,0.255828,0.185463,0.002398,0.0
0,-0.053721,0.053077,-0.220437,0.024624,-0.203429,0.009015,0.000938,0.000926
0,-0.108205,-0.080645,-0.046821,-0.117676,-0.029364,-0.098079,0.001889,0.001408
0,0.15099,-0.160719,0.275527,-0.06822,0.230751,-0.022555,0.002635,0.002805
0,-0.046463,-0.171117,-0.180988,-0.014454,-0.141768,-0.043428,0.000811,0.002987
0,0.056619,-0.158674,0.083109,0.016527,0.101133,0.023866,0.000988,0.002769
0,0.182549,0.078779,0.139072,0.227598,0.146832,0.271872,0.003186,0.001375
0,0.045368,-0.041876,-0.148282,-0.099168,-0.115219,-0.095523,0.000792,0.000731
0,-0.042516,-0.155234,-0.109,-0.100275,-0.081364,-0.121475,0.000742,0.002709
0,-0.08329,0.034478,-0.048621,0.207037,-0.033163,0.201034,0.001454,0.000602
0,-0.059995,0.026113,-0.001459,-0.015555,-0.03104,0.022651,0.001047,0.000456
0,0.039638,-0.004577,0.076718,-0.013866,0.118355,-0.061395,0.000692,8e-05
0,0.044866,-0.000512,-0.012983,0.009323,-0.04607,0.012322,0.000783,9e-06
0,-0.184224,0.046934,-0.225519,0.03275,-0.234642,0.063517,0.003215,0.000819
0,-0.265333,0.011756,-0.101819,-0.024507,-0.128538,-0.005464,0.004631,0.000205
0,-0.179789,0.059779,0.059352,0.062455,0.019772,0.105239,0.003138,0.001043
0,-0.007555,0.125301,0.187017,0.087614,0.215619,0.068609,0.000132,0.002187
0,-0.078224,-0.133206,-0.093265,-0.261885,-0.105583,-0.266312,0.001365,0.002325
0,-0.202118,0.031511,-0.134055,0.191463,-0.093305,0.1618,0.003528,0.00055
0,-0.190719,0.025922,0.014583,0.016549,0.011989,0.012265,0.003329,0.000452
0,-0.261069,0.066177,-0.08435,0.048142,-0.061549,0.094451,0.004557,0.001155
0,-0.107676,0.041564,0.144511,-0.015264,0.110514,-0.004045,0.001879,0.000725
0,-0.199646,0.026222,-0.101898,-0.035649,-0.057378,-0.029726,0.003484,0.000458
0,-0.106114,-0.015344,0.084649,-0.026208,0.085245,-0.062527,0.001852,0.000268
0,-0.217786,-0.061878,-0.124935,-0.041517,-0.153065,-0.031295,0.003801,0.00108
0,-0.118757,-0.005883,0.090835,0.084467,0.130582,0.081503,0.002073,0.000103
0,-0.102598,0.064647,-0.005183,0.058639,0.004027,0.041028,0.001791,0.001128
0,0.245846,-0.573616,0.320224,-0.66457,0.335952,-0.616242,0.004291,0.00174
0,0.303361,-0.870265,0.035963,-0.316238,0.046677,-0.359867,0.005295,0.003437
0,0.325888,-0.760497,0.02207,0.134626,0.061926,0.095101,0.005688,0.001521
0,0.657029,-0.805133,0.330148,-0.062109,0.352009,-0.072307,0.000284,0.002301
0,0.706371,-0.702863,0.043973,0.08831,0.008297,0.083715,0.000577,0.000516
0,0.676423,-0.656545,-0.005239,0.045813,0.032637,0.044765,5.4e-05,0.000293
0,0.509648,-0.458103,-0.166251,0.192086,-0.191815,0.17189,0.002857,0.003756
0,0.377808,-0.367221,-0.104684,0.111216,-0.086038,0.111412,0.005158,0.005342
0,0.109024,-0.245131,-0.278168,0.099836,-0.253465,0.100589,0.001903,0.004278
0,0.171382,-0.214722,0.044413,0.02059,0.082341,0.051487,0.002991,0.003748
0,-0.02152,0.002775,-0.16952,0.202522,-0.19596,0.178026,0.000376,4.8e-05
0,-0.065304,0.000457,-0.022328,-0.011158,0.024053,0.027524,0.00114,8e-06
0,-0.042007,0.07996,0.030675,0.07944,0.031137,0.072539,0.000733,0.001396
0,-0.163927,-0.099058,-0.126112,-0.168604,-0.151908,-0.170341,0.002861,0.001729
0,-0.167094,0.024076,0.020197,0.12076,0.017994,0.113149,0.002916,0.00042
0,-0.073115,-0.059167,0.123748,-0.079026,0.152436,-0.03096,0.001276,0.001033
0,-0.073222,-0.028392,0.025451,0.014983,0.009084,0.025325,0.001278,0.000496
0,-0.050006,0.086395,0.02534,0.11273,-0.002705,0.086036,0.000873,0.001508
0,-0.155327,0.14464,-0.130382,0.033645,-0.140439,0.023753,0.002711,0.002524
0,0.008863,0.078837,0.152059,-0.054993,0.118008,-0.095987,0.000155,0.001376
0,-0.077538,0.063272,-0.115678,-0.006311,-0.091473,0.035114,0.001353,0.001104
0,-0.064981,-0.005426,0.022374,-0.057271,-0.011099,-0.007833,0.001134,9.5e-05
0,-0.083022,-0.050304,-0.040521,-0.023327,-0.004096,0.025137,0.001449,0.000878
0,-0.065753,0.17821,0.021393,0.252574,0.065317,0.248254,0.001148,0.00311
0,-0.106279,0.039324,-0.067724,-0.127322,-0.111426,-0.130074,0.001855,0.000686
0,0.02427,-0.002453,0.13364,-0.059842,0.122449,-0.049813,0.000424,4.3e-05
0,-0.115557,0.15243,-0.15024,0.154461,-0.142985,0.196637,0.002017,0.00266
0,0.004093,0.098811,0.126504,-0.059224,0.085369,-0.040297,7.1e-05,0.001725
0,0.047811,0.106759,0.064622,-0.019535,0.059803,-0.058383,0.000834,0.001863
0,-0.153928,0.060721,-0.213976,-0.060694,-0.21429,-0.040312,0.002687,0.00106
0,-0.213709,0.091956,-0.074148,0.039061,-0.049057,0.088244,0.00373,0.001605
0,0.056824,-0.068525,0.270548,-0.15333,0.288662,-0.183634,0.000992,0.001196
0,0.044309,0.037784,-0.033008,0.087908,0.003654,0.084777,0.000773,0.000659
0,-0.073718,0.026761,-0.088296,-0.036813,-0.098227,0.006549,0.001287,0.000467
0,-0.02083,0.175142,0.060318,0.136116,0.096835,0.118157,0.000364,0.003057
0,0.051617,0.159377,0.07625,-0.035708,0.107833,-0.074129,0.000901,0.002782
0,-0.144616,-0.042614,-0.183622,-0.211766,-0.176006,-0.231733,0.002524,0.000744
0,-0.045774,0.019494,0.100337,0.068403,0.103534,0.052757,0.000799,0.00034
0,-0.151136,0.034241,-0.109195,0.003421,-0.152891,-0.022549,0.002638,0.000598
0,-0.198816,-0.119,-0.057485,-0.175055,-0.051224,-0.161194,0.00347,0.002077
0,-0.218916,-0.10423,-0.040896,0.007013,-0.086342,0.045284,0.003821,0.001819
0,0.051822,0.034577,0.25453,0.125092,0.226238,0.149107,0.000904,0.000603
0,0.464108,1.064422,0.430761,1.059307,0.402717,1.067489,0.003651,0.004926
0,1.421936,1.802838,0.952563,0.753616,0.919546,0.710979,0.001314,0.00379
0,1.544028,2.490313,0.152083,0.666635,0.184267,0.676884,0.003445,0.003543
0,2.674628,2.410804,1.142307,-0.052943,1.149968,-0.044918,0.000326,0.00493
0,2.045516,1.640978,-0.619463,-0.759143,-0.597877,-0.787323,0.000446,0.005137
0,1.656095,1.39048,-0.40366,-0.229748,-0.358923,-0.203265,0.005401,0.000765
0,1.49257,1.409437,-0.176001,0.012853,-0.134602,0.019441,0.002547,0.001096
0,1.344807,0.760923,-0.130871,-0.66781,-0.110994,-0.703119,3.2e-05,0.001529
0,0.868312,0.662739,-0.451913,-0.127409,-0.412839,-0.105542,0.003403,0.000185
0,0.635541,0.518582,-0.261187,-0.159845,-0.284532,-0.172193,0.000659,0.002701
0,0.250089,-0.026754,-0.355718,-0.530512,-0.355189,-0.545787,0.004365,0.000467
0,0.045661,-0.226032,-0.180968,-0.192789,-0.217707,-0.172441,0.000797,0.003945
0,0.194702,-0.363371,0.174699,-0.167205,0.171623,-0.195208,0.003398,0.00541
0,0.133236,-0.230372,-0.042718,0.113723,-0.049105,0.130056,0.002325,0.004021
0,0.088643,-0.102178,-0.070956,0.128174,-0.044281,0.154069,0.001547,0.001783
0,0.058674,-0.285644,-0.005581,-0.202131,-0.019253,-0.231891,0.001024,0.004985
0,0.266746,-0.096795,0.215578,0.201464,0.25758,0.153225,0.004656,0.001689
0,0.183273,-0.258696,-0.112265,-0.132097,-0.159013,-0.150359,0.003199,0.004515
0,0.250285,-0.188081,0.044046,0.07941,0.082765,0.072823,0.004368,0.003283
0,0.004977,-0.014821,-0.267123,0.1491,-0.274017,0.119878,8.7e-05,0.000259
0,0.06902,-0.208445,0.066925,-0.213195,0.050437,-0.164982,0.001205,0.003638
0,0.107373,-0.205317,0.031684,0.009369,0.000526,0.017311,0.001874,0.003583
0,0.177008,-0.218682,0.043649,-0.036025,0.067897,-0.000218,0.003089,0.003817
0,0.265113,-0.190171,0.098509,0.055416,0.122383,0.046567,0.004627,0.003319
0,0.172997,0.017399,-0.073127,0.233735,-0.023755,0.226654,0.003019,0.000304
0,0.233442,-0.120853,0.051669,-0.111456,0.072741,-0.152301,0.004074,0.002109
0,0.362466,-0.162228,0.145797,-0.05539,0.144252,-0.027743,0.005425,0.002831
0,0.212898,-0.11934,-0.171976,0.032574,-0.17578,0.079303,0.003716,0.002083
0,0.205159,-0.072036,-0.033288,0.061002,-0.013689,0.045597,0.003581,0.001257
0,0.136251,-0.081817,-0.056405,0.008926,-0.013374,0.034094,0.002378,0.001428
0,0.380174,-0.113883,0.248264,-0.054196,0.218562,-0.040399,0.005116,0.001988
0,0.228226,-0.021003,-0.154242,0.117948,-0.166338,0.11216,0.003983,0.000367
0,0.23071,-0.101874,0.021877,-0.094245,0.01703,-0.141422,0.004027,0.001778
0,0.194618,-0.16319,-0.060963,-0.036037,-0.098558,-0.041476,0.003397,0.002848
0,0.135018,0.0315,-0.03287,0.195719,-0.069082,0.190798,0.002357,0.00055
0,0.143302,-0.174898,-0.004767,-0.197508,-0.026022,-0.177373,0.002501,0.003053
0,0.24634,0.061892,0.090544,0.235995,0.048083,0.254294,0.004299,0.00108
0,0.264055,0.039106,0.028002,-0.025379,0.053946,-0.061051,0.004609,0.000683
0,0.111379,0.03994,-0.132239,-0.016598,-0.131606,0.011042,0.001944,0.000697
0,0.227727,-0.157119,0.112134,-0.175336,0.076682,-0.189969,0.003975,0.002742
0,0.175242,-0.094785,-0.046074,0.084387,-0.037825,0.047232,0.003059,0.001654
0,0.363074,0.087246,0.202599,0.170692,0.192974,0.137277,0.005415,0.001523
0,0.25383,-0.147732,-0.113119,-0.240939,-0.135595,-0.238333,0.00443,0.002578
0,-0.008265,-0.090865,-0.28833,0.073077,-0.273454,0.108345,0.000144,0.001586
0,0.041889,-0.001026,0.031838,0.098297,0.038995,0.124597,0.000731,1.8e-05
0,0.279836,-0.16382,0.25492,-0.186579,0.210811,-0.164442,0.004884,0.002859
0,0.195596,-0.10409,-0.098466,0.058133,-0.080674,0.08565,0.003414,0.001817
0,0.267738,0.039511,0.054213,0.169959,0.049525,0.162621,0.004673,0.00069
0,0.257792,-0.158603,0.012012,-0.190697,0.049074,-0.184702,0.004499,0.002768
0,0.153316,-0.178155,-0.117962,-0.022304,-0.095376,-0.026943,0.002676,0.003109
0,0.129661,-0.108437,-0.025521,0.043611,-0.008864,0.066851,0.002263,0.001893
0,0.212219,0.149349,0.095934,0.238042,0.073274,0.229237,0.003704,0.002607
0,-0.023486,0.006852,-0.248855,-0.166906,-0.273198,-0.212109,0.00041,0.00012
0,0.070007,0.026456,0.090097,0.00443,0.059979,0.042019,0.001222,0.000462
0,-0.103267,0.023018,-0.158613,-0.032046,-0.16816,0.008767,0.001802,0.000402
0,-0.084055,-0.142493,0.026617,-0.155947,-0.022649,-0.179865,0.001467,0.002487
0,-0.193517,0.022346,-0.113658,0.143824,-0.079312,0.186664,0.003378,0.00039
0,-0.153971,-0.10474,0.064752,-0.150884,0.03625,-0.199808,0.002687,0.001828
0,-0.064312,-0.05893,0.117219,0.055009,0.164639,0.021442,0.001122,0.001029
0,-0.064911,-0.035024,0.008327,0.030959,0.043941,-0.012825,0.001133,0.000611
0,0.081926,-0.02719,0.165855,0.024651,0.184597,0.04504,0.00143,0.000475
0,-0.107481,0.083279,-0.204469,0.101138,-0.157176,0.122603,0.001876,0.001453
0,-0.039738,-0.14513,0.063463,-0.201178,0.075742,-0.167036,0.000694,0.002533
0,0.044574,0.085988,0.067836,0.231472,0.04226,0.243556,0.000778,0.001501
0,0.027431,-0.126938,-0.000852,-0.22671,0.036116,-0.276419,0.000479,0.002215
0,-0.126379,0.104855,-0.146966,0.261429,-0.117718,0.281107,0.002206,0.00183
0,-0.035524,-0.030297,0.088154,-0.142386,0.059412,-0.187455,0.00062,0.000529
0,-0.002374,0.166189,0.019383,0.168298,0.008315,0.184397,4.1e-05,0.002901
0,-0.112583,0.088672,-0.119252,-0.056619,-0.13045,-0.017229,0.001965,0.001548
0,-0.095055,0.049172,0.035,-0.030612,-0.003459,-0.016997,0.001659,0.000858
0,-0.13685,0.209302,-0.036107,0.138846,-0.033986,0.187085,0.002388,0.003653
0,-0.099819,0.114931,0.025961,-0.107338,-0.018646,-0.058444,0.001742,0.002006
0,-0.085898,0.188587,0.036797,0.103586,0.077014,0.098907,0.001499,0.003291
0,0.165625,0.206964,0.255456,0.009268,0.276595,0.004325,0.002891,0.003612
0,0.179011,0.108779,0.033606,-0.094813,0.013527,-0.140778,0.003124,0.001899
0,0.119565,-0.059531,-0.055381,-0.160186,-0.037865,-0.179115,0.002087,0.001039
0,0.066041,-0.064587,-0.064877,0.0227,-0.01928,0.01898,0.001153,0.001127
0,0.017642,-0.053688,-0.01965,0.00105,-0.055393,0.010184,0.000308,0.000937
0,0.004833,-0.015174,0.007589,0.042683,-0.001519,0.024635,8.4e-05,0.000265
0,0.233352,0.058584,0.214838,0.046137,0.221156,0.078826,0.004073,0.001022
0,0.163227,-0.082042,-0.086093,-0.158206,-0.05232,-0.155019,0.002849,0.001432
0,-0.079599,0.107077,-0.247587,0.208665,-0.275069,0.205259,0.001389,0.001869
0,0.064398,0.02507,0.132617,-0.089747,0.118129,-0.089841,0.001124,0.000438
0,0.114939,-0.002816,0.038928,-0.030538,0.013495,-0.03524,0.002006,4.9e-05
0,0.137831,0.097625,0.016585,0.09255,0.007049,0.128174,0.002406,0.001704
0,0.012175,-0.015102,-0.110393,-0.135765,-0.159181,-0.157392,0.000212,0.000264
0,-0.091691,-0.046425,-0.07645,-0.013493,-0.068077,0.018344,0.0016,0.00081
0,0.168006,0.116866,0.257981,0.170736,0.220018,0.129208,0.002932,0.00204
0,-0.017829,-0.059071,-0.178779,-0.196875,-0.198275,-0.239498,0.000311,0.001031
0,-0.051186,-0.141035,-0.018579,-0.097778,-0.030242,-0.134015,0.000893,0.002462
0,0.073127,0.084438,0.150945,0.21022,0.146932,0.191761,0.001276,0.001474
0,0.165285,-0.09545,0.087663,-0.156672,0.121529,-0.114274,0.002885,0.001666
0,0.255035,-0.104586,0.079081,-0.023826,0.047291,-0.053849,0.004451,0.001825
0,0.150805,-0.035143,-0.097759,0.07843,-0.07574,0.099696,0.002632,0.000613
0,0.153585,0.111798,0.020251,0.147171,0.042147,0.102722,0.002681,0.001951
0,0.108261,0.131371,-0.057062,0.027065,-0.066968,0.075413,0.00189,0.002293
0,-0.047935,0.078975,-0.1483,-0.063617,-0.184432,-0.039406,0.000837,0.001378
0,-0.057646,-0.110364,0.012891,-0.194929,-0.023194,-0.150351,0.001006,0.001926
0,0.117206,-0.005027,0.184511,0.129239,0.213905,0.146206,0.002046,8.8e-05
0,0.154058,-0.079469,0.064215,-0.082438,0.090349,-0.0761,0.002689,0.001387
0,0.022467,0.074861,-0.133632,0.15323,-0.145733,0.187922,0.000392,0.001307
0,-0.077572,-0.162358,-0.109305,-0.254874,-0.095653,-0.230852,0.001354,0.002834
0,0.140913,0.02111,0.247512,0.189617,0.247728,0.163173,0.002459,0.000368
0,0.188413,0.097977,0.072876,0.061994,0.116234,0.062393,0.003288,0.00171
0,0.138035,-0.125902,-0.030265,-0.212842,-0.072772,-0.200917,0.002409,0.002197
0,-0.024607,-0.093704,-0.150445,0.038923,-0.176114,0.012732,0.000429,0.001635
0,0.198664,-0.172164,0.229696,-0.065433,0.210039,-0.086856,0.003467,0.003005
0,0.226838,0.005358,0.055943,0.177403,0.065822,0.165818,0.003959,9.4e-05
0,0.075127,-0.173951,-0.145177,-0.166677,-0.167985,-0.164712,0.001311,0.003036
0,0.117595,-0.04293,0.056121,0.115327,0.034483,0.092034,0.002052,0.000749
0,0.144636,-0.17723,0.036587,-0.118434,0.080517,-0.166331,0.002524,0.003093
0,0.004848,-0.030961,-0.112504,0.15078,-0.144675,0.191368,8.5e-05,0.00054
0,0.180954,-0.135246,0.157064,-0.117792,0.167175,-0.167766,0.003158,0.00236
0,0.243544,0.038054,0.060112,0.177608,0.02796,0.225279,0.004251,0.000664
0,-0.012638,0.053371,-0.283215,0.026018,-0.267595,0.055553,0.000221,0.000931
0,0.064522,0.106968,0.094883,0.075126,0.050114,0.112865,0.001126,0.001867
0,0.165764,-0.086004,0.098117,-0.198019,0.129503,-0.180652,0.002893,0.001501
0,0.017104,0.044829,-0.124748,0.127204,-0.171097,0.155355,0.000299,0.000782
0,-0.039284,-0.085494,-0.050582,-0.123654,-0.084816,-0.154798,0.000686,0.001492
0,0.022215,-0.115962,0.077224,-0.036147,0.096932,-0.037165,0.000388,0.002024
0,-0.167038,0.010564,-0.186377,0.145088,-0.214524,0.135749,0.002915,0.000184
0,-0.059717,0.120808,0.09901,0.118564,0.116739,0.11382,0.001042,0.002108
0,0.056357,-0.109092,0.093563,-0.229907,0.087223,-0.202201,0.000984,0.001904
0,0.058132,0.070828,0.019813,0.167879,0.044846,0.197149,0.001015,0.001236
0,-0.071793,0.025641,-0.146813,-0.072085,-0.14135,-0.108071,0.001253,0.000448
0,-0.081001,0.167102,-0.033797,0.117309,0.002658,0.149668,0.001414,0.002916
0,-0.120944,0.026784,-0.020736,-0.146197,-0.070593,-0.146173,0.002111,0.000467
0,-0.082183,0.145566,0.064781,0.127968,0.097303,0.176168,0.001434,0.002541
0,0.079177,0.003553,0.18146,-0.144258,0.14063,-0.101748,0.001382,6.2e-05
0,0.091257,0.146513,0.010001,0.167645,0.054176,0.203235,0.001593,0.002557
0,0.098255,0.083378,0.032191,-0.083748,-0.013059,-0.061389,0.001715,0.001455
0,-0.058325,0.106352,-0.168503,0.003012,-0.146067,0.010269,0.001018,0.001856
0,0.079082,0.006442,0.114701,-0.123864,0.141278,-0.092009,0.00138,0.000112
0,-0.174342,0.095533,-0.25729,0.06703,-0.245604,0.05972,0.003043,0.001667
0,-0.10835,0.150191,0.0924,0.05314,0.04394,0.007486,0.001891,0.002621
0,-0.113415,-0.065814,0.024441,-0.209089,-0.020729,-0.250947,0.001979,0.001149
0,0.035247,0.137326,0.164166,0.227723,0.124646,0.200448,0.000615,0.002397
0,-0.033923,0.103137,-0.059092,-0.036824,-0.047128,-0.010731,0.000592,0.0018
0,-0.16873,0.177602,-0.161928,0.076391,-0.199953,0.06772,0.002945,0.0031
0,0.058458,0.014708,0.219272,-0.165359,0.25017,-0.18775,0.00102,0.000257
0,-0.095498,-0.009271,-0.177637,0.003957,-0.139239,0.001855,0.001667,0.000162
0,0.067372,0.164728,0.165087,0.159214,0.14078,0.195306,0.001176,0.002875
0,-0.041336,0.146129,-0.135188,-0.02335,-0.177781,-0.006371,0.000721,0.00255
0,-0.036012,-0.080537,0.033665,-0.223826,0.025504,-0.249353,0.000629,0.001406
0,0.148916,0.080249,0.157383,0.136276,0.189739,0.104238,0.002599,0.001401
0,0.198891,0.133404,0.057865,0.079762,0.024677,0.081876,0.003471,0.002328
0,0.052203,-0.062063,-0.122648,-0.220209,-0.172602,-0.195265,0.000911,0.001083
0,0.154814,-0.064798,0.119384,0.01328,0.142598,0.01961,0.002702,0.001131
0,-0.012441,-0.13774,-0.142004,-0.084396,-0.111066,-0.127151,0.000217,0.002404
0,0.033514,-0.04477,0.022407,0.117543,-0.019099,0.138842,0.000585,0.000781
0,0.052687,-0.116468,0.000335,-0.088266,0.038274,-0.132764,0.00092,0.002033
0,0.052707,0.169416,-0.011648,0.27576,-0.040475,0.26225,0.00092,0.002957
0,0.209456,-0.05543,0.185578,-0.197502,0.218767,-0.158171,0.003656,0.000967
0,0.132214,0.079777,-0.062596,0.141712,-0.063771,0.157209,0.002308,0.001392
0,0.061036,0.141007,-0.071508,0.082514,-0.094378,0.104009,0.001065,0.002461
0,-0.003346,0.149201,-0.081004,-0.00625,-0.045192,0.022538,5.8e-05,0.002604
0,0.094345,-0.141305,0.067846,-0.283472,0.049922,-0.260803,0.001647,0.002466
0,-0.122238,-0.069246,-0.20072,0.051617,-0.196412,0.085716,0.002133,0.001209
0,-0.074132,-0.086955,0.056892,-0.043232,0.011462,-0.015965,0.001294,0.001518
0,0.058496,-0.13757,0.134603,-0.021225,0.093596,0.023372,0.001021,0.002401
0,-0.195705,-0.038581,-0.240884,0.107248,-0.220586,0.088284,0.003416,0.000673
0,-0.153115,0.010476,0.062143,0.078545,0.023641,0.11525,0.002672,0.000183
0,-0.255074,-0.147498,-0.118035,-0.162262,-0.086631,-0.172822,0.004452,0.002574
0,-0.17174,-0.094387,0.103277,0.08286,0.11966,0.11606,0.002997,0.001647
0,-0.21612,0.092172,-0.027288,0.215412,-0.064145,0.211179,0.003772,0.001609
0,-0.243225,0.05514,-0.006331,-0.01681,0.02855,-0.064573,0.004245,0.000962
0,-0.04235,-0.059205,0.173991,-0.104068,0.220166,-0.139886,0.000739,0.001033
0,0.039838,0.113625,0.061695,0.166536,0.089425,0.148378,0.000695,0.001983
0,-0.005595,0.003005,-0.031127,-0.094206,-0.005903,-0.045725,9.8e-05,5.2e-05
0,-0.136996,0.066818,-0.113427,0.091743,-0.082874,0.109393,0.002391,0.001166
0,-0.163917,-0.081725,-0.056796,-0.17089,-0.068452,-0.158697,0.002861,0.001426
0,-0.082144,0.096135,0.090566,0.190834,0.063329,0.163115,0.001434,0.001678
0,-0.106938,-0.008698,-0.034666,-0.09554,-0.067642,-0.053828,0.001866,0.000152
0,-0.096871,-0.038839,0.004287,-0.04485,0.006083,-0.081562,0.001691,0.000678
0,-0.055778,0.076075,0.040173,0.130317,-0.002674,0.158563,0.000974,0.001328
0,-0.081656,0.027294,-0.027393,-0.05041,-0.001473,-0.100065,0.001425,0.000476
0,-0.144548,0.126638,-0.092484,0.092222,-0.141715,0.053576,0.002523,0.00221
0,0.031939,0.077977,0.195612,-0.034973,0.146456,-0.081136,0.000557,0.001361
0,0.022152,0.093764,0.019016,0.000534,0.010973,-0.029107,0.000387,0.001636
0,0.066639,0.043254,0.055823,-0.071582,0.041003,-0.030535,0.001163,0.000755
0,-0.044557,-0.061739,-0.119088,-0.104504,-0.121986,-0.084799,0.000778,0.001078
0,0.085779,-0.062165,0.109581,-0.003816,0.15413,-0.02332,0.001497,0.001085
0,-0.022074,0.055321,-0.115358,0.121938,-0.14863,0.076144,0.000385,0.000966
0,-0.00954,0.155189,0.006036,0.118761,-0.035392,0.117073,0.000167,0.002709
0,-0.018219,0.084625,0.018402,-0.098426,-0.019601,-0.064664,0.000318,0.001477
0,-0.043122,0.084453,-0.041105,-0.012252,-0.028484,-0.003912,0.000753,0.001474
0,-0.099484,-0.030867,-0.050552,-0.130551,-0.029882,-0.104586,0.001736,0.000539
0,0.121394,0.105015,0.194186,0.151923,0.200805,0.130706,0.002119,0.001833
0,0.103672,-0.096043,-0.004807,-0.204424,-0.039188,-0.220501,0.001809,0.001676
0,0.041095,0.158474,-0.076964,0.23835,-0.03639,0.212583,0.000717,0.002766
0,0.198727,0.005202,0.151376,-0.133285,0.142408,-0.144627,0.003468,9.1e-05
0,0.151948,0.02552,-0.075021,0.025822,-0.111603,0.042144,0.002652,0.000445
0,-0.103882,0.102696,-0.257746,0.094496,-0.299265,0.078424,0.001813,0.001792
0,0.131548,-0.104554,0.227127,-0.226798,0.245349,-0.242408,0.002296,0.001825
0,0.129621,0.1154,-0.025746,0.244391,-0.019114,0.232844,0.002262,0.002014
0,-0.123983,-0.091494,-0.231755,-0.19741,-0.280212,-0.208845,0.002164,0.001597
0,0.033649,0.127679,0.154484,0.211411,0.13447,0.206334,0.000587,0.002228
0,0.067309,-0.063398,0.029802,-0.174928,0.077247,-0.202406,0.001175,0.001106
0,0.006687,0.115047,-0.088744,0.168698,-0.085612,0.168643,0.000117,0.002008
0,-0.169575,0.176978,-0.163344,0.036134,-0.183974,0.038633,0.00296,0.003089
0,-0.214172,0.083782,-0.029405,-0.074258,-0.074241,-0.067594,0.003738,0.001462
0,0.034936,0.068324,0.25564,-0.03425,0.300194,0.011661,0.00061,0.001192
0,-0.145649,0.009577,-0.172316,-0.048273,-0.161926,-0.049878,0.002542,0.000167
0,0.101239,-0.042221,0.220456,-0.025504,0.173742,-0.037282,0.001767,0.000737
0,0.062391,0.039092,-0.06679,0.071391,-0.090376,0.075727,0.001089,0.000682
0,0.06452,0.129551,-0.018578,0.115623,0.002445,0.119836,0.001126,0.002261
0,-0.081103,0.116552,-0.165579,0.006136,-0.127977,0.001208,0.001416,0.002034
0,-0.141343,-0.01828,-0.069054,-0.112427,-0.101945,-0.079414,0.002467,0.000319
0,0.13334,-0.012477,0.25512,0.029308,0.298419,0.008592,0.002327,0.000218
0,-0.04444,-0.143182,-0.155505,-0.149721,-0.124276,-0.108578,0.000776,0.002499
0,-0.081428,-0.038311,-0.048325,0.11561,-0.026492,0.127684,0.001421,0.000669
0,0.085323,0.023931,0.160092,0.033541,0.194161,0.050999,0.001489,0.000418
0,-0.128202,-0.10572,-0.217514,-0.122345,-0.221508,-0.096306,0.002238,0.001845
0,-0.074918,-0.128195,0.065844,-0.02978,0.112843,0.008786,0.001308,0.002237
0,-0.143588,0.068222,-0.059836,0.223201,-0.093188,0.214992,0.002506,0.001191
0,-0.143481,-0.011298,-0.001793,-0.06244,-0.040822,-0.061168,0.002504,0.000197
0,-0.224354,-0.05562,-0.058972,-0.042666,-0.09752,-0.06268,0.003916,0.000971
0,0.026026,0.089553,0.241948,0.139373,0.205564,0.102067,0.000454,0.001563
0,-0.006066,-0.092453,-0.05142,-0.160045,-0.038465,-0.195786,0.000106,0.001614
0,0.018021,-0.13571,0.016207,-0.046097,-0.029156,-0.015008,0.000315,0.002369
0,-0.14028,-0.042508,-0.165383,0.081037,-0.184647,0.093496,0.002448,0.000742
0,-0.104271,-0.007505,0.059491,0.020641,0.077865,0.041557,0.00182,0.000131
0,-0.254562,-0.048172,-0.155037,-0.052368,-0.131413,-0.058312,0.004443,0.000841
0,-0.107997,0.062003,0.142046,0.089167,0.163421,0.044407,0.001885,0.001082
0,-2.55665,-1.129204,-2.476545,-1.179784,-2.519007,-1.202489,0.002385,0.003795
0,-2.94836,-1.203833,-0.367913,-0.098774,-0.411807,-0.113218,0.004452,0.002493
0,-2.851184,-1.550338,0.10428,-0.335037,0.123413,-0.353501,0.002756,0.003555
0,-2.266446,-1.449524,0.559226,0.129015,0.57087,0.10777,0.004302,0.001796
0,-1.76177,-0.780106,0.515947,0.646235,0.488034,0.639557,0.004506,0.001864
0,-1.115312,-0.60654,0.66751,0.158148,0.66032,0.161478,0.004038,0.001166
0,-0.832473,-0.513067,0.267184,0.111723,0.281309,0.115141,0.002778,0.002797
0,-0.719606,-0.414907,0.131155,0.12179,0.087529,0.160183,0.000808,0.00451
0,-0.253904,-0.222509,0.494767,0.190929,0.474286,0.199671,0.004431,0.003884
0,-0.16496,0.022367,0.08679,0.224513,0.083871,0.255531,0.002879,0.00039
0,-0.210881,0.110495,-0.043565,0.088739,-0.055733,0.126359,0.003681,0.001929
0,-0.191477,0.069935,0.031786,-0.043795,0.070462,0.000258,0.003342,0.001221
0,-0.135527,0.06659,0.033478,0.02508,-0.008704,-0.022873,0.002365,0.001162
0,0.077278,0.127504,0.208382,0.066881,0.176942,0.056192,0.001349,0.002225
0,0.143712,0.028049,0.082156,-0.111015,0.121372,-0.142165,0.002508,0.00049
0,-0.025445,0.244656,-0.17408,0.208334,-0.129318,0.257227,0.000444,0.00427
0,-0.036903,0.184374,0.013324,-0.066097,0.039518,-0.083679,0.000644,0.003218
0,-0.006659,0.072628,0.005106,-0.090934,0.019978,-0.109349,0.000116,0.001268
0,-0.062552,0.18299,-0.056269,0.105183,-0.037331,0.126267,0.001092,0.003194
0,0.124554,0.272352,0.202463,0.085744,0.201327,0.097921,0.002174,0.004753
0,-0.088815,0.255267,-0.242257,-0.002105,-0.265811,0.024836,0.00155,0.004455
0,0.123379,0.298436,0.22783,0.047696,0.230649,0.004166,0.002153,0.005209
0,-0.087721,0.205824,-0.208682,-0.100855,-0.175968,-0.113476,0.001531,0.003592
0,0.114155,0.250729,0.231778,0.045679,0.276675,0.038053,0.001992,0.004376
0,-0.004452,0.253769,-0.134799,-0.021025,-0.176544,-0.027699,7.8e-05,0.004429
0,0.229364,0.168105,0.252754,-0.072738,0.294757,-0.05734,0.004003,0.002934
0,0.209927,0.066173,0.006103,-0.109043,0.033717,-0.121917,0.003664,0.001155
0,0.22021,0.161221,0.032564,0.081307,0.042994,0.04658,0.003843,0.002814
0,0.103247,0.023397,-0.089438,-0.119844,-0.055966,-0.08339,0.001802,0.000408
0,0.198404,0.217591,0.119922,0.189321,0.142967,0.228324,0.003463,0.003798
0,0.194945,0.118792,-0.024968,-0.081632,-0.011286,-0.123375,0.003402,0.002073
0,0.047646,-0.012249,-0.159384,-0.138262,-0.141758,-0.122196,0.000832,0.000214
0,-0.077618,0.146727,-0.14866,0.153883,-0.189515,0.166974,0.001355,0.002561
0,-0.116417,0.120329,-0.042893,-0.055504,-0.06611,-0.099089,0.002032,0.0021
0,0.020698,0.033053,0.116874,-0.093786,0.150416,-0.075103,0.000361,0.000577
0,3.351575,-1.196956,3.324478,-1.214394,3.370117,-1.212754,0.000262,0.002613
0,4.786543,-2.325435,1.425813,-1.122939,1.386309,-1.143974,0.001279,0.005331
0,4.888436,-2.430664,0.118126,-0.090031,0.144154,-0.081901,0.003057,0.004584
0,4.65262,-2.47258,-0.242087,-0.025499,-0.25706,-0.030356,0.001058,0.003852
0,3.802807,-1.990099,-0.82884,0.485273,-0.82222,0.445093,0.004139,0.000521
0,3.112222,-1.738515,-0.661823,0.264187,-0.67086,0.244068,0.00444,0.004912
0,1.924254,-1.272133,-1.163437,0.493655,-1.139663,0.500438,0.001671,0.0013
0,1.30727,-0.673513,-0.622865,0.568718,-0.663363,0.580103,0.000687,3e-06
0,0.54457,-0.318677,-0.783451,0.344409,-0.781848,0.369753,0.002247,0.005562
0,-0.031284,-0.028524,-0.572985,0.304051,-0.561241,0.31841,0.000546,0.000498
0,-0.125506,0.129618,-0.071499,0.140911,-0.098907,0.180097,0.002191,0.002262
0,-0.424114,-0.014674,-0.296967,-0.152897,-0.281173,-0.174566,0.00435,0.000256
0,-0.343618,0.255653,0.092693,0.271166,0.045684,0.289874,0.005754,0.004462
0,-0.370939,0.098929,-0.014444,-0.154108,0.026966,-0.175229,0.005278,0.001727
0,-0.414161,0.225746,-0.06408,0.147236,-0.088267,0.11371,0.004523,0.00394
0,-0.136361,0.178252,0.266356,-0.072311,0.235265,-0.040708,0.00238,0.003111
0,-0.209767,0.216742,-0.073157,0.041559,-0.096972,0.089616,0.003661,0.003783
0,-0.093552,0.399329,0.130231,0.163639,0.102803,0.189361,0.001633,0.004782
0,0.040801,0.35907,0.127811,-0.016403,0.122609,0.000317,0.000712,0.005485
0,0.006592,0.276452,-0.033952,-0.101064,-0.027573,-0.129954,0.000115,0.004825
0,-0.086666,0.127443,-0.074083,-0.134068,-0.084637,-0.091634,0.001513,0.002224
0,0.123558,-0.102384,0.194493,-0.252723,0.230209,-0.294212,0.002156,0.001787
0,0.002619,-0.101588,-0.102601,-0.023007,-0.07387,-0.044397,4.6e-05,0.001773
0,-0.089028,0.113047,-0.079836,0.191501,-0.050302,0.214682,0.001554,0.001973
0,0.1174,-0.131562,0.177261,-0.221654,0.152579,-0.253306,0.002049,0.002296
0,0.033943,0.086119,-0.065004,0.209326,-0.04109,0.241469,0.000592,0.001503
0,0.180685,0.069407,0.159172,-0.044767,0.186696,-0.050862,0.003154,0.001211
0,0.008414,-0.063889,-0.179336,-0.12934,-0.159009,-0.102294,0.000147,0.001115
0,-0.007117,-0.127255,-0.013577,-0.084792,-0.050351,-0.043575,0.000124,0.002221
0,-0.059374,-0.169286,-0.032926,-0.058057,-0.06758,-0.095175,0.001036,0.002955
0,-0.010769,-0.146191,0.033535,0.018863,0.067134,0.05189,0.000188,0.002552
0,0.050676,-0.029849,0.050815,0.114625,0.040799,0.132573,0.000884,0.000521
0,-0.026524,-0.174545,-0.056409,-0.156472,-0.059146,-0.170813,0.000463,0.003046
0,0.055055,-0.008752,0.083511,0.190895,0.094511,0.185125,0.000961,0.000153
0,-0.066337,-0.148472,-0.133265,-0.13962,-0.084685,-0.17377,0.001158,0.002591
0,-0.081066,-0.020613,-0.03263,0.15421,-0.058814,0.131951,0.001415,0.00036
0,0.031461,-0.123471,0.137749,-0.092126,0.152263,-0.046161,0.000549,0.002155
0,0.045371,0.097438,-0.011983,0.220572,-0.042442,0.242414,0.000792,0.001701
0,-0.098485,0.033744,-0.155803,-0.038427,-0.147445,-0.029129,0.001719,0.000589
0,-0.176089,-0.027795,-0.066657,-0.037532,-0.090803,-0.023696,0.003073,0.000485
0,-0.115908,0.098382,0.060758,0.120697,0.108142,0.087064,0.002023,0.001717
0,-0.073478,-0.029808,0.037467,-0.142619,0.071445,-0.145162,0.001282,0.00052
0,-0.182523,-0.13601,-0.079538,-0.101877,-0.057242,-0.130171,0.003186,0.002374
0,-2.416298,1.00378,-2.233197,1.149922,-2.210453,1.135474,0.004834,0.005768
0,-3.422368,1.469303,-1.024718,0.450472,-1.047398,0.489645,0.000973,0.002141
0,-2.868026,2.206527,0.564254,0.732312,0.570873,0.695966,0.00305,0.003256
0,-3.088912,2.335173,-0.244511,0.15212,-0.271049,0.125048,0.004847,0.005501
0,-2.681995,2.141276,0.427175,-0.178935,0.380885,-0.182844,0.000197,0.002117
0,-2.356051,2.125561,0.331523,-0.033125,0.300724,0.01467,0.005866,0.001843
0,-1.501584,1.620053,0.865933,-0.5065,0.890782,-0.521507,0.002704,0.004772
0,-0.803436,1.46508,0.670349,-0.127288,0.656438,-0.12436,0.002271,0.002067
0,-0.399827,0.837045,0.415782,-0.651893,0.436081,-0.675377,0.004773,0.002857
0,-0.263747,0.703263,0.140531,-0.107701,0.17244,-0.148796,0.004603,0.000523
0,-0.297818,0.520186,-0.053993,-0.193644,-0.090927,-0.162009,0.005198,0.002673
0,0.046935,0.065817,0.322335,-0.436507,0.359862,-0.418975,0.000819,0.001149
0,0.250218,-0.122054,0.225478,-0.193655,0.200139,-0.184702,0.004367,0.00213
0,0.026978,-0.160938,-0.20973,-0.016653,-0.205108,0.023194,0.000471,0.002809
0,0.189687,0.003832,0.179861,0.187665,0.175738,0.219906,0.003311,6.7e-05
0,0.064842,-0.146288,-0.098404,-0.142546,-0.065049,-0.149683,0.001132,0.002553
0,-2.280294,-0.595692,-2.324639,-0.472771,-2.359108,-0.491199,0.004544,0.001355
0,-3.541296,-0.882009,-1.239535,-0.262835,-1.214481,-0.22607,0.003049,0.003642
0,-4.184593,-1.105473,-0.637827,-0.247265,-0.660952,-0.203113,0.002525,0.004209
0,-4.297756,-1.110547,-0.099242,-0.008637,-0.146818,0.03465,0.0045,0.004121
0,-4.506677,-1.066157,-0.205483,0.063039,-0.198384,0.097261,0.003606,0.004895
0,-4.187395,-0.884647,0.313659,0.163742,0.27999,0.149064,0.002574,0.003688
0,-3.000879,-0.619714,1.191596,0.241209,1.217056,0.252144,0.005368,0.000936
0,-2.247449,-0.52918,0.768309,0.085646,0.767103,0.119556,0.00397,0.002516
0,-1.190494,-0.212049,1.058911,0.31592,1.025328,0.325595,0.002725,0.003701
0,-0.222566,-0.332473,0.982367,-0.115984,0.967817,-0.096141,0.003885,0.005803
0,-0.226368,-0.197346,-0.019563,0.125207,-0.00308,0.15631,0.003951,0.003444
0,0.189925,-0.241726,0.406169,-0.028604,0.391336,0.010625,0.003315,0.004219
0,0.326147,-0.105461,0.164694,0.155889,0.166208,0.177884,0.005692,0.001841
0,0.440557,-0.017504,0.088934,0.069659,0.063904,0.095918,0.004063,0.000305
0,0.424868,-0.0455,-0.027643,-0.042162,-0.067443,-0.033258,0.004336,0.000794
0,0.326871,-0.162149,-0.098438,-0.099077,-0.094763,-0.122267,0.005705,0.00283
0,0.181933,0.077879,-0.166434,0.251416,-0.18875,0.243372,0.003175,0.001359
0,0.147183,-0.165108,-0.030849,-0.239913,-0.000209,-0.19652,0.002569,0.002882
0,0.212425,0.038841,0.058057,0.204947,0.025684,0.190314,0.003708,0.000678
0,0.222305,-0.133489,0.010588,-0.189527,-0.009357,-0.219909,0.00388,0.00233
0,-0.060988,-0.08927,-0.298365,0.046133,-0.306488,0.036668,0.001064,0.001558
0,0.039631,0.049306,0.075171,0.154332,0.056091,0.12353,0.000692,0.000861
0,0.137727,-0.176026,0.098195,-0.237957,0.051249,-0.199985,0.002404,0.003072
0,0.199098,-0.027941,0.03783,0.142153,0.048671,0.127554,0.003475,0.000488
0,0.067215,-0.173425,-0.159073,-0.152575,-0.165118,-0.160008,0.001173,0.003027
0,-0.025097,-0.135932,-0.101346,0.028291,-0.143177,0.024632,0.000438,0.002372
0,0.145496,-0.098434,0.168404,0.056002,0.20791,0.014432,0.002539,0.001718
0,0.074747,0.056539,-0.096934,0.170284,-0.132757,0.127232,0.001305,0.000987
0,0.169711,-0.044702,0.0852,-0.101367,0.134197,-0.08556,0.002962,0.00078
0,0.06007,-0.193734,-0.093631,-0.133027,-0.125227,-0.153246,0.001048,0.003381
0,0.153594,-0.03983,0.104308,0.128633,0.141493,0.169438,0.002681,0.000695
0,0.0258,-0.031522,-0.121118,0.001322,-0.085448,0.02166,0.00045,0.00055
0,0.042528,-0.036259,0.027394,-0.005333,-0.001123,0.025601,0.000742,0.000633
0,0.193081,-0.044329,0.179359,-0.035853,0.137897,-0.019225,0.00337,0.000774
0,0.022661,-0.10201,-0.172116,-0.080219,-0.130686,-0.106091,0.000396,0.00178
0,0.097664,-0.05391,0.070451,0.040608,0.050625,0.068465,0.001705,0.000941
0,0.218634,-0.158153,0.127324,-0.106767,0.149385,-0.081128,0.003816,0.00276
0,0.065312,-0.109392,-0.155914,0.023163,-0.156407,-0.01705,0.00114,0.001909
0,-0.003195,-0.043294,-0.051064,0.056406,-0.012962,0.018647,5.6e-05,0.000756
0,0.086005,-0.187875,0.059388,-0.126337,0.016575,-0.090916,0.001501,0.003279
0,0.069203,0.003641,-0.045892,0.172356,-0.009882,0.14673,0.001208,6.4e-05
0,0.174179,0.029459,0.119757,0.006223,0.105045,-0.023134,0.00304,0.000514
0,0.123183,0.017283,-0.069158,-0.026997,-0.078725,0.003006,0.00215,0.000302
0,0.206487,-0.012986,0.086074,-0.024122,0.090554,-0.030336,0.003604,0.000227
0,0.128592,-0.0564,-0.071685,-0.032463,-0.064939,-0.063345,0.002244,0.000984
0,-0.075881,0.089011,-0.197451,0.137497,-0.170091,0.123502,0.001324,0.001554
0,0.019331,-0.130431,0.117885,-0.232585,0.110329,-0.195745,0.000337,0.002276
0,0.026279,0.09821,0.024271,0.221673,0.040408,0.242307,0.000459,0.001714
0,0.122078,-0.046925,0.085805,-0.146356,0.095743,-0.170083,0.002131,0.000819
0,0.052406,-0.123367,-0.080892,-0.091686,-0.061665,-0.107446,0.000915,0.002153
0,0.135826,0.020132,0.09728,0.169925,0.121273,0.197616,0.002371,0.000351
0,-0.060011,-0.010221,-0.202612,-0.053661,-0.212422,-0.055981,0.001047,0.000178
0,0.085143,-0.043034,0.126201,-0.004459,0.152074,-0.014038,0.001486,0.000751
0,-0.063111,-0.03727,-0.17302,-0.01512,-0.144022,0.033321,0.001102,0.00065
0,0.032592,-0.073614,0.093215,-0.054235,0.123417,-0.082576,0.000569,0.001285
0,-0.087026,-0.114512,-0.126986,-0.060891,-0.146183,-0.050016,0.001519,0.001999
0,-0.02161,-0.093012,0.055182,0.010474,0.0533,0.019658,0.000377,0.001623
0,-0.016634,0.072462,0.004945,0.1765,0.054313,0.141529,0.00029,0.001265
0,-0.016718,0.006268,-0.019804,-0.050425,-0.011083,-0.075936,0.000292,0.000109
0,-0.00146,0.13463,-0.006149,0.109623,-0.026013,0.15339,2.5e-05,0.00235
0,-0.000605,0.106155,0.026777,-0.043985,0.041611,-0.034397,1.1e-05,0.001853
0,-0.069239,0.078078,-0.044568,-0.014088,-0.017587,-0.049943,0.001208,0.001363
0,-0.106013,0.024992,-0.021975,-0.059143,-0.053715,-0.099065,0.00185,0.000436
0,-0.206116,0.066453,-0.122638,0.05172,-0.082962,0.075283,0.003597,0.00116
0,-0.146252,-0.080903,0.063413,-0.169025,0.082876,-0.181265,0.002553,0.001412
0,-0.255497,-0.145399,-0.108023,-0.076152,-0.086027,-0.026848,0.004459,0.002538
0,-0.083955,-0.209006,0.172947,-0.054725,0.144182,-0.08496,0.001465,0.003648
0,-0.201776,-0.007757,-0.133462,0.17436,-0.131246,0.137953,0.003522,0.000135
0,-0.029849,-0.086384,0.156822,-0.077945,0.149337,-0.104354,0.000521,0.001508
0,-0.169015,-0.134178,-0.141018,-0.044406,-0.183426,-0.054767,0.00295,0.002342
0,-0.273039,-0.051601,-0.081943,0.073483,-0.056177,0.025429,0.004765,0.000901
0,-0.049464,-0.173734,0.253376,-0.093893,0.279824,-0.098982,0.000863,0.003032
0,-0.071201,-0.061217,0.008173,0.096387,0.014081,0.051176,0.001243,0.001068
0,-0.107292,-0.03811,-0.040967,0.000426,-0.00927,-0.004784,0.001873,0.000665
0,-0.103008,-0.077373,0.007794,-0.067528,-0.01751,-0.085012,0.001798,0.00135
0,-0.208153,-0.028309,-0.119393,0.02044,-0.157143,-0.00897,0.003633,0.000494
0,0.078607,-0.192391,0.289026,-0.138804,0.290442,-0.107724,0.001372,0.003358
0,0.00289,-0.042836,-0.069471,0.176253,-0.053113,0.1977,5e-05,0.000748
0,0.084656,0.035234,0.090266,0.095921,0.090117,0.07441,0.001478,0.000615
0,0.00993,-0.17187,-0.09406,-0.231467,-0.136429,-0.259116,0.000173,0.003
0,-0.015904,0.074143,-0.013048,0.253934,-0.003956,0.26089,0.000278,0.001294
0,0.128084,0.078398,0.123546,0.019139,0.127816,0.023079,0.002235,0.001368
0,0.019186,0.030277,-0.109815,-0.077481,-0.08581,-0.064766,0.000335,0.000528
0,0.151979,0.052362,0.151598,0.022025,0.145603,0.069763,0.002653,0.000914
0,-0.029084,-0.029205,-0.185796,-0.060795,-0.162809,-0.066391,0.000508,0.00051
0,0.038353,0.074816,0.042164,0.124869,0.074117,0.145533,0.000669,0.001306
0,-0.121969,0.081064,-0.182154,0.003697,-0.145197,0.030248,0.002129,0.001415
0,-0.104591,-0.181071,0.046266,-0.247922,0.015424,-0.243739,0.001825,0.00316
0,-0.127695,0.030745,-0.048702,0.208349,-0.003757,0.181075,0.002229,0.000537
0,0.063532,-0.123131,0.167214,-0.14259,0.156175,-0.140226,0.001109,0.002149
0,0.041823,0.064334,-0.043594,0.167165,-0.062065,0.215175,0.00073,0.001123
0,-0.177035,-0.196184,-0.207228,-0.256567,-0.227697,-0.250723,0.00309,0.003424
0,-0.069757,-0.124862,0.126486,0.072101,0.136322,0.068227,0.001217,0.002179
0,-0.110751,0.024674,-0.040212,0.170216,-0.007903,0.187584,0.001933,0.000431
0,-0.014124,-0.086192,0.077941,-0.100168,0.064885,-0.078115,0.000247,0.001504
0,-0.076896,0.103155,-0.090703,0.184298,-0.090136,0.148345,0.001342,0.0018
0,-0.006554,0.050893,0.069516,-0.027826,0.085752,-0.054793,0.000114,0.000888
0,-0.21171,0.093386,-0.22152,0.062036,-0.179829,0.012577,0.003695,0.00163
0,0.032078,-0.177587,0.217734,-0.283577,0.197238,-0.246932,0.00056,0.003099
0,-0.057186,-0.160031,-0.115941,0.02687,-0.119241,0.056963,0.000998,0.002793
0,-0.172041,0.054242,-0.110371,0.233015,-0.128988,0.185711,0.003003,0.000947
0,0.019097,-0.022837,0.172812,-0.091564,0.193745,-0.13874,0.000333,0.000399
0,3.799144,-1.394536,3.807574,-1.358681,3.852051,-1.312927,0.004203,0.000836
0,4.966493,-2.386702,1.18789,-1.020506,1.227424,-1.026755,0.00442,0.005351
0,4.196431,-2.254844,-0.774218,0.117933,-0.785247,0.122738,0.002731,0.004099
0,3.140857,-2.087743,-1.081057,0.166421,-1.067384,0.141334,0.00394,0.001183
0,2.910496,-1.810274,-0.212834,0.28914,-0.228699,0.301535,0.003791,0.00366
0,2.216906,-1.750376,-0.714907,0.087115,-0.68384,0.061604,0.003437,0.004705
0,1.706882,-1.535841,-0.530554,0.233457,-0.490201,0.226077,0.005464,0.003302
0,0.797894,-1.217667,-0.880481,0.290797,-0.855364,0.246813,0.002174,0.002251
0,0.350587,-0.544685,-0.453688,0.676651,-0.447597,0.654634,0.005633,0.002245
0,-0.129429,-0.182042,-0.485389,0.347186,-0.443638,0.302661,0.002259,0.003177
0,-0.258885,-0.17112,-0.10677,0.001757,-0.144531,-0.006737,0.004518,0.002987
0,-0.190919,-0.05809,0.061829,0.1085,0.098388,0.137869,0.003332,0.001014
0,-0.463368,-0.088136,-0.249286,-0.017318,-0.259168,-0.055708,0.003664,0.001538
0,-0.382531,0.018581,0.055683,0.07906,0.046979,0.128832,0.005075,0.000324
0,-0.305326,0.219982,0.065687,0.22519,0.02041,0.248987,0.005329,0.003839
0,-0.273632,0.261023,0.033429,0.018525,-0.006183,-0.00642,0.004776,0.004556
0,-0.067618,0.1072,0.221438,-0.129487,0.271304,-0.151726,0.00118,0.001871
0,-0.159202,0.150963,-0.103187,0.01958,-0.131353,-0.013298,0.002779,0.002635
0,-0.353375,0.043398,-0.222537,-0.114133,-0.22156,-0.100281,0.005584,0.000757
0,-0.287692,0.182471,0.053106,0.141962,0.095991,0.101,0.005021,0.003185
0,-0.260776,0.080139,0.011318,-0.093515,0.030131,-0.062195,0.004551,0.001399
0,-0.092572,0.140777,0.17153,0.056684,0.152027,0.054182,0.001616,0.002457
0,-0.163023,0.175951,-0.06874,0.040138,-0.083754,0.074929,0.002845,0.003071
0,-0.201794,-0.048941,-0.05299,-0.20463,-0.044481,-0.176158,0.003522,0.000854
0,-0.042927,-0.08907,0.187151,-0.058889,0.221708,-0.019067,0.000749,0.001555
0,-0.041122,0.031883,-0.019728,0.120632,-0.001425,0.126043,0.000718,0.000556
0,0.011115,-0.071659,0.041085,-0.109408,0.04687,-0.10981,0.000194,0.001251
0,-0.041066,0.210128,-0.054836,0.28288,-0.072871,0.272583,0.000717,0.003667
0,0.021691,-0.080183,0.069249,-0.297867,0.116077,-0.316834,0.000379,0.001399
0,-0.076612,0.168974,-0.076801,0.250245,-0.045478,0.233346,0.001337,0.002949
0,-0.097862,0.078596,-0.004857,-0.107742,-0.040441,-0.066713,0.001708,0.001372
0,0.160342,0.107983,0.249714,0.059352,0.278525,0.093475,0.002798,0.001885
0,0.180803,0.022052,0.033937,-0.090454,0.053262,-0.048668,0.003156,0.000385
0,0.218614,0.065132,0.054345,0.058934,0.050319,0.014647,0.003816,0.001137
0,0.064991,-0.02569,-0.168224,-0.079307,-0.20462,-0.071054,0.001134,0.000448
0,0.181496,-0.01004,0.137698,0.008181,0.10998,-0.000298,0.003168,0.000175
0,-0.021759,-0.107731,-0.210072,-0.101659,-0.1999,-0.095984,0.00038,0.00188
0,0.018782,0.038198,0.038533,0.13279,0.031984,0.122255,0.000328,0.000667
0,0.270269,-0.083645,0.229298,-0.126301,0.194398,-0.152983,0.004717,0.00146
0,0.204549,-0.097565,-0.046582,-0.025482,-0.052744,-0.036633,0.00357,0.001703
0,-0.014453,0.078663,-0.204294,0.186106,-0.19375,0.222168,0.000252,0.001373
0,0.113201,-0.063254,0.139986,-0.150492,0.154841,-0.131763,0.001976,0.001104
0,0.230928,0.05932,0.133516,0.151827,0.164019,0.194032,0.00403,0.001035
0,0.05467,0.019111,-0.160509,-0.022483,-0.168303,-0.001446,0.000954,0.000334
0,0.236827,-0.100739,0.157357,-0.140978,0.134098,-0.16618,0.004133,0.001758
0,0.068841,-0.084552,-0.176749,0.000996,-0.183044,0.029569,0.001202,0.001476
0,0.120609,0.094123,0.023099,0.162488,0.04575,0.186937,0.002105,0.001643
0,0.186704,0.006545,0.076346,-0.086977,0.124588,-0.130659,0.003259,0.000114
0,0.274617,0.072311,0.116389,0.042954,0.159139,-0.004144,0.004793,0.001262
0,0.118702,0.103668,-0.171507,0.005802,-0.202488,0.039081,0.002072,0.001809
0,0.166336,0.020706,0.026652,-0.103011,0.000571,-0.106563,0.002903,0.000361
0,0.159763,-0.028316,0.011083,-0.062782,0.028803,-0.047514,0.002788,0.000494
0,0.149669,0.076553,-0.008912,0.12493,0.013589,0.095101,0.002612,0.001336
0,0.056415,0.036777,-0.116673,-0.044316,-0.127058,-0.043312,0.000985,0.000642
0,0.262466,-0.197964,0.234969,-0.250754,0.260664,-0.266085,0.004581,0.003455
0,0.283286,-0.12179,0.048833,0.089364,0.094798,0.069876,0.004944,0.002126
0,-0.009442,-0.043381,-0.270218,0.077667,-0.284508,0.088479,0.000165,0.000757
0,0.213737,0.017088,0.208819,0.032511,0.252017,0.006852,0.00373,0.000298
0,-0.026205,-0.061245,-0.227963,-0.099231,-0.263449,-0.065286,0.000457,0.001069
0,0.125307,-0.034528,0.163887,0.023721,0.173656,0.050848,0.002187,0.000603
0,0.110186,0.031476,-0.017407,0.059419,-0.048147,0.070093,0.001923,0.000549
0,0.126068,0.021492,0.005841,-0.031629,0.032886,-0.075199,0.0022,0.000375
0,-0.011544,0.052905,-0.15196,0.050083,-0.117237,0.000401,0.000201,0.000923
0,0.230749,0.060445,0.229057,-0.010489,0.205138,-0.025066,0.004027,0.001055
0,0.027044,0.115227,-0.216219,0.03042,-0.227278,0.050865,0.000472,0.002011
0,0.077512,-0.111112,0.062966,-0.212088,0.039264,-0.237206,0.001353,0.001939
0,0.008483,0.004812,-0.045968,0.096602,-0.00058,0.124785,0.000148,8.4e-05
0,0.246311,-0.056221,0.21863,-0.068738,0.195455,-0.067669,0.004299,0.000981
0,0.232366,-0.121112,-0.02073,-0.048309,0.018478,-0.075755,0.004056,0.002114
0,0.144022,-0.062851,-0.068836,0.068137,-0.061463,0.063076,0.002514,0.001097
0,0.226809,0.061463,0.063951,0.130467,0.014725,0.101332,0.003959,0.001073
0,0.241557,-0.010757,-0.014078,-0.055466,0.016227,-0.091056,0.004216,0.000188
0,0.079134,0.012205,-0.15987,0.036017,-0.14109,0.064865,0.001381,0.000213
0,0.16291,-0.102572,0.06596,-0.097033,0.108366,-0.069834,0.002843,0.00179
0,-0.061652,0.088985,-0.212766,0.169225,-0.214926,0.145756,0.001076,0.001553
0,-0.002348,-0.15916,0.043751,-0.237117,0.04692,-0.263598,4.1e-05,0.002778
0,-0.003614,0.062294,-0.023277,0.240085,0.008888,0.23876,6.3e-05,0.001087
0,-0.09332,0.051703,-0.067649,-0.038964,-0.08114,-0.059029,0.001629,0.000902
0,-0.104052,-0.133493,-0.034237,-0.209189,-0.054888,-0.174848,0.001816,0.00233
0,-0.086681,-0.145194,0.004057,-0.020398,-0.044248,-0.005857,0.001513,0.002534
0,0.119402,0.092095,0.224091,0.229359,0.252818,0.245157,0.002084,0.001607
0,0.127022,0.090193,0.021116,0.017046,0.012288,0.004232,0.002217,0.001574
0,-0.075334,0.059167,-0.216434,-0.055432,-0.250578,-0.030883,0.001315,0.001033
0,0.122646,-0.173481,0.199591,-0.212217,0.173497,-0.24228,0.002141,0.003028
0,-0.084771,-0.015436,-0.196694,0.129679,-0.208907,0.165877,0.00148,0.000269
0,-0.060417,0.138657,0.049063,0.15915,0.035827,0.169481,0.001054,0.00242
0,0.021431,-0.088567,0.070363,-0.248277,0.078938,-0.269643,0.000374,0.001546
0,-0.019652,0.025507,-0.013899,0.112603,-0.063203,0.08247,0.000343,0.000445
0,-0.173888,0.018501,-0.182468,-0.011256,-0.211228,-0.057827,0.003035,0.000323
0,0.008176,-0.071946,0.160109,-0.110407,0.189994,-0.112452,0.000143,0.001256
0,-0.245482,0.045013,-0.254321,0.122274,-0.222607,0.152831,0.004284,0.000786
0,-0.030386,-0.097915,0.232245,-0.154898,0.231612,-0.126205,0.00053,0.001709
0,-0.124811,0.002542,-0.087389,0.097449,-0.066977,0.136906,0.002178,4.4e-05
0,-0.201627,-0.07006,-0.053298,-0.098905,-0.06781,-0.129352,0.003519,0.001223
0,0.046059,-0.024998,0.244263,0.065893,0.215155,0.028708,0.000804,0.000436
0,-0.26414,-0.154506,-0.323545,-0.141226,-0.314297,-0.117958,0.00461,0.002697
0,-0.074243,0.083725,0.180261,0.228798,0.185946,0.198143,0.001296,0.001461
0,-0.217923,0.074338,-0.114083,-0.013585,-0.117715,0.034845,0.003803,0.001297
0,-0.306362,0.000674,-0.103692,-0.08491,-0.079704,-0.093773,0.005347,1.2e-05
0,-0.221736,0.067101,0.062593,0.082207,0.09116,0.091477,0.00387,0.001171
0,-0.076421,0.129575,0.145219,0.038298,0.117631,0.018902,0.001334,0.002262
0,-0.082673,0.019607,0.019412,-0.116536,0.001323,-0.129142,0.001443,0.000342
0,-0.150426,0.033157,-0.04384,0.036925,-0.004764,0.057118,0.002625,0.000579
0,-0.06168,-0.048415,0.107973,-0.077863,0.077294,-0.115442,0.001077,0.000845
0,-0.082923,0.138282,-0.017281,0.205954,0.022497,0.163499,0.001447,0.002413
0,-0.175692,0.15999,-0.07628,-0.006813,-0.094144,0.018057,0.003066,0.002792
0,-0.192661,-0.090574,-0.036736,-0.271606,-0.019843,-0.24208,0.003363,0.001581
0,0.018927,0.132389,0.210451,0.193458,0.198978,0.154085,0.00033,0.002311
0,-0.108154,0.150925,-0.127678,0.028973,-0.115894,-0.020177,0.001888,0.002634
0,-0.097852,-0.012401,0.021545,-0.148886,0.023942,-0.156869,0.001708,0.000216
0,-0.133868,-0.029605,-0.064809,-0.006857,-0.096952,-0.056058,0.002336,0.000517
0,-0.204451,0.019791,-0.063088,0.033119,-0.048097,0.050203,0.003568,0.000345
0,-0.164027,0.135136,0.067698,0.127854,0.115801,0.104178,0.002863,0.002359
0,0.015158,0.08946,0.153421,-0.069778,0.138679,-0.090308,0.000265,0.001561
0,-0.038531,-0.015899,-0.062555,-0.129067,-0.021501,-0.131617,0.000672,0.000277
0,-0.145286,0.145189,-0.11793,0.177333,-0.153861,0.18147,0.002536,0.002534
0,-0.076924,0.065016,0.075354,-0.062766,0.044262,-0.021633,0.001343,0.001135
0,-0.040462,-0.110907,0.046412,-0.183945,0.053163,-0.222219,0.000706,0.001936
0,-0.007218,-0.085818,0.003594,0.016689,0.028445,-0.02809,0.000126,0.001498
0,-0.08421,0.040373,-0.047721,0.143514,-0.038961,0.180275,0.00147,0.000705
0,0.074866,-0.170045,0.155726,-0.230992,0.12236,-0.262579,0.001307,0.002968
0,-0.190543,-0.048691,-0.247522,0.14687,-0.278234,0.136799,0.003326,0.00085
0,-0.157365,0.020425,0.039898,0.081919,-0.00989,0.060799,0.002747,0.000356
0,-0.092376,-0.024098,0.060556,-0.061059,0.046087,-0.013085,0.001612,0.000421
0,-0.188596,0.117724,-0.125571,0.138142,-0.097751,0.168115,0.003292,0.002055
0,-0.0879,-0.0866,0.107263,-0.206421,0.086943,-0.189673,0.001534,0.001511
0,-0.163911,0.039306,-0.072687,0.125687,-0.103383,0.099041,0.002861,0.000686
0,-0.034301,0.139202,0.149102,0.083777,0.151031,0.0444,0.000599,0.00243
0,-0.130864,0.155671,-0.108029,0.045027,-0.093839,0.086797,0.002284,0.002717
0,0.034547,-0.105255,0.156199,-0.269761,0.199252,-0.23376,0.000603,0.001837
0,-0.111182,0.023794,-0.131326,0.109206,-0.148352,0.147415,0.00194,0.000415
0,-0.08332,0.000713,0.032796,-0.032665,0.01222,-0.006747,0.001454,1.2e-05
0,-0.002087,0.064949,0.057166,0.06594,0.079646,0.094935,3.6e-05,0.001134
0,-0.25894,-0.081793,-0.266397,-0.121328,-0.279287,-0.109925,0.004519,0.001428
0,-0.019151,0.044899,0.228048,0.119955,0.27777,0.070548,0.000334,0.000784
0,-0.063166,0.119507,-0.021784,0.046162,-0.046554,0.006803,0.001102,0.002086
0,-0.072494,0.115178,-0.016413,-0.024323,0.028839,-0.045096,0.001265,0.00201
0,1.306113,0.507084,1.398195,0.414785,1.353219,0.405178,0.000707,0.002901
0,1.920607,0.828748,0.596467,0.316675,0.640814,0.365754,0.001734,0.002713
0,1.983619,1.005486,0.070947,0.173206,0.082495,0.139672,0.000634,0.005797
0,1.821998,1.626103,-0.136988,0.619382,-0.113945,0.662129,0.003455,0.004877
0,2.145327,1.373292,0.35068,-0.224343,0.381625,-0.232639,0.002188,0.000465
0,2.34475,1.395631,0.213299,0.031804,0.181932,0.021561,0.005669,0.000855
0,2.096585,1.687098,-0.242147,0.305667,-0.210706,0.331591,0.001337,0.00581
0,2.491599,1.712517,0.402593,0.009228,0.450044,-0.022157,0.00352,0.005366
0,2.218509,1.473786,-0.284572,-0.266619,-0.287569,-0.249814,0.003465,0.002219
0,1.580793,1.275782,-0.660928,-0.204003,-0.654688,-0.191508,0.004087,0.001237
0,1.28289,0.83716,-0.321552,-0.446357,-0.338471,-0.404306,0.001113,0.002859
0,0.751573,0.647053,-0.526683,-0.214923,-0.514683,-0.232447,0.001366,0.000458
0,0.604707,0.282859,-0.14389,-0.382706,-0.172866,-0.382749,0.001198,0.004937
0,0.116766,0.213972,-0.479948,-0.044746,-0.512016,-0.012163,0.002038,0.003735
0,-0.224006,-0.0942,-0.349257,-0.300381,-0.399215,-0.329576,0.00391,0.001644
0,-0.117516,-0.282162,0.099373,-0.158085,0.07961,-0.1683,0.002051,0.004925
0,-0.309044,-0.081264,-0.191273,0.203189,-0.189511,0.253025,0.005394,0.001418
0,-0.24367,-0.322869,0.0845,-0.264751,0.037718,-0.309699,0.004253,0.005635
0,-0.181544,-0.270293,0.080639,0.076561,0.077995,0.066921,0.003169,0.004717
0,-0.297771,-0.284479,-0.14472,-0.03328,-0.169704,-0.048412,0.005197,0.004965
0,-0.212023,-0.159144,0.078345,0.111919,0.059592,0.093437,0.0037,0.002778
0,-0.309858,-0.264113,-0.06885,-0.07791,-0.078316,-0.040114,0.005408,0.00461
0,-0.268385,-0.405121,0.040497,-0.162106,0.018421,-0.126724,0.004684,0.004681
0,-0.324352,-0.360495,-0.075403,0.03684,-0.026873,0.025372,0.005661,0.00546
0,-0.220264,-0.107056,0.108356,0.257328,0.131437,0.225911,0.003844,0.001868
0,-0.343474,-0.102532,-0.132656,-0.021142,-0.13638,-0.040551,0.005757,0.00179
0,-0.094902,0.087906,0.273256,0.207421,0.313448,0.173339,0.001656,0.001534
0,-0.146651,0.101715,-0.052464,0.016331,-0.04731,0.004128,0.00256,0.001775
0,-0.086097,-0.051933,0.086726,-0.127498,0.136589,-0.154411,0.001503,0.000906
0,-0.218045,0.021746,-0.141579,0.069783,-0.092595,0.042415,0.003806,0.00038
0,-0.01627,0.056272,0.213107,0.026373,0.232638,0.06637,0.000284,0.000982
0,-0.024506,-0.03632,-0.027222,-0.112886,0.002527,-0.143597,0.000428,0.000634
0,-0.206251,0.046659,-0.179965,0.085449,-0.179844,0.074751,0.0036,0.000814
0,-0.136985,0.163821,0.060716,0.146043,0.106149,0.159375,0.002391,0.002859
0,-0.003408,0.063959,0.133738,-0.092156,0.122715,-0.10848,5.9e-05,0.001116
0,0.00633,0.019432,0.007333,-0.035285,-0.04057,-0.01389,0.00011,0.000339
0,-0.172849,0.020927,-0.203912,0.029161,-0.1544,-0.002265,0.003017,0.000365
0,-0.052908,-0.026639,0.145261,-0.045007,0.132639,0.003752,0.000923,0.000465
0,-0.104658,0.090619,-0.080714,0.128405,-0.069497,0.086319,0.001827,0.001582
0,-0.159281,0.151261,-0.048597,0.060571,-0.03994,0.089951,0.00278,0.00264
0,-0.013079,0.190105,0.149147,0.022803,0.192073,0.047248,0.000228,0.003318
0,-0.209651,0.024725,-0.1917,-0.175933,-0.185728,-0.196047,0.003659,0.000432
0,-0.005311,0.190984,0.178227,0.13645,0.184062,0.108799,9.3e-05,0.003333
0,-0.174071,-0.007137,-0.186698,-0.18812,-0.176639,-0.194224,0.003038,0.000125
0,-0.112858,0.060583,0.06554,0.051878,0.01764,0.099758,0.00197,0.001057
0,0.08296,0.030371,0.219095,-0.015216,0.258213,-0.007418,0.001448,0.00053
0,-0.032968,-0.039556,-0.116978,-0.042713,-0.118098,-0.069813,0.000575,0.00069
0,-0.089486,0.073584,-0.082458,0.125061,-0.105092,0.17312,0.001562,0.001284
0,-0.107704,0.128586,-0.021575,0.040723,0.02792,0.063096,0.00188,0.002244
0,0.004052,0.037436,0.08979,-0.117156,0.103006,-0.155734,7.1e-05,0.000653
0,-0.023718,0.078044,-0.028094,0.045257,-0.025851,0.035022,0.000414,0.001362
0,0.063428,0.135519,0.106737,0.08594,0.090077,0.067853,0.001107,0.002365
0,-0.184804,0.015132,-0.259338,-0.106908,-0.300014,-0.061852,0.003225,0.000264
0,-0.034844,-0.159079,0.16752,-0.163348,0.129433,-0.151724,0.000608,0.002776
0,-0.072896,0.075898,-0.066939,0.229497,-0.085749,0.22062,0.001272,0.001325
0,-0.03394,0.01554,0.01578,-0.066806,0.040275,-0.087533,0.000592,0.000271
0,0.017628,-0.082028,0.061523,-0.106193,0.097262,-0.113312,0.000308,0.001432
0,0.191507,-0.052239,0.195752,0.049921,0.239547,0.099618,0.003342,0.000912
0,0.199301,-0.133318,-0.001042,-0.088413,-0.027635,-0.062529,0.003478,0.002327
0,0.13002,-0.077216,-0.055791,0.07671,-0.037443,0.072422,0.002269,0.001348
0,0.141053,0.031289,0.03634,0.080804,-0.007156,0.087966,0.002462,0.000546
0,0.058899,-0.14839,-0.102481,-0.165948,-0.110674,-0.200354,0.001028,0.00259
0,0.115758,-0.095179,0.049378,0.043109,0.066155,0.070456,0.00202,0.001661
0,0.196139,-0.022986,0.089214,0.044707,0.115962,0.00191,0.003423,0.000401
0,0.19358,0.068558,0.015691,0.09087,0.014175,0.090837,0.003379,0.001197
0,0.260528,-0.159791,0.059939,-0.21071,0.062747,-0.216727,0.004547,0.002789
0,0.114486,-0.060266,-0.131849,0.096308,-0.1107,0.061965,0.001998,0.001052
0,0.008605,-0.090563,-0.130219,-0.031596,-0.089484,-0.004925,0.00015,0.001581
0,0.085495,-0.198725,0.065647,-0.122634,0.07575,-0.171612,0.001492,0.003468
0,0.213907,-0.164114,0.102092,0.046689,0.142696,0.030049,0.003733,0.002864
0,0.059322,0.004028,-0.125459,0.175769,-0.148271,0.185564,0.001035,7e-05
0,0.214876,-0.06238,0.165134,-0.080077,0.199266,-0.074874,0.00375,0.001089
0,-0.00498,-0.036408,-0.231151,0.043327,-0.199447,-0.003481,8.7e-05,0.000635
0,0.104783,-0.26351,0.113646,-0.235239,0.090444,-0.211224,0.001829,0.004599
0,0.150617,0.016403,0.054957,0.295896,0.073729,0.2486,0.002629,0.000286
0,0.023512,0.056143,-0.130364,0.060274,-0.137018,0.016237,0.00041,0.00098
0,0.006125,0.003067,0.005944,-0.046503,-0.020589,-0.001434,0.000107,5.4e-05
0,0.171564,0.016441,0.156267,0.000515,0.160912,0.002651,0.002994,0.000287
0,0.175627,-0.225313,-0.012541,-0.217855,0.012213,-0.260181,0.003065,0.003932
0,0.219493,-0.012192,0.030839,0.220695,0.071948,0.259244,0.003831,0.000213
0,0.031236,-0.048113,-0.187037,-0.018062,-0.155819,0.009844,0.000545,0.00084
0,-0.112289,-0.195923,-0.130768,-0.14343,-0.103324,-0.113209,0.00196,0.003419
0,0.168535,-0.177122,0.278391,0.033054,0.275293,-0.013978,0.002941,0.003091
0,-0.051416,-0.114276,-0.20905,0.047465,-0.168242,0.030286,0.000897,0.001994
0,0.016274,-0.188378,0.044663,-0.052063,0.091977,-0.082116,0.000284,0.003288
0,0.095748,-0.11369,0.077386,0.100499,0.087946,0.127588,0.001671,0.001984
0,0.047177,-0.148466,-0.049101,-0.022072,-0.069524,0.009225,0.000823,0.002591
0,-0.074897,-0.066285,-0.096173,0.106319,-0.129837,0.129705,0.001307,0.001157
0,-0.125441,-0.111947,-0.050385,-0.016562,-0.016718,-0.044598,0.002189,0.001954
0,-0.106296,0.018498,0.042217,0.154643,0.033358,0.194652,0.001855,0.000323
0,0.053184,-0.133906,0.133999,-0.142011,0.158818,-0.122484,0.000928,0.002337
0,-0.067217,-0.143803,-0.118377,-0.018307,-0.113993,-0.046318,0.001173,0.00251
0,0.156584,-0.129862,0.243629,0.02479,0.210261,0.04085,0.002733,0.002267
0,-0.001898,-0.013754,-0.181648,0.100439,-0.176068,0.082197,3.3e-05,0.00024
0,0.037196,0.041551,0.028253,0.039384,-0.007478,0.014503,0.000649,0.000725
0,0.180741,-0.145419,0.168853,-0.192924,0.14746,-0.192539,0.003155,0.002538
0,-0.077593,0.012567,-0.268109,0.168545,-0.24523,0.142566,0.001354,0.000219
0,0.195505,-0.138389,0.259174,-0.143339,0.30769,-0.125403,0.003412,0.002415
0,-0.006115,-0.097502,-0.181572,0.05799,-0.16151,0.105158,0.000107,0.001702
0,0.245864,-0.225817,0.26061,-0.1049,0.287095,-0.129771,0.004291,0.003941
0,0.08396,-0.098549,-0.142657,0.125492,-0.171907,0.156532,0.001465,0.00172
0,0.067761,-0.098854,-0.012225,-0.008962,-0.045363,0.007749,0.001183,0.001725
0,0.095407,-0.200959,0.048623,-0.106876,0.063691,-0.091106,0.001665,0.003507
0,-0.025626,0.026731,-0.121054,0.228766,-0.090433,0.261596,0.000447,0.000467
0,0.086008,-0.173876,0.098972,-0.195391,0.059966,-0.175129,0.001501,0.003035
0,0.205241,-0.156396,0.145664,0.016908,0.15649,0.015351,0.003582,0.00273
0,-0.035012,-0.220982,-0.226811,-0.071311,-0.261678,-0.082002,0.000611,0.003857
0,-0.011724,-0.155225,-0.002734,0.066253,0.004217,0.107074,0.000205,0.002709
0,-0.07086,-0.129404,-0.079182,0.014348,-0.052789,0.048224,0.001237,0.002259
0,0.02132,-0.033835,0.073368,0.101057,0.088396,0.071771,0.000372,0.000591
0,-0.088833,-0.066546,-0.107001,-0.03649,-0.082736,-0.057572,0.00155,0.001161
0,0.056808,-0.074701,0.116414,0.001559,0.110967,-0.012925,0.000991,0.001304
0,0.009174,-0.077184,-0.058847,-0.006025,-0.013579,-0.003341,0.00016,0.001347
0,0.105526,0.078427,0.09555,0.157873,0.091382,0.120296,0.001842,0.001369
0,-0.069572,-0.030993,-0.157279,-0.135591,-0.188578,-0.09094,0.001214,0.000541
0,-0.146272,-0.135685,-0.069203,-0.100555,-0.026294,-0.119278,0.002553,0.002368
0,0.038913,-0.093038,0.182292,0.036802,0.223773,0.005432,0.000679,0.001624
0,-0.112467,0.019133,-0.151301,0.114673,-0.181187,0.097282,0.001963,0.000334
0,-0.060083,0.057369,0.056641,0.031543,0.018674,0.028298,0.001049,0.001001
0,-0.187885,0.001831,-0.145565,-0.082884,-0.098566,-0.096321,0.003279,3.2e-05
0,-0.147511,0.094037,0.018359,0.118671,-0.020291,0.130788,0.002575,0.001641
0,-0.270481,-0.052324,-0.14549,-0.161848,-0.165564,-0.159139,0.004721,0.000913
0,-0.102768,-0.021982,0.155471,0.045888,0.199336,0.032236,0.001794,0.000384
0,-0.287392,0.053163,-0.176905,0.097195,-0.172416,0.133664,0.005016,0.000928
0,-0.177693,-0.053235,0.082354,-0.118642,0.104525,-0.12244,0.003101,0.000929
0,-0.298036,0.018863,-0.145491,0.082494,-0.171255,0.044621,0.005202,0.000329
0,-0.131225,-0.128719,0.174553,-0.158913,0.146289,-0.1356,0.00229,0.002247
0,-0.19604,0.061846,-0.085838,0.198391,-0.106916,0.171097,0.003422,0.001079
0,-0.274686,-0.053727,-0.084064,-0.137298,-0.113282,-0.133783,0.004794,0.000938
0,-0.144918,-0.14395,0.112198,-0.088352,0.122435,-0.099842,0.002529,0.002512
0,-0.390054,-0.037563,-0.239773,0.106953,-0.220563,0.096454,0.004944,0.000656
0,-0.146989,-0.106185,0.262225,-0.098074,0.234875,-0.106433,0.002565,0.001853
0,-0.290769,0.010586,-0.13519,0.119735,-0.095583,0.132874,0.005075,0.000185
0,-0.230678,-0.016312,0.038915,-0.003999,0.033601,-0.035505,0.004026,0.000285
0,-0.208594,-0.018302,0.04711,-0.023378,0.080904,0.01672,0.003641,0.000319
0,-0.017937,-0.127471,0.168011,-0.136955,0.131141,-0.167776,0.000313,0.002225
0,-0.164622,0.046162,-0.147735,0.163238,-0.117297,0.185731,0.002873,0.000806
0,-0.086736,0.088116,0.066355,0.052117,0.085252,0.004968,0.001514,0.001538
0,-0.094082,0.046355,-0.032983,-0.066226,-0.061596,-0.099695,0.001642,0.000809
0,-0.020697,-0.019853,0.063823,-0.081851,0.047685,-0.118064,0.000361,0.000347
0,0.111922,0.065525,0.127316,0.073843,0.093431,0.099699,0.001953,0.001144
0,0.010682,-0.039586,-0.118794,-0.123834,-0.107314,-0.11806,0.000186,0.000691
0,0.069785,-0.078983,0.071143,-0.064978,0.101944,-0.020499,0.001218,0.001379
0,0.071796,-0.103002,0.011714,-0.002109,0.008456,-0.022176,0.001253,0.001798
0,0.06259,-0.110524,-0.038098,-0.007693,-0.053771,-0.047077,0.001092,0.001929
0,0.072552,-0.006497,-0.005388,0.132388,0.001927,0.133124,0.001266,0.000113
0,0.12764,-0.028356,0.032224,-0.04327,0.064001,-0.000577,0.002228,0.000495
0,-0.022297,-0.080457,-0.165234,-0.052228,-0.14117,-0.010525,0.000389,0.001404
0,-0.090709,-0.108481,-0.060406,-0.053456,-0.02894,-0.062159,0.001583,0.001893
0,0.096299,0.080429,0.172219,0.191472,0.186244,0.202451,0.001681,0.001404
0,-0.103698,-0.026228,-0.202431,-0.130793,-0.244152,-0.09789,0.00181,0.000458
0,0.135447,-0.103068,0.233204,-0.075335,0.271526,-0.066289,0.002364,0.001799
0,0.199757,-0.016723,0.087235,0.092223,0.106386,0.116107,0.003486,0.000292
0,0.065512,-0.072497,-0.159861,-0.077827,-0.130507,-0.089629,0.001143,0.001265
0,-0.006871,0.043171,-0.082637,0.127626,-0.057119,0.082361,0.00012,0.000753
0,0.063303,-0.039185,0.074359,-0.098548,0.119258,-0.128704,0.001105,0.000684
0,0.10445,0.033406,0.064484,0.057072,0.112327,0.015583,0.001823,0.000583
0,0.070857,-0.083949,-0.008962,-0.132398,0.011624,-0.112515,0.001237,0.001465
0,0.183892,0.06063,0.106933,0.1684,0.063938,0.128106,0.00321,0.001058
0,0.099611,-0.029572,-0.068993,-0.099762,-0.087853,-0.149134,0.001739,0.000516
0,0.078757,-0.031808,-0.041307,-0.00446,-0.090959,-0.012704,0.001375,0.000555
0,0.197884,-0.066816,0.104749,-0.0311,0.132793,-0.016957,0.003454,0.001166
0,0.192112,0.09964,0.019979,0.182496,0.013957,0.166855,0.003353,0.001739
0,0.122867,0.100836,-0.05554,0.027652,-0.034506,0.072756,0.002144,0.00176
0,0.01888,-0.154727,-0.109565,-0.247254,-0.109607,-0.27963,0.00033,0.0027
0,0.207525,0.120923,0.159174,0.273295,0.183383,0.287429,0.003622,0.002111
0,-0.014892,-0.023777,-0.215961,-0.122247,-0.244685,-0.131218,0.00026,0.000415
0,-0.069408,0.055071,-0.027928,0.105833,-0.069173,0.115697,0.001211,0.000961
0,-0.034912,0.043381,0.04253,-0.034005,0.064909,-0.075248,0.000609,0.000757
0,0.059286,0.130491,0.097026,0.109538,0.074818,0.129447,0.001035,0.002278
0,0.102325,-0.036304,0.068381,-0.16296,0.074131,-0.148773,0.001786,0.000634
0,0.206077,0.019765,0.122787,0.068953,0.142971,0.094175,0.003597,0.000345
0,0.161558,-0.036972,-0.029253,-0.052351,0.017117,-0.081218,0.00282,0.000645
0,0.02066,0.112365,-0.144619,0.167387,-0.125787,0.133749,0.000361,0.001961
0,0.088932,0.05509,0.060184,-0.067224,0.032333,-0.078998,0.001552,0.000962
0,0.288125,0.128276,0.189783,0.08503,0.178681,0.131106,0.005029,0.002239
0,0.147721,-0.08176,-0.15805,-0.235151,-0.177201,-0.263898,0.002578,0.001427
0,0.048675,0.019226,-0.122185,0.096322,-0.162714,0.056047,0.00085,0.000336
0,-0.00246,0.064958,-0.046237,0.039423,-0.089528,0.083081,4.3e-05,0.001134
0,0.164586,0.130772,0.162907,0.041,0.156824,0.002485,0.002873,0.002282
0,0.046528,0.131622,-0.136551,0.002864,-0.150955,0.029375,0.000812,0.002297
0,0.105173,-0.049152,0.074782,-0.190213,0.117173,-0.172849,0.001836,0.000858
0,0.07433,-0.029545,-0.058562,0.046041,-0.04592,0.027334,0.001297,0.000516
0,0.021283,0.064879,-0.057467,0.106836,-0.044952,0.152401,0.000371,0.001132
0,0.071503,-0.133071,0.033455,-0.21352,0.03709,-0.241996,0.001248,0.002323
0,-0.098919,-0.106965,-0.16554,0.031155,-0.178949,0.070463,0.001726,0.001867
0,-0.153353,-0.11,-0.046703,0.018285,-0.039479,0.01874,0.002677,0.00192
0,-0.172966,-0.057689,0.0034,0.082252,-0.033918,0.035901,0.003019,0.001007
0,-0.186975,0.079705,0.003911,0.149012,0.004424,0.159937,0.003263,0.001391
0,-0.043279,-0.002786,0.140124,-0.09915,0.177516,-0.100203,0.000755,4.9e-05
0,0.164825,-0.179535,0.194657,-0.191747,0.154668,-0.231095,0.002877,0.003133
0,-0.035607,-0.168042,-0.202823,-0.003825,-0.163723,-0.030337,0.000621,0.002933
0,0.074088,-0.187001,0.133313,-0.012184,0.102057,-0.018123,0.001293,0.003264
0,-0.02694,0.085804,-0.094447,0.275547,-0.071464,0.256758,0.00047,0.001498
0,-0.053702,-0.190774,-0.025673,-0.260505,-0.009146,-0.244789,0.000937,0.00333
0,0.072018,-0.074125,0.145618,0.118654,0.140022,0.150692,0.001257,0.001294
0,-0.052495,-0.086001,-0.152782,0.006247,-0.173993,0.006766,0.000916,0.001501
0,-0.092332,0.114393,-0.061509,0.209503,-0.077641,0.192942,0.001611,0.001997
0,-0.029705,-0.131777,0.074954,-0.271815,0.112958,-0.232899,0.000518,0.0023
0,-0.025869,0.026246,0.03254,0.158875,0.031749,0.121271,0.000452,0.000458
0,0.071837,0.077521,0.095014,0.039141,0.084324,0.006228,0.001254,0.001353
0,-0.181594,0.141366,-0.270231,0.082843,-0.270965,0.11047,0.003169,0.002467
0,-0.168164,0.125135,0.03672,-0.044818,0.037644,-0.060843,0.002935,0.002184
0,-0.084326,0.087998,0.061171,-0.038564,0.103925,-0.019158,0.001472,0.001536
0,-0.095489,0.014165,-0.03307,-0.087533,-0.049552,-0.123966,0.001667,0.000247
0,-0.153282,-0.136147,-0.058971,-0.149253,-0.075185,-0.188434,0.002675,0.002376
0,-0.093965,0.117706,0.038396,0.233244,0.027455,0.271667,0.00164,0.002054
0,-0.056892,-0.097773,0.012249,-0.185932,-0.03394,-0.203748,0.000993,0.001706
0,-0.079761,0.08497,-0.051851,0.181687,-0.094606,0.176446,0.001392,0.001483
0,-0.286563,0.06669,-0.22691,-0.004941,-0.179609,0.010236,0.005001,0.001164
0,-0.311839,0.070338,-0.033552,-0.016616,0.011113,-0.058843,0.005443,0.001228
0,-0.207997,0.009789,0.077656,-0.0354,0.09147,-0.082809,0.00363,0.000171
0,-0.23577,-0.069298,-0.051224,-0.082531,-0.025065,-0.087747,0.004115,0.001209
0,0.04618,-0.064948,0.308575,0.01093,0.266184,-0.005933,0.000806,0.001134
0,-0.051833,0.140049,-0.098998,0.196279,-0.118758,0.210445,0.000905,0.002444
0,-0.070684,0.003556,-0.034252,-0.125291,0.006482,-0.114939,0.001234,6.2e-05
0,0.011285,-0.079206,0.104291,-0.110073,0.117236,-0.14642,0.000197,0.001382
0,-0.009201,-0.111043,-0.016571,-0.032299,-0.006895,-0.077881,0.000161,0.001938
0,-0.140227,-0.090839,-0.12541,-0.003149,-0.08629,-0.019966,0.002447,0.001585
0,-0.147058,0.105758,-0.034161,0.210973,-0.025358,0.190913,0.002567,0.001846
0,0.037717,0.038241,0.186426,-0.041998,0.140303,-0.035465,0.000658,0.000667
0,-0.070476,-0.08795,-0.118607,-0.135005,-0.159352,-0.114331,0.00123,0.001535
0,0.045332,0.105104,0.09132,0.180592,0.109689,0.22746,0.000791,0.001834
0,0.00202,-0.137387,-0.038661,-0.268922,-0.031488,-0.219726,3.5e-05,0.002398
0,0.071859,-0.158718,0.05317,-0.042191,0.039789,-0.08642,0.001254,0.00277
0,0.077141,-0.061769,0.004996,0.094167,0.042986,0.046389,0.001346,0.001078
0,-0.134126,-0.091446,-0.208128,-0.051181,-0.23243,-0.033133,0.002341,0.001596
0,-0.052615,0.055056,0.057419,0.172136,0.025172,0.132249,0.000918,0.000961
0,-0.188508,-0.107872,-0.135012,-0.135536,-0.13099,-0.103588,0.00329,0.001883
0,-0.255362,-0.194292,-0.046605,-0.076038,-0.081275,-0.080995,0.004457,0.003391
0,-0.001822,0.105359,0.237641,0.316136,0.238449,0.321442,3.2e-05,0.001839
0,-0.228401,-0.131861,-0.218525,-0.256994,-0.216017,-0.222048,0.003986,0.002301
0,-0.125381,-0.012392,0.092442,0.089802,0.080946,0.053348,0.002188,0.000216
0,-0.150696,-0.074043,-0.051075,-0.088931,-0.065358,-0.048129,0.00263,0.001292
0,0.066493,-0.041176,0.197427,0.059339,0.24654,0.093421,0.001161,0.000719
0,-0.11115,-0.132043,-0.205871,-0.101678,-0.231234,-0.088695,0.00194,0.002305
0,-0.063194,-0.142931,0.025689,0.016428,0.075308,0.059855,0.001103,0.002495
0,-0.17576,0.085836,-0.133141,0.211136,-0.17389,0.165903,0.003068,0.001498
0,-0.016342,-0.176462,0.174857,-0.245778,0.213596,-0.240658,0.000285,0.00308
0,-0.058537,-0.031042,-0.016391,0.138362,-0.001348,0.156744,0.001022,0.000542
0,-0.129624,-0.026516,-0.098801,-0.002405,-0.092581,-0.009884,0.002262,0.000463
0,0.049909,-0.208935,0.190928,-0.176208,0.153286,-0.183392,0.000871,0.003647
0,0.008829,0.049239,-0.031579,0.244214,-0.055501,0.220454,0.000154,0.000859
0,-0.159508,0.011732,-0.14132,-0.048465,-0.11201,-0.038471,0.002784,0.000205
0,-0.005866,0.102946,0.171331,0.089398,0.166187,0.112431,0.000102,0.001797
0,-0.01661,0.119542,-0.012563,-0.004235,0.033812,-0.018623,0.00029,0.002086
0,-0.1676,0.062476,-0.15495,-0.039558,-0.138085,-0.04261,0.002925,0.00109
0,-0.018476,-0.161871,0.148377,-0.204674,0.195537,-0.223161,0.000322,0.002825
0,0.0207,-0.061599,0.023983,0.083702,0.004827,0.066668,0.000361,0.001075
0,-0.056979,-0.122168,-0.086515,-0.088434,-0.132479,-0.085032,0.000994,0.002132
0,-0.128368,0.001873,-0.096371,0.14787,-0.131362,0.186933,0.00224,3.3e-05
0,-0.219132,-0.013502,-0.072623,-0.031946,-0.067868,0.015927,0.003825,0.000236
0,0.037945,0.085426,0.264618,0.077458,0.27533,0.118175,0.000662,0.001491
0,0.021092,0.080853,-0.017092,-0.010114,-0.039254,0.004195,0.000368,0.001411
0,0.022707,0.107215,-0.021716,0.037517,-0.042071,0.01742,0.000396,0.001871
0,-0.099124,-0.174763,-0.143428,-0.307142,-0.09655,-0.313032,0.00173,0.00305
0,-0.111311,-0.098231,-0.000108,0.101184,-0.049495,0.062174,0.001943,0.001714
0,-0.093313,-0.143087,0.029953,-0.02696,-0.013459,-0.066059,0.001629,0.002497
0,0.046045,-0.086214,0.164497,0.041998,0.123476,0.089328,0.000804,0.001505
0,-0.050536,0.077571,-0.105097,0.164646,-0.146747,0.132509,0.000882,0.001354
0,-0.160525,-0.079816,-0.099977,-0.17348,-0.134882,-0.219106,0.002802,0.001393
0,-0.190675,-0.060677,-0.035234,0.042351,0.001679,0.071985,0.003328,0.001059
0,0.04298,0.083973,0.214431,0.173744,0.258513,0.18727,0.00075,0.001466
0,-0.140015,-0.024376,-0.17279,-0.085357,-0.1816,-0.086666,0.002444,0.000425
0,0.071808,-0.116685,0.229792,-0.066631,0.254196,-0.033418,0.001253,0.002037
0,-0.063468,-0.090083,-0.121679,0.01448,-0.161458,0.043513,0.001108,0.001572
0,0.011255,-0.202037,0.072903,-0.102163,0.111992,-0.082152,0.000196,0.003526
0,-0.034645,0.020907,-0.046615,0.202394,-0.091188,0.239059,0.000605,0.000365
0,-0.003685,-0.178343,0.007634,-0.207811,0.015791,-0.222762,6.4e-05,0.003113
0,-0.12056,-0.109376,-0.126819,0.078958,-0.131584,0.078604,0.002104,0.001909
0,0.082974,-0.046822,0.210465,0.085974,0.229759,0.0608,0.001448,0.000817
0,-0.210312,0.11753,-0.283629,0.15598,-0.314138,0.148927,0.003671,0.002051
0,-0.045156,-0.183931,0.163231,-0.272588,0.191346,-0.246037,0.000788,0.00321
0,-0.046266,0.063209,-0.000634,0.254279,-0.000928,0.230335,0.000807,0.001103
0,2.143648,0.813219,2.183011,0.772901,2.154342,0.777819,0.002159,0.002442
0,3.53052,1.527226,1.401511,0.703278,1.441476,0.702715,0.002861,0.003152
0,3.133498,1.678088,-0.399209,0.171623,-0.361531,0.156085,0.004069,0.005785
0,3.009362,1.671347,-0.10971,-0.024003,-0.068531,-0.073639,0.005516,0.005667
0,2.610839,1.73206,-0.380023,0.05838,-0.346394,0.029738,0.001439,0.005025
0,1.969084,1.230155,-0.636732,-0.512492,-0.680639,-0.494458,0.000888,0.002033
0,1.7322,1.00062,-0.240302,-0.226319,-0.191317,-0.177499,0.005022,0.005712
0,1.067312,0.874956,-0.640474,-0.140397,-0.611851,-0.094959,0.004875,0.003519
0,0.747869,0.771772,-0.310394,-0.082154,-0.352867,-0.048354,0.001301,0.001718
0,0.11731,0.621072,-0.641081,-0.163531,-0.647941,-0.132195,0.002047,0.000912
0,-0.257654,0.401515,-0.394329,-0.201377,-0.386471,-0.209085,0.004497,0.004744
0,-0.239022,0.302685,0.04178,-0.074084,0.048276,-0.084984,0.004172,0.005283
0,-0.358674,-0.01136,-0.112666,-0.305769,-0.089118,-0.312745,0.005492,0.000198
0,-0.504701,-0.071976,-0.152952,-0.069997,-0.120602,-0.051544,0.002943,0.001256
0,-0.376484,-0.125435,0.133957,-0.054779,0.115301,-0.010239,0.005181,0.002189
0,-0.290191,-0.015117,0.097925,0.109731,0.101347,0.14067,0.005065,0.000264
0,-0.322727,-0.025544,-0.035431,-0.025838,-0.028446,-0.031672,0.005633,0.000446
0,-0.137796,-0.156862,0.188724,-0.107916,0.14547,-0.080093,0.002405,0.002738
0,-0.159951,-0.268662,-0.011676,-0.102166,0.024756,-0.091103,0.002792,0.004689
0,-0.266423,-0.304016,-0.093989,-0.056107,-0.073107,-0.080618,0.00465,0.005306
0,-0.269843,-0.313266,0.010285,0.007298,0.049521,0.008889,0.00471,0.005468
0,-0.117987,-0.325365,0.170359,0.008888,0.16853,-0.021827,0.002059,0.005679
0,-0.263731,-0.111504,-0.134185,0.23358,-0.137018,0.208184,0.004603,0.001946
0,-0.024665,-0.295604,0.237771,-0.192057,0.204857,-0.188906,0.00043,0.005159
0,-0.206211,-0.079236,-0.165285,0.20051,-0.200417,0.227277,0.003599,0.001383
0,0.004523,-0.269543,0.233419,-0.206622,0.226369,-0.236636,7.9e-05,0.004704
0,-0.130067,-0.169595,-0.145257,0.121304,-0.126126,0.110606,0.00227,0.00296
0,0.013978,-0.172879,0.174008,0.007783,0.180171,0.029091,0.000244,0.003017
0,-0.254102,-0.032822,-0.263927,0.112963,-0.311429,0.075761,0.004435,0.000573
0,-0.168767,-0.185847,0.075276,-0.150962,0.04605,-0.129424,0.002946,0.003244
0,-0.189955,-0.290116,-0.035619,-0.096203,0.011424,-0.135285,0.003315,0.005063
0,-0.076827,-0.289759,0.098765,-0.008334,0.074985,-0.016339,0.001341,0.005057
0,-0.003623,-0.279788,0.100751,-0.017741,0.097404,-0.011462,6.3e-05,0.004883
0,-0.239427,-0.215268,-0.265073,0.082873,-0.217384,0.083288,0.004179,0.003757
0,-0.003278,-0.242039,0.219245,-0.024393,0.173913,-0.035793,5.7e-05,0.004224
0,-0.080003,-0.239407,-0.061385,0.021344,-0.099625,0.000925,0.001396,0.004178
0,0.005826,-0.134472,0.092165,0.120451,0.120738,0.120894,0.000102,0.002347
0,-0.147224,-0.184341,-0.167142,-0.073025,-0.130734,-0.0722,0.00257,0.003217
0,-0.148636,-0.205133,0.026618,-0.033503,-0.011404,0.003612,0.002594,0.00358
0,-0.025468,-0.031205,0.148639,0.201789,0.172464,0.219462,0.000445,0.000545
0,-0.092949,-0.074505,-0.063402,-0.026051,-0.074426,0.001243,0.001622,0.0013
0,0.038885,-0.257144,0.144674,-0.183515,0.121467,-0.182447,0.000679,0.004488
0,0.093496,-0.012747,0.034859,0.216508,0.010572,0.214396,0.001632,0.000222
0,-0.126701,-0.11694,-0.221437,-0.086762,-0.189333,-0.05638,0.002211,0.002041
0,0.069304,-0.112675,0.219371,-0.018605,0.183508,-0.062781,0.00121,0.001967
0,-0.223841,-0.20114,-0.303976,-0.066244,-0.259829,-0.10793,0.003907,0.003511
0,-0.225167,-0.056076,0.002156,0.150152,0.016258,0.146291,0.00393,0.000979
0,-0.040477,-0.191192,0.173745,-0.105142,0.16001,-0.132498,0.000706,0.003337
0,-0.059444,0.009321,-0.002037,0.190988,-0.035688,0.157409,0.001037,0.000163
0,-0.03297,0.004813,-0.002852,-0.01965,-0.034252,0.007731,0.000575,8.4e-05
0,-0.152813,-0.089093,-0.123376,-0.114919,-0.098217,-0.148192,0.002667,0.001555
0,-0.086021,-0.098768,0.080398,-0.017872,0.058279,-0.025895,0.001501,0.001724
0,-0.211983,-0.165699,-0.098423,-0.049781,-0.086347,-0.036131,0.0037,0.002892
0,0.022776,-0.242992,0.251974,-0.065425,0.267202,-0.113795,0.000398,0.004241
0,-0.192827,-0.029266,-0.226085,0.203556,-0.199151,0.163311,0.003365,0.000511
0,-0.233726,-0.006155,-0.068962,0.010177,-0.026256,0.058337,0.004079,0.000107
0,-0.146009,-0.251215,0.109373,-0.234536,0.08463,-0.278445,0.002548,0.004385
0,-0.152593,0.028164,-0.03167,0.255071,0.0109,0.284944,0.002663,0.000492
0,-0.128235,-0.226139,0.047207,-0.278284,0.055901,-0.282043,0.002238,0.003947
0,-0.260081,-0.164652,-0.160733,0.062448,-0.155761,0.112426,0.004539,0.002874
0,-0.021729,-0.09055,0.253242,0.069632,0.256838,0.077432,0.000379,0.00158
0,-0.185378,-0.120092,-0.16545,-0.003598,-0.166254,0.019828,0.003235,0.002096
0,-0.098285,0.059196,0.081664,0.191968,0.078454,0.190368,0.001715,0.001033
0,-0.039287,-0.145716,0.083491,-0.213916,0.123924,-0.210515,0.000686,0.002543
0,-0.018222,-0.133402,0.025341,0.005709,-0.002793,-0.019729,0.000318,0.002328
0,-0.037198,-0.054488,0.010774,0.05169,0.023827,0.091278,0.000649,0.000951
0,-0.114506,-0.020657,-0.078448,0.056619,-0.035423,0.062112,0.001999,0.000361
0,-0.008477,0.004642,0.086206,0.038469,0.123869,0.02181,0.000148,8.1e-05
0,-0.163172,-0.112783,-0.152288,-0.101262,-0.189239,-0.149391,0.002848,0.001968
0,0.040415,-0.043356,0.207152,0.076489,0.162147,0.069119,0.000705,0.000757
0,-0.193356,0.012127,-0.263128,0.037158,-0.276353,0.057407,0.003375,0.000212
0,0.028782,0.1083,0.251359,0.108777,0.238423,0.127276,0.000502,0.00189
0,-0.136958,0.077374,-0.170673,-0.060872,-0.210976,-0.017862,0.00239,0.00135
0,-0.135479,-0.138451,0.014392,-0.222529,-0.03375,-0.253765,0.002365,0.002416
0,-0.109248,-0.159347,0.023137,-0.01259,0.038012,-0.037601,0.001907,0.002781
0,-0.062185,0.123093,0.022465,0.270001,0.018618,0.298591,0.001085,0.002148
0,-0.154898,-0.015777,-0.116914,-0.137137,-0.136049,-0.168654,0.002703,0.000275
0,-0.093308,0.05028,0.047184,0.063063,0.096994,0.025959,0.001629,0.000878
0,-0.149637,0.098919,-0.047806,0.074678,-0.030153,0.100529,0.002612,0.001726
0,0.022528,0.006146,0.183518,-0.096533,0.19873,-0.085588,0.000393,0.000107
0,-0.101241,-0.082774,-0.10747,-0.065309,-0.102665,-0.085109,0.001767,0.001445
0,-0.140164,0.046864,-0.040839,0.159238,-0.034839,0.16368,0.002446,0.000818
0,-0.170972,0.087293,-0.029031,0.020469,-0.011337,0.037572,0.002984,0.001524
0,-0.07839,0.014237,0.085106,-0.056727,0.099032,-0.092795,0.001368,0.000248
0,0.006861,-0.194225,0.060118,-0.221625,0.087338,-0.270929,0.00012,0.00339
0,-0.071591,0.052737,-0.091001,0.229673,-0.049286,0.224481,0.001249,0.00092
0,-0.248978,-0.03541,-0.194581,-0.104619,-0.206744,-0.06673,0.004345,0.000618
0,-0.22308,-0.104372,0.018212,-0.039,0.061485,-0.013644,0.003893,0.001822
0,-0.110786,-0.176211,0.087101,-0.055377,0.115807,-0.053221,0.001934,0.003075
0,-0.010707,-0.013408,0.120282,0.191136,0.148849,0.203035,0.000187,0.000234
0,0.091033,-0.178225,0.073598,-0.177086,0.083826,-0.20657,0.001589,0.003111
0,-0.129256,-0.108353,-0.249073,0.049862,-0.241621,0.03388,0.002256,0.001891
0,-0.017587,-0.006264,0.106213,0.122239,0.153186,0.082419,0.000307,0.000109
0,0.047552,0.040759,0.081899,0.050566,0.073422,0.068457,0.00083,0.000711
0,0.07302,-0.14459,0.005924,-0.215198,-0.02421,-0.19423,0.001274,0.002524
0,0.06529,0.022068,0.016126,0.16481,0.026621,0.148875,0.00114,0.000385
0,-0.042691,-0.093956,-0.136944,-0.102716,-0.166232,-0.143345,0.000745,0.00164
0,-0.070256,-0.114294,-0.015742,-0.04155,-0.007883,-0.014038,0.001226,0.001995
0,-0.195166,-0.014701,-0.107129,0.0937,-0.06664,0.085624,0.003406,0.000257
0,0.02764,0.07379,0.202196,0.111629,0.250903,0.068282,0.000482,0.001288
0,-0.035953,-0.063853,-0.072993,-0.128236,-0.047172,-0.142644,0.000628,0.001114
0,-0.048481,-0.041525,-0.008813,0.006804,0.016895,0.029038,0.000846,0.000725
0,-0.036176,-0.016626,0.011693,-0.004584,0.013012,-0.052776,0.000631,0.00029
0,-0.193485,-0.160898,-0.142558,-0.12082,-0.175576,-0.157999,0.003377,0.002808
0,0.000739,0.054041,0.217118,0.216991,0.219895,0.23392,1.3e-05,0.000943
0,0.003043,0.054574,-0.004641,0.013642,0.045135,-0.000813,5.3e-05,0.000953
0,0.02003,-0.009097,0.038585,-0.093499,0.021793,-0.134292,0.00035,0.000159
0,-0.074201,-0.207315,-0.084521,-0.190554,-0.082858,-0.158093,0.001295,0.003618
0,-0.18686,-0.036565,-0.101665,0.17701,-0.142022,0.139063,0.003261,0.000638
0,0.074378,0.071421,0.233011,0.109466,0.186865,0.102296,0.001298,0.001247
0,-0.071359,-0.031112,-0.122238,-0.087052,-0.134178,-0.061151,0.001245,0.000543
0,3.450949,-0.011729,3.537513,0.022209,3.523747,0.027976,0.001472,0.000205
0,4.243258,0.351909,0.76326,0.336863,0.777708,0.369238,0.003549,0.00561
0,4.091058,0.6663,-0.12857,0.314142,-0.132023,0.298042,0.000892,0.000123
0,3.811308,0.622311,-0.271167,-0.02121,-0.253982,-0.046107,0.00399,0.00089
0,3.053423,0.78198,-0.733195,0.172255,-0.779089,0.193193,0.005466,0.001896
0,2.057761,0.4731,-0.971471,-0.323726,-1.012989,-0.314869,0.00066,0.003495
0,1.02784,0.427643,-1.021594,-0.059894,-1.05146,-0.052899,0.005564,0.004288
0,0.574085,0.179361,-0.470867,-0.277782,-0.508986,-0.308457,0.001732,0.00313
0,0.209295,0.165569,-0.339854,-0.028437,-0.380856,-0.017103,0.003653,0.00289
0,0.230278,0.145976,0.031745,-0.044218,-0.012053,-0.002631,0.004019,0.002548
0,0.201772,-0.115643,5.5e-05,-0.241,-0.007142,-0.228476,0.003522,0.002018
0,0.045639,-0.075984,-0.18556,0.055189,-0.171396,0.096018,0.000797,0.001326
0,-0.096396,-0.102614,-0.122467,-0.012472,-0.094673,0.019971,0.001682,0.001791
0,-0.28961,-0.021271,-0.204971,0.056818,-0.214267,0.041001,0.005055,0.000371
0,-0.299782,-0.061221,0.000176,-0.025245,0.012525,-0.069846,0.005232,0.001069
0,-0.025289,-0.049082,0.283376,0.020396,0.240917,0.046668,0.000441,0.000857
0,-0.08797,0.063005,-0.068947,0.104167,-0.066729,0.076322,0.001535,0.0011
0,-0.086137,0.005828,-0.000354,-0.054327,0.031183,-0.049913,0.001503,0.000102
0,-0.231533,-0.013075,-0.133564,-0.042605,-0.17263,-0.072689,0.004041,0.000228
0,-0.105131,-0.155012,0.144426,-0.136466,0.118139,-0.183362,0.001835,0.002705
0,-0.192917,-0.165714,-0.117546,-0.004598,-0.120178,-0.033468,0.003367,0.002892
0,-0.247706,-0.182799,-0.076783,-0.042293,-0.081331,-0.042499,0.004323,0.00319
0,-0.252911,-0.019845,0.024228,0.144867,-0.003292,0.128092,0.004414,0.000346
0,-0.106082,-0.069346,0.128204,-0.076742,0.109409,-0.11115,0.001851,0.00121
0,-0.281556,0.070349,-0.162643,0.163765,-0.126433,0.162093,0.004914,0.001228
0,-0.311592,0.051093,-0.042654,-0.012478,-0.045243,-0.029834,0.005438,0.000892
0,-0.052193,0.091408,0.229599,0.034771,0.183961,0.045926,0.000911,0.001595
0,-0.071447,-0.043141,-0.004944,-0.132864,-0.01438,-0.100041,0.001247,0.000753
0,-0.007003,-0.073274,0.094308,-0.011343,0.057971,-0.014301,0.000122,0.001279
0,-0.108157,0.033602,-0.097028,0.1165,-0.062973,0.092617,0.001888,0.000586
0,-0.142758,-0.040798,-0.034267,-0.102163,-0.000253,-0.14718,0.002492,0.000712
0,-0.184022,0.065166,-0.026967,0.122557,-0.057538,0.103262,0.003212,0.001137
0,-0.037116,-0.029259,0.156039,-0.092683,0.143388,-0.120627,0.000648,0.000511
0,-0.099105,0.023212,-0.089436,0.066474,-0.111054,0.040064,0.00173,0.000405
0,-0.000772,-0.083019,0.095169,-0.076945,0.073033,-0.041947,1.3e-05,0.001449
0,0.02736,0.0989,0.008976,0.181539,-0.031085,0.134139,0.000478,0.001726
0,-0.077903,0.061243,-0.08648,-0.050264,-0.135377,-0.05802,0.00136,0.001069
0,-0.05255,0.02898,0.027688,-0.03499,0.050967,-0.073218,0.000917,0.000506
0,-0.079639,-0.0526,-0.048902,-0.080155,-0.025946,-0.11214,0.00139,0.000918
0,-0.042333,0.147886,0.066219,0.172137,0.058488,0.179984,0.000739,0.002581
0,-0.117445,-0.123079,-0.085244,-0.287396,-0.037432,-0.240436,0.00205,0.002148
0,-0.007743,0.054146,0.093422,0.163564,0.114545,0.197245,0.000135,0.000945
0,-0.072218,0.131941,-0.078653,0.052583,-0.085269,0.067734,0.00126,0.002303
0,0.051655,-0.135911,0.149173,-0.28268,0.12575,-0.268391,0.000902,0.002372
0,-0.119691,0.10689,-0.155718,0.245653,-0.194717,0.290875,0.002089,0.001866
0,0.084424,0.099634,0.177577,-0.016077,0.132211,-0.039217,0.001473,0.001739
0,-0.004404,-0.126951,-0.086489,-0.224666,-0.132502,-0.205525,7.7e-05,0.002216
0,-0.106306,0.103771,-0.131037,0.243105,-0.130484,0.270618,0.001855,0.001811
0,-0.023909,0.083502,0.07524,-0.013398,0.029079,-0.011811,0.000417,0.001457
0,-0.042352,0.105665,-0.041088,0.047073,-0.08534,0.009554,0.000739,0.001844
0,-0.108108,-0.112113,-0.040283,-0.239228,-0.017606,-0.284928,0.001887,0.001957
0,0.041377,0.038545,0.146802,0.173547,0.186486,0.144791,0.000722,0.000673
0,0.04224,0.15032,0.000306,0.117982,-0.008454,0.133568,0.000737,0.002624
0,-0.115667,-0.063821,-0.160707,-0.240039,-0.138133,-0.234067,0.002019,0.001114
0,-0.078694,0.120196,0.01562,0.187261,0.005757,0.157311,0.001373,0.002098
0,-0.140436,0.084675,-0.089239,-0.02398,-0.127981,-0.030661,0.002451,0.001478
0,-0.210004,0.005669,-0.048828,-0.080301,-0.067699,-0.096413,0.003665,9.9e-05
0,-0.094487,0.006795,0.09281,0.013463,0.061189,-0.025833,0.001649,0.000119
0,-0.060428,0.084018,0.038125,0.071974,0.035138,0.072997,0.001055,0.001466
0,-0.10932,-0.048614,-0.023952,-0.141366,0.00033,-0.137522,0.001908,0.000848
0,0.084178,-0.075793,0.185762,-0.019499,0.152676,-0.052958,0.001469,0.001323
0,-0.14611,0.044844,-0.256443,0.139229,-0.226045,0.167463,0.00255,0.000783
0,0.010635,-0.042558,0.158311,-0.080126,0.132873,-0.079927,0.000186,0.000743
0,0.10324,-0.048027,0.114019,0.012555,0.07939,0.003233,0.001802,0.000838
0,-0.067115,0.061618,-0.155022,0.119181,-0.148377,0.109095,0.001171,0.001075
0,-0.086365,-0.116799,-0.037885,-0.149672,-0.065216,-0.194409,0.001507,0.002039
0,0.051329,-0.123813,0.113864,-0.006142,0.159324,-0.00304,0.000896,0.002161
0,0.097578,0.05354,0.039723,0.168713,0.064319,0.170251,0.001703,0.000934
0,-0.010698,-0.066773,-0.135272,-0.11353,-0.120036,-0.094324,0.000187,0.001165
0,0.144587,-0.030721,0.131386,0.017071,0.146945,0.046736,0.002524,0.000536
0,0.045412,-0.099749,-0.077989,-0.041383,-0.037686,-0.063936,0.000793,0.001741
0,0.100395,-0.09576,0.084837,0.03158,0.094872,0.072053,0.001752,0.001671
0,0.140206,0.15823,0.042141,0.276805,0.01895,0.287163,0.002447,0.002762
0,0.03701,-0.033815,-0.131994,-0.219963,-0.15291,-0.183255,0.000646,0.00059
0,0.168715,0.168062,0.145622,0.226896,0.191308,0.207631,0.002945,0.002933
0,-0.086557,0.073024,-0.261204,-0.065249,-0.235048,-0.031106,0.001511,0.001275
0,0.091655,-0.12984,0.16072,-0.17414,0.191187,-0.195123,0.0016,0.002266
0,0.033259,0.024447,-0.077234,0.164662,-0.114314,0.120438,0.00058,0.000427
0,-0.089434,0.132676,-0.095535,0.079139,-0.084333,0.030536,0.001561,0.002316
0,-0.112647,-0.006892,-0.032744,-0.121546,0.002146,-0.082207,0.001966,0.00012
0,-0.080593,-0.009917,0.044696,-0.005235,0.046849,-0.008771,0.001407,0.000173
0,-0.162217,0.063481,-0.091861,0.097754,-0.074642,0.084084,0.002831,0.001108
0,0.097959,0.013093,0.265496,-0.065661,0.270691,-0.110998,0.00171,0.000229
0,0.170282,0.0326,0.059682,-0.009304,0.055633,-0.044776,0.002972,0.000569
0,0.081841,0.092843,-0.097062,0.086367,-0.064312,0.121,0.001428,0.00162
0,-0.054738,-0.012602,-0.114751,-0.121587,-0.094612,-0.145258,0.000955,0.00022
0,0.184205,-0.059294,0.214839,-0.027212,0.242196,-0.034387,0.003215,0.001035
0,-0.113706,0.090575,-0.303878,0.135463,-0.312025,0.138455,0.001985,0.001581
0,0.008762,0.124256,0.10522,0.041789,0.067643,0.026489,0.000153,0.002169
0,0.053797,0.046342,0.040245,-0.078458,0.061029,-0.102719,0.000939,0.000809
0,-0.063203,-0.05827,-0.146843,-0.092415,-0.183779,-0.076043,0.001103,0.001017
0,-0.088953,0.034963,-0.050143,0.104915,-0.009468,0.11807,0.001553,0.00061
0,0.10465,-0.138214,0.201603,-0.159064,0.226095,-0.159494,0.001826,0.002412
0,0.101148,0.075755,-0.009643,0.217536,0.029766,0.182848,0.001765,0.001322
0,0.166975,-0.08771,0.048587,-0.186616,0.083216,-0.143868,0.002914,0.001531
0,-0.014348,-0.086437,-0.183997,-0.010265,-0.135378,0.018001,0.00025,0.001509
0,0.056434,-0.102998,0.052314,-0.00825,0.069797,-0.027415,0.000985,0.001798
0,-0.066467,0.119414,-0.137349,0.229257,-0.143561,0.213409,0.00116,0.002084
0,0.033029,0.070843,0.127605,-0.048791,0.084833,-0.045988,0.000576,0.001236
0,0.131936,0.098144,0.121095,0.03838,0.107086,0.049105,0.002303,0.001713
0,0.145668,0.0438,0.013162,-0.045036,0.012846,-0.013111,0.002542,0.000764
0,0.03523,0.075331,-0.104866,0.030021,-0.075706,-0.003511,0.000615,0.001315
0,-1.003472,-0.254145,-1.050135,-0.336067,-1.046707,-0.317039,0.005762,0.004436
0,-2.223642,-0.203867,-1.212094,0.056262,-1.202048,0.08554,0.003555,0.003558
0,-2.308562,-0.396546,-0.05624,-0.217853,-0.011368,-0.230702,0.005037,0.004831
0,-2.891937,-0.269396,-0.579561,0.119537,-0.531558,0.070478,0.003467,0.004702
0,-2.933934,-0.172936,-0.029438,0.068522,-0.01967,0.054375,0.0042,0.003018
0,-2.088313,-0.224509,0.858505,-0.021884,0.892497,-0.063929,0.001193,0.003918
0,-1.671063,-0.253983,0.421149,-0.041718,0.41329,-0.070389,0.005662,0.004433
0,-1.248302,-0.201068,0.39894,0.039365,0.378799,0.073861,0.001716,0.003509
0,-0.635332,-0.145543,0.641185,0.040426,0.65188,0.00782,0.000663,0.00254
0,-0.422183,-0.261006,0.2139,-0.136806,0.241351,-0.161168,0.004383,0.004555
0,-0.172287,-0.100736,0.243676,0.176777,0.212187,0.200407,0.003007,0.001758
0,-0.111296,-0.410644,0.070316,-0.283565,0.105279,-0.294054,0.001942,0.004585
0,0.17305,-0.299134,0.284742,0.1201,0.285167,0.082834,0.00302,0.005221
0,0.097967,-0.018003,-0.06614,0.274367,-0.0175,0.321513,0.00171,0.000314
0,0.275852,-0.157118,0.152685,-0.112054,0.165476,-0.153447,0.004815,0.002742
0,0.203662,-0.212833,-0.04233,-0.027399,-0.090176,-0.051352,0.003555,0.003715
0,0.331827,0.036614,0.131552,0.259636,0.141068,0.219239,0.005791,0.000639
0,0.209779,-0.059971,-0.124055,-0.095877,-0.12966,-0.106072,0.003661,0.001047
0,0.192759,-0.118523,-0.003592,-0.039104,-0.020137,0.004709,0.003364,0.002069
0,0.199317,-0.074151,0.009918,0.067798,-0.009587,0.064079,0.003479,0.001294
0,0.353726,0.021909,0.135378,0.099616,0.178045,0.114027,0.005578,0.000382
0,0.240946,0.053837,-0.103564,0.052417,-0.116078,0.096302,0.004205,0.00094
0,0.070575,-0.063158,-0.168292,-0.14465,-0.131164,-0.11942,0.001232,0.001102
0,0.237278,-0.056166,0.157569,0.017805,0.151493,-0.020497,0.004141,0.00098
0,0.269123,-0.211844,0.05442,-0.163842,0.017764,-0.142778,0.004697,0.003697
0,0.150534,-0.155914,-0.110501,0.029309,-0.070644,0.005324,0.002627,0.002721
0,0.14183,-0.136202,-0.000471,0.039196,0.003477,0.012517,0.002475,0.002377
0,0.132217,-0.196134,-0.001516,-0.030018,-0.047024,-0.076652,0.002308,0.003423
0,0.066907,-0.194723,-0.06509,0.027266,-0.030566,0.068258,0.001168,0.003399
0,0.141852,-0.13929,0.061631,0.058853,0.017045,0.04518,0.002476,0.002431
0,0.079705,-0.123033,-0.091203,0.036972,-0.056403,-0.000828,0.001391,0.002147
0,0.166125,0.045341,0.086288,0.163393,0.090717,0.212128,0.002899,0.000791
0,0.21504,0.086873,0.025876,0.047289,0.071711,0.038779,0.003753,0.001516
0,0.158403,-0.111723,-0.057124,-0.223592,-0.105872,-0.201813,0.002765,0.00195
0,0.195038,-0.040948,0.01116,0.058124,0.011881,0.038561,0.003404,0.000715
0,0.249988,-0.098845,0.064522,-0.039081,0.102033,-0.064355,0.004363,0.001725
0,0.185365,0.07331,-0.078337,0.183814,-0.036162,0.151166,0.003235,0.001279
0,0.116082,-0.038581,-0.060649,-0.137819,-0.026854,-0.186584,0.002026,0.000673
0,-0.005354,-0.06859,-0.141883,-0.039503,-0.130253,-0.057053,9.3e-05,0.001197
0,0.117713,-0.166568,0.134761,-0.074453,0.174132,-0.035551,0.002054,0.002907
0,0.067316,-0.114141,-0.079933,0.058087,-0.040282,0.052665,0.001175,0.001992
0,0.168022,-0.095323,0.119583,0.039699,0.119271,0.028048,0.002933,0.001664
0,0.089265,-0.044608,-0.077846,0.030846,-0.101292,0.021163,0.001558,0.000779
0,0.095566,0.103877,-0.00838,0.159631,0.015838,0.115409,0.001668,0.001813
0,-0.064631,0.006372,-0.175634,-0.094457,-0.183354,-0.05102,0.001128,0.000111
0,0.156001,0.103422,0.207593,0.122353,0.239879,0.137685,0.002723,0.001805
0,0.170688,0.039674,-0.008998,-0.074313,-0.04835,-0.109521,0.002979,0.000692
0,0.219192,0.148727,0.059695,0.099667,0.107336,0.103671,0.003826,0.002596
0,0.049404,-0.015697,-0.154741,-0.15412,-0.127767,-0.147433,0.000862,0.000274
0,-0.059706,0.156767,-0.086561,0.199909,-0.133677,0.233535,0.001042,0.002736
0,-0.062831,0.019265,-0.005723,-0.165547,-0.049812,-0.186764,0.001097,0.000336
0,-0.070833,-0.123319,0.009526,-0.151023,0.036592,-0.152949,0.001236,0.002152
0,0.120641,-0.104318,0.199484,0.012816,0.179006,-0.019162,0.002106,0.001821
0,0.137861,-0.140372,-0.012215,-0.010603,0.028048,-0.008267,0.002406,0.00245
0,-0.026889,0.09639,-0.182527,0.25453,-0.142321,0.207557,0.000469,0.001682
0,-0.14813,-0.068041,-0.105136,-0.16047,-0.150702,-0.134995,0.002585,0.001188
0,-0.058392,0.086554,0.115221,0.170035,0.091279,0.140299,0.001019,0.001511
0,-0.057307,-0.083643,0.021654,-0.173235,0.015051,-0.130657,0.001,0.00146
0,0.102118,-0.153834,0.187484,-0.072578,0.197289,-0.089394,0.001782,0.002685
0,0.003977,-0.078736,-0.100323,0.049746,-0.0559,0.01266,6.9e-05,0.001374
0,-0.136546,0.093677,-0.135996,0.146187,-0.137796,0.162684,0.002383,0.001635
0,-0.036234,-0.140653,0.107988,-0.236529,0.07952,-0.187793,0.000632,0.002455
0,-0.192574,-0.098272,-0.176828,0.054065,-0.188269,0.015002,0.003361,0.001715
0,-0.220317,-0.124269,-0.006167,-0.007266,-0.045799,0.037945,0.003845,0.002169
0,-0.056668,0.017084,0.184073,0.121957,0.146249,0.139336,0.000989,0.000298
0,-0.024237,0.07685,0.056199,0.043273,0.058294,0.00782,0.000423,0.001341
0,0.017344,0.090167,0.028864,-0.011267,0.039902,-0.017223,0.000303,0.001574
0,0.071576,-0.003594,0.046831,-0.113648,0.012969,-0.12549,0.001249,6.3e-05
0,-0.15882,-0.125178,-0.25008,-0.115625,-0.259825,-0.152243,0.002772,0.002185
0,0.119101,0.019251,0.251624,0.145824,0.271685,0.191856,0.002079,0.000336
0,-0.028113,0.047674,-0.141481,0.033003,-0.108989,-0.003866,0.000491,0.000832
0,0.117446,0.113874,0.148013,0.045004,0.10829,0.036438,0.00205,0.001987
0,-0.013733,0.028195,-0.10715,-0.084859,-0.063089,-0.036667,0.00024,0.000492
0,0.056335,0.030148,0.080336,0.024452,0.129753,0.025448,0.000983,0.000526
0,-0.07531,0.104051,-0.159015,0.052904,-0.206938,0.099316,0.001314,0.001816
0,0.218158,0.16411,0.267076,0.071677,0.239486,0.038556,0.003808,0.002864
0,0.131416,-0.016167,-0.112363,-0.201997,-0.142293,-0.189917,0.002294,0.000282
0,0.008497,0.160765,-0.099224,0.159006,-0.053044,0.190813,0.000148,0.002806
0,0.100698,-0.054021,0.108953,-0.215843,0.064615,-0.174873,0.001758,0.000943
0,0.12955,0.017522,0.032551,0.092319,0.042903,0.08612,0.002261,0.000306
0,0.25497,-0.128195,0.119617,-0.164925,0.087651,-0.158168,0.00445,0.002237
0,0.046688,0.102604,-0.237592,0.21534,-0.280632,0.262407,0.000815,0.001791
0,0.134771,-0.141629,0.062099,-0.252599,0.109794,-0.243273,0.002352,0.002472
0,0.150308,-0.124203,-0.009407,-0.007067,0.015382,0.023428,0.002623,0.002168
0,0.116442,-0.0484,-0.06273,0.069446,-0.081525,0.020681,0.002032,0.000845
0,0.143214,0.002363,0.004413,0.031259,0.040467,0.02917,0.0025,4.1e-05
0,0.020525,-0.144722,-0.097164,-0.119377,-0.136974,-0.10553,0.000358,0.002526
0,0.146086,-0.162334,0.121507,0.002876,0.138516,-0.045477,0.00255,0.002833
0,0.176321,-0.100322,0.028923,0.07017,0.033704,0.114879,0.003077,0.001751
0,0.066704,-0.068782,-0.137983,0.007781,-0.097848,-0.035864,0.001164,0.0012
0,0.252661,0.111885,0.175386,0.171844,0.157284,0.129285,0.00441,0.001953
0,0.105606,0.140828,-0.173538,0.051875,-0.192755,0.05402,0.001843,0.002458
0,0.227321,-0.017725,0.116202,-0.172822,0.080822,-0.169798,0.003968,0.000309
0,0.120393,0.039266,-0.110779,0.082616,-0.142291,0.132025,0.002101,0.000685
0,0.123463,0.010698,-0.023156,-0.057839,-0.025355,-0.105284,0.002155,0.000187
0,0.078339,0.091522,-0.056331,0.088063,-0.095067,0.078161,0.001367,0.001597
0,0.012518,0.115383,-0.04515,0.00705,-0.002608,0.012776,0.000218,0.002014
0,-0.181695,0.056623,-0.211453,-0.087182,-0.209168,-0.07367,0.003171,0.000988
0,0.066175,0.147794,0.252691,0.074137,0.243466,0.069283,0.001155,0.002579
0,-0.07267,0.032474,-0.151917,-0.099228,-0.19716,-0.116855,0.001268,0.000567
0,-0.164385,-0.010578,-0.095729,-0.019919,-0.101312,-0.039214,0.002869,0.000185
0,-0.123113,0.062645,0.048344,0.071,0.01884,0.069129,0.002149,0.001093
0,-0.07355,0.075499,0.029129,0.039048,0.018194,0.003315,0.001284,0.001318
0,0.110509,0.142765,0.155502,0.090051,0.147532,0.050698,0.001929,0.002492
0,0.016376,0.005017,-0.100269,-0.151825,-0.129861,-0.181939,0.000286,8.8e-05
0,0.05981,0.127936,0.070069,0.111835,0.106822,0.120521,0.001044,0.002233
0,0.204645,0.061847,0.161801,-0.075023,0.190084,-0.050598,0.003572,0.001079
0,0.075779,0.088044,-0.143831,0.025534,-0.120446,-0.011961,0.001323,0.001537
0,0.127053,0.084563,0.032067,-0.026657,0.041002,-0.038891,0.002217,0.001476
0,-1.365255,0.510286,-1.470082,0.446257,-1.508271,0.460115,0.000325,0.002846
0,-2.884833,0.656552,-1.519947,0.156086,-1.530842,0.122632,0.003343,0.000293
0,-4.260903,0.765878,-1.397444,0.089676,-1.433684,0.13584,0.003857,0.001615
0,-3.551429,0.947915,0.679885,0.190637,0.651151,0.146066,0.003226,0.004793
0,-3.830889,0.711494,-0.28473,-0.262988,-0.309625,-0.28134,0.003649,0.000666
0,-2.939674,0.655182,0.874921,-0.078481,0.921924,-0.104069,0.0043,0.000317
0,-2.314159,0.685762,0.64284,0.051898,0.686153,0.016677,0.005135,0.000217
0,-1.491489,0.477533,0.793316,-0.222542,0.755091,-0.217367,0.002528,0.003417
0,0.934843,0.556126,2.437312,0.068298,2.459954,0.046989,0.004564,0.003931
0,1.89232,0.335625,0.929005,-0.2108,0.90412,-0.201463,0.002228,0.003931
0,2.442215,0.063373,0.539824,-0.287175,0.562611,-0.308363,0.004382,0.003931
0,2.989534,0.120757,0.549337,0.076352,0.598935,0.092109,0.00517,0.003931
0,2.844106,0.151055,-0.130442,0.033054,-0.164322,0.03678,0.002632,0.003931
0,2.724506,-0.097109,-0.149437,-0.218212,-0.121044,-0.245441,0.000545,0.003931
0,2.491106,-0.095595,-0.234365,0.031386,-0.237819,0.010245,0.003529,0.003931
0,1.933682,0.033144,-0.529253,0.150575,-0.528982,0.186162,0.001506,0.003931
0,1.458178,-0.169973,-0.461504,-0.174663,-0.509125,-0.159964,0.001947,0.003931
0,1.039113,0.035838,-0.389568,0.180952,-0.341392,0.147431,0.005367,0.003931
0,0.549554,-0.155927,-0.488325,-0.214713,-0.482107,-0.199942,0.00216,0.003931
0,0.116714,-0.118099,-0.444368,0.008128,-0.430958,0.020423,0.002037,0.003931
0,-0.106401,-0.022657,-0.214482,0.104235,-0.209317,0.137123,0.001857,0.003931
0,-0.13347,-0.161418,-0.038045,-0.120773,-0.052845,-0.138961,0.002329,0.003931
0,-0.102623,0.005337,0.059793,0.144381,0.025739,0.101659,0.001791,0.003931
0,-0.252048,-0.045248,-0.160704,-0.06642,-0.189513,-0.078665,0.004399,0.003931
0,-0.415462,0.064169,-0.144379,0.107037,-0.182575,0.139853,0.004501,0.003931
0,-0.381778,-0.207697,0.02846,-0.272816,0.074372,-0.236768,0.005088,0.003931
0,-0.271869,-0.066292,0.122051,0.166714,0.120025,0.151145,0.004745,0.003931
0,-0.061957,0.07026,0.186865,0.130247,0.206424,0.158938,0.001081,0.003931
0,-0.159284,0.085578,-0.122815,0.029283,-0.114912,0.050575,0.00278,0.003931
0,-0.113765,0.055848,0.037852,-0.050185,0.063234,-0.06367,0.001986,0.003931
0,-0.075672,-0.156453,0.020029,-0.193757,0.022636,-0.154151,0.001321,0.003931
0,-0.110498,-0.170686,-0.042074,-0.019202,-0.053232,0.006099,0.001929,0.003931
0,-0.159655,0.045391,-0.068965,0.192246,-0.107839,0.15984,0.002787,0.003931
0,-0.027977,-0.00263,0.122372,-0.059396,0.072612,-0.052011,0.000488,0.003931
0,0.070098,0.076242,0.091308,0.059574,0.117784,0.060193,0.001223,0.003931
0,-0.081942,-0.018766,-0.180271,-0.099208,-0.185685,-0.086861,0.00143,0.003931
0,-0.241681,-0.055126,-0.168872,-0.039999,-0.173684,-0.034511,0.004218,0.003931
0,0.03867,-0.009009,0.273137,0.074243,0.268988,0.098706,0.000675,0.003931
0,-0.15377,-0.165935,-0.166718,-0.186892,-0.143982,-0.209277,0.002684,0.003931
0,-0.15343,0.134508,0.011011,0.293973,-0.026109,0.328213,0.002678,0.003931
0,-0.176203,0.061862,-0.034756,-0.073868,0.002862,-0.031086,0.003075,0.003931
0,-0.169743,0.101749,0.01921,0.06419,0.039872,0.099486,0.002963,0.003931
0,-0.013446,-0.003097,0.133839,-0.105523,0.127539,-0.151591,0.000235,0.003931
0,0.041358,-0.009522,0.036353,-0.001793,0.007219,-0.009718,0.000722,0.003931
0,0.021953,0.034935,-0.016719,0.033107,0.01347,0.042339,0.000383,0.003931
0,-0.024631,0.084379,-0.063807,0.057394,-0.031438,0.060727,0.00043,0.003931
0,0.047382,-0.018015,0.052594,-0.126557,0.052216,-0.121722,0.000827,0.003931
0,0.060944,-0.208249,-0.007093,-0.177289,-0.048443,-0.183097,0.001064,0.003931
0,-0.030324,-0.087119,-0.120508,0.102764,-0.132204,0.101842,0.000529,0.003931
0,-0.208665,0.071267,-0.199264,0.163283,-0.174795,0.122711,0.003642,0.003931
0,-0.199159,-0.095831,0.01492,-0.147802,0.013271,-0.136785,0.003476,0.003931
0,-0.157435,-0.066399,0.052529,0.057354,0.021639,0.058719,0.002748,0.003931
0,-0.052312,-0.158212,0.134211,-0.079903,0.134871,-0.073812,0.000913,0.003931
0,0.074801,-0.024213,0.105999,0.107875,0.081373,0.112265,0.001306,0.003931
0,-0.13682,0.029448,-0.219127,0.029618,-0.234355,0.049355,0.002388,0.003931
0,0.010938,-0.034672,0.170238,-0.048323,0.202898,-0.027863,0.000191,0.003931
0,0.14747,0.022812,0.145566,0.065371,0.15088,0.087797,0.002574,0.003931
0,-0.06145,-0.075496,-0.182458,-0.118258,-0.154695,-0.136919,0.001072,0.003931
0,-0.103232,0.108831,-0.065084,0.196014,-0.10434,0.242195,0.001802,0.003931
0,0.019437,0.022281,0.135133,-0.059644,0.110587,-0.092246,0.000339,0.003931
0,0.09775,-0.096573,0.058418,-0.139656,0.067405,-0.098806,0.001706,0.003931
0,0.001718,0.111007,-0.123417,0.213921,-0.09002,0.16645,3e-05,0.003931
0,0.092589,0.007126,0.071222,-0.121916,0.028024,-0.096894,0.001616,0.003931
0,0.104382,-0.022636,0.013348,-0.009109,0.006782,-0.010738,0.001822,0.003931
0,-0.125173,0.006963,-0.245684,0.038194,-0.239678,0.065791,0.002185,0.003931
0,-0.099258,0.147063,0.032614,0.128282,0.0281,0.14887,0.001732,0.003931
0,-0.407607,-0.12024,-0.30559,-0.239949,-0.272713,-0.234796,0.004638,0.003931
0,-0.551373,0.005061,-0.15002,0.143233,-0.199511,0.152634,0.002128,0.003931
0,-0.391507,0.04201,0.134095,0.026733,0.169403,0.007004,0.004919,0.003931
0,-0.376631,0.06689,0.023189,-0.001563,0.017266,0.015865,0.005178,0.003931
0,-0.287637,-0.130843,0.084867,-0.227136,0.100077,-0.206101,0.00502,0.003931
0,-0.233294,-0.117496,0.054814,0.021836,0.097635,-0.002081,0.004072,0.003931
0,-0.163956,-0.035915,0.053032,0.068162,0.078458,0.065784,0.002862,0.003931
0,-0.152315,-0.150918,-0.008557,-0.127858,-0.053472,-0.170869,0.002658,0.003931
0,0.106187,-0.159929,0.258838,-0.03469,0.23713,-0.06174,0.001853,0.003931
0,0.021337,-0.148899,-0.073386,-0.00882,-0.097723,-0.046187,0.000372,0.003931
0,0.057226,-0.002369,0.059569,0.138188,0.101727,0.091011,0.000999,0.003931
0,-0.00415,0.071657,-0.063228,0.097148,-0.024152,0.10888,7.2e-05,0.003931
0,0.136653,0.023408,0.142911,-0.021248,0.118026,-0.007458,0.002385,0.003931
0,-0.142894,-0.06983,-0.25899,-0.099901,-0.283181,-0.149806,0.002494,0.003931
0,-0.030088,-0.134142,0.095058,-0.075893,0.064437,-0.118173,0.000525,0.003931
0,-0.019597,0.076281,-0.003895,0.213091,-0.03435,0.248463,0.000342,0.003931
0,-0.037132,-0.055588,0.00283,-0.116738,-0.020602,-0.102465,0.000648,0.003931
0,-0.009447,-0.186684,0.054458,-0.143009,0.051203,-0.096161,0.000165,0.003931
0,0.054065,-0.107399,0.045091,0.106663,0.043071,0.132232,0.000944,0.003931
0,-0.140141,-0.199753,-0.190506,-0.104403,-0.213872,-0.096433,0.002446,0.003931
0,0.012137,-0.172735,0.18049,0.017969,0.141203,0.008208,0.000212,0.003931
0,-0.089943,-0.132864,-0.097202,0.03567,-0.111132,0.082338,0.00157,0.003931
0,-0.016975,-0.041137,0.06769,0.091608,0.063105,0.06915,0.000296,0.003931
0,-0.082762,0.037852,-0.052759,0.072867,-0.076527,0.092505,0.001444,0.003931
0,-0.07533,0.022201,0.009869,-0.025393,0.024931,0.020866,0.001315,0.003931
0,0.13692,0.037211,0.186345,0.002335,0.184961,0.014674,0.00239,0.003931
0,-0.113542,-0.119694,-0.271532,-0.182638,-0.230133,-0.211279,0.001982,0.003931
0,0.097797,0.04815,0.231064,0.154128,0.199351,0.159099,0.001707,0.003931
0,-0.112442,-0.200675,-0.194052,-0.229179,-0.167924,-0.180749,0.001962,0.003931
0,0.010648,-0.086479,0.134931,0.117351,0.174342,0.154214,0.000186,0.003931
0,0.027992,-0.098161,0.010712,0.002155,0.036649,0.032485,0.000489,0.003931
0,0.13815,-0.197533,0.13548,-0.085143,0.116666,-0.066442,0.002411,0.003931
0,-0.065156,0.001585,-0.209781,0.220329,-0.2447,0.216121,0.001137,0.003931
0,0.032095,-0.202962,0.07801,-0.176862,0.072988,-0.188928,0.00056,0.003931
0,-0.067311,-0.177376,-0.07849,0.033009,-0.081402,0.012988,0.001175,0.003931
0,-0.155819,0.030234,-0.088305,0.188347,-0.080026,0.179352,0.00272,0.003931
0,-0.078894,-0.039837,0.062128,-0.07499,0.056664,-0.035879,0.001377,0.003931
0,-0.094035,0.014785,-0.03066,0.03381,-0.067917,0.012788,0.001641,0.003931
0,0.178666,-0.030006,0.255098,-0.025019,0.213902,-0.038598,0.003118,0.003931
0,-0.006216,-0.179367,-0.177842,-0.164212,-0.204263,-0.202836,0.000108,0.003931
0,0.262142,0.029992,0.261354,0.231681,0.235553,0.266025,0.004575,0.003931
0,0.317806,0.018592,0.032629,-0.022454,-0.00292,-0.027397,0.005547,0.003931
0,0.333059,-0.196442,0.005544,-0.189063,0.024403,-0.22884,0.005813,0.003931
0,0.31633,-0.04233,-0.031892,0.160383,-0.069263,0.159658,0.005521,0.003931
0,0.434248,0.082496,0.091953,0.119836,0.079172,0.092572,0.004173,0.003931
0,0.266188,-0.167991,-0.138061,-0.254381,-0.184337,-0.254246,0.004646,0.003931
0,0.233672,-0.093246,-0.054908,0.099036,-0.088402,0.133372,0.004078,0.003931
0,0.1737,-0.11926,-0.050869,-0.050088,-0.076736,-0.083568,0.003032,0.003931
0,0.293088,0.057498,0.121548,0.154065,0.085474,0.125678,0.005115,0.003931
0,0.36277,-0.063797,0.063463,-0.128937,0.049739,-0.135793,0.00542,0.003931
0,0.037753,-0.161132,-0.331276,-0.095434,-0.327079,-0.096504,0.000659,0.003931
0,0.241346,-0.049325,0.211779,0.121015,0.215301,0.122538,0.004212,0.003931
0,0.162894,-0.197685,-0.077177,-0.123709,-0.093284,-0.121919,0.002843,0.003931
0,0.171579,-0.107181,-0.011519,0.075155,-0.03226,0.043912,0.002995,0.003931
0,0.055681,0.056023,-0.108196,0.182693,-0.147352,0.166204,0.000972,0.003931
0,0.109641,-0.0048,0.043894,-0.082627,0.04027,-0.058291,0.001914,0.003931
0,0.097178,0.053977,-0.032192,0.062579,-0.049405,0.022966,0.001696,0.003931
0,-0.115265,-0.025284,-0.239432,-0.091558,-0.252712,-0.089762,0.002012,0.003931
0,0.099034,-0.177563,0.243197,-0.12456,0.246391,-0.139878,0.001728,0.003931
0,-0.030586,0.012427,-0.101711,0.170737,-0.06967,0.183846,0.000534,0.003931
0,-0.130882,-0.030045,-0.107159,-0.030874,-0.080987,-0.047403,0.002284,0.003931
0,-0.088634,-0.185183,0.030313,-0.165896,-0.017695,-0.16908,0.001547,0.003931
0,-0.05439,0.058242,0.023081,0.253559,-0.012557,0.290824,0.000949,0.003931
0,0.099617,-0.216866,0.130945,-0.293359,0.117077,-0.264668,0.001739,0.003931
0,-0.09038,0.054022,-0.177484,0.290637,-0.209084,0.315559,0.001577,0.003931
0,0.007414,-0.088065,0.105909,-0.128441,0.145133,-0.112176,0.000129,0.003931
0,0.16482,-0.084755,0.145918,0.006888,0.110473,0.055586,0.002877,0.003931
0,-0.131405,-0.093437,-0.3065,0.009609,-0.350237,0.048529,0.002293,0.003931
0,0.021418,-0.140291,0.17758,-0.065765,0.167065,-0.039926,0.000374,0.003931
0,0.009767,-0.003412,-0.014963,0.107715,0.033225,0.11807,0.00017,0.003931
0,-0.113933,-0.112232,-0.094857,-0.138713,-0.095107,-0.090617,0.001989,0.003931
0,-0.219063,0.036303,-0.105597,0.163294,-0.131489,0.197797,0.003823,0.003931
0,-0.877736,-0.985595,-0.654712,-1.004808,-0.67358,-0.964595,0.003568,0.00545
0,-1.589955,-2.812455,-0.711771,-1.826356,-0.716049,-1.789267,0.004247,0.00208
0,-2.308815,-3.065742,-0.69931,-0.278141,-0.686535,-0.265324,0.005041,0.005251
0,-2.593551,-2.682801,-0.265898,0.370784,-0.296036,0.343489,0.001741,0.000183
0,-2.271728,-2.731402,0.30663,-0.02927,0.356328,-0.018296,0.004394,0.000665
0,-2.475055,-2.183029,-0.195254,0.545263,-0.217786,0.555488,0.003809,0.002846
0,-1.864503,-1.693513,0.636524,0.495229,0.622838,0.482549,0.002713,0.005698
0,-1.202403,-0.973788,0.668316,0.741708,0.667614,0.704125,0.002518,0.005244
0,-0.536731,-0.562044,0.682398,0.439924,0.645288,0.47311,0.002384,0.001942
0,-0.430311,-0.035876,0.092789,0.496278,0.115605,0.505244,0.004241,0.000626
0,-0.056334,0.259058,0.353231,0.298181,0.381658,0.253053,0.000983,0.004521
0,0.095669,0.511016,0.173602,0.244832,0.178978,0.217021,0.00167,0.002833
0,0.143774,0.458902,0.024603,-0.065907,0.002151,-0.051673,0.002509,0.003742
0,0.355838,0.314511,0.190645,-0.160452,0.210668,-0.114438,0.005541,0.005489
0,0.261046,0.473814,-0.069197,0.132686,-0.04646,0.121415,0.004556,0.003482
0,0.27597,0.162871,0.005163,-0.290855,-0.029098,-0.306499,0.004817,0.002843
0,0.233045,0.198095,-0.062602,0.019446,-0.01878,-0.001497,0.004067,0.003457
0,0.175049,0.094108,-0.078986,-0.130651,-0.065247,-0.094141,0.003055,0.001642
0,0.27216,0.129646,0.081462,0.033189,0.059775,0.005056,0.00475,0.002263
0,0.121731,0.120718,-0.120429,0.008974,-0.085308,0.020917,0.002125,0.002107
0,0.27456,0.186469,0.157383,0.039707,0.20494,0.031488,0.004792,0.003254
0,0.132788,0.282633,-0.119363,0.123606,-0.096185,0.092034,0.002318,0.004933
0,0.078496,0.142243,-0.056175,-0.119382,-0.012127,-0.143992,0.00137,0.002483
0,0.103632,0.133946,0.032845,5.2e-05,0.052228,-0.014173,0.001809,0.002338
0,0.23555,0.228265,0.110887,0.068933,0.153784,0.073844,0.004111,0.003984
0,0.224061,0.153362,-0.032344,-0.081719,-0.074237,-0.043365,0.003911,0.002677
0,0.266186,0.250822,0.052853,0.121825,0.089617,0.16372,0.004646,0.004378
0,0.369806,0.06102,0.126704,-0.190367,0.12264,-0.219406,0.005297,0.001065
0,0.131718,0.200034,-0.258436,0.118473,-0.236358,0.076943,0.002299,0.003491
0,0.194888,0.275841,0.048105,0.066775,0.021658,0.105999,0.003401,0.004814
0,0.035237,0.240185,-0.178087,-0.015882,-0.149159,0.024842,0.000615,0.004192
0,0.106625,0.136072,0.071064,-0.092098,0.027489,-0.078648,0.001861,0.002375
0,0.113571,0.286083,0.029355,0.124522,0.06875,0.109934,0.001982,0.004993
0,0.009816,0.221946,-0.100151,-0.053493,-0.127643,-0.074409,0.000171,0.003874
0,0.090333,0.264193,0.101822,0.063231,0.148622,0.031874,0.001577,0.004611
0,0.134345,0.255724,0.054295,-0.027997,0.061563,-0.02258,0.002345,0.004463
0,0.089153,0.092834,-0.055591,-0.183914,-0.014042,-0.195423,0.001556,0.00162
0,0.218303,0.337216,0.100844,0.268788,0.087569,0.307684,0.00381,0.005866
0,0.032224,0.175865,-0.209801,-0.185987,-0.24323,-0.145034,0.000562,0.003069
0,-0.033605,0.281468,-0.072109,0.089228,-0.094586,0.066526,0.000587,0.004913
0,-0.044864,0.288694,-0.035747,-0.015779,-0.082159,-0.023571,0.000783,0.005039
0,-0.114679,-0.129358,-0.075582,-0.43566,-0.110865,-0.415636,0.002002,0.002258
0,-0.220037,-0.50156,-0.131033,-0.39185,-0.163573,-0.366237,0.00384,0.002998
0,-0.069298,-0.66778,0.151327,-0.148768,0.177882,-0.106724,0.001209,9.7e-05
0,-0.064206,-0.487262,0.004878,0.178455,-0.035939,0.130429,0.001121,0.003247
0,-0.148905,-0.717318,-0.099747,-0.244564,-0.064732,-0.289006,0.002599,0.000768
0,-0.21258,-0.605232,-0.065656,0.088448,-0.049514,0.092403,0.00371,0.001188
0,-0.390721,-0.574849,-0.152443,0.056695,-0.115002,0.086762,0.004932,0.001719
0,-0.364943,-0.114963,0.010527,0.43348,0.024762,0.38527,0.005382,0.002006
0,-0.14346,-0.148704,0.232827,-0.022304,0.272833,-0.025466,0.002504,0.002595
0,-0.085319,-0.144328,0.039992,0.032303,0.029369,0.027398,0.001489,0.002519
0,0.096119,-0.158341,0.161564,-0.008283,0.183479,0.032321,0.001678,0.002764
0,-0.131207,-0.041261,-0.229586,0.112586,-0.196349,0.070627,0.00229,0.00072
0,-0.088252,-0.088055,0.049124,-0.03438,0.001849,-0.035012,0.00154,0.001537
0,-0.054594,0.13537,0.062196,0.244397,0.053211,0.240515,0.000953,0.002363
0,0.082729,0.037037,0.132696,-0.12692,0.147932,-0.087852,0.001444,0.000646
0,-0.013684,-0.117422,-0.104528,-0.168439,-0.09744,-0.171832,0.000239,0.002049
0,0.102723,0.139408,0.114147,0.270563,0.076525,0.239735,0.001793,0.002433
0,0.131414,-0.077404,0.003654,-0.224353,0.051662,-0.252027,0.002294,0.001351
0,-0.047811,0.012074,-0.1699,0.070918,-0.217117,0.111252,0.000834,0.000211
0,0.04678,0.10251,0.067741,0.070392,0.102294,0.023089,0.000816,0.001789
0,0.074661,-0.086974,0.015038,-0.161298,0.05612,-0.133546,0.001303,0.001518
0,-0.052988,-0.041153,-0.140105,0.039228,-0.163599,0.089148,0.000925,0.000718
0,-0.175356,0.017093,-0.139065,0.03731,-0.144566,0.009809,0.003061,0.000298
0,-0.117073,0.047048,0.059411,0.007259,0.053437,-0.006354,0.002043,0.000821
0,0.049908,-0.104439,0.168799,-0.139831,0.200983,-0.127988,0.000871,0.001823
0,0.003479,0.156365,-0.053754,0.255792,-0.059275,0.251911,6.1e-05,0.002729
0,0.049822,-0.1238,0.02232,-0.299268,0.006059,-0.327027,0.00087,0.002161
0,-0.040776,-0.035503,-0.094389,0.092712,-0.113831,0.062888,0.000712,0.00062
0,-0.041469,0.015856,0.003018,0.051555,-0.036216,0.031978,0.000724,0.000277
0,-0.173622,0.131018,-0.137617,0.137909,-0.120826,0.155304,0.00303,0.002287
0,-0.019319,0.047083,0.144056,-0.093196,0.142102,-0.052298,0.000337,0.000822
0,0.013086,0.119681,0.023482,0.08189,-0.006104,0.080907,0.000228,0.002089
0,-0.085243,-0.162454,-0.113267,-0.30534,-0.155737,-0.284672,0.001488,0.002835
0,0.10787,-0.102842,0.192555,0.040543,0.224263,-0.001631,0.001883,0.001795
0,0.075156,-0.114141,-0.052455,-0.038231,-0.090747,-0.038183,0.001312,0.001992
0,-0.125599,0.002779,-0.189743,0.119514,-0.194904,0.103657,0.002192,4.8e-05
0,0.128571,0.095831,0.256144,0.075931,0.289465,0.085573,0.002244,0.001673
0,0.069299,0.045239,-0.049583,-0.061739,-0.090728,-0.064981,0.00121,0.00079
0,-0.004779,-0.136546,-0.078808,-0.17954,-0.044844,-0.174704,8.3e-05,0.002383
0,0.083265,0.087906,0.093258,0.196721,0.0611,0.181259,0.001453,0.001534
0,0.061164,0.069527,-0.006727,-0.021969,-0.008463,0.011532,0.001068,0.001213
0,-0.070309,0.005198,-0.10765,-0.045354,-0.126639,-0.058988,0.001227,9.1e-05
0,0.043857,0.033933,0.118199,0.013151,0.154156,0.000703,0.000765,0.000592
0,-0.093145,-0.110762,-0.129746,-0.174517,-0.15492,-0.222958,0.001626,0.001933
0,-0.075891,-0.185183,0.007909,-0.076266,-0.038697,-0.050013,0.001325,0.003232
0,-0.000374,0.017013,0.098975,0.215014,0.057539,0.193342,7e-06,0.000297
0,0.034432,0.038016,0.00532,0.007113,0.046759,-0.013599,0.000601,0.000664
0,0.135442,0.034108,0.130447,0.022932,0.166542,0.034262,0.002364,0.000595
0,0.009562,-0.011233,-0.110414,-0.051596,-0.137473,-0.033269,0.000167,0.000196
0,-0.00896,-0.019391,-0.044869,0.008945,-0.092109,0.036179,0.000156,0.000338
0,-0.012418,0.150269,-0.031673,0.196567,-0.068482,0.191886,0.000217,0.002623
0,0.218908,0.070767,0.231628,-0.064396,0.254608,-0.016023,0.003821,0.001235
0,0.03883,0.119546,-0.185067,0.060496,-0.139381,0.030015,0.000678,0.002086
0,0.052914,-0.067803,0.04203,-0.199794,-0.00579,-0.152692,0.000924,0.001183
0,0.866547,-1.4123,0.832038,-1.348262,0.815569,-1.375841,0.003372,0.001146
0,3.095454,-2.105072,2.25393,-0.683642,2.221807,-0.732183,0.004733,0.001485
0,4.01664,-2.743376,0.94296,-0.652288,0.959417,-0.695037,0.000407,0.000874
0,5.333365,-2.208763,1.339964,0.554922,1.335427,0.57949,0.000929,0.003295
0,4.817512,-2.322044,-0.540716,-0.141422,-0.588527,-0.10499,0.00182,0.005272
0,3.670814,-1.965544,-1.174142,0.381042,-1.153425,0.414945,0.005309,0.00095
0,2.758655,-1.488158,-0.883757,0.492049,-0.928701,0.496439,0.001141,0.00247
0,2.097615,-0.944975,-0.637413,0.522212,-0.635449,0.533789,0.001355,0.004741
0,1.65749,-0.558917,-0.411904,0.372166,-0.442591,0.370666,0.005425,0.001997
0,1.324554,-0.45839,-0.335404,0.09529,-0.286478,0.14489,0.000386,0.003751
0,0.407899,-0.202444,-0.922836,0.241454,-0.942346,0.256347,0.004633,0.003533
0,0.158782,-0.09779,-0.262929,0.10214,-0.275134,0.081509,0.002771,0.001707
0,-0.172946,0.151176,-0.355745,0.244576,-0.340841,0.290095,0.003018,0.002639
0,-0.172657,0.059601,-0.000132,-0.102382,0.01148,-0.073099,0.003013,0.00104
0,-0.54262,0.101657,-0.388357,0.042811,-0.357063,0.044971,0.002281,0.001774
0,-0.355764,0.21386,0.181685,0.11727,0.196514,0.165878,0.005542,0.003733
0,-0.480553,0.329694,-0.119873,0.121681,-0.090859,0.144993,0.003364,0.005754
0,-0.219156,0.293872,0.262911,-0.006828,0.230259,0.034441,0.003825,0.005129
0,-0.032422,0.280951,0.167287,0.013382,0.132927,0.01257,0.000566,0.004904
0,-0.142924,0.061275,-0.093057,-0.222148,-0.051674,-0.263176,0.002494,0.001069
0,-0.10424,0.20504,0.06143,0.158026,0.096949,0.203338,0.001819,0.003579
0,0.008308,0.313128,0.140855,0.131159,0.130038,0.085782,0.000145,0.005465
0,-0.062386,0.072365,-0.082939,-0.267435,-0.094279,-0.27446,0.001089,0.001263
0,0.022257,0.354884,0.06589,0.308235,0.032514,0.277807,0.000388,0.005558
0,-0.104278,0.053035,-0.137848,-0.300652,-0.132255,-0.342056,0.00182,0.000926
0,-0.123462,0.169109,-0.033825,0.127179,-0.063553,0.102055,0.002155,0.002952
0,-0.014446,0.017109,0.101157,-0.173606,0.088255,-0.175051,0.000252,0.000299
0,-0.156561,0.068538,-0.138054,0.049592,-0.090544,0.019896,0.002733,0.001196
0,-0.044703,0.139529,0.101735,0.078077,0.114746,0.099772,0.00078,0.002435
0,0.061095,0.020053,0.089982,-0.098051,0.05046,-0.060218,0.001066,0.00035
0,-0.039872,0.031775,-0.074934,0.037979,-0.031512,0.041483,0.000696,0.000555
0,-0.113554,0.043622,-0.0893,0.007878,-0.110565,0.016452,0.001982,0.000761
0,0.054244,0.118802,0.171466,0.080282,0.206839,0.036845,0.000947,0.002073
0,-0.016355,0.146964,-0.053793,0.005633,-0.045719,-0.039228,0.000285,0.002565
0,-0.196707,-0.110015,-0.16585,-0.275037,-0.189915,-0.272683,0.003433,0.00192
0,-0.034419,0.111261,0.173867,0.243204,0.207396,0.252488,0.000601,0.001942
0,-0.117241,-0.071067,-0.089158,-0.179594,-0.130015,-0.204652,0.002046,0.00124
0,-0.177105,-0.100662,-0.087118,-0.003511,-0.131072,-0.033832,0.003091,0.001757
0,-0.226351,0.032794,-0.079074,0.144463,-0.084619,0.181431,0.003951,0.000572
0,-0.204183,0.04948,-0.006772,0.011231,-0.039502,0.029021,0.003564,0.000864
0,-0.086575,0.077619,0.111669,0.006219,0.069257,0.049851,0.001511,0.001355
0,-0.096277,0.132031,-0.03465,0.068892,-0.032095,0.116209,0.00168,0.002304
0,-0.023249,-0.095896,0.0924,-0.240656,0.117723,-0.231205,0.000406,0.001674
0,-0.224259,-0.075054,-0.22148,0.014678,-0.267753,-0.007156,0.003914,0.00131
0,-0.056411,-0.074907,0.183385,0.015956,0.138213,-0.000933,0.000985,0.001307
0,-0.219008,0.176636,-0.151528,0.221982,-0.144503,0.200197,0.003822,0.003083
0,-0.151211,0.021205,0.070146,-0.17916,0.040337,-0.13537,0.002639,0.00037
0,-0.162119,-0.117054,-0.015181,-0.139852,0.025758,-0.164384,0.00283,0.002043
0,-0.059778,-0.006676,0.094673,0.087662,0.06024,0.051514,0.001043,0.000117
0,-0.012225,0.023737,0.048259,0.04241,0.004505,0.050596,0.000213,0.000414
0,0.095283,-0.140876,0.117589,-0.177862,0.077942,-0.19949,0.001663,0.002459
0,0.049508,-0.122751,-0.050329,0.045993,-0.038034,0.026304,0.000864,0.002142
0,-0.151397,-0.07554,-0.219368,0.01956,-0.205731,0.028211,0.002642,0.001318
0,0.01422,-0.126444,0.174739,-0.041905,0.205626,-0.021205,0.000248,0.002207
0,-0.055562,-0.003793,-0.089781,0.122902,-0.067933,0.112668,0.00097,6.6e-05
0,0.034298,-0.104252,0.112412,-0.112306,0.131435,-0.065209,0.000599,0.00182
0,0.03005,0.087787,-0.016384,0.163009,-0.034723,0.132961,0.000524,0.001532
0,-0.039628,0.054795,-0.08606,-0.026273,-0.118409,-0.000216,0.000692,0.000956
0,-0.189855,0.100098,-0.174517,0.044019,-0.224425,0.00887,0.003314,0.001747
0,0.019197,-0.108276,0.227923,-0.191777,0.230152,-0.217973,0.000335,0.00189
0,-0.077419,0.074156,-0.076405,0.156714,-0.111269,0.11855,0.001351,0.001294
0,-0.146151,0.083758,-0.054021,0.010524,-0.084507,0.038658,0.002551,0.001462
0,-0.108595,0.116468,0.011216,0.012416,0.001296,0.012077,0.001895,0.002033
0,-0.064126,-0.08891,0.027019,-0.232934,0.041135,-0.247882,0.001119,0.001552
0,-0.038612,-0.10578,0.015035,-0.02482,0.034344,-0.021274,0.000674,0.001846
0,0.02344,0.064803,0.049722,0.193756,0.063981,0.188066,0.000409,0.001131
0,-0.059956,-0.090214,-0.05626,-0.175467,-0.074294,-0.212638,0.001046,0.001575
0,-0.160581,-0.038243,-0.114898,0.032078,-0.073143,0.052234,0.002803,0.000667
0,0.037061,0.10992,0.197819,0.148132,0.15887,0.161276,0.000647,0.001918
0,-0.037408,0.098275,-0.047292,0.004362,-0.093242,0.012053,0.000653,0.001715
0,0.05073,0.122862,0.070526,-0.000611,0.085041,0.013017,0.000885,0.002144
0,0.089834,0.143644,0.037046,-0.001065,0.046474,-0.023894,0.001568,0.002507
0,0.094047,0.013738,0.029705,-0.125472,0.02226,-0.126136,0.001641,0.00024
0,-0.152312,0.059283,-0.256648,0.029679,-0.227468,0.075911,0.002658,0.001035
0,-0.075704,-0.098,0.069437,-0.160734,0.102561,-0.203705,0.001321,0.00171
0,-0.019081,0.018849,0.079965,0.093986,0.085591,0.112301,0.000333,0.000329
0,0.025901,-0.068391,0.031435,-0.11282,-0.014889,-0.149217,0.000452,0.001194
0,-0.110951,0.014132,-0.153885,0.056101,-0.103887,0.089499,0.001936,0.000247
0,0.075949,0.066409,0.186044,0.070879,0.205337,0.080653,0.001326,0.001159
0,-0.081743,0.086218,-0.158919,-0.008116,-0.205729,0.034511,0.001427,0.001505
0,-0.078792,-0.009504,-0.005721,-0.103373,-0.003253,-0.089799,0.001375,0.000166
0,0.07204,-0.048058,0.126181,-0.033243,0.113402,-0.068462,0.001257,0.000839
0,0.059046,0.052847,-0.003897,0.076685,-0.003953,0.037248,0.001031,0.000922
0,0.022569,-0.141772,-0.036207,-0.168607,-0.083936,-0.14412,0.000394,0.002474
0,-0.087855,-0.144028,-0.124143,0.01802,-0.077732,0.044506,0.001533,0.002514
0,-0.12326,0.161396,-0.032935,0.329093,-0.053185,0.37434,0.002151,0.002817
0,-0.015584,0.106425,0.107699,-0.041615,0.091132,-0.053686,0.000272,0.001857
0,-0.135335,-0.037285,-0.103717,-0.125627,-0.117161,-0.082918,0.002362,0.000651
0,-0.14599,-0.10012,-0.021161,-0.072644,-0.023583,-0.077083,0.002548,0.001747
0,-0.111688,-0.132783,0.020512,-0.019392,-0.008085,0.026551,0.001949,0.002318
0,-0.087085,-0.024669,0.053797,0.101886,0.090508,0.064155,0.00152,0.000431
0,0.023349,0.025866,0.124328,0.020835,0.1194,0.003529,0.000408,0.000451
0,-0.187399,-0.046486,-0.188027,-0.065494,-0.234476,-0.018542,0.003271,0.000811
0,-0.18564,0.053416,-0.005645,0.081682,0.03452,0.044708,0.00324,0.000932
0,0.018456,-0.081317,0.218524,-0.132722,0.24187,-0.135739,0.000322,0.001419
0,0.005787,-0.153013,0.005574,-0.054725,0.012472,-0.052029,0.000101,0.002671
0,-0.024773,-0.181187,-0.054835,-0.030877,-0.07975,-0.072365,0.000432,0.003162
0,0.009448,-0.210074,0.036971,-0.026628,0.083949,-0.019506,0.000165,0.003666
0,-0.135083,-0.128643,-0.163461,0.092735,-0.125085,0.048245,0.002358,0.002245
0,-0.213687,0.0407,-0.062213,0.179974,-0.023156,0.160142,0.00373,0.00071
0,-0.069999,-0.024215,0.132178,-0.076608,0.103387,-0.090247,0.001222,0.000423
0,0.028142,0.091842,0.106386,0.110182,0.076643,0.122085,0.000491,0.001603
0,-0.12693,-0.019057,-0.151079,-0.129721,-0.156357,-0.170038,0.002215,0.000333
0,0.123037,0.05051,0.227566,0.093073,0.262261,0.095753,0.002147,0.000882
0,0.116335,0.104831,-0.028397,0.043957,-0.07759,0.04961,0.00203,0.00183
0,0.078126,0.040235,-0.038212,-0.088657,-0.027217,-0.136724,0.001364,0.000702
0,-0.117482,-0.041547,-0.1781,-0.096156,-0.207117,-0.051794,0.00205,0.000725
0,-0.147804,-0.141717,-0.03912,-0.085042,-0.006038,-0.059183,0.00258,0.002473
0,-0.002453,-0.102823,0.155231,0.033138,0.204907,0.027464,4.3e-05,0.001795
0,-0.07822,-0.043044,-0.069608,0.073053,-0.093159,0.051393,0.001365,0.000751
0,-0.132825,-0.055513,-0.040093,-0.020942,0.001463,0.003694,0.002318,0.000969
0,-0.2445,0.00953,-0.129945,0.039625,-0.132282,0.055867,0.004267,0.000166
0,0.008056,-0.065862,0.26101,-0.047987,0.28265,-0.037445,0.000141,0.00115
0,-0.065177,0.044469,-0.070301,0.085761,-0.062934,0.061702,0.001138,0.000776
0,-0.154249,0.087096,-0.070067,0.057109,-0.107634,0.050468,0.002692,0.00152
0,-0.096168,-0.036545,0.066379,-0.147954,0.097275,-0.146582,0.001678,0.000638
0,-0.100254,-0.12594,-0.032048,-0.079996,-0.070668,-0.10472,0.00175,0.002198
0,0.004197,-0.162017,0.093386,-0.039938,0.135861,-0.083978,7.3e-05,0.002828
0,-0.131125,0.10642,-0.136477,0.291566,-0.10009,0.250283,0.002289,0.001857
0,0.11889,-0.131936,0.269473,-0.257681,0.230269,-0.220782,0.002075,0.002303
0,0.119585,-0.081304,0.021379,0.06862,0.016556,0.057689,0.002087,0.001419
0,0.093913,-0.048357,-0.032155,0.006941,0.012506,-0.008091,0.001639,0.000844
0,0.015608,0.045451,-0.083501,0.113632,-0.075421,0.121676,0.000272,0.000793
0,0.090018,0.072397,0.05789,0.05644,0.017913,0.024506,0.001571,0.001264
0,0.044865,0.025445,-0.056238,-0.06469,-0.082378,-0.050657,0.000783,0.000444
0,-0.04231,0.088086,-0.08368,0.065959,-0.107781,0.052038,0.000738,0.001537
0,0.164222,-0.037073,0.22683,-0.134112,0.238288,-0.137704,0.002866,0.000647
0,0.066922,-0.037339,-0.110068,-0.025059,-0.091795,0.01659,0.001168,0.000652
0,0.142715,-0.078526,0.103138,-0.043091,0.063859,-0.009282,0.002491,0.001371
0,0.12302,-0.046334,-0.034706,0.005934,-0.079071,-0.037993,0.002147,0.000809
0,-0.00873,-0.091687,-0.123627,-0.073773,-0.143686,-0.095765,0.000152,0.0016
0,0.182856,-0.097395,0.190102,-0.021999,0.154382,-0.069342,0.003191,0.0017
0,0.067771,0.050518,-0.104761,0.140406,-0.106757,0.118405,0.001183,0.000882
0,-0.053914,0.045906,-0.149205,0.002271,-0.175402,-0.023865,0.000941,0.000801
0,0.126845,-0.01073,0.1968,-0.03384,0.155224,-0.015933,0.002214,0.000187
0,0.174634,0.122819,0.043683,0.160721,0.068125,0.160905,0.003048,0.002144
0,0.10507,0.00884,-0.061953,-0.085089,-0.104814,-0.107394,0.001834,0.000154
0,-0.091753,-0.073213,-0.197719,-0.059036,-0.176131,-0.085423,0.001601,0.001278
0,-0.067204,0.048977,0.041231,0.137526,0.057978,0.124268,0.001173,0.000855
0,-0.068806,-0.027565,-0.031411,-0.090571,0.003446,-0.053638,0.001201,0.000481
0,0.1468,0.19826,0.240674,0.236006,0.231736,0.199826,0.002562,0.00346
0,0.007339,-0.05913,-0.124692,-0.261637,-0.079782,-0.242971,0.000128,0.001032
0,0.124871,-0.020335,0.124261,0.050671,0.10013,0.023305,0.002179,0.000355
0,0.124298,0.074966,0.013348,0.11892,-0.003833,0.116839,0.002169,0.001308
0,0.098354,0.174983,-0.006553,0.087998,0.020914,0.053412,0.001717,0.003054
0,0.04573,0.10206,-0.057028,-0.090151,-0.023728,-0.047795,0.000798,0.001781
0,0.215552,0.038628,0.198662,-0.060783,0.193901,-0.043517,0.003762,0.000674
0,0.104061,0.103545,-0.14134,0.059795,-0.167509,0.035481,0.001816,0.001807
0,0.031704,0.03342,-0.091495,-0.073386,-0.095069,-0.071776,0.000553,0.000583
0,0.017245,-0.041344,0.009926,-0.076726,-0.032313,-0.09119,0.000301,0.000722
0,0.073783,0.143286,0.080076,0.187055,0.114252,0.188931,0.001288,0.002501
0,0.036122,-0.064937,-0.025496,-0.205737,0.004741,-0.240813,0.00063,0.001133
0,0.268854,-0.124527,0.219973,-0.073945,0.244347,-0.117079,0.004692,0.002173
0,0.19553,0.02964,-0.068718,0.183089,-0.056526,0.148634,0.003413,0.000517
0,0.045939,0.129911,-0.127958,0.119776,-0.081287,0.069852,0.000802,0.002267
0,0.111003,-0.035421,0.072616,-0.17071,0.049831,-0.132824,0.001937,0.000618
0,0.160433,-0.024687,0.024343,0.021423,0.021445,0.017655,0.0028,0.000431
0,0.139145,-0.130176,-0.037551,-0.11831,-0.007065,-0.087879,0.002429,0.002272
0,-0.020569,0.003518,-0.1382,0.161692,-0.169967,0.176453,0.000359,6.1e-05
0,0.09399,-0.128381,0.134775,-0.157204,0.149418,-0.13079,0.00164,0.002241
0,0.154823,0.058697,0.077862,0.171413,0.120844,0.145843,0.002702,0.001024
0,0.181767,-0.076617,0.034951,-0.136411,0.047635,-0.11481,0.003172,0.001337
0,0.213237,0.044619,0.031858,0.129068,0.074967,0.114027,0.003722,0.000779
0,-0.04069,-0.103179,-0.240362,-0.160999,-0.24261,-0.152962,0.00071,0.001801
0,0.148416,-0.139483,0.171816,-0.017539,0.204266,-0.01611,0.00259,0.002434
0,0.005762,-0.054341,-0.116448,0.090486,-0.087514,0.116816,0.000101,0.000948
0,0.191379,-0.126331,0.209351,-0.097822,0.186643,-0.078265,0.00334,0.002205
0,0.082428,0.024765,-0.11684,0.159263,-0.147591,0.20766,0.001439,0.000432
0,0.168557,0.10095,0.104908,0.094298,0.082734,0.062562,0.002942,0.001762
0,-0.043377,-0.051207,-0.189279,-0.144115,-0.152936,-0.130031,0.000757,0.000894
0,0.011412,0.10905,0.082469,0.132703,0.061836,0.08422,0.000199,0.001903
0,-0.173108,0.004999,-0.172237,-0.097757,-0.172519,-0.052765,0.003021,8.7e-05
0,-0.140681,0.092872,0.037845,0.097273,0.01077,0.136305,0.002455,0.001621
0,0.064766,0.09678,0.214724,-0.023538,0.175759,0.012138,0.00113,0.001689
0,-0.138401,0.04337,-0.179596,-0.06196,-0.156624,-0.069403,0.002416,0.000757
0,-0.191563,0.053987,-0.046967,0.01508,-0.044479,-0.008415,0.003343,0.000942
0,-0.154901,0.053082,0.0393,0.001149,0.028866,-0.007103,0.002704,0.000926
0,-0.123643,0.035018,0.004845,-0.003829,-0.010995,0.015109,0.002158,0.000611
0,-0.028451,-0.10553,0.103073,-0.127477,0.053291,-0.106418,0.000497,0.001842
0,-0.068978,-0.108998,-0.048777,0.015674,-0.093792,-0.027641,0.001204,0.001902
0,-0.174548,-0.018394,-0.131358,0.115191,-0.135994,0.083304,0.003046,0.000321
0,-0.118329,0.132757,0.072922,0.121932,0.051733,0.07425,0.002065,0.002317
0,-0.013601,-0.124408,0.11002,-0.28313,0.087986,-0.313344,0.000237,0.002171
0,-0.266722,0.113715,-0.250702,0.241018,-0.288061,0.220358,0.004655,0.001985
0,-0.244643,-0.080002,0.042306,-0.183399,0.062938,-0.139106,0.00427,0.001396
0,-0.070592,0.158454,0.196968,0.232659,0.244847,0.217213,0.001232,0.002766
0,-0.106845,-0.081242,-0.022311,-0.220127,-0.054809,-0.209443,0.001865,0.001418
0,-0.035331,0.072042,0.057374,0.182292,0.021949,0.165858,0.000617,0.001257
0,-0.277472,-0.016971,-0.243069,-0.117481,-0.265231,-0.10046,0.004843,0.000296
0,-0.090413,-0.073897,0.18622,-0.052293,0.15496,-0.045667,0.001578,0.00129
0,-0.257434,0.056566,-0.166322,0.102441,-0.170021,0.141309,0.004493,0.000987
0,-0.253882,0.186899,-0.007451,0.131805,0.029463,0.105468,0.004431,0.003262
0,-0.252068,0.077499,-0.026818,-0.1332,-0.019589,-0.180725,0.004399,0.001353
0,-0.237137,0.161886,-0.00702,0.058151,-0.054414,0.078261,0.004139,0.002825
0,0.012813,0.092669,0.278287,-0.04192,0.292494,-0.082483,0.000224,0.001617
0,-0.176438,0.070878,-0.182032,-0.044254,-0.167691,-0.043823,0.003079,0.001237
0,-0.192923,-0.079533,-0.01883,-0.15044,-0.024566,-0.170702,0.003367,0.001388
0,-0.118802,-0.049878,0.061922,0.040906,0.111684,0.013984,0.002073,0.000871
0,-0.230316,0.045626,-0.127406,0.105769,-0.09847,0.145168,0.00402,0.000796
0,-0.117292,-0.032891,0.112202,-0.077871,0.156265,-0.094956,0.002047,0.000574
0,-0.074054,-0.018886,0.063512,0.010613,0.100903,0.002911,0.001292,0.00033
0,-0.13074,0.040081,-0.043775,0.086688,-0.001628,0.036978,0.002282,0.0007
0,-0.269276,-0.127329,-0.153077,-0.161866,-0.165352,-0.165418,0.0047,0.002222
0,-0.251342,0.107993,0.040301,0.226163,0.049786,0.204528,0.004387,0.001885
0,-0.038165,-0.135511,0.237579,-0.270732,0.192852,-0.221261,0.000666,0.002365
0,-0.322831,0.025067,-0.265955,0.146572,-0.288034,0.13185,0.005634,0.000438
0,-0.066606,0.047181,0.274947,0.020833,0.247792,0.059197,0.001162,0.000823
0,-0.214364,0.062686,-0.134366,-0.004955,-0.11847,0.006759,0.003741,0.001094
0,-0.097877,0.019054,0.107136,-0.030811,0.063091,-0.065589,0.001708,0.000333
0,-0.104037,-0.027843,-0.027095,-0.041401,-0.037692,-0.013443,0.001816,0.000486
0,-0.153045,0.160201,-0.04362,0.167986,-0.037285,0.156983,0.002671,0.002796
0,-0.201807,0.007017,-0.02449,-0.149998,-0.028875,-0.12926,0.003522,0.000122
0,-0.165736,0.019836,0.059937,0.042604,0.104271,0.086204,0.002893,0.000346
0,-0.185788,-0.007892,-0.042138,-0.034169,-0.03264,-0.018044,0.003243,0.000138
0,-0.084635,0.046108,0.07842,0.02529,0.108822,0.000497,0.001477,0.000805
0,-0.18028,-0.032277,-0.10918,-0.061565,-0.060155,-0.057333,0.003146,0.000563
0,-0.202031,0.135839,-0.032021,0.14286,-0.054821,0.188881,0.003526,0.002371
0,-0.113333,-0.08597,0.10899,-0.207511,0.132258,-0.211657,0.001978,0.0015
0,-0.066897,0.19709,0.045858,0.305231,0.055086,0.332319,0.001168,0.00344
0,-0.0173,-0.037836,0.052027,-0.223861,0.025451,-0.173936,0.000302,0.00066
0,-0.028606,0.112446,-0.007706,0.164607,-0.006657,0.210133,0.000499,0.001963
0,0.100306,0.025635,0.13555,-0.085701,0.151832,-0.060221,0.001751,0.000447
0,-0.168587,-0.013762,-0.253877,-0.015203,-0.220939,-0.027928,0.002942,0.00024
0,-0.029447,0.134272,0.120397,0.123395,0.154787,0.094365,0.000514,0.002343
0,0.123573,0.099725,0.140007,-0.015327,0.171335,-0.047469,0.002157,0.001741
0,0.098005,-0.081911,-0.020194,-0.1648,-0.013941,-0.171372,0.001711,0.00143
0,-0.092783,0.074207,-0.208266,0.159641,-0.167209,0.159581,0.001619,0.001295
0,-0.007437,-0.026863,0.068066,-0.0963,0.095756,-0.087213,0.00013,0.000469
0,0.026418,-0.058782,0.044711,-0.034105,0.028796,-0.048272,0.000461,0.001026
0,-0.183108,0.150701,-0.226164,0.203583,-0.187497,0.212057,0.003196,0.00263
0,-0.057605,0.163212,0.135651,0.005562,0.142412,0.004047,0.001005,0.002849
0,-0.123309,0.124817,-0.076751,-0.026951,-0.098575,-0.024469,0.002152,0.002178
0,0.002734,-0.058363,0.138866,-0.212545,0.188365,-0.259602,4.8e-05,0.001019
0,-0.127664,-0.130816,-0.139026,-0.049697,-0.130222,-0.056702,0.002228,0.002283
0,-0.224983,0.031857,-0.089674,0.177502,-0.111699,0.223797,0.003927,0.000556
0,-0.0116,0.079126,0.200708,0.060973,0.199517,0.057698,0.000202,0.001381
0,-0.024636,-0.035476,-0.007347,-0.096859,0.004801,-0.072109,0.00043,0.000619
0,-0.205388,-0.092321,-0.176028,-0.075251,-0.133352,-0.080043,0.003585,0.001611
0,-0.231251,0.020594,-0.026034,0.099557,-0.057702,0.068201,0.004036,0.000359
0,-0.219841,0.069247,0.012034,0.020095,-0.001292,0.06709,0.003837,0.001209
0,-0.147864,-0.122497,0.076627,-0.20854,0.077416,-0.163031,0.002581,0.002138
0,-0.190898,-0.008759,-0.037252,0.101229,-0.02357,0.112575,0.003332,0.000153
0,-0.17324,-0.138776,0.030094,-0.139327,0.037009,-0.167515,0.003024,0.002422
0,0.069147,0.069015,0.25637,0.210875,0.304709,0.175027,0.001207,0.001205
0,-0.107521,-0.142459,-0.149332,-0.184656,-0.143076,-0.223366,0.001877,0.002486
0,-0.084391,0.085027,0.01537,0.23188,-0.001762,0.254222,0.001473,0.001484
0,-0.20512,0.023222,-0.149746,-0.052189,-0.154542,-0.064585,0.00358,0.000405
0,-0.138765,0.034324,0.04394,-0.006428,0.044539,-0.022845,0.002422,0.000599
0,-0.022351,-0.17334,0.091166,-0.204035,0.077785,-0.156452,0.00039,0.003025
0,-0.164868,0.117808,-0.157088,0.280695,-0.18507,0.28805,0.002877,0.002056
0,-0.155253,0.08886,0.006514,-0.002483,-0.014179,0.02301,0.00271,0.001551
0,-0.172321,0.048384,-0.026095,-0.061208,-0.037396,-0.050146,0.003008,0.000844
0,-0.110073,-0.038044,0.088423,-0.081726,0.130411,-0.129081,0.001921,0.000664
0,-0.001758,0.083529,0.131372,0.118031,0.169003,0.089537,3.1e-05,0.001458
0,-0.210397,-0.131597,-0.183349,-0.230991,-0.179956,-0.230489,0.003672,0.002297
0,-0.100972,0.085081,0.105132,0.213894,0.076705,0.233181,0.001762,0.001485
0,-0.013359,-0.047147,0.058927,-0.139878,0.09706,-0.150366,0.000233,0.000823
0,-0.118188,0.048847,-0.089784,0.102352,-0.113155,0.142717,0.002063,0.000853
0,-0.035631,0.068814,0.088254,0.045018,0.086887,-0.002121,0.000622,0.001201
0,-0.052706,-0.09569,0.005803,-0.182956,-0.012001,-0.202634,0.00092,0.00167
0,-0.257698,-0.137674,-0.212648,-0.018824,-0.190316,-0.016788,0.004498,0.002403
0,-0.140565,0.05115,0.118631,0.180798,0.100465,0.210602,0.002453,0.000893
0,-0.073142,0.130624,0.083444,0.055149,0.05503,0.031189,0.001277,0.00228
0,-0.078692,0.036671,0.012614,-0.091773,0.039008,-0.132594,0.001373,0.00064
0,-0.079122,-0.026234,0.003302,-0.056674,-0.04015,-0.020344,0.001381,0.000458
0,-0.232671,-0.086761,-0.175994,-0.085111,-0.194016,-0.129482,0.004061,0.001514
0,-0.007446,0.069062,0.225484,0.13085,0.178607,0.088986,0.00013,0.001205
0,-0.125983,-0.094487,-0.133119,-0.170228,-0.17794,-0.209167,0.002199,0.001649
0,-0.092563,0.10033,0.038428,0.183641,0.011079,0.231429,0.001616,0.001751
0,-0.02057,-0.050302,0.063941,-0.1658,0.027034,-0.205352,0.000359,0.000878
0,-0.273229,-0.084935,-0.274938,-0.054266,-0.234553,-0.095177,0.004769,0.001482
0,-0.106752,-0.107892,0.138483,-0.001822,0.163668,-0.008109,0.001863,0.001883
0,-0.036845,0.089527,0.048692,0.221255,0.034124,0.222421,0.000643,0.001563
0,-0.130974,0.037082,-0.122609,-0.079817,-0.152956,-0.064137,0.002286,0.000647
0,-0.188634,-0.110997,-0.083859,-0.167086,-0.094027,-0.122033,0.003292,0.001937
0,-0.031121,0.105058,0.145635,0.206216,0.174963,0.194722,0.000543,0.001834
0,-0.179366,0.102767,-0.131239,0.013295,-0.117821,0.003436,0.003131,0.001794
0,-0.091189,0.046861,0.113446,-0.041646,0.148616,-0.01205,0.001592,0.000818
0,-0.134649,0.047518,-0.069433,-0.023089,-0.069218,-0.046596,0.00235,0.000829
0,-0.172772,0.084543,-0.053328,0.022124,-0.057838,0.058561,0.003015,0.001476
0,-0.180106,0.113908,-0.026088,0.00392,0.001016,0.034192,0.003143,0.001988
0,-0.037928,0.074156,0.144778,-0.017854,0.110462,-0.021366,0.000662,0.001294
0,-0.166453,0.079967,-0.133879,0.001486,-0.15454,0.033792,0.002905,0.001396
0,-0.173243,-0.076944,-0.01066,-0.16846,0.022087,-0.143253,0.003024,0.001343
0,-0.086188,-0.081247,0.078825,0.01205,0.061132,-0.022884,0.001504,0.001418
0,-0.14403,-0.018124,-0.046225,0.044049,-0.088367,0.023437,0.002514,0.000316
0,0.061051,0.079787,0.20314,0.082721,0.201913,0.115294,0.001066,0.001393
0,-0.080415,0.095694,-0.168147,-0.011474,-0.188329,0.014475,0.001404,0.00167
0,-0.095511,0.136141,-0.044974,0.049036,-0.037089,0.064574,0.001667,0.002376
0,-0.014844,0.064549,0.068917,-0.083593,0.084489,-0.066923,0.000259,0.001127
0,-0.225214,-0.025112,-0.188181,-0.08083,-0.223739,-0.050286,0.003931,0.000438
0,-0.193363,0.041561,0.029468,0.096646,-0.007151,0.053554,0.003375,0.000725
0,-0.329363,0.042369,-0.115646,-0.009474,-0.080746,0.022758,0.005748,0.000739
0,-0.154217,-0.059658,0.189403,-0.085123,0.223858,-0.114047,0.002692,0.001041
0,-0.271439,-0.022943,-0.136782,0.047647,-0.130965,0.00697,0.004737,0.0004
0,-0.147155,-0.050112,0.111338,-0.035339,0.14111,-0.048753,0.002568,0.000875
0,-0.286294,-0.175702,-0.12231,-0.097945,-0.092434,-0.058939,0.004997,0.003067
0,-0.185287,-0.04206,0.109045,0.117423,0.142911,0.087372,0.003234,0.000734
0,-0.166086,-0.126907,0.043397,-0.082506,0.033211,-0.049604,0.002899,0.002215
0,-0.1672,-0.176357,-0.013432,-0.071004,-0.062813,-0.040866,0.002918,0.003078
0,0.019879,-0.08378,0.173077,0.064013,0.160737,0.058863,0.000347,0.001462
0,-0.143083,0.074218,-0.160685,0.14464,-0.19855,0.187662,0.002497,0.001295
0,-0.136109,0.074983,0.01199,-0.019041,0.06086,-0.060072,0.002376,0.001309
0,-0.178654,-0.010719,-0.06522,-0.074845,-0.108934,-0.044546,0.003118,0.000187
0,-0.060043,-0.166054,0.132401,-0.176568,0.083196,-0.128374,0.001048,0.002898
0,0.000459,-0.10138,0.06668,0.069376,0.027196,0.045482,8e-06,0.001769
0,-0.019741,0.079872,-0.020648,0.19972,0.019208,0.20524,0.000345,0.001394
0,-0.010981,0.076977,0.018961,-0.009915,0.016581,-0.036831,0.000192,0.001343
0,-0.087503,0.069958,-0.061105,0.017204,-0.023597,0.056172,0.001527,0.001221
0,-0.041848,0.117496,0.027878,0.032771,0.007869,0.029745,0.00073,0.002051
0,-0.084907,0.016175,-0.027306,-0.107878,-0.007666,-0.104614,0.001482,0.000282
0,-0.303732,-0.024702,-0.222423,-0.06923,-0.22766,-0.095086,0.005301,0.000431
0,-0.143699,-0.082109,0.185136,-0.07516,0.189905,-0.09395,0.002508,0.001433
0,-0.03274,0.057611,0.084608,0.154226,0.050046,0.180089,0.000571,0.001006
0,-0.236451,-0.140222,-0.231093,-0.188739,-0.247052,-0.185538,0.004127,0.002447
0,-0.057739,0.069441,0.197946,0.228953,0.19848,0.266778,0.001008,0.001212
0,-0.007082,-0.129108,0.03903,-0.179363,0.008491,-0.189429,0.000124,0.002253
0,-0.129145,0.171026,-0.117966,0.292409,-0.154764,0.3407,0.002254,0.002985
0,-0.236128,0.135936,-0.093584,-0.019913,-0.083911,-0.035519,0.004121,0.002373
0,-0.155621,-0.014516,0.078305,-0.145665,0.059802,-0.135276,0.002716,0.000253
0,-0.145919,-0.072497,-0.01697,-0.077301,0.03101,-0.058117,0.002547,0.001265
0,-0.157465,0.102376,0.008696,0.165859,0.000463,0.191843,0.002748,0.001787
0,-0.279748,-0.060111,-0.133984,-0.148321,-0.158837,-0.197405,0.004883,0.001049
0,-0.155752,-0.037659,0.11604,0.004997,0.078591,0.050933,0.002718,0.000657
0,-0.247474,0.08602,-0.112013,0.115695,-0.075645,0.106344,0.004319,0.001501
0,-0.091675,0.073339,0.152956,0.004298,0.196839,-0.014266,0.0016,0.00128
0,-0.194718,-0.015874,-0.105879,-0.073997,-0.118796,-0.094211,0.003398,0.000277
0,-0.219977,0.037167,-0.03627,0.028657,-0.01122,0.033564,0.003839,0.000649
0,-0.082177,0.005793,0.146542,-0.044889,0.188579,-0.06491,0.001434,0.000101
0,-0.112764,0.070503,-0.048854,0.080731,-0.091977,0.06532,0.001968,0.001231
0,0.11742,0.13201,0.207733,0.039555,0.212709,0.043441,0.002049,0.002304
0,0.04462,0.123197,-0.085529,0.012952,-0.088952,0.021316,0.000779,0.00215
0,-0.085468,0.000539,-0.137412,-0.105489,-0.164453,-0.11574,0.001492,9e-06
0,-0.100795,-0.124192,0.011888,-0.150662,-0.020958,-0.17481,0.001759,0.002168
0,-0.147735,0.059179,-0.031592,0.166912,-0.062879,0.133806,0.002578,0.001033
0,0.086502,-0.079678,0.217784,-0.149665,0.187061,-0.146738,0.00151,0.001391
0,-0.035701,0.023332,-0.11872,0.083689,-0.156286,0.063944,0.000623,0.000407
0,-0.074315,-0.110043,-0.036947,-0.109225,-0.05833,-0.11406,0.001297,0.001921
0,0.019915,-0.04285,0.09859,0.09341,0.111163,0.087599,0.000348,0.000748
0,-0.087445,0.06603,-0.10473,0.122494,-0.138492,0.110197,0.001526,0.001152
0,0.0003,-0.058472,0.109961,-0.134434,0.081582,-0.157155,5e-06,0.001021
0,0.16692,0.075805,0.178787,0.156387,0.217706,0.124667,0.002913,0.001323
0,0.218933,0.104049,0.073446,0.004287,0.054238,0.035505,0.003821,0.001816
0,-0.040973,-0.060808,-0.277316,-0.155767,-0.296559,-0.201817,0.000715,0.001061
0,-0.089128,0.12918,-0.022475,0.186255,-0.056438,0.208577,0.001556,0.002255
0,-0.043327,0.080465,0.025291,-0.019917,0.046983,-0.058875,0.000756,0.001404
0,0.055059,-0.017115,0.105198,-0.108035,0.128357,-0.138266,0.000961,0.000299
0,-0.116003,0.061001,-0.147681,0.048509,-0.130282,0.017631,0.002025,0.001065
0,0.102221,-0.005507,0.224145,-0.071798,0.242575,-0.045691,0.001784,9.6e-05
0,-0.135392,0.058974,-0.244608,0.078105,-0.269876,0.080096,0.002363,0.001029
0,-0.112706,-0.052699,0.043915,-0.136421,0.053221,-0.121877,0.001967,0.00092
0,-0.012215,-0.042568,0.07158,0.017038,0.117864,0.041821,0.000213,0.000743
0,0.134816,0.044158,0.165679,0.072595,0.187263,0.022874,0.002353,0.000771
0,0.128634,-0.06263,-0.032244,-0.097481,-0.002228,-0.129851,0.002245,0.001093
0,0.208123,-0.01015,0.080349,0.073344,0.081982,0.075954,0.003632,0.000177
0,0.256395,0.004105,0.024061,0.012851,-0.019266,-0.023325,0.004475,7.2e-05
0,0.084962,-0.119816,-0.200795,-0.136289,-0.154814,-0.141208,0.001483,0.002091
0,0.118645,0.03768,0.062433,0.145106,0.062554,0.105466,0.002071,0.000658
0,0.018493,0.055403,-0.091983,-0.007293,-0.110605,-0.010353,0.000323,0.000967
0,-0.106993,-0.087002,-0.098915,-0.136871,-0.123304,-0.092013,0.001867,0.001518
0,-0.037699,0.126876,0.051113,0.206247,0.0208,0.195416,0.000658,0.002214
0,0.107447,-0.130479,0.153106,-0.236395,0.166947,-0.238871,0.001875,0.002277
0,-0.024298,0.130968,-0.126483,0.290552,-0.139268,0.315554,0.000424,0.002286
0,0.258816,0.082807,0.263069,-0.022055,0.277443,-0.050457,0.004517,0.001445
0,0.108892,0.032702,-0.152295,-0.075264,-0.125224,-0.048969,0.001901,0.000571
0,-0.007638,0.060887,-0.137785,0.006772,-0.100998,-0.030094,0.000133,0.001063
0,0.165549,-0.020993,0.150454,-0.054618,0.176873,-0.084162,0.002889,0.000366
0,0.103859,0.024101,-0.055664,0.035325,-0.082536,-0.007168,0.001813,0.000421
0,0.178234,-0.154496,0.079908,-0.191745,0.112493,-0.17073,0.003111,0.002696
0,0.157972,0.056334,-0.021921,0.213921,-0.015436,0.170021,0.002757,0.000983
0,0.016983,-0.121277,-0.139392,-0.187284,-0.183074,-0.198425,0.000296,0.002117
0,0.12662,-0.076505,0.098626,0.055713,0.061427,0.09064,0.00221,0.001335
0,-0.010393,0.033498,-0.128304,0.088785,-0.151772,0.051098,0.000181,0.000585
0,0.067459,-0.119935,0.053778,-0.126501,0.036737,-0.077484,0.001177,0.002093
0,0.136478,0.020008,0.077489,0.150771,0.100046,0.16011,0.002382,0.000349
0,0.035485,0.035651,-0.125921,0.003517,-0.125208,0.019798,0.000619,0.000622
0,0.066647,-0.052342,0.052305,-0.094683,0.042801,-0.080835,0.001163,0.000914
0,0.061069,0.035711,-0.014509,0.080676,2.6e-05,0.033142,0.001066,0.000623
0,0.20218,-0.059795,0.152467,-0.09625,0.104074,-0.08597,0.003529,0.001044
0,-0.032186,0.084364,-0.260477,0.1379,-0.223712,0.133874,0.000562,0.001472
0,-0.06038,-0.112743,-0.021368,-0.20284,0.021161,-0.219013,0.001054,0.001968
0,-0.007977,-0.006349,0.023449,0.119459,-0.018558,0.117177,0.000139,0.000111
0,0.019544,0.101005,0.013853,0.112249,-0.012794,0.15963,0.000341,0.001763
0,0.054754,-0.103249,0.037367,-0.22681,0.022879,-0.229201,0.000956,0.001802
0,0.089945,-0.100734,0.046283,-0.001162,0.003642,0.023636,0.00157,0.001758
0,-0.023003,0.035133,-0.095911,0.116629,-0.145504,0.130368,0.000401,0.000613
0,-0.03044,0.028794,-0.028395,-0.026222,0.007423,-0.04023,0.000531,0.000503
0,-0.084402,0.13268,-0.052915,0.112451,-0.008696,0.072415,0.001473,0.002316
0,0.171409,0.088138,0.22729,-0.071834,0.213418,-0.05786,0.002992,0.001538
0,0.039472,0.107314,-0.137097,0.039213,-0.145296,0.041292,0.000689,0.001873
0,-0.14667,0.120318,-0.198169,0.010258,-0.228541,-0.001425,0.00256,0.0021
0,0.047757,0.147736,0.214547,0.044131,0.188685,0.059035,0.000834,0.002578
0,-0.066404,0.143803,-0.105243,-0.009352,-0.076088,-0.01429,0.001159,0.00251
0,-0.150353,0.007894,-0.066436,-0.144252,-0.016704,-0.152592,0.002624,0.000138
0,-0.064457,-0.106673,0.094075,-0.096398,0.050193,-0.117295,0.001125,0.001862
0,-0.194644,-0.008418,-0.110581,0.096457,-0.082662,0.122161,0.003397,0.000147
0,-0.061177,0.089159,0.136615,0.084073,0.179363,0.034216,0.001068,0.001556
0,-0.203352,-0.05944,-0.131954,-0.177773,-0.09716,-0.137411,0.003549,0.001037
0,-0.011348,-0.00275,0.206319,0.085158,0.194933,0.103019,0.000198,4.8e-05
0,0.054224,-0.108025,0.093514,-0.112422,0.08919,-0.104042,0.000946,0.001885
0,0.059066,-0.027391,0.023917,0.08225,0.056792,0.098062,0.001031,0.000478
0,-0.098403,0.092741,-0.175687,0.148902,-0.223788,0.171735,0.001717,0.001619
0,0.110631,0.042213,0.188136,-0.075566,0.188837,-0.059581,0.001931,0.000737
0,-0.127926,0.112585,-0.230393,0.098774,-0.18059,0.147159,0.002233,0.001965
0,-0.161705,0.04095,-0.004794,-0.044388,0.028845,-0.017946,0.002822,0.000715
0,-0.029276,-0.136988,0.162304,-0.179938,0.208574,-0.142819,0.000511,0.002391
0,-0.057017,-0.07693,-0.048491,0.085268,-0.090124,0.074914,0.000995,0.001343
0,0.042591,-0.126714,0.111065,-0.039954,0.111354,-0.063389,0.000743,0.002212
0,0.026097,-0.021433,-0.044914,0.116364,-0.070014,0.144139,0.000455,0.000374
0,-0.09862,-0.040776,-0.095044,-0.023852,-0.097746,-0.033815,0.001721,0.000712
0,0.065597,-0.026185,0.169719,0.040116,0.148358,0.088662,0.001145,0.000457
0,0.022376,-0.119487,-0.062573,-0.114279,-0.01672,-0.064977,0.000391,0.002085
0,-0.00556,0.063063,-0.023725,0.152755,-0.044477,0.154724,9.7e-05,0.001101
0,0.104477,0.106617,0.102951,0.015315,0.138661,-0.00186,0.001823,0.001861
0,-0.122055,-0.097942,-0.219412,-0.176686,-0.182677,-0.177031,0.00213,0.001709
0,0.112475,0.100103,0.240967,0.203421,0.273298,0.174874,0.001963,0.001747
0,-0.090182,0.02964,-0.183444,-0.074404,-0.156725,-0.093037,0.001574,0.000517
0,-0.11351,0.118854,-0.051641,0.080912,-0.077677,0.074837,0.001981,0.002074
0,-0.145132,-0.138268,-0.013598,-0.232923,-0.044909,-0.23606,0.002533,0.002413
0,-0.12435,0.109687,0.019653,0.245381,0.028287,0.246065,0.00217,0.001914
0,-0.012105,0.021075,0.132728,-0.092226,0.136172,-0.079794,0.000211,0.000368
0,-0.122096,0.055426,-0.134912,0.004545,-0.12359,0.031565,0.002131,0.000967
0,-0.111922,-0.037548,0.014789,-0.082836,0.019318,-0.089913,0.001953,0.000655
0,-0.050699,0.085395,0.031517,0.145523,0.040828,0.168299,0.000885,0.00149
0,-0.112463,-0.102299,-0.050017,-0.18277,-0.025915,-0.181147,0.001963,0.001785
0,0.04167,-0.040534,0.141038,0.055369,0.180077,0.035054,0.000727,0.000707
0,-0.065508,-0.001094,-0.085139,0.02356,-0.121756,-0.007354,0.001143,1.9e-05
0,0.078062,-0.060681,0.167759,-0.05028,0.204871,-0.090132,0.001362,0.001059
0,-0.147451,-0.114833,-0.216089,-0.050594,-0.183021,-0.065372,0.002574,0.002004
0,-0.107818,-0.080929,0.033441,0.019024,-0.012769,-0.00969,0.001882,0.001412
0,0.054375,-0.069742,0.151976,0.028783,0.152602,0.029685,0.000949,0.001217
0,0.046529,0.093409,-0.028199,0.184834,-0.00319,0.193197,0.000812,0.00163
0,0.024134,0.025021,-0.044912,-0.045788,-0.029436,-0.081797,0.000421,0.000437
0,0.051144,0.039381,0.000627,0.030652,0.036377,0.053039,0.000893,0.000687
0,-0.104744,0.051534,-0.150586,0.008706,-0.162075,-0.03052,0.001828,0.000899
0,-0.045109,-0.028467,0.053496,-0.105698,0.086021,-0.123618,0.000787,0.000497
0,-0.054139,0.069101,0.015085,0.125405,0.029204,0.122665,0.000945,0.001206
0,-0.000101,0.072523,0.024519,0.010305,0.043408,-0.013344,2e-06,0.001266
0,-0.0176,0.109319,-0.012374,0.045198,-0.035791,0.059147,0.000307,0.001908
0,-0.102656,0.063402,-0.113383,-0.045546,-0.121091,-0.04922,0.001792,0.001107
0,-0.028047,0.082816,0.057472,-0.007078,0.089105,0.025781,0.00049,0.001445
0,0.099479,0.042626,0.148368,-0.03247,0.119569,-0.037793,0.001736,0.000744
0,-0.197292,0.153222,-0.326251,0.138682,-0.295436,0.094934,0.003443,0.002674
0,0.096381,-0.063494,0.310882,-0.223086,0.315483,-0.221634,0.001682,0.001108
0,-0.118347,-0.060429,-0.229547,-0.015396,-0.221613,-0.042638,0.002066,0.001055
0,0.02602,0.045703,0.136091,0.086645,0.110398,0.054739,0.000454,0.000798
0,-0.144126,0.018301,-0.187994,-0.031485,-0.138118,-0.06809,0.002515,0.000319
0,-0.108464,0.078523,0.040876,0.051482,0.078874,0.056446,0.001893,0.00137
0,-0.197476,0.109908,-0.089521,0.058098,-0.057527,0.06592,0.003447,0.001918
0,0.080335,-0.082746,0.271148,-0.177721,0.271085,-0.130247,0.001402,0.001444
0,-0.004918,-0.100335,-0.103969,-0.003478,-0.131541,0.016825,8.6e-05,0.001751
0,-0.136202,-0.068572,-0.10502,0.040212,-0.146158,0.011059,0.002377,0.001197
0,0.02002,0.174209,0.170425,0.240318,0.153721,0.284707,0.000349,0.003041
0,0.012524,0.070611,0.012033,-0.102791,0.028247,-0.138359,0.000219,0.001232
0,-0.122444,-0.088007,-0.106106,-0.139922,-0.128605,-0.149369,0.002137,0.001536
0,0.031206,0.022675,0.148898,0.113166,0.180989,0.087033,0.000545,0.000396
0,0.151593,-0.075284,0.095395,-0.095587,0.070838,-0.124939,0.002646,0.001314
0,0.009248,-0.148679,-0.147484,-0.0752,-0.171238,-0.05661,0.000161,0.002595
0,0.039787,0.001763,0.029577,0.154814,0.07891,0.126901,0.000694,3.1e-05
0,-0.132443,-0.140501,-0.143565,-0.171939,-0.108785,-0.143652,0.002312,0.002452
0,-0.034995,0.040856,0.102507,0.171207,0.129683,0.198949,0.000611,0.000713
0,0.090696,-0.005802,0.131642,-0.019872,0.155708,0.025098,0.001583,0.000101
0,-0.033416,0.043167,-0.152702,0.077042,-0.200158,0.074736,0.000583,0.000753
0,-0.32879,0.266076,-0.298765,0.248947,-0.263729,0.265157,0.005738,0.004644
0,-0.548043,0.528649,-0.224387,0.281763,-0.212454,0.264329,0.002187,0.002525
0,-0.631967,0.572466,-0.067776,0.036731,-0.067533,0.078368,0.000722,0.00176
0,-0.662714,0.360768,-0.015499,-0.237155,-0.045746,-0.212399,0.000185,0.005455
0,-0.659216,0.268619,-0.017167,-0.09688,-0.017979,-0.135414,0.000246,0.004688
0,-0.457778,0.407008,0.223785,0.124452,0.236447,0.127904,0.003762,0.004648
0,-0.182419,0.20648,0.275524,-0.174274,0.226666,-0.167892,0.003184,0.003604
0,-0.172532,0.11825,-0.012522,-0.08277,-0.006543,-0.099881,0.003011,0.002064
0,-0.171174,0.154356,0.008117,0.028876,0.006751,0.05702,0.002988,0.002694
0,0.068214,0.176489,0.239158,0.010208,0.251311,-0.031567,0.001191,0.00308
0,-0.039183,-0.078328,-0.086935,-0.254907,-0.069821,-0.206638,0.000684,0.001367
0,-0.061789,0.084725,0.006442,0.186689,0.049236,0.146667,0.001078,0.001479
0,-0.060331,0.017759,0.017718,-0.039507,0.060837,-0.032884,0.001053,0.00031
0,0.082744,-0.065374,0.127807,-0.08924,0.094902,-0.045767,0.001444,0.001141
0,-0.00615,0.10491,-0.102119,0.140683,-0.139183,0.097402,0.000107,0.001831
0,-0.062805,0.096069,-0.050224,-0.015306,-0.005501,-0.062901,0.001096,0.001677
0,0.12758,0.123518,0.163555,0.006912,0.195656,-0.002109,0.002227,0.002156
0,-0.044908,-0.041514,-0.177752,-0.183306,-0.138237,-0.16217,0.000784,0.000725
0,0.058817,-0.03682,0.116627,-0.004069,0.157024,-0.024553,0.001027,0.000643
0,0.056762,-0.041929,-0.00226,-0.012844,-0.010211,0.009152,0.000991,0.000732
0,-0.060908,0.037866,-0.107227,0.103787,-0.115961,0.081634,0.001063,0.000661
0,0.106366,-0.047323,0.1377,-0.079254,0.15836,-0.11274,0.001856,0.000826
0,0.161093,-0.113784,0.048459,-0.065078,0.030463,-0.08488,0.002812,0.001986
0,0.067587,-0.012658,-0.069383,0.07915,-0.03364,0.096397,0.00118,0.000221
0,0.059188,0.056911,0.017578,0.081794,0.065518,0.061649,0.001033,0.000993
0,0.184296,-0.005589,0.131862,-0.065488,0.177436,-0.051199,0.003217,9.8e-05
0,0.037724,-0.063872,-0.136357,-0.08253,-0.126741,-0.130139,0.000658,0.001115
0,0.19513,0.044307,0.130036,0.10631,0.118665,0.133405,0.003406,0.000773
0,0.084089,0.118844,-0.133482,0.10214,-0.096656,0.060834,0.001468,0.002074
0,0.035202,0.038792,-0.043936,-0.0512,-0.086262,-0.058987,0.000614,0.000677
0,0.052553,-0.034681,0.001315,-0.049307,-0.035717,-0.045186,0.000917,0.000605
0,-0.113328,-0.1564,-0.165727,-0.098277,-0.156814,-0.119198,0.001978,0.00273
0,-0.104173,-0.021335,0.028121,0.159531,0.045445,0.15941,0.001818,0.000372
0,-0.032069,-0.090049,0.060078,-0.073651,0.097917,-0.029662,0.00056,0.001572
0,-0.187284,0.116833,-0.126755,0.196349,-0.079051,0.15595,0.003269,0.002039
0,-0.09551,-0.1779,0.074542,-0.267495,0.062595,-0.260349,0.001667,0.003105
0,-0.112207,-0.013336,-0.015078,0.175964,-0.007592,0.181757,0.001958,0.000233
0,0.008019,-0.024712,0.141744,0.001381,0.17609,-0.003947,0.00014,0.000431
0,-0.086851,-0.120758,-0.096075,-0.096073,-0.078476,-0.103367,0.001516,0.002108
0,-0.014153,0.033261,0.092727,0.182609,0.132807,0.168137,0.000247,0.000581
0,-0.167244,0.026221,-0.160925,-0.029602,-0.149736,-0.027628,0.002919,0.000458
0,-0.017608,0.140856,0.174195,0.116445,0.217618,0.145375,0.000307,0.002458
0,-0.173319,-0.106869,-0.138217,-0.276201,-0.105596,-0.308058,0.003025,0.001865
0,-0.226307,-0.049029,-0.028831,0.048795,-0.049669,0.06616,0.00395,0.000856
0,-0.085243,-0.048572,0.130439,-0.028935,0.139936,-0.078233,0.001488,0.000848
0,-0.058795,-0.050351,-0.001787,0.025751,-0.034227,-0.017166,0.001026,0.000879
0,-0.040831,0.052593,0.030039,0.127433,0.022595,0.083455,0.000713,0.000918
0,-0.014462,0.019872,0.002239,-0.014707,-0.032266,-0.057982,0.000252,0.000347
0,-0.230764,0.004352,-0.201008,0.004949,-0.182914,-0.019896,0.004028,7.6e-05
0,-0.069125,-0.055728,0.153056,-0.05398,0.154191,-0.075437,0.001206,0.000973
0,-0.003396,0.046532,0.071245,0.072887,0.109035,0.039009,5.9e-05,0.000812
0,-0.210243,0.16049,-0.203882,0.097856,-0.156593,0.137556,0.003669,0.002801
0,-0.291675,0.193148,-0.092766,0.011331,-0.10316,-0.005017,0.005091,0.003371
0,-0.144341,-0.011547,0.143589,-0.189719,0.105869,-0.156865,0.002519,0.000202
0,-0.067971,0.058396,0.105622,0.044825,0.077285,0.080559,0.001186,0.001019
0,-0.256968,0.162252,-0.191406,0.075662,-0.210883,0.082573,0.004485,0.002832
0,1.717575,1.102735,1.975246,0.942904,1.939271,0.91171,0.005278,0.004257
0,1.850343,1.696766,0.122866,0.595171,0.07452,0.623672,0.002961,0.005641
0,1.881866,1.977449,0.009165,0.260613,0.002561,0.210824,0.00241,0.000742
0,1.753751,1.841536,-0.114995,-0.115576,-0.152016,-0.097185,0.004646,0.003114
0,2.38307,1.705312,0.657352,-0.117286,0.636701,-0.125552,0.005414,0.005492
0,2.196748,1.703979,-0.202203,0.001669,-0.233994,-0.030733,0.003085,0.005515
0,1.808726,1.033262,-0.405186,-0.677295,-0.355518,-0.726157,0.003687,0.00547
0,1.315646,0.609916,-0.507913,-0.398762,-0.522212,-0.388114,0.000541,0.001107
0,0.559303,0.22831,-0.735986,-0.372214,-0.778708,-0.384109,0.00199,0.003985
0,0.347663,0.079925,-0.205324,-0.126519,-0.218396,-0.171167,0.005684,0.001395
0,0.273496,0.061597,-0.083057,-0.019294,-0.067458,0.029869,0.004773,0.001075
0,-0.036365,0.070207,-0.319198,-0.016001,-0.280873,-0.040801,0.000635,0.001225
0,0.032567,0.077155,0.055321,-0.005132,0.055188,0.04347,0.000568,0.001347
0,-0.156298,0.014091,-0.212694,-0.078899,-0.258266,-0.064095,0.002728,0.000246
0,-0.155198,0.002091,-0.00438,-0.025795,0.039045,-0.066892,0.002709,3.7e-05
0,-0.122333,-0.159973,0.004212,-0.162959,-0.006034,-0.191176,0.002135,0.002792
0,-0.096481,-0.170858,0.052882,-0.030641,0.009554,-0.072122,0.001684,0.002982
0,-0.187379,-0.031299,-0.09794,0.137896,-0.135223,0.150504,0.00327,0.000546
0,-0.335241,-0.256779,-0.136837,-0.224647,-0.15225,-0.212528,0.005851,0.004482
0,-0.313591,-0.133633,0.004974,0.118098,0.049983,0.073728,0.005473,0.002332
0,-0.08863,-0.219054,0.248087,-0.081659,0.222378,-0.124779,0.001547,0.003823
0,-0.088852,-0.320231,0.008435,-0.093077,0.043506,-0.115096,0.001551,0.005589
0,-0.153234,-0.095007,-0.087047,0.246343,-0.113294,0.208725,0.002674,0.001658
0,-0.133244,-0.178015,0.013328,-0.061076,-0.024012,-0.072315,0.002326,0.003107
0,-0.173222,-0.035861,-0.040405,0.144814,-0.041216,0.097905,0.003023,0.000626
0,-0.113984,-0.229202,0.088352,-0.217168,0.100265,-0.256829,0.001989,0.004
0,-0.24334,-0.166513,-0.115846,0.050769,-0.147154,0.085576,0.004247,0.002906
0,-0.107413,0.013434,0.149566,0.177398,0.115167,0.197391,0.001875,0.000234
0,-0.357517,-0.048124,-0.276932,-0.077035,-0.248465,-0.100422,0.005512,0.00084
0,-0.143395,-0.22505,0.202579,-0.19859,0.152964,-0.23092,0.002503,0.003928
0,-0.218236,0.002873,-0.0553,0.249836,-0.065218,0.297749,0.003809,5e-05
0,-0.250571,-0.190988,-0.047597,-0.205079,-0.094433,-0.207034,0.004373,0.003333
0,-0.054414,0.004187,0.220946,0.19475,0.183242,0.175828,0.00095,7.3e-05
0,-0.117694,0.07561,-0.06081,0.056678,-0.028674,0.077434,0.002054,0.00132
0,-0.327482,0.035315,-0.196275,-0.026219,-0.180014,-0.022577,0.005716,0.000616
0,-0.149862,0.030488,0.181239,-0.026729,0.185841,-0.07115,0.002616,0.000532
0,-0.067729,0.028648,0.066285,-0.008444,0.048951,-0.006458,0.001182,0.0005
0,-0.159082,-0.213754,-0.062309,-0.230718,-0.063773,-0.194098,0.002777,0.003731
0,-0.079073,-0.224421,0.067843,-0.002227,0.070192,0.019383,0.00138,0.003917
0,-0.05561,-0.241676,0.014009,-0.04086,0.013599,-0.046717,0.000971,0.004218
0,-0.180075,0.023698,-0.153723,0.255565,-0.153251,0.293322,0.003143,0.000414
0,0.034967,-0.022688,0.220836,-0.053016,0.255326,-0.031,0.00061,0.000396
0,-0.012542,0.013228,-0.072567,0.022632,-0.037896,0.011594,0.000219,0.000231
0,-0.245025,-0.154786,-0.239317,-0.140866,-0.220365,-0.14441,0.004276,0.002702
0,0.032927,-0.009431,0.300579,0.124714,0.349104,0.087526,0.000575,0.000165
0,-0.104549,-0.195148,-0.10973,-0.170385,-0.127946,-0.161744,0.001825,0.003406
0,-0.214377,0.07739,-0.118778,0.29583,-0.079377,0.335805,0.003742,0.001351
0,-0.137244,-0.04972,0.05425,-0.124026,0.064567,-0.115653,0.002395,0.000868
0,-0.172879,0.022612,-0.052741,0.087642,-0.092344,0.04638,0.003017,0.000395
0,0.033631,-0.182585,0.186198,-0.208477,0.232758,-0.211403,0.000587,0.003187
0,-0.061071,0.052538,-0.069994,0.21416,-0.07704,0.176414,0.001066,0.000917
0,-0.090771,-0.04307,-0.021619,-0.093881,-0.032063,-0.100327,0.001584,0.000752
0,-0.022419,-0.108004,0.043174,-0.040736,0.020083,-0.035136,0.000391,0.001885
0,-0.141325,-0.168976,-0.137196,-0.052109,-0.142768,-0.081712,0.002467,0.002949
0,-0.062648,0.014515,0.099151,0.170322,0.145301,0.152697,0.001093,0.000253
0,-0.20223,-0.176315,-0.110359,-0.169388,-0.142191,-0.161027,0.00353,0.003077
0,-0.144472,-0.091823,0.065241,0.086622,0.050091,0.04748,0.002522,0.001603
0,-0.004159,-0.111072,0.140739,-0.045411,0.09409,-0.05038,7.3e-05,0.001939
0,0.079381,-0.050528,0.069777,0.054448,0.07277,0.043493,0.001385,0.000882
0,-0.193537,0.053317,-0.262544,0.091954,-0.312379,0.136739,0.003378,0.000931
0,-0.147232,-0.206143,0.029582,-0.27025,0.051884,-0.248719,0.00257,0.003598
0,0.000251,-0.160671,0.126334,0.035235,0.132617,-0.010722,4e-06,0.002804
0,-0.10147,0.041278,-0.112605,0.225029,-0.066513,0.222753,0.001771,0.00072
0,-0.06435,-0.089976,0.023939,-0.111826,0.04468,-0.098254,0.001123,0.00157
0,-0.122589,0.058915,-0.028489,0.124121,-0.063085,0.118931,0.00214,0.001028
0,-0.190775,-0.081369,-0.041815,-0.120461,-0.010036,-0.117654,0.00333,0.00142
0,-0.131464,0.006428,0.034989,0.076901,0.023886,0.030693,0.002294,0.000112
0,-0.070187,-0.038892,0.072822,-0.064331,0.062345,-0.101776,0.001225,0.000679
0,0.077351,-0.142735,0.168747,-0.115581,0.157491,-0.135007,0.00135,0.002491
0,0.003883,-0.146296,-0.098066,0.008892,-0.051321,0.027306,6.8e-05,0.002553
0,0.105033,-0.157853,0.076298,0.00215,0.096475,-0.001412,0.001833,0.002755
0,0.096354,0.011819,0.01511,0.146588,-0.012033,0.096825,0.001682,0.000206
0,-0.064775,-0.086968,-0.181976,-0.115809,-0.219868,-0.081423,0.001131,0.001518
0,0.048765,-0.037328,0.119767,0.029082,0.152684,0.037886,0.000851,0.000652
0,0.047154,-0.070217,0.009194,-0.023476,0.00662,-0.029248,0.000823,0.001226
0,0.157004,-0.097687,0.080289,-0.008128,0.11392,0.005312,0.00274,0.001705
0,0.129922,0.05972,-0.046431,0.15171,-0.054027,0.15676,0.002268,0.001042
0,0.005756,-0.133507,-0.131858,-0.181328,-0.179535,-0.179157,0.0001,0.00233
0,0.246233,0.033532,0.22258,0.189731,0.270802,0.157616,0.004298,0.000585
0,-0.006934,-0.013564,-0.255798,-0.028699,-0.273786,0.01862,0.000121,0.000237
0,0.183379,0.035424,0.176843,0.059462,0.138339,0.022396,0.003201,0.000618
0,0.114817,0.046074,-0.049394,-0.006219,-0.027581,-0.009839,0.002004,0.000804
0,0.079224,0.084183,-0.054407,0.017735,-0.062869,0.023937,0.001383,0.001469
0,-0.053166,-0.097336,-0.137962,-0.161972,-0.179384,-0.151613,0.000928,0.001699
0,-0.036682,-0.055842,0.025122,0.030875,0.000648,0.049138,0.00064,0.000975
0,-0.019351,-0.068869,0.03815,-0.040531,-0.000546,-0.02726,0.000338,0.001202
0,0.137007,-0.077337,0.163732,-0.023863,0.167985,-0.041014,0.002391,0.00135
0,-0.008667,-0.094277,-0.143619,0.005923,-0.121244,-0.017981,0.000151,0.001645
0,0.122106,0.104511,0.130994,0.20736,0.121393,0.186851,0.002131,0.001824
0,0.162416,-0.074113,0.035215,-0.149955,0.014688,-0.131437,0.002835,0.001294
0,0.041774,-0.131052,-0.11875,-0.077778,-0.149688,-0.039143,0.000729,0.002287
0,0.012639,0.121355,-0.037019,0.240156,-0.040521,0.26947,0.000221,0.002118
0,0.025691,-0.088447,-0.000438,-0.181013,0.018991,-0.182346,0.000448,0.001544
0,-0.029622,-0.09901,-0.028864,0.010489,-0.056736,0.02025,0.000517,0.001728
0,0.00411,0.106916,0.049325,0.179573,0.045138,0.155705,7.2e-05,0.001866
0,0.078301,0.129223,0.07083,0.006971,0.058424,0.026676,0.001367,0.002255
0,0.197994,0.124809,0.139534,-0.005082,0.106718,0.007031,0.003456,0.002178
0,0.202497,-0.100191,-0.009964,-0.219025,0.036878,-0.262841,0.003534,0.001749
0,0.050413,-0.084525,-0.166287,0.036422,-0.16681,-0.00966,0.00088,0.001475
0,0.073016,0.097144,0.024387,0.183911,0.037355,0.154921,0.001274,0.001695
0,0.093345,-0.002111,-0.005083,-0.084494,0.029249,-0.056166,0.001629,3.7e-05
0,0.161584,-0.098002,0.068747,-0.070987,0.102665,-0.050536,0.00282,0.00171
0,0.016773,0.161205,-0.160025,0.276113,-0.152989,0.237049,0.000293,0.002814
0,0.094149,0.19828,0.106254,0.021145,0.10957,0.037813,0.001643,0.003461
0,-0.024324,0.057287,-0.11296,-0.116273,-0.071487,-0.133877,0.000425,0.001
0,0.080725,-0.018906,0.121918,-0.095029,0.139005,-0.114212,0.001409,0.00033
0,0.027213,0.092179,-0.079694,0.118201,-0.060609,0.100295,0.000475,0.001609
0,0.160293,0.132323,0.111321,0.047214,0.079791,0.011262,0.002798,0.002309
0,0.269032,-0.091779,0.092786,-0.251152,0.128445,-0.211635,0.004695,0.001602
0,0.166729,0.203618,-0.086521,0.312692,-0.049661,0.35113,0.00291,0.003554
0,0.0563,0.130906,-0.111463,-0.092114,-0.107379,-0.092774,0.000983,0.002285
0,0.083218,-0.036345,0.007201,-0.159034,0.000492,-0.137341,0.001452,0.000634
0,0.23823,0.2013,0.183884,0.209438,0.153496,0.206066,0.004158,0.003513
0,0.314439,-0.028725,0.098716,-0.221158,0.071999,-0.259154,0.005488,0.000501
0,0.148046,0.099835,-0.158899,0.105959,-0.123156,0.098041,0.002584,0.001742
0,0.212753,-0.106821,0.043941,-0.206582,0.030052,-0.187823,0.003713,0.001864
0,0.221523,0.144438,0.031712,0.243827,0.038778,0.226569,0.003866,0.002521
0,0.202003,0.010982,-0.022296,-0.11889,-0.016587,-0.110839,0.003526,0.000192
0,0.195835,-0.084178,0.023313,-0.080193,-0.019165,-0.104278,0.003418,0.001469
0,0.271905,0.059567,0.1047,0.134651,0.152523,0.171058,0.004746,0.00104
0,0.110892,0.101685,-0.146455,0.022976,-0.157156,0.029191,0.001935,0.001775
0,0.144048,-0.113854,0.03103,-0.221307,-0.000556,-0.247909,0.002514,0.001987
0,-0.054459,-0.052041,-0.200438,0.032096,-0.173341,0.002654,0.00095,0.000908
0,0.042384,-0.019699,0.111927,0.056569,0.136792,0.043908,0.00074,0.000344
0,-0.035533,0.066983,-0.099098,0.058215,-0.066887,0.017059,0.00062,0.001169
0,0.164419,-0.00942,0.1924,-0.049024,0.222798,-0.082323,0.00287,0.000164
0,0.087515,-0.073891,-0.08128,-0.060938,-0.093618,-0.066197,0.001527,0.00129
0,-0.165731,0.073644,-0.280669,0.138586,-0.25764,0.149052,0.002893,0.001285
0,0.052213,0.063458,0.204546,0.001899,0.245064,0.015631,0.000911,0.001108
0,-0.068763,-0.093993,-0.104283,-0.150424,-0.123269,-0.134331,0.0012,0.00164
0,-0.000547,0.012222,0.054559,0.126783,0.092395,0.122646,1e-05,0.000213
0,-0.120639,0.099418,-0.129995,0.108711,-0.103979,0.121071,0.002106,0.001735
0,-0.03858,-0.03317,0.072852,-0.127397,0.072928,-0.16627,0.000673,0.000579
0,-0.102434,-0.025518,-0.037985,-0.018178,-0.048007,-0.052673,0.001788,0.000445
0,-0.131205,0.150551,-0.014307,0.172724,-0.049154,0.126556,0.00229,0.002628
0,-0.11387,0.113072,0.040567,-0.022263,0.009003,-0.071947,0.001987,0.001973
0,-0.144397,0.178435,-0.008123,0.094408,0.013632,0.117427,0.00252,0.003114
0,-0.228709,0.048407,-0.070114,-0.120083,-0.086039,-0.082676,0.003992,0.000845
0,-0.157882,0.104088,0.076662,0.047469,0.054252,0.066163,0.002756,0.001817
0,-0.027048,0.130782,0.12406,0.011432,0.125231,-0.00781,0.000472,0.002283
0,-0.162613,0.049427,-0.116728,-0.090828,-0.12544,-0.046621,0.002838,0.000863
0,-0.181649,-0.096377,-0.00636,-0.122109,0.01675,-0.125498,0.00317,0.001682
0,0.016929,0.037974,0.222197,0.111661,0.179499,0.126357,0.000295,0.000663
0,-0.210356,-0.032378,-0.205943,-0.097868,-0.181298,-0.130502,0.003671,0.000565
0,-0.051865,0.038376,0.174093,0.083624,0.189366,0.123921,0.000905,0.00067
0,-0.179096,0.135792,-0.157202,0.068372,-0.167217,0.06783,0.003126,0.00237
0,0.089457,0.13478,0.261731,-0.004521,0.247943,-0.004772,0.001561,0.002352
0,-0.018231,-0.14343,-0.125947,-0.285137,-0.147501,-0.273276,0.000318,0.002503
0,0.075555,-0.045439,0.111118,0.086125,0.097381,0.079644,0.001319,0.000793
0,-0.060257,-0.036216,-0.149261,-0.004803,-0.189823,0.020757,0.001052,0.000632
0,-0.133431,0.006381,-0.053596,0.025157,-0.062651,-0.019178,0.002329,0.000111
0,-0.04312,0.091044,0.07196,0.094053,0.096019,0.048067,0.000753,0.001589
0,0.010345,-0.040731,0.040182,-0.144265,0.040141,-0.154854,0.000181,0.000711
0,0.140462,-0.125188,0.103714,-0.110556,0.152051,-0.143118,0.002452,0.002185
0,-0.016685,0.009034,-0.141053,0.128114,-0.134141,0.15368,0.000291,0.000158
0,-0.009129,0.021363,0.009562,0.034398,0.036535,0.078709,0.000159,0.000373
0,0.100002,-0.008371,0.123596,-0.054394,0.142588,-0.041753,0.001745,0.000146
0,0.198969,0.029989,0.106831,0.033674,0.087476,0.020523,0.003473,0.000523
0,0.1471,-0.136607,-0.044724,-0.182312,-0.078114,-0.175021,0.002567,0.002384
0,0.17684,0.094695,0.021189,0.205121,0.070245,0.216327,0.003086,0.001653
0,0.074597,0.096206,-0.101149,5.9e-05,-0.127473,-0.00217,0.001302,0.001679
0,-0.068054,-0.107243,-0.127931,-0.214124,-0.124651,-0.252317,0.001188,0.001872
0,0.131821,0.093223,0.176864,0.226334,0.163029,0.25915,0.002301,0.001627
0,0.098937,0.107273,-0.011169,0.032494,0.028868,0.030949,0.001727,0.001872
0,0.204706,0.150324,0.100621,0.01497,0.077719,-0.028933,0.003573,0.002624
0,-0.019188,-0.095091,-0.205704,-0.233954,-0.20194,-0.276223,0.000335,0.00166
0,-0.032362,-0.050147,-0.042002,0.022702,-0.050673,-0.024547,0.000565,0.000875
0,0.086463,-0.095818,0.145636,-0.040298,0.180217,0.001058,0.001509,0.001672
0,0.084897,0.04415,-0.006435,0.165633,0.043216,0.191321,0.001482,0.000771
0,0.113563,-0.134161,0.035284,-0.161074,-0.004513,-0.183974,0.001982,0.002342
0,0.122727,0.092909,-0.00479,0.232875,0.039708,0.236877,0.002142,0.001622
0,0.001126,-0.055097,-0.122451,-0.146015,-0.14328,-0.097087,2e-05,0.000962
0,0.259817,-0.087951,0.283211,-0.017092,0.23343,-0.018533,0.004535,0.001535
0,0.226301,0.112602,-0.017681,0.182169,-0.036888,0.157188,0.00395,0.001965
0,-0.008945,0.118566,-0.256374,-0.021724,-0.288122,0.026154,0.000156,0.002069
0,0.196628,-0.083642,0.200351,-0.21065,0.204599,-0.246719,0.003432,0.00146
0,0.164244,0.0704,-0.047841,0.144501,-0.089266,0.121119,0.002867,0.001229
0,0.045829,0.081678,-0.142712,-0.016397,-0.132119,-0.038543,0.0008,0.001426
0,-0.078135,-0.085521,-0.111522,-0.166255,-0.084026,-0.211048,0.001364,0.001493
0,0.118459,-0.0294,0.212479,0.049801,0.203545,0.032924,0.002068,0.000513
0,-0.036928,-0.04375,-0.142186,0.008457,-0.164247,-0.017287,0.000645,0.000764
0,0.055787,-0.072619,0.113436,-0.001745,0.1008,0.033907,0.000974,0.001267
0,0.106358,0.00814,0.063043,0.064816,0.058442,0.103571,0.001856,0.000142
0,0.117239,0.037105,-0.003456,0.020835,0.018963,0.06062,0.002046,0.000648
0,-0.01662,0.045365,-0.116177,0.0343,-0.104652,0.052286,0.00029,0.000792
0,0.10937,-0.034601,0.144022,-0.077563,0.155309,-0.093136,0.001909,0.000604
0,0.156265,-0.047143,0.046171,0.004498,0.01493,-0.042293,0.002727,0.000823
0,-0.138903,0.053304,-0.306787,0.099309,-0.309114,0.094554,0.002424,0.00093
0,0.009423,-0.105529,0.147961,-0.151102,0.158665,-0.191411,0.000164,0.001842
0,-0.024857,0.037942,-0.034692,0.150892,-0.017637,0.165977,0.000434,0.000662
0,0.085517,0.021452,0.089393,-0.011925,0.12293,-0.052473,0.001493,0.000374
0,-0.035635,-0.113535,-0.11613,-0.111595,-0.067293,-0.112621,0.000622,0.001982
0,0.106451,-0.165895,0.158278,-0.070699,0.155734,-0.094608,0.001858,0.002895
0,-0.013584,0.088198,-0.110419,0.24655,-0.089096,0.286356,0.000237,0.001539
0,0.098323,-0.130018,0.085816,-0.224731,0.044435,-0.246251,0.001716,0.002269
0,0.007343,-0.106267,-0.063037,0.030733,-0.10153,0.028716,0.000128,0.001855
0,0.167502,0.035161,0.168492,0.147362,0.172655,0.11102,0.002923,0.000614
0,0.032913,-0.007154,-0.137779,-0.041952,-0.146239,-0.067611,0.000574,0.000125
0,0.113823,-0.166261,0.087519,-0.15342,0.130071,-0.130516,0.001987,0.002902
0,0.04004,-0.03854,-0.080363,0.113434,-0.05957,0.105143,0.000699,0.000673
0,0.080905,-0.0706,0.031038,-0.026981,-0.013011,-0.015042,0.001412,0.001232
0,0.097474,-0.082706,0.016969,-0.006071,-0.004211,0.012135,0.001701,0.001443
0,-0.003108,-0.072198,-0.090424,0.006187,-0.132303,-0.021665,5.4e-05,0.00126
0,-0.032704,0.024528,-0.007616,0.088439,0.027804,0.136403,0.000571,0.000428
0,-0.046715,-0.156973,-0.026381,-0.177242,-0.051756,-0.187513,0.000815,0.00274
0,-0.195931,-0.085846,-0.123076,0.077185,-0.130809,0.037026,0.00342,0.001498
0,-0.022633,0.013023,0.154772,0.087355,0.120152,0.090053,0.000395,0.000227
0,0.001221,0.136727,0.005108,0.132005,0.021338,0.087212,2.1e-05,0.002386
0,0.083381,-0.10375,0.088751,-0.24793,0.123258,-0.266519,0.001455,0.001811
0,-1.673666,-0.679909,-1.7429,-0.595847,-1.776033,-0.602631,0.005708,0.000115
0,-2.054008,-1.021777,-0.395118,-0.337243,-0.394723,-0.326598,0.000594,0.00567
0,-3.283506,-1.044844,-1.223654,-0.033215,-1.218478,-0.05504,0.001451,0.005267
0,-3.620779,-1.196719,-0.354908,-0.149935,-0.31344,-0.183889,0.004436,0.002617
0,-3.199833,-1.215091,0.431336,0.007124,0.431566,0.031366,0.002911,0.002296
0,-2.372764,-0.947281,0.851208,0.261325,0.850494,0.270594,0.005594,0.004781
0,-1.644837,-0.766524,0.737298,0.190813,0.728474,0.194111,0.005204,0.001627
0,-1.150863,-0.643067,0.503797,0.152692,0.518682,0.185608,0.003417,0.000528
0,-0.617779,-0.486639,0.526732,0.143471,0.514332,0.122332,0.000969,0.003258
0,-0.319076,-0.332584,0.294322,0.126407,0.311979,0.082506,0.005569,0.005805
0,-0.287241,-0.105282,0.038462,0.231651,0.080964,0.244675,0.005013,0.001838
0,-0.244422,0.099481,0.05354,0.189185,0.076348,0.225915,0.004266,0.001736
0,-0.102461,0.016763,0.161837,-0.0553,0.123538,-0.071616,0.001788,0.000293
0,0.036263,0.035661,0.1626,0.011839,0.120242,-0.032276,0.000633,0.000622
0,-0.077993,-0.071721,-0.110549,-0.104576,-0.068741,-0.075931,0.001361,0.001252
0,-0.160324,-0.022659,-0.097422,0.022928,-0.141951,-0.025775,0.002798,0.000395
0,-0.058526,-0.07557,0.126358,-0.071629,0.142105,-0.045929,0.001021,0.001319
0,0.022136,0.103917,0.101669,0.199451,0.097144,0.167154,0.000386,0.001814
0,-0.003094,-0.060326,-0.01875,-0.161844,0.000718,-0.17779,5.4e-05,0.001053
0,0.107467,0.105183,0.126117,0.160921,0.139253,0.170604,0.001876,0.001836
0,-0.023552,0.105336,-0.118002,-0.017667,-0.116582,0.028508,0.000411,0.001838
0,-0.153357,0.028178,-0.131867,-0.104132,-0.139601,-0.070406,0.002677,0.000492
0,0.063241,-0.069343,0.208405,-0.114695,0.209278,-0.099844,0.001104,0.00121
0,-0.114883,0.044287,-0.176966,0.134757,-0.208165,0.152973,0.002005,0.000773
0,-0.17646,-0.010641,-0.052695,-0.071018,-0.052209,-0.054533,0.00308,0.000186
0,0.096701,-0.149002,0.265883,-0.152024,0.263469,-0.156415,0.001688,0.002601
0,-0.084602,-0.128564,-0.183395,0.036683,-0.20187,0.060801,0.001477,0.002244
0,-0.069071,0.03166,0.044718,0.139715,0.092299,0.164175,0.001206,0.000553
0,0.036854,-0.089304,0.134068,-0.125941,0.116859,-0.108803,0.000643,0.001559
0,-0.051542,-0.054033,-0.103768,0.015381,-0.080023,0.00456,0.0009,0.000943
0,0.115018,0.159696,0.180987,0.20142,0.16321,0.235195,0.002007,0.002787
0,-0.117336,0.044645,-0.250141,-0.105773,-0.300122,-0.109091,0.002048,0.000779
0,-0.123113,-0.120891,0.003856,-0.188684,-0.013402,-0.13948,0.002149,0.00211
0,-0.023399,-0.026227,0.092894,0.099034,0.103643,0.106686,0.000408,0.000458
0,0.079521,0.134086,0.115841,0.172346,0.15183,0.173822,0.001388,0.00234
0,-0.136966,0.121566,-0.230089,0.00076,-0.273136,0.017597,0.002391,0.002122
0,0.102285,0.152367,0.24788,0.034693,0.202885,0.019291,0.001785,0.002659
0,-0.031992,-0.044741,-0.114995,-0.207875,-0.137981,-0.219675,0.000558,0.000781
0,0.074168,0.146207,0.095519,0.202475,0.048269,0.247521,0.001294,0.002552
0,0.09469,0.038158,0.027589,-0.097653,-0.022328,-0.082831,0.001653,0.000666
0,1.408323,-0.542648,1.329068,-0.558897,1.339688,-0.604558,0.001076,0.002281
0,2.718898,-1.380421,1.31914,-0.865228,1.294065,-0.824148,0.000447,0.000589
0,3.178734,-1.230593,0.459776,0.125392,0.421712,0.103562,0.003279,0.002026
0,3.415247,-1.413015,0.222118,-0.153024,0.260144,-0.18805,0.000849,0.001158
0,3.488971,-1.488368,0.081382,-0.075956,0.120032,-0.076341,0.002136,0.002474
0,2.345396,-1.53038,-1.162636,-0.064368,-1.118433,-0.058319,0.00568,0.003207
0,1.992652,-1.15526,-0.378091,0.359614,-0.418656,0.378613,0.000477,0.00334
0,1.285368,-0.738969,-0.726562,0.435348,-0.769347,0.476012,0.001069,0.001146
0,0.943276,-0.651386,-0.347555,0.060092,-0.372899,0.016061,0.004712,0.000383
0,0.460276,-0.221702,-0.480468,0.415643,-0.527976,0.428874,0.003718,0.003869
0,0.30748,-0.219006,-0.177451,-0.008795,-0.144912,0.000853,0.005367,0.003822
0,0.217309,-0.070016,-0.10953,0.157533,-0.100943,0.170812,0.003793,0.001222
0,-0.21048,0.104863,-0.402712,0.202097,-0.43834,0.246974,0.003674,0.00183
0,-0.161765,0.137343,0.05841,0.051084,0.026506,0.033462,0.002823,0.002397
0,-0.254655,-0.014232,-0.070635,-0.152804,-0.039779,-0.172688,0.004445,0.000248
0,-0.229126,0.065863,-0.003568,0.085388,-0.00012,0.11459,0.003999,0.00115
0,-0.183645,0.068734,0.019441,-0.014456,0.026196,-0.034642,0.003205,0.0012
0,-0.272093,0.195512,-0.09047,0.102036,-0.052864,0.137213,0.004749,0.003412
0,-0.24711,-0.01252,0.029136,-0.195035,-0.005621,-0.183415,0.004313,0.000219
0,-0.347095,0.015528,-0.127736,0.029553,-0.078545,0.050204,0.005694,0.000271
0,-0.232641,0.142482,0.103211,0.148099,0.103445,0.114722,0.00406,0.002487
0,-0.099218,0.122016,0.15308,-0.044483,0.191788,-0.064335,0.001732,0.00213
0,-0.141056,0.034842,-0.052519,-0.072523,-0.023509,-0.084655,0.002462,0.000608
0,-0.055693,-0.022919,0.077668,-0.068036,0.045063,-0.088286,0.000972,0.0004
0,-0.191743,0.139302,-0.150184,0.190496,-0.1036,0.173228,0.003347,0.002431
0,-0.184464,0.03681,0.008744,-0.112434,-0.041182,-0.135154,0.00322,0.000642
0,-0.207771,0.030415,7.4e-05,-0.02422,-0.019472,0.014622,0.003626,0.000531
0,-0.095287,0.054554,0.136691,0.018638,0.161428,0.016987,0.001663,0.000952
0,-0.218127,0.117844,-0.109189,0.077069,-0.136471,0.037567,0.003807,0.002057
0,-0.215277,-0.009581,0.032071,-0.149117,0.045762,-0.155426,0.003757,0.000167
0,-0.037565,0.097771,0.19749,0.135478,0.208466,0.092844,0.000656,0.001706
0,-0.057271,-0.031305,-0.012661,-0.138999,0.006859,-0.124576,0.001,0.000546
0,-0.126429,0.117109,-0.051838,0.119727,-0.018912,0.110297,0.002207,0.002044
0,-0.160496,0.084742,-0.046978,-0.029941,-0.063785,-0.037412,0.002801,0.001479
0,-0.060911,0.012038,0.087123,-0.088383,0.054964,-0.046407,0.001063,0.00021
0,-0.186239,0.142766,-0.133756,0.131547,-0.103732,0.179911,0.00325,0.002492
0,0.056467,0.148074,0.270097,0.023392,0.227518,-0.02176,0.000986,0.002584
0,0.012346,0.022614,-0.067322,-0.116007,-0.058916,-0.127718,0.000215,0.000395
0,-0.067318,0.068641,-0.056115,0.066575,-0.009348,0.08154,0.001175,0.001198
0,-0.066734,0.085887,0.018787,0.044728,-0.015459,0.038572,0.001165,0.001499
0,0.101419,0.048573,0.18345,-0.010717,0.181588,-0.013984,0.00177,0.000848
0,0.035396,0.10428,-0.040881,0.076922,-0.054066,0.079357,0.000618,0.00182
0,-0.057707,-0.02548,-0.113042,-0.101936,-0.098843,-0.058581,0.001007,0.000445
0,0.068326,0.053618,0.130573,0.101374,0.178453,0.141067,0.001193,0.000936
0,0.179201,0.085809,0.097371,0.056982,0.069801,0.064396,0.003128,0.001498
0,0.029145,0.021984,-0.123027,-0.065866,-0.119318,-0.020976,0.000509,0.000384
0,0.195493,-0.006333,0.149079,-0.057858,0.106382,-0.027449,0.003412,0.000111
0,0.047752,0.005053,-0.141476,0.026137,-0.104846,0.019436,0.000833,8.8e-05
0,0.186725,-0.045267,0.165359,-0.02324,0.122523,-0.053147,0.003259,0.00079
0,0.265447,0.149021,0.052791,0.19949,0.076852,0.158186,0.004633,0.002601
0,0.344442,-0.038201,0.055517,-0.211933,0.050553,-0.179192,0.00574,0.000667
0,0.245092,0.118467,-0.097282,0.176903,-0.074952,0.218741,0.004278,0.002068
0,0.344977,0.11508,0.105686,-0.008988,0.101832,-0.027678,0.005731,0.002009
0,0.405447,-0.006728,0.03922,-0.117294,0.079069,-0.087955,0.004675,0.000117
0,0.190617,-0.002705,-0.208778,-0.002228,-0.204401,-0.036803,0.003327,4.7e-05
0,0.101167,-0.093464,-0.091171,-0.085227,-0.102202,-0.07221,0.001766,0.001631
0,0.252787,-0.12452,0.154222,-0.027602,0.126126,-0.04587,0.004412,0.002173
0,-0.009883,0.149805,-0.267513,0.286233,-0.227476,0.250483,0.000172,0.002615
0,0.126177,-0.019171,0.109903,-0.187746,0.077184,-0.186303,0.002202,0.000335
0,-0.0727,0.05553,-0.226729,0.078431,-0.271375,0.116685,0.001269,0.000969
0,0.049624,0.094506,0.148407,0.01657,0.131128,0.033478,0.000866,0.001649
0,0.038318,0.110843,0.016993,0.023743,0.003664,0.043289,0.000669,0.001935
0,0.086479,0.0865,0.060244,-0.031179,0.094312,-0.042697,0.001509,0.00151
0,0.183083,0.045164,0.07928,-0.013548,0.037,-0.017457,0.003195,0.000788
0,0.078556,-0.157065,-0.103582,-0.202821,-0.095455,-0.191183,0.001371,0.002741
0,0.168387,-0.048922,0.114323,0.082857,0.090291,0.091243,0.002939,0.000854
0,-0.087766,-0.009822,-0.252332,0.040571,-0.288492,0.019021,0.001532,0.000171
0,0.172493,-0.018909,0.288497,-0.00323,0.251494,0.014401,0.003011,0.00033
0,0.014462,-0.118183,-0.144368,-0.117297,-0.106172,-0.163254,0.000252,0.002063
0,0.081778,0.118717,0.083158,0.225386,0.053355,0.26701,0.001427,0.002072
0,0.11033,0.011157,0.052865,-0.083306,0.028805,-0.102156,0.001926,0.000195
0,0.040117,0.071514,-0.086745,0.04208,-0.069008,0.029752,0.0007,0.001248
0,-0.102611,0.049393,-0.147173,-0.001544,-0.128172,0.026799,0.001791,0.000862
0,-0.159739,0.009211,-0.027377,-0.037323,-0.002028,0.002919,0.002788,0.000161
0,0.035385,-0.17747,0.171179,-0.15751,0.198049,-0.189971,0.000618,0.003097
0,-0.136412,0.087359,-0.170428,0.252966,-0.132527,0.230644,0.002381,0.001525
0,0.109199,-0.196882,0.253237,-0.265321,0.28599,-0.253713,0.001906,0.003436
0,0.134696,-0.060956,-0.00407,0.119426,0.002849,0.101959,0.002351,0.001064
0,0.010771,-0.048867,-0.132347,0.007044,-0.173438,0.02075,0.000188,0.000853
0,0.120092,-0.049896,0.101429,0.021801,0.062063,0.070621,0.002096,0.000871
0,0.010751,0.012043,-0.105552,0.071036,-0.130532,0.103267,0.000188,0.00021
0,0.005216,0.092412,-0.003923,0.108622,-0.052092,0.094802,9.1e-05,0.001613
0,0.089743,0.051228,0.072309,-0.035859,0.030676,-0.054537,0.001566,0.000894
0,0.17209,0.00284,0.081747,-0.036462,0.03961,-0.013256,0.003004,5e-05
0,-0.078597,0.058539,-0.253614,0.074278,-0.273393,0.122009,0.001372,0.001022
0,0.136385,-0.160049,0.222887,-0.189903,0.220069,-0.224338,0.00238,0.002793
0,-0.151432,-0.059356,-0.293675,0.103816,-0.263037,0.095906,0.002643,0.001036
0,0.108907,-0.050377,0.244003,0.018331,0.24913,0.062739,0.001901,0.000879
0,0.042849,-0.037027,-0.057938,0.002763,-0.075338,0.041708,0.000748,0.000646
0,-0.174591,-0.081524,-0.197402,-0.02968,-0.175359,-0.067514,0.003047,0.001423
0,-0.054611,0.127738,0.146637,0.21719,0.180467,0.215776,0.000953,0.002229
0,0.072494,0.045729,0.098168,-0.090392,0.111871,-0.075001,0.001265,0.000798
0,-0.081934,-0.106348,-0.133843,-0.124487,-0.183727,-0.075473,0.00143,0.001856
0,-0.051457,0.057238,0.025593,0.179105,0.057416,0.18868,0.000898,0.000999
0,-0.023045,0.001637,0.02425,-0.044831,0.005559,-0.042917,0.000402,2.9e-05
0,0.073177,0.029673,0.080237,0.026911,0.114758,0.069769,0.001277,0.000518
0,0.064605,0.032928,-0.036403,0.004833,-0.001203,-0.038054,0.001128,0.000575
0,-0.206794,0.007709,-0.274615,-0.000645,-0.297494,0.012974,0.003609,0.000135
0,-0.089376,0.007684,0.091922,-0.029399,0.070184,-0.053887,0.00156,0.000134
0,-0.126073,-0.0171,-0.039247,-0.00408,-0.002347,0.04269,0.0022,0.000298
0,-0.168806,0.007722,-0.040934,0.032343,-0.011758,0.062182,0.002946,0.000135
0,0.06865,0.029624,0.215793,0.01792,0.240296,0.01778,0.001198,0.000517
0,-0.039475,-0.137108,-0.097803,-0.149836,-0.108935,-0.150322,0.000689,0.002393
0,-0.141932,0.051204,-0.084803,0.162343,-0.134039,0.126123,0.002477,0.000894
0,-0.018481,0.017342,0.143137,-0.0332,0.117718,-0.074457,0.000323,0.000303
0,0.081922,-0.050312,0.108029,-0.050201,0.075465,-0.000935,0.00143,0.000878
0,0.117174,-0.097604,0.023183,-0.045508,0.059208,-0.056423,0.002045,0.001704
0,-0.053263,-0.201837,-0.155183,-0.094993,-0.151416,-0.116053,0.00093,0.003523
0,-0.045089,-0.0643,0.00638,0.15056,-0.007069,0.164956,0.000787,0.001122
0,0.045224,0.091002,0.066519,0.131989,0.073476,0.168255,0.000789,0.001588
0,-0.113575,-0.118909,-0.168866,-0.232372,-0.180139,-0.252821,0.001982,0.002075
0,0.02768,-0.110539,0.135905,0.018397,0.086885,0.040365,0.000483,0.001929
0,-0.199301,-0.16235,-0.248225,-0.0323,-0.256863,0.007759,0.003478,0.002834
0,-0.05944,0.030163,0.11954,0.190077,0.130091,0.238585,0.001037,0.000526
0,0.111546,0.086503,0.187951,0.080884,0.201953,0.107494,0.001947,0.00151
0,-0.139076,0.155892,-0.26983,0.094997,-0.275409,0.091298,0.002427,0.002721
0,-0.131267,0.094957,0.027573,-0.066595,0.059461,-0.059637,0.002291,0.001657
0,-0.016283,0.017292,0.122556,-0.052195,0.077013,-0.059915,0.000284,0.000302
0,0.061019,-0.072335,0.051867,-0.086669,0.011343,-0.069496,0.001065,0.001262
0,-0.144286,-0.041298,-0.20777,0.028849,-0.257289,0.029198,0.002518,0.000721
0,0.039687,-0.08542,0.204027,-0.059866,0.187439,-0.011452,0.000693,0.001491
0,-0.057197,0.059307,-0.092042,0.134725,-0.110083,0.124619,0.000998,0.001035
0,-0.150265,0.052058,-0.091452,0.017928,-0.100904,-0.0172,0.002623,0.000909
0,0.069053,-0.092701,0.244135,-0.124908,0.23284,-0.13673,0.001205,0.001618
0,-0.065856,0.119337,-0.128848,0.200801,-0.116812,0.210453,0.001149,0.002083
0,-0.113672,0.119804,-0.059099,0.023025,-0.019623,0.071511,0.001984,0.002091
0,0.006906,0.140713,0.104585,0.039248,0.103495,-0.000487,0.000121,0.002456
0,-0.153246,0.035178,-0.182497,-0.13105,-0.182178,-0.173455,0.002675,0.000614
0,-0.142075,-0.118746,0.017149,-0.157254,-0.010963,-0.165888,0.00248,0.002073
0,-0.262841,0.117117,-0.132667,0.262317,-0.116313,0.312296,0.004587,0.002044
0,-0.061938,-0.014204,0.183124,-0.115279,0.16078,-0.117145,0.001081,0.000248
0,-0.162129,-0.034836,-0.073517,-0.016243,-0.113929,0.030317,0.00283,0.000608
0,-0.03945,0.110389,0.135872,0.171213,0.105566,0.125947,0.000689,0.001927
0,0.033559,-0.139465,0.082844,-0.249326,0.042196,-0.292212,0.000586,0.002434
0,0.057514,-0.14384,0.034089,-0.022094,0.034461,-0.052158,0.001004,0.00251
0,-0.084844,0.002733,-0.131498,0.144781,-0.088353,0.16917,0.001481,4.8e-05
0,-0.172788,0.055189,-0.0921,0.080326,-0.111321,0.078665,0.003016,0.000963
0,0.075755,-0.119483,0.247941,-0.167118,0.268448,-0.17516,0.001322,0.002085
0,-0.132388,-0.105898,-0.199629,0.009305,-0.24823,-0.003139,0.002311,0.001848
0,-0.159874,0.049098,-0.049171,0.140541,-0.038653,0.144743,0.00279,0.000857
0,-0.244837,-0.158308,-0.102372,-0.213986,-0.114833,-0.17479,0.004273,0.002763
0,-0.126424,0.115198,0.144491,0.25185,0.145968,0.29048,0.002207,0.002011
0,0.006986,-0.032011,0.105369,-0.157709,0.147486,-0.121414,0.000122,0.000559
0,-0.158448,0.096128,-0.165964,0.121911,-0.12904,0.1569,0.002765,0.001678
0,-0.185132,-0.163463,-0.051789,-0.248221,-0.03621,-0.239865,0.003231,0.002853
0,-0.112468,-0.112521,0.045894,0.03815,0.031953,0.041464,0.001963,0.001964
0,0.146383,-0.109216,0.229938,0.025681,0.230022,-0.021438,0.002555,0.001906
0,0.12677,-0.162268,0.006393,-0.047426,-0.037818,-0.087802,0.002213,0.002832
0,-0.105456,0.102153,-0.204238,0.260803,-0.19272,0.284852,0.001841,0.001783
0,0.111738,-0.164571,0.21743,-0.244927,0.259454,-0.240228,0.00195,0.002872
0,-0.052987,-0.10836,-0.146199,0.027409,-0.139398,0.009442,0.000925,0.001891
0,0.154437,-0.155602,0.195065,-0.019038,0.185991,-0.009684,0.002695,0.002716
0,-0.050892,0.043877,-0.182193,0.17706,-0.191642,0.198872,0.000888,0.000766
0,0.189688,0.036033,0.266433,-0.013447,0.242298,-0.028139,0.003311,0.000629
0,-0.086814,-0.095416,-0.281177,-0.141972,-0.325515,-0.161772,0.001515,0.001665
0,-0.028869,-0.123347,0.071229,-9.7e-05,0.035337,-0.047814,0.000504,0.002153
0,0.226847,-0.165052,0.235018,-0.044209,0.270739,-0.03832,0.003959,0.002881
0,0.18052,-0.077084,-0.050714,0.117307,-0.098319,0.092807,0.003151,0.001345
0,0.206236,-0.132505,0.054716,-0.074005,0.069939,-0.097627,0.0036,0.002313
0,0.127124,0.100128,-0.103949,0.229183,-0.148102,0.237899,0.002219,0.001748
0,-0.039458,0.128518,-0.148091,0.05798,-0.181517,0.08528,0.000689,0.002243
0,-0.136563,0.002501,-0.079203,-0.09861,-0.033342,-0.061954,0.002383,4.4e-05
0,0.145235,0.042087,0.261836,0.044205,0.231086,0.070201,0.002535,0.000735
0,0.054695,0.087553,-0.078755,0.048317,-0.10412,0.030989,0.000955,0.001528
0,-0.057999,-0.117348,-0.092363,-0.214179,-0.134581,-0.190901,0.001012,0.002048
0,-0.007695,-0.072778,0.026486,0.018296,0.068205,-0.015858,0.000134,0.00127
0,-0.085918,0.04966,-0.072275,0.141053,-0.078846,0.176504,0.0015,0.000867
0,0.001719,0.044931,0.112313,0.022375,0.162063,0.037365,3e-05,0.000784
0,-0.01652,-0.066525,0.000363,-0.081487,-0.021164,-0.086818,0.000288,0.001161
0,-0.102437,0.125487,-0.075488,0.174438,-0.06835,0.168425,0.001788,0.00219
0,-0.020708,0.00428,0.052981,-0.101006,0.066734,-0.077281,0.000361,7.5e-05
0,-0.135915,-0.127493,-0.11964,-0.134673,-0.169068,-0.107704,0.002372,0.002225
0,-0.088478,-0.066904,0.053139,0.079239,0.029306,0.037505,0.001544,0.001168
0,-0.118797,0.069099,-0.013057,0.116222,0.000586,0.110007,0.002073,0.001206
0,-0.2532,0.018597,-0.113824,-0.021394,-0.112603,-0.036267,0.004419,0.000325
0,-0.027794,0.029685,0.227655,0.008076,0.228834,-0.02077,0.000485,0.000518
0,-0.175576,0.022753,-0.138991,0.009833,-0.170903,0.013763,0.003064,0.000397
0,-0.179388,0.075538,0.007356,0.040964,-0.02314,0.000486,0.003131,0.001318
0,0.035489,0.026662,0.239203,-0.070533,0.221922,-0.098627,0.000619,0.000465
0,0.027065,-0.120732,-0.017802,-0.164199,-0.040607,-0.17703,0.000472,0.002107
0,-0.213755,0.106758,-0.218562,0.217947,-0.212321,0.239725,0.003731,0.001863
0,-0.17653,0.138356,0.049574,0.03516,0.016758,0.022275,0.003081,0.002415
0,-0.180833,0.161998,-0.014582,0.050622,0.024174,0.028104,0.003156,0.002827
0,-0.162735,0.023255,0.045126,-0.153124,0.050244,-0.127647,0.00284,0.000406
0,-0.148745,-0.000396,0.011586,-0.007224,0.00814,0.023216,0.002596,7e-06
0,-0.233687,-0.134919,-0.083466,-0.162076,-0.065506,-0.163213,0.004079,0.002355
0,-0.117342,-0.093879,0.126039,0.061362,0.161765,0.078703,0.002048,0.001639
0,-0.021964,0.093828,0.113947,0.206529,0.090048,0.161559,0.000383,0.001638
0,-0.089028,-0.05913,-0.053466,-0.159937,-0.025531,-0.167951,0.001554,0.001032
0,-0.216622,-0.131474,-0.130467,-0.092631,-0.133149,-0.096874,0.003781,0.002295
0,-0.162512,-0.123423,0.078118,-0.005474,0.070027,0.003233,0.002836,0.002154
0,-0.204553,0.130313,-0.030226,0.245319,-0.036536,0.261652,0.00357,0.002274
0,0.057936,0.033267,0.262994,-0.104934,0.235357,-0.066634,0.001011,0.000581
0,-0.191571,0.080299,-0.228027,0.063954,-0.262944,0.060759,0.003344,0.001401
0,0.001261,0.04391,0.217759,-0.02525,0.175392,-0.053138,2.2e-05,0.000766
0,-0.099569,0.123092,-0.101051,0.056069,-0.068268,0.076382,0.001738,0.002148
0,0.123788,0.123652,0.230401,-0.009354,0.277616,-0.044601,0.002161,0.002158
0,-0.121983,-0.111836,-0.241855,-0.256035,-0.200703,-0.253581,0.002129,0.001952
0,-0.064806,-0.082755,0.070445,0.002453,0.112144,0.01758,0.001131,0.001444
0,-0.061276,0.04131,-0.01436,0.116781,-0.046788,0.128861,0.001069,0.000721
0,0.057617,-0.087544,0.104995,-0.129685,0.136287,-0.135251,0.001006,0.001528
0,0.145676,-0.010358,0.107821,0.057651,0.13456,0.087216,0.002543,0.000181
0,-0.066736,-0.206279,-0.22042,-0.209967,-0.194211,-0.177493,0.001165,0.0036
0,-0.013611,-0.18564,0.081055,0.033363,0.124041,0.060706,0.000238,0.00324
0,0.094089,-0.106876,0.124337,0.068114,0.118692,0.076189,0.001642,0.001865
0,-0.020096,-0.069218,-0.124972,0.059997,-0.169497,0.021836,0.000351,0.001208
0,-0.024653,-0.215894,-0.02621,-0.161754,-0.057588,-0.177011,0.00043,0.003768
0,-0.025975,-0.059767,-0.003777,0.131952,-0.004427,0.172055,0.000453,0.001043
0,0.1712,-0.168188,0.207314,-0.117359,0.232425,-0.077522,0.002988,0.002935
0,-0.029488,-0.093749,-0.199992,0.052537,-0.170248,0.013605,0.000515,0.001636
0,0.163897,-0.151561,0.202668,-0.062297,0.18725,-0.020837,0.002861,0.002645
0,0.226336,-0.082213,0.077112,0.087717,0.099895,0.105279,0.00395,0.001435
0,0.1691,-0.070386,-0.042912,0.007807,-0.091721,-0.002053,0.002951,0.001228
0,0.156596,-0.086843,0.014566,-0.031813,0.033113,-0.029348,0.002733,0.001516
0,-0.045501,-0.23756,-0.196787,-0.143431,-0.166621,-0.140099,0.000794,0.004146
0,0.13743,-0.113792,0.179609,0.108934,0.149301,0.064239,0.002399,0.001986
0,-0.070115,-0.076023,-0.1791,0.054316,-0.181954,0.062348,0.001224,0.001327
0,0.05557,-0.078099,0.142874,0.002049,0.189601,0.044413,0.00097,0.001363
0,0.071417,-0.14537,0.020297,-0.078916,-0.014156,-0.047084,0.001246,0.002537
0,-0.018151,-0.020043,-0.060398,0.142921,-0.090537,0.124097,0.000317,0.00035
0,-0.056311,-0.16292,-0.011523,-0.140114,-0.001928,-0.114982,0.000983,0.002843
0,0.055203,-0.085302,0.115468,0.056289,0.135653,0.042799,0.000963,0.001489
0,0.099674,-0.068828,0.016899,0.012986,0.061928,0.019716,0.00174,0.001201
0,-0.158244,-0.100951,-0.24793,-0.044056,-0.234172,-0.061728,0.002762,0.001762
0,-0.028325,-0.081992,0.133838,0.019816,0.181197,0.042278,0.000494,0.001431
0,0.026914,-0.086371,0.033328,-0.029861,0.066893,-0.035053,0.00047,0.001507
0,-0.027406,-0.123921,-0.048028,-0.016839,-0.063357,-0.047382,0.000478,0.002163
0,-0.197334,-0.116385,-0.174315,0.014787,-0.204379,0.033804,0.003444,0.002031
0,-0.033608,-0.134392,0.147305,-0.030183,0.133362,-0.077642,0.000587,0.002346
0,-0.01471,0.083653,-0.007888,0.242826,-0.050801,0.21999,0.000257,0.00146
0,-0.014681,-0.180045,0.022309,-0.251711,0.010872,-0.246642,0.000256,0.003142
0,-0.093295,0.045353,-0.087904,0.239897,-0.103658,0.226059,0.001628,0.000792
0,0.115536,-0.038387,0.226152,-0.057148,0.218477,-0.056675,0.002016,0.00067
0,-0.01408,0.086237,-0.109893,0.139729,-0.137959,0.121541,0.000246,0.001505
0,-0.231225,0.007229,-0.228301,-0.102892,-0.247813,-0.058508,0.004036,0.000126
0,-0.02706,-0.058111,0.208609,-0.06927,0.183447,-0.026742,0.000472,0.001014
0,0.072108,0.036749,0.097636,0.084701,0.07176,0.132312,0.001259,0.000641
0,0.035422,-0.153318,-0.049909,-0.204429,-0.004814,-0.237506,0.000618,0.002676
0,0.03582,-0.16955,0.012282,-0.034038,0.006506,-0.042749,0.000625,0.002959
0,-0.135969,0.084684,-0.188357,0.277663,-0.19696,0.236818,0.002373,0.001478
0,0.089478,0.097135,0.204628,0.003157,0.235695,0.042594,0.001562,0.001695
0,-0.103729,0.11843,-0.18303,-0.004225,-0.163146,-0.028072,0.00181,0.002067
0,0.018636,-0.009071,0.109792,-0.119046,0.093616,-0.142016,0.000325,0.000158
0,-0.035779,-0.043985,-0.083834,-0.043224,-0.115903,-0.063458,0.000624,0.000768
0,-0.008315,0.015849,0.026502,0.075675,0.011314,0.050297,0.000145,0.000277
0,-0.09517,-0.034249,-0.108527,-0.059946,-0.154851,-0.058641,0.001661,0.000598
0,-0.212522,-0.194895,-0.108517,-0.174631,-0.124347,-0.223044,0.003709,0.003402
0,-0.127283,-0.146252,0.081148,0.067859,0.118927,0.111973,0.002222,0.002553
0,0.043777,0.081919,0.160376,0.216842,0.124082,0.185859,0.000764,0.00143
0,0.016049,-0.212068,-0.002435,-0.264213,-0.039228,-0.226948,0.00028,0.003701
0,-0.131328,-0.150448,-0.135764,0.088934,-0.100292,0.061612,0.002292,0.002626
0,-0.145946,-0.133843,-0.00596,0.02141,-0.054403,0.066593,0.002547,0.002336
0,0.046871,-0.057665,0.169066,0.05612,0.147861,0.038132,0.000818,0.001006
0,-0.000655,0.045994,-0.055771,0.111078,-0.099881,0.14169,1.1e-05,0.000803
0,-0.023119,-0.162608,-0.000833,-0.186412,0.011384,-0.14958,0.000404,0.002838
0,-0.085079,0.133262,-0.067641,0.315086,-0.069629,0.265622,0.001485,0.002326
0,-0.06609,-0.149001,0.027535,-0.296039,0.011772,-0.25132,0.001153,0.002601
0,-0.058495,0.050733,0.006486,0.222333,-0.034588,0.199976,0.001021,0.000885
0,-0.317554,-0.077517,-0.279098,-0.099207,-0.277417,-0.125798,0.005542,0.001353
0,-0.315423,-0.03359,-0.005683,0.068696,-0.005359,0.030333,0.005505,0.000586
0,-0.255994,0.06926,0.043157,0.128399,0.055421,0.177138,0.004468,0.001209
0,-0.054488,-0.094694,0.212306,-0.151548,0.24276,-0.146816,0.000951,0.001653
0,-0.090154,-0.014873,-0.052199,0.069264,-0.069657,0.030377,0.001573,0.00026
0,-0.172386,0.029403,-0.102416,0.066377,-0.100698,0.020656,0.003009,0.000513
0,-0.045251,0.084372,0.106062,0.066849,0.088759,0.109138,0.00079,0.001473
0,-0.034848,0.11767,-0.008463,0.014228,0.037606,-0.015639,0.000608,0.002054
0,-0.196105,-0.088088,-0.143785,-0.217866,-0.132849,-0.226368,0.003423,0.001537
0,0.030099,-0.015103,0.207279,0.090442,0.220621,0.040939,0.000525,0.000264
0,0.072831,-0.117679,0.052165,-0.12821,0.054853,-0.140138,0.001271,0.002054
0,-0.042068,-0.079476,-0.136045,0.028651,-0.15021,-0.008164,0.000734,0.001387
0,-0.123538,-0.123666,-0.082909,-0.04028,-0.047908,-0.015914,0.002156,0.002158
0,0.074824,-0.11265,0.17178,0.026094,0.122619,0.009172,0.001306,0.001966
0,0.06251,-0.106688,0.01457,-0.021692,0.063192,-0.040308,0.001091,0.001862
0,-6.1e-05,-0.091453,-0.053939,0.006635,-0.09266,0.040465,1e-06,0.001596
0,0.230991,0.01444,0.25029,0.101024,0.274993,0.051305,0.004032,0.000252
0,0.228263,0.164521,-0.026364,0.137887,-0.074336,0.15434,0.003984,0.002871
0,0.104143,0.000469,-0.112543,-0.149665,-0.152708,-0.100775,0.001818,8e-06
0,0.187841,0.04307,0.096227,0.068357,0.088375,0.07374,0.003278,0.000752
0,0.191297,0.061513,-0.006883,0.034131,0.035282,0.073336,0.003339,0.001074
0,0.049497,-0.016139,-0.151942,-0.072712,-0.177131,-0.107205,0.000864,0.000282
0,0.053522,0.01984,-0.025817,0.027142,-0.055866,0.031301,0.000934,0.000346
0,0.085951,-0.012177,0.003986,-0.027485,0.005626,-0.034796,0.0015,0.000213
0,0.245409,0.104872,0.133944,0.135276,0.104502,0.159992,0.004283,0.00183
0,-0.006261,0.075442,-0.248848,-0.013295,-0.29112,0.031308,0.000109,0.001317
0,-0.032554,-0.064386,-0.014864,-0.162258,-0.015777,-0.143852,0.000568,0.001124
0,0.196048,0.013658,0.24994,0.061543,0.2099,0.097011,0.003422,0.000238
0,0.15084,-0.024121,-0.033014,-0.032534,0.004653,0.004987,0.002633,0.000421
0,0.222247,0.105526,0.096037,0.123628,0.050221,0.138669,0.003879,0.001842
0,0.050353,0.139147,-0.170758,0.017776,-0.144482,0.057749,0.000879,0.002429
0,0.173506,-0.079557,0.120832,-0.204673,0.138987,-0.230835,0.003028,0.001389
0,-0.044702,-0.037181,-0.199343,0.027499,-0.203706,0.0607,0.00078,0.000649
0,0.04212,-0.014719,0.092245,0.000579,0.106505,-0.047802,0.000735,0.000257
0,0.160611,0.010647,0.089413,-0.002588,0.060795,0.00084,0.002803,0.000186
0,0.173933,0.152832,0.00151,0.166795,-0.002455,0.160329,0.003036,0.002667
0,0.195312,0.115783,0.011783,-0.062471,0.022014,-0.029573,0.003409,0.002021
0,-0.063217,0.003203,-0.234857,-0.134253,-0.212183,-0.135112,0.001103,5.6e-05
0,-0.113751,-0.054539,-0.07505,-0.034237,-0.123943,-0.064446,0.001985,0.000952
0,-0.028166,0.141154,0.105451,0.201465,0.149746,0.198367,0.000492,0.002464
0,-0.095691,0.078154,-0.045594,-0.060634,-0.086837,-0.0295,0.00167,0.001364
0,-0.098393,-0.049579,-0.006602,-0.14011,0.015792,-0.124732,0.001717,0.000865
0,-0.082433,0.014865,0.023094,0.074678,0.032525,0.029113,0.001439,0.000259
0,-0.149198,0.041623,-0.039591,0.025404,-0.003052,0.031369,0.002604,0.000726
0,-0.022257,-0.080647,0.105012,-0.13363,0.147882,-0.128908,0.000388,0.001408
0,0.14396,0.054559,0.137448,0.134735,0.116514,0.154407,0.002513,0.000952
0,0.107699,0.140844,-0.025553,0.066318,0.014848,0.08558,0.00188,0.002458
0,-0.059352,0.121333,-0.176724,-0.038216,-0.13052,-0.072405,0.001036,0.002118
0,-0.059488,0.127695,-0.004087,0.031728,0.020799,0.057293,0.001038,0.002229
0,-0.023534,0.103312,0.014992,-0.03862,-0.006237,-0.020344,0.000411,0.001803
0,-0.056577,-0.002183,-0.007905,-0.085191,-0.040515,-0.08471,0.000987,3.8e-05
0,-0.225364,-0.066587,-0.15558,-0.059584,-0.120005,-0.103113,0.003933,0.001162
0,0.027841,-0.101328,0.24088,-0.023375,0.236821,-0.016093,0.000486,0.001769
0,0.055953,-0.139834,0.045042,-0.023348,0.04098,-0.034029,0.000977,0.002441
0,0.07772,0.004277,-0.00548,0.125791,0.008351,0.132248,0.001356,7.5e-05
0,-0.140043,0.111918,-0.243879,0.127626,-0.293167,0.120737,0.002444,0.001953
0,0.085422,-0.003908,0.242475,-0.101794,0.232123,-0.07928,0.001491,6.8e-05
0,-0.029841,-0.164703,-0.130939,-0.13433,-0.135335,-0.129535,0.000521,0.002875
0,-0.136195,-0.148173,-0.125235,0.046522,-0.085537,0.046548,0.002377,0.002586
0,-0.051429,-0.052001,0.105936,0.075784,0.058925,0.049599,0.000898,0.000908
0,-0.087352,-0.028531,-0.062222,-0.001572,-0.061847,0.02,0.001525,0.000498
0,-0.106183,-0.092205,-0.047411,-0.046881,-0.082862,-0.001677,0.001853,0.001609
0,-0.155723,-0.038452,-0.069596,0.047758,-0.089128,0.080063,0.002718,0.000671
0,-0.187983,0.040353,-0.061759,0.070751,-0.097988,0.039907,0.003281,0.000704
0,-0.063225,0.039958,0.126514,-0.019182,0.080281,-0.01369,0.001103,0.000697
0,-0.037632,-0.064608,0.00021,-0.130971,-0.024519,-0.171838,0.000657,0.001128
0,-0.079378,-0.110169,-0.013701,-0.033276,0.012372,0.000512,0.001385,0.001923
0,0.076514,-0.135278,0.183268,-0.019206,0.180502,-0.020426,0.001335,0.002361
0,-0.161548,-0.171827,-0.219385,-0.014365,-0.259142,0.034954,0.00282,0.002999
0,0.019194,0.026997,0.170072,0.171914,0.176315,0.168562,0.000335,0.000471
0,-0.030406,-0.129092,-0.030983,-0.162956,0.007469,-0.122918,0.000531,0.002253
0,-0.157723,-0.162411,-0.13365,-0.015987,-0.129107,0.026626,0.002753,0.002835
0,-0.08983,0.113315,0.054747,0.300211,0.084918,0.274515,0.001568,0.001978
0,0.089255,-0.146065,0.183362,-0.23847,0.223751,-0.234193,0.001558,0.002549
0,0.142228,0.084891,0.076951,0.234952,0.079186,0.233091,0.002482,0.001482
0,-0.129409,0.008366,-0.260231,-0.062524,-0.267526,-0.07636,0.002259,0.000146
0,0.051895,-0.077794,0.199129,-0.084641,0.24812,-0.088576,0.000906,0.001358
0,0.057741,-0.099115,-0.017511,-0.044291,-0.000637,-0.023826,0.001008,0.00173
0,-0.013217,-0.063314,-0.063015,0.009908,-0.07058,0.059454,0.000231,0.001105
0,0.076975,-0.062486,0.074398,-0.010271,0.050297,0.022942,0.001343,0.001091
0,-0.061502,0.01885,-0.148083,0.075379,-0.18856,0.086824,0.001073,0.000329
0,0.0246,0.05655,0.097102,0.065001,0.099593,0.062656,0.000429,0.000987
0,-0.072313,-0.073997,-0.124951,-0.12757,-0.094044,-0.149116,0.001262,0.001291
0,0.692305,0.084701,0.755571,0.175067,0.747317,0.210708,0.000331,0.001478
0,1.00634,0.070523,0.333016,-0.030888,0.355245,-0.071225,0.005812,0.001231
0,1.502257,0.33165,0.504938,0.250922,0.541101,0.233073,0.002716,0.005788
0,2.10906,0.439854,0.610035,0.084837,0.627195,0.107635,0.001555,0.004075
0,2.291853,0.377193,0.180959,-0.05143,0.220555,-0.090903,0.004745,0.005168
0,1.693077,0.148107,-0.572715,-0.214375,-0.561858,-0.229221,0.005705,0.002585
0,1.2949,0.23451,-0.407275,0.077463,-0.359168,0.060997,0.000903,0.004093
0,0.96271,0.236948,-0.346671,-0.009352,-0.305142,-0.051805,0.005051,0.004136
0,0.63303,0.079452,-0.30911,-0.149199,-0.338121,-0.110469,0.000703,0.001387
0,0.468251,0.11868,-0.18502,0.042057,-0.187973,0.043844,0.003579,0.002071
0,0.006564,-0.02324,-0.478821,-0.148621,-0.506676,-0.183243,0.000115,0.000406
0,-0.160481,0.064076,-0.156814,0.09461,-0.194998,0.04838,0.002801,0.001118
0,-0.090856,0.222965,0.08851,0.172584,0.049,0.181324,0.001586,0.003891
0,-0.155556,0.093253,-0.063908,-0.15112,-0.082547,-0.114036,0.002715,0.001628
0,-0.201581,-0.021498,-0.052833,-0.106094,-0.086028,-0.108824,0.003518,0.000375
0,-0.052842,-0.045719,0.131933,-0.040916,0.145113,-0.087037,0.000922,0.000798
0,-0.150184,0.017957,-0.073142,0.043489,-0.047819,0.054086,0.002621,0.000313
0,-0.108217,0.086228,0.024476,0.071205,0.009701,0.088805,0.001889,0.001505
0,-0.033647,0.070543,0.097196,0.008782,0.128705,0.050205,0.000587,0.001231
0,-0.003434,-0.084052,0.050304,-0.13052,0.050661,-0.081954,6e-05,0.001467
0,-0.009964,0.171101,-0.027878,0.244347,0.017178,0.203898,0.000174,0.002986
0,-0.089872,0.101379,-0.079755,-0.055779,-0.11965,-0.063664,0.001569,0.001769
0,-0.101352,0.01815,0.015699,-0.082954,0.000922,-0.104267,0.001769,0.000317
0,-0.145989,-0.014546,-0.067894,-0.027921,-0.117685,0.011179,0.002548,0.000254
0,0.038026,-0.083716,0.208441,-0.060942,0.196647,-0.083806,0.000664,0.001461
0,-0.188955,-0.054199,-0.246245,0.050821,-0.220085,0.073913,0.003298,0.000946
0,-0.151796,-0.085178,0.063588,-0.021094,0.031021,-0.021942,0.002649,0.001487
0,0.09671,0.037136,0.260031,0.1124,0.211753,0.063602,0.001688,0.000648
0,0.082399,0.140642,0.007446,0.130737,-0.040954,0.106951,0.001438,0.002455
0,0.096672,-0.044523,0.023516,-0.176208,0.02774,-0.185005,0.001687,0.000777
0,-0.172648,-0.078707,-0.294405,-0.038144,-0.332355,-0.047215,0.003013,0.001374
0,0.699324,2.368974,0.848373,2.444798,0.891173,2.446022,0.000454,0.00566
0,1.522557,2.485998,0.807975,0.118006,0.849119,0.164518,0.00307,0.003618
0,1.669839,2.476758,0.175701,8.2e-05,0.220621,0.00816,0.005641,0.003779
0,1.485564,2.386704,-0.188221,-0.072571,-0.179875,-0.117705,0.002425,0.005351
0,1.415569,2.017432,-0.051271,-0.358854,-0.053441,-0.395224,0.001203,4.4e-05
0,1.429933,1.435214,0.018287,-0.579178,-0.000557,-0.602461,0.001454,0.001546
0,1.353849,0.981554,-0.048924,-0.427716,-0.070113,-0.392649,0.000126,0.00538
0,0.832785,0.659053,-0.495339,-0.305865,-0.519565,-0.28377,0.002783,0.000249
0,0.626085,0.429368,-0.21445,-0.253426,-0.175432,-0.290043,0.000824,0.004258
0,0.662872,0.2592,0.065471,-0.150967,0.068504,-0.144743,0.000182,0.004524
0,0.212902,-0.08219,-0.467553,-0.319767,-0.457604,-0.278889,0.003716,0.001434
0,0.197638,-0.29292,-0.035787,-0.188369,0.004269,-0.225891,0.003449,0.005112
0,0.164209,-0.297744,-0.028147,-0.025055,-0.04462,-0.027297,0.002866,0.005197
0,0.129207,-0.310524,-0.005695,0.011705,-0.025641,-0.000682,0.002255,0.00542
0,-0.007124,-0.242943,-0.111494,0.045441,-0.115507,0.092046,0.000124,0.00424
0,-0.015363,-0.458708,0.002167,-0.226759,0.051962,-0.275187,0.000268,0.003746
0,-0.008998,-0.169683,0.011157,0.301556,-0.026593,0.292555,0.000157,0.002962
0,-0.168144,-0.281892,-0.13483,-0.100191,-0.164612,-0.076136,0.002935,0.00492
0,-0.103768,-0.318295,0.056111,-0.065305,0.033163,-0.081316,0.001811,0.005555
0,-0.16583,-0.32949,-0.04394,-0.03625,-0.082277,-0.026741,0.002894,0.005751
0,-0.169532,-0.218,0.01071,0.106328,0.004845,0.059842,0.002959,0.003805
0,0.005926,-0.179626,0.146113,0.044371,0.148222,-0.001694,0.000103,0.003135
0,-0.072189,-0.072145,-0.09221,0.119405,-0.140308,0.101177,0.00126,0.001259
0,0.094287,-0.321697,0.17997,-0.255137,0.176232,-0.290479,0.001646,0.005615
0,0.035166,0.004628,-0.07143,0.313604,-0.028329,0.321683,0.000614,8.1e-05
0,-0.039769,-0.189621,-0.059205,-0.166328,-0.086798,-0.166254,0.000694,0.00331
0,0.197343,-0.059966,0.232191,0.125025,0.279821,0.171877,0.003444,0.001047
0,-0.004072,-0.217764,-0.22296,-0.133071,-0.207092,-0.146324,7.1e-05,0.003801
0,0.204038,-0.212785,0.192329,0.002558,0.165018,-0.006853,0.003561,0.003714
0,0.140131,-0.207883,-0.072761,0.012495,-0.085161,0.019892,0.002446,0.003628
0,0.14182,-0.009388,-0.021599,0.216468,-0.036776,0.182464,0.002475,0.000164
0,0.211257,-0.083895,0.082965,-0.069164,0.120919,-0.037328,0.003687,0.001464
0,0.166822,-0.209977,-0.050568,-0.098163,-0.019285,-0.144855,0.002912,0.003665
0,0.29493,0.046609,0.123512,0.259571,0.074156,0.251372,0.005148,0.000813
0,0.037122,0.031399,-0.285827,-0.03965,-0.295323,-0.068884,0.000648,0.000548
0,-0.020215,0.071888,-0.083241,0.05674,-0.071992,0.076348,0.000353,0.001255
0,0.01034,-0.195623,0.028254,-0.27404,-0.020727,-0.26573,0.00018,0.003414
0,0.132977,0.091913,0.110894,0.298883,0.100129,0.269959,0.002321,0.001604
0,3.854549,-0.106185,3.717517,-0.203932,3.723766,-0.250253,0.003236,0.001853
0,4.646987,0.04806,0.779265,0.132561,0.807302,0.174606,0.001157,0.000839
0,5.536185,-0.071239,0.862773,-0.093493,0.856536,-0.087232,0.002611,0.001243
0,4.809684,-0.002797,-0.708817,0.060736,-0.707198,0.031406,0.001683,4.9e-05
0,4.108515,-0.10297,-0.725681,-0.097379,-0.681256,-0.142085,0.001197,0.001797
0,2.752858,0.053048,-1.3621,0.151611,-1.405096,0.167208,0.00104,0.000926
0,1.493099,0.03495,-1.289091,-0.028639,-1.273362,0.001701,0.002556,0.00061
0,0.903894,-0.167403,-0.57835,-0.221213,-0.549493,-0.26676,0.004024,0.002922
0,0.369781,0.078553,-0.538134,0.25061,-0.550788,0.231696,0.005298,0.001371
0,0.019325,-0.145867,-0.370299,-0.242991,-0.35058,-0.258695,0.000337,0.002546
0,-0.232266,0.005486,-0.234507,0.167134,-0.262362,0.121659,0.004054,9.6e-05
0,-0.388671,-0.048737,-0.139307,-0.036862,-0.176577,-0.042776,0.004968,0.000851
0,-0.249475,-0.031052,0.137792,0.01188,0.176295,0.040315,0.004354,0.000542
0,-0.324153,-0.087473,-0.051265,-0.06928,-0.021619,-0.033571,0.005658,0.001527
0,-0.168174,-0.080712,0.178339,-0.001615,0.157445,0.023124,0.002935,0.001409
0,-0.33151,0.044993,-0.137306,0.124854,-0.097816,0.108325,0.005786,0.000785
0,-0.358257,-0.021213,-0.019775,-0.036425,-0.049904,-0.051182,0.005499,0.00037
0,-0.19334,-0.098697,0.140132,-0.085762,0.11168,-0.04782,0.003374,0.001723
0,-0.357805,-0.086613,-0.138007,0.009251,-0.175404,0.012988,0.005507,0.001512
0,-0.280042,-0.035073,0.066268,0.038624,0.099972,7.3e-05,0.004888,0.000612
0,-0.128097,0.000398,0.166276,0.02026,0.187714,0.021288,0.002236,7e-06
0,-0.232313,-0.046389,-0.122608,-0.024371,-0.13359,-0.055418,0.004055,0.00081
0,-0.145557,0.001554,0.111927,0.06509,0.149166,0.085557,0.00254,2.7e-05
0,-0.219027,-0.1235,-0.055114,-0.098898,-0.048929,-0.113374,0.003823,0.002155
0,-0.145903,0.003046,0.044383,0.101988,0.010189,0.131135,0.002546,5.3e-05
0,-0.272288,-0.106698,-0.149203,-0.10363,-0.169181,-0.109306,0.004752,0.001862
0,-0.00511,-0.084736,0.292788,0.010392,0.301339,0.060224,8.9e-05,0.001479
0,-0.204258,-0.209606,-0.228915,-0.138774,-0.23158,-0.139795,0.003565,0.003658
0,-0.095616,0.04538,0.08382,0.25428,0.042423,0.243458,0.001669,0.000792
0,-0.091488,-0.047636,0.021697,-0.104571,0.00699,-0.112699,0.001597,0.000831
0,-0.182398,0.036893,-0.07804,0.096476,-0.059099,0.087796,0.003183,0.000644
0,-0.100347,-0.063545,0.088517,-0.097812,0.129252,-0.104539,0.001751,0.001109
0,-0.022607,-0.080569,0.10666,-0.01129,0.064451,0.027678,0.000395,0.001406
0,-1.509482,0.718806,-1.486688,0.772511,-1.520591,0.754509,0.002842,0.000794
0,-2.711506,2.282184,-1.180212,1.588348,-1.164234,1.59554,0.000318,0.004577
0,-2.688936,2.239756,0.045548,-0.019292,0.023411,0.024078,7.6e-05,0.003836
0,-3.547317,2.191363,-0.838532,-0.069256,-0.792357,-0.057389,0.003154,0.002991
0,-3.641656,1.701037,-0.066815,-0.476663,-0.075997,-0.503537,0.0048,0.005566
0,-2.940116,1.32461,0.719812,-0.398648,0.673535,-0.39994,0.004308,0.000385
0,-1.844767,0.967333,1.092106,-0.342255,1.05632,-0.35576,0.003058,0.005131
0,-1.349861,0.599765,0.524884,-0.397062,0.502808,-0.367556,5.6e-05,0.001284
0,-1.064256,0.314676,0.300268,-0.28982,0.33441,-0.285702,0.004929,0.005492
0,-0.377434,0.436464,0.675759,0.133277,0.699422,0.12032,0.005164,0.004134
0,-0.204252,0.333161,0.200753,-0.117908,0.162123,-0.156951,0.003565,0.005815
0,-0.107976,0.099178,0.076898,-0.230225,0.080783,-0.222303,0.001885,0.001731
0,-0.145417,0.075317,-0.028867,-0.001725,0.014909,-0.013762,0.002538,0.001315
0,0.065475,0.177853,0.22556,0.077893,0.205373,0.047478,0.001143,0.003104
0,0.074165,0.206943,0.000762,0.046039,-0.015229,0.084176,0.001294,0.003612
0,-0.156211,0.211255,-0.255334,-0.014732,-0.264136,-0.0257,0.002726,0.003687
0,0.078991,0.008176,0.23314,-0.189419,0.217757,-0.142797,0.001379,0.000143
0,-0.098561,0.19658,-0.182489,0.168813,-0.156835,0.144631,0.00172,0.003431
0,-0.090808,0.238167,-0.00738,0.060631,0.021494,0.087731,0.001585,0.004157
0,0.085271,0.026115,0.158395,-0.203032,0.174946,-0.245098,0.001488,0.000456
0,-0.095019,0.247957,-0.154177,0.2012,-0.155674,0.189304,0.001658,0.004328
0,0.08032,0.155852,0.167468,-0.072119,0.213484,-0.063654,0.001402,0.00272
0,0.130584,0.228167,0.034646,0.044265,-0.011044,0.020637,0.002279,0.003982
0,0.108558,0.182244,-0.022154,-0.07346,0.011507,-0.038499,0.001895,0.003181
0,-0.020793,0.065839,-0.154558,-0.090521,-0.200345,-0.040794,0.000363,0.001149
0,0.174527,0.219298,0.200466,0.133776,0.165464,0.175041,0.003046,0.003827
0,-0.004395,0.008168,-0.169439,-0.233667,-0.188641,-0.264846,7.7e-05,0.000143
0,-0.008882,0.120012,0.020528,0.104193,-0.01033,0.095184,0.000155,0.002095
0,0.106606,0.171458,0.106997,0.045024,0.155742,0.009699,0.001861,0.002993
0,0.175585,-0.082547,0.049959,-0.246403,0.000962,-0.224664,0.003065,0.001441
0,0.011742,0.06187,-0.149526,0.122698,-0.143058,0.150622,0.000205,0.00108
0,0.135236,-0.089626,0.109247,-0.127833,0.091514,-0.119708,0.00236,0.001564
0,0.294108,0.015202,0.173588,0.094391,0.212435,0.098898,0.005133,0.000265
0,0.017737,-0.016386,-0.284874,-0.057391,-0.317146,-0.102896,0.00031,0.000286
0,0.086165,0.007658,0.039324,0.036784,0.026325,0.059619,0.001504,0.000134
0,0.071246,0.125523,-0.016692,0.130182,-0.062794,0.129959,0.001243,0.002191
0,0.13159,0.096355,0.037773,-0.036495,-0.011056,-0.030772,0.002297,0.001682
0,0.019418,0.109398,-0.128436,0.026963,-0.14318,0.020939,0.000339,0.001909
0,0.204963,-0.113233,0.164618,-0.193343,0.193307,-0.18608,0.003577,0.001976
0,0.219869,0.165666,0.014278,0.29405,0.028524,0.259554,0.003837,0.002891
0,0.126168,0.098221,-0.095822,-0.08923,-0.130309,-0.069471,0.002202,0.001714
0,0.105189,0.206281,-0.025603,0.099837,-0.014122,0.072495,0.001836,0.0036
0,0.197735,0.041466,0.088231,-0.160697,0.072397,-0.155914,0.003451,0.000724
0,-0.003731,0.157638,-0.180414,0.134327,-0.140559,0.094173,6.5e-05,0.002751
0,0.16367,-0.013917,0.13807,-0.189988,0.093718,-0.169743,0.002857,0.000243
0,0.212639,0.235874,0.042073,0.247596,0.074302,0.251571,0.003711,0.004117
0,0.070751,-0.045011,-0.164909,-0.273626,-0.213435,-0.297213,0.001235,0.000786
0,0.137932,0.209482,0.081466,0.271007,0.090502,0.232726,0.002407,0.003656
0,-0.012119,-0.039642,-0.172883,-0.263619,-0.186596,-0.275072,0.000212,0.000692
0,0.062915,0.209302,0.091708,0.224094,0.092537,0.207334,0.001098,0.003653
0,0.146094,0.074662,0.089337,-0.162685,0.07092,-0.176085,0.00255,0.001303
0,-0.009535,0.051346,-0.162706,-0.040033,-0.119048,-0.078662,0.000166,0.000896
0,0.099126,0.063633,0.124632,0.009963,0.167216,0.058966,0.00173,0.001111
0,-0.038842,0.157508,-0.166486,0.086196,-0.187137,0.057208,0.000678,0.002749
0,0.010976,0.049305,0.078273,-0.080003,0.086159,-0.0578,0.000192,0.000861
0,0.212515,0.110403,0.181947,0.034541,0.15344,0.053156,0.003709,0.001927
0,-0.033216,-0.05151,-0.244741,-0.183981,-0.278935,-0.15064,0.00058,0.000899
0,0.191016,-0.000309,0.203244,0.027045,0.202996,0.073797,0.003334,5e-06
0,0.258166,0.111333,0.038003,0.107074,0.037721,0.076664,0.004506,0.001943
0,0.008409,-0.090353,-0.248451,-0.227523,-0.223654,-0.242248,0.000147,0.001577
0,0.074828,0.01554,0.078863,0.114006,0.043756,0.14085,0.001306,0.000271
0,0.235386,-0.029314,0.185917,-0.047919,0.138199,-0.066462,0.004108,0.000512
0,0.146194,-0.002437,-0.105356,0.034886,-0.079543,-0.008986,0.002552,4.3e-05
0,0.03506,0.07058,-0.090538,0.061855,-0.130287,0.056764,0.000612,0.001232
0,-0.016928,-0.033616,-0.058956,-0.085851,-0.031483,-0.127614,0.000295,0.000587
0,0.229075,-0.053136,0.235103,-0.019184,0.229967,-0.014886,0.003998,0.000927
0,0.01155,-0.116431,-0.246172,-0.055388,-0.29255,-0.035338,0.000202,0.002032
0,0.064346,-0.030738,0.081382,0.098756,0.086916,0.11317,0.001123,0.000536
0,0.000807,0.13905,-0.045589,0.161565,-0.074993,0.132887,1.4e-05,0.002427
0,0.09937,-0.018249,0.104807,-0.177849,0.128229,-0.185034,0.001734,0.000319
0,0.102334,-0.024651,0.01956,0.003664,0.05872,-0.036244,0.001786,0.00043
0,0.216446,-0.028146,0.105976,0.011118,0.144596,-0.007726,0.003778,0.000491
0,0.290066,0.03821,0.066662,0.094421,0.090241,0.051708,0.005063,0.000667
0,0.080533,0.076686,-0.181361,0.02437,-0.214861,0.044729,0.001406,0.001338
0,0.017795,-0.091155,-0.072779,-0.151134,-0.039429,-0.166899,0.000311,0.001591
0,0.254088,-0.13979,0.215257,-0.074121,0.182144,-0.044883,0.004435,0.00244
0,0.328836,-0.033982,0.088957,0.081875,0.120511,0.128675,0.005739,0.000593
0,0.194867,0.1344,-0.14601,0.197751,-0.148443,0.193755,0.003401,0.002346
0,-0.011905,0.098126,-0.223811,-0.050967,-0.271947,-0.072301,0.000208,0.001713
0,0.058239,-0.06808,0.093772,-0.152475,0.078023,-0.11658,0.001016,0.001188
0,0.080066,-0.040534,0.046386,0.028999,0.000601,0.046909,0.001397,0.000707
0,-0.05226,0.123368,-0.142844,0.170851,-0.097684,0.145184,0.000912,0.002153
0,0.017346,-0.043079,0.071016,-0.169688,0.108294,-0.219662,0.000303,0.000752
0,-0.02133,-0.118126,-0.016685,-0.059692,0.00822,-0.095343,0.000372,0.002062
0,0.044047,0.04751,0.070502,0.145771,0.02574,0.124519,0.000769,0.000829
0,0.146092,-0.101054,0.119416,-0.120809,0.086426,-0.164351,0.00255,0.001764
0,0.218815,0.010627,0.102084,0.091737,0.151866,0.089556,0.003819,0.000185
0,0.145658,-0.115343,-0.078325,-0.121527,-0.090517,-0.082258,0.002542,0.002013
0,-0.019586,0.126417,-0.151114,0.244568,-0.195964,0.251174,0.000342,0.002206
0,0.024867,0.075396,0.057547,-0.047554,0.089908,-0.090468,0.000434,0.001316
0,0.210396,0.081754,0.1754,0.025191,0.212723,-0.011081,0.003672,0.001427
0,0.09718,0.024514,-0.109127,-0.045246,-0.106985,-0.046274,0.001696,0.000428
0,0.079583,0.136967,-0.007153,0.119756,-0.004314,0.119434,0.001389,0.002391
0,0.196289,-0.105354,0.118347,-0.240022,0.132501,-0.261521,0.003426,0.001839
0,0.170761,0.098197,-0.00707,0.232375,-0.041551,0.188869,0.00298,0.001714
0,-0.019908,0.046879,-0.209816,-0.044757,-0.202893,-0.029673,0.000347,0.000818
0,0.071118,0.052236,0.094729,0.01513,0.085045,0.060538,0.001241,0.000912
0,-0.188755,0.828559,-0.247097,0.799723,-0.245694,0.805202,0.003294,0.002709
0,-0.496467,0.968123,-0.302416,0.128867,-0.339327,0.115605,0.003087,0.005145
0,-2.109917,-0.370586,-1.623524,-1.365875,-1.670858,-1.323339,0.00157,0.005284
0,-3.486508,-0.931421,-1.356378,-0.556902,-1.357053,-0.575024,0.002093,0.004505
0,-3.785172,-1.267196,-0.281023,-0.31504,-0.237064,-0.283693,0.004446,0.001387
0,-3.558434,-1.688383,0.233594,-0.41211,0.272811,-0.442087,0.003348,0.005787
0,-3.427773,-1.543572,0.154296,0.164368,0.141929,0.176112,0.001067,0.003437
0,-2.953588,-1.082783,0.491039,0.430939,0.511101,0.387412,0.004543,0.004605
0,-2.206588,-0.868549,0.756856,0.210829,0.725421,0.205518,0.003257,0.003407
0,-1.655338,-0.40696,0.539903,0.476673,0.569295,0.437926,0.005388,0.004649
0,-1.164093,-0.443889,0.471862,-0.040978,0.502868,-0.081078,0.003186,0.004004
0,-0.473109,-0.227716,0.701998,0.193287,0.673137,0.17253,0.003494,0.003974
0,-0.193239,-0.028514,0.298697,0.211969,0.286912,0.219748,0.003373,0.000498
0,0.049538,0.368097,0.214257,0.373141,0.250055,0.380404,0.000865,0.005327
0,0.253743,0.35772,0.213736,-0.031641,0.244832,-0.075679,0.004429,0.005508
0,0.262516,0.015844,-0.002017,-0.355641,-0.004395,-0.371189,0.004582,0.000277
0,0.56526,0.125023,0.277178,0.095096,0.255391,0.050727,0.001886,0.002182
0,0.387746,0.219053,-0.204054,0.081285,-0.194592,0.071063,0.004984,0.003823
0,0.234393,0.064518,-0.167894,-0.157915,-0.122823,-0.114895,0.004091,0.001126
0,0.18918,0.160303,-0.054829,0.085374,-0.02733,0.074137,0.003302,0.002798
0,0.326257,0.111111,0.129462,-0.067019,0.145893,-0.05185,0.005694,0.001939
0,0.026772,-0.08644,-0.277536,-0.198182,-0.308122,-0.188572,0.000467,0.001509
0,0.229636,0.010381,0.213476,0.07282,0.183062,0.107839,0.004008,0.000181
0,0.240076,0.069176,0.032521,0.059862,0.072915,0.02852,0.00419,0.001207
0,0.125815,-0.020293,-0.09278,-0.075276,-0.096112,-0.097283,0.002196,0.000354
0,0.147939,-0.09286,0.016661,-0.061051,-0.005075,-0.067059,0.002582,0.001621
0,0.220224,0.051565,0.047716,0.154096,0.095471,0.112928,0.003844,0.0009
0,0.145524,-0.018591,-0.101925,-0.058088,-0.075934,-0.052546,0.00254,0.000324
0,0.235713,0.151744,0.064414,0.180802,0.037894,0.200374,0.004114,0.002648
0,0.236085,-0.110777,-0.013385,-0.262369,0.012753,-0.288932,0.00412,0.001933
0,0.319121,0.067319,0.06742,0.169107,0.101151,0.213537,0.00557,0.001175
0,0.167958,-0.028328,-0.157889,-0.110644,-0.160288,-0.079582,0.002931,0.000494
0,0.180426,-0.066779,0.000933,-0.063022,0.027443,-0.020625,0.003149,0.001166
0,0.082082,0.049784,-0.084709,0.09275,-0.125632,0.091749,0.001433,0.000869
0,0.062355,0.065626,0.001801,-0.004164,0.030269,-0.015578,0.001088,0.001145
0,0.100255,0.134759,0.063378,0.063237,0.032361,0.077625,0.00175,0.002352
0,0.074035,-0.073814,-0.027508,-0.2362,-0.027767,-0.228608,0.001292,0.001288
0,0.171285,0.032107,0.096509,0.098613,0.131356,0.106212,0.002989,0.00056
0,0.055443,-0.080085,-0.097226,-0.12975,-0.121065,-0.150308,0.000968,0.001398
0,0.21925,0.103149,0.147972,0.20043,0.139192,0.217856,0.003827,0.0018
0,0.219088,0.149998,-0.001505,0.040227,0.045232,0.048155,0.003824,0.002618
0,-0.021981,-0.007372,-0.238713,-0.173394,-0.224249,-0.190106,0.000384,0.000129
0,-0.114574,0.038492,-0.10985,0.042554,-0.101236,0.062812,0.002,0.000672
0,0.027533,-0.024366,0.165201,-0.043108,0.193256,-0.053823,0.000481,0.000425
0,0.122802,-0.042614,0.097041,-0.02131,0.141887,-0.066528,0.002143,0.000744
0,0.043243,-0.063866,-0.050158,-0.044767,-0.055094,-0.08455,0.000755,0.001115
0,-0.061624,-0.058311,-0.082564,0.005588,-0.036233,-0.028347,0.001076,0.001018
0,0.045997,0.161477,0.101998,0.24559,0.138707,0.229734,0.000803,0.002818
0,-0.092,0.155122,-0.146691,-0.026469,-0.162408,0.011299,0.001606,0.002707
0,-0.065733,-0.001437,0.013272,-0.134124,0.006436,-0.095172,0.001147,2.5e-05
0,0.143535,0.078429,0.181634,0.079942,0.206149,0.044874,0.002505,0.001369
0,0.096738,0.147904,-0.049786,0.097337,-0.05774,0.071994,0.001688,0.002581
0,-0.031711,0.131744,-0.153174,-0.004736,-0.162947,0.023297,0.000553,0.002299
0,-0.013946,-0.12915,-0.009641,-0.260423,-0.036947,-0.291004,0.000243,0.002254
0,0.065251,0.073695,0.095275,0.21596,0.05562,0.200954,0.001139,0.001286
0,0.038605,-0.159825,-0.051923,-0.214885,-0.049802,-0.178597,0.000674,0.002789
0,-0.117867,-0.071606,-0.182555,0.106192,-0.16519,0.058579,0.002057,0.00125
0,-0.151954,-0.067497,-0.010661,0.024408,-0.037015,0.021893,0.002652,0.001178
0,-0.006404,-0.017985,0.126809,0.035328,0.151421,-0.006865,0.000112,0.000314
0,-0.15187,-0.142067,-0.118395,-0.096298,-0.114569,-0.087587,0.002651,0.00248
0,-0.04257,0.079284,0.104797,0.239285,0.152932,0.252283,0.000743,0.001384
0,-0.082416,-0.121279,-0.043195,-0.187914,-0.046981,-0.143326,0.001438,0.002117
0,-0.191678,-0.164502,-0.131828,-0.060592,-0.08758,-0.061152,0.003345,0.002871
0,-0.093726,0.008725,0.072898,0.164674,0.093313,0.136984,0.001636,0.000152
0,0.040838,0.134688,0.12198,0.131956,0.133931,0.08969,0.000713,0.002351
0,-0.151091,0.020142,-0.173299,-0.124573,-0.129824,-0.137935,0.002637,0.000352
0,0.114201,-0.138003,0.278945,-0.152163,0.303473,-0.188438,0.001993,0.002409
0,0.069741,-0.003536,-0.065227,0.150816,-0.085852,0.199068,0.001217,6.2e-05
0,0.117551,0.017235,0.069633,0.009258,0.107984,0.024893,0.002052,0.000301
0,0.036562,-0.024372,-0.070811,-0.012246,-0.046516,-0.060983,0.000638,0.000425
0,-0.098072,-0.062544,-0.149475,-0.032494,-0.116566,-0.011333,0.001712,0.001092
0,-0.119379,-0.085873,-0.036447,-0.048433,-0.034282,-0.063753,0.002084,0.001499
0,-0.08117,0.066413,0.023659,0.150011,0.039454,0.170599,0.001417,0.001159
0,0.120771,-0.120765,0.203619,-0.166545,0.22956,-0.165981,0.002108,0.002108
0,-0.066684,-0.145179,-0.171154,-0.029165,-0.121782,-0.029072,0.001164,0.002534
0,-0.072886,0.011954,-0.011107,0.168504,0.012762,0.173402,0.001272,0.000209
0,0.004854,-0.034539,0.065801,-0.050996,0.070966,-0.076064,8.5e-05,0.000603
0,-0.065017,-0.007753,-0.053086,0.045674,-0.067068,0.00914,0.001135,0.000135
0,0.131774,0.045995,0.193222,0.049532,0.192766,0.019258,0.0023,0.000803
0,0.036224,-0.052145,-0.104588,-0.126274,-0.085982,-0.124747,0.000632,0.00091
0,-0.009625,0.064198,-0.074876,0.140677,-0.059409,0.148451,0.000168,0.00112
0,-0.057876,0.160474,-0.04878,0.09584,-0.027232,0.050587,0.00101,0.002801
0,0.105292,-0.015317,0.192565,-0.17791,0.217146,-0.198419,0.001838,0.000267
0,0.12122,0.0612,0.038595,0.069547,0.012953,0.03504,0.002116,0.001068
0,0.014142,0.14288,-0.122465,0.055316,-0.124622,0.07537,0.000247,0.002494
0,0.110748,-0.062507,0.072572,-0.229817,0.054203,-0.259896,0.001933,0.001091
0,0.042262,-0.138248,-0.055541,-0.053975,-0.00925,-0.081482,0.000738,0.002413
0,-0.018013,-0.016009,-0.082854,0.144558,-0.045383,0.192007,0.000314,0.000279
0,0.082992,-0.122725,0.101926,-0.091806,0.059966,-0.059018,0.001448,0.002142
0,-0.072928,-0.03249,-0.176965,0.093232,-0.178078,0.119102,0.001273,0.000567
0,0.128674,-0.045206,0.203382,-0.035559,0.236562,-0.015306,0.002246,0.000789
0,0.124845,0.053227,-0.033439,0.072673,-0.033549,0.024044,0.002179,0.000929
0,-0.067224,-0.141614,-0.208347,-0.209155,-0.203893,-0.184677,0.001173,0.002472
0,0.074418,-0.090861,0.165295,0.074693,0.196245,0.122612,0.001299,0.001586
0,-0.018215,-0.137557,-0.068795,-0.019165,-0.103164,-0.004643,0.000318,0.002401
0,0.167067,0.148495,0.162804,0.256829,0.168361,0.220595,0.002916,0.002592
0,0.032143,-0.002123,-0.163098,-0.147678,-0.133578,-0.191982,0.000561,3.7e-05
0,0.129702,0.080868,0.068768,0.073787,0.047839,0.09965,0.002264,0.001411
0,-0.129772,0.10066,-0.245451,0.001119,-0.237818,0.03237,0.002265,0.001757
0,0.047362,0.123758,0.180901,-0.002449,0.140985,-0.023289,0.000827,0.00216
0,-2.298251,-1.634078,-2.357087,-1.764288,-2.332063,-1.758132,0.004857,0.005017
0,-3.085093,-2.338598,-0.793911,-0.702045,-0.776871,-0.715631,0.004913,0.005561
0,-2.933213,-2.258378,0.173842,0.063329,0.189277,0.086932,0.004187,0.004161
0,-2.468493,-2.061352,0.475337,0.199479,0.444999,0.202157,0.003923,0.000722
0,-2.318019,-1.773103,0.151701,0.301373,0.143216,0.295708,0.005202,0.004309
0,-1.839618,-1.282063,0.49157,0.513992,0.506548,0.494516,0.003148,0.001127
0,-1.213187,-1.115265,0.655004,0.195638,0.66882,0.189561,0.002329,0.004038
0,-0.48115,-0.617677,0.749692,0.521077,0.797827,0.488611,0.003354,0.000971
0,-0.31949,-0.485486,0.142191,0.102719,0.142398,0.125779,0.005576,0.003278
0,0.152031,-0.063938,0.488616,0.400164,0.505337,0.431749,0.002653,0.001116
0,0.300076,0.033808,0.158023,0.073874,0.110681,0.082096,0.005237,0.00059
0,0.108433,0.150599,-0.176959,0.12871,-0.138851,0.118315,0.001893,0.002628
0,0.149122,0.183805,0.059219,0.024375,0.104019,0.003414,0.002603,0.003208
0,0.174877,0.006044,0.017606,-0.159422,0.044006,-0.137449,0.003052,0.000105
0,0.233065,0.184543,0.061591,0.16667,0.027051,0.179737,0.004068,0.003221
0,0.155237,0.20636,-0.06975,0.00032,-0.069364,-0.032883,0.002709,0.003602
0,0.095482,0.094603,-0.066948,-0.088454,-0.076119,-0.138385,0.001666,0.001651
0,0.239356,0.205057,0.115497,0.097994,0.090721,0.113082,0.004178,0.003579
0,0.202304,-0.046567,-0.016114,-0.265893,-0.025778,-0.231236,0.003531,0.000813
0,0.087489,0.112906,-0.118294,0.172476,-0.086817,0.199189,0.001527,0.001971
0,0.235796,0.074256,0.152734,-0.038588,0.105443,-0.008111,0.004115,0.001296
0,0.002447,0.178967,-0.211156,0.121525,-0.166792,0.12554,4.3e-05,0.003124
0,0.036519,0.183535,0.01917,0.034165,-0.002698,0.047454,0.000637,0.003203
0,-0.03367,0.070093,-0.088517,-0.092276,-0.135013,-0.12488,0.000588,0.001223
0,0.110085,0.052468,0.154902,-0.015672,0.182602,0.005106,0.001921,0.000916
0,0.137214,-0.069667,0.055631,-0.119463,0.007398,-0.163524,0.002395,0.001216
0,0.194214,0.146929,0.065094,0.195822,0.037544,0.156587,0.00339,0.002564
0,0.075251,0.130268,-0.108004,0.000331,-0.079904,-0.005138,0.001313,0.002274
0,0.086397,0.027434,-0.012996,-0.115855,0.018965,-0.140159,0.001508,0.000479
0,0.206599,0.097567,0.094981,0.094222,0.115996,0.118418,0.003606,0.001703
0,0.200811,-0.039075,-0.020487,-0.117917,-0.001425,-0.073611,0.003505,0.000682
0,0.083779,0.181357,-0.08885,0.23888,-0.071176,0.253861,0.001462,0.003165
0,0.177761,0.028434,0.08799,-0.133374,0.045138,-0.131689,0.003103,0.000496
0,0.050663,0.104682,-0.104239,0.064686,-0.12869,0.037475,0.000884,0.001827
0,0.028884,-0.079806,-0.034694,-0.175725,-0.019764,-0.175984,0.000504,0.001393
0,0.149881,0.094598,0.133993,0.157524,0.133008,0.128563,0.002616,0.001651
0,0.008207,-0.105112,-0.138062,-0.191372,-0.149408,-0.233295,0.000143,0.001835
0,0.163753,0.067861,0.172894,0.146038,0.183566,0.135326,0.002858,0.001184
0,0.014534,0.047791,-0.159846,-0.006701,-0.180014,-0.04968,0.000254,0.000834
0,0.178011,-0.016753,0.151498,-0.093946,0.126762,-0.141036,0.003107,0.000292
0,0.325356,0.054984,0.162073,0.088746,0.146348,0.128947,0.005679,0.00096
0,0.291891,-0.037875,-0.039651,-0.074027,-0.040416,-0.115058,0.005094,0.000661
0,0.078832,-0.141381,-0.230029,-0.083786,-0.24394,-0.078239,0.001376,0.002468
0,0.267859,-0.145197,0.192241,0.003387,0.166816,-0.008438,0.004675,0.002534
0,0.264576,-0.08477,-0.031357,0.048043,-0.003491,0.082669,0.004618,0.00148
0,0.12572,0.019813,-0.130583,0.077571,-0.163416,0.104753,0.002194,0.000346
0,0.212274,0.093522,0.081571,0.076617,0.061209,0.124271,0.003705,0.001632
0,0.214153,-0.043234,0.019233,-0.111783,0.026021,-0.125826,0.003738,0.000755
0,0.003637,0.162119,-0.183175,0.228934,-0.217027,0.211467,6.3e-05,0.00283
0,0.069473,-0.053596,0.03763,-0.186884,0.040794,-0.183859,0.001213,0.000935
0,-0.016825,0.099841,-0.073153,0.133414,-0.067249,0.146786,0.000294,0.001743
0,0.035438,0.053108,0.069764,-0.063546,0.102239,-0.056599,0.000619,0.000927
0,0.03839,-0.005057,-0.026184,-0.074331,-0.047446,-0.054444,0.00067,8.8e-05
0,0.194321,0.071577,0.177022,0.081406,0.221884,0.071298,0.003392,0.001249
0,0.151362,-0.059256,-0.021317,-0.142878,-0.006009,-0.181243,0.002642,0.001034
0,0.053177,-0.077345,-0.112252,-0.000411,-0.08837,-0.046122,0.000928,0.00135
0,0.016538,0.057232,-0.043719,0.137524,-0.016487,0.102361,0.000289,0.000999
0,0.04967,0.038096,0.047862,0.005499,0.075107,-0.02732,0.000867,0.000665
0,-0.187696,-0.04022,-0.238495,-0.080999,-0.197457,-0.038515,0.003276,0.000702
0,-0.119991,-0.044897,0.061271,-0.021108,0.084455,6.7e-05,0.002094,0.000784
0,-0.138644,-0.162352,-0.028247,-0.098296,-0.042578,-0.062873,0.00242,0.002834
0,-0.124003,-0.148082,-0.000991,0.00607,0.047412,-0.023346,0.002164,0.002585
0,0.144677,-0.032809,0.279918,0.112299,0.263685,0.152229,0.002525,0.000573
0,0.029354,0.035709,-0.133089,0.084394,-0.149049,0.04064,0.000512,0.000623
0,0.01961,-0.081689,-0.035566,-0.092519,-0.030762,-0.069298,0.000342,0.001426
0,-0.042446,0.010716,-0.034515,0.069692,-0.070335,0.040483,0.000741,0.000187
0,0.014503,0.117029,0.066243,0.13057,0.050796,0.107365,0.000253,0.002043
0,0.204682,-0.105045,0.198175,-0.211281,0.173954,-0.191255,0.003572,0.001833
0,0.1642,-0.120853,-0.042375,-0.028533,-0.057222,0.02062,0.002866,0.002109
0,0.019702,0.132899,-0.134297,0.24346,-0.169032,0.214749,0.000344,0.00232
0,1.647479,-0.663533,1.61351,-0.823902,1.569088,-0.831256,0.005251,0.000171
0,2.489678,-0.959802,0.862385,-0.286739,0.857468,-0.29223,0.003554,0.005
0,3.825526,-0.898924,1.347012,0.082592,1.395146,0.07196,0.003742,0.003937
0,4.468532,-0.741833,0.666742,0.151543,0.671511,0.192312,0.004271,0.001196
0,4.205841,-0.410959,-0.264152,0.319256,-0.281126,0.279785,0.002896,0.004579
0,3.563366,-0.232734,-0.622758,0.150152,-0.583185,0.197414,0.003434,0.004062
0,2.189496,-0.234439,-1.397311,0.019006,-1.435394,0.057488,0.002959,0.004092
0,1.795619,-0.379859,-0.397366,-0.14697,-0.399092,-0.115472,0.003916,0.005122
0,0.995764,-0.257198,-0.787377,0.104974,-0.788911,0.154851,0.005628,0.004489
0,0.702089,-0.009205,-0.267336,0.262105,-0.289161,0.278034,0.000502,0.000161
0,0.470529,-0.123211,-0.221361,-0.105638,-0.20327,-0.086052,0.003539,0.00215
0,0.016808,0.056961,-0.424819,0.208826,-0.457407,0.251711,0.000293,0.000994
0,-0.136484,0.136079,-0.153483,0.069356,-0.183726,0.047364,0.002382,0.002375
0,-0.158833,0.033672,-0.002068,-0.106983,-0.001252,-0.061358,0.002772,0.000588
0,-0.423994,0.063495,-0.265957,0.011428,-0.296457,0.001652,0.004352,0.001108
0,-0.447607,0.005808,-0.034005,-0.063137,-0.070283,-0.0302,0.003939,0.000101
0,-0.226606,0.159232,0.224812,0.181216,0.257574,0.212252,0.003955,0.002779
0,-0.425566,0.013092,-0.211538,-0.135723,-0.226765,-0.151926,0.004324,0.000228
0,-0.115139,0.01244,0.316979,0.028244,0.289746,0.00327,0.00201,0.000217
0,-0.009063,-0.101988,0.084458,-0.100416,0.052668,-0.139096,0.000158,0.00178
0,-0.148229,-0.10006,-0.133041,0.000929,-0.152421,0.013069,0.002587,0.001746
0,-0.178103,-0.079267,-0.014073,0.027584,0.025491,0.03827,0.003108,0.001383
0,-0.092627,0.133387,0.065307,0.21517,0.092138,0.252128,0.001617,0.002328
0,-0.077935,-0.031098,0.001935,-0.158766,0.028255,-0.183436,0.00136,0.000543
0,-0.008485,-0.018122,0.077701,0.019697,0.079172,-0.013627,0.000148,0.000316
0,-0.024292,-0.099359,-0.043561,-0.095544,-0.028989,-0.108039,0.000424,0.001734
0,-0.174817,0.000102,-0.160457,0.127012,-0.123929,0.080056,0.003051,2e-06
0,-0.163728,-0.111031,0.009449,-0.114585,-0.013226,-0.115831,0.002858,0.001938
0,-0.045093,-0.14569,0.147639,-0.022459,0.195817,-0.034746,0.000787,0.002543
0,-0.179168,0.024873,-0.140748,0.191678,-0.127052,0.201537,0.003127,0.000434
0,-0.138275,-0.128957,0.022034,-0.174277,0.017929,-0.208966,0.002413,0.002251
0,-0.071279,0.018662,0.070692,0.124228,0.044775,0.146854,0.001244,0.000326
0,-0.200907,0.13522,-0.155957,0.128405,-0.123531,0.138173,0.003506,0.00236
0,-0.126919,-0.088528,0.067088,-0.198717,0.070223,-0.242517,0.002215,0.001545
0,-0.000902,-0.108886,0.130259,-0.002476,0.13066,-0.036794,1.6e-05,0.0019
0,0.033384,-0.135035,0.059108,-0.049107,0.019654,-0.026878,0.000583,0.002357
0,-0.055767,0.066564,-0.096454,0.206452,-0.064689,0.209887,0.000973,0.001162
0,-0.041834,0.135556,0.007357,0.095386,0.038046,0.050392,0.00073,0.002366
0,-0.022597,-0.045061,0.018994,-0.177859,0.063003,-0.19044,0.000394,0.000786
0,0.059935,0.003004,0.08193,0.054507,0.060581,0.073919,0.001046,5.2e-05
0,0.055064,-0.007432,-0.019185,0.015091,-0.015981,0.017525,0.000961,0.00013
0,-0.017926,0.023467,-0.04829,0.009186,-0.03253,-0.015212,0.000313,0.00041
0,-0.123914,0.02804,-0.10723,0.003961,-0.143034,-0.044977,0.002163,0.000489
0,-0.010896,-0.093263,0.095742,-0.109777,0.075261,-0.074736,0.00019,0.001628
0,0.092688,-0.125242,0.079503,-0.038375,0.099841,-0.036785,0.001618,0.002186
0,-0.045963,0.117703,-0.134678,0.226459,-0.133337,0.262946,0.000802,0.002054
0,-0.179098,0.065534,-0.115446,-0.033051,-0.126265,-0.047111,0.003126,0.001144
0,-0.122252,-0.039262,0.029953,-0.102222,-0.005216,-0.105593,0.002134,0.000685
0,0.015414,-0.015664,0.166202,-0.006345,0.215074,0.027492,0.000269,0.000273
0,-0.158662,-0.064306,-0.163526,-0.078101,-0.198401,-0.101016,0.002769,0.001122
0,-0.133598,-0.025555,0.010269,0.06373,0.053093,0.066825,0.002332,0.000446
0,-0.236363,-0.081943,-0.100593,-0.03988,-0.142902,-0.046681,0.004125,0.00143
0,-0.026555,0.040123,0.196844,0.108107,0.235192,0.126616,0.000463,0.0007
0,-0.093847,0.11775,-0.050534,0.067384,-0.085751,0.042566,0.001638,0.002055
0,-0.054894,-0.109952,0.031583,-0.212966,0.022226,-0.168104,0.000958,0.001919
0,-0.092144,0.035739,-0.045136,0.15088,-0.059275,0.186699,0.001608,0.000624
0,-0.124435,-0.007497,-0.032003,-0.020499,-0.050159,-0.064565,0.002172,0.000131
0,0.152778,0.148181,0.271273,0.137485,0.241603,0.096692,0.002666,0.002586
0,-0.102729,-0.11918,-0.253934,-0.26304,-0.301272,-0.235107,0.001793,0.00208
0,0.019048,-0.046183,0.117747,0.047486,0.152467,0.092477,0.000332,0.000806
0,0.017413,0.005944,-0.031233,0.036182,-0.008684,0.069337,0.000304,0.000104
0,0.068278,0.186072,0.035393,0.209107,0.074421,0.161393,0.001192,0.003248
0,0.045452,0.154357,-0.038743,-0.05887,-0.067375,-0.010196,0.000793,0.002694
0,0.050536,0.008332,0.011566,-0.160215,-0.018502,-0.203819,0.000882,0.000145
0,0.164788,0.080944,0.134395,0.087265,0.086287,0.08212,0.002876,0.001413
0,0.189971,-0.022325,0.034624,-0.076044,0.035927,-0.094049,0.003316,0.00039
0,-0.008526,0.005035,-0.192225,0.044389,-0.203444,0.091846,0.000149,8.8e-05
0,0.003961,-0.013631,-0.012906,-0.029511,0.022852,-0.012838,6.9e-05,0.000238
0,-0.011427,-0.001107,0.00759,0.030356,0.039219,-0.012721,0.000199,1.9e-05
0,0.156824,-0.121452,0.153839,-0.114279,0.147024,-0.087392,0.002737,0.00212
0,-0.056322,0.019023,-0.223172,0.12446,-0.254607,0.092844,0.000983,0.000332
0,0.147178,0.096954,0.215474,0.053423,0.226898,0.050457,0.002569,0.001692
0,0.074674,0.139181,-0.064452,0.06573,-0.044338,0.088068,0.001303,0.002429
0,0.235681,0.090541,0.181673,-0.026954,0.210447,-0.072182,0.004113,0.00158
0,0.254856,0.132618,-0.00036,0.018357,-0.00314,0.049777,0.004448,0.002315
0,0.129555,0.022106,-0.122969,-0.109446,-0.1391,-0.117578,0.002261,0.000386
0,0.250478,-0.027755,0.150629,-0.069443,0.112317,-0.082883,0.004372,0.000484
0,0.215678,-0.065964,-0.005069,-0.024495,0.036926,-0.013059,0.003764,0.001151
0,-0.041817,0.056457,-0.265612,0.143224,-0.251558,0.181635,0.00073,0.000985
0,0.196485,0.032203,0.22552,-0.020869,0.264597,-0.048837,0.003429,0.000562
0,-0.042469,-0.101031,-0.214612,-0.156332,-0.243741,-0.166784,0.000741,0.001763
0,0.208071,0.027333,0.256547,0.139178,0.285903,0.151514,0.003632,0.000477
0,-0.002096,0.159631,-0.204822,0.117747,-0.210593,0.107944,3.7e-05,0.002786
0,-0.045756,-0.068023,-0.049115,-0.23753,-0.045483,-0.238383,0.000799,0.001187
0,0.054962,-0.003292,0.077961,0.052614,0.049068,0.094028,0.000959,5.7e-05
0,-0.014823,-0.098416,-0.070137,-0.115346,-0.031082,-0.137559,0.000259,0.001718
0,-0.14755,0.080459,-0.143595,0.186333,-0.180436,0.167851,0.002575,0.001404
0,-0.033072,-0.040678,0.144079,-0.117062,0.121982,-0.154908,0.000577,0.00071
0,0.004985,0.090818,0.028671,0.14746,0.069912,0.158513,8.7e-05,0.001585
0,-0.14677,0.12189,-0.159825,0.028331,-0.202395,0.074896,0.002562,0.002127
0,0.063017,0.046595,0.233186,-0.053892,0.227715,-0.057188,0.0011,0.000813
0,-0.077518,0.055696,-0.116835,0.007235,-0.123733,0.006437,0.001353,0.000972
0,-0.088852,0.125171,-0.032104,0.056262,0.006559,0.096798,0.001551,0.002185
0,-0.056365,-0.152414,0.035925,-0.251881,0.080015,-0.222523,0.000984,0.00266
0,-0.019964,0.112205,0.010212,0.283293,0.057585,0.25368,0.000348,0.001958
0,-0.088564,0.013456,-0.072576,-0.10563,-0.063924,-0.131896,0.001546,0.000235
0,-0.063193,0.024343,0.030722,-0.010069,0.019374,0.033172,0.001103,0.000425
0,0.171826,0.07257,0.210792,0.062634,0.187996,0.036801,0.002999,0.001267
0,0.032613,0.031219,-0.131172,-0.06163,-0.112078,-0.077984,0.000569,0.000545
0,-0.050964,-0.025192,-0.060419,-0.032513,-0.056352,-0.043836,0.000889,0.00044
0,-0.08909,-0.146808,-0.013997,-0.146498,-0.007299,-0.131157,0.001555,0.002562
0,0.037154,0.064688,0.113207,0.218535,0.105537,0.243416,0.000648,0.001129
0,-0.036139,0.080132,-0.046064,0.030621,0.000869,0.057478,0.000631,0.001399
0,-0.063063,-0.079189,-0.039913,-0.179704,-0.01255,-0.219576,0.001101,0.001382
0,-0.009514,-0.151375,0.067782,-0.101546,0.039962,-0.112556,0.000166,0.002642
0,0.088532,-0.065255,0.104849,0.084537,0.061433,0.133526,0.001545,0.001139
0,-0.026409,-0.13063,-0.141631,-0.089862,-0.118505,-0.070602,0.000461,0.00228
0,-0.125417,-0.083625,-0.082582,0.068028,-0.036044,0.073736,0.002189,0.00146
0,-0.13698,-0.084597,-0.033022,-0.01776,-0.08185,-0.045812,0.002391,0.001477
0,-0.186683,-0.144773,-0.045771,-0.062668,-0.038104,-0.102488,0.003258,0.002527
0,-0.179015,0.067957,-0.013901,0.232666,-0.015056,0.199085,0.003124,0.001186
0,-0.16447,-0.141787,0.028373,-0.217436,0.043402,-0.233274,0.002871,0.002475
0,-0.031509,-0.112344,0.119382,0.002404,0.157847,-0.014211,0.00055,0.001961
0,0.072855,-0.092797,0.078903,0.01224,0.087296,0.014701,0.001272,0.00162
0,0.138658,0.094274,0.037291,0.159116,-0.001034,0.173661,0.00242,0.001645
0,0.166087,-0.183276,0.020668,-0.29005,0.031039,-0.275618,0.002899,0.003199
0,0.028488,-0.085642,-0.157424,0.089223,-0.110169,0.072929,0.000497,0.001495
0,0.163621,-0.143415,0.131899,-0.069143,0.114471,-0.088443,0.002856,0.002503
0,-0.047544,0.027479,-0.231607,0.167022,-0.281525,0.136478,0.00083,0.00048
0,0.135894,-0.136203,0.172481,-0.178834,0.187478,-0.135266,0.002372,0.002377
0,-0.011198,-0.00423,-0.149486,0.107845,-0.136826,0.094938,0.000195,7.4e-05
0,-0.101898,0.033197,-0.105304,0.039489,-0.11723,0.028021,0.001778,0.000579
0,-0.003016,0.035901,0.089438,0.011703,0.075938,0.03108,5.3e-05,0.000627
0,-0.09667,-0.046938,-0.087541,-0.077776,-0.039595,-0.049713,0.001687,0.000819
0,-0.173018,0.070178,-0.088802,0.101973,-0.099612,0.05922,0.00302,0.001225
0,-0.004404,-0.003537,0.154653,-0.100392,0.171672,-0.082858,7.7e-05,6.2e-05
0,0.024599,-0.090892,0.022457,-0.103833,0.045769,-0.13696,0.000429,0.001586
0,-0.013108,-0.132304,-0.011598,-0.063962,-0.059488,-0.016872,0.000229,0.002309
0,-0.065738,0.022247,-0.050538,0.151129,-0.022289,0.172032,0.001147,0.000388
0,0.068233,0.038651,0.105226,0.015294,0.124469,0.012744,0.001191,0.000675
0,-0.065043,-0.035743,-0.11869,-0.090901,-0.133324,-0.12051,0.001135,0.000624
0,-0.022546,-0.026919,0.027895,0.023693,0.069911,0.017677,0.000393,0.00047
0,0.09187,-0.158807,0.118243,-0.156059,0.153934,-0.157606,0.001603,0.002772
0,0.118214,0.046429,0.025237,0.199228,0.002706,0.207381,0.002063,0.00081
0,-0.109903,0.112354,-0.23996,0.048126,-0.24243,0.007056,0.001918,0.001961
0,-0.122956,0.062144,-0.005842,-0.036573,-0.045978,-0.049029,0.002146,0.001085
0,0.00829,-0.008522,0.138416,-0.076794,0.187529,-0.066848,0.000145,0.000149
0,-0.239439,-0.042749,-0.249155,-0.008451,-0.256234,-0.036065,0.004179,0.000746
0,-0.144201,0.166373,0.083428,0.231494,0.043882,0.221241,0.002517,0.002904
0,-0.237714,0.001907,-0.120734,-0.176999,-0.092192,-0.214755,0.004149,3.3e-05
0,-0.164894,0.096226,0.091973,0.079218,0.061423,0.082533,0.002878,0.001679
0,-0.156586,0.073311,-0.008666,-0.046484,-0.042385,-0.075527,0.002733,0.00128
0,-0.214557,0.032974,-0.062958,-0.013475,-0.085462,-0.045651,0.003745,0.000576
0,-0.199084,-0.020047,-0.008006,-0.069613,0.03122,-0.059103,0.003475,0.00035
0,-0.150783,0.0618,0.045182,0.088709,0.066303,0.08206,0.002632,0.001079
0,-0.174633,-0.105526,-0.048698,-0.141942,-0.042929,-0.140047,0.003048,0.001842
0,-4e-05,-0.115331,0.190073,-0.034261,0.219674,-0.083681,1e-06,0.002013
0,0.168054,0.021996,0.151875,0.161363,0.171079,0.155173,0.002933,0.000384
0,0.020985,0.065331,-0.173753,0.037116,-0.152799,0.005953,0.000366,0.00114
0,0.192516,0.117119,0.194121,0.032071,0.1533,-0.007758,0.00336,0.002044
0,0.159797,0.055348,-0.01415,-0.033757,0.032677,-0.053181,0.002789,0.000966
0,-0.696571,0.693154,-0.846973,0.640418,-0.853134,0.64533,0.000406,0.000346
0,-1.354957,1.014236,-0.665639,0.332568,-0.694753,0.315269,0.000145,0.005802
0,-2.649405,0.686524,-1.316476,-0.30366,-1.26969,-0.294815,0.000766,0.00023
0,-2.722892,0.649593,-0.043954,-0.063207,-0.06522,-0.10222,0.000517,0.000414
0,-2.293234,0.653581,0.425739,0.01791,0.428966,0.046177,0.004769,0.000345
0,-1.766436,0.450473,0.554541,-0.223997,0.56372,-0.21008,0.004425,0.003889
0,-1.60881,0.540649,0.160415,0.071731,0.163335,0.053791,0.004576,0.002316
0,-2.947389,1.420308,-1.366084,0.864609,-1.353544,0.828725,0.004435,0.001286
0,-3.924155,1.665313,-0.975039,0.228617,-0.925787,0.243883,0.002021,0.005562
0,-4.61518,1.539029,-0.678511,-0.130957,-0.712179,-0.136631,0.001712,0.003358
0,-5.347013,1.378416,-0.735366,-0.170286,-0.752536,-0.138497,0.000691,0.000554
0,-4.680428,1.22512,0.659754,-0.168752,0.702197,-0.128991,0.000573,0.002121
0,-3.280035,1.073655,1.40102,-0.14212,1.406838,-0.162538,0.001511,0.004765
0,-2.767737,0.727598,0.488187,-0.325796,0.442311,-0.346066,0.001299,0.000947
0,-1.916071,0.359794,0.870201,-0.342972,0.863973,-0.296107,0.001813,0.005472
0,-1.388116,0.354406,0.528531,-0.029828,0.490691,-0.053555,0.000724,0.005566
0,-0.851298,0.106778,0.551168,-0.230878,0.560272,-0.247486,0.003106,0.001864
0,-0.504041,0.130481,0.353336,0.021854,0.354395,0.008118,0.002955,0.002277
0,-0.430067,0.026554,0.045572,-0.10835,0.094325,-0.097918,0.004246,0.000463
0,0.245986,-0.065284,0.653273,-0.101175,0.672617,-0.053164,0.004293,0.001139
0,0.223106,-0.243362,-0.001159,-0.188868,0.047171,-0.219255,0.003894,0.004247
0,0.437647,-0.019288,0.196017,0.234286,0.190138,0.191701,0.004113,0.000337
0,0.343941,-0.307049,-0.111121,-0.294377,-0.143335,-0.292743,0.005749,0.005359
0,0.340191,-0.119307,0.009716,0.172906,0.017246,0.149195,0.005814,0.002082
0,0.361584,-0.029304,0.01133,0.065137,0.043355,0.084945,0.005441,0.000511
0,0.269289,-0.116119,-0.113094,-0.109239,-0.148513,-0.080574,0.0047,0.002027
0,0.103721,-0.225609,-0.164326,-0.111972,-0.187864,-0.134491,0.00181,0.003938
0,0.18456,-0.145545,0.056041,0.080004,0.085618,0.111545,0.003221,0.00254
0,0.020065,-0.163989,-0.193579,-0.034125,-0.178593,-0.060509,0.00035,0.002862
0,0.06367,-0.303267,0.035674,-0.116246,0.065843,-0.15424,0.001111,0.005293
0,-0.10147,-0.313711,-0.184403,-0.013703,-0.174752,-0.043411,0.001771,0.005475
0,-0.060071,-0.009702,0.065106,0.298753,0.057213,0.249705,0.001048,0.000169
0,-0.200583,-0.075681,-0.129178,-0.079288,-0.156859,-0.109522,0.003501,0.001321
0,-0.108396,-0.347338,0.117185,-0.29284,0.151224,-0.335973,0.001892,0.00569
0,0.051305,-0.095546,0.1821,0.255711,0.192772,0.212816,0.000895,0.001668
0,-0.029947,-0.143793,-0.071709,-0.037319,-0.07426,0.00053,0.000523,0.00251
0,-0.103452,-0.195756,-0.048738,-0.065702,-0.0465,-0.066241,0.001806,0.003417
0,-0.055378,-0.209311,0.040067,-0.042819,0.062256,-0.064138,0.000967,0.003653
0,-0.044514,-0.00078,0.014893,0.236855,0.03645,0.252649,0.000777,1.4e-05
0,-0.01658,-0.094266,0.011469,-0.09833,-0.006652,-0.116606,0.000289,0.001645
0,-0.099884,0.017685,-0.111993,0.115234,-0.11965,0.117737,0.001743,0.000309
0,0.057517,0.00758,0.183228,-0.000708,0.205208,0.035311,0.001004,0.000132
0,0.087973,0.037649,0.024715,0.038956,-0.013022,0.074453,0.001535,0.000657
0,0.017805,0.063289,-0.068971,0.029199,-0.094772,0.074825,0.000311,0.001105
0,-0.193775,-0.113958,-0.199698,-0.183108,-0.161553,-0.23193,0.003382,0.001989
0,0.028456,-0.210706,0.214679,-0.099289,0.186378,-0.063682,0.000497,0.003678
0,-0.00974,-0.00479,-0.059019,0.235379,-0.080988,0.271506,0.00017,8.4e-05
0,-0.01486,-0.136536,-0.025547,-0.126385,0.00023,-0.109983,0.000259,0.002383
0,-0.127666,-0.074344,-0.095461,0.048728,-0.071183,0.031213,0.002228,0.001298
0,-0.211468,0.059182,-0.093006,0.15097,-0.082232,0.192397,0.003691,0.001033
0,-0.174842,-0.047565,0.065301,-0.127271,0.071392,-0.119098,0.003052,0.00083
0,-0.213257,-0.107191,-0.046512,-0.041378,-0.037338,-0.036455,0.003722,0.001871
0,-0.121652,-0.195766,0.104856,-0.087909,0.105682,-0.098379,0.002123,0.003417
0,-0.056677,0.069417,0.060941,0.249369,0.028817,0.275879,0.000989,0.001212
0,-0.203337,-0.091875,-0.168094,-0.158037,-0.147663,-0.145827,0.003549,0.001604
0,-0.050244,-0.072927,0.179231,0.017663,0.18698,0.011908,0.000877,0.001273
0,-0.145991,0.066525,-0.088565,0.145671,-0.060825,0.168364,0.002548,0.001161
0,-0.223224,0.041156,-0.07917,-0.043201,-0.033502,-0.05374,0.003896,0.000718
0,-0.229445,-0.1533,0.007354,-0.219161,0.024189,-0.238964,0.004005,0.002676
0,-0.008022,0.04112,0.215967,0.202827,0.201501,0.195662,0.00014,0.000718
0,0.066251,-0.041954,0.085437,-0.096694,0.053724,-0.111573,0.001156,0.000732
0,0.120542,-0.067749,0.063218,-0.012112,0.075548,0.027022,0.002104,0.001182
0,-0.119787,0.094725,-0.234192,0.136255,-0.246574,0.121031,0.002091,0.001653
0,-0.012829,-0.145344,0.077987,-0.2434,0.028394,-0.24531,0.000224,0.002537
0,0.036576,-0.017808,0.046017,0.124403,0.084025,0.173018,0.000638,0.000311
0,-0.065737,-0.138304,-0.092078,-0.148079,-0.091293,-0.180405,0.001147,0.002414
0,-0.15635,0.024451,-0.062067,0.168525,-0.073366,0.124849,0.002729,0.000427
0,-0.141186,0.130509,-0.000911,0.083897,0.04191,0.124282,0.002464,0.002278
0,0.064264,0.0975,0.212072,-0.042102,0.198132,-0.074222,0.001122,0.001702
0,-0.123347,0.105078,-0.194459,0.002422,-0.241698,-0.007289,0.002153,0.001834
0,0.133767,0.017031,0.253695,-0.077143,0.288061,-0.124141,0.002335,0.000297
0,0.137254,-0.10634,0.022269,-0.130779,0.008873,-0.162764,0.002396,0.001856
0,0.14442,-0.017176,-0.022098,0.094723,0.006614,0.047263,0.002521,0.0003
0,-0.059112,0.03893,-0.188028,0.071915,-0.200617,0.085135,0.001032,0.000679
0,0.145465,-0.040636,0.176005,-0.088606,0.225969,-0.049893,0.002539,0.000709
0,-0.062241,0.115012,-0.197622,0.148742,-0.208981,0.146094,0.001086,0.002007
0,-0.014895,-0.058211,0.049982,-0.172072,0.000674,-0.217199,0.00026,0.001016
0,0.102951,-0.119812,0.128314,-0.054868,0.088804,-0.083409,0.001797,0.002091
0,-0.040052,-0.103962,-0.147842,0.032003,-0.192454,0.016347,0.000699,0.001814
0,-0.072894,-0.051444,-0.043639,0.048198,-0.037237,0.024418,0.001272,0.000898
0,0.075871,-0.127213,0.132471,-0.091945,0.14934,-0.111868,0.001324,0.00222
0,-0.041577,0.089591,-0.117983,0.24158,-0.096724,0.237837,0.000726,0.001564
0,0.018541,-0.107577,0.037164,-0.210877,0.08257,-0.252876,0.000324,0.001878
0,0.167668,0.022094,0.122388,0.12995,0.080832,0.153274,0.002926,0.000386
0,-0.054451,-0.060176,-0.225969,-0.054314,-0.270623,-0.066516,0.00095,0.00105
0,0.140609,-0.090604,0.174967,-0.029465,0.220928,0.018132,0.002454,0.001581
0,0.127545,0.043024,-0.01545,0.142646,2.7e-05,0.167832,0.002226,0.000751
0,-0.076521,-0.048882,-0.211779,-0.092522,-0.247599,-0.060977,0.001336,0.000853
0,-0.079135,-0.078905,-0.011024,-0.055884,0.00586,-0.064127,0.001381,0.001377
0,0.21121,0.065417,0.290704,0.162598,0.244664,0.205057,0.003686,0.001142
0,0.05704,-0.045315,-0.162631,-0.087232,-0.19458,-0.125889,0.000996,0.000791
0,-0.002088,-0.13325,-0.070368,-0.103845,-0.115377,-0.102461,3.6e-05,0.002326
0,0.159175,-0.079186,0.148935,0.083121,0.169511,0.103129,0.002778,0.001382
0,0.1273,0.030519,-0.042312,0.098989,-0.006668,0.145142,0.002222,0.000533
0,-0.087386,0.032471,-0.192718,0.022525,-0.193954,0.014557,0.001525,0.000567
0,0.010592,-0.068456,0.120184,-0.10376,0.098178,-0.05823,0.000185,0.001195
0,-0.028607,0.1358,-0.039367,0.217023,-0.013781,0.19916,0.000499,0.00237
0,-0.182121,-0.064084,-0.152487,-0.202697,-0.160122,-0.188609,0.003179,0.001118
0,-0.096464,-0.058637,0.096967,-0.023018,0.07597,0.001761,0.001684,0.001023
0,-0.211401,0.09691,-0.142953,0.174585,-0.159617,0.184625,0.00369,0.001691
0,-0.114922,0.023647,0.117337,-0.07417,0.074947,-0.10696,0.002006,0.000413
0,0.079307,0.093439,0.190559,0.047053,0.181804,0.02227,0.001384,0.001631
0,0.074077,-2.5e-05,-0.024398,-0.11535,-0.043531,-0.131725,0.001293,0.0
0,0.0085,0.05113,-0.080801,0.047476,-0.047779,0.013777,0.000148,0.000892
0,-0.009477,-0.010854,0.002565,-0.061234,-0.018384,-0.024792,0.000165,0.000189
0,0.007278,0.029572,-0.008148,0.058069,-0.013653,0.032775,0.000127,0.000516
0,0.125577,0.046934,0.088808,0.02102,0.125229,-0.004052,0.002192,0.000819
0,-0.046867,-0.029109,-0.171701,-0.050004,-0.14049,-0.069699,0.000818,0.000508
0,-0.094198,0.050926,-0.056398,0.077463,-0.014616,0.039513,0.001644,0.000889
0,-0.129618,0.053491,-0.021108,-0.001413,-0.046469,0.016635,0.002262,0.000934
0,-0.009947,-0.084421,0.108,-0.140722,0.121841,-0.175609,0.000174,0.001473
0,-0.092235,0.079524,-0.081248,0.137408,-0.073785,0.150658,0.00161,0.001388
0,-0.14289,0.098521,-0.055638,0.041801,-0.048199,0.037463,0.002494,0.00172
0,-0.076766,-0.115378,0.063339,-0.192072,0.090941,-0.233405,0.00134,0.002014
0,0.020092,-0.032481,0.089026,0.070443,0.05981,0.10065,0.000351,0.000567
0,-0.221329,0.054522,-0.242974,0.105274,-0.266811,0.056843,0.003863,0.000952
0,0.01808,-0.018011,0.2544,-0.076415,0.242435,-0.119516,0.000316,0.000314
0,-0.017561,-0.115409,-0.034876,-0.099943,-0.017927,-0.108134,0.000307,0.002014
0,-0.042497,-0.125664,-0.04302,-0.040056,0.002807,-0.026301,0.000742,0.002193
0,-0.023187,-0.100378,0.020087,0.054301,0.019791,0.006409,0.000405,0.001752
0,-0.104914,0.037546,-0.085804,0.124995,-0.058053,0.131188,0.001831,0.000655
0,-0.05025,-0.174727,0.05666,-0.206212,0.083229,-0.246365,0.000877,0.00305
0,-0.080263,-0.050376,-0.011807,0.139017,-0.057134,0.166031,0.001401,0.000879
0,-0.168491,0.021276,-0.089997,0.062599,-0.084473,0.044657,0.002941,0.000371
0,-0.188234,0.09155,-0.036121,0.089695,-0.061252,0.041276,0.003285,0.001598
0,-0.201111,-0.084091,-0.02232,-0.163585,0.010478,-0.139146,0.00351,0.001468
0,-0.04903,-0.057196,0.14565,0.045482,0.182112,0.006867,0.000856,0.000998
0,0.000713,-0.027199,0.06276,0.053996,0.112367,0.032784,1.2e-05,0.000475
0,-0.070878,0.07123,-0.041649,0.074554,0.006872,0.049244,0.001237,0.001243
0,-0.219176,0.10837,-0.123356,0.018186,-0.140879,0.040525,0.003825,0.001891
0,0.095225,-0.075593,0.295673,-0.1766,0.316825,-0.197208,0.001662,0.001319
0,0.047521,0.054659,-0.026362,0.102603,-0.001395,0.110097,0.000829,0.000954
0,-0.121231,0.002001,-0.165355,-0.059928,-0.185245,-0.085321,0.002116,3.5e-05
0,-0.2142,0.010255,-0.10404,0.02464,-0.090058,0.014077,0.003738,0.000179
0,-0.016038,0.094653,0.19231,0.105126,0.190086,0.097718,0.00028,0.001652
0,-0.109599,0.097107,-0.069328,0.008116,-0.108947,-0.014531,0.001913,0.001695
0,-0.243836,-0.027403,-0.161633,-0.099037,-0.124016,-0.054631,0.004256,0.000478
0,-0.130116,0.162014,0.108503,0.203208,0.136464,0.164206,0.002271,0.002828
0,0.047692,-0.072603,0.167002,-0.260648,0.12266,-0.241504,0.000832,0.001267
0,-0.116763,0.205179,-0.171836,0.278099,-0.21714,0.296162,0.002038,0.003581
0,-0.165114,-0.021468,-0.067196,-0.255008,-0.024072,-0.25109,0.002882,0.000375
0,-0.138474,0.07012,0.040451,0.073297,0.071976,0.082856,0.002417,0.001224
0,-0.122278,0.052332,-0.010781,-0.009918,0.023384,-0.048318,0.002134,0.000913
0,-0.024332,0.132036,0.123284,0.085288,0.113005,0.107574,0.000425,0.002304
0,-0.244965,0.173474,-0.222777,0.045431,-0.226484,0.051101,0.004275,0.003028
0,0.057312,-0.053232,0.297125,-0.218877,0.274361,-0.202378,0.001,0.000929
0,-0.144041,0.091511,-0.192261,0.122294,-0.159919,0.087825,0.002514,0.001597
0,-0.146506,-0.073578,-0.017306,-0.143253,-0.039041,-0.119071,0.002557,0.001284
0,-0.006099,-0.069112,0.125431,0.004549,0.087618,-0.013831,0.000106,0.001206
0,-0.090421,0.134434,-0.098649,0.224503,-0.086553,0.257864,0.001578,0.002346
0,-0.087426,0.13997,-0.02155,-0.009716,-0.014768,-0.032419,0.001526,0.002443
0,-0.002393,0.051893,0.080343,-0.068976,0.074148,-0.030205,4.2e-05,0.000906
0,0.014334,0.159874,0.036746,0.12861,0.070811,0.108106,0.00025,0.00279
0,-0.053014,0.093787,-0.083704,-0.057493,-0.122859,-0.014657,0.000925,0.001637
0,0.063137,0.115306,0.131694,0.025119,0.156139,-0.022108,0.001102,0.002012
0,-0.050098,-0.073813,-0.097359,-0.204512,-0.127576,-0.24449,0.000874,0.001288
0,0.050787,0.061134,0.087154,0.15246,0.124791,0.191473,0.000886,0.001067
0,0.09405,-0.041211,0.0396,-0.09004,-0.000882,-0.052032,0.001641,0.000719
0,-0.018654,0.136657,-0.113806,0.156424,-0.094169,0.112398,0.000326,0.002385
0,-0.010774,0.071123,0.014504,-0.093403,0.026241,-0.095293,0.000188,0.001241
0,0.069322,0.16211,0.0966,0.085673,0.140889,0.114062,0.00121,0.002829
0,-0.000825,0.11259,-0.05655,-0.058496,-0.044116,-0.084983,1.4e-05,0.001965
0,8.9e-05,0.009514,-0.02702,-0.073413,-0.019152,-0.028931,2e-06,0.000166
0,-0.07075,-0.089584,-0.059305,-0.095284,-0.057237,-0.113953,0.001235,0.001564
0,0.076815,0.067524,0.140182,0.158985,0.106785,0.124306,0.001341,0.001179
0,0.135228,-0.045496,0.045163,-0.129035,0.048624,-0.091848,0.00236,0.000794
0,-0.094876,0.097093,-0.218313,0.127016,-0.226318,0.098612,0.001656,0.001695
0,-0.082123,0.03116,-0.007355,-0.087902,0.035045,-0.049318,0.001433,0.000544
0,-0.131666,0.139391,-0.071847,0.109118,-0.058253,0.146085,0.002298,0.002433
0,0.010341,-0.145533,0.171389,-0.313641,0.193627,-0.312346,0.00018,0.00254
0,-0.000345,-0.126869,-0.005895,0.029422,0.012287,0.071054,6e-06,0.002214
0,-0.077382,0.029979,-0.09515,0.165029,-0.046729,0.170465,0.001351,0.000523
0,0.104858,0.108668,0.207042,0.1052,0.225343,0.110149,0.00183,0.001897
0,-0.043942,0.193956,-0.12968,0.087987,-0.170001,0.093826,0.000767,0.003385
0,-0.058902,-0.018692,0.008342,-0.199379,0.048037,-0.210097,0.001028,0.000326
0,0.00988,0.194746,0.074136,0.24283,0.084836,0.279094,0.000172,0.003399
0,0.044535,-0.004172,0.057012,-0.17519,0.105662,-0.207362,0.000777,7.3e-05
0,0.211736,-0.01202,0.172042,-0.025057,0.219442,-0.005644,0.003695,0.00021
0,0.049518,-0.018761,-0.17199,0.021782,-0.172799,0.030126,0.000864,0.000327
0,0.118443,0.058716,0.071038,0.056135,0.084679,0.055498,0.002067,0.001025
0,0.005207,0.015449,-0.108646,-0.072894,-0.078017,-0.048981,9.1e-05,0.00027
0,0.104571,0.165697,0.124661,0.148479,0.115216,0.135127,0.001825,0.002892
0,-0.003028,0.131296,-0.093105,-0.047154,-0.116976,-0.044233,5.3e-05,0.002292
0,-0.099866,0.031821,-0.08781,-0.116017,-0.112023,-0.111619,0.001743,0.000555
0,0.12085,0.186857,0.22914,0.183888,0.239726,0.213745,0.002109,0.003261
0,-0.030386,-0.018323,-0.151347,-0.207346,-0.121873,-0.234317,0.00053,0.00032
0,0.115309,0.083647,0.175024,0.072245,0.168275,0.111298,0.002013,0.00146
0,0.041991,0.073062,-0.043815,-0.015559,-0.007497,0.018065,0.000733,0.001275
0,0.086546,-0.112842,0.046584,-0.190451,-0.000959,-0.193155,0.001511,0.001969
0,0.166214,0.005985,0.076787,0.13669,0.100523,0.1487,0.002901,0.000104
0,0.211003,-0.071807,0.026856,-0.101939,0.016591,-0.080224,0.003683,0.001253
0,-0.010519,-0.104823,-0.238858,-0.031716,-0.248294,0.013246,0.000184,0.00183
0,-0.082139,0.072703,-0.088687,0.172013,-0.090924,0.179957,0.001434,0.001269
0,-0.006711,-0.038578,0.094212,-0.126646,0.142154,-0.138644,0.000117,0.000673
0,0.041971,-0.145139,0.054898,-0.131741,0.08695,-0.08814,0.000733,0.002533
0,0.115952,-0.057998,0.093814,0.108998,0.104045,0.08125,0.002024,0.001012
0,0.111889,-0.026096,-0.016926,0.02279,-0.059389,0.027356,0.001953,0.000455
0,0.152245,-0.038411,0.051731,-0.009376,0.074466,-0.039766,0.002657,0.00067
0,-0.022388,-0.05308,-0.194342,0.009619,-0.180423,-0.003732,0.000391,0.000926
0,-0.013991,0.051611,0.012375,0.12943,0.061776,0.080129,0.000244,0.000901
0,-0.01845,0.198817,-0.028982,0.118769,-3.6e-05,0.10835,0.000322,0.00347
0,0.123055,0.087333,0.155199,-0.100154,0.123499,-0.050545,0.002148,0.001524
0,-0.059878,-0.097764,-0.186856,-0.196421,-0.178728,-0.237315,0.001045,0.001706
0,-0.084087,0.119935,-0.053035,0.230077,-0.097771,0.264385,0.001468,0.002093
0,0.04588,-0.105758,0.155526,-0.213834,0.149341,-0.182324,0.000801,0.001846
0,-0.085709,0.15663,-0.135922,0.282841,-0.175885,0.278008,0.001496,0.002734
0,0.017172,-0.05225,0.098687,-0.218027,0.125082,-0.201619,0.0003,0.000912
0,0.023035,0.205125,-0.016887,0.229328,-0.05003,0.212808,0.000402,0.00358
0,-0.0368,0.033721,-0.06861,-0.168487,-0.033183,-0.152055,0.000642,0.000589
0,-0.104889,0.148105,-0.07862,0.14181,-0.075028,0.159999,0.001831,0.002585
0,0.049619,-0.039091,0.171875,-0.201964,0.210695,-0.162015,0.000866,0.000682
0,-0.030856,-0.067756,-0.09948,-0.055996,-0.095532,-0.081069,0.000539,0.001183
0,-0.143225,0.060312,-0.110011,0.156004,-0.156252,0.14373,0.0025,0.001053
0,0.002659,0.075694,0.117208,0.003003,0.07164,-0.004847,4.6e-05,0.001321
0,-0.141638,0.189467,-0.128458,0.127781,-0.098821,0.119294,0.002472,0.003307
0,-0.228858,0.085246,-0.085018,-0.110805,-0.12908,-0.128993,0.003994,0.001488
0,0.019943,0.158857,0.228299,0.072859,0.212038,0.059971,0.000348,0.002773
0,0.04471,-0.000435,-0.00155,-0.165443,0.018935,-0.163706,0.00078,8e-06
0,0.011173,0.201167,-0.033685,0.22563,-0.022812,0.275187,0.000195,0.003511
0,-0.123898,-0.034862,-0.106691,-0.247956,-0.081912,-0.282293,0.002162,0.000608
0,-0.137793,0.194517,-0.035642,0.218742,-0.077476,0.268347,0.002405,0.003395
0,0.116871,-0.000435,0.247251,-0.182428,0.232193,-0.225804,0.00204,8e-06
0,-0.008027,-0.009868,-0.120171,-0.011374,-0.143573,-0.046087,0.00014,0.000172
0,-0.043137,-0.074708,-0.013174,-0.040105,0.018529,-0.066568,0.000753,0.001304
0,-0.088053,0.040382,-0.06816,0.098174,-0.087306,0.092743,0.001537,0.000705
0,-0.056182,0.139963,0.00533,0.099562,-0.044647,0.137913,0.000981,0.002443
0,0.080653,-0.006558,0.111511,-0.128073,0.134917,-0.174724,0.001408,0.000114
0,-0.19222,0.137747,-0.298717,0.153341,-0.341242,0.178007,0.003355,0.002404
0,-0.150708,-0.038863,0.037817,-0.205964,-0.006375,-0.170421,0.00263,0.000678
0,0.02838,0.067754,0.199564,0.128849,0.169833,0.154815,0.000495,0.001183
0,-0.016857,-0.025195,-0.061384,-0.106057,-0.083232,-0.065554,0.000294,0.00044
0,-0.088175,0.122672,-0.097189,0.132587,-0.088713,0.114033,0.001539,0.002141
0,0.061579,0.132897,0.175847,0.03573,0.147528,0.030299,0.001075,0.002319
0,-0.002371,0.011345,-0.077435,-0.121295,-0.059106,-0.099959,4.1e-05,0.000198
0,-0.185081,-0.152791,-0.197181,-0.193918,-0.219555,-0.171613,0.00323,0.002667
0,-0.077798,-0.081137,0.100452,0.069936,0.14259,0.033857,0.001358,0.001416
0,0.025264,-0.16886,0.126545,-0.066751,0.101244,-0.065118,0.000441,0.002947
0,-0.038278,-0.139729,-0.092384,0.030417,-0.08615,-0.002075,0.000668,0.002439
0,0.170234,-0.082656,0.196522,0.073983,0.211467,0.118617,0.002971,0.001443
0,0.014559,0.080113,-0.157187,0.183851,-0.167205,0.201465,0.000254,0.001398
0,-0.022156,0.049111,-0.026386,-0.02278,-0.03701,-0.012228,0.000387,0.000857
0,0.17764,-0.171926,0.180745,-0.250539,0.161493,-0.258831,0.0031,0.003001
0,-0.002298,-0.133056,-0.199167,0.041595,-0.174755,0.030925,4e-05,0.002322
0,-0.055463,-0.090577,-0.049351,0.043482,-0.023551,0.063429,0.000968,0.001581
0,-0.013443,0.044035,0.065002,0.151929,0.10007,0.196348,0.000235,0.000769
0,0.095626,0.097828,0.138413,0.051471,0.186769,0.055124,0.001669,0.001707
0,-0.106693,-0.137569,-0.215963,-0.263899,-0.24504,-0.300788,0.001862,0.002401
0,-0.056728,-0.116267,0.06507,0.01918,0.10772,0.052389,0.00099,0.002029
0,0.129533,-0.104307,0.164093,0.006526,0.121345,0.009557,0.002261,0.00182
0,-0.023547,0.088505,-0.161969,0.199662,-0.159332,0.215612,0.000411,0.001545
0,0.155417,0.126591,0.206619,0.041059,0.179098,0.002819,0.002713,0.002209
0,0.028141,-0.060937,-0.119984,-0.209001,-0.076414,-0.242097,0.000491,0.001064
0,-0.087766,0.162543,-0.131428,0.248272,-0.143762,0.271247,0.001532,0.002837
0,0.025303,0.047401,0.092797,-0.115089,0.070251,-0.137093,0.000442,0.000827
0,-0.152952,0.19474,-0.202681,0.176281,-0.168602,0.164238,0.00267,0.003399
0,-0.07806,0.111217,0.100055,-0.064899,0.055115,-0.01652,0.001362,0.001941
0,-0.106693,-0.020775,-0.036177,-0.12204,0.005088,-0.088908,0.001862,0.000363
0,-0.077851,0.108786,-0.000746,0.139779,-0.008545,0.162954,0.001359,0.001899
0,-0.194482,0.122807,-0.091009,-0.002707,-0.113731,-0.049269,0.003394,0.002143
0,-0.169715,0.085477,0.02866,-0.043431,0.052822,-0.024755,0.002962,0.001492
0,-0.041233,0.09459,0.137308,0.030272,0.174241,-0.007869,0.00072,0.001651
0,-0.168799,0.129793,-0.135865,0.017655,-0.129841,0.033178,0.002946,0.002265
0,0.007644,0.006181,0.166064,-0.097363,0.129217,-0.079565,0.000133,0.000108
0,-0.118846,0.13834,-0.115262,0.137509,-0.126247,0.120579,0.002074,0.002414
0,0.03248,-0.103302,0.148491,-0.263512,0.178194,-0.258925,0.000567,0.001803
0,-0.124066,-0.111205,-0.161953,-0.026545,-0.147587,-0.001714,0.002165,0.001941
0,0.01252,0.023663,0.147146,0.106236,0.120259,0.072225,0.000219,0.000413
0,0.042341,-0.025012,0.028258,-0.027896,0.056844,0.021829,0.000739,0.000437
0,0.120511,0.03499,0.072955,0.079431,0.024206,0.126489,0.002103,0.000611
0,0.045737,-0.137201,-0.098571,-0.187856,-0.064669,-0.146774,0.000798,0.002395
0,-0.009913,0.084227,-0.027529,0.248441,-0.000962,0.285938,0.000173,0.00147
0,-0.076887,0.057225,-0.037026,-0.046859,-0.025739,-0.059003,0.001342,0.000999
0,-0.208379,0.011163,-0.125812,-0.032848,-0.096632,-0.061088,0.003637,0.000195
0,-0.260169,0.077071,-0.044271,0.081158,0.002291,0.045798,0.004541,0.001345
0,-0.034706,0.142673,0.211567,0.045704,0.226856,0.032942,0.000606,0.00249
0,-0.063642,0.17442,-0.012341,0.023127,-0.002969,-0.009019,0.001111,0.003044
0,-0.079254,0.130365,-0.030831,-0.035757,-0.00439,-0.000787,0.001383,0.002275
0,0.034732,0.043027,0.129254,-0.090109,0.143538,-0.071549,0.000606,0.000751
0,-0.240216,0.129195,-0.297278,0.102482,-0.314041,0.124205,0.004193,0.002255
0,-0.194056,0.149881,0.049326,0.042338,0.076536,0.061301,0.003387,0.002616
0,-0.13601,-0.018176,0.043751,-0.19493,0.001752,-0.178716,0.002374,0.000317
0,-0.206103,-0.09744,-0.082989,-0.072546,-0.043227,-0.049939,0.003597,0.001701
0,-0.161714,-0.085059,0.034069,-0.001166,0.057791,-0.043546,0.002822,0.001485
0,-0.144739,0.018741,0.021286,0.107535,-0.011256,0.072638,0.002526,0.000327
0,-0.137686,0.100646,0.011217,0.067736,0.026176,0.087288,0.002403,0.001757
0,-0.334368,0.057556,-0.168363,-0.057687,-0.211274,-0.036142,0.005836,0.001005
0,-0.134102,-0.0463,0.210477,-0.122778,0.179457,-0.158408,0.002341,0.000808
0,-0.233934,-0.016688,-0.089985,0.025059,-0.118988,0.040405,0.004083,0.000291
0,-0.163921,0.064629,0.075497,0.078641,0.09053,0.126558,0.002861,0.001128
0,-0.023629,-0.11814,0.162435,-0.206919,0.153523,-0.255936,0.000412,0.002062
0,0.113302,0.002634,0.120033,0.125616,0.083381,0.160342,0.001977,4.6e-05
0,-0.133735,0.085878,-0.261072,0.079896,-0.305503,0.051569,0.002334,0.001499
0,0.068037,0.102237,0.204669,0.037935,0.201877,0.060281,0.001187,0.001784
0,0.057986,0.169578,-0.036507,0.0483,0.001599,0.066678,0.001012,0.00296
0,-0.105767,-0.094271,-0.134301,-0.278217,-0.154863,-0.284316,0.001846,0.001645
0,-0.110989,0.129098,-0.007064,0.251151,0.017458,0.267561,0.001937,0.002253
0,0.020753,-0.078407,0.159495,-0.19104,0.137015,-0.211443,0.000362,0.001368
0,1.062197,-0.118656,1.064912,-0.066523,1.078402,-0.087524,0.004965,0.002071
0,1.240544,-0.703825,0.172097,-0.558408,0.219744,-0.52303,0.001852,0.000532
0,1.70678,-0.997312,0.489417,-0.283,0.524469,-0.274931,0.005466,0.005655
0,1.344798,-0.76063,-0.366529,0.237472,-0.398354,0.274107,3.2e-05,0.001524
0,0.939258,-0.823953,-0.397377,-0.077969,-0.356657,-0.091902,0.004641,0.002629
0,1.149991,-0.524726,0.217486,0.318942,0.242943,0.36067,0.003432,0.002594
0,0.923471,-0.653303,-0.230755,-0.124938,-0.255729,-0.095358,0.004366,0.000349
0,0.959643,-0.320403,0.010093,0.315446,0.004007,0.28428,0.004997,0.005592
0,0.741447,-0.324692,-0.240554,0.016808,-0.190658,0.041629,0.001189,0.005667
0,0.32612,-0.332474,-0.408465,0.003568,-0.37585,-0.010857,0.005692,0.005803
0,0.399626,-0.309765,0.075009,0.043274,0.102668,0.023331,0.004777,0.005406
0,0.270046,-0.012974,-0.108195,0.278265,-0.105257,0.247704,0.004713,0.000226
0,0.028423,-0.018196,-0.270505,0.012173,-0.26314,0.026995,0.000496,0.000318
0,0.100219,-0.140684,0.077484,-0.136668,0.122238,-0.149522,0.001749,0.002455
0,-0.010872,0.022317,-0.097592,0.149189,-0.140942,0.099547,0.00019,0.00039
0,0.084551,0.013225,0.081457,-0.033381,0.058917,-0.04378,0.001476,0.000231
0,-0.072682,-0.029798,-0.168138,-0.03034,-0.143757,-0.01839,0.001269,0.00052
0,-0.142987,-0.121843,-0.042978,-0.117181,-0.087536,-0.110518,0.002496,0.002127
0,0.080048,-0.182814,0.200321,-0.039787,0.190043,-0.065457,0.001397,0.003191
0,-0.182291,-0.127382,-0.29134,0.026097,-0.263031,0.067928,0.003182,0.002223
0,0.020923,-0.158343,0.221851,-0.049075,0.267847,-0.004495,0.000365,0.002764
0,-0.121546,-0.113034,-0.17051,0.017478,-0.220045,0.061806,0.002121,0.001973
0,-0.05624,0.077919,0.078397,0.179023,0.116301,0.22103,0.000982,0.00136
0,-0.019372,-0.15334,0.060586,-0.246977,0.048809,-0.295263,0.000338,0.002676
0,-0.153008,-0.025745,-0.12097,0.111775,-0.146515,0.070956,0.00267,0.000449
0,-0.053997,-0.238858,0.118594,-0.19702,0.156998,-0.150177,0.000942,0.004169
0,-0.189208,-0.044177,-0.133511,0.185555,-0.126961,0.201924,0.003302,0.000771
0,-0.006755,-0.073218,0.207846,-0.023371,0.22772,-0.065413,0.000118,0.001278
0,0.03963,0.039814,0.043843,0.125778,0.044534,0.124266,0.000692,0.000695
0,-0.187144,-0.083132,-0.246907,-0.101027,-0.280706,-0.140194,0.003266,0.001451
0,-0.031837,0.019882,0.141974,0.108277,0.150688,0.086571,0.000556,0.000347
0,0.102172,-0.122186,0.138168,-0.117826,0.146194,-0.099272,0.001783,0.002133
0,0.05262,-0.111097,-0.066914,0.009148,-0.100375,-0.006638,0.000918,0.001939
0,0.053188,-0.050241,-0.009137,0.076467,-0.037584,0.038251,0.000928,0.000877
0,-0.024972,-0.102485,-0.092174,-0.029163,-0.094877,0.014278,0.000436,0.001789
0,-0.074866,0.035988,-0.062792,0.148428,-0.061544,0.180369,0.001307,0.000628
0,-0.191721,0.028079,-0.09732,-0.011012,-0.135504,0.013518,0.003346,0.00049
0,-0.190902,-0.186,0.019946,-0.184115,-0.027136,-0.164176,0.003332,0.003246
0,0.061292,-0.046609,0.235673,0.146512,0.249209,0.141239,0.00107,0.000813
0,0.069576,0.035276,-0.008829,0.098777,-0.046706,0.07877,0.001214,0.000616
0,0.064863,0.035352,0.005604,-0.028494,0.042161,-0.043158,0.001132,0.000617
0,0.110488,-0.167119,0.022061,-0.175649,0.053299,-0.217099,0.001928,0.002917
0,-0.134653,0.08325,-0.249926,0.222568,-0.276915,0.183634,0.00235,0.001453
0,-0.037258,-0.151858,0.115113,-0.213699,0.080098,-0.184038,0.00065,0.00265
0,-0.122274,-0.160408,-0.083061,-0.004607,-0.090222,0.028649,0.002134,0.0028
0,0.000773,0.07331,0.137352,0.249,0.091438,0.214495,1.3e-05,0.00128
0,-0.05854,0.117971,-0.074882,0.057279,-0.115638,0.09578,0.001022,0.002059
0,0.034146,-0.121433,0.094715,-0.266789,0.080269,-0.279647,0.000596,0.002119
0,0.0937,0.03711,0.069539,0.166844,0.077445,0.157534,0.001635,0.000648
0,0.04144,0.021017,-0.069296,0.008067,-0.041864,0.000753,0.000723,0.000367
0,0.202671,0.095448,0.153456,0.076629,0.10759,0.084728,0.003537,0.001666
0,0.018693,0.036044,-0.207876,-0.057344,-0.25355,-0.08259,0.000326,0.000629
0,0.045168,0.104354,0.05065,0.061948,0.071216,0.047282,0.000788,0.001821
0,0.019314,-0.035465,-0.032438,-0.128198,-0.033618,-0.080628,0.000337,0.000619
0,0.149208,0.039308,0.142025,0.08113,0.170088,0.110557,0.002604,0.000686
0,0.105442,0.105219,-0.032718,0.040751,-0.065127,0.015083,0.00184,0.001836
0,0.046739,-0.066138,-0.045555,-0.19089,-0.073346,-0.199824,0.000816,0.001154
0,0.072835,-0.106677,0.014023,-0.049822,-0.032255,-0.083652,0.001271,0.001862
0,0.145891,0.030575,0.068638,0.12318,0.043575,0.157798,0.002546,0.000534
0,0.042804,-0.032543,-0.1167,-0.038003,-0.106996,-0.014008,0.000747,0.000568
0,0.057437,-0.012932,0.03692,0.031829,0.00012,0.051237,0.001002,0.000226
0,0.01811,-0.135747,-0.065834,-0.104321,-0.089604,-0.085519,0.000316,0.002369
0,0.102969,-0.086723,0.093614,0.059233,0.044647,0.070518,0.001797,0.001514
0,0.10304,0.053333,0.02627,0.156956,0.034669,0.188694,0.001798,0.000931
0,0.29264,-0.076653,0.201981,-0.152084,0.168762,-0.174511,0.005108,0.001338
0,0.259302,-0.060904,-0.028475,0.019173,-0.022644,0.057621,0.004526,0.001063
0,0.165174,-0.084035,-0.086244,0.001065,-0.036389,0.013872,0.002883,0.001467
0,0.002374,0.004766,-0.151244,0.10036,-0.124962,0.051635,4.1e-05,8.3e-05
0,0.182616,-0.006389,0.161625,-0.006125,0.16433,0.02003,0.003187,0.000112
0,0.225853,-0.071694,0.024906,-0.070354,0.074204,-0.050299,0.003942,0.001251
0,0.214531,0.197044,-0.040874,0.283276,-0.07144,0.271599,0.003744,0.003439
0,0.007492,0.040057,-0.184921,-0.161928,-0.173488,-0.145811,0.000131,0.000699
0,-0.046402,0.191176,-0.082782,0.174858,-0.098427,0.155237,0.00081,0.003337
0,0.069468,0.109292,0.145398,-0.10096,0.108979,-0.067713,0.001212,0.001907
0,0.004575,-0.082919,-0.08218,-0.195638,-0.042807,-0.176237,8e-05,0.001447
0,0.130192,-0.041347,0.114457,0.026815,0.144067,0.006573,0.002272,0.000722
0,0.137813,-0.101831,0.009703,-0.055617,-0.027935,-0.030629,0.002405,0.001777
0,-0.056858,0.067374,-0.199549,0.148074,-0.156487,0.1737,0.000992,0.001176
0,0.172222,-0.037654,0.249529,-0.103057,0.240463,-0.147394,0.003006,0.000657
0,0.179114,0.083469,0.02621,0.139597,0.029108,0.182686,0.003126,0.001457
0,0.098,-0.105045,-0.11,-0.204251,-0.152964,-0.195713,0.00171,0.001833
0,0.100602,0.069669,-0.006864,0.175908,-0.020439,0.14121,0.001756,0.001216
0,-0.102101,0.002113,-0.203823,-0.067729,-0.216061,-0.109939,0.001782,3.7e-05
0,-0.148228,0.110113,-0.067795,0.095774,-0.076641,0.047526,0.002587,0.001922
0,-0.030847,-0.122279,0.138418,-0.218365,0.174753,-0.237264,0.000538,0.002134
0,-0.171336,-0.002846,-0.14152,0.137724,-0.136729,0.150086,0.00299,5e-05
0,-0.193285,0.033015,0.005936,0.021163,0.016524,0.0144,0.003373,0.000576
0,-0.16823,0.058025,0.004907,0.03757,0.032956,0.085881,0.002936,0.001013
0,-0.143893,-0.089692,0.03835,-0.167726,0.072777,-0.202698,0.002511,0.001565
0,-0.170221,-0.068843,-0.018328,0.039924,-0.025171,-0.003247,0.002971,0.001202
0,-0.128557,-0.047049,0.057222,0.016712,0.094956,0.050089,0.002244,0.000821
0,-0.09239,-0.04824,0.02732,0.02401,0.060756,0.055323,0.001613,0.000842
0,0.018114,0.013888,0.109759,0.081214,0.155721,0.039794,0.000316,0.000242
0,-0.157286,-0.049604,-0.17171,-0.065269,-0.155378,-0.019199,0.002745,0.000866
0,-0.257962,-0.024808,-0.100836,0.044273,-0.123571,0.089953,0.004502,0.000433
0,-0.299364,-0.032389,-0.05612,-0.008386,-0.030936,0.008771,0.005225,0.000565
0,-0.069002,-0.084841,0.24947,-0.057009,0.232261,-0.052817,0.001204,0.001481
0,-0.231989,-0.152829,-0.142618,-0.085797,-0.124817,-0.123987,0.004049,0.002667
0,-0.220192,0.024272,0.040379,0.203148,0.014175,0.226743,0.003843,0.000424
0,-0.130204,-0.095314,0.080218,-0.09741,0.046454,-0.084909,0.002272,0.001664
0,-0.047917,-0.002371,0.104936,0.110882,0.101763,0.110187,0.000836,4.1e-05
0,-0.141485,-0.179508,-0.118028,-0.172545,-0.119104,-0.179247,0.002469,0.003133
0,-0.164621,-0.189437,-0.04334,-0.027159,0.002057,-0.047834,0.002873,0.003306
0,-0.113771,-0.033001,0.07196,0.147879,0.094319,0.180643,0.001986,0.000576
0,-0.209636,0.0307,-0.095375,0.09228,-0.055376,0.063702,0.003659,0.000536
0,-0.009389,0.091927,0.194921,0.06892,0.190387,0.029361,0.000164,0.001604
0,-0.0633,-0.031007,-0.065611,-0.137319,-0.087512,-0.165331,0.001105,0.000541
0,-0.082125,-0.027053,-0.028117,-0.001224,-0.050733,0.014291,0.001433,0.000472
0,0.083568,0.024767,0.187198,0.043745,0.190658,0.037772,0.001459,0.000432
0,0.081772,-0.105544,-0.005822,-0.116951,0.021431,-0.13652,0.001427,0.001842
0,-0.042456,-0.132372,-0.14492,-0.020695,-0.148893,-0.05663,0.000741,0.00231
0,-0.159706,0.133292,-0.087771,0.238925,-0.084946,0.209951,0.002787,0.002326
0,0.053069,-0.036665,0.205933,-0.161993,0.218346,-0.131407,0.000926,0.00064
0,-0.10974,-0.015267,-0.15385,-0.004053,-0.147321,0.034241,0.001915,0.000266
0,0.001544,-0.15755,0.111122,-0.130686,0.148528,-0.159341,2.7e-05,0.00275
0,-0.082581,-0.08717,-0.101008,0.059934,-0.057761,0.048627,0.001441,0.001521
0,-0.067945,0.117296,0.00632,0.218666,0.00121,0.180757,0.001186,0.002047
0,0.105768,-0.021644,0.176763,-0.135053,0.131698,-0.179525,0.001846,0.000378
0,0.122695,0.132623,0.036437,0.183201,0.077637,0.229648,0.002141,0.002315
0,-0.009252,0.087123,-0.118848,-0.068665,-0.133042,-0.087805,0.000161,0.001521
0,0.094709,-0.134017,0.107031,-0.195002,0.097865,-0.24181,0.001653,0.002339
0,0.249252,0.137226,0.13086,0.263778,0.136731,0.262246,0.00435,0.002395
0,0.284223,0.085134,0.055258,-0.031109,0.054731,-0.043997,0.004961,0.001486
0,0.031697,0.048135,-0.248068,-0.008973,-0.253233,-0.046897,0.000553,0.00084
0,0.148668,-0.040023,0.145796,-0.093414,0.129775,-0.125847,0.002595,0.000699
0,0.208215,-0.049767,0.062301,-0.026436,0.016991,0.015407,0.003634,0.000869
0,0.182349,-0.158248,-0.043827,-0.112769,-0.05567,-0.162763,0.003183,0.002762
0,0.221255,0.042914,0.017121,0.20377,0.050679,0.180911,0.003862,0.000749
0,0.272635,0.043166,0.0345,0.006937,0.035542,-0.041789,0.004758,0.000753
0,0.281582,-0.022801,0.031932,-0.085229,0.000787,-0.055472,0.004915,0.000398
0,0.024011,0.051646,-0.266395,0.048509,-0.240687,0.009465,0.000419,0.000901
0,0.013826,-0.128751,-0.028108,-0.199089,-0.006177,-0.164692,0.000241,0.002247
0,0.195776,0.103022,0.20353,0.212668,0.24161,0.175038,0.003417,0.001798
0,0.290759,0.081543,0.074261,-0.03323,0.02692,-0.065892,0.005075,0.001423
0,0.206699,-0.007086,-0.082865,-0.077618,-0.110594,-0.108354,0.003608,0.000124
0,-0.013807,0.014274,-0.241972,-0.003007,-0.228864,-0.016765,0.000241,0.000249
0,-0.021472,0.022537,-0.000367,-0.014392,0.04212,-0.002236,0.000375,0.000393
0,0.112097,0.016803,0.142822,-0.019034,0.125308,-0.060043,0.001956,0.000293
0,-1.140423,-0.755863,-1.242326,-0.798641,-1.283673,-0.828345,0.003599,0.001441
0,-1.642462,-0.85598,-0.517396,-0.126499,-0.536928,-0.111172,0.005163,0.003188
0,-2.041256,-1.211004,-0.427597,-0.372363,-0.435878,-0.376089,0.000372,0.002367
0,-2.353229,-0.806498,-0.305956,0.414598,-0.297514,0.409034,0.005816,0.002324
0,-2.928627,-0.777653,-0.598859,0.020711,-0.609918,0.05177,0.004107,0.001821
0,-2.003834,-0.537751,0.93542,0.234326,0.903011,0.274474,0.000282,0.002366
0,-1.911897,-0.399251,0.065893,0.117515,0.074882,0.157776,0.001886,0.004783
0,-1.664459,-0.334451,0.264222,0.071882,0.311901,0.053956,0.005547,0.005837
0,-1.145431,-0.020326,0.547373,0.315234,0.500528,0.363646,0.003512,0.000355
0,-0.900593,0.055784,0.244613,0.067861,0.272604,0.100321,0.003967,0.000974
0,-0.663751,0.09072,0.242009,0.027761,0.263519,-0.012884,0.000167,0.001583
0,-0.143896,0.147734,0.5126,0.041546,0.541756,0.002258,0.002511,0.002578
0,-0.043153,-0.014839,0.100577,-0.156627,0.080272,-0.131435,0.000753,0.000259
0,-0.151596,0.224884,-0.118929,0.213686,-0.154025,0.248497,0.002646,0.003925
0,-0.08237,0.103146,0.043655,-0.150742,0.040858,-0.123387,0.001438,0.0018
0,0.169492,0.188996,0.231634,0.101699,0.186879,0.13908,0.002958,0.003299
0,0.226903,0.017189,0.047461,-0.185969,0.083431,-0.175466,0.00396,0.0003
0,0.03123,0.3205,-0.17852,0.293079,-0.186197,0.290919,0.000545,0.005594
0,0.077456,0.065067,0.054562,-0.24292,0.016125,-0.267787,0.001352,0.001136
0,0.273792,0.230637,0.225043,0.16352,0.227895,0.180524,0.004779,0.004025
0,0.262479,0.055637,0.006228,-0.176631,-0.020958,-0.186596,0.004581,0.000971
0,0.206535,0.305307,-0.065091,0.256859,-0.075198,0.221986,0.003605,0.005329
0,0.223373,0.171021,0.041159,-0.162147,-0.005419,-0.19227,0.003899,0.002985
0,0.143817,0.135519,-0.096526,-0.012403,-0.077962,0.006553,0.00251,0.002365
0,0.215716,0.131258,0.058926,0.002147,0.080393,-0.047188,0.003765,0.002291
0,0.049107,0.099008,-0.145589,-0.059224,-0.122751,-0.081238,0.000857,0.001728
0,0.112304,0.311438,0.068941,0.203567,0.082903,0.181578,0.00196,0.005436
0,-0.011702,0.00695,-0.149493,-0.275784,-0.144922,-0.26845,0.000204,0.000121
0,-0.014874,0.040828,0.01978,0.036832,0.002946,0.018718,0.00026,0.000713
0,0.014467,0.239394,0.020381,0.198616,0.017369,0.185086,0.000253,0.004178
0,0.159008,0.110565,0.146344,-0.102871,0.16988,-0.094779,0.002775,0.00193
0,0.140033,0.222911,-0.020209,0.127321,3.8e-05,0.166123,0.002444,0.003891
0,0.154779,0.175714,0.040181,-0.038396,0.048196,-0.08443,0.002701,0.003067
0,0.155338,0.134464,-0.024941,-0.016508,-0.051377,-0.020969,0.002711,0.002347
0,0.238787,0.180946,0.092562,0.064481,0.083955,0.0945,0.004168,0.003158
0,0.189366,0.022546,-0.058325,-0.137877,-0.010737,-0.18477,0.003305,0.000394
0,0.04278,0.144156,-0.136271,0.111656,-0.167053,0.134334,0.000747,0.002516
0,0.112602,0.183346,0.046567,0.025264,0.077739,0.019991,0.001965,0.0032
0,0.031534,0.10445,-0.094726,-0.052355,-0.078914,-0.041939,0.00055,0.001823
0,-0.039978,-0.045212,-0.058205,-0.132512,-0.074118,-0.178167,0.000698,0.000789
0,0.0649,0.000135,0.110268,0.043191,0.069325,-0.006016,0.001133,2e-06
0,0.073123,0.08848,-0.009062,0.098232,0.012026,0.086638,0.001276,0.001544
0,0.087407,-0.067844,0.027479,-0.171036,0.003586,-0.16303,0.001526,0.001184
0,0.141525,0.035705,0.07963,0.12129,0.066464,0.153064,0.00247,0.000623
0,0.135747,0.071543,0.01268,0.036876,-0.026929,0.018358,0.002369,0.001249
0,0.099562,-0.00675,-0.03524,-0.055567,-0.051344,-0.025974,0.001738,0.000118
0,-0.116775,0.142148,-0.197206,0.16657,-0.233599,0.16098,0.002038,0.002481
0,0.100519,0.108766,0.201708,-0.05935,0.208242,-0.105624,0.001754,0.001898
0,-0.051188,0.050386,-0.134091,-0.067118,-0.149274,-0.04172,0.000893,0.000879
0,0.149205,-0.082774,0.205343,-0.127562,0.162097,-0.07763,0.002604,0.001445
0,0.250846,-0.095449,0.094712,-0.023286,0.116461,-0.057108,0.004378,0.001666
0,-0.006202,0.067429,-0.266475,0.155408,-0.227916,0.164229,0.000108,0.001177
0,0.058939,0.038,0.065107,-0.000161,0.093569,-0.006323,0.001029,0.000663
0,0.098732,-0.030455,0.028154,-0.091609,0.04224,-0.082676,0.001723,0.000532
0,0.175283,-0.071856,0.099866,-0.04001,0.055883,0.004939,0.003059,0.001254
0,0.118262,0.094017,-0.080656,0.163509,-0.050979,0.177546,0.002064,0.001641
0,0.171798,0.021131,0.077705,-0.095883,0.104687,-0.139391,0.002998,0.000369
0,0.177801,0.200879,0.01162,0.197422,0.042412,0.193494,0.003103,0.003506
0,0.072754,0.172754,-0.10325,-0.003795,-0.103485,-0.00688,0.00127,0.003015
0,0.221214,0.235821,0.170807,0.047416,0.189059,0.083223,0.003861,0.004116
0,-0.092204,0.036374,-0.320528,-0.215429,-0.286931,-0.23775,0.001609,0.000635
0,0.069463,0.208198,0.169161,0.157846,0.133125,0.157217,0.001212,0.003634
0,0.024534,0.053232,-0.026784,-0.13393,-0.068769,-0.11054,0.000428,0.000929
0,0.220685,-0.101495,0.199669,-0.136756,0.165055,-0.186727,0.003852,0.001771
0,-0.044277,0.049015,-0.290842,0.122919,-0.246561,0.139686,0.000773,0.000855
0,0.03147,0.128839,0.088291,0.054228,0.105276,0.065031,0.000549,0.002249
0,-0.042966,0.157009,-0.101892,0.000687,-0.092226,0.042765,0.00075,0.00274
0,-0.157456,-0.128879,-0.112616,-0.31342,-0.14913,-0.27008,0.002748,0.002249
0,-0.1691,0.130958,-0.020333,0.282041,-0.049047,0.33204,0.002951,0.002286
0,0.06551,0.037158,0.211885,-0.110117,0.214927,-0.078231,0.001143,0.000649
0,-0.08245,-0.127761,-0.17249,-0.184265,-0.203066,-0.135902,0.001439,0.00223
0,-0.024235,-0.023488,0.081377,0.11034,0.112804,0.073311,0.000423,0.00041
0,-0.130941,0.024605,-0.086481,0.022115,-0.083083,-0.009316,0.002285,0.000429
0,-0.151543,0.175937,-0.012461,0.138737,0.02864,0.182806,0.002645,0.003071
0,0.165053,0.044378,0.310562,-0.121003,0.310092,-0.151768,0.002881,0.000775
0,-0.03107,0.193113,-0.17121,0.175876,-0.212316,0.129681,0.000542,0.00337
0,0.035685,-0.002058,0.086903,-0.168228,0.080644,-0.215069,0.000623,3.6e-05
0,-0.154433,0.211757,-0.1732,0.238124,-0.152853,0.22517,0.002695,0.003696
0,-0.173742,-0.08932,-0.028956,-0.30037,-0.049509,-0.298334,0.003032,0.001559
0,0.064474,-0.063967,0.264047,0.015159,0.236177,-0.021518,0.001125,0.001116
0,-0.225265,-0.0404,-0.310345,0.013315,-0.292258,0.055858,0.003932,0.000705
0,-0.034264,-0.035857,0.213816,-0.002906,0.187849,-0.021989,0.000598,0.000626
0,-0.148277,0.084391,-0.113785,0.094292,-0.065901,0.107639,0.002588,0.001473
0,-0.111591,0.028308,0.039481,-0.034876,0.04963,-0.07555,0.001948,0.000494
0,-0.030646,0.072668,0.055238,0.054086,0.029651,0.07776,0.000535,0.001268
0,0.089954,0.026521,0.127368,-0.028253,0.120823,-0.073478,0.00157,0.000463
0,0.010368,0.178858,-0.080745,0.123902,-0.061651,0.095067,0.000181,0.003122
0,0.081023,0.16354,0.08708,0.009946,0.103607,-0.012028,0.001414,0.002854
0,0.148654,-0.064099,0.056076,-0.221374,0.072136,-0.19878,0.002594,0.001119
0,0.036591,-0.086035,-0.118926,-0.014112,-0.165324,-0.004347,0.000639,0.001502
0,0.009876,-0.032004,-0.03296,0.030557,-0.037147,0.041926,0.000172,0.000559
0,0.130215,0.14569,0.102654,0.193116,0.102597,0.182111,0.002273,0.002543
0,0.012608,0.09163,-0.146167,-0.039371,-0.156559,-0.08477,0.00022,0.001599
0,0.111807,-0.134166,0.082298,-0.249408,0.130247,-0.271848,0.001951,0.002342
0,0.069494,-0.085289,-0.06898,0.029701,-0.083491,0.005531,0.001213,0.001489
0,0.113934,0.048183,0.055061,0.108794,0.020355,0.092599,0.001989,0.000841
0,-0.00156,-0.088896,-0.10884,-0.125791,-0.064257,-0.127563,2.7e-05,0.001552
0,-0.00445,-0.023378,-0.004549,0.08985,-0.021179,0.125012,7.8e-05,0.000408
0,0.110257,0.107376,0.139875,0.134983,0.148854,0.154815,0.001924,0.001874
0,0.066145,0.032073,-0.06737,-0.081028,-0.041965,-0.115414,0.001154,0.00056
0,0.100849,-0.145493,0.017158,-0.188857,-0.009677,-0.205298,0.00176,0.002539
0,-0.098696,0.136808,-0.188721,0.278591,-0.187832,0.238129,0.001723,0.002388
0,-0.032597,0.018514,0.051881,-0.137355,0.011265,-0.153425,0.000569,0.000323
0,0.108884,-0.12909,0.112785,-0.134669,0.09035,-0.096562,0.0019,0.002253
0,-0.113607,-0.002643,-0.198749,0.145377,-0.199516,0.105039,0.001983,4.6e-05
0,-0.084811,-0.057968,0.031902,-0.033231,-0.006314,-0.04767,0.00148,0.001012
0,-0.003904,-0.039351,0.085131,0.022847,0.06356,0.007958,6.8e-05,0.000687
0,-0.024966,0.126254,-0.007654,0.143085,0.015705,0.112726,0.000436,0.002204
0,-0.087128,0.045634,-0.051425,-0.090784,-0.018962,-0.051765,0.001521,0.000796
0,-0.1283,0.173064,-0.064791,0.152169,-0.064691,0.156134,0.002239,0.003021
0,0.064933,0.060031,0.176739,-0.116701,0.176392,-0.067851,0.001133,0.001048
0,0.119577,0.161812,0.029769,0.116132,0.059508,0.085217,0.002087,0.002824
0,-0.036048,0.16411,-0.14726,-0.00968,-0.181104,-0.032162,0.000629,0.002864
0,0.021617,-0.045485,0.082071,-0.216033,0.086767,-0.247733,0.000377,0.000794
0,-0.040803,0.08398,-0.037121,0.136814,-0.013939,0.169379,0.000712,0.001466
0,-0.047622,0.007835,-0.021409,-0.087344,-0.005963,-0.067113,0.000831,0.000137
0,0.029756,0.051352,0.056105,0.037515,0.042077,0.014274,0.000519,0.000896
0,0.290454,-0.071085,0.277656,-0.107317,0.228241,-0.062923,0.005069,0.001241
0,0.161703,0.23666,-0.145114,0.296162,-0.142925,0.279336,0.002822,0.00413
0,0.126937,0.219515,-0.022564,-0.022695,0.002129,-0.054435,0.002215,0.003831
0,0.265109,0.104149,0.120534,-0.139594,0.156109,-0.171586,0.004627,0.001818
0,-0.011684,0.170911,-0.303445,0.089095,-0.296526,0.117213,0.000204,0.002983
0,0.13858,-0.00166,0.158787,-0.169853,0.206708,-0.213936,0.002419,2.9e-05
0,-0.586962,1.265716,-0.710557,1.245845,-0.725814,1.25759,0.001507,0.001412
0,-1.406414,1.801193,-0.846566,0.544853,-0.859996,0.58381,0.001043,0.003818
0,-2.874238,1.948733,-1.479642,0.137361,-1.519049,0.113168,0.003158,0.001243
0,-2.720362,1.767264,0.149442,-0.208701,0.127744,-0.253168,0.000472,0.004411
0,-2.23166,1.537017,0.463629,-0.253226,0.501721,-0.264086,0.003695,0.003323
0,-1.711071,0.810388,0.518432,-0.722628,0.496388,-0.723366,0.005391,0.002392
0,-1.131958,0.658567,0.570361,-0.165967,0.596801,-0.160952,0.003747,0.000258
0,-0.577811,0.357472,0.541856,-0.324104,0.503694,-0.32728,0.001667,0.005513
0,-0.307385,-0.004828,0.289569,-0.379895,0.255998,-0.367743,0.005365,8.4e-05
0,-0.222803,-0.149018,0.071605,-0.120182,0.028319,-0.169675,0.003889,0.002601
0,-0.074797,-0.038092,0.172218,0.117965,0.176719,0.153692,0.001305,0.000665
0,0.128109,-0.082548,0.205927,-0.060207,0.226785,-0.107327,0.002236,0.001441
0,-0.044701,-0.099139,-0.174739,-0.038451,-0.175458,-0.039727,0.00078,0.00173
0,0.102084,-0.270989,0.144951,-0.187652,0.168253,-0.178682,0.001782,0.00473
0,0.090635,-0.23746,0.001369,0.045904,0.034897,0.037347,0.001582,0.004144
0,0.198746,-0.150493,0.091765,0.102295,0.044128,0.114152,0.003469,0.002627
0,0.229456,-0.236495,0.044363,-0.095925,0.052587,-0.04763,0.004005,0.004128
0,0.208661,-0.105543,-0.036067,0.106535,0.006361,0.071281,0.003642,0.001842
0,0.127872,-0.321561,-0.075929,-0.233365,-0.071704,-0.218272,0.002232,0.005612
0,0.23787,-0.121718,0.135803,0.182492,0.124502,0.134592,0.004152,0.002124
0,0.066188,-0.263482,-0.151029,-0.12218,-0.145003,-0.152392,0.001155,0.004599
0,0.103302,-0.125045,0.018682,0.163074,0.068277,0.133824,0.001803,0.002182
0,0.054317,-0.186256,-0.066683,-0.045832,-0.076298,-0.079305,0.000948,0.003251
0,0.112292,-0.137709,0.029356,0.043003,0.028495,0.066809,0.00196,0.002403
0,0.293871,-0.214498,0.152988,-0.078397,0.152232,-0.053128,0.005129,0.003744
0,0.153698,-0.136944,-0.126483,0.050894,-0.149435,0.016132,0.002683,0.00239
0,0.063015,-0.281236,-0.077891,-0.125939,-0.074663,-0.080034,0.0011,0.004908
0,-0.015589,-0.170941,-0.085761,0.126309,-0.099349,0.15225,0.000272,0.002983
0,0.198188,-0.053789,0.193721,0.087186,0.198373,0.104008,0.003459,0.000939
0,0.031932,0.063236,-0.188295,0.140437,-0.229964,0.147774,0.000557,0.001104
0,0.178734,-0.163434,0.117088,-0.241175,0.1398,-0.23379,0.003119,0.002852
0,0.19171,-0.078899,0.042264,0.064712,0.05313,0.023397,0.003346,0.001377
0,0.101242,-0.127679,-0.078508,-0.053078,-0.089832,-0.068473,0.001767,0.002228
0,0.288123,-0.063473,0.162495,0.038431,0.177023,0.049835,0.005029,0.001108
0,0.310073,-0.001861,0.040163,0.05101,0.070086,0.017776,0.005412,3.2e-05
0,0.256416,-0.018989,-0.031826,-0.034724,-0.008724,-0.034272,0.004475,0.000331
0,0.086475,-0.173312,-0.153139,-0.132894,-0.164681,-0.10049,0.001509,0.003025
0,0.235542,0.117014,0.156033,0.31577,0.172158,0.303632,0.004111,0.002042
0,0.258655,-0.05529,0.007579,-0.197948,0.018576,-0.152482,0.004514,0.000965
0,0.033957,-0.106367,-0.238019,-0.054138,-0.251095,-0.073218,0.000593,0.001856
0,0.13175,0.083638,0.111224,0.177846,0.061309,0.148984,0.002299,0.00146
0,-0.081511,0.044595,-0.208986,-0.052766,-0.196942,-0.040025,0.001423,0.000778
0,0.101877,-0.144184,0.202896,-0.208154,0.179091,-0.255695,0.001778,0.002516
0,-0.000935,-0.128637,-0.086807,0.027115,-0.122857,0.025726,1.6e-05,0.002245
0,0.138933,0.067312,0.165602,0.208616,0.207144,0.173121,0.002425,0.001175
0,0.047664,-0.107818,-0.073846,-0.196335,-0.041717,-0.229683,0.000832,0.001882
0,0.012327,0.04373,-0.021543,0.156733,-0.058119,0.137959,0.000215,0.000763
0,0.005828,0.003841,0.021417,-0.055798,0.038548,-0.098224,0.000102,6.7e-05
0,0.059943,0.04777,0.074028,0.068384,0.09981,0.039712,0.001046,0.000834
0,0.098654,-0.090536,0.065188,-0.137874,0.016272,-0.114497,0.001722,0.00158
0,0.0017,0.07277,-0.087581,0.153489,-0.086836,0.130702,3e-05,0.00127
0,0.0387,-0.077091,0.020677,-0.151935,-0.013384,-0.133694,0.000675,0.001345
0,-0.071087,-0.056077,-0.08915,-0.000603,-0.135287,0.00367,0.001241,0.000979
0,-0.09597,-0.029982,-0.02744,0.006643,0.01821,0.046992,0.001675,0.000523
0,-0.115037,0.085247,-0.005916,0.108017,-0.020165,0.101036,0.002008,0.001488
0,0.022916,-0.024818,0.127596,-0.098114,0.147851,-0.075659,0.0004,0.000433
0,-0.047075,-0.140933,-0.060424,-0.133611,-0.027015,-0.098992,0.000822,0.00246
0,0.092874,-0.112169,0.143652,0.035766,0.157841,0.07952,0.001621,0.001958
0,-0.176553,0.037958,-0.243224,0.166668,-0.275649,0.159059,0.003081,0.000662
0,-0.157678,-0.086521,-0.004094,-0.104495,0.012589,-0.096381,0.002752,0.00151
0,-0.112452,-0.123601,0.060801,-0.060793,0.061827,-0.023657,0.001963,0.002157
0,-0.983306,0.162333,-0.881321,0.259217,-0.900771,0.30285,0.00541,0.002833
0,-1.045414,0.473036,-0.03644,0.338142,-0.004889,0.381141,0.005257,0.003496
0,-1.817157,0.611176,-0.785905,0.127174,-0.823514,0.169397,0.00354,0.001085
0,-1.711049,0.47595,0.127061,-0.159002,0.108061,-0.110708,0.005392,0.003445
0,-1.389948,0.333976,0.316261,-0.128927,0.26735,-0.115533,0.000756,0.005829
0,-1.206221,0.396894,0.206807,0.073713,0.171784,0.05059,0.002451,0.004825
0,-0.894515,0.357132,0.333702,-0.067908,0.342096,-0.101901,0.003861,0.005519
0,-0.712954,0.173072,0.186685,-0.178751,0.190892,-0.198827,0.000692,0.003021
0,-0.595257,-0.050675,0.125852,-0.210652,0.123863,-0.225721,0.001363,0.000884
0,-0.320632,-0.06211,0.295404,-0.012221,0.303642,-0.012035,0.005596,0.001084
0,0.02788,-0.151763,0.323234,-0.067835,0.339611,-0.114097,0.000487,0.002649
0,0.034333,-0.163689,-0.006719,-0.033258,0.037503,-0.082722,0.000599,0.002857
0,0.036198,-0.226897,0.019324,-0.042407,-0.003029,-0.082178,0.000632,0.00396
0,-0.092751,-0.148027,-0.157159,0.094011,-0.134865,0.055973,0.001619,0.002584
0,0.021173,-0.193666,0.124224,-0.028232,0.160012,-0.022959,0.00037,0.00338
0,-0.020448,-0.169175,-0.039351,0.010892,-0.079143,0.01366,0.000357,0.002953
0,0.0584,-0.014875,0.097291,0.130032,0.049073,0.179316,0.001019,0.00026
0,-0.035251,-0.021399,-0.121549,-0.013172,-0.123962,-0.034582,0.000615,0.000373
0,0.217368,-0.087508,0.250041,-0.041968,0.255068,-0.085778,0.003794,0.001527
0,0.020074,-0.11996,-0.185357,-0.02136,-0.148383,-0.032365,0.00035,0.002094
0,0.069256,-0.242426,0.056351,-0.133395,0.086647,-0.142346,0.001209,0.004231
0,0.068395,-0.075167,0.002556,0.138557,-0.02694,0.095761,0.001194,0.001312
0,-0.045211,-0.022067,-0.084904,0.037852,-0.09868,0.053244,0.000789,0.000385
0,0.009604,-0.261925,0.060751,-0.251161,0.072199,-0.232541,0.000168,0.004571
0,-0.039445,-0.252512,-0.021177,0.027558,0.004805,0.072186,0.000688,0.004407
0,0.129427,-0.010289,0.173855,0.225948,0.184017,0.189971,0.002259,0.00018
0,0.104284,-0.14789,0.002737,-0.13824,-0.001177,-0.127678,0.00182,0.002581
0,0.179296,-0.09541,0.045098,0.060053,0.084003,0.070419,0.003129,0.001665
0,-0.080213,-0.11871,-0.262427,-0.021541,-0.311034,-0.043844,0.0014,0.002072
0,0.203329,-0.165508,0.254431,-0.075815,0.262888,-0.069737,0.003549,0.002889
0,0.206797,-0.192992,0.016158,-0.048349,0.045331,-0.071222,0.003609,0.003368
0,0.019753,-0.052069,-0.185243,0.118173,-0.18918,0.112832,0.000345,0.000909
0,-0.001418,-0.125001,0.001096,-0.09075,-0.02802,-0.110697,2.5e-05,0.002182
0,0.051394,-0.134105,0.049417,-0.002084,0.009806,0.031548,0.000897,0.002341
0,-0.339022,-2.146492,-0.407921,-2.025558,-0.441448,-2.026319,0.005835,0.002208
0,-0.404232,-2.742584,-0.038933,-0.596912,0.010629,-0.630333,0.004697,0.00086
0,-0.152013,-2.016031,0.225987,0.725061,0.239065,0.699998,0.002653,6.9e-05
0,-0.17867,-1.777985,-0.007052,0.21218,-0.023834,0.261572,0.003118,0.004223
0,-0.247299,-1.347911,-0.061637,0.453849,-0.039478,0.41841,0.004316,2.2e-05
0,-0.118248,-1.108145,0.107145,0.215512,0.111637,0.210156,0.002064,0.004163
0,-0.087628,-0.789731,0.011483,0.313301,0.034719,0.27246,0.001529,0.002032
0,-0.119328,-0.489081,-0.031758,0.309504,-0.045203,0.329907,0.002083,0.003216
0,-0.248382,-0.14839,-0.137158,0.334863,-0.14723,0.332837,0.004335,0.00259
0,-0.242087,-0.157994,-0.004436,-0.030576,0.02596,0.003443,0.004225,0.002758
0,-0.206542,0.166244,0.0219,0.299677,0.009942,0.321041,0.003605,0.002901
0,-0.041034,0.201824,0.163239,0.012766,0.198698,0.05417,0.000716,0.003522
0,-0.203482,0.315531,-0.150803,0.121115,-0.164489,0.100151,0.003551,0.005507
0,-0.058289,0.084618,0.150182,-0.234071,0.17668,-0.259698,0.001017,0.001477
0,-0.286945,0.21799,-0.217156,0.133682,-0.172818,0.099676,0.005008,0.003805
0,-0.043843,0.11184,0.213887,-0.107416,0.244034,-0.100026,0.000765,0.001952
0,-0.156062,0.139009,-0.136399,0.045396,-0.123324,0.03292,0.002724,0.002426
0,-0.040367,0.108545,0.113996,-0.046712,0.092565,-0.091353,0.000705,0.001894
0,-0.225911,0.290503,-0.2115,0.152674,-0.189496,0.194262,0.003943,0.00507
0,-0.176231,0.080841,0.066992,-0.200111,0.041037,-0.243976,0.003076,0.001411
0,-0.11928,0.048166,0.035145,-0.044588,0.082905,-0.029697,0.002082,0.000841
0,0.016172,0.174615,0.127197,0.127352,0.130754,0.114305,0.000282,0.003048
0,-0.029617,0.282394,-0.057985,0.105816,-0.066922,0.102678,0.000517,0.004929
0,0.104496,0.172293,0.154792,-0.114221,0.111826,-0.136406,0.001824,0.003007
0,-0.041503,0.014131,-0.129151,-0.162924,-0.129509,-0.192352,0.000724,0.000247
0,-0.057544,0.017614,-0.034582,0.002766,0.013602,0.005339,0.001004,0.000307
0,-0.065031,-0.019962,-0.035268,-0.045773,-0.052374,-0.060781,0.001135,0.000348
0,-0.028482,0.154859,0.024224,0.202941,0.017261,0.172562,0.000497,0.002703
0,0.104009,0.183993,0.136782,0.011759,0.129379,0.015849,0.001815,0.003211
0,-0.065075,0.214725,-0.143529,0.006327,-0.178817,-0.008878,0.001136,0.003748
0,0.0607,-0.061408,0.100699,-0.251641,0.127975,-0.237832,0.001059,0.001072
0,0.081418,0.201619,0.024462,0.248164,0.013273,0.228536,0.001421,0.003519
0,-0.146358,0.021422,-0.237177,-0.178841,-0.251803,-0.202977,0.002554,0.000374
0,-0.1315,0.045445,-0.00597,0.00514,-0.040982,-0.013581,0.002295,0.000793
0,0.072976,0.112441,0.225207,0.079218,0.267716,0.112176,0.001274,0.001962
0,0.004319,-0.019875,-0.081722,-0.105358,-0.125211,-0.122575,7.5e-05,0.000347
0,0.062136,-0.128464,0.057998,-0.101576,0.054507,-0.11088,0.001084,0.002242
0,-0.016212,-0.105197,-0.089832,0.003864,-0.110352,0.039175,0.000283,0.001836
0,-0.090873,0.142475,-0.063171,0.224244,-0.098737,0.20437,0.001586,0.002487
0,0.017327,-0.048167,0.124471,-0.193065,0.151824,-0.147403,0.000302,0.000841
0,0.11792,0.047815,0.124053,0.107864,0.122402,0.088639,0.002058,0.000835
0,-0.037512,0.011707,-0.1676,-0.047179,-0.147994,-0.090593,0.000655,0.000204
0,-0.814461,1.010282,-0.761656,0.980657,-0.803954,0.957746,0.002463,0.005871
0,-1.472616,2.175947,-0.682707,1.149661,-0.710327,1.11553,0.002199,0.002722
0,-1.430787,2.611368,0.0569,0.447244,0.104646,0.416591,0.001469,0.00143
0,-1.695098,2.240425,-0.244059,-0.398376,-0.229535,-0.417813,0.00567,0.003848
0,-1.713286,1.701926,-0.041504,-0.51034,-0.088985,-0.559606,0.005353,0.005551
0,-1.535955,1.077911,0.154242,-0.637093,0.167537,-0.680956,0.003304,0.00469
0,-1.1837,0.543081,0.328598,-0.548043,0.340473,-0.506851,0.002844,0.002273
0,-0.898126,0.294638,0.278716,-0.254208,0.308999,-0.246383,0.003924,0.005142
0,-0.821308,0.113435,0.097348,-0.169681,0.088908,-0.12585,0.002583,0.00198
0,-0.340812,-0.044851,0.46546,-0.136252,0.489999,-0.112247,0.005803,0.000783
0,-0.065734,0.1632,0.261141,0.182285,0.224466,0.173356,0.001147,0.002848
0,-0.015049,-0.067295,0.057201,-0.203118,0.058382,-0.168927,0.000263,0.001175
0,0.196828,0.004228,0.221572,0.067517,0.183846,0.097896,0.003435,7.4e-05
0,0.285632,-0.0583,0.060552,-0.047476,0.021204,-0.085449,0.004985,0.001018
0,0.132863,-0.055315,-0.155623,0.006054,-0.140564,-0.043732,0.002319,0.000965
0,0.304116,0.0777,0.164433,0.108532,0.173674,0.118915,0.005308,0.001356
0,0.073859,-0.124927,-0.221591,-0.207321,-0.198535,-0.197549,0.001289,0.00218
0,0.139336,0.074215,0.059095,0.20152,0.077437,0.240212,0.002432,0.001295
0,0.288993,-0.188402,0.124133,-0.242395,0.170139,-0.210677,0.005044,0.003288
0,0.122452,-0.213788,-0.144938,-0.00076,-0.11423,0.010875,0.002137,0.003731
0,0.045546,-0.197008,-0.101835,0.011847,-0.112119,-0.018636,0.000795,0.003438
0,0.15639,-0.024041,0.090609,0.146306,0.13949,0.190332,0.00273,0.00042
0,0.132126,-0.09731,-0.035952,-0.056622,-0.069377,-0.042827,0.002306,0.001698
0,0.171605,0.053397,0.013982,0.137829,0.014405,0.145275,0.002995,0.000932
0,0.087759,-0.046695,-0.060315,-0.112294,-0.063585,-0.127193,0.001532,0.000815
0,-0.057818,0.086232,-0.131769,0.143696,-0.142958,0.144804,0.001009,0.001505
0,0.089008,-0.100483,0.122493,-0.17549,0.144581,-0.141759,0.001553,0.001754
0,-0.002909,0.015961,-0.117958,0.109049,-0.160556,0.142118,5.1e-05,0.000279
0,0.161055,0.026918,0.153591,0.023368,0.176599,0.049979,0.002811,0.00047
0,-0.074509,-0.03318,-0.263964,-0.078088,-0.216092,-0.04498,0.0013,0.000579
0,0.110523,0.04408,0.18986,0.06251,0.155804,0.102214,0.001929,0.000769
0,0.120913,-0.169765,-0.017767,-0.242902,-0.013972,-0.247363,0.00211,0.002963
0,0.099334,-0.0761,-0.04995,0.118919,-0.019923,0.11324,0.001734,0.001328
0,0.092987,-0.069728,-0.026001,0.032039,-0.043633,0.0318,0.001623,0.001217
0,0.123655,0.088017,0.012085,0.174519,0.012126,0.134554,0.002158,0.001536
0,0.13456,0.045788,-0.004911,-0.05721,0.028962,-0.019039,0.002349,0.000799
0,-0.096612,0.100323,-0.241086,0.052522,-0.197983,0.072112,0.001686,0.001751
0,-0.079878,0.03709,0.012354,-0.082347,0.019292,-0.041987,0.001394,0.000647
0,-0.116786,0.01419,-0.037852,-0.009146,-0.008671,-0.036628,0.002038,0.000248
0,0.113115,0.034692,0.248213,0.005206,0.215138,-0.038026,0.001974,0.000605
0,0.072887,0.049453,-0.060485,0.022268,-0.042609,0.010836,0.001272,0.000863
0,0.097236,-0.050729,0.051064,-0.109848,0.09516,-0.092661,0.001697,0.000885
0,-0.045676,-0.006536,-0.160809,0.052326,-0.17854,0.046442,0.000797,0.000114
0,0.131259,-0.072896,0.180857,-0.056325,0.182066,-0.036078,0.002291,0.001272
0,0.008268,-0.024351,-0.147578,0.030738,-0.143593,0.006735,0.000144,0.000425
0,-0.051715,-0.023849,-0.086034,-0.019454,-0.135776,0.007416,0.000903,0.000416
0,0.065098,0.117056,0.107647,0.123058,0.077429,0.130667,0.001136,0.002043
0,-0.132834,-0.140007,-0.227141,-0.26318,-0.182698,-0.218565,0.002318,0.002444
0,-0.000166,-0.093207,0.112759,0.018468,0.137319,-0.010547,3e-06,0.001627
0,-0.019544,-0.038189,-0.048597,0.036703,-0.056584,0.044097,0.000341,0.000667
0,0.073405,-0.186764,0.109061,-0.12716,0.151083,-0.133274,0.001281,0.00326
0,0.046077,-0.086198,-0.035666,0.08051,-0.072954,0.074134,0.000804,0.001504
0,0.090004,-0.064372,0.054461,0.036447,0.076809,-0.008683,0.001571,0.001123
0,0.041579,0.022265,-0.076323,0.079189,-0.086338,0.086655,0.000726,0.000389
0,0.104245,-0.016275,0.039824,-0.062101,0.038361,-0.103521,0.001819,0.000284
0,0.059576,0.074744,-0.041922,0.096051,-0.061028,0.062013,0.00104,0.001305
0,0.166723,-0.197013,0.090177,-0.277635,0.121134,-0.314321,0.00291,0.003439
0,-0.038746,-0.094106,-0.23383,0.121421,-0.200114,0.118571,0.000676,0.001642
0,0.003341,-0.093562,0.030548,0.025676,0.026483,0.026322,5.8e-05,0.001633
0,-0.159519,-0.015422,-0.143614,0.093894,-0.159769,0.140439,0.002784,0.000269
0,-0.028676,0.052873,0.124458,0.053412,0.167388,0.036302,0.0005,0.000923
0,-0.046731,0.020424,-0.044154,-0.056016,-0.07162,-0.079999,0.000816,0.000356
0,-0.05337,0.01655,-0.001292,0.00482,-0.036894,0.043824,0.000931,0.000289
0,-0.064222,-0.041231,0.017501,-0.081864,0.06074,-0.09844,0.001121,0.00072
0,0.03116,0.037738,0.082022,0.096475,0.082565,0.07566,0.000544,0.000659
0,-0.003099,-0.006087,-0.059559,-0.0346,-0.074423,-0.012502,5.4e-05,0.000106
0,-0.002224,-0.111268,-0.023618,-0.099317,0.002249,-0.119091,3.9e-05,0.001942
0,-0.180869,0.108811,-0.150562,0.23486,-0.105447,0.266621,0.003157,0.001899
0,-0.214174,-0.054878,-0.053656,-0.160022,-0.039348,-0.180062,0.003738,0.000958
0,0.059112,-0.159438,0.270269,-0.092162,0.222279,-0.049441,0.001032,0.002783
0,-0.12075,-0.093818,-0.202048,0.080862,-0.239001,0.120812,0.002107,0.001637
0,0.043578,-0.125672,0.149519,-0.014677,0.146925,0.028737,0.000761,0.002193
0,-0.047882,-0.116118,-0.06906,0.020397,-0.096748,0.02696,0.000836,0.002027
0,0.148527,0.071042,0.202752,0.166712,0.155089,0.192162,0.002592,0.00124
0,-0.002299,0.127268,-0.138869,0.044546,-0.119449,0.065435,4e-05,0.002221
0,0.071134,-0.017992,0.046339,-0.165983,0.073389,-0.130788,0.001242,0.000314
0,0.020083,0.001801,-0.045752,0.04957,-0.070415,0.016983,0.000351,3.1e-05
0,-0.067648,-0.023087,-0.07782,-6.9e-05,-0.10476,0.020484,0.001181,0.000403
0,0.002859,0.081161,0.076946,0.089847,0.029696,0.122069,5e-05,0.001417
0,-0.108621,0.144185,-0.111019,0.061764,-0.095598,0.082617,0.001896,0.002516
0,0.117499,-0.082546,0.233675,-0.251224,0.189627,-0.273098,0.002051,0.001441
0,-0.106762,-0.123353,-0.235524,-0.045572,-0.208952,-0.0522,0.001863,0.002153
0,-0.132251,-0.132925,-0.050843,-0.015083,-0.000944,0.030313,0.002308,0.00232
0,-0.031753,0.048055,0.072973,0.170308,0.082232,0.183603,0.000554,0.000839
0,-0.015299,0.014291,0.044297,-0.036654,0.087461,-0.027987,0.000267,0.000249
0,-0.03124,-0.064772,-0.012428,-0.077969,-0.058608,-0.05616,0.000545,0.00113
0,-0.083928,-0.104,-0.078429,-0.051867,-0.110538,-0.031395,0.001465,0.001815
0,0.117559,0.058422,0.195546,0.188172,0.24098,0.235133,0.002052,0.00102
0,-0.12684,-0.032504,-0.264657,-0.107938,-0.263148,-0.063475,0.002214,0.000567
0,-0.046492,-0.186099,0.102819,-0.168718,0.134199,-0.162921,0.000811,0.003248
0,0.153837,-0.086982,0.187952,0.117667,0.14001,0.133951,0.002685,0.001518
0,-0.013181,-0.167143,-0.181269,-0.104158,-0.173045,-0.086151,0.00023,0.002917
0,-0.033295,-0.192392,-0.048919,-0.017842,-0.03753,-0.0558,0.000581,0.003358
0,-0.103896,-0.045227,-0.062037,0.125547,-0.023984,0.152927,0.001813,0.000789
0,-0.035638,0.108416,0.077403,0.14432,0.119893,0.117973,0.000622,0.001892
0,-0.127732,-0.010455,-0.083817,-0.113907,-0.110015,-0.151103,0.002229,0.000182
0,-0.10134,0.080108,0.036319,0.075141,0.023776,0.098041,0.001769,0.001398
0,0.015568,-0.080749,0.112517,-0.140968,0.077276,-0.169264,0.000272,0.001409
0,0.020723,0.014261,0.035093,0.082884,0.049251,0.049665,0.000362,0.000249
0,-0.151795,-0.097887,-0.17198,-0.13853,-0.186578,-0.1645,0.002649,0.001708
0,-0.09276,-0.09375,0.086335,-0.016261,0.112549,-0.025557,0.001619,0.001636
0,0.04463,0.012029,0.153991,0.130643,0.202383,0.082048,0.000779,0.00021
0,-0.167937,0.001164,-0.197661,-0.009706,-0.2003,-0.043979,0.002931,2e-05
0,0.080624,0.090957,0.264544,0.089744,0.230805,0.091498,0.001407,0.001588
0,0.020397,-0.155039,-0.080416,-0.249326,-0.108998,-0.206231,0.000356,0.002706
0,-0.046456,-0.058728,-0.065426,0.093865,-0.109803,0.063276,0.000811,0.001025
0,0.032625,-0.162763,0.075727,-0.107923,0.04419,-0.122496,0.000569,0.002841
0,0.059869,0.016441,0.024661,0.172223,0.008983,0.144836,0.001045,0.000287
0,-0.104848,-0.076499,-0.164724,-0.084344,-0.158276,-0.056439,0.00183,0.001335
0,0.023975,-0.084977,0.148865,-0.028572,0.137461,-0.063936,0.000418,0.001483
0,0.120149,-0.191393,0.079614,-0.127921,0.112325,-0.108962,0.002097,0.00334
0,0.064941,-0.100587,-0.045817,0.077454,-0.054005,0.050714,0.001133,0.001756
0,-0.042346,-0.134203,-0.09132,-0.006415,-0.106186,0.029705,0.000739,0.002342
0,-0.100155,-0.133071,-0.083659,-0.011661,-0.059751,-0.050408,0.001748,0.002323
0,-0.061092,-0.070093,0.03831,0.035166,0.021589,0.014826,0.001066,0.001223
0,-0.164001,0.0428,-0.113571,0.141145,-0.128505,0.140038,0.002862,0.000747
0,-0.112801,0.019646,0.07657,0.004975,0.104208,-0.013307,0.001969,0.000343
0,0.126138,-0.076473,0.23013,-0.086878,0.26013,-0.081741,0.002202,0.001335
0,-0.088669,-0.104588,-0.209996,-0.039649,-0.206138,-0.007859,0.001548,0.001825
0,-0.001121,0.023027,0.074885,0.103044,0.102182,0.105221,2e-05,0.000402
0,0.026495,-0.046936,0.016386,-0.055811,0.033263,-0.102453,0.000462,0.000819
0,0.087486,-0.091388,0.065563,-0.042123,0.082909,-0.016178,0.001527,0.001595
0,-0.104214,0.037984,-0.21666,0.127516,-0.210772,0.115326,0.001819,0.000663
0,-0.001614,-0.044599,0.073906,-0.098163,0.050897,-0.098155,2.8e-05,0.000778
0,0.006573,-0.132533,0.031245,-0.063177,0.056234,-0.067558,0.000115,0.002313
0,0.176623,-0.039284,0.160429,0.105527,0.117632,0.069896,0.003083,0.000686
0,-0.008391,-0.0878,-0.189822,-0.061837,-0.161778,-0.095888,0.000146,0.001532
0,-0.029691,-0.036776,-0.045387,0.042949,-0.027418,0.066881,0.000518,0.000642
0,-0.102291,-0.089245,-0.064485,-0.030756,-0.061695,-0.03555,0.001785,0.001558
0,-0.141398,-0.086765,-0.025051,0.022295,-0.019629,0.066303,0.002468,0.001514
0,-0.086487,0.073231,0.034185,0.135696,0.075675,0.173944,0.001509,0.001278
0,-0.020349,-0.075563,0.074549,-0.165611,0.061626,-0.202077,0.000355,0.001319
0,-0.005428,0.040363,0.001994,0.13059,-0.031014,0.108741,9.5e-05,0.000704
0,0.062246,-0.169709,0.08979,-0.224684,0.04326,-0.221409,0.001086,0.002962
0,-0.174961,0.098782,-0.210095,0.280023,-0.239533,0.286424,0.003054,0.001724
0,-0.024614,-0.199599,0.156886,-0.294021,0.137313,-0.3241,0.00043,0.003484
0,0.061506,-0.209119,0.101119,-0.00274,0.058544,-0.033818,0.001073,0.00365
0,0.102157,-0.209687,0.057958,0.017293,0.046275,0.048028,0.001783,0.00366
0,-0.117192,-0.153923,-0.227687,0.039459,-0.233356,0.068412,0.002045,0.002686
0,0.023168,-0.095819,0.133706,0.084583,0.150489,0.099539,0.000404,0.001672
0,0.112307,-0.105089,0.063437,-0.030052,0.055621,-0.031137,0.00196,0.001834
0,0.034234,-0.127015,-0.067962,-0.034186,-0.027295,0.004965,0.000597,0.002217
0,-0.098119,0.035365,-0.103131,0.184073,-0.126075,0.223176,0.001712,0.000617
0,-0.148157,-0.173197,-0.063725,-0.185403,-0.070897,-0.140275,0.002586,0.003023
0,-0.159478,0.019685,-0.026162,0.201833,-0.022403,0.160839,0.002783,0.000344
0,-0.061608,0.00772,0.083064,-0.027012,0.075969,-0.018902,0.001075,0.000135
0,-0.181731,0.011017,-0.134908,0.016592,-0.117611,0.007753,0.003172,0.000192
0,-0.001115,0.012465,0.208398,0.011681,0.253142,0.049405,1.9e-05,0.000218
0,0.036153,-0.001146,0.020595,-0.031304,0.001259,-0.021896,0.000631,2e-05
0,-0.024679,-0.048788,-0.043693,-0.071673,-0.027199,-0.108921,0.000431,0.000852
0,-0.224346,-0.159232,-0.223913,-0.10566,-0.184863,-0.068808,0.003916,0.002779
0,-0.005481,0.084532,0.196189,0.249318,0.240772,0.202995,9.6e-05,0.001475
0,-0.121406,-0.032858,-0.086218,-0.109003,-0.042574,-0.070143,0.002119,0.000573
0,0.03045,-0.090061,0.171207,-0.032629,0.179187,-0.032351,0.000531,0.001572
0,-0.199754,0.071629,-0.22018,0.145044,-0.176216,0.161936,0.003486,0.00125
0,-0.04899,-0.094264,0.125771,-0.155486,0.144579,-0.138996,0.000855,0.001645
0,-0.110065,-0.11665,-0.081805,-0.009595,-0.096721,-0.025153,0.001921,0.002036
0,-0.130895,0.01989,-0.016189,0.132048,-0.055586,0.167502,0.002285,0.000347
0,-0.144328,-0.16305,-0.004929,-0.206367,0.038691,-0.160005,0.002519,0.002846
0,-0.147728,0.080572,0.022194,0.221541,0.068203,0.209539,0.002578,0.001406
0,-0.095193,-0.00717,0.028019,-0.070278,0.025819,-0.046832,0.001661,0.000125
0,-0.063536,-0.033553,0.045634,-0.03289,-0.001603,-0.08211,0.001109,0.000586
0,-0.088835,-0.069081,-0.018485,-0.051914,0.002385,-0.022677,0.00155,0.001206
0,-0.089106,-0.115554,-0.017074,-0.07035,-0.035741,-0.073052,0.001555,0.002017
0,-0.004367,0.082507,0.092262,0.202223,0.124779,0.180978,7.6e-05,0.00144
0,-0.099008,-0.134309,-0.09122,-0.230301,-0.104985,-0.20792,0.001728,0.002344
0,0.049244,-0.147104,0.131411,0.000779,0.106278,0.027288,0.000859,0.002567
0,-0.060494,-0.102502,-0.099073,0.031953,-0.073206,0.048306,0.001056,0.001789
0,-0.131405,-0.022754,-0.0603,0.086331,-0.053603,0.124212,0.002293,0.000397
0,-0.033622,-0.011109,0.085678,0.026056,0.124844,0.031167,0.000587,0.000194
0,-0.194973,-0.050335,-0.183168,-0.035275,-0.155518,-0.082265,0.003403,0.000879
0,0.067305,0.007873,0.243045,0.063407,0.25431,0.039883,0.001175,0.000137
0,-0.036467,-0.067974,-0.100114,-0.105687,-0.116738,-0.081065,0.000636,0.001186
0,-0.089249,-0.087751,-0.07045,-0.034881,-0.099586,-0.057575,0.001558,0.001532
0,-0.096857,-0.130048,-0.01328,-0.046003,-0.012132,-0.092109,0.00169,0.00227
0,-0.056102,0.084565,0.030071,0.187851,0.00013,0.140027,0.000979,0.001476
0,-0.211882,0.020504,-0.172784,-0.062357,-0.183389,-0.040125,0.003698,0.000358
0,-0.164158,-0.034267,0.052028,-0.08308,0.056307,-0.066219,0.002865,0.000598
0,-0.208441,-0.182915,-0.044459,-0.154258,-0.028528,-0.128197,0.003638,0.003192
0,-0.027095,-0.009641,0.167809,0.164697,0.125642,0.214165,0.000473,0.000168
0,-0.102262,-0.178819,-0.087042,-0.189679,-0.098287,-0.162066,0.001785,0.003121
0,-0.137041,-0.054398,-0.020838,0.152205,0.018416,0.162661,0.002392,0.000949
0,-0.162628,0.078874,-0.007899,0.132187,0.00192,0.166374,0.002838,0.001377
0,-0.11212,-0.064812,0.046303,-0.115393,0.030066,-0.144906,0.001957,0.001131
0,-0.014602,0.040368,0.076235,0.130282,0.07528,0.088525,0.000255,0.000705
0,-0.038302,0.15801,-0.027554,0.113602,-0.053938,0.091514,0.000668,0.002758
0,-0.167764,-0.097729,-0.105356,-0.281645,-0.098803,-0.312915,0.002928,0.001706
0,-0.012834,-0.054075,0.146917,0.038242,0.186247,0.057011,0.000224,0.000944
0,0.138207,-0.016386,0.152801,0.056786,0.156669,0.049023,0.002412,0.000286
0,-0.008758,-0.078483,-0.169819,-0.081493,-0.193316,-0.069486,0.000153,0.00137
0,0.053725,0.183452,0.061335,0.291527,0.049179,0.292349,0.000938,0.003202
0,-0.041001,0.030528,-0.069952,-0.147191,-0.117793,-0.130664,0.000716,0.000533
0,0.136026,0.110781,0.193051,0.057866,0.175912,0.073073,0.002374,0.001933
0,0.029283,-0.103189,-0.081054,-0.199935,-0.060795,-0.184844,0.000511,0.001801
0,0.146619,0.023887,0.129859,0.099489,0.106787,0.136274,0.002559,0.000417
0,0.028754,-0.098364,-0.119152,-0.137036,-0.148841,-0.13537,0.000502,0.001717
0,0.232918,0.063346,0.215704,0.148622,0.206868,0.150477,0.004065,0.001106
0,0.087569,0.147201,-0.134546,0.094275,-0.104896,0.119189,0.001528,0.002569
0,0.088202,-0.127788,0.028714,-0.262735,0.048631,-0.252051,0.001539,0.00223
0,0.163778,0.021512,0.056911,0.140529,0.102504,0.135908,0.002858,0.000375
0,0.106655,0.105299,-0.062982,0.077903,-0.019508,0.053977,0.001861,0.001838
0,0.136942,-0.006894,0.018945,-0.102724,0.026928,-0.099459,0.00239,0.00012
0,0.111252,0.021202,-0.047634,0.008129,-0.04451,-0.025803,0.001942,0.00037
0,0.18826,0.116461,0.084377,0.115813,0.043409,0.141805,0.003286,0.002033
0,0.038283,-0.058474,-0.152669,-0.201759,-0.138655,-0.157067,0.000668,0.001021
0,-0.083892,0.086561,-0.137074,0.131068,-0.148896,0.11365,0.001464,0.001511
0,0.073013,0.126795,0.16028,0.060641,0.198412,0.053536,0.001274,0.002213
0,-0.182805,-0.155474,-0.272104,-0.265083,-0.244233,-0.310089,0.003191,0.002714
0,-0.02584,-0.151424,0.179483,0.003982,0.225075,0.01538,0.000451,0.002643
0,-0.118906,0.069391,-0.091924,0.195343,-0.064531,0.244536,0.002075,0.001211
0,-0.045733,-0.092466,0.051845,-0.190249,0.036203,-0.141222,0.000798,0.001614
0,0.108911,0.113446,0.182385,0.230403,0.152337,0.261509,0.001901,0.00198
0,0.07646,0.111164,-0.054748,0.014346,-0.048684,0.020131,0.001334,0.00194
0,0.131838,0.017925,0.035047,-0.10888,0.064946,-0.112425,0.002301,0.000313
0,0.054258,-0.165041,-0.079775,-0.206322,-0.085324,-0.208556,0.000947,0.002881
0,-0.18288,-0.024037,-0.220493,0.138264,-0.209417,0.089739,0.003192,0.00042
0,0.021695,0.105981,0.217588,0.103046,0.251213,0.119878,0.000379,0.00185
0,-0.109602,-0.021365,-0.118022,-0.111513,-0.152038,-0.073631,0.001913,0.000373
0,-0.003906,-0.073203,0.078223,-0.078467,0.087958,-0.053918,6.8e-05,0.001278
0,0.042665,-0.039788,0.044243,0.032879,0.071876,-0.002101,0.000745,0.000694
0,0.141655,0.105277,0.075845,0.146795,0.058009,0.174935,0.002472,0.001837
0,0.126721,0.063332,0.010081,-0.058846,0.042582,-0.063058,0.002212,0.001105
0,0.052736,0.014053,-0.076325,-0.0781,-0.050167,-0.028479,0.00092,0.000245
0,0.154571,0.138508,0.086578,0.112239,0.116112,0.106173,0.002698,0.002417
0,0.013211,-0.020143,-0.122622,-0.167019,-0.1009,-0.12074,0.000231,0.000352
0,-0.05322,0.115843,-0.093409,0.108153,-0.077771,0.129705,0.000929,0.002022
0,-0.003857,-0.105699,0.022959,-0.246952,-0.01401,-0.216602,6.7e-05,0.001845
0,-0.047779,-0.040538,-0.050765,0.077352,-0.025611,0.123158,0.000834,0.000708
0,0.012689,-0.138688,0.044977,-0.074462,0.003295,-0.060129,0.000221,0.002421
0,-0.090092,-0.137534,-0.091538,0.014121,-0.048861,0.000248,0.001572,0.0024
0,-0.013941,0.019515,0.099678,0.134097,0.125557,0.158948,0.000243,0.000341
0,0.000743,-0.144111,0.016874,-0.158268,-0.000594,-0.183554,1.3e-05,0.002515
0,0.051755,-0.047512,0.037365,0.087038,0.06295,0.097382,0.000903,0.000829
0,0.108321,-0.105911,0.080909,-0.060232,0.123309,-0.037723,0.001891,0.001848
0,0.222969,0.004647,0.128882,0.11576,0.173529,0.093078,0.003892,8.1e-05
0,0.136505,-0.006847,-0.056797,0.012758,-0.067269,0.032095,0.002382,0.000119
0,0.096285,0.1285,-0.042794,0.136676,-0.065469,0.17417,0.00168,0.002243
0,0.042868,-0.046795,-0.060916,-0.191039,-0.044593,-0.227187,0.000748,0.000817
0,0.023823,0.118714,-0.00532,0.159107,-0.012919,0.201905,0.000416,0.002072
0,0.208733,-0.107468,0.20944,-0.222507,0.204386,-0.183146,0.003643,0.001876
0,0.044183,-0.012649,-0.18361,0.099973,-0.194229,0.092405,0.000771,0.000221
0,0.079436,0.030576,0.057964,0.036345,0.072413,0.040281,0.001386,0.000534
0,0.163739,-0.132413,0.091611,-0.188663,0.120969,-0.157196,0.002858,0.002311
0,-0.079343,-0.15477,-0.241347,-0.003614,-0.214575,-0.025363,0.001385,0.002701
0,0.007294,0.131147,0.08023,0.284601,0.039764,0.28535,0.000127,0.002289
0,0.090069,-0.068321,0.069379,-0.201157,0.020953,-0.201226,0.001572,0.001192
0,0.181583,0.120887,0.088234,0.192319,0.079391,0.152285,0.003169,0.00211
0,0.118609,0.001209,-0.061761,-0.116117,-0.027258,-0.100135,0.00207,2.1e-05
0,0.094565,-0.097711,-0.031125,-0.107698,-0.030125,-0.060344,0.00165,0.001705
0,-0.02323,-0.026092,-0.125074,0.069486,-0.155022,0.069,0.000405,0.000455
0,0.134543,0.016962,0.174404,0.065489,0.161375,0.028612,0.002348,0.000296
0,0.047251,-0.079658,-0.094312,-0.126155,-0.106954,-0.132891,0.000825,0.00139
0,-0.091593,-0.191368,-0.16847,-0.098576,-0.177353,-0.108432,0.001599,0.00334
0,0.02311,-0.158359,0.085435,0.015093,0.071661,0.062579,0.000403,0.002764
0,-0.016398,-0.066111,-0.03744,0.107239,-0.081269,0.070447,0.000286,0.001154
0,0.071035,-0.095472,0.104647,-0.025067,0.143001,-0.058537,0.00124,0.001666
0,0.084771,0.002792,-0.01475,0.077473,-0.06076,0.1087,0.00148,4.9e-05
0,0.007631,-0.015705,-0.062589,-0.027382,-0.103382,-0.043827,0.000133,0.000274
0,0.224199,-0.063903,0.188516,-0.052065,0.168783,-0.035926,0.003913,0.001115
0,-0.049572,0.020891,-0.301917,0.078983,-0.310916,0.065347,0.000865,0.000365
0,-0.132435,-0.255112,-0.089022,-0.265424,-0.122526,-0.283412,0.002311,0.004453
0,0.131101,-0.155254,0.280662,0.102797,0.292918,0.065354,0.002288,0.00271
0,0.02811,-0.012909,-0.116179,0.147784,-0.146135,0.166097,0.000491,0.000225
0,-0.037313,0.024551,-0.069927,0.037172,-0.045887,0.004987,0.000651,0.000428
0,0.11788,-0.038927,0.148517,-0.068901,0.125597,-0.022689,0.002057,0.000679
0,0.011253,0.091304,-0.135599,0.129624,-0.098122,0.178034,0.000196,0.001594
0,-0.133925,-0.167304,-0.119001,-0.275386,-0.134434,-0.310418,0.002337,0.00292
0,-0.147033,-0.084556,0.014763,0.086288,-0.01173,0.120604,0.002566,0.001476
0,0.083924,-0.112459,0.233862,-0.054112,0.198465,-0.060188,0.001465,0.001963
0,-0.137379,0.015732,-0.230563,0.126397,-0.278604,0.123711,0.002398,0.000275
0,-0.053083,-0.123213,0.105002,-0.131524,0.078678,-0.109606,0.000926,0.00215
0,0.114342,0.056421,0.153634,0.159366,0.171997,0.158395,0.001996,0.000985
0,0.001172,-0.087653,-0.08777,-0.114912,-0.092461,-0.094296,2e-05,0.00153
0,0.092257,-0.129786,0.095223,-0.02799,0.067799,-0.064661,0.00161,0.002265
0,0.170427,-0.042055,0.080265,0.087557,0.071329,0.069966,0.002975,0.000734
0,-0.087404,0.024735,-0.262411,0.080903,-0.217587,0.051225,0.001525,0.000432
0,0.063537,-0.113207,0.1726,-0.138534,0.187541,-0.142069,0.001109,0.001976
0,0.020125,0.001021,-0.033084,0.126393,-0.024312,0.154775,0.000351,1.8e-05
0,-0.016454,-0.210872,-0.0585,-0.209879,-0.089965,-0.249733,0.000287,0.00368
0,0.021276,-0.156027,0.023523,0.07153,0.043941,0.032847,0.000371,0.002723
0,-0.137646,-0.186094,-0.186422,-0.027782,-0.14083,-0.038289,0.002402,0.003248
0,0.074503,-0.210846,0.190148,-0.026177,0.151996,-0.016715,0.0013,0.00368
0,0.057494,-0.104789,-0.010509,0.131714,0.030636,0.149492,0.001003,0.001829
0,0.107676,-0.047256,0.051186,0.086372,0.056291,0.127366,0.001879,0.000825
0,0.013597,-0.176314,-0.101706,-0.127932,-0.147,-0.136921,0.000237,0.003077
0,-0.114018,-0.024134,-0.137629,0.123201,-0.172763,0.116557,0.00199,0.000421
0,0.009979,-0.104665,0.129154,-0.078551,0.174404,-0.065105,0.000174,0.001827
0,-0.162385,0.042412,-0.162866,0.14904,-0.121209,0.150656,0.002834,0.00074
0,0.008401,0.01547,0.154222,-0.033448,0.184589,-0.02503,0.000147,0.00027
0,-0.068725,0.036282,-0.099284,0.039042,-0.138366,-0.008052,0.001199,0.000633
0,-0.194901,0.003815,-0.136621,-0.007957,-0.158581,-0.018229,0.003402,6.7e-05
0,-0.023248,-0.177054,0.195848,-0.204707,0.186084,-0.195902,0.000406,0.00309
0,-0.024879,0.104693,0.020445,0.300486,0.019794,0.304805,0.000434,0.001827
0,-0.009703,-0.015886,-0.009804,-0.106363,0.008432,-0.092287,0.000169,0.000277
0,-0.116353,-0.123824,-0.094173,-0.120362,-0.055249,-0.078783,0.002031,0.002161
0,-0.221811,0.013513,-0.121001,0.160817,-0.127912,0.123133,0.003871,0.000236
0,-0.003525,0.10919,0.239212,0.091836,0.196756,0.050226,6.2e-05,0.001906
0,0.006511,-0.177855,0.030952,-0.262662,0.01815,-0.230646,0.000114,0.003104
0,-0.128802,-0.069752,-0.138232,0.113074,-0.152092,0.072018,0.002248,0.001217
0,0.116274,-0.048055,0.232098,0.005891,0.213396,0.043298,0.002029,0.000839
0,0.010281,-0.159155,-0.118678,-0.107761,-0.128073,-0.106026,0.000179,0.002778
0,-0.014696,-0.059168,-0.029197,0.081468,-0.0584,0.033973,0.000256,0.001033
0,-0.079964,0.015164,-0.089198,0.096457,-0.049904,0.114717,0.001396,0.000265
0,-0.12717,0.008591,-0.041376,-0.012277,-0.08166,-0.060541,0.00222,0.00015
0,-0.087989,-0.034433,0.009216,-0.024301,0.006504,0.020108,0.001536,0.000601
0,-0.067104,-0.164704,0.04865,-0.119422,0.066036,-0.155472,0.001171,0.002875
0,0.068457,0.1242,0.130173,0.26008,0.103739,0.295162,0.001195,0.002168
0,0.13167,0.034706,0.076959,-0.090086,0.050222,-0.083902,0.002298,0.000606
0,-0.093755,0.072392,-0.240115,0.03728,-0.278394,0.072795,0.001636,0.001263
0,0.038055,-0.017558,0.117318,-0.085568,0.138947,-0.070913,0.000664,0.000306
0,0.079103,-0.025131,0.045768,0.00117,0.067496,-0.034523,0.001381,0.000439
0,-0.127576,-0.115372,-0.22879,-0.109557,-0.192236,-0.104707,0.002227,0.002014
0,-0.040687,-0.03572,0.079363,0.098718,0.107081,0.088019,0.00071,0.000623
0,-0.085916,-0.139168,-0.018893,-0.108623,0.010948,-0.123374,0.0015,0.002429
0,0.051674,-0.112447,0.143962,0.036808,0.12045,0.041285,0.000902,0.001963
0,-0.207505,0.104788,-0.273309,0.214672,-0.301417,0.246806,0.003622,0.001829
0,-0.02829,0.096238,0.1849,0.012622,0.21842,-0.035993,0.000494,0.00168
0,0.072552,-0.101392,0.106816,-0.17347,0.149141,-0.132061,0.001266,0.00177
0,0.088546,0.02221,0.043279,0.110573,0.008359,0.067458,0.001545,0.000388
0,0.042941,-0.108969,-0.055569,-0.129475,-0.071843,-0.087605,0.000749,0.001902
0,0.057025,0.009917,0.026353,0.100207,-0.020198,0.096291,0.000995,0.000173
0,-0.142031,0.017311,-0.223682,0.015342,-0.181625,0.008687,0.002479,0.000302
0,-0.086921,0.025438,0.064819,0.021186,0.093703,0.024916,0.001517,0.000444
0,-0.161086,-0.141166,-0.08018,-0.156538,-0.108783,-0.125886,0.002811,0.002464
0,-0.052512,-0.091529,0.112695,0.053949,0.127411,0.069038,0.000917,0.001597
0,0.013734,-0.096144,0.082282,0.003596,0.121172,-0.030916,0.00024,0.001678
0,0.021081,0.121517,0.023049,0.22006,-0.025775,0.232037,0.000368,0.002121
0,-0.091895,-0.04005,-0.098344,-0.142846,-0.056153,-0.133627,0.001604,0.000699
0,0.072119,-0.154039,0.181836,-0.105093,0.143219,-0.130308,0.001259,0.002688
0,-0.130898,0.082412,-0.185896,0.210254,-0.232205,0.230294,0.002285,0.001438
0,-0.054199,-0.095271,0.097108,-0.187479,0.06825,-0.217292,0.000946,0.001663
0,0.107835,0.095294,0.159046,0.181438,0.162441,0.145729,0.001882,0.001663
0,-0.14546,-0.002794,-0.241547,-0.099111,-0.209198,-0.135039,0.002539,4.9e-05
0,0.071547,-0.025338,0.189358,-0.04415,0.19445,-0.039825,0.001249,0.000442
0,-0.184569,-0.159304,-0.272639,-0.105133,-0.322412,-0.11557,0.003221,0.00278
0,-0.042653,0.061879,0.143985,0.217383,0.176272,0.209534,0.000744,0.00108
0,-0.095025,-0.069381,-0.070904,-0.124555,-0.0891,-0.140209,0.001659,0.001211
0,0.167221,0.043054,0.235433,0.109345,0.217116,0.158675,0.002919,0.000751
0,-2.804297,0.715467,-2.949219,0.686519,-2.947519,0.665116,0.001937,0.000736
0,-4.385491,1.647693,-1.55215,0.91085,-1.578798,0.892866,0.005721,0.005254
0,-4.452128,1.66966,-0.085647,0.008462,-0.081429,-0.024883,0.004558,0.005638
0,-3.867044,1.641437,0.581605,-0.050279,0.559638,-0.033035,0.003018,0.005145
0,-3.829555,2.128569,0.044697,0.469816,0.059877,0.458388,0.003672,0.001895
0,-3.218599,1.750244,0.630111,-0.348958,0.594546,-0.310927,0.002583,0.004708
0,-2.576494,1.603547,0.667969,-0.156337,0.677626,-0.164846,0.002038,0.004484
0,-1.399103,1.36501,1.162358,-0.2142,1.205248,-0.215962,0.000916,0.000321
0,-0.802959,0.764734,0.609195,-0.600082,0.576894,-0.590566,0.002263,0.001595
0,-0.404663,0.456763,0.382087,-0.302155,0.401483,-0.343681,0.004689,0.003931
0,0.206213,0.386436,0.583463,-0.088728,0.549721,-0.055553,0.003599,0.003931
0,0.530459,0.070737,0.327599,-0.312324,0.373395,-0.347571,0.002493,0.003931
0,0.492965,-0.144873,-0.056585,-0.191725,-0.042571,-0.159528,0.003148,0.003931
0,0.621812,-0.210026,0.145515,-0.069268,0.116351,-0.035508,0.000899,0.003931
0,0.599282,-0.272827,-0.026066,-0.074246,-0.018294,-0.096936,0.001292,0.004762
0,0.472663,-0.324263,-0.104799,-0.028949,-0.148491,-0.042457,0.003502,0.005659
0,0.294465,-0.312578,-0.151584,0.039227,-0.142839,0.006761,0.005139,0.005456
0,0.169711,-0.42379,-0.128371,-0.098363,-0.170261,-0.103706,0.002962,0.004355
0,0.159205,-0.306701,0.007288,0.108825,0.019667,0.098566,0.002779,0.005353
0,1.169173,-0.040715,1.004668,0.248823,0.996735,0.23366,0.003097,0.000711
0,2.381313,0.058983,1.222528,0.119025,1.190335,0.139262,0.005445,0.001029
0,3.492427,-0.05009,1.083434,-0.094629,1.131839,-0.067481,0.002196,0.000874
0,3.906333,-0.055488,0.423786,-0.018976,0.383912,-0.043526,0.002332,0.000968
0,2.430132,0.047101,-1.49246,0.079613,-1.532777,0.085489,0.004593,0.000822
0,2.154917,-0.058964,-0.247429,-0.086427,-0.293598,-0.050733,0.002355,0.001029
0,1.578524,-0.005982,-0.567981,0.033046,-0.605134,0.020301,0.004047,0.000104
0,1.126582,-0.005278,-0.445909,-0.01266,-0.462381,-0.053644,0.003841,9.2e-05
0,1.098259,0.236249,-0.019126,0.261668,-0.004065,0.239401,0.004335,0.004123
0,0.425798,0.105947,-0.663806,-0.131242,-0.647162,-0.174698,0.00432,0.001849
0,0.184816,0.232185,-0.2137,0.140403,-0.188651,0.097001,0.003226,0.004052
0,-0.187496,0.11504,-0.377645,-0.126413,-0.331581,-0.16894,0.003272,0.002008
0,-0.379954,0.225806,-0.221165,0.12281,-0.247101,0.142354,0.00512,0.003941
0,-0.398269,0.116652,-0.04538,-0.137758,-0.020087,-0.139218,0.004801,0.002036
0,-0.253679,0.178432,0.139821,0.073147,0.171215,0.0267,0.004428,0.003114
0,-0.123831,0.109795,0.120018,-0.058549,0.128313,-0.086069,0.002161,0.001916
0,-0.111753,0.128088,-0.017445,0.043954,0.00439,0.059624,0.00195,0.002236
0,0.012797,0.212778,0.101659,0.108522,0.058305,0.130805,0.000223,0.003714
0,0.098167,0.082035,0.084961,-0.13002,0.101282,-0.126795,0.001713,0.001432
0,0.124496,-0.054348,0.03247,-0.151294,0.055786,-0.162122,0.002173,0.000949
0,0.329085,0.182833,0.226026,0.263896,0.238468,0.244539,0.005744,0.003191
0,0.194656,0.117756,-0.141084,-0.072689,-0.131546,-0.106316,0.003397,0.002055
0,0.228543,0.020964,0.038136,-0.111046,0.046971,-0.068234,0.003989,0.000366
0,0.264284,0.159682,0.019939,0.149726,0.056958,0.125038,0.004613,0.002787
0,0.445836,0.228723,0.164252,0.076996,0.197631,0.098469,0.00397,0.003992
0,0.238751,0.217653,-0.227309,-0.035478,-0.217652,0.009054,0.004167,0.003799
0,0.295714,0.055507,0.029508,-0.153388,-0.006936,-0.196148,0.005161,0.000969
0,0.201466,0.206696,-0.093582,0.175889,-0.078624,0.149908,0.003516,0.003608
0,0.289299,0.066758,0.103936,-0.129806,0.113877,-0.16196,0.005049,0.001165
0,0.255853,-0.025217,-0.023137,-0.111793,-0.027946,-0.123674,0.004465,0.00044
0,0.226303,0.107769,-0.054648,0.142139,-0.094333,0.170796,0.00395,0.001881
0,0.11659,0.22418,-0.08121,0.12809,-0.092419,0.141698,0.002035,0.003913
0,0.286575,0.209818,0.157118,-0.033646,0.172249,-0.049537,0.005002,0.003662
0,0.322352,0.007057,0.048506,-0.203086,0.004237,-0.198443,0.005626,0.000123
0,0.321943,0.154819,-0.020318,0.161444,-0.036902,0.154659,0.005619,0.002702
0,2.751248,-0.608339,2.399758,-0.752905,2.401064,-0.73839,0.001012,0.001134
0,3.718466,-0.604128,0.937471,-0.025297,0.957984,-0.052304,0.005611,0.001208
0,5.458389,-0.557729,1.727495,0.031168,1.743017,0.001729,0.001253,0.002017
0,4.861265,-0.759208,-0.584134,-0.220814,-0.579734,-0.187049,0.002583,0.001499
0,4.690686,-0.490035,-0.145953,0.264775,-0.099999,0.240399,0.000394,0.003199
0,3.222728,-0.732269,-1.445579,-0.267104,-1.397932,-0.280517,0.002511,0.001029
0,2.551426,-0.592469,-0.676346,0.168249,-0.657781,0.124955,0.002476,0.001411
0,1.162494,-0.49592,-1.410847,0.071917,-1.399278,0.068089,0.003214,0.003096
0,0.498111,-0.254479,-0.686939,0.214263,-0.728482,0.166477,0.003058,0.004441
0,-0.076184,-0.339242,-0.581934,-0.100722,-0.613436,-0.112994,0.00133,0.005831
0,-0.541417,-0.16838,-0.468076,0.182192,-0.480372,0.155001,0.002302,0.002939
0,-0.696724,-0.00484,-0.12574,0.165079,-0.115534,0.191615,0.000408,8.4e-05
0,-0.399758,-0.011595,0.320094,-0.017345,0.296926,-0.006907,0.004775,0.000202
0,-0.529619,0.009713,-0.152654,0.049134,-0.116177,0.012355,0.002508,0.00017
0,-0.513249,0.108981,0.005258,0.105745,0.020907,0.150956,0.002794,0.001902
0,-0.211327,0.028756,0.282112,-0.105503,0.294359,-0.109543,0.003688,0.000502
0,-0.122431,0.263087,0.0674,0.206739,0.086888,0.209537,0.002137,0.004592
0,-0.202814,0.233665,-0.063732,-0.041782,-0.089647,-0.058774,0.00354,0.004078
0,-0.031475,0.1893,0.200599,-0.071105,0.231809,-0.035529,0.000549,0.003304
0,-0.078681,0.240775,-0.052022,0.041969,-0.013819,0.046842,0.001373,0.004202
0,-0.081228,0.287586,0.001014,0.072187,0.021235,0.032263,0.001418,0.005019
0,-0.201029,0.116448,-0.104304,-0.188487,-0.139897,-0.191775,0.003509,0.002032
0,-0.216917,0.191057,-0.018174,0.080545,-0.022471,0.095874,0.003786,0.003335
0,-0.107169,0.046377,0.089995,-0.116657,0.095146,-0.083644,0.00187,0.000809
0,-0.087251,0.097348,-0.001774,0.045708,-0.018156,0.039724,0.001523,0.001699
0,-0.0942,-0.01286,-0.036677,-0.13966,-0.028347,-0.156467,0.001644,0.000224
0,-0.021345,-0.023211,0.04715,-0.004083,0.070789,0.035015,0.000373,0.000405
0,0.028604,0.074028,0.021095,0.109728,-0.011157,0.083283,0.000499,0.001292
0,-0.209332,0.111873,-0.256069,0.010868,-0.22533,0.03423,0.003654,0.001953
0,-0.11443,0.060126,0.084852,-0.079323,0.112169,-0.104841,0.001997,0.001049
0,-0.074182,0.067349,0.019534,0.017624,-0.015782,0.039804,0.001295,0.001175
0,-0.039404,0.145558,0.052351,0.099712,0.025552,0.121598,0.000688,0.00254
0,-0.150829,0.074657,-0.129026,-0.045704,-0.081672,-0.02382,0.002632,0.001303
0,0.074412,0.123904,0.2339,0.045176,0.186415,0.030612,0.001299,0.002163
0,-0.13661,0.133013,-0.221598,0.004506,-0.224278,0.048119,0.002384,0.002322
0,-0.196896,-0.014297,-0.061425,-0.157092,-0.047675,-0.12857,0.003436,0.00025
0,-0.045539,-0.135443,0.145117,-0.147563,0.118329,-0.151421,0.000795,0.002364
0,-0.295743,-0.104665,-0.222011,0.007675,-0.235804,-0.019199,0.005162,0.001827
0,-0.00357,-0.156704,0.271961,-0.072717,0.275956,-0.054244,6.2e-05,0.002735
0,-0.23409,0.118623,-0.255944,0.300999,-0.213766,0.258657,0.004086,0.00207
0,-0.161707,-0.000899,0.04465,-0.100585,0.04958,-0.063412,0.002822,1.6e-05
0,-0.167084,-0.034293,-0.031963,-0.048564,-0.076277,-0.048145,0.002916,0.000599
0,-0.074706,-0.070415,0.077558,-0.063529,0.039913,-0.056508,0.001304,0.001229
0,-0.192025,-0.00375,-0.08928,0.038142,-0.040197,-0.009434,0.003351,6.5e-05
0,0.056543,0.09796,0.262886,0.127449,0.228245,0.128292,0.000987,0.00171
0,0.004752,-0.125518,-0.045431,-0.21378,-0.086191,-0.189437,8.3e-05,0.002191
0,-0.018641,0.127054,-0.035528,0.247713,-0.080469,0.297055,0.000325,0.002218
0,-0.032271,0.143368,-0.007763,-0.011736,-0.032179,0.027243,0.000563,0.002502
0,-0.172991,-0.056874,-0.153851,-0.176119,-0.172498,-0.155728,0.003019,0.000993
0,-0.185502,0.104466,-0.035734,0.149145,-0.046005,0.147283,0.003238,0.001823
0,-0.09122,0.048824,0.123059,-0.04747,0.114228,-0.071443,0.001592,0.000852
0,-0.228474,-0.005316,-0.160937,-0.031644,-0.156125,-0.025846,0.003988,9.3e-05
0,-0.033027,0.094182,0.193198,0.098254,0.160425,0.049748,0.000576,0.001644
0,-0.253975,0.192732,-0.19939,0.080583,-0.200539,0.114818,0.004433,0.003364
0,-0.049927,0.058595,0.196061,-0.116439,0.219161,-0.160059,0.000871,0.001023
0,-0.277175,0.045712,-0.239627,0.014091,-0.217715,0.03648,0.004838,0.000798
0,-0.082859,-0.115257,0.212677,-0.187881,0.199966,-0.156997,0.001446,0.002012
0,-0.019574,0.111557,0.048436,0.242282,0.021968,0.201835,0.000342,0.001947
0,-0.158813,0.127067,-0.164302,-0.012502,-0.165937,-0.000419,0.002772,0.002218
0,0.022776,-0.003723,0.209623,-0.146601,0.168259,-0.101611,0.000398,6.5e-05
0,0.005034,-0.06357,-0.047562,-0.052333,-0.041746,-0.012642,8.8e-05,0.00111
0,-0.098442,-0.135123,-0.096233,-0.061655,-0.064034,-0.093617,0.001718,0.002358
0,-0.056946,0.080159,0.043917,0.186335,-0.004066,0.177184,0.000994,0.001399
0,0.003145,-0.144714,0.06846,-0.217354,0.039285,-0.194514,5.5e-05,0.002526
0,-0.008666,0.005664,-0.032881,0.164696,-0.069423,0.168096,0.000151,9.9e-05
0,0.04245,0.073183,0.064898,0.04124,0.027647,0.030845,0.000741,0.001277
0,-0.047021,-0.022217,-0.084111,-0.07869,-0.086698,-0.053405,0.000821,0.000388
0,0.041535,-0.164222,0.063211,-0.141752,0.099781,-0.179565,0.000725,0.002866
0,-0.123285,-0.078162,-0.137339,0.084716,-0.101924,0.075618,0.002152,0.001364
0,0.030956,0.020347,0.183897,0.083504,0.164128,0.07944,0.00054,0.000355
0,0.012874,0.095445,-0.022125,0.065745,0.025558,0.052032,0.000225,0.001666
0,0.018477,0.041441,-0.009798,-0.026116,0.020988,0.015879,0.000322,0.000723
0,-0.186798,-0.0284,-0.211656,-0.048417,-0.234614,-0.033311,0.00326,0.000496
0,-0.057347,-0.009019,0.132234,0.031578,0.142128,0.006036,0.001001,0.000157
0,-0.156429,0.023465,-0.100406,0.059748,-0.1359,0.017124,0.00273,0.00041
0,-0.101783,-0.072605,0.045354,-0.090105,0.075085,-0.049834,0.001776,0.001267
0,-0.167529,0.091688,-0.057998,0.16423,-0.091442,0.20247,0.002924,0.0016
0,0.04878,-0.059492,0.226833,-0.153987,0.210493,-0.181732,0.000851,0.001038
0,-0.075501,-0.027716,-0.149793,0.019131,-0.120683,0.025864,0.001318,0.000484
0,0.011611,0.096233,0.081626,0.122658,0.089208,0.128289,0.000203,0.00168
0,0.157348,-0.007334,0.119407,-0.086013,0.137939,-0.096506,0.002746,0.000128
0,0.003318,-0.062935,-0.16299,-0.071492,-0.127882,-0.057129,5.8e-05,0.001098
0,0.138815,0.121176,0.160988,0.200929,0.210066,0.22716,0.002423,0.002115
0,0.26423,0.048111,0.097125,-0.05843,0.121671,-0.078817,0.004612,0.00084
0,0.152169,0.066193,-0.123779,0.034907,-0.165552,0.06029,0.002656,0.001155
0,0.110497,0.066825,-0.033993,-0.013847,-0.059864,0.00154,0.001929,0.001166
0,0.167007,-0.055458,0.044701,-0.13018,-0.000912,-0.134318,0.002915,0.000968
0,0.116043,0.068442,-0.08038,0.10533,-0.112878,0.126889,0.002025,0.001195
0,0.056554,-0.080891,-0.033227,-0.125482,-0.014196,-0.085257,0.000987,0.001412
0,0.095389,0.07812,0.052118,0.134387,0.045603,0.110147,0.001665,0.001363
0,-0.071262,-0.053031,-0.185695,-0.150291,-0.183258,-0.106367,0.001244,0.000926
0,0.09285,-0.096354,0.148838,-0.058098,0.138078,-0.030932,0.001621,0.001682
0,-0.061938,-0.040646,-0.130688,0.039011,-0.147802,0.0635,0.001081,0.000709
0,0.072723,0.142125,0.13091,0.207238,0.131716,0.242763,0.001269,0.002481
0,-0.1452,0.174172,-0.206869,0.03864,-0.213895,0.041363,0.002534,0.00304
0,-0.175059,0.042481,-0.019861,-0.114642,-0.050041,-0.07643,0.003055,0.000741
0,-0.005294,0.003248,0.147951,-0.047269,0.17059,-0.057977,9.2e-05,5.7e-05
0,0.123175,0.059852,0.12795,0.05003,0.100376,0.072058,0.00215,0.001045
0,0.01881,-0.078948,-0.09405,-0.14003,-0.053963,-0.17337,0.000328,0.001378
0,0.054574,-0.068454,0.029573,-0.014079,0.008656,-0.031619,0.000952,0.001195
0,-0.041973,-0.109684,-0.119852,-0.068756,-0.107476,-0.108368,0.000733,0.001914
0,0.106022,0.162444,0.12586,0.255811,0.168768,0.207422,0.00185,0.002835
0,0.018075,0.152173,-0.076607,-0.0188,-0.084557,-0.001706,0.000315,0.002656
0,-0.05288,-0.03917,-0.052335,-0.205363,-0.010192,-0.2086,0.000923,0.000684
0,-0.036618,-0.020391,0.010944,0.042489,-0.000308,0.034364,0.000639,0.000356
0,-0.119408,0.153208,-0.107174,0.176364,-0.083212,0.204639,0.002084,0.002674
0,0.083219,0.136805,0.184195,0.004978,0.168182,0.028355,0.001452,0.002388
0,-0.045226,0.126067,-0.150761,-0.020546,-0.136927,0.023777,0.000789,0.0022
0,-0.046451,-0.048369,-0.004418,-0.199372,-0.032688,-0.154223,0.000811,0.000844
0,-0.093551,-0.012853,-0.062496,0.046882,-0.050258,0.03577,0.001633,0.000224
0,-0.072111,-0.074611,0.03781,-0.084201,0.007175,-0.12585,0.001259,0.001302
0,-0.071288,0.128612,0.007543,0.232198,0.036108,0.260149,0.001244,0.002245
0,0.100684,0.034374,0.178401,-0.071336,0.173634,-0.039935,0.001757,0.0006
0,0.049507,-0.057536,-0.07095,-0.063803,-0.036659,-0.036867,0.000864,0.001004
0,0.101012,-0.034911,0.027641,0.03576,0.01329,0.039922,0.001763,0.000609
0,-0.055002,-0.076274,-0.136392,-0.034596,-0.159624,-0.006674,0.00096,0.001331
0,0.188204,-0.120013,0.233448,-0.044506,0.208146,-0.068493,0.003285,0.002095
0,0.1037,-0.012928,-0.085338,0.127538,-0.119605,0.115267,0.00181,0.000226
0,0.00368,-0.025717,-0.125539,-0.001016,-0.083882,0.046415,6.4e-05,0.000449
0,-0.019833,-0.101424,-0.048654,-0.070583,-0.073059,-0.099833,0.000346,0.00177
0,-0.123539,-0.040752,-0.097609,0.088182,-0.11302,0.1349,0.002156,0.000711
0,-0.019651,-0.109761,0.1296,-0.077008,0.096113,-0.112881,0.000343,0.001916
0,-0.016334,0.13107,0.004536,0.217375,0.044062,0.180991,0.000285,0.002288
0,-0.027358,0.130307,-0.010207,0.003594,0.019239,0.009067,0.000477,0.002274
0,0.032403,0.104431,0.038675,-0.027784,0.079317,0.00871,0.000566,0.001823
0,-0.079232,0.007868,-0.105725,-0.090826,-0.089677,-0.120789,0.001383,0.000137
0,0.007156,-0.054021,0.110813,-0.044426,0.114665,0.001877,0.000125,0.000943
0,-0.098944,0.157289,-0.108515,0.223439,-0.086929,0.25685,0.001727,0.002745
0,-0.17722,-0.043699,-0.089451,-0.212451,-0.115494,-0.165417,0.003093,0.000763
0,-0.070253,0.12328,0.082692,0.149511,0.128064,0.147389,0.001226,0.002152
0,-0.063857,0.133834,0.016822,0.03323,0.026378,0.058455,0.001115,0.002336
0,0.004013,0.225391,0.069456,0.112829,0.06895,0.080009,7e-05,0.003934
0,0.013032,-0.040447,0.018921,-0.248041,0.038696,-0.275694,0.000227,0.000706
0,0.022679,0.217911,0.02159,0.281779,0.046912,0.319153,0.000396,0.003803
0,-0.136803,-0.00204,-0.132048,-0.212958,-0.156744,-0.194325,0.002388,3.6e-05
0,0.01679,0.004143,0.171812,-0.016933,0.147913,-0.003626,0.000293,7.2e-05
0,-0.126937,0.124531,-0.138247,0.137386,-0.169921,0.130023,0.002215,0.002173
0,0.0831,0.006482,0.188206,-0.112102,0.201731,-0.11764,0.00145,0.000113
0,-0.084274,0.076296,-0.173065,0.077333,-0.213248,0.066196,0.001471,0.001332
0,-0.107801,-0.065121,-0.008143,-0.121779,0.020517,-0.088584,0.001881,0.001137
0,0.103482,0.043967,0.228262,0.129884,0.186074,0.163499,0.001806,0.000767
0,0.007528,-0.031388,-0.090239,-0.092909,-0.094132,-0.139782,0.000131,0.000548
0,0.255113,0.170628,0.264094,0.229921,0.287392,0.188863,0.004453,0.002978
0,0.035776,0.183756,-0.223094,-0.000983,-0.185195,0.039511,0.000624,0.003207
0,0.06103,0.127921,-0.00038,-0.059006,0.011218,-0.07565,0.001065,0.002233
0,0.010682,-0.014291,-0.023599,-0.15555,-0.011996,-0.12896,0.000186,0.000249
0,0.033307,0.096327,0.028826,0.095576,0.06487,0.090242,0.000581,0.001681
0,-0.108136,0.146143,-0.112996,0.069467,-0.103986,0.095269,0.001887,0.002551
0,0.000382,-0.106595,0.096677,-0.273009,0.116316,-0.249631,7e-06,0.00186
0,0.082751,-0.045676,0.112337,0.062307,0.129272,0.037008,0.001444,0.000797
0,-0.077194,0.126601,-0.145458,0.161864,-0.136624,0.207054,0.001347,0.00221
0,-0.027815,0.104312,0.022248,-0.020754,0.000408,-0.056709,0.000485,0.001821
0,0.050369,-0.051784,0.075215,-0.13,0.072039,-0.085951,0.000879,0.000904
0,0.055778,0.010762,-0.021896,0.073393,-0.060652,0.036127,0.000974,0.000188
0,0.028052,-0.119276,-0.038758,-0.101035,0.000362,-0.062879,0.00049,0.002082
0,0.164903,0.025809,0.152902,0.132685,0.19152,0.140452,0.002878,0.00045
0,-0.089624,-0.036311,-0.252668,-0.063722,-0.29306,-0.093296,0.001564,0.000634
0,0.120044,0.07804,0.198394,0.139541,0.173365,0.102984,0.002095,0.001362
0,0.018263,-0.050567,-0.083403,-0.150476,-0.133165,-0.124678,0.000319,0.000883
0,0.026121,-0.010782,-0.006469,0.060176,0.015009,0.080043,0.000456,0.000188
0,0.013852,-0.084531,0.011499,-0.043984,-0.031198,-0.075489,0.000242,0.001475
0,0.031445,0.04998,0.020652,0.142312,-0.005707,0.171208,0.000549,0.000872
0,-0.036837,0.097818,-0.063324,0.069047,-0.069185,0.089287,0.000643,0.001707
0,-0.019996,0.056643,0.024677,-0.068208,-0.005483,-0.050436,0.000349,0.000989
0,-0.160002,0.002584,-0.147292,-0.082873,-0.133001,-0.071068,0.002793,4.5e-05
0,0.09116,0.071222,0.268232,0.073004,0.301219,0.027653,0.001591,0.001243
0,0.020838,0.032891,-0.086213,-0.009118,-0.117273,0.021229,0.000364,0.000574
0,-0.062415,-0.059703,-0.107055,-0.100475,-0.061699,-0.132527,0.001089,0.001042
0,0.162176,-0.055158,0.217236,0.00043,0.242136,-0.041804,0.002831,0.000963
0,-0.023702,0.149945,-0.212568,0.210845,-0.244735,0.251449,0.000414,0.002617
0,-0.149491,-0.064075,-0.142331,-0.226553,-0.132773,-0.270277,0.002609,0.001118
0,-0.119946,-0.156722,0.00039,-0.121668,-0.036308,-0.121959,0.002093,0.002735
0,-0.0681,-0.05373,0.062622,0.117135,0.054,0.118302,0.001189,0.000938
0,0.046761,-0.082844,0.130717,-0.016953,0.162578,-0.013986,0.000816,0.001446
0,-0.155322,0.037025,-0.206393,0.109257,-0.219198,0.079006,0.002711,0.000646
0,-0.135146,-0.048673,0.016025,-0.086733,0.058051,-0.103889,0.002359,0.00085
0,-0.033771,-0.076266,0.092448,-0.009064,0.056426,0.013316,0.000589,0.001331
0,0.078904,0.054111,0.09641,0.140333,0.094167,0.16287,0.001377,0.000944
0,-0.033668,0.188841,-0.126468,0.15841,-0.140914,0.194903,0.000588,0.003296
0,0.045799,-0.049092,0.093929,-0.208367,0.111901,-0.192801,0.000799,0.000857
0,0.131164,-0.066235,0.104855,-0.028646,0.097893,-0.043282,0.002289,0.001156
0,-0.09694,-0.073298,-0.214962,-0.029903,-0.239238,-0.066711,0.001692,0.001279
0,-0.112756,0.116425,-0.008342,0.168031,0.021624,0.159207,0.001968,0.002032
0,-0.155782,-0.05681,-0.065782,-0.197147,-0.028076,-0.15504,0.002719,0.000992
0,0.01495,0.022846,0.160994,0.073057,0.137143,0.121993,0.000261,0.000399
0,-0.119672,-0.074289,-0.118005,-0.119747,-0.102821,-0.096447,0.002089,0.001297
0,-0.042903,0.142829,0.097233,0.217781,0.082532,0.170785,0.000749,0.002493
0,0.125262,0.054106,0.175351,-0.09859,0.12742,-0.117283,0.002186,0.000944
0,0.200616,0.12294,0.097564,0.08678,0.060606,0.08579,0.003501,0.002146
0,0.202416,0.183976,-0.007307,0.064806,-0.028703,0.074172,0.003533,0.003211
0,0.06851,0.004573,-0.129693,-0.172314,-0.178281,-0.2079,0.001196,8e-05
0,0.052251,-0.043108,0.00011,-0.072358,-0.022752,-0.087817,0.000912,0.000752
0,0.027011,0.113585,-0.002436,0.166838,0.039341,0.137961,0.000471,0.001982
0,0.040596,0.155092,-0.014849,0.045009,-0.04225,0.079766,0.000709,0.002707
0,0.131114,-0.094908,0.087127,-0.247539,0.110104,-0.275026,0.002288,0.001656
0,-0.015027,-0.074866,-0.173731,0.000166,-0.137728,0.03178,0.000262,0.001307
0,-0.126642,-0.072591,-0.096481,0.010957,-0.096596,-0.016655,0.00221,0.001267
0,0.166396,0.016365,0.30088,0.084989,0.344985,0.057582,0.002904,0.000286
0,-0.0404,-0.098865,-0.194833,-0.125067,-0.150037,-0.158566,0.000705,0.001726
0,0.088226,0.059499,0.130583,0.165457,0.141068,0.150039,0.00154,0.001038
0,-1.080936,0.550103,-1.198148,0.472986,-1.235546,0.466534,0.004638,0.002151
0,-1.322812,0.751943,-0.263114,0.224454,-0.250993,0.201444,0.000416,0.001372
0,-2.526816,1.010235,-1.176467,0.268568,-1.154549,0.272227,0.002906,0.005871
0,-3.175732,1.100329,-0.644651,0.064692,-0.651072,0.07529,0.003332,0.004299
0,-3.306234,0.822086,-0.120593,-0.261925,-0.093064,-0.226776,0.001054,0.002596
0,-2.931024,0.893134,0.375379,0.084463,0.343714,0.102769,0.004149,0.003836
0,-2.362337,0.755571,0.57191,-0.160013,0.526639,-0.183316,0.005776,0.001436
0,-1.191233,0.408496,1.145805,-0.362924,1.144244,-0.392185,0.002712,0.004622
0,-1.036713,0.243507,0.129606,-0.150071,0.152667,-0.169976,0.005409,0.003931
0,-0.721949,-0.014383,0.341187,-0.233246,0.387693,-0.19574,0.000849,0.003931
0,-0.095804,0.162241,0.63807,0.166768,0.647692,0.17899,0.001672,0.003931
0,0.004486,0.126406,0.111838,-0.0524,0.123131,-0.044386,7.8e-05,0.003931
0,0.274712,-0.02543,0.24559,-0.135786,0.209997,-0.090689,0.004795,0.003931
0,0.150115,0.080095,-0.135856,0.114165,-0.115547,0.124099,0.00262,0.003931
0,0.422608,0.00349,0.278542,-0.060438,0.299484,-0.077203,0.004376,0.003931
0,0.134149,0.035795,-0.311825,0.009336,-0.316003,0.046492,0.002341,0.003931
0,0.190745,-0.005991,0.076054,-0.047521,0.061845,-0.083759,0.003329,0.003931
0,0.112418,-0.098449,-0.074501,-0.095401,-0.041251,-0.091937,0.001962,0.003931
0,0.270548,0.0427,0.144838,0.146295,0.109488,0.132855,0.004722,0.003931
0,0.246052,-0.184405,-0.051915,-0.232139,-0.054291,-0.237297,0.004294,0.003931
0,0.102409,0.006409,-0.141424,0.209353,-0.13607,0.165792,0.001787,0.003931
0,0.258354,0.019795,0.146141,-0.012011,0.109248,0.037184,0.004509,0.003931
0,0.175286,-0.08996,-0.095476,-0.090945,-0.099587,-0.101546,0.003059,0.003931
0,0.279775,-0.094976,0.109608,0.001777,0.127487,-0.040198,0.004883,0.003931
0,0.118671,-0.054336,-0.142005,0.057821,-0.149296,0.061853,0.002071,0.003931
0,0.07935,-0.037788,-0.059199,0.039569,-0.012402,0.088301,0.001385,0.003931
0,0.209148,-0.007876,0.112584,0.058931,0.072146,0.085389,0.00365,0.003931
0,0.201141,-0.210704,-0.002291,-0.232715,0.003363,-0.267562,0.003511,0.003931
0,0.111321,-0.17939,-0.107895,0.029568,-0.125534,0.04588,0.001943,0.003931
0,0.002797,-0.189439,-0.112808,-0.001719,-0.110386,-0.032367,4.9e-05,0.003931
0,0.068982,0.069357,0.054194,0.255637,0.06231,0.246012,0.001204,0.003931
0,-0.007249,0.046539,-0.085124,-0.021033,-0.121397,-0.062094,0.000127,0.003931
0,0.071522,-0.185129,0.057505,-0.201969,0.023947,-0.162638,0.001248,0.003931
0,0.041459,-0.136107,-0.025834,0.055658,-0.013294,0.079104,0.000724,0.003931
0,0.12597,-0.132801,0.071838,-0.017398,0.05565,0.009799,0.002199,0.003931
0,0.206698,0.10502,0.052836,0.227798,0.063671,0.216038,0.003608,0.003931
0,0.07161,-0.014538,-0.153999,-0.094832,-0.1426,-0.09867,0.00125,0.003931
0,0.145612,0.068398,0.069063,0.0972,0.032929,0.084144,0.002541,0.003931
0,-0.020802,-0.000928,-0.170023,-0.054624,-0.126384,-0.067802,0.000363,0.003931
0,-0.166456,0.135912,-0.120948,0.112437,-0.153657,0.078205,0.002905,0.003931
0,-0.164161,-0.17185,0.02021,-0.337696,0.000422,-0.382489,0.002865,0.003931
0,-0.18683,0.096308,-0.031737,0.292107,0.016733,0.270885,0.003261,0.003931
0,-0.01565,0.060031,0.196291,-0.027786,0.154071,0.0054,0.000273,0.003931
0,-0.106701,0.019241,-0.086232,-0.011129,-0.043766,0.015494,0.001862,0.003931
0,-0.207582,-0.005556,-0.080461,-0.049188,-0.032845,-0.090246,0.003623,0.003931
0,-0.054873,-0.074088,0.179271,-0.094676,0.140782,-0.06753,0.000958,0.003931
0,-0.214806,0.048126,-0.143264,0.117153,-0.158509,0.104304,0.003749,0.003931
0,-0.129048,0.01425,0.061784,-0.056433,0.065358,-0.016813,0.002252,0.003931
0,-0.071514,-0.105007,0.067583,-0.143988,0.108536,-0.192177,0.001248,0.003931
0,0.006343,0.080896,0.098777,0.181085,0.102247,0.1472,0.000111,0.003931
0,-0.024165,0.181922,-0.002979,0.127056,-0.044397,0.166856,0.000422,0.003931
0,-0.005164,-0.047485,0.02727,-0.207069,0.047342,-0.227562,9e-05,0.003931
0,-0.152628,0.16968,-0.160283,0.221516,-0.150645,0.242703,0.002664,0.003931
0,-0.066414,0.206651,0.075342,0.010775,0.079236,0.044299,0.001159,0.003931
0,-0.14973,-0.015042,-0.106275,-0.235635,-0.088414,-0.270217,0.002613,0.003931
0,0.031197,0.226135,0.164862,0.220787,0.198901,0.265976,0.000544,0.003931
0,-0.068389,0.080442,-0.086265,-0.134251,-0.125093,-0.093108,0.001194,0.003931
0,0.082188,0.055806,0.167869,0.002187,0.211299,0.015473,0.001434,0.003931
0,-0.076881,0.043932,-0.134796,-0.033859,-0.085635,-0.017198,0.001342,0.003931
0,-0.136177,-0.052044,-0.06858,-0.096932,-0.087472,-0.073415,0.002377,0.003931
0,0.128703,0.092851,0.237544,0.141935,0.252567,0.119447,0.002246,0.003931
0,-0.101409,0.020722,-0.237029,-0.087936,-0.239191,-0.085713,0.00177,0.003931
0,-0.112526,-0.025225,-0.041114,-0.058768,-0.036824,-0.062546,0.001964,0.003931
0,-0.127482,0.069805,-0.00245,0.111538,-0.004181,0.130138,0.002225,0.003931
0,-0.074762,-0.061863,0.045813,-0.144431,0.03496,-0.151759,0.001305,0.003931
0,-0.122773,0.010281,-0.035948,0.078419,-0.05196,0.038825,0.002143,0.003931
0,-0.091824,-0.049,0.046156,-0.075522,0.096056,-0.058319,0.001603,0.003931
0,-0.069339,0.061726,0.034281,0.099497,-0.003548,0.082566,0.00121,0.003931
0,-0.049939,0.06827,-0.010178,0.002118,-0.026478,-0.000801,0.000872,0.003931
0,-0.044027,0.164572,-0.020666,0.098617,-0.054055,0.090668,0.000768,0.003931
0,-0.11859,0.167704,-0.078028,-0.017799,-0.056869,0.013847,0.00207,0.003931
0,0.003394,-0.143106,0.126667,-0.294911,0.109832,-0.339645,5.9e-05,0.003931
0,-0.197389,-0.116597,-0.190266,0.0469,-0.171594,0.040595,0.003445,0.003931
0,0.001662,0.083455,0.176865,0.219116,0.209949,0.170554,2.9e-05,0.003931
0,0.00395,-0.108158,-0.012243,-0.20958,0.027996,-0.169944,6.9e-05,0.003931
0,-0.086268,-0.098903,-0.064462,0.026406,-0.074745,0.069791,0.001506,0.003931
0,0.159209,0.113032,0.252164,0.189321,0.269679,0.212687,0.002779,0.003931
0,0.028686,0.098853,-0.1137,-0.00188,-0.095942,0.044001,0.000501,0.003931
0,0.040925,0.063606,-0.004303,-0.041251,0.012739,0.007303,0.000714,0.003931
0,0.1799,0.084156,0.165268,0.014717,0.181002,0.008502,0.00314,0.003931
0,0.063039,-0.177378,-0.126551,-0.246773,-0.110334,-0.224261,0.0011,0.003931
0,0.001862,-0.012078,-0.068368,0.147395,-0.099482,0.181295,3.3e-05,0.003931
0,0.023646,-0.154152,0.03817,-0.141766,0.079563,-0.177685,0.000413,0.003931
0,-0.059624,-0.024593,-0.109203,0.130634,-0.147201,0.155834,0.001041,0.003931
0,0.033289,0.083326,0.099125,0.084071,0.093668,0.048672,0.000581,0.003931
0,0.111732,0.010563,0.05809,-0.055706,0.019204,-0.092047,0.00195,0.003931
0,0.0185,-0.017382,-0.118103,-0.025652,-0.140345,-0.025555,0.000323,0.003931
0,0.017256,0.041855,-0.028655,0.085781,-0.006948,0.103018,0.000301,0.003931
0,-0.025202,0.093021,-0.022115,0.024368,-0.019343,-0.005269,0.00044,0.003931
0,-0.113679,-0.144859,-0.086762,-0.258943,-0.039333,-0.256461,0.001984,0.003931
0,0.104716,0.058195,0.198543,0.190286,0.19196,0.165632,0.001828,0.003931
0,0.106326,0.080251,0.01462,0.003321,-0.016393,0.029927,0.001856,0.003931
0,0.078289,0.111905,-0.041855,0.036662,-0.084611,0.084094,0.001366,0.003931
0,-0.038313,0.010857,-0.142988,-0.076488,-0.166205,-0.102033,0.000669,0.003931
0,-0.122681,-0.118137,-0.06486,-0.118719,-0.024634,-0.144323,0.002141,0.003931
0,-0.055162,-0.170722,0.040991,-0.053233,0.001441,-0.073059,0.000963,0.003931
0,0.165563,0.004229,0.237335,0.160133,0.187591,0.19469,0.00289,0.003931
0,0.178496,0.097383,0.027134,0.064604,0.074777,0.107711,0.003115,0.003931
0,-0.023462,-0.072324,-0.209638,-0.191551,-0.20039,-0.157499,0.000409,0.003931
0,0.144062,0.079329,0.14832,0.140793,0.130023,0.187627,0.002514,0.003931
0,0.163084,-0.050687,-0.005873,-0.153501,-0.02337,-0.194962,0.002846,0.003931
0,-0.032713,0.044536,-0.194606,0.112946,-0.208769,0.098052,0.000571,0.003931
0,0.087021,-0.155914,0.131644,-0.201158,0.097725,-0.211895,0.001519,0.003931
0,0.013841,-0.163288,-0.061556,0.018014,-0.070773,-0.031001,0.000242,0.003931
0,0.066671,0.023993,0.041667,0.177567,0.073116,0.164744,0.001164,0.003931
0,0.045342,0.071565,-0.014052,0.054441,0.033024,0.055428,0.000791,0.003931
0,-0.050647,0.137266,-0.079446,0.050015,-0.068064,0.015592,0.000884,0.003931
0,0.013062,-0.093561,0.089571,-0.257184,0.076283,-0.286677,0.000228,0.003931
0,-0.060066,0.119808,-0.062523,0.228669,-0.077727,0.197013,0.001048,0.003931
0,-0.085291,0.124277,0.001634,-0.015103,0.013793,-0.054343,0.001489,0.003931
0,-0.068045,0.13818,-0.012488,0.013356,-0.011818,0.049243,0.001188,0.003931
0,-0.058883,0.067733,0.003543,-0.072991,-0.031799,-0.033842,0.001028,0.003931
0,0.064062,0.028525,0.132526,-0.066151,0.181381,-0.065841,0.001118,0.003931
0,-6.5e-05,0.132396,-0.047608,0.132765,-0.084996,0.118684,1e-06,0.003931
0,0.045016,-0.028748,0.025981,-0.13749,0.061298,-0.144614,0.000786,0.003931
0,-0.191429,0.137191,-0.22923,0.169913,-0.199034,0.215193,0.003341,0.003931
0,0.016152,-0.085742,0.218708,-0.229555,0.179951,-0.277725,0.000282,0.003931
0,-0.078424,0.10766,-0.08937,0.190038,-0.097102,0.148313,0.001369,0.003931
0,0.018941,-0.127192,0.112429,-0.256076,0.088575,-0.281005,0.000331,0.003931
0,0.056111,-0.004415,0.012058,0.110574,0.043811,0.148683,0.000979,0.003931
0,-0.064305,0.090978,-0.143727,0.087536,-0.118556,0.094032,0.001122,0.003931
0,-0.00215,-0.111302,0.087475,-0.227954,0.105543,-0.213997,3.8e-05,0.003931
0,-0.013415,-0.109785,0.00916,0.019671,-0.026712,-0.026626,0.000234,0.003931
0,0.034535,0.009644,0.030788,0.099314,-0.009884,0.055707,0.000603,0.003931
0,0.011445,-0.164672,-0.003126,-0.161576,-0.01033,-0.120394,0.0002,0.003931
0,0.106196,0.061865,0.094697,0.248397,0.098792,0.219319,0.001853,0.003931
0,0.012819,-0.037667,-0.079803,-0.104815,-0.106649,-0.07488,0.000224,0.003931
0,0.024329,-0.134862,0.028025,-0.120507,0.030972,-0.121709,0.000425,0.003931
0,-0.023968,-0.215505,-0.020798,-0.09108,-0.06149,-0.092893,0.000418,0.003931
0,-0.027878,0.053946,-0.01764,0.278457,-0.037164,0.243478,0.000487,0.003931
0,0.018224,0.027029,0.041256,-0.011145,0.011037,0.006852,0.000318,0.003931
0,-0.22625,-0.054087,-0.21513,-0.073086,-0.261341,-0.117103,0.003949,0.003931
0,-0.090058,0.079269,0.114958,0.146316,0.075564,0.136478,0.001572,0.003931
0,-0.129475,0.04259,-0.060485,-0.030825,-0.065622,-0.04908,0.00226,0.003931
0,-0.001352,-0.007158,0.135351,-0.039132,0.113286,-0.055241,2.4e-05,0.003931
0,0.038133,-0.043408,0.029652,-0.035831,-0.009216,-0.067957,0.000666,0.003931
0,0.024441,0.077262,0.015912,0.141801,-0.005555,0.101476,0.000427,0.003931
0,0.156166,-0.039457,0.104838,-0.142967,0.085681,-0.115321,0.002726,0.003931
0,0.33567,-0.209352,0.206991,-0.194969,0.25196,-0.219917,0.005859,0.003931
0,0.312911,-0.06967,-0.036879,0.138648,-0.065936,0.170222,0.005461,0.003931
0,0.317408,-0.10789,0.023122,-0.037044,-0.01769,-0.008102,0.00554,0.003931
0,0.30192,0.000624,-0.039165,0.08973,-0.02156,0.064765,0.005269,0.003931
0,0.285121,0.056702,-0.013494,0.078987,0.028226,0.115072,0.004976,0.003931
0,0.326411,-0.021222,0.015443,-0.098891,0.056643,-0.14178,0.005697,0.003931
0,0.270302,-0.173572,-0.078166,-0.140439,-0.103121,-0.124273,0.004718,0.003931
0,0.32571,-0.009618,0.083633,0.154181,0.100005,0.124851,0.005685,0.003931
0,0.408306,0.019042,0.069955,0.020286,0.09242,0.056701,0.004625,0.003931
0,0.215522,-0.069685,-0.220761,-0.106094,-0.25997,-0.072469,0.003762,0.003931
0,0.117086,0.027658,-0.099056,0.12229,-0.064935,0.151115,0.002044,0.003931
0,0.326544,-0.206384,0.199285,-0.232205,0.175096,-0.263462,0.005699,0.003931
0,0.082652,0.062882,-0.241794,0.240476,-0.219022,0.229928,0.001443,0.003931
0,0.245215,-0.103004,0.173294,-0.169926,0.208503,-0.151489,0.00428,0.003931
0,0.030872,-0.171748,-0.193339,-0.053911,-0.157716,-0.066466,0.000539,0.003931
0,0.017225,-0.080231,-0.012771,0.11726,-0.053684,0.124854,0.000301,0.003931
0,0.279671,-0.161744,0.286824,-0.086944,0.30337,-0.052872,0.004881,0.003931
0,0.273778,0.051246,-0.000437,0.222839,-0.022836,0.21549,0.004778,0.003931
0,0.216473,0.009503,-0.076906,-0.051344,-0.04486,-0.072826,0.003778,0.003931
0,0.182463,-0.17474,-0.055698,-0.195795,-0.083193,-0.215564,0.003185,0.003931
0,0.031762,-0.169042,-0.154636,0.002877,-0.137815,-0.022976,0.000554,0.003931
0,0.23775,0.050602,0.205544,0.202214,0.211719,0.159739,0.00415,0.003931
0,0.161858,-0.04471,-0.056068,-0.067061,-0.056612,-0.021555,0.002825,0.003931
0,0.086867,-0.134307,-0.096352,-0.102693,-0.139204,-0.069195,0.001516,0.003931
0,0.013835,-0.177448,-0.05475,-0.055961,-0.013027,-0.060714,0.000241,0.003931
0,0.292712,-0.099907,0.270784,0.078588,0.270678,0.086584,0.005109,0.003931
0,0.128496,-0.060755,-0.141124,0.044303,-0.159827,0.059536,0.002243,0.003931
0,0.037032,-0.175168,-0.092649,-0.13307,-0.07483,-0.093267,0.000646,0.003931
0,0.302017,-0.157438,0.265105,0.017164,0.221893,-0.030165,0.005271,0.003931
0,0.130475,-0.024773,-0.198541,0.151311,-0.196735,0.127662,0.002277,0.003931
0,0.23121,-0.032366,0.123633,-0.006233,0.104537,-0.049631,0.004035,0.003931
0,-0.046453,-0.122675,-0.302923,-0.107353,-0.271443,-0.136315,0.000811,0.003931
0,-0.061393,-0.097518,0.014308,-0.000605,-0.03528,-0.021042,0.001072,0.003931
0,0.070699,0.025439,0.150272,0.112939,0.132918,0.095425,0.001234,0.003931
0,0.021318,0.085102,-0.062725,0.078286,-0.10187,0.056329,0.000372,0.003931
0,-0.073543,-0.024117,-0.091539,-0.099013,-0.087224,-0.133198,0.001284,0.003931
0,0.125023,-0.18403,0.211126,-0.179607,0.258976,-0.221436,0.002182,0.003931
0,0.026191,-0.075607,-0.124815,0.114463,-0.121874,0.114972,0.000457,0.003931
0,0.073342,-0.051171,0.026825,-0.003317,0.058106,0.034994,0.00128,0.003931
0,0.102652,0.050072,0.005549,0.126739,-0.021538,0.138291,0.001792,0.003931
0,-0.091617,-0.174971,-0.180989,-0.246953,-0.207093,-0.281669,0.001599,0.003931
0,-0.025143,0.053151,0.058318,0.229947,0.012216,0.237172,0.000439,0.003931
0,-0.072888,-0.034545,-0.057033,-0.113707,-0.076732,-0.089428,0.001272,0.003931
0,-0.047446,0.052766,0.018708,0.059032,0.015877,0.023075,0.000828,0.003931
0,-0.154966,-0.104934,-0.089061,-0.142876,-0.119897,-0.133524,0.002705,0.003931
0,0.039671,0.151949,0.217008,0.251822,0.263667,0.224656,0.000692,0.003931
0,0.000374,0.039047,-0.066857,-0.131061,-0.056515,-0.159521,7e-06,0.003931
0,-0.257827,0.16752,-0.236248,0.129082,-0.189284,0.103801,0.0045,0.003931
0,-0.22298,-0.066483,0.036797,-0.233037,0.034478,-0.249852,0.003892,0.003931
0,-0.103989,0.095632,0.133086,0.170875,0.149537,0.157577,0.001815,0.003931
0,0.028321,-0.061411,0.132067,-0.150915,0.10018,-0.113273,0.000494,0.003931
0,-0.234532,0.085668,-0.279008,0.141743,-0.307259,0.191387,0.004093,0.003931
0,-0.209958,-0.095662,0.049927,-0.177628,0.075491,-0.136733,0.003664,0.003931
0,-0.211314,0.099425,-0.013757,0.189876,-0.023592,0.22556,0.003688,0.003931
0,1.115861,-0.39266,1.346993,-0.483682,1.356767,-0.488199,0.004028,0.004898
0,1.699633,-0.399596,0.571962,-0.030877,0.607436,-0.021182,0.005591,0.004777
0,1.936303,-0.599597,0.263976,-0.201709,0.259653,-0.159566,0.00146,0.001287
0,2.355063,-0.888777,0.409021,-0.261464,0.39735,-0.229498,0.005849,0.00376
0,2.485956,-1.138358,0.150731,-0.223106,0.133084,-0.239904,0.003619,0.003635
0,2.380585,-0.886637,-0.075902,0.256258,-0.082066,0.267314,0.005458,0.003723
0,1.870317,-0.633097,-0.507159,0.257663,-0.539538,0.305249,0.002612,0.000702
0,1.326275,-0.357693,-0.551036,0.254805,-0.583307,0.223545,0.000356,0.005509
0,0.675049,-0.253831,-0.679572,0.087285,-0.638247,0.064055,3e-05,0.00443
0,0.421632,-0.209517,-0.280003,0.02706,-0.275757,0.074617,0.004393,0.003657
0,-0.103844,-0.124454,-0.500859,0.103969,-0.511482,0.132206,0.001812,0.002172
0,0.027791,-0.276239,0.152485,-0.16884,0.202025,-0.15147,0.000485,0.004821
0,-0.059012,0.029943,-0.089907,0.307739,-0.13289,0.263353,0.00103,0.000523
0,-0.318045,-0.039236,-0.269427,-0.06755,-0.269112,-0.028034,0.005551,0.000685
0,-0.477886,-0.241681,-0.179756,-0.219069,-0.181408,-0.220769,0.003411,0.004218
0,-0.15482,-0.05471,0.347111,0.187914,0.382997,0.195853,0.002702,0.000955
0,-0.12926,-0.177097,0.007134,-0.139087,0.017712,-0.173343,0.002256,0.003091
0,-0.25926,-0.163874,-0.1573,0.020068,-0.180655,0.01589,0.004525,0.00286
0,-0.071802,-0.100675,0.192951,0.070395,0.15444,0.062223,0.001253,0.001757
0,-0.319383,-0.118135,-0.243886,-0.023429,-0.215142,-0.048463,0.005574,0.002062
0,-0.269773,0.051216,0.076222,0.140648,0.049243,0.174199,0.004708,0.000894
0,-0.159024,-0.031612,0.112004,-0.098859,0.15932,-0.142582,0.002775,0.000552
0,-0.300779,-0.152922,-0.153677,-0.135048,-0.183915,-0.092668,0.00525,0.002669
0,-0.220761,-0.079628,0.093363,0.07158,0.07124,0.044884,0.003853,0.00139
0,-0.24622,-0.225663,-0.036885,-0.140781,-0.077794,-0.110221,0.004297,0.003939
0,-0.310059,-0.192614,-0.068893,0.042972,-0.024691,0.022641,0.005412,0.003362
0,-0.269823,-0.192456,0.06753,0.019175,0.045544,0.002597,0.004709,0.003359
0,-0.292841,-0.13466,0.00345,0.052357,-0.006291,0.004943,0.005111,0.00235
0,-0.076168,0.015075,0.194419,0.1522,0.169047,0.122515,0.001329,0.000263
0,-0.273272,-0.048702,-0.219377,-0.068845,-0.173079,-0.029066,0.00477,0.00085
0,-0.312748,-0.031588,-0.043363,0.0441,0.002249,0.01703,0.005458,0.000551
0,-0.303984,-0.217102,0.022741,-0.193512,0.024358,-0.186668,0.005306,0.003789
0,-0.164482,-0.078985,0.118071,0.129075,0.165959,0.136429,0.002871,0.001379
0,-0.152072,-0.119117,-0.011632,-0.044048,-0.020336,0.001168,0.002654,0.002079
0,-0.128323,-0.138702,0.030573,-0.036264,0.079941,0.002683,0.00224,0.002421
0,-0.050096,-0.015668,0.091959,0.116241,0.13182,0.158829,0.000874,0.000273
0,-0.048646,0.011799,-0.000177,0.006633,0.001686,-0.008743,0.000849,0.000206
0,0.029695,0.040201,0.091439,0.01717,0.044248,0.026948,0.000518,0.000702
0,-0.049943,0.000621,-0.107225,-0.033633,-0.059431,-0.06968,0.000872,1.1e-05
0,-0.076279,-0.006543,-0.05428,-0.007669,-0.065039,-0.0434,0.001331,0.000114
0,-0.041185,-0.070329,0.024514,-0.09376,-0.011811,-0.127054,0.000719,0.001227
0,-0.185446,0.036365,-0.168385,0.084135,-0.121474,0.086982,0.003237,0.000635
0,-0.082756,-0.052627,0.099801,-0.084657,0.053397,-0.043937,0.001444,0.000919
0,-0.155204,-0.177735,-0.101205,-0.151501,-0.096888,-0.15138,0.002709,0.003102
0,0.119206,-0.199441,0.296829,-0.027935,0.319445,-0.00813,0.002081,0.003481
0,-0.021295,-0.075041,-0.1471,0.103965,-0.168949,0.103939,0.000372,0.00131
0,-0.023766,-0.00485,-0.009687,0.050786,-0.03667,0.058746,0.000415,8.5e-05
0,0.044866,0.035874,0.087648,0.054346,0.057348,0.045856,0.000783,0.000626
0,-0.092,-0.093292,-0.144285,-0.137979,-0.190758,-0.174559,0.001606,0.001628
0,0.036629,0.018311,0.103432,0.135735,0.150709,0.147797,0.000639,0.00032
0,0.064981,-0.036634,0.05072,-0.078875,0.015515,-0.103778,0.001134,0.000639
0,-0.164362,-0.084689,-0.229655,-0.071605,-0.217582,-0.027947,0.002869,0.001478
0,0.033633,-0.138897,0.21553,-0.067655,0.235636,-0.04756,0.000587,0.002424
0,-0.079377,-0.056188,-0.119979,0.059259,-0.112178,0.042752,0.001385,0.000981
0,-0.076856,0.033091,0.027507,0.069679,0.053858,0.057798,0.001341,0.000578
0,0.066958,-0.010129,0.144071,-0.059944,0.127379,-0.027021,0.001169,0.000177
0,0.022803,0.128385,-0.066309,0.165209,-0.080229,0.162403,0.000398,0.002241
0,-0.043069,-0.144217,-0.086735,-0.294543,-0.127414,-0.24863,0.000752,0.002517
0,-0.051489,-0.019281,-0.00716,0.10426,-0.05073,0.108122,0.000899,0.000337
0,0.238512,-0.064755,0.279148,-0.065126,0.258209,-0.031969,0.004163,0.00113
0,-0.03064,0.079936,-0.290271,0.161627,-0.25054,0.198955,0.000535,0.001395
0,0.006536,0.139656,0.025415,0.059047,0.025048,0.019513,0.000114,0.002437
0,0.159921,0.114343,0.17144,-0.000833,0.200761,-0.02416,0.002791,0.001996
0,0.149934,-0.153092,-0.033687,-0.272287,-0.046005,-0.304546,0.002617,0.002672
0,-0.009476,-0.030891,-0.158516,0.140433,-0.119551,0.135525,0.000165,0.000539
0,0.010066,0.056172,0.048418,0.102079,0.093234,0.128422,0.000176,0.00098
0,-0.068749,-0.118057,-0.070477,-0.181767,-0.07331,-0.230895,0.0012,0.00206
0,0.0278,0.021607,0.126069,0.158779,0.147479,0.139015,0.000485,0.000377
0,0.058656,-0.148604,0.048532,-0.187379,0.058047,-0.223301,0.001024,0.002594
0,0.157743,-0.08658,0.105246,0.039104,0.057725,0.064092,0.002753,0.001511
0,0.13722,-0.021188,0.008223,0.044439,-0.032358,0.085933,0.002395,0.00037
0,0.199977,0.026411,0.047519,0.041149,0.065113,-0.005093,0.00349,0.000461
0,0.209701,-0.076753,0.033874,-0.073626,0.070396,-0.060899,0.00366,0.00134
0,0.024792,0.040674,-0.201834,0.091695,-0.230649,0.088099,0.000433,0.00071
0,0.055351,0.023632,0.010841,0.00825,0.056553,0.004749,0.000966,0.000412
0,0.311292,-0.009422,0.254311,-0.053746,0.295907,-0.060742,0.005433,0.000164
0,1.391047,-0.238053,1.075118,-0.245346,1.036531,-0.230539,0.000775,0.004155
0,2.550981,-0.696004,1.137054,-0.48756,1.120659,-0.487434,0.002484,0.000396
0,2.235318,-0.73027,-0.341121,-0.053767,-0.342723,-0.059298,0.003759,0.000994
0,2.180755,-0.452107,-0.071156,0.292512,-0.086219,0.27859,0.002806,0.003861
0,1.887288,-0.567542,-0.265468,-0.086505,-0.311094,-0.100108,0.002316,0.001846
0,1.23995,-0.59975,-0.676245,-0.055553,-0.647077,-0.039596,0.001862,0.001284
0,0.985358,-0.234664,-0.273413,0.336309,-0.250595,0.369067,0.005446,0.004096
0,0.486073,-0.209287,-0.516772,0.015167,-0.543821,0.015081,0.003268,0.003653
0,0.295574,-0.280402,-0.180735,-0.04539,-0.178082,-0.077747,0.005159,0.004894
0,0.309071,-0.409283,0.001585,-0.155634,-0.039587,-0.193332,0.005394,0.004608
0,0.237117,-0.232184,-0.091856,0.203721,-0.059663,0.160478,0.004138,0.004052
0,-0.035496,-0.194843,-0.243799,0.014397,-0.207306,0.017852,0.00062,0.003401
0,-0.098977,-0.088186,-0.071475,0.133401,-0.028407,0.17759,0.001727,0.001539
0,-0.09925,-0.201578,0.007351,-0.095578,-0.018323,-0.095683,0.001732,0.003518
0,-0.05549,0.009212,0.020082,0.204882,-0.021076,0.182796,0.000968,0.000161
0,-0.12603,-0.161006,-0.065462,-0.156547,-0.053225,-0.151878,0.0022,0.00281
0,-0.209769,-0.145456,-0.101529,0.028973,-0.151434,0.019045,0.003661,0.002539
0,-0.237674,-0.162074,-0.048984,-0.005807,-0.0114,0.024844,0.004148,0.002829
0,-0.094444,-0.067751,0.129934,0.109445,0.12027,0.064098,0.001648,0.001182
0,-0.211031,-0.116932,-0.127764,-0.022453,-0.126575,-0.00191,0.003683,0.002041
0,-0.168648,0.064333,0.02814,0.206647,-0.001154,0.216901,0.002943,0.001123
0,-0.161127,-0.013784,0.017311,-0.105366,-0.008627,-0.111755,0.002812,0.000241
0,-0.199562,-0.159892,-0.008617,-0.145718,-0.047948,-0.185388,0.003483,0.002791
0,-0.126956,-0.107944,0.053436,0.068046,0.070126,0.062933,0.002216,0.001884
0,-0.087618,-0.008537,0.065614,0.085775,0.062776,0.089841,0.001529,0.000149
0,-0.238761,0.03145,-0.157257,0.048991,-0.181578,0.02907,0.004167,0.000549
0,-0.220524,-0.117368,-0.006869,-0.174684,-0.047863,-0.199329,0.003849,0.002048
0,-0.244035,-0.186702,-0.021228,-0.039971,-0.028553,0.006185,0.004259,0.003259
0,-0.320972,0.119681,-0.07267,0.298534,-0.024296,0.327744,0.005602,0.002089
0,-0.186881,-0.150204,0.125269,-0.243691,0.102071,-0.277172,0.003262,0.002622
0,-0.340099,-0.156152,-0.174871,-0.017644,-0.180901,-0.028836,0.005816,0.002725
0,-0.149431,0.032568,0.185743,0.199415,0.21986,0.164946,0.002608,0.000568
0,-0.150411,-0.054903,-0.005966,-0.086979,0.0227,-0.082299,0.002625,0.000958
0,-0.354266,-0.110357,-0.194096,-0.026556,-0.153743,0.002156,0.005569,0.001926
0,-0.189724,0.067944,0.146309,0.173886,0.132851,0.159357,0.003311,0.001186
0,-0.292463,0.038364,-0.093747,-0.055346,-0.054856,-0.074685,0.005104,0.00067
0,-0.138906,-0.142597,0.151709,-0.182795,0.133041,-0.213759,0.002424,0.002489
0,-0.049851,-0.122287,0.109266,0.02892,0.140676,0.065556,0.00087,0.002134
0,-0.242442,0.134319,-0.163107,0.269801,-0.117992,0.31435,0.004231,0.002344
0,-0.037411,-0.085867,0.226625,-0.205248,0.26748,-0.201773,0.000653,0.001499
0,-0.05318,0.070514,0.010304,0.183005,0.058194,0.183339,0.000928,0.001231
0,-0.059914,-0.052708,-0.014858,-0.138341,-0.043794,-0.106296,0.001046,0.00092
0,-0.054942,-0.124485,-0.021497,-0.050778,-0.017196,-0.093464,0.000959,0.002173
0,-0.060003,0.047861,-0.017473,0.191524,-0.014293,0.176954,0.001047,0.000835
0,0.056792,0.133842,0.088149,0.065695,0.126139,0.101509,0.000991,0.002336
0,-0.062153,-0.075192,-0.106678,-0.211136,-0.124148,-0.230094,0.001085,0.001312
0,-0.043064,0.151961,0.038636,0.198073,0.072227,0.18814,0.000752,0.002652
0,0.026209,0.044473,0.085921,-0.117629,0.127791,-0.133452,0.000457,0.000776
0,-0.167284,0.083358,-0.192693,0.059517,-0.192609,0.022836,0.00292,0.001455
0,-0.117968,-0.111419,0.065775,-0.172213,0.038035,-0.125431,0.002059,0.001945
0,0.077942,0.038598,0.223597,0.170848,0.237219,0.211542,0.00136,0.000674
0,0.013524,0.101449,-0.090909,0.077719,-0.042598,0.090891,0.000236,0.001771
0,0.019375,0.078074,0.002017,0.003773,-0.005577,-0.010822,0.000338,0.001363
0,-0.064004,-0.12344,-0.111075,-0.205823,-0.136426,-0.193611,0.001117,0.002154
0,-0.015634,-0.147548,0.069824,-0.000311,0.119345,-0.014878,0.000273,0.002575
0,-0.030252,0.010221,0.003723,0.176316,-0.014246,0.18616,0.000528,0.000178
0,0.003047,-0.007037,0.019738,-0.030302,0.039972,-0.021892,5.3e-05,0.000123
0,0.130834,-0.084161,0.129059,-0.050157,0.100734,-0.070045,0.002283,0.001469
0,0.128439,-0.01168,0.007183,0.080575,-0.002199,0.059663,0.002242,0.000204
0,-0.080331,0.023954,-0.189405,0.057169,-0.187927,0.060553,0.001402,0.000418
0,0.067258,0.084178,0.127465,0.03983,0.132533,0.034014,0.001174,0.001469
0,-0.067732,-0.057328,-0.162669,-0.145832,-0.169928,-0.193063,0.001182,0.001001
0,-0.098735,0.093385,-0.052546,0.170968,-0.09167,0.127505,0.001723,0.00163
0,-0.001241,0.009144,0.068686,-0.082674,0.037334,-0.094107,2.2e-05,0.00016
0,0.075668,0.114028,0.077185,0.075119,0.048028,0.093379,0.001321,0.00199
0,-0.106799,0.059676,-0.159811,-0.047968,-0.115323,-0.027233,0.001864,0.001042
0,0.101055,-0.117741,0.229947,-0.193879,0.261124,-0.226099,0.001764,0.002055
0,-0.008912,0.013777,-0.090973,0.145134,-0.052822,0.148531,0.000156,0.00024
0,-0.083514,0.085208,-0.082197,0.074905,-0.089383,0.044978,0.001458,0.001487
0,-0.00889,0.136375,0.077276,0.069912,0.030384,0.059706,0.000155,0.00238
0,-0.030017,-0.05952,-0.04892,-0.209831,-0.0198,-0.231525,0.000524,0.001039
0,-0.021078,-0.139572,0.028582,-0.102739,-0.015652,-0.124195,0.000368,0.002436
0,0.029837,-0.042248,0.050742,0.078602,0.054452,0.07474,0.000521,0.000737
0,0.13615,-0.112479,0.11719,-0.085736,0.126944,-0.118491,0.002376,0.001963
0,-0.071841,-0.181646,-0.233632,-0.048814,-0.191817,-0.066545,0.001254,0.00317
0,-0.106608,0.005728,-0.044461,0.207537,-0.023026,0.227203,0.001861,0.0001
0,-0.055068,-0.047562,0.040491,-0.04468,0.006453,-0.068155,0.000961,0.00083
0,0.071906,-0.096933,0.152548,-0.045986,0.180783,-0.063101,0.001255,0.001692
0,-0.072313,0.064654,-0.16992,0.148642,-0.196091,0.130624,0.001262,0.001128
0,-0.116501,0.048561,-0.046569,-0.04408,-0.062845,-0.00063,0.002033,0.000848
0,0.007239,-0.201648,0.116667,-0.252942,0.079513,-0.232829,0.000126,0.003519
0,0.013113,-0.088045,0.008786,0.142711,0.020983,0.113034,0.000229,0.001537
0,-0.047281,-0.043891,-0.08456,0.038066,-0.050315,-0.007651,0.000825,0.000766
0,0.130659,-0.010459,0.172125,0.019781,0.135766,0.059808,0.00228,0.000183
0,0.070887,-0.186101,-0.046297,-0.184703,-0.061481,-0.209166,0.001237,0.003248
0,-0.087206,-0.119449,-0.173795,0.055613,-0.160588,0.095596,0.001522,0.002085
0,-0.043593,-0.118613,0.047741,0.024419,0.022388,0.06118,0.000761,0.00207
0,0.061843,0.030048,0.125556,0.120971,0.11825,0.08385,0.001079,0.000524
0,-0.196441,-0.189399,-0.266243,-0.195442,-0.231677,-0.223304,0.003429,0.003306
0,-0.125666,0.075445,0.055888,0.236402,0.061166,0.226386,0.002193,0.001317
0,0.106625,-0.188721,0.220322,-0.279674,0.256774,-0.317205,0.001861,0.003294
0,0.15229,-0.043206,0.065915,0.169391,0.02419,0.167971,0.002658,0.000754
0,0.159725,-0.123634,0.037028,-0.068853,0.018534,-0.106086,0.002788,0.002158
0,0.190621,0.038571,0.050432,0.142284,0.072237,0.164891,0.003327,0.000673
0,0.053731,0.056569,-0.159677,0.008701,-0.148573,-0.036659,0.000938,0.000987
0,0.10578,0.030613,0.043231,-0.051262,0.053873,-0.04554,0.001846,0.000534
0,0.058227,-0.126738,-0.020055,-0.18586,-0.01803,-0.165417,0.001016,0.002212
0,0.075715,-0.097715,0.016139,0.021202,-0.031406,0.003006,0.001321,0.001705
0,0.120302,-0.065892,0.019726,0.05254,0.06555,0.020218,0.0021,0.00115
0,0.166597,0.039381,0.032973,0.098164,0.0563,0.10971,0.002908,0.000687
0,0.189654,0.099833,0.04937,0.041634,0.042324,0.010336,0.00331,0.001742
0,-0.003119,0.040156,-0.178299,-0.059633,-0.164251,-0.083942,5.4e-05,0.000701
0,0.135898,-0.01146,0.168523,-0.07372,0.169823,-0.072027,0.002372,0.0002
0,0.061092,0.068389,-0.04544,0.050406,-0.056976,0.018629,0.001066,0.001194
0,0.087859,0.103811,0.056023,0.006582,0.036547,-0.037202,0.001533,0.001812
0,-0.005338,0.158598,-0.120423,0.069072,-0.168689,0.072551,9.3e-05,0.002768
0,0.061784,-0.020311,0.079965,-0.168556,0.058142,-0.136382,0.001078,0.000354
0,0.172518,-0.095169,0.108319,-0.088622,0.108285,-0.069436,0.003011,0.001661
0,-0.066509,-0.055821,-0.251123,0.016623,-0.273272,-0.028436,0.001161,0.000974
0,0.125374,-0.04421,0.180916,-0.013668,0.147234,-0.010734,0.002188,0.000772
0,-0.035263,0.015987,-0.167404,0.083665,-0.158769,0.084207,0.000615,0.000279
0,-0.026861,0.120056,0.031244,0.084617,-0.005304,0.103291,0.000469,0.002095
0,0.113495,0.098427,0.148638,-0.009962,0.120823,-0.058302,0.001981,0.001718
0,-0.038717,0.133071,-0.15862,0.03175,-0.206897,0.023987,0.000676,0.002323
0,-0.04049,0.031227,-0.024732,-0.104479,0.021039,-0.112001,0.000707,0.000545
0,-0.039454,0.046223,0.027569,0.004244,0.056785,0.001194,0.000689,0.000807
0,-0.033117,-0.057793,0.018761,-0.129294,0.008383,-0.091987,0.000578,0.001009
0,0.044569,0.059656,0.082897,0.145967,0.042238,0.14621,0.000778,0.001041
0,0.036979,-0.062822,0.016229,-0.110402,-0.018344,-0.070658,0.000645,0.001096
0,0.21371,-0.024077,0.181466,0.032254,0.2249,0.07091,0.00373,0.00042
0,-0.037272,0.191002,-0.274948,0.193569,-0.253268,0.204638,0.000651,0.003334
0,0.192029,-0.072265,0.208021,-0.263743,0.158434,-0.254481,0.003352,0.001261
0,0.090958,0.070208,-0.114903,0.155627,-0.159175,0.140174,0.001588,0.001225
0,0.227143,0.182496,0.131006,0.139038,0.174203,0.126017,0.003964,0.003185
0,0.114239,0.005489,-0.128992,-0.17587,-0.126,-0.200009,0.001994,9.6e-05
0,0.041124,0.080275,-0.079378,0.090282,-0.06356,0.122795,0.000718,0.001401
0,0.041539,0.106445,-0.018223,0.020757,0.004847,0.057195,0.000725,0.001858
0,0.238044,0.122434,0.217839,-0.008419,0.175983,-0.007587,0.004155,0.002137
0,0.033108,0.16994,-0.226879,0.044525,-0.240999,0.030673,0.000578,0.002966
0,0.13485,-0.063096,0.107485,-0.254507,0.080164,-0.296651,0.002354,0.001101
0,0.145164,-0.111844,0.035856,-0.074164,-0.00537,-0.034359,0.002534,0.001952
0,0.220583,-0.063505,0.100087,0.056931,0.090126,0.048716,0.00385,0.001108
0,0.178631,0.067184,-0.022782,0.143581,0.00285,0.179646,0.003118,0.001173
0,-0.018236,0.095919,-0.189523,0.029148,-0.154539,0.027241,0.000318,0.001674
0,-0.002669,-0.030052,0.04129,-0.127888,-0.000888,-0.15611,4.7e-05,0.000525
0,0.219394,-0.139569,0.217258,-0.097517,0.173623,-0.091416,0.003829,0.002436
0,-0.025253,-0.175262,-0.230989,-0.049353,-0.196328,-0.048704,0.000441,0.003059
0,0.190476,0.045094,0.217688,0.196063,0.193594,0.230855,0.003324,0.000787
0,0.096934,-0.068705,-0.117547,-0.105271,-0.113469,-0.140906,0.001692,0.001199
0,0.041115,0.04789,-0.042538,0.135361,-0.062381,0.135688,0.000718,0.000836
0,-0.023352,0.046507,-0.050254,-0.014855,-0.058577,-0.018785,0.000408,0.000812
0,0.235105,-0.063117,0.257228,-0.091874,0.29838,-0.073836,0.004103,0.001102
0,-0.015347,0.10792,-0.227583,0.150201,-0.202192,0.11312,0.000268,0.001884
0,-0.047226,-0.110677,-0.008574,-0.238479,0.028415,-0.236349,0.000824,0.001932
0,0.119743,-0.14591,0.178802,-0.05517,0.176557,-0.039642,0.00209,0.002547
0,0.12596,-0.119891,-0.008902,0.054207,0.009376,0.037696,0.002198,0.002092
0,0.112252,-0.008668,0.01186,0.091876,-0.035171,0.070939,0.001959,0.000151
0,0.183766,-0.040204,0.062802,-0.009054,0.072005,0.0339,0.003207,0.000702
0,0.05309,0.039035,-0.155273,0.066122,-0.173728,0.040479,0.000927,0.000681
0,0.058227,0.144683,0.014286,0.095403,-0.00752,0.117854,0.001016,0.002525
0,0.083295,0.136881,0.020732,0.005934,0.046984,0.004155,0.001454,0.002389
0,0.20919,0.156703,0.138692,0.007609,0.116957,0.044537,0.003651,0.002735
0,0.172004,0.028321,-0.050054,-0.14905,-0.091431,-0.180814,0.003002,0.000494
0,0.023828,-0.000319,-0.159669,-0.038761,-0.151134,-0.004908,0.000416,6e-06
0,0.112013,0.112693,0.078971,0.139482,0.033516,0.101768,0.001955,0.001967
0,0.105866,-0.040159,-0.01208,-0.161978,0.015093,-0.120488,0.001848,0.000701
0,-0.0637,0.049038,-0.157731,0.093522,-0.187748,0.121951,0.001112,0.000856
0,-0.003068,0.142749,0.053585,0.073292,0.082727,0.047627,5.4e-05,0.002491
0,0.085147,0.008561,0.107005,-0.114712,0.068034,-0.107613,0.001486,0.000149
0,0.173963,-0.04653,0.08047,-0.053207,0.100439,-0.065269,0.003036,0.000812
0,0.046122,-0.078373,-0.13907,-0.033933,-0.168323,-0.05613,0.000805,0.001368
0,-0.031921,0.12044,-0.067756,0.17548,-0.019992,0.155463,0.000557,0.002102
0,0.195882,0.05934,0.231051,-0.038587,0.225356,-0.086222,0.003419,0.001036
0,0.170646,0.042849,-0.001892,-0.015411,-0.001825,-0.016738,0.002978,0.000748
0,0.209894,-0.028568,0.04958,-0.079519,0.026464,-0.107306,0.003663,0.000499
0,0.066394,-0.019515,-0.153439,0.035023,-0.105134,0.045637,0.001159,0.000341
0,0.102723,0.175231,0.02408,0.175987,-0.022273,0.138123,0.001793,0.003058
0,-0.056271,0.143365,-0.162632,-0.014799,-0.114284,0.023614,0.000982,0.002502
0,0.016022,-0.05326,0.070187,-0.198036,0.117925,-0.167629,0.00028,0.00093
0,-1.478253,0.752988,-1.468749,0.83306,-1.485188,0.849498,0.002297,0.00139
0,-3.447725,1.391199,-1.992582,0.613473,-1.962285,0.622532,0.001416,0.000778
0,-2.801549,1.496475,0.63674,0.077692,0.599587,0.120343,0.001889,0.002615
0,-2.781464,1.341314,-0.001845,-0.145937,-0.019846,-0.166927,0.001539,9.3e-05
0,-2.153139,1.370768,0.629785,0.025308,0.677457,0.063346,0.002324,0.000421
0,-1.752309,1.228549,0.419967,-0.160184,0.395562,-0.118129,0.004672,0.002061
0,-1.333592,0.775745,0.423937,-0.427843,0.375602,-0.453515,0.000228,0.001788
0,-1.056132,0.664455,0.304343,-0.0969,0.30276,-0.06091,0.00507,0.000155
0,-0.643495,0.358214,0.395729,-0.318183,0.393308,-0.360545,0.000521,0.0055
0,-0.105211,0.177374,0.538955,-0.164961,0.53054,-0.196697,0.001836,0.003096
0,-0.136039,0.132393,-0.060643,-0.031312,-0.054116,-0.033028,0.002374,0.002311
0,0.028841,-0.035529,0.192647,-0.187035,0.157951,-0.231365,0.000503,0.00062
0,0.202206,-0.075496,0.191187,-0.061502,0.175298,-0.080833,0.003529,0.001318
0,0.197748,-0.206841,-0.010517,-0.138521,-0.038301,-0.136768,0.003451,0.00361
0,0.25991,-0.121622,0.087126,0.063776,0.037354,0.096047,0.004536,0.002123
0,0.305134,-0.136255,0.060688,-0.032914,0.022413,0.001079,0.005326,0.002378
0,0.398799,-0.076564,0.065284,0.055015,0.026825,0.090965,0.004791,0.001336
0,0.22549,-0.163794,-0.176915,-0.094588,-0.195741,-0.065519,0.003936,0.002859
0,0.109316,-0.023842,-0.123881,0.13151,-0.137663,0.149409,0.001908,0.000416
0,0.127546,-0.169939,0.000669,-0.157613,-0.044757,-0.188199,0.002226,0.002966
0,0.076012,-0.238714,-0.065302,-0.041666,-0.020414,-0.065146,0.001327,0.004166
0,0.017112,-0.266201,-0.034001,-0.007315,-0.049865,-0.027018,0.000299,0.004646
0,0.25594,-0.219802,0.265342,0.021764,0.235714,0.070124,0.004467,0.003836
0,0.034545,-0.111005,-0.207019,0.089482,-0.185801,0.08333,0.000603,0.001937
0,0.15007,-0.056569,0.137347,0.080154,0.105416,0.079422,0.002619,0.000987
0,0.205665,-0.160264,0.046176,-0.127934,0.030965,-0.119155,0.00359,0.002797
0,0.130807,-0.175895,-0.046546,0.003783,-0.059004,-0.006432,0.002283,0.00307
0,0.068044,-0.061218,-0.09165,0.133738,-0.108981,0.176395,0.001188,0.001068
0,0.204951,-0.113789,0.141368,-0.070463,0.099644,-0.09192,0.003577,0.001986
0,0.02125,-0.195572,-0.187075,-0.07197,-0.225662,-0.095963,0.000371,0.003413
0,0.116891,-0.147549,0.106439,0.028679,0.069176,0.067477,0.00204,0.002575
0,0.081959,-0.338353,-0.055832,-0.201922,-0.095785,-0.23613,0.00143,0.005846
0,0.084819,-0.249296,-0.01532,0.062147,-0.053593,0.090618,0.00148,0.004351
0,0.089366,-0.186697,-0.00306,0.064249,0.001554,0.068051,0.00156,0.003258
0,0.291596,-0.153943,0.21902,0.024473,0.238701,0.055014,0.005089,0.002687
0,0.206977,0.002725,-0.105633,0.150322,-0.068758,0.148698,0.003612,4.8e-05
0,0.134303,0.023876,-0.059435,0.024463,-0.0691,0.005054,0.002344,0.000417
0,0.172452,0.070918,0.042306,0.029346,0.025154,0.014967,0.00301,0.001238
0,0.306706,0.076008,0.127242,0.030366,0.132029,0.025486,0.005353,0.001327
0,0.187705,0.080404,-0.14151,-0.008405,-0.133626,-0.05168,0.003276,0.001403
0,0.160921,0.066491,-0.039832,0.008797,-0.050552,0.03285,0.002809,0.00116
0,0.093148,0.109563,-0.088231,0.053009,-0.084919,0.040885,0.001626,0.001912
0,0.262831,0.112138,0.176887,-0.01248,0.222433,-0.041955,0.004587,0.001957
0,0.074121,-0.082376,-0.198025,-0.179713,-0.234872,-0.223778,0.001294,0.001438
0,0.053663,-0.151849,-0.005458,-0.078617,-0.028464,-0.112203,0.000937,0.00265
0,0.050445,0.02367,-0.00816,0.172681,-0.015356,0.142474,0.00088,0.000413
0,-0.003911,0.053176,-0.064654,0.028495,-0.019989,0.034829,6.8e-05,0.000928
0,0.069489,-0.041158,0.080341,-0.124194,0.106448,-0.124998,0.001213,0.000718
0,0.080348,-0.030451,-0.003784,0.006368,0.008588,0.040981,0.001402,0.000531
0,0.135004,0.060263,0.046546,0.104595,0.000313,0.143229,0.002356,0.001052
0,0.047374,0.045405,-0.111583,-0.031531,-0.062889,-0.046472,0.000827,0.000792
0,-0.085352,0.094258,-0.125899,0.035668,-0.104561,0.022568,0.00149,0.001645
0,-0.123213,-0.114777,-0.013929,-0.201976,-0.058148,-0.235302,0.00215,0.002003
0,0.079156,0.131118,0.230465,0.220424,0.263455,0.252797,0.001382,0.002288
0,0.003874,-0.082182,-0.09875,-0.218359,-0.101092,-0.23136,6.8e-05,0.001434
0,-0.135259,-0.041774,-0.119191,0.054068,-0.090577,0.061484,0.002361,0.000729
0,0.086192,-0.148475,0.214437,-0.114532,0.253737,-0.135103,0.001504,0.002591
0,-0.131158,-0.143065,-0.216608,0.008727,-0.2609,0.046375,0.002289,0.002497
0,0.057965,0.028528,0.198482,0.170793,0.19429,0.182713,0.001012,0.000498
0,-0.036999,-0.027425,-0.095381,-0.071863,-0.102051,-0.111767,0.000646,0.000479
0,-0.126286,0.162093,-0.09572,0.202594,-0.08176,0.156216,0.002204,0.002829
0,0.066858,-0.08586,0.196498,-0.219785,0.220125,-0.193433,0.001167,0.001499
0,-0.084909,0.092367,-0.138503,0.150716,-0.108269,0.1805,0.001482,0.001612
0,-0.167491,-0.117498,-0.082414,-0.215653,-0.036592,-0.24623,0.002923,0.002051
0,-0.129552,-0.060513,0.028813,0.055319,0.035418,0.031588,0.002261,0.001056
0,-0.147782,0.087986,-0.03886,0.132103,-0.032575,0.1001,0.002579,0.001536
0,0.00358,0.093029,0.164754,0.000182,0.13977,-0.039855,6.2e-05,0.001624
0,-0.124779,-0.05695,-0.134153,-0.125874,-0.146894,-0.128232,0.002178,0.000994
0,-0.02337,0.027217,0.115511,0.061058,0.11676,0.095023,0.000408,0.000475
0,0.023337,0.040411,0.074745,0.031116,0.089309,-0.006811,0.000407,0.000705
0,-0.224136,0.158128,-0.268002,0.10716,-0.302547,0.142758,0.003912,0.00276
0,-0.170276,0.101595,0.064162,-0.043867,0.039732,-0.07251,0.002972,0.001773
0,-0.102679,0.199503,0.096723,0.081028,0.133175,0.097675,0.001792,0.003482
0,-0.040946,-0.039799,0.060533,-0.247614,0.057053,-0.297374,0.000715,0.000695
0,-0.293901,0.189639,-0.22845,0.245107,-0.18464,0.210981,0.00513,0.00331
0,-0.348821,0.059028,-0.03536,-0.128392,-0.049971,-0.141319,0.005664,0.00103
0,-0.040571,0.103433,0.293252,0.070673,0.300901,0.053735,0.000708,0.001805
0,-0.062994,0.154309,0.005132,0.037313,-0.008826,0.041,0.001099,0.002693
0,-0.153727,0.126154,-0.110519,-0.000378,-0.154861,-0.007621,0.002683,0.002202
0,-0.184833,0.094692,-0.02807,-0.006265,-0.010632,-0.054244,0.003226,0.001653
0,-0.092377,0.066759,0.122211,-0.048833,0.157855,-0.062448,0.001612,0.001165
0,-0.326966,0.06868,-0.230876,-0.025613,-0.182889,-0.07096,0.005707,0.001199
0,-0.072652,-0.001434,0.233034,-0.078994,0.271979,-0.062183,0.001268,2.5e-05
0,-0.162234,-0.101441,-0.098832,-0.108294,-0.079517,-0.156277,0.002832,0.00177
0,-0.216264,0.180157,-0.070786,0.302081,-0.047799,0.278228,0.003775,0.003144
0,-0.223195,-0.054529,-0.01837,-0.262475,-0.064855,-0.261294,0.003895,0.000952
0,-0.143073,-0.073979,0.076286,-0.001641,0.119542,-0.023476,0.002497,0.001291
0,-0.176711,-0.10734,-0.038258,-0.035628,-0.004133,-0.005572,0.003084,0.001873
0,-0.103708,-0.084627,0.058174,0.014407,0.03538,-0.015455,0.00181,0.001477
0,-0.068152,0.044095,0.06214,0.115419,0.110641,0.080875,0.001189,0.00077
0,-0.32217,-0.154011,-0.23495,-0.195435,-0.204655,-0.161941,0.005623,0.002688
0,-0.135558,0.04619,0.215694,0.217687,0.184457,0.223692,0.002366,0.000806
0,-0.108417,-0.078254,0.030202,-0.149217,0.050692,-0.153734,0.001892,0.001366
0,-0.31016,0.048784,-0.218051,0.141589,-0.196864,0.11879,0.005413,0.000851
0,-0.27349,-0.094261,0.031376,-0.114551,0.043116,-0.134761,0.004773,0.001645
0,-0.054099,0.117002,0.198669,0.189222,0.15434,0.186573,0.000944,0.002042
0,-0.107901,0.184467,-0.04637,0.042208,-0.087136,0.051511,0.001883,0.00322
0,-0.209714,-0.086842,-0.119498,-0.26936,-0.077559,-0.230772,0.00366,0.001516
0,-0.135452,0.023962,0.053193,0.090842,0.047397,0.085594,0.002364,0.000418
0,-0.194807,-0.042316,-0.060786,-0.042325,-0.050865,0.000367,0.0034,0.000739
0,-0.206112,0.116134,-0.022163,0.173617,-0.062182,0.140988,0.003597,0.002027
0,-0.093065,-0.075806,0.094367,-0.175137,0.105719,-0.175644,0.001624,0.001323
0,-0.252627,0.086732,-0.158786,0.177247,-0.119746,0.144075,0.004409,0.001514
0,-0.168699,0.157858,0.072374,0.080599,0.078102,0.074426,0.002944,0.002755
0,-0.16405,0.105059,-0.024524,-0.031044,0.015795,-0.043115,0.002863,0.001834
0,-0.177136,0.162933,-0.016708,0.076483,0.011729,0.106142,0.003092,0.002844
0,-0.059829,-0.012024,0.129025,-0.149903,0.154978,-0.118552,0.001044,0.00021
0,-0.039792,0.190626,0.038538,0.198649,0.044152,0.198779,0.000695,0.003327
0,-0.169494,-0.025361,-0.129838,-0.199484,-0.11852,-0.225555,0.002958,0.000443
0,-0.089206,0.028984,0.065511,0.045814,0.026395,0.080296,0.001557,0.000506
0,-0.07088,0.13544,-0.00251,0.096773,0.039906,0.053794,0.001237,0.002364
0,-0.045721,0.020331,0.050202,-0.105778,0.079167,-0.119989,0.000798,0.000355
0,-0.08623,0.047152,-0.024705,0.028512,-0.014976,0.060017,0.001505,0.000823
0,-0.073473,-0.016979,0.042162,-0.065688,0.070041,-0.053077,0.001282,0.000296
0,-0.058912,0.150422,-2.1e-05,0.142833,-0.025624,0.140885,0.001028,0.002625
0,-0.172079,0.18856,-0.132499,0.015249,-0.086011,-0.011286,0.003003,0.003291
0,-0.181154,-0.053437,-0.013868,-0.225731,-0.026039,-0.246501,0.003162,0.000933
0,0.015653,0.133408,0.203592,0.212254,0.248664,0.256464,0.000273,0.002328
0,-0.20675,0.00453,-0.221214,-0.115464,-0.240384,-0.09961,0.003608,7.9e-05
0,-0.143949,0.081218,0.092127,0.098006,0.070158,0.136483,0.002512,0.001418
0,0.007583,0.124283,0.149482,0.034811,0.129597,0.063725,0.000132,0.002169
0,-0.045829,-0.104684,-0.053063,-0.221433,-0.047155,-0.174725,0.0008,0.001827
0,-0.063915,0.009446,-0.016502,0.103057,-0.052795,0.089511,0.001116,0.000165
0,-0.052519,-0.108689,-0.016988,-0.091287,-0.035509,-0.104948,0.000917,0.001897
0,0.096525,-0.027657,0.121664,0.073442,0.168177,0.089128,0.001685,0.000483
0,0.057262,-0.118783,-0.031252,-0.078585,-0.037842,-0.074687,0.000999,0.002073
0,-0.054849,0.029447,-0.098673,0.153594,-0.089315,0.104518,0.000957,0.000514
0,0.119864,-0.03215,0.154277,-0.091046,0.118005,-0.089192,0.002092,0.000561
0,-0.096083,-0.149256,-0.220658,-0.113108,-0.17393,-0.089544,0.001677,0.002605
0,-0.184882,-0.083376,-0.065551,0.069165,-0.07936,0.064025,0.003227,0.001455
0,0.013744,-0.121702,0.170355,-0.0531,0.155111,-0.099426,0.00024,0.002124
0,3.125777,-0.124662,3.084799,0.020819,3.105203,-0.026531,0.004203,0.002176
0,3.452876,0.162417,0.310481,0.265994,0.277108,0.27957,0.001506,0.002835
0,3.872328,0.148518,0.447892,-0.02663,0.43112,-0.023281,0.002925,0.002592
0,4.780275,0.26717,0.887571,0.141202,0.877338,0.142379,0.00117,0.004663
0,3.92501,0.084746,-0.857212,-0.166683,-0.882059,-0.182625,0.002006,0.001479
0,3.424694,0.246877,-0.528807,0.1616,-0.570904,0.164307,0.001014,0.004309
0,2.874614,0.36313,-0.557164,0.128667,-0.585687,0.119039,0.003165,0.005414
0,2.389987,0.2408,-0.480083,-0.144459,-0.527723,-0.13427,0.005294,0.004203
0,1.499393,0.225978,-0.888375,0.000849,-0.845764,-0.031118,0.002666,0.003944
0,0.982989,0.193254,-0.504178,-0.047337,-0.538011,-0.037864,0.005405,0.003373
0,0.845227,0.185775,-0.126059,-0.007215,-0.109461,0.025734,0.003,0.003242
0,0.332205,0.151069,-0.524888,-0.016175,-0.533012,-0.045215,0.005798,0.002637
0,-0.080517,0.155075,-0.432462,0.022863,-0.403785,-0.008064,0.001405,0.002707
0,-0.166592,0.192719,-0.084677,0.03833,-0.09919,0.00071,0.002908,0.003364
0,-0.478637,0.01811,-0.293687,-0.15037,-0.308512,-0.196474,0.003398,0.000316
0,-0.365078,0.258054,0.089111,0.23724,0.049173,0.237449,0.00538,0.004504
0,-0.358524,0.080388,-0.000512,-0.184752,-0.034816,-0.188021,0.005494,0.001403
0,-0.041274,0.061114,0.321646,-0.02571,0.352485,0.020071,0.00072,0.001067
0,-0.158569,0.042059,-0.095281,-0.034909,-0.080699,-0.063925,0.002768,0.000734
0,-0.177371,0.207852,-0.003684,0.171022,0.040636,0.146898,0.003096,0.003628
0,-0.095002,0.150526,0.103276,-0.056975,0.137291,-0.096707,0.001658,0.002627
0,-0.072086,0.109222,-0.001547,-0.065154,-0.026931,-0.023832,0.001258,0.001906
0,-0.209299,0.204696,-0.118992,0.096421,-0.114468,0.062495,0.003653,0.003573
0,-0.178943,-0.042402,0.031399,-0.254505,0.069069,-0.29618,0.003123,0.00074
0,-0.131223,0.17848,0.060157,0.196535,0.044391,0.150988,0.00229,0.003115
0,-0.310667,0.207028,-0.208514,0.010744,-0.196596,0.034861,0.005422,0.003613
0,-0.111253,0.176137,0.207815,-0.051379,0.246557,-0.037091,0.001942,0.003074
0,-0.221079,0.079906,-0.122548,-0.117303,-0.103237,-0.126331,0.003859,0.001395
0,-0.143762,0.067184,0.106917,0.004132,0.125124,-0.01842,0.002509,0.001173
0,-0.256847,0.136112,-0.087521,0.074501,-0.042777,0.090058,0.004483,0.002376
0,-0.002304,0.075866,0.25879,-0.075104,0.283502,-0.090043,4e-05,0.001324
0,-0.203862,0.013109,-0.208022,-0.082856,-0.206437,-0.079247,0.003558,0.000229
0,-0.04402,0.173551,0.139852,0.157633,0.165194,0.166577,0.000768,0.003029
0,-0.190046,-0.02686,-0.146775,-0.172925,-0.10532,-0.193386,0.003317,0.000469
0,-0.06821,0.000565,0.098716,0.013283,0.088971,0.005023,0.00119,1e-05
0,-0.265787,0.091895,-0.216333,0.107967,-0.173208,0.087595,0.004639,0.001604
0,-0.099859,-0.061301,0.155017,-0.130368,0.105463,-0.133759,0.001743,0.00107
0,-0.045875,0.246043,0.045859,0.27922,0.021526,0.32039,0.000801,0.004294
0,0.172709,-0.021658,0.217851,-0.244225,0.260305,-0.194946,0.003014,0.000378
0,0.136961,0.036382,-0.058814,0.05339,-0.011532,0.094887,0.00239,0.000635
0,0.385674,0.072212,0.229158,0.021854,0.273018,-0.020297,0.00502,0.00126
0,0.196895,0.048056,-0.192487,-0.041463,-0.221186,-0.020823,0.003436,0.000839
0,0.070674,0.093864,-0.119639,0.073995,-0.134282,0.053389,0.001233,0.001638
0,0.115695,0.138328,0.065529,0.064119,0.039521,0.08206,0.002019,0.002414
0,0.260456,0.131095,0.140289,-0.009817,0.114951,0.010207,0.004546,0.002288
0,0.057551,0.161419,-0.205188,0.004749,-0.215149,-0.034726,0.001004,0.002817
0,0.222118,0.154724,0.170023,-0.005449,0.133137,-0.001581,0.003877,0.0027
0,0.192456,0.062907,-0.024226,-0.101974,-0.066384,-0.087343,0.003359,0.001098
0,0.054413,0.170117,-0.16284,0.106631,-0.115411,0.113524,0.00095,0.002969
0,0.175584,0.091971,0.111372,-0.058061,0.137036,-0.036892,0.003065,0.001605
0,0.219015,-0.034602,0.015469,-0.14341,0.050341,-0.107002,0.003823,0.000604
0,0.227655,0.174243,0.033877,0.218787,0.076967,0.215038,0.003973,0.003041
0,0.14331,-0.009014,-0.073821,-0.187445,-0.033418,-0.234238,0.002501,0.000157
0,-0.002824,0.237356,-0.134601,0.222895,-0.129079,0.228051,4.9e-05,0.004143
0,0.160535,0.081376,0.184844,-0.166107,0.210729,-0.17627,0.002802,0.00142
0,0.111856,0.150417,-0.027016,0.056458,-0.029684,0.091731,0.001952,0.002625
0,0.011187,0.12584,-0.111987,-0.035332,-0.157139,-0.032455,0.000195,0.002196
0,0.279483,0.100516,0.298061,-0.021057,0.267352,-0.032175,0.004878,0.001754
0,0.005739,0.006701,-0.266231,-0.079017,-0.246454,-0.091915,0.0001,0.000117
0,0.042293,0.104272,0.047053,0.080915,0.052644,0.110513,0.000738,0.00182
0,0.074969,0.192893,0.019656,0.090957,0.035028,0.110216,0.001308,0.003367
0,0.096046,0.262328,0.0284,0.086128,0.004789,0.135794,0.001676,0.004578
0,0.138043,0.140358,0.058024,-0.133944,0.062417,-0.118651,0.002409,0.00245
0,0.178758,-0.015805,0.058695,-0.167938,0.090374,-0.139193,0.00312,0.000276
0,0.072062,-0.045118,-0.121303,-0.018062,-0.086857,-0.02874,0.001258,0.000787
0,-0.060092,0.189768,-0.143529,0.263567,-0.127203,0.22924,0.001049,0.003312
0,0.057524,0.011827,0.145742,-0.19335,0.160741,-0.170433,0.001004,0.000206
0,0.056825,-0.026546,-0.018329,-0.033647,-0.034227,-0.036556,0.000992,0.000463
0,0.072207,0.074617,-0.006846,0.115467,0.025557,0.14441,0.00126,0.001302
0,0.187569,-0.105919,0.145066,-0.189664,0.1732,-0.163802,0.003274,0.001849
0,0.102116,-0.1457,-0.059062,-0.043465,-0.010989,-0.082498,0.001782,0.002543
0,-0.048748,-0.153148,-0.143866,0.018312,-0.161496,0.064356,0.000851,0.002673
0,0.121254,0.000274,0.197758,0.146738,0.181668,0.194979,0.002116,5e-06
0,0.126567,-0.014748,0.019367,-0.013951,-0.014164,0.005649,0.002209,0.000257
0,0.14537,0.038957,0.020536,0.031327,0.044387,0.004042,0.002537,0.00068
0,0.076731,0.048983,-0.057884,0.040008,-0.089961,0.033903,0.001339,0.000855
0,0.061715,0.016088,0.002771,-0.060671,0.044309,-0.037527,0.001077,0.000281
0,0.084545,-0.091307,0.011313,-0.087015,-0.034706,-0.108626,0.001476,0.001594
0,0.236473,0.047513,0.145468,0.1281,0.161461,0.121527,0.004127,0.000829
0,0.010375,-0.144614,-0.220082,-0.174076,-0.173046,-0.212065,0.000181,0.002524
0,0.19097,0.073385,0.152863,0.191579,0.148865,0.233613,0.003333,0.001281
0,0.047159,-0.011858,-0.151085,-0.093705,-0.176084,-0.099973,0.000823,0.000207
0,0.116991,-0.060903,0.068103,-0.021816,0.102573,-0.012213,0.002042,0.001063
0,0.081331,0.049112,-0.021152,0.117431,-0.052465,0.09264,0.001419,0.000857
0,0.070936,-0.165102,0.015804,-0.201658,-0.017514,-0.189707,0.001238,0.002882
0,0.063781,-0.158747,-0.030776,0.018002,-0.0132,0.032219,0.001113,0.002771
0,-0.089494,0.022063,-0.139798,0.193875,-0.163476,0.182167,0.001562,0.000385
0,0.008959,0.087838,0.117906,0.08557,0.101082,0.052467,0.000156,0.001533
0,0.032862,-0.069336,0.041076,-0.153374,0.032942,-0.127024,0.000574,0.00121
0,0.080862,-0.041161,0.038242,0.034,0.070402,-0.0154,0.001411,0.000718
0,0.074871,-0.080198,-0.001334,-0.058804,0.048567,-0.019311,0.001307,0.0014
0,-0.067766,-0.146566,-0.149179,-0.066723,-0.167752,-0.097072,0.001183,0.002558
0,-0.07856,0.088985,0.012834,0.253308,0.062824,0.29062,0.001371,0.001553
0,0.068252,-0.151216,0.175661,-0.252063,0.144555,-0.284267,0.001191,0.002639
0,0.021032,-0.060811,-0.04093,0.100805,-0.056806,0.102338,0.000367,0.001061
0,-0.146306,0.142603,-0.193457,0.217196,-0.202449,0.255414,0.002554,0.002489
0,-0.055635,-0.111271,0.067424,-0.269311,0.030335,-0.266917,0.000971,0.001942
0,0.1426,-0.059479,0.195882,0.07229,0.181064,0.028708,0.002489,0.001038
0,0.120257,0.048545,-0.028972,0.137884,0.017601,0.130537,0.002099,0.000847
0,0.032392,0.081485,-0.061504,0.047983,-0.025877,0.05603,0.000565,0.001422
0,0.133405,-1.017203,0.087941,-1.111938,0.080668,-1.097165,0.002328,0.00575
0,0.358616,-0.946516,0.234634,0.064812,0.22353,0.099634,0.005493,0.004768
0,0.49049,-0.831473,0.136301,0.14109,0.118125,0.126649,0.003191,0.00276
0,0.599671,-1.126515,0.082645,-0.282141,0.055216,-0.305293,0.001285,0.003842
0,0.299942,-1.07364,-0.318297,0.034108,-0.292982,0.068476,0.005235,0.004765
0,0.284749,-0.618059,0.002838,0.481914,0.019836,0.464493,0.00497,0.000965
0,0.435191,-0.676904,0.169995,-0.071082,0.126717,-0.117382,0.004156,6.3e-05
0,0.429593,-0.392976,-0.015229,0.271199,0.019246,0.278693,0.004254,0.004893
0,0.05333,-0.132644,-0.382125,0.287717,-0.352515,0.309681,0.000931,0.002315
0,0.014657,-0.114207,-0.046157,0.037006,-0.043261,0.02737,0.000256,0.001993
0,-0.027449,-0.124819,-0.037287,-0.035883,-0.019939,-0.0382,0.000479,0.002179
0,0.067625,-0.126485,0.119741,-0.021088,0.077289,0.014292,0.00118,0.002208
0,0.085414,-0.141216,0.042028,-0.016444,0.085623,-0.02499,0.001491,0.002465
0,-0.029411,0.079701,-0.088912,0.242543,-0.109682,0.222732,0.000513,0.001391
0,-0.144584,-0.104903,-0.11956,-0.200909,-0.162546,-0.240956,0.002523,0.001831
0,-0.090726,0.034534,0.028932,0.144661,0.021124,0.169948,0.001583,0.000603
0,0.042582,0.130296,0.143245,0.098012,0.135015,0.13623,0.000743,0.002274
0,-0.014872,0.055009,-0.082085,-0.104269,-0.034193,-0.119674,0.00026,0.00096
0,0.049704,0.186848,0.052816,0.124122,0.02389,0.133754,0.000868,0.003261
0,-0.126393,0.023141,-0.182594,-0.164273,-0.187727,-0.136462,0.002206,0.000404
0,-0.05993,0.061229,0.095752,0.036845,0.105229,0.033439,0.001046,0.001069
0,-0.138216,-0.046496,-0.083118,-0.104559,-0.090502,-0.060937,0.002412,0.000812
0,-0.051705,-0.035382,0.087811,-0.000707,0.132867,0.010781,0.000902,0.000618
0,0.037431,0.108232,0.111372,0.158778,0.139632,0.18015,0.000653,0.001889
0,-0.091637,0.187271,-0.133674,0.102055,-0.159663,0.076077,0.001599,0.003269
0,0.107561,0.015614,0.19428,-0.19822,0.239784,-0.205412,0.001877,0.000273
0,-0.106194,0.062996,-0.18736,0.072311,-0.198806,0.034203,0.001853,0.001099
0,-0.095947,0.032792,-0.012436,-0.005437,-0.024035,-0.04422,0.001675,0.000572
0,-0.015529,0.166808,0.054523,0.131117,0.032678,0.10613,0.000271,0.002911
0,0.075814,-0.051466,0.117707,-0.188746,0.152852,-0.157303,0.001323,0.000898
0,-0.016769,0.023341,-0.070203,0.090556,-0.049277,0.107425,0.000293,0.000407
0,0.037695,-0.07788,0.063471,-0.105087,0.080277,-0.067464,0.000658,0.001359
0,-0.04527,0.019076,-0.082941,0.125088,-0.119029,0.145583,0.00079,0.000333
0,-0.114581,0.111854,-0.077772,0.086197,-0.047282,0.101334,0.002,0.001952
0,0.022835,0.046786,0.159371,-0.084706,0.17055,-0.09642,0.000399,0.000817
0,0.152777,0.687446,0.129717,0.663372,0.130396,0.681031,0.002666,0.000246
0,0.190687,1.160026,0.031501,0.448159,0.013402,0.412756,0.003328,0.003257
0,0.23993,1.525408,0.042101,0.336869,0.024002,0.339655,0.004188,0.00312
0,0.468475,1.450304,0.244529,-0.062757,0.221142,-0.058019,0.003575,0.001809
0,0.489318,1.305314,-0.006694,-0.131637,0.041981,-0.170179,0.003211,0.000721
0,0.490717,0.906209,-0.024342,-0.406147,-0.033493,-0.414913,0.003187,0.004065
0,0.287707,0.766136,-0.200486,-0.150741,-0.152639,-0.182527,0.005021,0.00162
0,0.061712,0.600493,-0.205172,-0.167658,-0.237107,-0.155611,0.001077,0.003931
0,0.097569,0.38242,0.054407,-0.222584,0.037219,-0.221826,0.001703,0.003931
0,0.183796,0.294688,0.069737,-0.111709,0.033879,-0.115704,0.003208,0.003931
0,-0.038983,0.141161,-0.198301,-0.130169,-0.196512,-0.160521,0.00068,0.003931
0,0.167821,0.121786,0.212643,-0.000934,0.183008,-0.046238,0.002929,0.003931
0,0.006968,-0.090907,-0.170297,-0.196654,-0.127929,-0.189882,0.000122,0.003931
0,0.075499,0.070866,0.053878,0.133721,0.079622,0.084909,0.001318,0.003931
0,-0.010759,-0.145513,-0.079642,-0.202712,-0.117767,-0.182211,0.000188,0.003931
0,0.072553,-0.11276,0.093514,0.013625,0.133719,-0.00976,0.001266,0.003931
0,0.052709,0.086473,-0.010247,0.219255,-0.028823,0.239684,0.00092,0.003931
0,-0.089451,0.019979,-0.155933,-0.096486,-0.173284,-0.125033,0.001561,0.003931
0,0.097465,0.011451,0.207879,-0.027173,0.240344,0.00258,0.001701,0.003931
0,0.160005,0.040848,0.077948,0.019164,0.091401,0.053938,0.002793,0.003931
0,-0.021019,0.027369,-0.207365,-0.039633,-0.254976,-0.043464,0.000367,0.003931
0,0.182796,-0.167227,0.174004,-0.185301,0.128274,-0.151605,0.00319,0.003931
0,0.038791,-0.191784,-0.13503,-0.030157,-0.099705,-0.060802,0.000677,0.003931
0,0.145614,-0.134551,0.12892,0.036229,0.170497,0.026635,0.002541,0.003931
0,0.109892,-0.196494,-0.008981,-0.077362,0.040217,-0.037668,0.001918,0.003931
0,0.107118,-0.165103,-0.014693,0.021092,0.030111,0.068597,0.00187,0.003931
0,-0.042049,0.01137,-0.177523,0.193446,-0.137057,0.238159,0.000734,0.003931
0,-0.038456,0.005474,-0.012773,0.019393,-0.001964,0.065853,0.000671,0.003931
0,0.040027,-0.079284,0.088742,-0.091755,0.105265,-0.045467,0.000699,0.003931
0,0.113158,-0.107136,0.06396,-0.057361,0.054726,-0.091014,0.001975,0.003931
0,0.097777,-0.07187,0.000919,0.050962,0.041571,0.010656,0.001707,0.003931
0,-0.014831,-0.079974,-0.121,-0.004285,-0.126496,-0.053721,0.000259,0.003931
0,0.149329,-0.187718,0.156934,-0.115433,0.142763,-0.126402,0.002606,0.003931
0,0.030291,0.06384,-0.107807,0.256378,-0.085043,0.259175,0.000529,0.003931
0,0.006964,0.076909,-0.028757,-0.004129,-0.069063,0.029925,0.000122,0.003931
0,0.047657,-0.078295,0.061045,-0.141052,0.066391,-0.134381,0.000832,0.003931
0,0.145659,-0.083226,0.119929,-0.003877,0.158782,0.010001,0.002542,0.003931
0,0.056151,-0.170635,-0.072409,-0.063976,-0.062396,-0.097166,0.00098,0.003931
0,-0.037561,0.04666,-0.095715,0.194032,-0.114707,0.189016,0.000656,0.003931
0,-0.103035,-0.0021,-0.067117,-0.033072,-0.098268,-0.003067,0.001798,0.003931
0,0.032295,0.067197,0.125681,0.089436,0.086248,0.040788,0.000564,0.003931
0,-0.068785,-0.057758,-0.121151,-0.099633,-0.117815,-0.145066,0.001201,0.003931
0,-0.076833,-0.085654,0.004884,-0.057232,0.042655,-0.020784,0.001341,0.003931
0,-2.984627,-0.019452,-2.887941,0.052595,-2.885986,0.10202,0.005085,0.003931
0,-4.473474,-0.128513,-1.506773,-0.108892,-1.539396,-0.107907,0.004185,0.003931
0,-4.046574,-0.086603,0.433554,0.019846,0.481954,0.011624,0.000116,0.003931
0,-3.615218,-0.055662,0.435598,0.060621,0.390837,0.074897,0.004339,0.003931
0,-3.28345,-0.143762,0.358263,-0.064531,0.361799,-0.067631,0.001451,0.003931
0,-2.598275,0.072576,0.672271,0.239242,0.655895,0.241215,0.001658,0.003931
0,-1.32202,0.035294,1.270691,-0.045906,1.296007,-0.065912,0.00043,0.003931
0,-1.115386,-0.019096,0.230979,-0.025349,0.249731,-0.024844,0.004036,0.003931
0,-0.691018,0.017775,0.440719,0.025093,0.43916,0.021725,0.000309,0.003931
0,-0.211395,-0.17762,0.494469,-0.167335,0.454868,-0.168394,0.00369,0.003931
0,-0.161602,-0.056653,0.065426,0.122408,0.024976,0.14914,0.00282,0.003931
0,-0.086172,-0.071074,0.087497,0.012389,0.066908,0.006284,0.001504,0.003931
0,0.105823,0.083075,0.167154,0.141703,0.209685,0.172025,0.001847,0.003931
0,0.16921,-0.159715,0.067642,-0.269881,0.039264,-0.249348,0.002953,0.003931
0,0.158168,-0.192316,-0.00475,-0.012607,-0.001185,-0.048498,0.002761,0.003931
0,0.261971,-0.054883,0.074848,0.131158,0.068358,0.107765,0.004572,0.003931
0,0.178126,0.085082,-0.109945,0.144333,-0.068092,0.09831,0.003109,0.003931
0,0.406744,0.092451,0.245704,0.002884,0.254336,-0.002003,0.004653,0.003931
0,0.315175,-0.188966,-0.115979,-0.301713,-0.162249,-0.272334,0.005501,0.003931
0,0.1451,0.052583,-0.150261,0.222492,-0.143521,0.1887,0.002532,0.003931
0,0.159776,-0.140395,0.0024,-0.213921,0.036899,-0.167974,0.002789,0.003931
0,0.256747,-0.066722,0.110305,0.051923,0.068413,0.097821,0.004481,0.003931
0,0.097675,-0.040549,-0.138679,0.048086,-0.115627,0.021561,0.001705,0.003931
0,0.171762,-0.004523,0.081511,0.010605,0.076878,-0.024128,0.002998,0.003931
0,0.220304,-0.130736,0.032505,-0.137529,0.00601,-0.147071,0.003845,0.003931
0,-0.026978,-0.006707,-0.258382,0.094761,-0.306014,0.140026,0.000471,0.003931
0,0.200594,0.021717,0.221191,0.004428,0.191711,0.018468,0.003501,0.003931
0,-0.008437,-0.000934,-0.205114,-0.046791,-0.221477,-0.019701,0.000147,0.003931
0,0.025609,-0.139513,0.044191,-0.122652,0.090721,-0.102124,0.000447,0.003931
0,0.121796,-0.118048,0.119335,0.039413,0.145177,0.041687,0.002126,0.003931
0,0.111561,-0.029889,-0.025559,0.082149,-0.047889,0.089436,0.001947,0.003931
0,0.086016,0.067459,-0.035155,0.103784,-0.011663,0.128995,0.001501,0.003931
0,0.292297,0.067373,0.213795,-0.020259,0.197969,-0.01815,0.005102,0.003931
0,0.114136,-0.053142,-0.206968,-0.093602,-0.214333,-0.05727,0.001992,0.003931
0,0.23796,0.021478,0.145463,0.085684,0.104866,0.074576,0.004153,0.003931
0,0.260799,-0.005818,0.00789,0.002574,0.037253,-0.038402,0.004552,0.003931
0,0.169953,0.024946,-0.091147,0.058321,-0.120318,0.100781,0.002966,0.003931
0,0.000104,-0.042373,-0.144605,-0.078336,-0.187812,-0.098541,2e-06,0.003931
0,0.209041,-0.047533,0.231254,-0.03464,0.181547,-0.045082,0.003648,0.003931
0,0.160468,0.101609,-0.070232,0.145598,-0.105405,0.097431,0.002801,0.003931
0,0.091593,0.054037,-0.049222,-0.066226,-0.083461,-0.041728,0.001599,0.003931
0,-0.066024,-0.028778,-0.167544,-0.085763,-0.192954,-0.090526,0.001152,0.003931
0,0.017227,-0.048549,0.084256,0.003689,0.061929,-0.033135,0.000301,0.003931
0,-0.024289,-0.010476,-0.064355,0.010274,-0.025699,-0.024602,0.000424,0.003931
0,-0.021886,-0.16593,0.0095,-0.178479,-0.004393,-0.206634,0.000382,0.003931
0,0.084667,0.01077,0.111797,0.162175,0.08036,0.135449,0.001478,0.003931
0,-0.016632,0.140941,-0.12218,0.132191,-0.138947,0.122677,0.00029,0.003931
0,-0.025148,0.164209,-0.024048,0.0458,0.024644,0.092683,0.000439,0.003931
0,0.085488,0.00972,0.129372,-0.126701,0.164691,-0.119019,0.001492,0.003931
0,-0.097166,0.030201,-0.17706,0.016733,-0.20884,0.007227,0.001696,0.003931
0,0.085449,0.197255,0.176478,0.19341,0.17813,0.191502,0.001491,0.003931
0,-0.107709,0.101443,-0.195095,-0.109901,-0.206782,-0.083511,0.00188,0.003931
0,-0.027531,0.019165,0.072715,-0.100728,0.114747,-0.052551,0.000481,0.003931
0,-0.170413,0.021322,-0.164589,-0.025563,-0.193009,-0.038,0.002974,0.003931
0,-0.183553,0.138942,-0.012576,0.094123,0.02448,0.046199,0.003204,0.003931
0,-0.134159,0.062689,0.053195,-0.082252,0.027635,-0.045041,0.002342,0.003931
0,-0.036795,0.087543,0.12714,0.054378,0.126477,0.014706,0.000642,0.003931
0,-0.131378,-0.054906,-0.096415,-0.162984,-0.120622,-0.139529,0.002293,0.003931
0,0.037609,0.168873,0.182121,0.202517,0.206591,0.178435,0.000656,0.003931
0,-0.119769,0.159664,-0.16268,-0.007367,-0.132602,-0.02936,0.00209,0.003931
0,0.10505,0.185224,0.248107,0.043168,0.254654,0.067351,0.001833,0.003931
0,0.003823,0.047549,-0.074289,-0.112609,-0.036572,-0.134705,6.7e-05,0.003931
0,-0.119541,0.079506,-0.095614,0.035328,-0.098369,0.045797,0.002086,0.003931
0,0.143235,0.170759,0.24782,0.078829,0.222038,0.108757,0.0025,0.003931
0,0.165954,0.089439,0.040599,-0.065075,0.029004,-0.039626,0.002896,0.003931
0,-0.000241,-0.021846,-0.159445,-0.138583,-0.141946,-0.151924,4e-06,0.003931
0,0.115011,-0.104894,0.113615,-0.112074,0.159082,-0.074398,0.002007,0.003931
0,-0.069323,0.06144,-0.202218,0.189553,-0.238682,0.221963,0.00121,0.003931
0,-0.153931,0.150939,-0.070832,0.102702,-0.086454,0.146131,0.002687,0.003931
0,0.040566,-0.038641,0.205718,-0.178141,0.165356,-0.13025,0.000708,0.003931
0,-0.168398,0.053866,-0.214578,0.118511,-0.195169,0.084325,0.002939,0.003931
0,-0.1853,-0.099713,-0.013934,-0.170948,-0.016102,-0.153788,0.003234,0.003931
0,-0.05737,0.151228,0.15167,0.261635,0.119351,0.265209,0.001001,0.003931
0,-0.238034,0.031887,-0.179472,-0.108439,-0.197963,-0.077895,0.004154,0.003931
0,-0.079391,0.073854,0.13811,0.043574,0.155171,0.077545,0.001386,0.003931
0,0.014962,0.103896,0.070099,0.03698,0.053274,0.050952,0.000261,0.003931
0,-0.271294,0.153381,-0.282047,0.044077,-0.247767,0.014592,0.004735,0.003931
0,-0.088022,-0.107498,0.176949,-0.282767,0.177364,-0.2357,0.001536,0.003931
0,0.058501,-0.061873,0.150318,0.043915,0.113023,0.027646,0.001021,0.003931
0,-0.029269,-0.030841,-0.063679,0.043487,-0.065407,0.047549,0.000511,0.003931
0,-0.07551,-0.134808,-0.052671,-0.090856,-0.08057,-0.121587,0.001318,0.003931
0,-0.146497,0.134385,-0.048194,0.298583,-0.078143,0.333951,0.002557,0.003931
0,-0.008739,-0.131251,0.116033,-0.287738,0.071687,-0.337176,0.000153,0.003931
0,-0.027954,-0.124409,-0.01484,0.002189,-0.053031,-0.002728,0.000488,0.003931
0,-0.175673,0.104454,-0.160449,0.2236,-0.112446,0.258676,0.003066,0.003931
0,-0.229349,0.024699,-0.081018,-0.066397,-0.071942,-0.10202,0.004003,0.003931
0,-0.156279,-0.113448,0.064222,-0.115622,0.072679,-0.145806,0.002728,0.003931
0,-0.274114,-0.10287,-0.097762,-0.00768,-0.146229,-0.04521,0.004784,0.003931
0,-0.002527,-0.161523,0.26257,-0.044361,0.250994,-0.022806,4.4e-05,0.003931
0,-0.125437,0.024653,-0.152821,0.167936,-0.103927,0.128517,0.002189,0.003931
0,-0.154794,-0.078145,-0.022696,-0.078793,-0.042791,-0.126818,0.002702,0.003931
0,-0.073397,-0.136609,0.080539,-0.053035,0.112793,-0.087492,0.001281,0.003931
0,-0.135758,-0.097589,-0.037657,0.015114,-0.053699,-0.024422,0.002369,0.003931
0,-0.259809,-0.055419,-0.128885,0.049769,-0.155189,0.078158,0.004535,0.003931
0,-0.254633,-0.116734,0.02302,-0.044874,0.017533,-0.063374,0.004444,0.003931
0,-0.051797,0.020046,0.208969,0.134291,0.2101,0.127926,0.000904,0.003931
0,-0.051309,-0.004082,-0.012517,-0.021353,-0.035997,-0.062924,0.000896,0.003931
0,-0.240601,0.113474,-0.193306,0.124702,-0.180327,0.137652,0.004199,0.003931
0,-0.009535,0.047841,0.207166,-0.089311,0.160574,-0.112363,0.000166,0.003931
0,0.057759,0.08965,0.094647,0.071373,0.116175,0.076628,0.001008,0.003931
0,-0.168168,0.13436,-0.210813,0.028023,-0.213857,0.017858,0.002935,0.003931
0,-0.184218,-0.034373,-1.8e-05,-0.164779,0.032689,-0.120625,0.003215,0.003931
0,-0.119687,0.055489,0.085961,0.085021,0.071817,0.121303,0.002089,0.003931
0,-0.16068,-0.006018,-0.033179,-0.085161,-0.060314,-0.049876,0.002804,0.003931
0,-0.049477,-0.048338,0.128062,-0.046369,0.16594,-0.088446,0.000864,0.003931
0,-0.170785,-0.093822,-0.112055,-0.060401,-0.135126,-0.035049,0.002981,0.003931
0,-0.207691,0.129198,-0.047401,0.209148,-0.069041,0.191835,0.003625,0.003931
0,-0.121153,0.077474,0.112094,-0.05936,0.130541,-0.095671,0.002115,0.003931
0,-0.123253,0.133814,0.013015,0.051664,0.030352,0.091482,0.002151,0.003931
0,-0.133773,0.065574,-0.027772,-0.096348,-0.070793,-0.11764,0.002335,0.003931
0,-0.1146,-0.022507,0.037063,-0.093287,0.014578,-0.052678,0.002,0.003931
0,-0.132158,0.104808,-0.036496,0.131492,0.004539,0.098008,0.002307,0.003931
0,-0.157176,-0.083637,-0.048979,-0.166428,-0.052859,-0.164433,0.002743,0.003931
0,-0.072466,-0.074349,0.102905,-0.016412,0.150281,0.03267,0.001265,0.003931
0,-0.152037,0.044827,-0.089421,0.10065,-0.138625,0.116998,0.002654,0.003931
0,0.004085,-0.126921,0.16322,-0.160811,0.155146,-0.121055,7.1e-05,0.003931
0,0.023985,0.059853,0.024341,0.180128,0.059831,0.187156,0.000419,0.003931
0,-0.11488,-0.115609,-0.152635,-0.188471,-0.110927,-0.21774,0.002005,0.003931
0,-0.132937,-0.106451,0.003852,0.035369,0.048787,0.068666,0.00232,0.003931
0,-0.066688,-0.056929,0.064263,0.060112,0.064324,0.037885,0.001164,0.003931
0,-0.026599,0.004958,0.056965,0.072206,0.091412,0.070955,0.000464,0.003931
0,-0.038642,0.157765,-0.035361,0.126435,0.007358,0.09645,0.000674,0.003931
0,0.006886,0.08024,0.041558,-0.087743,0.017883,-0.073167,0.00012,0.003931
0,0.010152,-0.03749,0.02113,-0.118596,-0.027857,-0.083249,0.000177,0.003931
0,-0.080035,0.077447,-0.087548,0.127498,-0.066558,0.142367,0.001397,0.003931
0,0.091511,0.128108,0.198332,0.074964,0.178505,0.028671,0.001597,0.003931
0,-0.100433,-0.08437,-0.195218,-0.213794,-0.238728,-0.223892,0.001753,0.003931
0,-0.024528,-0.040645,0.051435,0.07352,0.098152,0.090052,0.000428,0.003931
0,-0.039086,0.007669,-0.003194,0.055699,-0.030318,0.0347,0.000682,0.003931
0,-0.043169,0.027723,0.011305,-0.003568,0.055569,0.007063,0.000753,0.003931
0,0.10675,0.086319,0.156452,0.0716,0.145211,0.061787,0.001863,0.003931
0,0.044265,-0.082462,-0.091214,-0.175141,-0.053721,-0.200916,0.000773,0.003931
0,0.136144,-0.051222,0.098165,0.046231,0.058877,0.070459,0.002376,0.003931
0,-0.013743,-0.113318,-0.165781,-0.071974,-0.159917,-0.082989,0.00024,0.003931
0,-0.144462,-0.118058,-0.117434,-0.015743,-0.124902,-0.020873,0.002521,0.003931
0,-0.016693,0.089381,0.108575,0.178066,0.065691,0.140178,0.000291,0.003931
0,-0.090412,-0.019138,-0.050051,-0.078676,-0.048213,-0.050901,0.001578,0.003931
0,0.065048,0.037744,0.156708,0.081292,0.181801,0.046439,0.001135,0.003931
0,-0.012855,-0.109417,-0.08201,-0.132599,-0.051107,-0.165138,0.000224,0.003931
0,-0.022514,0.068897,-0.037139,0.162583,0.002484,0.189266,0.000393,0.003931
0,-0.08565,0.096639,-0.045898,0.052276,-0.093944,0.031307,0.001495,0.003931
0,0.015199,0.119661,0.081545,0.037209,0.071565,-0.012663,0.000265,0.003931
0,-0.100494,-0.067114,-0.119646,-0.183792,-0.158189,-0.134891,0.001754,0.003931
0,0.021386,-0.002052,0.114596,0.055618,0.152156,0.028268,0.000373,0.003931
0,-0.092515,0.055501,-0.112848,0.030495,-0.081373,0.030406,0.001615,0.003931
0,-0.112279,-0.057265,-0.020545,-0.120812,0.010707,-0.115315,0.00196,0.003931
0,0.055464,-0.015085,0.154362,0.019826,0.165698,-0.01819,0.000968,0.003931
0,-0.075843,0.013684,-0.114415,0.050877,-0.088736,0.015903,0.001324,0.003931
0,0.038629,0.009335,0.092959,0.001952,0.142659,0.019414,0.000674,0.003931
0,-0.030504,-0.003344,-0.091794,-0.010605,-0.138325,-0.01489,0.000532,0.003931
0,0.015572,0.098851,0.075309,0.122921,0.063016,0.086738,0.000272,0.003931
0,-0.117028,-0.195529,-0.159691,-0.313421,-0.176722,-0.354022,0.002043,0.003931
0,-0.023052,-0.095919,0.122959,0.073053,0.156392,0.033244,0.000402,0.003931
0,-0.222238,-0.091128,-0.178624,-0.011129,-0.148595,-0.045455,0.003879,0.003931
0,-0.061682,-0.090151,0.141488,0.020864,0.189299,0.014856,0.001077,0.003931
0,-0.149658,0.08747,-0.090721,0.162305,-0.084382,0.139494,0.002612,0.003931
0,-0.132886,0.101941,0.035859,0.000322,0.084231,-0.032452,0.002319,0.003931
0,-0.25833,-0.028802,-0.126575,-0.126237,-0.129548,-0.15589,0.004509,0.003931
0,-0.175044,-0.056772,0.108434,-0.010588,0.097572,-0.002024,0.003055,0.003931
0,-0.203453,-0.004792,-0.03389,0.025007,-0.060835,-0.013546,0.003551,0.003931
0,-0.329347,-0.138352,-0.127639,-0.134574,-0.153707,-0.161228,0.005748,0.003931
0,-0.200402,-0.004667,0.110313,0.135699,0.082006,0.166605,0.003498,0.003931
0,-0.172216,0.078177,0.005505,0.098387,0.013156,0.055896,0.003006,0.003931
0,-0.020298,-0.049457,0.135473,-0.107283,0.134187,-0.10565,0.000354,0.003931
0,-0.090631,0.06019,-0.047174,0.084576,-0.005889,0.106651,0.001582,0.003931
0,-0.181081,0.064103,-0.071347,-0.018033,-0.048478,-0.01855,0.00316,0.003931
0,-0.31138,-0.043198,-0.105791,-0.09157,-0.124395,-0.101106,0.005435,0.003931
0,-0.248552,-0.015893,0.09057,0.052798,0.136942,0.01775,0.004338,0.003931
0,0.030182,0.047197,0.301311,0.066327,0.275285,0.114706,0.000527,0.003931
0,0.072123,-0.011605,0.025063,-0.036752,0.055694,-0.010637,0.001259,0.003931
0,-0.021544,-0.001848,-0.067494,0.009884,-0.10437,0.017467,0.000376,0.003931
0,-0.023305,-0.039193,0.010059,-0.058421,0.038659,-0.032784,0.000407,0.003931
0,0.04685,-0.035752,0.047641,0.030426,-0.000223,0.075492,0.000818,0.003931
0,-0.104068,0.064139,-0.133463,0.076005,-0.152249,0.050018,0.001816,0.003931
0,-0.068512,0.002147,0.055826,-0.059481,0.097923,-0.054462,0.001196,0.003931
0,-0.265686,0.062111,-0.202637,0.068628,-0.227864,0.073465,0.004637,0.003931
0,-0.065249,-0.076261,0.201973,-0.128678,0.17711,-0.13865,0.001139,0.003931
0,-0.202443,0.135545,-0.138008,0.229206,-0.118192,0.180568,0.003533,0.003931
0,-0.114414,0.061573,0.105462,-0.050838,0.125049,-0.099651,0.001997,0.003931
0,-0.119244,0.037512,-0.024166,-0.007767,-0.008997,0.009375,0.002081,0.003931
0,-0.308642,0.103779,-0.210008,0.060126,-0.236028,0.072262,0.005387,0.003931
0,-0.156506,-0.142078,0.162919,-0.22554,0.115565,-0.236287,0.002732,0.003931
0,-0.118244,0.113971,0.041906,0.257841,0.08742,0.229173,0.002064,0.003931
0,-0.144669,0.107981,-0.025447,-0.014252,-0.048292,-0.058917,0.002525,0.003931
0,-0.266795,0.002621,-0.132314,-0.119745,-0.129947,-0.141981,0.004656,0.003931
0,-0.221518,-0.187786,0.056271,-0.162377,0.040251,-0.121256,0.003866,0.003931
0,-0.319599,-0.022504,-0.10609,0.148258,-0.122148,0.124017,0.005578,0.003931
0,-0.41035,0.032687,-0.081823,0.027631,-0.053063,0.060194,0.00459,0.003931
0,-0.22575,-0.090362,0.163721,-0.098129,0.210416,-0.124029,0.00394,0.003931
0,-0.162147,-0.062487,0.074303,0.025284,0.040472,0.056761,0.00283,0.003931
0,-0.083091,-0.12494,0.056534,-0.078745,0.032291,-0.050359,0.00145,0.003931
0,-0.137571,-0.030303,-0.040438,0.088354,-0.013109,0.049468,0.002401,0.003931
0,-0.118968,0.054825,0.040132,0.094198,0.007973,0.095672,0.002076,0.003931
0,-0.220864,-0.051466,-0.078216,-0.136127,-0.06892,-0.18587,0.003855,0.003931
0,-0.156476,-0.106676,0.069563,-0.026259,0.091578,-0.038466,0.002731,0.003931
0,-0.127622,-0.163531,0.026498,-0.055045,0.028307,-0.054635,0.002227,0.003931
0,-0.195189,0.017764,-0.058068,0.162488,-0.043371,0.190803,0.003407,0.003931
0,-0.263075,-0.120966,-0.090848,-0.151524,-0.137381,-0.187869,0.004592,0.003931
0,-0.202189,-0.1569,0.066105,-0.027189,0.097047,0.001927,0.003529,0.003931
0,-0.31814,0.0226,-0.099498,0.196575,-0.114249,0.180465,0.005553,0.003931
0,-0.238703,0.139025,0.056389,0.116014,0.013808,0.134149,0.004166,0.003931
0,-0.163253,0.10281,0.102655,-0.03133,0.079691,-0.000406,0.002849,0.003931
0,-0.085367,0.051476,0.056834,-0.062592,0.086641,-0.084103,0.00149,0.003931
0,-0.250314,0.10222,-0.16832,0.06151,-0.213843,0.076424,0.004369,0.003931
0,-0.159124,0.047617,0.117551,-0.050461,0.12971,-0.066825,0.002777,0.003931
0,-0.061124,0.042436,0.112416,0.001629,0.069299,0.031149,0.001067,0.003931
0,-0.212017,0.009098,-0.136665,-0.052993,-0.170779,-0.101783,0.0037,0.003931
0,-0.097889,-0.104677,0.131963,-0.13356,0.125536,-0.144765,0.001708,0.003931
0,-0.114038,0.189218,-0.023831,0.30419,0.004129,0.257803,0.00199,0.003931
0,-0.12979,-0.00815,-0.038817,-0.202249,-0.045208,-0.166752,0.002265,0.003931
0,0.099175,0.027223,0.205185,0.010926,0.234884,0.02846,0.001731,0.003931
0,0.013288,0.18837,-0.085185,0.143723,-0.070406,0.190405,0.000232,0.003931
0,0.009266,-0.100031,0.002793,-0.277287,0.029361,-0.309546,0.000162,0.003931
0,0.124841,0.128062,0.114393,0.245005,0.126959,0.254069,0.002179,0.003931
0,0.094757,0.144467,-0.044707,-0.009232,-0.046983,-0.03946,0.001654,0.003931
0,-0.094131,-0.082753,-0.188553,-0.197442,-0.225248,-0.178443,0.001643,0.003931
0,0.053276,0.058019,0.131312,0.130275,0.12386,0.129153,0.00093,0.003931
0,-0.022409,0.129449,-0.085885,0.081326,-0.085025,0.123943,0.000391,0.003931
0,0.166158,0.028868,0.16069,-0.078657,0.203293,-0.048134,0.0029,0.003931
0,-0.021618,0.018395,-0.167124,-0.026428,-0.16446,-0.029744,0.000377,0.003931
0,0.074822,0.084147,0.073667,0.042011,0.06382,0.089205,0.001306,0.003931
0,0.148097,0.097249,0.096455,0.028617,0.105071,-0.018554,0.002585,0.003931
0,0.089369,0.077578,-0.069568,-0.020693,-0.107809,-0.067751,0.00156,0.003931
0,0.842903,-0.13952,0.734426,-0.218996,0.740016,-0.263504,0.00296,0.003931
0,0.938503,0.053289,0.119256,0.210698,0.165733,0.249328,0.004628,0.003931
0,1.311692,0.109431,0.39616,0.039345,0.408062,0.083273,0.00061,0.003931
0,1.002022,0.002362,-0.305741,-0.104502,-0.353893,-0.145084,0.005737,0.003931
0,0.8945,-0.001559,-0.095991,-0.007045,-0.11535,0.026614,0.00386,0.003931
0,0.58347,-0.137786,-0.33238,-0.157032,-0.289267,-0.145637,0.001568,0.003931
0,0.601989,-0.189964,0.008661,-0.081203,-0.017533,-0.115795,0.001245,0.003931
0,0.279942,0.036938,-0.329721,0.214188,-0.306112,0.179068,0.004886,0.003931
0,0.283853,0.025754,-0.025658,-0.001663,-0.016111,-0.035113,0.004954,0.003931
0,0.217642,-0.175229,-0.063223,-0.192779,-0.109289,-0.17403,0.003799,0.003931
0,-0.074822,-0.044131,-0.29252,0.15191,-0.250993,0.144808,0.001306,0.003931
0,-0.059888,-0.176043,0.031853,-0.158193,0.063767,-0.151682,0.001045,0.003931
0,-0.123521,-0.039021,-0.041326,0.15882,-0.039465,0.143655,0.002156,0.003931
0,0.011578,0.059914,0.155662,0.12516,0.118376,0.169663,0.000202,0.003931
0,-0.133545,0.03515,-0.133951,-0.033327,-0.173463,-0.075354,0.002331,0.003931
0,0.082506,0.021607,0.216135,-0.015379,0.195874,0.026333,0.00144,0.003931
0,0.111446,-0.000497,0.028197,-0.022701,0.060826,-0.060504,0.001945,0.003931
0,0.026007,-0.104522,-0.114739,-0.102352,-0.067386,-0.149463,0.000454,0.003931
0,0.05992,-0.135338,0.022707,-0.052122,-0.020721,-0.062328,0.001046,0.003931
0,-0.06415,0.071769,-0.11897,0.183155,-0.131805,0.160958,0.00112,0.003931
0,0.010168,0.025592,0.07972,-0.060031,0.088854,-0.077636,0.000177,0.003931
0,0.032512,-0.082746,0.037789,-0.096249,0.020955,-0.131313,0.000567,0.003931
0,-0.158636,-0.166606,-0.205265,-0.101801,-0.252304,-0.112949,0.002769,0.003931
0,-0.158366,-0.032921,-0.006119,0.153247,-0.055269,0.199844,0.002764,0.003931
0,-0.052443,-0.162179,0.135104,-0.139992,0.182089,-0.155042,0.000915,0.003931
0,0.131713,-0.163062,0.181152,-0.019538,0.144728,-0.054017,0.002299,0.003931
0,-0.055123,-0.078079,-0.177759,0.073982,-0.190184,0.025874,0.000962,0.003931
0,0.088028,-0.00761,0.142523,0.057791,0.123603,0.072862,0.001536,0.003931
0,-0.016576,-0.024472,-0.101611,-0.042351,-0.147991,-0.025665,0.000289,0.003931
0,-0.104593,-0.005754,-0.080346,0.022042,-0.12738,0.070117,0.001825,0.003931
0,-0.077242,0.029373,0.04284,0.017735,-0.001007,-0.01116,0.001348,0.003931
0,-0.264528,0.073102,-0.177214,0.028448,-0.193942,0.017814,0.004617,0.003931
0,-0.020769,-0.148242,0.243712,-0.247109,0.279194,-0.231936,0.000362,0.003931
0,-0.186688,0.00206,-0.172736,0.128717,-0.170868,0.084081,0.003258,0.003931
0,-0.207624,-0.043432,-0.003914,-0.070351,-0.004983,-0.109008,0.003624,0.003931
0,-0.072229,0.042912,0.115752,0.086929,0.163355,0.077906,0.001261,0.003931
0,-0.089644,-0.042059,-0.022522,-0.077969,-0.002455,-0.1077,0.001565,0.003931
0,-0.114023,-0.084598,-0.020956,-0.0599,0.027914,-0.0509,0.00199,0.003931
0,-0.150107,-0.025267,-0.036213,0.042586,-0.051559,0.01727,0.00262,0.003931
0,-0.043569,0.092131,0.09745,0.137465,0.101716,0.092714,0.00076,0.003931
0,-0.03141,-0.161089,-0.008334,-0.256104,-0.005362,-0.210696,0.000548,0.003931
0,-0.082468,-0.016845,-0.033421,0.134298,-0.081681,0.132732,0.001439,0.003931
0,-0.270688,-0.010345,-0.1724,0.021729,-0.186269,-0.018369,0.004724,0.003931
0,-0.107833,0.024411,0.173102,0.015101,0.12891,0.022525,0.001882,0.003931
0,-0.067142,0.123996,0.031627,0.093086,0.065583,0.058612,0.001172,0.003931
0,-0.037459,-0.015763,0.027465,-0.164037,0.051664,-0.119653,0.000654,0.003931
0,-0.244109,-0.081389,-0.228557,-0.081936,-0.216092,-0.115658,0.00426,0.003931
0,-0.19456,-0.193134,0.030994,-0.109495,0.021425,-0.144325,0.003396,0.003931
0,-0.059657,-0.102646,0.138746,0.081012,0.141587,0.044469,0.001041,0.003931
0,0.073126,-0.015623,0.134497,0.100643,0.162402,0.063455,0.001276,0.003931
0,-0.008852,-0.075625,-0.09257,-0.040723,-0.078752,0.000708,0.000154,0.003931
0,0.185265,-0.048612,0.174874,0.020205,0.155547,0.024652,0.003233,0.003931
0,0.1423,0.06503,-0.071205,0.130515,-0.087594,0.124046,0.002484,0.003931
0,0.005839,-0.174655,-0.135858,-0.216296,-0.099262,-0.233924,0.000102,0.003931
0,0.103915,-0.009901,0.098421,0.175389,0.053015,0.200431,0.001814,0.003931
0,-0.026731,0.024017,-0.157156,0.056633,-0.131479,0.05448,0.000467,0.003931
0,0.016198,-0.163375,0.014692,-0.192156,0.000961,-0.145879,0.000283,0.003931
0,0.092467,-0.159036,0.056859,0.03362,0.018154,0.023894,0.001614,0.003931
0,0.070145,-0.069016,-0.013071,0.06793,0.021151,0.052411,0.001224,0.003931
0,-0.035056,0.094159,-0.102704,0.151988,-0.151982,0.111808,0.000612,0.003931
0,0.195687,-0.103375,0.210376,-0.197154,0.180541,-0.15122,0.003415,0.003931
0,-0.052824,-0.153364,-0.244369,-0.030738,-0.239884,-0.015428,0.000922,0.003931
0,0.116303,0.058247,0.190047,0.182059,0.230846,0.175209,0.00203,0.003931
0,0.130703,0.021456,-0.00399,-0.062449,0.040753,-0.03332,0.002281,0.003931
0,-0.08052,-0.160354,-0.217762,-0.170156,-0.241195,-0.145688,0.001405,0.003931
0,0.147817,-0.021689,0.209736,0.10911,0.24728,0.082299,0.00258,0.003931
0,0.107459,-0.1578,-0.015603,-0.12482,0.032955,-0.172988,0.001876,0.003931
0,0.088479,0.09236,-0.041865,0.262771,-0.02983,0.242342,0.001544,0.003931
0,-0.151458,-0.058786,-0.220411,-0.123062,-0.177371,-0.127272,0.002643,0.003931
0,-0.13856,-0.014153,0.007379,0.049517,0.048326,0.048691,0.002418,0.003931
0,-0.043691,-0.08598,0.07699,-0.05077,0.027852,-0.014393,0.000763,0.003931
0,-0.041245,-0.046273,-0.001407,0.059306,-0.004194,0.033559,0.00072,0.003931
0,-0.004401,-0.160706,0.036287,-0.135737,0.062586,-0.103539,7.7e-05,0.003931
0,-0.096331,-0.129314,-0.08238,0.031815,-0.103307,-0.002637,0.001681,0.003931
0,-0.142216,0.03002,-0.036461,0.139775,-0.052062,0.129976,0.002482,0.003931
0,0.007261,-0.031653,0.162742,-0.059737,0.156976,-0.020965,0.000127,0.003931
0,-0.06246,0.017094,-0.057859,0.075003,-0.009123,0.082234,0.00109,0.003931
0,3.134916,-0.04548,3.176084,-0.038738,3.153052,-0.031116,0.004044,0.003931
0,4.569763,0.080391,1.444726,0.101013,1.477979,0.133455,0.002504,0.003931
0,5.363684,0.03054,0.779321,-0.024933,0.747635,0.021175,0.0004,0.003931
0,2.551997,-0.174896,-2.836356,-0.179297,-2.800802,-0.169212,0.002466,0.003931
0,1.229667,-0.087617,-1.293727,0.104263,-1.274593,0.127819,0.002042,0.003931
0,0.164423,0.024057,-1.091718,0.083615,-1.117182,0.067484,0.00287,0.003931
0,-0.529432,-0.004312,-0.66512,-0.05442,-0.714792,-0.085205,0.002511,0.003931
0,-1.600328,-0.187077,-1.058494,-0.197531,-1.042935,-0.234306,0.004428,0.003931
0,-1.491319,-0.093136,0.112604,0.100764,0.124149,0.078408,0.002525,0.003931
0,-1.560892,-0.126524,-0.069838,-0.060219,-0.091615,-0.090277,0.003739,0.003931
0,-1.077793,-0.154993,0.463281,-0.03866,0.478632,-0.01511,0.004692,0.003931
0,-0.902533,0.07288,0.16333,0.233946,0.117163,0.243345,0.004,0.003931
0,-0.642268,-0.158969,0.280657,-0.20919,0.317646,-0.16161,0.000542,0.003931
0,-0.351066,0.079752,0.263291,0.23254,0.218491,0.189291,0.005624,0.003931
0,-0.193,0.056073,0.163369,-0.013973,0.193899,-0.040609,0.003368,0.003931
0,-0.074784,-0.031822,0.115164,-0.076224,0.066381,-0.03474,0.001305,0.003931
0,0.080162,-0.169181,0.156474,-0.119096,0.137308,-0.087152,0.001399,0.003931
0,0.132133,-0.006377,0.079962,0.141881,0.096231,0.165418,0.002306,0.003931
0,0.142181,-0.169819,0.024238,-0.181546,0.052687,-0.185432,0.002482,0.003931
0,0.168803,0.005973,0.05448,0.146507,0.03309,0.108828,0.002946,0.003931
0,0.301734,-0.194868,0.127062,-0.22289,0.115454,-0.220374,0.005266,0.003931
0,0.034469,-0.003409,-0.240601,0.179199,-0.20293,0.154543,0.000602,0.003931
0,0.155287,-0.157622,0.143132,-0.143887,0.146348,-0.180012,0.00271,0.003931
0,0.17781,0.000277,-0.004105,0.141998,-0.002984,0.159636,0.003103,0.003931
0,0.033284,-0.169281,-0.132629,-0.170672,-0.121328,-0.129929,0.000581,0.003931
0,0.275721,-0.051181,0.235138,0.101197,0.221386,0.143018,0.004812,0.003931
0,0.243184,-0.166617,-0.053998,-0.126026,-0.025887,-0.122223,0.004244,0.003931
0,0.007871,-0.171459,-0.222194,-0.01333,-0.246261,-0.001747,0.000137,0.003931
0,0.292354,-0.035603,0.279642,0.16114,0.271603,0.162397,0.005103,0.003931
0,0.262361,-0.171611,-0.034581,-0.158878,0.004976,-0.114406,0.004579,0.003931
0,0.091154,-0.179786,-0.194124,-0.003182,-0.197329,-0.045672,0.001591,0.003931
0,0.073747,-0.151892,-0.038262,0.055351,-0.040307,0.025224,0.001287,0.003931
0,0.125954,-0.203464,0.06034,-0.07881,0.074009,-0.060395,0.002198,0.003931
0,0.288456,0.014168,0.168112,0.22568,0.201666,0.234468,0.005035,0.003931
0,0.169976,-0.223851,-0.094586,-0.233752,-0.050928,-0.255035,0.002967,0.003931
0,0.026214,-0.157389,-0.164779,0.065315,-0.136979,0.032915,0.000458,0.003931
0,0.223442,-0.208418,0.167266,-0.067812,0.181431,-0.068681,0.0039,0.003931
0,0.219913,-0.156564,-0.023608,0.073244,-0.039795,0.026717,0.003838,0.003931
0,0.233465,-0.165919,-0.014116,-0.003782,-0.025539,0.035334,0.004075,0.003931
0,0.156225,-0.012904,-0.058987,0.154482,-0.07727,0.182214,0.002727,0.003931
0,0.139459,-0.055859,-0.031697,-0.039479,4e-06,-0.058539,0.002434,0.003931
0,0.188632,0.073363,0.028099,0.111417,-0.001376,0.088714,0.003292,0.003931
0,0.100093,0.040019,-0.113347,-0.010644,-0.158246,-0.011736,0.001747,0.003931
0,-0.138682,-0.065374,-0.259512,-0.122462,-0.282628,-0.129973,0.00242,0.003931
0,0.010555,0.054189,0.129209,0.107,0.122631,0.140646,0.000184,0.003931
0,-0.024529,-0.173067,-0.029763,-0.246563,-0.022889,-0.295915,0.000428,0.003931
0,-0.082495,-0.0624,-0.056482,0.123929,-0.033391,0.097712,0.00144,0.003931
0,-0.068424,-0.166706,0.006311,-0.09519,2e-06,-0.093046,0.001194,0.003931
0,-0.101541,-0.11967,-0.037508,0.048192,-0.042838,0.070764,0.001772,0.003931
0,0.08153,-0.177416,0.212863,-0.03854,0.237944,-0.038079,0.001423,0.003931
0,-0.106028,-0.120565,-0.173554,0.050703,-0.191165,0.059687,0.001851,0.003931
0,-0.167793,-0.135928,-0.086757,-0.006565,-0.123341,-0.040822,0.002929,0.003931
0,0.080656,0.052873,0.233697,0.165754,0.184902,0.117728,0.001408,0.003931
0,-0.184216,-0.039123,-0.259022,-0.07277,-0.271043,-0.083817,0.003215,0.003931
0,0.065373,-0.055328,0.238494,-0.010632,0.221315,-0.057548,0.001141,0.003931
0,-0.001813,-0.151273,-0.090619,-0.099947,-0.071057,-0.131572,3.2e-05,0.003931
0,-0.009297,-0.046376,0.003143,0.12122,-0.039684,0.148182,0.000162,0.003931
0,-0.021919,-0.001181,0.012664,0.026596,-0.009528,-0.003174,0.000383,0.003931
0,-0.159825,-0.123195,-0.159081,-0.133786,-0.195573,-0.161387,0.002789,0.003931
0,0.084908,-0.114659,0.222326,-0.014555,0.215329,-0.012283,0.001482,0.003931
0,0.008599,-0.024306,-0.093301,0.09227,-0.067712,0.06625,0.00015,0.003931
0,-0.044233,-0.18244,-0.059181,-0.186104,-0.072498,-0.222845,0.000772,0.003931
0,-0.122677,0.080425,-0.062368,0.279143,-0.076565,0.26801,0.002141,0.003931
0,0.077103,-0.055182,0.226677,-0.137911,0.22456,-0.156124,0.001346,0.003931
0,0.099239,0.022079,0.029473,0.087754,0.072319,0.070826,0.001732,0.003931
0,0.101767,-0.020824,0.000915,-0.022261,0.037583,0.001847,0.001776,0.003931
0,0.117943,-0.195916,0.002479,-0.189028,0.045097,-0.163024,0.002059,0.003931
0,0.081479,-0.140894,-0.040291,0.056678,-0.047052,0.045432,0.001422,0.003931
0,-0.049581,-0.065858,-0.133834,0.086603,-0.129011,0.09326,0.000865,0.003931
0,-0.162014,-0.137393,-0.121762,-0.049325,-0.146142,-0.029862,0.002828,0.003931
0,-0.170344,-0.121812,0.004395,0.008252,0.034619,0.014566,0.002973,0.003931
0,0.050071,-0.01939,0.19731,0.093663,0.236649,0.107928,0.000874,0.003931
0,-0.039348,-0.135044,-0.066331,-0.106995,-0.02835,-0.076394,0.000687,0.003931
0,0.06853,-0.011359,0.109005,0.137815,0.130152,0.115446,0.001196,0.003931
0,-0.081898,0.047417,-0.144647,0.079202,-0.188183,0.035463,0.001429,0.003931
0,-0.147616,-0.181272,-0.075663,-0.244903,-0.07847,-0.260557,0.002576,0.003931
0,0.12993,-0.133169,0.278853,0.04556,0.231405,0.002768,0.002268,0.003931
0,0.008673,-0.086579,-0.129733,0.056082,-0.10868,0.064282,0.000151,0.003931
0,-0.076951,-0.005464,-0.079961,0.101126,-0.043968,0.069387,0.001343,0.003931
0,0.073689,0.128256,0.141995,0.1242,0.156064,0.092859,0.001286,0.003931
0,0.03871,0.056289,-0.032291,-0.079184,-0.058162,-0.071546,0.000676,0.003931
0,0.161814,0.049514,0.097814,0.018886,0.117034,0.013268,0.002824,0.003931
0,0.187294,0.023525,0.003584,-0.046551,0.031518,-0.062685,0.003269,0.003931
0,0.165428,0.139811,-0.029853,0.128937,-0.036815,0.124834,0.002887,0.003931
0,0.162906,0.097344,-0.028409,-0.049827,-0.065778,-0.010961,0.002843,0.003931
0,0.120291,0.018425,-0.067093,-0.064197,-0.054628,-0.026646,0.002099,0.003931
0,-0.027755,0.145666,-0.129187,0.139884,-0.173538,0.094349,0.000484,0.003931
0,0.141434,-0.020527,0.142186,-0.15176,0.143317,-0.152518,0.002468,0.003931
0,-0.056046,0.085006,-0.213847,0.123801,-0.214829,0.159942,0.000978,0.003931
0,0.035271,0.042314,0.072599,-0.059429,0.042727,-0.028917,0.000616,0.003931
0,0.121459,0.082175,0.061225,0.068759,0.033566,0.056582,0.00212,0.003931
0,-0.11387,-0.005335,-0.257958,-0.071901,-0.256575,-0.109289,0.001987,0.003931
0,0.012124,0.090755,0.141113,0.066207,0.108322,0.092306,0.000212,0.003931
0,-0.111492,-0.054974,-0.137319,-0.134166,-0.125852,-0.112185,0.001946,0.003931
0,0.018947,-0.081719,0.114906,0.003097,0.144908,0.017193,0.000331,0.003931
0,-0.042563,0.040226,-0.075664,0.145119,-0.120074,0.194337,0.000743,0.003931
0,-0.022553,-0.001992,0.001656,-0.052951,-0.035963,-0.045437,0.000394,0.003931
0,-0.072628,-0.192012,-0.059837,-0.181638,-0.062971,-0.17915,0.001268,0.003931
0,-0.035097,-0.130596,0.045645,0.057243,0.011036,0.063675,0.000613,0.003931
0,-0.025493,-0.115435,-0.010796,0.01246,-0.008045,0.035263,0.000445,0.003931
0,0.141699,-0.160826,0.145247,-0.06188,0.098591,-0.071769,0.002473,0.003931
0,0.126907,0.017835,0.003623,0.176109,-0.014855,0.131042,0.002215,0.003931
0,-0.072393,-0.080926,-0.196426,-0.09265,-0.245755,-0.138555,0.001263,0.003931
0,-0.009888,-0.029319,0.052763,0.029931,0.01005,0.060416,0.000173,0.003931
0,0.084009,0.051747,0.072483,0.092168,0.029507,0.140083,0.001466,0.003931
0,-0.087916,0.116424,-0.170989,0.074284,-0.18792,0.058249,0.001534,0.003931
0,0.005005,0.071458,0.073196,-0.069782,0.089675,-0.025259,8.7e-05,0.003931
0,0.040964,0.024074,0.037209,-0.066677,0.021119,-0.049248,0.000715,0.003931
0,-0.146043,0.056419,-0.171215,0.053062,-0.15436,0.086059,0.002549,0.003931
0,0.003422,-0.085091,0.12288,-0.156789,0.169336,-0.183909,6e-05,0.003931
0,-0.04058,-0.162546,-0.055671,-0.056232,-0.058833,-0.026231,0.000708,0.003931
0,-0.199903,0.03087,-0.131654,0.221382,-0.092821,0.23689,0.003489,0.003931
0,-0.05954,0.014774,0.158939,-0.032747,0.195849,-0.036379,0.001039,0.003931
0,-0.021435,-0.020974,0.058615,-0.033036,0.016892,-0.029385,0.000374,0.003931
0,0.122584,-0.191653,0.142534,-0.145048,0.119293,-0.190737,0.00214,0.003931
0,-0.155937,-0.075114,-0.24934,0.090424,-0.276669,0.113063,0.002722,0.003931
0,-0.182711,0.084716,-0.010571,0.163396,-0.043882,0.178919,0.003189,0.003931
0,0.032456,-0.176389,0.206813,-0.253065,0.252746,-0.263054,0.000566,0.003931
0,-0.002454,0.047376,-0.044165,0.211964,-0.038014,0.197583,4.3e-05,0.003931
0,0.06162,0.031558,0.03459,0.000959,-0.006091,-0.003684,0.001075,0.003931
0,-0.054975,0.062507,-0.102358,0.019196,-0.063327,0.049581,0.00096,0.003931
0,0.068016,0.047533,0.12443,-0.03234,0.092185,-0.0615,0.001187,0.003931
0,-0.001905,-0.149872,-0.085429,-0.191274,-0.0463,-0.223113,3.3e-05,0.003931
0,0.120106,0.023275,0.12043,0.172708,0.102473,0.217489,0.002096,0.003931
0,-0.130075,0.13272,-0.23647,0.087263,-0.188624,0.059669,0.00227,0.003931
0,0.068547,0.090693,0.216312,-0.071988,0.221391,-0.06808,0.001196,0.003931
0,-0.110707,-0.076438,-0.167043,-0.193404,-0.191907,-0.193238,0.001932,0.003931
0,0.149353,0.053325,0.287737,0.143884,0.274899,0.121219,0.002607,0.003931
0,0.075201,-0.089752,-0.085395,-0.16821,-0.100297,-0.127829,0.001313,0.003931
0,-0.07205,-0.108437,-0.12243,0.005336,-0.141959,0.050133,0.001258,0.003931
0,-0.104692,-0.031996,-0.039952,0.097776,-0.022688,0.101243,0.001827,0.003931
0,0.098011,-0.080581,0.187982,-0.073489,0.169594,-0.048083,0.001711,0.003931
0,-0.088582,0.087472,-0.190296,0.141584,-0.154023,0.157727,0.001546,0.003931
0,0.000471,0.109949,0.075018,0.024307,0.064779,0.069705,8e-06,0.003931
0,0.073214,0.096389,0.090994,-0.002601,0.079773,-0.022907,0.001278,0.003931
0,0.084871,-0.150594,0.026133,-0.265829,0.031862,-0.299581,0.001481,0.003931
0,0.060343,0.047735,-0.052779,0.209345,-0.030905,0.191005,0.001053,0.003931
0,0.179242,0.019556,0.113184,-0.005819,0.06494,0.019933,0.003128,0.003931
0,-0.11784,-0.174833,-0.284247,-0.201047,-0.258797,-0.180142,0.002057,0.003931
0,-0.077448,-0.127594,0.063286,0.041592,0.081172,0.050726,0.001352,0.003931
0,0.053214,-0.162243,0.126568,-0.047385,0.099796,-0.076288,0.000929,0.003931
0,-0.169141,-0.007247,-0.237953,0.142483,-0.252556,0.187618,0.002952,0.003931
0,-0.052068,-0.179822,0.140526,-0.196146,0.170796,-0.207676,0.000909,0.003931
0,-0.171147,0.028768,-0.139711,0.204374,-0.183476,0.193853,0.002987,0.003931
0,-0.180823,0.008717,0.01029,0.004306,0.016347,-0.032923,0.003156,0.003931
0,-0.160487,-0.088937,0.028302,-0.117844,0.044864,-0.073572,0.002801,0.003931
0,-0.116007,-0.097362,0.06366,-0.031445,0.029782,0.01703,0.002025,0.003931
0,-0.113256,-0.038573,-0.01309,0.045326,0.001309,0.007813,0.001977,0.003931
0,-0.126969,0.00881,0.015883,0.022323,0.044338,0.039719,0.002216,0.003931
0,0.038666,0.086699,0.182147,0.048779,0.214458,0.041069,0.000675,0.003931
0,0.07496,-0.129779,0.061593,-0.231899,0.057655,-0.18245,0.001308,0.003931
0,-0.166047,0.070813,-0.25442,0.188377,-0.245299,0.207689,0.002898,0.003931
0,-0.046121,-0.114122,0.148149,-0.159176,0.192988,-0.194167,0.000805,0.003931
0,-0.072032,-0.14132,-0.028155,-0.012892,-0.04172,-0.003536,0.001257,0.003931
0,-0.041183,0.159307,0.060007,0.274381,0.069112,0.240724,0.000719,0.003931
0,-0.084386,0.035004,-0.063682,-0.097602,-0.087659,-0.115912,0.001473,0.003931
0,0.0044,0.097639,0.073176,0.059166,0.075534,0.030224,7.7e-05,0.003931
0,-0.150558,0.015229,-0.166056,-0.087971,-0.205852,-0.093394,0.002628,0.003931
0,-0.159599,-0.061305,-0.024448,-0.093433,0.007822,-0.108996,0.002786,0.003931
0,-0.177181,-0.098685,-0.00748,-0.064908,0.00946,-0.079886,0.003092,0.003931
0,-0.119616,-0.095107,0.053214,0.013466,0.014835,-0.034146,0.002088,0.003931
0,-0.068069,-0.086586,0.032292,-0.000796,0.028513,-0.036107,0.001188,0.003931
0,0.019612,-0.106775,0.078131,0.004044,0.084118,-0.033535,0.000342,0.003931
0,0.030443,0.064279,-0.01282,0.189323,-0.034447,0.162337,0.000531,0.003931
0,0.00014,-0.022033,-0.059655,-0.09217,-0.050689,-0.079997,2e-06,0.003931
0,-0.171225,-0.123867,-0.164297,-0.089173,-0.166334,-0.042832,0.002988,0.003931
0,-0.075197,0.118307,0.080042,0.231804,0.068684,0.188419,0.001312,0.003931
0,-0.033858,0.103064,0.025276,0.004134,-0.000976,-0.011483,0.000591,0.003931
0,-0.054336,0.043732,-0.026269,-0.031095,-0.020124,-0.070622,0.000948,0.003931
0,0.017612,-0.090789,0.07902,-0.157139,0.099406,-0.180982,0.000307,0.003931
0,-0.235853,0.054132,-0.255569,0.144881,-0.30493,0.116028,0.004116,0.003931
0,-0.009622,-0.072507,0.219807,-0.141875,0.184254,-0.094217,0.000168,0.003931
0,-0.104328,0.081684,-0.111886,0.158997,-0.140807,0.159728,0.001821,0.003931
0,-0.048771,-0.056242,0.081152,-0.14952,0.120798,-0.136549,0.000851,0.003931
0,-0.274804,0.062726,-0.231661,0.131062,-0.226134,0.092436,0.004796,0.003931
0,-0.135861,-0.043548,0.139022,-0.10004,0.110375,-0.112297,0.002371,0.003931
0,-0.103807,-0.076936,0.011785,-0.020622,-0.027583,-0.069018,0.001812,0.003931
0,-0.163468,-0.085805,-0.082929,0.018844,-0.035767,-0.02527,0.002853,0.003931
0,-0.332738,-0.071198,-0.163024,-0.005616,-0.154026,0.030019,0.005807,0.003931
0,-0.310849,-0.043672,0.036046,0.023305,0.032234,0.01365,0.005425,0.003931
0,-0.220793,-0.068256,0.095945,-0.017914,0.097658,0.027345,0.003854,0.003931
0,-0.041724,0.002945,0.156856,0.094711,0.202784,0.061202,0.000728,0.003931
0,-0.110182,0.076681,-0.092559,0.086128,-0.097021,0.095312,0.001923,0.003931
0,-0.285365,0.053521,-0.150693,-0.000523,-0.128054,0.014488,0.004981,0.003931
0,-0.019095,-0.067314,0.257832,-0.14934,0.241694,-0.163139,0.000333,0.003931
0,-0.069014,-0.135905,-0.076013,-0.048544,-0.095875,-0.028382,0.001205,0.003931
0,-0.105934,0.092372,-0.044254,0.258111,-0.005073,0.304941,0.001849,0.003931
0,-0.072287,-0.107571,0.030392,-0.209803,0.058189,-0.170337,0.001262,0.003931
0,-0.116918,-0.108575,-0.05275,0.026621,-0.006898,-0.001276,0.002041,0.003931
0,0.033165,0.031354,0.167091,0.114591,0.202943,0.135396,0.000579,0.003931
0,-0.081012,0.016847,-0.086216,-0.035372,-0.065741,-0.062539,0.001414,0.003931
0,-0.154566,0.031047,-0.075216,0.01715,-0.087112,-0.009249,0.002698,0.003931
0,-0.198206,0.049223,-0.065951,0.014466,-0.068789,-0.034019,0.003459,0.003931
0,-0.159466,-0.032832,0.04895,-0.081529,0.014296,-0.07843,0.002783,0.003931
0,-0.083012,-0.061181,0.083895,-0.020839,0.112474,-0.008123,0.001449,0.003931
0,-0.146102,0.164596,-0.087456,0.206881,-0.123268,0.200969,0.00255,0.003931
0,-0.192327,0.08676,-0.033739,-0.064416,-0.081838,-0.040211,0.003357,0.003931
0,-0.029192,0.010924,0.163603,-0.093874,0.183024,-0.094646,0.00051,0.003931
0,-0.231044,-0.011007,-0.201104,0.001412,-0.184469,0.006067,0.004032,0.003931
0,0.042318,-0.122681,0.274023,-0.095599,0.258495,-0.063131,0.000739,0.003931
0,0.032374,-0.113612,-0.038237,0.018862,-0.078943,0.028792,0.000565,0.003931
0,-0.270417,0.031632,-0.288751,0.160804,-0.30545,0.151558,0.00472,0.003931
0,-0.02751,0.04744,0.231676,0.044292,0.181754,-0.00027,0.00048,0.003931
0,-0.164621,0.038653,-0.156897,-0.010456,-0.198298,-0.010741,0.002873,0.003931
0,-0.214556,0.070926,-0.060257,0.050928,-0.04414,0.091224,0.003745,0.003931
0,-0.000936,0.000732,0.214417,-0.057231,0.240519,-0.013892,1.6e-05,0.003931
0,-0.154291,-0.038464,-0.176841,-0.013728,-0.178515,0.006576,0.002693,0.003931
0,-0.165719,-0.040706,-0.001877,-0.016042,0.000123,-0.000149,0.002892,0.003931
0,-0.080891,-0.093377,0.096893,-0.047732,0.136836,-0.01137,0.001412,0.003931
0,-0.123568,0.051415,-0.035405,0.150635,-0.005035,0.162053,0.002157,0.003931
0,-0.007009,-0.130399,0.116373,-0.192579,0.126279,-0.23513,0.000122,0.003931
0,-0.157187,-0.0799,-0.156409,0.052801,-0.139278,0.083771,0.002743,0.003931
0,-0.0127,0.091394,0.150167,0.15845,0.138251,0.150975,0.000222,0.003931
0,-0.080587,0.132886,-0.039331,0.018474,-0.016074,-0.01317,0.001407,0.003931
0,0.030664,0.087022,0.116333,-0.020185,0.109001,-0.059157,0.000535,0.003931
0,-0.010765,0.048177,-0.063752,-0.028033,-0.03528,-0.053027,0.000188,0.003931
0,0.770018,0.043662,0.795527,-0.021799,0.79575,-0.032047,0.001688,0.003931
0,1.277061,-0.047137,0.518754,-0.069204,0.523888,-0.060715,0.001214,0.003931
0,1.398551,-0.066422,0.151445,0.00364,0.132676,-0.023605,0.000906,0.003931
0,1.980883,0.070642,0.552489,0.137295,0.53091,0.105885,0.000682,0.003931
0,1.530671,0.045803,-0.461245,-0.035848,-0.446259,0.009568,0.003212,0.003931
0,1.474887,-0.05192,-0.0768,-0.120759,-0.121549,-0.075557,0.002238,0.003931
0,1.205288,-0.100466,-0.259009,-0.03058,-0.285064,-0.04407,0.002467,0.003931
0,1.05306,-0.201315,-0.122484,-0.109642,-0.087656,-0.142094,0.005124,0.003931
0,0.478279,-0.172251,-0.591505,0.031902,-0.592877,0.030776,0.003404,0.003931
0,0.212632,0.021206,-0.289462,0.203193,-0.319326,0.187498,0.003711,0.003931
0,0.232678,-0.159784,0.017604,-0.188004,-0.009676,-0.202485,0.004061,0.003931
0,0.148962,0.028127,-0.078364,0.181174,-0.035734,0.157724,0.0026,0.003931
0,-0.074836,0.084801,-0.199524,0.039018,-0.197431,0.05925,0.001306,0.003931
0,0.023325,-0.188552,0.101089,-0.249796,0.113023,-0.294762,0.000407,0.003931
0,-0.050585,-0.200162,-0.059703,-0.026809,-0.055027,-0.073605,0.000883,0.003931
0,-0.125739,-0.139301,-0.052608,0.060866,-0.081473,0.054069,0.002195,0.003931
0,-0.23896,-0.027689,-0.115165,0.104986,-0.076194,0.057092,0.004171,0.003931
0,-0.049643,0.064857,0.175824,0.06768,0.155603,0.031329,0.000866,0.003931
0,-0.248048,-0.117777,-0.175044,-0.175346,-0.22391,-0.14082,0.004329,0.003931
0,-0.247772,0.05843,0.018589,0.181718,0.022239,0.192681,0.004324,0.003931
0,0.041695,-0.16009,0.309477,-0.242437,0.306832,-0.255593,0.000728,0.003931
0,-0.081006,-0.200896,-0.128947,-0.06912,-0.088186,-0.085153,0.001414,0.003931
0,-0.093793,0.049249,-0.019045,0.232733,-0.025109,0.217323,0.001637,0.003931
0,-0.182154,0.002221,-0.116285,-0.053752,-0.087076,-0.0113,0.003179,0.003931
0,-0.101095,-0.011424,0.056018,-0.001608,0.017071,0.002354,0.001764,0.003931
0,-0.125807,0.090817,-0.019819,0.087052,-0.029358,0.10423,0.002196,0.003931
0,0.009926,-0.025895,0.131446,-0.119399,0.090478,-0.097464,0.000173,0.003931
0,-0.211492,-0.147759,-0.207506,-0.14548,-0.251597,-0.178635,0.003691,0.003931
0,-0.046025,-0.0383,0.146286,0.115841,0.171139,0.083975,0.000803,0.003931
0,0.065807,-0.155741,0.113452,-0.115602,0.064461,-0.103837,0.001149,0.003931
0,-0.142671,-0.101546,-0.227971,0.075487,-0.274592,0.097082,0.00249,0.003931
0,-0.022298,-0.027891,0.108849,0.084782,0.068501,0.133374,0.000389,0.003931
0,-0.068756,-0.213354,-0.055155,-0.214707,-0.057102,-0.189787,0.0012,0.003931
0,-0.037812,-0.140613,0.01959,0.087284,0.00148,0.045849,0.00066,0.003931
0,0.120622,-0.12028,0.153875,0.011003,0.16489,-0.008981,0.002105,0.003931
0,-0.091583,-0.103823,-0.226448,0.032835,-0.260604,0.026522,0.001598,0.003931
0,-0.099511,-0.06117,0.000196,0.068975,0.032783,0.095391,0.001737,0.003931
0,0.010728,-0.00367,0.102659,0.083223,0.08055,0.090558,0.000187,0.003931
0,0.050456,-0.11919,0.060383,-0.139858,0.031174,-0.098857,0.000881,0.003931
0,-0.031596,-0.146374,-0.05537,-0.04495,-0.091079,-0.064805,0.000551,0.003931
0,-0.137942,-0.082807,-0.094928,0.069083,-0.087231,0.021714,0.002408,0.003931
0,0.134236,0.015567,0.286533,0.078798,0.2594,0.055368,0.002343,0.003931
0,-0.081838,0.002732,-0.194371,-0.012492,-0.225527,-0.053131,0.001428,0.003931
0,-0.047265,0.052173,0.052889,0.029692,0.089553,0.009453,0.000825,0.003931
0,0.197375,0.028483,0.265943,-0.050287,0.297557,-0.077487,0.003445,0.003931
0,0.020751,-0.066289,-0.179998,-0.112181,-0.21797,-0.141639,0.000362,0.003931
0,0.132559,-0.112238,0.0947,-0.043219,0.081255,-0.073658,0.002314,0.003931
0,0.049801,0.056057,-0.07874,0.190704,-0.115827,0.231987,0.000869,0.003931
0,0.077972,0.092609,0.026144,0.056486,0.018275,0.051955,0.001361,0.003931
0,-0.05159,-0.013981,-0.143513,-0.125911,-0.172964,-0.08175,0.0009,0.003931
0,0.015111,-0.17884,0.053735,-0.176544,0.080262,-0.206311,0.000264,0.003931
0,0.062587,-0.019372,0.03289,0.162209,-0.000551,0.154877,0.001092,0.003931
0,-0.052618,-0.103566,-0.116776,-0.08819,-0.144064,-0.044651,0.000918,0.003931
0,-0.012532,-0.068093,0.055012,0.007829,0.065892,0.031462,0.000219,0.003931
0,-0.000317,-0.059748,0.026314,0.01211,-0.018797,0.01601,6e-06,0.003931
0,0.185408,-0.053248,0.175259,0.030342,0.209111,0.017226,0.003236,0.003931
0,0.075605,0.07132,-0.134757,0.097895,-0.178903,0.090772,0.00132,0.003931
0,0.078852,0.050314,0.000667,-0.026147,-0.041345,0.00887,0.001376,0.003931
0,0.258621,-0.085328,0.186019,-0.125608,0.161737,-0.104122,0.004514,0.003931
0,0.021696,-0.015872,-0.218868,0.064324,-0.257574,0.073761,0.000379,0.003931
0,0.138862,-0.158159,0.116827,-0.115104,0.088557,-0.130478,0.002424,0.003931
0,0.063508,-0.150688,-0.074886,0.030339,-0.104395,0.037031,0.001108,0.003931
0,0.065297,0.065873,-0.00892,0.227556,0.039456,0.258017,0.00114,0.003931
0,0.232236,0.030355,0.162029,-0.036471,0.127667,-0.010277,0.004053,0.003931
0,0.198563,0.008611,-0.032396,-0.024829,0.005829,-0.055649,0.003466,0.003931
0,-0.001169,0.071935,-0.188911,0.041769,-0.18377,0.089702,2e-05,0.003931
0,0.03859,0.101074,0.066787,0.000603,0.099843,0.045714,0.000674,0.003931
0,-0.077999,-0.133834,-0.096539,-0.231879,-0.059519,-0.192786,0.001361,0.003931
0,0.116541,-0.156989,0.189462,-0.016769,0.168348,0.008483,0.002034,0.003931
0,-0.050232,-0.042548,-0.194995,0.130132,-0.238154,0.116767,0.000877,0.003931
0,0.228115,-0.155263,0.291856,-0.136115,0.334613,-0.15638,0.003981,0.003931
0,-0.035675,-0.150504,-0.244929,-0.005448,-0.27858,-0.041673,0.000623,0.003931
0,0.126536,0.062995,0.135872,0.203756,0.177929,0.209743,0.002208,0.003931
0,0.179999,-0.029354,0.058268,-0.103256,0.076051,-0.149827,0.003142,0.003931
0,-0.096918,0.027405,-0.281242,0.073393,-0.244178,0.047684,0.001692,0.003931
0,-0.078517,-0.173512,0.003773,-0.196565,0.039912,-0.241521,0.00137,0.003931
0,0.054107,-0.112831,0.144941,0.054258,0.176452,0.007248,0.000944,0.003931
0,-0.080678,0.052005,-0.117187,0.190841,-0.141319,0.235599,0.001408,0.003931
0,0.143794,-0.133206,0.249854,-0.194752,0.233626,-0.170302,0.00251,0.003931
0,-0.038089,0.067693,-0.165906,0.180747,-0.186507,0.147369,0.000665,0.003931
0,0.168678,-0.203762,0.197933,-0.248999,0.240711,-0.200111,0.002944,0.003931
0,0.016042,-0.069263,-0.133802,0.145163,-0.182004,0.177775,0.00028,0.003931
0,0.167438,-0.079629,0.17105,-0.013203,0.172432,-0.056912,0.002922,0.003931
0,0.10523,-0.070373,-0.077963,-0.009835,-0.09571,0.033037,0.001837,0.003931
0,0.019282,-0.020226,-0.086127,0.020537,-0.049829,0.038323,0.000337,0.003931
0,-0.042779,-0.147234,-0.085877,-0.113157,-0.078477,-0.108801,0.000747,0.003931
0,0.220095,-0.172454,0.285136,0.003836,0.288916,0.025679,0.003841,0.003931
0,0.01754,0.012199,-0.181263,0.170014,-0.15619,0.130065,0.000306,0.003931
0,-0.028441,-0.082023,-0.02725,-0.106846,-0.024462,-0.105506,0.000496,0.003931
0,0.147291,-0.015812,0.15308,0.050398,0.141328,0.026328,0.002571,0.003931
0,0.214475,-0.040373,0.052033,-0.041825,0.069181,-0.010578,0.003743,0.003931
0,-0.07951,0.106659,-0.292589,0.121126,-0.326407,0.13532,0.001388,0.003931
0,-0.024359,-0.101681,0.063118,-0.219616,0.023255,-0.197379,0.000425,0.003931
0,0.010598,0.040894,0.016525,0.170699,-0.02276,0.151074,0.000185,0.003931
0,0.192382,0.076614,0.207874,0.048659,0.224607,0.032001,0.003358,0.003931
0,0.125458,0.136781,-0.057383,0.076517,-0.094645,0.109144,0.00219,0.003931
0,-0.006204,-0.074759,-0.1045,-0.229486,-0.151607,-0.210783,0.000108,0.003931
0,-0.005504,-0.023977,0.024989,0.066537,-0.01974,0.097443,9.6e-05,0.003931
0,0.136746,-0.021676,0.134739,0.030036,0.160675,0.044539,0.002387,0.003931
0,0.024508,0.159633,-0.127754,0.157629,-0.139272,0.205232,0.000428,0.003931
0,0.253195,-0.044421,0.199971,-0.176455,0.231693,-0.221998,0.004419,0.003931
0,0.25737,0.168071,0.017891,0.198905,0.044472,0.20415,0.004492,0.003931
0,0.317087,0.104144,0.04259,-0.060301,0.044749,-0.068339,0.005534,0.003931
0,0.249647,-0.053774,-0.091013,-0.169791,-0.046768,-0.219592,0.004357,0.003931
0,0.15719,-0.101794,-0.07655,-0.04257,-0.068686,0.002631,0.002743,0.003931
0,0.045517,0.032607,-0.083353,0.141639,-0.084287,0.131561,0.000794,0.003931
0,0.116195,-0.071752,0.100031,-0.120786,0.145778,-0.093772,0.002028,0.003931
0,0.029976,0.168656,-0.08003,0.253566,-0.083741,0.252569,0.000523,0.003931
0,0.123543,0.015304,0.095033,-0.147716,0.072544,-0.10246,0.002156,0.003931
0,0.201495,0.133243,0.065166,0.096782,0.031011,0.086732,0.003517,0.003931
0,0.104451,0.04618,-0.089998,-0.066927,-0.093275,-0.05614,0.001823,0.003931
0,0.000785,-0.037406,-0.097172,-0.095564,-0.063655,-0.050018,1.4e-05,0.003931
0,-0.053107,0.164136,-0.03862,0.203795,-0.056945,0.161363,0.000927,0.003931
0,0.141321,0.01939,0.202796,-0.123046,0.174529,-0.141589,0.002467,0.003931
0,0.133136,-0.069254,0.016106,-0.100696,-0.00742,-0.115747,0.002324,0.003931
0,-0.106452,-0.099513,-0.242954,-0.045777,-0.221217,-0.042598,0.001858,0.003931
0,-0.060822,-0.047371,0.039431,0.027689,-0.008463,0.057045,0.001062,0.003931
0,0.006889,-0.050529,0.038313,0.024304,0.062831,0.001705,0.00012,0.003931
0,-0.078078,0.072252,-0.097409,0.110416,-0.088002,0.109807,0.001363,0.003931
0,-0.075745,0.07223,-0.014328,0.026867,0.018681,-0.00465,0.001322,0.003931
0,0.13148,-0.025129,0.182855,-0.094848,0.171973,-0.128571,0.002295,0.003931
0,0.098263,-0.066155,-0.01487,-0.012312,-0.038869,-0.054194,0.001715,0.003931
0,0.059962,-0.048649,-0.044682,0.010487,-0.004231,0.039165,0.001047,0.003931
0,0.065858,0.149036,0.031032,0.171266,0.009417,0.207335,0.001149,0.003931
0,-0.15987,0.072933,-0.212697,-0.097809,-0.20543,-0.093935,0.00279,0.003931
0,-0.127875,0.099104,0.040701,0.00131,0.004041,-0.015101,0.002232,0.003931
0,-0.106562,0.16555,0.023666,0.053656,-0.01043,0.089898,0.00186,0.003931
0,0.022402,0.09547,0.144605,-0.056558,0.163216,-0.031927,0.000391,0.003931
0,0.033512,-0.069249,0.030233,-0.148027,0.079613,-0.143443,0.000585,0.003931
0,-0.08868,0.0589,-0.136497,0.139416,-0.162325,0.167124,0.001548,0.003931
0,-0.039049,-0.080559,0.070273,-0.139147,0.077403,-0.178871,0.000682,0.003931
0,-0.116485,-0.058898,-0.072881,0.025642,-0.028494,0.043128,0.002033,0.003931
0,-0.076734,0.08367,0.010439,0.113774,-0.028312,0.115029,0.001339,0.003931
0,0.030173,-0.069132,0.107127,-0.16016,0.118526,-0.178442,0.000527,0.003931
0,0.176614,-0.139235,0.127417,-0.068856,0.164921,-0.020281,0.003083,0.003931
0,0.11437,-0.139532,-0.08907,-0.02306,-0.053701,-0.066497,0.001996,0.003931
0,0.100868,-0.137439,-0.0306,-0.02692,-0.014567,-0.076521,0.00176,0.003931
0,-0.035307,0.061071,-0.116104,0.170366,-0.119524,0.157012,0.000616,0.003931
0,0.028682,-0.15518,0.084939,-0.192879,0.059465,-0.1559,0.000501,0.003931
0,-0.098313,0.02024,-0.142078,0.169615,-0.097519,0.119669,0.001716,0.003931
0,0.003744,-0.109455,0.102324,-0.157099,0.07297,-0.200572,6.5e-05,0.003931
0,0.032409,-0.101097,0.024134,0.000746,-0.016994,-0.004706,0.000566,0.003931
0,-0.045853,-0.066864,-0.056427,0.063375,-0.08672,0.077926,0.0008,0.003931
0,-0.080677,-0.025533,-0.026048,0.02589,-0.025122,0.031255,0.001408,0.003931
0,0.011267,-0.083157,0.119911,-0.078342,0.089018,-0.112116,0.000197,0.003931
0,-0.048358,0.04718,-0.078107,0.142504,-0.096387,0.157795,0.000844,0.003931
0,0.074111,0.096143,0.110836,0.023122,0.093352,0.046322,0.001293,0.003931
0,0.025038,0.112334,-0.057654,0.035301,-0.026511,0.053859,0.000437,0.003931
0,0.136419,0.024427,0.095797,-0.101125,0.055529,-0.094235,0.002381,0.003931
0,0.049938,-0.142152,-0.074696,-0.178147,-0.065615,-0.172782,0.000872,0.003931
0,-0.069975,-0.04454,-0.14838,0.126731,-0.194947,0.108817,0.001221,0.003931
0,0.011968,-0.060849,0.077402,-0.005299,0.061431,-0.021617,0.000209,0.003931
0,0.046483,0.009538,0.06246,0.086095,0.013652,0.083172,0.000811,0.003931
0,-0.128221,-0.012972,-0.179802,-0.044335,-0.191772,-0.02775,0.002238,0.003931
0,0.018832,-0.027925,0.146881,0.001694,0.15626,-0.014267,0.000329,0.003931
0,0.155086,-0.1481,0.147839,-0.125985,0.19481,-0.109132,0.002707,0.003931
0,-0.064327,-0.190268,-0.217882,-0.042561,-0.228712,-0.018674,0.001123,0.003931
0,0.022654,0.001606,0.096994,0.185998,0.109009,0.208319,0.000395,0.003931
0,0.210687,-0.103129,0.206597,-0.122603,0.220705,-0.138367,0.003677,0.003931
0,-0.019597,-0.052984,-0.214216,0.059324,-0.234359,0.041877,0.000342,0.003931
0,0.098196,0.016156,0.119244,0.077673,0.091563,0.125844,0.001714,0.003931
0,0.046444,-0.032931,-0.059909,-0.073172,-0.03225,-0.026961,0.000811,0.003931
0,0.169798,-0.073804,0.112926,-0.060098,0.154692,-0.080799,0.002964,0.003931
0,0.097985,-0.183347,-0.047071,-0.101656,-0.00689,-0.060527,0.00171,0.003931
0,0.032539,-0.050685,-0.078298,0.117908,-0.122417,0.076549,0.000568,0.003931
0,0.069762,-0.123939,0.060788,-0.063469,0.053899,-0.107318,0.001218,0.003931
0,-0.114387,-0.150062,-0.176846,-0.027119,-0.220207,-0.066273,0.001996,0.003931
0,0.043379,-0.116552,0.156222,0.040131,0.202077,0.050318,0.000757,0.003931
0,-0.086253,-0.205919,-0.121049,-0.088097,-0.129529,-0.097711,0.001505,0.003931
0,-0.01914,-0.134739,0.085451,0.078501,0.122512,0.119578,0.000334,0.003931
0,-0.205965,-0.125038,-0.214829,-0.014336,-0.255806,-0.01612,0.003595,0.003931
0,-0.021868,-0.0567,0.196025,0.070702,0.214724,0.081879,0.000382,0.003931
0,-0.148062,-0.045062,-0.145177,0.040957,-0.172642,-0.007425,0.002584,0.003931
0,-0.070005,-0.129855,0.074623,-0.112015,0.077154,-0.120343,0.001222,0.003931
0,-0.267759,0.018101,-0.207432,0.175557,-0.170056,0.174099,0.004673,0.003931
0,-0.180117,-0.118208,0.082927,-0.148088,0.051041,-0.141811,0.003144,0.003931
0,-0.148935,-0.228293,0.007007,-0.101139,-0.028793,-0.116087,0.002599,0.003984
0,-0.096639,-0.278429,0.051424,-0.040942,0.100921,-0.025658,0.001687,0.00486
0,0.018879,-0.126011,0.101546,0.160494,0.138101,0.146221,0.000329,0.003931
0,-0.156284,-0.291609,-0.169142,-0.146438,-0.156381,-0.179957,0.002728,0.00509
0,-0.038829,-0.054198,0.094402,0.215562,0.054818,0.212932,0.000678,0.003931
0,0.045274,-0.041876,0.055033,-0.015928,0.043913,0.010022,0.00079,0.003931
0,0.0632,0.028463,0.039045,0.100126,0.016833,0.072017,0.001103,0.003931
0,-0.089535,-0.229311,-0.146413,-0.235335,-0.184159,-0.237704,0.001563,0.004002
0,0.066405,-0.01523,0.168921,0.237135,0.211662,0.261922,0.001159,0.003931
0,0.060739,-0.112378,-0.02833,-0.109874,0.004732,-0.141939,0.00106,0.003931
0,-0.042741,-0.056984,-0.082346,0.039679,-0.076387,-0.001167,0.000746,0.003931
0,0.07536,-0.053901,0.088367,0.019915,0.069139,0.064471,0.001315,0.003931
0,0.018758,-0.081617,-0.038645,-0.01783,0.005794,-0.062227,0.000327,0.003931
0,-0.019196,-0.17733,-0.027406,-0.120239,0.006283,-0.086956,0.000335,0.003931
0,0.186065,0.000182,0.181867,0.205748,0.137412,0.216367,0.003247,0.003931
0,-0.075334,-0.084957,-0.245246,-0.061319,-0.228595,-0.052708,0.001315,0.003931
0,0.03617,-0.129275,0.091128,-0.063246,0.081442,-0.068528,0.000631,0.003931
0,0.028343,-0.049421,-0.019241,0.093702,0.022561,0.080561,0.000495,0.003931
0,-0.049173,0.080313,-0.050859,0.112981,-0.042833,0.103724,0.000858,0.003931
0,0.160295,-0.048015,0.206707,-0.104547,0.241328,-0.088031,0.002798,0.003931
0,0.08593,-0.101625,-0.071714,-0.048759,-0.041317,-0.049672,0.0015,0.003931
0,0.063217,-0.049587,-0.023317,0.067262,-0.052512,0.058813,0.001103,0.003931
0,0.106351,0.034119,0.044129,0.067441,0.092864,0.025244,0.001856,0.003931
0,0.103238,0.177971,0.019425,0.124924,0.039435,0.145891,0.001802,0.003931
0,0.049405,-0.030839,-0.063461,-0.20296,-0.071781,-0.170074,0.000862,0.003931
0,0.089474,0.165351,0.037922,0.173833,-0.010805,0.173362,0.001562,0.003931
0,0.108551,-0.126186,0.015188,-0.303536,-0.022801,-0.335854,0.001895,0.003931
0,-0.102207,-0.024686,-0.188411,0.102039,-0.195619,0.100861,0.001784,0.003931
0,-0.092227,0.04655,0.003067,0.100144,-0.046124,0.089774,0.00161,0.003931
0,-0.075671,0.022585,0.030206,-0.04655,0.079907,-0.056409,0.001321,0.003931
0,0.20593,-0.02538,0.299287,-0.047747,0.267369,-0.076545,0.003594,0.003931
0,0.136698,-0.10131,-0.053647,-0.093239,-0.058282,-0.138267,0.002386,0.003931
0,-0.028503,-0.135428,-0.19103,-0.041275,-0.166308,-0.010443,0.000497,0.003931
0,0.121739,-0.077563,0.147984,0.036234,0.122823,0.008556,0.002125,0.003931
0,0.032693,0.113512,-0.066161,0.174804,-0.057071,0.157501,0.000571,0.003931
0,0.198448,0.086371,0.182535,0.002232,0.147408,-0.021211,0.003464,0.003931
0,0.049973,0.086488,-0.175221,0.018148,-0.198588,0.062483,0.000872,0.003931
0,-0.091836,-0.023803,-0.145216,-0.082302,-0.155792,-0.045764,0.001603,0.003931
0,0.096261,-0.088713,0.194663,-0.077802,0.177997,-0.124295,0.00168,0.003931
0,0.120106,0.154628,0.018899,0.216995,0.060726,0.249887,0.002096,0.003931
0,0.17265,0.121035,0.057886,-0.012525,0.053609,-0.060043,0.003013,0.003931
0,-0.151934,0.130621,-0.295984,0.024469,-0.305712,0.072467,0.002652,0.003931
0,0.08881,0.004231,0.211102,-0.122446,0.175212,-0.108627,0.00155,0.003931
0,0.027437,0.058217,-0.067801,0.059637,-0.052979,0.040902,0.000479,0.003931
0,-0.000405,0.044282,0.001936,0.010534,9.2e-05,-0.035539,7e-06,0.003931
0,-0.061873,0.079349,-0.091146,0.041397,-0.075742,0.007032,0.00108,0.003931
0,-0.047188,0.129444,0.011646,0.079244,0.041388,0.106788,0.000824,0.003931
0,-0.128731,0.071286,-0.058201,-0.064202,-0.095691,-0.033695,0.002247,0.003931
0,-0.066953,0.11437,0.075059,0.021414,0.116434,-0.014641,0.001169,0.003931
0,0.115686,0.147896,0.198713,0.011341,0.178905,-0.006322,0.002019,0.003931
0,-0.095964,0.03776,-0.20076,-0.088762,-0.165115,-0.069015,0.001675,0.003931
0,-0.046145,-0.021111,0.068322,-0.047209,0.066012,-0.015088,0.000805,0.003931
0,-0.054409,-0.021364,-0.005502,3.3e-05,0.027896,0.037713,0.00095,0.003931
0,0.032076,0.017915,0.092255,0.03973,0.052164,0.077867,0.00056,0.003931
0,0.040841,0.160609,0.024266,0.159033,0.029636,0.122573,0.000713,0.003931
0,-0.153061,0.09376,-0.188209,-0.082857,-0.161794,-0.084144,0.002671,0.003931
0,0.022855,-0.021607,0.159328,-0.113178,0.185668,-0.069392,0.000399,0.003931
0,0.032671,-0.123618,0.009837,-0.125428,0.049774,-0.092897,0.00057,0.003931
0,0.037214,0.038964,-0.024461,0.152286,-0.035362,0.103399,0.00065,0.003931
0,-0.082866,0.032868,-0.121585,0.000921,-0.115082,-0.004959,0.001446,0.003931
0,0.022595,0.055825,0.076267,-0.003514,0.083747,0.04639,0.000394,0.003931
0,0.025749,0.141777,0.015243,0.090558,-0.017903,0.078525,0.000449,0.003931
0,-0.095578,0.011494,-0.122725,-0.113846,-0.098258,-0.162909,0.001668,0.003931
0,0.151861,-0.168663,0.268895,-0.182258,0.309621,-0.186304,0.00265,0.003931
0,0.123217,-0.040127,-0.055911,0.141502,-0.047984,0.164927,0.002151,0.003931
0,0.058515,-0.199984,-0.071217,-0.158965,-0.086851,-0.199801,0.001021,0.003931
0,0.085946,0.033154,0.056821,0.261443,0.009607,0.249804,0.0015,0.003931
0,-0.045812,-0.137905,-0.106837,-0.161604,-0.151699,-0.116221,0.0008,0.003931
0,-0.040714,-0.053188,0.03108,0.111826,-0.013242,0.096104,0.000711,0.003931
0,-0.001943,-0.195483,0.025097,-0.130088,0.055369,-0.153313,3.4e-05,0.003931
0,0.112955,-0.149028,0.128995,0.059612,0.113186,0.049863,0.001971,0.003931
0,0.138509,0.034273,0.000781,0.200648,-0.041109,0.16287,0.002417,0.003931
0,-0.00126,-0.134121,-0.155166,-0.188996,-0.113266,-0.156564,2.2e-05,0.003931
0,0.141269,0.053422,0.165139,0.170705,0.134318,0.124906,0.002466,0.003931
0,0.052447,-0.183711,-0.064299,-0.236141,-0.087608,-0.218545,0.000915,0.003931
0,0.243263,0.046538,0.162628,0.220064,0.19831,0.242987,0.004246,0.003931
0,0.040501,0.046913,-0.202911,0.020985,-0.237145,-0.000574,0.000707,0.003931
0,0.148114,-0.074867,0.12101,-0.14183,0.135956,-0.094857,0.002585,0.003931
0,0.113055,0.077424,-0.011746,0.134573,0.001051,0.176452,0.001973,0.003931
0,0.094413,-0.146723,-0.046764,-0.250704,-0.066146,-0.256217,0.001648,0.003931
0,0.214892,0.008028,0.140858,0.155791,0.127254,0.191189,0.003751,0.003931
0,0.035143,0.035911,-0.168583,0.034726,-0.215191,0.056481,0.000613,0.003931
0,0.163463,-0.023662,0.151639,-0.034471,0.178915,-0.078533,0.002853,0.003931
0,-0.019757,-0.068562,-0.201011,-0.069695,-0.185595,-0.107666,0.000345,0.003931
0,0.072686,-0.109435,0.101513,-0.049124,0.101932,-0.0712,0.001269,0.003931
0,0.014584,-0.15174,-0.075471,-0.0322,-0.08764,0.004391,0.000255,0.003931
0,0.032767,-0.110677,0.029836,0.05978,0.01485,0.055713,0.000572,0.003931
0,0.175972,0.009426,0.123007,0.124742,0.158328,0.174149,0.003071,0.003931
0,0.15357,0.086351,-0.0046,0.053211,0.02478,0.092903,0.00268,0.003931
0,0.055245,-0.054793,-0.117767,-0.169406,-0.153866,-0.207833,0.000964,0.003931
0,-0.059914,-0.11321,-0.140121,-0.029733,-0.119623,-0.016155,0.001046,0.003931
0,0.012602,-0.125017,0.061795,-0.038226,0.039591,-0.072521,0.00022,0.003931
0,-0.001571,-0.084144,-0.009031,0.039045,-0.01629,0.036104,2.7e-05,0.003931
0,0.07265,-0.033978,0.071866,0.065946,0.070467,0.065475,0.001268,0.003931
0,0.208232,-0.081914,0.133805,-0.032346,0.1488,-0.064067,0.003634,0.003931
0,0.160251,-0.04785,-0.067071,0.050249,-0.058163,0.082866,0.002797,0.003931
0,0.106932,-0.048238,-0.058163,-0.007074,-0.083239,0.029441,0.001866,0.003931
0,-0.146338,0.028729,-0.280321,0.069739,-0.312324,0.11937,0.002554,0.003931
0,-0.171588,0.001092,-0.031278,-0.039515,-0.053636,-0.012568,0.002995,0.003931
0,-0.177971,-0.093721,-0.018549,-0.118846,-0.048631,-0.122519,0.003106,0.003931
0,-0.230806,-0.157617,-0.067783,-0.050901,-0.083665,-0.043654,0.004028,0.003931
0,-0.137181,-0.102875,0.122173,0.042589,0.093505,0.034628,0.002394,0.003931
0,-0.167513,-0.008097,-0.040895,0.114714,-0.012832,0.121458,0.002924,0.003931
0,0.043563,-0.160884,0.184874,-0.125137,0.14748,-0.085461,0.00076,0.003931
0,-0.115793,-0.098993,-0.15558,0.067366,-0.15882,0.077579,0.002021,0.003931
0,-0.187841,-0.179231,-0.08079,-0.063348,-0.110556,-0.110118,0.003278,0.003931
0,-0.253886,0.045377,-0.060501,0.194988,-0.055015,0.17857,0.004431,0.003931
0,-0.08138,-0.118732,0.202355,-0.15712,0.176497,-0.142469,0.00142,0.003931
0,-0.158705,0.109873,-0.050792,0.210277,-0.087952,0.213892,0.00277,0.003931
0,0.962387,0.127119,1.094563,0.022625,1.078377,0.009714,0.005045,0.003931
0,2.258233,-0.011567,1.313389,-0.157063,1.302731,-0.18067,0.004158,0.003931
0,3.799451,0.099377,1.512096,0.135572,1.475739,0.148888,0.004197,0.003931
0,2.931692,-0.122207,-0.890968,-0.209516,-0.935895,-0.20435,0.004161,0.003931
0,2.03341,-0.097543,-0.883808,0.003539,-0.839084,-0.04188,0.000235,0.003931
0,1.164885,0.0423,-0.866656,0.12253,-0.851695,0.090946,0.003172,0.003931
0,0.010066,0.030521,-1.163703,-0.012357,-1.174959,-0.019566,0.000176,0.003931
0,-0.35902,0.020922,-0.348727,-0.035457,-0.354142,-0.062188,0.005486,0.003931
0,-0.457437,-0.140833,-0.069574,-0.132731,-0.064004,-0.167915,0.003768,0.003931
0,-0.447166,-0.19491,0.018153,-0.052603,0.029107,-0.060144,0.003947,0.003931
0,-0.23212,-0.040497,0.201443,0.148934,0.20239,0.198131,0.004051,0.003931
0,-0.25616,0.040803,-0.00931,0.103181,0.008706,0.063545,0.004471,0.003931
0,-0.219695,-0.117963,0.052584,-0.155197,0.031074,-0.195749,0.003834,0.003931
0,1.207722,-2.126658,1.42144,-1.999138,1.405771,-1.962924,0.002425,0.001862
0,1.946281,-2.206666,0.762933,-0.07398,0.7992,-0.060333,0.001286,0.003258
0,2.572941,-2.106822,0.624063,0.107649,0.652809,0.144354,0.0021,0.001516
0,2.854063,-1.905787,0.272111,0.207386,0.271618,0.230151,0.002806,0.001993
0,2.379962,-1.081535,-0.466049,0.840845,-0.489488,0.816226,0.005469,0.004627
0,1.622977,-0.801242,-0.766105,0.298587,-0.808435,0.286079,0.004823,0.002233
0,1.192255,-0.65705,-0.40921,0.119778,-0.393333,0.167386,0.002695,0.000284
0,0.598416,-0.348426,-0.585183,0.337671,-0.552,0.305825,0.001307,0.005671
0,0.194991,-0.19539,-0.416459,0.12902,-0.385679,0.173712,0.003403,0.00341
0,-0.045508,-0.025269,-0.22524,0.175738,-0.250765,0.156819,0.000794,0.000441
0,0.067585,0.128628,0.088748,0.174661,0.0402,0.170602,0.00118,0.002245
0,-0.245284,0.373177,-0.334016,0.266842,-0.369852,0.230482,0.004281,0.005239
0,-0.171197,0.098798,0.100315,-0.288879,0.065448,-0.298454,0.002988,0.001724
0,-0.169564,0.218174,-0.008395,0.116341,0.01502,0.136078,0.002959,0.003808
0,-0.324314,0.1274,-0.148483,-0.082882,-0.1373,-0.079677,0.00566,0.002224
0,-0.184784,0.246805,0.162815,0.147182,0.212496,0.167659,0.003225,0.004308
0,-0.197762,0.20784,-0.015687,-0.058777,-0.053872,-0.101945,0.003452,0.003627
0,-0.166733,0.016276,0.040409,-0.191225,0.025742,-0.185249,0.00291,0.000284
0,-0.290336,0.09213,-0.105017,0.066022,-0.062825,0.089021,0.005067,0.001608
0,-0.243989,-0.017837,0.044912,-0.139412,0.058507,-0.107761,0.004258,0.000311
0,-0.18694,0.018472,0.063316,0.044231,0.021045,0.024893,0.003263,0.000322
0,-0.454396,0.203606,-0.243926,0.200592,-0.228265,0.245926,0.003821,0.003554
0,-0.279875,0.050488,0.197844,-0.15805,0.241308,-0.150531,0.004885,0.000881
0,-0.106738,0.120292,0.183614,0.076994,0.23153,0.0941,0.001863,0.002099
0,-0.302906,0.014864,-0.188431,-0.077009,-0.156134,-0.106954,0.005287,0.000259
0,-0.281262,0.107455,0.004066,0.102899,0.021561,0.135968,0.004909,0.001875
0,-0.098556,0.091251,0.198168,-0.012457,0.172802,-0.045372,0.00172,0.001593
0,-0.14092,0.239289,-0.049848,0.164607,-0.046071,0.167372,0.00246,0.004176
0,-0.271704,0.150736,-0.10814,-0.099893,-0.142776,-0.074904,0.004742,0.002631
0,-0.014483,0.129847,0.277673,-0.013711,0.240153,-0.032088,0.000253,0.002266
0,-0.184073,0.02969,-0.143917,-0.079002,-0.176359,-0.04785,0.003213,0.000518
0,-0.186986,0.219604,-0.010219,0.183079,0.034879,0.169452,0.003264,0.003833
0,-0.025062,0.183441,0.151742,-0.047023,0.191463,-0.080626,0.000437,0.003202
0,-0.134494,0.137134,-0.094437,-0.019661,-0.115489,-0.06382,0.002347,0.002393
0,0.014464,0.228025,0.176173,0.084259,0.139731,0.103245,0.000252,0.00398
0,-0.057729,0.225945,-0.060921,0.004945,-0.086479,0.041881,0.001008,0.003943
0,-0.146337,0.175439,-0.089795,-0.032569,-0.100595,-0.037476,0.002554,0.003062
0,-0.167349,0.040841,-0.043229,-0.110237,-0.073945,-0.085144,0.002921,0.000713
0,-0.177233,-0.019403,-0.028831,-0.071566,-0.075049,-0.092616,0.003093,0.000339
0,0.100219,0.139345,0.264256,0.132193,0.299289,0.149079,0.001749,0.002432
0,0.019282,0.090062,-0.061762,-0.020302,-0.014104,0.00679,0.000337,0.001572
0,-0.046454,-0.086975,-0.042937,-0.201835,-0.068753,-0.154537,0.000811,0.001518
0,-0.002169,0.029866,0.035651,0.098963,0.003488,0.098955,3.8e-05,0.000521
0,-0.129402,0.060281,-0.148813,0.008744,-0.117499,-0.033858,0.002258,0.001052
0,-0.066703,0.083083,0.061881,0.004333,0.056319,0.007787,0.001164,0.00145
0,-0.112697,0.007347,-0.058134,-0.080297,-0.091233,-0.100845,0.001967,0.000128
0,-0.151588,0.132715,-0.012942,0.105767,0.008851,0.122506,0.002646,0.002316
0,-0.097723,-0.12494,0.02846,-0.264543,0.074598,-0.272634,0.001706,0.002181
0,0.03964,-0.04074,0.120206,0.099958,0.122757,0.107819,0.000692,0.000711
0,-0.155804,-0.129377,-0.176233,-0.069954,-0.203658,-0.066116,0.002719,0.002258
0,0.044079,0.100441,0.176717,0.234856,0.209129,0.224816,0.000769,0.001753
0,0.115991,0.115204,0.068234,0.01647,0.113802,-0.010742,0.002024,0.002011
0,-0.199125,-0.08367,-0.326058,-0.181062,-0.352324,-0.156551,0.003475,0.00146
0,-0.06534,0.097576,0.159141,0.167829,0.151766,0.193346,0.00114,0.001703
0,-0.023592,0.052969,0.059566,-0.061824,0.072173,-0.02124,0.000412,0.000924
0,-0.065215,0.006439,-0.045473,-0.050968,-0.042573,-0.042615,0.001138,0.000112
0,-0.056648,0.04568,-0.016636,0.032107,-0.025955,0.023328,0.000989,0.000797
0,-0.079584,-0.128526,-0.033366,-0.156614,-0.075754,-0.167683,0.001389,0.002243
0,0.037274,-0.152451,0.145476,-0.049992,0.096763,-0.026108,0.000651,0.002661
0,-0.03077,0.013389,-0.062982,0.162975,-0.094035,0.190677,0.000537,0.000234
0,0.103247,0.117655,0.147271,0.077149,0.12196,0.045107,0.001802,0.002053
0,0.109507,0.088847,-0.016325,-0.039528,0.00026,-0.028127,0.001911,0.001551
0,0.180979,-0.103023,0.048384,-0.21252,0.024392,-0.256384,0.003159,0.001798
0,-0.04168,-0.005963,-0.213567,0.118679,-0.169068,0.099442,0.000727,0.000104
0,0.051846,-0.20623,0.095578,-0.1729,0.085746,-0.129031,0.000905,0.003599
0,0.166847,-0.18155,0.103723,0.013701,0.128243,0.06188,0.002912,0.003169
0,-0.003969,-0.135953,-0.166543,0.05211,-0.177386,0.013391,6.9e-05,0.002373
0,0.131314,-0.030403,0.160714,0.124742,0.152523,0.111841,0.002292,0.000531
0,-0.013969,-0.198255,-0.126038,-0.18257,-0.148377,-0.137308,0.000244,0.00346
0,0.135725,-0.075208,0.170574,0.132761,0.190704,0.129894,0.002369,0.001313
0,0.015449,-0.126717,-0.099481,-0.064393,-0.148955,-0.023019,0.00027,0.002212
0,0.023704,-0.211616,0.009535,-0.114173,-0.032479,-0.134795,0.000414,0.003693
0,-0.00791,-0.159557,-0.023953,0.080586,-0.011462,0.108155,0.000138,0.002785
0,0.224875,-0.225326,0.257956,-0.069059,0.20882,-0.022506,0.003925,0.003933
0,0.198882,-0.198687,-0.046085,0.012747,-0.044239,-0.023889,0.003471,0.003468
0,-0.021954,-0.164819,-0.210013,0.026236,-0.184421,0.064898,0.000383,0.002877
0,0.159488,-0.172336,0.193291,-0.000453,0.193129,0.007358,0.002784,0.003008
0,-0.032672,-0.159445,-0.203908,0.041326,-0.158839,0.03302,0.00057,0.002783
0,-0.02957,-0.002258,0.016452,0.153376,0.048152,0.134157,0.000516,3.9e-05
0,0.022947,-0.014415,0.030298,-0.014173,0.05577,0.016683,0.0004,0.000252
0,-0.152653,-0.176517,-0.152492,-0.190702,-0.175168,-0.209209,0.002664,0.003081
0,-0.040944,0.018798,0.118714,0.223748,0.092601,0.225228,0.000715,0.000328
0,-0.019501,-0.114755,0.04227,-0.131457,0.074398,-0.12277,0.00034,0.002003
0,0.080059,-0.246224,0.106964,-0.110006,0.115483,-0.076137,0.001397,0.004297
0,0.150548,0.011422,0.046008,0.26708,0.088997,0.268141,0.002628,0.000199
0,-0.032226,-0.13118,-0.167398,-0.167015,-0.153957,-0.166866,0.000562,0.00229
0,0.045846,0.045564,0.060356,0.186801,0.079102,0.143957,0.0008,0.000795
0,-0.161631,0.04029,-0.205934,-0.011689,-0.178125,-0.058678,0.002821,0.000703
0,0.141235,-0.033639,0.284507,-0.045078,0.319194,-0.069277,0.002465,0.000587
0,-0.095975,-0.100459,-0.212328,-0.072891,-0.243124,-0.054244,0.001675,0.001753
0,-0.099989,-0.091664,-0.017542,0.034832,-0.017785,0.034784,0.001745,0.0016
0,-0.052955,-0.107323,0.031618,0.002861,0.03371,0.021522,0.000924,0.001873
0,-0.154767,-0.188175,-0.07989,-0.07716,-0.077918,-0.087516,0.002701,0.003284
0,-0.106648,-0.076475,0.043594,0.119804,0.076787,0.168017,0.001861,0.001335
0,-0.163615,-0.034519,-0.03398,0.051845,-0.026363,0.081936,0.002856,0.000602
0,0.069811,-0.109313,0.246934,-0.064296,0.216384,-0.077343,0.001218,0.001908
0,-0.053319,-0.060435,-0.111464,0.057259,-0.158177,0.106439,0.000931,0.001055
0,0.088459,-0.073135,0.15758,-0.008615,0.127096,-0.020101,0.001544,0.001276
0,0.097695,-0.093609,0.01372,-0.043906,-0.033667,8.8e-05,0.001705,0.001634
0,-0.17111,0.017112,-0.257628,0.093468,-0.220057,0.098944,0.002986,0.000299
0,-0.013189,0.071686,0.146073,0.083922,0.150763,0.044983,0.00023,0.001251
0,0.058935,-0.123593,0.095556,-0.218636,0.141054,-0.253454,0.001029,0.002157
0,-0.043569,-0.062448,-0.100481,0.034599,-0.065365,-0.011281,0.00076,0.00109
0,-0.040964,0.010036,0.023418,0.057931,0.01616,0.022401,0.000715,0.000175
0,-0.112514,0.085308,-0.092254,0.085676,-0.122075,0.133043,0.001964,0.001489
0,0.076502,-0.093207,0.216641,-0.1591,0.24743,-0.165652,0.001335,0.001627
0,0.021389,-0.2144,-0.042195,-0.113542,-0.085599,-0.121312,0.000373,0.003742
0,-0.059747,-0.164333,-0.068537,0.034692,-0.038391,0.059366,0.001043,0.002868
0,-0.125136,-0.013488,-0.05055,0.15782,-0.098395,0.121974,0.002184,0.000235
0,0.153782,-0.054357,0.305333,-0.057666,0.279527,-0.040266,0.002684,0.000949
0,0.119354,-0.009296,-0.040078,0.032393,-0.054796,0.074318,0.002083,0.000162
0,-0.000575,-0.196081,-0.094208,-0.202522,-0.120478,-0.158153,1e-05,0.003422
0,0.031209,-0.100312,0.049964,0.121686,0.036229,0.108032,0.000545,0.001751
0,0.088769,-0.006087,0.042082,0.085205,0.010585,0.051236,0.001549,0.000106
0,-0.122587,-0.184941,-0.235925,-0.149977,-0.224119,-0.143246,0.00214,0.003228
0,-0.173815,-0.15336,-0.071092,0.023101,-0.113121,0.011506,0.003034,0.002677
0,-0.124444,-0.046737,0.067475,0.086194,0.037948,0.095586,0.002172,0.000816
0,-0.178195,-0.073663,-0.070071,-0.031353,-0.026103,-0.037515,0.00311,0.001286
0,-0.11737,-0.070099,0.071043,0.016465,0.035555,0.065089,0.002048,0.001223
0,0.006861,-0.115838,0.149404,-0.047588,0.171569,-0.009172,0.00012,0.002022
0,-0.093212,0.004471,-0.099323,0.136651,-0.134897,0.16851,0.001627,7.8e-05
0,0.065818,-0.179782,0.16026,-0.190451,0.18338,-0.213362,0.001149,0.003138
0,-0.12876,-0.171529,-0.175213,-0.00454,-0.159362,-0.021448,0.002247,0.002994
0,-0.145982,-0.023294,-0.027086,0.150159,0.020673,0.116363,0.002548,0.000407
0,-0.077731,-0.022398,0.057702,-0.01566,0.063291,-0.058561,0.001357,0.000391
0,0.084354,-0.193299,0.189541,-0.160737,0.227463,-0.172113,0.001472,0.003374
0,-0.111848,-0.076864,-0.189366,0.096538,-0.173945,0.081319,0.001952,0.001342
0,0.02638,0.071593,0.145842,0.176588,0.106565,0.190883,0.00046,0.00125
0,-0.043892,-0.080592,-0.087845,-0.160901,-0.062044,-0.17258,0.000766,0.001407
0,-0.061282,-0.222413,-0.006526,-0.134712,-0.037755,-0.123248,0.00107,0.003882
0,-0.049801,-0.056362,-0.000454,0.139752,-0.01565,0.095449,0.000869,0.000984
0,-0.008513,-0.0837,0.057126,-0.018174,0.100223,-0.045452,0.000149,0.001461
0,-0.028122,-0.123936,-0.013864,-0.068454,-0.007875,-0.028927,0.000491,0.002163
0,-0.194575,-0.025894,-0.137481,0.078489,-0.091937,0.123653,0.003396,0.000452
0,0.045543,0.054207,0.242927,0.065393,0.284528,0.078485,0.000795,0.000946
0,0.007126,0.130738,-0.021846,0.090468,-0.065077,0.055612,0.000124,0.002282
0,-0.034136,-0.055946,-0.066821,-0.160311,-0.098205,-0.170337,0.000596,0.000976
0,0.135712,-0.022423,0.187826,0.054442,0.230111,0.081829,0.002369,0.000391
0,-0.010679,-0.050663,-0.152167,-0.032617,-0.136269,-0.038312,0.000186,0.000884
0,0.060367,-0.046167,0.097443,-0.016352,0.104315,0.018422,0.001054,0.000806
0,-0.056193,0.140439,-0.134874,0.169303,-0.131529,0.18709,0.000981,0.002451
0,-0.117564,0.065446,-0.04954,-0.090722,-0.052054,-0.120387,0.002052,0.001142
0,0.031955,-0.153122,0.128299,-0.228349,0.170117,-0.200127,0.000558,0.002672
0,-0.159279,-0.150966,-0.175453,0.013226,-0.199751,0.024627,0.00278,0.002635
0,-0.220847,0.088338,-0.06696,0.212376,-0.091321,0.244397,0.003855,0.001542
0,-0.13498,0.046611,0.06244,-0.042231,0.110434,-0.087867,0.002356,0.000814
0,-0.061983,0.117068,0.070345,0.058757,0.022174,0.032744,0.001082,0.002043
0,-0.026705,0.054488,0.053013,-0.04137,0.073348,0.005014,0.000466,0.000951
0,-0.165612,-0.002371,-0.13577,-0.066841,-0.097834,-0.045586,0.00289,4.1e-05
0,-0.119654,-0.117263,0.05273,-0.094863,0.022279,-0.090021,0.002088,0.002047
0,0.117462,-0.179345,0.229104,-0.060572,0.256107,-0.086959,0.00205,0.00313
0,-0.037125,0.071136,-0.182598,0.245792,-0.202891,0.236622,0.000648,0.001242
0,0.030204,-0.061277,0.047811,-0.14377,0.080413,-0.166746,0.000527,0.001069
0,-0.024325,0.07607,-0.045224,0.167241,-0.034372,0.201052,0.000425,0.001328
0,0.015799,0.082699,0.037915,-0.015242,0.071986,-0.009345,0.000276,0.001443
0,-0.044193,0.109121,-0.088188,0.02994,-0.10408,0.027062,0.000771,0.001905
0,-0.017609,-0.006207,0.030275,-0.10156,0.032454,-0.06252,0.000307,0.000108
0,-0.143031,-0.11341,-0.110275,-0.112325,-0.122103,-0.149016,0.002496,0.001979
0,-0.002649,-0.037899,0.127052,0.068722,0.105963,0.049346,4.6e-05,0.000661
0,-0.230177,-0.012809,-0.203339,0.048891,-0.224676,0.010226,0.004017,0.000224
0,-0.234621,-0.114804,0.008912,-0.086491,0.013138,-0.072313,0.004095,0.002004
0,-0.160463,-0.010671,0.059423,0.122458,0.099969,0.10385,0.002801,0.000186
0,-0.165221,0.081727,-0.033795,0.077418,-0.025019,0.08954,0.002884,0.001426
0,-0.066757,0.07501,0.116252,-0.003126,0.091125,-0.018531,0.001165,0.001309
0,-0.004465,-0.180996,0.039209,-0.285022,0.073594,-0.314868,7.8e-05,0.003159
0,-0.011389,-0.0471,-0.010551,0.142121,-0.041482,0.191983,0.000199,0.000822
0,0.021225,-0.099935,0.023136,-0.040675,0.067896,0.00605,0.00037,0.001744
0,-0.130612,0.085898,-0.142468,0.207665,-0.168086,0.217216,0.00228,0.001499
0,-0.130395,-0.035945,-0.028794,-0.103916,-0.021999,-0.123553,0.002276,0.000627
0,0.011835,0.039601,0.124431,0.080866,0.100402,0.120722,0.000207,0.000691
0,-0.239398,-0.118096,-0.253847,-0.128221,-0.220301,-0.155675,0.004178,0.002061
0,-0.032585,-0.02853,0.197346,0.063197,0.223809,0.089453,0.000569,0.000498
0,-0.242611,-0.017391,-0.222242,0.004581,-0.221935,-0.020846,0.004234,0.000304
0,-0.259726,-0.024138,-0.045402,-0.032893,-0.019496,-0.03276,0.004533,0.000421
0,-0.187781,0.054759,0.089503,0.083225,0.044,0.052306,0.003277,0.000956
0,-0.275811,-0.068561,-0.07441,-0.139158,-0.073768,-0.132176,0.004814,0.001197
0,-0.271279,-0.044173,0.030142,0.012795,-0.01875,0.017179,0.004735,0.000771
0,-0.118699,0.094649,0.142277,0.165522,0.185666,0.130857,0.002072,0.001652
0,-0.149822,0.141854,-0.047384,0.051919,-0.045337,0.036701,0.002615,0.002476
0,-0.269462,0.123801,-0.109678,-0.026457,-0.109987,-0.024781,0.004703,0.002161
0,-0.384967,-0.068182,-0.122573,-0.190934,-0.10493,-0.225333,0.005033,0.00119
0,-0.169055,0.114625,0.235238,0.171405,0.201527,0.216087,0.002951,0.002001
0,-0.332493,0.156182,-0.139857,0.02518,-0.097416,0.052091,0.005803,0.002726
0,-0.268126,0.086245,0.035363,-0.099895,0.022159,-0.110345,0.00468,0.001505
0,-0.071572,0.174135,0.208236,0.066313,0.22714,0.042147,0.001249,0.003039
0,-0.191177,-0.105091,-0.114318,-0.260229,-0.088591,-0.282363,0.003337,0.001834
0,-0.156838,-0.084807,0.056449,0.001641,0.035153,-0.02636,0.002737,0.00148
0,-0.115645,-0.076708,0.070943,-0.013302,0.023809,0.011738,0.002018,0.001339
0,-0.124799,0.039707,-0.00871,0.127306,-0.021719,0.091217,0.002178,0.000693
0,-0.094372,0.102411,0.03944,0.07624,-0.002729,0.104036,0.001647,0.001787
0,-0.237289,0.121964,-0.166971,0.009591,-0.198592,-0.039944,0.004141,0.002129
0,-0.259856,0.061773,-0.03395,-0.047152,-0.007062,-0.053777,0.004535,0.001078
0,-0.231291,0.151095,0.034994,0.084725,0.054252,0.067265,0.004037,0.002637
0,-0.293125,-0.012396,-0.068113,-0.142786,-0.101754,-0.183885,0.005116,0.000216
0,-0.207456,0.063701,0.092972,0.097228,0.078069,0.067604,0.003621,0.001112
0,-0.240138,-0.088881,-0.051681,-0.14687,-0.024324,-0.155998,0.004191,0.001551
0,-0.230052,-0.018527,0.000834,0.058101,-0.024576,0.078832,0.004015,0.000323
0,-0.080672,0.135841,0.134918,0.132718,0.161395,0.15221,0.001408,0.002371
0,-0.084272,0.044968,0.010061,-0.108343,0.016084,-0.086345,0.001471,0.000785
0,-0.008132,0.070471,0.054243,0.028327,0.092685,0.074812,0.000142,0.00123
0,-0.059654,0.102172,-0.043064,0.053265,-0.038293,0.030841,0.001041,0.001783
0,-0.165821,-0.016343,-0.134548,-0.107226,-0.181886,-0.146599,0.002894,0.000285
0,-0.167939,-0.048584,0.020722,-0.02094,-0.021057,0.011726,0.002931,0.000848
0,0.022818,-0.054112,0.204803,-0.005047,0.200402,-0.054721,0.000398,0.000944
0,-0.104253,0.094222,-0.149016,0.124948,-0.112949,0.137975,0.00182,0.001644
0,0.0496,-0.08997,0.139674,-0.173283,0.097143,-0.168215,0.000866,0.00157
0,0.084261,0.118102,0.029243,0.201277,-0.004751,0.228547,0.001471,0.002061
0,0.086187,-0.000615,0.014283,-0.148354,0.043568,-0.139127,0.001504,1.1e-05
0,-0.204852,1.8e-05,-0.318775,0.019224,-0.303151,0.041222,0.003575,0.0
0,-0.190408,0.108886,0.004377,0.098474,0.036588,0.094062,0.003323,0.0019
0,0.025261,0.087398,0.24531,0.0042,0.230891,0.047609,0.000441,0.001525
0,-0.101987,-0.059083,-0.147422,-0.119943,-0.139874,-0.094711,0.00178,0.001031
0,-0.000315,-0.031886,0.096364,0.031768,0.058681,-0.00635,5e-06,0.000557
0,-0.022696,0.045405,-0.045143,0.094938,-0.08547,0.139794,0.000396,0.000792
0,-0.032609,0.214439,-0.029686,0.16587,-0.072684,0.116759,0.000569,0.003743
0,-0.222629,-0.00073,-0.178034,-0.232377,-0.143206,-0.247923,0.003886,1.3e-05
0,-0.147882,0.182858,0.081158,0.203544,0.034489,0.183216,0.002581,0.003191
0,0.004325,0.206788,0.140233,0.022863,0.15528,-0.001313,7.5e-05,0.003609
0,-0.037149,0.090059,-0.048104,-0.141631,-0.084768,-0.154377,0.000648,0.001572
0,-0.112918,-0.021652,-0.062306,-0.091014,-0.082087,-0.094844,0.001971,0.000378
0,-0.188066,-0.065938,-0.0791,-0.053175,-0.058274,-0.011461,0.003282,0.001151
0,-0.203139,0.07869,-0.015925,0.121987,-0.026108,0.130376,0.003545,0.001373
0,-0.001012,0.063602,0.172849,-0.043448,0.157213,-0.047693,1.8e-05,0.00111
0,-0.047041,-0.076284,-0.045681,-0.162554,-0.027676,-0.185076,0.000821,0.001331
0,0.032652,0.071965,0.092857,0.120934,0.066605,0.073807,0.00057,0.001256
0,-0.135004,0.124139,-0.160732,0.038777,-0.197113,0.013009,0.002356,0.002167
0,-0.030806,-0.117901,0.09539,-0.248497,0.072807,-0.273184,0.000538,0.002058
0,-0.262205,-0.096374,-0.202924,0.043592,-0.171418,0.049322,0.004576,0.001682
0,-0.080771,-0.039379,0.167724,0.058311,0.134918,0.08328,0.00141,0.000687
0,-0.01697,-0.06499,0.084754,-0.032275,0.115484,-0.058137,0.000296,0.001134
0,-0.194031,0.081619,-0.191466,0.134184,-0.222981,0.180515,0.003386,0.001425
0,-0.225113,0.112653,-0.010706,0.046583,-0.016648,0.042741,0.003929,0.001966
0,-0.268511,-0.104915,-0.046647,-0.189699,-0.080061,-0.186025,0.004686,0.001831
0,-0.125978,0.171544,0.129095,0.277224,0.101734,0.235143,0.002199,0.002994
0,-0.124973,-0.142999,-0.002484,-0.336725,0.046143,-0.365658,0.002181,0.002496
0,2.586271,-0.625845,2.683759,-0.463301,2.652022,-0.492236,0.001868,0.000829
0,3.505392,-1.459151,0.930961,-0.815107,0.943056,-0.800305,0.002422,0.001964
0,3.86554,-2.40263,0.332403,-0.930215,0.326777,-0.972566,0.003044,0.005073
0,3.150776,-2.66937,-0.739801,-0.296413,-0.730126,-0.282644,0.003767,0.000418
0,2.286712,-2.448331,-0.862281,0.195649,-0.836985,0.155802,0.004656,0.004275
0,2.333899,-2.08879,0.030078,0.369955,0.003595,0.349794,0.005479,0.001201
0,1.781795,-1.634148,-0.52864,0.459734,-0.548488,0.438014,0.004157,0.005018
0,1.057662,-1.208262,-0.744792,0.406565,-0.748436,0.380163,0.005044,0.002415
0,0.851725,-0.791326,-0.205265,0.419446,-0.187629,0.457153,0.003114,0.00206
0,0.314425,-0.45037,-0.531936,0.368376,-0.526008,0.415098,0.005488,0.003891
0,0.393506,-0.074884,0.052916,0.359547,0.050834,0.395851,0.004884,0.001307
0,-0.010788,0.443297,-0.399728,0.530671,-0.425586,0.568654,0.000188,0.004015
0,-0.26508,0.356626,-0.229141,-0.062412,-0.275461,-0.036463,0.004627,0.005527
0,-0.076989,0.331584,0.174854,-0.020123,0.20184,-0.040735,0.001344,0.005787
0,-0.100545,0.152173,-0.039478,-0.196215,-0.00111,-0.244124,0.001755,0.002656
0,-0.380797,0.091103,-0.273317,-0.049229,-0.240985,-0.011917,0.005106,0.00159
0,-0.284108,0.114973,0.107389,0.030864,0.150475,0.034966,0.004959,0.002007
0,-0.113522,0.172031,0.154459,0.037786,0.120564,0.032568,0.001981,0.003003
0,-0.248094,0.287002,-0.110304,0.138983,-0.120221,0.171805,0.00433,0.005009
0,-0.313553,0.116759,-0.077798,-0.19236,-0.03289,-0.167415,0.005473,0.002038
0,-0.288231,0.151961,0.048912,0.044445,0.037866,0.010139,0.005031,0.002652
0,-0.147564,0.278492,0.160535,0.142107,0.188925,0.153399,0.002575,0.004861
0,0.014087,0.277739,0.138814,-0.014591,0.184625,-0.049453,0.000246,0.004847
0,-0.244685,0.051594,-0.248637,-0.250008,-0.230809,-0.271806,0.004271,0.0009
0,0.068481,0.152293,0.315699,0.091087,0.351657,0.052261,0.001195,0.002658
0,-0.1922,0.095781,-0.26817,-0.056726,-0.22755,-0.070316,0.003355,0.001672
0,0.079212,0.172719,0.261941,0.064192,0.230344,0.09996,0.001383,0.003015
0,-0.074943,0.068782,-0.131432,-0.104804,-0.146507,-0.116018,0.001308,0.0012
0,0.050979,0.083487,0.152991,0.038981,0.171608,0.049397,0.00089,0.001457
0,-0.134629,0.213664,-0.20501,0.13124,-0.223133,0.086863,0.00235,0.003729
0,-0.045175,0.084057,0.111948,-0.126753,0.159621,-0.126498,0.000788,0.001467
0,-0.0081,0.206864,0.043065,0.117469,0.00159,0.078952,0.000141,0.00361
0,-0.136078,0.042314,-0.108476,-0.177,-0.153684,-0.174167,0.002375,0.000739
0,-0.105082,0.093954,0.025961,0.060687,-0.014716,0.081528,0.001834,0.00164
0,0.027546,0.040781,0.14201,-0.048672,0.151321,-0.017638,0.000481,0.000712
0,-0.213403,0.191712,-0.233086,0.152101,-0.246268,0.184592,0.003725,0.003346
0,-0.045683,0.141516,0.157401,-0.065001,0.193849,-0.108997,0.000797,0.00247
0,-0.222112,0.140799,-0.193022,0.003751,-0.150074,0.020579,0.003877,0.002457
0,-0.137242,-0.002386,0.092183,-0.152515,0.117184,-0.118632,0.002395,4.2e-05
0,-0.107327,-0.015044,0.012249,-0.004817,-0.004222,-0.019593,0.001873,0.000263
0,-0.183695,0.048045,-0.07353,0.076033,-0.110536,0.062627,0.003206,0.000839
0,-0.076664,-0.070686,0.120478,-0.096364,0.160042,-0.117932,0.001338,0.001234
0,0.045521,0.047784,0.123313,0.1132,0.126129,0.155764,0.000794,0.000834
0,0.024818,0.101813,-0.010279,0.041965,-0.009566,0.017712,0.000433,0.001777
0,-0.057279,0.070183,-0.076726,-0.051643,-0.06707,-0.088608,0.001,0.001225
0,0.017541,0.059256,0.104413,-0.003657,0.084632,-0.004112,0.000306,0.001034
0,-0.087637,-0.110676,-0.128955,-0.14308,-0.114859,-0.123508,0.00153,0.001932
0,-0.104211,0.051415,-0.029557,0.181929,-0.066594,0.158859,0.001819,0.000897
0,-0.092689,0.17539,0.037122,0.140027,0.019426,0.103234,0.001618,0.003061
0,-0.168819,-0.030265,-0.065209,-0.231167,-0.015901,-0.238063,0.002946,0.000528
0,-0.083612,-0.066293,0.087176,-0.025036,0.135105,-0.044443,0.001459,0.001157
0,-0.158747,-0.045051,-0.088047,0.04787,-0.087299,0.013694,0.002771,0.000786
0,-0.157406,-0.018635,0.014354,0.019575,-0.027905,0.029226,0.002747,0.000325
0,-0.147169,0.119689,0.026866,0.111529,0.013623,0.087106,0.002569,0.002089
0,-0.189016,-0.030672,-0.06722,-0.146248,-0.096365,-0.144229,0.003299,0.000535
0,-0.075917,0.104967,0.11478,0.109477,0.129397,0.158809,0.001325,0.001832
0,0.084093,0.158496,0.174129,0.052635,0.195851,0.05809,0.001468,0.002766
0,-0.187998,0.15909,-0.263712,-0.019061,-0.252409,-0.051917,0.003281,0.002777
0,-0.120931,0.098103,0.083211,-0.041657,0.052654,-0.035367,0.002111,0.001712
0,0.004718,0.01776,0.120567,-0.063836,0.073072,-0.077817,8.2e-05,0.00031
0,-0.052567,0.039017,-0.045161,0.004737,-0.036245,0.028505,0.000917,0.000681
0,0.014852,0.079793,0.080285,0.013607,0.12607,0.014091,0.000259,0.001393
0,-0.006267,-0.094114,-0.035354,-0.17597,-0.077194,-0.177263,0.000109,0.001643
0,-0.08859,-0.063139,-0.061419,0.003866,-0.048197,-0.004393,0.001546,0.001102
0,-0.062656,0.065698,0.035192,0.144035,0.045281,0.115887,0.001094,0.001147
0,-0.148533,0.183938,-0.08615,0.130403,-0.097308,0.150132,0.002592,0.00321
0,0.070922,0.016006,0.191666,-0.172614,0.197337,-0.169983,0.001238,0.000279
0,-0.08427,-0.12534,-0.129445,-0.145272,-0.175333,-0.126088,0.001471,0.002188
0,0.082467,-0.08483,0.174798,0.021929,0.129362,0.004894,0.001439,0.001481
0,-0.173917,0.143808,-0.286314,0.253166,-0.260107,0.280208,0.003035,0.00251
0,0.02476,0.144418,0.199685,0.007197,0.151509,0.01637,0.000432,0.002521
0,0.115395,-0.040778,0.060646,-0.155237,0.045855,-0.1859,0.002014,0.000712
0,-0.032407,0.060767,-0.1508,0.129546,-0.154029,0.115871,0.000566,0.001061
0,0.052683,-0.117418,0.095816,-0.183658,0.100213,-0.19148,0.000919,0.002049
0,0.029656,0.065365,-0.034938,0.204028,-0.042038,0.216855,0.000518,0.001141
0,0.097338,0.075688,0.090111,0.030503,0.070657,0.028021,0.001699,0.001321
0,-0.025615,0.026945,-0.136448,-0.023291,-0.161927,-0.014097,0.000447,0.00047
0,-0.015535,0.119956,-0.015544,0.107223,-0.017193,0.091119,0.000271,0.002094
0,-0.163756,0.069091,-0.162953,-0.074815,-0.148094,-0.085493,0.002858,0.001206
0,-0.033828,0.054952,0.124707,-0.019792,0.094491,-0.007332,0.00059,0.000959
0,-0.115413,-0.058912,-0.090711,-0.102444,-0.077299,-0.148161,0.002014,0.001028
0,-0.201404,0.040443,-0.094346,0.085338,-0.079092,0.054344,0.003515,0.000706
0,-0.025035,0.166084,0.156228,0.110667,0.113421,0.121485,0.000437,0.002899
0,0.028076,0.088968,0.069325,-0.091468,0.111233,-0.088812,0.00049,0.001553
0,-0.178528,0.107532,-0.192461,0.030406,-0.214249,0.017304,0.003116,0.001877
0,-0.136623,-0.022193,0.034438,-0.126986,0.018622,-0.151361,0.002385,0.000387
0,-0.102165,0.129767,0.033184,0.134025,0.056101,0.135297,0.001783,0.002265
0,0.027525,-0.103066,0.147228,-0.203909,0.168391,-0.225951,0.00048,0.001799
0,-0.171377,-0.147604,-0.176869,-0.048686,-0.127875,-0.07049,0.002991,0.002576
0,-0.099619,0.09513,0.090357,0.257781,0.117328,0.280995,0.001739,0.00166
0,-0.170755,0.085965,-0.04201,-0.038322,-0.081082,-0.073415,0.00298,0.0015
0,-0.041343,-0.088635,0.152124,-0.178579,0.10281,-0.133558,0.000722,0.001547
0,-0.05241,-0.136546,0.003116,-0.030709,-0.026825,-0.074709,0.000915,0.002383
0,-0.141773,0.102761,-0.06417,0.255637,-0.095444,0.227928,0.002474,0.001794
0,-0.08796,0.019488,0.024763,-0.10928,-0.021021,-0.086823,0.001535,0.00034
0,0.038766,0.033304,0.139445,0.017732,0.132538,-0.025255,0.000677,0.000581
0,0.040899,-0.151956,0.01739,-0.189745,0.048327,-0.220971,0.000714,0.002652
0,0.087848,-0.169255,0.049678,-0.015052,0.07172,-0.032256,0.001533,0.002954
0,0.031798,-0.107549,-0.061958,0.06433,-0.013759,0.074108,0.000555,0.001877
0,0.194411,-0.012261,0.159282,0.089954,0.139681,0.110444,0.003393,0.000214
0,0.059054,-0.053324,-0.126484,-0.06982,-0.141724,-0.054354,0.001031,0.000931
0,0.054498,-0.074499,0.022551,0.001763,0.002612,0.009967,0.000951,0.0013
0,0.201254,-0.040432,0.138481,0.044417,0.163866,0.07606,0.003513,0.000706
0,0.098765,-0.140607,-0.07922,-0.10842,-0.043357,-0.093782,0.001724,0.002454
0,0.024131,-0.004145,-0.068634,0.146542,-0.097778,0.183886,0.000421,7.2e-05
0,-0.061682,-0.15586,-0.070891,-0.158624,-0.044193,-0.16106,0.001077,0.00272
0,-0.057596,-0.10312,-0.025537,0.048518,-0.014344,0.085479,0.001005,0.0018
0,0.114477,0.113397,0.168978,0.201333,0.156903,0.215002,0.001998,0.001979
0,-0.009059,0.037161,-0.102738,-0.07066,-0.084902,-0.051322,0.000158,0.000649
0,-0.036538,-0.09045,-0.028263,-0.113268,-0.066292,-0.132567,0.000638,0.001579
0,-0.052433,-0.025264,-0.001294,0.037379,0.02323,0.052695,0.000915,0.000441
0,-0.080757,-0.050877,0.001314,-0.040149,0.03414,-0.08278,0.001409,0.000888
0,-0.013226,-0.143487,0.062206,-0.117552,0.106223,-0.151383,0.000231,0.002504
0,-0.025899,0.003463,0.01304,0.161346,0.01909,0.117777,0.000452,6e-05
0,0.092921,-0.064694,0.114291,-0.082469,0.10916,-0.054235,0.001622,0.001129
0,-0.138758,0.033968,-0.255295,0.07809,-0.272882,0.12149,0.002422,0.000593
0,0.064668,-0.044341,0.183828,-0.073668,0.224567,-0.090211,0.001129,0.000774
0,-0.178069,0.070077,-0.215297,0.10812,-0.211087,0.107137,0.003108,0.001223
0,0.061305,0.025977,0.220319,-0.072545,0.224578,-0.024544,0.00107,0.000453
0,0.064612,-0.056944,0.006851,-0.090348,-0.028288,-0.122543,0.001128,0.000994
0,-0.152311,0.165216,-0.196867,0.242416,-0.174696,0.224286,0.002658,0.002884
0,-0.115055,0.132903,0.054322,-0.004933,0.070078,0.038023,0.002008,0.00232
0,-0.07758,-0.048385,0.029409,-0.156762,0.029605,-0.13281,0.001354,0.000844
0,-0.1387,0.190757,-0.07248,0.22799,-0.033079,0.239374,0.002421,0.003329
0,0.019145,0.146928,0.168025,-0.01649,0.194882,-0.060476,0.000334,0.002564
0,-0.064102,-0.077701,-0.065772,-0.219571,-0.020588,-0.240772,0.001119,0.001356
0,-0.02116,-0.069857,0.059501,0.019785,0.04203,0.01706,0.000369,0.001219
0,0.041944,0.031701,0.081953,0.119909,0.075265,0.101988,0.000732,0.000553
0,-0.093267,0.221625,-0.119144,0.197411,-0.103189,0.230325,0.001628,0.003868
0,-0.199896,0.176678,-0.080001,-0.059097,-0.070566,-0.035236,0.003489,0.003084
0,-0.084757,-0.020909,0.100582,-0.188334,0.121205,-0.139543,0.001479,0.000365
0,-0.015745,-0.052834,0.058184,-0.004254,0.095362,-0.042867,0.000275,0.000922
0,-0.202811,-0.022517,-0.16468,0.008369,-0.159554,0.058277,0.00354,0.000393
0,-0.127492,0.034867,0.091132,0.080633,0.048304,0.122429,0.002225,0.000609
0,-0.110997,0.02644,-0.012093,-0.015986,0.036895,-0.018103,0.001937,0.000461
0,0.061054,0.071422,0.199729,0.061881,0.220498,0.063714,0.001066,0.001247
0,-0.11213,-0.05395,-0.152155,-0.147823,-0.164507,-0.107194,0.001957,0.000942
0,0.09941,0.072519,0.194916,0.129352,0.160237,0.150936,0.001735,0.001266
0,-0.087819,0.10081,-0.171753,0.036523,-0.13965,0.033379,0.001533,0.001759
0,-0.016849,0.218749,0.08104,0.127182,0.055546,0.130659,0.000294,0.003818
0,-0.008544,0.069032,0.036049,-0.166968,0.009259,-0.117055,0.000149,0.001205
0,0.062638,0.028144,0.061932,-0.019667,0.043463,-0.06725,0.001093,0.000491
0,0.07129,0.07847,0.010781,0.074257,-0.007202,0.116569,0.001244,0.00137
0,-0.070747,-0.047823,-0.116897,-0.136149,-0.129313,-0.141209,0.001235,0.000835
0,0.01767,-0.015681,0.106644,0.010335,0.127176,0.035222,0.000308,0.000274
0,0.088499,0.200112,0.064166,0.202976,0.057484,0.204772,0.001545,0.003493
0,0.080479,-0.00875,-0.021857,-0.212879,-0.00876,-0.169262,0.001405,0.000153
0,0.079859,0.188047,-0.010711,0.202917,0.006411,0.231335,0.001394,0.003282
0,-0.147236,-0.046756,-0.222295,-0.263037,-0.268903,-0.298665,0.00257,0.000816
0,0.085112,-0.069242,0.2516,0.002596,0.213308,0.045775,0.001485,0.001209
0,-0.185145,-0.029903,-0.277424,0.028097,-0.249412,0.004384,0.003231,0.000522
0,-0.147842,-0.004242,0.053917,0.018722,0.074468,0.05361,0.00258,7.4e-05
0,-0.130185,-0.075117,0.032247,-0.063821,0.052412,-0.081463,0.002272,0.001311
0,-0.113785,-0.074044,0.022689,0.030702,0.021312,0.016272,0.001986,0.001292
0,-0.179722,-0.096392,-0.070754,-0.039632,-0.07484,-0.058878,0.003137,0.001682
0,-0.036328,0.153228,0.123045,0.238028,0.144801,0.229538,0.000634,0.002674
0,0.098934,0.168119,0.133317,0.01701,0.108831,0.023301,0.001727,0.002934
0,3.244963,0.871644,3.141099,0.710578,3.190592,0.732495,0.002123,0.003461
0,4.951982,1.297417,1.705519,0.414456,1.67375,0.387374,0.004167,0.000859
0,4.565197,1.779396,-0.36045,0.485895,-0.324821,0.451105,0.002584,0.004199
0,3.750679,1.650776,-0.795198,-0.13949,-0.828035,-0.170608,0.005048,0.005308
0,3.327648,1.615063,-0.443122,-0.057147,-0.474667,-0.021983,0.00068,0.004685
0,2.697596,1.374735,-0.624512,-0.214508,-0.623514,-0.239254,7.5e-05,0.00049
0,2.155996,1.100589,-0.539443,-0.255449,-0.490525,-0.265085,0.002374,0.004294
0,1.360713,0.908609,-0.776593,-0.192923,-0.774982,-0.168413,0.000246,0.004107
0,0.84106,0.640213,-0.50332,-0.289559,-0.462698,-0.27458,0.002928,0.000578
0,0.508969,0.438909,-0.359561,-0.18098,-0.325885,-0.218515,0.002869,0.004091
0,2.852384,-0.348909,2.339971,-0.775523,2.385927,-0.726979,0.002777,0.005662
0,2.794997,-0.667038,-0.042364,-0.33174,-0.00702,-0.292262,0.001775,0.00011
0,2.60604,-1.412877,-0.207523,-0.719322,-0.225294,-0.696053,0.001523,0.001156
0,2.16492,-1.401973,-0.462307,-0.012703,-0.418421,-0.042613,0.00253,0.000966
0,1.713829,-1.562385,-0.463396,-0.18477,-0.473645,-0.191279,0.005343,0.003765
0,1.466521,-1.282842,-0.220079,0.302043,-0.180065,0.285258,0.002092,0.001114
0,1.372236,-0.988197,-0.109394,0.280753,-0.067581,0.253836,0.000447,0.005496
0,1.140438,-0.98515,-0.219368,0.030713,-0.20538,0.036969,0.003599,0.005442
0,0.561352,-0.860858,-0.571514,0.114036,-0.567438,0.077157,0.001954,0.003273
0,0.497007,-0.74515,-0.036284,0.144618,-0.078238,0.109971,0.003077,0.001254
0,0.37407,-0.363805,-0.105956,0.352576,-0.128012,0.339798,0.005223,0.005402
0,-0.172685,-0.189006,-0.536243,0.18957,-0.573367,0.142327,0.003014,0.003299
0,-0.185546,-0.256331,0.016981,-0.057964,0.027761,-0.020686,0.003238,0.004474
0,-0.259148,0.003938,-0.072137,0.284806,-0.027367,0.324036,0.004523,6.9e-05
0,-0.468582,-0.010533,-0.214604,-0.010995,-0.24151,0.015869,0.003573,0.000184
0,1.676193,0.393046,2.114835,0.40941,2.087415,0.414365,0.005752,0.004892
0,3.147463,0.642566,1.482235,0.259795,1.437757,0.234013,0.003825,0.000537
0,3.333296,0.730541,0.210033,0.075359,0.195697,0.025556,0.000582,0.000999
0,2.82197,0.811308,-0.503856,0.07453,-0.481111,0.088301,0.002246,0.002408
0,2.449572,0.871887,-0.357714,0.06651,-0.368083,0.051826,0.004254,0.003466
0,1.977908,0.91398,-0.463024,0.054165,-0.435361,0.086579,0.000734,0.0042
0,1.502948,0.568287,-0.475026,-0.361759,-0.432014,-0.362607,0.002728,0.001833
0,0.914406,0.64446,-0.594127,0.063064,-0.617132,0.076208,0.003571,0.000504
0,8.863359,0.372649,7.955107,-0.282864,7.961733,-0.29058,0.001923,0.005248
0,8.878853,0.288955,0.044319,-0.113446,0.032765,-0.156593,0.002193,0.005043
0,9.099162,-0.055412,0.222929,-0.35155,0.265299,-0.337873,0.005713,0.000967
0,8.886209,-0.008708,-0.228881,0.056666,-0.22098,0.094186,0.002322,0.000152
0,8.970854,0.067381,0.08852,0.05281,0.096953,0.048861,0.003799,0.001176
0,8.86658,-0.138046,-0.105513,-0.206206,-0.140131,-0.189753,0.001979,0.002409
0,8.988679,-0.173267,0.112729,-0.043059,0.113548,-0.004511,0.00411,0.003024
0,9.075617,0.097268,0.058543,0.254603,0.051496,0.209015,0.005627,0.001698
0,8.893661,0.038567,-0.199011,-0.046168,-0.217913,-0.006425,0.002452,0.000673
0,8.973071,0.017624,0.105889,-0.033639,0.103263,-0.036478,0.003838,0.000308
0,8.94337,0.071798,-0.015009,0.033423,0.028328,-0.010049,0.003319,0.001253
0,8.966321,-0.179072,-0.005573,-0.241666,0.042156,-0.256147,0.00372,0.003125
0,8.960369,-0.110753,-0.028391,0.043953,-0.002536,0.051382,0.003616,0.001933
0,9.077167,-0.061387,0.116304,0.023176,0.066786,-0.007834,0.005654,0.001071
0,9.092784,-0.208788,0.005087,-0.162754,-0.040714,-0.123902,0.005825,0.003644
0,9.138042,-0.055041,0.062447,0.165096,0.057945,0.209667,0.005035,0.000961
0,8.913724,0.05721,-0.244807,0.097003,-0.210225,0.141172,0.002802,0.000998
0,8.869092,0.084876,-0.026468,0.02045,-0.039345,-0.016906,0.002023,0.001481
0,8.99986,-0.004395,0.110197,-0.084815,0.112906,-0.108358,0.004305,7.7e-05
0,9.077475,-0.130653,0.069384,-0.111271,0.020813,-0.097089,0.00566,0.00228
0,8.354881,-0.01637,-0.693758,0.132221,-0.729149,0.132422,0.0048,0.000286
0,7.961109,-0.041748,-0.392233,-0.045457,-0.434126,-0.03361,0.002073,0.000729
0,7.4486,-0.16478,-0.498166,-0.147331,-0.495364,-0.125059,0.000734,0.002876
0,7.039821,0.024567,-0.383981,0.218576,-0.380779,0.198567,0.005351,0.000429
0,6.46064,-0.126423,-0.560459,-0.163778,-0.512224,-0.164695,0.004758,0.002206
0,6.142491,0.082323,-0.312516,0.21132,-0.293297,0.21409,0.001441,0.001437
0,5.794269,0.065083,-0.339426,-0.015135,-0.348414,0.0172,0.004636,0.001136
0,5.292188,-0.195197,-0.494673,-0.272876,-0.53022,-0.281538,0.001647,0.003407
0,4.883738,-0.085082,-0.41049,0.081758,-0.420529,0.03694,0.002975,0.001485
0,4.769704,0.002806,-0.114543,0.073911,-0.153759,0.026705,0.000985,4.9e-05
0,4.251771,-0.015862,-0.514271,0.002962,-0.493149,0.029396,0.003697,0.000277
0,4.046567,-0.179354,-0.18117,-0.167714,-0.172078,-0.127817,0.000116,0.00313
0,3.76521,-0.081039,-0.265092,0.084746,-0.315043,0.063549,0.004795,0.001414
0,3.704648,-0.038618,-0.034644,0.027202,-0.010702,0.051718,0.005852,0.000674
0,3.249335,-0.132938,-0.443316,-0.092759,-0.45403,-0.048926,0.002047,0.00232
0,3.088196,0.016237,-0.144864,0.165552,-0.163316,0.177976,0.004859,0.000283
0,2.934048,-0.08686,-0.160884,-0.092158,-0.149524,-0.052167,0.004202,0.001516
0,2.663899,0.042227,-0.282436,0.117574,-0.26352,0.115435,0.000513,0.000737
0,2.64907,0.037197,-0.033178,0.013616,-0.065751,0.057112,0.000772,0.000649
0,2.592658,0.022912,-0.052554,-0.035117,-0.06365,-0.015561,0.001756,0.0004
0,2.354118,-0.051416,-0.229269,-0.047218,-0.189898,-0.024742,0.005832,0.000897
0,2.322496,-0.182578,-0.027247,-0.142155,-0.009455,-0.17409,0.00528,0.003187
0,1.918257,-0.188294,-0.427295,-0.028,-0.419274,-0.037574,0.001775,0.003286
0,2.013923,-0.065184,0.121525,0.134153,0.089934,0.131957,0.000106,0.001138
0,1.997677,0.06543,-0.046016,0.110721,-0.041591,0.124432,0.000389,0.001142
0,1.660531,-0.138585,-0.336296,-0.215372,-0.287341,-0.260698,0.005478,0.002419
0,1.82334,-0.141973,0.144271,-0.015578,0.105114,-0.064811,0.003432,0.002478
0,1.584981,0.079242,-0.246949,0.216268,-0.277,0.209633,0.00416,0.001383
0,1.592627,-0.189954,-0.020378,-0.295362,-0.023941,-0.335878,0.004293,0.003315
0,1.486789,-0.113315,-0.085405,0.059386,-0.116218,0.033134,0.002446,0.001978
0,1.471629,-0.021919,-0.002376,0.062556,-0.027708,0.028766,0.002181,0.000383
0,1.296875,-0.148389,-0.180706,-0.113059,-0.179567,-0.086547,0.000869,0.00259
0,1.240591,0.014274,-0.062024,0.159711,-0.096731,0.166617,0.001851,0.000249
0,1.190052,-0.131374,-0.02252,-0.172163,0.018305,-0.167738,0.002733,0.002293
0,1.122368,0.026363,-0.064406,0.131107,-0.061344,0.112039,0.003914,0.00046
0,0.902588,-0.078288,-0.216352,-0.12391,-0.206917,-0.130363,0.004001,0.001366
0,0.865923,-0.063244,-0.010577,0.008138,-0.037521,-0.024739,0.003362,0.001104
0,0.827127,0.031106,-0.057285,0.106847,-0.026227,0.11479,0.002684,0.000543
0,0.744493,-0.067255,-0.053971,-0.103281,-0.080672,-0.129106,0.001242,0.001174
0,0.901215,0.003299,0.176076,0.063212,0.15904,0.03681,0.003977,5.8e-05
0,0.733,-0.118289,-0.184059,-0.110315,-0.21353,-0.123522,0.001042,0.002065
0,0.681151,-0.042747,-0.062957,0.084525,-0.075025,0.099515,0.000137,0.000746
0,0.607444,0.048255,-0.047075,0.112531,-0.005537,0.117987,0.00115,0.000842
0,0.449664,-0.120972,-0.132716,-0.164774,-0.117912,-0.166652,0.003904,0.002111
0,0.382814,-0.074208,-0.078244,0.074454,-0.048769,0.123088,0.00507,0.001295
0,0.444718,-0.145406,0.042566,-0.05069,0.00493,-0.092137,0.00399,0.002538
0,0.540037,0.072262,0.071672,0.208745,0.022898,0.189624,0.002326,0.001261
0,0.297789,0.138758,-0.221849,0.087536,-0.247566,0.124152,0.005197,0.002422
0,0.388609,0.133682,0.103401,-0.011374,0.128917,-0.06042,0.004969,0.002333
0,0.449248,0.155738,0.077224,0.008896,0.029092,0.031913,0.003911,0.002718
0,0.467635,0.135946,0.043847,-0.027308,0.046257,-0.038146,0.00359,0.002373
0,0.471085,0.143384,0.010512,0.02148,0.059085,-0.009743,0.00353,0.002503
0,0.39908,-0.139265,-0.097119,-0.263346,-0.125663,-0.307941,0.004786,0.002431
0,0.256874,-0.021816,-0.157419,0.131334,-0.110549,0.083519,0.004483,0.000381
0,0.266594,0.047371,0.020537,0.0504,0.052657,0.039772,0.004653,0.000827
0,0.21582,-0.002208,-0.052074,-0.07803,-0.072265,-0.111354,0.003767,3.9e-05
0,0.187185,0.028789,-0.033343,0.010154,-0.000774,0.015167,0.003267,0.000502
0,0.227785,0.077695,0.050474,0.025941,0.091636,-0.002324,0.003976,0.001356
0,0.079747,-0.047399,-0.121835,-0.135301,-0.140607,-0.177725,0.001392,0.000827
0,0.092668,0.10639,0.031501,0.138784,0.059984,0.104551,0.001617,0.001857
0,0.002306,-0.062489,-0.070607,-0.17565,-0.023778,-0.198255,4e-05,0.001091
0,0.005032,0.097543,-0.009777,0.178846,-0.009983,0.214568,8.8e-05,0.001702
0,-0.015849,0.133891,0.006656,0.047189,-0.014421,0.085581,0.000277,0.002337
0,3.830275,0.058764,3.834679,-0.067505,3.84799,-0.09946,0.003659,0.001026
0,5.28786,-0.269776,1.437823,-0.352915,1.466046,-0.381304,0.001723,0.004708
0,6.3245,-0.336754,1.032157,-0.051767,0.984188,-0.091427,0.004618,0.005874
0,7.895106,-0.013044,1.595987,0.319977,1.593429,0.274955,0.003225,0.000228
0,8.5394,-0.184918,0.615521,-0.191487,0.640393,-0.180638,0.003731,0.003227
0,7.76096,-0.085122,-0.767406,0.120864,-0.798094,0.081089,0.005566,0.001486
0,5.468809,-0.066469,-2.290681,0.009725,-2.301386,0.012165,0.001435,0.00116
0,3.767327,-0.032839,-1.686861,0.050545,-1.71319,0.094125,0.000784,0.000573
0,8.971353,-0.089929,5.220273,-0.056815,5.238984,-0.03055,0.003808,0.00157
0,8.958545,-0.041587,0.000814,0.018582,0.049797,-0.027096,0.003584,0.000726
0,8.977785,-0.009004,0.041298,0.062061,0.074766,0.042742,0.00392,0.000157
0,9.108894,-0.072432,0.127185,-0.043074,0.152648,-0.091435,0.005544,0.001264
0,9.065386,-0.110465,-0.020594,-0.060088,-0.050062,-0.092978,0.005449,0.001928
0,9.142775,-0.229967,0.066406,-0.148673,0.059744,-0.158048,0.004952,0.004014
0,8.882231,-0.01447,-0.286155,0.206351,-0.277455,0.159187,0.002252,0.000253
0,9.121267,-0.134881,0.237414,-0.11152,0.248411,-0.113354,0.005328,0.002354
0,9.12278,-0.011995,-0.02476,0.132343,-0.009869,0.175749,0.005301,0.000209
0,9.132622,-0.052106,0.025113,-0.066008,0.031643,-0.045085,0.005129,0.000909
0,8.997213,-0.088684,-0.156793,-0.065184,-0.138044,-0.072015,0.004259,0.001548
0,9.002046,-0.002813,0.012716,0.08202,-0.005545,0.121036,0.004343,4.9e-05
0,8.908743,-0.16619,-0.080663,-0.175797,-0.030923,-0.172821,0.002715,0.002901
0,8.918069,0.036748,0.018605,0.205492,0.025159,0.225797,0.002878,0.000641
0,8.888432,0.038699,-0.03657,0.006762,-0.055883,-0.022033,0.00236,0.000675
0,9.006304,-0.078634,0.090666,-0.092343,0.123118,-0.086453,0.004418,0.001372
0,8.929424,0.054835,-0.077529,0.161267,-0.054973,0.177357,0.003076,0.000957
0,9.043106,-0.243917,0.118981,-0.314357,0.074331,-0.3576,0.00506,0.004257
0,9.07704,-0.144289,0.057109,0.0866,0.074134,0.072535,0.005652,0.002518
0,9.105941,-0.17923,0.036658,-0.042479,0.047677,0.005211,0.005595,0.003128
0,9.143981,-0.250833,0.057374,-0.090697,0.050712,-0.051531,0.004931,0.004378
0,9.07449,-0.014324,-0.050731,0.263754,-0.096007,0.292809,0.005608,0.00025
0,9.001243,-0.070502,-0.050145,-0.027615,-0.009237,0.014568,0.004329,0.00123
0,9.054533,0.020588,0.043744,0.113622,-0.000649,0.115904,0.005259,0.000359
0,9.019759,-0.142388,-0.007165,-0.161198,-0.021981,-0.186712,0.004652,0.002485
0,9.137805,-0.234698,0.118675,-0.119973,0.094714,-0.151023,0.005039,0.004096
0,8.392317,-0.183259,-0.773792,0.030265,-0.814054,0.014569,0.005453,0.003198
0,7.890568,-0.081622,-0.518104,0.090905,-0.516878,0.109887,0.003304,0.001425
0,7.59475,-0.149823,-0.32569,-0.088756,-0.29652,-0.121956,0.003285,0.002615
0,6.957314,-0.20319,-0.655852,-0.038894,-0.657259,-0.051906,0.003911,0.003546
0,6.422346,-0.151595,-0.533691,0.078661,-0.54245,0.110574,0.005426,0.002646
0,6.204678,-0.006788,-0.225852,0.156661,-0.228171,0.152613,0.002527,0.000118
0,5.863525,-0.183998,-0.344223,-0.157408,-0.363906,-0.155847,0.003427,0.003211
0,5.376411,-0.241554,-0.484318,-0.08485,-0.43732,-0.038516,0.000178,0.004216
0,5.241335,-0.152088,-0.126996,0.113495,-0.174317,0.158571,0.002535,0.002654
0,4.69547,-0.045355,-0.550008,0.107366,-0.552127,0.11599,0.00031,0.000792
0,4.362584,-0.067445,-0.320008,-0.014908,-0.30675,-0.049428,0.005631,0.001177
0,4.176322,0.016831,-0.156616,0.066172,-0.157537,0.050076,0.00238,0.000294
0,4.022772,0.017246,-0.173338,0.029362,-0.158715,0.077472,0.0003,0.000301
0,3.577285,-0.226908,-0.425097,-0.221208,-0.395712,-0.213189,0.003677,0.00396
0,3.480444,-0.026825,-0.083663,0.198181,-0.111685,0.169182,0.001987,0.000468
0,3.288057,-0.089299,-0.166381,-0.051636,-0.210162,-0.100545,0.001371,0.001559
0,2.879497,0.047681,-0.404142,0.132561,-0.446345,0.127372,0.00325,0.000832
0,2.910116,-0.053562,0.059344,-0.072013,0.100176,-0.048748,0.003784,0.000935
0,2.755746,-0.235067,-0.125997,-0.196935,-0.091342,-0.191934,0.00109,0.004103
0,2.531895,-0.090861,-0.249684,0.126913,-0.201082,0.111435,0.002817,0.001586
0,2.370789,-0.169851,-0.149719,-0.049129,-0.133775,-0.045914,0.005629,0.002964
0,2.017878,-0.223327,-0.371321,-0.067975,-0.348496,-0.11305,3.6e-05,0.003898
0,2.034757,-0.146978,0.015269,0.047879,0.040798,0.073409,0.000258,0.002565
0,2.033331,-0.140087,-0.013046,0.030071,0.031996,0.009484,0.000233,0.002445
0,1.776524,-0.135126,-0.243638,0.017075,-0.213767,0.001484,0.004249,0.002358
0,1.735508,0.015903,-0.049718,0.138418,-0.089486,0.100505,0.004965,0.000278
0,1.524395,0.047062,-0.221294,0.018804,-0.205194,0.062493,0.003102,0.000821
0,1.595979,-0.085245,0.051934,-0.115349,0.066,-0.148532,0.004352,0.001488
0,1.414012,-0.033898,-0.153759,0.075187,-0.199844,0.0932,0.001176,0.000592
0,1.234915,-0.051858,-0.163019,0.001582,-0.168116,-0.046509,0.00195,0.000905
0,1.257712,0.107776,0.010871,0.145204,0.027278,0.109464,0.001552,0.001881
0,1.096504,-0.062081,-0.178934,-0.154243,-0.201607,-0.183822,0.004366,0.001084
0,1.038824,0.002426,-0.0809,0.036027,-0.044661,0.018132,0.005373,4.2e-05
0,0.998985,0.084985,-0.039421,0.103797,-0.018927,0.120989,0.005684,0.001483
0,0.843225,0.11456,-0.157316,0.04571,-0.204637,0.085802,0.002965,0.001999
0,0.820685,-0.087003,-0.00576,-0.193847,0.030481,-0.196258,0.002572,0.001518
0,0.800734,-0.155326,-0.006948,-0.079237,0.012937,-0.065967,0.002224,0.002711
0,0.712703,-0.039053,-0.088563,0.097754,-0.070331,0.088246,0.000687,0.000682
0,0.562641,0.098394,-0.121078,0.156386,-0.109604,0.17448,0.001932,0.001717
0,0.702884,0.092702,0.154742,-0.007887,0.172591,0.032643,0.000516,0.001618
0,0.480971,-0.024392,-0.244687,-0.124059,-0.209086,-0.160489,0.003357,0.000426
0,0.539027,-0.028222,0.059551,-0.018829,0.08271,0.025147,0.002344,0.000493
0,0.695539,-0.105219,0.147526,-0.05403,0.117899,-0.082676,0.004361,0.001836
0,0.417396,0.096802,-0.303357,0.191139,-0.272243,0.235966,0.004467,0.00169
0,0.369569,0.00351,-0.052503,-0.072954,-0.074569,-0.033059,0.005301,6.1e-05
0,0.512704,-0.054965,0.145046,-0.070738,0.141282,-0.098914,0.002803,0.000959
0,0.346663,-0.177766,-0.181881,-0.11509,-0.199334,-0.068655,0.005701,0.003103
0,0.336507,-0.189273,-0.037266,-0.021731,-0.062734,0.005294,0.005873,0.003303
0,0.248886,-0.176003,-0.068891,0.033064,-0.060079,-0.004279,0.004344,0.003072
0,0.382838,0.094286,0.138172,0.295369,0.151364,0.270915,0.00507,0.001646
0,0.095497,0.013279,-0.266417,-0.076332,-0.3016,-0.101575,0.001667,0.000232
0,0.256231,-0.114749,0.140972,-0.147056,0.106013,-0.124047,0.004472,0.002003
0,0.220214,-0.1063,-0.006117,-0.000203,-3.1e-05,-0.035946,0.003843,0.001855
0,0.22169,0.0428,0.006083,0.175406,-0.007561,0.180921,0.003869,0.000747
0,0.105226,0.017408,-0.133486,-0.04287,-0.10822,-0.049736,0.001837,0.000304
0,0.166846,-0.021489,0.082729,-0.055788,0.13194,-0.069464,0.002912,0.000375
0,0.105801,0.15806,-0.084507,0.177054,-0.059708,0.178327,0.001847,0.002759
0,0.145563,0.114713,0.03449,-0.047087,0.004348,-0.001765,0.002541,0.002002
0,0.270651,0.185575,0.134881,0.090842,0.08565,0.075397,0.004724,0.003239
0,0.122626,0.16937,-0.162807,-0.019201,-0.188147,-0.067525,0.00214,0.002956
0,0.211162,0.095336,0.097247,-0.053237,0.125987,-0.039777,0.003685,0.001664
0,0.340504,-0.131599,0.147456,-0.239896,0.159096,-0.24554,0.005809,0.002297
0,0.278089,-0.056167,-0.085898,0.053728,-0.065793,0.04253,0.004854,0.00098
0,0.237208,-0.105341,-0.041302,-0.076455,-0.017774,-0.112838,0.00414,0.001839
0,0.116014,0.052212,-0.115779,0.164358,-0.071239,0.186286,0.002025,0.000911
0,0.15728,0.091317,0.051661,0.022557,0.094507,0.014973,0.002745,0.001594
0,0.145079,-0.024024,-0.02992,-0.128511,-0.040857,-0.094068,0.002532,0.000419
0,0.257725,0.06261,0.096972,0.103015,0.073932,0.117323,0.004498,0.001093
0,0.120915,0.14284,-0.146659,0.056858,-0.118974,0.026083,0.00211,0.002493
0,0.06629,-0.128656,-0.03311,-0.278089,-0.052492,-0.282854,0.001157,0.002245
0,0.161285,0.045146,0.120037,0.158887,0.155039,0.190165,0.002815,0.000788
0,0.248639,0.049411,0.108475,0.024341,0.153682,0.036021,0.00434,0.000862
0,0.094927,-0.051967,-0.129448,-0.098588,-0.092497,-0.106598,0.001657,0.000907
0,0.028979,0.039787,-0.040634,0.099719,-0.018507,0.144882,0.000506,0.000694
0,0.219102,-0.110623,0.194696,-0.142704,0.216749,-0.162671,0.003824,0.001931
0,0.181576,-0.077812,-0.036087,0.027884,0.007948,0.016899,0.003169,0.001358
0,0.182331,0.070017,0.013364,0.170961,0.053412,0.216768,0.003182,0.001222
0,-0.083936,-0.075998,-0.271193,-0.166258,-0.241438,-0.129673,0.001465,0.001326
0,0.222037,-0.113071,0.293883,-0.045731,0.259489,-0.002758,0.003875,0.001973
0,0.066478,0.055311,-0.146574,0.180072,-0.195006,0.187481,0.00116,0.000965
0,0.152987,-0.042414,0.069442,-0.070086,0.059571,-0.069109,0.00267,0.00074
0,0.169685,0.025369,0.03842,0.085191,0.006505,0.131859,0.002962,0.000443
0,-0.10576,0.100816,-0.269015,0.045761,-0.285741,0.062676,0.001846,0.00176
0,-0.0023,-0.082016,0.088407,-0.201302,0.12829,-0.245206,4e-05,0.001431
0,-0.197364,0.16415,-0.188081,0.24891,-0.195003,0.23324,0.003445,0.002865
0,0.070733,-0.089925,0.260975,-0.26698,0.274983,-0.270596,0.001235,0.001569
0,-0.139156,0.020661,-0.234071,0.094213,-0.207306,0.062964,0.002429,0.000361
0,-0.029798,0.007472,0.109532,0.015654,0.098977,-0.014676,0.00052,0.00013
0,0.069951,0.043774,0.122708,0.065305,0.154852,0.039099,0.001221,0.000764
0,-0.134717,-0.063102,-0.199838,-0.112014,-0.153295,-0.143129,0.002351,0.001101
0,0.000225,-0.080266,0.158761,-0.041692,0.116692,-0.088005,4e-06,0.001401
0,0.167397,0.055179,0.19679,0.114203,0.157387,0.109745,0.002922,0.000963
0,0.028306,0.126859,-0.162917,0.089258,-0.185976,0.131783,0.000494,0.002214
0,0.142951,-0.120519,0.096652,-0.239668,0.089718,-0.206484,0.002495,0.002103
0,0.077727,0.088152,-0.085778,0.220623,-0.056634,0.20097,0.001357,0.001539
0,-0.099124,0.116619,-0.182659,0.001436,-0.145005,0.000298,0.00173,0.002035
0,-0.10409,0.166788,0.019929,0.037855,0.022142,0.013803,0.001817,0.002911
0,-0.018597,0.096037,0.084265,-0.04835,0.112823,-0.057435,0.000325,0.001676
0,0.028794,0.04063,0.046788,-0.063547,0.096142,-0.088521,0.000503,0.000709
0,-0.108834,-0.043094,-0.158342,-0.099763,-0.158197,-0.091385,0.0019,0.000752
0,0.067965,-0.062568,0.162387,0.005089,0.12441,0.027817,0.001186,0.001092
0,0.108981,0.067758,0.060625,0.15075,0.060731,0.124918,0.001902,0.001183
0,-0.0736,0.081156,-0.165438,0.038744,-0.11688,0.031787,0.001285,0.001416
0,-0.024293,-0.109543,0.041614,-0.180493,0.056287,-0.217014,0.000424,0.001912
0,0.198288,0.146095,0.199134,0.267565,0.198556,0.229656,0.003461,0.00255
0,-0.037484,0.063654,-0.219688,-0.069658,-0.260969,-0.042027,0.000654,0.001111
0,-0.011871,-0.008925,0.008932,-0.099436,-0.014028,-0.073296,0.000207,0.000156
0,0.077864,0.119623,0.103579,0.143833,0.088787,0.096586,0.001359,0.002088
0,0.044258,-0.100842,-0.047737,-0.215398,-0.019259,-0.240063,0.000772,0.00176
0,0.0584,-0.027756,-0.000519,0.088533,-0.030669,0.134352,0.001019,0.000484
0,0.258563,-0.030804,0.209356,-0.012885,0.20907,-0.010204,0.004513,0.000538
0,0.076992,-0.032402,-0.181499,0.021375,-0.167092,-0.005191,0.001344,0.000566
0,0.055763,-0.087398,-0.018551,-0.057799,-0.0592,-0.014872,0.000973,0.001525
0,0.211307,-0.119748,0.184069,-0.021023,0.202945,0.001797,0.003688,0.00209
0,0.073861,0.097924,-0.127847,0.23225,-0.135711,0.230947,0.001289,0.001709
0,0.184417,-0.002835,0.124821,-0.097542,0.080778,-0.136638,0.003219,4.9e-05
0,0.012609,0.12704,-0.19623,0.152331,-0.18743,0.185414,0.00022,0.002217
0,0.233978,-0.064064,0.243313,-0.16512,0.208524,-0.160648,0.004084,0.001118
0,0.182839,0.091419,-0.075758,0.176478,-0.094816,0.182025,0.003191,0.001596
0,-0.030513,0.029085,-0.205132,-0.068522,-0.176542,-0.07297,0.000533,0.000508
0,0.108803,-0.026663,0.125101,-0.082715,0.169983,-0.106968,0.001899,0.000465
0,0.161532,-0.054447,0.031951,-0.024344,-0.005283,-0.058848,0.002819,0.00095
0,0.073739,0.193771,-0.099276,0.268411,-0.106029,0.221727,0.001287,0.003382
0,0.033095,0.184153,-0.027313,-0.003568,-0.069125,0.02159,0.000578,0.003214
0,0.012754,0.076407,-0.043987,-0.109626,-0.044766,-0.072061,0.000223,0.001334
0,0.228394,0.026191,0.245362,-0.030184,0.209075,-0.058602,0.003986,0.000457
0,0.096503,-0.051733,-0.104331,-0.093077,-0.072448,-0.110983,0.001684,0.000903
0,0.011609,0.166465,-0.110323,0.210914,-0.065543,0.186564,0.000203,0.002905
0,0.129815,0.080955,0.128169,-0.107167,0.090382,-0.090079,0.002266,0.001413
0,0.130519,0.169479,0.009134,0.100062,-0.00071,0.11197,0.002278,0.002958
0,0.079529,0.218473,-0.04191,0.039551,-0.067935,0.070008,0.001388,0.003813
0,0.211979,0.13503,0.133355,-0.069339,0.182844,-0.020438,0.0037,0.002357
0,-0.058854,0.085853,-0.270065,-0.03508,-0.246915,-0.083737,0.001027,0.001498
0,0.065298,0.181359,0.11276,0.125022,0.156631,0.164764,0.00114,0.003165
0,0.239816,0.084142,0.169146,-0.120315,0.13932,-0.109675,0.004186,0.001469
0,0.048673,0.147549,-0.172574,0.053738,-0.157653,0.086634,0.00085,0.002575
0,-0.132055,0.128787,-0.195817,-0.048327,-0.22319,-0.053597,0.002305,0.002248
0,-0.024503,0.030428,0.129255,-0.123676,0.131825,-0.09735,0.000428,0.000531
0,0.104111,-0.042724,0.13773,-0.101781,0.131946,-0.081045,0.001817,0.000746
0,0.183904,0.086297,0.06192,0.113382,0.033258,0.128115,0.00321,0.001506
0,-0.032082,0.102391,-0.235182,0.023983,-0.245984,0.054329,0.00056,0.001787
0,0.126738,-0.033648,0.130768,-0.164411,0.108278,-0.156265,0.002212,0.000587
0,0.006589,-0.052303,-0.117568,-0.027567,-0.133992,-0.071618,0.000115,0.000913
0,0.14852,0.013549,0.166825,0.045735,0.179793,0.065273,0.002592,0.000236
0,0.09953,0.17398,-0.064608,0.173905,-0.107326,0.127816,0.001737,0.003037
0,0.112385,-0.025496,0.011736,-0.180282,-0.012105,-0.184985,0.001961,0.000445
0,-0.044105,-0.025326,-0.172856,0.011064,-0.132345,0.035595,0.00077,0.000442
0,0.056723,-0.013941,0.08543,0.024618,0.037848,0.005951,0.00099,0.000243
0,0.193131,0.068104,0.109119,0.11007,0.061023,0.156351,0.003371,0.001189
0,0.274358,0.007924,0.065277,-0.040175,0.102242,-0.039791,0.004788,0.000138
0,0.144876,-0.055484,-0.101161,-0.092982,-0.080213,-0.052025,0.002529,0.000968
0,0.239506,0.074352,0.07836,0.126534,0.111572,0.124439,0.00418,0.001298
0,0.182636,0.142874,-0.04227,0.057507,-0.086968,0.090464,0.003188,0.002494
0,0.219435,0.210089,0.038083,0.043959,0.069935,0.086476,0.00383,0.003667
0,0.201119,0.064376,-0.040638,-0.15136,-0.046554,-0.131289,0.00351,0.001124
0,0.319334,0.027158,0.101629,-0.061267,0.146195,-0.018663,0.005573,0.000474
0,0.209556,0.17436,-0.115572,0.15504,-0.1219,0.121115,0.003657,0.003043
0,0.128449,-0.051712,-0.067007,-0.225344,-0.076804,-0.21924,0.002242,0.000903
0,0.116342,0.115123,-0.018358,0.191118,-0.045001,0.226776,0.002031,0.002009
0,0.057881,0.028529,-0.069362,-0.058524,-0.083342,-0.070385,0.00101,0.000498
0,0.10609,0.065489,0.055658,0.007099,0.105407,0.055871,0.001852,0.001143
0,0.13106,0.034847,0.050215,-0.004776,0.067322,-0.031282,0.002287,0.000608
0,0.350636,0.183628,0.202558,0.135821,0.155854,0.182674,0.005632,0.003205
0,0.221466,-0.051694,-0.142014,-0.221308,-0.11335,-0.256648,0.003865,0.000902
0,0.268414,-0.099049,0.04558,-0.032573,0.014024,-0.054335,0.004685,0.001729
0,0.264095,-0.053288,0.009043,0.045943,-0.02817,0.015067,0.004609,0.00093
0,-0.011397,-0.009683,-0.250653,0.028997,-0.205279,0.075929,0.000199,0.000169
0,0.024554,-0.034512,0.061814,-0.034383,0.01753,-0.080258,0.000429,0.000602
0,0.237654,0.160848,0.205885,0.209298,0.2348,0.204015,0.004148,0.002807
0,0.167713,0.04404,-0.055936,-0.121147,-0.056599,-0.162455,0.002927,0.000769
0,-0.036414,0.060727,-0.212025,-0.00943,-0.180323,0.012606,0.000636,0.00106
0,0.06433,0.022927,0.108691,-0.041196,0.072462,-0.03145,0.001123,0.0004
0,0.067357,0.051309,-0.001163,0.008569,-0.005148,0.020026,0.001176,0.000896
0,0.182563,0.01008,0.101285,-0.070274,0.111356,-0.021601,0.003186,0.000176
0,0.093836,0.085253,-0.096149,0.079589,-0.118944,0.10225,0.001638,0.001488
0,0.098972,0.13078,-0.024042,0.049286,0.004454,0.014876,0.001727,0.002283
0,0.095627,-0.110392,-0.03044,-0.230247,-0.048815,-0.264614,0.001669,0.001927
0,0.089966,0.147687,-0.026764,0.252939,0.000439,0.263969,0.00157,0.002578
0,0.098277,0.02264,-0.013633,-0.117982,0.013035,-0.13949,0.001715,0.000395
0,0.099734,-0.105288,0.002204,-0.150604,0.004224,-0.142348,0.001741,0.001838
0,0.045553,0.12432,-0.051201,0.243232,-0.082955,0.257185,0.000795,0.00217
0,-0.21556,-0.08802,-0.231836,-0.229325,-0.23645,-0.230566,0.003762,0.001536
0,-0.139743,-0.105286,0.070522,0.001432,0.033121,0.018533,0.002439,0.001838
0,-0.132057,0.145371,0.001378,0.223333,-0.015212,0.222015,0.002305,0.002537
0,0.105645,0.051973,0.25192,-0.116147,0.238324,-0.107576,0.001844,0.000907
0,-0.067001,0.10915,-0.179337,0.077109,-0.227813,0.084859,0.001169,0.001905
0,0.050061,0.057004,0.126027,-0.072872,0.161851,-0.082285,0.000874,0.000995
0,0.073287,-0.022601,0.049872,-0.080936,0.008113,-0.060512,0.001279,0.000394
0,-0.173105,-0.081586,-0.24966,-0.030616,-0.242787,-0.067752,0.003021,0.001424
0,-0.222879,-0.007615,-0.043846,0.064275,-0.009429,0.107231,0.00389,0.000133
0,-0.146041,-0.082531,0.097767,-0.066466,0.098143,-0.044369,0.002549,0.00144
0,-0.102039,0.011065,0.030266,0.11553,0.074191,0.069335,0.001781,0.000193
0,0.000558,0.123218,0.125693,0.099473,0.130251,0.089956,1e-05,0.002151
0,0.014116,-0.036474,-0.005251,-0.177464,-0.010767,-0.177582,0.000246,0.000637
0,0.086893,0.119416,0.080539,0.176216,0.077075,0.190827,0.001517,0.002084
0,-0.033833,-0.034073,-0.113968,-0.180458,-0.087975,-0.205334,0.00059,0.000595
0,0.114028,-0.061035,0.175849,-0.035332,0.191213,-0.015592,0.00199,0.001065
0,0.074738,0.096244,-0.046791,0.137204,-0.024542,0.183815,0.001304,0.00168
0,-0.046447,-0.063248,-0.150735,-0.136754,-0.1992,-0.129769,0.000811,0.001104
0,0.087334,0.075798,0.10818,0.121989,0.092046,0.127539,0.001524,0.001323
0,-0.126581,0.104613,-0.212433,0.043241,-0.196229,0.016251,0.002209,0.001826
0,0.007144,0.065626,0.141346,-0.063157,0.179327,-0.093658,0.000125,0.001145
0,0.130958,-0.048866,0.134953,-0.1155,0.104239,-0.07053,0.002286,0.000853
0,0.070174,-0.065771,-0.048099,-0.044337,-0.00749,-0.061029,0.001225,0.001148
0,-0.145814,0.009348,-0.206076,0.048367,-0.189864,0.059392,0.002545,0.000163
0,-0.141424,0.144182,-0.02531,0.126692,-0.044473,0.167845,0.002468,0.002516
0,0.062507,-0.073859,0.179327,-0.221261,0.193859,-0.266602,0.001091,0.001289
0,-0.013585,-0.059251,-0.083045,0.044052,-0.10571,0.067598,0.000237,0.001034
0,-0.086303,0.048518,-0.047659,0.094766,-0.002931,0.065235,0.001506,0.000847
0,0.090307,-0.010213,0.191547,-0.049466,0.226007,-0.061083,0.001576,0.000178
0,-0.068099,0.098633,-0.140247,0.103471,-0.14616,0.068782,0.001189,0.001721
0,0.1213,-0.032713,0.212682,-0.129095,0.24378,-0.174551,0.002117,0.000571
0,-0.139715,0.122293,-0.282824,0.184976,-0.264063,0.193746,0.002438,0.002134
0,0.106777,0.000323,0.273538,-0.102554,0.309953,-0.096013,0.001864,6e-06
0,0.045124,-0.072529,-0.086601,-0.057399,-0.103294,-0.084104,0.000788,0.001266
0,0.070998,-0.047678,0.055404,0.034059,0.035358,0.032885,0.001239,0.000832
0,-0.087913,-0.04988,-0.151768,-0.007978,-0.170533,-0.041689,0.001534,0.000871
0,-0.050583,0.005248,0.052995,0.043156,0.066051,0.011087,0.000883,9.2e-05
0,0.139272,-0.139838,0.185265,-0.134545,0.220476,-0.107569,0.002431,0.002441
0,0.101555,-0.02611,-0.04376,0.12775,-0.007126,0.133434,0.001772,0.000456
0,-0.068554,0.133114,-0.19328,0.185663,-0.201234,0.138842,0.001196,0.002323
0,0.047353,0.035454,0.134135,-0.117985,0.112325,-0.099368,0.000826,0.000619
0,-0.098178,0.148621,-0.155262,0.110404,-0.175887,0.082498,0.001714,0.002594
0,0.157208,0.005613,0.256794,-0.160683,0.241803,-0.151073,0.002744,9.8e-05
0,-0.061957,0.106524,-0.222707,0.118419,-0.230867,0.121075,0.001081,0.001859
0,-0.077671,0.140957,-0.038933,0.011847,0.001449,0.037171,0.001356,0.00246
0,-0.125714,0.042255,-0.022176,-0.101512,-0.061753,-0.135867,0.002194,0.000737
0,0.120415,0.114767,0.247879,0.054481,0.245298,0.104113,0.002102,0.002003
0,0.092357,0.134956,-0.041586,0.023324,-0.068909,0.032868,0.001612,0.002355
0,0.026946,0.143467,-0.086561,0.006796,-0.065281,-0.041418,0.00047,0.002504
0,-0.064311,-0.126998,-0.105861,-0.275627,-0.146541,-0.250512,0.001122,0.002217
0,0.050048,-0.134046,0.102799,0.01282,0.139991,0.058001,0.000874,0.00234
0,0.030747,0.050131,-0.015557,0.177543,-0.057138,0.168103,0.000537,0.000875
0,0.005331,-0.039395,-0.038689,-0.06168,-0.071121,-0.098122,9.3e-05,0.000688
0,-0.284151,0.093973,-0.281076,0.157094,-0.311342,0.167956,0.004959,0.00164
0,-0.081061,0.099875,0.20651,-0.016846,0.185906,-0.066356,0.001415,0.001743
0,0.035289,-0.073645,0.090463,-0.177567,0.090193,-0.142854,0.000616,0.001285
0,0.055093,0.042996,-0.000899,0.088605,0.035195,0.1082,0.000962,0.00075
0,-0.12503,-0.057554,-0.180423,-0.130005,-0.216116,-0.179839,0.002182,0.001005
0,0.047617,0.10587,0.196889,0.136304,0.220513,0.105929,0.000831,0.001848
0,0.07037,0.192699,0.01957,0.09586,-0.000288,0.091117,0.001228,0.003363
0,-0.162279,0.142153,-0.240722,-0.066803,-0.195298,-0.09255,0.002832,0.002481
0,-0.152911,0.074945,-0.00143,-0.051014,0.025445,-0.089057,0.002669,0.001308
0,-0.057162,0.136723,0.088569,0.03592,0.126133,-0.007906,0.000998,0.002386
0,0.113632,0.105856,0.167109,-0.057801,0.154929,-0.075129,0.001983,0.001848
0,-0.062164,-0.051413,-0.203287,-0.140241,-0.177726,-0.12811,0.001085,0.000897
0,-0.151293,-0.038075,-0.060253,0.01321,-0.012789,-0.028607,0.002641,0.000665
0,0.025643,0.070443,0.160178,0.113311,0.114195,0.143993,0.000448,0.001229
0,-0.099403,-0.001371,-0.097774,-0.091324,-0.051077,-0.129236,0.001735,2.4e-05
0,-0.08829,0.151024,0.014833,0.144695,0.021516,0.122939,0.001541,0.002636
0,-0.186226,0.141113,-0.126074,0.002068,-0.078812,-0.022873,0.00325,0.002463
0,0.138154,0.004068,0.328544,-0.123034,0.35508,-0.082584,0.002411,7.1e-05
0,0.138967,0.168003,0.022134,0.170625,0.070214,0.20113,0.002425,0.002932
0,0.197648,-0.052771,0.056843,-0.209325,0.033192,-0.241257,0.00345,0.000921
0,-0.060313,-0.042697,-0.266679,0.03705,-0.271978,0.039778,0.001053,0.000745
0,0.082113,0.062427,0.125529,0.108275,0.145468,0.142847,0.001433,0.00109
0,0.086526,0.131513,0.033021,0.047786,0.027039,0.013132,0.00151,0.002295
0,0.159015,-0.090918,0.05752,-0.248374,0.06113,-0.270714,0.002775,0.001587
0,-0.00986,0.048232,-0.162718,0.113445,-0.13666,0.117121,0.000172,0.000842
0,0.022972,0.094866,0.040297,0.029423,0.054888,0.008154,0.000401,0.001656
0,0.09263,-0.097818,0.058628,-0.170268,0.084181,-0.122754,0.001617,0.001707
0,-0.123458,-0.005287,-0.20311,0.103807,-0.22605,0.109405,0.002155,9.2e-05
0,0.03813,0.064819,0.188668,0.084795,0.175808,0.103501,0.000665,0.001131
0,0.039542,0.101477,-0.017163,0.065412,0.025671,0.041756,0.00069,0.001771
0,-0.017657,-0.173028,-0.081408,-0.265915,-0.129806,-0.235599,0.000308,0.00302
0,-0.206425,-0.112262,-0.176384,0.035919,-0.188196,0.00313,0.003603,0.001959
0,-0.058464,0.055932,0.147864,0.170745,0.101912,0.173472,0.00102,0.000976
0,-0.178866,0.120875,-0.126057,0.079215,-0.10852,0.041317,0.003122,0.00211
0,-0.112141,-0.1181,0.095565,-0.245991,0.081988,-0.198745,0.001957,0.002061
0,-0.033991,-0.000305,0.074597,0.129322,0.096449,0.086147,0.000593,5e-06
0,-0.11765,-0.023786,-0.076528,-0.03766,-0.051777,-0.01208,0.002053,0.000415
0,-0.169344,0.035455,-0.051846,0.039071,-0.028028,0.011878,0.002956,0.000619
0,-0.067392,0.110314,0.087735,0.050606,0.059732,0.023297,0.001176,0.001925
0,-0.133352,0.040326,-0.086927,-0.088453,-0.085035,-0.127438,0.002327,0.000704
0,0.054133,-0.031708,0.208446,-0.058288,0.234877,-0.017989,0.000945,0.000553
0,-0.022346,-0.145745,-0.066939,-0.132812,-0.046626,-0.174795,0.00039,0.002544
0,-0.073963,0.121,-0.027195,0.240667,-0.064811,0.190709,0.001291,0.002112
0,0.045079,0.017,0.105833,-0.09001,0.128715,-0.044837,0.000787,0.000297
0,9.055549,0.442936,8.982307,0.428305,9.021665,0.446723,0.005277,0.004021
0,8.894364,0.601464,-0.178943,0.137008,-0.214633,0.130995,0.002464,0.001254
0,8.870453,1.006916,-0.046795,0.424519,-0.061232,0.416273,0.002047,0.005822
0,8.885597,0.802439,0.039881,-0.222522,0.01699,-0.21213,0.002311,0.002254
0,9.043327,0.952605,0.156486,0.147892,0.122304,0.14468,0.005064,0.004874
0,9.03959,0.684914,-0.001661,-0.259975,0.035643,-0.293933,0.004999,0.000202
0,8.935986,0.437199,-0.090134,-0.27178,-0.065552,-0.305393,0.00319,0.004121
0,9.125543,0.429531,0.184233,0.002501,0.215786,-0.003872,0.005253,0.004255
0,9.019173,0.282554,-0.124203,-0.120166,-0.145991,-0.080779,0.004642,0.004931
0,8.851457,0.115751,-0.160451,-0.15545,-0.163463,-0.175235,0.001715,0.00202
0,9.008797,0.035321,0.185738,-0.06994,0.173569,-0.066258,0.004461,0.000616
0,8.505174,0.085184,-0.493063,0.028309,-0.468462,0.030522,0.004329,0.001487
0,8.111712,0.001718,-0.402427,-0.068273,-0.418573,-0.080671,0.000556,3e-05
0,7.57924,0.140475,-0.522622,0.15991,-0.569601,0.143542,0.003014,0.002452
0,6.926051,0.105441,-0.677527,-0.007483,-0.718961,0.032882,0.003365,0.00184
0,6.544624,-0.077137,-0.369012,-0.208589,-0.332697,-0.18403,0.003292,0.001346
0,6.138842,-0.000227,-0.435218,0.08662,-0.459637,0.10455,0.001378,4e-06
0,5.911602,-0.120984,-0.215061,-0.115606,-0.234097,-0.087569,0.002588,0.002112
0,5.626782,0.01588,-0.26436,0.140644,-0.221576,0.189679,0.004192,0.000277
0,5.150305,-0.014805,-0.482285,-0.038761,-0.443271,-0.046472,0.004124,0.000258
0,4.79514,0.021336,-0.363214,0.035113,-0.337296,0.052989,0.001429,0.000372
0,4.681683,-0.050733,-0.132054,-0.099607,-0.117847,-0.076529,0.000551,0.000885
0,4.416157,0.148177,-0.263332,0.211622,-0.231398,0.193843,0.005185,0.002586
0,4.247279,0.079014,-0.169565,-0.086599,-0.139181,-0.129399,0.003619,0.001379
0,3.762024,-5.2e-05,-0.488838,-0.098009,-0.493396,-0.069901,0.00485,1e-06
0,3.482404,-0.081337,-0.304422,-0.085468,-0.300171,-0.123526,0.002021,0.00142
0,3.526436,0.144867,0.0263,0.233421,0.00785,0.253383,0.002789,0.002528
0,3.082932,-0.053515,-0.41805,-0.212834,-0.442006,-0.217771,0.004951,0.000934
0,2.904054,0.183874,-0.178707,0.211283,-0.156634,0.238593,0.003679,0.003209
0,2.786152,-0.067497,-0.138329,-0.229307,-0.186882,-0.230252,0.001621,0.001178
0,2.622331,0.194935,-0.192818,0.238188,-0.19774,0.214958,0.001238,0.003402
0,2.511991,-0.015393,-0.098127,-0.227501,-0.106649,-0.247757,0.003164,0.000269
0,2.538204,0.180428,-0.001394,0.185352,0.010466,0.168066,0.002707,0.003149
0,2.290992,0.132474,-0.23914,-0.065924,-0.22749,-0.104203,0.00473,0.002312
0,2.113849,0.196368,-0.190457,0.076205,-0.166505,0.119685,0.001639,0.003427
0,1.85081,0.112232,-0.234991,-0.100908,-0.217711,-0.147116,0.002952,0.001959
0,1.897666,0.091127,0.030296,-0.048413,0.046174,-0.048986,0.002135,0.00159
0,1.651575,0.151189,-0.247892,0.037966,-0.228018,0.021757,0.005322,0.002639
0,1.578644,0.152904,-0.067153,0.002227,-0.054873,-0.011548,0.004049,0.002669
0,1.541448,0.147321,-0.041582,-0.034274,-0.027008,0.013062,0.0034,0.002571
0,1.256542,0.11018,-0.289687,-0.009599,-0.282349,-0.047037,0.001573,0.001923
0,1.309863,0.128582,0.046498,0.000749,0.002794,0.047937,0.000642,0.002244
0,1.325427,0.101855,-0.012004,-0.010102,0.03493,0.012993,0.00037,0.001778
0,1.31083,0.15835,0.000507,0.066975,-0.016091,0.094107,0.000625,0.002764
0,1.095979,0.104404,-0.23925,-0.059443,-0.246403,-0.089979,0.004375,0.001822
0,0.899992,0.119871,-0.184079,0.007623,-0.204595,0.008246,0.003956,0.002092
0,1.036344,-0.082082,0.127699,-0.202028,0.093103,-0.217673,0.005416,0.001433
0,0.841463,-0.004156,-0.175856,0.070091,-0.197252,0.098906,0.002935,7.3e-05
0,0.930821,0.203463,0.095537,0.22725,0.13669,0.21046,0.004494,0.003551
0,0.885661,0.158239,-0.022188,-0.026183,-0.030783,-0.037768,0.003706,0.002762
0,0.765619,0.127332,-0.109017,-0.048961,-0.11222,-0.097509,0.001611,0.002222
0,0.730063,0.127872,-0.048804,0.029417,-0.006496,0.061746,0.00099,0.002232
0,0.5815,0.148485,-0.125545,0.020592,-0.088215,0.000822,0.001603,0.002592
0,0.482462,0.099746,-0.123834,-0.033302,-0.112319,0.008061,0.003331,0.001741
0,0.430849,-0.067624,-0.067587,-0.181538,-0.099964,-0.205872,0.004232,0.00118
0,0.344969,-0.037487,-0.076085,0.00909,-0.067157,0.017831,0.005731,0.000654
0,0.393071,0.15993,0.030341,0.220466,0.029678,0.194957,0.004891,0.002791
0,0.363276,0.013271,-0.05731,-0.15195,-0.102189,-0.158441,0.005411,0.000232
0,0.471311,0.015945,0.115359,0.031754,0.078044,0.011694,0.003526,0.000278
0,0.489463,-0.000792,0.020841,-0.034924,0.032293,-0.054723,0.003209,1.4e-05
0,0.299757,0.157614,-0.161346,0.143674,-0.181406,0.140221,0.005232,0.002751
0,0.436266,-0.044534,0.143471,-0.199717,0.184759,-0.239233,0.004137,0.000777
0,0.23622,-0.165792,-0.201516,-0.125614,-0.152101,-0.153039,0.004123,0.002894
0,0.175426,-0.125939,-0.078268,0.056684,-0.054914,0.097555,0.003062,0.002198
0,0.126239,0.139796,-0.03168,0.266765,-0.004533,0.27673,0.002203,0.00244
0,0.331293,-0.109025,0.200943,-0.228518,0.222087,-0.251117,0.005782,0.001903
0,0.171979,0.019571,-0.179591,0.124677,-0.160121,0.082494,0.003002,0.000342
0,0.239093,-0.107631,0.04496,-0.122451,0.039857,-0.128199,0.004173,0.001879
0,0.308847,0.096514,0.051786,0.221885,0.078582,0.18827,0.00539,0.001684
0,0.258024,0.062483,-0.028594,-0.061679,-0.010522,-0.044594,0.004503,0.001091
0,0.163176,-0.012057,-0.106633,-0.065018,-0.132476,-0.105069,0.002848,0.00021
0,0.130261,-0.130028,-0.017651,-0.095841,0.012428,-0.139775,0.002273,0.002269
0,0.090236,0.052175,-0.041605,0.154049,-0.006552,0.19127,0.001575,0.000911
0,0.260744,-0.022768,0.171453,-0.101244,0.161225,-0.106678,0.004551,0.000397
0,0.13808,-0.005807,-0.125032,0.00394,-0.15591,-0.034433,0.00241,0.000101
0,0.239781,0.143977,0.126257,0.159655,0.121876,0.136708,0.004185,0.002513
0,0.353,-0.080698,0.129669,-0.222157,0.102443,-0.172259,0.005591,0.001408
0,0.284096,0.166843,-0.0415,0.218995,-0.019299,0.203394,0.004958,0.002912
0,0.402391,0.011205,0.123994,-0.180361,0.160831,-0.200832,0.004729,0.000196
0,0.28387,0.072374,-0.110261,0.032881,-0.142348,-0.001563,0.004954,0.001263
0,0.107906,-0.050238,-0.171397,-0.098407,-0.214841,-0.126454,0.001883,0.000877
0,9.070293,0.506945,8.943747,0.545474,8.953039,0.553084,0.005534,0.002904
0,9.098805,0.935025,-0.000257,0.444185,-0.027893,0.441647,0.00572,0.004568
0,8.857753,1.153918,-0.220426,0.24122,-0.181942,0.213906,0.001825,0.003364
0,9.020276,1.450762,0.183471,0.286673,0.20447,0.331246,0.004661,0.001817
0,8.890036,1.03408,-0.131045,-0.436858,-0.118656,-0.461316,0.002388,0.005455
0,8.958501,0.9307,0.040116,-0.103921,0.086493,-0.059177,0.003583,0.004492
0,9.054285,0.721308,0.07296,-0.222921,0.106498,-0.214831,0.005255,0.000838
0,9.091022,0.773028,0.044083,0.080589,0.086621,0.071132,0.005856,0.00174
0,9.03376,0.385726,-0.038379,-0.390429,-0.008656,-0.346545,0.004897,0.00502
0,8.997192,0.364379,-0.064913,-0.040599,-0.088186,-0.070498,0.004259,0.005392
0,8.870546,0.223478,-0.153229,-0.140067,-0.120951,-0.157094,0.002048,0.0039
0,8.716076,-0.101059,-0.146859,-0.316019,-0.15826,-0.321892,0.000648,0.001764
0,5.589478,-0.170134,-3.15452,-0.089359,-3.18024,-0.052018,0.003541,0.002969
0,4.391937,0.027116,-1.215904,0.201569,-1.235607,0.154579,0.005608,0.000473
0,3.344829,-0.094852,-1.039072,-0.119337,-1.01324,-0.069895,0.00038,0.001655
0,2.977334,-0.26005,-0.371684,-0.194851,-0.371587,-0.215875,0.002821,0.004539
0,2.806852,-0.170179,-0.185659,0.063358,-0.13966,0.086898,0.001982,0.00297
0,2.495589,-0.231571,-0.312861,-0.075343,-0.355081,-0.088704,0.003451,0.004042
0,2.442323,-0.171861,-0.063253,0.070444,-0.059529,0.045931,0.00438,0.003
0,2.364258,-0.034753,-0.085023,0.110492,-0.109604,0.076808,0.005743,0.000607
0,2.175458,-0.109815,-0.205345,-0.059474,-0.190334,-0.052343,0.002714,0.001917
0,2.112139,-0.116933,-0.069508,-0.022495,-0.067672,-0.029162,0.001609,0.002041
0,1.880427,0.010057,-0.235992,0.131593,-0.267319,0.157101,0.002435,0.000176
0,1.640142,-0.132102,-0.219233,-0.134153,-0.181439,-0.103157,0.005122,0.002306
0,1.68476,-0.052136,0.04129,0.090596,0.065044,0.093568,0.00585,0.00091
0,1.514965,-0.044024,-0.19124,0.013689,-0.230159,0.012431,0.002938,0.000768
0,1.337849,-0.1089,-0.161812,-0.090434,-0.183139,-0.07317,0.000154,0.001901
0,1.342425,-0.193749,-0.020811,-0.066809,-0.062759,-0.073222,7.4e-05,0.003382
0,1.366125,-0.157904,0.019207,0.04065,-0.015341,0.051288,0.00034,0.002756
0,1.29621,-0.206403,-0.076038,-0.074697,-0.117527,-0.026045,0.00088,0.003602
0,1.260775,-0.018733,-0.01281,0.170047,0.034267,0.170873,0.001499,0.000327
0,1.079228,0.039705,-0.182684,0.049431,-0.167362,0.027465,0.004667,0.000693
0,0.953509,-0.175098,-0.135103,-0.214327,-0.131618,-0.172506,0.00489,0.003056
0,1.045384,-0.081787,0.096912,0.119258,0.061071,0.076617,0.005258,0.001427
0,0.842506,-0.238497,-0.177832,-0.128042,-0.170919,-0.152133,0.002953,0.004163
0,1.025953,0.009705,0.162508,0.245287,0.193173,0.250968,0.005597,0.000169
0,0.913984,-0.011508,-0.113668,0.004917,-0.118204,-0.015087,0.0042,0.000201
0,0.83136,-0.158193,-0.082742,-0.1441,-0.06953,-0.154925,0.002758,0.002761
0,0.672294,0.06263,-0.154368,0.193243,-0.13935,0.148425,1.8e-05,0.001093
0,0.83107,-0.040307,0.140051,-0.104146,0.114429,-0.064029,0.002753,0.000703
0,0.660942,0.01223,-0.152935,0.062184,-0.11288,0.025863,0.000216,0.000213
0,0.703725,0.015942,0.038668,0.026936,0.051914,-0.020558,0.000531,0.000278
0,0.534036,-0.08943,-0.179025,-0.117624,-0.218694,-0.129278,0.002431,0.001561
0,0.625981,-0.010446,0.107818,0.068292,0.134086,0.053148,0.000826,0.000182
0,0.626056,-0.120195,-0.004419,-0.120174,0.017944,-0.106368,0.000825,0.002098
0,0.62472,-0.048936,-0.03049,0.054759,-0.070651,0.017776,0.000848,0.000854
0,0.453902,0.039696,-0.174275,0.108966,-0.21437,0.103124,0.00383,0.000693
0,0.584951,0.103308,0.107801,0.075072,0.116309,0.029913,0.001542,0.001803
0,0.542545,-0.112895,-0.054848,-0.232683,-0.092392,-0.266787,0.002283,0.00197
0,0.416525,-0.017305,-0.127517,0.120375,-0.105106,0.128282,0.004482,0.000302
0,0.243966,-0.0071,-0.188955,-6.4e-05,-0.147714,0.028059,0.004258,0.000124
0,0.170465,-0.13391,-0.076449,-0.130173,-0.061292,-0.147299,0.002975,0.002337
0,0.170904,-0.006913,-0.005274,0.115267,-0.002667,0.083757,0.002983,0.000121
0,0.157033,-0.055462,0.015886,-0.022503,0.013064,-0.028604,0.002741,0.000968
0,0.142394,-0.168686,-0.024532,-0.133381,0.005948,-0.091058,0.002485,0.002944
0,0.353355,0.03795,0.223003,0.190649,0.248514,0.183036,0.005584,0.000662
0,0.399807,-0.072475,0.068722,-0.130804,0.073282,-0.172703,0.004774,0.001265
0,0.300486,-0.154172,-0.085703,-0.094779,-0.100351,-0.129884,0.005244,0.002691
0,0.401088,0.044414,0.122061,0.178483,0.124997,0.220166,0.004751,0.000775
0,0.394331,-0.023736,0.017996,-0.073877,-0.018412,-0.079184,0.004869,0.000414
0,0.442522,-0.000169,0.062991,0.017523,0.087396,2e-05,0.004028,3e-06
0,0.158392,-0.038195,-0.264084,-0.034676,-0.28901,0.005735,0.002764,0.000667
0,0.2247,-0.126374,0.094726,-0.09008,0.112272,-0.092596,0.003922,0.002206
0,0.172294,-0.146292,-0.043788,0.001606,-0.068258,-0.033036,0.003007,0.002553
0,9.041182,-0.307726,8.889407,-0.171803,8.858799,-0.189122,0.005026,0.005371
0,9.027218,-0.279753,0.002598,0.006055,0.001118,0.034437,0.004783,0.004883
0,9.136138,-0.410916,0.137509,-0.146089,0.106888,-0.174962,0.005068,0.00458
0,8.933177,-0.476636,-0.186456,-0.039349,-0.233848,-0.031088,0.003141,0.003433
0,9.110718,-0.350966,0.196757,0.116591,0.245542,0.091187,0.005512,0.005626
0,8.872404,-0.149164,-0.252126,0.191789,-0.295217,0.208483,0.002081,0.002603
0,8.85605,-0.081526,-0.025203,0.05355,-0.05081,0.047265,0.001795,0.001423
0,8.982153,-0.309793,0.154645,-0.219644,0.146043,-0.187203,0.003996,0.005407
0,9.14864,-0.286046,0.14767,0.007264,0.135101,0.012741,0.00485,0.004992
0,9.090902,-0.07702,-0.034677,0.208203,-0.005126,0.158557,0.005858,0.001344
0,8.954886,-0.211457,-0.162599,-0.136401,-0.194134,-0.1334,0.00352,0.003691
0,8.933822,-0.074029,0.008039,0.138231,0.051136,0.106169,0.003153,0.001292
0,8.916569,-0.019328,-0.038971,0.069281,0.001799,0.117496,0.002851,0.000337
0,8.903411,-0.018606,-0.007485,-0.006021,-0.018391,-0.011122,0.002622,0.000325
0,9.098013,-0.173854,0.224415,-0.164589,0.217938,-0.157526,0.005733,0.003034
0,9.000343,-0.15061,-0.124302,0.041187,-0.098755,0.023325,0.004314,0.002629
0,8.855174,0.023836,-0.121067,0.17306,-0.101105,0.160449,0.00178,0.000416
0,9.095757,-0.062957,0.23943,-0.099917,0.203022,-0.143899,0.005773,0.001099
0,8.585831,-0.140737,-0.498954,-0.057422,-0.4667,-0.015433,0.002921,0.002456
0,7.841971,0.049041,-0.761825,0.176207,-0.713374,0.189054,0.004152,0.000856
0,7.563516,-0.088838,-0.264902,-0.124613,-0.253433,-0.155157,0.00274,0.001551
0,6.94524,-0.095266,-0.621554,0.019238,-0.649108,-0.025025,0.0037,0.001663
0,6.654103,-0.237722,-0.316285,-0.126282,-0.362341,-0.155999,0.001381,0.004149
0,6.183825,-0.148752,-0.498524,0.067861,-0.46124,0.069825,0.002163,0.002596
0,5.888616,-0.161286,-0.319287,0.002248,-0.297184,0.036906,0.00299,0.002815
0,5.443145,-0.059661,-0.467961,0.083538,-0.495501,0.0704,0.000987,0.001041
0,5.210105,-0.069863,-0.248558,-0.034579,-0.275119,-0.027173,0.00308,0.001219
0,4.825328,-0.189484,-0.395281,-0.112364,-0.433903,-0.133309,0.001956,0.003307
0,4.680608,-0.07081,-0.129097,0.090691,-0.144477,0.043271,0.00057,0.001236
0,4.262703,-0.090132,-0.426917,-0.013209,-0.473562,-0.041595,0.003888,0.001573
0,4.053504,-0.113691,-0.193435,-0.002013,-0.208802,0.025047,0.000237,0.001984
0,3.802011,-0.071976,-0.273836,0.031293,-0.318493,-0.01709,0.004153,0.001256
0,3.613789,-0.013587,-0.184568,0.074725,-0.178826,0.031949,0.004314,0.000237
0,3.312763,0.00434,-0.326364,0.027271,-0.312024,0.012961,0.00094,7.6e-05
0,3.255072,0.083637,-0.044833,0.056642,-0.040714,0.040171,0.001947,0.00146
0,2.995746,0.082774,-0.240906,0.017117,-0.244454,0.005456,0.005279,0.001445
0,2.788756,0.006974,-0.221828,-0.088958,-0.207868,-0.133352,0.001666,0.000122
0,2.589144,0.072155,-0.207018,0.074664,-0.190963,0.042661,0.001818,0.001259
0,2.407532,0.077617,-0.191247,-0.015448,-0.201181,-0.030821,0.004987,0.001355
0,2.178297,0.073685,-0.253141,-0.007824,-0.233752,0.010561,0.002763,0.001286
0,2.227643,0.111779,0.077365,0.008863,0.075138,-0.009993,0.003625,0.001951
0,1.996613,0.039755,-0.210501,-0.062037,-0.229994,-0.030222,0.000408,0.000694
0,1.834647,-0.057029,-0.152433,-0.085176,-0.130516,-0.064842,0.003234,0.000995
0,1.778168,0.039156,-0.026811,0.10363,-0.054206,0.090734,0.00422,0.000683
0,1.750132,0.086181,-0.028945,0.026193,-0.063117,0.040441,0.00471,0.001504
0,1.462635,0.059919,-0.286188,-0.035488,-0.284117,0.002359,0.002024,0.001046
0,1.32989,0.087006,-0.117878,0.036121,-0.143218,0.039336,0.000292,0.001519
0,1.262722,0.032355,-0.086583,-0.074781,-0.094924,-0.050343,0.001465,0.000565
0,1.178942,-0.120401,-0.11138,-0.164028,-0.117041,-0.119014,0.002927,0.002101
0,1.257216,0.031112,0.092031,0.16515,0.053095,0.155143,0.001561,0.000543
0,1.283578,0.052953,0.021812,0.036346,-0.019645,0.068176,0.001101,0.000924
0,1.042834,-0.039081,-0.213154,-0.06611,-0.211034,-0.021832,0.005303,0.000682
0,1.11691,0.165895,0.054228,0.196052,0.093879,0.237716,0.00401,0.002895
0,0.937564,0.134577,-0.160677,-0.012514,-0.13284,-0.054425,0.004612,0.002349
0,0.759388,0.011063,-0.161594,-0.123613,-0.189621,-0.103136,0.001502,0.000193
0,0.71859,0.079581,-0.017922,0.075433,0.007963,0.040041,0.00079,0.001389
0,0.96245,0.02303,0.245647,-0.069474,0.290098,-0.070451,0.005046,0.000402
0,0.826438,0.031567,-0.153029,-0.013608,-0.120614,-0.055558,0.002672,0.000551
0,0.561479,0.196934,-0.283109,0.151236,-0.278406,0.14113,0.001952,0.003437
0,0.635884,-0.048282,0.047761,-0.268575,0.02385,-0.275613,0.000653,0.000843
0,0.549736,0.164773,-0.099506,0.186225,-0.076732,0.161885,0.002157,0.002876
0,0.564701,-0.012052,0.012253,-0.174128,0.017352,-0.162716,0.001896,0.00021
0,0.638943,0.120745,0.067143,0.108095,0.03183,0.102692,0.0006,0.002107
0,0.589517,0.118899,-0.079036,0.018401,-0.06976,-0.000473,0.001463,0.002075
0,0.406998,0.039536,-0.210961,-0.053384,-0.193611,-0.049827,0.004648,0.00069
0,0.60629,-0.089402,0.196662,-0.143367,0.223017,-0.167818,0.00117,0.00156
0,0.514552,0.026602,-0.069134,0.136494,-0.11296,0.160511,0.002771,0.000464
0,0.495821,-0.083673,-0.018604,-0.096005,-0.023269,-0.046493,0.003098,0.00146
0,0.542308,-0.069343,0.073781,0.014594,0.096642,-0.021821,0.002287,0.00121
0,0.315249,-0.110983,-0.252014,-0.035637,-0.247834,-0.052766,0.005502,0.001937
0,0.45208,-0.092034,0.164511,0.038415,0.192261,0.041628,0.003861,0.001606
0,0.302318,-0.037884,-0.132224,0.071567,-0.141146,0.06946,0.005276,0.000661
0,0.337363,-0.084152,0.052952,-0.067258,0.035291,-0.099512,0.005864,0.001469
0,0.33948,-0.02472,0.02886,0.069451,0.058827,0.020654,0.005827,0.000431
0,0.370601,-0.111706,0.036315,-0.060492,0.079203,-0.102168,0.005283,0.00195
0,0.188966,0.120286,-0.198764,0.248026,-0.22669,0.211072,0.003298,0.002099
0,0.088215,0.052674,-0.122022,-0.038652,-0.168479,-0.023099,0.00154,0.000919
0,0.06632,-0.000953,-0.005479,-0.057369,0.014631,-0.030464,0.001157,1.7e-05
0,0.218688,-0.081459,0.175829,-0.083182,0.223423,-0.131786,0.003817,0.001422
0,0.103296,-0.042095,-0.128358,0.052531,-0.090243,0.009092,0.001803,0.000735
0,0.176618,0.019871,0.064374,0.046098,0.097063,0.034602,0.003083,0.000347
0,0.195844,0.009688,0.018525,-0.009049,0.00441,-0.013745,0.003418,0.000169
0,0.339203,-0.054361,0.121348,-0.068207,0.123538,-0.061039,0.005831,0.000949
0,0.149176,0.054126,-0.195793,0.120899,-0.167311,0.144907,0.002604,0.000945
0,0.845147,-0.732921,0.712845,-0.794616,0.745631,-0.791837,0.002999,0.00104
0,1.2549,-1.042699,0.396373,-0.325907,0.385239,-0.330811,0.001601,0.005305
0,1.130257,-1.265068,-0.143407,-0.206159,-0.121543,-0.172953,0.003777,0.001424
0,1.316063,-1.508907,0.177009,-0.214824,0.205518,-0.217654,0.000534,0.002832
0,1.270198,-1.264913,-0.054909,0.255424,-0.06432,0.217525,0.001334,0.001427
0,0.908978,-1.144186,-0.370619,0.097608,-0.343115,0.054752,0.004113,0.003534
0,0.794792,-0.850148,-0.104499,0.265064,-0.094422,0.243288,0.00212,0.003086
0,0.643967,-0.692185,-0.120932,0.151392,-0.165886,0.124932,0.000512,0.000329
0,0.571985,-0.343868,-0.044309,0.330376,-0.088611,0.298218,0.001769,0.00575
0,0.502047,-0.122127,-0.062468,0.231593,-0.070682,0.229479,0.000984,0.002132
0,9.126767,-0.037647,8.609732,0.103746,8.599748,0.127434,0.005232,0.000657
0,8.909721,-0.00223,-0.217234,0.054062,-0.177455,0.015554,0.002732,3.9e-05
0,8.996061,-0.116281,0.064512,-0.099322,0.084489,-0.067161,0.004239,0.002029
0,9.14859,-0.075895,0.160255,0.012249,0.158811,0.022599,0.004851,0.001325
0,9.098615,0.003656,-0.071454,0.067937,-0.107428,0.048158,0.005723,6.4e-05
0,8.88515,-0.14096,-0.201023,-0.168389,-0.210981,-0.149696,0.002303,0.00246
0,9.104413,-0.10201,0.245382,0.015966,0.240548,0.054004,0.005622,0.00178
0,8.381074,-0.11026,-0.711474,-0.003478,-0.662578,-0.042552,0.005257,0.001924
0,8.07891,-0.070354,-0.279686,0.05692,-0.265089,0.054783,1.7e-05,0.001228
0,7.459429,-0.166828,-0.590261,-0.121068,-0.563041,-0.149151,0.000923,0.002912
0,7.100654,-0.111121,-0.332332,0.07932,-0.359747,0.076755,0.005339,0.001939
0,6.694967,-0.112169,-0.38565,0.01787,-0.434322,0.060237,0.000668,0.001958
0,6.347544,-0.2098,-0.353036,-0.067673,-0.3127,-0.10541,0.00502,0.003662
0,5.777376,0.076674,-0.555638,0.273505,-0.576281,0.322386,0.004931,0.001338
0,5.428379,0.070452,-0.345204,-0.036011,-0.368753,-0.0265,0.00073,0.00123
0,4.992541,-0.145047,-0.460405,-0.231547,-0.459489,-0.252003,0.004874,0.002532
0,4.75641,-0.175373,-0.220438,-0.01322,-0.249996,-0.045013,0.000753,0.003061
0,4.421978,0.003309,-0.330812,0.160826,-0.311236,0.118378,0.005084,5.8e-05
0,4.150281,0.050982,-0.252433,0.04175,-0.240744,0.042774,0.001926,0.00089
0,3.765286,-0.012184,-0.374131,-0.084544,-0.423383,-0.125797,0.004794,0.000213
0,3.57932,-0.154744,-0.205351,-0.166614,-0.175844,-0.185703,0.003712,0.002701
0,3.416216,-0.231592,-0.164773,-0.081952,-0.195708,-0.125675,0.000866,0.004042
0,3.256153,-0.106639,-0.182259,0.115646,-0.184093,0.140672,0.001928,0.001861
0,2.976811,-0.012004,-0.291165,0.0721,-0.275073,0.051463,0.004948,0.00021
0,2.981758,-0.034204,0.016933,-0.03776,0.019324,-0.020005,0.005035,0.000597
0,2.671655,0.022045,-0.313655,0.080708,-0.319844,0.113632,0.000378,0.000385
0,2.552567,-0.1461,-0.102576,-0.170873,-0.068297,-0.212102,0.002456,0.00255
0,2.468216,-0.047245,-0.079349,0.072445,-0.063965,0.086845,0.003928,0.000825
0,2.181334,-0.157093,-0.272471,-0.080025,-0.243542,-0.094537,0.002816,0.002742
0,2.093466,-0.024306,-0.078901,0.129856,-0.103637,0.123837,0.001283,0.000424
0,1.929268,-0.028841,-0.153684,5.8e-05,-0.143776,0.042722,0.001583,0.000503
0,2.056537,-0.147921,0.106574,-0.099756,0.096739,-0.098916,0.000638,0.002582
0,1.816247,0.05623,-0.267676,0.217548,-0.276812,0.252219,0.003556,0.000981
0,1.712426,0.04545,-0.117303,-0.020006,-0.158252,-0.065982,0.005368,0.000793
0,1.690428,-0.068037,-0.034766,-0.094527,-0.043699,-0.048762,0.005752,0.001187
0,1.371176,-0.180677,-0.339605,-0.110411,-0.3002,-0.116877,0.000428,0.003153
0,1.457464,0.041663,0.062599,0.23483,0.024526,0.237528,0.001934,0.000727
0,1.307278,0.004342,-0.142213,-0.009931,-0.122807,0.023414,0.000687,7.6e-05
0,1.271252,-0.11246,-0.042595,-0.121803,-0.049089,-0.16,0.001316,0.001963
0,1.054571,0.01979,-0.210325,0.141229,-0.175068,0.131867,0.005098,0.000345
0,1.018581,0.119516,-0.021777,0.108603,-0.036025,0.12417,0.005726,0.002086
0,0.920178,0.059808,-0.092765,-0.046417,-0.049553,-0.029795,0.004308,0.001044
0,1.02901,0.105977,0.084158,0.055736,0.060942,0.08868,0.005544,0.00185
0,0.851712,-0.071517,-0.150128,-0.165413,-0.196826,-0.213922,0.003113,0.001248
0,0.826178,0.146845,-0.021606,0.19844,-0.003699,0.183188,0.002668,0.002563
0,0.735156,0.048322,-0.086301,-0.097906,-0.068506,-0.099736,0.001079,0.000843
0,0.590916,-0.03017,-0.12874,-0.082839,-0.121132,-0.128131,0.001438,0.000527
0,0.695646,-0.064068,0.077518,-0.026712,0.070993,-0.068735,0.00039,0.001118
0,0.514752,0.039367,-0.17753,0.127145,-0.137855,0.150905,0.002768,0.000687
0,0.455926,-0.170246,-0.062003,-0.179616,-0.060819,-0.158153,0.003794,0.002971
0,0.551569,0.031792,0.109996,0.224227,0.079409,0.191204,0.002125,0.000555
0,0.546833,-0.125295,0.012549,-0.130673,-0.01703,-0.1243,0.002208,0.002187
0,0.568619,0.015563,0.037628,0.13866,0.014849,0.17223,0.001827,0.000272
0,0.533624,0.112611,-0.041649,0.103776,-0.044051,0.104823,0.002438,0.001965
0,0.366317,-0.068444,-0.176203,-0.167867,-0.203806,-0.134568,0.005358,0.001195
0,0.365155,0.055244,0.002984,0.150605,0.017737,0.122646,0.005379,0.000964
0,9.010689,-0.726992,8.628529,-0.772661,8.646996,-0.729183,0.004494,0.000937
0,9.013342,-1.662616,0.00367,-0.964591,-0.032462,-0.917937,0.00454,0.005515
0,8.878222,-1.481651,-0.15436,0.179021,-0.136967,0.204094,0.002182,0.002356
0,8.969161,-1.856165,0.100022,-0.369185,0.060392,-0.374578,0.003769,0.002859
0,8.911336,-1.573331,-0.044047,0.276939,-0.078078,0.25685,0.00276,0.003956
0,8.97943,-1.758891,0.059198,-0.209985,0.042891,-0.250895,0.003949,0.004557
0,8.903989,-1.287034,-0.05353,0.482838,-0.046722,0.524555,0.002632,0.00104
0,8.970469,-0.757955,0.070069,0.539664,0.090683,0.50556,0.003792,0.001477
0,8.955346,-0.603271,-0.010405,0.126291,0.02283,0.098227,0.003528,0.001223
0,8.858261,-0.549687,-0.09931,0.057841,-0.092557,0.045378,0.001834,0.002158
0,9.097874,-0.122258,0.253774,0.444999,0.234722,0.452124,0.005736,0.002134
0,8.959284,0.01886,-0.133929,0.16344,-0.167833,0.167092,0.003597,0.000329
0,8.87637,0.003859,-0.094097,-0.039704,-0.065998,-0.072914,0.00215,6.7e-05
0,8.989634,0.026501,0.08739,0.03483,0.072189,0.078778,0.004127,0.000463
0,7.704908,0.128075,-1.271911,0.099074,-1.289994,0.138401,0.005207,0.002235
0,7.891877,0.168761,0.208555,0.036255,0.236706,-0.005715,0.003281,0.002945
0,7.513026,0.430791,-0.392768,0.25481,-0.38097,0.219642,0.001858,0.004233
0,6.694547,0.330301,-0.791074,-0.091679,-0.742015,-0.075245,0.000675,0.005765
0,5.003,0.191132,-1.713358,-0.154834,-1.669677,-0.189599,0.005057,0.003336
0,4.344365,0.086782,-0.640363,-0.10341,-0.652556,-0.121656,0.002465,0.001515
0,8.968914,0.064817,4.647257,-0.002892,4.671176,-0.032699,0.003765,0.001131
0,8.944003,0.072177,-0.027639,0.033405,-0.036758,0.0521,0.00333,0.00126
0,9.038535,-0.017385,0.074727,-0.075546,0.048264,-0.108501,0.00498,0.000303
0,8.858748,0.19834,-0.152743,0.225133,-0.169687,0.193694,0.001842,0.003462
0,8.853697,0.229065,-0.017299,0.034436,-0.033671,0.028463,0.001754,0.003998
0,9.08992,0.262322,0.245616,0.049123,0.269241,0.078637,0.005875,0.004578
0,8.979549,0.019052,-0.13256,-0.26872,-0.131899,-0.236218,0.003951,0.000333
0,9.009894,0.012696,0.00758,0.020424,0.011504,0.005543,0.00448,0.000222
0,9.113376,0.00797,0.104942,-0.032154,0.086688,0.010973,0.005465,0.000139
0,8.573509,0.187685,-0.561516,0.200271,-0.550123,0.184329,0.003136,0.003276
0,7.777255,0.132724,-0.787315,-0.047148,-0.819202,-0.09097,0.005282,0.002316
0,7.382644,0.224646,-0.375308,0.079154,-0.364157,0.05308,0.000417,0.003921
0,6.945354,-0.031907,-0.407604,-0.282978,-0.364377,-0.27871,0.003702,0.000557
0,6.556496,0.134268,-0.407763,0.139515,-0.454966,0.13298,0.003085,0.002343
0,6.258236,0.227958,-0.307113,0.089586,-0.348303,0.039912,0.003462,0.003979
0,5.625684,-0.055706,-0.656278,-0.305488,-0.656371,-0.344751,0.004173,0.000972
0,5.339935,0.08881,-0.27498,0.167638,-0.228955,0.142998,0.000814,0.00155
0,4.94264,0.048635,-0.420535,-0.036473,-0.424195,-0.067786,0.004003,0.000849
0,4.889776,0.190003,-0.065911,0.140616,-0.062997,0.12153,0.003081,0.003316
0,4.583722,0.083259,-0.310931,-0.118153,-0.346077,-0.121902,0.002261,0.001453
0,4.100391,0.02159,-0.478316,-0.058015,-0.459648,-0.034449,0.001055,0.000377
0,3.859728,0.024671,-0.230557,-0.015594,-0.189261,-0.017583,0.003145,0.000431
0,3.814043,0.071134,-0.063558,0.021254,-0.038228,0.069387,0.003943,0.001242
0,3.589354,0.123796,-0.202143,0.058443,-0.153255,0.094783,0.003888,0.002161
0,3.330008,-0.094414,-0.244554,-0.19244,-0.287977,-0.164597,0.000639,0.001648
0,3.087053,-0.111167,-0.269869,-0.041763,-0.300497,-0.034494,0.004879,0.00194
0,2.948662,0.074692,-0.16157,0.190483,-0.165888,0.186568,0.004457,0.001304
0,2.926827,-0.089126,-0.043448,-0.184902,-0.039187,-0.215758,0.004076,0.001556
0,2.646702,0.056939,-0.304832,0.153261,-0.34158,0.145867,0.000813,0.000994
0,2.55915,0.125292,-0.102526,0.0504,-0.110095,0.03621,0.002341,0.002187
0,2.337723,0.121178,-0.207695,0.00925,-0.176097,0.055134,0.005546,0.002115
0,1.980962,0.047016,-0.33814,-0.083425,-0.362473,-0.046874,0.000681,0.000821
0,1.951233,0.176545,-0.021263,0.136816,-0.004641,0.135406,0.0012,0.003081
0,1.945021,-0.003808,0.009854,-0.166835,0.040404,-0.15714,0.001308,6.6e-05
0,1.781772,0.090673,-0.148981,0.090516,-0.133775,0.137217,0.004157,0.001583
0,1.638027,-0.166832,-0.132793,-0.235491,-0.164601,-0.187094,0.005086,0.002912
0,1.469989,0.061055,-0.164879,0.249098,-0.190675,0.254954,0.002153,0.001066
0,1.381234,0.028282,-0.087374,-0.025852,-0.087916,0.006232,0.000604,0.000494
0,1.269632,0.10277,-0.136462,0.058659,-0.154269,0.013945,0.001344,0.001794
0,1.169057,0.13817,-0.118265,0.028023,-0.152808,0.061889,0.003099,0.002412
0,1.13966,-0.093817,-0.022401,-0.255883,-0.008422,-0.268936,0.003613,0.001637
0,0.954935,0.035769,-0.193044,0.110088,-0.144175,0.097492,0.004915,0.000624
0,0.926376,-0.032736,-0.014818,-0.09738,-0.053807,-0.133716,0.004417,0.000571
0,1.012685,0.14553,0.110188,0.175286,0.078387,0.206323,0.005829,0.00254
0,1.024308,0.024933,0.011354,-0.140933,-0.003646,-0.12303,0.005626,0.000435
0,0.991651,0.154204,-0.011364,0.120948,0.03228,0.159122,0.005556,0.002691
0,0.946546,0.002029,-0.048859,-0.135129,-0.082011,-0.177872,0.004769,3.5e-05
0,0.836957,0.132221,-0.132471,0.137194,-0.1558,0.184679,0.002856,0.002308
0,0.794233,0.059648,-0.062991,-0.047777,-0.038017,-0.003133,0.00211,0.001041
0,0.636865,-0.011629,-0.161293,-0.082536,-0.136934,-0.04135,0.000636,0.000203
0,0.620576,-0.015502,-0.038916,-0.024055,-0.067053,-0.03827,0.000921,0.000271
0,0.525175,0.036505,-0.086264,0.070805,-0.046262,0.02524,0.002586,0.000637
0,0.623413,0.013069,0.110397,0.002319,0.150592,-0.021741,0.000871,0.000228
0,0.578177,0.092794,-0.034618,0.09365,0.011165,0.086222,0.001661,0.00162
0,0.463566,0.053838,-0.105967,-0.045745,-0.093955,-0.080013,0.003661,0.00094
0,0.481503,-0.013003,0.035088,-0.064982,0.051429,-0.032968,0.003348,0.000227
0,0.489032,-0.121951,0.025787,-0.104359,0.055851,-0.099205,0.003216,0.002128
0,0.449865,0.038783,-0.014201,0.138466,-0.054155,0.109827,0.0039,0.000677
0,0.383004,-0.071156,-0.08493,-0.106187,-0.03882,-0.137453,0.005067,0.001242
0,0.468323,-0.073214,0.094726,0.008171,0.093188,-0.030349,0.003578,0.001278
0,0.474317,0.015075,0.002211,0.105588,0.00489,0.105338,0.003473,0.000263
0,0.281792,0.115405,-0.185734,0.10095,-0.183101,0.14177,0.004918,0.002014
0,0.25605,-0.118673,-0.035379,-0.228639,-0.061036,-0.260991,0.004469,0.002071
0,0.376277,-0.070598,0.112885,0.037003,0.152517,0.012343,0.005184,0.001232
0,0.323712,0.142429,-0.024925,0.18342,-0.022829,0.172136,0.00565,0.002486
0,0.50917,0.038821,0.17327,-0.121121,0.199246,-0.137657,0.002865,0.000678
0,0.232464,-0.07729,-0.292837,-0.091792,-0.2848,-0.131861,0.004057,0.001349
0,0.4789,0.084709,0.239974,0.138621,0.253456,0.117776,0.003393,0.001478
0,0.459566,0.052276,-0.038992,-0.005697,-0.012038,-0.032075,0.003731,0.000912
0,9.040426,-0.434998,8.606128,-0.507431,8.639282,-0.495853,0.005013,0.00416
0,8.997114,-0.961818,-0.024124,-0.549516,-0.054039,-0.569487,0.004257,0.005035
0,8.942849,-1.321745,-0.059264,-0.378951,-0.061449,-0.414259,0.00331,0.000435
0,9.114652,-1.636245,0.160316,-0.320406,0.156371,-0.272841,0.005443,0.005054
0,8.882137,-1.444514,-0.223476,0.167547,-0.253754,0.143427,0.00225,0.001708
0,8.912668,-1.440111,0.038099,0.023103,0.084837,-0.011059,0.002783,0.001631
0,9.060164,-0.98344,0.161672,0.47292,0.192324,0.519689,0.005358,0.005413
0,9.041201,-0.651371,-0.027066,0.333739,-0.009087,0.285123,0.005027,0.000383
0,9.084211,-0.519864,0.06821,0.138267,0.022852,0.090969,0.005777,0.002678
0,9.071657,-0.218434,0.016081,0.312333,0.047479,0.335739,0.005558,0.003812
0,7.32615,-6.9e-05,-1.72297,0.205623,-1.725842,0.174621,0.001403,1e-06
0,7.278541,0.009026,-0.034021,0.014565,-0.033951,0.056685,0.002234,0.000158
0,5.217608,-0.034743,-2.073858,-0.058533,-2.053073,-0.083921,0.002949,0.000606
0,4.429874,0.074307,-0.790319,0.129361,-0.759113,0.168761,0.004946,0.001297
0,3.712843,0.010554,-0.717505,-0.093567,-0.763208,-0.143237,0.005709,0.000184
0,2.417988,-0.08962,-1.267994,-0.075324,-1.230454,-0.113688,0.004805,0.001564
0,1.819671,0.023602,-0.598883,0.107218,-0.584666,0.151176,0.003496,0.000412
0,0.989969,0.052475,-0.806458,0.008546,-0.78624,0.025492,0.005527,0.000916
0,0.510314,-0.059226,-0.476599,-0.089143,-0.471653,-0.087417,0.002845,0.001034
0,0.282485,0.077102,-0.227651,0.114331,-0.196686,0.138427,0.00493,0.001346
0,0.370526,-0.07607,0.084754,-0.142915,0.082864,-0.186469,0.005285,0.001328
0,0.147509,0.048488,-0.2376,0.12544,-0.191983,0.078741,0.002575,0.000846
0,0.279621,0.151875,0.120314,0.086372,0.092349,0.04954,0.00488,0.002651
0,0.054824,0.158413,-0.214321,0.015716,-0.240482,-0.030407,0.000957,0.002765
0,-0.02837,0.132506,-0.089653,-0.022453,-0.105731,-0.030063,0.000495,0.002313
0,0.00218,0.000347,0.015891,-0.11912,-0.011756,-0.133889,3.8e-05,6e-06
0,0.154965,-0.055627,0.136442,-0.062674,0.116119,-0.049569,0.002705,0.000971
0,0.110244,-0.16348,-0.02065,-0.120789,-0.068804,-0.092271,0.001924,0.002853
0,-0.004183,-0.095549,-0.084512,0.073622,-0.04169,0.110853,7.3e-05,0.001668
0,0.096663,0.062991,0.074484,0.157892,0.03436,0.141128,0.001687,0.001099
0,0.125087,-0.093035,0.025874,-0.153904,0.060808,-0.144166,0.002183,0.001624
0,0.148816,0.017689,0.032175,0.131022,-0.00569,0.132005,0.002597,0.000309
0,-0.042817,-0.039967,-0.218068,-0.062125,-0.235447,-0.06522,0.000747,0.000698
0,0.072417,-0.010923,0.117759,0.013705,0.08182,0.032728,0.001264,0.000191
0,-0.062088,-0.040832,-0.158021,-0.016306,-0.149156,-0.049823,0.001084,0.000713
0,0.016292,-0.02573,0.107112,0.005617,0.084858,0.034527,0.000284,0.000449
0,0.072671,-0.150516,0.043938,-0.097412,0.019089,-0.065505,0.001268,0.002627
0,0.032126,-0.156075,-0.019078,0.021278,-0.050641,-0.01492,0.000561,0.002724
0,-0.005761,-0.06214,-0.061629,0.077645,-0.061506,0.039863,0.000101,0.001085
0,-0.088011,-0.014994,-0.096684,0.068128,-0.058232,0.04926,0.001536,0.000262
0,-0.049065,-0.1029,0.023803,-0.069087,0.071815,-0.047353,0.000856,0.001796
0,0.107661,0.004757,0.184247,0.123927,0.212912,0.087319,0.001879,8.3e-05
0,0.003191,-0.117567,-0.09117,-0.14014,-0.042084,-0.113436,5.6e-05,0.002052
0,-0.033935,-0.077616,-0.06567,0.023407,-0.020764,0.052907,0.000592,0.001355
0,0.210935,-0.034584,0.216046,0.022633,0.202023,0.029934,0.003682,0.000604
0,0.174565,0.021813,-0.02643,0.031951,-0.035186,-0.017148,0.003047,0.000381
0,-0.092471,0.048653,-0.238933,-0.002923,-0.252985,-0.019894,0.001614,0.000849
0,0.102858,0.049649,0.200112,-0.025799,0.183293,-0.024657,0.001795,0.000867
0,0.025352,0.064966,-0.06863,0.004707,-0.10434,-0.016573,0.000442,0.001134
0,-0.095731,-0.037823,-0.098322,-0.100389,-0.127243,-0.050502,0.001671,0.00066
0,0.023374,0.112345,0.1355,0.136722,0.085543,0.107277,0.000408,0.001961
0,-0.006493,-0.108154,-0.038643,-0.248316,-0.079992,-0.250664,0.000113,0.001888
0,0.04476,-0.082867,0.073191,0.001048,0.067247,-0.04744,0.000781,0.001446
0,0.077209,0.021592,0.021408,0.114546,-0.018648,0.126826,0.001348,0.000377
0,0.147011,-0.15529,0.071154,-0.151463,0.046318,-0.197567,0.002566,0.00271
0,-0.899976,0.728216,-1.04126,0.867644,-1.089659,0.846651,0.003956,0.000958
0,-1.217117,1.281234,-0.323732,0.567762,-0.324096,0.593151,0.002261,0.001142
0,-1.134649,1.90016,0.067041,0.601072,0.068483,0.645348,0.0037,0.002091
0,-1.3308,2.115181,-0.192259,0.214262,-0.214583,0.263086,0.000277,0.001662
0,-1.415302,1.683469,-0.105411,-0.44377,-0.148531,-0.440248,0.001198,0.005873
0,-1.475855,1.352277,-0.042093,-0.337669,-0.048446,-0.368766,0.002255,9.8e-05
0,-1.303964,1.001727,0.158822,-0.323765,0.176711,-0.306111,0.000745,0.005732
0,-0.813231,0.62088,0.490183,-0.404276,0.481222,-0.42645,0.002442,0.000915
0,-0.558183,0.381836,0.238134,-0.227621,0.241657,-0.223821,0.00201,0.005087
0,-0.546593,0.16341,-0.00441,-0.247504,-0.031881,-0.215242,0.002212,0.002852
0,-0.287784,0.099742,0.26188,-0.092188,0.255237,-0.047216,0.005023,0.001741
0,0.088521,-0.189888,0.376113,-0.308191,0.352096,-0.263794,0.001545,0.003314
0,0.070917,-0.275442,-0.007432,-0.095777,-0.049681,-0.055341,0.001238,0.004807
0,0.171548,-0.108083,0.123848,0.146871,0.112981,0.121096,0.002994,0.001886
0,0.04033,-0.207777,-0.116143,-0.08016,-0.10926,-0.079288,0.000704,0.003626
0,2.67929,-0.856986,2.623853,-0.661336,2.644149,-0.701293,0.000244,0.003206
0,4.377572,-0.586204,1.693132,0.29794,1.713576,0.300965,0.005859,0.001521
0,4.805849,-0.818773,0.402196,-0.24022,0.404938,-0.274908,0.001616,0.002539
0,5.002187,-0.482949,0.224051,0.350865,0.234599,0.362474,0.005043,0.003323
0,4.812821,-0.737414,-0.173106,-0.277478,-0.162664,-0.269566,0.001738,0.001119
0,3.080171,-0.398055,-1.746489,0.334068,-1.738861,0.36892,0.004999,0.004804
0,1.993277,-0.576546,-1.079653,-0.20255,-1.119714,-0.180905,0.000466,0.001689
0,1.539606,-0.405717,-0.481552,0.144114,-0.469179,0.106525,0.003368,0.004671
0,0.909149,-0.033106,-0.630272,0.352309,-0.622549,0.391423,0.003662,0.000578
0,8.994611,0.063868,8.094722,0.072638,8.123669,0.054188,0.004213,0.001115
0,8.949602,-0.070316,-0.050906,-0.136082,-0.075308,-0.141605,0.003428,0.001227
0,8.991542,0.064786,0.023344,0.158129,0.06391,0.154439,0.00416,0.001131
0,9.042459,0.035855,0.064873,-0.049371,0.038567,-0.021253,0.005049,0.000626
0,9.083182,-0.012591,0.03177,-0.028555,0.011112,-0.049783,0.005759,0.00022
0,8.953351,-0.013059,-0.148882,-0.006493,-0.150054,-0.019495,0.003493,0.000228
0,8.94341,0.102048,-0.032143,0.093949,-0.026258,0.135966,0.00332,0.001781
0,8.918186,0.262906,-0.002991,0.155313,0.043836,0.106605,0.00288,0.004589
0,8.907821,0.271895,-0.036194,0.012766,-0.071362,-0.004793,0.002699,0.004745
0,8.879424,0.046457,-0.040993,-0.197977,-0.008224,-0.16992,0.002203,0.000811
0,8.939816,0.171146,0.041885,0.145621,0.048805,0.189382,0.003257,0.002987
0,8.322882,0.03805,-0.626118,-0.153369,-0.644805,-0.15079,0.004241,0.000664
0,8.006341,0.186567,-0.337251,0.154555,-0.288179,0.194419,0.001283,0.003256
0,7.332168,-0.038069,-0.701719,-0.239139,-0.725241,-0.197012,0.001298,0.000664
0,6.947965,-0.039286,-0.396636,0.012936,-0.406682,0.043105,0.003748,0.000686
0,6.476552,0.207284,-0.499228,0.261338,-0.535601,0.24793,0.00448,0.003618
0,6.360263,-0.002564,-0.145723,-0.215216,-0.10609,-0.256172,0.005242,4.5e-05
0,5.992714,0.231406,-0.349563,0.237834,-0.380736,0.239334,0.001173,0.004039
0,5.568284,0.177358,-0.424565,-0.041536,-0.382004,0.007271,0.003171,0.003095
0,5.093002,0.006461,-0.494653,-0.161766,-0.503127,-0.165216,0.005124,0.000113
0,4.807192,0.115966,-0.299567,0.132267,-0.320602,0.152361,0.001639,0.002024
0,4.701722,-0.066221,-0.131781,-0.171582,-0.122886,-0.144101,0.000201,0.001156
0,4.422295,-0.065273,-0.2497,0.010157,-0.284,0.006964,0.005078,0.001139
0,4.039203,0.223957,-0.397372,0.300473,-0.348829,0.349767,1.3e-05,0.003909
0,3.863266,-0.036679,-0.201548,-0.283372,-0.208727,-0.331123,0.003083,0.00064
0,3.496561,0.060003,-0.3617,0.104324,-0.378884,0.116206,0.002268,0.001047
0,3.284823,0.146174,-0.223125,0.104388,-0.201688,0.093728,0.001428,0.002551
0,3.240069,0.217162,-0.065189,0.06747,-0.054053,0.092985,0.002209,0.00379
0,2.884657,0.112432,-0.348024,-0.1103,-0.311181,-0.153158,0.00334,0.001962
0,2.762953,0.007905,-0.116963,-0.104021,-0.13015,-0.144426,0.001216,0.000138
0,2.492823,-0.011652,-0.288183,-0.010759,-0.249749,0.021123,0.003499,0.000203
0,2.45458,0.133133,-0.055784,0.129614,-0.072071,0.081505,0.004166,0.002324
0,2.300009,-0.059046,-0.166609,-0.179989,-0.186372,-0.134696,0.004888,0.001031
0,2.3445,-0.05837,0.052266,0.027795,0.031561,-0.007558,0.005664,0.001019
0,2.071841,-0.110226,-0.27565,-0.064973,-0.283327,-0.03048,0.000905,0.001924
0,2.035804,0.136906,-0.039195,0.228654,-0.071318,0.188292,0.000276,0.002389
0,1.89824,0.10692,-0.14759,-0.055735,-0.115244,-0.080171,0.002125,0.001866
0,1.851173,0.09,-0.051861,-0.014831,-0.067401,-0.047302,0.002946,0.001571
0,1.572244,0.074105,-0.259268,0.004063,-0.232043,0.017283,0.003937,0.001293
0,1.425987,-0.018786,-0.167653,-0.117604,-0.195672,-0.139573,0.001385,0.000328
0,1.296711,0.067819,-0.139895,0.116382,-0.135416,0.128482,0.000872,0.001184
0,1.164834,0.023233,-0.122724,-0.070347,-0.122164,-0.098483,0.003173,0.000405
0,1.092164,-0.107028,-0.101129,-0.126159,-0.082488,-0.153063,0.004442,0.001868
0,1.073742,-0.176655,0.008677,-0.065713,0.018229,-0.07219,0.004763,0.003083
0,1.00539,-0.059667,-0.046857,0.114702,-0.078192,0.069074,0.005796,0.001041
0,1.020682,0.038176,0.023591,0.077682,0.048419,0.057228,0.005689,0.000666
0,0.865903,-0.162283,-0.133328,-0.177867,-0.111167,-0.161947,0.003361,0.002832
0,1.003833,0.063179,0.163636,0.233242,0.126863,0.240914,0.005768,0.001103
0,0.870793,-0.048837,-0.121389,-0.120461,-0.12681,-0.079404,0.003447,0.000852
0,0.802286,0.00927,-0.098099,0.041629,-0.116278,0.043447,0.002251,0.000162
0,0.677073,-0.147768,-0.13768,-0.139525,-0.154076,-0.171569,6.5e-05,0.002579
0,0.667126,0.04182,-0.034549,0.176702,-0.055306,0.152447,0.000108,0.00073
0,0.573238,0.015318,-0.08335,-0.052482,-0.100706,-0.090368,0.001747,0.000267
0,7.960161,-0.477847,7.364061,-0.494644,7.336668,-0.532378,0.002089,0.003412
0,9.008408,-0.676882,1.031398,-0.218874,1.037463,-0.199346,0.004454,6.2e-05
0,9.063292,-0.984802,0.06832,-0.293385,0.0314,-0.332389,0.005412,0.005436
0,9.148711,-1.476373,0.084135,-0.465694,0.051095,-0.455877,0.004849,0.002264
0,9.113516,-1.153165,-0.026708,0.306295,-0.041083,0.267365,0.005463,0.003377
0,9.118287,-1.245946,0.034532,-0.107446,-0.014191,-0.093289,0.00538,0.001758
0,8.063579,-1.01106,-1.052523,0.238596,-1.093083,0.241373,0.000284,0.005857
0,7.750471,-1.006888,-0.299334,-0.013511,-0.304768,-0.061023,0.005749,0.005822
0,6.664123,-0.490075,-1.112395,0.502774,-1.12886,0.539888,0.001206,0.003198
0,5.520741,-0.425291,-1.128942,0.073055,-1.083457,0.121131,0.002342,0.004329
0,4.231204,-0.054822,-1.277384,0.365465,-1.281434,0.364925,0.003338,0.000957
0,3.360146,-0.013822,-0.864043,0.065974,-0.865787,0.037553,0.000113,0.000241
0,1.841311,0.22699,-1.500013,0.266834,-1.548278,0.300512,0.003118,0.003962
0,0.71355,0.217325,-1.157025,-0.03867,-1.192413,-0.012248,0.000702,0.003793
0,0.619238,0.047437,-0.10916,-0.160226,-0.101632,-0.17823,0.000944,0.000828
0,0.402948,0.05768,-0.222279,-0.001836,-0.219306,0.01006,0.004719,0.001007
0,0.632371,0.056683,0.208107,0.002983,0.213399,-0.014055,0.000715,0.000989
0,0.333146,0.10851,-0.281052,0.081802,-0.290731,0.123052,0.005814,0.001894
0,0.459055,0.258652,0.141233,0.158776,0.132023,0.154813,0.00374,0.004514
0,0.448037,0.156744,-0.029671,-0.101039,0.006314,-0.080394,0.003932,0.002736
0,0.403803,-0.013851,-0.066122,-0.160376,-0.093949,-0.178725,0.004704,0.000242
0,0.380317,0.16463,-0.03095,0.197875,-0.019768,0.199776,0.005114,0.002873
0,0.340465,0.151082,-0.022764,-0.006928,-0.00523,0.026081,0.005809,0.002637
0,0.236082,0.128668,-0.078508,-0.034486,-0.071115,-0.07138,0.00412,0.002246
0,0.291892,0.232165,0.026116,0.103554,-0.005675,0.095773,0.005094,0.004052
0,0.294521,0.029907,0.01372,-0.180918,0.04579,-0.134485,0.00514,0.000522
0,0.314025,0.074586,-0.003247,0.038889,0.029259,0.075966,0.005481,0.001302
0,0.216616,0.098616,-0.12447,-0.000485,-0.110334,-0.013453,0.003781,0.001721
0,0.274881,0.115322,0.028617,0.03995,-0.014908,0.058183,0.004798,0.002013
0,0.150055,-0.063494,-0.126342,-0.16608,-0.172053,-0.207144,0.002619,0.001108
0,0.137367,0.040227,-0.016494,0.094903,-0.002191,0.109155,0.002398,0.000702
0,0.051456,-0.056926,-0.110581,-0.077125,-0.131294,-0.075364,0.000898,0.000994
0,0.124238,-0.082333,0.05425,-0.024574,0.032659,-0.034173,0.002168,0.001437
0,0.14085,0.093977,0.015892,0.15984,0.05234,0.183447,0.002458,0.00164
0,0.181875,0.059473,0.062506,-0.012722,0.026649,0.03148,0.003174,0.001038
0,0.082572,0.122913,-0.083776,0.044319,-0.094782,0.088427,0.001441,0.002145
0,-0.029866,0.010086,-0.105665,-0.128089,-0.133574,-0.171048,0.000521,0.000176
0,-0.070126,0.057112,-0.053924,0.038998,-0.096161,0.065311,0.001224,0.000997
0,-0.02637,-0.016255,0.036686,-0.058075,0.077243,-0.096832,0.00046,0.000284
0,0.08055,0.020974,0.123022,0.030348,0.080704,0.034234,0.001406,0.000366
0,0.107531,0.184335,0.006222,0.175077,0.010511,0.139611,0.001877,0.003217
0,-0.037329,0.13328,-0.142237,-0.080464,-0.154125,-0.072883,0.000652,0.002326
0,0.170566,0.002967,0.227598,-0.118735,0.198447,-0.148017,0.002977,5.2e-05
0,-0.023347,0.11734,-0.219161,0.084479,-0.26438,0.111627,0.000407,0.002048
0,0.168722,0.064473,0.199056,-0.066332,0.170224,-0.092477,0.002945,0.001125
0,0.107314,0.065198,-0.086539,0.010713,-0.048706,-0.026136,0.001873,0.001138
0,-0.057175,-0.08079,-0.177016,-0.145183,-0.134772,-0.138413,0.000998,0.00141
0,0.088035,0.170863,0.155366,0.267673,0.125238,0.301328,0.001537,0.002982
0,0.084434,-0.119689,0.008555,-0.314775,0.001896,-0.297631,0.001474,0.002089
0,-0.106871,-0.090935,-0.182906,0.028726,-0.162653,0.068444,0.001865,0.001587
0,0.040639,-0.02494,0.163575,0.055031,0.116182,0.099185,0.000709,0.000435
0,0.014657,-0.052543,-0.02241,-0.042501,0.006598,-0.059575,0.000256,0.000917
0,0.045329,0.060591,0.055645,0.136907,0.027334,0.103543,0.000791,0.001058
0,-0.045568,0.105525,-0.091484,0.015979,-0.071652,0.023181,0.000795,0.001842
0,0.136764,0.128564,0.208859,0.010503,0.235987,0.04638,0.002387,0.002244
0,-0.008526,-0.009331,-0.163901,-0.159892,-0.152016,-0.208889,0.000149,0.000163
0,-0.003942,0.006712,0.002529,-0.00767,0.013694,-0.000581,6.9e-05,0.000117
0,-0.118333,-0.042916,-0.110736,-0.020751,-0.128816,-0.012807,0.002065,0.000749
0,-0.182905,0.171252,-0.053851,0.232624,-0.052761,0.250076,0.003192,0.002989
0,-0.194211,0.048352,-0.028379,-0.13312,-0.060097,-0.150534,0.00339,0.000844
0,-0.093457,0.151865,0.116206,0.127533,0.137132,0.141776,0.001631,0.002651
0,-0.040251,0.032631,0.055311,-0.09869,0.008814,-0.049719,0.000703,0.00057
0,-0.224114,0.104416,-0.196831,0.080057,-0.2085,0.110941,0.003912,0.001822
0,-0.174238,0.094481,0.068098,0.007021,0.053373,-0.015751,0.003041,0.001649
0,-0.076057,0.067499,0.114191,-0.004706,0.100143,-0.031001,0.001327,0.001178
0,-0.031611,0.082656,0.052223,0.028022,0.025516,-0.010005,0.000552,0.001443
0,-0.275856,0.022549,-0.230303,-0.084163,-0.233875,-0.078876,0.004815,0.000394
0,-0.129526,-0.041094,0.133641,-0.049033,0.172815,-0.033832,0.002261,0.000717
0,-0.052016,-0.01437,0.083914,0.023203,0.087784,0.031192,0.000908,0.000251
0,-0.08966,0.092868,-0.027594,0.124149,-0.043316,0.100037,0.001565,0.001621
0,0.005308,0.083839,0.081844,0.008692,0.121012,0.009016,9.3e-05,0.001463
0,-0.28239,-0.035308,-0.306728,-0.142586,-0.330845,-0.149245,0.004929,0.000616
0,-0.014198,0.065413,0.244498,0.082138,0.259549,0.128322,0.000248,0.001142
0,-0.032868,0.114524,-0.030111,0.041242,-0.043173,0.039275,0.000574,0.001999
0,0.038609,0.171909,0.075115,0.062564,0.123947,0.081642,0.000674,0.003
0,-0.065821,0.18506,-0.115197,0.018234,-0.125865,-0.000628,0.001149,0.00323
0,0.119819,0.095189,0.209019,-0.09537,0.185842,-0.114475,0.002091,0.001661
0,-0.180014,-0.046997,-0.274172,-0.167238,-0.304291,-0.194861,0.003142,0.00082
0,-0.02075,-0.077898,0.180074,-0.019164,0.138097,0.000509,0.000362,0.00136
0,0.074665,0.086521,0.114965,0.154437,0.136452,0.107508,0.001303,0.00151
0,-0.082784,0.097803,-0.173738,-0.010291,-0.165624,0.007332,0.001445,0.001707
0,0.039304,-0.014784,0.126608,-0.093077,0.1044,-0.131148,0.000686,0.000258
0,-0.111325,-0.020098,-0.15396,-0.012115,-0.156384,-0.052685,0.001943,0.000351
0,-0.148386,0.144539,-0.047807,0.187254,-0.055328,0.198483,0.00259,0.002523
0,-0.066072,0.020402,0.074616,-0.128989,0.086334,-0.104856,0.001153,0.000356
0,-0.015341,0.076649,0.028266,0.042236,0.027718,0.019462,0.000268,0.001338
0,-0.072389,0.226111,-0.038387,0.174881,-0.001676,0.134545,0.001263,0.003946
0,-0.104916,0.003533,-0.046777,-0.244632,-0.012796,-0.201394,0.001831,6.2e-05
0,0.04032,0.19951,0.139047,0.177334,0.13934,0.19707,0.000704,0.003482
0,-0.024632,0.066765,-0.038416,-0.110446,-0.076811,-0.087538,0.00043,0.001165
0,-0.042563,0.167804,-0.018785,0.085632,-0.019611,0.11405,0.000743,0.002929
0,-0.028734,0.033661,-0.001336,-0.160372,-0.023323,-0.157305,0.000502,0.000587
0,-0.076593,0.209679,-0.061945,0.163476,-0.111344,0.207203,0.001337,0.00366
0,-0.084306,0.001758,-0.012713,-0.199278,-0.014511,-0.174671,0.001471,3.1e-05
0,0.125842,0.172977,0.204936,0.173461,0.162663,0.131558,0.002196,0.003019
0,-0.038383,0.137369,-0.165415,-0.050971,-0.153112,-0.019029,0.00067,0.002398
0,0.144061,0.184566,0.207105,0.039922,0.196935,-0.004396,0.002514,0.003221
0,-0.029725,-0.001879,-0.201464,-0.163693,-0.244207,-0.192238,0.000519,3.3e-05
0,0.110899,0.021994,0.164152,0.019268,0.172135,0.059664,0.001936,0.000384
0,-0.102069,-0.02126,-0.225532,-0.057514,-0.175764,-0.05394,0.001781,0.000371
0,-0.167895,0.034054,-0.049398,0.058248,-0.016918,0.010421,0.00293,0.000594
0,0.151914,-0.01444,0.290378,-0.055192,0.246663,-0.072988,0.002651,0.000252
0,0.119946,-0.029333,-0.044412,0.005603,-0.033604,0.02493,0.002093,0.000512
0,0.013304,0.114586,-0.118741,0.130009,-0.092915,0.153455,0.000232,0.002
0,0.045498,0.067071,0.055319,-0.040692,0.077293,-0.051758,0.000794,0.001171
0,-0.002647,0.075396,-0.031401,-0.016258,-0.028283,0.029875,4.6e-05,0.001316
0,0.182336,-0.070037,0.213303,-0.127412,0.243822,-0.156596,0.003182,0.001222
0,-0.053657,0.056474,-0.212466,0.143616,-0.220914,0.190705,0.000936,0.000986
0,0.037031,0.034954,0.105098,-0.013287,0.112872,-0.055956,0.000646,0.00061
0,-0.062796,0.101716,-0.110992,0.037036,-0.100916,0.025359,0.001096,0.001775
0,0.068424,-0.094041,0.127996,-0.223558,0.113635,-0.227052,0.001194,0.001641
0,0.140276,0.107186,0.061108,0.206565,0.051278,0.21634,0.002448,0.001871
0,0.015197,0.055516,-0.097415,-0.027338,-0.1166,-0.075337,0.000265,0.000969
0,0.061053,0.081969,0.034945,0.028021,0.03889,0.000919,0.001066,0.001431
0,-0.000265,0.064953,-0.067657,-0.020874,-0.10423,0.028777,5e-06,0.001134
0,0.187097,0.018031,0.212786,-0.04354,0.223896,-0.061542,0.003265,0.000315
0,-0.017774,0.095953,-0.219825,0.100267,-0.176192,0.079891,0.00031,0.001675
0,-0.013429,0.03698,0.031491,-0.03382,0.012082,-0.076138,0.000234,0.000645
0,0.16864,-0.02761,0.17803,-0.085992,0.134476,-0.130241,0.002943,0.000482
0,0.236405,-0.071801,0.08687,-0.040409,0.067783,-0.006513,0.004126,0.001253
0,0.060973,0.020097,-0.194714,0.068373,-0.220362,0.031165,0.001064,0.000351
0,0.048273,-0.106985,-0.016687,-0.115021,0.004822,-0.083313,0.000843,0.001867
0,0.143588,0.024387,0.117919,0.155053,0.140451,0.113576,0.002506,0.000426
0,0.156135,0.051345,0.038745,0.044828,0.026773,0.066207,0.002725,0.000896
0,0.160456,-0.073383,0.005782,-0.112434,0.024232,-0.063105,0.0028,0.001281
0,0.072165,0.041056,-0.063138,0.085036,-0.094858,0.100027,0.00126,0.000717
0,-0.04868,0.072813,-0.092067,0.042371,-0.116586,0.027133,0.00085,0.001271
0,0.103777,-0.064811,0.144358,-0.163988,0.125047,-0.205236,0.001811,0.001131
0,0.045842,0.084945,-0.074749,0.127673,-0.121991,0.154815,0.0008,0.001483
0,-0.107917,-0.050691,-0.164078,-0.139118,-0.159255,-0.173891,0.001884,0.000885
0,-0.086824,-0.043605,0.049619,0.032073,0.096574,0.032388,0.001515,0.000761
0,-0.155556,0.061289,-0.03881,0.122201,-0.053345,0.104298,0.002715,0.00107
0,-0.160791,0.00475,-0.002737,-0.086398,-0.018611,-0.11896,0.002806,8.3e-05
0,-0.04968,0.068384,0.127876,0.046484,0.095447,0.007923,0.000867,0.001194
0,0.020547,-0.146434,0.086794,-0.188247,0.128917,-0.194553,0.000359,0.002556
0,0.046976,-0.003826,-0.001091,0.150404,-0.04833,0.196389,0.00082,6.7e-05
0,-0.124747,-0.128765,-0.196393,-0.106336,-0.203472,-0.143466,0.002177,0.002247
0,-0.007862,-0.09927,0.107408,0.012809,0.111193,0.034419,0.000137,0.001733
0,0.109542,-0.093706,0.11326,0.00689,0.145926,0.008392,0.001912,0.001635
0,-0.175489,-0.093795,-0.2803,-0.00335,-0.32433,0.037597,0.003063,0.001637
0,0.111158,-0.147084,0.260933,-0.06487,0.310384,-0.037781,0.00194,0.002567
0,0.056557,-0.17165,-0.048855,-0.02444,-0.032319,0.011977,0.000987,0.002996
0,-0.033964,-0.170953,-0.109064,0.005893,-0.152017,-0.010595,0.000593,0.002984
0,-0.140784,-0.058306,-0.112041,0.1319,-0.103253,0.158708,0.002457,0.001018
0,-0.051708,0.083448,0.092804,0.164147,0.115536,0.158447,0.000902,0.001456
0,-0.04774,-0.157242,0.010322,-0.24156,0.023309,-0.195299,0.000833,0.002744
0,-0.152769,-0.003443,-0.120289,0.146019,-0.137023,0.130301,0.002666,6e-05
0,-0.206184,0.088829,-0.076619,0.072867,-0.05251,0.038465,0.003599,0.00155
0,-0.059271,-0.143875,0.141077,-0.216944,0.169339,-0.203014,0.001034,0.002511
0,-0.186637,-0.16212,-0.126348,-0.02565,-0.140383,0.017468,0.003257,0.00283
0,-0.064265,0.002391,0.116952,0.177052,0.110749,0.165696,0.001122,4.2e-05
0,0.10764,-0.049511,0.15724,-0.025299,0.131839,-0.067483,0.001879,0.000864
0,-0.027845,-0.001275,-0.158808,0.050144,-0.171477,0.094867,0.000486,2.2e-05
0,-0.151023,-0.1174,-0.143177,-0.128183,-0.167763,-0.16585,0.002636,0.002049
0,-0.088619,-0.160343,0.08607,-0.023469,0.052972,-0.052276,0.001547,0.002799
0,-0.194836,-0.072873,-0.114402,0.081035,-0.133047,0.111887,0.003401,0.001272
0,0.009244,-0.105673,0.193236,-0.055409,0.214662,-0.079221,0.000161,0.001844
0,0.093038,-0.096508,0.112349,0.000858,0.125604,-0.031187,0.001624,0.001684
0,-0.001625,-0.07859,-0.112486,0.022331,-0.071662,0.014043,2.8e-05,0.001372
0,-0.187169,0.083374,-0.189291,0.138358,-0.192892,0.128278,0.003267,0.001455
0,-0.024125,-0.053415,0.135876,-0.134377,0.12727,-0.149649,0.000421,0.000932
0,-0.045449,-0.127823,-0.000296,-0.101396,0.010491,-0.134922,0.000793,0.002231
0,-0.142855,0.112228,-0.127066,0.215847,-0.154777,0.241616,0.002493,0.001959
0,-0.040268,-0.078611,0.117617,-0.1899,0.157962,-0.171001,0.000703,0.001372
0,0.087379,-0.099591,0.101787,-0.039478,0.071734,-0.004354,0.001525,0.001738
0,0.048493,0.008381,-0.044153,0.098116,0.000545,0.083518,0.000846,0.000146
0,-0.213118,0.034901,-0.261535,0.05404,-0.269451,0.095029,0.00372,0.000609
0,-0.164309,-0.133612,0.030956,-0.175521,0.080521,-0.208036,0.002868,0.002332
0,0.113472,-0.09316,0.279285,0.024382,0.231957,-0.012017,0.00198,0.001626
0,-0.225027,0.111835,-0.310895,0.233749,-0.32398,0.228878,0.003927,0.001952
0,-0.099677,-0.141966,0.132358,-0.267322,0.129576,-0.217524,0.00174,0.002478
0,0.03571,0.039083,0.13955,0.187831,0.147233,0.224054,0.000623,0.000682
0,-0.015166,-0.101074,-0.079506,-0.125662,-0.081096,-0.148984,0.000265,0.001764
0,-0.145177,0.049491,-0.152156,0.172727,-0.128984,0.193483,0.002534,0.000864
0,-0.090136,-0.090769,0.032034,-0.14608,0.057468,-0.144757,0.001573,0.001584
0,-0.088793,-0.134826,-0.027712,-0.030189,-0.076711,-0.073726,0.00155,0.002353
0,-0.095552,-0.218817,0.01213,-0.091208,0.013299,-0.07361,0.001668,0.003819
0,-0.03992,-0.164366,0.049136,0.073369,0.014833,0.087691,0.000697,0.002869
0,-0.070341,-0.003859,-0.035328,0.161671,0.011278,0.113678,0.001228,6.7e-05
0,0.026664,-0.223807,0.115835,-0.217351,0.080168,-0.174066,0.000465,0.003906
0,-0.070139,0.042381,-0.125561,0.277873,-0.087013,0.298177,0.001224,0.00074
0,0.058808,-0.043088,0.124237,-0.089744,0.164665,-0.066626,0.001026,0.000752
0,-0.021221,-0.249947,-0.10999,-0.215115,-0.129482,-0.192621,0.00037,0.004362
0,0.022239,-0.159369,0.018455,0.102797,0.029243,0.152217,0.000388,0.002782
0,0.053291,0.035105,0.055645,0.165845,0.038505,0.165098,0.00093,0.000613
0,-0.023111,-0.05229,-0.091244,-0.060884,-0.124205,-0.011104,0.000403,0.000913
0,0.113636,-0.180296,0.135727,-0.117117,0.12295,-0.158171,0.001983,0.003147
0,-0.007805,-0.057113,-0.129627,0.150945,-0.118195,0.140406,0.000136,0.000997
0,0.035452,-0.063949,0.070044,-0.023905,0.042822,-0.070056,0.000619,0.001116
0,-0.006311,-0.064556,-0.031807,-0.02393,-0.013788,0.024423,0.00011,0.001127
0,-0.008541,-0.140534,0.025312,-0.069724,-0.005975,-0.041118,0.000149,0.002453
0,-0.188903,-0.070358,-0.158682,0.040643,-0.142473,0.070836,0.003297,0.001228
0,-0.140087,-0.200537,0.064589,-0.145529,0.098556,-0.189003,0.002445,0.0035
0,0.070613,-0.166464,0.233575,0.017691,0.195454,0.012208,0.001232,0.002905
0,0.016981,-0.171554,-0.077361,-0.023995,-0.046342,-0.051458,0.000296,0.002994
0,0.070011,0.052573,0.055363,0.208139,0.025722,0.176106,0.001222,0.000918
0,-0.174342,-0.074016,-0.259256,-0.107289,-0.211478,-0.107639,0.003043,0.001292
0,0.100174,-0.000839,0.27664,0.044335,0.298296,0.045323,0.001748,1.5e-05
0,0.070812,-0.208451,-0.005549,-0.2343,-0.045308,-0.229567,0.001236,0.003638
0,0.040602,0.051422,-0.042482,0.238574,0.001214,0.275708,0.000709,0.000897
0,-0.122732,0.059455,-0.139269,-0.004995,-0.16754,-0.019126,0.002142,0.001038
0,0.032526,0.000428,0.134997,-0.038491,0.15903,-0.06386,0.000568,7e-06
0,0.108363,0.100517,0.067995,0.090885,0.087496,0.06836,0.001891,0.001754
0,-0.031403,-0.071721,-0.169743,-0.15412,-0.141712,-0.159511,0.000548,0.001252
0,-0.070333,0.12621,-0.052991,0.214433,-0.065102,0.175584,0.001228,0.002203
0,0.090347,0.024691,0.187279,-0.125285,0.204335,-0.132642,0.001577,0.000431
0,0.119344,-0.102434,0.055926,-0.155722,0.056534,-0.181718,0.002083,0.001788
0,-0.030754,-0.007252,-0.175464,0.118658,-0.146479,0.081361,0.000537,0.000127
0,-0.180713,0.049281,-0.159617,0.03881,-0.124066,0.050747,0.003154,0.00086
0,-0.188097,0.116769,-0.023183,0.053675,-0.071616,0.087609,0.003283,0.002038
0,-0.134887,-0.132601,0.035122,-0.279268,0.074455,-0.23277,0.002354,0.002314
0,-0.087826,0.097296,0.05891,0.236349,0.079724,0.252395,0.001533,0.001698
0,-0.097759,0.069064,0.014896,-0.014782,0.059456,-0.058929,0.001706,0.001205
0,0.024842,0.024292,0.144197,-0.072335,0.16958,-0.03782,0.000434,0.000424
0,0.235643,-0.199565,0.225436,-0.243414,0.188839,-0.288925,0.004113,0.003483
0,-0.015499,-0.13287,-0.227683,0.069739,-0.190663,0.074441,0.000271,0.002319
0,0.133467,-0.134218,0.173839,0.028329,0.163191,0.029061,0.002329,0.002343
0,0.062582,-0.013091,-0.092277,0.116733,-0.111903,0.131686,0.001092,0.000228
0,0.011158,0.040887,-0.080683,0.031508,-0.046923,0.060979,0.000195,0.000714
0,0.084142,0.02893,0.101108,-0.005523,0.105675,-0.051513,0.001469,0.000505
0,0.29381,-0.021056,0.222296,-0.076985,0.1817,-0.028792,0.005128,0.000367
0,0.196931,-0.077116,-0.071079,-0.034402,-0.04554,-0.052119,0.003437,0.001346
0,0.000432,-0.075612,-0.222616,-0.01007,-0.19202,-0.046423,8e-06,0.00132
0,0.004358,-0.058239,-0.024636,0.013548,-0.017749,0.013269,7.6e-05,0.001016
0,0.129743,0.036786,0.128168,0.105491,0.151387,0.1027,0.002264,0.000642
0,0.146607,0.100189,0.033932,0.065176,0.0775,0.049891,0.002559,0.001749
0,0.113727,0.164265,-0.050534,0.084855,-0.055576,0.070299,0.001985,0.002867
0,0.032494,0.187672,-0.102422,0.027764,-0.09229,0.039166,0.000567,0.003275
0,-0.088299,0.077461,-0.141517,-0.133315,-0.169797,-0.090989,0.001541,0.001352
0,0.05095,-0.037926,0.145336,-0.112907,0.126166,-0.116201,0.000889,0.000662
0,-0.187135,0.211349,-0.250138,0.252067,-0.296984,0.274361,0.003266,0.003689
0,-0.117659,0.190961,0.06025,-0.030632,0.018263,-0.035032,0.002054,0.003333
0,-0.050453,-0.09552,0.039111,-0.288175,0.004813,-0.305357,0.000881,0.001667
0,-0.072786,0.112874,-0.016064,0.224816,-0.011442,0.248425,0.00127,0.00197
0,-0.214986,-0.029703,-0.153637,-0.168835,-0.17774,-0.206386,0.003752,0.000518
0,-0.057131,0.064179,0.186587,0.091515,0.160635,0.070145,0.000997,0.00112
0,-0.167503,0.011455,-0.103462,-0.034908,-0.115332,-0.009859,0.002923,0.0002
0,-0.122163,-0.02597,0.05865,-0.042348,0.031138,-0.058055,0.002132,0.000453
0,-0.10445,0.111105,0.001455,0.113929,-0.047077,0.156313,0.001823,0.001939
0,-0.215653,-0.036363,-0.13196,-0.175905,-0.10891,-0.193491,0.003764,0.000635
0,-0.072113,0.171186,0.149619,0.234556,0.14174,0.213542,0.001259,0.002988
0,-0.002849,-0.053301,0.085137,-0.23966,0.048703,-0.236669,5e-05,0.00093
0,0.035385,0.125957,0.066213,0.181909,0.039258,0.225566,0.000618,0.002198
0,-0.071137,0.18659,-0.083416,0.034294,-0.042605,0.076028,0.001242,0.003257
0,0.006284,-0.027018,0.053771,-0.23836,0.011721,-0.210251,0.00011,0.000472
0,-0.104076,-0.066789,-0.100439,-0.034556,-0.074686,-0.041924,0.001816,0.001166
0,-0.194298,0.049579,-0.062138,0.102016,-0.058551,0.097407,0.003391,0.000865
0,-0.157228,0.061855,0.019457,0.031544,-0.003722,0.016789,0.002744,0.00108
0,-0.051349,-0.048039,0.107858,-0.111421,0.066049,-0.128742,0.000896,0.000838
0,0.017865,-0.042385,0.056449,0.021649,0.09049,-0.012494,0.000312,0.00074
0,-0.064052,-0.045244,-0.098322,-0.026149,-0.1333,-0.024492,0.001118,0.00079
0,-0.193515,0.071349,-0.109988,0.128737,-0.124035,0.091038,0.003377,0.001245
0,-0.207753,-0.088255,-0.023999,-0.159424,-0.014396,-0.116583,0.003626,0.00154
0,0.077148,-0.026942,0.289927,0.082938,0.252606,0.069622,0.001346,0.00047
0,-0.108766,-0.06575,-0.183281,-0.014984,-0.19652,0.011998,0.001898,0.001148
0,-0.054854,-0.032341,0.066887,0.007302,0.077832,-0.00223,0.000957,0.000564
0,-0.019673,0.002469,0.03277,0.018518,0.024071,0.002451,0.000343,4.3e-05
0,-0.153824,-0.000453,-0.105811,-0.021356,-0.060485,-0.066578,0.002685,8e-06
0,-0.652269,-0.695176,-0.500328,-0.693478,-0.523054,-0.727616,0.000367,0.000381
0,-1.342203,-1.16615,-0.701729,-0.448488,-0.729732,-0.408157,7.8e-05,0.00315
0,-1.573042,-1.983623,-0.256331,-0.824149,-0.294362,-0.802145,0.003951,0.000634
0,-1.444431,-1.61992,0.120583,0.352888,0.167243,0.386893,0.001707,0.00477
0,-1.188352,-1.356367,0.259052,0.260536,0.268287,0.228196,0.002763,0.00017
0,-0.897201,-1.219013,0.317413,0.125169,0.294965,0.104316,0.003907,0.002228
0,-0.575447,-0.961662,0.341497,0.282478,0.334524,0.239426,0.001708,0.005032
0,-0.502012,-0.451793,0.091626,0.491658,0.045543,0.44731,0.00299,0.003866
0,-0.145853,-0.421835,0.343466,0.015027,0.373077,0.052071,0.002546,0.004389
0,-0.045731,-0.072595,0.085801,0.331949,0.119465,0.320547,0.000798,0.001267
0,0.012226,0.025006,0.063352,0.079867,0.048386,0.094709,0.000213,0.000436
0,0.171135,0.078108,0.175137,0.068619,0.196383,0.034011,0.002987,0.001363
0,-0.072426,0.09779,-0.268701,0.012631,-0.262298,-0.028996,0.001264,0.001707
0,-0.015523,0.264022,0.056147,0.183136,0.095665,0.220996,0.000271,0.004608
0,0.144047,0.040347,0.174815,-0.247762,0.166121,-0.207499,0.002514,0.000704
0,0.193158,0.236033,0.025256,0.171337,0.019971,0.180075,0.003371,0.00412
0,0.077072,0.324115,-0.088117,0.068312,-0.113949,0.054524,0.001345,0.005657
0,0.103871,0.231626,0.045866,-0.106747,0.051087,-0.115612,0.001813,0.004043
0,0.140906,0.302336,0.014134,0.076464,-0.012308,0.069946,0.002459,0.005277
0,0.125978,0.078367,-0.034175,-0.252748,-0.050662,-0.254068,0.002199,0.001368
0,0.309975,0.290931,0.193975,0.183412,0.201426,0.190362,0.00541,0.005078
0,0.092399,0.210307,-0.21745,-0.095113,-0.216539,-0.047144,0.001613,0.003671
0,0.126638,0.053498,0.00918,-0.162201,-0.025229,-0.178915,0.00221,0.000934
0,0.027169,0.155219,-0.107389,0.091109,-0.086533,0.084607,0.000474,0.002709
0,0.190518,0.295238,0.159919,0.130269,0.208669,0.162863,0.003325,0.005153
0,0.092134,0.058549,-0.07484,-0.259915,-0.054277,-0.304418,0.001608,0.001022
0,0.254571,0.050568,0.156315,0.015724,0.176353,0.003814,0.004443,0.000883
0,0.225347,0.071311,-0.002231,0.029249,-0.000248,0.034628,0.003933,0.001245
0,0.106978,0.100337,-0.136292,0.02461,-0.123205,-0.002982,0.001867,0.001751
0,0.035695,0.150553,-0.097054,0.05042,-0.071442,0.073733,0.000623,0.002628
0,0.209036,0.291297,0.160972,0.120385,0.191166,0.146716,0.003648,0.005084
0,0.203744,0.207308,0.018277,-0.074414,0.018589,-0.045988,0.003556,0.003618
0,-0.016566,0.221747,-0.208628,0.015078,-0.21681,0.055743,0.000289,0.00387
0,0.136953,0.261543,0.179936,0.060448,0.180423,0.011781,0.00239,0.004565
0,0.151596,0.138165,0.038869,-0.111195,0.086585,-0.132689,0.002646,0.002411
0,0.214929,0.017406,0.038553,-0.116188,0.010022,-0.105762,0.003751,0.000304
0,0.199054,0.195438,0.010887,0.19354,-0.033558,0.198721,0.003474,0.003411
0,0.20912,0.061218,0.022483,-0.104318,0.066466,-0.071255,0.00365,0.001068
0,-0.021139,0.244133,-0.239427,0.19123,-0.237851,0.17257,0.000369,0.004261
0,0.088007,0.261718,0.119622,-0.010302,0.16358,0.015581,0.001536,0.004568
0,0.168167,0.015249,0.082014,-0.222914,0.127269,-0.240926,0.002935,0.000266
0,0.087741,0.224484,-0.096005,0.187512,-0.064776,0.175184,0.001531,0.003918
0,0.158005,-0.028326,0.060093,-0.239814,0.04569,-0.201141,0.002758,0.000494
0,0.170702,-0.044344,0.029696,0.002387,0.068907,-0.022996,0.002979,0.000774
0,0.067598,0.177872,-0.105151,0.224749,-0.065379,0.179648,0.00118,0.003104
0,0.101272,-0.103382,0.00625,-0.252674,-0.025409,-0.300809,0.001768,0.001804
0,0.070776,0.09162,-0.00949,0.179942,-0.003524,0.136007,0.001235,0.001599
0,0.28142,-0.033307,0.238438,-0.124184,0.209263,-0.16907,0.004912,0.000581
0,0.11043,0.10565,-0.172307,0.157504,-0.197282,0.200322,0.001927,0.001844
0,0.304682,0.154137,0.194776,0.026228,0.21274,0.006977,0.005318,0.00269
0,0.237503,-0.05987,-0.083647,-0.222436,-0.044546,-0.221777,0.004145,0.001045
0,0.180901,-0.101601,-0.058183,-0.016514,-0.023065,-0.00396,0.003157,0.001773
0,0.233674,0.017476,0.075476,0.145158,0.077623,0.14805,0.004078,0.000305
0,0.166597,-0.056789,-0.094216,-0.077837,-0.140448,-0.03779,0.002908,0.000991
0,0.009932,0.091705,-0.146438,0.171894,-0.161615,0.199061,0.000173,0.001601
0,0.061169,-0.125795,0.064224,-0.245325,0.081371,-0.221092,0.001068,0.002196
0,0.071973,0.068539,-0.007161,0.208931,-0.038057,0.255036,0.001256,0.001196
0,0.221819,-0.066332,0.17929,-0.119243,0.132131,-0.101796,0.003871,0.001158
0,0.159485,-0.014096,-0.064351,0.069323,-0.016475,0.071807,0.002784,0.000246
0,0.050126,-0.047476,-0.096875,-0.041926,-0.141805,-0.090307,0.000875,0.000829
0,-0.030605,-0.027941,-0.086425,0.01438,-0.121285,0.009185,0.000534,0.000488
0,-0.022218,-0.099969,0.00878,-0.080347,0.02097,-0.108986,0.000388,0.001745
0,0.130372,-0.0553,0.157708,0.070145,0.158398,0.041752,0.002275,0.000965
0,0.136161,0.087148,-0.013026,0.133851,0.005911,0.149741,0.002376,0.001521
0,0.138195,-0.03498,-0.016567,-0.097175,-0.027684,-0.119508,0.002412,0.000611
0,0.063699,0.03658,-0.096944,0.069539,-0.111743,0.056254,0.001112,0.000638
0,0.058488,-0.032395,-0.033076,-0.046489,-0.074352,-0.088877,0.001021,0.000565
0,-0.072961,-0.072896,-0.105785,-0.01858,-0.141355,0.009646,0.001273,0.001272
0,-1.325334,-0.250283,-1.259486,-0.157249,-1.243427,-0.149349,0.000372,0.004368
0,-2.648941,-0.275975,-1.320216,-0.044806,-1.355001,-0.078023,0.000774,0.004817
0,-2.71361,-0.233229,-0.074777,0.033362,-0.034252,0.035689,0.000355,0.004071
0,-3.37283,-0.218448,-0.641663,0.008217,-0.642722,-0.013774,0.000108,0.003813
0,-2.945339,-0.236365,0.452896,0.005446,0.497724,0.040301,0.004399,0.004125
0,-2.975852,-0.258488,-0.01718,-0.010285,-0.001104,-0.00076,0.004932,0.004511
0,-3.072965,-0.388421,-0.107069,-0.112932,-0.088536,-0.084609,0.005125,0.004972
0,-2.613287,-0.311223,0.472675,0.071326,0.42782,0.040615,0.001396,0.005432
0,-1.71911,-0.347127,0.898228,-0.039561,0.877934,-0.031656,0.005251,0.005693
0,-1.056316,-0.091684,0.652274,0.283733,0.620579,0.286057,0.005067,0.0016
0,-0.651054,-0.021583,0.394204,0.057724,0.364269,0.029338,0.000389,0.000377
0,-0.332001,-0.145931,0.33902,-0.142625,0.356876,-0.158218,0.005795,0.002547
0,0.040758,0.018282,0.348758,0.155934,0.36998,0.190072,0.000711,0.000319
0,-0.932067,-0.186119,-0.947316,-0.191862,-0.930692,-0.223246,0.004516,0.003248
0,-1.221585,-0.44824,-0.310625,-0.288417,-0.286854,-0.300782,0.002183,0.003928
0,-1.522281,-0.609428,-0.324057,-0.147615,-0.292191,-0.12843,0.003065,0.001115
0,-1.734537,-0.652447,-0.219358,-0.021975,-0.217228,0.00423,0.004982,0.000364
0,-1.604081,-0.379908,0.109669,0.263601,0.099429,0.256554,0.004493,0.005121
0,-1.178292,-0.444721,0.44047,-0.044049,0.396687,0.005498,0.002938,0.00399
0,-1.19779,-0.281715,-0.016549,0.146551,-0.061277,0.108396,0.002598,0.004917
0,-0.811938,-0.182947,0.372199,0.108375,0.364117,0.078533,0.002419,0.003193
0,-0.625705,-0.15058,0.169439,0.035591,0.134624,0.077214,0.000831,0.002628
0,-0.244471,-0.17763,0.388744,0.001885,0.369397,-0.045477,0.004267,0.0031
0,-0.113142,-0.215102,0.159573,-0.027805,0.184741,-0.008842,0.001975,0.003754
0,0.052163,-0.04955,0.143804,0.16738,0.104822,0.193597,0.00091,0.000865
0,-0.124034,-0.019477,-0.169347,0.05555,-0.194115,0.022412,0.002165,0.00034
0,-0.075996,-0.0852,0.0191,-0.038659,0.065971,-0.073166,0.001326,0.001487
0,-0.011421,-0.136477,0.05846,-0.039813,0.010081,-0.002587,0.000199,0.002382
0,0.097408,-0.027134,0.119309,0.085453,0.140779,0.107841,0.0017,0.000474
0,0.163303,0.001021,0.087042,0.053893,0.056008,0.050938,0.00285,1.8e-05
0,0.230288,-0.211811,0.079432,-0.239012,0.030131,-0.265789,0.004019,0.003697
0,0.085645,-0.081344,-0.1599,0.146555,-0.153652,0.107339,0.001495,0.00142
0,0.173949,-0.152148,0.061293,-0.064202,0.018739,-0.044391,0.003036,0.002655
0,-0.039631,-0.08127,-0.189873,0.093113,-0.1842,0.077384,0.000692,0.001418
0,0.060787,-0.099464,0.122052,0.006846,0.097211,0.016308,0.001061,0.001736
0,0.029886,-0.06173,-0.027157,0.033654,-0.028676,0.006919,0.000522,0.001077
0,0.065352,-0.183701,0.045959,-0.097178,0.05764,-0.07124,0.001141,0.003206
0,0.07389,-0.171781,-0.001301,-0.013297,-0.003973,-0.017603,0.00129,0.002998
0,0.248559,-0.151041,0.1825,-0.004067,0.20218,0.013814,0.004338,0.002636
0,0.194313,-0.160335,-0.059138,-0.033312,-0.097365,-0.039618,0.003391,0.002798
0,0.117815,-0.227671,-0.057954,-0.045452,-0.067029,-0.010782,0.002056,0.003974
0,0.13469,-0.074697,0.023815,0.181721,0.040597,0.154969,0.002351,0.001304
0,-0.023394,-0.249057,-0.163546,-0.172668,-0.187759,-0.191315,0.000408,0.004347
0,0.124648,-0.101067,0.174769,0.167404,0.168138,0.120549,0.002176,0.001764
0,0.115461,-0.063656,-0.015977,0.055679,0.017664,0.023568,0.002015,0.001111
0,0.05787,-0.072275,-0.087205,-0.00263,-0.046251,0.002109,0.00101,0.001261
0,0.044736,0.010469,-0.017717,0.055217,-0.025066,0.028819,0.000781,0.000183
0,0.076253,-0.142462,0.051547,-0.1317,0.072366,-0.171783,0.001331,0.002486
0,0.138144,-0.016989,0.035866,0.099146,0.012259,0.115149,0.002411,0.000297
0,0.093022,-0.07083,-0.018823,-0.059861,-0.013605,-0.032246,0.001624,0.001236
0,-0.083493,0.017895,-0.179921,0.099736,-0.211575,0.054419,0.001457,0.000312
0,0.017658,-0.019314,0.09815,-0.037067,0.102501,-0.030573,0.000308,0.000337
0,0.07,-0.031857,0.081431,-0.001035,0.077627,0.006492,0.001222,0.000556
0,0.078017,-0.027063,0.002749,-0.005448,-0.017135,0.015143,0.001362,0.000472
0,-0.111704,-0.204449,-0.180554,-0.172734,-0.229669,-0.142446,0.00195,0.003568
0,-0.079502,-0.159083,0.042756,0.071747,0.085211,0.117613,0.001388,0.002777
0,0.0328,-0.133389,0.138316,0.007413,0.163651,0.056507,0.000572,0.002328
0,-0.168071,-0.265788,-0.190925,-0.117762,-0.186264,-0.147344,0.002933,0.004639
0,0.006818,-0.122534,0.185737,0.150488,0.145687,0.128708,0.000119,0.002139
0,-0.120588,0.010815,-0.117538,0.113431,-0.109887,0.105302,0.002105,0.000189
0,-0.078692,-0.240134,0.056379,-0.239577,0.037753,-0.28039,0.001373,0.004191
0,-0.108645,0.027236,-0.012845,0.277773,0.015027,0.283324,0.001896,0.000475
0,-0.01796,-0.125762,0.102542,-0.13608,0.086457,-0.090124,0.000313,0.002195
0,0.04637,-0.171137,0.049184,-0.044,0.024921,-0.080355,0.000809,0.002987
0,0.174708,0.020514,0.119147,0.168765,0.072053,0.179725,0.003049,0.000358
0,0.037712,-0.193266,-0.155643,-0.231503,-0.171059,-0.205032,0.000658,0.003373
0,0.084018,-0.25341,0.024495,-0.084864,0.007627,-0.134823,0.001466,0.004423
0,0.165865,-0.119936,0.058028,0.148228,0.08966,0.127572,0.002895,0.002093
0,0.047787,-0.092397,-0.141419,0.055237,-0.187593,0.096847,0.000834,0.001613
0,-0.112282,-0.017257,-0.181926,0.047529,-0.18081,0.020837,0.00196,0.000301
0,-0.035911,-0.03266,0.104638,-0.014874,0.129831,-0.036147,0.000627,0.00057
0,0.123567,-0.196739,0.155527,-0.139449,0.162755,-0.097063,0.002157,0.003434
0,0.100946,-0.026532,-0.032445,0.188546,-0.030572,0.22581,0.001762,0.000463
0,-0.143228,-0.226405,-0.258978,-0.185274,-0.235469,-0.149655,0.0025,0.003952
0,0.069866,-0.015039,0.229055,0.181907,0.198068,0.13675,0.001219,0.000262
0,-0.056718,-0.013876,-0.131166,0.019663,-0.168577,0.0451,0.00099,0.000242
0,9e-06,-0.073813,0.051621,-0.033353,0.084302,-0.047075,0.0,0.001288
0,0.130374,-0.035483,0.112736,0.063254,0.068411,0.093525,0.002275,0.000619
0,-0.016936,-0.044219,-0.143943,-0.012436,-0.124181,0.015374,0.000296,0.000772
0,0.053705,-0.041222,0.055389,0.011536,0.096472,0.032657,0.000937,0.000719
0,-0.030803,0.04335,-0.087457,0.069839,-0.065106,0.079331,0.000538,0.000757
0,0.099973,-0.049907,0.103349,-0.117915,0.139679,-0.129301,0.001745,0.000871
0,0.068881,-0.034065,-0.009273,0.019739,-0.00166,-0.010437,0.001202,0.000595
0,0.027126,0.08003,-0.052136,0.110984,-0.07928,0.141796,0.000473,0.001397
0,0.034302,0.024383,0.011913,-0.078894,0.006531,-0.10447,0.000599,0.000426
0,-0.087053,-0.206233,-0.113793,-0.242698,-0.074355,-0.267777,0.001519,0.003599
0,-0.163862,0.00155,-0.047847,0.182211,-0.05043,0.134922,0.00286,2.7e-05
0,-0.006964,0.018789,0.175189,-0.011679,0.16635,-0.043875,0.000122,0.000328
0,-0.183939,-0.154034,-0.151302,-0.153125,-0.161381,-0.132119,0.00321,0.002688
0,-0.023151,-0.122207,0.178507,0.005459,0.161318,0.014119,0.000404,0.002133
0,-0.148398,-0.13374,-0.097994,0.007275,-0.120764,-0.041241,0.00259,0.002334
0,-0.055146,0.038692,0.119984,0.163197,0.070012,0.170681,0.000962,0.000675
0,-0.169062,0.006078,-0.123342,-0.054693,-0.102875,-0.025616,0.002951,0.000106
0,-0.056996,0.022388,0.131752,0.024882,0.17603,0.014545,0.000995,0.000391
0,-0.095116,0.1176,-0.053816,0.068222,-0.077454,0.058108,0.00166,0.002053
0,-0.108681,0.086318,-0.024823,-0.023676,-0.009371,-0.04819,0.001897,0.001507
0,0.087694,0.090537,0.221299,0.004363,0.228272,-0.00648,0.001531,0.00158
0,-0.008358,0.081346,-0.080163,0.016077,-0.040803,0.015912,0.000146,0.00142
0,-0.218611,-0.062852,-0.222185,-0.169328,-0.207785,-0.134153,0.003815,0.001097
0,0.040833,0.053208,0.282304,0.141692,0.288462,0.124443,0.000713,0.000929
0,-0.07296,-0.094683,-0.118961,-0.171292,-0.069062,-0.174814,0.001273,0.001653
0,-0.195642,-0.071285,-0.105659,-0.000326,-0.145415,-0.037667,0.003415,0.001244
0,-0.120495,0.071536,0.088876,0.127206,0.088477,0.098927,0.002103,0.001249
0,-0.228622,-0.148282,-0.133304,-0.206543,-0.175485,-0.254575,0.00399,0.002588
0,-0.283884,0.065821,-0.043097,0.225836,-0.012763,0.217593,0.004955,0.001149
0,-0.029252,-0.105371,0.281865,-0.151524,0.236882,-0.144134,0.000511,0.001839
0,-0.144346,0.037224,-0.115666,0.145555,-0.154289,0.192401,0.002519,0.00065
0,-0.048954,0.068334,0.086231,0.006917,0.03954,0.030165,0.000854,0.001193
0,-0.290242,-0.02296,-0.219017,-0.1007,-0.231691,-0.08665,0.005066,0.000401
0,-0.286963,0.016807,-0.022403,0.029114,-0.015126,-0.006109,0.005008,0.000293
0,0.005379,-0.153669,0.279399,-0.150125,0.287394,-0.144281,9.4e-05,0.002682
0,-0.059037,-0.12192,-0.072957,0.028833,-0.07106,0.017755,0.00103,0.002128
0,-0.008217,-0.025768,0.044777,0.126044,0.029072,0.169072,0.000143,0.00045
0,-0.232125,0.05865,-0.216181,0.062506,-0.219581,0.095827,0.004051,0.001024
0,-0.069718,-0.049245,0.152631,-0.090628,0.12271,-0.131443,0.001217,0.000859
0,-0.159579,0.072051,-0.092672,0.095322,-0.113637,0.108777,0.002785,0.001258
0,-0.070137,0.065041,0.081514,-0.033827,0.065115,0.009498,0.001224,0.001135
0,-0.165224,0.164692,-0.100699,0.099684,-0.087453,0.082914,0.002884,0.002874
0,-0.205933,0.109746,-0.045031,-0.080316,-0.0154,-0.113684,0.003594,0.001915
0,-0.127181,0.149133,0.067225,0.057414,0.03046,0.050804,0.00222,0.002603
0,-0.003502,-0.029485,0.12447,-0.1821,0.145531,-0.139936,6.1e-05,0.000515
0,-0.048328,-0.032636,-0.049258,0.007861,-0.013195,0.028006,0.000843,0.00057
0,0.095454,-0.016028,0.134588,0.000873,0.166404,-0.025463,0.001666,0.00028
0,-0.020938,-0.028549,-0.137571,-0.039382,-0.12082,-0.086861,0.000365,0.000498
0,0.113099,-0.150733,0.105232,-0.119784,0.151765,-0.09008,0.001974,0.002631
0,0.024342,-0.097105,-0.093061,0.051063,-0.084413,0.054542,0.000425,0.001695
0,-0.066743,-0.157058,-0.104609,-0.030179,-0.1269,0.015956,0.001165,0.002741
0,-0.132775,0.098935,-0.044286,0.268652,-0.087704,0.240666,0.002317,0.001727
0,-0.118781,0.033935,0.00215,-0.077987,0.016945,-0.113379,0.002073,0.000592
0,0.10427,0.067787,0.235301,0.027241,0.269724,0.035345,0.00182,0.001183
0,-0.06863,-0.109219,-0.159873,-0.178384,-0.142725,-0.140012,0.001198,0.001906
0,-0.03765,0.080324,0.055999,0.192743,0.030459,0.224838,0.000657,0.001402
0,-0.058747,0.100188,0.008592,0.031101,0.034162,0.063478,0.001025,0.001749
0,0.047681,-0.152658,0.084034,-0.227955,0.088901,-0.225092,0.000832,0.002664
0,-0.005663,0.037942,-0.078987,0.173156,-0.124637,0.143609,9.9e-05,0.000662
0,0.148521,0.005893,0.158402,-0.00657,0.15251,0.015492,0.002592,0.000103
0,0.228644,0.152637,0.070911,0.160477,0.071596,0.15287,0.003991,0.002664
0,0.208596,-0.031075,-0.016313,-0.165557,0.029575,-0.134678,0.003641,0.000542
0,-0.013156,0.084171,-0.248977,0.112776,-0.226899,0.117022,0.00023,0.001469
0,0.111542,-0.056939,0.119261,-0.115181,0.136736,-0.0849,0.001947,0.000994
0,-0.016845,0.022927,-0.115292,0.068874,-0.071441,0.085769,0.000294,0.0004
0,-0.0157,0.042692,-0.008426,0.017514,0.010741,0.037981,0.000274,0.000745
0,-0.137336,0.080422,-0.114268,0.056643,-0.115383,0.042053,0.002397,0.001404
0,-0.029637,-0.032142,0.089902,-0.096877,0.044701,-0.10967,0.000517,0.000561
0,-0.005875,-0.035868,0.050616,-0.006019,0.010202,-0.03049,0.000103,0.000626
0,-0.038565,0.116208,-0.028289,0.138833,-0.054663,0.179007,0.000673,0.002028
0,0.15407,0.010162,0.1932,-0.08448,0.21981,-0.111925,0.002689,0.000177
0,0.00966,-0.059023,-0.129882,-0.095175,-0.175131,-0.142747,0.000169,0.00103
0,0.007144,0.026421,-0.019458,0.10085,-0.053112,0.119667,0.000125,0.000461
0,0.012587,0.091116,0.000727,0.044198,0.049594,0.089901,0.00022,0.00159
0,0.006174,-0.129444,-0.033704,-0.208546,0.013095,-0.188076,0.000108,0.002259
0,-0.044532,0.107186,-0.071346,0.224494,-0.106352,0.241098,0.000777,0.001871
0,0.039956,-0.134317,0.092863,-0.249406,0.114663,-0.285315,0.000697,0.002344
0,0.042132,-0.017735,-0.021487,0.109908,0.026521,0.123687,0.000735,0.00031
0,0.06335,-0.098497,0.046431,-0.054382,0.089734,-0.10336,0.001106,0.001719
0,-0.020179,-0.011954,-0.057474,0.107073,-0.056464,0.096374,0.000352,0.000209
0,-0.061131,-0.084395,-0.011206,-0.0994,0.007405,-0.058025,0.001067,0.001473
0,0.063822,0.009238,0.100845,0.107407,0.058811,0.103896,0.001114,0.000161
0,-0.069903,0.011358,-0.162203,0.032064,-0.16084,0.00468,0.00122,0.000198
0,-0.021487,0.093802,0.064549,0.084199,0.019409,0.108202,0.000375,0.001637
0,-0.114883,0.085006,-0.082551,-0.030365,-0.077354,-0.012139,0.002005,0.001484
0,-0.107758,-0.013546,-0.012243,-0.091889,-0.006937,-0.090991,0.001881,0.000236
0,0.160044,0.098448,0.2479,0.084529,0.295187,0.076051,0.002793,0.001718
0,0.14217,-0.073633,-0.024011,-0.150635,0.018357,-0.156592,0.002481,0.001285
0,-0.143864,0.166619,-0.301871,0.249873,-0.345392,0.297638,0.002511,0.002908
0,0.083983,-0.058131,0.199485,-0.212716,0.210017,-0.185253,0.001466,0.001015
0,-0.064846,0.111812,-0.150994,0.145859,-0.104511,0.163848,0.001132,0.001951
0,0.064447,-0.092682,0.156373,-0.232065,0.158951,-0.249268,0.001125,0.001618
0,-0.073847,0.040257,-0.146408,0.153457,-0.194926,0.121697,0.001289,0.000703
0,0.197764,0.157509,0.299734,0.08783,0.346016,0.095641,0.003452,0.002749
0,0.128312,-0.003706,-0.072299,-0.148402,-0.098194,-0.119374,0.002239,6.5e-05
0,0.170376,-0.094774,0.036117,-0.106616,0.040938,-0.150566,0.002974,0.001654
0,-0.006847,-0.097834,-0.148453,0.018808,-0.16988,0.032389,0.000119,0.001708
0,0.01962,-0.088443,0.036226,0.026486,0.01135,0.010062,0.000342,0.001544
0,0.079461,-0.104005,0.052447,-0.006307,0.052358,-0.023741,0.001387,0.001815
0,-0.100264,0.04147,-0.151569,0.131164,-0.148325,0.100318,0.00175,0.000724
0,-0.024781,-0.127266,0.096078,-0.14773,0.079185,-0.192884,0.000433,0.002221
0,0.063436,0.053336,0.072236,0.187301,0.091925,0.187783,0.001107,0.000931
0,0.003322,0.033342,-0.048738,0.007535,-0.013096,-0.018501,5.8e-05,0.000582
0,-0.113948,0.078202,-0.094781,0.038042,-0.139378,-0.00424,0.001989,0.001365
0,0.026442,-0.066348,0.120565,-0.173577,0.168471,-0.208126,0.000461,0.001158
0,0.186646,0.000449,0.170768,0.053109,0.183661,0.085266,0.003258,8e-06
0,-0.049203,0.157385,-0.238335,0.145462,-0.231723,0.185237,0.000859,0.002747
0,-0.060718,-0.021475,-0.033547,-0.179049,-0.049063,-0.147149,0.00106,0.000375
0,0.221307,0.118436,0.281229,0.164017,0.313969,0.118341,0.003863,0.002067
0,0.039366,0.02106,-0.189371,-0.102716,-0.180865,-0.111941,0.000687,0.000368
0,0.130047,-0.074935,0.106409,-0.09933,0.097506,-0.087365,0.00227,0.001308
0,0.173397,0.025693,0.039199,0.110602,0.007647,0.15053,0.003026,0.000448
0,0.210976,-0.069673,0.03373,-0.112512,0.020173,-0.116793,0.003682,0.001216
0,-0.083487,0.106913,-0.304702,0.181127,-0.304086,0.163124,0.001457,0.001866
0,-0.014648,-0.08598,0.075025,-0.183622,0.104943,-0.15359,0.000256,0.001501
0,0.051494,-0.08445,0.049902,-0.020941,0.030529,-0.000556,0.000899,0.001474
0,0.128286,-0.05725,0.049107,0.055689,0.081544,0.028636,0.002239,0.000999
0,-0.066025,-0.079684,-0.215132,-0.042773,-0.182517,-0.032245,0.001152,0.001391
0,0.181055,0.078206,0.250415,0.132178,0.287567,0.09596,0.00316,0.001365
0,0.026925,0.010143,-0.16672,-0.048504,-0.175428,-0.076628,0.00047,0.000177
0,0.106164,0.106229,0.056416,0.107931,0.019171,0.151136,0.001853,0.001854
0,0.099145,-0.111404,0.002933,-0.191358,-0.046355,-0.167223,0.00173,0.001944
0,-0.013727,-0.137854,-0.098642,-0.024445,-0.106349,-0.059738,0.00024,0.002406
0,-0.022572,-0.064989,-0.020824,0.095567,0.001179,0.05401,0.000394,0.001134
0,-0.085738,-0.088557,-0.055975,-0.041122,-0.0292,-0.014356,0.001496,0.001546
0,0.041947,-0.019623,0.154545,0.091859,0.182942,0.121707,0.000732,0.000342
0,0.020394,-0.061472,-0.001202,-0.061562,-0.039403,-0.07072,0.000356,0.001073
0,-0.016282,-0.021642,-0.027842,0.016808,-0.012093,0.008992,0.000284,0.000378
0,-0.183215,-0.074963,-0.174497,-0.060977,-0.221446,-0.056874,0.003198,0.001308
0,-0.174626,-0.03223,0.029079,0.04992,0.015858,0.001969,0.003048,0.000563
0,-0.173452,0.036067,-0.013741,0.095354,-0.046627,0.07464,0.003027,0.000629
0,-0.10672,0.132671,0.067759,0.081594,0.083687,0.127812,0.001863,0.002316
0,-0.090707,0.015064,0.014774,-0.110219,0.011436,-0.063062,0.001583,0.000263
0,0.065323,-0.070793,0.160796,-0.115099,0.128051,-0.12876,0.00114,0.001236
0,-0.022908,0.105154,-0.077702,0.186396,-0.038051,0.192661,0.0004,0.001835
0,-0.220465,0.033935,-0.170624,-0.068437,-0.126022,-0.019643,0.003848,0.000592
0,0.010119,-0.061805,0.239888,-0.086203,0.213758,-0.115844,0.000177,0.001079
0,-0.200157,0.01144,-0.226201,0.088836,-0.261093,0.131705,0.003493,0.0002
0,-0.305478,0.004226,-0.11055,0.003836,-0.145301,-0.036621,0.005332,7.4e-05
0,-0.311832,0.198132,-0.035129,0.17184,-0.042715,0.188468,0.005442,0.003458
0,-0.150193,0.16948,0.176938,-0.019038,0.165951,0.02632,0.002621,0.002958
0,-0.304058,0.026064,-0.127365,-0.116759,-0.109373,-0.083716,0.005307,0.000455
0,-0.12506,-0.074988,0.171614,-0.108989,0.138202,-0.072845,0.002183,0.001309
0,-0.178779,-0.054636,-0.02407,0.017145,-0.011872,-0.014432,0.00312,0.000954
0,-0.0428,-0.035836,0.131679,0.028831,0.156178,0.078217,0.000747,0.000625
0,-0.119284,0.023307,-0.054801,0.088379,-0.031366,0.118899,0.002082,0.000407
0,-0.267741,-0.00493,-0.175221,-0.025343,-0.141915,0.013673,0.004673,8.6e-05
0,0.028253,-0.087514,0.312316,-0.109932,0.320257,-0.142118,0.000493,0.001527
0,-0.211087,-0.056941,-0.245032,0.054443,-0.200518,0.095004,0.003684,0.000994
0,-0.106541,0.13587,0.130579,0.221108,0.144249,0.242849,0.001859,0.002371
0,-0.179274,0.080426,-0.071243,-0.081651,-0.040447,-0.084292,0.003129,0.001404
0,0.015033,0.106447,0.18672,0.0527,0.177109,0.097235,0.000262,0.001858
0,0.045562,0.126084,0.030533,0.011637,0.010319,0.045467,0.000795,0.002201
0,0.022125,-0.05743,-0.030334,-0.183531,-0.075956,-0.161836,0.000386,0.001002
0,0.003364,-0.038483,-0.006154,0.002153,-0.00405,0.039388,5.9e-05,0.000672
0,0.9519,-0.375765,0.924695,-0.330953,0.9453,-0.322006,0.004862,0.005193
0,2.108795,-0.207417,1.146419,0.188136,1.193956,0.172415,0.00155,0.00362
0,2.428289,-0.627408,0.316842,-0.409524,0.342974,-0.418678,0.004625,0.000801
0,2.064948,-0.532955,-0.347567,0.081305,-0.370728,0.065558,0.000785,0.00245
0,2.362365,-0.31094,0.303644,0.205375,0.255017,0.239758,0.005776,0.005427
0,2.002727,-0.250421,-0.373794,0.044985,-0.38268,0.060239,0.000301,0.004371
0,1.669587,-0.20543,-0.327542,0.036344,-0.280938,0.012563,0.005636,0.003585
0,1.288359,-0.24335,-0.399531,-0.063466,-0.426524,-0.060741,0.001017,0.004247
0,0.912979,-0.553736,-0.363358,-0.299144,-0.369744,-0.317697,0.004183,0.002087
0,0.72646,-0.362913,-0.157395,0.190322,-0.156989,0.216746,0.000927,0.005418
0,0.315521,-0.440724,-0.395899,-0.097544,-0.417756,-0.106117,0.005507,0.00406
0,0.225481,-0.346742,-0.075569,0.088407,-0.122667,0.111206,0.003935,0.0057
0,0.09637,0.003897,-0.109997,0.321074,-0.128258,0.370649,0.001682,6.8e-05
0,0.126256,0.024354,0.057996,0.003641,0.021273,0.021911,0.002204,0.000425
0,0.255279,0.302411,0.100085,0.305208,0.108223,0.325251,0.004455,0.005278
0,0.077582,0.031891,-0.154492,-0.272576,-0.170217,-0.253074,0.001354,0.000557
0,0.224066,0.233186,0.128325,0.198889,0.081337,0.189945,0.003911,0.00407
0,0.091412,0.144968,-0.158039,-0.058929,-0.143854,-0.06588,0.001595,0.00253
0,0.18058,0.34604,0.093765,0.228618,0.069274,0.264315,0.003152,0.005712
0,0.192575,0.176839,0.008674,-0.157702,-0.015818,-0.203958,0.003361,0.003086
0,0.204603,0.187249,0.01539,0.037546,0.007724,0.076866,0.003571,0.003268
0,0.228248,0.196609,-0.000775,0.005834,-0.037821,-0.035637,0.003984,0.003431
0,0.113444,0.251787,-0.131161,0.064198,-0.09605,0.07585,0.00198,0.004395
0,-0.052558,0.179873,-0.174607,-0.070918,-0.208604,-0.057322,0.000917,0.003139
0,0.156101,0.076301,0.23551,-0.11141,0.192882,-0.111926,0.002724,0.001332
0,0.02453,0.241826,-0.145613,0.160121,-0.185583,0.198068,0.000428,0.004221
0,0.212436,0.161321,0.198977,-0.090542,0.22428,-0.109674,0.003708,0.002816
0,0.020186,0.025715,-0.180553,-0.145331,-0.190544,-0.118938,0.000352,0.000449
0,0.022269,0.213863,-0.009668,0.21608,0.035098,0.211181,0.000389,0.003733
0,0.032698,0.210262,0.011009,-0.027939,-0.0219,-0.032376,0.000571,0.00367
0,-0.051319,0.074308,-0.063074,-0.140877,-0.082296,-0.09315,0.000896,0.001297
0,-0.016504,0.048136,0.030745,0.003438,0.067199,0.021031,0.000288,0.00084
0,0.094505,-0.071088,0.105001,-0.114897,0.056234,-0.162289,0.001649,0.001241
0,0.019086,-0.026357,-0.056171,0.060591,-0.055376,0.025918,0.000333,0.00046
0,-0.024689,0.12343,-0.071588,0.123368,-0.042976,0.161874,0.000431,0.002154
0,0.050679,0.14054,0.046273,-0.010837,0.093016,-0.035021,0.000885,0.002453
0,-0.109051,0.100165,-0.160617,-0.067249,-0.158963,-0.110201,0.001903,0.001748
0,0.037171,-0.00778,0.162882,-0.125927,0.128366,-0.078729,0.000649,0.000136
0,-0.037423,0.036784,-0.077738,0.055016,-0.03233,0.033611,0.000653,0.000642
0,0.056908,0.086479,0.122421,0.031127,0.098701,0.043995,0.000993,0.001509
0,-0.044001,-0.008291,-0.086018,-0.113659,-0.085292,-0.083585,0.000768,0.000145
0,0.101598,-0.076716,0.130857,-0.040157,0.092546,-0.062116,0.001773,0.001339
0,0.17762,-0.053366,0.052202,-0.004725,0.084271,0.026699,0.0031,0.000931
0,-0.034775,-0.073996,-0.186028,-0.011517,-0.197058,-0.01808,0.000607,0.001291
0,-0.050764,-0.05182,-0.010362,0.005306,-0.017251,0.050185,0.000886,0.000904
0,0.040555,0.073051,0.091926,0.122498,0.091131,0.111424,0.000708,0.001275
0,0.143426,-0.032037,0.095893,-0.097504,0.061058,-0.139216,0.002503,0.000559
0,0.272146,-0.035058,0.121231,-0.026327,0.170848,-0.046307,0.00475,0.000612
0,0.03205,-0.122667,-0.248862,-0.107346,-0.208075,-0.14503,0.000559,0.002141
0,0.22194,0.081375,0.181454,0.200319,0.200013,0.156241,0.003874,0.00142
0,0.062579,-0.115436,-0.141978,-0.22344,-0.13942,-0.270987,0.001092,0.002015
0,-0.014892,-0.004534,-0.095268,0.129873,-0.068607,0.105545,0.00026,7.9e-05
0,0.034731,-0.132166,0.039867,-0.122073,0.072338,-0.140728,0.000606,0.002307
0,0.222522,0.091662,0.181784,0.244829,0.177061,0.220916,0.003884,0.0016
0,0.075443,0.025252,-0.130359,-0.048824,-0.133643,-0.085602,0.001317,0.000441
0,-0.003537,-0.095353,-0.051993,-0.149806,-0.062251,-0.152205,6.2e-05,0.001664
0,0.096173,0.01656,0.124025,0.141643,0.095257,0.122498,0.001679,0.000289
0,-0.015904,0.125338,-0.083105,0.110817,-0.120179,0.133325,0.000278,0.002188
0,0.126278,0.166209,0.161325,0.024973,0.117364,0.070815,0.002204,0.002901
0,-0.125986,-0.031447,-0.227084,-0.188452,-0.195602,-0.160667,0.002199,0.000549
0,-0.032769,-0.054898,0.094369,-0.009538,0.137737,-0.011058,0.000572,0.000958
0,-0.097014,-0.12294,-0.051903,-0.085611,-0.09577,-0.044639,0.001693,0.002146
0,-0.054651,0.138848,0.03708,0.283712,0.037331,0.312795,0.000954,0.002423
0,0.07516,0.117429,0.158718,-0.014887,0.191481,-0.007926,0.001312,0.00205
0,0.125008,-0.142302,0.043513,-0.282108,0.072043,-0.237435,0.002182,0.002484
0,0.191409,0.016165,0.052393,0.145539,0.092329,0.154069,0.003341,0.000282
0,0.092754,-0.118324,-0.127697,-0.145588,-0.134295,-0.119875,0.001619,0.002065
0,0.05672,-0.033015,-0.056148,0.082703,-0.085466,0.105982,0.00099,0.000576
0,-0.036053,0.065339,-0.066474,0.104783,-0.110402,0.085289,0.000629,0.00114
0,0.166697,0.12786,0.218008,0.077536,0.212584,0.061938,0.002909,0.002232
0,0.242831,0.021304,0.102519,-0.119784,0.05527,-0.077102,0.004238,0.000372
0,0.131184,-0.044182,-0.100308,-0.051252,-0.124244,-0.088356,0.00229,0.000771
0,0.147555,-0.009281,-0.006397,0.012133,-0.048965,0.014922,0.002575,0.000162
0,0.056691,0.171816,-0.10804,0.172756,-0.092592,0.199489,0.000989,0.002999
0,0.074466,0.065861,0.042022,-0.13149,0.030945,-0.178775,0.0013,0.001149
0,0.095245,-0.01638,0.011055,-0.09961,-0.035694,-0.057869,0.001662,0.000286
0,0.135031,0.067298,0.009966,0.098025,-0.002916,0.079525,0.002357,0.001175
0,-0.034502,-0.020578,-0.14871,-0.083477,-0.172108,-0.09538,0.000602,0.000359
0,-2.680038,1.208517,-2.629356,1.22323,-2.615956,1.179073,0.000231,0.002411
0,-4.447945,2.115335,-1.761182,0.893319,-1.750869,0.894937,0.004631,0.001664
0,-4.361892,2.095963,0.057802,-0.025956,0.037857,0.002312,0.005619,0.001326
0,-4.621588,2.456504,-0.277274,0.376049,-0.263489,0.340989,0.0016,0.004133
0,-4.526835,2.254139,0.089174,-0.195314,0.07742,-0.150623,0.003254,0.004087
0,-4.028906,2.220157,0.490318,-0.007746,0.493364,-0.004406,0.000193,0.003494
0,-2.595619,1.839419,1.409353,-0.371166,1.44284,-0.402561,0.001705,0.003151
0,-1.789622,0.960721,0.829042,-0.85838,0.782007,-0.900788,0.00402,0.005016
0,-1.143255,0.836209,0.647246,-0.145769,0.639296,-0.134275,0.00355,0.002843
0,-0.562019,0.409056,0.555268,-0.418338,0.60314,-0.456249,0.001943,0.004612
0,-0.224362,0.322328,0.347006,-0.092364,0.311409,-0.056121,0.003916,0.005626
0,-0.303456,0.102021,-0.088311,-0.236155,-0.104806,-0.232185,0.005296,0.001781
0,-0.195372,0.026566,0.122275,-0.073043,0.077686,-0.068441,0.00341,0.000464
0,-0.006008,0.055877,0.185925,0.026969,0.219491,-0.02245,0.000105,0.000975
0,-0.021304,0.12739,-0.00357,0.087959,0.017263,0.076186,0.000372,0.002223
0,0.895699,0.469124,0.930584,0.371405,0.923761,0.379196,0.003881,0.003564
0,1.40369,0.515448,0.502246,0.076124,0.541424,0.04724,0.000996,0.002755
0,1.668913,0.977792,0.253511,0.476004,0.30059,0.487148,0.005625,0.005314
0,2.120899,1.227158,0.454569,0.222368,0.438902,0.186351,0.001762,0.002085
0,2.319356,1.047052,0.201381,-0.175295,0.241373,-0.196933,0.005225,0.005229
0,1.888083,0.68904,-0.41584,-0.335907,-0.428357,-0.340915,0.002302,0.000274
0,1.713841,0.530314,-0.199939,-0.185155,-0.206434,-0.199265,0.005343,0.002496
0,1.582607,0.355047,-0.119659,-0.177627,-0.127175,-0.174925,0.004118,0.005555
0,1.088051,-0.14538,-0.501868,-0.513662,-0.466182,-0.50061,0.004513,0.002537
0,0.552366,-0.011051,-0.554168,0.109732,-0.585687,0.137644,0.002111,0.000193
0,0.250494,-0.054535,-0.290878,-0.0217,-0.253689,-0.041997,0.004372,0.000952
0,0.152513,-0.242255,-0.11922,-0.197773,-0.088628,-0.227179,0.002662,0.004228
0,-0.145837,-0.244612,-0.323069,0.024683,-0.277119,0.034527,0.002545,0.004269
0,-0.028754,-0.062748,0.142586,0.177893,0.12056,0.129396,0.000502,0.001095
0,-0.147862,-0.083562,-0.127822,-0.030459,-0.10782,0.009801,0.002581,0.001458
0,-0.178479,-0.353824,-0.048122,-0.274869,-0.005868,-0.267841,0.003115,0.005576
0,-0.458224,-0.2747,-0.286598,0.069312,-0.270406,0.053252,0.003754,0.004794
0,-0.220317,-0.165226,0.224265,0.080718,0.264698,0.124878,0.003845,0.002884
0,-0.377698,-0.042922,-0.142652,0.123643,-0.182152,0.099761,0.00516,0.000749
0,-0.099033,-0.056861,0.289361,-0.039898,0.269776,-0.045458,0.001728,0.000992
0,-0.211628,0.036023,-0.102007,0.09309,-0.10843,0.093471,0.003694,0.000629
0,-0.099625,-0.190262,0.118027,-0.215449,0.090708,-0.175774,0.001739,0.003321
0,-0.059498,-0.03874,0.052182,0.15142,0.102086,0.110383,0.001038,0.000676
0,-0.124244,-0.058378,-0.051094,-0.000951,-0.003021,-0.014848,0.002168,0.001019
0,-0.080842,0.020269,0.028083,0.088318,0.057207,0.104483,0.001411,0.000354
0,-0.140849,-0.184564,-0.07509,-0.205898,-0.075573,-0.176067,0.002458,0.003221
0,0.072808,-0.021212,0.24239,0.175529,0.278223,0.198249,0.001271,0.00037
0,0.110998,-0.017649,0.011877,0.032548,-0.012027,-0.000254,0.001937,0.000308
0,0.151259,-0.199829,0.050169,-0.211488,0.083754,-0.252588,0.00264,0.003488
0,0.128283,-0.083696,-0.02974,0.142745,-0.012286,0.159071,0.002239,0.001461
0,0.146029,0.018035,-0.007815,0.121395,-0.025226,0.142078,0.002549,0.000315
0,0.021322,-0.199588,-0.098478,-0.202795,-0.107202,-0.247232,0.000372,0.003483
0,-0.020104,-0.012163,-0.046784,0.187528,-0.057865,0.19113,0.000351,0.000212
0,0.065765,-0.119418,0.058568,-0.102956,0.066417,-0.078623,0.001148,0.002084
0,-0.169946,-0.03766,-0.233672,0.106457,-0.280994,0.084834,0.002966,0.000657
0,-0.067342,-0.150016,0.08191,-0.09555,0.055002,-0.053497,0.001175,0.002618
0,-0.185863,-0.013244,-0.106161,0.133066,-0.131627,0.125564,0.003244,0.000231
0,-0.008682,-0.109231,0.186947,-0.092022,0.178184,-0.050048,0.000152,0.001906
0,0.06259,0.028814,0.083988,0.157733,0.115579,0.129464,0.001092,0.000503
0,-0.065269,-0.203565,-0.12876,-0.214452,-0.176792,-0.257018,0.001139,0.003553
0,0.097723,0.007166,0.143525,0.221994,0.094339,0.241943,0.001706,0.000125
0,-0.115449,-0.183749,-0.223713,-0.178008,-0.179882,-0.201183,0.002015,0.003207
0,0.085216,-0.120236,0.219061,0.038553,0.192551,0.064575,0.001487,0.002099
0,0.145813,-0.127525,0.036336,-0.033786,0.064329,-0.028139,0.002545,0.002226
0,-0.018329,-0.166508,-0.188454,-0.026835,-0.143331,0.001849,0.00032,0.002906
0,-0.117838,-0.03422,-0.126286,0.152591,-0.164584,0.19262,0.002057,0.000597
0,0.07247,0.000122,0.211338,0.050298,0.227455,0.046652,0.001265,2e-06
0,-0.045451,0.061894,-0.11322,0.086161,-0.102899,0.118511,0.000793,0.00108
0,0.121319,0.081897,0.142771,0.006084,0.101705,0.013501,0.002117,0.001429
0,0.101647,-0.125176,-0.024041,-0.186805,0.0104,-0.157733,0.001774,0.002185
0,0.064978,-0.069042,-0.030184,0.045877,-0.024665,-3.1e-05,0.001134,0.001205
0,-0.011988,-0.037552,-0.106872,0.036838,-0.117714,0.039623,0.000209,0.000655
0,0.005982,-0.120886,0.021239,-0.106386,0.07067,-0.06387,0.000104,0.00211
0,0.041876,-0.009833,0.023914,0.102794,0.015491,0.08006,0.000731,0.000172
0,0.156988,-0.019299,0.136558,0.002756,0.182598,-0.046996,0.00274,0.000337
0,-0.007169,-0.195368,-0.185652,-0.148086,-0.171272,-0.102489,0.000125,0.00341
0,-0.009571,-0.078486,0.002434,0.095766,-0.037021,0.106641,0.000167,0.00137
0,2.383704,-1.582759,2.423123,-1.506524,2.4574,-1.493263,0.005403,0.004121
0,2.193618,-2.140974,-0.169946,-0.582797,-0.187005,-0.58057,0.003031,0.002112
0,1.94459,-2.588941,-0.220447,-0.42685,-0.206124,-0.431862,0.001316,0.001821
0,1.795999,-2.71068,-0.138701,-0.103306,-0.09638,-0.061344,0.003909,0.000303
0,1.499699,-2.487108,-0.304635,0.24922,-0.315819,0.231061,0.002671,0.003599
0,1.493705,-1.416392,-0.003504,1.073504,-0.044664,1.035363,0.002567,0.001217
0,1.298757,-1.258579,-0.186296,0.184707,-0.140018,0.195996,0.000836,0.001537
0,0.810029,-0.694683,-0.516606,0.585117,-0.514045,0.56378,0.002386,0.000373
0,0.46384,-0.647732,-0.351996,0.035766,-0.396795,0.01413,0.003656,0.000447
0,0.249625,-0.163986,-0.218032,0.460161,-0.193432,0.427312,0.004357,0.002862
0,0.001824,-0.013797,-0.250377,0.131851,-0.263203,0.174957,3.2e-05,0.000241
0,-0.06073,-0.11481,-0.084756,-0.122411,-0.039855,-0.100434,0.00106,0.002004
0,-0.032943,0.048451,0.005775,0.138416,-0.025564,0.183283,0.000575,0.000846
0,-0.143945,0.116963,-0.081325,0.091503,-0.058214,0.126823,0.002512,0.002041
0,-0.123627,0.406301,0.003488,0.276453,0.030744,0.272025,0.002158,0.00466
0,0.015171,0.218514,0.152381,-0.171966,0.184668,-0.165429,0.000265,0.003814
0,-0.03679,0.152821,-0.068652,-0.067377,-0.083835,-0.083378,0.000642,0.002667
0,-0.194258,0.129893,-0.160145,-0.042403,-0.179829,-0.070625,0.00339,0.002267
0,-0.150725,0.032952,0.046364,-0.109701,0.005204,-0.083581,0.002631,0.000575
0,-0.204032,0.133457,-0.058169,0.130366,-0.090814,0.092159,0.003561,0.002329
0,-0.130052,0.015955,0.048296,-0.103797,0.035636,-0.059923,0.00227,0.000278
0,-0.074272,0.053865,0.041599,0.061476,-0.001026,0.046689,0.001296,0.00094
0,-0.039864,0.036231,0.059691,-0.012787,0.037824,-0.045239,0.000696,0.000632
0,-0.089087,0.213687,-0.027309,0.184055,-0.023937,0.174641,0.001555,0.00373
0,0.021411,0.018857,0.118126,-0.219927,0.139465,-0.231297,0.000374,0.000329
0,-0.105187,0.061763,-0.119825,0.061951,-0.075458,0.023524,0.001836,0.001078
0,0.029453,0.117249,0.132262,0.059489,0.162375,0.065128,0.000514,0.002046
0,-0.149424,0.079391,-0.189171,-0.064073,-0.230932,-0.092354,0.002608,0.001386
0,-0.064225,-0.00925,0.057472,-0.066562,0.083456,-0.030001,0.001121,0.000161
0,-0.113876,0.259361,-0.049475,0.288911,-0.062225,0.262327,0.001988,0.004527
0,-0.090672,-0.004597,0.012374,-0.291112,0.02528,-0.297893,0.001583,8e-05
0,-0.057588,0.275273,0.008083,0.284554,0.000706,0.324437,0.001005,0.004804
0,-0.228443,-0.015976,-0.149253,-0.302127,-0.19786,-0.342273,0.003987,0.000279
0,-1.806134,-0.125296,-1.605605,-0.136246,-1.632688,-0.086376,0.003732,0.002187
0,-2.351396,-0.509645,-0.54706,-0.376717,-0.507011,-0.372522,0.005785,0.002857
0,-1.835537,-0.891583,0.539258,-0.363805,0.518367,-0.40266,0.003219,0.003809
0,-1.535202,-1.288418,0.326423,-0.411739,0.290095,-0.378037,0.003291,0.001016
0,-1.274623,-1.07262,0.255264,0.195603,0.266531,0.204731,0.001257,0.004783
0,-0.854504,-0.747966,0.399984,0.347898,0.392265,0.364043,0.003162,0.001303
0,-0.525993,-0.894496,0.333138,-0.171919,0.359685,-0.172815,0.002571,0.00386
0,-0.289156,-0.62575,0.249946,0.270669,0.249265,0.235638,0.005047,0.00083
0,-0.081898,-0.458088,0.23634,0.172553,0.264237,0.142076,0.001429,0.003757
0,-0.23426,-0.288853,-0.123739,0.154262,-0.152037,0.180773,0.004089,0.005041
0,-0.16406,-0.187156,0.058135,0.130918,0.024045,0.147414,0.002863,0.003266
0,0.117137,-0.127555,0.291993,0.086462,0.322108,0.133582,0.002044,0.002226
0,0.11446,-0.069488,0.009531,0.060326,0.039128,0.048002,0.001998,0.001213
0,0.04948,-0.171229,-0.061978,-0.116984,-0.037893,-0.146443,0.000864,0.002989
0,0.08617,-0.115429,0.012203,0.057227,0.058888,0.061149,0.001504,0.002015
0,0.205251,0.098162,0.094682,0.228896,0.067514,0.219955,0.003582,0.001713
0,0.158554,-0.068149,-0.036191,-0.18947,-0.040998,-0.23026,0.002767,0.001189
0,0.167367,-0.132591,-0.013476,-0.038892,0.033362,-0.046395,0.002921,0.002314
0,0.173665,-0.072108,0.021686,0.089439,0.04952,0.069073,0.003031,0.001259
0,-0.058831,0.089599,-0.206906,0.149483,-0.181502,0.144783,0.001027,0.001564
0,0.143971,0.020126,0.230576,-0.065774,0.254251,-0.091577,0.002513,0.000351
0,0.129142,-0.127309,0.004949,-0.148878,-0.039114,-0.16891,0.002254,0.002222
0,-0.047491,0.057439,-0.154541,0.160062,-0.114159,0.148809,0.000829,0.001003
0,-0.100104,-0.074689,-0.059242,-0.141087,-0.05654,-0.136651,0.001747,0.001304
0,0.017502,-0.190245,0.123576,-0.120836,0.099846,-0.157641,0.000305,0.00332
0,-0.094462,-0.129439,-0.106311,0.067299,-0.112941,0.070911,0.001649,0.002259
0,-0.177254,-0.080777,-0.099224,0.029337,-0.053434,0.053903,0.003094,0.00141
0,-0.122702,-0.181906,0.024563,-0.1146,-0.015589,-0.157079,0.002142,0.003175
0,0.038497,-0.170436,0.173309,0.03775,0.162423,0.072302,0.000672,0.002975
0,-0.051562,-0.208213,-0.08831,-0.04975,-0.066092,-0.058591,0.0009,0.003634
0,-0.130384,-0.092177,-0.062203,0.10846,-0.090848,0.08279,0.002276,0.001609
0,-0.069084,-0.17954,0.035434,-0.115227,-0.010497,-0.139901,0.001206,0.003134
0,0.030924,-0.166546,0.120814,0.021026,0.113727,-0.008195,0.00054,0.002907
0,-0.206424,-0.105809,-0.234204,0.044499,-0.252448,0.036378,0.003603,0.001847
0,-0.06551,-0.05544,0.159429,0.077259,0.179679,0.059992,0.001143,0.000968
0,-0.201244,-0.114327,-0.145113,-0.077061,-0.125744,-0.092211,0.003512,0.001995
0,-0.030146,-0.171236,0.166986,-0.053262,0.176493,-0.008975,0.000526,0.002989
0,0.001184,-0.135518,0.023173,0.018439,0.063828,0.036399,2.1e-05,0.002365
0,-0.080272,0.041514,-0.091938,0.180719,-0.122578,0.148382,0.001401,0.000725
0,-0.036225,-0.103212,0.015395,-0.151073,0.012664,-0.197175,0.000632,0.001801
0,1.217228,-0.141363,1.243981,-0.059522,1.287752,-0.032797,0.002259,0.002467
0,1.466792,-0.356014,0.231496,-0.238519,0.231987,-0.250482,0.002097,0.005538
0,1.573138,-0.413014,0.090831,-0.061229,0.065988,-0.0997,0.003953,0.004543
0,1.36603,-0.536068,-0.179665,-0.144398,-0.13043,-0.136729,0.000338,0.002396
0,1.133367,-0.121743,-0.237453,0.43665,-0.286564,0.403677,0.003722,0.002125
0,0.714898,-0.36219,-0.409245,-0.268856,-0.361279,-0.240019,0.000726,0.00543
0,0.461612,-0.182578,-0.223474,0.157395,-0.257131,0.186394,0.003695,0.003187
0,0.291862,-0.214253,-0.16661,-0.016766,-0.116979,-0.03755,0.005094,0.003739
0,0.081291,-0.107966,-0.234179,0.135286,-0.197975,0.176237,0.001419,0.001884
0,0.140213,0.020514,0.036768,0.115677,0.032127,0.068954,0.002447,0.000358
0,0.049704,0.140092,-0.099674,0.110359,-0.135362,0.086646,0.000868,0.002445
0,-0.09739,-0.091576,-0.138359,-0.23929,-0.093863,-0.278812,0.0017,0.001598
0,0.014718,0.069718,0.104309,0.173314,0.142021,0.204983,0.000257,0.001217
0,-0.187254,-0.063996,-0.210943,-0.119993,-0.21608,-0.123607,0.003268,0.001117
0,0.075559,0.087753,0.265276,0.139687,0.251722,0.110386,0.001319,0.001532
0,-0.059419,0.098585,-0.164278,0.032718,-0.152666,-0.010268,0.001037,0.001721
0,0.017118,0.139505,0.093756,0.040326,0.079214,0.066731,0.000299,0.002435
0,-0.064103,-0.060357,-0.064843,-0.197863,-0.018721,-0.164066,0.001119,0.001053
0,0.021343,-0.114916,0.091569,-0.041885,0.117761,-0.042624,0.000373,0.002006
0,-0.128713,0.014145,-0.120143,0.130694,-0.153715,0.175085,0.002246,0.000247
0,-0.098465,0.136353,0.048141,0.141765,0.052474,0.183963,0.001719,0.00238
0,-0.007344,-0.064743,0.089972,-0.203638,0.103587,-0.163074,0.000128,0.00113
0,-0.014534,0.046651,-0.010352,0.121511,0.004715,0.097244,0.000254,0.000814
0,-0.120217,-0.010787,-0.112,-0.053648,-0.129444,-0.09039,0.002098,0.000188
0,0.015959,0.141791,0.113701,0.142183,0.119191,0.157671,0.000279,0.002475
0,0.038087,0.03757,0.038455,-0.123804,0.038254,-0.086137,0.000665,0.000656
0,0.065484,-0.072138,0.042565,-0.127491,0.018215,-0.086756,0.001143,0.001259
0,-0.100234,-0.091565,-0.140171,-0.042395,-0.091485,-0.036006,0.001749,0.001598
0,-0.093408,0.093033,0.025901,0.189258,0.068745,0.151656,0.00163,0.001624
0,-0.039585,-0.029398,0.067365,-0.135724,0.117103,-0.110671,0.000691,0.000513
0,-0.079631,-0.067009,-0.030435,-0.029525,-0.06467,-0.014737,0.00139,0.00117
0,0.022308,0.080217,0.081926,0.157243,0.042953,0.145254,0.000389,0.0014
0,-0.213583,-0.029301,-0.217628,-0.128803,-0.23242,-0.154383,0.003728,0.000511
0,-0.136155,-0.10759,0.075491,-0.050127,0.116574,-0.095834,0.002376,0.001878
0,-0.202246,0.091023,-0.059888,0.183457,-0.090267,0.194814,0.00353,0.001589
0,-0.084717,0.161859,0.138812,0.061479,0.129589,0.013423,0.001479,0.002825
0,-0.02829,-0.070289,0.08298,-0.227613,0.039203,-0.21714,0.000494,0.001227
0,-0.146125,0.010087,-0.115344,0.107637,-0.11564,0.143943,0.00255,0.000176
0,-0.098118,0.032208,0.055415,-0.001743,0.087281,-0.029882,0.001712,0.000562
0,-0.233708,0.035227,-0.118929,-0.017287,-0.097788,-0.01811,0.004079,0.000615
0,-0.203307,0.01135,0.055648,-0.045728,0.060459,-0.055174,0.003548,0.000198
0,-0.017913,0.041159,0.15814,0.036671,0.204065,0.057283,0.000313,0.000718
0,-0.192046,0.139877,-0.163195,0.072375,-0.155687,0.119078,0.003352,0.002441
0,-0.171531,0.104497,0.02242,-0.049231,0.032948,-0.004686,0.002994,0.001824
0,-0.12372,0.008559,0.076173,-0.090404,0.092217,-0.116207,0.002159,0.000149
0,-0.060758,0.016032,0.070111,0.014119,0.095769,0.008873,0.00106,0.00028
0,-0.141532,0.04005,-0.064616,-0.003058,-0.016732,-0.01068,0.00247,0.000699
0,0.053413,0.206173,0.20159,0.179105,0.249424,0.203949,0.000932,0.003598
0,-0.174413,0.192204,-0.201622,-0.006878,-0.182964,0.025624,0.003044,0.003355
0,0.112236,0.1736,0.277491,-0.029394,0.243797,-0.01762,0.001959,0.00303
0,0.06238,0.039098,-0.041715,-0.126325,-0.016504,-0.139946,0.001089,0.000682
0,0.024883,0.099539,-0.050471,0.058855,-0.036014,0.059696,0.000434,0.001737
0,-0.237434,0.154984,-0.237946,0.050608,-0.219048,0.048094,0.004144,0.002705
0,-0.213747,0.107665,0.049451,-0.023268,0.090972,-0.050409,0.003731,0.001879
0,-0.202704,-0.016717,-0.013877,-0.094925,0.0127,-0.097676,0.003538,0.000292
0,-0.024249,0.052542,0.197522,0.069181,0.170705,0.059619,0.000423,0.000917
0,0.110122,-0.155282,0.118265,-0.201849,0.149643,-0.246232,0.001922,0.00271
0,0.112243,0.104978,-0.023266,0.241131,-0.064592,0.279818,0.001959,0.001832
0,-0.189238,-0.045808,-0.295248,-0.138783,-0.288738,-0.142446,0.003303,0.000799
0,0.059702,0.047003,0.219845,0.112141,0.263214,0.108441,0.001042,0.00082
0,0.05562,0.11528,0.000964,0.059783,-0.005441,0.024602,0.000971,0.002012
0,-0.111307,0.054731,-0.176005,-0.085742,-0.129205,-0.077792,0.001943,0.000955
0,-0.109953,-0.0401,0.029652,-0.09808,0.065239,-0.085038,0.001919,0.0007
0,-0.08735,-0.123253,0.015905,-0.054831,-0.010354,-0.014123,0.001525,0.002151
0,0.082987,-0.060418,0.199863,0.065705,0.226993,0.053013,0.001448,0.001054
0,-0.1087,0.140156,-0.217985,0.225372,-0.19938,0.200573,0.001897,0.002446
0,-0.149648,0.048279,-0.023585,-0.0653,0.016261,-0.022511,0.002612,0.000843
0,0.016229,-0.090697,0.191369,-0.145736,0.158995,-0.117305,0.000283,0.001583
0,-0.090255,0.045599,-0.103939,0.130017,-0.062909,0.087764,0.001575,0.000796
0,-0.038998,0.034841,0.026353,-0.010344,0.011294,-0.048489,0.000681,0.000608
0,-0.063759,-0.050772,-0.015952,-0.061141,-0.057725,-0.024516,0.001113,0.000886
0,-0.083389,0.067801,-0.026031,0.128664,-0.060369,0.175406,0.001455,0.001183
0,-0.105675,0.118422,-0.044676,0.053757,-0.009569,0.086208,0.001844,0.002067
0,0.04936,0.143641,0.144616,0.052168,0.15332,0.055142,0.000862,0.002507
0,0.052198,-0.04051,0.007389,-0.176314,0.028676,-0.195581,0.000911,0.000707
0,-0.027234,-0.112749,-0.06883,-0.080659,-0.093909,-0.080873,0.000475,0.001968
0,-0.209035,0.051989,-0.204642,0.169165,-0.208042,0.160014,0.003648,0.000907
0,-0.125416,0.117933,0.065507,0.064733,0.081281,0.068965,0.002189,0.002058
0,-0.050607,-0.025174,0.073224,-0.145637,0.088454,-0.101785,0.000883,0.000439
0,0.038967,-0.052255,0.113215,-0.027558,0.076735,-0.076192,0.00068,0.000912
0,-0.091569,0.105456,-0.144411,0.179722,-0.095672,0.213764,0.001598,0.001841
0,-0.028423,-0.01092,0.054278,-0.111445,0.018385,-0.10466,0.000496,0.000191
0,-0.180895,-0.095419,-0.151044,-0.105665,-0.155664,-0.140365,0.003157,0.001665
0,-0.146369,0.087754,0.064214,0.189641,0.01936,0.147656,0.002555,0.001532
0,-0.020889,0.132965,0.130928,0.046591,0.0935,0.01532,0.000365,0.002321
0,0.055305,-0.013699,0.068299,-0.163602,0.098518,-0.179056,0.000965,0.000239
0,-0.00498,0.003742,-0.049674,0.035716,-0.042642,-0.004209,8.7e-05,6.5e-05
0,-0.12859,-0.073426,-0.121861,-0.057816,-0.13846,-0.022939,0.002244,0.001282
0,0.02706,0.016013,0.184829,0.085041,0.178006,0.134161,0.000472,0.000279
0,-0.010942,-0.14991,-0.024804,-0.195625,0.023336,-0.219364,0.000191,0.002616
0,0.096785,-0.024581,0.118599,0.145478,0.083375,0.111321,0.001689,0.000429
0,0.009087,0.043747,-0.066402,0.062545,-0.073306,0.020155,0.000159,0.000764
0,-0.0154,-0.127191,-0.021457,-0.186812,-0.024539,-0.228171,0.000269,0.00222
0,-0.176,0.097558,-0.139324,0.216415,-0.188878,0.227596,0.003072,0.001703
0,-0.071554,0.055263,0.076683,-0.028419,0.086574,-0.015556,0.001249,0.000965
0,0.046763,0.148749,0.130581,0.080542,0.162091,0.097062,0.000816,0.002596
0,-0.123965,0.140969,-0.189897,-0.017371,-0.166466,-0.02604,0.002164,0.00246
0,-0.088335,-0.020375,0.058721,-0.158917,0.046228,-0.193128,0.001542,0.000356
0,-0.056975,0.148411,0.03027,0.169177,-0.009396,0.172483,0.000994,0.00259
0,0.096866,-0.029579,0.169874,-0.149305,0.134432,-0.157065,0.001691,0.000516
0,0.124628,-0.077095,0.048157,-0.022761,0.004737,0.00851,0.002175,0.001346
0,0.027788,0.078772,-0.111238,0.168413,-0.061771,0.120998,0.000485,0.001375
0,0.128992,0.035838,0.105564,-0.039646,0.089751,-0.047215,0.002251,0.000625
0,0.1456,0.110408,0.00182,0.055735,-0.03212,0.014519,0.002541,0.001927
0,0.121241,0.057556,-0.019627,-0.048233,-0.038174,-0.020434,0.002116,0.001005
0,0.074233,-0.038209,-0.07355,-0.118661,-0.097497,-0.105047,0.001296,0.000667
0,0.02274,-0.009835,-0.074924,0.00779,-0.037252,-0.040071,0.000397,0.000172
0,0.085592,-0.13547,0.066063,-0.143259,0.111552,-0.167173,0.001494,0.002364
0,0.297515,-0.123368,0.236124,0.010244,0.258308,-0.016801,0.005193,0.002153
0,0.313143,0.138069,0.010758,0.285145,0.047843,0.334663,0.005465,0.00241
0,0.067553,-0.061052,-0.269915,-0.198156,-0.310846,-0.246818,0.001179,0.001066
0,0.252854,-0.132519,0.205339,-0.100253,0.172718,-0.054528,0.004413,0.002313
0,0.243171,-0.024212,-0.008888,0.13198,-0.006618,0.17267,0.004244,0.000423
0,0.081579,-0.115953,-0.159348,-0.083425,-0.116823,-0.057098,0.001424,0.002024
0,0.147304,0.000743,0.059318,0.144065,0.074132,0.172741,0.002571,1.3e-05
0,-0.080857,-0.047304,-0.216352,-0.018469,-0.231413,-0.005771,0.001411,0.000826
0,0.182616,0.031412,0.259028,0.059328,0.27752,0.031356,0.003187,0.000548
0,0.117293,0.092748,-0.045006,0.086095,-0.069295,0.055341,0.002047,0.001619
0,0.210898,-0.1261,0.101973,-0.246315,0.098088,-0.241904,0.003681,0.002201
0,0.301008,-0.203683,0.08631,-0.107079,0.07092,-0.096198,0.005254,0.003555
0,0.184921,-0.170677,-0.106897,0.007589,-0.116474,0.041063,0.003227,0.002979
0,-0.025193,0.095421,-0.214541,0.292159,-0.178134,0.281332,0.00044,0.001665
0,0.084864,0.079009,0.130796,-0.013139,0.144834,0.026966,0.001481,0.001379
0,0.164284,-0.016486,0.089717,-0.093603,0.068236,-0.09697,0.002867,0.000288
0,0.187901,-0.194405,0.023103,-0.171872,0.070739,-0.221438,0.003279,0.003393
0,0.044947,-0.014138,-0.139154,0.176704,-0.18497,0.220271,0.000784,0.000247
0,-0.046328,-0.161111,-0.076444,-0.127281,-0.114916,-0.147748,0.000809,0.002812
0,0.051093,0.040258,0.097912,0.18295,0.115415,0.153557,0.000892,0.000703
0,0.091682,-0.013848,0.057815,-0.044104,0.013515,-0.02375,0.0016,0.000242
0,0.000663,-0.123694,-0.120594,-0.108153,-0.15106,-0.066109,1.2e-05,0.002159
0,-0.02319,-0.137851,-0.031411,0.001824,-0.015759,-6.4e-05,0.000405,0.002406
0,0.045988,-0.186937,0.074326,-0.065101,0.08295,-0.077761,0.000803,0.003263
0,-0.035867,-0.022587,-0.091947,0.165335,-0.058821,0.140769,0.000626,0.000394
0,-0.135362,-0.039623,-0.126183,-0.040037,-0.134522,-0.033607,0.002363,0.000692
0,0.085883,-0.03665,0.246279,-0.006528,0.257732,-0.032767,0.001499,0.00064
0,0.160378,-0.121137,0.074344,-0.105518,0.027526,-0.067197,0.002799,0.002114
0,0.101704,-0.081945,-0.030871,0.050547,-0.02207,0.090496,0.001775,0.00143
0,0.094677,-0.048545,-0.033242,0.003664,-0.020505,0.023825,0.001652,0.000847
0,0.034076,-0.08304,-0.081174,-0.027427,-0.125481,-0.003182,0.000595,0.001449
0,-0.13296,-0.079367,-0.184492,-0.006571,-0.174866,0.003795,0.002321,0.001385
0,-0.128479,0.099084,-0.010037,0.178438,-0.004032,0.157886,0.002242,0.001729
0,-0.051636,-0.07295,0.089347,-0.143083,0.095531,-0.184889,0.000901,0.001273
0,-0.100875,-0.093818,-0.026638,-0.041581,-0.007047,-0.085109,0.001761,0.001637
0,0.048639,0.097955,0.134218,0.176123,0.088371,0.215838,0.000849,0.00171
0,0.065263,0.096394,0.02489,-0.025333,-0.020093,-0.061775,0.001139,0.001682
0,-0.00254,-0.063354,-0.090172,-0.170054,-0.093557,-0.174758,4.4e-05,0.001106
0,-0.008303,0.019761,0.013162,0.093816,-0.000377,0.106439,0.000145,0.000345
0,0.064544,-0.051293,0.066866,-0.048213,0.027972,-0.067459,0.001127,0.000895
0,-0.18231,-0.130712,-0.242723,-0.056452,-0.209611,-0.006478,0.003182,0.002281
0,-0.034698,0.036955,0.146208,0.138668,0.195883,0.187161,0.000606,0.000645
0,0.082122,0.097295,0.138682,0.083413,0.179945,0.107661,0.001433,0.001698
0,-0.230718,0.167352,-0.339129,0.047149,-0.311283,0.089923,0.004027,0.002921
0,-0.214535,-0.005788,0.006478,-0.202316,-0.023466,-0.249511,0.003744,0.000101
0,-0.067837,0.124006,0.134882,0.144728,0.178073,0.118057,0.001184,0.002164
0,-0.136078,-0.072319,-0.042082,-0.180664,-0.005731,-0.225012,0.002375,0.001262
0,-0.071136,0.122438,0.052706,0.220347,0.09826,0.171031,0.001242,0.002137
0,0.003209,-0.057252,0.091772,-0.209021,0.090538,-0.178368,5.6e-05,0.000999
0,0.145831,0.084062,0.164499,0.128216,0.158518,0.14325,0.002545,0.001467
0,-0.1401,0.005612,-0.26316,-0.104177,-0.299585,-0.073172,0.002445,9.8e-05
0,0.110148,0.149262,0.278944,0.161485,0.32097,0.18596,0.001922,0.002605
0,0.11655,0.117853,-0.014269,-0.017872,-0.030375,0.027901,0.002034,0.002057
0,-0.214785,0.110484,-0.336423,0.015966,-0.322566,0.008153,0.003749,0.001928
0,-0.055425,0.019924,0.166765,-0.108989,0.18514,-0.090955,0.000967,0.000348
0,0.079656,0.0648,0.124683,0.066919,0.080352,0.11415,0.00139,0.001131
0,-0.089515,-0.091673,-0.16623,-0.181314,-0.183583,-0.177493,0.001562,0.0016
0,-0.115549,0.031509,0.000467,0.139827,0.01242,0.118179,0.002017,0.00055
0,-0.017817,0.134167,0.119679,0.109208,0.126117,0.083812,0.000311,0.002342
0,0.032822,0.147801,0.052784,-0.008117,0.015525,-0.025814,0.000573,0.00258
0,-0.147293,-0.042847,-0.209433,-0.202593,-0.194204,-0.236398,0.002571,0.000748
0,-0.016957,0.026246,0.152978,0.08915,0.146801,0.073624,0.000296,0.000458
0,0.008307,0.021921,0.043471,0.013707,0.083545,0.040384,0.000145,0.000383
0,0.10902,0.132469,0.10214,0.106318,0.081292,0.114909,0.001903,0.002312
0,-0.120816,-0.034536,-0.230654,-0.157113,-0.261396,-0.188171,0.002109,0.000603
0,0.009351,-0.008128,0.13338,0.022329,0.131925,0.011343,0.000163,0.000142
0,-0.046313,0.008848,-0.035219,0.028151,-0.046315,0.06532,0.000808,0.000154
0,-0.206545,-0.114466,-0.157689,-0.115884,-0.165583,-0.127438,0.003605,0.001998
0,0.096395,-0.152733,0.293601,-0.025319,0.251128,-0.015784,0.001682,0.002666
0,-0.102175,0.055138,-0.220014,0.216333,-0.197739,0.212455,0.001783,0.000962
0,-0.054169,-0.160455,0.023161,-0.19024,0.049932,-0.214169,0.000945,0.0028
0,0.192475,-0.028378,0.250286,0.149372,0.226291,0.192104,0.003359,0.000495
0,0.040447,0.002924,-0.174293,0.010436,-0.177606,-0.013028,0.000706,5.1e-05
0,0.009209,0.006358,-0.001258,-0.019095,-0.001355,0.002006,0.000161,0.000111
0,-0.118563,-0.128728,-0.12973,-0.143031,-0.130628,-0.144284,0.002069,0.002247
0,0.001786,-0.117161,0.104028,0.022568,0.119354,0.003624,3.1e-05,0.002045
0,0.173296,-0.08178,0.160336,0.009921,0.165962,-0.007008,0.003025,0.001427
0,0.155056,-0.111152,0.008588,-0.051239,0.01132,-0.077208,0.002706,0.00194
0,0.095825,-0.166615,-0.072819,-0.060058,-0.059515,-0.04863,0.001672,0.002908
0,0.315645,-0.088205,0.223606,0.057177,0.178728,0.067791,0.005509,0.001539
0,0.318485,0.141932,0.002585,0.245405,0.036505,0.267809,0.005559,0.002477
0,0.091761,0.017179,-0.198946,-0.113992,-0.213018,-0.14235,0.001602,0.0003
0,0.288001,-0.0145,0.222811,-0.010186,0.259094,-0.017542,0.005027,0.000253
0,0.313241,-0.096584,4.7e-05,-0.055906,0.021288,-0.020264,0.005467,0.001686
0,0.218183,0.093463,-0.083439,0.210736,-0.07734,0.177592,0.003808,0.001631
0,0.108397,0.088277,-0.118815,-0.007851,-0.150727,-0.00619,0.001892,0.001541
0,0.340534,0.081899,0.26053,-0.011174,0.269407,-0.046659,0.005808,0.001429
0,0.002485,-0.059173,-0.328386,-0.146129,-0.372936,-0.165336,4.3e-05,0.001033
0,1.858296,0.06192,1.879932,0.110873,1.855931,0.085162,0.002822,0.001081
0,3.847361,-0.076991,1.986742,-0.149481,1.989016,-0.153166,0.003361,0.001344
0,4.331001,-0.114698,0.472082,-0.048178,0.476665,-0.097134,0.00508,0.002002
0,3.68729,-0.016405,-0.627428,0.126801,-0.621442,0.135729,0.005597,0.000286
0,3.356216,-0.145249,-0.349712,-0.117768,-0.363822,-0.158182,0.000181,0.002535
0,2.556652,0.02427,-0.803919,0.152091,-0.765916,0.104481,0.002385,0.000424
0,2.004624,-0.220619,-0.530913,-0.273431,-0.572502,-0.302009,0.000268,0.003851
0,1.433965,-0.132414,-0.580785,0.094161,-0.545126,0.058599,0.001524,0.002311
0,0.801739,-0.012596,-0.614765,0.11148,-0.599545,0.148946,0.002241,0.00022
0,0.119382,-0.152996,-0.656047,-0.123712,-0.672238,-0.141373,0.002084,0.00267
0,-0.285881,-0.102689,-0.433783,0.067873,-0.392969,0.068409,0.00499,0.001792
0,-0.436947,0.053997,-0.134947,0.143991,-0.125665,0.103753,0.004126,0.000942
0,-0.509483,-0.19045,-0.084855,-0.215759,-0.074926,-0.198073,0.00286,0.003324
0,-0.349698,0.031617,0.135738,0.197406,0.117774,0.189763,0.005648,0.000552
0,-0.341067,-0.083124,-0.010134,-0.120336,-0.014736,-0.116882,0.005799,0.001451
0,-0.107165,0.045616,0.206358,0.10456,0.180611,0.140011,0.00187,0.000796
0,-0.187447,0.039429,-0.075004,0.006298,-0.050386,0.01733,0.003272,0.000688
0,-0.067957,-0.105396,0.147391,-0.124563,0.126945,-0.102533,0.001186,0.00184
0,-0.054108,-0.172997,0.021938,-0.051603,-0.01214,-0.046235,0.000944,0.003019
0,-0.040137,-0.07504,0.029478,0.103299,0.014484,0.109886,0.000701,0.00131
0,0.046251,-0.091139,0.066123,-0.00279,0.08667,0.007691,0.000807,0.001591
0,0.149578,-0.2298,0.093523,-0.143931,0.055761,-0.164087,0.002611,0.004011
0,0.087109,-0.036311,-0.082616,0.196579,-0.061644,0.243039,0.00152,0.000634
0,0.054173,-0.222029,-0.062121,-0.197573,-0.094846,-0.23571,0.000945,0.003875
0,0.204606,0.071609,0.13253,0.277464,0.146241,0.252841,0.003571,0.00125
0,0.021341,-0.071132,-0.166161,-0.136127,-0.191384,-0.112975,0.000372,0.001241
0,-0.099562,-0.049417,-0.137742,0.050222,-0.101782,0.080132,0.001738,0.000862
0,-0.021344,0.087204,0.052708,0.126748,0.026134,0.150007,0.000373,0.001522
0,0.00077,0.08821,0.034447,0.030138,0.046824,-0.013988,1.3e-05,0.00154
0,0.042444,-0.068481,0.062522,-0.166677,0.035884,-0.187673,0.000741,0.001195
0,-0.094755,-0.158413,-0.165096,-0.061976,-0.116198,-0.109874,0.001654,0.002765
0,0.043332,-0.055031,0.15093,0.074827,0.155865,0.070884,0.000756,0.00096
0,-0.178996,-0.154443,-0.247017,-0.105241,-0.243636,-0.080274,0.003124,0.002696
0,-0.046989,-0.132457,0.117129,0.01092,0.07104,0.052002,0.00082,0.002312
0,-0.056971,0.010297,-0.039407,0.135796,-0.040681,0.108113,0.000994,0.00018
0,0.121171,-0.038876,0.154633,-0.074479,0.179868,-0.058352,0.002115,0.000679
0,0.102403,0.077458,0.008603,0.123867,0.044991,0.125278,0.001787,0.001352
0,0.061768,0.118827,-0.055259,0.015168,-0.036084,0.026384,0.001078,0.002074
0,-0.080792,0.100175,-0.142177,0.002004,-0.190691,-0.03115,0.00141,0.001748
0,0.006217,-0.047945,0.061053,-0.144034,0.088211,-0.16748,0.000109,0.000837
0,0.110339,0.108947,0.095487,0.168733,0.075274,0.211479,0.001926,0.001901
0,0.18609,-0.037883,0.048622,-0.140711,0.008228,-0.09119,0.003248,0.000661
0,0.072694,-0.106585,-0.087742,-0.050167,-0.043059,-0.057403,0.001269,0.00186
0,0.022126,0.05089,-0.024629,0.150088,0.021819,0.16673,0.000386,0.000888
0,-0.038797,-0.103886,-0.05918,-0.144248,-0.022223,-0.136372,0.000677,0.001813
0,-0.129173,0.079437,-0.09132,0.193766,-0.108147,0.161726,0.002254,0.001386
0,-0.092257,-0.019391,0.04218,-0.094383,0.023838,-0.112796,0.00161,0.000338
0,-0.229476,0.138447,-0.108472,0.129046,-0.129384,0.102304,0.004005,0.002416
0,-0.020728,0.071626,0.190011,-0.04994,0.205845,-0.027569,0.000362,0.00125
0,-0.214737,-0.057549,-0.178992,-0.099796,-0.139388,-0.089301,0.003748,0.001004
0,-0.014167,-0.07139,0.228909,-0.041882,0.240639,-0.076812,0.000247,0.001246
0,-0.180297,-0.005692,-0.174475,0.067099,-0.204232,0.093644,0.003147,9.9e-05
0,-0.30018,0.070102,-0.122568,0.073378,-0.167146,0.062236,0.005239,0.001224
0,-0.068526,-0.092625,0.216489,-0.15386,0.252051,-0.174926,0.001196,0.001617
0,-0.044688,0.006203,0.001686,0.09513,0.032276,0.095651,0.00078,0.000108
0,-0.049829,0.122952,-0.002932,0.138668,-0.016651,0.0932,0.00087,0.002146
0,-0.010448,0.040924,0.012922,-0.102098,-0.029311,-0.114879,0.000182,0.000714
0,-0.083083,0.126436,-0.05313,0.057295,-0.034295,0.061944,0.00145,0.002207
0,-0.059613,-0.019086,0.027623,-0.145282,-0.001055,-0.137492,0.00104,0.000333
0,-0.057425,0.178387,0.024905,0.207611,0.002808,0.251098,0.001002,0.003113
0,-0.00771,0.186124,0.047342,0.017993,0.04411,0.021889,0.000135,0.003248
0,-0.124524,-0.020244,-0.129491,-0.18056,-0.12699,-0.153842,0.002173,0.000353
0,-0.161966,0.165058,-0.034925,0.193179,-0.050662,0.216403,0.002827,0.002881
0,-0.074995,-0.019484,0.062535,-0.184033,0.053049,-0.219046,0.001309,0.00034
0,-0.150143,0.041107,-0.068509,0.043538,-0.078109,0.05793,0.00262,0.000717
0,-0.07473,-0.108251,0.098542,-0.16519,0.124357,-0.197059,0.001304,0.001889
0,-0.033413,-0.011431,0.069131,0.10094,0.100783,0.071316,0.000583,0.0002
0,0.072058,0.142624,0.082386,0.168436,0.09146,0.15455,0.001258,0.002489
0,0.048608,-0.002634,-0.037385,-0.144217,-0.00321,-0.18347,0.000848,4.6e-05
0,0.090165,0.187154,0.066902,0.177379,0.083757,0.20585,0.001574,0.003266
0,-0.09557,0.088262,-0.163187,-0.071309,-0.139474,-0.10538,0.001668,0.00154
0,0.001969,0.102866,0.093997,0.012557,0.10998,0.025455,3.4e-05,0.001795
0,-0.069611,-0.027646,-0.062194,-0.137193,-0.110455,-0.1416,0.001215,0.000483
0,0.069072,0.125113,0.129064,0.12407,0.122919,0.107362,0.001206,0.002184
0,0.082293,0.20807,0.027891,0.107663,0.05007,0.151671,0.001436,0.003631
0,-0.029841,-0.091616,-0.087259,-0.284519,-0.060135,-0.260238,0.000521,0.001599
0,-0.018802,0.027683,-0.017689,0.122512,-0.01647,0.158196,0.000328,0.000483
0,-0.049229,0.13101,-0.045727,0.077293,-0.000991,0.116381,0.000859,0.002287
0,-0.08278,0.050792,-0.013297,-0.084417,0.028269,-0.052666,0.001445,0.000886
0,0.116358,0.020636,0.215009,-0.05547,0.233921,-0.022713,0.002031,0.00036
0,-0.060095,0.094607,-0.151493,0.0582,-0.186414,0.061829,0.001049,0.001651
0,0.018487,0.07808,0.054945,-0.010931,0.017915,-0.057488,0.000323,0.001363
0,-0.10665,0.149165,-0.12354,0.061731,-0.159798,0.098605,0.001861,0.002603
0,-0.126398,-0.088024,-0.024291,-0.246633,-0.035065,-0.241066,0.002206,0.001536
0,-0.021629,0.171706,0.113571,0.233504,0.159027,0.261458,0.000377,0.002997
0,0.052009,-0.021057,0.092012,-0.173564,0.140672,-0.147263,0.000908,0.000368
0,-0.04781,0.048185,-0.108979,0.04511,-0.109699,0.081556,0.000834,0.000841
0,0.111339,-0.085621,0.159977,-0.135946,0.202977,-0.163492,0.001943,0.001494
0,-0.04597,-0.010864,-0.180959,0.100063,-0.186673,0.068027,0.000802,0.00019
0,-0.014758,-0.001701,0.054014,0.001869,0.011984,-0.001857,0.000258,3e-05
0,0.117572,0.028346,0.124821,0.012657,0.075525,0.035191,0.002052,0.000495
0,0.125676,-0.045871,0.015377,-0.089476,0.010726,-0.114671,0.002193,0.000801
0,0.042488,-0.060069,-0.087956,-0.028654,-0.104869,0.01514,0.000742,0.001048
0,0.154105,-0.15003,0.129963,-0.09657,0.13153,-0.12863,0.00269,0.002619
0,-0.048514,-0.062947,-0.179242,0.062365,-0.189154,0.050526,0.000847,0.001099
0,-0.126583,0.054287,-0.062798,0.114966,-0.111945,0.084219,0.002209,0.000947
0,-0.092633,0.142192,0.060496,0.103199,0.086005,0.108527,0.001617,0.002482
0,-0.029954,0.014696,0.063802,-0.147318,0.058067,-0.177379,0.000523,0.000256
0,-0.051713,0.160943,-0.043054,0.129451,0.001663,0.160873,0.000903,0.002809
0,-0.196402,0.086956,-0.156081,-0.096853,-0.19445,-0.100884,0.003428,0.001518
0,-0.005523,0.109249,0.162894,0.044115,0.212761,0.016288,9.6e-05,0.001907
0,0.058316,0.064058,0.037688,-0.068493,0.010808,-0.029714,0.001018,0.001118
0,-0.018359,0.022851,-0.056469,-0.050454,-0.010248,-0.024074,0.00032,0.000399
0,0.04266,-0.012175,0.089951,-0.047054,0.058228,-0.007105,0.000745,0.000212
0,0.124761,-0.002072,0.096449,0.023961,0.117622,0.013044,0.002177,3.6e-05
0,-0.113113,0.0707,-0.247215,0.055961,-0.283144,0.0631,0.001974,0.001234
0,0.063632,0.018763,0.151308,-0.03245,0.163357,-0.01506,0.001111,0.000327
0,-0.106559,0.068493,-0.195063,0.078069,-0.196856,0.118383,0.00186,0.001195
0,-0.134034,0.193358,-0.040051,0.152465,-0.067281,0.121137,0.002339,0.003375
0,-0.121062,0.010377,-0.007553,-0.203313,-0.0277,-0.194125,0.002113,0.000181
0,-0.207747,0.174709,-0.076663,0.14636,-0.038604,0.145833,0.003626,0.003049
0,-0.103493,0.074907,0.084691,-0.101886,0.05394,-0.14129,0.001806,0.001307
0,-0.164673,0.162812,-0.047733,0.115073,-0.059703,0.111371,0.002874,0.002842
0,-0.092649,0.020758,0.100758,-0.158676,0.125325,-0.198804,0.001617,0.000362
0,-0.074784,0.010231,0.044677,-0.029844,0.045445,-0.007019,0.001305,0.000179
0,0.004061,0.0565,0.094264,0.019097,0.117797,0.049962,7.1e-05,0.000986
0,-0.020602,0.252135,0.000411,0.186253,0.040095,0.230615,0.00036,0.004401
0,-0.170721,0.089551,-0.153882,-0.175302,-0.181918,-0.173651,0.00298,0.001563
0,0.016953,-0.059569,0.158253,-0.172966,0.167859,-0.168487,0.000296,0.00104
0,0.046137,-0.003713,0.030487,0.076114,-0.000116,0.075194,0.000805,6.5e-05
0,0.007347,0.203147,-0.010161,0.196419,0.032104,0.179069,0.000128,0.003546
0,-0.109344,0.103465,-0.088912,-0.125059,-0.085735,-0.136285,0.001908,0.001806
0,0.105981,0.064704,0.241696,-0.049751,0.229453,-0.088413,0.00185,0.001129
0,-0.103759,0.217813,-0.193077,0.1419,-0.21861,0.172765,0.001811,0.003802
0,-0.196159,0.1714,-0.073377,-0.074528,-0.072046,-0.077933,0.003424,0.002991
0,-0.163743,-0.055309,0.04371,-0.22969,0.059721,-0.277711,0.002858,0.000965
0,0.018704,0.119281,0.202347,0.189562,0.243013,0.181063,0.000326,0.002082
0,-0.212616,0.163685,-0.258221,0.03728,-0.260801,-0.000295,0.003711,0.002857
0,0.062022,0.113476,0.292109,-0.031641,0.289613,-0.024247,0.001082,0.001981
0,-0.200955,0.181856,-0.247484,0.084472,-0.283124,0.111459,0.003507,0.003174
0,-0.086137,-0.045933,0.14404,-0.247263,0.150266,-0.201402,0.001503,0.000802
0,-0.101044,0.164428,-0.042421,0.225449,-0.058325,0.227766,0.001764,0.00287
0,-0.253956,-0.100094,-0.166458,-0.282545,-0.15851,-0.251805,0.004432,0.001747
0,-0.057992,-0.007156,0.199229,0.11561,0.165241,0.133518,0.001012,0.000125
0,-0.055557,-0.019909,-0.008415,-0.010744,0.021647,0.035133,0.00097,0.000347
0,-0.092204,0.102775,-0.038551,0.118485,-0.052497,0.131815,0.001609,0.001794
0,-0.09104,-0.040136,0.024215,-0.134257,-0.020263,-0.170843,0.001589,0.000701
0,-0.360623,0.046195,-0.281054,0.086175,-0.303485,0.102339,0.005458,0.000806
0,-0.103398,0.145501,0.283152,0.073543,0.3052,0.105841,0.001805,0.002539
0,-0.148735,0.110684,-0.03332,-0.053182,0.004148,-0.065609,0.002596,0.001932
0,-0.353951,0.103946,-0.200841,-0.015411,-0.206513,-0.047007,0.005574,0.001814
0,-0.117167,0.110638,0.231242,-0.002081,0.193594,0.022567,0.002045,0.001931
0,-0.221787,0.062856,-0.120925,-0.047133,-0.144743,-0.075956,0.003871,0.001097
0,-0.304257,0.101502,-0.074705,0.05186,-0.108843,0.059624,0.00531,0.001772
0,-0.331843,-0.10298,-0.056838,-0.230219,-0.073835,-0.212676,0.005792,0.001797
0,-0.209205,0.042496,0.116163,0.159591,0.132606,0.179162,0.003651,0.000742
0,-0.366063,-0.029998,-0.178834,-0.055901,-0.197551,-0.0842,0.005363,0.000524
0,-0.259652,0.167141,0.092886,0.171757,0.064281,0.133468,0.004532,0.002917
0,-0.253433,0.049346,-0.018784,-0.089801,0.014241,-0.136452,0.004423,0.000861
0,-0.14465,-0.039964,0.130372,-0.082161,0.098992,-0.068778,0.002525,0.000698
0,-0.155588,0.02512,-6.9e-05,0.070535,-0.010082,0.083136,0.002716,0.000438
0,-0.107537,0.042414,0.019558,0.015187,0.010983,-0.033954,0.001877,0.00074
0,-0.171402,0.055838,-0.039471,0.043038,-0.04427,0.001926,0.002992,0.000975
0,-0.040025,-0.108721,0.149731,-0.153461,0.10909,-0.178571,0.000699,0.001898
0,0.06359,0.121098,0.126399,0.21379,0.115138,0.23751,0.00111,0.002114
0,-0.021731,0.041366,-0.110442,-0.102426,-0.155677,-0.102959,0.000379,0.000722
0,-0.132548,-0.051123,-0.120292,-0.068343,-0.111082,-0.068497,0.002313,0.000892
0,-0.026194,-0.073393,0.114511,-0.02609,0.10871,-0.050244,0.000457,0.001281
0,-0.137238,-0.015013,-0.115577,0.060443,-0.158435,0.017138,0.002395,0.000262
0,-0.14868,-0.071707,0.009604,-0.060929,0.037748,-0.024069,0.002595,0.001252
0,-0.067407,0.123275,0.055033,0.175956,0.005046,0.193566,0.001176,0.002152
0,0.089642,0.103513,0.12968,-0.005363,0.11363,-0.044679,0.001565,0.001807
0,-0.014163,-0.094486,-0.10361,-0.203808,-0.09773,-0.197005,0.000247,0.001649
0,-0.116182,-0.093079,-0.131049,-0.027534,-0.135181,-0.015015,0.002028,0.001625
0,-0.160023,0.133997,-0.065471,0.233783,-0.049679,0.233243,0.002793,0.002339
0,0.112755,0.08087,0.254301,-0.05046,0.275545,-0.012936,0.001968,0.001411
0,-0.079319,0.109412,-0.22017,0.057451,-0.22927,0.041281,0.001384,0.00191
0,-0.155231,-0.133657,-0.076138,-0.220103,-0.115081,-0.227086,0.002709,0.002333
0,-0.04584,0.040048,0.116906,0.169511,0.132362,0.184298,0.0008,0.000699
0,0.175486,0.07725,0.215749,0.029292,0.191851,0.060395,0.003063,0.001348
0,-0.106388,-0.020123,-0.289903,-0.120353,-0.303215,-0.108074,0.001857,0.000351
0,-0.010007,0.111945,0.107075,0.153072,0.121811,0.142951,0.000175,0.001954
0,0.1102,-0.07725,0.105385,-0.182427,0.126657,-0.177083,0.001923,0.001348
0,0.073779,-0.127396,-0.063457,-0.041753,-0.09678,-0.045943,0.001288,0.002223
0,-0.122158,-0.046971,-0.19894,0.060634,-0.232385,0.059835,0.002132,0.00082
0,0.108592,0.007252,0.232383,0.038352,0.25655,0.056368,0.001895,0.000127
0,-0.128121,-0.047612,-0.25856,-0.070457,-0.278242,-0.095159,0.002236,0.000831
0,-0.038598,0.079197,0.095433,0.114933,0.079919,0.154478,0.000674,0.001382
0,0.07764,-0.155935,0.108163,-0.252895,0.149975,-0.235377,0.001355,0.002722
0,-0.101083,0.050642,-0.20776,0.208513,-0.211665,0.239077,0.001764,0.000884
0,-0.025145,-0.038295,0.103582,-0.064911,0.125762,-0.044055,0.000439,0.000668
0,0.034151,-0.002907,0.049889,0.022541,0.061734,0.032698,0.000596,5.1e-05
0,-0.23927,-0.129965,-0.269064,-0.152953,-0.265165,-0.126426,0.004176,0.002268
0,-0.174023,-0.01257,0.039594,0.105643,0.045945,0.142682,0.003037,0.000219
0,0.005801,-0.03557,0.197223,-0.013014,0.177949,-0.036877,0.000101,0.000621
0,-0.233376,-0.000298,-0.209459,0.050669,-0.238095,0.024903,0.004073,5e-06
0,-0.175206,-0.122802,0.064048,-0.135409,0.036965,-0.178731,0.003058,0.002143
0,-0.189217,-0.177485,0.002373,-0.077363,-0.031794,-0.07541,0.003302,0.003098
0,-0.201598,0.076438,-0.012105,0.23863,0.005869,0.235207,0.003519,0.001334
0,0.109106,-0.045367,0.297796,-0.128068,0.274688,-0.162974,0.001904,0.000792
0,-0.179549,-0.134141,-0.287761,-0.074925,-0.297743,-0.059303,0.003134,0.002341
0,-0.0971,0.038892,0.064797,0.156907,0.087499,0.203936,0.001695,0.000679
0,0.103883,-0.191579,0.196898,-0.232361,0.234829,-0.213041,0.001813,0.003344
0,0.157796,-0.174427,0.026495,0.015896,0.006834,0.065413,0.002754,0.003044
0,-0.095772,-0.112087,-0.265645,0.032605,-0.27111,0.06567,0.001672,0.001956
0,-0.056474,-0.144367,0.018753,-0.03559,0.057542,-0.054022,0.000986,0.00252
0,0.143532,-0.006369,0.229216,0.153885,0.217842,0.189693,0.002505,0.000111
0,-0.089431,-0.153011,-0.214509,-0.126774,-0.170069,-0.111581,0.001561,0.002671
0,-0.065111,-0.21423,0.041207,-0.078046,0.081181,-0.057059,0.001136,0.003739
0,0.097686,-0.054022,0.172328,0.133031,0.165117,0.172846,0.001705,0.000943
0,-0.029102,-0.097551,-0.150368,-0.022048,-0.172596,0.021569,0.000508,0.001703
0,-0.037233,-0.09342,-0.01881,-0.02123,0.021489,-0.047805,0.00065,0.00163
0,0.036394,0.115648,0.046551,0.190952,0.042905,0.172143,0.000635,0.002018
0,0.110653,-0.104948,0.04814,-0.201125,0.069348,-0.191375,0.001931,0.001832
0,-0.055511,-0.081275,-0.175919,0.046581,-0.137277,0.032295,0.000969,0.001419
0,-0.097419,0.167717,-0.035603,0.261623,-0.044129,0.212771,0.0017,0.002927
0,0.026274,0.090663,0.135035,-0.097275,0.154205,-0.110416,0.000459,0.001582
0,0.107875,0.013872,0.069479,-0.067731,0.047328,-0.053684,0.001883,0.000242
0,-0.019211,-0.041309,-0.109339,-0.081202,-0.158697,-0.049877,0.000335,0.000721
0,-0.066475,0.062934,-0.058697,0.121686,-0.086029,0.075266,0.00116,0.001098
0,-0.102074,0.133325,-0.056192,0.058588,-0.009097,0.079342,0.001782,0.002327
0,-0.010527,-0.057044,0.112399,-0.171395,0.119887,-0.139745,0.000184,0.000996
0,0.143208,0.166794,0.171868,0.250685,0.210171,0.285695,0.002499,0.002911
0,-0.064787,0.173154,-0.220696,-0.006827,-0.204605,0.040035,0.001131,0.003022
0,0.170656,0.163574,0.207597,-0.020122,0.254954,-0.015658,0.002979,0.002855
0,-0.112124,-0.0025,-0.276762,-0.18897,-0.230065,-0.195305,0.001957,4.4e-05
0,0.003419,0.158876,0.134145,0.170993,0.160604,0.16003,6e-05,0.002773
0,-0.092019,-0.032381,-0.068518,-0.212327,-0.064147,-0.206268,0.001606,0.000565
0,-0.020588,-0.001269,0.052562,0.04179,0.075302,0.049126,0.000359,2.2e-05
0,0.094106,0.000689,0.104666,0.003159,0.124689,0.012101,0.001642,1.2e-05
0,-0.149953,0.054904,-0.229158,0.037627,-0.259754,0.086702,0.002617,0.000958
0,0.005066,0.181,0.135433,0.126581,0.138549,0.131212,8.8e-05,0.003159
0,-0.161826,-0.040133,-0.149905,-0.221996,-0.166288,-0.19086,0.002824,0.0007
0,-0.08709,0.024435,0.083525,0.044367,0.082905,0.049285,0.00152,0.000426
0,0.087744,-0.116822,0.176418,-0.126038,0.145543,-0.101352,0.001531,0.002039
0,-0.057534,0.024226,-0.173197,0.156474,-0.168497,0.198642,0.001004,0.000423
0,0.074897,0.063069,0.131202,0.043852,0.106578,0.057154,0.001307,0.001101
0,0.009165,-0.022559,-0.038371,-0.103672,-0.069326,-0.137291,0.00016,0.000394
0,-0.027754,0.020852,-0.009618,0.032478,-0.041628,0.028901,0.000484,0.000364
0,0.061571,-0.077315,0.076568,-0.09173,0.085048,-0.043172,0.001075,0.001349
0,-0.1019,0.127338,-0.161051,0.215739,-0.111466,0.181569,0.001778,0.002222
0,-0.134626,0.10261,-0.039582,-0.027117,-0.089016,-0.028295,0.00235,0.001791
0,-0.265634,0.016521,-0.133197,-0.074742,-0.125879,-0.107314,0.004636,0.000288
0,-0.109622,-0.043156,0.126472,-0.034542,0.094707,-0.074721,0.001913,0.000753
0,-0.178752,-0.008594,-0.07947,0.05938,-0.037834,0.069049,0.00312,0.00015
0,-0.086355,0.098137,0.109975,0.086239,0.075555,0.064886,0.001507,0.001713
0,-0.009043,0.00035,0.056915,-0.106544,0.06624,-0.118551,0.000158,6e-06
0,0.027543,0.067352,0.05309,0.079094,0.054581,0.088501,0.000481,0.001176
0,-0.131075,-0.080345,-0.144272,-0.138439,-0.122749,-0.176668,0.002288,0.001402
0,0.023862,0.023112,0.165247,0.115875,0.15585,0.07933,0.000416,0.000403
0,-0.122258,0.029812,-0.141456,0.019541,-0.12587,-0.000619,0.002134,0.00052
0,-0.090643,0.144651,0.024175,0.116007,0.022513,0.15191,0.001582,0.002525
0,-0.018932,0.076022,0.092008,-0.053298,0.063376,-0.060495,0.00033,0.001327
0,-0.078479,0.109868,-0.075308,0.059569,-0.031943,0.042092,0.00137,0.001918
0,-0.039587,-0.069871,0.021484,-0.16607,0.011534,-0.161606,0.000691,0.001219
0,-0.087698,0.030649,-0.047772,0.120276,-0.072264,0.13169,0.001531,0.000535
0,0.214756,0.157334,0.303508,0.142922,0.288755,0.189903,0.003748,0.002746
0,0.15591,0.090141,-0.047635,-0.073916,-0.019002,-0.06165,0.002721,0.001573
0,-0.022794,0.073085,-0.20111,0.001191,-0.16019,0.00702,0.000398,0.001276
0,0.071111,0.089041,0.095798,-0.004069,0.065279,0.033753,0.001241,0.001554
0,0.168872,0.087967,0.096266,-0.02234,0.129129,-0.014509,0.002947,0.001535
0,0.166714,-0.126242,-0.031172,-0.236099,-0.02252,-0.212248,0.00291,0.002203
0,0.096627,0.018655,-0.05341,0.167063,-0.101056,0.161709,0.001686,0.000326
0,0.032166,-0.05918,-0.074868,-0.071182,-0.075259,-0.031993,0.000561,0.001033
0,0.043407,-0.089039,0.021716,-0.04308,0.016937,-0.034415,0.000758,0.001554
0,0.051779,0.014401,-0.008621,0.088153,0.020499,0.116501,0.000904,0.000251
0,0.13355,-0.056023,0.080719,-0.085394,0.105472,-0.044669,0.002331,0.000978
0,0.06211,0.007144,-0.070944,0.047378,-0.043534,0.068412,0.001084,0.000125
0,-0.027555,-0.045171,-0.067162,-0.046794,-0.092883,-0.001788,0.000481,0.000788
0,0.185312,-0.017287,0.237134,0.020089,0.226194,0.003204,0.003234,0.000302
0,0.171807,0.104867,-0.012901,0.093593,-0.048912,0.078397,0.002999,0.00183
0,0.110279,0.017467,-0.051302,-0.063899,-0.088476,-0.089226,0.001925,0.000305
0,0.059794,0.004052,-0.036376,0.009633,-0.079523,0.04834,0.001044,7.1e-05
0,0.099583,0.083044,0.032711,0.102263,0.066983,0.082089,0.001738,0.001449
0,0.286612,-0.025439,0.178649,-0.094002,0.191962,-0.084698,0.005002,0.000444
0,0.0868,0.1298,-0.19433,0.150532,-0.160862,0.117874,0.001515,0.002265
0,0.165137,0.072242,0.049365,-0.061901,0.001137,-0.026868,0.002882,0.001261
0,0.159188,-0.123069,-0.020506,-0.195648,0.006469,-0.228573,0.002778,0.002148
0,0.215026,0.135552,0.084294,0.233056,0.10376,0.268038,0.003753,0.002366
0,0.18267,0.14905,-0.060424,0.036146,-0.054942,0.006291,0.003188,0.002601
0,-0.068282,0.158846,-0.258844,0.032951,-0.252072,0.058198,0.001192,0.002772
0,0.106366,0.219564,0.204416,0.04248,0.225212,0.025627,0.001856,0.003832
0,0.128975,0.195328,0.027691,-0.003135,0.024794,0.003638,0.002251,0.003409
0,0.01523,0.248022,-0.125202,0.063236,-0.125446,0.021298,0.000266,0.004329
0,0.147724,0.204936,0.105893,-0.027883,0.13813,-0.062056,0.002578,0.003577
0,0.119824,-0.037156,-0.018679,-0.222508,-0.042348,-0.175401,0.002091,0.000648
0,-0.017177,0.041641,-0.137568,0.101165,-0.161779,0.131072,0.0003,0.000727
0,-0.056532,-0.073218,-0.014714,-0.12673,-0.005027,-0.114124,0.000987,0.001278
0,0.139965,0.11039,0.178085,0.203738,0.210031,0.236867,0.002443,0.001927
0,-0.130961,0.014139,-0.259794,-0.103874,-0.305362,-0.055357,0.002286,0.000247
0,0.100092,-0.021881,0.214287,-0.060205,0.248948,-0.077045,0.001747,0.000382
0,-0.147246,0.184013,-0.230558,0.191311,-0.25248,0.218578,0.00257,0.003212
0,-0.09419,0.105113,0.065592,-0.086662,0.101117,-0.132882,0.001644,0.001835
0,-0.113746,0.006651,-0.033036,-0.076834,-0.033684,-0.078646,0.001985,0.000116
0,-0.19387,-0.080001,-0.078883,-0.073077,-0.106865,-0.095373,0.003384,0.001396
0,-0.127082,-0.057388,0.066583,0.033402,0.107976,0.025176,0.002218,0.001002
0,0.043052,-0.022657,0.180176,0.031954,0.206419,0.005074,0.000751,0.000395
0,-0.086224,-0.086947,-0.108337,-0.05503,-0.071405,-0.058902,0.001505,0.001518
0,-0.0397,-0.023504,0.03003,0.089229,0.015353,0.097234,0.000693,0.00041
0,-0.257666,0.031642,-0.198246,0.033833,-0.232469,0.063081,0.004497,0.000552
0,0.038024,-0.061592,0.274641,-0.111199,0.307367,-0.116497,0.000664,0.001075
0,0.083437,0.174042,0.063294,0.236374,0.079499,0.269508,0.001456,0.003038
0,-0.061975,0.14153,-0.121924,-0.0241,-0.129149,-0.033566,0.001082,0.00247
0,0.157131,-0.006256,0.203102,-0.166289,0.207754,-0.212323,0.002742,0.000109
0,0.063886,-0.077953,-0.066097,-0.099097,-0.042042,-0.142528,0.001115,0.001361
0,-0.009879,0.11967,-0.068639,0.197328,-0.027541,0.16548,0.000172,0.002089
0,-0.101488,0.027579,-0.113405,-0.116092,-0.108322,-0.074912,0.001771,0.000481
0,0.105346,-0.073355,0.221712,-0.088113,0.268808,-0.112363,0.001839,0.00128
0,-0.114464,-0.025319,-0.240044,0.062965,-0.221178,0.074708,0.001998,0.000442
0,-0.170659,-0.021783,-0.068476,-0.025856,-0.065579,-0.027391,0.002979,0.00038
0,-0.096789,-0.088972,0.083039,-0.04646,0.116383,-0.048857,0.001689,0.001553
0,0.096665,0.162598,0.175246,0.243468,0.218781,0.220935,0.001687,0.002838
0,-0.136755,-0.081977,-0.212942,-0.233133,-0.206298,-0.234859,0.002387,0.001431
0,0.057057,-0.009502,0.170553,0.084969,0.216071,0.061924,0.000996,0.000166
0,0.057031,-0.056177,0.013231,-0.033475,-0.033,-0.050897,0.000995,0.00098
0,-0.158145,0.040625,-0.236575,0.076115,-0.265887,0.052836,0.00276,0.000709
0,0.002991,-0.085635,0.173376,-0.143873,0.156437,-0.184492,5.2e-05,0.001495
0,-0.104409,0.013195,-0.126448,0.096111,-0.167907,0.053542,0.001822,0.00023
0,-0.094614,0.007197,0.001775,0.021681,0.039252,0.003831,0.001651,0.000126
0,-0.222672,0.046247,-0.140178,0.024946,-0.104584,-0.017682,0.003886,0.000807
0,-0.041474,-0.038615,0.168605,-0.069964,0.128959,-0.086831,0.000724,0.000674
0,-0.012549,0.027554,0.023841,0.049559,0.016486,0.095942,0.000219,0.000481
0,-0.108264,0.037549,-0.087075,0.009027,-0.094345,-0.015218,0.00189,0.000655
0,-0.045004,0.035248,0.043923,-0.00731,0.007133,0.032068,0.000785,0.000615
0,0.133472,0.017829,0.167394,-0.003383,0.141066,0.015307,0.00233,0.000311
0,0.017724,0.185394,-0.12741,0.179811,-0.103957,0.18636,0.000309,0.003236
0,0.003341,-0.099955,-0.030158,-0.264287,-0.042257,-0.299209,5.8e-05,0.001745
0,0.0497,-0.01288,0.047911,0.090312,0.060198,0.061699,0.000867,0.000225
0,-0.059219,0.042219,-0.094285,0.042723,-0.141434,0.001675,0.001034,0.000737
0,0.024304,0.104443,0.077019,0.041306,0.06046,0.06638,0.000424,0.001823
0,-0.109865,0.021752,-0.119498,-0.086516,-0.11392,-0.069521,0.001918,0.00038
0,-0.078708,-0.056059,0.030337,-0.057931,0.076,-0.026557,0.001374,0.000978
0,0.181481,0.097793,0.284733,0.124664,0.313081,0.087949,0.003167,0.001707
0,-0.04461,-0.001089,-0.221529,-0.102861,-0.191801,-0.139084,0.000779,1.9e-05
0,-0.053094,0.019071,-0.019149,0.013674,-0.016933,-0.009263,0.000927,0.000333
0,-0.050635,-0.020286,-0.012238,-0.041825,-0.00173,-0.069154,0.000884,0.000354
0,0.066562,0.157041,0.104695,0.168303,0.143289,0.144348,0.001162,0.002741
0,0.173659,0.169014,0.123647,0.016318,0.086325,0.033528,0.003031,0.00295
0,0.063057,0.009439,-0.134332,-0.182863,-0.173215,-0.216611,0.001101,0.000165
0,0.097464,0.007679,0.037354,0.017667,-0.003737,0.004128,0.001701,0.000134
0,0.193335,0.143637,0.084459,0.139424,0.08556,0.145256,0.003374,0.002507
0,0.197786,-0.054365,-0.000878,-0.197238,-0.003553,-0.1674,0.003452,0.000949
0,-0.074763,0.019309,-0.292643,0.08203,-0.318613,0.126015,0.001305,0.000337
0,-0.077444,0.064833,0.013251,0.057483,0.013306,0.02077,0.001352,0.001132
0,-0.047248,-0.003136,0.001198,-0.091272,-0.015076,-0.117625,0.000825,5.5e-05
0,0.122544,0.155617,0.175612,0.159264,0.151383,0.201834,0.002139,0.002716
0,0.011127,0.032073,-0.116923,-0.098399,-0.12641,-0.123216,0.000194,0.00056
0,-0.061276,-0.019357,-0.100357,-0.023756,-0.14053,-0.025634,0.001069,0.000338
0,-0.173874,-0.101188,-0.140384,-0.072092,-0.108219,-0.051106,0.003035,0.001766
0,-0.040804,-0.136414,0.11315,-0.043518,0.120155,-0.03092,0.000712,0.002381
0,0.001479,0.113904,0.021005,0.234073,0.048537,0.200524,2.6e-05,0.001988
0,-0.032779,0.122829,-0.031796,0.028332,-0.021595,0.068651,0.000572,0.002144
0,-0.035838,0.079415,0.017102,-0.02416,0.042629,-0.064195,0.000625,0.001386
0,-0.209034,0.049035,-0.165684,-0.026959,-0.150732,0.021509,0.003648,0.000856
0,-0.129068,-0.118488,0.092697,-0.145875,0.068512,-0.156277,0.002253,0.002068
0,-0.105069,-0.138086,0.050126,-0.020012,0.015225,-0.034857,0.001834,0.00241
0,-0.164368,-0.049448,-0.02978,0.090005,-0.045589,0.126135,0.002869,0.000863
0,-0.003705,0.117229,0.151046,0.192659,0.117817,0.214593,6.5e-05,0.002046
0,0.15436,-0.09351,0.147474,-0.234839,0.112738,-0.220308,0.002694,0.001632
0,-0.105846,0.144169,-0.280634,0.213577,-0.321528,0.234514,0.001847,0.002516
0,0.123421,-0.115459,0.222487,-0.240644,0.197267,-0.208923,0.002154,0.002015
0,0.10295,0.112856,0.002525,0.255247,-0.037882,0.294491,0.001797,0.00197
0,-0.17391,0.052952,-0.297629,-0.079475,-0.298321,-0.033193,0.003035,0.000924
0,-0.016937,-0.043645,0.179224,-0.117716,0.197327,-0.140366,0.000296,0.000762
0,0.028841,0.109999,0.043238,0.139286,0.032163,0.125929,0.000503,0.00192
0,-0.174482,-0.066301,-0.213307,-0.189863,-0.210907,-0.186913,0.003045,0.001157
0,0.047985,-0.14073,0.232727,-0.051312,0.217404,-0.020567,0.000837,0.002456
0,-0.16345,-0.151688,-0.227916,-0.003761,-0.269815,-0.005391,0.002853,0.002647
0,0.027303,0.082092,0.220413,0.229743,0.179045,0.230644,0.000477,0.001433
0,-0.063338,0.039206,-0.079954,-0.032906,-0.122137,-0.011342,0.001105,0.000684
0,-0.002598,0.027836,0.072632,-0.00472,0.08436,-0.046412,4.5e-05,0.000486
0,-0.140726,0.077011,-0.162185,0.02613,-0.157751,-0.006127,0.002456,0.001344
0,0.128284,-0.063516,0.286627,-0.149337,0.29519,-0.152665,0.002239,0.001109
0,-0.106947,-0.06149,-0.25142,0.024543,-0.292908,-0.005204,0.001867,0.001073
0,0.060793,0.188559,0.149061,0.270919,0.182927,0.258399,0.001061,0.003291
0,0.033169,-0.004389,-0.040201,-0.185994,-0.002993,-0.215046,0.000579,7.7e-05
0,-0.028461,-0.00898,-0.045212,0.0216,-0.085422,0.021059,0.000497,0.000157
0,0.019549,0.006977,0.019873,0.033815,0.003879,0.022796,0.000341,0.000122
0,0.042093,-0.055983,0.038513,-0.055127,0.043885,-0.038183,0.000735,0.000977
0,0.09685,0.000746,0.039392,0.030103,0.086584,0.037245,0.00169,1.3e-05
0,-0.054415,-0.034474,-0.12194,-0.043708,-0.146128,-0.079028,0.00095,0.000602
0,-0.013217,-0.05115,0.052142,-0.040014,0.063316,-0.080931,0.000231,0.000893
0,-0.00803,0.124408,0.009577,0.160661,-0.035014,0.199934,0.00014,0.002171
0,0.052996,0.077562,0.04947,-0.018563,0.040264,-0.021556,0.000925,0.001354
0,-0.175438,0.006357,-0.207196,-0.078619,-0.181511,-0.074674,0.003062,0.000111
0,0.114652,-0.033821,0.276457,-0.038684,0.239527,-0.088158,0.002001,0.00059
0,0.091238,0.034823,-0.039139,0.061544,-0.012442,0.057331,0.001592,0.000608
0,0.033542,0.047252,-0.0391,0.005342,-0.084839,0.038272,0.000585,0.000825
0,0.051753,0.183826,-0.006222,0.161484,0.014079,0.199899,0.000903,0.003208
0,0.10898,0.072264,0.031457,-0.132945,0.076134,-0.146392,0.001902,0.001261
0,0.108873,-0.020828,-0.010591,-0.113491,0.02672,-0.093935,0.0019,0.000364
0,-0.000949,0.181074,-0.095455,0.205994,-0.130547,0.161508,1.7e-05,0.00316
0,0.093961,0.142406,0.091431,-0.052981,0.128048,-0.004787,0.00164,0.002485
0,-0.157096,0.223197,-0.250165,0.104651,-0.243474,0.076069,0.002742,0.003896
0,-0.0162,0.123843,0.156209,-0.095466,0.174226,-0.143706,0.000283,0.002161
0,-0.196733,-0.02477,-0.152093,-0.135626,-0.12207,-0.102415,0.003434,0.000432
0,-0.022697,0.070515,0.156855,0.089723,0.114509,0.087921,0.000396,0.001231
0,0.113536,0.207066,0.129603,0.120556,0.121712,0.08999,0.001982,0.003614
0,-0.06652,-0.002649,-0.205896,-0.19119,-0.177083,-0.204494,0.001161,4.6e-05
0,-0.130825,0.162305,-0.086743,0.189085,-0.129103,0.144924,0.002283,0.002833
0,0.063388,0.106604,0.216694,-0.03584,0.207956,-0.04442,0.001106,0.001861
0,-0.205425,0.205026,-0.257886,0.105135,-0.279692,0.069664,0.003585,0.003578
0,-0.100559,0.042471,0.080083,-0.186109,0.114394,-0.143097,0.001755,0.000741
0,-0.20818,0.076251,-0.081676,0.060598,-0.128279,0.055485,0.003633,0.001331
0,-0.215072,-0.073197,-0.027624,-0.129348,-0.027711,-0.159626,0.003754,0.001278
0,-0.245755,0.131226,-0.027553,0.206002,-0.062865,0.250816,0.004289,0.00229
0,-0.174774,0.109619,0.08641,-0.045727,0.106969,-0.004606,0.00305,0.001913
0,-0.266477,0.076612,-0.100646,-0.025236,-0.070114,-0.005221,0.004651,0.001337
0,-0.222116,0.117037,0.019094,0.028467,-0.021688,0.028866,0.003877,0.002043
0,-0.10915,0.244405,0.121105,0.148244,0.117438,0.194044,0.001905,0.004266
0,-0.071415,0.21039,0.062246,-0.060076,0.093438,-0.052159,0.001246,0.003672
0,-0.189714,0.03326,-0.104894,-0.178558,-0.115053,-0.182179,0.003311,0.00058
0,0.011446,0.04695,0.195202,-0.000479,0.15358,0.017554,0.0002,0.000819
0,-0.148415,-0.052738,-0.161145,-0.074308,-0.116876,-0.029863,0.00259,0.00092
0,-0.165789,-0.055087,-0.014027,-0.006494,-0.047938,-0.041682,0.002894,0.000961
0,-0.161061,0.031762,-0.008948,0.095573,0.009205,0.087377,0.002811,0.000554
0,-0.242973,0.029405,-0.054042,-0.017056,-0.014315,-0.001567,0.004241,0.000513
0,-0.261981,-0.133252,-0.033205,-0.183821,-0.045377,-0.17922,0.004572,0.002326
0,-0.075087,0.099245,0.198619,0.202923,0.219882,0.180344,0.001311,0.001732
0,-0.125901,0.082281,-0.074631,-0.024445,-0.08306,-0.059116,0.002197,0.001436
0,-0.225806,0.018147,-0.083379,-0.042111,-0.099366,-0.015955,0.003941,0.000317
0,-0.067599,-0.207749,0.15939,-0.210185,0.194955,-0.252982,0.00118,0.003626
0,-0.07145,0.064763,0.003528,0.292358,0.040307,0.283218,0.001247,0.00113
0,-0.111471,-0.146821,-0.035706,-0.211188,-0.013634,-0.171785,0.001946,0.002563
0,0.020032,-0.142592,0.126714,-0.001422,0.143443,0.02427,0.00035,0.002489
0,-0.107243,0.053178,-0.145083,0.19534,-0.161382,0.23659,0.001872,0.000928
0,-0.056965,-0.118505,0.032519,-0.151967,0.044876,-0.126996,0.000994,0.002068
0,0.034917,0.068237,0.066294,0.156904,0.068768,0.154025,0.000609,0.001191
0,-0.104019,-0.008783,-0.158473,-0.095466,-0.158729,-0.120396,0.001815,0.000153
0,-0.131004,-0.163119,-0.020949,-0.130559,0.0016,-0.083989,0.002286,0.002847
0,-0.170634,0.014003,-0.016488,0.203726,-0.049043,0.208797,0.002978,0.000244
0,-0.062764,0.003626,0.095819,-0.007634,0.132431,0.041625,0.001095,6.3e-05
0,0.047393,-0.153132,0.087977,-0.163631,0.082109,-0.139084,0.000827,0.002673
0,-0.235307,-0.038978,-0.298754,0.105859,-0.299848,0.151031,0.004107,0.00068
0,0.057361,-0.096268,0.28463,-0.03925,0.282774,-0.04662,0.001001,0.00168
0,-0.00818,-0.141089,-0.069097,-0.071638,-0.077145,-0.104909,0.000143,0.002462
0,-0.1795,-0.04709,-0.178585,0.122225,-0.166064,0.136569,0.003133,0.000822
0,-0.040974,-0.048519,0.112395,0.025563,0.131973,-0.001667,0.000715,0.000847
0,-0.064744,-0.048609,-0.031823,-0.018791,-0.062867,-0.024739,0.00113,0.000848
0,0.063659,0.048094,0.109185,0.11854,0.10517,0.164072,0.001111,0.000839
0,-0.083551,0.111091,-0.136844,0.049138,-0.136755,0.065812,0.001458,0.001939
0,0.021607,0.089518,0.086012,0.004457,0.09779,-0.017906,0.000377,0.001562
0,0.016012,-0.117775,-0.005313,-0.209297,-0.052983,-0.239654,0.000279,0.002056
0,-0.000266,0.100967,-0.004923,0.222088,0.017743,0.243992,5e-06,0.001762
0,0.021755,0.057196,0.042201,-0.064547,0.068054,-0.109913,0.00038,0.000998
0,-0.046635,-0.048213,-0.09397,-0.077323,-0.116798,-0.126053,0.000814,0.000841
0,-0.05062,-0.009627,-0.026199,0.037178,0.011036,0.016618,0.000883,0.000168
0,-0.09454,-0.026202,-0.030116,-0.009642,-0.032282,-0.011065,0.00165,0.000457
0,0.026894,-0.025225,0.133687,-0.018302,0.104374,0.013479,0.000469,0.00044
0,0.200715,-0.110074,0.195469,-0.067841,0.154956,-0.080737,0.003503,0.001921
0,0.000353,0.053496,-0.191591,0.164995,-0.154738,0.16831,6e-06,0.000934
0,0.006524,0.122939,-0.010985,0.054733,-0.003435,0.027534,0.000114,0.002146
0,0.127261,0.037968,0.092295,-0.099546,0.063403,-0.118559,0.002221,0.000663
0,-0.131988,0.125969,-0.254706,0.068889,-0.29665,0.050496,0.002304,0.002199
0,-0.122141,0.15473,0.025048,0.046719,-0.018828,0.060339,0.002132,0.002701
0,-0.041177,0.107929,0.08909,-0.050433,0.057828,-0.086681,0.000719,0.001884
0,-0.167298,0.067606,-0.104128,-0.043669,-0.112995,-0.076686,0.00292,0.00118
0,-0.119442,-0.015487,0.0373,-0.081572,0.032891,-0.100299,0.002085,0.00027
0,-0.00403,-0.013226,0.094256,-0.006942,0.051468,-0.015159,7e-05,0.000231
0,-0.073102,0.073652,-0.072309,0.08522,-0.077037,0.11337,0.001276,0.001285
0,0.032217,-0.056425,0.077087,-0.102154,0.118173,-0.100674,0.000562,0.000985
0,-0.224469,0.013914,-0.260244,0.099104,-0.29223,0.080937,0.003918,0.000243
0,-0.049867,-0.019836,0.17078,-0.030558,0.121037,-0.059204,0.00087,0.000346
0,-0.126654,-0.016117,-0.097162,-0.009803,-0.118566,-0.017828,0.002211,0.000281
0,0.049599,-0.119779,0.195856,-0.087595,0.188911,-0.089317,0.000866,0.002091
0,-0.028761,0.105926,-0.056245,0.252261,-0.067325,0.256274,0.000502,0.001849
0,-0.163219,0.133418,-0.127862,0.036157,-0.089134,0.003768,0.002849,0.002329
0,0.056931,-0.027884,0.204395,-0.14228,0.189522,-0.131698,0.000994,0.000487
0,-0.001882,-0.136155,-0.03272,-0.098055,-0.048641,-0.078164,3.3e-05,0.002376
0,0.11133,-0.004509,0.110009,0.152729,0.098941,0.161306,0.001943,7.9e-05
0,0.114363,0.043457,0.008305,0.062652,0.031417,0.06947,0.001996,0.000758
0,-0.089243,-0.074672,-0.190677,-0.108281,-0.222957,-0.140585,0.001558,0.001303
0,-0.100057,-0.04795,-0.040099,0.036466,-0.00418,0.017073,0.001746,0.000837
0,-0.125584,-0.084496,-0.032354,-0.03878,-0.068037,-0.054276,0.002192,0.001475
0,0.038337,-0.011918,0.154748,0.067884,0.175541,0.030508,0.000669,0.000208
0,0.02975,0.035047,-0.035571,0.030051,-0.036267,-0.00126,0.000519,0.000612
0,0.010395,-0.06926,-0.043386,-0.097767,-0.055775,-0.127504,0.000181,0.001209
0,-0.050577,0.009562,-0.070278,0.096568,-0.062202,0.102247,0.000883,0.000167
0,-0.044056,-0.037654,-0.016406,-0.060184,0.013292,-0.038036,0.000769,0.000657
0,0.142226,-0.042054,0.194118,-0.003987,0.218503,0.041628,0.002482,0.000734
0,0.145247,-0.039623,-0.000964,-0.003129,0.014004,-0.052447,0.002535,0.000692
0,-0.011745,0.041597,-0.16513,0.092382,-0.189799,0.102003,0.000205,0.000726
0,-0.049989,-0.117353,-0.066572,-0.129863,-0.064221,-0.092041,0.000872,0.002048
0,-0.044821,0.096894,0.017919,0.197961,0.006614,0.156367,0.000782,0.001691
0,-0.002427,0.024483,0.013013,-0.067794,-0.013905,-0.10403,4.2e-05,0.000427
0,0.096917,-0.014424,0.077529,-0.045436,0.081933,-0.056956,0.001692,0.000252
0,0.110634,-0.002932,-0.015726,-0.016511,0.016877,-0.032168,0.001931,5.1e-05
0,0.141856,0.177888,0.01924,0.184635,0.030857,0.170096,0.002476,0.003105
0,0.077031,0.001783,-0.076144,-0.175228,-0.070782,-0.172897,0.001344,3.1e-05
0,-0.067956,-0.010304,-0.129013,-0.004496,-0.135854,-0.037035,0.001186,0.00018
0,0.059326,0.096141,0.10569,0.122027,0.079198,0.100986,0.001035,0.001678
0,-0.149034,0.133374,-0.236592,0.00994,-0.231322,-0.004566,0.002601,0.002328
0,-0.192333,0.154667,-0.070056,0.013745,-0.034814,0.047227,0.003357,0.002699
0,0.029737,0.097555,0.23996,-0.082304,0.248749,-0.083611,0.000519,0.001703
0,0.045414,-0.017579,0.035858,-0.128693,0.00802,-0.08635,0.000793,0.000307
0,0.019382,-0.076541,-0.018183,-0.041895,-0.058633,-0.03419,0.000338,0.001336
0,-0.09264,-0.073938,-0.124062,0.024936,-0.127155,0.0473,0.001617,0.00129
0,0.065644,-0.113734,0.165654,-0.015469,0.15433,-0.033174,0.001146,0.001985
0,0.019012,-0.092109,-0.054583,0.023354,-0.075513,0.012251,0.000332,0.001608
0,0.17963,-0.140509,0.152873,-0.050868,0.185514,-0.010677,0.003135,0.002452
0,-0.080358,-0.085147,-0.283449,0.071644,-0.290372,0.069901,0.001403,0.001486
0,-0.072527,-0.061226,-0.005283,-0.004216,-0.038988,-0.023706,0.001266,0.001069
0,-0.09171,-0.108221,-0.046366,-0.024311,-0.087921,-0.002875,0.001601,0.001889
0,0.102121,-0.157578,0.170062,-0.025383,0.206156,-0.041208,0.001782,0.00275
0,-0.05548,0.144358,-0.128399,0.316627,-0.116259,0.287946,0.000968,0.00252
0,-0.130202,0.039806,-0.073292,-0.128385,-0.041246,-0.135315,0.002272,0.000695
0,-0.064048,0.035533,0.062535,0.020975,0.09704,-0.003175,0.001118,0.00062
0,-0.13185,-0.135394,-0.09386,-0.15579,-0.111874,-0.1849,0.002301,0.002363
0,0.019409,-0.163614,0.144794,-0.016528,0.154831,0.012793,0.000339,0.002856
0,0.053313,-0.024523,0.036501,0.142536,-0.009577,0.153088,0.00093,0.000428
0,0.020183,-0.127745,-0.015911,-0.092229,0.025453,-0.140625,0.000352,0.00223
0,-0.110111,0.036804,-0.157806,0.169756,-0.155129,0.157123,0.001922,0.000642
0,0.063686,-0.055057,0.167929,-0.099101,0.118097,-0.061529,0.001112,0.000961
0,-0.06303,0.009151,-0.148642,0.094057,-0.152959,0.057489,0.0011,0.00016
0,0.004668,-0.036407,0.094014,-0.026969,0.141281,0.020799,8.1e-05,0.000635
0,0.004923,0.088065,-0.024467,0.14095,-0.039513,0.099175,8.6e-05,0.001537
0,0.001989,0.155096,0.025077,0.086684,0.053394,0.080589,3.5e-05,0.002707
0,0.202575,0.01569,0.196871,-0.138261,0.226883,-0.10215,0.003536,0.000274
0,-0.100183,0.049816,-0.325316,0.037061,-0.29999,0.024008,0.001749,0.000869
0,0.074134,0.054298,0.159131,0.02253,0.129636,0.06905,0.001294,0.000948
0,0.134167,0.204268,0.081533,0.138937,0.062393,0.12743,0.002342,0.003565
0,0.042342,0.02202,-0.116573,-0.209604,-0.163125,-0.216847,0.000739,0.000384
0,-0.053099,-0.114126,-0.070114,-0.109932,-0.113526,-0.114612,0.000927,0.001992
0,-0.170563,0.018053,-0.111066,0.103008,-0.112137,0.134607,0.002977,0.000315
0,-0.120922,-0.065921,0.023567,-0.077907,0.066189,-0.082161,0.00211,0.001151
0,-0.095767,-0.022282,0.044514,0.054186,0.08309,0.062308,0.001671,0.000389
0,-0.112796,-0.028229,-0.007142,-0.020781,-0.055503,0.01038,0.001969,0.000493
0,-0.048309,0.075195,0.063047,0.122653,0.043604,0.102676,0.000843,0.001312
0,-0.115048,-0.06109,-0.050232,-0.131316,-0.084236,-0.167651,0.002008,0.001066
0,-0.07937,-0.011303,0.045599,0.064103,0.063717,0.053011,0.001385,0.000197
0,-0.163047,0.013353,-0.062415,0.044484,-0.020576,0.069163,0.002846,0.000233
0,-0.226338,-0.046543,-0.081425,-0.061373,-0.126791,-0.09603,0.00395,0.000812
0,-0.149473,-0.025515,0.087465,-0.008108,0.088229,0.007229,0.002609,0.000445
0,-0.170466,-0.024051,-0.018613,0.002364,-0.052509,0.015732,0.002975,0.00042
0,-0.125618,0.026335,0.046825,0.077149,0.080095,0.069402,0.002192,0.00046
0,-0.050444,0.11611,0.100864,0.097426,0.10981,0.121654,0.00088,0.002027
0,-0.055179,-1.061719,0.001689,-1.1937,-0.027157,-1.193682,0.000963,0.004973
0,-0.231954,-1.972998,-0.195735,-0.905568,-0.191613,-0.874893,0.004048,0.00082
0,-0.073265,-2.540352,0.15885,-0.551355,0.170807,-0.570686,0.001279,0.002669
0,-0.329701,-2.435551,-0.279094,0.111186,-0.279132,0.15115,0.005754,0.004498
0,-0.109783,-2.372981,0.229233,0.032626,0.231799,-0.005727,0.001916,0.00559
0,-0.248871,-1.697359,-0.127623,0.649636,-0.162143,0.69434,0.004344,0.005631
0,-0.233357,-0.999151,-0.013768,0.726807,-0.039994,0.686077,0.004073,0.005687
0,-0.098931,-0.822964,0.164204,0.190771,0.212874,0.216218,0.001727,0.002612
0,-0.188579,-0.294133,-0.111945,0.527414,-0.090548,0.575658,0.003291,0.005134
0,-0.228546,-0.340292,-0.034159,-0.051909,-0.035117,-0.060935,0.003989,0.005812
0,-0.218996,-0.026638,0.03362,0.319425,0.045296,0.329659,0.003822,0.000465
0,-0.196352,-0.116806,0.03088,-0.09972,0.043153,-0.10071,0.003427,0.002039
0,-0.350891,0.112735,-0.179098,0.250163,-0.184591,0.293608,0.005627,0.001968
0,-0.240331,0.164884,0.127818,0.07817,0.153355,0.077387,0.004195,0.002878
0,-0.050175,0.14387,0.203329,-0.036316,0.253085,-0.055775,0.000876,0.002511
0,-0.152448,0.379281,-0.115118,0.251731,-0.156916,0.279005,0.002661,0.005132
0,-0.064049,0.076984,0.079716,-0.277107,0.053291,-0.311854,0.001118,0.001344
0,-0.064577,0.277463,0.014454,0.171689,0.05195,0.142808,0.001127,0.004843
0,-0.154255,0.274182,-0.081017,-0.025888,-0.035325,-0.066388,0.002692,0.004785
0,0.072312,0.07899,0.22904,-0.213369,0.21828,-0.172445,0.001262,0.001379
0,-0.169426,0.218889,-0.230066,0.139421,-0.200307,0.10182,0.002957,0.00382
0,-0.024899,-0.006724,0.137733,-0.220094,0.118634,-0.208309,0.000435,0.000117
0,-0.005201,0.212162,2.5e-05,0.216824,0.006549,0.223786,9.1e-05,0.003703
0,0.041905,0.064243,0.069357,-0.126468,0.039097,-0.097677,0.000731,0.001121
0,0.033083,0.189301,-0.01032,0.12491,-0.002105,0.171083,0.000577,0.003304
0,-0.176183,0.099887,-0.23312,-0.066087,-0.194527,-0.042307,0.003075,0.001743
0,0.072342,0.196497,0.230311,0.105322,0.200463,0.112072,0.001263,0.00343
0,-0.000333,0.078666,-0.064024,-0.106208,-0.112328,-0.085794,6e-06,0.001373
0,-0.236486,0.207475,-0.21576,0.101684,-0.176524,0.054041,0.004127,0.003621
0,0.002902,0.160446,0.260555,-0.073783,0.214576,-0.083083,5.1e-05,0.0028
0,-0.02746,0.183444,-0.006863,0.025361,-0.046244,0.00396,0.000479,0.003202
0,-0.206342,0.138491,-0.179798,-0.038512,-0.143698,-0.046229,0.003601,0.002417
0,-0.208958,0.014042,0.005323,-0.094554,-0.019538,-0.059917,0.003647,0.000245
0,-0.101966,0.018527,0.129964,0.004596,0.149613,0.01576,0.00178,0.000323
0,-0.181137,0.111252,-0.094892,0.10498,-0.057405,0.064232,0.003161,0.001942
0,-0.149759,-0.092009,0.01109,-0.173738,0.009283,-0.215218,0.002614,0.001606
0,-0.180999,0.022342,-0.036175,0.142421,-0.059758,0.116625,0.003159,0.00039
0,-0.047382,0.094876,0.120029,0.048549,0.132002,0.065735,0.000827,0.001656
0,0.041392,-0.051851,0.065505,-0.171416,0.104991,-0.167499,0.000722,0.000905
0,-0.08411,0.104263,-0.151796,0.184836,-0.106416,0.161826,0.001468,0.00182
0,-0.170429,0.015347,-0.056968,-0.08915,-0.080244,-0.057321,0.002975,0.000268
0,-0.190938,0.09299,-0.034871,0.096036,-0.069982,0.107905,0.003332,0.001623
0,-0.06276,0.144404,0.11989,0.075094,0.110899,0.043607,0.001095,0.00252
0,-0.194975,-0.067384,-0.135342,-0.200548,-0.101118,-0.155799,0.003403,0.001176
0,-0.170026,0.155007,0.030771,0.208277,0.070838,0.228955,0.002968,0.002705
0,-0.012183,0.029586,0.128619,-0.153933,0.082238,-0.16635,0.000213,0.000516
0,-0.167097,0.163224,-0.148099,0.147375,-0.133187,0.194945,0.002916,0.002849
0,0.005257,-0.053079,0.147719,-0.203364,0.134039,-0.216813,9.2e-05,0.000926
0,-0.040324,0.071394,-0.056842,0.125738,-0.074194,0.117954,0.000704,0.001246
0,-0.06051,-0.036248,-0.020356,-0.095551,-0.002632,-0.046491,0.001056,0.000633
0,-0.008142,0.047211,0.05159,0.074468,0.079111,0.066325,0.000142,0.000824
0,0.083978,-0.019225,0.113632,-0.082052,0.072913,-0.059344,0.001466,0.000336
0,0.082873,0.025205,0.005261,0.062444,0.016354,0.066059,0.001446,0.00044
0,-0.164801,0.183512,-0.258448,0.143739,-0.260829,0.147392,0.002876,0.003203
0,0.054826,-0.032112,0.190654,-0.232743,0.239869,-0.219247,0.000957,0.00056
0,0.122345,0.06652,0.09333,0.095438,0.101561,0.125946,0.002135,0.001161
0,0.015499,-0.079728,-0.101264,-0.140675,-0.135912,-0.14495,0.000271,0.001392
0,0.028856,0.049056,0.030574,0.120498,0.030085,0.166597,0.000504,0.000856
0,-0.066073,0.120867,-0.110306,0.091872,-0.116503,0.136481,0.001153,0.00211
0,0.113694,-0.066767,0.158492,-0.171509,0.178251,-0.201542,0.001984,0.001165
0,0.044961,-0.103846,-0.085515,-0.051661,-0.036435,-0.081979,0.000785,0.001812
0,-0.100144,0.073542,-0.127015,0.18509,-0.161729,0.211235,0.001748,0.001284
0,0.164712,0.038706,0.25429,-0.026385,0.26005,-0.065394,0.002875,0.000676
0,0.062436,-0.088754,-0.103383,-0.100839,-0.098578,-0.093533,0.00109,0.001549
0,0.091633,0.161864,0.024435,0.273454,0.053143,0.243671,0.001599,0.002825
0,0.127654,0.016408,0.042555,-0.165814,0.033834,-0.164084,0.002228,0.000286
0,0.034959,0.069021,-0.107309,0.070031,-0.103203,0.093876,0.00061,0.001205
0,-0.143729,0.004762,-0.182738,-0.037575,-0.208274,0.005294,0.002509,8.3e-05
0,-0.084579,-0.004223,0.08445,0.007141,0.043171,0.032919,0.001476,7.4e-05
0,0.096777,0.141147,0.196322,0.144236,0.157284,0.126322,0.001689,0.002463
0,-0.062434,0.07726,-0.178013,-0.086155,-0.173935,-0.04984,0.00109,0.001348
0,0.157779,-0.105429,0.217733,-0.166243,0.22862,-0.153217,0.002754,0.00184
0,0.120225,-0.01388,-0.04376,0.082251,-0.003184,0.073537,0.002098,0.000242
0,0.098978,0.041595,-6.8e-05,0.033262,0.025217,0.043783,0.001727,0.000726
0,0.037534,-0.062303,-0.04006,-0.125367,-0.04164,-0.121004,0.000655,0.001087
0,0.099934,-0.001316,0.060244,0.064816,0.080355,0.02808,0.001744,2.3e-05
0,-0.028657,0.169287,-0.145678,0.193113,-0.104457,0.196983,0.0005,0.002955
0,-0.107712,-0.005115,-0.059351,-0.148246,-0.092698,-0.146799,0.00188,8.9e-05
0,0.166637,-0.07382,0.258484,-0.053781,0.298209,-0.019489,0.002908,0.001288
0,0.206995,0.047944,0.010745,0.149765,0.057397,0.178272,0.003613,0.000837
0,0.183738,-0.055831,-0.052051,-0.083709,-0.012991,-0.09571,0.003207,0.000974
0,0.099798,-0.060178,-0.095175,-0.023315,-0.141236,0.017671,0.001742,0.00105
0,0.062258,0.109574,-0.037256,0.180819,-0.030847,0.206803,0.001087,0.001912
0,0.174418,0.008696,0.08818,-0.111723,0.135113,-0.118332,0.003044,0.000152
0,-0.101822,0.052119,-0.271295,0.046498,-0.289069,0.010174,0.001777,0.00091
0,0.108789,-0.117366,0.237065,-0.198158,0.21018,-0.238021,0.001899,0.002048
0,0.199529,0.029176,0.086364,0.127222,0.128689,0.173993,0.003482,0.000509
0,0.142217,-0.111984,-0.034597,-0.1322,-0.037129,-0.176714,0.002482,0.001954
0,0.240579,-0.055079,0.089787,0.071179,0.109684,0.083377,0.004199,0.000961
0,0.254237,0.125503,0.033211,0.199342,0.055087,0.153124,0.004437,0.00219
0,0.118485,-0.048718,-0.110446,-0.157835,-0.134526,-0.188391,0.002068,0.00085
0,0.042267,0.052729,-0.100674,0.094841,-0.077476,0.105117,0.000738,0.00092
0,0.001444,-0.066657,-0.026245,-0.119307,-0.042601,-0.097204,2.5e-05,0.001163
0,0.025032,0.08058,0.031163,0.134842,0.075169,0.127949,0.000437,0.001406
0,0.019,-0.029037,0.000687,-0.108772,0.004277,-0.099382,0.000332,0.000507
0,0.175359,-0.082541,0.153199,-0.060506,0.129996,-0.079641,0.003061,0.001441
0,-0.016143,0.142759,-0.166341,0.243854,-0.186508,0.252287,0.000282,0.002492
0,0.108115,0.06053,0.152156,-0.073289,0.201407,-0.051495,0.001887,0.001056
0,0.134263,-0.044682,0.009304,-0.105941,0.016375,-0.099038,0.002343,0.00078
0,0.0455,0.07214,-0.100988,0.10527,-0.104755,0.072622,0.000794,0.001259
0,0.180418,-0.026456,0.110345,-0.118799,0.126436,-0.111431,0.003149,0.000462
0,0.035964,0.202144,-0.147159,0.219359,-0.163426,0.258067,0.000628,0.003528
0,0.018379,-0.05269,0.011836,-0.227285,0.007367,-0.275839,0.000321,0.00092
0,3.9e-05,-0.013039,-0.020887,0.037977,-0.025751,-0.008199,1e-06,0.000228
0,-0.080527,0.064677,-0.057157,0.078751,-0.015252,0.057865,0.001405,0.001129
0,0.203998,-0.032458,0.304449,-0.072915,0.288031,-0.112034,0.00356,0.000567
0,-0.127259,0.116748,-0.349961,0.168195,-0.325813,0.196793,0.002221,0.002038
0,0.12093,0.123213,0.235838,0.020387,0.18953,0.028588,0.002111,0.00215
0,-0.002067,-0.056108,-0.140829,-0.186511,-0.112229,-0.162866,3.6e-05,0.000979
0,0.065477,0.120324,0.055924,0.161307,0.022667,0.180572,0.001143,0.0021
0,-0.057292,0.063848,-0.126631,-0.077971,-0.17156,-0.063742,0.001,0.001114
0,-0.06167,0.157421,-0.020983,0.085453,-0.064128,0.055268,0.001076,0.002748
0,-0.08691,0.071579,-0.032172,-0.080119,-0.038857,-0.055767,0.001517,0.001249
0,0.094691,-0.003977,0.151665,-0.084216,0.158702,-0.106333,0.001653,6.9e-05
0,0.115634,0.008556,0.026908,0.007326,-0.000499,-0.020115,0.002018,0.000149
0,-0.106652,0.110736,-0.202901,0.097404,-0.177894,0.116011,0.001861,0.001933
0,-0.113661,0.036374,0.018556,-0.058008,-0.001478,-0.027218,0.001984,0.000635
0,-0.083162,0.033129,0.049328,0.001088,0.091783,-0.003292,0.001451,0.000578
0,0.146536,0.056181,0.227519,0.004197,0.25099,0.007911,0.002558,0.000981
0,-0.124087,0.117233,-0.263161,0.088521,-0.223536,0.078569,0.002166,0.002046
0,0.016356,0.015738,0.119647,-0.103541,0.164509,-0.120399,0.000285,0.000275
0,-0.168866,0.144158,-0.161051,0.136183,-0.189417,0.181639,0.002947,0.002516
0,0.098471,0.007426,0.280412,-0.109596,0.246766,-0.087633,0.001719,0.00013
0,0.109858,-0.022271,0.026752,-0.024721,0.052364,-0.015295,0.001917,0.000389
0,0.042384,0.015357,-0.078225,0.048306,-0.077515,0.091995,0.00074,0.000268
0,-0.106403,-0.032035,-0.156795,-0.031702,-0.135652,0.016732,0.001857,0.000559
0,0.058039,-0.01153,0.182336,0.024724,0.1729,0.009411,0.001013,0.000201
0,-0.036853,0.149166,-0.107453,0.168881,-0.107778,0.160119,0.000643,0.002603
0,-0.066778,0.149569,-0.047775,0.011035,-0.065222,0.051047,0.001166,0.00261
0,-0.064527,-0.107028,0.00073,-0.251357,0.03462,-0.221844,0.001126,0.001868
0,0.054381,0.056894,0.095358,0.188307,0.114121,0.142824,0.000949,0.000993
0,0.045,0.143508,-0.034097,0.077804,-0.035415,0.072403,0.000785,0.002505
0,0.143351,0.13353,0.0804,0.019593,0.056877,-0.00077,0.002502,0.002331
0,0.261715,-0.073767,0.145268,-0.210347,0.174568,-0.25568,0.004568,0.001287
0,-0.003279,-0.010963,-0.254694,0.084181,-0.302701,0.117825,5.7e-05,0.000191
0,0.046261,-0.062367,0.076774,-0.025019,0.032161,-0.031905,0.000807,0.001089
0,0.068675,0.017047,0.01682,0.10208,0.027646,0.123032,0.001199,0.000298
0,0.253491,-0.145482,0.200112,-0.135967,0.191678,-0.129261,0.004424,0.002539
0,0.070927,0.031474,-0.197789,0.179654,-0.175322,0.143798,0.001238,0.000549
0,0.257389,0.113456,0.163119,0.104972,0.137048,0.123604,0.004492,0.00198
0,0.177497,-0.012788,-0.05813,-0.107428,-0.047433,-0.127315,0.003098,0.000223
0,0.076196,-0.094937,-0.085225,-0.095457,-0.081682,-0.085223,0.00133,0.001657
0,0.306563,-0.089738,0.206658,0.020638,0.248018,0.045941,0.005351,0.001566
0,0.314117,0.141953,0.022794,0.209046,0.063535,0.211893,0.005482,0.002478
0,0.206844,-0.077739,-0.114172,-0.198016,-0.135419,-0.216115,0.00361,0.001357
0,0.292987,-0.082143,0.082096,-0.008529,0.072452,0.015493,0.005114,0.001434
0,-0.038446,-0.146376,-0.360728,-0.052125,-0.3636,-0.038961,0.000671,0.002555
0,-0.012642,-0.005552,0.006334,0.13712,0.040286,0.159794,0.000221,9.7e-05
0,0.192868,0.128023,0.207784,0.121974,0.172519,0.133731,0.003366,0.002234
0,0.037674,0.016117,-0.151086,-0.127323,-0.104952,-0.113212,0.000658,0.000281
0,0.150235,0.148188,0.099705,0.129738,0.08593,0.176047,0.002622,0.002586
0,0.213506,0.079655,0.041051,-0.091839,0.022502,-0.095334,0.003726,0.00139
0,0.069162,-0.050549,-0.137576,-0.126409,-0.167841,-0.129531,0.001207,0.000882
0,0.139726,0.035554,0.085771,0.068597,0.048729,0.028849,0.002439,0.000621
0,0.269586,0.028746,0.157699,0.000772,0.111423,0.021142,0.004705,0.000502
0,0.038581,0.161608,-0.202644,0.108085,-0.21654,0.059358,0.000673,0.002821
0,0.166671,0.030612,0.158081,-0.156974,0.180693,-0.199388,0.002909,0.000534
0,0.236861,-0.019447,0.084619,-0.05224,0.134041,-0.100975,0.004134,0.000339
0,0.085269,0.057658,-0.136513,0.100615,-0.135897,0.082535,0.001488,0.001006
0,0.020444,0.0123,-0.07924,-0.025602,-0.045132,0.0078,0.000357,0.000215
0,0.031899,-0.12929,0.016345,-0.165872,0.011975,-0.202664,0.000557,0.002257
0,1.04455,-0.485814,1.015136,-0.385345,1.042749,-0.402037,0.005273,0.003273
0,0.957993,-0.847422,-0.085217,-0.368088,-0.129432,-0.412666,0.004968,0.003039
0,1.306986,-1.06214,0.330807,-0.19221,0.347581,-0.152966,0.000692,0.004966
0,1.28917,-0.839205,-0.037107,0.193068,0.010164,0.236564,0.001003,0.002895
0,0.94986,-0.806563,-0.335125,0.042614,-0.373942,0.005249,0.004826,0.002325
0,0.817554,-0.521396,-0.133682,0.311837,-0.178539,0.358355,0.002517,0.002652
0,0.958475,-0.541149,0.147974,-0.040397,0.133808,0.007965,0.004977,0.002307
0,0.524565,-0.494651,-0.456794,0.048938,-0.436462,0.067142,0.002596,0.003118
0,0.602662,-0.4082,0.088006,0.111997,0.045813,0.130817,0.001233,0.004627
0,0.450136,-0.183209,-0.162753,0.227932,-0.173008,0.243715,0.003895,0.003198
0,0.027136,-0.086078,-0.426284,0.076124,-0.385382,0.075551,0.000474,0.001502
0,-0.074031,0.083617,-0.096062,0.197515,-0.068579,0.153609,0.001292,0.001459
0,0.043605,-0.032052,0.134479,-0.1238,0.122086,-0.150027,0.000761,0.000559
0,-0.155072,-0.143205,-0.209984,-0.127305,-0.160566,-0.098992,0.002707,0.002499
0,-0.059445,-0.042696,0.075247,0.079838,0.034204,0.122843,0.001038,0.000745
0,-0.190697,0.007689,-0.120234,0.023369,-0.130794,0.02445,0.003328,0.000134
0,-0.090257,0.071428,0.100568,0.081485,0.092352,0.092504,0.001575,0.001247
0,-0.172609,0.091168,-0.10924,0.042665,-0.100773,0.092085,0.003013,0.001591
0,-0.194471,0.16556,-0.021057,0.059944,-0.004525,0.104678,0.003394,0.00289
0,-0.113956,0.083862,0.072957,-0.055891,0.088845,-0.038835,0.001989,0.001464
0,-0.236233,0.024246,-0.145761,-0.045988,-0.182878,-0.030027,0.004123,0.000423
0,0.806724,-0.058201,1.014239,-0.084385,0.984891,-0.048641,0.002328,0.001016
0,2.010742,-0.864674,1.208508,-0.790566,1.251624,-0.777151,0.000161,0.00334
0,2.140618,-0.924408,0.11996,-0.052588,0.076489,-0.009204,0.002106,0.004382
0,2.135415,-0.977363,-0.000236,-0.067931,0.007876,-0.111861,0.002015,0.005307
0,1.995361,-0.874541,-0.143111,0.103969,-0.134065,0.144615,0.000429,0.003512
0,1.975976,-0.882661,0.010117,-0.023132,0.023865,-0.024258,0.000768,0.003654
0,1.816451,-0.666254,-0.166083,0.201522,-0.143559,0.244382,0.003552,0.000123
0,1.61963,-0.485633,-0.22584,0.178844,-0.264137,0.135452,0.004764,0.003276
0,1.197563,-0.320687,-0.394099,0.143925,-0.401534,0.167748,0.002602,0.005597
0,0.964052,-0.352181,-0.262961,-0.006575,-0.230162,-0.01202,0.005074,0.005605
0,0.613786,-0.121985,-0.349126,0.258413,-0.30733,0.254855,0.001039,0.002129
0,0.27647,0.090914,-0.313196,0.189235,-0.29489,0.200714,0.004825,0.001587
0,-0.065967,0.075139,-0.353809,0.006141,-0.39399,-0.008977,0.001151,0.001311
0,0.049838,0.141077,0.106722,0.073065,0.077982,0.064829,0.00087,0.002462
0,-0.214666,0.003241,-0.285732,-0.138408,-0.302192,-0.154708,0.003747,5.7e-05
0,-0.057456,0.104719,0.179672,0.118044,0.220941,0.146963,0.001003,0.001828
0,-0.271498,0.339148,-0.235449,0.217164,-0.189002,0.178745,0.004739,0.005832
0,-0.174984,0.105098,0.081862,-0.228426,0.066303,-0.226834,0.003054,0.001834
0,-0.163377,0.067932,0.008273,-0.043617,-0.01025,-0.049539,0.002851,0.001186
0,-0.299582,0.19002,-0.139143,0.125325,-0.163206,0.080355,0.005229,0.003316
0,-0.073809,0.097476,0.23445,-0.079905,0.203736,-0.076504,0.001288,0.001701
0,-0.100116,0.082919,-0.022841,-0.014816,-0.034228,0.030216,0.001747,0.001447
0,-0.135511,-0.031815,-0.02671,-0.125423,-0.017842,-0.117549,0.002365,0.000555
0,-0.289688,-0.103022,-0.142708,-0.054359,-0.122428,-0.09919,0.005056,0.001798
0,-0.17254,-0.083935,0.104595,0.028093,0.154473,0.045605,0.003011,0.001465
0,-0.092633,-0.151161,0.095878,-0.095717,0.047431,-0.127073,0.001617,0.002638
0,-0.076671,0.055469,-0.013955,0.228852,-0.045105,0.258113,0.001338,0.000968
0,-0.140483,0.010925,-0.061379,-0.039863,-0.014642,-0.010586,0.002452,0.000191
0,-0.267836,0.092226,-0.126714,0.067163,-0.157339,0.051893,0.004675,0.00161
0,-0.250484,-0.092742,0.007575,-0.199733,0.041754,-0.153066,0.004372,0.001619
0,-0.152381,-0.005779,0.123875,0.073637,0.088879,0.035256,0.00266,0.000101
0,-0.259753,-0.104694,-0.109907,-0.119142,-0.113006,-0.126746,0.004534,0.001827
0,-0.186292,-0.08264,0.059023,0.050953,0.019714,0.034103,0.003251,0.001442
0,-0.118922,0.053171,0.069736,0.149117,0.084862,0.168241,0.002076,0.000928
0,-0.022463,0.093096,0.094961,0.060146,0.080559,0.051977,0.000392,0.001625
0,-0.215154,0.027536,-0.20926,-0.058692,-0.176006,-0.016924,0.003755,0.000481
0,-0.15511,-0.13363,0.043067,-0.172805,0.082774,-0.157039,0.002707,0.002332
0,-0.019928,0.07867,0.142002,0.219373,0.138388,0.260314,0.000348,0.001373
0,-0.046841,0.054572,-0.025512,-0.034212,-0.023161,-0.026706,0.000818,0.000952
0,-0.172139,-0.034278,-0.149576,-0.096497,-0.158958,-0.084273,0.003004,0.000598
0,-0.176549,0.05498,-0.00691,0.111118,0.010862,0.151032,0.003081,0.00096
0,0.026264,-0.061276,0.19469,-0.096794,0.164491,-0.083306,0.000458,0.001069
0,0.093077,0.070298,0.090855,0.101696,0.080277,0.105717,0.001625,0.001227
0,-0.151453,0.000754,-0.25583,-0.095732,-0.275397,-0.067805,0.002643,1.3e-05
0,0.082992,-0.142655,0.241158,-0.166217,0.278871,-0.175494,0.001448,0.00249
0,-0.131808,0.047542,-0.192007,0.214442,-0.190358,0.205105,0.0023,0.00083
0,-0.112381,0.082077,-0.006984,0.040894,0.040837,-0.003224,0.001961,0.001433
0,-0.100117,-0.021939,0.011606,-0.084593,0.055693,-0.114277,0.001747,0.000383
0,0.158628,0.088351,0.288028,0.089898,0.255761,0.090729,0.002769,0.001542
0,-0.037055,0.142933,-0.177845,0.064048,-0.15144,0.104404,0.000647,0.002495
0,-0.050548,0.060999,0.014147,-0.109035,-0.024472,-0.093905,0.000882,0.001065
0,-0.138852,-0.010665,-0.077783,-0.098662,-0.061823,-0.100422,0.002423,0.000186
0,0.066863,-0.071747,0.183637,-0.055261,0.159447,-0.042513,0.001167,0.001252
0,0.169489,-0.026059,0.107352,0.065742,0.100936,0.10706,0.002958,0.000455
0,0.115147,0.012131,-0.079196,0.038394,-0.037412,0.015614,0.00201,0.000212
0,-0.026947,-0.116529,-0.147842,-0.114336,-0.168898,-0.157408,0.00047,0.002034
0,0.080313,-0.049246,0.121865,0.057897,0.154948,0.088909,0.001402,0.00086
0,-0.124366,-0.05005,-0.181413,0.015506,-0.139923,0.041108,0.002171,0.000874
0,-0.199481,-0.113977,-0.066066,-0.086545,-0.021244,-0.081248,0.003482,0.001989
0,0.047327,-0.100971,0.270121,0.033981,0.240993,0.058421,0.000826,0.001762
0,0.089491,-0.09479,0.065228,-0.020202,0.027242,0.002201,0.001562,0.001654
0,-0.053628,0.060668,-0.156949,0.167604,-0.177,0.183682,0.000936,0.001059
0,0.020269,-0.112858,0.102698,-0.193597,0.087909,-0.215562,0.000354,0.00197
0,-0.0237,0.168588,-0.017097,0.265866,-0.064381,0.263816,0.000414,0.002942
0,0.14015,-0.016489,0.135603,-0.156431,0.173309,-0.175072,0.002446,0.000288
0,0.153973,-0.003563,-0.003181,-0.011839,-0.019678,-0.042664,0.002687,6.2e-05
0,0.011773,0.1398,-0.153734,0.152308,-0.15035,0.159108,0.000205,0.00244
0,0.173883,0.118865,0.141195,0.006205,0.102035,0.039382,0.003035,0.002075
0,0.121836,-0.00915,-0.034342,-0.157206,-0.07403,-0.110627,0.002126,0.00016
0,0.153493,-0.030439,0.047892,0.002594,0.034701,-0.008308,0.002679,0.000531
0,-0.058907,0.024245,-0.210476,0.041677,-0.225086,0.074572,0.001028,0.000423
0,-0.063549,-0.072534,-0.019153,-0.092885,-0.024483,-0.130272,0.001109,0.001266
0,0.01014,-0.12375,0.078781,-0.058816,0.105515,-0.077603,0.000177,0.00216
0,0.025107,-0.104459,0.000194,0.040274,0.02416,0.00174,0.000438,0.001823
0,0.143669,0.087835,0.096406,0.175122,0.101366,0.176191,0.002507,0.001533
0,0.093277,-0.044388,-0.032139,-0.137617,-0.081927,-0.097373,0.001628,0.000775
0,0.104165,0.112342,-0.008685,0.181152,-0.0566,0.194543,0.001818,0.001961
0,0.155174,0.042739,0.04119,-0.049836,0.00804,-0.095834,0.002708,0.000746
0,0.020376,-0.022668,-0.112813,-0.083189,-0.078809,-0.060918,0.000356,0.000396
0,0.046709,-0.132678,0.055226,-0.136823,0.052823,-0.166308,0.000815,0.002316
0,0.108208,-0.143637,0.082724,-0.034291,0.070906,-0.080973,0.001889,0.002507
0,-0.018588,0.001943,-0.156045,0.153017,-0.181947,0.196337,0.000324,3.4e-05
0,0.159907,-0.137245,0.168114,-0.12346,0.19071,-0.16507,0.002791,0.002395
0,0.220459,-0.023175,0.060055,0.094162,0.043536,0.09099,0.003848,0.000404
0,0.152005,0.029281,-0.057513,0.049135,-0.102636,0.065777,0.002653,0.000511
0,0.084411,-0.040063,-0.074385,-0.096454,-0.117008,-0.04862,0.001473,0.000699
0,-0.017286,0.127468,-0.092525,0.183192,-0.109679,0.146263,0.000302,0.002225
0,0.037817,-0.163112,0.054615,-0.273511,0.011027,-0.292657,0.00066,0.002847
0,0.06524,0.008215,0.053301,0.198746,0.056146,0.233556,0.001139,0.000143
0,0.173408,-0.02989,0.131621,-0.015912,0.150169,-0.036801,0.003027,0.000522
0,0.16091,-0.108719,-0.003979,-0.06,0.000361,-0.056435,0.002808,0.001898
0,0.115212,-0.056293,-0.028295,0.032451,0.014582,0.035926,0.002011,0.000982
0,-0.056456,-0.046474,-0.170329,0.025036,-0.202553,0.032893,0.000985,0.000811
0,-0.020593,0.15334,0.051516,0.18632,0.046665,0.186238,0.000359,0.002676
0,0.129944,0.014659,0.171296,-0.167918,0.142214,-0.154834,0.002268,0.000256
0,0.171126,0.148775,0.01478,0.117369,0.013369,0.109888,0.002987,0.002597
0,0.022019,-0.074624,-0.131036,-0.20857,-0.174977,-0.17436,0.000384,0.001302
0,0.254941,0.141142,0.234451,0.193928,0.227803,0.149731,0.00445,0.002463
0,0.284995,0.07519,0.026667,-0.041718,0.001551,-0.070816,0.004974,0.001312
0,0.091409,0.033245,-0.190897,-0.04367,-0.240894,-0.011767,0.001595,0.00058
0,0.217357,-0.11686,0.151618,-0.157041,0.13765,-0.13323,0.003794,0.00204
0,0.267186,-0.100943,0.042259,0.034674,0.046047,0.031194,0.004663,0.001762
0,0.043541,0.166384,-0.249995,0.25005,-0.231343,0.206412,0.00076,0.002904
0,0.093752,-0.0638,0.036752,-0.228505,0.08118,-0.180371,0.001636,0.001114
0,0.188748,0.152141,0.124938,0.242402,0.08696,0.267312,0.003294,0.002655
0,0.253643,0.102491,0.091319,-0.026407,0.089816,-0.046978,0.004427,0.001789
0,0.06957,-0.10305,-0.17029,-0.211802,-0.142215,-0.219429,0.001214,0.001799
0,-0.021513,-0.13749,-0.102726,-0.046862,-0.138196,-0.023582,0.000375,0.0024
0,0.205327,0.053858,0.249882,0.209474,0.225467,0.250852,0.003584,0.00094
0,0.066855,0.103762,-0.157324,0.03131,-0.193595,0.000402,0.001167,0.001811
0,-0.12364,-0.146647,-0.192983,-0.278077,-0.202063,-0.230476,0.002158,0.002559
0,0.10964,-0.102201,0.251035,0.050164,0.252578,0.095285,0.001914,0.001784
0,-2.555081,1.048523,-2.691357,1.139568,-2.705104,1.116333,0.002412,0.005203
0,-4.225802,1.364202,-1.642797,0.343637,-1.680188,0.301114,0.003244,0.000306
0,-5.476743,1.623537,-1.234297,0.233723,-1.230903,0.238749,0.001574,0.004833
0,-5.485623,1.792036,-0.007235,0.155536,0.036078,0.157804,0.001729,0.003978
0,-4.321138,1.492365,1.176422,-0.320988,1.128146,-0.316597,0.004908,0.002543
0,-3.902256,1.399565,0.446007,-0.104091,0.43135,-0.144993,0.002403,0.000924
0,-3.168388,0.915768,0.709648,-0.505393,0.705518,-0.487165,0.00346,0.004231
0,-2.317531,0.490979,0.858504,-0.397843,0.843754,-0.356533,0.005193,0.003183
0,-0.856543,0.105909,1.483449,-0.368808,1.521529,-0.350216,0.003198,0.001848
0,-0.430986,0.214784,0.399048,0.117293,0.397743,0.136613,0.00423,0.003749
0,0.061789,-0.163257,0.473029,-0.382451,0.447867,-0.349755,0.001078,0.002849
0,0.266401,-0.213253,0.186788,-0.047114,0.187961,-0.045156,0.00465,0.003722
0,0.588887,-0.020592,0.300645,0.197527,0.298681,0.192323,0.001474,0.000359
0,0.667562,-0.29014,0.087996,-0.287581,0.050616,-0.336741,0.000101,0.005064
0,0.579764,-0.078668,-0.065685,0.192462,-0.065662,0.154756,0.001633,0.001373
0,0.650016,-0.262172,0.069004,-0.174761,0.041363,-0.130419,0.000407,0.004576
0,0.717748,-0.257363,0.071812,-0.000207,0.051219,0.001539,0.000775,0.004492
0,0.422771,-0.261433,-0.316775,0.01593,-0.357968,0.054415,0.004373,0.004563
0,0.541642,-0.139637,0.134988,0.110152,0.133769,0.151818,0.002298,0.002437
0,0.537253,-0.003274,0.022534,0.150675,-0.010412,0.106076,0.002375,5.7e-05
0,0.508229,-0.182198,-0.006762,-0.157211,-0.005262,-0.150566,0.002881,0.00318
0,0.366589,-0.065743,-0.130156,0.140873,-0.090497,0.150374,0.005354,0.001147
0,0.279447,0.000203,-0.101629,0.044168,-0.056707,0.004637,0.004877,4e-06
0,0.31683,-0.059524,0.018338,-0.081332,-0.010588,-0.094114,0.00553,0.001039
0,0.188422,-0.116302,-0.140302,-0.083683,-0.149488,-0.112634,0.003289,0.00203
0,0.145847,-0.106476,-0.024305,0.010134,-0.067942,0.00587,0.002546,0.001858
0,0.183945,-0.011733,0.034692,0.117549,0.002959,0.167286,0.00321,0.000205
0,0.145755,-0.084638,-0.039861,-0.063827,-0.033873,-0.112264,0.002544,0.001477
0,0.14279,0.081987,0.022517,0.149728,0.067809,0.199233,0.002492,0.001431
0,0.1304,-0.16193,-0.002235,-0.217784,-0.026399,-0.252998,0.002276,0.002826
0,0.150779,-0.07111,0.037032,0.088417,0.002388,0.050944,0.002632,0.001241
0,0.202624,0.096188,0.07284,0.158431,0.091983,0.125362,0.003536,0.001679
0,0.203242,-0.11817,-0.010694,-0.186214,-0.059293,-0.182313,0.003547,0.002062
0,0.256766,-0.070227,0.073442,0.045381,0.02843,0.032307,0.004481,0.001226
0,0.196459,0.110203,-0.042781,0.183003,-0.005634,0.184748,0.003429,0.001923
0,0.22553,0.004485,0.034442,-0.127438,0.011838,-0.16927,0.003936,7.8e-05
0,0.067709,-0.080888,-0.17243,-0.104339,-0.221213,-0.090261,0.001182,0.001412
0,-0.067385,0.051706,-0.148964,0.114312,-0.143188,0.139407,0.001176,0.000902
0,0.189525,0.057592,0.273413,0.034967,0.256988,0.032584,0.003308,0.001005
0,0.124079,-0.023916,-0.046199,-0.057271,-0.032716,-0.079304,0.002166,0.000417
0,0.078589,0.104979,-0.063566,0.116398,-0.03956,0.134582,0.001372,0.001832
0,0.091388,0.042831,0.004839,-0.072947,0.024144,-0.071251,0.001595,0.000748
0,0.142205,0.055914,0.034839,0.007585,0.001481,-0.018226,0.002482,0.000976
0,0.142107,0.154508,-0.016422,0.073474,-0.04575,0.121777,0.00248,0.002697
0,0.140089,0.034091,0.020037,-0.093938,0.008304,-0.123814,0.002445,0.000595
0,-0.05,0.044092,-0.181503,0.031405,-0.163251,-0.018256,0.000873,0.00077
0,0.076706,0.001559,0.106048,-0.028036,0.132332,-0.077078,0.001339,2.7e-05
0,0.111002,0.127458,0.056599,0.133739,0.061065,0.116964,0.001937,0.002225
0,-0.122093,0.055725,-0.221704,-0.045114,-0.196956,-0.069768,0.002131,0.000973
0,-0.150743,0.086112,-0.00618,0.011932,-0.023035,-0.019392,0.002631,0.001503
0,-0.096085,0.055396,0.037503,-0.038062,0.061655,-0.042024,0.001677,0.000967
0,0.031889,-0.125223,0.131803,-0.18998,0.123637,-0.155176,0.000557,0.002186
0,-0.115251,0.059876,-0.163284,0.202264,-0.16408,0.222825,0.002012,0.001045
0,-0.041239,-0.129198,0.046677,-0.198132,0.015494,-0.181685,0.00072,0.002255
0,-0.081795,0.05782,-0.015019,0.209889,-0.035865,0.214964,0.001428,0.001009
0,-0.094431,0.130289,-0.026292,0.045373,0.019363,0.087772,0.001648,0.002274
0,-0.20663,-0.121078,-0.092566,-0.233492,-0.121965,-0.269926,0.003606,0.002113
0,-0.263807,0.057094,-0.045913,0.186713,-0.068613,0.156911,0.004604,0.000996
0,-0.276915,-0.072807,-0.031471,-0.120332,-0.044382,-0.089864,0.004833,0.001271
0,-0.00863,0.098713,0.283895,0.162812,0.316518,0.182312,0.000151,0.001723
0,-0.17052,-0.00245,-0.177808,-0.104988,-0.186418,-0.071391,0.002976,4.3e-05
0,-0.164682,0.001166,-0.018115,-0.013597,-0.024991,0.030244,0.002874,2e-05
0,-0.095125,0.003646,0.06918,-0.001865,0.070701,0.044615,0.00166,6.4e-05
0,0.091629,0.152051,0.193185,0.170613,0.192549,0.135977,0.001599,0.002654
0,0.070047,0.034604,-0.036425,-0.089981,-0.074189,-0.063833,0.001223,0.000604
0,-0.166717,-0.084824,-0.24639,-0.105881,-0.287147,-0.07573,0.00291,0.00148
0,-0.051557,0.133556,0.095104,0.228374,0.137119,0.24417,0.0009,0.002331
0,-0.135902,0.062061,-0.07647,-0.083293,-0.093511,-0.130492,0.002372,0.001083
0,-0.130578,0.126675,0.022305,0.086392,0.026005,0.118151,0.002279,0.002211
0,-0.089196,0.059395,0.058818,-0.065829,0.104837,-0.018969,0.001557,0.001037
0,-0.120284,0.13798,-0.042663,0.072304,-0.054338,0.064094,0.002099,0.002408
0,-0.063109,0.137318,0.050172,0.026808,0.056283,0.053839,0.001101,0.002397
0,-0.117369,-0.037836,-0.071247,-0.165147,-0.111622,-0.173629,0.002048,0.00066
0,0.130175,0.037093,0.226824,0.069125,0.246369,0.0616,0.002272,0.000647
0,0.153269,-0.056865,0.021245,-0.081966,0.053481,-0.126654,0.002675,0.000992
0,0.080266,0.065515,-0.057891,0.138456,-0.069399,0.092115,0.001401,0.001143
0,-0.114102,-0.002205,-0.193576,-0.072257,-0.148523,-0.060453,0.001991,3.8e-05
0,-0.099785,0.108597,0.001062,0.13006,0.040292,0.12411,0.001742,0.001895
0,-0.061348,-0.073743,0.017522,-0.175052,0.053928,-0.134586,0.001071,0.001287
0,0.189435,-0.047789,0.259495,0.022586,0.306773,0.071699,0.003306,0.000834
0,0.16111,0.059484,-0.03249,0.087481,-0.022688,0.121963,0.002812,0.001038
0,0.031448,-0.046679,-0.112957,-0.092584,-0.115064,-0.046994,0.000549,0.000815
0,0.185453,-0.015694,0.178322,0.043862,0.189341,0.07457,0.003237,0.000274
0,0.198258,0.091012,0.013724,0.111219,-0.015296,0.095996,0.00346,0.001588
0,0.067117,0.051244,-0.143137,-0.037424,-0.148591,-0.030959,0.001171,0.000894
0,-0.104917,0.039416,-0.145842,-0.023707,-0.141502,0.000545,0.001831,0.000688
0,0.132433,-0.021153,0.226188,-0.064218,0.184622,-0.028103,0.002311,0.000369
0,-0.107901,0.013978,-0.21355,0.006452,-0.240886,0.054382,0.001883,0.000244
0,0.005984,-0.082815,0.133084,-0.080542,0.174551,-0.104924,0.000104,0.001445
0,0.134252,0.002052,0.100409,0.066323,0.056786,0.089503,0.002343,3.6e-05
0,-0.007002,0.163953,-0.120502,0.190701,-0.09084,0.236087,0.000122,0.002862
0,-0.159903,-0.020624,-0.125497,-0.170385,-0.087023,-0.20525,0.002791,0.00036
0,0.060381,0.082331,0.24101,0.112194,0.273268,0.100418,0.001054,0.001437
0,0.123188,-0.077958,0.05612,-0.154443,0.074445,-0.132635,0.00215,0.001361
0,0.040016,0.007138,-0.065894,0.063972,-0.026459,0.069597,0.000698,0.000125
0,0.042497,0.053015,0.024843,0.020624,-0.012714,0.055263,0.000742,0.000925
0,0.076448,-0.035481,0.044932,-0.080965,0.080405,-0.046445,0.001334,0.000619
0,0.070666,-0.078933,0.018528,-0.029986,0.028122,-0.03757,0.001233,0.001378
0,0.152057,-0.071786,0.088024,-0.015483,0.133636,0.032149,0.002654,0.001253
0,0.169146,0.039305,0.004394,0.111694,0.00041,0.097887,0.002952,0.000686
0,0.1224,-0.012381,-0.063861,-0.023373,-0.09102,-0.021096,0.002136,0.000216
0,0.104857,-0.064161,0.00243,-0.040449,-0.007228,-0.007705,0.00183,0.00112
0,0.122212,-0.158565,0.045735,-0.092709,-0.002994,-0.081304,0.002133,0.002767
0,0.021516,0.062762,-0.1227,0.228333,-0.129488,0.228404,0.000376,0.001095
0,-0.100065,-0.014127,-0.140747,-0.10178,-0.106725,-0.065756,0.001746,0.000247
0,0.130997,-0.018547,0.217814,0.00308,0.19065,-0.046781,0.002286,0.000324
0,-0.109901,-0.05583,-0.26686,-0.049874,-0.24703,-0.06572,0.001918,0.000974
0,-0.072064,-0.136375,0.0652,-0.083725,0.110117,-0.084109,0.001258,0.00238
0,-0.066445,-0.173773,0.016668,-0.040738,0.005492,-0.068918,0.00116,0.003033
0,-0.17535,0.085043,-0.082044,0.266721,-0.12564,0.2622,0.00306,0.001484
0,0.003534,0.083443,0.148999,0.005718,0.101658,0.003914,6.2e-05,0.001456
0,-0.043866,-0.002643,-0.03324,-0.09443,-0.018133,-0.100571,0.000766,4.6e-05
0,-0.014489,-0.150904,0.021881,-0.128013,0.068387,-0.120121,0.000253,0.002634
0,-0.042708,0.113364,-0.023015,0.245319,-0.045657,0.246654,0.000745,0.001979
0,-0.21337,-0.101687,-0.163659,-0.216508,-0.19255,-0.236142,0.003724,0.001775
0,-0.160603,-0.160771,0.037584,-0.076743,-0.002857,-0.077747,0.002803,0.002806
0,-0.294322,-0.005877,-0.115545,0.182139,-0.144553,0.177217,0.005137,0.000103
0,-0.149595,0.065522,0.150458,0.092134,0.199025,0.131001,0.002611,0.001144
0,-0.208047,0.014635,-0.050883,-0.062842,-0.096208,-0.021098,0.003631,0.000255
0,0.061201,-0.014575,0.284027,-0.032834,0.254342,-0.067301,0.001068,0.000254
0,-0.206979,-0.079121,-0.279355,-0.055879,-0.247721,-0.036753,0.003612,0.001381
0,-0.084937,0.045643,0.137855,0.101602,0.142333,0.132779,0.001482,0.000797
0,-0.110383,0.04439,-0.034449,0.009004,0.001287,0.034318,0.001927,0.000775
0,-0.1271,0.073692,-0.035746,0.03471,-0.063148,0.012555,0.002218,0.001286
0,-0.131843,-0.090638,0.016624,-0.181886,0.037881,-0.198606,0.002301,0.001582
0,0.028855,-0.075527,0.14516,0.003953,0.129818,-0.035324,0.000504,0.001318
0,-0.094935,-0.095675,-0.143357,-0.011389,-0.147215,-0.026144,0.001657,0.00167
0,-0.031075,-0.068681,0.082209,0.004294,0.043845,0.004476,0.000542,0.001199
0,-0.225217,0.065694,-0.187514,0.131229,-0.173081,0.139257,0.003931,0.001147
0,-0.101908,0.022422,0.128463,-0.022074,0.085478,0.020567,0.001779,0.000391
0,-0.161276,0.086669,-0.062106,0.074943,-0.072189,0.107185,0.002815,0.001513
0,-0.129894,-0.12562,0.031167,-0.215211,0.008266,-0.222435,0.002267,0.002192
0,0.029365,-0.137668,0.136638,0.00625,0.168818,0.044748,0.000513,0.002403
0,0.017164,-0.063022,0.002078,0.098217,-0.040203,0.129567,0.0003,0.0011
0,-0.202537,-0.053426,-0.227185,0.038402,-0.200481,0.061066,0.003535,0.000932
0,-0.101143,-0.159454,0.099617,-0.078689,0.057176,-0.045009,0.001765,0.002783
0,-0.031303,-0.019311,0.059179,0.165587,0.036062,0.215157,0.000546,0.000337
0,-0.080429,-0.153453,-0.065539,-0.163611,-0.053679,-0.183483,0.001404,0.002678
0,-0.062715,0.030301,-0.007705,0.175261,0.031496,0.170147,0.001095,0.000529
0,-0.028783,-0.189698,0.039243,-0.209831,0.08488,-0.197874,0.000502,0.003311
0,0.015849,0.111795,0.040364,0.301561,1.3e-05,0.269188,0.000277,0.001951
0,-0.063111,-0.073806,-0.082836,-0.196676,-0.06399,-0.192945,0.001101,0.001288
0,0.021496,0.085857,0.074976,0.16334,0.072429,0.155767,0.000375,0.001498
0,-0.169528,0.012043,-0.171474,-0.094904,-0.206644,-0.077221,0.002959,0.00021
0,-0.051717,0.060541,0.135415,0.043531,0.103131,0.048506,0.000903,0.001057
0,-0.144952,0.016034,-0.117402,-0.070468,-0.070604,-0.056236,0.00253,0.00028
0,0.037075,-0.082601,0.172298,-0.11202,0.156011,-0.151662,0.000647,0.001442
0,0.010968,-0.030399,-0.051132,0.066746,-0.045087,0.066869,0.000191,0.000531
0,-0.13539,0.10404,-0.147553,0.128625,-0.123874,0.088892,0.002363,0.001816
0,-0.159584,-0.11485,-0.037644,-0.226403,-0.087297,-0.26306,0.002785,0.002005
0,0.043489,-0.039172,0.222015,0.052262,0.242847,0.023643,0.000759,0.000684
0,-0.08307,0.059403,-0.118855,0.090307,-0.097572,0.096207,0.00145,0.001037
0,-0.13789,0.051823,-0.073545,0.003264,-0.054521,-0.022869,0.002407,0.000904
0,0.026961,0.067475,0.159225,0.00683,0.145477,0.035028,0.000471,0.001178
0,-0.025197,-0.108362,-0.038834,-0.152091,-0.057174,-0.149914,0.00044,0.001891
0,0.01403,-0.007543,0.026845,0.07653,0.018921,0.035304,0.000245,0.000132
0,0.081121,-0.014558,0.050215,0.018159,0.077976,0.004895,0.001416,0.000254
0,-0.000799,0.015631,-0.090598,0.03198,-0.058236,0.074099,1.4e-05,0.000273
0,-0.036405,0.135885,-0.043415,0.147459,-0.003336,0.143176,0.000635,0.002372
0,0.004464,0.018565,0.047559,-0.127953,0.036502,-0.149457,7.8e-05,0.000324
0,0.101541,-0.03904,0.08206,-0.029589,0.061264,-0.01487,0.001772,0.000681
0,-0.080935,-0.083289,-0.191292,-0.015849,-0.194924,-0.022425,0.001413,0.001454
0,0.126645,0.072902,0.190868,0.152306,0.234595,0.114098,0.00221,0.001272
0,-0.099349,-0.054404,-0.215211,-0.120874,-0.25924,-0.080075,0.001734,0.00095
0,-0.082257,0.0648,0.031953,0.129875,0.013059,0.171255,0.001436,0.001131
0,-0.01555,-0.186776,0.045026,-0.224468,0.075129,-0.258432,0.000271,0.00326
0,-0.11882,0.038094,-0.11437,0.234348,-0.106854,0.228633,0.002074,0.000665
0,-0.053099,-0.191914,0.035859,-0.228417,0.036575,-0.232247,0.000927,0.00335
0,0.055578,0.068218,0.106706,0.232724,0.12115,0.273737,0.00097,0.001191
0,-0.09594,0.078636,-0.128243,0.034893,-0.09009,0.020598,0.001674,0.001372
0,-0.040551,-0.058595,0.040745,-0.127847,0.08301,-0.165162,0.000708,0.001023
0,0.069775,0.071913,0.11007,0.135188,0.067334,0.147157,0.001218,0.001255
0,-0.020005,0.088735,-0.097826,0.025663,-0.100652,0.034954,0.000349,0.001549
0,0.058514,0.114151,0.077542,0.00683,0.096443,0.026637,0.001021,0.001992
0,-0.064795,0.127333,-0.107059,-0.001574,-0.080163,0.007438,0.001131,0.002222
0,-0.173643,0.079574,-0.112049,-0.055721,-0.138765,-0.069583,0.003031,0.001389
0,-0.089249,-0.139284,0.071141,-0.241723,0.088103,-0.199143,0.001558,0.002431
0,-0.145154,0.007939,-0.050482,0.156424,-0.074406,0.176334,0.002533,0.000139
0,-0.138907,-0.038333,-0.008204,-0.071968,-0.044048,-0.032946,0.002424,0.000669
0,-0.175007,0.029313,-0.016941,0.09249,0.001143,0.111468,0.003054,0.000512
0,-0.070241,-0.12618,0.077441,-0.139012,0.108315,-0.106046,0.001226,0.002202
0,-0.228193,-0.107874,-0.1311,0.039972,-0.171097,0.072413,0.003983,0.001883
0,0.007453,-0.077101,0.243691,0.052339,0.217857,0.099671,0.00013,0.001346
0,0.011158,0.030388,-0.002823,0.101757,-0.025841,0.143539,0.000195,0.00053
0,-0.043828,-0.125695,-0.054163,-0.156997,-0.070421,-0.165768,0.000765,0.002194
0,-0.112968,0.054314,-0.058701,0.164089,-0.026119,0.147267,0.001972,0.000948
0,-0.248164,0.031476,-0.14526,-0.003679,-0.159407,-0.031217,0.004331,0.000549
0,-0.314265,-0.03887,-0.043198,-0.056254,-0.092063,-0.083457,0.005485,0.000678
0,-0.01734,-0.014705,0.322223,-5e-05,0.272623,-0.018803,0.000303,0.000257
0,-0.15571,0.11963,-0.142366,0.138206,-0.108885,0.103853,0.002718,0.002088
0,-0.296142,0.094139,-0.139568,-0.051167,-0.100051,-0.08492,0.005169,0.001643
0,-0.138752,-0.111438,0.145196,-0.188649,0.146946,-0.226872,0.002422,0.001945
0,-0.006336,0.173633,0.113593,0.303374,0.098457,0.269277,0.000111,0.00303
0,-0.115323,0.043779,-0.11466,-0.099999,-0.108093,-0.068245,0.002013,0.000764
0,0.015818,-0.096776,0.120024,-0.12616,0.135956,-0.121361,0.000276,0.001689
0,-0.084496,0.124272,-0.085653,0.212827,-0.059574,0.218578,0.001475,0.002169
0,0.008635,-0.124086,0.093787,-0.229285,0.057252,-0.26659,0.000151,0.002166
0,-0.059947,-0.055899,-0.067329,0.082406,-0.080013,0.11031,0.001046,0.000976
0,0.129572,0.085946,0.159699,0.140063,0.151961,0.126395,0.002261,0.0015
0,0.081559,-0.087373,-0.061966,-0.189554,-0.041255,-0.189943,0.001423,0.001525
0,-0.138093,0.079719,-0.242834,0.163053,-0.249938,0.150285,0.00241,0.001391
0,-0.023726,0.067433,0.088531,-0.035941,0.068398,-0.071638,0.000414,0.001177
0,0.043123,-0.17215,0.080292,-0.243566,0.111876,-0.197106,0.000753,0.003005
0,-0.038302,0.055985,-0.103247,0.246065,-0.089933,0.200962,0.000668,0.000977
0,-0.255453,-0.129264,-0.205538,-0.16104,-0.17068,-0.142306,0.004458,0.002256
0,0.044015,-0.118392,0.325757,-0.008689,0.281492,0.021216,0.000768,0.002066
0,-0.229265,-0.026295,-0.264503,0.117487,-0.314327,0.138925,0.004001,0.000459
0,-0.161018,-0.03709,0.060945,0.007626,0.071557,0.031957,0.00281,0.000647
0,-0.223442,0.061089,-0.077733,0.115874,-0.048767,0.159574,0.0039,0.001066
0,-0.189104,-0.115966,0.033688,-0.179998,-0.004603,-0.160493,0.0033,0.002024
0,0.063662,0.007146,0.235941,0.150501,0.207865,0.196584,0.001111,0.000125
0,-0.207364,0.09545,-0.280804,0.077931,-0.318771,0.076482,0.003619,0.001666
0,-0.115961,-0.087498,0.12005,-0.203388,0.131247,-0.16948,0.002024,0.001527
0,-0.006609,-0.109284,0.080135,-0.024147,0.113059,0.010863,0.000115,0.001907
0,-0.203203,0.076704,-0.197086,0.20924,-0.207796,0.172234,0.003547,0.001339
0,-0.081059,-0.064821,0.094329,-0.117941,0.093251,-0.108697,0.001415,0.001131
0,-0.228675,-0.058496,-0.126656,0.021952,-0.102588,0.06648,0.003991,0.001021
0,-0.022371,-0.073362,0.19665,-0.003453,0.185782,0.031617,0.00039,0.00128
0,0.032143,0.040551,0.05271,0.141896,0.089303,0.15327,0.000561,0.000708
0,-0.112778,-0.056765,-0.134763,-0.104622,-0.162595,-0.114747,0.001968,0.000991
0,-0.03227,0.053612,0.088511,0.120128,0.130029,0.118241,0.000563,0.000936
0,-0.201641,-0.046127,-0.144557,-0.118938,-0.113787,-0.07234,0.003519,0.000805
0,-0.321691,0.118408,-0.1333,0.154755,-0.105387,0.147094,0.005615,0.002067
0,-0.024788,-0.042501,0.323471,-0.165429,0.363178,-0.192178,0.000433,0.000742
0,0.907845,1.337876,0.945756,1.392014,0.952123,1.380752,0.004093,0.000153
0,1.560346,1.959046,0.661242,0.600542,0.630904,0.636091,0.00373,0.001063
0,1.859449,1.740092,0.30112,-0.247068,0.278061,-0.250794,0.002802,0.004885
0,1.604796,2.033886,-0.245363,0.274334,-0.291647,0.296899,0.004506,0.000243
0,1.661786,1.862082,0.049676,-0.160419,0.010631,-0.199363,0.0055,0.002756
0,1.177654,1.419205,-0.483314,-0.422659,-0.504479,-0.389203,0.002949,0.001266
0,0.87063,1.060934,-0.295641,-0.375423,-0.322794,-0.421667,0.003444,0.004987
0,0.74363,0.587317,-0.139555,-0.45047,-0.135722,-0.495409,0.001227,0.001501
0,0.387699,0.35904,-0.339216,-0.243226,-0.385556,-0.236911,0.004985,0.005485
0,0.168462,0.185228,-0.227233,-0.149837,-0.205861,-0.123827,0.00294,0.003233
0,0.035266,0.036637,-0.159426,-0.148534,-0.14541,-0.130025,0.000616,0.000639
0,0.008816,-0.250212,-0.028347,-0.257428,-0.047409,-0.256748,0.000154,0.004367
0,-0.211453,-0.224066,-0.231741,0.029834,-0.251031,0.004939,0.003691,0.003911
0,-0.24787,-0.323059,-0.028121,-0.073703,-0.056206,-0.103782,0.004326,0.005638
0,-0.283811,-0.522228,-0.008603,-0.174948,0.024447,-0.139479,0.004953,0.002637
0,-0.220921,-0.54866,0.072215,-0.037348,0.076973,-0.002732,0.003856,0.002176
0,-0.1696,-0.351666,0.027137,0.208613,0.052464,0.185162,0.00296,0.005614
0,-0.152293,-0.121849,0.027626,0.208378,0.037312,0.175216,0.002658,0.002127
0,-0.140055,-0.145493,0.00819,0.001861,0.016146,0.050575,0.002444,0.002539
0,-0.156565,0.013985,0.011318,0.161477,0.027662,0.16025,0.002733,0.000244
0,-0.344251,-0.00104,-0.208646,-0.041865,-0.205763,-0.049468,0.005743,1.8e-05
0,-0.198176,0.111022,0.175375,0.099239,0.128174,0.065608,0.003459,0.001938
0,-0.176603,0.023681,0.022905,-0.059274,-0.006047,-0.058926,0.003082,0.000413
0,-0.081729,0.090672,0.069258,0.092723,0.025551,0.046847,0.001426,0.001583
0,-0.3122,0.059697,-0.260416,-0.010005,-0.265961,0.018129,0.005449,0.001042
0,-0.315382,0.00972,-0.013026,-0.04418,-0.042831,-0.043897,0.005504,0.00017
0,-0.326535,-0.048921,0.001574,-0.07029,0.043823,-0.054519,0.005699,0.000854
0,-0.373371,-0.090831,-0.028038,-0.070054,0.01948,-0.084305,0.005235,0.001585
0,-1.455651,0.408632,-1.105837,0.516484,-1.066864,0.491989,0.001903,0.00462
0,-1.978939,0.988495,-0.513619,0.557021,-0.514111,0.563529,0.000716,0.005501
0,-2.146294,1.319527,-0.154242,0.346502,-0.111441,0.390853,0.002205,0.000473
0,-1.883747,1.422153,0.259395,0.130616,0.239958,0.090347,0.002378,0.001318
0,-1.514423,1.102101,0.365603,-0.308645,0.375399,-0.352134,0.002928,0.004268
0,-1.210407,0.597016,0.297829,-0.492758,0.260126,-0.533566,0.002378,0.001332
0,-1.09443,0.265565,0.126461,-0.309554,0.140615,-0.289481,0.004402,0.004635
0,-0.873583,0.175142,0.250235,-0.067518,0.282101,-0.117183,0.003495,0.003057
0,-0.537436,0.141951,0.333283,-0.004138,0.324774,-0.00867,0.002372,0.002478
0,-0.094007,0.061493,0.470471,-0.098533,0.515827,-0.056401,0.001641,0.001073
0,-0.09752,0.040657,-0.002186,-0.042549,0.03369,-0.027962,0.001702,0.00071
0,-0.112218,0.066636,-0.02891,0.039376,0.01927,0.078914,0.001959,0.001163
0,-0.210404,0.18107,-0.097775,0.089619,-0.131692,0.121679,0.003672,0.00316
0,-0.117153,0.129301,0.088069,-0.062658,0.090515,-0.090696,0.002045,0.002257
0,0.029978,-0.121552,0.139386,-0.25655,0.162231,-0.214692,0.000523,0.002121
0,-0.0838,0.091446,-0.110664,0.227296,-0.064918,0.204674,0.001463,0.001596
0,-0.232883,0.034047,-0.124533,-0.056558,-0.152049,-0.077041,0.004065,0.000594
0,-0.275192,0.163647,-0.057017,0.123981,-0.09252,0.148889,0.004803,0.002856
0,-0.129378,0.156743,0.118476,0.006616,0.105556,-0.023538,0.002258,0.002736
0,-0.022475,-0.009866,0.107613,-0.1562,0.156327,-0.182507,0.000392,0.000172
0,0.051446,0.069781,0.088789,0.087753,0.078552,0.095075,0.000898,0.001218
0,-0.06554,0.005986,-0.143265,-0.033882,-0.112642,-0.015235,0.001144,0.000104
0,-0.08501,0.07463,0.00091,0.049834,-0.003776,0.058232,0.001484,0.001303
0,0.005724,-0.05292,0.099141,-0.127518,0.084473,-0.119107,0.0001,0.000924
0,-0.001509,-0.025337,-0.002223,0.012566,-0.023202,-0.019515,2.6e-05,0.000442
0,-0.102354,-0.084282,-0.074876,-0.088435,-0.124825,-0.064057,0.001786,0.001471
0,-0.234303,0.083566,-0.143349,0.184395,-0.170419,0.177804,0.004089,0.001459
0,0.051447,-0.040948,0.31298,-0.108923,0.334352,-0.133824,0.000898,0.000715
0,0.043047,-0.040059,0.020047,0.015223,0.060411,0.024774,0.000751,0.000699
0,-0.085195,-0.075643,-0.116639,-0.052492,-0.096772,-0.050961,0.001487,0.00132
0,-0.005758,-0.112321,0.069119,-0.061216,0.021355,-0.051639,0.0001,0.00196
0,-0.058598,0.002337,-0.080146,0.109312,-0.121926,0.10381,0.001023,4.1e-05
0,-0.210772,0.025548,-0.147301,0.008218,-0.161374,-0.036842,0.003679,0.000446
0,-0.166473,-0.100564,0.063339,-0.154529,0.030692,-0.110616,0.002906,0.001755
0,0.012434,0.093328,0.185609,0.199176,0.192781,0.191745,0.000217,0.001629
0,0.041921,-0.12967,0.042361,-0.245333,0.08947,-0.263624,0.000732,0.002263
0,-0.096798,-0.159378,-0.163533,-0.042369,-0.159861,-0.013488,0.001689,0.002782
0,0.017707,-0.132867,0.112025,0.008798,0.136815,-0.01179,0.000309,0.002319
0,-0.193615,0.03565,-0.228172,0.195892,-0.211674,0.172974,0.003379,0.000622
0,-0.022491,-0.108535,0.191463,-0.16103,0.224054,-0.12001,0.000393,0.001894
0,0.010363,-0.006067,0.058494,0.108685,0.045761,0.117701,0.000181,0.000106
0,0.066715,-0.103329,0.082309,-0.125137,0.066926,-0.09347,0.001164,0.001803
0,0.007358,0.045611,-0.064128,0.118972,-0.04194,0.138869,0.000128,0.000796
0,0.073114,0.131741,0.051959,0.104262,0.040042,0.099102,0.001276,0.002299
0,0.085229,-0.123086,0.001619,-0.255004,-0.03638,-0.275167,0.001488,0.002148
0,0.046438,0.043132,-0.020368,0.144196,-0.014311,0.181725,0.000811,0.000753
0,0.149129,0.001183,0.10043,-0.055348,0.098242,-0.050174,0.002603,2.1e-05
0,0.023743,0.058381,-0.112119,0.08197,-0.089924,0.062502,0.000414,0.001019
0,0.05754,-0.028301,0.048669,-0.10266,0.086039,-0.088007,0.001004,0.000494
0,0.152059,0.022412,0.078957,0.074868,0.121843,0.076037,0.002654,0.000391
0,0.11961,0.046093,-0.00263,-0.005309,-0.018717,-0.040781,0.002088,0.000804
0,0.205605,0.099205,0.110432,0.054328,0.145334,0.023852,0.003588,0.001731
0,-0.050378,-0.104788,-0.251841,-0.175584,-0.245497,-0.16658,0.000879,0.001829
0,0.01958,-0.129761,0.04411,-0.000634,0.00241,-0.022071,0.000342,0.002265
0,0.086674,0.047692,0.049605,0.166501,0.001726,0.194197,0.001513,0.000832
0,0.003102,0.148581,-0.072465,0.116294,-0.069039,0.08803,5.4e-05,0.002593
0,-0.101057,-0.002986,-0.118363,-0.127247,-0.104024,-0.116684,0.001764,5.2e-05
0,0.012459,0.143257,0.133441,0.144491,0.113779,0.171933,0.000217,0.0025
0,0.108721,0.099255,0.099382,-0.061474,0.065868,-0.031073,0.001898,0.001732
0,0.132661,-0.14559,0.019438,-0.241246,-0.00416,-0.213969,0.002315,0.002541
0,-0.080438,-0.022022,-0.184574,0.100975,-0.216633,0.072829,0.001404,0.000384
0,-0.05453,0.029866,0.008175,0.076796,-0.03362,0.080138,0.000952,0.000521
0,-0.079884,0.105535,0.003309,0.049626,0.021731,0.043028,0.001394,0.001842
0,0.076591,0.104649,0.180644,0.006951,0.18281,0.036303,0.001337,0.001826
0,0.055116,0.162089,-0.014273,0.036398,-0.061277,0.011603,0.000962,0.002829
0,-0.035443,-0.125546,-0.100599,-0.297594,-0.12604,-0.270385,0.000619,0.002191
0,0.078226,0.050835,0.13955,0.197345,0.154962,0.189044,0.001365,0.000887
0,0.151497,-0.087555,0.056144,-0.122469,0.04114,-0.109539,0.002644,0.001528
0,0.117629,-0.054905,-0.051842,0.040983,-0.012374,-0.007657,0.002053,0.000958
0,-0.007357,0.144137,-0.154345,0.212292,-0.184751,0.236224,0.000128,0.002516
0,-0.055765,0.053191,-0.053423,-0.107361,-0.059301,-0.139575,0.000973,0.000928
0,0.10689,0.079681,0.15128,0.053484,0.126456,0.015382,0.001866,0.001391
0,-0.028094,0.060188,-0.16323,-0.005821,-0.16649,-0.038501,0.00049,0.00105
0,-0.114846,0.07005,-0.061406,0.026047,-0.107021,0.037912,0.002004,0.001223
0,-1.21046,1.286418,-1.10272,1.198012,-1.132692,1.188411,0.002377,0.001051
0,-3.556785,1.520385,-2.343787,0.239254,-2.36584,0.281077,0.003319,0.003032
0,-3.746784,2.449649,-0.190893,0.909936,-0.203711,0.907395,0.005116,0.004252
0,-3.555985,2.082488,0.184445,-0.381802,0.193218,-0.373432,0.003305,0.001091
0,-3.097843,1.741714,0.457285,-0.358584,0.496364,-0.385551,0.004691,0.004856
0,-2.513708,1.275925,0.591627,-0.450018,0.601722,-0.488568,0.003134,0.001234
0,-1.795483,0.850242,0.712195,-0.423081,0.737787,-0.40694,0.003918,0.003088
0,-1.425675,0.435879,0.367632,-0.387653,0.367119,-0.391714,0.001379,0.004144
0,-1.036604,0.337126,0.366713,-0.073806,0.332067,-0.053394,0.005411,0.005868
0,-0.40084,-0.157511,0.662882,-0.52177,0.615183,-0.490077,0.004756,0.002749
0,0.261649,-0.140459,0.655118,-0.011602,0.62392,-0.03659,0.004567,0.002451
0,0.583887,-0.30055,0.298157,-0.140373,0.254733,-0.17211,0.001561,0.005246
0,0.87543,-0.301658,0.290132,0.007417,0.273646,-0.030705,0.003527,0.005265
0,0.597902,-0.376055,-0.266705,-0.049884,-0.284485,-0.062494,0.001316,0.005188
0,0.761984,-0.277496,0.158015,0.086329,0.189777,0.080621,0.001547,0.004843
0,0.763573,-0.116224,-0.004835,0.143332,0.01515,0.160415,0.001575,0.002028
0,0.702124,-0.13185,-0.052442,-0.007553,-0.056893,0.010084,0.000503,0.002301
0,0.63442,-0.066682,-0.079888,0.094591,-0.056289,0.104396,0.000679,0.001164
0,0.466075,-0.050935,-0.153384,0.015621,-0.13153,-0.031759,0.003617,0.000889
0,0.478541,-0.279712,0.007851,-0.252027,0.003553,-0.272988,0.0034,0.004882
0,0.34654,-0.05612,-0.150736,0.22543,-0.141819,0.257634,0.005703,0.000979
0,0.235277,-0.116666,-0.103225,-0.063826,-0.098788,-0.028329,0.004106,0.002036
0,0.528998,-0.145481,0.322175,-0.0523,0.365764,-0.031164,0.002519,0.002539
0,0.298998,-0.229783,-0.209942,-0.094742,-0.177762,-0.115535,0.005219,0.00401
0,0.13161,-0.236206,-0.188312,-0.016023,-0.138879,0.001247,0.002297,0.004123
0,0.351527,-0.189167,0.237007,0.057396,0.255505,0.013438,0.005616,0.003302
0,0.355445,-0.184254,-0.025656,-0.024731,-0.013786,0.018583,0.005548,0.003216
0,0.316843,-0.209387,-0.059217,-0.01916,-0.081301,-0.023408,0.00553,0.003654
0,0.244014,-0.083406,-0.046669,0.106909,-0.017862,0.116046,0.004259,0.001456
0,0.207429,-0.23794,-0.025153,-0.148772,-0.003314,-0.163807,0.00362,0.004153
0,0.26114,-0.222004,0.07177,0.036424,0.094349,0.083473,0.004558,0.003875
0,0.174076,-0.048821,-0.110351,0.149362,-0.109438,0.170521,0.003038,0.000852
0,0.307587,-0.055917,0.160888,0.021043,0.117324,-0.02518,0.005368,0.000976
0,0.226799,-0.093675,-0.07825,-0.019752,-0.114182,-0.039351,0.003958,0.001635
0,0.230455,-0.196326,-0.010254,-0.098362,0.029949,-0.094074,0.004022,0.003427
0,0.255022,-0.142714,0.034253,0.044329,0.062391,0.004273,0.004451,0.002491
0,0.040922,-0.033235,-0.208411,0.080318,-0.255993,0.034517,0.000714,0.00058
0,0.095999,-0.111161,0.03978,-0.099833,0.045338,-0.098332,0.001676,0.00194
0,0.145908,-0.193173,0.039744,-0.112011,0.025707,-0.072183,0.002547,0.003372
0,0.084856,-0.014103,-0.060866,0.195767,-0.016646,0.181268,0.001481,0.000246
0,0.210654,-0.076435,0.119406,-0.036251,0.135094,0.001821,0.003677,0.001334
0,0.248473,-0.147557,0.040088,-0.084765,0.042992,-0.108409,0.004337,0.002575
0,0.121451,-0.164701,-0.138537,-0.013836,-0.111198,-0.051372,0.00212,0.002875
0,0.059675,-0.050975,-0.082668,0.110187,-0.042716,0.148896,0.001042,0.00089
0,-0.009176,-0.166757,-0.079051,-0.125228,-0.069569,-0.158363,0.00016,0.00291
0,-0.015725,0.090181,-0.03523,0.258583,-0.036223,0.289297,0.000274,0.001574
0,0.120225,-0.014591,0.129747,-0.110926,0.153681,-0.105104,0.002098,0.000255
0,0.122681,0.044846,-0.005504,0.057728,-0.02864,0.063599,0.002141,0.000783
0,0.053481,-0.086019,-0.048332,-0.154368,-0.097148,-0.157219,0.000933,0.001501
0,-0.096667,0.091834,-0.173694,0.155615,-0.13208,0.125584,0.001687,0.001603
0,-0.056741,-0.157005,0.055235,-0.273457,0.099942,-0.274464,0.00099,0.00274
0,-0.014714,0.094666,0.067175,0.257539,0.111037,0.286658,0.000257,0.001652
0,2.82491,0.687161,2.816202,0.569745,2.794688,0.602488,0.002297,0.000242
0,3.869219,2.011641,1.064161,1.297951,1.019119,1.326597,0.00298,0.000145
0,4.074094,2.487969,0.187027,0.447036,0.218012,0.450404,0.000596,0.003584
0,3.498645,1.871518,-0.554614,-0.601944,-0.556016,-0.609372,0.002304,0.002591
0,2.904538,1.921525,-0.571136,0.046161,-0.603423,0.01484,0.003687,0.001718
0,2.579936,1.357839,-0.294741,-0.543085,-0.321694,-0.570389,0.001978,0.000195
0,1.982544,1.143378,-0.579957,-0.223186,-0.577762,-0.239868,0.000653,0.003548
0,1.416394,0.929029,-0.590276,-0.204801,-0.544584,-0.22908,0.001217,0.004463
0,0.795683,0.693284,-0.639264,-0.258114,-0.638106,-0.300619,0.002136,0.000348
0,0.456588,0.504695,-0.316073,-0.211205,-0.324982,-0.165171,0.003783,0.002943
0,0.483324,0.413378,0.044788,-0.098487,0.069801,-0.092283,0.003316,0.004537
0,0.580996,0.388213,0.103418,-0.022421,0.063667,-0.055616,0.001611,0.004976
0,0.292176,0.378697,-0.312528,0.019165,-0.328449,0.022684,0.005099,0.005142
0,0.416422,0.328848,0.108417,-0.039641,0.090965,-0.082368,0.004484,0.005739
0,0.257629,0.283309,-0.185762,-0.050703,-0.170061,-0.038124,0.004496,0.004945
0,0.221794,0.169706,-0.047674,-0.092542,-0.0374,-0.13655,0.003871,0.002962
0,0.430626,0.163738,0.225082,-0.023719,0.185528,-0.040024,0.004236,0.002858
0,0.143706,0.178512,-0.268194,-0.013595,-0.282078,-0.023397,0.002508,0.003116
0,0.204877,0.226562,0.084612,0.064038,0.096187,0.032371,0.003576,0.003954
0,0.203321,0.319567,0.027692,0.094399,0.021234,0.131009,0.003549,0.005578
0,0.113766,0.307902,-0.092088,-0.030465,-0.044153,-0.034938,0.001986,0.005374
0,0.173797,0.248035,0.076336,-0.072685,0.072256,-0.11049,0.003033,0.004329
0,0.242074,0.105972,0.059907,-0.168827,0.100031,-0.121939,0.004225,0.00185
0,-0.030597,0.318997,-0.281182,0.22945,-0.313741,0.180435,0.000534,0.005568
0,-0.000497,0.230147,0.049512,-0.101215,0.098612,-0.088257,9e-06,0.004017
0,0.298194,0.247216,0.282741,0.0367,0.326715,0.084995,0.005204,0.004315
0,0.027135,0.174073,-0.292977,-0.094716,-0.263714,-0.118681,0.000474,0.003038
0,0.110543,0.238384,0.08215,0.07435,0.11312,0.118168,0.001929,0.004161
0,0.224905,0.014995,0.13973,-0.199055,0.185482,-0.177162,0.003925,0.000262
0,0.144149,0.184429,-0.078946,0.153654,-0.031166,0.151243,0.002516,0.003219
0,0.02324,0.04453,-0.1302,-0.136717,-0.130403,-0.100433,0.000406,0.000777
0,0.121108,0.178496,0.068877,0.118707,0.072252,0.139791,0.002114,0.003115
0,0.063422,0.039474,-0.06253,-0.115459,-0.091132,-0.111977,0.001107,0.000689
0,0.288149,0.033596,0.23504,0.002071,0.271232,-0.010201,0.005029,0.000586
0,0.083369,-0.001179,-0.17787,-0.029107,-0.222804,0.017763,0.001455,2.1e-05
0,0.176657,-0.039185,0.065215,-0.012735,0.092986,-0.055046,0.003083,0.000684
0,0.223219,0.148013,0.023385,0.169569,-0.025298,0.126837,0.003896,0.002583
0,0.174771,0.199869,-0.061287,0.037084,-0.045308,0.065254,0.00305,0.003488
0,0.061953,-0.050154,-0.119468,-0.247585,-0.159133,-0.230597,0.001081,0.000875
0,0.193292,-0.029612,0.140222,0.020061,0.109663,0.059459,0.003374,0.000517
0,0.300733,0.109136,0.113715,0.124858,0.075984,0.132541,0.005249,0.001905
0,0.145636,0.023054,-0.139699,-0.079067,-0.189209,-0.096218,0.002542,0.000402
0,0.031879,-0.09729,-0.13299,-0.147133,-0.125526,-0.155967,0.000556,0.001698
0,0.259854,0.170335,0.214556,0.292773,0.257108,0.277571,0.004535,0.002973
0,0.038314,0.11521,-0.217197,-0.084206,-0.255232,-0.118944,0.000669,0.002011
0,0.017615,0.101901,-0.017071,-0.03255,-0.00578,0.009577,0.000307,0.001779
0,0.019748,-0.104308,0.031949,-0.186498,0.039213,-0.154299,0.000345,0.001821
0,-0.034302,-0.079838,-0.034029,0.035152,0.006704,0.027758,0.000599,0.001393
0,0.078573,0.058316,0.087133,0.158193,0.108279,0.170512,0.001371,0.001018
0,0.215971,0.037504,0.117589,-0.020149,0.096875,-0.007213,0.003769,0.000655
0,0.083312,0.009148,-0.116923,-0.053994,-0.067259,-0.013804,0.001454,0.00016
0,0.138877,0.021419,0.057388,0.00593,0.011558,-0.009794,0.002424,0.000374
0,0.066985,-0.002443,-0.081211,-0.03079,-0.045312,-0.039444,0.001169,4.3e-05
0,0.204449,0.170042,0.107864,0.1437,0.086967,0.14763,0.003568,0.002968
0,0.209876,0.009068,0.000786,-0.143578,-0.02068,-0.120626,0.003663,0.000158
0,-0.054118,-0.098953,-0.261943,-0.079817,-0.230387,-0.060306,0.000945,0.001727
0,0.073039,-0.000535,0.124305,0.103223,0.123392,0.105836,0.001275,9e-06
0,0.041192,-0.042275,-0.046505,-0.070794,-0.056385,-0.104906,0.000719,0.000738
0,0.015547,-0.043324,0.00034,0.026558,-0.039579,-0.002759,0.000271,0.000756
0,-0.053508,-0.018804,-0.041018,0.011452,0.006122,0.008146,0.000934,0.000328
0,0.125597,0.031565,0.192371,0.072169,0.203185,0.058573,0.002192,0.000551
0,0.131795,0.042787,0.007138,-0.000734,0.021337,-0.004711,0.0023,0.000747
0,0.175536,0.0882,0.046293,0.019331,0.066403,0.013313,0.003064,0.001539
0,0.200272,-0.11982,0.018179,-0.224059,0.01654,-0.270238,0.003495,0.002091
0,-0.100288,-0.189731,-0.316177,-0.045445,-0.306296,-0.007459,0.00175,0.003311
0,-0.10202,0.054671,-0.031596,0.221805,-0.003107,0.207655,0.001781,0.000954
0,-0.01357,-0.09388,0.068545,-0.133742,0.113096,-0.103538,0.000237,0.001639
0,-0.009786,-0.064814,-0.013347,0.025129,-0.042685,0.065798,0.000171,0.001131
0,0.036279,-0.017845,0.021438,0.023607,-0.00893,0.053235,0.000633,0.000311
0,0.104847,-0.050261,0.081734,-0.029192,0.066874,-0.049998,0.00183,0.000877
0,-0.135476,0.11147,-0.235261,0.176155,-0.209826,0.127991,0.002364,0.001946
0,-0.118892,0.039104,0.005592,-0.054624,0.033179,-0.029666,0.002075,0.000682
0,0.009588,-0.067419,0.112566,-0.124441,0.117458,-0.103788,0.000167,0.001177
0,0.084729,0.04959,0.095793,0.126123,0.102059,0.099943,0.001479,0.000866
0,0.049895,-0.056634,-0.043284,-0.094665,-0.08394,-0.073402,0.000871,0.000988
0,-0.086049,0.15894,-0.113671,0.187136,-0.10093,0.221286,0.001502,0.002774
0,0.044291,-0.010478,0.11259,-0.175027,0.105394,-0.145763,0.000773,0.000183
0,-0.024053,-0.061821,-0.097471,-0.026513,-0.095685,-0.075486,0.00042,0.001079
0,0.15594,-0.142208,0.207494,-0.077065,0.185122,-0.123831,0.002722,0.002482
0,0.004674,0.014364,-0.147534,0.166045,-0.160715,0.141586,8.2e-05,0.000251
0,0.000365,0.118711,0.022699,0.116847,-0.005057,0.108684,6e-06,0.002072
0,0.12965,0.171678,0.124193,0.027075,0.095471,0.014898,0.002263,0.002996
0,0.240094,0.113802,0.081475,-0.071801,0.099458,-0.027507,0.00419,0.001986
0,0.14747,0.145643,-0.120161,0.006006,-0.126669,-0.015122,0.002574,0.002542
0,0.316103,-0.01009,0.14468,-0.146673,0.126413,-0.167581,0.005517,0.000176
0,0.188446,-0.016263,-0.134647,0.005556,-0.140464,-0.038838,0.003289,0.000284
0,0.325407,-0.023787,0.131184,-0.025936,0.16717,-0.011307,0.005679,0.000415
0,0.075059,0.072904,-0.254873,0.068033,-0.288583,0.08129,0.00131,0.001272
0,0.188426,-0.030788,0.135744,-0.095449,0.176754,-0.078049,0.003289,0.000537
0,0.25596,0.114392,0.037738,0.146066,-0.011715,0.114053,0.004467,0.001997
0,0.144393,0.05019,-0.097206,-0.081711,-0.121885,-0.091647,0.00252,0.000876
0,0.059535,-0.061377,-0.10038,-0.09806,-0.062173,-0.080703,0.001039,0.001071
0,0.15364,0.003013,0.091738,0.041047,0.134415,0.027173,0.002682,5.3e-05
0,0.07354,0.161402,-0.09608,0.138553,-0.10699,0.161402,0.001284,0.002817
0,0.117659,0.183741,0.071533,0.004298,0.024931,-0.006656,0.002054,0.003207
0,0.026334,0.016665,-0.076677,-0.160934,-0.095589,-0.159062,0.00046,0.000291
0,0.248181,-0.057929,0.212527,-0.063424,0.204721,-0.110837,0.004332,0.001011
0,0.20413,-0.066049,-0.062984,-0.009903,-0.059878,-0.012151,0.003563,0.001153
0,0.00485,-0.124841,-0.20152,-0.086631,-0.191134,-0.039256,8.5e-05,0.002179
0,0.131677,0.13175,0.10341,0.237272,0.134033,0.222706,0.002298,0.002299
0,0.008337,-0.137066,-0.098941,-0.282802,-0.077509,-0.284028,0.000146,0.002392
0,0.099716,0.125689,0.116595,0.267138,0.105819,0.257097,0.00174,0.002194
0,0.133878,0.06945,0.034774,-0.060191,0.001787,-0.098154,0.002337,0.001212
0,0.220585,-0.019746,0.111039,-0.09177,0.147021,-0.122335,0.00385,0.000345
0,0.139115,0.013081,-0.084015,0.019741,-0.117478,0.035936,0.002428,0.000228
0,0.092935,0.022366,-0.061373,-0.009472,-0.035006,0.029995,0.001622,0.00039
0,0.040382,0.14684,-0.04453,0.133688,-0.032968,0.131536,0.000705,0.002563
0,-0.021274,-0.04435,-0.031921,-0.221023,-0.04303,-0.268299,0.000371,0.000774
0,-0.071026,0.037028,-0.027811,0.075913,-0.017749,0.078875,0.00124,0.000646
0,0.10908,-0.033204,0.207776,-0.067897,0.179946,-0.083793,0.001904,0.00058
0,0.025326,-0.122062,-0.080797,-0.072398,-0.081522,-0.045569,0.000442,0.00213
0,0.101502,-0.10266,0.086792,-0.00156,0.059254,0.004969,0.001772,0.001792
0,-0.043917,0.082304,-0.124691,0.1736,-0.140076,0.177858,0.000766,0.001436
0,0.092584,-0.030833,0.134718,-0.088803,0.106854,-0.13388,0.001616,0.000538
0,0.154217,-0.099719,0.06543,-0.073925,0.066896,-0.075707,0.002692,0.00174
0,-0.020238,0.016925,-0.180116,0.121689,-0.144136,0.133756,0.000353,0.000295
0,0.071474,-0.088444,0.082128,-0.087523,0.101727,-0.083262,0.001247,0.001544
0,0.030171,0.131267,-0.069239,0.190653,-0.077364,0.142681,0.000527,0.002291
0,0.137801,-0.13392,0.123579,-0.236873,0.094185,-0.19243,0.002405,0.002337
0,0.085767,-0.164931,-0.042197,-0.058035,-0.061066,-0.012608,0.001497,0.002879
0,0.174178,0.016321,0.060193,0.198842,0.059155,0.182598,0.00304,0.000285
0,-3.429219,-1.009384,-3.574738,-1.020498,-3.530803,-1.056707,0.001093,0.005865
0,-4.453267,-1.474692,-1.038342,-0.469101,-1.025599,-0.494721,0.004538,0.002235
0,-4.586628,-1.608534,-0.1249,-0.133655,-0.115847,-0.090288,0.00221,0.004571
0,-5.250627,-2.231217,-0.692706,-0.595894,-0.647141,-0.605645,0.002373,0.003687
0,-4.97915,-2.015089,0.28608,0.187423,0.319365,0.187023,0.004641,8.5e-05
0,-4.055735,-1.718712,0.947232,0.3031,0.985957,0.307111,0.000276,0.005258
0,-3.273276,-1.082387,0.804236,0.622488,0.79417,0.657515,0.001629,0.004612
0,-2.578328,1.179763,0.700184,2.26405,0.741207,2.309281,0.002006,0.002913
0,-2.147095,1.902601,0.428313,0.743797,0.38968,0.693922,0.002219,0.002048
0,-1.170928,2.296673,0.993355,0.378348,0.978544,0.385401,0.003067,0.004829
0,-0.622172,2.263136,0.527762,-0.033369,0.496477,-0.073056,0.000893,0.004244
0,0.137842,2.087421,0.743077,-0.150972,0.788321,-0.189491,0.002406,0.001177
0,0.274863,1.671667,0.159664,-0.441875,0.129892,-0.4533,0.004797,0.005673
0,0.334893,1.147188,0.055709,-0.515984,0.071367,-0.560948,0.005845,0.003481
0,0.18622,0.987155,-0.138745,-0.146378,-0.103758,-0.13219,0.00325,0.005477
0,0.200063,0.806571,-0.00292,-0.154969,-0.050196,-0.196074,0.003492,0.002326
0,0.213814,0.415716,0.016967,-0.363452,-0.025827,-0.317973,0.003732,0.004496
0,0.40535,0.419118,0.215065,-0.001854,0.184146,0.005707,0.004677,0.004437
0,0.435997,0.101683,0.050696,-0.301552,0.014254,-0.262622,0.004142,0.001775
0,0.348084,-0.011312,-0.113769,-0.133685,-0.150864,-0.14914,0.005676,0.000197
0,0.158524,0.005901,-0.161613,0.028201,-0.205394,0.059082,0.002767,0.000103
0,0.02334,-0.094274,-0.152061,-0.11084,-0.129395,-0.123159,0.000407,0.001645
0,0.082363,-0.10434,0.055364,-0.010441,0.011497,0.021073,0.001438,0.001821
0,-0.049951,-0.136094,-0.15879,-0.036919,-0.158121,-0.034702,0.000872,0.002375
0,0.027739,-0.310328,0.073505,-0.202799,0.122248,-0.160787,0.000484,0.005416
0,0.102614,-0.152786,0.047421,0.170562,0.086509,0.209616,0.001791,0.002667
0,-0.041163,-0.123701,-0.159145,0.025213,-0.130021,0.005936,0.000718,0.002159
0,0.021621,-0.1849,0.081026,-0.077026,0.130314,-0.108468,0.000377,0.003227
0,-0.119265,-0.19597,-0.158227,-0.037253,-0.130672,-0.051802,0.002082,0.00342
0,-0.138113,-0.180755,-0.025552,0.029158,-0.041064,0.040613,0.002411,0.003155
0,-0.194871,-0.27196,-0.064756,-0.114277,-0.11446,-0.077752,0.003401,0.004747
0,-0.140927,-0.210259,0.070575,0.053419,0.03318,0.098463,0.00246,0.00367
0,-0.079773,-0.231219,0.047686,-0.03899,0.045717,-0.034257,0.001392,0.004036
0,0.057682,-0.217989,0.15817,0.006299,0.11185,0.018361,0.001007,0.003805
0,-0.000766,-0.08961,-0.049777,0.128297,-0.07509,0.135575,1.3e-05,0.001564
0,0.099854,-0.28398,0.128047,-0.215965,0.139741,-0.182531,0.001743,0.004956
0,-0.024641,-0.01941,-0.151941,0.293261,-0.154269,0.300021,0.00043,0.000339
0,0.146728,-0.007692,0.196616,0.029559,0.219328,0.074979,0.002561,0.000134
0,-0.112381,-0.086653,-0.25967,-0.095955,-0.251035,-0.082528,0.001961,0.001512
0,-0.083865,-0.205028,0.023175,-0.094251,0.023662,-0.120095,0.001464,0.003578
0,0.023467,-0.076583,0.107121,0.106782,0.111006,0.06279,0.00041,0.001337
0,0.12604,-0.202574,0.11874,-0.147047,0.071889,-0.154228,0.0022,0.003536
0,-0.031968,-0.188797,-0.167526,0.01846,-0.184072,0.001572,0.000558,0.003295
0,-0.086509,-0.238844,-0.024811,-0.028968,-0.02336,-0.048821,0.00151,0.004169
0,0.025298,-0.045597,0.104059,0.169336,0.082227,0.17261,0.000442,0.000796
0,-0.212078,0.014205,-0.243507,0.0506,-0.248768,0.069257,0.003701,0.000248
0,-0.193968,-0.041016,0.03661,-0.05125,0.007905,-0.100607,0.003385,0.000716
0,-0.201123,-0.064224,-0.019894,-0.05255,-0.051021,-0.033857,0.00351,0.001121
0,-0.059059,-0.147289,0.119664,-0.111234,0.110451,-0.119183,0.001031,0.002571
0,-0.153947,-0.058846,-0.085202,0.09425,-0.063253,0.140986,0.002687,0.001027
0,-0.167875,-0.001286,0.001751,0.079574,0.040595,0.035578,0.00293,2.2e-05
0,-0.081183,-0.156604,0.107886,-0.149429,0.079181,-0.193136,0.001417,0.002733
0,-0.027107,-0.011315,0.067628,0.154862,0.114949,0.203639,0.000473,0.000197
0,0.069118,0.028807,0.107423,0.033509,0.13072,0.037019,0.001206,0.000503
0,-0.054037,-0.002345,-0.140412,-0.058657,-0.189829,-0.033138,0.000943,4.1e-05
0,-0.02748,0.070157,-0.003435,0.088856,-0.047551,0.06384,0.00048,0.001224
0,-0.188162,-0.09076,-0.184515,-0.144079,-0.211713,-0.104713,0.003284,0.001584
0,-0.050588,-0.100971,0.108244,-0.014044,0.073973,-0.059588,0.000883,0.001762
0,-0.159945,-0.033968,-0.092581,0.093988,-0.134372,0.123796,0.002792,0.000593
0,-0.247594,0.085242,-0.086697,0.101934,-0.043545,0.059173,0.004321,0.001488
0,-0.201122,-0.108666,0.043962,-0.214127,0.069061,-0.261568,0.00351,0.001897
0,-0.225638,0.076063,-0.007128,0.155371,-0.044017,0.146282,0.003938,0.001328
0,-0.122693,0.06547,0.10991,0.004531,0.099651,-0.028138,0.002141,0.001143
0,0.004201,0.138552,0.120053,0.043883,0.080837,0.033845,7.3e-05,0.002418
0,-0.019632,-0.150035,-0.034258,-0.307976,0.010471,-0.345824,0.000343,0.002619
0,-0.045014,0.129254,-0.043139,0.29976,-0.041255,0.286594,0.000786,0.002256
0,-0.12599,0.121636,-0.058285,-0.004172,-0.108175,-0.031582,0.002199,0.002123
0,-0.14932,0.098153,-0.016937,-0.046638,0.014498,-0.056999,0.002606,0.001713
0,-0.100396,0.013169,0.044726,-0.090408,0.013904,-0.101359,0.001752,0.00023
0,0.145261,0.09304,0.251229,0.093421,0.239968,0.132585,0.002535,0.001624
0,-0.171318,0.17687,-0.305628,0.067438,-0.344419,0.099467,0.00299,0.003087
0,0.082428,0.005459,0.267888,-0.189457,0.227106,-0.219812,0.001439,9.5e-05
0,-0.145378,0.105728,-0.225633,0.107393,-0.272817,0.156884,0.002537,0.001845
0,0.10949,-0.035371,0.23287,-0.159094,0.23026,-0.16117,0.001911,0.000617
0,0.045052,0.091548,-0.043177,0.147751,-0.01554,0.111833,0.000786,0.001598
0,0.041279,0.078295,0.005354,-0.006736,-0.038896,-0.049746,0.00072,0.001367
0,-0.058793,0.133575,-0.114388,0.07505,-0.162271,0.119622,0.001026,0.002331
0,-0.093049,-0.102285,-0.06275,-0.260923,-0.034456,-0.30372,0.001624,0.001785
0,0.165552,0.117666,0.249067,0.222548,0.244805,0.200142,0.002889,0.002054
0,-0.050208,0.106496,-0.214916,0.010247,-0.247571,0.028327,0.000876,0.001859
0,0.05224,-0.173969,0.099169,-0.289197,0.075738,-0.285559,0.000912,0.003036
0,0.234186,-0.02905,0.207334,0.121158,0.206177,0.110304,0.004087,0.000507
0,0.201608,-0.037776,-0.017618,0.018187,-0.047107,0.01123,0.003519,0.000659
0,0.049197,-0.058857,-0.122652,0.00853,-0.157668,0.023435,0.000859,0.001027
0,0.107779,-0.134773,0.071586,-0.094516,0.042811,-0.093284,0.001881,0.002352
0,0.164343,0.056723,0.077332,0.19322,0.117549,0.177225,0.002868,0.00099
0,0.101379,0.113798,-0.070397,0.07546,-0.032177,0.029976,0.001769,0.001986
0,0.208963,-0.124005,0.095183,-0.238097,0.053579,-0.281917,0.003647,0.002164
0,0.140543,-0.076383,-0.081249,0.040133,-0.061146,0.047231,0.002453,0.001333
0,0.053551,-0.067931,-0.082835,-0.017366,-0.058029,-0.058026,0.000935,0.001186
0,-0.090877,0.068308,-0.121493,0.162618,-0.135452,0.190194,0.001586,0.001192
0,0.052564,0.033685,0.12725,-0.060168,0.163184,-0.038049,0.000917,0.000588
0,-0.098618,-0.111168,-0.158823,-0.140325,-0.158767,-0.170036,0.001721,0.00194
0,-0.138826,0.118498,-0.048823,0.246765,-0.097562,0.282645,0.002423,0.002068
0,-0.179437,0.013035,-0.030915,-0.095687,0.009172,-0.083127,0.003132,0.000227
0,-0.006414,-0.09801,0.169703,-0.103766,0.163503,-0.064761,0.000112,0.001711
0,-0.111304,-0.007945,-0.092904,0.107769,-0.049151,0.068156,0.001943,0.000139
0,-0.111213,-0.005502,0.019809,0.029383,0.050694,-0.010327,0.001941,9.6e-05
0,0.062193,0.007158,0.190188,-0.015848,0.179071,-0.060046,0.001085,0.000125
0,0.004391,-0.145894,-0.034671,-0.135238,-0.046255,-0.101197,7.7e-05,0.002546
0,-0.118896,-0.0796,-0.102354,0.051567,-0.083425,0.078422,0.002075,0.001389
0,-0.148715,-0.14914,-0.054424,-0.08724,-0.095714,-0.110575,0.002596,0.002603
0,0.116428,0.029026,0.279819,0.152787,0.273696,0.172237,0.002032,0.000507
0,-0.011878,0.025739,-0.11648,0.005498,-0.096526,0.044238,0.000207,0.000449
0,-0.043149,0.051138,-0.011532,0.010752,0.029879,-0.023506,0.000753,0.000893
0,0.117398,-0.135696,0.136618,-0.174635,0.091441,-0.18591,0.002049,0.002368
0,0.230107,-0.103322,0.112715,0.038145,0.072644,0.055267,0.004016,0.001803
0,0.186039,0.021906,-0.05144,0.13528,-0.006021,0.089733,0.003247,0.000382
0,0.259532,0.074266,0.070096,0.06154,0.084843,0.028641,0.00453,0.001296
0,-0.042295,-0.049544,-0.316028,-0.095419,-0.347778,-0.118999,0.000738,0.000865
0,0.141683,-0.068207,0.200001,0.008093,0.232168,0.027957,0.002473,0.00119
0,0.142441,-0.109117,-0.006261,-0.030745,-0.019025,-0.034805,0.002486,0.001904
0,0.009908,0.042918,-0.149448,0.125013,-0.178836,0.117613,0.000173,0.000749
0,-0.029088,-0.117938,-0.048227,-0.143536,-0.03064,-0.123648,0.000508,0.002058
0,-0.021251,-0.126313,0.032902,0.0101,0.081777,-0.009502,0.000371,0.002205
0,0.084521,-0.131772,0.077667,-0.00983,0.044047,0.0208,0.001475,0.0023
0,-0.077744,0.115503,-0.162007,0.220663,-0.11567,0.261225,0.001357,0.002016
0,-0.195449,0.084329,-0.140184,-0.02521,-0.14808,-0.030365,0.003411,0.001472
0,-0.040955,-0.007628,0.171382,-0.090796,0.208134,-0.079976,0.000715,0.000133
0,-0.141854,0.156141,-0.128937,0.152836,-0.148466,0.138936,0.002476,0.002725
0,-0.112283,-0.104015,0.035266,-0.277957,-0.009554,-0.291691,0.00196,0.001815
0,-0.132261,-0.035942,-0.032161,0.038329,0.013418,0.008793,0.002308,0.000627
0,0.072351,0.026276,0.213273,0.041936,0.208779,0.056615,0.001263,0.000459
0,-0.138327,0.04866,-0.200237,0.051003,-0.19181,0.015967,0.002414,0.000849
0,-0.079323,-0.046768,0.03297,-0.117495,0.07548,-0.112282,0.001384,0.000816
0,-0.121116,0.070728,-0.022833,0.140557,-0.010279,0.11457,0.002114,0.001234
0,-0.163862,0.016987,-0.026133,-0.049365,-0.000103,-0.03366,0.00286,0.000296
0,-0.086893,0.002299,0.086347,-0.021868,0.119656,-0.009673,0.001517,4e-05
0,0.087931,0.122145,0.168069,0.11638,0.180446,0.122813,0.001535,0.002132
0,-0.012429,-0.056513,-0.128261,-0.177706,-0.145974,-0.169217,0.000217,0.000986
0,-0.085675,0.069095,-0.059774,0.12567,-0.083598,0.102849,0.001495,0.001206
0,-0.148935,-0.078007,-0.060156,-0.15038,-0.090151,-0.103003,0.002599,0.001361
0,0.088648,-0.01864,0.254568,0.088377,0.237779,0.081899,0.001547,0.000325
0,0.069239,0.041151,-0.024224,0.081948,0.016233,0.04524,0.001208,0.000718
0,0.113671,0.093743,0.07065,0.079609,0.120249,0.074233,0.001984,0.001636
0,-0.021459,0.008297,-0.114207,-0.095527,-0.137091,-0.107049,0.000375,0.000145
0,0.132055,0.001312,0.165391,0.000829,0.127282,-0.027995,0.002305,2.3e-05
0,0.066326,0.031285,-0.083114,0.009244,-0.044469,0.007978,0.001158,0.000546
0,-0.038185,0.187947,-0.113106,0.131124,-0.118194,0.119325,0.000666,0.00328
0,0.054476,0.209979,0.073006,0.000103,0.041237,-0.007194,0.000951,0.003665
0,-0.107889,0.078419,-0.186475,-0.146606,-0.227252,-0.145755,0.001883,0.001369
0,0.16779,-0.024576,0.294187,-0.096359,0.269632,-0.137924,0.002928,0.000429
0,-0.068813,0.158299,-0.247153,0.191832,-0.230239,0.160379,0.001201,0.002763
0,0.226958,-0.114382,0.293563,-0.288216,0.322084,-0.246881,0.003961,0.001996
0,-0.01278,0.030848,-0.228969,0.125032,-0.269027,0.154308,0.000223,0.000538
0,0.213278,0.122184,0.25525,0.10281,0.222488,0.091046,0.003722,0.002133
0,0.103026,0.107356,-0.082026,-0.042714,-0.10045,0.005913,0.001798,0.001874
0,0.003847,0.053945,-0.070873,-0.083012,-0.0645,-0.072995,6.7e-05,0.000942
0,-0.007902,-0.02073,-0.034556,-0.067998,-0.036982,-0.066737,0.000138,0.000362
0,-0.064004,-0.035174,-0.043894,0.003095,-0.034204,-0.022477,0.001117,0.000614
0,-0.015816,0.16217,0.030473,0.170748,0.02927,0.192935,0.000276,0.00283
0,0.127901,0.014167,0.117248,-0.126432,0.129553,-0.112372,0.002232,0.000247
0,0.135926,0.113931,0.010272,0.086564,0.006699,0.083741,0.002372,0.001988
0,-0.098239,-0.088915,-0.215607,-0.221134,-0.249424,-0.262346,0.001715,0.001552
0,-0.015146,-0.113876,0.057176,-0.018781,0.100965,-0.065144,0.000264,0.001988
0,0.214743,0.127647,0.212148,0.247396,0.171482,0.29586,0.003748,0.002228
0,0.029621,0.042836,-0.170434,-0.111165,-0.12357,-0.10876,0.000517,0.000748
0,0.062925,-0.084183,0.053032,-0.1156,0.047643,-0.153684,0.001098,0.001469
0,-0.399786,0.308573,-0.484171,0.404261,-0.507176,0.397282,0.004774,0.005386
0,-0.673609,0.412841,-0.287705,0.076036,-0.337647,0.034746,5e-06,0.004546
0,-0.826784,0.770019,-0.169525,0.328456,-0.202908,0.374223,0.002678,0.001688
0,-0.900605,0.693549,-0.100924,-0.049067,-0.097168,-0.06377,0.003967,0.000353
0,-0.694374,0.553289,0.21375,-0.167935,0.235601,-0.142055,0.000367,0.002095
0,-0.666085,0.462314,0.044332,-0.068744,-0.005271,-0.048624,0.000126,0.003683
0,-0.483495,0.15387,0.160916,-0.299461,0.169034,-0.26727,0.003313,0.002686
0,-0.543702,0.043061,-0.059072,-0.138367,-0.086891,-0.143998,0.002262,0.000752
0,-0.379511,0.225296,0.160921,0.19903,0.201856,0.153131,0.005128,0.003932
0,-0.14529,0.075095,0.210914,-0.147491,0.213831,-0.178198,0.002536,0.001311
0,-0.153019,-0.056727,0.005038,-0.150293,-0.031591,-0.169697,0.002671,0.00099
0,0.100132,0.065866,0.271661,0.144126,0.285306,0.121484,0.001748,0.00115
0,0.135087,-0.107567,0.027772,-0.148852,-0.018943,-0.151965,0.002358,0.001877
0,0.130559,-0.104554,-0.028297,-0.004297,0.001714,0.032134,0.002279,0.001825
0,0.048305,-0.151262,-0.094886,-0.07603,-0.089582,-0.059651,0.000843,0.00264
0,0.057014,-0.031878,-0.013973,0.098768,-0.059078,0.111088,0.000995,0.000556
0,0.032454,0.077912,-0.038461,0.081594,-0.021573,0.065346,0.000566,0.00136
0,0.059804,-0.031403,0.005129,-0.126442,0.012895,-0.13949,0.001044,0.000548
0,0.272972,0.079799,0.220333,0.094696,0.228067,0.100969,0.004764,0.001393
0,0.281109,0.079877,-0.000764,-0.025073,-0.03215,-0.058892,0.004906,0.001394
0,0.214342,-0.164468,-0.045851,-0.2498,-0.015368,-0.272557,0.003741,0.002871
0,0.095424,-0.158181,-0.14473,0.022307,-0.147185,0.066629,0.001665,0.002761
0,0.212621,0.043932,0.10912,0.22733,0.081708,0.269906,0.003711,0.000767
0,0.029456,0.099342,-0.19952,0.033466,-0.192513,0.080822,0.000514,0.001734
0,0.001169,0.05398,-0.004929,-0.070775,-0.029254,-0.022262,2e-05,0.000942
0,0.09952,-0.016903,0.073141,-0.041789,0.036885,-0.083788,0.001737,0.000295
0,0.302314,0.005428,0.186709,-0.004803,0.137049,0.043587,0.005276,9.5e-05
0,0.052821,-0.068631,-0.254404,-0.101426,-0.246341,-0.119847,0.000922,0.001198
0,0.264427,0.114196,0.185173,0.180411,0.175854,0.225042,0.004615,0.001993
0,0.000302,-0.065219,-0.245062,-0.192131,-0.274765,-0.144417,5e-06,0.001138
0,0.108297,0.123568,0.097736,0.202589,0.069269,0.203315,0.00189,0.002157
0,0.199879,0.076982,0.089261,-0.062526,0.125572,-0.034944,0.003489,0.001344
0,0.158548,0.000447,-0.040095,-0.075007,-0.083165,-0.101404,0.002767,8e-06
0,0.189002,-0.140529,0.01255,-0.11145,-0.011748,-0.10051,0.003299,0.002453
0,0.179098,-0.086901,-0.014891,0.038993,-0.027454,0.043785,0.003126,0.001517
0,0.100312,0.08986,-0.098236,0.196857,-0.093747,0.193234,0.001751,0.001568
0,0.01573,-0.104855,-0.067415,-0.185276,-0.116616,-0.149147,0.000275,0.00183
0,0.197028,-0.048234,0.1572,0.032277,0.185129,0.073351,0.003439,0.000842
0,0.175462,-0.082142,0.007723,-0.017659,-0.032463,-0.048833,0.003062,0.001434
0,0.238756,0.084972,0.072975,0.1741,0.042544,0.131225,0.004167,0.001483
0,0.011396,-0.049547,-0.20379,-0.128838,-0.200308,-0.093834,0.000199,0.000865
0,-0.015229,-0.156286,-0.036553,-0.090208,-0.082693,-0.102294,0.000266,0.002728
0,0.226919,-0.084413,0.237145,0.062859,0.276578,0.070832,0.00396,0.001473
0,-0.045333,-0.043895,-0.243534,0.06067,-0.278483,0.01115,0.000791,0.000766
0,0.194558,-0.071194,0.255771,-0.024076,0.252092,0.015123,0.003396,0.001243
0,0.223662,-0.063057,0.019647,0.035163,0.039204,0.052265,0.003904,0.001101
0,0.092113,-0.165286,-0.157469,-0.075564,-0.199661,-0.113046,0.001608,0.002885
0,0.128275,0.04039,0.039442,0.186274,-0.004975,0.175591,0.002239,0.000705
0,-0.026603,0.115514,-0.138023,0.061141,-0.145708,0.029058,0.000464,0.002016
0,0.015253,-0.007956,0.014885,-0.107312,0.053824,-0.148839,0.000266,0.000139
0,0.112803,-0.133933,0.074313,-0.112308,0.056661,-0.124182,0.001969,0.002338
0,0.095756,-0.045017,-0.027219,0.101894,-0.028061,0.074877,0.001671,0.000786
0,0.090025,0.034629,-0.019995,0.079032,0.018072,0.103913,0.001571,0.000604
0,0.072603,-0.041446,-0.030014,-0.074654,-0.027387,-0.086267,0.001267,0.000723
0,0.251677,0.015553,0.177994,0.041884,0.195297,0.03275,0.004393,0.000271
0,0.282195,-0.00983,0.034265,-0.04506,-0.007714,-0.073336,0.004925,0.000172
0,0.075637,-0.025471,-0.199112,-0.044774,-0.187543,-0.012715,0.00132,0.000445
0,0.044841,0.030546,-0.042335,0.045846,-0.055919,0.020721,0.000783,0.000533
0,0.035896,-0.09643,-0.001007,-0.102557,-0.01953,-0.053913,0.000627,0.001683
0,0.175019,0.021908,0.127762,0.122863,0.118929,0.135739,0.003055,0.000382
0,0.109548,-0.10292,-0.039232,-0.110381,-0.070331,-0.124542,0.001912,0.001796
0,-0.009585,-0.028065,-0.124269,0.075562,-0.162667,0.030905,0.000167,0.00049
0,0.193588,-0.155313,0.207519,-0.129958,0.196582,-0.135442,0.003379,0.002711
0,-0.035432,-0.113341,-0.216294,0.059838,-0.253172,0.092036,0.000618,0.001978
0,0.143764,0.042111,0.165841,0.180103,0.150298,0.215094,0.002509,0.000735
0,-0.026108,-0.148793,-0.179183,-0.201468,-0.168012,-0.213071,0.000456,0.002597
0,-0.027581,-0.053931,0.025991,0.118572,0.017048,0.160426,0.000481,0.000941
0,0.130245,-0.056224,0.151443,-0.010473,0.138755,0.035837,0.002273,0.000981
0,0.096072,0.00681,-0.015591,0.080845,0.001791,0.060254,0.001677,0.000119
0,0.053396,-0.110047,-0.028587,-0.139923,-0.036319,-0.157141,0.000932,0.001921
0,0.218067,0.070563,0.161585,0.175351,0.147103,0.212169,0.003806,0.001232
0,0.089859,0.097014,-0.121663,0.041954,-0.093345,0.030365,0.001568,0.001693
0,0.079396,0.02585,-0.000346,-0.074719,0.044643,-0.11799,0.001386,0.000451
0,0.191261,-0.122014,0.099589,-0.152386,0.07824,-0.185575,0.003338,0.00213
0,0.312795,-0.143449,0.126169,-0.007756,0.145019,0.013819,0.005459,0.002504
0,0.216209,0.001808,-0.067444,0.17387,-0.064558,0.185004,0.003774,3.2e-05
0,0.208716,0.060963,-0.032722,0.030559,-0.072148,0.030327,0.003643,0.001064
0,0.195807,-0.052157,-0.038221,-0.098503,0.009369,-0.113563,0.003417,0.00091
0,0.182312,0.020066,-0.019797,0.075984,-0.024477,0.031263,0.003182,0.00035
0,0.179338,-0.144239,-0.031012,-0.192549,-0.034766,-0.231079,0.00313,0.002517
0,0.333618,0.12954,0.164273,0.286609,0.141494,0.243885,0.005823,0.002261
0,0.271007,0.076835,-0.039833,-0.070421,-0.014015,-0.079537,0.00473,0.001341
0,0.053201,0.057921,-0.217126,-0.047401,-0.237273,-0.087681,0.000929,0.001011
0,0.307852,-0.00946,0.278811,-0.091045,0.303994,-0.05554,0.005373,0.000165
0,0.172613,0.033537,-0.142759,0.013978,-0.104502,0.018292,0.003013,0.000585
0,0.282911,-0.149332,0.127689,-0.207477,0.100139,-0.253971,0.004938,0.002606
0,0.247758,-0.189338,-0.036869,-0.039185,-0.062132,-0.041417,0.004324,0.003305
0,0.126878,-0.011166,-0.109493,0.160251,-0.066272,0.125139,0.002214,0.000195
0,0.319218,-0.087134,0.215792,-0.080358,0.166516,-0.121585,0.005571,0.001521
0,0.196401,0.072315,-0.145963,0.179575,-0.108226,0.183145,0.003428,0.001262
0,0.22908,-0.081449,0.052528,-0.141656,0.035566,-0.158296,0.003998,0.001422
0,0.310617,-0.164678,0.075808,-0.085123,0.088753,-0.045303,0.005421,0.002874
0,0.109264,-0.142302,-0.192868,0.0349,-0.165918,0.005968,0.001907,0.002484
0,0.094376,-0.078932,-0.016885,0.055128,0.031446,0.067621,0.001647,0.001378
0,-0.032243,-0.043975,-0.114025,0.054254,-0.116276,0.054043,0.000563,0.000768
0,0.171244,-0.040094,0.185984,0.014803,0.221467,0.023588,0.002989,0.0007
0,-0.051035,-0.062996,-0.248554,0.005234,-0.238169,0.037581,0.000891,0.001099
0,-0.038023,-0.148578,-0.006199,-0.097384,-0.001917,-0.091261,0.000664,0.002593
0,0.200517,-0.044651,0.240992,0.085256,0.213555,0.128317,0.0035,0.000779
0,-0.076995,-0.00234,-0.290839,0.021224,-0.324479,0.027486,0.001344,4.1e-05
0,-0.043624,-0.005377,0.008781,-0.004978,-0.040024,-0.000398,0.000761,9.4e-05
0,0.182674,-0.080861,0.216735,-0.087794,0.242794,-0.096937,0.003188,0.001411
0,0.021325,0.032006,-0.160878,0.106462,-0.164064,0.072273,0.000372,0.000559
0,0.085238,-0.199959,0.047631,-0.248892,0.095281,-0.255949,0.001488,0.00349
0,0.158173,0.029855,0.058882,0.244889,0.084289,0.211269,0.002761,0.000521
0,0.033629,-0.092859,-0.146298,-0.117539,-0.180383,-0.120065,0.000587,0.001621
0,0.129338,-0.033411,0.078848,0.034878,0.051798,0.03005,0.002257,0.000583
0,0.226273,-0.115539,0.122082,-0.08452,0.104089,-0.044558,0.003949,0.002017
0,0.084828,0.077034,-0.144875,0.221859,-0.182805,0.17751,0.001481,0.001344
0,0.315259,0.023565,0.221192,-0.068001,0.267401,-0.115091,0.005502,0.000411
0,0.240812,-0.018175,-0.098846,-0.058508,-0.049717,-0.062907,0.004203,0.000317
0,0.057446,-0.111264,-0.196329,-0.07558,-0.153853,-0.101279,0.001003,0.001942
0,0.081812,0.069716,0.026159,0.209051,0.032786,0.169867,0.001428,0.001217
0,-0.031115,-0.028558,-0.1408,-0.087979,-0.095265,-0.081353,0.000543,0.000498
0,-0.050062,-0.027582,-0.006798,-0.027161,-0.034852,-0.016793,0.000874,0.000481
0,-0.004638,0.071224,0.02669,0.075519,0.049218,0.115024,8.1e-05,0.001243
0,-0.056211,-0.007688,-0.059602,-0.106641,-0.041168,-0.0787,0.000981,0.000134
0,0.05287,-0.152619,0.11475,-0.134306,0.159272,-0.165861,0.000923,0.002664
0,0.159846,-0.022707,0.133159,0.129331,0.111899,0.130383,0.00279,0.000396
0,0.087367,-0.006065,-0.075509,0.032067,-0.117697,-0.016499,0.001525,0.000106
0,0.015483,-0.07452,-0.096393,-0.043229,-0.072039,-0.017572,0.00027,0.001301
0,0.218888,-0.110308,0.203459,-0.032463,0.205328,0.01484,0.00382,0.001925
0,0.247375,-0.050124,0.010868,0.039339,0.060745,0.086853,0.004318,0.000875
0,0.187161,-0.165986,-0.077956,-0.092904,-0.125769,-0.135082,0.003267,0.002897
0,-0.08363,-0.145522,-0.295657,0.011863,-0.324917,0.016005,0.00146,0.00254
0,0.11318,-0.120142,0.195913,0.020939,0.19447,0.032787,0.001975,0.002097
0,0.001023,-0.144148,-0.12254,-0.047489,-0.169417,-0.096863,1.8e-05,0.002516
0,0.086215,-0.066919,0.055593,0.064083,0.097304,0.067217,0.001505,0.001168
0,0.113789,-0.072775,0.024285,-0.020606,0.070208,-0.050835,0.001986,0.00127
0,0.074702,-0.035888,-0.029405,0.049975,0.016471,0.056236,0.001304,0.000626
0,0.188692,0.007739,0.112604,0.065782,0.07711,0.100699,0.003293,0.000135
0,0.111949,0.005982,-0.090729,0.000725,-0.10892,-0.017412,0.001954,0.000104
0,0.208814,-0.071016,0.096059,-0.069024,0.108119,-0.088765,0.003644,0.001239
0,0.085617,-0.088378,-0.104562,-0.010647,-0.072381,0.037875,0.001494,0.001542
0,0.039622,-0.015915,-0.04466,0.054754,-0.066467,0.102005,0.000692,0.000278
0,0.221919,-0.018767,0.17149,0.004765,0.194969,0.008054,0.003873,0.000328
0,0.008617,0.035311,-0.224252,0.079232,-0.250756,0.125746,0.00015,0.000616
0,-0.025148,-0.111312,-0.017084,-0.164083,-0.047029,-0.128484,0.000439,0.001943
0,-0.162839,1.437945,-0.151083,1.536507,-0.134894,1.512252,0.002842,0.001593
0,-0.770808,1.537622,-0.612134,0.128818,-0.646225,0.159957,0.001701,0.003333
0,-0.94423,2.150403,-0.143571,0.603296,-0.097429,0.570271,0.004728,0.002277
0,-1.026455,1.591274,-0.068649,-0.587337,-0.032617,-0.586747,0.005588,0.00427
0,-0.98877,1.635771,0.057045,0.027825,0.069104,0.040019,0.005506,0.005046
0,-0.973279,1.577162,0.013799,-0.050161,0.063132,-0.009006,0.005235,0.004023
0,-0.764305,1.194262,0.233886,-0.380834,0.221832,-0.382032,0.001588,0.00266
0,-0.74855,0.988905,0.023871,-0.232604,-0.012101,-0.246269,0.001313,0.005508
0,-0.356681,0.970204,0.385324,0.003089,0.370842,0.010079,0.005526,0.005182
0,-0.320141,0.442334,0.022885,-0.506402,0.048778,-0.523719,0.005588,0.004032
0,-0.188397,0.462413,0.137567,0.00189,0.182262,0.045008,0.003288,0.003681
0,0.038407,0.10479,0.241916,-0.385678,0.208297,-0.392809,0.00067,0.001829
0,0.038046,0.133015,-0.005036,0.033804,-0.028646,0.003426,0.000664,0.002322
0,-0.087742,0.032941,-0.123528,-0.108887,-0.134361,-0.082373,0.001531,0.000575
0,0.004584,-0.062294,0.090214,-0.121872,0.062766,-0.088393,8e-05,0.001087
0,0.228085,-0.137375,0.227873,-0.089521,0.248796,-0.05625,0.003981,0.002398
0,0.178923,-0.094819,-0.033725,0.024972,-0.042936,0.030392,0.003123,0.001655
0,0.149014,-0.079191,-0.048144,0.039191,-0.010059,0.032268,0.002601,0.001382
0,0.047691,-0.299017,-0.124874,-0.192428,-0.105163,-0.207202,0.000832,0.005219
0,0.227425,-0.029101,0.172826,0.291666,0.168702,0.295869,0.003969,0.000508
0,0.118312,-0.033353,-0.104247,-0.027637,-0.065474,-0.023899,0.002065,0.000582
0,-0.024477,-0.262487,-0.118548,-0.203456,-0.133615,-0.247864,0.000427,0.004581
0,-0.843632,0.078297,-0.829212,0.311346,-0.843563,0.311503,0.002972,0.001367
0,-1.411272,0.123058,-0.576734,0.044141,-0.535312,0.028345,0.001128,0.002148
0,-1.521843,0.353837,-0.117412,0.214583,-0.121832,0.195838,0.003058,0.005576
0,-1.473221,0.107378,0.050746,-0.216754,0.071309,-0.245156,0.002209,0.001874
0,-1.192567,0.215982,0.262519,0.121453,0.27408,0.130467,0.002689,0.00377
0,-0.935724,0.280648,0.232989,0.037979,0.200969,0.058265,0.00458,0.004898
0,-0.731025,0.021721,0.189287,-0.257218,0.228282,-0.21034,0.001007,0.000379
0,-0.376421,0.031656,0.335177,0.024846,0.319964,-0.015383,0.005182,0.000553
0,-0.389637,0.090523,0.015441,0.076531,0.051567,0.070007,0.004951,0.00158
0,-0.183927,0.18929,0.18468,0.10883,0.164598,0.147822,0.00321,0.003304
0,0.004026,-0.001439,0.208871,-0.167712,0.187126,-0.176368,7e-05,2.5e-05
0,0.116626,0.144168,0.094118,0.145314,0.136639,0.189977,0.002036,0.002516
0,0.110992,0.26149,-0.024012,0.123926,-0.052728,0.101976,0.001937,0.004564
0,0.215329,0.204849,0.097533,-0.040027,0.143431,-0.021624,0.003758,0.003575
0,0.081173,0.148499,-0.135551,-0.065814,-0.137473,-0.073289,0.001417,0.002592
0,0.074646,0.178757,-0.028252,0.025969,-0.053041,0.075227,0.001303,0.00312
0,0.1125,0.151674,0.017692,-0.026044,0.037297,-0.000661,0.001963,0.002647
0,0.052053,-0.025068,-0.082248,-0.173424,-0.032277,-0.197415,0.000908,0.000438
0,0.246154,0.101845,0.203824,0.142336,0.216353,0.13973,0.004296,0.001778
0,-0.004423,0.23263,-0.221715,0.150578,-0.174395,0.135559,7.7e-05,0.00406
0,-0.006779,0.244203,0.00225,-0.007923,0.04366,-0.027771,0.000118,0.004262
0,0.185188,0.203423,0.20685,-0.012252,0.184119,-0.041628,0.003232,0.00355
0,0.0657,0.163417,-0.142032,-0.045727,-0.181578,-0.072499,0.001147,0.002852
0,0.160523,0.079978,0.107392,-0.099603,0.151309,-0.105111,0.002802,0.001396
0,-0.085437,0.051056,-0.2347,-0.026522,-0.266715,0.005862,0.001491,0.000891
0,-0.010222,0.073358,0.045238,0.049608,0.089345,0.03613,0.000178,0.00128
0,-0.019761,0.064345,0.004115,-0.024418,0.05245,-0.001082,0.000345,0.001123
0,0.074484,0.068028,0.103716,-0.004096,0.108687,-0.051472,0.0013,0.001187
0,-0.000185,-0.016427,-0.09581,-0.112663,-0.142345,-0.095148,3e-06,0.000287
0,0.031342,0.249372,0.027481,0.244811,-0.015353,0.201538,0.000547,0.004352
0,0.18576,0.084598,0.17456,-0.184344,0.14162,-0.156418,0.003242,0.001477
0,-0.054126,0.01057,-0.24674,-0.091445,-0.259253,-0.112707,0.000945,0.000184
0,0.13692,0.183346,0.195251,0.163566,0.166621,0.118356,0.00239,0.0032
0,0.188551,0.160366,0.069055,-0.02094,0.024105,0.003127,0.003291,0.002799
0,0.17225,0.098713,-0.045077,-0.081484,-0.019886,-0.115773,0.003006,0.001723
0,0.143305,-0.055452,-0.007902,-0.170733,-0.036646,-0.217631,0.002501,0.000968
0,0.0932,0.233205,-0.079644,0.25942,-0.11477,0.280916,0.001627,0.00407
0,0.002403,0.000719,-0.093251,-0.213807,-0.106237,-0.21939,4.2e-05,1.3e-05
0,0.086531,0.085677,0.100803,0.088152,0.077717,0.063743,0.00151,0.001495
0,0.245363,0.082628,0.167439,-0.007384,0.166317,-0.031575,0.004282,0.001442
0,0.067025,0.165809,-0.17757,0.104288,-0.194267,0.151376,0.00117,0.002894
0,0.24581,-0.014653,0.207533,-0.161126,0.22235,-0.171275,0.00429,0.000256
0,0.160788,0.174832,-0.095821,0.210385,-0.109184,0.1734,0.002806,0.003051
0,0.198521,0.186316,0.034987,0.017714,0.048624,-0.015842,0.003465,0.003252
0,0.137686,0.076076,-0.071526,-0.138674,-0.029672,-0.176782,0.002403,0.001328
0,0.087596,-0.018645,-0.062726,-0.122939,-0.062107,-0.139204,0.001529,0.000325
0,0.056051,-0.026239,-0.04683,-0.009805,-0.067947,-0.001618,0.000978,0.000458
0,0.25506,-0.000168,0.195897,0.045102,0.20024,0.059691,0.004452,3e-06
0,0.086061,-0.041472,-0.171751,-0.018135,-0.135582,0.016782,0.001502,0.000724
0,0.234803,-0.030634,0.134969,0.030894,0.171588,0.014985,0.004098,0.000535
0,0.259885,0.216346,0.045418,0.25886,0.033245,0.305594,0.004536,0.003776
0,0.336893,-0.000375,0.054461,-0.230893,0.018934,-0.268216,0.005872,7e-06
0,0.248541,0.116842,-0.107115,0.109275,-0.0963,0.071597,0.004338,0.002039
0,0.130585,-0.090692,-0.140212,-0.231879,-0.182472,-0.271839,0.002279,0.001583
0,0.369267,0.180198,0.227177,0.251584,0.231374,0.231405,0.005307,0.003145
0,0.079402,-0.099257,-0.264085,-0.276169,-0.286354,-0.276671,0.001386,0.001732
0,0.071346,0.030558,0.000191,0.142423,0.034316,0.174658,0.001245,0.000533
0,0.120089,0.159398,0.073043,0.110096,0.070241,0.107932,0.002096,0.002782
0,0.247032,-0.066204,0.117577,-0.255207,0.160912,-0.297063,0.004312,0.001155
0,0.223119,0.051171,-0.022895,0.113089,-0.06853,0.143971,0.003894,0.000893
0,0.238446,-0.080535,-0.007364,-0.141061,0.004731,-0.098705,0.004162,0.001406
0,0.089412,0.035671,-0.170365,0.104199,-0.179363,0.10624,0.001561,0.000623
0,0.071713,-0.003273,-0.015995,-0.045994,-0.018878,-0.034833,0.001252,5.7e-05
0,0.272015,0.134795,0.210763,0.143785,0.237271,0.178655,0.004748,0.002353
0,0.227701,-0.109189,-0.04846,-0.254804,-0.00912,-0.214866,0.003974,0.001906
0,0.288735,-0.028423,0.077105,0.107884,0.120052,0.075115,0.005039,0.000496
0,0.155187,0.027627,-0.132381,0.026729,-0.128475,-0.006523,0.002709,0.000482
0,0.211269,-0.098374,0.056241,-0.127353,0.038389,-0.158068,0.003687,0.001717
0,0.053568,-0.08176,-0.163067,-0.003923,-0.117604,-0.012725,0.000935,0.001427
0,0.057259,0.034668,-0.002004,0.142659,0.032862,0.139741,0.000999,0.000605
0,0.189398,0.098675,0.14104,0.082147,0.173125,0.063395,0.003306,0.001722
0,0.016995,0.102459,-0.184058,-0.004338,-0.217665,-0.027056,0.000297,0.001788
0,0.132699,0.067258,0.13243,-0.036325,0.161886,0.009494,0.002316,0.001174
0,0.054622,0.189657,-0.056299,0.132269,-0.082774,0.0912,0.000953,0.00331
0,0.011061,0.075563,-0.069128,-0.118278,-0.067656,-0.095588,0.000193,0.001319
0,-0.039894,-0.020268,-0.07516,-0.081561,-0.109185,-0.117262,0.000696,0.000354
0,-0.065082,0.078452,-0.003878,0.10013,-0.031949,0.116409,0.001136,0.001369
0,-0.024603,0.144543,0.041134,0.08645,0.052662,0.104157,0.000429,0.002523
0,-0.081037,0.138609,-0.043813,-0.022745,-0.061713,-0.008077,0.001414,0.002419
0,0.08508,-0.008121,0.160924,-0.172669,0.115454,-0.199375,0.001485,0.000142
0,0.066311,0.163425,0.004239,0.162467,0.013492,0.144921,0.001157,0.002852
0,-2.2952,-0.362181,-2.367558,-0.554092,-2.384824,-0.600693,0.004804,0.00543
0,-3.488628,-0.253877,-1.174279,0.136632,-1.134974,0.115386,0.00213,0.004431
0,-2.86889,-0.090045,0.602087,0.164078,0.567036,0.162756,0.003065,0.001572
0,-2.663906,-0.272729,0.207771,-0.189954,0.162686,-0.226381,0.000513,0.00476
0,-1.78197,-0.306707,0.853869,-0.020184,0.895843,-0.05661,0.004154,0.005353
0,-1.349049,-0.159874,0.453658,0.148498,0.488496,0.16474,4.2e-05,0.00279
0,-1.070106,-0.111377,0.272554,0.070796,0.231533,0.064017,0.004827,0.001944
0,-0.567193,-0.161401,0.483297,-0.069143,0.439774,-0.022143,0.001852,0.002817
0,-2.385965,-0.78706,-1.847877,-0.635369,-1.867177,-0.606794,0.005364,0.001985
0,-2.904287,-1.004822,-0.492906,-0.238799,-0.443569,-0.257312,0.003683,0.005786
0,-2.613744,-1.039821,0.319678,-0.042267,0.35879,-0.010623,0.001388,0.005355
0,-2.599339,-0.930331,0.001214,0.13276,-0.02903,0.162257,0.00164,0.004486
0,-2.192284,-0.698337,0.436795,0.227701,0.481179,0.187827,0.003007,0.000437
0,-1.712727,-0.480453,0.506085,0.236353,0.459408,0.273529,0.005362,0.003366
0,-1.251615,-0.297034,0.456759,0.175503,0.497379,0.200948,0.001659,0.005184
0,-0.745915,-0.211257,0.48049,0.062216,0.481742,0.078955,0.001267,0.003687
0,-0.16228,-0.393771,0.594208,-0.15859,0.573818,-0.146315,0.002832,0.004879
0,0.152323,-0.261477,0.341571,0.13525,0.333311,0.1595,0.002659,0.004564
0,0.281913,-0.063523,0.139836,0.220836,0.13814,0.206489,0.00492,0.001109
0,0.457256,-0.098196,0.153503,-0.02039,0.10626,0.00777,0.003771,0.001714
0,0.390249,-0.030374,-0.060231,0.04047,-0.043162,0.012416,0.004941,0.00053
0,0.231286,0.20981,-0.150103,0.260634,-0.197332,0.308046,0.004037,0.003662
0,0.070685,-0.010121,-0.176786,-0.236864,-0.166697,-0.246056,0.001234,0.000177
0,0.313547,0.219382,0.213346,0.202339,0.169895,0.161802,0.005472,0.003829
0,0.193777,0.044833,-0.115559,-0.200217,-0.12643,-0.223986,0.003382,0.000782
0,0.050402,0.272142,-0.144509,0.237561,-0.145133,0.28065,0.00088,0.00475
0,0.086721,0.274945,0.043628,0.024024,0.009871,-0.012669,0.001514,0.004799
0,0.142206,0.034774,0.070722,-0.265529,0.029046,-0.251766,0.002482,0.000607
0,-0.153272,0.496914,-0.272142,0.437557,-0.23683,0.446127,0.002675,0.003079
0,-0.241246,2.012334,-0.093441,1.505507,-0.117507,1.546193,0.004211,0.000133
0,-0.333759,2.542798,-0.072027,0.539018,-0.061035,0.542107,0.005825,0.002627
0,-0.457324,2.445581,-0.146135,-0.09651,-0.12753,-0.056292,0.00377,0.004323
0,-0.542999,2.010212,-0.065495,-0.406825,-0.101698,-0.410435,0.002275,0.00017
0,-0.393994,1.434602,0.161652,-0.585997,0.146758,-0.581415,0.004875,0.001535
0,-0.409786,1.029147,-0.020642,-0.429787,-0.035404,-0.417022,0.0046,0.005541
0,-0.229266,0.631853,0.166005,-0.377538,0.152533,-0.336349,0.004001,0.000724
0,-0.191137,0.221503,0.058532,-0.394252,0.085031,-0.382777,0.003336,0.003866
0,-0.015195,-0.089175,0.170455,-0.330306,0.13151,-0.361297,0.000265,0.001556
0,0.057055,-0.130786,0.091718,-0.06245,0.114473,-0.109569,0.000996,0.002283
0,0.102544,-0.065567,0.066884,0.042482,0.104054,0.051556,0.00179,0.001144
0,-0.007867,-0.185092,-0.107168,-0.096079,-0.148424,-0.100137,0.000137,0.00323
0,-0.051613,-0.083432,-0.026546,0.110777,-0.030626,0.088435,0.000901,0.001456
0,0.077954,-0.270746,0.11931,-0.167946,0.127567,-0.193315,0.001361,0.004725
0,0.101521,-0.29275,0.035186,-0.02188,0.026037,-0.020172,0.001772,0.005109
0,0.030155,-0.074697,-0.092194,0.225357,-0.059527,0.256897,0.000526,0.001304
0,-0.073282,-0.24505,-0.075294,-0.177512,-0.105127,-0.158494,0.001279,0.004277
0,0.034188,-0.086925,0.095765,0.174824,0.065784,0.17575,0.000597,0.001517
0,-0.132711,-0.029581,-0.146753,0.065569,-0.15467,0.099082,0.002316,0.000516
0,-0.153845,-0.164939,0.00331,-0.106255,-0.028093,-0.154503,0.002685,0.002879
0,0.04086,-0.169515,0.182787,0.018998,0.163869,0.021236,0.000713,0.002959
0,-0.048969,-0.161278,-0.073651,0.03464,-0.074309,0.013626,0.000855,0.002815
0,-0.16321,-0.050422,-0.129227,0.0893,-0.170264,0.128049,0.002849,0.00088
0,-0.017749,-0.049485,0.143157,0.021501,0.100994,0.044152,0.00031,0.000864
0,0.013966,-0.278014,0.024546,-0.218475,0.072482,-0.216424,0.000244,0.004852
0,-0.151989,-0.028968,-0.143143,0.232424,-0.158551,0.207745,0.002653,0.000506
0,-0.101292,-0.064118,0.073764,-0.011671,0.075748,0.0321,0.001768,0.001119
0,-0.048272,-0.1686,0.030974,-0.103269,0.079048,-0.085343,0.000842,0.002943
0,0.006788,-0.194214,0.083451,-0.026646,0.072011,-0.005781,0.000118,0.00339
0,-0.092756,0.008881,-0.074305,0.174435,-0.033456,0.224175,0.001619,0.000155
0,-0.010229,0.056579,0.079277,0.028082,0.081621,0.000947,0.000179,0.000987
0,0.011833,0.022281,0.007412,-0.057668,0.00906,-0.081027,0.000207,0.000389
0,-0.171701,-0.055714,-0.173627,-0.102502,-0.223423,-0.056337,0.002997,0.000972
0,-0.262167,-0.088096,-0.066224,-0.061032,-0.041008,-0.040686,0.004576,0.001538
0,-0.076757,0.003984,0.162124,0.103053,0.210124,0.153035,0.00134,7e-05
0,0.012233,0.010591,0.061126,0.008519,0.046455,0.052563,0.000214,0.000185
0,-0.171406,-0.132749,-0.188016,-0.155899,-0.178021,-0.199204,0.002992,0.002317
0,-0.083014,-0.098085,0.088463,0.033043,0.056955,0.053272,0.001449,0.001712
0,-0.023532,0.086103,0.033521,0.162931,0.024434,0.192624,0.000411,0.001503
0,0.050803,0.053896,0.053911,-0.017866,0.064142,-0.062895,0.000887,0.000941
0,-0.039177,0.039808,-0.067575,-0.018443,-0.092361,-0.05181,0.000684,0.000695
0,0.043632,0.059025,0.081157,0.048451,0.082807,0.005863,0.000762,0.00103
0,-0.107052,0.030344,-0.126881,-0.018559,-0.094001,-0.023136,0.001868,0.00053
0,-0.000561,-0.102664,0.132797,-0.140012,0.121225,-0.11133,1e-05,0.001792
0,0.077396,-0.045239,0.102763,0.076725,0.120084,0.044025,0.001351,0.00079
0,0.029261,0.131143,-0.024629,0.167312,-0.043167,0.156692,0.000511,0.002289
0,0.046183,0.083961,0.019567,-0.030166,0.008621,-0.001264,0.000806,0.001465
0,0.002613,-0.000952,-0.033559,-0.077452,-0.067105,-0.029175,4.6e-05,1.7e-05
0,-0.097211,-0.086527,-0.107004,-0.077311,-0.144889,-0.048245,0.001697,0.00151
0,-0.073865,-0.164105,0.043383,-0.058698,0.032622,-0.01723,0.001289,0.002864
0,-0.130554,0.000926,-0.030246,0.180829,-0.062651,0.182165,0.002279,1.6e-05
0,-0.063085,-0.109421,0.091593,-0.106137,0.095182,-0.144969,0.001101,0.00191
0,0.076565,-0.197342,0.16723,-0.096518,0.172471,-0.063128,0.001336,0.003444
0,-0.068246,-0.15435,-0.138317,0.042492,-0.11625,0.079079,0.001191,0.002694
0,-0.03932,-0.191403,0.054516,-0.040274,0.060605,-0.018981,0.000686,0.003341
0,-0.017836,-0.071469,0.007293,0.125412,-0.009979,0.16657,0.000311,0.001247
0,-0.128284,0.050158,-0.112779,0.121705,-0.150239,0.117907,0.002239,0.000875
0,0.008853,0.034581,0.141014,-0.034333,0.157509,-0.06087,0.000155,0.000604
0,-0.161009,-0.126833,-0.149897,-0.139208,-0.145855,-0.099389,0.00281,0.002214
0,-0.030532,-0.151749,0.128092,-0.051234,0.155556,-0.050932,0.000533,0.002649
0,-0.111363,-0.017354,-0.095915,0.159288,-0.085597,0.147004,0.001944,0.000303
0,-0.159952,-0.169913,-0.037445,-0.127115,-0.022805,-0.126811,0.002792,0.002966
0,-0.190473,0.017617,-0.044089,0.175538,-0.078513,0.204389,0.003324,0.000307
0,-0.158531,-0.025854,0.040126,-0.03115,0.041731,-0.070249,0.002767,0.000451
0,0.071409,-0.117879,0.235056,-0.090614,0.198514,-0.11711,0.001246,0.002057
0,-0.00011,-0.078635,-0.042161,0.048044,-0.019685,0.070723,2e-06,0.001372
0,-0.101012,-0.020266,-0.107447,0.065437,-0.129333,0.099562,0.001763,0.000354
0,0.047338,0.134297,0.145276,0.135837,0.189446,0.151231,0.000826,0.002344
0,-0.090416,-0.113455,-0.139739,-0.276177,-0.183409,-0.295879,0.001578,0.00198
0,0.032931,0.024026,0.09337,0.167437,0.095318,0.123671,0.000575,0.000419
0,0.108286,0.063731,0.094914,0.036365,0.118582,0.023355,0.00189,0.001112
0,0.009986,0.058239,-0.080162,0.006118,-0.072484,-0.043836,0.000174,0.001016
0,-0.006044,-0.029319,-0.009583,-0.077195,-0.003102,-0.113967,0.000105,0.000512
0,-0.085458,-0.104831,-0.073989,-0.04852,-0.113727,-0.040644,0.001492,0.00183
0,-0.096757,-0.107005,0.004283,-0.029239,0.022862,-0.073999,0.001689,0.001868
0,-0.003841,-0.027897,0.108991,0.083721,0.105557,0.052817,6.7e-05,0.000487
0,-0.175069,0.085317,-0.160866,0.088592,-0.149967,0.051064,0.003056,0.001489
0,-0.063582,-0.031234,0.090321,-0.093177,0.12933,-0.090211,0.00111,0.000545
0,-0.06223,-0.078864,-0.022153,-0.022323,-0.063949,0.024596,0.001086,0.001376
0,-0.036612,-0.020931,0.034377,0.073951,0.026235,0.043052,0.000639,0.000365
0,-0.074345,-0.145358,-0.013195,-0.098785,-0.052092,-0.129522,0.001298,0.002537
0,-0.256201,-0.010261,-0.194991,0.140153,-0.203816,0.095791,0.004472,0.000179
0,-0.10221,0.124267,0.180128,0.149155,0.226914,0.147773,0.001784,0.002169
0,-0.19658,0.114588,-0.085018,-0.01554,-0.065621,0.030912,0.003431,0.002
0,-0.212689,-0.039355,-0.021662,-0.143298,-0.068651,-0.142663,0.003712,0.000687
0,-0.188308,0.118682,0.006948,0.154339,-0.009215,0.118551,0.003287,0.002071
0,-0.093691,0.095851,0.10674,-0.008729,0.148345,0.034402,0.001635,0.001673
0,-0.141512,0.133075,-0.048594,0.016711,-0.084791,0.000982,0.00247,0.002323
0,-0.190997,-0.067835,-0.067181,-0.177688,-0.101316,-0.161528,0.003334,0.001184
0,-0.064274,0.009215,0.130165,0.102956,0.151314,0.081643,0.001122,0.000161
0,-0.271961,-0.066396,-0.234583,-0.089277,-0.228036,-0.11433,0.004747,0.001159
0,-0.172885,-0.039431,0.093037,0.005277,0.049249,-0.00767,0.003017,0.000688
0,-0.305877,-0.066055,-0.108606,-0.034071,-0.106545,0.007564,0.005339,0.001153
0,-0.072785,0.012274,0.219381,0.075814,0.260181,0.051593,0.00127,0.000214
0,-0.037718,0.0401,0.045399,0.056243,0.003485,0.051528,0.000658,0.0007
0,-0.262743,-0.120421,-0.226321,-0.156637,-0.257601,-0.205679,0.004586,0.002102
0,-0.102477,-0.125479,0.145875,-0.02048,0.177012,-0.039346,0.001789,0.00219
0,-0.043085,-0.043596,0.035939,0.099574,0.005514,0.119594,0.000752,0.000761
0,-0.133777,0.084103,-0.082221,0.133199,-0.068464,0.102547,0.002335,0.001468
0,-0.118526,-0.056159,0.004376,-0.110509,-0.026545,-0.066697,0.002069,0.00098
0,-0.142499,0.07766,-0.048496,0.144741,-0.010441,0.168829,0.002487,0.001355
0,-0.140581,-0.096024,0.024482,-0.198355,0.013339,-0.165993,0.002454,0.001676
0,-0.030778,0.120874,0.11093,0.23203,0.151053,0.219004,0.000537,0.00211
0,-0.153837,-0.103681,-0.124724,-0.230806,-0.095474,-0.20252,0.002685,0.00181
0,-0.274961,-0.003344,-0.114831,0.082631,-0.159743,0.064018,0.004799,5.8e-05
0,-0.076739,0.1041,0.225191,0.097303,0.204229,0.07327,0.001339,0.001817
0,-0.041037,-0.153833,0.052273,-0.277259,0.06573,-0.243869,0.000716,0.002685
0,-0.117726,0.099975,-0.105967,0.27656,-0.121243,0.275784,0.002055,0.001745
0,-0.107651,-0.025541,-0.018556,-0.139072,-0.046593,-0.094882,0.001879,0.000446
0,-0.025145,0.081306,0.083245,0.110419,0.120646,0.114591,0.000439,0.001419
0,0.071269,-0.088443,0.08031,-0.182353,0.061576,-0.157029,0.001244,0.001544
0,-0.178833,-0.008008,-0.277083,0.086674,-0.299989,0.105919,0.003121,0.00014
0,-0.034649,0.100406,0.17083,0.128405,0.125329,0.122415,0.000605,0.001752
0,0.124784,-0.094235,0.1817,-0.220968,0.18311,-0.226039,0.002178,0.001645
0,0.121857,0.067619,-0.021099,0.160723,-0.053512,0.173742,0.002127,0.00118
0,-0.003272,-0.063392,-0.119629,-0.120576,-0.114484,-0.11625,5.7e-05,0.001106
0,0.050239,0.001543,0.048099,0.046776,0.076812,0.090655,0.000877,2.7e-05
0,0.116229,-0.051659,0.058298,-0.032817,0.083756,0.001511,0.002029,0.000902
0,-0.099083,0.035824,-0.22526,0.075565,-0.193173,0.093844,0.001729,0.000625
0,-0.097678,0.045198,-0.015201,0.012648,0.021256,0.040767,0.001705,0.000789
0,0.006666,-0.020263,0.11633,-0.070488,0.140474,-0.02554,0.000116,0.000354
0,-0.082877,0.056671,-0.059729,0.099069,-0.09277,0.068125,0.001446,0.000989
0,-0.104184,-0.073315,-0.043692,-0.105536,-0.093052,-0.058383,0.001818,0.00128
0,0.080311,-0.147775,0.203482,-0.10015,0.208168,-0.131492,0.001402,0.002579
0,-0.108566,0.00305,-0.159736,0.145912,-0.183887,0.100003,0.001895,5.3e-05
0,-0.046829,-0.193026,0.075637,-0.225019,0.063434,-0.237094,0.000817,0.003369
0,-0.010086,0.072041,0.016105,0.247926,0.035721,0.285669,0.000176,0.001257
0,-0.071305,0.009043,-0.089554,-0.054886,-0.079532,-0.036182,0.001245,0.000158
0,0.129614,0.039255,0.187233,0.03806,0.16607,0.027908,0.002262,0.000685
0,-0.005656,-0.069097,-0.127781,-0.089685,-0.126082,-0.063312,9.9e-05,0.001206
0,0.254203,0.096089,0.247425,0.158041,0.28472,0.124959,0.004437,0.001677
0,0.089581,-0.025267,-0.15272,-0.150788,-0.137379,-0.109783,0.001563,0.000441
0,0.09033,0.002856,-0.005363,0.03623,-0.004649,0.05698,0.001577,5e-05
0,0.157629,-0.101101,0.096979,-0.093747,0.091196,-0.131068,0.002751,0.001765
0,0.022704,0.004979,-0.115549,0.115077,-0.15809,0.099008,0.000396,8.7e-05
0,0.080146,-0.097667,0.080957,-0.127365,0.093075,-0.16057,0.001399,0.001705
0,0.009919,0.074086,-0.040791,0.148768,-0.047136,0.156968,0.000173,0.001293
0,0.087795,0.013906,0.081692,-0.06477,0.068017,-0.104484,0.001532,0.000243
0,0.120017,0.101291,0.055262,0.058961,0.061913,0.069705,0.002095,0.001768
0,0.22878,0.042757,0.082763,-0.075493,0.082714,-0.042424,0.003993,0.000746
0,0.042199,-0.049943,-0.19601,-0.11198,-0.187886,-0.075561,0.000737,0.000872
0,-0.091589,-0.049293,-0.130668,-0.005789,-0.09752,-0.034001,0.001599,0.00086
0,0.02145,0.105575,0.111888,0.15846,0.107058,0.147817,0.000374,0.001843
0,0.038647,0.133557,0.009777,0.023837,0.051933,0.063058,0.000675,0.002331
0,-0.043851,-0.12938,-0.076079,-0.27559,-0.041892,-0.29697,0.000765,0.002258
0,-0.023238,0.146782,0.047108,0.255304,0.018747,0.273591,0.000406,0.002562
0,-0.120427,-0.054026,-0.111237,-0.221876,-0.110109,-0.189829,0.002102,0.000943
0,0.030317,0.064434,0.13478,0.111138,0.093657,0.149059,0.000529,0.001125
0,-0.089836,0.099727,-0.090439,0.037996,-0.080019,0.016609,0.001568,0.001741
0,0.084551,0.060317,0.191624,-0.066711,0.1502,-0.097284,0.001476,0.001053
0,0.092113,-0.004825,0.026702,-0.095024,0.074883,-0.113101,0.001608,8.4e-05
0,-0.008105,0.064584,-0.089425,0.061032,-0.118185,0.066468,0.000141,0.001127
0,0.058813,-0.10439,0.045402,-0.187654,0.022549,-0.189117,0.001026,0.001822
0,-0.120686,0.048875,-0.165343,0.128605,-0.187935,0.173872,0.002106,0.000853
0,-0.000804,-0.150772,0.097466,-0.21878,0.116703,-0.176144,1.4e-05,0.002631
0,-0.024924,-0.110979,-0.047542,0.031376,-0.011804,-0.014792,0.000435,0.001937
0,-0.048793,0.046489,-0.046739,0.166013,-0.085694,0.203489,0.000852,0.000811
0,-0.069323,-0.011888,0.003896,-0.068481,-0.042079,-0.024668,0.00121,0.000207
0,0.025908,-0.173994,0.109442,-0.167288,0.135672,-0.209162,0.000452,0.003037
0,-0.125319,-0.165196,-0.133709,-0.00773,-0.09683,-0.045873,0.002187,0.002883
0,-0.020894,0.054103,0.090123,0.22389,0.095394,0.191996,0.000365,0.000944
0,-0.032931,-0.192875,0.002491,-0.250293,0.011456,-0.23119,0.000575,0.003366
0,-0.01338,0.017483,0.028058,0.209318,0.036724,0.203078,0.000234,0.000305
0,-0.279114,-0.085514,-0.239675,-0.07698,-0.274972,-0.093611,0.004871,0.001493
0,-0.274963,0.06821,0.017209,0.136749,0.053057,0.095704,0.004799,0.00119
0,-0.22467,-0.044757,0.073614,-0.131579,0.050028,-0.16886,0.003921,0.000781
0,-0.237269,0.06642,-0.014499,0.08447,0.018051,0.044951,0.004141,0.001159
0,-0.166663,-0.041732,0.044252,-0.107575,0.083394,-0.099645,0.002909,0.000728
0,-0.054695,0.03803,0.129434,0.076498,0.119645,0.047006,0.000955,0.000664
0,-0.249236,0.011129,-0.209431,-0.022918,-0.17871,-0.071665,0.00435,0.000194
0,-0.040715,-0.064681,0.203004,-0.090974,0.1941,-0.12737,0.000711,0.001129
0,-0.182756,-0.015448,-0.150148,0.051588,-0.150724,0.028556,0.00319,0.00027
0,-0.007779,0.151407,0.179158,0.149994,0.139997,0.127982,0.000136,0.002643
0,-0.182367,-0.007342,-0.188751,-0.132233,-0.171043,-0.17113,0.003183,0.000128
0,-0.156581,-0.075354,0.04926,-0.045664,0.004182,-0.065799,0.002733,0.001315
0,-0.038374,0.141272,0.124955,0.244724,0.143287,0.229012,0.00067,0.002466
0,-0.210244,-0.063558,-0.166022,-0.201478,-0.119162,-0.168329,0.003669,0.001109
0,-0.078137,-0.113973,0.105386,-0.022988,0.149609,-0.005571,0.001364,0.001989
0,-0.270314,-0.089313,-0.215974,0.04746,-0.19771,0.074145,0.004718,0.001559
0,0.028172,-0.010179,0.290622,0.061146,0.305524,0.049266,0.000492,0.000178
0,-0.176208,-0.057307,-0.177076,-0.038893,-0.17172,-0.037145,0.003075,0.001
0,-0.101433,-0.061261,0.067225,-0.021039,0.087914,-0.013216,0.00177,0.001069
0,-0.012448,-0.148904,0.097919,-0.114183,0.138472,-0.066189,0.000217,0.002599
0,-0.167401,0.003013,-0.130002,0.143879,-0.122842,0.135161,0.002922,5.3e-05
0,-0.237324,-0.162233,-0.065127,-0.185568,-0.076902,-0.16205,0.004142,0.002832
0,-0.167165,0.011557,0.089459,0.188482,0.127431,0.148114,0.002918,0.000202
0,-0.2083,-0.047006,-0.064013,-0.039011,-0.093514,-0.048547,0.003636,0.00082
0,-0.112208,-0.12389,0.106415,-0.0927,0.085193,-0.138883,0.001958,0.002162
0,-0.143387,0.054692,-0.016239,0.208205,-0.002168,0.161437,0.002503,0.000955
0,-0.11312,0.133612,0.00361,0.078973,0.008345,0.127337,0.001974,0.002332
0,-0.252881,0.169712,-0.164903,0.053723,-0.173964,0.009255,0.004414,0.002962
0,-0.165554,0.11498,0.070181,-0.078507,0.084623,-0.103356,0.002889,0.002007
0,-0.290775,0.120347,-0.122835,-0.00997,-0.085386,-0.012232,0.005075,0.0021
0,-0.102617,0.153643,0.213954,0.060839,0.181821,0.013082,0.001791,0.002682
0,-0.205907,0.174782,-0.084656,0.021321,-0.109316,0.050661,0.003594,0.003051
0,-0.302351,-0.048223,-0.110714,-0.211243,-0.072034,-0.216369,0.005277,0.000842
0,-0.070788,-0.028075,0.214771,-0.001115,0.262493,0.022816,0.001235,0.00049
0,-0.117156,0.148946,-0.034182,0.184472,-0.003037,0.181894,0.002045,0.0026
0,0.016978,0.180384,0.161329,0.026814,0.124805,0.072439,0.000296,0.003148
0,0.038087,0.050409,0.046199,-0.122313,0.041628,-0.131556,0.000665,0.00088
0,-0.16754,0.05719,-0.179805,0.00214,-0.136663,-0.0392,0.002924,0.000998
0,0.062949,-0.046619,0.256965,-0.079082,0.211472,-0.087994,0.001099,0.000814
0,0.007705,0.10647,-0.083441,0.153189,-0.126655,0.141349,0.000134,0.001858
0,0.080986,-0.041055,0.049671,-0.15613,0.076346,-0.176093,0.001413,0.000717
0,-0.008112,0.08992,-0.115479,0.132031,-0.087128,0.150234,0.000142,0.001569
0,0.119286,-0.116359,0.099195,-0.188048,0.146148,-0.184042,0.002082,0.002031
0,-0.016153,-0.050619,-0.157105,0.047425,-0.112445,0.04119,0.000282,0.000883
0,-0.037043,0.143064,-0.042556,0.191489,-0.071795,0.212353,0.000647,0.002497
0,0.064525,-0.022451,0.105818,-0.180338,0.0861,-0.227623,0.001126,0.000392
0,-0.104174,0.104259,-0.182754,0.116023,-0.162642,0.115725,0.001818,0.00182
0,0.076367,-0.097471,0.204887,-0.184468,0.166408,-0.18537,0.001333,0.001701
0,0.07769,0.067373,-0.028653,0.176446,-0.00967,0.181743,0.001356,0.001176
0,0.146207,0.050786,0.055023,-0.012101,0.006965,-0.016861,0.002552,0.000886
0,-0.03887,0.121586,-0.159553,0.093466,-0.201548,0.065695,0.000678,0.002122
0,0.020714,0.034309,0.071131,-0.062156,0.084002,-0.083443,0.000362,0.000599
0,-0.102363,-0.063026,-0.103364,-0.121524,-0.129125,-0.169329,0.001787,0.0011
0,-0.214614,-0.063605,-0.140052,0.001385,-0.162293,-0.006728,0.003746,0.00111
0,-0.20245,0.117283,0.036871,0.182633,0.025389,0.141814,0.003533,0.002047
0,-0.28479,0.097564,-0.058005,0.006232,-0.098075,-0.018133,0.004971,0.001703
0,-0.036411,-0.074523,0.233118,-0.151881,0.258905,-0.193753,0.000635,0.001301
0,-0.043452,-0.053338,0.00065,0.037018,-0.043356,0.07304,0.000758,0.000931
0,-0.134165,0.100742,-0.062234,0.166593,-0.104337,0.147502,0.002342,0.001758
0,-0.245874,-0.058653,-0.125653,-0.169998,-0.128339,-0.211454,0.004291,0.001024
0,0.03386,-0.163345,0.281905,-0.133312,0.313615,-0.096264,0.000591,0.002851
0,-0.016464,0.064793,-0.027237,0.209407,-0.050405,0.201703,0.000287,0.001131
0,-0.073947,0.008496,-0.03651,-0.072976,0.001583,-0.074477,0.001291,0.000148
0,0.040925,0.052916,0.088235,0.021461,0.111837,0.00597,0.000714,0.000924
0,0.016642,-0.156812,-0.012056,-0.198049,-0.03398,-0.150794,0.00029,0.002737
0,-0.136125,-0.079804,-0.17082,0.106388,-0.158416,0.144856,0.002376,0.001393
0,-0.169348,-0.001627,-0.052205,0.065191,-0.085329,0.047413,0.002956,2.8e-05
0,-0.158859,0.066804,-0.011742,0.092986,0.033531,0.105109,0.002773,0.001166
0,-0.078732,0.107455,0.100501,0.059824,0.058367,0.087183,0.001374,0.001875
0,-0.060356,-0.01057,-0.000881,-0.141074,-0.025836,-0.147624,0.001053,0.000184
0,0.138804,-0.015409,0.219694,0.010421,0.240563,-0.036085,0.002423,0.000269
0,0.084908,-0.001297,-0.048703,-0.013048,-0.015975,0.00231,0.001482,2.3e-05
0,-0.089964,0.093011,-0.193896,0.106302,-0.176471,0.142624,0.00157,0.001623
0,0.018266,0.038528,0.105207,-0.083901,0.072854,-0.062225,0.000319,0.000672
0,-0.137031,0.09535,-0.129011,0.052841,-0.093906,0.016049,0.002392,0.001664
0,-0.046359,-0.035929,0.074029,-0.103379,0.060477,-0.07086,0.000809,0.000627
0,0.026104,-0.092212,0.100855,-0.068376,0.059271,-0.080029,0.000456,0.001609
0,0.097943,-0.130895,0.05986,-0.03054,0.101417,-0.051779,0.001709,0.002285
0,-0.150753,0.022384,-0.242353,0.13327,-0.267886,0.096761,0.002631,0.000391
0,0.154062,-0.017902,0.328102,-0.02621,0.351004,-0.040223,0.002689,0.000312
0,-0.000303,0.028131,-0.171514,0.037416,-0.166826,0.015705,5e-06,0.000491
0,-0.09525,-0.126448,-0.080286,-0.183632,-0.099622,-0.173822,0.001662,0.002207
0,0.010041,0.005845,0.126238,0.128615,0.089017,0.166784,0.000175,0.000102
0,-0.008748,-0.126624,-0.04551,-0.106877,-0.01785,-0.070286,0.000153,0.00221
0,0.168357,0.042982,0.183421,0.15066,0.178937,0.120939,0.002938,0.00075
0,0.2345,-0.050329,0.04071,-0.082876,0.023762,-0.111466,0.004093,0.000878
0,0.154095,0.113618,-0.087896,0.151929,-0.058709,0.157707,0.002689,0.001983
0,0.035603,0.105138,-0.142283,-0.002793,-0.139751,0.004648,0.000621,0.001835
0,0.16528,-0.061622,0.115118,-0.181628,0.102809,-0.131647,0.002885,0.001076
0,0.192717,-0.006703,0.033567,0.074906,0.082393,0.085952,0.003364,0.000117
0,0.025045,-0.17217,-0.164341,-0.136164,-0.186945,-0.161354,0.000437,0.003005
0,0.040491,0.110143,0.044235,0.296589,0.033086,0.334148,0.000707,0.001922
0,0.011353,0.012283,-0.036762,-0.10751,-0.027227,-0.143181,0.000198,0.000214
0,0.011201,-0.074225,-0.029419,-0.058781,0.014128,-0.07722,0.000195,0.001295
0,0.14382,0.091821,0.143959,0.145074,0.156188,0.096985,0.00251,0.001603
0,0.179274,-0.045441,0.045691,-0.161971,0.082084,-0.13801,0.003129,0.000793
0,0.260781,-0.002096,0.073467,0.027337,0.100457,0.02105,0.004551,3.7e-05
0,0.178719,-0.008929,-0.059948,-0.006921,-0.031249,-0.02049,0.003119,0.000156
0,-0.038317,0.052656,-0.222747,0.056054,-0.175673,0.059872,0.000669,0.000919
0,0.10123,0.067737,0.130181,0.012178,0.093947,0.034218,0.001767,0.001182
0,0.148376,-0.041451,0.028523,-0.112142,0.054307,-0.159674,0.00259,0.000723
0,0.055757,-0.109535,-0.066488,-0.072831,-0.056815,-0.061414,0.000973,0.001912
0,0.061829,0.066441,0.034209,0.149897,0.04608,0.138602,0.001079,0.00116
0,0.199921,-0.031338,0.144606,-0.112867,0.162208,-0.116545,0.003489,0.000547
0,0.065407,-0.105105,-0.113,-0.069388,-0.132838,-0.038353,0.001142,0.001834
0,0.159892,-0.144897,0.123328,-0.019415,0.16386,-0.051813,0.002791,0.002529
0,-0.017429,-0.023268,-0.159174,0.121972,-0.131366,0.097064,0.000304,0.000406
0,0.175009,0.032852,0.169709,0.077785,0.160635,0.072798,0.003054,0.000573
0,0.127839,-0.092543,-0.031804,-0.107116,-0.04411,-0.13372,0.002231,0.001615
0,0.063633,-0.093082,-0.05923,-0.024872,-0.067211,0.014956,0.001111,0.001625
0,-0.024819,0.006503,-0.060612,0.10488,-0.087628,0.096461,0.000433,0.000114
0,0.090304,-0.033439,0.11788,-0.057495,0.133493,-0.012486,0.001576,0.000584
0,-0.085339,0.155684,-0.165308,0.192816,-0.194554,0.190541,0.001489,0.002717
0,-0.023257,-0.011087,0.041924,-0.155242,0.011924,-0.20385,0.000406,0.000194
0,0.039203,0.013086,0.088634,0.0267,0.12748,0.049466,0.000684,0.000228
0,0.01981,0.190276,-0.019217,0.171381,-0.049985,0.202881,0.000346,0.003321
0,-0.045909,0.016214,-0.039464,-0.187166,-0.050282,-0.140295,0.000801,0.000283
0,-0.161298,-0.07254,-0.130413,-0.118227,-0.142863,-0.120381,0.002815,0.001266
0,0.134608,0.020896,0.322043,0.070873,0.329638,0.089625,0.002349,0.000365
0,-0.052154,0.071607,-0.176722,0.057764,-0.158343,0.06135,0.00091,0.00125
0,-2.726296,-0.071281,-2.698924,-0.170089,-2.680234,-0.202638,0.000576,0.001244
0,-3.568321,-0.181624,-0.837285,-0.140042,-0.858492,-0.174723,0.00352,0.00317
0,-3.43821,-0.171905,0.108727,0.009149,0.0932,-0.002445,0.00125,0.003
0,-3.466688,-0.09374,-0.017541,0.077312,-0.044858,0.124842,0.001747,0.001636
0,-2.87902,-0.102334,0.558582,-0.037054,0.526477,-0.022253,0.003242,0.001786
0,-1.984724,-0.277546,0.869284,-0.17341,0.885046,-0.182342,0.000615,0.004844
0,-1.375884,-0.224496,0.582836,0.026192,0.546421,0.043292,0.00051,0.003918
0,-0.569918,-0.154914,0.822135,0.089182,0.7944,0.125099,0.001805,0.002704
0,-0.121721,-0.244907,0.441917,-0.091143,0.415296,-0.053056,0.002124,0.004274
0,-0.11657,-0.283793,0.016626,-0.018824,0.049069,-0.052074,0.002035,0.004953
0,0.015772,-0.276384,0.145541,-0.004542,0.189783,0.021166,0.000275,0.004824
0,-0.080857,0.043959,-0.123204,0.342036,-0.088192,0.305626,0.001411,0.000767
0,-0.113334,-0.159616,-0.035899,-0.220656,-0.028509,-0.208887,0.001978,0.002786
0,-0.22077,-0.049385,-0.086379,0.127682,-0.061513,0.128348,0.003853,0.000862
0,0.023348,0.010514,0.229349,0.054612,0.215597,0.033139,0.000408,0.000184
0,-0.122823,-0.128969,-0.120559,-0.154436,-0.145334,-0.14835,0.002144,0.002251
0,-0.098601,-0.13487,0.05161,-0.019072,0.077605,-0.060077,0.001721,0.002354
0,-0.043853,-0.167325,0.034537,-0.060201,-0.014244,-0.028245,0.000765,0.00292
0,0.019729,0.079642,0.071202,0.245268,0.077408,0.256297,0.000344,0.00139
0,-0.159354,-0.071991,-0.171721,-0.142595,-0.14143,-0.16479,0.002781,0.001256
0,-0.126411,-0.078499,0.037915,-0.011072,0.084337,0.037536,0.002206,0.00137
0,0.033743,0.11936,0.183344,0.197766,0.13978,0.166546,0.000589,0.002083
0,0.091405,-0.029711,0.075222,-0.134309,0.111265,-0.084447,0.001595,0.000519
0,-0.165829,0.00309,-0.264832,0.004765,-0.261071,0.029555,0.002894,5.4e-05
0,-0.175698,-0.090557,-0.003597,-0.095574,0.035329,-0.059728,0.003067,0.001581
0,-0.101878,0.102208,0.093846,0.181788,0.133805,0.133308,0.001778,0.001784
0,-0.12454,0.083417,-0.019234,0.007595,0.028759,-0.032229,0.002174,0.001456
0,-2.324652,0.352271,-2.193659,0.243619,-2.165718,0.273558,0.005318,0.005603
0,-3.90216,0.155799,-1.582036,-0.212547,-1.603269,-0.183948,0.002405,0.002719
0,-3.988151,0.388123,-0.063753,0.240905,-0.040372,0.283085,0.000904,0.004978
0,-3.353496,0.173924,0.639921,-0.199984,0.616419,-0.162024,0.000229,0.003036
0,-2.8325,0.195187,0.522541,0.003618,0.548592,-0.036034,0.00243,0.003407
0,-2.694556,0.158593,0.148297,-0.055065,0.113379,-0.056155,2.2e-05,0.002768
0,-1.766781,0.313409,0.92257,0.165204,0.873001,0.188778,0.004419,0.00547
0,-1.120376,0.125427,0.627885,-0.193109,0.585172,-0.191296,0.003949,0.002189
0,-0.79532,0.107784,0.338846,-0.043222,0.30272,-0.068617,0.002129,0.001881
0,-0.537699,0.314054,0.231907,0.209845,0.245251,0.178197,0.002367,0.005481
0,-0.111363,0.037094,0.45061,-0.273012,0.483147,-0.230745,0.001944,0.000647
0,0.391492,0.292462,0.532456,0.262856,0.578868,0.259386,0.004919,0.005104
0,0.317695,0.02326,-0.055735,-0.240635,-0.027356,-0.279184,0.005545,0.000406
0,0.377376,0.10482,0.057568,0.081107,0.028833,0.036796,0.005165,0.001829
0,0.145917,0.171875,-0.256252,0.063613,-0.274472,0.104529,0.002547,0.003
0,0.290913,0.16306,0.13033,-0.028517,0.153902,-0.0526,0.005077,0.002846
0,0.150748,0.024707,-0.14644,-0.145957,-0.115028,-0.117474,0.002631,0.000431
0,0.22383,0.169519,0.043109,0.133563,0.042145,0.152103,0.003907,0.002959
0,0.118703,0.224747,-0.086624,0.044559,-0.09678,0.001361,0.002072,0.003923
0,0.242641,0.219636,0.1198,-0.023015,0.11866,-0.049199,0.004235,0.003833
0,0.156375,0.268836,-0.108369,0.071859,-0.073398,0.032184,0.002729,0.004692
0,0.112536,0.2818,-0.057291,0.033254,-0.081196,-0.001491,0.001964,0.004918
0,0.170884,0.278705,0.069203,0.005348,0.086628,-0.033356,0.002982,0.004864
0,0.056485,0.033099,-0.103535,-0.239349,-0.097437,-0.25546,0.000986,0.000578
0,0.14283,0.019553,0.099423,0.01566,0.058375,0.03023,0.002493,0.000341
0,0.319359,0.230559,0.17343,0.21337,0.201029,0.186501,0.005574,0.004024
0,0.213881,0.107022,-0.115448,-0.151087,-0.123955,-0.110332,0.003733,0.001868
0,0.095834,0.146309,-0.141353,0.038758,-0.148002,0.034323,0.001673,0.002554
0,0.234512,0.095792,0.134415,-0.048922,0.179279,-0.085997,0.004093,0.001672
0,-0.061154,0.272908,-0.276733,0.175528,-0.312649,0.176805,0.001067,0.004763
0,0.012802,0.130432,0.055842,-0.15022,0.005903,-0.137761,0.000223,0.002276
0,0.05631,0.235596,0.043333,0.094175,0.023519,0.065134,0.000983,0.004112
0,0.109154,0.056966,0.055989,-0.206033,0.020288,-0.2156,0.001905,0.000994
0,0.229145,0.041157,0.113191,0.008051,0.126284,0.021564,0.003999,0.000718
0,0.144578,0.308592,-0.102048,0.267434,-0.085002,0.283476,0.002523,0.005386
0,0.179639,0.178028,0.034906,-0.142969,0.024338,-0.104212,0.003135,0.003107
0,0.114462,0.295617,-0.054462,0.095027,-0.012172,0.09432,0.001998,0.005159
0,-0.081002,0.161288,-0.185273,-0.131512,-0.199827,-0.167035,0.001414,0.002815
0,-0.138252,0.271116,-0.06662,0.109946,-0.086036,0.143088,0.002413,0.004732
0,-0.113545,0.162651,0.024305,-0.133895,0.030354,-0.161113,0.001982,0.002839
0,0.033396,0.001312,0.14693,-0.159581,0.184365,-0.208818,0.000583,2.3e-05
0,-0.135771,0.27559,-0.174564,0.264038,-0.160129,0.249753,0.00237,0.00481
0,-0.102227,0.183818,0.042638,-0.108837,0.047186,-0.135354,0.001784,0.003208
0,0.08428,-0.002574,0.182201,-0.194442,0.22791,-0.15292,0.001471,4.5e-05
0,-0.108605,0.010929,-0.211984,0.010804,-0.178173,0.021782,0.001896,0.000191
0,-0.007747,0.091388,0.130172,0.075665,0.165421,0.077427,0.000135,0.001595
0,0.022975,0.14617,0.039096,0.045012,-0.001248,0.087041,0.000401,0.002551
0,-0.174028,0.029016,-0.176177,-0.116968,-0.209623,-0.130461,0.003037,0.000506
0,0.065204,0.167771,0.235685,0.155116,0.271222,0.174865,0.001138,0.002928
0,-0.122415,0.079889,-0.193205,-0.100855,-0.184645,-0.077282,0.002137,0.001394
0,0.082857,0.135087,0.234144,0.077961,0.210991,0.037481,0.001446,0.002358
0,0.030355,0.137877,-0.059719,-0.021796,-0.086839,0.028181,0.00053,0.002406
0,0.076111,0.002102,0.062362,-0.151728,0.101724,-0.102431,0.001328,3.7e-05
0,-0.088113,0.239004,-0.190701,0.234773,-0.167024,0.247058,0.001538,0.004171
0,0.089052,0.112666,0.168575,-0.130836,0.193324,-0.11042,0.001554,0.001966
0,-0.03383,0.181836,-0.100165,0.053871,-0.083469,0.06434,0.00059,0.003174
0,-0.038436,0.098586,-0.014145,-0.109604,-0.014117,-0.150682,0.000671,0.001721
0,0.037012,-0.046315,0.068269,-0.157107,0.0524,-0.109422,0.000646,0.000808
0,0.039274,0.066575,-0.002592,0.08425,0.004996,0.127447,0.000685,0.001162
0,0.151278,-0.029023,0.088013,-0.095002,0.111026,-0.04952,0.00264,0.000507
0,0.134408,0.022631,0.009443,0.031445,-0.017181,0.073235,0.002346,0.000395
0,0.190607,0.088137,0.057587,0.069253,0.062315,0.064102,0.003327,0.001538
0,0.083973,0.066284,-0.086111,-0.04702,-0.06579,-0.053656,0.001466,0.001157
0,0.127515,0.075874,0.052355,0.019343,0.071091,-0.016405,0.002226,0.001324
0,3.222094,-1.260071,3.078382,-1.360504,3.039174,-1.322052,0.002522,0.001511
0,3.765906,-1.982953,0.551543,-0.733138,0.580504,-0.776803,0.004783,0.000646
0,3.510295,-1.998327,-0.276364,0.009182,-0.249316,-0.002385,0.002508,0.000378
0,3.816619,-2.10466,0.333382,-0.106827,0.31875,-0.128443,0.003898,0.001478
0,3.374912,-2.163446,-0.451354,-0.080048,-0.404227,-0.031567,0.000145,0.002504
0,2.945292,-1.414567,-0.439886,0.76556,-0.486041,0.718586,0.004398,0.001185
0,1.852555,-1.240768,-1.084688,0.202726,-1.084771,0.200655,0.002922,0.001848
0,1.421699,-0.975909,-0.407028,0.287484,-0.404693,0.333952,0.00131,0.005281
0,1.059318,-0.665923,-0.384433,0.284515,-0.370203,0.293825,0.005015,0.000129
0,0.710152,-0.397393,-0.332463,0.295186,-0.311224,0.344401,0.000643,0.004816
0,0.215079,-0.15421,-0.475966,0.237287,-0.464565,0.192815,0.003754,0.002691
0,0.276632,-0.011875,0.05667,0.155336,0.090426,0.108094,0.004828,0.000207
0,0.041031,-0.00875,-0.240291,0.011354,-0.213719,0.046411,0.000716,0.000153
0,-0.029378,0.116144,-0.071955,0.129927,-0.107116,0.133154,0.000513,0.002027
0,0.158453,0.005057,0.177266,-0.121652,0.178193,-0.141972,0.002766,8.8e-05
0,-0.069869,0.12858,-0.214089,0.126996,-0.24439,0.110274,0.001219,0.002244
0,0.034556,-0.049543,0.097948,-0.171027,0.097727,-0.210018,0.000603,0.000865
0,-0.05898,0.005005,-0.09543,0.054186,-0.074794,0.028559,0.001029,8.7e-05
0,-0.131432,-0.025074,-0.053742,-0.034041,-0.055463,-0.014895,0.002294,0.000438
0,-0.162364,0.027224,-0.022086,0.06659,0.021448,0.111631,0.002834,0.000475
0,-0.199377,0.012107,-0.054021,-0.018261,-0.04735,0.014868,0.00348,0.000211
0,-0.147021,-0.037497,0.042194,-0.029812,0.010858,-0.04008,0.002566,0.000654
0,-0.124032,0.156593,0.015776,0.190114,0.02531,0.165387,0.002165,0.002733
0,0.018566,0.196687,0.14562,0.041053,0.097735,0.083085,0.000324,0.003433
0,0.224775,-0.049511,0.212041,-0.230809,0.188779,-0.221791,0.003923,0.000864
0,0.180684,-0.062174,-0.022421,-0.017865,0.026956,-0.023679,0.003154,0.001085
0,0.065641,0.115884,-0.103033,0.151712,-0.138288,0.124103,0.001146,0.002023
0,0.185771,0.001852,0.108151,-0.084913,0.12629,-0.073518,0.003242,3.2e-05
0,0.035374,0.145142,-0.16255,0.139956,-0.206091,0.130413,0.000617,0.002533
0,0.211276,-0.046261,0.191,-0.167244,0.232957,-0.186589,0.003687,0.000807
0,0.082467,-0.021134,-0.157619,0.024635,-0.115086,0.044003,0.001439,0.000369
0,-0.003414,0.13825,-0.103643,0.143834,-0.061451,0.12243,6e-05,0.002413
0,0.034486,0.1717,0.031996,0.030713,0.062549,-0.008675,0.000602,0.002997
0,0.293465,0.169785,0.286939,-0.023611,0.252296,-0.058046,0.005122,0.002963
0,0.315002,0.096023,0.035936,-0.100994,0.044312,-0.103797,0.005498,0.001676
0,0.282898,0.048952,-0.015678,-0.025543,-0.040151,-0.007534,0.004938,0.000854
0,0.288823,0.075084,0.014638,0.055377,0.041266,0.079766,0.005041,0.00131
0,0.339736,-0.005505,0.031846,-0.10474,0.024755,-0.059212,0.005822,9.6e-05
0,0.257881,-0.041248,-0.087329,-0.044187,-0.054485,-0.067903,0.004501,0.00072
0,0.370029,-0.07254,0.08546,-0.015256,0.101385,-0.038287,0.005293,0.001266
0,0.185727,-0.030568,-0.176343,0.020525,-0.19131,-0.010689,0.003242,0.000534
0,0.234719,0.056998,0.032645,0.105681,0.01899,0.064965,0.004097,0.000995
0,0.287604,0.057198,0.032312,0.008866,0.022682,0.055025,0.00502,0.000998
0,0.276194,-0.073921,-0.028774,-0.115932,-0.021187,-0.119751,0.00482,0.00129
0,0.139076,-0.14016,-0.112237,-0.041347,-0.11587,-0.08834,0.002427,0.002446
0,0.215816,-0.008752,0.076148,0.144515,0.084295,0.123584,0.003767,0.000153
0,0.088663,-0.010843,-0.139938,0.022002,-0.103957,0.031784,0.001547,0.000189
0,0.098591,0.010906,0.030613,0.015808,0.003347,0.020595,0.001721,0.00019
0,0.147131,0.076654,0.065091,0.067736,0.104407,0.022393,0.002568,0.001338
0,0.055722,-0.052568,-0.111121,-0.108513,-0.127881,-0.150342,0.000973,0.000917
0,0.057944,-0.027587,0.014783,0.020833,0.060472,0.019042,0.001011,0.000481
0,0.014908,-0.05833,-0.064356,-0.002547,-0.053548,-0.04265,0.00026,0.001018
0,0.031589,0.080431,0.009737,0.118795,0.050408,0.072391,0.000551,0.001404
0,0.25557,-0.067442,0.235414,-0.130291,0.246442,-0.164387,0.004461,0.001177
0,0.13449,-0.036585,-0.10989,0.032291,-0.083524,0.061754,0.002347,0.000639
0,0.016516,0.055568,-0.114769,0.104056,-0.14565,0.138681,0.000288,0.00097
0,0.11666,-0.061945,0.078032,-0.09403,0.097195,-0.052817,0.002036,0.001081
0,0.108632,-0.138647,0.018324,-0.082433,0.067457,-0.033782,0.001896,0.00242
0,0.119908,-0.102151,-0.010937,0.042901,0.02604,0.084249,0.002093,0.001783
0,0.194891,-0.087046,0.04947,0.008352,0.068512,-0.021973,0.003401,0.001519
0,0.176528,-0.168052,-0.010943,-0.072112,-0.02344,-0.089114,0.003081,0.002933
0,0.210006,0.022288,0.032305,0.184454,0.003023,0.189721,0.003665,0.000389
0,0.129181,-0.15633,-0.098446,-0.168272,-0.097769,-0.207884,0.002255,0.002728
0,0.145179,-0.203295,-0.004176,-0.055147,0.008616,-0.022099,0.002534,0.003548
0,-0.005028,0.050101,-0.149741,0.23541,-0.101705,0.279074,8.8e-05,0.000874
0,0.134817,-0.196109,0.124225,-0.221985,0.09432,-0.230919,0.002353,0.003423
0,0.022554,-0.053453,-0.118311,0.167967,-0.139614,0.162838,0.000394,0.000933
0,-0.085264,-0.126534,-0.11422,-0.068712,-0.086805,-0.023878,0.001488,0.002208
0,0.706902,-0.496936,0.800978,-0.383395,0.769024,-0.427289,0.000586,0.003079
0,0.986662,-1.018793,0.253741,-0.544067,0.268733,-0.511712,0.005469,0.005722
0,3.572251,-2.318516,2.594414,-1.291281,2.610489,-1.336721,0.003589,0.005211
0,3.545038,-2.830489,-0.027366,-0.510105,-0.000565,-0.540716,0.003114,0.002395
0,3.840155,-2.874417,0.29427,-0.030635,0.281351,-0.027426,0.003487,0.003161
0,3.734012,-3.125622,-0.088687,-0.273445,-0.1327,-0.307128,0.005339,0.004206
0,3.414803,-2.688226,-0.338167,0.458911,-0.310257,0.497657,0.000841,8.8e-05
0,2.658888,-2.157197,-0.777057,0.551843,-0.73841,0.547932,0.0006,0.002395
0,1.881673,-1.771442,-0.768115,0.407088,-0.763988,0.371748,0.002414,0.004338
0,0.985426,-0.870365,-0.905608,0.898719,-0.890889,0.862505,0.005447,0.003439
0,0.236015,-0.39084,-0.778046,0.487953,-0.811038,0.443077,0.004119,0.00493
0,-0.019355,-0.23371,-0.283707,0.160468,-0.30853,0.112542,0.000338,0.004079
0,0.016323,0.014327,0.057957,0.222265,0.041782,0.236635,0.000285,0.00025
0,-0.275464,0.044601,-0.316369,0.046854,-0.317909,0.033553,0.004808,0.000778
0,-0.212592,0.215565,0.045821,0.191008,0.023283,0.166373,0.00371,0.003762
0,-1.068909,-0.225187,-0.878353,-0.448952,-0.83579,-0.474801,0.004847,0.00393
0,-1.003142,-0.600272,0.092269,-0.36313,0.077732,-0.356452,0.005756,0.001275
0,-0.928411,-0.784295,0.050084,-0.18086,0.095717,-0.159131,0.004452,0.001937
0,-1.352749,-0.872477,-0.429369,-0.07927,-0.469021,-0.051712,0.000107,0.003476
0,-1.501617,-0.690245,-0.13842,0.196223,-0.168138,0.228123,0.002705,0.000295
0,-1.175888,-0.557208,0.333363,0.138646,0.319909,0.105611,0.00298,0.002027
0,-0.804367,-0.696793,0.396541,-0.167044,0.420809,-0.210566,0.002287,0.00041
0,-0.671279,-0.454062,0.126247,0.22337,0.153622,0.198281,3.6e-05,0.003827
0,-0.396847,-0.422703,0.254256,0.028183,0.205595,0.033758,0.004825,0.004374
0,-0.210431,-0.295608,0.184826,0.153242,0.176024,0.124515,0.003673,0.005159
0,0.047826,-0.026628,0.233559,0.295687,0.228745,0.289342,0.000835,0.000465
0,0.064111,-0.034968,0.042367,0.021324,0.012431,0.025298,0.001119,0.00061
0,0.223666,-0.056412,0.151844,-0.033806,0.130206,0.000849,0.003904,0.000985
0,0.168535,-0.045875,-0.081272,0.020535,-0.101386,0.050992,0.002941,0.000801
0,0.20315,-0.132677,0.013502,-0.116789,-0.001199,-0.094476,0.003546,0.002316
0,0.263001,0.071818,0.031386,0.221584,0.006668,0.203889,0.00459,0.001253
0,0.027903,0.07699,-0.227291,0.004285,-0.20825,-0.032598,0.000487,0.001344
0,0.065988,-0.111152,0.041718,-0.171909,0.007831,-0.170188,0.001152,0.00194
0,0.181072,0.027255,0.091183,0.166176,0.051135,0.21028,0.00316,0.000476
0,0.076757,-0.139071,-0.124874,-0.191215,-0.122744,-0.146201,0.00134,0.002427
0,0.093662,-0.100044,0.010782,0.056679,0.057075,0.082048,0.001635,0.001746
0,0.043388,-0.148018,-0.04853,-0.048385,-0.066324,-0.036067,0.000757,0.002583
0,0.16437,-0.097694,0.12495,0.063394,0.100093,0.016571,0.002869,0.001705
0,0.023363,0.111012,-0.169487,0.206646,-0.132264,0.241251,0.000408,0.001938
0,0.056319,0.087444,0.047213,-0.032474,0.031604,-0.058445,0.000983,0.001526
0,0.190777,0.151161,0.123243,0.065007,0.129111,0.104649,0.00333,0.002638
0,0.091886,-0.082708,-0.110639,-0.204959,-0.126183,-0.17782,0.001604,0.001444
0,0.195569,-0.010598,0.113572,0.050534,0.160815,0.070889,0.003413,0.000185
0,-0.035929,-0.026597,-0.239502,-0.020282,-0.231782,-0.041941,0.000627,0.000464
0,0.245954,-0.104883,0.276894,-0.095657,0.247447,-0.10382,0.004293,0.001831
0,0.207848,-0.058305,-0.034719,0.07395,-0.065711,0.069321,0.003628,0.001018
0,0.104773,0.094432,-0.10638,0.123133,-0.1404,0.075354,0.001829,0.001648
0,-0.078289,-0.068843,-0.20512,-0.171515,-0.177544,-0.168545,0.001366,0.001202
0,-0.039704,-0.021459,0.042872,0.062091,0.007308,0.038185,0.000693,0.000375
0,-1.038804,-0.639976,-0.992481,-0.634838,-0.976474,-0.653958,0.005373,0.000582
0,-2.099394,-0.976182,-1.079393,-0.323885,-1.076667,-0.342242,0.001386,0.005286
0,-3.082681,-0.930627,-0.990286,0.042328,-0.941977,0.034188,0.004956,0.004491
0,-3.036547,-1.128842,0.03148,-0.222482,0.049889,-0.172511,0.005761,0.003801
0,-2.227123,-1.041382,0.807067,0.078982,0.798418,0.043141,0.003616,0.005328
0,-1.844016,-0.811979,0.355829,0.224802,0.374976,0.196654,0.003071,0.00242
0,-0.9216,-0.609656,0.902537,0.2268,0.913251,0.241898,0.004333,0.001111
0,-0.620111,-0.439556,0.295396,0.144537,0.260743,0.161324,0.000929,0.00408
0,-0.362018,-0.414328,0.231999,0.004672,0.22783,-0.021027,0.005433,0.00452
0,0.053809,-0.368388,0.390574,0.018733,0.369589,-0.026016,0.000939,0.005322
0,0.282459,-0.196327,0.204748,0.145643,0.208393,0.107074,0.00493,0.003427
0,0.112308,-0.097821,-0.149624,0.100716,-0.195652,0.139957,0.00196,0.001707
0,0.315718,0.185296,0.204524,0.287051,0.225835,0.282285,0.00551,0.003234
0,0.568454,0.052075,0.255616,-0.133005,0.285262,-0.095565,0.00183,0.000909
0,0.504679,0.23825,-0.065599,0.160581,-0.074978,0.162884,0.002943,0.004158
0,0.388776,0.150281,-0.134676,-0.107873,-0.098724,-0.083623,0.004966,0.002623
0,0.25078,0.061512,-0.120286,-0.085187,-0.07422,-0.037015,0.004377,0.001074
0,0.135481,0.03887,-0.124832,-0.008733,-0.16358,-0.037394,0.002365,0.000678
0,0.181969,0.032326,0.038517,0.014116,0.057354,-0.015102,0.003176,0.000564
0,0.100539,0.130455,-0.101741,0.116869,-0.087929,0.096025,0.001755,0.002277
0,0.03437,0.210055,-0.046623,0.069783,-0.017203,0.034674,0.0006,0.003666
0,0.094552,0.073826,0.042585,-0.162816,0.041896,-0.14009,0.00165,0.001289
0,0.025152,0.064978,-0.096336,-0.005117,-0.140988,-0.018514,0.000439,0.001134
0,0.195553,0.024104,0.166764,-0.054113,0.186448,-0.039,0.003413,0.000421
0,0.224991,0.177693,0.007639,0.148806,0.042063,0.109892,0.003927,0.003101
0,-0.062451,0.171585,-0.274699,0.007176,-0.31298,-0.001944,0.00109,0.002995
0,-0.130151,0.205688,-0.049376,0.008263,-0.060674,0.012802,0.002272,0.00359
0,-0.024712,0.133028,0.119691,-0.062713,0.152559,-0.061752,0.000431,0.002322
0,-0.076256,0.126903,-0.067649,-0.03494,-0.061517,-0.040628,0.001331,0.002215
0,-0.024183,0.236726,0.066556,0.125273,0.017713,0.113478,0.000422,0.004132
0,-0.119937,0.014549,-0.119174,-0.237522,-0.158282,-0.233601,0.002093,0.000254
0,-0.002685,0.235897,0.096491,0.203214,0.130619,0.242195,4.7e-05,0.004117
0,-0.146245,-0.023072,-0.164559,-0.22933,-0.198394,-0.221503,0.002552,0.000403
0,-0.076333,0.04642,0.042774,0.094687,0.03936,0.127516,0.001332,0.00081
0,0.020546,0.128853,0.075432,0.077268,0.112989,0.084183,0.000359,0.002249
0,-0.163105,0.071428,-0.169866,-0.044395,-0.141169,-0.002755,0.002847,0.001247
0,0.126817,0.226106,0.273369,0.126986,0.250442,0.106728,0.002213,0.003946
0,0.028693,0.208159,-0.104013,-0.002184,-0.125357,-0.027231,0.000501,0.003633
0,-0.079055,0.17196,-0.116853,-0.065567,-0.156026,-0.106066,0.00138,0.003001
0,-0.110504,0.110719,-0.010736,-0.087018,-0.032809,-0.062873,0.001929,0.001932
0,-0.023078,0.199493,0.104204,0.105654,0.083809,0.122576,0.000403,0.003482
0,0.133259,0.133564,0.139149,-0.036273,0.103711,-0.084994,0.002326,0.002331
0,-0.066165,-0.047881,-0.214058,-0.173521,-0.209955,-0.221418,0.001155,0.000836
0,-0.070519,0.167823,-0.024369,0.199423,0.013424,0.17122,0.001231,0.002929
0,0.021947,0.169586,0.113356,0.016887,0.107075,-0.02737,0.000383,0.00296
0,-0.23394,-0.09501,-0.250738,-0.242472,-0.282259,-0.255052,0.004083,0.001658
0,0.018175,0.170265,0.254457,0.288041,0.207746,0.238691,0.000317,0.002972
0,0.040853,0.162383,0.000559,-0.032374,0.030642,-0.046932,0.000713,0.002834
0,-0.064813,0.017815,-0.115688,-0.171957,-0.090282,-0.203086,0.001131,0.000311
0,-0.141363,-0.11872,-0.051947,-0.126074,-0.080553,-0.15673,0.002467,0.002072
0,0.03532,0.083291,0.175499,0.220035,0.148716,0.251032,0.000616,0.001454
0,-0.031738,0.145715,-0.075442,0.042135,-0.038041,0.037133,0.000554,0.002543
0,0.082051,0.157487,0.086894,0.001705,0.110415,-0.026589,0.001432,0.002749
0,-0.12699,-0.118643,-0.207244,-0.275688,-0.223795,-0.292079,0.002216,0.002071
0,0.036794,0.067007,0.177914,0.199329,0.216773,0.228636,0.000642,0.001169
0,0.10062,0.153307,0.035857,0.065767,0.018516,0.115602,0.001756,0.002676
0,-0.059981,0.1275,-0.156096,-0.006138,-0.155809,-0.025056,0.001047,0.002225
0,0.070031,0.137232,0.106193,0.025527,0.114335,0.025146,0.001222,0.002395
0,0.074383,0.155314,0.027316,0.026321,0.065546,0.041067,0.001298,0.002711
0,0.068941,-0.012631,-0.010221,-0.179354,-0.025528,-0.149397,0.001203,0.00022
0,-0.094583,0.14291,-0.152149,0.127931,-0.135127,0.130616,0.001651,0.002494
0,-0.011177,0.086452,0.069253,-0.058824,0.065458,-0.084528,0.000195,0.001509
0,0.16734,-0.00869,0.151355,-0.111385,0.119091,-0.142059,0.002921,0.000152
0,0.033468,0.157401,-0.112718,0.154281,-0.132493,0.152883,0.000584,0.002747
0,-0.085308,-0.11564,-0.126319,-0.299355,-0.127371,-0.301996,0.001489,0.002018
0,-0.012381,0.109737,0.091525,0.239987,0.084803,0.204161,0.000216,0.001915
0,-0.056814,0.064467,-0.068124,-0.016439,-0.051811,-0.040566,0.000992,0.001125
0,-0.092036,0.130051,-0.020485,0.040218,0.025263,0.018418,0.001606,0.00227
0,-0.053174,0.18885,0.016006,0.072044,0.041046,0.052183,0.000928,0.003296
0,-0.095929,-0.012049,-0.055345,-0.182775,-0.037738,-0.198035,0.001674,0.00021
0,-0.0614,-0.014653,0.013118,-0.027835,0.050945,0.009242,0.001072,0.000256
0,-0.027327,0.051876,0.063924,0.091732,0.084932,0.139636,0.000477,0.000905
0,0.059206,0.087406,0.064464,0.035166,0.086763,0.022399,0.001033,0.001526
0,0.077253,-0.090174,-0.010015,-0.178801,0.006657,-0.200835,0.001348,0.001574
0,-0.081106,-0.008881,-0.187788,0.111055,-0.141168,0.079864,0.001416,0.000155
0,-0.005373,0.166996,0.073231,0.186324,0.096228,0.222914,9.4e-05,0.002915
0,-0.031204,-0.02091,-0.00132,-0.184611,-0.009726,-0.230377,0.000545,0.000365
0,0.10699,-0.093027,0.132177,-0.052426,0.10551,-0.07396,0.001867,0.001624
0,0.22442,0.104383,0.139177,0.200995,0.110732,0.209033,0.003917,0.001822
0,0.165256,0.067548,-0.062692,-0.027711,-0.031673,-0.04674,0.002884,0.001179
0,0.265695,0.09378,0.081753,0.035032,0.07198,-0.005027,0.004637,0.001637
0,0.198492,-0.071765,-0.047345,-0.171739,-0.020265,-0.153443,0.003464,0.001253
0,0.027951,0.140512,-0.183676,0.240041,-0.216547,0.276206,0.000488,0.002452
0,0.274905,0.087513,0.219264,-0.023533,0.246201,-0.066555,0.004798,0.001527
0,0.208509,0.088492,-0.071335,0.025242,-0.034319,-0.019114,0.003639,0.001544
0,0.293509,0.065687,0.076774,0.005634,0.105246,-0.010985,0.005123,0.001146
0,0.155536,-0.074856,-0.11621,-0.146993,-0.068183,-0.151412,0.002715,0.001306
0,0.268826,0.063754,0.10897,0.118263,0.07847,0.080877,0.004692,0.001113
0,0.209095,-0.03092,-0.087443,-0.095031,-0.038877,-0.072197,0.003649,0.00054
0,0.064341,0.079373,-0.162965,0.135261,-0.168805,0.182323,0.001123,0.001385
0,0.09489,-0.011491,0.049429,-0.112333,0.090608,-0.075107,0.001656,0.000201
0,0.046323,0.086593,-0.032516,0.094933,-0.000938,0.060733,0.000808,0.001511
0,0.116743,-0.04408,0.076327,-0.102215,0.072317,-0.067569,0.002038,0.000769
0,0.108227,0.165318,-0.023039,0.206964,-0.003538,0.233899,0.001889,0.002885
0,-0.068462,0.152853,-0.152935,-0.033092,-0.142874,-0.028224,0.001195,0.002668
0,0.016286,0.117086,0.092181,-0.012065,0.139416,0.015414,0.000284,0.002044
0,0.085356,0.049753,0.097481,-0.092972,0.090387,-0.135754,0.00149,0.000868
0,0.012857,0.079934,-0.054069,0.038551,-0.043977,0.018239,0.000224,0.001395
0,-0.077774,0.048134,-0.115781,-0.03655,-0.08207,-0.016868,0.001357,0.00084
0,-0.062327,0.179906,-0.002037,0.157847,0.028816,0.140159,0.001088,0.00314
0,-0.084331,0.083014,-0.039394,-0.125321,-0.085703,-0.142797,0.001472,0.001449
0,-0.056783,-0.077154,0.0387,-0.169309,0.046397,-0.183901,0.000991,0.001347
0,0.159296,0.075904,0.245493,0.163978,0.264437,0.165388,0.00278,0.001325
0,0.171466,0.120704,0.008516,0.039428,-0.020832,0.078218,0.002993,0.002107
0,-0.076242,0.0315,-0.249047,-0.11354,-0.204258,-0.141207,0.001331,0.00055
0,0.055027,-0.009103,0.158169,-0.026619,0.198561,-0.011184,0.00096,0.000159
0,-0.04997,0.085165,-0.086712,0.075389,-0.064497,0.117269,0.000872,0.001486
0,0.097045,0.084987,0.135565,-0.015741,0.169541,0.030359,0.001694,0.001483
0,-0.086963,0.071688,-0.174583,-0.019084,-0.141094,0.001031,0.001518,0.001251
0,-0.061742,0.099334,0.053316,0.038517,0.062595,0.048514,0.001078,0.001734
0,-0.150711,0.034923,-0.096479,-0.054665,-0.052607,-0.03192,0.00263,0.00061
0,-0.023708,0.086797,0.120093,0.066122,0.101678,0.094619,0.000414,0.001515
0,0.0886,-0.078409,0.111227,-0.16442,0.15231,-0.147851,0.001546,0.001368
0,-0.185494,-0.074162,-0.266082,0.003731,-0.306675,-0.007718,0.003237,0.001294
0,-0.121712,-0.017997,0.05312,0.033463,0.02229,0.082893,0.002124,0.000314
0,-0.003381,-0.005087,0.115544,-0.000221,0.120596,-0.037143,5.9e-05,8.9e-05
0,0.023793,-0.135141,0.039563,-0.1383,0.041222,-0.089084,0.000415,0.002359
0,0.017014,0.053677,0.012446,0.1919,0.022374,0.226073,0.000297,0.000937
0,0.116965,-0.161158,0.08321,-0.191055,0.131484,-0.17102,0.002041,0.002813
0,0.063307,-0.039573,-0.070238,0.113185,-0.044343,0.080966,0.001105,0.000691
0,-0.033093,-0.079075,-0.080252,-0.011037,-0.110988,-0.038695,0.000578,0.00138
0,0.113337,0.066407,0.137797,0.167299,0.096126,0.217005,0.001978,0.001159
0,0.181962,0.024844,0.048149,-0.059757,0.012224,-0.022571,0.003176,0.000434
0,0.020227,-0.053378,-0.17048,-0.066936,-0.192594,-0.024631,0.000353,0.000932
0,0.105944,0.104721,0.081092,0.130754,0.077148,0.08863,0.001849,0.001828
0,-0.008992,0.09157,-0.095408,-0.002183,-0.136365,-0.039932,0.000157,0.001598
0,-0.064621,-0.107394,-0.07695,-0.190348,-0.047203,-0.239225,0.001128,0.001874
0,-0.097863,-0.020781,-0.036522,0.087038,-0.065059,0.106533,0.001708,0.000363
0,0.085609,-0.015738,0.210481,-0.010703,0.224003,-0.041172,0.001494,0.000275
0,0.200472,-0.025481,0.101348,-0.004371,0.100879,-0.017184,0.003499,0.000445
0,0.135683,0.050239,-0.080937,0.09621,-0.085527,0.072075,0.002368,0.000877
0,-0.042252,0.022793,-0.162061,-0.041507,-0.177748,-0.040051,0.000737,0.000398
0,-0.026236,0.120552,-0.001328,0.10977,-0.037876,0.104812,0.000458,0.002104
0,-0.034478,-0.050357,-0.035783,-0.149231,-0.071558,-0.143296,0.000602,0.000879
0,0.092887,-0.050151,0.146304,-0.001485,0.118085,-0.013834,0.001621,0.000875
0,0.021201,0.138955,-0.08412,0.173707,-0.063409,0.153358,0.00037,0.002425
0,-0.092076,0.02949,-0.109901,-0.112829,-0.091546,-0.110125,0.001607,0.000515
0,-0.132365,0.112265,-0.016049,0.099711,-0.052603,0.063471,0.00231,0.001959
0,0.098526,-7.8e-05,0.2336,-0.115639,0.215507,-0.165638,0.00172,1e-06
0,-0.140247,-0.008568,-0.23805,-0.011217,-0.263081,0.000148,0.002448,0.00015
0,-0.00782,-0.005326,0.119921,-0.018256,0.153936,-0.036524,0.000136,9.3e-05
0,-0.088961,-0.059916,-0.082372,-0.061406,-0.104817,-0.01707,0.001553,0.001046
0,-0.105047,0.041387,0.004744,0.100933,-0.038321,0.075832,0.001833,0.000722
0,-0.017843,-0.126865,0.076765,-0.163258,0.098329,-0.141303,0.000311,0.002214
0,-0.127455,-0.136313,-0.129629,0.008218,-0.104919,0.047722,0.002225,0.002379
0,-0.200996,-0.154752,-0.087102,-0.008659,-0.106024,0.021348,0.003508,0.002701
0,0.026177,-0.047449,0.241911,0.102592,0.281089,0.075239,0.000457,0.000828
0,0.021266,-0.052386,-0.031473,0.001847,-0.070212,-0.039211,0.000371,0.000914
0,0.036149,-0.145382,-0.00828,-0.070003,0.006104,-0.057373,0.000631,0.002537
0,0.047712,0.021064,0.010129,0.152705,0.029458,0.119844,0.000833,0.000368
0,0.810274,0.04274,0.785651,-0.004793,0.828246,-0.012959,0.00239,0.000746
0,1.712379,-0.042393,0.929582,-0.072242,0.955938,-0.049549,0.005368,0.00074
0,2.114347,-0.077436,0.425967,-0.044038,0.400924,-0.053653,0.001647,0.001352
0,2.705793,0.157667,0.602576,0.242614,0.648984,0.280138,0.000218,0.002752
0,2.898523,0.110773,0.198095,-0.033575,0.175179,-0.082972,0.003582,0.001933
0,2.155529,0.109139,-0.734583,-0.024766,-0.762866,-0.063413,0.002366,0.001905
0,2.104496,0.012464,-0.065119,-0.074514,-0.092616,-0.108133,0.001475,0.000218
0,1.467494,0.166715,-0.635158,0.148695,-0.626293,0.165824,0.002109,0.00291
0,1.045858,0.158254,-0.412123,0.008199,-0.435671,-0.027369,0.00525,0.002762
0,0.602147,0.085314,-0.459477,-0.043217,-0.474721,-0.068066,0.001242,0.001489
0,0.314308,0.019157,-0.267548,-0.057727,-0.285964,-0.010128,0.005486,0.000334
0,0.010932,0.092312,-0.287475,0.065401,-0.293783,0.100427,0.000191,0.001611
0,-0.157867,0.081818,-0.180505,0.002112,-0.215098,-0.024695,0.002755,0.001428
0,-0.305547,0.098792,-0.124617,-0.002074,-0.159975,-0.039757,0.005333,0.001724
0,-0.326163,0.021889,-0.011352,-0.099394,-0.049892,-0.049437,0.005693,0.000382
0,-0.468447,0.070843,-0.114247,0.050628,-0.163398,0.071774,0.003576,0.001236
0,-0.302333,0.033322,0.17324,-0.019165,0.202101,0.02396,0.005277,0.000582
0,-0.361314,0.116042,-0.058104,0.054342,-0.025832,0.072813,0.005446,0.002025
0,-0.261173,0.025885,0.092306,-0.094232,0.058746,-0.091177,0.004558,0.000452
0,-0.038835,0.140239,0.221374,0.085621,0.258762,0.113858,0.000678,0.002448
0,-0.149177,0.143499,-0.08173,-0.014929,-0.1273,0.017036,0.002604,0.002505
0,0.057259,0.081231,0.232651,-0.033712,0.211635,-0.039238,0.000999,0.001418
0,-0.052346,0.16237,-0.119898,0.107179,-0.146967,0.14169,0.000914,0.002834
0,-0.012043,0.030975,0.045169,-0.136366,0.069009,-0.180065,0.00021,0.000541
0,-0.006188,0.088618,0.019722,0.028397,-0.018532,0.027537,0.000108,0.001547
0,-0.075909,0.22344,-0.055342,0.140517,-0.105218,0.150102,0.001325,0.0039
0,0.072613,0.211705,0.155319,-0.025926,0.151508,0.020413,0.001267,0.003695
0,-0.101527,-0.007931,-0.197502,-0.233097,-0.157908,-0.240101,0.001772,0.000138
0,-0.140991,0.035131,-0.068718,0.061351,-0.047531,0.017827,0.002461,0.000613
0,0.060236,0.076187,0.213518,0.0689,0.179512,0.021247,0.001051,0.00133
0,-4.199895,0.52347,-4.24238,0.441508,-4.217009,0.412131,0.002792,0.002615
0,-4.392403,0.472289,-0.206905,-0.055088,-0.246006,-0.077532,0.0056,0.003509
0,-5.936589,0.418779,-1.534159,-0.039331,-1.517647,-0.012377,0.002152,0.004443
0,-5.615193,0.448335,0.342997,0.002949,0.392298,0.05233,0.00399,0.003927
0,-4.144352,0.309045,1.496606,-0.112124,1.477324,-0.105386,0.001822,0.005394
0,-3.261143,0.240962,0.868613,-0.070261,0.887733,-0.059189,0.001841,0.004206
0,-2.124767,0.099171,1.110526,-0.137149,1.087602,-0.18149,0.001829,0.001731
0,-1.604034,0.26499,0.532883,0.153212,0.582153,0.153018,0.004492,0.004625
0,-0.958979,0.196907,0.649871,-0.084283,0.62299,-0.053308,0.004986,0.003437
0,-0.227364,0.032305,0.76043,-0.144624,0.71798,-0.164056,0.003968,0.000564
0,-0.059092,0.249127,0.169387,0.234745,0.189785,0.238911,0.001031,0.004348
0,0.176108,0.215887,0.231705,-0.032869,0.245263,-0.015982,0.003074,0.003768
0,0.304167,0.037181,0.150866,-0.166688,0.166293,-0.186321,0.005309,0.000649
0,0.306174,0.151081,0.003736,0.107051,0.020943,0.108679,0.005344,0.002637
0,0.302339,0.181148,-0.026264,0.013555,-0.067917,-0.001014,0.005277,0.003162
0,0.239531,0.138206,-0.086542,-0.040309,-0.111522,-0.002166,0.004181,0.002412
0,0.379392,0.032382,0.114091,-0.088927,0.120612,-0.119847,0.00513,0.000565
0,0.373377,-0.033065,-0.03271,-0.087233,-0.031807,-0.086179,0.005235,0.000577
0,0.394638,0.202576,0.040707,0.238278,0.081919,0.241775,0.004864,0.003536
0,0.233212,0.143147,-0.146922,-0.069004,-0.15185,-0.089198,0.00407,0.002498
0,0.052079,0.020254,-0.204316,-0.132008,-0.189882,-0.111308,0.000909,0.000354
0,0.055171,0.13308,-0.024825,0.100128,-0.043477,0.065912,0.000963,0.002323
0,-0.003501,0.182273,-0.052052,0.041097,-0.027007,0.019692,6.1e-05,0.003181
0,0.024206,0.175853,0.006952,0.020304,0.010606,0.059809,0.000422,0.003069
0,-0.116942,0.0197,-0.156008,-0.167976,-0.20172,-0.182507,0.002041,0.000344
0,0.065505,0.0625,0.153548,0.055089,0.183202,0.012361,0.001143,0.001091
0,-0.061347,0.082175,-0.134508,0.022974,-0.166282,0.048146,0.001071,0.001434
0,0.040731,0.249501,0.102063,0.167355,0.150081,0.169712,0.000711,0.004355
0,0.092255,0.245243,0.047982,-0.03248,0.061,-0.022913,0.00161,0.00428
0,-0.010952,0.130951,-0.122853,-0.128683,-0.165846,-0.172855,0.000191,0.002286
0,0.013845,0.009601,0.03727,-0.103488,0.001634,-0.138442,0.000242,0.000168
0,-0.14302,0.106277,-0.158884,0.071893,-0.131807,0.119419,0.002496,0.001855
0,-0.069059,0.200995,0.088269,0.103242,0.047574,0.091432,0.001205,0.003508
0,-0.077844,-0.058821,-0.016662,-0.233604,0.002927,-0.283053,0.001359,0.001027
0,-0.002422,0.182961,0.061007,0.243818,0.06355,0.201741,4.2e-05,0.003193
0,-0.172386,0.042699,-0.194218,-0.129899,-0.160419,-0.108922,0.003009,0.000745
0,0.053183,-0.004205,0.231719,-0.065443,0.25571,-0.02787,0.000928,7.3e-05
0,-0.14219,0.134063,-0.203415,0.126152,-0.221625,0.134496,0.002482,0.00234
0,-0.154788,-0.024522,-0.029404,-0.148935,0.004531,-0.187092,0.002702,0.000428
0,0.025521,0.141273,0.181892,0.1658,0.134833,0.11756,0.000445,0.002466
0,0.028859,-0.032331,-0.01893,-0.18548,-0.047989,-0.137343,0.000504,0.000564
0,-0.009861,0.051301,-0.027491,0.08936,-0.066494,0.088565,0.000172,0.000895
0,-0.059964,-0.09102,-0.062558,-0.147292,-0.109272,-0.164656,0.001047,0.001589
0,-0.140687,-0.144214,-0.094158,-0.025642,-0.1127,-0.014752,0.002455,0.002517
0,-0.099042,0.006076,0.026647,0.121326,0.005689,0.170225,0.001729,0.000106
0,-0.19912,0.032998,-0.128951,0.038252,-0.119624,0.059687,0.003475,0.000576
0,0.074053,0.134996,0.265489,0.127977,0.226923,0.120357,0.001292,0.002356
0,-0.056666,0.107936,-0.138333,-0.026454,-0.134156,-0.028461,0.000989,0.001884
0,-0.024939,-0.131234,0.045501,-0.248983,0.059799,-0.283363,0.000435,0.00229
0,0.042369,-0.045264,0.093771,0.07658,0.093907,0.030461,0.000739,0.00079
0,-0.183514,0.138301,-0.200869,0.175775,-0.214003,0.180636,0.003203,0.002414
0,0.002992,-0.110976,0.188275,-0.274304,0.183669,-0.290653,5.2e-05,0.001937
0,-0.102244,-0.051453,-0.094397,0.038774,-0.123042,0.013367,0.001784,0.000898
0,-0.141624,-0.040876,-0.022596,-0.014073,-0.032985,-0.012859,0.002472,0.000713
0,0.076403,-0.129911,0.233566,-0.062891,0.196782,-0.059652,0.001333,0.002267
0,0.046885,-0.095746,-0.022746,0.062321,0.018497,0.090596,0.000818,0.001671
0,0.205291,0.021207,0.186909,0.128684,0.198329,0.085952,0.003583,0.00037
0,-0.040377,-0.013825,-0.245631,-0.01354,-0.216231,-0.005378,0.000705,0.000241
0,0.037867,-0.047797,0.073816,-0.017424,0.024911,-0.00304,0.000661,0.000834
0,0.007582,-0.116992,-0.033677,-0.060451,-0.055369,-0.016941,0.000132,0.002042
0,0.102724,-0.139087,0.08692,-0.046012,0.076685,-0.028283,0.001793,0.002428
0,-0.013231,0.03929,-0.127757,0.161745,-0.112996,0.127718,0.000231,0.000686
0,0.176118,-0.111053,0.178011,-0.141516,0.139304,-0.161196,0.003074,0.001938
0,0.161131,0.123687,-0.027209,0.222213,0.01292,0.205985,0.002812,0.002159
0,0.257451,0.146031,0.085397,0.03359,0.060645,0.055201,0.004493,0.002549
0,0.044119,0.13095,-0.236375,0.01176,-0.250186,0.013096,0.00077,0.002286
0,-0.086376,0.001767,-0.103264,-0.108703,-0.074037,-0.102359,0.001508,3.1e-05
0,0.161745,-0.058996,0.265545,-0.033488,0.261726,-0.015096,0.002823,0.00103
0,0.074253,-0.095294,-0.097573,-0.047897,-0.069223,-0.095644,0.001296,0.001663
0,0.075503,0.130313,0.008838,0.221704,0.055232,0.192817,0.001318,0.002274
0,-0.17045,-0.138379,-0.263703,-0.295898,-0.294726,-0.283384,0.002975,0.002415
0,-0.168916,0.110203,0.03049,0.259668,0.033875,0.303067,0.002948,0.001923
0,0.011227,0.038997,0.155545,-0.098077,0.147736,-0.050336,0.000196,0.000681
0,0.129145,-0.046394,0.137502,-0.111239,0.124072,-0.085039,0.002254,0.00081
0,0.143003,-0.053031,-0.012376,-0.033077,0.02588,0.013999,0.002496,0.000926
0,-0.062677,0.103325,-0.23087,0.176561,-0.239725,0.139896,0.001094,0.001803
0,0.040352,0.012939,0.086867,-0.069972,0.052249,-0.076564,0.000704,0.000226
0,-0.058742,0.16348,-0.12391,0.13295,-0.151886,0.103389,0.001025,0.002853
0,0.129087,0.147379,0.186162,-0.041821,0.230197,-0.014147,0.002253,0.002572
0,0.021583,0.000483,-0.135172,-0.140524,-0.085892,-0.103758,0.000377,8e-06
0,0.056986,0.028243,0.041422,0.046975,0.072638,0.095109,0.000995,0.000493
0,0.113749,-0.040568,0.032019,-0.086439,-0.013688,-0.041088,0.001985,0.000708
0,0.149556,-0.02984,0.013902,0.002678,0.049922,-0.018193,0.00261,0.000521
0,0.092945,-0.075646,-0.028485,-0.067792,-0.004749,-0.071136,0.001622,0.00132
0,0.180442,-0.021711,0.084992,0.063795,0.073338,0.032137,0.003149,0.000379
0,0.149947,0.125075,-0.056166,0.133511,-0.021699,0.172407,0.002617,0.002183
0,0.03425,0.187008,-0.121423,0.039845,-0.072064,0.038161,0.000598,0.003264
0,-0.060856,0.009547,-0.123298,-0.177224,-0.157621,-0.189782,0.001062,0.000167
0,-0.010316,0.067923,0.054115,0.032123,0.030547,0.065532,0.00018,0.001185
0,-0.16046,0.120885,-0.165577,0.033012,-0.208317,0.036257,0.002801,0.00211
0,-0.207249,0.186,-0.019631,0.056193,0.006124,0.017144,0.003617,0.003246
0,-0.054317,0.122257,0.172406,-0.03564,0.187935,-0.015319,0.000948,0.002134
0,0.065352,-0.078676,0.118872,-0.220936,0.101174,-0.184331,0.001141,0.001373
0,-0.052438,0.053771,-0.108917,0.12146,-0.150269,0.105133,0.000915,0.000938
0,-0.053719,-0.067857,0.006873,-0.122817,0.002141,-0.133368,0.000938,0.001184
0,-0.100036,-0.039186,-0.020172,0.021344,-0.022127,-0.005452,0.001746,0.000684
0,0.082308,0.097111,0.204096,0.13528,0.224578,0.166176,0.001437,0.001695
0,-0.024003,0.099158,-0.120865,-0.0209,-0.142208,0.009705,0.000419,0.001731
0,-0.022251,-0.067658,0.011025,-0.147216,0.016203,-0.182001,0.000388,0.001181
0,-0.01135,0.08984,0.014066,0.17709,0.003552,0.217566,0.000198,0.001568
0,-0.145581,-0.063784,-0.10672,-0.135156,-0.150296,-0.121283,0.002541,0.001113
0,-0.160522,0.014352,-0.006249,0.072722,-0.043809,0.044516,0.002802,0.00025
0,0.104134,-0.033412,0.236801,-0.034332,0.281658,-0.079055,0.001817,0.000583
0,-0.005606,0.064846,-0.111668,0.115732,-0.077831,0.082876,9.8e-05,0.001132
0,0.006053,-0.018843,0.000569,-0.074931,0.009781,-0.072323,0.000106,0.000329
0,-0.083317,0.163061,-0.061024,0.187741,-0.100264,0.181355,0.001454,0.002846
0,-0.01581,0.086888,0.071451,-0.105943,0.097033,-0.080974,0.000276,0.001516
0,-0.046544,0.084901,-0.039858,-0.027877,-0.072613,-0.0592,0.000812,0.001482
0,0.086306,-0.08106,0.152632,-0.186548,0.157128,-0.159794,0.001506,0.001415
0,1.225449,1.608461,1.167566,1.659778,1.204807,1.612182,0.002115,0.00457
0,1.713443,1.558792,0.502392,-0.065067,0.518155,-0.034723,0.00535,0.003703
0,1.825496,1.465673,0.120908,-0.115145,0.092234,-0.161324,0.003394,0.002077
0,2.106227,1.850828,0.293413,0.395237,0.331097,0.353127,0.001506,0.002952
0,1.969021,1.484506,-0.127664,-0.354552,-0.141312,-0.349827,0.000889,0.002406
0,1.631907,1.175553,-0.32457,-0.304783,-0.356443,-0.290457,0.004979,0.002986
0,1.494523,1.124524,-0.123395,-0.056423,-0.085217,-0.074727,0.002581,0.003877
0,1.268801,0.868129,-0.217655,-0.281392,-0.211889,-0.324613,0.001359,0.0034
0,0.596063,0.542373,-0.663911,-0.332939,-0.642134,-0.318231,0.001348,0.002286
0,0.29967,0.1047,-0.270791,-0.439445,-0.303731,-0.441423,0.00523,0.001827
0,0.016024,-0.045983,-0.283713,-0.160045,-0.258464,-0.145466,0.00028,0.000803
0,0.164036,0.087044,0.118357,0.140674,0.075042,0.113971,0.002863,0.001519
0,-0.148775,-0.170682,-0.320649,-0.273585,-0.367637,-0.25343,0.002597,0.002979
0,-0.181564,-0.139472,-0.03874,0.061128,-0.004691,0.098031,0.003169,0.002434
0,-0.171493,-0.247947,0.015298,-0.106716,0.005929,-0.127511,0.002993,0.004327
0,-0.241963,-0.153578,-0.06767,0.072772,-0.051886,0.055118,0.004223,0.00268
0,-0.29639,-0.166266,-0.063053,-0.00336,-0.10332,0.037075,0.005173,0.002902
0,-0.282849,-0.082314,0.011536,0.076365,0.014949,0.041555,0.004937,0.001437
0,-0.368292,-0.178604,-0.061874,-0.0896,-0.111473,-0.124206,0.005324,0.003117
0,-0.025119,-0.073829,0.35877,0.097687,0.355251,0.139086,0.000438,0.001289
0,0.014335,-0.193678,0.009971,-0.139972,0.047908,-0.171844,0.00025,0.00338
0,-0.219457,-0.049573,-0.219408,0.161705,-0.216146,0.191917,0.00383,0.000865
0,0.023515,-0.236802,0.218037,-0.157578,0.170442,-0.198816,0.00041,0.004133
0,-0.127858,-0.131138,-0.174686,0.12481,-0.203911,0.155557,0.002232,0.002289
0,-0.161453,-0.034599,-0.060305,0.080843,-0.068065,0.09117,0.002818,0.000604
0,-0.14774,-0.30839,-0.002183,-0.246042,-0.015369,-0.265064,0.002579,0.005382
0,-0.069868,-0.11983,0.06774,0.183327,0.064344,0.153349,0.001219,0.002091
0,0.050261,-0.24735,0.147959,-0.138288,0.158159,-0.139275,0.000877,0.004317
0,-0.173371,-0.270547,-0.250985,-0.035069,-0.256126,-0.017966,0.003026,0.004722
0,-0.08333,-0.245387,0.108949,0.030497,0.059181,0.029721,0.001454,0.004283
0,-0.006395,-0.149944,0.100098,0.06689,0.118281,0.059165,0.000112,0.002617
0,0.063371,-0.085967,0.048784,0.080551,0.0985,0.061935,0.001106,0.0015
0,-0.061938,-0.143905,-0.141828,-0.047569,-0.155377,0.001423,0.001081,0.002512
0,0.065217,-0.163929,0.133418,-0.04977,0.145356,-0.073579,0.001138,0.002861
0,-0.111337,-0.052239,-0.147631,0.139103,-0.157736,0.157394,0.001943,0.000912
0,-0.158088,-0.09055,-0.031543,-0.025539,-0.037476,0.017953,0.002759,0.00158
0,-0.185011,-0.223282,-0.039247,-0.109073,-0.0581,-0.123908,0.003229,0.003897
0,-0.179488,-0.328867,0.028064,-0.10367,-0.008435,-0.123114,0.003133,0.00574
0,-0.08707,-0.233611,0.071024,0.079395,0.021195,0.091264,0.00152,0.004077
0,-0.037856,-0.151794,0.062773,0.098566,0.081867,0.103669,0.000661,0.002649
0,-0.027125,-0.355132,0.038636,-0.177052,0.035945,-0.13185,0.000473,0.005553
0,-0.199957,-0.309395,-0.148695,0.04235,-0.156636,0.041855,0.00349,0.0054
0,-0.087527,-0.211912,0.141787,0.109621,0.166576,0.133721,0.001528,0.003699
0,-0.149498,-0.156829,-0.079697,0.040909,-0.053889,0.082274,0.002609,0.002737
0,-0.135437,-0.108093,0.009971,0.051535,-0.007059,0.059195,0.002364,0.001887
0,-0.176867,-0.303193,-0.021167,-0.204312,0.001253,-0.173123,0.003087,0.005292
0,-0.065568,-0.017668,0.122124,0.313645,0.084527,0.327931,0.001144,0.000308
0,-0.186139,-0.016798,-0.121293,0.012056,-0.095602,-0.031789,0.003249,0.000293
0,-0.184107,-0.037163,0.014749,-0.045699,0.003556,-0.064533,0.003213,0.000649
0,-0.157003,-0.196545,0.026498,-0.144684,0.031622,-0.098232,0.00274,0.00343
0,-0.191163,-0.14721,-0.041982,0.067469,-0.08092,0.106612,0.003336,0.002569
0,-0.043239,-0.090003,0.131832,0.066152,0.166484,0.086931,0.000755,0.001571
0,-0.114963,-0.126562,-0.066609,-0.036025,-0.043134,-0.015726,0.002006,0.002209
0,-0.077405,0.063162,0.052725,0.211999,0.01029,0.210494,0.001351,0.001102
0,-0.042323,-0.003894,0.058296,-0.078311,0.058401,-0.093001,0.000739,6.8e-05
0,0.091791,0.106557,0.155372,0.08974,0.19784,0.10695,0.001602,0.00186
0,-0.087666,0.119937,-0.179328,-0.011649,-0.148185,0.015843,0.00153,0.002093
0,0.104189,0.055991,0.182891,-0.092223,0.13883,-0.07202,0.001818,0.000977
0,0.087004,0.10215,-0.029948,0.030233,-0.032223,0.038347,0.001518,0.001783
0,0.039592,-0.147644,-0.020951,-0.268801,-0.059207,-0.249778,0.000691,0.002577
0,0.044141,-0.050337,0.03082,0.10501,0.03967,0.099027,0.00077,0.000879
0,0.13845,-0.026604,0.096764,0.001328,0.047153,-0.030697,0.002416,0.000464
0,-0.054153,0.139412,-0.167432,0.14509,-0.144328,0.160698,0.000945,0.002433
0,0.163384,0.121396,0.2384,-0.013491,0.281181,-0.040148,0.002852,0.002119
0,-0.001718,-0.003265,-0.15115,-0.112701,-0.109653,-0.129268,3e-05,5.7e-05
0,0.03118,0.106307,0.006561,0.138862,0.051519,0.164155,0.000544,0.001855
0,0.084434,-0.090159,0.064261,-0.187643,0.073404,-0.235458,0.001474,0.001574
0,-0.044286,-0.001304,-0.141534,0.074018,-0.19113,0.024333,0.000773,2.3e-05
0,0.106612,-0.014802,0.135734,-0.012954,0.136385,-0.052925,0.001861,0.000258
0,0.117946,-0.02845,-0.001428,0.003009,-0.027423,0.027772,0.002059,0.000497
0,-0.122157,0.1293,-0.255996,0.128909,-0.299407,0.122775,0.002132,0.002257
0,0.021237,-0.033329,0.12167,-0.16504,0.112666,-0.167615,0.000371,0.000582
0,-0.005196,0.084826,-0.05137,0.099376,-0.091819,0.057769,9.1e-05,0.00148
0,-0.061725,-0.06402,-0.043501,-0.144438,-0.021055,-0.097934,0.001077,0.001117
0,-0.080195,-0.017781,-0.007698,0.036078,0.010609,0.006002,0.0014,0.00031
0,-0.05143,0.030431,0.031564,0.048407,0.068322,0.05384,0.000898,0.000531
0,0.086955,0.148136,0.110148,0.136484,0.141606,0.158121,0.001518,0.002585
0,0.016212,-0.145193,-0.042761,-0.309503,-0.043722,-0.324356,0.000283,0.002534
0,0.049468,0.068049,0.005337,0.191602,0.049087,0.227724,0.000863,0.001188
0,0.014065,0.047566,-0.065026,-0.038408,-0.029107,-0.082195,0.000245,0.00083
0,0.05133,0.076757,0.06186,0.016082,0.086319,0.007597,0.000896,0.00134
0,-0.098783,-0.112635,-0.169851,-0.168995,-0.191245,-0.196904,0.001724,0.001966
0,-0.878053,0.024652,-0.774245,0.159171,-0.776708,0.183609,0.003573,0.00043
0,-1.183192,0.265996,-0.304829,0.227375,-0.282675,0.196626,0.002853,0.004643
0,-1.345621,0.143605,-0.149363,-0.142915,-0.177572,-0.149222,1.8e-05,0.002506
0,-2.203341,0.399731,-0.862692,0.26639,-0.843893,0.30574,0.0032,0.004775
0,-2.234404,0.257519,-0.053282,-0.165098,-0.019679,-0.143609,0.003743,0.004495
0,-1.885401,0.314262,0.347147,0.036382,0.357527,-0.007908,0.002349,0.005485
0,-1.276862,0.174953,0.585851,-0.142169,0.621016,-0.129319,0.001218,0.003054
0,-1.108427,0.084031,0.148868,-0.113836,0.156466,-0.097412,0.004158,0.001467
0,-0.580615,0.047566,0.501223,-0.03639,0.487862,-0.068788,0.001618,0.00083
0,-0.294408,0.255346,0.288167,0.22987,0.308891,0.275053,0.005138,0.004457
0,-0.421876,0.154446,-0.12832,-0.122655,-0.177585,-0.112986,0.004389,0.002696
0,-0.291696,0.187716,0.142967,0.043042,0.144892,0.033856,0.005091,0.003276
0,-0.22058,0.164047,0.052204,-0.010679,0.060193,-0.034641,0.00385,0.002863
0,-0.297411,0.221764,-0.103919,0.075237,-0.147511,0.038352,0.005191,0.003871
0,-0.198814,-0.02648,0.08377,-0.261458,0.092738,-0.213317,0.00347,0.000462
0,-0.029677,0.095792,0.169363,0.106294,0.122558,0.078347,0.000518,0.001672
0,-0.258474,-0.059076,-0.217716,-0.171795,-0.264133,-0.146422,0.004511,0.001031
0,-0.16335,-0.022092,0.098624,0.057033,0.049193,0.074226,0.002851,0.000386
0,-0.145894,-0.014343,0.018589,0.030513,0.055144,0.000437,0.002546,0.00025
0,-0.176405,-0.023893,-0.042036,-0.019156,-0.037924,0.01667,0.003079,0.000417
0,-0.046517,0.144928,0.151921,0.194297,0.102513,0.181579,0.000812,0.002529
0,-0.032285,0.08502,-0.014073,-0.070335,0.011794,-0.049403,0.000563,0.001484
0,0.062161,-0.101003,0.079004,-0.186691,0.072151,-0.163463,0.001085,0.001763
0,-0.057406,0.085201,-0.117484,0.176512,-0.083101,0.196866,0.001002,0.001487
0,-0.185978,0.039305,-0.129363,-0.027004,-0.161321,-0.02981,0.003246,0.000686
0,-0.072275,0.136925,0.139722,0.125032,0.181443,0.107621,0.001261,0.00239
0,0.0611,0.081476,0.127868,-0.050908,0.123218,-0.073475,0.001066,0.001422
0,-0.179915,-0.002635,-0.218838,-0.061269,-0.216816,-0.083008,0.00314,4.6e-05
0,-0.217368,0.167785,-0.009843,0.180869,0.015767,0.220391,0.003794,0.002928
0,-0.097502,0.031536,0.136199,-0.124007,0.094677,-0.096205,0.001702,0.00055
0,0.030306,0.081084,0.118927,0.07336,0.073487,0.105786,0.000529,0.001415
0,0.044615,0.096896,0.035924,-0.01336,0.076236,-0.047943,0.000779,0.001691
0,-0.186969,-0.035111,-0.219673,-0.131569,-0.23353,-0.101566,0.003263,0.000613
0,-0.106462,-0.083544,0.064192,-0.026599,0.01837,0.001362,0.001858,0.001458
0,-0.096634,-0.126739,0.016388,-0.056876,-0.026987,-0.09813,0.001687,0.002212
0,-0.021702,-0.087221,0.084364,0.024508,0.12853,-0.006844,0.000379,0.001522
0,-0.117941,-0.11316,-0.06879,-0.018719,-0.020107,-0.004403,0.002058,0.001975
0,-0.0177,-0.160322,0.087557,-0.042965,0.091395,-0.087772,0.000309,0.002798
0,-0.192537,-0.018902,-0.187633,0.119874,-0.144567,0.161133,0.00336,0.00033
0,-0.026365,-0.056275,0.165269,-0.04674,0.215189,-0.082738,0.00046,0.000982
0,-0.001069,0.1348,0.043953,0.179721,0.054368,0.170143,1.9e-05,0.002353
0,-0.18675,-0.03738,-0.214088,-0.183688,-0.241878,-0.204239,0.003259,0.000652
0,-0.212896,-0.069714,-0.02679,-0.011301,-0.020809,0.015713,0.003716,0.001217
0,-0.013262,-0.089064,0.194468,0.005453,0.196308,-0.034223,0.000231,0.001554
0,-0.144848,-0.103658,-0.15258,-0.020855,-0.180312,-0.029534,0.002528,0.001809
0,-0.046877,0.107761,0.107753,0.184234,0.135554,0.216709,0.000818,0.001881
0,0.102019,0.05299,0.174319,-0.069692,0.191437,-0.087766,0.001781,0.000925
0,-0.053824,-0.166823,-0.165832,-0.217097,-0.130415,-0.223188,0.000939,0.002912
0,0.023649,0.082845,0.087699,0.250314,0.128903,0.266219,0.000413,0.001446
0,-0.143751,0.033793,-0.181336,-0.051606,-0.134379,-0.010165,0.002509,0.00059
0,-0.007043,-0.089132,0.108234,-0.110054,0.14147,-0.135849,0.000123,0.001556
0,0.009181,-0.021532,0.003257,0.05141,0.021881,0.092053,0.00016,0.000376
0,-0.16511,0.028164,-0.172088,0.01998,-0.143775,0.01764,0.002882,0.000492
0,-0.194192,-0.120525,-0.029233,-0.155431,0.018942,-0.192226,0.003389,0.002104
0,-0.092615,-0.055681,0.105241,0.069154,0.139659,0.093967,0.001616,0.000972
0,-0.0393,-0.006768,0.062028,0.029839,0.102938,0.02662,0.000686,0.000118
0,-0.110013,-0.028135,-0.076434,-0.032787,-0.043768,-0.018029,0.00192,0.000491
0,-0.081624,-0.025776,0.043448,-0.00116,0.069,0.0431,0.001425,0.00045
0,0.06772,-0.024301,0.125299,-0.00511,0.121619,0.032974,0.001182,0.000424
0,0.115472,0.086514,0.053133,0.13394,0.044201,0.162609,0.002015,0.00151
0,-0.006982,0.147318,-0.115265,0.09078,-0.117834,0.069864,0.000122,0.002571
0,-0.118266,0.119015,-0.106803,-0.029184,-0.081269,-0.016982,0.002064,0.002077
0,-2.247315,-0.800531,-2.132248,-0.891927,-2.092483,-0.8503,0.003968,0.00222
0,-2.414967,-2.486867,-0.188229,-1.715712,-0.1968,-1.665916,0.004858,0.003603
0,-3.883296,-2.571129,-1.450407,-0.109019,-1.457642,-0.143889,0.002734,0.002132
0,-4.196648,-2.389893,-0.340845,0.181706,-0.306758,0.22396,0.002735,0.005295
0,-3.447909,-1.872943,0.760551,0.525598,0.764815,0.518316,0.001419,0.002566
0,-3.116631,-1.381361,0.308886,0.507001,0.299978,0.528834,0.004363,0.000606
0,-2.118469,-0.63668,0.988217,0.756518,0.943552,0.783713,0.001719,0.00064
0,-0.955661,-0.346257,1.15064,0.316494,1.176375,0.298408,0.004928,0.005708
0,-0.539852,-0.112826,0.410996,0.208351,0.383034,0.256812,0.00233,0.001969
0,-0.184819,0.021438,0.33723,0.141076,0.357776,0.145535,0.003226,0.000374
0,-0.071839,0.055491,0.092194,0.062487,0.092368,0.104676,0.001254,0.000968
0,0.150686,0.329874,0.239104,0.275054,0.210383,0.246883,0.00263,0.005757
0,0.284851,0.463181,0.154391,0.124523,0.123094,0.086601,0.004972,0.003668
0,0.443245,0.277303,0.188338,-0.169326,0.144838,-0.199827,0.004016,0.00484
0,0.26863,0.247954,-0.193433,-0.035078,-0.222985,-0.060808,0.004688,0.004328
0,0.359451,0.438503,0.104309,0.16928,0.07023,0.126441,0.005478,0.004098
0,0.268145,0.236073,-0.105818,-0.182768,-0.122636,-0.173512,0.00468,0.00412
0,0.082515,0.130529,-0.187202,-0.122248,-0.191515,-0.098106,0.00144,0.002278
0,0.235216,0.098382,0.122813,-0.012185,0.145679,0.016747,0.004105,0.001717
0,-0.006055,0.007518,-0.215221,-0.067419,-0.198731,-0.039937,0.000106,0.000131
0,-0.031085,0.231709,-0.054091,0.244184,-0.058689,0.223182,0.000543,0.004044
0,0.181294,0.082833,0.183176,-0.127435,0.180094,-0.082253,0.003164,0.001446
0,0.115421,0.233617,-0.06257,0.171003,-0.0207,0.126947,0.002014,0.004077
0,0.082626,0.060661,-0.052651,-0.195226,-0.064785,-0.209418,0.001442,0.001059
0,-0.050003,0.099463,-0.135065,0.041793,-0.144352,-0.005631,0.000873,0.001736
0,-0.068502,0.024627,-0.0348,-0.078042,-0.027261,-0.054305,0.001196,0.00043
0,0.023322,0.15516,0.098313,0.134375,0.143642,0.085533,0.000407,0.002708
0,0.132418,0.198695,0.106316,0.047417,0.108259,0.017956,0.002311,0.003468
0,0.036824,0.193442,-0.103487,-0.017149,-0.087116,0.0028,0.000643,0.003376
0,-0.014663,0.15416,-0.046462,-0.054382,-0.082531,-0.086716,0.000256,0.002691
0,0.080588,-0.086775,0.08091,-0.253336,0.096103,-0.281542,0.001407,0.001515
0,0.036264,0.020133,-0.019712,0.122149,-0.02006,0.163198,0.000633,0.000351
0,0.200279,0.112542,0.146657,0.095145,0.189577,0.069737,0.003496,0.001964
0,-0.010273,-0.062098,-0.223663,-0.183022,-0.257455,-0.224131,0.000179,0.001084
0,0.166727,0.094157,0.1749,0.180476,0.190947,0.230281,0.00291,0.001643
0,0.107288,0.072207,-0.055978,-0.008916,-0.06238,0.002503,0.001873,0.00126
0,0.103023,0.083054,-0.02959,0.024822,-0.047093,0.030906,0.001798,0.00145
0,-0.03048,-0.112022,-0.126452,-0.200944,-0.147812,-0.15605,0.000532,0.001955
0,0.227981,0.002205,0.256622,0.126877,0.258598,0.093825,0.003979,3.8e-05
0,0.099256,0.092608,-0.128751,0.077945,-0.175961,0.080133,0.001732,0.001616
0,0.013837,0.198973,-0.059958,0.119964,-0.043736,0.109003,0.000241,0.003473
0,0.042652,0.118193,0.021021,-0.053934,0.046177,-0.10017,0.000744,0.002063
0,-0.128357,0.003336,-0.188731,-0.139644,-0.162737,-0.161057,0.00224,5.8e-05
0,-0.097594,0.153063,0.047124,0.144907,0.002576,0.113426,0.001703,0.002671
0,-0.030863,0.00964,0.04397,-0.169938,0.078979,-0.206118,0.000539,0.000168
0,0.022647,-0.037928,0.045686,-0.037453,0.021946,-0.004101,0.000395,0.000662
0,-0.03778,0.157822,-0.0876,0.220822,-0.049634,0.188728,0.000659,0.002755
0,0.115785,-0.077967,0.127237,-0.264213,0.127017,-0.241912,0.002021,0.001361
0,0.037031,-0.021124,-0.057733,0.033132,-0.059643,0.041951,0.000646,0.000369
0,-0.132623,-0.043796,-0.164117,-0.037682,-0.161107,0.010147,0.002315,0.000764
0,-0.185689,0.064888,-0.038759,0.116811,-0.030066,0.111283,0.003241,0.001133
0,0.027483,0.094672,0.186181,0.034807,0.197166,0.066972,0.00048,0.001652
0,0.001736,0.043169,-0.031435,-0.030507,-0.015193,-0.044703,3e-05,0.000753
0,-0.034964,0.12623,-0.026307,0.084767,-0.054762,0.084133,0.00061,0.002203
0,-0.118707,0.070586,-0.089943,-0.035573,-0.104699,-0.05061,0.002072,0.001232
0,0.103339,0.155664,0.22654,0.107525,0.276129,0.091704,0.001804,0.002717
0,-0.029807,0.157848,-0.125045,0.016943,-0.156101,0.047086,0.00052,0.002755
0,0.055193,-0.033761,0.087756,-0.167536,0.081817,-0.148265,0.000963,0.000589
0,-0.00833,-0.052504,-0.045646,-0.032629,-0.042114,-0.03834,0.000145,0.000916
0,-0.065223,-0.006837,-0.039927,0.034292,-0.028138,0.006466,0.001138,0.000119
0,0.09086,-0.059999,0.151574,-0.076042,0.152386,-0.119716,0.001586,0.001047
0,-0.100294,-0.05859,-0.200657,0.005451,-0.164553,-0.023754,0.00175,0.001023
0,-0.217934,0.121456,-0.118845,0.172458,-0.079954,0.152982,0.003804,0.00212
0,-0.050014,0.007489,0.155775,-0.124245,0.151287,-0.170973,0.000873,0.000131
0,-0.021717,0.147989,0.045118,0.13317,0.091706,0.1069,0.000379,0.002583
0,-0.155189,0.194376,-0.128619,0.056711,-0.164271,0.081129,0.002709,0.003393
0,-0.000863,0.062183,0.179005,-0.114653,0.201462,-0.114855,1.5e-05,0.001085
0,0.006104,0.188412,0.004264,0.13602,0.00045,0.088711,0.000107,0.003288
0,0.056475,0.031497,0.032704,-0.159601,-0.003554,-0.142949,0.000986,0.00055
0,-0.158841,0.171539,-0.234373,0.155758,-0.235829,0.187589,0.002772,0.002994
0,-0.009473,0.083202,0.14187,-0.065653,0.179791,-0.017175,0.000165,0.001452
0,0.006985,0.126585,0.023735,0.018566,-0.00737,0.028948,0.000122,0.002209
0,0.027916,0.14582,0.01363,0.025466,0.003709,0.004596,0.000487,0.002545
0,-0.13396,0.170155,-0.137837,0.050033,-0.121275,0.090346,0.002338,0.00297
0,0.033478,-0.092728,0.140131,-0.289377,0.128629,-0.309574,0.000584,0.001618
0,-0.156594,-0.002429,-0.172984,0.075005,-0.196077,0.084357,0.002733,4.2e-05
0,-0.156169,-0.013999,-0.016458,-0.008961,0.029475,-0.010277,0.002726,0.000244
0,-0.171164,-0.012142,-0.0337,0.024306,-0.009388,0.030696,0.002987,0.000212
0,0.050759,-0.029016,0.235702,-0.029145,0.215839,0.010196,0.000886,0.000506
0,0.044122,-0.024456,0.008329,0.011218,-0.019218,0.030607,0.00077,0.000427
0,-0.107463,-0.076232,-0.164504,-0.055722,-0.122778,-0.089327,0.001876,0.00133
0,-0.242398,0.0963,-0.110849,0.195124,-0.113509,0.169662,0.004231,0.001681
0,-0.171574,0.064088,0.048779,-0.032165,0.03401,-0.080827,0.002995,0.001119
0,0.022586,-0.068066,0.19174,-0.115206,0.151851,-0.068221,0.000394,0.001188
0,0.028678,-0.023737,-2.8e-05,0.045684,-0.007821,0.017919,0.000501,0.000414
0,-0.116248,-0.04348,-0.13939,-0.027462,-0.131731,-0.034672,0.002029,0.000759
0,-0.084061,0.205653,0.041023,0.256456,0.039065,0.240415,0.001467,0.003589
0,-0.176109,0.156075,-0.091776,-0.02256,-0.063272,-0.022202,0.003074,0.002724
0,-0.012967,0.045202,0.148188,-0.127378,0.100202,-0.164899,0.000226,0.000789
0,-0.247871,-0.060879,-0.245335,-0.085099,-0.196187,-0.07316,0.004326,0.001063
0,-0.237612,0.033851,0.009247,0.066819,0.008125,0.059035,0.004147,0.000591
0,-0.159979,0.034346,0.107585,0.007862,0.06886,-0.014362,0.002792,0.000599
0,-0.217111,-0.006626,-0.08364,-0.064624,-0.101894,-0.076486,0.003789,0.000116
0,0.04314,0.09613,0.248405,0.126945,0.263381,0.131704,0.000753,0.001678
0,-0.149841,0.150639,-0.221291,0.067194,-0.176415,0.068164,0.002615,0.002629
0,0.09097,0.057407,0.25969,-0.069765,0.270636,-0.022357,0.001588,0.001002
0,-0.096768,-0.037082,-0.164989,-0.096427,-0.187964,-0.100425,0.001689,0.000647
0,-0.075073,0.145099,0.050246,0.179343,0.050527,0.166011,0.00131,0.002532
0,0.026905,-0.003196,0.084548,-0.137889,0.061572,-0.133625,0.00047,5.6e-05
0,0.077002,0.193076,0.072491,0.182714,0.080778,0.177741,0.001344,0.00337
0,0.127686,0.024135,0.042417,-0.180729,0.041426,-0.220255,0.002229,0.000421
0,-0.163891,0.194005,-0.27869,0.180869,-0.313328,0.167779,0.00286,0.003386
0,0.005512,0.032569,0.159598,-0.166782,0.159637,-0.194849,9.6e-05,0.000568
0,0.055276,-0.049638,0.038325,-0.054678,-0.005474,-0.006182,0.000965,0.000866
0,0.100472,-0.069559,0.048856,-0.003207,0.064703,-0.023893,0.001754,0.001214
0,0.054095,-0.130105,-0.055237,-0.048521,-0.094729,-0.090388,0.000944,0.002271
0,-0.04026,-0.145045,-0.088072,0.012135,-0.069826,0.015566,0.000703,0.002532
0,0.116253,0.101413,0.140624,0.249069,0.137773,0.229858,0.002029,0.00177
0,-0.003472,0.118908,-0.144803,0.019777,-0.151382,0.046345,6.1e-05,0.002075
0,0.108224,0.058757,0.125426,-0.076249,0.108717,-0.090173,0.001889,0.001026
0,0.02028,-0.075191,-0.114652,-0.108104,-0.132272,-0.104699,0.000354,0.001312
0,0.173239,0.104545,0.129846,0.197437,0.110064,0.148035,0.003024,0.001825
0,0.097183,0.115682,-0.067088,0.03939,-0.046281,0.047973,0.001696,0.002019
0,0.037388,0.130487,-0.045749,-0.007171,-0.01798,-0.000455,0.000653,0.002277
0,0.048164,-0.001136,0.020206,-0.16103,0.026782,-0.185365,0.000841,2e-05
0,-0.002194,0.009386,-0.075452,0.002087,-0.068561,-0.007047,3.8e-05,0.000164
0,0.046404,0.067471,0.021112,0.087627,0.027293,0.058887,0.00081,0.001178
0,0.056302,-0.028279,-0.01901,-0.105514,-0.0243,-0.121692,0.000983,0.000494
0,0.010143,0.093766,-0.018603,0.112457,-0.020616,0.065042,0.000177,0.001637
0,0.030538,0.070561,0.007652,-0.044602,-0.0399,-0.072402,0.000533,0.001232
0,0.171914,-0.145082,0.11361,-0.222467,0.091299,-0.189367,0.003,0.002532
0,0.247078,0.130701,0.060109,0.247166,0.02809,0.285455,0.004312,0.002281
0,0.226951,0.052699,-0.002659,-0.063199,-0.022748,-0.066975,0.003961,0.00092
0,0.214052,0.144976,-0.007733,0.119277,0.018375,0.129433,0.003736,0.00253
0,0.184437,-0.014725,-0.012737,-0.188674,-0.038916,-0.191802,0.003219,0.000257
0,0.028441,0.117413,-0.136561,0.134819,-0.092011,0.096718,0.000496,0.002049
0,0.28128,0.129028,0.281566,0.037357,0.281301,0.010368,0.004909,0.002252
0,0.228315,-0.096905,-0.0687,-0.208045,-0.061459,-0.17156,0.003985,0.001691
0,0.193325,0.052367,-0.014577,0.169434,-0.016331,0.211377,0.003374,0.000914
0,0.113286,-0.114962,-0.104294,-0.163271,-0.079206,-0.11963,0.001977,0.002006
0,-0.024688,-0.021699,-0.141615,0.09904,-0.105258,0.059083,0.000431,0.000379
0,0.074772,-0.068244,0.107266,-0.021449,0.057361,0.003586,0.001305,0.001191
0,0.162078,-0.024866,0.073936,0.056232,0.081531,0.026877,0.002829,0.000434
0,-0.076174,-0.080256,-0.240642,-0.068978,-0.203639,-0.060354,0.001329,0.001401
0,-0.064153,0.146537,0.011556,0.2,-0.034389,0.200568,0.00112,0.002558
0,-0.143598,-0.10084,-0.089979,-0.257097,-0.127195,-0.251055,0.002506,0.00176
0,-0.035762,-0.021067,0.107854,0.07607,0.149999,0.123048,0.000624,0.000368
0,0.019366,0.158352,0.041465,0.203946,0.070663,0.205856,0.000338,0.002764
0,0.115052,0.150002,0.117244,-0.026341,0.15873,-0.024727,0.002008,0.002618
0,-0.17913,0.017121,-0.274805,-0.107462,-0.278304,-0.101909,0.003126,0.000299
0,-0.203863,0.072142,-0.027928,0.06281,-0.03989,0.064699,0.003558,0.001259
0,-0.181378,-0.01885,0.030616,-0.092657,0.009749,-0.078872,0.003166,0.000329
0,-0.015841,0.07046,0.186957,0.097198,0.188845,0.102856,0.000276,0.00123
0,-0.012737,-0.095467,0.032841,-0.138569,0.026218,-0.176235,0.000222,0.001666
0,-0.024935,0.047516,-0.025386,0.172204,0.016137,0.209155,0.000435,0.000829
0,-0.080468,-0.07593,-0.063729,-0.096418,-0.096891,-0.133233,0.001404,0.001325
0,-0.035951,-0.120003,0.050408,-0.035396,0.057739,-0.010836,0.000627,0.002094
0,0.046812,-0.019774,0.099204,0.11875,0.089808,0.114193,0.000817,0.000345
0,-0.108702,-0.077816,-0.146925,-0.087199,-0.182282,-0.049179,0.001897,0.001358
0,0.036669,0.149279,0.151365,0.23269,0.148898,0.193981,0.00064,0.002605
0,0.012306,0.053652,-0.049982,-0.070817,-0.065149,-0.029019,0.000215,0.000936
0,0.131158,0.101289,0.104807,0.074452,0.078885,0.094255,0.002289,0.001768
0,0.164603,-0.11463,0.060892,-0.188617,0.024794,-0.238418,0.002873,0.002001
0,-0.062997,-0.133366,-0.212694,0.000915,-0.21792,0.042398,0.0011,0.002328
0,0.124286,-0.066118,0.208059,0.080042,0.220401,0.05858,0.002169,0.001154
0,0.111088,0.084777,0.016301,0.17678,0.035372,0.192748,0.001939,0.00148
0,-0.10391,0.080263,-0.214555,0.019054,-0.227893,0.008543,0.001814,0.001401
0,0.034434,0.047765,0.167309,-0.031595,0.177165,-0.056269,0.000601,0.000834
0,-0.002761,0.003855,-0.018304,-0.053407,0.005397,-0.022297,4.8e-05,6.7e-05
0,-0.027307,-0.011732,-0.048116,-0.028986,-0.06358,-0.077579,0.000477,0.000205
0,-0.016168,-0.141372,0.01378,-0.104647,0.014333,-0.121393,0.000282,0.002467
0,-0.056134,-0.10127,-0.041629,0.06694,-0.055008,0.068552,0.00098,0.001767
0,-0.117435,0.11397,-0.044292,0.242128,-0.064495,0.213201,0.00205,0.001989
0,-0.099635,-0.126653,-0.005971,-0.234637,-0.01079,-0.225035,0.001739,0.002211
0,-0.016971,0.036952,0.078502,0.137294,0.07791,0.156441,0.000296,0.000645
0,-0.022674,0.013544,-0.011125,0.00351,0.003242,-0.019541,0.000396,0.000236
0,-0.251119,-0.025796,-0.229103,-0.024184,-0.262864,-0.019037,0.004383,0.00045
0,-0.151571,-0.058532,0.119809,-0.058033,0.098768,-0.029093,0.002645,0.001022
0,-0.18183,-0.078049,-0.021722,-0.039899,-0.00788,-0.00422,0.003174,0.001362
0,-0.109279,0.0482,0.100363,0.132004,0.137062,0.180583,0.001907,0.000841
0,-0.156938,-0.132172,-0.041946,-0.186292,-0.028732,-0.191219,0.002739,0.002307
0,-0.089894,0.042508,0.096406,0.150453,0.106125,0.127485,0.001569,0.000742
0,-0.223443,-0.031982,-0.12952,-0.077728,-0.091034,-0.094386,0.0039,0.000558
0,-0.267573,0.056041,-0.01805,0.066318,0.014848,0.027093,0.00467,0.000978
0,-0.17336,0.182631,0.1208,0.11042,0.165845,0.126897,0.003026,0.003188
0,-0.100357,0.161197,0.051463,-0.007871,0.034346,-0.051947,0.001752,0.002813
0,-0.105828,0.104259,-0.009891,-0.043179,0.009621,-0.063184,0.001847,0.00182
0,-0.020063,-0.014411,0.080535,-0.092424,0.060678,-0.044106,0.00035,0.000252
0,0.00969,-0.133392,0.018629,-0.145034,0.056882,-0.177493,0.000169,0.002328
0,-0.070032,0.023386,-0.101964,0.12793,-0.068155,0.123121,0.001222,0.000408
0,0.050849,-0.141186,0.109253,-0.165994,0.132308,-0.1973,0.000887,0.002464
0,0.06531,-0.164525,0.023544,-0.051393,0.013238,-0.007103,0.00114,0.002872
0,-0.002404,0.08099,-0.09682,0.241113,-0.074039,0.262643,4.2e-05,0.001414
0,0.078929,0.045577,0.060606,-0.040437,0.030696,-0.029949,0.001378,0.000795
0,-0.045351,-0.126497,-0.137415,-0.201552,-0.105897,-0.15455,0.000792,0.002208
0,0.160438,0.049261,0.182652,0.191522,0.225963,0.204896,0.0028,0.00086
0,0.115816,-0.101507,-0.044641,-0.153854,-0.034895,-0.190257,0.002021,0.001772
0,0.047321,-0.17025,-0.0801,-0.056902,-0.090651,-0.068766,0.000826,0.002971
0,0.041423,0.02586,-0.032752,0.185919,-0.022454,0.210784,0.000723,0.000451
0,-0.044593,-0.144734,-0.115519,-0.178292,-0.123122,-0.140073,0.000778,0.002526
0,-0.141543,-0.124482,-0.101704,0.046002,-0.122969,0.034347,0.00247,0.002173
0,-0.083885,0.010697,0.085721,0.134969,0.067914,0.093052,0.001464,0.000187
0,0.059419,-0.162618,0.153282,-0.168415,0.146744,-0.210192,0.001037,0.002838
0,-0.159345,-0.021039,-0.195593,0.115618,-0.202468,0.134314,0.002781,0.000367
0,-0.117694,-0.084906,0.070752,-0.050133,0.07525,-0.064582,0.002054,0.001482
0,-0.187923,-0.052301,-0.068102,0.044707,-0.091424,0.038406,0.00328,0.000913
0,-0.130738,-0.156003,0.029183,-0.118193,0.017744,-0.159798,0.002282,0.002723
0,-0.089429,-0.078847,0.040521,0.087968,0.024906,0.09416,0.001561,0.001376
0,-0.15333,-0.167227,-0.071853,-0.111618,-0.031426,-0.105008,0.002676,0.002919
0,-0.094988,0.069569,0.033916,0.257821,0.051658,0.234692,0.001658,0.001214
0,0.055328,0.063388,0.152147,-0.009577,0.129633,0.016331,0.000966,0.001106
0,0.009608,-0.168063,-0.022376,-0.212087,-0.004723,-0.204123,0.000168,0.002933
0,-0.144798,-0.028287,-0.177993,0.150566,-0.156838,0.103633,0.002527,0.000494
0,-0.068445,-0.056796,0.083397,-0.002853,0.089458,0.044542,0.001195,0.000991
0,-0.021514,-0.04604,0.02881,0.018862,-0.016171,0.051931,0.000375,0.000804
0,-0.078399,0.050503,-0.068687,0.076621,-0.035095,0.061904,0.001368,0.000881
0,-0.097141,-0.146856,-0.019889,-0.181754,0.015949,-0.21707,0.001695,0.002563
0,-0.085052,0.052907,0.004878,0.193293,-0.035784,0.190872,0.001484,0.000923
0,0.094717,0.008265,0.164203,-0.038894,0.191947,-0.05251,0.001653,0.000144
0,0.052408,0.07469,-0.062046,0.05122,-0.059228,0.022183,0.000915,0.001304
0,0.031607,-0.13975,-0.012037,-0.220426,0.000226,-0.237323,0.000552,0.002439
0,0.088059,-0.049995,0.081819,0.087426,0.038674,0.129824,0.001537,0.000873
0,0.112234,-0.205604,0.004847,-0.162586,-0.013259,-0.190503,0.001959,0.003588
0,0.143655,-0.051755,0.00943,0.159821,-0.007541,0.198596,0.002507,0.000903
0,-0.134904,-0.080004,-0.289311,-0.039702,-0.332205,-0.053802,0.002355,0.001396
0,-0.13857,-0.098792,0.009084,-0.015549,-0.00522,0.023982,0.002419,0.001724
0,0.062149,-0.237887,0.172208,-0.113907,0.202427,-0.084169,0.001085,0.004152
0,0.114736,-0.256579,0.049569,0.002551,0.021643,-0.036659,0.002003,0.004478
0,-0.166535,-0.12982,-0.274804,0.152173,-0.309688,0.193545,0.002907,0.002266
0,-0.061992,0.045643,0.09506,0.173936,0.105127,0.153991,0.001082,0.000797
0,0.028967,-0.09246,0.068492,-0.111233,0.113785,-0.066693,0.000506,0.001614
0,-0.050221,-0.11214,-0.066334,-0.007897,-0.0166,0.021589,0.000877,0.001957
0,0.001358,0.043452,0.056534,0.177532,0.01045,0.217018,2.4e-05,0.000758
0,-0.03463,-0.175037,-0.010714,-0.197219,0.015281,-0.246564,0.000604,0.003055
0,-0.172406,-0.076867,-0.120906,0.068229,-0.158673,0.042402,0.003009,0.001342
0,-0.125193,-0.120117,0.020305,-0.042697,-0.012403,-0.050982,0.002185,0.002096
0,-0.245019,-0.052568,-0.113625,0.041599,-0.085369,0.019426,0.004276,0.000917
0,-0.132318,0.009541,0.129804,0.062271,0.148073,0.023516,0.002309,0.000167
0,-0.032023,0.007787,0.084094,-0.023849,0.037907,-0.07339,0.000559,0.000136
0,-0.304867,-0.196259,-0.257294,-0.209859,-0.216501,-0.186066,0.005321,0.003425
0,-0.199464,0.020995,0.109613,0.2425,0.107246,0.250085,0.003481,0.000366
0,-0.1261,-0.086692,0.099175,-0.088232,0.077348,-0.127578,0.002201,0.001513
0,-0.159135,-0.151683,-0.052638,-0.063977,-0.079523,-0.061342,0.002777,0.002647
0,-0.105646,0.047466,0.05082,0.188045,0.031823,0.140037,0.001844,0.000828
0,-0.174841,-0.101296,-0.086678,-0.142815,-0.133395,-0.14498,0.003052,0.001768
0,-0.203764,-0.203861,-0.018779,-0.104719,-0.004119,-0.075264,0.003556,0.003558
0,-0.046296,-0.056816,0.143742,0.168395,0.182282,0.13141,0.000808,0.000992
0,-0.058888,-0.129628,0.013255,-0.042909,-0.009358,-0.008784,0.001028,0.002262
0,-0.219487,-0.012408,-0.185436,0.143697,-0.200659,0.124576,0.003831,0.000217
0,-0.02672,-0.12521,0.218141,-0.086413,0.169799,-0.102656,0.000466,0.002185
0,-0.294194,0.072635,-0.257514,0.169888,-0.217897,0.133487,0.005135,0.001268
0,-0.161878,-0.193733,0.118416,-0.245289,0.141901,-0.219432,0.002825,0.003381
0,0.040703,-0.178523,0.197309,0.024845,0.172821,0.048697,0.00071,0.003116
0,-0.14566,0.04721,-0.181302,0.2411,-0.175966,0.264237,0.002542,0.000824
0,-0.077295,-0.059174,0.047839,-0.116129,0.033194,-0.137527,0.001349,0.001033
0,-0.134131,-0.00214,-0.051475,0.067613,-0.006159,0.109157,0.002341,3.7e-05
0,-0.133355,0.04241,-0.005828,0.054828,0.01832,0.031925,0.002327,0.00074
0,-0.252117,0.024936,-0.14224,0.008018,-0.145731,0.023963,0.0044,0.000435
0,-0.319217,0.013769,-0.068337,0.002927,-0.116951,0.000463,0.005571,0.00024
0,-0.272661,-0.10779,0.017057,-0.110617,0.017151,-0.144584,0.004759,0.001881
0,-0.278818,-0.101871,-0.033015,-0.005317,-0.082509,-0.032698,0.004866,0.001778
0,0.00824,-0.113942,0.289683,-0.025633,0.261745,-0.049109,0.000144,0.001989
0,-0.015513,0.09449,-0.034178,0.237429,0.010747,0.237274,0.000271,0.001649
0,-0.178097,0.050838,-0.180122,-0.031103,-0.188875,-0.07235,0.003108,0.000887
0,-0.149175,0.174143,0.010217,0.140964,0.008795,0.106219,0.002604,0.003039
0,-0.080641,-0.017828,0.076672,-0.176545,0.043433,-0.133239,0.001407,0.000311
0,0.061483,0.020843,0.16066,0.045256,0.176169,0.075172,0.001073,0.000364
0,0.124075,0.138676,0.059668,0.137147,0.097042,0.126164,0.002166,0.00242
0,-0.017111,-0.079515,-0.162805,-0.22411,-0.135108,-0.213147,0.000299,0.001388
0,0.135702,0.010194,0.163794,0.112031,0.200731,0.113884,0.002368,0.000178
0,-0.099217,-0.014851,-0.228296,-0.015106,-0.224705,-0.047122,0.001732,0.000259
0,0.131824,-0.073734,0.244683,-0.062161,0.260361,-0.015458,0.002301,0.001287
0,0.087683,-0.031776,-0.069405,0.015054,-0.103879,0.061177,0.00153,0.000555
0,-0.00763,0.148404,-0.069647,0.175557,-0.077345,0.128085,0.000133,0.00259
0,0.106386,0.112302,0.135632,-0.01581,0.101377,-0.033235,0.001857,0.00196
0,-0.188034,0.157192,-0.296547,0.045774,-0.333682,0.016873,0.003282,0.002744
0,-0.163954,0.103972,0.020244,-0.079246,0.057749,-0.043716,0.002862,0.001815
0,0.002654,-0.085092,0.195521,-0.184033,0.187821,-0.218708,4.6e-05,0.001485
0,-0.03218,-0.084684,-0.015466,-0.025678,-0.014296,-0.001837,0.000562,0.001478
0,0.093386,0.000832,0.130089,0.073834,0.104221,0.063243,0.00163,1.5e-05
0,0.045315,-0.002,-0.046452,-0.024234,-0.038067,0.000826,0.000791,3.5e-05
0,-0.01436,0.097339,-0.054864,0.076758,-0.037334,0.068721,0.000251,0.001699
0,-0.078135,0.061189,-0.071144,-0.017267,-0.027455,-0.019792,0.001364,0.001068
0,-0.103795,0.053372,-0.006935,-0.002073,-0.010459,0.024557,0.001812,0.000932
0,-0.01763,0.152582,0.11293,0.118523,0.11671,0.099768,0.000308,0.002663
0,-0.09133,-0.061153,-0.099034,-0.237267,-0.06066,-0.260835,0.001594,0.001067
0,0.154604,0.013326,0.216572,0.101763,0.211454,0.069864,0.002698,0.000233
0,-0.007607,0.180431,-0.133041,0.189738,-0.13138,0.217635,0.000133,0.003149
0,-0.124885,-0.023084,-0.100209,-0.175871,-0.103176,-0.168356,0.00218,0.000403
0,0.028212,0.023654,0.127326,0.067877,0.132769,0.100816,0.000492,0.000413
0,-0.032845,0.164836,-0.038756,0.170719,-5.1e-05,0.198505,0.000573,0.002877
0,-0.085587,0.019161,-0.064272,-0.118124,-0.064488,-0.131337,0.001494,0.000334
0,0.046817,0.105712,0.119787,0.080936,0.099915,0.057674,0.000817,0.001845
0,0.043655,0.042889,-0.008922,-0.052055,-0.008289,-0.016969,0.000762,0.000749
0,0.064204,-0.005171,0.038252,-0.072983,0.06972,-0.1101,0.001121,9e-05
0,-0.092609,-0.094271,-0.181225,-0.080103,-0.216716,-0.098008,0.001616,0.001645
0,0.026221,0.031083,0.141278,0.095479,0.105676,0.071289,0.000458,0.000542
0,0.066578,0.065497,0.053644,0.031565,0.049857,0.001551,0.001162,0.001143
0,-0.182568,0.113152,-0.271287,0.024689,-0.308355,-0.002285,0.003186,0.001975
0,0.105457,0.134877,0.31259,0.002785,0.326419,0.047434,0.001841,0.002354
0,-0.105162,0.157035,-0.18728,0.021856,-0.144211,-0.010839,0.001835,0.002741
0,-0.000163,0.033196,0.093415,-0.129195,0.109609,-0.168644,3e-06,0.000579
0,-0.076343,0.106914,-0.052856,0.05307,-0.032602,0.033169,0.001332,0.001866
0,-0.140786,0.130382,-0.085018,0.026521,-0.067521,0.004151,0.002457,0.002276
0,-0.135212,0.131152,0.031755,0.006151,0.065032,-0.033079,0.00236,0.002289
0,-0.125212,0.092161,0.039388,-0.056915,0.089332,-0.084065,0.002185,0.001609
0,-0.006836,-0.015031,0.130743,-0.077419,0.124587,-0.066815,0.000119,0.000262
0,0.038535,0.056955,0.040032,0.065754,0.024356,0.099671,0.000673,0.000994
0,-0.127389,0.042442,-0.155076,-0.016755,-0.128967,-0.062304,0.002223,0.000741
0,0.111028,0.16324,0.230378,0.14037,0.249919,0.171188,0.001938,0.002849
0,-0.048101,-0.137983,-0.179382,-0.294412,-0.207499,-0.332018,0.00084,0.002408
0,-0.110201,-0.118179,-0.082792,0.041149,-0.103093,0.046857,0.001923,0.002063
0,-0.126209,0.044788,-0.032001,0.141348,-0.028887,0.144847,0.002203,0.000782
0,-0.063121,-0.107739,0.084058,-0.123778,0.114202,-0.113065,0.001102,0.00188
0,-0.102606,-0.054761,-0.054268,0.058096,-0.02188,0.058787,0.001791,0.000956
0,-0.070591,-0.139178,0.040196,-0.056827,0.021922,-0.085863,0.001232,0.002429
0,-0.112843,0.055466,-0.01268,0.180904,-0.011906,0.198691,0.001969,0.000968
0,0.079833,0.002797,0.185675,-0.069057,0.226338,-0.028252,0.001393,4.9e-05
0,0.037137,-0.050593,-0.062636,-0.033682,-0.039304,0.002154,0.000648,0.000883
0,-0.078533,0.10402,-0.126454,0.151207,-0.131926,0.168419,0.001371,0.001815
0,0.015948,-0.122868,0.119946,-0.200316,0.104384,-0.173021,0.000278,0.002144
0,-0.112574,0.105933,-0.153916,0.248701,-0.172396,0.27561,0.001965,0.001849
0,0.031301,0.050086,0.169135,-0.070907,0.1921,-0.114267,0.000546,0.000874
0,0.13034,0.047111,0.092661,0.005384,0.136036,0.010055,0.002275,0.000822
0,0.02236,0.06676,-0.099804,0.044132,-0.056098,0.009363,0.00039,0.001165
0,-0.084007,-0.072451,-0.119047,-0.115332,-0.076647,-0.150572,0.001466,0.001265
0,0.091311,0.024545,0.203468,0.125151,0.160951,0.096779,0.001594,0.000428
0,0.000207,-0.133894,-0.099567,-0.183325,-0.064763,-0.197383,4e-06,0.002337
0,0.122874,0.103838,0.131051,0.223941,0.097181,0.268689,0.002145,0.001812
0,-0.110766,0.037819,-0.231562,-0.093219,-0.25658,-0.063963,0.001933,0.00066
0,0.043226,0.006131,0.178588,-0.028589,0.205036,-0.065063,0.000754,0.000107
0,-0.081535,0.007069,-0.149665,0.004263,-0.103339,-0.029601,0.001423,0.000123
0,0.163744,0.044182,0.25556,0.007811,0.248535,0.040383,0.002858,0.000771
0,-0.000354,-0.119851,-0.180917,-0.15524,-0.154226,-0.150129,6e-06,0.002092
0,0.088832,-0.129873,0.079752,0.011921,0.036138,-0.019868,0.00155,0.002267
0,0.203713,-0.067227,0.107026,0.038831,0.063403,0.080606,0.003555,0.001173
0,0.16715,0.096882,-0.049227,0.135299,0.000325,0.155397,0.002917,0.001691
0,0.206783,0.084303,0.058765,0.008533,0.039389,-0.027252,0.003609,0.001471
0,0.240642,-0.053062,0.045717,-0.153131,0.033248,-0.158347,0.0042,0.000926
0,0.08737,0.040633,-0.124723,0.086434,-0.144937,0.085204,0.001525,0.000709
0,0.217416,0.085521,0.102335,0.03477,0.127934,0.003269,0.003795,0.001493
0,0.035597,0.155094,-0.169177,0.045934,-0.203982,0.066713,0.000621,0.002707
0,0.04281,0.129514,-0.006511,-0.004565,-0.038552,0.025694,0.000747,0.00226
0,-0.015186,-0.100087,-0.084514,-0.203523,-0.077163,-0.19918,0.000265,0.001747
0,0.080865,-0.040777,0.08284,0.04913,0.049595,0.079346,0.001411,0.000712
0,0.063988,0.036795,-0.005943,0.094776,-0.051606,0.116436,0.001117,0.000642
0,0.050603,0.042328,0.013385,-0.015534,0.060105,-0.019972,0.000883,0.000739
0,0.019328,-0.107645,-0.040159,-0.124828,-0.061739,-0.135762,0.000337,0.001879
0,0.135882,-0.196445,0.127062,-0.113183,0.142645,-0.102347,0.002372,0.003429
0,0.032885,-0.009874,-0.131619,0.187095,-0.089207,0.21409,0.000574,0.000172
0,0.141185,-0.14577,0.109665,-0.163572,0.117829,-0.13653,0.002464,0.002544
0,0.069538,-0.171794,-0.048346,-0.003308,-0.081508,0.009753,0.001214,0.002998
0,-0.014741,0.023607,-0.102344,0.214803,-0.119399,0.247035,0.000257,0.000412
0,-0.077792,0.058729,-0.057141,0.057156,-0.08839,0.08474,0.001358,0.001025
0,-0.035278,-0.097529,0.028508,-0.174413,0.05774,-0.19334,0.000616,0.001702
0,-0.102405,-0.04769,-0.03794,0.02962,-0.039643,0.046542,0.001787,0.000832
0,-0.024665,0.096337,0.084236,0.130848,0.077086,0.108093,0.00043,0.001681
0,0.135957,-0.077962,0.175301,-0.153541,0.180775,-0.188425,0.002373,0.001361
0,-0.070087,0.046393,-0.205598,0.125797,-0.244602,0.157021,0.001223,0.00081
0,-0.067713,0.091517,0.000855,0.047659,0.025364,0.093064,0.001182,0.001597
0,-0.052462,0.018426,0.005732,-0.062411,0.022168,-0.083858,0.000916,0.000322
0,-0.089338,2.436937,-0.007067,2.433434,0.029121,2.470025,0.001559,0.004474
0,-0.369222,3.044708,-0.299585,0.583039,-0.279238,0.574352,0.005308,0.005618
0,-0.22753,2.773987,0.123675,-0.257561,0.091903,-0.230887,0.003971,0.001408
0,-0.269721,2.231493,-0.067402,-0.537195,-0.055302,-0.586352,0.004708,0.003692
0,-0.272556,1.774943,-0.0023,-0.452686,-0.027676,-0.485108,0.004757,0.004276
0,-0.506995,1.385457,-0.207957,-0.414164,-0.184762,-0.407356,0.002903,0.000677
0,-0.342105,1.04489,0.177716,-0.357252,0.198146,-0.309136,0.005781,0.005267
0,-0.327075,0.710897,-0.011904,-0.328707,0.036107,-0.341874,0.005709,0.000656
0,-0.256417,0.365958,0.045394,-0.366782,0.037098,-0.339583,0.004475,0.005365
0,-0.049408,0.042067,0.182664,-0.347818,0.177305,-0.354103,0.000862,0.000734
0,0.076651,-0.48785,0.129884,-0.52364,0.162509,-0.541327,0.001338,0.003237
0,0.008006,-0.537992,-0.0872,-0.025276,-0.10874,0.014901,0.00014,0.002362
0,-0.013177,-0.370865,-0.002216,0.157147,0.043733,0.107483,0.00023,0.005279
0,-0.065852,-0.190982,-0.040349,0.167602,-0.026614,0.195428,0.001149,0.003333
0,0.066734,-0.39772,0.121469,-0.191226,0.097306,-0.211015,0.001165,0.00481
0,0.15339,-0.191761,0.102115,0.185871,0.100214,0.232719,0.002677,0.003347
0,-0.052007,-0.278748,-0.18569,-0.089428,-0.157618,-0.043263,0.000908,0.004865
0,0.009283,-0.133773,0.050144,0.160879,0.005771,0.184582,0.000162,0.002335
0,0.152008,-0.142681,0.139897,-0.027519,0.149027,-0.064452,0.002653,0.00249
0,0.161483,-0.226223,-0.002012,-0.098988,-0.003446,-0.128937,0.002818,0.003948
0,1.051279,-0.282587,0.892025,-0.065616,0.871783,-0.070029,0.005155,0.004932
0,1.244335,-0.375119,0.20681,-0.11395,0.237122,-0.129245,0.001786,0.005205
0,2.187413,-0.145579,0.915704,0.212719,0.902097,0.1915,0.002922,0.002541
0,2.441473,-0.181782,0.22465,-0.011754,0.181448,-0.028686,0.004395,0.003173
0,2.584507,-0.348752,0.114285,-0.191197,0.09449,-0.188625,0.001899,0.005665
0,3.000436,-0.146285,0.439226,0.228875,0.390474,0.270789,0.005361,0.002553
0,2.867138,-0.083221,-0.143851,0.092379,-0.149128,0.109359,0.003034,0.001452
0,1.983717,-0.064234,-0.893048,-0.008552,-0.936509,0.017417,0.000633,0.001121
0,1.456793,-0.186564,-0.528755,-0.119925,-0.488261,-0.095677,0.001922,0.003256
0,0.902838,-0.159144,-0.552055,0.037638,-0.584364,0.041888,0.004006,0.002778
0,0.741497,-0.002072,-0.15832,0.168719,-0.108782,0.14838,0.00119,3.6e-05
0,0.574375,-0.026869,-0.156489,-0.000855,-0.120186,-0.033925,0.001727,0.000469
0,0.411171,-0.007022,-0.1871,0.01584,-0.228572,0.00677,0.004575,0.000123
0,0.147153,-0.038976,-0.253816,-0.028607,-0.22417,-0.009263,0.002568,0.00068
0,-0.097839,-0.075295,-0.247214,-0.055574,-0.20982,-0.084149,0.001708,0.001314
0,-0.145905,-0.050377,-0.04571,0.030926,-0.089115,-0.006328,0.002547,0.000879
0,-0.152654,0.053991,-0.020215,0.080382,-0.054181,0.040518,0.002664,0.000942
0,-0.100344,-0.163535,0.042067,-0.22784,0.073966,-0.233683,0.001751,0.002854
0,-0.222448,-0.143532,-0.096989,-0.002639,-0.065826,0.036687,0.003882,0.002505
0,-0.192105,-0.185358,0.014005,-0.030079,0.000805,-0.064589,0.003353,0.003235
0,-0.285333,-0.165287,-0.102837,0.017569,-0.074843,0.032878,0.00498,0.002885
0,-0.405552,-0.045735,-0.129675,0.117479,-0.095955,0.079357,0.004673,0.000798
0,-0.339715,-0.091436,0.057258,-0.070554,0.076656,-0.074496,0.005823,0.001596
0,0.036751,0.008696,0.373114,0.079647,0.340508,0.046289,0.000641,0.000152
0,0.069996,0.113896,0.044429,0.107028,0.02257,0.148859,0.001222,0.001988
0,0.054575,-0.069877,-0.027551,-0.201822,-0.06375,-0.242295,0.000953,0.00122
0,0.00801,-0.118738,-0.058605,-0.034803,-0.091139,-0.051798,0.00014,0.002072
0,-0.010998,-0.003495,0.007089,0.124488,-0.032814,0.115386,0.000192,6.1e-05
0,0.158768,-0.055884,0.144682,-0.025823,0.188552,-0.018973,0.002771,0.000975
0,0.069617,-0.018436,-0.07655,0.027389,-0.048479,-0.015614,0.001215,0.000322
0,-0.082415,-0.085729,-0.140775,-0.075731,-0.187196,-0.066045,0.001438,0.001496
0,-0.045596,-0.171143,0.054575,-0.090442,0.027909,-0.109039,0.000796,0.002987
0,-0.000593,-0.073162,0.059921,0.08831,0.065797,0.093982,1e-05,0.001277
0,0.075254,0.033851,0.078277,0.115221,0.104001,0.113145,0.001313,0.000591
0,0.140526,-0.216054,0.066988,-0.228593,0.087775,-0.194237,0.002453,0.003771
0,0.121838,-0.109413,-0.047862,0.099087,-0.077844,0.068798,0.002126,0.00191
0,-0.056809,-0.107169,-0.201743,-0.023804,-0.202335,-0.000686,0.000992,0.00187
0,-0.008563,0.01357,0.055951,0.091022,0.088822,0.047307,0.000149,0.000237
0,0.132603,-0.044468,0.140421,-0.035581,0.169881,-0.040173,0.002314,0.000776
0,-0.015037,-0.02646,-0.149183,0.047481,-0.154823,0.058311,0.000262,0.000462
0,0.202537,0.026709,0.223561,0.066074,0.206482,0.01888,0.003535,0.000466
0,0.052181,-0.012796,-0.136901,-0.038317,-0.173601,-0.008436,0.000911,0.000223
0,0.211224,0.115187,0.173492,0.103362,0.215207,0.062141,0.003687,0.00201
0,-0.07853,0.048073,-0.267115,-0.060495,-0.274953,-0.09997,0.001371,0.000839
0,-0.026883,-0.062387,0.052405,-0.12039,0.082542,-0.164238,0.000469,0.001089
0,0.072424,0.027035,0.12619,0.099633,0.102419,0.134489,0.001264,0.000472
0,-0.151431,-0.07172,-0.243384,-0.095819,-0.198666,-0.11536,0.002643,0.001252
0,-0.079432,-0.078623,0.069074,-0.030586,0.022596,-0.056112,0.001386,0.001372
0,0.045204,0.072138,0.115033,0.155076,0.104309,0.198146,0.000789,0.001259
0,0.058462,0.001898,-0.006013,-0.096103,-0.054244,-0.049934,0.00102,3.3e-05
0,-0.067823,0.093556,-0.122967,0.068368,-0.166088,0.025069,0.001184,0.001633
0,0.085199,-0.093919,0.180567,-0.180895,0.171041,-0.184588,0.001487,0.001639
0,-0.06231,-0.061206,-0.130153,0.034175,-0.140793,-0.005108,0.001088,0.001068
0,0.003235,0.001958,0.071237,0.059722,0.057223,0.078803,5.6e-05,3.4e-05
0,-0.097787,0.032222,-0.110713,0.051954,-0.141727,0.031427,0.001707,0.000562
0,-0.010624,0.089204,0.092338,0.066003,0.086092,0.115006,0.000185,0.001557
0,0.051685,0.111126,0.090358,-0.00212,0.052264,-0.000698,0.000902,0.00194
0,-0.067793,-0.084781,-0.108844,-0.21297,-0.115064,-0.248502,0.001183,0.00148
0,-0.162762,0.120333,-0.078581,0.226112,-0.031346,0.228094,0.002841,0.0021
0,-0.088109,-0.119924,0.095077,-0.230918,0.061075,-0.225706,0.001538,0.002093
0,-0.104582,0.002627,-0.033616,0.098118,-0.036402,0.076722,0.001825,4.6e-05
0,-0.149786,-0.135709,-0.052176,-0.136484,-0.016682,-0.139758,0.002614,0.002369
0,-0.052914,0.094256,0.118149,0.234937,0.107256,0.199655,0.000924,0.001645
0,-0.324307,0.136015,-0.279202,0.038047,-0.32048,0.025537,0.00566,0.002374
0,-0.152409,0.027446,0.193924,-0.092647,0.187396,-0.086869,0.00266,0.000479
0,-0.134477,-0.042312,0.006931,-0.067803,-0.039729,-0.068855,0.002347,0.000738
0,-0.081957,0.164198,0.07975,0.192553,0.079007,0.184844,0.00143,0.002866
0,-0.074337,0.169746,-0.007501,0.03,-0.010392,0.038169,0.001297,0.002963
0,-0.16815,-0.116655,-0.068487,-0.279729,-0.064437,-0.295127,0.002935,0.002036
0,-0.293006,0.01392,-0.151848,0.121462,-0.165417,0.104657,0.005114,0.000243
0,-0.207053,-0.028101,0.104929,-0.054148,0.063376,-0.063121,0.003614,0.00049
0,-0.242162,0.046775,-0.031965,0.094218,-0.007115,0.093663,0.004227,0.000816
0,-0.31927,-0.015778,-0.076745,-0.087061,-0.050029,-0.080245,0.005572,0.000275
0,-0.094089,0.11684,0.199906,0.114614,0.210566,0.072292,0.001642,0.002039
0,-0.193096,-0.023122,-0.089226,-0.153501,-0.072128,-0.116123,0.00337,0.000404
0,0.016675,0.054373,0.211655,0.071812,0.184048,0.095039,0.000291,0.000949
0,-0.074935,0.158776,-0.097334,0.117864,-0.145349,0.134877,0.001308,0.002771
0,-0.05955,-0.092496,0.039058,-0.223951,0.084632,-0.180695,0.001039,0.001614
0,-0.061796,0.138782,-0.02567,0.201752,-0.005939,0.16277,0.001079,0.002422
0,-0.196645,-0.009814,-0.109107,-0.131893,-0.098415,-0.131009,0.003432,0.000171
0,-0.086528,-0.0128,0.136401,-0.015372,0.167863,-0.003881,0.00151,0.000223
0,-0.02506,0.127267,0.088761,0.117837,0.088095,0.138859,0.000437,0.002221
0,2.680784,-0.056761,2.678585,-0.174024,2.682298,-0.198702,0.000218,0.000991
0,3.496994,-0.020575,0.806337,0.0426,0.807443,0.048005,0.002276,0.000359
0,3.722246,0.010024,0.22829,0.010016,0.204263,-0.006029,0.005545,0.000175
0,3.22355,0.25361,-0.477634,0.251058,-0.451517,0.219957,0.002497,0.004426
0,2.88838,0.200458,-0.318639,-0.043512,-0.330022,0.003457,0.003405,0.003499
0,2.253594,0.103652,-0.653458,-0.066889,-0.661381,-0.048031,0.004078,0.001809
0,1.314757,0.258794,-0.967099,0.134085,-0.973893,0.146418,0.000557,0.004517
0,1.193967,0.356106,-0.099893,0.116137,-0.063613,0.154992,0.002665,0.005536
0,0.69432,0.357379,-0.520517,0.005553,-0.508731,0.024773,0.000366,0.005514
0,0.442804,0.166389,-0.278366,-0.189149,-0.324086,-0.146164,0.004023,0.002904
0,0.204112,0.006187,-0.212525,-0.141096,-0.209119,-0.097596,0.003562,0.000108
0,-0.181038,0.029249,-0.413663,0.040868,-0.456905,0.00177,0.00316,0.00051
0,-0.280643,0.084064,-0.087761,0.049625,-0.056898,0.059917,0.004898,0.001467
0,-0.31782,-0.070681,-0.017655,-0.141533,-0.058773,-0.123995,0.005547,0.001234
0,-0.207856,-0.152676,0.115595,-0.064325,0.137627,-0.070315,0.003628,0.002665
0,-0.221969,-0.249487,-0.007689,-0.105356,-0.004717,-0.115709,0.003874,0.004354
0,-0.172911,-0.191194,0.04478,0.069852,0.086604,0.100408,0.003018,0.003337
0,-0.167362,-0.151974,0.01237,0.010731,-0.028677,0.016837,0.002921,0.002652
0,-0.231059,0.00229,-0.044382,0.137647,-0.03143,0.161063,0.004033,4e-05
0,0.584446,0.110306,0.797398,0.130455,0.790625,0.093904,0.001551,0.001925
0,0.846626,0.051255,0.279662,-0.074065,0.328886,-0.117701,0.003025,0.000895
0,1.292552,0.210576,0.418553,0.168284,0.398695,0.201898,0.000944,0.003675
0,1.315105,0.457889,0.023284,0.233656,0.0014,0.223838,0.00055,0.00376
0,1.044656,0.404344,-0.294182,-0.071319,-0.25596,-0.100856,0.005271,0.004695
0,0.793851,0.123338,-0.23594,-0.280238,-0.220131,-0.312038,0.002104,0.002153
0,0.687959,0.086344,-0.116957,-0.05677,-0.105589,-0.050257,0.000255,0.001507
0,0.503582,0.185066,-0.20529,0.126056,-0.216025,0.161576,0.002963,0.00323
0,0.571601,0.087487,0.074631,-0.079484,0.058511,-0.064734,0.001775,0.001527
0,0.302892,0.111181,-0.257101,0.053521,-0.277674,0.044555,0.005286,0.00194
0,0.20335,0.043988,-0.10676,-0.052932,-0.139766,-0.014915,0.003549,0.000768
0,0.279981,0.148031,0.062002,0.126154,0.063188,0.166818,0.004887,0.002584
0,-0.008933,-0.005205,-0.314201,-0.18109,-0.325986,-0.220348,0.000156,9.1e-05
0,0.210614,0.13631,0.218458,0.159988,0.220857,0.19724,0.003676,0.002379
0,0.023912,-0.020917,-0.188209,-0.154025,-0.168601,-0.202906,0.000417,0.000365
0,0.005703,6.3e-05,0.002832,0.010375,0.024301,-0.001169,0.0001,1e-06
0,0.096075,0.154498,0.062114,0.143773,0.05747,0.151157,0.001677,0.002696
0,0.119235,0.024248,0.017644,-0.125739,0.063779,-0.15958,0.002081,0.000423
0,0.003414,0.001437,-0.126753,-0.036569,-0.111044,-0.025856,6e-05,2.5e-05
0,-0.081699,0.020216,-0.058165,0.001606,-0.104978,0.024755,0.001426,0.000353
0,-0.006028,0.099979,0.058792,0.055709,0.050756,0.046127,0.000105,0.001745
0,0.019214,-0.107882,0.007572,-0.198155,-0.02594,-0.229948,0.000335,0.001883
0,0.023602,0.11098,0.013832,0.221071,-0.002668,0.183547,0.000412,0.001937
0,-0.039146,0.065357,-0.042,-0.032642,-0.07458,0.0151,0.000683,0.001141
0,0.06564,0.177183,0.122816,0.134415,0.132099,0.117749,0.001146,0.003092
0,-0.085809,0.129748,-0.133204,-0.06216,-0.149964,-0.029675,0.001498,0.002265
0,0.059979,0.182402,0.125187,0.077334,0.092571,0.096745,0.001047,0.003184
0,0.136814,0.025607,0.047742,-0.129555,0.009078,-0.144874,0.002388,0.000447
0,0.046312,0.032568,-0.114012,-0.016418,-0.074923,-0.005402,0.000808,0.000568
0,-0.042378,-0.076564,-0.104542,-0.096009,-0.057021,-0.099086,0.00074,0.001336
0,0.0163,0.072865,0.036083,0.175164,0.029768,0.132586,0.000284,0.001272
0,0.09078,0.18999,0.087102,0.104364,0.083704,0.152212,0.001584,0.003316
0,-0.033797,0.035066,-0.098077,-0.183271,-0.11618,-0.135858,0.00059,0.000612
0,-0.082262,0.136888,-0.027123,0.07611,-0.05809,0.036182,0.001436,0.002389
0,-0.008643,0.025346,0.047154,-0.104392,0.093635,-0.08746,0.000151,0.000442
0,0.178711,-0.095979,0.17905,-0.147015,0.188253,-0.15943,0.003119,0.001675
0,0.098807,0.167571,-0.073835,0.251517,-0.0477,0.253913,0.001725,0.002925
0,0.046624,0.066434,-0.064815,-0.105079,-0.090505,-0.127338,0.000814,0.001159
0,-0.120254,-0.038163,-0.180335,-0.115735,-0.153859,-0.152644,0.002099,0.000666
0,0.030737,-0.104994,0.161207,-0.072241,0.126089,-0.074631,0.000536,0.001832
0,-0.155079,0.072417,-0.164209,0.198277,-0.12031,0.183543,0.002707,0.001264
0,0.063218,0.075352,0.188818,0.001057,0.167657,0.013983,0.001103,0.001315
0,-0.061419,-0.059467,-0.153551,-0.11218,-0.14029,-0.108582,0.001072,0.001038
0,-0.014991,-0.004686,0.038449,0.070525,0.070538,0.056325,0.000262,8.2e-05
0,-0.084034,0.050034,-0.058048,0.045001,-0.107725,0.07852,0.001467,0.000873
0,-0.06026,-0.04063,0.042463,-0.091158,0.006688,-0.124936,0.001052,0.000709
0,-0.016171,0.109371,0.05047,0.156662,0.079766,0.189028,0.000282,0.001909
0,-0.167831,0.068226,-0.158751,-0.038356,-0.17532,-0.08567,0.002929,0.001191
0,0.04922,0.118844,0.214288,0.050701,0.227111,0.027446,0.000859,0.002074
0,-0.05189,0.102425,-0.096077,-0.038346,-0.055343,-0.06272,0.000906,0.001788
0,0.170698,0.01854,0.194537,-0.083676,0.224911,-0.04991,0.002979,0.000324
0,-0.138813,0.048228,-0.305878,0.02568,-0.274876,-0.018796,0.002423,0.000842
0,0.012643,-0.052586,0.124788,-0.128398,0.112462,-0.158793,0.000221,0.000918
0,-0.008509,0.174579,-0.018819,0.22973,0.012571,0.240087,0.000149,0.003047
0,0.081168,0.025678,0.064552,-0.140761,0.077812,-0.186014,0.001417,0.000448
0,0.179672,-0.016619,0.073057,-0.032729,0.118959,-0.07967,0.003136,0.00029
0,0.045963,0.198217,-0.150279,0.232084,-0.13123,0.231789,0.000802,0.00346
0,-0.093536,0.164334,-0.15916,-0.032247,-0.162275,-0.053655,0.001633,0.002868
0,0.063193,0.051985,0.141219,-0.111722,0.123265,-0.107174,0.001103,0.000907
0,-0.04909,0.091395,-0.113407,0.043007,-0.071796,0.046689,0.000857,0.001595
0,-0.096418,0.138371,-0.034562,0.053519,-0.045528,0.08297,0.001683,0.002415
0,0.068144,0.061899,0.148357,-0.090662,0.191069,-0.105653,0.001189,0.00108
0,0.061944,0.063332,-0.001269,0.026441,-0.007899,0.053646,0.001081,0.001105
0,0.062983,-0.008264,0.010399,-0.077928,-0.035187,-0.090496,0.001099,0.000144
0,0.054358,0.042554,-0.01201,0.076531,-0.017798,0.061574,0.000949,0.000743
0,0.018293,0.103089,-0.028765,0.068288,-0.019804,0.092773,0.000319,0.001799
0,0.126466,0.058313,0.128068,-0.039377,0.090328,-0.007542,0.002207,0.001018
0,-0.018029,-0.009299,-0.127867,-0.083206,-0.149254,-0.039663,0.000315,0.000162
0,0.182022,0.031866,0.184676,0.046394,0.174321,0.000523,0.003177,0.000556
0,-0.011053,0.176993,-0.182757,0.150452,-0.20473,0.188411,0.000193,0.003089
0,-0.010937,0.006749,0.016421,-0.161549,0.04779,-0.122442,0.000191,0.000118
0,0.058208,0.152264,0.059781,0.157232,0.06326,0.170894,0.001016,0.002658
0,0.192611,0.094107,0.158599,-0.067316,0.155396,-0.107592,0.003362,0.001642
0,-0.029806,0.017027,-0.212746,-0.09844,-0.188181,-0.118913,0.00052,0.000297
0,-0.108058,0.083544,-0.095913,0.07378,-0.137733,0.081253,0.001886,0.001458
0,0.003269,0.14394,0.132172,0.065602,0.145561,0.027269,5.7e-05,0.002512
0,0.136494,0.015467,0.109858,-0.156427,0.114126,-0.179306,0.002382,0.00027
0,0.007631,0.138339,-0.113987,0.103886,-0.075091,0.063836,0.000133,0.002414
0,-0.152297,0.112757,-0.151753,-0.02526,-0.105458,-0.020582,0.002658,0.001968
0,-0.071249,-0.175569,0.072951,-0.262948,0.096173,-0.227057,0.001244,0.003064
0,-0.00258,-0.139475,0.069171,0.054224,0.04659,0.090284,4.5e-05,0.002434
0,-0.05977,-0.017139,-0.045506,0.123298,-0.092535,0.16863,0.001043,0.000299
0,-0.092661,-0.100305,-0.033141,-0.089586,0.001448,-0.066656,0.001617,0.001751
0,-0.112782,0.008247,-0.013909,0.130664,-0.041182,0.123886,0.001968,0.000144
0,-0.038112,-0.007432,0.072357,-0.039829,0.063881,-0.063732,0.000665,0.00013
0,-0.047681,-0.010001,-0.006976,-0.009914,0.026352,0.026399,0.000832,0.000175
0,-0.071701,-0.016287,-0.033096,0.00399,0.003559,-0.016047,0.001251,0.000284
0,-0.000899,-0.141312,0.046702,-0.115705,0.021628,-0.093003,1.6e-05,0.002466
0,-0.142567,0.049416,-0.170943,0.186979,-0.144435,0.17136,0.002488,0.000862
0,-0.214523,-0.135668,-0.09605,-0.175208,-0.096587,-0.14785,0.003744,0.002368
0,0.009571,0.070558,0.231878,0.210835,0.24415,0.250468,0.000167,0.001231
0,-0.254066,0.070155,-0.287511,0.022987,-0.275384,-0.002826,0.004434,0.001224
0,-0.176999,0.017702,0.06991,-0.031735,0.068781,-0.00488,0.003089,0.000309
0,0.08437,0.112721,0.238952,0.106564,0.271459,0.097456,0.001473,0.001967
0,-0.106225,-0.008457,-0.170825,-0.125359,-0.121165,-0.081536,0.001854,0.000148
0,0.018559,-0.011637,0.145125,-0.008919,0.112695,0.022555,0.000324,0.000203
0,0.075479,0.106174,0.051975,0.110705,0.060693,0.123814,0.001317,0.001853
0,-0.074373,-0.137161,-0.166497,-0.237535,-0.185102,-0.260636,0.001298,0.002394
0,0.103442,-0.0969,0.152705,0.062398,0.193625,0.058974,0.001805,0.001691
0,0.092259,-0.081757,0.001987,0.032352,0.029875,0.007054,0.00161,0.001427
0,0.013726,-0.091855,-0.091955,-0.029939,-0.051125,-0.068701,0.00024,0.001603
0,0.089757,0.070772,0.053317,0.145998,0.066004,0.182162,0.001567,0.001235
0,-0.030793,-0.168506,-0.12833,-0.246282,-0.098597,-0.249509,0.000537,0.002941
0,-0.024893,0.013856,0.008457,0.20292,0.019038,0.173882,0.000434,0.000242
0,0.139016,-0.096004,0.142896,-0.135961,0.162249,-0.131965,0.002426,0.001676
0,0.035697,-0.158744,-0.131763,-0.065873,-0.09896,-0.025778,0.000623,0.002771
0,0.079855,-0.026856,0.071931,0.110573,0.041299,0.127035,0.001394,0.000469
0,0.174792,0.030696,0.122592,0.080362,0.160244,0.038963,0.003051,0.000536
0,-0.013951,0.000534,-0.213762,-0.009961,-0.205317,-0.016656,0.000243,9e-06
0,-0.007609,-0.095751,0.023592,-0.08376,0.059335,-0.052551,0.000133,0.001671
0,-0.020807,0.156918,-0.002771,0.270629,-0.029873,0.222977,0.000363,0.002739
0,-0.102925,-0.028724,-0.104749,-0.207453,-0.135514,-0.179847,0.001796,0.000501
0,-0.096016,-0.034984,0.002188,0.000275,0.016244,0.016088,0.001676,0.000611
0,0.135835,-0.025075,0.212682,-0.008567,0.22756,-0.035695,0.002371,0.000438
0,-0.024835,-0.119628,-0.168176,-0.123994,-0.217488,-0.113604,0.000433,0.002088
0,-0.053605,-0.07816,-0.017294,0.050239,-0.010465,0.075759,0.000936,0.001364
0,-0.1029,-0.091957,-0.028932,-0.003525,-0.009995,-0.024327,0.001796,0.001605
0,-0.10271,-0.136594,0.025991,-0.026199,0.028049,-0.07036,0.001793,0.002384
0,0.126247,-0.123026,0.242948,0.02747,0.286597,-0.005819,0.002203,0.002147
0,-0.10416,-0.005691,-0.228837,0.116346,-0.21916,0.124386,0.001818,9.9e-05
0,-0.00316,-0.01852,0.082364,-0.010201,0.071174,-0.058643,5.5e-05,0.000323
0,-0.167203,0.10971,-0.17395,0.15656,-0.201859,0.199184,0.002918,0.001915
0,-0.091566,0.078385,0.085208,-0.047253,0.040795,-0.082801,0.001598,0.001368
0,0.034246,-0.077319,0.117015,-0.130439,0.082165,-0.08773,0.000598,0.001349
0,-0.120702,-0.067951,-0.166828,-0.007747,-0.160304,-0.041646,0.002107,0.001186
0,-0.151767,0.017383,-0.013603,0.066962,-0.004648,0.020381,0.002649,0.000303
0,-0.196397,0.054382,-0.018574,0.05024,-0.025035,0.043807,0.003428,0.000949
0,-0.122126,-0.130158,0.071607,-0.15571,0.024445,-0.114955,0.002132,0.002272
0,-0.076344,-0.1794,0.053299,-0.066136,0.092528,-0.101145,0.001332,0.003131
0,-0.075778,-0.033823,0.022428,0.133046,0.013698,0.095792,0.001323,0.00059
0,0.055708,0.072289,0.146778,0.092711,0.15649,0.061553,0.000972,0.001262
0,-0.047612,0.061238,-0.120509,-0.02259,-0.160792,-0.042331,0.000831,0.001069
0,-0.165333,-0.049413,-0.12786,-0.139375,-0.089689,-0.103619,0.002886,0.000862
0,-0.149159,-0.108272,0.041214,-0.087073,0.036393,-0.109763,0.002603,0.00189
0,0.030773,0.07258,0.20674,0.191787,0.231328,0.184825,0.000537,0.001267
0,-0.193424,-0.078635,-0.236897,-0.151472,-0.231309,-0.10732,0.003376,0.001372
0,-0.145786,-0.067397,0.03768,-0.016921,0.04652,-0.036613,0.002544,0.001176
0,0.102051,-0.019931,0.232449,0.022593,0.202222,-0.006022,0.001781,0.000348
0,0.121926,-0.078199,0.041504,-0.02973,0.09091,-0.004089,0.002128,0.001365
0,0.042968,0.101555,-0.080539,0.174505,-0.061823,0.146252,0.00075,0.001772
0,-0.043136,0.032065,-0.093673,-0.09893,-0.074005,-0.097063,0.000753,0.00056
0,-0.076362,-0.035083,-0.006815,-0.07808,0.028476,-0.088385,0.001333,0.000612
0,-0.129639,-0.089604,-0.060577,-0.042138,-0.037768,-0.020524,0.002263,0.001564
0,0.083049,-0.079336,0.201433,0.036314,0.245769,0.005083,0.001449,0.001385
0,-0.037313,0.114224,-0.096763,0.177658,-0.08303,0.201514,0.000651,0.001994
0,-0.058537,0.081204,-0.015486,-0.062791,-0.001263,-0.021515,0.001022,0.001417
0,-0.021744,0.03739,0.027457,-0.034854,0.051564,-0.084405,0.00038,0.000653
0,-0.097796,0.007238,-0.091601,-0.024924,-0.078597,-0.046741,0.001707,0.000126
0,0.025891,0.000232,0.102097,0.021248,0.142156,0.024396,0.000452,4e-06
0,-0.034509,0.010347,-0.07633,-0.007489,-0.117619,-0.013392,0.000602,0.000181
0,0.041115,0.158753,0.088131,0.124637,0.126846,0.144451,0.000718,0.002771
0,0.043587,-0.097873,-0.003389,-0.240232,0.01359,-0.210071,0.000761,0.001708
0,0.097525,0.052787,0.08154,0.170372,0.108117,0.202474,0.001702,0.000921
0,0.027902,0.021604,-0.087436,-0.010558,-0.09404,-0.016779,0.000487,0.000377
0,-0.162879,-0.119034,-0.188314,-0.167729,-0.160212,-0.173841,0.002843,0.002078
0,-0.144108,-0.066031,0.040041,0.046,0.071232,0.027169,0.002515,0.001152
0,0.013523,-0.047897,0.167318,-0.008191,0.170433,-0.042996,0.000236,0.000836
0,-0.118554,0.115589,-0.120376,0.141701,-0.075081,0.168558,0.002069,0.002017
0,-0.048871,0.039138,0.066758,-0.095861,0.061361,-0.108427,0.000853,0.000683
0,-0.160301,-0.114515,-0.099818,-0.136277,-0.062441,-0.089106,0.002798,0.001999
0,-0.026107,-0.134686,0.158016,-0.017783,0.151747,-0.063969,0.000456,0.002351
0,-0.161704,-0.00746,-0.163607,0.109615,-0.197014,0.085597,0.002822,0.00013
0,-0.113897,0.164831,0.046553,0.155397,0.050423,0.185285,0.001988,0.002877
0,-0.179821,-0.118642,-0.087659,-0.276083,-0.057626,-0.314572,0.003138,0.002071
0,-0.012708,0.148997,0.156965,0.239326,0.202353,0.235504,0.000222,0.0026
0,-0.098993,-0.096396,-0.097596,-0.258922,-0.094789,-0.259395,0.001728,0.001682
0,0.015168,-0.075667,0.132537,-0.005827,0.094813,-0.012209,0.000265,0.001321
0,-0.09252,-0.010347,-0.092886,0.080315,-0.104944,0.088411,0.001615,0.000181
0,0.001618,0.00941,0.103604,0.029578,0.152642,0.014521,2.8e-05,0.000164
0,-0.001646,-0.036022,-0.022938,-0.028815,-0.032854,-0.009065,2.9e-05,0.000629
0,-0.059905,-0.026299,-0.034877,-0.002368,0.001776,-0.023373,0.001046,0.000459
0,-0.118868,0.033321,-0.063656,0.089133,-0.071472,0.098276,0.002075,0.000582
0,-0.178708,-0.015355,-0.08132,-0.025097,-0.111111,-0.009345,0.003119,0.000268
0,-0.00654,-0.125127,0.155477,-0.083761,0.154334,-0.1098,0.000114,0.002184
0,0.084991,-0.104836,0.088263,0.036267,0.129323,0.024218,0.001483,0.00183
0,-0.092409,-0.077542,-0.149771,0.002503,-0.151611,0.016384,0.001613,0.001353
0,-0.185524,-0.098844,-0.068969,0.004028,-0.062784,0.022055,0.003238,0.001725
0,-0.022028,-0.106884,0.15808,-0.018668,0.158888,-0.033088,0.000384,0.001865
0,-0.0927,-0.100041,-0.052534,0.005257,-0.083895,0.041126,0.001618,0.001746
0,-0.120451,-0.011269,-0.045136,0.105713,-0.076546,0.060671,0.002102,0.000197
0,0.000431,-0.068656,0.106185,-0.033784,0.096573,-0.026806,8e-06,0.001198
0,-0.12801,0.001282,-0.113286,0.048981,-0.130876,0.006727,0.002234,2.2e-05
0,0.078129,-0.036959,0.19409,-0.035585,0.198636,-0.023633,0.001364,0.000645
0,-0.084108,0.002103,-0.169329,0.046955,-0.201795,0.029416,0.001468,3.7e-05
0,-0.157745,-0.19796,-0.075856,-0.224743,-0.11916,-0.210958,0.002753,0.003455
0,0.008795,-0.068741,0.177323,0.101363,0.146214,0.124018,0.000153,0.0012
0,-0.168883,-0.133105,-0.147905,-0.080055,-0.153503,-0.062819,0.002948,0.002323
0,0.075635,0.064594,0.263835,0.186507,0.278823,0.20742,0.00132,0.001127
0,-0.016786,-0.118355,-0.110846,-0.168305,-0.062443,-0.165423,0.000293,0.002066
0,-0.067492,-0.096685,-0.075317,0.039297,-0.053385,0.085364,0.001178,0.001687
0,-0.046676,-0.195594,-0.009173,-0.12731,0.038657,-0.150205,0.000815,0.003414
0,-0.219081,-0.030123,-0.165407,0.194723,-0.162455,0.216221,0.003824,0.000526
0,0.086698,0.057298,0.300732,0.113027,0.341452,0.147364,0.001513,0.001
0,-0.01995,-0.044628,-0.096125,-0.112533,-0.055917,-0.084331,0.000348,0.000779
0,-0.068232,0.012704,-0.07605,0.034171,-0.053416,0.059519,0.001191,0.000222
0,0.045726,0.06898,0.095785,0.029191,0.078459,-0.010602,0.000798,0.001204
0,0.001246,-0.06344,-0.031491,-0.142997,-0.055147,-0.186896,2.2e-05,0.001107
0,-0.151656,-0.019732,-0.153953,0.043855,-0.198916,0.041904,0.002647,0.000344
0,0.029547,0.029814,0.163807,0.038767,0.178876,-0.003577,0.000516,0.00052
0,0.113929,-0.187333,0.074783,-0.245151,0.119,-0.202425,0.001988,0.00327
0,-0.048056,-0.080453,-0.191698,0.090828,-0.237288,0.100928,0.000839,0.001404
0,0.03283,-0.14584,0.102491,-0.064803,0.121357,-0.09048,0.000573,0.002545
0,-0.026583,-0.089746,-0.074589,0.048658,-0.088446,0.047013,0.000464,0.001566
0,0.10879,0.040543,0.110857,0.105691,0.154499,0.056574,0.001899,0.000708
0,-0.042584,-0.035709,-0.144207,-0.100655,-0.151605,-0.135614,0.000743,0.000623
0,0.070057,-0.109453,0.104824,-0.09616,0.06553,-0.070105,0.001223,0.00191
0,-0.05156,-0.143581,-0.108011,-0.02073,-0.092101,-0.023924,0.0009,0.002506
0,-0.105917,-0.100146,-0.047699,0.035512,-0.080358,0.076471,0.001849,0.001748
0,-0.068145,-0.132637,0.053984,-0.027007,0.070181,0.007043,0.001189,0.002315
0,-0.04114,-0.17405,0.021486,-0.04856,0.040981,-0.087606,0.000718,0.003038
0,0.055132,0.066132,0.066638,0.21061,0.087852,0.25847,0.000962,0.001154
0,-0.120699,0.046587,-0.191519,-0.030635,-0.187853,-0.030582,0.002107,0.000813
0,-0.141066,-0.179432,-0.021399,-0.220641,0.018348,-0.23465,0.002462,0.003132
0,-0.038624,0.012035,0.116071,0.197338,0.086551,0.150582,0.000674,0.00021
0,-0.055007,-0.199985,0.00761,-0.216286,0.04487,-0.191937,0.00096,0.00349
0,-0.037484,-0.150522,0.023372,0.071094,0.04088,0.11971,0.000654,0.002627
0,0.078971,0.067795,0.121349,0.243248,0.104848,0.214254,0.001378,0.001183
0,-0.020056,0.056662,-0.073853,-0.033009,-0.093314,-0.009546,0.00035,0.000989
0,0.00362,0.072774,0.015868,0.001595,0.062392,0.015715,6.3e-05,0.00127
0,0.178492,-0.031912,0.164883,-0.112788,0.154594,-0.076805,0.003115,0.000557
0,0.127972,0.0535,-0.038285,0.064566,-0.00204,0.053931,0.002234,0.000934
0,0.011553,-0.03145,-0.091598,-0.060795,-0.091786,-0.058225,0.000202,0.000549
0,0.067873,-0.079467,0.040443,-0.053573,0.082215,-0.025154,0.001185,0.001387
0,-0.059727,0.000493,-0.147039,0.099501,-0.158889,0.104554,0.001042,9e-06
0,0.150114,-0.075246,0.181199,-0.076538,0.156451,-0.028178,0.00262,0.001313
0,-0.000361,-0.205022,-0.136947,-0.134751,-0.105696,-0.162615,6e-06,0.003578
0,-0.152254,-0.068676,-0.127992,0.164235,-0.103012,0.173729,0.002657,0.001199
0,-0.005308,-0.102009,0.148104,-0.004832,0.170746,0.042767,9.3e-05,0.00178
0,-0.180496,-0.208947,-0.183136,-0.092846,-0.160261,-0.120016,0.00315,0.003647
0,0.073327,-0.181514,0.2404,0.033364,0.233281,-0.005097,0.00128,0.003168
0,0.068787,-0.00601,-0.013817,0.149429,0.012892,0.143097,0.001201,0.000105
0,0.003168,-0.214713,-0.046508,-0.186079,-0.014606,-0.207234,5.5e-05,0.003747
0,-0.032006,-0.206091,-0.026252,-0.016414,-0.003176,0.028985,0.000559,0.003597
0,-0.085409,-0.240592,-0.07947,-0.006407,-0.114973,-0.041736,0.001491,0.004199
0,-0.092317,-0.073704,-0.002156,0.139032,-0.014902,0.09702,0.001611,0.001286
0,-0.061008,-0.203149,0.050902,-0.130457,0.087129,-0.177756,0.001065,0.003546
0,-0.059635,-0.140283,0.006363,0.080676,-0.024492,0.047288,0.001041,0.002448
0,0.037615,-0.111774,0.109147,0.058256,0.099826,0.083063,0.000656,0.001951
0,0.042362,-0.067432,0.008814,0.051186,0.042267,0.052289,0.000739,0.001177
0,0.057445,-0.141021,0.005752,-0.044295,-0.002075,-0.072682,0.001003,0.002461
0,-0.000301,-0.224997,-0.048198,-0.058405,-0.039069,-0.068892,5e-06,0.003927
0,-0.070111,-0.167765,-0.08909,0.046655,-0.071588,0.046394,0.001224,0.002928
0,-0.126253,-0.145979,-0.056962,0.01096,-0.037407,-0.022784,0.002204,0.002548
0,0.017713,-0.037416,0.150724,0.132817,0.136616,0.099229,0.000309,0.000653
0,-0.134743,-0.083879,-0.171255,-0.032686,-0.169342,-0.025562,0.002352,0.001464
0,-0.045893,-0.176099,0.061779,-0.090782,0.039519,-0.079688,0.000801,0.003074
0,0.076367,0.072778,0.093854,0.264172,0.121451,0.255357,0.001333,0.00127
0,-0.022401,-0.114865,-0.07713,-0.157799,-0.097787,-0.133736,0.000391,0.002005
0,-0.151353,-0.080764,-0.103282,0.016929,-0.08817,0.06242,0.002642,0.00141
0,0.034818,0.0967,0.183247,0.158327,0.154568,0.129404,0.000608,0.001688
0,-0.064026,-0.087562,-0.127167,-0.201325,-0.082433,-0.235229,0.001117,0.001528
0,-0.091741,-0.115521,-0.032243,-0.025051,-0.066305,0.007964,0.001601,0.002016
0,-0.224832,-0.113378,-0.108118,-0.013208,-0.132577,0.014532,0.003924,0.001979
0,-0.213351,0.14095,0.033264,0.26714,0.042849,0.307406,0.003724,0.00246
0,-0.062294,0.020542,0.132425,-0.10822,0.128284,-0.091484,0.001087,0.000359
0,-0.074394,0.089085,-0.035949,0.090704,-0.07776,0.120295,0.001298,0.001555
0,-0.190893,0.139074,-0.099845,0.026081,-0.071813,0.006807,0.003332,0.002427
0,-0.164624,-0.085696,0.024602,-0.232943,-0.025225,-0.245135,0.002873,0.001496
0,0.030032,-0.148979,0.185111,-0.053081,0.166415,-0.075414,0.000524,0.0026
0,-0.10432,0.051168,-0.122791,0.217126,-0.139914,0.22623,0.001821,0.000893
0,0.115213,0.025474,0.238807,-0.039889,0.287592,-0.025334,0.002011,0.000445
0,0.027465,-0.105902,-0.061419,-0.113951,-0.012427,-0.087477,0.000479,0.001848
0,-0.002922,-0.002201,-0.053632,0.125256,-0.044148,0.094538,5.1e-05,3.8e-05
0,0.096737,-0.109127,0.104752,-0.129502,0.096263,-0.084673,0.001688,0.001905
0,0.039871,0.075883,-0.030486,0.184985,-0.057979,0.14557,0.000696,0.001324
0,-0.170978,-0.184311,-0.230542,-0.261593,-0.250979,-0.268442,0.002984,0.003217
0,-0.079747,0.072892,0.109128,0.256233,0.074337,0.271663,0.001392,0.001272
0,-0.030676,0.038738,0.065801,-0.040085,0.085508,-0.021352,0.000535,0.000676
0,0.041414,-0.16201,0.098028,-0.22206,0.105706,-0.261871,0.000723,0.002828
0,0.082184,-0.191859,0.026648,-0.012207,0.046276,-0.037506,0.001434,0.003349
0,0.005357,-0.045461,-0.101956,0.152586,-0.114151,0.161922,9.3e-05,0.000793
0,-0.012625,0.03629,-0.017526,0.068963,-0.008936,0.106838,0.00022,0.000633
0,0.013739,0.037149,0.036311,-0.018642,0.059932,-0.022039,0.00024,0.000648
0,0.050883,0.031485,0.0094,0.008862,-0.009497,0.047665,0.000888,0.00055
0,-0.070768,-0.091199,-0.129003,-0.107658,-0.173654,-0.10471,0.001235,0.001592
0,0.08757,0.06853,0.17061,0.183856,0.160698,0.227903,0.001528,0.001196
0,0.109257,0.029882,-0.008208,-0.027494,-0.014176,-0.023897,0.001907,0.000522
0,0.006648,-0.122324,-0.081278,-0.15818,-0.106642,-0.118052,0.000116,0.002135
0,0.06317,0.128261,0.057386,0.227905,0.090022,0.260055,0.001103,0.002239
0,-0.011448,0.131815,-0.094468,0.026244,-0.081236,0.023493,0.0002,0.002301
0,-0.067577,-0.078764,-0.060762,-0.181599,-0.078654,-0.213169,0.001179,0.001375
0,0.1242,-0.029174,0.208165,0.045156,0.215394,0.079118,0.002168,0.000509
0,0.035575,0.028093,-0.067952,0.06281,-0.045714,0.103787,0.000621,0.00049
0,-0.068368,0.088089,-0.106547,0.047443,-0.118306,0.046765,0.001193,0.001537
0,0.057156,-0.183654,0.125974,-0.261285,0.148734,-0.292819,0.000998,0.003205
0,-0.0662,0.01114,-0.140618,0.178345,-0.106516,0.178475,0.001155,0.000194
0,-0.022087,-0.204433,0.0461,-0.204523,0.019461,-0.1725,0.000385,0.003568
0,0.004268,-0.023156,0.014713,0.2016,0.048004,0.170395,7.4e-05,0.000404
0,-0.039211,-0.130089,-0.02215,-0.098619,-0.046761,-0.136802,0.000684,0.00227
0,0.212944,-0.025074,0.273026,0.107899,0.248682,0.109831,0.003717,0.000438
0,0.209769,-0.040562,-0.011166,-0.025414,-0.014624,-0.060939,0.003661,0.000708
0,0.011366,0.057841,-0.175479,0.126524,-0.138845,0.128824,0.000198,0.00101
0,0.151357,0.034947,0.116344,-0.042732,0.073398,-0.016126,0.002642,0.00061
0,0.154094,-0.054411,0.029901,-0.100148,0.004015,-0.120445,0.002689,0.00095
0,0.087581,-0.144519,-0.053068,-0.082047,-0.010465,-0.078625,0.001529,0.002522
0,-0.043464,-0.091091,-0.149144,0.076073,-0.191567,0.085794,0.000759,0.00159
0,0.057542,-0.180283,0.07587,-0.112882,0.099404,-0.0764,0.001004,0.003147
0,0.133609,-0.014207,0.101241,0.150226,0.055157,0.19626,0.002332,0.000248
0,0.032009,-0.145052,-0.088794,-0.157672,-0.087094,-0.156638,0.000559,0.002532
0,0.203608,-0.048383,0.165021,0.123812,0.157461,0.106604,0.003554,0.000844
0,0.047606,-0.175685,-0.171821,-0.10767,-0.154906,-0.15517,0.000831,0.003066
0,-0.011659,-0.037928,-0.048334,0.167599,-0.026014,0.138847,0.000203,0.000662
0,-0.013482,-0.033022,-0.018317,-0.020398,-0.004924,-0.058454,0.000235,0.000576
0,-0.027434,-0.100177,-0.034481,-0.074086,-0.013021,-0.085569,0.000479,0.001748
0,-0.093711,-0.165047,-0.057623,-0.091651,-0.084445,-0.128583,0.001636,0.002881
0,-0.028029,-0.103352,0.077379,0.035416,0.120043,0.017417,0.000489,0.001804
0,0.016775,-0.12079,0.04635,-0.017232,0.036421,-0.027164,0.000293,0.002108
0,0.079126,-0.117047,0.058396,0.029776,0.090375,0.051376,0.001381,0.002043
0,0.048041,0.034485,-0.048117,0.134862,-0.045958,0.130955,0.000838,0.000602
0,-0.037646,0.082986,-0.098977,0.0526,-0.102865,0.029753,0.000657,0.001448
0,0.032187,-0.050328,0.072398,-0.136285,0.097044,-0.122143,0.000562,0.000878
0,0.032579,-0.106123,0.023137,-0.063372,0.059559,-0.093719,0.000569,0.001852
0,0.159961,0.131413,0.10938,0.222389,0.156876,0.22924,0.002792,0.002294
0,-0.031634,0.110905,-0.212356,-0.049682,-0.188836,-0.018568,0.000552,0.001936
0,0.149739,-0.007261,0.170816,-0.095571,0.212492,-0.111238,0.002613,0.000127
0,0.003416,0.119334,-0.156064,0.124571,-0.176748,0.147065,6e-05,0.002083
0,0.048185,-0.066514,0.017619,-0.207113,0.045947,-0.219241,0.000841,0.001161
0,0.182575,-0.02341,0.135188,0.057367,0.175331,0.036568,0.003187,0.000409
0,0.052811,-0.076049,-0.157231,-0.067006,-0.167582,-0.019704,0.000922,0.001327
0,0.145585,0.024897,0.120317,0.090522,0.071948,0.133852,0.002541,0.000435
0,0.260141,-0.130588,0.144556,-0.164728,0.137191,-0.118703,0.00454,0.002279
0,0.05094,-0.068161,-0.236908,0.046422,-0.277719,0.05965,0.000889,0.00119
0,0.156522,0.085859,0.094788,0.152414,0.141127,0.185481,0.002732,0.001499
0,0.186188,-0.06576,0.002544,-0.128168,0.016158,-0.121841,0.00325,0.001148
0,0.139987,0.08179,-0.04487,0.147203,-0.073437,0.1482,0.002443,0.001428
0,0.199988,0.061576,0.079591,-0.038499,0.099295,-0.02125,0.00349,0.001075
0,0.112512,0.037999,-0.090201,-0.00883,-0.108198,0.040604,0.001964,0.000663
0,0.195282,0.079125,0.112599,0.032158,0.095343,-0.004308,0.003408,0.001381
0,0.173837,-0.056556,-0.009829,-0.113247,-0.024156,-0.084396,0.003034,0.000987
0,0.170891,0.079678,0.017105,0.128102,0.017142,0.135241,0.002983,0.001391
0,-0.01799,0.152425,-0.191203,0.076442,-0.234842,0.033512,0.000314,0.00266
0,0.094717,0.047661,0.135271,-0.12163,0.129726,-0.156622,0.001653,0.000832
0,0.024643,0.023473,-0.040866,-0.016928,-0.026987,-0.030387,0.00043,0.00041
0,0.085413,0.010853,0.050701,-0.029326,0.053805,-0.037983,0.001491,0.000189
0,0.034772,0.024505,-0.058922,-0.003884,-0.061017,0.046002,0.000607,0.000428
0,0.143449,0.085736,0.083374,0.078135,0.107012,0.083308,0.002504,0.001496
0,-0.132831,-0.019257,-0.305075,-0.087839,-0.289777,-0.076156,0.002318,0.000336
0,-0.072932,0.104515,0.034211,0.11386,0.067292,0.115859,0.001273,0.001824
0,-0.193254,0.117743,-0.096492,0.011723,-0.10205,5e-05,0.003373,0.002055
0,0.05656,-0.02669,0.256912,-0.142054,0.209546,-0.123074,0.000987,0.000466
0,-0.055517,0.074005,-0.112743,0.075538,-0.1566,0.101773,0.000969,0.001292
0,0.011676,0.108265,0.091752,0.025981,0.07058,0.004007,0.000204,0.00189
0,0.01737,0.041898,-0.01411,-0.076766,0.004836,-0.120571,0.000303,0.000731
0,-0.222815,0.095268,-0.215784,0.043097,-0.263302,0.008321,0.003889,0.001663
0,-0.078081,0.137696,0.118216,0.049475,0.096329,0.024637,0.001363,0.002403
0,0.013836,-0.13535,0.12166,-0.246675,0.100042,-0.260767,0.000241,0.002362
0,-0.073333,0.050809,-0.099283,0.190183,-0.126184,0.177491,0.00128,0.000887
0,-0.097576,-0.017565,0.00164,-0.06265,0.004565,-0.109368,0.001703,0.000307
0,0.160373,-0.008264,0.24701,-0.008013,0.23534,0.017885,0.002799,0.000144
0,-0.004982,0.012327,-0.176861,0.001384,-0.151301,-0.007107,8.7e-05,0.000215
0,0.017198,-0.003294,0.03467,-0.010006,0.051476,-0.034539,0.0003,5.7e-05
0,0.135185,-0.055485,0.094458,-0.038884,0.104021,-0.077927,0.002359,0.000968
0,0.001917,-0.025111,-0.108513,0.043362,-0.073809,0.014831,3.3e-05,0.000438
0,-0.074575,0.055864,-0.046898,0.081872,-0.059941,0.097887,0.001302,0.000975
0,0.052492,0.049431,0.156547,0.012746,0.158584,0.056538,0.000916,0.000863
0,0.10563,-0.176455,0.064029,-0.239712,0.061932,-0.282186,0.001844,0.00308
0,-0.146764,-0.08106,-0.249573,0.112929,-0.221009,0.13143,0.002562,0.001415
0,0.098972,-0.008558,0.242612,0.052539,0.210131,0.031076,0.001727,0.000149
0,0.030572,-0.142612,-0.083839,-0.119049,-0.066028,-0.095554,0.000534,0.002489
0,-0.011821,-0.014303,-0.046865,0.114764,-0.080982,0.124468,0.000206,0.00025
0,0.02318,-0.166244,0.046804,-0.146985,-0.002855,-0.099021,0.000405,0.002902
0,-0.197875,-0.041247,-0.230416,0.108356,-0.197862,0.157935,0.003454,0.00072
0,-0.244207,-0.222224,-0.056897,-0.205525,-0.055156,-0.1989,0.004262,0.003879
0,-0.015288,0.036928,0.222682,0.23184,0.25743,0.250145,0.000267,0.000645
0,-0.148671,-0.034628,-0.161826,-0.094496,-0.120389,-0.092356,0.002595,0.000604
0,-0.126625,0.049334,-0.0063,0.097906,0.036804,0.138656,0.00221,0.000861
0,-0.14877,-0.029851,-0.027245,-0.089574,-0.06433,-0.122269,0.002597,0.000521
0,-0.074677,-0.024855,0.100319,-0.024581,0.074151,-0.073523,0.001303,0.000434
0,-0.189762,-0.10637,-0.134638,-0.099602,-0.173141,-0.108896,0.003312,0.001857
0,-0.19211,0.008261,0.016538,0.115006,0.025896,0.136837,0.003353,0.000144
0,-0.007278,0.012613,0.186749,-0.011943,0.169033,-0.029045,0.000127,0.00022
0,-0.141155,-0.078575,-0.125085,-0.101421,-0.110982,-0.072096,0.002464,0.001371
0,0.195574,-0.071956,0.327788,-0.021675,0.319569,-0.047321,0.003413,0.001256
0,-0.049766,0.01795,-0.217729,0.115219,-0.179863,0.068305,0.000869,0.000313
0,0.103628,-0.011318,0.123596,-0.024674,0.148029,0.015606,0.001809,0.000198
0,0.041086,0.015909,-0.089938,-0.001309,-0.134308,0.008424,0.000717,0.000278
0,0.168699,-0.193869,0.154978,-0.194381,0.150223,-0.163718,0.002944,0.003384
0,0.134794,0.111757,-0.059272,0.316312,-0.024728,0.336143,0.002353,0.001951
0,-0.003582,-0.095804,-0.163055,-0.179486,-0.136649,-0.201534,6.3e-05,0.001672
0,0.064891,0.098538,0.062779,0.21052,0.043527,0.202989,0.001133,0.00172
0,0.219146,0.045919,0.172517,-0.034508,0.209364,-0.02611,0.003825,0.000801
0,0.242801,0.047034,0.045226,-0.019734,0.093736,-0.061944,0.004238,0.000821
0,0.211395,-0.097761,-0.010128,-0.170847,-0.030531,-0.129346,0.00369,0.001706
0,0.012468,-0.05633,-0.205623,0.027397,-0.231073,0.010436,0.000218,0.000983
0,-0.001812,0.063314,-0.006567,0.100692,0.012885,0.142622,3.2e-05,0.001105
0,0.014169,-0.100438,0.013496,-0.19072,0.017501,-0.16787,0.000247,0.001753
0,-0.062237,-0.164717,-0.071094,-0.046261,-0.024766,-0.089009,0.001086,0.002875
0,-0.064303,0.0126,-0.020807,0.154206,-0.024723,0.157312,0.001122,0.00022
0,0.091914,-0.035143,0.166809,-0.034985,0.144943,-0.00689,0.001604,0.000613
0,0.103191,0.076014,0.018968,0.107578,-0.029688,0.061105,0.001801,0.001327
0,0.050953,0.030774,-0.056989,-0.031542,-0.096026,-0.012275,0.000889,0.000537
0,-0.081338,0.010987,-0.102451,-0.048263,-0.087299,-0.022588,0.00142,0.000192
0,-0.152984,-0.007754,-0.083796,-0.027304,-0.071436,-0.067796,0.00267,0.000135
0,0.019166,0.041119,0.192618,0.077723,0.223223,0.106732,0.000335,0.000718
0,0.077301,-0.069493,0.077879,-0.119995,0.066215,-0.121921,0.001349,0.001213
0,-0.026698,-0.148647,-0.09091,-0.074709,-0.078594,-0.025222,0.000466,0.002594
0,0.073554,-0.095238,0.095858,0.059406,0.081818,0.067784,0.001284,0.001662
0,-0.065932,0.004012,-0.153076,0.070203,-0.179895,0.058893,0.001151,7e-05
0,-0.005934,0.056812,0.054189,0.049732,0.103236,0.092806,0.000104,0.000992
0,-0.038099,-0.117383,-0.004423,-0.146068,0.013401,-0.143796,0.000665,0.002049
0,0.013961,0.031148,0.023313,0.147627,-0.012766,0.186001,0.000244,0.000544
0,0.024035,-0.001414,0.035042,-0.035381,0.011452,-0.053455,0.000419,2.5e-05
0,-0.131608,-0.088665,-0.165891,-0.110749,-0.174091,-0.096822,0.002297,0.001547
0,0.014901,0.052786,0.165535,0.122914,0.176456,0.113811,0.00026,0.000921
0,-0.061945,0.046412,-0.058754,0.013032,-0.0809,-0.011438,0.001081,0.00081
0,0.041047,-0.085748,0.101143,-0.106447,0.06707,-0.121597,0.000716,0.001497
0,0.076476,-0.069187,0.015108,0.008671,0.040225,-0.026947,0.001335,0.001208
0,0.180926,0.038954,0.109004,0.116403,0.065753,0.06959,0.003158,0.00068
0,-0.045571,0.000315,-0.200021,-0.029519,-0.166894,-0.035588,0.000795,6e-06
0,-0.097713,0.061492,-0.078876,0.065088,-0.042038,0.068235,0.001705,0.001073
0,-0.000241,0.132718,0.105759,0.091456,0.118909,0.07379,4e-06,0.002316
0,-0.145898,0.042357,-0.157033,-0.078214,-0.178467,-0.081619,0.002546,0.000739
0,-0.073667,-0.093877,0.049646,-0.109002,0.023353,-0.137837,0.001286,0.001638
0,-0.130244,0.065331,-0.065376,0.16401,-0.112185,0.210884,0.002273,0.00114
0,0.108633,0.034229,0.219644,-0.059654,0.212019,-0.1066,0.001896,0.000597
0,-0.066695,0.066534,-0.152442,0.029427,-0.18326,-0.014384,0.001164,0.001161
0,0.121179,0.14016,0.171207,0.094211,0.143832,0.099888,0.002115,0.002446
0,-0.022813,0.079631,-0.135697,-0.087019,-0.122599,-0.117363,0.000398,0.00139
0,-0.007551,0.126392,-0.01014,0.031074,0.020553,0.060863,0.000132,0.002206
0,-0.063806,-0.107115,-0.042828,-0.220731,-0.061089,-0.248582,0.001114,0.00187
0,-0.091653,0.10246,-0.035735,0.207766,-0.04105,0.255301,0.0016,0.001788
0,-0.149801,-0.104305,-0.084066,-0.230251,-0.118612,-0.212085,0.002615,0.00182
0,-0.101596,0.074349,0.058899,0.175672,0.038716,0.166354,0.001773,0.001298
0,-0.114395,-0.017212,-0.021857,-0.099684,-0.033948,-0.078937,0.001997,0.0003
0,0.002536,0.028619,0.118387,0.043333,0.143772,0.00781,4.4e-05,0.0005
0,-0.093127,0.097021,-0.089401,0.074245,-0.099658,0.090397,0.001625,0.001693
0,0.029505,-0.13819,0.126152,-0.256204,0.160952,-0.29806,0.000515,0.002412
0,-0.006225,-0.100378,-0.037395,0.030866,-0.042376,0.03891,0.000109,0.001752
0,0.069996,-0.142647,0.065528,-0.026861,0.029521,-0.058505,0.001222,0.00249
0,0.093293,-0.168976,0.021204,-0.005256,0.047369,-0.021809,0.001628,0.002949
0,0.011966,0.04006,-0.091301,0.237202,-0.137974,0.241135,0.000209,0.000699
0,-0.170889,0.047431,-0.175989,-0.00349,-0.18222,-0.025161,0.002983,0.000828
0,0.106089,-0.11883,0.27148,-0.170809,0.317898,-0.121954,0.001852,0.002074
0,0.016945,0.005767,-0.096744,0.144633,-0.14385,0.165615,0.000296,0.000101
0,0.151946,-0.04876,0.128517,-0.043629,0.095811,-0.05789,0.002652,0.000851
0,0.049524,-0.016089,-0.07476,0.047876,-0.074499,0.021266,0.000864,0.000281
0,0.065096,0.084883,0.032277,0.079764,0.053103,0.104327,0.001136,0.001481
0,0.020722,-0.083724,-0.052606,-0.149605,-0.088241,-0.166216,0.000362,0.001461
0,-0.005671,0.030048,-0.011231,0.126809,-0.032462,0.117374,9.9e-05,0.000524
0,0.180624,-0.006799,0.165396,-0.065653,0.211485,-0.039891,0.003152,0.000119
0,0.124914,0.026849,-0.03427,0.032328,-0.057912,0.018931,0.00218,0.000469
0,0.039442,-0.128095,-0.074017,-0.15288,-0.029003,-0.12414,0.000688,0.002236
0,-0.113926,0.150761,-0.132643,0.261695,-0.103769,0.25931,0.001988,0.002631
0,-0.087992,0.009525,0.044851,-0.119804,0.091051,-0.118054,0.001536,0.000166
0,0.178474,0.139998,0.283309,0.15024,0.245628,0.128112,0.003115,0.002443
0,-0.011278,-0.042216,-0.215932,-0.195515,-0.260471,-0.214437,0.000197,0.000737
0,0.072527,0.070238,0.064031,0.086931,0.01768,0.070571,0.001266,0.001226
0,-0.060914,-0.038098,-0.127877,-0.084281,-0.150239,-0.086419,0.001063,0.000665
0,0.054367,-0.057213,0.139167,-0.012506,0.097572,0.028861,0.000949,0.000999
0,-0.024598,-0.082168,-0.083619,-0.035108,-0.085576,-0.064935,0.000429,0.001434
0,0.034509,0.01946,0.077912,0.08541,0.120018,0.102162,0.000602,0.00034
0,0.072455,-0.087554,0.048457,-0.133483,0.088138,-0.103739,0.001265,0.001528
0,0.299285,-0.102615,0.223755,0.013637,0.272212,0.043508,0.005224,0.001791
0,0.017966,-0.023922,-0.258709,0.069964,-0.236663,0.049545,0.000314,0.000418
0,0.214933,0.145561,0.211701,0.147431,0.251351,0.10496,0.003751,0.002541
0,0.241926,-0.090936,0.034246,-0.250378,0.030717,-0.203865,0.004222,0.001587
0,0.084536,-0.024023,-0.132923,0.091655,-0.140077,0.069749,0.001475,0.000419
0,0.020798,0.180204,-0.090346,0.180208,-0.135472,0.160216,0.000363,0.003145
0,0.156226,0.04647,0.157971,-0.153185,0.14772,-0.128484,0.002727,0.000811
0,0.296705,0.17923,0.12725,0.119102,0.145444,0.148975,0.005178,0.003128
0,0.324915,-0.058592,-0.000904,-0.211699,0.021961,-0.181513,0.005671,0.001023
0,0.27464,0.02972,-0.073938,0.098127,-0.063843,0.140825,0.004793,0.000519
0,0.103242,0.117184,-0.16955,0.084471,-0.178637,0.129142,0.001802,0.002045
0,0.217487,0.071126,0.116494,-0.060988,0.103618,-0.0581,0.003796,0.001241
0,0.22485,0.179984,-0.007354,0.109456,-1.9e-05,0.122284,0.003924,0.003141
0,0.317368,-0.091593,0.11306,-0.274832,0.083435,-0.267743,0.005539,0.001599
0,0.100109,-0.056397,-0.214152,0.042657,-0.18365,0.063267,0.001747,0.000984
0,0.133864,0.163548,0.029767,0.220661,0.078699,0.212588,0.002336,0.002854
0,-0.052877,-0.099025,-0.182194,-0.240545,-0.225134,-0.224185,0.000923,0.001728
0,0.130574,0.167998,0.187243,0.293701,0.190371,0.268105,0.002279,0.002932
0,0.178442,0.07295,0.045628,-0.094562,0.081916,-0.140189,0.003114,0.001273
0,0.178941,0.071563,0.010766,0.006012,0.036929,0.04855,0.003123,0.001249
0,-0.047964,-0.098341,-0.213006,-0.19078,-0.254959,-0.166568,0.000837,0.001716
0,0.144842,-0.125183,0.209395,-0.03614,0.160592,-0.019745,0.002528,0.002185
0,0.088619,-0.077383,-0.044826,0.070252,-0.075762,0.057232,0.001547,0.001351
0,-0.011981,0.031826,-0.123588,0.128413,-0.138015,0.173442,0.000209,0.000555
0,-0.109885,-0.041262,-0.119487,-0.052659,-0.119715,-0.015056,0.001918,0.00072
0,-0.104367,0.014021,0.028486,0.044425,0.076132,0.035488,0.001822,0.000245
0,0.015113,-0.037242,0.117372,-0.080857,0.14856,-0.108893,0.000264,0.00065
0,-0.042591,0.080139,-0.066707,0.093436,-0.111851,0.129071,0.000743,0.001399
0,-0.042473,-0.048444,-0.003723,-0.151549,0.004554,-0.166131,0.000741,0.000846
0,-0.189699,-0.105971,-0.134422,-0.044799,-0.177407,-0.026789,0.003311,0.00185
0,-0.010022,0.115617,0.17989,0.246822,0.135849,0.232891,0.000175,0.002018
0,-0.086914,0.098885,-0.086165,0.007412,-0.039728,0.050403,0.001517,0.001726
0,0.056046,-0.104902,0.118045,-0.225834,0.16533,-0.204192,0.000978,0.001831
0,0.008723,-0.010084,-0.072676,0.067437,-0.072433,0.06373,0.000152,0.000176
0,0.040386,0.022849,0.036279,0.013364,0.03677,-0.012221,0.000705,0.000399
0,-0.042485,-0.012836,-0.108507,-0.054484,-0.103617,-0.061636,0.000742,0.000224
0,0.09631,0.100994,0.121295,0.091592,0.133523,0.078062,0.001681,0.001763
0,-0.018979,-0.02908,-0.140205,-0.105678,-0.104065,-0.10499,0.000331,0.000508
0,0.062367,0.055306,0.098369,0.079733,0.075878,0.113891,0.001089,0.000965
0,0.053071,0.042924,0.012838,-0.033506,0.057013,-0.058993,0.000926,0.000749
0,-0.121249,0.010445,-0.145349,-0.059149,-0.096831,-0.037205,0.002116,0.000182
0,-0.028586,-0.08221,0.086868,-0.083311,0.097248,-0.065312,0.000499,0.001435
0,-0.019858,0.095112,-0.003738,0.16199,-0.044259,0.128455,0.000347,0.00166
0,-0.273576,0.113083,-0.231972,-0.004001,-0.240078,0.01126,0.004775,0.001974
0,-0.193777,0.116041,0.103916,0.004466,0.073657,-0.015341,0.003382,0.002025
0,-0.095058,0.085895,0.081962,-0.013928,0.073149,0.001906,0.001659,0.001499
0,-0.105677,0.104162,0.004043,0.020785,-0.014977,0.03764,0.001844,0.001818
0,-0.115838,0.031221,-0.015978,-0.070086,0.030108,-0.053644,0.002022,0.000545
0,-0.169113,-0.097749,-0.048356,-0.148751,-0.050343,-0.146331,0.002952,0.001706
0,-0.005363,-0.084838,0.159805,-0.007522,0.177468,-0.03676,9.4e-05,0.001481
0,-0.112745,0.171367,-0.136159,0.244634,-0.092907,0.269486,0.001968,0.002991
0,0.076162,-0.035627,0.163398,-0.210187,0.190055,-0.255529,0.001329,0.000622
0,-0.143697,0.036029,-0.217701,0.063811,-0.18458,0.029619,0.002508,0.000629
0,-0.211886,0.143134,-0.067523,0.089804,-0.078628,0.119354,0.003698,0.002498
0,0.012372,-0.022597,0.203234,-0.160975,0.252972,-0.151903,0.000216,0.000394
0,0.017424,0.002415,-0.016535,0.007974,0.023742,0.003773,0.000304,4.2e-05
0,-0.089468,0.020172,-0.114938,0.021205,-0.094631,0.04687,0.001562,0.000352
0,0.044893,-0.082546,0.124004,-0.121006,0.136828,-0.155982,0.000784,0.001441
0,0.005308,0.045997,-0.062525,0.155316,-0.062684,0.115854,9.3e-05,0.000803
0,0.176613,0.011942,0.169451,-0.048457,0.213101,-0.061301,0.003082,0.000208
0,-0.114299,0.21504,-0.280063,0.208817,-0.251102,0.165463,0.001995,0.003753
0,0.127302,0.10192,0.228312,-0.127095,0.194318,-0.1541,0.002222,0.001779
0,0.017005,0.116026,-0.132669,0.040745,-0.11845,0.090538,0.000297,0.002025
0,-0.039596,0.055989,-0.066789,-0.080238,-0.074706,-0.120706,0.000691,0.000977
0,0.054643,0.219567,0.117966,0.152144,0.108812,0.172015,0.000954,0.003832
0,0.0388,0.15635,0.004487,-0.053989,0.037941,-0.04085,0.000677,0.002729
0,-0.026164,0.024739,-0.090234,-0.132067,-0.090666,-0.10087,0.000457,0.000432
0,0.005916,0.187775,0.060088,0.137947,0.031574,0.177961,0.000103,0.003277
0,0.020832,0.084097,-0.004953,-0.104909,0.013538,-0.10403,0.000364,0.001468
0,0.053453,-0.095498,0.041448,-0.169412,0.044782,-0.195266,0.000933,0.001667
0,-0.053488,-0.007427,-0.079099,0.070302,-0.05599,0.087642,0.000934,0.00013
0,-0.089048,0.164369,-0.027115,0.201394,0.018253,0.188154,0.001554,0.002869
0,-0.118191,0.123354,-0.030948,-0.023925,0.005581,-0.033868,0.002063,0.002153
0,0.147612,-0.099414,0.295147,-0.196392,0.295974,-0.151904,0.002576,0.001735
0,0.030574,-0.077361,-0.13243,0.029896,-0.144828,0.031991,0.000534,0.00135
0,-0.056745,0.143558,-0.096356,0.225369,-0.085888,0.212196,0.00099,0.002506
0,-0.093795,-0.11145,-0.036015,-0.244176,-0.065655,-0.220273,0.001637,0.001945
0,-0.008312,-0.054902,0.082068,0.069311,0.048808,0.067379,0.000145,0.000958
0,0.00827,0.097817,-0.000768,0.130445,-0.014079,0.141243,0.000144,0.001707
0,0.00125,0.034156,0.022835,-0.043455,0.065432,-0.012991,2.2e-05,0.000596
0,0.137123,0.084181,0.117827,0.038905,0.091452,0.080708,0.002393,0.001469
0,-8.3e-05,0.074087,-0.158747,-0.038873,-0.148438,-0.051469,1e-06,0.001293
0,0.178754,0.114042,0.173616,0.047814,0.17297,0.048307,0.00312,0.00199
0,0.063685,0.052604,-0.117751,-0.053503,-0.089722,-0.076594,0.001112,0.000918
0,0.052846,0.151818,-0.024805,0.091476,0.020006,0.046422,0.000922,0.00265
0,0.044647,-0.002965,0.004976,-0.152027,0.048643,-0.14756,0.000779,5.2e-05
0,0.095763,-0.104916,0.067766,-0.10746,0.025553,-0.079118,0.001671,0.001831
0,0.02967,0.081607,-0.090283,0.180412,-0.105662,0.159684,0.000518,0.001424
0,-0.048153,-0.012275,-0.071145,-0.111629,-0.056487,-0.098099,0.00084,0.000214
0,-0.016875,-0.159203,0.014242,-0.155277,0.013906,-0.135897,0.000295,0.002779
0,0.031895,-0.175004,0.040596,0.000322,-0.00743,-0.006021,0.000557,0.003054
0,-0.175391,-0.066075,-0.187156,0.086493,-0.218148,0.100467,0.003061,0.001153
0,0.033674,-0.185616,0.210511,-0.143542,0.167399,-0.172274,0.000588,0.00324
0,-0.107287,-0.010123,-0.159275,0.203826,-0.128748,0.216902,0.001873,0.000177
0,0.03939,-0.152629,0.120212,-0.151042,0.075277,-0.178551,0.000687,0.002664
0,-0.014527,-0.099604,-0.047124,0.049716,-0.077208,0.036101,0.000254,0.001738
0,-0.066555,0.095845,-0.062501,0.172505,-0.027538,0.193582,0.001162,0.001673
0,-0.020693,-0.008085,0.020931,-0.084691,0.000372,-0.041258,0.000361,0.000141
0,-0.103109,-0.134221,-0.05394,-0.15594,-0.094483,-0.181417,0.0018,0.002343
0,-0.200184,0.084291,-0.106676,0.221334,-0.127415,0.213963,0.003494,0.001471
0,-0.142293,-0.007665,0.031101,-0.064833,0.0792,-0.112336,0.002483,0.000134
0,0.026343,0.033158,0.179399,0.039069,0.18194,0.011933,0.00046,0.000579
0,-0.050563,-0.091225,-0.064852,-0.097147,-0.04741,-0.145716,0.000882,0.001592
0,0.003518,-0.047526,0.081216,0.05933,0.084583,0.049495,6.1e-05,0.000829
0,-0.096988,0.088014,-0.07367,0.12867,-0.084696,0.123103,0.001693,0.001536
0,-0.133283,0.044214,-0.010993,-0.049042,-0.040067,-0.08367,0.002326,0.000772
0,-0.017064,-0.038673,0.090594,-0.069519,0.121399,-0.026547,0.000298,0.000675
0,-0.226567,0.050482,-0.190551,0.081011,-0.234167,0.125065,0.003954,0.000881
0,-0.059575,-0.124727,0.14887,-0.196966,0.165846,-0.2106,0.00104,0.002177
0,-0.167228,0.051959,-0.106267,0.168201,-0.067944,0.140343,0.002919,0.000907
0,-0.069134,0.132527,0.090824,0.085539,0.048301,0.044028,0.001207,0.002313
0,-0.016889,0.046973,0.070528,-0.096471,0.051479,-0.107455,0.000295,0.00082
0,-0.104759,0.087554,-0.06322,0.061155,-0.070903,0.059774,0.001828,0.001528
0,2.215117,-2.10984,2.33537,-2.213196,2.310368,-2.177779,0.003406,0.001569
0,2.423193,-2.185957,0.231335,-0.07646,0.220125,-0.049651,0.004714,0.002897
0,2.916229,-2.072048,0.50564,0.137412,0.504617,0.182209,0.003891,0.000909
0,2.575172,-1.962487,-0.366276,0.09724,-0.334341,0.092323,0.002062,0.001003
0,2.183084,-1.785928,-0.383051,0.183362,-0.420385,0.186047,0.002847,0.004085
0,1.618454,-1.094812,-0.580908,0.698068,-0.55295,0.65621,0.004744,0.004395
0,1.191414,-0.942213,-0.456722,0.162602,-0.496175,0.194166,0.002709,0.004693
0,0.84052,-0.442979,-0.343452,0.489288,-0.342333,0.448752,0.002918,0.00402
0,0.59264,-0.423087,-0.244066,0.039108,-0.284869,0.034762,0.001408,0.004367
0,0.613492,-0.001796,0.046384,0.419944,0.042863,0.449273,0.001044,3.1e-05
0,0.35887,-0.845687,-0.240538,-0.838005,-0.2243,-0.843408,0.005488,0.003008
0,0.125326,-1.272046,-0.237959,-0.421793,-0.238856,-0.41698,0.002187,0.001302
0,0.038256,-1.294086,-0.074375,-0.024278,-0.112372,0.005042,0.000668,0.000917
0,0.00936,-1.311963,-0.007399,-0.030008,-0.055998,-0.07124,0.000163,0.000605
0,-0.087086,-1.25617,-0.082594,0.070324,-0.04754,0.023717,0.00152,0.001579
0,-0.282323,-0.890001,-0.17907,0.350975,-0.147321,0.347295,0.004927,0.003782
0,-0.278307,-0.645685,-0.022438,0.222938,-0.062725,0.181565,0.004857,0.000482
0,-0.166657,-0.405449,0.08764,0.231224,0.094563,0.273769,0.002909,0.004675
0,-0.112404,-0.338474,0.045497,0.07155,0.077348,0.081983,0.001962,0.005844
0,-0.315819,-0.185055,-0.201628,0.173532,-0.24498,0.161444,0.005512,0.00323
0,-0.969844,0.559976,-0.632935,0.742071,-0.621771,0.782398,0.005175,0.001978
0,-1.033577,1.09854,-0.071786,0.54094,-0.087261,0.503759,0.005464,0.00433
0,-1.055913,1.627095,-0.040472,0.502597,-0.01795,0.497716,0.005074,0.004895
0,-0.734606,1.79853,0.334212,0.183606,0.342495,0.215439,0.00107,0.003865
0,-0.774536,1.548859,-0.034947,-0.235047,-0.05919,-0.19919,0.001767,0.003529
0,-0.862187,1.595279,-0.117144,0.017632,-0.160947,-0.01095,0.003296,0.004339
0,-0.434288,1.103756,0.419964,-0.50922,0.447341,-0.546707,0.004172,0.004239
0,-0.552411,0.836121,-0.1433,-0.268109,-0.112343,-0.229173,0.00211,0.002841
0,-0.222767,0.623184,0.33926,-0.200058,0.384783,-0.205725,0.003888,0.000875
0,-0.231696,0.495028,0.0136,-0.155338,-0.009678,-0.118514,0.004044,0.003112
0,-0.070007,0.421029,0.13925,-0.08487,0.093311,-0.123526,0.001222,0.004403
0,-0.207983,-0.091907,-0.130347,-0.516074,-0.108842,-0.494037,0.00363,0.001604
0,7e-06,-0.087074,0.223142,-0.006713,0.258789,-0.022375,0.0,0.00152
0,-0.089041,0.072879,-0.08728,0.15165,-0.049255,0.166667,0.001554,0.001272
0,-0.346646,-0.427691,-0.228952,-0.488185,-0.213808,-0.476633,0.005702,0.004287
0,-0.478486,-0.674358,-0.147221,-0.233459,-0.098036,-0.202609,0.003401,1.8e-05
0,-0.371006,-0.601565,0.088354,0.057684,0.049802,0.068088,0.005276,0.001252
0,-0.432342,-0.773866,-0.085755,-0.164208,-0.090791,-0.166129,0.004206,0.001755
0,-0.449054,-0.88266,-0.012407,-0.084386,-0.052083,-0.043917,0.003914,0.003654
0,-0.065783,-1.095794,0.38627,-0.217495,0.413113,-0.231425,0.001148,0.004378
0,-0.128148,-0.810754,-0.078085,0.278339,-0.102122,0.293298,0.002237,0.002399
0,0.102615,-0.832323,0.209509,-0.02574,0.243457,0.002744,0.001791,0.002775
0,0.120942,-0.662267,0.004388,0.18421,0.027177,0.149934,0.002111,0.000193
0,0.040063,-0.479055,-0.059693,0.168389,-0.076548,0.211835,0.000699,0.003391
0,0.120811,-0.223221,0.06694,0.243486,0.08652,0.194857,0.002109,0.003896
0,-0.033789,-0.264217,-0.171339,-0.053657,-0.13902,-0.08805,0.00059,0.004611
0,0.083751,-0.231343,0.139157,0.028353,0.18614,0.043703,0.001462,0.004038
0,0.044817,-0.143044,-0.033974,0.059581,0.011876,0.101024,0.000782,0.002497
0,0.089663,-0.202819,0.044079,-0.060439,0.074348,-0.041074,0.001565,0.00354
0,0.124178,-0.123134,0.049744,0.096647,0.092932,0.110097,0.002167,0.002149
0,0.11309,0.032331,-0.002498,0.172215,-0.021198,0.19954,0.001974,0.000564
0,-0.026492,-0.112686,-0.157849,-0.120178,-0.190977,-0.145089,0.000462,0.001967
0,0.095276,-0.001082,0.123396,0.09042,0.114084,0.065814,0.001663,1.9e-05
0,0.117735,-0.021133,0.022135,-0.024296,0.026953,-0.019688,0.002055,0.000369
0,0.123344,-0.1396,-0.001251,-0.119454,0.047487,-0.156005,0.002153,0.002436
0,-0.060886,0.061801,-0.194573,0.231124,-0.162355,0.244538,0.001063,0.001079
0,-0.063917,-0.014785,-0.017472,-0.10274,-0.035726,-0.113165,0.001116,0.000258
0,-0.013949,0.035469,0.027397,0.061813,-0.004209,0.076466,0.000243,0.000619
0,0.182871,-0.058916,0.204509,-0.08779,0.156596,-0.054632,0.003192,0.001028
0,0.074496,0.009495,-0.104712,0.090295,-0.139187,0.061589,0.0013,0.000166
0,0.216883,-0.160236,0.171215,-0.18897,0.129018,-0.171597,0.003785,0.002797
0,0.265666,0.076946,0.050635,0.225625,0.081448,0.200195,0.004637,0.001343
0,0.022384,-0.018427,-0.244152,-0.110942,-0.220452,-0.115839,0.000391,0.000322
0,0.046818,0.1762,-0.003353,0.176533,-0.023168,0.195639,0.000817,0.003075
0,-0.045621,0.041094,-0.089561,-0.114303,-0.081288,-0.079444,0.000796,0.000717
0,-0.018334,0.133299,0.011355,0.078908,-0.031436,0.076151,0.00032,0.002327
0,0.059685,-0.08169,0.079441,-0.211581,0.061727,-0.248377,0.001042,0.001426
0,0.107346,0.060856,0.023053,0.126681,0.036287,0.114889,0.001874,0.001062
0,0.220059,-0.074476,0.095952,-0.114793,0.080359,-0.159118,0.003841,0.0013
0,0.137906,-0.132967,-0.081683,-0.034268,-0.114885,-0.041569,0.002407,0.002321
0,0.062823,0.020173,-0.062537,0.157804,-0.021156,0.148417,0.001096,0.000352
0,0.210438,-0.078676,0.118633,-0.085797,0.126216,-0.122341,0.003673,0.001373
0,0.270233,-0.066241,0.066147,0.021539,0.021369,0.041478,0.004716,0.001156
0,0.144655,-0.00749,-0.108084,0.088195,-0.131693,0.045009,0.002525,0.000131
0,0.318149,0.009277,0.158224,0.011624,0.180986,-0.018085,0.005553,0.000162
0,0.126787,0.097779,-0.207193,0.078962,-0.239245,0.113998,0.002213,0.001707
0,0.242925,-0.117286,0.125454,-0.229092,0.093445,-0.248096,0.00424,0.002047
0,0.143516,0.024069,-0.106726,0.118069,-0.152959,0.152607,0.002505,0.00042
0,0.071621,-0.021103,-0.050737,-0.038705,-0.045207,0.009357,0.00125,0.000368
0,0.138972,-0.185045,0.065773,-0.140907,0.023356,-0.138074,0.002426,0.00323
0,0.137658,-0.008555,-0.028198,0.188581,0.01466,0.203303,0.002403,0.000149
0,0.192302,-0.000227,0.04991,-0.013147,0.074245,-0.061064,0.003356,4e-06
0,0.114372,-0.019737,-0.087186,-0.020317,-0.077549,-0.058053,0.001996,0.000344
0,0.218103,0.102085,0.102704,0.101125,0.144137,0.072856,0.003807,0.001782
0,0.021054,0.028906,-0.173095,-0.082881,-0.158922,-0.06459,0.000367,0.000504
0,0.167752,-0.127537,0.15957,-0.171388,0.178442,-0.210846,0.002928,0.002226
0,0.005622,0.02901,-0.18735,0.179272,-0.195961,0.155355,9.8e-05,0.000506
0,-0.069699,0.138369,-0.068094,0.125744,-0.096517,0.084512,0.001216,0.002415
0,0.021671,0.053221,0.065953,-0.067686,0.113554,-0.096884,0.000378,0.000929
0,0.07025,0.029021,0.047866,-0.014387,0.054096,-0.034407,0.001226,0.000507
0,0.145279,-0.082266,0.092987,-0.112486,0.066156,-0.152818,0.002536,0.001436
0,0.13273,0.120167,-0.001226,0.212822,0.030591,0.22045,0.002317,0.002097
0,0.006816,0.016103,-0.120894,-0.114102,-0.12006,-0.071364,0.000119,0.000281
0,-0.082522,0.172486,-0.066931,0.155108,-0.021094,0.141248,0.00144,0.00301
0,0.119792,-0.021019,0.186486,-0.168643,0.200607,-0.156956,0.002091,0.000367
0,0.144962,-0.097316,0.017703,-0.104513,0.020767,-0.07844,0.00253,0.001698
0,0.040376,-0.092603,-0.097465,-0.02239,-0.093526,-0.003261,0.000705,0.001616
0,0.115492,-0.045646,0.091611,0.076128,0.051712,0.097165,0.002016,0.000797
0,0.067964,0.11799,-0.073055,0.161796,-0.100874,0.184864,0.001186,0.002059
0,0.162566,0.015179,0.124026,-0.127642,0.120445,-0.158978,0.002837,0.000265
0,-0.047575,0.002711,-0.184127,0.001591,-0.143687,-0.042613,0.00083,4.7e-05
0,0.163292,0.040773,0.206941,0.038349,0.157405,-0.009544,0.00285,0.000712
0,0.113357,0.182773,-0.029061,0.171582,-0.064857,0.161929,0.001978,0.00319
0,-0.04271,0.197592,-0.157924,0.040885,-0.151183,0.01422,0.000745,0.003449
0,-0.056607,-0.05528,-0.032738,-0.259529,-0.063874,-0.277082,0.000988,0.000965
0,1.840434,-0.239245,1.903487,-0.183294,1.923957,-0.155481,0.003133,0.004176
0,2.354278,-0.357041,0.514493,-0.119019,0.563842,-0.124557,0.005835,0.00552
0,3.54282,-0.289226,1.189087,0.093906,1.163374,0.140395,0.003075,0.005048
0,4.628698,-0.313241,1.078785,-0.000528,1.098975,-0.01019,0.001476,0.005467
0,3.611693,-0.276445,-1.030304,0.057024,-1.016527,0.102094,0.004277,0.004825
0,3.52644,-0.188991,-0.089824,0.071672,-0.102471,0.104958,0.002789,0.003299
0,2.692194,-0.140859,-0.828708,0.018289,-0.800941,-0.030659,1.9e-05,0.002458
0,1.915532,-0.149974,-0.757728,-0.028919,-0.712067,-0.033589,0.001823,0.002618
0,1.060448,-0.221175,-0.860482,-0.090123,-0.839723,-0.133664,0.004995,0.00386
0,0.861536,-0.354864,-0.22741,-0.115185,-0.217304,-0.109739,0.003285,0.005558
0,0.169648,-0.255596,-0.721001,0.089822,-0.684607,0.115283,0.002961,0.004461
0,-0.071865,-0.210447,-0.224956,0.04285,-0.20856,-0.001262,0.001254,0.003673
0,-0.061972,-0.048433,0.03465,0.137841,-0.013985,0.145112,0.001082,0.000845
0,-0.257692,-0.198052,-0.207,-0.172473,-0.202653,-0.169291,0.004498,0.003457
0,-0.36167,-0.212261,-0.104713,-0.025655,-0.102469,-0.034602,0.005439,0.003705
0,-0.442738,-0.228338,-0.098038,0.011851,-0.124032,0.037705,0.004024,0.003985
0,-0.201172,-0.148198,0.261561,0.061949,0.220672,0.017385,0.003511,0.002587
0,-0.201659,-0.035887,0.010469,0.136902,0.029015,0.118139,0.00352,0.000626
0,-0.118311,-0.214104,0.099608,-0.184093,0.086404,-0.219804,0.002065,0.003737
0,-0.237544,-0.066145,-0.143557,0.134122,-0.149179,0.114335,0.004146,0.001154
0,-0.302944,-0.092759,-0.049944,-0.04831,-0.024083,-0.086716,0.005287,0.001619
0,-0.19964,0.039037,0.102274,0.157457,0.057181,0.143422,0.003484,0.000681
0,-0.168524,-0.248375,0.055137,-0.309791,0.010128,-0.320988,0.002941,0.004335
0,-0.247129,-0.210729,-0.105772,0.065294,-0.149712,0.072307,0.004313,0.003678
0,-0.044082,-0.138716,0.183339,0.083906,0.175623,0.094708,0.000769,0.002421
0,-0.008634,-0.164898,0.035459,-0.012775,0.022046,-0.036611,0.000151,0.002878
0,-0.134745,-0.040264,-0.110622,0.116337,-0.143211,0.142103,0.002352,0.000703
0,-0.192504,-0.065376,-0.043714,-0.0542,-0.060626,-0.013489,0.00336,0.001141
0,-0.261186,-0.217749,-0.068603,-0.167952,-0.087966,-0.15502,0.004559,0.0038
0,-0.188329,0.062031,0.065581,0.279206,0.089537,0.251588,0.003287,0.001083
0,-0.281753,-0.10145,-0.09692,-0.17429,-0.127549,-0.163633,0.004918,0.001771
0,-0.63229,-0.067917,-0.369176,0.012371,-0.407524,0.009733,0.000716,0.001185
0,-0.743034,-0.183648,-0.084537,-0.128344,-0.083608,-0.177678,0.001217,0.003205
0,-0.760239,-0.084832,-0.038334,0.105831,-0.00328,0.130079,0.001517,0.001481
0,-0.544608,-0.157809,0.204282,-0.072616,0.172353,-0.02301,0.002246,0.002754
0,-0.655445,-0.24787,-0.140352,-0.090295,-0.137233,-0.137729,0.000312,0.004326
0,-0.306394,-0.12053,0.374806,0.128164,0.336752,0.143769,0.005348,0.002104
0,-0.25527,-0.172096,0.058893,-0.077086,0.048884,-0.114585,0.004455,0.003004
0,-0.268744,-0.201807,0.001821,-0.032669,-0.037042,-0.031316,0.00469,0.003522
0,-0.357285,-0.191388,-0.062595,0.004902,-0.081725,0.011004,0.005516,0.00334
0,-0.173463,-0.117702,0.188386,0.075033,0.213082,0.107101,0.003027,0.002054
0,0.00125,0.01642,0.160169,0.129461,0.16509,0.091127,2.2e-05,0.000287
0,0.004068,-0.255223,0.005663,-0.253481,0.054599,-0.257501,7.1e-05,0.004454
0,-0.157929,-0.096449,-0.179384,0.159457,-0.142793,0.122116,0.002756,0.001683
0,-0.172666,-0.148619,-0.032312,-0.072001,0.016464,-0.033272,0.003014,0.002594
0,-0.046355,-0.184933,0.123195,-0.053198,0.150742,-0.036364,0.000809,0.003228
0,0.114428,-0.119095,0.171833,0.079727,0.173126,0.064402,0.001997,0.002079
0,-0.027573,-0.002974,-0.16334,0.136193,-0.192594,0.133608,0.000481,5.2e-05
0,0.053388,-0.220797,0.079776,-0.219089,0.043609,-0.210774,0.000932,0.003854
0,-0.167575,-0.247007,-0.229838,-0.01124,-0.23799,-0.035605,0.002925,0.004311
0,0.027597,-0.173087,0.217417,0.061051,0.251722,0.096692,0.000482,0.003021
0,0.125025,-0.181362,0.093517,0.006105,0.11751,0.054902,0.002182,0.003165
0,-0.041455,-0.258171,-0.192631,-0.052925,-0.24137,-0.084985,0.000724,0.004506
0,0.09004,0.023696,0.119397,0.281488,0.125626,0.318556,0.001571,0.000414
0,-0.142291,-0.244115,-0.204004,-0.257597,-0.170803,-0.245133,0.002483,0.004261
0,-0.091022,0.024189,0.080581,0.291007,0.081872,0.314421,0.001589,0.000422
0,-0.009998,-0.097695,0.096504,-0.119644,0.10214,-0.136009,0.000174,0.001705
0,0.036461,-0.178036,0.052156,-0.098887,0.090748,-0.124835,0.000636,0.003107
0,0.094057,-0.273168,0.063239,-0.091159,0.053643,-0.11094,0.001642,0.004768
0,0.073787,-0.026207,-0.010667,0.228836,-0.0572,0.226388,0.001288,0.000457
0,-0.0814,-0.199605,-0.168612,-0.202784,-0.210917,-0.212019,0.001421,0.003484
0,-0.122738,-0.236253,-0.069175,-0.050844,-0.062273,-0.013374,0.002142,0.004123
0,0.007585,-0.026072,0.142718,0.219195,0.141107,0.186571,0.000132,0.000455
0,-0.153525,-0.233434,-0.13411,-0.206779,-0.174812,-0.249412,0.00268,0.004074
0,-0.136116,-0.030805,-0.002396,0.179977,-0.004904,0.137084,0.002376,0.000538
0,-0.161345,0.05192,-0.025857,0.058067,-0.045612,0.055353,0.002816,0.000906
0,0.054657,-0.219707,0.221315,-0.277942,0.239108,-0.231528,0.000954,0.003835
0,-0.069722,-0.12937,-0.120015,0.120027,-0.130013,0.097966,0.001217,0.002258
0,-0.083877,-0.066907,0.015806,0.033656,-0.010184,0.078358,0.001464,0.001168
0,0.039901,-0.052668,0.104842,0.018954,0.069893,0.044057,0.000696,0.000919
0,-0.008303,-0.202021,-0.050869,-0.176705,-0.100025,-0.195631,0.000145,0.003526
0,0.083572,-0.119522,0.087687,0.108233,0.112318,0.141598,0.001459,0.002086
0,-0.141723,-0.013527,-0.220232,0.115482,-0.173922,0.102681,0.002474,0.000236
0,-0.176496,0.001097,-0.062195,-0.011415,-0.091428,-0.040624,0.00308,1.9e-05
0,-0.165386,0.000378,-0.003647,0.009492,0.039171,0.018331,0.002887,7e-06
0,0.026124,-0.04716,0.206762,-0.057291,0.203053,-0.027921,0.000456,0.000823
0,-0.303072,0.023694,-0.349357,0.087656,-0.346192,0.097874,0.00529,0.000414
0,-0.026389,-0.153227,0.279492,-0.172317,0.23527,-0.181097,0.000461,0.002674
0,-0.21389,-0.085567,-0.163449,0.090833,-0.208827,0.100501,0.003733,0.001493
0,0.00855,-0.162815,0.223566,-0.074479,0.188981,-0.02898,0.000149,0.002842
0,-0.005035,-0.154162,0.002206,-0.010689,-0.002643,0.005635,8.8e-05,0.002691
0,-0.023958,-0.100455,-0.024927,0.040228,-0.02641,0.034645,0.000418,0.001753
0,-0.254601,-0.054786,-0.229484,0.047905,-0.183876,0.092053,0.004444,0.000956
0,-0.128239,-0.055729,0.146978,0.007064,0.176792,0.035725,0.002238,0.000973
0,-0.117278,-0.178933,0.020179,-0.14804,-0.010281,-0.140897,0.002047,0.003123
0,-0.078355,-0.217877,0.010121,-0.059327,0.009443,-0.032815,0.001368,0.003803
0,-0.121996,-0.034389,-0.059687,0.162593,-0.07723,0.135531,0.002129,0.0006
0,-0.153135,-0.196769,-0.06017,-0.16218,-0.10292,-0.154733,0.002673,0.003434
0,0.057538,-0.180438,0.189265,-0.008688,0.171728,-0.057605,0.001004,0.003149
0,-0.185832,-0.132455,-0.253701,0.024014,-0.302345,0.05799,0.003243,0.002312
0,0.033389,-0.238497,0.222772,-0.117957,0.241101,-0.103511,0.000583,0.004163
0,-0.127658,-0.182566,-0.140591,0.085141,-0.139364,0.058664,0.002228,0.003186
0,-0.096356,-0.135624,0.008622,0.050844,0.011326,0.090613,0.001682,0.002367
0,-0.089094,-0.163018,0.009657,-0.040454,0.002034,-0.082188,0.001555,0.002845
0,-0.184162,-0.160973,-0.105378,0.015279,-0.074998,-0.019593,0.003214,0.00281
0,-0.116206,-0.048363,0.088604,0.141624,0.103321,0.183457,0.002028,0.000844
0,-0.175315,-0.180601,-0.082477,-0.120111,-0.064408,-0.144691,0.00306,0.003152
0,0.028249,-0.282511,0.219708,-0.12603,0.214945,-0.171914,0.000493,0.004931
0,-0.101308,-0.229931,-0.134161,0.041057,-0.15808,0.032439,0.001768,0.004013
0,-0.162847,-0.001825,-0.089941,0.234964,-0.113246,0.22255,0.002842,3.2e-05
0,-0.275995,0.042814,-0.134649,0.059776,-0.125684,0.052037,0.004817,0.000747
0,-0.012252,-0.206543,0.280312,-0.258072,0.277358,-0.266587,0.000214,0.003605
0,-0.185793,-0.037483,-0.194564,0.163917,-0.171588,0.131749,0.003243,0.000654
0,-0.254642,-0.085695,-0.045466,-0.059126,-0.055737,-0.037842,0.004444,0.001496
0,-0.193778,-0.066795,0.063417,0.005819,0.037906,-0.011218,0.003382,0.001166
0,-0.170006,0.027201,0.002927,0.107958,-0.029317,0.088544,0.002967,0.000475
0,-0.115709,0.036415,0.062444,0.002487,0.037263,0.02768,0.00202,0.000636
0,-0.097698,-0.188064,0.012683,-0.232563,0.003468,-0.220489,0.001705,0.003282
0,-0.204638,0.044585,-0.08159,0.233828,-0.086959,0.188131,0.003572,0.000778
0,-0.036507,-0.045982,0.181595,-0.06614,0.187505,-0.020274,0.000637,0.000803
0,-0.026868,0.137549,0.014054,0.179115,0.023609,0.155455,0.000469,0.002401
0,0.081619,-0.008118,0.082199,-0.131335,0.128438,-0.088516,0.001425,0.000142
0,-0.113024,-0.117631,-0.169191,-0.082959,-0.190242,-0.069682,0.001973,0.002053
0,0.043438,-0.053956,0.130449,0.091185,0.115028,0.108723,0.000758,0.000942
0,-0.032401,-0.090729,-0.068988,-0.006981,-0.07375,-0.040538,0.000566,0.001584
0,0.152791,0.021975,0.188601,0.13929,0.168744,0.114631,0.002667,0.000384
0,0.083888,0.077881,-0.071614,0.042836,-0.055715,0.092428,0.001464,0.001359
0,-0.185028,-0.076568,-0.29342,-0.161683,-0.276131,-0.130801,0.003229,0.001336
0,-0.146039,0.115764,0.052836,0.177011,0.094599,0.207737,0.002549,0.00202
0,-0.011863,-0.0466,0.141281,-0.142796,0.151111,-0.192157,0.000207,0.000813
0,0.011252,0.042367,0.019124,0.113406,0.031094,0.141032,0.000196,0.000739
0,0.013733,-0.110125,-0.021814,-0.133145,-0.040349,-0.18268,0.00024,0.001922
0,-0.193471,-0.060706,-0.186065,0.064654,-0.154808,0.071405,0.003377,0.00106
0,-0.152545,0.145549,0.054813,0.200738,0.091215,0.206022,0.002662,0.00254
0,-0.088088,0.029086,0.06349,-0.105749,0.08622,-0.079793,0.001537,0.000508
0,-0.155546,3.9e-05,-0.082587,-0.037479,-0.038275,-0.062456,0.002715,1e-06
0,-0.107161,0.013757,0.05983,-0.013764,0.020444,0.008886,0.00187,0.00024
0,-0.029521,-0.004681,0.096889,-0.033953,0.070101,-0.05211,0.000515,8.2e-05
0,-0.100521,-0.088544,-0.069694,-0.108165,-0.107187,-0.100647,0.001754,0.001545
0,-0.248258,0.035631,-0.142744,0.114305,-0.175991,0.161005,0.004333,0.000622
0,-0.191144,0.143306,0.028264,0.083938,0.01884,0.125053,0.003336,0.002501
0,-0.005323,-0.130779,0.207796,-0.265863,0.1964,-0.267747,9.3e-05,0.002283
0,0.059824,-0.126409,0.08241,0.019078,0.080071,0.006964,0.001044,0.002206
0,0.00843,0.053204,-0.049324,0.183469,-0.086184,0.144809,0.000147,0.000929
0,-0.043025,-0.128762,-0.023278,-0.205151,-0.013328,-0.189992,0.000751,0.002247
0,0.074228,0.071941,0.129986,0.203573,0.103947,0.160657,0.001296,0.001256
0,-0.107121,0.007305,-0.167344,-0.078294,-0.140649,-0.10856,0.00187,0.000127
0,-0.099578,-0.061232,0.012561,-0.067183,0.031442,-0.040961,0.001738,0.001069
0,-0.107785,-0.106239,-0.011263,-0.040137,-0.038601,-0.006295,0.001881,0.001854
0,0.012079,0.001632,0.096127,0.115236,0.053001,0.128011,0.000211,2.8e-05
0,-0.176907,-0.053731,-0.181906,-0.036082,-0.175381,-0.062432,0.003088,0.000938
0,0.010092,-0.09189,0.203643,-0.056293,0.225499,-0.103585,0.000176,0.001604
0,-0.1177,-0.187848,-0.142164,-0.082717,-0.117905,-0.048352,0.002054,0.003279
0,0.000644,-0.041193,0.140705,0.12945,0.180047,0.129402,1.1e-05,0.000719
0,-0.084098,-0.148723,-0.069348,-0.109208,-0.038468,-0.092713,0.001468,0.002596
0,-0.04746,0.081067,0.05409,0.21238,0.100539,0.255577,0.000828,0.001415
0,-0.020681,0.105456,0.033235,0.030479,-0.01331,0.01033,0.000361,0.001841
0,-0.129748,0.090499,-0.125461,-0.020742,-0.145981,-0.038757,0.002265,0.00158
0,-0.201117,-0.017071,-0.064585,-0.132006,-0.042812,-0.142338,0.00351,0.000298
0,-0.036123,0.032587,0.185925,0.061064,0.142985,0.012752,0.00063,0.000569
0,-0.03711,0.080746,-0.026931,0.058375,-0.064173,0.085098,0.000648,0.001409
0,0.066048,0.094239,0.088212,0.002587,0.121829,-0.029913,0.001153,0.001645
0,-0.005272,-0.148141,-0.088359,-0.252634,-0.051482,-0.258762,9.2e-05,0.002586
0,-0.10854,0.038653,-0.082873,0.196803,-0.129147,0.217106,0.001894,0.000675
0,0.115173,-0.025709,0.197285,-0.080869,0.205657,-0.054754,0.00201,0.000449
0,0.072067,0.130257,-0.041082,0.184218,-0.03208,0.180638,0.001258,0.002273
0,0.101991,-0.136952,0.052883,-0.241183,0.09535,-0.27385,0.00178,0.00239
0,-0.08727,-0.069032,-0.162362,0.084059,-0.163612,0.121127,0.001523,0.001205
0,0.067361,-0.127667,0.13113,-0.06512,0.107869,-0.058041,0.001176,0.002228
0,0.132128,0.099452,0.085706,0.215832,0.055182,0.195797,0.002306,0.001736
0,-0.079024,0.081341,-0.191497,-0.036961,-0.157972,-0.08228,0.001379,0.00142
0,-0.076245,0.0449,-0.000667,-0.048686,-0.006608,-0.048535,0.001331,0.000784
0,-0.07826,0.049104,0.004435,-0.004977,-0.03872,0.018644,0.001366,0.000857
0,-0.049696,0.065059,0.026107,0.03832,0.050531,-0.01019,0.000867,0.001135
0,0.039778,-0.151271,0.072836,-0.237025,0.071564,-0.284732,0.000694,0.00264
0,0.046037,-0.137153,-0.002164,0.017871,0.036782,0.037572,0.000804,0.002394
0,0.049067,0.055652,-0.012542,0.204821,-0.042479,0.24199,0.000856,0.000971
0,0.071485,-0.168448,0.006178,-0.204487,0.03112,-0.213814,0.001248,0.00294
0,0.186834,0.108561,0.109169,0.30341,0.136465,0.294774,0.003261,0.001895
0,0.141056,0.025516,-0.043528,-0.059662,-0.087909,-0.06828,0.002462,0.000445
0,-0.008465,-0.130081,-0.136985,-0.163979,-0.13252,-0.139649,0.000148,0.00227
0,0.017525,0.056691,0.015609,0.200753,-0.007413,0.224137,0.000306,0.000989
0,-0.003884,-0.135929,-0.026122,-0.181549,0.006238,-0.164752,6.8e-05,0.002372
0,-0.02405,0.056761,-0.027766,0.21552,-0.015345,0.257901,0.00042,0.000991
0,0.040467,-0.09057,0.062587,-0.123201,0.040917,-0.085071,0.000706,0.001581
0,0.154806,0.048299,0.120293,0.134335,0.108459,0.140695,0.002702,0.000843
0,0.163134,-0.152213,0.033124,-0.176525,0.030519,-0.172992,0.002847,0.002657
0,0.0254,0.141423,-0.11794,0.272602,-0.125181,0.256627,0.000443,0.002468
0,0.126074,0.120877,0.124064,0.003425,0.156817,-0.004881,0.0022,0.00211
0,0.052604,0.070954,-0.050301,-0.069548,-0.028839,-0.081303,0.000918,0.001238
0,0.17399,-0.113619,0.102566,-0.200423,0.128593,-0.178131,0.003037,0.001983
0,0.106798,-0.051983,-0.064183,0.044603,-0.019931,0.0267,0.001864,0.000907
0,0.131036,-0.085976,0.026676,-0.034686,0.008289,-0.053222,0.002287,0.001501
0,0.12609,-0.035222,-0.015414,0.043094,-0.054228,0.070008,0.002201,0.000615
0,0.027062,0.009947,-0.106546,0.066782,-0.077748,0.115362,0.000472,0.000174
0,-0.046275,-0.12976,-0.045187,-0.147506,-0.050143,-0.163844,0.000808,0.002265
0,0.044666,0.020177,0.096106,0.148561,0.131257,0.187214,0.00078,0.000352
0,0.042749,0.078695,-0.011358,0.048942,-0.060391,0.044935,0.000746,0.001373
0,0.206343,-0.111371,0.157234,-0.182493,0.127905,-0.225322,0.003601,0.001944
0,0.099127,0.07644,-0.114249,0.197474,-0.113537,0.178241,0.00173,0.001334
0,-0.009484,0.111079,-0.111681,0.036231,-0.117784,0.021952,0.000166,0.001939
0,0.198135,0.147203,0.181989,0.045097,0.197986,0.077139,0.003458,0.002569
0,0.082039,0.025842,-0.126474,-0.100519,-0.136799,-0.06199,0.001432,0.000451
0,0.189077,0.163027,0.097279,0.11118,0.112311,0.15462,0.0033,0.002845
0,0.184989,-0.123281,-0.008261,-0.301952,-0.053972,-0.34827,0.003229,0.002152
0,-0.045736,0.080481,-0.24937,0.191752,-0.236164,0.211805,0.000798,0.001405
0,-0.065722,-0.001407,-0.041161,-0.079799,-0.05313,-0.066077,0.001147,2.5e-05
0,0.138425,-0.022991,0.222647,0.002926,0.270789,-0.032553,0.002416,0.000401
0,-0.008592,-0.08909,-0.164067,-0.063019,-0.14382,-0.017496,0.00015,0.001555
0,-0.122657,-0.026303,-0.117841,0.057557,-0.133368,0.090542,0.002141,0.000459
0,0.129346,0.111464,0.225404,0.16417,0.252728,0.139531,0.002258,0.001945
0,0.171161,0.11139,0.035834,0.010458,0.033044,0.026772,0.002987,0.001944
0,0.138166,0.127355,-0.032672,-0.010963,-0.03534,-0.002756,0.002411,0.002223
0,0.065106,0.074025,-0.100945,-0.023377,-0.075751,-0.007148,0.001136,0.001292
0,0.102871,-0.080608,0.048717,-0.173113,0.054762,-0.17185,0.001795,0.001407
0,-0.088415,-0.011849,-0.181869,0.078161,-0.193093,0.111598,0.001543,0.000207
0,0.017436,-0.043162,0.115822,-0.008654,0.12754,-0.01336,0.000304,0.000753
0,0.122382,0.097385,0.088954,0.166011,0.123298,0.152936,0.002136,0.0017
0,-0.128582,0.079806,-0.269281,0.010242,-0.264824,0.045172,0.002244,0.001393
0,0.109054,0.137682,0.248858,0.072905,0.248219,0.078007,0.001903,0.002403
0,-0.209621,0.123305,-0.337832,-0.031321,-0.303665,-0.004898,0.003659,0.002152
0,-0.173387,0.145362,0.025436,0.012892,-0.023333,0.059427,0.003026,0.002537
0,0.029395,-0.030174,0.174527,-0.16167,0.201427,-0.134096,0.000513,0.000527
0,-0.008771,0.140438,-0.066559,0.158112,-0.048566,0.135636,0.000153,0.002451
0,-0.10079,-0.125712,-0.110343,-0.255012,-0.107748,-0.271538,0.001759,0.002194
0,0.044767,0.112664,0.121686,0.218767,0.15608,0.251526,0.000781,0.001966
0,-0.040757,-0.121213,-0.056883,-0.227325,-0.052242,-0.186619,0.000711,0.002116
0,-0.014559,0.064407,0.007337,0.192001,0.028399,0.201464,0.000254,0.001124
0,-0.025513,0.037575,0.005962,-0.021902,0.005311,0.008694,0.000445,0.000656
0,-0.080356,-0.105551,-0.073621,-0.116725,-0.086089,-0.151773,0.001402,0.001842
0,-0.06048,0.00697,0.01668,0.092235,-0.007393,0.086747,0.001056,0.000122
0,-0.087551,0.095213,-0.035019,0.100101,-0.052608,0.119866,0.001528,0.001662
0,-0.01214,-0.161049,0.073612,-0.246859,0.045033,-0.260317,0.000212,0.002811
0,0.044708,-0.147818,0.034893,0.014655,0.074651,0.00115,0.00078,0.00258
0,-0.141892,-0.061731,-0.210352,0.078216,-0.221991,0.083494,0.002476,0.001077
0,-0.068623,0.080703,0.044964,0.170118,0.021297,0.142743,0.001198,0.001409
0,-0.178034,-0.008679,-0.13265,-0.105482,-0.17559,-0.08029,0.003107,0.000151
0,-0.123585,0.089969,0.037964,0.116711,0.05466,0.093804,0.002157,0.00157
0,-0.190879,0.068113,-0.064743,-0.037683,-0.059397,-0.008028,0.003331,0.001189
0,0.039021,-0.053254,0.229026,-0.12755,0.247233,-0.080882,0.000681,0.000929
0,-0.137202,-0.023451,-0.19873,0.040915,-0.214613,0.026443,0.002395,0.000409
0,-0.221901,-0.142876,-0.077935,-0.137345,-0.052177,-0.185695,0.003873,0.002494
0,-0.136434,0.098853,0.083746,0.259274,0.070126,0.290113,0.002381,0.001725
0,-0.200844,0.065109,-0.062911,-0.048235,-0.058711,-0.037418,0.003505,0.001136
0,0.049219,0.077165,0.228712,0.003471,0.217364,0.013193,0.000859,0.001347
0,-0.175098,-0.120064,-0.253465,-0.188011,-0.276608,-0.159226,0.003056,0.002096
0,-0.03331,-0.035762,0.157192,0.086805,0.189048,0.101798,0.000581,0.000624
0,-0.07609,0.053389,-0.059616,0.086293,-0.030997,0.056617,0.001328,0.000932
0,-0.129209,-0.028273,-0.066568,-0.076029,-0.090748,-0.11094,0.002255,0.000493
0,0.043986,-0.074496,0.18455,-0.05387,0.15566,-0.024899,0.000768,0.0013
0,0.068823,-0.150631,0.02852,-0.084711,0.063994,-0.044438,0.001201,0.002629
0,-0.069009,0.019113,-0.124766,0.180371,-0.077085,0.183656,0.001204,0.000334
0,0.0355,-0.058059,0.10319,-0.06963,0.058667,-0.040459,0.00062,0.001013
0,-0.134475,-0.058179,-0.180027,0.022608,-0.15041,0.006825,0.002347,0.001015
0,-0.034256,-0.19277,0.070644,-0.140074,0.116628,-0.181373,0.000598,0.003364
0,0.029201,-0.084865,0.088237,0.100213,0.066512,0.083297,0.00051,0.001481
0,0.098552,-0.021878,0.053448,0.085755,0.07828,0.056471,0.00172,0.000382
0,0.015252,0.069674,-0.095934,0.116686,-0.075742,0.098251,0.000266,0.001216
0,-0.06492,0.038572,-0.077166,-0.042669,-0.103474,-0.064123,0.001133,0.000673
0,-0.0538,0.004449,-0.016463,-0.020568,-0.040839,-0.065358,0.000939,7.8e-05
0,-0.065588,-0.108051,-0.014374,-0.121132,-0.005575,-0.136362,0.001145,0.001886
0,0.060796,-0.028735,0.134215,0.085751,0.104637,0.118448,0.001061,0.000502
0,0.018506,-0.019703,-0.071506,0.034471,-0.096401,0.040973,0.000323,0.000344
0,-0.006478,-0.083058,-0.048273,-0.035127,-0.050687,-0.05288,0.000113,0.00145
0,-0.004875,-0.044869,0.029859,0.038485,0.052652,0.073527,8.5e-05,0.000783
0,0.158232,-0.069327,0.146929,-0.038591,0.107598,-0.069191,0.002762,0.00121
0,0.024046,0.039976,-0.162386,0.108758,-0.146993,0.132858,0.00042,0.000698
0,-0.146364,-0.084571,-0.177751,-0.125068,-0.194644,-0.115534,0.002555,0.001476
0,0.04232,-0.090675,0.203929,-0.030614,0.177364,-0.037343,0.000739,0.001583
0,-0.100655,0.115925,-0.121694,0.197366,-0.07988,0.207949,0.001757,0.002023
0,2.20004,0.661481,2.325089,0.52696,2.316377,0.569839,0.003143,0.000207
0,3.98151,0.996656,1.771343,0.361943,1.73675,0.313881,0.00102,0.005643
0,5.299124,1.182217,1.31486,0.191763,1.349456,0.218314,0.001526,0.00287
0,5.185779,1.288754,-0.090739,0.091703,-0.08145,0.137363,0.003505,0.00101
0,4.345026,1.172257,-0.869038,-0.099164,-0.872667,-0.116558,0.005325,0.003044
0,2.855492,0.943558,-1.481,-0.244987,-1.503512,-0.288245,0.002831,0.004716
0,2.104874,0.701809,-0.75158,-0.269643,-0.719709,-0.255332,0.001482,0.000497
0,1.547955,0.424448,-0.585729,-0.299076,-0.560316,-0.271578,0.003514,0.004344
0,1.149817,0.502979,-0.417357,0.080223,-0.378943,0.085264,0.003435,0.002973
0,0.600755,0.270511,-0.536475,-0.235048,-0.492177,-0.198754,0.001267,0.004721
0,0.625358,0.312297,0.00298,0.040931,-0.013648,0.025145,0.000837,0.005451
0,0.727967,0.2667,0.117679,-0.045404,0.130789,-0.00138,0.000954,0.004655
0,0.615548,0.169979,-0.088051,-0.07695,-0.080422,-0.089117,0.001008,0.002967
0,0.556025,0.18342,-0.065615,0.02118,-0.022121,0.033771,0.002047,0.003201
0,0.550309,0.256318,0.010028,0.062158,-0.009708,0.064474,0.002147,0.004474
0,0.435109,0.047832,-0.089635,-0.180255,-0.070081,-0.182119,0.004158,0.000835
0,0.582904,0.299652,0.170348,0.268545,0.213318,0.312226,0.001578,0.00523
0,0.539617,0.030293,-0.044462,-0.266693,-0.088978,-0.272037,0.002334,0.000529
0,0.483903,0.256059,-0.037494,0.239799,-0.004385,0.251678,0.003306,0.004469
0,0.423755,0.27118,-0.048826,0.029323,-0.094184,-0.019288,0.004356,0.004733
0,0.421607,0.019639,0.0098,-0.22779,-0.02242,-0.253519,0.004393,0.000343
0,0.288999,0.103097,-0.134432,0.079965,-0.095619,0.063888,0.005044,0.001799
0,0.199614,0.229519,-0.090088,0.115607,-0.042684,0.123008,0.003484,0.004006
0,0.359924,0.210572,0.162307,-0.044526,0.193659,-0.093542,0.00547,0.003675
0,0.175954,0.063479,-0.177661,-0.169489,-0.148295,-0.14973,0.003071,0.001108
0,0.175884,0.036664,0.012035,-0.02808,0.022807,0.021677,0.00307,0.00064
0,0.226673,0.143467,0.056449,0.116423,0.082434,0.123829,0.003956,0.002504
0,0.288851,0.010027,0.038585,-0.13272,0.050601,-0.144483,0.005041,0.000175
0,0.369858,0.220856,0.101988,0.23954,0.107107,0.191127,0.005296,0.003855
0,0.146847,0.240905,-0.225396,0.012751,-0.188048,0.042226,0.002563,0.004205
0,0.105838,0.105028,-0.061896,-0.116034,-0.10391,-0.088606,0.001847,0.001833
0,0.085423,0.04452,-0.024752,-0.037163,-0.057417,-0.07998,0.001491,0.000777
0,0.200403,0.200604,0.101425,0.15461,0.058481,0.166964,0.003498,0.003501
0,0.118169,-0.028778,-0.086041,-0.227886,-0.092743,-0.20144,0.002062,0.000502
0,0.154593,0.158794,0.023708,0.196765,-0.003653,0.183523,0.002698,0.002771
0,0.113924,-0.084611,-0.025057,-0.219738,-0.039623,-0.174641,0.001988,0.001477
0,0.024777,-0.05003,-0.118457,0.014043,-0.160697,-0.005055,0.000432,0.000873
0,0.216477,-0.078616,0.191865,-0.023747,0.185458,-0.06241,0.003778,0.001372
0,0.168532,-0.020081,-0.028541,0.059136,-0.049951,0.072912,0.002941,0.00035
0,0.144097,0.044581,-0.050083,0.061966,-0.052744,0.025776,0.002515,0.000778
0,0.109862,0.158036,-0.063747,0.083515,-0.096284,0.107275,0.001917,0.002758
0,0.176582,0.062634,0.04194,-0.101615,0.090422,-0.080133,0.003082,0.001093
0,0.238865,-0.108994,0.041093,-0.181772,-0.00766,-0.228577,0.004169,0.001902
0,0.032116,0.010548,-0.182106,0.129738,-0.152482,0.144775,0.000561,0.000184
0,0.133081,0.029411,0.089698,-0.008212,0.104059,-0.004052,0.002323,0.000513
0,0.221266,-0.003397,0.114529,-0.013333,0.158014,0.018203,0.003862,5.9e-05
0,0.128859,0.149284,-0.101251,0.131455,-0.073878,0.102793,0.002249,0.002605
0,0.127419,-0.103348,-0.029203,-0.229412,-0.061809,-0.251296,0.002224,0.001804
0,0.238702,0.136394,0.123642,0.249188,0.086065,0.255038,0.004166,0.002381
0,0.199916,-0.108886,-0.062574,-0.2749,-0.08412,-0.231092,0.003489,0.0019
0,0.114103,-0.000907,-0.062822,0.135043,-0.109378,0.12284,0.001991,1.6e-05
0,0.090956,0.035521,-0.021879,0.028841,-0.060239,0.044883,0.001587,0.00062
0,0.080252,0.074122,0.00394,0.019864,0.049597,-0.009494,0.001401,0.001294
0,0.304303,-0.121999,0.204815,-0.211346,0.186398,-0.232307,0.005311,0.002129
0,0.300617,-0.123039,0.021075,0.015225,0.070501,0.047137,0.005247,0.002147
0,0.179701,-0.011624,-0.149023,0.136173,-0.133027,0.148874,0.003136,0.000203
0,0.234993,-0.101073,0.074883,-0.100357,0.122317,-0.143596,0.004101,0.001764
0,0.143103,-0.04863,-0.082036,0.035482,-0.05064,0.081848,0.002498,0.000849
0,0.237305,-0.18618,0.115074,-0.109046,0.110255,-0.149185,0.004142,0.003249
0,0.068639,-0.200389,-0.186706,0.004006,-0.22368,-0.043626,0.001198,0.003497
0,0.373079,0.044452,0.306909,0.238126,0.350242,0.265293,0.00524,0.000776
0,0.223423,-0.147594,-0.122751,-0.191927,-0.131055,-0.219543,0.003899,0.002576
0,0.108561,0.14179,-0.112332,0.285382,-0.095909,0.320848,0.001895,0.002475
0,0.170178,0.008495,0.038292,-0.116313,0.011172,-0.1143,0.00297,0.000148
0,0.118102,-0.002146,-0.074258,0.004776,-0.088651,-0.039291,0.002061,3.7e-05
0,0.190827,0.182358,0.067926,0.187379,0.057112,0.219516,0.003331,0.003183
0,0.165116,-0.085889,-0.04867,-0.289609,-0.003201,-0.245281,0.002882,0.001499
0,0.214594,0.088901,0.075848,0.18167,0.042339,0.214173,0.003745,0.001552
0,0.104537,0.090918,-0.089722,-0.020113,-0.059284,0.002042,0.001825,0.001587
0,0.288247,0.144301,0.190554,0.051924,0.238209,0.054244,0.005031,0.002519
0,0.281176,0.058981,0.018336,-0.08578,-0.030598,-0.087092,0.004907,0.001029
0,0.141628,0.061881,-0.157182,-0.020632,-0.195459,-0.042501,0.002472,0.00108
0,0.079748,-0.100928,-0.0492,-0.186229,-0.04967,-0.213524,0.001392,0.001762
0,0.071847,-0.126794,0.014837,0.000683,0.058592,-0.019637,0.001254,0.002213
0,0.317025,0.066448,0.246835,0.199579,0.25141,0.170103,0.005533,0.00116
0,0.167779,0.071554,-0.172972,0.028558,-0.208066,-0.009757,0.002928,0.001249
0,0.07342,-0.036902,-0.072914,-0.090506,-0.030468,-0.05407,0.001281,0.000644
0,-0.00832,-0.162023,-0.080554,-0.133947,-0.104001,-0.169313,0.000145,0.002828
0,0.00205,-0.128549,0.036533,0.05833,0.05205,0.019024,3.6e-05,0.002244
0,0.162956,-0.011674,0.16193,0.127215,0.178665,0.093479,0.002844,0.000204
0,0.034308,-0.122176,-0.118227,-0.112995,-0.147165,-0.081175,0.000599,0.002132
0,-0.066608,0.02216,-0.109169,0.118351,-0.117476,0.142756,0.001163,0.000387
0,-0.123036,-0.207462,-0.050211,-0.22297,-0.039766,-0.212931,0.002147,0.003621
0,0.048025,-0.010223,0.171875,0.22487,0.15886,0.228227,0.000838,0.000178
0,-0.221491,0.021054,-0.270467,0.057515,-0.258976,0.023511,0.003866,0.000367
0,-0.158418,-0.110532,0.071995,-0.113412,0.067865,-0.141849,0.002765,0.001929
0,-0.136293,0.021086,0.017331,0.101841,0.05734,0.140421,0.002379,0.000368
0,-0.035511,-0.115931,0.07646,-0.131856,0.036845,-0.118691,0.00062,0.002023
0,-0.049254,0.088578,-0.029056,0.207606,-0.064178,0.226139,0.00086,0.001546
0,-0.097792,0.138559,-0.053143,0.05082,-0.033098,0.064213,0.001707,0.002418
0,-0.058209,-0.012679,0.055068,-0.155534,0.097615,-0.11327,0.001016,0.000221
0,0.01648,0.040679,0.072531,0.081036,0.05292,0.091168,0.000288,0.00071
0,0.015098,0.148685,0.019023,0.125677,0.025216,0.120949,0.000264,0.002595
0,0.019714,-0.106697,0.030774,-0.259782,0.053994,-0.285664,0.000344,0.001862
0,0.019857,-0.079619,0.026981,0.02007,-0.000824,0.062729,0.000347,0.00139
0,0.067391,-0.044532,0.040019,0.00941,0.06428,0.028397,0.001176,0.000777
0,0.020527,-0.014067,-0.046803,0.028712,-0.016492,-0.010122,0.000358,0.000246
0,0.150113,-0.069126,0.114962,-0.037427,0.083919,-0.04789,0.00262,0.001206
0,0.122941,0.099696,-0.039804,0.153855,0.000564,0.157648,0.002146,0.00174
0,0.042259,-0.097759,-0.068337,-0.224092,-0.049563,-0.230322,0.000738,0.001706
0,0.114189,0.125106,0.04477,0.232721,0.018568,0.200683,0.001993,0.002184
0,0.117619,-0.156483,-0.014076,-0.269582,-0.016149,-0.316504,0.002053,0.002731
0,0.01375,-0.055362,-0.129146,0.087844,-0.141742,0.133789,0.00024,0.000966
0,-0.072499,-0.041675,-0.103266,0.017589,-0.140642,-0.002763,0.001265,0.000727
0,-0.065432,-0.028964,-0.01943,-0.009816,-0.049901,0.025821,0.001142,0.000506
0,0.024293,-0.089113,0.068152,-0.07325,0.053288,-0.119656,0.000424,0.001555
0,-0.009568,-0.073784,-0.007519,0.02488,-0.052738,-0.020387,0.000167,0.001288
0,0.054288,0.038389,0.084443,0.094039,0.064327,0.112355,0.000948,0.00067
0,-0.17451,-0.002787,-0.235509,-0.028732,-0.222507,-0.03561,0.003046,4.9e-05
0,-0.1769,-0.130775,0.019572,-0.101441,-0.01517,-0.139367,0.003087,0.002282
0,-0.194108,-0.00989,-0.033556,0.149385,0.002942,0.154317,0.003388,0.000173
0,-0.076862,-0.13582,0.138591,-0.128926,0.149898,-0.09026,0.001341,0.002371
0,-0.082998,0.082931,-0.028223,0.213455,-0.052509,0.176566,0.001449,0.001447
0,0.003618,-0.049985,0.089776,-0.116576,0.111031,-0.136172,6.3e-05,0.000872
0,-0.031421,-0.03903,-0.046029,0.009817,-0.000601,0.018813,0.000548,0.000681
0,-0.039701,-0.103471,0.005804,-0.052536,-0.031931,-0.059796,0.000693,0.001806
0,-0.223439,0.074183,-0.158254,0.199638,-0.187247,0.20313,0.0039,0.001295
0,-0.239786,0.072765,-0.02365,0.003725,-0.036028,-0.005068,0.004185,0.00127
0,-0.087046,0.064319,0.148735,0.001918,0.113576,0.011996,0.001519,0.001123
0,-0.171842,-0.062814,-0.079918,-0.10706,-0.087084,-0.062639,0.002999,0.001096
0,-0.114149,-0.122328,0.056738,-0.048419,0.020375,-0.07856,0.001992,0.002135
0,-0.18703,0.03792,-0.08607,0.151692,-0.132377,0.111733,0.003264,0.000662
0,-0.08184,-0.036737,0.123652,-0.047307,0.132042,-0.005423,0.001428,0.000641
0,0.011047,0.095589,0.092184,0.119043,0.053413,0.074587,0.000193,0.001668
0,-0.033997,0.129405,-0.048445,0.06104,-0.038536,0.087379,0.000593,0.002259
0,-0.083363,0.145433,-0.067217,-0.006786,-0.110773,0.017909,0.001455,0.002538
0,-0.152745,-0.062833,-0.0539,-0.232251,-0.053437,-0.279889,0.002666,0.001097
0,-0.044892,-0.086333,0.09609,-0.022249,0.135351,-0.014749,0.000784,0.001507
0,-0.230982,-0.14948,-0.162829,-0.033729,-0.185064,-0.022921,0.004031,0.002609
0,-0.029611,0.083602,0.178168,0.257158,0.204087,0.293254,0.000517,0.001459
0,0.034325,-0.082662,0.067968,-0.148597,0.059056,-0.167433,0.000599,0.001443
0,-0.160627,-0.024252,-0.197343,0.033638,-0.176036,0.049213,0.002803,0.000423
0,0.134425,0.105878,0.319786,0.148408,0.300466,0.13324,0.002346,0.001848
0,-0.018567,-0.0508,-0.133308,-0.171426,-0.161308,-0.125791,0.000324,0.000887
0,-0.01617,-0.05059,-0.014156,-0.023985,-0.035286,-0.069966,0.000282,0.000883
0,-0.017965,0.028486,0.010623,0.052463,-0.01674,0.102335,0.000314,0.000497
0,0.086659,0.038182,0.078311,0.012491,0.106639,0.013379,0.001512,0.000666
0,0.006988,-0.093513,-0.099833,-0.126448,-0.100827,-0.131699,0.000122,0.001632
0,-0.084203,0.069933,-0.1188,0.164147,-0.138971,0.131733,0.00147,0.001221
0,0.067516,-0.01782,0.122369,-0.073901,0.162418,-0.078601,0.001178,0.000311
0,-0.073529,-0.064982,-0.156328,-0.038306,-0.164614,0.002639,0.001283,0.001134
0,0.142267,0.097063,0.22885,0.134161,0.189283,0.126884,0.002483,0.001694
0,0.141443,0.034121,-0.01067,-0.060916,-0.002747,-0.05534,0.002469,0.000596
0,-0.001074,0.131515,-0.165638,0.069068,-0.153679,0.084715,1.9e-05,0.002295
0,0.181847,0.066213,0.202686,-0.061472,0.155819,-0.104777,0.003174,0.001156
0,0.056299,0.082464,-0.103247,0.016934,-0.088951,-0.001365,0.000983,0.001439
0,-0.062511,0.051929,-0.124279,-0.039112,-0.166955,-0.007882,0.001091,0.000906
0,-0.11256,0.110512,-0.036452,0.02883,-0.003447,0.019105,0.001965,0.001929
0,-0.040401,-0.10019,0.065259,-0.227577,0.088705,-0.227789,0.000705,0.001749
0,-0.042147,0.040466,-0.017554,0.1604,-0.013796,0.177778,0.000736,0.000706
0,-0.160254,-0.09061,-0.093113,-0.116007,-0.11429,-0.084014,0.002797,0.001581
0,0.041048,-0.035814,0.230826,0.060451,0.213311,0.036735,0.000716,0.000625
0,-0.081094,0.095353,-0.150777,0.140603,-0.13167,0.179998,0.001415,0.001664
0,0.032106,0.177752,0.123131,0.098662,0.167646,0.049305,0.00056,0.003102
0,-0.209934,0.086946,-0.26844,-0.074875,-0.244657,-0.045881,0.003664,0.001518
0,-0.080113,0.168178,0.11938,0.110138,0.093379,0.09217,0.001398,0.002935
0,0.086765,0.069353,0.148284,-0.099558,0.09955,-0.129689,0.001514,0.00121
0,-0.159465,0.037192,-0.23828,-0.039909,-0.243374,-0.076753,0.002783,0.000649
0,-0.055535,0.142411,0.075763,0.125721,0.036197,0.16799,0.000969,0.002486
0,0.074564,0.040869,0.157749,-0.077206,0.118242,-0.108123,0.001301,0.000713
0,0.007245,-0.035768,-0.097012,-0.087664,-0.100813,-0.062226,0.000126,0.000624
0,-0.025559,-0.057054,-0.016905,-0.027538,-0.023748,-0.013348,0.000446,0.000996
0,0.03091,0.186913,0.040639,0.215522,0.003812,0.22613,0.000539,0.003262
0,-0.067892,0.113294,-0.10177,-0.066205,-0.064108,-0.028851,0.001185,0.001977
0,0.035151,-0.066485,0.12529,-0.19295,0.127561,-0.147912,0.000613,0.00116
0,-0.098689,0.182846,-0.155945,0.25763,-0.192462,0.211852,0.001722,0.003191
0,0.024226,-0.027632,0.140704,-0.205145,0.131314,-0.249327,0.000423,0.000482
0,-0.104302,0.106223,-0.146281,0.10602,-0.168953,0.06792,0.00182,0.001854
0,-0.154862,-0.01765,-0.055205,-0.112973,-0.083657,-0.132689,0.002703,0.000308
0,-0.139697,-0.050781,-0.013462,-0.011639,-0.040925,-0.040159,0.002438,0.000886
0,-0.041758,-0.019758,0.078297,0.014768,0.109526,-0.023481,0.000729,0.000345
0,0.116601,0.151414,0.16784,0.154955,0.14775,0.172371,0.002035,0.002643
0,-0.01905,0.188498,-0.154542,0.01441,-0.15504,0.014727,0.000332,0.00329
0,-0.035879,0.101807,0.009438,-0.114354,-0.007771,-0.136002,0.000626,0.001777
0,0.05693,0.196075,0.107102,0.084607,0.080269,0.091353,0.000994,0.003422
0,0.088086,0.159941,0.059205,-0.021898,0.022625,-0.045557,0.001537,0.002791
0,-0.00631,0.000971,-0.078119,-0.130765,-0.033124,-0.137569,0.00011,1.7e-05
0,0.13303,-0.125883,0.121137,-0.115537,0.107684,-0.119413,0.002322,0.002197
0,-0.002964,0.151988,-0.129658,0.26792,-0.091002,0.244499,5.2e-05,0.002653
0,0.021759,0.163934,0.01867,0.021034,0.060693,0.000346,0.00038,0.002861
0,-0.089616,0.116064,-0.12754,-0.062736,-0.132603,-0.096415,0.001564,0.002026
0,0.005174,0.049357,0.096529,-0.071357,0.074216,-0.084737,9e-05,0.000861
0,-0.027073,0.075901,-0.060599,0.014367,-0.060046,0.057385,0.000473,0.001325
0,0.058035,0.047346,0.082982,-0.035566,0.081242,-0.056672,0.001013,0.000826
0,-0.112402,0.089332,-0.18451,0.019673,-0.172249,-0.026601,0.001962,0.001559
0,0.127027,-0.122865,0.250245,-0.227595,0.248965,-0.193227,0.002217,0.002144
0,0.126968,-0.021708,0.013268,0.117343,0.002628,0.115801,0.002216,0.000379
0,-0.054734,0.093349,-0.182475,0.10578,-0.172823,0.085234,0.000955,0.001629
0,-0.041863,0.016,0.007059,-0.101319,0.055318,-0.094705,0.000731,0.000279
0,0.068505,0.131459,0.120014,0.108749,0.169578,0.148569,0.001196,0.002294
0,-0.098947,0.042911,-0.176791,-0.075056,-0.134776,-0.055206,0.001727,0.000749
0,0.151757,0.099016,0.271556,0.059053,0.29252,0.087052,0.002649,0.001728
0,0.052068,0.050467,-0.109444,-0.055106,-0.100839,-0.006647,0.000909,0.000881
0,0.056481,0.078049,0.030532,0.002283,0.055404,-0.033765,0.000986,0.001362
0,-0.105346,-0.191866,-0.136036,-0.251646,-0.10899,-0.268708,0.001839,0.003349
0,-0.001861,0.058812,0.114842,0.245458,0.097908,0.220985,3.2e-05,0.001026
0,-0.000192,-0.174757,-0.022164,-0.253384,0.018879,-0.275748,3e-06,0.00305
0,-0.21175,-0.172641,-0.189856,0.011269,-0.143834,-0.008283,0.003696,0.003013
0,-0.215399,-0.084468,-0.006744,0.086854,-0.004149,0.055829,0.003759,0.001474
0,-0.130452,-0.037211,0.105323,0.046003,0.0745,0.066233,0.002277,0.000649
0,-0.015406,-0.129964,0.100982,-0.108992,0.053215,-0.125347,0.000269,0.002268
0,-0.18561,-0.090039,-0.149427,0.033017,-0.115499,0.010528,0.00324,0.001571
0,-0.05473,-0.101029,0.102708,-0.010603,0.119215,-0.051948,0.000955,0.001763
0,-0.195061,-0.017613,-0.113791,0.075854,-0.072846,0.060763,0.003404,0.000307
0,0.035809,-0.159339,0.237365,-0.164749,0.235986,-0.201532,0.000625,0.002781
0,-0.127581,-0.232955,-0.138159,-0.072114,-0.166218,-0.084935,0.002227,0.004066
0,0.080924,-0.199245,0.191686,0.024462,0.199645,0.00546,0.001412,0.003477
0,-0.007303,-0.081107,-0.114245,0.143845,-0.131996,0.185829,0.000127,0.001416
0,-0.015596,-0.202979,0.018688,-0.145425,0.039394,-0.138013,0.000272,0.003543
0,-0.019827,-0.222648,0.006211,0.006145,-0.001314,-0.020725,0.000346,0.003886
0,-0.124884,-0.155146,-0.112085,0.039397,-0.073397,0.001153,0.00218,0.002708
0,-0.202941,-0.125146,-0.05047,0.011898,-0.09535,0.039383,0.003542,0.002184
0,-0.068647,-0.126155,0.12651,-0.020093,0.172928,-0.018449,0.001198,0.002202
0,-0.062027,-0.048518,0.009043,0.098566,-0.020207,0.082552,0.001083,0.000847
0,0.017332,0.01951,0.062042,0.052932,0.09847,0.092546,0.000303,0.000341
0,-0.064453,-0.207354,-0.06278,-0.252788,-0.053589,-0.265455,0.001125,0.003619
0,-0.0583,-0.215149,0.016671,-0.027952,-0.018356,-0.001282,0.001018,0.003755
0,-0.000679,-0.150037,0.030142,0.054979,-0.010817,0.080705,1.2e-05,0.002619
0,-0.213611,0.015889,-0.216535,0.136862,-0.195941,0.099376,0.003728,0.000277
0,-0.089121,0.026204,0.117795,0.016128,0.089595,-0.024845,0.001555,0.000457
0,-0.210747,-0.134178,-0.09421,-0.150226,-0.123401,-0.133553,0.003678,0.002342
0,-0.09153,-0.203593,0.125184,-0.042675,0.11792,-0.03284,0.001598,0.003553
0,0.013089,-0.062198,0.109989,0.116314,0.150249,0.068682,0.000228,0.001086
0,-0.110128,-0.006486,-0.097148,0.047084,-0.07762,0.057128,0.001922,0.000113
0,0.053711,0.030378,0.177822,0.009539,0.218014,0.006073,0.000937,0.00053
0,-0.056549,-0.106903,-0.082509,-0.122607,-0.118601,-0.145921,0.000987,0.001866
0,0.039794,0.053856,0.07959,0.135978,0.033462,0.154096,0.000695,0.00094
0,-0.505091,-0.252423,-0.534997,-0.335194,-0.533951,-0.302599,0.002936,0.004406
0,-0.385017,-0.558642,0.105217,-0.331331,0.123387,-0.291879,0.005032,0.002002
0,-0.342961,-0.976458,0.042696,-0.402178,0.06326,-0.437358,0.005766,0.005291
0,-0.452269,-1.052795,-0.132935,-0.076106,-0.115003,-0.098499,0.003858,0.005129
0,-0.241664,-1.018053,0.182507,0.058708,0.225244,0.016963,0.004218,0.005735
0,-0.258751,-0.969144,-0.0439,0.073035,-0.080555,0.046717,0.004516,0.005163
0,-0.110675,-0.956658,0.13301,0.016476,0.144857,0.019633,0.001932,0.004945
0,-0.213154,-0.384385,-0.087039,0.602045,-0.094341,0.601934,0.00372,0.005043
0,-0.096081,-0.258406,0.145421,0.116962,0.101463,0.092183,0.001677,0.00451
0,-0.11247,-0.140002,-0.032804,0.103187,-0.032033,0.091404,0.001963,0.002443
0,-0.116083,-0.015764,-0.030887,0.137358,-0.04777,0.157257,0.002026,0.000275
0,-0.0565,-0.122302,0.074387,-0.103373,0.115197,-0.104994,0.000986,0.002135
0,-0.235874,0.097932,-0.152024,0.221168,-0.108571,0.190413,0.004117,0.001709
0,-0.058613,0.15203,0.161049,0.057056,0.173866,0.064039,0.001023,0.002653
0,-0.114657,0.17409,-0.044603,0.008205,-0.005569,0.01813,0.002001,0.003038
0,-0.221874,-0.029973,-0.134223,-0.189888,-0.141899,-0.226121,0.003872,0.000523
0,-0.243882,0.078225,-0.050025,0.090909,-0.053184,0.057496,0.004257,0.001365
0,-0.011845,0.095737,0.243631,0.043734,0.212392,0.004783,0.000207,0.001671
0,-0.239623,0.115094,-0.207608,0.031463,-0.170728,0.023282,0.004182,0.002009
0,-0.184532,0.12638,0.06597,0.036567,0.09879,0.03865,0.003221,0.002206
0,-0.146687,-0.0301,0.016125,-0.170269,-0.019301,-0.160861,0.00256,0.000525
0,-0.067973,-0.073757,0.050547,-0.038211,0.020089,-0.017749,0.001186,0.001287
0,0.015345,-0.055836,0.106858,0.018813,0.127705,0.045859,0.000268,0.000975
0,-0.052761,0.003717,-0.057446,0.051675,-0.10386,0.072025,0.000921,6.5e-05
0,-0.068541,-0.050382,-0.021552,-0.054145,-0.03285,-0.076046,0.001196,0.000879
0,0.003211,0.137669,0.071645,0.183387,0.030959,0.22592,5.6e-05,0.002403
0,0.042452,-0.027549,0.049507,-0.160094,-0.000345,-0.119227,0.000741,0.000481
0,-0.091116,0.144302,-0.105793,0.192258,-0.145372,0.15632,0.00159,0.002519
0,-0.042871,-0.012109,0.057496,-0.136284,0.067891,-0.110021,0.000748,0.000211
0,0.09859,-0.003764,0.14935,-0.013614,0.177042,0.017465,0.001721,6.6e-05
0,-0.065386,0.130666,-0.136941,0.12557,-0.156451,0.122638,0.001141,0.002281
0,0.138325,0.114617,0.178893,-0.016242,0.150325,-0.037552,0.002414,0.002
0,0.063015,0.031105,-0.086023,-0.060852,-0.043324,-0.061215,0.0011,0.000543
0,0.09255,-0.059989,0.059192,-0.112045,0.056969,-0.160207,0.001615,0.001047
0,-0.18446,0.129128,-0.298087,0.191557,-0.296465,0.192908,0.003219,0.002254
0,-0.047034,-0.001894,0.138626,-0.127002,0.130254,-0.110684,0.000821,3.3e-05
0,-0.047113,0.165136,-0.014311,0.142106,-0.045202,0.153126,0.000822,0.002882
0,-0.041894,0.165629,0.016662,0.017747,-0.011819,0.055322,0.000731,0.002891
0,-0.149081,-0.033717,-0.117515,-0.216071,-0.115618,-0.236317,0.002602,0.000588
0,-0.175504,0.027991,-0.044137,0.078598,-0.015283,0.119244,0.003063,0.000489
0,0.033367,-0.031317,0.198154,-0.06732,0.225391,-0.086248,0.000582,0.000547
0,-0.056041,0.09699,-0.065336,0.141068,-0.074312,0.151149,0.000978,0.001693
0,-0.11608,-0.025836,-0.042262,-0.150373,-0.03899,-0.117496,0.002026,0.000451
0,0.051678,0.024029,0.164076,0.079388,0.135001,0.080761,0.000902,0.000419
0,0.023089,0.078485,-0.029389,0.033695,-0.033378,-0.002642,0.000403,0.00137
0,-0.082136,0.073512,-0.106176,-0.015978,-0.11498,-0.051616,0.001434,0.001283
0,-0.135794,0.077188,-0.050984,0.001194,-0.00938,-0.026923,0.00237,0.001347
0,0.177868,0.201487,0.286064,0.145873,0.324622,0.188826,0.003104,0.003517
0,-0.071519,-0.005834,-0.250206,-0.179645,-0.27713,-0.146746,0.001248,0.000102
0,0.170474,0.093028,0.27168,0.097003,0.266904,0.093057,0.002975,0.001624
0,0.133922,-0.025768,-0.042825,-0.115951,0.000347,-0.119755,0.002337,0.00045
0,0.056673,0.209473,-0.08387,0.251789,-0.090134,0.227045,0.000989,0.003656
0,-0.153559,0.1018,-0.198015,-0.114532,-0.215885,-0.151405,0.00268,0.001777
0,0.134981,0.210823,0.276812,0.13702,0.22869,0.096038,0.002356,0.00368
0,-0.007452,0.007403,-0.117032,-0.188502,-0.108799,-0.13975,0.00013,0.000129
0,-0.10336,-0.066289,-0.071176,-0.044961,-0.120894,-0.083189,0.001804,0.001157
0,0.064546,0.095941,0.16135,0.134512,0.139436,0.139809,0.001127,0.001674
0,0.045736,-0.057579,-0.007943,-0.133963,-0.019434,-0.116622,0.000798,0.001005
0,0.063299,0.002677,0.038579,0.074106,0.052345,0.117429,0.001105,4.7e-05
0,-0.042769,-0.077108,-0.132569,-0.055334,-0.112872,-0.03862,0.000746,0.001346
0,-0.105236,0.094435,-0.056054,0.175375,-0.099161,0.179085,0.001837,0.001648
0,-0.083285,0.054063,0.026573,-0.031069,0.05566,-0.005424,0.001454,0.000944
0,0.023271,0.070476,0.09261,0.039454,0.053508,0.088914,0.000406,0.00123
0,-0.00186,-0.017397,-0.054375,-0.06917,-0.06897,-0.095831,3.2e-05,0.000304
0,0.050156,0.090811,0.071443,0.108075,0.092562,0.087072,0.000875,0.001585
0,0.135625,0.152012,0.111644,0.049821,0.123286,0.011799,0.002367,0.002653
0,0.141766,-0.088667,0.03233,-0.261538,0.028795,-0.264783,0.002474,0.001548
0,-0.117898,-0.069311,-0.267639,0.032422,-0.272258,0.064928,0.002058,0.00121
0,0.076645,0.190364,0.207777,0.27425,0.213582,0.241014,0.001338,0.003322
0,0.078061,0.128159,0.020632,-0.075989,0.03307,-0.099406,0.001362,0.002237
0,-0.082134,0.054559,-0.177247,-0.08512,-0.215413,-0.132192,0.001434,0.000952
0,-0.123652,0.160539,-0.014336,0.095457,-0.049653,0.132605,0.002158,0.002802
0,-0.076478,0.159244,0.038808,-0.004352,0.04751,-0.014074,0.001335,0.002779
0,0.148043,0.162848,0.200924,-0.02351,0.2282,-0.012347,0.002584,0.002842
0,-0.151955,-0.049466,-0.31681,-0.232652,-0.340602,-0.274065,0.002652,0.000863
0,0.052122,0.057953,0.185397,0.126276,0.203075,0.144626,0.00091,0.001011
0,0.00764,-0.13096,-0.048271,-0.162944,-0.049993,-0.197467,0.000133,0.002286
0,-0.104578,0.049181,-0.106058,0.155648,-0.130979,0.170141,0.001825,0.000858
0,-0.085726,-0.017519,-0.006919,-0.067698,0.026256,-0.055119,0.001496,0.000306
0,0.079694,-0.129787,0.153662,-0.111028,0.192361,-0.126689,0.001391,0.002265
0,-0.079297,-0.01217,-0.130091,0.132227,-0.127238,0.164144,0.001384,0.000212
0,-0.0079,0.017394,0.050358,0.04101,0.070754,0.071439,0.000138,0.000304
0,-0.124112,-0.051801,-0.099759,-0.0485,-0.087645,-0.067322,0.002166,0.000904
0,0.029829,0.090399,0.124321,0.127142,0.121053,0.164771,0.000521,0.001578
0,-0.010947,0.098002,-0.057487,0.035624,-0.025262,0.062569,0.000191,0.00171
0,0.040695,0.190497,0.045566,0.117301,0.003855,0.088911,0.00071,0.003325
0,-0.082509,0.169564,-0.128685,-0.006245,-0.163116,0.02298,0.00144,0.002959
0,0.006274,0.182898,0.072634,-0.007097,0.083103,-0.01152,0.000109,0.003192
0,-0.231439,0.148912,-0.250386,-0.042473,-0.284515,-0.080276,0.004039,0.002599
0,-0.030172,-0.035081,0.208355,-0.157935,0.235014,-0.154217,0.000527,0.000612
0,-0.012275,0.070623,0.009814,0.133187,0.016466,0.156609,0.000214,0.001233
0,-0.155371,0.096639,-0.152951,0.021857,-0.202658,0.012134,0.002712,0.001687
0,-0.232649,0.027856,-0.086207,-0.050272,-0.123649,-0.035871,0.00406,0.000486
0,-0.120432,0.017447,0.104606,-0.011447,0.081787,-0.028258,0.002102,0.000305
0,0.04186,0.103218,0.179021,0.062727,0.199137,0.112527,0.000731,0.001801
0,0.049906,0.180995,0.029554,0.106641,0.029166,0.125853,0.000871,0.003159
0,-0.147604,0.068898,-0.180704,-0.111728,-0.151171,-0.067066,0.002576,0.001202
0,0.107874,0.001361,0.283103,-0.042624,0.267709,-0.07593,0.001883,2.4e-05
0,0.115521,0.134732,-0.0088,0.155883,-0.005235,0.166756,0.002016,0.002352
0,-0.119317,0.107898,-0.227936,-0.046016,-0.217757,0.000549,0.002082,0.001883
0,-0.106138,-0.142173,0.032536,-0.231388,0.059575,-0.250951,0.001852,0.002481
0,0.008502,-0.025514,0.136802,0.124288,0.110097,0.07686,0.000148,0.000445
0,0.06066,-0.077966,0.040889,-0.059313,0.067974,-0.103069,0.001059,0.001361
0,0.161036,-0.115914,0.129522,-0.041746,0.09037,-0.005562,0.002811,0.002023
0,0.166726,-0.064932,-0.013324,0.077522,-0.026691,0.067785,0.00291,0.001133
0,0.058837,-0.050454,-0.10166,0.019938,-0.116774,0.065623,0.001027,0.000881
0,0.036492,-0.104171,-0.05058,-0.079928,-0.041249,-0.066263,0.000637,0.001818
0,0.097331,0.086285,0.044555,0.219424,0.012123,0.189402,0.001699,0.001506
0,0.083387,-0.178927,-0.002508,-0.244263,-0.01982,-0.197707,0.001455,0.003123
0,0.097048,0.040391,0.017949,0.248194,-0.030734,0.258303,0.001694,0.000705
0,0.087964,-0.054827,0.017452,-0.100645,-0.003745,-0.109518,0.001535,0.000957
0,0.103659,0.096931,-0.00455,0.165937,0.008323,0.157017,0.001809,0.001692
0,0.065106,-0.009175,-0.031957,-0.118583,-0.034286,-0.152873,0.001136,0.00016
0,0.026364,0.077718,-0.033167,0.109397,-0.035439,0.158339,0.00046,0.001356
0,0.027136,-0.007409,0.028546,-0.097397,0.0694,-0.054939,0.000474,0.000129
0,-0.138328,0.011313,-0.16925,-0.008432,-0.182651,-0.003207,0.002414,0.000197
0,-0.084741,-0.13911,0.075716,-0.122318,0.10534,-0.114324,0.001479,0.002428
0,0.089902,0.050482,0.186269,0.18356,0.201699,0.231435,0.001569,0.000881
0,0.067053,0.140984,-0.05235,0.083656,-0.091127,0.045838,0.00117,0.002461
0,0.127274,-0.06139,0.077691,-0.192456,0.068008,-0.203054,0.002221,0.001071
0,0.163726,-0.121221,0.019068,-0.072509,0.005748,-0.022889,0.002858,0.002116
0,0.008466,-0.071576,-0.139383,0.047116,-0.152692,0.069442,0.000148,0.001249
0,-0.03214,-0.005682,-0.036925,0.062178,-0.082917,0.035816,0.000561,9.9e-05
0,0.107025,0.094959,0.148052,0.098969,0.150027,0.090708,0.001868,0.001657
0,-0.121832,0.063613,-0.20865,-0.019574,-0.166126,-0.051578,0.002126,0.00111
0,-0.030066,0.029541,0.090303,-0.024469,0.061052,-0.02648,0.000525,0.000516
0,0.061618,-0.020899,0.082359,-0.057469,0.057134,-0.050699,0.001075,0.000365
0,-0.106235,0.037214,-0.16341,0.080677,-0.113449,0.034803,0.001854,0.00065
0,0.060793,0.085089,0.195262,0.069283,0.161561,0.080399,0.001061,0.001485
0,-0.07672,0.047602,-0.131966,-0.036892,-0.131515,-0.006482,0.001339,0.000831
0,0.068715,-0.065371,0.130511,-0.09076,0.100065,-0.064444,0.001199,0.001141
0,0.022225,0.074249,-0.073452,0.125063,-0.053123,0.1171,0.000388,0.001296
0,-0.115462,0.015344,-0.164416,-0.049323,-0.203327,-0.018192,0.002015,0.000268
0,-0.215264,-0.013549,-0.07632,-0.000976,-0.058629,0.025072,0.003757,0.000236
0,-0.12152,0.136462,0.107694,0.143603,0.102165,0.11496,0.002121,0.002382
0,-0.143327,0.105283,-0.047624,-0.049607,-0.035407,-0.038883,0.002502,0.001838
0,-0.135705,0.041858,0.025911,-0.081825,0.070527,-0.079446,0.002368,0.000731
0,-0.189883,-0.001317,-0.055562,-0.016278,-0.06978,-0.030097,0.003314,2.3e-05
0,-0.140988,-0.1296,0.039652,-0.120662,0.07771,-0.084837,0.002461,0.002262
0,-0.037151,0.053038,0.114563,0.19785,0.087166,0.154492,0.000648,0.000926
0,0.125774,-0.09216,0.171025,-0.142612,0.209416,-0.182262,0.002195,0.001608
0,-0.006154,-0.076289,-0.156635,0.028487,-0.107448,-0.016699,0.000107,0.001331
0,-0.038735,0.042324,-0.061771,0.13388,-0.013967,0.131296,0.000676,0.000739
0,0.199646,-0.111365,0.244478,-0.158642,0.196126,-0.193079,0.003484,0.001944
0,0.053963,0.045369,-0.169945,0.158137,-0.163049,0.110858,0.000942,0.000792
0,0.202732,0.037428,0.132627,-0.020663,0.137277,-0.052504,0.003538,0.000653
0,-0.016082,0.143141,-0.244104,0.098388,-0.204151,0.057252,0.000281,0.002498
0,0.097013,0.019611,0.107166,-0.101632,0.108325,-0.067873,0.001693,0.000342
0,0.107305,0.002247,0.02483,-0.006412,0.042389,-0.035689,0.001873,3.9e-05
0,0.027948,0.012343,-0.096682,0.013325,-0.055032,-0.020895,0.000488,0.000215
0,-0.016064,0.10277,-0.039218,0.072503,0.005599,0.074168,0.00028,0.001794
0,-0.116338,0.100714,-0.093261,-0.019536,-0.068599,-0.002318,0.00203,0.001758
0,-0.031923,0.12599,0.080775,0.044375,0.121911,0.058897,0.000557,0.002199
0,-0.071092,0.104763,-0.023308,-0.008552,-0.04784,0.001454,0.001241,0.001828
0,3.810885,-0.140935,3.904378,-0.271094,3.870088,-0.315561,0.003998,0.00246
0,3.741549,-0.186534,-0.071226,-0.042955,-0.089477,-0.085119,0.005208,0.003256
0,3.702034,-0.299626,-0.06435,-0.093772,-0.017103,-0.096935,0.005854,0.005229
0,4.209326,-0.553406,0.505131,-0.254768,0.553383,-0.216286,0.002956,0.002093
0,3.931917,-0.445729,-0.306128,0.12775,-0.276827,0.168526,0.001885,0.003972
0,3.118135,-0.55178,-0.811648,-0.127029,-0.768938,-0.099147,0.004337,0.002121
0,2.159277,-0.321058,-0.95637,0.215665,-0.922142,0.177879,0.002431,0.005604
0,1.54815,-0.276253,-0.627372,0.023,-0.621282,0.02083,0.003517,0.004822
0,1.225901,-0.240658,-0.294319,0.048902,-0.305553,0.062328,0.002107,0.0042
0,0.626115,-0.017118,-0.603949,0.213903,-0.643269,0.175107,0.000824,0.000299
0,0.37726,-0.160198,-0.262559,-0.155215,-0.253084,-0.162671,0.005167,0.002796
0,0.007643,-0.252657,-0.370148,-0.078251,-0.331302,-0.03602,0.000133,0.00441
0,-0.212192,0.014445,-0.230634,0.272323,-0.255319,0.248391,0.003703,0.000252
0,-0.16471,-0.28249,0.027512,-0.297935,0.035739,-0.326193,0.002875,0.00493
0,-0.636042,-0.137134,-0.470174,0.164993,-0.450507,0.190808,0.000651,0.002393
0,-0.402186,0.015221,0.213206,0.136644,0.164469,0.125315,0.004732,0.000266
0,-0.342809,-0.079679,0.075634,-0.070633,0.114495,-0.084851,0.005769,0.001391
0,-2.673882,-1.235961,-2.357425,-1.169215,-2.341664,-1.185748,0.000339,0.001932
0,-2.584518,-1.52696,0.098537,-0.277209,0.118949,-0.290174,0.001898,0.003147
0,-2.574505,-1.907467,0.003509,-0.378695,0.051929,-0.369629,0.002073,0.001964
0,-2.606247,-2.378545,-0.005738,-0.454763,0.02384,-0.405096,0.001519,0.005493
0,-2.19434,-1.778508,0.439191,0.572473,0.415231,0.617914,0.003043,0.004214
0,-1.940624,-1.309013,0.281858,0.461802,0.272315,0.416037,0.001385,0.000657
0,-1.669,-1.420848,0.252537,-0.139262,0.250779,-0.16942,0.005626,0.001295
0,-1.086414,-0.866179,0.596333,0.527769,0.598745,0.495637,0.004542,0.003366
0,-0.903354,-0.614046,0.166332,0.257875,0.122012,0.258552,0.004015,0.001035
0,-0.601172,-0.509502,0.321548,0.111424,0.318194,0.115049,0.001259,0.002859
0,-0.227373,-0.207806,0.364592,0.312147,0.332522,0.268731,0.003968,0.003627
0,-0.038526,-0.046702,0.163132,0.177891,0.188481,0.197989,0.000672,0.000815
0,-0.017063,-0.028664,0.013281,0.025092,0.027865,0.007382,0.000298,0.0005
0,-0.203363,-0.200923,-0.182485,-0.145871,-0.210628,-0.108475,0.003549,0.003507
0,0.053403,-0.00256,0.279653,0.219874,0.314204,0.196094,0.000932,4.5e-05
0,-0.008508,-0.249509,-0.038202,-0.250929,0.001465,-0.237612,0.000148,0.004355
0,-0.104966,-0.117977,-0.083509,0.107763,-0.098703,0.063189,0.001832,0.002059
0,-0.213362,-0.175945,-0.112068,-0.04097,-0.144527,-0.066992,0.003724,0.003071
0,0.028408,-0.143399,0.227241,0.049076,0.268651,0.039644,0.000496,0.002503
0,-0.10248,0.071126,-0.142374,0.202044,-0.183075,0.223717,0.001789,0.001241
0,-0.087118,-0.053066,-0.001353,-0.136922,-0.045983,-0.159849,0.00152,0.000926
0,-0.243639,-0.125151,-0.14263,-0.060452,-0.109487,-0.042944,0.004252,0.002184
0,-0.032448,-0.15447,0.23168,-0.018624,0.202282,-0.024881,0.000566,0.002696
0,-0.201666,-0.02093,-0.151143,0.114815,-0.130462,0.11491,0.00352,0.000365
0,0.020622,-0.087708,0.217015,-0.07731,0.265964,-0.066094,0.00036,0.001531
0,-0.212051,-0.080876,-0.221962,-0.022133,-0.226538,-0.002145,0.003701,0.001412
0,-0.04817,0.062059,0.162363,0.166119,0.150664,0.203538,0.000841,0.001083
0,-0.027589,0.030258,0.042535,-0.045796,0.023822,-0.081517,0.000482,0.000528
0,-0.100654,0.083839,-0.082882,0.054848,-0.05141,0.064256,0.001757,0.001463
0,-0.149333,-0.043434,-0.066633,-0.125772,-0.088429,-0.090269,0.002606,0.000758
0,-0.03968,-0.078859,0.135956,-0.062895,0.165355,-0.08676,0.000693,0.001376
0,-0.066563,0.108568,-0.024198,0.166766,-0.038205,0.147167,0.001162,0.001895
0,-0.106608,-0.095269,-0.053451,-0.208014,-0.099985,-0.222339,0.001861,0.001663
0,0.06646,-0.045609,0.172915,0.035369,0.188125,0.022472,0.00116,0.000796
0,-0.132288,0.000608,-0.222817,0.055871,-0.258724,0.075894,0.002309,1.1e-05
0,-0.143138,-0.116905,-0.029702,-0.136659,-0.066654,-0.124991,0.002498,0.00204
0,-0.090541,0.120599,0.057069,0.237379,0.022124,0.269682,0.00158,0.002105
0,-0.164333,-0.117224,-0.100147,-0.226282,-0.117453,-0.213409,0.002868,0.002046
0,-0.209368,-0.039435,-0.06901,0.055661,-0.061195,0.018761,0.003654,0.000688
0,-0.067258,0.0583,0.137632,0.095504,0.167491,0.069657,0.001174,0.001018
0,-0.225326,-0.053484,-0.153861,-0.10211,-0.141928,-0.130158,0.003933,0.000933
0,-0.092144,0.012108,0.1329,0.088092,0.127115,0.128946,0.001608,0.000211
0,-0.246067,-0.142953,-0.148403,-0.130837,-0.11447,-0.180672,0.004295,0.002495
0,-0.22819,-0.111982,0.019073,0.00506,0.057024,-0.037824,0.003983,0.001954
0,-0.159727,-0.063955,0.087053,0.07459,0.089843,0.062987,0.002788,0.001116
0,-0.146496,0.086872,0.013915,0.172204,0.028556,0.165548,0.002557,0.001516
0,-0.272084,-0.11563,-0.136746,-0.215379,-0.08867,-0.187839,0.004749,0.002018
0,-0.069726,-0.108502,0.214415,-0.017122,0.205474,-0.027294,0.001217,0.001894
0,0.630971,-1.759182,0.728492,-1.659334,0.683158,-1.650616,0.000739,0.004552
0,0.851132,-2.103291,0.196762,-0.314607,0.231093,-0.306158,0.003103,0.001454
0,1.159753,-2.09088,0.329232,0.010038,0.377091,0.044031,0.003262,0.001238
0,0.771457,-1.873761,-0.408203,0.215999,-0.37397,0.200153,0.001713,0.002552
0,0.774608,-1.375352,0.029898,0.480277,0.046316,0.496437,0.001768,0.000501
0,0.62964,-1.079834,-0.162572,0.284697,-0.172811,0.265161,0.000762,0.004657
0,0.626152,-0.594664,-0.016357,0.462855,-0.044803,0.505103,0.000823,0.001373
0,0.370247,-0.3212,-0.257476,0.302018,-0.225913,0.33849,0.00529,0.005606
0,0.121835,-0.052308,-0.250702,0.298064,-0.221612,0.271265,0.002126,0.000913
0,0.236648,0.058207,0.117395,0.110153,0.120157,0.080366,0.00413,0.001016
0,-0.017228,0.023972,-0.24115,-0.008981,-0.226754,0.004994,0.000301,0.000418
0,0.027624,0.212544,0.040042,0.218329,0.072069,0.26268,0.000482,0.00371
0,0.000665,0.061341,-0.028411,-0.123627,-0.072543,-0.142567,1.2e-05,0.001071
0,-0.091912,0.151428,-0.084764,0.088893,-0.05439,0.092251,0.001604,0.002643
0,-0.054353,0.260802,0.036665,0.089505,0.078359,0.045407,0.000949,0.004552
0,-0.044683,0.032133,0.019808,-0.251621,-0.029618,-0.218725,0.00078,0.000561
0,-0.087448,0.087865,-0.037619,0.074958,-0.079642,0.061406,0.001526,0.001534
0,-0.141984,-0.000107,-0.037534,-0.107135,-0.041317,-0.089139,0.002478,2e-06
0,0.033509,0.120201,0.154302,0.149039,0.161564,0.135258,0.000585,0.002098
0,0.050905,0.043565,0.027765,-0.049217,0.074926,-0.073058,0.000888,0.00076
0,-0.104578,0.129952,-0.142251,0.083861,-0.140208,0.116709,0.001825,0.002268
0,0.104023,0.24645,0.209623,0.089201,0.254803,0.065041,0.001816,0.004301
0,0.007408,0.048797,-0.106367,-0.181271,-0.087848,-0.207635,0.000129,0.000852
0,0.161153,0.116005,0.159934,0.045789,0.178271,0.029191,0.002813,0.002025
0,0.180115,0.039934,0.002645,-0.08987,-0.039076,-0.044041,0.003144,0.000697
0,-0.052258,0.198135,-0.218704,0.152527,-0.235377,0.144202,0.000912,0.003458
0,0.09333,-0.015447,0.149318,-0.188616,0.160075,-0.164793,0.001629,0.00027
0,0.281723,0.225931,0.212765,0.267417,0.225348,0.225941,0.004917,0.003943
0,0.216462,0.068121,-0.078984,-0.180511,-0.061377,-0.199492,0.003778,0.001189
0,0.030485,0.005085,-0.159266,-0.088889,-0.135944,-0.076463,0.000532,8.9e-05
0,-0.058913,-0.055821,-0.088001,-0.047554,-0.062744,-0.059279,0.001028,0.000974
0,0.24616,-0.019688,0.321655,0.034869,0.330906,-0.005639,0.004296,0.000344
0,0.101861,0.204951,-0.149282,0.239326,-0.1368,0.249322,0.001778,0.003577
0,0.014959,0.01872,-0.1031,-0.195499,-0.074427,-0.169524,0.000261,0.000327
0,0.157907,-0.034354,0.149716,-0.053881,0.1399,-0.026721,0.002756,0.0006
0,0.157201,-0.015214,-0.010108,-0.005699,-0.05245,-0.001554,0.002744,0.000266
0,-0.013693,-0.011574,-0.19197,0.009957,-0.224605,0.006844,0.000239,0.000202
0,0.056803,-0.064497,0.059274,-0.03423,0.030519,-0.043481,0.000991,0.001126
0,0.260028,0.074601,0.213727,0.162049,0.18499,0.189105,0.004538,0.001302
0,0.230564,0.161601,-0.015777,0.077357,-0.008625,0.109838,0.004024,0.00282
0,0.159415,-0.003488,-0.09303,-0.167801,-0.129258,-0.172884,0.002782,6.1e-05
0,0.031254,0.033257,-0.104268,0.055397,-0.079869,0.09199,0.000545,0.00058
0,0.048061,-0.092096,0.017567,-0.131066,-0.007386,-0.170927,0.000839,0.001607
0,0.106886,0.031171,0.053716,0.148911,0.052842,0.169019,0.001866,0.000544
0,0.05683,-0.062576,-0.076119,-0.100781,-0.080706,-0.055278,0.000992,0.001092
0,0.155695,0.19078,0.10263,0.231307,0.129013,0.254872,0.002717,0.00333
0,-0.002881,-0.080303,-0.1767,-0.2861,-0.201644,-0.306566,5e-05,0.001402
0,0.060139,0.079548,0.090629,0.162244,0.081738,0.154313,0.00105,0.001388
0,-0.010098,0.01598,-0.060755,-0.079493,-0.059064,-0.119232,0.000176,0.000279
0,-0.091063,0.082648,-0.074637,0.057816,-0.074691,0.104014,0.001589,0.001442
0,0.01616,0.168572,0.12357,0.068918,0.133548,0.033011,0.000282,0.002942
0,0.061464,0.042654,0.044868,-0.141256,0.081337,-0.139732,0.001073,0.000744
0,-0.159988,-0.093739,-0.205735,-0.147408,-0.223478,-0.135166,0.002792,0.001636
0,-0.05313,0.125368,0.107115,0.21599,0.121122,0.197834,0.000927,0.002188
0,-0.158437,-0.118526,-0.09411,-0.269758,-0.068701,-0.225569,0.002765,0.002069
0,-0.003227,0.095252,0.175043,0.206866,0.186989,0.235411,5.6e-05,0.001662
0,-0.098265,0.104849,-0.094151,0.023375,-0.070543,0.042069,0.001715,0.00183
0,-0.105428,-0.106288,0.02053,-0.234562,0.058827,-0.215368,0.00184,0.001855
0,0.056406,-0.040372,0.175982,0.054215,0.148482,0.079907,0.000984,0.000705
0,0.042293,0.110178,-0.017308,0.129473,-0.025377,0.164924,0.000738,0.001923
0,0.015838,-0.030629,-0.031297,-0.143106,-0.007237,-0.10639,0.000276,0.000535
0,-0.206592,-0.051863,-0.202805,-0.027878,-0.221897,0.020838,0.003606,0.000905
0,-0.113144,-0.146685,0.071894,-0.089216,0.089622,-0.097703,0.001975,0.00256
0,-0.190376,-0.100776,-0.063689,0.031125,-0.062596,0.017637,0.003323,0.001759
0,0.082983,0.004873,0.269008,0.103887,0.2297,0.132124,0.001448,8.5e-05
0,-0.023973,0.0098,-0.097577,-0.019194,-0.097812,-0.028383,0.000418,0.000171
0,-0.024991,-0.044554,-0.019545,-0.031138,-0.053444,-0.023993,0.000436,0.000778
0,-0.04479,-0.123902,-0.00801,-0.092036,0.04138,-0.064152,0.000782,0.002163
0,-0.016006,-0.008302,0.018306,0.118466,0.037414,0.081383,0.000279,0.000145
0,0.058001,-0.12337,0.06821,-0.089547,0.064299,-0.116125,0.001012,0.002153
0,-0.051977,-0.116685,-0.137928,0.009135,-0.118027,0.033494,0.000907,0.002037
0,-0.068881,0.069644,-0.018801,0.158295,-0.034369,0.131563,0.001202,0.001216
0,-0.060524,-0.030533,-0.002283,-0.087309,-0.020682,-0.040067,0.001056,0.000533
0,0.111713,0.126047,0.172727,0.179675,0.131337,0.181097,0.00195,0.0022
0,-0.023313,0.035414,-0.149538,-0.1051,-0.122073,-0.133774,0.000407,0.000618
0,-0.093841,-0.070261,-0.05943,-0.107466,-0.104546,-0.076916,0.001638,0.001226
0,-0.08552,-0.085805,-0.011143,-0.028593,0.011868,-0.036201,0.001493,0.001498
0,0.143309,0.057486,0.216547,0.117556,0.178257,0.115391,0.002501,0.001003
0,-0.109253,0.033253,-0.278836,-0.050876,-0.298579,-0.021477,0.001907,0.00058
0,0.090533,0.077168,0.205218,0.028805,0.176462,-0.001495,0.00158,0.001347
0,-0.154599,-0.062284,-0.275059,-0.133284,-0.286777,-0.173199,0.002698,0.001087
0,0.029472,0.131827,0.174071,0.19491,0.181356,0.154278,0.000514,0.002301
0,0.129167,0.025218,0.111558,-0.133324,0.12742,-0.132717,0.002254,0.00044
0,0.083022,0.115344,-0.074619,0.06374,-0.081127,0.093134,0.001449,0.002013
0,-0.178492,-0.112875,-0.242784,-0.217625,-0.261893,-0.181059,0.003115,0.00197
0,0.037936,0.043387,0.22852,0.137489,0.228959,0.165045,0.000662,0.000757
0,0.0131,-0.02656,-0.052948,-0.082256,-0.048809,-0.099562,0.000229,0.000464
0,-0.001065,-0.099564,-0.000831,-0.043131,0.01446,0.001806,1.9e-05,0.001738
0,-0.038106,-0.133919,-0.049787,-0.051167,-0.028621,-0.090705,0.000665,0.002337
0,-0.155136,0.001386,-0.118621,0.162684,-0.097357,0.15302,0.002708,2.4e-05
0,-0.092583,0.048183,0.049049,0.017697,0.082113,0.034696,0.001616,0.000841
0,0.128247,0.042135,0.190898,-0.014398,0.198266,0.009369,0.002238,0.000735
0,0.011287,-0.128583,-0.121283,-0.162694,-0.115904,-0.19256,0.000197,0.002244
0,-0.079748,-0.124256,-0.081143,0.030548,-0.100609,0.044627,0.001392,0.002169
0,-0.099085,-0.029044,-0.037378,0.069071,-0.070132,0.118801,0.001729,0.000507
0,-0.028074,-0.101509,0.080342,-0.074237,0.097864,-0.044516,0.00049,0.001772
0,-0.160396,-0.047875,-0.139507,0.039012,-0.098513,0.085159,0.002799,0.000836
0,-0.003319,-0.098216,0.176456,-0.071658,0.205745,-0.121262,5.8e-05,0.001714
0,-0.169755,-0.096109,-0.19227,-0.007329,-0.175955,-0.04672,0.002963,0.001677
0,-0.25146,0.107332,-0.05951,0.196345,-0.053506,0.23045,0.004389,0.001873
0,-0.222968,0.102684,0.041776,-0.023412,0.05987,0.02639,0.003892,0.001792
0,-0.21298,0.11195,-0.00742,-0.003166,0.036933,-0.015907,0.003717,0.001954
0,-0.069412,-0.16439,0.129507,-0.291695,0.133515,-0.279634,0.001211,0.002869
0,-0.360471,-0.284131,-0.264098,-0.141109,-0.280166,-0.119843,0.00546,0.004959
0,-0.365161,-1.089483,-0.000254,-0.814268,-0.040939,-0.855011,0.005378,0.004488
0,-0.18184,-1.178876,0.189155,-0.068915,0.16467,-0.061332,0.003174,0.002928
0,-0.083817,-1.053519,0.093188,0.106192,0.069786,0.096929,0.001463,0.005116
0,-0.391194,-0.700463,-0.304324,0.37295,-0.290804,0.396897,0.004924,0.000474
0,-0.096953,-0.749876,0.267032,-0.067693,0.295524,-0.109642,0.001692,0.001336
0,-0.146789,-0.287893,-0.035187,0.476295,-0.05973,0.501244,0.002562,0.005025
0,-0.115396,-0.326607,0.06022,-0.027294,0.05198,0.01263,0.002014,0.0057
0,-0.037429,-0.280381,0.076062,0.029515,0.061778,0.056306,0.000653,0.004894
0,-0.047944,-0.180678,0.006759,0.086084,0.020892,0.093811,0.000837,0.003153
0,-0.074552,-0.186049,-0.006325,0.012847,0.01842,-0.024972,0.001301,0.003247
0,0.001778,-0.294664,0.080532,-0.103869,0.062057,-0.135247,3.1e-05,0.005143
0,-0.17429,-0.11978,-0.167226,0.152086,-0.144082,0.166937,0.003042,0.002091
0,0.06142,-0.154135,0.215718,-0.034833,0.167216,-0.003222,0.001072,0.00269
0,-0.165764,-0.092367,-0.211875,0.038954,-0.222401,-0.008976,0.002893,0.001612
0,-0.172191,-0.154204,-0.021794,-0.088371,-0.029017,-0.042369,0.003005,0.002691
0,0.084387,-0.089509,0.254379,0.065016,0.282624,0.066445,0.001473,0.001562
0,-0.054222,-0.155783,-0.162395,-0.093841,-0.194549,-0.087553,0.000946,0.002719
0,-0.007371,-0.298058,0.052857,-0.14949,0.02235,-0.101269,0.000129,0.005202
0,-0.123185,-0.053841,-0.090976,0.258354,-0.069656,0.26362,0.00215,0.00094
0,0.030927,-0.192008,0.177393,-0.136153,0.21635,-0.144449,0.00054,0.003351
0,-0.14211,-0.003534,-0.162462,0.160076,-0.152847,0.187828,0.00248,6.2e-05
0,0.100119,-0.22265,0.221969,-0.189118,0.239173,-0.193069,0.001747,0.003886
0,0.013658,0.005641,-0.09731,0.215686,-0.122822,0.230755,0.000238,9.8e-05
0,-0.015317,-0.101757,-0.048428,-0.102024,-0.0059,-0.057895,0.000267,0.001776
0,-0.003775,-0.076798,0.03231,0.028787,0.076657,-0.016462,6.6e-05,0.00134
0,0.008255,-0.26777,0.039139,-0.187005,0.059556,-0.211935,0.000144,0.004673
0,0.036834,-0.206997,0.001267,0.038046,0.034389,0.051401,0.000643,0.003613
0,0.079859,-0.009922,0.069872,0.182642,0.109755,0.187282,0.001394,0.000173
0,0.009057,-0.131136,-0.078614,-0.14434,-0.05045,-0.16733,0.000158,0.002289
0,0.002935,-0.164579,-0.027609,-0.017033,-0.003577,-0.000246,5.1e-05,0.002872
0,0.082065,-0.130608,0.081271,0.02868,0.037523,0.026413,0.001432,0.00228
0,-0.071741,-0.122587,-0.171577,-0.016219,-0.126801,-0.059739,0.001252,0.00214
0,-0.080331,-0.239617,0.00039,-0.13209,-0.020716,-0.168276,0.001402,0.004182
0,-0.16933,-0.1784,-0.103757,0.08766,-0.103037,0.101348,0.002955,0.003114
0,-0.147922,-0.218937,0.031208,-0.055071,0.0627,-0.046901,0.002582,0.003821
0,-0.141495,0.015684,0.022859,0.260671,0.06767,0.292404,0.00247,0.000274
0,-0.031133,-0.14812,0.104201,-0.1454,0.107952,-0.143519,0.000543,0.002585
0,0.078982,-0.209903,0.132502,-0.075724,0.149941,-0.085762,0.001378,0.003664
0,-0.037735,-0.128558,-0.144859,0.081555,-0.192852,0.120352,0.000659,0.002244
0,0.02408,-0.014763,0.063587,0.140998,0.036406,0.179292,0.00042,0.000258
0,-0.052567,-0.154644,-0.070826,-0.14035,-0.063683,-0.114607,0.000917,0.002699
0,-0.011992,0.084102,0.050716,0.240248,0.015392,0.236741,0.000209,0.001468
0,0.102739,0.094078,0.107652,0.029383,0.102187,-0.016059,0.001793,0.001642
0,0.115007,-0.03957,0.018954,-0.125535,-0.011734,-0.134167,0.002007,0.000691
0,-0.147098,0.038242,-0.26237,0.078863,-0.233417,0.090186,0.002567,0.000667
0,-0.0424,0.03636,0.124914,-0.014,0.157417,-0.003374,0.00074,0.000635
0,0.163673,-0.148686,0.192007,-0.18257,0.18897,-0.185179,0.002857,0.002595
0,-0.085119,-0.050921,-0.257322,0.111313,-0.23095,0.137935,0.001486,0.000889
0,0.083817,-0.154085,0.18862,-0.083516,0.190844,-0.063167,0.001463,0.002689
0,-0.127172,-0.095935,-0.198265,0.058232,-0.209836,0.054919,0.00222,0.001674
0,0.026769,0.046314,0.134086,0.122996,0.159718,0.091687,0.000467,0.000808
0,-0.02657,-0.009291,-0.070862,-0.046367,-0.112611,-0.034754,0.000464,0.000162
0,-0.142547,0.138649,-0.122859,0.161444,-0.076857,0.137318,0.002488,0.00242
0,-0.053299,-0.080771,0.113767,-0.237282,0.119444,-0.283543,0.00093,0.00141
0,-0.091241,0.156535,-0.067467,0.211875,-0.028262,0.257305,0.001592,0.002732
0,0.053084,0.142077,0.115968,0.010455,0.125135,0.005298,0.000926,0.00248
0,0.105802,0.101374,0.03822,-0.039602,0.050818,-5.1e-05,0.001847,0.001769
0,-0.087356,0.165739,-0.201865,0.065294,-0.171365,0.038603,0.001525,0.002893
0,0.062077,0.072032,0.155548,-0.079762,0.163373,-0.103855,0.001083,0.001257
0,-0.110241,0.031363,-0.150097,-0.028769,-0.116424,-0.029321,0.001924,0.000547
0,-0.082502,0.059043,0.004538,0.048529,0.0161,0.024603,0.00144,0.00103
0,-0.111435,-0.011729,-0.054872,-0.072792,-0.081109,-0.066427,0.001945,0.000205
0,-0.026174,-0.033967,0.089099,-0.014704,0.046415,0.02175,0.000457,0.000593
0,0.008516,0.170641,0.019262,0.211638,0.061557,0.210192,0.000149,0.002978
0,-0.142351,0.11509,-0.130121,-0.071101,-0.081695,-0.05334,0.002484,0.002009
0,0.001254,0.069266,0.152488,-0.034442,0.19517,-0.065705,2.2e-05,0.001209
0,0.055133,0.026744,0.040445,-0.015823,0.08161,-0.001959,0.000962,0.000467
0,-0.206354,-0.124619,-0.273253,-0.133457,-0.290552,-0.158709,0.003602,0.002175
0,0.067354,-0.053217,0.299043,0.099494,0.330557,0.059985,0.001176,0.000929
0,-0.001276,-0.082716,-0.070836,-0.039849,-0.110066,0.006613,2.2e-05,0.001444
0,-0.032997,-0.086329,-0.012215,-0.019668,-0.015955,-0.024209,0.000576,0.001507
0,-0.145045,-0.052957,-0.129616,0.008997,-0.110898,-0.011977,0.002532,0.000924
0,0.019628,0.100629,0.1479,0.161586,0.194083,0.182114,0.000343,0.001756
0,0.130076,0.075909,0.121213,-0.014517,0.113062,-0.015859,0.00227,0.001325
0,0.099666,-0.081459,-0.037261,-0.185187,-0.074739,-0.159828,0.00174,0.001422
0,-0.128058,0.055012,-0.23305,0.139552,-0.259524,0.152441,0.002235,0.00096
0,0.059708,0.025519,0.195098,-0.015245,0.183473,-0.059964,0.001042,0.000445
0,-0.104178,0.081635,-0.150391,0.042088,-0.147249,0.019516,0.001818,0.001425
0,-0.166565,0.027684,-0.086696,-0.058318,-0.092655,-0.030468,0.002907,0.000483
0,0.046887,-0.120151,0.241522,-0.161495,0.273746,-0.205358,0.000818,0.002097
0,-0.179524,-0.155488,-0.22448,-0.006366,-0.209745,-0.008918,0.003133,0.002714
0,-0.193712,0.088559,-0.019033,0.247273,-0.063399,0.203432,0.003381,0.001546
0,-0.058704,-0.022879,0.141677,-0.133916,0.092229,-0.165984,0.001025,0.000399
0,-0.209644,-0.108222,-0.121844,-0.111328,-0.098696,-0.068367,0.003659,0.001889
0,0.004588,0.077346,0.194157,0.203051,0.153044,0.243264,8e-05,0.00135
0,-0.002602,-0.023872,-0.030335,-0.084053,-0.005762,-0.090878,4.5e-05,0.000417
0,0.12065,0.099065,0.141294,0.101987,0.172515,0.059828,0.002106,0.001729
0,-0.089573,-0.013077,-0.200745,-0.094193,-0.238371,-0.053825,0.001563,0.000228
0,-0.108509,0.122285,-0.047174,0.145422,-0.04164,0.15703,0.001894,0.002134
0,-0.145049,-0.003567,-0.01994,-0.096916,-0.00905,-0.118503,0.002532,6.2e-05
0,0.029146,0.042627,0.195339,0.051691,0.181315,0.070969,0.000509,0.000744
0,0.107472,0.153084,0.092575,0.102096,0.107327,0.134677,0.001876,0.002672
0,-0.06506,0.15492,-0.173135,0.031721,-0.179604,0.007524,0.001136,0.002704
0,0.10337,0.086382,0.168952,-0.0531,0.166449,-0.044511,0.001804,0.001508
0,0.131332,-0.037237,0.014635,-0.107132,0.045872,-0.143176,0.002292,0.00065
0,0.058832,0.163449,-0.075788,0.221561,-0.037588,0.22333,0.001027,0.002853
0,0.142067,0.131883,0.109836,-0.003462,0.117587,-0.010782,0.00248,0.002302
0,0.017128,0.199337,-0.115429,0.090672,-0.140533,0.072206,0.000299,0.003479
0,0.08593,0.085717,0.039724,-0.090678,0.060768,-0.087382,0.0015,0.001496
0,-0.031111,-0.026184,-0.093391,-0.090631,-0.095102,-0.124197,0.000543,0.000457
0,-0.034971,0.111693,0.008689,0.112245,-0.031652,0.095133,0.00061,0.001949
0,0.099126,0.07752,0.158257,-0.030446,0.162852,-0.026422,0.00173,0.001353
0,0.169684,0.16205,0.050273,0.067776,0.062927,0.057422,0.002962,0.002828
0,0.103294,0.074098,-0.072616,-0.07571,-0.087741,-0.113091,0.001803,0.001293
0,0.108254,0.028688,0.01917,-0.050486,-0.028801,-0.027558,0.001889,0.000501
0,-1.097555,-1.561493,-1.228895,-1.602741,-1.276558,-1.599985,0.004347,0.00375
0,-2.375206,-1.999932,-1.261296,-0.419543,-1.282273,-0.386386,0.005552,0.00035
0,-2.352452,-1.894483,-0.005253,0.121856,-0.049576,0.160556,0.005803,0.00219
0,-2.130297,-2.012146,0.249328,-0.090501,0.261525,-0.045713,0.001926,0.000137
0,-1.993442,-2.291805,0.133779,-0.265635,0.084563,-0.232634,0.000463,0.004744
0,-1.357094,-2.198756,0.61432,0.076389,0.583026,0.124204,0.000182,0.00312
0,-1.086331,-1.602052,0.284792,0.588489,0.327809,0.619481,0.004543,0.004458
0,-0.888523,-1.5119,0.168974,0.100399,0.13183,0.089259,0.003756,0.002884
0,-0.481964,-1.021993,0.385915,0.501536,0.414567,0.524059,0.00334,0.005666
0,-0.056971,-0.561645,0.441861,0.483446,0.41292,0.454534,0.000994,0.001949
0,0.289191,-0.580545,0.335761,-0.04193,0.310719,-0.028829,0.005047,0.001619
0,0.279156,0.076693,0.008856,0.638562,0.036546,0.683936,0.004872,0.001339
0,0.255258,0.036344,-0.014003,-0.069733,-0.057738,-0.057285,0.004455,0.000634
0,0.240873,0.380511,0.003092,0.354402,0.02305,0.310896,0.004204,0.005111
0,0.29639,0.346823,0.072333,-0.004285,0.050755,-0.019858,0.005173,0.005699
0,0.448319,0.225065,0.180494,-0.121551,0.225439,-0.11485,0.003927,0.003928
0,0.329409,0.227917,-0.102766,0.013637,-0.098419,-0.002392,0.005749,0.003978
0,0.237103,-0.005447,-0.063742,-0.241937,-0.090026,-0.192799,0.004138,9.5e-05
0,0.134015,0.142949,-0.100521,0.123409,-0.054718,0.10973,0.002339,0.002495
0,0.427959,0.07224,0.292026,-0.088371,0.242658,-0.074126,0.004282,0.001261
0,0.258634,-0.010919,-0.16996,-0.107816,-0.12354,-0.135603,0.004514,0.000191
0,0.082548,-0.026104,-0.147172,-0.006307,-0.179567,-0.019439,0.001441,0.000456
0,0.095433,-0.009042,0.009643,0.026104,-0.025542,0.029069,0.001666,0.000158
0,0.23166,-0.114152,0.129384,-0.086795,0.173665,-0.04175,0.004043,0.001992
0,0.100888,-0.03034,-0.138481,0.064921,-0.106078,0.100312,0.001761,0.00053
0,0.027117,0.151318,-0.078678,0.17135,-0.10273,0.160433,0.000473,0.002641
0,0.008039,-0.081722,-0.002675,-0.234495,0.016151,-0.241036,0.00014,0.001426
0,-0.050961,0.108336,-0.076502,0.187664,-0.043165,0.143822,0.000889,0.001891
0,-0.045733,-0.123578,0.031159,-0.247989,0.054423,-0.200786,0.000798,0.002157
0,0.137126,0.096352,0.191523,0.209263,0.194485,0.18782,0.002393,0.001682
0,-0.061172,-0.030418,-0.190585,-0.126291,-0.236211,-0.126961,0.001068,0.000531
0,-0.111194,-0.002943,-0.028909,0.015242,-0.077413,0.006194,0.001941,5.1e-05
0,0.012433,0.001751,0.099879,0.027866,0.072945,0.070015,0.000217,3.1e-05
0,0.102754,-0.101985,0.098531,-0.119691,0.138042,-0.140235,0.001793,0.00178
0,0.118047,0.082141,0.034469,0.19541,0.062029,0.200251,0.00206,0.001434
0,0.025404,-0.040635,-0.088464,-0.108418,-0.058973,-0.135192,0.000443,0.000709
0,-0.066191,-0.030274,-0.10735,0.017195,-0.080279,0.055465,0.001155,0.000528
0,0.017314,0.110066,0.100677,0.129869,0.09357,0.112584,0.000302,0.001921
0,-0.027766,0.060781,-0.068696,-0.064538,-0.077661,-0.07332,0.000485,0.001061
0,0.177272,0.12961,0.176196,0.05698,0.184377,0.058814,0.003094,0.002262
0,0.023179,-0.024812,-0.128244,-0.147806,-0.130626,-0.175634,0.000405,0.000433
0,0.02075,0.11088,-0.020295,0.1227,0.024752,0.157205,0.000362,0.001935
0,-0.134139,0.028198,-0.164046,-0.090386,-0.146528,-0.092587,0.002341,0.000492
0,-0.123822,0.121113,0.029308,0.110068,0.053111,0.116771,0.002161,0.002114
0,0.122808,-0.075783,0.228916,-0.176067,0.190825,-0.131841,0.002143,0.001323
0,-0.103489,0.102154,-0.223424,0.168752,-0.186653,0.142952,0.001806,0.001783
0,-0.119724,0.155323,-0.025474,0.060763,-0.063057,0.047227,0.00209,0.002711
0,-0.122368,0.015189,0.021007,-0.15797,0.013775,-0.179137,0.002136,0.000265
0,0.016762,0.13991,0.111993,0.138877,0.139752,0.12019,0.000293,0.002442
0,0.158503,0.117385,0.118238,-0.028817,0.111941,-0.074378,0.002766,0.002049
0,0.209594,0.200961,0.067546,0.091978,0.079921,0.044332,0.003658,0.003507
0,0.045728,0.027577,-0.187929,-0.1977,-0.14559,-0.22364,0.000798,0.000481
0,0.088919,-0.087141,0.01834,-0.090386,0.023781,-0.066106,0.001552,0.001521
0,0.161196,0.141807,0.067695,0.245318,0.030966,0.241151,0.002813,0.002475
0,-0.094863,-0.001174,-0.239635,-0.142474,-0.278059,-0.161803,0.001656,2e-05
0,-0.055296,-0.010907,0.041602,-0.00958,0.001437,-0.026356,0.000965,0.00019
0,-0.048868,-0.038035,9.2e-05,-0.00445,-0.010024,0.00114,0.000853,0.000664
0,0.079612,-0.123958,0.158463,-0.095427,0.156711,-0.046201,0.001389,0.002163
0,0.000814,0.09913,-0.077226,0.250744,-0.105467,0.267868,1.4e-05,0.00173
0,-0.114324,-0.142862,-0.135037,-0.224561,-0.096059,-0.241996,0.001995,0.002493
0,-0.053895,-0.084234,0.080543,0.037323,0.06717,0.021421,0.000941,0.00147
0,-0.051667,0.022606,0.024549,0.089143,0.030938,0.043458,0.000902,0.000395
0,-0.066301,-0.117272,0.013087,-0.162498,0.058151,-0.173784,0.001157,0.002047
0,-0.059211,0.171788,-0.002519,0.279964,-0.039901,0.230666,0.001033,0.002998
0,0.145441,0.055539,0.21904,-0.100883,0.248749,-0.135209,0.002538,0.000969
0,0.014585,0.108558,-0.149892,0.03403,-0.155031,-0.000986,0.000255,0.001895
0,0.173846,-0.023161,0.178192,-0.151383,0.20328,-0.133631,0.003034,0.000404
0,-0.020757,0.145193,-0.195583,0.166813,-0.161673,0.132813,0.000362,0.002534
0,0.070292,0.111821,0.116278,-0.021527,0.071442,-0.034452,0.001227,0.001952
0,-0.027564,0.077378,-0.087682,-0.052883,-0.098463,-0.009636,0.000481,0.001351
0,0.130068,-0.100286,0.138531,-0.16601,0.128299,-0.197069,0.00227,0.00175
0,0.204483,-0.096187,0.081813,0.032298,0.05092,-0.013812,0.003569,0.001679
0,0.2011,0.131207,0.010721,0.242463,-0.016121,0.290403,0.00351,0.00229
0,0.027706,0.181869,-0.159423,0.075378,-0.118165,0.049787,0.000484,0.003174
0,-0.071835,0.122284,-0.085396,-0.074807,-0.049836,-0.083851,0.001254,0.002134
0,0.036988,0.009754,0.128638,-0.11396,0.105603,-0.109923,0.000646,0.00017
0,0.050574,-0.088787,0.017487,-0.106912,-0.031068,-0.072173,0.000883,0.00155
0,0.114569,0.132085,0.082717,0.249682,0.096844,0.231061,0.002,0.002305
0,0.142355,0.021509,0.051924,-0.102263,0.06295,-0.061685,0.002485,0.000375
0,0.201109,0.115423,0.047318,0.118617,0.087927,0.081671,0.00351,0.002015
0,0.155677,-0.095857,-0.022683,-0.220873,-0.015491,-0.219724,0.002717,0.001673
0,0.14667,0.130492,-0.009943,0.248594,-0.026608,0.214366,0.00256,0.002278
0,0.022725,-0.091131,-0.140859,-0.201832,-0.168121,-0.209026,0.000397,0.001591
0,0.024521,-0.056151,0.010963,0.007012,0.037353,-0.025193,0.000428,0.00098
0,0.04256,-0.076386,0.000849,-0.046212,0.050335,-0.032782,0.000743,0.001333
0,0.000713,0.027477,-0.067717,0.096021,-0.046352,0.108314,1.2e-05,0.00048
0,0.035485,-0.06184,0.058142,-0.089774,0.101234,-0.061128,0.000619,0.001079
0,-0.182403,-0.081407,-0.212256,0.005693,-0.198161,-0.025908,0.003184,0.001421
0,-0.24843,-0.058932,-0.047024,0.002085,-0.065242,0.019938,0.004336,0.001029
0,-0.056961,-0.070105,0.168155,0.003061,0.165123,0.02431,0.000994,0.001224
0,-0.105957,-0.02477,-0.050958,0.055053,-0.014483,0.05249,0.001849,0.000432
0,-0.189273,0.036933,-0.053709,0.046896,-0.039145,0.073166,0.003303,0.000645
0,-0.015726,-0.050856,0.184849,-0.064161,0.136124,-0.072835,0.000274,0.000888
0,-0.21679,-0.046595,-0.19806,0.02701,-0.221309,0.055433,0.003784,0.000813
0,-0.271222,0.038794,-0.075777,0.094945,-0.028595,0.140929,0.004734,0.000677
0,-0.172993,0.106529,0.105119,0.0771,0.120892,0.038658,0.003019,0.001859
0,-0.110239,0.071593,0.087594,-0.015088,0.041873,0.034029,0.001924,0.00125
0,0.130831,0.123055,0.214294,0.026495,0.204968,0.003071,0.002283,0.002148
0,0.05038,-0.050784,-0.10809,-0.159261,-0.093078,-0.137031,0.000879,0.000886
0,0.022329,0.126248,-0.035596,0.189952,-0.006247,0.148383,0.00039,0.002203
0,0.030932,-0.00944,0.014372,-0.118039,0.032877,-0.101493,0.00054,0.000165
0,0.047224,0.091818,0.033098,0.089561,0.057869,0.087966,0.000824,0.001603
0,0.092825,-0.017499,0.056209,-0.093804,0.031219,-0.079833,0.00162,0.000305
0,0.033027,-0.072328,-0.039323,-0.035701,-0.060375,-0.073819,0.000576,0.001262
0,0.108685,-0.033616,0.095655,0.050317,0.068073,0.090477,0.001897,0.000587
0,0.133183,0.1304,0.042465,0.171631,0.033186,0.124646,0.002324,0.002276
0,0.105133,-0.094952,-0.047615,-0.206667,-0.062762,-0.248002,0.001835,0.001657
0,-0.053576,0.031777,-0.184877,0.116754,-0.160257,0.088226,0.000935,0.000555
0,0.074018,0.156958,0.126025,0.108259,0.081849,0.146865,0.001292,0.002739
0,0.085022,0.08519,0.028828,-0.051849,-0.004394,-0.032256,0.001484,0.001487
0,-0.172254,0.202876,-0.227632,0.127428,-0.242114,0.167904,0.003006,0.003541
0,0.0721,0.152254,0.230006,-0.051478,0.275365,-0.006925,0.001258,0.002657
0,-0.085174,0.17273,-0.135629,0.008474,-0.176595,0.052499,0.001487,0.003015
0,-0.116753,-0.017576,-0.020799,-0.214794,0.019636,-0.206387,0.002038,0.000307
0,0.122767,-0.060327,0.220924,-0.063408,0.196453,-0.074897,0.002143,0.001053
0,0.163302,-0.031034,0.018974,0.015469,0.016877,-0.017288,0.00285,0.000542
0,-0.099513,0.083547,-0.271683,0.139209,-0.31548,0.131101,0.001737,0.001458
0,0.064715,-0.164418,0.153585,-0.274611,0.115394,-0.265794,0.001129,0.00287
0,-0.00583,0.086782,-0.066752,0.265266,-0.024157,0.297432,0.000102,0.001515
0,0.091956,-0.117761,0.071516,-0.230467,0.043215,-0.180707,0.001605,0.002055
0,0.035776,-0.099435,-0.057943,0.007477,-0.03367,-0.021027,0.000624,0.001735
0,0.102193,0.139045,0.064048,0.209478,0.056253,0.236028,0.001784,0.002427
0,0.060774,-0.056573,-0.016493,-0.192242,0.002728,-0.226977,0.001061,0.000987
0,0.096258,-0.006664,0.015946,0.023643,0.014719,0.020724,0.00168,0.000116
0,-0.018443,0.098253,-0.143279,0.116129,-0.168139,0.146178,0.000322,0.001715
0,0.213269,0.099666,0.258834,-0.02536,0.283749,-0.007905,0.003722,0.001739
0,-0.060335,0.147092,-0.257556,0.045902,-0.208603,0.078275,0.001053,0.002567
0,0.012872,0.171345,0.069623,0.028393,0.105426,0.005382,0.000225,0.002991
0,0.264371,0.18289,0.227087,0.0101,0.190481,0.043692,0.004614,0.003192
0,0.033322,0.126067,-0.234664,-0.054467,-0.270351,-0.068817,0.000582,0.0022
0,0.238672,0.155643,0.192823,0.046163,0.224595,0.091756,0.004166,0.002716
0,-0.016811,-0.040547,-0.23068,-0.191203,-0.253915,-0.220974,0.000293,0.000708
0,0.055706,0.037209,0.07379,0.086327,0.044571,0.085317,0.000972,0.000649
0,-0.016665,0.042642,-0.07389,0.006904,-0.037954,-0.000695,0.000291,0.000744
0,-0.044895,0.114554,-0.024203,0.050507,-0.071241,0.09072,0.000784,0.001999
0,-0.022347,0.118829,0.01695,-0.021226,0.036464,0.01901,0.00039,0.002074
0,0.02118,0.035447,0.045112,-0.078719,0.05921,-0.121019,0.00037,0.000619
0,-0.076999,0.120169,-0.070386,0.102856,-0.030011,0.080454,0.001344,0.002097
0,-0.106001,0.015576,-0.000558,-0.116058,0.024406,-0.103412,0.00185,0.000272
0,-0.05708,0.040444,0.0499,0.029802,0.024063,0.018225,0.000996,0.000706
0,-0.036453,-0.027507,0.030013,-0.075981,-0.019216,-0.0464,0.000636,0.00048
0,0.010281,-0.067245,0.019252,-0.015109,-0.018802,0.024555,0.000179,0.001174
0,-0.121547,-0.07934,-0.138058,0.005279,-0.096315,0.019303,0.002121,0.001385
0,0.012477,0.157293,0.140147,0.264546,0.159629,0.276217,0.000218,0.002745
0,-0.15843,0.026627,-0.17418,-0.141215,-0.203765,-0.129363,0.002765,0.000465
0,0.050156,-0.060242,0.195567,-0.085344,0.22157,-0.044006,0.000875,0.001051
0,-0.131725,-0.111017,-0.167226,-0.042551,-0.186838,-0.056525,0.002299,0.001938
0,0.07622,0.035119,0.200338,0.14269,0.230302,0.121074,0.00133,0.000613
0,0.02487,-0.100873,-0.027227,-0.134736,0.012374,-0.145326,0.000434,0.001761
0,0.072125,0.000255,0.031092,0.119195,-0.010783,0.105674,0.001259,4e-06
0,-0.084681,-0.101075,-0.169346,-0.087589,-0.139488,-0.079724,0.001478,0.001764
0,0.034636,0.156622,0.131162,0.229519,0.129922,0.265772,0.000605,0.002734
0,-0.095524,-0.014186,-0.142437,-0.170724,-0.122109,-0.213862,0.001667,0.000248
0,0.016613,0.037727,0.13559,0.069477,0.119685,0.087509,0.00029,0.000658
0,-0.070019,0.091539,-0.080905,0.067477,-0.078649,0.098188,0.001222,0.001598
0,-0.009972,0.156272,0.053641,0.064285,0.036533,0.061681,0.000174,0.002727
0,0.08488,0.035122,0.115335,-0.143909,0.099947,-0.181449,0.001481,0.000613
0,-0.097705,0.114687,-0.190015,0.058071,-0.185902,0.012101,0.001705,0.002002
0,-0.072669,0.075201,0.039565,-0.059904,0.014993,-0.0798,0.001268,0.001313
0,-0.169399,-0.069909,-0.076705,-0.127247,-0.087786,-0.084513,0.002957,0.00122
0,-0.202396,-0.091148,-0.033769,-0.039534,-0.045339,0.006876,0.003532,0.001591
0,0.038863,-0.023868,0.269288,0.088215,0.289146,0.122137,0.000678,0.000417
0,0.106735,-0.081272,0.0639,-0.054894,0.061457,-0.055803,0.001863,0.001418
0,0.066184,-0.043538,-0.049517,0.045771,-0.077208,0.033981,0.001155,0.00076
0,-0.197117,-0.115526,-0.263124,-0.072173,-0.24756,-0.050104,0.00344,0.002016
0,-0.215854,0.155338,-0.048001,0.275222,-0.077276,0.267514,0.003767,0.002711
0,-0.137387,0.076291,0.059325,-0.070849,0.043046,-0.040999,0.002398,0.001332
0,-0.16883,-0.052768,-0.031685,-0.126369,-0.005304,-0.125792,0.002947,0.000921
0,-0.065901,-0.05329,0.081572,0.003061,0.09983,0.012717,0.00115,0.00093
0,-0.140457,0.134652,-0.078451,0.191586,-0.035314,0.238024,0.002451,0.00235
0,-0.012369,0.063517,0.117987,-0.073216,0.162158,-0.11247,0.000216,0.001109
0,-0.286673,0.188118,-0.277019,0.125316,-0.306633,0.133633,0.005003,0.003283
0,-0.134593,0.136004,0.150828,-0.031225,0.122076,-0.0384,0.002349,0.002374
0,-0.278896,0.131984,-0.115955,-0.016181,-0.098279,0.017071,0.004868,0.002304
0,-0.076734,-0.036108,0.202536,-0.140762,0.231971,-0.146171,0.001339,0.00063
0,-0.016588,0.038271,0.086322,0.075213,0.114262,0.104089,0.00029,0.000668
0,-0.096665,0.142495,-0.085804,0.102993,-0.122093,0.059607,0.001687,0.002487
0,0.008362,0.203499,0.087455,0.045431,0.128519,0.002245,0.000146,0.003552
0,-0.063052,0.204066,-0.059941,0.026155,-0.025307,0.04835,0.0011,0.003562
0,-0.051374,0.149959,0.01662,-0.02694,0.006958,-0.047709,0.000897,0.002617
0,0.006674,0.174003,0.05646,0.009466,0.025988,-0.031095,0.000116,0.003037
0,-0.121282,0.074953,-0.142229,-0.095017,-0.143374,-0.10286,0.002117,0.001308
0,-0.271898,0.033407,-0.128717,-0.029969,-0.083426,-0.022815,0.004746,0.000583
0,-0.122437,-0.091701,0.149457,-0.141974,0.147866,-0.141142,0.002137,0.0016
0,-0.121781,0.05873,0.0212,0.172941,0.017761,0.151461,0.002125,0.001025
0,-0.017937,-0.052431,0.10526,-0.103486,0.151836,-0.127425,0.000313,0.000915
0,-0.032241,0.033137,-0.0299,0.069607,-0.036684,0.028319,0.000563,0.000578
0,0.034643,0.045379,0.093254,0.010372,0.051055,0.020621,0.000605,0.000792
0,-0.087748,0.107716,-0.148645,0.057734,-0.131276,0.008755,0.001531,0.00188
0,-0.125807,0.011554,-0.034224,-0.099957,-0.071523,-0.092687,0.002196,0.000202
0,1.538059,-1.309166,1.635935,-1.332941,1.653476,-1.359531,0.003341,0.000654
0,1.626168,-1.725796,0.080187,-0.392499,0.071918,-0.433943,0.004879,0.005134
0,2.056902,-1.808956,0.450114,-0.056493,0.429335,-0.026817,0.000645,0.003683
0,2.631815,-1.674254,0.550436,0.123325,0.581516,0.164495,0.001073,0.005718
0,2.327655,-1.982051,-0.292852,-0.302675,-0.247377,-0.336521,0.00537,0.000662
0,1.890539,-1.65191,-0.442408,0.305477,-0.464691,0.303965,0.002259,0.005328
0,1.529442,-1.680266,-0.389046,-0.032012,-0.367121,-0.010861,0.00319,0.005823
0,1.18319,-1.5492,-0.325205,0.156041,-0.31822,0.138163,0.002853,0.003535
0,0.612347,-1.197464,-0.583581,0.337904,-0.618567,0.315332,0.001064,0.002604
0,1.672683,-1.76081,1.067778,-0.569722,1.11192,-0.530442,0.00569,0.004523
0,1.76123,-2.268435,0.100755,-0.535851,0.138411,-0.559254,0.004516,0.004337
0,1.637097,-2.921268,-0.117055,-0.654889,-0.142055,-0.655448,0.005069,0.003979
0,1.577677,-2.532951,-0.031034,0.407935,-0.01334,0.431476,0.004032,0.002798
0,1.334284,-1.700152,-0.250179,0.807752,-0.253298,0.856682,0.000216,0.005582
0,1.166574,-1.475725,-0.195206,0.234963,-0.166225,0.204026,0.003143,0.002253
0,0.888797,-1.161535,-0.300764,0.306787,-0.306478,0.28251,0.003761,0.003231
0,0.89,-0.896006,-0.019613,0.263979,-0.003346,0.24169,0.003782,0.003887
0,0.636019,-0.511715,-0.274938,0.397762,-0.311974,0.362702,0.000651,0.002821
0,0.265123,-0.469806,-0.354313,0.03193,-0.400893,-0.006859,0.004627,0.003552
0,0.348624,-0.014381,0.102038,0.479608,0.054244,0.495395,0.005667,0.000251
0,0.188075,0.264851,-0.160942,0.253943,-0.205586,0.236668,0.003283,0.004623
0,0.006951,0.054953,-0.208157,-0.216448,-0.209896,-0.243732,0.000121,0.000959
0,-0.183035,0.109372,-0.214656,0.040786,-0.253647,0.051599,0.003195,0.001909
0,0.024864,0.35931,0.178091,0.278762,0.138127,0.284668,0.000434,0.005481
0,0.006106,0.104076,-6.9e-05,-0.269105,0.013118,-0.256196,0.000107,0.001816
0,0.037743,0.067136,0.054934,-0.009358,0.087248,-0.014765,0.000659,0.001172
0,-0.028027,0.252514,-0.044526,0.155492,-0.075793,0.192426,0.000489,0.004407
0,-0.064571,0.139633,-0.02727,-0.122074,0.017934,-0.072093,0.001127,0.002437
0,-0.081136,0.297312,-0.012977,0.139263,-0.019147,0.172194,0.001416,0.005189
0,-0.244038,0.146252,-0.159196,-0.13208,-0.209062,-0.097872,0.004259,0.002553
0,-0.203595,0.134,0.052796,0.005379,0.073453,-0.006739,0.003553,0.002339
0,-0.02842,0.006926,0.176206,-0.132569,0.204776,-0.082884,0.000496,0.000121
0,-0.27294,0.258912,-0.244805,0.271983,-0.207788,0.260025,0.004764,0.004519
0,-0.215258,0.186974,0.046516,-0.065115,0.075141,-0.097703,0.003757,0.003263
0,-0.056864,-0.002502,0.131833,-0.183725,0.112999,-0.225386,0.000992,4.4e-05
0,-0.026939,0.059224,0.017268,0.070476,0.010414,0.095157,0.00047,0.001034
0,-0.112115,0.262919,-0.070724,0.228128,-0.0679,0.27623,0.001957,0.004589
0,-0.243524,0.018443,-0.158759,-0.248852,-0.207254,-0.276,0.00425,0.000322
0,0.003951,0.117175,0.230822,0.125875,0.256296,0.150839,6.9e-05,0.002045
0,-0.056374,0.107476,-0.039167,0.005335,-0.056727,-0.009246,0.000984,0.001876
0,0.049067,0.263697,0.113447,0.17624,0.121179,0.169413,0.000856,0.004602
0,0.021862,0.280459,-0.000117,0.012126,-0.014728,0.03961,0.000382,0.004895
0,-0.011951,0.10201,-0.043444,-0.176553,-0.066359,-0.22228,0.000209,0.00178
0,-0.149817,0.070654,-0.10916,-0.055109,-0.08567,-0.092152,0.002615,0.001233
0,-0.220742,0.013112,-0.091975,-0.046023,-0.114715,-0.048441,0.003853,0.000229
0,-0.176691,0.009858,0.018825,-0.004964,0.01239,0.030778,0.003084,0.000172
0,-0.051988,0.048705,0.125779,0.060131,0.142782,0.065576,0.000907,0.00085
0,-0.242509,0.048678,-0.213526,-0.020788,-0.253313,-0.070198,0.004233,0.00085
0,-0.225371,0.002283,0.026559,-0.052212,-0.000866,-0.037321,0.003933,4e-05
0,-0.074134,0.071627,0.161958,0.074175,0.125275,0.120908,0.001294,0.00125
0,-0.10964,0.244792,-0.05914,0.158649,-0.053349,0.114434,0.001914,0.004272
0,0.532921,0.324821,0.662582,0.080485,0.613982,0.039991,0.00245,0.005669
0,1.640753,0.664303,1.119559,0.325706,1.111459,0.298307,0.005133,0.000157
0,1.90298,0.446208,0.255114,-0.200979,0.260391,-0.156036,0.002042,0.003964
0,1.703127,0.401633,-0.20855,-0.065836,-0.181438,-0.071717,0.00553,0.004742
0,1.133217,0.430504,-0.578801,0.050626,-0.62674,0.086364,0.003725,0.004238
0,0.803974,0.123474,-0.306493,-0.323055,-0.341221,-0.338552,0.00228,0.002155
0,0.754629,0.146111,-0.038602,0.006918,-0.053279,-5.7e-05,0.001419,0.00255
0,0.447341,0.087259,-0.333269,-0.083404,-0.320352,-0.093458,0.003944,0.001523
0,0.500583,0.077819,0.057159,-0.01118,0.075194,0.031648,0.003015,0.001358
0,0.090054,0.002025,-0.41979,-0.104518,-0.461907,-0.146891,0.001572,3.5e-05
0,0.016736,0.132072,-0.055672,0.152642,-0.02493,0.18151,0.000292,0.002305
0,0.041194,0.009976,0.006581,-0.112271,-0.005324,-0.158017,0.000719,0.000174
0,-0.084885,0.040273,-0.098384,0.021589,-0.126568,-0.026136,0.001482,0.000703
0,0.050136,-0.04749,0.146034,-0.11364,0.128821,-0.069828,0.000875,0.000829
0,0.016076,-0.085458,-0.038536,-0.049549,-0.021212,-0.088296,0.000281,0.001492
0,0.033115,0.150042,0.010717,0.235711,0.050306,0.260119,0.000578,0.002619
0,-0.01225,-0.033909,-0.028596,-0.176603,-0.025482,-0.195963,0.000214,0.000592
0,-0.194348,-0.108805,-0.159636,-0.071097,-0.118536,-0.027494,0.003392,0.001899
0,-0.007226,-0.018438,0.208597,0.097003,0.223658,0.048209,0.000126,0.000322
0,-0.037949,0.056913,-0.03473,0.068719,-0.004813,0.107587,0.000662,0.000993
0,-0.216177,0.034963,-0.15209,-0.005617,-0.168042,-0.02279,0.003773,0.00061
0,0.033481,0.103218,0.250438,0.09787,0.278809,0.070522,0.000584,0.001801
0,-0.035659,-0.056527,-0.093739,-0.186595,-0.071007,-0.182542,0.000622,0.000987
0,0.025124,0.167202,0.090106,0.217859,0.11963,0.252901,0.000439,0.002918
0,-0.013812,0.04021,-0.042192,-0.114006,-0.034312,-0.136766,0.000241,0.000702
0,-0.172052,0.044871,-0.129716,0.015808,-0.166765,0.052893,0.003003,0.000783
0,-0.146547,-0.103997,0.052538,-0.164979,0.034781,-0.125495,0.002558,0.001815
0,-0.023137,0.111704,0.150553,0.241293,0.191731,0.230218,0.000404,0.00195
0,-0.127291,0.008208,-0.101118,-0.088583,-0.123265,-0.064313,0.002222,0.000143
0,-0.211184,0.018968,-0.062363,0.00394,-0.02255,-0.023232,0.003686,0.000331
0,-0.177146,0.141153,0.00866,0.128989,-0.028375,0.122521,0.003092,0.002464
0,-0.109558,0.122663,0.090324,-0.042431,0.123683,-0.049364,0.001912,0.002141
0,-0.159523,0.107947,-0.030526,0.007289,-0.058052,0.026445,0.002784,0.001884
0,-0.181997,0.039262,-0.040063,-0.0885,-0.044576,-0.049134,0.003176,0.000685
0,-0.183619,0.075894,-0.028519,0.023709,-0.043028,0.010093,0.003205,0.001325
0,-0.197259,-0.027727,0.000719,-0.119274,-0.048015,-0.148786,0.003443,0.000484
0,-0.266007,0.075379,-0.063593,0.112381,-0.083244,0.070007,0.004643,0.001316
0,-0.051555,0.145296,0.229126,0.095855,0.198683,0.093742,0.0009,0.002536
0,-0.027225,0.026376,0.008417,-0.101365,0.057076,-0.108035,0.000475,0.00046
0,-0.103943,-0.073139,-0.051856,-0.11393,-0.090128,-0.076492,0.001814,0.001277
0,-0.138552,-0.032785,-0.059206,0.024956,-0.099788,0.059884,0.002418,0.000572
0,0.115676,0.17736,0.236404,0.214237,0.255832,0.260552,0.002019,0.003096
0,0.007081,-0.034372,-0.117333,-0.228362,-0.090756,-0.214804,0.000124,0.0006
0,1.833065,-0.985623,1.809993,-0.948773,1.799337,-0.943983,0.003262,0.005451
0,2.519534,-0.715718,0.684575,0.294571,0.644952,0.274587,0.003033,0.00074
0,3.656284,-0.913693,1.133473,-0.22182,1.182498,-0.231017,0.005056,0.004195
0,3.070082,-0.624386,-0.601551,0.319029,-0.614422,0.277383,0.005175,0.000854
0,3.176626,-0.667858,0.123604,-0.059626,0.160595,-0.084456,0.003316,9.5e-05
0,2.538368,-0.684484,-0.637642,-0.032954,-0.588312,-0.026301,0.002704,0.000195
0,1.972169,-0.489577,-0.551972,0.211104,-0.554179,0.168873,0.000834,0.003207
0,1.437148,-0.344848,-0.546169,0.131975,-0.554508,0.147897,0.00158,0.005733
0,0.640658,-0.089109,-0.771092,0.276167,-0.771102,0.2735,0.00057,0.001555
0,0.302681,-0.095021,-0.326279,-0.022179,-0.335397,-0.000983,0.005283,0.001658
0,-0.028728,-0.038736,-0.342561,0.039214,-0.293372,0.080201,0.000501,0.000676
0,-0.197898,0.050758,-0.184779,0.091967,-0.171749,0.109246,0.003454,0.000886
0,-0.087716,-0.106535,0.090596,-0.184611,0.113283,-0.220979,0.001531,0.001859
0,-0.067908,-0.131959,-0.009843,-0.001064,0.034743,-0.042757,0.001185,0.002303
0,-0.252875,-0.086662,-0.190133,0.030982,-0.228356,0.073517,0.004414,0.001513
0,-0.226201,-0.002537,-0.001747,0.055334,-0.048242,0.068906,0.003948,4.4e-05
0,0.068716,0.070589,0.298504,0.058957,0.270825,0.095019,0.001199,0.001232
0,0.018304,-0.05777,-0.073663,-0.142176,-0.061784,-0.126334,0.000319,0.001008
0,-0.167242,-0.010344,-0.178738,0.032128,-0.169717,0.026869,0.002919,0.000181
0,-0.180823,-0.086463,-0.001666,-0.092535,0.027571,-0.070523,0.003156,0.001509
0,0.093912,0.035965,0.300524,0.093107,0.288834,0.140979,0.001639,0.000628
0,-0.091948,0.085449,-0.163464,0.049375,-0.162231,0.041459,0.001605,0.001491
0,-0.023459,0.14994,0.081531,0.07214,0.102023,0.035515,0.000409,0.002617
0,0.013151,0.082982,0.039751,-0.061838,0.085529,-0.056387,0.00023,0.001448
0,0.146118,-0.051634,0.111725,-0.128679,0.087142,-0.117097,0.00255,0.000901
0,0.853284,-0.077352,0.703737,-0.035186,0.713744,-0.077733,0.003141,0.00135
0,1.884254,-0.232903,1.026951,-0.126177,1.012203,-0.122229,0.002369,0.004065
0,1.783084,-0.387439,-0.107804,-0.124976,-0.108303,-0.099014,0.004134,0.00499
0,1.752594,-0.221793,-0.01771,0.171142,-0.018048,0.162197,0.004667,0.003871
0,1.451858,-0.338909,-0.322073,-0.133486,-0.314918,-0.154565,0.001836,0.005837
0,1.151353,-0.240807,-0.304035,0.093645,-0.286373,0.094467,0.003408,0.004203
0,0.819704,-0.247594,-0.33729,-0.024156,-0.320797,-0.028531,0.002555,0.004321
0,0.612875,-0.179065,-0.17818,0.094167,-0.180712,0.120779,0.002918,0.003125
0,8.979705,-0.28294,8.339761,-0.105936,8.320218,-0.126438,0.003953,0.004938
0,9.047978,-0.31223,0.096262,-0.033263,0.143046,-0.007209,0.005145,0.005449
0,8.875764,-0.117396,-0.200225,0.195551,-0.197761,0.202192,0.002139,0.002049
0,8.933505,-0.282647,0.032988,-0.192938,0.02728,-0.209542,0.003147,0.004933
0,9.054045,-0.295933,0.127922,-0.017794,0.104849,-0.039572,0.005251,0.005165
0,9.048888,-0.249262,0.02436,0.022117,0.030671,0.01406,0.005161,0.00435
0,9.127256,-0.094943,0.092059,0.175049,0.131687,0.203714,0.005223,0.001657
0,9.049573,-0.275867,-0.074752,-0.167008,-0.086713,-0.196214,0.005173,0.004815
0,9.002493,-0.127884,-0.02046,0.120052,-0.000945,0.14563,0.004351,0.002232
0,8.931105,-0.124769,-0.066644,-0.011032,-0.075979,0.035595,0.003105,0.002178
0,9.026564,-0.030955,0.089892,0.098734,0.136229,0.093461,0.004771,0.00054
0,9.132453,-0.132718,0.079713,-0.077303,0.046675,-0.114446,0.005132,0.002316
0,9.116417,-0.266665,0.006809,-0.117893,0.045864,-0.152623,0.005412,0.004654
0,9.059979,-0.104073,-0.058687,0.168914,-0.059514,0.133016,0.005354,0.001816
0,8.985496,-0.278555,-0.081943,-0.200673,-0.088736,-0.192255,0.004054,0.004862
0,8.901221,-0.349878,-0.110065,-0.068962,-0.145883,-0.072081,0.002584,0.005645
0,9.126954,-0.214356,0.232761,0.114388,0.26254,0.149385,0.005228,0.003741
0,8.898394,-0.308838,-0.226938,-0.10223,-0.177373,-0.077045,0.002534,0.00539
0,8.937609,-0.369773,0.011915,-0.058703,-0.036243,-0.09773,0.003219,0.005298
0,9.026614,-0.388733,0.096625,0.002771,0.10011,-0.021419,0.004772,0.004967
0,8.977372,-0.111636,-0.06613,0.29862,-0.109681,0.343144,0.003913,0.001948
0,9.069079,-0.295381,0.065274,-0.179802,0.09194,-0.185004,0.005513,0.005155
0,9.132291,0.022913,0.079717,0.294935,0.114509,0.306322,0.005135,0.0004
0,8.935168,-0.03219,-0.204953,-0.053517,-0.244766,-0.032425,0.003176,0.000562
0,9.107649,-0.127129,0.201994,-0.076564,0.18222,-0.041364,0.005565,0.002219
0,9.1477,0.024774,0.066678,0.12382,0.087508,0.126786,0.004866,0.000432
0,8.967215,-0.031786,-0.169076,-0.04999,-0.18265,-0.066846,0.003735,0.000555
0,9.084984,-0.118923,0.09007,-0.093353,0.052065,-0.075807,0.005791,0.002076
0,8.923418,-0.035556,-0.139835,0.089209,-0.149633,0.122529,0.002971,0.000621
0,8.874198,-0.177907,-0.023315,-0.132177,-0.003391,-0.150657,0.002112,0.003105
0,9.000639,-0.140803,0.105045,0.051454,0.122245,0.049095,0.004319,0.002457
0,8.908348,0.013098,-0.093284,0.170607,-0.059178,0.211195,0.002708,0.000229
0,8.957042,-0.114466,0.02164,-0.149324,0.069242,-0.173895,0.003558,0.001998
0,9.077108,-0.123139,0.131197,-0.014202,0.116239,0.016005,0.005653,0.002149
0,8.361895,0.097234,-0.736251,0.214987,-0.715304,0.261925,0.004922,0.001697
0,7.869171,-0.047048,-0.490086,-0.145878,-0.448093,-0.110584,0.003677,0.000821
0,7.405028,-0.033025,-0.485767,-0.015286,-0.527111,-0.058891,2.7e-05,0.000576
0,7.032272,0.043671,-0.384312,0.100402,-0.335563,0.110019,0.005219,0.000762
0,6.49543,-0.025144,-0.565948,-0.073706,-0.517916,-0.085416,0.00415,0.000439
0,6.08785,0.058733,-0.430035,0.062407,-0.453861,0.032835,0.000488,0.001025
0,5.982904,-0.071144,-0.07971,-0.113904,-0.046222,-0.08047,0.001344,0.001242
0,5.568597,0.116605,-0.415226,0.164816,-0.374191,0.150252,0.003177,0.002035
0,5.091443,0.087991,-0.455844,-0.042603,-0.477514,-0.005638,0.001178,0.001536
0,4.830145,-0.02599,-0.241226,-0.123745,-0.288594,-0.092436,0.00204,0.000454
0,4.639489,0.126102,-0.220393,0.158839,-0.183782,0.134421,0.001288,0.002201
0,4.349239,0.133169,-0.278842,-0.010329,-0.300225,0.018135,0.005398,0.002324
0,4.112774,-0.05826,-0.209062,-0.192387,-0.17167,-0.235685,0.001271,0.001017
0,3.70984,0.06045,-0.375725,0.095921,-0.359419,0.112118,0.005761,0.001055
0,3.651889,0.065397,-0.053033,-0.003136,-0.098156,-0.043138,0.004979,0.001141
0,3.202883,-0.055244,-0.425865,-0.132967,-0.46534,-0.162307,0.002858,0.000964
0,3.230909,0.056385,0.001349,0.135816,0.003597,0.116114,0.002368,0.000984
0,2.871687,0.16137,-0.348533,0.075452,-0.325148,0.039796,0.003114,0.002816
0,2.922819,0.063365,0.045184,-0.083139,0.073281,-0.048651,0.004006,0.001106
0,2.642045,-0.006295,-0.253206,-0.079662,-0.229053,-0.060764,0.000894,0.00011
0,2.416788,-0.025333,-0.218448,-0.028608,-0.208995,-0.051234,0.004826,0.000442
0,2.249645,0.038229,-0.170593,0.049979,-0.176004,0.002454,0.004009,0.000667
0,2.198495,-0.102561,-0.051739,-0.142115,-0.090547,-0.096819,0.003116,0.00179
0,2.061017,0.188968,-0.152564,0.274145,-0.126653,0.308403,0.000716,0.003298
0,1.91121,-0.084126,-0.168103,-0.262594,-0.177729,-0.242204,0.001898,0.001468
0,1.950865,0.165332,0.016169,0.271422,-0.023788,0.278996,0.001206,0.002886
0,1.769799,0.115302,-0.171219,-0.020626,-0.196495,-0.032722,0.004366,0.002012
0,1.664246,0.174214,-0.083204,0.049476,-0.070186,0.038023,0.005543,0.003041
0,1.519832,0.16399,-0.129235,-0.007932,-0.146428,0.027266,0.003023,0.002862
0,1.512686,0.000603,-0.010756,-0.189416,-0.025861,-0.169934,0.002898,1.1e-05
0,1.499889,-0.136357,-0.034899,-0.119196,0.014734,-0.109774,0.002675,0.00238
0,1.174432,0.010051,-0.355424,0.167851,-0.333932,0.123175,0.003006,0.000175
0,1.271772,-0.127066,0.077934,-0.159123,0.102689,-0.17551,0.001307,0.002218
0,1.035018,-0.123155,-0.252613,-0.021903,-0.263569,-0.053005,0.005439,0.002149
0,1.012233,-0.127472,0.003488,-0.001941,-0.035468,0.03628,0.005837,0.002225
0,0.973931,-0.151164,-0.058835,-0.03524,-0.037125,-0.008556,0.005247,0.002638
0,1.084589,-0.166865,0.132791,-0.020313,0.100855,-0.069269,0.004574,0.002912
0,0.941865,-0.147556,-0.162029,0.016812,-0.204477,0.023063,0.004687,0.002575
0,0.931893,-0.118107,-0.011517,0.000414,-0.037163,-0.005009,0.004513,0.002061
0,0.978375,0.032969,0.047472,0.175241,0.08867,0.167684,0.005324,0.000575
0,0.892463,-0.121525,-0.08209,-0.13709,-0.126488,-0.091646,0.003825,0.002121
0,0.614127,0.048384,-0.284273,0.165712,-0.318794,0.119204,0.001033,0.000844
0,0.701574,-0.135178,0.084618,-0.190623,0.04864,-0.233224,0.000493,0.002359
0,0.567521,-1.7e-05,-0.161615,0.122015,-0.111701,0.110265,0.001847,0.0
0,0.662451,0.04015,0.112113,0.034463,0.076231,0.014684,0.00019,0.000701
0,0.484844,-0.073725,-0.19036,-0.115556,-0.173066,-0.102105,0.00329,0.001287
0,0.670277,0.136532,0.18327,0.226431,0.200598,0.252078,5.3e-05,0.002383
0,0.508356,-0.029699,-0.180328,-0.150604,-0.165223,-0.123899,0.002879,0.000518
0,0.452589,-0.080066,-0.034756,-0.069223,-0.01513,-0.067627,0.003853,0.001397
0,0.377695,0.037851,-0.05685,0.109968,-0.097227,0.128968,0.00516,0.000661
0,0.402632,0.031402,0.020481,-0.003718,0.062719,0.033485,0.004724,0.000548
0,0.544921,0.157004,0.153356,0.10731,0.115047,0.12682,0.002241,0.00274
0,0.345624,0.124528,-0.211442,-0.002507,-0.221978,0.043268,0.005719,0.002173
0,0.356382,0.024019,0.01979,-0.107604,-0.016598,-0.058011,0.005532,0.000419
0,0.346885,-0.065073,-0.038858,-0.112866,-0.058344,-0.122507,0.005697,0.001136
0,0.310127,0.109775,-0.025667,0.195024,-0.004788,0.229215,0.005413,0.001916
0,0.05154,-0.09767,-0.235416,-0.232847,-0.197859,-0.228295,0.0009,0.001705
0,0.335477,0.116103,0.303079,0.197066,0.294084,0.228389,0.005855,0.002026
0,0.072289,-0.091885,-0.245072,-0.199544,-0.28123,-0.186489,0.001262,0.001604
0,0.075139,-0.007741,-0.009727,0.099373,-0.038249,0.064333,0.001311,0.000135
0,0.086716,-0.036588,0.020409,-0.029407,0.022021,-0.007259,0.001513,0.000639
0,0.14777,0.158116,0.03146,0.170555,0.044588,0.172577,0.002579,0.00276
0,0.244722,0.119946,0.126649,-0.022677,0.081996,-0.020775,0.004271,0.002093
0,0.077338,0.150949,-0.195945,0.026708,-0.20755,0.015313,0.00135,0.002635
0,0.268737,0.143709,0.193273,-0.035795,0.148535,-0.071134,0.00469,0.002508
0,-0.056869,-0.063676,-0.333376,-0.218827,-0.29576,-0.203455,0.000993,0.001111
0,0.188209,-0.013756,0.265431,0.063324,0.22571,0.089873,0.003285,0.00024
0,0.142149,0.018206,-0.032089,0.037376,-0.013807,0.008434,0.002481,0.000318
0,0.167542,0.134298,0.050275,0.102781,0.002392,0.06157,0.002924,0.002344
0,0.027092,0.211865,-0.12801,0.080058,-0.147723,0.107403,0.000473,0.003698
0,-0.003727,0.097335,-0.037034,-0.122904,-0.064184,-0.171705,6.5e-05,0.001699
0,0.147996,-0.020909,0.164405,-0.126572,0.18514,-0.090585,0.002583,0.000365
0,0.035726,0.091299,-0.129032,0.132456,-0.110688,0.117971,0.000624,0.001593
0,0.217135,0.174601,0.173267,0.085489,0.145006,0.08,0.00379,0.003047
0,0.281815,-0.012102,0.085131,-0.157207,0.108332,-0.201271,0.004919,0.000211
0,0.08411,0.011154,-0.213272,0.031545,-0.180344,0.025571,0.001468,0.000195
0,0.259693,0.175019,0.193534,0.162935,0.232625,0.135019,0.004532,0.003055
0,0.071181,-0.002686,-0.195468,-0.149716,-0.181877,-0.11409,0.001242,4.7e-05
0,0.097035,0.151172,0.004085,0.165298,-0.003793,0.204427,0.001694,0.002638
0,0.194338,0.14506,0.077948,0.016531,0.099459,-0.016878,0.003392,0.002532
0,-0.037825,-0.005192,-0.245637,-0.150815,-0.267496,-0.167226,0.00066,9.1e-05
0,0.049041,0.11198,0.109121,0.091062,0.147725,0.114015,0.000856,0.001954
0,0.042229,0.007873,-0.022007,-0.078141,-0.001746,-0.050936,0.000737,0.000137
0,0.126497,0.122995,0.107905,0.115919,0.05943,0.119671,0.002208,0.002147
0,-0.038356,0.03831,-0.144516,-0.107271,-0.117229,-0.149309,0.000669,0.000669
0,0.049482,0.194252,0.094949,0.150828,0.086154,0.153874,0.000864,0.00339
0,0.144357,0.056406,0.110111,-0.166593,0.082142,-0.128167,0.00252,0.000984
0,-0.020387,0.070597,-0.19309,0.03206,-0.2353,0.039177,0.000356,0.001232
0,0.253813,-0.041957,0.280201,-0.122304,0.305511,-0.136609,0.00443,0.000732
0,-0.01612,0.05772,-0.262007,0.1223,-0.288221,0.077351,0.000281,0.001007
0,0.017978,0.047992,0.018265,-0.021249,-0.020682,-0.009003,0.000314,0.000838
0,0.131083,-0.014824,0.090496,-0.068939,0.134368,-0.10869,0.002288,0.000259
0,0.065307,-0.040437,-0.049807,-0.03182,-0.023285,-0.057474,0.00114,0.000706
0,0.150114,-0.150382,0.079398,-0.095489,0.069776,-0.073876,0.00262,0.002625
0,-0.038845,0.039198,-0.183293,0.164371,-0.175078,0.196445,0.000678,0.000684
0,0.132448,0.094233,0.154977,0.041915,0.183295,0.000501,0.002312,0.001645
0,0.172878,0.064976,0.042578,-0.001892,-0.001931,-0.049627,0.003017,0.001134
0,0.127635,0.142666,-0.050492,0.091359,-0.081229,0.120546,0.002228,0.00249
0,0.173127,0.176149,0.029217,0.059185,0.001381,0.037611,0.003022,0.003074
0,0.113703,0.016559,-0.039945,-0.160341,-0.007019,-0.166499,0.001985,0.000289
0,-0.001907,-0.047328,-0.116731,-0.043407,-0.156514,-0.024076,3.3e-05,0.000826
0,-0.02409,0.065837,-0.025264,0.124266,-0.04257,0.090686,0.00042,0.001149
0,-0.130925,0.067338,-0.136055,-0.005662,-0.131787,-0.001093,0.002285,0.001175
0,-0.030434,-0.04001,0.105439,-0.117699,0.14722,-0.075441,0.000531,0.000698
0,-0.176111,-0.032915,-0.132314,-0.015162,-0.144488,-0.009328,0.003074,0.000574
0,-0.064092,-0.086622,0.095771,-0.031646,0.063905,-0.051555,0.001119,0.001512
0,0.050572,0.130815,0.131584,0.217048,0.125951,0.191738,0.000883,0.002283
0,-0.035703,-0.085729,-0.087201,-0.230095,-0.136379,-0.20531,0.000623,0.001496
0,0.117503,0.055095,0.162256,0.151394,0.190093,0.116031,0.002051,0.000962
0,0.088841,0.052236,-0.057199,-0.014711,-0.099559,-0.008563,0.001551,0.000912
0,0.084842,0.095394,-0.021956,0.021954,-0.031731,0.021431,0.001481,0.001665
0,-0.018541,0.108857,-0.075246,0.015526,-0.039491,-0.028711,0.000324,0.0019
0,0.096265,0.037335,0.100535,-0.060922,0.079084,-0.062864,0.00168,0.000652
0,-0.073348,0.083168,-0.161065,0.04929,-0.160617,0.069977,0.00128,0.001452
0,0.004197,0.072552,0.088323,-0.009247,0.136951,0.040021,7.3e-05,0.001266
0,0.002857,0.046242,-0.00584,-0.020595,0.008149,-0.031448,5e-05,0.000807
0,0.005767,0.065464,-0.006623,-0.010051,-0.001703,-0.022662,0.000101,0.001143
0,0.039417,-0.044244,0.052401,-0.09483,0.030296,-0.06572,0.000688,0.000772
0,-0.01297,0.040394,-0.061886,0.076551,-0.085603,0.088832,0.000226,0.000705
0,0.068286,0.005034,0.066911,-0.01489,0.109359,0.014904,0.001192,8.8e-05
0,-0.030549,-0.000923,-0.086536,0.005403,-0.067965,0.036483,0.000533,1.6e-05
0,0.157938,0.068736,0.196321,0.042567,0.245939,0.033767,0.002757,0.0012
0,0.081255,-0.092892,-0.089308,-0.139658,-0.118069,-0.106112,0.001418,0.001621
0,0.058637,-0.074461,-0.051095,0.043725,-0.077427,0.083394,0.001023,0.0013
0,-0.019429,0.045175,-0.06418,0.137236,-0.113103,0.143662,0.000339,0.000788
0,-0.12143,0.066012,-0.086024,0.009467,-0.087751,-0.029813,0.002119,0.001152
0,0.102102,0.053558,0.252102,-0.011573,0.236665,-0.037664,0.001782,0.000935
0,-0.124732,-0.070418,-0.221379,-0.104867,-0.201982,-0.114997,0.002177,0.001229
0,0.078679,-0.040212,0.197868,0.033907,0.18435,0.00795,0.001373,0.000702
0,0.076668,-0.092495,-0.022037,-0.069466,-0.064275,-0.040164,0.001338,0.001614
0,-0.012117,0.064079,-0.077499,0.13191,-0.096636,0.102828,0.000211,0.001118
0,0.023547,0.0441,0.047096,-0.010513,0.002671,-0.028023,0.000411,0.00077
0,-0.035723,-0.007153,-0.036086,-0.073572,-0.060469,-0.044875,0.000623,0.000125
0,0.060723,0.07688,0.095828,0.060561,0.113079,0.028351,0.00106,0.001342
0,-0.096921,0.077542,-0.185414,0.023992,-0.189884,-0.001894,0.001692,0.001353
0,-0.117076,0.126267,-0.021094,0.039886,-0.008561,0.068113,0.002043,0.002204
0,-0.154304,0.157665,-0.021773,0.027845,0.018709,0.073892,0.002693,0.002752
0,-0.126409,0.121359,0.051496,-0.034541,0.010811,-0.049241,0.002206,0.002118
0,-0.002162,0.065531,0.136202,-0.026853,0.118948,0.001822,3.8e-05,0.001144
0,0.049285,0.105542,0.037657,0.048759,0.074817,0.068881,0.00086,0.001842
0,0.023201,0.116283,-0.00813,0.040243,0.036475,0.031058,0.000405,0.00203
0,-0.087973,0.115568,-0.129985,0.028858,-0.152319,0.014641,0.001535,0.002017
0,-0.067624,-0.043016,0.016825,-0.133142,-0.027256,-0.095387,0.00118,0.000751
0,-0.147443,0.217889,-0.092442,0.277864,-0.137434,0.280836,0.002573,0.003803
0,-0.001945,0.228429,0.150671,0.010382,0.101724,0.02984,3.4e-05,0.003987
0,-0.01493,0.094091,-0.040122,-0.105891,-0.020406,-0.056501,0.000261,0.001642
0,-0.013936,0.109811,0.028196,0.042472,0.068749,0.062993,0.000243,0.001917
0,-0.235078,0.217003,-0.199814,0.136286,-0.232271,0.116765,0.004103,0.003787
0,-0.156639,-0.025876,0.085505,-0.221926,0.113763,-0.212115,0.002734,0.000452
0,-0.019484,0.01354,0.124372,0.063673,0.154952,0.113488,0.00034,0.000236
0,-0.148762,0.161247,-0.118277,0.132815,-0.138507,0.087373,0.002596,0.002814
0,-0.088691,0.086602,0.0607,-0.045306,0.055199,-0.003083,0.001548,0.001511
0,-0.211314,-0.093226,-0.101381,-0.150276,-0.134337,-0.137103,0.003688,0.001627
0,-0.208134,0.12852,0.005657,0.22273,-0.015558,0.201737,0.003633,0.002243
0,-0.198917,-0.019269,-0.018782,-0.165321,-0.028112,-0.199924,0.003472,0.000336
0,-0.229421,0.032107,-0.037024,0.075709,-0.028236,0.085454,0.004004,0.00056
0,-0.144496,0.088954,0.087161,0.056888,0.069961,0.102718,0.002522,0.001553
0,-0.048025,-0.102216,0.081472,-0.199849,0.060253,-0.153926,0.000838,0.001784
0,0.003567,-0.109841,0.062634,0.014961,0.103501,0.007439,6.2e-05,0.001917
0,-0.124105,-0.064819,-0.112107,0.062792,-0.151688,0.016932,0.002166,0.001131
0,9.096593,0.185823,9.231213,0.237776,9.200906,0.223036,0.005758,0.003243
0,8.900304,0.251854,-0.167053,0.079318,-0.179004,0.106086,0.002568,0.004396
0,8.951181,0.251361,0.048877,-0.015175,0.098154,-0.008082,0.003456,0.004387
0,8.910219,0.267554,-0.063111,-0.00018,-0.109425,-0.027089,0.002741,0.00467
0,8.861509,0.410201,-0.059466,0.14916,-0.104781,0.176719,0.00189,0.004592
0,9.034072,0.22542,0.157757,-0.1561,0.188345,-0.136272,0.004902,0.003934
0,8.925719,0.320041,-0.116244,0.109704,-0.072144,0.139173,0.003011,0.005586
0,9.028365,0.161371,0.086726,-0.175659,0.098994,-0.197993,0.004803,0.002816
0,9.103776,0.296888,0.049047,0.144721,0.058255,0.137692,0.005633,0.005182
0,9.00283,0.140556,-0.091731,-0.183937,-0.062515,-0.197492,0.004357,0.002453
0,9.089637,0.263131,0.108852,0.103082,0.09692,0.11526,0.005872,0.004593
0,9.031021,0.578771,-0.05705,0.330178,-0.020012,0.316571,0.004849,0.00165
0,9.033249,0.57729,0.026344,-0.023076,0.063929,-0.003192,0.004888,0.001676
0,9.087362,0.687,0.040475,0.134481,0.01905,0.11374,0.005832,0.000239
0,9.064764,0.617919,-0.032794,-0.051822,0.016185,-0.07244,0.005438,0.000967
0,9.027852,0.207842,-0.023483,-0.419671,-0.027018,-0.447787,0.004794,0.003628
0,9.073367,0.085195,0.057244,-0.108712,0.090233,-0.118675,0.005588,0.001487
0,8.934075,0.216231,-0.16545,0.108534,-0.170623,0.146072,0.003157,0.003774
0,8.864133,-0.031654,-0.066194,-0.272403,-0.034293,-0.301201,0.001936,0.000552
0,8.913136,0.177624,0.046185,0.213051,0.058748,0.218596,0.002791,0.0031
0,9.035393,0.115779,0.142913,-0.046503,0.185762,-0.078222,0.004925,0.002021
0,9.146151,-0.037351,0.09953,-0.165583,0.130554,-0.202487,0.004893,0.000652
0,9.07672,-0.010799,-0.049588,0.030895,-0.016003,0.048249,0.005647,0.000188
0,8.947215,0.058575,-0.13415,0.055445,-0.102587,0.073182,0.003386,0.001022
0,9.146993,-0.008346,0.199639,-0.050636,0.164279,-0.072729,0.004879,0.000146
0,8.910747,-0.097802,-0.237366,-0.089089,-0.280565,-0.051844,0.00275,0.001707
0,8.97001,-0.109036,0.04483,-0.016827,0.040925,-0.050729,0.003784,0.001903
0,8.914047,0.078995,-0.029928,0.186394,0.000936,0.140432,0.002807,0.001379
0,9.085412,0.108248,0.193392,0.001531,0.157911,-0.001915,0.005798,0.001889
0,7.157987,0.018272,-1.899112,-0.067326,-1.872187,-0.056791,0.004338,0.000319
0,6.485128,0.139541,-0.682594,0.094827,-0.637889,0.079154,0.00433,0.002435
0,5.18329,-0.082797,-1.321601,-0.22327,-1.274928,-0.253501,0.003548,0.001445
0,4.778442,0.070894,-0.394277,0.164385,-0.403435,0.19159,0.005111,0.001237
0,4.508812,-0.011867,-0.244055,-0.090478,-0.293648,-0.114985,0.003568,0.000207
0,4.286323,-0.037053,-0.23393,-0.028795,-0.243163,0.005305,0.0043,0.000647
0,4.153197,-0.047239,-0.123549,-0.035825,-0.131529,-0.073483,0.001977,0.000824
0,3.650459,-0.019387,-0.511333,0.004123,-0.46638,-0.026074,0.004954,0.000338
0,3.682501,0.005972,0.048135,0.025549,0.030747,0.072385,0.005513,0.000104
0,3.449062,-0.112359,-0.251723,-0.117339,-0.296181,-0.096475,0.001439,0.001961
0,8.879346,1.039973,5.430728,1.161295,5.429261,1.155885,0.002202,0.005352
0,8.922335,1.341403,0.042603,0.275748,0.087543,0.240301,0.002952,9.2e-05
0,8.910942,1.373117,-0.010854,0.041332,-0.052934,0.052199,0.002753,0.000462
0,8.931031,1.929231,0.003301,0.579661,0.010903,0.619705,0.003104,0.001584
0,8.856282,1.709852,-0.0727,-0.243857,-0.109433,-0.201815,0.001799,0.005413
0,8.962044,1.511873,0.134102,-0.196144,0.150575,-0.246133,0.003645,0.002884
0,9.097202,1.074437,0.121655,-0.455788,0.094071,-0.495052,0.005748,0.004751
0,9.08504,0.716222,0.014363,-0.335017,0.005132,-0.285691,0.005792,0.000749
0,9.073701,0.472415,0.000865,-0.225047,-0.024885,-0.225983,0.005594,0.003507
0,9.015271,0.037287,-0.058262,-0.406497,-0.037973,-0.398615,0.004574,0.000651
0,9.041443,0.039954,0.04454,0.032268,0.003427,0.032572,0.005031,0.000697
0,9.129522,-0.130245,0.100573,-0.18466,0.106047,-0.214141,0.005184,0.002273
0,8.958022,-0.172854,-0.199723,-0.021984,-0.165975,-0.015561,0.003575,0.003017
0,8.979608,-0.257696,0.011374,-0.096802,-0.003436,-0.105021,0.003952,0.004498
0,9.121743,-0.190119,0.128774,0.037828,0.148056,0.002477,0.005319,0.003318
0,9.046623,-0.204665,-0.073355,-0.03295,-0.089715,-0.053981,0.005121,0.003572
0,9.038709,-0.336953,0.007398,-0.126917,0.01789,-0.164932,0.004983,0.005871
0,8.94146,-0.231377,-0.07226,0.085762,-0.087939,0.120169,0.003286,0.004038
0,9.055976,-0.027322,0.102699,0.199582,0.077547,0.171752,0.005285,0.000477
0,8.908006,-0.151636,-0.156699,-0.108978,-0.14663,-0.063251,0.002702,0.002647
0,9.047014,-0.230019,0.127021,-0.087123,0.131545,-0.057652,0.005128,0.004015
0,9.074958,-0.184532,0.038101,0.059792,-0.003386,0.103424,0.005616,0.003221
0,8.960507,0.018696,-0.112703,0.205388,-0.102277,0.220453,0.003618,0.000326
0,8.884283,-0.249821,-0.104296,-0.242478,-0.106962,-0.259665,0.002288,0.00436
0,9.103738,-0.064703,0.226887,0.183984,0.189759,0.175075,0.005634,0.001129
0,9.118273,-0.207486,0.006139,-0.150483,0.04865,-0.121526,0.00538,0.003621
0,8.936321,-0.222539,-0.178592,-0.043055,-0.147568,-0.062031,0.003196,0.003884
0,8.939688,-0.25147,0.024362,-0.041893,0.054172,0.002344,0.003255,0.004389
0,8.996561,-0.167763,0.066196,0.105107,0.111467,0.152758,0.004248,0.002928
0,9.112617,-0.090288,0.096307,0.106754,0.122356,0.097253,0.005479,0.001576
0,8.865893,-0.106332,-0.220315,-0.042646,-0.266085,-0.061902,0.001967,0.001856
0,8.870046,0.033113,0.019367,0.115168,0.042337,0.10882,0.002039,0.000578
0,8.592072,-0.1667,-0.306644,-0.175464,-0.271356,-0.191405,0.002812,0.002909
0,7.807724,-0.086719,-0.79497,0.049989,-0.818479,0.008511,0.00475,0.001514
0,7.417947,-0.144543,-0.413167,-0.072658,-0.441535,-0.105062,0.000199,0.002523
0,6.968868,0.055116,-0.436795,0.179677,-0.464894,0.210004,0.004113,0.000962
0,6.667838,-0.123011,-0.271672,-0.193458,-0.299902,-0.210399,0.001141,0.002147
0,6.325167,-0.106311,-0.34175,-0.00218,-0.38891,0.015652,0.00463,0.001855
0,5.933924,-0.040828,-0.4084,0.049252,-0.450462,0.049161,0.002199,0.000713
0,5.583442,-0.113341,-0.343845,-0.052532,-0.354094,-0.04822,0.004342,0.001978
0,5.25151,0.061291,-0.350626,0.187724,-0.319739,0.21695,0.002357,0.00107
0,4.727673,-0.184536,-0.530077,-0.260206,-0.487733,-0.307866,0.000252,0.003221
0,4.483606,0.090389,-0.237355,0.290767,-0.228686,0.33631,0.004008,0.001578
0,4.17825,-0.131395,-0.310549,-0.210355,-0.318586,-0.21955,0.002414,0.002293
0,4.054834,0.107035,-0.149034,0.213944,-0.149402,0.2316,0.00026,0.001868
0,3.787085,-0.048415,-0.282701,-0.151559,-0.281747,-0.160285,0.004413,0.000845
0,3.358023,-0.084842,-0.444939,-0.060798,-0.423063,-0.062352,0.00015,0.001481
0,3.240558,-0.018606,-0.117364,0.054092,-0.0959,0.029513,0.0022,0.000325
0,2.971348,-0.044983,-0.282813,-0.053287,-0.324458,-0.038405,0.004853,0.000785
0,2.817932,0.070642,-0.146155,0.118386,-0.169954,0.15326,0.002175,0.001233
0,2.627365,-0.09709,-0.213859,-0.180745,-0.221635,-0.204603,0.001151,0.001695
0,2.486975,0.180097,-0.153768,0.285766,-0.154639,0.253146,0.003601,0.003143
0,2.301841,-0.104972,-0.164411,-0.285739,-0.150038,-0.304493,0.00492,0.001832
0,2.238584,0.028046,-0.039283,0.153607,-0.087895,0.10939,0.003816,0.00049
0,2.194692,0.200093,-0.0162,0.147732,0.011007,0.11798,0.00305,0.003492
0,1.932798,0.055995,-0.275932,-0.145018,-0.313584,-0.155151,0.001521,0.000977
0,1.895726,0.030397,-0.015246,-0.049423,-0.017649,-0.004894,0.002168,0.000531
0,1.622799,-0.008038,-0.283483,-0.044732,-0.307333,-0.078595,0.00482,0.00014
0,1.558993,0.075293,-0.049152,0.100481,-0.033818,0.11115,0.003706,0.001314
0,1.421906,0.151521,-0.133711,0.078616,-0.120516,0.031422,0.001314,0.002645
0,1.380141,0.234636,-0.015703,0.079533,-0.045374,0.064616,0.000585,0.004095
0,1.370671,0.139566,0.006807,-0.088506,0.025888,-0.070975,0.000419,0.002436
0,1.354595,0.035528,-0.021436,-0.079744,0.014565,-0.04459,0.000139,0.00062
0,1.235859,0.223106,-0.105927,0.209642,-0.093249,0.243781,0.001934,0.003894
0,1.130632,0.097771,-0.108117,-0.14324,-0.14289,-0.093496,0.00377,0.001706
0,1.273353,-0.070147,0.153288,-0.161509,0.173718,-0.204956,0.001279,0.001224
0,1.243499,0.170876,-0.043484,0.264772,-0.0737,0.231551,0.0018,0.002982
0,0.91449,-0.000712,-0.321187,-0.18711,-0.303976,-0.229808,0.004209,1.2e-05
0,1.062722,0.21123,0.167918,0.223017,0.174715,0.236534,0.004955,0.003687
0,0.870892,-0.083944,-0.19228,-0.324897,-0.150405,-0.352726,0.003448,0.001465
0,0.876289,-0.010639,0.01328,0.052622,-0.02188,0.088898,0.003542,0.000186
0,0.862109,0.061098,-0.028277,0.064402,-0.057797,0.069408,0.003295,0.001066
0,0.893281,-0.05225,0.019625,-0.118573,0.015452,-0.162646,0.003839,0.000912
0,0.882841,0.0096,0.008811,0.072013,0.001749,0.118168,0.003657,0.000168
0,0.822411,0.157987,-0.056287,0.128397,-0.070123,0.116417,0.002602,0.002757
0,0.657439,0.211914,-0.180691,0.054434,-0.168587,0.02029,0.000277,0.003699
0,0.611143,0.100371,-0.022492,-0.135836,-0.024452,-0.177704,0.001085,0.001752
0,0.657851,-0.05164,0.060816,-0.137883,0.066303,-0.106863,0.00027,0.000901
0,0.568905,-0.011098,-0.101184,0.020919,-0.092772,-0.019367,0.001822,0.000194
0,0.691739,0.101975,0.14934,0.103428,0.147814,0.086965,0.000321,0.00178
0,0.548546,0.075023,-0.150241,-0.054146,-0.127249,-0.069039,0.002178,0.001309
0,0.441913,0.106509,-0.130404,0.034644,-0.153545,0.049471,0.004039,0.001859
0,0.32601,0.088067,-0.106205,-0.026333,-0.059795,-0.069807,0.00569,0.001537
0,0.386413,-0.044907,0.079987,-0.130019,0.031232,-0.088016,0.005008,0.000784
0,0.223537,-0.122594,-0.184891,-0.09987,-0.143032,-0.132306,0.003901,0.00214
0,0.362091,-0.059139,0.123002,0.038769,0.13345,0.079439,0.005432,0.001032
0,0.158318,0.142822,-0.191535,0.199907,-0.236338,0.150939,0.002763,0.002493
0,0.360998,0.102405,0.208754,-0.014584,0.252863,-0.027443,0.005451,0.001787
0,0.124091,-0.020459,-0.217777,-0.152687,-0.187673,-0.157737,0.002166,0.000357
0,0.143937,0.097436,-0.006937,0.132257,0.040473,0.129746,0.002512,0.001701
0,8.916837,1.762394,8.796507,1.651526,8.778007,1.664001,0.002856,0.004496
0,9.023907,2.081305,0.109321,0.325085,0.153018,0.350373,0.004725,0.001071
0,8.924186,2.550662,-0.071829,0.478455,-0.064713,0.51938,0.002984,0.002489
0,9.028925,2.324651,0.109077,-0.254925,0.15756,-0.304789,0.004812,0.005318
0,9.102399,2.355233,0.058233,0.007587,0.099718,-7.9e-05,0.005657,0.005851
0,9.013159,1.556789,-0.09342,-0.81214,-0.1285,-0.777163,0.004537,0.003668
0,8.866864,1.342866,-0.164248,-0.188816,-0.157614,-0.186155,0.001984,6.6e-05
0,9.093865,1.044232,0.233648,-0.268846,0.210602,-0.295163,0.005806,0.005278
0,8.922988,0.739447,-0.185911,-0.320486,-0.199965,-0.287516,0.002963,0.001154
0,8.943614,0.495335,0.032434,-0.234821,0.008029,-0.210508,0.003323,0.003106
0,8.957705,0.100968,-0.01338,-0.378282,-0.034054,-0.396309,0.003569,0.001762
0,9.023978,0.064589,0.061199,-0.051405,0.036403,-0.005886,0.004726,0.001127
0,8.401399,-0.056912,-0.59282,-0.110217,-0.558129,-0.136889,0.005612,0.000993
0,7.98628,-0.128067,-0.427139,-0.049753,-0.475204,-0.055669,0.001634,0.002235
0,7.610725,-0.139023,-0.359621,-0.03397,-0.344394,0.014423,0.003564,0.002426
0,7.090988,-0.045454,-0.529892,0.114451,-0.540583,0.123516,0.005508,0.000793
0,6.436857,-0.187591,-0.674684,-0.161829,-0.639638,-0.202238,0.005173,0.003274
0,6.09657,-0.017685,-0.359245,0.13997,-0.398979,0.151101,0.00064,0.000309
0,5.858666,-0.040689,-0.23683,-0.003328,-0.239246,0.038108,0.003512,0.00071
0,5.396102,0.066352,-0.438385,0.130615,-0.438279,0.164514,0.000166,0.001158
0,5.100927,-0.002601,-0.267184,-0.050674,-0.25161,-0.01726,0.004986,4.5e-05
0,4.770779,-0.162079,-0.309975,-0.174329,-0.272832,-0.152058,0.001004,0.002829
0,4.593276,0.069524,-0.166682,0.223527,-0.188751,0.245484,0.002094,0.001213
0,4.354404,0.015483,-0.21647,-0.081508,-0.198377,-0.05901,0.005489,0.00027
0,4.01013,-0.094705,-0.362181,-0.101176,-0.397261,-0.077878,0.00052,0.001653
0,3.812379,-0.178328,-0.179608,-0.093038,-0.183231,-0.090941,0.003972,0.003112
0,3.584558,-0.047935,-0.240171,0.125269,-0.273205,0.108769,0.003804,0.000837
0,3.525577,-0.132579,-0.04647,-0.070375,-0.044041,-0.105058,0.002774,0.002314
0,3.296733,-0.032158,-0.229869,0.125299,-0.202462,0.0766,0.00122,0.000561
0,3.012317,-0.085023,-0.258407,-0.074167,-0.265977,-0.072385,0.005568,0.001484
0,2.777414,-0.015667,-0.22607,0.041853,-0.26998,0.026524,0.001468,0.000273
0,2.547437,0.121024,-0.244692,0.129372,-0.25257,0.095407,0.002546,0.002112
0,2.420385,-0.13805,-0.139246,-0.266464,-0.128181,-0.218597,0.004763,0.002409
0,2.311574,-0.15615,-0.116891,-0.04733,-0.12725,-0.030997,0.005089,0.002725
0,2.049512,0.085947,-0.270602,0.244164,-0.280296,0.278599,0.000516,0.0015
0,2.142474,0.02456,0.095991,-0.035342,0.063172,-0.019305,0.002138,0.000429
0,1.827353,0.123576,-0.286066,0.094007,-0.316495,0.078513,0.003362,0.002157
0,1.688701,0.022338,-0.118837,-0.099844,-0.081521,-0.089542,0.005782,0.00039
0,1.650085,0.082118,-0.033916,0.055424,-0.062485,0.024237,0.005296,0.001433
0,1.63585,-0.144827,-0.015973,-0.229148,-0.031754,-0.209683,0.005048,0.002528
0,1.395936,0.017927,-0.241137,0.16283,-0.235091,0.141842,0.00086,0.000313
0,1.319748,0.11883,-0.09177,0.076034,-0.115948,0.033324,0.000469,0.002074
0,1.290706,0.01546,-0.055821,-0.104877,-0.028141,-0.140425,0.000976,0.00027
0,1.204489,0.073255,-0.112809,0.044704,-0.119403,0.009931,0.002481,0.001279
0,1.323997,0.07755,0.119377,-0.023152,0.070093,-0.006185,0.000395,0.001354
0,3.243251,-1.271462,1.895129,-1.371881,1.874367,-1.37247,0.002153,0.001312
0,3.778295,-1.533701,0.564271,-0.290486,0.531417,-0.336253,0.004567,0.003265
0,3.904918,-1.623476,0.147237,-0.105421,0.11049,-0.147947,0.002357,0.004832
0,3.244824,-1.803384,-0.682286,-0.200977,-0.69883,-0.220311,0.002126,0.00378
0,2.27141,-1.534621,-0.998472,0.265095,-0.998822,0.246376,0.004388,0.003281
0,1.894572,-1.621132,-0.380221,-0.078957,-0.366252,-0.096579,0.002189,0.004791
0,1.321291,-1.308369,-0.589707,0.341095,-0.611734,0.306026,0.000443,0.000668
0,0.960221,-1.115752,-0.371688,0.166979,-0.374196,0.133689,0.005007,0.00403
0,0.274447,-0.844885,-0.676316,0.286311,-0.723089,0.25036,0.00479,0.002994
0,0.15865,-0.296943,-0.137295,0.576434,-0.182276,0.566606,0.002769,0.005183
0,0.058558,-0.460514,-0.098771,-0.13523,-0.083836,-0.185135,0.001022,0.003714
0,-0.041868,-0.095122,-0.102453,0.39258,-0.053876,0.417571,0.000731,0.00166
0,-0.288618,0.014559,-0.224095,0.089873,-0.193636,0.052176,0.005037,0.000254
0,-0.219019,0.126206,0.054009,0.119249,0.089936,0.101178,0.003823,0.002203
0,-0.093397,-0.091019,0.097617,-0.209059,0.113206,-0.228315,0.00163,0.001589
0,-0.313063,0.017157,-0.229474,0.10812,-0.186191,0.076771,0.005464,0.000299
0,-0.133339,0.261197,0.171082,0.219823,0.147158,0.22448,0.002327,0.004559
0,-0.323278,0.272599,-0.200355,0.004516,-0.192729,0.041279,0.005642,0.004758
0,-0.33222,0.233987,-0.026873,-0.058538,-0.07302,-0.029734,0.005798,0.004084
0,-0.083456,0.198686,0.240505,-0.049524,0.21785,-0.07849,0.001457,0.003468
0,-0.382732,0.048046,-0.304709,-0.134403,-0.287908,-0.116593,0.005072,0.000839
0,-0.269613,0.219575,0.141967,0.156183,0.100656,0.112067,0.004706,0.003832
0,-0.075167,0.051163,0.211918,-0.139905,0.249501,-0.171797,0.001312,0.000893
0,-0.072729,0.132476,-0.014426,0.109797,-0.060787,0.091753,0.001269,0.002312
0,-0.053209,0.020453,0.002811,-0.141996,0.023322,-0.188708,0.000929,0.000357
0,-0.013227,0.069444,0.041929,0.059262,0.04238,0.058174,0.000231,0.001212
0,-0.230754,0.018425,-0.212188,-0.057694,-0.177653,-0.03426,0.004027,0.000322
0,-0.089287,0.174155,0.155212,0.133779,0.15469,0.12229,0.001558,0.00304
0,0.028036,0.139629,0.132598,-0.044958,0.139646,-0.027726,0.000489,0.002437
0,-0.046717,-0.031263,-0.048484,-0.158923,-0.051579,-0.193021,0.000815,0.000546
0,-0.198414,0.238745,-0.148209,0.248588,-0.167115,0.216844,0.003463,0.004167
0,0.040443,-0.005231,0.267271,-0.233251,0.218738,-0.213777,0.000706,9.1e-05
0,-0.115134,0.109955,-0.17069,0.090849,-0.215596,0.100512,0.002009,0.001919
0,0.11982,0.06234,0.221803,-0.025119,0.174341,-0.044813,0.002091,0.001088
0,0.130762,-0.056655,0.005286,-0.09952,-0.044382,-0.060578,0.002282,0.000989
0,-0.122254,-0.002319,-0.239083,0.079234,-0.20747,0.056973,0.002134,4e-05
0,-0.037773,-0.014422,0.079244,-0.002505,0.033545,-0.011331,0.000659,0.000252
0,-0.109419,-0.06996,-0.043155,-0.072837,-0.019767,-0.075442,0.00191,0.001221
0,0.01059,-0.022006,0.140139,0.020602,0.127319,0.011095,0.000185,0.000384
0,0.02674,-0.095878,0.01989,-0.067714,-0.003957,-0.100094,0.000467,0.001673
0,0.003826,0.016771,-0.003564,0.084004,0.013321,0.1306,6.7e-05,0.000293
0,-0.00439,0.071051,0.014045,0.066377,0.03322,0.027352,7.7e-05,0.00124
0,-0.190859,0.042304,-0.193916,-0.035595,-0.240013,0.008034,0.003331,0.000738
0,0.023224,-0.011015,0.242004,-0.03727,0.199852,-0.082443,0.000405,0.000192
0,-0.106421,-0.062767,-0.138197,-0.043752,-0.131767,-0.050984,0.001857,0.001095
0,0.020705,0.037152,0.133989,0.124133,0.109887,0.137845,0.000361,0.000648
0,-0.018182,-0.032769,-0.058634,-0.051142,-0.058259,-0.034649,0.000317,0.000572
0,-0.194104,0.162848,-0.200858,0.221592,-0.185185,0.261847,0.003388,0.002842
0,0.075139,0.152716,0.274981,-0.039847,0.255125,0.004794,0.001311,0.002665
0,0.109587,0.058351,0.042279,-0.121677,0.066506,-0.145551,0.001913,0.001018
0,0.092573,0.100757,-0.006792,0.014399,0.040661,0.010791,0.001616,0.001759
0,-0.015979,-0.104682,-0.079267,-0.184833,-0.091961,-0.201157,0.000279,0.001827
0,-0.025522,0.089954,-0.021015,0.184616,-0.040387,0.231471,0.000445,0.00157
0,-0.009349,0.153516,0.029785,0.057415,0.059589,0.063865,0.000163,0.002679
0,-0.157967,0.044648,-0.125665,-0.104569,-0.092813,-0.11203,0.002757,0.000779
0,0.125129,0.148536,0.278646,0.103253,0.318258,0.148643,0.002184,0.002592
0,-0.138791,0.05437,-0.24906,-0.098227,-0.214355,-0.104224,0.002422,0.000949
0,0.085059,-0.078438,0.229114,-0.141162,0.198961,-0.096707,0.001485,0.001369
0,-0.009143,-0.020547,-0.081945,0.036347,-0.101297,0.026452,0.00016,0.000359
0,0.007482,-0.103261,0.029095,-0.066882,0.011946,-0.028154,0.000131,0.001802
0,-0.01049,-0.077422,-0.001483,0.035281,-0.009176,0.011465,0.000183,0.001351
0,0.13103,-0.00643,0.126786,0.074908,0.175853,0.112342,0.002287,0.000112
0,0.047387,0.011286,-0.054582,0.040129,-0.014378,0.01796,0.000827,0.000197
0,0.066896,0.104238,0.014772,0.082663,0.004751,0.096145,0.001168,0.001819
0,-0.142168,-0.084902,-0.210911,-0.194215,-0.186217,-0.193611,0.002481,0.001482
0,-0.104977,0.072321,0.0409,0.161828,0.057391,0.146377,0.001832,0.001262
0,0.008573,-0.061237,0.140941,-0.156284,0.097717,-0.15251,0.00015,0.001069
0,-0.135844,-0.00621,-0.126001,0.046986,-0.086323,0.081565,0.002371,0.000108
0,-0.172542,0.069442,-0.057848,0.059904,-0.037465,0.019111,0.003011,0.001212
0,-0.1379,0.072622,0.061318,0.019243,0.038635,0.06039,0.002407,0.001267
0,0.017725,-0.203226,0.181568,-0.248448,0.133445,-0.281038,0.000309,0.003547
0,-0.138194,-0.084863,-0.138741,0.095107,-0.172133,0.108236,0.002412,0.001481
0,-0.208498,-0.006908,-0.093555,0.099582,-0.065115,0.144711,0.003639,0.000121
0,-0.239656,-0.139418,-0.032408,-0.121287,-0.039013,-0.159989,0.004183,0.002433
0,-0.028687,-0.19163,0.237026,-0.078092,0.230184,-0.110364,0.000501,0.003345
0,-0.141407,-0.087246,-0.092651,0.083681,-0.138234,0.076902,0.002468,0.001523
0,-0.045678,-0.168479,0.101347,-0.101367,0.082102,-0.089775,0.000797,0.002941
0,-0.78004,-0.610645,-0.711936,-0.465185,-0.709816,-0.417342,0.001863,0.001094
0,-1.540664,-1.372203,-0.757159,-0.761043,-0.80161,-0.805178,0.003386,0.000446
0,-1.59186,-1.684868,-0.047291,-0.308307,-0.045171,-0.308785,0.00428,0.005849
0,-1.572804,-1.590278,0.003968,0.120393,-0.00449,0.157625,0.003947,0.004252
0,-3.109735,-0.545959,-1.530007,1.042334,-1.516852,1.052839,0.004483,0.002223
0,-2.813738,0.459809,0.302119,0.994734,0.30704,1.029161,0.002102,0.003727
0,-2.75925,0.75225,0.080061,0.299642,0.053874,0.291424,0.001151,0.001378
0,-2.009383,1.630099,0.76124,0.865146,0.777342,0.87579,0.000185,0.004947
0,-1.474288,1.988923,0.534245,0.357711,0.516685,0.381897,0.002228,0.000542
0,-1.236424,1.834914,0.251046,-0.161641,0.225611,-0.133402,0.001924,0.00323
0,-0.461086,1.826063,0.778873,-0.035912,0.802709,-0.078512,0.003704,0.003384
0,-0.427218,1.198006,0.043946,-0.626314,0.035177,-0.611434,0.004295,0.002594
0,-0.160983,0.843918,0.286731,-0.324364,0.300106,-0.357188,0.00281,0.002977
0,-0.035809,0.50335,0.095712,-0.368097,0.120168,-0.387159,0.000625,0.002967
0,0.281646,0.154227,0.32113,-0.352595,0.271238,-0.399134,0.004916,0.002692
0,0.377709,0.079239,0.089245,-0.085433,0.118538,-0.110527,0.005159,0.001383
0,0.340273,-0.210711,-0.049207,-0.308634,-0.00428,-0.320834,0.005813,0.003678
0,0.196984,-0.151592,-0.143716,0.045444,-0.098271,0.038954,0.003438,0.002646
0,0.185004,-0.117061,-0.010032,0.056343,-0.028077,0.015989,0.003229,0.002043
0,0.22334,-0.288739,0.056453,-0.164134,0.090464,-0.159657,0.003898,0.005039
0,0.228386,-0.380681,-0.010835,-0.102347,-0.007218,-0.151875,0.003986,0.005108
0,0.001111,-0.441897,-0.225671,-0.034125,-0.197625,-0.020724,1.9e-05,0.004039
0,0.006317,-0.136741,0.030459,0.286923,0.013295,0.31584,0.00011,0.002387
0,-0.046437,-0.089303,-0.080147,0.041892,-0.082379,-0.001737,0.00081,0.001559
0,0.074399,-0.100789,0.118947,0.001201,0.094864,0.040594,0.001299,0.001759
0,0.208071,-0.070517,0.130209,0.035749,0.140145,0.057478,0.003632,0.001231
0,-0.081036,0.035478,-0.309594,0.096218,-0.279454,0.070204,0.001414,0.000619
0,0.04397,-0.003359,0.132,-0.047631,0.114704,-0.083408,0.000767,5.9e-05
0,0.06106,-0.069136,0.039151,-0.041286,0.038923,-0.041518,0.001066,0.001207
0,0.176398,-0.159297,0.115623,-0.088078,0.076311,-0.042034,0.003079,0.00278
0,0.13244,0.072195,-0.042951,0.207688,-0.029499,0.229904,0.002312,0.00126
0,-0.13851,-0.09967,-0.274898,-0.167638,-0.303362,-0.1938,0.002417,0.00174
0,0.11274,-0.011246,0.224042,0.113861,0.267324,0.091939,0.001968,0.000196
0,-0.093657,0.020412,-0.196509,0.060722,-0.198796,0.026438,0.001635,0.000356
0,-0.189443,-0.077808,-0.102469,-0.089852,-0.124708,-0.098742,0.003306,0.001358
0,-0.106536,0.021276,0.053984,0.086893,0.014848,0.063126,0.001859,0.000371
0,0.049212,-0.124872,0.162958,-0.168965,0.205321,-0.195887,0.000859,0.002179
0,0.155522,0.029149,0.132243,0.178527,0.172711,0.199294,0.002714,0.000509
0,0.170256,0.041153,0.044265,0.021649,0.041876,-0.018748,0.002972,0.000718
0,0.218025,-0.146814,0.027944,-0.186747,0.06019,-0.140858,0.003805,0.002562
0,0.201419,-0.134399,-0.008562,-0.001907,-0.01959,0.002646,0.003515,0.002346
0,0.099794,-0.039521,-0.095646,0.118896,-0.086538,0.15334,0.001742,0.00069
0,0.204737,0.073253,0.109309,0.115555,0.120634,0.130747,0.003573,0.001279
0,0.102743,-0.17806,-0.114674,-0.229633,-0.088957,-0.206937,0.001793,0.003108
0,0.14641,-0.1226,0.023856,0.083306,0.013751,0.091603,0.002555,0.00214
0,0.239605,-0.014026,0.069137,0.082496,0.07251,0.097606,0.004182,0.000245
0,0.042341,-0.145314,-0.192482,-0.133211,-0.219905,-0.175835,0.000739,0.002536
0,0.164143,-0.168292,0.150139,-0.030379,0.159394,-0.063724,0.002865,0.002937
0,-0.021381,0.077242,-0.172381,0.251686,-0.127688,0.2974,0.000373,0.001348
0,0.253147,-0.135601,0.295816,-0.192509,0.326742,-0.230165,0.004418,0.002367
0,0.040329,-0.057698,-0.22484,0.070486,-0.225314,0.111714,0.000704,0.001007
0,0.199114,-0.136546,0.180067,-0.0639,0.140934,-0.089457,0.003475,0.002383
0,0.108963,0.028019,-0.078343,0.135872,-0.029051,0.115785,0.001902,0.000489
0,0.070946,0.066197,-0.044488,0.041043,-0.064031,-0.003926,0.001238,0.001155
0,0.160499,-0.133088,0.065793,-0.221907,0.11243,-0.235322,0.002801,0.002323
0,0.003612,0.039717,-0.163132,0.167262,-0.180205,0.167123,6.3e-05,0.000693
0,0.141412,-0.053869,0.144922,-0.076965,0.190592,-0.092816,0.002468,0.00094
0,0.235153,-0.030035,0.115846,-0.006132,0.13773,0.009731,0.004104,0.000524
0,-0.076679,0.036917,-0.325509,0.067204,-0.300093,0.074235,0.001338,0.000644
0,0.033618,0.034716,0.112601,-0.021985,0.087494,-0.036224,0.000587,0.000606
0,0.156969,-0.166606,0.128961,-0.189432,0.118371,-0.16636,0.00274,0.002908
0,0.160962,-0.179262,0.019317,0.01065,0.026896,0.028653,0.002809,0.003129
0,0.13946,0.007442,-0.014003,0.173378,-0.026483,0.191044,0.002434,0.00013
0,-0.017991,0.031652,-0.157282,0.006667,-0.135216,0.053376,0.000314,0.000552
0,0.08695,0.075641,0.097787,0.03093,0.088429,-0.008816,0.001518,0.00132
0,-0.145297,0.009091,-0.21052,-0.06293,-0.205344,-0.039491,0.002536,0.000159
0,0.066879,-0.140074,0.206666,-0.14731,0.171613,-0.107856,0.001167,0.002445
0,-0.036825,-0.002502,-0.12851,0.149172,-0.104134,0.101593,0.000643,4.4e-05
0,0.000134,-0.005465,0.04688,-0.023707,0.023319,0.010474,2e-06,9.5e-05
0,-0.079266,0.015677,-0.054236,-0.006432,-0.013285,-0.050256,0.001383,0.000274
0,0.003549,0.128056,0.074645,0.084936,0.10358,0.09339,6.2e-05,0.002235
0,0.061608,-0.146493,0.060784,-0.261578,0.092489,-0.29427,0.001075,0.002557
0,0.019259,0.093636,-0.01787,0.265002,-0.052219,0.298661,0.000336,0.001634
0,0.051514,0.053959,0.021792,-0.055275,0.013941,-0.059926,0.000899,0.000942
0,0.085152,-0.122286,0.03875,-0.20433,0.027285,-0.228435,0.001486,0.002134
0,-0.147725,-0.108541,-0.261941,0.009391,-0.2849,0.050307,0.002578,0.001894
0,-0.105385,-0.103788,0.024362,0.025784,0.035156,0.051352,0.001839,0.001811
0,-0.113469,-0.170255,-0.031374,-0.057662,-0.038371,-0.025493,0.00198,0.002972
0,-0.177684,0.053686,-0.070882,0.234447,-0.046815,0.263887,0.003101,0.000937
0,-0.11693,-0.02024,0.067333,-0.094882,0.056618,-0.105642,0.002041,0.000353
0,-0.066831,-0.165817,0.059858,-0.17116,0.015759,-0.185941,0.001166,0.002894
0,0.116471,-0.132012,0.184548,0.056536,0.198226,0.03668,0.002033,0.002304
0,-0.142228,-0.021381,-0.247637,0.110006,-0.246127,0.104718,0.002482,0.000373
0,0.01091,-0.160046,0.171961,-0.16079,0.203669,-0.186749,0.00019,0.002793
0,-0.054063,0.081876,-0.052646,0.239482,-0.071107,0.284783,0.000944,0.001429
0,0.045699,-0.137783,0.122879,-0.211457,0.085735,-0.257816,0.000798,0.002405
0,-0.096125,0.156759,-0.165819,0.279849,-0.116274,0.249526,0.001678,0.002736
0,-0.081927,-0.087604,0.009375,-0.258351,0.031088,-0.30052,0.00143,0.001529
0,0.034069,0.141019,0.107998,0.23989,0.125668,0.194491,0.000595,0.002461
0,-0.022648,-0.115143,-0.061664,-0.282732,-0.072409,-0.240756,0.000395,0.00201
0,-0.122758,-0.09232,-0.10673,0.004879,-0.074954,0.051423,0.002143,0.001611
0,0.066672,0.103573,0.189812,0.205196,0.223481,0.224429,0.001164,0.001808
0,-0.031444,0.101414,-0.121344,0.010412,-0.099601,-0.027901,0.000549,0.00177
0,-0.025675,0.102013,0.034474,0.00757,0.023511,-0.022625,0.000448,0.00178
0,0.127972,-0.102315,0.172406,-0.198856,0.195542,-0.237359,0.002234,0.001786
0,-0.131001,-0.103269,-0.274373,0.024849,-0.246083,0.004372,0.002286,0.001802
0,0.028312,-0.030245,0.174521,0.082223,0.220207,0.100594,0.000494,0.000528
0,-0.075116,-0.186239,-0.118698,-0.182007,-0.140628,-0.191106,0.001311,0.00325
0,-0.051721,-0.18171,0.049891,0.004876,0.092961,-0.014601,0.000903,0.003171
0,-0.018972,-0.015026,0.024845,0.190645,0.07039,0.228859,0.000331,0.000262
0,0.142304,0.057098,0.17894,0.094966,0.191168,0.094058,0.002484,0.000997
0,-0.117477,-0.122496,-0.260811,-0.160264,-0.236719,-0.134784,0.00205,0.002138
0,-0.00449,0.042004,0.093216,0.155839,0.137011,0.205235,7.8e-05,0.000733
0,-0.073202,-0.022038,-0.048183,-0.069715,-0.024955,-0.038187,0.001278,0.000385
0,0.004724,-0.098252,0.048088,-0.065447,0.066738,-0.031735,8.2e-05,0.001715
0,0.06663,0.094647,0.033322,0.217599,0.078815,0.192171,0.001163,0.001652
0,-0.105791,-0.193405,-0.175977,-0.284086,-0.140737,-0.282135,0.001846,0.003376
0,-0.194091,0.040047,-0.078097,0.225824,-0.051074,0.25381,0.003388,0.000699
0,0.044233,0.016009,0.21792,-0.011526,0.17438,-0.044186,0.000772,0.000279
0,-0.146173,-0.180504,-0.184387,-0.200995,-0.180546,-0.229435,0.002551,0.00315
0,-0.090944,0.078375,0.026263,0.23297,-0.017135,0.231782,0.001587,0.001368
0,0.175332,0.073637,0.280714,0.001254,0.28775,-0.012586,0.00306,0.001285
0,-0.1205,-0.046867,-0.293162,-0.105184,-0.304954,-0.134762,0.002103,0.000818
0,0.090866,-0.201472,0.204498,-0.159845,0.221111,-0.167965,0.001586,0.003516
0,-0.026482,-0.071269,-0.118984,0.105079,-0.147095,0.063786,0.000462,0.001244
0,0.024225,-0.146411,0.038049,-0.099503,0.03386,-0.052762,0.000423,0.002555
0,-0.065125,-0.210544,-0.089869,-0.061313,-0.121513,-0.051499,0.001137,0.003675
0,0.085027,-0.155204,0.130673,0.04506,0.084275,0.01107,0.001484,0.002709
0,-0.039836,0.111991,-0.119776,0.262406,-0.159187,0.294096,0.000695,0.001955
0,0.155156,-0.060313,0.212423,-0.147835,0.23314,-0.188875,0.002708,0.001053
0,0.01405,-0.10143,-0.135994,-0.017721,-0.174851,-0.038617,0.000245,0.00177
0,0.100536,-0.056539,0.083476,0.059728,0.10709,0.082936,0.001755,0.000987
0,0.093403,-0.086406,-0.022248,-0.005124,0.027161,-0.01185,0.00163,0.001508
0,0.099247,-0.159043,-0.018816,-0.086629,-0.012697,-0.060967,0.001732,0.002776
0,-0.065574,-0.037397,-0.143387,0.108895,-0.131889,0.062758,0.001144,0.000653
0,0.009384,-0.004803,0.086218,0.037238,0.100585,0.035865,0.000164,8.4e-05
0,0.108659,0.130795,0.109182,0.131424,0.131764,0.15697,0.001896,0.002283
0,-0.067451,0.038378,-0.198737,-0.073621,-0.192403,-0.074484,0.001177,0.00067
0,-0.057377,0.010816,0.017117,-0.029082,0.043933,-0.023152,0.001001,0.000189
0,0.02457,-0.045157,0.075428,-0.030427,0.08257,-0.047509,0.000429,0.000788
0,-0.184983,-0.022986,-0.190432,-0.003968,-0.15662,0.027588,0.003229,0.000401
0,0.046478,0.050998,0.229693,0.092586,0.270013,0.075561,0.000811,0.00089
0,0.024872,-0.123039,-0.041023,-0.182291,-0.032282,-0.136878,0.000434,0.002147
0,0.054877,0.102066,0.026386,0.248839,0.007809,0.204024,0.000958,0.001781
0,-0.189344,-0.033588,-0.260387,-0.112209,-0.256923,-0.157522,0.003305,0.000586
0,-0.171315,0.057158,0.020048,0.077386,0.030631,0.082187,0.00299,0.000998
0,-0.142241,0.080472,0.023504,0.015632,0.025111,-0.025495,0.002483,0.001405
0,0.008221,0.014654,0.175616,-0.040756,0.149964,-0.022618,0.000143,0.000256
0,-0.000926,0.121136,-0.005553,0.098771,0.026386,0.147111,1.6e-05,0.002114
0,0.083505,0.190526,0.111013,0.08687,0.142044,0.051872,0.001457,0.003325
0,0.05901,-0.085098,-0.005421,-0.262362,-0.046619,-0.285474,0.00103,0.001485
0,0.024574,0.033162,-0.028729,0.109785,-0.037029,0.119481,0.000429,0.000579
0,-0.081596,-0.069092,-0.104204,-0.107197,-0.113246,-0.067905,0.001424,0.001206
0,0.021965,-0.082414,0.107501,0.004263,0.08999,0.020179,0.000383,0.001438
0,0.066096,-0.059404,0.064314,0.036008,0.048822,-0.003437,0.001154,0.001037
0,-0.170851,-0.048968,-0.255978,-0.013168,-0.277313,0.008996,0.002982,0.000855
0,-0.161962,0.025187,0.0215,0.048003,0.036725,0.053612,0.002827,0.00044
0,0.003365,0.102578,0.190374,0.088847,0.210628,0.122069,5.9e-05,0.00179
0,-0.148028,-0.080756,-0.122671,-0.177376,-0.160564,-0.140641,0.002584,0.001409
0,-0.105276,0.16845,0.042676,0.277453,0.006223,0.312197,0.001837,0.00294
0,-0.043914,0.206583,0.046704,0.049762,0.066366,0.087135,0.000766,0.003606
0,0.07133,0.144081,0.139989,-0.050541,0.130178,-0.059394,0.001245,0.002515
0,-0.068257,0.014963,-0.161576,-0.143492,-0.182206,-0.148259,0.001191,0.000261
0,-0.257391,0.121938,-0.206458,0.109717,-0.188541,0.074296,0.004492,0.002128
0,-0.027183,0.115179,0.255246,0.006115,0.295448,0.02388,0.000474,0.00201
0,-0.257291,-0.11146,-0.229552,-0.217847,-0.221218,-0.19714,0.004491,0.001945
0,-0.28591,-0.043475,-0.046128,0.044956,-0.034391,0.030153,0.00499,0.000759
0,-0.027294,-0.084557,0.275494,-0.03437,0.263894,-0.082133,0.000476,0.001476
0,-0.176685,0.081032,-0.166505,0.136977,-0.209509,0.087242,0.003084,0.001414
0,-0.12637,-0.087039,0.053289,-0.143823,0.044843,-0.122194,0.002206,0.001519
0,-0.135965,-0.066376,-0.007423,0.002495,-0.053947,-0.016428,0.002373,0.001158
0,-0.103549,-0.150443,0.003196,-0.076944,0.047372,-0.076387,0.001807,0.002626
0,-0.252047,-0.115637,-0.132861,0.04863,-0.116852,0.024005,0.004399,0.002018
0,-0.116974,0.019351,0.131542,0.16166,0.164766,0.183119,0.002042,0.000338
0,-0.255798,0.066707,-0.125541,0.018216,-0.103786,0.007457,0.004465,0.001164
0,-0.144727,-0.138115,0.102145,-0.197475,0.074006,-0.220434,0.002526,0.002411
0,-0.203317,0.133216,-0.062277,0.290395,-0.052921,0.307829,0.003549,0.002325
0,0.013428,0.080235,0.23879,-0.030688,0.258055,-0.018317,0.000234,0.0014
0,-0.228971,-0.00012,-0.215938,-0.070072,-0.256845,-0.111807,0.003996,2e-06
0,-0.248884,-0.011506,-0.041401,-0.014697,-0.036048,-0.015361,0.004344,0.000201
0,-0.121792,0.130001,0.13397,0.167129,0.136798,0.185677,0.002126,0.002269
0,-0.217097,0.046683,-0.073415,-0.094184,-0.092427,-0.099616,0.003789,0.000815
0,-0.155191,0.123455,0.073266,0.050067,0.09934,0.082717,0.002709,0.002155
0,-0.031089,-0.0237,0.111334,-0.118489,0.09766,-0.134331,0.000543,0.000414
0,-0.144833,-0.125903,-0.097066,-0.107191,-0.055054,-0.126837,0.002528,0.002197
0,-0.158871,0.173425,-0.007745,0.315321,-0.045183,0.311006,0.002773,0.003027
0,-0.131066,-0.115271,0.007188,-0.292705,0.010294,-0.317374,0.002288,0.002012
0,-0.198177,-0.06675,-0.041338,0.036103,-0.057112,0.009979,0.003459,0.001165
0,-0.116157,0.091343,0.05291,0.186066,0.084901,0.141503,0.002027,0.001594
0,-0.21638,-0.037316,-0.124238,-0.108768,-0.093626,-0.070239,0.003777,0.000651
0,-0.148706,-0.012933,0.064699,0.018329,0.033846,0.032383,0.002595,0.000226
0,-0.258207,0.020325,-0.101748,0.00967,-0.144054,0.04089,0.004507,0.000355
0,-0.197875,0.073144,0.064061,0.067425,0.109669,0.023945,0.003454,0.001277
0,-0.245333,-0.055961,-0.06916,-0.144582,-0.07647,-0.185862,0.004282,0.000977
0,-0.229688,-0.128624,-0.003328,-0.092025,0.032875,-0.092095,0.004009,0.002245
0,-0.181327,-0.013066,0.056184,0.095767,0.076973,0.104147,0.003165,0.000228
0,-0.144918,-0.052931,0.023077,-0.031299,0.034513,-0.005339,0.002529,0.000924
0,-0.036316,0.048865,0.121463,0.129624,0.135763,0.117009,0.000634,0.000853
0,-0.140935,0.153004,-0.094574,0.074493,-0.113304,0.092002,0.00246,0.00267
0,-0.151581,0.116691,-0.035602,-0.042876,-0.050949,-0.07753,0.002646,0.002037
0,-0.123187,-0.008809,0.035083,-0.127309,0.049845,-0.1764,0.00215,0.000154
0,-0.030704,-0.015311,0.098039,0.021947,0.135436,0.043889,0.000536,0.000267
0,-0.055891,-0.067354,-0.023997,-0.043723,0.00223,-0.027892,0.000975,0.001176
0,0.031208,-0.047437,0.085442,0.001074,0.08371,0.047678,0.000545,0.000828
0,-0.187882,-0.073312,-0.216431,-0.055857,-0.212478,-0.009172,0.003279,0.00128
0,-0.12113,-0.03205,0.053223,0.059176,0.083386,0.088761,0.002114,0.000559
0,0.064829,-0.089807,0.207551,-0.028908,0.222449,-0.069422,0.001131,0.001567
0,0.016646,-0.027794,-0.024467,0.08052,0.012676,0.045813,0.000291,0.000485
0,-0.186449,-0.116188,-0.193547,-0.073128,-0.163703,-0.091006,0.003254,0.002028
0,-0.016466,-0.047115,0.176737,0.054427,0.206904,0.005375,0.000287,0.000822
0,-0.14784,-0.147338,-0.103657,-0.101655,-0.102558,-0.145907,0.00258,0.002572
0,-0.170651,-0.059823,-0.029755,0.10991,-0.02091,0.12622,0.002978,0.001044
0,-0.096464,0.086884,0.090474,0.163498,0.062282,0.178386,0.001684,0.001516
0,-0.331968,0.015922,-0.208903,-0.065736,-0.200699,-0.054059,0.005794,0.000278
0,-0.316969,-0.025246,0.022401,-0.051286,0.025273,-0.050801,0.005532,0.000441
0,-0.149743,0.122636,0.161332,0.12949,0.139853,0.121695,0.002614,0.00214
0,-0.041115,0.092748,0.113007,-0.00469,0.117576,-0.013525,0.000718,0.001619
0,-0.179219,-0.020156,-0.115442,-0.127364,-0.083523,-0.166179,0.003128,0.000352
0,-0.30091,-0.086458,-0.103323,-0.07442,-0.054733,-0.046165,0.005252,0.001509
0,-0.125059,0.068034,0.19033,0.151071,0.233304,0.132759,0.002183,0.001187
0,-0.193159,-0.081719,-0.080286,-0.125461,-0.104781,-0.076055,0.003371,0.001426
0,0.013838,0.158876,0.18402,0.229804,0.144431,0.244103,0.000242,0.002773
0,-0.163089,-0.094115,-0.175957,-0.225491,-0.138074,-0.211778,0.002846,0.001643
0,-0.26415,-0.049339,-0.123699,0.040735,-0.127021,0.085805,0.00461,0.000861
0,-0.107078,0.15645,0.176742,0.177571,0.18366,0.186925,0.001869,0.002731
0,-0.211608,0.062825,-0.083415,-0.102202,-0.058647,-0.093535,0.003693,0.001097
0,-0.264932,-0.052099,-0.043526,-0.095287,-0.076864,-0.138919,0.004624,0.000909
0,-0.246232,-0.087671,0.045725,-0.046976,0.055363,0.001502,0.004298,0.00153
0,-0.062277,-0.105199,0.1854,-0.032977,0.165826,-0.0731,0.001087,0.001836
0,-0.081512,0.134085,-0.015828,0.212727,-0.037246,0.208857,0.001423,0.00234
0,-0.027105,0.109261,0.044778,-0.04564,-0.001716,-0.04931,0.000473,0.001907
0,0.022602,0.039411,0.030834,-0.070225,0.013074,-0.025113,0.000394,0.000688
0,0.051576,0.030672,0.006889,-0.032415,0.024975,-0.002665,0.0009,0.000535
0,0.031632,-0.159428,-0.049013,-0.196971,-0.073389,-0.234385,0.000552,0.002783
0,-0.187768,-0.163103,-0.248556,0.001571,-0.245031,0.015054,0.003277,0.002847
0,-0.073998,0.093992,0.142366,0.259859,0.107844,0.286974,0.001292,0.00164
0,0.030866,0.039726,0.128605,-0.08348,0.114996,-0.104113,0.000539,0.000693
0,-0.176512,-0.123199,-0.188233,-0.133796,-0.184133,-0.159634,0.003081,0.00215
0,0.047528,-0.091754,0.225544,0.027487,0.197163,0.058935,0.00083,0.001601
0,-0.050603,0.004108,-0.114858,0.09307,-0.067586,0.124054,0.000883,7.2e-05
0,-0.045092,-0.006607,0.019596,-0.03802,0.041761,-0.008361,0.000787,0.000115
0,0.059863,-0.087425,0.098969,-0.072574,0.113057,-0.093683,0.001045,0.001526
0,-0.005245,-0.134244,-0.063273,-0.06945,-0.094827,-0.104401,9.2e-05,0.002343
0,-0.232318,-0.048924,-0.249741,0.105713,-0.261948,0.147083,0.004055,0.000854
0,-0.040082,-0.135759,0.180463,-0.105831,0.180383,-0.076921,0.0007,0.002369
0,-0.202102,0.092087,-0.141048,0.244036,-0.154106,0.229961,0.003527,0.001607
0,-0.155506,0.041715,0.026908,-0.058691,0.07496,-0.097014,0.002714,0.000728
0,-0.141289,-0.082653,0.038681,-0.151833,0.037237,-0.156842,0.002466,0.001443
0,-0.202832,-0.040278,-0.077258,0.017569,-0.125557,0.008096,0.00354,0.000703
0,-0.192479,0.063508,-0.015302,0.130805,0.029166,0.091292,0.003359,0.001108
0,0.030643,0.082197,0.238057,0.026619,0.236913,0.076398,0.000535,0.001435
0,-0.193351,-0.208397,-0.207897,-0.267817,-0.244007,-0.248186,0.003375,0.003637
0,0.086457,-0.049608,0.254328,0.153197,0.235078,0.150325,0.001509,0.000866
0,0.058233,0.051026,-0.015818,0.117431,0.019099,0.103493,0.001016,0.000891
0,-0.065392,0.072902,-0.099543,0.032973,-0.08815,0.053591,0.001141,0.001272
0,-0.056643,-0.12552,-0.006816,-0.178132,-0.045579,-0.151046,0.000989,0.002191
0,0.022384,-0.165251,0.071973,-0.063502,0.064922,-0.06876,0.000391,0.002884
0,-0.12405,-0.162564,-0.16207,0.017659,-0.134995,0.038823,0.002165,0.002837
0,-0.121685,-0.222818,0.024459,-0.088918,0.00651,-0.055524,0.002124,0.003889
0,-0.126211,-0.083172,-0.013372,0.143584,-0.015789,0.10665,0.002203,0.001452
0,-0.062189,-0.013833,0.035618,0.055013,-0.003398,0.079293,0.001085,0.000241
0,-0.109939,-0.102652,-0.019399,-0.089053,0.022124,-0.112685,0.001919,0.001792
0,-0.114407,-0.052349,0.020288,0.062977,0.004833,0.081899,0.001997,0.000914
0,0.086318,0.002009,0.20484,0.038633,0.24349,0.077035,0.001507,3.5e-05
0,0.082881,0.064283,-0.00929,0.037069,0.020767,0.003827,0.001447,0.001122
0,-0.11128,0.07001,-0.20148,-0.009425,-0.225738,-0.001568,0.001942,0.001222
0,0.0418,0.014781,0.125086,-0.061792,0.100121,-0.111396,0.00073,0.000258
0,-0.170768,0.0806,-0.199174,0.086527,-0.153326,0.128926,0.00298,0.001407
0,0.025684,-0.06047,0.21234,-0.170286,0.192975,-0.160326,0.000448,0.001055
0,0.012949,0.051684,0.002155,0.133599,-0.045895,0.116646,0.000226,0.000902
0,-0.107551,0.005281,-0.148622,-0.056896,-0.175967,-0.039422,0.001877,9.2e-05
0,-0.148969,0.019818,-0.059377,0.039707,-0.10742,0.060507,0.0026,0.000346
0,-0.058385,0.072512,0.097387,0.045659,0.073386,0.061514,0.001019,0.001266
0,-0.05476,-0.061982,0.030361,-0.105741,0.021547,-0.151677,0.000956,0.001082
0,-0.077565,-0.181995,-0.050863,-0.117987,-0.02116,-0.114177,0.001354,0.003176
0,0.035207,0.026075,0.092616,0.218574,0.120644,0.243988,0.000614,0.000455
0,-0.001225,0.083493,-0.042271,0.080042,-0.052766,0.064709,2.1e-05,0.001457
0,-0.115018,-0.076006,-0.142705,-0.146127,-0.140402,-0.180126,0.002007,0.001327
0,-0.04921,0.035186,0.083349,0.127613,0.110869,0.159491,0.000859,0.000614
0,-0.112104,-0.09487,-0.054371,-0.100208,-0.10291,-0.051689,0.001957,0.001656
0,0.085572,0.13565,0.168335,0.224227,0.183872,0.270158,0.001494,0.002368
0,-0.040593,-0.029719,-0.11416,-0.147077,-0.075802,-0.130422,0.000708,0.000519
0,0.038986,0.01998,0.067262,0.058597,0.046402,0.020927,0.00068,0.000349
0,0.142754,-0.126147,0.083297,-0.140549,0.096081,-0.145202,0.002492,0.002202
0,0.127782,0.063116,0.009136,0.17946,-0.02214,0.151117,0.00223,0.001102
0,-0.072782,-0.127292,-0.229845,-0.177263,-0.214361,-0.130052,0.00127,0.002222
0,6.8e-05,-0.061955,0.045296,0.086755,0.056621,0.052368,1e-06,0.001081
0,-0.110775,-0.09352,-0.099686,-0.054563,-0.068958,-0.065838,0.001933,0.001632
0,-0.065074,-0.083572,0.070316,0.024425,0.057657,-0.011872,0.001136,0.001459
0,-0.032885,-0.13943,0.033832,-0.027732,0.011195,-0.063323,0.000574,0.002434
0,-0.00018,0.064374,0.013025,0.219226,0.059031,0.244649,3e-06,0.001124
0,0.150867,0.086514,0.143386,0.012185,0.136175,0.033247,0.002633,0.00151
0,-0.089528,0.072015,-0.25361,0.001134,-0.214531,-0.020772,0.001563,0.001257
0,0.085128,-0.130737,0.180922,-0.22456,0.196711,-0.247619,0.001486,0.002282
0,0.200002,0.057581,0.095931,0.202174,0.095074,0.179027,0.003491,0.001005
0,0.133839,0.066364,-0.078085,0.033138,-0.078824,0.040837,0.002336,0.001158
0,-0.041147,-0.070268,-0.195859,-0.127065,-0.15865,-0.120562,0.000718,0.001226
0,0.05013,0.14246,0.105959,0.214831,0.067077,0.234052,0.000875,0.002486
0,-0.059678,0.137504,-0.128703,-0.000544,-0.114328,-0.044393,0.001042,0.0024
0,-0.063489,0.017728,-0.016112,-0.144117,0.004943,-0.121068,0.001108,0.000309
0,0.108522,0.145141,0.165023,0.141169,0.162774,0.14029,0.001894,0.002533
0,0.148002,0.025123,0.029431,-0.124016,0.022806,-0.168885,0.002583,0.000438
0,0.06893,0.047102,-0.05245,0.045673,-0.085957,0.018334,0.001203,0.000822
0,0.010616,0.035835,-0.083809,-0.032197,-0.102615,-0.040502,0.000185,0.000625
0,0.047627,-0.075948,0.029188,-0.126726,0.075872,-0.087452,0.000831,0.001326
0,0.193494,0.144549,0.160685,0.246465,0.151581,0.201418,0.003377,0.002523
0,0.207816,0.00812,0.006806,-0.160393,-0.023319,-0.165505,0.003627,0.000142
0,-0.096773,0.001753,-0.28376,0.004283,-0.299721,-0.006003,0.001689,3.1e-05
0,-0.051187,0.02249,0.04832,0.042933,0.051046,0.033898,0.000893,0.000393
0,-0.113305,-0.124116,-0.080297,-0.119768,-0.103747,-0.113129,0.001978,0.002166
0,-0.122461,-0.117034,-0.003729,0.012639,0.021025,-0.032796,0.002137,0.002043
0,-0.115269,-0.089615,0.011296,0.054477,0.050907,0.073209,0.002012,0.001564
0,-0.05718,-0.104808,0.070011,-0.014139,0.036532,0.021878,0.000998,0.001829
0,-0.144082,-0.06151,-0.084503,0.028886,-0.125942,-0.011365,0.002515,0.001074
0,-0.020216,0.117264,0.140556,0.185441,0.142031,0.184557,0.000353,0.002047
0,0.035998,-0.046846,0.029219,-0.16335,-0.013486,-0.170422,0.000628,0.000818
0,-0.080356,-0.058462,-0.110316,-0.007411,-0.092922,-0.013988,0.001402,0.00102
0,-0.049985,0.003526,0.031923,0.076033,0.002743,0.086727,0.000872,6.2e-05
0,0.020267,0.080226,0.058812,0.091285,0.088597,0.089547,0.000354,0.0014
0,0.029423,-0.143478,0.024282,-0.247582,0.061435,-0.219533,0.000514,0.002504
0,0.0502,0.107817,0.012153,0.225179,0.00021,0.245405,0.000876,0.001882
0,0.166018,-0.122202,0.115909,-0.243111,0.128532,-0.211845,0.002898,0.002133
0,0.193326,-0.016573,0.030708,0.12971,0.050552,0.114785,0.003374,0.000289
0,0.108974,0.014861,-0.089686,0.020568,-0.045208,0.041044,0.001902,0.000259
0,0.167507,0.031964,0.075414,0.042974,0.081892,0.058713,0.002924,0.000558
0,0.285766,-0.061048,0.106563,-0.115018,0.146654,-0.135732,0.004988,0.001065
0,0.029336,-0.043944,-0.262412,-0.009709,-0.24077,0.018633,0.000512,0.000767
0,0.093132,-0.052305,0.039941,-0.000831,0.021826,0.023689,0.001625,0.000913
0,0.174122,0.086917,0.073168,0.152706,0.044895,0.158348,0.003039,0.001517
0,0.259566,0.042557,0.096382,-0.02622,0.138214,0.023623,0.00453,0.000743
0,0.146787,0.011033,-0.13099,-0.017546,-0.153314,-0.067222,0.002562,0.000193
0,0.154269,-0.059081,0.024539,-0.090029,0.017526,-0.067034,0.002692,0.001031
0,0.18512,0.114866,0.031826,0.17648,0.042791,0.203878,0.003231,0.002005
0,-0.064344,0.137816,-0.224216,0.021792,-0.215001,0.012132,0.001123,0.002405
0,0.10199,0.050043,0.140328,-0.105879,0.146684,-0.10019,0.00178,0.000873
0,0.174866,0.012192,0.074751,-0.0155,0.027564,-0.012405,0.003052,0.000213
0,-0.056239,0.014102,-0.211238,0.002414,-0.18792,-0.047232,0.000982,0.000246
0,0.04877,0.02303,0.106159,0.005505,0.109349,-0.029206,0.000851,0.000402
0,0.12277,-0.111274,0.096865,-0.152347,0.070687,-0.181448,0.002143,0.001942
0,0.071676,-0.036274,-0.079417,0.09049,-0.083838,0.063565,0.001251,0.000633
0,-0.027946,-0.047297,-0.129248,0.001314,-0.128288,-0.048378,0.000488,0.000825
0,-0.029923,-0.006424,0.024586,0.021812,0.034533,0.058278,0.000522,0.000112
0,0.149803,0.06591,0.187904,0.060497,0.141965,0.014772,0.002615,0.00115
0,0.19566,-0.007201,0.038002,-0.062592,0.014314,-0.052915,0.003415,0.000126
0,0.077049,0.016838,-0.128119,0.004837,-0.140191,0.006577,0.001345,0.000294
0,0.230971,-0.085116,0.133523,-0.086924,0.119863,-0.083228,0.004031,0.001486
0,0.21405,0.077774,-0.025825,0.185881,-0.06854,0.14961,0.003736,0.001357
0,0.188682,-0.049963,-0.008004,-0.142522,0.019017,-0.178435,0.003293,0.000872
0,0.099587,0.008602,-0.112669,0.085082,-0.109248,0.097297,0.001738,0.00015
0,-0.08309,-0.104291,-0.200921,-0.126122,-0.209147,-0.151033,0.00145,0.00182
0,0.151747,0.024861,0.237216,0.15689,0.208715,0.167603,0.002648,0.000434
0,-0.073193,0.140387,-0.237074,0.128642,-0.243711,0.138842,0.001277,0.00245
0,-0.059367,-0.067565,-0.011147,-0.212998,0.00878,-0.16608,0.001036,0.001179
0,0.040605,0.027813,0.099199,0.120135,0.136314,0.150438,0.000709,0.000485
0,0.004138,0.027324,-0.033221,0.008265,-0.042614,0.034507,7.2e-05,0.000477
0,0.147982,0.146364,0.148355,0.110063,0.174867,0.115552,0.002583,0.002555
0,-0.017513,-0.049511,-0.141716,-0.16775,-0.120176,-0.134338,0.000306,0.000864
0,0.144687,0.064588,0.188811,0.108766,0.236475,0.101196,0.002525,0.001127
0,0.041422,0.167564,-0.085097,0.124551,-0.103485,0.110861,0.000723,0.002925
0,0.003026,0.135979,-0.045198,-0.01959,-0.073354,-0.001359,5.3e-05,0.002373
0,0.20134,0.01329,0.179202,-0.113546,0.202238,-0.139935,0.003514,0.000232
0,0.208441,-0.010616,0.000234,-0.047943,0.001897,-0.032959,0.003638,0.000185
0,0.172473,0.03561,-0.029145,0.043507,-0.050398,0.004612,0.00301,0.000622
0,0.103796,0.107712,-0.091304,0.08448,-0.117713,0.122405,0.001812,0.00188
0,0.148693,-0.076581,0.015106,-0.184504,0.061251,-0.167769,0.002595,0.001337
0,0.248084,-0.023767,0.102191,0.058524,0.140692,0.075157,0.00433,0.000415
0,0.348689,0.174989,0.081164,0.200209,0.106192,0.248043,0.005666,0.003054
0,0.334363,0.088013,-0.03726,-0.088818,-0.052435,-0.122696,0.005836,0.001536
0,0.183738,0.187986,-0.122285,0.11634,-0.141542,0.132061,0.003207,0.003281
0,-0.022022,0.072801,-0.1917,-0.085793,-0.19079,-0.102008,0.000384,0.001271
0,0.22229,-0.101678,0.223681,-0.148792,0.211748,-0.10642,0.00388,0.001775
0,0.25024,-0.012061,0.031269,0.0824,0.018594,0.035838,0.004368,0.000211
0,-0.047066,-0.092478,-0.27558,-0.079417,-0.287272,-0.104001,0.000821,0.001614
0,0.100412,-0.011462,0.159469,0.06052,0.18856,0.093019,0.001753,0.0002
0,0.198236,0.074549,0.095548,0.056311,0.135705,0.068447,0.00346,0.001301
0,0.019544,0.042872,-0.198296,-0.010899,-0.167339,-0.015576,0.000341,0.000748
0,0.010555,-0.065769,-0.031274,-0.119818,-0.051249,-0.118171,0.000184,0.001148
0,0.251245,0.006124,0.230492,0.055544,0.23621,0.04093,0.004385,0.000107
0,0.106304,0.146687,-0.150342,0.14281,-0.117,0.103796,0.001855,0.00256
0,0.215536,0.063077,0.139136,-0.109202,0.090397,-0.095822,0.003762,0.001101
0,0.185758,0.051262,-0.033257,0.011386,-0.058623,0.041321,0.003242,0.000895
0,0.025319,0.184222,-0.153818,0.113086,-0.114044,0.087802,0.000442,0.003215
0,0.156942,-0.02769,0.136086,-0.226955,0.103813,-0.179569,0.002739,0.000483
0,0.140472,0.089605,-0.046079,0.104608,-0.043924,0.14168,0.002452,0.001564
0,0.09358,0.217681,-0.051064,0.10405,-0.045806,0.13968,0.001633,0.003799
0,-0.046757,-0.037411,-0.135431,-0.262052,-0.178082,-0.288093,0.000816,0.000653
0,0.084041,-0.014267,0.145062,0.043217,0.163521,0.002283,0.001467,0.000249
0,-0.01657,-0.014824,-0.072534,0.000593,-0.094944,0.019404,0.000289,0.000259
0,-0.038216,0.151378,-0.045897,0.145546,-0.035887,0.139917,0.000667,0.002642
0,0.062311,0.210958,0.10802,0.041614,0.074855,0.078439,0.001088,0.003682
0,-0.104725,0.040985,-0.186223,-0.198736,-0.19527,-0.235309,0.001828,0.000715
0,0.041899,0.091749,0.153672,0.035736,0.189986,0.042593,0.000731,0.001601
0,0.050758,0.150045,-0.003338,0.082396,-0.026887,0.121476,0.000886,0.002619
0,0.092259,-0.059737,0.049279,-0.200004,0.062299,-0.205984,0.00161,0.001043
0,-0.09907,0.06582,-0.16249,0.113616,-0.207355,0.134797,0.001729,0.001149
0,0.14213,0.212907,0.238351,0.166639,0.202364,0.152548,0.002481,0.003716
0,-0.041768,0.233553,-0.168113,0.008239,-0.170926,0.02044,0.000729,0.004076
0,-0.028074,-0.01525,0.029795,-0.224621,0.079141,-0.246543,0.00049,0.000266
0,0.010518,0.188694,0.064763,0.218639,0.057505,0.240775,0.000184,0.003293
0,-0.18713,0.036303,-0.190038,-0.145692,-0.230796,-0.107235,0.003266,0.000634
0,-0.201946,0.024664,0.013541,-0.041121,0.034938,-0.001207,0.003525,0.00043
0,-0.17478,0.201159,0.018598,0.152782,-0.022649,0.165332,0.00305,0.003511
0,-0.118954,0.160103,0.057142,-0.055004,0.099871,-0.040219,0.002076,0.002794
0,-0.284853,0.081022,-0.18573,-0.051401,-0.233485,-0.059599,0.004972,0.001414
0,-0.216534,0.009935,0.08867,-0.090861,0.060822,-0.118605,0.003779,0.000173
0,-0.218822,0.14451,-0.023487,0.1183,-0.03652,0.167392,0.003819,0.002522
0,-0.028341,0.035581,0.175968,-0.131001,0.221955,-0.130248,0.000495,0.000621
0,-0.194555,0.150516,-0.144001,0.12083,-0.104642,0.159903,0.003396,0.002627
0,-0.233488,-0.04066,-0.016398,-0.16493,-0.04977,-0.197112,0.004075,0.00071
0,-0.274321,-0.051003,-0.050253,-0.008016,-0.083214,0.027855,0.004788,0.00089
0,-0.316836,0.107241,-0.050017,0.131942,-0.023237,0.144278,0.00553,0.001872
0,-0.248557,0.000804,0.075654,-0.131356,0.077024,-0.167703,0.004338,1.4e-05
0,-0.086852,0.04126,0.140247,0.04243,0.101797,0.090697,0.001516,0.00072
0,-0.071875,0.099706,0.035077,0.041242,0.023679,0.077707,0.001254,0.00174
0,-0.075985,0.165069,-0.016958,0.066712,-0.036149,0.027215,0.001326,0.002881
0,-0.328407,-0.077499,-0.246616,-0.232994,-0.229874,-0.267896,0.005732,0.001353
0,-0.098402,0.115223,0.203282,0.196899,0.218995,0.16915,0.001717,0.002011
0,-0.119239,0.167084,-0.013342,0.03436,0.004243,-0.001341,0.002081,0.002916
0,0.021046,-0.114151,0.123649,-0.303362,0.093763,-0.305816,0.000367,0.001992
0,-0.091147,-0.067667,-0.13865,0.075184,-0.149732,0.113839,0.001591,0.001181
0,-0.039621,-0.07499,0.070185,-0.001537,0.112815,0.01125,0.000692,0.001309
0,-0.153961,0.025244,-0.130757,0.08192,-0.144319,0.11243,0.002687,0.000441
0,0.007896,0.078276,0.17991,0.04426,0.178507,0.0238,0.000138,0.001366
0,-0.200779,0.145631,-0.200678,0.037681,-0.212904,0.052611,0.003504,0.002542
0,-0.204342,-0.062969,0.001272,-0.180106,0.020711,-0.22637,0.003566,0.001099
0,-0.129061,-0.136187,0.061583,-0.052565,0.015965,-0.041991,0.002253,0.002377
0,-0.04731,0.151303,0.083265,0.261484,0.082773,0.222771,0.000826,0.002641
0,-0.204603,-0.090321,-0.160321,-0.225498,-0.111946,-0.208191,0.003571,0.001576
0,-0.149196,0.009371,0.075414,0.124599,0.039406,0.109827,0.002604,0.000164
0,0.130254,0.176797,0.267299,0.160077,0.257928,0.121437,0.002273,0.003086
0,-0.073801,0.091887,-0.213313,-0.087446,-0.215765,-0.048758,0.001288,0.001604
0,-0.177352,0.081243,-0.087594,-0.024691,-0.13669,-0.00274,0.003095,0.001418
0,-0.011426,-0.093195,0.15346,-0.168993,0.174894,-0.170871,0.000199,0.001627
0,0.083805,-0.112439,0.090018,-0.047837,0.073723,-0.069589,0.001463,0.001962
0,0.095459,-0.039261,0.010479,0.086646,-0.028809,0.099189,0.001666,0.000685
0,0.122538,0.154779,0.027128,0.192845,-0.013581,0.219844,0.002139,0.002701
0,0.142468,0.186074,0.014073,0.027978,-0.013859,0.000193,0.002487,0.003248
0,0.028054,-0.055891,-0.086458,-0.227199,-0.117363,-0.236189,0.00049,0.000975
0,0.106506,0.033165,0.104503,0.110164,0.143019,0.157725,0.001859,0.000579
0,-0.024771,0.01665,-0.112352,-0.009558,-0.073486,-0.052265,0.000432,0.000291
0,0.101784,0.06256,0.129359,0.047612,0.083146,0.011685,0.001776,0.001092
0,0.046445,0.012564,-0.030025,-0.058748,0.019517,-0.052836,0.000811,0.000219
0,-0.121795,0.154443,-0.158439,0.164748,-0.197676,0.117783,0.002126,0.002696
0,-0.079794,0.167323,0.058335,-0.00411,0.022311,-0.004668,0.001393,0.00292
0,0.029544,0.151498,0.133434,0.007274,0.117032,0.005002,0.000516,0.002644
0,0.026493,0.1498,-0.020415,-0.023308,0.00463,0.006728,0.000462,0.002615
0,0.006435,-0.059004,-0.007456,-0.202237,-0.020576,-0.163293,0.000112,0.00103
0,0.052591,0.11241,0.025546,0.175442,0.067984,0.181402,0.000918,0.001962
0,0.062019,0.135929,0.038839,0.016647,0.043149,-0.014535,0.001082,0.002372
0,0.087171,0.102794,0.031787,-0.052237,0.078612,-0.023027,0.001521,0.001794
0,-0.157232,0.020364,-0.26048,-0.081169,-0.243701,-0.082623,0.002744,0.000355
0,-0.142512,0.049634,0.000651,0.030769,-0.000949,0.046237,0.002487,0.000866
0,0.010951,0.091584,0.142119,0.04549,0.141132,0.086903,0.000191,0.001598
0,0.074692,0.004434,0.070842,-0.09643,0.081426,-0.102161,0.001304,7.7e-05
0,0.099132,-0.084059,0.042735,-0.074613,0.063946,-0.093082,0.00173,0.001467
0,0.174148,0.080123,0.087454,0.191847,0.104862,0.189253,0.003039,0.001398
0,0.146756,0.138958,-0.007279,0.035524,0.003174,0.068011,0.002561,0.002425
0,0.109965,0.16106,-0.022365,0.037077,0.007206,0.039393,0.001919,0.002811
0,-0.114496,0.008665,-0.202107,-0.127545,-0.245654,-0.112126,0.001998,0.000151
0,-0.000395,0.111641,0.120986,0.085968,0.094502,0.082569,7e-06,0.001948
0,-0.112614,0.110231,-0.102241,-0.02294,-0.060635,0.021432,0.001965,0.001924
0,0.15905,0.190004,0.272111,0.050857,0.291989,0.042058,0.002776,0.003316
0,0.185518,-0.089126,0.034876,-0.258973,0.007581,-0.302118,0.003238,0.001556
0,0.005647,0.118442,-0.196263,0.17995,-0.231483,0.176318,9.9e-05,0.002067
0,0.087447,0.093328,0.065267,-0.002245,0.101121,-0.024659,0.001526,0.001629
0,0.070902,0.007915,-0.003576,-0.085819,-0.018011,-0.127225,0.001237,0.000138
0,-0.007734,0.134702,-0.105607,0.121467,-0.100787,0.096803,0.000135,0.002351
0,-0.07395,0.043922,-0.046972,-0.120088,-0.018853,-0.114662,0.001291,0.000767
0,0.108691,-0.057711,0.156925,-0.08139,0.124182,-0.123147,0.001897,0.001007
0,0.087147,0.130842,-0.036524,0.192659,-0.057717,0.242143,0.001521,0.002284
0,0.08831,0.036914,-0.02607,-0.098582,0.020889,-0.086248,0.001541,0.000644
0,0.021693,0.120141,-0.050206,0.064235,-0.015846,0.023075,0.000379,0.002097
0,-0.003821,0.097382,-0.042363,-0.005977,-0.06974,0.040526,6.7e-05,0.0017
0,-0.027925,0.007023,-0.028049,-0.06247,-0.003438,-0.084256,0.000487,0.000123
0,0.166048,0.092138,0.164461,0.104924,0.213065,0.153237,0.002898,0.001608
0,0.181881,0.087088,-0.00473,-0.016056,0.023908,0.028888,0.003174,0.00152
0,0.82382,-0.119516,0.664804,-0.192259,0.622706,-0.167626,0.002627,0.002086
0,1.061215,-0.35271,0.244236,-0.243831,0.225562,-0.213842,0.004982,0.005596
0,1.232886,-0.01839,0.165812,0.317186,0.13752,0.268359,0.001985,0.000321
0,1.068008,-0.073839,-0.190772,-0.049229,-0.197295,-0.053055,0.004863,0.001289
0,0.680276,-0.060791,-0.370212,0.019753,-0.330085,0.02097,0.000121,0.001061
0,0.488458,-0.150333,-0.179087,-0.063487,-0.150776,-0.04963,0.003227,0.002624
0,0.299884,0.011302,-0.217427,0.131904,-0.267286,0.130225,0.005234,0.000197
0,0.239543,0.03702,-0.089017,0.009339,-0.111973,0.031058,0.004181,0.000646
0,0.144147,0.047725,-0.10329,0.033488,-0.14371,0.007343,0.002516,0.000833
0,0.238971,-0.063878,0.067731,-0.119829,0.069208,-0.161328,0.004171,0.001115
0,0.024022,-0.114915,-0.240655,-0.078094,-0.222137,-0.034419,0.000419,0.002006
0,-0.045462,-0.119331,-0.095807,0.010008,-0.075886,0.003838,0.000793,0.002083
0,0.035,-0.225282,0.076478,-0.09947,0.047666,-0.149124,0.000611,0.003932
0,0.03184,-0.089987,0.025593,0.151615,0.02102,0.142213,0.000556,0.001571
0,0.005008,-0.186585,-0.008776,-0.1085,-0.024294,-0.132364,8.7e-05,0.003257
0,0.047179,-0.166038,0.065298,-0.002239,0.075164,-0.004867,0.000823,0.002898
0,-0.079516,-0.139581,-0.145781,0.030044,-0.192184,-0.011609,0.001388,0.002436
0,0.032039,-0.19209,0.081687,-0.046194,0.050971,-0.015586,0.000559,0.003353
0,0.081954,-0.135313,0.060212,0.085442,0.034885,0.092084,0.00143,0.002362
0,-0.107428,-0.105502,-0.200587,0.035756,-0.197343,0.021513,0.001875,0.001841
0,0.132784,-0.227698,0.227535,-0.142644,0.27129,-0.106698,0.002318,0.003974
0,0.121304,-0.230413,-0.014038,-0.010143,-0.02889,-0.003096,0.002117,0.004021
0,0.07361,0.033375,-0.031173,0.264092,-0.006529,0.225487,0.001285,0.000582
0,0.055261,-0.147016,-0.035664,-0.19022,-0.02846,-0.165147,0.000964,0.002566
0,-0.039743,-0.220497,-0.082024,-0.095572,-0.040228,-0.083083,0.000694,0.003848
0,0.1445,-0.132787,0.195053,0.074231,0.231789,0.032993,0.002522,0.002318
0,0.122246,0.02392,-0.008546,0.164533,0.017597,0.153804,0.002134,0.000417
0,-0.006652,0.012646,-0.140853,0.012858,-0.141323,-0.018474,0.000116,0.000221
0,-0.080971,0.038875,-0.051636,0.051571,-0.02865,0.016977,0.001413,0.000679
0,0.092734,-0.011242,0.188737,-0.065222,0.179444,-0.060177,0.001619,0.000196
0,0.143035,-0.099826,0.032758,-0.10434,0.060542,-0.151968,0.002496,0.001742
0,0.063092,-0.161332,-0.050354,-0.069244,-0.032661,-0.045224,0.001101,0.002816
0,-0.035273,-0.184918,-0.075775,-0.027427,-0.036142,-0.001815,0.000616,0.003227
0,0.089846,-0.041892,0.121725,0.154383,0.098854,0.147275,0.001568,0.000731
0,0.061845,0.032828,-0.038634,0.062193,-0.068019,0.044427,0.001079,0.000573
0,0.035182,0.107113,-0.020966,0.058024,-0.059894,0.039785,0.000614,0.001869
0,-0.01484,0.056216,-0.068303,-0.060252,-0.101102,-0.090636,0.000259,0.000981
0,-0.107828,-0.152859,-0.1217,-0.203716,-0.170755,-0.187876,0.001882,0.002668
0,-0.183059,0.09886,-0.092645,0.253658,-0.062944,0.217719,0.003195,0.001725
0,0.068199,-0.139037,0.237027,-0.26579,0.28607,-0.225935,0.00119,0.002427
0,0.062354,0.070686,-0.008954,0.205946,0.017569,0.219499,0.001088,0.001234
0,-0.144275,0.010233,-0.232333,-0.07102,-0.224736,-0.087807,0.002518,0.000179
0,0.040721,-0.124924,0.185011,-0.142224,0.168078,-0.174076,0.000711,0.00218
0,-0.222994,-0.112253,-0.251712,-0.005295,-0.294066,0.011553,0.003892,0.001959
0,-0.12446,-0.211186,0.070148,-0.081049,0.057558,-0.126352,0.002172,0.003686
0,-0.048712,-0.086414,0.055781,0.134468,0.062923,0.098894,0.00085,0.001508
0,-0.188717,0.046671,-0.163533,0.108662,-0.15512,0.064166,0.003294,0.000815
0,-0.079215,-0.072472,0.133293,-0.131601,0.126129,-0.152731,0.001383,0.001265
0,-0.176367,-0.065837,-0.093677,0.025751,-0.102025,0.06866,0.003078,0.001149
0,0.00599,-0.123923,0.152697,-0.082902,0.106716,-0.102866,0.000105,0.002163
0,0.029144,0.046631,-0.006286,0.169002,0.016614,0.128799,0.000509,0.000814
0,0.040753,-0.053291,-0.014514,-0.123177,-0.023238,-0.171009,0.000711,0.00093
0,-0.08701,-0.007407,-0.155002,0.017313,-0.15373,0.034995,0.001519,0.000129
0,0.086392,-0.093381,0.177393,-0.10802,0.221495,-0.152094,0.001508,0.00163
0,0.105656,0.025389,0.018526,0.093896,-0.026748,0.094471,0.001844,0.000443
0,0.145792,-0.170513,0.022283,-0.209492,0.007396,-0.24075,0.002545,0.002976
0,0.041873,0.087625,-0.133062,0.269816,-0.110543,0.26005,0.000731,0.001529
0,0.012889,0.029013,-0.009943,-0.077301,0.01553,-0.122235,0.000225,0.000506
0,-0.095197,0.005334,-0.082358,-0.020219,-0.073645,-0.027544,0.001661,9.3e-05
0,0.119794,-0.033623,0.19614,-0.037886,0.181078,-0.044581,0.002091,0.000587
0,-0.080413,-0.131297,-0.193302,-0.083414,-0.240789,-0.103078,0.001403,0.002292
0,-0.00769,-0.160309,0.093468,-0.050998,0.113899,-0.0445,0.000134,0.002798
0,0.069229,0.059322,0.054147,0.22668,0.036459,0.225196,0.001208,0.001035
0,-0.175428,-0.007484,-0.271189,-0.069807,-0.296421,-0.056572,0.003062,0.000131
0,-0.025584,0.00209,0.173253,0.027779,0.178837,0.034219,0.000447,3.6e-05
0,-0.121802,-0.015102,-0.088532,-0.005059,-0.110626,0.023015,0.002126,0.000264
0,-0.01577,-0.085974,0.125758,-0.064275,0.17173,-0.093082,0.000275,0.001501
0,0.048802,-0.133561,0.069809,-0.026892,0.035838,-0.043842,0.000852,0.002331
0,0.034562,-0.034424,-0.004113,0.081788,-0.023386,0.121825,0.000603,0.000601
0,-0.145863,0.020636,-0.171692,0.058808,-0.211651,0.093889,0.002546,0.00036
0,-0.142186,-0.04751,0.021046,-0.094358,0.046977,-0.072644,0.002482,0.000829
0,0.057245,-0.08086,0.215933,-0.045348,0.191907,-0.072721,0.000999,0.001411
0,-0.004775,-0.140268,-0.062139,-0.083241,-0.111144,-0.1092,8.3e-05,0.002448
0,0.081948,0.005998,0.078067,0.144461,0.107285,0.117696,0.00143,0.000105
0,0.106449,0.09343,0.007786,0.06613,0.024133,0.074638,0.001858,0.001631
0,-0.059548,-0.017445,-0.141238,-0.099914,-0.141868,-0.103493,0.001039,0.000304
0,0.194039,0.027827,0.224678,0.054202,0.188851,0.077745,0.003387,0.000486
0,0.11407,-0.083812,-0.077015,-0.126962,-0.119271,-0.170093,0.001991,0.001463
0,0.193715,-0.063371,0.065623,0.012153,0.09668,0.010626,0.003381,0.001106
0,0.175195,-0.170231,-0.048446,-0.084205,-0.087762,-0.039933,0.003058,0.002971
0,-0.077979,-0.17393,-0.254056,-0.024434,-0.210456,-0.042008,0.001361,0.003036
0,0.112249,-0.031237,0.17741,0.114605,0.188176,0.118062,0.001959,0.000545
0,-0.076802,-0.16125,-0.186641,-0.115881,-0.137971,-0.07858,0.00134,0.002814
0,0.077869,-0.028949,0.181406,0.119007,0.140705,0.129083,0.001359,0.000505
0,-0.090491,-0.008918,-0.145529,0.014913,-0.160193,0.063974,0.001579,0.000156
0,-0.162432,-0.114045,-0.054592,-0.130295,-0.035429,-0.112728,0.002835,0.00199
0,0.08183,-0.129729,0.238582,-0.039386,0.275142,-0.026654,0.001428,0.002264
0,0.092537,-0.039871,0.030676,0.094264,0.027579,0.091077,0.001615,0.000696
0,-0.08088,-0.012007,-0.151724,0.004866,-0.194498,-0.02806,0.001412,0.00021
0,0.080075,-0.121528,0.185226,-0.109538,0.206979,-0.070897,0.001398,0.002121
0,-0.13527,-0.149147,-0.244314,-0.034359,-0.227914,0.006709,0.002361,0.002603
0,-0.112973,-0.002699,0.047582,0.136615,0.053436,0.169637,0.001972,4.7e-05
0,-0.103811,0.032377,-0.008269,0.016687,-0.019293,0.032872,0.001812,0.000565
0,-0.113048,0.082679,-0.011615,0.028141,0.007308,0.023559,0.001973,0.001443
0,-0.127382,0.055936,-0.017235,-0.015749,-0.048767,-0.050264,0.002223,0.000976
0,-0.144004,-0.107705,-0.027232,-0.16473,-0.047941,-0.152458,0.002513,0.00188
0,0.039489,0.080216,0.171375,0.181956,0.159607,0.224891,0.000689,0.0014
0,-0.115727,-0.007433,-0.149308,-0.087045,-0.189393,-0.098792,0.00202,0.00013
0,-0.000507,-0.096375,0.093803,-0.093109,0.116195,-0.139923,9e-06,0.001682
0,0.078845,-0.08642,0.102701,-0.019676,0.088219,0.020541,0.001376,0.001508
0,-0.113373,-0.137812,-0.184742,-0.052385,-0.178701,-0.018561,0.001979,0.002405
0,-0.089198,-0.052655,0.008071,0.096085,0.039525,0.088523,0.001557,0.000919
0,0.01388,-0.047571,0.099513,-0.004524,0.094714,0.024198,0.000242,0.00083
0,-0.062503,-0.163036,-0.097717,-0.110921,-0.052315,-0.107407,0.001091,0.002846
0,-0.246709,-0.114669,-0.199712,0.02356,-0.168803,-0.026411,0.004306,0.002001
0,0.013642,-0.075168,0.270179,0.069413,0.280134,0.058201,0.000238,0.001312
0,-0.10821,-0.024737,-0.132509,0.077963,-0.163959,0.051554,0.001889,0.000432
0,-0.101636,-0.171063,-0.019919,-0.139177,-0.044294,-0.105179,0.001774,0.002986
0,-0.058154,0.074907,0.024296,0.250744,-0.022757,0.22927,0.001015,0.001307
0,-0.045824,-0.186961,-0.012317,-0.27231,0.003279,-0.284836,0.0008,0.003263
0,0.071718,-0.172326,0.089091,0.031981,0.077244,-0.008667,0.001252,0.003008
0,0.095915,-0.04278,0.0512,0.154942,0.015792,0.145755,0.001674,0.000747
0,-0.024406,0.007117,-0.118408,0.039417,-0.152981,0.000168,0.000426,0.000124
0,0.002108,0.003182,0.000149,0.001646,-0.040641,0.048626,3.7e-05,5.6e-05
0,0.097229,-0.141412,0.08748,-0.136688,0.105417,-0.108472,0.001697,0.002468
0,0.098586,-0.089375,0.028429,0.04776,-0.018972,0.003988,0.001721,0.00156
0,-0.121015,0.074905,-0.205715,0.166389,-0.183816,0.184639,0.002112,0.001307
0,-0.023699,0.046038,0.078949,-0.04166,0.037249,-0.022689,0.000414,0.000804
0,0.068892,-0.112676,0.067,-0.167615,0.052664,-0.171969,0.001202,0.001967
0,0.126867,0.094823,0.072056,0.224526,0.118118,0.274154,0.002214,0.001655
0,-0.134713,-0.139033,-0.272882,-0.246262,-0.258154,-0.20314,0.002351,0.002427
0,0.035537,-0.081866,0.144033,0.052844,0.134112,0.003224,0.00062,0.001429
0,0.121765,0.123108,0.111939,0.205037,0.101546,0.161893,0.002125,0.002149
0,0.013683,0.059783,-0.086159,-0.03467,-0.115413,-0.050389,0.000239,0.001043
0,0.110061,0.031697,0.080284,-0.005548,0.084598,-0.01495,0.001921,0.000553
0,-0.033091,-0.11167,-0.126735,-0.160226,-0.15126,-0.18565,0.000578,0.001949
0,0.067322,-0.025262,0.10708,0.073214,0.096836,0.066376,0.001175,0.000441
0,-0.009648,-0.006595,-0.074664,0.01378,-0.030996,0.03726,0.000168,0.000115
0,0.088187,-0.193895,0.104133,-0.200453,0.067197,-0.183285,0.001539,0.003384
0,0.063687,-0.13286,-0.017887,0.034777,-0.040566,0.063233,0.001112,0.002319
0,-0.137727,0.004248,-0.217883,0.121483,-0.175748,0.163479,0.002404,7.4e-05
0,-0.023033,-0.083246,0.136865,-0.082461,0.106061,-0.073032,0.000402,0.001453
0,0.040577,-0.08485,0.064118,0.007829,0.032288,-0.000266,0.000708,0.001481
0,-0.00113,-0.066994,-0.048886,0.040021,-0.046995,-0.001376,2e-05,0.001169
0,0.021272,-0.063117,-0.006861,0.00586,-0.006881,0.001896,0.000371,0.001102
0,0.047493,-0.135871,0.046259,-0.077769,0.044117,-0.097663,0.000829,0.002371
0,0.00563,-0.062799,-0.049534,0.09602,-0.050193,0.130545,9.8e-05,0.001096
0,-0.068779,-0.091306,-0.069756,-0.053745,-0.058595,-0.031003,0.0012,0.001594
0,0.070094,-0.086565,0.138871,0.003994,0.114113,-0.008626,0.001223,0.001511
0,-0.018347,0.060606,-0.060598,0.126669,-0.053363,0.076998,0.00032,0.001058
0,-0.096835,0.088662,-0.085022,0.014322,-0.125042,-0.008516,0.00169,0.001547
0,0.029331,-0.084806,0.136435,-0.15203,0.184582,-0.196361,0.000512,0.00148
0,0.114864,-0.097013,0.101528,-0.029914,0.056328,-0.012552,0.002005,0.001693
0,0.083079,-0.009157,-0.026747,0.109653,0.006203,0.150338,0.00145,0.00016
0,-0.048142,0.117474,-0.155907,0.119734,-0.110498,0.114172,0.00084,0.00205
0,-0.084656,0.051673,-0.060608,-0.038592,-0.088384,-0.033151,0.001478,0.000902
0,-0.068007,0.122125,0.038865,0.083886,0.050008,0.040512,0.001187,0.002131
0,-0.18092,0.004531,-0.136992,-0.145351,-0.097875,-0.15793,0.003158,7.9e-05
0,-0.09863,-0.082438,0.077594,-0.068377,0.092501,-0.085466,0.001721,0.001439
0,-0.120965,0.127086,-0.051366,0.192206,-0.046945,0.207121,0.002111,0.002218
0,-0.024894,0.094439,0.102057,-0.057304,0.05886,-0.0231,0.000434,0.001648
0,-0.092518,0.123695,-0.065347,0.01526,-0.039142,-0.00964,0.001615,0.002159
0,-0.055986,0.090499,0.064406,-0.048197,0.086412,-0.033953,0.000977,0.00158
0,-0.003618,-0.118348,0.040531,-0.204287,0.001657,-0.204602,6.3e-05,0.002066
0,-0.229315,0.123549,-0.255432,0.222206,-0.213407,0.225675,0.004002,0.002156
0,-0.151719,0.044817,0.093448,-0.061771,0.140889,-0.083026,0.002648,0.000782
0,-0.053888,-0.1153,0.087035,-0.179623,0.085405,-0.20981,0.000941,0.002012
0,-0.050687,0.012652,0.0313,0.105738,0.016785,0.11629,0.000885,0.000221
0,-0.105504,-0.126254,-0.052007,-0.133223,-0.046213,-0.140824,0.001841,0.002204
0,-0.179451,-0.158117,-0.100885,-0.040824,-0.089022,-0.008914,0.003132,0.00276
0,-0.26188,-0.129409,-0.074603,0.028593,-0.080476,0.029159,0.004571,0.002259
0,-0.304305,0.12739,-0.043415,0.254948,-0.055065,0.242419,0.005311,0.002223
0,-0.132137,0.120906,0.177685,-0.028951,0.157056,0.016924,0.002306,0.00211
0,-0.160275,0.179287,-0.017237,0.062394,0.016749,0.053977,0.002797,0.003129
0,-0.058243,-0.139539,0.083985,-0.33603,0.050611,-0.312376,0.001017,0.002435
0,-0.357236,-0.060714,-0.307036,0.051768,-0.340803,0.025906,0.005517,0.00106
0,-0.245056,-0.011369,0.120759,0.060301,0.082463,0.091592,0.004277,0.000198
0,-0.074949,0.021511,0.176856,0.058314,0.184776,0.076489,0.001308,0.000375
0,-0.045495,-0.077082,0.056815,-0.119384,0.053568,-0.112095,0.000794,0.001345
0,-0.222926,-0.037974,-0.197291,0.058355,-0.221275,0.041885,0.003891,0.000663
0,-0.248204,0.012865,-0.001217,0.070514,-0.019867,0.094161,0.004332,0.000225
0,-0.209282,0.084881,0.03011,0.058537,0.028741,0.052652,0.003653,0.001481
0,-0.153058,0.114022,0.077959,0.036198,0.092571,0.023363,0.002671,0.00199
0,-0.04659,0.101848,0.13177,-0.005945,0.106535,0.036555,0.000813,0.001778
0,0.075384,0.068334,0.119111,-0.00798,0.159926,-0.04258,0.001316,0.001193
0,-0.020462,0.093869,-0.06679,0.016109,-0.072504,0.011917,0.000357,0.001638
0,-0.111079,0.025658,-0.11459,-0.092257,-0.109793,-0.042494,0.001939,0.000448
0,-0.183099,-0.115651,-0.058345,-0.111381,-0.061376,-0.103811,0.003196,0.002018
0,0.012658,-0.041022,0.208338,0.099072,0.177447,0.084008,0.000221,0.000716
0,-0.16712,-0.120484,-0.156856,-0.070627,-0.114093,-0.09286,0.002917,0.002103
0,-0.194718,-0.025999,-0.028635,0.10318,-0.035982,0.122521,0.003398,0.000454
0,-0.126568,0.043771,0.087669,0.048944,0.124094,0.076994,0.002209,0.000764
0,-0.146982,-0.144852,-0.041339,-0.192748,-0.020188,-0.143109,0.002565,0.002528
0,0.018131,-0.132835,0.166084,-0.003705,0.159866,-0.050452,0.000316,0.002318
0,-0.088107,0.056361,-0.124133,0.189266,-0.133052,0.169689,0.001538,0.000984
0,-0.112274,-0.156436,-0.002156,-0.188037,-0.029093,-0.222872,0.00196,0.00273
0,-0.007436,0.098784,0.122419,0.232517,0.074742,0.210564,0.00013,0.001724
0,0.104238,-0.129279,0.094729,-0.248529,0.120695,-0.232526,0.001819,0.002256
0,-0.06216,-0.109378,-0.139684,0.042896,-0.152369,0.073779,0.001085,0.001909
0,-0.091708,-0.095379,-0.03219,0.020818,-0.057622,0.04586,0.001601,0.001665
0,-0.024567,0.025981,0.075567,0.117947,0.091095,0.10024,0.000429,0.000453
0,-0.022202,-0.114694,-0.019443,-0.134332,-0.024202,-0.179584,0.000387,0.002002
0,-0.144431,0.087973,-0.126286,0.229552,-0.167345,0.188462,0.002521,0.001535
0,0.047268,0.050588,0.164424,-0.058299,0.160329,-0.026933,0.000825,0.000883
0,-0.142635,-0.044141,-0.197717,-0.070464,-0.161381,-0.059781,0.002489,0.00077
0,-0.069289,0.096952,0.069863,0.1556,0.019958,0.138281,0.001209,0.001692
0,0.10838,0.153823,0.155683,0.068589,0.201301,0.105315,0.001892,0.002685
0,-0.089381,0.085857,-0.225155,-0.061211,-0.234247,-0.069788,0.00156,0.001498
0,-0.084698,-0.069954,-0.015069,-0.157471,-0.024881,-0.13548,0.001478,0.001221
0,-0.034888,-0.053086,0.036413,0.02512,0.045117,0.010709,0.000609,0.000927
0,-0.112914,-0.135649,-0.06486,-0.09957,-0.038129,-0.108809,0.001971,0.002368
0,-0.019742,0.029635,0.105323,0.190133,0.065516,0.215532,0.000345,0.000517
0,-0.171455,0.014046,-0.125639,-0.039023,-0.161703,-0.086719,0.002992,0.000245
0,-0.087861,-0.07655,0.106424,-0.095555,0.071458,-0.079058,0.001533,0.001336
0,-0.104795,-0.01099,0.012221,0.093795,-0.02038,0.073969,0.001829,0.000192
0,-0.057935,0.043694,0.043376,0.041375,0.082112,0.026943,0.001011,0.000763
0,-0.146246,-0.074056,-0.083888,-0.113472,-0.062827,-0.135863,0.002552,0.001293
0,-0.132165,-0.065427,-0.013698,0.018793,0.009841,-0.030248,0.002307,0.001142
0,0.010874,0.124434,0.145905,0.17287,0.142773,0.189837,0.00019,0.002172
0,-0.037247,0.197772,-0.034624,0.086546,-0.066286,0.08965,0.00065,0.003452
0,0.146253,0.066585,0.180565,-0.112788,0.207803,-0.157895,0.002553,0.001162
0,-0.142151,0.18306,-0.312843,0.135868,-0.332217,0.135828,0.002481,0.003195
0,-0.038947,0.150675,0.081229,-0.028338,0.093639,-0.07466,0.00068,0.00263
0,-0.128804,0.007002,-0.106728,-0.136433,-0.078177,-0.100679,0.002248,0.000122
0,-0.010798,0.063779,0.097918,0.04668,0.052656,0.072939,0.000188,0.001113
0,0.062627,-0.023581,0.068194,-0.11065,0.078191,-0.157453,0.001093,0.000412
0,0.131142,-0.089654,0.083026,-0.096057,0.132831,-0.060057,0.002289,0.001565
0,-0.088288,0.04877,-0.197869,0.126529,-0.1499,0.153444,0.001541,0.000851
0,-0.150059,0.012982,-0.049463,-0.055189,-0.00201,-0.021168,0.002619,0.000227
0,0.0952,-0.000413,0.258288,-0.028682,0.228976,-0.030119,0.001662,7e-06
0,-0.138851,-0.003715,-0.237005,0.003249,-0.286942,0.007127,0.002423,6.5e-05
0,0.047493,0.095668,0.192064,0.110986,0.177011,0.088766,0.000829,0.00167
0,-0.036185,-0.097315,-0.082423,-0.217357,-0.053449,-0.192547,0.000632,0.001698
0,0.145197,-0.028482,0.155082,0.043593,0.114776,0.018037,0.002534,0.000497
0,-0.1041,0.018802,-0.238746,0.028442,-0.235036,0.038905,0.001817,0.000328
0,0.164678,-0.057792,0.263264,-0.097374,0.276017,-0.054519,0.002874,0.001009
0,0.077859,-0.039725,-0.087878,0.047554,-0.107011,0.030807,0.001359,0.000693
0,-0.033383,0.173378,-0.101726,0.214093,-0.14246,0.254597,0.000583,0.003026
0,0.073425,-0.046389,0.092013,-0.230542,0.088942,-0.231227,0.001282,0.00081
0,0.110412,0.177019,0.030503,0.232579,0.057384,0.259604,0.001927,0.00309
0,-0.121924,-0.007916,-0.25642,-0.184729,-0.261864,-0.189707,0.002128,0.000138
0,-0.168363,-0.033255,-0.075729,-0.023776,-0.037695,0.021073,0.002938,0.00058
0,0.109407,0.054058,0.254225,0.112821,0.205302,0.071681,0.00191,0.000943
0,-0.102334,0.151647,-0.199848,0.091868,-0.151619,0.068747,0.001786,0.002647
0,-0.047811,0.026706,0.048987,-0.13613,0.090826,-0.099331,0.000834,0.000466
0,-0.060565,0.004169,0.015031,-0.045038,0.048351,-0.03569,0.001057,7.3e-05
0,-0.231348,-0.051518,-0.163633,-0.080227,-0.146906,-0.05316,0.004038,0.000899
0,-0.061976,-0.030003,0.151079,-0.005493,0.192584,0.022199,0.001082,0.000524
0,0.109574,0.152926,0.192197,0.154864,0.225514,0.155768,0.001912,0.002669
0,-0.014942,0.007689,-0.097426,-0.118069,-0.139207,-0.098604,0.000261,0.000134
0,0.013442,0.054557,0.031046,0.040954,0.008672,0.053357,0.000235,0.000952
0,-0.116917,-0.100654,-0.136266,-0.173304,-0.091215,-0.154557,0.002041,0.001757
0,0.066477,0.090498,0.184511,0.169525,0.221703,0.213159,0.00116,0.001579
0,-0.142659,-0.095391,-0.192624,-0.201071,-0.154591,-0.191116,0.00249,0.001665
0,-0.14838,-0.066656,-0.009807,0.037396,-0.057985,0.046374,0.00259,0.001163
0,-0.013767,0.073758,0.113146,0.154303,0.088656,0.165215,0.00024,0.001287
0,0.027691,0.029633,0.026766,-0.062244,0.0561,-0.09718,0.000483,0.000517
0,0.134523,0.136582,0.079611,0.126345,0.075518,0.106472,0.002348,0.002384
0,0.132511,-0.104208,-0.00971,-0.248568,0.039894,-0.231335,0.002313,0.001819
0,0.054529,0.044119,-0.104404,0.172481,-0.144862,0.177975,0.000952,0.00077
0,-0.023018,0.025632,-0.078513,0.004857,-0.045434,0.020034,0.000402,0.000447
0,-0.014544,0.206636,0.011271,0.193689,0.01362,0.217962,0.000254,0.003606
0,-0.074674,0.153324,-0.031714,-0.043412,0.014512,-0.031817,0.001303,0.002676
0,0.180382,-0.0271,0.227446,-0.163523,0.26037,-0.175707,0.003148,0.000473
0,-0.034315,-0.010508,-0.227629,-0.00626,-0.270406,-0.053052,0.000599,0.000183
0,0.228033,-0.032217,0.268584,-0.012882,0.24078,1.7e-05,0.00398,0.000562
0,0.194507,0.029432,-0.059013,0.050492,-0.012135,0.098655,0.003395,0.000514
0,0.181072,-0.020206,-0.040318,-0.063105,-0.020667,-0.083352,0.00316,0.000353
0,0.168195,0.145622,-0.024102,0.169859,-0.020583,0.181227,0.002936,0.002542
0,0.108865,0.094442,-0.044505,-0.068228,-0.072151,-0.102393,0.0019,0.001648
0,0.102926,0.117064,-0.005359,-0.00118,-0.041493,-0.020871,0.001796,0.002043
0,0.142318,0.173044,0.05631,0.036422,0.031218,-0.009542,0.002484,0.00302
0,-0.046632,-0.100379,-0.187304,-0.256702,-0.197626,-0.257007,0.000814,0.001752
0,0.078389,0.075415,0.136085,0.151854,0.172745,0.178216,0.001368,0.001316
0,0.10935,-0.118408,0.023902,-0.168559,0.071765,-0.139036,0.001909,0.002067
0,0.088914,-0.016343,-0.03838,0.075516,-0.032646,0.05673,0.001552,0.000285
0,0.026924,0.127952,-0.071271,0.15354,-0.102148,0.185286,0.00047,0.002233
0,0.207834,-0.131447,0.172127,-0.235175,0.162094,-0.19968,0.003627,0.002294
0,0.266001,-0.059308,0.072183,0.051536,0.119109,0.03518,0.004643,0.001035
0,0.028866,0.141826,-0.230285,0.179655,-0.279341,0.170371,0.000504,0.002475
0,0.346295,0.127792,0.344363,-0.03269,0.367168,-0.073416,0.005708,0.00223
0,0.229522,0.057516,-0.108985,-0.079426,-0.087799,-0.121237,0.004006,0.001004
0,0.190076,0.171165,-0.038018,0.133828,-0.082684,0.126982,0.003317,0.002987
0,0.151739,0.083735,-0.061451,-0.109784,-0.011997,-0.107048,0.002648,0.001461
0,0.27242,0.00663,0.097929,-0.052271,0.063172,-0.05852,0.004755,0.000116
0,0.256258,0.167953,-0.016712,0.133618,-0.063555,0.115017,0.004473,0.002931
0,0.230501,0.094699,-0.046105,-0.049444,-0.003556,-0.065727,0.004023,0.001653
0,-0.001582,0.12153,-0.230989,0.032663,-0.213603,0.055676,2.8e-05,0.002121
0,0.131441,0.03493,0.134496,-0.09205,0.165876,-0.102436,0.002294,0.00061
0,0.08886,-0.01592,-0.029178,-0.066751,-0.013639,-0.079932,0.001551,0.000278
0,-0.009769,0.089416,-0.106616,0.086046,-0.109643,0.111829,0.00017,0.001561
0,0.154938,0.100442,0.156075,0.003506,0.110346,-0.003148,0.002704,0.001753
0,-0.016169,0.07619,-0.141994,-0.00357,-0.150739,-0.017223,0.000282,0.00133
0,0.033528,0.157068,0.025589,0.089151,-0.006927,0.088339,0.000585,0.002741
0,0.002904,-0.093809,-0.060571,-0.234135,-0.07851,-0.220665,5.1e-05,0.001637
0,0.108995,0.169718,0.0878,0.263096,0.095422,0.225456,0.001902,0.002962
0,0.150648,0.12473,0.022434,-0.041677,-0.008262,0.006927,0.002629,0.002177
0,0.196429,-0.056771,0.032863,-0.166991,0.061071,-0.199322,0.003428,0.000991
0,0.096125,0.09633,-0.106095,0.168628,-0.090624,0.131739,0.001678,0.001681
0,0.047568,-0.011025,-0.03201,-0.09986,-0.040772,-0.068805,0.00083,0.000192
0,0.167643,-0.120525,0.130129,-0.13384,0.123549,-0.153888,0.002926,0.002104
0,0.156231,-0.10784,-0.027161,-0.014957,-0.035924,-0.039652,0.002727,0.001882
0,-0.11247,-0.043983,-0.274822,0.053696,-0.284621,0.037581,0.001963,0.000768
0,0.009051,-0.070661,0.151327,-0.04681,0.195841,-0.072621,0.000158,0.001233
0,0.111886,-0.125122,0.110188,-0.025307,0.067091,-0.04966,0.001953,0.002184
0,0.00459,0.083926,-0.097486,0.205704,-0.070706,0.20822,8e-05,0.001465
0,-0.04479,-0.026672,-0.06024,-0.113213,-0.050667,-0.068072,0.000782,0.000466
0,0.152073,-0.185784,0.184784,-0.140877,0.166518,-0.126826,0.002654,0.003243
0,0.00635,0.063584,-0.128045,0.27839,-0.08863,0.239841,0.000111,0.00111
0,0.082548,0.031947,0.054249,-0.005324,0.043688,-0.026693,0.001441,0.000558
0,-0.155138,0.086886,-0.239247,0.073538,-0.249575,0.072583,0.002708,0.001516
0,-0.147874,0.085581,0.018767,0.003821,0.058528,-0.029583,0.002581,0.001494
0,-0.027747,-0.032955,0.099425,-0.106589,0.148945,-0.090951,0.000484,0.000575
0,0.028258,-0.047959,0.031803,-0.015654,0.009354,-0.063287,0.000493,0.000837
0,-0.014765,-0.156433,-0.037575,-0.116192,-0.00661,-0.161011,0.000258,0.00273
0,-0.043819,0.014988,-0.046757,0.191147,-0.069119,0.188074,0.000765,0.000262
0,-0.035342,-0.09242,0.038455,-0.136054,0.072541,-0.153128,0.000617,0.001613
0,-0.118934,-0.006737,-0.058668,0.104338,-0.106517,0.059014,0.002076,0.000118
0,-0.080395,0.130276,0.056911,0.125093,0.072927,0.157333,0.001403,0.002274
0,-0.085646,-0.093622,-0.029453,-0.204243,-0.004315,-0.251911,0.001495,0.001634
0,-0.070591,0.020913,0.020831,0.104523,0.023519,0.137691,0.001232,0.000365
0,-0.158213,-0.042352,-0.104644,-0.078221,-0.120998,-0.057742,0.002761,0.000739
0,-0.182074,0.076972,-0.037736,0.137746,-0.011783,0.106369,0.003178,0.001343
0,-0.061798,-0.020188,0.100174,-0.118835,0.093488,-0.125257,0.001079,0.000352
0,-0.055486,0.077009,-0.014713,0.109329,-0.021519,0.087658,0.000968,0.001344
0,-0.044453,-0.149162,0.008954,-0.237002,0.021829,-0.248818,0.000776,0.002603
0,-0.039572,0.067499,-0.022029,0.18722,-0.068138,0.229003,0.000691,0.001178
0,-0.201204,0.124407,-0.164035,0.071823,-0.205105,0.072727,0.003512,0.002171
0,-0.186493,-0.03923,0.024352,-0.162879,0.002955,-0.139829,0.003255,0.000685
0,-0.141,0.138558,0.022092,0.192361,-0.010745,0.185168,0.002461,0.002418
0,-0.203748,-0.012578,-0.070346,-0.157736,-0.036297,-0.163977,0.003556,0.00022
0,-0.151646,0.096715,0.035192,0.092971,0.019005,0.075716,0.002647,0.001688
0,-0.110479,0.056967,0.065236,-0.055799,0.089408,-0.038764,0.001928,0.000994
0,-0.10696,0.004066,0.018039,-0.06546,0.016789,-0.055053,0.001867,7.1e-05
0,-0.055977,0.111447,0.035946,0.113317,0.080089,0.07871,0.000977,0.001945
0,-0.279054,0.072076,-0.249881,-0.025875,-0.218758,0.010802,0.00487,0.001258
0,-0.227057,-0.07925,0.026968,-0.173479,0.022384,-0.132429,0.003963,0.001383
0,-0.257061,0.040523,-0.025452,0.128509,0.010633,0.159804,0.004487,0.000707
0,-0.212158,-0.11316,0.032955,-0.176232,0.046038,-0.218251,0.003703,0.001975
0,-0.117819,-0.131271,0.075281,0.005389,0.122457,-0.030274,0.002056,0.002291
0,-0.193879,-0.092664,-0.097808,0.057563,-0.145992,0.075112,0.003384,0.001617
0,-0.070668,-0.070719,0.116383,-0.000675,0.06769,0.037986,0.001233,0.001234
0,-0.117957,-0.125281,-0.022884,-0.033008,-0.043172,-0.080854,0.002059,0.002187
0,-0.019483,-0.058734,0.087184,0.063338,0.098752,0.058812,0.00034,0.001025
0,-0.194612,-0.106035,-0.146998,-0.061329,-0.178686,-0.02682,0.003397,0.001851
0,-0.171207,-0.119755,0.023894,0.015878,0.055397,0.03914,0.002988,0.00209
0,-0.171184,-0.00236,-0.01651,0.13739,-0.009059,0.164431,0.002988,4.1e-05
0,-0.200912,0.107123,-0.001212,0.112105,0.011291,0.081795,0.003507,0.00187
0,-0.176707,-0.002495,0.028612,-0.119473,0.023243,-0.116253,0.003084,4.4e-05
0,-0.023747,-0.051424,0.155515,-0.043892,0.1259,-0.052705,0.000414,0.000898
0,-0.136365,0.107568,-0.101052,0.186869,-0.108143,0.227287,0.00238,0.001877
0,-0.08999,-0.000178,0.025615,-0.090369,0.00349,-0.053825,0.001571,3e-06
0,0.043733,-0.006469,0.155235,0.013852,0.131078,0.063812,0.000763,0.000113
0,-0.049868,0.059124,-0.087721,0.071916,-0.090571,0.099098,0.00087,0.001032
0,-0.243344,-0.020765,-0.219216,-0.056732,-0.180721,-0.017326,0.004247,0.000362
0,-0.028663,-0.029958,0.20435,-0.018703,0.196595,-0.015815,0.0005,0.000523
0,-0.255802,-0.174546,-0.251803,-0.150828,-0.275668,-0.119164,0.004465,0.003046
0,-0.123783,-0.071405,0.111046,0.122893,0.114977,0.138397,0.00216,0.001246
0,0.00117,0.010356,0.134109,0.062763,0.119703,0.032748,2e-05,0.000181
0,-0.091512,-0.055228,-0.106019,-0.074645,-0.099771,-0.078085,0.001597,0.000964
0,-0.060756,0.108034,0.01258,0.17727,0.016723,0.134473,0.00106,0.001886
0,-0.140093,-0.156041,-0.082436,-0.290439,-0.04975,-0.243636,0.002445,0.002723
0,-0.172467,8e-06,-0.019662,0.167309,0.008502,0.130752,0.00301,0.0
0,-0.023247,0.103069,0.178525,0.103458,0.143393,0.077233,0.000406,0.001799
0,-0.136583,0.14318,-0.094571,0.056887,-0.128358,0.097416,0.002384,0.002499
0,-0.10524,0.111463,0.038857,-0.016717,-0.0072,-0.001913,0.001837,0.001945
0,-0.023085,0.112813,0.068592,0.020666,0.026509,-0.001085,0.000403,0.001969
0,0.153552,0.159245,0.186701,0.062605,0.144956,0.100962,0.00268,0.002779
0,0.191106,0.089576,0.009935,-0.081526,-0.01643,-0.05293,0.003335,0.001563
0,-0.034945,0.148284,-0.251349,0.086521,-0.233218,0.065395,0.00061,0.002588
0,-0.059203,0.120261,-0.013699,-0.034724,0.01362,-0.057959,0.001033,0.002099
0,0.150786,0.027237,0.233372,-0.106011,0.216092,-0.090221,0.002632,0.000475
0,0.413836,0.204745,0.258119,0.178392,0.269545,0.224803,0.004529,0.003573
0,0.232716,0.259097,-0.204054,0.049117,-0.194293,0.095263,0.004062,0.004522
0,0.126658,0.268836,-0.090111,0.018336,-0.067408,0.031924,0.002211,0.004692
0,0.167146,0.190887,0.068566,-0.105815,0.1129,-0.144787,0.002917,0.003332
0,0.150131,0.386479,0.002876,0.203227,0.044216,0.228729,0.00262,0.005006
0,0.114738,0.359879,-0.033495,-0.029751,-0.006922,-0.047798,0.002003,0.005471
0,0.418417,0.036281,0.282771,-0.313777,0.292189,-0.328072,0.004449,0.000633
0,0.369117,-0.0357,-0.051238,-0.071036,-0.043563,-0.062794,0.005309,0.000623
0,0.053226,-0.087019,-0.316456,-0.037012,-0.282312,-0.01741,0.000929,0.001519
0,0.050935,0.042862,0.022702,0.125666,-0.0082,0.161309,0.000889,0.000748
0,0.142314,0.075034,0.077847,0.053126,0.102352,0.083273,0.002484,0.00131
0,-0.102486,-0.167032,-0.226936,-0.268937,-0.276796,-0.287892,0.001789,0.002915
0,0.165554,-0.052412,0.271752,0.141702,0.265176,0.1723,0.002889,0.000915
0,0.029817,0.074068,-0.122015,0.150801,-0.155617,0.112071,0.00052,0.001293
0,0.090409,0.026797,0.044593,-0.050943,0.0671,-0.089383,0.001578,0.000468
0,0.068437,0.054597,-0.017153,0.028504,0.0288,0.0364,0.001194,0.000953
0,-0.088705,-0.034905,-0.134498,-0.081652,-0.175773,-0.092136,0.001548,0.000609
0,0.01876,0.136649,0.131886,0.150639,0.125282,0.148281,0.000327,0.002385
0,0.158685,-0.075807,0.123893,-0.232969,0.131518,-0.273404,0.00277,0.001323
0,0.170306,0.102058,0.011011,0.206945,-0.008404,0.247469,0.002972,0.001781
0,-0.017427,0.017035,-0.198836,-0.07994,-0.208551,-0.041953,0.000304,0.000297
0,0.041321,0.086316,0.043148,0.084296,0.075621,0.048976,0.000721,0.001507
0,0.060105,0.19962,0.028115,0.10724,0.037922,0.081546,0.001049,0.003484
0,0.147565,0.021404,0.089542,-0.200372,0.1125,-0.169175,0.002575,0.000374
0,0.008954,0.073542,-0.117927,0.023929,-0.070273,0.034746,0.000156,0.001284
0,0.176885,0.140954,0.15626,0.047198,0.112352,0.007154,0.003087,0.00246
0,0.219594,0.103761,0.065833,-0.058122,0.115443,-0.106804,0.003833,0.001811
0,0.151846,0.005811,-0.070553,-0.109964,-0.02284,-0.061657,0.00265,0.000101
0,0.114031,0.008499,-0.055185,-0.01019,-0.097571,-0.0439,0.00199,0.000148
0,-0.003101,0.163322,-0.123761,0.145051,-0.154056,0.136657,5.4e-05,0.002851
0,0.279382,-0.089259,0.255627,-0.278797,0.273507,-0.27125,0.004876,0.001558
0,0.131367,-0.126984,-0.120778,-0.058844,-0.159126,-0.052599,0.002293,0.002216
0,0.188199,0.038132,0.078343,0.194011,0.028878,0.155728,0.003285,0.000666
0,0.139638,-0.070975,-0.019375,-0.126257,0.02025,-0.127892,0.002437,0.001239
0,0.202038,-0.014821,0.050493,0.077985,0.049329,0.037956,0.003526,0.000259
0,-0.018821,0.025222,-0.232234,0.027972,-0.223673,0.023183,0.000328,0.00044
0,0.135581,0.141407,0.157144,0.111196,0.143897,0.103256,0.002366,0.002468
0,-0.032111,-0.099065,-0.188565,-0.254196,-0.181722,-0.278316,0.00056,0.001729
0,-0.065661,-0.038556,-0.058044,0.039437,-0.040229,0.078463,0.001146,0.000673
0,0.100711,-0.157899,0.147939,-0.098297,0.178263,-0.079388,0.001758,0.002756
0,0.161787,0.106444,0.084779,0.278118,0.107623,0.289807,0.002824,0.001858
0,0.084789,-0.020123,-0.066489,-0.114545,-0.031438,-0.077173,0.00148,0.000351
0,-0.058831,0.043142,-0.146677,0.075982,-0.185276,0.078479,0.001027,0.000753
0,0.146367,0.059081,0.176002,0.038934,0.223864,0.083858,0.002555,0.001031
0,0.14561,0.006541,-0.029276,-0.052965,-0.073322,-0.007054,0.002541,0.000114
0,0.137903,-0.11112,0.018226,-0.096505,-0.030551,-0.077558,0.002407,0.001939
0,0.213448,-0.046551,0.096434,0.058102,0.068552,0.043716,0.003725,0.000812
0,0.116247,-0.085617,-0.121479,-0.061379,-0.084144,-0.100503,0.002029,0.001494
0,0.157552,-0.101632,0.021537,-0.000887,0.007448,-0.022051,0.00275,0.001774
0,0.077427,0.012609,-0.072749,0.100892,-0.047145,0.149454,0.001351,0.00022
0,-0.043199,0.082807,-0.134452,0.04675,-0.100139,0.02164,0.000754,0.001445
0,0.118861,-0.082762,0.173156,-0.189408,0.147929,-0.176584,0.002075,0.001444
0,0.17704,-0.008234,0.087828,0.094538,0.073224,0.143422,0.00309,0.000144
0,0.167306,0.002138,0.014244,0.012972,-0.00417,0.05011,0.00292,3.7e-05
0,0.087874,-0.052945,-0.073188,-0.078018,-0.096015,-0.039575,0.001534,0.000924
0,0.155547,-0.205592,0.092286,-0.151361,0.061294,-0.102685,0.002715,0.003588
0,0.059351,-0.078758,-0.104063,0.145181,-0.12686,0.186613,0.001036,0.001375
0,0.083667,0.036342,-0.001939,0.117598,-0.030019,0.076128,0.00146,0.000634
0,0.059719,-0.052353,0.000114,-0.10708,0.023626,-0.087918,0.001042,0.000914
0,-0.101581,0.056955,-0.16896,0.099017,-0.179175,0.112751,0.001773,0.000994
0,-0.027709,-0.077969,0.102434,-0.13667,0.128738,-0.098943,0.000484,0.001361
0,-0.096745,0.098573,-0.046757,0.150705,-0.025729,0.102031,0.001689,0.00172
0,-0.138046,0.020867,-0.014024,-0.062367,-0.028983,-0.107692,0.002409,0.000364
0,0.026367,0.097479,0.194251,0.079932,0.221473,0.037734,0.00046,0.001701
0,0.126525,-0.07379,0.117277,-0.192013,0.092721,-0.16908,0.002208,0.001288
0,-0.015469,0.089932,-0.171804,0.175713,-0.217396,0.225484,0.00027,0.00157
0,0.168879,-0.138527,0.188683,-0.244184,0.233073,-0.263935,0.002947,0.002418
0,0.062984,0.102951,-0.106524,0.213992,-0.085936,0.25115,0.001099,0.001797
0,0.043862,-0.020778,-0.009316,-0.105582,-0.030496,-0.150816,0.000766,0.000363
0,-0.047344,-0.066116,-0.067006,-0.028302,-0.050819,-0.016345,0.000826,0.001154
0,0.059794,0.066735,0.077807,0.129122,0.048391,0.09844,0.001044,0.001165
0,-0.062816,-0.071308,-0.142209,-0.129952,-0.18758,-0.107484,0.001096,0.001245
0,-0.121909,-0.040602,-0.068346,0.032532,-0.054946,0.078512,0.002128,0.000709
0,0.081672,0.006,0.195366,0.056057,0.196172,0.071201,0.001425,0.000105
0,0.024335,-0.101589,-0.05143,-0.109758,-0.05246,-0.155227,0.000425,0.001773
0,0.053101,-0.087899,0.012973,-0.005277,-0.030078,0.033303,0.000927,0.001534
0,0.103577,-0.000573,0.048622,0.086385,0.076909,0.066798,0.001808,1e-05
0,-0.058866,-0.019927,-0.165554,0.006252,-0.18433,-0.018154,0.001027,0.000348
0,0.127618,0.114929,0.197519,0.12215,0.187281,0.100244,0.002227,0.002006
0,-0.00838,0.103044,-0.138044,0.01659,-0.112677,0.008764,0.000146,0.001798
0,-0.126366,0.132464,-0.134507,0.033183,-0.17841,0.038105,0.002206,0.002312
0,0.061981,-0.085499,0.160966,-0.237878,0.145062,-0.216666,0.001082,0.001492
0,-0.140506,0.055927,-0.212513,0.127305,-0.186988,0.132407,0.002452,0.000976
0,-0.136906,0.135618,0.003848,0.054644,0.01573,0.043224,0.002389,0.002367
0,0.007627,0.063597,0.145152,-0.083663,0.122451,-0.11734,0.000133,0.00111
0,-0.204124,0.086154,-0.216454,0.011196,-0.214565,-0.001059,0.003563,0.001504
0,0.069783,-0.076246,0.275634,-0.159698,0.282782,-0.14498,0.001218,0.001331
0,-0.095032,0.04194,-0.158618,0.12907,-0.151704,0.153498,0.001659,0.000732
0,-0.088479,0.108177,-0.0103,0.090749,0.018187,0.098439,0.001544,0.001888
0,0.073336,0.114902,0.165287,0.034401,0.119761,0.032876,0.00128,0.002005
0,0.062998,-0.001012,-0.02816,-0.124371,-0.043897,-0.133133,0.0011,1.8e-05
0,-0.072388,0.150152,-0.158247,0.147326,-0.137068,0.152227,0.001263,0.002621
0,0.113804,-0.073077,0.156901,-0.237221,0.151195,-0.209792,0.001986,0.001275
0,0.089503,0.043702,-0.028538,0.088403,0.00745,0.119324,0.001562,0.000763
0,-0.136418,0.091959,-0.206491,0.054821,-0.222122,0.084394,0.002381,0.001605
0,-0.091742,0.142736,0.046886,0.078485,0.059106,0.109827,0.001601,0.002491
0,0.066198,0.049112,0.141607,-0.087987,0.136575,-0.089328,0.001155,0.000857
0,0.074062,-0.067158,-0.020515,-0.11347,0.005469,-0.12336,0.001293,0.001172
0,-0.052552,0.168984,-0.13743,0.209282,-0.149997,0.165328,0.000917,0.002949
0,0.12089,0.108685,0.18569,-0.035782,0.154414,-0.061952,0.00211,0.001897
0,0.170798,0.140894,0.065288,0.006452,0.025247,-0.006038,0.002981,0.002459
0,-0.039295,-0.020806,-0.200037,-0.158479,-0.241959,-0.199364,0.000686,0.000363
0,0.191669,-0.096729,0.212348,-0.105111,0.175144,-0.057629,0.003345,0.001688
0,0.223302,0.079665,0.006561,0.198828,-0.005463,0.192915,0.003897,0.00139
0,0.11663,-0.091697,-0.078442,-0.158093,-0.090735,-0.132218,0.002036,0.0016
0,-0.09214,0.007419,-0.234138,0.082122,-0.277124,0.125926,0.001608,0.000129
0,0.134586,-0.00137,0.208941,0.004607,0.224532,0.027227,0.002349,2.4e-05
0,0.083523,-0.076162,-0.073724,-0.09186,-0.105879,-0.059184,0.001458,0.001329
0,0.205078,0.197877,0.113867,0.268186,0.14056,0.24578,0.003579,0.003454
0,0.236161,0.09679,0.005902,-0.115566,-0.043074,-0.141722,0.004122,0.001689
0,0.196508,0.097735,-0.056621,-0.006417,-0.00828,0.011403,0.00343,0.001706
0,0.174222,0.20385,-0.005055,0.110528,-0.053474,0.082797,0.003041,0.003558
0,0.20443,0.199854,0.003511,0.016045,0.021577,0.044385,0.003568,0.003488
0,0.16932,0.149252,-0.015229,-0.037151,-0.057809,-0.034471,0.002955,0.002605
0,0.191152,0.099002,0.040128,-0.041259,0.060994,-0.077726,0.003336,0.001728
0,0.040858,0.112927,-0.122037,0.033008,-0.158664,0.023433,0.000713,0.001971
0,-0.04459,-0.027426,-0.102279,-0.114092,-0.057635,-0.124573,0.000778,0.000479
0,-0.036025,-0.045624,0.023743,0.007024,0.024901,0.041485,0.000629,0.000796
0,0.113492,0.040907,0.178008,0.05774,0.157206,0.01774,0.001981,0.000714
0,0.044006,0.064245,-0.066275,0.048263,-0.022924,0.023655,0.000768,0.001121
0,-0.005706,0.182329,-0.028897,0.147525,-0.066064,0.102979,0.0001,0.003182
0,0.17732,0.091789,0.156096,-0.065804,0.134452,-0.055393,0.003095,0.001602
0,0.094156,-0.063776,-0.061811,-0.14582,-0.085137,-0.164315,0.001643,0.001113
0,0.085345,0.062077,0.013214,0.133342,0.01114,0.092518,0.00149,0.001083
0,0.0682,0.065207,-0.002661,0.007081,0.03128,0.024953,0.00119,0.001138
0,0.228891,0.219099,0.180956,0.153794,0.206619,0.106315,0.003995,0.003824
0,0.041773,-0.063904,-0.199543,-0.267995,-0.217687,-0.298634,0.000729,0.001115
0,0.061193,0.172186,0.015698,0.25287,0.019036,0.273412,0.001068,0.003005
0,0.250668,0.083022,0.171676,-0.094858,0.125108,-0.142065,0.004375,0.001449
0,0.173892,-0.051586,-0.064479,-0.155931,-0.100711,-0.127963,0.003035,0.0009
0,0.001776,0.055239,-0.177441,0.085849,-0.212651,0.05567,3.1e-05,0.000964
0,0.114724,-0.036603,0.130157,-0.113145,0.144142,-0.145534,0.002002,0.000639
0,0.067172,0.136507,-0.049771,0.199441,-0.06689,0.19316,0.001172,0.002382
0,0.144724,0.028304,0.056678,-0.08218,0.029219,-0.105737,0.002526,0.000494
0,0.024635,0.165233,-0.107924,0.133797,-0.066998,0.182477,0.00043,0.002884
0,0.160296,0.210557,0.106803,0.052863,0.059369,0.09842,0.002798,0.003675
0,0.262673,-0.003873,0.129629,-0.216384,0.154773,-0.23577,0.004585,6.8e-05
0,0.199573,-0.070522,-0.055976,-0.056315,-0.008826,-0.015317,0.003483,0.001231
0,0.06049,0.216558,-0.13047,0.30067,-0.13056,0.328945,0.001056,0.00378
0,-0.030006,0.006986,-0.089648,-0.222206,-0.138216,-0.25424,0.000524,0.000122
0,0.28022,0.20643,0.299714,0.186611,0.278115,0.148081,0.004891,0.003603
0,0.201552,0.119771,-0.098124,-0.094408,-0.115165,-0.065599,0.003518,0.00209
0,0.146817,0.139,-0.072576,-0.010049,-0.059312,-0.058694,0.002562,0.002426
0,0.046037,0.003578,-0.130336,-0.148476,-0.143316,-0.172223,0.000804,6.2e-05
0,0.214307,-0.032607,0.149075,-0.0164,0.127194,-0.054061,0.00374,0.000569
0,0.039859,0.005587,-0.152925,0.011338,-0.177559,0.001117,0.000696,9.8e-05
0,0.196007,-0.018286,0.173771,-0.00498,0.214634,-0.009971,0.003421,0.000319
0,0.22188,0.112116,0.003631,0.142472,0.037656,0.104972,0.003873,0.001957
0,0.03533,0.016987,-0.167907,-0.082706,-0.20168,-0.053978,0.000617,0.000296
0,0.190185,0.111401,0.175232,0.080479,0.180889,0.041139,0.003319,0.001944
0,0.200794,-0.000415,0.031441,-0.137141,0.04495,-0.121249,0.003505,7e-06
0,0.1411,-0.040097,-0.065372,-0.049892,-0.020757,-0.012736,0.002463,0.0007
0,0.085681,0.017931,-0.031416,0.080438,-0.065244,0.104479,0.001495,0.000313
0,0.128577,-0.025678,0.052592,-0.073201,0.04381,-0.034992,0.002244,0.000448
0,-0.102732,0.038114,-0.254802,0.042668,-0.269451,0.025114,0.001793,0.000665
0,0.101687,-0.083134,0.225049,-0.123679,0.238701,-0.088997,0.001775,0.001451
0,0.155464,0.033494,0.075917,0.09192,0.102726,0.11246,0.002713,0.000585
0,-0.0615,0.007089,-0.200694,-0.048082,-0.214287,-0.009423,0.001073,0.000124
0,-0.010291,-0.062054,0.041851,-0.090854,0.010625,-0.068854,0.00018,0.001083
0,-0.150126,0.003928,-0.165564,0.089963,-0.164898,0.125845,0.00262,6.9e-05
0,0.078314,0.105395,0.218982,0.096473,0.172688,0.04687,0.001367,0.001839
0,-0.123155,0.046915,-0.18115,-0.075523,-0.213177,-0.041126,0.002149,0.000819
0,-0.053003,0.171643,0.095364,0.14608,0.08868,0.097932,0.000925,0.002996
0,0.046355,0.173547,0.092658,0.021269,0.052216,0.008089,0.000809,0.003029
0,0.131673,-0.065728,0.084973,-0.244366,0.049862,-0.25469,0.002298,0.001147
0,0.097592,0.156705,-0.04788,0.244697,-0.036975,0.216775,0.001703,0.002735
0,-0.071606,-0.097848,-0.152321,-0.266406,-0.116923,-0.260148,0.00125,0.001708
0,-0.154024,0.085755,-0.093628,0.186592,-0.126139,0.161352,0.002688,0.001497
0,-0.134672,0.144579,0.038037,0.07112,0.007004,0.115717,0.00235,0.002523
0,-0.099371,0.206562,0.032684,0.03709,0.076315,0.000712,0.001734,0.003605
0,0.014246,0.167528,0.120834,-0.014436,0.093775,-0.01163,0.000249,0.002924
0,0.014655,-0.064183,-0.013265,-0.230948,-0.053024,-0.242286,0.000256,0.00112
0,0.013672,-0.0624,-0.013158,-0.023418,-0.059714,0.021173,0.000239,0.001089
0,-0.064813,0.147451,-0.093339,0.206178,-0.045426,0.195492,0.001131,0.002574
0,-0.001213,0.069371,0.085098,-0.050654,0.081357,-0.083538,2.1e-05,0.001211
0,-0.194475,0.057774,-0.18257,-0.030285,-0.196844,-0.001221,0.003394,0.001008
0,0.043615,0.091919,0.228508,0.033118,0.256606,0.077382,0.000761,0.001604
0,-0.023089,0.140919,-0.083662,0.046289,-0.037193,0.077205,0.000403,0.002459
0,-0.199728,-0.044691,-0.153696,-0.181097,-0.192525,-0.176589,0.003486,0.00078
0,-0.172464,-0.045733,0.05299,-0.016095,0.03903,0.012412,0.00301,0.000798
0,0.035957,-0.007887,0.230174,0.049277,0.187109,0.045455,0.000628,0.000138
0,-0.065101,0.027717,-0.079573,0.023709,-0.055109,0.038581,0.001136,0.000484
0,-0.016309,0.106839,0.047409,0.092394,0.027754,0.04951,0.000285,0.001865
0,-0.171936,-0.042614,-0.178059,-0.172797,-0.161232,-0.162295,0.003001,0.000744
0,-0.016186,0.022463,0.160924,0.045905,0.13796,0.005309,0.000283,0.000392
0,0.050271,-0.129469,0.065272,-0.164746,0.046921,-0.204497,0.000877,0.00226
0,-0.1175,0.002065,-0.191515,0.148934,-0.146634,0.109792,0.002051,3.6e-05
0,0.074709,0.14252,0.183776,0.136599,0.203319,0.121669,0.001304,0.002487
0,-0.138321,-0.088388,-0.231845,-0.254251,-0.250617,-0.211259,0.002414,0.001543
0,-0.168295,-0.027779,-0.0346,0.086739,0.015229,0.069595,0.002937,0.000485
0,-0.117662,0.004434,0.062244,0.026658,0.021708,0.050193,0.002054,7.7e-05
0,-0.073973,-0.125696,0.069271,-0.117204,0.103316,-0.10069,0.001291,0.002194
0,-0.018232,0.024601,0.0759,0.122614,0.046839,0.123491,0.000318,0.000429
0,0.022218,-0.051754,0.029494,-0.096745,-0.009329,-0.121645,0.000388,0.000903
0,0.067915,-0.065995,0.05268,-0.027518,0.036004,-0.001921,0.001185,0.001152
0,0.088061,0.133843,0.025979,0.189228,-0.018025,0.237101,0.001537,0.002336
0,0.002862,0.14536,-0.060948,0.026284,-0.012845,0.024267,5e-05,0.002537
0,-0.157729,0.118404,-0.172197,-0.013037,-0.165186,-0.034133,0.002753,0.002067
0,-0.110184,-0.055704,0.072816,-0.180777,0.109892,-0.188595,0.001923,0.000972
0,0.001096,0.019988,0.120619,0.090545,0.094849,0.067647,1.9e-05,0.000349
0,0.07862,0.140006,0.064766,0.109703,0.097044,0.089599,0.001372,0.002444
0,0.068678,0.204502,-0.035879,0.079425,-0.011724,0.07243,0.001199,0.003569
0,0.060218,0.065129,-0.030199,-0.126327,-0.018911,-0.124677,0.001051,0.001137
0,-1.071594,-1.433321,-1.12559,-1.519985,-1.126224,-1.498549,0.004801,0.001513
0,-1.2021,-2.246017,-0.118505,-0.826571,-0.142254,-0.862243,0.002523,0.003945
0,-1.381136,-2.23212,-0.194062,0.022344,-0.188924,0.069965,0.000602,0.003703
0,-1.056667,-2.242252,0.352236,-0.023126,0.312168,-0.026928,0.005061,0.00388
0,-0.916801,-1.532275,0.159872,0.724501,0.153829,0.771364,0.00425,0.00324
0,-0.552867,-1.321894,0.350121,0.214504,0.347421,0.262035,0.002102,0.000432
0,-0.5519,-0.860108,-0.020174,0.465876,0.000702,0.508918,0.002119,0.00326
0,-0.428075,-0.663096,0.134339,0.176833,0.089403,0.211072,0.00428,0.000178
0,-0.281089,-0.468307,0.121319,0.189571,0.080576,0.197697,0.004906,0.003578
0,-0.033137,-0.040304,0.241079,0.409828,0.282691,0.400122,0.000578,0.000703
0,-0.11139,-0.115558,-0.068267,-0.094762,-0.045153,-0.070573,0.001944,0.002017
0,-0.046665,-0.001907,0.070927,0.136851,0.098738,0.172871,0.000814,3.3e-05
0,-0.056881,0.173583,-0.029357,0.1541,-0.06338,0.112392,0.000993,0.00303
0,0.038796,0.144911,0.080269,-0.031338,0.079934,-0.013296,0.000677,0.002529
0,-0.032531,0.02679,-0.095524,-0.128361,-0.073931,-0.104527,0.000568,0.000468
0,-0.029803,0.075658,-0.00414,0.045627,-0.003172,0.03619,0.00052,0.00132
0,0.143024,-0.097146,0.186016,-0.154573,0.213076,-0.195117,0.002496,0.001696
0,0.092308,0.066257,-0.071248,0.134997,-0.120593,0.092635,0.001611,0.001156
0,-0.013566,0.116639,-0.109496,0.061439,-0.091699,0.031497,0.000237,0.002036
0,0.033107,-0.08573,0.05605,-0.214701,0.018538,-0.235829,0.000578,0.001496
0,-0.085753,0.08937,-0.089271,0.185533,-0.102249,0.166713,0.001497,0.00156
0,0.049272,0.129754,0.127162,0.022079,0.099196,-0.019976,0.00086,0.002265
0,0.047261,-0.055222,-0.00684,-0.162729,-0.050095,-0.199226,0.000825,0.000964
0,0.10159,-0.094334,0.070996,-0.034857,0.032833,-0.012027,0.001773,0.001646
0,0.036793,0.139249,-0.049981,0.231349,-0.048456,0.215857,0.000642,0.00243
0,0.169493,-0.130672,0.144003,-0.287859,0.118376,-0.273115,0.002958,0.002281
0,-0.020861,-0.046319,-0.165097,0.104387,-0.11962,0.113185,0.000364,0.000808
0,-0.055116,-0.009034,-0.04362,0.02045,-0.075662,0.001131,0.000962,0.000158
0,-0.03706,-0.00606,0.025156,-0.013802,0.037854,-0.024093,0.000647,0.000106
0,-0.025347,0.004792,-0.009606,0.036495,-0.056904,0.012573,0.000442,8.4e-05
0,0.029108,-0.003227,0.072512,0.017801,0.064512,0.029193,0.000508,5.6e-05
0,0.082336,-0.100468,0.035141,-0.087906,0.06131,-0.039161,0.001437,0.001753
0,0.131638,0.085806,0.037002,0.168657,0.023122,0.143176,0.002298,0.001498
0,-0.026944,0.158916,-0.145134,0.081073,-0.180748,0.119393,0.00047,0.002774
0,0.014186,0.006368,0.066611,-0.152647,0.025159,-0.157757,0.000248,0.000111
0,0.095232,-0.006923,0.101497,-0.003042,0.149047,-0.034573,0.001662,0.000121
0,0.101239,0.14987,0.006357,0.151271,-0.029618,0.135602,0.001767,0.002616
0,0.11788,0.085358,0.015158,-0.06558,0.061625,-0.028013,0.002057,0.00149
0,0.01445,-0.029667,-0.122329,-0.10818,-0.079471,-0.144517,0.000252,0.000518
0,-0.05748,0.184031,-0.100372,0.225016,-0.08828,0.243092,0.001003,0.003212
0,0.059487,0.018513,0.107879,-0.17532,0.086567,-0.205237,0.001038,0.000323
0,0.09847,0.132213,0.064112,0.091388,0.043342,0.060366,0.001719,0.002308
0,0.072563,0.139727,-0.006533,0.028527,-0.005725,0.015741,0.001266,0.002439
0,-0.087588,0.07813,-0.157483,-0.063012,-0.207306,-0.026256,0.001529,0.001364
0,0.121504,0.211719,0.193677,0.154125,0.171675,0.118799,0.002121,0.003695
0,-0.140682,0.216409,-0.271289,0.025882,-0.243825,0.025438,0.002455,0.003777
0,0.128958,0.089675,0.254014,-0.137148,0.264925,-0.184438,0.002251,0.001565
0,-0.095594,-0.050409,-0.209234,-0.159207,-0.227678,-0.197744,0.001668,0.00088
0,-0.057779,0.094599,0.011676,0.165344,0.017418,0.175274,0.001008,0.001651
0,0.106424,-0.060015,0.181499,-0.132436,0.174167,-0.114794,0.001857,0.001047
0,-0.120317,-0.067176,-0.216954,0.003896,-0.264852,-0.019528,0.0021,0.001172
0,-0.065716,-0.011114,0.059523,0.033216,0.097019,0.04178,0.001147,0.000194
0,-0.095898,0.158019,-0.031562,0.187048,-0.081015,0.235765,0.001674,0.002758
0,0.12542,0.148275,0.211256,0.011939,0.185137,0.022604,0.002189,0.002588
0,0.115616,0.161284,0.003667,0.009006,0.005265,-0.037933,0.002018,0.002815
0,0.130756,0.084888,0.015115,-0.089766,0.021462,-0.057919,0.002282,0.001482
0,0.235335,0.154778,0.114647,0.094018,0.156456,0.123477,0.004107,0.002701
0,0.07447,-0.080046,-0.164584,-0.219703,-0.157154,-0.211392,0.0013,0.001397
0,-0.024032,0.142178,-0.117146,0.213378,-0.132552,0.246656,0.000419,0.002481
0,0.104716,0.129604,0.132462,-0.031959,0.106545,-0.05368,0.001828,0.002262
0,-0.084894,0.055791,-0.191847,-0.080807,-0.187441,-0.096075,0.001482,0.000974
0,0.047478,0.10618,0.12388,0.034383,0.110512,0.048545,0.000829,0.001853
0,0.162616,-0.088689,0.105296,-0.187083,0.084828,-0.142927,0.002838,0.001548
0,0.118258,-0.033365,-0.044377,0.057394,-0.004338,0.075073,0.002064,0.000582
0,-0.107199,0.003485,-0.217502,0.055778,-0.249983,0.072828,0.001871,6.1e-05
0,0.115609,-0.005201,0.244595,0.005411,0.196188,0.007533,0.002018,9.1e-05
0,-0.037489,-0.099781,-0.152326,-0.112978,-0.124487,-0.110425,0.000654,0.001742
0,-0.021725,0.105874,0.025755,0.201919,0.038267,0.212033,0.000379,0.001848
0,0.089504,-0.058513,0.090351,-0.145656,0.062298,-0.156462,0.001562,0.001021
0,0.205006,0.128099,0.094391,0.189118,0.058606,0.190399,0.003578,0.002236
0,0.035075,-0.070657,-0.141896,-0.177127,-0.178756,-0.170829,0.000612,0.001233
0,0.078997,-0.013851,0.038488,0.031209,0.009091,0.019188,0.001379,0.000242
0,0.057644,-0.103142,-0.019312,-0.067159,-0.03101,-0.113186,0.001006,0.0018
0,0.03384,0.047453,-0.009596,0.148347,-0.027383,0.110298,0.000591,0.000828
0,0.058925,0.175855,0.050941,0.118746,0.093086,0.119615,0.001028,0.003069
0,-0.09156,0.122355,-0.142645,-0.071363,-0.096709,-0.03846,0.001598,0.002135
0,0.067649,-0.023016,0.18091,-0.154094,0.212154,-0.160109,0.001181,0.000402
0,0.065029,0.150659,0.0234,0.182224,0.004935,0.205693,0.001135,0.002629
0,-0.008312,-0.00971,-0.072278,-0.163997,-0.071154,-0.206843,0.000145,0.000169
0,-0.040865,0.071925,-0.025806,0.078412,0.002265,0.064659,0.000713,0.001255
0,-0.101865,-0.03467,-0.032118,-0.131745,-0.021238,-0.137663,0.001778,0.000605
0,0.027929,0.065982,0.132089,0.118473,0.131047,0.14358,0.000487,0.001152
0,0.108876,0.104285,0.098938,0.036488,0.145094,0.072543,0.0019,0.00182
0,0.186183,0.013261,0.094692,-0.101206,0.131975,-0.076955,0.00325,0.000231
0,-0.018396,0.08646,-0.205101,0.051359,-0.202206,0.034397,0.000321,0.001509
0,0.098026,-0.026627,0.141998,-0.127005,0.18106,-0.118665,0.001711,0.000465
0,0.02531,-0.075343,-0.056865,-0.061414,-0.029593,-0.01285,0.000442,0.001315
0,0.02984,0.095644,-0.019411,0.1809,-0.060445,0.13791,0.000521,0.001669
0,0.126974,-0.038485,0.113695,-0.125267,0.081508,-0.097727,0.002216,0.000672
0,0.229263,-0.136059,0.101622,-0.086883,0.058043,-0.115954,0.004001,0.002375
0,0.117789,-0.127938,-0.084278,0.037213,-0.080292,0.003337,0.002056,0.002233
0,0.224255,-0.065917,0.084576,0.034524,0.041221,0.047061,0.003914,0.00115
0,0.035521,-0.004982,-0.188925,0.032395,-0.183067,0.065778,0.00062,8.7e-05
0,-0.04652,-0.063841,-0.104297,-0.048854,-0.078839,-0.003532,0.000812,0.001114
0,0.164849,0.018697,0.181627,0.055501,0.21279,0.044703,0.002877,0.000326
0,0.060196,-0.076607,-0.128021,-0.110624,-0.129467,-0.125588,0.001051,0.001337
0,0.122045,-0.038604,0.053298,0.02761,0.039273,0.071162,0.00213,0.000674
0,0.020684,0.144959,-0.093389,0.208446,-0.120539,0.180834,0.000361,0.00253
0,-0.011024,-0.155887,-0.013288,-0.296665,-0.015068,-0.260416,0.000192,0.002721
0,0.211381,-0.060934,0.213171,0.081813,0.169046,0.12577,0.003689,0.001064
0,0.161398,-0.0029,-0.056285,0.067983,-0.100543,0.021741,0.002817,5.1e-05
0,-0.060869,-0.017769,-0.24069,0.002266,-0.192466,-0.046551,0.001062,0.00031
0,0.035803,-0.00126,0.09992,0.020061,0.144082,-0.007826,0.000625,2.2e-05
0,-0.068974,0.106453,-0.110131,0.1043,-0.068353,0.11657,0.001204,0.001858
0,0.104966,0.05466,0.173173,-0.029137,0.169447,0.011965,0.001832,0.000954
0,0.010568,-0.043062,-0.099709,-0.11301,-0.056293,-0.080366,0.000184,0.000752
0,0.128621,0.149028,0.123895,0.210774,0.163666,0.213399,0.002245,0.002601
0,0.162677,-0.024629,0.060874,-0.169237,0.011338,-0.185892,0.002839,0.00043
0,0.063486,0.074859,-0.083802,0.121977,-0.10095,0.083142,0.001108,0.001307
0,-0.00292,-0.011696,-0.041577,-0.065218,-0.021501,-0.076184,5.1e-05,0.000204
0,0.024392,0.116774,0.006271,0.13469,0.009605,0.090454,0.000426,0.002038
0,-0.149505,-0.027565,-0.192704,-0.140728,-0.148266,-0.173181,0.002609,0.000481
0,0.04974,0.119198,0.223997,0.155421,0.195503,0.146063,0.000868,0.00208
0,-0.134205,0.089271,-0.161738,-0.002455,-0.161691,-0.01068,0.002342,0.001558
0,-0.144584,0.107761,0.00831,-0.009837,-0.036043,-0.003799,0.002523,0.001881
0,0.055569,-0.037657,0.206193,-0.11597,0.224282,-0.09901,0.00097,0.000657
0,-0.13688,-0.050835,-0.197273,-0.016392,-0.188543,0.024626,0.002389,0.000887
0,-0.101409,-0.020947,0.025426,0.046386,0.049115,0.062408,0.00177,0.000366
0,-0.115533,0.027206,-0.002131,0.049224,-0.046387,0.073798,0.002016,0.000475
0,-0.074079,-0.027318,0.06732,-0.033135,0.108405,-0.045846,0.001293,0.000477
0,-0.021843,0.051145,0.054611,0.080451,0.084373,0.094793,0.000381,0.000893
0,-0.009174,0.058635,0.010311,-0.009351,0.059396,0.014472,0.00016,0.001023
0,0.119122,-0.089595,0.155896,-0.123454,0.117296,-0.089015,0.002079,0.001564
0,-0.065467,-0.134409,-0.210283,-0.047704,-0.250152,-0.056349,0.001143,0.002346
0,-0.128507,-0.085547,-0.056022,0.055848,-0.060855,0.098145,0.002243,0.001493
0,-0.175789,0.020787,-0.033724,0.129109,-0.012304,0.151709,0.003068,0.000363
0,-0.132441,-0.017765,0.066971,-0.026828,0.05947,0.022392,0.002312,0.00031
0,-0.176122,-0.012941,-0.016562,-0.006786,-0.059009,-0.002074,0.003074,0.000226
0,-0.033543,-0.095555,0.132698,-0.07132,0.146841,-0.09946,0.000585,0.001668
0,0.06139,-0.141145,0.105303,-0.043242,0.09648,-0.08862,0.001071,0.002463
0,0.029233,0.047997,-0.032901,0.182936,-0.020553,0.217684,0.00051,0.000838
0,-0.066006,0.131353,-0.112308,0.108114,-0.067184,0.111308,0.001152,0.002293
0,-0.083606,0.039128,-0.001429,-0.070899,0.000709,-0.046263,0.001459,0.000683
0,-0.07215,-0.150932,0.039607,-0.189129,0.009551,-0.209688,0.001259,0.002634
0,-0.092726,-0.009201,-0.000445,0.125858,0.016964,0.15834,0.001618,0.000161
0,-0.140267,-0.009447,-0.070035,0.007605,-0.085231,0.016118,0.002448,0.000165
0,-0.05797,-0.109693,0.064822,-0.104953,0.025649,-0.082274,0.001012,0.001914
0,-0.00791,0.012644,0.073384,0.105437,0.040455,0.152223,0.000138,0.000221
0,-0.105355,-0.143143,-0.099604,-0.164611,-0.08209,-0.174724,0.001839,0.002498
0,0.125465,0.009412,0.224216,0.131461,0.226142,0.117687,0.00219,0.000164
0,-0.083383,-0.04521,-0.214598,-0.028361,-0.202281,0.021279,0.001455,0.000789
0,0.016127,-0.175508,0.101876,-0.141225,0.091624,-0.152318,0.000281,0.003063
0,-0.19301,-0.13567,-0.2251,0.069206,-0.258718,0.108029,0.003369,0.002368
0,-0.187918,0.061836,-0.004443,0.186525,0.031015,0.204155,0.00328,0.001079
0,0.022475,-0.157394,0.204223,-0.24036,0.233461,-0.197079,0.000392,0.002747
0,-0.138322,0.029391,-0.161683,0.159136,-0.123576,0.174584,0.002414,0.000513
0,0.009457,0.089533,0.142974,0.075047,0.146484,0.113968,0.000165,0.001563
0,-0.126602,0.12544,-0.110086,0.037002,-0.149432,0.07475,0.00221,0.002189
0,0.077584,-0.070788,0.21005,-0.187882,0.189511,-0.146555,0.001354,0.001235
0,0.074907,-0.01503,-0.010475,0.048703,-0.039243,0.080119,0.001307,0.000262
0,-0.088869,-0.047868,-0.153686,-0.02637,-0.159143,-0.047761,0.001551,0.000835
0,0.116266,0.128539,0.179663,0.186332,0.163554,0.219592,0.002029,0.002243
0,0.074285,-0.081129,-0.052872,-0.189127,-0.030167,-0.201785,0.001297,0.001416
0,-0.091634,0.012286,-0.139804,0.095248,-0.123722,0.073406,0.001599,0.000214
0,-0.043409,-0.089673,0.02399,-0.089971,-0.011135,-0.113669,0.000758,0.001565
0,-0.062304,-0.177388,0.007566,-0.116144,-0.016554,-0.160892,0.001087,0.003096
0,-0.003045,-0.070803,0.048879,0.113372,0.033573,0.153168,5.3e-05,0.001236
0,-0.168653,0.113611,-0.14767,0.156872,-0.131125,0.193708,0.002944,0.001983
0,0.043106,0.080452,0.196551,-0.036465,0.220616,-0.062702,0.000752,0.001404
0,0.075478,-0.044447,0.018811,-0.126028,0.065621,-0.09047,0.001317,0.000776
0,0.092404,0.007976,0.004621,0.038182,0.026051,0.01855,0.001613,0.000139
0,-0.030584,-0.131338,-0.110704,-0.127551,-0.093117,-0.162876,0.000534,0.002292
0,0.076621,0.002886,0.081363,0.13175,0.06057,0.108793,0.001337,5e-05
0,-0.04174,-0.049944,-0.127654,-0.062464,-0.092728,-0.029008,0.000729,0.000872
0,0.000277,0.07386,0.030153,0.097692,0.056374,0.067663,5e-06,0.001289
0,-0.122222,-0.098141,-0.149077,-0.18401,-0.110404,-0.170383,0.002133,0.001713
0,-0.115886,0.076385,-0.006416,0.17013,0.013235,0.186443,0.002023,0.001333
0,0.053934,-0.11242,0.145911,-0.202834,0.108804,-0.22519,0.000941,0.001962
0,-0.156666,-0.017973,-0.201978,0.098639,-0.189206,0.108291,0.002734,0.000314
0,-0.077211,-0.19025,0.065544,-0.146368,0.066953,-0.110232,0.001348,0.00332
0,-0.037333,-0.106109,0.036596,0.102754,0.018965,0.110367,0.000652,0.001852
0,0.099361,-0.030723,0.164119,0.064218,0.198226,0.073916,0.001734,0.000536
0,0.172125,-0.080428,0.096765,-0.067831,0.134052,-0.10078,0.003004,0.001404
0,0.045544,-0.116679,-0.106082,-0.049171,-0.062115,-0.059417,0.000795,0.002036
0,0.108447,-0.148039,0.07115,-0.022325,0.040719,-0.000729,0.001893,0.002584
0,0.235088,0.030854,0.140483,0.153855,0.112354,0.104521,0.004103,0.000538
0,0.113646,-0.039373,-0.096018,-0.097869,-0.070495,-0.113782,0.001983,0.000687
0,0.053892,-0.082202,-0.074964,-0.012858,-0.08382,-0.025563,0.000941,0.001435
0,0.176049,0.05713,0.149202,0.140219,0.124709,0.159689,0.003073,0.000997
0,-0.06805,-0.123593,-0.272055,-0.189257,-0.28249,-0.205866,0.001188,0.002157
0,0.043792,-0.017974,0.141184,0.130531,0.136155,0.163015,0.000764,0.000314
0,0.062959,-0.109537,0.0161,-0.108027,0.046069,-0.062922,0.001099,0.001912
0,0.114679,0.000193,0.034086,0.096474,-0.001147,0.096226,0.002002,3e-06
0,0.2022,0.089826,0.069203,0.073553,0.114751,0.03974,0.003529,0.001568
0,0.198934,-0.147973,0.008148,-0.21997,0.03914,-0.246192,0.003472,0.002583
0,0.018235,-0.022417,-0.192469,0.142862,-0.20278,0.11462,0.000318,0.000391
0,0.091387,0.000729,0.089725,0.000131,0.106989,0.006104,0.001595,1.3e-05
0,0.107484,-0.140396,0.042855,-0.148053,0.016532,-0.099109,0.001876,0.00245
0,0.457786,0.909143,0.348682,1.063272,0.390381,1.044662,0.003762,0.004116
0,1.000599,1.019445,0.542507,0.105567,0.574539,0.123472,0.005712,0.005711
0,1.104232,1.047475,0.113635,0.038237,0.11485,0.056671,0.004231,0.005222
0,0.945068,0.750977,-0.169471,-0.270667,-0.192249,-0.287686,0.004743,0.001355
0,1.064136,0.728804,0.097446,-0.046838,0.114217,-0.040976,0.004931,0.000968
0,0.971735,0.453069,-0.119414,-0.296145,-0.078685,-0.305157,0.005208,0.003844
0,0.820137,0.155332,-0.147155,-0.277339,-0.099497,-0.312272,0.002562,0.002711
0,0.759108,0.05935,-0.064053,-0.067525,-0.077746,-0.091707,0.001497,0.001036
0,0.552125,-0.020737,-0.177846,-0.056093,-0.1524,-0.045595,0.002115,0.000362
0,0.471532,0.051684,-0.076007,0.053094,-0.104599,0.06934,0.003522,0.000902
0,-0.016265,-0.07327,-0.47117,-0.154862,-0.43856,-0.176054,0.000284,0.001279
0,-0.187636,-0.058803,-0.146811,0.02512,-0.196733,0.063615,0.003275,0.001026
0,-0.138871,0.001293,0.072243,0.053808,0.089916,0.053609,0.002424,2.3e-05
0,-0.292641,-0.135164,-0.13926,-0.106851,-0.096439,-0.08007,0.005108,0.002359
0,-0.338749,-0.166907,-0.058699,-0.007427,-0.027322,-0.034551,0.005839,0.002913
0,-0.077443,0.049945,0.282879,0.213018,0.280829,0.253366,0.001352,0.000872
0,0.01622,-0.036394,0.098568,-0.064284,0.059564,-0.044065,0.000283,0.000635
0,-0.159386,-0.184077,-0.159726,-0.121687,-0.163764,-0.084512,0.002782,0.003213
0,0.039864,-0.127186,0.189973,0.067445,0.188395,0.109077,0.000696,0.00222
0,0.045076,-0.169653,0.010243,-0.043484,0.00128,0.005697,0.000787,0.002961
0,-0.032005,-0.11732,-0.098453,0.058247,-0.106561,0.050867,0.000559,0.002048
0,-0.047919,-0.033377,0.007651,0.113381,-0.035698,0.108349,0.000836,0.000583
0,-0.182315,0.011658,-0.109279,0.038961,-0.101676,0.006936,0.003182,0.000203
0,-0.152721,-0.093405,0.026105,-0.127011,0.062603,-0.137431,0.002665,0.00163
0,-0.245216,-0.184205,-0.120056,-0.069242,-0.115104,-0.02035,0.00428,0.003215
0,-0.043757,0.009929,0.181244,0.217149,0.179267,0.257512,0.000764,0.000173
0,-0.08414,-0.165595,-0.042041,-0.202857,-0.071497,-0.215035,0.001469,0.00289
0,-0.076928,-0.13888,-0.022783,0.017397,-0.045116,0.032284,0.001343,0.002424
0,-0.089772,0.085979,-0.023426,0.220182,-0.026393,0.269407,0.001567,0.001501
0,0.005096,0.074096,0.079035,-0.019842,0.100062,-0.055526,8.9e-05,0.001293
0,-0.118522,0.028516,-0.095513,-0.033743,-0.046535,-0.057065,0.002069,0.000498
0,-0.09837,0.059505,0.023603,0.030058,0.056261,0.010451,0.001717,0.001039
0,-0.1264,0.096203,-0.017159,0.061832,0.026692,0.082,0.002206,0.001679
0,-0.105284,-0.172574,-0.007613,-0.27441,-0.033152,-0.274836,0.001838,0.003012
0,0.022366,0.104756,0.149067,0.255836,0.16384,0.248247,0.00039,0.001828
0,-0.216254,-0.134745,-0.240874,-0.219589,-0.268515,-0.219546,0.003774,0.002352
0,-0.210645,-0.048435,0.033791,0.104912,0.032533,0.068247,0.003676,0.000845
0,-0.124946,0.096504,0.109307,0.148618,0.127583,0.129802,0.002181,0.001684
0,0.025977,0.114165,0.122319,0.026849,0.147735,0.008901,0.000453,0.001993
0,-0.138925,-0.136557,-0.192925,-0.279138,-0.161818,-0.264218,0.002425,0.002383
0,-0.040828,0.104965,0.112984,0.212966,0.070642,0.189514,0.000713,0.001832
0,-0.011028,-0.070377,0.02237,-0.16209,0.024025,-0.115899,0.000192,0.001228
0,-0.078464,-0.088593,-0.07374,-0.000492,-0.077276,0.011869,0.001369,0.001546
0,0.01322,-0.172289,0.078391,-0.070973,0.108754,-0.046019,0.000231,0.003007
0,-0.103457,-0.075317,-0.107081,0.108765,-0.143077,0.066811,0.001806,0.001315
0,-0.082123,-0.026265,0.015099,0.023402,0.041159,0.010409,0.001433,0.000458
0,-0.110506,-0.034891,-0.019238,-0.00225,-0.032053,0.029297,0.001929,0.000609
0,-0.099906,0.011308,0.028855,0.069968,0.063564,0.060837,0.001744,0.000197
0,-0.121221,-0.150996,-0.017326,-0.189306,-0.0557,-0.231464,0.002116,0.002635
0,-0.31126,0.079523,-0.181429,0.223545,-0.189515,0.240088,0.005433,0.001388
0,-0.279898,0.095914,0.026905,0.039443,0.012968,0.003807,0.004885,0.001674
0,-0.177086,-0.120504,0.114419,-0.215909,0.132397,-0.240654,0.003091,0.002103
0,-0.268868,0.102428,-0.084313,0.251244,-0.1058,0.230963,0.004693,0.001788
0,-0.071498,0.018084,0.170602,-0.069538,0.175402,-0.036014,0.001248,0.000316
0,-0.064689,-0.136508,-0.011752,-0.183576,-0.004793,-0.145092,0.001129,0.002383
0,-0.05169,0.144489,0.030018,0.281601,0.075161,0.281848,0.000902,0.002522
0,-0.144395,-0.092599,-0.083408,-0.210192,-0.111173,-0.20086,0.00252,0.001616
0,-0.154606,0.059761,-0.029188,0.165564,-0.044432,0.20393,0.002698,0.001043
0,-0.225398,0.10382,-0.092439,0.037629,-0.054073,0.008251,0.003934,0.001812
0,-0.254708,-0.008067,-0.039827,-0.107471,-0.033929,-0.078145,0.004445,0.000141
0,-0.046307,-0.078027,0.234128,-0.055823,0.272084,-0.013558,0.000808,0.001362
0,-0.067699,-0.03657,-0.050952,0.029735,-0.076475,0.05824,0.001182,0.000638
0,0.017969,-0.017654,0.083384,0.015956,0.112529,0.011252,0.000314,0.000308
0,0.05488,0.093723,0.011571,0.094646,-0.024268,0.12134,0.000958,0.001636
0,0.055161,-0.133636,0.018819,-0.208563,0.060549,-0.184106,0.000963,0.002332
0,0.091874,-0.096666,0.054441,0.045035,0.020996,0.075197,0.001604,0.001687
0,-0.06102,-0.0249,-0.177644,0.075955,-0.222114,0.101233,0.001065,0.000435
0,-0.141807,-0.080848,-0.067943,-0.033596,-0.061621,0.015477,0.002475,0.001411
0,-0.131223,0.087428,0.023418,0.145849,-0.005894,0.176522,0.00229,0.001526
0,-0.047326,0.077723,0.06939,0.008079,0.060616,-0.003663,0.000826,0.001357
0,-0.055389,0.040705,0.019121,-0.044561,0.007506,-0.071236,0.000967,0.00071
0,0.105136,-0.035665,0.1609,-0.093674,0.121173,-0.107447,0.001835,0.000622
0,-0.076075,-0.039265,-0.163911,0.015623,-0.208786,0.037559,0.001328,0.000685
0,0.002312,0.102905,0.069998,0.143954,0.040212,0.129834,4e-05,0.001796
0,0.012293,-0.128308,0.026051,-0.238889,0.003011,-0.264697,0.000215,0.002239
0,0.130276,0.146127,0.144433,0.283917,0.096394,0.291401,0.002274,0.00255
0,-0.073608,0.148817,-0.185228,0.011542,-0.152134,-0.021057,0.001285,0.002597
0,-0.045813,0.103427,0.026367,-0.044105,0.032494,-0.02422,0.0008,0.001805
0,0.053408,0.117092,0.07053,0.016054,0.028299,0.028004,0.000932,0.002044
0,0.205789,0.174585,0.147864,0.048321,0.175153,0.072367,0.003592,0.003047
0,-0.038097,-0.04593,-0.248863,-0.231384,-0.230102,-0.247827,0.000665,0.000802
0,-0.081301,0.110614,-0.061461,0.180116,-0.022183,0.17495,0.001419,0.001931
0,0.132007,-0.028385,0.207194,-0.1146,0.196469,-0.099944,0.002304,0.000495
0,0.089372,0.000508,-0.063216,0.03959,-0.064008,0.020315,0.00156,9e-06
0,-0.150984,0.178171,-0.23239,0.166691,-0.205716,0.123972,0.002635,0.00311
0,-0.002566,-0.113145,0.14112,-0.306141,0.185293,-0.320484,4.5e-05,0.001975
0,-0.06814,-0.084038,-0.094837,0.001476,-0.076588,0.000164,0.001189,0.001467
0,-0.041736,0.096153,0.044579,0.203763,0.051033,0.213459,0.000728,0.001678
0,-0.198455,0.02351,-0.146245,-0.046444,-0.156884,-0.034711,0.003464,0.00041
0,-0.022376,0.067503,0.187212,0.043318,0.191463,-0.005194,0.000391,0.001178
0,-0.04454,0.061743,-0.037764,-0.025801,-0.017059,-0.014592,0.000777,0.001078
0,-0.082225,0.088961,-0.033353,0.044185,0.005685,0.036594,0.001435,0.001553
0,0.012721,0.008222,0.087216,-0.078969,0.066392,-0.064043,0.000222,0.000143
0,0.087258,-0.069088,0.090741,-0.071155,0.0738,-0.067429,0.001523,0.001206
0,-0.093002,0.050391,-0.198699,0.137076,-0.197138,0.160399,0.001623,0.000879
0,-0.117503,-0.151926,-0.017965,-0.230454,0.000253,-0.238708,0.002051,0.002652
0,-0.085739,0.128938,0.013554,0.292146,-0.000975,0.242337,0.001496,0.00225
0,0.116376,0.049609,0.204418,-0.071661,0.18952,-0.061191,0.002031,0.000866
0,-0.038943,0.104049,-0.127058,0.070097,-0.154516,0.022505,0.00068,0.001816
0,-0.060087,0.015325,0.005704,-0.085914,0.025867,-0.086677,0.001049,0.000267
0,0.069092,0.007817,0.108474,-0.027963,0.142258,-0.060379,0.001206,0.000136
0,-0.060998,-0.019818,-0.11524,-0.002545,-0.099432,0.002996,0.001065,0.000346
0,0.007293,-0.084029,0.079114,-0.044642,0.111313,0.000334,0.000127,0.001467
0,0.043153,0.063793,0.056446,0.171821,0.04853,0.209549,0.000753,0.001113
0,-0.079844,-0.016714,-0.118048,-0.069833,-0.146382,-0.096423,0.001394,0.000292
0,0.063512,0.048873,0.127169,0.037355,0.10074,0.043809,0.001108,0.000853
0,-0.017211,-0.142316,-0.107443,-0.207284,-0.085815,-0.159318,0.0003,0.002484
0,-0.030512,-0.121888,-0.016219,0.000305,-0.031203,0.042691,0.000533,0.002127
0,-0.096264,0.084437,-0.042049,0.197602,-0.010024,0.236561,0.00168,0.001474
0,0.066239,-0.089154,0.179593,-0.145341,0.207215,-0.184812,0.001156,0.001556
0,-0.058627,-0.105834,-0.137797,0.004587,-0.134516,0.04371,0.001023,0.001847
0,0.040103,0.299216,0.078272,0.393091,0.121592,0.422932,0.0007,0.005222
0,0.315338,0.537303,0.247048,0.229979,0.296237,0.265545,0.005504,0.002374
0,0.412516,0.945412,0.106578,0.399652,0.117398,0.377778,0.004552,0.004749
0,0.435475,0.806211,0.026229,-0.112961,0.052957,-0.085176,0.004151,0.002319
0,0.313879,0.807868,-0.097531,0.00207,-0.062065,-0.044947,0.005478,0.002348
0,0.215573,0.565541,-0.107964,-0.266215,-0.067993,-0.287773,0.003762,0.001881
0,0.068803,0.684886,-0.159992,0.130643,-0.157026,0.09076,0.001201,0.000202
0,0.152732,0.573993,0.090241,-0.103511,0.086859,-0.072185,0.002666,0.001734
0,0.112263,0.187287,-0.034666,-0.392524,-0.029543,-0.441131,0.001959,0.003269
0,-3.223986,-0.082646,-3.339309,-0.257217,-3.361963,-0.267571,0.002489,0.001442
0,-4.088617,-0.866754,-0.835594,-0.810598,-0.834954,-0.772623,0.00085,0.003376
0,-4.1286,-1.097534,-0.018382,-0.217545,-0.058745,-0.175975,0.001547,0.004348
0,-4.230147,-1.300848,-0.097092,-0.209121,-0.058911,-0.229664,0.00332,0.000799
0,-3.531407,-0.879625,0.677885,0.399359,0.657407,0.398868,0.002876,0.003601
0,-2.727392,-1.110487,0.809623,-0.211364,0.794242,-0.25094,0.000595,0.004122
0,-1.930778,-0.820676,0.7915,0.275451,0.840673,0.236756,0.001557,0.002572
0,-1.283305,-0.813836,0.64477,-0.001249,0.692516,0.019003,0.001106,0.002452
0,-0.29523,-0.703706,0.979792,0.104667,0.94969,0.138512,0.005153,0.00053
0,-0.29908,-0.584038,-0.000618,0.12143,-0.024804,0.115245,0.00522,0.001558
0,-0.184918,-0.253944,0.140511,0.328231,0.183251,0.323244,0.003227,0.004432
0,0.064905,-0.160627,0.268164,0.087405,0.258889,0.05477,0.001133,0.002803
0,0.257435,-0.217007,0.206686,-0.047592,0.181901,-0.017424,0.004493,0.003787
0,0.184224,-0.108935,-0.066889,0.110076,-0.018943,0.14189,0.003215,0.001901
0,0.254063,0.041233,0.076832,0.123427,0.068693,0.14246,0.004434,0.00072
0,0.333798,0.073615,0.08241,0.024367,0.07089,0.014525,0.005826,0.001285
0,0.447167,0.051932,0.126265,-0.050992,0.167417,-0.077481,0.003947,0.000906
0,0.238103,-0.056371,-0.220066,-0.092514,-0.248087,-0.11074,0.004156,0.000984
0,0.334528,-0.137577,0.079259,-0.106508,0.089815,-0.07924,0.005839,0.002401
0,0.216071,-0.031907,-0.14259,0.102094,-0.14762,0.110289,0.003771,0.000557
0,0.172584,-0.13994,-0.069207,-0.104727,-0.099403,-0.130413,0.003012,0.002442
0,0.156459,-0.016209,-0.045809,0.123072,-0.078552,0.077472,0.002731,0.000283
0,0.203358,0.095823,0.019199,0.135942,-0.001984,0.104217,0.003549,0.001672
0,0.105503,0.060516,-0.112568,-0.005415,-0.10619,-0.009199,0.001841,0.001056
0,0.092648,0.101717,-0.025402,0.066179,-0.018522,0.093962,0.001617,0.001775
0,0.140679,0.110852,0.035794,0.034226,-0.006705,0.028335,0.002455,0.001935
0,0.297053,0.105505,0.152034,-0.005508,0.141611,0.030852,0.005185,0.001841
0,0.100135,-0.03981,-0.224206,-0.150464,-0.259241,-0.138635,0.001748,0.000695
0,0.195887,0.059898,0.119421,0.12371,0.089798,0.131025,0.003419,0.001045
0,0.035806,-0.103265,-0.173707,-0.155076,-0.139898,-0.107113,0.000625,0.001802
0,0.111176,-0.163117,0.072676,-0.064142,0.048906,-0.025082,0.00194,0.002847
0,0.306935,0.10801,0.19319,0.300784,0.23364,0.278042,0.005357,0.001885
0,0.289801,0.069901,0.009902,-0.030527,0.029009,-0.032143,0.005058,0.00122
0,0.132237,-0.076001,-0.147051,-0.158565,-0.123763,-0.165074,0.002308,0.001326
0,0.115187,-0.135374,-0.01349,-0.05615,0.030672,-0.017174,0.00201,0.002363
0,0.02733,0.033009,-0.102793,0.154976,-0.090662,0.178944,0.000477,0.000576
0,0.080662,0.087365,0.069455,0.044494,0.044013,0.054153,0.001408,0.001525
0,0.105459,0.093185,0.022485,0.007259,-0.020032,-0.014153,0.001841,0.001626
0,0.26439,0.047259,0.174665,-0.060055,0.135003,-0.039157,0.004614,0.000825
0,0.22708,-0.092647,-0.034502,-0.167711,-0.019827,-0.162789,0.003963,0.001617
0,0.297822,-0.154494,0.084876,-0.049911,0.085879,-0.043193,0.005198,0.002696
0,0.005013,0.042161,-0.272211,0.187749,-0.242609,0.141966,8.7e-05,0.000736
0,0.208058,0.113051,0.182646,0.08714,0.156303,0.110363,0.003631,0.001973
0,0.134789,-0.101806,-0.076723,-0.199283,-0.084698,-0.212555,0.002353,0.001777
0,0.317887,-0.019159,0.162645,0.053527,0.146498,0.062368,0.005548,0.000334
0,0.21747,-0.144706,-0.118617,-0.132546,-0.070672,-0.139685,0.003796,0.002526
0,0.167911,-0.093884,-0.048335,0.076852,-0.025092,0.034562,0.002931,0.001639
0,0.288182,0.095539,0.096984,0.159503,0.114251,0.135268,0.00503,0.001667
0,0.180364,-0.077022,-0.088048,-0.190354,-0.089559,-0.204328,0.003148,0.001344
0,0.077618,-0.015725,-0.096028,0.084749,-0.128238,0.056447,0.001355,0.000274
0,0.131498,0.03056,0.059008,0.048988,0.084587,0.073064,0.002295,0.000533
0,0.008668,-0.074744,-0.107035,-0.129039,-0.119926,-0.123402,0.000151,0.001305
0,0.049755,0.11332,0.060108,0.211002,0.105168,0.203544,0.000868,0.001978
0,0.280387,0.065112,0.225525,-0.072042,0.188324,-0.103964,0.004894,0.001136
0,0.196553,-0.192141,-0.095671,-0.234484,-0.122186,-0.244894,0.00343,0.003353
0,-0.028969,0.059423,-0.244751,0.241512,-0.261164,0.219411,0.000506,0.001037
0,0.022246,-0.057584,0.034916,-0.100658,0.076774,-0.060197,0.000388,0.001005
0,0.145484,0.094667,0.133757,0.171411,0.169606,0.151253,0.002539,0.001652
0,0.018206,-0.099654,-0.147942,-0.191794,-0.172979,-0.236795,0.000318,0.001739
0,0.025612,0.018153,0.031855,0.121679,0.022904,0.086685,0.000447,0.000317
0,0.127212,-0.038246,0.129403,-0.053531,0.111435,-0.046314,0.00222,0.000668
0,0.044928,-0.173494,-0.072496,-0.156963,-0.110759,-0.150722,0.000784,0.003028
0,-0.077494,0.092335,-0.151709,0.276318,-0.130933,0.283806,0.001353,0.001612
0,-0.047286,-0.055526,0.051952,-0.153221,0.032207,-0.140693,0.000825,0.000969
0,-0.053124,-0.037803,0.011066,0.033928,0.031512,0.049994,0.000927,0.00066
0,0.222829,-0.062461,0.288054,-0.007845,0.292695,-0.037962,0.003889,0.00109
0,0.047808,0.012276,-0.20488,0.10321,-0.176288,0.109777,0.000834,0.000214
0,0.22108,0.076997,0.156344,0.088915,0.185828,0.099769,0.003859,0.001344
0,0.17421,-0.157646,-0.032578,-0.239839,-0.068226,-0.212356,0.003041,0.002751
0,0.126808,0.082072,-0.070573,0.214003,-0.104311,0.231012,0.002213,0.001432
0,0.102461,0.037064,-0.007548,-0.061354,-0.033632,-0.044282,0.001788,0.000647
0,0.085227,-0.072367,0.010138,-0.080763,0.036091,-0.050384,0.001487,0.001263
0,0.170254,-0.070033,0.091204,0.026104,0.055146,0.073809,0.002971,0.001222
0,0.046251,0.066204,-0.139807,0.132642,-0.175987,0.107889,0.000807,0.001155
0,0.034196,-0.140357,0.012868,-0.187824,-0.023449,-0.14899,0.000597,0.00245
0,0.276214,0.107421,0.262321,0.240622,0.301784,0.260729,0.004821,0.001875
0,0.341985,0.094691,0.045978,-0.031311,0.016984,0.012882,0.005783,0.001653
0,0.147055,-0.089809,-0.194435,-0.179349,-0.239973,-0.219258,0.002567,0.001567
0,0.335116,0.083522,0.163674,0.155232,0.119372,0.115774,0.005849,0.001458
0,0.20617,0.038707,-0.148584,-0.015096,-0.172684,-0.023223,0.003598,0.000676
0,-0.006122,-0.08225,-0.229566,-0.135007,-0.250614,-0.183069,0.000107,0.001436
0,0.079346,-0.065874,0.085439,0.030405,0.128789,0.040773,0.001385,0.00115
0,0.141104,-0.050163,0.071706,0.036479,0.077826,0.052517,0.002463,0.000876
0,0.230551,0.018963,0.093431,0.053364,0.067929,0.084979,0.004024,0.000331
0,0.071585,-0.009966,-0.141666,-0.028522,-0.102989,-0.061486,0.001249,0.000174
0,0.219516,-0.022318,0.152901,-0.036342,0.110056,-0.01855,0.003831,0.00039
0,0.208579,0.084221,-0.033821,0.095017,-0.043161,0.060092,0.00364,0.00147
0,0.074737,0.03165,-0.162006,-0.033442,-0.169305,-0.014065,0.001304,0.000552
0,0.126968,-0.098357,0.067538,-0.157373,0.116786,-0.190481,0.002216,0.001717
0,0.231601,0.066821,0.130206,0.141425,0.162681,0.175429,0.004042,0.001166
0,0.282002,-0.073228,0.067101,-0.155995,0.071474,-0.133877,0.004922,0.001278
0,0.265335,0.063932,-0.025853,0.136024,-0.017789,0.107329,0.004631,0.001116
0,0.342656,0.11131,0.072187,0.023099,0.105815,0.071206,0.005771,0.001943
0,0.057868,0.125157,-0.257469,0.039877,-0.238324,0.089274,0.00101,0.002184
0,0.268223,-0.115796,0.213091,-0.234699,0.248166,-0.254092,0.004681,0.002021
0,0.066116,0.055178,-0.183069,0.174829,-0.19176,0.215696,0.001154,0.000963
0,0.17514,0.074855,0.113276,0.028492,0.077157,0.00809,0.003057,0.001306
0,0.027356,0.119414,-0.152614,0.031206,-0.177592,0.00746,0.000477,0.002084
0,-0.002122,-0.062675,-0.004035,-0.18685,-0.003676,-0.216026,3.7e-05,0.001094
0,-0.108202,0.081886,-0.079514,0.160176,-0.036902,0.134027,0.001888,0.001429
0,0.151616,0.04817,0.280243,-0.047198,0.292469,-0.002723,0.002646,0.000841
0,-0.108006,-0.153816,-0.240755,-0.177491,-0.263425,-0.187073,0.001885,0.002685
0,0.09648,-0.083208,0.176675,0.087577,0.17054,0.081017,0.001684,0.001452
0,-0.121706,-0.063473,-0.195698,0.021772,-0.223332,0.046558,0.002124,0.001108
0,0.063604,-0.122005,0.163669,-0.071607,0.128479,-0.096224,0.00111,0.002129
0,0.012174,-0.117011,-0.030046,-0.021659,-0.066141,-0.06195,0.000212,0.002042
0,-0.009116,0.14403,-0.031662,0.265615,-0.067485,0.265326,0.000159,0.002514
0,0.21193,-0.110901,0.220686,-0.283086,0.206002,-0.243269,0.003699,0.001936
0,-0.009861,-0.019497,-0.194961,0.072916,-0.238123,0.034323,0.000172,0.00034
0,0.170711,-0.036607,0.154068,-0.027809,0.201278,0.017354,0.002979,0.000639
0,0.036153,-0.028311,-0.125816,0.001514,-0.155376,0.018803,0.000631,0.000494
0,-0.0585,-0.079368,-0.076378,-0.077242,-0.075566,-0.093537,0.001021,0.001385
0,0.132945,0.161451,0.204845,0.246671,0.204005,0.208234,0.00232,0.002818
0,0.078663,-0.019382,-0.030931,-0.204312,-0.009003,-0.167002,0.001373,0.000338
0,0.070712,-0.121538,-0.027486,-0.079041,6.5e-05,-0.044916,0.001234,0.002121
0,-0.009237,0.147283,-0.093816,0.28638,-0.133997,0.286035,0.000161,0.002571
0,0.007811,-0.006216,0.028023,-0.157595,0.063407,-0.128145,0.000136,0.000108
0,0.228836,0.015411,0.196251,0.012252,0.15948,0.00575,0.003994,0.000269
0,0.076633,-0.088738,-0.179816,-0.095653,-0.221048,-0.049071,0.001338,0.001549
0,0.136321,-0.074788,0.060145,0.035467,0.045201,0.002785,0.002379,0.001305
0,0.098471,-0.039263,-0.060387,0.019207,-0.026639,0.001551,0.001719,0.000685
0,-0.023275,0.117604,-0.117566,0.140018,-0.167027,0.142082,0.000406,0.002053
0,-0.026358,0.072933,0.014434,-0.047258,0.006713,-0.048175,0.00046,0.001273
0,0.158639,0.068145,0.159068,-0.027202,0.147911,-0.045432,0.002769,0.001189
0,-0.031401,0.101115,-0.164995,0.02617,-0.145337,0.03294,0.000548,0.001765
0,-0.017709,0.143108,0.009006,0.058378,0.015156,0.107523,0.000309,0.002498
0,0.095712,-0.030585,0.121726,-0.159311,0.082267,-0.19263,0.00167,0.000534
0,0.017513,-0.085086,-0.070986,-0.046554,-0.098454,-0.025951,0.000306,0.001485
0,0.060293,0.055644,0.040173,0.165512,0.073396,0.162294,0.001052,0.000971
0,0.183345,0.086899,0.093414,0.032652,0.101154,0.015821,0.0032,0.001517
0,0.060544,0.737005,-0.121241,0.668992,-0.120995,0.658553,0.001057,0.001111
0,-0.075133,1.070344,-0.156215,0.339349,-0.124569,0.367386,0.001311,0.004822
0,-0.277716,1.96155,-0.187619,0.873161,-0.157636,0.836383,0.004847,0.00102
0,-0.29706,2.069773,-0.019542,0.123241,-0.055953,0.115588,0.005185,0.000869
0,-0.250849,1.803081,0.038833,-0.269272,0.055727,-0.233941,0.004378,0.003785
0,-0.257243,1.446272,0.006832,-0.355447,-0.00515,-0.306891,0.00449,0.001739
0,-0.233697,1.243237,0.003083,-0.228282,-0.018207,-0.190002,0.004079,0.001805
0,-0.397012,0.787463,-0.17039,-0.430459,-0.169913,-0.424649,0.004823,0.001992
0,-0.175429,0.246991,0.193126,-0.511665,0.213251,-0.521381,0.003062,0.004311
0,-0.110464,0.035166,0.046832,-0.203432,0.084615,-0.174954,0.001928,0.000614
0,-0.105053,0.092508,-0.009135,0.031402,0.030004,0.035209,0.001834,0.001615
0,-0.1913,0.074621,-0.057218,0.003745,-0.05992,0.001757,0.003339,0.001302
0,-0.111653,0.093135,0.060349,0.01839,0.042087,0.016563,0.001949,0.001626
0,-0.016302,-0.115189,0.096164,-0.179042,0.055661,-0.172208,0.000285,0.00201
0,-0.25306,0.027327,-0.233374,0.17189,-0.199389,0.199748,0.004417,0.000477
0,-0.146774,-0.061397,0.098578,-0.062568,0.090342,-0.063718,0.002562,0.001072
0,-0.087234,-0.017112,0.044529,0.027274,0.033308,-0.022286,0.001523,0.000299
0,-0.141851,0.064436,-0.084189,0.077482,-0.117388,0.120311,0.002476,0.001125
0,-0.104278,-0.219926,0.063895,-0.302303,0.043262,-0.258337,0.00182,0.003838
0,-0.14497,-0.003241,-0.056656,0.210736,-0.01265,0.206682,0.00253,5.7e-05
0,-0.103461,0.007974,0.019825,0.018635,0.018221,0.003675,0.001806,0.000139
0,-0.200529,-0.23129,-0.069153,-0.20985,-0.061892,-0.173704,0.0035,0.004037
0,-0.253285,-0.089116,-0.07103,0.160054,-0.078266,0.178473,0.004421,0.001555
0,-0.272337,0.018865,-0.013707,0.103409,-0.058066,0.054363,0.004753,0.000329
0,-0.129001,-0.198438,0.154534,-0.215859,0.142648,-0.170081,0.002251,0.003463
0,-0.101856,-0.054485,0.031929,0.13252,0.066929,0.122979,0.001778,0.000951
0,-0.039407,-0.064424,0.068766,-0.00671,0.072095,0.03378,0.000688,0.001124
0,-0.085696,-0.050321,-0.020261,0.005555,0.029061,0.024379,0.001496,0.000878
0,-0.125194,-0.208929,-0.046073,-0.139904,-0.04515,-0.102538,0.002185,0.003646
0,-0.226166,0.077472,-0.130522,0.298083,-0.130482,0.345001,0.003947,0.001352
0,-0.022006,0.012527,0.220696,-0.068901,0.194593,-0.08281,0.000384,0.000219
0,0.060647,-0.184472,0.092563,-0.225339,0.054146,-0.202263,0.001058,0.00322
0,-0.023678,-0.017718,-0.069001,0.156771,-0.035033,0.18085,0.000413,0.000309
0,-0.146924,-0.028749,-0.143471,-0.001539,-0.157151,-0.014274,0.002564,0.000502
0,0.078848,-0.123507,0.22387,-0.115809,0.178168,-0.111735,0.001376,0.002156
0,-0.173261,-0.125076,-0.236382,0.006828,-0.275204,0.02826,0.003024,0.002183
0,-0.099801,-0.03308,0.085675,0.082502,0.078775,0.099467,0.001742,0.000577
0,-0.031595,-0.099905,0.096085,-0.052919,0.095213,-0.084881,0.000551,0.001744
0,-0.122632,0.001906,-0.093755,0.128329,-0.141926,0.142669,0.00214,3.3e-05
0,0.091344,-0.219069,0.20486,-0.193826,0.229967,-0.239964,0.001594,0.003823
0,0.071133,0.049761,-0.006597,0.255577,0.026298,0.273561,0.001242,0.000868
0,0.020267,-0.086426,-0.027388,-0.155149,0.014443,-0.12081,0.000354,0.001508
0,-0.058659,-0.141116,-0.084191,-0.074297,-0.052365,-0.051928,0.001024,0.002463
0,0.060443,0.013073,0.093942,0.171106,0.115389,0.17161,0.001055,0.000228
0,0.061808,-0.114643,-0.000487,-0.100776,0.033488,-0.066363,0.001079,0.002001
0,-0.187622,-0.024841,-0.232791,0.105495,-0.20332,0.056944,0.003275,0.000434
0,-0.109325,-0.055996,0.051914,-0.009567,0.054399,0.019156,0.001908,0.000977
0,-0.166164,-0.015774,-0.050504,0.046467,-0.024399,0.057376,0.0029,0.000275
0,-0.024642,-0.102928,0.146414,-0.070331,0.164112,-0.047067,0.00043,0.001796
0,0.113511,0.014938,0.166215,0.117191,0.182006,0.098247,0.001981,0.000261
0,-0.197099,-0.048059,-0.291944,-0.042335,-0.245376,-0.000948,0.00344,0.000839
0,-0.1459,-0.065844,0.049566,-0.037664,0.095899,-0.032172,0.002546,0.001149
0,-0.18832,-0.080505,-0.056673,-0.007257,-0.012209,0.024386,0.003287,0.001405
0,0.059306,0.059617,0.240641,0.136548,0.204541,0.101868,0.001035,0.001041
0,-0.110425,-0.076512,-0.173222,-0.108829,-0.162582,-0.094347,0.001927,0.001335
0,-0.069579,-0.182659,0.054772,-0.112411,0.022096,-0.112191,0.001214,0.003188
0,0.023389,-0.094981,0.083146,0.115486,0.117587,0.112144,0.000408,0.001658
0,-0.016938,-0.078437,-0.022196,0.01608,-0.049246,0.042102,0.000296,0.001369
0,0.069966,0.036654,0.088828,0.103595,0.095849,0.107634,0.001221,0.00064
0,-0.023996,0.013019,-0.086638,-0.029434,-0.100579,-0.055821,0.000419,0.000227
0,0.212333,-0.10143,0.254632,-0.108366,0.225042,-0.085886,0.003706,0.00177
0,0.12569,0.070028,-0.091006,0.169079,-0.060652,0.152889,0.002194,0.001222
0,-0.075469,0.013916,-0.214704,-0.045672,-0.192052,-0.057624,0.001317,0.000243
0,0.151974,-0.07653,0.228509,-0.117217,0.199372,-0.134,0.002652,0.001336
0,0.189966,-0.034786,0.04665,0.027174,0.016034,0.014626,0.003316,0.000607
0,-0.035283,-0.036451,-0.238415,0.024761,-0.268386,-0.000832,0.000616,0.000636
0,-0.05549,-0.043857,-0.017055,-0.031528,-0.036837,-0.065001,0.000968,0.000765
0,0.189143,-0.019306,0.224388,0.018647,0.247851,0.028396,0.003301,0.000337
0,0.115661,0.013233,-0.087417,0.027608,-0.11265,0.033007,0.002019,0.000231
0,0.141513,0.068263,0.028548,0.030887,-0.017682,0.000312,0.00247,0.001191
0,-0.045825,0.213279,-0.201928,0.1268,-0.160964,0.163441,0.0008,0.003722
0,-0.405712,0.51249,-0.334284,0.313349,-0.31489,0.292884,0.004671,0.002807
0,-0.529975,0.658051,-0.094816,0.139637,-0.077329,0.151816,0.002502,0.000267
0,-0.375919,0.604634,0.126161,-0.082065,0.096775,-0.069552,0.005191,0.001199
0,-0.289548,0.36446,0.110004,-0.259881,0.07669,-0.244118,0.005054,0.005391
0,-0.377867,0.258886,-0.074524,-0.134548,-0.122825,-0.170338,0.005157,0.004518
0,-0.071339,0.15247,0.317816,-0.102513,0.300324,-0.127404,0.001245,0.002661
0,-0.042739,0.091176,0.032157,-0.040884,-0.016417,-0.089665,0.000746,0.001591
0,-0.123383,0.305765,-0.052053,0.222144,-0.078682,0.252729,0.002153,0.005337
0,-0.210136,0.315848,-0.11137,-0.015412,-0.115859,-0.042292,0.003668,0.005513
0,-0.248007,0.083414,-0.061007,-0.226958,-0.030276,-0.204559,0.004329,0.001456
0,-0.095509,0.06005,0.127234,-0.014168,0.135062,-0.05986,0.001667,0.001048
0,0.021722,0.111119,0.095969,0.080557,0.061022,0.056157,0.000379,0.001939
0,0.010099,0.311726,-0.040963,0.222779,-0.075144,0.214724,0.000176,0.005441
0,-0.207648,0.375172,-0.191573,0.073882,-0.158031,0.0951,0.003624,0.005204
0,0.040222,0.22118,0.236736,-0.155916,0.278637,-0.165205,0.000702,0.00386
0,-0.071622,0.121588,-0.101346,-0.116441,-0.070161,-0.109367,0.00125,0.002122
0,0.060397,0.031937,0.105919,-0.103287,0.131396,-0.141666,0.001054,0.000557
0,-0.008849,0.027458,-0.090523,-0.033369,-0.043106,0.009532,0.000154,0.000479
0,-0.076517,0.10171,-0.050758,0.07384,-0.026726,0.119825,0.001335,0.001775
0,-0.094661,0.14707,-0.044492,0.03734,-0.092855,0.058353,0.001652,0.002567
0,-0.117654,-0.142143,-0.023565,-0.279875,0.011111,-0.289026,0.002053,0.002481
0,-0.068212,0.013523,0.028542,0.176359,-0.001302,0.150748,0.001191,0.000236
0,0.005238,0.147417,0.052609,0.127545,0.060065,0.112703,9.1e-05,0.002573
0,-0.037212,0.075727,-0.059396,-0.06888,-0.010257,-0.050432,0.000649,0.001322
0,-0.09608,-0.009783,-0.050543,-0.107444,-0.049273,-0.063586,0.001677,0.000171
0,-0.088802,0.019494,0.031595,0.056146,0.026194,0.032378,0.00155,0.00034
0,-0.162436,0.117805,-0.095654,0.104053,-0.137968,0.071534,0.002835,0.002056
0,0.009519,-0.067431,0.179401,-0.178717,0.168612,-0.156632,0.000166,0.001177
0,-0.186628,-0.142744,-0.224635,-0.091003,-0.185528,-0.07724,0.003257,0.002491
0,-0.012227,0.043071,0.165946,0.213454,0.180028,0.228738,0.000213,0.000752
0,0.017968,-0.103996,0.02357,-0.133857,0.050253,-0.12423,0.000314,0.001815
0,-0.063819,-0.101106,-0.098451,0.007489,-0.068681,0.046317,0.001114,0.001765
0,0.090936,-0.156641,0.164077,-0.048248,0.209477,-0.072976,0.001587,0.002734
0,-0.089418,-0.015595,-0.168437,0.146893,-0.209129,0.127328,0.001561,0.000272
0,0.019391,-0.154928,0.116113,-0.151878,0.092396,-0.181753,0.000338,0.002704
0,0.137242,0.083287,0.103308,0.211854,0.100531,0.23887,0.002395,0.001454
0,-0.035196,-0.107971,-0.191155,-0.176496,-0.234111,-0.128022,0.000614,0.001884
0,0.158028,0.112476,0.184191,0.240468,0.163041,0.257213,0.002758,0.001963
0,0.104175,0.105413,-0.031602,-0.028368,-0.025697,-0.038551,0.001818,0.00184
0,0.089764,-0.061729,-0.002378,-0.169916,-0.036002,-0.184946,0.001567,0.001077
0,0.076442,0.035163,-0.025861,0.102513,0.010167,0.141118,0.001334,0.000614
0,-0.03811,-0.121415,-0.095248,-0.146417,-0.062893,-0.166402,0.000665,0.002119
0,0.047619,0.158307,0.073861,0.26105,0.11505,0.286448,0.000831,0.002763
0,0.136848,0.032223,0.114909,-0.148445,0.065509,-0.147728,0.002388,0.000562
0,0.098135,0.14562,-0.051341,0.124657,-0.053976,0.10823,0.001713,0.002542
0,-0.004106,-0.092177,-0.103417,-0.22265,-0.08224,-0.216728,7.2e-05,0.001609
0,-0.125242,0.019068,-0.092909,0.1143,-0.059233,0.15646,0.002186,0.000333
0,0.092316,-0.172157,0.216569,-0.200878,0.171522,-0.15593,0.001611,0.003005
0,0.010717,0.105742,-0.105679,0.298609,-0.112378,0.308607,0.000187,0.001846
0,-0.067276,-0.106314,-0.101339,-0.241812,-0.105421,-0.229364,0.001174,0.001856
0,-0.097829,0.136342,-0.00341,0.222634,0.032451,0.216835,0.001707,0.00238
0,0.030712,-0.144527,0.119489,-0.298048,0.117275,-0.270613,0.000536,0.002522
0,-0.239092,-0.040668,-0.25352,0.111337,-0.272499,0.159295,0.004173,0.00071
0,-0.078339,0.111105,0.169631,0.161576,0.210176,0.183614,0.001367,0.001939
0,-0.109427,-0.063282,-0.042159,-0.15751,-0.074016,-0.15365,0.00191,0.001104
0,-0.228364,-0.020674,-0.146898,0.031783,-0.167042,0.068452,0.003986,0.000361
0,-0.065589,-0.172157,0.1455,-0.133453,0.189487,-0.155895,0.001145,0.003005
0,-0.204114,0.061904,-0.141318,0.215589,-0.141564,0.173581,0.003562,0.00108
0,-0.244402,-0.037767,-0.061574,-0.086769,-0.078039,-0.110492,0.004266,0.000659
0,-0.001737,0.042501,0.22497,0.094532,0.243698,0.133842,3e-05,0.000742
0,-0.159844,-0.043452,-0.154099,-0.107965,-0.148406,-0.068004,0.00279,0.000758
0,-0.172928,-0.13932,-0.016827,-0.093568,-0.013661,-0.13523,0.003018,0.002432
0,-0.15176,0.020361,-0.003981,0.15137,-0.014588,0.142883,0.002649,0.000355
0,-0.053019,-0.103559,0.106036,-0.133208,0.091957,-0.179963,0.000925,0.001807
0,0.034793,0.109653,0.084191,0.225255,0.070842,0.236775,0.000607,0.001914
0,-0.053647,-0.008917,-0.070531,-0.115897,-0.028423,-0.088388,0.000936,0.000156
0,-0.068249,-0.047391,-0.002542,-0.009584,-0.021368,-0.054314,0.001191,0.000827
0,-0.049767,-0.016145,-0.007428,0.05751,-0.008726,0.101013,0.000869,0.000282
0,-0.128465,0.103366,-0.086417,0.095486,-0.085303,0.130029,0.002242,0.001804
0,0.10915,0.135111,0.240154,0.039019,0.194111,-0.005115,0.001905,0.002358
0,-0.158354,-0.102579,-0.239159,-0.236081,-0.200833,-0.259579,0.002764,0.00179
0,-0.037422,0.027315,0.148886,0.135089,0.147831,0.126221,0.000653,0.000477
0,-0.102317,0.012929,-0.054811,0.012277,-0.034663,0.026665,0.001786,0.000226
0,0.052354,0.034916,0.141659,0.008225,0.121489,0.033499,0.000914,0.000609
0,-0.017187,-0.100269,-0.063623,-0.12504,-0.110408,-0.094014,0.0003,0.00175
0,-0.200234,0.010425,-0.199789,0.140469,-0.150731,0.137049,0.003495,0.000182
0,0.05752,0.04883,0.273593,0.047462,0.290155,0.076201,0.001004,0.000852
0,0.009109,0.088028,-0.047064,0.059129,-0.043687,0.076422,0.000159,0.001536
0,0.009883,0.017906,-0.004682,-0.055771,0.041111,-0.065836,0.000172,0.000313
0,0.070469,0.04692,0.033606,0.033446,0.021072,0.045325,0.00123,0.000819
0,-0.016186,0.107113,-0.068742,0.079201,-0.065206,0.032006,0.000283,0.001869
0,0.107376,0.069066,0.138249,-0.016835,0.159872,0.002932,0.001874,0.001205
0,0.093847,0.103507,-0.033713,0.057551,-0.08288,0.051978,0.001638,0.001807
0,0.01557,0.142991,-0.05299,0.035794,-0.024533,0.032381,0.000272,0.002496
0,-0.136464,-0.00714,-0.148702,-0.142727,-0.171203,-0.182939,0.002382,0.000125
0,-0.122179,0.049454,0.006523,0.043064,0.041188,0.059828,0.002132,0.000863
0,-0.01983,-0.006226,0.117284,-0.081425,0.149043,-0.071844,0.000346,0.000109
0,-0.198047,0.069983,-0.200779,0.092271,-0.228592,0.068735,0.003457,0.001221
0,-3.972039,-0.871118,-3.74629,-0.964983,-3.788967,-0.95196,0.001185,0.003452
0,-5.217968,-1.567862,-1.224377,-0.718445,-1.263937,-0.704326,0.002943,0.003861
0,-5.125318,-2.072261,0.064661,-0.520324,0.09764,-0.549453,0.00456,0.000913
0,-3.820145,-2.293353,1.309323,-0.194148,1.290278,-0.212234,0.003836,0.004771
0,-3.433359,-2.002465,0.403482,0.283721,0.355564,0.293085,0.001165,0.000305
0,-2.000156,-1.649568,1.460048,0.346086,1.507003,0.358523,0.000346,0.005287
0,-1.580054,-1.184435,0.421504,0.493775,0.373129,0.520283,0.004074,0.002831
0,-0.990764,-0.826106,0.570913,0.380794,0.56819,0.392356,0.00554,0.002667
0,-0.424253,-0.250646,0.536783,0.589709,0.555664,0.598687,0.004347,0.004375
0,0.127619,-0.069221,0.533881,0.177656,0.531387,0.223671,0.002227,0.001208
0,0.420517,-0.101485,0.313417,-0.036159,0.306748,-0.058153,0.004412,0.001771
0,0.417374,0.096553,-0.009959,0.21807,-0.048539,0.261519,0.004467,0.001685
0,0.161636,-0.012738,-0.230009,-0.090253,-0.181618,-0.133733,0.002821,0.000222
0,0.23805,0.1739,0.055977,0.206684,0.057449,0.169184,0.004155,0.003035
0,0.10582,0.084523,-0.138371,-0.099174,-0.130705,-0.099133,0.001847,0.001475
0,0.078693,0.017911,-0.005866,-0.095215,0.042001,-0.099008,0.001373,0.000313
0,0.270388,0.206866,0.193096,0.18621,0.16118,0.143171,0.004719,0.00361
0,0.101523,0.197706,-0.17512,-0.023082,-0.217669,-0.031953,0.001772,0.003451
0,0.148554,0.140411,0.047643,-0.077199,0.013686,-0.066858,0.002593,0.002451
0,0.293518,0.23701,0.136815,0.104322,0.173035,0.140573,0.005123,0.004137
0,0.196596,0.148282,-0.074202,-0.103273,-0.028023,-0.140306,0.003431,0.002588
0,0.145191,0.174509,-0.075049,0.032112,-0.045713,0.017575,0.002534,0.003046
0,0.14092,0.216822,0.004756,0.063823,0.019285,0.103163,0.00246,0.003784
0,0.022504,0.183333,-0.122944,-0.046189,-0.093202,-0.00208,0.000393,0.0032
0,0.265384,0.177078,0.267961,0.00148,0.250358,0.017448,0.004632,0.003091
0,0.246979,0.067965,-0.020692,-0.108378,-0.008771,-0.059761,0.004311,0.001186
0,0.095528,0.243788,-0.123049,0.191617,-0.079002,0.193435,0.001667,0.004255
0,0.060048,0.299053,-0.021255,0.076251,-0.001397,0.033877,0.001048,0.005219
0,0.144044,0.148182,0.059962,-0.165448,0.040074,-0.18972,0.002514,0.002586
0,0.31098,0.268094,0.147736,0.117654,0.193337,0.112648,0.005428,0.004679
0,0.224665,0.244559,-0.098982,-0.031468,-0.110227,-0.008205,0.003921,0.004268
0,0.175354,0.094438,-0.045553,-0.140469,-0.021994,-0.165285,0.00306,0.001648
0,0.121554,0.101959,-0.027292,0.013301,-0.043117,-0.016911,0.002122,0.00178
0,0.328071,0.082019,0.195181,-0.027845,0.19254,-0.032388,0.005726,0.001432
0,1.869524,1.062197,1.53892,0.956567,1.570213,0.961546,0.002626,0.004965
0,4.010567,1.114491,2.17052,0.053683,2.213369,0.021225,0.000513,0.004052
0,3.748186,1.224103,-0.287779,0.133237,-0.241177,0.096863,0.005092,0.002139
0,3.9745,0.905878,0.253376,-0.338571,0.249353,-0.375826,0.001142,0.004059
0,4.017294,0.543115,0.062748,-0.355761,0.051885,-0.364674,0.000395,0.002273
0,3.179499,0.651445,-0.849337,0.134009,-0.841709,0.159806,0.003266,0.000382
0,2.182279,0.46849,-1.011307,-0.165861,-1.033478,-0.182961,0.002833,0.003575
0,1.372704,0.320979,-0.81995,-0.136931,-0.799186,-0.170765,0.000455,0.005602
0,0.904786,0.01421,-0.470731,-0.283587,-0.460553,-0.23914,0.00404,0.000248
0,0.37599,-0.12131,-0.509375,-0.148037,-0.515008,-0.17004,0.005189,0.002117
0,0.046724,-0.132527,-0.330656,-0.02051,-0.324096,0.014283,0.000815,0.002313
0,-0.205895,-0.058397,-0.274351,0.09551,-0.248987,0.050777,0.003594,0.001019
0,-0.436739,-0.209695,-0.244978,-0.174693,-0.196098,-0.127127,0.004129,0.00366
0,-0.416879,-0.258075,-0.008535,-0.039435,-0.008989,-0.078218,0.004476,0.004504
0,-0.193989,-0.219899,0.233609,0.025567,0.265931,0.059934,0.003386,0.003838
0,-0.077088,0.007184,0.101437,0.216489,0.102264,0.218593,0.001345,0.000125
0,-0.056998,-0.193227,0.03842,-0.209863,0.00646,-0.197654,0.000995,0.003372
0,-0.281956,-0.122149,-0.232184,0.043721,-0.198025,0.053711,0.004921,0.002132
0,-0.946236,1.673444,-0.691043,1.805789,-0.725182,1.815687,0.004763,0.005704
0,-3.070408,2.514727,-2.11249,0.820742,-2.074622,0.806012,0.00517,0.003117
0,-3.152204,2.667983,-0.09947,0.129372,-0.067281,0.141133,0.003742,0.000442
0,-2.792262,2.320538,0.387687,-0.340874,0.425886,-0.348251,0.001727,0.005246
0,-2.271835,1.634964,0.509696,-0.683112,0.54293,-0.686927,0.004396,0.005032
0,-2.096351,1.167523,0.163383,-0.472072,0.183437,-0.473809,0.001333,0.003126
0,-1.176707,0.873784,0.931708,-0.281477,0.962216,-0.256867,0.002966,0.003499
0,-0.985205,0.539457,0.185943,-0.345993,0.167316,-0.390118,0.005443,0.002336
0,-0.767758,0.46278,0.196567,-0.087505,0.21634,-0.109623,0.001648,0.003675
0,-0.524615,0.363124,0.230232,-0.11796,0.25463,-0.0827,0.002595,0.005414
0,-0.35377,0.071319,0.170949,-0.310277,0.134433,-0.3441,0.005577,0.001245
0,0.118744,0.067161,0.449559,0.004159,0.43222,-0.008281,0.002072,0.001172
0,0.238918,0.052547,0.1293,0.002901,0.080801,-0.027648,0.00417,0.000917
0,0.397158,-0.207597,0.14388,-0.288493,0.143701,-0.281272,0.00482,0.003623
0,0.449545,-0.039396,0.052058,0.186351,0.023335,0.182422,0.003906,0.000688
0,0.371499,-0.219004,-0.091456,-0.19936,-0.076971,-0.22301,0.005268,0.003822
0,0.068853,-0.12704,-0.285121,0.088242,-0.28578,0.070965,0.001202,0.002217
0,0.201315,-0.361393,0.135841,-0.244091,0.146039,-0.213257,0.003514,0.005444
0,0.121917,-0.06061,-0.097336,0.278537,-0.102148,0.283082,0.002128,0.001058
0,-0.000309,-0.215761,-0.141317,-0.182153,-0.143531,-0.231361,5e-06,0.003766
0,0.044485,0.060147,0.018062,0.285344,0.003112,0.257971,0.000776,0.00105
0,0.038683,0.048408,0.016759,-0.018259,0.037204,-0.066533,0.000675,0.000845
0,0.130089,0.08915,0.077892,0.036894,0.075544,0.074836,0.00227,0.001556
0,0.095597,-0.107715,-0.045321,-0.178732,-0.042104,-0.188687,0.001668,0.00188
0,-0.129569,-0.003237,-0.202517,0.094278,-0.201135,0.087492,0.002261,5.6e-05
0,-0.009285,-0.165539,0.130302,-0.186596,0.094464,-0.141528,0.000162,0.002889
0,-0.045847,-0.087238,-0.050602,0.049679,-0.042211,0.085966,0.0008,0.001523
0,-0.153316,-0.122225,-0.114276,-0.005333,-0.09888,-0.043875,0.002676,0.002133
0,-0.14109,-0.002135,0.002642,0.124962,-0.020194,0.124221,0.002462,3.7e-05
0,-0.19976,-0.10436,-0.053988,-0.07336,-0.055176,-0.045927,0.003486,0.001821
0,-0.086932,-0.074934,0.09569,0.035037,0.055258,0.021845,0.001517,0.001308
0,-0.267875,0.098838,-0.183339,0.154174,-0.218962,0.143248,0.004675,0.001725
0,-0.333167,-0.161199,-0.086303,-0.23782,-0.125224,-0.269231,0.005815,0.002813
0,-0.066492,0.100944,0.266166,0.269796,0.276613,0.283574,0.001161,0.001762
0,-0.301103,-0.111526,-0.221365,-0.209876,-0.265437,-0.19056,0.005255,0.001946
0,-0.06781,-0.118323,0.22795,0.010572,0.180521,0.054885,0.001183,0.002065
0,-0.037171,0.139986,0.016836,0.27243,0.031201,0.240141,0.000649,0.002443
0,-0.123382,-0.014666,-0.115468,-0.155125,-0.070983,-0.177678,0.002153,0.000256
0,-0.008954,0.024065,0.113726,0.045893,0.12036,0.071216,0.000156,0.00042
0,-0.243647,-0.028458,-0.205164,-0.06996,-0.166422,-0.109747,0.004252,0.000497
0,-0.126317,0.062298,0.100713,0.061461,0.091386,0.102252,0.002205,0.001087
0,-0.064791,-0.144354,0.062573,-0.177309,0.094875,-0.155436,0.001131,0.002519
0,-0.07095,-0.017954,0.020903,0.098461,0.040953,0.147949,0.001238,0.000313
0,-0.20718,0.064174,-0.151273,0.056047,-0.19519,0.05903,0.003616,0.00112
0,-0.114819,-0.044334,0.091621,-0.091515,0.067736,-0.068512,0.002004,0.000774
0,0.094527,0.036053,0.201665,0.095082,0.168993,0.143558,0.00165,0.000629
0,-0.06037,0.091727,-0.162539,0.08082,-0.202778,0.07861,0.001054,0.001601
0,-0.038271,-0.068657,0.046992,-0.158315,0.040181,-0.206868,0.000668,0.001198
0,0.030133,-0.09822,0.046382,-0.037768,0.086312,-0.062995,0.000526,0.001714
0,-0.082348,0.121191,-0.118787,0.22924,-0.162823,0.245689,0.001437,0.002115
0,0.098007,0.075209,0.187532,-0.028036,0.223444,-0.000382,0.001711,0.001313
0,0.057626,-0.00018,-0.014241,-0.072976,0.025096,-0.112174,0.001006,3e-06
0,0.027269,-0.104944,-0.020873,-0.124719,0.010142,-0.125908,0.000476,0.001832
0,0.04367,-0.093652,0.025028,0.012746,-0.005351,0.039742,0.000762,0.001635
0,0.098284,0.192993,0.07983,0.306907,0.12367,0.334092,0.001715,0.003368
0,0.176391,0.001766,0.103093,-0.197067,0.064873,-0.223209,0.003079,3.1e-05
0,0.247908,0.070823,0.08299,0.0696,0.065119,0.099211,0.004327,0.001236
0,0.140899,0.186926,-0.094506,0.136357,-0.111128,0.101252,0.002459,0.003262
0,0.073885,0.195676,-0.046435,-0.000174,0.000151,0.048572,0.00129,0.003415
0,-0.044507,-0.023066,-0.106896,-0.208009,-0.108181,-0.220558,0.000777,0.000403
0,0.139801,0.047552,0.170696,0.049137,0.166658,0.004762,0.00244,0.00083
0,0.12787,0.184832,-0.000656,0.150026,-0.003169,0.167304,0.002232,0.003226
0,-0.093604,-0.054403,-0.240841,-0.216458,-0.201341,-0.183492,0.001634,0.00095
0,0.048698,0.141385,0.130752,0.176544,0.143626,0.130994,0.00085,0.002468
0,-0.056105,-0.025816,-0.087325,-0.184033,-0.115191,-0.149694,0.000979,0.000451
0,0.013626,0.226763,0.067108,0.235482,0.111415,0.209584,0.000238,0.003958
0,0.016626,0.181529,0.030585,-0.04527,0.059056,-0.065111,0.00029,0.003168
0,0.186718,0.191907,0.190585,0.016607,0.18752,0.051741,0.003259,0.003349
0,0.048283,0.153881,-0.167226,-0.04467,-0.133023,-0.048626,0.000843,0.002686
0,-0.010672,-0.027036,-0.044243,-0.192445,0.000479,-0.228562,0.000186,0.000472
0,0.121381,0.162014,0.116841,0.195573,0.115165,0.159184,0.002119,0.002828
0,0.020364,0.019471,-0.082785,-0.122616,-0.127192,-0.102915,0.000355,0.00034
0,-0.087899,0.022662,-0.130211,0.027959,-0.106499,0.052456,0.001534,0.000396
0,0.094395,-0.052048,0.211775,-0.044928,0.165094,-0.058014,0.001648,0.000908
0,0.163649,0.058824,0.072384,0.115869,0.030891,0.101238,0.002856,0.001027
0,0.077417,0.118781,-0.068369,0.037922,-0.032555,-0.000246,0.001351,0.002073
0,-0.123355,0.090427,-0.22882,-0.039698,-0.252594,-0.062059,0.002153,0.001578
0,-0.022549,-0.082134,0.126097,-0.159023,0.09077,-0.130841,0.000394,0.001434
0,0.018473,-0.006504,0.043398,0.10449,0.060374,0.097077,0.000322,0.000114
0,0.003496,0.034899,-0.013414,0.011903,-0.021298,-0.03045,6.1e-05,0.000609
0,0.16813,0.047991,0.148943,0.000496,0.139106,-0.017886,0.002934,0.000838
0,0.036881,-0.090318,-0.111467,-0.148785,-0.063775,-0.101472,0.000644,0.001576
0,0.027058,-0.049542,-0.012289,0.064122,0.036621,0.105194,0.000472,0.000865
0,0.193024,0.040602,0.190801,0.10023,0.198404,0.118445,0.003369,0.000709
0,-0.065972,-0.033264,-0.273325,-0.087879,-0.299031,-0.089091,0.001151,0.000581
0,0.005348,-0.004178,0.056944,0.010955,0.006992,0.048234,9.3e-05,7.3e-05
0,0.013551,-0.003788,-0.006027,-0.027073,0.008736,-0.057792,0.000237,6.6e-05
0,-0.016199,-0.200199,-0.036964,-0.185926,0.012635,-0.166403,0.000283,0.003494
0,-0.082628,0.069188,-0.054827,0.276942,-0.026314,0.246104,0.001442,0.001208
0,-0.190913,0.028311,-0.085386,-0.039762,-0.067297,-0.019564,0.003332,0.000494
0,-0.108341,-0.0986,0.086545,-0.09713,0.037713,-0.04762,0.001891,0.001721
0,-0.02742,-0.053944,0.056124,0.058807,0.031511,0.059451,0.000479,0.000941
0,-0.698657,-1.316936,-0.667981,-1.282722,-0.683552,-1.287746,0.000442,0.000519
0,-1.518612,-1.78968,-0.796626,-0.497893,-0.782103,-0.517764,0.003001,0.004019
0,-1.550426,-1.974776,-0.037825,-0.187745,-0.07752,-0.144225,0.003557,0.000789
0,-1.728918,-2.183994,-0.203235,-0.186177,-0.228409,-0.232186,0.00508,0.002863
0,-1.647521,-1.886338,0.057079,0.289821,0.050164,0.303472,0.005251,0.002332
0,-1.823403,-1.60507,-0.160895,0.253722,-0.140934,0.21336,0.003431,0.00451
0,-1.850992,-1.332355,-0.01501,0.252229,-0.017007,0.301303,0.002949,0.000249
0,-1.783472,-0.938317,0.087853,0.388268,0.061999,0.366014,0.004128,0.004625
0,-1.404531,-0.57547,0.39678,0.381315,0.442421,0.363615,0.00101,0.001708
0,-1.060065,-0.537315,0.353041,0.024497,0.33607,0.014421,0.005002,0.002374
0,-0.356367,-0.406846,0.727324,0.116847,0.76728,0.123632,0.005532,0.004651
0,-0.144309,-0.192542,0.210665,0.216378,0.224523,0.250366,0.002519,0.00336
0,0.149488,0.136206,0.305095,0.319283,0.28213,0.362626,0.002609,0.002377
0,0.236662,-0.01385,0.064471,-0.138329,0.08064,-0.135996,0.004131,0.000242
0,0.210601,0.251952,-0.021412,0.271967,-0.070315,0.30484,0.003676,0.004397
0,0.312709,0.159116,0.120139,-0.090755,0.099679,-0.053971,0.005458,0.002777
0,0.365762,0.44722,0.048871,0.269422,0.031922,0.220184,0.005368,0.003946
0,0.461623,0.218491,0.103313,-0.2237,0.090557,-0.183071,0.003695,0.003813
0,0.145312,0.243635,-0.316569,0.019487,-0.314023,0.069119,0.002536,0.004252
0,0.21906,0.209598,0.089204,-0.038947,0.137302,-0.024781,0.003823,0.003658
0,0.050207,0.091575,-0.141711,-0.103553,-0.1057,-0.129491,0.000876,0.001598
0,0.171155,0.241602,0.109091,0.176711,0.145461,0.18704,0.002987,0.004217
0,0.226725,0.166777,0.041904,-0.060769,0.030142,-0.014559,0.003957,0.002911
0,0.077391,0.263713,-0.132788,0.093346,-0.141123,0.134686,0.001351,0.004603
0,0.233923,0.011584,0.173112,-0.268339,0.142455,-0.242986,0.004083,0.000202
0,0.022405,0.034143,-0.208498,0.024589,-0.229163,0.002421,0.000391,0.000596
0,0.200953,0.12574,0.1938,0.105025,0.187305,0.068674,0.003507,0.002195
0,0.221576,0.294251,-0.009161,0.158713,-0.018114,0.118715,0.003867,0.005136
0,0.030378,0.278759,-0.196534,-0.004873,-0.219792,0.034698,0.00053,0.004865
0,1.766543,1.565074,1.734997,1.301861,1.765792,1.339707,0.004423,0.003812
0,2.22404,2.689177,0.464767,1.121892,0.417547,1.153559,0.003562,7.2e-05
0,3.94775,2.783727,1.724531,0.088164,1.761186,0.065183,0.001609,0.001578
0,3.942713,2.419466,-0.00654,-0.381151,0.002198,-0.373296,0.001697,0.004779
0,3.87933,2.19149,-0.087234,-0.23874,-0.099021,-0.254058,0.002803,0.002994
0,3.333156,1.765203,-0.564336,-0.425215,-0.587524,-0.429207,0.000584,0.004446
0,2.468948,1.341626,-0.834337,-0.433279,-0.875503,-0.443787,0.003916,8.8e-05
0,1.617352,0.850871,-0.865111,-0.477945,-0.859403,-0.492114,0.004725,0.003099
0,1.117468,0.253311,-0.50569,-0.605133,-0.46379,-0.603016,0.004,0.004421
0,0.666,0.32931,-0.442484,0.085864,-0.485068,0.045759,0.000128,0.005748
0,-0.072962,0.047655,-0.709474,-0.27704,-0.670329,-0.293877,0.001273,0.000832
0,-0.446033,0.129804,-0.386497,0.061001,-0.395894,0.102448,0.003967,0.002266
0,-0.359392,0.09844,0.101073,-0.015512,0.133636,0.021227,0.005479,0.001718
0,-0.524114,0.151032,-0.189059,0.033799,-0.196121,0.062201,0.002604,0.002636
0,-0.41122,0.081858,0.085282,-0.056145,0.075472,-0.013867,0.004575,0.001429
0,-0.292999,0.090011,0.130074,0.013902,0.118108,-0.021807,0.005114,0.001571
0,-0.084988,0.031655,0.236077,-0.07196,0.230932,-0.033823,0.001483,0.000552
0,-0.066982,-0.051027,0.044637,-0.10067,0.056229,-0.05889,0.001169,0.000891
0,-0.087644,-0.063794,-0.00541,-0.015777,-0.002601,-0.02962,0.00153,0.001113
0,-0.08096,0.054766,-0.009092,0.089566,-0.023475,0.119448,0.001413,0.000956
0,-0.213826,-0.040645,-0.104168,-0.089533,-0.132186,-0.115669,0.003732,0.000709
0,-0.212373,0.091667,-0.002867,0.116299,-0.048351,0.072623,0.003707,0.0016
0,0.048722,-0.118479,0.235715,-0.198475,0.204833,-0.226012,0.00085,0.002068
0,-0.099697,-0.031953,-0.166609,0.07705,-0.191898,0.042819,0.00174,0.000558
0,-0.118368,-0.148765,-0.009603,-0.102774,-0.018957,-0.082514,0.002066,0.002596
0,-0.118728,0.05863,0.008177,0.226472,-0.003128,0.256159,0.002072,0.001023
0,-0.095832,-0.163674,0.014136,-0.233109,0.022118,-0.260055,0.001673,0.002857
0,-0.144095,-0.137563,-0.055778,0.039306,-0.02931,0.049941,0.002515,0.002401
0,-0.11517,-0.004204,0.053399,0.113451,0.056474,0.099614,0.00201,7.3e-05
0,0.035253,0.121233,0.177238,0.119012,0.132344,0.142023,0.000615,0.002116
0,-0.073133,-0.020189,-0.129107,-0.118434,-0.172069,-0.074636,0.001276,0.000352
0,-0.147998,-0.141251,-0.092704,-0.145718,-0.051998,-0.190997,0.002583,0.002465
0,-0.05527,-0.019367,0.102053,0.138554,0.146442,0.173897,0.000965,0.000338
0,-0.268295,-0.014812,-0.210225,0.032214,-0.221544,-0.00451,0.004683,0.000259
0,-0.154687,0.11027,0.138791,0.12607,0.1015,0.104081,0.0027,0.001925
0,-0.143751,-0.096088,0.007754,-0.202333,0.013389,-0.187355,0.002509,0.001677
0,-0.381994,-0.181682,-0.215873,-0.065932,-0.19884,-0.108049,0.005085,0.003171
0,-0.160491,0.04426,0.228894,0.222136,0.223259,0.221062,0.002801,0.000772
0,-0.324088,-0.184585,-0.180904,-0.218708,-0.174175,-0.198745,0.005656,0.003222
0,-0.354319,0.026366,-0.028964,0.190364,-0.061182,0.179789,0.005568,0.00046
0,-0.405216,-0.054166,-0.042021,-0.084077,-0.056527,-0.049009,0.004679,0.000945
0,-0.243753,0.084735,0.189859,0.165692,0.223286,0.173935,0.004254,0.001479
0,-0.101237,-0.023352,0.129587,-0.118042,0.081562,-0.091028,0.001767,0.000408
0,-0.244625,-0.11167,-0.13194,-0.101495,-0.137345,-0.1148,0.00427,0.001949
0,-0.233633,-0.129381,0.008307,-0.041809,0.042931,-0.014881,0.004078,0.002258
0,-0.138764,-0.188494,0.076076,-0.034389,0.046073,-0.014735,0.002422,0.00329
0,-0.096913,0.046216,0.060494,0.254016,0.020025,0.266403,0.001691,0.000807
0,-0.299535,0.04611,-0.206905,0.026239,-0.24111,0.045509,0.005228,0.000805
0,-0.275784,-0.124434,0.021446,-0.16979,0.059359,-0.134193,0.004813,0.002172
0,0.03228,-0.101556,0.292921,0.025474,0.302288,-0.020162,0.000563,0.001772
0,-0.057798,-0.008771,-0.062109,0.119752,-0.103596,0.122885,0.001009,0.000153
0,0.063438,-0.088396,0.130265,-0.056989,0.097206,-0.017772,0.001107,0.001543
0,-0.094444,-0.138916,-0.154156,-0.059186,-0.123777,-0.015794,0.001648,0.002425
0,0.007542,-0.03202,0.087894,0.118397,0.101851,0.084019,0.000132,0.000559
0,-0.098937,-0.052827,-0.10455,-0.024475,-0.126908,0.020492,0.001727,0.000922
0,0.039954,-0.056121,0.133456,0.002476,0.173752,-0.02814,0.000697,0.000979
0,-0.12098,0.117136,-0.135452,0.163705,-0.135351,0.180285,0.002111,0.002044
0,-0.206018,0.094172,-0.082672,-0.042793,-0.125101,-0.062574,0.003596,0.001644
0,-0.096389,0.066879,0.118473,0.002123,0.127954,0.042633,0.001682,0.001167
0,0.056278,-0.114108,0.13817,-0.174844,0.122838,-0.139866,0.000982,0.001992
0,-0.07193,-0.083363,-0.100205,0.059491,-0.128197,0.017735,0.001255,0.001455
0,-0.1318,-0.02672,-0.066153,0.062189,-0.101979,0.082815,0.0023,0.000466
0,-0.116347,0.081914,0.018559,0.09942,0.002945,0.149009,0.002031,0.00143
0,0.166404,-0.111768,0.277123,-0.211638,0.261327,-0.228561,0.002904,0.001951
0,-0.000375,-0.174037,-0.180876,-0.060583,-0.144293,-0.069936,7e-06,0.003038
0,0.116894,-0.141803,0.136907,0.026459,0.105783,0.014885,0.00204,0.002475
0,-0.073175,0.092067,-0.193206,0.228257,-0.221506,0.243134,0.001277,0.001607
0,-0.131671,0.106658,-0.042187,0.024709,-0.056352,0.039842,0.002298,0.001862
0,-0.020271,-0.025009,0.089542,-0.136179,0.061965,-0.12791,0.000354,0.000436
0,-0.223828,-0.184781,-0.207578,-0.157447,-0.15847,-0.133508,0.003907,0.003225
0,-0.037022,-0.169229,0.172918,0.007177,0.165075,0.042619,0.000646,0.002954
0,-0.101979,-0.130595,-0.081983,0.0223,-0.048641,0.006462,0.00178,0.002279
0,-0.100364,-0.11431,0.00273,0.009512,0.007542,0.035282,0.001752,0.001995
0,-0.041969,-0.141923,0.034211,-0.018425,0.025419,-0.054067,0.000732,0.002477
0,-0.086024,0.009972,-0.048533,0.143125,-0.056619,0.184648,0.001501,0.000174
0,-0.079774,-0.107104,-0.004092,-0.133438,-0.034643,-0.087139,0.001392,0.001869
0,-0.122826,-0.170662,-0.035797,-0.066372,-0.024661,-0.108387,0.002144,0.002979
0,0.069824,0.016901,0.170197,0.193237,0.139817,0.154279,0.001219,0.000295
0,0.020252,-0.145023,-0.024589,-0.191663,-0.020996,-0.211188,0.000353,0.002531
0,0.002272,-0.123162,-0.021053,0.03348,-0.034675,0.016578,4e-05,0.00215
0,-0.160974,-0.006554,-0.191836,0.1408,-0.201183,0.13902,0.00281,0.000114
0,-0.051222,0.037988,0.102157,0.030214,0.072316,0.025662,0.000894,0.000663
0,-0.159298,-0.011023,-0.107193,-0.023003,-0.109386,-0.018401,0.00278,0.000192
0,-0.043869,-0.094394,0.105303,-0.097637,0.144749,-0.113639,0.000766,0.001647
0,-0.201275,-0.173557,-0.14745,-0.05752,-0.115058,-0.068785,0.003513,0.003029
0,0.033166,-0.059039,0.24176,0.086602,0.2846,0.095489,0.000579,0.00103
0,-0.178282,0.091273,-0.184425,0.152956,-0.197352,0.185437,0.003112,0.001593
0,-0.165277,0.004924,0.008373,-0.058396,0.006975,-0.07976,0.002885,8.6e-05
0,-0.061754,0.070668,0.100373,0.093491,0.078466,0.128195,0.001078,0.001233
0,-0.063042,0.027161,0.006256,-0.060779,0.018154,-0.107376,0.0011,0.000474
0,-0.093622,0.155631,-0.003747,0.131929,0.03037,0.086759,0.001634,0.002716
0,0.160309,-0.117655,0.230461,-0.281016,0.23665,-0.267626,0.002798,0.002053
0,0.031045,-0.070478,-0.158761,0.043709,-0.17371,0.07666,0.000542,0.00123
0,0.016591,-0.106388,-0.037315,-0.029453,0.00682,-0.074125,0.00029,0.001857
0,0.256799,-0.139255,0.263523,-0.01981,0.233152,0.021747,0.004482,0.00243
0,0.054137,0.084838,-0.210755,0.230138,-0.181748,0.221624,0.000945,0.001481
0,0.148985,-0.154384,0.11221,-0.248863,0.072965,-0.283571,0.0026,0.002695
0,0.097686,-0.102052,-0.043302,0.06824,-0.068523,0.108271,0.001705,0.001781
0,0.019734,-0.163162,-0.055543,-0.056177,-0.039034,-0.093618,0.000344,0.002848
0,-0.096995,0.01665,-0.096855,0.180294,-0.124724,0.148777,0.001693,0.000291
0,-0.080552,0.019677,0.032964,0.027219,0.002206,0.035304,0.001406,0.000343
0,0.061483,-0.065815,0.145439,-0.114313,0.133109,-0.103225,0.001073,0.001149
0,-0.140389,-0.009138,-0.186231,0.037517,-0.227483,0.061895,0.00245,0.000159
0,0.060623,0.086931,0.230123,0.082469,0.277766,0.107475,0.001058,0.001517
0,0.003041,-0.107056,-0.072212,-0.167037,-0.073069,-0.171495,5.3e-05,0.001868
0,0.092832,0.152389,0.097349,0.243129,0.121809,0.228262,0.00162,0.00266
0,-0.016745,-0.055652,-0.105826,-0.204104,-0.123777,-0.204493,0.000292,0.000971
0,-0.002022,-0.090019,0.000849,-0.014513,-0.046729,-0.035302,3.5e-05,0.001571
0,0.038541,0.111397,0.037179,0.1715,0.081856,0.139817,0.000673,0.001944
0,-1.591584,-0.132304,-1.613936,-0.256178,-1.650408,-0.284665,0.004275,0.002309
0,-1.465905,-0.279661,0.142833,-0.128739,0.159199,-0.163153,0.002081,0.004881
0,-1.441417,-0.275051,0.014277,0.00753,-0.017412,-0.022562,0.001654,0.004801
0,-1.466791,-0.49343,-0.029507,-0.197534,0.004155,-0.229261,0.002097,0.00314
0,-1.341746,-0.382114,0.143391,0.140219,0.165128,0.159467,8.6e-05,0.005083
0,-0.917244,-0.598699,0.447947,-0.220953,0.415324,-0.270649,0.004257,0.001302
0,-0.591191,-0.291747,0.311933,0.31037,0.302459,0.351245,0.001433,0.005092
0,-0.496389,-0.443828,0.101491,-0.164548,0.101936,-0.135276,0.003088,0.004005
0,-0.323859,-0.255181,0.144215,0.202041,0.141906,0.194811,0.005652,0.004454
0,-0.080025,-0.078827,0.214814,0.170131,0.22536,0.159125,0.001397,0.001376
0,-0.122257,-0.090509,-0.029766,-0.034573,-0.016765,-0.040311,0.002134,0.00158
0,0.160376,-0.132363,0.259953,-0.070422,0.254723,-0.117365,0.002799,0.00231
0,0.082521,0.114989,-0.051315,0.249863,-0.06933,0.220201,0.00144,0.002007
0,0.000621,-0.0945,-0.078511,-0.192065,-0.035024,-0.155805,1.1e-05,0.001649
0,-0.047546,0.115957,-0.041247,0.223321,-0.050196,0.181082,0.00083,0.002024
0,0.077894,-0.014093,0.101332,-0.148113,0.119762,-0.153759,0.00136,0.000246
0,0.041783,0.041943,-0.03094,0.062733,-0.022065,0.060593,0.000729,0.000732
0,-0.010246,0.102457,-0.06668,0.035648,-0.073893,0.081432,0.000179,0.001788
0,-0.052484,-0.111956,-0.060274,-0.201828,-0.096758,-0.224283,0.000916,0.001954
0,0.108642,-0.087793,0.146647,0.003079,0.142411,-0.020615,0.001896,0.001532
0,0.149829,-0.082649,0.044027,-0.001225,0.064834,-0.031015,0.002615,0.001442
0,0.120764,0.071319,-0.017745,0.174706,-0.001693,0.148013,0.002108,0.001245
0,0.079447,-0.1208,-0.016434,-0.206245,0.001329,-0.178401,0.001387,0.002108
0,0.217415,-0.128569,0.117964,0.006323,0.142463,-0.003929,0.003795,0.002244
0,0.153512,0.063783,-0.06919,0.203347,-0.11461,0.172862,0.002679,0.001113
0,0.026458,0.116731,-0.12155,0.028178,-0.108884,0.030338,0.000462,0.002037
0,-0.002053,-0.030181,-0.03888,-0.124394,-0.088318,-0.139954,3.6e-05,0.000527
0,0.079952,0.030536,0.057561,0.073872,0.102663,0.062347,0.001395,0.000533
0,0.083019,0.007061,0.027474,-0.036625,-0.012843,-0.018714,0.001449,0.000123
0,0.210356,-0.082071,0.132419,-0.079801,0.12256,-0.031219,0.003671,0.001432
0,0.025062,0.085395,-0.180083,0.184291,-0.138249,0.15645,0.000437,0.00149
0,0.132253,-0.001087,0.129614,-0.084777,0.113953,-0.088941,0.002308,1.9e-05
0,0.173545,0.033913,0.046833,0.054354,0.002386,0.079534,0.003029,0.000592
0,-0.00774,-0.003825,-0.158291,-0.049531,-0.168672,-0.086068,0.000135,6.7e-05
0,0.148083,-0.004285,0.173545,0.003774,0.181914,-0.028806,0.002585,7.5e-05
0,-0.003896,0.024717,-0.156321,0.02979,-0.202114,-0.001049,6.8e-05,0.000431
0,0.09595,0.007614,0.088349,-0.002532,0.059312,0.029115,0.001675,0.000133
0,0.164871,-0.088334,0.094727,-0.088667,0.11355,-0.066484,0.002878,0.001542
0,0.164107,-0.192178,-0.011848,-0.084363,0.023796,-0.042375,0.002864,0.003354
0,0.090187,0.036379,-0.070331,0.233169,-0.108588,0.203947,0.001574,0.000635
0,0.142686,-0.151825,0.064145,-0.1731,0.051391,-0.130143,0.00249,0.00265
0,0.26346,-0.015726,0.137475,0.114142,0.16052,0.134871,0.004598,0.000274
0,0.056619,-0.022935,-0.18936,0.002677,-0.205094,-0.01311,0.000988,0.0004
0,0.203191,0.078122,0.16544,0.129298,0.192211,0.081683,0.003546,0.001363
0,0.060258,-0.068438,-0.144904,-0.15813,-0.110729,-0.127755,0.001052,0.001194
0,0.023015,-0.104405,-0.01573,-0.029874,0.025734,-0.057052,0.000402,0.001822
0,0.096983,-0.123891,0.099181,-0.016035,0.145641,-0.057302,0.001693,0.002162
0,0.11378,0.112424,-0.011845,0.260186,-0.030525,0.305133,0.001986,0.001962
0,-0.06328,0.102664,-0.190099,-0.007232,-0.198546,0.015009,0.001104,0.001792
0,-0.035209,-0.104558,0.010378,-0.211698,-0.019028,-0.232655,0.000615,0.001825
0,0.150888,-0.113277,0.182292,-0.034892,0.231473,-0.015132,0.002633,0.001977
0,-0.005317,-0.07327,-0.146754,0.05315,-0.128361,0.073109,9.3e-05,0.001279
0,-0.142928,0.076675,-0.14607,0.144616,-0.154166,0.190934,0.002495,0.001338
0,0.058577,0.020246,0.223406,-0.054664,0.197917,-0.008047,0.001022,0.000353
0,-0.041836,0.06147,-0.1231,0.05023,-0.108287,0.058596,0.00073,0.001073
0,0.052177,0.115856,0.0776,0.049799,0.122886,0.020825,0.000911,0.002022
0,-0.07347,-0.022468,-0.110413,-0.134604,-0.082956,-0.152792,0.001282,0.000392
0,0.031236,0.10542,0.126836,0.100224,0.174022,0.141487,0.000545,0.00184
0,0.128384,0.138342,0.119536,0.012491,0.087865,-0.030252,0.002241,0.002415
0,0.001584,0.008108,-0.141174,-0.149259,-0.18378,-0.10808,2.8e-05,0.000142
0,0.062449,-0.124958,0.074893,-0.143557,0.116056,-0.17942,0.00109,0.002181
0,0.054972,0.026312,-0.0374,0.130711,-0.070574,0.136172,0.000959,0.000459
0,0.069785,-0.106566,-0.012268,-0.115455,-0.060509,-0.124978,0.001218,0.00186
0,0.013184,0.052753,-0.063482,0.159709,-0.085196,0.144709,0.00023,0.000921
0,0.10983,0.157895,0.119216,0.132326,0.079846,0.165243,0.001917,0.002756
0,0.064874,0.038031,-0.047317,-0.134242,-0.008877,-0.114682,0.001132,0.000664
0,-0.112549,0.054885,-0.196792,0.029006,-0.173753,0.01216,0.001964,0.000958
0,0.104341,0.076907,0.238001,0.046668,0.22603,0.004248,0.001821,0.001342
0,-0.021291,0.131889,-0.120491,0.062743,-0.086979,0.056624,0.000372,0.002302
0,-0.049817,0.169238,-0.018401,0.031176,0.001057,0.052196,0.000869,0.002954
0,-0.0308,0.129838,0.034108,-0.048232,0.010201,-0.011639,0.000538,0.002266
0,0.019026,0.041873,0.034768,-0.058028,0.012968,-0.099002,0.000332,0.000731
0,-0.032535,-0.04094,-0.04807,-0.076778,-0.087141,-0.121882,0.000568,0.000715
0,-0.160213,-0.055404,-0.147241,-0.005562,-0.185807,-0.00564,0.002796,0.000967
0,-0.080182,0.170739,0.057196,0.213391,0.038798,0.187698,0.001399,0.00298
0,-0.154937,0.177772,-0.057686,-0.006628,-0.027176,0.011528,0.002704,0.003103
0,-0.152604,-0.031525,-0.005128,-0.236755,0.035908,-0.196629,0.002663,0.00055
0,-0.277693,0.129706,-0.12044,0.164696,-0.077231,0.12624,0.004847,0.002264
0,-0.111595,-0.010554,0.176686,-0.168884,0.212853,-0.181343,0.001948,0.000184
0,-0.069128,0.092531,0.014939,0.088339,-0.008037,0.046899,0.001207,0.001615
0,-0.183937,-0.018206,-0.109078,-0.117753,-0.11761,-0.091022,0.00321,0.000318
0,0.024463,0.087641,0.192398,0.122026,0.145288,0.144335,0.000427,0.00153
0,-0.057532,-0.09576,-0.09807,-0.16472,-0.058476,-0.209695,0.001004,0.001671
0,-0.054402,-0.021868,0.002172,0.069029,0.048788,0.067064,0.000949,0.000382
0,-0.223427,-0.044507,-0.155381,-0.008275,-0.118415,0.034883,0.0039,0.000777
0,-0.47701,0.238142,-0.252125,0.27071,-0.295533,0.308388,0.003426,0.004156
0,-1.410499,0.314933,-0.948759,0.093232,-0.97233,0.117727,0.001114,0.005497
0,-1.453937,0.054978,-0.05046,-0.235399,-0.022512,-0.228107,0.001873,0.00096
0,-1.502758,0.301218,-0.034523,0.231009,-0.07543,0.185052,0.002725,0.005257
0,-1.260109,0.321083,0.228025,0.001255,0.214468,-0.042134,0.00151,0.005604
0,-0.976184,0.319184,0.264427,-0.016107,0.215691,0.019413,0.005286,0.005571
0,-0.886191,0.205763,0.073856,-0.136835,0.048166,-0.128459,0.003715,0.003591
0,-0.638828,0.365328,0.259602,0.179836,0.247008,0.155256,0.000602,0.005376
0,-0.446689,0.234894,0.203709,-0.149091,0.232787,-0.131403,0.003955,0.0041
0,-0.303821,0.117949,0.157665,-0.128496,0.138631,-0.121236,0.005303,0.002059
0,0.043067,0.180919,0.365535,0.062324,0.402415,0.019391,0.000752,0.003158
0,0.093459,0.283293,0.036131,0.112243,0.048959,0.130542,0.001631,0.004944
0,0.179354,-0.000678,0.111994,-0.292565,0.078127,-0.262906,0.00313,1.2e-05
0,0.195719,-0.008269,0.042459,-0.013281,0.009172,-0.032535,0.003416,0.000144
0,0.045492,0.070205,-0.151727,0.059833,-0.194355,0.093239,0.000794,0.001225
0,0.305865,0.096785,0.290159,0.043514,0.28165,0.050075,0.005338,0.001689
0,0.307317,0.110804,0.023031,0.002266,0.05491,-0.00535,0.005364,0.001934
0,0.116344,0.020908,-0.207172,-0.110024,-0.19956,-0.094645,0.002031,0.000365
0,0.296342,0.094102,0.205924,0.044517,0.241046,0.011562,0.005172,0.001642
0,0.224634,0.229038,-0.0421,0.159917,-0.026284,0.191578,0.003921,0.003997
0,0.099199,0.268033,-0.102339,0.027231,-0.075429,0.035044,0.001731,0.004678
0,0.20142,0.102605,0.108286,-0.16119,0.112128,-0.193745,0.003515,0.001791
0,0.250032,0.180326,0.024277,0.103276,0.070522,0.087321,0.004364,0.003147
0,0.172904,0.05834,-0.083333,-0.140999,-0.110023,-0.162535,0.003018,0.001018
0,0.232462,0.100875,0.075176,0.054464,0.119468,0.04766,0.004057,0.001761
0,0.046205,0.239535,-0.161226,0.127359,-0.187532,0.123693,0.000806,0.004181
0,0.257526,0.154502,0.224588,-0.101454,0.184431,-0.10778,0.004495,0.002697
0,0.126163,-0.035441,-0.12864,-0.197343,-0.097633,-0.241789,0.002202,0.000619
0,0.171045,0.16384,0.065404,0.193595,0.108922,0.199394,0.002985,0.00286
0,0.27972,0.233281,0.120404,0.080992,0.145008,0.06926,0.004882,0.004072
0,0.111149,0.193178,-0.184928,-0.057084,-0.150819,-0.070074,0.00194,0.003372
0,0.246705,0.222642,0.16123,0.011119,0.144557,-0.027837,0.004306,0.003886
0,0.262433,0.150554,0.02901,-0.054348,0.009502,-0.006391,0.00458,0.002628
0,0.078312,0.200398,-0.194637,0.04497,-0.21893,0.053298,0.001367,0.003498
0,0.044991,-0.002057,-0.0437,-0.176773,-0.048366,-0.209831,0.000785,3.6e-05
0,0.752022,-1.183075,0.681609,-1.165533,0.715022,-1.120724,0.001374,0.002855
0,0.767879,-1.847795,0.01733,-0.688351,0.005209,-0.665414,0.00165,0.003005
0,1.345542,-2.218116,0.577777,-0.367511,0.585401,-0.414364,1.9e-05,0.003458
0,1.020349,-2.162342,-0.335811,0.04463,-0.330511,0.091228,0.005695,0.002485
0,0.757834,-1.960092,-0.24477,0.203366,-0.273293,0.236129,0.001475,0.001045
0,0.851357,-1.612654,0.066808,0.318785,0.041649,0.357455,0.003107,0.004643
0,0.753676,-1.324864,-0.126624,0.267596,-0.11907,0.225005,0.001402,0.00038
0,0.537101,-0.937198,-0.206074,0.358764,-0.241202,0.36397,0.002378,0.004605
0,0.490859,-0.176323,-0.069831,0.782149,-0.089661,0.742424,0.003185,0.003077
0,0.317742,-0.146305,-0.174357,0.015131,-0.183875,0.052561,0.005546,0.002554
0,0.069459,-0.02569,-0.224386,0.147675,-0.181906,0.1422,0.001212,0.000448
0,0.114193,0.01715,0.043266,0.063171,0.068412,0.05262,0.001993,0.000299
0,0.131544,0.092396,0.033248,0.09982,0.022315,0.061831,0.002296,0.001613
0,0.00705,0.042945,-0.107713,-0.056636,-0.104659,-0.012566,0.000123,0.00075
0,0.033351,0.179589,0.024096,0.108541,0.036811,0.141739,0.000582,0.003134
0,0.097871,0.252592,0.079304,0.052827,0.094597,0.019264,0.001708,0.004409
0,0.119662,0.229367,0.000485,-0.02312,-0.048468,-0.072497,0.002088,0.004003
0,0.164576,0.182232,0.051261,-0.068844,0.020547,-0.034967,0.002872,0.003181
0,0.090303,0.224711,-0.079778,0.048132,-0.047813,0.019645,0.001576,0.003922
0,0.091307,0.14792,0.012831,-0.053162,-0.012521,-0.026295,0.001594,0.002582
0,0.156073,0.191662,0.088583,0.037016,0.04099,-0.012024,0.002724,0.003345
0,-0.11601,0.245423,-0.248043,0.059109,-0.281472,0.106364,0.002025,0.004283
0,-0.010129,0.157709,0.123358,-0.092309,0.082595,-0.126939,0.000177,0.002753
0,0.091361,0.119711,0.085731,-0.030589,0.055126,-0.040396,0.001595,0.002089
0,-0.031129,0.006124,-0.146541,-0.109841,-0.150277,-0.063174,0.000543,0.000107
0,-0.090753,0.118609,-0.040244,0.111719,-0.044054,0.080407,0.001584,0.00207
0,-0.008435,0.211402,0.082533,0.105546,0.068028,0.065437,0.000147,0.00369
0,-0.120699,0.080656,-0.131321,-0.153553,-0.144838,-0.113346,0.002107,0.001408
0,-0.011413,0.136566,0.095553,0.040272,0.114094,0.009353,0.000199,0.002384
0,0.110193,-0.019463,0.134655,-0.136572,0.098425,-0.132795,0.001923,0.00034
0,0.010348,0.013999,-0.104076,0.04168,-0.1176,0.069441,0.000181,0.000244
0,0.146556,0.016487,0.136604,0.000806,0.089235,-0.020947,0.002558,0.000288
0,0.218203,-0.012672,0.048618,-0.056292,0.050582,-0.04787,0.003808,0.000221
0,0.161651,0.082595,-0.055172,0.068844,-0.05859,0.081536,0.002821,0.001442
0,0.057429,0.183913,-0.089531,0.120264,-0.081512,0.143926,0.001002,0.00321
0,0.175111,0.070677,0.098418,-0.096972,0.089815,-0.066361,0.003056,0.001234
0,0.118039,0.168118,-0.074889,0.120085,-0.050451,0.120421,0.00206,0.002934
0,-0.004052,0.165974,-0.120697,-0.025278,-0.122579,-0.072011,7.1e-05,0.002897
0,0.088871,-0.041919,0.088636,-0.188732,0.076858,-0.167367,0.001551,0.000732
0,0.098816,-0.010263,-0.001795,0.052932,-0.036154,0.083486,0.001725,0.000179
0,0.18491,0.171678,0.096367,0.190929,0.054483,0.183167,0.003227,0.002996
0,0.214181,0.142915,0.04484,-0.016008,0.01828,-0.021574,0.003738,0.002494
0,0.160654,0.108742,-0.081573,-0.051477,-0.07808,-0.020574,0.002804,0.001898
0,0.134527,-0.128265,-0.027119,-0.244516,-0.073344,-0.199267,0.002348,0.002239
0,0.021523,0.036305,-0.11936,0.13859,-0.14123,0.168001,0.000376,0.000634
0,0.216587,-0.026586,0.214351,-0.082029,0.234853,-0.084148,0.00378,0.000464
0,0.018843,0.063293,-0.208913,0.060819,-0.232864,0.030449,0.000329,0.001105
0,0.055522,-0.089408,0.038094,-0.134814,-0.008703,-0.102632,0.000969,0.00156
0,0.232836,-0.03256,0.195573,0.037377,0.176947,0.079943,0.004064,0.000568
0,0.171821,0.122008,-0.034363,0.140714,0.008345,0.141374,0.002999,0.002129
0,0.136962,0.148771,-0.064735,0.013142,-0.093851,0.027642,0.00239,0.002597
0,0.089365,0.035473,-0.042019,-0.110364,-0.027612,-0.144891,0.00156,0.000619
0,-0.069639,0.01915,-0.149334,-0.034786,-0.148498,-0.048867,0.001215,0.000334
0,-0.112542,0.036833,-0.04052,0.025302,-0.041657,0.066655,0.001964,0.000643
0,0.064726,0.169231,0.18174,0.112998,0.209424,0.128183,0.00113,0.002954
0,-0.035875,0.134865,-0.100977,-0.011229,-0.083506,0.020267,0.000626,0.002354
0,-0.022675,-0.064406,-0.003425,-0.211083,-0.013492,-0.223307,0.000396,0.001124
0,-0.171093,-0.006797,-0.147217,0.042602,-0.116046,0.092361,0.002986,0.000119
0,-0.116657,-0.034069,0.041776,-0.049927,0.029394,-0.02096,0.002036,0.000595
0,0.168121,0.08662,0.282533,0.123986,0.288911,0.131247,0.002934,0.001512
0,0.013474,-0.022104,-0.127011,-0.1042,-0.146478,-0.145546,0.000235,0.000386
0,0.131257,-0.082805,0.105118,-0.051044,0.086717,-0.03531,0.002291,0.001445
0,0.217856,-0.15442,0.080535,-0.08367,0.10704,-0.052626,0.003802,0.002695
0,0.176957,-0.036973,-0.051726,0.141974,-0.002451,0.096053,0.003088,0.000645
0,0.133528,-0.059978,-0.018377,0.004509,0.019992,-0.028963,0.00233,0.001047
0,0.055765,-0.140014,-0.053719,-0.065342,-0.069572,-0.036512,0.000973,0.002444
0,0.163571,-0.090337,0.098564,0.051693,0.049866,0.057914,0.002855,0.001577
0,0.209232,-0.188809,0.054853,-0.082613,0.086559,-0.115688,0.003652,0.003295
0,0.017981,-0.15475,-0.167067,0.010442,-0.167302,0.002514,0.000314,0.002701
0,0.204209,-0.209129,0.207938,-0.041694,0.187931,-0.013994,0.003564,0.00365
0,0.168016,-0.232777,-0.012631,-0.048939,0.027622,-0.044368,0.002932,0.004063
0,0.26003,-0.178778,0.112273,0.078981,0.120689,0.038198,0.004538,0.00312
0,0.07776,-0.005237,-0.199283,0.164679,-0.169091,0.206252,0.001357,9.1e-05
0,0.047722,0.018838,-0.059914,0.003105,-0.083893,0.043959,0.000833,0.000329
0,0.209735,-0.20076,0.182065,-0.246075,0.182163,-0.235098,0.003661,0.003504
0,0.144933,-0.00891,-0.045636,0.214659,0.001991,0.1833,0.00253,0.000156
0,0.188817,0.103139,0.072352,0.126242,0.114867,0.090919,0.003295,0.0018
0,-0.049747,-0.015069,-0.233093,-0.137789,-0.234572,-0.164238,0.000868,0.000263
0,-0.155855,0.037868,-0.110297,0.068802,-0.141308,0.047613,0.00272,0.000661
0,0.102069,0.099493,0.257014,0.035675,0.295114,0.065262,0.001781,0.001736
0,-0.14431,0.068572,-0.221699,-0.034592,-0.191088,0.011817,0.002519,0.001197
0,-0.136268,-0.184413,-0.004093,-0.245954,0.02714,-0.289236,0.002378,0.003219
0,-0.004578,-0.174838,0.140548,0.011228,0.133508,-0.015705,8e-05,0.003051
0,-0.042421,-0.037882,-0.054532,0.119903,-0.067032,0.137661,0.00074,0.000661
0,-0.059886,-0.078022,-0.015982,-0.026968,-0.057173,0.012948,0.001045,0.001362
0,0.01861,-0.04654,0.104071,0.002804,0.065662,0.015345,0.000325,0.000812
0,0.050553,0.028815,0.042183,0.085647,0.067138,0.058839,0.000882,0.000503
0,0.036378,-0.14153,0.01552,-0.181725,-0.000999,-0.148351,0.000635,0.00247
0,0.090348,0.098323,0.031271,0.268445,0.032707,0.267013,0.001577,0.001716
0,-0.07494,0.118048,-0.180409,0.002,-0.149891,-0.027885,0.001308,0.00206
0,-0.05023,0.105833,0.012534,-0.01689,-0.036839,0.011234,0.000877,0.001847
0,0.034525,0.019798,0.088752,-0.086255,0.101477,-0.052798,0.000603,0.000346
0,-0.070348,-0.055048,-0.093767,-0.074989,-0.13575,-0.030659,0.001228,0.000961
0,-0.115051,0.071951,-0.059962,0.102328,-0.076201,0.061705,0.002008,0.001256
0,0.042784,-0.044196,0.157797,-0.129418,0.14197,-0.089176,0.000747,0.000771
0,0.055604,0.077294,-0.009315,0.146998,-0.045971,0.143011,0.00097,0.001349
0,-0.018412,0.069976,-0.100937,-0.008679,-0.133736,0.019375,0.000321,0.001221
0,-0.10452,-0.011492,-0.059702,-0.056464,-0.034793,-0.071192,0.001824,0.000201
0,-0.10276,-0.031809,-0.000643,0.008579,-0.04274,-0.026955,0.001793,0.000555
0,0.082283,0.153641,0.175238,0.189457,0.133627,0.215876,0.001436,0.002682
0,-0.125731,-0.057,-0.18219,-0.19592,-0.228244,-0.23502,0.002194,0.000995
0,0.089412,0.12481,0.226034,0.197246,0.24333,0.189571,0.001561,0.002178
0,0.019332,0.101769,-0.080392,-0.014015,-0.084304,-0.026569,0.000337,0.001776
0,0.123963,-0.121961,0.124005,-0.251122,0.101413,-0.251093,0.002164,0.002129
0,0.056587,0.159793,-0.048136,0.280171,-0.04487,0.312608,0.000988,0.002789
0,0.024059,0.100748,-0.051372,-0.041627,-0.087643,-0.081554,0.00042,0.001758
0,0.068871,0.150117,0.035687,0.026245,0.066336,0.012327,0.001202,0.00262
0,-0.033099,0.015754,-0.088949,-0.105703,-0.121563,-0.074999,0.000578,0.000275
0,0.055119,-0.107569,0.099688,-0.149993,0.100297,-0.170711,0.000962,0.001877
0,0.072541,0.071327,0.011974,0.150924,-0.01109,0.103345,0.001266,0.001245
0,0.083223,0.065592,-0.010782,-0.026941,0.02243,-0.049188,0.001453,0.001145
0,0.088732,-0.074263,-0.01558,-0.12133,-0.004613,-0.102081,0.001549,0.001296
0,0.176234,0.104283,0.06468,0.148726,0.109732,0.155231,0.003076,0.00182
0,-0.026087,0.035186,-0.183774,-0.065727,-0.183133,-0.077451,0.000455,0.000614
0,0.029235,0.118965,0.061582,0.076316,0.033923,0.078389,0.00051,0.002076
0,0.112836,0.188295,0.097284,0.064998,0.120678,0.042726,0.001969,0.003286
0,-0.077214,0.15454,-0.171777,-0.023167,-0.186163,-0.016508,0.001348,0.002697
0,0.011971,0.167718,0.092604,0.037202,0.120286,0.020134,0.000209,0.002927
0,0.101031,0.040136,0.098914,-0.125037,0.118463,-0.114873,0.001763,0.0007
0,0.083405,-0.081577,-0.044473,-0.123164,-0.066583,-0.083959,0.001456,0.001424
0,0.111457,0.146134,0.00045,0.251399,-0.017011,0.203765,0.001945,0.002551
0,0.00165,0.146872,-0.136577,0.010527,-0.128122,0.038775,2.9e-05,0.002563
0,-0.062338,-0.073925,-0.067607,-0.249014,-0.072004,-0.213128,0.001088,0.00129
0,0.179428,-0.062427,0.266617,0.016197,0.25414,0.048797,0.003132,0.00109
0,0.16046,-0.116714,-0.036485,-0.043682,-0.080792,-0.08997,0.002801,0.002037
0,0.073232,-0.088391,-0.065247,0.055031,-0.030425,0.073728,0.001278,0.001543
0,-0.138885,0.091594,-0.240747,0.167055,-0.229311,0.139531,0.002424,0.001599
0,-0.115383,0.149841,0.043408,0.033342,0.017281,0.080936,0.002014,0.002615
0,2.026278,0.324881,2.114467,0.159024,2.128692,0.18112,0.00011,0.00567
0,2.617083,0.414953,0.59968,0.076748,0.636126,0.111899,0.00133,0.004509
0,3.796035,0.700654,1.154632,0.311075,1.178253,0.347416,0.004257,0.000477
0,3.419222,0.724939,-0.39399,0.037721,-0.392511,0.053696,0.000918,0.000901
0,2.999786,0.49561,-0.415634,-0.229759,-0.425671,-0.260418,0.005349,0.003102
0,3.041024,0.332373,0.061985,-0.18019,0.07632,-0.15146,0.005683,0.005801
0,2.443547,0.257274,-0.621275,-0.090491,-0.639792,-0.087216,0.004359,0.00449
0,2.033682,0.413231,-0.408885,0.185256,-0.438791,0.229877,0.000239,0.004539
0,1.501076,0.225383,-0.55584,-0.178481,-0.547944,-0.181545,0.002695,0.003934
0,0.795959,0.172012,-0.733679,-0.049273,-0.717655,-0.092771,0.00214,0.003002
0,0.482031,-0.089274,-0.312989,-0.288249,-0.281676,-0.332463,0.003339,0.001558
0,0.15345,0.108179,-0.342986,0.213326,-0.384389,0.207085,0.002678,0.001888
0,0.006975,0.009605,-0.173591,-0.111297,-0.195499,-0.134222,0.000122,0.000168
0,-0.199126,0.091105,-0.180733,0.06128,-0.139126,0.052291,0.003475,0.00159
0,-0.275238,0.074843,-0.09598,-3e-05,-0.129223,-0.026693,0.004804,0.001306
0,-0.437021,-0.120953,-0.179645,-0.214,-0.221172,-0.262313,0.004124,0.002111
0,-0.222067,0.104576,0.196044,0.198232,0.217938,0.18634,0.003876,0.001825
0,-0.483455,-0.064534,-0.262154,-0.141982,-0.229603,-0.189085,0.003314,0.001126
0,-0.170011,-0.038909,0.340025,0.027131,0.365895,0.027881,0.002967,0.000679
0,-0.306264,-0.16576,-0.106402,-0.145951,-0.140241,-0.143569,0.005345,0.002893
0,-0.10543,0.103749,0.178368,0.251251,0.187906,0.29507,0.00184,0.001811
0,-0.309364,0.108339,-0.202815,-0.011609,-0.241861,-0.041682,0.005399,0.001891
0,-0.283905,-0.125007,0.047822,-0.260532,0.087997,-0.304704,0.004955,0.002182
0,-0.304035,-0.062124,-0.016839,0.084961,0.000165,0.086284,0.005306,0.001084
0,-0.097765,-0.10686,0.216467,-0.069403,0.231018,-0.085856,0.001706,0.001865
0,-0.084522,0.000228,0.028192,0.11932,-0.01261,0.125728,0.001475,4e-06
0,-0.260678,0.115107,-0.187709,0.090688,-0.230149,0.09943,0.00455,0.002009
0,-0.2858,-0.037125,-0.015285,-0.150719,0.034281,-0.172899,0.004988,0.000648
0,-0.272256,-0.078885,-0.000278,-0.050889,-0.000359,-0.01157,0.004752,0.001377
0,-0.098313,-0.08261,0.201684,-0.023805,0.155947,-0.045156,0.001716,0.001442
0,-0.090906,-0.000403,0.023294,0.09042,0.036443,0.057356,0.001587,7e-06
0,-0.012861,0.06477,0.053367,0.041101,0.060777,0.054949,0.000224,0.00113
0,0.011399,-0.050731,-0.000895,-0.122149,0.035131,-0.098792,0.000199,0.000885
0,-0.156676,-0.017594,-0.150738,0.011488,-0.198232,-0.023802,0.002735,0.000307
0,-0.196022,-0.097207,-0.031717,-0.063195,-0.077982,-0.099915,0.003421,0.001697
0,-0.026806,-0.115975,0.177019,-0.005586,0.174489,-0.041335,0.000468,0.002024
0,-0.054293,-0.119128,-0.055313,0.012102,-0.104904,0.020166,0.000948,0.002079
0,-0.028299,0.087189,0.048829,0.226444,0.077827,0.275706,0.000494,0.001522
0,-0.125175,0.104015,-0.069879,0.037935,-0.048314,-0.011596,0.002185,0.001815
0,-0.167914,0.080296,-0.053082,-0.05117,-0.016827,-0.069647,0.002931,0.001401
0,-0.215997,0.024783,-0.073341,-0.041447,-0.101599,-0.028222,0.00377,0.000433
0,-0.096579,-0.071003,0.094939,-0.113691,0.104788,-0.107213,0.001686,0.001239
0,-0.098573,0.129709,0.015569,0.190462,0.021547,0.185076,0.00172,0.002264
0,-0.132302,-0.119351,-0.013433,-0.250441,-0.041745,-0.219303,0.002309,0.002083
0,-0.118619,-0.142292,0.030292,-0.025113,0.042576,-0.063864,0.00207,0.002483
0,-0.055332,0.14543,0.055383,0.284044,0.019942,0.281903,0.000966,0.002538
0,-0.105797,-0.083918,-0.067548,-0.208224,-0.066518,-0.201542,0.001847,0.001465
0,-0.031589,-0.135048,0.048024,-0.061153,0.020002,-0.012707,0.000551,0.002357
0,-0.119441,0.000729,-0.103464,0.144771,-0.07379,0.116506,0.002085,1.3e-05
0,-0.08057,0.024697,0.068176,0.053569,0.051413,0.032906,0.001406,0.000431
0,-0.180727,0.068187,-0.080354,0.065464,-0.109341,0.093883,0.003154,0.00119
0,-0.06668,0.021538,0.107686,-0.072872,0.071717,-0.079438,0.001164,0.000376
0,-0.268759,-0.066097,-0.177274,-0.059895,-0.140621,-0.023932,0.004691,0.001154
0,-0.175896,-0.026966,0.077978,0.069108,0.074258,0.022092,0.00307,0.000471
0,-0.127748,-0.07188,0.070722,-0.043004,0.103903,-0.060782,0.00223,0.001255
0,-0.11727,-0.043224,0.013461,0.054738,0.059324,0.072155,0.002047,0.000754
0,-0.068325,-0.074581,0.049821,-0.038828,0.072669,0.003758,0.001193,0.001302
0,-0.203754,0.127131,-0.110759,0.220482,-0.128536,0.215703,0.003556,0.002219
0,-0.11587,0.143292,0.114347,0.033464,0.091698,-0.009425,0.002022,0.002501
0,0.029579,0.123834,0.123168,-0.034557,0.162777,-0.023617,0.000516,0.002161
0,0.073215,-0.090349,0.024198,-0.235605,0.047731,-0.266909,0.001278,0.001577
0,0.0956,-0.072888,0.016247,0.004765,0.000567,-0.01424,0.001669,0.001272
0,-0.048294,0.109839,-0.161703,0.158246,-0.153804,0.151856,0.000843,0.001917
0,-0.161976,0.152684,-0.131408,0.036531,-0.150222,0.069599,0.002827,0.002665
0,-0.173371,-0.063638,-0.021667,-0.198422,-0.045275,-0.17647,0.003026,0.001111
0,-0.126028,0.154807,0.058672,0.200469,0.07879,0.15454,0.0022,0.002702
0,-0.08939,0.039567,0.027029,-0.103717,0.014682,-0.128955,0.00156,0.000691
0,-0.17174,0.197497,-0.111266,0.132486,-0.110679,0.111166,0.002997,0.003447
0,-0.252985,0.026825,-0.078854,-0.171425,-0.0564,-0.191404,0.004415,0.000468
0,-0.257553,0.031849,0.024079,-0.011581,0.057213,-0.053474,0.004495,0.000556
0,-0.113917,0.199943,0.141582,0.150507,0.095489,0.192523,0.001988,0.00349
0,-0.277684,-0.022464,-0.138906,-0.217182,-0.124251,-0.196487,0.004846,0.000392
0,-0.155185,-0.107199,0.099309,-0.074134,0.066009,-0.041234,0.002708,0.001871
0,-0.238111,0.140751,-0.104087,0.225066,-0.081409,0.200098,0.004156,0.002457
0,0.048884,-0.097625,0.314751,-0.25713,0.26502,-0.214466,0.000853,0.001704
0,-0.131762,0.117225,-0.163774,0.215465,-0.117394,0.215661,0.0023,0.002046
0,0.046064,0.013902,0.197244,-0.100969,0.226425,-0.084755,0.000804,0.000243
0,-0.169918,0.064677,-0.217488,0.07141,-0.218865,0.061121,0.002966,0.001129
0,0.073737,0.160657,0.236541,0.100872,0.261757,0.073513,0.001287,0.002804
0,0.008155,0.116584,-0.062305,-0.027147,-0.062683,-0.021504,0.000142,0.002035
0,-0.155541,-0.077304,-0.142878,-0.165069,-0.171236,-0.117165,0.002715,0.001349
0,-0.058814,0.077788,0.069678,0.134123,0.038523,0.132517,0.001027,0.001358
0,0.097534,-0.015018,0.182734,-0.109124,0.155299,-0.129305,0.001702,0.000262
0,0.037531,-0.06909,-0.051412,-0.038968,-0.062261,-0.053646,0.000655,0.001206
0,-0.12562,0.108433,-0.17006,0.191214,-0.152164,0.211755,0.002192,0.001893
0,-0.056735,0.100054,0.056595,0.020513,0.029255,-0.027251,0.00099,0.001746
0,-0.107124,-0.106996,-0.061008,-0.181605,-0.086397,-0.153615,0.00187,0.001867
0,0.091741,0.159821,0.169841,0.279518,0.135131,0.255149,0.001601,0.002789
0,0.059918,0.148775,-0.043448,0.012465,-0.037275,0.035931,0.001046,0.002597
0,-0.053282,0.200397,-0.141112,0.039578,-0.181956,0.047687,0.00093,0.003498
0,-0.154426,0.195695,-0.099939,0.013369,-0.142868,0.026374,0.002695,0.003416
0,-0.04777,0.147347,0.12965,-0.070506,0.174688,-0.073284,0.000834,0.002572
0,-0.054369,-0.087561,0.002024,-0.219109,0.05117,-0.219365,0.000949,0.001528
0,0.053436,-0.087625,0.106925,0.020533,0.109213,-0.012967,0.000933,0.001529
0,-0.13417,-0.026727,-0.161392,0.042715,-0.169825,0.043699,0.002342,0.000466
0,-0.116814,0.044322,0.027467,0.04706,0.051221,0.071828,0.002039,0.000774
0,-0.15955,0.010139,-0.024212,-0.03938,-0.034866,-0.081143,0.002785,0.000177
0,0.126572,-0.021674,0.303448,-0.046543,0.254935,-0.046074,0.002209,0.000378
0,0.090039,0.162821,-0.013835,0.17493,-0.00632,0.14753,0.001571,0.002842
0,0.063869,-0.121079,-0.038603,-0.265045,-0.005247,-0.293939,0.001115,0.002113
0,-0.132304,-0.00438,-0.193202,0.102092,-0.182803,0.060641,0.002309,7.6e-05
0,0.137746,-0.066481,0.295553,-0.075921,0.312062,-0.053733,0.002404,0.00116
0,0.004002,-0.073134,-0.126652,-0.032675,-0.080383,0.012333,7e-05,0.001276
0,0.063989,0.024439,0.059807,0.101432,0.011258,0.124894,0.001117,0.000427
0,0.145418,0.216809,0.061015,0.173625,0.030237,0.220771,0.002538,0.003784
0,0.002025,-0.042414,-0.116059,-0.23786,-0.16305,-0.215829,3.5e-05,0.00074
0,-0.158355,-0.043067,-0.164183,-0.009052,-0.118046,-0.034069,0.002764,0.000752
0,0.14745,0.185417,0.331756,0.242665,0.367976,0.269998,0.002573,0.003236
0,0.066071,0.20706,-0.100875,0.019806,-0.135622,0.00176,0.001153,0.003614
0,0.040858,0.008288,-0.043098,-0.202733,-0.01458,-0.211126,0.000713,0.000145
0,-0.060814,0.128004,-0.073662,0.133486,-0.12047,0.179133,0.001061,0.002234
0,-0.091579,0.020623,-0.055853,-0.125504,-0.005884,-0.120491,0.001598,0.00036
0,0.024577,0.092048,0.142972,0.054848,0.149234,0.055812,0.000429,0.001607
0,-0.143744,0.080801,-0.171588,4.1e-05,-0.220884,-0.003951,0.002509,0.00141
0,0.06652,0.193077,0.195925,0.124207,0.237868,0.144738,0.001161,0.00337
0,-0.062588,0.144058,-0.137038,-0.044242,-0.096682,-0.048253,0.001092,0.002514
0,-0.017574,0.04105,0.045005,-0.125834,0.078707,-0.079712,0.000307,0.000716
0,0.029406,-0.03291,0.018941,-0.066591,-0.025941,-0.090055,0.000513,0.000574
0,-0.058189,-0.001381,-0.099946,0.050817,-0.104111,0.075392,0.001016,2.4e-05
0,-0.228555,0.175587,-0.140727,0.17536,-0.145349,0.14775,0.003989,0.003065
0,-0.028042,0.044082,0.208636,-0.147266,0.23755,-0.126043,0.000489,0.000769
0,-0.138841,0.144047,-0.139435,0.12644,-0.118517,0.126814,0.002423,0.002514
0,-0.01997,0.026051,0.137883,-0.095531,0.151763,-0.072624,0.000349,0.000455
0,0.021552,-0.051966,0.030387,-0.055556,0.012625,-0.018892,0.000376,0.000907
0,-0.112538,-0.016193,-0.116203,0.021284,-0.164336,0.048841,0.001964,0.000283
0,-0.01004,0.222504,0.083908,0.263793,0.093709,0.23614,0.000175,0.003883
0,-0.128578,0.055436,-0.11109,-0.180778,-0.072678,-0.171868,0.002244,0.000968
0,-0.018967,0.05654,0.105252,0.030009,0.11714,0.047124,0.000331,0.000987
0,-0.139918,0.124437,-0.142856,0.041414,-0.119573,0.0579,0.002442,0.002172
0,-0.006722,0.033658,0.13202,-0.118166,0.17231,-0.148228,0.000117,0.000587
0,-0.0732,0.156286,-0.07861,0.094305,-0.126932,0.063579,0.001278,0.002728
0,0.187078,0.022496,0.270736,-0.160326,0.231869,-0.117564,0.003265,0.000393
0,0.026532,-0.007631,-0.170442,-0.012583,-0.198139,0.012592,0.000463,0.000133
0,0.172849,0.139871,0.133315,0.168263,0.178181,0.170795,0.003017,0.002441
0,-0.064555,-0.087635,-0.249969,-0.236932,-0.204255,-0.243433,0.001127,0.00153
0,0.045983,0.059089,0.135755,0.132084,0.132501,0.175719,0.000803,0.001031
0,0.106173,0.126873,0.033794,0.052562,0.024541,0.089366,0.001853,0.002214
0,0.100231,0.095308,0.023956,-0.034325,0.02269,-0.057083,0.001749,0.001663
0,-0.075704,0.050518,-0.190788,-0.046282,-0.199049,-0.020714,0.001321,0.000882
0,-0.103438,0.006055,-0.031507,-0.050767,-0.060812,-0.028645,0.001805,0.000106
0,-0.116492,-0.081304,0.01224,-0.09268,0.03034,-0.103016,0.002033,0.001419
0,-0.152327,-0.129852,-0.051848,-0.070615,-0.071581,-0.048892,0.002659,0.002266
0,0.063948,0.125372,0.206068,0.261223,0.189162,0.297282,0.001116,0.002188
0,-0.068611,-0.020872,-0.134618,-0.122532,-0.178242,-0.095489,0.001197,0.000364
0,0.021043,0.054152,0.085193,0.05692,0.042466,0.008155,0.000367,0.000945
0,0.098502,-0.011947,0.081308,-0.084543,0.062491,-0.052951,0.001719,0.000209
0,0.117745,0.111678,0.004587,0.121471,0.002193,0.125789,0.002055,0.001949
0,-0.149771,0.026135,-0.261204,-0.111337,-0.282219,-0.096237,0.002614,0.000456
0,-0.092052,-0.110012,0.067662,-0.142717,0.023643,-0.134125,0.001607,0.00192
0,-0.120345,-0.043922,-0.057885,0.089526,-0.013262,0.084398,0.0021,0.000767
0,0.027022,-0.103939,0.172845,-0.072831,0.177098,-0.114562,0.000472,0.001814
0,-0.108025,-0.087001,-0.124986,-0.005101,-0.152604,-0.014693,0.001885,0.001518
0,-0.073491,-0.055456,0.035181,0.006356,0.012511,-0.027534,0.001283,0.000968
0,-0.030798,0.0169,0.029847,0.068658,0.017602,0.104129,0.000538,0.000295
0,-0.124645,-0.153897,-0.11562,-0.179437,-0.133156,-0.145343,0.002175,0.002686
0,0.078313,0.104211,0.217653,0.277895,0.192578,0.313395,0.001367,0.001819
0,-0.018223,0.00766,-0.120375,-0.091192,-0.111409,-0.139244,0.000318,0.000134
0,0.045801,-0.138333,0.043632,-0.163467,0.054379,-0.174676,0.000799,0.002414
0,0.19343,0.137597,0.169569,0.275704,0.150828,0.275624,0.003376,0.002402
0,0.132975,0.100854,-0.030833,-0.011213,-0.040918,0.007437,0.002321,0.00176
0,-0.034432,-0.004092,-0.157694,-0.126278,-0.182116,-0.145284,0.000601,7.1e-05
0,0.014748,0.120421,0.076624,0.10205,0.087779,0.106889,0.000257,0.002102
0,-0.077373,-0.056166,-0.074978,-0.162617,-0.051753,-0.20303,0.00135,0.00098
0,0.072356,-0.070856,0.135803,-0.001532,0.179481,-0.026789,0.001263,0.001237
0,0.035501,-0.042195,-0.033098,0.009588,-0.006865,-0.000968,0.00062,0.000736
0,0.112094,0.065935,0.085906,0.085888,0.119958,0.06226,0.001956,0.001151
0,-0.042296,-0.04561,-0.161238,-0.112444,-0.129988,-0.091665,0.000738,0.000796
0,0.12473,0.128433,0.162502,0.200099,0.164934,0.152926,0.002177,0.002242
0,-0.037194,-0.060123,-0.141415,-0.172218,-0.09311,-0.152574,0.000649,0.001049
0,0.140871,-0.163972,0.187595,-0.101508,0.191539,-0.113622,0.002459,0.002862
0,0.010817,0.083627,-0.142538,0.246616,-0.106296,0.255081,0.000189,0.00146
0,0.125848,0.000938,0.087804,-0.085819,0.092644,-0.046452,0.002196,1.6e-05
0,0.13695,0.030177,0.025244,0.050928,0.011002,0.006211,0.00239,0.000527
0,-0.04458,-0.14305,-0.167539,-0.192408,-0.213656,-0.183604,0.000778,0.002497
0,0.023962,0.120275,0.058679,0.233663,0.033305,0.246227,0.000418,0.002099
0,-0.079929,-0.067973,-0.131942,-0.168279,-0.126657,-0.13624,0.001395,0.001186
0,-0.088325,0.081075,-0.032938,0.167681,0.014576,0.119073,0.001542,0.001415
0,-0.051214,0.010518,0.051766,-0.094056,0.036449,-0.130713,0.000894,0.000184
0,0.04764,-0.066043,0.08874,-0.070855,0.122483,-0.062226,0.000831,0.001153
0,0.024668,0.031392,-0.019101,0.077764,-0.042428,0.116183,0.000431,0.000548
0,0.065719,-0.174626,0.051832,-0.229613,0.084465,-0.212828,0.001147,0.003048
0,0.04066,-0.093978,-0.052127,0.061762,-0.087586,0.059396,0.00071,0.00164
0,0.145382,0.056807,0.129702,0.146034,0.121998,0.170834,0.002537,0.000991
0,0.096572,-0.015896,-0.072749,-0.059375,-0.039855,-0.101253,0.001685,0.000277
0,-0.037449,0.026942,-0.159525,0.015857,-0.201643,0.021685,0.000654,0.00047
0,0.150131,0.004209,0.203686,0.000394,0.166255,0.037797,0.00262,7.3e-05
0,0.125568,-0.103829,-0.054465,-0.11711,-0.040114,-0.073859,0.002192,0.001812
0,-0.027867,0.018426,-0.132392,0.146648,-0.128425,0.119533,0.000486,0.000322
0,0.11175,-0.124624,0.127405,-0.128823,0.159955,-0.169567,0.00195,0.002175
0,0.139058,-0.125281,0.046143,-0.020792,0.026631,-0.022793,0.002427,0.002187
0,0.16787,0.057783,0.011577,0.188348,-0.00222,0.18376,0.00293,0.001008
0,0.025189,0.162432,-0.133229,0.095743,-0.155753,0.109004,0.00044,0.002835
0,-0.015247,0.012271,-0.015632,-0.173966,-0.00287,-0.179958,0.000266,0.000214
0,0.171715,0.08463,0.202174,0.09253,0.179104,0.050202,0.002997,0.001477
0,0.206624,0.002904,0.034159,-0.080205,0.062698,-0.043992,0.003606,5.1e-05
0,0.23785,0.003976,0.0233,-0.0269,0.033019,-0.06442,0.004151,6.9e-05
0,0.017953,-0.019859,-0.208558,-0.040976,-0.228995,-0.06075,0.000313,0.000347
0,0.108381,-0.094676,0.075951,-0.088202,0.042663,-0.137995,0.001892,0.001652
0,0.193789,0.090614,0.103743,0.194136,0.12028,0.216487,0.003382,0.001582
0,0.096015,-0.042531,-0.117932,-0.12893,-0.085298,-0.097855,0.001676,0.000742
0,0.044431,-0.117472,-0.050902,-0.065024,-0.055267,-0.015677,0.000775,0.00205
0,0.242003,0.107383,0.171802,0.245729,0.146245,0.25947,0.004224,0.001874
0,0.052183,-0.028115,-0.200037,-0.124143,-0.202127,-0.133121,0.000911,0.000491
0,-0.012487,0.024657,-0.046777,0.062159,-0.055749,0.091029,0.000218,0.00043
0,0.05609,-0.002054,0.079589,-0.016432,0.091032,-0.050357,0.000979,3.6e-05
0,0.143632,0.059844,0.084928,0.033132,0.130705,0.051455,0.002507,0.001044
0,-0.102812,0.009469,-0.224132,-0.027901,-0.175418,-0.050687,0.001794,0.000165
0,-0.067231,-0.108441,0.013202,-0.124851,0.052298,-0.137429,0.001173,0.001893
0,-0.087349,-0.003583,-0.043382,0.127197,0.003032,0.091467,0.001525,6.3e-05
0,-0.104717,-0.017509,0.001843,-3e-05,-0.016339,0.017852,0.001828,0.000306
0,-0.138045,-0.03569,-0.004824,0.007772,-0.01624,0.014352,0.002409,0.000623
0,0.048474,-0.08264,0.171765,-0.017818,0.122606,-0.033734,0.000846,0.001442
0,0.01889,0.112825,-0.050672,0.176518,-0.092211,0.162595,0.00033,0.001969
0,-1.234989,-0.03061,-1.249858,-0.128632,-1.285722,-0.16893,0.001949,0.000534
0,-2.511983,0.07569,-1.275441,0.105798,-1.284401,0.129154,0.003164,0.001321
0,-3.577851,0.181115,-1.065155,0.135299,-1.114359,0.179389,0.003687,0.003161
0,-4.230471,0.20407,-0.676822,0.001077,-0.646502,-0.041068,0.003325,0.003562
0,-4.638111,-0.002594,-0.401048,-0.232968,-0.353339,-0.198611,0.001312,4.5e-05
0,-3.225859,0.026978,1.402648,0.011369,1.406237,-0.029753,0.002457,0.000471
0,-2.787991,0.247523,0.408518,0.21557,0.422744,0.204191,0.001653,0.00432
0,-2.145702,0.202395,0.640707,-0.041347,0.603982,-0.014177,0.002194,0.003532
0,-1.388966,0.180102,0.785063,-0.050561,0.742171,-0.005659,0.000739,0.003143
0,-0.999837,0.086384,0.370149,-0.064141,0.387164,-0.088074,0.005699,0.001508
0,-0.560126,0.006228,0.446988,-0.060523,0.430315,-0.095562,0.001976,0.000109
0,0.029043,-0.061262,0.589712,-0.088693,0.60176,-0.084966,0.000507,0.001069
0,0.266459,0.207153,0.210549,0.255747,0.166592,0.272608,0.004651,0.003616
0,0.11519,0.107298,-0.16164,-0.118965,-0.137371,-0.131502,0.00201,0.001873
0,0.316198,0.095103,0.21891,-0.027589,0.185878,-0.050955,0.005519,0.00166
0,0.253844,0.151217,-0.067566,0.029944,-0.066478,0.072614,0.00443,0.002639
0,0.302015,0.030865,0.068745,-0.135234,0.05449,-0.136428,0.005271,0.000539
0,0.306763,-0.048115,-0.010705,-0.066488,0.016027,-0.037258,0.005354,0.00084
0,0.257786,0.138403,-0.031518,0.210229,-0.003177,0.183759,0.004499,0.002416
0,0.100065,0.032029,-0.141882,-0.118676,-0.116853,-0.089004,0.001746,0.000559
0,0.1415,0.008994,0.016061,-0.021071,0.064131,0.002507,0.00247,0.000157
0,0.237204,0.126901,0.075605,0.096856,0.042919,0.092168,0.00414,0.002215
0,0.139512,0.19327,-0.111203,0.042623,-0.129863,0.00124,0.002435,0.003373
0,0.285268,0.1703,0.173133,0.005912,0.172424,-0.008784,0.004979,0.002972
0,0.23113,-0.056283,-0.024393,-0.251235,-0.032118,-0.256681,0.004034,0.000982
0,0.119446,0.16814,-0.094937,0.213901,-0.069892,0.222004,0.002085,0.002935
0,-0.064573,0.101285,-0.208653,-0.058049,-0.244163,-0.103281,0.001127,0.001768
0,0.052216,0.092054,0.098116,-0.024992,0.108949,-0.046032,0.000911,0.001607
0,0.170612,0.152667,0.133738,0.062161,0.166326,0.081795,0.002978,0.002665
0,-0.074004,-0.050283,-0.273771,-0.173452,-0.265521,-0.194845,0.001292,0.000878
0,0.04871,-0.124441,0.112345,-0.065641,0.117955,-0.042996,0.00085,0.002172
0,-0.046061,0.113935,-0.106359,0.231757,-0.079722,0.27102,0.000804,0.001989
0,0.092998,0.117145,0.131289,-0.023499,0.144839,-0.070625,0.001623,0.002045
0,-0.033695,0.112262,-0.116015,0.011067,-0.115025,-0.000808,0.000588,0.001959
0,0.106519,-0.075061,0.144032,-0.183161,0.176017,-0.211759,0.001859,0.00131
0,0.060595,0.003889,-0.067959,0.106307,-0.076491,0.136336,0.001058,6.8e-05
0,-0.16485,-0.137333,-0.246909,-0.139797,-0.294717,-0.168722,0.002877,0.002397
0,-0.136645,-0.015691,0.054681,0.095261,0.025607,0.058734,0.002385,0.000274
0,-0.163687,-0.126834,-0.044038,-0.082181,-0.028944,-0.117142,0.002857,0.002214
0,-0.178973,-0.186618,0.009107,-0.053908,-0.032639,-0.096325,0.003124,0.003257
0,-0.022084,-0.19846,0.132356,-0.014408,0.085003,-0.039375,0.000385,0.003464
0,-0.017783,-0.009048,-0.01557,0.165257,-0.005054,0.187297,0.00031,0.000158
0,0.035041,0.039308,0.050764,0.02621,0.083208,0.015849,0.000612,0.000686
0,0.00218,0.094574,-0.042162,0.045878,-0.00134,0.014526,3.8e-05,0.001651
0,-0.178639,0.037462,-0.162494,-0.06703,-0.147127,-0.045643,0.003118,0.000654
0,-0.100819,0.063966,0.089417,0.053304,0.04096,0.044014,0.00176,0.001116
0,-0.153643,-0.144429,-0.079337,-0.208709,-0.065408,-0.175509,0.002682,0.002521
0,-0.130584,-0.107729,0.036856,0.01673,0.046663,0.048336,0.002279,0.00188
0,-0.068548,0.066715,0.052274,0.159294,0.065561,0.19382,0.001196,0.001164
0,0.027464,-0.018797,0.121136,-0.057389,0.146527,-0.009007,0.000479,0.000328
0,-0.193268,-0.046888,-0.229944,-0.014241,-0.275561,0.029641,0.003373,0.000818
0,-0.01251,-0.107392,0.172769,-0.08689,0.126144,-0.068677,0.000218,0.001874
0,-0.044648,-0.12996,-0.021689,-0.028026,-0.015352,0.016049,0.000779,0.002268
0,0.098551,-0.009586,0.168982,0.146579,0.122658,0.112402,0.00172,0.000167
0,0.056571,0.057815,-0.014469,0.066067,-0.002675,0.039518,0.000987,0.001009
0,0.065796,0.049826,-0.008913,-0.002659,-0.035942,-0.016107,0.001148,0.00087
0,0.021538,0.071721,-0.022971,0.044869,-0.039915,0.042809,0.000376,0.001252
0,-0.017524,-0.070331,-0.067474,-0.115859,-0.026238,-0.080931,0.000306,0.001228
0,-0.063109,0.025657,-0.036833,0.102489,-0.027148,0.150684,0.001101,0.000448
0,-0.070057,0.03465,-0.017344,0.004065,-0.026124,-0.027136,0.001223,0.000605
0,-0.014865,0.021014,0.060312,-0.020868,0.095709,0.017963,0.000259,0.000367
0,-0.196167,0.00525,-0.166798,-0.006406,-0.157453,-0.041558,0.003424,9.2e-05
0,-0.120626,-0.148557,0.071336,-0.165161,0.119954,-0.197305,0.002105,0.002593
0,-0.158902,-0.034045,-0.026726,0.113047,-0.000606,0.063246,0.002773,0.000594
0,0.016236,-0.022558,0.167803,-0.001718,0.164197,0.008031,0.000283,0.000394
0,0.025235,-0.093858,0.000566,-0.042749,-0.046065,-0.051992,0.00044,0.001638
0,-0.072611,-0.154297,-0.109058,-0.037246,-0.156435,-0.011673,0.001267,0.002693
0,0.085252,0.113602,0.166732,0.262107,0.201878,0.290122,0.001488,0.001983
0,-0.047459,-0.160655,-0.147387,-0.244867,-0.162465,-0.266434,0.000828,0.002804
0,-0.048462,-0.066038,0.001781,0.066795,-0.041861,0.077548,0.000846,0.001153
0,0.114874,-0.095879,0.141387,-0.021256,0.131734,0.007863,0.002005,0.001673
0,0.006526,0.109159,-0.0812,0.228109,-0.114562,0.234373,0.000114,0.001905
0,-0.03157,0.002355,-0.034705,-0.090738,0.006677,-0.108294,0.000551,4.1e-05
0,-0.189345,0.113456,-0.181471,0.081395,-0.230884,0.106526,0.003305,0.00198
0,-0.072834,-0.101668,0.130034,-0.190936,0.138994,-0.162888,0.001271,0.001774
0,0.032699,-0.08073,0.129087,0.014711,0.103499,0.056289,0.000571,0.001409
0,-0.054976,0.102726,-0.067827,0.173397,-0.100883,0.133314,0.00096,0.001793
0,-0.107848,-0.015474,-0.025101,-0.09857,0.020363,-0.138173,0.001882,0.00027
0,-0.033496,-0.050081,0.063234,-0.018229,0.095347,-0.055761,0.000585,0.000874
0,-0.078271,-0.106852,-0.057766,-0.062982,-0.082908,-0.072016,0.001366,0.001865
0,-0.15032,0.12835,-0.091919,0.242931,-0.091972,0.205319,0.002624,0.00224
0,-0.190058,0.139219,-0.065236,-0.012192,-0.050831,-0.046475,0.003317,0.00243
0,-0.136033,-0.056715,0.035247,-0.166152,-0.013418,-0.216041,0.002374,0.00099
0,-0.080347,-0.002122,0.046439,0.033812,0.00084,0.050124,0.001402,3.7e-05
0,-0.084201,-0.113632,-0.017607,-0.130974,-0.04748,-0.178635,0.00147,0.001983
0,-0.110315,-0.044817,-0.053841,0.073712,-0.092783,0.091453,0.001925,0.000782
0,-0.169924,0.071626,-0.044864,0.145557,-0.019853,0.178946,0.002966,0.00125
0,0.02352,-0.07042,0.190781,-0.12826,0.163977,-0.110801,0.000411,0.001229
0,0.030932,0.028999,0.030188,0.072791,0.064323,0.033441,0.00054,0.000506
0,0.090989,0.019619,0.076386,0.009375,0.071682,0.056731,0.001588,0.000342
0,-0.093768,0.167868,-0.180804,0.174398,-0.144359,0.13186,0.001637,0.00293
0,-0.067561,-0.096058,-0.002276,-0.276194,0.018155,-0.318577,0.001179,0.001677
0,-0.167333,0.005985,-0.080884,0.115676,-0.11827,0.102243,0.002921,0.000104
0,-0.214753,-0.04719,-0.058075,-0.061495,-0.096805,-0.063307,0.003748,0.000824
0,0.046329,-0.079137,0.25307,-0.012312,0.264015,-0.03207,0.000809,0.001381
0,0.00931,-0.01371,-0.007825,0.083423,-0.044042,0.066947,0.000162,0.000239
0,0.021845,-0.045074,0.004738,-0.056722,-0.039982,-0.009086,0.000381,0.000787
0,0.055988,-0.085255,0.023985,-0.029487,-0.024089,0.003233,0.000977,0.001488
0,-0.026743,0.152052,-0.091998,0.225517,-0.101266,0.248614,0.000467,0.002654
0,0.003381,0.087212,0.019481,-0.078062,0.046863,-0.028211,5.9e-05,0.001522
0,-0.118362,0.090586,-0.097602,0.005585,-0.14583,0.03067,0.002066,0.001581
0,-0.064778,-0.059165,0.057245,-0.166478,0.07839,-0.187863,0.001131,0.001033
0,0.181575,-0.05267,0.257357,0.024457,0.275414,0.058307,0.003169,0.000919
0,0.088026,0.041604,-0.087787,0.119575,-0.074154,0.091611,0.001536,0.000726
0,-0.020376,0.103512,-0.121231,0.042804,-0.161983,0.031505,0.000356,0.001807
0,0.189618,-0.037088,0.182575,-0.132331,0.16036,-0.097903,0.003309,0.000647
0,0.241443,0.174532,0.072841,0.22446,0.075009,0.223706,0.004214,0.003046
0,0.073784,0.114708,-0.185899,-0.063441,-0.146843,-0.10972,0.001288,0.002002
0,-0.039318,0.157379,-0.098405,0.039948,-0.129998,0.017583,0.000686,0.002747
0,0.159332,0.031249,0.191985,-0.128382,0.195162,-0.08046,0.002781,0.000545
0,-0.022696,0.108923,-0.210062,0.105047,-0.254304,0.092751,0.000396,0.001901
0,0.189527,0.079435,0.224798,-0.058595,0.274395,-0.037325,0.003308,0.001386
0,-0.056295,-0.026074,-0.267832,-0.121599,-0.269656,-0.148846,0.000983,0.000455
0,0.062208,-0.011944,0.089563,0.031247,0.092164,0.007355,0.001086,0.000208
0,0.151605,0.151316,0.070576,0.168068,0.102273,0.133458,0.002646,0.002641
0,-0.090749,0.063522,-0.231603,-0.059951,-0.247515,-0.085269,0.001584,0.001109
0,-0.091484,0.089855,0.027088,0.050637,0.027521,0.06009,0.001597,0.001568
0,-0.150878,0.053235,-0.054499,-0.059347,-0.007858,-0.056172,0.002633,0.000929
0,-0.020027,-0.009787,0.123826,-0.050022,0.097371,-0.059983,0.00035,0.000171
0,0.034524,0.113231,0.060539,0.110179,0.069759,0.149831,0.000603,0.001976
0,0.116726,0.032619,0.065594,-0.07297,0.100192,-0.084293,0.002037,0.000569
0,0.117687,0.10312,0.006684,0.072971,0.000861,0.097338,0.002054,0.0018
0,-0.086621,0.135682,-0.179434,0.059989,-0.217976,0.030883,0.001512,0.002368
0,0.048247,0.07349,0.143479,-0.063613,0.168432,-0.040326,0.000842,0.001283
0,0.020736,0.13514,-0.01824,0.075908,0.007166,0.061552,0.000362,0.002359
0,-0.016233,0.096937,-0.025041,-0.014896,-0.072025,-0.013977,0.000283,0.001692
0,-0.026536,0.008072,0.013028,-0.096852,0.037382,-0.058278,0.000463,0.000141
0,0.030162,0.010395,0.029799,-0.015384,0.05532,0.026419,0.000526,0.000181
0,-0.123606,-0.078145,-0.140409,-0.076149,-0.159228,-0.120679,0.002157,0.001364
0,0.07136,-0.009079,0.168162,0.097632,0.172228,0.122528,0.001245,0.000158
0,-0.055498,-0.042148,-0.114298,-0.010245,-0.14803,0.006108,0.000969,0.000736
0,-0.171579,0.141918,-0.089049,0.199626,-0.039911,0.247781,0.002995,0.002477
0,0.034406,0.066047,0.189713,-0.087707,0.155818,-0.050023,0.0006,0.001153
0,-0.171171,0.195971,-0.220013,0.143212,-0.242823,0.15296,0.002987,0.00342
0,-0.088722,0.210523,0.08332,-0.008527,0.120049,0.040633,0.001548,0.003674
0,-0.002133,0.117699,0.08,-0.102405,0.058878,-0.124401,3.7e-05,0.002054
0,0.09128,0.109424,0.06541,0.008603,0.015596,0.030224,0.001593,0.00191
0,0.19039,0.076933,0.070853,-0.024716,0.040728,-0.023386,0.003323,0.001343
0,-0.040019,0.031757,-0.251556,-0.047563,-0.247194,-0.07719,0.000698,0.000554
0,-0.127718,0.009652,-0.077167,0.006819,-0.098993,0.031814,0.002229,0.000168
0,-0.040191,0.127166,0.087622,0.123451,0.114253,0.108464,0.000701,0.002219
0,-0.118491,0.089133,-0.10244,-0.012416,-0.101322,0.005957,0.002068,0.001556
0,-0.045586,-0.00561,0.08417,-0.100805,0.08819,-0.105783,0.000796,9.8e-05
0,0.067364,-0.092285,0.113742,-0.092594,0.11756,-0.107431,0.001176,0.001611
0,0.144965,0.141823,0.050414,0.261375,0.064979,0.292294,0.00253,0.002475
0,0.117651,0.148168,-0.016452,-0.017809,-0.054887,0.024652,0.002053,0.002586
0,0.097463,0.099192,-0.039174,-0.022728,-0.053382,-0.047515,0.001701,0.001731
0,-0.114237,-0.003313,-0.212131,-0.129005,-0.241009,-0.125939,0.001994,5.8e-05
0,-0.047785,-0.011401,0.048966,-0.023788,0.08185,-0.008192,0.000834,0.000199
0,0.074082,0.092347,0.144887,0.113141,0.172066,0.14714,0.001293,0.001612
0,-0.096278,0.114233,-0.167069,0.031928,-0.128092,0.069018,0.00168,0.001994
0,0.023316,0.109063,0.098428,-0.028923,0.143866,-0.069289,0.000407,0.001904
0,-0.236715,-0.065422,-0.273322,-0.1737,-0.245377,-0.144301,0.004131,0.001142
0,-0.096085,0.142065,0.139315,0.235117,0.18032,0.253007,0.001677,0.00248
0,-0.094205,0.115164,0.02991,-0.022909,0.027774,0.014813,0.001644,0.00201
0,-0.089631,-0.018111,0.011116,-0.138155,-0.019911,-0.089021,0.001564,0.000316
0,-0.143805,0.083053,-0.079321,0.075049,-0.07356,0.119844,0.00251,0.00145
0,-0.062294,0.216162,0.088628,0.143233,0.079156,0.103295,0.001087,0.003773
0,-0.226687,0.19938,-0.185569,0.009171,-0.210947,-0.010442,0.003956,0.00348
0,-0.099031,0.04931,0.099742,-0.176119,0.0898,-0.188882,0.001728,0.000861
0,0.068103,0.059764,0.178474,0.015006,0.209153,0.044629,0.001189,0.001043
0,-0.08714,0.108282,-0.160357,0.024685,-0.183457,-0.020138,0.001521,0.00189
0,-0.055018,0.046628,0.038088,-0.0324,0.063871,0.006344,0.00096,0.000814
0,-0.019175,-0.040271,0.061128,-0.080021,0.068562,-0.075884,0.000335,0.000703
0,-0.188982,0.100941,-0.173605,0.161205,-0.148273,0.197519,0.003298,0.001762
0,-0.033212,0.060394,0.127192,-0.021,0.157668,-0.018213,0.00058,0.001054
0,-0.067606,-0.006334,-0.030018,-0.052054,-0.021212,-0.004711,0.00118,0.000111
0,-0.011735,0.167671,0.049398,0.165904,0.018998,0.162536,0.000205,0.002926
0,-0.082223,-0.084452,-0.099896,-0.239391,-0.097827,-0.232485,0.001435,0.001474
0,-0.014171,0.16712,0.080469,0.247915,0.042937,0.285055,0.000247,0.002917
0,-0.269732,0.161018,-0.252256,0.013975,-0.211236,-0.002504,0.004708,0.00281
0,-0.152324,-0.119191,0.144716,-0.304746,0.168672,-0.281947,0.002659,0.00208
0,-0.183982,-0.115814,-0.035584,0.008558,-0.030891,-0.025703,0.003211,0.002021
0,-0.227938,0.041286,-0.071393,0.133861,-0.089689,0.1218,0.003978,0.000721
0,-0.284301,-0.071595,-0.072335,-0.12883,-0.09433,-0.141292,0.004962,0.00125
0,-0.296787,-0.036266,-0.015898,0.018242,0.031143,0.028806,0.00518,0.000633
0,-0.311924,0.145612,-0.043284,0.203791,-0.072993,0.16528,0.005444,0.002541
0,-0.313544,0.094606,-0.020431,-0.050781,0.005906,-0.100048,0.005472,0.001651
0,-0.12384,0.194435,0.180106,0.118344,0.179234,0.132541,0.002161,0.003394
0,-0.164157,0.173608,-0.029366,-0.020395,-0.058038,-0.033087,0.002865,0.00303
0,-0.299314,0.077375,-0.1494,-0.078395,-0.19806,-0.077174,0.005224,0.00135
0,-0.263296,0.133623,0.020217,0.028714,0.068097,0.017518,0.004595,0.002332
0,-0.227797,0.139584,0.014797,-0.001727,0.051941,0.030263,0.003976,0.002436
0,-0.259108,0.010982,-0.012813,-0.157517,0.023945,-0.203183,0.004522,0.000192
0,-0.229766,-0.083933,0.028612,-0.100443,-0.006764,-0.12296,0.00401,0.001465
0,-0.11182,0.088736,0.125719,0.157616,0.101569,0.190394,0.001952,0.001549
0,-0.186291,0.041907,-0.091261,-0.052783,-0.07647,-0.07459,0.003251,0.000731
0,-0.298363,0.071923,-0.114704,0.052699,-0.12756,0.056672,0.005207,0.001255
0,-0.161027,0.034412,0.125841,-0.020873,0.116907,0.022528,0.00281,0.000601
0,0.039538,-0.097251,0.174065,-0.112835,0.198991,-0.121059,0.00069,0.001697
0,-0.025723,-0.061305,-0.058245,0.032435,-0.079213,0.064222,0.000449,0.00107
0,-0.173526,0.079966,-0.144882,0.141127,-0.128605,0.143057,0.003029,0.001396
0,-0.120503,-0.098889,0.038105,-0.17822,0.070302,-0.130267,0.002103,0.001726
0,-0.248969,-0.090545,-0.136175,0.019736,-0.177045,0.060889,0.004345,0.00158
0,-0.069234,-0.035343,0.204177,0.043576,0.192694,0.038034,0.001208,0.000617
0,-0.143392,-0.004317,-0.058559,0.033417,-0.061044,0.018647,0.002503,7.5e-05
0,-0.265127,0.022376,-0.134543,0.053664,-0.117304,0.098008,0.004627,0.000391
0,0.029886,0.116086,0.315119,0.095671,0.322124,0.14213,0.000522,0.002026
0,-0.083202,0.049068,-0.143025,-0.050294,-0.150178,-0.023096,0.001452,0.000856
0,-0.197774,0.036674,-0.088636,-0.012949,-0.126304,-0.034836,0.003452,0.00064
0,-0.061983,-0.083324,0.160652,-0.138737,0.121322,-0.169441,0.001082,0.001454
0,-0.011336,0.080798,0.05759,0.137265,0.045827,0.094932,0.000198,0.00141
0,-0.001131,0.076971,0.023002,0.022368,0.050772,0.032033,2e-05,0.001343
0,-0.075032,0.127488,-0.068155,0.03137,-0.116537,0.028741,0.00131,0.002225
0,-0.150664,-0.086612,-0.061572,-0.197553,-0.103806,-0.212813,0.00263,0.001512
0,-0.179513,-0.003151,-0.002009,0.099859,-0.013404,0.088297,0.003133,5.5e-05
0,-0.034644,-0.061232,0.135187,-0.08194,0.120069,-0.126812,0.000605,0.001069
0,-0.152487,0.084081,-0.107419,0.172167,-0.075998,0.155272,0.002661,0.001467
0,-0.135442,0.103658,0.006499,0.015744,0.001255,0.021223,0.002364,0.001809
0,-0.006005,0.015862,0.139608,-0.099752,0.128932,-0.123847,0.000105,0.000277
0,-0.116516,0.153918,-0.135481,0.158313,-0.144301,0.116469,0.002034,0.002686
0,-0.06545,-0.132378,0.02171,-0.286929,0.041481,-0.309671,0.001142,0.00231
0,-0.087947,0.148317,-0.022607,0.295456,-0.057941,0.300592,0.001535,0.002589
0,-0.070246,0.090792,0.014412,-0.071206,0.016578,-0.073394,0.001226,0.001585
0,-0.019901,0.062736,0.025203,-0.045724,-0.018887,-0.038624,0.000347,0.001095
0,0.016334,0.058431,0.027901,0.025312,0.045572,0.060314,0.000285,0.00102
0,-0.095173,0.05495,-0.115075,-0.024807,-0.115388,0.018574,0.001661,0.000959
0,-0.180751,0.127344,-0.055835,0.044416,-0.076621,0.04637,0.003155,0.002223
0,-0.070464,0.079028,0.122478,-0.066971,0.1299,-0.028472,0.00123,0.001379
0,-0.105037,0.085485,-0.048082,-0.004343,-0.080381,-0.00655,0.001833,0.001492
0,-0.091641,-0.001346,-0.005169,-0.060282,-0.012079,-0.017431,0.001599,2.3e-05
0,-0.111218,0.061396,-0.015596,0.062817,-0.054668,0.046591,0.001941,0.001072
0,-0.225979,-0.020015,-0.134283,-0.079618,-0.086114,-0.126655,0.003944,0.000349
0,-0.229483,-0.167353,0.017835,-0.121503,-0.026443,-0.151251,0.004005,0.002921
0,0.057019,-0.06223,0.31108,0.111696,0.303707,0.071129,0.000995,0.001086
0,-0.103771,-0.152426,-0.184442,-0.091238,-0.193201,-0.104567,0.001811,0.00266
0,-0.002198,-0.12344,0.086838,0.040814,0.129807,0.060411,3.8e-05,0.002154
0,-0.014745,-0.042304,0.00619,0.081567,0.043542,0.049774,0.000257,0.000738
0,-0.104414,0.119364,-0.096962,0.162552,-0.125835,0.178737,0.001822,0.002083
0,0.07114,0.075846,0.204354,-0.058673,0.25194,-0.077268,0.001242,0.001324
0,0.051739,0.050674,0.007591,-0.007855,0.042784,-0.045549,0.000903,0.000884
0,0.074952,-0.061404,0.04231,-0.116587,0.048492,-0.07714,0.001308,0.001072
0,-0.009064,0.01569,-0.106578,0.050159,-0.06751,0.081728,0.000158,0.000274
0,-0.14245,0.076084,-0.122641,0.05938,-0.088433,0.02963,0.002486,0.001328
0,-0.1884,0.008498,-0.024876,-0.08556,-0.017869,-0.107021,0.003288,0.000148
0,-0.095784,-0.083876,0.10189,-0.11128,0.136284,-0.066288,0.001672,0.001464
0,0.129503,-0.060767,0.251874,0.041085,0.209128,0.061091,0.00226,0.001061
0,-0.101214,0.102721,-0.238676,0.159282,-0.248208,0.154623,0.001767,0.001793
0,0.046498,-0.150541,0.133168,-0.257309,0.101367,-0.212943,0.000812,0.002627
0,-0.101614,-0.033155,-0.122553,0.112698,-0.132833,0.099807,0.001773,0.000579
0,0.131133,-0.023329,0.204523,0.02811,0.18932,0.036317,0.002289,0.000407
0,0.009863,0.01809,-0.132166,0.061094,-0.140605,0.066485,0.000172,0.000316
0,0.112363,0.106726,0.102494,0.09212,0.13801,0.141192,0.001961,0.001863
0,0.066274,0.073366,-0.058242,-0.054694,-0.09988,-0.039433,0.001157,0.00128
0,0.191502,0.087086,0.148859,0.01705,0.142411,0.053482,0.003342,0.00152
0,0.092145,0.000226,-0.115418,-0.070573,-0.147338,-0.099149,0.001608,4e-06
0,-0.070481,-0.110769,-0.140703,-0.132714,-0.168624,-0.13039,0.00123,0.001933
0,0.167614,0.060987,0.215938,0.154088,0.249685,0.17322,0.002925,0.001064
0,-0.1338,0.02381,-0.277764,-0.009226,-0.251651,-0.02729,0.002335,0.000416
0,0.01452,0.048898,0.152395,0.029006,0.138222,0.040149,0.000253,0.000853
0,0.037801,-0.141055,0.050923,-0.161229,0.053588,-0.209836,0.00066,0.002462
0,-0.164148,-0.030238,-0.176376,0.131381,-0.177728,0.157583,0.002865,0.000528
0,0.062649,-0.078561,0.237945,-0.067348,0.260205,-0.028305,0.001093,0.001371
0,0.015784,0.033097,-0.035298,0.12706,-0.044712,0.148205,0.000275,0.000578
0,-0.170802,0.148669,-0.210786,0.116634,-0.240309,0.158937,0.002981,0.002595
0,-0.014253,-0.062007,0.147212,-0.239863,0.143058,-0.250798,0.000249,0.001082
0,-0.214429,-0.098251,-0.177107,-0.048718,-0.224821,-0.048537,0.003742,0.001715
0,-0.02503,0.015609,0.1714,0.091166,0.137607,0.045755,0.000437,0.000272
0,-0.162969,-0.129273,-0.167365,-0.115759,-0.167599,-0.133936,0.002844,0.002256
0,-0.133202,-0.023069,0.00156,0.104538,0.015361,0.072549,0.002325,0.000403
0,-0.035035,0.040321,0.121014,0.060582,0.104613,0.099323,0.000611,0.000704
0,-0.013735,-0.140141,0.004785,-0.204019,-0.038323,-0.21977,0.00024,0.002446
0,0.081622,-0.020405,0.065515,0.11231,0.028416,0.158683,0.001425,0.000356
0,-0.07964,0.033444,-0.169789,0.051346,-0.171778,0.016173,0.00139,0.000584
0,0.012276,-0.016378,0.114708,-0.02031,0.143875,-0.031748,0.000214,0.000286
0,-0.022812,-0.089468,-0.038736,-0.080772,-0.08844,-0.034757,0.000398,0.001562
0,-0.070454,-0.139555,-0.06009,-0.062889,-0.016176,-0.015861,0.00123,0.002436
0,0.057787,0.014814,0.106267,0.1663,0.075867,0.139282,0.001009,0.000259
0,-0.001892,0.007543,-0.034858,-0.005285,-0.025531,0.036202,3.3e-05,0.000132
0,-0.035509,-0.056194,-0.022494,-0.064214,0.001168,-0.094246,0.00062,0.000981
0,-0.032398,0.054767,-0.006818,0.101441,-0.01017,0.061651,0.000565,0.000956
0,0.059021,0.064814,0.105462,-0.009347,0.064624,0.030252,0.00103,0.001131
0,0.076727,-0.025543,0.018756,-0.062921,0.005782,-0.02994,0.001339,0.000446
0,-0.050374,-0.104452,-0.097571,-0.052258,-0.119793,-0.101273,0.000879,0.001823
0,0.177327,-0.17341,0.223928,-0.07123,0.236637,-0.044406,0.003095,0.003027
0,0.140876,0.090656,-0.011355,0.255273,0.038234,0.234373,0.002459,0.001582
0,0.084988,-0.069734,-0.058516,-0.153116,-0.078305,-0.131513,0.001483,0.001217
0,0.098818,-0.048851,0.040768,0.027131,0.015179,0.064432,0.001725,0.000853
0,0.047289,0.081916,-0.05041,0.123892,-0.057038,0.08039,0.000825,0.00143
0,-0.008222,0.001092,-0.039585,-0.075813,-0.073237,-0.042272,0.000144,1.9e-05
0,-0.054954,0.00721,-0.026975,-0.009157,0.022325,-0.024706,0.000959,0.000126
0,0.066914,-0.053675,0.141728,-0.037379,0.174276,-0.018837,0.001168,0.000937
0,0.010039,-0.013797,-0.081241,0.02905,-0.106089,-0.008922,0.000175,0.000241
0,0.144427,0.117208,0.104392,0.159105,0.130683,0.151118,0.002521,0.002046
0,-0.062258,0.136753,-0.233267,0.019812,-0.209128,0.049837,0.001087,0.002387
0,-0.084881,0.109946,-0.026438,0.003149,0.018695,-0.020132,0.001481,0.001919
0,-0.000774,0.161855,0.102677,0.059722,0.090342,0.035827,1.4e-05,0.002825
0,0.102378,0.002855,0.086545,-0.157071,0.097826,-0.15953,0.001787,5e-05
0,-0.042174,-0.047248,-0.127777,-0.067619,-0.088711,-0.103362,0.000736,0.000825
0,-0.162556,0.045631,-0.122616,0.074174,-0.125117,0.024415,0.002837,0.000796
0,-0.015016,-0.038496,0.176959,-0.108129,0.128146,-0.130401,0.000262,0.000672
0,1.113336,0.381687,1.145756,0.449584,1.104913,0.414904,0.004072,0.00509
0,1.429639,0.308026,0.330949,-0.048452,0.310017,-0.000164,0.001449,0.005376
0,1.453272,0.286484,-0.002561,-0.036313,0.045921,-0.009005,0.001861,0.005
0,1.44673,0.364846,-0.00401,0.102539,0.026294,0.097269,0.001747,0.005384
0,1.354866,0.436638,-0.078059,0.080737,-0.084476,0.048317,0.000143,0.004131
0,1.087276,0.383325,-0.28585,-0.057001,-0.302589,-0.029563,0.004527,0.005061
0,0.625474,0.359601,-0.437922,0.005396,-0.487019,0.051353,0.000835,0.005475
0,0.618507,0.187936,-0.019205,-0.166765,-0.003603,-0.190909,0.000957,0.00328
0,0.541357,0.099114,-0.052394,-0.068946,-0.069893,-0.057917,0.002303,0.00173
0,0.349162,-0.146997,-0.199523,-0.239278,-0.186895,-0.272489,0.005658,0.002566
0,-0.036788,-0.006274,-0.412187,0.138737,-0.437298,0.120551,0.000642,0.000109
0,-0.182421,0.007184,-0.133188,0.000188,-0.10155,-0.029735,0.003184,0.000125
0,-0.259031,-0.127394,-0.099953,-0.115614,-0.131949,-0.125918,0.004521,0.002223
0,-0.380995,0.079754,-0.14848,0.218363,-0.135415,0.194248,0.005102,0.001392
0,-0.216308,0.095851,0.173189,0.036164,0.210351,0.004104,0.003775,0.001673
0,-0.230577,0.064862,-0.012606,-0.053113,-0.048392,-0.049758,0.004024,0.001132
0,-0.22355,-0.138771,0.022023,-0.217656,-0.02529,-0.262032,0.003902,0.002422
0,-0.226697,-0.129872,-0.029355,0.030148,0.01433,0.019322,0.003957,0.002267
0,-0.262353,-0.100411,-0.033212,0.028352,-0.001411,0.029116,0.004579,0.001753
0,-0.196997,0.049628,0.048581,0.136989,0.094343,0.142131,0.003438,0.000866
0,-0.16317,-0.024606,0.025622,-0.060914,0.037411,-0.095556,0.002848,0.000429
0,-0.214524,0.067928,-0.066192,0.071935,-0.060023,0.055096,0.003744,0.001186
0,-0.356557,-0.038881,-0.113444,-0.131714,-0.111078,-0.092802,0.005529,0.000679
0,-0.24342,-0.054197,0.113846,-0.028882,0.134811,-0.076814,0.004248,0.000946
0,-0.169046,-0.185298,0.082089,-0.144759,0.059682,-0.132971,0.00295,0.003234
0,-0.060656,0.021269,0.131183,0.177387,0.133971,0.193468,0.001059,0.000371
0,-0.205889,-0.0132,-0.128015,-0.03307,-0.162641,-0.057286,0.003593,0.00023
0,-0.157535,0.092476,0.058095,0.091516,0.04493,0.070979,0.00275,0.001614
0,-0.121562,0.084316,0.017778,0.016343,0.043679,0.054426,0.002122,0.001472
0,-0.013937,-0.038427,0.115552,-0.106203,0.106829,-0.090132,0.000243,0.000671
0,-0.204641,-0.010472,-0.207863,0.024894,-0.223713,0.051963,0.003572,0.000183
0,-0.20672,-0.028091,0.026744,-0.030793,-0.000408,-0.049433,0.003608,0.00049
0,-0.013835,-0.179644,0.202361,-0.177505,0.160802,-0.136616,0.000241,0.003135
0,-0.179522,-0.145518,-0.14434,0.050517,-0.109639,0.068148,0.003133,0.00254
0,0.058518,-0.085304,0.227666,0.088422,0.214505,0.085193,0.001021,0.001489
0,-0.112776,-0.067688,-0.196974,0.01503,-0.183083,0.028534,0.001968,0.001181
0,-0.084447,-0.074626,0.038473,-0.015318,0.06837,-0.027227,0.001474,0.001302
0,-0.150872,-0.161451,-0.065361,-0.088815,-0.108148,-0.107012,0.002633,0.002818
0,-0.014835,0.081801,0.121078,0.247695,0.142183,0.293787,0.000259,0.001428
0,-0.073994,0.0814,-0.054568,0.021875,-0.04942,0.019462,0.001291,0.001421
0,0.17153,0.072604,0.249905,-0.020241,0.202039,-0.068856,0.002994,0.001267
0,-0.021466,0.087872,-0.17325,0.018521,-0.189177,0.061622,0.000375,0.001534
0,0.226281,-0.054595,0.257295,-0.122914,0.248268,-0.110364,0.003949,0.000953
0,0.15801,0.055321,-0.07186,0.107289,-0.06508,0.154234,0.002758,0.000966
0,0.146566,-0.062544,-0.01271,-0.108277,-0.031803,-0.081247,0.002558,0.001092
0,-0.033702,-0.076555,-0.191307,-0.007505,-0.149948,-0.007788,0.000588,0.001336
0,0.117239,0.128426,0.162997,0.210523,0.205135,0.180367,0.002046,0.002241
0,0.038432,0.038584,-0.078265,-0.109627,-0.078004,-0.075819,0.000671,0.000673
0,0.21398,-0.055197,0.184976,-0.098807,0.157306,-0.056277,0.003735,0.000963
0,2.013407,-0.841912,1.793282,-0.782586,1.836117,-0.791743,0.000115,0.002942
0,3.444244,-1.44652,1.452557,-0.589825,1.47545,-0.635112,0.001355,0.001743
0,2.946722,-1.311521,-0.517121,0.124734,-0.529907,0.153044,0.004423,0.000613
0,2.783845,-1.028359,-0.171794,0.272542,-0.177634,0.296937,0.00158,0.005555
0,2.407899,-1.013267,-0.370946,0.026605,-0.407268,0.048772,0.004981,0.005819
0,4.358605,-0.682485,1.958304,0.33605,1.975954,0.341486,0.005562,0.00016
0,4.659667,-0.020688,0.3121,0.687347,0.362005,0.653012,0.000935,0.000361
0,5.293541,0.182912,0.610773,0.194061,0.583059,0.218565,0.001624,0.003192
0,4.567949,0.295723,-0.735313,0.102992,-0.75995,0.068686,0.002536,0.005161
0,4.725671,0.370637,0.135858,0.054188,0.156517,0.061102,0.000217,0.005283
0,4.05035,0.306898,-0.686088,-0.072065,-0.65629,-0.112234,0.000182,0.005356
0,3.042475,0.377121,-1.003199,0.078051,-1.004758,0.077963,0.005657,0.00517
0,2.015684,0.383687,-1.01016,0.030813,-1.004482,0.068471,7.5e-05,0.005055
0,1.107872,0.208311,-0.880596,-0.162079,-0.866558,-0.207448,0.004167,0.003636
0,0.460017,0.260804,-0.62276,0.025066,-0.66827,0.022311,0.003723,0.004552
0,0.290903,0.020659,-0.145531,-0.258276,-0.174579,-0.235004,0.005077,0.000361
0,-0.025057,0.177829,-0.295099,0.169805,-0.309667,0.212541,0.000437,0.003104
0,-0.293932,0.170729,-0.295529,0.011805,-0.246055,0.028961,0.00513,0.00298
0,-0.524074,0.039793,-0.227085,-0.140655,-0.275607,-0.127151,0.002605,0.000695
0,-0.503946,0.015768,0.014543,-0.0255,0.032406,-0.004654,0.002956,0.000275
0,-0.354703,0.04202,0.137772,0.001416,0.184916,0.039102,0.005561,0.000733
0,-0.513018,0.021586,-0.18321,-0.050307,-0.145151,-0.074417,0.002798,0.000377
0,-0.439365,-0.041547,0.054878,-0.080325,0.055862,-0.060427,0.004083,0.000725
0,-0.240103,0.015983,0.174575,0.049386,0.164292,0.072332,0.004191,0.000279
0,0.160986,-0.143371,0.386598,-0.144495,0.348706,-0.131615,0.00281,0.002502
0,0.052239,-0.038541,-0.115929,0.125804,-0.088773,0.170456,0.000912,0.000673
0,0.202565,-0.034296,0.180282,0.005231,0.130457,0.029571,0.003535,0.000599
0,0.034402,0.084699,-0.169083,0.10023,-0.142471,0.07989,0.0006,0.001478
0,0.227882,0.083139,0.185978,-0.008654,0.147275,0.010333,0.003977,0.001451
0,0.106408,-0.011308,-0.1328,-0.099844,-0.121085,-0.101083,0.001857,0.000197
0,0.235942,0.102675,0.141924,0.140555,0.09588,0.156754,0.004118,0.001792
0,0.264965,0.090879,0.051936,-0.01029,0.027418,-0.034092,0.004625,0.001586
0,0.052629,-0.164353,-0.195663,-0.23652,-0.16949,-0.202859,0.000919,0.002869
0,0.167863,-0.021997,0.091665,0.153279,0.090309,0.159136,0.00293,0.000384
0,0.069544,0.108575,-0.081614,0.148471,-0.098414,0.158901,0.001214,0.001895
0,-0.052165,0.123568,-0.111417,-0.001781,-0.096892,0.044554,0.00091,0.002157
0,0.154524,-0.071971,0.217541,-0.204399,0.22387,-0.237401,0.002697,0.001256
0,0.085492,-0.137184,-0.080689,-0.053852,-0.115461,-0.073962,0.001492,0.002394
0,0.061582,-0.07729,-0.021174,0.062165,-0.023327,0.041281,0.001075,0.001349
0,0.010597,-0.043366,-0.051401,0.056154,-0.025941,0.010887,0.000185,0.000757
0,0.038625,-0.028811,0.018964,-0.0117,0.046615,0.001463,0.000674,0.000503
0,0.06853,0.120206,0.014186,0.151189,0.007768,0.170139,0.001196,0.002098
0,0.010125,0.012778,-0.080453,-0.101937,-0.12067,-0.059901,0.000177,0.000223
0,0.235742,-0.010279,0.198645,-0.030675,0.163554,-0.006852,0.004114,0.000179
0,0.132828,-0.073129,-0.122505,-0.064612,-0.081556,-0.093353,0.002318,0.001276
0,0.260999,0.169738,0.106875,0.261116,0.073629,0.260947,0.004555,0.002962
0,0.022225,0.053848,-0.236433,-0.14117,-0.200287,-0.116037,0.000388,0.00094
0,0.101366,0.100668,0.061413,0.065503,0.085243,0.037299,0.001769,0.001757
0,0.008492,-0.01604,-0.107447,-0.095239,-0.127139,-0.09777,0.000148,0.00028
0,0.068121,-0.064153,0.075599,-0.049091,0.065086,-0.052756,0.001189,0.00112
0,0.075018,-0.030352,-0.000401,0.037419,-0.011825,0.047358,0.001309,0.00053
0,0.185257,-0.002709,0.080692,0.036624,0.086244,0.012729,0.003233,4.7e-05
0,-0.087838,-0.004958,-0.279545,0.000781,-0.290746,0.04698,0.001533,8.7e-05
0,0.038346,-0.098993,0.117662,-0.099464,0.127265,-0.102332,0.000669,0.001728
0,0.025091,-0.022692,-0.014123,0.06172,0.023278,0.012524,0.000438,0.000396
0,0.17889,0.071831,0.16208,0.078279,0.198707,0.098942,0.003122,0.001254
0,0.015205,0.042436,-0.135448,-0.043628,-0.142184,-0.080808,0.000265,0.000741
0,0.199805,-0.102608,0.188492,-0.163957,0.188521,-0.131767,0.003487,0.001791
0,-0.00529,-0.07613,-0.185141,0.036726,-0.146587,-0.006673,9.2e-05,0.001329
0,-0.019268,0.102982,-0.001827,0.185371,-0.019395,0.163797,0.000336,0.001797
0,-0.04915,-0.010907,-0.025391,-0.135508,-0.033395,-0.10151,0.000858,0.00019
0,-0.0653,-0.076464,-0.029378,-0.041835,-0.075781,-0.010585,0.00114,0.001335
0,-0.060595,-0.047973,0.022152,0.039799,-0.022571,0.056532,0.001058,0.000837
0,0.150098,-0.042893,0.237397,0.008803,0.232911,-0.039524,0.00262,0.000749
0,0.172193,-0.112377,0.006731,-0.09057,-0.007907,-0.090967,0.003005,0.001961
0,0.071112,-0.023391,-0.089729,0.065527,-0.115341,0.040936,0.001241,0.000408
0,0.032131,0.09397,-0.063054,0.14033,-0.039274,0.184723,0.000561,0.00164
0,0.199964,0.078216,0.171965,-0.006136,0.190975,-0.043394,0.00349,0.001365
0,0.00388,0.140066,-0.184673,0.047799,-0.209038,0.025692,6.8e-05,0.002445
0,0.158624,0.114413,0.159345,0.004167,0.207779,0.012694,0.002769,0.001997
0,0.049573,-0.082778,-0.102433,-0.213853,-0.143706,-0.198183,0.000865,0.001445
0,-0.001768,0.047578,-0.075451,0.125076,-0.038594,0.162004,3.1e-05,0.00083
0,0.013798,-0.050277,0.026215,-0.123232,0.043255,-0.149974,0.000241,0.000878
0,0.168806,0.110265,0.184085,0.162387,0.172758,0.158803,0.002946,0.001924
0,0.047042,0.076808,-0.100269,-0.050739,-0.143641,-0.080745,0.000821,0.001341
0,0.12381,0.101158,0.081659,0.011427,0.098498,-0.037642,0.002161,0.001766
0,0.287851,-0.057613,0.140043,-0.129461,0.150509,-0.081203,0.005024,0.001006
0,0.115522,-0.083505,-0.142483,-0.019175,-0.162422,-0.026746,0.002016,0.001457
0,-0.007697,0.042212,-0.109632,0.104487,-0.061052,0.060901,0.000134,0.000737
0,0.005446,0.038224,0.010432,-0.018121,0.025816,-0.050239,9.5e-05,0.000667
0,0.024572,-0.021732,0.047767,-0.063373,0.097368,-0.093993,0.000429,0.000379
0,-0.003398,0.099594,-0.048788,0.149157,-0.015251,0.177789,5.9e-05,0.001738
0,-0.06927,-0.039626,-0.048204,-0.140284,-0.079268,-0.187573,0.001209,0.000692
0,-0.013746,0.013966,0.058303,0.060709,0.106623,0.099275,0.00024,0.000244
0,0.090026,-0.063626,0.077485,-0.048842,0.083695,-0.066941,0.001571,0.00111
0,0.15114,-0.175963,0.057916,-0.120631,0.087326,-0.169931,0.002638,0.003071
0,-0.025903,0.032273,-0.199605,0.237959,-0.173039,0.223611,0.000452,0.000563
0,0.175246,0.02597,0.213736,0.019758,0.252021,0.053674,0.003059,0.000453
0,0.039057,0.037871,-0.146126,-0.000776,-0.102192,-0.014432,0.000682,0.000661
0,-0.08146,-0.244443,-0.136214,-0.304325,-0.182798,-0.299205,0.001422,0.004266
0,-0.069256,-0.122711,-0.010485,0.120404,0.004995,0.094907,0.001209,0.002142
0,-2.422572,0.053511,-2.337402,0.187292,-2.331931,0.230264,0.004725,0.000934
0,-3.171134,0.272645,-0.758129,0.237503,-0.72852,0.207727,0.003412,0.004759
0,-2.500703,0.316759,0.671989,0.036572,0.63862,0.036634,0.003361,0.005528
0,-1.959605,0.587132,0.539418,0.296347,0.573164,0.318918,0.001054,0.001504
0,-1.342319,0.47918,0.640298,-0.118602,0.653716,-0.112684,7.6e-05,0.003388
0,-1.043209,0.158589,0.274154,-0.313382,0.270292,-0.34969,0.005296,0.002768
0,-0.693828,0.287113,0.373046,0.131344,0.380134,0.124215,0.000358,0.005011
0,-0.41105,0.1685,0.302779,-0.128689,0.329803,-0.171334,0.004578,0.002941
0,-0.175479,-0.02353,0.253146,-0.192788,0.272659,-0.218747,0.003063,0.000411
0,-0.022218,0.037777,0.179456,0.037235,0.146436,0.073749,0.000388,0.000659
0,0.142396,0.096866,0.187535,0.060472,0.147201,0.099499,0.002485,0.001691
0,0.402078,-0.008523,0.270824,-0.090121,0.289786,-0.065906,0.004734,0.000149
0,0.299257,0.219674,-0.088668,0.203063,-0.070393,0.202481,0.005223,0.003834
0,0.3708,0.006231,0.086717,-0.232339,0.09012,-0.261879,0.00528,0.000109
0,0.342327,0.210908,-0.034178,0.194162,-0.031674,0.183168,0.005777,0.003681
0,0.23679,0.212018,-0.125552,-0.001557,-0.167738,0.029421,0.004133,0.0037
0,0.055453,0.191662,-0.188391,-0.015927,-0.18527,0.021029,0.000968,0.003345
0,0.061808,0.205394,-0.00795,0.026541,0.036602,0.027603,0.001079,0.003585
0,-0.064479,-0.010922,-0.15329,-0.203899,-0.201488,-0.208608,0.001125,0.000191
0,-0.10388,0.174654,-0.010887,0.164852,-0.029293,0.123011,0.001813,0.003048
0,-0.063206,0.209674,0.015214,0.050702,-0.031133,0.098365,0.001103,0.003659
0,0.067084,0.139039,0.152818,-0.069085,0.157767,-0.117455,0.001171,0.002427
0,-0.031587,0.146937,-0.120815,0.016414,-0.08538,0.031508,0.000551,0.002565
0,-0.113221,0.138183,-0.056746,0.019997,-0.068676,-0.016416,0.001976,0.002412
0,-0.198888,0.097197,-0.101303,-0.046215,-0.116935,-0.089856,0.003471,0.001696
0,-0.050581,0.049993,0.135195,-0.042248,0.10705,-0.004418,0.000883,0.000873
0,-0.135284,0.195447,-0.11451,0.171827,-0.112537,0.196943,0.002361,0.003411
0,-0.006545,-0.030329,0.138225,-0.211116,0.111843,-0.195749,0.000114,0.000529
0,0.003624,0.017816,0.004735,0.070081,0.011278,0.025979,6.3e-05,0.000311
0,-0.155811,0.066712,-0.145544,0.028593,-0.165435,-0.009893,0.002719,0.001164
0,-0.033751,0.198232,0.111421,0.150864,0.099428,0.1856,0.000589,0.00346
0,-0.001641,0.179988,0.011563,-0.045391,-0.026479,-0.07587,2.9e-05,0.003141
0,-0.041417,-0.019071,-0.01034,-0.190828,0.021768,-0.142889,0.000723,0.000333
0,-0.071582,0.037132,-0.000881,0.083266,0.011103,0.086182,0.001249,0.000648
0,-0.233928,-0.070652,-0.18539,-0.094444,-0.180401,-0.064831,0.004083,0.001233
0,-0.070208,0.07559,0.156517,0.175366,0.164971,0.170702,0.001225,0.001319
0,-0.025895,-0.013602,0.051539,-0.097195,0.052078,-0.052407,0.000452,0.000237
0,-0.193433,0.158854,-0.18936,0.180921,-0.197546,0.188657,0.003376,0.002773
0,-0.039557,0.139362,0.140373,-0.033573,0.165605,-0.019326,0.00069,0.002432
0,0.075309,0.103753,0.096752,-0.042236,0.138056,-0.043212,0.001314,0.001811
0,0.091867,-0.04111,0.033264,-0.166297,0.076753,-0.127253,0.001603,0.000718
0,0.02483,-0.074735,-0.050729,-0.030054,-0.096731,-0.05867,0.000433,0.001304
0,0.153774,0.090124,0.155378,0.187746,0.114946,0.234579,0.002684,0.001573
0,0.027426,0.122027,-0.141114,0.056282,-0.12985,0.011855,0.000479,0.00213
0,0.046874,0.074663,0.009282,-0.024912,0.017798,0.009732,0.000818,0.001303
0,-0.02837,0.10253,-0.079767,0.021446,-0.093236,-0.008476,0.000495,0.001789
0,-0.039076,-0.098104,0.017015,-0.202232,0.046642,-0.195001,0.000682,0.001712
0,0.066184,0.017487,0.104581,0.119766,0.065363,0.159477,0.001155,0.000305
0,0.125048,-0.1913,0.034797,-0.234589,0.048815,-0.237312,0.002183,0.003339
0,-0.089451,0.10429,-0.23492,0.274165,-0.215479,0.305679,0.001561,0.00182
0,-0.143066,0.026461,-0.07407,-0.063216,-0.057578,-0.107219,0.002497,0.000462
0,-0.189625,-0.084053,-0.026087,-0.131845,-0.055486,-0.127794,0.00331,0.001467
0,-0.004609,-0.167718,0.159067,-0.086157,0.127036,-0.083811,8e-05,0.002927
0,-0.096178,-0.141763,-0.103503,-0.001829,-0.064395,0.02939,0.001679,0.002474
0,0.028258,0.085549,0.110472,0.256992,0.084134,0.213783,0.000493,0.001493
0,0.041344,-0.093003,0.004676,-0.180966,-0.007374,-0.222059,0.000722,0.001623
0,-0.068284,-0.22043,-0.088958,-0.137981,-0.128011,-0.155708,0.001192,0.003847
0,-0.209726,-0.016849,-0.152028,0.198226,-0.200845,0.213626,0.00366,0.000294
0,-0.161151,0.025757,0.068387,0.064137,0.035963,0.042618,0.002813,0.00045
0,-0.117516,-0.013983,0.051786,-0.038387,0.04476,-0.049358,0.002051,0.000244
0,-0.134562,-0.124482,-0.043713,-0.105223,-0.021084,-0.064626,0.002349,0.002173
0,1e-05,-0.032266,0.132606,0.075663,0.098331,0.089489,0.0,0.000563
0,0.023923,-0.034497,0.051766,-0.002306,0.076232,-0.027069,0.000418,0.000602
0,-0.077457,0.036675,-0.087257,0.06738,-0.062438,0.105351,0.001352,0.00064
0,-0.158957,-0.103621,-0.097157,-0.158568,-0.051878,-0.161179,0.002774,0.001809
0,-0.183221,0.077947,-0.028815,0.152579,-0.020858,0.119718,0.003198,0.00136
0,0.081082,-0.052844,0.234671,-0.125945,0.231745,-0.112004,0.001415,0.000922
0,0.008961,-0.084535,-0.085558,-0.034245,-0.108084,0.010746,0.000156,0.001475
0,-0.012566,0.04323,-0.01941,0.11448,-0.051064,0.12906,0.000219,0.000755
0,0.229621,0.003817,0.23735,-0.059409,0.253586,-0.094885,0.004008,6.7e-05
0,-0.82768,0.399721,-1.062881,0.402344,-1.108741,0.38998,0.002694,0.004775
0,-2.661021,0.432534,-1.829964,0.012902,-1.832465,0.001765,0.000563,0.004203
0,-3.247114,0.812587,-0.609462,0.402232,-0.631876,0.353738,0.002086,0.002431
0,-3.21709,0.848887,0.017106,0.058989,-0.026857,0.081313,0.00261,0.003064
0,-3.163947,0.893781,0.032788,0.060684,0.029435,0.034768,0.003537,0.003848
0,-3.045221,0.794619,0.105946,-0.080111,0.059497,-0.050973,0.005609,0.002117
0,-2.449291,0.717886,0.596719,-0.052008,0.616467,-0.015309,0.004259,0.000778
0,-1.817319,0.514556,0.613,-0.21037,0.590551,-0.214991,0.003537,0.002771
0,-0.409278,0.339866,1.417878,-0.169929,1.382039,-0.183126,0.004608,0.00582
0,-0.021103,0.135122,0.401075,-0.181169,0.415027,-0.176074,0.000368,0.002358
0,0.162959,-0.048961,0.176983,-0.182138,0.193788,-0.141149,0.002844,0.000855
0,0.328197,-0.030292,0.173509,0.015187,0.135523,-0.028446,0.005728,0.000529
0,0.606466,-0.118752,0.307776,-0.093194,0.332856,-0.084156,0.001167,0.002073
0,0.606345,-0.241515,-0.00434,-0.098019,0.039264,-0.08459,0.001169,0.004215
0,0.568059,-0.078248,-0.062015,0.185376,-0.026329,0.160736,0.001837,0.001366
0,0.368937,-0.06845,-0.211171,0.018106,-0.234971,-0.019335,0.005313,0.001195
0,0.40282,-0.124579,0.03239,-0.082885,0.023012,-0.076992,0.004721,0.002174
0,0.195432,-0.196727,-0.177803,-0.073053,-0.193738,-0.061064,0.003411,0.003434
0,0.076044,-0.27928,-0.11161,-0.077053,-0.078619,-0.107306,0.001327,0.004874
0,-0.155065,-0.119647,-0.224241,0.147807,-0.220283,0.167292,0.002706,0.002088
0,0.102876,-0.284808,0.271789,-0.167095,0.303478,-0.11952,0.001796,0.004971
0,-0.125626,-0.350208,-0.241064,-0.073288,-0.244885,-0.082653,0.002193,0.005639
0,-0.031682,0.012866,0.066583,0.349536,0.055525,0.385629,0.000553,0.000225
0,0.045261,-0.069028,0.071446,-0.054488,0.089576,-0.07677,0.00079,0.001205
0,-0.056962,-0.144126,-0.085829,-0.103045,-0.099383,-0.134417,0.000994,0.002515
0,0.049255,0.08427,0.111621,0.248571,0.131324,0.248676,0.00086,0.001471
0,-0.044759,0.069535,-0.084059,-0.039318,-0.088572,-0.077101,0.000781,0.001214
0,-0.097759,0.077103,-0.040273,0.009106,-0.081864,0.001318,0.001706,0.001346
0,-0.175394,-0.133025,-0.049515,-0.183453,-0.078507,-0.174523,0.003061,0.002322
0,0.01098,-0.118998,0.181811,-0.001745,0.179925,-0.044374,0.000192,0.002077
0,-0.032245,0.013252,-0.053955,0.118543,-0.059117,0.152223,0.000563,0.000231
0,-0.046071,9.9e-05,0.006468,-0.019202,1e-06,0.011602,0.000804,2e-06
0,0.048899,-0.029018,0.074721,0.000221,0.049875,0.020042,0.000853,0.000506
0,-0.172326,-0.119719,-0.206179,-0.062741,-0.240786,-0.10708,0.003008,0.002089
0,-0.138428,0.019174,0.062603,0.167483,0.089792,0.133129,0.002416,0.000335
0,-0.043733,-0.091923,0.103322,-0.085941,0.130031,-0.078461,0.000763,0.001604
0,-0.113083,0.029132,-0.062819,0.096786,-0.043604,0.052256,0.001974,0.000508
0,0.150321,0.102129,0.283222,0.089354,0.323693,0.049852,0.002624,0.001782
0,-0.113429,0.154315,-0.263642,0.044809,-0.255364,0.073093,0.00198,0.002693
0,-0.204806,-0.044584,-0.098642,-0.175861,-0.096508,-0.18585,0.003575,0.000778
0,-0.066735,0.151939,0.154544,0.218952,0.186024,0.17776,0.001165,0.002652
0,-0.05903,-0.014245,-0.020901,-0.188898,0.019157,-0.194269,0.00103,0.000249
0,-0.101234,-0.083303,-0.035686,-0.042693,-0.083562,0.002811,0.001767,0.001454
0,-0.191491,0.176662,-0.092053,0.254459,-0.070475,0.243382,0.003342,0.003083
0,-0.047634,0.156105,0.13067,1.8e-05,0.106249,0.031341,0.000831,0.002725
0,-0.100762,-0.044436,-0.060544,-0.223732,-0.067769,-0.240525,0.001759,0.000776
0,0.044859,0.034344,0.168445,0.059837,0.19401,0.038436,0.000783,0.000599
0,-0.176504,-0.121594,-0.200788,-0.163435,-0.22041,-0.193312,0.003081,0.002122
0,-0.144519,-0.016805,0.041541,0.080798,0.025841,0.09322,0.002522,0.000293
0,-0.145724,0.029133,0.026204,0.064946,0.037839,0.080767,0.002543,0.000508
0,-0.108327,-0.01682,0.0471,-0.050554,0.035453,-0.008891,0.001891,0.000294
0,-0.024933,0.105339,0.063855,0.111894,0.023867,0.115723,0.000435,0.001839
0,-0.06418,0.062519,-0.067708,-0.037282,-0.074877,-0.045745,0.00112,0.001091
0,-0.071072,-0.138368,-0.025951,-0.230162,-0.035895,-0.189869,0.00124,0.002415
0,-0.004305,-0.071991,0.060007,0.094044,0.050523,0.096241,7.5e-05,0.001256
0,-0.097396,0.06563,-0.097693,0.147771,-0.086902,0.124607,0.0017,0.001145
0,-0.134435,-0.114748,-0.031396,-0.17055,-0.058405,-0.157333,0.002346,0.002003
0,-0.071717,0.074101,0.071142,0.209798,0.106538,0.239666,0.001252,0.001293
0,0.03968,0.029376,0.09983,-0.023604,0.095119,-0.042777,0.000693,0.000513
0,0.057918,-0.074186,0.024433,-0.128101,-0.009143,-0.115466,0.001011,0.001295
0,0.161572,0.040562,0.114216,0.101187,0.111458,0.101502,0.00282,0.000708
0,0.121281,-0.037843,-0.014068,-0.095308,-0.040874,-0.083704,0.002117,0.00066
0,0.227233,0.058734,0.096053,0.123665,0.059722,0.173296,0.003966,0.001025
0,0.120403,0.004151,-0.080472,-0.073264,-0.040235,-0.087459,0.002101,7.2e-05
0,-0.003976,0.033888,-0.144182,0.005381,-0.152964,0.021917,6.9e-05,0.000591
0,0.079449,-0.161074,0.106608,-0.168047,0.124246,-0.19534,0.001387,0.002811
0,0.266142,0.092561,0.186194,0.264066,0.159665,0.260073,0.004645,0.001616
0,0.165883,-0.210166,-0.071304,-0.293809,-0.044628,-0.343165,0.002895,0.003668
0,0.208254,0.03566,0.022119,0.220544,0.033725,0.233377,0.003635,0.000622
0,0.087672,-0.071221,-0.096472,-0.109773,-0.119814,-0.102164,0.00153,0.001243
0,0.252068,-0.039828,0.165168,0.043334,0.183354,0.026955,0.004399,0.000695
0,0.172173,0.016495,-0.104078,0.076806,-0.094783,0.046437,0.003005,0.000288
0,0.307964,-0.172474,0.154731,-0.210528,0.117356,-0.176841,0.005375,0.00301
0,0.149067,-0.085242,-0.162215,0.114114,-0.141626,0.083954,0.002602,0.001488
0,0.219763,0.112962,0.048196,0.170545,0.095801,0.194543,0.003836,0.001972
0,0.139121,0.043814,-0.100099,-0.060484,-0.065418,-0.063176,0.002428,0.000765
0,0.175689,-0.047492,0.064549,-0.071091,0.018099,-0.10642,0.003066,0.000829
0,0.193016,0.08711,0.042362,0.116084,0.089422,0.110361,0.003369,0.00152
0,0.150942,-0.052732,-0.06813,-0.166562,-0.024711,-0.170233,0.002634,0.00092
0,0.212033,-0.061565,0.04651,-0.005912,0.014275,-0.003906,0.003701,0.001075
0,0.132344,-0.093689,-0.052196,-0.051657,-0.101491,-0.004143,0.00231,0.001635
0,0.044253,-0.008111,-0.079829,0.056407,-0.108223,0.052037,0.000772,0.000142
0,0.172983,-0.137355,0.153883,-0.113384,0.178724,-0.086569,0.003019,0.002397
0,0.085762,0.040676,-0.097325,0.167348,-0.087995,0.215091,0.001497,0.00071
0,0.209642,0.023993,0.117467,-0.023918,0.082946,0.021219,0.003659,0.000419
0,0.100269,-0.137881,-0.081285,-0.183826,-0.054756,-0.218428,0.00175,0.002406
0,0.062443,0.0587,-0.013862,0.188151,-0.015161,0.151717,0.00109,0.001025
0,0.111025,-0.037991,0.049239,-0.113546,0.041695,-0.094152,0.001938,0.000663
0,0.060548,-0.011013,-0.038098,0.016384,-0.04329,0.013399,0.001057,0.000192
0,0.146583,-0.184671,0.090854,-0.158154,0.09479,-0.189524,0.002558,0.003223
0,-0.05958,-0.03701,-0.184823,0.14005,-0.21226,0.139792,0.00104,0.000646
0,0.121466,0.034062,0.151915,0.049067,0.140211,0.044007,0.00212,0.000594
0,-0.130329,-0.041061,-0.277945,-0.091305,-0.244624,-0.060522,0.002275,0.000717
0,0.139448,-0.102735,0.240754,-0.080781,0.288909,-0.039424,0.002434,0.001793
0,-0.067769,-0.167489,-0.207116,-0.048041,-0.197151,-0.055139,0.001183,0.002923
0,-0.178013,0.025144,-0.121824,0.196591,-0.167561,0.233134,0.003107,0.000439
0,0.084009,0.033396,0.26943,0.016962,0.290004,0.002697,0.001466,0.000583
0,-0.153862,-0.112664,-0.241218,-0.126015,-0.260969,-0.07751,0.002685,0.001966
0,0.058882,0.068442,0.222074,0.189712,0.177792,0.188173,0.001028,0.001195
0,-0.048357,-0.05668,-0.092954,-0.146147,-0.054134,-0.18545,0.000844,0.000989
0,0.089278,-0.039392,0.110864,-0.004881,0.13648,0.044818,0.001558,0.000688
0,-0.002371,-0.101861,-0.086305,-0.066822,-0.132669,-0.033907,4.1e-05,0.001778
0,0.108783,0.038257,0.125486,0.136419,0.083618,0.15627,0.001899,0.000668
0,-0.091814,-0.106522,-0.184933,-0.131383,-0.175935,-0.110339,0.001602,0.001859
0,0.09001,-0.041232,0.192763,0.064875,0.222039,0.029862,0.001571,0.00072
0,-0.022958,0.128083,-0.12712,0.190211,-0.127958,0.212227,0.000401,0.002235
0,-0.105839,0.090726,-0.094664,-0.008596,-0.124828,-0.047736,0.001847,0.001583
0,0.072776,0.031721,0.166997,-0.055256,0.176885,-0.099237,0.00127,0.000554
0,-0.091431,0.139319,-0.185376,0.104462,-0.151283,0.135753,0.001596,0.002432
0,0.007216,0.058187,0.12328,-0.073815,0.095797,-0.039846,0.000126,0.001016
0,0.069007,0.040466,0.076478,-0.040359,0.097067,-0.060162,0.001204,0.000706
0,-0.159077,-0.001759,-0.239063,-0.021173,-0.279647,-0.060566,0.002776,3.1e-05
0,0.048255,0.017503,0.185375,0.006925,0.155686,-0.037141,0.000842,0.000305
0,-0.02287,-0.094829,-0.080914,-0.107222,-0.128295,-0.059152,0.000399,0.001655
0,0.05623,-0.106015,0.094923,-0.033043,0.104659,0.001621,0.000981,0.00185
0,0.046271,-0.116424,-0.03283,-0.028722,-0.012047,0.013498,0.000808,0.002032
0,-0.123898,0.106145,-0.165044,0.247041,-0.191801,0.292258,0.002162,0.001853
0,0.036746,-0.074784,0.187706,-0.180307,0.167383,-0.223427,0.000641,0.001305
0,-0.139006,0.036179,-0.199775,0.083696,-0.15828,0.067082,0.002426,0.000631
0,-0.118621,0.006528,0.041938,-0.012407,0.051087,0.029447,0.00207,0.000114
0,0.145173,0.082207,0.246466,0.096868,0.258456,0.117151,0.002534,0.001435
0,0.17267,0.129101,0.019064,0.022441,0.015602,0.021468,0.003014,0.002253
0,0.123185,-0.013055,-0.066835,-0.129371,-0.077933,-0.157664,0.00215,0.000228
0,-0.099918,-0.019977,-0.247867,-0.024195,-0.249771,0.023196,0.001744,0.000349
0,0.089451,0.031741,0.199001,0.056456,0.174128,0.069406,0.001561,0.000554
0,0.106937,0.111583,0.021169,0.064914,0.004653,0.080648,0.001866,0.001947
0,-0.1088,-0.044302,-0.194549,-0.137352,-0.231397,-0.153408,0.001899,0.000773
0,-2.103807,0.180495,-1.98907,0.222368,-1.947815,0.270048,0.001463,0.00315
0,-3.262944,0.149303,-1.149023,-0.033918,-1.102658,-0.025486,0.001809,0.002606
0,-3.146115,0.079766,0.131496,-0.044793,0.155566,-0.076815,0.003848,0.001392
0,-2.557447,0.151351,0.595385,0.096951,0.612547,0.135943,0.002371,0.002642
0,-2.287547,0.338045,0.269717,0.203084,0.24403,0.15897,0.00467,0.005852
0,-1.497246,0.205329,0.805076,-0.141305,0.848059,-0.13944,0.002628,0.003584
0,-0.932888,0.267558,0.574059,0.092067,0.53031,0.051847,0.00453,0.00467
0,-0.801262,0.025834,0.1392,-0.267606,0.106693,-0.267259,0.002233,0.000451
0,-0.78583,0.207703,0.008321,0.179187,-0.010015,0.168435,0.001964,0.003625
0,-0.435243,0.126936,0.376246,-0.076076,0.32752,-0.095296,0.004155,0.002215
0,-0.241259,0.105522,0.18898,-0.019198,0.196826,0.004022,0.004211,0.001842
0,-0.210542,0.146035,0.002905,0.034664,0.015639,0.037147,0.003675,0.002549
0,-0.142825,0.002748,0.074227,-0.130487,0.086447,-0.081133,0.002493,4.8e-05
0,-0.063037,0.053918,0.06217,0.028949,0.03476,0.027255,0.0011,0.000941
0,-0.008162,-0.04138,0.026257,-0.119793,0.01499,-0.090295,0.000142,0.000722
0,-0.039328,-0.022544,-0.031763,0.028135,-0.012875,0.009459,0.000686,0.000393
0,-0.043797,0.160314,0.011779,0.207718,-0.009471,0.20375,0.000764,0.002798
0,0.004122,0.177745,0.043892,-0.011954,0.019246,0.031359,7.2e-05,0.003102
0,-0.027387,0.198225,-0.053981,0.016466,-0.004913,0.025684,0.000478,0.00346
0,-0.098032,0.046597,-0.100416,-0.159511,-0.14637,-0.193719,0.001711,0.000813
0,-0.079094,0.028149,0.007088,-0.041271,0.006059,-0.052942,0.00138,0.000491
0,0.095846,0.202535,0.179265,0.185584,0.212305,0.234895,0.001673,0.003535
0,-0.017692,0.190988,-0.113569,0.003059,-0.084289,-0.0189,0.000309,0.003333
0,0.225069,0.073152,0.217615,-0.144023,0.254955,-0.147179,0.003928,0.001277
0,0.206692,0.059556,-0.017244,-0.00652,-0.040009,-0.016888,0.003607,0.001039
0,0.186874,0.210598,0.004299,0.139608,0.007063,0.170194,0.003262,0.003676
0,0.029269,0.15884,-0.151216,-0.055445,-0.156657,-0.057311,0.000511,0.002772
0,0.069029,0.049695,0.022398,-0.10709,0.033763,-0.107005,0.001205,0.000867
0,-0.084302,0.001185,-0.176888,-0.057798,-0.163177,-0.041004,0.001471,2.1e-05
0,0.128654,-0.038259,0.206217,-0.010358,0.204373,0.032064,0.002245,0.000668
0,0.056488,0.215988,-0.083437,0.259641,-0.04343,0.243866,0.000986,0.00377
0,-0.038577,0.066803,-0.071879,-0.159957,-0.098683,-0.139045,0.000673,0.001166
0,0.123187,-0.083754,0.17945,-0.157298,0.214475,-0.140993,0.00215,0.001462
0,0.098595,0.051894,-0.003219,0.137355,0.008304,0.111169,0.001721,0.000906
0,0.030461,0.117066,-0.076961,0.037991,-0.071866,-0.001822,0.000532,0.002043
0,0.093674,-0.065848,0.086992,-0.153737,0.125844,-0.106732,0.001635,0.001149
0,-0.012904,0.072208,-0.12746,0.159523,-0.153517,0.147828,0.000225,0.00126
0,0.076371,0.149544,0.080826,0.103858,0.051158,0.149393,0.001333,0.00261
0,0.071177,0.05903,0.0148,-0.068023,0.010817,-0.11484,0.001242,0.00103
0,0.096438,-0.133839,0.038361,-0.213956,0.003718,-0.240968,0.001683,0.002336
0,0.035341,0.175305,-0.086226,0.283369,-0.121148,0.301989,0.000617,0.00306
0,0.126296,0.078392,0.096028,-0.118344,0.12102,-0.147596,0.002204,0.001368
0,-0.023388,0.033628,-0.161082,-0.072728,-0.150887,-0.108788,0.000408,0.000587
0,0.017451,-0.160797,0.07074,-0.181905,0.088443,-0.169547,0.000305,0.002806
0,0.03525,0.045863,0.01781,0.193458,0.027784,0.151074,0.000615,0.0008
0,0.0253,-0.026504,-0.022881,-0.055717,-0.062494,-0.06371,0.000442,0.000463
0,0.048408,-0.037457,0.040289,-0.001078,0.006226,0.04182,0.000845,0.000654
0,-0.088522,-0.127026,-0.117494,-0.110914,-0.073366,-0.15558,0.001545,0.002217
0,-0.076864,0.041809,0.013325,0.138955,0.024278,0.097938,0.001342,0.00073
0,-0.002228,0.000376,0.06597,-0.038822,0.068889,-0.008096,3.9e-05,7e-06
0,-0.127731,-0.093581,-0.106868,-0.093286,-0.096813,-0.051397,0.002229,0.001633
0,-0.005469,0.094085,0.11473,0.210386,0.095231,0.242784,9.5e-05,0.001642
0,-0.040721,-0.129901,-0.027897,-0.221349,-0.014823,-0.189183,0.000711,0.002267
0,0.087006,0.074839,0.15625,0.187019,0.118957,0.174024,0.001519,0.001306
0,-0.067517,0.031736,-0.134757,-0.06638,-0.092673,-0.072406,0.001178,0.000554
0,0.061453,0.125408,0.141512,0.118869,0.135838,0.159938,0.001073,0.002189
0,-0.186416,0.114858,-0.25899,-0.014057,-0.24316,-0.048296,0.003254,0.002005
0,-0.00872,0.115629,0.172815,0.008911,0.208393,0.025742,0.000152,0.002018
0,-0.159203,0.146434,-0.126662,0.034936,-0.124678,-0.012058,0.002779,0.002556
0,0.001453,0.078758,0.17677,-0.041057,0.182928,-0.044732,2.5e-05,0.001375
0,0.011859,0.082393,-0.000746,0.00892,-0.007034,-0.015514,0.000207,0.001438
0,-0.071548,0.008063,-0.074989,-0.099168,-0.072034,-0.137905,0.001249,0.000141
0,0.026756,0.139526,0.084731,0.131222,0.077124,0.107415,0.000467,0.002435
0,-0.184534,0.044734,-0.208071,-0.107963,-0.185064,-0.105391,0.003221,0.000781
0,-0.13451,-0.026697,0.041522,-0.090507,0.028421,-0.095279,0.002348,0.000466
0,0.094544,0.092511,0.230816,0.10042,0.252794,0.053962,0.00165,0.001615
0,-0.082207,0.046195,-0.193036,-0.054291,-0.177948,-0.046549,0.001435,0.000806
0,0.147766,0.054082,0.223927,0.008742,0.264454,0.029975,0.002579,0.000944
0,0.111615,-0.118438,-0.009447,-0.158625,-0.046852,-0.171165,0.001948,0.002067
0,0.092413,0.182011,-0.009674,0.328686,-0.034428,0.334868,0.001613,0.003177
0,-0.108364,0.091359,-0.171792,-0.062191,-0.210913,-0.015167,0.001891,0.001595
0,-0.122809,0.143717,-0.008718,0.051268,0.031934,0.080939,0.002143,0.002508
0,-0.020016,0.108989,0.098467,-0.062352,0.08238,-0.104911,0.000349,0.001902
0,0.021948,-0.057335,0.012039,-0.195832,-0.004693,-0.241326,0.000383,0.001001
0,0.120207,0.063149,0.081475,0.148482,0.103523,0.167651,0.002098,0.001102
0,-0.178004,0.201599,-0.278115,0.16395,-0.271014,0.150347,0.003107,0.003519
0,0.053851,0.145309,0.247898,-0.077777,0.201775,-0.081252,0.00094,0.002536
0,0.125632,0.027618,0.093657,-0.132965,0.092177,-0.172965,0.002193,0.000482
0,-0.146449,0.14048,-0.246478,0.125504,-0.217296,0.134255,0.002556,0.002452
0,-0.076368,0.038388,0.059528,-0.088848,0.058608,-0.054405,0.001333,0.00067
0,0.104394,0.091707,0.163898,0.040485,0.15074,0.016994,0.001822,0.001601
0,0.054727,-0.001237,-0.040447,-0.068395,-0.016437,-0.073124,0.000955,2.2e-05
0,0.034425,0.06813,-0.046672,0.039371,-0.080755,0.068432,0.000601,0.001189
0,-0.248826,-0.128353,-0.28783,-0.224126,-0.33657,-0.174944,0.004343,0.00224
0,-0.092157,0.041316,0.165667,0.185272,0.209994,0.143387,0.001608,0.000721
0,-0.077982,0.141724,0.025148,0.11363,0.035542,0.140239,0.001361,0.002474
0,-0.049306,0.172149,0.021267,0.05699,0.04625,0.010973,0.000861,0.003005
0,-0.174671,0.014133,-0.147927,-0.141726,-0.168668,-0.15678,0.003049,0.000247
0,-0.148324,0.097746,0.045126,0.098789,0.086708,0.142307,0.002589,0.001706
0,-0.145419,0.121929,0.029697,0.009406,0.070819,-0.020299,0.002538,0.002128
0,-0.18841,0.181929,-0.014771,0.067976,-0.017474,0.036358,0.003288,0.003175
0,-0.075486,0.001668,0.127727,-0.178587,0.177692,-0.136677,0.001317,2.9e-05
0,-0.135324,-0.037491,-0.083993,-0.058884,-0.110763,-0.078081,0.002362,0.000654
0,-0.300544,0.153011,-0.178236,0.20978,-0.186579,0.189286,0.005245,0.002671
0,-0.103456,0.101186,0.213249,-0.029281,0.199127,-0.035466,0.001806,0.001766
0,-0.193883,-0.081103,-0.114988,-0.178801,-0.127818,-0.206479,0.003384,0.001416
0,-0.137406,0.110525,0.081441,0.189897,0.076086,0.141758,0.002398,0.001929
0,-0.125661,-0.000638,-0.013239,-0.097217,0.021823,-0.068215,0.002193,1.1e-05
0,-0.218189,-0.098073,-0.088527,-0.119625,-0.115737,-0.155285,0.003808,0.001712
0,-0.078147,-0.094996,0.152094,0.002134,0.17086,-0.019967,0.001364,0.001658
0,-0.010042,0.12936,0.080561,0.227563,0.083269,0.26267,0.000175,0.002258
0,0.051906,0.028682,0.044035,-0.104903,0.04445,-0.139456,0.000906,0.000501
0,0.059129,0.057054,0.036862,0.051808,0.035801,0.097047,0.001032,0.000996
0,-0.018958,0.105368,-0.082664,0.06853,-0.056704,0.071408,0.000331,0.001839
0,-0.068111,-0.09181,-0.019207,-0.20441,-0.042667,-0.224188,0.001189,0.001602
0,-0.036519,0.13028,0.015551,0.227258,0.030916,0.266629,0.000637,0.002274
0,-0.130498,0.078882,-0.073674,-0.062748,-0.047971,-0.066638,0.002278,0.001377
0,-0.094149,-0.00097,0.028455,-0.096032,0.063813,-0.093072,0.001643,1.7e-05
0,0.161234,0.223579,0.261006,0.198893,0.25045,0.202809,0.002814,0.003902
0,0.109849,0.000284,-0.052773,-0.23605,-0.094183,-0.235212,0.001917,5e-06
0,0.12184,0.040373,0.025401,0.046895,0.039826,0.041823,0.002127,0.000705
0,0.081217,0.099321,-0.039255,0.06602,-0.018119,0.114538,0.001418,0.001733
0,0.018359,0.14398,-0.033804,0.039525,-0.031329,0.014113,0.00032,0.002513
0,-0.058086,0.197046,-0.063028,0.038205,-0.022316,0.015159,0.001014,0.003439
0,-0.002993,0.078188,0.052571,-0.095461,0.06389,-0.086652,5.2e-05,0.001365
0,0.256765,0.24316,0.27431,0.177716,0.259581,0.189834,0.004481,0.004244
0,0.031366,0.199942,-0.218679,-0.04743,-0.223951,-0.040242,0.000547,0.00349
0,0.114468,0.085191,0.105469,-0.103889,0.14355,-0.143074,0.001998,0.001487
0,0.151798,0.151927,0.040096,0.084764,1e-05,0.117576,0.002649,0.002652
0,0.007346,0.286383,-0.141679,0.13874,-0.175159,0.183773,0.000128,0.004998
0,-0.075055,0.066509,-0.055401,-0.203977,-0.025433,-0.234915,0.00131,0.001161
0,0.232946,0.027943,0.280571,-0.016597,0.269205,-0.044311,0.004066,0.000488
0,-0.025187,0.143031,-0.268573,0.112266,-0.277536,0.113663,0.00044,0.002496
0,-0.063388,0.11283,-0.054037,-0.02307,-0.059223,0.009851,0.001106,0.001969
0,0.060666,0.040632,0.127975,-0.077628,0.153742,-0.085259,0.001059,0.000709
0,0.206526,0.225725,0.163083,0.19073,0.119532,0.198302,0.003605,0.00394
0,0.193765,0.166124,0.006583,-0.088754,-0.042081,-0.116452,0.003382,0.002899
0,0.266101,0.050754,0.065503,-0.10535,0.093976,-0.151666,0.004644,0.000886
0,0.210627,0.045907,-0.03231,0.001996,-0.044516,0.023105,0.003676,0.000801
0,0.172293,-0.019909,-0.041914,-0.047743,-0.000115,-0.08331,0.003007,0.000347
0,0.074756,-0.08348,-0.067848,-0.060898,-0.050232,-0.080969,0.001305,0.001457
0,-0.020302,0.02914,-0.119324,0.110107,-0.125081,0.113559,0.000354,0.000509
0,0.11589,0.141742,0.143677,0.102264,0.184138,0.06093,0.002023,0.002474
0,-0.029269,0.11215,-0.116656,-0.026596,-0.162044,0.005217,0.000511,0.001957
0,0.024295,0.011633,0.082347,-0.106415,0.074021,-0.089517,0.000424,0.000203
0,0.059364,0.063629,0.021812,0.070801,-0.020344,0.107436,0.001036,0.001111
0,0.106395,0.08066,0.034086,-0.011296,0.000265,0.021674,0.001857,0.001408
0,0.139825,-0.069846,0.015053,-0.166418,0.000846,-0.166224,0.00244,0.001219
0,0.118032,-0.087983,0.000988,-0.018832,-0.028801,-0.038985,0.00206,0.001536
0,0.099038,0.112317,-0.028698,0.200262,-0.000346,0.156666,0.001729,0.00196
0,0.148645,0.127063,0.024729,0.04323,0.065306,0.05515,0.002594,0.002218
0,0.047919,-0.075156,-0.127649,-0.198003,-0.13991,-0.172771,0.000836,0.001312
0,0.099207,-0.057996,0.06508,0.012493,0.045417,-0.011584,0.001731,0.001012
0,0.130103,0.098655,0.0446,0.134097,0.029096,0.120671,0.002271,0.001722
0,0.051887,-0.046527,-0.062012,-0.163741,-0.05786,-0.119256,0.000906,0.000812
0,0.080996,0.073755,0.031557,0.114593,0.079984,0.154853,0.001414,0.001287
0,-0.059508,0.185648,-0.129612,0.127873,-0.133171,0.100821,0.001039,0.00324
0,-0.038823,0.134404,-0.00591,-0.047618,-0.016432,-0.055824,0.000678,0.002346
0,0.033417,0.073612,0.04622,-0.090039,0.039888,-0.134146,0.000583,0.001285
0,0.093025,-0.039455,0.039076,-0.121424,0.035804,-0.089287,0.001624,0.000689
0,-0.073374,0.119198,-0.184501,0.164581,-0.21127,0.155657,0.001281,0.00208
0,-0.005432,-0.069134,0.092238,-0.207799,0.075297,-0.241644,9.5e-05,0.001207
0,0.165177,-0.107984,0.157415,-0.017855,0.201979,-0.054935,0.002883,0.001885
0,0.159774,-0.102854,-0.023908,-0.015709,-0.007857,0.011657,0.002789,0.001795
0,-0.002601,-0.137034,-0.175475,-0.026645,-0.153415,-0.070746,4.5e-05,0.002392
0,-0.112576,0.114288,-0.089216,0.264553,-0.085781,0.215005,0.001965,0.001995
0,-0.065488,0.003359,0.055402,-0.089398,0.105244,-0.116076,0.001143,5.9e-05
0,-0.110749,0.110047,-0.039706,0.095658,-0.087311,0.089097,0.001933,0.001921
0,-0.119615,0.175029,-0.005826,0.091497,-0.00746,0.052085,0.002088,0.003055
0,-0.103987,0.066211,0.020489,-0.097601,0.044246,-0.059536,0.001815,0.001156
0,0.089107,0.159052,0.203651,0.078515,0.191894,0.049687,0.001555,0.002776
0,-0.154562,0.073431,-0.246275,-0.067801,-0.213751,-0.096001,0.002698,0.001282
0,-0.124378,0.163746,0.01949,0.075573,-0.007222,0.036891,0.002171,0.002858
0,0.121091,0.146393,0.219823,-0.039367,0.189124,-0.020114,0.002113,0.002555
0,0.38975,0.041435,0.258725,-0.096905,0.21954,-0.103664,0.004949,0.000723
0,0.762464,0.000607,0.381415,-0.048034,0.403731,-0.084366,0.001556,1.1e-05
0,0.779063,0.190446,0.007255,0.173047,0.051343,0.152168,0.001846,0.003324
0,1.08177,0.172616,0.310885,-0.015063,0.354262,-0.029068,0.004623,0.003013
0,1.098613,0.152864,0.022381,0.008225,-0.006305,0.055663,0.004329,0.002668
0,0.914825,0.265449,-0.181585,0.120575,-0.13838,0.091856,0.004215,0.004633
0,0.46457,0.252154,-0.45735,0.000139,-0.506946,0.042492,0.003643,0.004401
0,0.379689,0.281001,-0.1127,0.016563,-0.064859,0.028223,0.005125,0.004904
0,0.357587,0.052998,0.002437,-0.247766,-0.045529,-0.270061,0.005511,0.000925
0,0.073944,0.15362,-0.265614,0.074094,-0.240059,0.052999,0.001291,0.002681
0,-0.114022,0.299989,-0.174833,0.153453,-0.218528,0.163984,0.00199,0.005236
0,-0.067179,0.04829,0.026493,-0.234883,-0.007638,-0.238521,0.001173,0.000843
0,-0.219257,0.217681,-0.149889,0.157498,-0.1489,0.120623,0.003827,0.003799
0,-0.355153,0.259211,-0.11957,0.048959,-0.077668,0.067126,0.005553,0.004524
0,-0.324104,0.238111,0.018172,-0.01311,0.018353,0.03307,0.005657,0.004156
0,-0.341003,0.320641,-0.006283,0.079642,-0.006283,0.094279,0.0058,0.005596
0,-0.012093,0.273705,0.311469,-0.032077,0.324667,-0.039366,0.000211,0.004777
0,-0.130587,0.23433,-0.110803,-0.024503,-0.09356,-0.062974,0.002279,0.00409
0,-0.035201,0.059403,0.100049,-0.198323,0.149689,-0.170271,0.000614,0.001037
0,-0.112446,0.14611,-0.059862,0.086877,-0.060171,0.060336,0.001963,0.00255
0,-0.148439,0.296933,-0.030426,0.176658,-0.071707,0.216843,0.002591,0.005182
0,0.04401,0.306295,0.218259,-0.007913,0.253272,-0.040333,0.000768,0.005346
0,-0.059864,0.146687,-0.103987,-0.132773,-0.102723,-0.10225,0.001045,0.00256
0,0.048516,0.291337,0.080759,0.165035,0.085317,0.170584,0.000847,0.005085
0,-0.098441,0.06692,-0.168476,-0.203609,-0.157641,-0.177595,0.001718,0.001168
0,0.143949,0.107591,0.260178,0.029692,0.263343,0.06596,0.002512,0.001878
0,0.029149,0.324941,-0.140897,0.243629,-0.119435,0.195678,0.000509,0.005671
0,0.14008,0.19799,0.140338,-0.139523,0.14859,-0.188344,0.002445,0.003456
0,0.107853,0.252412,-0.028461,0.066444,0.005163,0.049373,0.001882,0.004405
0,-0.03224,0.252492,-0.150305,-0.001579,-0.132679,-0.012878,0.000563,0.004407
0,0.040648,0.019393,0.08119,-0.23208,0.08514,-0.219665,0.000709,0.000338
0,-0.038378,0.244395,-0.053254,0.254892,-0.090945,0.230365,0.00067,0.004266
0,0.026836,0.145939,0.085459,-0.084723,0.11764,-0.128472,0.000468,0.002547
0,-0.085145,0.163848,-0.094145,0.042914,-0.140112,0.014365,0.001486,0.00286
0,-0.085877,0.021071,-0.016269,-0.151013,0.020001,-0.19279,0.001499,0.000368
0,-0.062943,-0.056815,0.048691,-0.054042,0.040615,-0.059874,0.001099,0.000992
0,0.103093,0.053787,0.186153,0.132495,0.144704,0.134623,0.001799,0.000939
0,-0.027479,0.08667,-0.127466,0.055579,-0.125731,0.051987,0.00048,0.001513
0,0.129072,0.079802,0.171008,0.020479,0.170659,0.015661,0.002253,0.001393
0,0.179943,-0.048197,0.074464,-0.113933,0.037283,-0.097103,0.003141,0.000841
0,-0.07509,0.065566,-0.242312,0.125177,-0.262756,0.150579,0.001311,0.001144
0,-0.102753,-0.016302,-0.019345,-0.103656,-0.062318,-0.124425,0.001793,0.000285
0,-0.080893,-0.047117,-0.001478,-0.039143,-0.020323,-0.078783,0.001412,0.000822
0,0.034595,0.005905,0.131925,0.070278,0.149617,0.024231,0.000604,0.000103
0,0.224812,0.058324,0.21398,0.026526,0.234883,-0.012314,0.003924,0.001018
0,0.205323,-0.050265,-0.030187,-0.086489,-0.011247,-0.119681,0.003584,0.000877
0,0.078284,0.066814,-0.151625,0.094432,-0.191289,0.130769,0.001366,0.001166
0,0.239949,0.202127,0.186582,0.125902,0.214093,0.134485,0.004188,0.003528
0,-0.081823,0.008562,-0.313924,-0.181788,-0.32257,-0.148691,0.001428,0.000149
0,0.15809,-0.052186,0.247402,-0.085685,0.291771,-0.105827,0.002759,0.000911
0,0.118654,0.038006,-0.025939,0.087669,-0.035157,0.058126,0.002071,0.000663
0,-0.084254,0.060658,-0.22355,0.000898,-0.186655,0.033782,0.001471,0.001059
0,-0.105603,0.137824,0.003161,0.068531,0.033099,0.073454,0.001843,0.002405
0,0.124913,-0.000937,0.258212,-0.134955,0.307777,-0.110714,0.00218,1.6e-05
0,0.08869,0.113899,-0.027529,0.086055,-0.002212,0.064349,0.001548,0.001988
0,-0.098313,0.195111,-0.160097,0.061981,-0.126134,0.045413,0.001716,0.003405
0,0.008981,0.049046,0.100424,-0.172455,0.09858,-0.199404,0.000157,0.000856
0,3.299652,-0.606664,3.262792,-0.673469,3.248117,-0.638154,0.001169,0.001163
0,4.367036,-1.260508,1.052189,-0.638642,1.097592,-0.63851,0.005709,0.001503
0,4.397216,-1.094497,0.005461,0.153931,0.012406,0.120565,0.005516,0.004401
0,3.607235,-1.138776,-0.7854,-0.047064,-0.805058,-0.044966,0.0042,0.003628
0,3.070643,-1.099158,-0.529305,0.022532,-0.576252,0.009088,0.005166,0.004319
0,2.034966,-0.76432,-1.012181,0.318274,-0.976016,0.343022,0.000262,0.001588
0,0.917764,-0.710418,-1.123881,0.035683,-1.157786,0.026993,0.004266,0.000647
0,0.653737,-0.347475,-0.282006,0.376911,-0.305395,0.373349,0.000342,0.005687
0,0.364877,-0.284846,-0.268643,0.054511,-0.311064,0.078384,0.005383,0.004972
0,-0.046462,-0.060652,-0.394248,0.201079,-0.40087,0.158809,0.000811,0.001059
0,-0.198218,-0.045487,-0.167593,-0.003293,-0.204171,-0.000235,0.00346,0.000794
0,-0.275428,0.133235,-0.094605,0.158333,-0.104844,0.141924,0.004807,0.002325
0,-0.351669,0.262713,-0.080508,0.140521,-0.070707,0.097965,0.005614,0.004585
0,-0.54496,0.210401,-0.215704,-0.081714,-0.198155,-0.102747,0.00224,0.003672
0,-0.438459,0.323466,0.104429,0.126425,0.087981,0.171387,0.004099,0.005646
0,-0.299545,0.03361,0.152736,-0.267301,0.181759,-0.239817,0.005228,0.000587
0,-0.212542,0.227645,0.066501,0.168672,0.044999,0.149655,0.00371,0.003973
0,-0.031293,0.174742,0.207237,-0.072429,0.184543,-0.042227,0.000546,0.00305
0,-0.056579,0.351341,-0.032395,0.18444,-0.034051,0.162837,0.000987,0.00562
0,0.039808,0.290593,0.110687,-0.071639,0.150609,-0.063719,0.000695,0.005072
0,-0.125714,0.15321,-0.188604,-0.150719,-0.201418,-0.176357,0.002194,0.002674
0,-0.028968,0.223499,0.125491,0.081781,0.097425,0.062805,0.000506,0.003901
0,-0.070895,0.136811,-0.017787,-0.087542,-0.010647,-0.066092,0.001237,0.002388
0,-0.111646,0.238498,-0.034655,0.098738,-0.013522,0.062561,0.001949,0.004163
0,-0.071452,0.219277,0.049717,-0.008697,0.021387,-0.054268,0.001247,0.003827
0,-0.087278,0.241165,0.005685,0.007737,-0.03813,-0.019588,0.001523,0.004209
0,-0.028395,0.085314,0.054221,-0.140085,0.058365,-0.147523,0.000496,0.001489
0,-0.113594,-0.015307,-0.108564,-0.073129,-0.122254,-0.074562,0.001983,0.000267
0,-0.262694,0.163556,-0.172632,0.153096,-0.147088,0.107796,0.004585,0.002855
0,-0.084793,0.115786,0.152901,-0.025156,0.177568,-0.003604,0.00148,0.002021
0,-0.154461,0.087788,-0.093159,-0.044534,-0.125639,-0.002647,0.002696,0.001532
0,0.022535,0.193112,0.197551,0.102341,0.227663,0.077625,0.000393,0.00337
0,0.020721,0.125952,-0.013105,-0.086156,-0.035195,-0.11572,0.000362,0.002198
0,-0.121693,0.061188,-0.158139,-0.090297,-0.119641,-0.093211,0.002124,0.001068
0,-0.110286,0.030672,0.008818,-0.017472,0.030541,0.02919,0.001925,0.000535
0,-0.092441,-0.065306,0.015258,-0.092749,0.040868,-0.118116,0.001613,0.00114
0,-0.115129,0.097434,-0.00884,0.176447,-0.011206,0.159057,0.002009,0.001701
0,-0.074248,0.051758,0.052845,-0.054051,0.025316,-0.056538,0.001296,0.000903
0,-0.047921,-0.02691,0.022747,-0.072463,0.029512,-0.027525,0.000836,0.00047
0,-0.103684,-0.016585,-0.072727,0.008637,-0.110722,0.020546,0.00181,0.000289
0,0.015599,0.021554,0.102348,0.05953,0.129484,0.017313,0.000272,0.000376
0,-0.148956,0.010525,-0.146017,-0.003357,-0.108477,-0.041184,0.0026,0.000184
0,0.016256,0.095594,0.168949,0.0818,0.184386,0.060801,0.000284,0.001668
0,-0.104252,0.062828,-0.093428,-0.05115,-0.132803,-0.049731,0.00182,0.001097
0,-0.08586,0.175318,0.030866,0.111247,-0.01889,0.108723,0.001499,0.00306
0,-0.146527,0.058336,-0.030929,-0.111663,0.006394,-0.08814,0.002557,0.001018
0,-0.068097,-0.090092,0.102462,-0.121235,0.13397,-0.13794,0.001189,0.001572
0,-0.12656,0.118505,-0.088396,0.21883,-0.136161,0.249508,0.002209,0.002068
0,-0.14707,0.079015,0.002109,-0.046863,0.00445,-0.09343,0.002567,0.001379
0,0.064617,-0.128045,0.237173,-0.232644,0.277273,-0.216027,0.001128,0.002235
0,-0.091508,0.110845,-0.183351,0.210807,-0.144957,0.189143,0.001597,0.001935
0,0.004921,-0.136001,0.097052,-0.274876,0.112428,-0.28836,8.6e-05,0.002374
0,0.00646,-0.126307,-0.003017,-0.006512,-0.044612,-0.024983,0.000113,0.002204
0,-0.169152,-0.050056,-0.197365,0.075558,-0.151474,0.082404,0.002952,0.000874
0,0.073819,0.01122,0.257245,0.035863,0.303525,-0.00321,0.001288,0.000196
0,-0.250538,-0.010234,-0.294493,-0.031757,-0.264996,-0.059131,0.004373,0.000179
0,0.08119,0.142488,0.333544,0.147251,0.348555,0.168764,0.001417,0.002487
0,-0.123455,-0.107441,-0.220901,-0.260871,-0.182165,-0.221281,0.002155,0.001875
0,0.105538,-0.005914,0.221115,0.103054,0.188341,0.127551,0.001842,0.000103
0,0.033712,0.09407,-0.089408,0.093003,-0.092125,0.12961,0.000588,0.001642
0,-0.012638,-0.074963,-0.043268,-0.174319,-0.028102,-0.196243,0.000221,0.001308
0,-0.013645,-0.076398,-0.002938,0.011378,0.039808,0.011655,0.000238,0.001333
0,0.05806,-0.139206,0.050182,-0.038242,0.012629,-0.068561,0.001013,0.00243
0,0.089263,0.02569,0.038564,0.141931,0.019819,0.097403,0.001558,0.000448
0,-0.056985,-0.041858,-0.139828,-0.09269,-0.171976,-0.06328,0.000995,0.000731
0,-0.037631,-0.084387,0.034213,-0.012652,0.023101,0.010488,0.000657,0.001473
0,0.077297,-0.101266,0.142637,-0.028445,0.144065,-0.074892,0.001349,0.001767
0,0.219062,-0.104495,0.168081,-0.010948,0.209512,-0.013491,0.003823,0.001824
0,0.219167,-0.11121,-0.02189,-0.023332,-0.063408,-0.053558,0.003825,0.001941
0,-0.019911,-0.027962,-0.214527,0.081827,-0.185387,0.119316,0.000348,0.000488
0,-0.035346,0.008206,-0.027988,0.009396,0.004834,-0.021591,0.000617,0.000143
0,-1.16406,-0.369643,-1.129466,-0.39118,-1.11421,-0.374101,0.003187,0.0053
0,-2.427285,-0.644541,-1.28718,-0.287997,-1.247919,-0.253117,0.004643,0.000502
0,-2.604846,-0.597772,-0.195635,0.038177,-0.171455,0.019706,0.001544,0.001319
0,-2.077217,-0.475928,0.510011,0.098948,0.463586,0.089853,0.000999,0.003445
0,-1.698635,-0.605167,0.382518,-0.144136,0.338245,-0.132398,0.005608,0.00119
0,-1.074908,-0.538167,0.629891,0.09224,0.580547,0.100113,0.004743,0.002359
0,-0.867551,-0.399103,0.177698,0.128841,0.19641,0.115752,0.00339,0.004786
0,-0.331535,-0.168043,0.514461,0.230088,0.56203,0.274862,0.005786,0.002933
0,-0.249225,-0.089181,0.082195,0.076994,0.120391,0.053901,0.00435,0.001557
0,0.031596,-0.047823,0.304345,0.035813,0.315813,0.085774,0.000551,0.000835
0,-0.183938,-0.117575,-0.240169,-0.06994,-0.267805,-0.115116,0.00321,0.002052
0,-0.017581,0.054954,0.162492,0.174682,0.147145,0.191406,0.000307,0.000959
0,0.057053,-0.004231,0.070678,-0.037431,0.100331,0.008023,0.000996,7.4e-05
0,-0.071212,-0.049526,-0.149529,-0.044156,-0.129424,-0.037178,0.001243,0.000864
0,-0.002375,-0.043268,0.054539,-0.014733,0.027928,0.022777,4.1e-05,0.000755
0,0.099118,0.153824,0.124364,0.184745,0.157981,0.227123,0.00173,0.002685
0,0.076512,0.017907,-0.01806,-0.139766,-0.057326,-0.128141,0.001335,0.000313
0,-0.152412,0.021113,-0.226883,0.024365,-0.179962,-0.007758,0.00266,0.000368
0,-0.006155,0.086369,0.153448,0.064434,0.186959,0.090811,0.000107,0.001507
0,0.008676,0.203171,0.042774,0.117927,0.036623,0.076816,0.000151,0.003546
0,-0.072761,0.221683,-0.096998,0.041222,-0.060228,0.077411,0.00127,0.003869
0,0.154808,0.104831,0.209868,-0.111947,0.197653,-0.159169,0.002702,0.00183
0,-0.005104,0.048097,-0.156942,-0.080353,-0.191328,-0.037381,8.9e-05,0.000839
0,0.144611,0.032907,0.169424,-0.033997,0.126785,-0.041961,0.002524,0.000574
0,0.027009,0.153086,-0.125909,0.123397,-0.078807,0.121201,0.000471,0.002672
0,-0.041483,0.009751,-0.084937,-0.128125,-0.086657,-0.087978,0.000724,0.00017
0,0.095528,-0.089451,0.152377,-0.118836,0.182221,-0.073454,0.001667,0.001561
0,0.03287,-0.002645,-0.058832,0.084819,-0.023955,0.11145,0.000574,4.6e-05
0,0.207943,-0.031212,0.15737,-0.038121,0.194448,-0.067622,0.003629,0.000545
0,0.076173,-0.058199,-0.117595,-0.011706,-0.152609,0.02912,0.001329,0.001016
0,0.035725,0.066348,-0.035215,0.130524,-0.01135,0.128148,0.000624,0.001158
0,0.128231,-0.069337,0.107782,-0.117999,0.112399,-0.07497,0.002238,0.00121
0,0.1601,-0.014611,0.009369,0.068703,-0.013843,0.040455,0.002794,0.000255
0,0.185684,0.030375,0.03072,0.055567,0.015158,0.047673,0.003241,0.00053
0,-0.020279,-0.050664,-0.178014,-0.076158,-0.226203,-0.09165,0.000354,0.000884
0,0.115844,-0.106909,0.13025,-0.050363,0.084929,-0.03385,0.002022,0.001866
0,-0.003642,-0.053836,-0.133439,0.026719,-0.094603,0.006151,6.4e-05,0.00094
0,0.112067,-0.092786,0.120599,-0.038593,0.12437,-0.088434,0.001956,0.001619
0,0.217347,0.129662,0.079367,0.204618,0.115781,0.243227,0.003793,0.002263
0,0.145888,0.089022,-0.082662,-0.063594,-0.058868,-0.109736,0.002546,0.001554
0,0.21095,0.02856,0.070472,-0.046631,0.089684,-0.090178,0.003682,0.000498
0,0.13246,-0.188906,-0.060422,-0.213256,-0.078791,-0.17889,0.002312,0.003297
0,0.032187,-0.155035,-0.083645,0.035654,-0.076279,0.023825,0.000562,0.002706
0,0.187772,-0.0074,0.138468,0.138521,0.142963,0.108953,0.003277,0.000129
0,-0.075515,-0.016354,-0.267271,-0.009599,-0.237869,0.033104,0.001318,0.000285
0,0.080928,0.014565,0.157503,0.03509,0.137082,0.078934,0.001412,0.000254
0,-0.057556,0.086323,-0.137371,0.042916,-0.165638,0.011151,0.001005,0.001507
0,0.116978,0.020089,0.201673,-0.049179,0.246895,-0.091859,0.002042,0.000351
0,-0.019401,0.044298,-0.12597,0.024591,-0.09325,-0.012693,0.000339,0.000773
0,0.066671,0.013195,0.065308,-0.027258,0.028347,-0.025356,0.001164,0.00023
0,0.050519,0.02272,-0.022394,0.018931,-0.041037,0.051012,0.000882,0.000397
0,-0.081973,-0.146299,-0.131739,-0.162682,-0.149561,-0.13543,0.001431,0.002553
0,0.021542,0.083937,0.104858,0.23187,0.114048,0.235663,0.000376,0.001465
0,-0.114784,0.039344,-0.153693,-0.037663,-0.193632,-0.034491,0.002003,0.000687
0,-0.014473,-0.01024,0.114118,-0.035467,0.109451,-0.030238,0.000253,0.000179
0,0.135125,-0.029459,0.132457,0.001078,0.150148,-0.005769,0.002358,0.000514
0,0.09968,0.09778,-0.019903,0.115723,-0.048217,0.128268,0.00174,0.001707
0,0.105066,0.019079,0.004642,-0.060428,0.010112,-0.026641,0.001834,0.000333
0,-0.084137,0.131807,-0.201459,0.117534,-0.226524,0.110726,0.001468,0.0023
0,-0.052408,0.123426,0.040629,-0.001832,0.033299,0.045448,0.000915,0.002154
0,0.131096,-0.133267,0.189841,-0.228413,0.16119,-0.214763,0.002288,0.002326
0,0.071599,-0.042687,-0.046793,0.116315,-0.040712,0.088656,0.00125,0.000745
0,0.035103,0.048958,-0.033145,0.093813,-0.028047,0.126088,0.000613,0.000854
0,0.02501,-0.017556,-0.02915,-0.0865,-0.004174,-0.091721,0.000437,0.000306
0,0.182847,-0.02813,0.142507,-0.019176,0.136627,-0.054611,0.003191,0.000491
0,0.232005,0.124703,0.051497,0.158213,0.058237,0.149235,0.004049,0.002176
0,0.193379,0.0926,-0.010843,-0.033991,-0.041116,-0.041613,0.003375,0.001616
0,0.112868,0.128073,-0.059776,0.047043,-0.087827,0.002287,0.00197,0.002235
0,-0.037224,-0.066241,-0.123089,-0.213771,-0.146445,-0.239737,0.00065,0.001156
0,-0.03946,0.042011,-0.022689,0.111706,0.021347,0.077842,0.000689,0.000733
0,-0.002855,0.067094,0.031199,0.006123,0.058682,0.034023,5e-05,0.001171
0,0.039962,0.031904,0.072459,-0.045881,0.079469,-0.078989,0.000697,0.000557
0,0.143914,-0.100654,0.13317,-0.108522,0.133842,-0.107866,0.002512,0.001757
0,0.114518,-0.082634,-0.032791,0.010997,-0.050715,-0.019324,0.001999,0.001442
0,0.209239,-0.044171,0.081467,0.04556,0.071089,0.08911,0.003652,0.000771
0,0.140025,0.122466,-0.085372,0.140832,-0.069647,0.16514,0.002444,0.002137
0,0.111701,-0.053317,-0.055505,-0.173995,-0.078527,-0.165044,0.00195,0.000931
0,0.103886,-0.023074,-0.035575,0.032132,-0.077514,0.078891,0.001813,0.000403
0,0.08944,0.067228,-0.019931,0.070223,-0.027996,0.085186,0.001561,0.001173
0,0.089121,0.073386,0.006566,-0.006352,-0.001442,-0.030549,0.001555,0.001281
0,-0.061606,-0.038503,-0.151505,-0.112547,-0.194147,-0.0952,0.001075,0.000672
0,0.222434,0.057313,0.265371,0.093109,0.271427,0.061839,0.003882,0.001
0,0.205474,0.066128,0.012158,0.024285,0.035839,0.05083,0.003586,0.001154
0,-0.006296,0.007856,-0.231534,-0.042861,-0.229643,-0.061281,0.00011,0.000137
0,0.222109,0.181913,0.218024,0.199121,0.242765,0.191885,0.003877,0.003175
0,-0.000154,-0.105067,-0.244212,-0.281676,-0.274734,-0.327325,3e-06,0.001834
0,0.070425,0.161178,0.087541,0.280137,0.128456,0.322133,0.001229,0.002813
0,-0.044178,-0.067227,-0.121519,-0.220299,-0.11163,-0.237127,0.000771,0.001173
0,0.099097,0.041488,0.156676,0.104025,0.138715,0.067612,0.00173,0.000724
0,-0.129633,0.099876,-0.21253,0.043773,-0.18325,0.052854,0.002263,0.001743
0,-0.010912,0.128603,0.125676,0.051581,0.156869,0.009891,0.00019,0.002245
0,-0.023725,0.026335,-0.006647,-0.130479,-0.030505,-0.153211,0.000414,0.00046
0,0.161895,-0.107738,0.198497,-0.154566,0.190458,-0.199963,0.002826,0.00188
0,0.085184,0.06702,-0.064704,0.178078,-0.088713,0.200134,0.001487,0.00117
0,0.180055,0.076622,0.083481,0.020792,0.12164,-0.016563,0.003143,0.001337
0,0.034749,-0.084021,-0.11863,-0.147765,-0.108698,-0.098639,0.000606,0.001466
0,0.097483,-0.168167,0.08169,-0.089619,0.08922,-0.123361,0.001701,0.002935
0,0.12863,-0.035257,0.02895,0.162251,0.052039,0.197638,0.002245,0.000615
0,-0.128947,-0.095288,-0.267275,-0.07533,-0.307505,-0.097416,0.002251,0.001663
0,0.03831,-0.07126,0.195934,0.019172,0.170437,0.03638,0.000669,0.001244
0,0.058806,0.051273,0.010109,0.112963,0.034402,0.097391,0.001026,0.000895
0,-0.045847,0.04967,-0.113289,0.002172,-0.151974,0.031121,0.0008,0.000867
0,-0.175734,-0.185957,-0.150595,-0.215138,-0.125778,-0.218053,0.003067,0.003246
0,-0.177548,-0.10546,-0.026313,0.079794,-0.06618,0.0812,0.003099,0.001841
0,-0.141277,-0.060493,0.021352,0.035821,0.000123,0.052901,0.002466,0.001056
0,-0.246264,-0.100548,-0.079537,-0.017876,-0.098884,0.002955,0.004298,0.001755
0,-0.297041,0.066295,-0.03004,0.187804,-0.072838,0.177452,0.005184,0.001157
0,-0.049327,0.114065,0.229839,0.056853,0.189727,0.103515,0.000861,0.001991
0,-0.316271,0.068815,-0.23712,-0.062903,-0.188154,-0.069599,0.00552,0.001201
0,-0.355128,0.036869,-0.042049,-0.035027,-0.027619,0.00803,0.005554,0.000643
0,-0.175972,-0.08167,0.186741,-0.122388,0.159498,-0.132135,0.003071,0.001425
0,-0.110527,-0.04005,0.058878,0.043396,0.099655,0.004343,0.001929,0.000699
0,-0.154669,-0.053008,-0.017952,-0.036961,-0.033338,-0.024395,0.002699,0.000925
0,-0.22478,-0.047209,-0.046693,-0.019601,-0.030967,0.001658,0.003923,0.000824
0,-0.172291,-0.074764,0.076964,-0.030778,0.083032,-0.066397,0.003007,0.001305
0,0.058271,-0.084865,0.204107,-0.037943,0.173445,-0.066466,0.001017,0.001481
0,-0.105396,-0.073863,-0.140114,0.012514,-0.104402,-0.00279,0.00184,0.001289
0,-0.124552,-0.075241,6.5e-05,-0.013922,0.043756,-0.055236,0.002174,0.001313
0,-0.18098,0.050911,-0.057355,0.106111,-0.016921,0.096651,0.003159,0.000889
0,-0.200179,0.004842,0.009262,-0.043225,-0.02517,-0.015696,0.003494,8.5e-05
0,-0.036639,0.083107,0.184405,0.056057,0.176399,0.085522,0.000639,0.00145
0,0.040598,0.007451,0.103163,-0.082187,0.074518,-0.129299,0.000709,0.00013
0,0.024514,0.12237,-0.008387,0.136888,0.001769,0.092478,0.000428,0.002136
0,-0.015874,-0.020182,-0.014433,-0.145914,0.008995,-0.190889,0.000277,0.000352
0,0.012069,-0.031538,0.010102,-0.03229,-0.00129,-0.077161,0.000211,0.00055
0,0.072294,-0.032303,0.072357,-0.020683,0.036089,-0.049914,0.001262,0.000564
0,-0.092066,0.047015,-0.162641,0.082336,-0.18598,0.131262,0.001607,0.000821
0,0.046172,-0.118655,0.121465,-0.152356,0.130889,-0.192006,0.000806,0.002071
0,-0.012516,0.135201,-0.060437,0.261753,-0.010842,0.286654,0.000218,0.00236
0,-0.061178,-0.017731,-0.039007,-0.138561,-0.041549,-0.187549,0.001068,0.000309
0,-0.005116,-0.134546,0.069484,-0.126928,0.080566,-0.134087,8.9e-05,0.002348
0,0.00364,-0.0779,-0.013923,0.081596,0.024878,0.07364,6.4e-05,0.00136
0,0.073125,0.151728,0.057962,0.211151,0.013685,0.222392,0.001276,0.002648
0,-0.097233,0.002418,-0.163251,-0.150367,-0.15963,-0.132863,0.001697,4.2e-05
0,0.030014,0.086049,0.135073,0.089981,0.142488,0.136583,0.000524,0.001502
0,0.174424,0.112898,0.156756,0.042338,0.14058,-0.007595,0.003044,0.00197
0,0.063872,-0.055831,-0.13692,-0.183734,-0.088329,-0.136498,0.001115,0.000974
0,0.134394,-0.067707,0.099672,-0.010216,0.073828,-0.052542,0.002346,0.001182
0,0.045487,-0.027321,-0.109352,0.060089,-0.113838,0.012155,0.000794,0.000477
0,0.217107,0.036841,0.179536,0.087884,0.204214,0.052651,0.003789,0.000643
0,0.067932,0.041634,-0.156417,0.025576,-0.188141,0.017323,0.001186,0.000727
0,0.11334,0.135655,0.047099,0.067201,0.062317,0.030804,0.001978,0.002368
0,0.256098,0.124363,0.169527,-0.010946,0.219084,-0.039568,0.00447,0.002171
0,0.328308,-0.140747,0.069279,-0.263776,0.023177,-0.232784,0.00573,0.002456
0,0.09932,0.150717,-0.212526,0.267871,-0.164649,0.270269,0.001733,0.002631
0,0.256884,-0.111307,0.138246,-0.235899,0.101066,-0.280673,0.004483,0.001943
0,0.135276,0.138494,-0.147933,0.239079,-0.18218,0.223829,0.002361,0.002417
0,0.092094,-0.058945,-0.051059,-0.173445,-0.073826,-0.131072,0.001607,0.001029
0,0.092827,0.078513,-0.005106,0.143083,0.04021,0.124775,0.00162,0.00137
0,0.2798,0.011444,0.193228,-0.080817,0.147602,-0.105164,0.004883,0.0002
0,0.25393,-0.002283,-0.03669,-0.005622,-0.039851,0.018107,0.004432,4e-05
0,0.126262,0.107437,-0.121534,0.112229,-0.093844,0.136282,0.002204,0.001875
0,0.203848,-0.086777,0.080007,-0.22399,0.091632,-0.269078,0.003558,0.001515
0,0.223798,0.155462,0.047673,0.252059,0.017538,0.259082,0.003906,0.002713
0,0.266545,0.010853,0.016819,-0.173252,0.066627,-0.172952,0.004652,0.000189
0,0.057319,0.126356,-0.204092,0.092531,-0.208715,0.115413,0.001,0.002205
0,0.27036,0.136629,0.216872,0.029707,0.174113,0.000454,0.004719,0.002385
0,0.231656,0.189318,-0.033922,0.054756,-0.083466,0.008638,0.004043,0.003304
0,0.157474,0.19848,-0.07043,0.001056,-0.024863,0.015597,0.002748,0.003464
0,0.161769,-0.063495,-0.023201,-0.259483,-0.066415,-0.226087,0.002823,0.001108
0,0.269397,-0.002506,0.104291,0.066583,0.114981,0.035204,0.004702,4.4e-05
0,0.159579,0.241607,-0.13326,0.249739,-0.153831,0.263208,0.002785,0.004217
0,0.116302,0.184235,-0.072673,-0.059481,-0.061481,-0.060436,0.00203,0.003216
0,0.041298,0.225137,-0.090896,0.064085,-0.074811,0.103922,0.000721,0.003929
0,0.242723,0.063674,0.179617,-0.153095,0.168571,-0.14999,0.004236,0.001111
0,0.254756,0.070518,0.034627,-0.022436,0.038651,0.016401,0.004446,0.001231
0,0.081398,-0.024922,-0.185191,-0.092961,-0.183166,-0.091277,0.001421,0.000435
0,-0.013644,0.158547,-0.075814,0.201457,-0.044974,0.157604,0.000238,0.002767
0,0.156506,0.203695,0.169051,0.055101,0.121364,0.075528,0.002732,0.003555
0,0.184159,-0.031272,0.047383,-0.252709,-0.00191,-0.206065,0.003214,0.000546
0,0.089743,0.148207,-0.11248,0.176708,-0.088335,0.191857,0.001566,0.002587
0,0.230664,0.156391,0.163721,0.02972,0.136218,0.048149,0.004026,0.00273
0,0.149338,-0.016924,-0.101084,-0.157813,-0.141817,-0.120844,0.002606,0.000295
0,0.13131,-0.003158,-0.017488,0.024957,-0.012835,0.015922,0.002292,5.5e-05
0,0.233638,0.148547,0.131091,0.140876,0.115812,0.135535,0.004078,0.002593
0,0.173282,0.081702,-0.033837,-0.095544,-0.061222,-0.087478,0.003024,0.001426
0,-0.02538,-0.075362,-0.225674,-0.132479,-0.226595,-0.178672,0.000443,0.001315
0,0.041499,0.162595,0.046431,0.263637,0.0609,0.278196,0.000724,0.002838
0,0.046343,-0.072736,-0.004677,-0.24396,0.02371,-0.229215,0.000809,0.001269
0,0.005006,0.004307,-0.054401,0.054431,-0.09364,0.093173,8.7e-05,7.5e-05
0,-0.05363,0.148352,-0.049984,0.142928,-0.055433,0.162942,0.000936,0.002589
0,0.119392,-0.076548,0.192486,-0.234496,0.204461,-0.263686,0.002084,0.001336
0,-0.000721,0.07083,-0.094492,0.1245,-0.090534,0.165105,1.3e-05,0.001236
0,-0.051967,0.122507,-0.070926,0.045188,-0.112887,0.007841,0.000907,0.002138
0,-0.059685,0.067731,-0.010437,-0.055085,0.018417,-0.027411,0.001042,0.001182
0,0.041128,-0.128005,0.121121,-0.192557,0.159814,-0.228978,0.000718,0.002234
0,0.172593,-0.042429,0.146082,0.107904,0.165381,0.095687,0.003012,0.000741
0,0.059503,-0.108262,-0.129951,-0.05831,-0.098576,-0.065762,0.001039,0.00189
0,0.252283,-0.038868,0.167989,0.041787,0.212058,0.029571,0.004403,0.000678
0,0.238577,0.066579,-0.002012,0.132386,0.031634,0.103886,0.004164,0.001162
0,0.235052,0.01814,-0.023326,-0.034175,0.014216,-0.04601,0.004102,0.000317
0,0.024337,0.112943,-0.200241,0.099462,-0.24931,0.0648,0.000425,0.001971
0,0.046939,-0.052698,0.022577,-0.155927,0.012072,-0.168158,0.000819,0.00092
0,0.217012,-0.091083,0.154609,-0.056174,0.202037,-0.049867,0.003788,0.00159
0,-0.054382,0.144848,-0.255264,0.24137,-0.220623,0.271511,0.000949,0.002528
0,-0.048497,-0.073264,0.03208,-0.189712,0.039755,-0.227796,0.000846,0.001279
0,0.114686,0.044452,0.175634,0.125576,0.210313,0.096121,0.002002,0.000776
0,0.170274,0.058516,0.037485,0.003558,0.000548,0.042966,0.002972,0.001021
0,0.025587,-0.036149,-0.173762,-0.118387,-0.125372,-0.164856,0.000447,0.000631
0,0.115911,0.089426,0.064457,0.149907,0.034604,0.185825,0.002023,0.001561
0,0.129746,0.141646,0.030136,0.07456,0.013151,0.102645,0.002264,0.002472
0,0.023054,0.053674,-0.089229,-0.067319,-0.043125,-0.073438,0.000402,0.000937
0,0.024084,0.056501,0.017709,0.007353,-0.000779,-0.031644,0.00042,0.000986
0,-0.065676,-0.020427,-0.106085,-0.06742,-0.05849,-0.052665,0.001146,0.000357
0,-0.00684,-0.084019,0.030496,-0.072336,0.033532,-0.121623,0.000119,0.001466
0,0.185118,0.07625,0.165562,0.159984,0.156068,0.158423,0.003231,0.001331
0,0.19122,0.043288,0.001975,-0.044805,-0.045203,-0.047885,0.003337,0.000756
0,0.124059,-0.126625,-0.089405,-0.141607,-0.065149,-0.166217,0.002165,0.00221
0,0.000651,-0.034239,-0.108175,0.093651,-0.067827,0.084442,1.1e-05,0.000598
0,0.028597,-0.054706,0.020684,-0.044539,0.04815,-0.022901,0.000499,0.000955
0,0.133087,0.08847,0.111958,0.122311,0.065133,0.106035,0.002323,0.001544
0,0.050681,-0.071534,-0.111883,-0.164239,-0.085062,-0.150494,0.000885,0.001248
0,0.095549,-0.128867,0.049703,-0.07599,0.091808,-0.057553,0.001668,0.002249
0,0.062955,0.114076,-0.057748,0.247046,-0.055176,0.272117,0.001099,0.001991
0,0.071109,0.001481,0.015681,-0.121401,0.008014,-0.099024,0.001241,2.6e-05
0,-0.046808,0.042125,-0.121617,0.026733,-0.165833,0.014756,0.000817,0.000735
0,-0.004778,0.060086,0.067243,-0.010964,0.110467,-0.004196,8.3e-05,0.001049
0,0.11886,-0.06059,0.149841,-0.119666,0.160213,-0.122025,0.002075,0.001058
0,-0.040264,-0.152759,-0.129235,-0.103816,-0.143509,-0.057308,0.000703,0.002666
0,-0.011998,0.018977,0.031581,0.163185,0.053762,0.197341,0.000209,0.000331
0,0.031149,-0.01217,0.064246,-0.046117,0.056122,-0.031914,0.000544,0.000212
0,0.118962,-0.099319,0.081335,-0.067174,0.081372,-0.088402,0.002076,0.001733
0,-0.024732,-0.06675,-0.138852,0.005002,-0.090625,0.017996,0.000432,0.001165
0,0.085283,-0.048958,0.112324,0.031967,0.148911,0.042703,0.001488,0.000854
0,0.073616,-0.111521,0.017629,-0.086077,0.053335,-0.043465,0.001285,0.001946
0,0.00856,-0.029528,-0.074403,0.075031,-0.042231,0.107071,0.000149,0.000515
0,0.075841,-0.034146,0.086703,-0.01227,0.049456,-0.023602,0.001324,0.000596
0,0.148057,-0.09704,0.048854,-0.048423,0.052015,-0.094215,0.002584,0.001694
0,0.126786,-0.051886,0.00429,0.058712,0.038193,0.071238,0.002213,0.000906
0,0.051565,0.110681,-0.075294,0.168435,-0.11541,0.168526,0.0009,0.001932
0,0.080604,-0.064648,0.044428,-0.198359,0.077621,-0.159995,0.001407,0.001128
0,0.055751,0.015504,-0.037718,0.063317,-0.081387,0.075777,0.000973,0.000271
0,-0.152454,0.100811,-0.18746,0.056503,-0.140391,0.103453,0.002661,0.001759
0,0.101443,0.078883,0.239582,0.005025,0.241053,-0.0224,0.001771,0.001377
0,0.102082,-0.055419,0.017187,-0.142077,-0.014683,-0.105012,0.001782,0.000967
0,-0.071448,-0.163337,-0.171849,-0.092714,-0.185021,-0.106111,0.001247,0.002851
0,0.020427,0.066794,0.063212,0.252387,0.111156,0.217732,0.000357,0.001166
0,-0.011167,-0.001561,-0.052157,-0.065565,-0.029844,-0.070902,0.000195,2.7e-05
0,-0.262116,0.012541,-0.27831,0.012968,-0.297873,0.04351,0.004575,0.000219
0,-0.019494,-0.032114,0.225653,-0.022316,0.250596,-0.072102,0.00034,0.00056
0,-0.018034,-0.134873,0.009954,-0.088482,0.018622,-0.117658,0.000315,0.002354
0,-0.251198,-0.049386,-0.208386,0.0678,-0.224771,0.061263,0.004384,0.000862
0,-0.222569,-0.035653,0.016183,0.035012,0.007206,0.010578,0.003885,0.000622
0,-0.150272,-0.020969,0.069708,0.041959,0.051725,0.046428,0.002623,0.000366
0,-0.20373,0.083233,-0.046268,0.096185,-0.087927,0.099465,0.003556,0.001453
0,-0.147164,0.118548,0.036665,0.035688,-0.010234,-0.010489,0.002568,0.002069
0,-0.086194,-0.01949,0.083735,-0.140319,0.072038,-0.155513,0.001504,0.00034
0,-0.085274,0.022349,0.018189,0.060216,0.046113,0.091762,0.001488,0.00039
0,-0.001762,-0.073276,0.103849,-0.104277,0.09222,-0.079348,3.1e-05,0.001279
0,-0.082747,-0.003347,-0.101785,0.061453,-0.080122,0.055534,0.001444,5.8e-05
0,-0.139679,0.014957,-0.065543,0.045177,-0.074203,0.072985,0.002438,0.000261
0,-0.031863,-0.116234,0.137054,-0.1198,0.155446,-0.110866,0.000556,0.002029
0,-0.149604,-0.092552,-0.09466,0.028381,-0.075623,-0.008738,0.002611,0.001615
0,-0.071569,-0.044612,0.052512,0.036096,0.07494,0.054382,0.001249,0.000779
0,-0.184734,-0.115944,-0.127676,-0.06144,-0.098501,-0.039854,0.003224,0.002024
0,-0.150526,0.125432,0.038747,0.231078,0.045958,0.280944,0.002627,0.002189
0,-0.043578,0.153338,0.100713,0.016387,0.09267,0.019002,0.000761,0.002676
0,-0.190562,0.124815,-0.148765,-0.03684,-0.16575,-0.024422,0.003326,0.002178
0,-0.015981,0.113811,0.15785,-0.036252,0.156334,-0.00063,0.000279,0.001986
0,0.028464,-0.03437,0.026121,-0.165077,-0.007926,-0.117464,0.000497,0.0006
0,0.0394,-0.000664,0.015904,0.025001,0.063464,0.068505,0.000688,1.2e-05
0,-0.135485,0.159746,-0.180181,0.157446,-0.17608,0.19935,0.002365,0.002788
0,0.038118,0.003558,0.173565,-0.186188,0.170464,-0.189279,0.000665,6.2e-05
0,-0.078839,0.057246,-0.133187,0.081315,-0.10211,0.044498,0.001376,0.000999
0,-0.126946,-0.055307,-0.066134,-0.123686,-0.023348,-0.172417,0.002216,0.000965
0,0.143962,0.015824,0.279478,0.055035,0.318957,0.086436,0.002513,0.000276
0,-0.146367,0.053926,-0.285224,0.016489,-0.309458,-0.027617,0.002555,0.000941
0,0.08281,0.096189,0.253652,0.034453,0.211673,-0.000951,0.001445,0.001679
0,-0.027949,0.04696,-0.134683,-0.049641,-0.151184,-0.013124,0.000488,0.00082
0,-0.100392,0.017167,-0.078468,-0.046124,-0.100907,-0.017714,0.001752,0.0003
0,-0.128795,0.160007,-0.049278,0.153927,-0.029834,0.114845,0.002248,0.002793
0,-0.003759,-0.054279,0.130558,-0.212528,0.109395,-0.178427,6.6e-05,0.000947
0,-0.146894,0.058657,-0.155667,0.114614,-0.200654,0.07571,0.002564,0.001024
0,-0.005224,0.113566,0.133471,0.025955,0.117048,0.046546,9.1e-05,0.001982
0,-0.089423,0.124231,-0.106983,0.010628,-0.098792,0.03028,0.001561,0.002168
0,-0.04345,0.035519,0.026153,-0.106928,0.068978,-0.149807,0.000758,0.00062
0,0.048691,-0.113842,0.064441,-0.171249,0.034305,-0.219738,0.00085,0.001987
0,-0.118093,0.156138,-0.14726,0.275627,-0.154953,0.292274,0.002061,0.002725
0,-0.027774,0.037312,0.08259,-0.129385,0.036042,-0.142653,0.000485,0.000651
0,-0.202484,0.154271,-0.194034,0.101603,-0.208846,0.146269,0.003534,0.002693
0,-0.169101,0.095181,0.016291,-0.050665,-0.010666,-0.042031,0.002951,0.001661
0,-0.076815,0.131818,0.088147,0.024544,0.11671,0.03894,0.001341,0.002301
0,-0.198207,-0.043963,-0.128585,-0.192029,-0.083117,-0.209185,0.003459,0.000767
0,0.058947,-0.105702,0.271772,-0.037659,0.297777,-0.053039,0.001029,0.001845
0,-0.121406,0.120246,-0.155962,0.199508,-0.126982,0.184772,0.002119,0.002099
0,0.023184,-0.102976,0.156834,-0.202046,0.120517,-0.211017,0.000405,0.001797
0,0.008857,-0.042463,0.012978,0.050641,-0.017476,0.015781,0.000155,0.000741
0,-0.145295,-0.045502,-0.144949,0.003621,-0.105131,0.047376,0.002536,0.000794
0,0.016255,0.019819,0.133417,0.059014,0.157395,0.058139,0.000284,0.000346
0,-0.24291,0.078595,-0.282578,0.062629,-0.309554,0.063704,0.00424,0.001372
0,0.020657,0.025684,0.255542,-0.068306,0.211145,-0.078704,0.000361,0.000448
0,-0.196305,-0.150944,-0.236134,-0.171326,-0.279157,-0.183026,0.003426,0.002634
0,-0.265886,-0.154283,-0.06823,-0.016038,-0.083107,-8.4e-05,0.004641,0.002693
0,-0.021617,0.096273,0.26954,0.26795,0.233675,0.270698,0.000377,0.00168
0,-0.040245,-0.034449,0.000893,-0.148796,-0.04773,-0.168386,0.000702,0.000601
0,-0.123334,-0.139071,-0.071964,-0.116604,-0.061716,-0.166028,0.002153,0.002427
0,-0.215393,-0.174183,-0.085467,-0.045744,-0.090208,-0.016196,0.003759,0.00304
0,0.040998,-0.055933,0.241361,0.11108,0.259182,0.136045,0.000716,0.000976
0,-0.039225,0.03789,-0.08811,0.111754,-0.073594,0.125666,0.000685,0.000661
0,-0.083435,-0.090393,-0.022896,-0.107099,0.010301,-0.15275,0.001456,0.001578
0,-0.217396,-0.055085,-0.145231,0.046927,-0.143977,0.060974,0.003794,0.000961
0,-0.149215,0.007547,0.0572,0.052074,0.039119,0.082913,0.002604,0.000132
0,-0.134659,-0.180962,0.01182,-0.190557,-0.007397,-0.208613,0.00235,0.003158
0,-0.106603,-0.003419,0.035703,0.178563,0.022047,0.153993,0.001861,6e-05
0,-0.140502,-0.004088,-0.029072,-0.03032,-0.057498,-0.012514,0.002452,7.1e-05
0,-0.26915,-0.191498,-0.10022,-0.182667,-0.087634,-0.215251,0.004698,0.003342
0,-0.212269,-0.110724,0.03114,0.094782,0.04852,0.116777,0.003705,0.001933
0,-0.290132,0.049191,-0.048109,0.163182,-0.056169,0.165603,0.005064,0.000859
0,-0.228513,-0.20959,0.054234,-0.228885,0.083789,-0.256765,0.003988,0.003658
0,-0.244885,-0.176597,-0.011573,0.049525,0.028199,0.042809,0.004274,0.003082
0,-0.022851,0.051525,0.24453,0.238524,0.211278,0.26618,0.000399,0.000899
0,-0.087365,-0.103902,-0.070505,-0.175176,-0.060841,-0.155659,0.001525,0.001813
0,-0.142552,-0.126377,-0.056198,-0.02224,-0.054425,-0.009233,0.002488,0.002206
0,-0.019133,-0.103179,0.116276,0.027822,0.114354,0.008427,0.000334,0.001801
0,-0.266997,-0.214272,-0.236242,-0.089043,-0.205694,-0.088502,0.00466,0.00374
0,-0.256969,-0.049998,0.026306,0.139346,0.028999,0.101602,0.004485,0.000873
0,-0.198657,-0.212836,0.038043,-0.188429,0.080196,-0.138441,0.003467,0.003715
0,-0.21629,-0.182601,-0.010399,0.033801,0.034792,0.041505,0.003775,0.003187
0,-0.11572,-0.206624,0.101424,0.000902,0.122539,-0.021901,0.00202,0.003606
0,-0.169421,-0.031697,-0.069801,0.166911,-0.118892,0.122216,0.002957,0.000553
0,-0.311195,-0.142484,-0.122477,-0.083984,-0.140939,-0.113079,0.005431,0.002487
0,-0.279506,0.008283,0.027744,0.159841,-0.014469,0.143335,0.004878,0.000145
0,-0.326174,0.003384,-0.072936,-0.018873,-0.046942,-0.052478,0.005693,5.9e-05
0,-0.365925,-0.044601,-0.051408,-0.018992,-0.095162,-0.03497,0.005365,0.000778
0,-0.167902,-0.1458,0.223328,-0.083247,0.254094,-0.089225,0.00293,0.002545
0,-0.231985,-0.210556,-0.0402,-0.066438,-0.018929,-0.078434,0.004049,0.003675
0,-0.145498,-0.091123,0.114459,0.126404,0.131598,0.153787,0.002539,0.00159
0,-0.341,-0.023198,-0.191577,0.081363,-0.17671,0.041286,0.0058,0.000405
0,-0.083767,-0.132356,0.262969,-0.106806,0.270988,-0.123059,0.001462,0.00231
0,-0.165561,-0.188513,-0.104958,-0.056467,-0.14768,-0.097402,0.00289,0.00329
0,-0.224501,-0.101246,-0.029914,0.065644,-0.011519,0.046247,0.003918,0.001767
0,-0.346003,-0.177674,-0.119905,-0.089969,-0.071405,-0.075629,0.005713,0.003101
0,-0.25635,-0.081634,0.091255,0.117973,0.065791,0.069848,0.004474,0.001425
0,-0.300968,-0.084083,-0.040931,-0.030916,-0.006409,-0.059972,0.005253,0.001468
0,-0.192675,-0.077612,0.105512,-0.021367,0.078139,-0.03608,0.003363,0.001355
0,-0.045803,0.034012,0.157533,0.097318,0.1917,0.048977,0.000799,0.000594
0,-0.191108,-0.037349,-0.127614,-0.083232,-0.110004,-0.038983,0.003335,0.000652
0,-0.031056,-0.006377,0.186266,0.010754,0.20346,-0.01506,0.000542,0.000111
0,-0.273775,-0.11708,-0.217097,-0.13774,-0.237833,-0.163129,0.004778,0.002043
0,-0.048568,0.067593,0.195683,0.168993,0.154553,0.171517,0.000848,0.00118
0,-0.110699,-0.014939,-0.081089,-0.111004,-0.068343,-0.121614,0.001932,0.000261
0,-0.002557,-0.14586,0.106983,-0.130679,0.15125,-0.178272,4.5e-05,0.002546
0,-0.046679,0.024494,-0.052492,0.161481,-0.016465,0.189643,0.000815,0.000428
0,-0.080645,0.066916,-0.057507,0.057173,-0.075426,0.086205,0.001408,0.001168
0,-0.134488,0.073906,-0.041021,-0.016199,-0.031741,-0.026915,0.002347,0.00129
0,-0.058937,0.086363,0.092117,-0.006956,0.077376,-0.049304,0.001029,0.001507
0,-0.202896,-0.177603,-0.120344,-0.286891,-0.165432,-0.320009,0.003541,0.0031
0,-0.061917,-0.131057,0.125124,0.026446,0.14489,0.036125,0.001081,0.002287
0,-0.057926,0.015885,-0.023418,0.125452,0.025074,0.122033,0.001011,0.000277
0,0.067261,-0.113534,0.145134,-0.131767,0.150711,-0.115682,0.001174,0.001982
0,-0.061514,-0.048127,-0.146933,0.044088,-0.156773,0.002347,0.001074,0.00084
0,0.022532,-0.042186,0.055521,-0.020301,0.067384,0.012684,0.000393,0.000736
0,-0.226967,-0.164457,-0.26674,-0.135049,-0.298855,-0.102773,0.003961,0.00287
0,-0.053661,-0.140126,0.18629,0.034547,0.234896,0.023324,0.000937,0.002446
0,-0.198017,-0.165961,-0.167034,-0.004691,-0.154121,0.029863,0.003456,0.002897
0,-0.063742,-0.016468,0.122421,0.178363,0.076297,0.164867,0.001113,0.000287
0,-0.130395,0.028022,-0.058724,0.067374,-0.050138,0.087698,0.002276,0.000489
0,-0.26677,-0.123262,-0.129107,-0.15613,-0.083529,-0.109224,0.004656,0.002151
0,-0.225872,-0.171558,0.011234,-0.042455,0.059956,-0.077577,0.003942,0.002994
0,-0.202195,0.024874,0.040366,0.200243,-0.003451,0.202917,0.003529,0.000434
0,-0.230272,0.029764,-0.034306,0.021885,-0.078796,0.017158,0.004019,0.000519
0,-0.106425,-0.101472,0.128552,-0.102798,0.108313,-0.112993,0.001857,0.001771
0,-0.119633,0.079296,-0.02304,0.196637,-0.059072,0.171618,0.002088,0.001384
0,-0.185884,0.032687,-0.042828,-0.069885,-0.020781,-0.094948,0.003244,0.00057
0,0.012832,0.013862,0.178156,0.006163,0.158338,0.0393,0.000224,0.000242
0,-0.040178,0.043413,-0.055375,0.000861,-0.027934,0.041543,0.000701,0.000758
0,-0.047036,-0.080335,-0.021112,-0.107447,0.004631,-0.099514,0.000821,0.001402
0,-0.123498,0.024381,-0.065227,0.108992,-0.099599,0.129777,0.002155,0.000426
0,-0.077353,0.040002,0.055197,0.033841,0.018616,0.03082,0.00135,0.000698
0,-0.112887,-0.112587,-0.033641,-0.134598,-0.014179,-0.09439,0.00197,0.001965
0,-0.172688,-0.133337,-0.084236,-0.014278,-0.071615,-0.02416,0.003014,0.002327
0,-0.034945,-0.016024,0.166645,0.089406,0.185463,0.071806,0.00061,0.00028
0,-0.186449,-0.219828,-0.131031,-0.223757,-0.130085,-0.214279,0.003254,0.003837
0,0.08153,0.039536,0.275262,0.244933,0.257463,0.222232,0.001423,0.00069
0,-0.042047,-0.176389,-0.137567,-0.195588,-0.184086,-0.236204,0.000734,0.003079
0,-0.062231,0.071154,0.006105,0.24782,-0.011601,0.236481,0.001086,0.001242
0,0.059499,-0.151017,0.106823,-0.196894,0.151642,-0.211434,0.001038,0.002636
0,-0.113483,-0.130466,-0.173262,0.019604,-0.209622,0.065044,0.001981,0.002277
0,-0.068605,-0.11828,0.024293,0.029558,-0.003221,0.021272,0.001197,0.002064
0,0.08476,-0.06046,0.141373,0.062819,0.133924,0.054466,0.001479,0.001055
0,0.044334,-0.038016,-0.063399,-0.002282,-0.041158,-0.050237,0.000774,0.000664
0,-0.167846,-0.048061,-0.183623,-0.019054,-0.205578,-0.059783,0.002929,0.000839
0,-0.116033,0.043343,0.031294,0.074044,0.07415,0.045591,0.002025,0.000756
0,-0.087777,-0.129342,0.014955,-0.171833,-0.011379,-0.209973,0.001532,0.002257
0,-0.184779,-0.01979,-0.068648,0.135801,-0.024399,0.121507,0.003225,0.000345
0,-0.018472,0.066587,0.164449,0.096251,0.139418,0.112141,0.000322,0.001162
0,-0.005233,-0.011617,0.03398,-0.069527,0.068658,-0.111662,9.1e-05,0.000203
0,-0.131164,0.098681,-0.096378,0.120979,-0.094555,0.107905,0.002289,0.001722
0,-0.004991,-0.169229,0.135876,-0.257202,0.108369,-0.26798,8.7e-05,0.002954
0,-0.179928,-0.081132,-0.181912,0.05961,-0.217193,0.012861,0.00314,0.001416
0,-0.038272,0.038156,0.166825,0.113128,0.208847,0.064008,0.000668,0.000666
0,-0.116417,-0.148985,-0.078609,-0.165784,-0.049125,-0.202096,0.002032,0.0026
0,-0.087989,-0.165499,0.017721,-0.012533,0.046773,-0.015155,0.001536,0.002888
0,0.066004,-0.00604,0.170696,0.160496,0.199666,0.192662,0.001152,0.000105
0,0.010061,-0.180819,-0.031413,-0.166494,0.008912,-0.12358,0.000176,0.003156
0,0.002199,0.012802,0.007239,0.203661,0.003051,0.164082,3.8e-05,0.000223
0,0.10802,-0.110247,0.089663,-0.11588,0.107817,-0.146365,0.001885,0.001924
0,0.143216,-0.122978,0.064762,-0.011134,0.081969,0.037709,0.0025,0.002146
0,0.13123,-0.150974,-0.029676,-0.001093,0.018852,0.003774,0.00229,0.002635
0,0.248965,-0.135459,0.139485,0.014994,0.130249,-0.018493,0.004345,0.002364
0,0.143928,-0.132312,-0.090245,-0.005218,-0.094716,-0.04981,0.002512,0.002309
0,0.143657,-0.179467,-0.015668,-0.046142,0.030834,-0.014355,0.002507,0.003132
0,0.152714,-0.119689,-0.009593,0.051,0.012506,0.08585,0.002665,0.002089
0,-0.127133,-0.18288,-0.274506,-0.039564,-0.285623,-0.079544,0.002219,0.003192
0,0.108689,-0.057038,0.227412,0.110171,0.187718,0.091632,0.001897,0.000996
0,-1.638777,-0.305052,-1.761732,-0.234014,-1.794479,-0.195973,0.005099,0.005324
0,-2.991548,-0.334231,-1.324397,-0.043609,-1.343379,-0.090127,0.005206,0.005833
0,-3.986594,-0.351473,-0.987674,-0.040046,-0.965587,-0.083417,0.000931,0.005617
0,-3.386286,-0.449746,0.619301,-0.091335,0.631745,-0.076707,0.000343,0.003902
0,-2.803384,-0.440586,0.588654,0.007274,0.624376,-0.030305,0.001921,0.004062
0,-2.658911,-0.173451,0.152254,0.246596,0.172825,0.262768,0.0006,0.003027
0,-2.427209,-0.199921,0.246528,-0.031732,0.211512,0.003544,0.004644,0.003489
0,-2.027405,-0.15964,0.390261,0.067717,0.433256,0.098331,0.00013,0.002786
0,-1.122081,-0.116357,0.926451,0.068406,0.914344,0.031836,0.003919,0.002031
0,-0.929053,-0.112581,0.221942,-0.011189,0.216945,-0.026831,0.004463,0.001965
0,-0.611997,-0.023584,0.296968,0.087813,0.289285,0.084914,0.00107,0.000412
0,-0.491359,-0.123054,0.1461,-0.125523,0.147557,-0.076207,0.003176,0.002148
0,-0.24976,-0.126781,0.258368,0.000818,0.290776,0.031648,0.004359,0.002213
0,0.07998,0.028097,0.336617,0.173216,0.327279,0.208452,0.001396,0.00049
0,0.05686,0.118855,-0.007603,0.061342,-0.029318,0.059941,0.000992,0.002074
0,-0.010481,-0.076872,-0.051337,-0.217165,-0.098881,-0.205632,0.000183,0.001342
0,0.098491,0.079124,0.082952,0.161521,0.131531,0.20817,0.001719,0.001381
0,0.204768,0.105062,0.077313,0.055533,0.062907,0.03652,0.003574,0.001834
0,0.222008,-0.092423,0.035973,-0.201116,-0.007737,-0.177946,0.003875,0.001613
0,0.124496,-0.006315,-0.077693,0.106398,-0.100912,0.095717,0.002173,0.00011
0,-2.08424,0.79283,-2.21264,0.819267,-2.244141,0.770173,0.001122,0.002086
0,-4.028708,1.282618,-1.915196,0.479289,-1.903981,0.524241,0.000196,0.001117
0,-4.054782,1.241697,-0.026363,-0.060577,-0.050161,-0.046905,0.000259,0.001832
0,-3.717402,1.092023,0.350737,-0.146398,0.342827,-0.117468,0.005629,0.004444
0,-3.310447,1.064336,0.406673,-0.025983,0.409386,-0.011226,0.00098,0.004927
0,-2.679065,0.794686,0.611204,-0.278532,0.607075,-0.283093,0.000248,0.002118
0,-1.975765,0.476249,0.729692,-0.297233,0.700783,-0.322371,0.000771,0.00344
0,-1.777322,0.34773,0.205082,-0.131159,0.182804,-0.148111,0.004235,0.005683
0,-1.192321,0.305545,0.605142,-0.043864,0.617058,-0.087931,0.002693,0.005333
0,-0.63494,-0.043024,0.583792,-0.329567,0.590447,-0.347306,0.00067,0.000751
0,-0.231726,0.127842,0.418473,0.1624,0.388393,0.197028,0.004044,0.002231
0,0.068972,-0.007257,0.288877,-0.137538,0.260162,-0.151841,0.001204,0.000127
0,0.20899,-0.206638,0.150395,-0.177917,0.122279,-0.222648,0.003648,0.003607
0,0.217814,-0.106212,0.006417,0.076706,-0.016674,0.08273,0.003802,0.001854
0,0.230612,-0.288443,0.033273,-0.158257,0.081555,-0.116706,0.004025,0.005034
0,0.253518,-0.142296,-0.000261,0.122219,0.025096,0.138907,0.004425,0.002484
0,0.244329,-0.155888,0.004105,0.015843,0.033998,-0.015697,0.004264,0.002721
0,0.507141,-0.28598,0.247572,-0.153012,0.236349,-0.139128,0.0029,0.004991
0,0.331414,-0.219782,-0.167202,0.079278,-0.181969,0.064827,0.005784,0.003836
0,0.376467,-0.118337,0.02806,0.081242,0.075919,0.080406,0.005181,0.002065
0,0.220523,-0.095296,-0.167428,0.013814,-0.120675,0.06033,0.003849,0.001663
0,0.268741,-0.047906,0.057712,0.054521,0.069327,0.083726,0.00469,0.000836
0,0.099776,-0.251475,-0.162729,-0.177723,-0.209042,-0.227437,0.001741,0.004389
0,0.227722,-0.110198,0.145919,0.161201,0.159701,0.160508,0.003975,0.001923
0,0.236055,-0.170407,0.019897,-0.076382,0.021434,-0.052385,0.00412,0.002974
0,0.064435,-0.077885,-0.166673,0.101015,-0.204338,0.071306,0.001125,0.001359
0,0.261866,-0.213564,0.22272,-0.130464,0.247565,-0.120777,0.00457,0.003727
0,0.135441,-0.253393,-0.133503,-0.063096,-0.139635,-0.065633,0.002364,0.004423
0,0.047275,-0.015437,-0.068944,0.242152,-0.063294,0.286384,0.000825,0.000269
0,0.168193,-0.011323,0.092784,-0.006874,0.106222,-0.021392,0.002936,0.000198
0,-0.043879,-0.217335,-0.217098,-0.183722,-0.211887,-0.180641,0.000766,0.003793
0,0.114552,-0.073143,0.131768,0.123383,0.149665,0.098844,0.001999,0.001277
0,0.165369,-0.073256,0.038471,-0.006018,0.06653,-0.010371,0.002886,0.001279
0,-0.057718,0.038599,-0.244503,0.119204,-0.234949,0.128214,0.001007,0.000674
0,0.119755,-0.22366,0.195064,-0.274967,0.152027,-0.293672,0.00209,0.003904
0,0.103784,-0.226996,-0.016859,-0.026925,-0.064972,-0.052011,0.001811,0.003962
0,-0.040381,-0.070212,-0.14201,0.154305,-0.131906,0.144318,0.000705,0.001225
0,-0.021057,-0.233225,0.027455,-0.162254,-0.018421,-0.182645,0.000368,0.004071
0,0.064939,-0.284899,0.073881,-0.073528,0.098244,-0.056926,0.001133,0.004972
0,0.105869,-0.170759,0.014614,0.131222,0.052753,0.146346,0.001848,0.00298
0,0.138277,-0.248497,0.038,-0.104891,-0.008751,-0.112184,0.002413,0.004337
0,0.187893,-0.17541,0.050719,0.093575,0.059714,0.09868,0.003279,0.003061
0,-0.024676,0.023632,-0.223082,0.199326,-0.223467,0.202322,0.000431,0.000412
0,-0.00406,-0.081928,0.049042,-0.118287,0.009515,-0.106749,7.1e-05,0.00143
0,0.086376,0.03883,0.103466,0.112077,0.086818,0.069226,0.001508,0.000678
0,0.121406,0.017371,0.022657,-0.049066,0.030663,-0.049548,0.002119,0.000303
0,0.022847,-0.037971,-0.087353,-0.063451,-0.103139,-0.033991,0.000399,0.000663
0,0.042392,-0.10615,0.042278,-0.079972,0.0682,-0.072383,0.00074,0.001853
0,0.070845,-0.100859,0.014812,-0.003512,0.009394,-0.036455,0.001236,0.00176
0,0.232852,0.08347,0.133623,0.165898,0.165579,0.163914,0.004064,0.001457
0,0.165993,-0.008926,-0.086709,-0.104518,-0.093777,-0.088339,0.002897,0.000156
0,0.359556,0.052675,0.187999,0.043359,0.179983,0.03978,0.005476,0.000919
0,0.184679,-0.157558,-0.167262,-0.234003,-0.141857,-0.277769,0.003223,0.00275
0,0.119946,-0.169526,-0.071349,0.008446,-0.080133,0.057348,0.002093,0.002959
0,0.173784,-0.148698,0.083618,0.046391,0.0403,0.008063,0.003033,0.002595
0,0.31742,0.070731,0.142854,0.215613,0.118697,0.262016,0.00554,0.001234
0,0.228086,-0.002709,-0.085929,-0.054689,-0.132144,-0.088971,0.003981,4.7e-05
0,0.193556,-0.016244,-0.007791,-0.017868,-0.034394,0.008021,0.003378,0.000284
0,0.041621,-0.054848,-0.139513,-0.01744,-0.174348,-0.008233,0.000726,0.000957
0,0.14048,0.034821,0.111097,0.077297,0.074849,0.031827,0.002452,0.000608
0,0.044551,-0.076343,-0.122361,-0.102915,-0.152627,-0.076953,0.000778,0.001332
0,0.069636,-0.063027,0.032252,0.036442,0.029877,0.06136,0.001215,0.0011
0,-0.000228,0.008287,-0.081159,0.071363,-0.106111,0.070744,4e-06,0.000145
0,0.023591,0.083485,0.033649,0.104306,0.017097,0.060628,0.000412,0.001457
0,-0.120344,-0.125339,-0.127404,-0.183718,-0.123003,-0.195491,0.0021,0.002188
0,0.136283,-0.069483,0.275872,0.031958,0.294478,0.010915,0.002379,0.001213
0,0.053109,0.047607,-0.064324,0.141524,-0.073724,0.107044,0.000927,0.000831
0,0.128117,-0.025839,0.083387,-0.055204,0.122185,-0.096537,0.002236,0.000451
0,0.0711,-0.117285,-0.048694,-0.101048,-0.017764,-0.118463,0.001241,0.002047
0,0.051161,-0.070028,-0.005785,0.047161,0.006438,0.026857,0.000893,0.001222
0,-0.096613,-0.161878,-0.147228,-0.10325,-0.14404,-0.130804,0.001686,0.002825
0,0.037534,-0.089943,0.118487,0.058987,0.073422,0.033096,0.000655,0.00157
0,-0.009691,-0.104168,-0.020244,-0.009166,0.020703,-0.048226,0.000169,0.001818
0,0.039476,0.017246,0.059584,0.10984,0.104378,0.091562,0.000689,0.000301
0,-0.123962,0.014158,-0.182277,0.003102,-0.135291,0.024562,0.002164,0.000247
0,-0.120041,0.063076,0.009296,0.07357,0.018307,0.121611,0.002095,0.001101
0,-0.178802,-0.045415,-0.035146,-0.110332,-0.004796,-0.06278,0.003121,0.000793
0,0.019509,-0.015923,0.21928,0.012864,0.262247,0.026059,0.00034,0.000278
0,0.103952,-0.031823,0.091612,-0.013894,0.121308,0.015008,0.001814,0.000555
0,-0.083977,-0.152945,-0.162044,-0.14116,-0.122684,-0.106556,0.001466,0.002669
0,0.159079,-0.067004,0.222816,0.099785,0.250016,0.124722,0.002776,0.001169
0,0.069767,-0.19634,-0.109814,-0.124482,-0.150186,-0.111871,0.001218,0.003427
0,0.051943,-0.109944,-0.005841,0.06569,-0.036064,0.114185,0.000907,0.001919
0,-0.109856,-0.16829,-0.145667,-0.067517,-0.117428,-0.036161,0.001917,0.002937
0,-0.158857,0.075015,-0.043549,0.233638,-0.056797,0.227503,0.002773,0.001309
0,-0.121209,0.04521,0.008889,-0.054756,-0.020786,-0.075231,0.002115,0.000789
0,-0.004224,0.064085,0.111137,0.041106,0.130363,0.067441,7.4e-05,0.001118
0,0.050723,0.045701,0.027639,-0.009681,-0.01139,0.022581,0.000885,0.000798
0,0.041551,-0.087627,0.019428,-0.109169,0.009668,-0.130024,0.000725,0.001529
0,-0.055678,-0.074972,-0.103155,0.037711,-0.065822,-0.002875,0.000972,0.001309
0,-0.048712,0.127571,0.018337,0.192429,-0.022887,0.204254,0.00085,0.002227
0,-0.000911,0.052064,0.035589,-0.078163,0.026092,-0.077824,1.6e-05,0.000909
0,-0.055355,0.178951,-0.079171,0.150302,-0.123927,0.135051,0.000966,0.003123
0,0.331942,0.762161,0.38442,0.555852,0.401411,0.537335,0.005793,0.001551
0,0.690182,1.366815,0.355072,0.605701,0.329992,0.558154,0.000294,0.000352
0,0.898354,1.693926,0.199993,0.32295,0.197144,0.355259,0.003928,0.005691
0,1.249135,1.78077,0.336211,0.112758,0.372571,0.088273,0.001702,0.004175
0,1.122416,1.706063,-0.110801,-0.096837,-0.121142,-0.129105,0.003914,0.005479
0,0.936908,1.706041,-0.174951,0.029607,-0.1407,0.001834,0.0046,0.005479
0,0.827566,1.331725,-0.089077,-0.363026,-0.050442,-0.377986,0.002692,0.00026
0,0.645592,1.269663,-0.174115,-0.08154,-0.157375,-0.096795,0.000484,0.001344
0,0.34072,0.89829,-0.287441,-0.375863,-0.32841,-0.398931,0.005805,0.003926
0,0.061826,0.664383,-0.255152,-0.212739,-0.287581,-0.166954,0.001079,0.000156
0,0.123537,0.209772,0.08691,-0.467722,0.103816,-0.492008,0.002156,0.003661
0,-0.018463,-0.082575,-0.156681,-0.285511,-0.148314,-0.273355,0.000322,0.001441
0,0.042897,-0.155087,0.056068,-0.044191,0.040868,-0.024369,0.000749,0.002707
0,-0.169547,-0.279544,-0.226411,-0.132923,-0.273433,-0.137825,0.002959,0.004879
0,-0.088619,-0.265588,0.082983,0.023533,0.10491,-0.01381,0.001547,0.004635
0,-0.235226,-0.13344,-0.130288,0.11418,-0.122372,0.11468,0.004105,0.002329
0,-0.264477,-0.336298,-0.057693,-0.197711,-0.030128,-0.191002,0.004616,0.005869
0,-0.027866,-0.242632,0.255414,0.066558,0.253535,0.037732,0.000486,0.004235
0,-0.244208,-0.304385,-0.227508,-0.08048,-0.183479,-0.122054,0.004262,0.005313
0,-0.079705,-0.313069,0.135388,-0.026412,0.170259,-0.07139,0.001391,0.005464
0,-0.119071,-0.27855,-0.037156,0.059917,-0.073105,0.048186,0.002078,0.004862
0,-0.11093,-0.347718,0.022431,-0.045645,0.032526,-0.009327,0.001936,0.005683
0,-0.134117,-0.100462,-0.00159,0.240853,0.026556,0.271785,0.002341,0.001753
0,-0.225992,-0.150617,-0.102438,-0.06664,-0.078244,-0.05151,0.003944,0.002629
0,-0.010451,-0.132684,0.221642,0.0402,0.222386,0.01745,0.000182,0.002316
0,-0.202485,-0.245366,-0.181552,-0.117027,-0.144187,-0.102042,0.003534,0.004282
0,-0.141924,-0.252922,0.057245,-0.032416,0.073879,-0.05813,0.002477,0.004414
0,0.095855,-0.24788,0.226505,-0.016744,0.204611,-0.041648,0.001673,0.004326
0,0.096883,0.031412,-0.000351,0.307425,-0.018721,0.349658,0.001691,0.000548
0,-0.101318,-0.142509,-0.184336,-0.145558,-0.177579,-0.127779,0.001768,0.002487
0,-0.135194,0.00624,-0.01153,0.172133,0.037473,0.198319,0.00236,0.000109
0,-0.091909,-0.108254,0.031241,-0.144056,0.017514,-0.109388,0.001604,0.001889
0,-0.107142,-0.002375,-0.003073,0.086161,-0.047295,0.129826,0.00187,4.1e-05
0,-0.138243,-0.049646,-0.036034,-0.033467,-0.028349,-0.075826,0.002413,0.000866
0,-0.128103,-0.039585,0.02609,-0.010951,0.044231,0.002425,0.002236,0.000691
0,0.162781,0.022003,0.2951,0.07721,0.249422,0.121125,0.002841,0.000384
0,0.070306,-0.121028,-0.089581,-0.127268,-0.055093,-0.102572,0.001227,0.002112
0,-0.077893,0.064982,-0.166456,0.211672,-0.195751,0.163948,0.001359,0.001134
0,0.030348,0.011807,0.0948,-0.038985,0.098694,-0.069105,0.00053,0.000206
0,-0.00397,-0.01245,-0.017806,-0.050044,-0.02073,-0.022717,6.9e-05,0.000217
0,-0.150059,-0.009954,-0.118545,-0.005819,-0.137229,-0.017958,0.002619,0.000174
0,-0.082274,0.034079,0.07564,0.045238,0.082741,0.067107,0.001436,0.000595
0,0.160497,-0.092443,0.240557,-0.152967,0.234536,-0.104758,0.002801,0.001613
0,-0.085451,-0.076741,-0.225342,0.035738,-0.269728,0.048685,0.001491,0.001339
0,-0.046982,0.000323,0.047996,0.08837,0.076778,0.057915,0.00082,6e-06
0,0.175867,-0.104879,0.193321,-0.118661,0.227803,-0.160412,0.003069,0.00183
0,-0.016317,0.098309,-0.196877,0.205393,-0.155369,0.237179,0.000285,0.001716
0,0.169747,0.180164,0.162685,0.071907,0.12657,0.072532,0.002963,0.003144
0,0.149154,0.034688,0.004141,-0.132046,0.005989,-0.111203,0.002603,0.000605
0,0.049287,0.03635,-0.077589,-0.012714,-0.091394,-0.008633,0.00086,0.000634
0,-0.082716,-0.052734,-0.153288,-0.062482,-0.194796,-0.0172,0.001444,0.00092
0,0.068125,-0.026491,0.122571,0.032983,0.157188,0.057198,0.001189,0.000462
0,0.044262,0.149768,-0.022917,0.194927,0.013742,0.22966,0.000773,0.002614
0,0.097057,-0.112351,0.035767,-0.278715,-0.003356,-0.309711,0.001694,0.001961
0,0.220352,-0.087698,0.125408,0.044793,0.085309,0.037044,0.003846,0.001531
0,0.255334,0.133045,0.050206,0.215785,0.067212,0.210431,0.004456,0.002322
0,0.171831,0.069774,-0.096882,-0.034422,-0.131319,-0.000207,0.002999,0.001218
0,0.117988,0.0762,-0.050427,0.005024,-0.026275,-0.034059,0.002059,0.00133
0,0.029646,-0.104477,-0.07563,-0.16129,-0.115309,-0.168337,0.000517,0.001823
0,0.043643,0.043408,0.011806,0.15253,-0.005403,0.117393,0.000762,0.000758
0,0.252435,-0.055729,0.237063,-0.090351,0.245874,-0.072069,0.004406,0.000973
0,0.218788,-0.121459,-0.056746,-0.048725,-0.018843,-0.068094,0.003819,0.00212
0,0.213237,0.093425,0.020924,0.211463,0.034033,0.203962,0.003722,0.001631
0,0.113566,-0.107766,-0.087911,-0.18031,-0.114047,-0.184838,0.001982,0.001881
0,0.207587,0.03332,0.091978,0.168669,0.139938,0.174479,0.003623,0.000582
0,0.034635,0.082658,-0.177165,0.02103,-0.187271,0.043966,0.000604,0.001443
0,0.254497,0.007968,0.192385,-0.055274,0.158955,-0.095656,0.004442,0.000139
0,0.076598,-0.079157,-0.206213,-0.06391,-0.166623,-0.018259,0.001337,0.001382
0,0.007842,0.095152,-0.04633,0.160125,-0.03986,0.20777,0.000137,0.001661
0,0.294013,0.043998,0.281591,-0.029113,0.326567,0.017087,0.005132,0.000768
0,0.179284,-0.082073,-0.110061,-0.110169,-0.088743,-0.152263,0.003129,0.001432
0,0.241232,-0.123961,0.077299,-0.032795,0.08087,-0.058945,0.00421,0.002164
0,0.21608,-0.073442,-0.023604,0.046722,-0.062366,0.053517,0.003771,0.001282
0,0.10409,-0.145462,-0.115206,-0.085422,-0.147256,-0.108888,0.001817,0.002539
0,0.101735,-0.077979,0.012666,0.076023,0.008392,0.067329,0.001776,0.001361
0,0.136579,-0.070859,0.04409,-0.002259,0.071951,-0.019264,0.002384,0.001237
0,0.009173,0.02962,-0.117263,0.111179,-0.1283,0.061646,0.00016,0.000517
0,0.014403,0.061885,-0.019828,0.053329,-0.036893,0.082049,0.000251,0.00108
0,0.079847,-0.022506,0.060811,-0.067118,0.015893,-0.096166,0.001394,0.000393
0,0.220401,-0.008062,0.113379,-0.00455,0.089169,0.016356,0.003847,0.000141
0,0.175531,-0.175538,-0.065377,-0.175424,-0.110337,-0.193137,0.003064,0.003064
0,0.304706,0.037568,0.149308,0.207753,0.188679,0.223903,0.005318,0.000656
0,0.058025,-0.098775,-0.230639,-0.140643,-0.223024,-0.130628,0.001013,0.001724
0,0.078208,-0.118551,0.007352,-0.036553,0.002464,0.003491,0.001365,0.002069
0,0.368394,-0.066097,0.301976,0.073809,0.268332,0.041252,0.005322,0.001154
0,0.287986,-0.000615,-0.05565,0.039272,-0.007307,0.042387,0.005026,1.1e-05
0,0.391042,0.027693,0.073941,0.001713,0.085399,-0.018321,0.004927,0.000483
0,0.168606,-0.008616,-0.247647,-0.028319,-0.216328,-0.049273,0.002943,0.00015
0,0.13984,-0.137546,-0.02726,-0.142337,-0.076936,-0.162571,0.002441,0.002401
0,0.292494,0.033056,0.156866,0.18421,0.164368,0.21727,0.005105,0.000577
0,0.165438,0.052471,-0.112956,0.008689,-0.090012,0.02151,0.002887,0.000916
0,0.236257,-0.028809,0.078655,-0.109035,0.037768,-0.151171,0.004123,0.000503
0,0.325323,0.080336,0.067351,0.127521,0.094788,0.102097,0.005678,0.001402
0,0.388112,-0.162193,0.044544,-0.258907,0.094513,-0.286223,0.004978,0.002831
0,0.162982,0.071249,-0.220544,0.217651,-0.230614,0.185249,0.002845,0.001244
0,0.106781,-0.066935,-0.060571,-0.128452,-0.100987,-0.173599,0.001864,0.001168
0,0.136766,0.019389,0.04104,0.083821,0.05455,0.042681,0.002387,0.000338
0,0.219365,0.025684,0.073355,0.013041,0.059706,-0.021602,0.003829,0.000448
0,0.049825,0.019683,-0.155022,-0.020752,-0.200991,-0.003247,0.00087,0.000344
0,0.154511,-0.068897,0.10165,-0.118319,0.0992,-0.120481,0.002697,0.001202
0,0.013828,0.095953,-0.161729,0.185306,-0.195085,0.157969,0.000241,0.001675
0,0.174257,0.107451,0.173915,0.039833,0.194397,0.074253,0.003041,0.001875
0,0.078231,0.074446,-0.116566,-0.029072,-0.148209,-0.069034,0.001365,0.001299
0,0.075639,-0.079775,-0.006181,-0.169874,0.043128,-0.194562,0.00132,0.001392
0,1.752448,-0.729097,1.671087,-0.648574,1.675655,-0.671771,0.004669,0.000973
0,4.302446,-1.350288,2.57119,-0.644744,2.585528,-0.639892,0.004582,6.4e-05
0,4.764507,-1.320553,0.449385,0.054432,0.488584,0.058477,0.000894,0.000455
0,3.53683,-1.652399,-1.255295,-0.350098,-1.216988,-0.386816,0.002971,0.005336
0,3.341659,-1.706614,-0.181445,-0.069335,-0.205989,-0.030758,0.000436,0.005469
0,2.908975,-1.384337,-0.448757,0.307357,-0.402561,0.257375,0.003764,0.000658
0,2.431039,-0.647563,-0.452221,0.72671,-0.405601,0.727325,0.004577,0.00045
0,1.97271,-0.508057,-0.436757,0.157795,-0.453809,0.127123,0.000825,0.002884
0,1.14352,-0.323015,-0.820156,0.183759,-0.806334,0.182088,0.003545,0.005638
0,0.522997,-0.205736,-0.614661,0.114495,-0.617766,0.093034,0.002624,0.003591
0,-0.003981,-0.16193,-0.507461,0.06255,-0.47039,0.02243,6.9e-05,0.002826
0,-0.179988,-0.056168,-0.188033,0.124285,-0.23109,0.137845,0.003141,0.00098
0,-0.083937,-0.217185,0.088787,-0.179113,0.070907,-0.186537,0.001465,0.003791
0,-0.27712,0.022779,-0.163255,0.24639,-0.180323,0.274999,0.004837,0.000398
0,-0.404302,-0.062441,-0.157081,-0.07969,-0.203739,-0.098934,0.004695,0.00109
0,-0.434997,-0.038453,-0.060208,0.017302,-0.083635,-0.009804,0.00416,0.000671
0,-0.163011,-0.028164,0.276023,-0.012849,0.30031,-0.018387,0.002845,0.000492
0,1.268293,0.683876,1.424273,0.704715,1.459528,0.740743,0.001368,0.000184
0,1.926313,1.361145,0.636572,0.65045,0.639439,0.675858,0.001635,0.000253
0,2.061753,1.167027,0.131487,-0.215475,0.138319,-0.233077,0.000729,0.003135
0,1.712014,1.093274,-0.327582,-0.098248,-0.312232,-0.0941,0.005375,0.004422
0,1.697755,0.825583,-0.030214,-0.251906,-0.053652,-0.290625,0.005624,0.002657
0,1.522306,0.833348,-0.168274,0.029188,-0.129689,0.056292,0.003066,0.002793
0,1.00902,0.685205,-0.485457,-0.122216,-0.486254,-0.0837,0.005859,0.000207
0,0.867664,0.420476,-0.168221,-0.271516,-0.135494,-0.23547,0.003392,0.004413
0,0.52555,0.487177,-0.361845,0.093211,-0.400295,0.137875,0.002579,0.003249
0,0.461275,0.257584,-0.051508,-0.229307,-0.061096,-0.228675,0.003701,0.004496
0,0.211918,-0.057446,-0.269629,-0.319637,-0.247306,-0.292678,0.003699,0.001003
0,0.097088,-0.026625,-0.107993,0.021996,-0.113988,0.028059,0.001695,0.000465
0,-0.045258,-0.267429,-0.11396,-0.261864,-0.133137,-0.240709,0.00079,0.004668
0,-0.163537,-0.323165,-0.117493,-0.040528,-0.135932,-0.046784,0.002854,0.00564
0,-0.11657,-0.155695,0.064534,0.169481,0.070044,0.157771,0.002035,0.002717
0,-0.114026,-0.129465,-0.017554,0.003373,-0.008437,-0.007785,0.00199,0.00226
0,-0.286699,-0.095534,-0.159542,0.022343,-0.116981,0.042642,0.005004,0.001667
0,-0.061053,-0.290317,0.251443,-0.203393,0.28527,-0.225213,0.001066,0.005067
0,-0.085031,-0.15526,-0.017583,0.123203,-0.000852,0.121511,0.001484,0.00271
0,-0.300929,-0.158188,-0.197722,-0.028679,-0.227211,0.008496,0.005252,0.002761
0,-0.095624,-0.384794,0.220041,-0.231876,0.219071,-0.217468,0.001669,0.005036
0,-0.055672,-0.029303,0.014705,0.338379,-0.024845,0.357336,0.000972,0.000511
0,-0.262327,-0.007666,-0.184353,0.031751,-0.214267,-0.010882,0.004578,0.000134
0,-0.199993,-0.098863,0.041681,-0.087186,0.003698,-0.093574,0.003491,0.001725
0,-0.224315,-0.204449,-0.009331,-0.11592,-0.058893,-0.147071,0.003915,0.003568
0,-0.209886,-0.090971,0.03958,0.118654,0.075906,0.152224,0.003663,0.001588
0,-0.207763,-0.019176,0.018584,0.101712,0.055042,0.122063,0.003626,0.000335
0,-0.250141,-0.008935,-0.037253,-0.008304,-0.004576,-0.014673,0.004366,0.000156
0,-0.341493,-0.128613,-0.112214,-0.148048,-0.082792,-0.1119,0.005792,0.002245
0,-0.286826,-0.1219,0.034905,0.014233,0.069405,3.6e-05,0.005006,0.002128
0,0.019019,-0.183177,0.277879,-0.064209,0.303703,-0.067743,0.000332,0.003197
0,-0.161162,-0.009759,-0.164499,0.17755,-0.155071,0.208269,0.002813,0.00017
0,0.064486,-0.049551,0.200229,-0.05332,0.184165,-0.008641,0.001125,0.000865
0,-0.057236,0.074684,-0.123431,0.095187,-0.152169,0.091127,0.000999,0.001303
0,-0.103209,-0.080169,-0.04457,-0.137729,-0.090757,-0.088817,0.001801,0.001399
0,-0.16309,-0.019894,-0.078169,0.069566,-0.107954,0.023863,0.002846,0.000347
0,-0.00226,-0.093983,0.178268,-0.089353,0.205097,-0.046899,3.9e-05,0.00164
0,0.082937,0.017798,0.11105,0.140586,0.127477,0.093878,0.001448,0.000311
0,0.096099,-0.16961,-0.004452,-0.181477,0.030566,-0.219125,0.001677,0.00296
0,0.087937,-0.067015,-0.026474,0.074662,-0.024097,0.062297,0.001535,0.00117
0,0.025832,-0.10257,-0.053712,-0.021143,-0.064202,-0.048757,0.000451,0.00179
0,0.221548,-0.105242,0.181746,-0.013288,0.182897,0.03645,0.003867,0.001837
0,0.168756,0.13199,-0.053138,0.231488,-0.0208,0.213372,0.002945,0.002304
0,-0.004622,0.066206,-0.143526,-0.085934,-0.146236,-0.06699,8.1e-05,0.001156
0,0.114031,-0.11547,0.122828,-0.155815,0.154705,-0.124839,0.00199,0.002015
0,0.282857,-0.084342,0.142325,0.050259,0.182324,0.01656,0.004937,0.001472
0,0.298493,-0.027845,0.01494,0.062044,-0.009245,0.053962,0.00521,0.000486
0,0.108826,0.069817,-0.177435,0.112025,-0.183626,0.153394,0.001899,0.001219
0,0.325163,-0.094469,0.210422,-0.191222,0.238316,-0.172669,0.005675,0.001649
0,0.226361,0.032522,-0.069328,0.131339,-0.083321,0.110667,0.003951,0.000568
0,0.111784,-0.118802,-0.132688,-0.130742,-0.15835,-0.116344,0.001951,0.002073
0,0.074587,-0.157957,-0.022556,-0.060785,-0.041409,-0.058614,0.001302,0.002757
0,0.124797,-0.145581,0.030076,0.032287,-0.013869,-0.007777,0.002178,0.002541
0,0.052664,0.016498,-0.099462,0.134549,-0.083449,0.183965,0.000919,0.000288
0,0.120835,0.038073,0.070412,0.010207,0.118188,0.055642,0.002109,0.000665
0,0.085193,0.085752,-0.05594,0.067645,-0.011014,0.045234,0.001487,0.001497
0,0.028321,-0.15201,-0.073525,-0.255888,-0.062254,-0.261239,0.000494,0.002653
0,0.20249,0.019421,0.154184,0.195104,0.188795,0.243316,0.003534,0.000339
0,0.045351,-0.060055,-0.158518,-0.095909,-0.146979,-0.107497,0.000792,0.001048
0,0.150333,0.0739,0.110106,0.133132,0.074567,0.152348,0.002624,0.00129
0,0.080321,0.12283,-0.093828,0.028155,-0.060046,0.05131,0.001402,0.002144
0,0.034392,-0.025122,-0.02403,-0.151888,-0.035664,-0.149679,0.0006,0.000438
0,-0.003934,-0.080418,-0.012823,-0.042909,0.02279,-0.060893,6.9e-05,0.001404
0,-0.056921,-0.085048,-0.064005,0.014742,-0.088296,-0.021533,0.000993,0.001484
0,-0.144442,-0.060986,-0.10231,0.010461,-0.13406,0.04887,0.002521,0.001064
0,-0.047539,0.133385,0.124127,0.168448,0.173117,0.152255,0.00083,0.002328
0,-0.023586,0.074346,0.018319,-0.043374,-0.013693,-0.044018,0.000412,0.001298
0,-0.008265,-0.070898,0.012763,-0.146536,-0.028431,-0.154963,0.000144,0.001237
0,0.047381,0.114231,0.050307,0.211755,0.045892,0.249132,0.000827,0.001994
0,0.077839,0.081299,0.053469,-0.050288,0.068857,-0.019473,0.001359,0.001419
0,-0.118862,-0.103203,-0.173168,-0.180101,-0.150149,-0.215058,0.002075,0.001801
0,-0.131331,0.103754,-0.034334,0.189747,-0.001988,0.21296,0.002292,0.001811
0,-0.047436,-0.006982,0.073148,-0.121866,0.066261,-0.12399,0.000828,0.000122
0,-0.09505,0.15611,-0.055108,0.189317,-0.090748,0.16834,0.001659,0.002725
0,0.134528,-0.119038,0.209558,-0.248035,0.176459,-0.250968,0.002348,0.002078
0,0.122273,0.078036,0.009031,0.179776,0.036754,0.136282,0.002134,0.001362
0,0.030414,-0.09806,-0.090079,-0.197838,-0.053073,-0.242008,0.000531,0.001711
0,-0.146579,-0.118149,-0.165464,-0.03371,-0.163609,-0.008108,0.002558,0.002062
0,-0.122825,0.108255,0.028157,0.202057,0.056061,0.238633,0.002144,0.001889
0,-0.156464,-0.05187,-0.060279,-0.161599,-0.061375,-0.165087,0.002731,0.000905
0,0.094991,0.133995,0.278452,0.171956,0.263827,0.19527,0.001658,0.002339
0,-0.023605,0.071524,-0.134494,-0.063801,-0.11141,-0.088567,0.000412,0.001248
0,-0.041272,0.094894,-0.023275,0.016289,-0.021488,0.05844,0.00072,0.001656
0,-0.195846,-0.040084,-0.135376,-0.16472,-0.112245,-0.147074,0.003418,0.0007
0,-0.097588,-0.098059,0.101415,-0.087571,0.115834,-0.063092,0.001703,0.001711
0,-0.196816,-0.067178,-0.092534,0.042842,-0.106843,0.034524,0.003435,0.001172
0,0.066465,0.091578,0.255865,0.1485,0.275774,0.165961,0.00116,0.001598
0,-0.024101,0.064847,-0.080302,-0.03318,-0.087936,-0.000154,0.000421,0.001132
0,-0.035754,-0.044801,-0.004946,-0.09172,0.013119,-0.104866,0.000624,0.000782
0,0.15452,0.038744,0.187034,0.102709,0.170022,0.114219,0.002697,0.000676
0,0.116257,-0.070844,-0.051255,-0.114583,-0.092682,-0.158702,0.002029,0.001236
0,0.175189,0.11957,0.051147,0.196535,0.098192,0.233755,0.003058,0.002087
0,0.014738,0.128936,-0.155901,-0.006277,-0.130705,-0.028658,0.000257,0.00225
0,0.100232,0.105506,0.093074,-0.00321,0.08172,0.021773,0.001749,0.001841
0,0.088405,0.088138,-0.024586,-0.006737,-0.057272,0.04238,0.001543,0.001538
0,-0.109108,0.100957,-0.196901,0.003366,-0.158304,-0.009314,0.001904,0.001762
0,0.025953,0.009796,0.159403,-0.118753,0.156666,-0.130882,0.000453,0.000171
0,0.119825,0.049744,0.085237,0.024088,0.094475,-0.00665,0.002091,0.000868
0,-0.114046,0.20687,-0.208844,0.128044,-0.226991,0.122323,0.00199,0.003611
0,0.014819,0.200196,0.148083,-0.007346,0.171311,-0.007989,0.000259,0.003494
0,-0.076264,0.008531,-0.1009,-0.176738,-0.100187,-0.139446,0.001331,0.000149
0,0.121501,0.007184,0.199638,0.02366,0.183811,0.034242,0.002121,0.000125
0,-0.149139,0.015847,-0.254487,-0.001348,-0.210796,0.000184,0.002603,0.000277
0,0.028865,0.121345,0.15863,0.091841,0.171682,0.081617,0.000504,0.002118
0,-0.11433,-0.059984,-0.154861,-0.176309,-0.116864,-0.204026,0.001995,0.001047
0,-0.196695,-0.020461,-0.090001,0.039318,-0.045,0.053216,0.003433,0.000357
0,-0.02677,-0.000444,0.174399,0.039236,0.164782,0.037179,0.000467,8e-06
0,0.0874,0.153554,0.115879,0.141685,0.073069,0.1072,0.001525,0.00268
0,0.0797,-0.023322,-0.012007,-0.205381,-0.00733,-0.227704,0.001391,0.000407
0,0.083375,0.122823,0.026701,0.153672,0.027918,0.179706,0.001455,0.002144
0,-0.076762,0.119105,-0.135665,0.008324,-0.182922,0.032724,0.00134,0.002079
0,-0.121076,0.003477,-0.025902,-0.12018,-0.048666,-0.158033,0.002113,6.1e-05
0,0.013747,0.004469,0.152559,0.022248,0.144832,0.071157,0.00024,7.8e-05
0,-0.109322,0.136695,-0.094731,0.10672,-0.081185,0.087113,0.001908,0.002386
0,-0.049068,0.040875,0.074579,-0.116288,0.044383,-0.149559,0.000856,0.000713
0,-0.159642,-0.02909,-0.137664,-0.051445,-0.116355,-0.036486,0.002786,0.000508
0,-0.159399,-0.13853,0.027022,-0.086692,0.042218,-0.087576,0.002782,0.002418
0,-0.006203,-0.132539,0.180097,0.006396,0.200534,-0.020943,0.000108,0.002313
0,0.028809,-0.086681,0.022217,0.050324,0.001911,0.080377,0.000503,0.001513
0,-0.196738,-0.170756,-0.233711,-0.065694,-0.214069,-0.046312,0.003434,0.00298
0,0.006978,0.011146,0.2074,0.178444,0.164672,0.188687,0.000122,0.000195
0,-0.17977,0.063485,-0.179393,0.067534,-0.214734,0.055665,0.003138,0.001108
0,0.083518,0.082274,0.250859,0.04581,0.226847,0.078204,0.001458,0.001436
0,-0.124771,-0.108865,-0.179387,-0.180242,-0.158582,-0.207018,0.002178,0.0019
0,-0.111414,-0.127248,0.020117,-0.03251,0.024145,-0.007035,0.001945,0.002221
0,0.042133,-0.015099,0.147502,0.117885,0.126963,0.073564,0.000735,0.000264
0,0.083409,-0.030991,0.069476,0.00128,0.064043,-0.00755,0.001456,0.000541
0,-0.058944,-0.21037,-0.133201,-0.162731,-0.14177,-0.130182,0.001029,0.003672
0,-0.044645,-0.069634,0.011368,0.152108,0.024447,0.177827,0.000779,0.001215
0,0.069119,0.060754,0.110388,0.120401,0.111121,0.098543,0.001206,0.00106
0,-0.126552,-0.108991,-0.182615,-0.188416,-0.144361,-0.189177,0.002209,0.001902
0,-0.010362,-0.168277,0.087019,-0.085244,0.058833,-0.097484,0.000181,0.002937
0,0.015257,-0.027303,0.034183,0.138401,-0.010184,0.142636,0.000266,0.000477
0,0.030264,-0.028903,0.036299,0.011064,0.069843,-0.016683,0.000528,0.000504
0,-0.032607,-0.02084,-0.047726,0.018672,-0.003466,0.052502,0.000569,0.000364
0,-0.013877,0.069106,0.025684,0.06983,-0.002684,0.063439,0.000242,0.001206
0,0.047885,-0.046694,0.046463,-0.119953,0.001285,-0.113135,0.000836,0.000815
0,0.010767,-0.063277,-0.05182,-0.000719,-0.058944,0.018028,0.000188,0.001104
0,0.041574,0.130174,0.02915,0.188586,-0.012256,0.229573,0.000726,0.002272
0,-0.041367,-0.001199,-0.099718,-0.147745,-0.072915,-0.137604,0.000722,2.1e-05
0,0.132477,1.38673,0.181383,1.382549,0.212403,1.356385,0.002312,0.0007
0,0.137608,1.695158,0.015736,0.312369,0.009919,0.27502,0.002402,0.005669
0,0.00853,2.751984,-0.15582,1.073201,-0.171039,1.051795,0.000149,0.001024
0,0.007313,2.521876,0.011584,-0.201765,-0.022019,-0.23068,0.000128,0.002992
0,0.06175,2.044829,0.073355,-0.49938,0.032081,-0.474406,0.001078,0.000434
0,0.012478,1.557056,-0.033276,-0.50804,-0.044513,-0.542258,0.000218,0.003672
0,0.024428,1.281692,0.032391,-0.262132,0.059243,-0.271208,0.000426,0.001134
0,-0.011623,0.829526,-0.055865,-0.43964,-0.093641,-0.479666,0.000203,0.002726
0,-0.004432,0.557975,-0.009471,-0.293663,0.008533,-0.338051,7.7e-05,0.002013
0,-0.006079,0.321334,0.016582,-0.244874,0.028423,-0.25978,0.000106,0.005608
0,-0.014552,0.196455,0.017342,-0.129193,0.008509,-0.105205,0.000254,0.003429
0,-0.009194,0.11502,0.001208,-0.075716,-0.019266,-0.029317,0.00016,0.002007
0,0.155499,-0.013382,0.135767,-0.154361,0.163302,-0.196445,0.002714,0.000234
0,0.180155,-0.005003,-6.4e-05,0.037465,0.025459,0.017774,0.003144,8.7e-05
0,0.132339,-0.23649,-0.05968,-0.217116,-0.058325,-0.240188,0.00231,0.004128
0,0.086009,-0.016831,-0.07017,0.228449,-0.020523,0.218549,0.001501,0.000294
0,0.068783,-0.142926,-0.02983,-0.105591,-0.046164,-0.123153,0.0012,0.002495
0,0.216398,-0.10784,0.161504,0.027315,0.133686,0.07055,0.003777,0.001882
0,0.12625,-0.218991,-0.071755,-0.105791,-0.082241,-0.111097,0.002203,0.003822
0,-0.044676,-0.263298,-0.171508,-0.029418,-0.170455,-0.020231,0.00078,0.004595
0,0.103448,-0.037743,0.165264,0.195589,0.183833,0.225606,0.001806,0.000659
0,-0.038501,-0.203385,-0.141281,-0.138455,-0.131566,-0.125797,0.000672,0.00355
0,0.182554,-0.253402,0.236597,-0.029554,0.199344,-0.032246,0.003186,0.004423
0,0.240134,0.023166,0.071324,0.286756,0.023196,0.286329,0.004191,0.000404
0,0.054704,-0.151016,-0.195755,-0.152759,-0.157679,-0.16724,0.000955,0.002636
0,0.02263,-0.178952,-0.043578,-0.007477,-0.092417,0.031666,0.000395,0.003123
0,-0.023128,-0.132347,-0.064057,0.048329,-0.022293,0.02818,0.000404,0.00231
0,0.229661,-0.078229,0.230792,0.047543,0.249539,0.003456,0.004008,0.001365
0,0.23322,-0.147797,-0.020654,-0.083971,0.026077,-0.119191,0.00407,0.00258
0,-0.010489,-0.162913,-0.259648,-0.007123,-0.230548,0.005204,0.000183,0.002843
0,0.179381,0.073546,0.179747,0.225651,0.219558,0.260057,0.003131,0.001284
0,0.052212,0.004207,-0.11378,-0.092066,-0.147448,-0.126389,0.000911,7.3e-05
0,0.186868,0.011791,0.163935,-0.001372,0.210949,-0.006639,0.003261,0.000206
0,0.025136,-0.053058,-0.178882,-0.069506,-0.219489,-0.078838,0.000439,0.000926
0,0.071405,-0.136826,0.070422,-0.055931,0.097648,-0.052909,0.001246,0.002388
0,0.190015,0.070337,0.097321,0.226521,0.094009,0.244397,0.003316,0.001228
0,0.082123,0.108975,-0.124859,0.054897,-0.121699,0.103646,0.001433,0.001902
0,-0.034734,0.011276,-0.117335,-0.106192,-0.145168,-0.142956,0.000606,0.000197
0,0.040218,-0.007836,0.0566,-0.008453,0.028281,-0.030118,0.000702,0.000137
0,0.078434,-0.011903,0.064783,-0.033708,0.064334,-0.065102,0.001369,0.000208
0,0.187969,-0.104335,0.089406,-0.115261,0.085338,-0.076359,0.003281,0.001821
0,0.438341,0.804186,0.240867,0.890724,0.240107,0.878798,0.004101,0.002284
0,0.222965,1.312133,-0.211778,0.500439,-0.191621,0.514272,0.003891,0.000602
0,0.394725,1.757384,0.156699,0.428172,0.201651,0.425549,0.004862,0.004583
0,0.268486,1.867676,-0.127131,0.099471,-0.145892,0.105234,0.004686,0.002658
0,0.06513,1.970919,-0.1913,0.129989,-0.169281,0.150163,0.001137,0.000856
0,0.120078,1.709408,0.05766,-0.27205,0.055085,-0.264699,0.002096,0.00542
0,0.211855,1.189212,0.093252,-0.511105,0.118258,-0.551436,0.003698,0.002748
0,0.113883,0.974147,-0.107351,-0.210089,-0.089139,-0.18176,0.001988,0.00525
0,0.134225,0.411649,0.048056,-0.551954,0.027258,-0.590193,0.002343,0.004567
0,0.237576,0.455545,0.085922,0.052504,0.061103,0.051783,0.004146,0.003801
0,0.260171,0.219745,0.033215,-0.219604,0.04481,-0.171343,0.004541,0.003835
0,0.222227,-0.000823,-0.037069,-0.245807,-0.042369,-0.286388,0.003879,1.4e-05
0,0.157702,-0.123304,-0.053925,-0.121386,-0.030512,-0.137809,0.002752,0.002152
0,0.045007,-0.157032,-0.116384,-0.005006,-0.06732,0.008897,0.000786,0.002741
0,0.015583,-0.274831,-0.040746,-0.106146,-0.084278,-0.094047,0.000272,0.004797
0,0.198125,-0.351774,0.162155,-0.068653,0.127928,-0.024471,0.003458,0.005612
0,0.12967,-0.217546,-0.091911,0.128458,-0.05967,0.17158,0.002263,0.003797
0,0.175934,-0.286422,0.030376,-0.075653,-0.012858,-0.054935,0.003071,0.004999
0,-0.007786,-0.225275,-0.213386,0.064978,-0.221499,0.032063,0.000136,0.003932
0,-0.035409,-0.274269,-0.007691,-0.023912,-0.038525,0.021334,0.000618,0.004787
0,0.018448,-0.059975,0.068889,0.236807,0.118051,0.282638,0.000322,0.001047
0,-0.016215,-0.226572,-0.013017,-0.137551,0.013941,-0.165955,0.000283,0.003954
0,0.024788,-0.287925,0.035038,-0.082754,0.03444,-0.055212,0.000433,0.005025
0,0.006866,-0.175813,-0.046387,0.089333,-0.080429,0.103635,0.00012,0.003069
0,0.081414,-0.26126,0.088307,-0.108732,0.114328,-0.062757,0.001421,0.00456
0,-0.011373,-0.21487,-0.113429,0.068044,-0.095863,0.071451,0.000199,0.00375
0,-0.033181,-0.064835,-0.045595,0.147851,-0.025124,0.139089,0.000579,0.001132
0,0.171927,-0.179056,0.202337,-0.139996,0.191266,-0.18706,0.003001,0.003125
0,0.127349,-0.218605,-0.036101,-0.068912,-0.030396,-0.05092,0.002223,0.003815
0,0.180662,-0.283612,0.077811,-0.054103,0.081759,-0.021519,0.003153,0.00495
0,0.08412,-0.024767,-0.076148,0.238349,-0.032172,0.211147,0.001468,0.000432
0,0.112549,-0.012634,0.029387,-0.007621,-0.0091,0.03698,0.001964,0.000221
0,0.060536,-0.249717,-0.024482,-0.239145,-0.069098,-0.237157,0.001057,0.004358
0,-0.056132,-0.220205,-0.145726,0.001918,-0.191875,0.03663,0.00098,0.003843
0,0.136861,-0.174315,0.198667,0.025768,0.240987,-0.022586,0.002389,0.003042
0,0.092918,-0.265954,-0.034188,-0.101532,-0.04667,-0.101843,0.001622,0.004642
0,-0.082402,0.035224,-0.175708,0.282017,-0.206095,0.267533,0.001438,0.000615
0,0.091481,-0.141926,0.192151,-0.197845,0.169577,-0.241882,0.001597,0.002477
0,-0.068473,0.040721,-0.175577,0.205292,-0.163434,0.207695,0.001195,0.000711
0,-0.074438,-0.056939,0.015747,-0.107452,-0.027858,-0.121484,0.001299,0.000994
0,-0.097392,-0.037219,-0.051114,-0.00836,-0.089555,-0.01541,0.0017,0.00065
0,-0.118468,-0.085051,-0.004308,-0.060559,0.003804,-0.027223,0.002068,0.001484
0,0.100436,-0.249458,0.231257,-0.136732,0.229509,-0.164998,0.001753,0.004354
0,0.023077,-0.000778,-0.053967,0.228569,-0.083383,0.265541,0.000403,1.4e-05
0,0.093039,-0.217381,0.055247,-0.222306,0.074659,-0.251208,0.001624,0.003794
0,0.077451,-0.113753,-0.026117,0.092745,-0.033657,0.04605,0.001352,0.001985
0,-0.039791,-0.159301,-0.088137,-0.05755,-0.065231,-0.095943,0.000694,0.00278
0,-0.124203,-0.212751,-0.073281,-0.027688,-0.0855,-0.042902,0.002168,0.003713
0,0.043314,-0.026103,0.174578,0.167457,0.191307,0.182473,0.000756,0.000456
0,0.133765,-0.185898,0.093323,-0.133769,0.136326,-0.158744,0.002335,0.003245
0,0.150634,-0.222673,0.008312,-0.045075,-0.012712,0.001625,0.002629,0.003886
0,0.072421,-0.154916,-0.080299,0.061826,-0.054795,0.035122,0.001264,0.002704
0,-0.058512,-0.153852,-0.116695,0.013791,-0.123303,-0.006208,0.001021,0.002685
0,0.026986,-0.105475,0.067642,0.041554,0.049331,0.033594,0.000471,0.001841
0,-0.084597,-0.240408,-0.130553,-0.143051,-0.083538,-0.17146,0.001476,0.004196
0,-0.163599,-0.059147,-0.071887,0.202601,-0.091972,0.190819,0.002855,0.001032
0,-0.068497,-0.015584,0.111084,0.070249,0.15456,0.046125,0.001196,0.000272
0,-0.095416,-0.181816,-0.030737,-0.170091,-0.055661,-0.138912,0.001665,0.003173
0,-0.214562,-0.090756,-0.141355,0.063928,-0.119469,0.087764,0.003745,0.001584
0,-0.138848,-0.165593,0.085687,-0.066189,0.106838,-0.040173,0.002423,0.00289
0,-0.156424,0.108048,-0.040228,0.298232,-0.001977,0.277493,0.00273,0.001886
0,-0.129881,0.03705,0.017651,-0.053662,0.055533,-0.102022,0.002267,0.000647
0,0.058044,-0.118327,0.200964,-0.149839,0.172569,-0.130627,0.001013,0.002065
0,-0.151967,0.086672,-0.222873,0.188565,-0.179592,0.19236,0.002652,0.001513
0,-0.078236,-0.057288,0.046433,-0.146209,0.045241,-0.167163,0.001365,0.001
0,-0.10146,0.09266,-0.021791,0.176329,-0.050308,0.128747,0.001771,0.001617
0,0.023346,-0.038776,0.146921,-0.104721,0.102611,-0.076692,0.000407,0.000677
0,-0.063719,-0.043341,-0.068275,-0.028111,-0.056615,0.001224,0.001112,0.000756
0,0.086169,-0.087922,0.173668,-0.042623,0.124414,-0.023335,0.001504,0.001535
0,0.117671,-0.023186,0.017299,0.053815,0.042483,0.071717,0.002054,0.000405
0,0.152992,0.005078,0.008951,0.009663,0.004007,-0.010094,0.00267,8.9e-05
0,0.206453,-0.005023,0.035218,-0.016499,0.052865,-0.055596,0.003603,8.8e-05
0,0.090984,-0.01413,-0.088971,0.00398,-0.100064,0.020896,0.001588,0.000247
0,-0.002886,-0.002101,-0.089936,0.026877,-0.135178,0.000912,5e-05,3.7e-05
0,0.136323,-0.133142,0.111251,-0.159281,0.149277,-0.12311,0.002379,0.002324
0,-0.045427,0.145219,-0.155444,0.295433,-0.112034,0.333694,0.000793,0.002535
0,0.13153,-0.07523,0.200286,-0.202286,0.162556,-0.159114,0.002296,0.001313
0,0.144016,0.016689,0.011847,0.062486,0.005896,0.040571,0.002514,0.000291
0,0.159883,-0.005948,0.030156,-0.04279,0.076892,-0.007064,0.00279,0.000104
0,0.118555,0.171191,-0.017876,0.175465,-0.022975,0.17686,0.002069,0.002988
0,0.186091,0.139296,0.065195,-0.005861,0.113168,0.026006,0.003248,0.002431
0,-0.036069,-0.061938,-0.211464,-0.210689,-0.191069,-0.188834,0.00063,0.001081
0,0.097455,0.015232,0.151861,0.083025,0.133994,0.062538,0.001701,0.000266
0,0.061103,0.186554,-0.014112,0.185116,-0.028404,0.191624,0.001066,0.003256
0,0.05027,0.136475,0.016194,-0.025218,0.02569,0.003988,0.000877,0.002382
0,0.048974,0.168648,-0.016203,0.042467,-0.026406,0.014289,0.000855,0.002943
0,0.025339,0.151147,-0.011284,0.000526,0.011249,-0.007432,0.000442,0.002638
0,0.138585,0.130669,0.093543,-0.04372,0.1094,-0.000694,0.002419,0.002281
0,0.1518,0.050059,0.005436,-0.091694,-0.031433,-0.082925,0.002649,0.000874
0,0.147288,0.113433,0.001982,0.063683,0.051491,0.09837,0.002571,0.00198
0,-0.088897,0.069236,-0.208437,-0.064373,-0.232476,-0.026342,0.001552,0.001208
0,0.131736,0.18358,0.233338,0.100894,0.282616,0.149176,0.002299,0.003204
0,0.125529,0.235497,0.00624,0.024106,0.022706,0.065565,0.002191,0.00411
0,0.141977,0.225893,0.044124,-0.006653,0.030337,0.039376,0.002478,0.003943
0,0.07596,0.218488,-0.066902,-0.012188,-0.104485,0.000444,0.001326,0.003813
0,0.09619,0.138982,0.033955,-0.057265,0.007002,-0.080166,0.001679,0.002426
0,-0.046297,0.144703,-0.128535,0.000225,-0.084065,0.029404,0.000808,0.002526
0,-0.053558,0.121334,-0.030435,-0.005074,-0.015869,0.03201,0.000935,0.002118
0,-0.893435,1.102093,-0.847694,0.962592,-0.808144,1.006972,0.003842,0.004268
0,-1.202581,1.258357,-0.325217,0.136148,-0.295885,0.142813,0.002514,0.001541
0,-2.495609,1.843885,-1.274504,0.588188,-1.230826,0.594815,0.00345,0.003073
0,-2.833049,1.871638,-0.363197,0.020416,-0.379683,-0.010017,0.002439,0.002589
0,-2.6514,1.715465,0.175403,-0.182649,0.156116,-0.146364,0.000731,0.005315
0,-2.203758,1.33385,0.448177,-0.403171,0.459353,-0.415875,0.003208,0.000223
0,-1.42628,1.0577,0.806297,-0.254374,0.788006,-0.277951,0.00139,0.005043
0,-1.000818,0.7215,0.4004,-0.35958,0.439084,-0.334831,0.005716,0.000841
0,-0.483829,0.34242,0.539629,-0.380783,0.493191,-0.416942,0.003307,0.005775
0,-0.402655,-0.178552,0.072788,-0.504719,0.119948,-0.53479,0.004724,0.003116
0,-0.31414,-0.156184,0.081501,0.003214,0.104058,0.041123,0.005483,0.002726
0,0.126079,-0.206119,0.417923,-0.022237,0.398923,0.007333,0.0022,0.003597
0,0.111052,-0.328739,-0.028452,-0.116762,0.003786,-0.119868,0.001938,0.005738
0,0.080274,-0.2786,-0.02864,0.056195,0.007413,0.072675,0.001401,0.004862
0,0.260444,-0.326919,0.168542,-0.076777,0.124464,-0.059361,0.004546,0.005706
0,0.46487,-0.222191,0.207228,0.10927,0.184039,0.072201,0.003638,0.003878
0,0.205168,-0.40328,-0.234455,-0.200715,-0.266855,-0.160413,0.003581,0.004713
0,0.296529,-0.393373,0.066489,0.005009,0.096721,0.02086,0.005175,0.004886
0,0.246086,-0.343859,-0.033048,0.063679,-0.023678,0.101574,0.004295,0.00575
0,0.210587,-0.046223,-0.038475,0.295013,-0.026616,0.311392,0.003675,0.000807
0,0.297801,0.044972,0.078536,0.08786,0.120973,0.047647,0.005198,0.000785
0,0.370969,0.114723,0.066335,0.076521,0.112078,0.079665,0.005277,0.002002
0,0.2902,0.217846,-0.090447,0.078313,-0.075278,0.069677,0.005065,0.003802
0,1.315097,-0.466071,1.022933,-0.702171,1.065193,-0.692393,0.000551,0.003617
0,1.939286,-0.525517,0.630647,-0.087172,0.650538,-0.128923,0.001408,0.00258
0,2.064841,-0.650541,0.142295,-0.148015,0.173467,-0.173079,0.000783,0.000398
0,1.817919,-0.917422,-0.244623,-0.288021,-0.200851,-0.269769,0.003526,0.00426
0,1.538172,-0.686953,-0.308902,0.213066,-0.341344,0.175147,0.003343,0.000238
0,1.126162,-0.743293,-0.383327,-0.063811,-0.368097,-0.042541,0.003848,0.001221
0,0.585117,-0.608259,-0.553932,0.164947,-0.529422,0.206467,0.001539,0.001136
0,0.335191,-0.306443,-0.235024,0.308506,-0.195292,0.323715,0.00585,0.005348
0,0.021733,-0.21876,-0.332609,0.074472,-0.346491,0.091234,0.000379,0.003818
0,-0.006747,-0.297725,-0.037388,-0.069696,-0.036492,-0.044356,0.000118,0.005196
0,-0.008947,-0.097537,0.023389,0.186986,0.003805,0.201603,0.000156,0.001702
0,-0.126722,-0.143352,-0.110889,-0.033621,-0.064843,-0.059472,0.002212,0.002502
0,-0.139089,-0.206948,0.010505,-0.07547,0.004163,-0.051524,0.002428,0.003612
0,-0.085829,-0.055329,0.077764,0.131986,0.082206,0.173445,0.001498,0.000966
0,-0.293743,-0.237716,-0.206422,-0.17419,-0.163251,-0.125401,0.005127,0.004149
0,-0.106413,-0.178011,0.195851,0.059623,0.191496,0.060866,0.001857,0.003107
0,-0.198101,-0.077166,-0.105055,0.09394,-0.063218,0.139757,0.003458,0.001347
0,-0.105402,-0.271017,0.095886,-0.223193,0.122623,-0.242235,0.00184,0.00473
0,-0.274035,-0.262999,-0.185235,0.010315,-0.211717,-0.038004,0.004783,0.00459
0,-0.166483,-0.11781,0.111521,0.14273,0.117498,0.158079,0.002906,0.002056
0,-0.311985,-0.048644,-0.122757,0.068877,-0.140153,0.100745,0.005445,0.000849
0,-0.128104,-0.29317,0.183276,-0.258081,0.150396,-0.208642,0.002236,0.005117
0,-0.158437,-0.19598,-0.050686,0.078597,-0.043975,0.04039,0.002765,0.003421
0,-0.183146,-0.137893,-0.023021,0.031076,-0.057991,0.002608,0.003196,0.002407
0,-0.244668,0.016022,-0.049434,0.170773,-0.090466,0.190738,0.00427,0.00028
0,-0.25421,-0.23557,0.020415,-0.232302,0.033702,-0.250942,0.004437,0.004111
0,-0.2963,-0.105101,-0.051392,0.148938,-0.100152,0.122211,0.005171,0.001834
0,-0.351858,-0.142718,-0.055075,-0.050773,-0.026299,-0.060083,0.005611,0.002491
0,-0.308276,-0.112244,0.055348,0.056087,0.028937,0.038714,0.00538,0.001959
0,-0.138068,-0.277655,0.187598,-0.148975,0.201345,-0.145506,0.00241,0.004846
0,-0.097453,-0.109884,0.039499,0.184944,0.04626,0.211091,0.001701,0.001918
0,-0.187444,0.004958,-0.108208,0.12775,-0.13013,0.165493,0.003272,8.7e-05
0,-0.094867,-0.056181,0.070165,-0.051157,0.053919,-0.037001,0.001656,0.000981
0,-0.023675,-0.145292,0.057571,-0.090877,0.009234,-0.117395,0.000413,0.002536
0,-0.115319,-0.022116,-0.089202,0.100303,-0.074683,0.080566,0.002013,0.000386
0,-0.150168,-0.061491,-0.034676,-0.058039,0.004355,-0.048621,0.002621,0.001073
0,-0.206659,0.031972,-0.072895,0.073467,-0.047221,0.092191,0.003607,0.000558
0,-0.194222,0.024083,-0.006488,-0.017045,0.008239,0.016531,0.00339,0.00042
0,0.03693,-0.090713,0.240882,-0.088465,0.246149,-0.100778,0.000645,0.001583
0,-0.075985,-0.108389,-0.0953,-0.011312,-0.09567,-0.011084,0.001326,0.001892
0,-0.137627,-0.163583,-0.083746,-0.065884,-0.091189,-0.02869,0.002402,0.002855
0,-0.131879,0.017439,0.01661,0.156707,0.004854,0.130964,0.002302,0.000304
0,-0.085306,-0.156279,0.028723,-0.15024,-0.005061,-0.146622,0.001489,0.002728
0,-0.048848,-0.215242,0.008705,-0.038078,0.018456,-0.063588,0.000853,0.003757
0,-0.106136,-0.045065,-0.037401,0.16542,-0.031063,0.134883,0.001852,0.000787
0,-0.241604,-0.1125,-0.135998,-0.043393,-0.118877,-0.011254,0.004217,0.001963
0,-0.106296,-0.158796,0.121796,-0.041746,0.121684,-0.020017,0.001855,0.002772
0,-0.207913,0.027318,-0.11145,0.185118,-0.061718,0.199678,0.003629,0.000477
0,-0.107679,-0.244306,0.112091,-0.292174,0.083056,-0.340589,0.001879,0.004264
0,-0.251078,-0.114023,-0.161303,0.139411,-0.13387,0.169809,0.004382,0.00199
0,-0.04329,-0.106256,0.234519,-0.006846,0.202946,-0.020647,0.000756,0.001855
0,-0.042044,-0.067214,0.023717,0.053965,0.062327,0.044863,0.000734,0.001173
0,-0.299595,-0.020365,-0.270073,0.047073,-0.22165,0.076226,0.005229,0.000355
0,-0.252208,-0.220563,0.063677,-0.193596,0.023044,-0.167634,0.004402,0.00385
0,-0.045648,-0.182609,0.211337,0.037711,0.250909,0.009702,0.000797,0.003187
0,-0.301972,-0.031444,-0.280008,0.16684,-0.271367,0.205734,0.00527,0.000549
0,-0.178196,-0.211292,0.13337,-0.158001,0.106619,-0.139163,0.00311,0.003688
0,0.007559,-0.106768,0.177521,0.097254,0.154969,0.053434,0.000132,0.001863
0,0.034304,0.015212,0.00248,0.119078,0.009539,0.11785,0.000599,0.000265
0,-0.216247,-0.012613,-0.265554,-0.043107,-0.218328,-0.092478,0.003774,0.00022
0,-0.025232,-0.164436,0.175352,-0.128163,0.205988,-0.130118,0.00044,0.00287
0,-0.043453,-0.101587,-0.037146,0.092039,-0.04876,0.116895,0.000758,0.001773
0,-0.034211,-0.122978,-0.001967,-0.046326,-0.021,-0.054278,0.000597,0.002146
0,0.076426,-0.153342,0.1145,-0.00365,0.080284,-0.045384,0.001334,0.002676
0,0.001454,-0.068436,-0.099498,0.079564,-0.108188,0.095837,2.5e-05,0.001194
0,-0.054715,0.043337,-0.067709,0.114582,-0.059673,0.148358,0.000955,0.000756
0,-0.00892,-0.039059,0.023995,-0.06272,0.001234,-0.026423,0.000156,0.000682
0,-0.109534,-0.117361,-0.114155,-0.057163,-0.096645,-0.026227,0.001912,0.002048
0,-0.09352,-0.027096,0.018032,0.069616,0.059653,0.032984,0.001632,0.000473
0,-0.170807,0.023231,-0.106446,0.042169,-0.130919,0.065318,0.002981,0.000405
0,-0.096873,-0.104704,0.064193,-0.126507,0.102146,-0.126733,0.001691,0.001827
0,0.034086,-0.125089,0.138465,-0.000591,0.178393,-0.012605,0.000595,0.002183
0,-0.158177,-0.113599,-0.178298,0.00138,-0.143619,-0.008046,0.002761,0.001983
0,-0.034522,-0.023364,0.143885,0.072099,0.168073,0.030405,0.000603,0.000408
0,-0.103556,-0.097145,-0.04029,-0.095695,-0.047762,-0.131173,0.001807,0.001695
0,-0.096822,-0.128743,0.018148,-0.044585,-0.017261,-0.088831,0.00169,0.002247
0,-0.183304,-0.085103,-0.064254,0.024079,-0.059154,0.02597,0.003199,0.001485
0,-0.160679,0.042675,-0.001356,0.133003,-0.012952,0.122523,0.002804,0.000745
0,0.034837,-0.180983,0.199999,-0.253598,0.182635,-0.222992,0.000608,0.003159
0,0.021815,-0.137515,-0.037145,0.050501,-0.018815,0.070545,0.000381,0.0024
0,-0.071588,-0.184999,-0.071652,-0.024146,-0.056125,-0.030019,0.001249,0.003229
0,-0.169619,0.0901,-0.121154,0.271442,-0.073244,0.233597,0.00296,0.001573
0,-0.156573,0.095425,0.034816,0.029984,-0.010032,0.044061,0.002733,0.001665
0,0.033699,0.03878,0.18422,-0.044269,0.195901,-0.068307,0.000588,0.000677
0,-0.143166,-0.149258,-0.197324,-0.185343,-0.240138,-0.187476,0.002499,0.002605
0,-0.118355,0.04336,0.01809,0.163789,0.015811,0.132961,0.002066,0.000757
0,-0.125521,-0.040719,-0.004614,-0.055638,0.002609,-0.090233,0.002191,0.000711
0,-0.213958,-0.04842,-0.064451,-0.030341,-0.070491,-0.022522,0.003734,0.000845
0,0.043011,-0.059943,0.266528,-0.01534,0.297376,-0.064635,0.000751,0.001046
0,-0.057473,-0.05171,-0.112771,-0.013084,-0.11189,-0.022685,0.001003,0.000903
0,-0.088034,0.084245,-0.005237,0.12504,-0.035087,0.11992,0.001536,0.00147
0,-0.024348,-0.005136,0.053083,-0.108147,0.048991,-0.067305,0.000425,9e-05
0,-0.16152,-0.039307,-0.135456,-0.013193,-0.138943,0.024902,0.002819,0.000686
0,-0.149312,-0.117288,0.028689,-0.064217,0.061189,-0.06751,0.002606,0.002047
0,-0.231981,0.037199,-0.110111,0.144312,-0.118344,0.144583,0.004049,0.000649
0,-0.26509,0.106355,-0.01838,0.081924,-0.055467,0.077361,0.004627,0.001856
0,-0.280194,-0.062527,-0.009892,-0.177822,0.020159,-0.220697,0.00489,0.001091
0,-0.046009,0.031723,0.220149,0.084121,0.177735,0.072846,0.000803,0.000554
0,-0.294,0.171004,-0.218302,0.133208,-0.221513,0.106699,0.005131,0.002985
0,-0.146918,-0.077162,0.120931,-0.270513,0.094712,-0.247652,0.002564,0.001347
0,0.013021,0.005323,0.153227,0.111665,0.169458,0.149138,0.000227,9.3e-05
0,-0.125024,-0.007528,-0.155611,0.013996,-0.150133,-0.027784,0.002182,0.000131
0,-0.108851,0.045247,0.040695,0.029559,0.071854,0.033282,0.0019,0.00079
0,-0.185419,-0.058108,-0.056834,-0.102954,-0.028346,-0.102251,0.003236,0.001014
0,-0.224068,0.045228,-0.037141,0.117267,-0.063455,0.163737,0.003911,0.000789
0,0.01182,-0.099138,0.211281,-0.115291,0.22088,-0.141323,0.000206,0.00173
0,-0.023122,-0.122149,-0.026266,-0.023436,-0.052171,-0.0232,0.000404,0.002132
0,-0.020031,-0.016248,-0.011105,0.085222,0.030304,0.107121,0.00035,0.000284
0,0.02992,-0.011475,0.02938,-0.010552,0.047238,0.005806,0.000522,0.0002
0,-0.09182,0.098807,-0.127398,0.123879,-0.082517,0.163239,0.001603,0.001725
0,0.109448,-0.003122,0.172111,-0.085645,0.181772,-0.102235,0.00191,5.4e-05
0,-0.015118,-0.105338,-0.112362,-0.105402,-0.157508,-0.123121,0.000264,0.001838
0,-0.147518,-0.128818,-0.154033,-0.05072,-0.176983,-0.099815,0.002575,0.002248
0,0.105442,-0.030228,0.240526,0.087921,0.240693,0.091015,0.00184,0.000528
0,-0.118151,-0.16488,-0.243978,-0.134657,-0.204285,-0.110299,0.002062,0.002878
0,0.060739,0.040902,0.177129,0.224481,0.193652,0.224419,0.00106,0.000714
0,-0.102792,0.081027,-0.190046,0.040124,-0.238598,0.03785,0.001794,0.001414
0,0.098978,0.087797,0.216453,0.011178,0.253798,-0.007663,0.001728,0.001532
0,-0.06481,0.070561,-0.165814,-0.037419,-0.142152,-0.012549,0.001131,0.001232
0,0.181869,-0.182714,0.240248,-0.275365,0.269619,-0.231595,0.003174,0.003189
0,0.134847,-0.029079,-0.02059,0.136672,0.018467,0.160803,0.002354,0.000508
0,-0.021948,0.032764,-0.148529,0.037784,-0.167243,0.066604,0.000383,0.000572
0,-0.080551,0.09446,-0.052229,0.045219,-0.043215,-0.000315,0.001406,0.001649
0,0.085936,0.109502,0.181586,0.003398,0.175241,-0.001852,0.0015,0.001911
0,0.070282,-0.08945,-0.042956,-0.187212,-0.037331,-0.200861,0.001227,0.001561
0,-0.072691,-0.084104,-0.148057,0.024897,-0.182706,-0.005444,0.001269,0.001468
0,-0.054207,-0.029563,0.030571,0.030719,0.061312,0.011174,0.000946,0.000516
0,-0.011964,-0.065205,0.064272,-0.048275,0.040493,-0.088939,0.000209,0.001138
0,0.042592,-0.059544,0.030122,0.018664,0.045594,-0.002872,0.000743,0.001039
0,0.053336,-0.018912,0.024515,0.029647,0.00722,0.052555,0.000931,0.00033
0,0.112301,0.022258,0.064141,0.051929,0.084009,0.033021,0.00196,0.000388
0,-0.101731,0.1536,-0.186359,0.116921,-0.189159,0.138294,0.001776,0.002681
0,0.194571,0.12388,0.26716,-0.020211,0.280815,-0.048631,0.003396,0.002162
0,0.343247,0.176494,0.15333,0.047072,0.155335,0.005446,0.005761,0.00308
0,0.463475,0.196179,0.14115,3.9e-05,0.175502,0.023887,0.003663,0.003424
0,0.245605,0.044096,-0.190513,-0.138587,-0.214643,-0.176752,0.004287,0.00077
0,0.307051,0.307589,0.064224,0.266335,0.035227,0.308411,0.005359,0.005368
0,0.273777,0.216917,-0.0571,-0.098908,-0.101745,-0.124842,0.004778,0.003786
0,0.281391,0.224333,0.034204,-0.012719,0.041806,-0.031258,0.004911,0.003915
0,0.310374,0.082227,0.048939,-0.149393,0.038194,-0.174632,0.005417,0.001435
0,0.419425,0.247302,0.108955,0.148614,0.075193,0.172929,0.004431,0.004316
0,0.260275,0.14325,-0.133032,-0.102338,-0.136644,-0.063692,0.004543,0.0025
0,0.346545,0.081017,0.060078,-0.050641,0.028901,-0.030425,0.005703,0.001414
0,0.257986,0.052442,-0.10636,-0.035354,-0.10889,-0.023995,0.004503,0.000915
0,0.153965,0.052364,-0.126234,0.022682,-0.090733,0.056972,0.002687,0.000914
0,-0.045226,0.054162,-0.170923,0.021944,-0.136055,0.039221,0.000789,0.000945
0,0.116101,0.100895,0.185379,0.046085,0.198365,0.086346,0.002026,0.001761
0,0.005043,0.062568,-0.129616,-0.049767,-0.133052,-0.07726,8.8e-05,0.001092
0,0.057935,0.062218,0.082446,-0.027533,0.116021,-0.044208,0.001011,0.001086
0,0.031658,0.22211,-0.001108,0.181179,-0.026147,0.204504,0.000553,0.003877
0,-0.11811,0.091547,-0.128156,-0.102828,-0.108086,-0.105042,0.002061,0.001598
0,0.063635,0.159725,0.194523,0.060779,0.200638,0.014507,0.001111,0.002788
0,-0.082024,0.258127,-0.135662,0.078879,-0.143599,0.076749,0.001432,0.004505
0,-0.075893,0.289624,0.016579,0.054978,0.048432,0.005005,0.001325,0.005055
0,0.162222,0.108363,0.228663,-0.174209,0.227427,-0.203355,0.002831,0.001891
0,0.098868,0.062147,-0.040259,-0.048003,0.006919,-0.066607,0.001726,0.001085
0,0.115315,0.101251,-0.013166,0.05622,1.5e-05,0.102915,0.002013,0.001767
0,0.10885,0.118929,0.004865,0.037827,0.02345,0.055338,0.0019,0.002076
0,-0.130066,0.137453,-0.237806,-0.004421,-0.212874,0.022789,0.00227,0.002399
0,0.028419,0.181116,0.172375,0.036805,0.207804,0.005707,0.000496,0.003161
0,-0.09172,0.348877,-0.103093,0.163816,-0.114352,0.172739,0.001601,0.005663
0,0.127148,0.14983,0.216198,-0.178489,0.172299,-0.140428,0.002219,0.002615
0,0.112007,0.046749,-0.001756,-0.084995,-0.03679,-0.087262,0.001955,0.000816
0,-0.001883,0.054983,-0.086614,-0.00893,-0.04036,-0.009847,3.3e-05,0.00096
0,0.117171,0.00737,0.113102,-0.055422,0.103948,-0.042003,0.002045,0.000129
0,0.026648,0.049045,-0.086315,0.016496,-0.04509,-0.017721,0.000465,0.000856
0,0.07241,0.038651,0.050217,-0.023621,0.044433,-0.049129,0.001264,0.000675
0,0.009998,0.151062,-0.066255,0.085846,-0.110851,0.038834,0.000174,0.002637
0,-0.031011,-0.016822,-0.057307,-0.197732,-0.018408,-0.234877,0.000541,0.000294
0,-0.089355,0.052359,-0.064614,0.087845,-0.073416,0.120391,0.00156,0.000914
0,0.122523,-0.071203,0.239314,-0.142704,0.224762,-0.130358,0.002138,0.001243
0,-0.124167,0.000938,-0.247255,0.085525,-0.29716,0.051193,0.002167,1.6e-05
0,-2.850045,-0.308169,-2.746154,-0.327517,-2.707112,-0.365487,0.002736,0.005379
0,-6.13608,-1.04418,-3.290612,-0.743433,-3.326408,-0.722991,0.00133,0.005279
0,-9.07819,-1.341384,-2.944337,-0.273775,-2.917501,-0.292464,0.005672,9.2e-05
0,-7.469618,-2.31896,1.579539,-0.965614,1.531581,-0.968318,0.001101,0.005218
0,-7.795663,-1.770408,-0.304912,0.524054,-0.344067,0.535051,0.00496,0.004356
0,-7.706305,-1.710213,0.105817,0.066219,0.101489,0.115697,0.005232,0.005406
0,-6.420771,-1.370397,1.271732,0.321102,1.266164,0.321333,0.005453,0.000415
0,-5.369672,-0.918115,1.060396,0.465213,1.035602,0.474192,0.000295,0.004272
0,-3.359998,-0.844289,1.987069,0.09157,1.984157,0.117219,0.000115,0.002984
0,-2.080001,-0.588905,1.269942,0.271397,1.238296,0.274932,0.001048,0.001473
0,-0.474275,-0.260986,1.60683,0.339835,1.584098,0.293033,0.003474,0.004555
0,0.705208,-0.329324,1.179016,-0.045804,1.145891,-0.089721,0.000556,0.005748
0,1.183514,-0.059813,0.46891,0.270968,0.496833,0.232558,0.002847,0.001044
0,0.797546,-0.040802,-0.411019,0.017239,-0.445369,0.05834,0.002168,0.000712
0,0.827657,-0.039649,0.003152,-0.023883,0.01388,-0.047287,0.002694,0.000692
0,1.079452,0.02923,0.222583,0.069285,0.175045,0.101026,0.004663,0.00051
0,0.720003,0.029682,-0.383855,0.001968,-0.351095,0.016327,0.000815,0.000518
0,0.410775,-0.174078,-0.281348,-0.209113,-0.265225,-0.168979,0.004582,0.003038
0,0.260163,-0.138024,-0.143654,0.014837,-0.174358,-0.020156,0.004541,0.002409
0,0.258482,0.004903,-0.027365,0.118034,-0.019002,0.148432,0.004511,8.6e-05
0,0.182227,0.059154,-0.068132,0.052071,-0.085981,0.101153,0.00318,0.001032
0,0.197279,-0.055113,0.044192,-0.102378,0.092311,-0.052829,0.003443,0.000962
0,-0.037307,-0.025271,-0.246657,0.031917,-0.29439,0.072614,0.000651,0.000441
0,-0.020211,0.07631,0.034272,0.091722,0.058389,0.121866,0.000353,0.001332
0,-0.125422,-0.05154,-0.112817,-0.106292,-0.082525,-0.106887,0.002189,0.0009
0,0.089522,0.088476,0.233482,0.115074,0.201798,0.105078,0.001562,0.001544
0,0.104972,0.105001,0.001508,0.011041,0.027663,-0.000491,0.001832,0.001833
0,-0.093375,-0.07943,-0.217649,-0.17318,-0.2238,-0.175116,0.00163,0.001386
0,-0.047584,-0.019928,0.062269,0.047621,0.020715,0.023701,0.00083,0.000348
0,0.004664,-0.075234,0.047861,-0.063796,0.032583,-0.026682,8.1e-05,0.001313
0,-0.139534,-0.131864,-0.136098,-0.043067,-0.177521,-0.041503,0.002435,0.002301
0,-0.093254,0.035501,0.050167,0.177148,0.071905,0.169058,0.001628,0.00062
0,-0.067391,-0.035407,0.049972,-0.058175,0.047734,-0.100448,0.001176,0.000618
0,0.015115,0.0587,0.10561,0.068985,0.124817,0.042553,0.000264,0.001025
0,-0.140633,0.006952,-0.170534,-0.041687,-0.143139,-0.040509,0.002455,0.000121
0,0.054783,-0.011786,0.199173,-0.04344,0.234219,-0.04539,0.000956,0.000206
0,-0.058019,-0.166139,-0.12394,-0.180654,-0.163921,-0.225569,0.001013,0.0029
0,-0.064206,-0.081556,0.018418,0.083602,0.048988,0.098941,0.001121,0.001423
0,-0.056656,0.019525,-0.010993,0.126886,-0.003488,0.173128,0.000989,0.000341
0,-0.052524,-0.050224,0.00759,-0.077775,0.03692,-0.071567,0.000917,0.000877
0,0.0256,-0.116009,0.090808,-0.059617,0.062851,-0.042762,0.000447,0.002025
0,0.071607,-0.122443,0.064187,0.020168,0.033117,0.066956,0.00125,0.002137
0,0.077974,0.048657,-0.021754,0.163883,-0.051489,0.169604,0.001361,0.000849
0,-0.035184,0.035629,-0.126237,-0.005527,-0.101308,-0.02802,0.000614,0.000622
0,0.150108,-0.154682,0.159576,-0.185734,0.203521,-0.173092,0.00262,0.0027
0,-0.025245,-0.031778,-0.155599,0.14354,-0.136455,0.148802,0.000441,0.000555
0,-0.087218,-0.077247,-0.057491,-0.060828,-0.052477,-0.045752,0.001522,0.001348
0,0.116308,0.019875,0.223429,0.091232,0.221086,0.055511,0.00203,0.000347
0,-0.029048,0.094668,-0.161856,0.094724,-0.182738,0.112584,0.000507,0.001652
0,-0.089043,-0.022629,-0.079042,-0.111392,-0.039144,-0.126865,0.001554,0.000395
0,-0.060736,0.085754,0.044596,0.111943,0.050151,0.116055,0.00106,0.001497
0,0.090633,0.046353,0.181187,-0.012423,0.199212,-0.050307,0.001582,0.000809
0,-0.128551,-0.021211,-0.227267,-0.08371,-0.257679,-0.075682,0.002244,0.00037
0,0.065762,-0.027799,0.175839,0.014146,0.180766,0.025114,0.001148,0.000485
0,-0.110848,0.103152,-0.179796,0.155507,-0.20558,0.136232,0.001935,0.0018
0,-0.00871,0.103123,0.093332,-0.017513,0.075074,-0.05633,0.000152,0.0018
0,-0.017411,-0.09525,0.009008,-0.21959,0.007628,-0.180496,0.000304,0.001662
0,-0.03459,-0.011995,-0.025501,0.080029,-0.067544,0.083526,0.000604,0.000209
0,-0.067099,0.180757,-0.048452,0.209776,-0.057845,0.248267,0.001171,0.003155
0,0.154349,-0.106772,0.245787,-0.273131,0.21409,-0.229008,0.002694,0.001864
0,0.050159,-0.078495,-0.122794,0.044612,-0.129434,0.042932,0.000875,0.00137
0,-0.057908,-0.030715,-0.090664,0.030694,-0.131621,0.045063,0.001011,0.000536
0,0.141711,-0.045771,0.224675,-0.016733,0.180762,0.019367,0.002473,0.000799
0,0.065353,0.072581,-0.054363,0.105977,-0.055374,0.115817,0.001141,0.001267
0,-0.052182,-0.085364,-0.124022,-0.160279,-0.129946,-0.150448,0.000911,0.00149
0,0.046076,-0.122769,0.085106,-0.033852,0.127262,-0.078597,0.000804,0.002143
0,-0.052994,0.004656,-0.112215,0.126511,-0.137789,0.087334,0.000925,8.1e-05
0,0.081107,-0.117148,0.107784,-0.09326,0.143388,-0.060521,0.001416,0.002045
0,0.041526,0.08865,-0.019677,0.208081,-0.015264,0.17491,0.000725,0.001547
0,0.241302,-0.09181,0.195624,-0.20021,0.152075,-0.177809,0.004212,0.001602
0,0.184555,-0.189225,-0.085903,-0.085648,-0.115016,-0.089265,0.003221,0.003303
0,0.128527,-0.142442,-0.074274,0.022195,-0.109356,0.018796,0.002243,0.002486
0,0.05502,-0.115968,-0.084492,0.02889,-0.128623,0.042023,0.00096,0.002024
0,0.157711,0.008047,0.075344,0.114331,0.080064,0.116581,0.002753,0.00014
0,0.117591,-0.058803,-0.011347,-0.047603,0.020061,-0.093171,0.002052,0.001026
0,0.18133,-0.064106,0.061729,0.015471,0.080956,-0.022789,0.003165,0.001119
0,0.017526,-0.028445,-0.156962,0.033266,-0.183891,0.001222,0.000306,0.000496
0,0.038019,0.013979,0.046798,0.065902,0.010991,0.094221,0.000664,0.000244
0,0.071274,0.11515,0.05905,0.111675,0.022827,0.133533,0.001244,0.00201
0,0.043032,-0.052598,-0.012635,-0.181304,-0.058925,-0.203676,0.000751,0.000918
0,0.004466,0.050061,-0.058724,0.095633,-0.04854,0.144439,7.8e-05,0.000874
0,0.091501,0.023058,0.074599,-0.008298,0.095022,-0.051316,0.001597,0.000402
0,0.04607,-0.005245,-0.050713,-0.041499,-0.069495,-0.010629,0.000804,9.2e-05
0,0.134399,0.088096,0.102284,0.087152,0.07848,0.06757,0.002346,0.001538
0,0.073083,-0.058777,-0.068319,-0.125475,-0.049044,-0.173624,0.001276,0.001026
0,0.074749,0.080163,-0.011704,0.122481,-0.051674,0.152597,0.001305,0.001399
0,-0.059493,-0.097831,-0.158404,-0.159896,-0.133451,-0.195297,0.001038,0.001707
0,-0.028472,-0.1651,0.032142,-0.051178,-0.007512,-0.078321,0.000497,0.002882
0,0.017956,-0.078806,0.018366,0.112748,0.06025,0.148056,0.000313,0.001375
0,-0.029952,0.06837,-0.023452,0.119554,-0.014812,0.0882,0.000523,0.001193
0,0.030903,-0.154218,0.079655,-0.251756,0.120905,-0.282418,0.000539,0.002692
0,0.261958,0.021533,0.222258,0.165004,0.197493,0.212909,0.004572,0.000376
0,0.022638,-0.146826,-0.263506,-0.147894,-0.305352,-0.177563,0.000395,0.002563
0,0.173351,-0.023618,0.143853,0.104046,0.140816,0.071613,0.003026,0.000412
0,-0.042988,0.055477,-0.207781,0.094198,-0.219404,0.135941,0.00075,0.000968
0,0.110266,-0.07681,0.134029,-0.106419,0.106832,-0.076142,0.001925,0.001341
0,-0.017707,-0.138846,-0.140096,-0.052091,-0.097651,-0.081761,0.000309,0.002423
0,0.195765,0.021986,0.209747,0.177503,0.208606,0.188192,0.003417,0.000384
0,0.123102,-0.041345,-0.077537,-0.074657,-0.074738,-0.037841,0.002149,0.000722
0,-0.012476,0.043094,-0.154162,0.059687,-0.162884,0.032046,0.000218,0.000752
0,0.149797,0.008801,0.143639,-0.05366,0.097627,-0.039146,0.002614,0.000154
0,-0.02213,-0.080468,-0.148078,-0.099643,-0.134017,-0.093325,0.000386,0.001404
0,0.121734,0.099807,0.144521,0.178721,0.115123,0.180167,0.002125,0.001742
0,0.19939,-0.077334,0.076644,-0.152086,0.09619,-0.140306,0.00348,0.00135
0,0.052542,-0.018545,-0.126518,0.079617,-0.126219,0.067438,0.000917,0.000324
0,0.00777,-0.126215,-0.059163,-0.091356,-0.022508,-0.093022,0.000136,0.002203
0,0.075165,-0.057694,0.053733,0.081175,0.017052,0.115802,0.001312,0.001007
0,0.000778,0.04172,-0.094581,0.090683,-0.056208,0.091262,1.4e-05,0.000728
0,0.138356,-0.072017,0.152462,-0.104106,0.182227,-0.121618,0.002415,0.001257
0,0.086083,-0.081565,-0.076241,0.010469,-0.066341,-0.016377,0.001502,0.001424
0,-0.062234,-0.002962,-0.154196,0.105695,-0.169302,0.145405,0.001086,5.2e-05
0,-3.219023,0.094422,-3.176417,0.126472,-3.193842,0.173075,0.002576,0.001648
0,-4.594182,1.001085,-1.373616,0.932334,-1.411068,0.948588,0.002078,0.005721
0,-4.733059,1.117472,-0.113204,0.098115,-0.093735,0.117351,0.000346,0.004
0,-3.735695,0.946404,0.987847,-0.178808,0.983542,-0.138266,0.00531,0.004766
0,-2.249654,1.083714,1.460761,0.125678,1.435598,0.148602,0.004009,0.004589
0,-1.778002,0.853828,0.468491,-0.209333,0.4734,-0.171849,0.004223,0.00315
0,-1.327357,0.7414,0.475739,-0.098469,0.451305,-0.074883,0.000337,0.001188
0,-0.971728,0.572489,0.366462,-0.161314,0.322179,-0.16911,0.005208,0.00176
0,-0.743724,0.137467,0.245033,-0.414242,0.280845,-0.437689,0.001229,0.002399
0,-0.268224,0.119258,0.451555,-0.028285,0.485407,-0.063138,0.004681,0.002081
0,-0.147995,0.04941,0.107461,-0.050728,0.097207,-0.067009,0.002583,0.000862
0,0.223273,-0.207866,0.365459,-0.243392,0.32089,-0.270542,0.003897,0.003628
0,-0.024461,-0.04297,-0.268055,0.15497,-0.228973,0.117456,0.000427,0.00075
0,0.134755,-0.224891,0.137434,-0.155141,0.174535,-0.202083,0.002352,0.003925
0,0.168776,-0.166086,0.02187,0.054384,-0.02161,0.020663,0.002946,0.002899
0,0.107778,-0.025815,-0.048832,0.138629,-0.064741,0.173799,0.001881,0.000451
0,0.135987,-0.18344,0.005687,-0.163132,-0.044097,-0.168643,0.002373,0.003202
0,0.066494,-0.096537,-0.082833,0.074496,-0.116946,0.052851,0.001161,0.001685
0,0.082494,-0.211177,-0.006035,-0.107813,-0.050456,-0.076882,0.00144,0.003686
0,0.118101,-0.180218,0.02493,0.053542,0.012295,0.052883,0.002061,0.003145
0,-0.068624,0.072478,-0.199339,0.252284,-0.1892,0.21156,0.001198,0.001265
0,-0.02036,0.06054,0.041638,0.015442,0.064884,0.028273,0.000355,0.001057
0,-0.14732,0.111842,-0.139157,0.04169,-0.095146,0.038514,0.002571,0.001952
0,-0.097187,-0.058706,0.062205,-0.142693,0.087129,-0.115261,0.001696,0.001025
0,0.154316,-0.133747,0.245486,-0.053006,0.220756,-0.039418,0.002693,0.002334
0,0.165328,0.030977,0.006234,0.150905,0.047862,0.143213,0.002886,0.000541
0,0.133066,0.084534,-0.032185,0.043927,-0.080802,0.049049,0.002322,0.001475
0,0.058188,0.039731,-0.047306,-0.065666,-0.034994,-0.034973,0.001016,0.000693
0,0.03005,0.027309,-0.03567,-0.006243,-0.008873,-0.009108,0.000524,0.000477
0,0.16063,0.074175,0.129293,0.040521,0.152251,0.027278,0.002804,0.001295
0,0.111755,0.066809,-0.055479,-0.017947,-0.045098,0.028162,0.00195,0.001166
0,-0.00278,-0.089469,-0.084972,-0.146448,-0.045543,-0.099356,4.9e-05,0.001562
0,0.091688,0.11221,0.064961,0.207996,0.079397,0.181153,0.0016,0.001958
0,0.175783,0.115018,0.083624,0.025578,0.113473,-0.018696,0.003068,0.002007
0,0.090861,-0.135216,-0.107911,-0.258333,-0.07632,-0.23081,0.001586,0.00236
0,0.186049,-0.156579,0.094365,-0.048149,0.122933,-0.07368,0.003247,0.002733
0,0.063741,0.05889,-0.129885,0.203208,-0.090088,0.18949,0.001112,0.001028
0,-0.073534,0.061442,-0.144779,0.01759,-0.104234,0.02072,0.001283,0.001072
0,-0.007411,-0.149446,0.055166,-0.186972,0.063111,-0.176578,0.000129,0.002608
0,0.063647,-0.079192,0.068258,0.046589,0.084337,0.054655,0.001111,0.001382
0,0.006648,-0.099841,-0.062169,-0.02741,-0.056337,0.012466,0.000116,0.001743
0,-0.07241,0.063897,-0.061637,0.175066,-0.040922,0.222434,0.001264,0.001115
0,-0.066644,-0.008621,0.019064,-0.089939,0.001466,-0.085135,0.001163,0.00015
0,0.07951,0.065636,0.166279,0.048577,0.149356,0.089404,0.001388,0.001146
0,-0.052861,0.070655,-0.112374,-0.021007,-0.156569,-0.013303,0.000923,0.001233
0,0.160214,0.086162,0.218011,0.017682,0.198429,0.004315,0.002796,0.001504
0,-0.160031,0.057563,-0.331541,-0.015159,-0.307347,-0.016738,0.002793,0.001005
0,-0.069318,-0.039632,0.095268,-0.115473,0.084558,-0.137607,0.00121,0.000692
0,-0.094023,0.045204,-0.021294,0.114309,-0.014445,0.161414,0.001641,0.000789
0,0.039855,0.058587,0.119704,0.003356,0.099859,-0.008017,0.000696,0.001023
0,-0.196596,0.035434,-0.22407,-0.013986,-0.261077,-0.004095,0.003431,0.000618
0,0.035898,-0.15331,0.255486,-0.213801,0.301922,-0.169925,0.000627,0.002676
0,-0.092037,-0.073986,-0.104745,0.06772,-0.100685,0.076308,0.001606,0.001291
0,0.097247,0.114465,0.197859,0.205896,0.21949,0.207738,0.001697,0.001998
0,-0.054373,-0.02716,-0.176457,-0.113649,-0.209296,-0.137795,0.000949,0.000474
0,-0.038388,-0.1452,0.02123,-0.104712,0.026521,-0.081139,0.00067,0.002534
0,0.143448,-0.109046,0.199776,0.036377,0.231316,0.017285,0.002504,0.001903
0,0.086931,0.068869,-0.075398,0.176999,-0.051238,0.201617,0.001517,0.001202
0,-0.06913,0.142547,-0.132316,0.071307,-0.125058,0.088059,0.001207,0.002488
0,0.039346,-0.070295,0.094391,-0.191503,0.139373,-0.218682,0.000687,0.001227
0,0.023255,0.031265,-0.004851,0.076053,-0.003058,0.111836,0.000406,0.000546
0,0.133476,0.154109,0.136557,0.136607,0.179914,0.149105,0.00233,0.00269
0,-0.078947,0.043051,-0.195691,-0.110708,-0.197594,-0.137334,0.001378,0.000751
0,-0.078765,0.040389,0.015667,0.010278,-0.012641,-0.035456,0.001375,0.000705
0,-0.048017,-0.058623,0.021835,-0.078715,-0.019622,-0.104069,0.000838,0.001023
0,0.087563,0.014072,0.119422,0.091205,0.124074,0.066425,0.001528,0.000246
0,0.023154,0.135394,-0.080492,0.12136,-0.063979,0.161828,0.000404,0.002363
0,0.048978,0.089336,0.003411,-0.019447,0.043587,0.010719,0.000855,0.001559
0,0.131019,0.131056,0.101376,0.047643,0.126495,0.044151,0.002287,0.002287
0,0.080527,0.127232,-0.078953,-0.024718,-0.074343,-0.041687,0.001405,0.002221
0,0.000333,-0.089207,-0.083658,-0.244173,-0.085804,-0.267364,6e-06,0.001557
0,0.2022,-0.037377,0.173453,0.073061,0.194054,0.090408,0.003529,0.000652
0,0.069788,0.106967,-0.148719,0.149383,-0.104698,0.124758,0.001218,0.001867
0,0.228396,-0.121955,0.147524,-0.249612,0.18166,-0.25936,0.003986,0.002129
0,0.263475,0.048521,0.058131,0.176461,0.027467,0.152172,0.004599,0.000847
0,0.179846,0.045325,-0.072864,0.001237,-0.12121,0.045692,0.003139,0.000791
0,0.17574,-0.030109,-0.008405,-0.078679,0.020243,-0.110003,0.003067,0.000526
0,-0.019662,-0.025294,-0.181484,-0.017423,-0.183921,-0.06086,0.000343,0.000441
0,0.072769,-0.040811,0.099721,0.000129,0.109184,0.038923,0.00127,0.000712
0,-0.000463,-0.093479,-0.100288,-0.072908,-0.055904,-0.122457,8e-06,0.001632
0,0.104672,0.012582,0.10857,0.081879,0.059478,0.131528,0.001827,0.00022
0,0.229976,0.116651,0.121496,0.116087,0.14947,0.070122,0.004014,0.002036
0,0.30354,-0.086481,0.081006,-0.197865,0.047722,-0.150101,0.005298,0.001509
0,0.119762,0.14021,-0.156355,0.209073,-0.196596,0.174422,0.00209,0.002447
0,0.264192,-0.049225,0.142964,-0.210878,0.149099,-0.163816,0.004611,0.000859
0,0.142651,-0.072999,-0.093393,-0.002619,-0.115266,0.042952,0.00249,0.001274
0,0.110142,0.076551,-0.035776,0.126207,0.003858,0.092626,0.001922,0.001336
0,-0.002665,-0.048515,-0.098882,-0.143699,-0.075499,-0.113088,4.7e-05,0.000847
0,-0.01561,0.12347,0.010377,0.181531,0.009061,0.194938,0.000272,0.002155
0,-0.02358,0.16901,0.01744,0.046903,0.044265,0.089167,0.000412,0.00295
0,0.16572,-0.078505,0.212653,-0.257844,0.197839,-0.230044,0.002892,0.00137
0,0.047573,-0.031506,-0.136121,0.066837,-0.171834,0.096382,0.00083,0.00055
0,-0.093554,0.086438,-0.130645,0.090358,-0.095177,0.109836,0.001633,0.001509
0,0.0875,-0.040136,0.164764,-0.12437,0.158393,-0.130808,0.001527,0.000701
0,0.085463,-0.056391,0.019708,-0.01649,-0.019986,-0.007454,0.001492,0.000984
0,0.094543,0.023517,0.000994,0.09179,-0.046552,0.102795,0.00165,0.00041
0,-0.012664,0.020774,-0.081937,-0.012167,-0.059105,0.005785,0.000221,0.000363
0,0.086814,-0.025945,0.07655,-0.04086,0.103133,-0.08851,0.001515,0.000453
0,-0.051183,0.123087,-0.108588,0.123003,-0.073334,0.116235,0.000893,0.002148
0,-0.070881,0.110613,-0.032097,0.001395,-0.066904,0.043419,0.001237,0.001931
0,-0.021235,0.102352,0.053782,-0.005705,0.010614,0.000515,0.000371,0.001786
0,-0.076289,0.153206,-0.056007,0.062242,-0.06455,0.066163,0.001332,0.002674
0,-0.060674,-0.033609,0.039728,-0.185966,0.030062,-0.226273,0.001059,0.000587
0,-0.128514,0.185151,-0.054574,0.248153,-0.033475,0.260637,0.002243,0.003231
0,-2.186025,-0.443874,-2.029753,-0.627028,-2.033326,-0.616079,0.002898,0.004005
0,-3.847642,-0.596471,-1.640387,-0.14943,-1.660354,-0.181128,0.003356,0.001341
0,-4.029098,-0.864211,-0.177667,-0.28737,-0.205307,-0.287768,0.000189,0.003332
0,-3.933258,-0.603944,0.111436,0.274235,0.104145,0.309099,0.001862,0.001211
0,-3.157599,-0.815335,0.8048,-0.225017,0.766964,-0.249004,0.003648,0.002479
0,-2.590611,-0.70848,0.590069,0.127881,0.613097,0.143323,0.001792,0.000614
0,-1.546599,-0.742903,1.059957,-0.017131,1.104449,0.021321,0.00349,0.001214
0,-1.101445,-0.334732,0.467775,0.431706,0.494602,0.413175,0.00428,0.005842
0,-0.89781,-0.442324,0.193646,-0.129846,0.199859,-0.148446,0.003918,0.004032
0,-0.56598,-0.286696,0.308547,0.177821,0.345199,0.191609,0.001873,0.005004
0,0.135782,-0.307455,0.728217,0.003938,0.770394,-0.009401,0.00237,0.005366
0,0.285185,-0.21885,0.150991,0.068351,0.152211,0.109749,0.004977,0.00382
0,0.576572,-0.194032,0.280138,0.005689,0.284722,-0.000501,0.001689,0.003387
0,0.481468,-0.239018,-0.112648,-0.072636,-0.066487,-0.066584,0.003348,0.004172
0,0.693093,0.025024,0.224942,0.250116,0.246931,0.2476,0.000345,0.000437
0,0.423003,-0.11531,-0.267623,-0.151988,-0.280306,-0.154797,0.004369,0.002013
0,0.416737,-0.107959,-0.005301,0.008647,-0.037318,0.042071,0.004478,0.001884
0,-0.007499,-0.225769,-0.447272,-0.10034,-0.430929,-0.132077,0.000131,0.00394
0,-0.025259,-0.017139,-0.022381,0.214756,0.006217,0.191001,0.000441,0.000299
0,0.07644,-0.164797,0.119179,-0.136213,0.090942,-0.157929,0.001334,0.002876
0,-0.071488,0.060656,-0.129766,0.222293,-0.084105,0.271254,0.001248,0.001059
0,0.068135,0.009621,0.135641,-0.033007,0.159964,-0.061145,0.001189,0.000168
0,-0.064003,-0.026764,-0.141218,-0.058423,-0.115869,-0.013432,0.001117,0.000467
0,-0.192323,0.056,-0.100086,0.086519,-0.067792,0.111463,0.003357,0.000977
0,-0.121811,-0.007074,0.042793,-0.044741,0.029238,-0.004154,0.002126,0.000123
0,0.009644,-0.214519,0.151063,-0.179453,0.119827,-0.188616,0.000168,0.003744
0,-0.086753,-0.121404,-0.10292,0.113119,-0.085913,0.066218,0.001514,0.002119
0,-0.027875,-0.139941,0.069199,-0.028055,0.087556,-0.029024,0.000487,0.002442
0,-0.214468,0.006435,-0.16669,0.135839,-0.134816,0.17628,0.003743,0.000112
0,-0.099021,-0.053519,0.102712,-0.037949,0.152668,-0.017047,0.001728,0.000934
0,-0.191388,-0.226299,-0.066561,-0.193009,-0.023357,-0.195663,0.00334,0.00395
0,-0.167242,-0.025518,0.029334,0.201702,0.045954,0.200589,0.002919,0.000445
0,-0.122816,-0.136884,0.060338,-0.140785,0.109552,-0.178747,0.002144,0.002389
0,-0.070896,0.081333,0.05135,0.224877,0.100521,0.273395,0.001237,0.00142
0,-0.250589,0.058013,-0.203211,-0.00431,-0.169979,-0.01482,0.004374,0.001013
0,-0.075098,-0.178782,0.177553,-0.265893,0.207099,-0.271487,0.001311,0.00312
0,-0.049696,-0.074881,-0.001727,0.133809,-0.044363,0.109102,0.000867,0.001307
0,-0.17276,-0.092184,-0.09989,0.01069,-0.144471,-0.018013,0.003015,0.001609
0,-0.215133,-0.227457,-0.040595,-0.135817,-0.077857,-0.184455,0.003755,0.00397
0,-0.112469,-0.071559,0.076574,0.170244,0.083549,0.155485,0.001963,0.001249
0,-0.076755,-0.134318,0.051594,-0.033297,0.067121,-0.063514,0.00134,0.002344
0,-0.048897,0.0301,0.014509,0.135938,0.050821,0.15713,0.000853,0.000525
0,-0.108557,0.067369,-0.062267,0.03506,-0.016082,0.07554,0.001895,0.001176
0,-0.115229,0.029918,-0.034633,-0.061551,-0.045268,-0.049855,0.002011,0.000522
0,0.028605,0.075693,0.125335,0.031851,0.095026,0.013135,0.000499,0.001321
0,-0.087584,-0.031237,-0.137587,-0.080689,-0.118951,-0.095581,0.001529,0.000545
0,-0.168114,-0.111424,-0.102945,-0.091089,-0.072467,-0.133505,0.002934,0.001945
0,-0.022718,0.040133,0.129434,0.167321,0.166755,0.201609,0.000396,0.0007
0,-0.198051,-0.021836,-0.2038,-0.033123,-0.164444,-0.060481,0.003457,0.000381
0,-0.215131,-0.002335,-0.034208,0.005789,-0.075453,-0.040286,0.003755,4.1e-05
0,-0.336335,-0.068071,-0.147594,-0.072169,-0.19047,-0.113997,0.00587,0.001188
0,-0.083918,-0.029956,0.26004,0.010622,0.298524,0.008132,0.001465,0.000523
0,-0.061039,-0.057864,0.050831,-0.036753,0.06541,0.00917,0.001065,0.00101
0,-0.139511,0.000844,-0.100299,0.029472,-0.147287,0.032887,0.002435,1.5e-05
0,-0.030745,-0.014079,0.108023,-0.036706,0.119676,-0.011855,0.000537,0.000246
0,-0.039067,0.15478,0.019986,0.161846,0.051224,0.196735,0.000682,0.002701
0,-0.107607,0.130966,-0.084569,-0.048674,-0.060004,-0.000172,0.001878,0.002286
0,0.098815,-0.011429,0.213291,-0.165389,0.227329,-0.152868,0.001725,0.000199
0,0.10195,-0.101537,-0.014616,-0.063745,0.009549,-0.03923,0.001779,0.001772
0,0.075021,0.029773,-0.004766,0.117604,-0.052804,0.099011,0.001309,0.00052
0,-0.094147,0.174177,-0.157022,0.12757,-0.192909,0.151742,0.001643,0.00304
0,0.114602,0.022806,0.222585,-0.158225,0.223765,-0.159078,0.002,0.000398
0,-0.04346,0.003945,-0.139753,-0.006323,-0.158769,0.017637,0.000759,6.9e-05
0,0.109685,0.072943,0.154218,0.070499,0.193523,0.111236,0.001914,0.001273
0,0.084408,-0.070671,-0.003279,-0.16461,0.006469,-0.122583,0.001473,0.001233
0,-0.04545,0.09273,-0.108008,0.17888,-0.091195,0.179061,0.000793,0.001618
0,0.147633,0.04735,0.21655,-0.064399,0.200466,-0.054947,0.002577,0.000826
0,-0.036894,-0.04236,-0.213736,-0.119196,-0.224744,-0.107843,0.000644,0.000739
0,0.214177,0.186709,0.230116,0.233183,0.261918,0.226597,0.003738,0.003259
0,-0.060947,-0.062856,-0.261087,-0.26007,-0.269351,-0.292781,0.001064,0.001097
0,0.105292,0.188717,0.153971,0.236783,0.132547,0.239172,0.001838,0.003294
0,0.043513,0.196396,-0.065335,-0.003392,-0.0864,-0.008279,0.000759,0.003428
0,0.107141,-0.040499,0.08839,-0.224142,0.07986,-0.248683,0.00187,0.000707
0,-0.019981,0.053546,-0.142402,0.094623,-0.114097,0.052043,0.000349,0.000935
0,-0.08931,0.009416,-0.089678,-0.059746,-0.131257,-0.071305,0.001559,0.000164
0,-0.03594,-0.080433,0.033794,-0.11817,0.06175,-0.142086,0.000627,0.001404
0,-0.151191,0.204994,-0.111426,0.280915,-0.083177,0.268315,0.002639,0.003578
0,-0.183874,-0.058153,-0.029545,-0.289377,-0.004103,-0.250551,0.003209,0.001015
0,-0.030149,-0.093258,0.127693,-0.011472,0.09064,-0.008182,0.000526,0.001628
0,-0.126774,0.067871,-0.095385,0.161591,-0.049014,0.203199,0.002213,0.001185
0,0.021518,-0.006568,0.172643,-0.06926,0.150872,-0.103924,0.000376,0.000115
0,0.06105,-0.099326,0.015442,-0.095566,0.049654,-0.145154,0.001066,0.001734
0,0.06972,-0.02424,-0.003306,0.070923,-0.040063,0.087214,0.001217,0.000423
0,0.081026,-0.116567,-0.012433,-0.106096,-0.011142,-0.104785,0.001414,0.002034
0,-0.058498,0.030509,-0.149953,0.130201,-0.112072,0.149914,0.001021,0.000532
0,-0.112928,0.099678,-0.072939,0.078867,-0.04875,0.04873,0.001971,0.00174
0,-0.103305,-0.100216,-0.013073,-0.174421,0.007462,-0.204587,0.001803,0.001749
0,0.018309,0.09132,0.102873,0.179633,0.139235,0.223693,0.00032,0.001594
0,-0.121285,-0.13812,-0.136476,-0.237191,-0.160883,-0.204373,0.002117,0.002411
0,-0.217552,0.11186,-0.110303,0.269151,-0.151257,0.317814,0.003797,0.001952
0,-0.209362,0.029209,0.028026,-0.065365,0.055901,-0.058501,0.003654,0.00051
0,-0.07838,0.101243,0.13236,0.052081,0.092879,0.029838,0.001368,0.001767
0,0.007673,-0.122671,0.093458,-0.240682,0.088533,-0.212952,0.000134,0.002141
0,-0.139521,-0.069973,-0.171525,0.03423,-0.161586,0.075479,0.002435,0.001221
0,0.001595,0.101546,0.166915,0.148504,0.142967,0.150565,2.8e-05,0.001772
0,0.020145,0.013865,0.008747,-0.077137,-0.038011,-0.041067,0.000352,0.000242
0,0.044689,0.163971,0.01733,0.121488,-0.024736,0.086433,0.00078,0.002862
0,-0.002759,-0.127131,-0.058199,-0.308992,-0.106346,-0.326854,4.8e-05,0.002219
0,0.024256,-0.103142,-0.001397,0.000626,0.000657,-0.004941,0.000423,0.0018
0,-0.130871,0.035355,-0.177715,0.165226,-0.15523,0.202741,0.002284,0.000617
0,-0.183427,-0.065656,-0.034961,-0.096583,-0.030222,-0.081419,0.003201,0.001146
0,-0.189518,-0.079614,-0.021225,-0.027399,0.017077,-0.052971,0.003308,0.00139
0,-0.237801,0.095423,-0.050021,0.167124,-0.022231,0.177375,0.00415,0.001665
0,-0.087343,0.05877,0.14215,-0.05265,0.156113,-0.077748,0.001524,0.001026
0,-0.260532,0.053515,-0.189236,-0.005152,-0.177949,0.029291,0.004547,0.000934
0,-0.21411,-0.047077,0.034173,-0.103861,0.042477,-0.112475,0.003737,0.000822
0,-0.16334,0.09552,0.047694,0.116675,0.039649,0.117975,0.002851,0.001667
0,-0.014445,-0.150328,0.146681,-0.217145,0.174759,-0.208138,0.000252,0.002624
0,0.012361,0.026317,0.008219,0.164203,-0.011763,0.143126,0.000216,0.000459
0,0.022319,-0.089941,0.027076,-0.117335,0.041065,-0.146736,0.00039,0.00157
0,-0.130599,0.144918,-0.170959,0.25676,-0.210389,0.267071,0.002279,0.002529
0,-0.142871,0.018566,0.008918,-0.096363,-0.031653,-0.132895,0.002494,0.000324
0,-0.203324,0.143425,-0.039769,0.117337,-0.044239,0.119926,0.003549,0.002503
0,-0.142256,0.070145,0.055781,-0.094175,0.020358,-0.058295,0.002483,0.001224
0,-0.216835,-0.038686,-0.071883,-0.127221,-0.050337,-0.146152,0.003784,0.000675
0,-0.190298,-0.02291,0.021817,0.00613,0.053065,-0.020324,0.003321,0.0004
0,-0.185124,0.087446,0.006303,0.130831,-0.029354,0.177328,0.003231,0.001526
0,-0.208686,-0.11092,-0.043053,-0.189964,-0.081085,-0.179039,0.003642,0.001936
0,-0.16598,0.04926,0.070671,0.158587,0.053014,0.160472,0.002897,0.00086
0,-0.249097,-0.048188,-0.101777,-0.094777,-0.068532,-0.106808,0.004348,0.000841
0,-0.165976,-0.105745,0.071594,-0.06243,0.102675,-0.071826,0.002897,0.001846
0,0.050775,-0.126321,0.201277,-0.026858,0.246372,-0.030705,0.000886,0.002205
0,-0.026035,-0.003977,-0.090434,0.133192,-0.070564,0.14191,0.000454,6.9e-05
0,-0.069601,0.042415,-0.03742,0.029029,-0.035349,0.025227,0.001215,0.00074
0,-0.163844,-0.074189,-0.101996,-0.127869,-0.126226,-0.093037,0.00286,0.001295
0,0.065223,-0.141465,0.217312,-0.071169,0.199446,-0.0767,0.001138,0.002469
0,-0.034947,0.064132,-0.090593,0.229865,-0.100398,0.248967,0.00061,0.001119
0,-0.047456,0.009596,0.008199,-0.063839,0.041723,-0.092197,0.000828,0.000167
0,-0.084103,-0.135607,-0.055091,-0.147919,-0.072977,-0.167443,0.001468,0.002367
0,-0.128492,0.068081,-0.047703,0.189389,-0.085883,0.152412,0.002243,0.001188
0,0.001284,0.062134,0.145079,0.009871,0.130121,0.051103,2.2e-05,0.001084
0,0.035078,-0.059869,0.044098,-0.144778,0.077003,-0.157298,0.000612,0.001045
0,0.158143,-0.032338,0.147278,0.022047,0.137951,0.02788,0.00276,0.000564
0,-0.071343,-0.028431,-0.215403,0.006215,-0.236325,-0.012755,0.001245,0.000496
0,-0.123661,0.066691,-0.082066,0.091168,-0.108047,0.112693,0.002158,0.001164
0,0.080743,-0.108338,0.177269,-0.193123,0.157942,-0.143626,0.001409,0.001891
0,0.154785,-0.092602,0.070768,-0.003422,0.102463,0.029596,0.002701,0.001616
0,0.023965,-0.011281,-0.124605,0.059557,-0.110563,0.099811,0.000418,0.000197
0,0.048607,-0.044935,0.007372,-0.058295,-0.008428,-0.095666,0.000848,0.000784
0,0.161193,0.077953,0.120022,0.14357,0.115984,0.107145,0.002813,0.001361
0,-0.064946,-0.012669,-0.209514,-0.095412,-0.242834,-0.083937,0.001134,0.000221
0,-0.027343,-0.038636,0.027128,-0.024271,0.071466,-0.061418,0.000477,0.000674
0,0.064671,0.048463,0.108557,0.059089,0.144844,0.036756,0.001129,0.000846
0,-0.141308,0.004056,-0.196221,-0.066164,-0.172199,-0.105167,0.002466,7.1e-05
0,0.114643,-0.015724,0.274611,-0.029319,0.275955,-0.058364,0.002001,0.000274
0,-0.079485,0.087908,-0.183687,0.119305,-0.228741,0.072784,0.001387,0.001534
0,-0.143245,0.043865,-0.087765,-0.028402,-0.084834,0.006801,0.0025,0.000766
0,-0.153412,-0.024333,0.019746,-0.071062,-0.00188,-0.040467,0.002678,0.000425
0,-0.191761,-0.047613,-0.034703,-0.007898,-0.073554,-0.004919,0.003347,0.000831
0,-0.107178,-0.118347,0.055124,-0.068541,0.093867,-0.057545,0.001871,0.002066
0,-0.177464,-0.154643,-0.06245,-0.043654,-0.111538,-0.072718,0.003097,0.002699
0,-0.097101,-0.079628,0.079881,0.077019,0.103666,0.097974,0.001695,0.00139
0,-0.000109,-0.039717,0.107193,0.023462,0.133491,0.069261,2e-06,0.000693
0,-0.151826,0.093009,-0.175136,0.122279,-0.21773,0.112023,0.00265,0.001623
0,-0.074894,-0.113072,0.07258,-0.206605,0.098505,-0.229164,0.001307,0.001973
0,-0.055266,-0.078843,-0.007882,0.057012,0.025438,0.054633,0.000965,0.001376
0,0.01687,-0.005483,0.053949,0.060089,0.0772,0.107719,0.000294,9.6e-05
0,0.087512,-0.129125,0.05809,-0.146342,0.063575,-0.192393,0.001527,0.002254
0,-0.071529,0.02169,-0.156623,0.148005,-0.136351,0.132939,0.001248,0.000379
0,-0.148423,-0.09971,-0.081614,-0.143292,-0.061599,-0.185185,0.00259,0.00174
0,-0.054293,0.006439,0.066515,0.102205,0.111393,0.095256,0.000948,0.000112
0,-0.036662,0.09374,0.046802,0.113165,0.001343,0.09233,0.00064,0.001636
0,0.03628,0.086217,0.082153,-0.001622,0.035904,0.019484,0.000633,0.001505
0,-0.078513,-0.135373,-0.091859,-0.216497,-0.046644,-0.250954,0.00137,0.002363
0,-0.066144,-0.144617,0.034716,-0.021509,0.074306,-0.038212,0.001154,0.002524
0,0.028504,-0.031159,0.124237,0.126552,0.154799,0.136152,0.000497,0.000544
0,0.009365,-0.029176,0.008477,-0.004483,0.031048,0.002109,0.000163,0.000509
0,-0.221613,0.045825,-0.258342,0.100857,-0.265344,0.084708,0.003868,0.0008
0,-0.193461,0.083762,0.034196,0.037451,0.082619,0.006283,0.003377,0.001462
0,-0.215376,-0.152663,-0.038456,-0.213295,-0.059292,-0.222744,0.003759,0.002664
0,0.080173,-0.120117,0.301073,0.060556,0.289427,0.075027,0.001399,0.002096
0,-0.209553,0.107116,-0.303472,0.218284,-0.325271,0.190646,0.003657,0.00187
0,-0.113409,0.031992,0.069831,-0.088538,0.094231,-0.138036,0.001979,0.000558
0,-0.133618,-0.130141,-0.014319,-0.14947,-0.050226,-0.177616,0.002332,0.002271
0,1.188113,0.398579,1.319207,0.552329,1.356665,0.583825,0.002767,0.004795
0,2.547789,0.290306,1.384463,-0.087544,1.425261,-0.092948,0.002539,0.005067
0,2.448518,0.50218,-0.091876,0.23836,-0.045998,0.263431,0.004272,0.002987
0,3.011236,0.44064,0.560016,-0.065027,0.570599,-0.103871,0.005549,0.004061
0,2.634592,0.183115,-0.369212,-0.281924,-0.409106,-0.330662,0.001024,0.003196
0,2.461421,0.148055,-0.158493,-0.014565,-0.199784,0.005832,0.004047,0.002584
0,1.815302,0.220451,-0.659883,0.089926,-0.700926,0.130657,0.003572,0.003848
0,1.165206,0.137325,-0.644015,-0.054834,-0.61559,-0.066661,0.003167,0.002397
0,0.59557,0.032758,-0.584138,-0.132563,-0.538209,-0.170532,0.001357,0.000572
0,0.216324,0.171273,-0.36246,0.119082,-0.400849,0.123825,0.003776,0.002989
0,-0.062003,0.25624,-0.265821,0.097717,-0.267583,0.139456,0.001082,0.004472
0,-0.210153,-0.016834,-0.131412,-0.25519,-0.149051,-0.216289,0.003668,0.000294
0,-0.296748,0.004291,-0.066988,0.033166,-0.072994,0.080476,0.005179,7.5e-05
0,-0.075856,0.135753,0.214219,0.137564,0.223309,0.088018,0.001324,0.002369
0,-0.18888,0.227381,-0.103924,0.111218,-0.097608,0.140282,0.003297,0.003969
0,-0.159831,0.167225,0.046934,-0.057082,0.047183,-0.10316,0.00279,0.002919
0,-0.074926,0.192542,0.078681,0.000989,0.073204,0.020097,0.001308,0.00336
0,-0.308438,0.257554,-0.23046,0.047114,-0.262734,0.033169,0.005383,0.004495
0,-0.252387,0.219859,0.069293,-0.059679,0.095337,-0.041253,0.004405,0.003837
0,-0.410507,0.149256,-0.136293,-0.08522,-0.116612,-0.058174,0.004587,0.002605
0,-0.123643,0.041837,0.291815,-0.092625,0.270492,-0.134597,0.002158,0.00073
0,-0.071438,0.127982,0.062007,0.097302,0.021059,0.078954,0.001247,0.002234
0,0.024839,0.076619,0.086232,-0.041594,0.07458,-0.035733,0.000434,0.001337
0,-0.23785,0.191699,-0.264891,0.125047,-0.229276,0.124428,0.004151,0.003346
0,-0.016835,0.225278,0.200066,0.0604,0.248888,0.059995,0.000294,0.003932
0,-0.224692,0.268973,-0.206927,0.051725,-0.176867,0.095106,0.003922,0.004694
0,-0.136353,0.241389,0.072985,-0.026625,0.03908,0.013191,0.00238,0.004213
0,-0.162601,0.129302,-0.014838,-0.10517,-0.035566,-0.065032,0.002838,0.002257
0,0.056673,0.058067,0.209459,-0.060529,0.248422,-0.062036,0.000989,0.001013
0,-0.022895,0.121789,-0.104273,0.035033,-0.146209,0.011098,0.0004,0.002126
0,-0.057963,0.275958,-0.014541,0.180312,-0.005432,0.151111,0.001012,0.004816
0,-0.211588,0.260028,-0.180545,0.008667,-0.175057,0.039154,0.003693,0.004538
0,-0.049361,0.024405,0.139474,-0.225106,0.099701,-0.252261,0.000862,0.000426
0,-0.22981,0.310033,-0.165738,0.291307,-0.17535,0.305203,0.004011,0.005411
0,-0.227955,0.214047,-0.003939,-0.093328,-0.016359,-0.108707,0.003979,0.003736
0,-0.332019,0.012351,-0.080309,-0.230539,-0.049412,-0.200143,0.005795,0.000216
0,-0.363608,-0.008098,-0.013486,-0.002663,0.01384,-0.026151,0.005406,0.000141
0,-0.212261,0.192918,0.180755,0.175239,0.222455,0.214163,0.003705,0.003367
0,-0.163409,0.199855,0.073419,0.034599,0.08121,0.062637,0.002852,0.003488
0,-0.220099,-0.022605,-0.041805,-0.206174,-0.074887,-0.178384,0.003841,0.000395
0,-0.152587,0.059427,0.07499,0.064377,0.096188,0.053675,0.002663,0.001037
0,-0.221392,0.084195,-0.061358,3.8e-05,-0.108168,-0.032899,0.003864,0.001469
0,-0.122578,-0.059747,0.082997,-0.158352,0.119412,-0.201872,0.002139,0.001043
0,-0.216313,0.057298,-0.088802,0.117572,-0.043023,0.162805,0.003775,0.001
0,-0.144396,-0.016243,0.072468,-0.061749,0.110231,-0.052107,0.00252,0.000283
0,-0.038624,0.14032,0.132164,0.162512,0.122022,0.144806,0.000674,0.002449
0,0.080916,-0.085953,0.149507,-0.211931,0.180594,-0.22135,0.001412,0.0015
0,-0.122231,0.070911,-0.218431,0.12738,-0.264734,0.119848,0.002133,0.001238
0,0.05009,0.003876,0.152969,-0.06879,0.103227,-0.038861,0.000874,6.8e-05
0,0.054301,0.056447,-0.019915,0.054735,-0.017464,0.034913,0.000948,0.000985
0,0.026772,-0.012137,-0.01837,-0.059489,-0.004211,-0.080616,0.000467,0.000212
0,0.027566,-0.149378,-0.005239,-0.122102,0.018145,-0.128497,0.000481,0.002607
0,0.142127,0.057975,0.125419,0.219949,0.174093,0.209018,0.002481,0.001012
0,0.183817,-0.071472,0.054648,-0.147456,0.078538,-0.147067,0.003208,0.001247
0,0.157473,-0.103943,-0.031739,-0.009113,-0.070918,-0.041001,0.002748,0.001814
0,0.069134,-0.129735,-0.09841,-0.013032,-0.11541,0.020883,0.001207,0.002264
0,0.085258,-0.03739,0.012852,0.098515,0.062778,0.091409,0.001488,0.000653
0,-0.088371,0.066819,-0.199232,0.085025,-0.241835,0.096672,0.001542,0.001166
0,0.0952,-0.047647,0.167913,-0.143259,0.1531,-0.175552,0.001662,0.000832
0,0.021721,-0.065968,-0.051379,0.005031,-0.036439,0.000135,0.000379,0.001151
0,-0.015092,-0.161905,-0.047401,-0.102478,-0.041701,-0.067622,0.000263,0.002826
0,-0.140976,-0.117081,-0.125291,0.058657,-0.166004,0.036167,0.00246,0.002043
0,-0.084313,-0.090583,0.038007,0.012079,-0.008997,0.035914,0.001472,0.001581
0,0.110797,-0.172059,0.2155,-0.083223,0.238238,-0.037932,0.001934,0.003003
0,-0.074358,0.007637,-0.209791,0.186718,-0.231658,0.22537,0.001298,0.000133
0,-0.029106,-0.077173,0.045778,-0.097289,0.092558,-0.090869,0.000508,0.001347
0,-0.044386,-0.217738,0.007112,-0.161927,-0.00848,-0.179859,0.000775,0.0038
0,-0.029718,-0.204681,-0.014493,0.003882,0.005711,-0.014767,0.000519,0.003572
0,0.077344,0.022463,0.109035,0.216445,0.091728,0.186461,0.00135,0.000392
0,-0.021331,-0.101151,-0.124567,-0.124958,-0.09709,-0.091271,0.000372,0.001765
0,0.16206,-0.038964,0.154599,0.049486,0.121418,0.004307,0.002828,0.00068
0,0.194177,-0.057646,0.021382,-0.042327,-0.000858,-0.020568,0.003389,0.001006
0,-0.033566,0.015018,-0.256541,0.042911,-0.242766,0.083362,0.000586,0.000262
0,0.036405,-0.007095,0.06559,0.001362,0.05851,0.009102,0.000635,0.000124
0,0.089763,0.023481,0.059602,0.044909,0.087963,0.02064,0.001567,0.00041
0,-0.010792,0.022684,-0.07155,-0.007375,-0.113602,-0.004385,0.000188,0.000396
0,0.046063,-0.024692,0.067091,-0.071877,0.116885,-0.065966,0.000804,0.000431
0,-0.053845,-0.020389,-0.117666,0.009042,-0.085448,-0.028917,0.00094,0.000356
0,-0.082618,-0.027738,-0.037885,-0.025226,0.010535,0.022042,0.001442,0.000484
0,0.142132,0.083667,0.218528,0.08878,0.2123,0.050886,0.002481,0.00146
0,0.135111,0.145448,0.00307,0.034424,0.029004,0.001497,0.002358,0.002539
0,-0.097582,-0.123469,-0.20728,-0.247611,-0.18097,-0.210803,0.001703,0.002155
0,0.045628,0.015758,0.115479,0.125692,0.145778,0.163263,0.000796,0.000275
0,0.054596,0.091484,0.030813,0.08379,-0.01394,0.104941,0.000953,0.001597
0,0.069597,-0.067628,-0.00199,-0.167106,-0.004929,-0.158697,0.001215,0.00118
0,0.126915,0.032095,0.046599,0.07293,0.037513,0.096346,0.002215,0.00056
0,0.214867,0.106419,0.113399,0.050013,0.081068,0.006795,0.00375,0.001857
0,0.068568,0.096513,-0.16258,-0.006295,-0.115787,0.003562,0.001197,0.001684
0,-0.00388,-0.005557,-0.084928,-0.128961,-0.057067,-0.151493,6.8e-05,9.7e-05
0,0.163208,-0.048941,0.185623,-0.044513,0.223733,-0.074506,0.002849,0.000854
0,-0.076813,-0.040179,-0.225045,0.009269,-0.202652,-0.02586,0.001341,0.000701
0,-0.036707,0.107016,0.022498,0.161597,0.024583,0.13919,0.000641,0.001868
0,0.143799,-0.077101,0.169244,-0.191544,0.201603,-0.207544,0.00251,0.001346
0,-0.069949,-0.128485,-0.21133,-0.071451,-0.178466,-0.11295,0.001221,0.002242
0,-0.013328,0.025833,0.045706,0.144761,0.055761,0.154985,0.000233,0.000451
0,0.068102,0.05516,0.095568,0.035189,0.070322,0.02446,0.001189,0.000963
0,0.104109,0.064367,0.024395,0.032673,-0.014191,0.009705,0.001817,0.001123
0,-0.067448,0.038758,-0.147789,-0.017399,-0.18589,0.008621,0.001177,0.000676
0,0.106859,0.011992,0.185035,-0.011351,0.182298,0.019839,0.001865,0.000209
0,-0.114359,-0.102013,-0.241904,-0.096955,-0.200737,-0.090129,0.001996,0.00178
0,0.177968,0.067782,0.274641,0.175385,0.269497,0.220487,0.003106,0.001183
0,-0.020251,0.104793,-0.210724,0.033956,-0.219668,0.036443,0.000353,0.001829
0,-0.093465,0.024844,-0.060181,-0.093831,-0.02666,-0.094156,0.001631,0.000434
0,-0.001921,-0.138593,0.100512,-0.172964,0.099116,-0.191882,3.4e-05,0.002419
0,0.159978,-0.14121,0.178899,0.005718,0.14091,-0.033381,0.002792,0.002465
0,-0.041488,0.094996,-0.227635,0.26002,-0.188232,0.27493,0.000724,0.001658
0,0.105374,-0.010669,0.145733,-0.085985,0.156249,-0.052378,0.001839,0.000186
0,0.115107,0.010291,0.034025,-0.004007,0.042225,0.027787,0.002009,0.00018
0,0.215288,0.070158,0.075755,0.033112,0.102477,0.082109,0.003757,0.001224
0,0.032628,0.071853,-0.170045,-0.015008,-0.195642,-0.010202,0.000569,0.001254
0,-0.018109,0.049514,-0.025147,-0.031995,0.011579,0.005242,0.000316,0.000864
0,-0.019676,-0.138647,-0.011927,-0.190166,-0.055172,-0.207951,0.000343,0.00242
0,-0.01549,-0.001704,0.031092,0.162593,-0.00263,0.128979,0.00027,3e-05
0,-0.06513,0.014833,-0.058767,-0.00272,-0.024219,-0.051836,0.001137,0.000259
0,0.134167,-0.157958,0.215121,-0.191111,0.171379,-0.141403,0.002342,0.002757
0,0.188653,-0.048037,0.040902,0.113619,0.046605,0.133802,0.003293,0.000838
0,0.079388,0.00643,-0.118908,0.032188,-0.13289,0.054845,0.001386,0.000112
0,0.077216,-0.00083,-0.031562,-0.036335,-0.018856,0.001241,0.001348,1.4e-05
0,0.121071,-0.007498,0.045436,-0.01433,0.04021,0.010152,0.002113,0.000131
0,-0.076633,0.056404,-0.186535,0.054299,-0.215533,0.060137,0.001337,0.000984
0,0.145623,0.014986,0.202832,-0.046442,0.184447,-0.058253,0.002542,0.000262
0,0.170301,-0.081546,0.002007,-0.084375,0.001741,-0.078711,0.002972,0.001423
0,0.230197,0.172029,0.033761,0.273644,0.063443,0.315001,0.004018,0.003002
0,0.047043,0.133768,-0.182454,-0.010002,-0.228228,-0.006426,0.000821,0.002335
0,0.017309,-0.132712,-0.047468,-0.286418,-0.039397,-0.299697,0.000302,0.002316
0,0.060938,0.083602,0.065291,0.200409,0.089263,0.207237,0.001064,0.001459
0,0.097841,-0.104373,0.053188,-0.172157,0.087656,-0.161573,0.001708,0.001822
0,0.013027,0.043884,-0.086787,0.163325,-0.04607,0.201045,0.000227,0.000766
0,0.288957,0.065092,0.285922,-0.00853,0.317812,-0.041795,0.005043,0.001136
0,0.147243,-0.035745,-0.1195,-0.098264,-0.073505,-0.093626,0.00257,0.000624
0,0.008629,0.084841,-0.123925,0.092033,-0.077796,0.140729,0.000151,0.001481
0,-0.030975,-0.026939,-0.043291,-0.134993,-0.066421,-0.139705,0.000541,0.00047
0,9.7e-05,0.120013,0.051208,0.118258,0.018631,0.162861,2e-06,0.002095
0,-0.069995,-0.128113,-0.068391,-0.252568,-0.117275,-0.269952,0.001222,0.002236
0,0.044999,-0.097404,0.106303,0.049929,0.078811,0.092683,0.000785,0.0017
0,-0.114106,0.045718,-0.186323,0.127459,-0.144646,0.10432,0.001992,0.000798
0,-0.013923,-0.073518,0.124755,-0.114385,0.162079,-0.14735,0.000243,0.001283
0,-0.101461,-0.086368,-0.111875,-0.028891,-0.070557,-0.066472,0.001771,0.001507
0,0.164573,0.000872,0.236396,0.110035,0.198571,0.149838,0.002872,1.5e-05
0,-0.045749,-0.061978,-0.188478,-0.090134,-0.168967,-0.075872,0.000798,0.001082
0,-0.109775,0.031706,-0.062964,0.109404,-0.049893,0.085097,0.001916,0.000553
0,0.020384,-0.103446,0.125908,-0.106853,0.110369,-0.131239,0.000356,0.001805
0,0.037191,0.046578,0.030762,0.153812,0.042078,0.1805,0.000649,0.000813
0,0.113559,0.021685,0.090565,-0.028648,0.045275,0.007346,0.001982,0.000378
0,0.212334,0.013145,0.07418,0.001189,0.033748,0.008074,0.003706,0.000229
0,-0.0117,0.015413,-0.202622,-0.026528,-0.18811,-0.053096,0.000204,0.000269
0,-0.03935,-0.084747,-0.008992,-0.126725,0.013184,-0.093206,0.000687,0.001479
0,0.060012,-0.165219,0.102191,-0.098586,0.058882,-0.079949,0.001047,0.002884
0,0.018126,-0.170731,-0.028522,0.015017,0.008407,0.001747,0.000316,0.00298
0,-0.04531,0.068229,-0.073065,0.218241,-0.099273,0.257252,0.000791,0.001191
0,0.127422,-0.097334,0.165592,-0.172027,0.159543,-0.174449,0.002224,0.001699
0,0.067295,0.017223,-0.086511,0.106136,-0.037877,0.073624,0.001175,0.000301
0,0.00501,-0.074098,-0.070725,-0.11561,-0.075168,-0.140013,8.7e-05,0.001293
0,0.181567,-0.178593,0.158011,-0.122378,0.177843,-0.092661,0.003169,0.003117
0,0.173573,-0.162971,0.000863,0.000752,-0.015082,0.020989,0.003029,0.002844
0,0.052374,-0.192699,-0.096493,-0.036739,-0.080252,-0.025794,0.000914,0.003363
0,0.010749,-0.162596,-0.058423,0.049967,-0.083595,0.020891,0.000188,0.002838
0,0.085621,-0.220934,0.098004,-0.028728,0.064231,-0.024282,0.001494,0.003856
0,0.101798,-0.034722,0.007088,0.212456,0.004468,0.227445,0.001777,0.000606
0,-0.113411,-0.146012,-0.23381,-0.118933,-0.219452,-0.132284,0.001979,0.002548
0,0.002422,0.035709,0.108368,0.188407,0.074656,0.150087,4.2e-05,0.000623
0,0.146031,-0.118148,0.151767,-0.15924,0.178576,-0.160775,0.002549,0.002062
0,-0.107014,-0.12,-0.278948,0.022238,-0.324594,0.03311,0.001868,0.002094
0,-0.114576,-0.146302,-0.00805,-0.040406,-0.001714,-0.063756,0.002,0.002553
0,0.017728,-0.195189,0.154,-0.068896,0.172808,-0.115764,0.000309,0.003407
0,-0.106781,-0.146642,-0.097169,0.034682,-0.073524,0.030419,0.001864,0.002559
0,0.141243,0.048869,0.222797,0.193962,0.201111,0.224175,0.002465,0.000853
0,0.108691,-0.105401,-0.039554,-0.181191,-0.016771,-0.22152,0.001897,0.00184
0,0.124537,-0.146636,0.012579,-0.065774,0.059779,-0.078417,0.002174,0.002559
0,-0.076472,-0.154861,-0.181037,0.015654,-0.192426,0.063599,0.001335,0.002703
0,0.040082,-0.021593,0.107527,0.157069,0.145762,0.107576,0.0007,0.000377
0,0.107592,-0.035267,0.092122,-0.035983,0.054961,0.00812,0.001878,0.000616
0,0.043685,0.023944,-0.090442,0.035527,-0.132938,0.060998,0.000762,0.000418
0,-0.037271,0.019046,-0.098744,-0.021564,-0.148515,-0.045548,0.00065,0.000332
0,-0.008568,-0.18169,0.004256,-0.211517,0.03185,-0.189015,0.00015,0.003171
0,-0.021517,-0.095375,0.012492,0.087685,0.041086,0.086287,0.000376,0.001665
0,0.117452,0.050334,0.129941,0.156978,0.13326,0.173246,0.00205,0.000878
0,0.094163,0.009109,-0.037395,-0.053624,0.01023,-0.051468,0.001643,0.000159
0,-0.056313,-0.016935,-0.130207,-0.017424,-0.160242,-0.036761,0.000983,0.000296
0,-0.097649,-0.044731,-0.038037,-0.017135,-0.05636,-0.065882,0.001704,0.000781
0,0.010008,0.047375,0.132181,0.062634,0.116831,0.077394,0.000175,0.000827
0,0.129159,-0.05208,0.116226,-0.073311,0.068883,-0.044858,0.002254,0.000909
0,-0.057072,0.039742,-0.215004,0.093304,-0.196186,0.130424,0.000996,0.000694
0,0.075207,0.012936,0.154914,-0.028309,0.108821,-0.006664,0.001313,0.000226
0,0.095617,-0.030808,0.026443,-0.054082,0.040677,-0.05582,0.001669,0.000538
0,0.140251,0.084123,0.037122,0.136459,0.028045,0.140111,0.002448,0.001468
0,0.021432,-0.133529,-0.106169,-0.225055,-0.067918,-0.230565,0.000374,0.002331
0,0.258329,-0.00046,0.244998,0.150822,0.28681,0.149536,0.004509,8e-06
0,0.05233,-0.137599,-0.229756,-0.147396,-0.225577,-0.148879,0.000913,0.002402
0,-0.007709,-0.073618,-0.076086,0.070407,-0.06106,0.026216,0.000135,0.001285
0,0.076172,-0.180925,0.06531,-0.095509,0.04396,-0.106721,0.001329,0.003158
0,0.097187,-0.118342,0.050982,0.054864,0.024533,0.037308,0.001696,0.002065
0,-0.037336,-0.092636,-0.116225,0.052561,-0.102962,0.073255,0.000652,0.001617
0,-0.169095,-0.143489,-0.107393,-0.078244,-0.117327,-0.110966,0.002951,0.002504
0,-0.005509,-0.129467,0.180598,-0.000332,0.159619,-0.033631,9.6e-05,0.00226
0,-0.131395,-0.182378,-0.124951,-0.068661,-0.093369,-0.079583,0.002293,0.003183
0,0.141289,-0.136615,0.249866,0.054906,0.219482,0.036647,0.002466,0.002384
0,0.048237,0.083964,-0.095511,0.197134,-0.064563,0.242577,0.000842,0.001465
0,-0.088504,-0.034235,-0.132146,-0.114838,-0.150587,-0.103069,0.001545,0.000598
0,0.14663,-0.169407,0.21701,-0.152935,0.20739,-0.179479,0.002559,0.002957
0,-0.128444,0.061263,-0.259879,0.237891,-0.230055,0.225284,0.002242,0.001069
0,-0.11876,-0.156996,0.004732,-0.242448,-0.0417,-0.275719,0.002073,0.00274
0,-0.046266,-0.167383,0.049311,-0.005409,0.053961,0.029117,0.000807,0.002921
0,-0.19663,0.107733,-0.168748,0.298203,-0.213984,0.257172,0.003432,0.00188
0,0.092806,-0.043489,0.269077,-0.171307,0.30771,-0.207703,0.00162,0.000759
0,-0.14284,-0.009804,-0.245066,0.007799,-0.200007,-0.031915,0.002493,0.000171
0,0.148662,0.030917,0.261551,0.016058,0.284446,-0.031049,0.002595,0.00054
0,-0.132144,0.046272,-0.25272,0.030738,-0.206366,0.031431,0.002306,0.000808
0,-0.049209,0.089347,0.0996,0.014952,0.140059,-0.015661,0.000859,0.001559
0,-0.044113,0.047647,0.014783,-0.013756,0.001354,0.009409,0.00077,0.000832
0,0.106631,-0.166256,0.141931,-0.240453,0.179289,-0.226484,0.001861,0.002902
0,-0.117565,-0.114408,-0.19565,0.02993,-0.207125,0.002368,0.002052,0.001997
0,-0.163957,-0.026929,-0.074468,0.078727,-0.102574,0.067165,0.002862,0.00047
0,-0.124147,0.01748,0.022855,0.019592,0.054434,0.024503,0.002167,0.000305
0,0.08373,-0.100028,0.207718,-0.143944,0.18345,-0.174938,0.001461,0.001746
0,-0.144442,-0.032045,-0.233038,0.045018,-0.190453,0.019161,0.002521,0.000559
0,-0.201559,0.04259,-0.063142,0.064302,-0.069893,0.043451,0.003518,0.000743
0,0.039892,-0.117409,0.228549,-0.18139,0.275944,-0.213493,0.000696,0.002049
0,0.030846,-0.085589,-0.030535,0.049741,0.000273,0.057366,0.000538,0.001494
0,0.083931,0.070704,0.053413,0.147295,0.092255,0.181965,0.001465,0.001234
0,-0.119317,-0.078653,-0.175687,-0.145849,-0.132892,-0.114495,0.002082,0.001373
0,-0.156223,-0.104688,-0.014353,-0.031729,-0.059032,0.014276,0.002727,0.001827
0,-0.136312,-0.120797,0.018394,-0.014677,0.005149,0.002155,0.002379,0.002108
0,-0.1995,-0.03648,-0.078704,0.092047,-0.098454,0.135724,0.003482,0.000637
0,0.011389,0.08033,0.20664,0.110975,0.2495,0.080048,0.000199,0.001402
0,-0.078794,0.10943,-0.118414,0.049175,-0.14909,0.078229,0.001375,0.00191
0,-0.056011,-0.054326,0.031782,-0.160745,0.068289,-0.168587,0.000978,0.000948
0,-0.215517,-0.098767,-0.169686,-0.033674,-0.128348,-0.045128,0.003761,0.001724
0,-0.230189,-0.087775,-0.007328,-0.003801,-0.054447,-0.048594,0.004018,0.001532
0,-0.003876,-0.080621,0.254349,-0.004601,0.279252,-0.051694,6.8e-05,0.001407
0,0.032001,-0.177522,0.037698,-0.069078,0.073927,-0.07072,0.000559,0.003098
0,-0.113593,0.019592,-0.152817,0.223586,-0.172792,0.209666,0.001983,0.000342
0,-0.03414,0.036837,0.095765,-0.004512,0.090781,-0.022621,0.000596,0.000643
0,-0.090038,-0.062913,-0.057181,-0.078462,-0.083607,-0.057519,0.001571,0.001098
0,-0.121941,-0.001215,-0.047143,0.057174,-0.008413,0.084219,0.002128,2.1e-05
0,-0.130997,0.077066,-0.005862,0.063078,0.030748,0.054388,0.002286,0.001345
0,-0.18155,-0.001857,-0.023072,-0.050799,-0.028252,-0.017028,0.003169,3.2e-05
0,-0.084884,-0.058663,0.089528,-0.028298,0.075629,0.004422,0.001482,0.001024
0,0.012644,-0.051269,0.078439,0.011776,0.061154,0.000241,0.000221,0.000895
0,-0.170787,-0.122916,-0.160692,-0.058275,-0.150096,-0.061133,0.002981,0.002145
0,-0.066079,-0.101466,0.108152,0.05126,0.126791,0.028555,0.001153,0.001771
0,-0.079446,0.084773,0.006932,0.19845,0.028088,0.218968,0.001387,0.00148
0,-0.225391,0.103731,-0.118304,0.000457,-0.097689,-0.02711,0.003934,0.00181
0,-0.090977,0.128806,0.116286,0.023054,0.107814,0.042535,0.001588,0.002248
0,-0.155959,0.108474,-0.066808,-0.010968,-0.025451,0.004703,0.002722,0.001893
0,0.044402,0.036206,0.225486,-0.058444,0.198178,-0.05555,0.000775,0.000632
0,0.026287,0.10642,-0.037524,0.068504,-0.059664,0.020899,0.000459,0.001857
0,-0.010598,-0.117823,-0.063125,-0.223722,-0.074932,-0.221919,0.000185,0.002056
0,-0.126861,-0.129973,-0.098361,-0.03567,-0.135878,-0.043295,0.002214,0.002268
0,-0.184866,-0.055589,-0.03151,0.055311,-0.044795,0.054258,0.003227,0.00097
0,-0.225817,-0.127874,-0.062394,-0.061241,-0.055174,-0.065808,0.003941,0.002232
0,-0.121312,0.044131,0.129567,0.161675,0.104772,0.165894,0.002117,0.00077
0,-0.2507,0.022672,-0.112218,-0.039103,-0.152813,-0.007243,0.004376,0.000396
0,-0.109933,0.097846,0.136208,0.091841,0.126608,0.061259,0.001919,0.001708
0,0.02414,-0.029966,0.110321,-0.128269,0.118388,-0.082991,0.000421,0.000523
0,-0.028638,-0.169633,-0.062403,-0.118918,-0.068659,-0.11993,0.0005,0.002961
0,-0.074157,-0.112921,-0.056009,0.05929,-0.051415,0.06384,0.001294,0.001971
0,-0.074175,-0.108491,0.001635,0.020374,-0.043079,0.016288,0.001295,0.001894
0,0.121397,-0.073412,0.199447,0.051202,0.229721,0.015457,0.002119,0.001281
0,0.004328,-0.17227,-0.105921,-0.126536,-0.154042,-0.131574,7.6e-05,0.003007
0,-0.043245,-0.162981,-0.033804,-0.004782,-0.073067,0.023626,0.000755,0.002845
0,0.087131,-0.014199,0.113544,0.131083,0.160223,0.102541,0.001521,0.000248
0,0.034194,-0.095154,-0.031572,-0.05467,-0.065173,-0.031984,0.000597,0.001661
0,0.181174,-0.015076,0.125177,0.055298,0.160461,0.064668,0.003162,0.000263
0,0.055664,-0.071941,-0.105102,-0.046256,-0.144446,-0.070553,0.000972,0.001256
0,0.083209,0.058907,0.032448,0.114388,0.048041,0.138571,0.001452,0.001028
0,0.211076,-0.016034,0.116338,-0.046153,0.156244,-0.036796,0.003684,0.00028
0,0.152513,0.085658,-0.082285,0.110776,-0.064886,0.082122,0.002662,0.001495
0,0.231492,-0.078399,0.106681,-0.156241,0.153171,-0.170317,0.00404,0.001368
0,0.227483,-0.144075,0.024298,-0.094187,0.057058,-0.133439,0.00397,0.002515
0,0.020759,9.2e-05,-0.194618,0.158604,-0.155651,0.162979,0.000362,2e-06
0,0.309601,0.031115,0.265698,0.0555,0.303375,0.033254,0.005404,0.000543
0,0.188882,0.008612,-0.135533,-0.048079,-0.15161,-0.042535,0.003297,0.00015
0,0.224839,0.069337,0.039903,0.057041,0.083133,0.041376,0.003924,0.00121
0,0.330495,-0.174545,0.088488,-0.227682,0.055247,-0.253785,0.005768,0.003046
0,0.122974,0.020669,-0.20383,0.193924,-0.177561,0.227059,0.002146,0.000361
0,0.05444,-0.003929,-0.095851,-0.029226,-0.081443,0.014316,0.00095,6.9e-05
0,0.449669,-1.399939,0.416592,-1.417056,0.426148,-1.388292,0.003903,0.00093
0,0.257128,-1.758618,-0.218514,-0.335449,-0.212364,-0.376543,0.004488,0.004561
0,0.506571,-1.540509,0.233029,0.227016,0.251702,0.202078,0.00291,0.003384
0,0.238154,-1.323219,-0.294877,0.24445,-0.33351,0.284028,0.004157,0.000409
0,0.312458,-0.925497,0.087609,0.414027,0.065889,0.401291,0.005453,0.004401
0,0.14433,-0.71112,-0.194209,0.223412,-0.148114,0.200863,0.002519,0.00066
0,0.112501,-0.46837,-0.02744,0.21981,-0.039035,0.236759,0.001964,0.003577
0,0.133832,-0.22858,0.019191,0.250536,-0.00453,0.264827,0.002336,0.003989
0,0.0406,-0.273902,-0.109229,-0.0361,-0.141389,-0.046393,0.000709,0.00478
0,0.260126,-0.199346,0.207087,0.066951,0.164924,0.098945,0.00454,0.003479
0,0.325605,-0.163753,0.081901,0.028041,0.069422,0.044509,0.005683,0.002858
0,0.173697,-0.090185,-0.123258,0.095732,-0.095072,0.054439,0.003032,0.001574
0,0.264838,0.012942,0.089433,0.097112,0.126809,0.100599,0.004622,0.000226
0,0.125505,0.138187,-0.118007,0.126804,-0.091106,0.095576,0.00219,0.002412
0,0.211313,0.189547,0.090225,0.029658,0.083323,0.02746,0.003688,0.003308
0,0.022575,0.162987,-0.193406,-0.002396,-0.181737,0.016704,0.000394,0.002845
0,0.209516,0.118019,0.168536,-0.038655,0.151211,-0.02826,0.003657,0.00206
0,0.152774,0.103453,-0.06888,-0.020195,-0.077178,-0.009345,0.002666,0.001806
0,0.031583,0.047654,-0.100887,-0.08175,-0.129093,-0.097174,0.000551,0.000832
0,0.204048,0.084,0.166651,0.052337,0.129576,0.027174,0.003561,0.001466
0,0.190261,0.108821,-0.036631,0.021207,-0.076021,0.057799,0.003321,0.001899
0,0.220319,-0.014394,0.007839,-0.144654,-0.011108,-0.181436,0.003845,0.000251
0,0.114775,0.0562,-0.084631,0.043522,-0.04296,0.061989,0.002003,0.000981
0,0.095157,0.171756,0.00609,0.141344,-0.015674,0.158958,0.001661,0.002998
0,0.084993,0.185891,-0.010586,0.01508,0.012832,0.045401,0.001483,0.003244
0,0.257343,-0.063478,0.198857,-0.250856,0.237202,-0.276237,0.004491,0.001108
0,0.304439,0.160496,0.047895,0.2222,0.028913,0.21383,0.005313,0.002801
0,0.260829,-0.024867,-0.024488,-0.200395,-0.038577,-0.190124,0.004552,0.000434
0,0.163616,-0.02171,-0.114898,0.028632,-0.125135,0.006478,0.002856,0.000379
0,0.189358,-0.029465,0.049687,-0.00971,0.062132,-0.058935,0.003305,0.000514
0,0.264293,-0.129995,0.046357,-0.080419,0.082122,-0.108498,0.004613,0.002269
0,-0.016598,-0.086114,-0.274663,0.02023,-0.281922,-0.027555,0.00029,0.001503
0,-0.012742,0.120838,0.027669,0.233782,0.048109,0.21265,0.000222,0.002109
0,0.140106,-0.051579,0.149265,-0.173257,0.114413,-0.158391,0.002445,0.0009
0,0.155385,0.033419,-0.001178,0.100526,-0.011387,0.103789,0.002712,0.000583
0,0.07542,-0.123184,-0.073681,-0.183198,-0.12177,-0.18298,0.001316,0.00215
0,-0.116025,-2e-05,-0.167127,0.134019,-0.122025,0.17191,0.002025,0.0
0,0.034523,0.071278,0.146917,0.070237,0.189013,0.062216,0.000603,0.001244
0,-0.047192,-0.162257,-0.10814,-0.212844,-0.089452,-0.178968,0.000824,0.002832
0,-0.047178,0.006379,-0.004695,0.185644,-0.021097,0.233792,0.000823,0.000111
0,0.015092,-0.150615,0.073716,-0.145547,0.123627,-0.147428,0.000263,0.002629
0,0.114824,0.069241,0.082199,0.232807,0.058239,0.248289,0.002004,0.001208
0,0.112574,-0.065621,-0.004353,-0.107849,-0.032671,-0.147806,0.001965,0.001145
0,0.009164,-0.031196,-0.07481,0.024821,-0.087064,0.02083,0.00016,0.000544
0,0.012206,-0.015832,-0.026473,0.006407,-0.012975,0.030884,0.000213,0.000276
0,0.115254,0.075276,0.105593,0.097532,0.111043,0.1193,0.002012,0.001314
0,-0.008867,-0.118213,-0.095837,-0.187376,-0.081354,-0.13747,0.000155,0.002063
0,0.067965,0.044047,0.08038,0.144002,0.062326,0.097487,0.001186,0.000769
0,0.062921,-0.065672,0.024797,-0.131447,0.060429,-0.104151,0.001098,0.001146
0,0.274828,0.014367,0.238099,0.071682,0.266972,0.023125,0.004797,0.000251
0,0.084906,-0.170772,-0.203451,-0.18729,-0.155374,-0.187262,0.001482,0.002981
0,0.219502,-0.143058,0.113802,0.041057,0.07076,0.017583,0.003831,0.002497
0,0.30947,0.00045,0.105474,0.150569,0.060318,0.155408,0.005401,8e-06
0,0.2921,-0.004726,-0.018807,-0.019009,0.00161,-0.023665,0.005098,8.2e-05
0,0.127115,0.045094,-0.172188,0.021472,-0.198455,0.046234,0.002219,0.000787
0,0.115331,0.089758,-0.011339,0.032313,0.036438,0.044402,0.002013,0.001567
0,0.132688,0.042475,0.007042,-0.032074,0.022621,-0.039184,0.002316,0.000741
0,0.070522,-0.04745,-0.078157,-0.098954,-0.062099,-0.132365,0.001231,0.000828
0,0.110476,-0.059993,0.067153,-0.025672,0.023644,-0.034115,0.001928,0.001047
0,0.099569,0.094942,-0.02176,0.152777,-0.068291,0.11317,0.001738,0.001657
0,0.035706,0.059991,-0.064613,-0.016522,-0.088443,0.000353,0.000623,0.001047
0,0.05389,-0.071757,-0.009304,-0.14876,0.011076,-0.197098,0.000941,0.001252
0,-0.095532,-0.074265,-0.176729,-0.02183,-0.186309,-0.00995,0.001667,0.001296
0,-0.237588,-0.609,-0.138701,-0.512474,-0.180485,-0.56163,0.004147,0.001123
0,-0.653087,-0.990599,-0.386312,-0.364446,-0.429281,-0.401031,0.000353,0.005538
0,-0.515476,-1.127633,0.165134,-0.117877,0.208968,-0.130453,0.002755,0.003822
0,-0.599458,-1.174871,-0.077334,-0.060981,-0.104272,-0.067423,0.001289,0.002998
0,-0.539191,-1.084238,0.088926,0.109974,0.09589,0.152605,0.002341,0.00458
0,-0.292483,-0.696421,0.264816,0.363661,0.248053,0.409834,0.005105,0.000403
0,-0.285581,-0.597832,-0.001905,0.127832,0.017739,0.109151,0.004984,0.001318
0,-0.185383,-0.421648,0.075237,0.181454,0.064816,0.137806,0.003236,0.004393
0,-0.244446,-0.151555,-0.066413,0.277619,-0.044602,0.257464,0.004266,0.002645
0,-0.016486,0.076188,0.250417,0.235752,0.237028,0.264844,0.000288,0.00133
0,-0.15429,0.242606,-0.129749,0.141119,-0.128623,0.164251,0.002693,0.004234
0,-2.31976,0.176655,-2.178875,-0.079835,-2.147572,-0.043418,0.005232,0.003083
0,-2.701753,0.121531,-0.398415,-0.072653,-0.401257,-0.023661,0.000148,0.002121
0,-2.541417,-0.193174,0.183813,-0.301311,0.169353,-0.29432,0.002651,0.003372
0,-2.375153,-0.131144,0.137673,0.03885,0.130224,0.004378,0.005553,0.002289
0,-2.302196,-0.249464,0.072317,-0.089199,0.105987,-0.063789,0.004926,0.004354
0,-1.786756,0.008444,0.527739,0.271624,0.532889,0.263228,0.00407,0.000147
0,-1.171275,-0.074247,0.601458,-0.1068,0.59923,-0.062094,0.003061,0.001296
0,-0.842097,-0.231559,0.330295,-0.163717,0.301418,-0.143228,0.002946,0.004041
0,-0.617546,-0.203714,0.231804,0.000535,0.267296,-0.006712,0.000973,0.003555
0,-0.111319,-0.127858,0.530925,0.04703,0.543261,0.080889,0.001943,0.002232
0,-0.086736,-0.160026,0.036068,-0.010583,0.058982,0.036831,0.001514,0.002793
0,-0.107495,-0.101671,-0.033198,0.077284,-0.019077,0.079804,0.001876,0.001774
0,0.19066,-0.337295,0.306585,-0.231927,0.333469,-0.230261,0.003328,0.005865
0,0.214618,-0.028525,0.043908,0.289303,0.020581,0.313556,0.003746,0.000498
0,0.324095,-0.141402,0.139473,-0.085676,0.183499,-0.046523,0.005657,0.002468
0,0.334126,-0.020471,0.022152,0.091538,0.062485,0.110004,0.005832,0.000357
0,0.10274,-0.108782,-0.23672,-0.102984,-0.260392,-0.118571,0.001793,0.001899
0,0.126338,-0.054561,0.047947,0.06725,0.082472,0.023579,0.002205,0.000952
0,0.246525,-0.064035,0.093165,-0.026114,0.100066,0.017572,0.004303,0.001118
0,0.102857,-0.097857,-0.14227,-0.056896,-0.103132,-0.008506,0.001795,0.001708
0,0.124828,-0.121068,-0.007856,-0.0474,-0.001093,-0.033489,0.002179,0.002113
0,0.049108,-0.002364,-0.08547,0.109252,-0.101725,0.066135,0.000857,4.1e-05
0,0.003198,0.042216,-0.051334,0.060808,-0.039742,0.023482,5.6e-05,0.000737
0,0.079639,0.058907,0.069845,0.018483,0.086767,0.030449,0.00139,0.001028
0,0.071217,0.08336,-0.030908,0.045271,-0.079208,0.083354,0.001243,0.001455
0,0.092017,0.009198,-0.006895,-0.097859,-0.003254,-0.130581,0.001606,0.000161
0,-0.022037,0.081806,-0.120729,0.079427,-0.092372,0.057653,0.000385,0.001428
0,0.044604,-0.133609,0.039991,-0.196796,0.032434,-0.204368,0.000778,0.002332
0,-0.046352,-0.029001,-0.077442,0.128191,-0.042944,0.144378,0.000809,0.000506
0,-0.018406,0.06246,0.019472,0.096538,0.06678,0.097419,0.000321,0.00109
0,-0.187276,0.048373,-0.188424,-0.037295,-0.152965,-0.040681,0.003269,0.000844
0,-0.168914,-0.055938,0.026157,-0.083838,0.062643,-0.07066,0.002948,0.000976
0,-0.075436,-0.15358,0.07948,-0.116835,0.128297,-0.156685,0.001317,0.00268
0,-0.230578,0.050182,-0.174609,0.187598,-0.12603,0.164514,0.004024,0.000876
0,-0.165269,-0.182117,0.081404,-0.227286,0.035228,-0.219389,0.002884,0.003179
0,-0.154183,0.053023,0.011813,0.206366,0.020668,0.201494,0.002691,0.000925
0,-0.148772,-0.110356,0.024803,-0.170539,0.06853,-0.199137,0.002597,0.001926
0,0.052623,-0.083467,0.200844,0.040199,0.237151,0.037069,0.000918,0.001457
0,0.012693,-0.103698,-0.030025,0.009324,-0.032061,0.004873,0.000222,0.00181
0,0.098357,0.017853,0.074554,0.118152,0.089581,0.07244,0.001717,0.000312
0,0.058977,-2.188011,-0.045618,-2.223183,-0.028828,-2.196469,0.001029,0.002933
0,-0.071525,-2.258869,-0.144557,-0.094048,-0.106911,-0.118885,0.001248,0.00417
0,-0.151323,-2.143672,-0.071946,0.120113,-0.065978,0.101045,0.002641,0.002159
0,-0.008803,-2.079349,0.135298,0.087755,0.13933,0.113675,0.000154,0.001036
0,-0.13103,-1.929946,-0.134015,0.124284,-0.16179,0.080053,0.002287,0.001571
0,-0.055929,-1.761591,0.085031,0.148807,0.114312,0.130308,0.000976,0.00451
0,-0.050466,-1.362146,-0.012408,0.401367,-0.048424,0.447111,0.000881,0.000271
0,0.074549,-0.90492,0.103694,0.457849,0.095003,0.408674,0.001301,0.004042
0,-0.136751,-0.517175,-0.181925,0.382106,-0.142431,0.419891,0.002387,0.002725
0,-0.126009,-0.188548,0.016526,0.35419,0.048728,0.32957,0.002199,0.003291
0,0.13097,0.055511,0.264642,0.25619,0.242394,0.274611,0.002286,0.000969
0,0.003907,0.274812,-0.106072,0.225475,-0.11629,0.210232,6.8e-05,0.004796
0,-0.038831,0.043056,-0.057424,-0.248905,-0.090999,-0.241114,0.000678,0.000751
0,0.127059,0.188166,0.173571,0.146585,0.211543,0.115072,0.002218,0.003284
0,-0.015471,0.203374,-0.145393,-0.002569,-0.161424,0.030267,0.00027,0.00355
0,0.10488,0.28515,0.101623,0.056887,0.080454,0.070733,0.001831,0.004977
0,0.014936,0.412628,-0.067596,0.156802,-0.099264,0.150913,0.000261,0.00455
0,0.058997,0.227515,0.055405,-0.214214,0.089143,-0.213996,0.00103,0.003971
0,-0.130923,0.101584,-0.208236,-0.126819,-0.202807,-0.086282,0.002285,0.001773
0,-0.059215,0.079829,0.084433,-0.016302,0.059841,0.017843,0.001033,0.001393
0,0.107623,0.111696,0.172286,0.025732,0.132601,0.021876,0.001878,0.001949
0,0.144343,0.251515,0.052517,0.132591,0.007082,0.150171,0.002519,0.00439
0,0.082391,0.122301,-0.084972,-0.118935,-0.094129,-0.125842,0.001438,0.002135
0,0.117065,0.168872,0.00534,0.024626,-0.012438,0.068482,0.002043,0.002947
0,-0.039829,0.229274,-0.154338,0.086177,-0.198309,0.12818,0.000695,0.004002
0,0.20064,0.126155,0.221594,-0.103873,0.260079,-0.132793,0.003502,0.002202
0,0.151598,0.018615,-0.055608,-0.104057,-0.099263,-0.055791,0.002646,0.000325
0,0.087854,0.131002,-0.090457,0.098997,-0.113004,0.124277,0.001533,0.002286
0,-0.074019,0.255801,-0.170269,0.148001,-0.128233,0.126602,0.001292,0.004465
0,-0.018217,0.05359,0.072503,-0.23082,0.045638,-0.217838,0.000318,0.000935
0,0.059192,0.149995,0.052181,0.095525,0.005414,0.08589,0.001033,0.002618
0,-0.092615,0.098936,-0.156398,-0.054365,-0.118283,-0.009693,0.001616,0.001727
0,-0.000357,0.100391,0.093088,0.010275,0.074519,0.019862,6e-06,0.001752
0,-0.001827,0.252384,-0.010041,0.173103,0.025867,0.139232,3.2e-05,0.004405
0,-0.005602,0.163682,-0.017717,-0.088898,0.00709,-0.09333,9.8e-05,0.002857
0,0.017553,0.223281,0.03232,0.049522,0.049117,0.084423,0.000306,0.003897
0,-0.077525,0.173916,-0.074219,-0.070754,-0.046526,-0.067544,0.001353,0.003035
0,-0.143212,0.087842,-0.074531,-0.111931,-0.099651,-0.126711,0.0025,0.001533
0,-0.028384,0.007569,0.094375,-0.108998,0.047578,-0.097974,0.000495,0.000132
0,0.060266,0.210102,0.105374,0.20998,0.138283,0.184313,0.001052,0.003667
0,-0.023772,0.089745,-0.099469,-0.116865,-0.09635,-0.142175,0.000415,0.001566
0,0.003218,0.162252,0.025598,0.102288,0.021967,0.146729,5.6e-05,0.002832
0,0.010443,0.037089,-0.016008,-0.117089,0.021935,-0.124284,0.000182,0.000647
0,0.025247,0.228697,-0.006345,0.209815,-0.012745,0.187337,0.000441,0.003992
0,-0.139523,-0.03905,-0.16404,-0.255497,-0.194325,-0.22488,0.002435,0.000682
0,0.011278,-0.053368,0.162358,-0.038118,0.170049,-0.070525,0.000197,0.000931
0,-0.009106,-0.038417,-0.038951,0.017509,-0.036449,0.046782,0.000159,0.00067
0,-0.101127,0.077497,-0.110336,0.12995,-0.116085,0.174648,0.001765,0.001353
0,0.137433,-0.025125,0.223329,-0.076958,0.200658,-0.076545,0.002399,0.000439
0,0.000426,-0.071273,-0.108315,-0.017848,-0.132452,0.010696,7e-06,0.001244
0,-0.139703,0.215821,-0.143813,0.29171,-0.156299,0.278816,0.002438,0.003767
0,0.042098,0.061173,0.186765,-0.165536,0.150923,-0.11656,0.000735,0.001068
0,-0.099202,0.213349,-0.166344,0.170743,-0.188632,0.157267,0.001731,0.003724
0,-0.118512,0.070101,-0.019841,-0.135301,0.016786,-0.159337,0.002068,0.001223
0,-0.106093,-0.015315,-0.017563,-0.077461,-0.006624,-0.076618,0.001852,0.000267
0,-0.107869,0.118925,-0.016382,0.112016,0.027584,0.156651,0.001883,0.002076
0,0.036456,-0.085726,0.156424,-0.188033,0.200321,-0.233508,0.000636,0.001496
0,-1.0998,1.91475,-1.14552,2.026884,-1.168681,2.070662,0.004308,0.001836
0,-3.336278,2.179991,-2.20848,0.25718,-2.189154,0.254783,0.000529,0.002793
0,-3.015294,2.510925,0.308844,0.344832,0.337131,0.32679,0.00562,0.003183
0,-3.064275,2.277411,-0.028356,-0.26269,-0.055437,-0.282423,0.005277,0.004493
0,-2.812787,1.694166,0.240583,-0.578566,0.24802,-0.577118,0.002086,0.005686
0,-3.182099,1.214343,-0.352611,-0.491973,-0.379934,-0.529122,0.00322,0.002309
0,-2.758283,0.95918,0.407539,-0.268755,0.398846,-0.267672,0.001134,0.004989
0,-2.061777,0.588858,0.724328,-0.362845,0.744165,-0.388856,0.00073,0.001474
0,-1.328103,0.201076,0.746789,-0.410172,0.746314,-0.419091,0.000324,0.003509
0,-0.753077,0.168565,0.566206,-0.0126,0.590113,-0.054199,0.001392,0.002942
0,-0.430171,0.139987,0.338523,-0.058303,0.344495,-0.041544,0.004244,0.002443
0,-0.286483,-0.116761,0.160252,-0.247782,0.182671,-0.257912,0.005,0.002038
0,-0.181131,-0.097689,0.105494,0.013467,0.150899,-0.000121,0.003161,0.001705
0,0.037394,-0.200928,0.21251,-0.100783,0.250661,-0.113703,0.000653,0.003507
0,0.183524,-0.321496,0.132181,-0.147703,0.100141,-0.112885,0.003203,0.005611
0,0.189691,-0.149911,0.034994,0.16481,-0.010867,0.179675,0.003311,0.002616
0,0.292476,-0.292204,0.108513,-0.119189,0.115183,-0.146581,0.005105,0.0051
0,0.293269,-0.241921,0.00258,0.025701,0.031585,-0.001773,0.005119,0.004222
0,0.347532,-0.382346,0.07667,-0.120573,0.032353,-0.122767,0.005686,0.005079
0,0.292995,-0.034394,-0.080842,0.34119,-0.058323,0.36964,0.005114,0.0006
0,0.186742,-0.19824,-0.10124,-0.141271,-0.118822,-0.157739,0.003259,0.00346
0,0.089312,-0.160318,-0.111921,0.065178,-0.15691,0.052763,0.001559,0.002798
0,0.117303,-0.162752,0.002316,0.003756,-0.007331,0.035822,0.002047,0.002841
0,0.179901,-0.107551,0.07163,0.037831,0.025605,0.070678,0.00314,0.001877
0,0.144017,-0.076012,-0.018593,0.009752,-0.025977,-0.026087,0.002514,0.001327
0,0.137014,-0.235569,-0.013346,-0.174065,-0.059823,-0.131597,0.002391,0.004111
0,0.015979,-0.21407,-0.09338,0.010115,-0.065316,0.039138,0.000279,0.003736
0,0.046303,-0.00078,0.05448,0.208633,0.01908,0.162054,0.000808,1.4e-05
0,0.161818,-0.157702,0.141951,-0.128644,0.188019,-0.155226,0.002824,0.002752
0,0.162486,0.042942,0.007048,0.229522,-0.042237,0.195737,0.002836,0.000749
0,0.261198,-0.209738,0.07809,-0.258769,0.053979,-0.242416,0.004559,0.003661
0,0.194783,-0.1664,-0.049859,0.041826,-0.092368,0.090505,0.0034,0.002904
0,0.214346,0.029631,0.046233,0.223595,0.034905,0.177411,0.003741,0.000517
0,0.247558,-0.214181,0.05524,-0.258874,0.083837,-0.250578,0.004321,0.003738
0,0.278788,-0.120384,0.048085,0.113349,0.061471,0.162444,0.004866,0.002101
0,0.297566,-0.214167,0.023097,-0.075873,0.030484,-0.104688,0.005193,0.003738
0,0.288996,-0.166969,0.001912,0.074679,0.03807,0.095,0.005044,0.002914
0,0.358241,-0.056819,0.096157,0.123594,0.099055,0.103887,0.005499,0.000992
0,0.316022,-0.056964,-0.054851,-0.024176,-0.016071,-0.034021,0.005516,0.000994
0,0.385766,-0.130167,0.069842,-0.094046,0.111742,-0.076432,0.005019,0.002272
0,0.369929,-0.077564,-0.025736,0.044528,-0.025609,0.034073,0.005295,0.001354
0,0.142711,-0.01754,-0.236907,0.040089,-0.246635,0.063189,0.002491,0.000306
0,0.353048,0.050714,0.198359,0.074307,0.225955,0.05682,0.00559,0.000885
0,0.093694,0.002436,-0.28499,-0.073306,-0.259175,-0.062566,0.001635,4.3e-05
0,0.271221,-0.025971,0.148315,-0.030224,0.14583,-0.049363,0.004734,0.000453
0,0.278443,-0.172937,0.018818,-0.125059,0.0616,-0.111462,0.00486,0.003018
0,0.171539,0.085414,-0.094556,0.271671,-0.137466,0.236833,0.002994,0.001491
0,0.181532,0.012307,-0.019706,-0.099914,0.028364,-0.073417,0.003168,0.000215
0,0.157021,-0.0672,-0.045014,-0.082713,-0.033981,-0.113674,0.002741,0.001173
0,0.187439,-0.146811,0.032908,-0.1056,0.079865,-0.152289,0.003271,0.002562
0,0.127858,0.087149,-0.089556,0.204797,-0.11004,0.210985,0.002232,0.001521
0,0.153419,-0.139104,0.030136,-0.208626,0.005948,-0.162941,0.002678,0.002428
0,0.230579,0.026585,0.102566,0.136322,0.086366,0.156711,0.004024,0.000464
0,0.243231,-0.119204,0.020214,-0.160834,0.056269,-0.122319,0.004245,0.002081
0,0.176111,-0.135368,-0.089182,0.012002,-0.097004,0.00513,0.003074,0.002363
0,0.189037,-0.044905,0.005003,0.067681,0.04344,0.066188,0.003299,0.000784
0,0.245775,0.006987,0.042688,0.038602,0.008603,0.004296,0.00429,0.000122
0,0.08675,-0.017252,-0.184463,-0.040595,-0.150639,-0.029097,0.001514,0.000301
0,0.143287,-0.051395,0.069964,-0.0258,0.038861,-0.002845,0.002501,0.000897
0,0.133834,0.009668,-0.018313,0.086241,-0.001998,0.122926,0.002336,0.000169
0,0.095115,-0.00718,-0.031914,-0.005764,-0.001464,-0.038161,0.00166,0.000125
0,0.129131,0.050541,0.007687,0.062667,-0.019375,0.053108,0.002254,0.000882
0,0.086378,0.004113,-0.056078,-0.041785,-0.083246,-0.066116,0.001508,7.2e-05
0,-0.06196,0.124632,-0.159892,0.109637,-0.209145,0.119661,0.001081,0.002175
0,0.060588,-0.036993,0.093212,-0.153264,0.084404,-0.197138,0.001057,0.000646
0,-0.089181,-0.044402,-0.127175,-0.030477,-0.116884,-0.018129,0.001557,0.000775
0,-0.079043,-0.077931,0.025122,-0.033044,0.012429,-0.038281,0.00138,0.00136
0,-0.016749,0.09943,0.079305,0.190708,0.08159,0.174042,0.000292,0.001735
0,-0.020933,0.08327,0.005988,0.009187,0.032353,0.05708,0.000365,0.001453
0,0.098308,0.164679,0.140573,0.088016,0.094077,0.04291,0.001716,0.002874
0,0.05637,0.022311,-0.029811,-0.161397,-0.034879,-0.115834,0.000984,0.000389
0,0.076466,0.14701,0.034452,0.146681,-0.003563,0.190084,0.001335,0.002566
0,0.004007,-0.070679,-0.074362,-0.231102,-0.031152,-0.254175,7e-05,0.001234
0,-0.157751,0.029955,-0.183933,0.094228,-0.232636,0.096378,0.002753,0.000523
0,-0.047601,0.121422,0.131839,0.069171,0.174749,0.047046,0.000831,0.002119
0,0.052509,0.072114,0.097109,-0.030389,0.049027,-0.037808,0.000916,0.001259
0,-0.068933,-0.04432,-0.145878,-0.091605,-0.138938,-0.050916,0.001203,0.000774
0,-0.146399,-0.002051,-0.049856,0.06423,-0.030732,0.093678,0.002555,3.6e-05
0,-0.136609,-0.066897,-0.010714,-0.082738,-0.009888,-0.112338,0.002384,0.001168
0,-0.1132,0.063858,-0.000149,0.140657,0.043683,0.189619,0.001976,0.001115
0,-0.148715,-0.158829,-0.014766,-0.216953,-0.022007,-0.179232,0.002596,0.002772
0,-0.162056,-0.077385,-0.015185,0.102337,-0.055749,0.11873,0.002828,0.001351
0,0.055498,0.010468,0.220069,0.07177,0.206533,0.032472,0.000969,0.000183
0,-0.114106,-0.192164,-0.173,-0.173422,-0.124496,-0.191661,0.001992,0.003354
0,-0.033285,-0.079482,0.084494,0.14156,0.070866,0.144785,0.000581,0.001387
0,0.128527,-0.090709,0.165475,-0.003288,0.209041,-0.004272,0.002243,0.001583
0,-0.047854,-0.104148,-0.178479,-0.000474,-0.136784,-0.035641,0.000835,0.001818
0,-0.190983,-0.017207,-0.129846,0.058804,-0.134632,0.059746,0.003333,0.0003
0,-0.203406,-0.025142,0.002005,-0.023831,0.021976,0.017814,0.00355,0.000439
0,-0.059619,-0.093405,0.163727,-0.089514,0.164855,-0.090036,0.001041,0.00163
0,0.06213,-0.093874,0.130404,-0.027985,0.114647,-0.018658,0.001084,0.001638
0,-0.203607,-0.147144,-0.257607,-0.027206,-0.296574,-0.022883,0.003554,0.002568
0,0.090755,0.023406,0.295913,0.156706,0.312991,0.150569,0.001584,0.000409
0,-0.060789,0.063798,-0.15991,0.020367,-0.134273,0.063091,0.001061,0.001113
0,-0.151616,-0.124016,-0.077803,-0.216757,-0.059742,-0.228498,0.002646,0.002164
0,-0.088014,-0.074468,0.063386,0.06976,0.085997,0.040654,0.001536,0.0013
0,-0.240046,-0.155581,-0.138169,-0.079109,-0.120483,-0.128333,0.00419,0.002715
0,-0.082771,-0.016033,0.170259,0.115382,0.140524,0.129247,0.001445,0.00028
0,-0.104122,-0.075774,0.005771,-0.046524,-0.003284,0.002702,0.001817,0.001323
0,-0.077921,0.070011,0.037062,0.144981,0.028722,0.136533,0.00136,0.001222
0,-0.147352,0.004088,-0.088988,-0.052825,-0.122592,-0.060979,0.002572,7.1e-05
0,-0.173599,-0.011065,-0.034576,-0.019391,-0.018713,-0.016545,0.00303,0.000193
0,0.012201,-0.17313,0.166869,-0.144747,0.211793,-0.181707,0.000213,0.003022
0,-0.112146,-0.174405,-0.120616,0.02138,-0.160635,0.012965,0.001957,0.003044
0,-0.094485,0.025429,0.000955,0.203648,0.023389,0.167069,0.001649,0.000444
0,-0.139068,0.045598,-0.056642,0.001154,-0.06712,0.028473,0.002427,0.000796
0,-0.198576,-0.081333,-0.070613,-0.119966,-0.032915,-0.145061,0.003466,0.00142
0,-0.221915,0.035757,-0.022485,0.117971,-0.01845,0.071156,0.003873,0.000624
0,-0.057185,-0.101902,0.179851,-0.162863,0.213044,-0.21148,0.000998,0.001779
0,-0.142521,0.077656,-0.079837,0.161417,-0.088232,0.121946,0.002487,0.001355
0,-0.010238,-0.142988,0.102381,-0.224822,0.118482,-0.202756,0.000179,0.002496
0,0.049084,-0.143768,0.076368,0.012236,0.109862,-0.027822,0.000857,0.002509
0,0.014879,-0.065949,-0.059416,0.097424,-0.085217,0.11067,0.00026,0.001151
0,-0.034262,-0.130826,-0.035389,-0.040099,0.004903,-0.037352,0.000598,0.002283
0,-0.17154,0.054145,-0.160026,0.169025,-0.110715,0.186135,0.002994,0.000945
0,-0.110534,0.006338,0.05636,-0.059775,0.035009,-0.05912,0.001929,0.000111
0,-0.090005,-0.200496,0.005523,-0.190257,0.03517,-0.165923,0.001571,0.003499
0,-0.015491,-0.007539,0.048102,0.201829,0.078003,0.208653,0.00027,0.000132
0,-0.157369,-0.010211,-0.129244,0.009355,-0.10517,0.051195,0.002747,0.000178
0,-0.086614,-0.169756,0.057508,-0.138111,0.064264,-0.1784,0.001512,0.002963
0,-0.14022,-0.150798,-0.065861,0.036128,-0.031224,0.002634,0.002447,0.002632
0,-0.238519,-0.154973,-0.089302,-0.014357,-0.09664,0.004001,0.004163,0.002705
0,-0.050949,0.034689,0.164349,0.196869,0.137286,0.23811,0.000889,0.000605
0,-0.190653,0.027293,-0.163932,-0.008763,-0.190726,-0.009439,0.003328,0.000476
0,-0.016241,-0.155673,0.156772,-0.155283,0.124948,-0.185161,0.000283,0.002717
0,-0.251706,-0.166972,-0.248767,0.003496,-0.222837,-0.016698,0.004393,0.002914
0,0.056455,-0.063946,0.297616,0.124419,0.273506,0.115972,0.000985,0.001116
0,-0.158976,-0.044717,-0.23617,0.000806,-0.205808,0.025197,0.002775,0.00078
0,-0.011348,0.049497,0.14795,0.097932,0.1856,0.055797,0.000198,0.000864
0,-0.036795,-0.044649,0.00323,-0.066196,-0.022818,-0.109328,0.000642,0.000779
0,-0.217231,0.124738,-0.194652,0.194499,-0.182337,0.162911,0.003791,0.002177
0,-0.212727,0.102637,-0.014444,-0.033143,0.001683,-0.071276,0.003713,0.001791
0,-0.038224,0.030049,0.180519,-0.081195,0.210062,-0.068949,0.000667,0.000524
0,0.051216,0.112251,0.117114,0.1098,0.079412,0.156093,0.000894,0.001959
0,-0.143464,-0.084504,-0.212458,-0.224151,-0.250809,-0.195386,0.002504,0.001475
0,0.082944,-0.00741,0.198599,0.099251,0.157535,0.110203,0.001448,0.000129
0,-0.085458,-0.058139,-0.198368,-0.031609,-0.152205,-0.008777,0.001492,0.001015
0,-0.036611,0.122584,0.067547,0.1797,0.096959,0.21084,0.000639,0.002139
0,-0.098604,-0.120374,-0.091746,-0.224272,-0.061936,-0.190668,0.001721,0.002101
0,-0.14251,0.143603,-0.036073,0.291175,0.010263,0.332114,0.002487,0.002506
0,-0.09253,0.070659,0.07014,-0.060114,0.107148,-0.022491,0.001615,0.001233
0,0.029101,-0.131007,0.139908,-0.176642,0.135946,-0.212107,0.000508,0.002287
0,-1.677363,-0.210787,-1.678353,-0.066654,-1.655424,-0.075366,0.005772,0.003679
0,-1.834962,-0.163712,-0.134753,0.057661,-0.137092,0.098016,0.003229,0.002857
0,-1.738513,-0.21161,0.071841,-0.021908,0.024564,-0.030068,0.004912,0.003693
0,-1.774478,-0.047494,-0.030139,0.161233,-0.034952,0.196204,0.004285,0.000829
0,-1.46697,-0.35727,0.298162,-0.32058,0.273677,-0.32588,0.0021,0.005516
0,-1.312198,-0.357142,0.182607,-0.020468,0.135637,-0.030059,0.000601,0.005518
0,-0.828897,-0.091213,0.511686,0.258037,0.507579,0.223726,0.002715,0.001592
0,-0.722029,-0.147886,0.135839,-0.064083,0.098679,-0.026073,0.00085,0.002581
0,-0.469693,-0.042389,0.264261,0.077244,0.247647,0.074361,0.003554,0.00074
0,0.041324,-0.019622,0.492895,0.008385,0.456908,0.034885,0.000721,0.000342
0,0.092442,-0.01999,0.030053,-0.007299,0.073361,-0.046795,0.001613,0.000349
0,0.227883,-0.116765,0.117082,-0.099646,0.11405,-0.137482,0.003977,0.002038
0,0.439224,0.102418,0.237901,0.203864,0.284021,0.239436,0.004086,0.001788
0,0.400016,0.009057,-0.02913,-0.106294,-0.065037,-0.120934,0.00477,0.000158
0,0.162654,0.074839,-0.26725,0.047063,-0.285416,0.090112,0.002839,0.001306
0,0.010077,-0.019667,-0.13424,-0.070725,-0.132543,-0.090876,0.000176,0.000343
0,0.061368,-0.108973,0.080546,-0.083736,0.035206,-0.125064,0.001071,0.001902
0,0.119061,-0.145711,0.063928,-0.06499,0.085353,-0.071389,0.002078,0.002543
0,0.152403,-0.138925,0.024962,0.002479,0.059559,-0.017609,0.00266,0.002425
0,-0.054526,0.070129,-0.184688,0.208272,-0.233998,0.243355,0.000952,0.001224
0,-0.001294,0.08886,0.024669,0.043757,-0.013526,0.020481,2.3e-05,0.001551
0,-0.14117,-0.046435,-0.143318,-0.109752,-0.117942,-0.096079,0.002464,0.00081
0,-0.123537,-0.03241,0.006903,0.004236,-0.004332,0.009274,0.002156,0.000566
0,0.00551,-0.109071,0.156915,-0.087471,0.201655,-0.040656,9.6e-05,0.001904
0,0.042395,0.021831,0.057586,0.126335,0.013426,0.116334,0.00074,0.000381
0,-0.115333,0.110402,-0.179071,0.102434,-0.183349,0.124115,0.002013,0.001927
0,-0.14692,-0.023373,-0.002405,-0.142466,0.024983,-0.151606,0.002564,0.000408
0,-0.105477,0.153496,0.034274,0.182443,0.055186,0.18549,0.001841,0.002679
0,-0.044165,0.014764,0.090632,-0.148388,0.139577,-0.161828,0.000771,0.000258
0,-0.161365,0.112802,-0.143201,0.102611,-0.093994,0.066124,0.002816,0.001969
0,-0.10648,-0.001335,0.061068,-0.104926,0.109515,-0.137198,0.001858,2.3e-05
0,0.083397,-0.056097,0.184576,-0.043525,0.203652,-0.043931,0.001456,0.000979
0,-0.096113,0.081257,-0.171235,0.154126,-0.191707,0.143656,0.001677,0.001418
0,-0.098457,-0.086148,0.021598,-0.1911,0.051263,-0.190917,0.001718,0.001504
0,-0.043023,-0.07998,0.070772,0.017509,0.098551,-0.009335,0.000751,0.001396
0,0.131446,0.164077,0.148117,0.215581,0.15497,0.213023,0.002294,0.002864
0,0.164048,0.140467,0.011307,-0.003997,-0.015093,-0.052157,0.002863,0.002452
0,-0.010862,0.029571,-0.163419,-0.121864,-0.152884,-0.121674,0.00019,0.000516
0,0.121708,0.108963,0.113294,0.094492,0.094681,0.069474,0.002124,0.001902
0,0.1846,0.035682,0.069497,-0.050867,0.105837,-0.07801,0.003222,0.000623
0,0.148912,-0.10479,-0.019492,-0.149116,-0.031285,-0.16569,0.002599,0.001829
0,0.010503,0.050105,-0.11679,0.142879,-0.162114,0.094885,0.000183,0.000874
0,0.114786,0.118652,0.122988,0.04049,0.143345,0.019799,0.002003,0.002071
0,0.000276,-0.028743,-0.131149,-0.141429,-0.130969,-0.133297,5e-06,0.000502
0,0.089378,0.003863,0.10693,0.027176,0.074505,0.046025,0.00156,6.7e-05
0,0.032703,0.043104,-0.060357,0.037525,-0.108592,0.006726,0.000571,0.000752
0,0.038995,-0.00386,-0.023389,-0.022703,-0.059992,0.005097,0.000681,6.7e-05
0,0.138312,-0.140687,0.078396,-0.130936,0.038444,-0.098274,0.002414,0.002455
0,0.103558,-0.082786,-0.046192,0.054843,-0.017911,0.065609,0.001807,0.001445
0,-0.048173,-0.001352,-0.138517,0.091656,-0.142117,0.133287,0.000841,2.4e-05
0,-0.107358,0.059911,-0.073754,0.043429,-0.052346,0.061615,0.001874,0.001046
0,-0.15618,-0.10638,-0.028056,-0.167742,-0.013394,-0.141237,0.002726,0.001857
0,0.153796,0.143778,0.283533,0.223899,0.301149,0.185264,0.002684,0.002509
0,-0.052879,0.100775,-0.202086,-0.039857,-0.191327,-0.02055,0.000923,0.001759
0,0.022719,-0.081878,0.063081,-0.171767,0.102567,-0.183606,0.000397,0.001429
0,0.068938,0.026057,0.067416,0.129214,0.048912,0.127286,0.001203,0.000455
0,0.061965,-0.048486,0.018852,-0.087325,0.011727,-0.130636,0.001081,0.000846
0,0.050596,-0.098828,0.009504,-0.043486,0.02664,-0.026999,0.000883,0.001725
0,0.02046,0.073551,-0.038607,0.198492,-0.041563,0.222099,0.000357,0.001284
0,-0.022112,0.047512,-0.048408,0.003515,-0.058508,0.045038,0.000386,0.000829
0,-0.042922,0.105423,-0.008708,0.033679,-0.015198,-0.008255,0.000749,0.00184
0,-0.01835,0.107102,0.038561,0.006368,0.088266,-0.006679,0.00032,0.001869
0,0.232358,0.072255,0.249505,-0.017534,0.231665,-0.055976,0.004055,0.001261
0,0.040685,0.103001,-0.164765,0.003764,-0.150284,0.050439,0.00071,0.001798
0,0.022782,0.028039,-0.009516,-0.082958,-0.020398,-0.097942,0.000398,0.000489
0,-0.033315,0.109788,-0.052876,0.066089,-0.085065,0.085225,0.000581,0.001916
0,0.192687,0.067446,0.247475,-0.055311,0.240376,-0.049333,0.003363,0.001177
0,0.1082,0.020206,-0.057303,-0.030258,-0.082408,-0.059944,0.001888,0.000353
0,0.165572,0.086105,0.033136,0.043945,0.006938,0.031309,0.00289,0.001503
0,-1.515538,-0.199865,-1.67588,-0.26621,-1.717577,-0.225701,0.002948,0.003488
0,-2.706951,-0.288065,-1.217261,-0.104798,-1.210236,-0.06938,0.000238,0.005028
0,-3.055039,-0.471818,-0.362744,-0.207047,-0.355543,-0.223966,0.005438,0.003517
0,-3.018348,-0.600766,0.05221,-0.136393,0.022656,-0.122395,0.005673,0.001266
0,-2.793953,-0.311913,0.198191,0.30345,0.175557,0.284194,0.001757,0.005444
0,-2.188538,-0.454502,0.626144,-0.167804,0.629462,-0.149696,0.002942,0.003819
0,-1.777197,-0.179567,0.41775,0.28237,0.383269,0.234738,0.004237,0.003134
0,-1.637767,-0.116566,0.156139,0.077019,0.195152,0.062938,0.005081,0.002034
0,-1.207916,-0.240191,0.41942,-0.11409,0.383643,-0.075273,0.002421,0.004192
0,-0.725122,-0.117608,0.470365,0.110782,0.464195,0.119196,0.000904,0.002053
0,-0.698143,-0.290466,0.032724,-0.1721,0.024193,-0.208334,0.000433,0.00507
0,-0.405043,-0.171712,0.298583,0.101094,0.288741,0.058443,0.004682,0.002997
0,-0.206159,-0.027991,0.168892,0.12452,0.169419,0.10719,0.003598,0.000489
0,0.121642,-0.120496,0.317666,-0.115729,0.34391,-0.093259,0.002123,0.002103
0,0.39177,-0.021488,0.265442,0.121877,0.249552,0.093931,0.004914,0.000375
0,0.300914,-0.015252,-0.107348,0.035314,-0.123714,0.033516,0.005252,0.000266
0,0.512612,-0.067012,0.192961,-0.050311,0.153894,-0.016418,0.002805,0.00117
0,0.232742,0.002193,-0.259954,0.055397,-0.291232,0.025046,0.004062,3.8e-05
0,0.226841,-0.008356,-0.025559,-0.029978,-0.031036,-0.026358,0.003959,0.000146
0,0.342652,-0.107463,0.120893,-0.123447,0.109962,-0.088003,0.005771,0.001876
0,0.348338,-0.017756,0.008647,0.083853,0.030233,0.06319,0.005672,0.00031
0,0.242259,-0.266,-0.085517,-0.268822,-0.037312,-0.244432,0.004228,0.004643
0,0.368614,-0.200761,0.117026,0.087024,0.14607,0.057765,0.005318,0.003504
0,0.076247,-0.237592,-0.263587,-0.035263,-0.312752,-0.011606,0.001331,0.004147
0,0.295854,-0.051189,0.209038,0.187841,0.242841,0.164242,0.005164,0.000893
0,0.175437,-0.124047,-0.121027,-0.059237,-0.159626,-0.107196,0.003062,0.002165
0,0.183093,-0.06462,-0.002638,0.062061,0.014348,0.096588,0.003196,0.001128
0,0.000495,-0.145394,-0.155181,-0.070485,-0.188424,-0.103667,9e-06,0.002538
0,0.204037,0.001213,0.194537,0.15345,0.166325,0.155115,0.003561,2.1e-05
0,0.227724,-0.136022,-0.003123,-0.110756,-0.015251,-0.117531,0.003975,0.002374
0,0.063466,-0.047636,-0.141576,0.094861,-0.10024,0.108969,0.001108,0.000831
0,0.068341,-0.084255,0.020574,-0.055711,-0.015443,-0.030724,0.001193,0.001471
0,-0.080596,-0.053528,-0.165616,0.019685,-0.143268,0.067224,0.001407,0.000934
0,0.219512,-0.189054,0.325442,-0.154284,0.285911,-0.157951,0.003831,0.0033
0,0.146964,-0.138654,-0.064255,0.078666,-0.025471,0.033698,0.002565,0.00242
0,0.139109,0.065481,-0.019359,0.194075,-0.024461,0.167624,0.002428,0.001143
0,0.196301,-0.120691,0.036114,-0.164353,-0.006665,-0.182142,0.003426,0.002106
0,0.241701,-0.108466,0.025262,0.013294,0.041918,-0.026216,0.004218,0.001893
0,-0.046167,-0.060278,-0.267708,0.074611,-0.304139,0.085519,0.000806,0.001052
0,0.032845,0.056299,0.074243,0.144973,0.070966,0.122485,0.000573,0.000983
0,0.008114,0.0227,-0.022276,-0.017314,-0.057951,0.02568,0.000142,0.000396
0,0.139985,-0.17923,0.145082,-0.176089,0.173108,-0.193925,0.002443,0.003128
0,0.099601,-0.121828,-0.013421,0.043447,-0.033337,0.072074,0.001738,0.002126
0,-0.043108,-0.06244,-0.133191,0.037668,-0.092655,-0.0054,0.000752,0.00109
0,0.191431,0.586316,0.219606,0.646379,0.235196,0.639089,0.003341,0.001519
0,0.144734,0.641031,-0.031117,0.083144,-0.074539,0.114744,0.002526,0.000564
0,0.253593,0.835957,0.086541,0.206161,0.03762,0.173909,0.004426,0.002839
0,0.229458,0.618471,0.005751,-0.21437,0.0077,-0.196577,0.004005,0.000957
0,0.14438,0.507655,-0.06209,-0.108776,-0.032271,-0.075607,0.00252,0.002891
0,0.22973,0.528096,0.094146,0.032881,0.127757,0.052795,0.00401,0.002535
0,0.349993,0.253978,0.131281,-0.273719,0.081954,-0.251233,0.005643,0.004433
0,0.397353,0.31812,0.022355,0.085489,0.001737,0.130549,0.004817,0.005552
0,0.140064,0.357292,-0.228239,0.058028,-0.200606,0.106945,0.002445,0.005516
0,0.065632,0.25351,-0.068156,-0.106903,-0.042374,-0.095548,0.001145,0.004425
0,-0.125266,-0.053282,-0.163946,-0.320572,-0.169039,-0.300966,0.002186,0.00093
0,-0.002767,-0.094934,0.128177,-0.0368,0.15685,-0.045999,4.8e-05,0.001657
0,0.000624,0.057298,0.001698,0.168682,-0.014326,0.125059,1.1e-05,0.001
0,0.062098,-0.024554,0.040792,-0.057927,0.025721,-0.088132,0.001084,0.000429
0,0.024849,-0.1627,-0.050683,-0.152696,-0.09903,-0.146986,0.000434,0.00284
0,-0.108635,0.074336,-0.134398,0.258583,-0.113159,0.261904,0.001896,0.001297
0,-0.021891,-0.183097,0.089872,-0.227836,0.094794,-0.241785,0.000382,0.003196
0,-0.203694,-0.166832,-0.198815,-0.001378,-0.154838,-0.0445,0.003555,0.002912
0,0.011576,-0.000126,0.225364,0.150567,0.230668,0.158782,0.000202,2e-06
0,-0.120869,0.029836,-0.147728,0.044217,-0.185582,0.024551,0.00211,0.000521
0,-0.207235,0.04206,-0.084014,0.00446,-0.126982,-0.040359,0.003617,0.000734
0,-0.097994,0.102073,0.087532,0.037403,0.069978,0.085479,0.00171,0.001782
0,-0.006587,-0.006886,0.121326,-0.115483,0.131645,-0.097969,0.000115,0.00012
0,0.021963,0.030276,0.020262,0.030712,-0.011503,0.026312,0.000383,0.000528
0,-0.191144,0.013953,-0.240938,-0.018948,-0.203724,0.021876,0.003336,0.000244
0,-0.060684,-0.028954,0.130655,-0.050673,0.081853,-0.011251,0.001059,0.000505
0,0.022867,-0.027597,0.074646,-0.008184,0.028416,-0.026133,0.000399,0.000482
0,-0.065451,-0.150283,-0.109925,-0.111487,-0.120563,-0.129035,0.001142,0.002623
0,0.031119,0.037041,0.095117,0.163545,0.090008,0.169187,0.000543,0.000646
0,-0.14863,-0.207737,-0.190087,-0.231574,-0.152686,-0.248904,0.002594,0.003626
0,-0.015451,-0.168987,0.117357,0.026434,0.114813,0.062307,0.00027,0.002949
0,-0.025388,-0.035448,-0.029494,0.15621,-0.03363,0.200018,0.000443,0.000619
0,0.008767,-0.070939,0.009556,-0.047983,-0.010067,-0.095112,0.000153,0.001238
0,-0.014793,0.000576,-0.008862,0.059937,-0.027844,0.092993,0.000258,1e-05
0,0.131714,-0.100064,0.156341,-0.130005,0.111143,-0.139246,0.002299,0.001746
0,0.229053,-0.187128,0.095618,-0.076669,0.08359,-0.117151,0.003998,0.003266
0,0.121095,-0.221024,-0.086091,-0.028576,-0.081271,-0.064281,0.002114,0.003858
0,0.111924,-0.177659,-0.03125,0.033532,-0.061666,-0.007307,0.001953,0.003101
0,0.096246,-0.044466,0.003194,0.158256,-0.043553,0.168833,0.00168,0.000776
0,0.136456,0.003021,0.069699,0.066658,0.092773,0.08768,0.002382,5.3e-05
0,0.069681,-0.003708,-0.093139,0.006022,-0.129862,0.036248,0.001216,6.5e-05
0,-0.009373,-0.220909,-0.100397,-0.215681,-0.099316,-0.223642,0.000164,0.003856
0,0.090899,-0.187994,0.099797,0.043573,0.146691,0.015858,0.001586,0.003281
0,0.131376,-0.231764,0.047912,-0.051958,0.04468,-0.027066,0.002293,0.004045
0,0.073316,0.076329,-0.031421,0.330817,-0.012897,0.301408,0.00128,0.001332
0,-0.035434,0.032696,-0.108947,-0.017491,-0.083345,0.010117,0.000618,0.000571
0,0.061503,0.001418,0.097283,-0.032288,0.072791,-0.003941,0.001073,2.5e-05
0,-0.068893,-0.164216,-0.150208,-0.174279,-0.168073,-0.189892,0.001202,0.002866
0,-0.240806,0.064453,-0.151492,0.241982,-0.189845,0.241458,0.004203,0.001125
0,-0.122636,-0.098244,0.124281,-0.172908,0.160594,-0.14908,0.00214,0.001715
0,-0.210177,-0.027472,-0.076307,0.053544,-0.034102,0.0108,0.003668,0.000479
0,0.024143,-0.090453,0.226352,-0.03638,0.235092,0.002263,0.000421,0.001579
0,0.132357,-0.141225,0.109819,-0.05302,0.085026,-0.085501,0.00231,0.002465
0,0.050428,-0.118661,-0.06312,0.04166,-0.1002,0.018893,0.00088,0.002071
0,-0.123262,-0.114153,-0.150088,-0.02074,-0.113523,-0.055348,0.002151,0.001992
0,0.11139,0.074877,0.259238,0.161335,0.298345,0.140609,0.001944,0.001307
0,0.069854,0.13704,-0.02138,0.064759,-0.057779,0.076532,0.001219,0.002392
0,-0.108026,-0.09429,-0.206165,-0.253944,-0.181176,-0.269572,0.001885,0.001646
0,0.0557,-0.001098,0.142817,0.088227,0.101516,0.113549,0.000972,1.9e-05
0,-0.120907,0.161106,-0.183819,0.166109,-0.208362,0.149369,0.00211,0.002812
0,0.045419,0.008415,0.174187,-0.173452,0.214145,-0.15263,0.000793,0.000147
0,0.009956,0.144887,-0.056506,0.117416,-0.104392,0.136495,0.000174,0.002529
0,-0.078117,-0.09185,-0.063964,-0.220365,-0.070166,-0.191615,0.001363,0.001603
0,1.976062,1.03096,2.0252,1.11958,2.061811,1.094781,0.000766,0.00551
0,4.017533,1.43986,2.059998,0.397319,2.054431,0.369322,0.000391,0.001627
0,5.264962,1.338418,1.242977,-0.088673,1.221189,-0.08631,0.002123,0.000144
0,4.482611,1.425685,-0.786053,0.107438,-0.791937,0.146259,0.004026,0.001379
0,4.109717,1.183833,-0.38487,-0.220808,-0.339901,-0.19499,0.001218,0.002842
0,2.562454,0.934877,-1.521241,-0.220526,-1.473615,-0.176605,0.002284,0.004565
0,2.026118,0.613303,-0.529558,-0.327306,-0.544669,-0.323799,0.000107,0.001048
0,1.054663,0.345294,-0.967871,-0.249871,-1.014821,-0.233796,0.005096,0.005725
0,0.833838,0.038969,-0.230738,-0.294138,-0.254378,-0.311517,0.002802,0.00068
0,-0.005403,-0.013919,-0.852253,-0.037266,-0.850408,-0.01629,9.4e-05,0.000243
0,-0.009784,0.091134,-0.005023,0.086984,-0.051455,0.072593,0.000171,0.001591
0,-0.030023,-0.151261,-0.014817,-0.269425,-0.012137,-0.255944,0.000524,0.00264
0,0.111872,-0.050305,0.149576,0.074416,0.195627,0.122744,0.001953,0.000878
0,0.064265,-0.048517,-0.031334,-0.024338,-0.067225,0.001855,0.001122,0.000847
0,0.118081,0.068679,0.076295,0.087595,0.102288,0.071824,0.002061,0.001199
0,0.063371,0.054772,-0.056827,-0.028225,-0.066599,-0.021835,0.001106,0.000956
0,-0.006692,0.050869,-0.044944,0.001395,-0.08408,0.018537,0.000117,0.000888
0,0.144515,-0.168558,0.124654,-0.197286,0.115055,-0.194467,0.002522,0.002942
0,0.205996,0.086228,0.05922,0.244402,0.013116,0.223787,0.003595,0.001505
0,1.447245,0.635154,1.215768,0.578585,1.22726,0.561157,0.001756,0.000666
0,2.546779,0.93682,1.123819,0.278349,1.082808,0.321504,0.002557,0.004599
0,2.660026,0.930299,0.114328,0.010476,0.103148,0.04065,0.000581,0.004485
0,3.300452,0.821289,0.65353,-0.091754,0.664503,-0.125678,0.001155,0.002582
0,2.937464,0.970733,-0.378376,0.16995,-0.416813,0.185451,0.004262,0.005191
0,2.781781,1.107774,-0.181104,0.114305,-0.173291,0.14233,0.001544,0.004169
0,2.301444,0.821349,-0.496671,-0.258194,-0.477364,-0.240784,0.004913,0.002584
0,1.809877,0.689534,-0.475951,-0.137174,-0.451256,-0.117941,0.003667,0.000283
0,1.736742,0.403982,-0.058793,-0.302675,-0.088729,-0.310834,0.004943,0.004701
0,1.40339,0.286923,-0.348686,-0.127803,-0.30838,-0.140959,0.00099,0.005008
0,1.120195,0.271132,-0.263811,0.007773,-0.299853,-0.029076,0.003952,0.004732
0,0.644669,0.08254,-0.490486,-0.20744,-0.464728,-0.240865,0.0005,0.001441
0,0.235209,0.007317,-0.39936,-0.085873,-0.427333,-0.121047,0.004105,0.000128
0,-0.134279,-0.138596,-0.394648,-0.142622,-0.354647,-0.157434,0.002344,0.002419
0,-0.05786,-0.108235,0.067865,0.057648,0.025305,0.00838,0.00101,0.001889
0,-0.368317,-0.231632,-0.298383,-0.127044,-0.253189,-0.112751,0.005323,0.004043
0,-0.178328,-0.140753,0.18623,0.077592,0.220301,0.087585,0.003112,0.002457
0,-0.281044,-0.102324,-0.080035,0.034452,-0.073609,0.011027,0.004905,0.001786
0,-0.333985,-0.063465,-0.071073,0.047358,-0.08872,0.00411,0.005829,0.001108
0,-0.221303,-0.239856,0.120385,-0.150742,0.118204,-0.157465,0.003862,0.004186
0,-0.393801,-0.145169,-0.144865,0.112926,-0.114755,0.095342,0.004879,0.002534
0,-0.233959,-0.002296,0.173365,0.129349,0.198846,0.115094,0.004083,4e-05
0,-0.216905,-0.158277,0.034305,-0.178292,0.050665,-0.143574,0.003786,0.002762
0,-0.080211,-0.060861,0.134514,0.124804,0.106348,0.157983,0.0014,0.001062
0,-0.149262,-0.074277,-0.094951,0.00752,-0.064608,0.029717,0.002605,0.001296
0,-0.144124,-0.138986,-0.017323,-0.041986,-0.064126,-0.004179,0.002515,0.002426
0,-0.033711,-0.16915,0.102734,-0.044487,0.141834,-0.024258,0.000588,0.002952
0,-0.129925,-0.164308,-0.0789,-0.006405,-0.067322,0.007041,0.002268,0.002868
0,-0.198554,-0.157558,-0.047693,-0.007833,-0.055707,-0.030865,0.003465,0.00275
0,-0.077704,0.002073,0.126946,0.151502,0.078386,0.120284,0.001356,3.6e-05
0,-0.074403,-0.063418,0.005046,-0.070388,-0.03095,-0.098561,0.001299,0.001107
0,-0.154595,0.055035,-0.055335,0.089072,-0.037099,0.057847,0.002698,0.000961
0,-0.055668,0.023651,0.125163,-0.021811,0.151114,-0.00744,0.000972,0.000413
0,-0.200324,-0.035225,-0.171268,-0.056702,-0.143633,-0.074106,0.003496,0.000615
0,-0.054628,-0.04698,0.160328,-0.017138,0.186825,-0.002721,0.000953,0.00082
0,-0.026746,-0.08415,0.035605,-0.04331,0.085151,-0.04219,0.000467,0.001469
0,-0.091369,-0.156529,-0.042035,-0.056905,-0.027262,-0.041618,0.001595,0.002732
0,-0.039322,-0.069738,0.061629,0.116591,0.068323,0.16378,0.000686,0.001217
0,-0.090969,-0.126137,-0.030801,-0.05413,0.0069,-0.015252,0.001588,0.002202
0,-0.028664,0.064109,0.091456,0.172867,0.114289,0.176469,0.0005,0.001119
0,-0.054004,-0.145892,-0.05313,-0.225814,-0.029138,-0.189323,0.000943,0.002546
0,0.037806,-0.146118,0.093149,0.022386,0.065481,0.014638,0.00066,0.00255
0,-0.069925,0.063132,-0.086414,0.229333,-0.06525,0.26423,0.00122,0.001102
0,-0.137929,-0.155182,-0.056771,-0.243444,-0.019903,-0.26577,0.002407,0.002708
0,-0.012299,0.015259,0.144592,0.185444,0.144039,0.196678,0.000215,0.000266
0,-0.187515,0.087805,-0.203843,0.062003,-0.168252,0.051385,0.003273,0.001532
0,-0.026228,-0.052785,0.140771,-0.142588,0.10194,-0.138873,0.000458,0.000921
0,-0.139342,0.145815,-0.132765,0.17204,-0.112545,0.156721,0.002432,0.002545
0,-0.02016,-0.017795,0.100722,-0.174663,0.147247,-0.135559,0.000352,0.000311
0,-0.158951,0.022556,-0.114732,0.051682,-0.14779,0.095039,0.002774,0.000394
0,-0.188685,0.064455,-0.029777,0.060588,0.011199,0.059503,0.003293,0.001125
0,-0.121716,-0.093722,0.049504,-0.149475,0.093288,-0.105213,0.002124,0.001636
0,0.064239,0.110037,0.207753,0.176128,0.233973,0.139865,0.001121,0.001921
0,0.038888,0.121621,-0.009602,-0.00724,-0.043737,-0.017492,0.000679,0.002123
0,-0.07534,0.038994,-0.111452,-0.08921,-0.086976,-0.074564,0.001315,0.000681
0,-0.096206,-0.026364,-0.020438,-0.054936,-0.024967,-0.014705,0.001679,0.00046
0,-0.017046,-0.087527,0.108133,-0.033421,0.074385,-0.064367,0.000298,0.001528
0,0.011675,-0.136617,0.038508,-0.060945,0.072211,-0.045172,0.000204,0.002384
0,0.156341,0.017161,0.132262,0.138751,0.132783,0.153433,0.002729,0.0003
0,0.048243,0.034337,-0.126747,0.000935,-0.149883,0.036738,0.000842,0.000599
0,0.073008,-0.024996,0.035803,-0.084767,0.013387,-0.11708,0.001274,0.000436
0,-0.004293,-0.162563,-0.063129,-0.134185,-0.022435,-0.133561,7.5e-05,0.002837
0,-0.091028,-0.125492,-0.105982,0.064742,-0.105538,0.085217,0.001589,0.00219
0,-0.150145,0.055944,-0.040549,0.159639,-0.022507,0.16516,0.002621,0.000976
0,-0.165501,-0.089644,-0.040614,-0.148784,-0.056661,-0.158128,0.002889,0.001565
0,-0.108589,-0.172431,0.075596,-0.096337,0.083005,-0.094053,0.001895,0.003009
0,0.018677,-0.104684,0.1264,0.03791,0.123033,0.068439,0.000326,0.001827
0,4.002397,-1.422025,3.978443,-1.316729,3.973374,-1.287474,0.000655,0.001316
0,5.264263,-1.8194,1.23944,-0.382624,1.276717,-0.348096,0.002135,0.003501
0,5.052913,-2.38709,-0.185727,-0.590955,-0.151569,-0.559929,0.005824,0.005344
0,5.239924,-1.861651,0.160392,0.544868,0.149652,0.515216,0.00256,0.002763
0,3.584392,-1.371189,-1.656897,0.501691,-1.697456,0.45819,0.003801,0.000428
0,2.331145,-1.207034,-1.262893,0.160915,-1.297994,0.158113,0.005431,0.002437
0,1.941851,-0.89157,-0.364496,0.321268,-0.315865,0.31194,0.001363,0.003809
0,1.34335,-0.621261,-0.594204,0.293035,-0.625005,0.285643,5.8e-05,0.000909
0,0.76888,-0.29015,-0.54495,0.339154,-0.538753,0.369476,0.001668,0.005064
0,0.51125,-0.18431,-0.231735,0.105817,-0.267768,0.125915,0.002829,0.003217
0,0.066784,-0.074112,-0.43369,0.09109,-0.423236,0.042246,0.001166,0.001293
0,-0.146218,-0.021855,-0.183172,0.065098,-0.14992,0.074842,0.002552,0.000381
0,0.784559,0.149569,0.955188,0.193261,0.984561,0.207186,0.001941,0.00261
0,1.27898,0.510494,0.520559,0.352175,0.501468,0.304504,0.001181,0.002842
0,1.623533,0.664621,0.35795,0.177765,0.351851,0.178194,0.004833,0.000152
0,1.754172,0.479464,0.13266,-0.210903,0.09029,-0.230999,0.004639,0.003383
0,1.304438,0.836391,-0.422807,0.336969,-0.464826,0.383735,0.000737,0.002846
0,0.996312,0.913245,-0.287535,0.086781,-0.279891,0.054845,0.005637,0.004187
0,0.879313,0.700592,-0.111843,-0.19957,-0.122278,-0.176014,0.003595,0.000476
0,0.785345,0.539752,-0.087144,-0.150538,-0.047272,-0.157534,0.001955,0.002331
0,0.497005,0.422965,-0.273452,-0.093191,-0.294969,-0.080914,0.003077,0.00437
0,0.209979,0.409654,-0.304612,-0.003383,-0.325306,-0.018891,0.003665,0.004602
0,0.280256,0.201957,0.089777,-0.195813,0.062397,-0.217538,0.004891,0.003525
0,0.121111,0.191488,-0.156511,0.006115,-0.174516,0.030412,0.002114,0.003342
0,-0.005427,-0.067684,-0.13105,-0.269633,-0.103421,-0.277443,9.5e-05,0.001181
0,-0.001002,-0.189494,-0.006598,-0.101975,0.038489,-0.094081,1.7e-05,0.003307
0,-0.035191,-0.003458,-0.006199,0.16653,-0.036039,0.179082,0.000614,6e-05
0,0.051715,-0.195748,0.114205,-0.194348,0.162978,-0.220528,0.000903,0.003416
0,0.032015,-0.085755,-0.043614,0.1006,-0.049094,0.132725,0.000559,0.001497
0,0.093778,-0.113912,0.033558,-0.01495,0.030192,-0.062489,0.001637,0.001988
0,0.090751,-0.191813,-0.03247,-0.060512,-0.080174,-0.094833,0.001584,0.003348
0,0.016061,-0.048062,-0.087292,0.114067,-0.111303,0.127322,0.00028,0.000839
0,0.093013,-0.071087,0.069931,-0.004316,0.086584,-0.012219,0.001623,0.001241
0,-0.158626,0.008095,-0.274576,0.082086,-0.279234,0.103496,0.002769,0.000141
0,-0.145865,-0.116622,0.026159,-0.121402,0.067815,-0.0876,0.002546,0.002035
0,-0.081173,-0.12977,0.075004,-0.020746,0.0469,-0.058834,0.001417,0.002265
0,-0.200775,-0.054148,-0.114586,0.065362,-0.108682,0.029374,0.003504,0.000945
0,-0.015493,-0.045138,0.165395,-0.017844,0.164958,-0.000652,0.00027,0.000788
0,-0.097125,-0.125496,-0.108158,-0.087868,-0.093803,-0.055167,0.001695,0.00219
0,-0.147165,-0.199364,-0.061587,-0.097035,-0.040361,-0.088455,0.002569,0.00348
0,-0.039137,0.017287,0.105471,0.215575,0.09574,0.176751,0.000683,0.000302
0,-0.0878,-0.245878,-0.041526,-0.279779,-0.00836,-0.231903,0.001532,0.004291
0,-0.132289,-0.194631,-0.040421,0.046069,-0.05303,0.036975,0.002309,0.003397
0,-0.130249,-0.240416,-0.002944,-0.072955,0.00898,-0.053063,0.002273,0.004196
0,0.059234,0.033336,0.172234,0.279723,0.213384,0.283759,0.001034,0.000582
0,0.032302,-0.107005,-0.006603,-0.12424,-0.025882,-0.126661,0.000564,0.001868
0,-0.078379,0.052301,-0.100668,0.138092,-0.128011,0.167062,0.001368,0.000913
0,0.087884,-0.211599,0.190638,-0.268626,0.19826,-0.285437,0.001534,0.003693
0,-0.048146,-0.165569,-0.156883,0.01649,-0.202938,0.021366,0.00084,0.00289
0,-0.074378,0.02564,-0.041276,0.206457,-0.069052,0.233142,0.001298,0.000448
0,0.0027,-0.064909,0.062816,-0.090715,0.075556,-0.103479,4.7e-05,0.001133
0,-0.045597,-0.064679,-0.043817,-0.009897,-0.079973,-0.018856,0.000796,0.001129
0,0.152119,-0.073671,0.201146,-0.015158,0.166574,-0.022283,0.002655,0.001286
0,-0.01429,0.055057,-0.14006,0.112798,-0.189345,0.117128,0.000249,0.000961
0,0.10437,0.066188,0.135866,0.037001,0.102473,0.057816,0.001822,0.001155
0,0.017814,0.116385,-0.106993,0.056603,-0.129256,0.104712,0.000311,0.002031
0,-0.087912,0.133805,-0.103218,0.026168,-0.14639,-0.021223,0.001534,0.002335
0,0.052764,-0.047603,0.150429,-0.191773,0.155722,-0.226025,0.000921,0.000831
0,0.107223,0.017248,0.069848,0.075452,0.055934,0.10329,0.001871,0.000301
0,-0.084489,-0.102568,-0.216067,-0.098639,-0.236098,-0.064656,0.001475,0.00179
0,0.124257,-0.160166,0.195594,-0.071558,0.227895,-0.041156,0.002169,0.002795
0,-0.071558,0.116453,-0.204304,0.248193,-0.194801,0.292262,0.001249,0.002032
0,-0.019264,-0.000923,0.053407,-0.127769,0.013067,-0.139653,0.000336,1.6e-05
0,-0.133716,0.016857,-0.124981,0.041052,-0.127446,-0.004697,0.002334,0.000294
0,-0.035681,-0.093819,0.123864,-0.121997,0.168326,-0.145093,0.000623,0.001637
0,-0.039864,0.134478,0.003644,0.226273,-0.024099,0.227541,0.000696,0.002347
0,0.143855,-0.001372,0.202299,-0.151477,0.204037,-0.128784,0.002511,2.4e-05
0,0.024733,-0.025669,-0.11,-0.016634,-0.110388,-0.051097,0.000432,0.000448
0,-0.157245,-0.135772,-0.168034,-0.11995,-0.118712,-0.093801,0.002744,0.00237
0,0.016188,-0.100986,0.162925,0.021632,0.134414,0.008078,0.000283,0.001763
0,-0.13208,-0.060431,-0.159324,0.034858,-0.18353,0.032383,0.002305,0.001055
0,0.03201,-0.041054,0.186589,-0.006998,0.171224,0.015171,0.000559,0.000717
0,0.111443,0.11258,0.069998,0.157991,0.118781,0.169975,0.001945,0.001965
0,0.000341,-0.153866,-0.08249,-0.279976,-0.067634,-0.328553,6e-06,0.002685
0,0.155275,0.110845,0.17367,0.274529,0.213528,0.233334,0.00271,0.001935
0,0.104024,0.091607,-0.053927,-0.044192,-0.086907,-0.093933,0.001816,0.001599
0,-0.125027,-0.08945,-0.249806,-0.157852,-0.276506,-0.169824,0.002182,0.001561
0,0.001986,-0.191497,0.149461,-0.099564,0.105863,-0.132585,3.5e-05,0.003342
0,-0.115778,-0.058237,-0.098305,0.13861,-0.048676,0.168873,0.002021,0.001016
0,-0.114657,0.094422,-0.003027,0.141512,-0.000224,0.131015,0.002001,0.001648
0,0.112385,-0.174253,0.222868,-0.290403,0.227252,-0.294911,0.001961,0.003041
0,0.000155,0.066122,-0.082839,0.225913,-0.104366,0.207711,3e-06,0.001154
0,-0.025201,0.01502,-0.041808,-0.047178,-0.08279,-0.00524,0.00044,0.000262
0,0.03142,0.106931,0.053436,0.111466,0.070735,0.130968,0.000548,0.001866
0,0.148543,0.099859,0.117725,0.000422,0.098949,-0.000951,0.002593,0.001743
0,0.089251,0.00202,-0.038478,-0.078596,-0.020009,-0.034194,0.001558,3.5e-05
0,0.092491,-0.142826,0.031449,-0.126646,0.006279,-0.082558,0.001614,0.002493
0,0.024966,-0.144674,-0.041083,-0.019846,-0.013587,-0.050074,0.000436,0.002525
0,0.08248,0.006558,0.064829,0.125636,0.015635,0.16353,0.00144,0.000114
0,-0.152769,0.024409,-0.217578,-0.006487,-0.169423,0.01289,0.002666,0.000426
0,0.015159,-0.048632,0.150732,-0.074994,0.115713,-0.116196,0.000265,0.000849
0,-0.052269,-0.180601,-0.080718,-0.158593,-0.047155,-0.141745,0.000912,0.003152
0,-0.15822,-0.176177,-0.119289,0.015078,-0.079109,0.003434,0.002761,0.003075
0,-0.035951,0.051931,0.101275,0.218554,0.101257,0.243133,0.000627,0.000906
0,-0.232974,-0.153049,-0.205625,-0.234397,-0.19554,-0.219251,0.004066,0.002671
0,-0.077174,-0.141751,0.13377,-0.01337,0.15056,-0.050863,0.001347,0.002474
0,-0.064647,-0.002851,0.006227,0.117727,-0.043164,0.083749,0.001128,5e-05
0,0.01515,-0.254904,0.107342,-0.263399,0.103865,-0.272802,0.000264,0.004449
0,-0.155881,0.058751,-0.191764,0.318476,-0.209325,0.30624,0.002721,0.001025
0,0.073438,0.012765,0.205289,-0.071848,0.178313,-0.039,0.001282,0.000223
0,-0.179898,-0.215255,-0.281806,-0.248908,-0.264078,-0.248336,0.00314,0.003757
0,-0.123915,-0.078704,0.072466,0.139632,0.026917,0.114407,0.002163,0.001374
0,-0.098085,-0.137844,0.046364,-0.035965,0.036202,-0.004936,0.001712,0.002406
0,0.016712,-0.195136,0.089277,-0.066278,0.100156,-0.017417,0.000292,0.003406
0,0.052019,-0.215158,0.015578,-0.045692,0.05398,-0.060572,0.000908,0.003755
0,-0.156509,-0.209632,-0.219173,-0.013294,-0.207794,0.019422,0.002732,0.003659
0,-0.038182,-0.195686,0.146161,-0.010183,0.120415,0.033179,0.000666,0.003415
0,0.130318,-0.110026,0.159998,0.086233,0.162435,0.048063,0.002274,0.00192
0,-0.133801,-0.211298,-0.239313,-0.123756,-0.282744,-0.129877,0.002335,0.003688
0,0.617073,-1.515135,0.7585,-1.284631,0.721001,-1.330208,0.000982,0.002941
0,0.921551,-1.435351,0.333854,0.101638,0.321393,0.127003,0.004332,0.001548
0,1.16513,-1.536381,0.228749,-0.092236,0.250261,-0.065083,0.003168,0.003312
0,0.848493,-1.681248,-0.295178,-0.128497,-0.245801,-0.105912,0.003057,0.00584
0,0.978355,-1.646102,0.115,0.027083,0.097381,0.066007,0.005324,0.005227
0,0.689642,-1.305682,-0.314801,0.330983,-0.301967,0.34378,0.000285,0.000715
0,0.559184,-0.991627,-0.160105,0.306233,-0.115951,0.307831,0.001992,0.005555
0,0.517409,-0.858392,-0.041856,0.149741,-0.027234,0.100644,0.002721,0.00323
0,0.153044,-0.773132,-0.365858,0.055504,-0.380304,0.017688,0.002671,0.001742
0,0.223172,-0.241013,0.067694,0.561025,0.041867,0.600227,0.003895,0.004206
0,0.277656,-0.271631,0.053727,-0.029991,0.017178,-0.062215,0.004846,0.004741
0,0.225278,-0.075828,-0.053534,0.1893,-0.057156,0.168084,0.003932,0.001323
0,0.004094,-0.181297,-0.212658,-0.120132,-0.21942,-0.16161,7.1e-05,0.003164
0,-0.117252,-0.106852,-0.09274,0.075863,-0.124684,0.079228,0.002046,0.001865
0,-0.117238,-0.134361,-0.017035,-0.024602,-0.010402,-0.063671,0.002046,0.002345
0,0.040016,0.020426,0.182931,0.160913,0.141801,0.168407,0.000698,0.000357
0,0.090184,-0.131451,0.057623,-0.159717,0.039473,-0.154139,0.001574,0.002294
0,-0.101699,0.002618,-0.183915,0.163101,-0.157999,0.21283,0.001775,4.6e-05
0,-0.062237,0.066275,0.01759,0.055288,0.060162,0.018268,0.001086,0.001157
0,-0.004387,0.040172,0.070376,-0.024789,0.052367,0.001592,7.7e-05,0.000701
0,0.067721,-0.005416,0.082887,-0.061532,0.110286,-0.074907,0.001182,9.5e-05
0,-0.087803,-0.027243,-0.161103,-0.029879,-0.158339,-0.029148,0.001532,0.000475
0,0.050818,0.168792,0.166024,0.215773,0.141391,0.207835,0.000887,0.002946
0,-0.194603,0.058079,-0.268483,-0.089807,-0.311948,-0.120011,0.003396,0.001014
0,-0.126256,0.036153,0.081676,-0.012757,0.076709,-0.037922,0.002204,0.000631
0,-0.119008,-0.034584,-0.002279,-0.048609,-0.032516,-0.079354,0.002077,0.000604
0,-0.124177,-0.016616,0.013884,0.029647,0.037053,0.072721,0.002167,0.00029
0,-0.053482,-0.105026,0.047823,-0.114503,0.017446,-0.076157,0.000933,0.001833
0,0.107326,-0.003734,0.145222,0.090639,0.188775,0.080204,0.001873,6.5e-05
0,0.125745,0.129674,0.012773,0.156884,0.048312,0.159377,0.002195,0.002263
0,-0.105806,-0.076326,-0.248759,-0.218622,-0.28302,-0.182221,0.001847,0.001332
0,0.112154,0.095437,0.226801,0.15846,0.177531,0.207024,0.001957,0.001666
0,0.009973,-0.159976,-0.12338,-0.233881,-0.109646,-0.228731,0.000174,0.002792
0,0.02395,0.0621,-0.011937,0.244997,-0.048436,0.211187,0.000418,0.001084
0,-0.037789,0.080477,-0.067863,0.04217,-0.045685,0.073311,0.00066,0.001405
0,0.088154,-0.097501,0.133043,-0.164048,0.107954,-0.184581,0.001539,0.001702
0,-0.104924,0.035729,-0.184071,0.133203,-0.228694,0.12235,0.001831,0.000624
0,-0.027257,0.051043,0.102443,0.011122,0.091852,0.056415,0.000476,0.000891
0,0.110103,-0.129559,0.155795,-0.175738,0.123511,-0.157265,0.001922,0.002261
0,0.123981,-0.16637,-0.008097,-0.01957,0.003188,-0.058003,0.002164,0.002904
0,0.045661,-0.046556,-0.106689,0.14655,-0.060601,0.112944,0.000797,0.000813
0,-0.031705,-0.070858,-0.099288,-0.035685,-0.055355,-0.084611,0.000553,0.001237
0,0.033939,0.058514,0.090008,0.118337,0.051422,0.116413,0.000592,0.001021
0,-0.103241,0.019484,-0.122624,-0.029021,-0.102485,-0.076673,0.001802,0.00034
0,-0.165929,0.050194,-0.058082,0.002059,-0.049065,-0.019297,0.002896,0.000876
0,0.129352,0.123484,0.323799,0.085828,0.356869,0.112994,0.002258,0.002155
0,0.007547,-0.095065,-0.117982,-0.209733,-0.10062,-0.246306,0.000132,0.001659
0,-0.030757,0.076311,-0.057234,0.143805,-0.028182,0.113361,0.000537,0.001332
0,0.05842,-0.047635,0.062357,-0.128213,0.051938,-0.169614,0.00102,0.000831
0,0.050857,-0.0824,0.00946,-0.038917,-0.038163,-0.078785,0.000888,0.001438
0,-0.065863,-0.014629,-0.094411,0.089998,-0.113975,0.128209,0.00115,0.000255
0,-0.159207,0.021535,-0.118686,0.011109,-0.119167,0.031557,0.002779,0.000376
0,-0.105269,0.130062,0.068195,0.083608,0.043467,0.091512,0.001837,0.00227
0,-0.129329,-0.13068,-0.05253,-0.285786,-0.052474,-0.295999,0.002257,0.002281
0,-0.02517,0.030286,0.123872,0.168544,0.140331,0.137384,0.000439,0.000529
0,0.049297,0.094607,0.072697,0.076753,0.045845,0.102595,0.00086,0.001651
0,-0.074618,0.005865,-0.113257,-0.082256,-0.139865,-0.059194,0.001302,0.000102
0,-0.172894,-0.0325,-0.078975,-0.019588,-0.12272,-0.013114,0.003018,0.000567
0,-0.061658,-0.056271,0.098023,-0.044075,0.116836,-0.024666,0.001076,0.000982
0,-0.135859,-0.008521,-0.050922,0.053127,-0.070969,0.102027,0.002371,0.000149
0,0.03789,-0.06138,0.167867,-0.082698,0.12637,-0.116517,0.000661,0.001071
0,-0.080862,0.049827,-0.108682,0.122186,-0.107491,0.155664,0.001411,0.00087
0,0.111957,0.103404,0.220164,0.071061,0.223631,0.092441,0.001954,0.001805
0,-0.042967,0.018884,-0.175122,-0.065648,-0.19541,-0.076432,0.00075,0.00033
0,-0.206302,-0.063609,-0.15634,-0.070306,-0.183678,-0.075058,0.003601,0.00111
0,0.0358,-0.023647,0.24724,0.065326,0.199001,0.065858,0.000625,0.000413
0,0.013604,0.188678,-0.012536,0.215116,-0.02321,0.229872,0.000237,0.003293
0,0.086433,0.06571,0.061592,-0.112216,0.110116,-0.14368,0.001509,0.001147
0,-0.099937,0.035476,-0.194844,-0.028456,-0.219297,-0.066793,0.001744,0.000619
0,0.035867,-0.096721,0.150063,-0.105317,0.165966,-0.137799,0.000626,0.001688
0,-0.143311,0.008647,-0.196549,0.132082,-0.149326,0.170236,0.002501,0.000151
0,-0.088783,-0.055563,0.026492,-0.08908,0.026992,-0.052632,0.00155,0.00097
0,-0.146394,0.055384,-0.086201,0.092576,-0.114533,0.079464,0.002555,0.000967
0,0.014673,-0.066303,0.158544,-0.110084,0.116873,-0.123785,0.000256,0.001157
0,0.013229,-0.085427,0.002142,0.005698,-0.047846,-0.020233,0.000231,0.001491
0,-0.060147,-0.017485,-0.091625,0.092269,-0.112587,0.135457,0.00105,0.000305
0,2.748711,0.102539,2.821665,0.093392,2.830329,0.082541,0.000967,0.00179
0,4.559231,0.107295,1.838736,-0.01028,1.802584,-0.005086,0.002688,0.001873
0,6.052241,-0.037473,1.501155,-0.163946,1.460563,-0.187412,0.000134,0.000654
0,5.773773,0.037581,-0.278864,0.062799,-0.293657,0.083552,0.004994,0.000656
0,5.189528,0.093886,-0.571231,0.032281,-0.567977,0.026107,0.003439,0.001639
0,3.380986,0.243584,-1.817362,0.122842,-1.7682,0.122526,0.000251,0.004251
0,1.762371,0.120364,-1.621109,-0.148724,-1.577822,-0.166439,0.004496,0.002101
0,0.850531,0.002403,-0.906944,-0.10314,-0.905585,-0.150682,0.003093,4.2e-05
0,0.133844,-0.014393,-0.707232,0.009221,-0.740444,0.031373,0.002336,0.000251
0,-0.156269,0.119039,-0.296532,0.132011,-0.257048,0.16675,0.002727,0.002078
0,-0.324894,0.212413,-0.172773,0.122574,-0.200829,0.118013,0.00567,0.003707
0,-0.344415,-0.034187,-0.048507,-0.224048,-0.081198,-0.19738,0.005741,0.000597
0,-0.410975,-0.046502,-0.056596,-0.041877,-0.046782,-0.075995,0.004579,0.000812
0,-0.223882,0.067798,0.203678,0.08509,0.199992,0.124877,0.003907,0.001183
0,-0.112198,0.023096,0.140673,-0.056097,0.118255,-0.068972,0.001958,0.000403
0,-0.37414,0.221595,-0.269813,0.192697,-0.280157,0.209674,0.005222,0.003868
0,-0.142389,0.13591,0.254155,-0.104134,0.231,-0.095443,0.002485,0.002372
0,-0.159176,-0.00865,-0.037909,-0.136239,-0.015803,-0.154277,0.002778,0.000151
0,-0.010968,-0.01731,0.167369,0.013814,0.19166,-0.012132,0.000191,0.000302
0,-0.134909,0.221012,-0.130158,0.237393,-0.132182,0.193539,0.002355,0.003857
0,-0.263052,-0.061795,-0.109501,-0.263027,-0.101196,-0.288763,0.004591,0.001079
0,0.036102,0.004631,0.316335,0.052957,0.31597,0.006632,0.00063,8.1e-05
0,-0.07266,-0.060532,-0.122772,-0.072597,-0.157811,-0.10036,0.001268,0.001056
0,-0.023284,0.23916,0.076152,0.30573,0.082435,0.300083,0.000406,0.004174
0,-0.090958,0.007628,-0.086067,-0.258032,-0.05889,-0.266487,0.001588,0.000133
0,-0.192531,-0.027745,-0.078842,-0.010754,-0.059143,0.015146,0.00336,0.000484
0,-0.063109,-0.029438,0.099659,-0.018623,0.049898,-0.008814,0.001101,0.000514
0,0.110187,0.104487,0.18375,0.135917,0.222452,0.16088,0.001923,0.001824
0,-0.03727,0.121492,-0.15917,-0.008672,-0.197371,0.016866,0.00065,0.00212
0,0.070803,0.035917,0.115161,-0.080379,0.090749,-0.06483,0.001236,0.000627
0,0.120149,0.029267,0.045623,-0.026826,0.039606,0.019204,0.002097,0.000511
0,-0.083508,0.072003,-0.176766,0.05725,-0.135015,0.032135,0.001457,0.001257
0,0.128623,0.153397,0.185302,0.103036,0.178028,0.108351,0.002245,0.002677
0,0.067824,0.051409,-0.086716,-0.092295,-0.090057,-0.093893,0.001184,0.000897
0,0.10303,0.14462,0.028227,0.111672,0.07081,0.083214,0.001798,0.002524
0,0.181304,0.031227,0.058632,-0.107816,0.101675,-0.088142,0.003164,0.000545
0,0.01224,-0.048011,-0.188202,-0.107572,-0.186938,-0.096637,0.000214,0.000838
0,-0.071579,-0.065704,-0.070904,0.001796,-0.076543,-0.016786,0.001249,0.001147
0,-0.10692,0.058655,-0.028453,0.110953,0.011473,0.129264,0.001866,0.001024
0,-0.098412,0.025546,-0.017637,-0.028644,-0.042593,-0.030516,0.001718,0.000446
0,-0.061051,0.11795,0.054439,0.109566,0.046526,0.137305,0.001066,0.002059
0,0.074673,0.10321,0.1162,-0.017721,0.071242,0.028182,0.001303,0.001801
0,-0.06102,-0.020927,-0.13322,-0.107456,-0.12774,-0.124898,0.001065,0.000365
0,0.137221,0.172327,0.18619,0.184649,0.1533,0.139121,0.002395,0.003008
0,0.021104,0.16564,-0.143597,0.02043,-0.129913,0.026789,0.000368,0.002891
0,0.008707,0.168681,-0.034734,0.019261,-0.018226,0.014199,0.000152,0.002944
0,0.217457,-0.022259,0.230001,-0.195057,0.258359,-0.208071,0.003795,0.000388
0,-0.068207,-0.038277,-0.300224,-0.02978,-0.343663,-0.058494,0.00119,0.000668
0,0.127097,-0.004052,0.186724,0.005617,0.170058,0.0073,0.002218,7.1e-05
0,0.061378,-0.055559,-0.093508,-0.074637,-0.078702,-0.056402,0.001071,0.00097
0,0.007792,0.06578,-0.026586,0.145752,-0.031528,0.15592,0.000136,0.001148
0,0.114614,0.001365,0.08421,-0.041752,0.100119,-0.08233,0.002,2.4e-05
0,0.020415,-0.060412,-0.078589,-0.076826,-0.114155,-0.084956,0.000356,0.001054
0,0.168803,0.079101,0.124172,0.167818,0.122288,0.168388,0.002946,0.001381
0,-0.102294,-0.149184,-0.27164,-0.198388,-0.27299,-0.174277,0.001785,0.002604
0,0.199225,0.12232,0.325669,0.300387,0.293706,0.290784,0.003477,0.002135
0,0.187709,-0.106947,-0.004156,-0.229397,0.033136,-0.191938,0.003276,0.001867
0,0.061224,-0.109309,-0.098944,0.01761,-0.087025,0.046534,0.001069,0.001908
0,-0.06489,0.081978,-0.130274,0.21618,-0.116053,0.232884,0.001133,0.001431
0,0.136741,-0.198207,0.182908,-0.25849,0.210401,-0.226552,0.002387,0.003459
0,0.121248,-0.155888,-0.033147,0.044083,-0.017989,0.024557,0.002116,0.002721
0,-0.09618,0.048003,-0.189425,0.209562,-0.217415,0.18447,0.001679,0.000838
0,0.002706,-0.062296,0.078806,-0.118617,0.050102,-0.069954,4.7e-05,0.001087
0,0.144279,-0.07926,0.133754,-0.03397,0.135948,-0.034161,0.002518,0.001383
0,-0.026234,-0.078023,-0.14615,0.012735,-0.173392,0.001408,0.000458,0.001362
0,-0.186124,0.081526,-0.173735,0.157611,-0.193654,0.188557,0.003248,0.001423
0,-0.127058,0.03159,0.081161,-0.044027,0.099877,-0.075146,0.002218,0.000551
0,-0.180846,-0.187669,-0.038822,-0.191358,-0.008177,-0.234064,0.003156,0.003275
0,-0.161725,0.058473,0.00407,0.253177,0.013343,0.235658,0.002823,0.001021
0,-0.196946,-0.093309,-0.013042,-0.141996,-0.043913,-0.187376,0.003437,0.001629
0,-0.208553,0.005613,-0.022843,0.094361,-0.072337,0.057248,0.00364,9.8e-05
0,-0.252504,-0.046463,-0.016378,-0.043872,-0.037244,-0.02009,0.004407,0.000811
0,-0.086286,0.067473,0.139362,0.13385,0.163043,0.148075,0.001506,0.001178
0,-0.208961,0.108855,-0.146497,0.060398,-0.163146,0.018145,0.003647,0.0019
0,-0.143217,0.091626,0.052361,-0.045029,0.096837,-0.033836,0.0025,0.001599
0,-0.048371,-0.021782,0.108382,-0.135283,0.07398,-0.121719,0.000844,0.00038
0,0.058535,-0.025681,0.127883,0.002635,0.167176,-0.038253,0.001022,0.000448
0,0.05272,0.178216,-0.021635,0.217312,-0.026436,0.245257,0.00092,0.00311
0,0.108814,-0.090403,0.078699,-0.255447,0.106536,-0.276787,0.001899,0.001578
0,-0.000832,-0.07705,-0.097795,0.035267,-0.093077,0.044449,1.5e-05,0.001345
0,1.919325,-0.321091,1.91861,-0.270517,1.943367,-0.231505,0.001757,0.005604
0,3.058102,-0.69184,1.161088,-0.355532,1.188986,-0.36492,0.005385,0.000323
0,4.422738,-1.065688,1.380434,-0.364982,1.409248,-0.354563,0.005071,0.004904
0,4.505993,-0.998184,0.092372,0.061732,0.059863,0.032944,0.003617,0.00567
0,3.444783,-0.870601,-1.039734,0.145148,-1.046663,0.161937,0.001364,0.003443
0,3.236589,-0.71032,-0.204934,0.163274,-0.203674,0.194754,0.002269,0.000646
0,2.509043,-0.586228,-0.744897,0.124089,-0.77532,0.101069,0.003216,0.00152
0,1.862882,-0.351605,-0.620303,0.257863,-0.629044,0.282999,0.002742,0.005615
0,1.52449,-0.322258,-0.347825,0.046593,-0.313685,0.030099,0.003104,0.005624
0,0.992173,-0.193273,-0.541381,0.111598,-0.501,0.083548,0.005565,0.003373
0,0.797993,-0.100742,-0.212508,0.086448,-0.177695,0.093385,0.002176,0.001758
0,0.456401,-0.058646,-0.352372,0.012656,-0.328992,0.028745,0.003786,0.001024
0,0.227726,-0.050248,-0.221573,0.033019,-0.194624,-0.000992,0.003975,0.000877
0,0.15942,-0.016454,-0.069153,0.062629,-0.059459,0.047338,0.002782,0.000287
0,-0.092287,-0.133382,-0.227565,-0.129117,-0.225095,-0.151832,0.001611,0.002328
0,-0.18811,-0.058495,-0.092215,0.098882,-0.081277,0.145446,0.003283,0.001021
0,0.008257,-0.142642,0.22497,-0.088735,0.242133,-0.116442,0.000144,0.00249
0,-0.367108,-0.0374,-0.348086,0.129958,-0.397348,0.115226,0.005344,0.000653
0,-0.193127,-0.096305,0.202269,-0.051292,0.159146,-0.069919,0.003371,0.001681
0,-0.134471,-0.295611,0.081634,-0.211502,0.079739,-0.178667,0.002347,0.005159
0,-0.329752,-0.141154,-0.178144,0.180469,-0.137027,0.208805,0.005755,0.002464
0,-0.294031,-0.277257,0.050697,-0.160733,0.060357,-0.116872,0.005132,0.004839
0,-0.025931,-0.240306,0.241102,0.014287,0.208351,0.034445,0.000453,0.004194
0,-0.147511,-0.162506,-0.121261,0.054835,-0.11338,0.032131,0.002575,0.002836
0,-0.280326,-0.229337,-0.155568,-0.077237,-0.175325,-0.094444,0.004893,0.004003
0,-0.262906,-0.248554,-0.007552,-0.02475,-0.013757,-0.041894,0.004589,0.004338
0,0.022299,-0.123945,0.272534,0.14759,0.265033,0.127912,0.000389,0.002163
0,-0.075829,-0.255443,-0.08957,-0.114424,-0.084155,-0.084693,0.001323,0.004458
0,-0.15651,-0.018641,-0.094782,0.250181,-0.097532,0.280376,0.002732,0.000325
0,-0.232329,-0.223348,-0.059013,-0.213944,-0.098711,-0.190554,0.004055,0.003898
0,-0.092696,-0.042676,0.113505,0.174729,0.133738,0.169784,0.001618,0.000745
0,-0.159777,-0.021443,-0.074492,0.027401,-0.095334,-0.013217,0.002789,0.000374
0,-0.10211,-0.196719,0.076878,-0.147523,0.056455,-0.191843,0.001782,0.003433
0,-0.166253,0.005439,-0.06357,0.179369,-0.080061,0.133663,0.002902,9.5e-05
0,-0.003808,-0.142032,0.178877,-0.130944,0.228477,-0.146256,6.6e-05,0.002479
0,-0.111805,0.031642,-0.136043,0.197181,-0.093342,0.226647,0.001951,0.000552
0,-0.189857,-0.161899,-0.062553,-0.170078,-0.050623,-0.20839,0.003314,0.002826
0,-0.075257,-0.126237,0.093636,0.02019,0.055261,-0.026049,0.001313,0.002203
0,-0.027386,-0.141552,0.039571,-0.028455,0.044096,0.013453,0.000478,0.002471
0,-0.065859,-0.187314,-0.034783,-0.021304,-0.065806,-0.021217,0.001149,0.003269
0,-0.160492,-0.059231,-0.072754,0.117245,-0.118397,0.080899,0.002801,0.001034
0,-0.139436,-0.063144,0.006752,-0.029078,0.04911,0.015782,0.002434,0.001102
0,-0.158685,-0.047915,0.003403,-0.006316,-0.03116,-0.001795,0.00277,0.000836
0,-0.131249,-0.122059,0.018021,-0.10324,-0.014606,-0.068649,0.002291,0.00213
0,-0.045489,-0.064413,0.065676,0.038804,0.048907,0.039555,0.000794,0.001124
0,0.016306,-0.143982,0.076673,-0.051912,0.035924,-0.008731,0.000285,0.002513
0,-0.161101,-0.165664,-0.201018,-0.035121,-0.240325,0.002203,0.002812,0.002891
0,-0.053285,-0.080816,0.096212,0.091624,0.063219,0.067845,0.00093,0.001411
0,-0.207633,0.070594,-0.160658,0.169717,-0.134432,0.137143,0.003624,0.001232
0,-0.226125,-0.103897,-0.032786,-0.184741,-0.073055,-0.139222,0.003947,0.001813
0,0.02131,-0.000723,0.272353,0.113417,0.28323,0.161288,0.000372,1.3e-05
0,-0.141785,-0.115008,-0.149804,-0.118045,-0.110887,-0.129405,0.002475,0.002007
0,0.069864,-0.047642,0.211414,0.074933,0.217716,0.086076,0.001219,0.000832
0,-0.03061,0.04568,-0.122245,0.100704,-0.104033,0.06015,0.000534,0.000797
0,-0.040064,-0.213866,-0.005391,-0.279658,-0.024259,-0.298267,0.000699,0.003733
0,0.038796,-0.010442,0.05826,0.217547,0.023484,0.251196,0.000677,0.000182
0,0.00744,0.045629,-0.031577,0.065729,-0.003829,0.044154,0.00013,0.000796
0,-0.090802,-0.074974,-0.088518,-0.111765,-0.122424,-0.141429,0.001585,0.001309
0,-0.084254,0.064339,0.032347,0.156523,-0.008269,0.112148,0.001471,0.001123
0,0.071365,-0.100499,0.14027,-0.146163,0.113711,-0.137171,0.001246,0.001754
0,0.026923,0.024354,-0.030801,0.139434,-0.051247,0.093931,0.00047,0.000425
0,0.087519,0.142674,0.078906,0.111353,0.06997,0.113607,0.001527,0.00249
0,0.219548,-0.056769,0.106035,-0.199884,0.146767,-0.21353,0.003832,0.000991
0,0.057139,-0.070688,-0.180617,-0.001855,-0.188459,0.033398,0.000997,0.001234
0,0.090773,0.1312,0.012063,0.223084,0.032346,0.243704,0.001584,0.00229
0,-0.11125,0.053662,-0.216887,-0.08179,-0.204751,-0.093907,0.001942,0.000937
0,-0.004645,0.049662,0.097314,-0.016901,0.099041,-0.046516,8.1e-05,0.000867
0,0.051051,-0.118688,0.043523,-0.154159,0.037305,-0.111147,0.000891,0.002071
0,0.072842,-0.040484,0.001395,0.073949,-0.03814,0.028435,0.001271,0.000707
0,0.09225,-0.104473,0.034448,-0.046444,0.03048,-0.095174,0.00161,0.001823
0,-0.035715,-0.144322,-0.11768,-0.04228,-0.116005,-0.034042,0.000623,0.002519
0,0.019707,0.090926,0.081366,0.256286,0.042345,0.20923,0.000344,0.001587
0,0.077098,0.001749,0.032409,-0.095355,0.023292,-0.073256,0.001346,3.1e-05
0,0.19661,0.004829,0.092735,0.032068,0.078527,0.038498,0.003432,8.4e-05
0,0.114661,0.011735,-0.056795,0.02082,-0.049898,0.051507,0.002001,0.000205
0,0.173817,-0.072828,0.050579,-0.066903,0.099692,-0.065077,0.003034,0.001271
0,0.044183,0.09741,-0.13936,0.149446,-0.139389,0.133386,0.000771,0.0017
0,-0.005266,0.11716,-0.075374,0.023093,-0.038274,0.062552,9.2e-05,0.002045
0,-0.084746,-0.011746,-0.065336,-0.119811,-0.026003,-0.147318,0.001479,0.000205
0,-0.053337,-0.017547,0.019745,0.023001,0.044312,-0.013282,0.000931,0.000306
0,-0.032345,-0.061947,0.041734,-0.073747,0.062685,-0.093009,0.000565,0.001081
0,0.006538,0.029523,0.015781,0.066613,-0.009176,0.051701,0.000114,0.000515
0,0.13799,0.03089,0.141262,-0.004331,0.16872,-0.036962,0.002408,0.000539
0,0.130078,0.020863,0.017351,-0.005378,-0.012928,0.026334,0.00227,0.000364
0,-0.115165,0.034577,-0.266347,0.039138,-0.216942,0.045711,0.00201,0.000603
0,0.065577,0.063018,0.158453,0.003097,0.16683,-0.029195,0.001145,0.0011
0,0.031046,-0.073798,-0.054797,-0.126656,-0.049349,-0.169739,0.000542,0.001288
0,0.1118,0.07863,0.092106,0.155576,0.108505,0.141974,0.001951,0.001372
0,0.080996,0.15133,-0.029843,0.062706,-0.053585,0.112024,0.001414,0.002641
0,-0.024766,-0.108248,-0.088012,-0.237981,-0.12586,-0.190383,0.000432,0.001889
0,0.052866,-0.050619,0.064328,0.077805,0.076902,0.045804,0.000923,0.000883
0,0.212048,-0.132054,0.160512,-0.055265,0.186491,-0.021487,0.003701,0.002305
0,-0.028949,0.059567,-0.211762,0.203983,-0.225288,0.250352,0.000505,0.00104
0,0.140105,-0.073131,0.170024,-0.105879,0.126776,-0.107438,0.002445,0.001276
0,-0.021993,0.076316,-0.1716,0.126279,-0.176252,0.101956,0.000384,0.001332
0,0.189363,0.128377,0.186071,0.062482,0.191373,0.106779,0.003305,0.002241
0,-0.031616,0.025874,-0.249589,-0.109131,-0.235263,-0.100788,0.000552,0.000452
0,0.188501,0.003599,0.227391,-0.022179,0.215299,-0.064052,0.00329,6.3e-05
0,0.187637,-0.020565,-0.012611,-0.008093,-0.033566,0.034029,0.003275,0.000359
0,0.222417,-0.079164,0.01367,-0.056683,0.043117,-0.039051,0.003882,0.001382
0,0.064339,0.083792,-0.161349,0.13488,-0.140265,0.109201,0.001123,0.001462
0,0.07385,0.111417,0.015503,0.001649,-0.013957,0.034522,0.001289,0.001945
0,0.046428,0.107176,-0.057091,-0.004367,-0.065348,-0.016037,0.00081,0.001871
0,0.157797,-0.044395,0.11341,-0.129455,0.110145,-0.136565,0.002754,0.000775
0,0.093632,-0.077176,-0.083653,-0.030581,-0.122939,-0.05431,0.001634,0.001347
0,0.239079,0.072649,0.13115,0.135125,0.157475,0.181759,0.004173,0.001268
0,0.087727,-0.042348,-0.135232,-0.123653,-0.180469,-0.123567,0.001531,0.000739
0,0.211796,0.090843,0.146681,0.115966,0.135224,0.131831,0.003697,0.001586
0,0.145442,-0.009455,-0.084343,-0.085075,-0.068429,-0.095457,0.002538,0.000165
0,0.111113,-0.067285,-0.01776,-0.075532,-0.024862,-0.08856,0.001939,0.001174
0,1.354324,0.607642,1.271978,0.682005,1.239492,0.634295,0.000134,0.001146
0,2.474576,1.070469,1.142263,0.474792,1.189644,0.431955,0.003817,0.00482
0,2.440116,1.321846,-0.048333,0.254428,-0.084345,0.236945,0.004419,0.000433
0,3.204577,1.109725,0.736229,-0.222466,0.743754,-0.185306,0.002828,0.004135
0,2.824805,1.264575,-0.36677,0.138239,-0.319314,0.177203,0.002295,0.001432
0,2.598524,1.210784,-0.220233,-0.043182,-0.222231,-0.064051,0.001654,0.002371
0,2.276098,1.013239,-0.298681,-0.214275,-0.261476,-0.230447,0.00447,0.005819
0,2.081735,0.930185,-0.216052,-0.084603,-0.234861,-0.039925,0.001078,0.004483
0,1.531168,0.503008,-0.564507,-0.405304,-0.51622,-0.445113,0.003221,0.002973
0,1.010084,0.105944,-0.525619,-0.397024,-0.494958,-0.429367,0.005874,0.001849
0,0.645397,0.018379,-0.340469,-0.066476,-0.317871,-0.074217,0.000487,0.000321
0,0.341344,-0.060918,-0.3292,-0.098565,-0.355336,-0.129332,0.005794,0.001063
0,-0.323261,-0.241175,-0.64522,-0.173168,-0.632567,-0.171309,0.005642,0.004209
0,-0.362682,-0.111525,-0.020993,0.1204,-0.009559,0.150108,0.005422,0.001946
0,-0.158107,-0.056868,0.206882,0.077617,0.206907,0.064234,0.002759,0.000993
0,-0.51299,-0.390738,-0.342797,-0.318717,-0.31227,-0.301414,0.002798,0.004932
0,-0.268834,-0.163541,0.230665,0.249462,0.254205,0.201693,0.004692,0.002854
0,-0.221992,-0.21216,0.033015,-0.041356,0.046124,0.004018,0.003874,0.003703
0,-0.214369,-0.144522,-0.014229,0.089111,-0.038539,0.106548,0.003741,0.002522
0,-0.369777,0.009661,-0.145172,0.17254,-0.186581,0.190583,0.005298,0.000169
0,-0.316114,-0.062089,0.023948,-0.061675,0.000712,-0.079104,0.005517,0.001084
0,-0.324629,0.039442,-3.9e-05,0.079921,0.006751,0.084115,0.005666,0.000688
0,-0.287625,-0.198066,0.057539,-0.231456,0.030723,-0.276725,0.00502,0.003457
0,-0.35056,-0.066583,-0.062156,0.149747,-0.10352,0.113539,0.005633,0.001162
0,-0.160501,0.059241,0.169058,0.13663,0.174241,0.167503,0.002801,0.001034
0,-0.174153,0.007063,-0.011435,-0.057149,0.00604,-0.042992,0.00304,0.000123
0,-0.355885,-0.040766,-0.163771,-0.068467,-0.199828,-0.114572,0.00554,0.000711
0,-0.212897,-0.076599,0.124368,-0.031317,0.145032,-0.010354,0.003716,0.001337
0,-0.252751,-0.16879,-0.030553,-0.087368,-0.050851,-0.094137,0.004411,0.002946
0,-0.147571,-0.205117,0.093679,-0.052463,0.061081,-0.094488,0.002576,0.00358
0,-0.279599,0.051357,-0.102299,0.241715,-0.076894,0.213904,0.00488,0.000896
0,-0.21189,0.079701,0.054329,0.031799,0.058518,0.070626,0.003698,0.001391
0,-0.274181,-0.030119,-0.080216,-0.094601,-0.035198,-0.094237,0.004785,0.000526
0,-0.060522,-0.048214,0.223983,-0.026161,0.23201,-0.025035,0.001056,0.000841
0,-0.101277,0.066627,-0.067618,0.093019,-0.089254,0.070402,0.001768,0.001163
0,-0.237063,0.114714,-0.132708,0.048167,-0.181144,0.041986,0.004138,0.002002
0,-0.014917,-0.017791,0.215816,-0.132144,0.238694,-0.121509,0.00026,0.000311
0,-0.010227,-0.106862,0.03129,-0.060086,0.056669,-0.073925,0.000179,0.001865
0,0.025314,-0.007809,0.01124,0.12746,0.024993,0.098328,0.000442,0.000136
0,-0.049322,0.051398,-0.102053,0.034052,-0.067761,0.050701,0.000861,0.000897
0,-0.063783,0.105897,0.01456,0.063327,-0.00976,0.014967,0.001113,0.001848
0,0.07747,-0.036089,0.162123,-0.13553,0.120631,-0.103904,0.001352,0.00063
0,0.038778,-0.013501,-0.053137,0.005615,-0.009335,0.030381,0.000677,0.000236
0,0.062345,-0.166324,0.022276,-0.151024,0.037448,-0.119431,0.001088,0.002903
0,0.060415,0.03761,0.02592,0.190195,0.020586,0.208372,0.001054,0.000656
0,-0.14013,0.073184,-0.215114,0.046917,-0.177939,0.007979,0.002446,0.001277
0,-0.08507,0.13777,0.044572,0.035695,0.062093,0.03437,0.001485,0.002405
0,-0.168689,-0.035601,-0.102655,-0.17128,-0.146019,-0.181933,0.002944,0.000621
0,-0.207349,-0.009485,-0.041639,0.033083,-0.065109,0.04709,0.003619,0.000166
0,0.068858,-0.045399,0.296437,-0.019617,0.256741,-0.020108,0.001202,0.000792
0,0.045249,0.084619,-0.048493,0.104105,-0.017399,0.145496,0.00079,0.001477
0,-0.216767,-0.119318,-0.256646,-0.195674,-0.238301,-0.220358,0.003783,0.002082
0,-0.177679,-0.094842,0.038088,-0.004479,0.030038,-0.012434,0.003101,0.001655
0,-0.141743,0.123496,0.012596,0.205721,0.0354,0.231795,0.002474,0.002155
0,-0.118377,0.155287,0.021748,0.050926,0.049661,0.098383,0.002066,0.00271
0,-0.034466,-0.022043,0.063872,-0.152597,0.100392,-0.185366,0.000602,0.000385
0,0.075725,-0.030863,0.121277,-0.015521,0.084913,-0.04075,0.001322,0.000539
0,-0.018493,-0.010825,-0.10999,0.041746,-0.066624,0.048918,0.000323,0.000189
0,0.099385,0.075581,0.147658,0.074825,0.15067,0.121353,0.001735,0.001319
0,-0.058739,-0.11915,-0.154015,-0.166826,-0.158576,-0.161403,0.001025,0.00208
0,0.244139,0.168919,0.310242,0.279993,0.281912,0.317308,0.004261,0.002948
0,0.039944,0.154324,-0.174813,-0.00128,-0.219979,0.015409,0.000697,0.002693
0,0.071383,0.12998,0.010115,-0.036129,0.022308,-0.06063,0.001246,0.002269
0,-0.004965,-0.058603,-0.046377,-0.1985,-0.005811,-0.178734,8.7e-05,0.001023
0,0.125851,0.054897,0.112523,0.094473,0.078405,0.074886,0.002197,0.000958
0,0.0752,-0.029508,-0.043839,-0.067674,-0.031473,-0.044317,0.001312,0.000515
0,0.152724,-0.041125,0.061121,-0.038758,0.064706,-0.056258,0.002666,0.000718
0,0.102894,-0.161353,-0.022256,-0.144096,-0.009465,-0.117156,0.001796,0.002816
0,-0.069399,0.099027,-0.18463,0.279487,-0.20234,0.324463,0.001211,0.001728
0,0.132659,-0.118717,0.189544,-0.18952,0.210568,-0.184796,0.002315,0.002072
0,0.07811,-0.103643,-0.07459,0.044259,-0.098685,0.064867,0.001363,0.001809
0,-0.0641,0.068689,-0.150605,0.16722,-0.110442,0.214131,0.001119,0.001199
0,0.134915,0.020933,0.218841,-0.04351,0.250755,0.006258,0.002355,0.000365
0,0.250317,-0.104643,0.113606,-0.114747,0.082621,-0.116053,0.004369,0.001826
0,0.006804,-0.059868,-0.231584,0.032884,-0.183237,0.044655,0.000119,0.001045
0,0.033469,-0.073447,0.038983,-0.006011,0.065624,0.033828,0.000584,0.001282
0,0.268337,-0.023756,0.211012,0.076425,0.220248,0.077144,0.004683,0.000415
0,0.215744,-0.059522,-0.073743,-0.010842,-0.061948,-0.020911,0.003765,0.001039
0,0.070349,-0.127228,-0.149767,-0.071611,-0.152638,-0.119988,0.001228,0.002221
0,-0.046895,-0.104996,-0.119697,-0.003301,-0.164278,-0.028169,0.000818,0.001833
0,-0.035553,-0.12761,0.014919,-0.02987,0.022838,-0.073553,0.000621,0.002227
0,0.010644,-0.183047,0.041967,-0.06381,0.03989,-0.039217,0.000186,0.003195
0,-0.06511,0.025343,-0.046939,0.226101,-0.093,0.264779,0.001136,0.000442
0,-0.11779,-0.062947,-0.037493,-0.081645,-0.046052,-0.10605,0.002056,0.001099
0,0.070168,-0.166649,0.186765,-0.132339,0.151134,-0.116084,0.001225,0.002909
0,-0.018034,-0.056685,-0.084005,0.134587,-0.102411,0.144215,0.000315,0.000989
0,0.002155,-0.046663,0.009242,-0.010598,-0.031966,0.026255,3.8e-05,0.000814
0,-0.044263,-0.12478,-0.053829,-0.098615,-0.00649,-0.051977,0.000773,0.002178
0,0.135075,0.101745,0.192127,0.23245,0.181186,0.268033,0.002358,0.001776
0,-0.038991,-0.040144,-0.197751,-0.126378,-0.201928,-0.140466,0.000681,0.000701
0,-0.15326,0.014284,-0.102631,0.037724,-0.062389,0.036912,0.002675,0.000249
0,-0.011822,0.064236,0.157554,0.045622,0.117449,0.039514,0.000206,0.001121
0,0.154712,0.085929,0.159618,0.034849,0.160481,0.041398,0.0027,0.0015
0,0.004501,0.069072,-0.136418,-0.001184,-0.10278,-0.020365,7.9e-05,0.001206
0,-2.580678,1.285896,-2.598741,1.209117,-2.5539,1.190381,0.001965,0.00106
0,-3.104723,1.688989,-0.521621,0.396699,-0.513009,0.366131,0.004571,0.005777
0,-2.77389,1.847165,0.360196,0.180214,0.370484,0.210165,0.001407,0.003016
0,-2.891973,2.000335,-0.102747,0.149683,-0.117485,0.111639,0.003468,0.000343
0,-2.446478,1.738167,0.415739,-0.235311,0.393199,-0.242284,0.004308,0.004918
0,-2.233423,1.181818,0.193299,-0.535158,0.234636,-0.574672,0.003725,0.002877
0,-2.079327,0.87398,0.146232,-0.281254,0.174005,-0.317753,0.001036,0.003502
0,-1.350109,0.629437,0.724849,-0.251266,0.767491,-0.299177,6e-05,0.000766
0,-0.78541,0.363929,0.588736,-0.243869,0.571597,-0.261558,0.001956,0.0054
0,-0.292908,0.337987,0.492986,-0.00362,0.457513,-0.0371,0.005112,0.005853
0,-0.156582,0.033877,0.155901,-0.326698,0.200406,-0.306748,0.002733,0.000591
0,-0.07181,-0.067873,0.069949,-0.077431,0.0604,-0.039838,0.001253,0.001185
0,0.132106,-0.387091,0.216297,-0.31087,0.261558,-0.314809,0.002306,0.004996
0,-0.070641,-0.287868,-0.195974,0.071007,-0.149883,0.088915,0.001233,0.005024
0,0.11995,-0.121862,0.190752,0.15773,0.189715,0.158067,0.002094,0.002127
0,0.168846,-0.275175,0.058597,-0.139634,0.009301,-0.108208,0.002947,0.004803
0,0.188235,-0.106426,-0.007446,0.164774,-0.006763,0.121339,0.003285,0.001857
0,0.173449,-0.282228,-0.019524,-0.151114,0.025985,-0.117256,0.003027,0.004926
0,0.01435,-0.231642,-0.18705,0.022297,-0.220151,0.039534,0.00025,0.004043
0,0.084835,-0.206936,0.045832,0.03407,0.021311,0.00234,0.001481,0.003612
0,0.094287,-0.252596,-0.009261,-0.019986,0.018623,-0.022013,0.001646,0.004409
0,0.212569,-0.284778,0.14335,-0.045639,0.186086,-0.041918,0.00371,0.00497
0,0.218986,-0.217967,0.016648,0.072735,0.063042,0.067715,0.003822,0.003804
0,0.070501,-0.187913,-0.156373,0.055555,-0.132709,0.087612,0.00123,0.00328
0,0.125891,-0.078462,0.077729,0.081174,0.061648,0.047145,0.002197,0.001369
0,0.003784,-0.132923,-0.109802,-0.02782,-0.089387,0.022054,6.6e-05,0.00232
0,0.191525,-0.342437,0.210329,-0.216398,0.250118,-0.238751,0.003343,0.005775
0,0.060251,-0.20276,-0.128144,0.13193,-0.120495,0.178697,0.001052,0.003539
0,0.158371,-0.367933,0.126485,-0.165209,0.174104,-0.16278,0.002764,0.00533
0,0.064365,-0.260652,-0.084711,0.080474,-0.053202,0.083198,0.001123,0.004549
0,0.149451,-0.104504,0.101005,0.179533,0.08674,0.179641,0.002608,0.001824
0,-0.030915,-0.072073,-0.198156,0.047435,-0.221991,0.094344,0.00054,0.001258
0,-0.047349,-0.241047,-0.001228,-0.142019,-0.036289,-0.175536,0.000826,0.004207
0,0.025754,-0.220658,0.096064,0.02672,0.083981,0.050231,0.000449,0.003851
0,0.002635,-0.207783,-0.010771,0.009582,-0.053783,0.034622,4.6e-05,0.003626
0,0.076524,-0.104154,0.060682,0.120856,0.046069,0.108496,0.001336,0.001818
0,0.084159,-0.217168,0.000149,-0.084589,-0.008041,-0.081977,0.001469,0.00379
0,0.167484,-0.062048,0.085012,0.139182,0.084772,0.156776,0.002923,0.001083
0,-0.017494,-0.2214,-0.165384,-0.182131,-0.122823,-0.203114,0.000305,0.003864
0,0.010778,-0.260213,0.055052,-0.053172,0.074945,-0.018227,0.000188,0.004542
0,0.067855,-0.237084,0.041281,0.008959,0.027933,0.036174,0.001184,0.004138
0,0.168425,-0.206949,0.123192,0.048172,0.08365,0.032518,0.00294,0.003612
0,-0.02099,-0.055169,-0.209659,0.167202,-0.175439,0.126195,0.000366,0.000963
0,0.16372,-0.023636,0.18622,0.056756,0.216477,0.097846,0.002857,0.000413
0,-0.033122,-0.097915,-0.171741,-0.09815,-0.12343,-0.07717,0.000578,0.001709
0,-0.049577,-0.237699,-0.019247,-0.14728,0.010447,-0.126129,0.000865,0.004149
0,0.070712,0.047254,0.143253,0.263658,0.185621,0.237113,0.001234,0.000825
0,0.196487,-0.178705,0.142884,-0.252942,0.175049,-0.249393,0.003429,0.003119
0,0.243946,0.03565,0.056936,0.242767,0.033419,0.254918,0.004258,0.000622
0,0.224726,0.04616,-0.038895,-0.015186,-0.069191,-0.054283,0.003922,0.000806
0,0.152234,-0.191198,-0.080585,-0.237814,-0.050701,-0.20184,0.002657,0.003337
0,-0.002631,-0.052638,-0.176044,0.141105,-0.147162,0.186249,4.6e-05,0.000919
0,0.053399,-0.148196,0.03428,-0.11534,-0.00988,-0.159711,0.000932,0.002587
0,0.069103,-0.036299,0.008598,0.12628,-0.023761,0.120664,0.001206,0.000634
0,0.259289,-0.15521,0.202668,-0.148771,0.221068,-0.156092,0.004525,0.002709
0,0.212611,-0.174635,-0.031868,-0.025953,-0.031776,-0.065775,0.003711,0.003048
0,0.275004,-0.073907,0.053607,0.091083,0.009928,0.073658,0.0048,0.00129
0,0.203419,-0.114278,-0.077072,-0.018437,-0.066982,-0.050131,0.00355,0.001995
0,0.044128,0.010334,-0.132846,0.102306,-0.093773,0.110586,0.00077,0.00018
0,0.228848,0.023046,0.173747,0.008418,0.145376,0.040681,0.003994,0.000402
0,0.24963,-0.083961,0.024496,-0.081323,0.050558,-0.068913,0.004357,0.001465
0,0.282934,-0.155653,0.026282,-0.097036,0.022358,-0.118055,0.004938,0.002717
0,0.181107,-0.133963,-0.094756,0.008871,-0.102434,0.025614,0.003161,0.002338
0,0.261284,-0.205902,0.076679,-0.081141,0.060924,-0.047736,0.00456,0.003594
0,0.217803,-0.048254,-0.025549,0.145106,-0.045965,0.145259,0.003801,0.000842
0,0.078031,-0.162459,-0.128673,-0.087065,-0.113826,-0.046202,0.001362,0.002835
0,0.137582,-0.056982,0.083126,0.117077,0.130837,0.165519,0.002401,0.000995
0,0.215756,-0.162444,0.069396,-0.117146,0.073795,-0.085021,0.003766,0.002835
0,0.228093,0.055273,0.025978,0.206067,0.045408,0.1704,0.003981,0.000965
0,0.136231,0.000945,-0.086157,-0.040715,-0.129727,-0.044385,0.002378,1.6e-05
0,-0.028912,-0.104621,-0.18187,-0.076043,-0.207126,-0.027274,0.000505,0.001826
0,0.101519,-0.061659,0.132267,0.027901,0.13279,0.002247,0.001772,0.001076
0,0.157503,0.081389,0.027226,0.114543,0.013582,0.157006,0.002749,0.001421
0,0.263458,0.052615,0.1355,-0.052496,0.118139,-0.079116,0.004598,0.000918
0,0.150228,-0.073366,-0.118972,-0.120768,-0.101574,-0.101055,0.002622,0.00128
0,0.094825,0.105781,-0.044357,0.164993,-0.013511,0.213785,0.001655,0.001846
0,0.0551,-0.178424,-0.027993,-0.310093,0.000487,-0.293074,0.000962,0.003114
0,0.179003,-0.177225,0.134336,0.013193,0.161128,-0.005631,0.003124,0.003093
0,0.104526,-0.036287,-0.096671,0.166746,-0.073845,0.191617,0.001824,0.000633
0,0.245235,0.045714,0.14908,0.058711,0.130906,0.092765,0.00428,0.000798
0,0.138681,0.060123,-0.082254,0.000504,-0.093309,0.042524,0.00242,0.001049
0,0.010935,0.031948,-0.139651,-0.049785,-0.100049,-0.04645,0.000191,0.000558
0,-0.025141,-0.003022,-0.039194,-0.010031,-0.019288,-0.008948,0.000439,5.3e-05
0,0.199324,-0.026232,0.219777,0.002384,0.194238,-0.007229,0.003479,0.000458
0,0.043047,0.027534,-0.148353,0.050953,-0.173506,0.05858,0.000751,0.000481
0,0.209428,0.141635,0.1858,0.114314,0.136607,0.155119,0.003655,0.002472
0,0.110611,0.137519,-0.11406,-0.015477,-0.138281,-0.002255,0.001931,0.0024
0,0.028023,-0.095983,-0.104326,-0.213969,-0.142569,-0.262174,0.000489,0.001675
0,0.040128,0.156462,0.036757,0.247752,0.011448,0.253856,0.0007,0.002731
0,0.22006,0.144105,0.179348,0.007219,0.210812,-0.037254,0.003841,0.002515
0,0.165548,-0.062108,-0.06016,-0.225902,-0.071951,-0.265399,0.002889,0.001084
0,0.035063,-0.10936,-0.121944,-0.047311,-0.118431,-0.018553,0.000612,0.001909
0,-0.059505,0.160901,-0.09215,0.298235,-0.135946,0.266755,0.001039,0.002808
0,0.104448,-0.080133,0.165815,-0.239958,0.18225,-0.244456,0.001823,0.001399
0,-0.042564,-0.046544,-0.140903,0.032578,-0.164607,0.012932,0.000743,0.000812
0,0.102529,0.03649,0.128066,0.065489,0.164939,0.106663,0.001789,0.000637
0,-0.051034,0.056152,-0.156115,0.046489,-0.117845,0.04373,0.000891,0.00098
0,-0.102562,0.010736,-0.07625,-0.038739,-0.039029,0.003407,0.00179,0.000187
0,0.14386,0.10831,0.252366,0.106508,0.26374,0.102509,0.002511,0.00189
0,-0.089085,0.039033,-0.236873,-0.087893,-0.261906,-0.050677,0.001555,0.000681
0,0.008833,0.056863,0.11106,0.023854,0.135033,-0.011757,0.000154,0.000992
0,-0.028121,0.093868,-0.043021,0.06231,-0.065961,0.059665,0.000491,0.001638
0,-0.169524,-0.01022,-0.145213,-0.090563,-0.132958,-0.054134,0.002959,0.000178
0,-0.189781,0.169883,-0.046922,0.205331,-0.014335,0.21362,0.003312,0.002965
0,-0.150383,-0.102704,0.050508,-0.291809,0.058439,-0.33896,0.002625,0.001793
0,0.024899,-0.075131,0.198543,0.031573,0.237299,0.06289,0.000435,0.001311
0,0.057194,-0.083341,0.005223,-0.016845,-0.030396,-0.050915,0.000998,0.001455
0,0.026574,-0.139547,-0.008685,-0.033303,-0.025436,-0.078159,0.000464,0.002436
0,0.051398,-0.138798,0.024659,-0.000984,0.05972,-0.026071,0.000897,0.002422
0,-0.078773,0.099844,-0.147685,0.237304,-0.19123,0.23672,0.001375,0.001743
0,-0.117414,-0.124808,-0.057705,-0.206202,-0.053343,-0.236618,0.002049,0.002178
0,-0.161723,-0.149395,-0.044061,-0.049146,-0.066674,-0.00297,0.002823,0.002607
0,-0.193088,0.107866,-0.010557,0.240953,-0.058214,0.277709,0.00337,0.001883
0,-0.100588,0.109298,0.108272,0.022473,0.142554,0.065395,0.001756,0.001908
0,-0.159669,0.050965,-0.080854,-0.080646,-0.049257,-0.055117,0.002787,0.00089
0,-0.027984,0.035422,0.117383,-0.015836,0.114277,0.023244,0.000488,0.000618
0,-0.002834,-0.1311,0.009784,-0.144378,0.03863,-0.147386,4.9e-05,0.002288
0,-0.050842,-0.082308,-0.047978,0.059379,-0.005854,0.046641,0.000887,0.001437
0,-0.064756,-0.069507,-0.030888,-0.007496,-0.002622,-0.055437,0.00113,0.001213
0,-0.0296,0.064378,0.033662,0.16109,0.055477,0.128921,0.000517,0.001124
0,-0.051638,-0.052269,-0.0395,-0.089009,-0.053747,-0.088746,0.000901,0.000912
0,-0.150413,-0.107615,-0.112791,-0.06256,-0.095638,-0.066327,0.002625,0.001878
0,0.022338,0.12189,0.169465,0.229996,0.215665,0.22544,0.00039,0.002127
0,0.028675,-0.070798,-0.01453,-0.170787,-0.055714,-0.163153,0.0005,0.001236
0,0.059471,-0.154223,0.008415,-0.065805,-0.004169,-0.072045,0.001038,0.002692
0,-0.048612,-0.10742,-0.11929,0.024561,-0.073339,0.001328,0.000848,0.001875
0,0.021834,0.060769,0.087776,0.16853,0.131566,0.125832,0.000381,0.001061
0,-0.116481,0.112803,-0.109077,0.027706,-0.134592,0.06143,0.002033,0.001969
0,0.018785,0.156564,0.120627,0.070905,0.166725,0.044823,0.000328,0.002733
0,0.011103,-0.00152,-0.029026,-0.139488,0.007235,-0.182504,0.000194,2.7e-05
0,-0.1305,-0.047136,-0.140412,-0.016155,-0.116055,-0.046471,0.002278,0.000823
0,-0.083826,0.025564,0.046631,0.046168,0.016154,0.044002,0.001463,0.000446
0,0.158267,0.148783,0.242472,0.094324,0.27259,0.05993,0.002762,0.002597
0,0.072647,0.069534,-0.0816,-0.106587,-0.066764,-0.064621,0.001268,0.001214
0,0.071923,-0.099144,0.002991,-0.17066,-0.000775,-0.194884,0.001255,0.00173
0,0.08192,-0.054006,0.025463,0.046128,0.005501,0.03893,0.00143,0.000943
0,0.06585,0.11598,0.010704,0.167378,-0.004502,0.205103,0.001149,0.002024
0,0.198199,0.121164,0.159759,0.009566,0.174858,0.018052,0.003459,0.002115
0,-0.067055,0.019509,-0.273352,-0.096137,-0.237533,-0.117007,0.00117,0.00034
0,-0.016706,-0.006924,0.068093,-0.033162,0.03343,0.016019,0.000292,0.000121
0,0.109823,-0.064891,0.100876,-0.054031,0.111532,-0.103515,0.001917,0.001133
0,0.016139,-0.076231,-0.072609,-0.003433,-0.065456,0.004798,0.000282,0.00133
0,0.098683,-0.163063,0.090732,-0.086998,0.071444,-0.092478,0.001722,0.002846
0,0.049923,-0.050145,-0.026353,0.084455,-0.068174,0.121946,0.000871,0.000875
0,-0.003637,-0.150867,-0.037434,-0.114078,-0.048318,-0.158508,6.3e-05,0.002633
0,0.200684,-0.147003,0.211865,-0.000391,0.197679,-0.038125,0.003503,0.002566
0,0.065957,-0.074742,-0.109488,0.063023,-0.097011,0.022865,0.001151,0.001304
0,-0.042234,-0.029538,-0.105065,0.044253,-0.153218,0.020248,0.000737,0.000516
0,0.047098,0.072562,0.092054,0.08266,0.128237,0.128065,0.000822,0.001266
0,-0.019997,-0.043341,-0.092003,-0.096975,-0.070186,-0.071007,0.000349,0.000756
0,0.075145,0.032196,0.113741,0.09964,0.158087,0.13237,0.001312,0.000562
0,-0.11388,0.022889,-0.180078,-0.024121,-0.172828,-0.028058,0.001988,0.000399
0,0.184299,-0.035123,0.276636,-0.053038,0.286302,-0.007036,0.003217,0.000613
0,-0.121897,-0.074867,-0.316556,-0.040045,-0.342617,-0.078116,0.002128,0.001307
0,0.030061,0.030844,0.156107,0.101705,0.178887,0.057115,0.000525,0.000538
0,-0.077569,-0.00712,-0.082619,-0.028145,-0.041198,-0.074591,0.001354,0.000124
0,0.034411,0.078767,0.130856,0.065789,0.153223,0.09673,0.000601,0.001375
0,-0.083838,-0.14636,-0.128347,-0.200524,-0.112114,-0.161042,0.001463,0.002554
0,-0.027947,0.062952,0.073977,0.200223,0.025631,0.212405,0.000488,0.001099
0,-0.114435,-0.048668,-0.110536,-0.131268,-0.114305,-0.15834,0.001997,0.000849
0,-0.1203,0.087614,-0.026037,0.121307,-0.017845,0.098215,0.0021,0.001529
0,-0.046936,0.144016,0.083617,0.073929,0.07025,0.107407,0.000819,0.002514
0,-0.106123,-0.068087,-0.073404,-0.204013,-0.054404,-0.166577,0.001852,0.001188
0,-0.178688,0.035977,-0.088835,0.122056,-0.04194,0.107211,0.003119,0.000628
0,-0.015668,0.145865,0.184317,0.089826,0.136761,0.122289,0.000273,0.002546
0,0.006471,-0.071745,-0.004124,-0.212417,0.020783,-0.202291,0.000113,0.001252
0,-0.090254,-0.068065,-0.08663,0.020708,-0.103944,0.040095,0.001575,0.001188
0,-0.023728,-0.135139,0.053949,-0.080981,0.102841,-0.119066,0.000414,0.002359
0,-0.089042,-0.125304,-0.075988,-0.005591,-0.07191,-0.011309,0.001554,0.002187
0,-0.041832,-0.081242,0.067535,0.058979,0.065002,0.032265,0.00073,0.001418
0,0.095219,0.078226,0.163171,0.155797,0.127986,0.181682,0.001662,0.001365
0,0.111032,0.108003,0.033775,0.038275,0.038313,0.029735,0.001938,0.001885
0,0.139441,0.097393,0.021076,-0.017276,-0.011965,-0.034708,0.002434,0.0017
0,0.066242,-0.175067,-0.046307,-0.29904,-0.019018,-0.324521,0.001156,0.003055
0,0.090585,-0.107584,-0.001524,0.056552,-0.041336,0.070781,0.001581,0.001878
0,0.095935,0.069106,-0.020311,0.14917,-0.02008,0.195825,0.001674,0.001206
0,-0.029426,0.07842,-0.153477,0.025858,-0.201088,0.027429,0.000514,0.001369
0,0.00722,-0.126103,0.066026,-0.184849,0.038069,-0.143499,0.000126,0.002201
0,0.110184,-0.145261,0.108805,-0.018971,0.116762,-0.019099,0.001923,0.002535
0,0.052562,-0.06802,-0.028827,0.085269,0.016113,0.111654,0.000917,0.001187
0,0.224863,0.028109,0.166751,0.103294,0.119065,0.090683,0.003925,0.000491
0,0.022941,0.062517,-0.191489,0.056598,-0.194429,0.098125,0.0004,0.001091
0,0.179484,-0.074942,0.157979,-0.128476,0.179659,-0.111731,0.003133,0.001308
0,0.284997,-0.148148,0.134996,-0.0937,0.158735,-0.114518,0.004974,0.002586
0,0.287145,-0.121784,-0.007107,0.040042,0.001494,0.033101,0.005012,0.002126
0,0.084461,0.041305,-0.200591,0.136784,-0.204061,0.101111,0.001474,0.000721
0,0.178315,0.045635,0.121751,-0.01767,0.098911,-0.031629,0.003112,0.000796
0,0.085861,-0.103211,-0.118688,-0.131909,-0.151295,-0.168755,0.001499,0.001801
0,0.095572,0.082413,0.023924,0.205818,0.010343,0.175272,0.001668,0.001438
0,0.183634,-0.019994,0.086064,-0.118993,0.039137,-0.10714,0.003205,0.000349
0,0.225371,-0.104916,0.063092,-0.091683,0.09075,-0.094296,0.003933,0.001831
0,0.263999,-0.173047,0.059377,-0.09755,0.097634,-0.092761,0.004608,0.00302
0,0.215923,-0.136072,-0.025912,0.033226,-0.047006,0.034855,0.003769,0.002375
0,-0.013772,-0.081865,-0.255144,0.073154,-0.259018,0.055518,0.00024,0.001429
0,0.054345,0.018553,0.064872,0.08477,0.110112,0.110986,0.000948,0.000324
0,0.115765,0.055611,0.089599,0.009273,0.062019,0.057243,0.00202,0.000971
0,0.090551,0.132877,-0.023835,0.084792,-0.027682,0.068556,0.00158,0.002319
0,0.123444,-0.048516,0.03361,-0.164871,-0.007258,-0.198191,0.002155,0.000847
0,-0.021605,-0.05547,-0.16788,-0.012041,-0.182864,0.037333,0.000377,0.000968
0,0.209843,0.025565,0.213753,0.085421,0.181575,0.116265,0.003662,0.000446
0,0.21453,-0.170339,0.032438,-0.196003,0.067483,-0.194751,0.003744,0.002973
0,0.06061,-0.083749,-0.162123,0.080234,-0.186577,0.124331,0.001058,0.001462
0,0.006726,-0.100787,-0.039055,0.002802,-0.061627,0.019026,0.000117,0.001759
0,0.105726,0.085636,0.079482,0.186073,0.127556,0.141669,0.001845,0.001495
0,0.199214,0.00326,0.102216,-0.10842,0.14446,-0.095768,0.003477,5.7e-05
0,0.227455,0.020486,0.018859,-0.003255,0.014118,0.043132,0.00397,0.000358
0,0.140726,-0.075939,-0.090486,-0.111627,-0.135016,-0.156831,0.002456,0.001325
0,0.225861,-0.037566,0.100427,0.042974,0.054114,0.037624,0.003942,0.000656
0,0.245348,-0.141657,0.048133,-0.12042,0.033482,-0.092565,0.004282,0.002472
0,0.010042,-0.134304,-0.213661,-0.016147,-0.165273,-0.001253,0.000175,0.002344
0,-0.04191,0.056655,-0.027999,0.190018,0.021823,0.19493,0.000731,0.000989
0,0.173754,0.069552,0.214193,0.009604,0.173551,-0.001406,0.003033,0.001214
0,-0.067564,0.090431,-0.264708,-0.00752,-0.241975,0.022453,0.001179,0.001578
0,0.040021,0.091817,0.087892,-0.024721,0.12613,-0.006245,0.000698,0.001603
0,-0.100044,-0.057212,-0.165875,-0.151527,-0.125593,-0.179297,0.001746,0.000999
0,0.094465,-0.002223,0.18976,0.068857,0.142102,0.112901,0.001649,3.9e-05
0,0.027535,0.055614,-0.060421,0.028156,-0.084867,0.053729,0.000481,0.000971
0,0.097791,0.021537,0.079586,-0.02151,0.076004,-0.047854,0.001707,0.000376
0,-0.108724,0.028012,-0.208857,0.001898,-0.230556,0.032785,0.001898,0.000489
0,0.11494,-0.058404,0.196472,-0.095783,0.210165,-0.080828,0.002006,0.001019
0,-0.048473,-0.035172,-0.141061,0.041224,-0.136862,-0.007553,0.000846,0.000614
0,-0.049127,0.044734,0.008425,0.053359,0.004799,0.045535,0.000857,0.000781
0,0.049478,-0.142287,0.107192,-0.169991,0.135074,-0.207696,0.000864,0.002483
0,0.03414,-0.028349,0.000698,0.126751,-0.03637,0.092899,0.000596,0.000495
0,-0.052447,0.007593,-0.098904,0.023538,-0.141215,0.059151,0.000915,0.000133
0,0.189793,-0.068751,0.23098,-0.063272,0.195901,-0.051896,0.003313,0.0012
0,0.031741,0.094282,-0.129184,0.184456,-0.173102,0.223621,0.000554,0.001646
0,-0.090869,0.032977,-0.11767,-0.040466,-0.083101,-0.041527,0.001586,0.000576
0,0.013502,-0.06294,0.105535,-0.084173,0.081454,-0.116165,0.000236,0.001099
0,-0.092444,0.130266,-0.08204,0.175072,-0.072671,0.159174,0.001613,0.002274
0,0.138183,-0.115978,0.228315,-0.21887,0.260481,-0.193804,0.002412,0.002024
0,0.097339,0.091404,-0.042505,0.196591,0.00633,0.203234,0.001699,0.001595
0,-0.104417,-0.020659,-0.185065,-0.115309,-0.154958,-0.134911,0.001822,0.000361
0,0.022729,0.140088,0.142405,0.166205,0.178545,0.182186,0.000397,0.002445
0,-0.055797,0.016047,-0.072271,-0.126116,-0.078616,-0.092623,0.000974,0.00028
0,-0.12424,-0.092931,-0.0701,-0.127037,-0.116015,-0.167899,0.002168,0.001622
0,-0.076349,0.125826,0.024798,0.222713,-0.011225,0.232253,0.001333,0.002196
0,-0.066645,-0.028233,0.026183,-0.163156,0.029907,-0.181725,0.001163,0.000493
0,-0.039879,-0.075028,0.051239,-0.065529,0.015153,-0.023091,0.000696,0.001309
0,-0.14591,0.079588,-0.118607,0.147908,-0.073643,0.175023,0.002547,0.001389
0,-0.099983,0.088432,0.03195,-0.018575,0.002386,0.028123,0.001745,0.001543
0,-0.012791,0.019154,0.112938,-0.077019,0.076079,-0.086646,0.000223,0.000334
0,-0.042116,0.120982,-0.007452,0.071853,-0.052633,0.069391,0.000735,0.002112
0,0.029,-0.078973,0.054627,-0.217101,0.078101,-0.265316,0.000506,0.001378
0,0.099731,0.078479,0.069412,0.143749,0.083008,0.10087,0.001741,0.00137
0,-0.118236,-0.060538,-0.207197,-0.143239,-0.224854,-0.109626,0.002064,0.001057
0,-0.049023,0.15404,0.090488,0.188883,0.115192,0.18278,0.000856,0.002689
0,0.050038,-0.078052,0.124842,-0.206435,0.083293,-0.215443,0.000873,0.001362
0,0.018075,0.130151,-0.022532,0.227021,-0.029747,0.198452,0.000315,0.002272
0,0.116883,0.085718,0.098458,-0.043296,0.075156,0.001868,0.00204,0.001496
0,0.046889,-0.075162,-0.09134,-0.163196,-0.079554,-0.117486,0.000818,0.001312
0,0.196664,-0.013151,0.176194,0.046294,0.139072,0.079076,0.003432,0.00023
0,0.103369,-0.061144,-0.092578,-0.071215,-0.079822,-0.040298,0.001804,0.001067
0,0.077013,0.080459,-0.008467,0.156004,-0.003393,0.141777,0.001344,0.001404
0,0.094851,-0.008188,0.014436,-0.061648,-0.014996,-0.014978,0.001655,0.000143
0,0.286134,0.038413,0.200095,0.022493,0.22893,-0.01191,0.004994,0.00067
0,0.302656,0.008663,-0.010832,-0.016824,-0.042452,0.006946,0.005282,0.000151
0,0.225111,-0.015978,-0.102134,-0.052008,-0.058244,-0.096634,0.003929,0.000279
0,0.270574,-0.131788,0.068859,-0.135149,0.052958,-0.09475,0.004722,0.0023
0,0.081858,-0.102668,-0.168147,0.013228,-0.16442,-0.020962,0.001429,0.001792
0,0.185221,-0.076934,0.127775,0.023603,0.100684,0.06438,0.003233,0.001343
0,0.200262,0.002647,0.003164,0.051242,0.011696,0.084787,0.003495,4.6e-05
0,0.069539,-0.094563,-0.105205,-0.116256,-0.078322,-0.141004,0.001214,0.00165
0,0.091776,-0.047258,0.024565,0.048579,-0.009534,0.001612,0.001602,0.000825
0,0.041847,-0.083083,-0.023652,-0.054709,-0.047101,-0.072943,0.00073,0.00145
0,0.256575,-0.020866,0.219862,0.068214,0.268164,0.063146,0.004478,0.000364
0,0.115986,-0.009849,-0.145262,0.010487,-0.160798,-0.016086,0.002024,0.000172
0,0.25488,0.030704,0.165775,0.021545,0.163886,-0.00818,0.004448,0.000536
0,-0.004763,-0.071593,-0.287955,-0.11802,-0.31197,-0.089376,8.3e-05,0.00125
0,0.280463,-0.147071,0.281705,-0.065676,0.3029,-0.061751,0.004895,0.002567
0,-0.014966,-0.102345,-0.269506,0.025527,-0.273057,-0.021876,0.000261,0.001786
0,-0.025401,0.155732,-0.00196,0.239646,-0.011486,0.245205,0.000443,0.002718
0,0.166999,-0.016556,0.182582,-0.18768,0.228567,-0.150753,0.002915,0.000289
0,0.040017,-0.033689,-0.150975,0.009991,-0.188047,0.053992,0.000698,0.000588
0,0.117417,-0.03638,0.051285,-0.00699,0.00843,-0.003958,0.002049,0.000635
0,-0.0033,0.049018,-0.129392,0.099627,-0.111557,0.132714,5.8e-05,0.000856
0,0.108586,0.012289,0.084509,-0.016714,0.110573,-0.027123,0.001895,0.000214
0,0.239704,0.046589,0.104055,0.026236,0.104913,0.071551,0.004184,0.000813
0,0.095946,-0.026831,-0.159981,-0.103223,-0.145996,-0.0571,0.001675,0.000468
0,-0.059383,-0.07955,-0.178726,-0.082188,-0.158874,-0.105287,0.001036,0.001388
0,-0.011708,0.113375,0.045031,0.177318,0.03349,0.186419,0.000204,0.001979
0,-0.074302,0.063032,-0.079314,-0.07443,-0.037153,-0.046799,0.001297,0.0011
0,-0.179341,-1.030786,-0.118188,-1.11611,-0.141976,-1.158351,0.00313,0.005513
0,-0.482496,-1.983958,-0.321076,-0.978458,-0.285414,-0.997815,0.003331,0.000628
0,-0.584883,-2.337351,-0.109183,-0.345922,-0.085522,-0.360236,0.001544,0.005539
0,-0.415664,-2.177273,0.188992,0.176771,0.184745,0.189121,0.004497,0.002745
0,-0.373246,-1.564474,0.048544,0.604092,0.006206,0.653203,0.005237,0.003802
0,-0.341472,-1.207646,0.05694,0.376065,0.019652,0.398131,0.005792,0.002426
0,-3.527804,-1.060636,-3.193343,0.117509,-3.225864,0.082364,0.002813,0.004992
0,-3.674227,-0.754292,-0.147465,0.332257,-0.181281,0.353979,0.005369,0.001413
0,-3.724124,-0.785165,-0.057843,-0.060069,-0.055383,-0.107162,0.005512,0.001952
0,-3.20718,-0.428996,0.541502,0.350481,0.535707,0.302995,0.002783,0.004264
0,-2.529888,-0.223487,0.699123,0.200401,0.738829,0.248571,0.002852,0.003901
0,-1.524503,-0.191276,0.985161,0.005621,0.979457,-0.016938,0.003104,0.003338
0,-1.061499,-0.12985,0.470021,0.075997,0.45524,0.073179,0.004977,0.002266
0,-0.653747,0.130185,0.403557,0.247488,0.451661,0.272732,0.000342,0.002272
0,-0.457977,-0.0264,0.167103,-0.137131,0.169985,-0.105713,0.003758,0.000461
0,-0.169066,0.140978,0.299114,0.19732,0.343225,0.183862,0.002951,0.002461
0,-0.12328,0.188691,0.02602,0.044259,-0.023088,0.008906,0.002152,0.003293
0,0.151936,0.272187,0.260139,0.060172,0.295357,0.015481,0.002652,0.004751
0,0.214325,0.249427,0.046622,0.004879,0.027863,0.043356,0.003741,0.004353
0,0.32379,0.087893,0.114813,-0.17295,0.132418,-0.200506,0.005651,0.001534
0,0.176673,0.268072,-0.167096,0.164467,-0.197898,0.202558,0.003084,0.004679
0,0.127982,0.063971,-0.071808,-0.231077,-0.061233,-0.266265,0.002234,0.001117
0,0.088544,0.139642,-0.067855,0.092549,-0.093181,0.089634,0.001545,0.002437
0,0.164561,0.239282,0.084542,0.092728,0.067537,0.055649,0.002872,0.004176
0,-1.297705,1.042644,-1.471715,0.815924,-1.442324,0.856786,0.000854,0.005306
0,-1.271716,1.213715,0.02594,0.190553,0.005382,0.238842,0.001308,0.00232
0,-1.101544,1.432581,0.166875,0.216085,0.118369,0.242455,0.004278,0.0015
0,-1.229131,1.483847,-0.116584,0.074455,-0.134762,0.106997,0.002051,0.002395
0,-1.131615,1.508011,0.076888,0.042108,0.047275,0.016765,0.003753,0.002816
0,-0.803991,1.477829,0.318944,-0.000787,0.34209,0.010323,0.002281,0.00229
0,-0.547368,1.185343,0.230968,-0.294678,0.258626,-0.340648,0.002198,0.002815
0,-0.264691,0.939692,0.28832,-0.22345,0.23851,-0.244275,0.00462,0.004649
0,-0.147781,0.718659,0.141146,-0.230906,0.184354,-0.209192,0.002579,0.000791
0,-0.360339,0.190737,-0.22891,-0.545124,-0.262494,-0.577805,0.005463,0.003329
0,-0.179935,0.091792,0.186486,-0.081186,0.214772,-0.061647,0.00314,0.001602
0,-0.037459,0.048784,0.122557,-0.042044,0.097197,-0.016496,0.000654,0.000851
0,0.039997,0.072734,0.064597,0.047873,0.040416,0.002116,0.000698,0.001269
0,-2.655827,0.056527,-2.683174,0.005803,-2.64436,-0.03774,0.000654,0.000987
0,-4.509563,0.023598,-1.845471,-0.061567,-1.822443,-0.03838,0.003555,0.000412
0,-4.271775,-0.01545,0.213025,-0.068055,0.262735,-0.105688,0.004046,0.00027
0,-4.808011,0.042234,-0.51587,0.086102,-0.565818,0.110466,0.001654,0.000737
0,-3.812372,-0.039799,0.997009,-0.056418,0.97838,-0.015045,0.003972,0.000695
0,-3.575173,-0.222886,0.209495,-0.197927,0.254799,-0.217444,0.00364,0.00389
0,-2.549551,-0.094417,1.01276,0.120074,0.975454,0.075194,0.002509,0.001648
0,-2.034772,-0.220651,0.497539,-0.15162,0.484742,-0.170185,0.000258,0.003851
0,-1.303169,-0.067102,0.72865,0.161603,0.680402,0.165641,0.000759,0.001171
0,-0.763634,-0.283233,0.520259,-0.213742,0.509159,-0.24366,0.001576,0.004943
0,-0.349159,-0.026194,0.406605,0.242829,0.418563,0.236338,0.005658,0.000457
0,-0.190452,-0.181253,0.162665,-0.159761,0.167606,-0.129941,0.003324,0.003163
0,0.037064,-0.20429,0.233199,-0.013396,0.190979,-0.037078,0.000647,0.003566
0,0.121646,-0.212407,0.105797,0.004463,0.149565,0.051223,0.002123,0.003707
0,0.548217,-0.097216,0.436575,0.124512,0.474853,0.143146,0.002184,0.001697
0,0.458652,-0.075616,-0.111755,0.029321,-0.073519,0.004059,0.003747,0.00132
0,0.359374,-0.185791,-0.113668,-0.081299,-0.115609,-0.062476,0.005479,0.003243
0,0.175097,-0.216952,-0.185915,-0.010891,-0.15888,0.026107,0.003056,0.003787
0,0.050132,-0.286943,-0.129756,-0.076751,-0.115772,-0.091132,0.000875,0.005008
0,0.09584,-0.203344,0.048677,0.060275,0.030605,0.102997,0.001673,0.003549
0,0.089941,-0.202603,0.023604,-0.024141,0.017689,0.022835,0.00157,0.003536
0,0.200438,-0.214579,0.090501,-0.015596,0.099235,0.002998,0.003498,0.003745
0,-0.076255,-0.091935,-0.305988,0.115289,-0.341797,0.128811,0.001331,0.001605
0,0.141309,-0.081695,0.194836,0.00277,0.216508,-0.003898,0.002466,0.001426
0,-0.071524,-0.310197,-0.195847,-0.253487,-0.162243,-0.245798,0.001248,0.005414
0,0.066012,-0.22661,0.13979,0.102423,0.159012,0.115114,0.001152,0.003955
0,-0.088027,-0.159121,-0.158528,0.056049,-0.164927,0.051068,0.001536,0.002777
0,0.000949,-0.159233,0.061311,-0.024757,0.018542,-0.006949,1.7e-05,0.002779
0,0.039671,-0.227368,0.066725,-0.066161,0.068148,-0.031783,0.000692,0.003968
0,0.040552,-0.144597,-0.017455,0.079668,0.004074,0.092261,0.000708,0.002524
0,0.159386,-0.066402,0.100728,0.063682,0.098116,0.084335,0.002782,0.001159
0,0.066857,-0.194795,-0.086739,-0.152334,-0.046814,-0.163099,0.001167,0.0034
0,-0.050305,-0.147699,-0.098102,0.03806,-0.057603,0.020126,0.000878,0.002578
0,0.031748,-0.065395,0.054469,0.094512,0.02267,0.120581,0.000554,0.001141
0,0.130983,-0.073991,0.122821,-0.022056,0.128873,-0.070413,0.002286,0.001291
0,0.089886,-0.120095,-0.069924,-0.067381,-0.107965,-0.082636,0.001569,0.002096
0,-2.72485,-0.343877,-2.811157,-0.241863,-2.849654,-0.192813,0.000551,0.00575
0,-3.731074,-0.349652,-0.979119,0.007169,-0.962159,0.000931,0.005391,0.005649
0,-3.386149,-0.519988,0.333661,-0.177407,0.28427,-0.162713,0.000341,0.002676
0,-2.435804,-0.274834,0.959736,0.24919,0.950695,0.200537,0.004494,0.004797
0,-1.934437,-0.352635,0.513758,-0.063732,0.527725,-0.071811,0.001493,0.005597
0,-1.488282,-0.077231,0.447965,0.27027,0.468987,0.27416,0.002472,0.001348
0,-0.921684,-0.172531,0.583429,-0.105168,0.608937,-0.124232,0.004335,0.003011
0,-0.715809,0.028887,0.217123,0.206585,0.208952,0.200047,0.000742,0.000504
0,-0.452477,0.070164,0.250624,0.039944,0.248029,0.023845,0.003854,0.001225
0,-0.238254,-0.019867,0.211396,-0.069695,0.169448,-0.089985,0.004158,0.000347
0,0.014438,0.183707,0.261319,0.192022,0.284924,0.240695,0.000252,0.003206
0,0.180173,-0.042299,0.180452,-0.226298,0.202404,-0.196723,0.003145,0.000738
0,4.514268,-0.456671,4.343404,-0.397033,4.348829,-0.413793,0.003473,0.003781
0,4.889479,-1.021491,0.375162,-0.568066,0.412228,-0.533469,0.003076,0.005675
0,4.978037,-1.300583,0.095411,-0.277691,0.140687,-0.255122,0.004621,0.000804
0,5.023113,-1.4898,0.066707,-0.175186,0.078669,-0.153277,0.005408,0.002499
0,3.264969,-1.415394,-1.755297,0.064529,-1.796971,0.097368,0.001774,0.0012
0,2.539938,-1.034463,-0.72735,0.392067,-0.762884,0.403288,0.002677,0.005449
0,2.032352,-0.881607,-0.536806,0.168372,-0.540657,0.168936,0.000216,0.003635
0,1.714559,-0.805142,-0.321419,0.051796,-0.302596,0.030599,0.00533,0.002301
0,0.879215,-0.513519,-0.835822,0.266371,-0.834679,0.242253,0.003593,0.002789
0,0.450823,-0.364184,-0.416205,0.127193,-0.367071,0.142043,0.003883,0.005395
0,0.113311,-0.096582,-0.317653,0.2818,-0.324945,0.28557,0.001978,0.001686
0,-0.068802,0.04293,-0.159555,0.137271,-0.167548,0.181909,0.001201,0.000749
0,-0.237151,0.032782,-0.164005,-0.000142,-0.165817,-0.007234,0.004139,0.000572
0,-0.120672,0.166657,0.126819,0.123838,0.151332,0.122399,0.002106,0.002909
0,-0.26797,0.143517,-0.129759,-0.005865,-0.16611,-0.040311,0.004677,0.002505
0,-0.359321,0.214885,-0.107942,0.042199,-0.072177,0.036311,0.00548,0.00375
0,-0.161727,0.142454,0.217415,-0.046394,0.173215,-0.016826,0.002823,0.002486
0,-0.193369,0.357548,-0.040177,0.244616,-0.058631,0.23162,0.003375,0.005511
0,-0.1668,0.057684,0.015544,-0.292413,0.065092,-0.253665,0.002911,0.001007
0,0.035139,0.068568,0.200469,0.029424,0.195062,0.047173,0.000613,0.001197
0,-0.177719,0.021059,-0.225848,-0.069644,-0.185057,-0.03227,0.003102,0.000368
0,-0.181434,0.173157,0.021961,0.123393,0.065366,0.138126,0.003167,0.003022
0,-0.039329,0.204668,0.132022,0.027186,0.169588,0.028564,0.000686,0.003572
0,0.093438,0.03731,0.161848,-0.14554,0.119514,-0.191928,0.001631,0.000651
0,-0.006212,0.164119,-0.114249,0.12744,-0.112471,0.146073,0.000108,0.002864
0,0.029072,0.060418,0.041547,-0.130655,0.064621,-0.170169,0.000507,0.001054
0,-0.152051,0.079603,-0.163401,0.017881,-0.192679,-0.011703,0.002654,0.001389
0,0.057943,-0.008212,0.23298,-0.083318,0.223975,-0.054079,0.001011,0.000143
0,-0.00925,0.095135,-0.073414,0.112769,-0.084312,0.161751,0.000161,0.00166
0,-0.177522,0.032056,-0.156925,-0.070726,-0.12702,-0.070497,0.003098,0.000559
0,-0.057982,0.151342,0.098377,0.108773,0.141316,0.06097,0.001012,0.002641
0,-0.191922,0.164308,-0.123329,-0.002842,-0.120966,-0.025348,0.00335,0.002868
0,-0.101893,0.006625,0.071257,-0.128483,0.071963,-0.172805,0.001778,0.000116
0,-0.140324,0.034343,-0.065759,0.004296,-0.071979,-0.039891,0.002449,0.000599
0,-0.015091,-0.016255,0.143552,-0.055944,0.145425,-0.0122,0.000263,0.000284
0,0.020418,0.135976,0.061788,0.141154,0.089315,0.166593,0.000356,0.002373
0,-0.040971,0.086628,-0.042887,-0.066063,-0.073348,-0.019631,0.000715,0.001512
0,0.028511,0.045637,0.06359,-0.06986,0.106772,-0.088518,0.000498,0.000797
0,-0.077283,0.084143,-0.122629,0.056402,-0.155757,0.013441,0.001349,0.001469
0,-0.06697,0.100119,0.005117,-0.006086,0.034318,-0.055525,0.001169,0.001747
0,0.044312,0.031317,0.11169,-0.084259,0.092591,-0.106096,0.000773,0.000547
0,0.063338,-0.015958,0.044275,-0.045641,0.01723,-0.087546,0.001105,0.000279
0,-0.097676,-0.063012,-0.136116,-0.054073,-0.164225,-0.09515,0.001705,0.0011
0,0.121087,-0.064576,0.23669,-0.01671,0.281245,-0.034455,0.002113,0.001127
0,0.095375,-0.004811,-0.015596,0.085526,-0.040929,0.096401,0.001665,8.4e-05
0,0.148274,-0.134039,0.034483,-0.099965,0.061668,-0.073627,0.002588,0.002339
0,0.077404,-0.003942,-0.05394,0.132962,-0.042234,0.138791,0.001351,6.9e-05
0,0.179609,-0.055992,0.107839,-0.053457,0.093586,-0.063293,0.003135,0.000977
0,0.196363,-0.137107,0.007085,-0.051899,0.014965,-0.050465,0.003427,0.002393
0,0.214215,-0.169388,-0.000227,-0.043049,-0.040969,-0.01121,0.003739,0.002956
0,0.034998,-0.06383,-0.193552,0.132966,-0.213951,0.097747,0.000611,0.001114
0,-0.005247,0.089942,-0.016618,0.152422,-0.048481,0.129697,9.2e-05,0.00157
0,-0.066698,-0.024654,-0.059523,-0.107551,-0.051782,-0.081695,0.001164,0.00043
0,0.118138,-0.172332,0.192459,-0.148597,0.209477,-0.151362,0.002062,0.003008
0,-0.090769,-0.029686,-0.213853,0.157712,-0.224123,0.15861,0.001584,0.000518
0,-0.022822,-0.118646,0.073342,-0.106392,0.047725,-0.149114,0.000398,0.002071
0,0.106577,-0.089743,0.151029,0.004061,0.143738,0.047033,0.00186,0.001566
0,-0.074958,0.026662,-0.15258,0.095734,-0.152682,0.051079,0.001308,0.000465
0,0.140484,-0.092287,0.201641,-0.125413,0.166661,-0.142679,0.002452,0.001611
0,-0.01649,-0.119937,-0.171954,-0.053124,-0.22095,-0.081645,0.000288,0.002093
0,0.228674,-0.077646,0.272608,0.0438,0.317493,0.086374,0.003991,0.001355
0,0.205972,-0.02237,-0.021,0.045463,-0.040988,0.014158,0.003595,0.00039
0,0.109123,-0.072164,-0.09714,-0.040629,-0.050252,-0.08056,0.001905,0.001259
0,0.007836,-0.011602,-0.112415,0.040575,-0.147627,0.082128,0.000137,0.000202
0,0.117051,-0.013942,0.122922,-0.0312,0.07624,-0.080347,0.002043,0.000243
0,-0.069539,0.03781,-0.17613,0.027739,-0.218792,0.073385,0.001214,0.00066
0,0.118142,0.109022,0.21029,0.051772,0.259807,0.022678,0.002062,0.001903
0,0.202317,0.037166,0.075757,-0.081101,0.074068,-0.116303,0.003531,0.000649
0,0.163407,-0.053447,-0.044065,-0.098252,-0.004053,-0.053878,0.002852,0.000933
0,0.205658,-0.129847,0.064621,-0.091529,0.020778,-0.138042,0.003589,0.002266
0,0.011343,-0.03532,-0.203866,0.065078,-0.166671,0.062912,0.000198,0.000616
0,0.12465,-0.024511,0.092344,-0.001631,0.091117,0.021196,0.002176,0.000428
0,0.172659,-0.17362,0.047031,-0.140015,0.091204,-0.13139,0.003013,0.00303
0,0.048196,-0.089949,-0.11172,0.104882,-0.117516,0.144122,0.000841,0.00157
0,0.030259,-0.04596,-0.01017,0.073083,-0.003358,0.058421,0.000528,0.000802
0,0.039693,-0.06369,-0.001427,-0.00012,-0.025123,-0.045557,0.000693,0.001112
0,0.124059,-0.088019,0.111368,0.005135,0.117594,0.043548,0.002165,0.001536
0,0.090251,0.064457,-0.038497,0.161328,-0.026966,0.176295,0.001575,0.001125
0,0.014687,0.113131,-0.073279,0.062669,-0.039532,0.046569,0.000256,0.001975
0,-0.13945,0.071673,-0.167832,-0.042791,-0.160241,-0.048758,0.002434,0.001251
0,0.060382,-0.068759,0.206175,-0.111261,0.168707,-0.129836,0.001054,0.0012
0,0.006792,0.045454,-0.023957,0.117461,0.022376,0.098009,0.000119,0.000793
0,-0.04291,-0.089416,-0.025528,-0.152532,-0.014054,-0.13534,0.000749,0.001561
0,-0.04649,0.096408,-0.03267,0.157194,-0.038355,0.14213,0.000811,0.001683
0,0.097307,0.138528,0.151572,0.069922,0.137874,0.093049,0.001698,0.002418
0,-0.120355,0.176358,-0.188872,0.045017,-0.212366,0.081313,0.002101,0.003078
0,-0.040873,0.051996,0.09243,-0.130347,0.073097,-0.163029,0.000713,0.000908
0,0.06422,0.105886,0.081115,0.038994,0.052972,-0.009659,0.001121,0.001848
0,0.166547,0.131029,0.079475,0.033489,0.056739,0.01142,0.002907,0.002287
0,-0.059755,-0.057756,-0.244678,-0.179886,-0.267003,-0.131113,0.001043,0.001008
0,-0.081711,0.076764,-0.016005,0.122352,-0.012738,0.117309,0.001426,0.00134
0,0.030972,0.075451,0.094578,0.009094,0.116402,-0.03079,0.000541,0.001317
0,0.08116,-0.030768,0.069093,-0.110402,0.092565,-0.130812,0.001417,0.000537
0,0.073768,0.016566,0.016628,0.06232,0.028855,0.098763,0.001287,0.000289
0,0.016731,-0.124383,-0.047931,-0.111525,-0.081856,-0.093726,0.000292,0.002171
0,-0.039734,-0.098721,-0.062138,0.026448,-0.091396,0.017868,0.000693,0.001723
0,-0.104633,-0.075462,-0.067646,0.010694,-0.07328,0.037634,0.001826,0.001317
0,-0.245145,0.147002,-0.13431,0.23201,-0.124954,0.194765,0.004279,0.002566
0,-0.023721,0.006163,0.213708,-0.168617,0.169885,-0.215885,0.000414,0.000108
0,-0.303737,0.062068,-0.270924,0.03921,-0.241691,0.041116,0.005301,0.001083
0,0.008536,0.170985,0.313869,0.102033,0.339697,0.076251,0.000149,0.002984
0,-0.092526,0.01614,-0.082766,-0.171584,-0.087316,-0.126689,0.001615,0.000282
0,-0.19587,-0.077131,-0.088927,-0.103521,-0.0825,-0.070104,0.003419,0.001346
0,0.040095,-0.149946,0.233988,-0.054706,0.214183,-0.012921,0.0007,0.002617
0,-0.135472,0.086833,-0.197674,0.233528,-0.239454,0.218056,0.002364,0.001516
0,-0.222773,0.130765,-0.116691,0.031333,-0.130257,-0.013799,0.003888,0.002282
0,-0.22856,0.067043,0.023289,-0.089579,0.035336,-0.105087,0.003989,0.00117
0,0.009367,-0.011228,0.257477,-0.107949,0.247832,-0.12852,0.000163,0.000196
0,-0.020333,0.121627,-0.004813,0.1453,-0.03869,0.11509,0.000355,0.002123
0,-0.06589,0.018186,-0.06145,-0.077153,-0.01319,-0.072557,0.00115,0.000317
0,-0.079193,0.032816,-0.039468,0.038126,0.000467,0.041208,0.001382,0.000573
0,-0.148238,0.078699,-0.08058,0.040453,-0.122497,0.084823,0.002587,0.001374
0,-0.043875,0.002822,0.132528,-0.051793,0.129733,-0.072278,0.000766,4.9e-05
0,-0.106913,0.100327,-0.051719,0.097785,-0.026027,0.147046,0.001866,0.001751
0,-0.227043,-0.125789,-0.107332,-0.21272,-0.075933,-0.216746,0.003963,0.002195
0,-0.038102,-0.090719,0.197101,0.060976,0.178371,0.04913,0.000665,0.001583
0,-0.139872,-0.008129,-0.120921,0.063528,-0.071796,0.109063,0.002441,0.000142
0,0.010773,0.094383,0.17157,0.116651,0.167471,0.100814,0.000188,0.001647
0,-0.04788,0.059413,-0.083115,-0.061271,-0.034162,-0.020574,0.000836,0.001037
0,0.005457,-0.0225,0.03395,-0.082367,0.002818,-0.095513,9.5e-05,0.000393
0,-0.235602,0.009562,-0.248405,0.011498,-0.198784,-0.000538,0.004112,0.000167
0,-0.143109,-0.090146,0.093206,-0.106734,0.043447,-0.067123,0.002498,0.001573
0,-0.233956,-0.159981,-0.083745,-0.079317,-0.062505,-0.094617,0.004083,0.002792
0,-0.165072,0.062431,0.071678,0.241511,0.068079,0.27112,0.002881,0.00109
0,-0.060246,-0.11506,0.093911,-0.154683,0.08809,-0.12708,0.001051,0.002008
0,0.02667,0.143527,0.070266,0.253995,0.045736,0.259587,0.000465,0.002505
0,-0.200492,0.126182,-0.243226,0.002031,-0.234955,0.007912,0.003499,0.002202
0,-0.130349,0.146646,0.066025,0.029779,0.112069,0.049768,0.002275,0.002559
0,-0.089026,-0.033846,0.023466,-0.153789,0.002465,-0.153643,0.001554,0.000591
0,-0.095432,-0.008336,-0.028216,0.033329,-0.007422,-0.008112,0.001666,0.000145
0,-0.053794,-0.046722,0.038189,-0.029866,-0.010991,-0.000169,0.000939,0.000815
0,0.035062,0.095757,0.100787,0.147935,0.085857,0.12907,0.000612,0.001671
0,-0.134566,-0.084385,-0.198696,-0.17195,-0.223998,-0.181893,0.002349,0.001473
0,-0.023817,-0.137086,0.128485,-0.051819,0.170405,-0.101684,0.000416,0.002393
0,-0.157116,-0.028839,-0.122464,0.13473,-0.101732,0.091871,0.002742,0.000503
0,0.051584,0.148946,0.201554,0.191734,0.18742,0.143923,0.0009,0.0026
0,-0.061121,-0.107248,-0.134186,-0.241061,-0.101163,-0.283518,0.001067,0.001872
0,-0.229632,0.058574,-0.151157,0.190001,-0.170236,0.141786,0.004008,0.001022
0,0.020612,-0.093691,0.239651,-0.180013,0.215479,-0.158999,0.00036,0.001635
0,0.02211,-0.013714,0.006403,0.055754,-0.03063,0.092911,0.000386,0.000239
0,0.024268,-0.067451,0.024447,-0.039918,0.058672,-0.084087,0.000424,0.001177
0,-0.090322,0.029051,-0.133993,0.068224,-0.136086,0.09138,0.001576,0.000507
0,0.06926,0.137407,0.164914,0.116615,0.121823,0.114421,0.001209,0.002398
0,0.004862,0.157865,-0.049649,-0.006434,-0.072397,0.023498,8.5e-05,0.002755
0,0.120314,0.10148,0.137428,-0.059807,0.140793,-0.014846,0.0021,0.001771
0,0.033838,-0.056572,-0.080347,-0.145016,-0.045561,-0.115369,0.000591,0.000987
0,0.035537,0.115153,-0.009827,0.187863,-0.020761,0.148234,0.00062,0.00201
0,-0.202981,0.069259,-0.224793,-0.052098,-0.27152,-0.03648,0.003543,0.001209
0,0.031329,-0.05389,0.260965,-0.146613,0.309662,-0.141325,0.000547,0.000941
0,-0.035502,0.103895,-0.042031,0.153818,-0.017446,0.195906,0.00062,0.001813
0,0.068774,-0.124274,0.11526,-0.251076,0.119349,-0.271253,0.0012,0.002169
0,-0.103056,0.116357,-0.152439,0.220195,-0.15433,0.226859,0.001799,0.002031
0,0.056503,0.09083,0.153796,-0.051636,0.195283,-0.080804,0.000986,0.001585
0,-0.034799,-0.034577,-0.086328,-0.155387,-0.131756,-0.186956,0.000607,0.000603
0,-0.167793,0.076928,-0.119335,0.082477,-0.168257,0.115793,0.002929,0.001343
0,-0.061589,-0.118312,0.108672,-0.210505,0.120494,-0.248198,0.001075,0.002065
0,-0.155947,0.031527,-0.081394,0.151843,-0.074607,0.176774,0.002722,0.00055
0,0.113491,-0.072834,0.258325,-0.08322,0.296193,-0.078856,0.001981,0.001271
0,-0.155698,-0.031847,-0.245269,0.039205,-0.259067,0.031387,0.002717,0.000556
0,0.025674,-0.066812,0.176916,-0.014173,0.166233,-0.039882,0.000448,0.001166
0,-0.099144,0.091351,-0.1547,0.134919,-0.187478,0.162511,0.00173,0.001594
0,-0.192707,-0.153292,-0.067579,-0.247666,-0.046203,-0.293705,0.003363,0.002675
0,-0.088631,0.076591,0.096561,0.230551,0.122938,0.220239,0.001547,0.001337
0,-0.017971,-0.047701,0.074559,-0.152831,0.068134,-0.183407,0.000314,0.000833
0,0.028087,-0.078998,0.045161,-0.008775,0.003251,0.032892,0.00049,0.001379
0,-0.055761,0.005106,-0.062595,0.110617,-0.080211,0.1161,0.000973,8.9e-05
0,-0.108479,0.00758,-0.077611,-0.005118,-0.078972,0.028895,0.001893,0.000132
0,-0.083138,0.096324,0.015161,0.116687,-0.02638,0.093238,0.001451,0.001681
0,-0.027044,-0.054285,0.027103,-0.165511,0.016183,-0.174482,0.000472,0.000947
0,-0.020488,0.013377,0.036479,0.084793,0.001099,0.084796,0.000358,0.000233
0,0.045594,0.119781,0.043581,0.093873,-0.004908,0.131901,0.000796,0.002091
0,-0.106539,0.06036,-0.163438,-0.034279,-0.142998,-0.013865,0.001859,0.001053
0,-0.03523,-0.021986,0.062799,-0.109374,0.03663,-0.080945,0.000615,0.000384
0,-0.114592,-0.05014,-0.076799,-0.027307,-0.040977,-0.017057,0.002,0.000875
0,-0.086545,-0.158227,0.005031,-0.11003,0.015565,-0.156836,0.00151,0.002762
0,0.001376,0.097533,0.082724,0.228338,0.085575,0.218129,2.4e-05,0.001702
0,-0.046718,0.067146,-0.020941,-0.059028,-0.012307,-0.040702,0.000815,0.001172
0,-0.141196,-0.1146,-0.104465,-0.173237,-0.090942,-0.140696,0.002464,0.002
0,-0.223797,-0.132396,-0.094775,-0.03732,-0.123443,-0.040145,0.003906,0.002311
0,-0.147659,-0.128358,0.078264,-0.024962,0.042427,-0.001764,0.002577,0.00224
0,-0.089913,0.013881,0.0652,0.13217,0.109,0.122265,0.001569,0.000242
0,0.031297,-0.006657,0.144143,0.003667,0.153481,0.021932,0.000546,0.000116
0,-0.196816,-0.125439,-0.201604,-0.109289,-0.227254,-0.155089,0.003435,0.002189
0,-0.107375,0.083359,0.060851,0.213418,0.031295,0.199255,0.001874,0.001455
0,-0.064364,0.023285,0.027383,-0.085654,0.014597,-0.055913,0.001123,0.000406
0,-0.197238,-0.089486,-0.108972,-0.11285,-0.141902,-0.113716,0.003442,0.001562
0,0.005809,0.03225,0.210365,0.13687,0.260323,0.177161,0.000101,0.000563
0,-0.159931,0.0358,-0.144083,-0.013077,-0.115873,-0.003908,0.002791,0.000625
0,-0.103025,0.123751,0.074553,0.093895,0.030637,0.137881,0.001798,0.00216
0,0.002991,0.137667,0.132595,0.013098,0.129348,-0.023577,5.2e-05,0.002403
0,-0.237611,0.147171,-0.239882,0.010212,-0.263795,0.005199,0.004147,0.002569
0,-0.20856,-0.031416,0.006301,-0.193105,0.040869,-0.16456,0.00364,0.000548
0,-0.151071,-0.060321,0.082745,-0.052168,0.060036,-0.055967,0.002637,0.001053
0,-0.12235,-0.129616,0.034538,-0.078693,0.044551,-0.04587,0.002135,0.002262
0,-0.094543,-0.149133,0.050051,-0.031007,0.010508,-0.018368,0.00165,0.002603
0,-0.184059,0.110202,-0.096418,0.288857,-0.114683,0.275692,0.003212,0.001923
0,0.033195,0.131725,0.209336,0.025204,0.251345,0.001827,0.000579,0.002299
0,-0.102363,0.135925,-0.149187,-0.016687,-0.122788,-0.003311,0.001787,0.002372
0,0.048894,-0.129945,0.142004,-0.245364,0.136924,-0.219327,0.000853,0.002268
0,-0.18978,-0.109901,-0.240367,0.041774,-0.224077,0.091119,0.003312,0.001918
0,-0.14168,0.149934,0.0382,0.234496,0.07887,0.221462,0.002473,0.002617
0,0.025132,0.104851,0.194791,-0.063907,0.200503,-0.075264,0.000439,0.00183
0,-0.186215,-0.040267,-0.234911,-0.168585,-0.19588,-0.151688,0.00325,0.000703
0,-0.076058,-0.003381,0.139358,0.038372,0.131346,0.004131,0.001327,5.9e-05
0,-0.117306,0.112665,-0.044599,0.101504,-0.090035,0.05172,0.002047,0.001966
0,-0.172573,0.053434,-0.077179,-0.047864,-0.04594,-0.052045,0.003012,0.000933
0,0.004603,0.039378,0.148454,-0.020162,0.103543,-0.042515,8e-05,0.000687
0,-0.2069,0.161685,-0.218422,0.092923,-0.248643,0.047403,0.003611,0.002822
0,-0.167465,0.066081,0.068033,-0.092507,0.043236,-0.065109,0.002923,0.001153
0,-0.026183,-0.087633,0.169909,-0.146356,0.192283,-0.194907,0.000457,0.001529
0,-0.026694,0.013766,0.015747,0.130038,-0.03357,0.172202,0.000466,0.00024
0,0.039503,0.073327,0.049906,0.032465,0.089763,0.037887,0.000689,0.00128
0,-0.147826,0.166889,-0.21438,0.069228,-0.242529,0.104456,0.00258,0.002913
0,-0.080497,0.077987,0.096583,-0.067978,0.140311,-0.060284,0.001405,0.001361
0,0.01661,0.125859,0.101773,0.024578,0.066736,0.030917,0.00029,0.002197
0,0.082719,-0.104526,0.083979,-0.212399,0.053697,-0.222053,0.001444,0.001824
0,-0.093366,-0.067494,-0.195071,0.039357,-0.18598,-0.00888,0.00163,0.001178
0,0.05863,0.045292,0.178044,0.094798,0.132697,0.087591,0.001023,0.00079
0,-0.064574,0.033233,-0.139197,-0.018085,-0.147248,-0.031731,0.001127,0.00058
0,0.074214,0.091061,0.15208,0.081009,0.140194,0.062668,0.001295,0.001589
0,7.5e-05,-0.024957,-0.058845,-0.116114,-0.088247,-0.075068,1e-06,0.000436
0,-0.043912,-0.088003,-0.053524,-0.038687,-0.073262,-0.04789,0.000766,0.001536
0,-0.021568,0.047809,-0.006566,0.150621,-0.005764,0.108175,0.000376,0.000834
0,0.104023,-0.01135,0.126087,-0.051938,0.143848,-0.085293,0.001816,0.000198
0,-0.147365,-0.170274,-0.272645,-0.156164,-0.254399,-0.177283,0.002572,0.002972
0,-0.126251,-0.064134,0.033008,0.108161,0.065157,0.144465,0.002203,0.001119
0,0.060086,-0.155146,0.177129,-0.102543,0.158424,-0.116036,0.001049,0.002708
0,-0.177746,-0.115624,-0.260942,0.048217,-0.271152,0.072915,0.003102,0.002018
0,0.152144,0.023699,0.341388,0.143256,0.382077,0.181194,0.002655,0.000414
0,-0.000809,-0.066354,-0.174191,-0.087692,-0.209977,-0.101856,1.4e-05,0.001158
0,-0.017113,1.032485,-0.031091,1.122466,-0.055198,1.16355,0.000299,0.005483
0,0.094665,1.604676,0.138386,0.566834,0.158405,0.525034,0.001652,0.004503
0,0.079621,1.705464,-0.037001,0.089549,0.01019,0.133713,0.00139,0.005489
0,-0.000294,1.32111,-0.067855,-0.35845,-0.065202,-0.309842,5e-06,0.000446
0,0.063579,1.548599,0.092424,0.224568,0.05965,0.249016,0.00111,0.003525
0,-0.36658,2.606058,-0.432808,1.041681,-0.419141,1.037549,0.005354,0.001523
0,-0.513573,2.404548,-0.151107,-0.183543,-0.155003,-0.166807,0.002788,0.00504
0,-0.625739,2.690008,-0.089637,0.29013,-0.067952,0.320824,0.00083,5.7e-05
0,-0.540622,2.50018,0.082894,-0.194082,0.083018,-0.241574,0.002316,0.00337
0,-0.340207,1.599595,0.183673,-0.915856,0.154731,-0.915866,0.005814,0.004415
0,-0.289092,1.460835,0.074847,-0.139066,0.034809,-0.091397,0.005046,0.001993
0,-0.410865,1.002319,-0.112265,-0.4375,-0.119508,-0.414179,0.004581,0.005742
0,-0.17402,0.755952,0.265044,-0.254248,0.248656,-0.243316,0.003037,0.001442
0,-0.2105,0.499507,-0.016958,-0.2424,-0.02219,-0.243079,0.003674,0.003034
0,-0.110902,0.146826,0.106621,-0.362739,0.132137,-0.352085,0.001936,0.002563
0,-0.081008,-0.189227,0.03623,-0.323087,0.037473,-0.335343,0.001414,0.003303
0,-0.120274,-0.055261,-0.056387,0.141894,-0.083144,0.166377,0.002099,0.000964
0,0.041885,-0.25914,0.139725,-0.222552,0.147119,-0.227665,0.000731,0.004523
0,-0.194888,-0.258249,-0.221911,-0.024816,-0.269072,-0.047621,0.003401,0.004507
0,0.063829,-0.245987,0.28029,0.011879,0.279474,0.02106,0.001114,0.004293
0,-0.019196,-0.085284,-0.09723,0.160563,-0.138671,0.203969,0.000335,0.001488
0,-0.075995,-0.073303,-0.080116,0.006713,-0.125305,-0.025713,0.001326,0.001279
0,0.002381,-0.233815,0.052978,-0.176765,0.032817,-0.19753,4.2e-05,0.004081
0,0.009368,-0.119993,-0.011922,0.11039,0.003754,0.145286,0.000164,0.002094
0,-0.172747,-0.010409,-0.201654,0.097127,-0.230382,0.059565,0.003015,0.000182
0,-0.159253,0.039531,0.028245,0.030255,0.04449,0.035663,0.002779,0.00069
0,-0.243757,-0.096912,-0.099737,-0.130008,-0.12884,-0.138636,0.004254,0.001691
0,-0.100456,-0.01085,0.120372,0.106986,0.148036,0.068835,0.001753,0.000189
0,-0.165549,-0.000852,-0.048831,0.03685,-0.029073,0.002638,0.002889,1.5e-05
0,-0.037259,-0.189497,0.103005,-0.159389,0.122269,-0.204577,0.00065,0.003307
0,-0.168048,-0.029343,-0.114455,0.148853,-0.091671,0.138371,0.002933,0.000512
0,-0.124374,-0.083769,0.017144,-0.061691,0.026983,-0.111561,0.002171,0.001462
0,0.034797,0.029216,0.12954,0.104552,0.114503,0.054752,0.000607,0.00051
0,-0.283764,-1.602379,-0.302071,-1.629703,-0.322405,-1.582923,0.004953,0.004463
0,-0.512204,-2.218942,-0.251392,-0.615892,-0.248525,-0.593799,0.002812,0.003473
0,-0.622849,-2.559236,-0.119861,-0.32819,-0.164674,-0.341048,0.000881,0.00234
0,-0.639111,-2.43742,-0.023681,0.141114,-0.049695,0.110294,0.000597,0.004466
0,-0.647087,-1.669328,0.012623,0.776981,-0.015771,0.790968,0.000458,0.005632
0,-0.388912,-1.510299,0.249932,0.183287,0.204069,0.216064,0.004964,0.002856
0,-0.167188,-1.032078,0.249139,0.499227,0.276648,0.456867,0.002918,0.00549
0,-0.040571,-0.721878,0.119085,0.28755,0.123478,0.316635,0.000708,0.000847
0,-0.289151,-0.242155,-0.235723,0.469235,-0.253678,0.463746,0.005047,0.004226
0,-0.012266,-0.074404,0.271986,0.180665,0.295389,0.222034,0.000214,0.001299
0,0.035569,0.123982,0.031357,0.177002,0.03688,0.17256,0.000621,0.002164
0,0.075546,0.029416,0.028628,-0.100497,0.015645,-0.070094,0.001319,0.000513
0,-0.042077,0.407533,-0.102506,0.349512,-0.12977,0.300721,0.000734,0.004639
0,-0.103857,0.372476,-0.049788,-0.03023,-0.077379,0.006768,0.001813,0.005251
0,0.030673,0.264663,0.153827,-0.082872,0.109363,-0.09623,0.000535,0.004619
0,-0.005037,0.25119,-0.028681,-0.004737,-0.039088,-0.016742,8.8e-05,0.004384
0,-0.141048,0.167426,-0.115997,-0.07898,-0.105826,-0.082975,0.002462,0.002922
0,-0.104251,0.185524,0.015925,0.005748,0.050268,-0.034579,0.00182,0.003238
0,-0.070434,0.137227,0.007421,-0.075246,-0.027172,-0.075333,0.001229,0.002395
0,-0.007608,0.077689,0.058522,-0.043674,0.082314,-0.02825,0.000133,0.001356
0,-0.181895,0.103829,-0.147037,0.012223,-0.12302,-0.018923,0.003175,0.001812
0,-0.095649,0.121153,0.095858,-0.00573,0.048152,0.034697,0.001669,0.002115
0,0.000181,0.208565,0.104654,0.069195,0.120189,0.06731,3e-06,0.00364
0,-0.125107,0.181068,-0.146293,-0.035197,-0.126601,-0.032503,0.002184,0.00316
0,-0.127361,-0.074688,-0.021332,-0.229526,-0.056069,-0.226953,0.002223,0.001304
0,-0.08376,0.146489,0.044327,0.221257,0.074182,0.215748,0.001462,0.002557
0,-0.123783,-0.076707,-0.039053,-0.198998,-0.083262,-0.19245,0.00216,0.001339
0,-4.078408,0.576738,-3.973981,0.64589,-3.987033,0.690223,0.000671,0.001686
0,-4.96679,1.197456,-0.910998,0.607461,-0.942554,0.628952,0.004425,0.002604
0,-4.781513,1.207028,0.193439,0.007433,0.170364,0.02927,0.001191,0.002437
0,-4.004585,0.966744,0.76677,-0.235098,0.733982,-0.18835,0.000617,0.005121
0,-2.88623,1.098991,1.141698,0.161086,1.125028,0.193856,0.003367,0.004322
0,-2.545579,0.682455,0.315043,-0.391833,0.332378,-0.385277,0.002578,0.000159
0,-2.272392,0.420595,0.265453,-0.256977,0.246289,-0.248765,0.004406,0.004411
0,-1.695745,0.396186,0.568366,-0.019413,0.558863,-0.01774,0.005659,0.004837
0,-0.858566,0.095314,0.819731,-0.311053,0.846197,-0.323783,0.003233,0.001664
0,-0.697857,0.055236,0.141873,-0.043213,0.117816,-0.068769,0.000428,0.000964
0,-0.244876,-0.062518,0.423281,-0.121512,0.38074,-0.120617,0.004274,0.001091
0,0.094255,-0.00751,0.369068,0.053597,0.410672,0.072333,0.001645,0.000131
0,0.118781,-0.286183,0.027239,-0.284413,0.031771,-0.243625,0.002073,0.004995
0,0.249956,-0.174965,0.103877,0.137188,0.068711,0.156496,0.004363,0.003054
0,0.270821,-0.085725,0.039416,0.080378,0.005766,0.032606,0.004727,0.001496
0,0.410234,-0.025678,0.118851,0.051012,0.105269,0.073962,0.004592,0.000448
0,0.529503,-0.204703,0.10252,-0.20758,0.08575,-0.196792,0.00251,0.003573
0,0.467774,-0.114794,-0.071235,0.11554,-0.093321,0.080951,0.003588,0.002004
0,0.150142,0.02935,-0.304514,0.161865,-0.306701,0.118651,0.00262,0.000512
0,0.208417,0.002202,0.035687,-0.046399,0.002087,-0.016814,0.003638,3.8e-05
0,0.415498,0.010092,0.179534,-0.005195,0.183114,0.017824,0.0045,0.000176
0,0.458141,0.036877,0.056125,0.029823,0.026921,0.038694,0.003756,0.000644
0,0.433382,-0.068375,-0.018251,-0.103212,-0.024722,-0.104112,0.004188,0.001193
0,0.285371,-0.05787,-0.121055,0.013778,-0.169948,-0.022081,0.004981,0.00101
0,0.17949,0.04214,-0.089049,0.0936,-0.044677,0.078673,0.003133,0.000735
0,0.396877,-0.010029,0.223455,-0.049532,0.230573,-0.046912,0.004825,0.000175
0,0.417235,-0.083617,0.018786,-0.063224,-0.001647,-0.064393,0.00447,0.001459
0,0.778782,-0.727796,0.377617,-0.648107,0.381234,-0.607865,0.001841,0.000951
0,1.467853,-0.90855,0.670895,-0.196408,0.672633,-0.172581,0.002115,0.004105
0,1.565583,-1.566895,0.113021,-0.685391,0.143332,-0.731751,0.003821,0.003844
0,1.502129,-1.860145,-0.06231,-0.273071,-0.02985,-0.28757,0.002714,0.002789
0,1.230999,-1.586367,-0.290916,0.283478,-0.303627,0.249488,0.002018,0.004184
0,0.836582,-1.563652,-0.386745,0.028132,-0.39022,-0.01215,0.002849,0.003787
0,0.751112,-1.128805,-0.102259,0.428894,-0.136702,0.393512,0.001358,0.003802
0,0.72324,-0.921952,-0.027796,0.219038,-0.034281,0.178495,0.000871,0.004339
0,0.597275,-0.379096,-0.12111,0.562812,-0.161975,0.5532,0.001327,0.005135
0,0.40806,-0.371902,-0.206939,-0.013117,-0.192945,-0.043206,0.00463,0.005261
0,0.131096,-0.052628,-0.297747,0.295269,-0.24833,0.274407,0.002288,0.000919
0,0.128302,0.065112,0.001445,0.136284,-0.000812,0.161238,0.002239,0.001136
0,0.07658,0.242337,-0.027443,0.148022,-0.053928,0.177505,0.001337,0.00423
0,0.061495,0.302508,-0.03354,0.054398,-0.069731,0.056572,0.001073,0.00528
0,0.03333,0.344742,-0.05552,0.033396,-0.032965,-0.009925,0.000582,0.005735
0,-0.190899,0.539025,-0.253643,0.202062,-0.213974,0.212248,0.003332,0.002344
0,0.009487,0.331537,0.213299,-0.19177,0.237853,-0.164901,0.000166,0.005786
0,-0.103221,0.275169,-0.137558,-0.04943,-0.158366,-0.063096,0.001802,0.004803
0,-0.197733,0.183963,-0.107037,-0.082154,-0.077603,-0.093928,0.003451,0.003211
0,-0.121024,0.290108,0.100757,0.089453,0.115126,0.087548,0.002112,0.005063
0,-0.165708,0.078299,-0.04366,-0.235983,-0.059925,-0.266094,0.002892,0.001367
0,0.038735,0.246443,0.234044,0.18165,0.205555,0.230081,0.000676,0.004301
0,-0.116109,0.052328,-0.134693,-0.197947,-0.118012,-0.153997,0.002026,0.000913
0,-0.141413,0.038218,-0.006762,0.004969,0.00237,-0.008416,0.002468,0.000667
0,-0.184594,0.104367,-0.017407,0.084997,-0.028686,0.078284,0.003222,0.001822
0,-0.006787,0.111369,0.198566,0.032104,0.149185,0.025745,0.000118,0.001944
0,-0.061605,0.203052,-0.044023,0.115652,-0.076973,0.095279,0.001075,0.003544
0,-0.22692,-0.006722,-0.147846,-0.226489,-0.18959,-0.190357,0.00396,0.000117
0,-0.195561,0.16318,0.003609,0.160661,-0.025447,0.161147,0.003413,0.002848
0,-0.109612,-0.027794,0.0562,-0.195439,0.067216,-0.181608,0.001913,0.000485
0,-0.03381,-0.033816,0.067949,-0.026102,0.03465,0.004589,0.00059,0.00059
0,0.092208,0.063236,0.154875,0.082143,0.114185,0.109793,0.001609,0.001104
0,-0.045475,-0.01313,-0.112444,-0.05466,-0.094886,-0.07734,0.000794,0.000229
0,-0.058408,0.099227,0.012484,0.090471,0.032317,0.077422,0.001019,0.001732
0,-0.162296,-0.033126,-0.099474,-0.119278,-0.101987,-0.102364,0.002833,0.000578
0,-0.165135,0.15644,-0.014619,0.18094,-0.036244,0.164964,0.002882,0.00273
0,-0.043053,-0.08884,0.130655,-0.246735,0.110941,-0.283215,0.000751,0.001551
0,0.158566,0.092549,0.178818,0.19152,0.12949,0.222102,0.002767,0.001615
0,0.100359,0.031719,-0.034811,-0.088459,-0.07376,-0.089702,0.001752,0.000554
0,0.206622,-0.033871,0.107656,-0.063468,0.06397,-0.047152,0.003606,0.000591
0,-0.000668,0.104203,-0.179445,0.155485,-0.216611,0.185685,1.2e-05,0.001819
0,0.154479,0.190059,0.143419,0.07073,0.094533,0.034339,0.002696,0.003317
0,0.176705,0.075764,-0.00164,-0.120483,-0.02734,-0.112156,0.003084,0.001322
0,0.223789,-0.06838,0.032599,-0.131861,0.016633,-0.090876,0.003906,0.001193
0,0.010765,0.13538,-0.22401,0.214793,-0.232536,0.207293,0.000188,0.002363
0,0.047468,0.162262,0.021437,0.043468,-0.009928,0.070664,0.000828,0.002832
0,0.219825,0.092183,0.169241,-0.04837,0.186402,-0.040133,0.003837,0.001609
0,0.166241,0.131995,-0.035554,0.013531,-0.034865,0.0147,0.002901,0.002304
0,0.195209,0.085865,0.05454,-0.019088,0.042873,-0.043413,0.003407,0.001499
0,0.284947,0.12991,0.085902,0.018487,0.120547,0.044786,0.004973,0.002267
0,-0.001684,0.003211,-0.269197,-0.149892,-0.291985,-0.145917,2.9e-05,5.6e-05
0,0.100205,0.079347,0.105287,0.075715,0.062595,0.102147,0.001749,0.001385
0,0.101327,-0.081589,-0.011556,-0.135307,-0.054829,-0.112739,0.001768,0.001424
0,0.189148,0.04126,0.076393,0.109366,0.039669,0.060243,0.003301,0.00072
0,-0.054522,-0.001845,-0.234423,-0.048088,-0.191195,-0.080257,0.000952,3.2e-05
0,0.137203,-0.01852,0.218914,-0.034779,0.223834,0.010885,0.002395,0.000323
0,0.009112,-0.043344,-0.101379,-0.04341,-0.150862,-0.039645,0.000159,0.000756
0,-0.098109,-0.013808,-0.117929,9.9e-05,-0.079582,-0.008986,0.001712,0.000241
0,-0.05238,-0.04512,0.029289,-0.001771,0.044785,-0.020376,0.000914,0.000787
0,0.056197,-0.008709,0.119827,0.054525,0.106525,0.073132,0.000981,0.000152
0,-0.004063,-0.062897,-0.085906,-0.080103,-0.064534,-0.064917,7.1e-05,0.001098
0,-0.10079,0.097235,-0.079641,0.1689,-0.066304,0.212237,0.001759,0.001697
0,0.144202,0.121567,0.257952,0.036576,0.301385,-0.006265,0.002517,0.002122
0,0.149486,-0.08372,-0.022879,-0.199435,0.002879,-0.245898,0.002609,0.001461
0,0.135546,-0.02771,-0.02048,0.047868,-0.007696,0.001868,0.002366,0.000484
0,0.061488,-0.042396,-0.101639,-0.019635,-0.102407,0.01923,0.001073,0.00074
0,-0.0436,0.123468,-0.124886,0.175243,-0.148245,0.19503,0.000761,0.002155
0,-0.04742,0.049696,0.02051,-0.048493,0.049711,-0.0947,0.000828,0.000867
0,0.190422,-0.024764,0.236549,-0.078438,0.286437,-0.074257,0.003323,0.000432
0,-0.062848,-0.045337,-0.267828,-0.003136,-0.232835,-0.010458,0.001097,0.000791
0,0.132964,0.092882,0.195888,0.154614,0.236693,0.192827,0.002321,0.001621
0,0.084462,0.039012,-0.033457,-0.079862,-0.05009,-0.069194,0.001474,0.000681
0,0.059864,0.036037,-0.014744,-0.028968,-0.048704,-0.003064,0.001045,0.000629
0,0.040345,-0.101359,-0.044275,-0.127152,-0.092703,-0.131115,0.000704,0.001769
0,0.001671,0.050528,-0.046792,0.127816,-0.027272,0.17609,2.9e-05,0.000882
0,0.144939,-0.098427,0.117144,-0.177084,0.126046,-0.210769,0.00253,0.001718
0,0.064417,0.038044,-0.105636,0.122649,-0.107905,0.168464,0.001124,0.000664
0,0.025239,-0.036761,-0.059304,-0.044869,-0.074778,-0.003969,0.000441,0.000642
0,0.067795,-0.110324,0.046086,-0.087961,0.01974,-0.110969,0.001183,0.001926
0,0.17306,0.050515,0.092367,0.155228,0.056004,0.188615,0.00302,0.000882
0,0.132854,0.019602,-0.036412,-0.01817,-0.060427,-0.012291,0.002319,0.000342
0,0.172324,0.099528,0.061657,0.063502,0.020805,0.087912,0.003008,0.001737
0,-0.096706,0.021592,-0.287539,-0.068035,-0.271019,-0.027834,0.001688,0.000377
0,0.13315,0.063112,0.219102,0.018904,0.249469,0.050419,0.002324,0.001102
0,0.077158,-0.069668,-0.07419,-0.14668,-0.097076,-0.1768,0.001347,0.001216
0,-0.046561,-0.082452,-0.151363,-0.023224,-0.152298,0.019327,0.000813,0.001439
0,0.097586,0.07119,0.161722,0.150041,0.194655,0.151591,0.001703,0.001242
0,0.211904,-0.123413,0.12638,-0.186606,0.094332,-0.181146,0.003698,0.002154
0,0.189291,-0.053392,-0.009806,0.075875,0.002685,0.047111,0.003304,0.000932
0,0.064708,-0.1106,-0.124573,-0.055639,-0.153606,-0.07602,0.001129,0.00193
0,0.184569,-0.029804,0.128927,0.050986,0.155981,0.065127,0.003221,0.00052
0,0.1584,0.048868,0.001784,0.07391,0.044253,0.116219,0.002765,0.000853
0,0.238413,0.034815,0.106621,-0.031545,0.117253,-0.037117,0.004161,0.000608
0,0.071105,0.106118,-0.191,0.070256,-0.163134,0.096677,0.001241,0.001852
0,0.041903,0.002296,-0.011317,-0.101663,0.032415,-0.147641,0.000731,4e-05
0,0.090189,-0.019273,0.053581,-0.003509,0.021421,0.023478,0.001574,0.000336
0,0.107055,-0.123642,0.045651,-0.090646,0.027008,-0.133384,0.001868,0.002158
0,0.158518,-0.024417,0.078277,0.119685,0.053424,0.10391,0.002767,0.000426
0,-0.014517,-0.008458,-0.157975,-0.012677,-0.130112,-0.053567,0.000253,0.000148
0,0.199585,-0.056886,0.224929,-0.041833,0.175384,-0.066335,0.003483,0.000993
0,0.02683,0.142784,-0.14704,0.175578,-0.172241,0.186575,0.000468,0.002492
0,0.149314,0.135405,0.150118,-0.026132,0.109914,0.019646,0.002606,0.002363
0,0.089164,-0.026502,-0.050376,-0.153269,-0.026564,-0.181276,0.001556,0.000463
0,0.040951,-0.020736,-0.034131,-0.001766,-0.074209,0.039098,0.000715,0.000362
0,-0.110893,0.150328,-0.146498,0.167927,-0.135895,0.155391,0.001935,0.002624
0,-0.063519,0.090792,0.049081,-0.062811,0.00084,-0.021458,0.001109,0.001585
0,-0.172584,0.055371,-0.091045,-0.038775,-0.053749,-0.081147,0.003012,0.000966
0,0.012127,0.135188,0.205161,0.101206,0.20272,0.104947,0.000212,0.002359
0,-0.030791,0.044396,-0.064254,-0.078596,-0.113138,-0.03006,0.000537,0.000775
0,-0.213531,-0.101091,-0.192152,-0.129709,-0.216325,-0.172347,0.003727,0.001764
0,-0.101016,0.175872,0.130622,0.30085,0.170414,0.325762,0.001763,0.00307
0,-0.228009,0.073941,-0.133394,-0.09637,-0.144561,-0.13092,0.00398,0.001291
0,-0.108163,0.020622,0.125747,-0.042554,0.120046,-0.030281,0.001888,0.00036
0,0.063144,-0.061025,0.155444,-0.083145,0.170944,-0.122998,0.001102,0.001065
0,0.050096,0.158419,0.010774,0.2226,-0.026955,0.214425,0.000874,0.002765
0,0.047293,0.076069,-0.015511,-0.102813,-0.054196,-0.150668,0.000825,0.001328
0,-0.160987,-0.048286,-0.185923,-0.132532,-0.194002,-0.120791,0.00281,0.000843
0,0.032796,-0.011814,0.189126,0.025252,0.173001,0.033139,0.000572,0.000206
0,-0.030232,0.164692,-0.063381,0.179374,-0.056992,0.212207,0.000528,0.002874
0,-0.093606,-0.067709,-0.051217,-0.217899,-0.096021,-0.21629,0.001634,0.001182
0,-0.250335,0.135902,-0.14327,0.20508,-0.103726,0.203585,0.004369,0.002372
0,-0.197951,-0.014194,0.077719,-0.128149,0.120297,-0.152742,0.003455,0.000248
0,0.06011,-0.009889,0.236229,0.004806,0.235673,-0.017742,0.001049,0.000173
0,0.017324,-0.055057,-0.029246,-0.052044,-0.024556,-0.021431,0.000302,0.000961
0,0.002966,-0.05126,-0.023721,0.010745,-0.025982,-0.005539,5.2e-05,0.000895
0,-0.055888,0.017409,-0.076949,0.085674,-0.100748,0.106639,0.000975,0.000304
0,0.006678,0.125283,0.052757,0.102258,0.066548,0.070233,0.000117,0.002187
0,-0.059806,0.001282,-0.042305,-0.118136,-0.037524,-0.080326,0.001044,2.2e-05
0,0.092164,0.132301,0.124501,0.131085,0.115084,0.159728,0.001609,0.002309
0,-0.109163,-0.08486,-0.208898,-0.242241,-0.185907,-0.221197,0.001905,0.001481
0,-0.182724,0.087649,-0.056406,0.172593,-0.089715,0.188756,0.003189,0.00153
0,0.063684,0.050674,0.25172,-0.030086,0.255613,-0.073137,0.001111,0.000884
0,0.04891,-0.043134,-0.026554,-0.07448,0.009959,-0.047849,0.000854,0.000753
0,-0.00089,-0.079712,-0.032519,-0.020437,-0.01153,0.008262,1.6e-05,0.001391
0,-0.108585,-0.105503,-0.112033,-0.018162,-0.082699,-0.066238,0.001895,0.001841
0,-0.065313,-0.079816,0.071095,0.046978,0.112323,0.035697,0.00114,0.001393
0,-0.171053,0.085065,-0.08156,0.147483,-0.099816,0.185686,0.002985,0.001485
0,-0.146643,0.012643,-0.005464,-0.042861,-0.045816,-0.020289,0.002559,0.000221
0,-0.232133,0.051234,-0.05729,0.033065,-0.011163,0.064677,0.004051,0.000894
0,-0.11619,-0.098474,0.090063,-0.133766,0.124046,-0.155685,0.002028,0.001719
0,-0.074882,-0.143756,0.042445,-0.020172,0.030731,-0.040439,0.001307,0.002509
0,0.031146,-0.135075,0.112581,0.021975,0.130529,0.032363,0.000544,0.002357
0,-0.207879,-0.051523,-0.250004,0.061712,-0.240803,0.02581,0.003628,0.000899
0,-0.064975,-0.118001,0.135669,-0.039351,0.104223,-0.060601,0.001134,0.00206
0,-0.140092,0.038531,-0.098016,0.143358,-0.133442,0.102032,0.002445,0.000672
0,-0.166119,0.099958,-0.005684,0.063564,-0.001174,0.048799,0.002899,0.001745
0,0.098384,0.076202,0.271843,-0.034218,0.261909,-0.077369,0.001717,0.00133
0,-0.213753,-0.007733,-0.28839,-0.111543,-0.306768,-0.10955,0.003731,0.000135
0,0.023635,-0.078128,0.225563,-0.092853,0.229012,-0.095806,0.000413,0.001364
0,-0.231093,0.035708,-0.273912,0.099735,-0.245152,0.136811,0.004033,0.000623
0,-0.003354,-0.1655,0.207553,-0.174175,0.17185,-0.218933,5.9e-05,0.002889
0,-0.186724,-0.058752,-0.186107,0.102128,-0.230235,0.054121,0.003259,0.001025
0,-0.139686,0.025016,0.035133,0.086537,0.003178,0.073284,0.002438,0.000437
0,-0.039548,-0.164432,0.087114,-0.181078,0.066428,-0.136902,0.00069,0.00287
0,-0.086634,0.004908,-0.07426,0.148477,-0.116386,0.184185,0.001512,8.6e-05
0,-0.038799,-0.146804,0.049867,-0.13329,0.023762,-0.167387,0.000677,0.002562
0,-0.095629,0.055263,-0.03861,0.179147,-0.001985,0.209782,0.001669,0.000965
0,-0.209154,-0.145855,-0.112729,-0.194591,-0.088453,-0.166478,0.00365,0.002546
0,-0.028097,0.117933,0.15893,0.291204,0.111635,0.326777,0.00049,0.002058
0,-0.129747,-0.103273,-0.123336,-0.246104,-0.095661,-0.277563,0.002265,0.001802
0,-0.135527,0.009862,-0.031112,0.131378,-0.03352,0.098205,0.002365,0.000172
0,0.015299,-0.007997,0.133998,0.008434,0.122031,0.013756,0.000267,0.00014
0,0.058327,0.001534,0.04331,0.037063,0.025511,0.007842,0.001018,2.7e-05
0,0.032812,-0.140703,-0.044657,-0.130108,-0.059248,-0.170822,0.000573,0.002456
0,0.021114,-0.059676,-0.037223,0.092151,-0.023998,0.07446,0.000369,0.001042
0,-0.126308,-0.098454,-0.15895,-0.010727,-0.146453,-0.015485,0.002204,0.001718
0,-0.046173,0.087625,0.096081,0.193528,0.101535,0.203236,0.000806,0.001529
0,-0.276691,-0.026851,-0.234239,-0.119437,-0.237779,-0.15543,0.004829,0.000469
0,-0.254116,0.102094,0.042288,0.128786,0.074252,0.165471,0.004435,0.001782
0,-0.00559,0.10792,0.266118,0.018279,0.308931,0.058722,9.8e-05,0.001884
0,-0.136201,-0.097479,-0.100834,-0.232902,-0.113003,-0.268504,0.002377,0.001701
0,-0.118515,0.067611,0.027717,0.167202,0.012842,0.134962,0.002068,0.00118
0,-0.222785,-0.13519,-0.095636,-0.222483,-0.127219,-0.253364,0.003888,0.00236
0,-0.172035,-0.132388,0.025518,-0.012353,-0.000668,-0.036064,0.003003,0.002311
0,-0.053085,0.049393,0.145558,0.154423,0.111538,0.163556,0.000927,0.000862
0,0.038782,0.091184,0.110107,0.066445,0.07046,0.081094,0.000677,0.001591
0,-0.14826,0.00198,-0.169284,-0.06549,-0.191106,-0.037797,0.002588,3.5e-05
0,-0.257327,0.044134,-0.130686,0.063235,-0.178606,0.05153,0.004491,0.00077
0,-0.116393,0.086373,0.151345,0.040566,0.160623,0.026552,0.002031,0.001507
0,-0.004346,-0.073491,0.084881,-0.143896,0.125602,-0.165849,7.6e-05,0.001283
0,-0.147398,0.088605,-0.140933,0.152377,-0.175873,0.17788,0.002573,0.001546
0,-0.129606,-0.105197,0.009842,-0.205798,-0.024737,-0.184973,0.002262,0.001836
0,-0.109417,0.048015,0.003478,0.161094,0.012623,0.176614,0.00191,0.000838
0,-0.15173,-0.194508,-0.029136,-0.267977,-0.071015,-0.299614,0.002648,0.003395
0,-0.057883,-0.060944,0.092032,0.153031,0.093816,0.13291,0.00101,0.001064
0,-0.212383,0.027564,-0.168221,0.103172,-0.132176,0.143289,0.003707,0.000481
0,-0.226623,0.156769,-0.040658,0.116359,-0.009809,0.071124,0.003955,0.002736
0,-0.139299,0.03319,0.090085,-0.106783,0.082097,-0.094339,0.002431,0.000579
0,-0.128368,0.041821,0.026934,-0.019382,0.025665,-0.009946,0.00224,0.00073
0,-0.124759,-0.041888,-0.004958,-0.084934,-0.051528,-0.062033,0.002177,0.000731
0,0.022709,-0.018035,0.158599,0.022197,0.151102,-0.018006,0.000396,0.000315
0,-0.145296,0.044116,-0.183552,0.046334,-0.172373,0.005277,0.002536,0.00077
0,-0.013932,-0.026232,0.136834,-0.085897,0.097681,-0.119086,0.000243,0.000458
0,-0.02541,-0.030749,-0.039444,-0.02809,-0.008834,-0.043873,0.000443,0.000537
0,0.010879,0.112651,0.011392,0.171032,-0.002438,0.206031,0.00019,0.001966
0,-0.107167,0.037586,-0.144994,-0.090492,-0.178999,-0.044904,0.00187,0.000656
0,-0.105803,-0.056775,-0.00025,-0.113237,0.00684,-0.148443,0.001847,0.000991
0,-0.015011,0.057768,0.069917,0.10867,0.117838,0.100687,0.000262,0.001008
0,-0.212507,0.115208,-0.202699,0.06623,-0.204058,0.03647,0.003709,0.002011
0,-0.188714,-0.051948,0.003072,-0.178079,-0.042873,-0.128444,0.003294,0.000907
0,-0.223535,-0.040431,-0.012055,-0.002477,0.037935,0.032978,0.003901,0.000706
0,-0.106431,0.19871,0.110205,0.243423,0.12151,0.198505,0.001858,0.003468
0,1.806886,0.031887,1.935484,-0.15107,1.910888,-0.131338,0.003719,0.000557
0,3.074301,-0.039587,1.282798,-0.065867,1.300033,-0.023607,0.005102,0.000691
0,2.770481,0.18364,-0.277891,0.233556,-0.310787,0.229787,0.001347,0.003205
0,2.019318,0.169534,-0.75657,-0.02753,-0.724714,-0.022668,1.1e-05,0.002959
0,1.839879,0.304758,-0.198891,0.107843,-0.203046,0.075725,0.003143,0.005319
0,1.779959,0.114325,-0.065718,-0.179748,-0.08607,-0.14858,0.004189,0.001995
0,1.267336,0.211926,-0.530331,0.122447,-0.53545,0.096973,0.001384,0.003699
0,0.883614,0.086599,-0.359509,-0.149595,-0.365009,-0.179477,0.00367,0.001511
0,0.257549,0.223121,-0.618954,0.134917,-0.580175,0.182519,0.004495,0.003894
0,0.070937,0.295092,-0.171195,0.076072,-0.174175,0.083146,0.001238,0.00515
0,0.048704,0.340597,-0.01508,0.018191,-0.023538,0.002052,0.00085,0.005807
0,-0.166569,0.101168,-0.20494,-0.259781,-0.246332,-0.307683,0.002907,0.001766
0,-0.230212,-0.051447,-0.045531,-0.145507,-0.040401,-0.127575,0.004018,0.000898
0,-0.189258,0.048973,0.036454,0.073021,0.037696,0.089032,0.003303,0.000855
0,-0.09249,0.142575,0.087128,0.114864,0.110734,0.073593,0.001614,0.002488
0,-0.195006,-0.100999,-0.129124,-0.221808,-0.138048,-0.182413,0.003403,0.001763
0,-0.221064,0.042841,-0.041416,0.144118,-0.074861,0.134073,0.003858,0.000748
0,-0.237167,0.092415,0.005747,0.040035,0.053527,0.025003,0.004139,0.001613
0,-0.170862,-0.119207,0.079066,-0.228268,0.047327,-0.264226,0.002982,0.002081
0,-0.29266,-0.033071,-0.137368,0.07024,-0.130512,0.107589,0.005108,0.000577
0,-0.079723,-0.04736,0.198098,-0.009835,0.212297,0.024868,0.001391,0.000827
0,-0.347921,0.034132,-0.261976,0.092701,-0.231761,0.084963,0.005679,0.000596
0,-0.02603,0.010435,0.295979,0.005279,0.270811,0.020877,0.000454,0.000182
0,-0.11248,0.060505,-0.076172,0.052065,-0.101542,0.017474,0.001963,0.001056
0,-0.141397,0.039203,-0.001139,-0.032099,-0.049721,-0.008716,0.002468,0.000684
0,-0.092976,-0.096296,0.070099,-0.131732,0.109129,-0.165968,0.001623,0.001681
0,-0.125401,-0.142228,-0.057926,-0.019636,-0.077728,-0.012435,0.002189,0.002482
0,0.023976,-0.148225,0.146241,-0.016183,0.182845,-0.057048,0.000418,0.002587
0,-0.137707,0.015271,-0.140127,0.180706,-0.113661,0.208309,0.002403,0.000267
0,0.099056,0.022149,0.224005,-0.011758,0.219089,-0.005552,0.001729,0.000387
0,0.034776,0.136226,-0.053573,0.122671,-0.068437,0.085696,0.000607,0.002378
0,0.110491,0.063053,0.060807,-0.090812,0.106757,-0.101141,0.001928,0.0011
0,0.102524,0.020864,0.003222,-0.032157,-0.005218,-0.071219,0.001789,0.000364
0,0.013338,-0.053158,-0.103065,-0.051217,-0.058787,-0.074583,0.000233,0.000928
0,0.030726,-0.09027,-0.001319,-0.043999,-0.008158,-0.07222,0.000536,0.001576
0,0.114349,-0.099737,0.10052,-0.02538,0.05172,-0.02394,0.001996,0.001741
0,0.145452,0.133028,0.012067,0.239262,0.057056,0.204149,0.002539,0.002322
0,-0.08202,-0.01492,-0.257232,-0.145991,-0.265548,-0.131073,0.001432,0.00026
0,-0.051293,-0.043868,0.00313,-0.051797,-0.011282,-0.097017,0.000895,0.000766
0,-0.146279,0.053518,-0.091814,0.117186,-0.052303,0.083509,0.002553,0.000934
0,0.027434,-0.127176,0.195705,-0.159636,0.167211,-0.192633,0.000479,0.00222
0,0.127318,-0.042314,0.088664,0.08296,0.088446,0.062091,0.002222,0.000739
0,0.097517,-0.040949,-0.032876,0.029519,-0.055426,0.012798,0.001702,0.000715
0,-0.089389,-0.172998,-0.162075,-0.140321,-0.15795,-0.181697,0.00156,0.003019
0,-0.036387,0.009861,0.048198,0.153921,0.019204,0.17415,0.000635,0.000172
0,-0.075856,-0.023271,-0.014762,-0.049452,0.015024,-0.00408,0.001324,0.000406
0,0.028457,-0.093459,0.113884,-0.064445,0.103226,-0.055297,0.000497,0.001631
0,-0.119867,0.012871,-0.149753,0.083837,-0.18475,0.097406,0.002092,0.000225
0,0.070152,-0.05566,0.16806,-0.047853,0.164126,-0.07693,0.001224,0.000971
0,0.021686,-0.141833,-0.072212,-0.095341,-0.119792,-0.087213,0.000378,0.002475
0,-0.241523,0.045256,-0.278334,0.189731,-0.269825,0.153523,0.004215,0.00079
0,-0.078083,0.054514,0.173285,0.004079,0.147944,0.019523,0.001363,0.000951
0,-0.194836,0.037603,-0.140633,-0.045859,-0.125697,-0.048355,0.003401,0.000656
0,0.049918,-0.169365,0.220122,-0.208274,0.231639,-0.185505,0.000871,0.002956
0,0.076971,0.057378,0.055309,0.231774,0.030627,0.256022,0.001343,0.001001
0,0.017749,-0.10634,-0.057623,-0.168967,-0.094915,-0.12453,0.00031,0.001856
0,-0.130983,0.032331,-0.161438,0.122513,-0.118459,0.152498,0.002286,0.000564
0,-0.172064,-0.03175,-0.069599,-0.057338,-0.080066,-0.103845,0.003003,0.000554
0,-0.11236,-0.105173,0.058096,-0.07242,0.013526,-0.074153,0.001961,0.001836
0,-0.136482,0.108663,-0.032515,0.238596,-0.08149,0.266243,0.002382,0.001897
0,-0.096165,-0.101807,0.031818,-0.233472,-0.00625,-0.267171,0.001678,0.001777
0,0.081204,-0.061152,0.188497,0.048286,0.206116,-0.001259,0.001417,0.001067
0,-0.049755,0.033126,-0.125733,0.1186,-0.163005,0.109294,0.000868,0.000578
0,0.118553,-0.11265,0.16541,-0.144622,0.134959,-0.139925,0.002069,0.001966
0,-0.009173,-0.115362,-0.129924,0.007899,-0.155059,-0.034666,0.00016,0.002013
0,-0.001543,0.164587,0.006433,0.278594,0.015926,0.328465,2.7e-05,0.002873
0,-0.059469,-0.001393,-0.07188,-0.167083,-0.036907,-0.207886,0.001038,2.4e-05
0,-0.046527,0.017128,0.014593,0.027005,0.033504,0.046723,0.000812,0.000299
0,-0.041578,0.072405,-0.010749,0.07343,-0.009676,0.029784,0.000726,0.001264
0,0.018004,0.118933,0.039809,0.069427,-0.000839,0.101474,0.000314,0.002076
0,-0.06515,-0.037355,-0.087102,-0.147572,-0.037644,-0.188876,0.001137,0.000652
0,0.014636,0.140025,0.06679,0.188411,0.105222,0.180296,0.000255,0.002444
0,0.131731,-0.094919,0.100493,-0.23808,0.063104,-0.204114,0.002299,0.001657
0,0.147675,-0.14349,0.041318,-0.064641,-0.007449,-0.108461,0.002577,0.002504
0,-0.18179,0.059528,-0.306687,0.213907,-0.329899,0.174623,0.003173,0.001039
0,0.051031,-0.187768,0.239048,-0.230222,0.222988,-0.195832,0.000891,0.003277
0,0.049877,-0.031339,0.028424,0.13912,0.039592,0.184889,0.000871,0.000547
0,0.074985,-0.022077,0.048918,0.022877,0.096101,0.047631,0.001309,0.000385
0,0.019282,-0.009257,-0.028508,0.028817,-0.070539,-0.021114,0.000337,0.000162
0,-0.187658,-0.090688,-0.217902,-0.068004,-0.19297,-0.054096,0.003275,0.001583
0,0.058155,-0.006182,0.229091,0.096828,0.202995,0.136765,0.001015,0.000108
0,0.032356,0.141487,-0.036926,0.12659,-0.035375,0.114631,0.000565,0.002469
0,0.569215,-0.382797,0.540712,-0.554183,0.495944,-0.574924,0.001817,0.005071
0,0.892145,-0.545925,0.302939,-0.184446,0.272789,-0.135544,0.003819,0.002224
0,1.093639,-0.522563,0.219733,0.01439,0.178502,0.012034,0.004416,0.002631
0,0.840829,-0.285838,-0.226068,0.216716,-0.265928,0.193988,0.002924,0.004989
0,0.584355,-0.298006,-0.234011,-0.000177,-0.190177,-0.032584,0.001553,0.005201
0,0.461763,-0.233978,-0.120496,0.070176,-0.076817,0.103747,0.003692,0.004084
0,0.199819,-0.161761,-0.23854,0.063876,-0.272514,0.100397,0.003488,0.002823
0,0.085165,-0.031166,-0.112658,0.157505,-0.10575,0.155028,0.001486,0.000544
0,0.039348,-0.27201,-0.04706,-0.215354,-0.082174,-0.264167,0.000687,0.004747
0,-0.082569,-0.045754,-0.121528,0.245719,-0.085813,0.278687,0.001441,0.000799
0,0.105327,-0.005997,0.166169,0.051927,0.141401,0.008267,0.001838,0.000105
0,0.077305,-0.0135,-0.014949,0.001199,0.011883,-0.033836,0.001349,0.000236
0,0.027109,-0.112228,-0.07484,-0.116845,-0.026883,-0.122468,0.000473,0.001959
0,-0.145258,-0.230439,-0.179325,-0.135408,-0.21633,-0.183319,0.002535,0.004022
0,0.066644,-0.052306,0.209514,0.16945,0.200713,0.163762,0.001163,0.000913
0,-0.045359,-0.253413,-0.096116,-0.195938,-0.088773,-0.221811,0.000792,0.004423
0,0.100739,-0.155498,0.155864,0.095586,0.121645,0.072185,0.001758,0.002714
0,0.126712,-0.251616,0.052711,-0.10884,0.027103,-0.108287,0.002212,0.004392
0,-0.040449,-0.124217,-0.160148,0.157251,-0.112211,0.132092,0.000706,0.002168
0,-0.016925,-0.254052,0.032811,-0.156782,0.049824,-0.157504,0.000295,0.004434
0,0.086972,-0.015775,0.102387,0.258824,0.079991,0.231494,0.001518,0.000275
0,-0.021762,-0.017399,-0.09922,-0.000688,-0.11508,0.001739,0.00038,0.000304
0,-0.133026,0.03221,-0.106669,0.073726,-0.063494,0.123059,0.002322,0.000562
0,0.040168,0.003284,0.152764,-0.05008,0.194913,-0.099104,0.000701,5.7e-05
0,-0.146822,-0.241842,-0.182304,-0.245561,-0.214884,-0.244436,0.002563,0.004221
0,-0.003316,0.069002,0.161114,0.301139,0.182396,0.315301,5.8e-05,0.001204
0,-0.061187,-0.130779,-0.061201,-0.213012,-0.099227,-0.248866,0.001068,0.002283
0,-0.062392,0.056455,-0.014337,0.186657,-0.005875,0.168248,0.001089,0.000985
0,0.195457,-0.18453,0.250496,-0.247178,0.268593,-0.213678,0.003411,0.003221
0,-0.0334,-0.135003,-0.241579,0.019889,-0.287449,-0.008912,0.000583,0.002356
0,0.008342,-0.118218,0.053494,2.4e-05,0.007652,-0.018704,0.000146,0.002063
0,0.25741,-0.031566,0.267912,0.11414,0.280835,0.108276,0.004493,0.000551
0,0.118712,-0.067841,-0.117217,-0.032192,-0.097882,-0.035279,0.002072,0.001184
0,0.083107,0.057707,-0.011833,0.110683,0.028671,0.115301,0.00145,0.001007
0,0.154085,0.012049,0.049415,-0.034938,0.032044,-0.074929,0.002689,0.00021
0,0.056602,-0.079436,-0.122922,-0.094016,-0.110803,-0.075497,0.000988,0.001386
0,0.000315,0.067768,-0.033492,0.157289,-0.03807,0.109298,5e-06,0.001183
0,0.2275,-0.077128,0.20394,-0.143582,0.216169,-0.173064,0.003971,0.001346
0,-0.006366,0.035843,-0.20677,0.08379,-0.21639,0.083954,0.000111,0.000626
0,0.018484,-0.033529,-0.004285,-0.068808,0.008525,-0.111027,0.000323,0.000585
0,0.140705,0.071507,0.113136,0.093465,0.117003,0.047348,0.002456,0.001248
0,0.004473,-0.083518,-0.122004,-0.14273,-0.161729,-0.147087,7.8e-05,0.001458
0,-0.020004,-0.118726,-0.045426,-0.049131,-0.054669,-0.022114,0.000349,0.002072
0,0.046711,-0.016505,0.072222,0.074442,0.074182,0.028983,0.000815,0.000288
0,0.03728,-0.156891,0.018243,-0.126557,0.016692,-0.10413,0.000651,0.002738
0,0.108648,-0.148649,0.090342,0.022455,0.102228,0.018538,0.001896,0.002594
0,0.075918,-0.06764,-0.043617,0.086574,-0.058695,0.055155,0.001325,0.001181
0,-0.04993,0.041789,-0.120872,0.11964,-0.077909,0.122459,0.000871,0.000729
0,0.090965,-0.034381,0.127092,-0.061332,0.098431,-0.030288,0.001588,0.0006
0,-0.052976,-0.005612,-0.130099,0.040801,-0.171848,0.060188,0.000925,9.8e-05
0,0.155181,-0.129366,0.230267,-0.1159,0.254428,-0.139973,0.002708,0.002258
0,0.109638,0.058296,-0.021524,0.186028,0.008641,0.174227,0.001914,0.001017
0,-0.067482,0.09071,-0.171413,0.049628,-0.169376,0.071161,0.001178,0.001583
0,0.14312,-0.129032,0.236342,-0.220441,0.232409,-0.194211,0.002498,0.002252
0,0.115893,-0.034562,-0.02687,0.10015,-0.027162,0.077221,0.002023,0.000603
0,0.256372,-0.139207,0.120736,-0.0886,0.083697,-0.076138,0.004475,0.00243
0,0.043952,0.054534,-0.193233,0.183399,-0.178101,0.189954,0.000767,0.000952
0,-0.155891,-0.492113,-0.198416,-0.528279,-0.21607,-0.567347,0.002721,0.003163
0,-0.475455,-0.708036,-0.319004,-0.227649,-0.341545,-0.237838,0.003453,0.000606
0,-0.59994,-0.689477,-0.097357,-0.002465,-0.135557,0.011788,0.001281,0.000282
0,-1.005082,-0.696492,-0.428112,-0.027491,-0.442008,-0.01367,0.00579,0.000404
0,-0.868666,-1.085339,0.115098,-0.398206,0.138209,-0.36857,0.003409,0.004561
0,-0.904741,-1.034882,-0.043679,0.063586,-0.018501,0.099824,0.004039,0.005441
0,-0.716104,-0.711962,0.188455,0.345969,0.170614,0.373739,0.000747,0.000674
0,-0.760205,-0.604155,-0.021794,0.124575,-0.022779,0.103546,0.001516,0.001207
0,-0.426526,-0.318521,0.331872,0.285734,0.315889,0.306723,0.004307,0.005559
0,-0.540555,-0.26927,-0.136675,0.037984,-0.095827,0.04276,0.002317,0.0047
0,-0.095387,-0.121668,0.457663,0.165488,0.448993,0.189771,0.001665,0.002123
0,-0.152965,-0.214469,-0.031484,-0.086933,-0.062824,-0.047481,0.00267,0.003743
0,0.114816,-0.015095,0.243316,0.186311,0.27184,0.234426,0.002004,0.000263
0,0.001321,-0.192134,-0.084627,-0.151601,-0.107396,-0.149941,2.3e-05,0.003353
0,0.153239,-0.03346,0.14566,0.1568,0.12932,0.195715,0.002675,0.000584
0,-0.017825,-0.161117,-0.163508,-0.114052,-0.113675,-0.138564,0.000311,0.002812
0,0.219025,-0.137349,0.208067,0.016518,0.248002,0.002528,0.003823,0.002397
0,0.011914,-0.017486,-0.178511,0.100236,-0.169776,0.125543,0.000208,0.000305
0,0.035775,-0.047327,0.022339,-0.015091,0.045832,-0.063398,0.000624,0.000826
0,0.123457,0.015779,0.076535,0.049019,0.088312,0.092498,0.002155,0.000275
0,0.066389,0.033119,-0.047964,-0.009617,-0.069751,-0.038596,0.001159,0.000578
0,0.044988,-0.090669,-0.025399,-0.136768,-0.067871,-0.103605,0.000785,0.001582
0,0.10737,0.020212,0.084455,0.094795,0.122358,0.137316,0.001874,0.000353
0,0.060858,-0.00939,-0.070098,-0.024724,-0.024348,-0.028346,0.001062,0.000164
0,0.287327,-0.098991,0.213075,-0.118399,0.198224,-0.112322,0.005015,0.001728
0,0.110629,0.025531,-0.158319,0.149542,-0.185915,0.114201,0.001931,0.000446
0,0.224424,0.035459,0.094888,0.033237,0.106699,-0.008467,0.003917,0.000619
0,0.0359,0.068228,-0.16714,0.02179,-0.167184,0.057019,0.000627,0.001191
0,0.123961,-0.181122,0.064631,-0.257239,0.069416,-0.304579,0.002164,0.003161
0,0.307886,-0.160628,0.197529,0.03553,0.147936,0.024301,0.005374,0.002803
0,0.211154,-0.026672,-0.088378,0.134245,-0.135255,0.132217,0.003685,0.000466
0,0.35506,-0.062433,0.165571,-0.01824,0.153912,-0.056774,0.005555,0.00109
0,0.353065,-0.06235,-0.020848,0.016284,-0.006542,0.016171,0.00559,0.001088
0,0.317362,-0.093763,-0.014885,-0.006489,0.016125,0.040885,0.005539,0.001636
0,0.223989,0.042834,-0.108177,0.130989,-0.130046,0.099353,0.003909,0.000748
0,0.224799,0.009288,-0.026566,-0.05504,0.019792,-0.023466,0.003923,0.000162
0,0.237005,-0.149055,0.041577,-0.15049,0.089234,-0.176928,0.004137,0.002601
0,0.020833,0.048709,-0.195785,0.188938,-0.209869,0.150685,0.000364,0.00085
0,0.059679,0.04735,0.031862,-0.016217,0.000723,-0.042023,0.001042,0.000826
0,0.003538,0.038754,-0.06294,-0.016838,-0.071425,-0.056188,6.2e-05,0.000676
0,0.134273,0.086701,0.128892,0.034194,0.146338,0.044172,0.002343,0.001513
0,-0.014572,0.055641,-0.131428,-0.036946,-0.088673,0.003645,0.000254,0.000971
0,0.055593,-0.135421,0.071201,-0.213201,0.08105,-0.254437,0.00097,0.002364
0,0.139819,0.075271,0.059652,0.233965,0.100966,0.251823,0.00244,0.001314
0,0.14255,-0.18142,-0.001717,-0.258674,0.012625,-0.225301,0.002488,0.003166
0,0.021906,-0.033176,-0.127599,0.142585,-0.164644,0.097749,0.000382,0.000579
0,0.154142,0.132415,0.160575,0.183643,0.117267,0.202702,0.00269,0.002311
0,-0.034,-0.070903,-0.20528,-0.19543,-0.18152,-0.167832,0.000593,0.001237
0,0.038694,-0.142589,0.081415,-0.094006,0.062651,-0.138392,0.000675,0.002489
0,-0.096565,0.119115,-0.125112,0.259666,-0.09866,0.230599,0.001685,0.002079
0,-0.094433,-0.042484,-0.008896,-0.134558,0.031827,-0.120233,0.001648,0.000741
0,0.089748,-0.046344,0.159743,0.013331,0.180973,-0.02062,0.001566,0.000809
0,-0.199564,-0.110252,-0.291592,-0.091657,-0.31256,-0.130264,0.003483,0.001924
0,-0.074467,-0.129683,0.104036,-0.034182,0.151707,-0.055961,0.0013,0.002263
0,-0.202491,-0.051909,-0.128375,0.056996,-0.13662,0.015295,0.003534,0.000906
0,-0.045248,0.123827,0.163944,0.168916,0.124545,0.200828,0.00079,0.002161
0,-0.055323,-0.073948,-0.00531,-0.213013,0.02171,-0.202365,0.000966,0.001291
0,0.077237,-0.124539,0.160937,-0.064067,0.123734,-0.020083,0.001348,0.002174
0,0.172884,-0.044092,0.080355,0.080128,0.05575,0.074832,0.003017,0.00077
0,0.085054,-0.046926,-0.067037,-0.009921,-0.071782,-0.030875,0.001484,0.000819
0,-0.146988,0.087407,-0.202162,0.106725,-0.194738,0.14506,0.002565,0.001526
0,-0.152955,0.037777,-0.03064,-0.059692,0.016979,-0.084498,0.00267,0.000659
0,-0.096261,-0.029178,0.043117,-0.080573,0.017616,-0.097727,0.00168,0.000509
0,-0.036844,0.092328,0.087672,0.14825,0.052704,0.186415,0.000643,0.001611
0,-0.009503,-0.050254,0.01909,-0.116579,-0.02224,-0.111747,0.000166,0.000877
0,0.016338,0.005368,-0.002475,0.030962,-0.014886,0.043428,0.000285,9.4e-05
0,-0.045883,-0.1404,-0.077432,-0.149632,-0.03166,-0.147562,0.000801,0.00245
0,-0.041406,-0.019128,-0.001,0.094649,0.031287,0.052862,0.000723,0.000334
0,-0.218542,-0.011489,-0.152108,0.0266,-0.162323,0.011885,0.003814,0.000201
0,-0.319063,-0.115599,-0.072739,-0.08114,-0.088439,-0.039964,0.005569,0.002018
0,-0.338388,0.002632,-0.046059,0.09357,-0.024459,0.068351,0.005846,4.6e-05
0,-0.247139,-0.135198,0.070343,-0.127251,0.107289,-0.110584,0.004313,0.00236
0,-0.169677,-0.161436,0.107442,-0.045019,0.145006,-0.072186,0.002961,0.002818
0,-0.173959,0.049441,-0.008088,0.193175,0.039129,0.155361,0.003036,0.000863
0,-0.246272,0.06669,-0.073634,0.010441,-0.108662,0.027861,0.004298,0.001164
0,-0.077159,-0.181617,0.185435,-0.218433,0.164654,-0.201483,0.001347,0.00317
0,-0.116982,-0.118356,-0.023653,0.092765,-0.072125,0.126972,0.002042,0.002066
0,-0.040121,-0.163942,0.049672,-0.074546,0.021037,-0.103484,0.0007,0.002861
0,-0.129449,-0.049184,-0.080291,0.12298,-0.100755,0.101354,0.002259,0.000858
0,-0.199815,-0.016168,-0.072716,0.016631,-0.07861,0.045375,0.003487,0.000282
0,0.510138,0.38035,0.733424,0.393872,0.764205,0.431612,0.002848,0.005113
0,1.168622,0.98957,0.641544,0.638603,0.594331,0.654947,0.003107,0.00552
0,1.043396,1.3848,-0.103401,0.400747,-0.096511,0.424787,0.005293,0.000666
0,1.169529,1.521896,0.121278,0.164302,0.074841,0.19353,0.003091,0.003059
0,0.8975,1.274248,-0.242131,-0.227052,-0.286376,-0.206511,0.003913,0.001264
0,0.510459,1.124546,-0.370777,-0.178496,-0.36654,-0.162125,0.002843,0.003876
0,0.163843,0.666891,-0.355879,-0.471733,-0.318234,-0.519318,0.00286,0.000112
0,0.259612,0.439378,0.110774,-0.22394,0.07693,-0.257908,0.004531,0.004083
0,-0.023349,0.320081,-0.267278,-0.105594,-0.266596,-0.117185,0.000408,0.005586
0,1.040423,0.400238,1.037704,0.097654,1.085381,0.123135,0.005345,0.004766
0,1.297299,0.502933,0.256779,0.128669,0.231661,0.166764,0.000861,0.002974
0,2.003669,0.24873,0.717839,-0.239473,0.76634,-0.240966,0.000284,0.004341
0,1.7139,0.193739,-0.313304,-0.05749,-0.323742,-0.028993,0.005342,0.003381
0,1.529073,0.170639,-0.170478,-0.01989,-0.155512,0.003983,0.003184,0.002978
0,1.474498,0.319047,-0.061771,0.140267,-0.064946,0.141073,0.002231,0.005568
0,0.760793,0.279195,-0.738625,-0.015327,-0.779657,-0.016276,0.001527,0.004873
0,0.448188,0.429744,-0.301414,0.153896,-0.269057,0.155957,0.003929,0.004251
0,0.335412,0.307636,-0.089073,-0.130063,-0.083171,-0.097136,0.005854,0.005369
0,0.206603,0.189886,-0.139074,-0.143368,-0.093275,-0.139568,0.003606,0.003314
0,0.239293,0.017392,0.057923,-0.162139,0.052047,-0.12485,0.004176,0.000304
0,0.101454,0.213775,-0.154584,0.222329,-0.191856,0.174382,0.001771,0.003731
0,0.097286,0.078186,-0.020561,-0.126074,-0.017792,-0.165989,0.001698,0.001365
0,-0.02372,-0.023617,-0.146567,-0.114653,-0.14815,-0.138619,0.000414,0.000412
0,-0.061335,0.128012,-0.008674,0.161304,-0.01161,0.160391,0.00107,0.002234
0,0.001601,-0.002784,0.047407,-0.119224,0.022435,-0.076842,2.8e-05,4.9e-05
0,-0.083821,0.230445,-0.100834,0.243271,-0.12006,0.286592,0.001463,0.004022
0,0.085651,-0.01012,0.14056,-0.252762,0.10539,-0.229305,0.001495,0.000177
0,0.07193,0.124885,-0.023185,0.105095,0.008358,0.152712,0.001255,0.00218
0,0.139997,0.12044,0.047347,-0.014999,0.01212,-0.023091,0.002443,0.002102
0,-0.098203,-0.043249,-0.229639,-0.143429,-0.24071,-0.181944,0.001714,0.000755
0,-0.066435,0.261863,0.029137,0.302641,-0.017644,0.328499,0.00116,0.00457
0,0.001149,0.028897,0.038837,-0.240706,-0.008611,-0.264966,2e-05,0.000504
0,-0.141997,0.195114,-0.141007,0.159963,-0.114437,0.127547,0.002478,0.003405
0,-0.002321,0.231091,0.156721,0.036406,0.187276,0.076117,4.1e-05,0.004033
0,0.070254,0.073628,0.04321,-0.129632,0.008418,-0.124486,0.001226,0.001285
0,-0.06698,0.213915,-0.157915,0.14682,-0.20546,0.106897,0.001169,0.003734
0,0.050253,0.174274,0.090521,-0.058322,0.133821,-0.077869,0.000877,0.003042
0,0.036747,0.15591,-0.023904,-0.045935,-0.059756,-0.054258,0.000641,0.002721
0,-0.158061,0.180546,-0.221053,0.053089,-0.241035,0.053598,0.002759,0.003151
0,-0.119053,0.02189,0.045975,-0.162153,0.065822,-0.190906,0.002078,0.000382
0,-0.149685,0.187817,-0.013181,0.187738,-0.010302,0.141299,0.002613,0.003278
0,0.046255,0.163491,0.187476,-0.020312,0.182573,-0.066067,0.000807,0.002853
0,0.032571,0.118603,-0.026844,-0.057677,-0.064603,-0.106603,0.000568,0.00207
0,-0.128071,0.049026,-0.177991,-0.098222,-0.178562,-0.077372,0.002235,0.000856
0,0.147022,-0.02315,0.302988,-0.052651,0.334959,-0.099139,0.002566,0.000404
0,-0.113245,0.170365,-0.256329,0.179191,-0.227471,0.171318,0.001977,0.002973
0,-0.061761,-0.028367,0.047064,-0.203944,0.055738,-0.212945,0.001078,0.000495
0,-0.015112,-0.031946,0.073974,0.005737,0.038296,0.004339,0.000264,0.000558
0,-0.074722,0.184362,-0.038789,0.20963,-0.069901,0.250387,0.001304,0.003218
0,-0.026787,0.039903,0.05763,-0.115284,0.094364,-0.140459,0.000468,0.000696
0,0.031472,0.129528,0.054632,0.103785,0.062351,0.090225,0.000549,0.002261
0,0.019946,0.189049,-0.001154,0.061218,0.005399,0.030919,0.000348,0.0033
0,-0.061937,-0.054247,-0.094005,-0.220519,-0.104391,-0.265638,0.001081,0.000947
0,-0.281669,-0.018585,-0.230315,0.052935,-0.218978,0.051662,0.004916,0.000324
0,-0.136628,0.012458,0.119155,0.015767,0.134215,0.000441,0.002385,0.000217
0,0.012887,-0.071809,0.155027,-0.07729,0.17035,-0.11981,0.000225,0.001253
0,-0.183064,0.105599,-0.170561,0.192722,-0.145273,0.18678,0.003195,0.001843
0,0.002122,0.087395,0.190076,-0.036233,0.226069,0.007883,3.7e-05,0.001525
0,-0.024228,0.12516,-0.042755,0.058415,-0.048507,0.054432,0.000423,0.002184
0,-0.025748,-0.00088,-0.002859,-0.143481,-0.050215,-0.181657,0.000449,1.5e-05
0,-0.011326,0.009571,0.023006,0.036151,0.065142,0.041087,0.000198,0.000167
0,0.001947,-0.117442,-0.007136,-0.12766,-0.011188,-0.14759,3.4e-05,0.00205
0,-0.047029,-0.098915,-0.053122,0.043874,-0.010235,0.04812,0.000821,0.001726
0,-0.092511,-0.104264,-0.028662,-0.008332,-0.071567,0.001119,0.001615,0.00182
0,-0.253266,-0.191067,-0.137365,-0.078512,-0.182745,-0.062752,0.00442,0.003335
0,-0.184335,-0.067435,0.048875,0.114906,0.069784,0.069405,0.003217,0.001177
0,0.019014,-0.015516,0.175874,0.059244,0.20619,0.101704,0.000332,0.000271
0,-0.070256,-0.058977,-0.102751,-0.039119,-0.090425,-0.07494,0.001226,0.001029
0,-0.061732,-0.023342,0.007628,0.020497,0.037384,0.039367,0.001077,0.000407
0,-0.040358,-0.12514,-0.006424,-0.102041,-0.008184,-0.130443,0.000704,0.002184
0,0.003257,-0.118585,0.026711,-0.011568,0.036031,-0.039345,5.7e-05,0.00207
0,0.059514,0.012545,0.047689,0.14281,0.062845,0.095441,0.001039,0.000219
0,-0.090534,0.055348,-0.120323,0.070522,-0.116782,0.069515,0.00158,0.000966
0,-0.135713,-0.034878,-0.075069,-0.090584,-0.108068,-0.113817,0.002369,0.000609
0,-0.138143,0.056471,0.004032,0.089774,-0.033782,0.066648,0.002411,0.000986
0,-0.09115,-0.046149,0.036257,-0.116399,0.000249,-0.151614,0.001591,0.000805
0,0.086293,0.077592,0.197111,0.146839,0.234286,0.146634,0.001506,0.001354
0,-0.015413,-0.135951,-0.131568,-0.21647,-0.175706,-0.224193,0.000269,0.002373
0,-0.1472,0.021351,-0.109227,0.14002,-0.123266,0.184485,0.002569,0.000373
0,-0.075376,-0.088376,0.098851,-0.13013,0.097962,-0.165446,0.001316,0.001542
0,0.005174,0.158295,0.096454,0.230518,0.13279,0.250672,9e-05,0.002763
0,-0.199458,-0.067942,-0.182569,-0.209234,-0.181224,-0.248333,0.003481,0.001186
0,0.047572,0.035168,0.273693,0.133058,0.226208,0.147811,0.00083,0.000614
0,0.041414,-0.128485,-0.004032,-0.137181,0.043618,-0.136976,0.000723,0.002242
0,-0.003431,-0.057435,-0.038537,0.057589,-0.057272,0.073419,6e-05,0.001002
0,-0.034929,-0.037815,-0.037076,0.020314,0.01044,-0.002648,0.00061,0.00066
0,-0.049114,0.036042,0.010628,0.058446,0.012239,0.089771,0.000857,0.000629
0,0.071353,-0.080898,0.111271,-0.108737,0.126145,-0.144946,0.001245,0.001412
0,0.04788,0.130215,-0.022249,0.218869,-0.055309,0.199531,0.000836,0.002273
0,0.124482,0.020565,0.057929,-0.121118,0.008494,-0.116464,0.002173,0.000359
0,0.08062,-0.030859,-0.06042,-0.030617,-0.01781,-0.077406,0.001407,0.000539
0,-0.011904,0.072723,-0.070464,0.131308,-0.064617,0.152525,0.000208,0.001269
0,0.018966,0.015533,0.026278,-0.034835,0.011059,-0.002993,0.000331,0.000271
0,0.29114,-0.107607,0.257944,-0.097947,0.281604,-0.063425,0.005081,0.001878
0,0.127529,-0.032694,-0.159347,0.059707,-0.192265,0.107014,0.002226,0.000571
0,0.300376,-0.026592,0.14499,0.020965,0.175366,0.047749,0.005243,0.000464
0,0.014261,0.141014,-0.303833,0.178746,-0.317979,0.175643,0.000249,0.002461
0,0.157058,0.036372,0.171519,-0.119158,0.192871,-0.11105,0.002741,0.000635
0,0.055075,0.112056,-0.07572,0.102471,-0.029565,0.081779,0.000961,0.001956
0,0.030693,-0.159087,-0.042727,-0.269216,-0.030772,-0.270571,0.000536,0.002777
0,-0.514255,0.24057,-0.574416,0.372335,-0.54265,0.417101,0.002776,0.004199
0,-2.012543,0.753153,-1.471319,0.511397,-1.442032,0.549228,0.00013,0.001393
0,-2.720687,1.020635,-0.689137,0.264668,-0.731972,0.293008,0.000478,0.00569
0,-2.904599,0.839243,-0.212632,-0.191966,-0.25996,-0.202584,0.003688,0.002896
0,-2.432138,0.994334,0.463943,0.167881,0.418595,0.13049,0.004558,0.005603
0,-1.725397,0.973483,0.70915,-0.033514,0.728567,-0.030251,0.005141,0.005239
0,-1.680684,0.820378,0.038449,-0.161253,0.086037,-0.134905,0.00583,0.002567
0,-1.367681,0.649737,0.33724,-0.192907,0.29356,-0.168281,0.000367,0.000412
0,-0.926602,0.313241,0.429398,-0.309522,0.443305,-0.278683,0.004421,0.005467
0,-0.415409,0.256619,0.491986,-0.039906,0.449808,-0.025436,0.004501,0.004479
0,-0.076515,0.209167,0.337324,-0.058093,0.322545,-0.075013,0.001335,0.003651
0,0.048906,0.17018,0.138017,-0.027235,0.173619,0.016514,0.000854,0.00297
0,0.219211,0.175311,0.153223,-0.002612,0.179128,-0.0206,0.003826,0.00306
0,0.44642,0.093074,0.217209,-0.094769,0.194237,-0.046133,0.00396,0.001624
0,0.582469,0.121134,0.154169,0.011284,0.198391,-0.0036,0.001586,0.002114
0,0.189371,0.081342,-0.370564,-0.020362,-0.344378,-0.033911,0.003305,0.00142
0,0.230483,-0.100427,0.064355,-0.185602,0.027434,-0.16521,0.004023,0.001753
0,0.315898,-0.083962,0.093404,0.015757,0.126333,0.014594,0.005513,0.001465
0,0.137347,0.124393,-0.189067,0.215407,-0.223608,0.200307,0.002397,0.002171
0,0.235953,-0.069946,0.074839,-0.183707,0.056537,-0.189365,0.004118,0.001221
0,0.196388,0.064035,-0.053925,0.143333,-0.04079,0.097303,0.003428,0.001118
0,-0.016718,-0.006532,-0.233162,-0.09879,-0.272913,-0.132573,0.000292,0.000114
0,0.196136,-0.105246,0.191743,-0.107421,0.226408,-0.15401,0.003423,0.001837
0,0.254679,-0.142074,0.065049,-0.022536,0.051695,-0.030679,0.004445,0.00248
0,0.147542,0.153098,-0.128018,0.313349,-0.134679,0.360179,0.002575,0.002672
0,0.035901,-0.123248,-0.110708,-0.266796,-0.078629,-0.263198,0.000627,0.002151
0,0.236082,-0.030806,0.190359,0.090042,0.189158,0.053912,0.00412,0.000538
0,0.181914,-0.033462,-0.071092,-0.000378,-0.088054,0.026564,0.003175,0.000584
0,0.024437,0.02608,-0.144891,0.081666,-0.141079,0.033884,0.000427,0.000455
0,0.210967,-0.086364,0.169921,-0.082739,0.147419,-0.065524,0.003682,0.001507
0,0.114646,0.030126,-0.088731,0.108278,-0.104181,0.124022,0.002001,0.000526
0,0.0685,-0.08526,-0.016221,-0.097472,-0.041621,-0.091284,0.001196,0.001488
0,0.298451,-0.039941,0.210341,0.025276,0.163657,0.038845,0.005209,0.000697
0,0.002149,0.084488,-0.308418,0.110278,-0.31442,0.109534,3.8e-05,0.001475
0,-0.024451,0.131289,0.000397,0.068461,-0.04788,0.046628,0.000427,0.002291
0,-0.102229,0.005879,-0.078746,-0.113037,-0.053101,-0.082089,0.001784,0.000103
0,0.07718,0.091179,0.208588,0.088674,0.194282,0.052814,0.001347,0.001591
0,0.086475,0.080201,0.028823,-0.027344,0.073889,-0.063754,0.001509,0.0014
0,0.10443,-0.157638,0.0365,-0.23568,0.085305,-0.285272,0.001823,0.002751
0,0.163823,-0.067193,0.034228,0.093832,0.068803,0.089401,0.002859,0.001173
0,-0.032746,0.073776,-0.168129,0.116112,-0.157168,0.077741,0.000572,0.001288
0,0.009359,-0.053009,0.017441,-0.141414,-6.1e-05,-0.117118,0.000163,0.000925
0,0.043631,-0.086739,0.037284,-0.013206,0.06686,0.015546,0.000762,0.001514
0,-0.044817,0.147504,-0.070192,0.233735,-0.087669,0.278889,0.000782,0.002574
0,0.091833,-0.064727,0.143351,-0.192246,0.174378,-0.239411,0.001603,0.00113
0,0.10244,0.192296,0.022595,0.254033,0.063622,0.218679,0.001788,0.003356
0,-0.039777,0.081744,-0.143244,-0.109812,-0.138419,-0.143067,0.000694,0.001427
0,0.073802,0.114946,0.134099,0.060403,0.182992,0.075105,0.001288,0.002006
0,0.160925,-0.064563,0.11144,-0.204829,0.080973,-0.222619,0.002809,0.001127
0,0.072079,-0.083866,-0.10354,-0.028002,-0.058376,0.005999,0.001258,0.001464
0,-0.133168,-0.060688,-0.193615,0.038422,-0.166397,-0.005218,0.002324,0.001059
0,-0.02826,-0.094747,0.112158,-0.062841,0.070087,-0.10931,0.000493,0.001654
0,-0.090289,0.124482,-0.056814,0.210506,-0.050427,0.166317,0.001576,0.002173
0,-0.141958,0.136258,-0.024912,0.015923,-0.041425,0.025221,0.002478,0.002378
0,-0.061571,-0.101555,0.062084,-0.237665,0.049426,-0.244076,0.001075,0.001772
0,-0.162507,-0.061918,-0.117691,0.01423,-0.150987,0.047065,0.002836,0.001081
0,0.073265,-0.170833,0.229114,-0.121186,0.245446,-0.142857,0.001279,0.002982
0,-0.044281,-0.039059,-0.137104,0.118976,-0.095272,0.157912,0.000773,0.000682
0,-0.163253,-0.14042,-0.119576,-0.129391,-0.09968,-0.088727,0.002849,0.002451
0,-0.088141,0.079287,0.055593,0.23929,0.048085,0.211493,0.001538,0.001384
0,-0.002954,0.022315,0.104611,-0.068147,0.149493,-0.084212,5.2e-05,0.000389
0,0.049016,0.018756,0.069495,-0.016875,0.039261,-0.064331,0.000855,0.000327
0,-0.196907,0.017619,-0.259847,0.004597,-0.271219,0.020326,0.003437,0.000308
0,0.010087,-0.0571,0.226977,-0.056461,0.180789,-0.087801,0.000176,0.000997
0,-0.126332,0.095814,-0.130003,0.158953,-0.12494,0.191214,0.002205,0.001672
0,-0.050449,-0.14749,0.103032,-0.2525,0.144887,-0.261786,0.000881,0.002574
0,0.030525,-0.039531,0.059723,0.136575,0.090747,0.126115,0.000533,0.00069
0,0.056445,-0.119556,0.012595,-0.066785,-0.036972,-0.048548,0.000985,0.002087
0,0.292321,0.10262,0.243669,0.222154,0.271121,0.230138,0.005102,0.001791
0,0.036605,-0.0354,-0.259529,-0.149372,-0.23585,-0.176866,0.000639,0.000618
0,0.079503,-0.133233,0.052494,-0.117712,0.04017,-0.096946,0.001388,0.002325
0,0.211083,-0.155157,0.13895,-0.042752,0.188895,-0.05264,0.003684,0.002708
0,0.273599,0.082575,0.089897,0.258304,0.108159,0.27659,0.004775,0.001441
0,0.098668,0.00767,-0.160444,-0.093852,-0.207426,-0.075976,0.001722,0.000134
0,0.294881,0.025344,0.207994,0.033199,0.208028,0.030538,0.005147,0.000442
0,-0.0127,0.007143,-0.291145,-0.013915,-0.284449,0.025856,0.000222,0.000125
0,0.15434,-0.087851,0.170403,-0.1136,0.124065,-0.141317,0.002694,0.001533
0,0.139577,0.022648,-0.005333,0.119858,-0.006777,0.092332,0.002436,0.000395
0,-0.016859,-0.057703,-0.161524,-0.051589,-0.185756,-0.074068,0.000294,0.001007
0,-0.800975,-1.278183,-0.76948,-1.199997,-0.786396,-1.219814,0.002228,0.001195
0,-1.536063,-1.789848,-0.730811,-0.528362,-0.712701,-0.552152,0.003306,0.004016
0,-1.80247,-2.496212,-0.267407,-0.71156,-0.289611,-0.676311,0.003796,0.00344
0,-1.518272,-1.905091,0.277185,0.615408,0.298865,0.649982,0.002995,0.002005
0,-1.461868,-1.785362,0.056494,0.099156,0.097928,0.054875,0.002011,0.004095
0,-0.975523,-1.227999,0.505185,0.572006,0.473058,0.528599,0.005274,0.002071
0,-0.771962,-1.007417,0.225601,0.197141,0.243629,0.165093,0.001722,0.005831
0,-0.610707,-0.667068,0.173326,0.333599,0.160675,0.294872,0.001093,0.000109
0,-0.318614,-0.147844,0.274298,0.489591,0.256915,0.466023,0.005561,0.00258
0,-0.197828,-0.031656,0.130574,0.096467,0.112079,0.084418,0.003453,0.000552
0,-0.213169,-0.035726,0.004357,-0.012982,0.038604,0.003451,0.00372,0.000624
0,-0.10693,0.318628,0.119817,0.343312,0.072906,0.352233,0.001866,0.005561
0,-0.31283,0.241554,-0.216917,-0.083363,-0.237936,-0.043604,0.00546,0.004216
0,-0.045456,0.145563,0.240574,-0.088446,0.210432,-0.107544,0.000793,0.002541
0,-0.153495,0.233704,-0.132519,0.099847,-0.164055,0.063084,0.002679,0.004079
0,-0.184349,0.236912,-0.051965,0.002833,-0.076242,-0.039293,0.003217,0.004135
0,-0.178946,0.269093,0.004909,0.032133,0.033972,0.039607,0.003123,0.004697
0,-0.166875,0.119489,0.020178,-0.138827,0.032269,-0.126737,0.002913,0.002085
0,-0.088311,0.132079,0.099769,-0.013351,0.08209,0.004248,0.001541,0.002305
0,-0.186335,0.132559,-0.124789,-0.016964,-0.139225,-0.033435,0.003252,0.002314
0,-0.040062,0.187944,0.174987,0.077307,0.200434,0.054158,0.000699,0.00328
0,-0.253734,0.230832,-0.211117,0.020943,-0.223705,0.067892,0.004428,0.004029
0,0.00537,0.324817,0.282774,0.106687,0.294651,0.085092,9.4e-05,0.005669
0,-0.04994,0.246027,-0.030116,-0.075615,-0.073366,-0.079688,0.000872,0.004294
0,-0.236663,0.360863,-0.212214,0.13216,-0.241298,0.16793,0.004131,0.005453
0,-0.294766,0.332378,-0.085289,-0.035218,-0.066604,-0.050158,0.005145,0.005801
0,-0.159811,0.238487,0.113356,-0.098156,0.124993,-0.048815,0.002789,0.004162
0,-0.166937,0.219963,-0.029899,-0.001125,0.0009,0.039443,0.002914,0.003839
0,-0.271916,0.229783,-0.093499,0.004593,-0.051663,-0.042393,0.004746,0.00401
0,-0.101871,0.217933,0.158551,0.002053,0.185614,0.004681,0.001778,0.003804
0,-1.892615,-0.507416,-1.802961,-0.716381,-1.805173,-0.705545,0.002223,0.002896
0,-5.102959,-0.650418,-3.182357,-0.114013,-3.176067,-0.09607,0.00495,0.0004
0,-4.894752,-0.773509,0.220324,-0.107446,0.245177,-0.099502,0.003168,0.001749
0,-4.371191,-0.919733,0.528468,-0.121712,0.576745,-0.072596,0.005781,0.004301
0,-3.837678,-0.597271,0.508449,0.330886,0.508857,0.284198,0.00353,0.001327
0,-2.833414,-0.601353,1.011864,0.008979,1.032673,0.043799,0.002446,0.001256
0,-2.438398,-0.351136,0.418435,0.23699,0.410749,0.201187,0.004449,0.005623
0,-1.43197,-0.27089,1.005291,0.058853,1.008924,0.099451,0.001489,0.004728
0,-1.100663,-0.345769,0.352548,-0.088809,0.356463,-0.072305,0.004293,0.005717
0,-0.574574,-0.176968,0.507836,0.197298,0.544302,0.221423,0.001723,0.003089
0,-0.102902,-0.043384,0.462631,0.137318,0.495485,0.087671,0.001796,0.000757
0,0.150625,-0.004792,0.233626,0.055903,0.205737,0.101587,0.002629,8.4e-05
0,0.262761,-0.025066,0.137188,0.005172,0.118087,-0.010982,0.004586,0.000437
0,0.109521,0.022729,-0.174653,0.030203,-0.183946,0.061693,0.001912,0.000397
0,0.10223,-0.198526,0.009169,-0.212346,0.049612,-0.252468,0.001784,0.003465
0,0.107387,0.101314,-0.019795,0.321533,-0.00092,0.305199,0.001874,0.001768
0,1.661964,0.345759,1.542687,0.268347,1.561866,0.226219,0.005503,0.005717
0,2.738477,0.236332,1.08052,-0.096667,1.094578,-0.140604,0.000789,0.004125
0,2.961985,0.398933,0.219451,0.163134,0.176405,0.134461,0.00469,0.004789
0,3.291128,0.741824,0.346788,0.333937,0.364355,0.365837,0.001317,0.001196
0,3.43537,0.355964,0.161236,-0.371671,0.201898,-0.335496,0.0012,0.005539
0,3.361387,0.334072,-0.074718,-0.026998,-0.076204,-0.015916,9.1e-05,0.005831
0,2.65141,0.269504,-0.719943,-0.086616,-0.67626,-0.119603,0.000731,0.004704
0,1.501069,0.161555,-1.134463,-0.101367,-1.088418,-0.061159,0.002695,0.00282
0,1.187838,0.330467,-0.324552,0.18383,-0.362622,0.162923,0.002772,0.005768
0,0.768749,0.388955,-0.427687,0.038506,-0.387975,0.002485,0.001666,0.004963
0,0.446913,0.182414,-0.341948,-0.204127,-0.29504,-0.207885,0.003952,0.003184
0,0.118408,0.197475,-0.334605,-0.002585,-0.383501,0.045114,0.002067,0.003447
0,0.15958,0.288041,0.050662,0.116294,0.089435,0.136223,0.002785,0.005027
0,-0.054029,0.087757,-0.210391,-0.199177,-0.182214,-0.191548,0.000943,0.001532
0,-0.140895,0.189215,-0.066041,0.110903,-0.052576,0.117202,0.002459,0.003302
0,-0.215576,0.092968,-0.057047,-0.126079,-0.060365,-0.128442,0.003763,0.001623
0,-0.365104,0.012946,-0.133263,-0.109419,-0.138469,-0.114546,0.005379,0.000226
0,-0.249925,0.018652,0.117201,-0.00146,0.149082,0.006903,0.004362,0.000326
0,-0.125638,0.08588,0.130757,0.085949,0.148012,0.090308,0.002193,0.001499
0,-0.177591,0.132707,-0.043904,0.062613,-0.045541,0.038082,0.0031,0.002316
0,-0.101908,-0.009751,0.080825,-0.12622,0.047262,-0.114534,0.001779,0.00017
0,-0.126881,0.022657,-0.014203,0.056526,-0.015732,0.007698,0.002214,0.000395
0,-0.286321,0.165525,-0.155113,0.158353,-0.14627,0.199359,0.004997,0.002889
0,-0.068824,0.184214,0.237703,0.048492,0.267931,0.040206,0.001201,0.003215
0,-0.146509,0.096998,-0.097037,-0.057297,-0.084557,-0.099511,0.002557,0.001693
0,-0.181161,-0.010577,-0.017315,-0.108404,0.023882,-0.147312,0.003162,0.000185
0,-0.299262,0.248806,-0.118723,0.239504,-0.087733,0.268786,0.005223,0.004342
0,-0.273496,0.071501,0.043698,-0.197134,0.056929,-0.218471,0.004773,0.001248
0,-0.103039,0.227279,0.157697,0.164088,0.175526,0.147845,0.001798,0.003967
0,0.044037,0.07492,0.1613,-0.154937,0.18735,-0.106219,0.000769,0.001308
0,-0.096577,0.00225,-0.130212,-0.095769,-0.104229,-0.116413,0.001686,3.9e-05
0,-0.148028,0.044344,-0.02385,0.042933,-0.061706,0.083812,0.002584,0.000774
0,-0.258907,0.11793,-0.116317,0.057851,-0.085763,0.075578,0.004519,0.002058
0,-0.021044,0.015311,0.23997,-0.119911,0.271686,-0.155252,0.000367,0.000267
0,-0.176225,0.178829,-0.129316,0.17517,-0.129438,0.141263,0.003076,0.003121
0,-0.02424,0.049142,0.178486,-0.110636,0.155711,-0.152977,0.000423,0.000858
0,-0.223534,0.040506,-0.186787,-0.034561,-0.218029,-0.083033,0.003901,0.000707
0,-0.036954,0.119821,0.160705,0.095034,0.163229,0.09384,0.000645,0.002091
0,-0.258281,-0.027436,-0.250976,-0.171037,-0.204556,-0.177599,0.004508,0.000479
0,-0.074626,-0.017231,0.185025,-0.00013,0.166379,0.028483,0.001302,0.000301
0,-0.078981,-0.036074,-0.028427,0.000751,-0.035137,-0.00571,0.001378,0.00063
0,-0.053441,-0.074073,0.043161,-0.053158,0.019973,-0.005505,0.000933,0.001293
0,-0.180623,0.048658,-0.106161,0.151297,-0.058992,0.179396,0.003152,0.000849
0,-0.006385,0.006436,0.160197,-0.034014,0.165332,-0.074579,0.000111,0.000112
0,-0.140586,0.081031,-0.119351,0.092853,-0.10728,0.086435,0.002454,0.001414
0,-0.160288,0.030118,-0.039552,-0.026387,-0.085809,0.009741,0.002798,0.000526
0,-0.181194,0.063047,-0.017186,0.003159,-0.046601,0.026886,0.003162,0.0011
0,0.032656,-0.137815,0.191183,-0.182848,0.212822,-0.167632,0.00057,0.002405
0,-0.066991,0.115096,-0.12934,0.274338,-0.126515,0.291531,0.001169,0.002009
0,-0.110779,-0.1521,-0.051401,-0.259106,-0.018953,-0.221081,0.001933,0.002655
0,-0.121539,0.019932,-0.03701,0.172994,-0.028351,0.200867,0.002121,0.000348
0,0.022626,0.044724,0.123574,0.03298,0.093194,0.023374,0.000395,0.000781
0,0.008081,0.030982,-0.012892,-0.023761,-0.02886,-0.061937,0.000141,0.000541
0,-0.032904,0.046668,-0.047767,-0.007138,-0.092456,-0.005479,0.000574,0.000815
0,0.061169,-0.152443,0.12179,-0.182668,0.160187,-0.138075,0.001068,0.002661
0,-0.006016,-0.100604,-0.079819,0.044141,-0.09762,0.061457,0.000105,0.001756
0,0.128548,0.070332,0.150796,0.167414,0.117406,0.196913,0.002244,0.001228
0,0.108325,0.095333,0.006144,0.000416,-0.025663,-0.004676,0.001891,0.001664
0,0.141448,-0.030283,0.026455,-0.145709,0.040999,-0.170041,0.002469,0.000529
0,0.123742,-0.151429,-0.016877,-0.123495,-0.026419,-0.166681,0.00216,0.002643
0,0.24103,0.032779,0.100221,0.159092,0.143262,0.184029,0.004207,0.000572
0,0.127127,-0.112295,-0.089265,-0.122808,-0.071989,-0.089085,0.002219,0.00196
0,-0.022516,-0.00973,-0.174681,0.111324,-0.140257,0.085016,0.000393,0.00017
0,-0.073584,-0.152718,-0.063555,-0.166053,-0.017286,-0.204617,0.001284,0.002665
0,0.09053,0.024909,0.18548,0.149135,0.183274,0.182738,0.00158,0.000435
0,-0.102326,-0.188662,-0.20714,-0.197111,-0.240529,-0.212681,0.001786,0.003293
0,0.055982,0.063196,0.139855,0.265296,0.180589,0.25925,0.000977,0.001103
0,0.014621,-0.012211,-0.049152,-0.068258,-0.002167,-0.032997,0.000255,0.000213
0,0.085867,-0.158309,0.060322,-0.158254,0.070496,-0.192855,0.001499,0.002763
0,0.073194,-0.114353,-0.01038,0.022305,-0.029916,0.045443,0.001277,0.001996
0,0.080463,0.067235,0.003926,0.157301,-0.020675,0.205334,0.001404,0.001173
0,-0.122907,0.056605,-0.205019,-0.033197,-0.204636,-0.022057,0.002145,0.000988
0,-0.089984,0.155793,0.034973,0.118119,0.011966,0.157429,0.001571,0.002719
0,-0.107794,-0.11151,-0.031311,-0.244984,-0.070519,-0.223337,0.001881,0.001946
0,-0.024313,-0.109517,0.069434,-0.002499,0.065981,-0.05204,0.000424,0.001911
0,-0.094826,-0.009379,-0.053002,0.082112,-0.055146,0.039538,0.001655,0.000164
0,0.005654,0.004618,0.114603,-0.012056,0.14277,-0.04235,9.9e-05,8.1e-05
0,0.022122,-0.033755,0.013794,-0.014761,-0.01934,-0.025122,0.000386,0.000589
0,-0.248769,0.046556,-0.249765,0.086046,-0.262206,0.09371,0.004342,0.000813
0,-0.068196,0.104459,0.16398,0.082671,0.134136,0.069871,0.00119,0.001823
0,-0.240761,-0.017592,-0.20083,-0.130244,-0.184196,-0.160485,0.004202,0.000307
0,-0.042135,0.197785,0.173321,0.198454,0.156216,0.188858,0.000735,0.003452
0,-0.094121,0.082002,-0.025519,-0.132888,-0.002547,-0.106203,0.001643,0.001431
0,-0.054234,-0.081685,0.035892,-0.180244,0.007431,-0.17061,0.000947,0.001426
0,-0.131727,-0.036828,-0.08729,0.029295,-0.085005,0.051705,0.002299,0.000643
0,-0.289848,-0.062288,-0.175463,-0.023796,-0.20465,0.003955,0.005059,0.001087
0,-0.261455,-0.016587,0.046094,0.017786,0.021882,-0.020721,0.004563,0.000289
0,-1.39445,-0.524049,-1.133575,-0.497105,-1.084614,-0.49115,0.000834,0.002605
0,-3.293262,-0.481889,-1.896554,0.05357,-1.897782,0.012329,0.00128,0.003341
0,-4.391656,-0.708115,-1.073792,-0.213322,-1.063059,-0.199747,0.005613,0.000607
0,-3.934437,-0.7803,0.449785,-0.068134,0.428409,-0.061486,0.001841,0.001867
0,-3.684067,-0.560928,0.230039,0.236234,0.22684,0.204484,0.005541,0.001962
0,-2.48379,-0.58345,1.213695,-0.039352,1.194616,-0.036856,0.003656,0.001569
0,-1.427305,-0.410083,1.049221,0.152928,1.037359,0.178212,0.001408,0.004594
0,-1.237825,-0.378118,0.164471,0.025677,0.200672,-0.018361,0.001899,0.005152
0,-0.783956,-0.204499,0.460595,0.202199,0.460751,0.242473,0.001931,0.003569
0,-0.303999,-0.175893,0.469487,0.012303,0.436886,-0.037376,0.005306,0.00307
0,-0.328144,0.007059,-0.028809,0.177403,-0.052391,0.19066,0.005727,0.000123
0,-0.175177,0.069008,0.169262,0.048016,0.205696,0.059466,0.003057,0.001204
0,0.12761,-0.102472,0.323814,-0.14883,0.325641,-0.142302,0.002227,0.001788
0,0.10364,0.097009,-0.00208,0.173333,0.029736,0.131411,0.001809,0.001693
0,0.144816,-0.059455,0.069658,-0.173912,0.0477,-0.126939,0.002528,0.001038
0,-0.046868,-0.033469,-0.219999,0.023561,-0.179494,-0.025538,0.000818,0.000584
0,-0.043315,0.086086,0.006152,0.121419,0.054445,0.127859,0.000756,0.001502
0,0.186937,0.040126,0.217671,-0.028619,0.217282,0.006298,0.003263,0.0007
0,0.012168,0.164755,-0.187289,0.13975,-0.193243,0.150264,0.000212,0.002876
0,0.2548,0.133775,0.263135,-0.058264,0.289509,-0.031812,0.004447,0.002335
0,-0.042838,0.078805,-0.31196,-0.032164,-0.316027,-0.077911,0.000748,0.001375
0,0.055625,-0.005236,0.100959,-0.062233,0.06359,-0.037827,0.000971,9.1e-05
0,0.00491,0.14331,-0.061352,0.148063,-0.082159,0.122412,8.6e-05,0.002501
0,0.008905,0.041707,0.019793,-0.091894,0.065113,-0.130043,0.000155,0.000728
0,-0.020615,0.064423,-0.009341,0.020428,0.015083,0.030136,0.00036,0.001124
0,-0.036993,-0.039043,-0.041338,-0.101794,-0.018202,-0.060446,0.000646,0.000681
0,-0.066193,0.02673,-0.008374,0.091693,-0.020962,0.073912,0.001155,0.000467
0,0.16159,0.206761,0.225531,0.173264,0.207958,0.162055,0.00282,0.003609
0,-0.001988,0.192292,-0.163973,0.008569,-0.158277,-0.028025,3.5e-05,0.003356
0,0.135815,0.048036,0.163123,-0.115808,0.196617,-0.141095,0.00237,0.000838
0,0.193785,0.137238,0.031529,0.118555,0.003314,0.135877,0.003382,0.002395
0,0.255099,-0.089991,0.037274,-0.245664,-0.007232,-0.218178,0.004452,0.001571
0,0.134616,-0.038241,-0.099054,0.02824,-0.101649,0.075379,0.002349,0.000667
0,0.11698,-0.028928,-0.014887,0.021062,0.030705,0.020886,0.002042,0.000505
0,0.092752,0.075402,-0.012863,0.092238,0.001545,0.05808,0.001619,0.001316
0,-0.084995,0.03647,-0.151571,-0.015262,-0.159608,0.021952,0.001483,0.000637
0,0.127437,0.13273,0.191076,0.080486,0.21522,0.07404,0.002224,0.002317
0,0.172886,0.121022,0.018325,0.001049,0.046568,0.029653,0.003017,0.002112
0,0.15177,-0.02246,-0.025263,-0.146787,-0.054584,-0.144656,0.002649,0.000392
0,0.048429,-0.024697,-0.079214,0.026051,-0.086485,-0.000982,0.000845,0.000431
0,0.114591,-0.027796,0.092278,0.018451,0.063152,0.012909,0.002,0.000485
0,0.023704,-0.057121,-0.10501,-0.012924,-0.094842,0.020529,0.000414,0.000997
0,0.059557,-0.087903,0.023339,-0.004183,-0.01028,0.034819,0.001039,0.001534
0,0.214206,0.085197,0.144606,0.17923,0.137768,0.202524,0.003739,0.001487
0,0.110275,-0.123344,-0.094061,-0.213197,-0.141496,-0.168559,0.001925,0.002153
0,0.114853,-0.08652,-0.013899,0.010707,-0.044163,-0.003673,0.002005,0.00151
0,0.195468,0.131094,0.074681,0.238318,0.054114,0.257271,0.003412,0.002288
0,0.127071,-0.051916,-0.054575,-0.180385,-0.008201,-0.21692,0.002218,0.000906
0,-0.08348,0.043515,-0.184669,0.109134,-0.198103,0.129692,0.001457,0.000759
0,-0.095618,0.139817,0.01249,0.105117,0.06161,0.105212,0.001669,0.00244
0,-0.017899,-0.068133,0.093285,-0.229501,0.108387,-0.216706,0.000312,0.001189
0,0.091012,-0.135505,0.118208,-0.083119,0.093999,-0.077792,0.001588,0.002365
0,0.233249,0.009246,0.127379,0.169075,0.173544,0.214927,0.004071,0.000161
0,-0.023071,-0.202672,-0.226884,-0.203875,-0.275662,-0.202795,0.000403,0.003537
0,-0.096188,0.088316,-0.100544,0.29909,-0.08128,0.319143,0.001679,0.001541
0,0.007696,-0.176828,0.121898,-0.272187,0.171032,-0.226589,0.000134,0.003086
0,0.212315,-0.023868,0.217674,0.137646,0.258458,0.163208,0.003706,0.000417
0,0.099178,-0.16651,-0.121868,-0.120118,-0.154357,-0.081849,0.001731,0.002906
0,0.147571,0.022865,0.057121,0.167312,0.092382,0.169951,0.002576,0.000399
0,0.085703,-0.004447,-0.0799,-0.02808,-0.062603,-0.064126,0.001496,7.8e-05
0,0.111285,-0.131236,0.012436,-0.098157,-0.021723,-0.140379,0.001942,0.002291
0,-0.021386,-0.066015,-0.133842,0.084035,-0.144523,0.112339,0.000373,0.001152
0,0.043798,-0.157411,0.079118,-0.117154,0.119536,-0.088841,0.000764,0.002747
0,0.062487,-0.139756,0.028281,0.040806,0.042099,0.060242,0.001091,0.002439
0,0.012345,-0.186804,-0.06894,-0.064433,-0.090276,-0.023066,0.000215,0.00326
0,-0.037944,-0.130587,-0.021751,0.080907,-0.04144,0.128912,0.000662,0.002279
0,-0.128851,0.095884,-0.072097,0.20901,-0.031406,0.235745,0.002249,0.001673
0,-0.009308,0.078938,0.096891,-0.040322,0.110504,-0.016674,0.000162,0.001378
0,-0.048622,0.031413,-0.030143,-0.062567,0.015174,-0.031548,0.000849,0.000548
0,-0.042567,-0.127148,0.009454,-0.157434,0.045089,-0.191317,0.000743,0.002219
0,-0.081517,0.146057,-0.054383,0.280955,-0.035849,0.267218,0.001423,0.002549
0,-0.169317,-0.015886,-0.060912,-0.167271,-0.093813,-0.202675,0.002955,0.000277
0,-0.100381,0.027708,0.067286,0.037332,0.017288,0.07243,0.001752,0.000484
0,-0.07295,0.133629,0.015644,0.120837,-0.017335,0.150478,0.001273,0.002332
0,-0.016932,-0.020939,0.038449,-0.179785,0.031449,-0.157338,0.000296,0.000365
0,0.068515,0.135252,0.11536,0.144473,0.065467,0.136046,0.001196,0.002361
0,0.048418,0.162284,0.000946,0.050231,-0.035984,0.087505,0.000845,0.002832
0,0.089457,0.115842,0.030493,-0.054129,0.073432,-0.102029,0.001561,0.002022
0,-0.015324,-0.146074,-0.09076,-0.254152,-0.047514,-0.214625,0.000267,0.002549
0,0.076733,0.07942,0.071557,0.222713,0.068858,0.244142,0.001339,0.001386
0,-0.11228,-0.02358,-0.191417,-0.131299,-0.187069,-0.150929,0.00196,0.000412
0,-0.124206,0.048476,-0.037411,0.092955,0.006942,0.121186,0.002168,0.000846
0,0.029768,-0.016772,0.16062,-0.069451,0.184334,-0.058016,0.00052,0.000293
0,0.114763,0.053021,0.076209,0.041999,0.069506,0.00291,0.002003,0.000925
0,0.003281,0.079787,-0.120638,0.029962,-0.11981,0.012737,5.7e-05,0.001393
0,-0.145757,-0.120819,-0.154391,-0.211048,-0.112319,-0.20367,0.002544,0.002109
0,-0.136748,0.076349,0.033647,0.174958,0.068124,0.205606,0.002387,0.001333
0,0.053543,0.054203,0.187728,-0.035699,0.228801,-0.016932,0.000935,0.000946
0,-0.134457,-0.027852,-0.199457,-0.065538,-0.198259,-0.056174,0.002347,0.000486
0,-0.119383,-0.164932,0.003652,-0.16323,0.029324,-0.160351,0.002084,0.002879
0,-0.035656,-0.156718,0.058513,0.037617,0.049039,-0.00921,0.000622,0.002735
0,0.102465,0.068309,0.111458,0.216014,0.104005,0.190042,0.001788,0.001192
0,-0.121049,-0.112672,-0.232896,-0.180007,-0.213165,-0.162975,0.002113,0.001966
0,-0.114134,0.080938,0.015694,0.18759,-0.003687,0.173053,0.001992,0.001413
0,-0.059098,-0.128885,0.060811,-0.216912,0.072581,-0.188352,0.001031,0.002249
0,0.087356,-0.032171,0.167108,0.07745,0.162209,0.058743,0.001525,0.000561
0,-0.149573,-0.047987,-0.233394,-0.039135,-0.275015,-0.057819,0.002611,0.000838
0,-0.07458,-0.052648,0.09188,-0.000873,0.067862,0.022164,0.001302,0.000919
0,0.125893,-0.141275,0.218114,-0.109907,0.267576,-0.152446,0.002197,0.002466
0,-0.040993,0.056998,-0.147493,0.211818,-0.156401,0.221544,0.000715,0.000995
0,0.08412,-0.009799,0.132857,-0.061,0.122591,-0.096164,0.001468,0.000171
0,-0.038805,-0.001337,-0.132707,-0.0188,-0.182692,-0.012065,0.000677,2.3e-05
0,-0.07588,-0.15237,-0.040303,-0.150503,-0.040645,-0.155472,0.001324,0.002659
0,-0.056349,-0.132069,0.045105,0.010873,0.068237,0.021536,0.000983,0.002305
0,-0.101772,0.074314,-0.01695,0.22615,0.027152,0.206765,0.001776,0.001297
0,0.057432,0.047473,0.144191,0.000235,0.156337,-0.010113,0.001002,0.000829
0,-0.032239,-0.027572,-0.062005,-0.061788,-0.012267,-0.04136,0.000563,0.000481
0,-0.086841,-0.010903,-0.059162,0.020198,-0.04512,0.046328,0.001516,0.00019
0,0.000661,-0.094684,0.07942,-0.071508,0.093033,-0.118187,1.2e-05,0.001653
0,0.132997,-0.166036,0.11437,-0.09193,0.149038,-0.105761,0.002321,0.002898
0,0.188007,-0.106326,0.05884,0.036157,0.057931,0.019342,0.003281,0.001856
0,0.244745,-0.111468,0.061014,-0.016046,0.068692,-0.006013,0.004272,0.001945
0,0.281372,-0.183558,0.066185,-0.069339,0.079085,-0.100926,0.004911,0.003204
0,0.043583,0.080977,-0.252733,0.257536,-0.288033,0.260943,0.000761,0.001413
0,0.201728,0.087659,0.152998,-0.007432,0.128036,-0.002707,0.003521,0.00153
0,0.115086,-0.021474,-0.072406,-0.113373,-0.041164,-0.124063,0.002009,0.000375
0,0.141429,0.058483,0.005226,0.059752,-0.017581,0.010538,0.002468,0.001021
0,0.034157,-0.01865,-0.126643,-0.105699,-0.121271,-0.114083,0.000596,0.000325
0,-0.043128,-0.112343,-0.063721,-0.102366,-0.033523,-0.115891,0.000753,0.001961
0,0.043415,-0.000386,0.091155,0.115951,0.131022,0.080882,0.000758,7e-06
0,0.053221,-0.130578,0.015361,-0.114703,0.043509,-0.065156,0.000929,0.002279
0,0.136563,-0.08061,0.095436,0.022519,0.094835,0.04889,0.002383,0.001407
0,0.100205,-0.025378,-0.026571,0.074045,-0.048115,0.105986,0.001749,0.000443
0,0.100948,0.125832,0.016581,0.168345,0.022988,0.193707,0.001762,0.002196
0,-0.024354,-0.082652,-0.111539,-0.183542,-0.091004,-0.183956,0.000425,0.001443
0,-0.124759,0.06958,-0.08453,0.145816,-0.085711,0.174664,0.002177,0.001214
0,0.136487,-0.007018,0.282257,-0.055721,0.285891,-0.086001,0.002382,0.000122
0,-0.055409,-0.098864,-0.186531,-0.103328,-0.177309,-0.139324,0.000967,0.001726
0,-0.029228,0.172584,-0.00239,0.272177,0.044705,0.240158,0.00051,0.003012
0,0.103759,0.007692,0.111055,-0.189583,0.14656,-0.195057,0.001811,0.000134
0,0.076301,-0.02856,-0.030225,-0.058535,-0.039155,-0.013194,0.001332,0.000498
0,-0.036894,0.153712,-0.124469,0.21042,-0.126392,0.222191,0.000644,0.002683
0,0.093459,0.179993,0.147729,0.004779,0.140471,0.036153,0.001631,0.003141
0,-0.017219,0.037164,-0.107955,-0.169555,-0.152662,-0.14158,0.000301,0.000649
0,-0.027089,0.148925,-0.02622,0.126021,-0.037432,0.096608,0.000473,0.002599
0,-0.134577,0.047147,-0.133917,-0.103307,-0.101408,-0.085476,0.002349,0.000823
0,0.042626,0.007006,0.19826,-0.054086,0.158401,-0.078833,0.000744,0.000122
0,-0.079958,0.029814,-0.123044,0.019609,-0.119059,0.027726,0.001396,0.00052
0,-0.086608,0.094774,-0.026407,0.055344,0.012939,0.023485,0.001512,0.001654
0,-0.007921,0.113547,0.079889,0.01077,0.107233,-0.031516,0.000138,0.001982
0,0.059031,0.080639,0.094187,-0.024705,0.085302,0.016478,0.00103,0.001407
0,0.006541,0.123419,-0.055792,0.055889,-0.034438,0.042095,0.000114,0.002154
0,0.101482,0.170796,0.095496,0.023709,0.132205,-0.01762,0.001771,0.002981
0,0.138257,0.226637,0.052828,0.026573,0.067143,0.037126,0.002413,0.003956
0,0.019626,0.154449,-0.133042,-0.054957,-0.147552,-0.064367,0.000343,0.002696
0,0.172816,0.11237,0.164741,-0.047428,0.132431,-0.017906,0.003016,0.001961
0,-0.021831,0.166584,-0.179834,0.080772,-0.167789,0.048909,0.000381,0.002907
0,0.134046,-0.025709,0.176207,-0.210816,0.166606,-0.208428,0.00234,0.000449
0,0.013579,0.025084,-0.106737,0.073579,-0.078664,0.097492,0.000237,0.000438
0,0.155258,-0.034979,0.126307,-0.033869,0.10715,-0.048515,0.00271,0.00061
0,0.083835,0.097438,-0.094613,0.124164,-0.116915,0.137804,0.001463,0.001701
0,0.022427,-0.020457,-0.032244,-0.142364,-0.060711,-0.131426,0.000391,0.000357
0,0.072263,0.173299,0.055094,0.17685,0.009045,0.134752,0.001261,0.003025
0,0.170841,-0.076012,0.111497,-0.265443,0.063039,-0.297381,0.002982,0.001327
0,0.098811,-0.039516,-0.067592,0.05819,-0.070628,0.065442,0.001725,0.00069
0,0.192229,0.151215,0.081527,0.219023,0.068414,0.171882,0.003355,0.002639
0,0.079209,0.100375,-0.138856,-0.077848,-0.143391,-0.106115,0.001382,0.001752
0,0.165334,0.129353,0.069532,0.004703,0.064824,0.04674,0.002886,0.002258
0,0.076655,0.203909,-0.075991,0.079636,-0.052709,0.066551,0.001338,0.003559
0,0.128299,0.034175,0.06498,-0.181059,0.056637,-0.161136,0.002239,0.000596
0,0.175705,0.059824,0.019901,0.04213,0.050621,-0.001682,0.003067,0.001044
0,-0.085615,0.166137,-0.248213,0.084373,-0.296063,0.057646,0.001494,0.0029
0,0.012692,0.096964,0.084494,-0.051185,0.040426,-0.088395,0.000222,0.001692
0,0.102473,-0.130915,0.115783,-0.217628,0.110857,-0.223828,0.001788,0.002285
0,-0.110042,0.12632,-0.197801,0.246668,-0.168422,0.283154,0.001921,0.002205
0,0.025251,0.122312,0.135063,-0.024896,0.167075,0.022246,0.000441,0.002135
0,0.099686,-0.064991,0.060862,-0.21641,0.047265,-0.219964,0.00174,0.001134
0,-0.083249,-0.072586,-0.183039,0.008437,-0.204726,-0.011253,0.001453,0.001267
0,0.029809,-0.134267,0.086285,-0.040824,0.117692,-0.038653,0.00052,0.002343
0,0.017651,0.02099,0.011143,0.128062,0.051876,0.146305,0.000308,0.000366
0,0.186345,-0.029369,0.159327,-0.035294,0.182592,-0.028321,0.003252,0.000513
0,0.11417,-0.124754,-0.088871,-0.123215,-0.093727,-0.099657,0.001993,0.002177
0,0.015934,-0.139448,-0.110431,-0.042912,-0.140347,-0.019482,0.000278,0.002434
0,-0.055546,-0.161032,-0.072723,-0.029615,-0.111364,0.010818,0.000969,0.002811
0,0.057083,-0.074328,0.091894,0.075845,0.063178,0.124049,0.000996,0.001297
0,0.065093,-0.26439,0.013935,-0.188243,-0.028805,-0.221915,0.001136,0.004614
0,0.340192,-0.418061,0.300533,-0.14709,0.255895,-0.158275,0.005814,0.004455
0,0.533819,-0.56881,0.181654,-0.158555,0.157103,-0.18782,0.002435,0.001824
0,0.415711,-0.611987,-0.127677,-0.019319,-0.084383,0.027012,0.004496,0.001071
0,0.262712,-0.399621,-0.161535,0.185432,-0.145508,0.230979,0.004585,0.004777
0,0.353479,-0.200705,0.114576,0.22463,0.079494,0.248804,0.005582,0.003503
0,0.163102,-0.091884,-0.168248,0.118281,-0.21642,0.110481,0.002847,0.001604
0,0.217691,-0.051029,0.028996,0.055944,0.016384,0.010724,0.003799,0.000891
0,0.239314,-0.157328,0.032616,-0.130928,0.065962,-0.094941,0.004177,0.002746
0,0.119598,0.004437,-0.091515,0.163631,-0.058752,0.213287,0.002087,7.7e-05
0,-0.017571,-0.15961,-0.134248,-0.141861,-0.166998,-0.177339,0.000307,0.002786
0,-0.015766,-0.158431,-0.02469,-0.014186,0.01013,-0.056763,0.000275,0.002765
0,-0.062017,0.098609,-0.053051,0.275696,-0.044116,0.295851,0.001082,0.001721
0,0.038515,0.002094,0.078295,-0.092654,0.086596,-0.073477,0.000672,3.7e-05
0,-0.066939,-0.190233,-0.083306,-0.167674,-0.043861,-0.198663,0.001168,0.00332
0,-0.13037,0.107284,-0.064135,0.273937,-0.058961,0.239874,0.002275,0.001872
0,0.089024,-0.052025,0.243705,-0.133614,0.273222,-0.133428,0.001554,0.000908
0,-0.01434,0.069768,-0.121576,0.144757,-0.080769,0.188464,0.00025,0.001218
0,0.0323,-0.031474,0.039252,-0.092228,0.032378,-0.10111,0.000564,0.000549
0,0.160327,0.026818,0.151055,0.029401,0.159059,0.066824,0.002798,0.000468
0,-0.044254,-0.047506,-0.188312,-0.07724,-0.176865,-0.104198,0.000772,0.000829
0,0.146766,-0.08137,0.172766,-0.059236,0.212521,-0.020604,0.002562,0.00142
0,-0.126376,-0.182781,-0.287874,-0.097353,-0.246739,-0.13004,0.002206,0.00319
0,0.137116,0.027464,0.280535,0.198176,0.28967,0.150159,0.002393,0.000479
0,0.013619,-0.110499,-0.139682,-0.121742,-0.116471,-0.098169,0.000238,0.001929
0,0.104446,-0.040796,0.09533,0.078678,0.052285,0.052199,0.001823,0.000712
0,0.139359,-0.104681,0.033464,-0.089993,0.013264,-0.05485,0.002432,0.001827
0,-0.014072,-0.142132,-0.147119,-0.036981,-0.154885,-0.035278,0.000246,0.002481
0,-0.106705,0.060027,-0.074625,0.221819,-0.086586,0.260795,0.001862,0.001048
0,-0.112888,-0.04507,-0.02088,-0.112568,-0.03455,-0.146186,0.00197,0.000787
0,0.157372,-0.060134,0.290186,-0.03071,0.246976,-0.066634,0.002747,0.00105
0,0.042147,-0.108824,-0.11622,-0.076909,-0.136431,-0.098926,0.000736,0.001899
0,0.098228,0.065823,0.049428,0.167054,0.047125,0.184558,0.001714,0.001149
0,0.133234,-0.053755,0.012957,-0.093392,-0.026633,-0.124152,0.002325,0.000938
0,0.085183,-0.145597,-0.021038,-0.121496,0.025291,-0.138159,0.001487,0.002541
0,0.187953,-0.090231,0.074567,0.058332,0.10546,0.030611,0.00328,0.001575
0,-0.076195,0.024301,-0.265641,0.092977,-0.243865,0.090181,0.00133,0.000424
0,0.130401,-0.090044,0.222154,-0.133746,0.22018,-0.142119,0.002276,0.001572
0,-0.131371,0.003466,-0.241592,0.107199,-0.272414,0.112117,0.002293,6e-05
0,-0.032559,-0.147952,0.125213,-0.149645,0.130316,-0.136683,0.000568,0.002582
0,-0.164084,-0.187669,-0.118974,-0.044546,-0.11099,-0.045706,0.002864,0.003275
0,-0.065608,0.081295,0.079249,0.245224,0.124087,0.267054,0.001145,0.001419
0,0.032498,0.111527,0.098425,0.018555,0.103191,0.01788,0.000567,0.001947
0,-0.026974,-0.094303,-0.030548,-0.197269,0.018541,-0.192285,0.000471,0.001646
0,-0.104179,0.091499,-0.058008,0.174751,-0.012532,0.201949,0.001818,0.001597
0,0.092277,0.02579,0.171223,-0.047475,0.173081,-0.086367,0.001611,0.00045
0,0.16686,-0.144654,0.07483,-0.180821,0.095398,-0.225033,0.002912,0.002525
0,-0.074581,-0.108813,-0.229961,0.053017,-0.261697,0.10125,0.001302,0.001899
0,-0.013896,0.065239,0.047637,0.197756,0.050541,0.185942,0.000243,0.001139
0,0.145235,0.031577,0.157473,-0.035856,0.118819,0.010903,0.002535,0.000551
0,-0.044976,-0.133126,-0.161958,-0.173041,-0.127874,-0.152266,0.000785,0.002323
0,-0.075408,-0.102141,-0.032787,0.03238,-0.046892,0.004195,0.001316,0.001783
0,0.067668,0.086196,0.138094,0.167853,0.18426,0.20367,0.001181,0.001504
0,0.101099,-0.032716,0.042258,-0.102747,0.044562,-0.081353,0.001765,0.000571
0,0.074837,0.090202,-0.032693,0.102971,-0.075345,0.113731,0.001306,0.001574
0,-0.014355,-0.070006,-0.10184,-0.133637,-0.081131,-0.100919,0.000251,0.001222
0,-0.048286,-0.009301,-0.050202,0.088322,-0.019304,0.137432,0.000843,0.000162
0,0.154737,-0.073683,0.181051,-0.078116,0.149425,-0.123181,0.002701,0.001286
0,0.141058,-0.018477,-0.020302,0.059232,-0.034459,0.033819,0.002462,0.000322
0,0.022867,-0.170214,-0.135876,-0.149202,-0.157126,-0.140288,0.000399,0.002971
0,0.203697,-0.122917,0.206678,0.034981,0.165389,0.032391,0.003555,0.002145
0,0.224888,-0.181909,0.023686,-0.044183,0.004622,-0.080955,0.003925,0.003175
0,0.119436,-0.0129,-0.101192,0.153414,-0.122222,0.115565,0.002085,0.000225
0,0.057179,-0.01155,-0.077743,0.006842,-0.091313,0.014996,0.000998,0.000202
0,0.116836,-0.016869,0.054554,0.023799,0.072963,-0.009604,0.002039,0.000294
0,0.028608,-0.07447,-0.10329,-0.045018,-0.066233,-0.071505,0.000499,0.0013
0,0.00122,-0.101367,-0.013745,-0.023146,-0.038112,-0.051883,2.1e-05,0.001769
0,0.161506,-0.026677,0.145435,0.062265,0.149754,0.071973,0.002819,0.000466
0,-0.048592,0.028902,-0.188589,0.040055,-0.234755,0.009238,0.000848,0.000504
0,-0.029239,0.031313,-0.005403,0.014849,-0.035226,0.029957,0.00051,0.000547
0,0.20712,0.110128,0.208075,0.060672,0.158911,0.100095,0.003615,0.001922
0,0.090594,0.099548,-0.109373,0.012778,-0.10396,0.030804,0.001581,0.001737
0,0.128854,0.034108,0.012047,-0.053132,0.029276,-0.031003,0.002249,0.000595
0,0.293006,-0.007696,0.174759,-0.052757,0.152326,-0.01186,0.005114,0.000134
0,0.298149,0.045953,0.007914,0.024152,-0.007121,-0.01887,0.005204,0.000802
0,0.41533,-0.000518,0.140494,-0.024914,0.11111,-0.036832,0.004503,9e-06
0,0.346254,0.070445,-0.097405,0.09158,-0.135095,0.05929,0.005708,0.00123
0,0.327986,-0.082211,-0.040254,-0.182601,0.007815,-0.217057,0.005724,0.001435
0,0.367588,0.108536,0.043375,0.181141,0.093268,0.160723,0.005336,0.001894
0,0.282336,0.075419,-0.091938,-0.029079,-0.082326,-0.066081,0.004928,0.001316
0,0.236239,-0.070408,-0.033704,-0.174745,-0.028062,-0.204277,0.004123,0.001229
0,0.107873,-0.089824,-0.117455,-0.003642,-0.13023,-0.050479,0.001883,0.001568
0,0.186111,0.102663,0.069936,0.166984,0.057357,0.146486,0.003248,0.001792
0,0.303671,-0.010447,0.14045,-0.1012,0.181008,-0.141433,0.0053,0.000182
0,0.081956,-0.079291,-0.2394,-0.049736,-0.204825,-0.046893,0.00143,0.001384
0,0.154271,0.103754,0.074423,0.193903,0.121556,0.173636,0.002693,0.001811
0,0.12592,-0.075558,-0.006114,-0.206633,0.021483,-0.191355,0.002198,0.001319
0,0.307269,0.073696,0.158879,0.125225,0.109349,0.165901,0.005363,0.001286
0,0.340267,-0.072573,0.026841,-0.165861,0.055859,-0.199671,0.005813,0.001267
0,0.254206,0.138295,-0.112036,0.183127,-0.132504,0.211998,0.004437,0.002414
0,0.213692,-0.006334,-0.029001,-0.135899,0.012145,-0.1184,0.00373,0.000111
0,0.094088,0.036565,-0.140212,0.054199,-0.154121,0.039638,0.001642,0.000638
0,0.090442,0.018723,0.001635,-0.03368,0.001673,-0.034924,0.001579,0.000327
0,0.054808,-0.047659,-0.060223,-0.088813,-0.023284,-0.124275,0.000957,0.000832
0,0.185662,-0.017207,0.158945,0.01317,0.181423,0.057556,0.00324,0.0003
0,0.033316,0.127748,-0.14714,0.122714,-0.117642,0.156659,0.000581,0.00223
0,0.120944,0.04889,0.105806,-0.04975,0.133476,-0.012412,0.002111,0.000853
0,0.071444,-0.048753,-0.063859,-0.097674,-0.060799,-0.104296,0.001247,0.000851
0,0.087853,0.176354,0.040207,0.2172,0.015394,0.17755,0.001533,0.003078
0,0.215789,-0.062392,0.114383,-0.227896,0.162008,-0.261462,0.003766,0.001089
0,-0.004715,-0.080728,-0.24688,-0.03418,-0.215496,-0.002941,8.2e-05,0.001409
0,0.134548,-0.004196,0.126149,0.081311,0.174618,0.071739,0.002348,7.3e-05
0,-0.037488,-0.033929,-0.17256,-0.043862,-0.196189,-0.02566,0.000654,0.000592
0,0.150476,0.136528,0.179589,0.147294,0.131392,0.145522,0.002626,0.002383
0,0.091028,0.106266,-0.040145,-0.01489,-0.014178,-0.001394,0.001589,0.001855
0,-0.038101,-0.040398,-0.143128,-0.176351,-0.144216,-0.203217,0.000665,0.000705
0,-0.024328,0.097951,0.041593,0.165998,0.08335,0.18816,0.000425,0.00171
0,-0.08164,0.080716,-0.053416,-0.043388,-0.04738,-0.010484,0.001425,0.001409
0,-0.027654,-0.023692,0.072713,-0.106993,0.043933,-0.10888,0.000483,0.000414
0,-0.084728,-0.099392,-0.086803,-0.088868,-0.074149,-0.124314,0.001479,0.001735
0,-0.037418,-0.045193,0.019372,0.060865,-0.024568,0.033592,0.000653,0.000789
0,0.014101,-0.07278,0.048032,-0.002604,0.026651,0.003262,0.000246,0.00127
0,0.034132,-0.080223,0.042517,0.008301,0.073946,0.019848,0.000596,0.0014
0,0.081341,0.007124,0.04362,0.11003,0.045522,0.129746,0.00142,0.000124
0,0.042841,0.084928,-0.029829,0.086856,0.006135,0.057976,0.000748,0.001482
0,-0.130031,0.139357,-0.161276,0.073112,-0.185665,0.109152,0.002269,0.002432
0,-0.02406,0.070331,0.110189,-0.097823,0.066651,-0.142697,0.00042,0.001228
0,0.2019,0.083693,0.211387,0.033794,0.183059,0.029197,0.003524,0.001461
0,-0.067193,0.027658,-0.252646,-0.04999,-0.220697,-0.089416,0.001173,0.000483
0,0.103252,0.146385,0.191604,0.133834,0.157136,0.144996,0.001802,0.002555
0,0.100577,0.024986,-0.030115,-0.094156,-0.025774,-0.135703,0.001755,0.000436
0,0.010056,-0.004182,-0.108382,-0.047688,-0.156934,0.000612,0.000176,7.3e-05
0,0.126973,0.130518,0.113825,0.146765,0.131129,0.13529,0.002216,0.002278
0,0.153509,-0.087726,0.002594,-0.203016,-0.045801,-0.225503,0.002679,0.001531
0,0.076665,0.039901,-0.09065,0.132629,-0.065754,0.10354,0.001338,0.000696
0,0.008499,0.026281,-0.05859,-0.037354,-0.100257,-0.000503,0.000148,0.000459
0,0.101427,0.031179,0.099993,0.008517,0.100288,-0.019598,0.00177,0.000544
0,-0.057787,0.098093,-0.143959,0.074781,-0.138895,0.118805,0.001009,0.001712
0,0.03824,-0.100683,0.109974,-0.212097,0.087035,-0.182577,0.000667,0.001757
0,-0.01925,0.114008,-0.086967,0.191931,-0.113743,0.158804,0.000336,0.00199
0,0.020121,-0.113092,0.057925,-0.227633,0.014723,-0.207198,0.000351,0.001974
0,0.08925,0.021793,0.0579,0.155627,0.019096,0.198571,0.001558,0.00038
0,0.131061,-0.065,0.053981,-0.113955,0.06199,-0.078666,0.002287,0.001134
0,0.03562,0.169557,-0.076478,0.2063,-0.062599,0.238549,0.000622,0.002959
0,0.033169,0.132651,-0.001339,-0.025248,-0.043988,-0.048117,0.000579,0.002315
0,0.010432,0.158326,-0.006661,0.028637,0.018667,0.06428,0.000182,0.002763
0,-0.008729,-0.046173,-0.047725,-0.213453,-0.020333,-0.213384,0.000152,0.000806
0,0.09411,0.084662,0.073296,0.133334,0.02773,0.09547,0.001643,0.001478
0,-0.03888,-0.101825,-0.108661,-0.200746,-0.117223,-0.155053,0.000679,0.001777
0,-0.027078,0.135158,0.022877,0.23649,-0.020252,0.232746,0.000473,0.002359
0,-0.155361,0.077751,-0.100069,-0.07642,-0.126289,-0.046846,0.002712,0.001357
0,-0.120021,-0.127971,0.05276,-0.224086,0.066173,-0.200137,0.002095,0.002234
0,-0.04029,0.083282,0.097243,0.233189,0.084778,0.257578,0.000703,0.001454
0,-0.079221,-0.080308,-0.056781,-0.174975,-0.104006,-0.128292,0.001383,0.001402
0,0.016424,-0.048135,0.11572,0.02538,0.10313,0.058,0.000287,0.00084
0,-0.023315,0.040116,-0.034177,0.060206,0.013151,0.086396,0.000407,0.0007
0,0.074109,-0.057687,0.092203,-0.119223,0.081808,-0.157702,0.001293,0.001007
0,0.087431,0.068135,0.005562,0.101554,-0.031952,0.132914,0.001526,0.001189
0,0.061046,-0.038782,-0.040141,-0.12728,-0.016981,-0.137165,0.001065,0.000677
0,-0.163484,0.121708,-0.196082,0.13302,-0.19232,0.162984,0.002853,0.002124
0,-0.03983,-0.125983,0.140167,-0.271567,0.188346,-0.250047,0.000695,0.002199
0,0.075003,0.159576,0.144353,0.272462,0.108361,0.236308,0.001309,0.002785
0,-0.106334,0.003401,-0.189971,-0.152374,-0.218482,-0.159471,0.001856,5.9e-05
0,0.148839,-0.079487,0.265392,-0.060795,0.28153,-0.033859,0.002598,0.001387
0,-0.02219,0.078694,-0.174455,0.130754,-0.199528,0.108,0.000387,0.001373
0,-0.140995,0.098953,-0.096075,-0.00831,-0.079752,-0.044299,0.002461,0.001727
0,0.009173,-0.120204,0.169049,-0.190498,0.199917,-0.15166,0.00016,0.002098
0,0.012002,0.061793,-0.022224,0.188687,0.021163,0.23377,0.000209,0.001078
0,-0.088816,0.085226,-0.081317,0.041391,-0.105446,0.013706,0.00155,0.001487
0,0.00457,-0.137118,0.108865,-0.241263,0.143355,-0.254594,8e-05,0.002393
0,-0.041802,-0.09708,-0.065305,0.035798,-0.089373,-0.010358,0.00073,0.001694
0,-0.084399,-0.084638,-0.039005,0.007677,0.006481,0.005024,0.001473,0.001477
0,0.147993,-0.012047,0.23206,0.099929,0.238811,0.148045,0.002583,0.00021
0,-0.098254,0.13665,-0.245951,0.172177,-0.241965,0.182558,0.001715,0.002385
0,-0.10804,-0.017985,0.009174,-0.15446,-0.016383,-0.178449,0.001886,0.000314
0,0.049679,0.123283,0.156106,0.150177,0.122496,0.161852,0.000867,0.002152
0,-0.104374,0.018039,-0.156297,-0.101698,-0.111554,-0.099882,0.001822,0.000315
0,-0.001858,0.194458,0.103442,0.202825,0.08051,0.230411,3.2e-05,0.003394
0,-0.21183,0.020978,-0.191022,-0.153767,-0.219435,-0.117605,0.003697,0.000366
0,0.085051,-0.014203,0.274276,-0.03008,0.264063,-0.019937,0.001484,0.000248
0,0.063903,-0.033512,0.007559,0.007719,0.009337,-0.029002,0.001115,0.000585
0,-0.05011,-0.012083,-0.136096,0.009422,-0.113888,0.013943,0.000875,0.000211
0,0.08592,-0.038469,0.162578,-0.000365,0.131744,0.036182,0.0015,0.000671
0,-0.095372,0.108582,-0.159301,0.151697,-0.173738,0.149359,0.001665,0.001895
0,0.187222,0.081806,0.311508,0.002658,0.361356,-0.046368,0.003268,0.001428
0,0.087893,0.165485,-0.083035,0.064891,-0.046363,0.020391,0.001534,0.002888
0,0.032601,0.140972,-0.07896,-0.034195,-0.101218,-0.020199,0.000569,0.00246
0,0.04598,0.149101,0.029742,0.019122,0.00252,0.053504,0.000802,0.002602
0,-0.010518,0.164595,-0.079646,-0.001321,-0.076441,-0.00932,0.000184,0.002873
0,0.050926,0.040806,0.046481,-0.124985,0.023262,-0.096304,0.000889,0.000712
0,0.096551,0.159593,0.041975,0.127398,0.058234,0.128428,0.001685,0.002785
0,0.173655,-0.055919,0.064697,-0.21476,0.036248,-0.24715,0.003031,0.000976
0,-0.110008,-0.024953,-0.263261,0.017619,-0.266279,0.021409,0.00192,0.000436
0,0.070931,-0.082146,0.175508,-0.081135,0.150217,-0.045035,0.001238,0.001434
0,0.038709,0.157933,-0.030035,0.23169,-0.061137,0.27587,0.000676,0.002756
0,2.748324,-0.188934,2.707279,-0.35151,2.739448,-0.319176,0.000961,0.003298
0,3.470776,-0.460029,0.708124,-0.249989,0.754658,-0.294277,0.001818,0.003723
0,3.798876,-0.66085,0.331915,-0.180983,0.367086,-0.15805,0.004207,0.000218
0,3.369862,-1.200587,-0.447419,-0.552615,-0.481671,-0.551551,5.7e-05,0.002549
0,2.47931,-0.985819,-0.90414,0.243154,-0.862412,0.256094,0.003735,0.005454
0,1.976494,-0.740573,-0.511924,0.241705,-0.519492,0.263315,0.000759,0.001174
0,1.274275,-0.636156,-0.708042,0.132962,-0.750193,0.14497,0.001263,0.000649
0,0.733163,-0.215229,-0.568722,0.445875,-0.552213,0.442639,0.001044,0.003756
0,0.399666,-0.170695,-0.314243,0.054794,-0.341664,0.029409,0.004776,0.002979
0,0.226102,-0.195057,-0.185553,-0.014343,-0.151931,-0.04764,0.003946,0.003404
0,0.002358,-0.281664,-0.213558,-0.074771,-0.190427,-0.03445,4.1e-05,0.004916
0,0.003461,-0.150773,-0.016331,0.135478,0.003374,0.182698,6e-05,0.002631
0,0.012157,-0.016545,0.018157,0.11937,-0.00316,0.094556,0.000212,0.000289
0,0.000135,-0.041426,-0.015295,-0.031557,0.030643,-0.038818,2e-06,0.000723
0,-0.167873,-0.265212,-0.152155,-0.22063,-0.185474,-0.240972,0.00293,0.004629
0,-0.050291,-0.085552,0.142359,0.182576,0.100581,0.2091,0.000878,0.001493
0,-0.157836,-0.032562,-0.118705,0.024168,-0.128247,0.05353,0.002755,0.000568
0,-0.170841,-0.133888,-0.027074,-0.114943,-0.006812,-0.07938,0.002982,0.002337
0,-0.118015,-0.010791,0.03358,0.150853,0.073608,0.143876,0.00206,0.000188
0,-0.157191,-0.052594,-0.04678,-0.047686,-0.008411,-0.077622,0.002744,0.000918
0,-0.187281,-0.242463,-0.020782,-0.186533,0.020407,-0.218255,0.003269,0.004232
0,-0.20324,-0.049041,0.011414,0.211363,0.029373,0.19735,0.003547,0.000856
0,-0.15871,-0.178105,0.05727,-0.130801,0.073817,-0.102296,0.00277,0.003109
0,-0.227788,-0.024134,-0.09358,0.136505,-0.11921,0.101132,0.003976,0.000421
0,-0.320144,-0.159455,-0.121475,-0.154645,-0.160983,-0.159254,0.005588,0.002783
0,-0.314862,-0.196276,-0.019136,-0.038686,-0.017065,-0.067539,0.005495,0.003426
0,-0.254063,-0.018823,0.061111,0.155731,0.06872,0.190948,0.004434,0.000329
0,-0.189739,-0.045531,0.036187,-0.015191,0.04674,-0.016164,0.003312,0.000795
0,-0.173715,-0.069786,-0.012134,-0.043264,-0.047037,-0.043851,0.003032,0.001218
0,-0.012599,-0.086279,0.187681,-0.023308,0.150141,-0.059736,0.00022,0.001506
0,-0.212948,-0.073661,-0.175322,-0.003783,-0.151906,-0.033447,0.003717,0.001286
0,-0.153322,-0.159591,0.043917,-0.094544,0.062818,-0.116902,0.002676,0.002785
0,-0.139946,-0.006632,-0.00273,0.155782,-0.044608,0.130409,0.002443,0.000116
0,-0.012814,-0.090472,0.108147,-0.05635,0.110766,-0.068803,0.000224,0.001579
0,-0.038813,-0.165777,-0.002603,-0.069114,0.026981,-0.033755,0.000677,0.002893
0,-0.023777,0.112965,0.044071,0.253252,0.03796,0.228034,0.000415,0.001972
0,-0.041793,0.051731,-0.025458,-0.077652,0.015979,-0.11628,0.000729,0.000903
0,-0.09699,-0.099136,-0.04158,-0.139104,-0.018159,-0.127465,0.001693,0.00173
0,0.143248,-0.071194,0.232854,0.004425,0.282319,-0.041837,0.0025,0.001243
0,0.087144,-0.006975,-0.030464,0.05331,-0.033391,0.013821,0.001521,0.000122
0,-0.13994,0.182479,-0.237205,0.167836,-0.230186,0.189406,0.002442,0.003185
0,0.109477,0.113585,0.219972,-0.073183,0.221025,-0.119226,0.001911,0.001982
0,0.058606,0.184705,-0.03703,0.088666,-0.014066,0.128844,0.001023,0.003224
0,0.001614,0.144413,-0.078596,-0.068017,-0.0806,-0.033675,2.8e-05,0.00252
0,-0.058743,0.201117,-0.056513,0.060284,-0.057361,0.064632,0.001025,0.00351
0,-0.133159,-0.075837,-0.079321,-0.247731,-0.113513,-0.273876,0.002324,0.001324
0,-0.022696,0.026185,0.107102,0.083846,0.115787,0.125622,0.000396,0.000457
0,0.099985,-0.018842,0.132183,-0.047468,0.179646,-0.080673,0.001745,0.000329
0,-0.07737,0.081366,-0.163131,0.094512,-0.143916,0.142299,0.00135,0.00142
0,-0.036818,-0.049599,0.01521,-0.103574,0.017847,-0.075269,0.000643,0.000866
0,0.021546,0.026898,0.07998,0.097839,0.09807,0.097362,0.000376,0.000469
0,-0.123843,-0.037332,-0.151409,-0.08035,-0.148346,-0.125954,0.002161,0.000652
0,0.05342,0.165587,0.164479,0.197293,0.190849,0.212573,0.000932,0.00289
0,-0.104309,0.101062,-0.154232,-0.054431,-0.178824,-0.0793,0.001821,0.001764
0,-0.195986,0.004876,-0.069339,-0.090179,-0.094661,-0.073146,0.003421,8.5e-05
0,0.021988,-0.113823,0.2075,-0.105975,0.256255,-0.062767,0.000384,0.001987
0,0.047448,-0.043583,0.050594,0.079093,0.055176,0.079758,0.000828,0.000761
0,-0.061456,-0.038818,-0.107229,-0.008692,-0.092712,0.04112,0.001073,0.000677
0,-0.067545,0.063649,0.023434,0.12048,-0.004441,0.073745,0.001179,0.001111
0,-0.044428,-0.030689,0.028552,-0.081972,0.065543,-0.035056,0.000775,0.000536
0,-0.19407,-0.012427,-0.165212,-0.001829,-0.195741,-0.002279,0.003387,0.000217
0,-0.144557,0.045969,0.067543,0.081139,0.020553,0.073042,0.002523,0.000802
0,-0.072811,0.115797,0.065468,0.060402,0.078482,0.039693,0.001271,0.002021
0,-0.221113,0.071162,-0.122552,-0.060365,-0.098343,-0.084926,0.003859,0.001242
0,-0.001641,0.007324,0.19396,-0.071774,0.149468,-0.024529,2.9e-05,0.000128
0,-0.099717,-0.184464,-0.124417,-0.203562,-0.161302,-0.211963,0.00174,0.00322
0,-0.231903,-0.042081,-0.119859,0.16533,-0.080114,0.178397,0.004047,0.000734
0,-0.062468,-0.045378,0.16173,0.014366,0.113866,-0.026683,0.00109,0.000792
0,-0.057955,-0.154428,-0.024707,-0.113917,-0.019216,-0.143553,0.001012,0.002695
0,-0.112372,-0.048484,-0.047479,0.07625,-0.018905,0.06552,0.001961,0.000846
0,0.009782,0.016499,0.101861,0.05515,0.117711,0.077877,0.000171,0.000288
0,0.060846,0.00759,0.06134,-0.014636,0.019368,0.01025,0.001062,0.000132
0,-0.157042,0.106774,-0.192179,0.084426,-0.20523,0.056059,0.002741,0.001864
0,-0.087806,0.011613,0.081825,-0.114879,0.089329,-0.077262,0.001532,0.000203
0,-0.127645,-0.069995,-0.0122,-0.092521,-0.051032,-0.043758,0.002228,0.001222
0,-0.067921,0.139702,0.053552,0.193356,0.101021,0.230982,0.001185,0.002438
0,0.091255,0.000927,0.129344,-0.167786,0.1609,-0.179296,0.001593,1.6e-05
0,0.066897,-0.092292,0.002634,-0.102112,0.046967,-0.136629,0.001168,0.001611
0,0.06568,-0.063523,0.006858,0.00449,0.04479,0.035395,0.001146,0.001109
0,0.020613,-0.013014,-0.067964,0.070224,-0.108354,0.042703,0.00036,0.000227
0,0.170573,-0.097034,0.148147,-0.098695,0.161279,-0.091689,0.002977,0.001694
0,-0.017425,-0.04284,-0.184793,0.06923,-0.201913,0.115115,0.000304,0.000748
0,-0.02946,-0.072348,-0.038022,-0.044768,0.009239,-0.091854,0.000514,0.001263
0,0.035404,-0.016848,0.080493,0.048784,0.075372,0.003807,0.000618,0.000294
0,0.023082,-0.104397,-0.024729,-0.10946,-0.043719,-0.144376,0.000403,0.001822
0,0.100558,-0.05786,0.054544,0.069359,0.008573,0.108229,0.001755,0.00101
0,0.023769,0.054294,-0.090385,0.130266,-0.121258,0.127819,0.000415,0.000948
0,-0.19191,0.117065,-0.194968,0.040641,-0.20931,0.085097,0.003349,0.002043
0,-0.046609,0.022034,0.123809,-0.09266,0.151625,-0.074502,0.000813,0.000385
0,-0.084202,0.103655,-0.030252,0.081572,-0.017008,0.1237,0.00147,0.001809
0,-0.020554,-0.054701,0.078341,-0.183252,0.108934,-0.19476,0.000359,0.000955
0,-0.163699,-0.092706,-0.168852,-0.040281,-0.126445,-0.004313,0.002857,0.001618
0,0.066271,0.045091,0.230601,0.113693,0.275051,0.072968,0.001157,0.000787
0,0.09652,-0.085982,0.018563,-0.138765,0.040207,-0.110171,0.001685,0.001501
0,0.078718,-0.126993,-0.007904,-0.070863,0.007297,-0.087725,0.001374,0.002216
0,0.126719,0.008002,0.073376,0.152363,0.032439,0.148556,0.002212,0.00014
0,0.114548,0.020923,-0.021843,0.03102,-0.014749,0.059732,0.001999,0.000365
0,-0.105894,0.13098,-0.219683,0.083524,-0.212301,0.112176,0.001848,0.002286
0,-0.017121,-0.124371,0.064793,-0.27528,0.07491,-0.278109,0.000299,0.002171
0,0.114574,-0.0837,0.160636,0.014885,0.110884,-0.015365,0.002,0.001461
0,-0.019365,-0.002829,-0.106543,0.068109,-0.129424,0.086029,0.000338,4.9e-05
0,-0.107913,0.126539,-0.082447,0.144676,-0.035394,0.114368,0.001883,0.002209
0,0.00029,0.08324,0.098719,-0.015725,0.069575,-0.054587,5e-06,0.001453
0,0.107632,0.125128,0.101093,0.020801,0.079292,-0.026247,0.001879,0.002184
0,0.091595,-0.044163,0.011563,-0.191483,0.051209,-0.236938,0.001599,0.000771
0,-0.089984,0.141109,-0.185305,0.211654,-0.198148,0.240857,0.001571,0.002463
0,0.142163,0.069792,0.238244,-0.072429,0.232317,-0.057409,0.002481,0.001218
0,0.057245,0.00989,-0.095646,-0.063171,-0.115991,-0.080595,0.000999,0.000173
0,0.014062,0.067292,-0.030666,0.043536,-0.056442,-0.00039,0.000245,0.001174
0,-0.090609,0.100432,-0.091489,0.033219,-0.128163,0.008232,0.001581,0.001753
0,0.077308,0.100937,0.144524,-0.015736,0.101331,0.010701,0.001349,0.001762
0,0.14822,-0.058943,0.075483,-0.185973,0.122928,-0.18476,0.002587,0.001029
0,-0.024859,0.092933,-0.178103,0.167112,-0.170054,0.193769,0.000434,0.001622
0,-0.052232,-0.086745,-0.02164,-0.199944,-0.058219,-0.248068,0.000912,0.001514
0,0.107639,-0.048087,0.145504,0.057623,0.162446,0.02438,0.001879,0.000839
0,0.018391,-0.094448,-0.072796,-0.017052,-0.032123,-0.046258,0.000321,0.001648
0,-0.065139,0.00799,-0.087124,0.078492,-0.101065,0.127298,0.001137,0.000139
0,-0.040134,-0.067388,0.025488,-0.063826,-0.008862,-0.055777,0.0007,0.001176
0,-0.038192,-0.083454,0.003033,0.011057,0.006247,0.035003,0.000667,0.001457
0,0.17438,0.032781,0.199067,0.125215,0.223921,0.113124,0.003043,0.000572
0,0.073748,-0.116724,-0.114267,-0.157819,-0.163885,-0.169536,0.001287,0.002037
0,0.198038,-0.047241,0.137774,0.093227,0.111532,0.125703,0.003456,0.000825
0,0.165747,0.002554,-0.024345,0.022177,-0.067822,0.062666,0.002893,4.5e-05
0,0.142372,-0.146715,-0.024368,-0.167314,-0.028534,-0.119024,0.002485,0.002561
0,0.06761,-0.018716,-0.048377,0.106595,-0.053502,0.059544,0.00118,0.000327
0,-0.007496,0.081883,-0.050596,0.092267,-0.026663,0.100012,0.000131,0.001429
0,0.049516,-0.076712,0.035454,-0.163205,0.00982,-0.182714,0.000864,0.001339
0,-0.04707,0.00415,-0.086238,0.066825,-0.119764,0.081133,0.000822,7.2e-05
0,-0.145774,-0.021128,-0.125632,-0.004474,-0.097986,0.029559,0.002544,0.000369
0,-0.093098,-0.142039,0.056955,-0.146672,0.09999,-0.141708,0.001625,0.002479
0,-0.101089,-0.08641,0.015311,0.029512,0.027366,0.020099,0.001764,0.001508
0,0.021258,0.02347,0.127256,0.101516,0.098302,0.057751,0.000371,0.00041
0,-0.023732,0.029388,-0.073872,0.00015,-0.09659,-0.048493,0.000414,0.000513
0,-0.118591,-0.118327,-0.093648,-0.134192,-0.069185,-0.14459,0.00207,0.002065
0,-0.060731,0.092037,0.044483,0.205197,0.088814,0.20879,0.00106,0.001606
0,0.069082,0.022526,0.111807,-0.073255,0.144064,-0.118109,0.001206,0.000393
0,-0.144088,-0.068754,-0.232049,-0.061408,-0.237236,-0.081051,0.002515,0.0012
0,-0.051549,0.130969,0.092036,0.193533,0.130722,0.165105,0.0009,0.002286
0,-0.166193,-0.030284,-0.112191,-0.133271,-0.069693,-0.098068,0.002901,0.000529
0,-0.180836,-0.042493,0.010645,-0.026868,0.01539,-0.034763,0.003156,0.000742
0,-0.186167,-0.005619,0.02186,0.014431,0.041537,0.036396,0.003249,9.8e-05
0,-0.070803,-0.042084,0.13635,-0.054608,0.145598,-0.045946,0.001236,0.000735
0,-0.018942,0.064822,0.038313,0.106405,0.003587,0.078676,0.000331,0.001131
0,-0.925335,-0.442713,-0.925771,-0.483363,-0.932719,-0.483821,0.004398,0.004025
0,-1.27526,-0.48446,-0.333998,-0.041745,-0.339981,-0.067151,0.001246,0.003296
0,-1.608805,-0.161081,-0.35735,0.29785,-0.324383,0.294485,0.004576,0.002811
0,-1.606127,-0.357108,-0.020166,-0.187475,-0.046688,-0.2212,0.004529,0.005519
0,-1.557494,-0.252545,0.050509,0.108019,0.054688,0.094557,0.00368,0.004408
0,-1.480814,-0.141357,0.083558,0.091828,0.033762,0.05038,0.002342,0.002467
0,-1.076379,-0.052886,0.417594,0.091474,0.420429,0.081864,0.004717,0.000923
0,-0.947094,-0.091799,0.108886,-0.048776,0.060409,-0.051317,0.004778,0.001602
0,-0.735144,-0.326986,0.229962,-0.258514,0.227228,-0.211607,0.001079,0.005707
0,-0.496189,-0.162721,0.248462,0.181774,0.221834,0.16059,0.003092,0.00284
0,-0.30761,-0.170373,0.201138,-0.022986,0.202643,-0.046405,0.005369,0.002974
0,0.026382,-0.251538,0.314061,-0.067932,0.324696,-0.092914,0.00046,0.00439
0,0.26169,-0.29308,0.259452,-0.052225,0.262006,-0.012214,0.004567,0.005115
0,0.242291,-0.112079,-0.010767,0.161213,0.016585,0.18935,0.004229,0.001956
0,0.261961,-0.224745,0.040914,-0.136828,-0.003728,-0.104532,0.004572,0.003923
0,0.314755,-0.065846,0.034927,0.168279,0.07599,0.166128,0.005494,0.001149
0,0.213697,-0.151434,-0.106068,-0.076156,-0.153679,-0.086411,0.00373,0.002643
0,0.258837,-0.238576,0.056885,-0.084158,0.009318,-0.101771,0.004518,0.004164
0,0.50122,-0.19021,0.260547,0.055134,0.262411,0.034991,0.003004,0.00332
0,0.376657,-0.142392,-0.097703,0.030904,-0.089467,0.071213,0.005178,0.002485
0,0.095947,-0.093584,-0.2705,0.04103,-0.31838,-0.00755,0.001675,0.001633
0,0.192713,-0.140519,0.113127,-0.070707,0.084766,-0.025076,0.003363,0.002453
0,0.089704,-0.340025,-0.100105,-0.200156,-0.076561,-0.242351,0.001566,0.005817
0,-0.019241,-0.228246,-0.121293,0.084554,-0.168989,0.039541,0.000336,0.003984
0,-0.081555,-0.017133,-0.060976,0.241038,-0.021958,0.274358,0.001423,0.000299
0,-0.1082,-0.09591,-0.02944,-0.053205,-0.037005,-0.099389,0.001888,0.001674
0,-0.136421,0.044145,-0.049091,0.143447,-0.020686,0.101722,0.002381,0.00077
0,0.007892,-0.076634,0.135956,-0.091454,0.113297,-0.121487,0.000138,0.001338
0,0.136527,0.042042,0.127237,0.142605,0.097575,0.175966,0.002383,0.000734
0,0.068255,-0.182631,-0.041204,-0.194719,-0.032294,-0.150239,0.001191,0.003188
0,0.046164,-0.072537,-0.025913,0.081141,0.021465,0.109689,0.000806,0.001266
0,-0.135285,-0.136752,-0.199352,-0.056616,-0.215225,-0.072636,0.002361,0.002387
0,-0.024225,0.044021,0.113047,0.191604,0.096091,0.178644,0.000423,0.000768
0,0.065922,-0.022941,0.07168,-0.039779,0.038589,-0.068833,0.001151,0.0004
0,0.015188,-0.051436,-0.029514,-0.028743,-0.063809,-0.075165,0.000265,0.000898
0,0.120698,0.095568,0.126426,0.175616,0.145531,0.160938,0.002107,0.001668
0,-0.126067,-0.112038,-0.261013,-0.222267,-0.29061,-0.244188,0.0022,0.001955
0,0.114106,-0.068555,0.238805,0.015082,0.252047,0.001183,0.001992,0.001197
0,0.141416,0.086097,-0.00067,0.176683,0.003628,0.223049,0.002468,0.001503
0,0.184096,-0.106206,0.052736,-0.166554,0.017836,-0.174262,0.003213,0.001854
0,-0.029732,-0.066092,-0.196138,0.049896,-0.225313,0.009159,0.000519,0.001154
0,-0.022703,-0.142686,0.034989,-0.076607,0.07565,-0.042888,0.000396,0.00249
0,0.112029,-0.013316,0.107396,0.108335,0.102984,0.071382,0.001955,0.000232
0,-0.100303,0.088272,-0.187018,0.11315,-0.178413,0.122255,0.001751,0.001541
0,0.0211,-0.02982,0.123783,-0.121701,0.11318,-0.135132,0.000368,0.00052
0,0.086399,0.092409,0.091683,0.143507,0.098863,0.171543,0.001508,0.001613
0,-0.112346,0.114031,-0.174859,0.029606,-0.130972,0.01624,0.001961,0.00199
0,0.10918,0.047143,0.200143,-0.040257,0.164958,-0.052998,0.001906,0.000823
0,-0.153145,-0.080294,-0.273441,-0.105362,-0.286493,-0.105162,0.002673,0.001401
0,-0.143341,-0.08018,-0.00479,-0.004306,-0.020931,-0.053897,0.002502,0.001399
0,-0.08232,-0.048204,0.057543,0.025718,0.018009,0.021249,0.001437,0.000841
0,-0.202766,-0.048403,-0.097453,0.001761,-0.089629,0.048366,0.003539,0.000845
0,0.042298,0.095006,0.267657,0.138838,0.269765,0.161159,0.000738,0.001658
0,-0.02497,-0.051094,-0.047563,-0.172944,-0.036663,-0.166888,0.000436,0.000892
0,-0.136593,-0.013781,-0.106569,0.043701,-0.143097,0.013994,0.002384,0.000241
0,-0.164613,0.023712,-0.041057,0.028614,-0.084679,0.06667,0.002873,0.000414
0,-0.036185,0.009095,0.131799,0.001776,0.152206,-0.015418,0.000632,0.000159
0,-0.226476,-0.060876,-0.162173,-0.070593,-0.176676,-0.108357,0.003953,0.001062
0,-0.195395,-0.042926,0.060539,0.033149,0.019768,0.072102,0.00341,0.000749
0,-0.020828,0.001657,0.155336,0.020114,0.164379,0.03783,0.000364,2.9e-05
0,-0.229768,0.206746,-0.210688,0.206002,-0.212686,0.221416,0.00401,0.003608
0,-0.053857,-0.10224,0.194981,-0.307854,0.216725,-0.343586,0.00094,0.001784
0,-0.198466,0.012294,-0.120149,0.100081,-0.153438,0.110104,0.003464,0.000215
0,-0.03899,-0.049323,0.154448,-0.071165,0.112041,-0.03012,0.000681,0.000861
0,-0.047688,-0.105747,-0.001205,-0.042786,-0.032476,-0.025074,0.000832,0.001846
0,0.005925,0.019111,0.02512,0.107806,0.0327,0.10759,0.000103,0.000334
0,-0.184225,0.099703,-0.162473,0.110428,-0.142862,0.135275,0.003215,0.00174
0,-0.249306,0.110354,-0.061729,0.028813,-0.043088,-0.019089,0.004351,0.001926
0,-0.146555,0.13244,0.07886,0.005223,0.075873,0.033001,0.002558,0.002312
0,-0.240968,0.14257,-0.121387,0.029095,-0.084653,0.013829,0.004206,0.002488
0,-0.218326,-0.07999,0.031158,-0.230333,0.022477,-0.232163,0.003811,0.001396
0,-0.209885,-0.102466,0.026657,-0.04527,-0.018239,-0.04813,0.003663,0.001788
0,-0.070471,-0.118433,0.143196,-0.022792,0.102837,0.011897,0.00123,0.002067
0,-0.14021,0.023434,-0.048193,0.15529,-0.06991,0.161267,0.002447,0.000409
0,-0.128267,-0.060041,0.039998,-0.069897,0.074984,-0.073581,0.002239,0.001048
0,-0.13058,0.04501,-0.012185,0.106653,0.021382,0.122355,0.002279,0.000786
0,-0.158257,-0.047076,-0.041087,-0.099025,-0.081866,-0.07238,0.002762,0.000822
0,-0.238636,-0.030864,-0.082153,0.019426,-0.096809,0.044548,0.004165,0.000539
0,-0.204381,0.151831,0.062472,0.163031,0.092237,0.161677,0.003567,0.00265
0,-0.22991,-0.036244,0.000675,-0.171314,0.04734,-0.125631,0.004013,0.000633
0,-0.232293,0.027773,0.002761,0.085743,-0.040926,0.077252,0.004054,0.000485
0,-0.006456,0.012027,0.202967,-0.040698,0.198761,-0.043823,0.000113,0.00021
0,0.053342,0.107105,0.071477,0.114393,0.058212,0.140377,0.000931,0.001869
0,-0.020591,-0.124989,-0.101004,-0.250196,-0.103509,-0.221231,0.000359,0.002181
0,0.012523,-0.056252,0.055334,0.060467,0.045677,0.0887,0.000219,0.000982
0,0.046046,-0.029908,0.033178,0.046233,-0.008407,0.0117,0.000804,0.000522
0,-0.131991,0.093016,-0.202757,0.118461,-0.178972,0.084798,0.002304,0.001623
0,0.040804,0.095653,0.159502,0.010443,0.201403,0.057298,0.000712,0.001669
0,0.028165,0.093205,0.012467,-0.016047,0.016977,-0.027103,0.000492,0.001627
0,0.04104,-0.11499,0.001315,-0.210164,0.045247,-0.18962,0.000716,0.002007
0,-0.142232,0.117944,-0.210625,0.230003,-0.187175,0.259393,0.002482,0.002059
0,0.004714,-0.09689,0.142452,-0.198129,0.181705,-0.189663,8.2e-05,0.001691
0,-0.015311,0.16443,-0.016752,0.27437,-0.032755,0.289982,0.000267,0.00287
0,-0.175029,-0.060328,-0.154944,-0.229472,-0.128433,-0.214826,0.003055,0.001053
0,0.279157,-1.155864,0.433014,-1.073164,0.391107,-1.095397,0.004872,0.00333
0,0.2242,-2.307044,-0.052844,-1.145783,-0.080366,-1.146807,0.003913,0.00501
0,0.398023,-2.473232,0.148166,-0.173697,0.103432,-0.185546,0.004805,0.003841
0,0.360736,-1.91452,-0.056195,0.534553,-0.022947,0.552165,0.005456,0.00184
0,0.422278,-1.606531,0.078696,0.287444,0.063357,0.280257,0.004382,0.004536
0,0.255039,-1.203715,-0.149882,0.380528,-0.106556,0.39923,0.004451,0.002495
0,0.341421,-0.893525,0.081532,0.290913,0.065105,0.338602,0.005793,0.003843
0,0.133324,-0.804761,-0.233034,0.112936,-0.27499,0.101558,0.002327,0.002294
0,-0.069409,-0.600821,-0.174559,0.199057,-0.178444,0.161896,0.001211,0.001265
0,-0.200056,-0.509215,-0.118714,0.102327,-0.145863,0.058096,0.003492,0.002864
0,-0.162667,-0.454416,0.026865,0.051878,0.045,0.007747,0.002839,0.003821
0,-0.249037,0.080202,-0.100559,0.527664,-0.126289,0.499168,0.004347,0.0014
0,-0.138112,0.038216,0.122841,-0.052561,0.165822,-0.074721,0.002411,0.000667
0,0.007818,0.246353,0.147669,0.230284,0.150709,0.231776,0.000136,0.0043
0,-0.064491,0.126633,-0.074595,-0.092351,-0.027851,-0.081652,0.001126,0.00221
0,-0.203,0.157911,-0.137097,0.04652,-0.087698,0.001818,0.003543,0.002756
0,-0.219601,0.04629,0.002951,-0.094747,-0.029771,-0.117852,0.003833,0.000808
0,-0.281759,0.248527,-0.0635,0.199056,-0.106518,0.15878,0.004918,0.004338
0,-0.224108,0.201946,0.074432,-0.032129,0.029333,0.009113,0.003911,0.003525
0,-0.104965,0.115882,0.110342,-0.108908,0.106077,-0.116786,0.001832,0.002023
0,-0.250478,0.118643,-0.117452,-0.017955,-0.090112,0.002169,0.004372,0.002071
0,-0.048649,0.290147,0.230102,0.196939,0.259449,0.173488,0.000849,0.005064
0,-0.214337,0.135098,-0.170593,-0.165988,-0.210476,-0.11873,0.003741,0.002358
0,-0.016189,0.184285,0.219879,0.056522,0.257804,0.019098,0.000283,0.003216
0,-0.194552,0.17825,-0.20338,0.010399,-0.204422,0.03818,0.003396,0.003111
0,-0.147897,0.136027,0.019682,-0.046432,0.023124,-0.037758,0.002581,0.002374
0,-0.118315,0.046332,0.014804,-0.094441,0.038147,-0.057385,0.002065,0.000809
0,-0.090138,0.173387,0.007291,0.102039,-0.017828,0.115925,0.001573,0.003026
0,-0.115257,0.252353,-0.01206,0.089264,-0.030259,0.092231,0.002012,0.004404
0,-0.044956,0.297158,0.069061,0.032852,0.064486,0.008683,0.000785,0.005186
0,-0.145252,0.109119,-0.077697,-0.160159,-0.063209,-0.205007,0.002535,0.001904
0,-0.160483,0.280642,-0.036237,0.175834,-0.053694,0.206766,0.002801,0.004898
0,-0.180414,0.231618,-0.04376,-0.069719,-0.074273,-0.063102,0.003149,0.004042
0,-0.174633,0.353977,0.035236,0.147866,0.0225,0.1912,0.003048,0.005574
0,-0.175768,0.217809,0.014776,-0.107806,0.043668,-0.130506,0.003068,0.003801
0,-0.271587,0.154196,-0.120637,-0.081792,-0.125459,-0.113615,0.00474,0.002691
0,-0.006852,0.126579,0.278122,-0.015607,0.324024,0.032903,0.00012,0.002209
0,-0.112079,0.078852,-0.119581,-0.036476,-0.121117,0.010418,0.001956,0.001376
0,-0.143912,-0.014127,-0.010711,-0.100193,-0.050731,-0.101475,0.002512,0.000247
0,-0.229535,0.104192,-0.073296,0.094186,-0.023745,0.09726,0.004006,0.001818
0,-0.181182,-0.009348,0.032994,-0.109754,0.010814,-0.157517,0.003162,0.000163
0,-0.063183,0.074473,0.109613,0.107048,0.088587,0.114315,0.001103,0.0013
0,-0.025203,0.080742,0.047912,-0.017061,0.034781,-0.063357,0.00044,0.001409
0,-0.277429,0.070506,-0.277659,0.013929,-0.250173,-0.001522,0.004842,0.001231
0,-0.231714,0.108946,0.05922,0.047782,0.036657,0.034219,0.004044,0.001901
0,-0.240218,-0.109423,-0.025667,-0.239885,0.006002,-0.237456,0.004193,0.00191
0,-0.015974,0.095041,0.224983,0.208566,0.227195,0.251057,0.000279,0.001659
0,0.081635,0.029789,0.078352,-0.068863,0.085125,-0.038274,0.001425,0.00052
0,0.083272,-0.077092,-0.016834,-0.096502,-0.058678,-0.067902,0.001453,0.001346
0,-0.07085,0.165755,-0.143479,0.232149,-0.182657,0.243776,0.001237,0.002893
0,-0.151537,0.041518,-0.051487,-0.141623,-0.03917,-0.168641,0.002645,0.000725
0,0.002754,0.011943,0.128839,-0.007756,0.170702,-0.056971,4.8e-05,0.000208
0,0.009369,0.137971,0.025724,0.129358,-0.003197,0.114529,0.000164,0.002408
0,-0.08444,-0.01728,-0.105691,-0.136928,-0.091201,-0.133375,0.001474,0.000302
0,0.104338,0.024927,0.213916,0.069078,0.245261,0.045602,0.001821,0.000435
0,-0.031357,0.181368,-0.139291,0.126585,-0.16115,0.116385,0.000547,0.003165
0,-0.145502,0.16053,-0.086681,0.005483,-0.040991,-0.000479,0.002539,0.002802
0,-0.107199,-0.011196,0.057945,-0.168537,0.028439,-0.131769,0.001871,0.000195
0,-0.18135,-0.071503,-0.062448,-0.068068,-0.023244,-0.019027,0.003165,0.001248
0,-0.08852,-0.025287,0.111095,0.049968,0.099396,0.050034,0.001545,0.000441
0,-0.041019,0.132733,0.074495,0.154156,0.073066,0.159959,0.000716,0.002317
0,0.118005,-0.036337,0.145449,-0.162698,0.108624,-0.199214,0.00206,0.000634
0,-0.12597,0.135521,-0.256108,0.183605,-0.269358,0.164231,0.002199,0.002365
0,-0.144312,0.125349,-0.00435,-0.038918,-0.045201,-0.015423,0.002519,0.002188
0,0.090679,0.044463,0.260022,-0.077808,0.250803,-0.110473,0.001583,0.000776
0,0.115671,0.036256,0.016624,0.019637,0.02627,0.069582,0.002019,0.000633
0,-0.048963,-0.025169,-0.161561,-0.063828,-0.189641,-0.067904,0.000855,0.000439
0,0.078999,0.086065,0.131,0.084772,0.110942,0.1187,0.001379,0.001502
0,-0.043805,0.105923,-0.143508,0.047498,-0.145462,0.038696,0.000765,0.001849
0,0.09158,-0.099539,0.144812,-0.231489,0.145582,-0.280871,0.001598,0.001737
0,-0.079616,0.082212,-0.190441,0.168892,-0.165992,0.145933,0.00139,0.001435
0,-0.090064,0.097559,0.00526,-0.007725,-0.033188,0.033236,0.001572,0.001703
0,0.134798,-0.144817,0.226167,-0.248023,0.272034,-0.241624,0.002353,0.002528
0,0.143717,0.007413,0.011923,0.160427,0.043572,0.153545,0.002508,0.000129
0,0.020737,-0.085397,-0.137979,-0.092103,-0.124322,-0.058889,0.000362,0.00149
0,-0.035331,-0.066166,-0.044813,0.005623,-0.063684,0.046135,0.000617,0.001155
0,0.082094,0.146443,0.116834,0.235365,0.069142,0.257244,0.001433,0.002556
0,0.084841,0.003265,0.013966,-0.118085,-0.001523,-0.147576,0.001481,5.7e-05
0,-0.177379,-0.086244,-0.284665,-0.105046,-0.267765,-0.072378,0.003096,0.001505
0,0.078727,0.050845,0.245513,0.14617,0.238374,0.192008,0.001374,0.000887
0,0.059472,0.012259,-0.022812,-0.054124,0.004333,-0.094627,0.001038,0.000214
0,-0.061796,0.149589,-0.129231,0.118222,-0.169611,0.164333,0.001079,0.002611
0,0.134728,0.104606,0.185301,-0.067499,0.231235,-0.108016,0.002351,0.001826
0,0.06454,0.120309,-0.065136,-0.005453,-0.037466,-0.037282,0.001126,0.0021
0,0.155357,-0.036281,0.077942,-0.181634,0.101326,-0.22563,0.002711,0.000633
0,0.163975,0.116531,0.000697,0.132151,0.032656,0.085262,0.002862,0.002034
0,0.028654,0.087955,-0.16003,-0.028796,-0.146092,0.019882,0.0005,0.001535
0,-0.052649,-0.012538,-0.063955,-0.088288,-0.01678,-0.116193,0.000919,0.000219
0,0.130669,0.024317,0.159212,0.044317,0.166959,0.033744,0.002281,0.000424
0,0.088299,0.0475,-0.026236,0.023555,0.015417,0.03479,0.001541,0.000829
0,0.11843,-0.029361,0.007495,-0.072676,0.057082,-0.037553,0.002067,0.000512
0,0.101413,-0.109946,-0.020424,-0.052574,-0.043482,-0.016152,0.00177,0.001919
0,-0.103659,0.056245,-0.234107,0.177467,-0.276808,0.142234,0.001809,0.000982
0,-0.145338,0.108048,-0.046095,0.040357,-0.031081,-0.006052,0.002537,0.001886
0,0.070775,0.010958,0.18729,-0.073901,0.169656,-0.054156,0.001235,0.000191
0,-0.072102,0.10081,-0.131089,0.098815,-0.129085,0.129863,0.001258,0.001759
0,-0.24406,0.095711,-0.165384,-0.031935,-0.145791,-0.016697,0.00426,0.00167
0,0.007712,-0.067901,0.250165,-0.140924,0.208647,-0.174144,0.000135,0.001185
0,-0.079281,0.036005,-0.106219,0.112488,-0.056966,0.159455,0.001384,0.000628
0,-0.115328,-0.069128,-0.060994,-0.10461,-0.094937,-0.134268,0.002013,0.001207
0,0.026531,-0.00015,0.161349,0.062902,0.151503,0.044789,0.000463,3e-06
0,0.119889,-0.096166,0.093341,-0.090449,0.10073,-0.103118,0.002092,0.001678
0,0.018132,-0.052029,-0.098254,0.028584,-0.061268,0.004128,0.000316,0.000908
0,0.041804,-0.108218,0.038448,-0.074667,0.042223,-0.052885,0.00073,0.001889
0,0.048013,0.045463,-0.0175,0.172074,0.026564,0.133523,0.000838,0.000793
0,-0.181873,0.09607,-0.200513,0.079932,-0.244737,0.113543,0.003174,0.001677
0,-0.020109,-0.154621,0.159023,-0.26043,0.168833,-0.276412,0.000351,0.002699
0,-0.111555,-0.055048,-0.104006,0.122273,-0.153438,0.162116,0.001947,0.000961
0,-0.045744,0.080176,0.043394,0.137451,0.029789,0.173273,0.000798,0.001399
0,-0.016422,-0.091968,0.055258,-0.192882,0.098287,-0.165106,0.000287,0.001605
0,-0.110645,0.060188,-0.098738,0.123888,-0.080049,0.148117,0.001931,0.00105
0,0.114268,-0.143577,0.201287,-0.220308,0.22785,-0.221989,0.001994,0.002506
0,-0.072177,-0.045162,-0.190273,0.097579,-0.164251,0.117478,0.00126,0.000788
0,-0.046087,0.029417,0.021296,0.083148,0.003249,0.083383,0.000804,0.000513
0,0.080584,-0.145561,0.140049,-0.160913,0.183422,-0.179633,0.001406,0.002541
0,0.017008,-0.124161,-0.060047,0.012168,-0.095003,-0.028034,0.000297,0.002167
0,-0.023634,0.037883,-0.059587,0.170966,-0.055219,0.14197,0.000412,0.000661
0,-0.178201,-0.076158,-0.176681,-0.12173,-0.145421,-0.170322,0.00311,0.001329
0,-0.181966,0.058759,0.004409,0.107481,-0.027748,0.062863,0.003176,0.001026
0,0.019403,-0.066884,0.219983,-0.103428,0.255737,-0.085146,0.000339,0.001167
0,0.022095,-0.166607,0.013223,-0.122463,0.053761,-0.112962,0.000386,0.002908
0,0.018143,-0.001119,-0.031132,0.16562,-0.028022,0.16882,0.000317,2e-05
0,-0.101602,-0.071166,-0.112367,-0.078851,-0.068732,-0.098544,0.001773,0.001242
0,0.11011,-0.194435,0.198326,-0.151992,0.167007,-0.138476,0.001922,0.003394
0,-0.113214,-0.110866,-0.207344,0.061322,-0.185041,0.099319,0.001976,0.001935
0,-0.14103,0.041505,-0.009727,0.12578,0.014366,0.14884,0.002461,0.000724
0,0.02659,0.021139,0.185802,-0.021244,0.145569,0.020129,0.000464,0.000369
0,0.144336,-0.029341,0.134048,-0.054031,0.179786,-0.036163,0.002519,0.000512
0,0.114862,0.049957,-0.011158,0.081428,-0.035887,0.034436,0.002005,0.000872
0,0.132851,-0.152279,0.003129,-0.201086,0.025137,-0.207325,0.002319,0.002658
0,-0.147215,-0.072923,-0.26842,0.077225,-0.315733,0.061949,0.002569,0.001273
0,-0.082525,-0.098061,0.072855,-0.019828,0.102778,-0.053135,0.00144,0.001711
0,-0.048643,0.035469,0.053054,0.103692,0.027222,0.130498,0.000849,0.000619
0,-0.095574,0.136603,-0.050219,0.105165,-0.023001,0.084992,0.001668,0.002384
0,-0.218943,-0.105537,-0.111055,-0.240682,-0.094631,-0.270836,0.003821,0.001842
0,-0.066378,0.016486,0.142941,0.121627,0.179353,0.072152,0.001159,0.000288
0,0.008293,-0.040886,0.047492,-0.044862,0.04481,-0.091857,0.000145,0.000714
0,-0.18265,0.024759,-0.16373,0.043551,-0.16421,0.076565,0.003188,0.000432
0,-0.008483,0.129291,0.200786,0.124091,0.216974,0.161962,0.000148,0.002257
0,-0.255302,0.077962,-0.227098,-0.050623,-0.198598,-0.012502,0.004456,0.001361
0,-0.206396,0.110159,0.067534,0.003217,0.035991,0.047271,0.003602,0.001923
0,-0.215167,-0.114835,0.013273,-0.216932,0.031862,-0.219555,0.003755,0.002004
0,-0.26399,-0.121958,-0.034468,0.022267,-0.043224,0.00577,0.004607,0.002129
0,-0.290877,-0.09101,-0.002968,0.020913,-0.038555,-0.022571,0.005077,0.001588
0,-0.284467,0.112625,0.003063,0.204707,-0.032092,0.23413,0.004965,0.001966
0,-0.260642,0.079475,0.026957,-0.028802,0.069814,-0.009446,0.004549,0.001387
0,0.001202,0.156851,0.273728,0.068067,0.232013,0.056488,2.1e-05,0.002738
0,-0.258029,0.025035,-0.271706,-0.1448,-0.300281,-0.171132,0.004503,0.000437
0,-0.049591,-0.105684,0.18647,-0.135367,0.205755,-0.132565,0.000866,0.001845
0,-0.192773,0.189142,-0.132948,0.324676,-0.086501,0.312364,0.003365,0.003301
0,-0.135259,-0.084703,0.050093,-0.270588,0.065615,-0.231926,0.002361,0.001478
0,-0.138848,0.017407,0.013529,0.105851,0.047099,0.089047,0.002423,0.000304
0,-0.164825,0.000191,-0.001697,0.009066,0.004219,0.040215,0.002877,3e-06
0,-0.063779,0.122181,0.104949,0.133309,0.07553,0.088603,0.001113,0.002132
0,-0.202624,0.162359,-0.130509,0.022857,-0.105546,0.044604,0.003536,0.002834
0,-0.104737,0.098493,0.097122,-0.04004,0.049205,-0.073722,0.001828,0.001719
0,-0.246432,0.084691,-0.166314,-0.001922,-0.128373,0.014846,0.004301,0.001478
0,-0.177409,0.007986,0.089309,-0.067149,0.045892,-0.023595,0.003096,0.000139
0,-0.161147,-0.047196,0.026655,-0.054214,0.020572,-0.022421,0.002813,0.000824
0,-0.093981,0.00898,0.057709,0.071576,0.077422,0.042077,0.00164,0.000157
0,-0.241913,-0.086347,-0.161198,-0.119406,-0.205324,-0.119871,0.004222,0.001507
0,-0.235819,0.166472,0.030827,0.260118,0.023275,0.243442,0.004116,0.002905
0,-0.163863,0.139029,0.08449,-0.026175,0.12707,-0.004708,0.00286,0.002427
0,-0.310871,-0.112435,-0.164556,-0.248316,-0.192453,-0.259981,0.005426,0.001962
0,-0.279843,-0.03077,0.046295,0.052474,0.081105,0.03915,0.004884,0.000537
0,-0.080999,0.169368,0.199429,0.230071,0.17666,0.230061,0.001414,0.002956
0,-0.074354,0.200368,0.027256,0.049333,-0.000159,0.05173,0.001298,0.003497
0,-0.01097,-0.062774,0.061699,-0.257506,0.076915,-0.235115,0.000191,0.001096
0,-0.131365,0.185591,-0.107931,0.257753,-0.109511,0.302612,0.002293,0.003239
0,-0.223742,0.042868,-0.082474,-0.136,-0.121421,-0.164875,0.003905,0.000748
0,-0.161108,-0.107206,0.087723,-0.168526,0.05695,-0.192146,0.002812,0.001871
0,-0.181642,0.1124,-0.043957,0.201561,-0.047937,0.212895,0.00317,0.001962
0,-0.19895,0.001348,0.002901,-0.095407,-0.041481,-0.112553,0.003472,2.4e-05
0,-0.28172,-0.035901,-0.064597,-0.063393,-0.014681,-0.084591,0.004917,0.000627
0,-0.098329,-0.123466,0.157881,-0.096212,0.110347,-0.134679,0.001716,0.002155
0,-0.124745,-0.015295,-0.051003,0.096607,-0.029249,0.055952,0.002177,0.000267
0,-0.213873,-0.058477,-0.110683,-0.017153,-0.100447,-0.064396,0.003733,0.001021
0,-0.183371,-0.090461,0.019237,-0.033025,0.010274,-0.074084,0.0032,0.001579
0,-0.015312,0.080723,0.195696,0.182433,0.240294,0.138937,0.000267,0.001409
0,-0.031877,-0.049647,-0.019594,-0.121543,-0.051624,-0.116895,0.000556,0.000867
0,-0.116834,-0.083161,-0.083125,-0.055459,-0.073374,-0.100946,0.002039,0.001451
0,-0.025346,0.090727,0.075928,0.172412,0.114344,0.157164,0.000442,0.001583
0,-0.237834,-0.065446,-0.194766,-0.162036,-0.217579,-0.113495,0.004151,0.001142
0,-0.020974,-0.018897,0.189399,0.070908,0.146566,0.086639,0.000366,0.00033
0,0.019731,0.103603,0.02073,0.12272,0.039798,0.132817,0.000344,0.001808
0,-0.029126,-0.124326,-0.053702,-0.213701,-0.053123,-0.215471,0.000508,0.00217
0,0.112749,-0.087672,0.12041,0.026006,0.087045,0.008995,0.001968,0.00153
0,0.049059,-0.142834,-0.064415,-0.069016,-0.066161,-0.024912,0.000856,0.002493
0,0.082215,0.122799,0.041018,0.291312,0.049882,0.26832,0.001435,0.002143
0,-0.11275,-0.138066,-0.222034,-0.233206,-0.206093,-0.183376,0.001968,0.00241
0,-0.061758,-0.167983,0.077668,-0.002633,0.085869,0.020027,0.001078,0.002932
0,-0.01998,-0.029254,0.029171,0.144061,0.060786,0.115849,0.000349,0.000511
0,-0.064142,0.081315,-0.060023,0.138479,-0.088056,0.148691,0.001119,0.001419
0,-0.007958,-0.143946,0.042726,-0.210016,0.08472,-0.235082,0.000139,0.002512
0,-0.111319,-0.142308,-0.098112,-0.020144,-0.069549,0.010415,0.001943,0.002484
0,0.039934,-0.124232,0.148976,0.033413,0.103594,0.019057,0.000697,0.002168
0,-0.011943,0.110975,-0.038467,0.207752,0.00911,0.159306,0.000208,0.001937
0,0.006248,-0.120628,0.000253,-0.228625,0.002402,-0.205484,0.000109,0.002105
0,0.015934,0.07437,-0.015347,0.207886,-0.015465,0.19587,0.000278,0.001298
0,0.062236,0.139214,0.056846,0.069326,0.015543,0.103401,0.001086,0.00243
0,-0.057556,0.035965,-0.106107,-0.109441,-0.102153,-0.122326,0.001005,0.000628
0,-0.115269,0.106647,-0.06694,0.075693,-0.084618,0.062728,0.002012,0.001861
0,-0.03858,-0.112935,0.055107,-0.24139,0.08519,-0.22943,0.000673,0.001971
0,-0.149991,-0.100285,-0.099605,0.008732,-0.064549,-0.006791,0.002618,0.00175
0,0.032158,0.067053,0.193238,0.157923,0.194943,0.114851,0.000561,0.00117
0,-0.116373,0.110311,-0.150673,0.040809,-0.128903,0.037079,0.002031,0.001925
0,-0.095245,0.101534,0.024555,0.01827,-0.01218,-0.010558,0.001662,0.001772
0,0.018715,0.003601,0.101602,-0.114326,0.104566,-0.07428,0.000327,6.3e-05
0,-0.163318,-0.074412,-0.210611,-0.094863,-0.160724,-0.059506,0.00285,0.001299
0,-0.055793,-0.030422,0.114528,0.043615,0.085746,0.086212,0.000974,0.000531
0,-0.188734,-0.110134,-0.126049,-0.092697,-0.128467,-0.049382,0.003294,0.001922
0,0.026777,-0.124704,0.229464,-0.016746,0.200107,-0.058789,0.000467,0.002176
0,0.018367,-0.046782,-0.03585,0.099454,-0.068737,0.121214,0.000321,0.000817
0,-0.150019,-0.078366,-0.150409,-0.055806,-0.159208,-0.088924,0.002618,0.001368
0,-0.217503,0.02595,-0.040293,0.104938,-0.014442,0.154221,0.003796,0.000453
0,0.00445,-0.10084,0.224993,-0.135563,0.199038,-0.149769,7.8e-05,0.00176
0,-0.027153,0.03121,-0.018702,0.14748,0.011019,0.165091,0.000474,0.000545
0,-0.213835,-0.063657,-0.198069,-0.115241,-0.158821,-0.100045,0.003732,0.001111
0,-0.234453,-0.104245,0.003002,-0.055083,0.043822,-0.007065,0.004092,0.001819
0,-0.184876,-0.121159,0.072482,-0.001393,0.034607,-0.019547,0.003227,0.002115
0,-0.029153,0.096391,0.172995,0.198685,0.216894,0.214745,0.000509,0.001682
0,-0.205997,0.095885,-0.166895,0.01906,-0.191389,0.008056,0.003595,0.001674
0,0.01588,0.070913,0.229658,-0.018694,0.19948,-0.008995,0.000277,0.001238
0,0.067268,0.139922,0.049082,0.097279,0.062186,0.071597,0.001174,0.002442
0,-0.005678,-0.056961,-0.081432,-0.194455,-0.070919,-0.212326,9.9e-05,0.000994
0,0.036813,-0.114948,0.02804,-0.045762,-0.005284,-0.028325,0.000643,0.002006
0,0.146533,-0.01503,0.137421,0.1165,0.12405,0.103883,0.002557,0.000262
0,0.06709,0.131978,-0.084031,0.124877,-0.037922,0.169185,0.001171,0.002303
0,-0.007441,0.063719,-0.094867,-0.082669,-0.087588,-0.071555,0.00013,0.001112
0,0.059524,0.070844,0.049198,-0.014297,0.005333,-0.002524,0.001039,0.001236
0,0.012865,0.127895,-0.039899,0.055358,-0.084629,0.100914,0.000225,0.002232
0,-0.000762,-0.105584,-0.005368,-0.226716,0.020806,-0.176998,1.3e-05,0.001843
0,0.095163,-0.059091,0.086622,0.04554,0.062567,0.007915,0.001661,0.001031
0,-0.130236,0.150051,-0.230467,0.202059,-0.209852,0.237437,0.002273,0.002619
0,-0.026807,0.174617,0.080149,0.041258,0.056331,0.053015,0.000468,0.003048
0,-0.020474,0.061105,-0.008809,-0.133178,0.035519,-0.142998,0.000357,0.001066
0,-0.005287,0.040043,0.002993,-0.031773,-0.042076,-0.001955,9.2e-05,0.000699
0,-0.049758,-0.137206,-0.039996,-0.147648,-0.067881,-0.133012,0.000868,0.002395
0,-0.081399,0.015385,-0.061568,0.144357,-0.055513,0.188438,0.001421,0.000269
0,-0.126215,-0.156373,-0.052051,-0.190949,-0.086824,-0.216292,0.002203,0.002729
0,-0.117835,0.080861,-0.001089,0.242341,-0.02882,0.281499,0.002057,0.001411
0,-0.001213,-0.081531,0.103249,-0.186227,0.078494,-0.208586,2.1e-05,0.001423
0,-0.073527,0.103759,-0.04696,0.191481,-0.044997,0.208826,0.001283,0.001811
0,-0.128843,0.129382,-0.043137,0.041687,-0.0145,0.0269,0.002249,0.002258
0,-0.018781,0.009217,0.119091,-0.114431,0.157911,-0.158938,0.000328,0.000161
0,0.039767,0.153137,0.059178,0.126711,0.021207,0.148109,0.000694,0.002673
0,0.060365,0.015844,0.043024,-0.167217,0.031735,-0.148291,0.001054,0.000277
0,-0.179363,0.091914,-0.222384,0.098719,-0.222554,0.060698,0.00313,0.001604
0,-0.086526,0.067938,0.092672,-0.032492,0.08052,0.002858,0.00151,0.001186
0,-0.048059,-0.011458,0.057684,-0.10683,0.016691,-0.073625,0.000839,0.0002
0,0.06936,-0.0935,0.120885,-0.057504,0.139475,-0.032997,0.001211,0.001632
0,-0.06378,0.000239,-0.154397,0.113019,-0.137112,0.13717,0.001113,4e-06
0,-0.040645,0.120081,0.019557,0.131062,0.010769,0.126886,0.000709,0.002096
0,0.061835,-0.079171,0.080463,-0.202113,0.12751,-0.248083,0.001079,0.001382
0,-0.15643,-0.147844,-0.237065,-0.083275,-0.279636,-0.08391,0.00273,0.00258
0,-0.153063,-0.053758,0.003286,0.10576,0.00304,0.080073,0.002671,0.000938
0,0.079795,0.054783,0.21534,0.121662,0.242032,0.162808,0.001393,0.000956
0,-0.103419,0.129127,-0.153426,0.101307,-0.198452,0.118001,0.001805,0.002254
0,-0.146641,0.071325,-0.030126,-0.048618,-0.062679,-0.051497,0.002559,0.001245
0,-0.182455,-0.013719,-0.062038,-0.065847,-0.044413,-0.060576,0.003184,0.000239
0,-0.055719,-0.140907,0.117716,-0.154744,0.117282,-0.138517,0.000972,0.002459
0,-0.060367,0.055867,0.022219,0.167547,0.061701,0.127415,0.001054,0.000975
0,-0.248356,-0.138172,-0.210415,-0.200004,-0.23296,-0.202627,0.004335,0.002412
0,-0.092506,-0.013641,0.161189,0.121765,0.156672,0.147762,0.001615,0.000238
0,0.011004,0.057022,0.089965,0.098029,0.114375,0.114783,0.000192,0.000995
0,-0.009006,-0.106854,-0.029447,-0.178512,0.015386,-0.159909,0.000157,0.001865
0,-0.110675,-0.040631,-0.075259,0.047248,-0.112759,0.048541,0.001932,0.000709
0,-0.082104,-0.033872,0.014161,0.008434,-0.031205,-0.013968,0.001433,0.000591
0,-0.113235,-0.05453,-0.052476,-0.016255,-0.055735,-0.034492,0.001976,0.000952
0,-0.236719,-0.08399,-0.129223,-0.021122,-0.106647,-0.022178,0.004132,0.001466
0,-0.223949,-0.044696,-0.008942,0.015457,-0.022515,0.004533,0.003909,0.00078
0,-0.213188,-0.124225,-0.007481,-0.069302,-0.034855,-0.112133,0.003721,0.002168
0,-0.17342,-0.161002,0.059441,-0.065766,0.071901,-0.043262,0.003027,0.00281
0,-0.141077,0.114713,0.030902,0.271581,-0.015131,0.31501,0.002462,0.002002
0,-0.210703,-0.095681,-0.092,-0.228867,-0.084731,-0.195875,0.003677,0.00167
0,0.001903,0.107309,0.185502,0.190858,0.170809,0.150457,3.3e-05,0.001873
0,-0.080055,0.1154,-0.079466,0.034578,-0.04649,0.012375,0.001397,0.002014
0,-0.04994,-0.01392,0.054176,-0.131307,0.03127,-0.103476,0.000872,0.000243
0,-0.036039,0.112183,-0.01055,0.105698,0.00117,0.066562,0.000629,0.001958
0,-0.142795,-0.016967,-0.135912,-0.140843,-0.156027,-0.173109,0.002492,0.000296
0,-0.229684,0.066509,-0.095946,0.112614,-0.053138,0.07257,0.004009,0.001161
0,-0.179112,-0.035236,0.068783,-0.112,0.115503,-0.086509,0.003126,0.000615
0,-0.175811,0.094034,0.029306,0.154064,0.009011,0.155496,0.003068,0.001641
0,-0.186678,-0.095841,0.003301,-0.195123,0.028469,-0.149923,0.003258,0.001673
0,0.075131,0.01309,0.233327,0.116012,0.184875,0.117278,0.001311,0.000228
0,-0.083268,0.000196,-0.163146,-0.029835,-0.139786,-0.02494,0.001453,3e-06
0,-0.228122,0.083393,-0.125885,0.063192,-0.152345,0.053715,0.003981,0.001455
0,0.018092,0.095583,0.229726,-0.016083,0.219955,-0.040557,0.000316,0.001668
0,-0.257648,-0.008039,-0.304666,-0.114764,-0.276316,-0.156698,0.004497,0.00014
0,-0.069602,-0.095953,0.21799,-0.100398,0.177165,-0.066365,0.001215,0.001675
0,0.03274,-0.061455,0.118212,0.037724,0.126965,0.024317,0.000571,0.001073
0,-0.012205,-0.093819,-0.069493,-0.010762,-0.056949,0.011888,0.000213,0.001637
0,-0.152039,-0.08145,-0.137827,0.030954,-0.144424,0.020547,0.002654,0.001422
0,-0.087286,0.095122,0.05854,0.158095,0.053896,0.11275,0.001523,0.00166
0,-0.010108,-0.069836,0.07123,-0.172548,0.07506,-0.125968,0.000176,0.001219
0,0.124672,-0.124692,0.112697,-0.070775,0.072569,-0.028379,0.002176,0.002176
0,-0.120028,-0.103496,-0.220841,0.014915,-0.264135,-0.031259,0.002095,0.001806
0,0.027352,0.038328,0.133446,0.156768,0.120523,0.205377,0.000477,0.000669
0,-0.123228,0.030563,-0.121946,-0.001541,-0.138492,-0.03916,0.002151,0.000533
0,-0.0949,0.089557,0.054227,0.076237,0.098173,0.071471,0.001656,0.001563
0,0.069177,-0.116861,0.19118,-0.209725,0.215774,-0.206237,0.001207,0.00204
0,-0.156605,0.040568,-0.233691,0.175717,-0.235221,0.20522,0.002733,0.000708
0,-0.048086,-0.067891,0.097109,-0.125928,0.062663,-0.154812,0.000839,0.001185
0,-0.133643,0.075227,-0.083477,0.150011,-0.071041,0.188931,0.002333,0.001313
0,0.122644,0.074528,0.252454,0.004822,0.260065,-0.013939,0.002141,0.001301
0,-0.088303,0.017475,-0.239874,-0.065328,-0.249724,-0.056492,0.001541,0.000305
0,0.059426,0.040046,0.143103,0.050425,0.106547,0.057979,0.001037,0.000699
0,0.15692,0.096004,0.078358,0.04623,0.093812,0.058004,0.002739,0.001676
0,-0.083643,0.142175,-0.216364,0.024228,-0.215656,0.018784,0.00146,0.002481
0,0.171871,0.107041,0.230668,-0.037355,0.274087,-0.067476,0.003,0.001868
0,-0.032965,-0.064169,-0.226308,-0.160056,-0.190485,-0.174762,0.000575,0.00112
0,0.145114,0.133284,0.197481,0.226958,0.157793,0.224038,0.002533,0.002326
0,0.188756,0.071012,0.065548,-0.047878,0.039582,-0.097452,0.003294,0.001239
0,0.116956,0.173417,-0.063794,0.113779,-0.026606,0.118655,0.002041,0.003027
0,0.084665,-0.002612,-0.028708,-0.20399,-0.07296,-0.155648,0.001478,4.6e-05
0,0.196509,0.100077,0.122872,0.106259,0.149873,0.145993,0.00343,0.001747
0,0.921727,-0.084228,0.720704,-0.205588,0.708954,-0.245883,0.004335,0.00147
0,0.791326,-0.395134,-0.114521,-0.281402,-0.112295,-0.291833,0.00206,0.004855
0,1.083806,-0.42024,0.281859,-0.014585,0.30885,0.000497,0.004587,0.004417
0,1.1288,-0.483977,0.062391,-0.044702,0.086112,-0.036752,0.003802,0.003305
0,1.098255,-0.605155,-0.04007,-0.115549,-0.006943,-0.102681,0.004335,0.00119
0,1.030267,-0.479875,-0.089217,0.151243,-0.113003,0.133823,0.005522,0.003376
0,0.806882,-0.323966,-0.227373,0.177155,-0.193067,0.196452,0.002331,0.005654
0,0.604546,-0.055013,-0.191977,0.274255,-0.18325,0.29631,0.0012,0.00096
0,0.141254,0.016691,-0.439758,0.06552,-0.467451,0.026601,0.002465,0.000291
0,0.033451,-0.11507,-0.12636,-0.116009,-0.173328,-0.134185,0.000584,0.002008
0,0.128792,0.072143,0.110872,0.16396,0.157764,0.152449,0.002248,0.001259
0,-0.108315,-0.149392,-0.254747,-0.24087,-0.287869,-0.230927,0.00189,0.002607
0,-0.039233,0.035642,0.047901,0.188159,0.009496,0.229059,0.000685,0.000622
0,-0.02724,0.039107,0.025226,-0.016338,0.038488,-0.03017,0.000475,0.000683
0,-0.225242,0.157672,-0.17526,0.130203,-0.204917,0.161557,0.003931,0.002752
0,-0.234933,0.1161,-0.001998,-0.067184,-0.006292,-0.048149,0.0041,0.002026
0,-0.157659,0.100008,0.07147,-0.039786,0.109351,0.009549,0.002752,0.001745
0,-0.250413,-0.070787,-0.064235,-0.172956,-0.079513,-0.155907,0.004371,0.001235
0,-0.131002,0.048727,0.124715,0.096676,0.163697,0.1011,0.002286,0.00085
0,-0.207843,0.031747,-0.094593,-0.002659,-0.072324,-0.032589,0.003628,0.000554
0,-0.235016,-0.02715,-0.031333,-0.054686,0.000999,-0.032934,0.004102,0.000474
0,-0.129164,0.092969,0.088244,0.123839,0.08195,0.125985,0.002254,0.001623
0,-0.096245,0.168213,0.020048,0.097532,0.050269,0.106696,0.00168,0.002936
0,-0.081036,0.182379,0.037904,0.035639,0.034675,-0.002089,0.001414,0.003183
0,-0.106608,0.155725,-0.035441,-0.036501,-0.065816,-0.000178,0.001861,0.002718
0,-0.125291,0.047971,-0.021313,-0.122534,-0.037931,-0.127419,0.002187,0.000837
0,0.00296,0.207125,0.114103,0.150771,0.158793,0.151622,5.2e-05,0.003615
0,-0.068502,-0.037363,-0.06244,-0.256657,-0.064042,-0.223903,0.001196,0.000652
0,0.03291,-0.072601,0.125435,-0.054571,0.175033,-0.070485,0.000574,0.001267
0,-0.194804,-0.070768,-0.253207,0.001509,-0.245429,-0.045084,0.0034,0.001235
0,-0.122587,0.17032,0.078219,0.218288,0.068288,0.2434,0.00214,0.002973
0,-0.006601,0.11032,0.120878,-0.040118,0.083833,-0.006635,0.000115,0.001925
0,0.016912,0.025775,-0.006452,-0.066467,0.033158,-0.039448,0.000295,0.00045
0,-0.188986,0.088962,-0.186495,0.061875,-0.213473,0.013887,0.003298,0.001553
0,-0.1008,0.077007,0.098973,-0.015217,0.083768,-0.026027,0.001759,0.001344
0,-0.156813,-0.062966,-0.041592,-0.155413,-0.01626,-0.15989,0.002737,0.001099
0,0.000783,0.054614,0.149356,0.109329,0.135479,0.069019,1.4e-05,0.000953
0,-0.032085,0.066134,-0.057363,0.020323,-0.038668,-0.028898,0.00056,0.001154
0,-0.098544,0.147931,-0.081584,0.07383,-0.113696,0.09373,0.00172,0.002582
0,-0.152239,-0.030742,-0.0542,-0.178916,-0.037898,-0.216386,0.002657,0.000537
0,-0.132825,-0.011834,0.01697,0.022012,0.016064,0.003152,0.002318,0.000207
0,-0.255122,0.179631,-0.095759,0.207746,-0.071943,0.253386,0.004453,0.003135
0,-0.145738,-0.043369,0.104177,-0.226576,0.148139,-0.271441,0.002544,0.000757
0,-0.168444,0.142685,-0.050762,0.207775,-0.076961,0.254312,0.00294,0.00249
0,-0.006492,0.102367,0.161463,-0.05872,0.171156,-0.093818,0.000113,0.001787
0,-0.166407,0.158429,-0.132203,0.041534,-0.127902,0.010373,0.002904,0.002765
0,-0.070221,0.161295,0.06868,-0.007276,0.071867,0.003378,0.001226,0.002815
0,-0.186139,0.089654,-0.103794,-0.043961,-0.126977,-0.041138,0.003249,0.001565
0,-0.026976,-0.051431,0.18152,-0.140336,0.154857,-0.170762,0.000471,0.000898
0,-0.017459,0.157563,0.007672,0.23322,0.033608,0.184592,0.000305,0.00275
0,-0.167463,0.099839,-0.172404,-0.044834,-0.189778,-0.009309,0.002923,0.001743
0,-0.166805,0.010915,-0.017337,-0.078568,-0.038041,-0.072263,0.002911,0.00019
0,0.07496,-0.078116,0.252511,-0.081166,0.236251,-0.113329,0.001308,0.001363
0,-0.143295,0.019794,-0.228686,0.0697,-0.250784,0.046273,0.002501,0.000345
0,0.07993,-0.025869,0.229388,-0.017478,0.198232,-0.001785,0.001395,0.000451
0,0.099639,0.054149,0.003206,0.091719,-0.007973,0.043388,0.001739,0.000945
0,-0.147465,0.189276,-0.23268,0.140534,-0.227914,0.147541,0.002574,0.003303
0,-0.107744,0.173989,0.065568,-0.044597,0.078712,-0.059252,0.00188,0.003037
0,-0.072524,0.08183,0.037514,-0.063016,0.066547,-0.111339,0.001266,0.001428
0,-0.072692,0.185349,-0.0086,0.103445,-0.027221,0.121614,0.001269,0.003235
0,-0.125975,-0.102366,-0.023456,-0.294204,-0.024987,-0.313663,0.002199,0.001787
0,-0.031364,-0.027179,0.112656,0.0789,0.111359,0.092991,0.000547,0.000474
0,-0.085242,0.021541,-0.064512,0.040484,-0.047276,0.010383,0.001488,0.000376
0,-0.114728,0.006728,-0.031705,-0.026652,0.017217,-0.008664,0.002002,0.000117
0,-0.103372,-0.088702,0.024666,-0.095269,-0.008805,-0.04702,0.001804,0.001548
0,-0.101735,0.045003,0.016948,0.118121,0.025768,0.11192,0.001776,0.000785
0,-0.176527,0.043765,-0.096856,0.024809,-0.093399,0.032738,0.003081,0.000764
0,0.150337,-0.062768,0.344221,-0.107732,0.383393,-0.129334,0.002624,0.001095
0,-0.098442,0.07926,-0.229741,0.158664,-0.188672,0.151413,0.001718,0.001383
0,0.025597,0.067495,0.133495,-0.00142,0.178854,0.03051,0.000447,0.001178
0,-0.126362,-0.165943,-0.179454,-0.263208,-0.1615,-0.254321,0.002205,0.002896
0,0.012857,0.079264,0.120717,0.25428,0.108192,0.25408,0.000224,0.001383
0,-0.092873,0.127084,-0.083553,0.03867,-0.120489,0.007687,0.001621,0.002218
0,0.015368,-0.082911,0.090313,-0.235754,0.090113,-0.259195,0.000268,0.001447
0,-0.084607,0.022913,-0.09985,0.077544,-0.049869,0.07432,0.001477,0.0004
0,0.015308,-0.006446,0.122576,-0.05555,0.080585,-0.036566,0.000267,0.000113
0,0.035553,-0.160672,0.021885,-0.169826,0.057702,-0.204687,0.000621,0.002804
0,-0.028402,-0.206225,-0.066436,-0.036725,-0.115657,-0.064173,0.000496,0.003599
0,0.026408,-0.125987,0.070874,0.096096,0.068321,0.088566,0.000461,0.002199
0,-0.080058,-0.061485,-0.099614,0.039655,-0.110454,0.035837,0.001397,0.001073
0,-0.121076,-0.074288,-0.031846,0.007843,-0.044836,0.013332,0.002113,0.001297
0,-0.030786,-0.043082,0.071642,0.056592,0.025593,0.081417,0.000537,0.000752
0,0.081491,-0.099042,0.08431,-0.026104,0.047517,0.00764,0.001422,0.001729
0,0.041615,0.076283,-0.015451,0.191813,-0.059204,0.194426,0.000726,0.001331
0,0.02369,0.016356,0.002386,-0.030473,-0.004433,-0.060088,0.000413,0.000285
0,-0.141332,0.054362,-0.172495,0.055315,-0.149956,0.043809,0.002467,0.000949
0,0.086429,-0.081583,0.220408,-0.14371,0.198017,-0.121965,0.001508,0.001424
0,0.013946,0.012084,-0.080833,0.112718,-0.112449,0.136654,0.000243,0.000211
0,0.185354,0.020825,0.197229,-0.015244,0.235816,0.032322,0.003235,0.000363
0,0.187905,-0.064525,-0.021141,-0.087374,-0.01714,-0.088717,0.00328,0.001126
0,-0.027401,-0.08163,-0.244015,-0.046833,-0.214047,-0.069895,0.000478,0.001425
0,-0.033949,-0.128717,-0.017273,-0.054543,-0.001038,-0.024828,0.000593,0.002247
0,0.110091,-0.193731,0.172272,-0.075019,0.18043,-0.044094,0.001921,0.003381
0,-0.005058,-0.113824,-0.132064,0.065948,-0.095911,0.084104,8.8e-05,0.001987
0,0.002828,0.026238,0.01295,0.13785,0.039908,0.143628,4.9e-05,0.000458
0,0.121504,-0.061575,0.137356,-0.116301,0.14522,-0.101605,0.002121,0.001075
0,-0.057855,-0.177503,-0.185238,-0.132441,-0.225461,-0.177282,0.00101,0.003098
0,0.000881,0.018355,0.074929,0.177692,0.065547,0.153196,1.5e-05,0.00032
0,0.102863,-0.116839,0.128572,-0.136069,0.132496,-0.093473,0.001795,0.002039
0,-0.028837,-0.222096,-0.12644,-0.107031,-0.154196,-0.134522,0.000503,0.003876
0,-0.079202,0.003366,-0.031842,0.224802,-0.04713,0.247111,0.001382,5.9e-05
0,0.134399,-0.214024,0.196974,-0.246226,0.175826,-0.250564,0.002346,0.003735
0,0.091489,-0.156302,-0.071442,0.041327,-0.096353,0.035573,0.001597,0.002728
0,-0.067324,-0.155486,-0.129126,0.017975,-0.133423,0.025772,0.001175,0.002714
0,0.109738,0.066941,0.196961,0.242785,0.20517,0.254775,0.001915,0.001168
0,0.05458,-0.047216,-0.075563,-0.111518,-0.084753,-0.079903,0.000953,0.000824
0,0.07416,0.034748,0.033493,0.106951,-0.007489,0.118011,0.001294,0.000606
0,0.050125,0.031143,-0.009991,-0.030738,-0.049925,-0.054717,0.000875,0.000544
0,-0.182399,-0.081957,-0.220897,-0.104905,-0.249947,-0.10967,0.003183,0.00143
0,-0.176086,0.075372,0.032842,0.143006,-0.006451,0.116804,0.003073,0.001315
0,-0.094471,0.054223,0.096008,-0.036697,0.085967,-0.041678,0.001649,0.000946
0,-0.151622,-0.046879,-0.080881,-0.081004,-0.089189,-0.097235,0.002646,0.000818
0,-0.11813,-0.023863,0.034836,0.0057,0.030963,0.007731,0.002062,0.000416
0,-0.048536,0.007873,0.059914,0.061157,0.081974,0.038836,0.000847,0.000137
0,-0.065393,-0.175649,-0.04504,-0.184093,0.002141,-0.18933,0.001141,0.003066
0,-0.009756,0.020492,0.041351,0.221625,0.03958,0.189941,0.00017,0.000358
0,-0.047627,0.050371,-0.043202,0.046341,-0.069352,0.00697,0.000831,0.000879
0,-0.069279,-0.162385,-0.004412,-0.192064,-0.018612,-0.214833,0.001209,0.002834
0,-0.08052,0.003868,-0.003788,0.17333,0.005099,0.185886,0.001405,6.8e-05
0,-0.10498,-0.020474,-0.026126,-0.030893,0.010514,-0.063751,0.001832,0.000357
0,0.020457,-0.177401,0.118803,-0.14735,0.083968,-0.138572,0.000357,0.003096
0,0.000399,-0.071682,-0.001981,0.133966,0.018716,0.163408,7e-06,0.001251
0,0.002093,0.025247,-0.010912,0.082275,-0.018565,0.112717,3.7e-05,0.000441
0,0.056118,0.070943,0.07561,0.044652,0.065025,-0.001681,0.000979,0.001238
0,-0.124514,-0.07885,-0.165338,-0.176605,-0.181913,-0.179687,0.002173,0.001376
0,-0.020695,-0.099273,0.076873,-0.039683,0.108618,-0.031718,0.000361,0.001733
0,-0.087832,0.073012,-0.070512,0.185871,-0.078703,0.225616,0.001533,0.001274
0,-0.162204,0.037239,-0.06403,-0.011203,-0.097069,0.034713,0.002831,0.00065
0,-0.060546,-0.069829,0.109764,-0.100065,0.098057,-0.07284,0.001057,0.001219
0,0.034169,-0.03284,0.103676,0.053024,0.137665,0.090035,0.000596,0.000573
0,-0.192409,-0.096602,-0.236413,-0.037759,-0.267943,-0.041323,0.003358,0.001686
0,0.070336,0.114969,0.266669,0.238525,0.267282,0.277049,0.001228,0.002007
0,-0.020986,0.096689,-0.094142,-0.015658,-0.093529,-0.059439,0.000366,0.001688
0,0.034019,-0.017398,0.03131,-0.126856,-0.009336,-0.176153,0.000594,0.000304
0,-0.112188,0.164243,-0.11838,0.159405,-0.07349,0.1915,0.001958,0.002867
0,-0.077528,-0.045331,0.020827,-0.232853,0.060616,-0.266472,0.001353,0.000791
0,-0.076369,-0.079673,0.006946,-0.060476,-0.00427,-0.105793,0.001333,0.001391
0,-0.062319,0.153202,0.041692,0.259517,0.086196,0.246974,0.001088,0.002674
0,0.033537,0.131197,0.080524,-0.026804,0.040373,-0.075791,0.000585,0.00229
0,-0.114056,0.059361,-0.161302,-0.088717,-0.140096,-0.108112,0.001991,0.001036
0,0.021706,-0.040064,0.110328,-0.077076,0.092766,-0.040162,0.000379,0.000699
0,0.085328,0.110312,0.080564,0.149877,0.031385,0.124426,0.001489,0.001925
0,0.019584,0.025857,-0.091453,-0.091257,-0.095505,-0.101608,0.000342,0.000451
0,-0.069483,0.127133,-0.059354,0.110223,-0.040462,0.074644,0.001213,0.002219
0,-0.039688,-0.049962,0.034163,-0.195155,0.007234,-0.221004,0.000693,0.000872
0,-0.053682,0.072053,-0.042144,0.11544,-0.040218,0.107576,0.000937,0.001258
0,0.082731,0.029253,0.117959,-0.022431,0.089188,0.014699,0.001444,0.000511
0,1.07595,0.670829,1.018747,0.641499,0.980579,0.618529,0.004725,4.4e-05
0,2.539873,0.986644,1.489439,0.307709,1.532672,0.279196,0.002678,0.005468
0,3.475168,0.959124,0.923846,0.001368,0.961495,0.009852,0.001895,0.004988
0,3.499132,1.108652,0.04387,0.138319,0.047451,0.113131,0.002313,0.004154
0,2.939012,0.793654,-0.555571,-0.310323,-0.537357,-0.273664,0.004289,0.0021
0,2.324066,0.834149,-0.628376,0.029333,-0.592865,-0.010328,0.005308,0.002807
0,2.109278,0.751347,-0.204267,-0.085528,-0.201889,-0.039613,0.001559,0.001362
0,1.877429,0.667852,-0.215475,-0.06509,-0.193193,-0.098099,0.002488,9.5e-05
0,1.06107,0.777086,-0.826882,0.124415,-0.860464,0.163845,0.004984,0.001811
0,0.627087,0.352445,-0.417305,-0.451439,-0.400823,-0.478694,0.000807,0.0056
0,0.093843,0.395602,-0.56294,0.029084,-0.580686,0.014853,0.001638,0.004847
0,-0.339233,0.300256,-0.433502,-0.071032,-0.413289,-0.041844,0.005831,0.00524
0,-0.244391,0.103481,0.069305,-0.194637,0.108769,-0.191178,0.004265,0.001806
0,-0.253457,-0.177121,0.019654,-0.293724,0.012164,-0.314872,0.004424,0.003091
0,-0.298607,0.056136,-0.042512,0.204169,0.00108,0.225581,0.005212,0.00098
0,-0.437313,-0.024981,-0.117319,-0.067146,-0.087244,-0.06925,0.004119,0.000436
0,-0.467056,-0.251554,-0.006707,-0.24156,-0.029998,-0.244631,0.0036,0.00439
0,-0.487704,0.000304,-0.003445,0.244419,0.035697,0.247104,0.00324,5e-06
0,-0.21607,-0.226672,0.289431,-0.214111,0.295985,-0.258865,0.003771,0.003956
0,-0.116314,-0.058702,0.118744,0.150315,0.092804,0.129759,0.00203,0.001025
0,-0.02591,-0.268453,0.079791,-0.185754,0.116866,-0.226113,0.000452,0.004685
0,-0.167252,-0.099676,-0.14871,0.165,-0.109349,0.184899,0.002919,0.00174
0,-0.130804,-0.119946,0.014394,-0.01762,0.046614,0.02486,0.002283,0.002093
0,0.068057,-0.206756,0.169643,-0.11067,0.154351,-0.075671,0.001188,0.003609
0,-0.060769,-0.16738,-0.106863,0.026418,-0.137746,0.011679,0.001061,0.002921
0,0.141113,-0.087369,0.206319,0.064479,0.252745,0.114085,0.002463,0.001525
0,-0.03817,-0.209888,-0.185201,-0.105856,-0.153988,-0.066526,0.000666,0.003663
0,0.055204,-0.254441,0.084838,-0.024137,0.081554,-0.014604,0.000963,0.004441
0,-0.097517,-0.283019,-0.127284,-0.028806,-0.113572,-0.046801,0.001702,0.00494
0,0.139585,-0.260728,0.208324,-0.006497,0.219686,0.026968,0.002436,0.004551
0,-0.056581,-0.095516,-0.200363,0.179936,-0.199293,0.198232,0.000988,0.001667
0,0.089694,-0.152796,0.127749,-0.067844,0.096585,-0.023888,0.001565,0.002667
0,-0.000902,-0.11651,-0.116602,0.062837,-0.13344,0.088042,1.6e-05,0.002033
0,-0.077677,-0.123675,-0.098279,-0.003354,-0.088432,-0.001795,0.001356,0.002159
0,0.070897,-0.154053,0.147957,-0.00556,0.193065,0.030391,0.001237,0.002689
0,0.091692,-0.175863,-0.00674,-0.016033,-0.006777,-0.025871,0.0016,0.003069
0,-0.025871,-0.04815,-0.098733,0.128368,-0.12252,0.112759,0.000452,0.00084
0,0.170576,-0.168256,0.166944,-0.130399,0.166587,-0.102124,0.002977,0.002937
0,0.043927,0.034698,-0.150415,0.223347,-0.16034,0.176649,0.000767,0.000606
0,-0.004942,-0.077054,-0.057058,-0.120919,-0.074127,-0.094047,8.6e-05,0.001345
0,0.105119,-0.179305,0.123842,-0.116305,0.117018,-0.089538,0.001835,0.003129
0,0.127858,-0.184329,0.041931,0.007123,0.021092,-0.007565,0.002232,0.003217
0,0.075232,0.008419,-0.053548,0.175042,-0.059907,0.15827,0.001313,0.000147
0,-0.056081,-0.166533,-0.155568,-0.196756,-0.134074,-0.150021,0.000979,0.002907
0,0.05006,-0.057088,0.135551,0.089512,0.162746,0.048034,0.000874,0.000996
0,0.087035,-0.212863,0.017208,-0.182243,0.023896,-0.176431,0.001519,0.003715
0,0.038226,0.049734,-0.073033,0.26434,-0.10358,0.257883,0.000667,0.000868
0,0.101917,-0.15428,0.091259,-0.208003,0.063291,-0.201165,0.001779,0.002693
0,0.221209,-0.077393,0.096201,0.103331,0.116933,0.110025,0.003861,0.001351
0,0.059221,-0.115324,-0.176728,-0.02241,-0.210173,-0.039931,0.001034,0.002013
0,0.11724,-0.151516,0.079509,-0.037571,0.054524,0.012151,0.002046,0.002644
0,0.108034,-0.176116,0.018458,-0.019358,0.005208,0.002656,0.001886,0.003074
0,-0.052307,0.077452,-0.177407,0.243958,-0.149297,0.264856,0.000913,0.001352
0,0.085217,-0.135009,0.156819,-0.204459,0.136525,-0.187201,0.001487,0.002356
0,-0.018404,0.035143,-0.080559,0.182428,-0.065956,0.172606,0.000321,0.000613
0,0.068657,0.128568,0.102114,0.099707,0.143381,0.098172,0.001198,0.002244
0,0.037774,-0.132277,-0.03162,-0.255844,-0.070963,-0.267762,0.000659,0.002309
0,-0.137725,0.099328,-0.177845,0.216118,-0.192404,0.206223,0.002404,0.001734
0,0.023292,0.010297,0.149825,-0.080678,0.190522,-0.043312,0.000407,0.00018
0,-0.088554,0.000561,-0.092306,-0.015577,-0.118381,-0.015678,0.001546,1e-05
0,0.126657,-0.008161,0.220148,-0.003962,0.243859,0.039797,0.002211,0.000142
0,0.056269,-0.057901,-0.052672,-0.053886,-0.013167,-0.026138,0.000982,0.001011
0,0.105006,-0.08431,0.039284,-0.034532,0.002789,0.013498,0.001833,0.001471
0,-0.009787,-0.074139,-0.114194,0.033532,-0.134967,0.067857,0.000171,0.001294
0,-0.054708,0.018368,-0.072265,0.100619,-0.045842,0.072781,0.000955,0.000321
0,-0.059866,-0.147552,-0.031355,-0.138997,0.015188,-0.185834,0.001045,0.002575
0,0.035452,-0.044437,0.113479,0.131314,0.068562,0.11895,0.000619,0.000776
0,-0.147134,-0.141946,-0.165298,-0.120045,-0.177521,-0.143012,0.002568,0.002477
0,-0.119999,0.136312,0.000627,0.260567,0.005736,0.282533,0.002094,0.002379
0,-0.158679,0.109587,-0.047444,-0.03443,-0.063783,0.000192,0.002769,0.001913
0,-0.065455,0.082756,0.098727,-0.048085,0.068309,-0.043676,0.001142,0.001444
0,-0.043007,0.112888,-0.006938,0.023983,-0.048931,0.006219,0.000751,0.00197
0,0.091791,-0.073254,0.146656,-0.199507,0.176234,-0.152018,0.001602,0.001279
0,-0.024503,-0.085717,-0.103955,-0.011746,-0.084234,-0.020546,0.000428,0.001496
0,0.134539,-0.024036,0.184057,0.066167,0.22776,0.030822,0.002348,0.00042
0,0.021246,0.033627,-0.084189,0.08208,-0.129621,0.091217,0.000371,0.000587
0,-0.014344,0.004834,-0.045857,-0.025222,-0.089087,-0.064882,0.00025,8.4e-05
0,0.153703,0.149471,0.187631,0.12853,0.177014,0.16496,0.002683,0.002609
0,-0.025433,-0.054268,-0.195098,-0.188411,-0.176102,-0.227981,0.000444,0.000947
0,-0.080546,-0.14758,-0.078385,-0.089523,-0.086398,-0.066113,0.001406,0.002576
0,-0.013674,-0.124425,0.091797,0.015949,0.117515,0.045585,0.000239,0.002172
0,-0.032002,-0.026195,-0.035327,0.106229,-0.077602,0.110144,0.000559,0.000457
0,0.152253,-0.09148,0.180727,-0.082128,0.139751,-0.06941,0.002657,0.001597
0,0.081998,0.060502,-0.086021,0.12331,-0.06802,0.158958,0.001431,0.001056
0,-0.011467,0.071263,-0.070545,0.015443,-0.093167,-0.03428,0.0002,0.001244
0,-0.082455,-0.169365,-0.091176,-0.255106,-0.049075,-0.30103,0.001439,0.002956
0,0.074735,-0.179771,0.163154,-0.026623,0.133555,0.011449,0.001304,0.003138
0,0.086396,0.086475,-0.015986,0.249609,-0.010498,0.285884,0.001508,0.001509
0,-0.05968,-0.061189,-0.120716,-0.159952,-0.137044,-0.154334,0.001042,0.001068
0,0.074854,-0.056049,0.11878,-0.001254,0.093286,-0.047671,0.001306,0.000978
0,-0.073092,0.110694,-0.148174,0.184609,-0.120682,0.197162,0.001276,0.001932
0,-0.11853,-0.13367,-0.05751,-0.240869,-0.048701,-0.229113,0.002069,0.002333
0,-0.169465,-0.045961,-0.055483,0.073889,-0.041349,0.121384,0.002958,0.000802
0,0.104526,0.036994,0.245548,0.056364,0.258087,0.075826,0.001824,0.000646
0,-0.099277,-0.134816,-0.185198,-0.144602,-0.157632,-0.102525,0.001733,0.002353
0,0.002866,0.027171,0.072583,0.138224,0.086671,0.117533,5e-05,0.000474
0,0.230706,0.081829,0.225438,0.045703,0.189597,0.085842,0.004027,0.001428
0,-0.007542,-0.065729,-0.225341,-0.171437,-0.200732,-0.158582,0.000132,0.001147
0,0.014706,0.074507,0.035543,0.143285,0.005115,0.113968,0.000257,0.0013
0,0.003389,-0.202994,-0.031177,-0.302645,0.005952,-0.340524,5.9e-05,0.003543
0,0.000509,-0.165576,-0.011562,0.039832,-0.046901,0.02411,9e-06,0.00289
0,0.065485,-0.141549,0.042191,0.006056,0.026262,-0.009458,0.001143,0.00247
0,0.048567,0.043316,-0.017981,0.212059,-0.046678,0.170726,0.000848,0.000756
0,0.115045,-0.181726,0.094311,-0.243205,0.059315,-0.212418,0.002008,0.003172
0,0.13984,-0.173671,0.013189,0.010253,0.02767,-0.028819,0.002441,0.003031
0,0.111001,0.015572,-0.018794,0.189667,0.020275,0.176316,0.001937,0.000272
0,0.155202,-0.071979,0.058323,-0.062446,0.009585,-0.057611,0.002709,0.001256
0,0.132076,-0.170963,-0.001768,-0.093614,-0.006213,-0.05556,0.002305,0.002984
0,-0.039579,0.103393,-0.155804,0.272842,-0.204548,0.267516,0.000691,0.001805
0,-0.010611,-0.064929,0.030251,-0.177451,-0.017896,-0.190521,0.000185,0.001133
0,0.105956,0.049875,0.108457,0.143786,0.067142,0.098199,0.001849,0.00087
0,-0.045312,-0.133331,-0.160582,-0.173354,-0.172146,-0.181238,0.000791,0.002327
0,-0.11874,0.031256,-0.097066,0.150247,-0.139671,0.136923,0.002072,0.000546
0,-0.093626,-0.075102,0.00236,-0.109505,-0.035089,-0.11549,0.001634,0.001311
0,-0.087285,0.084442,0.010371,0.148181,0.023,0.195177,0.001523,0.001474
0,0.032585,-0.071563,0.093814,-0.160613,0.052265,-0.144436,0.000569,0.001249
0,0.114348,0.116597,0.054905,0.168439,0.014589,0.213151,0.001996,0.002035
0,-0.089333,0.011039,-0.22114,-0.116574,-0.212533,-0.101708,0.001559,0.000193
0,-0.057502,-0.016683,0.035128,-0.046144,-0.003299,-0.007516,0.001004,0.000291
0,-0.018245,0.118295,0.042279,0.137281,0.027742,0.154004,0.000318,0.002065
0,-0.106699,-0.097763,-0.073665,-0.246026,-0.025276,-0.259944,0.001862,0.001706
0,0.161367,0.063056,0.279999,0.171744,0.281298,0.162562,0.002816,0.001101
0,0.042394,-0.00647,-0.143695,-0.088947,-0.15212,-0.047733,0.00074,0.000113
0,0.084879,0.099038,0.03605,0.10397,0.081889,0.09845,0.001481,0.001729
0,0.205458,0.084166,0.124931,-0.031773,0.075016,0.008104,0.003586,0.001469
0,0.182122,-0.075441,-0.004285,-0.157638,0.005114,-0.172158,0.003179,0.001317
0,0.090375,-0.015094,-0.084098,0.036379,-0.112569,0.005757,0.001577,0.000263
0,0.122049,0.088059,0.057305,0.12209,0.042989,0.092479,0.00213,0.001537
0,-0.056981,0.005917,-0.174969,-0.108581,-0.145817,-0.109556,0.000995,0.000103
0,-0.080751,-0.006622,-0.026029,-0.038541,-0.043138,-0.019456,0.001409,0.000116
0,-0.066991,-0.045983,0.04236,-0.051297,0.087868,-0.076176,0.001169,0.000803
0,-0.034073,0.133408,0.059706,0.187463,0.017995,0.160532,0.000595,0.002328
0,0.029522,0.060233,0.082554,-0.045643,0.079512,-0.080225,0.000515,0.001051
0,0.005479,0.033796,0.005773,0.003443,-0.041099,0.006783,9.6e-05,0.00059
0,0.020006,-0.025114,0.013489,-0.039248,0.032719,-0.017439,0.000349,0.000438
0,0.060074,-0.129116,0.050594,-0.11731,0.075714,-0.150761,0.001048,0.002254
0,0.084096,0.079646,0.018138,0.215,0.065232,0.224198,0.001468,0.00139
0,0.082601,-0.013811,0.003601,-0.096943,-0.007015,-0.102469,0.001442,0.000241
0,0.131355,-0.01641,0.028237,-0.00449,0.067894,-0.023333,0.002293,0.000286
0,0.002848,0.12024,-0.103329,0.148139,-0.102639,0.161014,5e-05,0.002099
0,0.139295,0.079909,0.120246,-0.047226,0.082115,-0.087935,0.002431,0.001395
0,0.084766,-0.041737,-0.038747,-0.114382,-0.086011,-0.081332,0.001479,0.000728
0,0.184026,-0.04649,0.120598,-0.026628,0.141523,0.003841,0.003212,0.000811
0,0.101879,0.039677,-0.079728,0.062566,-0.064411,0.062895,0.001778,0.000692
0,0.231199,-0.095541,0.115224,-0.1533,0.136881,-0.156376,0.004035,0.001668
0,0.04852,0.114265,-0.168155,0.197068,-0.121544,0.212135,0.000847,0.001994
0,0.20802,-0.045794,0.183015,-0.162382,0.170548,-0.160584,0.003631,0.000799
0,0.249626,-0.069967,0.032751,-0.023615,0.026479,-0.023315,0.004357,0.001221
0,0.195257,0.062901,-0.065096,0.103716,-0.075829,0.151408,0.003408,0.001098
0,0.171962,0.050501,0.002097,-0.004337,0.03842,-0.000236,0.003001,0.000881
0,0.029173,0.150158,-0.166166,0.108246,-0.203656,0.151225,0.000509,0.002621
0,0.044162,-0.064166,0.031213,-0.213789,0.051271,-0.220609,0.000771,0.00112
0,-0.034322,0.137534,-0.105427,0.214693,-0.145936,0.228073,0.000599,0.0024
0,0.085378,0.000116,0.133247,-0.157652,0.167775,-0.163994,0.00149,2e-06
0,-0.049783,-0.074895,-0.156061,-0.051579,-0.108046,-0.07536,0.000869,0.001307
0,0.165062,-0.038401,0.219489,0.053857,0.255884,0.0079,0.002881,0.00067
0,0.156461,-0.05534,-0.00406,-0.024206,0.045104,-0.031175,0.002731,0.000966
0,-0.036422,-0.113589,-0.199882,-0.062879,-0.171046,-0.01456,0.000636,0.001983
0,0.178836,-0.064507,0.234955,0.064044,0.21095,0.052181,0.003121,0.001126
0,-0.035002,0.093969,-0.200998,0.170664,-0.152684,0.125139,0.000611,0.00164
0,0.130497,-0.127684,0.195311,-0.1999,0.240212,-0.20297,0.002278,0.002229
0,0.18172,0.063334,0.077551,0.18756,0.058023,0.180472,0.003172,0.001105
0,0.101214,-0.088889,-0.061757,-0.133046,-0.054971,-0.163408,0.001767,0.001551
0,0.052478,-0.081633,-0.023986,0.026638,-0.024699,-0.008548,0.000916,0.001425
0,0.066721,-0.003746,0.037807,0.086251,0.046045,0.109817,0.001164,6.5e-05
0,0.261263,0.051857,0.165474,0.075651,0.189401,0.052692,0.00456,0.000905
0,0.198815,0.068617,-0.04313,0.00089,-0.063537,-0.045345,0.00347,0.001198
0,0.239124,-0.151704,0.024609,-0.245328,0.073137,-0.254808,0.004174,0.002648
0,0.189819,-0.026656,-0.029907,0.09869,-0.078666,0.133831,0.003313,0.000465
0,0.174788,-0.008285,0.009517,0.01754,0.057388,0.014558,0.003051,0.000145
0,0.140453,-0.029361,-0.054604,-0.00388,-0.021612,0.021379,0.002451,0.000512
0,0.040063,0.019658,-0.097485,0.052977,-0.058187,0.052638,0.000699,0.000343
0,0.055289,0.004289,-0.010224,-0.017998,-0.057345,-0.045157,0.000965,7.5e-05
0,0.047088,0.020043,-0.015248,0.034754,0.011163,0.038487,0.000822,0.00035
0,0.125062,-0.167798,0.060617,-0.180438,0.013118,-0.146673,0.002183,0.002929
0,0.020048,0.08913,-0.113695,0.250039,-0.11186,0.235831,0.00035,0.001556
0,0.026156,-0.06166,0.027571,-0.177841,0.001787,-0.196811,0.000457,0.001076
0,-0.170999,-0.042101,-0.17229,-0.005187,-0.21774,0.000969,0.002985,0.000735
0,-0.050835,-0.153754,0.09895,-0.110081,0.096752,-0.125432,0.000887,0.002684
0,0.051581,-0.080139,0.080227,0.091737,0.110576,0.043514,0.0009,0.001399
0,0.024106,-0.119909,-0.040964,-0.034109,-0.083476,-0.065516,0.000421,0.002093
0,-0.074865,-0.089377,-0.0855,0.007334,-0.077794,0.01869,0.001307,0.00156
0,0.051239,0.036305,0.1115,0.095794,0.122819,0.105275,0.000894,0.000634
0,0.070423,0.03954,-0.010613,0.015946,-0.043509,0.00766,0.001229,0.00069
0,0.115574,-0.090084,0.033053,-0.127863,0.055499,-0.176888,0.002017,0.001572
0,-0.030097,-0.01731,-0.127449,0.079437,-0.094882,0.046303,0.000525,0.000302
0,-0.126413,-0.099404,-0.087915,-0.09633,-0.098808,-0.142775,0.002206,0.001735
0,-0.087811,-0.031232,0.015318,0.070521,-0.004856,0.047552,0.001533,0.000545
0,0.049141,-0.177984,0.136894,-0.132805,0.185735,-0.161509,0.000858,0.003106
0,-0.218098,0.066303,-0.286138,0.223397,-0.236473,0.206167,0.003807,0.001157
0,-0.113123,-0.209104,0.101873,-0.281548,0.094008,-0.28587,0.001974,0.00365
0,0.096653,0.040376,0.190767,0.235814,0.161852,0.283727,0.001687,0.000705
0,-0.088117,0.015591,-0.16985,-0.033683,-0.138919,-0.048775,0.001538,0.000272
0,0.080071,-0.056468,0.139745,-0.059179,0.11421,-0.014337,0.001398,0.000986
0,0.018683,-0.143283,-0.034971,-0.07303,-0.035217,-0.086921,0.000326,0.002501
0,-0.08817,-0.157837,-0.081982,0.002462,-0.102885,0.04692,0.001539,0.002755
0,-0.132159,0.072006,-0.064876,0.201443,-0.038582,0.203616,0.002307,0.001257
0,0.043101,-0.064721,0.18047,-0.144687,0.145905,-0.164994,0.000752,0.00113
0,0.170422,-0.106707,0.136252,-0.015062,0.132065,-0.012063,0.002974,0.001862
0,0.171945,-0.102551,-0.010883,0.012332,0.023064,0.001858,0.003001,0.00179
0,-0.045695,0.035761,-0.21762,0.164468,-0.223127,0.158323,0.000798,0.000624
0,0.097853,-0.009823,0.17191,-0.034338,0.176087,-0.006178,0.001708,0.000171
0,0.069261,0.027781,-0.042276,0.043973,0.004336,0.063174,0.001209,0.000485
0,0.051241,0.011533,0.011574,0.004919,0.043396,0.051915,0.000894,0.000201
0,0.048591,0.061642,-0.013799,0.033994,0.012612,-0.003195,0.000848,0.001076
0,0.213822,-0.016519,0.151043,-0.076016,0.183467,-0.041779,0.003732,0.000288
0,-0.023695,0.128377,-0.213693,0.159314,-0.258691,0.164622,0.000414,0.002241
0,0.193346,-0.055765,0.208134,-0.189323,0.225638,-0.171408,0.003375,0.000973
0,0.212422,0.12652,0.042873,0.201495,0.004967,0.17246,0.003707,0.002208
0,0.182133,0.038897,-0.024912,-0.094247,0.011404,-0.063205,0.003179,0.000679
0,-0.000831,0.017028,-0.180252,-0.010761,-0.215048,-0.010775,1.5e-05,0.000297
0,0.079712,0.045845,0.071661,0.054386,0.091449,0.068356,0.001391,0.0008
0,0.166741,-0.037806,0.115124,-0.055303,0.073312,-0.048295,0.00291,0.00066
0,-0.038541,-0.081961,-0.197472,-0.04965,-0.219644,-0.014194,0.000673,0.00143
0,0.166502,0.06959,0.194413,0.17066,0.201486,0.218297,0.002906,0.001215
0,-0.066862,0.008344,-0.250304,-0.064166,-0.279334,-0.091591,0.001167,0.000146
0,0.177962,0.0598,0.238374,0.081232,0.215986,0.129756,0.003106,0.001044
0,0.157882,-0.105845,0.001881,-0.159487,0.024116,-0.128615,0.002756,0.001847
0,0.103303,-0.134301,-0.084112,-0.035639,-0.035112,-0.013274,0.001803,0.002344
0,-0.06435,0.008006,-0.178569,0.162693,-0.226467,0.134487,0.001123,0.00014
0,0.028474,-0.092408,0.098155,-0.09904,0.10365,-0.052375,0.000497,0.001613
0,0.03057,0.055419,-0.010905,0.169232,0.031531,0.216027,0.000534,0.000967
0,0.185572,-0.186258,0.142824,-0.250757,0.122364,-0.215883,0.003239,0.003251
0,0.214529,-0.203998,0.051962,0.000186,0.063564,0.027735,0.003744,0.00356
0,-0.025418,-0.13551,-0.22565,0.060254,-0.226627,0.041159,0.000444,0.002365
0,0.119384,-0.164714,0.171445,-0.015194,0.206533,0.01325,0.002084,0.002875
0,0.066631,-0.060828,-0.076354,0.09638,-0.053386,0.054209,0.001163,0.001062
0,0.024786,-0.160883,-0.026102,-0.105967,0.012191,-0.05623,0.000433,0.002808
0,0.050507,-0.176461,0.026397,-0.011504,0.014525,-0.010316,0.000882,0.00308
0,-0.127933,-0.09819,-0.197,0.08862,-0.165886,0.088834,0.002233,0.001714
0,-0.092674,-0.196843,0.062177,-0.090121,0.049764,-0.055685,0.001617,0.003436
0,-0.194692,-0.046988,-0.126565,0.153,-0.096675,0.16261,0.003398,0.00082
0,0.077541,-0.093788,0.269959,-0.055625,0.315337,-0.064763,0.001353,0.001637
0,-0.091475,0.062866,-0.143231,0.141217,-0.106444,0.095686,0.001597,0.001097
0,-0.05989,-0.172521,0.011618,-0.214701,0.044259,-0.188709,0.001045,0.003011
0,0.063911,-0.130319,0.147461,0.050094,0.177833,0.044574,0.001115,0.002274
0,0.060099,-0.228489,0.009765,-0.107346,-0.006106,-0.091757,0.001049,0.003988
0,-0.08893,0.026533,-0.161603,0.225865,-0.174182,0.23556,0.001552,0.000463
0,-0.060697,-0.00879,0.014374,-0.028598,-0.024406,-0.009603,0.001059,0.000153
0,0.080206,-0.229563,0.118483,-0.237765,0.102929,-0.283633,0.0014,0.004007
0,0.177385,-0.149093,0.085027,0.092346,0.10906,0.10984,0.003096,0.002602
0,0.012923,-0.032727,-0.179624,0.117875,-0.197134,0.093163,0.000226,0.000571
0,0.115557,-0.046635,0.098337,-0.012648,0.075655,-0.018946,0.002017,0.000814
0,0.118187,-0.098012,0.008507,-0.077051,0.031068,-0.10956,0.002063,0.001711
0,0.100148,-0.139372,-0.039797,-0.049437,-0.010093,-0.007642,0.001748,0.002432
0,0.02146,-0.157348,-0.070043,-0.004776,-0.093271,-0.047973,0.000375,0.002746
0,0.055144,-0.068742,0.010081,0.110846,0.053229,0.089695,0.000962,0.0012
0,-0.093376,-0.140565,-0.178305,-0.069502,-0.16982,-0.088303,0.00163,0.002453
0,0.115885,0.056763,0.198875,0.201891,0.157128,0.195179,0.002023,0.000991
0,0.073664,0.054256,-0.046199,0.026563,-0.026596,0.03649,0.001286,0.000947
0,0.16664,-0.0792,0.116805,-0.162228,0.121463,-0.124563,0.002908,0.001382
0,0.002053,-0.082109,-0.188624,-0.029878,-0.22996,-0.066491,3.6e-05,0.001433
0,-0.003881,0.065588,-0.019216,0.1224,-0.017696,0.118274,6.8e-05,0.001145
0,0.088565,-0.070589,0.099521,-0.137943,0.10439,-0.122791,0.001546,0.001232
0,-0.039759,-0.127091,-0.121852,-0.080297,-0.117372,-0.1147,0.000694,0.002218
0,-0.10006,-0.033402,-0.078128,0.100851,-0.032514,0.098465,0.001746,0.000583
0,-0.06433,-0.094051,0.046269,-0.03886,0.001221,-0.0498,0.001123,0.001641
0,-0.076606,-0.226508,0.016427,-0.143246,0.032601,-0.149063,0.001337,0.003953
0,0.193293,-0.052607,0.27988,0.172768,0.274703,0.155348,0.003374,0.000918
0,0.121376,0.014618,-0.044487,0.085819,-0.016396,0.061763,0.002118,0.000255
0,-0.00388,0.013454,-0.103833,0.010456,-0.115406,-0.000533,6.8e-05,0.000235
0,-0.039178,-0.006925,-0.027535,-0.005807,0.014468,-0.004262,0.000684,0.000121
0,-0.028882,0.0211,0.005292,0.014091,-0.006633,0.043443,0.000504,0.000368
0,0.02123,-0.008672,0.072641,-0.031118,0.105391,0.011252,0.000371,0.000151
0,-0.049744,-0.054503,-0.054097,-0.046511,-0.015549,-0.037435,0.000868,0.000951
0,-0.024938,-0.055125,0.03994,-0.01427,0.048028,-0.015667,0.000435,0.000962
0,0.005223,0.116105,0.046027,0.18132,0.078846,0.17486,9.1e-05,0.002026
0,-0.032073,0.02643,-0.016159,-0.084668,0.028822,-0.072333,0.00056,0.000461
0,-0.106346,0.021606,-0.084977,0.01086,-0.056397,0.035402,0.001856,0.000377
0,0.004526,0.073323,0.107403,0.076536,0.102852,0.039404,7.9e-05,0.00128
0,-0.094896,0.030834,-0.111027,-0.013652,-0.088995,-0.013151,0.001656,0.000538
0,-0.083609,-0.061752,0.03894,-0.105042,0.042066,-0.124588,0.001459,0.001078
0,-0.181085,-0.088932,-0.124033,-0.02866,-0.139927,-0.015561,0.003161,0.001552
0,0.027807,0.14289,0.217446,0.254831,0.213975,0.286191,0.000485,0.002494
0,-0.010011,-0.138604,-0.060174,-0.285469,-0.105245,-0.307435,0.000175,0.002419
0,-0.018063,0.025223,0.006389,0.173053,0.003972,0.21581,0.000315,0.00044
0,-0.008196,-0.098655,0.008732,-0.14578,0.019651,-0.166893,0.000143,0.001722
0,0.023095,0.0652,0.003868,0.158159,0.049826,0.115679,0.000403,0.001138
0,-0.018992,0.111782,-0.051089,0.058571,-0.030089,0.035108,0.000331,0.001951
0,0.104401,0.088331,0.10595,-0.008344,0.063459,-0.008369,0.001822,0.001542
0,-0.007836,0.004015,-0.100908,-0.106136,-0.10772,-0.138778,0.000137,7e-05
0,-0.040125,-0.015712,-0.014467,-0.038481,0.034597,-0.011466,0.0007,0.000274
0,-0.144486,0.12458,-0.111811,0.131922,-0.121964,0.085444,0.002522,0.002174
0,0.06143,0.038584,0.202897,-0.087599,0.223392,-0.121063,0.001072,0.000673
0,-0.15657,-0.057815,-0.23695,-0.108284,-0.266491,-0.070214,0.002733,0.001009
0,-0.062397,0.135299,0.090918,0.206382,0.106709,0.242756,0.001089,0.002361
0,-0.051284,-0.049166,0.033442,-0.157976,0.063846,-0.129686,0.000895,0.000858
0,0.055983,-0.127825,0.134285,-0.099239,0.086892,-0.111361,0.000977,0.002231
0,0.098399,0.055126,0.021266,0.169333,-0.020109,0.178172,0.001717,0.000962
0,0.067303,-0.014803,-0.053568,-0.065324,-0.085544,-0.082619,0.001175,0.000258
0,-0.173575,-0.110091,-0.232367,-0.102413,-0.236426,-0.0869,0.003029,0.001921
0,-0.056206,0.108547,0.107709,0.196098,0.124691,0.169524,0.000981,0.001895
0,0.000826,0.114769,0.08073,0.013394,0.035742,0.061362,1.4e-05,0.002003
0,-0.246798,0.018459,-0.222194,-0.075836,-0.234385,-0.03132,0.004307,0.000322
0,-0.0255,0.087176,0.229565,0.093851,0.185471,0.090392,0.000445,0.001522
0,-0.14862,0.116293,-0.138732,0.04135,-0.179345,0.083619,0.002594,0.00203
0,0.002343,0.152971,0.126622,0.031878,0.085234,-0.008806,4.1e-05,0.00267
0,0.009437,0.160085,0.02328,0.003058,0.050511,-0.041312,0.000165,0.002794
0,-0.215704,-0.034521,-0.203354,-0.222103,-0.20932,-0.220806,0.003765,0.000603
0,-0.161841,0.083039,0.042798,0.128436,0.072186,0.141318,0.002825,0.001449
0,-0.150696,0.065858,-0.003109,-0.003086,-0.0472,-0.016773,0.00263,0.001149
0,-0.048361,0.06655,0.109487,-0.01514,0.158621,-0.013856,0.000844,0.001162
0,-0.133771,0.089804,-0.112149,0.032034,-0.095102,0.047771,0.002335,0.001567
0,-0.023735,0.052852,0.117807,-0.043932,0.152668,-0.056717,0.000414,0.000922
0,-0.179858,0.064131,-0.137155,-0.014252,-0.176386,-0.012193,0.003139,0.001119
0,0.060013,0.030899,0.246102,-0.051902,0.27626,-0.020345,0.001047,0.000539
0,-0.164734,-0.068121,-0.25437,-0.128436,-0.230821,-0.082569,0.002875,0.001189
0,-0.165783,-0.071536,0.015421,0.021451,0.058221,-0.022887,0.002893,0.001249
0,0.07982,0.024952,0.236935,0.125142,0.267173,0.106953,0.001393,0.000436
0,0.018169,0.055635,-0.058578,0.033924,-0.026994,0.022666,0.000317,0.000971
0,0.000125,-0.039057,-0.00374,-0.066834,-0.053486,-0.052521,2e-06,0.000682
0,-0.091464,-0.066177,-0.100089,-0.041903,-0.112852,-0.086517,0.001596,0.001155
0,-0.136301,0.009023,-0.024842,0.049712,-0.057212,0.076329,0.002379,0.000157
0,-0.144251,0.143131,0.003933,0.130077,-0.004623,0.098043,0.002518,0.002498
0,0.013144,0.044071,0.18033,-0.074248,0.180783,-0.086611,0.000229,0.000769
0,0.006987,-0.058853,0.001919,-0.081054,0.037125,-0.067147,0.000122,0.001027
0,0.004661,0.125554,0.015207,0.158167,0.03142,0.19229,8.1e-05,0.002191
0,-0.249637,0.094022,-0.264828,-0.04782,-0.274336,-0.001973,0.004357,0.001641
0,-0.308725,-0.030503,-0.081559,-0.149287,-0.048575,-0.12231,0.005388,0.000532
0,-0.23642,0.1205,0.067692,0.126299,0.036837,0.11702,0.004126,0.002103
0,-0.147672,-0.067737,0.069885,-0.190722,0.061714,-0.181018,0.002577,0.001182
0,-0.137588,-0.091659,0.01278,0.004841,-0.01746,0.015478,0.002401,0.0016
0,-0.328378,0.121453,-0.176579,0.218976,-0.177877,0.217813,0.005731,0.00212
0,-0.19466,0.035706,0.106065,-0.091287,0.075777,-0.072652,0.003397,0.000623
0,-0.165366,-0.023122,0.034514,-0.034945,0.050002,-0.055144,0.002886,0.000404
0,-0.211747,0.124502,-0.04837,0.152885,-0.022343,0.112708,0.003696,0.002173
0,-0.01319,0.076624,0.176526,-0.03864,0.139697,-0.086158,0.00023,0.001337
0,-0.039928,-0.107545,-0.0178,-0.170396,-0.033548,-0.218355,0.000697,0.001877
0,0.085705,0.015266,0.105722,0.14214,0.064059,0.101456,0.001496,0.000266
0,-0.192927,-0.040936,-0.288567,-0.046752,-0.332166,-0.075373,0.003367,0.000714
0,0.037381,-0.012443,0.20932,0.046382,0.21978,0.070692,0.000652,0.000217
0,-0.212084,0.034447,-0.242683,0.065871,-0.223901,0.104891,0.003702,0.000601
0,-0.102465,-0.099326,0.111375,-0.12508,0.069347,-0.146346,0.001788,0.001734
0,-0.007146,0.003421,0.111808,0.091537,0.160007,0.10214,0.000125,6e-05
0,0.108922,-0.026404,0.13827,-0.026703,0.160566,-0.059305,0.001901,0.000461
0,0.148524,-0.031977,0.015093,0.011317,0.000775,0.004229,0.002592,0.000558
0,-0.064717,-0.035443,-0.236391,0.022802,-0.279196,-0.013658,0.00113,0.000619
0,-0.022239,-0.115298,0.0704,-0.102105,0.0446,-0.149509,0.000388,0.002012
0,-0.094803,-0.055001,-0.056546,0.085449,-0.073765,0.123635,0.001655,0.00096
0,-0.019584,-0.104391,0.057034,-0.070443,0.079953,-0.104286,0.000342,0.001822
0,-0.093303,0.005814,-0.09297,0.081772,-0.088155,0.039673,0.001628,0.000101
0,-0.066256,-0.081414,0.035531,-0.111898,0.082527,-0.116942,0.001156,0.001421
0,-0.120021,0.082565,-0.052151,0.164495,-0.042873,0.201493,0.002095,0.001441
0,0.189618,-0.14823,0.324369,-0.227129,0.323679,-0.199842,0.003309,0.002587
0,0.038459,-0.006066,-0.163445,0.159473,-0.116088,0.117162,0.000671,0.000106
0,0.017964,0.116291,-0.02779,0.137427,-0.064717,0.170775,0.000314,0.00203
0,0.198835,0.013648,0.194286,-0.109211,0.22128,-0.063406,0.00347,0.000238
0,0.066402,-0.18121,-0.125958,-0.188153,-0.079978,-0.16046,0.001159,0.003163
0,0.154411,0.07841,0.072593,0.26779,0.076527,0.285362,0.002695,0.001369
0,0.156528,0.017399,0.008482,-0.075108,0.004363,-0.096158,0.002732,0.000304
0,0.032891,-0.033326,-0.143022,-0.061408,-0.175312,-0.048639,0.000574,0.000582
0,0.20082,-0.105562,0.163194,-0.057064,0.207396,-0.019524,0.003505,0.001842
0,-0.091675,-0.170101,-0.318401,-0.069913,-0.327384,-0.025756,0.0016,0.002969
0,-0.008103,-0.05344,0.061627,0.107451,0.042172,0.09709,0.000141,0.000933
0,0.114884,-0.119742,0.095154,-0.039314,0.129029,-0.002448,0.002005,0.00209
0,0.178203,-0.150346,0.086815,-0.018276,0.120872,-0.033974,0.00311,0.002624
0,0.129659,-0.153094,-0.018869,-0.009336,-0.058558,-0.042636,0.002263,0.002672
0,0.031938,0.004785,-0.085541,0.164199,-0.127108,0.127873,0.000557,8.4e-05
0,0.241921,0.079465,0.206184,0.062596,0.208595,0.045331,0.004222,0.001387
0,0.171437,0.116574,-0.05082,0.017795,-0.017078,0.044776,0.002992,0.002035
0,0.144132,0.039757,-0.046374,-0.060565,-0.083642,-0.043144,0.002516,0.000694
0,0.18008,-0.092175,0.015896,-0.106121,0.014947,-0.094498,0.003143,0.001609
0,0.06925,0.065968,-0.110154,0.139521,-0.078261,0.133068,0.001209,0.001151
0,-0.846761,-0.114933,-0.930426,-0.175008,-0.915191,-0.187234,0.003027,0.002006
0,-1.758411,-0.886982,-0.923899,-0.772688,-0.972409,-0.796864,0.004565,0.003729
0,-2.003054,-0.724241,-0.253084,0.179196,-0.243054,0.161742,0.000295,0.000889
0,-2.457467,-0.61671,-0.473674,0.113807,-0.502426,0.098561,0.004116,0.000988
0,-2.196786,-0.713384,0.237294,-0.086997,0.195701,-0.12786,0.003086,0.000699
0,-1.995978,-0.407885,0.221391,0.303433,0.202645,0.254652,0.000419,0.004633
0,-1.393447,-0.270008,0.61253,0.125417,0.622816,0.121864,0.000817,0.004713
0,-0.979129,-0.217152,0.407999,0.07456,0.368894,0.099372,0.005337,0.00379
0,-0.561739,-0.13271,0.436219,0.093408,0.480645,0.048513,0.001948,0.002316
0,-0.207162,-0.242487,0.336862,-0.088461,0.362379,-0.094689,0.003616,0.004232
0,0.061945,-0.184456,0.297499,0.037492,0.341315,0.058932,0.001081,0.003219
0,0.138552,-0.124927,0.050469,0.044174,0.008304,0.089419,0.002418,0.00218
0,0.093988,-0.312223,-0.056237,-0.213987,-0.07224,-0.19895,0.00164,0.005449
0,0.206252,-0.082463,0.124011,0.249491,0.157912,0.260056,0.0036,0.001439
0,0.173147,-0.336366,-0.01793,-0.245609,-0.030504,-0.232833,0.003022,0.005871
0,0.27589,-0.163822,0.086222,0.173586,0.082307,0.17269,0.004815,0.002859
0,0.283683,-0.101663,0.027994,0.042638,-0.016846,0.001434,0.004951,0.001774
0,0.144543,-0.079356,-0.162001,0.006291,-0.170596,0.028363,0.002523,0.001385
0,0.075184,-0.173701,-0.070775,-0.113492,-0.11651,-0.150728,0.001312,0.003032
0,0.117536,-0.152516,0.022467,0.03452,-0.009581,0.071821,0.002051,0.002662
0,0.222372,-0.10451,0.103177,0.067385,0.122647,0.041282,0.003881,0.001824
0,0.332517,-0.045782,0.138583,0.029514,0.143207,0.077597,0.005804,0.000799
0,0.139075,-0.144248,-0.206547,-0.094887,-0.161089,-0.076084,0.002427,0.002518
0,0.086296,-0.227003,-0.032465,-0.080439,-0.058199,-0.036159,0.001506,0.003962
0,0.199344,-0.194484,0.102124,0.033239,0.084079,0.053424,0.003479,0.003394
0,0.323843,-0.130244,0.115865,0.083995,0.158649,0.072257,0.005652,0.002273
0,0.084473,-0.138276,-0.263725,-0.003964,-0.222609,-0.02086,0.001474,0.002413
0,0.332844,-0.102399,0.234622,0.059046,0.201308,0.029666,0.005809,0.001787
0,0.167758,-0.165366,-0.179482,-0.061039,-0.130504,-0.024427,0.002928,0.002886
0,0.179661,-0.037984,0.0171,0.140226,0.047827,0.126328,0.003136,0.000663
0,0.125458,-0.135315,-0.044594,-0.110578,-0.091432,-0.111448,0.00219,0.002362
0,0.082012,0.010066,-0.069388,0.128242,-0.04088,0.100256,0.001431,0.000176
0,-0.01876,-0.009813,-0.096261,-0.000887,-0.126452,0.047391,0.000327,0.000171
0,0.215311,0.101929,0.257823,0.128531,0.304978,0.162888,0.003758,0.001779
0,0.016002,0.006995,-0.18304,-0.070137,-0.188531,-0.095794,0.000279,0.000122
0,0.018302,0.053993,-0.022524,0.07297,-0.014737,0.043196,0.000319,0.000942
0,0.088181,-0.039355,0.044224,-0.065011,0.040424,-0.03711,0.001539,0.000687
0,-0.013854,0.074076,-0.093656,0.136738,-0.132253,0.163465,0.000242,0.001293
0,0.029805,0.049164,0.069249,-0.010227,0.053633,0.021179,0.00052,0.000858
0,-0.10953,0.118985,-0.123901,0.082048,-0.105047,0.08275,0.001912,0.002077
0,-0.015262,0.02742,0.090764,-0.068634,0.070908,-0.080081,0.000266,0.000479
0,-0.029156,0.042177,-0.014734,0.038707,0.015354,0.047659,0.000509,0.000736
0,-0.148763,0.025179,-0.123804,-0.007571,-0.124877,-0.022731,0.002596,0.000439
0,-0.099098,-0.017198,0.063862,-0.02805,0.094628,0.010122,0.00173,0.0003
0,0.06708,0.010371,0.149134,0.003908,0.140578,0.024176,0.001171,0.000181
0,-0.018849,0.018253,-0.080299,0.023318,-0.056992,0.02627,0.000329,0.000319
0,0.072274,0.057194,0.106477,0.033329,0.09734,0.024128,0.001261,0.000998
0,0.15695,0.216445,0.060019,0.140956,0.094817,0.169002,0.002739,0.003778
0,0.113869,0.047336,-0.071983,-0.150787,-0.103218,-0.192517,0.001987,0.000826
0,0.066321,-0.083674,-0.044669,-0.105072,-0.061608,-0.056028,0.001158,0.00146
0,0.189132,0.065946,0.129881,0.12239,0.087792,0.160812,0.003301,0.001151
0,-0.024721,0.103112,-0.191297,0.011528,-0.183519,0.026319,0.000431,0.0018
0,-0.015037,-0.059684,0.029909,-0.145064,0.039303,-0.126432,0.000262,0.001042
0,0.102324,0.233461,0.112604,0.270842,0.138014,0.313041,0.001786,0.004075
0,0.062457,-0.085603,-0.016516,-0.309331,-0.058322,-0.288404,0.00109,0.001494
0,0.040343,-0.058924,-0.033499,0.019789,-0.073369,0.009169,0.000704,0.001028
0,0.053368,0.227324,-0.006531,0.276918,4.2e-05,0.232727,0.000931,0.003968
0,-0.129825,0.050432,-0.194621,-0.193589,-0.219247,-0.150982,0.002266,0.00088
0,-0.08364,-0.06054,0.075976,-0.103197,0.102221,-0.097204,0.00146,0.001057
0,-0.007551,0.134672,0.085726,0.21529,0.048059,0.221696,0.000132,0.00235
0,-0.072135,0.08378,-0.067482,-0.032316,-0.09651,-2.1e-05,0.001259,0.001462
0,-0.098349,0.109196,-0.052396,0.018768,-0.079023,0.044808,0.001717,0.001906
0,0.107928,0.059232,0.183907,-0.047482,0.202802,-0.08364,0.001884,0.001034
0,-0.069434,-0.131454,-0.175519,-0.170551,-0.137586,-0.125768,0.001212,0.002294
0,0.076199,0.082914,0.167751,0.220619,0.146473,0.244386,0.00133,0.001447
0,-0.200123,0.045545,-0.249321,-0.04008,-0.262662,-0.032979,0.003493,0.000795
0,-0.215586,-0.100501,0.005058,-0.147827,0.010809,-0.160264,0.003763,0.001754
0,0.002843,0.130491,0.232403,0.202872,0.264258,0.167368,5e-05,0.002277
0,-0.264879,0.061929,-0.243679,-0.087276,-0.254755,-0.056706,0.004623,0.001081
0,-0.123134,0.094837,0.144665,0.011923,0.155124,-0.036455,0.002149,0.001655
0,-0.158489,-0.110085,-0.025713,-0.201008,-0.021634,-0.159276,0.002766,0.001921
0,-0.021834,-0.14111,0.131203,-0.054818,0.109612,-0.060002,0.000381,0.002463
0,-0.219571,0.051589,-0.169206,0.181157,-0.176238,0.189866,0.003832,0.0009
0,0.032908,-0.137881,0.244025,-0.184938,0.238246,-0.226909,0.000574,0.002406
0,-0.268103,-0.122954,-0.326109,0.010187,-0.290821,-0.000686,0.004679,0.002146
0,-0.157508,-0.116823,0.105868,-0.019132,0.066095,-0.052403,0.002749,0.002039
0,0.022842,-0.076992,0.159537,0.034557,0.117157,-0.002478,0.000399,0.001344
0,-0.230848,-0.119092,-0.22994,-0.019861,-0.182436,0.025479,0.004029,0.002079
0,-0.207695,-0.070918,0.026152,0.076391,0.041953,0.096594,0.003625,0.001238
0,-0.070643,-0.097426,0.150887,-0.051623,0.177082,-0.092356,0.001233,0.0017
0,-0.149034,0.045647,-0.054995,0.157322,-0.073635,0.13803,0.002601,0.000797
0,-0.225014,0.120245,-0.048456,0.079665,-0.054008,0.121626,0.003927,0.002099
0,-0.119127,-0.024787,0.132313,-0.172391,0.113427,-0.217363,0.002079,0.000433
0,-0.072047,-0.084654,0.059528,-0.049813,0.047542,-0.041798,0.001257,0.001477
0,-0.084748,-0.140892,-0.018603,-0.063075,-0.046046,-0.051826,0.001479,0.002459
0,-0.177819,-0.036348,-0.104531,0.084837,-0.125011,0.048387,0.003104,0.000634
0,-0.02583,-0.168753,0.180742,-0.147602,0.189913,-0.169647,0.000451,0.002945
0,-0.142669,-0.086499,-0.094257,0.093136,-0.083865,0.096363,0.00249,0.00151
0,-0.07804,-0.007739,0.065115,0.090086,0.109484,0.12677,0.001362,0.000135
0,0.024983,-0.073849,0.11474,-0.089375,0.066111,-0.076882,0.000436,0.001289
0,-0.159795,-0.126558,-0.189277,-0.023586,-0.224447,-0.026556,0.002789,0.002209
0,0.062292,-0.09079,0.238409,0.046813,0.211617,-1.9e-05,0.001087,0.001585
0,-0.120638,0.010882,-0.156836,0.118623,-0.199595,0.122429,0.002106,0.00019
0,-0.230769,-0.111855,-0.111139,-0.102119,-0.11447,-0.112056,0.004028,0.001952
0,-0.132397,-0.085107,0.111989,0.006211,0.144984,0.025362,0.002311,0.001485
0,-0.057262,-0.107205,0.065839,-0.016459,0.062836,0.004629,0.000999,0.001871
0,-0.154009,-0.078412,-0.074736,0.057106,-0.064295,0.064181,0.002688,0.001369
0,-0.200227,-0.038134,-0.043634,0.024074,-0.0427,0.016328,0.003495,0.000666
0,-0.023365,-0.148429,0.182636,-0.102617,0.17225,-0.123011,0.000408,0.002591
0,-0.109972,-0.034339,-0.11152,0.099392,-0.146176,0.145016,0.001919,0.000599
0,-0.20075,-0.154796,-0.097934,-0.128649,-0.05786,-0.117407,0.003504,0.002702
0,-0.140351,-0.115348,0.038564,0.062142,0.065643,0.047591,0.00245,0.002013
0,-0.005941,-0.143626,0.147653,-0.042975,0.188471,-0.04284,0.000104,0.002507
0,-0.062062,-0.017345,-0.067493,0.145306,-0.058766,0.159734,0.001083,0.000303
0,-0.099586,-0.082904,-0.066053,-0.074124,-0.047344,-0.074993,0.001738,0.001447
0,-0.003254,-0.119495,0.090592,-0.030213,0.10259,0.006255,5.7e-05,0.002086
0,0.044337,0.100902,0.049041,0.235873,0.065157,0.263167,0.000774,0.001761
0,0.020782,0.110986,-0.03223,0.012099,-0.000745,0.057718,0.000363,0.001937
0,0.066827,-0.035454,0.065648,-0.14745,0.065126,-0.151173,0.001166,0.000619
0,-0.014027,-0.060663,-0.101139,-0.030593,-0.113257,-0.049756,0.000245,0.001059
0,0.029698,-0.077735,0.043874,-0.001727,0.052476,-0.047291,0.000518,0.001357
0,-0.227842,-0.01383,-0.280405,0.062471,-0.290073,0.022159,0.003977,0.000241
0,-0.09754,-0.094542,0.13556,-0.104856,0.143758,-0.147521,0.001702,0.00165
0,-0.048167,-0.17569,0.06697,-0.094218,0.070987,-0.135489,0.000841,0.003066
0,-0.147842,-0.028888,-0.108808,0.157749,-0.118648,0.187234,0.00258,0.000504
0,-0.227477,0.044564,-0.057651,0.043502,-0.043849,0.049557,0.00397,0.000778
0,-0.33966,-0.087421,-0.129888,-0.155596,-0.105982,-0.138927,0.005824,0.001526
0,-0.320927,0.070442,0.047438,0.165433,0.021915,0.210338,0.005601,0.001229
0,-0.171876,-0.038498,0.138299,-0.114766,0.180774,-0.162092,0.003,0.000672
0,-0.152498,-0.059648,0.010952,-0.02116,0.034609,-0.05526,0.002662,0.001041
0,-0.12076,-0.144009,0.059851,-0.088157,0.083824,-0.118546,0.002108,0.002513
0,-0.062762,-0.087604,0.084169,0.073121,0.091559,0.085936,0.001095,0.001529
0,-0.137962,-0.021721,-0.054292,0.04505,-0.072825,0.036349,0.002408,0.000379
0,0.069525,0.053219,0.189659,0.077697,0.165154,0.044106,0.001213,0.000929
0,-0.127679,0.099315,-0.180451,0.064761,-0.161519,0.046805,0.002228,0.001733
0,-0.128058,-0.009692,0.006715,-0.115445,0.038569,-0.110586,0.002235,0.000169
0,-0.134951,0.095227,0.013872,0.096161,0.042594,0.142154,0.002355,0.001662
0,0.005648,-0.069563,0.140184,-0.173945,0.119542,-0.183172,9.9e-05,0.001214
0,-0.011548,-0.127986,-0.037282,-0.076955,-0.017705,-0.072323,0.000202,0.002234
0,-0.029378,-0.149549,-0.01865,-0.012687,0.008336,0.03057,0.000513,0.00261
0,0.089672,-0.131546,0.110372,-0.011925,0.094608,-0.038326,0.001565,0.002296
0,-0.11289,-0.100611,-0.222394,0.023102,-0.186982,0.061644,0.00197,0.001756
0,-0.105242,0.00924,0.012125,0.123591,-0.032833,0.151258,0.001837,0.000161
0,-0.152223,-0.182616,-0.028778,-0.190169,-0.023448,-0.156037,0.002657,0.003187
0,-0.01518,-0.032983,0.153306,0.150633,0.125479,0.105936,0.000265,0.000576
0,0.11152,-0.034228,0.153391,-0.01997,0.155952,0.017375,0.001946,0.000597
0,0.092106,-0.196521,-0.044301,-0.146029,-0.060598,-0.135545,0.001608,0.00343
0,-0.005877,-0.101011,-0.085225,0.094523,-0.118481,0.135495,0.000103,0.001763
0,0.134348,-0.21856,0.113442,-0.142896,0.162536,-0.182772,0.002345,0.003815
0,-0.097,-0.193289,-0.25051,0.00648,-0.21693,0.045664,0.001693,0.003374
0,0.309182,0.051429,0.427783,0.216098,0.401981,0.258187,0.005396,0.000898
0,0.646827,0.138196,0.3372,0.095046,0.323939,0.092241,0.000462,0.002412
0,0.488042,0.09722,-0.181758,-0.037891,-0.214657,-0.069972,0.003234,0.001697
0,0.504814,0.177214,0.033591,0.093629,0.048623,0.089313,0.002941,0.003093
0,0.585435,0.108725,0.108269,-0.081438,0.1051,-0.102622,0.001534,0.001898
0,0.357249,0.375126,-0.23226,0.293736,-0.229328,0.29575,0.005517,0.005205
0,0.212365,0.214247,-0.165322,-0.134022,-0.131777,-0.12163,0.003706,0.003739
0,0.082814,0.034753,-0.135253,-0.191623,-0.168112,-0.182212,0.001445,0.000607
0,0.266316,-0.016191,0.18334,-0.073346,0.229277,-0.057202,0.004648,0.000283
0,0.06211,-0.046718,-0.176506,-0.028724,-0.21611,0.013775,0.001084,0.000815
0,-1.475066,-0.585091,-1.519532,-0.547763,-1.521691,-0.515845,0.002241,0.00154
0,-5.3699,-0.90157,-3.90875,-0.331899,-3.907184,-0.374114,0.000291,0.003984
0,-5.239371,-0.91479,0.103575,-0.016521,0.13576,-0.022638,0.002569,0.004214
0,-4.894303,-0.95737,0.317195,-0.045588,0.2986,-0.031572,0.00316,0.004958
0,-4.166572,-1.017764,0.725294,-0.086887,0.676112,-0.069404,0.00221,0.00574
0,-3.452225,-0.926458,0.717337,0.069777,0.670503,0.040818,0.001494,0.004418
0,-2.581229,-0.790973,0.850553,0.136238,0.805234,0.11557,0.001956,0.002053
0,-1.92563,-0.602833,0.645134,0.174908,0.640265,0.212933,0.001647,0.00123
0,-0.66974,-0.370666,1.243863,0.203068,1.227013,0.219545,6.3e-05,0.005282
0,-0.504912,-0.175785,0.172948,0.1746,0.191081,0.182361,0.002939,0.003068
0,0.108968,-0.152827,0.626009,0.041263,0.581936,0.015192,0.001902,0.002667
0,0.468657,-0.256636,0.333392,-0.133188,0.361278,-0.106995,0.003572,0.004479
0,0.665847,-0.16525,0.177169,0.091791,0.224624,0.043297,0.00013,0.002884
0,0.399232,-0.185565,-0.285075,0.007934,-0.310142,0.04685,0.004784,0.003239
0,0.609776,-0.046929,0.212933,0.136018,0.191701,0.158447,0.001109,0.000819
0,0.26983,-0.158802,-0.351229,-0.126217,-0.36839,-0.08708,0.004709,0.002772
0,0.368343,-0.198735,0.101539,-0.033677,0.128202,-0.063169,0.005323,0.003469
0,0.352415,-0.094613,-0.019338,0.121276,-0.041735,0.144203,0.005601,0.001651
0,0.213644,-0.232332,-0.16683,-0.144089,-0.163694,-0.172858,0.003729,0.004055
0,0.145335,-0.109269,-0.042833,0.136759,-0.08846,0.091142,0.002537,0.001907
0,0.008136,-0.204988,-0.142442,-0.074291,-0.114169,-0.062101,0.000142,0.003578
0,-0.047926,-0.188704,-0.04951,0.022917,-0.041459,-0.022766,0.000836,0.003294
0,-0.067619,-0.2359,0.009753,-0.055041,0.047988,-0.091955,0.00118,0.004117
0,-0.003564,-0.019811,0.052789,0.18928,0.040911,0.212619,6.2e-05,0.000346
0,-0.927114,-0.606894,-0.927124,-0.590162,-0.909748,-0.564864,0.004429,0.001159
0,-2.161582,-0.570894,-1.251666,0.028952,-1.243754,0.006684,0.002472,0.001788
0,-2.34107,-0.759279,-0.170816,-0.164821,-0.159123,-0.177032,0.005604,0.0015
0,-2.36834,-0.840067,-0.014883,-0.097842,0.031204,-0.089024,0.005671,0.00291
0,-1.616627,-0.895106,0.740265,-0.043439,0.753196,-0.088785,0.004712,0.003871
0,-1.474511,-0.747318,0.162526,0.123829,0.155048,0.146559,0.002232,0.001291
0,-1.180107,-0.577917,0.302279,0.18559,0.332467,0.154464,0.002907,0.001665
0,-0.907545,-0.222535,0.266361,0.336503,0.249328,0.297343,0.004088,0.003884
0,-0.790992,-0.141821,0.13083,0.073642,0.172275,0.027839,0.002054,0.002475
0,-0.501708,-0.365522,0.292557,-0.24634,0.272017,-0.256332,0.002995,0.005372
0,-0.160758,-0.290445,0.344557,0.052561,0.300063,0.063969,0.002806,0.005069
0,0.143095,-0.201456,0.290175,0.108514,0.297064,0.158143,0.002497,0.003516
0,0.358777,-0.125708,0.192469,0.082888,0.147416,0.04342,0.00549,0.002194
0,0.074826,0.28452,-0.273207,0.41874,-0.239108,0.400838,0.001306,0.004966
0,0.034055,0.427009,-0.011181,0.123864,0.01663,0.143896,0.000594,0.004299
0,-0.155913,0.262217,-0.207573,-0.183727,-0.172266,-0.169424,0.002721,0.004577
0,-0.029355,0.328173,0.133335,0.047887,0.153418,0.085058,0.000512,0.005728
0,-0.020324,0.347145,0.00906,-0.006577,-0.008511,-0.05119,0.000355,0.005693
0,-0.188932,0.298312,-0.14033,-0.060921,-0.137071,-0.066075,0.003297,0.005207
0,-0.10233,0.372996,0.085217,0.063809,0.068924,0.068447,0.001786,0.005242
0,-0.319031,0.116913,-0.189885,-0.258896,-0.205018,-0.290592,0.005568,0.002041
0,-0.156219,0.192171,0.175488,0.073312,0.127176,0.075456,0.002727,0.003354
0,1.246274,-0.154624,1.391681,-0.345509,1.388209,-0.305602,0.001752,0.002699
0,4.568859,-0.262251,3.343471,-0.125049,3.316558,-0.096781,0.00252,0.004577
0,4.533359,-1.172557,-0.053984,-0.893248,-0.055265,-0.893827,0.00314,0.003038
0,4.608157,-1.063418,0.075735,0.120137,0.075049,0.117302,0.001834,0.004943
0,4.205677,-1.138866,-0.414579,-0.086373,-0.414113,-0.055226,0.002893,0.003626
0,2.956583,-0.798108,-1.241519,0.352141,-1.204851,0.310488,0.004595,0.002178
0,2.370394,-0.684976,-0.58724,0.138185,-0.558914,0.104386,0.005636,0.000203
0,1.383188,-0.631153,-0.970322,0.035896,-0.992932,0.032069,0.000638,0.000736
0,0.736528,-0.360477,-0.647204,0.291043,-0.681869,0.321588,0.001103,0.00546
0,0.117982,-0.344548,-0.645958,0.007342,-0.637644,-0.014395,0.002059,0.005738
0,-0.198758,0.143882,-0.323415,0.473461,-0.310765,0.498578,0.003469,0.002511
0,-0.345225,0.170692,-0.163622,0.007591,-0.196135,0.047608,0.005726,0.002979
0,-0.501076,0.134702,-0.159331,-0.008023,-0.17731,-0.05719,0.003006,0.002351
0,-0.48413,0.320529,0.035735,0.179216,0.068849,0.136717,0.003302,0.005594
0,-0.193855,0.066698,0.310534,-0.250515,0.261567,-0.22792,0.003383,0.001164
0,-0.145809,0.425806,0.028344,0.342733,-0.008392,0.335435,0.002545,0.00432
0,-0.159697,0.18847,0.012834,-0.211064,-0.029599,-0.193163,0.002787,0.003289
0,-0.159327,0.311049,-0.024486,0.125633,-0.040966,0.108487,0.002781,0.005429
0,-0.283068,0.04983,-0.111119,-0.258935,-0.07954,-0.255696,0.00494,0.00087
0,-0.218596,0.322963,0.051008,0.243286,0.08406,0.202224,0.003815,0.005637
0,-0.098388,0.116354,0.10311,-0.179404,0.132549,-0.211569,0.001717,0.002031
0,-0.203718,0.264726,-0.087041,0.121553,-0.136472,0.130357,0.003556,0.00462
0,-0.191018,0.203187,-0.016892,-0.047536,-0.046179,-0.039176,0.003334,0.003546
0,-0.281162,0.050002,-0.073744,-0.171568,-0.071779,-0.198141,0.004907,0.000873
0,-0.24805,0.200151,0.022525,0.132946,-0.024046,0.123584,0.004329,0.003493
0,-0.146361,0.179669,0.08637,-0.021828,0.09683,0.022752,0.002554,0.003136
0,-0.209521,0.189558,-0.049142,0.014102,-0.003514,0.044404,0.003657,0.003308
0,-0.225866,0.043422,-0.009905,-0.152815,0.021819,-0.160854,0.003942,0.000758
0,-0.205338,0.281755,0.039134,0.258429,0.038172,0.2839,0.003584,0.004918
0,-0.060167,0.191353,0.130138,-0.063118,0.108386,-0.066997,0.00105,0.00334
0,-0.112572,0.144066,-0.07264,-0.075841,-0.035042,-0.098909,0.001965,0.002514
0,-0.176267,0.210459,-0.041101,0.069213,-0.080289,0.10118,0.003076,0.003673
0,-0.157245,0.254248,0.024674,0.05987,0.015365,0.016475,0.002744,0.004437
0,-0.041556,0.057217,0.126849,-0.16994,0.088888,-0.164681,0.000725,0.000999
0,-0.033021,0.046968,0.006607,-0.000743,-0.025939,0.028149,0.000576,0.00082
0,-0.228671,0.085699,-0.21126,0.02771,-0.239462,-0.012053,0.003991,0.001496
0,-0.013391,0.21832,0.20492,0.145286,0.235367,0.16608,0.000234,0.00381
0,0.020118,0.25853,0.059543,0.037051,0.022617,0.046761,0.000351,0.004512
0,0.006438,0.139347,0.00563,-0.141696,0.054855,-0.128018,0.000112,0.002432
0,0.066038,0.214189,0.052206,0.081798,0.071833,0.101135,0.001153,0.003738
0,-0.005383,-0.046658,-0.074134,-0.245937,-0.075898,-0.222621,9.4e-05,0.000814
0,-0.160773,0.207625,-0.130582,0.261351,-0.08673,0.286432,0.002806,0.003624
0,-0.104363,0.029005,0.031088,-0.165904,0.015409,-0.151403,0.001821,0.000506
0,0.012517,0.068833,0.135019,0.023825,0.116096,-0.015559,0.000218,0.001201
0,0.025705,0.020967,0.017314,-0.057546,0.005389,-0.068224,0.000449,0.000366
0,-0.012167,-0.030094,-0.033412,-0.046335,0.012673,-0.053716,0.000212,0.000525
0,-0.10361,0.083274,-0.094884,0.117447,-0.050912,0.073897,0.001808,0.001453
0,-0.118503,0.178673,-0.004443,0.106567,0.021451,0.078368,0.002068,0.003118
0,-0.176985,0.133596,-0.062222,-0.034481,-0.060312,-0.032556,0.003089,0.002332
0,-0.000227,-0.016432,0.151905,-0.172484,0.196939,-0.191284,4e-06,0.000287
0,-0.010252,-0.053412,-0.023695,-0.043975,0.023934,-0.040967,0.000179,0.000932
0,-0.087724,0.062997,-0.049469,0.14145,-0.025745,0.189954,0.001531,0.001099
0,-0.188973,0.00762,-0.125942,-0.02869,-0.104127,-0.00179,0.003298,0.000133
0,-0.215701,0.164505,-0.01829,0.175496,-0.014599,0.1475,0.003765,0.002871
0,0.032661,0.229945,0.248943,0.065926,0.200999,0.100897,0.00057,0.004013
0,-0.043475,0.034812,-0.104074,-0.175112,-0.119747,-0.160054,0.000759,0.000608
0,-0.197936,0.169377,-0.129338,0.125935,-0.101607,0.138815,0.003455,0.002956
0,-0.100334,0.016962,0.106011,-0.139338,0.146163,-0.156681,0.001751,0.000296
0,-0.05402,-0.014476,0.030443,-0.055833,0.018082,-0.019657,0.000943,0.000253
0,-0.055087,-0.114587,-0.003665,-0.073637,0.025745,-0.123077,0.000961,0.002
0,-0.103124,-0.05618,-0.072323,0.084614,-0.030094,0.065825,0.0018,0.000981
0,-0.171609,0.143522,-0.047474,0.226866,-0.068736,0.186232,0.002995,0.002505
0,-0.097749,0.136627,0.071085,-0.009547,0.072858,-0.033355,0.001706,0.002385
0,-0.156665,-0.038442,-0.072481,-0.199697,-0.030817,-0.237079,0.002734,0.000671
0,-0.042697,0.04024,0.135057,0.103489,0.137455,0.106351,0.000745,0.000702
0,0.039917,0.104636,0.06954,0.076978,0.057752,0.049668,0.000697,0.001826
0,-0.184341,0.054629,-0.215697,-0.046564,-0.183096,-0.041499,0.003217,0.000953
0,-0.201705,-0.104278,-0.024102,-0.16017,-0.010592,-0.182784,0.00352,0.00182
0,-0.001863,-0.135738,0.222666,-0.025505,0.174442,-0.033927,3.3e-05,0.002369
0,0.008208,-0.080679,0.035718,0.037114,0.02664,0.009492,0.000143,0.001408
0,0.066655,-0.208029,0.032738,-0.136903,0.021034,-0.154733,0.001163,0.003631
0,0.020486,-0.097535,-0.0618,0.119679,-0.089401,0.074256,0.000358,0.001702
0,-0.196161,-0.150663,-0.225356,-0.033501,-0.20823,-0.008584,0.003424,0.00263
0,-0.146366,0.037681,0.061263,0.215915,0.014947,0.224647,0.002555,0.000658
0,-0.049914,0.047618,0.099243,0.001872,0.090351,-0.038575,0.000871,0.000831
0,-0.23412,0.028316,-0.204756,0.006837,-0.187481,-0.031728,0.004086,0.000494
0,-0.121847,-0.11708,0.127671,-0.11786,0.152142,-0.07105,0.002127,0.002043
0,-0.133768,-0.096405,-0.013432,-0.00683,0.014118,0.016871,0.002335,0.001683
0,0.053383,0.130995,0.204921,0.201922,0.19827,0.177654,0.000932,0.002286
0,-0.020119,-0.035708,-0.061296,-0.167919,-0.05195,-0.123668,0.000351,0.000623
0,-0.106211,-0.103222,-0.093465,-0.096986,-0.081539,-0.106592,0.001854,0.001802
0,-0.102053,-0.018352,0.028608,0.107644,0.071414,0.093497,0.001781,0.00032
0,-0.180834,0.122389,-0.052374,0.143141,-0.035509,0.177197,0.003156,0.002136
0,-0.051903,0.034557,0.11067,-0.074579,0.07693,-0.123915,0.000906,0.000603
0,0.048347,0.080295,0.119895,0.030367,0.164544,-0.018127,0.000844,0.001401
0,0.042336,-0.097157,0.017447,-0.158382,0.046726,-0.178502,0.000739,0.001696
0,0.046417,0.135795,-0.008366,0.223949,-0.042858,0.258721,0.00081,0.00237
0,-0.188864,0.034045,-0.241169,-0.092543,-0.27992,-0.12512,0.003296,0.000594
0,0.036544,0.068191,0.252798,0.040971,0.286616,0.090027,0.000638,0.00119
0,-0.092738,-0.111554,-0.137307,-0.195764,-0.175986,-0.179244,0.001619,0.001947
0,-0.128305,0.090508,-0.025263,0.229415,-0.023795,0.183073,0.002239,0.00158
0,-0.022911,-0.024263,0.077347,-0.121223,0.091484,-0.170658,0.0004,0.000423
0,-0.086969,0.100555,-0.06337,0.15354,-0.077235,0.199538,0.001518,0.001755
0,-0.116653,-0.146244,-0.013772,-0.276559,0.018195,-0.237069,0.002036,0.002552
0,-0.134499,-0.021584,-0.020542,0.13986,-0.061319,0.107086,0.002347,0.000377
0,-0.007579,0.093496,0.124417,0.090684,0.125443,0.092601,0.000132,0.001632
0,-0.043223,-0.001337,-0.056196,-0.087564,-0.057073,-0.095506,0.000754,2.3e-05
0,-0.236292,-0.068722,-0.18388,-0.041704,-0.188662,-0.06799,0.004124,0.001199
0,-0.127101,0.012874,0.121825,0.108326,0.146465,0.076038,0.002218,0.000225
0,0.002804,0.087065,0.146965,0.058129,0.118065,0.090825,4.9e-05,0.00152
0,-0.109217,-0.131063,-0.140515,-0.192763,-0.131763,-0.207054,0.001906,0.002287
0,0.077304,0.087715,0.210658,0.233886,0.165584,0.207524,0.001349,0.001531
0,-0.083873,0.002885,-0.143187,-0.111999,-0.166851,-0.126049,0.001464,5e-05
0,-0.022769,-0.072756,0.064068,-0.059486,0.092044,-0.07021,0.000397,0.00127
0,0.080769,0.044912,0.078691,0.145252,0.114167,0.188019,0.00141,0.000784
0,-0.134097,0.018279,-0.230536,0.002455,-0.277607,0.047974,0.00234,0.000319
0,0.028504,0.112116,0.141263,0.081698,0.091675,0.04244,0.000497,0.001957
0,-0.137794,-0.094249,-0.161245,-0.186829,-0.163409,-0.153047,0.002405,0.001645
0,-0.143709,0.006377,-0.032269,0.115548,-0.075835,0.150593,0.002508,0.000111
0,-0.003518,-0.143502,0.14918,-0.152141,0.121016,-0.157043,6.1e-05,0.002505
0,-0.064247,0.082867,-0.067171,0.207434,-0.050003,0.161606,0.001121,0.001446
0,-0.070714,-0.10358,-0.018847,-0.21499,-0.004838,-0.232342,0.001234,0.001808
0,0.12137,-0.037164,0.183002,0.087026,0.206293,0.044969,0.002118,0.000649
0,0.065492,0.054852,-0.030243,0.103792,-0.068719,0.097999,0.001143,0.000957
0,-0.066817,-0.123216,-0.139104,-0.189033,-0.139955,-0.198214,0.001166,0.002151
0,0.010105,0.017194,0.071797,0.123227,0.094355,0.161819,0.000176,0.0003
0,0.06986,0.126901,0.081085,0.128998,0.102104,0.113747,0.001219,0.002215
0,-0.040613,-0.018124,-0.114916,-0.142162,-0.095667,-0.166455,0.000709,0.000316
0,0.004561,-0.018541,0.057026,-0.012878,0.082072,0.016455,8e-05,0.000324
0,-0.059326,-0.082144,-0.079663,-0.0435,-0.050131,-0.006365,0.001035,0.001434
0,0.198479,0.017713,0.247555,0.108227,0.202125,0.142993,0.003464,0.000309
0,-0.119127,0.115544,-0.333737,0.107436,-0.325121,0.076713,0.002079,0.002017
0,-0.114672,0.180345,0.005663,0.063496,0.036264,0.062742,0.002001,0.003148
0,-0.144874,-0.071439,-0.043376,-0.241559,-0.035458,-0.257033,0.002529,0.001247
0,0.011837,0.166149,0.165895,0.257392,0.134094,0.266907,0.000207,0.0029
0,0.056397,-0.067327,0.031797,-0.247995,0.005577,-0.265981,0.000984,0.001175
0,1.569272,0.380071,1.527722,0.47572,1.566367,0.482841,0.003886,0.005118
0,2.226027,0.256017,0.664103,-0.117335,0.68432,-0.104046,0.003596,0.004468
0,3.478889,0.624323,1.243496,0.363657,1.263989,0.341867,0.00196,0.000855
0,2.985287,0.277994,-0.509442,-0.326772,-0.477885,-0.286668,0.005096,0.004852
0,2.459059,0.399771,-0.514313,0.101612,-0.546621,0.147126,0.004088,0.004774
0,2.045436,0.150211,-0.413968,-0.225914,-0.385557,-0.19983,0.000444,0.002622
0,1.879392,0.286022,-0.140843,0.118503,-0.143712,0.114076,0.002454,0.004992
0,1.110684,0.260129,-0.741407,-0.019792,-0.711098,0.022836,0.004118,0.00454
0,0.804554,0.130397,-0.327455,-0.158694,-0.36024,-0.206472,0.00229,0.002276
0,0.209464,0.228558,-0.56985,0.089608,-0.563608,0.125207,0.003656,0.003989
0,-0.020179,0.268761,-0.201068,0.023688,-0.23964,-0.006507,0.000352,0.004691
0,-0.085026,0.23977,-0.038233,-0.009052,-0.018447,-0.017339,0.001484,0.004185
0,-0.319357,0.079591,-0.251012,-0.181667,-0.246474,-0.198198,0.005574,0.001389
0,-0.163306,0.052495,0.133344,-0.037118,0.083954,-0.027563,0.00285,0.000916
0,-0.239095,0.174265,-0.075282,0.112962,-0.061214,0.099936,0.004173,0.003041
0,-0.262162,0.113488,0.002578,-0.049121,0.021609,-0.048348,0.004576,0.001981
0,-0.296883,0.315994,-0.020433,0.196878,-0.060082,0.158623,0.005182,0.005515
0,-0.505369,0.361055,-0.209846,0.025574,-0.240405,-0.016492,0.002931,0.00545
0,-0.369555,0.036821,0.16379,-0.317927,0.139582,-0.305885,0.005302,0.000643
0,-0.198463,0.052174,0.152857,-0.013805,0.158233,-0.018396,0.003464,0.000911
0,-0.157993,0.079707,0.025007,0.002961,-0.018467,0.007458,0.002757,0.001391
0,-0.071666,0.143502,0.080191,0.071747,0.098916,0.037499,0.001251,0.002505
0,-0.156184,-0.098952,-0.112831,-0.221089,-0.156238,-0.259602,0.002726,0.001727
0,-0.094416,0.079942,0.057822,0.149714,0.028093,0.164095,0.001648,0.001395
0,-0.277107,-0.06167,-0.195263,-0.162508,-0.198,-0.155561,0.004836,0.001076
0,-0.146506,0.095872,0.155727,0.140745,0.176148,0.160215,0.002557,0.001673
0,-0.17448,-0.085959,-0.055198,-0.206947,-0.020996,-0.180861,0.003045,0.0015
0,0.075336,0.111821,0.275779,0.193853,0.230302,0.219662,0.001315,0.001952
0,0.10513,0.168545,0.05197,0.084977,0.071556,0.097377,0.001835,0.002942
0,-0.208822,0.109731,-0.308304,-0.041454,-0.344602,-0.061168,0.003645,0.001915
0,0.007354,0.070243,0.23834,-0.030302,0.240474,-0.065536,0.000128,0.001226
0,-0.104053,-0.032244,-0.105632,-0.109951,-0.149737,-0.094739,0.001816,0.000563
0,-0.06322,0.115722,0.063206,0.146855,0.063482,0.103994,0.001103,0.00202
0,-0.025821,-0.044805,0.033873,-0.166438,0.015337,-0.163147,0.000451,0.000782
0,-0.045225,0.188638,-0.009952,0.237523,0.039325,0.226732,0.000789,0.003292
0,-0.07439,-0.082817,-0.058258,-0.245098,-0.064506,-0.28617,0.001298,0.001445
0,0.003021,0.064,0.071575,0.12886,0.108896,0.132303,5.3e-05,0.001117
0,0.129293,-0.013701,0.136838,-0.078527,0.175838,-0.089519,0.002257,0.000239
0,-0.021511,0.152255,-0.144111,0.146638,-0.181891,0.176023,0.000375,0.002657
0,0.018374,-0.01141,0.042169,-0.154851,0.030287,-0.107497,0.000321,0.000199
0,-0.060888,-0.09528,-0.065875,-0.104962,-0.027221,-0.078371,0.001063,0.001663
0,0.044199,0.145037,0.108663,0.228134,0.100384,0.237336,0.000771,0.002531
0,0.081145,-0.06639,0.052517,-0.201473,0.075769,-0.183084,0.001416,0.001159
0,-0.078136,-0.020231,-0.159392,0.024302,-0.126159,0.021845,0.001364,0.000353
0,-0.081325,0.06098,-0.031661,0.088613,-0.00085,0.089163,0.001419,0.001064
0,-0.147548,0.021214,-0.056648,-0.016934,-0.038172,-0.051708,0.002575,0.00037
0,-0.114231,-0.018561,0.032196,-0.012353,0.026861,-0.029097,0.001994,0.000324
0,-0.05541,-0.058869,0.035481,-0.055324,0.016565,-0.100225,0.000967,0.001027
0,-0.196646,0.024473,-0.151298,0.06061,-0.167845,0.015271,0.003432,0.000427
0,-0.165222,-0.060757,0.059073,-0.062235,0.051867,-0.047374,0.002884,0.00106
0,-0.032877,-0.017586,0.138931,0.041862,0.10216,-0.00727,0.000574,0.000307
0,-0.110526,-0.076491,-0.05454,-0.0541,-0.050225,-0.03745,0.001929,0.001335
0,-0.153478,0.082401,-0.057047,0.1578,-0.078666,0.206744,0.002679,0.001438
0,-0.12283,0.003321,0.001692,-0.082757,-0.016831,-0.096041,0.002144,5.8e-05
0,0.034123,0.115841,0.171692,0.088481,0.142187,0.040537,0.000596,0.002022
0,-0.072242,-0.136119,-0.130943,-0.223747,-0.150703,-0.217554,0.001261,0.002376
0,0.048189,-0.120206,0.129348,-0.008273,0.122055,0.026565,0.000841,0.002098
0,-0.005332,-0.077951,-0.040432,0.033385,-0.072433,0.071254,9.3e-05,0.001361
0,0.006037,-0.14714,-0.005269,-0.044696,-0.017375,-0.033568,0.000105,0.002568
0,-0.09091,0.066319,-0.097097,0.232018,-0.049057,0.253703,0.001587,0.001157
0,-0.105433,-0.060376,-0.041544,-0.108469,-0.028776,-0.06018,0.00184,0.001054
0,-0.072803,0.120591,0.01499,0.176435,0.006597,0.132864,0.001271,0.002105
0,-0.125685,-0.0133,-0.057305,-0.113259,-0.101139,-0.113898,0.002194,0.000232
0,-0.127621,0.078195,-0.020236,0.086044,0.00417,0.046591,0.002227,0.001365
0,-0.118206,-0.0205,0.030812,-0.082019,0.018626,-0.092897,0.002063,0.000358
0,-0.108854,0.062421,-0.008915,0.09823,0.008364,0.056765,0.0019,0.001089
0,0.072526,-0.095887,0.178089,-0.129243,0.157705,-0.084391,0.001266,0.001674
0,-0.083019,-0.048838,-0.157363,0.054849,-0.203792,0.051502,0.001449,0.000852
0,-0.069657,0.005673,0.029195,0.04829,-0.014539,0.013412,0.001216,9.9e-05
0,-0.09522,-0.094013,-0.043962,-0.08493,-0.012467,-0.056575,0.001662,0.001641
0,0.147002,-0.136938,0.21362,-0.026532,0.223416,0.005647,0.002566,0.00239
0,0.081362,0.103878,-0.039509,0.233452,-0.060793,0.244813,0.00142,0.001813
0,0.114609,0.006888,0.048644,-0.109783,0.087951,-0.090739,0.002,0.00012
0,-0.091965,0.13334,-0.203683,0.105022,-0.2226,0.1216,0.001605,0.002327
0,-0.064795,-0.143976,0.023549,-0.260382,0.056754,-0.215961,0.001131,0.002513
0,0.071226,0.075399,0.142107,0.247638,0.138879,0.256533,0.001243,0.001316
0,0.085589,0.038839,0.037609,-0.015505,0.076302,-0.03381,0.001494,0.000678
0,-0.070544,-0.029902,-0.145441,-0.080549,-0.116678,-0.10781,0.001231,0.000522
0,-0.115862,-0.151673,-0.052285,-0.096523,-0.015602,-0.071421,0.002022,0.002647
0,0.032039,-0.174265,0.160734,-0.042951,0.149437,-0.024086,0.000559,0.003042
0,0.110925,-0.132103,0.084944,0.070148,0.089343,0.088864,0.001936,0.002306
0,0.084389,0.001464,-0.017864,0.155864,-0.013384,0.118047,0.001473,2.6e-05
0,-0.601512,-1.141336,-0.702318,-1.132355,-0.689954,-1.08556,0.001253,0.003583
0,-0.676905,-1.388173,-0.079302,-0.241012,-0.070105,-0.252639,6.3e-05,0.000725
0,-0.970065,-1.386203,-0.279023,0.006059,-0.288771,0.035896,0.005179,0.00069
0,-1.047623,-1.312062,-0.075332,0.056458,-0.076415,0.101426,0.005219,0.000604
0,-1.014438,-1.139774,0.016704,0.159036,0.055016,0.140892,0.005798,0.003611
0,-0.823393,-0.962338,0.183038,0.20085,0.19854,0.226032,0.002619,0.005044
0,-0.621727,-0.838713,0.207529,0.110701,0.217401,0.101162,0.000901,0.002887
0,-0.57648,-0.924863,0.037989,-0.091467,0.082938,-0.134408,0.00169,0.00439
0,-0.393406,-0.721718,0.204486,0.225201,0.168034,0.236178,0.004885,0.000845
0,-0.224949,-0.49381,0.177076,0.229804,0.194881,0.230428,0.003926,0.003133
0,-0.119179,-0.338194,0.117985,0.153668,0.07429,0.132637,0.00208,0.005849
0,-0.063682,0.122799,0.062933,0.485625,0.072706,0.445717,0.001111,0.002143
0,-0.003756,0.005835,0.076455,-0.092793,0.110712,-0.083348,6.6e-05,0.000102
0,0.048604,0.044645,0.049968,0.032563,0.055971,-0.011961,0.000848,0.000779
0,-0.067604,0.026128,-0.140061,-0.034418,-0.172895,-0.067903,0.00118,0.000456
0,0.030708,-0.110592,0.094153,-0.134765,0.055221,-0.140398,0.000536,0.00193
0,-0.13702,0.08748,-0.157139,0.179195,-0.144719,0.16911,0.002391,0.001527
0,-0.148873,0.03208,-0.014106,-0.03074,0.022353,-0.054183,0.002598,0.00056
0,-0.061016,-0.103811,0.108958,-0.161436,0.102662,-0.205251,0.001065,0.001812
0,0.020455,0.081896,0.07378,0.194631,0.059459,0.24283,0.000357,0.001429
0,-0.193481,0.070702,-0.194478,0.016402,-0.210011,0.016733,0.003377,0.001234
0,-0.162038,0.044245,0.017026,-0.049545,0.00068,-0.077338,0.002828,0.000772
0,-0.304466,-0.195937,-0.164343,-0.238212,-0.203306,-0.26134,0.005314,0.00342
0,-0.147108,-0.019636,0.129781,0.156012,0.081732,0.184854,0.002568,0.000343
0,-0.048721,-0.071262,0.091139,-0.076435,0.113879,-0.047649,0.00085,0.001244
0,0.02285,-0.147306,0.074595,-0.047594,0.120025,-0.060626,0.000399,0.002571
0,-0.012408,-0.198492,-0.045563,-0.069192,-0.055164,-0.049187,0.000217,0.003464
0,-0.230466,-0.15559,-0.242495,0.046228,-0.216832,0.009748,0.004022,0.002716
0,-0.126857,-0.003318,0.078718,0.148617,0.059818,0.136719,0.002214,5.8e-05
0,-0.187126,-0.175842,-0.077597,-0.17356,-0.029705,-0.172351,0.003266,0.003069
0,-0.17895,-0.062821,0.022581,0.140256,0.045436,0.107314,0.003123,0.001096
0,-0.144851,-0.0598,0.031109,-0.019713,0.055502,-0.007781,0.002528,0.001044
0,0.023132,-0.160786,0.193081,-0.092317,0.200055,-0.141515,0.000404,0.002806
0,0.057909,-0.133009,0.016428,0.052298,0.041692,0.057684,0.001011,0.002321
0,-0.186566,-0.162405,-0.255372,-0.038905,-0.269485,-0.070648,0.003256,0.002835
0,-0.014057,-0.080853,0.194476,0.054983,0.185689,0.065326,0.000245,0.001411
0,0.069303,-0.028939,0.057247,0.049395,0.084148,0.005186,0.00121,0.000505
0,-0.221311,-0.059762,-0.309549,-0.041553,-0.356644,-0.016836,0.003863,0.001043
0,-0.064883,0.016601,0.179382,0.061273,0.178502,0.064873,0.001132,0.00029
0,-0.086453,0.085877,-0.031677,0.058336,-0.023699,0.061665,0.001509,0.001499
0,0.036925,-0.153493,0.117194,-0.231658,0.131099,-0.281153,0.000644,0.002679
0,0.042786,-0.01808,0.003751,0.123593,0.036986,0.125272,0.000747,0.000316
0,0.033936,0.063408,-0.009033,0.104963,0.026471,0.118055,0.000592,0.001107
0,0.004493,-0.151887,-0.001322,-0.233095,0.009143,-0.223785,7.8e-05,0.002651
0,0.143189,-0.208946,0.134626,-0.032319,0.114005,0.005983,0.002499,0.003647
0,-0.057733,-0.009475,-0.206475,0.192264,-0.199867,0.227537,0.001008,0.000165
0,0.04473,-0.18532,0.08258,-0.154875,0.042838,-0.126222,0.000781,0.003234
0,0.148215,-0.121583,0.113494,0.090447,0.126143,0.042378,0.002587,0.002122
0,-0.135127,0.023174,-0.309557,0.144605,-0.289895,0.137552,0.002358,0.000404
0,-0.066157,-0.147282,0.082442,-0.177567,0.068956,-0.221088,0.001155,0.002571
0,-0.09268,-0.177658,-0.039474,-0.049236,-0.077287,-0.0649,0.001618,0.003101
0,-0.116961,-0.034045,-0.031281,0.150603,-0.05812,0.175704,0.002041,0.000594
0,-0.12486,0.001968,-0.023912,0.048031,-0.02523,0.08797,0.002179,3.4e-05
0,-0.059125,-0.080591,0.067683,-0.056796,0.083038,-0.068298,0.001032,0.001407
0,0.109296,-0.033216,0.145366,0.056674,0.151781,0.015834,0.001908,0.00058
0,-0.042699,0.029162,-0.125744,0.076959,-0.075954,0.066393,0.000745,0.000509
0,0.161439,0.13852,0.192187,0.099415,0.164456,0.076357,0.002818,0.002418
0,-0.093678,0.138235,-0.248572,0.002844,-0.280764,-0.029201,0.001635,0.002413
0,0.047006,-0.125002,0.124631,-0.28545,0.092241,-0.268186,0.00082,0.002182
0,-0.067027,-0.052592,-0.136678,0.0928,-0.160123,0.123773,0.00117,0.000918
0,0.022141,0.028175,0.096503,0.084825,0.134295,0.095003,0.000386,0.000492
0,0.050284,0.078684,0.049461,0.07297,0.004241,0.02727,0.000878,0.001373
0,0.106785,-0.144848,0.026588,-0.235816,0.035977,-0.195993,0.001864,0.002528
0,0.127981,-0.0378,0.004922,0.111237,-0.004343,0.102941,0.002234,0.00066
0,0.193077,-0.039193,0.081031,0.026021,0.123302,-0.007475,0.00337,0.000684
0,0.237575,0.143153,0.060997,0.183926,0.100781,0.161763,0.004146,0.002498
0,0.011437,0.131962,-0.197728,-0.021404,-0.214562,0.00024,0.0002,0.002303
0,0.040732,0.014818,0.021929,-0.120249,0.064967,-0.168395,0.000711,0.000259
0,0.052654,0.062588,0.00944,0.027389,0.029191,0.037451,0.000919,0.001092
0,0.140421,0.084504,0.117007,0.02517,0.157304,0.041829,0.002451,0.001475
0,0.255887,0.02545,0.089477,-0.045911,0.120497,-0.092691,0.004466,0.000444
0,0.167001,-0.096683,-0.080232,-0.118337,-0.032897,-0.162087,0.002915,0.001687
0,0.272815,0.076591,0.133933,0.196755,0.106626,0.241004,0.004762,0.001337
0,0.064642,0.083427,-0.204729,0.014485,-0.1706,-0.019429,0.001128,0.001456
0,0.236122,0.134555,0.163607,0.034909,0.166908,-0.003374,0.004121,0.002348
0,0.202048,0.043363,-0.004183,-0.085452,0.007871,-0.04354,0.003526,0.000757
0,0.174535,-0.021371,-0.034595,-0.078716,-0.057159,-0.055854,0.003046,0.000373
0,0.23111,-0.041379,0.079912,-0.044083,0.032048,-0.05374,0.004034,0.000722
0,0.167918,-0.041384,-0.078242,-0.014015,-0.106582,-0.029712,0.002931,0.000722
0,0.234104,-0.100723,0.054519,-0.053617,0.022479,-0.031806,0.004086,0.001758
0,0.239084,-0.007624,0.01535,0.116708,0.041109,0.12985,0.004173,0.000133
0,0.122812,-0.099453,-0.129418,-0.101099,-0.121983,-0.072915,0.002143,0.001736
0,0.106747,0.08139,-0.027589,0.171048,-0.019032,0.171636,0.001863,0.001421
0,0.057819,-0.080161,-0.034276,-0.176778,-0.038915,-0.188536,0.001009,0.001399
0,0.207214,-0.037119,0.15851,0.035755,0.147044,0.010141,0.003617,0.000648
0,0.156963,0.154241,-0.032135,0.170754,0.016667,0.212173,0.00274,0.002692
0,0.233901,0.113938,0.101226,-0.011343,0.103328,-0.055511,0.004082,0.001989
0,0.012768,-0.026631,-0.215881,-0.116829,-0.256014,-0.071016,0.000223,0.000465
0,0.049801,0.156234,0.036772,0.188617,0.054389,0.195487,0.000869,0.002727
0,0.196814,0.028993,0.131917,-0.152413,0.088881,-0.164355,0.003435,0.000506
0,0.069067,0.06545,-0.103863,0.009685,-0.137351,-0.027231,0.001205,0.001142
0,0.02233,0.000685,-0.017415,-0.084347,0.01009,-0.090106,0.00039,1.2e-05
0,0.00582,0.137369,-0.013512,0.134387,-0.022855,0.085481,0.000102,0.002398
0,-0.023248,0.082593,-0.027921,-0.0761,-0.07271,-0.050758,0.000406,0.001442
0,0.069779,0.046545,0.106834,-0.061394,0.077313,-0.107068,0.001218,0.000812
0,0.005119,0.084307,-0.053661,0.015979,-0.070441,0.029125,8.9e-05,0.001471
0,0.157409,0.07141,0.134322,0.000458,0.113229,0.037489,0.002747,0.001246
0,0.124385,0.02603,-0.058128,-0.025126,-0.081766,-0.025317,0.002171,0.000454
0,0.054562,0.022967,-0.070175,-0.0034,-0.112116,0.009864,0.000952,0.000401
0,0.018163,0.081292,-0.065351,0.03338,-0.108188,0.040083,0.000317,0.001419
0,0.123951,-0.0848,0.077014,-0.184472,0.068352,-0.137684,0.002163,0.00148
0,-0.031683,-0.137939,-0.131064,-0.031954,-0.144622,-0.009192,0.000553,0.002407
0,0.073872,0.044939,0.099198,0.164696,0.103544,0.201161,0.001289,0.000784
0,0.09495,0.112524,0.027562,0.060451,0.040056,0.063415,0.001657,0.001964
0,0.123706,-0.082189,0.035491,-0.18028,0.02423,-0.150088,0.002159,0.001434
0,-0.007336,0.076211,-0.132568,0.168659,-0.144378,0.191205,0.000128,0.00133
0,0.219137,-0.12113,0.236077,-0.199495,0.249611,-0.160249,0.003825,0.002114
0,0.125289,0.013332,-0.100969,0.141054,-0.079756,0.157542,0.002187,0.000233
0,-0.014342,-0.040135,-0.112693,-0.056229,-0.080991,-0.090532,0.00025,0.0007
0,0.01537,-0.110266,0.044388,-0.071766,0.084927,-0.038148,0.000268,0.001925
0,-0.01012,-0.006045,0.000638,0.091353,0.031504,0.077431,0.000177,0.000106
0,0.066149,0.102857,0.067733,0.08134,0.024454,0.120016,0.001155,0.001795
0,-0.063711,-0.058324,-0.13089,-0.168855,-0.118179,-0.159793,0.001112,0.001018
0,0.149015,0.0196,0.217669,0.085365,0.18338,0.126429,0.002601,0.000342
0,-0.063171,0.055314,-0.191267,0.016175,-0.22309,0.055517,0.001103,0.000965
0,0.135237,-0.124492,0.1834,-0.168378,0.174942,-0.131954,0.00236,0.002173
0,-0.177447,0.137747,-0.33715,0.254266,-0.376058,0.208498,0.003097,0.002404
0,-0.051688,-0.027723,0.128721,-0.140677,0.097897,-0.158555,0.000902,0.000484
0,0.101442,0.045168,0.163013,0.073784,0.195998,0.110617,0.00177,0.000788
0,-0.064313,0.126787,-0.165285,0.066246,-0.135416,0.062245,0.001122,0.002213
0,0.012097,-0.021936,0.06132,-0.138712,0.069806,-0.120417,0.000211,0.000383
0,0.016741,0.058331,0.004813,0.059558,-0.008802,0.100159,0.000292,0.001018
0,0.055987,-0.143119,0.052778,-0.177148,0.073824,-0.211306,0.000977,0.002498
0,-0.039332,0.091475,-0.123276,0.218337,-0.111994,0.23062,0.000686,0.001597
0,0.106372,-0.020507,0.157255,-0.125407,0.197071,-0.149548,0.001857,0.000358
0,0.055236,-0.003836,-0.078662,0.032753,-0.0715,-0.005255,0.000964,6.7e-05
0,-0.109056,-0.067027,-0.1502,-0.054526,-0.199619,-0.057487,0.001903,0.00117
0,0.028706,0.074965,0.147402,0.128667,0.154544,0.08016,0.000501,0.001308
0,-1.815501,-0.89736,-1.843725,-0.965147,-1.887271,-0.91701,0.003569,0.00391
0,-2.891606,-1.858433,-1.067297,-0.975545,-1.03752,-1.020681,0.003461,0.002819
0,-3.116845,-2.02476,-0.223009,-0.139288,-0.200304,-0.162721,0.004359,8.4e-05
0,-2.550788,-2.177426,0.573665,-0.151243,0.565881,-0.165735,0.002487,0.002748
0,-2.400069,-1.552174,0.164548,0.611077,0.181069,0.650315,0.005118,0.003587
0,-1.953366,-1.441924,0.469266,0.080587,0.444223,0.074781,0.001162,0.001663
0,-1.223147,-1.43741,0.746653,-0.00086,0.717718,-0.001399,0.002155,0.001584
0,-0.701638,-1.234126,0.51252,0.21024,0.46881,0.219288,0.000494,0.001964
0,-0.448826,-1.114586,0.243284,0.110286,0.196555,0.15285,0.003918,0.00405
0,-0.302663,-0.82764,0.174419,0.290164,0.175271,0.31912,0.005282,0.002693
0,-0.347553,-0.251003,-0.073519,0.570902,-0.104874,0.587356,0.005686,0.004381
0,0.060622,-0.11687,0.401993,0.13378,0.36133,0.11546,0.001058,0.00204
0,-0.080366,0.026647,-0.15972,0.130776,-0.176026,0.085133,0.001403,0.000465
0,0.213487,0.011749,0.291925,-0.041647,0.311788,-0.091368,0.003726,0.000205
0,0.013564,0.2079,-0.186061,0.205049,-0.146432,0.16013,0.000237,0.003629
0,0.249296,0.040564,0.235613,-0.144195,0.188038,-0.169544,0.004351,0.000708
0,0.108739,0.156737,-0.116512,0.119747,-0.150537,0.094074,0.001898,0.002736
0,0.126166,0.045948,0.014655,-0.11096,-0.003386,-0.139573,0.002202,0.000802
0,0.321623,0.178039,0.204503,0.144395,0.173568,0.127371,0.005613,0.003107
0,0.35684,0.165367,0.021999,0.004818,-0.002754,-0.041789,0.005524,0.002886
0,0.22563,0.320768,-0.14062,0.14965,-0.161219,0.152026,0.003938,0.005598
0,0.094123,0.278635,-0.138321,-0.021529,-0.124478,-0.071505,0.001643,0.004863
0,0.032102,0.215122,-0.033054,-0.086297,-0.014348,-0.132921,0.00056,0.003755
0,-0.029749,0.136997,-0.075746,-0.066911,-0.038262,-0.063304,0.000519,0.002391
0,0.164683,0.335076,0.193631,0.217075,0.145545,0.242459,0.002874,0.005848
0,0.222268,0.082736,0.052455,-0.275059,0.064,-0.323332,0.003879,0.001444
0,0.187989,0.283846,-0.024251,0.219274,0.005723,0.194005,0.003281,0.004954
0,-0.063953,0.016622,-0.281647,-0.285938,-0.259212,-0.282209,0.001116,0.00029
0,-0.015232,0.14167,0.041586,0.128181,0.078125,0.157743,0.000266,0.002473
0,0.054869,0.098488,0.07701,-0.033875,0.037007,-0.047906,0.000958,0.001719
0,0.016023,0.066746,-0.05793,-0.012633,-0.101864,-0.042119,0.00028,0.001165
0,0.104196,0.211576,0.10974,0.146112,0.074228,0.174973,0.001819,0.003693
0,-0.062677,0.172136,-0.1865,-0.045613,-0.221434,0.003248,0.001094,0.003004
0,0.014276,0.027623,0.053622,-0.147769,0.02956,-0.151865,0.000249,0.000482
0,-0.127574,0.037193,-0.136041,0.035923,-0.15084,0.040758,0.002227,0.000649
0,-0.108726,-0.003508,0.02355,-0.055443,0.054861,-0.085172,0.001898,6.1e-05
0,-0.012254,0.030594,0.082832,0.045051,0.107225,0.049531,0.000214,0.000534
0,0.093541,0.053258,0.118701,0.024125,0.117745,0.01194,0.001633,0.00093
0,-0.004835,0.071121,-0.087348,-0.004826,-0.064775,0.008939,8.4e-05,0.001241
0,0.11522,0.009439,0.149952,-0.043029,0.17049,-0.088466,0.002011,0.000165
0,0.014711,0.208019,-0.120536,0.207684,-0.095194,0.195138,0.000257,0.003631
0,-0.002973,0.234172,-0.018948,0.045958,-0.058748,0.007198,5.2e-05,0.004087
0,0.133264,0.07171,0.110741,-0.150508,0.15788,-0.199617,0.002326,0.001252
0,0.143351,0.0006,-0.009364,-0.069464,-0.049007,-0.053001,0.002502,1e-05
0,-0.114441,0.026325,-0.250454,0.030476,-0.203323,-0.015375,0.001997,0.000459
0,-0.022889,0.215543,0.082837,0.182986,0.093807,0.183381,0.000399,0.003762
0,0.078075,0.220632,0.122573,0.00821,0.134965,0.033925,0.001363,0.003851
0,0.199206,0.123996,0.139537,-0.069405,0.143124,-0.025009,0.003477,0.002164
0,0.12651,0.055282,-0.053817,-0.072225,-0.029161,-0.037245,0.002208,0.000965
0,0.212884,-0.031267,0.059371,-0.063355,0.014034,-0.050781,0.003716,0.000546
0,-0.008831,0.225454,-0.206405,0.231442,-0.229247,0.202151,0.000154,0.003935
0,0.111852,0.02115,0.140806,-0.233492,0.175699,-0.246114,0.001952,0.000369
0,0.027068,0.212265,-0.060746,0.205948,-0.105219,0.22248,0.000472,0.003705
0,-0.123951,0.132311,-0.125979,-0.108135,-0.089555,-0.110522,0.002163,0.002309
0,-0.087587,0.08401,0.033941,-0.027053,-0.002493,-0.042034,0.001529,0.001466
0,-0.072174,0.13364,0.028215,0.026866,0.017758,0.033446,0.00126,0.002332
0,-0.02457,0.098907,0.047584,-0.031402,0.01987,-0.056214,0.000429,0.001726
0,0.105022,0.193486,0.1185,0.064741,0.102005,0.024476,0.001833,0.003377
0,0.080088,0.030714,-0.024009,-0.164965,-0.008895,-0.139966,0.001398,0.000536
0,0.09499,0.183113,0.013608,0.15476,0.00444,0.152713,0.001658,0.003196
0,-0.131091,0.104421,-0.228943,-0.050568,-0.242741,-0.096373,0.002288,0.001822
0,-0.188511,-0.071726,-0.032341,-0.202712,-0.032943,-0.163543,0.00329,0.001252
0,0.01244,0.035402,0.172924,0.084132,0.123204,0.123432,0.000217,0.000618
0,-0.06613,0.193599,-0.107193,0.165936,-0.129105,0.161996,0.001154,0.003379
0,-0.180058,0.045102,-0.095298,-0.121375,-0.07175,-0.150008,0.003143,0.000787
0,-0.115974,0.164552,0.076909,0.142735,0.063818,0.123757,0.002024,0.002872
0,-0.052263,-0.021239,0.041127,-0.159659,0.047265,-0.133062,0.000912,0.000371
0,0.112125,-0.024383,0.163396,0.026456,0.193285,0.043762,0.001957,0.000426
0,-0.057912,-0.06961,-0.164118,-0.052638,-0.21353,-0.096267,0.001011,0.001215
0,-0.116857,0.116559,-0.077442,0.17306,-0.102284,0.136797,0.00204,0.002034
0,-0.007989,0.136758,0.113181,0.007608,0.123889,0.025575,0.000139,0.002387
0,0.082638,0.033222,0.073812,-0.110938,0.027712,-0.16042,0.001442,0.00058
0,-0.076986,-0.005055,-0.156919,-0.057451,-0.128886,-0.085458,0.001344,8.8e-05
0,-0.085095,0.220482,-0.021608,0.203313,-0.03682,0.180642,0.001485,0.003848
0,-0.158963,0.152509,-0.051521,-0.087456,-0.012741,-0.04833,0.002774,0.002662
0,-0.117559,0.195597,0.032967,0.033583,0.047057,0.034629,0.002052,0.003414
0,-0.072608,0.151368,0.053188,-0.036401,0.01875,-0.006155,0.001267,0.002642
0,-0.059464,-0.105028,0.034358,-0.250588,-8.3e-05,-0.226463,0.001038,0.001833
0,0.089047,-0.063306,0.133744,0.054644,0.108036,0.083467,0.001554,0.001105
0,-0.032072,-0.109675,-0.145031,-0.053405,-0.191859,-0.078525,0.00056,0.001914
0,-0.060214,0.123342,-0.033694,0.226608,-0.07462,0.223397,0.001051,0.002153
0,0.01263,0.062286,0.053584,-0.032743,0.010275,-0.02099,0.00022,0.001087
0,-0.183147,-0.0024,-0.171091,-0.06715,-0.184179,-0.066004,0.003197,4.2e-05
0,-0.179393,0.020298,0.008216,0.040636,0.034225,0.069617,0.003131,0.000354
0,-0.123896,0.075927,0.025882,0.076334,0.014376,0.100323,0.002162,0.001325
0,-0.169944,0.039763,-0.024975,-0.014552,-0.023325,-0.038612,0.002966,0.000694
0,0.064552,0.046492,0.240762,0.004612,0.197731,-0.009496,0.001127,0.000811
0,-0.047217,0.103019,-0.089321,0.051605,-0.088465,0.089751,0.000824,0.001798
0,-0.01875,0.047459,0.04386,-0.074283,0.046414,-0.092079,0.000327,0.000828
0,-0.194349,0.17795,-0.205232,0.128587,-0.248552,0.086712,0.003392,0.003106
0,-0.200131,-0.078367,0.0134,-0.242914,0.044189,-0.269732,0.003493,0.001368
0,-0.144808,0.087186,0.070467,0.178836,0.110056,0.199747,0.002527,0.001522
0,-0.016986,-0.013681,0.136635,-0.08813,0.130807,-0.073871,0.000296,0.000239
0,-0.016622,0.136839,0.015889,0.127769,-0.013389,0.151197,0.00029,0.002388
0,0.182786,-0.129767,0.19517,-0.269916,0.147137,-0.220079,0.00319,0.002265
0,0.06022,-0.080153,-0.150982,0.071666,-0.178687,0.095482,0.001051,0.001399
0,0.12551,0.034309,0.041117,0.087798,0.0274,0.129523,0.002191,0.000599
0,0.144471,0.095903,0.011458,0.054542,-0.007031,0.089642,0.002521,0.001674
0,-0.07208,0.052842,-0.222776,-0.019068,-0.19719,-0.04562,0.001258,0.000922
0,1.910206,0.652753,2.000141,0.576502,2.019903,0.609352,0.001916,0.000359
0,4.083105,1.868253,2.152356,1.228342,2.141774,1.276655,0.000753,0.002648
0,3.831544,2.180298,-0.247302,0.311769,-0.285048,0.306907,0.003637,0.002798
0,4.131312,2.101246,0.310959,-0.074714,0.269187,-0.038029,0.001595,0.001419
0,2.826586,2.035875,-1.316866,-0.080987,-1.311793,-0.091471,0.002326,0.000278
0,2.561451,1.446347,-0.294356,-0.590616,-0.265656,-0.575293,0.002301,0.00174
0,2.122704,1.105043,-0.454846,-0.343944,-0.482226,-0.387933,0.001793,0.004217
0,1.333259,0.654889,-0.802355,-0.459145,-0.837686,-0.503825,0.000234,0.000322
0,0.853444,0.632717,-0.502755,-0.018266,-0.499541,-0.04335,0.003144,0.000709
0,0.395109,0.1992,-0.457514,-0.421937,-0.494246,-0.424055,0.004856,0.003477
0,0.002289,0.352375,-0.408545,0.137352,-0.363952,0.138727,4e-05,0.005602
0,-0.063218,0.182257,-0.044128,-0.141354,-0.059068,-0.16156,0.001103,0.003181
0,-0.117234,0.081832,-0.039844,-0.112015,-0.064505,-0.11331,0.002046,0.001428
0,-0.197115,-0.004798,-0.078643,-0.068695,-0.06431,-0.027386,0.00344,8.4e-05
0,-0.342957,-0.079968,-0.12389,-0.063942,-0.093833,-0.017531,0.005766,0.001396
0,-0.286325,-0.101822,0.044077,-0.031572,0.085731,-0.062306,0.004997,0.001777
0,-0.436528,-0.072998,-0.126362,0.03986,-0.169133,0.056905,0.004133,0.001274
0,-0.129504,-0.12164,0.316068,-0.061674,0.362242,-0.05665,0.00226,0.002123
0,-0.156263,-0.100856,-0.015848,0.010791,0.018298,-0.032191,0.002727,0.00176
0,-0.085982,-0.064066,0.088223,0.016974,0.127802,-0.02744,0.001501,0.001118
0,-0.01367,-0.326904,0.080772,-0.264234,0.067603,-0.266629,0.000239,0.005706
0,-0.134723,-0.257761,-0.12807,0.074807,-0.133002,0.103042,0.002351,0.004499
0,0.028224,-0.245345,0.15117,0.029528,0.178852,-0.008644,0.000493,0.004282
0,-0.11111,-0.266844,-0.162172,-0.02212,-0.186246,-0.049773,0.001939,0.004657
0,-0.071182,-0.153542,0.047123,0.107866,0.024498,0.124212,0.001242,0.00268
0,-0.160056,-0.097883,-0.07613,0.061235,-0.054201,0.085897,0.002794,0.001708
0,-0.165286,-0.138402,0.011164,-0.048352,-0.00952,-0.071225,0.002885,0.002416
0,-0.007714,-0.246093,0.179819,-0.09376,0.174804,-0.120573,0.000135,0.004295
0,0.018897,-0.22524,0.034921,0.028292,0.06413,0.024935,0.00033,0.003931
0,-0.02817,-0.328274,-0.043729,-0.081407,-0.075927,-0.09482,0.000492,0.005729
0,-0.18953,-0.131241,-0.163381,0.213223,-0.206135,0.25079,0.003308,0.002291
0,0.055723,-0.114666,0.253747,0.017318,0.218254,-0.020396,0.000973,0.002001
0,-0.221715,-0.206304,-0.267192,-0.11096,-0.261968,-0.118113,0.00387,0.003601
0,-0.082191,-0.26967,0.126907,-0.068461,0.109888,-0.094306,0.001435,0.004707
0,-0.079688,-0.186476,-0.012169,0.108903,0.030105,0.062678,0.001391,0.003255
0,-0.110866,-0.26064,-0.0541,-0.09143,-0.053648,-0.055251,0.001935,0.004549
0,0.18635,-0.068935,0.270098,0.167961,0.306765,0.211533,0.003252,0.001203
0,-0.075284,-0.169476,-0.239196,-0.093923,-0.229631,-0.133548,0.001314,0.002958
0,-0.039266,-0.161574,0.030071,-0.005625,0.039942,-0.016427,0.000685,0.00282
0,0.080559,-0.219918,0.145588,-0.046242,0.101135,-0.056594,0.001406,0.003838
0,-0.015868,0.002584,-0.123456,0.196023,-0.142583,0.167756,0.000277,4.5e-05
0,0.099105,-0.02131,0.120732,-0.052272,0.103116,-0.056462,0.00173,0.000372
0,0.195437,-0.169807,0.124868,-0.150464,0.172898,-0.160588,0.003411,0.002964
0,0.064508,-0.113454,-0.142414,0.080129,-0.167728,0.112297,0.001126,0.00198
0,0.089896,-0.167457,0.038309,-0.029074,0.06755,-0.03764,0.001569,0.002923
0,0.232798,0.080913,0.158634,0.241188,0.115023,0.218145,0.004063,0.001412
0,-0.050948,-0.103744,-0.256379,-0.158635,-0.304409,-0.166295,0.000889,0.001811
0,-0.039061,-0.016428,-0.014766,0.088094,0.008871,0.081357,0.000682,0.000287
0,0.22675,-0.176755,0.251652,-0.147537,0.289767,-0.117805,0.003958,0.003085
0,0.182409,-0.015321,-0.017469,0.16117,0.006015,0.13129,0.003184,0.000267
0,0.079608,-0.143102,-0.076258,-0.119884,-0.032093,-0.162985,0.001389,0.002498
0,-0.13048,-0.067166,-0.195799,0.070242,-0.152871,0.082979,0.002277,0.001172
0,-0.028987,-0.050704,0.107911,-0.000697,0.089416,-0.038105,0.000506,0.000885
0,0.051588,-0.09976,0.106508,-0.031328,0.118162,-0.041828,0.0009,0.001741
0,0.10056,-0.086769,0.02348,-0.007446,-0.025634,-0.018167,0.001755,0.001514
0,-0.090001,-0.122811,-0.205925,-0.013565,-0.226711,0.01734,0.001571,0.002143
0,0.116262,-0.173237,0.179503,-0.043896,0.176524,-0.044261,0.002029,0.003024
0,0.088354,-0.155116,-0.021498,0.01754,-0.00981,0.011427,0.001542,0.002707
0,-0.086813,-0.002463,-0.196414,0.146058,-0.175292,0.187364,0.001515,4.3e-05
0,0.022561,0.007838,0.08872,0.035723,0.042144,0.084042,0.000394,0.000137
0,-0.087642,-0.118719,-0.086342,-0.134388,-0.062813,-0.170002,0.00153,0.002072
0,-0.05364,-0.100991,0.036713,-0.011683,0.053848,-0.049159,0.000936,0.001763
0,-0.074443,-0.138502,-0.03169,-0.034631,0.013153,-0.044355,0.001299,0.002417
0,0.043809,0.046157,0.115655,0.160233,0.091883,0.181626,0.000765,0.000806
0,0.013947,-0.078772,-0.04745,-0.137699,-0.008295,-0.12778,0.000243,0.001375
0,-0.007172,-0.036448,-0.025067,0.061054,-0.040351,0.085885,0.000125,0.000636
0,0.027459,-0.127444,0.016026,-0.091701,-0.01969,-0.139201,0.000479,0.002224
0,0.130855,-0.095911,0.09003,0.038165,0.056761,0.086521,0.002284,0.001674
0,-0.013078,-0.142238,-0.161952,-0.034084,-0.148534,-0.072002,0.000228,0.002483
0,0.02323,-0.002931,0.049907,0.124001,0.09535,0.078838,0.000405,5.1e-05
0,-0.046902,0.007701,-0.074579,0.025713,-0.056222,-0.010998,0.000819,0.000134
0,0.152355,0.006857,0.212759,0.025365,0.251645,0.045509,0.002659,0.00012
0,0.141037,-0.194741,-0.022005,-0.212299,-0.023066,-0.223498,0.002462,0.003399
0,-0.05133,-0.189038,-0.197306,0.029472,-0.180212,0.01179,0.000896,0.003299
0,-0.100687,-0.127904,-0.063215,0.069168,-0.052218,0.08965,0.001757,0.002232
0,-0.01268,-0.12208,0.093348,-0.013633,0.094812,0.019828,0.000221,0.002131
0,-0.13812,-0.042183,-0.147524,0.083236,-0.114729,0.054423,0.002411,0.000736
0,-0.011619,-0.131316,0.104785,-0.090128,0.151952,-0.0517,0.000203,0.002292
0,0.042725,-0.119185,0.076638,0.041867,0.03222,0.02717,0.000746,0.00208
0,-0.219834,-0.065353,-0.254619,0.027808,-0.248774,0.039964,0.003837,0.001141
0,-0.077645,-0.076189,0.1227,0.002411,0.139105,-0.014161,0.001355,0.00133
0,-0.19769,-0.192436,-0.103059,-0.106805,-0.122773,-0.090635,0.00345,0.003359
0,-0.212111,0.109815,-0.040415,0.284529,-0.08835,0.258535,0.003702,0.001917
0,-0.05685,-0.059114,0.152151,-0.145323,0.192338,-0.128553,0.000992,0.001032
0,-0.277116,-0.115347,-0.228588,-0.029217,-0.25722,-0.053414,0.004837,0.002013
0,-0.149408,0.076861,0.153769,0.211609,0.152353,0.178741,0.002608,0.001341
0,-0.006523,0.06854,0.140838,-0.003302,0.185306,-0.007006,0.000114,0.001196
0,-0.11018,-0.030198,-0.087126,-0.094817,-0.133075,-0.065679,0.001923,0.000527
0,-0.136839,0.101431,-0.038742,0.142071,-0.039173,0.105784,0.002388,0.00177
0,-0.044673,-0.085613,0.08861,-0.215379,0.055106,-0.185637,0.00078,0.001494
0,0.050473,0.107614,0.124386,0.168085,0.115484,0.174409,0.000881,0.001878
0,-0.197039,0.049459,-0.217832,-0.060225,-0.238365,-0.03372,0.003439,0.000863
0,0.041684,-0.068923,0.25905,-0.091476,0.270236,-0.066707,0.000728,0.001203
0,-0.076387,-0.009142,-0.138023,0.037914,-0.140175,0.038331,0.001333,0.00016
0,-0.015501,0.177398,0.053456,0.198405,0.081831,0.223304,0.000271,0.003096
0,-0.094595,0.157421,-0.060349,-0.049955,-0.096628,-0.074613,0.001651,0.002748
0,0.105322,-0.052763,0.190004,-0.190122,0.235378,-0.183461,0.001838,0.000921
0,-0.089438,-0.105438,-0.183273,-0.052279,-0.153339,-0.027206,0.001561,0.00184
0,0.117686,0.093163,0.190799,0.183407,0.145501,0.183739,0.002054,0.001626
0,0.103888,-0.069722,-0.007577,-0.178134,-0.024477,-0.210466,0.001813,0.001217
0,0.083121,-0.012783,-0.03795,0.035287,-0.063918,0.038516,0.001451,0.000223
0,0.011789,-0.133784,-0.052517,-0.142147,-0.077987,-0.128698,0.000206,0.002335
0,0.147414,-0.115064,0.11874,-0.001533,0.10466,-0.049955,0.002573,0.002008
0,-0.029478,-0.036022,-0.153691,0.086762,-0.188147,0.078442,0.000514,0.000629
0,-0.069567,0.108641,-0.036298,0.124584,0.003742,0.115822,0.001214,0.001896
0,0.150656,0.010872,0.225334,-0.085081,0.178277,-0.121678,0.002629,0.00019
0,-0.160267,-0.052022,-0.283048,-0.092077,-0.241385,-0.073146,0.002797,0.000908
0,0.04176,-0.024609,0.225513,0.004196,0.257037,-0.006536,0.000729,0.00043
0,-0.123835,0.086009,-0.139282,0.09656,-0.139421,0.062515,0.002161,0.001501
0,-0.011337,-0.016324,0.104667,-0.118321,0.127456,-0.142581,0.000198,0.000285
0,-0.041354,-0.084103,-0.0215,-0.075727,-0.071469,-0.032512,0.000722,0.001468
0,-0.047073,0.142737,-0.008139,0.227086,0.028701,0.252849,0.000822,0.002491
0,-0.131495,-0.031066,-0.092061,-0.203214,-0.07161,-0.232652,0.002295,0.000542
0,-0.045968,0.047848,0.064741,0.059807,0.094566,0.038259,0.000802,0.000835
0,-0.003409,0.135065,0.043542,0.100789,0.043442,0.11799,5.9e-05,0.002357
0,0.031935,-0.015697,0.010165,-0.150663,-0.020874,-0.142636,0.000557,0.000274
0,-0.201823,0.019248,-0.246706,0.062726,-0.225111,0.042537,0.003522,0.000336
0,2.370457,0.200036,2.587244,0.176622,2.605015,0.2115,0.005635,0.003491
0,4.719675,0.79678,2.35602,0.601201,2.310261,0.632818,0.000112,0.002155
0,4.2267,1.176559,-0.484814,0.397116,-0.518309,0.36118,0.00326,0.002969
0,3.699866,1.172056,-0.549807,4.2e-05,-0.550088,0.038713,0.005816,0.003047
0,3.278249,0.893919,-0.422262,-0.256065,-0.390991,-0.272062,0.001542,0.00385
0,3.048267,0.616418,-0.253216,-0.284777,-0.215825,-0.299164,0.005556,0.000993
0,2.27081,0.713883,-0.776661,0.119009,-0.751254,0.080792,0.004378,0.000708
0,2.260804,0.53556,-0.027319,-0.190494,-0.055449,-0.207724,0.004203,0.002404
0,1.767626,0.526747,-0.467691,-0.012634,-0.516056,-0.014785,0.004404,0.002558
0,1.302912,0.241239,-0.44646,-0.257778,-0.398159,-0.280047,0.000763,0.00421
0,0.787618,0.188632,-0.53159,-0.078339,-0.497619,-0.09979,0.001995,0.003292
0,0.428452,0.126802,-0.359128,-0.064291,-0.382514,-0.067436,0.004274,0.002213
0,0.001948,-0.036303,-0.433661,-0.158991,-0.387221,-0.128214,3.4e-05,0.000634
0,-0.163225,0.022387,-0.190154,0.050094,-0.149743,0.063176,0.002849,0.000391
0,-0.24116,-0.093789,-0.081918,-0.097738,-0.113233,-0.069034,0.004209,0.001637
0,-0.375294,-0.097727,-0.124097,0.017629,-0.081326,0.065094,0.005202,0.001706
0,-0.306521,0.05039,0.070203,0.118799,0.062444,0.097904,0.00535,0.000879
0,-0.344668,-0.031145,-0.048954,-0.064653,-0.005395,-0.091616,0.005736,0.000544
0,-0.417083,-0.052913,-0.05992,-0.016438,-0.064251,-0.052195,0.004472,0.000924
0,-0.216289,0.029882,0.218508,0.098285,0.194324,0.069849,0.003775,0.000522
0,-0.027482,-0.131677,0.212659,-0.1465,0.210121,-0.156362,0.00048,0.002298
0,-0.09516,0.098111,-0.057019,0.203944,-0.032344,0.155866,0.001661,0.001712
0,-0.163671,0.124366,-0.084102,0.0299,-0.083735,-0.005143,0.002857,0.002171
0,0.046551,-0.0159,0.202429,-0.165146,0.156893,-0.162,0.000812,0.000277
0,0.01436,-0.036418,-0.032383,-0.023071,-0.075638,-0.015281,0.000251,0.000636
0,0.067162,-0.084056,0.060489,-0.026247,0.105139,-0.027279,0.001172,0.001467
0,0.043842,-0.085897,-0.036855,-0.002296,-0.008994,0.001582,0.000765,0.001499
0,-0.097791,-0.050867,-0.125846,0.035365,-0.111167,-0.011277,0.001707,0.000888
0,-0.044341,-0.002625,0.054344,0.062461,0.014525,0.069389,0.000774,4.6e-05
0,0.05357,0.107266,0.069831,0.130782,0.08509,0.112264,0.000935,0.001872
0,0.048941,-0.01546,0.013018,-0.105615,0.021793,-0.060343,0.000854,0.00027
0,0.02934,-0.04107,-0.02626,-0.012218,-0.048765,-0.017531,0.000512,0.000717
0,0.129049,-0.156521,0.10423,-0.117685,0.085467,-0.096097,0.002252,0.002732
0,0.030305,-0.150243,-0.11014,-0.018081,-0.066466,-0.06716,0.000529,0.002622
0,0.106978,-0.143857,0.066742,-0.00141,0.031672,-0.029768,0.001867,0.002511
0,-0.024704,-0.138547,-0.141323,0.007791,-0.09993,0.057202,0.000431,0.002418
0,0.049815,-0.090174,0.054912,0.055898,0.086525,0.085609,0.000869,0.001574
0,-0.150156,0.066818,-0.219073,0.150781,-0.240467,0.110528,0.002621,0.001166
0,0.101984,0.030646,0.234499,-0.017639,0.252051,0.009425,0.00178,0.000535
0,-0.041046,0.041431,-0.147313,0.032628,-0.112622,0.023155,0.000716,0.000723
0,0.058471,-0.150652,0.12623,-0.205878,0.101911,-0.219249,0.001021,0.002629
0,0.104623,-0.030279,0.057123,0.108326,0.105266,0.150153,0.001826,0.000528
0,-0.103528,-0.01038,-0.235433,0.04653,-0.229791,0.09368,0.001807,0.000181
0,-0.044333,-0.14332,0.065639,-0.157839,0.093277,-0.207548,0.000774,0.002501
0,0.099142,-0.153639,0.149464,0.001251,0.161939,-0.030855,0.00173,0.002682
0,-0.126616,-0.090203,-0.199711,0.049125,-0.240284,0.000243,0.00221,0.001574
0,-0.118452,0.027336,-0.012484,0.126029,0.024738,0.109701,0.002067,0.000477
0,-0.142524,-0.096259,0.00407,-0.135929,-0.043217,-0.124656,0.002488,0.00168
0,-0.140538,0.053947,0.027565,0.174253,-0.019138,0.189946,0.002453,0.000942
0,-0.025032,0.084035,0.096422,0.021629,0.095013,-0.027374,0.000437,0.001467
0,-0.055725,-0.078612,-0.031809,-0.17313,-0.006857,-0.124082,0.000973,0.001372
0,-0.201023,-0.072497,-0.141934,-0.013881,-0.102259,-0.05494,0.003509,0.001265
0,-0.091739,0.150443,0.128546,0.229841,0.107703,0.278367,0.001601,0.002626
0,0.023745,0.149056,0.096825,-0.026132,0.123166,-0.029404,0.000414,0.002602
0,-0.054868,0.194658,-0.088483,0.064705,-0.107089,0.062624,0.000958,0.003397
0,0.036405,-0.046225,0.087593,-0.249904,0.104422,-0.222397,0.000635,0.000807
0,0.029447,0.029969,0.019196,0.067227,0.007029,0.026411,0.000514,0.000523
0,0.068668,0.005001,0.047904,-0.008978,0.025083,0.002558,0.001198,8.7e-05
0,-0.238992,-0.015943,-0.312208,-0.029759,-0.333389,0.005453,0.004171,0.000278
0,-0.203179,-0.00245,0.02963,-0.007242,0.058111,-0.041481,0.003546,4.3e-05
0,-0.232062,-0.006073,-0.037017,-0.015149,-0.058182,-0.001504,0.00405,0.000106
0,-0.139883,-0.060557,0.093983,-0.052073,0.078898,-0.052748,0.002441,0.001057
0,-0.208304,0.051204,-0.083787,0.109083,-0.097085,0.142467,0.003636,0.000894
0,-0.227905,0.161497,-0.020183,0.109491,-0.02855,0.111734,0.003978,0.002819
0,-0.00041,0.192748,0.200245,0.010994,0.188614,0.034633,7e-06,0.003364
0,0.047455,0.056743,0.036602,-0.125625,-0.011456,-0.128896,0.000828,0.00099
0,-0.035514,-0.112962,-0.086816,-0.149931,-0.085984,-0.100282,0.00062,0.001972
0,-0.104645,0.130881,-0.066535,0.21771,-0.093528,0.174672,0.001826,0.002284
0,-0.210272,0.072976,-0.114989,-0.079786,-0.131653,-0.043406,0.00367,0.001274
0,0.054851,-0.047298,0.268024,-0.106929,0.287793,-0.108316,0.000957,0.000826
0,-0.129029,0.146582,-0.154435,0.181332,-0.140498,0.208992,0.002252,0.002558
0,-0.189367,0.129517,-0.037698,0.009727,-0.021314,-0.0071,0.003305,0.002261
0,-0.156266,0.005382,0.028536,-0.130917,0.029194,-0.110734,0.002727,9.4e-05
0,0.018868,-0.146064,0.173738,-0.129392,0.131254,-0.146186,0.000329,0.002549
0,-0.144575,-0.119532,-0.188592,0.041489,-0.174903,0.07114,0.002523,0.002086
0,-0.112266,-0.070026,0.018909,0.041768,0.039275,0.062894,0.001959,0.001222
0,-0.011044,-0.110239,0.07773,-0.023141,0.116264,-0.048968,0.000193,0.001924
0,-0.081826,0.148658,-0.048057,0.233495,-0.078314,0.227256,0.001428,0.002595
0,-0.16986,0.004121,-0.07555,-0.169096,-0.109648,-0.208873,0.002965,7.2e-05
0,0.046025,-0.114055,0.199225,-0.120851,0.188513,-0.126071,0.000803,0.001991
0,-0.163703,0.102362,-0.205031,0.209194,-0.209036,0.2328,0.002857,0.001787
0,-0.194199,0.069461,-0.047624,-0.051771,-0.039685,-0.007796,0.003389,0.001212
0,-0.156345,-0.075583,0.051946,-0.167166,0.052615,-0.211643,0.002729,0.001319
0,-0.043988,-0.099884,0.107275,-0.022802,0.061807,-0.007766,0.000768,0.001743
0,0.071652,-0.015128,0.127648,0.090034,0.129986,0.099699,0.001251,0.000264
0,0.032303,0.034576,-0.032765,0.075884,-0.067446,0.030301,0.000564,0.000603
0,-0.066042,-0.017345,-0.122156,-0.077367,-0.119631,-0.107688,0.001153,0.000303
0,0.04068,0.066605,0.129496,0.077477,0.161158,0.103049,0.00071,0.001162
0,-0.055998,0.00504,-0.124582,-0.043791,-0.126098,-0.008505,0.000977,8.8e-05
0,0.081215,-0.058074,0.13156,-0.057513,0.101138,-0.043325,0.001417,0.001014
0,-0.128892,-0.031775,-0.221909,0.008712,-0.232461,0.027191,0.00225,0.000555
0,-0.007273,-0.064438,0.150261,-0.032691,0.147996,-0.000311,0.000127,0.001125
0,-0.085997,-0.134803,-0.09795,-0.0961,-0.056616,-0.135628,0.001501,0.002353
0,-0.084018,-0.1847,0.002889,-0.032605,-0.03218,-0.067505,0.001466,0.003224
0,0.127344,-0.085796,0.223603,0.085236,0.221741,0.065799,0.002223,0.001497
0,0.032666,0.021448,-0.12358,0.111005,-0.074288,0.069046,0.00057,0.000374
0,-0.039956,0.081121,-0.056804,0.08358,-0.09183,0.09111,0.000697,0.001416
0,-0.114281,-0.069746,-0.081266,-0.174738,-0.12153,-0.138725,0.001995,0.001217
0,-0.092365,0.010209,0.045165,0.099848,0.047487,0.078877,0.001612,0.000178
0,0.127197,0.133325,0.22397,0.09643,0.198583,0.091921,0.00222,0.002327
0,-0.169942,0.061615,-0.281485,-0.073009,-0.330667,-0.113928,0.002966,0.001075
0,-0.212053,0.131575,-0.065801,0.048856,-0.077973,0.059066,0.003701,0.002296
0,-0.090096,0.020976,0.138525,-0.135502,0.156609,-0.131755,0.001572,0.000366
0,0.008465,0.072969,0.099316,0.043619,0.105795,0.081536,0.000148,0.001274
0,0.040076,-0.170743,0.032017,-0.234693,0.056445,-0.241448,0.000699,0.00298
0,-0.131798,-0.174756,-0.191739,0.017009,-0.199605,-0.021846,0.0023,0.00305
0,-0.106938,-0.077393,0.048618,0.070641,0.076146,0.099331,0.001866,0.001351
0,0.164693,-0.089141,0.300621,0.003305,0.28434,0.020495,0.002874,0.001556
0,0.087103,-0.15717,-0.092039,-0.082132,-0.077167,-0.053797,0.00152,0.002743
0,0.17452,0.107147,0.087072,0.278917,0.075214,0.315116,0.003046,0.00187
0,0.048009,-0.068336,-0.12589,-0.154907,-0.108755,-0.170572,0.000838,0.001193
0,0.21413,-0.092097,0.18762,-0.037362,0.230179,-0.019436,0.003737,0.001607
0,0.057941,0.050061,-0.180141,0.154061,-0.181567,0.107047,0.001011,0.000874
0,0.066884,-0.202882,0.02334,-0.224886,0.011124,-0.221682,0.001167,0.003541
0,-0.040696,0.031506,-0.101773,0.262218,-0.061805,0.230728,0.00071,0.00055
0,-0.150633,-0.019702,-0.083161,-0.024061,-0.127918,-0.065371,0.002629,0.000344
0,-0.174002,0.05772,-0.026023,0.051582,0.013671,0.081801,0.003037,0.001007
0,-0.109293,-0.061833,0.042987,-0.148588,0.07746,-0.123979,0.001908,0.001079
0,0.049644,-0.012832,0.144356,0.046358,0.17384,0.008919,0.000866,0.000224
0,0.111138,-0.130626,0.049737,-0.144603,0.003283,-0.171271,0.00194,0.00228
0,0.044868,0.000145,-0.094388,0.151389,-0.045883,0.182534,0.000783,3e-06
0,-0.118568,-0.065323,-0.170886,-0.091584,-0.195444,-0.063034,0.002069,0.00114
0,0.094571,-0.135729,0.184672,-0.096742,0.166446,-0.065526,0.001651,0.002369
0,0.077791,-0.055651,-0.027308,0.076331,-0.003594,0.097993,0.001358,0.000971
0,0.020503,-0.027135,-0.06469,0.047778,-0.073501,0.055791,0.000358,0.000474
0,-0.198677,-0.136165,-0.204581,-0.094457,-0.173513,-0.086129,0.003468,0.002377
0,0.05792,0.074984,0.241441,0.201682,0.203289,0.250049,0.001011,0.001309
0,0.040068,-0.159438,-0.001874,-0.262785,-0.050944,-0.255173,0.000699,0.002783
0,-0.045401,-0.196747,-0.066901,-0.019926,-0.101165,-0.010074,0.000792,0.003434
0,-0.072287,-0.093127,-0.03158,0.094321,-0.047479,0.055966,0.001262,0.001625
0,-0.220559,-0.012641,-0.123438,0.100959,-0.160492,0.130752,0.003849,0.000221
0,-0.161711,-0.003643,0.033983,0.013376,0.028595,0.011423,0.002822,6.4e-05
0,-0.034975,0.024,0.098711,0.020641,0.05467,-0.01482,0.00061,0.000419
0,0.018098,-0.018696,0.027414,-0.050705,0.041054,-0.090867,0.000316,0.000326
0,0.051009,0.008941,0.042359,0.007223,0.045201,-0.029213,0.00089,0.000156
0,-0.080481,-0.198052,-0.150417,-0.186336,-0.190589,-0.201118,0.001405,0.003457
0,-0.140553,-0.159027,-0.041204,0.010311,-0.007115,-0.002565,0.002453,0.002776
0,-0.162801,-0.024954,-0.034099,0.124008,-0.053407,0.089994,0.002841,0.000436
0,-0.020016,-0.027689,0.172314,-0.004023,0.134489,-0.025248,0.000349,0.000483
0,0.10651,-0.011189,0.116238,0.003525,0.072714,-0.040048,0.001859,0.000195
0,-0.139143,-0.117405,-0.2296,-0.109818,-0.260862,-0.141702,0.002429,0.002049
0,0.047009,-0.005629,0.212797,0.098125,0.172585,0.051967,0.00082,9.8e-05
0,0.012204,-0.083491,-0.045313,-0.096032,-0.068466,-0.124287,0.000213,0.001457
0,-0.146154,-0.103426,-0.132906,-0.022137,-0.109755,-0.053689,0.002551,0.001805
0,-0.170592,-0.166921,-0.022377,-0.056305,-0.038085,-0.031927,0.002977,0.002913
0,-0.281369,0.048482,-0.083797,0.219142,-0.093614,0.244808,0.004911,0.000846
0,-0.196063,-0.095917,0.113774,-0.173948,0.09964,-0.171478,0.003422,0.001674
0,-0.207538,0.014584,0.017886,0.119668,0.029731,0.116919,0.003622,0.000255
0,-0.230011,-0.023089,0.00423,-0.01667,-0.006085,-0.032619,0.004014,0.000403
0,-0.203632,0.072272,0.005417,0.116714,-0.03989,0.151104,0.003554,0.001261
0,-0.170733,0.015208,0.048631,-0.045397,0.08174,-0.022413,0.00298,0.000265
0,-0.117576,0.042559,0.043058,0.032241,0.035954,0.051937,0.002052,0.000743
0,-0.036998,-0.163329,0.096263,-0.221575,0.130822,-0.204549,0.000646,0.002851
0,0.051884,0.065686,0.070544,0.221222,0.043885,0.202954,0.000906,0.001146
0,-0.238296,-0.062744,-0.272461,-0.11475,-0.312751,-0.150721,0.004159,0.001095
0,0.039848,-0.066322,0.30755,-6.5e-05,0.35294,0.022445,0.000695,0.001158
0,-0.204284,-0.030168,-0.217494,0.008884,-0.260665,0.051977,0.003565,0.000527
0,-0.059875,0.004084,0.12746,0.02421,0.172615,0.026659,0.001045,7.1e-05
0,-0.074215,-0.116267,0.015644,-0.133791,0.054578,-0.175072,0.001295,0.002029
0,-0.034584,-0.022922,0.029731,0.072595,0.045742,0.048882,0.000604,0.0004
0,-0.037036,-0.170455,0.024891,-0.161423,-0.020528,-0.161344,0.000646,0.002975
0,-0.065835,0.072281,-0.052089,0.228151,-0.093442,0.195882,0.001149,0.001262
0,-0.018317,-0.159707,0.034175,-0.24617,-0.003,-0.221506,0.00032,0.002787
0,-0.053629,-0.073488,-0.007121,0.103405,-0.038743,0.120081,0.000936,0.001283
0,-0.157879,0.043666,-0.092461,0.105493,-0.105754,0.150452,0.002756,0.000762
0,-0.08091,0.077447,0.062366,0.005502,0.080796,0.024201,0.001412,0.001352
0,0.005832,-0.024634,0.063606,-0.074578,0.06531,-0.100548,0.000102,0.00043
0,-0.05278,0.113736,-0.085318,0.157316,-0.045491,0.177145,0.000921,0.001985
0,0.083585,0.145719,0.125632,0.003779,0.116391,-0.029694,0.001459,0.002543
0,0.083,-0.089927,0.009859,-0.210399,0.022137,-0.247923,0.001449,0.00157
0,0.159025,0.028083,0.046578,0.135906,0.031424,0.127237,0.002776,0.00049
0,-0.095503,0.03874,-0.273083,0.033181,-0.236862,-0.00948,0.001667,0.000676
0,-0.127404,-0.033408,-0.017699,-0.08657,-0.051095,-0.073404,0.002224,0.000583
0,0.135714,0.013247,0.26705,0.071221,0.309478,0.081089,0.002369,0.000231
0,0.086164,0.095684,-0.056932,0.069076,-0.045138,0.024593,0.001504,0.00167
0,0.168972,0.050827,0.055641,-0.023725,0.026269,0.02354,0.002949,0.000887
0,0.028062,0.020893,-0.168679,-0.021466,-0.215454,0.012332,0.00049,0.000365
0,-0.050046,-0.048149,-0.10604,-0.094713,-0.059918,-0.128626,0.000873,0.00084
0,0.136302,-0.112823,0.213277,-0.083063,0.216661,-0.036398,0.002379,0.001969
0,0.012985,0.013578,-0.101368,0.1553,-0.087401,0.191257,0.000227,0.000237
0,-0.104999,-0.042091,-0.10265,-0.083518,-0.112003,-0.121078,0.001833,0.000735
0,0.049706,-0.009472,0.184464,0.038807,0.176385,0.038194,0.000868,0.000165
0,-0.079236,-0.048933,-0.148234,-0.01972,-0.104206,0.007207,0.001383,0.000854
0,-0.149531,0.165273,-0.075692,0.212146,-0.035831,0.207225,0.00261,0.002885
0,-0.096715,0.176446,0.054331,-0.008217,0.06692,0.03001,0.001688,0.00308
0,-0.112837,0.087404,0.004349,-0.081546,0.007053,-0.057679,0.001969,0.001525
0,0.045408,0.180364,0.155464,0.084927,0.142359,0.081867,0.000793,0.003148
0,0.052166,0.124137,0.000791,-0.067339,-0.022396,-0.096872,0.00091,0.002167
0,0.097552,0.095456,0.048513,-0.046793,0.015448,-0.071509,0.001703,0.001666
0,-0.011658,0.02272,-0.104267,-0.049012,-0.116072,-0.098652,0.000203,0.000397
0,0.015384,0.038889,0.053519,-0.00067,0.00751,0.008416,0.000269,0.000679
0,0.082705,0.090257,0.060017,0.039366,0.049436,0.03033,0.001443,0.001575
0,0.102382,-0.047507,0.031143,-0.136601,0.034566,-0.123194,0.001787,0.000829
0,0.035672,-0.052902,-0.080163,-0.008472,-0.031081,-0.045728,0.000623,0.000923
0,-0.01679,0.20688,-0.052639,0.286612,-0.067402,0.286406,0.000293,0.003611
0,-0.022298,0.038407,-0.012304,-0.178632,0.033978,-0.15326,0.000389,0.00067
0,0.091034,0.158854,0.084365,0.12648,0.035911,0.080615,0.001589,0.002773
0,0.056097,0.10617,-0.006344,-0.065702,0.021247,-0.105576,0.000979,0.001853
0,-0.186372,-0.070881,-0.237525,-0.173775,-0.246919,-0.222083,0.003253,0.001237
0,0.053698,-0.0762,0.265307,0.004422,0.306062,0.040517,0.000937,0.00133
0,-0.130197,-0.026878,-0.183418,0.075714,-0.188241,0.030821,0.002272,0.000469
0,-0.051459,-0.076774,0.053564,-0.028663,0.097013,-0.025445,0.000898,0.00134
0,0.082314,0.056178,0.133288,0.160128,0.139848,0.207588,0.001437,0.00098
0,0.006534,-0.084022,-0.06677,-0.160752,-0.044911,-0.155565,0.000114,0.001466
0,-0.093986,0.1438,-0.098955,0.222207,-0.109993,0.21317,0.00164,0.00251
0,0.018031,0.022465,0.096593,-0.095866,0.122286,-0.143783,0.000315,0.000392
0,-0.017381,0.048851,-0.051595,0.030845,-0.026763,0.015849,0.000303,0.000853
0,0.009933,0.21052,0.037708,0.131768,0.038475,0.16194,0.000173,0.003674
0,0.036394,0.207426,-3e-06,0.015206,0.010718,-0.009776,0.000635,0.00362
0,0.013826,-0.002114,-0.033556,-0.179797,0.002918,-0.182222,0.000241,3.7e-05
0,-0.00316,0.020476,-0.017803,0.021193,-0.057211,-0.015695,5.5e-05,0.000357
0,-0.125559,-0.062684,-0.09305,-0.106785,-0.135237,-0.153327,0.002191,0.001094
0,0.071534,-0.088583,0.174483,-0.008172,0.129622,0.032751,0.001249,0.001546
0,-0.065612,0.000358,-0.123217,0.113751,-0.155519,0.099827,0.001145,6e-06
0,0.031866,0.143364,0.11435,0.166049,0.085593,0.193873,0.000556,0.002502
0,-0.018521,0.053111,-0.056457,-0.097839,-0.029123,-0.132363,0.000323,0.000927
0,0.015758,0.110461,0.060308,0.084351,0.109361,0.035572,0.000275,0.001928
0,0.013969,0.183767,-0.002885,0.057946,0.023511,0.091789,0.000244,0.003207
0,0.151359,0.149423,0.113019,-0.050263,0.095429,-0.025315,0.002642,0.002608
0,0.232001,0.204957,0.07435,0.070498,0.107617,0.115358,0.004049,0.003577
0,0.190463,-0.005857,-0.017435,-0.222178,-0.011907,-0.242081,0.003324,0.000102
0,0.115784,-0.033398,-0.092461,-0.011781,-0.047784,-0.047289,0.002021,0.000583
0,0.177936,0.131888,0.054198,0.178343,0.08058,0.160016,0.003106,0.002302
0,0.051376,0.11627,-0.147147,-0.038526,-0.190795,-0.086645,0.000897,0.002029
0,0.137704,-0.111758,0.107382,-0.223267,0.089866,-0.248021,0.002403,0.001951
0,0.214385,-0.002655,0.067484,0.096767,0.037722,0.097454,0.003742,4.6e-05
0,0.105295,-0.081125,-0.131504,-0.094327,-0.164652,-0.126661,0.001838,0.001416
0,-0.060557,-0.124517,-0.186418,-0.014499,-0.174682,-0.062979,0.001057,0.002173
0,0.22354,-0.07616,0.276803,0.030504,0.24752,-0.006939,0.003902,0.001329
0,0.037834,-0.129518,-0.157696,-0.063095,-0.135148,-0.091752,0.00066,0.002261
0,0.111857,-0.112868,0.094455,-0.004773,0.074372,0.02699,0.001952,0.00197
0,0.179806,0.032408,0.080099,0.138935,0.06965,0.176586,0.003138,0.000566
0,0.156725,0.117148,-0.017305,0.063421,0.019871,0.078475,0.002735,0.002045
0,0.123113,0.031303,-0.040334,-0.071513,-0.084706,-0.090388,0.002149,0.000546
0,0.009239,-0.064641,-0.120961,-0.083882,-0.119693,-0.119451,0.000161,0.001128
0,0.144586,-0.005172,0.111216,0.055305,0.133499,0.101364,0.002523,9e-05
0,-0.061466,-0.053897,-0.216965,-0.066912,-0.207221,-0.051151,0.001073,0.000941
0,-0.07374,0.080271,0.014884,0.12068,-0.014903,0.073048,0.001287,0.001401
0,0.095708,0.01887,0.184565,-0.068153,0.170414,-0.105363,0.00167,0.000329
0,-0.118366,-0.038741,-0.220439,-0.079553,-0.177315,-0.055985,0.002066,0.000676
0,-0.102897,0.024211,-0.010259,0.034811,0.006908,-0.004136,0.001796,0.000423
0,0.141986,-0.119518,0.250545,-0.121438,0.290587,-0.124783,0.002478,0.002086
0,0.113546,0.128793,-0.015077,0.243226,0.014223,0.220658,0.001982,0.002248
0,-0.039874,0.064811,-0.172056,-0.063904,-0.122975,-0.031321,0.000696,0.001131
0,-0.193319,0.125757,-0.133901,0.05275,-0.150575,0.053795,0.003374,0.002195
0,-0.107458,-0.133413,0.097133,-0.249282,0.097763,-0.21237,0.001875,0.002328
0,-0.061377,0.095793,0.049102,0.208001,0.062338,0.256233,0.001071,0.001672
0,-0.121335,-0.039563,-0.035627,-0.126715,0.000588,-0.146332,0.002118,0.000691
0,-0.160982,-0.090844,-0.012288,-0.027429,-0.00654,-0.016727,0.00281,0.001586
0,-0.156435,0.1553,-0.023383,0.242906,-0.071813,0.283017,0.00273,0.00271
0,-0.082566,0.05641,0.075168,-0.121988,0.073619,-0.093623,0.001441,0.000985
0,-0.003943,0.098133,0.064333,0.052927,0.016845,0.088215,6.9e-05,0.001713
0,0.064421,-0.042685,0.050407,-0.156652,0.031909,-0.141484,0.001124,0.000745
0,-0.091113,0.073162,-0.152825,0.122629,-0.17972,0.160636,0.00159,0.001277
0,0.016631,0.003316,0.121821,-0.090508,0.095182,-0.055331,0.00029,5.8e-05
0,-0.088056,0.100098,-0.094628,0.125389,-0.083971,0.11682,0.001537,0.001747
0,0.142987,0.036497,0.245151,-0.064677,0.241475,-0.062624,0.002496,0.000637
0,-0.038983,-0.107113,-0.178833,-0.155765,-0.196007,-0.111139,0.00068,0.001869
0,0.020991,-0.122026,0.036614,-0.032938,0.084785,-0.067816,0.000366,0.00213
0,0.016074,-0.076792,-0.031587,0.059439,-0.004848,0.024599,0.000281,0.00134
0,0.054063,-0.006306,0.036772,0.0444,0.081907,0.045061,0.000944,0.00011
0,-0.022926,-0.071155,-0.062822,-0.080838,-0.044429,-0.120362,0.0004,0.001242
0,-0.009852,0.121448,0.007528,0.197757,-0.01222,0.232749,0.000172,0.00212
0,-0.004627,0.017943,0.000446,-0.093828,-0.004197,-0.124682,8.1e-05,0.000313
0,0.021469,0.064334,0.006952,0.043074,0.022132,0.069651,0.000375,0.001123
0,0.079868,-0.115947,0.068514,-0.173575,0.096306,-0.177307,0.001394,0.002024
0,0.124577,0.075539,0.048469,0.181743,0.091449,0.17952,0.002174,0.001318
0,-0.023495,0.097603,-0.158224,0.052036,-0.20733,0.004486,0.00041,0.001703
0,0.015721,0.127653,0.011929,0.018245,0.05461,0.067857,0.000274,0.002228
0,-0.174699,-0.062795,-0.183074,-0.194938,-0.157419,-0.216769,0.003049,0.001096
0,-0.112791,-0.013663,0.084098,0.031548,0.095516,0.040277,0.001969,0.000238
0,-0.179407,0.109968,-0.056791,0.094458,-0.065721,0.087485,0.003131,0.001919
0,-0.090202,0.189366,0.093137,0.061648,0.057922,0.103831,0.001574,0.003305
0,0.052527,-0.063846,0.161948,-0.24824,0.121324,-0.231539,0.000917,0.001114
0,-0.009457,0.037282,-0.039376,0.123988,-0.000915,0.131424,0.000165,0.000651
0,-0.025012,0.212402,-0.015027,0.170201,-0.007255,0.186181,0.000437,0.003707
0,-0.076506,0.018274,-0.049207,-0.172635,-0.015315,-0.185191,0.001335,0.000319
0,-0.15573,0.003477,-0.060895,-0.014998,-0.082133,-0.007202,0.002718,6.1e-05
0,-0.099203,-0.009561,0.052454,-0.027583,0.044956,-0.062146,0.001731,0.000167
0,-0.055785,0.011131,0.03479,0.041169,0.070732,0.076172,0.000974,0.000194
0,-0.138646,-0.067694,-0.089407,-0.058023,-0.094703,-0.1077,0.00242,0.001181
0,0.05749,0.048303,0.193103,0.102993,0.170444,0.143647,0.001003,0.000843
0,0.006564,0.166668,-0.030026,0.144061,-0.062345,0.162745,0.000115,0.002909
0,0.007765,0.117712,-0.015941,-0.043266,0.020249,-0.062068,0.000136,0.002054
0,-0.04767,0.1635,-0.081452,0.067301,-0.049941,0.031993,0.000832,0.002854
0,-0.082053,0.147451,-0.059466,-0.040542,-0.010922,-0.087398,0.001432,0.002574
0,0.06101,0.048658,0.169073,-0.08953,0.134362,-0.103937,0.001065,0.000849
0,0.036252,-0.063872,-0.019853,-0.090383,-0.019458,-0.082628,0.000633,0.001115
0,0.097647,0.088783,0.080088,0.163913,0.071874,0.135023,0.001704,0.00155
0,0.094057,-0.03005,-0.029704,-0.130354,-0.042924,-0.168683,0.001642,0.000524
0,0.052778,-0.051279,-0.032297,-0.036393,-0.078873,-0.00457,0.000921,0.000895
0,-0.144683,0.074149,-0.169458,0.131397,-0.16195,0.1032,0.002525,0.001294
0,0.12441,-0.106171,0.255732,-0.195376,0.215121,-0.200217,0.002171,0.001853
0,0.083917,-0.128229,-0.029244,-0.048124,-0.032008,-0.074938,0.001465,0.002238
0,0.197022,-0.084235,0.130377,0.032901,0.113397,-0.002386,0.003439,0.00147
0,0.083796,-0.016564,-0.095707,0.054886,-0.068281,0.056017,0.001463,0.000289
0,2.930796,0.224342,2.840042,0.257008,2.828718,0.233106,0.004145,0.003916
0,4.03725,0.685926,1.077116,0.462426,1.050683,0.494823,4.7e-05,0.00022
0,4.202161,0.562106,0.159066,-0.125508,0.179844,-0.16519,0.002831,0.001941
0,3.885189,0.481443,-0.288135,-0.057252,-0.311514,-0.05509,0.002701,0.003349
0,3.80896,0.456633,-0.105458,-0.032962,-0.132599,-0.03542,0.004031,0.003782
0,3.441341,0.110933,-0.393084,-0.357189,-0.433495,-0.381741,0.001304,0.001936
0,2.439956,0.043655,-1.004507,-0.054796,-1.04615,-0.055263,0.004422,0.000762
0,1.12911,0.03624,-1.339472,-0.000486,-1.336502,-0.03459,0.003797,0.000633
0,0.601179,-0.09781,-0.553464,-0.132355,-0.524522,-0.127707,0.001259,0.001707
0,0.173946,-0.100629,-0.400848,-0.018786,-0.449709,-0.001217,0.003036,0.001756
0,0.09358,-0.139471,-0.062602,-0.021049,-0.084838,0.027616,0.001633,0.002434
0,-0.243877,0.082425,-0.315159,0.210731,-0.341913,0.209098,0.004256,0.001439
0,-0.452289,-0.202562,-0.204153,-0.265475,-0.166229,-0.270425,0.003858,0.003535
0,-0.530934,0.05064,-0.102681,0.264015,-0.07511,0.219336,0.002485,0.000884
0,-0.314502,-0.175582,0.18655,-0.202664,0.164249,-0.235449,0.005489,0.003064
0,-0.399575,-0.088995,-0.06702,0.094596,-0.072853,0.070752,0.004778,0.001553
0,-0.44338,-0.157822,-0.041181,-0.055902,-0.075032,-0.09813,0.004013,0.002755
0,-0.33455,-0.176733,0.09419,0.002028,0.106359,0.03891,0.005839,0.003085
0,-0.182817,0.040886,0.143071,0.191557,0.146044,0.237578,0.003191,0.000714
0,-0.180938,0.07253,0.006153,0.05582,-0.00561,0.044198,0.003158,0.001266
0,0.083629,0.023565,0.259607,-0.06563,0.264614,-0.07179,0.00146,0.000411
0,-0.049023,-0.14947,-0.146362,-0.184744,-0.107107,-0.234243,0.000856,0.002609
0,-0.011105,-0.064574,0.042131,0.085177,0.079816,0.04028,0.000194,0.001127
0,0.028527,-0.152267,0.061604,-0.094777,0.050172,-0.105615,0.000498,0.002658
0,0.124324,0.041435,0.106472,0.183167,0.152076,0.136827,0.00217,0.000723
0,-0.140365,-0.049853,-0.271466,-0.061678,-0.290062,-0.039707,0.00245,0.00087
0,-0.117036,0.077371,-0.003194,0.109542,-0.046251,0.066829,0.002043,0.00135
0,-0.045193,0.015825,0.101467,-0.080661,0.127478,-0.127591,0.000789,0.000276
0,-0.137709,-0.057939,-0.105039,-0.059346,-0.065225,-0.02897,0.002403,0.001011
0,-0.017942,-0.116217,0.142549,-0.047122,0.164942,-0.061773,0.000313,0.002028
0,0.051723,-0.1136,0.04476,0.026483,0.0692,0.048259,0.000903,0.001983
0,-0.085996,-0.100736,-0.154424,0.016054,-0.181328,0.046578,0.001501,0.001758
0,0.133706,0.072728,0.232531,0.176341,0.229383,0.216103,0.002334,0.001269
0,-0.129979,-0.16498,-0.257297,-0.221958,-0.297941,-0.26923,0.002269,0.002879
0,0.121356,0.055375,0.22877,0.234579,0.215437,0.236289,0.002118,0.000966
0,0.107884,-0.055443,0.002448,-0.123074,-0.00156,-0.108134,0.001883,0.000968
0,0.198207,0.096902,0.103999,0.128146,0.12454,0.167883,0.003459,0.001691
0,0.012726,-0.022271,-0.184031,-0.108833,-0.199441,-0.130751,0.000222,0.000389
0,0.192877,-0.027524,0.194386,-0.019238,0.21903,-0.015517,0.003366,0.00048
0,0.077053,0.153391,-0.142028,0.20776,-0.172434,0.250027,0.001345,0.002677
0,-0.005251,-0.126935,-0.089685,-0.309215,-0.093284,-0.329752,9.2e-05,0.002215
0,-0.102237,0.110924,-0.119188,0.229928,-0.128764,0.215183,0.001784,0.001936
0,0.150411,-0.005729,0.280052,-0.130962,0.23683,-0.084831,0.002625,0.0001
0,0.004467,0.136653,-0.168168,0.154054,-0.165835,0.145154,7.8e-05,0.002385
0,-0.070657,0.111967,-0.096084,-0.02658,-0.107499,-0.001278,0.001233,0.001954
0,0.055137,0.023583,0.097319,-0.059816,0.081758,-0.101875,0.000962,0.000412
0,-0.145803,0.187624,-0.181927,0.136953,-0.197777,0.104009,0.002545,0.003275
0,-0.078094,0.012807,0.050212,-0.200142,0.016401,-0.220867,0.001363,0.000224
0,-0.008919,-0.044805,0.073362,-0.056532,0.065408,-0.009783,0.000156,0.000782
0,0.065064,0.037545,0.096162,0.073082,0.07443,0.083996,0.001136,0.000655
0,0.06405,-0.093294,0.021327,-0.137827,-0.028361,-0.148481,0.001118,0.001628
0,0.142567,0.126549,0.092198,0.246621,0.051607,0.278374,0.002488,0.002209
0,0.161282,0.043473,0.009949,-0.068506,0.035672,-0.059776,0.002815,0.000759
0,-0.148306,-0.003209,-0.323026,-0.053132,-0.311738,-0.052508,0.002588,5.6e-05
0,-0.068254,0.085857,0.082424,0.063128,0.042017,0.075922,0.001191,0.001498
0,0.023509,0.048573,0.062081,-0.037282,0.062061,-0.078151,0.00041,0.000848
0,0.200372,-0.033732,0.186562,-0.08597,0.18844,-0.088817,0.003497,0.000589
0,0.090092,0.21401,-0.135623,0.233679,-0.18544,0.228318,0.001572,0.003735
0,-0.027391,0.13191,-0.099127,-0.053031,-0.10225,-0.079395,0.000478,0.002302
0,0.049047,-0.049524,0.092794,-0.204304,0.139085,-0.230109,0.000856,0.000864
0,0.248002,-0.071045,0.221237,-0.031297,0.207997,-0.028051,0.004328,0.00124
0,0.245085,0.027978,-0.001371,0.087662,-0.007356,0.056638,0.004278,0.000488
0,0.293395,-0.095461,0.059068,-0.15335,0.097428,-0.197414,0.005121,0.001666
0,0.160145,0.134714,-0.112838,0.200748,-0.081039,0.225163,0.002795,0.002351
0,0.264709,-0.093038,0.114996,-0.204904,0.124833,-0.191245,0.00462,0.001624
0,0.279538,0.110357,0.002713,0.189192,0.00462,0.218089,0.004879,0.001926
0,0.045301,-0.021697,-0.236082,-0.144713,-0.239772,-0.155824,0.000791,0.000379
0,0.056103,0.121329,0.019412,0.172854,-0.011533,0.194539,0.000979,0.002118
0,-0.00232,0.110161,-0.043746,0.014546,-0.055919,0.00172,4e-05,0.001923
0,0.192723,-0.142052,0.176851,-0.224146,0.167991,-0.263611,0.003364,0.002479
0,0.109458,0.015319,-0.109507,0.170676,-0.084919,0.137893,0.00191,0.000267
0,0.097339,-0.151009,-0.020135,-0.193093,-0.041442,-0.157599,0.001699,0.002636
0,-0.092985,-0.052952,-0.192869,0.081098,-0.238531,0.038524,0.001623,0.000924
0,-0.069263,0.085185,0.035483,0.110141,0.052205,0.091894,0.001209,0.001487
0,0.141337,-0.150588,0.228684,-0.258374,0.243329,-0.278426,0.002467,0.002628
0,0.088371,-0.12973,-0.071868,0.005785,-0.105719,0.024388,0.001542,0.002264
0,0.191166,-0.065493,0.102584,0.037295,0.088349,0.07571,0.003336,0.001143
0,0.114427,-0.087315,-0.071942,-0.034934,-0.09564,-0.048417,0.001997,0.001524
0,0.181623,-0.157105,0.041587,-0.049903,0.0272,-0.096478,0.00317,0.002742
0,0.017672,0.116522,-0.184957,0.252979,-0.162958,0.243075,0.000308,0.002034
0,0.064519,0.040443,0.032062,-0.102583,0.051929,-0.0746,0.001126,0.000706
0,0.214069,0.093453,0.166727,0.033789,0.196775,0.000541,0.003736,0.001631
0,0.031932,0.035604,-0.205895,-0.064014,-0.228603,-0.077234,0.000557,0.000621
0,0.093158,0.10707,0.042413,0.074282,0.028254,0.042654,0.001626,0.001869
0,0.091833,-0.099725,0.016914,-0.231067,0.056881,-0.211589,0.001603,0.001741
0,-0.07915,0.098173,-0.189772,0.202583,-0.228462,0.178825,0.001381,0.001713
0,0.014566,0.001837,0.094844,-0.093854,0.115844,-0.107797,0.000254,3.2e-05
0,0.020357,-0.125879,0.032211,-0.135122,-0.004467,-0.131852,0.000355,0.002197
0,0.146545,-0.069828,0.121368,0.054943,0.13417,0.042408,0.002558,0.001219
0,-0.128683,-0.033568,-0.301873,0.019304,-0.282932,0.003177,0.002246,0.000586
0,0.106631,0.046647,0.243639,0.085752,0.235958,0.073232,0.001861,0.000814
0,-0.111849,0.001139,-0.239209,-0.027112,-0.253181,-0.016308,0.001952,2e-05
0,-0.053058,0.140377,0.054304,0.165019,0.050304,0.174897,0.000926,0.00245
0,0.140008,0.021864,0.197679,-0.141257,0.231276,-0.154595,0.002444,0.000382
0,-0.033624,-0.128498,-0.146771,-0.145509,-0.105282,-0.131421,0.000587,0.002243
0,0.061501,-0.022871,0.092753,0.100156,0.127989,0.12736,0.001073,0.000399
0,0.135432,0.088738,0.074121,0.106351,0.058455,0.117324,0.002364,0.001549
0,-0.008915,0.177349,-0.136214,0.110796,-0.104705,0.154198,0.000156,0.003095
0,0.275612,0.024187,0.269141,-0.154464,0.267837,-0.198966,0.00481,0.000422
0,0.310814,0.011544,0.045647,-0.006447,0.013342,0.02229,0.005425,0.000201
0,0.043099,-0.000781,-0.271193,0.007738,-0.307879,-0.038491,0.000752,1.4e-05
0,0.312354,0.08144,0.286673,0.109885,0.27046,0.074977,0.005452,0.001421
0,0.155158,0.112518,-0.163093,0.007921,-0.145309,0.023991,0.002708,0.001964
0,-0.042809,-0.07368,-0.178615,-0.171035,-0.181892,-0.145452,0.000747,0.001286
0,0.099433,0.061786,0.153301,0.131337,0.159573,0.161197,0.001735,0.001078
0,0.091627,0.106401,0.021046,0.031896,-0.015444,0.066043,0.001599,0.001857
0,-0.082156,0.038282,-0.198676,-0.067241,-0.225098,-0.068078,0.001434,0.000668
0,0.125101,0.126631,0.235192,0.070621,0.281814,0.079128,0.002183,0.00221
0,-0.111286,-0.029155,-0.234252,-0.129122,-0.257987,-0.131001,0.001942,0.000509
0,-0.005252,-0.02838,0.116048,-0.012412,0.074784,-0.062011,9.2e-05,0.000495
0,0.199108,0.207895,0.209594,0.265423,0.20888,0.262215,0.003475,0.003628
0,-0.034808,0.226321,-0.242516,0.039042,-0.219805,0.068435,0.000608,0.00395
0,-0.140929,0.117626,-0.118677,-0.121373,-0.145207,-0.105855,0.00246,0.002053
0,0.170209,0.219313,0.326347,0.099361,0.351693,0.091913,0.002971,0.003828
0,0.125573,0.220183,-0.035682,0.013787,-0.076848,0.053403,0.002192,0.003843
0,0.111632,0.162746,-0.002951,-0.049496,-0.028866,-0.069367,0.001948,0.00284
0,-0.108427,0.169272,-0.24411,0.018468,-0.289951,0.063922,0.001892,0.002954
0,0.039358,0.064349,0.146129,-0.115493,0.161826,-0.076291,0.000687,0.001123
0,0.007847,0.001864,-0.055853,-0.075354,-0.034596,-0.058144,0.000137,3.3e-05
0,-0.047393,-0.112434,-0.074385,-0.109985,-0.063656,-0.084377,0.000827,0.001962
0,0.129538,0.161967,0.171398,0.264046,0.169423,0.234138,0.002261,0.002827
0,-0.087392,0.117358,-0.241172,-0.052992,-0.286464,-0.019421,0.001525,0.002048
0,-0.089455,-0.065464,0.000789,-0.200485,-0.021268,-0.227963,0.001561,0.001143
0,0.091509,-0.040695,0.167634,0.005724,0.194213,-0.041241,0.001597,0.00071
0,0.078981,-0.014616,-0.036093,0.021584,-0.046161,0.070313,0.001378,0.000255
0,0.029246,0.035685,-0.055911,0.041701,-0.101703,0.050217,0.00051,0.000623
0,0.117076,0.032188,0.07606,-0.016812,0.11656,-0.013815,0.002043,0.000562
0,0.035974,-0.062474,-0.107777,-0.098696,-0.11746,-0.144411,0.000628,0.00109
0,0.1485,0.0751,0.135304,0.113193,0.171599,0.095331,0.002592,0.001311
0,-0.000161,-0.146537,-0.165986,-0.2043,-0.151963,-0.208494,3e-06,0.002558
0,0.069532,-0.010431,0.096995,0.137311,0.056154,0.153042,0.001214,0.000182
0,-0.142439,-0.044741,-0.221601,-0.045718,-0.266084,-0.02937,0.002486,0.000781
0,0.120187,0.106193,0.250675,0.165944,0.287627,0.182836,0.002098,0.001853
0,-0.068062,-0.142226,-0.211054,-0.25106,-0.165596,-0.21705,0.001188,0.002482
0,-0.141591,-0.090467,-0.089663,0.052692,-0.074403,0.097937,0.002471,0.001579
0,0.049186,0.0454,0.211494,0.15808,0.161981,0.123633,0.000858,0.000792
0,-0.103468,0.032647,-0.181098,-0.010493,-0.205136,0.024222,0.001806,0.00057
0,-0.137888,-0.021049,-0.032275,-0.052554,-0.074824,-0.030587,0.002407,0.000367
0,-0.019413,0.089718,0.100646,0.136619,0.057446,0.157373,0.000339,0.001566
0,-0.15466,-0.061108,-0.145809,-0.152026,-0.168854,-0.112832,0.002699,0.001067
0,0.131427,0.04922,0.259206,0.113519,0.284826,0.120158,0.002294,0.000859
0,-0.029168,-0.108713,-0.165877,-0.177338,-0.183788,-0.135976,0.000509,0.001897
0,0.093385,0.089708,0.134111,0.202716,0.130542,0.242695,0.00163,0.001566
0,0.006199,0.09981,-0.083455,0.008578,-0.082003,0.019296,0.000108,0.001742
0,-0.185723,0.050819,-0.220692,-0.040531,-0.250914,-0.037382,0.003241,0.000887
0,-0.006418,-0.035033,0.157029,-0.100547,0.153643,-0.132934,0.000112,0.000611
0,-0.095298,0.117371,-0.089716,0.152731,-0.075742,0.178975,0.001663,0.002049
0,-0.067966,-0.010894,0.053795,-0.145224,0.074542,-0.153031,0.001186,0.00019
0,-0.159274,-0.05065,-0.061556,-0.023535,-0.08477,-0.060703,0.00278,0.000884
0,-0.072471,0.075841,0.084762,0.146468,0.121687,0.190376,0.001265,0.001324
0,-0.128214,-0.136812,-0.071417,-0.203671,-0.065017,-0.21289,0.002238,0.002388
0,-0.190991,-0.015346,-0.071035,0.126397,-0.112331,0.119697,0.003333,0.000268
0,0.008937,0.049039,0.182208,0.064676,0.211798,0.038626,0.000156,0.000856
0,-0.209627,-0.048913,-0.198583,-0.094369,-0.154865,-0.06651,0.003659,0.000854
0,-0.197562,0.164179,0.036957,0.197918,0.018838,0.16863,0.003448,0.002865
0,0.008497,0.018118,0.196157,-0.129595,0.239717,-0.141121,0.000148,0.000316
0,-0.162624,-0.085548,-0.18556,-0.07839,-0.228149,-0.08,0.002838,0.001493
0,-0.038455,0.122127,0.098242,0.19596,0.055373,0.239803,0.000671,0.002132
0,-0.068043,-0.15283,-0.014618,-0.282516,-0.056765,-0.23461,0.001188,0.002667
0,-0.076977,-0.149235,0.01336,-0.002212,0.043433,-0.003491,0.001343,0.002605
0,0.064101,-0.157031,0.154207,-0.01331,0.128905,-0.021907,0.001119,0.002741
0,0.087728,-0.174191,0.013899,0.0099,0.011379,0.04797,0.001531,0.00304
0,-0.086612,-0.031917,-0.199083,0.14534,-0.217291,0.169504,0.001512,0.000557
0,0.130607,0.022066,0.194176,0.079797,0.185606,0.078311,0.00228,0.000385
0,0.085637,-0.114555,-0.064477,-0.163924,-0.076932,-0.145443,0.001495,0.001999
0,-0.127267,-0.026664,-0.207204,0.076964,-0.163325,0.11631,0.002221,0.000465
0,0.004699,-0.187415,0.118533,-0.184619,0.093626,-0.220203,8.2e-05,0.003271
0,-0.018368,-0.021897,-0.052397,0.175426,-0.043981,0.188756,0.000321,0.000382
0,-0.139574,0.023785,-0.117345,0.03795,-0.116552,0.07573,0.002436,0.000415
0,-0.141458,-0.023966,-0.023439,-0.030718,0.020578,-0.052064,0.002469,0.000418
0,-0.116061,-0.11285,0.004876,-0.102337,0.030399,-0.06001,0.002026,0.00197
0,-0.148044,0.038765,-0.030397,0.173923,-0.066199,0.15702,0.002584,0.000677
0,-0.184789,-0.203731,-0.021094,-0.226291,-0.033137,-0.23815,0.003225,0.003556
0,-0.164555,0.074565,0.012108,0.295684,-0.003041,0.331683,0.002872,0.001301
0,-0.018405,-0.201248,0.157539,-0.296448,0.166027,-0.253184,0.000321,0.003512
0,-0.223435,-0.039465,-0.195096,0.132673,-0.239276,0.152931,0.0039,0.000689
0,-0.270876,0.051296,-0.060183,0.065816,-0.081492,0.053552,0.004728,0.000895
0,-0.088415,-0.052887,0.20749,-0.089724,0.233944,-0.07848,0.001543,0.000923
0,0.0287,-0.133808,0.133602,-0.110535,0.158347,-0.120108,0.000501,0.002335
0,-0.219266,-0.13165,-0.218042,-0.017626,-0.263903,-0.003811,0.003827,0.002298
0,-0.014032,-0.079963,0.214467,0.06706,0.259157,0.113455,0.000245,0.001396
0,-0.001219,-0.073854,0.009177,-0.019818,-0.02876,-0.060177,2.1e-05,0.001289
0,-0.215373,-0.133007,-0.202075,-0.029873,-0.229369,-0.070936,0.003759,0.002321
0,-0.217959,-0.025098,-0.000118,0.117481,-0.042899,0.094114,0.003804,0.000438
0,-0.025268,-0.034993,0.170641,-0.026804,0.124561,-0.012028,0.000441,0.000611
0,0.016422,-0.105974,0.069138,-0.089811,0.116858,-0.104195,0.000287,0.00185
0,-0.040119,-0.049159,-0.067588,0.031059,-0.026203,0.052014,0.0007,0.000858
0,-0.120098,-0.145499,-0.086161,-0.112456,-0.097042,-0.072454,0.002096,0.002539
0,-0.150309,-0.005525,-0.014747,0.164069,-0.00508,0.121082,0.002623,9.6e-05
0,-0.096986,-0.036148,0.047143,-0.044793,0.001206,0.004632,0.001693,0.000631
0,0.028097,0.020869,0.125337,0.037007,0.085063,0.054868,0.00049,0.000364
0,-0.218233,-0.071332,-0.222878,-0.079417,-0.236208,-0.041023,0.003809,0.001245
0,0.048958,0.020184,0.28467,0.09437,0.273169,0.080372,0.000854,0.000352
0,-0.058788,-0.082749,-0.08757,-0.105233,-0.102495,-0.10076,0.001026,0.001444
0,-0.091041,0.172815,-0.026332,0.284562,0.003326,0.267063,0.001589,0.003016
0,-0.049132,-0.059909,0.028423,-0.250714,0.036878,-0.262302,0.000858,0.001046
0,-0.13655,-0.043587,-0.082752,0.012365,-0.104355,0.004137,0.002383,0.000761
0,-0.048101,0.095123,0.103143,0.122138,0.128907,0.168237,0.00084,0.00166
0,-0.031826,0.01823,0.016875,-0.048319,-0.030496,-0.080314,0.000555,0.000318
0,-0.011473,0.00205,0.024918,-0.009021,-0.014406,-0.012139,0.0002,3.6e-05
0,-0.033785,0.026649,-0.000956,0.000828,0.042814,-0.012457,0.00059,0.000465
0,0.048642,-0.003804,0.0603,-0.00063,0.103053,-0.039945,0.000849,6.6e-05
0,-0.032855,-0.021759,-0.078887,0.011564,-0.047136,0.015307,0.000573,0.00038
0,-0.015325,0.139229,-0.001257,0.179052,-0.026194,0.185279,0.000267,0.00243
0,0.050959,-0.07109,0.083223,-0.215588,0.04516,-0.245425,0.000889,0.001241
0,0.043002,0.017644,0.003283,0.077571,-0.012142,0.063723,0.000751,0.000308
0,0.077744,0.078043,0.061625,0.062113,0.043143,0.01436,0.001357,0.001362
0,-0.169008,0.066516,-0.271737,-0.033172,-0.246447,-0.000745,0.00295,0.001161
0,-0.064896,-0.111311,0.12094,-0.148905,0.130055,-0.146629,0.001133,0.001943
0,-0.032035,-0.108722,0.027921,-0.000206,-0.012037,0.037196,0.000559,0.001898
0,0.155435,0.059344,0.174577,0.145211,0.136545,0.118802,0.002713,0.001036
0,0.191151,-0.136077,0.01054,-0.192364,0.021181,-0.173958,0.003336,0.002375
0,0.128873,0.088203,-0.057897,0.230404,-0.027617,0.225379,0.002249,0.001539
0,0.18394,0.021047,0.066457,-0.088057,0.018456,-0.066212,0.00321,0.000367
0,-0.046111,-0.15208,-0.258523,-0.18028,-0.223789,-0.155867,0.000805,0.002654
0,0.095314,-0.029643,0.128467,0.122914,0.16786,0.149812,0.001664,0.000517
0,0.124854,0.0781,0.041946,0.087214,0.056653,0.136636,0.002179,0.001363
0,0.044306,-0.090764,-0.076281,-0.188985,-0.038532,-0.14811,0.000773,0.001584
0,-0.06175,0.05525,-0.102676,0.158581,-0.074985,0.172783,0.001078,0.000964
0,0.101627,0.088354,0.165926,0.027248,0.16413,0.052869,0.001774,0.001542
0,0.165804,0.067349,0.040985,-0.018954,0.04973,-0.050785,0.002894,0.001175
0,0.21451,0.056762,0.022775,-0.031593,-0.003572,-0.049604,0.003744,0.000991
0,0.064261,0.125381,-0.157954,0.067341,-0.11795,0.031835,0.001122,0.002188
0,0.215992,0.05551,0.162287,-0.099257,0.200939,-0.059511,0.00377,0.000969
0,0.074918,-0.052681,-0.129605,-0.107648,-0.08354,-0.104884,0.001308,0.000919
0,-0.021338,-0.012383,-0.067424,0.040171,-0.039456,0.007441,0.000372,0.000216
0,0.051209,-0.074313,0.096225,-0.042293,0.118879,-0.00724,0.000894,0.001297
0,0.172591,-0.106299,0.112872,-0.003357,0.119444,0.023394,0.003012,0.001855
0,-0.023779,0.106966,-0.217044,0.227557,-0.253571,0.228219,0.000415,0.001867
0,-0.029882,-0.015367,-0.008187,-0.132387,-0.029491,-0.159377,0.000522,0.000268
0,0.005691,-0.100148,0.006868,-0.061508,0.034768,-0.103395,9.9e-05,0.001748
0,0.180936,-0.104829,0.192269,0.004071,0.185019,0.044815,0.003158,0.00183
0,0.216168,0.165345,0.03952,0.279024,0.070046,0.297675,0.003773,0.002886
0,0.055122,0.103299,-0.132979,-0.075044,-0.115669,-0.045289,0.000962,0.001803
0,0.089052,-0.043435,0.040764,-0.146223,0.059672,-0.190026,0.001554,0.000758
0,-0.159669,-0.043593,-0.265094,0.028163,-0.301443,-0.004681,0.002787,0.000761
0,0.030136,-0.112929,0.161485,-0.088407,0.180977,-0.065363,0.000526,0.001971
0,-0.00693,-0.119527,-0.029606,0.020177,-0.030516,0.056876,0.000121,0.002086
0,-0.152574,0.097977,-0.174754,0.197434,-0.13084,0.176384,0.002663,0.00171
0,-0.073808,0.100888,0.107781,0.015293,0.073895,0.011049,0.001288,0.001761
0,-0.013622,-0.081536,0.072664,-0.188108,0.02548,-0.234276,0.000238,0.001423
0,-0.24158,-0.024587,-0.201005,0.085758,-0.249061,0.1138,0.004216,0.000429
0,-0.087711,0.064707,0.144743,0.100543,0.149157,0.06922,0.001531,0.001129
0,-0.021617,0.038738,0.072936,-0.000215,0.082513,0.039912,0.000377,0.000676
0,-0.223075,0.100789,-0.194814,0.05852,-0.216473,0.022045,0.003893,0.001759
0,-0.13728,0.001478,0.11528,-0.115399,0.142719,-0.152778,0.002396,2.6e-05
0,-0.075981,-0.00547,0.040901,-0.01288,0.074139,0.035023,0.001326,9.5e-05
0,-0.022899,-0.088515,0.079106,-0.072268,0.124807,-0.043401,0.0004,0.001545
0,0.039054,-0.030009,0.057106,0.052328,0.022084,0.021305,0.000682,0.000524
0,0.049463,-0.010087,0.039124,0.002423,0.025948,-0.00257,0.000863,0.000176
0,0.208529,-0.068797,0.182029,-0.070848,0.161751,-0.036863,0.00364,0.001201
0,-0.06818,-0.10433,-0.286695,-0.057194,-0.273479,-0.099975,0.00119,0.001821
0,0.02356,0.110476,0.120165,0.236183,0.120316,0.234514,0.000411,0.001928
0,-0.067113,-0.046051,-0.087213,-0.146459,-0.065893,-0.183783,0.001171,0.000804
0,0.132855,-0.079324,0.219196,-0.030632,0.245051,-0.044861,0.002319,0.001384
0,-0.150721,-0.066532,-0.284102,-0.016558,-0.255293,-0.054728,0.002631,0.001161
0,-0.213866,0.056963,-0.049583,0.130552,-0.018568,0.117532,0.003733,0.000994
0,-0.133823,-0.045078,0.056102,-0.113939,0.075201,-0.076928,0.002336,0.000787
0,-0.057517,-0.012327,0.068859,0.055273,0.056818,0.044878,0.001004,0.000215
0,-0.121373,0.004396,-0.074955,0.013061,-0.08628,0.057605,0.002118,7.7e-05
0,0.054026,-0.050657,0.185645,-0.061458,0.21932,-0.09958,0.000943,0.000884
0,0.056802,-0.05887,-0.019848,-0.020294,0.023693,-0.046525,0.000991,0.001027
0,-0.157788,-0.088528,-0.226153,-0.058097,-0.24005,-0.030235,0.002754,0.001545
0,-0.006587,0.022171,0.124395,0.115395,0.137051,0.085927,0.000115,0.000387
0,-0.194842,0.107088,-0.201799,0.089948,-0.223482,0.072273,0.003401,0.001869
0,-0.024395,0.147014,0.173237,0.024238,0.217311,-0.020164,0.000426,0.002566
0,0.063048,-0.114014,0.101707,-0.260807,0.130151,-0.242207,0.0011,0.00199
0,-0.10061,0.068677,-0.143738,0.154929,-0.153065,0.178893,0.001756,0.001199
0,-0.143767,0.139203,-0.024321,0.058931,0.020336,0.038395,0.002509,0.00243
0,-0.00472,0.01147,0.119446,-0.157572,0.109388,-0.143851,8.2e-05,0.0002
0,-0.080293,-0.116373,-0.091463,-0.118524,-0.112133,-0.079889,0.001401,0.002031
0,-0.087033,-0.08947,0.003974,0.012927,0.002377,0.010165,0.001519,0.001562
0,-0.198611,0.12165,-0.084707,0.220034,-0.056835,0.230441,0.003466,0.002123
0,-0.101157,0.109758,0.117669,-0.010708,0.136602,-0.009031,0.001766,0.001916
0,-0.169887,-0.153759,-0.086312,-0.26205,-0.041636,-0.239883,0.002965,0.002684
0,-0.190072,-0.136677,-0.039448,0.001353,-0.080069,-0.020409,0.003317,0.002385
0,-0.085987,-0.00771,0.122043,0.100163,0.153147,0.127117,0.001501,0.000135
0,-0.273794,0.003683,-0.198543,0.038273,-0.196977,0.020939,0.004779,6.4e-05
0,-0.033047,-0.062033,0.24942,-0.080774,0.220858,-0.068419,0.000577,0.001083
0,-0.095322,-0.153612,-0.032953,-0.102469,0.004646,-0.11924,0.001664,0.002681
0,-0.18482,0.011264,-0.099713,0.143461,-0.087638,0.164325,0.003226,0.000197
0,-0.195799,-0.073931,-0.010032,-0.104163,-0.01043,-0.143742,0.003417,0.00129
0,-0.150364,-0.13419,0.053714,-0.080655,0.005951,-0.092711,0.002624,0.002342
0,0.001886,-0.129384,0.127951,0.022975,0.115115,0.072946,3.3e-05,0.002258
0,-0.08214,-0.022396,-0.099297,0.129594,-0.105371,0.176971,0.001434,0.000391
0,-0.285484,-0.115099,-0.192154,-0.11466,-0.190026,-0.154371,0.004983,0.002009
0,-0.089658,0.102972,0.21603,0.234946,0.256407,0.230427,0.001565,0.001797
0,0.00079,0.063419,0.073712,-0.04813,0.080692,-0.020361,1.4e-05,0.001107
0,-0.105857,0.116589,-0.114063,0.053526,-0.128325,0.063973,0.001848,0.002035
0,-0.148987,0.081452,-0.03038,-0.050641,-0.078342,-0.096024,0.0026,0.001422
0,-0.118159,0.030622,0.018742,-0.027661,-0.002003,-0.02541,0.002062,0.000534
0,-0.242907,-0.056796,-0.112072,-0.069891,-0.067881,-0.074355,0.00424,0.000991
0,-0.091437,0.037841,0.125374,0.123379,0.098872,0.095412,0.001596,0.00066
0,-0.056177,0.03607,0.028619,-0.006301,-0.011422,0.013268,0.00098,0.00063
0,-0.167435,-0.067987,-0.103442,-0.10695,-0.05704,-0.061081,0.002922,0.001187
0,0.046859,-0.117789,0.210982,-0.025007,0.189191,0.022796,0.000818,0.002056
0,-0.217421,0.053374,-0.249847,0.183136,-0.263142,0.141082,0.003795,0.000932
0,-0.252467,-0.000325,-0.016324,-0.059225,-0.012601,-0.013721,0.004406,6e-06
0,-0.030195,-0.149562,0.225337,-0.154874,0.230694,-0.163287,0.000527,0.00261
0,-0.052169,-0.009987,0.005002,0.116468,-0.044894,0.116441,0.000911,0.000174
0,-0.166767,0.026372,-0.100841,0.015732,-0.08118,0.056212,0.002911,0.00046
0,-0.213895,-0.026411,-0.062836,-0.07454,-0.044819,-0.114689,0.003733,0.000461
0,-0.178307,0.084975,0.040782,0.105495,0.0405,0.083308,0.003112,0.001483
0,-0.241226,-0.180455,-0.041564,-0.270249,-0.008649,-0.292381,0.00421,0.00315
0,-0.020522,-0.086705,0.209204,0.080647,0.176889,0.129773,0.000358,0.001513
0,-0.059233,0.105043,-0.066241,0.184833,-0.024866,0.220801,0.001034,0.001833
0,-0.250506,-0.025854,-0.162355,-0.143793,-0.168072,-0.130212,0.004372,0.000451
0,-0.173562,-0.207881,0.049941,-0.184214,0.036228,-0.204851,0.003029,0.003628
0,-0.056121,-0.143947,0.11881,0.059894,0.155188,0.021805,0.000979,0.002512
0,-0.117923,0.045729,-0.039855,0.214157,-0.0197,0.171694,0.002058,0.000798
0,0.031961,-0.193089,0.12919,-0.261391,0.085361,-0.307784,0.000558,0.00337
0,-0.021653,-0.09646,-0.041649,0.084859,-0.028557,0.051539,0.000378,0.001684
0,-0.085815,-0.174424,-0.073978,-0.055971,-0.087718,-0.050038,0.001498,0.003044
0,0.039514,0.075521,0.138258,0.22589,0.182142,0.176391,0.00069,0.001318
0,-0.167503,0.018748,-0.177738,-0.074754,-0.186725,-0.102214,0.002923,0.000327
0,-0.158238,0.065745,0.025286,0.024487,-0.012046,0.017426,0.002762,0.001147
0,0.010346,-0.126054,0.159632,-0.168629,0.123021,-0.204718,0.000181,0.0022
0,0.055995,0.138467,0.04171,0.248648,0.076761,0.210734,0.000977,0.002417
0,-0.096884,0.112026,-0.131192,-0.012665,-0.15687,-0.038435,0.001691,0.001955
0,-0.16857,0.133976,-0.101399,-0.002769,-0.126084,-0.016583,0.002942,0.002338
0,0.068028,-0.077597,0.223033,-0.210984,0.204866,-0.223559,0.001187,0.001354
0,0.032945,-0.051582,-0.048367,0.027317,-0.055511,-0.005743,0.000575,0.0009
0,-0.067555,0.088644,-0.081419,0.155632,-0.082169,0.194283,0.001179,0.001547
0,0.033192,-0.03702,0.084171,-0.123739,0.072936,-0.14824,0.000579,0.000646
0,-0.124313,0.126824,-0.182871,0.160638,-0.177679,0.144317,0.00217,0.002214
0,-0.036202,-0.074245,0.098554,-0.20837,0.137051,-0.256029,0.000632,0.001296
0,-0.110568,0.074538,-0.048149,0.15859,-0.090061,0.114744,0.00193,0.001301
0,0.034815,0.097662,0.132013,0.049982,0.164537,0.0689,0.000608,0.001705
0,-0.122285,0.100844,-0.152387,0.025107,-0.123441,0.034573,0.002134,0.00176
0,-0.147704,0.027795,-0.037323,-0.063397,-0.031158,-0.08502,0.002578,0.000485
0,-0.070611,-0.111059,0.057744,-0.139326,0.058738,-0.097707,0.001232,0.001938
0,-0.084798,-0.004269,-0.01823,0.096804,-0.039339,0.082419,0.00148,7.5e-05
0,-0.087569,-0.024486,0.008926,0.001295,-0.02606,-0.007669,0.001528,0.000427
0,-0.052656,0.113009,0.009436,0.13771,0.041016,0.131978,0.000919,0.001972
0,-0.15579,-0.039422,-0.122713,-0.161672,-0.08639,-0.19436,0.002719,0.000688
0,0.075081,0.068616,0.247649,0.097264,0.278821,0.116524,0.00131,0.001198
0,-0.144505,0.129151,-0.249579,0.057214,-0.205221,0.084045,0.002522,0.002254
0,-0.101948,-0.145198,0.038369,-0.254637,-0.011576,-0.264511,0.001779,0.002534
0,-0.024205,-0.104026,0.104285,0.046697,0.067,0.012342,0.000422,0.001816
0,-0.024611,-0.027234,-0.018254,0.0703,-0.030513,0.100329,0.00043,0.000475
0,-0.151683,-0.068743,-0.141296,-0.044075,-0.168832,-0.050828,0.002647,0.0012
0,0.073314,0.086858,0.240791,0.174248,0.219824,0.128424,0.00128,0.001516
0,0.054715,-0.022533,-0.003362,-0.132399,-0.006886,-0.146094,0.000955,0.000393
0,-0.069489,-0.010439,-0.119026,0.0084,-0.155042,-0.001423,0.001213,0.000182
0,0.016707,-0.117917,0.064207,-0.115637,0.096664,-0.07523,0.000292,0.002058
0,0.030953,-0.017591,0.018375,0.107124,0.020917,0.15313,0.00054,0.000307
0,0.021117,0.100004,-0.0089,0.141637,-0.016113,0.110537,0.000369,0.001745
0,0.061948,0.110213,0.010837,0.001815,-0.011043,-0.009241,0.001081,0.001924
0,-0.091332,0.047119,-0.128925,-0.037202,-0.08671,0.002589,0.001594,0.000822
0,0.084396,0.084257,0.185017,0.051564,0.209708,0.072101,0.001473,0.001471
0,-0.058547,-0.085075,-0.152592,-0.156294,-0.155323,-0.140344,0.001022,0.001485
0,0.157611,-0.082672,0.212663,0.025275,0.222122,0.068705,0.002751,0.001443
0,-0.018772,-0.019659,-0.204773,0.044808,-0.179823,0.047959,0.000328,0.000343
0,0.007963,0.090994,0.047672,0.102078,0.079773,0.055006,0.000139,0.001588
0,-0.007959,0.153275,-0.015591,0.076552,-0.047117,0.10741,0.000139,0.002675
0,0.079157,0.131244,0.059256,-0.030286,0.092517,0.016121,0.001382,0.002291
0,-0.04282,-0.02459,-0.102152,-0.170386,-0.062804,-0.158962,0.000747,0.000429
0,0.188109,0.080497,0.251582,0.124472,0.294634,0.138967,0.003283,0.001405
0,-0.004715,-0.0017,-0.199064,-0.059449,-0.227586,-0.058807,8.2e-05,3e-05
0,-0.092947,-0.002585,-0.115557,0.000534,-0.083512,-0.041135,0.001622,4.5e-05
0,-0.012016,0.064732,0.080014,0.07385,0.100241,0.069525,0.00021,0.00113
0,0.179869,0.139502,0.197678,0.075878,0.210021,0.079043,0.003139,0.002435
0,0.077632,0.104763,-0.125326,-0.056499,-0.151762,-0.067401,0.001355,0.001828
0,-0.078629,0.035937,-0.150697,-0.088619,-0.199869,-0.103241,0.001372,0.000627
0,-0.012108,0.094302,0.078318,0.034236,0.094504,0.017383,0.000211,0.001646
0,-0.009504,0.039794,0.031081,-0.072701,0.026546,-0.088534,0.000166,0.000695
0,-0.042997,0.001832,-0.012955,-0.038738,-0.046987,-0.003994,0.00075,3.2e-05
0,0.099379,-0.041781,0.153354,-0.050138,0.183354,-0.04884,0.001734,0.000729
0,0.13587,-0.091058,0.047791,-0.053767,0.026962,-0.065124,0.002371,0.001589
0,-0.022793,0.152937,-0.151004,0.239234,-0.133492,0.211025,0.000398,0.002669
0,0.080501,0.070961,0.128727,-0.053722,0.168243,-0.015449,0.001405,0.001239
0,0.02129,-0.112725,-0.0349,-0.202163,-0.006968,-0.184902,0.000372,0.001967
0,-0.107371,-0.090434,-0.118252,0.010118,-0.120372,0.03633,0.001874,0.001578
0,-0.024424,0.114481,0.065577,0.2003,0.113219,0.165042,0.000426,0.001998
0,-0.1804,-0.020447,-0.181497,-0.109414,-0.186751,-0.151788,0.003149,0.000357
0,-0.046333,-0.120123,0.117406,-0.084219,0.165126,-0.054059,0.000809,0.002097
0,-0.047623,0.01539,0.021048,0.120922,-0.015638,0.118698,0.000831,0.000269
0,0.003499,-0.037832,0.028563,-0.05328,0.019548,-0.09651,6.1e-05,0.00066
0,0.169158,-0.089208,0.186771,-0.053109,0.185251,-0.011713,0.002952,0.001557
0,-0.051007,0.153024,-0.208152,0.222431,-0.183789,0.221923,0.00089,0.002671
0,0.150985,0.103885,0.221323,-0.067536,0.226454,-0.114601,0.002635,0.001813
0,-0.147219,0.055268,-0.309382,-0.037992,-0.340071,-0.086407,0.002569,0.000965
0,0.027256,0.03374,0.17982,-0.038527,0.221578,-0.013361,0.000476,0.000589
0,-0.10049,-0.100838,-0.12282,-0.111238,-0.141519,-0.153297,0.001754,0.00176
0,0.154083,0.081988,0.240316,0.157264,0.20668,0.183313,0.002689,0.001431
0,-0.018144,-0.052323,-0.182681,-0.151667,-0.157675,-0.189789,0.000317,0.000913
0,-0.091442,-0.020989,-0.058795,0.031562,-0.01338,0.061868,0.001596,0.000366
0,0.194819,-0.134184,0.272087,-0.09555,0.313282,-0.09764,0.0034,0.002342
0,-0.037175,-0.048831,-0.20455,0.083448,-0.171776,0.050131,0.000649,0.000852
0,0.132937,-0.010834,0.188806,0.015923,0.163258,-0.003456,0.00232,0.000189
0,-0.094181,0.073907,-0.246176,0.057258,-0.262579,0.057973,0.001644,0.00129
0,0.044302,0.161108,0.152092,0.108738,0.176541,0.152751,0.000773,0.002812
0,-0.009909,-0.037945,-0.058809,-0.206536,-0.012758,-0.195636,0.000173,0.000662
0,0.221376,-0.07297,0.244239,-0.021653,0.280165,-0.002518,0.003864,0.001274
0,0.193806,0.107054,-0.019819,0.195883,-0.063756,0.208244,0.003383,0.001868
0,-0.000362,0.012883,-0.202979,-0.080417,-0.184179,-0.052885,6e-06,0.000225
0,0.193262,0.055938,0.210248,0.050949,0.234541,0.01033,0.003373,0.000976
0,-0.048071,-0.009199,-0.241157,-0.075634,-0.264355,-0.031331,0.000839,0.000161
0,0.110832,0.052191,0.139765,0.037941,0.121584,0.051336,0.001934,0.000911
0,0.008385,0.145137,-0.109792,0.078214,-0.102332,0.08808,0.000146,0.002533
0,-0.012259,0.043034,-0.015085,-0.107186,-0.053246,-0.069117,0.000214,0.000751
0,0.010551,-0.108775,0.022889,-0.160302,0.053146,-0.121337,0.000184,0.001898
0,0.154878,-0.006735,0.145563,0.111094,0.184621,0.141523,0.002703,0.000118
0,0.055006,0.005429,-0.09204,0.021267,-0.064535,0.055169,0.00096,9.5e-05
0,-0.030219,0.050188,-0.091383,0.045806,-0.109844,0.030957,0.000527,0.000876
0,0.183049,0.004728,0.184602,-0.033204,0.145241,0.016102,0.003195,8.3e-05
0,-0.12649,-0.038368,-0.295293,-0.022585,-0.303732,-0.052413,0.002208,0.00067
0,-0.030515,-0.088603,0.069982,-0.064984,0.04608,-0.114316,0.000533,0.001546
0,-0.132484,-0.140779,-0.126922,-0.063892,-0.090549,-0.070556,0.002312,0.002457
0,0.050599,0.001841,0.181329,0.137475,0.164109,0.120043,0.000883,3.2e-05
0,-0.114388,0.06569,-0.150978,0.034181,-0.197835,0.07682,0.001996,0.001147
0,0.031696,-0.118122,0.133048,-0.166719,0.151401,-0.182474,0.000553,0.002062
0,-0.07794,-0.105154,-0.124923,0.020791,-0.121432,0.061773,0.00136,0.001835
0,0.003614,-0.118455,0.0788,-0.019656,0.061031,-0.032189,6.3e-05,0.002067
0,0.093694,-0.032657,0.117141,0.11405,0.125506,0.119293,0.001635,0.00057
0,0.089462,-0.017094,-0.001614,-0.00963,0.005594,0.031266,0.001561,0.000298
0,-0.147554,-0.252777,-0.244453,-0.214364,-0.28641,-0.187791,0.002575,0.004412
0,0.029469,-0.20952,0.189308,0.045428,0.193721,0.001073,0.000514,0.003657
0,-0.15625,-0.031422,-0.177559,0.183046,-0.222007,0.181324,0.002727,0.000548
0,-0.150217,-0.001375,-0.010833,0.048912,-0.053043,0.025558,0.002622,2.4e-05
0,-0.126986,-0.138215,-0.000864,-0.114849,0.008503,-0.075203,0.002216,0.002412
0,-0.04046,-0.162655,0.064014,-0.000704,0.079221,-0.012616,0.000706,0.002839
0,-0.072295,-0.152309,-0.034497,0.01291,-0.072335,0.016889,0.001262,0.002658
0,-0.025502,-0.004017,0.046938,0.173388,0.084029,0.143937,0.000445,7e-05
0,-0.163589,-0.15511,-0.1625,-0.168083,-0.155406,-0.195975,0.002855,0.002707
0,-0.072561,-0.005497,0.105145,0.164154,0.083634,0.202052,0.001266,9.6e-05
0,-0.279393,-0.214718,-0.183517,-0.213424,-0.210709,-0.239081,0.004876,0.003748
0,0.017117,-0.258035,0.313789,-0.015845,0.322131,-0.047068,0.000299,0.004504
0,9e-05,-0.124775,0.003234,0.118541,0.023363,0.147021,2e-06,0.002178
0,-0.067674,-0.052949,-0.041385,0.090423,-0.079243,0.053169,0.001181,0.000924
0,-0.160451,-0.146613,-0.074857,-0.097624,-0.053444,-0.090952,0.0028,0.002559
0,-0.042572,-0.238821,0.132136,-0.112506,0.138633,-0.138494,0.000743,0.004168
0,-0.182189,-0.241108,-0.146913,-0.022333,-0.128781,0.001754,0.00318,0.004208
0,-0.111772,-0.188215,0.06695,0.033572,0.113668,0.018874,0.001951,0.003285
0,-0.041816,-0.181359,0.052597,-0.012718,0.044079,-0.030812,0.00073,0.003165
0,-0.124858,-0.02033,-0.057948,0.186528,-0.100732,0.188828,0.002179,0.000355
0,0.072053,-0.017896,0.194861,-0.008937,0.155247,-0.017584,0.001258,0.000312
0,-0.064951,0.015247,-0.163941,0.047159,-0.145401,0.081308,0.001134,0.000266
0,0.058968,-0.003214,0.109854,-0.000904,0.063164,0.033841,0.001029,5.6e-05
0,-0.187697,-0.050373,-0.257968,-0.062038,-0.22935,-0.058655,0.003276,0.000879
0,-0.154315,0.126684,0.034181,0.147668,0.054144,0.144038,0.002693,0.002211
0,-0.111028,0.129571,0.051236,-0.014961,0.033014,-0.00852,0.001938,0.002261
0,-0.018223,0.147572,0.107524,0.008947,0.094028,0.056205,0.000318,0.002576
0,-0.080974,-0.080395,-0.079838,-0.210455,-0.08247,-0.218263,0.001413,0.001403
0,-0.141053,0.103916,-0.075014,0.170479,-0.060715,0.128539,0.002462,0.001814
0,0.071329,0.154232,0.242346,0.069368,0.242692,0.050913,0.001245,0.002692
0,0.039028,0.154106,-0.030267,0.022655,-0.062381,-0.018367,0.000681,0.00269
0,0.024215,-0.051645,-0.002257,-0.223666,-0.047147,-0.23795,0.000423,0.000901
0,-0.091754,0.087612,-0.121598,0.127616,-0.156986,0.094934,0.001601,0.001529
0,0.03026,-0.093008,0.138169,-0.169651,0.149785,-0.200513,0.000528,0.001623
0,0.201043,0.056848,0.169826,0.163423,0.166945,0.157112,0.003509,0.000992
0,0.023242,0.048295,-0.18299,0.003888,-0.148941,-0.034011,0.000406,0.000843
0,0.173908,-0.067723,0.172221,-0.143223,0.14686,-0.149979,0.003035,0.001182
0,0.247511,0.024599,0.079392,0.113332,0.033936,0.157757,0.00432,0.000429
0,0.106293,0.075685,-0.16693,0.027635,-0.168539,-0.017487,0.001855,0.001321
0,0.205799,0.048128,0.106073,-0.011354,0.117039,0.033674,0.003592,0.00084
0,0.058715,-0.089086,-0.170587,-0.128163,-0.181887,-0.138365,0.001025,0.001555
0,0.256211,-0.074767,0.172624,0.017918,0.201257,0.048246,0.004472,0.001305
0,0.094312,-0.072637,-0.152289,-0.008278,-0.16486,-0.006707,0.001646,0.001268
0,0.233888,-0.14879,0.11412,-0.094658,0.133743,-0.066196,0.004082,0.002597
0,0.189086,-0.002172,-0.043259,0.147417,-0.091604,0.141221,0.0033,3.8e-05
0,0.170783,-0.17285,-0.000952,-0.144817,-0.026139,-0.15196,0.002981,0.003017
0,0.110918,-0.080296,-0.067534,0.082992,-0.032479,0.057293,0.001936,0.001401
0,0.016424,0.115695,-0.097422,0.182455,-0.144055,0.158819,0.000287,0.002019
0,0.157155,-0.14808,0.163101,-0.253149,0.154859,-0.204985,0.002743,0.002584
0,-0.064586,0.163389,-0.242504,0.311072,-0.22261,0.32,0.001127,0.002852
0,0.028762,0.046606,0.098594,-0.121221,0.084601,-0.085795,0.000502,0.000813
0,-0.203262,0.008424,-0.232888,-0.060042,-0.272399,-0.093853,0.003548,0.000147
0,0.065802,-0.114956,0.282909,-0.117618,0.283824,-0.108093,0.001148,0.002006
0,-0.108741,0.111549,-0.15729,0.22778,-0.173429,0.199889,0.001898,0.001947
0,0.08266,-0.074483,0.169217,-0.15735,0.153495,-0.190941,0.001443,0.0013
0,0.065489,-0.122685,-0.041966,-0.027263,-0.039411,-0.076272,0.001143,0.002141
0,-0.116571,-0.071687,-0.20146,0.026814,-0.236597,0.062458,0.002035,0.001251
0,0.16647,0.135289,0.283202,0.208468,0.259288,0.230062,0.002905,0.002361
0,0.175495,-0.036355,0.016144,-0.144272,-0.023108,-0.166163,0.003063,0.000635
0,0.073822,-0.040638,-0.106206,0.005192,-0.11758,0.052666,0.001288,0.000709
0,-0.056092,0.056803,-0.106252,0.06895,-0.119079,0.039224,0.000979,0.000991
0,0.121444,-0.087685,0.20712,-0.170582,0.192687,-0.211675,0.00212,0.00153
0,-2.474408,-0.903411,-2.59542,-0.806614,-2.618628,-0.790581,0.00382,0.004016
0,-4.030419,-1.723134,-1.544691,-0.846984,-1.594581,-0.819526,0.000166,0.005181
0,-3.724215,-2.291968,0.322196,-0.541469,0.352344,-0.500501,0.00551,0.004747
0,-3.818805,-2.102713,-0.101517,0.210626,-0.149228,0.193289,0.003859,0.001444
0,-3.266996,-2.15635,0.560188,-0.056789,0.592501,-0.040529,0.001739,0.00238
0,-2.608353,-1.797136,0.636504,0.346462,0.595056,0.331508,0.001482,0.003889
0,-2.269484,-1.27456,0.320976,0.502167,0.366652,0.525403,0.004355,0.001258
0,-1.527812,-0.633478,0.729753,0.652987,0.707195,0.667119,0.003162,0.000695
0,-0.945994,-0.537263,0.556939,0.066788,0.581892,0.079874,0.004759,0.002375
0,-0.888811,-0.251767,0.072311,0.258279,0.039889,0.209231,0.003761,0.004394
0,-0.442449,-0.135192,0.450973,0.127327,0.463154,0.137891,0.00403,0.00236
0,-0.077128,0.154673,0.340798,0.298807,0.295656,0.255032,0.001346,0.0027
0,-0.158113,0.190147,-0.097302,0.064166,-0.131005,0.020496,0.00276,0.003319
0,-0.243213,0.192589,-0.095009,0.005281,-0.082835,0.037062,0.004245,0.003361
0,-0.135759,0.052784,0.123062,-0.119502,0.151824,-0.08554,0.002369,0.000921
0,-0.352217,0.113756,-0.237575,0.049106,-0.240545,0.065897,0.005604,0.001985
0,-0.159123,-0.146505,0.201434,-0.252169,0.215893,-0.248728,0.002777,0.002557
0,-0.088593,-0.087902,0.061661,0.062515,0.032373,0.106815,0.001546,0.001534
0,-0.066897,-0.131512,0.047716,-0.030559,0.061479,-0.017884,0.001168,0.002295
0,-0.356676,0.082782,-0.265125,0.192158,-0.301308,0.225545,0.005527,0.001445
0,-0.17249,0.154856,0.202663,0.076159,0.182203,0.059717,0.003011,0.002703
0,-0.294038,0.042635,-0.133883,-0.140099,-0.149504,-0.17662,0.005132,0.000744
0,-0.316385,0.121347,-0.032478,0.049275,-0.016662,0.09579,0.005522,0.002118
0,-0.208864,-0.002233,0.1238,-0.148506,0.134225,-0.167329,0.003645,3.9e-05
0,-0.034227,-0.107523,0.195201,-0.098302,0.214791,-0.073671,0.000597,0.001877
0,-0.206082,-0.02818,-0.144994,0.100409,-0.126178,0.066001,0.003597,0.000492
0,-0.016863,-0.067461,0.199753,-0.059347,0.228239,-0.032308,0.000294,0.001177
0,-0.147216,0.022863,-0.130882,0.091914,-0.180847,0.097859,0.002569,0.000399
0,-0.300382,0.017246,-0.178253,-0.018897,-0.180299,0.009969,0.005243,0.000301
0,-0.271821,0.013962,0.046046,-0.012693,0.056215,-0.017927,0.004744,0.000244
0,-0.283714,0.009702,-0.027402,-0.031419,0.015577,-0.01301,0.004952,0.000169
0,-0.025403,-0.05359,0.275399,-0.035845,0.301694,-0.014989,0.000443,0.000935
0,-0.054472,0.02249,-0.035495,0.094766,-0.028851,0.060676,0.000951,0.000393
0,-0.150305,0.042543,-0.084795,0.016274,-0.063169,-0.022192,0.002623,0.000743
0,-0.015288,0.07661,0.114951,0.024494,0.1627,0.020691,0.000267,0.001337
0,0.014163,0.009145,0.045535,-0.055166,0.050306,-0.100432,0.000247,0.00016
0,-0.156131,-0.037892,-0.175321,-0.064349,-0.131054,-0.100425,0.002725,0.000661
0,-0.081553,0.084712,0.0874,0.130707,0.071353,0.094838,0.001423,0.001478
0,0.015761,0.028659,0.117609,-0.046896,0.113456,-0.012506,0.000275,0.0005
0,-0.086467,-0.083484,-0.127101,-0.100306,-0.137695,-0.103498,0.001509,0.001457
0,-0.029975,0.086985,0.057745,0.198482,0.035503,0.193114,0.000523,0.001518
0,0.021998,-0.110736,0.064654,-0.177736,0.094709,-0.194724,0.000384,0.001933
0,-0.120615,0.04414,-0.127759,0.12823,-0.156364,0.112235,0.002105,0.00077
0,0.139236,-0.134016,0.234283,-0.166556,0.236776,-0.211659,0.00243,0.002339
0,-0.065602,-0.098607,-0.195244,0.059433,-0.161371,0.04528,0.001145,0.001721
0,0.106217,-0.100373,0.182678,-0.015069,0.170422,0.028555,0.001854,0.001752
0,-0.078701,-0.099368,-0.163359,0.021264,-0.163518,-0.027548,0.001374,0.001734
0,0.015675,-0.057339,0.099411,0.035975,0.119127,0.024359,0.000274,0.001001
0,-0.086079,-0.058459,-0.073313,0.011733,-0.074021,0.000275,0.001502,0.00102
0,0.04418,-0.145613,0.14866,-0.114013,0.114769,-0.130049,0.000771,0.002541
0,0.076211,-0.157008,0.009051,-0.007565,-0.004893,-0.051712,0.00133,0.00274
0,0.075448,0.045754,0.008803,0.227053,0.055008,0.20314,0.001317,0.000799
0,0.027837,-0.03978,-0.032971,-0.076513,-0.062123,-0.093664,0.000486,0.000694
0,-0.074383,-0.074331,-0.109537,-0.012118,-0.093092,-0.029649,0.001298,0.001297
0,0.031574,0.079846,0.09597,0.156848,0.097199,0.202307,0.000551,0.001394
0,0.046009,0.146177,0.031737,0.077774,0.050827,0.087877,0.000803,0.002551
0,-0.032396,0.07054,-0.095032,-0.100524,-0.056351,-0.111743,0.000565,0.001231
0,0.075011,0.04375,0.137393,-0.030579,0.10791,0.001123,0.001309,0.000764
0,0.016037,0.149739,-0.03978,0.079828,-0.060596,0.077649,0.00028,0.002613
0,-0.052673,-0.005935,-0.060348,-0.176641,-0.068071,-0.224516,0.000919,0.000104
0,0.090335,-0.147233,0.162852,-0.133073,0.137555,-0.110879,0.001577,0.00257
0,0.050751,0.14254,-0.063806,0.281172,-0.016445,0.313957,0.000886,0.002488
0,0.024489,0.091194,-0.011415,-0.057891,-0.060386,-0.016394,0.000427,0.001592
0,-0.047243,-0.000987,-0.091096,-0.093296,-0.043753,-0.099277,0.000825,1.7e-05
0,-0.050254,-0.053967,-0.005702,-0.04056,0.037116,-0.019943,0.000877,0.000942
0,-0.031981,-0.053448,0.032836,-0.007348,0.068014,-0.011248,0.000558,0.000933
0,-0.161185,-0.068807,-0.109742,-0.019904,-0.142652,-0.008903,0.002813,0.001201
0,-0.159662,-0.107712,0.007714,-0.045504,-0.04138,-0.03712,0.002787,0.00188
0,0.051955,0.023804,0.220501,0.132509,0.185139,0.100978,0.000907,0.000415
0,0.020852,0.026322,-0.027983,-0.01998,0.016603,-0.025169,0.000364,0.000459
0,-0.06246,0.085467,-0.086313,0.048441,-0.108164,0.008952,0.00109,0.001492
0,0.063048,-0.06287,0.153282,-0.131966,0.172497,-0.150339,0.0011,0.001097
0,-0.059363,0.053251,-0.146693,0.123416,-0.160086,0.122593,0.001036,0.000929
0,-0.242218,0.075707,-0.190812,0.022108,-0.222697,0.016807,0.004228,0.001321
0,0.020494,-0.085647,0.266023,-0.172716,0.255164,-0.194247,0.000358,0.001495
0,-0.026164,-0.011214,-0.055402,0.051028,-0.089367,0.058679,0.000457,0.000196
0,-0.058305,0.014993,-0.048047,0.001797,-0.033771,0.028898,0.001018,0.000262
0,-0.06612,0.015685,0.017882,0.014626,0.040767,-0.034787,0.001154,0.000274
0,-0.140186,0.072173,-0.062685,0.052723,-0.073342,0.073434,0.002447,0.00126
0,-0.039886,-0.0756,0.116988,-0.159521,0.146748,-0.146587,0.000696,0.001319
0,-0.124777,0.025463,-0.056082,0.105686,-0.069771,0.062269,0.002178,0.000444
0,-0.113508,0.005692,0.013247,0.008008,0.003059,0.005718,0.001981,9.9e-05
0,-0.0611,-0.005351,0.05676,0.008413,0.104956,0.030527,0.001066,9.3e-05
0,0.054666,-0.044078,0.099056,-0.04415,0.123405,-0.09403,0.000954,0.000769
0,0.032174,-0.156661,-0.052109,-0.101827,-0.065354,-0.142085,0.000562,0.002734
0,0.009076,0.126235,-0.011796,0.284037,0.037199,0.267576,0.000158,0.002203
0,0.130406,-0.011348,0.114144,-0.130997,0.138245,-0.165379,0.002276,0.000198
0,0.085185,0.115276,-0.033714,0.111023,0.002929,0.159512,0.001487,0.002012
0,-0.005798,-0.117683,-0.115944,-0.254415,-0.13949,-0.229591,0.000101,0.002054
0,0.120036,-0.077493,0.122034,0.033493,0.147329,-0.002505,0.002095,0.001353
0,0.085421,-0.073281,-0.054184,0.026078,-0.056431,0.038814,0.001491,0.001279
0,-0.172019,-0.016347,-0.264137,0.067208,-0.232737,0.050953,0.003002,0.000285
0,0.027713,0.010464,0.184907,0.000277,0.143831,0.004293,0.000484,0.000183
0,-0.149656,-0.069868,-0.157831,-0.076542,-0.163836,-0.097807,0.002612,0.001219
0,-0.033965,0.05913,0.135224,0.104183,0.124734,0.150666,0.000593,0.001032
0,-0.045943,-0.090029,-0.008408,-0.122643,0.002333,-0.154902,0.000802,0.001571
0,-0.073639,0.014227,-0.043942,0.075164,-0.06873,0.033009,0.001285,0.000248
0,-0.07438,-0.018685,0.015354,-0.049704,0.035148,-0.093205,0.001298,0.000326
0,-0.196537,0.180538,-0.116024,0.179392,-0.127576,0.200542,0.00343,0.003151
0,-0.10486,-0.014929,0.098903,-0.216228,0.10594,-0.1833,0.00183,0.000261
0,-0.060152,0.117162,0.032343,0.159609,0.051748,0.127363,0.00105,0.002045
0,-0.067683,0.132596,-0.0111,0.006916,0.013839,-0.01145,0.001181,0.002314
0,-0.043407,0.10735,0.015604,-0.04513,0.042793,-0.044094,0.000758,0.001874
0,-0.131397,-0.091946,-0.06093,-0.176525,-0.09233,-0.198037,0.002293,0.001605
0,0.108699,0.023804,0.241658,0.124594,0.291239,0.114994,0.001897,0.000415
0,-0.071878,-0.093412,-0.195091,-0.105113,-0.154919,-0.098862,0.001255,0.00163
0,-0.112844,0.019536,-0.025278,0.103932,0.00604,0.122837,0.001969,0.000341
0,-0.081521,0.103414,0.026285,0.100048,0.020779,0.114483,0.001423,0.001805
0,-0.168559,0.151558,-0.060317,0.023907,-0.060264,0.010127,0.002942,0.002645
0,-0.017281,-0.072113,0.141663,-0.196829,0.182549,-0.211414,0.000302,0.001259
0,-0.059119,0.20277,-0.050079,0.263386,-0.021978,0.311202,0.001032,0.003539
0,0.055767,0.149244,0.106562,-0.064958,0.153319,-0.06663,0.000973,0.002605
0,-0.024316,-0.009367,-0.07088,-0.136664,-0.038368,-0.111499,0.000424,0.000163
0,-0.013394,0.135179,-0.006913,0.172661,0.032607,0.176654,0.000234,0.002359
0,-0.151122,-0.035331,-0.15837,-0.191154,-0.116552,-0.15432,0.002638,0.000617
0,-0.103862,0.18993,0.054477,0.232653,0.016386,0.270552,0.001813,0.003315
0,-0.026431,0.212935,0.062134,-0.003096,0.057096,0.010019,0.000461,0.003716
0,-0.051943,0.175491,-0.025331,-0.027947,0.007743,-0.013219,0.000907,0.003063
0,-0.075426,0.193578,-0.052636,0.040311,-0.032412,0.043763,0.001316,0.003379
0,0.031324,-0.080546,0.131986,-0.259586,0.160844,-0.219038,0.000547,0.001406
0,-0.006972,0.100239,-0.022102,0.189618,-0.068246,0.234446,0.000122,0.001749
0,-0.089932,0.058898,-0.080041,-0.02402,-0.035666,0.011653,0.00157,0.001028
0,-0.082888,-0.087587,-0.012442,-0.117279,-0.042299,-0.113273,0.001447,0.001529
0,-0.088864,0.129567,0.012544,0.197889,0.009915,0.241716,0.001551,0.002261
0,0.012105,0.100741,0.071975,-0.040285,0.070553,0.006025,0.000211,0.001758
0,-0.0382,0.028914,-0.07466,-0.09751,-0.034745,-0.068658,0.000667,0.000505
0,-0.139379,-0.066708,-0.122597,-0.093649,-0.149473,-0.061264,0.002433,0.001164
0,-0.045146,-0.05774,0.120577,-0.008269,0.112742,-0.008287,0.000788,0.001008
0,-0.044528,0.014273,-0.007276,0.065981,0.004171,0.084526,0.000777,0.000249
0,-0.175369,0.117901,-0.13605,0.104613,-0.118771,0.12349,0.003061,0.002058
0,-0.080589,0.162391,0.097137,0.070238,0.127569,0.065491,0.001407,0.002834
0,0.03653,-0.093722,0.105887,-0.238032,0.116477,-0.22041,0.000638,0.001636
0,-0.067175,-0.112939,-0.082084,-0.015362,-0.078408,-0.002311,0.001172,0.001971
0,0.017382,0.061581,0.085155,0.161067,0.052765,0.152286,0.000303,0.001075
0,-0.175322,0.083341,-0.166561,0.039111,-0.182003,-0.001333,0.00306,0.001455
0,-0.10684,-0.151183,0.042614,-0.21665,0.070236,-0.217902,0.001865,0.002639
0,-0.138293,0.109477,-0.003491,0.26807,0.03098,0.239954,0.002414,0.001911
0,-0.110978,-0.068618,0.053858,-0.17244,0.087908,-0.164347,0.001937,0.001198
0,0.041695,0.001477,0.123601,0.085863,0.081688,0.05748,0.000728,2.6e-05
0,-0.145794,0.100037,-0.209821,0.112671,-0.169904,0.120266,0.002545,0.001746
0,-0.145357,0.106333,-0.007979,0.01103,0.001923,0.028934,0.002537,0.001856
0,0.004556,0.100309,0.130376,-0.011552,0.136504,-0.045042,8e-05,0.001751
0,-0.09344,-0.084837,-0.091744,-0.168134,-0.107205,-0.20112,0.001631,0.001481
0,-0.076985,0.128144,0.008301,0.192763,-0.027342,0.221503,0.001344,0.002237
0,-0.044655,0.149869,0.035091,-0.005563,0.025812,0.03929,0.000779,0.002616
0,0.103499,0.014927,0.140922,-0.132863,0.114708,-0.177785,0.001806,0.000261
0,-0.071278,0.031554,-0.170215,-0.013366,-0.185342,-0.01765,0.001244,0.000551
0,0.172486,0.014229,0.220896,0.0061,0.247324,-0.034117,0.00301,0.000248
0,0.007244,-0.103772,-0.152434,-0.10903,-0.19972,-0.103207,0.000126,0.001811
0,0.072136,-0.053015,0.06212,0.021506,0.032695,-0.001606,0.001259,0.000925
0,0.044057,0.025313,0.001182,0.080977,-0.044404,0.089899,0.000769,0.000442
0,0.148574,-0.040149,0.094312,-0.063416,0.107534,-0.062336,0.002593,0.000701
0,0.210761,-0.02746,0.03466,-0.005613,0.07698,-0.055481,0.003678,0.000479
0,0.05147,-0.068328,-0.163387,-0.02616,-0.142328,-0.008658,0.000898,0.001193
0,-0.058521,0.115572,-0.090248,0.164963,-0.068524,0.174035,0.001021,0.002017
0,0.154738,-0.139627,0.186926,-0.264456,0.1548,-0.258909,0.002701,0.002437
0,0.000415,-0.069667,-0.169101,0.068573,-0.180717,0.020255,7e-06,0.001216
0,0.12169,0.002862,0.094042,0.056908,0.13325,0.042029,0.002124,5e-05
0,0.148505,0.016587,0.050008,0.037946,0.05681,0.067029,0.002592,0.000289
0,-0.084947,-0.082432,-0.241314,-0.091673,-0.199347,-0.094397,0.001483,0.001439
0,-0.002134,-0.109103,0.093844,-0.051024,0.08914,-0.071097,3.7e-05,0.001904
0,0.015122,-0.056802,0.02975,0.03221,0.078422,-0.002226,0.000264,0.000991
0,-0.143471,-0.092541,-0.14041,-0.033048,-0.155228,-0.003394,0.002504,0.001615
0,-0.198048,0.08781,-0.059726,0.187568,-0.033705,0.201123,0.003457,0.001533
0,0.09042,-0.113919,0.276747,-0.22622,0.243548,-0.266083,0.001578,0.001988
0,0.102001,-0.081131,0.026384,0.056232,0.034592,0.049408,0.00178,0.001416
0,1.179683,-0.728836,1.106034,-0.663183,1.103979,-0.638158,0.002914,0.000969
0,2.593268,-1.209058,1.430627,-0.484257,1.422014,-0.533626,0.001746,0.002401
0,2.976814,-1.257776,0.379819,-0.0205,0.417815,-0.013973,0.004948,0.001551
0,2.476186,-1.1929,-0.524672,0.084597,-0.507229,0.134117,0.003789,0.002683
0,1.830395,-0.925562,-0.659728,0.26152,-0.627297,0.233102,0.003309,0.004402
0,0.957397,-0.742449,-0.859098,0.156396,-0.829264,0.133556,0.004958,0.001206
0,0.79286,-0.527043,-0.164692,0.205037,-0.161161,0.208743,0.002086,0.002553
0,0.548654,-0.265699,-0.222918,0.267101,-0.205775,0.2228,0.002176,0.004637
0,2.020508,-1.778824,1.483241,-1.515753,1.458582,-1.510401,9e-06,0.004209
0,2.923051,-2.004017,0.926868,-0.214005,0.969719,-0.176473,0.00401,0.000278
0,3.095891,-2.217765,0.152398,-0.21725,0.14651,-0.169219,0.004725,0.003452
0,4.172462,-2.632176,1.073695,-0.415028,1.071739,-0.424896,0.002313,0.001067
0,3.702759,-2.468977,-0.452512,0.174052,-0.494215,0.178919,0.005867,0.003915
0,3.521254,-2.022469,-0.198157,0.455842,-0.224793,0.466976,0.002699,4.4e-05
0,2.62143,-1.307501,-0.897914,0.716873,-0.895215,0.742416,0.001254,0.000683
0,1.795269,-0.837251,-0.850187,0.480611,-0.899647,0.530483,0.003922,0.002861
0,1.283851,-0.240039,-0.524757,0.600039,-0.521819,0.618086,0.001096,0.004189
0,0.742142,-0.233283,-0.543595,0.000691,-0.557246,-0.024272,0.001201,0.004072
0,0.338088,0.094118,-0.395846,0.347709,-0.346688,0.357638,0.005851,0.001643
0,-0.046389,0.11092,-0.38768,0.027942,-0.369489,-0.018337,0.00081,0.001936
0,-0.008406,0.040413,0.050402,-0.076426,0.086385,-0.082463,0.000147,0.000705
0,-0.398637,0.121113,-0.360575,0.070667,-0.405209,0.058303,0.004794,0.002114
0,-0.085897,0.501577,0.331234,0.383665,0.345934,0.378953,0.001499,0.002998
0,-0.063315,1.087467,0.010638,0.591086,-0.039261,0.628824,0.001105,0.004524
0,-0.177857,1.092275,-0.106715,0.023032,-0.152366,0.028699,0.003104,0.00444
0,-0.044348,1.095853,0.132436,-0.002336,0.169987,0.002709,0.000774,0.004377
0,-0.020028,0.94708,0.049103,-0.163698,0.088909,-0.176466,0.00035,0.004778
0,0.099392,0.456713,0.113909,-0.497422,0.122431,-0.509581,0.001735,0.003781
0,0.099227,0.350994,-0.007472,-0.076064,0.02446,-0.120886,0.001732,0.005626
0,0.203614,0.160939,0.127453,-0.193929,0.145763,-0.144109,0.003554,0.002809
0,0.031054,0.082744,-0.182281,-0.052148,-0.190188,-0.042759,0.000542,0.001444
0,0.220456,-0.118681,0.210862,-0.172301,0.173285,-0.14742,0.003848,0.002071
0,0.215484,-0.30655,-0.029453,-0.168769,-0.068424,-0.172472,0.003761,0.00535
0,0.022993,-0.343806,-0.215639,-0.023683,-0.24306,0.019088,0.000401,0.005751
0,0.080152,-0.178519,0.064639,0.13944,0.07689,0.188734,0.001399,0.003116
0,-0.030542,0.020773,-0.084486,0.21202,-0.122553,0.173934,0.000533,0.000363
0,-0.002584,-0.087576,0.013364,-0.095045,0.042937,-0.133048,4.5e-05,0.001528
0,0.09876,-0.184084,0.073877,-0.092975,0.117033,-0.105489,0.001724,0.003213
0,0.011095,-0.074766,-0.070389,0.12062,-0.055055,0.16483,0.000194,0.001305
0,-0.005863,-0.146138,0.011602,-0.10064,0.005331,-0.09715,0.000102,0.002551
0,0.120928,-0.080244,0.13499,0.085397,0.107479,0.11769,0.002111,0.001401
0,0.176675,-0.014056,0.043634,0.091611,0.067552,0.081109,0.003084,0.000245
0,0.049463,-0.084964,-0.098681,-0.051266,-0.094984,-0.010528,0.000863,0.001483
0,0.191518,0.016501,0.166393,0.074145,0.213783,0.079784,0.003343,0.000288
0,0.013992,0.052141,-0.170507,0.034742,-0.185408,0.009295,0.000244,0.00091
0,-0.010763,-0.04394,-0.043679,-0.084036,-0.041799,-0.085693,0.000188,0.000767
0,0.180237,0.105945,0.183907,0.17061,0.163756,0.126723,0.003146,0.001849
0,0.163068,0.070368,0.012503,-0.042142,0.041082,-0.088553,0.002846,0.001228
0,0.159783,0.11528,0.019049,0.04309,0.012133,0.052228,0.002789,0.002012
0,0.000734,0.072575,-0.152588,-0.055436,-0.115842,-0.031892,1.3e-05,0.001267
0,-0.172998,-0.011528,-0.183109,-0.113151,-0.210039,-0.095583,0.003019,0.000201
0,-0.149571,-0.022683,0.012072,-0.028526,-0.015739,-0.028867,0.002611,0.000396
0,0.026154,0.076909,0.192701,0.126146,0.148959,0.085073,0.000456,0.001342
0,-0.083653,-0.065807,-0.084858,-0.155118,-0.104835,-0.158029,0.00146,0.001149
0,0.061347,-0.005608,0.130064,0.067975,0.135213,0.092254,0.001071,9.8e-05
0,0.056495,-0.114258,-0.023075,-0.087018,-0.026262,-0.055668,0.000986,0.001994
0,0.006586,-0.138476,-0.053745,-0.027715,-0.014631,0.017028,0.000115,0.002417
0,0.096394,-0.164341,0.103465,-0.013708,0.117176,-0.004259,0.001682,0.002868
0,-0.117327,-0.185978,-0.236585,-0.030768,-0.229768,-0.035723,0.002048,0.003246
0,-0.674324,0.155683,-0.563848,0.339459,-0.514118,0.343145,1.7e-05,0.002717
0,-1.088715,0.583966,-0.389016,0.412748,-0.400995,0.391049,0.004502,0.00156
0,-1.406278,0.62427,-0.332124,0.064113,-0.334297,0.048042,0.001041,0.000856
0,-1.484851,0.637578,-0.067913,0.035522,-0.099034,0.02505,0.002412,0.000624
0,-1.119523,0.684559,0.383499,0.028162,0.397441,0.069002,0.003964,0.000196
0,-0.980392,0.762091,0.140455,0.106783,0.18776,0.114167,0.005359,0.001549
0,-0.717784,0.729653,0.265492,-0.037482,0.281467,-0.023172,0.000776,0.000983
0,-0.530258,0.62752,0.216258,-0.078604,0.239749,-0.107082,0.002497,0.000799
0,-0.462141,0.455754,0.058014,-0.180496,0.087195,-0.182016,0.003686,0.003797
0,-0.029922,0.131065,0.405829,-0.319907,0.359261,-0.366133,0.000522,0.002288
0,0.131517,0.072473,0.141217,-0.044906,0.18079,-0.046556,0.002295,0.001265
0,0.34195,0.082167,0.234474,0.016097,0.195522,0.034999,0.005784,0.001434
0,0.319171,-0.084217,-0.04623,-0.153119,-0.02983,-0.139926,0.005571,0.00147
0,0.140685,-0.117289,-0.185472,-0.003908,-0.23152,-0.006985,0.002455,0.002047
0,0.334551,-0.025078,0.181147,0.09775,0.217364,0.055896,0.005839,0.000438
0,0.297635,-0.076741,-0.061824,-0.06238,-0.020456,-0.057086,0.005195,0.001339
0,0.028882,-0.178074,-0.295517,-0.080971,-0.319771,-0.062615,0.000504,0.003108
0,0.265252,-0.068358,0.216306,0.115087,0.22183,0.094187,0.00463,0.001193
0,0.319748,-0.207026,0.070615,-0.154758,0.082907,-0.108339,0.005581,0.003613
0,0.252597,-0.168769,-0.094542,0.02057,-0.090014,0.017261,0.004409,0.002946
0,1.945207,0.69932,1.708513,0.859529,1.678424,0.83973,0.001305,0.000454
0,2.309684,1.211412,0.38499,0.516649,0.414161,0.538345,0.005056,0.00236
0,2.531744,1.892491,0.199435,0.693204,0.181427,0.71088,0.00282,0.002225
0,2.960455,2.132516,0.401317,0.246961,0.392345,0.274386,0.004663,0.001964
0,2.759277,1.863135,-0.176616,-0.291855,-0.137744,-0.322837,0.001152,0.002737
0,2.720998,1.747845,-0.016431,-0.123017,-0.021835,-0.110869,0.000484,0.004749
0,2.199103,1.202932,-0.512789,-0.518805,-0.552475,-0.534274,0.003126,0.002508
0,1.797316,0.572038,-0.384316,-0.61247,-0.360545,-0.582492,0.003886,0.001768
0,1.115053,0.465898,-0.705794,-0.109601,-0.683737,-0.129215,0.004042,0.00362
0,0.837432,0.081605,-0.286195,-0.35815,-0.264198,-0.344263,0.002864,0.001424
0,0.467864,-0.113255,-0.387905,-0.197103,-0.422357,-0.177683,0.003586,0.001977
0,0.217041,-0.064857,-0.232883,0.058984,-0.277309,0.071271,0.003788,0.001132
0,0.064391,-0.218038,-0.178432,-0.170236,-0.16385,-0.201041,0.001124,0.003805
0,-0.083246,-0.295186,-0.134748,-0.074078,-0.13457,-0.114587,0.001453,0.005152
0,-0.012267,-0.144959,0.049916,0.150918,0.002768,0.166671,0.000214,0.00253
0,0.004304,-0.317715,0.024747,-0.155246,0.002161,-0.14998,7.5e-05,0.005545
0,-0.162674,-0.046656,-0.162459,0.287964,-0.125829,0.29643,0.002839,0.000814
0,-0.084973,-0.231047,0.076584,-0.209539,0.051843,-0.234719,0.001483,0.004033
0,-0.268227,-0.26032,-0.213021,-0.018453,-0.172449,-0.022059,0.004681,0.004543
0,-0.164486,-0.319771,0.103122,-0.064278,0.146733,-0.083115,0.002871,0.005581
0,0.027568,-0.055618,0.181137,0.255306,0.218681,0.276405,0.000481,0.000971
0,-0.022869,-0.262321,-0.027137,-0.20608,-0.008149,-0.214729,0.000399,0.004578
0,-0.104399,-0.065371,-0.065185,0.209105,-0.06672,0.244822,0.001822,0.001141
0,-0.027955,-0.08973,0.055316,-0.037907,0.011636,-0.063095,0.000488,0.001566
0,-0.218225,-0.218472,-0.166004,-0.116158,-0.130649,-0.141257,0.003809,0.003813
0,-0.161127,-0.029374,0.083686,0.160137,0.089028,0.165378,0.002812,0.000513
0,-0.111319,-0.17181,0.072797,-0.159549,0.092928,-0.111017,0.001943,0.002999
0,-0.027232,-0.036106,0.095277,0.141273,0.108878,0.168606,0.000475,0.00063
0,-0.128636,0.006524,-0.091343,0.057523,-0.116569,0.041142,0.002245,0.000114
0,-0.097199,-0.185855,0.05873,-0.170243,0.014095,-0.194477,0.001696,0.003244
0,-0.011524,-0.015562,0.110825,0.14842,0.085455,0.144762,0.000201,0.000272
0,-0.100883,-0.050461,-0.112185,-0.033114,-0.144418,-0.054925,0.001761,0.000881
0,0.107325,-0.009314,0.230517,0.021459,0.232496,0.041021,0.001873,0.000163
0,-0.161983,-0.057411,-0.287232,-0.072035,-0.272932,-0.046141,0.002827,0.001002
0,-0.016744,-0.125368,0.147577,-0.058558,0.107637,-0.060262,0.000292,0.002188
0,-0.126167,-0.202119,-0.092063,-0.102563,-0.107607,-0.064672,0.002202,0.003528
0,-0.08185,-0.111432,0.019641,0.08718,0.052008,0.128129,0.001429,0.001945
0,-0.014298,-0.19151,0.08947,-0.095804,0.119448,-0.07242,0.00025,0.003342
0,-0.217502,0.030456,-0.217614,0.220543,-0.250599,0.174676,0.003796,0.000532
0,-0.19414,-0.055278,0.04312,-0.101064,0.031241,-0.119957,0.003388,0.000965
0,0.010653,-0.116883,0.189479,-0.068934,0.1578,-0.101866,0.000186,0.00204
0,-0.200375,-0.008724,-0.229935,0.124299,-0.204996,0.135568,0.003497,0.000152
0,-0.190789,-0.130849,0.002713,-0.120567,0.031627,-0.081858,0.00333,0.002284
0,-0.13817,-0.139762,0.036332,-0.006505,0.074962,-0.027931,0.002412,0.002439
0,-0.021752,0.002716,0.101168,0.150765,0.097983,0.179603,0.00038,4.7e-05
0,0.131548,-0.126159,0.176875,-0.141798,0.146422,-0.119812,0.002296,0.002202
0,-0.019475,-0.075071,-0.17975,0.061731,-0.186958,0.042671,0.00034,0.00131
0,-0.007132,0.046379,-0.008028,0.123142,-0.005764,0.156741,0.000124,0.000809
0,-0.043484,0.057079,-0.032346,0.017792,-0.073841,0.050476,0.000759,0.000996
0,-0.021997,0.029534,-0.001426,-0.031202,-0.009696,-0.077683,0.000384,0.000515
0,-0.079089,0.002207,-0.044964,-0.017127,-0.08843,0.018555,0.00138,3.9e-05
0,-0.015145,0.115419,0.087146,0.13452,0.053928,0.085579,0.000264,0.002014
0,-0.025852,0.134454,0.003528,0.047401,-0.014329,-0.00175,0.000451,0.002347
0,0.065372,-0.067899,0.061329,-0.220111,0.088683,-0.268304,0.001141,0.001185
0,0.125228,0.04515,0.069906,0.130245,0.088825,0.138518,0.002186,0.000788
0,-0.025766,0.094609,-0.158281,0.03037,-0.134657,-0.001477,0.00045,0.001651
0,0.081615,0.062777,0.114568,-0.032886,0.08398,-0.071965,0.001424,0.001096
0,0.039762,-0.040574,-0.01927,-0.129873,0.020274,-0.155036,0.000694,0.000708
0,0.220748,0.104336,0.20759,0.141943,0.231707,0.170736,0.003853,0.001821
0,0.152877,-0.021291,-0.079769,-0.115959,-0.080122,-0.131399,0.002668,0.000372
0,0.086191,-0.080188,-0.058572,-0.062523,-0.043248,-0.11077,0.001504,0.0014
0,-0.060677,-0.071699,-0.125299,-0.003654,-0.15576,-0.001754,0.001059,0.001251
0,0.017489,-0.127376,0.090131,-0.038777,0.11843,-0.065809,0.000305,0.002223
0,0.188081,0.039781,0.189319,0.139971,0.222906,0.112508,0.003283,0.000694
0,0.093314,-0.134445,-0.065993,-0.161015,-0.026775,-0.188752,0.001629,0.002347
0,-0.008639,-0.02878,-0.098366,0.128385,-0.138014,0.16995,0.000151,0.000502
0,0.135115,-0.087679,0.1616,-0.042906,0.17962,-0.038904,0.002358,0.00153
0,-0.059595,0.049788,-0.183521,0.109487,-0.15469,0.126049,0.00104,0.000869
0,-0.013953,0.030209,0.024674,-0.040842,0.064993,-0.038975,0.000244,0.000527
0,-0.106937,0.118731,-0.074686,0.11748,-0.066983,0.079299,0.001866,0.002072
0,0.155364,0.176755,0.254194,0.057696,0.246557,0.097706,0.002712,0.003085
0,0.10388,-0.062969,-0.057872,-0.228077,-0.011054,-0.183536,0.001813,0.001099
0,0.129673,0.179151,0.012189,0.264089,-0.02889,0.245282,0.002263,0.003127
0,-0.075484,-0.08149,-0.232776,-0.234994,-0.212538,-0.266381,0.001317,0.001422
0,0.002709,0.03572,0.06789,0.107257,0.067612,0.074309,4.7e-05,0.000623
0,0.023187,0.032869,0.044957,0.018782,0.090794,0.020332,0.000405,0.000574
0,-0.030668,0.097479,-0.031523,0.091764,-0.018744,0.065346,0.000535,0.001701
0,-0.006637,-0.083784,-0.000295,-0.163397,-0.044716,-0.143745,0.000116,0.001462
0,0.164354,-0.092334,0.176981,0.002033,0.149926,-0.018307,0.002869,0.001612
0,0.138717,0.089917,-0.013293,0.178009,-0.053959,0.169412,0.002421,0.001569
0,0.216323,0.02935,0.0916,-0.046728,0.13386,-0.027654,0.003776,0.000512
0,0.021872,0.127595,-0.171543,0.068581,-0.181849,0.088614,0.000382,0.002227
0,0.033723,-0.021835,0.02577,-0.122905,-0.003482,-0.10541,0.000589,0.000381
0,0.110258,0.051509,0.05117,0.058643,0.003318,0.080365,0.001924,0.000899
0,-0.091403,0.032181,-0.182689,-0.012673,-0.214858,0.012499,0.001595,0.000562
0,0.017638,0.100766,0.100038,0.042848,0.148653,0.092544,0.000308,0.001759
0,-0.192805,-0.019836,-0.19104,-0.108565,-0.233598,-0.150396,0.003365,0.000346
0,-0.23695,-0.047509,-0.040498,-0.024918,-0.034463,-0.066406,0.004136,0.000829
0,-0.03709,-0.144728,0.181934,-0.096561,0.216081,-0.059537,0.000647,0.002526
0,-0.174884,0.07967,-0.159218,0.254274,-0.130493,0.26574,0.003052,0.001391
0,-0.006715,0.033861,0.187828,-0.025102,0.152518,-0.030649,0.000117,0.000591
0,-0.028904,0.007344,-0.020002,-0.006306,-0.052601,-0.051626,0.000504,0.000128
0,-0.209516,0.103577,-0.17196,0.122831,-0.198298,0.142909,0.003657,0.001808
0,-0.179368,-0.003716,0.01467,-0.129326,-0.007739,-0.112656,0.003131,6.5e-05
0,-0.22467,0.022678,-0.031969,0.046905,-0.007704,0.087539,0.003921,0.000396
0,-0.07272,-0.071173,0.162628,-0.100017,0.187214,-0.054699,0.001269,0.001242
0,-0.091754,-0.004229,-0.009573,0.059653,-0.054427,0.061882,0.001601,7.4e-05
0,-0.210053,-0.057576,-0.096861,-0.041867,-0.125864,-0.069294,0.003666,0.001005
0,-0.095407,-0.12806,0.136469,-0.068556,0.129878,-0.066908,0.001665,0.002235
0,-0.05042,-0.011411,0.015123,0.102762,-0.022392,0.079027,0.00088,0.000199
0,0.024578,-0.035217,0.088738,0.002906,0.053819,-0.025679,0.000429,0.000615
0,0.055361,0.131459,0.059033,0.160901,0.074353,0.161377,0.000966,0.002294
0,0.065523,-0.145595,0.01616,-0.280212,0.04008,-0.254069,0.001144,0.002541
0,-0.141646,-0.109114,-0.214107,0.02954,-0.227308,0.039006,0.002472,0.001904
0,-0.193403,-0.053188,-0.068933,0.04415,-0.09872,0.075098,0.003376,0.000928
0,-0.022612,0.118751,0.181935,0.173481,0.150868,0.157527,0.000395,0.002073
0,-0.102809,0.072075,-0.105238,-0.069748,-0.138482,-0.027454,0.001794,0.001258
0,-0.213143,-0.079395,-0.111188,-0.174307,-0.126975,-0.14129,0.00372,0.001386
0,-0.111646,0.056006,0.117638,0.148409,0.071224,0.150142,0.001949,0.000977
0,-0.012456,-0.10691,0.089221,-0.154008,0.108393,-0.131875,0.000217,0.001866
0,-0.073266,-0.072491,-0.088925,0.019089,-0.117826,-0.00194,0.001279,0.001265
0,-0.070996,0.016892,-0.014524,0.088208,-0.049206,0.052672,0.001239,0.000295
0,-0.093081,-0.175442,-0.045635,-0.204312,-0.048129,-0.184496,0.001625,0.003062
0,-0.121691,-0.179748,-0.002402,-0.013621,-0.016696,-0.004867,0.002124,0.003137
0,-0.031642,0.087979,0.083943,0.259993,0.112734,0.220092,0.000552,0.001536
0,0.097017,-0.176945,0.111326,-0.289326,0.105931,-0.242873,0.001693,0.003088
0,-0.140262,-0.111329,-0.227128,0.061506,-0.213102,0.053296,0.002448,0.001943
0,-0.194384,-0.175404,-0.046744,-0.047585,-0.072643,-0.012881,0.003393,0.003061
0,0.047271,-0.134525,0.236102,0.063259,0.19609,0.108757,0.000825,0.002348
0,-0.141635,0.082106,-0.20804,0.237741,-0.211289,0.204091,0.002472,0.001433
0,-0.158557,-0.083575,-0.005198,-0.17478,0.013482,-0.128518,0.002767,0.001459
0,0.045871,-0.138256,0.210382,-0.039154,0.162144,-0.025977,0.000801,0.002413
0,-0.018714,-0.078753,-0.046465,0.051541,-0.084189,0.088866,0.000327,0.001375
0,-0.086987,-0.068158,-0.088998,0.023898,-0.055887,0.014053,0.001518,0.00119
0,-0.171553,0.07083,-0.102118,0.151934,-0.115418,0.140369,0.002994,0.001236
0,0.081515,0.054731,0.280598,0.005658,0.298436,0.000271,0.001423,0.000955
0,-0.037247,-0.036821,-0.098946,-0.069879,-0.140837,-0.026926,0.00065,0.000643
0,0.056312,-0.051387,0.072185,0.013732,0.104763,0.036443,0.000983,0.000897
0,-0.083641,0.057265,-0.142948,0.134231,-0.181323,0.108589,0.00146,0.000999
0,-0.13825,-0.145008,-0.048259,-0.194741,-0.057129,-0.166017,0.002413,0.002531
0,0.093158,-0.046258,0.229162,0.124162,0.24011,0.169059,0.001626,0.000807
0,-0.117741,0.061466,-0.233107,0.103579,-0.201185,0.135341,0.002055,0.001073
0,0.117402,-0.065729,0.26264,-0.12152,0.27907,-0.111561,0.002049,0.001147
0,-0.111516,0.113939,-0.256221,0.181083,-0.294168,0.170223,0.001946,0.001989
0,0.134827,0.027767,0.267139,-0.077058,0.227371,-0.079809,0.002353,0.000485
0,0.049272,-0.061428,-0.078144,-0.105594,-0.047821,-0.126394,0.00086,0.001072
0,0.0825,0.052437,0.033965,0.119997,0.002438,0.111344,0.00144,0.000915
0,-0.099679,0.077141,-0.206765,0.046594,-0.172702,0.065679,0.00174,0.001346
0,-0.116668,0.022292,-0.010609,-0.041661,-0.057615,-0.058745,0.002036,0.000389
0,-0.086935,-0.037997,0.032461,-0.072448,0.054494,-0.112193,0.001517,0.000663
0,-0.087859,0.037736,0.006063,0.086172,0.007872,0.089301,0.001533,0.000659
0,-1.157974,-0.461818,-1.053483,-0.501728,-1.051362,-0.531117,0.003293,0.003691
0,-2.37285,-0.242067,-1.209081,0.190824,-1.236585,0.143978,0.005593,0.004225
0,-1.975441,-1.359132,0.423186,-1.140331,0.408686,-1.110199,0.000777,0.000218
0,-1.731421,-2.441813,0.214592,-1.055263,0.221781,-1.01522,0.005036,0.004389
0,-1.116367,-2.084594,0.617343,0.334914,0.587911,0.325065,0.004019,0.001128
0,-1.023993,-1.907978,0.08445,0.206467,0.042793,0.175062,0.005631,0.001955
0,-0.743144,-1.76124,0.285454,0.144652,0.243644,0.17287,0.001219,0.004516
0,-0.28584,-1.151058,0.435064,0.610424,0.440525,0.623436,0.004989,0.003414
0,-0.031045,-0.966487,0.230549,0.19569,0.27367,0.174393,0.000542,0.005117
0,2.682154,-1.128721,2.725293,-0.141005,2.76971,-0.140202,0.000194,0.003804
0,2.862818,-1.311869,0.174399,-0.200643,0.151458,-0.193617,0.002959,0.000607
0,2.979235,-1.108817,0.099223,0.231717,0.076654,0.270895,0.004991,0.004151
0,3.287406,-0.944157,0.329517,0.148193,0.298438,0.146372,0.001382,0.004727
0,3.058333,-0.69076,-0.209173,0.259234,-0.190539,0.241616,0.005381,0.000304
0,2.580954,-0.760591,-0.504212,-0.046564,-0.546189,-0.082645,0.001961,0.001523
0,2.1735,-0.423082,-0.40671,0.327288,-0.446601,0.33199,0.00268,0.004368
0,1.556916,-0.309066,-0.592952,0.119147,-0.583741,0.104068,0.00367,0.005394
0,1.161339,-0.157069,-0.42135,0.159356,-0.466574,0.148359,0.003234,0.002741
0,0.522253,-0.101314,-0.644242,0.08057,-0.665315,0.053246,0.002637,0.001768
0,0.136015,0.048305,-0.372937,0.145232,-0.422801,0.147703,0.002374,0.000843
0,0.174307,-0.145485,0.020115,-0.214914,0.019537,-0.256621,0.003042,0.002539
0,-0.282547,0.00799,-0.440212,0.126633,-0.455918,0.111356,0.004931,0.000139
0,-0.095507,-0.054741,0.201018,-0.045888,0.250883,-0.040863,0.001667,0.000955
0,-0.202699,0.139945,-0.120082,0.213194,-0.153057,0.189618,0.003538,0.002442
0,-0.208444,0.152916,0.002018,-0.014536,-0.005698,-0.022686,0.003638,0.002669
0,-0.200479,0.011457,0.008513,-0.135461,0.037021,-0.126322,0.003499,0.0002
0,-0.340175,-0.028584,-0.167466,-0.04801,-0.175645,0.000247,0.005815,0.000499
0,-0.23932,0.015781,0.114235,0.029517,0.07013,0.02604,0.004177,0.000275
0,-0.302086,0.073891,-0.037417,0.048713,-0.049058,0.058233,0.005272,0.00129
0,-0.195816,0.038267,0.08817,-0.034561,0.06232,-0.0681,0.003418,0.000668
0,-0.134907,0.039601,0.077871,-0.005386,0.030108,-0.053851,0.002355,0.000691
0,-0.175024,0.088645,-0.021149,0.078606,-0.027967,0.03524,0.003055,0.001547
0,-0.053162,0.132852,0.13585,0.028544,0.101498,0.062142,0.000928,0.002319
0,-0.316794,0.140034,-0.249007,0.002695,-0.262729,0.021402,0.005529,0.002444
0,-0.068605,0.124599,0.274422,-0.035458,0.304833,-0.081722,0.001197,0.002175
0,-0.294303,-0.03158,-0.208178,-0.182232,-0.184038,-0.163351,0.005137,0.000551
0,-0.289117,-0.076107,0.001287,-0.04586,-0.016599,-0.039713,0.005046,0.001328
0,-0.240192,0.163545,0.030945,0.223731,0.067169,0.200264,0.004192,0.002854
0,-0.139511,0.204214,0.071651,0.044068,0.083779,0.017592,0.002435,0.003564
0,-0.172266,0.204116,-0.060868,0.009189,-0.080676,0.03144,0.003007,0.003562
0,-0.296745,0.140227,-0.128052,-0.088095,-0.115013,-0.089815,0.005179,0.002447
0,-0.091263,0.19169,0.226781,0.079791,0.214598,0.087595,0.001593,0.003346
0,-0.336867,0.166232,-0.255263,-0.012235,-0.230865,-0.018368,0.005872,0.002901
0,-0.015772,-0.049958,0.29308,-0.212687,0.273132,-0.187705,0.000275,0.000872
0,-0.002613,0.038353,-0.00493,0.080564,0.031773,0.121107,4.6e-05,0.000669
0,-0.031993,-0.032718,-0.025371,-0.100428,-0.064955,-0.128996,0.000558,0.000571
0,0.102939,-0.074917,0.145446,-0.034642,0.160313,-0.051888,0.001797,0.001308
0,0.130726,0.121119,0.050328,0.207061,0.087219,0.236608,0.002282,0.002114
0,-0.051628,-0.017602,-0.200835,-0.113444,-0.215247,-0.14929,0.000901,0.000307
0,-0.000232,0.162334,0.042076,0.192435,0.021757,0.234633,4e-06,0.002833
0,0.046862,0.09112,0.059156,-0.079409,0.053654,-0.1287,0.000818,0.00159
0,-0.001879,0.211507,-0.025708,0.100985,0.018193,0.121893,3.3e-05,0.003691
0,-5e-06,-0.029912,-0.008412,-0.219019,0.030274,-0.197372,0.0,0.000522
0,0.076625,0.138055,0.087359,0.139969,0.064357,0.112855,0.001337,0.00241
0,-0.117062,0.051092,-0.168821,-0.060051,-0.191202,-0.100735,0.002043,0.000892
0,-0.092353,0.11379,0.024461,0.086653,0.000217,0.052848,0.001612,0.001986
0,0.03567,0.068477,0.154494,-0.027567,0.126527,0.003064,0.000623,0.001195
0,-0.108726,-0.059542,-0.16908,-0.143602,-0.142105,-0.094591,0.001898,0.001039
0,-0.165156,-0.073926,-0.035234,0.014758,-0.005652,-0.002353,0.002883,0.00129
0,-0.112668,-0.050688,0.026686,0.004615,-0.018659,-0.044539,0.001966,0.000885
0,-0.07009,-5e-05,0.054766,0.067966,0.041389,0.032274,0.001223,1e-06
0,-0.104996,-0.011222,-0.053518,-0.015416,-0.045121,0.033016,0.001833,0.000196
0,-0.087376,-0.076915,-0.001182,-0.079661,-0.031409,-0.037062,0.001525,0.001342
0,-0.021512,-0.092694,0.051913,0.001363,0.101666,-0.026981,0.000375,0.001618
0,-0.105351,-0.073377,-0.059639,0.009567,-0.051547,0.046982,0.001839,0.001281
0,0.022667,0.105271,0.110512,0.179337,0.073757,0.144279,0.000396,0.001837
0,0.025572,-0.127985,-0.021553,-0.255043,-0.065156,-0.274267,0.000446,0.002234
0,-0.217393,0.01626,-0.264207,0.159048,-0.306608,0.114291,0.003794,0.000284
0,-0.08008,0.060461,0.128629,0.028497,0.138127,0.05853,0.001398,0.001055
0,0.08554,-0.063834,0.189305,-0.10079,0.193997,-0.091548,0.001493,0.001114
0,-0.125377,-0.123716,-0.225602,-0.039583,-0.208767,-0.075347,0.002188,0.002159
0,-0.107085,-0.092306,0.046148,0.05646,0.050132,0.019746,0.001869,0.001611
0,-0.136763,0.067898,-0.030188,0.172762,-0.069773,0.18764,0.002387,0.001185
0,-0.223021,-0.028079,-0.069456,-0.068267,-0.034147,-0.080848,0.003892,0.00049
0,-0.143164,-0.100635,0.057121,-0.084625,0.022953,-0.060746,0.002499,0.001756
0,-0.007516,-0.052337,0.135297,0.045406,0.142098,0.03291,0.000131,0.000913
0,-0.028266,0.096493,-0.037339,0.137759,0.005583,0.142596,0.000493,0.001684
0,-0.074375,0.085103,-0.048596,0.017726,-0.053312,0.039727,0.001298,0.001485
0,0.051764,-0.028173,0.137129,-0.138651,0.112106,-0.166024,0.000903,0.000492
0,-0.160674,-0.09092,-0.234826,-0.043922,-0.233544,-0.041739,0.002804,0.001587
0,-0.116513,0.070899,0.039079,0.15162,0.008325,0.141131,0.002034,0.001237
0,-0.028511,0.119292,0.085528,0.020018,0.120299,-0.016076,0.000498,0.002082
0,0.102784,-0.091757,0.129809,-0.23968,0.136301,-0.254166,0.001794,0.001601
0,0.001086,0.022424,-0.119572,0.110823,-0.153443,0.064092,1.9e-05,0.000391
0,0.000504,0.090981,-0.013572,0.047757,0.025151,0.088059,9e-06,0.001588
0,0.069328,-0.10428,0.089103,-0.214896,0.134584,-0.225511,0.00121,0.00182
0,0.243921,0.021977,0.147007,0.153608,0.182491,0.168224,0.004257,0.000384
0,0.163376,0.007043,-0.110058,-0.027751,-0.12381,-0.03361,0.002851,0.000123
0,0.218806,0.053043,0.079685,0.053014,0.056067,0.012297,0.003819,0.000926
0,0.118999,0.100386,-0.08681,0.074474,-0.05603,0.029899,0.002077,0.001752
0,0.086278,-0.096113,-0.049225,-0.179903,-0.061135,-0.141222,0.001506,0.001677
0,-0.061149,-0.113848,-0.131113,-0.043077,-0.10005,-0.083746,0.001067,0.001987
0,-0.050788,-0.135194,0.020273,-0.037157,0.026424,-0.043125,0.000886,0.00236
0,0.059109,-0.117755,0.089219,-0.0031,0.08757,-0.035113,0.001032,0.002055
0,0.009307,-0.065352,-0.066562,0.040485,-0.08135,0.049149,0.000162,0.001141
0,-0.054754,-0.093792,-0.049071,-0.049645,-0.001169,-0.083625,0.000956,0.001637
0,-0.120708,-0.107807,-0.061895,-0.039158,-0.107232,-0.007122,0.002107,0.001882
0,-0.031567,-0.098812,0.05983,0.033004,0.103989,-0.006261,0.000551,0.001725
0,-0.153526,0.055617,-0.112966,0.171905,-0.131769,0.211768,0.00268,0.000971
0,-0.143905,0.086946,-0.00112,0.052887,0.044481,0.064867,0.002512,0.001518
0,-0.116137,-0.031534,0.034967,-0.100602,-0.013624,-0.129464,0.002027,0.00055
0,0.00727,0.044965,0.11524,0.081032,0.070952,0.057208,0.000127,0.000785
0,0.026741,0.136295,0.039801,0.091037,0.071546,0.067395,0.000467,0.002379
0,0.134171,0.024934,0.09361,-0.093592,0.139181,-0.117809,0.002342,0.000435
0,0.017597,0.06555,-0.135174,0.065072,-0.124753,0.026254,0.000307,0.001144
0,-0.153831,0.100685,-0.193701,0.050792,-0.196078,0.100253,0.002685,0.001757
0,0.030595,0.030509,0.174165,-0.086376,0.139406,-0.04276,0.000534,0.000532
0,-0.184215,-0.137889,-0.190598,-0.172527,-0.166709,-0.211709,0.003215,0.002407
0,0.072827,-0.145286,0.240314,-0.026021,0.229449,-0.008733,0.001271,0.002536
0,0.055092,-0.057668,-0.042287,0.062245,0.006826,0.108503,0.000962,0.001006
0,-0.000566,-0.007746,-0.071157,0.024316,-0.08816,0.03561,1e-05,0.000135
0,0.076264,-0.157065,0.092299,-0.162187,0.126825,-0.138453,0.001331,0.002741
0,-0.051612,-0.045974,-0.136821,0.115703,-0.160999,0.142906,0.000901,0.000802
0,-0.171542,-0.073454,-0.12178,-0.043432,-0.097765,-0.027632,0.002994,0.001282
0,-0.224664,0.042341,-0.068348,0.096454,-0.02681,0.128035,0.003921,0.000739
0,-0.10617,0.056061,0.094604,0.014216,0.078926,0.05423,0.001853,0.000978
0,0.048979,-0.15322,0.140862,-0.182543,0.186374,-0.226266,0.000855,0.002674
0,-0.014607,-0.155737,-0.066869,0.013878,-0.094258,0.061413,0.000255,0.002718
0,-0.010393,0.101873,0.009162,0.280399,0.039283,0.238403,0.000181,0.001778
0,-0.011622,0.046548,-0.030033,-0.035958,-0.068618,-0.047862,0.000203,0.000812
0,-0.274236,-0.090188,-0.242156,-0.16072,-0.222459,-0.205561,0.004786,0.001574
0,-0.053313,-0.095025,0.226466,-0.028261,0.2388,-0.037115,0.00093,0.001658
0,-0.059678,-0.129998,-0.02358,-0.013913,-0.035905,-0.043685,0.001042,0.002269
0,-0.195605,-0.156824,-0.137286,-0.003838,-0.124522,0.034007,0.003414,0.002737
0,-0.278122,-0.074328,-0.11152,0.094266,-0.142941,0.115722,0.004854,0.001297
0,-0.0848,0.124113,0.164747,0.193874,0.201023,0.203324,0.00148,0.002166
0,-0.039592,0.055973,0.033699,-0.076577,0.043318,-0.060961,0.000691,0.000977
0,-0.250567,0.089467,-0.210269,0.028147,-0.240579,-0.005346,0.004373,0.001561
0,-0.14415,-0.10208,0.106529,-0.188177,0.110711,-0.236361,0.002516,0.001782
0,-0.060986,-0.049117,0.0897,0.056136,0.121903,0.073109,0.001064,0.000857
0,-0.025142,0.086646,0.060238,0.132297,0.024821,0.109143,0.000439,0.001512
0,-0.139362,0.020213,-0.095181,-0.071582,-0.057915,-0.080097,0.002432,0.000353
0,-0.169658,-0.163214,-0.018592,-0.213213,0.010888,-0.169637,0.002961,0.002849
0,-0.068969,-0.041597,0.102522,0.149859,0.063612,0.119553,0.001204,0.000726
0,-0.168493,-0.089502,-0.116557,-0.071302,-0.134009,-0.022476,0.002941,0.001562
0,-0.163777,-0.008579,-0.00916,0.092494,-0.04603,0.064602,0.002858,0.00015
0,0.045131,0.105779,0.207319,0.090831,0.176746,0.105593,0.000788,0.001846
0,-0.133613,0.012703,-0.176417,-0.097347,-0.172611,-0.140509,0.002332,0.000222
0,-0.006928,-0.002068,0.104583,-0.041096,0.090166,-0.049365,0.000121,3.6e-05
0,-0.043458,0.123684,-0.024877,0.1043,-0.033579,0.080967,0.000758,0.002159
0,-0.057228,-0.122405,0.000662,-0.27143,-0.036884,-0.226677,0.000999,0.002136
0,-0.170989,-0.122137,-0.08442,0.022321,-0.092471,0.057979,0.002984,0.002132
0,-0.15426,0.072398,0.01539,0.217876,0.028424,0.213713,0.002692,0.001264
0,0.018072,0.048462,0.152651,-0.013846,0.104161,-2.5e-05,0.000315,0.000846
0,-0.05841,-0.109013,-0.100372,-0.162388,-0.061835,-0.148112,0.001019,0.001903
0,0.075046,0.09681,0.136074,0.190469,0.12083,0.172691,0.00131,0.00169
0,-0.139833,-0.13257,-0.203508,-0.226859,-0.17471,-0.231558,0.002441,0.002314
0,-0.051353,0.133984,0.065204,0.236828,0.091879,0.273943,0.000896,0.002338
0,0.077392,-0.059373,0.119482,-0.216911,0.100041,-0.201529,0.001351,0.001036
0,0.020842,-0.098089,-0.044518,-0.046661,-0.054144,-0.078394,0.000364,0.001712
0,0.200947,0.011717,0.207316,0.126261,0.253045,0.094479,0.003507,0.000204
0,0.025679,-0.105146,-0.196899,-0.119594,-0.237531,-0.109683,0.000448,0.001835
0,-0.077443,0.116189,-0.084928,0.230926,-0.111277,0.219767,0.001352,0.002028
0,-0.156452,0.052083,-0.104418,-0.075602,-0.07837,-0.083791,0.002731,0.000909
0,0.104237,-0.046411,0.282384,-0.068671,0.282602,-0.111539,0.001819,0.00081
0,-0.115899,0.120607,-0.242813,0.186593,-0.274447,0.229396,0.002023,0.002105
0,0.076408,-0.154649,0.17973,-0.280923,0.154584,-0.248023,0.001334,0.002699
0,-0.085115,0.069504,-0.139198,0.233019,-0.132438,0.228069,0.001486,0.001213
0,-0.049075,-0.044283,0.032238,-0.138299,0.004526,-0.109654,0.000857,0.000773
0,-0.027098,-0.073089,0.032025,-0.057615,0.017378,-0.102431,0.000473,0.001276
0,-0.012898,-0.188114,0.01381,-0.140902,0.007057,-0.132184,0.000225,0.003283
0,-0.003796,-0.079218,-0.019049,0.132105,-0.010681,0.132438,6.6e-05,0.001383
0,0.023638,0.079486,0.003918,0.156468,-0.024343,0.170334,0.000413,0.001387
0,-0.114789,0.042968,-0.168224,-0.009185,-0.175777,-0.012382,0.002003,0.00075
0,0.069618,0.006465,0.169208,-0.066494,0.173918,-0.030229,0.001215,0.000113
0,-0.133954,-0.097815,-0.224411,-0.095243,-0.271556,-0.068393,0.002338,0.001707
0,-0.038669,-0.043333,0.116985,0.082354,0.130589,0.049906,0.000675,0.000756
0,-0.105108,0.089462,-0.076462,0.148026,-0.101711,0.180068,0.001834,0.001561
0,0.02475,0.00465,0.105744,-0.099432,0.127536,-0.055448,0.000432,8.1e-05
0,-0.122221,-0.162383,-0.118929,-0.194611,-0.150882,-0.171698,0.002133,0.002834
0,-0.028116,0.008602,0.10319,0.151161,0.098651,0.157771,0.000491,0.00015
0,-0.070466,-0.055267,-0.030826,-0.05666,-0.022951,-0.103809,0.00123,0.000965
0,0.181452,-0.068891,0.260601,-0.040346,0.266057,-0.052331,0.003167,0.001202
0,0.064173,-0.107928,-0.090193,-0.039889,-0.096769,-0.06781,0.00112,0.001884
0,-3.581725,1.430939,-3.662375,1.563381,-3.639247,1.579837,0.003754,0.001471
0,-4.414988,2.064,-0.815643,0.648694,-0.843004,0.61882,0.005206,0.000768
0,-4.879266,1.860537,-0.469141,-0.206725,-0.507187,-0.21746,0.002897,0.002783
0,-4.884261,1.89106,-0.012231,0.012195,-0.03359,0.032787,0.002985,0.00225
0,-4.520541,1.50316,0.345534,-0.369362,0.350938,-0.349711,0.003364,0.002732
0,-3.687357,1.214609,0.850617,-0.31729,0.876882,-0.308266,0.005598,0.002304
0,-2.417798,0.891519,1.289131,-0.320401,1.334106,-0.300607,0.004808,0.003808
0,-1.515204,0.618338,0.917817,-0.25164,0.948938,-0.206022,0.002942,0.00096
0,-0.736177,0.322784,0.805604,-0.281536,0.832514,-0.233286,0.001097,0.005634
0,-0.541356,0.198311,0.199212,-0.146148,0.231996,-0.17977,0.002303,0.003461
0,-0.188501,0.110809,0.3517,-0.062213,0.356083,-0.094566,0.00329,0.001934
0,0.209921,0.018145,0.377399,-0.087616,0.426764,-0.118446,0.003664,0.000317
0,0.307654,-0.059991,0.08504,-0.059912,0.097184,-0.087467,0.00537,0.001047
0,0.505927,0.020285,0.191035,0.092685,0.19509,0.113844,0.002922,0.000354
0,0.715794,-0.020399,0.2088,-0.034108,0.210255,0.009679,0.000741,0.000356
0,0.484682,-0.107756,-0.256162,-0.081756,-0.264269,-0.050535,0.003292,0.001881
0,0.639166,0.057295,0.159609,0.173243,0.133065,0.177661,0.000596,0.001
0,0.723843,0.076501,0.098905,-0.009772,0.137483,-0.059293,0.000882,0.001335
0,0.448217,0.211817,-0.290679,0.11179,-0.284705,0.156006,0.003929,0.003697
0,0.452706,0.007167,-0.007471,-0.188769,-0.051062,-0.16825,0.00385,0.000125
0,0.423544,0.091335,-0.043329,0.091416,-0.02631,0.082025,0.004359,0.001594
0,0.362202,0.199268,-0.037182,0.099907,-0.04181,0.127441,0.00543,0.003478
0,0.362518,0.06223,-0.00086,-0.118225,0.001295,-0.137974,0.005425,0.001086
0,0.385695,0.12042,0.018743,0.062754,0.048212,0.058164,0.00502,0.002102
0,0.166898,-0.036702,-0.215254,-0.178456,-0.17279,-0.225116,0.002913,0.000641
0,0.196861,-0.025299,0.055435,-0.006342,0.08228,0.004026,0.003436,0.000442
0,0.360761,-0.117055,0.183722,-0.085215,0.219646,-0.059445,0.005455,0.002043
0,0.128396,-0.032088,-0.26215,0.068052,-0.249931,0.100306,0.002241,0.00056
0,0.303345,-0.015024,0.14645,0.021578,0.119591,0.003772,0.005294,0.000262
0,0.329728,-0.120126,0.047747,-0.093562,0.071222,-0.089075,0.005755,0.002097
0,0.337681,-0.016515,0.017825,0.083404,0.053812,0.087027,0.005858,0.000288
0,0.3464,0.077232,0.000504,0.070608,-0.028823,0.09669,0.005706,0.001348
0,0.257432,-0.173821,-0.100621,-0.268337,-0.119546,-0.23927,0.004493,0.003034
0,0.11079,-0.155939,-0.118793,0.043564,-0.137396,0.051959,0.001934,0.002722
0,0.130375,-0.04677,0.004979,0.128044,0.029188,0.170685,0.002275,0.000816
0,0.097806,0.049656,-0.015535,0.107061,0.008669,0.133806,0.001707,0.000867
0,0.222519,-0.064945,0.134869,-0.120145,0.131292,-0.1105,0.003884,0.001134
0,0.140202,0.05598,-0.055816,0.109582,-0.052935,0.093894,0.002447,0.000977
0,0.20605,-0.066451,0.04389,-0.128559,0.039698,-0.08327,0.003596,0.00116
0,0.121751,-0.017384,-0.069578,0.064983,-0.110984,0.059502,0.002125,0.000303
0,0.066508,0.144499,-0.035683,0.169106,-0.041922,0.153237,0.001161,0.002522
0,0.025118,-0.079119,-0.032001,-0.230746,-0.019649,-0.199201,0.000438,0.001381
0,0.099846,-0.022083,0.068989,0.032427,0.083725,-0.010471,0.001743,0.000385
0,0.053781,-0.083783,-0.065234,-0.088863,-0.094121,-0.098958,0.000939,0.001462
0,0.04095,0.120641,-0.000953,0.196093,0.031039,0.202598,0.000715,0.002106
0,0.252015,0.083884,0.188698,-0.042054,0.196389,-0.014819,0.004398,0.001464
0,0.270081,0.055297,0.044562,-0.054585,0.001443,-0.025837,0.004714,0.000965
0,0.138851,-0.002897,-0.128677,-0.048232,-0.150944,-0.087404,0.002423,5.1e-05
0,0.157791,0.06292,-0.009375,0.077183,0.038658,0.082377,0.002754,0.001098
0,0.199522,-0.033449,0.065494,-0.092174,0.110962,-0.11647,0.003482,0.000584
0,0.147158,-0.119313,-0.052746,-0.081897,-0.007483,-0.115715,0.002568,0.002082
0,-0.021059,-0.094995,-0.178645,0.027192,-0.1901,0.006269,0.000368,0.001658
0,0.158159,-0.105922,0.17937,-0.0322,0.21136,-0.010107,0.00276,0.001849
0,-0.024248,-0.052296,-0.191194,0.039668,-0.197971,0.061303,0.000423,0.000913
0,-0.03363,-0.139989,-0.003575,-0.077076,-0.023838,-0.115815,0.000587,0.002443
0,0.071375,0.025885,0.117577,0.182506,0.119401,0.148351,0.001246,0.000452
0,0.02987,-0.054977,-0.023698,-0.053674,-0.010667,-0.042153,0.000521,0.00096
0,0.035123,0.005939,-0.010171,0.084742,0.032692,0.086116,0.000613,0.000104
0,-0.023467,-0.105919,-0.079321,-0.119863,-0.084611,-0.08123,0.00041,0.001849
0,0.059475,-0.031565,0.054062,0.104062,0.076431,0.136815,0.001038,0.000551
0,-0.113921,0.052944,-0.202907,0.080231,-0.211372,0.10313,0.001988,0.000924
0,-0.074583,-0.047825,0.033391,-0.127807,0.082723,-0.14356,0.001302,0.000835
0,0.103693,0.152103,0.16253,0.198719,0.174501,0.195499,0.00181,0.002655
0,-0.038009,0.014744,-0.146395,-0.165131,-0.151244,-0.208916,0.000663,0.000257
0,-0.047859,0.135702,-0.03855,0.133993,-0.013228,0.132358,0.000835,0.002368
0,-0.064459,0.096228,0.006949,-0.030951,-0.028109,-0.049232,0.001125,0.001679
0,0.157873,-0.064241,0.231486,-0.137634,0.24346,-0.104814,0.002755,0.001121
0,0.072495,0.070128,-0.082024,0.127014,-0.11867,0.100391,0.001265,0.001224
0,0.06585,0.143917,-0.011266,0.095545,-0.007681,0.123744,0.001149,0.002512
0,0.156701,0.132761,0.092082,-0.037223,0.06742,-0.074999,0.002735,0.002317
0,-0.093927,-0.065555,-0.231917,-0.203208,-0.223468,-0.245861,0.001639,0.001144
0,0.207476,0.078395,0.293424,0.138087,0.278518,0.174436,0.003621,0.001368
0,0.038962,0.159121,-0.190693,0.081848,-0.16999,0.053918,0.00068,0.002777
0,0.096495,0.197551,0.043508,0.0569,0.086919,0.046079,0.001684,0.003448
0,0.149445,-0.017991,0.064723,-0.221226,0.108349,-0.181931,0.002608,0.000314
0,0.196941,-0.073286,0.046202,-0.043814,0.070776,-0.087056,0.003437,0.001279
0,0.156375,-0.02273,-0.066263,0.04375,-0.115878,0.037466,0.002729,0.000397
0,-0.0788,-0.080335,-0.258186,-0.080276,-0.21668,-0.088233,0.001375,0.001402
0,-0.001253,0.115498,0.048392,0.198892,0.096864,0.219023,2.2e-05,0.002016
0,0.0547,0.010042,0.032007,-0.134014,0.021214,-0.169714,0.000955,0.000175
0,0.106762,0.026075,0.034622,-0.011654,0.040132,0.017956,0.001863,0.000455
0,-0.161496,-0.113712,-0.277722,-0.116282,-0.29427,-0.089951,0.002819,0.001985
0,-0.090492,0.113828,0.080838,0.200171,0.072212,0.18263,0.001579,0.001987
0,0.104632,0.078358,0.224416,-0.06021,0.20742,-0.036854,0.001826,0.001368
0,-0.089091,-0.04236,-0.208042,-0.107609,-0.158395,-0.130985,0.001555,0.000739
0,-0.099579,0.036799,-0.031838,0.063968,-0.009958,0.084757,0.001738,0.000642
0,0.074155,0.103262,0.155793,0.041808,0.136662,0.009046,0.001294,0.001802
0,0.067321,0.062356,-0.035276,-0.036787,0.004522,-0.003847,0.001175,0.001088
0,-0.012733,0.007811,-0.057151,-0.043461,-0.043135,-0.003161,0.000222,0.000136
0,-0.089127,-0.05704,-0.051112,-0.068845,-0.084402,-0.083779,0.001556,0.000996
0,0.058757,-0.066556,0.121684,-0.022408,0.139807,-0.065094,0.001026,0.001162
0,0.002468,-0.153688,-0.051381,-0.072451,-0.094546,-0.11959,4.3e-05,0.002682
0,0.114669,-0.090932,0.096431,0.083546,0.092938,0.120673,0.002001,0.001587
0,0.108707,-0.137173,-0.035816,-0.019242,-0.01375,0.011498,0.001897,0.002394
0,0.149426,0.119398,0.017204,0.238339,0.004809,0.228839,0.002608,0.002084
0,-0.043884,-0.018145,-0.217581,-0.12522,-0.246537,-0.103941,0.000766,0.000317
0,0.045163,0.049587,0.108559,0.091796,0.075432,0.054447,0.000788,0.000865
0,0.041906,0.106241,-0.024792,0.051644,0.002445,0.022612,0.000731,0.001854
0,-0.010357,-0.064697,-0.023544,-0.157633,-0.008958,-0.150387,0.000181,0.001129
0,0.022211,-0.071928,0.047649,-0.029252,0.075645,0.017892,0.000388,0.001255
0,0.220369,-0.09929,0.210208,-0.033992,0.258396,-0.069871,0.003846,0.001733
0,-0.027507,0.013337,-0.228397,0.135397,-0.26069,0.10018,0.00048,0.000233
0,-0.082776,-0.002397,-0.062062,0.006261,-0.075604,-0.000306,0.001445,4.2e-05
0,0.047538,0.096722,0.156727,0.083432,0.191074,0.098533,0.00083,0.001688
0,0.1289,0.147536,0.057463,0.0791,0.09673,0.068088,0.00225,0.002575
0,-0.17158,-0.020762,-0.305614,-0.175886,-0.317559,-0.171427,0.002995,0.000362
0,0.102287,0.112515,0.263937,0.148715,0.249116,0.17351,0.001785,0.001964
0,-0.083576,0.119285,-0.17899,0.008498,-0.184705,0.003917,0.001459,0.002082
0,0.115882,0.033235,0.184835,-0.108121,0.219433,-0.11628,0.002023,0.00058
0,-0.011771,0.127631,-0.155234,0.075556,-0.107444,0.030302,0.000205,0.002228
0,0.090246,0.100456,0.079256,-0.046316,0.066011,0.001718,0.001575,0.001753
0,0.166323,0.050068,0.046126,-0.033076,0.037905,-0.003837,0.002903,0.000874
0,-0.149091,-0.118002,-0.305912,-0.163233,-0.26219,-0.150464,0.002602,0.00206
0,0.021475,0.172791,0.160089,0.260857,0.121039,0.246033,0.000375,0.003016
0,0.090165,-0.038697,0.053245,-0.195194,0.024716,-0.152431,0.001574,0.000675
0,-0.009022,0.047509,-0.077062,0.074449,-0.094937,0.06146,0.000157,0.000829
0,0.010306,0.000918,-0.004824,-0.062761,0.00623,-0.063685,0.00018,1.6e-05
0,0.172531,-0.183643,0.135349,-0.1816,0.111575,-0.207494,0.003011,0.003205
0,0.59715,0.428407,0.414139,0.584865,0.4183,0.621187,0.001329,0.004275
0,0.689716,0.878682,0.071323,0.479328,0.036213,0.453414,0.000286,0.003584
0,1.008521,1.078947,0.345048,0.189921,0.351129,0.225243,0.00585,0.004672
0,1.290751,1.308028,0.309953,0.230992,0.326989,0.223272,0.000976,0.000674
0,1.601381,1.164418,0.325323,-0.173437,0.307225,-0.179414,0.004446,0.00318
0,1.394227,0.931563,-0.204126,-0.227072,-0.234263,-0.2361,0.00083,0.004507
0,1.324789,0.938175,-0.039466,-0.002317,-0.036005,0.012013,0.000381,0.004623
0,0.613964,0.394688,-0.684093,-0.565448,-0.72196,-0.569506,0.001036,0.004863
0,0.452556,0.476057,-0.160303,0.075601,-0.166743,0.055604,0.003853,0.003443
0,0.182258,0.228894,-0.271345,-0.218788,-0.297392,-0.169825,0.003181,0.003995
0,0.027172,0.055363,-0.149511,-0.159953,-0.117974,-0.178092,0.000474,0.000966
0,-0.022311,-0.034448,-0.058368,-0.076645,-0.089612,-0.088307,0.000389,0.000601
0,-0.088422,0.011284,-0.090606,0.062387,-0.063771,0.080663,0.001543,0.000197
0,-0.266712,-0.188193,-0.192096,-0.170615,-0.219158,-0.136468,0.004655,0.003285
0,-0.224142,-0.123756,0.054982,0.078438,0.022162,0.061074,0.003912,0.00216
0,-0.031544,-0.010039,0.212451,0.090496,0.217464,0.109045,0.000551,0.000175
0,-0.132886,-0.186345,-0.077838,-0.162518,-0.090959,-0.184516,0.002319,0.003252
0,-0.322697,-0.198862,-0.200855,0.013828,-0.235599,-0.023971,0.005632,0.003471
0,-0.318018,-0.023433,-0.013599,0.175516,0.015859,0.136696,0.00555,0.000409
0,-0.286813,-0.08724,0.036267,-0.054526,0.017051,-0.082918,0.005006,0.001523
0,-0.273744,-0.259727,-0.016015,-0.19728,-0.010031,-0.2302,0.004778,0.004533
0,-0.242486,-0.084032,0.007363,0.181906,-0.038997,0.224389,0.004232,0.001467
0,-0.172008,-0.176127,0.074628,-0.100213,0.097631,-0.091252,0.003002,0.003074
0,-0.361906,-0.209713,-0.203079,-0.048901,-0.251538,-0.064057,0.005435,0.00366
0,-0.207649,-0.228112,0.162207,-0.005416,0.201524,-0.009574,0.003624,0.003981
0,-0.096736,-0.16476,0.130364,0.042257,0.116895,0.083968,0.001688,0.002876
0,0.101373,-0.194931,0.192197,-0.021364,0.15029,0.017541,0.001769,0.003402
0,0.001782,-0.203933,-0.082846,0.011231,-0.07083,-0.021202,3.1e-05,0.003559
0,-0.050011,-0.179954,-0.043251,0.005946,-0.007043,-0.021037,0.000873,0.003141
0,-0.152137,-0.20859,-0.072258,-0.033625,-0.049452,-0.050158,0.002655,0.003641
0,-0.048413,-0.254316,0.112755,-0.042449,0.12636,-0.078456,0.000845,0.004439
0,-0.022534,-0.053202,0.016066,0.202491,0.039902,0.152789,0.000393,0.000929
0,-0.093625,-0.12349,-0.045194,-0.065284,-0.013527,-0.068073,0.001634,0.002155
0,0.061879,-0.22465,0.155754,-0.102232,0.118819,-0.13099,0.00108,0.003921
0,-0.060902,-0.041901,-0.095892,0.17285,-0.139883,0.158362,0.001063,0.000731
0,-0.041774,-0.216102,0.034522,-0.150197,0.053983,-0.135837,0.000729,0.003772
0,-0.060679,0.003426,-0.034472,0.230382,-0.01086,0.234297,0.001059,6e-05
0,0.157969,-0.200363,0.235843,-0.201942,0.258127,-0.173774,0.002757,0.003497
0,0.061013,-0.221047,-0.109632,0.008157,-0.149532,-0.007442,0.001065,0.003858
0,0.070475,0.006934,0.019833,0.221239,0.043086,0.203688,0.00123,0.000121
0,-0.122519,-0.023866,-0.183981,-0.036207,-0.137617,-0.012268,0.002138,0.000417
0,-0.091802,-0.07257,0.0542,-0.077462,0.089744,-0.027793,0.001602,0.001267
0,-0.082335,-0.181718,-0.016426,-0.101447,-0.012278,-0.105657,0.001437,0.003172
0,-0.150577,-0.111559,-0.076019,0.092606,-0.081134,0.09972,0.002628,0.001947
0,-0.094593,0.029421,0.051737,0.116653,0.084367,0.135917,0.001651,0.000513
0,0.001733,-0.087548,0.084834,-0.126109,0.045646,-0.132397,3e-05,0.001528
0,-0.198676,-0.07615,-0.206602,0.006912,-0.216277,-0.007914,0.003468,0.001329
0,-0.052837,-0.134671,0.170962,-0.042665,0.207468,-0.037058,0.000922,0.00235
0,-0.015047,0.066351,0.019019,0.177954,0.025337,0.157021,0.000263,0.001158
0,-0.116029,0.128142,-0.106358,0.044618,-0.078427,0.041115,0.002025,0.002237
0,-0.129349,-0.136741,-0.014515,-0.294777,-0.013066,-0.308361,0.002258,0.002387
0,-0.167999,-0.100063,-0.056466,0.012207,-0.035021,0.024376,0.002932,0.001746
0,-0.208648,0.132858,-0.067572,0.257938,-0.046155,0.255799,0.003642,0.002319
0,-0.049928,0.111685,0.152655,0.008442,0.161532,-0.025156,0.000871,0.001949
0,-0.205246,-0.032324,-0.166465,-0.116195,-0.150841,-0.092327,0.003582,0.000564
0,-0.230975,-0.023879,0.001977,0.010758,0.012836,-0.032976,0.004031,0.000417
0,-0.071633,-0.107549,0.165348,-0.056274,0.19801,-0.096584,0.00125,0.001877
0,-0.202332,-0.040476,-0.127104,0.06033,-0.101549,0.03127,0.003531,0.000706
0,0.045067,-0.114786,0.225974,-0.072137,0.180812,-0.076223,0.000787,0.002003
0,0.036355,-0.019427,-0.01125,0.083705,-0.008181,0.082744,0.000635,0.000339
0,0.064662,0.031749,0.002555,0.039804,-0.034038,0.050348,0.001129,0.000554
0,-0.200444,0.036192,-0.253137,-4e-05,-0.232735,-0.026485,0.003498,0.000632
0,-0.213486,0.040756,-0.036938,0.033833,-0.062563,0.04561,0.003726,0.000711
0,-0.142519,0.173283,0.098101,0.125192,0.120226,0.159935,0.002487,0.003024
0,-0.244891,0.197301,-0.102138,0.040326,-0.10637,0.009454,0.004274,0.003444
0,-0.098166,-0.038448,0.132988,-0.229148,0.157313,-0.230643,0.001713,0.000671
0,0.019637,0.038709,0.121865,0.098077,0.083316,0.145918,0.000343,0.000676
0,-0.195525,-0.032024,-0.212885,-0.074614,-0.253896,-0.066174,0.003413,0.000559
0,0.024293,0.047188,0.220992,0.050635,0.206777,0.063589,0.000424,0.000824
0,-0.00421,0.1674,-0.021984,0.09367,-0.067475,0.120816,7.3e-05,0.002922
0,-2.8e-05,-0.07157,0.018969,-0.212293,0.05866,-0.17241,0.0,0.001249
0,-0.117944,0.084819,-0.110719,0.183752,-0.149038,0.211976,0.002059,0.00148
0,0.014905,-0.086651,0.14128,-0.160292,0.132395,-0.16522,0.00026,0.001512
0,-0.018429,-0.054619,-0.057367,0.061257,-0.076373,0.078253,0.000322,0.000953
0,0.023634,-0.034892,0.044213,-0.00672,0.014843,-0.004011,0.000412,0.000609
0,-0.213194,0.16946,-0.215862,0.207931,-0.244451,0.219504,0.003721,0.002958
0,-0.202571,0.01541,0.009295,-0.136764,-0.005815,-0.151564,0.003536,0.000269
0,0.01556,0.066221,0.196359,0.030129,0.189772,-0.012641,0.000272,0.001156
0,-0.192313,0.001705,-0.22357,-0.054326,-0.231329,-0.085038,0.003356,3e-05
0,-0.033826,0.13006,0.15513,0.151122,0.122119,0.136919,0.00059,0.00227
0,-0.107824,0.122091,-0.061704,-0.031431,-0.105854,-0.067803,0.001882,0.002131
0,-0.238516,0.078722,-0.111306,-0.066441,-0.073514,-0.020549,0.004163,0.001374
0,-0.178307,-0.028943,0.071307,-0.091983,0.02615,-0.084975,0.003112,0.000505
0,-0.140914,0.062263,0.014307,0.084375,0.016859,0.046586,0.002459,0.001087
0,-0.041084,0.013055,0.085564,-0.071897,0.099016,-0.048499,0.000717,0.000228
0,-0.217512,0.094768,-0.187438,0.07241,-0.174119,0.101155,0.003796,0.001654
0,-0.168862,0.005387,0.052984,-0.116853,0.096231,-0.113637,0.002947,9.4e-05
0,-0.144983,0.089938,0.049,0.054716,0.05779,0.047047,0.00253,0.00157
0,-0.275345,0.204282,-0.146506,0.131365,-0.106162,0.142145,0.004806,0.003565
0,-0.095667,0.062316,0.177252,-0.153579,0.199526,-0.184567,0.00167,0.001088
0,-0.087854,0.155508,-0.019825,0.119238,-0.054975,0.108445,0.001533,0.002714
0,-0.153593,-0.048962,-0.060727,-0.183869,-0.05212,-0.181596,0.002681,0.000855
0,-0.118272,0.091488,0.052793,0.127284,0.083558,0.11139,0.002064,0.001597
0,0.092009,0.064743,0.211521,-0.008858,0.247434,0.03863,0.001606,0.00113
0,0.04538,0.062846,-0.046639,0.015377,-0.093392,0.056887,0.000792,0.001097
0,-0.203166,0.095227,-0.249053,0.004696,-0.282899,-0.042948,0.003546,0.001662
0,0.038741,0.008523,0.266669,-0.102384,0.229301,-0.114234,0.000676,0.000149
0,-0.111617,-0.032578,-0.155122,-0.052503,-0.179093,-0.085694,0.001948,0.000569
0,0.076079,0.074882,0.205771,0.089291,0.211865,0.138399,0.001328,0.001307
0,0.102361,0.161586,0.049171,0.108002,0.09021,0.11623,0.001787,0.00282
0,0.118466,0.023946,0.009029,-0.165495,-0.020188,-0.152474,0.002068,0.000418
0,0.096403,0.198948,0.003618,0.20463,0.021459,0.19279,0.001683,0.003472
0,-0.082149,-0.061315,-0.197665,-0.257043,-0.158151,-0.230174,0.001434,0.00107
0,0.114703,0.051064,0.216467,0.12261,0.207447,0.15892,0.002002,0.000891
0,-0.01306,0.057713,-0.150492,-0.009559,-0.153574,-0.041038,0.000228,0.001007
0,-0.071127,-0.039173,-0.059568,-0.104055,-0.082127,-0.079879,0.001241,0.000684
0,-0.09019,0.186955,-0.001232,0.252745,0.00978,0.297929,0.001574,0.003263
0,-0.031706,-0.021774,0.047138,-0.237847,0.085146,-0.284077,0.000553,0.00038
0,-0.031829,0.187285,0.001101,0.205246,0.005951,0.241939,0.000556,0.003269
0,0.061602,0.135437,0.092658,-0.030546,0.079423,-0.074581,0.001075,0.002364
0,-0.084787,0.105644,-0.154606,-0.017412,-0.132262,-0.003504,0.00148,0.001844
0,-0.107194,0.166131,-0.008588,0.032942,-0.000138,0.049467,0.001871,0.0029
0,0.000962,-0.114803,0.132582,-0.308481,0.180378,-0.35383,1.7e-05,0.002004
0,-0.088017,-0.09241,-0.061839,0.03218,-0.06654,0.060852,0.001536,0.001613
0,0.038935,-0.003335,0.120057,0.08591,0.080027,0.069969,0.00068,5.8e-05
0,-0.055649,0.117442,-0.114185,0.109786,-0.081037,0.118754,0.000971,0.00205
0,0.124815,-0.123682,0.177984,-0.267799,0.176849,-0.317675,0.002178,0.002159
0,-0.083832,-0.026171,-0.222897,0.068445,-0.248686,0.03974,0.001463,0.000457
0,-0.064721,-0.078312,0.001702,-0.028301,-0.001579,-0.077675,0.00113,0.001367
0,-0.055871,-0.133507,-0.016062,-0.065551,-0.022378,-0.092626,0.000975,0.00233
0,-0.07236,0.120862,-0.017553,0.23094,-0.057391,0.19597,0.001263,0.002109
0,-0.122549,0.036097,-0.043887,-0.085056,-0.068049,-0.036485,0.002139,0.00063
0,-0.165323,0.116893,-0.042223,0.054144,-0.039641,0.042223,0.002885,0.00204
0,-0.031187,-0.098641,0.160425,-0.224445,0.174247,-0.225278,0.000544,0.001722
0,0.094274,0.036601,0.124313,0.124868,0.161645,0.173014,0.001645,0.000639
0,-0.060392,-0.107542,-0.165877,-0.130041,-0.193687,-0.144746,0.001054,0.001877
0,-0.204991,0.156143,-0.123399,0.275696,-0.136398,0.324992,0.003578,0.002725
0,-0.118459,-0.076251,0.102391,-0.243051,0.13282,-0.236807,0.002068,0.001331
0,0.008774,-0.038384,0.128974,0.009895,0.177337,0.022942,0.000153,0.00067
0,-0.076274,-0.102921,-0.089668,-0.043178,-0.044478,-0.044892,0.001331,0.001796
0,0.062665,0.14889,0.136466,0.258564,0.101082,0.281918,0.001094,0.002599
0,-0.222555,0.146783,-0.293605,-0.026688,-0.313239,-0.043444,0.003884,0.002562
0,-0.140486,-0.000483,0.094268,-0.13934,0.111731,-0.13339,0.002452,8e-06
0,-0.087144,0.088181,0.0833,0.068506,0.048448,0.105625,0.001521,0.001539
0,-0.09853,-0.031604,-2.4e-05,-0.09544,0.011974,-0.053255,0.00172,0.000552
0,-0.034118,-0.007332,0.052451,0.007778,0.031165,-0.042201,0.000595,0.000128
0,-0.113735,0.088983,-0.104404,0.080916,-0.134104,0.111681,0.001985,0.001553
0,-0.615488,0.480256,-0.517341,0.40653,-0.505388,0.378919,0.001009,0.00337
0,-0.60055,0.856022,-0.014069,0.395023,-0.041957,0.438565,0.00127,0.003189
0,-0.687349,0.616104,-0.107686,-0.221728,-0.123764,-0.238407,0.000245,0.000999
0,-0.830012,0.761455,-0.139554,0.126899,-0.094112,0.124617,0.002735,0.001538
0,-0.774871,0.843006,0.03031,0.083048,0.033598,0.036772,0.001772,0.002962
0,-0.769696,0.467034,-0.015312,-0.372202,-0.032875,-0.344307,0.001682,0.0036
0,-0.678231,0.275689,0.099209,-0.178732,0.055008,-0.151037,8.6e-05,0.004812
0,-0.327646,0.362248,0.324577,0.088719,0.351609,0.05566,0.005719,0.005429
0,-0.437591,0.158527,-0.103825,-0.229127,-0.138397,-0.238832,0.004114,0.002767
0,-0.239082,0.284892,0.220307,0.128826,0.187183,0.162734,0.004173,0.004972
0,-0.28434,0.043068,-0.026491,-0.22262,-0.041889,-0.261689,0.004963,0.000752
0,-0.086119,0.11576,0.211362,0.101875,0.226139,0.10244,0.001503,0.00202
0,-0.246036,0.247373,-0.144314,0.152317,-0.151962,0.117779,0.004294,0.004317
0,0.024425,0.020405,0.280386,-0.240225,0.239428,-0.28751,0.000426,0.000356
0,0.010724,0.034134,-0.023799,0.001695,-0.071333,-0.020075,0.000187,0.000596
0,0.017772,0.218226,-0.02152,0.195239,-0.07006,0.159214,0.00031,0.003809
0,-0.10626,0.053008,-0.111092,-0.170912,-0.069983,-0.197765,0.001855,0.000925
0,0.042841,-0.003837,0.17701,-0.052879,0.21014,-0.021593,0.000748,6.7e-05
0,0.071429,0.246346,0.049421,0.242383,0.087788,0.201332,0.001247,0.0043
0,-0.138769,-0.007796,-0.220452,-0.255915,-0.237099,-0.248803,0.002422,0.000136
0,0.02927,0.212357,0.176625,0.20103,0.192155,0.219763,0.000511,0.003706
0,0.155607,0.014706,0.148763,-0.225324,0.154669,-0.228221,0.002716,0.000257
0,-0.032719,0.165654,-0.184498,0.168126,-0.205131,0.209134,0.000571,0.002891
0,0.086184,0.165525,0.10761,0.013871,0.129149,-0.018828,0.001504,0.002889
0,0.103584,0.244459,0.005585,0.103085,-0.002188,0.084655,0.001808,0.004267
0,-0.102455,0.073462,-0.214867,-0.168032,-0.201922,-0.173654,0.001788,0.001282
0,0.136686,0.143204,0.240311,0.072836,0.244613,0.095612,0.002386,0.002499
0,0.013546,-0.037204,-0.148135,-0.203044,-0.157253,-0.214129,0.000236,0.000649
0,-0.080486,0.054294,-0.090771,0.084542,-0.062711,0.124971,0.001405,0.000948
0,-0.032739,0.084327,0.053223,0.057948,0.042079,0.021615,0.000571,0.001472
0,-0.039244,0.14286,-0.03449,0.034998,-0.006644,0.048142,0.000685,0.002493
0,0.111524,0.237106,0.139939,0.082965,0.130468,0.13041,0.001946,0.004138
0,0.13304,0.040892,0.008347,-0.170406,0.05755,-0.139398,0.002322,0.000714
0,0.189245,0.063316,0.039875,0.007094,-0.007713,-0.040632,0.003303,0.001105
0,0.185108,0.209913,-0.019379,0.162111,-0.011457,0.124796,0.003231,0.003664
0,-0.002706,-0.009974,-0.166031,-0.212688,-0.195768,-0.254321,4.7e-05,0.000174
0,0.110283,0.097585,0.132449,0.101789,0.13472,0.10753,0.001925,0.001703
0,-0.030439,-0.070877,-0.134989,-0.176496,-0.155594,-0.224972,0.000531,0.001237
0,-0.147676,-0.003535,-0.100457,0.08203,-0.136238,0.11747,0.002577,6.2e-05
0,-0.10524,-0.035028,0.060886,-0.020136,0.022634,-0.032185,0.001837,0.000611
0,0.009375,-0.029217,0.123185,0.011373,0.170629,0.039259,0.000164,0.00051
0,-0.011636,-0.095177,-0.027061,-0.085972,0.01735,-0.09103,0.000203,0.001661
0,0.0456,0.150544,0.0848,0.257212,0.078787,0.305336,0.000796,0.002627
0,0.135385,0.084678,0.067684,-0.039035,0.080845,-0.009952,0.002363,0.001478
0,-0.013249,-0.034379,-0.170313,-0.124885,-0.146065,-0.081465,0.000231,0.0006
0,-0.134998,0.073767,-0.146581,0.122931,-0.12203,0.130957,0.002356,0.001287
0,0.072938,0.016774,0.207639,-0.051361,0.181699,-0.02215,0.001273,0.000293
0,-0.111419,-0.002336,-0.211086,-0.006137,-0.255406,-0.023971,0.001945,4.1e-05
0,-0.098961,0.194047,-0.012449,0.18559,0.016755,0.141384,0.001727,0.003387
0,-0.140783,-0.083967,-0.064401,-0.260264,-0.040658,-0.255698,0.002457,0.001466
0,0.003208,0.149297,0.132399,0.26252,0.146183,0.213535,5.6e-05,0.002606
0,-0.134233,-0.00441,-0.154816,-0.126495,-0.118759,-0.135544,0.002343,7.7e-05
0,-0.101331,0.147961,0.024493,0.163256,0.020294,0.208296,0.001769,0.002582
0,-0.153206,0.136303,-0.027433,0.011519,-0.027738,0.047837,0.002674,0.002379
0,-0.036337,0.145231,0.114176,-0.014877,0.100441,-0.002365,0.000634,0.002535
0,-0.120508,0.056026,-0.096517,-0.113293,-0.104405,-0.134917,0.002103,0.000978
0,-0.018568,0.082068,0.119221,0.031526,0.168829,0.049411,0.000324,0.001432
0,0.031406,-0.091168,0.056792,-0.189076,0.096052,-0.18522,0.000548,0.001591
0,-0.156001,-0.024604,-0.208672,0.090227,-0.225953,0.104623,0.002723,0.000429
0,-0.019465,0.040329,0.131483,0.050522,0.098786,0.086423,0.00034,0.000704
0,0.060395,-0.050579,0.075276,-0.086046,0.084895,-0.103546,0.001054,0.000883
0,0.068349,-0.08916,-0.020837,-0.049841,0.024736,-0.046712,0.001193,0.001556
0,0.029684,-0.144539,-0.032058,-0.043563,-0.069786,-0.045473,0.000518,0.002523
0,0.03155,0.056957,0.021301,0.227644,0.036777,0.181048,0.000551,0.000994
0,0.176422,-0.077823,0.171094,-0.138111,0.193526,-0.154311,0.003079,0.001358
0,0.019286,0.115715,-0.152871,0.184566,-0.162641,0.20934,0.000337,0.00202
0,0.033558,-0.119967,0.014935,-0.224918,0.057376,-0.224624,0.000586,0.002094
0,0.092617,-0.076979,0.058004,0.036259,0.065628,0.060294,0.001616,0.001344
0,0.086305,-0.016534,0.004234,0.08352,0.008542,0.086816,0.001506,0.000289
0,-0.055251,-0.145041,-0.157898,-0.153274,-0.201148,-0.136788,0.000964,0.002531
0,0.118987,-0.008991,0.164393,0.134269,0.153161,0.14404,0.002077,0.000157
0,0.140453,-0.17287,0.027287,-0.152705,0.046148,-0.171646,0.002451,0.003017
0,-0.095174,0.017945,-0.223627,0.168433,-0.260465,0.153757,0.001661,0.000313
0,0.090842,-0.092889,0.164542,-0.111801,0.192389,-0.112151,0.001585,0.001621
0,-0.22505,-0.443059,-0.313826,-0.351793,-0.360623,-0.309082,0.003928,0.004019
0,-0.230024,-1.364299,0.019837,-0.916499,-0.008554,-0.925233,0.004015,0.000308
0,-0.440334,-1.682094,-0.180745,-0.320966,-0.179679,-0.365399,0.004066,0.005855
0,-0.821248,-1.696071,-0.392129,-0.031829,-0.418284,-0.052546,0.002582,0.005653
0,-0.749001,-1.357306,0.090698,0.365481,0.071889,0.403343,0.001321,0.000186
0,-0.735834,-0.857784,-0.001928,0.492144,-0.046599,0.443395,0.001091,0.003219
0,-0.453439,-0.874295,0.301129,-0.003521,0.324691,-0.04985,0.003838,0.003508
0,-0.39944,-0.649485,0.039234,0.204512,-0.00691,0.200787,0.00478,0.000416
0,-0.125987,-0.583979,0.290142,0.042671,0.339296,0.042552,0.002199,0.001559
0,-0.153802,-0.465544,-0.052092,0.116612,-0.0878,0.121962,0.002684,0.003626
0,0.025128,-0.024369,0.168963,0.459062,0.120231,0.437795,0.000439,0.000425
0,0.017592,-0.07769,-0.035072,-0.081425,0.004725,-0.079525,0.000307,0.001356
0,-0.160475,-0.056733,-0.202991,0.032539,-0.173538,0.078465,0.002801,0.00099
0,-0.088443,0.047061,0.058239,0.121785,0.059085,0.134728,0.001544,0.000821
0,-0.072731,0.080913,0.037167,0.033545,0.035819,-0.007672,0.001269,0.001412
0,-0.164903,0.144713,-0.099159,0.065061,-0.118513,0.049325,0.002878,0.002526
0,-0.075332,0.062644,0.095184,-0.090482,0.069331,-0.100227,0.001315,0.001093
0,-0.152004,0.253556,-0.067755,0.192465,-0.102697,0.180093,0.002653,0.004425
0,-0.00862,0.213438,0.167508,-0.041268,0.143174,-0.074854,0.00015,0.003725
0,-0.086922,0.071883,-0.068761,-0.13241,-0.044823,-0.160789,0.001517,0.001255
0,0.059439,0.197939,0.143419,0.099078,0.120555,0.113822,0.001037,0.003455
0,-0.083773,0.237254,-0.125034,0.02061,-0.092531,-0.008747,0.001462,0.004141
0,-0.13665,0.204745,-0.032841,-0.049248,-0.077327,-0.090582,0.002385,0.003573
0,0.006587,0.201472,0.133397,-0.015467,0.155531,-0.011322,0.000115,0.003516
0,0.018251,0.208103,-0.015775,0.015042,-0.020038,-0.031117,0.000319,0.003632
0,-0.22314,0.12025,-0.242568,-0.059518,-0.225348,-0.076923,0.003895,0.002099
0,-0.067741,0.119799,0.164895,-0.015436,0.115022,-0.060214,0.001182,0.002091
0,0.061256,0.119704,0.117529,0.022308,0.075986,-0.013459,0.001069,0.002089
0,-0.165375,0.01455,-0.22147,-0.07712,-0.179503,-0.049792,0.002886,0.000254
0,-0.121994,-0.057182,0.033831,-0.074407,-0.015516,-0.040469,0.002129,0.000998
0,-0.191749,0.119042,-0.051603,0.19344,-0.04298,0.160034,0.003347,0.002078
0,0.030365,0.028668,0.243942,-0.068053,0.251806,-0.063805,0.00053,0.0005
0,-0.166235,0.119044,-0.218444,0.066874,-0.169286,0.058045,0.002901,0.002078
0,0.096162,-0.075408,0.256211,-0.207085,0.293158,-0.240348,0.001678,0.001316
0,-0.072036,0.030661,-0.190786,0.099227,-0.181786,0.136105,0.001257,0.000535
0,-0.023744,0.022294,0.059432,0.000851,0.014811,0.01689,0.000414,0.000389
0,-0.079644,0.112482,-0.027587,0.103151,0.0103,0.148994,0.00139,0.001963
0,-0.04418,0.066493,0.061444,-0.016153,0.110539,-0.065369,0.000771,0.001161
0,-0.240789,-0.115648,-0.17278,-0.178742,-0.213444,-0.189638,0.004203,0.002018
0,-0.053644,-0.105057,0.196247,-0.008126,0.168598,0.02017,0.000936,0.001834
0,-0.10719,0.160504,-0.057826,0.27168,-0.039403,0.265483,0.001871,0.002801
0,-0.079733,0.027206,0.007261,-0.149405,-0.01579,-0.178332,0.001392,0.000475
0,-0.04328,0.05011,0.02405,-0.005925,0.051363,-0.018946,0.000755,0.000875
0,-0.017207,0.095207,0.010384,0.06336,-0.004042,0.093423,0.0003,0.001662
0,0.119402,0.045527,0.123546,-0.068364,0.102718,-0.101404,0.002084,0.000795
0,-0.011474,0.036229,-0.123951,-0.008731,-0.151768,-0.02309,0.0002,0.000632
0,0.08969,0.091175,0.08397,0.075206,0.105717,0.041,0.001565,0.001591
0,-0.14947,-0.094938,-0.255942,-0.175825,-0.222627,-0.128576,0.002609,0.001657
0,-0.050302,-0.038543,0.116677,0.083641,0.08958,0.132198,0.000878,0.000673
0,0.017928,0.129593,0.042643,0.185368,0.053218,0.139581,0.000313,0.002262
0,-0.131721,-0.048044,-0.17698,-0.159315,-0.14688,-0.192049,0.002299,0.000839
0,0.04089,0.101886,0.145168,0.165793,0.133779,0.139777,0.000714,0.001778
0,-0.090764,-0.003398,-0.139427,-0.109697,-0.186994,-0.09022,0.001584,5.9e-05
0,0.026308,-0.07602,0.129971,-0.073379,0.111696,-0.057308,0.000459,0.001327
0,0.136745,0.030725,0.107221,0.127465,0.124928,0.135596,0.002387,0.000536
0,0.055779,0.104672,-0.075293,0.103601,-0.080599,0.094598,0.000974,0.001827
0,-0.037638,-0.046628,-0.107456,-0.158504,-0.146322,-0.172753,0.000657,0.000814
0,0.141739,0.138267,0.196467,0.168469,0.210715,0.15597,0.002474,0.002413
0,0.030011,0.129437,-0.130638,0.001889,-0.116318,0.004212,0.000524,0.002259
0,-0.007579,0.00584,-0.059505,-0.095662,-0.069528,-0.101027,0.000132,0.000102
0,-0.03272,0.112022,-0.047614,0.132634,-0.03818,0.149023,0.000571,0.001955
0,-0.104099,0.044045,-0.050795,-0.075878,-0.04257,-0.08142,0.001817,0.000769
0,0.067225,-0.013313,0.171262,-0.05429,0.14994,-0.062591,0.001173,0.000232
0,-0.007143,0.042732,-0.069766,0.060383,-0.022026,0.034504,0.000125,0.000746
0,-0.06047,-0.114416,-0.032789,-0.183882,-0.057413,-0.22521,0.001055,0.001997
0,0.09883,-0.1884,0.161552,-0.091279,0.178775,-0.054978,0.001725,0.003288
0,-0.077663,-0.028637,-0.163958,0.145046,-0.161007,0.134334,0.001355,0.0005
0,-0.145795,0.06023,-0.056955,0.104874,-0.022799,0.139105,0.002545,0.001051
0,-0.023626,-0.124126,0.127012,-0.194373,0.123644,-0.235459,0.000412,0.002166
0,-0.002674,-0.07592,0.004032,0.031842,-0.027999,0.070775,4.7e-05,0.001325
0,-0.117413,-0.069593,-0.118609,0.004617,-0.159563,0.036722,0.002049,0.001215
0,0.100717,0.074662,0.225938,0.12972,0.219702,0.118836,0.001758,0.001303
0,-0.030008,-0.098969,-0.143645,-0.169616,-0.154056,-0.125378,0.000524,0.001727
0,0.080856,-0.073798,0.122346,0.021556,0.134897,0.064524,0.001411,0.001288
0,0.008647,-0.017296,-0.05608,0.074796,-0.093406,0.030763,0.000151,0.000302
0,0.050398,-0.058164,0.054019,-0.059045,0.034009,-0.020788,0.00088,0.001015
0,0.143609,-0.155414,0.064009,-0.126639,0.03761,-0.12224,0.002506,0.002712
0,-0.044943,-0.089343,-0.196072,0.046416,-0.244556,0.047025,0.000784,0.001559
0,-0.011177,-0.039609,0.053236,0.025184,0.073862,0.060415,0.000195,0.000691
0,-0.011432,-0.05107,0.027051,-0.012856,0.074735,0.003099,0.0002,0.000891
0,-0.036259,0.035759,-0.0436,0.109544,-0.083109,0.126371,0.000633,0.000624
0,-0.083577,0.063727,-0.020666,0.01281,0.025011,0.050471,0.001459,0.001112
0,0.028502,0.152138,0.118582,0.102443,0.162602,0.101603,0.000497,0.002655
0,0.068775,0.121278,0.051705,-0.049172,0.040618,-0.056515,0.0012,0.002117
0,0.071729,0.120035,-0.01263,0.014711,-0.041027,-0.006625,0.001252,0.002095
0,0.047263,-0.09701,-0.029925,-0.234495,-0.052798,-0.187168,0.000825,0.001693
0,-0.09354,0.115652,-0.113197,0.231882,-0.123877,0.223869,0.001633,0.002019
0,0.041488,-0.085976,0.161423,-0.174771,0.117637,-0.218475,0.000724,0.001501
0,0.115512,0.070065,0.097185,0.131906,0.082617,0.148511,0.002016,0.001223
0,0.034144,0.089921,-0.05691,0.019246,-0.040894,0.063421,0.000596,0.001569
0,-0.186799,0.09863,-0.245419,0.0166,-0.269821,0.05072,0.00326,0.001721
0,-0.017623,-0.035275,0.142875,-0.162562,0.124003,-0.12012,0.000308,0.000616
0,-0.072384,-0.081666,-0.062831,-0.058613,-0.061175,-0.05747,0.001263,0.001425
0,-0.17742,-0.050543,-0.092891,0.041056,-0.067273,0.002739,0.003097,0.000882
0,0.00464,0.046088,0.153201,0.122644,0.106857,0.091081,8.1e-05,0.000804
0,-0.098569,0.09728,-0.103529,0.078897,-0.092109,0.070412,0.00172,0.001698
0,0.097946,0.050148,0.22397,-0.031517,0.248144,-0.024672,0.001709,0.000875
0,0.204928,-0.042427,0.12977,-0.12038,0.092666,-0.103111,0.003577,0.00074
0,-0.036414,0.063238,-0.232286,0.112648,-0.212967,0.095504,0.000636,0.001104
0,0.058883,0.042319,0.116223,-0.037151,0.092001,-0.028394,0.001028,0.000739
0,0.130764,0.087096,0.074153,0.042379,0.054372,-0.00391,0.002282,0.00152
0,0.247989,0.092409,0.096306,-0.008451,0.119003,0.038147,0.004328,0.001613
0,0.199185,-0.098965,-0.070569,-0.208354,-0.038868,-0.200033,0.003476,0.001727
0,0.031159,-0.008732,-0.170837,0.063705,-0.160613,0.097232,0.000544,0.000152
0,0.124171,0.096907,0.066619,0.093421,0.095507,0.108706,0.002167,0.001691
0,1.465711,1.51717,1.371223,1.448584,1.41158,1.417027,0.002078,0.002976
0,1.8899,2.540948,0.408844,1.03197,0.370263,1.067966,0.00227,0.002659
0,2.194017,2.693693,0.286843,0.161121,0.330854,0.176089,0.003038,7e-06
0,1.879608,2.074241,-0.310247,-0.616491,-0.267203,-0.633749,0.00245,0.000947
0,1.481724,2.026872,-0.395321,-0.072048,-0.419694,-0.023401,0.002358,0.00012
0,1.222975,1.565872,-0.246292,-0.448251,-0.260862,-0.45032,0.002158,0.003826
0,1.290064,1.066574,0.041268,-0.522843,0.052154,-0.509336,0.000988,0.004888
0,0.667325,0.842724,-0.623253,-0.234598,-0.642042,-0.226064,0.000105,0.002957
0,0.366038,0.64939,-0.330402,-0.187449,-0.350456,-0.187558,0.005363,0.000418
0,0.191982,0.305607,-0.17251,-0.369917,-0.177922,-0.343803,0.003351,0.005334
0,0.169736,0.228237,-0.004217,-0.058689,-0.050127,-0.08899,0.002962,0.003983
0,-0.132538,-0.04337,-0.326546,-0.277402,-0.333552,-0.310469,0.002313,0.000757
0,-0.091496,-0.178416,0.06525,-0.129914,0.087339,-0.149621,0.001597,0.003114
0,0.070087,-0.268482,0.14481,-0.066098,0.141305,-0.087935,0.001223,0.004686
0,-0.064513,-0.243377,-0.106783,0.000631,-0.156453,-0.010793,0.001126,0.004248
0,0.003593,-0.293448,0.046627,-0.062469,0.020814,-0.020795,6.3e-05,0.005122
0,-0.276082,-0.330069,-0.279898,-0.047132,-0.318782,-0.044402,0.004819,0.005761
0,-0.314133,-0.206418,-0.035147,0.14152,-0.024494,0.124384,0.005483,0.003603
0,-0.304686,-0.466363,0.028322,-0.287869,0.009945,-0.336343,0.005318,0.003612
0,-0.061963,-0.134419,0.262548,0.330197,0.298778,0.321806,0.001081,0.002346
0,-0.214733,-0.172357,-0.161494,-0.040103,-0.179547,-0.083384,0.003748,0.003008
0,-0.098499,-0.17173,0.091916,0.024384,0.043429,0.003463,0.001719,0.002997
0,-0.183758,-0.258542,-0.096034,-0.067223,-0.053155,-0.084602,0.003207,0.004512
0,-0.290376,-0.114404,-0.087153,0.166944,-0.054328,0.201178,0.005068,0.001997
0,-0.24896,-0.12457,0.061163,-0.026427,0.022406,-0.03109,0.004345,0.002174
0,-0.197832,-0.008544,0.049226,0.103991,0.00988,0.150163,0.003453,0.000149
0,-0.236733,-0.218495,-0.047804,-0.224771,-0.005425,-0.194801,0.004132,0.003813
0,-0.076122,-0.217876,0.181487,-0.029083,0.163351,-0.000806,0.001329,0.003803
0,-0.073689,-0.066548,-0.015569,0.127444,-0.047207,0.083612,0.001286,0.001161
0,-0.094908,0.008949,-0.012595,0.058758,-0.056531,0.042802,0.001656,0.000156
0,-0.037939,-0.029208,0.065483,-0.01171,0.105571,0.003258,0.000662,0.00051
0,-0.162633,-0.11715,-0.120593,-0.108541,-0.086811,-0.0792,0.002838,0.002045
0,-0.31264,-0.187295,-0.130217,-0.080732,-0.120317,-0.066214,0.005457,0.003269
0,-0.067791,-0.059792,0.259513,0.098563,0.271395,0.101671,0.001183,0.001044
0,-0.034534,-0.229219,0.05407,-0.152075,0.064555,-0.148161,0.000603,0.004001
0,-0.079269,-0.017526,-0.027335,0.219544,0.012635,0.219189,0.001384,0.000306
0,-0.05741,-0.007809,0.007184,-0.014848,0.044884,0.025024,0.001002,0.000136
0,-0.033227,-0.125173,0.002962,-0.103531,-0.031801,-0.093977,0.00058,0.002185
0,-0.170774,-0.20589,-0.128167,-0.06277,-0.130679,-0.036878,0.002981,0.003593
0,-0.040164,-0.058315,0.123686,0.123813,0.120622,0.152587,0.000701,0.001018
0,-0.072373,-0.171148,-0.018324,-0.099684,0.017194,-0.123908,0.001263,0.002987
0,0.002044,-0.161409,0.059914,0.014268,0.093483,0.040905,3.6e-05,0.002817
0,-0.228161,0.000547,-0.220998,0.137957,-0.264964,0.138669,0.003982,1e-05
0,-0.268303,-0.151901,-0.064609,-0.138667,-0.101402,-0.132031,0.004683,0.002651
0,-0.029473,0.065032,0.249516,0.195295,0.209741,0.223627,0.000514,0.001135
0,-0.130361,0.033269,-0.103337,-0.035907,-0.142238,-0.054814,0.002275,0.000581
0,-0.154785,-0.042835,-0.030577,-0.100768,-0.003003,-0.117677,0.002702,0.000748
0,-0.156595,-0.121565,-0.029677,-0.090116,-0.069887,-0.060095,0.002733,0.002122
0,-0.106459,0.036207,0.050032,0.137792,0.076715,0.1385,0.001858,0.000632
0,-0.03366,-0.134397,0.077539,-0.156216,0.092846,-0.168386,0.000587,0.002346
0,-0.166712,-0.196867,-0.136294,-0.063502,-0.14542,-0.062124,0.00291,0.003436
0,-0.027115,-0.118372,0.123852,0.052333,0.173741,0.086641,0.000473,0.002066
0,-0.077444,-0.082335,-0.053272,0.055628,-0.057272,0.045427,0.001352,0.001437
0,-0.112699,0.020945,-0.040279,0.083078,-0.081227,0.068744,0.001967,0.000366
0,-0.145339,0.048533,-0.006466,-0.000485,-0.05646,-0.048614,0.002537,0.000847
0,-0.12499,-0.151586,0.038699,-0.199319,0.05734,-0.195738,0.002181,0.002646
0,-0.042942,-0.154428,0.091639,-0.015062,0.102018,-0.018009,0.000749,0.002695
0,-0.046033,-0.168847,-0.004433,-0.018805,-0.023855,-0.010276,0.000803,0.002947
0,-0.039414,-0.239502,-0.006606,-0.045378,0.041613,-0.046932,0.000688,0.00418
0,-0.117319,-0.065207,-0.069149,0.181322,-0.112094,0.143093,0.002048,0.001138
0,-0.031459,-0.009203,0.06051,0.078149,0.024799,0.106288,0.000549,0.000161
0,0.113491,-0.104439,0.135414,-0.122348,0.104712,-0.155267,0.001981,0.001823
0,0.026983,-0.087674,-0.059319,0.007503,-0.079874,0.013426,0.000471,0.00153
0,-0.083962,0.026953,-0.126312,0.128017,-0.140298,0.104145,0.001465,0.00047
0,-0.120101,0.04611,-0.059537,0.002692,-0.054541,-0.030916,0.002096,0.000805
0,-0.161267,-0.114617,-0.064878,-0.152245,-0.108495,-0.133235,0.002815,0.002
0,0.059834,-0.116276,0.195599,-0.009558,0.179357,0.021769,0.001044,0.002029
0,0.017904,-0.039653,-0.030226,0.057148,0.006012,0.089734,0.000312,0.000692
0,-0.094911,0.084439,-0.101586,0.123822,-0.11774,0.155262,0.001657,0.001474
0,-0.173347,-0.042256,-0.055307,-0.133979,-0.061923,-0.107748,0.003025,0.000738
0,0.102605,-0.12281,0.248789,-0.107678,0.270282,-0.112885,0.001791,0.002143
0,0.019662,0.029482,-0.102977,0.150117,-0.104203,0.15621,0.000343,0.000515
0,0.049875,0.036393,0.036095,-0.019261,0.059225,0.022234,0.00087,0.000635
0,-0.101487,-0.152928,-0.126907,-0.188468,-0.116584,-0.209718,0.001771,0.002669
0,-0.031186,0.069852,0.044744,0.224685,0.069603,0.270728,0.000544,0.001219
0,0.191325,-0.007998,0.215581,-0.09464,0.186577,-0.046176,0.003339,0.00014
0,0.026872,0.095723,-0.168651,0.096988,-0.187723,0.073709,0.000469,0.001671
0,0.189389,-0.027382,0.154803,-0.129993,0.126582,-0.175875,0.003305,0.000478
0,0.118897,0.003579,-0.068244,0.051031,-0.037711,0.023438,0.002075,6.2e-05
0,-0.069736,-0.195052,-0.203492,-0.204934,-0.154849,-0.185475,0.001217,0.003404
0,0.12506,-0.076208,0.1827,0.118849,0.188327,0.148892,0.002183,0.00133
0,0.095197,-0.012055,-0.036366,0.041213,-0.053789,0.042724,0.001661,0.00021
0,-0.074548,-0.173932,-0.16165,-0.169577,-0.122251,-0.201528,0.001301,0.003036
0,0.02562,-0.157699,0.087085,0.029768,0.105764,0.047,0.000447,0.002752
0,0.024788,-0.08531,0.01205,0.07661,-0.034929,0.046008,0.000433,0.001489
0,-0.140934,-0.074135,-0.192259,-0.003333,-0.17951,0.012904,0.00246,0.001294
0,-0.195119,-0.056775,-0.071525,0.000862,-0.030396,0.021924,0.003405,0.000991
0,-0.148244,0.020756,0.064711,0.077814,0.105773,0.091368,0.002587,0.000362
0,-0.18788,-0.077206,-0.023979,-0.070548,-0.064843,-0.047355,0.003279,0.001348
0,-0.24967,0.032279,-0.071336,0.122048,-0.101903,0.074732,0.004358,0.000563
0,-0.066006,-0.095039,0.167251,-0.141439,0.145351,-0.132667,0.001152,0.001659
0,-0.193827,0.087233,-0.10342,0.208248,-0.118817,0.192451,0.003383,0.001522
0,0.041319,-0.125109,0.261822,-0.228037,0.306277,-0.244542,0.000721,0.002184
0,0.103035,0.047037,0.090451,0.156837,0.091404,0.161323,0.001798,0.000821
0,0.163732,-0.027562,0.08672,-0.068807,0.060374,-0.023447,0.002858,0.000481
0,0.131339,-0.185275,-0.054618,-0.160025,-0.076187,-0.184899,0.002292,0.003234
0,0.131059,-0.192726,-0.01616,-0.012305,-0.030188,0.02444,0.002287,0.003364
0,0.00115,0.039449,-0.113436,0.253785,-0.127219,0.278882,2e-05,0.000689
0,-0.091214,-0.000285,-0.068698,-0.048579,-0.088052,-0.081921,0.001592,5e-06
0,0.005565,-0.104039,0.120826,-0.080167,0.123447,-0.046239,9.7e-05,0.001816
0,0.172923,-0.032399,0.160307,0.094432,0.119028,0.142649,0.003018,0.000565
0,0.091201,0.04028,-0.110876,0.048291,-0.076639,0.076782,0.001592,0.000703
0,-0.149572,-0.098488,-0.240027,-0.109077,-0.202371,-0.108303,0.002611,0.001719
0,-0.170092,0.112683,-0.012817,0.223604,0.002542,0.209006,0.002969,0.001967
0,-0.140861,-0.021848,0.012574,-0.135098,0.035377,-0.14305,0.002458,0.000381
0,0.018925,-0.138619,0.151942,-0.141479,0.124187,-0.153456,0.00033,0.002419
0,-0.018598,0.032257,-0.056865,0.161673,-0.080259,0.194569,0.000325,0.000563
0,0.021158,0.09134,0.011556,0.039629,0.030313,0.061306,0.000369,0.001594
0,-0.223823,-0.059114,-0.259782,-0.12809,-0.2366,-0.125231,0.003906,0.001032
0,-0.101692,0.11308,0.126777,0.14503,0.151359,0.175253,0.001775,0.001974
0,-0.209165,-0.099843,-0.086984,-0.185496,-0.06654,-0.202934,0.003651,0.001743
0,-0.155058,-0.064833,0.074857,0.059376,0.079739,0.106699,0.002706,0.001132
0,-0.036621,-0.008125,0.141988,0.054063,0.121337,0.081091,0.000639,0.000142
0,-0.305339,0.140393,-0.295486,0.131322,-0.279973,0.123523,0.005329,0.00245
0,-0.063822,0.148159,0.250189,0.008011,0.292675,-0.020206,0.001114,0.002586
0,-0.05064,0.168179,0.023624,-0.006179,0.038576,0.017247,0.000884,0.002935
0,-0.249062,-0.00548,-0.227655,-0.184039,-0.230244,-0.178188,0.004347,9.6e-05
0,-0.203506,-0.025604,0.07374,-0.027657,0.089077,-0.064222,0.003552,0.000447
0,-0.234002,0.002676,-0.003531,0.007005,0.041025,-0.006816,0.004084,4.7e-05
0,-0.11671,0.100207,0.099005,0.094041,0.06878,0.081099,0.002037,0.001749
0,-0.123178,0.209485,-0.010925,0.114059,-0.023862,0.154381,0.00215,0.003656
0,0.062416,0.108885,0.189089,-0.103074,0.16838,-0.085032,0.001089,0.0019
0,-0.04449,0.177202,-0.09916,0.09821,-0.060626,0.126585,0.000777,0.003093
0,-0.070956,0.037305,-0.023951,-0.127693,-0.018131,-0.17145,0.001238,0.000651
0,0.059348,0.258713,0.160145,0.238558,0.182336,0.204877,0.001036,0.004515
0,-0.06753,0.025078,-0.130088,-0.249582,-0.115505,-0.267861,0.001179,0.000438
0,-0.031184,0.179191,0.025455,0.172462,-0.000476,0.178267,0.000544,0.003127
0,0.028297,-0.002121,0.075864,-0.180258,0.029917,-0.146445,0.000494,3.7e-05
0,-0.159341,-0.019779,-0.216586,-0.021021,-0.20436,-0.030712,0.002781,0.000345
0,-0.054728,0.215168,0.077731,0.252592,0.06505,0.239214,0.000955,0.003755
0,-0.133773,0.172872,-0.108416,-0.028097,-0.144104,-0.022311,0.002335,0.003017
0,-0.222621,0.236571,-0.102367,0.05594,-0.084287,0.036409,0.003885,0.004129
0,-0.046316,0.034948,0.164933,-0.211493,0.157128,-0.19861,0.000808,0.00061
0,-0.198313,0.098736,-0.161849,0.064629,-0.138315,0.067851,0.003461,0.001723
0,-0.196259,0.013587,0.015185,-0.064109,0.007614,-0.025209,0.003425,0.000237
0,-0.204363,-0.032634,0.017504,-0.071663,-0.017897,-0.055072,0.003567,0.00057
0,-0.132495,0.057161,0.097273,0.106344,0.050684,0.143798,0.002312,0.000998
0,-0.272451,0.03199,-0.156762,-0.031899,-0.167409,-0.024791,0.004755,0.000558
0,0.038746,0.106025,0.340248,0.069886,0.294704,0.092515,0.000676,0.00185
0,-0.157609,0.023148,-0.218467,-0.056402,-0.191569,-0.061686,0.002751,0.000404
0,0.060509,-0.018267,0.193663,-0.049039,0.16956,-0.01243,0.001056,0.000319
0,-0.122336,0.110868,-0.170052,0.107638,-0.182626,0.117776,0.002135,0.001935
0,-0.121766,-0.082269,0.030206,-0.198233,0.003334,-0.230158,0.002125,0.001436
0,-0.167458,0.123133,-0.030636,0.218886,-0.074946,0.241047,0.002923,0.002149
0,0.029912,0.180966,0.192627,0.083889,0.201099,0.116798,0.000522,0.003158
0,-0.106965,0.108795,-0.114133,-0.043416,-0.131276,-0.042424,0.001867,0.001899
0,0.008406,-0.016857,0.106694,-0.103723,0.090543,-0.153254,0.000147,0.000294
0,-0.013705,0.01759,-0.027333,0.06146,0.017919,0.064486,0.000239,0.000307
0,0.097351,-0.063295,0.106964,-0.09337,0.081722,-0.086623,0.001699,0.001105
0,-0.002228,0.012845,-0.096785,0.093011,-0.048818,0.119008,3.9e-05,0.000224
0,0.047911,0.115471,0.032339,0.104852,0.075413,0.086615,0.000836,0.002015
0,-0.069019,0.026661,-0.119993,-0.114759,-0.113759,-0.082662,0.001205,0.000465
0,-0.048161,0.153165,0.023203,0.11185,0.015827,0.101587,0.000841,0.002673
0,-0.08087,0.153913,-0.030766,-0.007558,-0.075075,-0.008076,0.001411,0.002686
0,0.086285,-0.017831,0.183727,-0.181233,0.205545,-0.157868,0.001506,0.000311
0,-0.185413,0.11346,-0.244335,0.150402,-0.241342,0.171078,0.003236,0.00198
0,-0.186177,-0.036495,-0.000456,-0.150939,0.030719,-0.107394,0.003249,0.000637
0,-0.130806,-0.162242,0.05602,-0.108772,0.038206,-0.076905,0.002283,0.002832
0,-0.189685,-0.11538,-0.081423,0.04168,-0.044829,-0.005563,0.003311,0.002014
0,0.048384,0.111988,0.222879,0.197505,0.240183,0.169622,0.000844,0.001955
0,0.041113,-0.155462,-0.005239,-0.289778,-0.011419,-0.331986,0.000718,0.002713
0,-0.046692,-0.147338,-0.085377,0.038116,-0.110676,0.001616,0.000815,0.002572
0,-0.123929,0.064518,-0.052329,0.237625,-0.006245,0.238579,0.002163,0.001126
0,-0.021086,0.135056,0.121925,0.040702,0.165274,0.076264,0.000368,0.002357
0,0.131884,0.113774,0.17444,-0.033195,0.146147,-0.033454,0.002302,0.001986
0,0.111233,0.082651,-0.022964,-0.054566,-0.036413,-0.059126,0.001941,0.001443
0,0.094378,-0.107172,-0.017417,-0.1604,-0.046652,-0.158904,0.001647,0.001871
0,-0.14096,-0.068416,-0.247961,0.011234,-0.255617,-0.033248,0.00246,0.001194
0,-0.097841,0.110697,0.065205,0.15327,0.040358,0.112234,0.001708,0.001932
0,-0.029171,0.017043,0.039952,-0.077188,-0.006225,-0.073931,0.000509,0.000297
0,-0.054247,0.103207,-0.007454,0.073002,-0.051655,0.057253,0.000947,0.001801
0,-0.141264,0.076706,-0.072947,-0.031471,-0.108559,-0.069821,0.002466,0.001339
0,0.041294,-0.065646,0.169687,-0.116645,0.212513,-0.148998,0.000721,0.001146
0,-0.12979,0.067424,-0.147231,0.134878,-0.154228,0.089018,0.002265,0.001177
0,-0.135144,-0.012398,-0.019162,-0.051381,-0.039897,-0.029057,0.002359,0.000216
0,-0.093804,-0.007111,0.019323,0.012193,-0.011201,0.004161,0.001637,0.000124
0,-0.186619,0.119295,-0.106305,0.115133,-0.108489,0.065222,0.003257,0.002082
0,-0.066993,-0.034683,0.091429,-0.160146,0.094935,-0.136049,0.001169,0.000605
0,-0.141412,0.054731,-0.061778,0.110187,-0.041242,0.093647,0.002468,0.000955
0,0.046496,-0.095951,0.185784,-0.163855,0.200423,-0.138912,0.000812,0.001675
0,-0.094769,0.14082,-0.145606,0.248007,-0.194042,0.268821,0.001654,0.002458
0,-0.241356,0.122527,-0.154764,-0.02204,-0.112997,-0.046883,0.004212,0.002139
0,-0.255348,0.079769,0.012693,-0.066197,0.031541,-0.053727,0.004457,0.001392
0,0.039094,0.033219,0.31742,-0.064559,0.362495,-0.076196,0.000682,0.00058
0,-0.003218,0.037494,-0.015242,0.023303,0.015778,0.033197,5.6e-05,0.000654
0,-0.052502,0.079688,-0.05614,0.041194,-0.034018,0.012554,0.000916,0.001391
0,-0.041743,0.091948,0.029105,0.040545,0.078866,0.054172,0.000729,0.001605
0,-0.209944,-0.00683,-0.141741,-0.069145,-0.13001,-0.038987,0.003664,0.000119
0,-0.149073,0.116627,0.07844,0.100245,0.093682,0.099889,0.002602,0.002036
0,-0.068635,0.092883,0.09304,-0.044158,0.05731,-0.017124,0.001198,0.001621
0,-0.200288,0.047892,-0.160727,-0.027236,-0.114974,-0.071474,0.003496,0.000836
0,-0.176162,0.014009,-0.002227,-0.011094,0.03658,0.01453,0.003075,0.000245
0,-0.126828,-0.087374,0.040268,-0.098149,0.065586,-0.125411,0.002214,0.001525
0,0.101117,0.168176,0.208069,0.251527,0.215212,0.291903,0.001765,0.002935
0,-0.10738,0.07199,-0.230408,-0.106504,-0.192607,-0.105836,0.001874,0.001256
0,0.004882,0.004793,0.083234,-0.090733,0.08181,-0.058972,8.5e-05,8.4e-05
0,-0.103366,-0.023758,-0.081325,-0.034697,-0.127395,-0.061178,0.001804,0.000415
0,-0.066329,0.022117,0.038356,0.024706,-0.001194,0.041603,0.001158,0.000386
0,0.184413,0.075143,0.232946,0.067818,0.212928,0.082112,0.003219,0.001311
0,0.81449,-0.133249,0.64603,-0.182062,0.690637,-0.191628,0.002464,0.002326
0,2.165815,-0.064394,1.338961,0.067604,1.314028,0.096525,0.002546,0.001124
0,2.986005,-0.322764,0.825435,-0.241715,0.874542,-0.255892,0.005109,0.005633
0,2.256068,-0.429803,-0.755254,-0.130434,-0.714747,-0.081733,0.004121,0.00425
0,2.36929,-0.418028,0.118994,-0.004088,0.145841,0.013131,0.005655,0.004456
0,-0.264709,-1.713492,-2.643584,-1.283953,-2.666796,-1.2786,0.00462,0.005349
0,-0.890748,-2.05941,-0.62382,-0.321738,-0.615127,-0.274758,0.003795,0.000688
0,-2.026717,-2.673083,-1.124845,-0.584,-1.101424,-0.609367,0.000118,0.000353
0,-1.918789,-2.255593,0.087164,0.412128,0.133651,0.446756,0.001766,0.004112
0,-1.960628,-2.232015,-0.043812,-0.005483,-0.016286,-0.023982,0.001036,0.003701
0,-1.76431,-1.5422,0.181888,0.67225,0.21033,0.667288,0.004462,0.003413
0,-1.109089,-1.31688,0.680247,0.253898,0.718691,0.269641,0.004146,0.00052
0,-0.553507,-0.670842,0.569718,0.643355,0.595478,0.621482,0.002091,4.3e-05
0,-0.463069,-0.434536,0.097059,0.255089,0.052462,0.219659,0.00367,0.004168
0,-0.116086,-0.16843,0.357206,0.26249,0.379327,0.280537,0.002026,0.00294
0,0.036962,-0.088227,0.134611,0.077262,0.145884,0.113249,0.000645,0.00154
0,0.12406,0.071244,0.104616,0.148063,0.105787,0.108072,0.002165,0.001243
0,0.194558,0.115916,0.077597,0.060289,0.056889,0.016154,0.003396,0.002023
0,0.210993,0.193988,-0.007218,0.096051,-0.019949,0.04972,0.003683,0.003386
0,0.36285,0.046889,0.143506,-0.118892,0.129254,-0.07405,0.005419,0.000818
0,0.438039,0.201109,0.060702,0.175099,0.053627,0.125465,0.004106,0.00351
0,0.298313,0.256487,-0.149313,0.066796,-0.164868,0.110198,0.005207,0.004477
0,0.251378,0.209005,-0.039936,-0.048714,-0.060779,-0.079362,0.004387,0.003648
0,0.186332,0.190819,-0.035174,-0.009813,0.009901,-0.008232,0.003252,0.00333
0,0.117091,0.085749,-0.076168,-0.112774,-0.111218,-0.146779,0.002044,0.001497
0,0.219729,0.156266,0.116938,0.081818,0.156618,0.084195,0.003835,0.002727
0,1.384409,0.164263,1.163805,0.00555,1.2065,-0.025487,0.000659,0.002867
0,4.525997,0.136135,3.13404,-0.045065,3.155049,-0.009878,0.003268,0.002376
0,4.172971,0.333346,-0.356277,0.182342,-0.343572,0.178079,0.002322,0.005818
0,4.547036,0.181287,0.369683,-0.153958,0.419675,-0.149811,0.002901,0.003164
0,3.377191,0.356961,-1.170931,0.160325,-1.150187,0.189354,0.000185,0.005522
0,3.348538,0.229808,0.000292,-0.099532,0.001438,-0.122709,0.000315,0.004011
0,2.49545,0.246521,-0.833411,0.030074,-0.872941,0.03366,0.003453,0.004303
0,1.794551,-0.023534,-0.717432,-0.273666,-0.735226,-0.318231,0.003934,0.000411
0,1.530267,0.052177,-0.243006,0.049225,-0.253117,0.032016,0.003205,0.000911
0,0.718289,0.255159,-0.787831,0.225787,-0.765281,0.195443,0.000785,0.004453
0,-0.139882,0.256997,-0.837464,0.019254,-0.870261,0.051781,0.002441,0.004485
0,-0.557395,0.079435,-0.414001,-0.16388,-0.407753,-0.118351,0.002023,0.001386
0,-0.611639,0.185455,-0.078231,0.10749,-0.047871,0.111943,0.001077,0.003237
0,-0.493216,0.180662,0.123473,0.005052,0.11048,0.044649,0.003143,0.003153
0,-0.419644,0.224398,0.063852,0.035738,0.079699,0.074716,0.004428,0.003916
0,-0.610616,0.136985,-0.169927,-0.073901,-0.207719,-0.095492,0.001094,0.002391
0,-0.38552,0.181032,0.252539,0.054272,0.276935,0.015466,0.005023,0.00316
0,-0.056899,0.192839,0.346605,-0.005541,0.323231,-0.040945,0.000993,0.003366
0,-0.019575,0.219298,0.029248,0.020824,0.078063,0.012994,0.000342,0.003827
0,-0.137832,0.159203,-0.141274,-0.075416,-0.132136,-0.077891,0.002406,0.002779
0,0.024589,0.226312,0.181099,0.053912,0.137087,0.100029,0.000429,0.00395
0,0.203762,-0.029141,0.187778,-0.269773,0.186729,-0.310329,0.003556,0.000509
0,0.185256,0.003871,-0.004221,0.049956,-0.051966,0.017168,0.003233,6.8e-05
0,0.126215,0.111394,-0.050809,0.114128,-0.061616,0.08348,0.002203,0.001944
0,0.204462,0.060979,0.064398,-0.077964,0.095675,-0.125061,0.003569,0.001064
0,0.123271,0.050849,-0.05165,0.006479,-0.019915,0.01992,0.002151,0.000887
0,0.12469,0.073614,0.008794,-0.002747,0.002013,0.034847,0.002176,0.001285
0,0.185914,0.077498,0.0765,-0.002201,0.097809,0.013058,0.003245,0.001353
0,0.089692,0.234006,-0.098406,0.183201,-0.13471,0.185723,0.001565,0.004084
0,-0.01671,0.00808,-0.080252,-0.247426,-0.100628,-0.225835,0.000292,0.000141
0,0.063566,0.249943,0.075972,0.268567,0.069427,0.306523,0.001109,0.004362
0,-0.067711,0.294196,-0.122765,0.042559,-0.105772,0.076228,0.001182,0.005135
0,0.136715,0.120858,0.204139,-0.176734,0.249679,-0.193249,0.002386,0.002109
0,0.071089,0.136863,-0.089337,0.026417,-0.048468,0.031568,0.001241,0.002389
0,0.088971,0.035016,0.006177,-0.109013,0.018526,-0.15752,0.001553,0.000611
0,0.041768,0.079657,-0.042726,0.070093,-0.039558,0.082485,0.000729,0.00139
0,0.170932,0.063061,0.15404,-0.04193,0.119256,-0.021163,0.002983,0.001101
0,0.080795,0.207048,-0.108895,0.160234,-0.07702,0.202187,0.00141,0.003614
0,0.145319,0.214684,0.05226,0.006148,0.039031,0.001839,0.002536,0.003747
0,0.076333,0.144898,-0.066024,-0.092384,-0.048205,-0.072347,0.001332,0.002529
0,0.136646,0.031459,0.040095,-0.117491,-0.005707,-0.162995,0.002385,0.000549
0,-0.158197,0.1655,-0.290638,0.155079,-0.304167,0.105304,0.002761,0.002889
0,0.112646,0.015831,0.294564,-0.150501,0.258554,-0.163203,0.001966,0.000276
0,-0.168014,0.229229,-0.258256,0.242694,-0.243039,0.213162,0.002932,0.004001
0,-0.051672,0.224336,0.14432,-0.02119,0.163408,-0.032062,0.000902,0.003915
0,0.051434,0.058331,0.126296,-0.155253,0.168592,-0.125477,0.000898,0.001018
0,-0.054854,0.139882,-0.112461,0.1018,-0.118728,0.108841,0.000957,0.002441
0,0.175343,0.190746,0.252762,0.06536,0.262353,0.037562,0.00306,0.003329
0,0.026527,0.004374,-0.12433,-0.199661,-0.087494,-0.207763,0.000463,7.6e-05
0,-0.071814,0.072039,-0.127893,0.059713,-0.17342,0.101173,0.001253,0.001257
0,-0.230352,0.241407,-0.146987,0.179718,-0.13785,0.211618,0.00402,0.004213
0,-0.265179,0.010646,-0.044825,-0.226409,-0.021828,-0.230379,0.004628,0.000186
0,0.006149,-0.041044,0.289421,-0.065223,0.273874,-0.020256,0.000107,0.000716
0,0.00441,-0.060395,-0.023221,-0.006874,-0.021004,0.001239,7.7e-05,0.001054
0,0.000593,0.208596,0.012642,0.242251,0.016466,0.233514,1e-05,0.003641
0,0.008123,-0.048804,0.019864,-0.260791,0.007525,-0.276547,0.000142,0.000852
0,-0.291345,0.121627,-0.274625,0.165701,-0.291179,0.154646,0.005085,0.002123
0,-0.299981,0.099869,0.013192,-0.004461,-0.016541,-0.048647,0.005236,0.001743
0,-0.206987,0.159533,0.088777,0.06453,0.108878,0.036168,0.003613,0.002784
0,-0.177645,0.022226,0.030794,-0.164167,0.002724,-0.12987,0.0031,0.000388
0,-0.110496,0.176446,0.093445,0.163015,0.100971,0.166766,0.001929,0.00308
0,0.028483,0.10006,0.155579,-0.065989,0.109186,-0.04478,0.000497,0.001746
0,0.002317,0.17138,-0.014782,0.055815,-0.005253,0.061493,4e-05,0.002991
0,-0.237472,0.002365,-0.26296,-0.175308,-0.237301,-0.197205,0.004145,4.1e-05
0,0.095289,0.084437,0.30643,0.071301,0.275898,0.043303,0.001663,0.001474
0,0.135109,-0.04059,0.03327,-0.14233,-0.010796,-0.099359,0.002358,0.000708
0,-0.027014,0.121303,-0.183643,0.171772,-0.177973,0.18567,0.000471,0.002117
0,0.210408,-0.099157,0.252202,-0.204703,0.224402,-0.171326,0.003672,0.001731
0,0.00832,-0.061236,-0.208943,0.034718,-0.2204,0.028301,0.000145,0.001069
0,0.040335,0.04478,0.042655,0.089104,-0.000621,0.130262,0.000704,0.000782
0,0.16057,0.109706,0.140279,0.087526,0.115431,0.135857,0.002802,0.001915
0,0.037948,0.09907,-0.113119,0.015286,-0.081511,0.004467,0.000662,0.001729
0,0.148223,-0.04573,0.096945,-0.173181,0.101443,-0.205933,0.002587,0.000798
0,0.032346,0.076927,-0.131302,0.12351,-0.110117,0.145784,0.000565,0.001343
0,0.168413,-0.004683,0.128508,-0.082694,0.156268,-0.059548,0.002939,8.2e-05
0,-0.084485,-0.00561,-0.257476,-0.01577,-0.233252,0.032016,0.001475,9.8e-05
0,-0.03539,0.038573,0.037603,0.070236,0.012146,0.067578,0.000618,0.000673
0,0.008917,-0.033076,0.02403,-0.077837,0.05441,-0.09357,0.000156,0.000577
0,0.00518,0.060393,-0.00926,0.1132,0.027442,0.150656,9e-05,0.001054
0,-0.07411,0.093358,-0.0914,0.046751,-0.080295,0.032786,0.001293,0.001629
0,-0.005935,-0.088214,0.041357,-0.208447,-0.003168,-0.163091,0.000104,0.00154
0,-0.121763,-0.077772,-0.135564,-0.018635,-0.145642,0.003117,0.002125,0.001357
0,-0.108632,-0.121578,-0.010579,-0.036698,-0.02452,-0.002223,0.001896,0.002122
0,-0.035644,0.028988,0.047936,0.143852,0.053747,0.10361,0.000622,0.000506
0,-0.153951,-0.129325,-0.140132,-0.156408,-0.092434,-0.112281,0.002687,0.002257
0,0.041144,0.114328,0.170553,0.2433,0.147068,0.267511,0.000718,0.001995
0,-0.110265,0.147518,-0.16208,0.009247,-0.155525,-0.038672,0.001924,0.002575
0,0.049597,0.048067,0.1717,-0.103984,0.159796,-0.148235,0.000866,0.000839
0,-0.023719,-0.121123,-0.044055,-0.15047,-0.002337,-0.137585,0.000414,0.002114
0,0.07128,0.144126,0.07481,0.267348,0.030239,0.262922,0.001244,0.002515
0,0.103924,-0.058638,0.009695,-0.20773,0.02412,-0.160214,0.001814,0.001023
0,-0.101006,0.044017,-0.201006,0.128591,-0.210545,0.160755,0.001763,0.000768
0,-0.03702,-0.005928,0.053152,-0.047124,0.082289,-0.057618,0.000646,0.000103
0,-0.129341,-0.050021,-0.114712,-0.049459,-0.151346,-0.024461,0.002257,0.000873
0,-0.116456,-0.128451,0.000127,-0.07444,-0.024535,-0.090069,0.002033,0.002242
0,-0.09167,-0.071776,0.024312,0.072327,0.062247,0.08151,0.0016,0.001253
0,-0.022941,-0.040615,0.048695,0.01399,0.032161,-0.028587,0.0004,0.000709
0,-0.098911,-0.138116,-0.078269,-0.093728,-0.116971,-0.117475,0.001726,0.002411
0,-0.045351,0.079479,0.071724,0.232528,0.070627,0.209069,0.000792,0.001387
0,-0.041314,-0.066285,-0.024805,-0.160908,-0.067434,-0.209302,0.000721,0.001157
0,-0.073935,-0.000664,-0.003179,0.073186,0.037625,0.026157,0.00129,1.2e-05
0,-0.030765,-0.110548,0.016708,-0.125447,0.050367,-0.127163,0.000537,0.001929
0,0.050562,-0.082295,0.097235,0.017267,0.131044,-0.006127,0.000882,0.001436
0,0.117379,-0.056061,0.036843,0.042106,0.058005,0.046381,0.002049,0.000978
0,0.087412,-0.00652,-0.022268,0.077474,-0.05896,0.050887,0.001526,0.000114
0,-0.031613,-0.042976,-0.116163,-0.019014,-0.158971,0.001282,0.000552,0.00075
0,0.02984,-0.03058,0.035623,0.009909,-0.002209,-0.020023,0.000521,0.000534
0,0.034521,-0.141782,-0.023108,-0.097921,-0.014387,-0.137003,0.000603,0.002475
0,0.15997,-0.035827,0.130145,0.120487,0.084037,0.142531,0.002792,0.000625
0,0.200828,0.017823,0.049523,0.034894,0.097549,0.009674,0.003505,0.000311
0,0.107737,0.047871,-0.07981,0.003091,-0.032788,0.00891,0.00188,0.000836
0,-0.018522,-0.010919,-0.145291,-0.042334,-0.104939,-0.042932,0.000323,0.000191
0,0.044445,-0.125866,0.070731,-0.122954,0.037211,-0.161196,0.000776,0.002197
0,0.082885,0.134097,0.040267,0.238414,0.050462,0.200213,0.001447,0.00234
0,0.130916,-0.109437,0.075904,-0.260193,0.110552,-0.219661,0.002285,0.00191
0,0.161604,0.078449,0.034531,0.192055,0.06192,0.222757,0.002821,0.001369
0,-0.04788,0.069712,-0.230451,-0.018622,-0.183946,0.018409,0.000836,0.001217
0,0.143805,-0.121251,0.169184,-0.220141,0.193804,-0.261297,0.00251,0.002116
0,0.065166,0.027148,-0.099264,0.165004,-0.102117,0.188347,0.001137,0.000474
0,0.157157,-0.008549,0.121447,-0.00881,0.121962,0.022855,0.002743,0.000149
0,0.056167,0.062125,-0.121232,0.048777,-0.104803,0.025236,0.00098,0.001084
0,-0.090426,-0.096767,-0.159828,-0.148169,-0.208399,-0.188661,0.001578,0.001689
0,-0.083218,0.089257,0.007832,0.193859,-0.030159,0.237938,0.001452,0.001558
0,-0.122811,0.044879,-0.067843,-0.032997,-0.058711,-0.017288,0.002143,0.000783
0,-0.126858,-0.149775,0.0236,-0.216192,0.058634,-0.193942,0.002214,0.002614
0,0.035046,-0.136533,0.168713,0.01088,0.173931,0.033731,0.000612,0.002383
0,0.12642,-0.046456,0.070562,0.101905,0.068444,0.058132,0.002206,0.000811
0,-0.081865,-0.031772,-0.183861,-0.015269,-0.195697,0.031105,0.001429,0.000555
0,0.066298,0.098969,0.143439,0.103263,0.115467,0.107375,0.001157,0.001727
0,-0.118904,-0.150708,-0.199419,-0.236654,-0.162352,-0.23829,0.002075,0.00263
0,-0.003711,-0.130478,0.125461,0.007518,0.115538,-0.010076,6.5e-05,0.002277
0,-0.088748,-0.033695,-0.084119,0.101612,-0.105358,0.151282,0.001549,0.000588
0,-0.134213,-0.087516,-0.057954,-0.034137,-0.054247,-0.018722,0.002342,0.001527
0,-0.16872,-0.086481,-0.008163,0.019516,-0.013361,0.018812,0.002945,0.001509
0,-0.157457,0.058315,0.004021,0.160363,-0.037054,0.121183,0.002748,0.001018
0,-0.03387,-0.096585,0.122871,-0.167202,0.095411,-0.121482,0.000591,0.001686
0,-0.149783,-0.094626,-0.086218,0.000575,-0.124198,0.028525,0.002614,0.001652
0,0.031382,0.120999,0.161265,0.240481,0.198771,0.282878,0.000548,0.002112
0,0.079894,-0.153946,0.05406,-0.289347,0.041018,-0.270905,0.001394,0.002687
0,-0.148542,0.097791,-0.204411,0.25577,-0.213376,0.253193,0.002593,0.001707
0,-0.094108,-0.063663,0.055445,-0.156864,0.0261,-0.130083,0.001643,0.001111
0,-0.099704,0.101144,-0.011487,0.140659,-0.042673,0.163432,0.00174,0.001765
0,-0.118679,-0.133045,-0.02693,-0.244866,-0.019105,-0.272777,0.002071,0.002322
0,0.108615,-0.012484,0.236349,0.112458,0.221271,0.091265,0.001896,0.000218
0,0.017455,0.122787,-0.08135,0.129058,-0.033321,0.132918,0.000305,0.002143
0,0.080934,-0.110054,0.06583,-0.255675,0.027375,-0.205905,0.001413,0.001921
0,0.004744,-0.15132,-0.09231,-0.064212,-0.129938,-0.097328,8.3e-05,0.002641
0,-0.069287,-0.027161,-0.075436,0.1007,-0.095714,0.100983,0.001209,0.000474
0,0.028966,0.010912,0.082388,0.039011,0.057537,0.079623,0.000506,0.00019
0,-0.146586,-0.08584,-0.179548,-0.067439,-0.153069,-0.109765,0.002558,0.001498
0,-0.122543,0.017398,0.049861,0.093907,0.053682,0.124478,0.002139,0.000304
0,-0.015567,-0.079608,0.08454,-0.112144,0.116771,-0.143599,0.000272,0.001389
0,-0.097568,-0.136072,-0.099096,-0.047241,-0.120058,-0.026732,0.001703,0.002375
0,0.050632,0.030777,0.147924,0.169137,0.179424,0.142324,0.000884,0.000537
0,0.028892,0.176527,-0.001283,0.142592,-0.02291,0.094135,0.000504,0.003081
0,-0.198306,0.046432,-0.231263,-0.111978,-0.270852,-0.158681,0.003461,0.00081
0,-0.186066,-0.07395,0.024069,-0.116055,0.046139,-0.11769,0.003247,0.001291
0,-0.162265,-0.117591,-0.000983,-0.073573,-0.041326,-0.036973,0.002832,0.002052
0,-0.087582,0.145296,0.083933,0.254586,0.107782,0.226827,0.001529,0.002536
0,-0.035546,0.012217,0.033158,-0.13714,-0.010311,-0.171853,0.00062,0.000213
0,-0.133876,0.047172,-0.111759,0.055003,-0.070643,0.069375,0.002337,0.000823
0,0.081868,-0.051564,0.211203,-0.122007,0.224619,-0.170023,0.001429,0.0009
0,0.112578,0.087421,0.010473,0.120151,0.009299,0.144469,0.001965,0.001526
0,-0.024096,0.145209,-0.128684,0.08158,-0.162419,0.074414,0.000421,0.002534
0,-0.073294,0.133469,-0.027779,0.007608,-0.041119,0.053991,0.001279,0.002329
0,-0.07396,-0.057686,0.008038,-0.197531,0.054638,-0.20176,0.001291,0.001007
0,-0.060006,-0.069466,-0.007854,0.014775,0.01935,-0.033459,0.001047,0.001212
0,0.06183,0.044484,0.126663,0.088084,0.136915,0.04702,0.001079,0.000776
0,-0.068527,0.017944,-0.156339,-0.017404,-0.185515,-0.018017,0.001196,0.000313
0,0.097149,0.132728,0.143216,0.130063,0.145089,0.084943,0.001696,0.002317
0,0.021106,0.033614,-0.100223,-0.123585,-0.145178,-0.097965,0.000368,0.000587
0,0.089362,-0.054387,0.081751,-0.107761,0.114883,-0.148812,0.00156,0.000949
0,-0.05736,0.140218,-0.119001,0.171949,-0.072156,0.179598,0.001001,0.002447
0,-0.068437,-0.007944,-0.013339,-0.158391,-0.030088,-0.206736,0.001194,0.000139
0,0.083979,0.060929,0.172052,0.072759,0.199487,0.070411,0.001466,0.001063
0,0.021793,-0.087684,-0.074801,-0.129713,-0.066393,-0.150212,0.00038,0.00153
0,0.050555,-0.144609,0.025235,-0.082541,0.003901,-0.075617,0.000882,0.002524
0,-0.099541,0.049321,-0.138023,0.176032,-0.110689,0.148822,0.001737,0.000861
0,0.146731,0.115478,0.224759,0.082849,0.187388,0.044896,0.002561,0.002015
0,0.12865,-0.109063,-0.035243,-0.202707,-0.03585,-0.231228,0.002245,0.001904
0,-0.002369,-0.089429,-0.142913,0.021031,-0.144019,0.033116,4.1e-05,0.001561
0,0.053474,0.12743,0.043681,0.190198,0.059142,0.225817,0.000933,0.002224
0,0.012802,0.147605,-0.013013,0.038549,0.025336,0.035225,0.000223,0.002576
0,0.037599,0.117843,0.053937,-0.035076,0.075139,0.012007,0.000656,0.002057
0,0.012993,-0.029742,-0.043011,-0.17003,-0.057937,-0.18932,0.000227,0.000519
0,-0.133423,0.097714,-0.128186,0.137919,-0.164671,0.179893,0.002329,0.001705
0,0.028825,-0.05216,0.186206,-0.147791,0.226828,-0.16246,0.000503,0.00091
0,-0.080105,0.169031,-0.102878,0.243699,-0.121827,0.230136,0.001398,0.00295
0,0.022804,-0.004527,0.10135,-0.165218,0.051574,-0.204727,0.000398,7.9e-05
0,-0.188226,0.107431,-0.236424,0.141002,-0.255005,0.160969,0.003285,0.001875
0,-0.067118,0.121695,0.140476,-0.003085,0.165266,0.013576,0.001171,0.002124
0,-0.09393,0.17189,-0.012419,0.043061,-0.052428,0.05602,0.001639,0.003
0,0.109523,-0.030184,0.223082,-0.174268,0.252871,-0.167765,0.001912,0.000527
0,-0.045278,0.149472,-0.158589,0.16411,-0.177377,0.179882,0.00079,0.002609
0,0.050822,0.109058,0.091047,-0.051103,0.060847,-0.078774,0.000887,0.001903
0,-0.594774,-0.093698,-0.659072,-0.221185,-0.654728,-0.1739,0.001371,0.001635
0,-0.777536,-0.004578,-0.193921,0.116801,-0.207761,0.127592,0.001819,8e-05
0,-0.954585,-0.282797,-0.156374,-0.266214,-0.174063,-0.25859,0.004909,0.004936
0,-0.72396,-0.17999,0.215664,0.113967,0.249004,0.155358,0.000884,0.003141
0,-0.81002,-0.453261,-0.091458,-0.298773,-0.080353,-0.283173,0.002386,0.003841
0,-0.83123,-0.192496,-0.023208,0.277287,-0.064209,0.298567,0.002756,0.00336
0,-0.350071,-0.184247,0.475583,0.019361,0.488773,-0.023728,0.005642,0.003216
0,-0.181378,-0.276615,0.189996,-0.0682,0.150844,-0.066315,0.003166,0.004828
0,-0.351639,-0.166739,-0.156724,0.125094,-0.183765,0.078732,0.005614,0.00291
0,-0.187375,-0.201257,0.165283,-0.013341,0.172526,-0.048343,0.00327,0.003513
0,0.100018,-0.093322,0.271763,0.122738,0.275753,0.169121,0.001746,0.001629
0,0.123672,-0.294497,0.005488,-0.213452,0.029106,-0.24514,0.002158,0.00514
0,0.232411,-0.278586,0.114108,-0.003571,0.156055,-0.019553,0.004056,0.004862
0,-0.050006,-0.102171,-0.282421,0.202509,-0.291483,0.216298,0.000873,0.001783
0,0.043816,-0.302687,0.120522,-0.196421,0.075078,-0.194465,0.000765,0.005283
0,0.216159,-0.193457,0.17274,0.094982,0.123577,0.144808,0.003773,0.003376
0,0.25181,-0.01865,0.031722,0.195171,0.050488,0.210981,0.004395,0.000326
0,0.19547,-0.106346,-0.042396,-0.060709,-0.057688,-0.029099,0.003412,0.001856
0,0.225726,-0.102593,0.052884,-0.013578,0.090913,0.021863,0.00394,0.001791
0,-0.023961,-0.124416,-0.221339,-0.023669,-0.25712,0.012157,0.000418,0.002171
0,0.130279,-0.199854,0.128685,-0.068417,0.172291,-0.02041,0.002274,0.003488
0,0.188961,-0.223423,0.034702,-0.007628,0.034323,-8.5e-05,0.003298,0.003899
0,0.098304,-0.023758,-0.111567,0.176634,-0.064587,0.223094,0.001716,0.000415
0,0.080595,-0.236078,-0.033228,-0.224171,-0.018953,-0.217169,0.001407,0.00412
0,0.138888,-0.245029,0.038569,0.00325,0.036729,-0.045904,0.002424,0.004277
0,0.002407,-0.0099,-0.141484,0.253155,-0.110213,0.250715,4.2e-05,0.000173
0,-0.00613,-0.193583,-0.018499,-0.186209,-0.01348,-0.171061,0.000107,0.003379
0,0.088079,-0.168983,0.078917,0.005425,0.03046,0.008207,0.001537,0.002949
0,-0.036812,-0.057582,-0.104035,0.116399,-0.146388,0.085395,0.000642,0.001005
0,0.01974,0.00183,0.07287,0.067348,0.101965,0.051558,0.000345,3.2e-05
0,0.080266,0.018291,0.03169,0.033643,0.049469,-0.009953,0.001401,0.000319
0,0.048233,-0.186941,-0.031794,-0.186997,0.003067,-0.138889,0.000842,0.003263
0,0.216975,-0.129857,0.156269,0.049803,0.195005,0.047519,0.003787,0.002266
0,0.176801,-0.134492,-0.055526,-0.011915,-0.030957,-0.041185,0.003086,0.002347
0,0.136754,-0.113439,-0.022881,0.004861,-0.012771,0.000311,0.002387,0.00198
0,0.095028,-0.060169,-0.019355,0.073722,-0.053473,0.088293,0.001659,0.00105
0,0.164854,-0.078279,0.068803,-0.011335,0.105896,0.037682,0.002877,0.001366
0,-0.140763,-0.028699,-0.32429,0.028366,-0.310035,0.023941,0.002457,0.000501
0,0.018514,0.028165,0.143703,0.080272,0.155092,0.118233,0.000323,0.000492
0,-0.169901,-0.127537,-0.181466,-0.167487,-0.20452,-0.146004,0.002965,0.002226
0,-0.031947,0.002234,0.144213,0.147293,0.191679,0.129115,0.000558,3.9e-05
0,0.075286,0.077843,0.103507,0.095538,0.134204,0.106828,0.001314,0.001359
0,-0.0624,-0.138386,-0.111095,-0.230676,-0.083783,-0.243968,0.001089,0.002415
0,-0.044407,-0.067853,-0.009156,0.052007,0.037655,0.05715,0.000775,0.001184
0,-0.014081,-0.132616,0.034508,-0.051749,0.06367,-0.091939,0.000246,0.002315
0,-0.037436,-0.080843,-0.027054,0.034989,-0.070183,0.052075,0.000653,0.001411
0,-0.010776,0.038021,0.037166,0.142255,0.062889,0.126019,0.000188,0.000664
0,0.00167,-0.154288,0.03506,-0.187187,0.014256,-0.188878,2.9e-05,0.002693
0,0.024825,0.072173,0.002791,0.241174,0.051816,0.22563,0.000433,0.00126
0,0.127516,-0.065235,0.13245,-0.153767,0.134714,-0.132934,0.002226,0.001139
0,-0.041321,-0.139878,-0.160353,-0.077635,-0.164323,-0.031505,0.000721,0.002441
0,0.053816,-0.1583,0.066822,-0.011901,0.019822,0.00783,0.000939,0.002763
0,-0.026493,0.078766,-0.102741,0.247587,-0.128514,0.220694,0.000462,0.001375
0,0.00754,-0.030803,0.044515,-0.11008,0.047831,-0.073595,0.000132,0.000538
0,-0.05319,-0.050604,-0.0902,-0.020284,-0.132075,0.024401,0.000928,0.000883
0,-0.040665,0.127104,0.038518,0.15979,0.037663,0.190109,0.00071,0.002218
0,0.027929,-0.143746,0.093981,-0.283382,0.061592,-0.288338,0.000487,0.002509
0,-0.159008,-0.095197,-0.184549,0.020233,-0.189809,-0.008513,0.002775,0.001661
0,0.042179,-0.08619,0.20316,0.016823,0.206533,-0.005046,0.000736,0.001504
0,-0.081517,-0.013529,-0.140529,0.06325,-0.132426,0.027799,0.001423,0.000236
0,0.146184,-0.035225,0.249244,-0.011661,0.249447,-0.020423,0.002551,0.000615
0,0.061161,0.072201,-0.10889,0.083927,-0.132843,0.125752,0.001067,0.00126
0,-0.13893,-0.093784,-0.212588,-0.15744,-0.235862,-0.127333,0.002425,0.001637
0,-0.093188,0.041685,0.04593,0.112207,0.05729,0.087952,0.001626,0.000728
0,0.030542,0.057515,0.098611,0.007633,0.051106,0.002,0.000533,0.001004
0,0.079332,-0.008357,0.046895,-0.04244,0.068729,-0.065209,0.001385,0.000146
0,0.103944,-0.087485,0.007541,-0.075361,0.038013,-0.102305,0.001814,0.001527
0,0.15851,-0.086696,0.079111,-0.018021,0.082885,-0.006059,0.002767,0.001513
0,0.124392,-0.060702,-0.012353,0.053166,-0.016325,0.019405,0.002171,0.001059
0,0.167472,0.172844,0.0629,0.221731,0.081277,0.229689,0.002923,0.003017
0,0.090977,0.079921,-0.094827,-0.089404,-0.122613,-0.04416,0.001588,0.001395
0,0.016185,0.048558,-0.0766,-0.030964,-0.051132,-0.080883,0.000282,0.000847
0,0.287016,0.00437,0.294938,-0.044884,0.308807,-0.048533,0.005009,7.6e-05
0,0.240066,-0.053666,-0.039444,-0.083115,0.004113,-0.037505,0.00419,0.000937
0,0.027677,-0.025056,-0.212021,0.030198,-0.253201,0.015342,0.000483,0.000437
0,-0.031056,0.077428,-0.072505,0.099381,-0.068903,0.090815,0.000542,0.001351
0,0.010144,0.130133,0.061119,0.057742,0.10807,0.067496,0.000177,0.002271
0,-0.03959,-0.11405,-0.064395,-0.256796,-0.08291,-0.305251,0.000691,0.001991
0,0.154924,0.030001,0.204071,0.143064,0.179286,0.109486,0.002704,0.000524
0,0.040122,0.050464,-0.090702,0.038702,-0.048842,0.047746,0.0007,0.000881
0,0.244668,0.054462,0.210539,-0.007784,0.248137,-0.014655,0.00427,0.000951
0,0.032236,-0.048849,-0.197114,-0.133083,-0.156421,-0.1787,0.000563,0.000853
0,-0.015044,0.077237,-0.054953,0.153218,-0.085088,0.136877,0.000263,0.001348
0,-0.111665,-0.104111,-0.111609,-0.189276,-0.074358,-0.141363,0.001949,0.001817
0,0.038582,-0.11773,0.144438,0.012275,0.108701,-0.020593,0.000673,0.002055
0,0.105586,-0.040599,0.078445,0.051041,0.072585,0.086619,0.001843,0.000709
0,0.060889,0.097893,-0.058306,0.168129,-0.103754,0.208745,0.001063,0.001709
0,-0.156917,0.005803,-0.190077,-0.116961,-0.172816,-0.162594,0.002739,0.000101
0,-0.103782,0.094059,0.077196,0.059376,0.108376,0.109036,0.001811,0.001642
0,0.030146,-0.038157,0.154492,-0.148651,0.191597,-0.123288,0.000526,0.000666
0,-0.223722,-0.004433,-0.277599,0.044695,-0.299751,0.035954,0.003905,7.7e-05
0,-0.027604,0.12129,0.190153,0.141673,0.219224,0.140109,0.000482,0.002117
0,-0.240392,-0.068884,-0.228576,-0.186747,-0.245626,-0.164348,0.004196,0.001202
0,0.05438,-0.086961,0.30273,-0.037953,0.296814,-0.038224,0.000949,0.001518
0,-0.172352,-0.031037,-0.246262,0.037114,-0.220068,0.0123,0.003008,0.000542
0,0.022023,0.031235,0.208932,0.077909,0.168711,0.065615,0.000384,0.000545
0,-0.127023,-0.122004,-0.159706,-0.148585,-0.206,-0.154058,0.002217,0.002129
0,-0.186886,0.008404,-0.032244,0.106324,-0.07354,0.151554,0.003262,0.000147
0,-0.238205,0.038111,-0.026257,0.038944,-0.069662,0.049615,0.004157,0.000665
0,-0.169229,-0.037509,0.046746,-0.055458,0.036575,-0.083488,0.002954,0.000655
0,-0.22293,0.14163,-0.027335,0.183467,-0.058783,0.182893,0.003891,0.002472
0,-0.252292,0.12531,-0.002464,-0.026457,-0.039558,0.021075,0.004403,0.002187
0,0.007255,0.021665,0.253604,-0.080586,0.301778,-0.058896,0.000127,0.000378
0,-0.261253,-0.045189,-0.27559,-0.095734,-0.304638,-0.143306,0.00456,0.000789
0,-0.214491,0.029623,0.028874,0.087538,0.060739,0.047095,0.003744,0.000517
0,-0.158237,0.041527,0.03787,-0.003496,0.022537,0.006222,0.002762,0.000725
0,-0.000802,-0.07828,0.183386,-0.134844,0.137289,-0.181837,1.4e-05,0.001366
0,-0.225125,-0.115499,-0.205574,-0.058348,-0.182685,-0.071755,0.003929,0.002016
0,-0.040823,-0.04463,0.213204,0.052859,0.220455,0.041547,0.000713,0.000779
0,-0.057176,-0.057025,-0.020141,0.001461,0.017335,-0.035921,0.000998,0.000995
0,-0.01979,0.006888,0.0463,0.088239,0.0746,0.061941,0.000345,0.00012
0,-0.108695,0.210882,-0.065223,0.23353,-0.101373,0.276585,0.001897,0.003681
0,0.063099,0.121005,0.147586,-0.08665,0.190882,-0.078476,0.001101,0.002112
0,0.115257,0.067999,0.032471,-0.048862,0.016684,-0.063752,0.002012,0.001187
0,-0.169728,0.136237,-0.267583,0.047173,-0.272039,0.078015,0.002962,0.002378
0,0.122064,0.038679,0.281236,-0.072635,0.322736,-0.07066,0.00213,0.000675
0,-0.090464,0.23002,-0.194907,0.221293,-0.203886,0.270653,0.001579,0.004015
0,-0.048055,0.23319,0.025756,0.000362,-0.017494,0.028773,0.000839,0.00407
0,-0.13028,-0.019802,-0.067087,-0.224947,-0.116739,-0.233895,0.002274,0.000346
0,-0.135122,-0.074029,0.013602,-0.081579,0.054702,-0.050753,0.002358,0.001292
0,0.000741,0.094072,0.130604,0.144667,0.142317,0.127161,1.3e-05,0.001642
0,-0.0795,-0.043413,-0.100616,-0.142349,-0.105013,-0.09256,0.001388,0.000758
0,0.013181,0.180528,0.101313,0.24807,0.069386,0.214594,0.00023,0.003151
0,-0.151131,0.107278,-0.160507,-0.063637,-0.112015,-0.030799,0.002638,0.001872
0,0.105148,0.165487,0.237883,0.063088,0.262333,0.102178,0.001835,0.002888
0,0.026583,0.174314,-0.061336,-0.01064,-0.01261,-0.002699,0.000464,0.003042
0,-0.078106,0.12499,-0.1056,-0.039079,-0.074933,-0.032471,0.001363,0.002181
0,0.088985,0.018915,0.169987,-0.12585,0.153773,-0.10385,0.001553,0.00033
0,0.068192,0.007003,-0.004064,-0.024919,0.005107,-0.023452,0.00119,0.000122
0,-0.099868,0.124588,-0.148839,0.101507,-0.156705,0.067268,0.001743,0.002174
0,0.008608,0.030364,0.12322,-0.089715,0.098414,-0.099044,0.00015,0.00053
0,-0.042743,0.194633,-0.051429,0.168897,-0.064768,0.217913,0.000746,0.003397
0,-0.013241,0.039946,0.007776,-0.128008,-0.028889,-0.100145,0.000231,0.000697
0,-0.124697,0.068124,-0.10948,0.05165,-0.069651,0.003213,0.002176,0.001189
0,0.053471,-0.080561,0.186945,-0.151128,0.176977,-0.163084,0.000933,0.001406
0,-0.048358,-0.068193,-0.125728,0.026208,-0.157361,0.074587,0.000844,0.00119
0,0.027047,-0.074019,0.063946,-0.015208,0.017209,0.025013,0.000472,0.001292
0,0.057878,-0.080291,0.029953,-0.020773,0.054091,0.009579,0.00101,0.001401
0,0.095491,0.000173,0.018134,0.073682,0.008003,0.048693,0.001667,3e-06
0,-0.045427,0.074617,-0.142661,0.054203,-0.142746,0.007521,0.000793,0.001302
0,0.042568,0.132456,0.067658,0.060995,0.103987,0.042323,0.000743,0.002312
0,-0.011236,-0.112368,-0.051377,-0.24889,-0.043497,-0.261304,0.000196,0.001961
0,0.078733,-0.151643,0.113779,-0.031002,0.156717,-0.037576,0.001374,0.002647
0,0.076887,0.048277,-0.002944,0.194099,-0.000284,0.180022,0.001342,0.000843
0,1.970885,0.48677,1.880891,0.435373,1.848631,0.47096,0.000857,0.003256
0,3.462934,1.149951,1.502634,0.642539,1.467697,0.686547,0.001681,0.003433
0,4.828142,0.945631,1.353538,-0.229913,1.3829,-0.229951,0.002005,0.004753
0,4.855242,0.818225,0.029253,-0.103178,1.7e-05,-0.128601,0.002478,0.002529
0,3.675194,0.813732,-1.162167,0.019709,-1.126988,-0.028589,0.005386,0.002451
0,2.342656,0.585537,-1.329757,-0.229737,-1.338376,-0.218299,0.005632,0.001532
0,1.992865,0.288898,-0.346673,-0.284276,-0.30609,-0.324589,0.000473,0.005042
0,1.39294,0.191337,-0.575171,-0.111245,-0.539175,-0.064211,0.004781,0.003339
0,9.033694,0.014999,7.618654,-0.19827,7.610165,-0.193257,0.004896,0.000262
0,8.951825,0.185524,-0.068625,0.169979,-0.108883,0.206965,0.003467,0.003238
0,8.929984,-0.008806,0.005045,-0.219687,0.045867,-0.242196,0.003086,0.000154
0,8.968229,0.243427,0.0342,0.276112,0.063168,0.308808,0.003753,0.004249
0,9.142285,-0.037872,0.16774,-0.252494,0.161932,-0.29554,0.004961,0.000661
0,8.857929,0.033038,-0.306864,0.051211,-0.350154,0.088994,0.001828,0.000577
0,8.962004,0.103924,0.103708,0.098019,0.127414,0.077494,0.003644,0.001814
0,8.50225,0.081828,-0.437337,-0.027888,-0.435742,-0.029585,0.00438,0.001428
0,8.003727,0.001309,-0.494274,-0.083494,-0.464178,-0.110149,0.001329,2.3e-05
0,7.361994,0.08798,-0.614799,0.103353,-0.656961,0.132678,0.000778,0.001536
0,6.952476,0.22749,-0.381774,0.109616,-0.372226,0.10151,0.003827,0.00397
0,6.400687,0.156429,-0.534189,-0.057598,-0.575037,-0.096554,0.005804,0.00273
0,6.151265,0.032194,-0.275322,-0.150236,-0.290318,-0.150922,0.001595,0.000562
0,5.644263,0.079411,-0.507029,0.058824,-0.477992,0.056645,0.004497,0.001386
0,5.340193,0.074888,-0.295879,-0.013857,-0.314026,-0.053175,0.00081,0.001307
0,4.992589,-0.02446,-0.341614,-0.086443,-0.321119,-0.112011,0.004875,0.000427
0,4.607169,-0.069918,-0.399875,-0.074388,-0.436378,-0.085977,0.001852,0.00122
0,4.419245,0.005508,-0.203134,0.077052,-0.190877,0.028545,0.005132,9.6e-05
0,4.309296,0.014231,-0.132147,0.020916,-0.137254,0.040418,0.004701,0.000248
0,3.898401,-0.009153,-0.404058,-0.010994,-0.414827,-0.046818,0.00247,0.00016
0,3.607507,-0.044458,-0.307086,-0.039545,-0.258363,-0.000568,0.004204,0.000776
0,3.495653,0.00036,-0.125317,0.037362,-0.165489,-0.010353,0.002252,6e-06
0,3.532966,0.012449,0.020269,0.040888,0.051418,0.039453,0.002903,0.000217
0,3.174557,-0.117402,-0.359986,-0.109973,-0.376662,-0.100467,0.003352,0.002049
0,3.062192,0.126322,-0.126168,0.252606,-0.126569,0.260297,0.005313,0.002205
0,2.809095,-0.146391,-0.229346,-0.244745,-0.269051,-0.243813,0.002021,0.002555
0,2.471604,-0.105917,-0.346489,0.063087,-0.374896,0.052451,0.003869,0.001849
0,2.388508,-0.120322,-0.08861,0.004072,-0.084495,-0.011315,0.005319,0.0021
0,2.216591,0.051189,-0.172131,0.171347,-0.173802,0.144364,0.003432,0.000893
0,2.192574,-0.014639,-0.046859,-0.050809,-0.039967,-0.012507,0.003013,0.000256
0,2.02193,-0.025513,-0.179803,-0.025376,-0.144864,-0.039434,3.4e-05,0.000445
0,1.964529,0.061997,-0.034272,0.085592,-0.027142,0.119075,0.000968,0.001082
0,1.986427,0.019468,0.007194,-0.065617,-0.015574,-0.098645,0.000585,0.00034
0,1.841477,-0.043763,-0.173377,-0.054419,-0.184523,-0.044106,0.003115,0.000764
0,1.745378,-0.112745,-0.110574,-0.041727,-0.121513,-0.073564,0.004793,0.001968
0,1.707858,-0.055164,-0.011977,0.068292,0.007163,0.028793,0.005447,0.000963
0,1.663829,0.015271,-0.023963,0.052372,-0.068625,0.054859,0.005536,0.000267
0,1.327633,0.094112,-0.333109,0.056382,-0.380948,0.042519,0.000332,0.001643
0,1.501343,-0.079516,0.155731,-0.149375,0.178001,-0.125106,0.0027,0.001388
0,1.331301,0.035986,-0.192277,0.098114,-0.19785,0.132655,0.000268,0.000628
0,1.043354,0.066625,-0.306771,0.034419,-0.26254,0.084331,0.005293,0.001163
0,1.201849,0.02798,0.149271,-0.050649,0.146186,-0.003737,0.002527,0.000488
0,1.175197,-0.122629,-0.014287,-0.13297,0.020593,-0.166274,0.002992,0.00214
0,0.821598,0.15541,-0.362393,0.263792,-0.345593,0.289482,0.002588,0.002712
0,0.907915,-0.074422,0.072783,-0.219043,0.074503,-0.226916,0.004094,0.001299
0,0.818602,-0.076054,-0.073153,-0.003176,-0.11689,-0.051211,0.002536,0.001327
0,0.83687,-0.003751,0.010784,0.059657,0.032464,0.092057,0.002854,6.5e-05
0,0.638116,-0.130675,-0.177467,-0.131156,-0.148363,-0.128484,0.000614,0.002281
0,0.575653,0.05067,-0.036476,0.185836,-0.023271,0.18992,0.001705,0.000884
0,0.730324,-0.058123,0.16293,-0.122685,0.210648,-0.148522,0.000995,0.001014
0,0.556614,-0.036007,-0.150451,0.004743,-0.194527,-0.02634,0.002037,0.000628
0,0.53206,-0.11923,-0.017231,-0.089073,-0.004916,-0.131681,0.002465,0.002081
0,0.52949,-0.174087,-0.000481,-0.083386,-0.017214,-0.129471,0.00251,0.003038
0,0.522679,-0.09424,-0.016831,0.093766,-0.018238,0.129013,0.002629,0.001645
0,0.344127,0.004124,-0.178527,0.085876,-0.214329,0.107046,0.005746,7.2e-05
0,0.448021,0.095023,0.075115,0.061623,0.029961,0.016351,0.003932,0.001658
0,0.381382,0.053111,-0.036725,-0.06804,-0.040621,-0.059689,0.005095,0.000927
0,0.461822,-0.078967,0.091686,-0.11398,0.066127,-0.070579,0.003691,0.001378
0,0.471193,0.07038,0.00403,0.173593,-0.036105,0.222539,0.003528,0.001228
0,0.283545,-0.12347,-0.178981,-0.211132,-0.214957,-0.210272,0.004949,0.002155
0,0.340655,0.072393,0.046665,0.166718,0.079474,0.169781,0.005806,0.001264
0,0.342913,0.050675,0.031065,-0.024284,0.008465,-0.071591,0.005767,0.000884
0,0.269003,-0.098011,-0.056599,-0.134142,-0.045125,-0.110713,0.004695,0.001711
0,0.443179,-0.110825,0.144833,0.001972,0.12174,-0.041478,0.004017,0.001934
0,0.482297,-0.17719,0.059148,-0.042286,0.020587,-0.018888,0.003334,0.003093
0,0.418446,0.082323,-0.062736,0.275886,-0.049311,0.278945,0.004448,0.001437
0,0.215941,0.082514,-0.178691,0.016946,-0.222641,-0.001277,0.003769,0.00144
0,0.133499,0.019551,-0.071758,-0.07915,-0.062227,-0.094098,0.00233,0.000341
0,0.250011,-0.168066,0.105245,-0.187797,0.135889,-0.179989,0.004364,0.002933
0,0.145525,0.070701,-0.112567,0.215073,-0.089899,0.167973,0.00254,0.001234
0,0.311256,-0.078324,0.171723,-0.157898,0.196181,-0.130256,0.005432,0.001367
0,0.340548,-0.13147,0.009265,-0.055543,-0.02861,-0.088587,0.005808,0.002295
0,0.083405,-0.117917,-0.234439,-0.016036,-0.254403,-0.044722,0.001456,0.002058
0,0.134354,-0.009916,0.036846,0.087867,0.033598,0.088415,0.002345,0.000173
0,0.008177,0.015118,-0.107863,0.033784,-0.128428,0.052876,0.000143,0.000264
0,-0.1066,-0.195878,-0.129397,-0.20281,-0.135441,-0.223443,0.001861,0.003419
0,0.164699,0.011837,0.255549,0.200247,0.279125,0.172898,0.002875,0.000207
0,0.216777,-0.122957,0.043521,-0.122631,0.091467,-0.146059,0.003783,0.002146
0,0.146919,-0.032225,-0.05997,0.074239,-0.040571,0.056766,0.002564,0.000562
0,-0.096377,-0.167001,-0.262219,-0.111122,-0.214079,-0.064058,0.001682,0.002915
0,0.048813,0.058933,0.116312,0.230258,0.142901,0.245418,0.000852,0.001029
0,0.212107,0.092923,0.17919,0.017579,0.221805,-0.003576,0.003702,0.001622
0,0.144254,0.126559,-0.052409,0.059217,-0.04162,0.095539,0.002518,0.002209
0,0.092891,0.030529,-0.059624,-0.08934,-0.076299,-0.094549,0.001621,0.000533
0,0.216263,-0.117784,0.14466,-0.172034,0.107916,-0.184855,0.003775,0.002056
0,0.172839,-0.08484,-0.057427,0.045826,-0.021324,0.086234,0.003017,0.001481
0,0.009923,-0.004982,-0.13498,0.097604,-0.135469,0.118649,0.000173,8.7e-05
0,0.040996,-0.097958,0.015179,-0.09428,-0.029831,-0.055533,0.000716,0.00171
0,0.139642,-0.122834,0.096507,-0.037271,0.103292,-0.029239,0.002437,0.002144
0,0.111695,0.037925,-0.017403,0.17211,-0.024967,0.158541,0.001949,0.000662
0,0.041004,-0.124477,-0.055893,-0.174303,-0.055792,-0.208049,0.000716,0.002173
0,0.199338,0.081857,0.139341,0.203176,0.166379,0.165473,0.003479,0.001429
0,0.087608,0.054912,-0.122964,-0.04852,-0.116795,-0.042782,0.001529,0.000958
0,0.02442,-0.146664,-0.048427,-0.175046,-0.004181,-0.192635,0.000426,0.00256
0,0.189971,-0.123366,0.192038,0.025379,0.179871,0.023313,0.003316,0.002153
0,0.12484,0.031278,-0.0567,0.147671,-0.098796,0.105953,0.002179,0.000546
0,0.052264,-0.188822,-0.076621,-0.209259,-0.051535,-0.206943,0.000912,0.003296
0,0.205921,-0.030658,0.179586,0.179034,0.192817,0.20841,0.003594,0.000535
0,0.059942,-0.0095,-0.119504,0.022367,-0.122707,0.022969,0.001046,0.000166
0,-0.07743,-0.142551,-0.164649,-0.125612,-0.207718,-0.152976,0.001351,0.002488
0,-0.024759,-0.070617,0.034262,0.060311,0.064607,0.100655,0.000432,0.001233
0,0.168839,-0.003132,0.191344,0.045375,0.235813,0.068228,0.002947,5.5e-05
0,-0.038882,-0.171208,-0.197596,-0.185722,-0.183742,-0.233203,0.000679,0.002988
0,0.231911,0.006194,0.294265,0.19401,0.342896,0.200516,0.004048,0.000108
0,0.133475,-0.104587,-0.079797,-0.124036,-0.05768,-0.115195,0.00233,0.001825
0,-0.029631,-0.016825,-0.183001,0.110051,-0.228353,0.131293,0.000517,0.000294
0,0.028632,0.035277,0.053414,0.081939,0.065565,0.131177,0.0005,0.000616
0,0.076956,0.020232,0.045852,-0.020229,0.051102,-0.004041,0.001343,0.000353
0,0.081645,-0.013849,0.030843,-0.030419,-0.004824,-0.033151,0.001425,0.000242
0,0.144156,0.031243,0.065092,0.036597,0.069438,0.081818,0.002516,0.000545
0,0.066484,-0.033834,-0.099272,-0.061808,-0.102328,-0.015801,0.00116,0.000591
0,0.102938,-0.097791,0.035269,-0.093823,0.055719,-0.123494,0.001797,0.001707
0,0.012785,-0.150542,-0.068026,-0.033395,-0.076677,-0.08301,0.000223,0.002627
0,0.085101,0.000881,0.09636,0.148529,0.069056,0.174294,0.001485,1.5e-05
0,0.002715,0.067609,-0.097541,0.073172,-0.132204,0.093591,4.7e-05,0.00118
0,0.205322,-0.166729,0.218241,-0.217494,0.195205,-0.2254,0.003584,0.00291
0,0.153601,-0.02404,-0.044267,0.161706,-0.08728,0.198646,0.002681,0.00042
0,0.081018,0.062687,-0.046302,0.072594,-0.039293,0.029739,0.001414,0.001094
0,-0.055735,0.006691,-0.162406,-0.048404,-0.197242,-0.039466,0.000973,0.000117
0,0.174528,0.109896,0.210871,0.095166,0.241295,0.139373,0.003046,0.001918
0,-0.007968,0.053457,-0.210555,-0.082185,-0.207391,-0.044573,0.000139,0.000933
0,0.107003,-0.102976,0.117983,-0.146535,0.140029,-0.100655,0.001868,0.001797
0,0.080606,-0.016876,-0.024716,0.103156,-0.061641,0.129772,0.001407,0.000295
0,-0.044461,-0.132531,-0.151563,-0.089327,-0.108985,-0.117954,0.000776,0.002313
0,0.076735,0.012494,0.146681,0.140674,0.179455,0.18845,0.001339,0.000218
0,0.15096,0.070353,0.083475,0.033431,0.102451,0.081472,0.002635,0.001228
0,0.074629,0.025302,-0.085532,-0.02369,-0.126029,0.002976,0.001303,0.000442
0,0.156673,0.051336,0.100898,0.007935,0.066206,-0.007539,0.002734,0.000896
0,0.045695,0.049619,-0.113783,-0.006266,-0.152806,0.015715,0.000798,0.000866
0,0.003431,0.102198,-0.067121,0.069568,-0.108235,0.042085,6e-05,0.001784
0,0.092139,0.012459,0.105926,-0.09976,0.066284,-0.05365,0.001608,0.000217
0,0.028344,-0.11626,-0.059258,-0.106804,-0.03342,-0.111827,0.000495,0.002029
0,0.136737,0.003883,0.107844,0.138372,0.144595,0.163145,0.002387,6.8e-05
0,0.140787,0.010461,0.003115,0.021348,0.024996,0.060297,0.002457,0.000183
0,0.061506,-0.227814,-0.059917,-0.23935,-0.063591,-0.249887,0.001073,0.003976
0,0.161608,-0.176011,0.078503,0.06923,0.065136,0.051437,0.002821,0.003072
0,0.223584,-0.068189,0.058637,0.089564,0.100795,0.100578,0.003902,0.00119
0,0.210124,-0.060362,-0.014927,0.026049,0.015031,0.017326,0.003667,0.001054
0,0.098649,0.020767,-0.127646,0.073101,-0.106468,0.056373,0.001722,0.000362
0,0.016959,0.013874,-0.05698,-0.0139,-0.081442,-0.05192,0.000296,0.000242
0,0.116122,-0.165905,0.073524,-0.188564,0.100431,-0.198103,0.002027,0.002896
0,0.047547,-0.017872,-0.05314,0.161404,-0.067983,0.20944,0.00083,0.000312
0,0.039382,0.044684,-0.026606,0.080098,0.005372,0.039313,0.000687,0.00078
0,0.147008,-0.120121,0.125798,-0.145211,0.095109,-0.178321,0.002566,0.002097
0,0.207634,-0.011132,0.086472,0.096806,0.102495,0.048161,0.003624,0.000194
0,0.169006,0.095938,-0.031191,0.111313,-0.048179,0.14007,0.00295,0.001674
0,0.1541,0.087603,-0.033525,-0.016825,-0.039312,-0.024486,0.00269,0.001529
0,0.202139,0.001458,0.072153,-0.0616,0.092208,-0.016023,0.003528,2.5e-05
0,0.137508,0.030915,-0.066907,0.018643,-0.04537,-0.016854,0.0024,0.00054
0,0.245624,-0.056297,0.100991,-0.107344,0.129825,-0.140919,0.004287,0.000983
0,0.025762,0.086477,-0.249016,0.168763,-0.289456,0.199799,0.00045,0.001509
0,0.199166,0.13269,0.149037,0.070569,0.128759,0.03432,0.003476,0.002316
0,0.113284,0.074074,-0.086504,-0.060965,-0.071115,-0.044967,0.001977,0.001293
0,-0.015061,-0.02004,-0.130537,-0.075386,-0.158455,-0.05331,0.000263,0.00035
0,0.214422,0.136516,0.245115,0.175748,0.204385,0.22376,0.003742,0.002383
0,0.061184,-0.027294,-0.163465,-0.191462,-0.159753,-0.205535,0.001068,0.000476
0,0.192016,0.069095,0.11314,0.112967,0.117664,0.151154,0.003351,0.001206
0,0.258001,0.090015,0.072983,0.049167,0.119763,0.065365,0.004503,0.001571
0,9.0595,-0.41552,8.79594,-0.505079,8.778861,-0.553529,0.005346,0.0045
0,8.941782,-0.824005,-0.12611,-0.407222,-0.135484,-0.389296,0.003291,0.00263
0,8.901884,-0.676763,-0.064097,0.122435,-0.083717,0.087758,0.002595,6e-05
0,9.029983,-0.480173,0.107843,0.174917,0.114847,0.150475,0.004831,0.003371
0,9.102857,-0.638187,0.076125,-0.173901,0.099214,-0.201846,0.005649,0.000613
0,9.140442,-0.382184,0.009317,0.229697,0.008089,0.2776,0.004993,0.005081
0,9.018661,-0.200187,-0.105338,0.209487,-0.090329,0.219345,0.004633,0.003494
0,9.005716,-0.340108,-0.000842,-0.14433,-0.022084,-0.144725,0.004407,0.005816
0,8.853593,-0.2222,-0.142472,0.127607,-0.153899,0.145582,0.001752,0.003878
0,9.069421,-0.01118,0.224306,0.22464,0.229702,0.252118,0.005519,0.000195
0,8.854944,0.098472,-0.212401,0.089518,-0.250158,0.058608,0.001776,0.001719
0,9.089378,0.206475,0.224952,0.123242,0.183194,0.156572,0.005867,0.003604
0,8.470228,0.020643,-0.624591,-0.166499,-0.662594,-0.133233,0.004939,0.00036
0,9.100454,-0.005365,0.641034,-0.037601,0.680988,-0.027548,0.005691,9.4e-05
0,9.042844,0.183218,-0.053884,0.171392,-0.02799,0.162999,0.005055,0.003198
0,7.739908,0.015717,-1.311639,-0.197109,-1.320862,-0.154166,0.005818,0.000274
0,6.644672,0.184642,-1.104941,0.161327,-1.148206,0.179589,0.001546,0.003223
0,4.652993,0.227872,-2.014551,0.052519,-1.983088,0.038816,0.001052,0.003977
0,2.552561,0.106095,-2.130349,-0.093932,-2.153244,-0.110752,0.002456,0.001852
0,1.443653,0.242066,-1.079908,0.106088,-1.083975,0.108704,0.005667,0.004225
0,9.105465,0.259074,7.678399,0.022136,7.66457,0.000829,0.005603,0.004522
0,8.948376,0.165713,-0.166978,-0.091175,-0.130673,-0.104019,0.003407,0.002892
0,9.136907,0.330497,0.177959,0.162958,0.184687,0.189761,0.005055,0.005768
0,8.856065,0.312817,-0.280354,-0.006511,-0.260105,-0.009218,0.001795,0.00546
0,8.951931,0.268498,0.089108,-0.061824,0.05221,-0.084822,0.003469,0.004686
0,8.871094,0.250192,-0.060387,-0.025296,-0.057791,0.00781,0.002058,0.004367
0,9.126103,0.076622,0.260274,-0.151792,0.27939,-0.145466,0.005243,0.001337
0,9.042231,0.2588,-0.107488,0.168901,-0.101411,0.171775,0.005045,0.004517
0,8.940615,0.136276,-0.111683,-0.149124,-0.12579,-0.114447,0.003271,0.002378
0,8.850282,0.175147,-0.096208,0.036762,-0.049681,0.00785,0.001694,0.003057
0,9.143916,0.049114,0.321874,-0.130908,0.318895,-0.108654,0.004932,0.000857
0,8.90478,0.050318,-0.217447,-0.009487,-0.217585,-0.006116,0.002646,0.000878
0,9.094365,0.172273,0.17327,0.107056,0.219124,0.149785,0.005797,0.003007
0,8.36532,0.103853,-0.724673,-0.049423,-0.732232,-0.038517,0.004982,0.001813
0,7.952728,0.112269,-0.396528,0.00361,-0.37513,-0.026963,0.002219,0.001959
0,7.563732,0.275168,-0.413104,0.144887,-0.380215,0.143617,0.002743,0.004803
0,7.092761,0.010301,-0.475314,-0.250439,-0.479962,-0.211985,0.005477,0.00018
0,6.565188,0.207444,-0.524656,0.18206,-0.550993,0.223465,0.002933,0.003621
0,6.11571,0.204651,-0.442676,0.018175,-0.468996,-0.030366,0.000974,0.003572
0,5.671432,0.190553,-0.437272,-0.010234,-0.430488,-0.031346,0.004972,0.003326
0,5.467282,0.068736,-0.229832,-0.110122,-0.208189,-0.069515,0.001408,0.0012
0,5.249707,0.054639,-0.246385,-0.035092,-0.273074,-0.027136,0.002389,0.000954
0,4.643724,0.081347,-0.629696,0.021134,-0.668668,0.003314,0.001214,0.00142
0,4.516913,0.169327,-0.126663,0.089604,-0.130804,0.121055,0.003427,0.002955
0,4.318031,0.087481,-0.211242,-0.080977,-0.220801,-0.070093,0.004854,0.001527
0,4.023055,0.05336,-0.283378,-0.056708,-0.268253,-0.027942,0.000295,0.000931
0,3.905199,0.094512,-0.132361,0.045388,-0.151565,0.053302,0.002352,0.00165
0,3.541083,0.290478,-0.387966,0.187881,-0.403775,0.207433,0.003045,0.00507
0,3.389162,0.190578,-0.160548,-0.109301,-0.173436,-0.093196,0.000394,0.003326
0,3.197385,0.160362,-0.178079,-0.04547,-0.176463,-0.072739,0.002954,0.002799
0,3.04617,0.220346,-0.168214,0.050485,-0.198979,0.02788,0.005593,0.003846
0,2.581693,-0.019543,-0.452378,-0.242088,-0.421879,-0.245746,0.001948,0.000341
0,2.501562,0.090429,-0.106811,0.126062,-0.094124,0.130267,0.003346,0.001578
0,2.555284,0.138737,0.031725,0.060232,0.076758,0.08755,0.002409,0.002421
0,2.377954,0.192073,-0.159871,0.08137,-0.121587,0.043487,0.005504,0.003352
0,2.333065,0.124056,-0.055149,-0.072256,-0.056948,-0.09038,0.005465,0.002165
0,2.102863,0.080627,-0.222619,-0.032395,-0.23627,-0.004879,0.001447,0.001407
0,1.972213,0.031683,-0.138374,-0.061974,-0.159162,-0.029728,0.000833,0.000553
0,1.988339,0.146017,0.034167,0.104056,0.029069,0.119092,0.000552,0.002548
0,1.813908,-0.038284,-0.178704,-0.176048,-0.227715,-0.148296,0.003596,0.000668
0,1.695649,0.179373,-0.115323,0.206728,-0.093379,0.24034,0.00566,0.003131
0,1.443443,0.03365,-0.229352,-0.12135,-0.197427,-0.152207,0.001689,0.000587
0,1.294115,0.154482,-0.152339,0.150044,-0.125356,0.186621,0.000917,0.002696
0,1.417154,0.040669,0.127772,-0.119804,0.130533,-0.128714,0.001231,0.00071
0,1.22634,0.171261,-0.172557,0.119416,-0.141017,0.117555,0.0021,0.002989
0,1.105056,0.077366,-0.126743,-0.099592,-0.172465,-0.140625,0.004217,0.00135
0,1.008225,0.236339,-0.110281,0.146813,-0.126811,0.114523,0.005845,0.004125
0,0.971916,0.076721,-0.018394,-0.165841,0.028626,-0.209659,0.005211,0.001339
0,1.009997,-0.017281,0.0658,-0.109942,0.056246,-0.127547,0.005876,0.000302
0,1.030562,-0.0528,0.005933,-0.023869,0.017271,-0.008858,0.005517,0.000922
0,0.73219,0.129162,-0.272332,0.161066,-0.30841,0.145355,0.001027,0.002254
0,0.767271,-0.101555,0.018065,-0.244346,-0.026877,-0.265219,0.00164,0.001772
0,0.822059,-0.03397,0.078195,0.048267,0.081634,0.050707,0.002596,0.000593
0,0.768496,0.00649,-0.065827,0.066807,-0.042643,0.09266,0.001661,0.000113
0,0.764402,0.127973,0.000514,0.103153,-0.021746,0.133798,0.00159,0.002234
0,0.597565,-0.127649,-0.141832,-0.270779,-0.158655,-0.261478,0.001322,0.002228
0,0.644627,0.087749,0.017664,0.244785,0.055263,0.255699,0.000501,0.001532
0,0.574795,-0.145121,-0.093387,-0.210861,-0.118332,-0.197392,0.00172,0.002533
0,0.486437,-0.097216,-0.081532,0.076676,-0.066212,0.053017,0.003262,0.001697
0,0.312671,-0.080775,-0.195747,0.014438,-0.203397,0.015346,0.005457,0.00141
0,0.320991,0.07139,-0.018525,0.154418,-0.005299,0.122714,0.005602,0.001246
0,0.474173,-0.006501,0.174892,-0.067626,0.14585,-0.076587,0.003476,0.000113
0,0.364993,-0.051953,-0.109081,-0.03108,-0.090131,-0.000828,0.005381,0.000907
0,0.284681,-0.116943,-0.083296,-0.051605,-0.067068,-0.064504,0.004969,0.002041
0,0.29401,-0.095122,0.03553,0.026216,0.000406,0.029301,0.005131,0.00166
0,0.208732,0.163542,-0.073513,0.261061,-0.067009,0.234168,0.003643,0.002854
0,0.171218,-0.047176,-0.03391,-0.182452,-0.055755,-0.198975,0.002988,0.000823
0,0.15297,0.104562,-0.013735,0.165478,-0.062639,0.154199,0.00267,0.001825
0,0.275955,0.097098,0.125974,-0.027144,0.084951,-0.071477,0.004816,0.001695
0,0.158587,0.076522,-0.099009,-0.024123,-0.058256,-0.028763,0.002768,0.001336
0,0.186705,0.155979,0.015781,0.085025,-0.003817,0.044977,0.003259,0.002722
0,0.042174,0.174526,-0.169947,0.009336,-0.163125,0.055627,0.000736,0.003046
0,8.95337,-1.105143,8.940275,-1.277428,8.961215,-1.26899,0.003494,0.004215
0,9.093608,-1.999257,0.169642,-0.890294,0.12267,-0.875536,0.00581,0.000361
0,9.139246,-2.599655,0.072357,-0.57131,0.101811,-0.596142,0.005014,0.001634
0,8.906574,-2.567048,-0.211921,0.028248,-0.221917,-0.005484,0.002677,0.002203
0,8.928621,-2.201967,0.044742,0.357013,0.004755,0.330705,0.003062,0.003176
0,8.926304,-1.65754,0.012997,0.536362,0.041677,0.573954,0.003021,0.005426
0,8.39937,-0.977053,-0.521296,0.690404,-0.510249,0.656546,0.005576,0.005301
0,8.43715,-0.47603,0.023139,0.522798,0.001699,0.528851,0.005516,0.003443
0,7.68795,-0.42587,-0.775354,0.072857,-0.799708,0.054269,0.004911,0.004319
0,6.78111,-0.198906,-0.89569,0.250105,-0.898041,0.230153,0.000836,0.003472
0,4.697754,0.026154,-2.070844,0.240096,-2.091576,0.218156,0.000271,0.000456
0,3.02986,0.068481,-1.682184,0.034833,-1.660203,0.05105,0.005874,0.001195
0,1.689618,0.224062,-1.362329,0.184568,-1.39085,0.151722,0.005766,0.003911
0,0.718022,0.083765,-0.985488,-0.119137,-0.953708,-0.163547,0.00078,0.001462
0,0.215763,0.212355,-0.491947,0.119791,-0.471237,0.13946,0.003766,0.003706
0,-0.00986,0.217597,-0.253298,0.011079,-0.237973,-0.005253,0.000172,0.003798
0,-0.144166,0.213098,-0.112596,0.020799,-0.154487,-0.017415,0.002516,0.003719
0,-0.266232,0.300106,-0.123849,0.073101,-0.101238,0.092906,0.004647,0.005238
0,-0.29243,0.157066,-8.2e-05,-0.157352,-0.016182,-0.129852,0.005104,0.002741
0,-0.315997,0.205324,-0.006068,0.059179,0.035999,0.067413,0.005515,0.003584
0,-0.561841,0.145786,-0.229116,-0.076278,-0.252913,-0.07854,0.001946,0.002544
0,-0.404555,0.175092,0.164742,0.026243,0.139096,-0.015833,0.004691,0.003056
0,-0.360439,0.160536,0.048684,-0.016029,0.030313,-0.00341,0.005461,0.002802
0,-0.464296,0.142349,-0.076655,-0.043353,-0.091376,-0.01205,0.003648,0.002484
0,-0.262678,0.117439,0.184021,0.000616,0.170693,0.034702,0.004585,0.00205
0,-0.247189,0.052008,-0.009708,-0.088566,0.035286,-0.074347,0.004314,0.000908
0,-0.389819,0.295706,-0.117633,0.236742,-0.158644,0.192446,0.004948,0.005161
0,-0.217738,0.182382,0.170583,-0.116431,0.220421,-0.090815,0.0038,0.003183
0,-0.28529,0.136684,-0.085288,-0.029399,-0.115598,-0.03988,0.004979,0.002386
0,-0.229189,0.186035,0.040923,0.047317,0.041435,0.017269,0.004,0.003247
0,-0.278653,0.195761,-0.054233,0.009672,-0.070477,0.01177,0.004863,0.003417
0,-0.066131,0.196185,0.209258,0.023152,0.207249,0.013422,0.001154,0.003424
0,-2.155186,0.597741,-2.09619,0.415675,-2.109796,0.45682,0.00236,0.001319
0,-3.185493,1.33667,-1.030402,0.714199,-0.991991,0.731535,0.003161,0.000174
0,-3.364741,1.683241,-0.194306,0.334054,-0.22737,0.378026,3.3e-05,0.005875
0,-3.608619,1.765098,-0.231162,0.107115,-0.240927,0.101342,0.004224,0.004448
0,-2.940302,1.778703,0.65478,0.026911,0.683003,0.034313,0.004311,0.004211
0,-2.350119,1.374633,0.599367,-0.403773,0.550879,-0.441207,0.005762,0.000488
0,-1.606468,1.174943,0.729001,-0.211293,0.759727,-0.172134,0.004535,0.002997
0,-1.08269,0.684031,0.51015,-0.500977,0.554418,-0.467949,0.004607,0.000187
0,-0.809805,0.516452,0.294092,-0.158676,0.252146,-0.191752,0.002382,0.002738
0,-0.776134,0.195091,0.044425,-0.341003,0.005467,-0.384013,0.001794,0.003405
0,0.013089,0.025975,0.812618,-0.143189,0.794072,-0.134899,0.000228,0.000453
0,-0.013678,-0.172812,0.001087,-0.184379,-0.04851,-0.191553,0.000239,0.003016
0,0.400368,-0.085451,0.406958,0.073056,0.397832,0.066996,0.004764,0.001491
0,0.203462,-0.066039,-0.188561,0.034487,-0.204615,0.028054,0.003551,0.001153
0,0.407694,-0.217985,0.190957,-0.175714,0.167894,-0.21084,0.004636,0.003805
0,0.384308,-0.252041,-0.007955,-0.026439,-0.000943,-0.05895,0.005044,0.004399
0,0.23633,-0.29839,-0.173978,-0.036034,-0.136306,0.013043,0.004125,0.005208
0,0.141604,-0.216046,-0.115055,0.078423,-0.125465,0.068505,0.002471,0.003771
0,0.273242,-0.248204,0.123895,-0.038518,0.156565,-0.071845,0.004769,0.004332
0,0.284347,-0.209085,0.01395,0.028603,-0.013869,0.011515,0.004963,0.003649
0,0.284539,-0.17301,0.000453,0.038562,-0.014594,0.029555,0.004966,0.00302
0,0.199182,-0.291911,-0.11355,-0.139462,-0.081289,-0.176269,0.003476,0.005095
0,0.288104,-0.293336,0.088133,-0.020831,0.120632,-0.006973,0.005028,0.00512
0,0.072594,-0.136975,-0.203929,0.177226,-0.184514,0.135319,0.001267,0.002391
0,0.225942,-0.248613,0.129995,-0.094015,0.103637,-0.109242,0.003943,0.004339
0,0.326897,-0.155936,0.08533,0.088109,0.09254,0.089941,0.005705,0.002722
0,0.075616,-0.038107,-0.234166,0.139,-0.233127,0.090589,0.00132,0.000665
0,0.917713,-1.297766,0.868987,-1.24355,0.893507,-1.209674,0.004265,0.000853
0,0.760811,-1.515619,-0.135555,-0.190785,-0.15926,-0.238208,0.001527,0.002949
0,0.74964,-1.179196,-0.036853,0.338214,-0.004129,0.297962,0.001332,0.002923
0,0.789931,-1.470787,0.062611,-0.295316,0.039622,-0.319029,0.002035,0.002167
0,0.741039,-1.330517,-0.037083,0.139033,0.00034,0.13758,0.001182,0.000281
0,0.66393,-1.207469,-0.080167,0.134953,-0.063053,0.172832,0.000164,0.002429
0,0.729248,-1.048089,0.06913,0.183816,0.064803,0.144955,0.000976,0.005211
0,0.646854,-0.774148,-0.073812,0.259478,-0.054721,0.244162,0.000462,0.00176
0,0.465972,-0.18276,-0.178188,0.592367,-0.15549,0.566457,0.003619,0.00319
0,0.320861,-0.1205,-0.122378,0.046432,-0.114204,0.038716,0.0056,0.002103
0,0.060916,0.213836,-0.236286,0.318229,-0.217966,0.324388,0.001063,0.003732
0,0.035136,0.248687,-0.001498,0.037004,-0.027884,0.039205,0.000613,0.00434
0,-0.015695,0.02775,-0.047747,-0.241066,-0.058735,-0.259948,0.000274,0.000484
0,-0.002573,0.34073,-0.012298,0.336258,-0.052972,0.30963,4.5e-05,0.005805
0,0.00786,0.224181,0.016813,-0.130525,0.059918,-0.158198,0.000137,0.003913
0,0.042052,0.060377,0.055016,-0.189498,0.102607,-0.159257,0.000734,0.001054
0,0.029918,0.194718,-0.018027,0.161273,-0.037534,0.177201,0.000522,0.003398
0,0.002898,0.145468,-0.044969,-0.032741,-0.016716,-0.075771,5.1e-05,0.002539
0,-0.215482,-0.015745,-0.224407,-0.153133,-0.203795,-0.198269,0.003761,0.000275
0,0.033506,0.054186,0.261468,0.072634,0.222031,0.090895,0.000585,0.000946
0,-0.06187,-0.049381,-0.107051,-0.103703,-0.066369,-0.056753,0.00108,0.000862
0,-0.104871,-0.004574,-0.025851,0.038498,0.02149,0.038036,0.00183,8e-05
0,-0.028621,0.104006,0.095451,0.080599,0.094567,0.070646,0.0005,0.001815
0,-0.176457,0.121518,-0.160807,0.045724,-0.137643,0.075827,0.00308,0.002121
0,-0.126266,0.176995,0.026843,0.066294,-0.010008,0.113242,0.002204,0.003089
0,-0.216321,0.106543,-0.091425,-0.077305,-0.140582,-0.102147,0.003776,0.00186
0,-0.080656,0.210278,0.15669,0.098359,0.176792,0.134132,0.001408,0.00367
0,0.000703,0.031276,0.084714,-0.171819,0.066115,-0.18497,1.2e-05,0.000546
0,-0.166629,0.158298,-0.156367,0.123227,-0.147139,0.08249,0.002908,0.002763
0,-0.011299,0.107077,0.146211,-0.062513,0.128017,-0.076009,0.000197,0.001869
0,0.000798,0.205612,-0.001805,0.120277,0.02616,0.169294,1.4e-05,0.003589
0,-0.078224,0.043634,-0.079608,-0.132824,-0.091301,-0.149382,0.001365,0.000762
0,-0.044736,-0.064868,0.061551,-0.110662,0.028789,-0.090172,0.000781,0.001132
0,-0.22633,0.204884,-0.18807,0.245596,-0.149499,0.251798,0.00395,0.003576
0,-0.132587,-0.050362,0.093588,-0.270402,0.046685,-0.280774,0.002314,0.000879
0,-0.086907,0.002042,0.062951,0.029055,0.059211,-0.0184,0.001517,3.6e-05
0,-0.063849,0.003896,0.014007,0.003504,0.038402,0.040721,0.001114,6.8e-05
0,-0.24496,-0.015926,-0.175122,-0.000269,-0.196353,-0.004161,0.004275,0.000278
0,-0.04329,0.180143,0.184759,0.221727,0.232999,0.251129,0.000756,0.003144
0,0.000959,0.112395,0.050229,-0.08438,0.065806,-0.106345,1.7e-05,0.001962
0,-0.164547,0.168876,-0.156073,0.039933,-0.195739,0.043961,0.002872,0.002947
0,-0.02999,-0.104632,0.148559,-0.274023,0.172142,-0.226662,0.000523,0.001826
0,-0.157363,-0.046905,-0.116828,0.052195,-0.07919,0.004253,0.002747,0.000819
0,-0.128955,-0.004433,0.012956,0.030972,0.013373,0.064302,0.002251,7.7e-05
0,-0.211855,0.092262,-0.090178,0.126253,-0.134956,0.093267,0.003698,0.00161
0,-0.141465,-0.076883,0.050499,-0.16047,0.083717,-0.195774,0.002469,0.001342
0,-0.102449,-0.03734,0.063905,0.020789,0.01848,0.065338,0.001788,0.000652
0,-0.095217,0.157955,0.007777,0.197895,-0.019895,0.202862,0.001662,0.002757
0,0.013258,0.088481,0.135085,-0.054975,0.093445,-0.036408,0.000231,0.001544
0,-0.071336,-0.116232,-0.093854,-0.198513,-0.051781,-0.154304,0.001245,0.002029
0,-0.175093,-0.117948,-0.116134,0.028243,-0.151159,0.035828,0.003056,0.002059
0,0.045668,0.107386,0.22388,0.235916,0.214387,0.256805,0.000797,0.001874
0,-0.121767,-0.04882,-0.168487,-0.1592,-0.210246,-0.192694,0.002125,0.000852
0,0.062977,0.146776,0.158246,0.187114,0.201298,0.180207,0.001099,0.002562
0,0.057572,-0.051667,0.006464,-0.187751,0.027279,-0.139708,0.001005,0.000902
0,-0.118115,0.008123,-0.171567,0.037719,-0.192093,0.006356,0.002061,0.000142
0,0.00976,-0.071301,0.110258,-0.069448,0.092087,-0.052722,0.00017,0.001244
0,-0.058736,-0.064495,-0.049551,0.015017,-0.019068,0.053407,0.001025,0.001126
0,0.016437,-0.108061,0.097075,-0.05668,0.122887,-0.052164,0.000287,0.001886
0,-0.059768,0.076108,-0.097617,0.195142,-0.06823,0.19076,0.001043,0.001328
0,0.005368,0.045837,0.082657,-0.011993,0.069795,0.008399,9.4e-05,0.0008
0,0.026293,-0.010148,0.021924,-0.059135,-0.026858,-0.036332,0.000459,0.000177
0,0.076902,0.079276,0.04531,0.064517,0.050138,0.053342,0.001342,0.001384
0,0.006746,-0.027609,-0.057319,-0.116093,-0.033336,-0.152017,0.000118,0.000482
0,0.167493,0.016102,0.139793,0.035318,0.135734,-0.001033,0.002923,0.000281
0,0.166363,0.033109,-0.022482,0.033309,-0.058327,0.024431,0.002904,0.000578
0,0.046999,-0.098271,-0.100369,-0.152277,-0.129088,-0.171378,0.00082,0.001715
0,0.036172,-0.002663,0.014466,0.105734,0.022361,0.066593,0.000631,4.6e-05
0,-0.065711,-0.075476,-0.079428,-0.073514,-0.096329,-0.039299,0.001147,0.001317
0,0.026355,0.009836,0.100148,0.107586,0.089755,0.098366,0.00046,0.000172
0,-0.080665,0.053523,-0.125559,0.068554,-0.107503,0.080342,0.001408,0.000934
0,-0.104505,-0.163417,-0.036727,-0.228371,-0.057451,-0.199876,0.001824,0.002852
0,0.06831,0.050585,0.164812,0.232003,0.127416,0.212136,0.001192,0.000883
0,-0.11035,-0.094332,-0.151794,-0.172789,-0.174833,-0.143473,0.001926,0.001646
0,-0.069609,0.020777,0.032293,0.132871,0.055367,0.179699,0.001215,0.000363
0,0.064097,-0.17206,0.149066,-0.183774,0.142854,-0.136411,0.001119,0.003003
0,-0.164158,-0.037233,-0.245942,0.115815,-0.271984,0.128424,0.002865,0.00065
0,-0.144175,-0.012079,-0.003554,0.04957,0.009631,0.090675,0.002516,0.000211
0,0.006928,-0.185782,0.13894,-0.181759,0.1355,-0.200427,0.000121,0.003243
0,-0.253824,0.05368,-0.275137,0.236586,-0.233282,0.199857,0.00443,0.000937
0,-0.145043,-0.001061,0.079596,-0.041614,0.115022,-0.073333,0.002531,1.9e-05
0,0.051031,-0.201002,0.196248,-0.171071,0.204765,-0.141102,0.000891,0.003508
0,-0.266011,0.032261,-0.288029,0.205549,-0.24317,0.183526,0.004643,0.000563
0,-0.231513,-0.140427,0.064383,-0.163049,0.043111,-0.143217,0.004041,0.002451
0,-0.000898,-0.138269,0.222155,0.02639,0.212894,0.029238,1.6e-05,0.002413
0,0.003004,-0.012337,0.024211,0.100229,0.009423,0.087683,5.2e-05,0.000215
0,-0.031244,-0.095837,-0.038895,-0.067958,-0.072075,-0.062651,0.000545,0.001673
0,0.05112,-0.062482,0.062598,0.026798,0.091634,0.024858,0.000892,0.001091
0,-0.166381,-0.105046,-0.213189,-0.019346,-0.223042,-0.021356,0.002904,0.001833
0,0.091773,-0.152296,0.243532,-0.072729,0.201119,-0.101307,0.001602,0.002658
0,0.047835,0.029239,-0.063313,0.20914,-0.045878,0.232835,0.000835,0.00051
0,0.144293,-0.117772,0.116765,-0.159859,0.134185,-0.180343,0.002518,0.002056
0,-0.027951,0.021226,-0.176031,0.113259,-0.160053,0.114224,0.000488,0.00037
0,0.002984,0.08501,0.006767,0.085244,-0.020887,0.069889,5.2e-05,0.001484
0,-0.074694,-0.002252,-0.066526,-0.068885,-0.075117,-0.045678,0.001304,3.9e-05
0,0.046127,-0.074188,0.0994,-0.080575,0.094557,-0.09389,0.000805,0.001295
0,0.039202,0.102431,0.022831,0.202463,0.034436,0.180517,0.000684,0.001788
0,0.041419,-0.022097,-0.010443,-0.134586,-0.019363,-0.10113,0.000723,0.000386
0,-0.053776,0.027559,-0.117129,0.051367,-0.069797,0.060193,0.000939,0.000481
0,-0.094665,-0.098015,-0.034137,-0.153153,-0.038717,-0.13839,0.001652,0.001711
0,-0.018163,0.125901,0.09251,0.207854,0.11493,0.167672,0.000317,0.002197
0,0.210831,0.159609,0.246853,0.054681,0.283594,0.085083,0.00368,0.002786
0,0.107834,0.061273,-0.080848,-0.083837,-0.063999,-0.108293,0.001882,0.001069
0,-0.081043,0.160244,-0.204302,0.110839,-0.253175,0.127238,0.001414,0.002797
0,0.131775,0.007358,0.232302,-0.165827,0.231439,-0.18498,0.0023,0.000128
0,0.10968,-0.085973,-0.042247,-0.070194,-0.07431,-0.107711,0.001914,0.001501
0,0.087475,0.122935,0.000996,0.20814,0.005775,0.217679,0.001527,0.002146
0,0.064832,-0.040745,-0.047837,-0.140318,-0.08821,-0.097685,0.001132,0.000711
0,0.001606,-0.096485,-0.066642,-0.033966,-0.033901,-0.009498,2.8e-05,0.001684
0,-0.164262,-0.003413,-0.185642,0.115674,-0.152946,0.135407,0.002867,6e-05
0,-0.032107,-0.001597,0.126629,0.006759,0.123096,-0.030816,0.00056,2.8e-05
0,0.031256,0.072611,0.065756,0.090414,0.073578,0.111846,0.000546,0.001267
0,0.061525,-0.04504,0.001825,-0.096084,0.025665,-0.097245,0.001074,0.000786
0,-0.041873,0.051702,-0.093405,0.103567,-0.106801,0.062576,0.000731,0.000902
0,-0.067759,-0.12051,-0.035661,-0.160299,-0.026739,-0.181677,0.001183,0.002103
0,0.217851,-0.149056,0.299411,-0.005102,0.289854,-0.034466,0.003802,0.002602
0,0.142642,-0.123972,-0.065492,0.018146,-0.036885,-0.018249,0.00249,0.002164
0,0.135179,0.056993,-0.00755,0.165031,0.031136,0.133788,0.002359,0.000995
0,0.077334,0.092609,-0.033529,0.007695,-0.044388,0.056669,0.00135,0.001616
0,0.008,-0.046417,-0.085405,-0.159769,-0.08004,-0.181171,0.00014,0.00081
0,0.182918,-0.049435,0.193259,-0.015315,0.232998,-0.040324,0.003193,0.000863
0,-0.066054,-0.115101,-0.24513,-0.047375,-0.277972,-0.056662,0.001153,0.002009
0,-0.015019,-0.05305,0.036185,0.033709,0.070765,0.009706,0.000262,0.000926
0,0.046877,0.064629,0.070008,0.105289,0.079688,0.123984,0.000818,0.001128
0,0.15028,0.019291,0.087224,-0.047451,0.042807,-0.044258,0.002623,0.000337
0,0.117771,0.002183,-0.032843,-0.000551,-0.068446,-0.020834,0.002055,3.8e-05
0,-0.043746,0.031659,-0.144931,0.01568,-0.164815,0.003111,0.000764,0.000553
0,0.012204,0.045794,0.039569,0.028535,0.063953,0.054876,0.000213,0.000799
0,0.134535,0.071737,0.118303,0.016896,0.160813,0.01363,0.002348,0.001252
0,0.032749,0.013059,-0.078804,-0.032171,-0.032163,-0.045915,0.000572,0.000228
0,0.195917,-0.181675,0.191585,-0.177781,0.179408,-0.197292,0.003419,0.003171
0,0.178746,0.066572,-0.002725,0.272853,-0.052401,0.246898,0.00312,0.001162
0,-0.053804,-0.17249,-0.252368,-0.267157,-0.238315,-0.224638,0.000939,0.003011
0,0.142207,-0.040896,0.211742,0.128891,0.200919,0.087101,0.002482,0.000714
0,0.09822,-0.124808,-0.042625,-0.103961,-0.019501,-0.061008,0.001714,0.002178
0,-0.02138,-0.17276,-0.117878,-0.027221,-0.114718,-0.062569,0.000373,0.003015
0,0.076667,-0.093648,0.123914,0.052907,0.142861,0.073476,0.001338,0.001634
0,0.143911,0.045571,0.075766,0.165828,0.115446,0.126798,0.002512,0.000795
0,0.077113,-0.027019,-0.075894,-0.04447,-0.028253,-0.014894,0.001346,0.000472
0,0.160524,-0.143819,0.085513,-0.12639,0.097103,-0.132618,0.002802,0.00251
0,0.209784,0.023615,0.020343,0.193024,0.065576,0.18688,0.003661,0.000412
0,0.145636,-0.070405,-0.038982,-0.098401,-0.060583,-0.110579,0.002542,0.001229
0,-0.063237,0.079561,-0.23004,0.136011,-0.257384,0.177253,0.001104,0.001389
0,0.049976,0.018107,0.136645,-0.041911,0.160335,-0.080375,0.000872,0.000316
0,0.146667,-0.186885,0.09965,-0.190196,0.121279,-0.142207,0.00256,0.003262
0,-0.02879,0.010786,-0.149091,0.206534,-0.167085,0.159937,0.000502,0.000188
0,-0.044036,-0.02283,-0.031305,-0.033192,-0.052244,-0.037533,0.000769,0.000398
0,-0.048417,0.021823,-0.010879,0.071057,0.007933,0.022788,0.000845,0.000381
0,0.063684,0.057864,0.13293,0.065872,0.13009,0.032958,0.001111,0.00101
0,-0.012176,-0.103462,-0.09565,-0.139715,-0.134938,-0.165784,0.000213,0.001806
0,0.206727,0.087043,0.205141,0.209106,0.181454,0.204741,0.003608,0.001519
0,0.228894,-0.096651,-0.006739,-0.201949,-0.015484,-0.19287,0.003995,0.001687
0,-0.004755,-0.126447,-0.232998,-0.020301,-0.232902,-0.000707,8.3e-05,0.002207
0,0.226669,-0.043811,0.248323,0.079632,0.249431,0.106139,0.003956,0.000765
0,0.008238,-0.098955,-0.235047,-0.059278,-0.205297,-0.084094,0.000144,0.001727
0,-0.096539,0.071096,-0.093991,0.17867,-0.048379,0.194718,0.001685,0.001241
0,0.18976,-0.06823,0.300783,-0.14777,0.315023,-0.18959,0.003312,0.001191
0,-0.063556,0.047463,-0.224988,0.092174,-0.248358,0.101532,0.001109,0.000828
0,-0.066287,-0.130272,0.009611,-0.18215,0.044031,-0.145169,0.001157,0.002274
0,-0.004033,-0.120999,0.064077,0.025469,0.057846,-0.0191,7e-05,0.002112
0,-0.107661,0.066566,-0.087935,0.192306,-0.044349,0.17872,0.001879,0.001162
0,0.19573,0.050402,0.287349,-0.033367,0.28828,-0.060849,0.003416,0.00088
0,0.039334,0.030489,-0.156858,-0.010474,-0.118115,0.003135,0.000687,0.000532
0,0.001713,-0.165976,-0.043102,-0.184984,-0.081989,-0.223133,3e-05,0.002897
0,-0.032647,0.07832,-0.031316,0.226732,-0.025769,0.207108,0.00057,0.001367
0,0.166969,-0.133866,0.178124,-0.225308,0.215653,-0.208328,0.002914,0.002336
0,0.05858,-0.129063,-0.121877,-0.011995,-0.134425,-0.052163,0.001022,0.002253
0,0.09933,-0.074161,0.058309,0.057193,0.063832,0.079369,0.001734,0.001294
0,0.273499,-0.148898,0.152998,-0.083058,0.182327,-0.108525,0.004773,0.002599
0,0.304103,0.09962,0.010816,0.231223,0.019362,0.249873,0.005308,0.001739
0,0.340859,-0.04015,0.031855,-0.138496,0.061547,-0.110832,0.005803,0.000701
0,0.221684,-0.069936,-0.13638,-0.055407,-0.102933,-0.058197,0.003869,0.001221
0,0.069147,0.060973,-0.131546,0.14554,-0.085373,0.176941,0.001207,0.001064
0,0.171487,0.025232,0.127785,-0.009992,0.085005,0.005631,0.002993,0.00044
0,0.032025,0.094985,-0.143746,0.079033,-0.185398,0.111349,0.000559,0.001658
0,0.042076,0.028372,0.002423,-0.037956,-0.034742,0.000146,0.000734,0.000495
0,0.143196,-0.011253,0.124791,-0.059858,0.14749,-0.052017,0.002499,0.000196
0,-0.002733,0.121676,-0.124131,0.133402,-0.156382,0.111766,4.8e-05,0.002124
0,-0.036209,0.06497,-0.01185,-0.03293,-0.058933,-0.06775,0.000632,0.001134
0,0.125105,-0.085369,0.191057,-0.156562,0.15262,-0.163251,0.002184,0.00149
0,0.152337,0.101747,0.055824,0.160439,0.084841,0.148498,0.002659,0.001776
0,0.137084,0.100168,-0.021623,-0.005561,-0.061173,0.033698,0.002393,0.001748
0,-0.10399,0.05168,-0.245015,-0.059522,-0.249967,-0.064353,0.001815,0.000902
0,2.652735,1.277422,2.785554,1.202383,2.811685,1.190771,0.000708,0.001208
0,3.085887,1.568171,0.404756,0.319733,0.451527,0.310153,0.0049,0.003866
0,3.388708,2.652745,0.286292,1.086911,0.268123,1.060173,0.000386,0.000708
0,3.655411,2.339036,0.274096,-0.311677,0.236535,-0.26211,0.00504,0.005569
0,2.864247,2.191827,-0.763898,-0.144388,-0.724028,-0.173526,0.002984,0.003
0,2.923988,1.623946,0.081588,-0.570954,0.083462,-0.558941,0.004026,0.00484
0,2.68568,1.137793,-0.251681,-0.475263,-0.271599,-0.521428,0.000133,0.003645
0,2.144106,0.798357,-0.560882,-0.367712,-0.517104,-0.341238,0.002167,0.002182
0,1.331874,0.617487,-0.795657,-0.15522,-0.807367,-0.140274,0.000258,0.000975
0,0.642001,0.353634,-0.673566,-0.242802,-0.718475,-0.231209,0.000547,0.00558
0,0.181117,-0.016436,-0.490688,-0.396502,-0.478762,-0.41396,0.003161,0.000287
0,-0.013845,-0.228654,-0.204834,-0.219182,-0.218726,-0.236759,0.000242,0.003991
0,0.007016,-0.062723,0.047566,0.145077,0.059311,0.161182,0.000122,0.001095
0,0.010538,-0.224586,-0.005019,-0.135615,-0.040482,-0.107317,0.000184,0.00392
0,-0.132378,-0.224982,-0.131208,0.014252,-0.147138,-0.01168,0.00231,0.003927
0,-0.310918,-0.347057,-0.162196,-0.148199,-0.185748,-0.128669,0.005427,0.005694
0,-0.301704,-0.154013,0.025436,0.198221,0.019895,0.221561,0.005266,0.002688
0,-0.391031,-0.073479,-0.107363,0.051337,-0.145588,0.045387,0.004927,0.001282
0,-0.365295,-0.310941,0.049024,-0.22263,0.033192,-0.179978,0.005376,0.005427
0,-0.309993,-0.198205,0.07387,0.085881,0.085306,0.065419,0.00541,0.003459
0,-0.236403,-0.133404,0.101954,0.090799,0.053849,0.046268,0.004126,0.002328
0,0.061113,-0.048214,0.282192,0.065556,0.320472,0.032501,0.001067,0.000841
0,0.110253,-0.199879,0.020214,-0.148211,-0.013068,-0.114509,0.001924,0.003489
0,-0.10174,-0.099236,-0.182817,0.097838,-0.158781,0.11663,0.001776,0.001732
0,0.001518,-0.086371,0.11127,-0.010493,0.092133,0.00219,2.7e-05,0.001507
0,0.048971,-0.176212,0.020354,-0.066911,0.020899,-0.073493,0.000855,0.003075
0,0.051277,-0.019266,-0.014392,0.132035,-0.000641,0.090749,0.000895,0.000336
0,-0.03601,-0.145417,-0.073304,-0.155769,-0.061138,-0.115536,0.000628,0.002538
0,-0.114508,-0.08888,-0.054668,0.032897,-0.071356,0.000869,0.001999,0.001551
0,0.133065,-0.275333,0.262865,-0.196707,0.292851,-0.219721,0.002322,0.004805
0,0.015542,-0.048136,-0.107284,0.203416,-0.132921,0.219592,0.000271,0.00084
0,0.052451,-0.02013,0.046371,0.014503,0.095392,0.04208,0.000915,0.000351
0,0.087167,-0.063941,0.048264,-0.058285,0.050772,-0.081003,0.001521,0.001116
0,-0.019913,-0.12779,-0.127636,-0.049954,-0.100881,-0.078576,0.000348,0.00223
0,0.156196,-0.21079,0.156839,-0.07529,0.132107,-0.045495,0.002726,0.003679
0,-0.132013,-0.100983,-0.263361,0.096351,-0.259717,0.116474,0.002304,0.001762
0,0.151097,-0.088502,0.258693,-0.013901,0.259276,0.03295,0.002637,0.001545
0,0.276314,-0.720159,0.154369,-0.616223,0.132303,-0.635027,0.004823,0.000817
0,0.432211,-0.965774,0.143703,-0.228983,0.170071,-0.228456,0.004208,0.005104
0,0.450772,-1.314402,0.044837,-0.37381,0.032281,-0.350755,0.003884,0.000563
0,0.305042,-1.350474,-0.135136,-0.034355,-0.097918,-0.000587,0.005324,6.7e-05
0,0.113041,-1.014352,-0.205346,0.31657,-0.215994,0.295556,0.001973,0.0058
0,0.285827,-0.646774,0.155834,0.36921,0.120246,0.415996,0.004989,0.000463
0,0.183405,-0.553513,-0.075668,0.065311,-0.028829,0.019111,0.003201,0.002091
0,0.153498,-0.208265,-0.022912,0.332307,-0.066937,0.378379,0.002679,0.003635
0,0.101,0.009534,-0.063809,0.187891,-0.10659,0.222849,0.001763,0.000166
0,0.306158,-0.143542,0.214639,-0.130625,0.181334,-0.119761,0.005343,0.002505
0,0.313435,0.045807,0.004367,0.207102,-0.015943,0.197284,0.00547,0.000799
0,0.312461,0.218794,-0.014242,0.198951,-0.054868,0.24103,0.005453,0.003819
0,0.422806,0.420137,0.135231,0.219762,0.091486,0.249288,0.004372,0.004419
0,0.447451,0.203095,0.047601,-0.218234,0.02116,-0.237371,0.003942,0.003545
0,0.400027,0.317117,-0.021694,0.09766,0.025627,0.065815,0.000796,0.005535
0,9.059685,0.203828,8.650525,-0.120583,8.696362,-0.111148,0.005349,0.003557
0,9.098615,0.133959,0.06566,-0.043273,0.021102,-0.001019,0.005723,0.002338
0,9.019331,0.215565,-0.096292,0.074132,-0.10209,0.109662,0.004645,0.003762
0,9.134712,0.112323,0.099782,-0.133082,0.129787,-0.150103,0.005093,0.00196
0,8.979517,0.269099,-0.140266,0.139457,-0.174859,0.098149,0.00395,0.004697
0,8.941009,0.131947,-0.037722,-0.131589,-0.035884,-0.086596,0.003278,0.002303
0,8.92658,0.252967,-0.014167,0.120862,-0.028572,0.12101,0.003026,0.004415
0,9.022327,0.233516,0.094204,-0.040037,0.143117,-0.038565,0.004697,0.004076
0,9.042716,0.138396,0.011606,-0.09218,-0.002673,-0.052723,0.005053,0.002415
0,9.074867,0.125221,0.043273,-0.017406,0.065709,-0.043646,0.005614,0.002186
0,8.929065,0.3049,-0.12902,0.157369,-0.172511,0.125526,0.00307,0.005322
0,9.128598,0.230742,0.203165,-0.076781,0.196191,-0.061391,0.0052,0.004027
0,8.958071,0.17954,-0.151635,-0.075915,-0.163948,-0.092131,0.003576,0.003134
0,9.10092,0.175575,0.16767,0.02397,0.164439,-0.007652,0.005683,0.003064
0,9.002196,0.303393,-0.120437,0.119784,-0.154272,0.103764,0.004346,0.005295
0,9.094901,0.337987,0.11962,0.034589,0.097489,-0.011384,0.005788,0.005853
0,8.891531,0.120696,-0.197182,-0.23733,-0.21526,-0.192568,0.002414,0.002107
0,8.425321,0.08365,-0.447886,-0.013861,-0.423298,-0.004429,0.005722,0.00146
0,7.869689,0.038512,-0.531969,-0.06063,-0.523346,-0.090331,0.003668,0.000672
0,7.540005,0.153255,-0.359017,0.111765,-0.377977,0.097435,0.002329,0.002675
0,7.130761,0.196284,-0.402342,0.054147,-0.4373,0.093428,0.004813,0.003426
0,6.722038,0.14667,-0.421307,-0.048032,-0.420713,-0.063689,0.000195,0.00256
0,6.293759,0.157581,-0.431011,0.014778,-0.405343,0.021169,0.004082,0.00275
0,5.776853,0.050327,-0.508811,-0.107073,-0.520073,-0.086723,0.00494,0.000878
0,5.543118,0.029512,-0.204357,-0.006345,-0.244827,0.005638,0.002732,0.000515
0,5.149228,0.152141,-0.40254,0.116548,-0.398507,0.083166,0.004143,0.002655
0,4.86207,0.272101,-0.271302,0.141075,-0.315077,0.114859,0.002597,0.004749
0,4.52364,0.264687,-0.323329,-0.019992,-0.275083,-0.032252,0.003309,0.00462
0,4.278178,0.069968,-0.225089,-0.174384,-0.271091,-0.217438,0.004158,0.001221
0,3.976582,0.014132,-0.318033,-0.05774,-0.359951,-0.032319,0.001106,0.000247
0,3.719501,0.094205,-0.26964,0.105094,-0.236759,0.143847,0.005593,0.001644
0,3.617115,0.043552,-0.080718,-0.067324,-0.05754,-0.018599,0.004372,0.00076
0,3.346722,0.076212,-0.255544,0.059374,-0.269596,0.019694,0.000347,0.00133
0,3.104447,0.183857,-0.269655,0.108402,-0.280811,0.091772,0.004576,0.003209
0,2.925372,-0.032201,-0.152959,-0.232629,-0.173472,-0.23752,0.004051,0.000562
0,2.803186,-0.020993,-0.14356,0.036128,-0.123122,0.02643,0.001918,0.000366
0,2.816528,-0.014594,-0.006175,-0.017651,0.005368,-0.049301,0.002151,0.000255
0,2.459331,0.122211,-0.337519,0.12132,-0.297815,0.101057,0.004083,0.002133
0,2.372853,0.073321,-0.09791,-0.071552,-0.132995,-0.114399,0.005593,0.00128
0,2.301107,-0.018375,-0.089892,-0.093158,-0.088612,-0.092486,0.004907,0.000321
0,2.326297,-0.05677,0.024406,-0.062378,0.053875,-0.033078,0.005346,0.000991
0,2.209191,-0.071688,-0.113523,0.005662,-0.112091,-0.009532,0.003303,0.001251
0,2.090901,0.146664,-0.090479,0.207804,-0.135735,0.233271,0.001238,0.00256
0,1.716996,0.004876,-0.364797,-0.114157,-0.335253,-0.081088,0.005288,8.5e-05
0,1.85063,0.099088,0.106373,0.10436,0.140466,0.07847,0.002956,0.001729
0,1.50395,0.014775,-0.32737,-0.089109,-0.354227,-0.120271,0.002745,0.000258
0,1.471098,0.127521,-0.027713,0.112357,-0.032222,0.086574,0.002172,0.002226
0,1.354193,0.205508,-0.091799,0.062549,-0.046833,0.09634,0.000132,0.003587
0,1.408027,0.06357,0.076057,-0.152191,0.059518,-0.150858,0.001071,0.001109
0,1.108618,0.125009,-0.276684,0.083817,-0.312691,0.107861,0.004154,0.002182
0,1.288007,0.139909,0.189774,0.000741,0.1408,0.043465,0.001023,0.002442
0,1.13764,0.189714,-0.129344,0.020648,-0.146566,0.016538,0.003648,0.003311
0,1.109217,0.186015,-0.00437,-0.000876,0.026929,-0.020041,0.004144,0.003247
0,0.946206,0.113746,-0.168935,-0.067735,-0.149601,-0.053255,0.004763,0.001985
0,0.922064,0.166554,-0.05241,0.028754,-0.076974,0.060133,0.004341,0.002907
0,0.770082,0.207166,-0.136823,0.06695,-0.119664,0.0775,0.001689,0.003616
0,1.01003,0.066697,0.227466,-0.168011,0.179702,-0.15456,0.005875,0.001164
0,0.70602,0.059763,-0.30052,0.019639,-0.261622,-0.014656,0.000571,0.001043
0,0.911817,0.103835,0.21707,0.053842,0.215319,0.004605,0.004163,0.001812
0,0.750113,0.218247,-0.14465,0.144303,-0.095032,0.132731,0.00134,0.003809
0,0.84361,0.177738,0.101115,-0.041488,0.109263,-0.073958,0.002972,0.003102
0,0.718365,0.231388,-0.09752,0.067837,-0.090017,0.07236,0.000786,0.004038
0,0.639798,0.257567,-0.091263,0.007909,-0.122152,-0.036148,0.000585,0.004495
0,0.674878,0.210317,0.016045,-0.045021,0.056084,-0.004624,2.7e-05,0.003671
0,0.70073,0.051473,0.049341,-0.142515,0.010934,-0.143886,0.000478,0.000898
0,0.573417,0.045915,-0.128321,0.000864,-0.139424,0.005978,0.001744,0.000801
0,0.425028,0.239026,-0.122142,0.215361,-0.110553,0.209544,0.004334,0.004172
0,0.53911,0.19743,0.096549,-0.013264,0.103518,0.030085,0.002342,0.003446
0,0.422339,0.012761,-0.091707,-0.192032,-0.107243,-0.215715,0.00438,0.000223
0,0.483868,0.134966,0.075951,0.101228,0.037245,0.12003,0.003307,0.002356
0,0.277625,0.038097,-0.229679,-0.111056,-0.276539,-0.094059,0.004845,0.000665
0,0.457006,0.125028,0.150243,0.0714,0.101078,0.072178,0.003775,0.002182
0,0.301836,-0.034072,-0.149448,-0.163956,-0.10731,-0.123446,0.005268,0.000595
0,0.281021,0.099168,-0.002963,0.115279,0.014827,0.155669,0.004905,0.001731
0,0.136447,0.127952,-0.127202,0.04801,-0.102635,0.052987,0.002381,0.002233
0,0.144163,0.203092,0.027902,0.05659,0.036107,0.100105,0.002516,0.003545
0,0.314086,-0.040684,0.183194,-0.218107,0.133891,-0.207939,0.005482,0.00071
0,0.311651,0.15017,-0.024624,0.213884,0.015541,0.237681,0.005439,0.002621
0,0.34137,-0.047614,0.021553,-0.213061,-0.018849,-0.238406,0.005794,0.000831
0,0.360924,0.127855,0.024944,0.19067,0.01319,0.21478,0.005452,0.002231
0,4.464003,1.036615,4.089968,0.911792,4.133451,0.913308,0.00435,0.005411
0,8.984994,1.530822,4.494162,0.512974,4.486023,0.547503,0.004046,0.003214
0,8.861878,1.823133,-0.098715,0.302549,-0.110046,0.315031,0.001897,0.003435
0,8.851125,2.077487,-0.028977,0.271027,0.019514,0.303412,0.001709,0.001004
0,9.144302,2.099997,0.317234,0.002868,0.281846,0.050531,0.004926,0.001397
0,7.967378,1.644205,-1.198241,-0.442708,-1.207084,-0.440465,0.001963,0.005193
0,5.215367,1.240863,-2.75693,-0.399647,-2.764821,-0.411705,0.002988,0.001846
0,4.57333,1.086185,-0.671418,-0.17154,-0.650617,-0.127847,0.002442,0.004546
0,3.251334,0.874827,-1.312028,-0.239269,-1.351709,-0.234723,0.002012,0.003517
0,2.501846,0.489877,-0.761097,-0.385881,-0.713854,-0.348414,0.000632,0.003202
0,9.058713,0.376589,6.55007,-0.099536,6.543371,-0.082605,0.005332,0.005179
0,9.082274,0.041651,0.017807,-0.326358,-0.007129,-0.371839,0.005744,0.000727
0,9.021519,-0.184261,-0.064516,-0.198275,-0.02619,-0.224124,0.004683,0.003216
0,8.853757,-0.279205,-0.184672,-0.114942,-0.139962,-0.12576,0.001755,0.004873
0,8.868617,-0.432259,-0.002869,-0.146426,-0.014396,-0.106297,0.002014,0.004207
0,8.968519,-0.345716,0.094515,0.067871,0.10109,0.033739,0.003758,0.005718
0,9.009404,-0.186023,0.023667,0.135963,-0.002093,0.113647,0.004472,0.003247
0,8.996805,-0.089377,-0.03628,0.068718,-0.07733,0.018806,0.004252,0.00156
0,8.996437,-0.109261,-0.015753,-0.037577,-0.064811,-0.016297,0.004245,0.001907
0,8.905683,-0.137514,-0.091562,-0.053874,-0.088362,-0.088743,0.002661,0.0024
0,8.916562,-0.010489,0.004977,0.12943,0.037784,0.107294,0.002851,0.000183
0,9.045783,-0.127275,0.148482,-0.134105,0.15635,-0.157142,0.005107,0.002221
0,8.894207,-0.038178,-0.179181,0.067132,-0.156081,0.040532,0.002461,0.000666
0,9.12345,-0.006615,0.240624,0.022781,0.242166,0.017502,0.00529,0.000115
0,8.941329,0.073968,-0.199919,0.070936,-0.193565,0.117809,0.003284,0.001291
0,9.118219,-0.096,0.155378,-0.186168,0.16969,-0.204084,0.005381,0.001676
0,8.931517,0.14954,-0.188715,0.228596,-0.195511,0.243856,0.003112,0.00261
0,8.333981,0.090915,-0.616375,-0.072199,-0.661571,-0.114725,0.004435,0.001587
0,7.928196,0.067295,-0.377457,-0.029559,-0.408274,-0.07684,0.002647,0.001175
0,7.369328,-0.034777,-0.587494,-0.108489,-0.567405,-0.12432,0.00065,0.000607
0,6.929592,-0.022002,-0.459466,0.033948,-0.437035,0.024926,0.003427,0.000384
0,6.623416,0.03541,-0.294305,0.072434,-0.321174,0.033966,0.001917,0.000618
0,6.230816,0.172868,-0.415212,0.145033,-0.400747,0.096531,0.002983,0.003017
0,5.8109,0.139232,-0.41834,-0.005686,-0.431569,0.027464,0.004346,0.00243
0,5.345208,0.218842,-0.481756,0.052507,-0.466517,0.028676,0.000722,0.00382
0,4.98942,0.145262,-0.365965,-0.095308,-0.388899,-0.127642,0.00482,0.002535
0,4.765422,0.174435,-0.196562,0.032332,-0.171832,0.049878,0.00091,0.003044
0,4.491463,0.061735,-0.294921,-0.087073,-0.273447,-0.066498,0.003871,0.001077
0,4.158376,0.03213,-0.345086,-0.057354,-0.392301,-0.048738,0.002067,0.000561
0,4.052185,-0.008266,-0.13214,-0.023488,-0.090336,-0.06603,0.000214,0.000144
0,3.762944,0.121963,-0.283614,0.102205,-0.315394,0.131754,0.004834,0.002129
0,3.502643,-0.017138,-0.278821,-0.141565,-0.234848,-0.150307,0.002374,0.000299
0,3.267791,0.085648,-0.243831,0.119472,-0.246901,0.12285,0.001725,0.001495
0,2.916697,-0.035613,-0.33842,-0.13837,-0.328977,-0.15839,0.003899,0.000622
0,2.962011,-0.000575,0.042141,0.044891,0.0088,0.012083,0.00469,1e-05
0,2.863368,0.071659,-0.117987,0.092002,-0.09376,0.070185,0.002968,0.001251
0,2.480969,0.085675,-0.35302,0.043625,-0.386387,0.075183,0.003706,0.001495
0,2.416929,0.020432,-0.064478,-0.068479,-0.090435,-0.097906,0.004823,0.000357
0,2.107366,-0.015085,-0.295198,-0.035743,-0.255406,-0.071456,0.001525,0.000263
0,2.177611,0.127523,0.050197,0.131967,0.074236,0.153624,0.002751,0.002226
0,1.865279,0.107218,-0.290227,0.001354,-0.288964,0.019362,0.0027,0.001871
0,1.706271,-0.039977,-0.18621,-0.171059,-0.211602,-0.219001,0.005475,0.000698
0,1.836115,0.01262,0.118458,0.05233,0.083038,0.09341,0.003209,0.00022
0,1.55527,0.131274,-0.307214,0.101635,-0.324322,0.080229,0.003641,0.002291
0,1.687995,0.031376,0.127759,-0.129118,0.108078,-0.114195,0.005794,0.000548
0,1.504596,0.147744,-0.186025,0.103617,-0.178473,0.120741,0.002757,0.002579
0,1.330572,-0.032622,-0.156974,-0.18278,-0.198413,-0.171512,0.000281,0.000569
0,1.361753,0.227577,0.049534,0.255567,0.02693,0.240645,0.000264,0.003972
0,1.413295,0.003435,0.050438,-0.205512,0.005307,-0.157948,0.001163,6e-05
0,1.201653,0.182633,-0.238109,0.178276,-0.282582,0.155936,0.002531,0.003188
0,1.296976,0.238915,0.122553,0.056411,0.108922,0.038665,0.000867,0.00417
0,1.143202,0.212698,-0.144513,-0.038766,-0.102588,0.003198,0.003551,0.003712
0,1.132531,0.074271,0.004393,-0.116769,0.054202,-0.089364,0.003737,0.001296
0,0.954791,0.166054,-0.183571,0.098306,-0.225733,0.063949,0.004913,0.002898
0,0.917295,0.233694,-0.01402,0.096153,-0.058646,0.14363,0.004258,0.004079
0,0.966832,0.096188,0.028792,-0.140873,0.053888,-0.102138,0.005123,0.001679
0,0.85768,0.248766,-0.099002,0.168617,-0.114792,0.123069,0.003218,0.004342
0,0.69674,0.023818,-0.135325,-0.232481,-0.103838,-0.222994,0.000409,0.000416
0,0.744834,0.131825,0.039879,0.100747,0.026566,0.107763,0.001248,0.002301
0,0.824347,0.206217,0.073017,0.071213,0.107115,0.06422,0.002636,0.003599
0,0.740707,0.230812,-0.075453,0.030061,-0.051717,0.061473,0.001176,0.004028
0,0.767871,0.261915,0.018664,0.006558,0.015527,0.008942,0.00165,0.004571
0,0.629528,0.090565,-0.134962,-0.147335,-0.145157,-0.136255,0.000764,0.001581
0,0.414434,0.228736,-0.193353,0.153046,-0.241314,0.201353,0.004518,0.003992
0,0.546634,0.203857,0.157328,-0.022965,0.136216,-0.063197,0.002211,0.003558
0,0.511398,0.056059,-0.030889,-0.157406,-0.071779,-0.180208,0.002826,0.000978
0,0.311264,0.216231,-0.22272,0.168948,-0.175631,0.206607,0.005433,0.003774
0,0.495868,0.031499,0.154801,-0.171028,0.172312,-0.172922,0.003097,0.00055
0,0.456562,0.20552,-0.037679,0.169768,-0.049926,0.129661,0.003783,0.003587
0,0.227977,0.189221,-0.214628,-0.019045,-0.192147,-0.009919,0.003979,0.003303
0,0.314208,0.106972,0.074437,-0.103523,0.02909,-0.09457,0.005484,0.001867
0,0.379544,0.214076,0.078673,0.135647,0.11188,0.129489,0.005127,0.003736
0,0.308667,0.20686,-0.093045,-0.012733,-0.067361,0.026567,0.005387,0.00361
0,0.133268,-0.062375,-0.150572,-0.288327,-0.173973,-0.280072,0.002326,0.001089
0,0.054738,0.076147,-0.08694,0.167177,-0.052938,0.143474,0.000955,0.001329
0,0.085378,0.190858,0.033864,0.119923,0.040755,0.089316,0.00149,0.003331
0,0.231425,0.082992,0.147238,-0.099611,0.150254,-0.075885,0.004039,0.001448
0,0.205979,0.020401,-0.046256,-0.076846,-0.049193,-0.114887,0.003595,0.000356
0,0.141565,0.177099,-0.067172,0.131568,-0.11691,0.177603,0.002471,0.003091
0,0.261844,0.211143,0.128701,0.041982,0.156733,-0.003907,0.00457,0.003685
0,0.282878,0.10978,0.007974,-0.124704,-0.016503,-0.17177,0.004937,0.001916
0,0.287251,0.067585,-0.009972,-0.044404,0.012155,-0.090677,0.005013,0.00118
0,0.148348,-0.04053,-0.114052,-0.138037,-0.100275,-0.088841,0.002589,0.000707
0,0.172385,0.042901,0.029618,0.084715,0.064962,0.113392,0.003009,0.000749
0,0.027037,-0.084383,-0.165365,-0.15594,-0.135958,-0.149531,0.000472,0.001473
0,0.013807,-0.103136,0.009243,-0.010114,0.031683,-0.033599,0.000241,0.0018
0,0.214686,0.038156,0.223003,0.167313,0.251964,0.132188,0.003747,0.000666
0,0.248976,-0.080316,0.05003,-0.095636,0.038588,-0.060117,0.004345,0.001402
0,0.071081,-0.103303,-0.152052,-0.015919,-0.137906,-0.047436,0.001241,0.001803
0,0.278708,0.098667,0.182955,0.194155,0.136227,0.148676,0.004864,0.001722
0,0.131533,0.067554,-0.119336,-0.022038,-0.165249,-0.067868,0.002296,0.001179
0,0.075775,0.057685,-0.080598,0.000621,-0.075187,-0.04177,0.001323,0.001007
0,0.175059,0.026815,0.114107,-0.051281,0.092593,-0.083513,0.003055,0.000468
0,0.125342,0.172204,-0.061969,0.127132,-0.05174,0.095564,0.002188,0.003006
0,-0.011619,0.080466,-0.115033,-0.104295,-0.071536,-0.132562,0.000203,0.001404
0,0.16259,-0.060884,0.144303,-0.114822,0.106799,-0.083126,0.002838,0.001063
0,0.118756,0.07609,-0.046011,0.153121,-0.027924,0.19674,0.002073,0.001328
0,0.194667,-0.00756,0.099524,-0.05549,0.108588,-0.019266,0.003398,0.000132
0,0.114037,-0.035804,-0.098382,-0.034877,-0.088276,-0.063749,0.00199,0.000625
0,0.027802,0.214336,-0.062863,0.256359,-0.096355,0.220794,0.000485,0.003741
0,0.016558,-0.020973,-0.026935,-0.238135,-0.039095,-0.268414,0.000289,0.000366
0,0.016445,0.082075,0.023964,0.104827,0.013125,0.066172,0.000287,0.001432
0,-0.153844,0.01681,-0.162847,-0.088784,-0.125455,-0.07851,0.002685,0.000293
0,-0.116323,0.066722,0.026718,0.049903,0.028846,0.091515,0.00203,0.001165
0,0.064277,0.028176,0.192588,-0.040103,0.186306,-0.080022,0.001122,0.000492
0,-0.033807,0.117605,-0.107186,0.093386,-0.145529,0.142156,0.00059,0.002053
0,0.044762,0.01899,0.081633,-0.084427,0.073313,-0.09419,0.000781,0.000331
0,0.14267,0.151781,0.106927,0.117052,0.117705,0.153066,0.00249,0.002649
0,-0.016302,0.184764,-0.163105,0.009504,-0.174882,-0.009093,0.000285,0.003225
0,0.101765,0.04219,0.127276,-0.150243,0.087488,-0.198389,0.001776,0.000736
0,0.095048,0.049197,0.009791,-0.00508,-0.026823,-0.026535,0.001659,0.000859
0,0.087118,0.044444,-0.012558,-0.031308,0.035373,0.005597,0.001521,0.000776
0,0.003604,0.171584,-0.099253,0.102814,-0.120186,0.072769,6.3e-05,0.002995
0,0.050226,-0.056577,0.064722,-0.219016,0.07421,-0.266628,0.000877,0.000987
0,0.037286,0.112771,0.015271,0.192962,-0.010483,0.149905,0.000651,0.001968
0,0.050216,0.044309,0.03007,-0.042872,0.057174,-0.087076,0.000876,0.000773
0,-0.156171,-0.011033,-0.227686,-0.065844,-0.208609,-0.110603,0.002726,0.000193
0,-0.142679,0.074716,0.020877,0.092313,-0.006363,0.124155,0.00249,0.001304
0,-0.085387,-0.112803,0.053931,-0.213769,0.062916,-0.169969,0.00149,0.001969
0,0.077873,0.120822,0.139785,0.216833,0.103406,0.243528,0.001359,0.002109
0,-0.113279,0.160836,-0.176621,0.028498,-0.205211,-0.009634,0.001977,0.002807
0,0.110158,0.099054,0.212882,-0.04335,0.252457,-0.046835,0.001923,0.001729
0,-0.080332,-0.027809,-0.201779,-0.141809,-0.176944,-0.110455,0.001402,0.000485
0,-0.089001,-0.025595,-0.004203,-0.02363,0.018053,-0.045468,0.001553,0.000447
0,-0.046265,-0.027005,0.065851,-0.007682,0.044738,0.024406,0.000807,0.000471
0,-0.121428,-0.128634,-0.09769,-0.109247,-0.135727,-0.081251,0.002119,0.002245
0,-0.136718,0.146928,-0.033033,0.246965,-0.027561,0.231763,0.002386,0.002564
0,-0.004164,-0.045619,0.123474,-0.205734,0.159698,-0.160834,7.3e-05,0.000796
0,0.100899,0.018228,0.078753,0.056147,0.06141,0.022976,0.001761,0.000318
0,-0.126255,0.038908,-0.250902,0.016693,-0.20791,0.03014,0.002204,0.000679
0,0.035542,0.006322,0.157898,-0.029656,0.145946,-0.04597,0.00062,0.00011
0,0.136276,-0.153747,0.091502,-0.163957,0.108185,-0.136053,0.002378,0.002683
0,0.198545,0.017038,0.034826,0.169627,0.054774,0.133122,0.003465,0.000297
0,0.124842,-0.050735,-0.062392,-0.041922,-0.085798,-0.079262,0.002179,0.000886
0,0.150094,-0.075762,0.000188,-0.037581,-0.038062,-0.028165,0.00262,0.001322
0,-0.0212,0.107127,-0.179444,0.176771,-0.17219,0.20453,0.00037,0.00187
0,-0.007761,0.050069,0.005317,-0.085792,0.022784,-0.04538,0.000135,0.000874
0,-0.026539,0.072508,-0.001599,0.009692,0.037121,-0.00339,0.000463,0.001266
0,0.210842,0.032835,0.207843,-0.05245,0.185178,-0.048077,0.00368,0.000573
0,0.032444,-0.110208,-0.194434,-0.164445,-0.189614,-0.188035,0.000566,0.001924
0,0.140329,0.030188,0.119259,0.156472,0.166607,0.163276,0.002449,0.000527
0,0.225547,0.018332,0.098804,0.015859,0.101431,-0.006075,0.003937,0.00032
0,-0.050963,-0.011858,-0.281896,-0.03395,-0.294605,-0.076796,0.000889,0.000207
0,-0.006447,-0.063744,0.025532,-0.080386,0.026243,-0.069801,0.000113,0.001113
0,0.146959,-0.152271,0.15566,-0.058995,0.136901,-0.086294,0.002565,0.002658
0,0.175969,-0.056409,0.016197,0.111916,0.052277,0.115523,0.003071,0.000985
0,0.055807,-0.046474,-0.117984,0.036804,-0.116198,0.061674,0.000974,0.000811
0,0.077984,-0.02275,0.047919,0.046976,0.093665,0.036994,0.001361,0.000397
0,-0.120855,-0.079211,-0.173298,-0.03073,-0.153465,-0.016297,0.002109,0.001382
0,0.090706,0.055767,0.20118,0.12782,0.208561,0.168598,0.001583,0.000973
0,-0.013099,-0.16884,-0.13301,-0.243477,-0.147522,-0.224816,0.000229,0.002947
0,0.137076,-0.001682,0.160716,0.163319,0.191258,0.143634,0.002392,2.9e-05
0,0.028517,-0.056227,-0.122042,-0.074654,-0.118241,-0.082604,0.000498,0.000981
0,0.114868,-0.127407,0.069732,-0.05076,0.030242,-0.082912,0.002005,0.002224
0,-0.036248,-0.071218,-0.151035,0.052732,-0.146735,0.086116,0.000633,0.001243
0,0.025941,-0.127403,0.072351,-0.085527,0.050788,-0.120082,0.000453,0.002224
0,-0.069068,0.100599,-0.075319,0.247785,-0.072023,0.29744,0.001205,0.001756
0,-0.060669,-0.105483,-0.007536,-0.189272,-0.007457,-0.196576,0.001059,0.001841
0,0.003415,0.003085,0.093473,0.082948,0.097704,0.101917,6e-05,5.4e-05
0,0.154533,0.008596,0.122092,0.013375,0.135815,-0.032653,0.002697,0.00015
0,0.049548,0.11548,-0.129491,0.116889,-0.157211,0.147557,0.000865,0.002016
0,-0.042441,-0.046453,-0.093891,-0.188412,-0.128255,-0.149347,0.000741,0.000811
0,0.057481,0.044462,0.089905,0.104548,0.068407,0.154142,0.001003,0.000776
0,0.004374,-0.027262,-0.079383,-0.082289,-0.040443,-0.04885,7.6e-05,0.000476
0,0.20237,-0.103169,0.169578,-0.046975,0.199524,-0.063255,0.003532,0.001801
0,-0.051681,-0.05114,-0.232565,0.030203,-0.226472,-0.008064,0.000902,0.000893
0,0.188612,0.0807,0.251016,0.159575,0.25525,0.205706,0.003292,0.001408
0,-0.013313,-0.080287,-0.204856,-0.15782,-0.196437,-0.123846,0.000232,0.001401
0,-0.027988,-0.03023,-0.01795,0.029328,-0.047567,0.074114,0.000488,0.000528
0,-0.06582,0.016601,-0.06022,0.061285,-0.086555,0.02137,0.001149,0.00029
0,0.016315,0.034371,0.109393,0.033544,0.083585,0.042136,0.000285,0.0006
0,-0.034972,0.03939,-0.059154,0.00021,-0.034747,0.046121,0.00061,0.000687
0,0.079202,-0.088008,0.122429,-0.141369,0.113574,-0.110847,0.001382,0.001536
0,0.015021,-0.019587,-0.042261,0.063696,-0.089462,0.075927,0.000262,0.000342
0,0.162802,0.103068,0.16269,0.102547,0.128919,0.119375,0.002841,0.001799
0,0.12771,0.064999,-0.063544,-0.041801,-0.04432,-0.012731,0.002229,0.001134
0,0.174809,-0.024845,0.071752,-0.068041,0.02413,-0.082109,0.003051,0.000434
0,-0.129204,-0.050365,-0.286022,-0.009432,-0.321615,0.010386,0.002255,0.000879
0,0.015397,0.066361,0.161336,0.094077,0.209415,0.047113,0.000269,0.001158
0,0.085058,-0.013722,0.08981,-0.105903,0.045482,-0.114101,0.001485,0.000239
0,0.12362,0.011548,0.032233,0.053446,0.052201,0.093998,0.002158,0.000202
0,-0.021894,0.029802,-0.169305,0.006749,-0.215648,-0.002821,0.000382,0.00052
0,0.002401,0.102072,0.038635,0.049992,0.023461,0.080292,4.2e-05,0.001781
0,0.162808,-0.06011,0.173628,-0.164,0.173199,-0.150132,0.002842,0.001049
0,0.089314,-0.038185,-0.060592,0.000363,-0.068975,0.03148,0.001559,0.000666
0,0.03066,0.13355,-0.04277,0.158966,-0.069139,0.109508,0.000535,0.002331
0,0.086617,-0.019334,0.060957,-0.128157,0.023496,-0.11221,0.001512,0.000337
0,-0.011319,-0.148354,-0.117715,-0.146579,-0.092447,-0.127351,0.000198,0.002589
0,-0.00211,0.103695,0.024517,0.258429,0.011131,0.27077,3.7e-05,0.00181
0,0.002182,-0.016469,-0.009448,-0.129239,0.024593,-0.162222,3.8e-05,0.000287
0,-0.080492,0.09966,-0.086581,0.110884,-0.11971,0.145768,0.001405,0.001739
0,0.130911,-0.16924,0.189293,-0.245329,0.148289,-0.237824,0.002285,0.002954
0,0.077259,-0.034239,-0.041958,0.113789,-0.075395,0.163603,0.001348,0.000598
0,0.000331,-0.172188,-0.047795,-0.142101,-0.076512,-0.135677,6e-06,0.003005
0,-0.004648,-0.072483,-0.022862,0.0743,-0.066834,0.117579,8.1e-05,0.001265
0,0.020115,0.058887,0.017369,0.121495,-0.008415,0.152502,0.000351,0.001028
0,3.4733,-2.028143,3.443725,-2.115103,3.415758,-2.076463,0.001862,0.000143
0,6.623617,-2.63124,3.165256,-0.582169,3.134974,-0.58693,0.001913,0.001083
0,7.58235,-2.352869,0.952056,0.26006,0.907011,0.278787,0.003068,0.00581
0,8.764062,-2.035734,1.2066,0.326775,1.219016,0.311481,0.00019,0.000275
0,9.022765,-1.892522,0.249547,0.142119,0.212548,0.103454,0.004705,0.002224
0,7.762994,-1.253382,-1.277498,0.627651,-1.294625,0.645619,0.005531,0.001628
0,7.085949,-1.109636,-0.666837,0.148213,-0.651706,0.109471,0.005596,0.004137
0,6.386212,-0.713948,-0.719769,0.367154,-0.760929,0.385591,0.005695,0.000709
0,4.96748,-0.503041,-1.407367,0.213263,-1.357738,0.184723,0.004437,0.002972
0,3.547851,-0.071928,-1.439989,0.459852,-1.454922,0.479958,0.003163,0.001255
0,2.565875,-0.189147,-0.954101,-0.125368,-0.919021,-0.092014,0.002224,0.003301
0,1.514844,-0.053725,-1.029152,0.160978,-1.071719,0.153652,0.002936,0.000938
0,0.659926,0.062946,-0.872052,0.132961,-0.871228,0.09587,0.000234,0.001099
0,0.115856,0.182212,-0.558398,0.113603,-0.561566,0.08146,0.002022,0.00318
0,0.057395,0.268355,-0.087011,0.082846,-0.081782,0.103682,0.001002,0.004684
0,-0.341509,0.20448,-0.381276,-0.052785,-0.409202,-0.027682,0.005791,0.003569
0,-0.239474,0.181299,0.103291,0.002787,0.078118,0.003111,0.00418,0.003164
0,-0.345521,0.279726,-0.109694,0.081107,-0.085174,0.126737,0.005721,0.004882
0,-0.224461,0.330832,0.142392,0.041593,0.142838,0.031975,0.003918,0.005774
0,-0.171672,0.207544,0.081614,-0.130968,0.059825,-0.149289,0.002996,0.003622
0,-0.440083,0.129882,-0.246328,-0.067326,-0.202453,-0.088613,0.004071,0.002267
0,-0.33414,0.109322,0.091986,-0.00272,0.042134,0.016136,0.005832,0.001908
0,-0.36373,0.364094,-0.03372,0.281138,-0.006385,0.281568,0.005403,0.005397
0,-0.148384,0.129378,0.222425,-0.255261,0.182705,-0.240216,0.00259,0.002258
0,-0.433259,0.328609,-0.30557,0.21137,-0.271611,0.231611,0.00419,0.005735
0,-0.383875,0.17003,0.046455,-0.180323,0.065751,-0.149272,0.005052,0.002968
0,-0.071733,0.072689,0.303604,-0.115589,0.343121,-0.136476,0.001252,0.001269
0,-0.141294,0.212355,-0.090835,0.157848,-0.046081,0.113752,0.002466,0.003706
0,-0.400263,0.266851,-0.258295,0.033746,-0.248562,0.052847,0.004766,0.004657
0,-0.381703,0.017455,0.045049,-0.219591,0.072868,-0.222148,0.00509,0.000305
0,-0.307784,0.053961,0.09729,0.02885,0.100832,0.007663,0.005372,0.000942
0,-0.412641,0.150567,-0.127071,0.067438,-0.094381,0.050428,0.00455,0.002628
0,-0.255053,0.190632,0.129337,0.069249,0.16084,0.099074,0.004452,0.003327
0,-0.312927,0.042697,-0.064765,-0.177427,-0.11111,-0.193207,0.005462,0.000745
0,-0.224157,0.082592,0.092755,0.010645,0.056055,0.055226,0.003912,0.001442
0,-0.078451,0.054464,0.163591,-0.038687,0.182999,-0.02615,0.001369,0.000951
0,-0.090244,0.071029,-0.009837,-0.001746,-0.051111,-0.043372,0.001575,0.00124
0,-0.145748,0.16112,-0.071287,0.104836,-0.046899,0.14157,0.002544,0.002812
0,-0.061626,-0.033556,0.087118,-0.204794,0.047135,-0.155295,0.001076,0.000586
0,-0.112978,0.19351,-0.079765,0.213258,-0.101583,0.236379,0.001972,0.003377
0,0.000757,0.161342,0.100703,-0.022822,0.101587,0.011058,1.3e-05,0.002816
0,0.01118,0.033814,0.037121,-0.154607,0.081936,-0.195399,0.000195,0.00059
0,-0.172298,0.126302,-0.155949,0.065534,-0.191717,0.033199,0.003007,0.002204
0,-0.149352,0.105709,0.024731,-0.009141,0.067925,0.006322,0.002607,0.001845
0,0.07276,-0.072326,0.19806,-0.156797,0.231192,-0.206695,0.00127,0.001262
0,-0.007882,0.011556,-0.066154,0.088964,-0.022774,0.062687,0.000138,0.000202
0,-0.058975,-0.064126,-0.039875,-0.099211,-0.040122,-0.057149,0.001029,0.001119
0,-0.158762,0.006379,-0.095236,0.092035,-0.061457,0.07371,0.002771,0.000111
0,0.011439,0.048449,0.188713,0.035182,0.163723,0.065479,0.0002,0.000846
0,0.080677,0.030592,0.095774,-0.012896,0.117174,-0.031898,0.001408,0.000534
0,-0.046309,0.120095,-0.124057,0.108392,-0.172929,0.08014,0.000808,0.002096
0,-0.022555,0.031171,0.014858,-0.094319,0.046996,-0.114057,0.000394,0.000544
0,-0.023337,-0.046965,-0.016507,-0.057489,-0.029167,-0.007698,0.000407,0.00082
0,-0.032163,0.120097,-0.018638,0.14242,-0.020641,0.100065,0.000561,0.002096
0,0.001763,0.03969,0.049809,-0.103009,0.078877,-0.071234,3.1e-05,0.000693
0,0.000918,0.147664,0.020759,0.112908,-0.022595,0.10891,1.6e-05,0.002577
0,0.133452,0.039123,0.117696,-0.113066,0.155145,-0.080938,0.002329,0.000683
0,0.047298,0.016471,-0.083459,-0.045439,-0.088512,-0.070877,0.000825,0.000287
0,0.080627,-0.031019,0.054913,-0.037539,0.011647,-0.074319,0.001407,0.000541
0,0.012076,-0.038669,-0.080421,-0.004807,-0.093726,0.00686,0.000211,0.000675
0,-2.751638,0.668942,-2.754133,0.731341,-2.762527,0.775517,0.001018,7.6e-05
0,-3.175721,0.858984,-0.440141,0.213878,-0.465574,0.245442,0.003332,0.00324
0,-4.548832,0.809569,-1.391009,-0.042536,-1.414567,-0.014867,0.00287,0.002378
0,-3.848252,0.939548,0.708195,0.105993,0.674491,0.0911,0.003346,0.004647
0,-3.320482,0.918464,0.542591,-0.040919,0.528709,-0.087473,0.000805,0.004279
0,-2.161085,0.892417,1.173649,-0.016227,1.129305,-0.036336,0.002463,0.003824
0,-1.352251,0.49538,0.783794,-0.407143,0.743624,-0.433739,9.8e-05,0.003106
0,-1.286378,0.310227,0.046095,-0.188105,0.048033,-0.226419,0.001052,0.005414
0,-0.456854,0.160887,0.819563,-0.14914,0.817734,-0.171446,0.003778,0.002808
0,-0.066249,0.307274,0.386094,0.148508,0.373526,0.160785,0.001156,0.005363
0,0.100139,0.142471,0.141831,-0.144595,0.125811,-0.16348,0.001748,0.002487
0,0.24408,0.003532,0.121484,-0.141182,0.083595,-0.128772,0.00426,6.2e-05
0,0.561249,0.080308,0.332022,0.069159,0.344901,0.039029,0.001956,0.001402
0,0.455092,0.111962,-0.086523,0.047283,-0.09967,0.02207,0.003809,0.001954
0,0.386351,0.209257,-0.05511,0.112887,-0.067613,0.071227,0.005009,0.003652
0,0.447833,0.098042,0.058396,-0.086684,0.064415,-0.131885,0.003936,0.001711
0,0.304072,-0.038666,-0.159421,-0.14045,-0.206727,-0.180889,0.005307,0.000675
0,0.253727,0.05473,-0.04215,0.085842,-0.086445,0.089062,0.004428,0.000955
0,0.00515,0.168965,-0.231019,0.094506,-0.245444,0.072671,9e-05,0.002949
0,-0.039232,0.044665,-0.039874,-0.11841,-0.021361,-0.112462,0.000685,0.00078
0,0.028418,0.169996,0.047365,0.119977,0.066505,0.144933,0.000496,0.002967
0,0.010097,-0.043319,-0.035488,-0.223009,-0.081144,-0.252862,0.000176,0.000756
0,0.165189,0.0314,0.169294,0.085774,0.124328,0.128752,0.002883,0.000548
0,0.186853,-0.0731,0.024236,-0.0827,0.02637,-0.103532,0.003261,0.001276
0,0.085128,0.09701,-0.081214,0.166924,-0.074108,0.211611,0.001486,0.001693
0,-0.023386,0.014422,-0.114395,-0.106712,-0.109173,-0.081398,0.000408,0.000252
0,0.00707,-0.053226,0.043899,-0.091805,0.051386,-0.04837,0.000123,0.000929
0,0.13148,-0.064354,0.14712,0.018249,0.140392,-0.010142,0.002295,0.001123
0,-0.044941,0.081328,-0.177567,0.149987,-0.16812,0.158024,0.000784,0.001419
0,0.159282,0.035748,0.224344,-0.049181,0.195553,-0.044666,0.00278,0.000624
0,0.185443,-0.060433,0.049496,-0.078385,0.091271,-0.04424,0.003237,0.001055
0,-0.034904,-0.053545,-0.201805,0.030491,-0.235875,0.076137,0.000609,0.000935
0,-0.025766,-0.144782,-0.020499,-0.074501,-0.038576,-0.080601,0.00045,0.002527
0,0.104169,0.028904,0.121518,0.176959,0.121962,0.215025,0.001818,0.000504
0,0.184277,0.022094,0.101277,0.009999,0.055505,-0.03726,0.003216,0.000386
0,-0.010365,0.053391,-0.192613,0.007665,-0.183147,0.027038,0.000181,0.000932
0,0.137714,-0.047665,0.143811,-0.126792,0.1822,-0.089219,0.002404,0.000832
0,-0.029756,-0.057685,-0.162848,0.00656,-0.15174,0.022727,0.000519,0.001007
0,0.152028,0.118223,0.15479,0.192946,0.130938,0.152662,0.002653,0.002063
0,0.014877,0.144508,-0.107776,0.016102,-0.129967,-0.032941,0.00026,0.002522
0,0.033855,0.134442,0.003948,-0.025424,0.013551,-0.002173,0.000591,0.002346
0,0.115501,-0.077419,0.063556,-0.183937,0.076765,-0.137258,0.002016,0.001351
0,0.178744,-0.062403,0.066573,0.030832,0.034239,0.05452,0.00312,0.001089
0,0.002878,0.013903,-0.20254,0.101758,-0.159207,0.109055,5e-05,0.000243
0,0.01276,-0.03934,0.021612,-0.075343,0.047244,-0.050638,0.000223,0.000687
0,-0.055773,0.014619,-0.065338,0.03407,-0.026766,0.074278,0.000973,0.000255
0,-0.044194,-0.041,0.021485,-0.080402,0.015151,-0.080179,0.000771,0.000716
0,0.02312,0.107625,0.041991,0.141763,0.079866,0.166517,0.000404,0.001878
0,-0.021509,0.222561,-0.058945,0.120406,-0.030317,0.074176,0.000375,0.003884
0,0.112047,0.085482,0.140674,-0.123311,0.181942,-0.1384,0.001956,0.001492
0,0.052031,-0.098202,-0.047199,-0.16976,-0.073575,-0.182837,0.000908,0.001714
0,0.008664,-0.097024,-0.061184,0.012798,-0.109476,0.033537,0.000151,0.001693
0,-0.034141,-0.079464,-0.065083,0.032427,-0.017891,-0.010563,0.000596,0.001387
0,-0.096033,0.015998,-0.073477,0.095703,-0.045795,0.125741,0.001676,0.000279
0,-0.062296,0.015719,0.051907,0.017999,0.075367,-0.02314,0.001087,0.000274
0,-0.038789,0.065689,-0.004955,0.059926,-0.006974,0.096527,0.000677,0.001146
0,-0.123939,-0.017689,-0.078925,-0.102322,-0.051783,-0.137566,0.002163,0.000309
0,0.072617,-0.020997,0.175554,-0.016278,0.2252,-0.019036,0.001267,0.000366
0,0.045614,0.075882,-0.006244,0.121557,0.021869,0.109929,0.000796,0.001324
0,0.137741,0.117356,0.081936,0.036872,0.066731,-0.007029,0.002404,0.002048
0,0.022745,0.011147,-0.109005,-0.080889,-0.156351,-0.107773,0.000397,0.000195
0,-0.102908,-0.091934,-0.108731,-0.112044,-0.130492,-0.101745,0.001796,0.001605
0,-0.119931,-0.035602,-0.035349,0.063302,-0.08422,0.039815,0.002093,0.000621
0,-0.009117,0.116625,0.115347,0.177343,0.123614,0.198376,0.000159,0.002035
0,-0.019778,-0.086353,-0.030612,-0.189501,-0.035796,-0.168566,0.000345,0.001507
0,-0.07823,0.173119,-0.081007,0.279696,-0.08767,0.249263,0.001365,0.003021
0,-0.116584,0.138608,-0.023851,-0.034869,-0.07004,-0.073522,0.002035,0.002419
0,-0.108823,-0.056065,-0.018946,-0.165191,0.018264,-0.159874,0.001899,0.000979
0,-0.059018,0.017029,0.049711,0.090916,0.040498,0.080695,0.00103,0.000297
0,-0.032032,0.056759,0.008848,0.064239,0.037551,0.020787,0.000559,0.000991
0,0.146997,-0.012045,0.199999,-0.090498,0.240017,-0.12205,0.002566,0.00021
0,0.00198,-0.120493,-0.13456,-0.130942,-0.09298,-0.175288,3.5e-05,0.002103
0,0.183944,0.130359,0.160793,0.268967,0.204636,0.256018,0.00321,0.002275
0,0.218787,-0.091269,0.043072,-0.211791,0.072219,-0.182563,0.003819,0.001593
0,0.088988,-0.098951,-0.123756,-0.00549,-0.091659,-0.034591,0.001553,0.001727
0,0.118451,0.001306,0.041895,0.086936,0.060431,0.126674,0.002067,2.3e-05
0,-0.077994,0.132083,-0.190638,0.112293,-0.22818,0.151954,0.001361,0.002305
0,0.043946,0.057935,0.122162,-0.051287,0.141682,-0.059276,0.000767,0.001011
0,-0.064212,-0.039249,-0.12381,-0.115611,-0.084821,-0.078595,0.001121,0.000685
0,-0.006667,0.150613,0.066192,0.173791,0.078285,0.208818,0.000116,0.002629
0,-0.030006,0.128313,0.003013,-0.022086,-0.03228,0.007688,0.000524,0.002239
0,0.112125,-0.034165,0.12183,-0.18673,0.127771,-0.199013,0.001957,0.000596
0,-0.004654,-0.065124,-0.117581,-0.032379,-0.09097,0.002394,8.1e-05,0.001137
0,0.019925,0.042147,0.023456,0.126022,-0.023931,0.093789,0.000348,0.000736
0,-0.001129,0.002545,-0.043601,-0.038262,-0.023364,-0.077623,2e-05,4.4e-05
0,0.039538,0.002681,0.067856,0.00286,0.024639,0.041939,0.00069,4.7e-05
0,-4.008007,0.807427,-4.06667,0.780367,-4.094682,0.77571,0.000557,0.002341
0,-5.363536,1.832507,-1.352787,1.003376,-1.323333,0.962952,0.000402,0.003272
0,-5.317748,1.524963,0.024387,-0.28223,0.060634,-0.275791,0.001201,0.003112
0,-3.842398,1.29983,1.504552,-0.234372,1.473846,-0.258736,0.003448,0.000817
0,-3.131005,1.070558,0.735885,-0.205481,0.717941,-0.159143,0.004112,0.004819
0,-2.399927,0.988384,0.702975,-0.08071,0.729517,-0.093291,0.00512,0.005499
0,-1.534058,0.682979,0.869676,-0.308475,0.841831,-0.280556,0.003271,0.000169
0,-1.102475,0.472257,0.433083,-0.20628,0.390808,-0.240298,0.004262,0.003509
0,-0.672917,0.18692,0.456729,-0.283592,0.40754,-0.333312,7e-06,0.003262
0,0.136318,0.032287,0.813924,-0.182604,0.790072,-0.215574,0.002379,0.000564
0,0.196127,0.108677,0.044367,0.084294,0.009871,0.044422,0.003423,0.001897
0,0.219387,0.122869,0.038557,0.021765,0.083568,0.061788,0.003829,0.002144
0,0.288845,-0.07668,0.062141,-0.183046,0.078151,-0.23141,0.005041,0.001338
0,0.399523,0.110916,0.135007,0.212451,0.15434,0.194264,0.004779,0.001936
0,0.295797,-0.03225,-0.131162,-0.172137,-0.173205,-0.139868,0.005163,0.000563
0,0.402859,-0.130116,0.111999,-0.123635,0.072491,-0.082145,0.00472,0.002271
0,0.384888,-0.025226,0.008396,0.097431,-0.021344,0.128384,0.005034,0.00044
0,0.294621,0.060621,-0.067651,0.072625,-0.115803,0.075917,0.005142,0.001058
0,0.249743,-0.099239,-0.023611,-0.142534,-0.035352,-0.167063,0.004359,0.001732
0,0.064829,0.057074,-0.177187,0.140919,-0.150752,0.117653,0.001131,0.000996
0,0.027084,-2.8e-05,-0.042056,-0.032667,-0.020283,-0.005007,0.000473,0.0
0,-0.044867,-0.165036,-0.059418,-0.179886,-0.012835,-0.136756,0.000783,0.00288
0,0.193959,-0.053919,0.218238,0.088506,0.244591,0.069596,0.003385,0.000941
0,-0.07354,-0.179511,-0.260815,-0.107741,-0.282816,-0.08094,0.001284,0.003133
0,0.101444,-0.11479,0.151086,0.064298,0.179555,0.113827,0.001771,0.002003
0,0.212933,-0.126884,0.130124,-0.037484,0.105863,0.010195,0.003716,0.002215
0,0.081138,-0.166197,-0.119033,-0.036764,-0.16373,-0.072284,0.001416,0.002901
0,-0.064823,0.038692,-0.159827,0.192503,-0.179998,0.212748,0.001131,0.000675
0,0.180688,0.049716,0.217451,0.040813,0.264016,-0.007758,0.003154,0.000868
0,0.153809,-0.06003,-0.0048,-0.10462,-0.019032,-0.092588,0.002684,0.001048
0,0.184591,-0.162655,0.044558,-0.104489,0.043245,-0.136926,0.003222,0.002839
0,0.152059,-0.076407,-0.040433,0.059548,-0.032762,0.027038,0.002654,0.001334
0,0.050858,-0.059748,-0.097537,0.010658,-0.070468,-0.001636,0.000888,0.001043
0,0.243282,0.025543,0.199992,0.091753,0.232897,0.086217,0.004246,0.000446
0,0.09356,-0.175509,-0.175267,-0.206625,-0.161895,-0.234311,0.001633,0.003063
0,0.087419,-0.007323,-0.007188,0.139945,-0.055164,0.134847,0.001526,0.000128
0,0.082025,-0.026607,0.011549,-0.014964,-0.037516,-0.027618,0.001432,0.000464
0,0.043324,0.04377,-0.026818,0.08093,-0.011804,0.102428,0.000756,0.000764
0,0.098465,0.079047,0.032553,0.049606,0.046476,0.013259,0.001719,0.00138
0,0.104146,0.107727,-0.023305,0.053517,-0.048726,0.060137,0.001818,0.00188
0,-0.109765,0.109993,-0.193674,-0.018071,-0.240309,-0.027605,0.001916,0.00192
0,0.02478,-0.081973,0.158769,-0.215826,0.178541,-0.188715,0.000433,0.001431
0,0.114748,0.085148,0.064189,0.179697,0.071624,0.176379,0.002003,0.001486
0,-0.083855,0.018427,-0.226596,-0.042398,-0.274123,-0.012019,0.001464,0.000322
0,-0.00514,0.029689,0.105367,0.001976,0.145908,-0.017992,9e-05,0.000518
0,0.021252,-0.124836,0.006538,-0.142897,0.010165,-0.168404,0.000371,0.002179
0,0.057782,-0.064136,0.011415,0.039613,-0.000105,0.009691,0.001008,0.001119
0,-0.039072,0.092137,-0.073223,0.182445,-0.031166,0.18562,0.000682,0.001608
0,-0.04933,-0.073814,0.003907,-0.178865,0.029947,-0.223474,0.000861,0.001288
0,0.104656,-0.071801,0.144361,-0.005933,0.103045,0.040784,0.001827,0.001253
0,0.042595,-0.0721,-0.063714,-0.020356,-0.029176,-0.0287,0.000743,0.001258
0,0.112493,0.107302,0.091955,0.206096,0.135422,0.198153,0.001963,0.001873
0,0.106222,-0.093178,-0.013786,-0.203268,-0.057367,-0.235074,0.001854,0.001626
0,-0.057064,0.046049,-0.182049,0.147827,-0.216895,0.176453,0.000996,0.000804
0,0.011494,-0.097449,0.054637,-0.125555,0.048354,-0.161625,0.000201,0.001701
0,-0.055126,-0.019546,-0.062059,0.064807,-0.050262,0.099765,0.000962,0.000341
0,0.052855,0.162122,0.134274,0.177956,0.169036,0.136017,0.000922,0.00283
0,-0.007973,0.160811,-0.072424,-0.026584,-0.106714,0.012342,0.000139,0.002807
0,-0.046875,-0.038741,-0.03613,-0.170544,-0.072604,-0.149758,0.000818,0.000676
0,-0.156521,0.100118,-0.131971,0.120572,-0.171472,0.073099,0.002732,0.001747
0,-0.027861,0.084232,0.137537,-0.025045,0.151558,-0.038469,0.000486,0.00147
0,0.061518,0.169588,0.072935,0.091379,0.06027,0.100147,0.001074,0.00296
0,-0.017021,-0.083445,-0.049298,-0.244935,-0.095041,-0.243775,0.000297,0.001456
0,-0.099134,-0.105898,-0.101736,-0.040238,-0.122511,-0.040644,0.00173,0.001848
0,-0.107978,-0.091043,0.016368,0.007423,0.050658,0.019096,0.001885,0.001589
0,0.102161,0.061048,0.183868,0.158259,0.189622,0.149557,0.001783,0.001065
0,0.085297,-0.081572,-0.024862,-0.115784,0.007316,-0.154835,0.001489,0.001424
0,-0.106973,-0.064428,-0.190474,-0.005493,-0.195158,0.029934,0.001867,0.001124
0,-0.110524,0.111992,-0.014554,0.160392,0.00953,0.186696,0.001929,0.001955
0,0.034853,0.112002,0.122085,0.017975,0.114327,0.006904,0.000608,0.001955
0,0.036426,-0.104866,0.004715,-0.19138,0.010954,-0.223804,0.000636,0.00183
0,0.013275,0.013988,-0.030956,0.121275,-0.039459,0.081942,0.000232,0.000244
0,-0.072507,0.148492,-0.058393,0.116764,-0.09201,0.138297,0.001265,0.002592
0,-0.005815,-0.098927,0.060897,-0.22922,0.091421,-0.237243,0.000101,0.001727
0,-0.109496,0.07043,-0.118328,0.152267,-0.115368,0.137994,0.001911,0.001229
0,-0.237921,-0.11842,-0.129802,-0.20176,-0.103408,-0.236255,0.004153,0.002067
0,-0.051308,-0.000775,0.198403,0.090843,0.1797,0.092187,0.000895,1.4e-05
0,-0.053064,0.152071,0.020161,0.139227,0.018133,0.105761,0.000926,0.002654
0,-0.111876,-0.002636,-0.063761,-0.164684,-0.071668,-0.20062,0.001953,4.6e-05
0,0.063254,0.018403,0.176086,-0.007116,0.14713,0.005751,0.001104,0.000321
0,0.02776,-0.008541,-0.045654,-0.003855,-0.087744,0.004092,0.000485,0.000149
0,0.133069,0.099634,0.079199,0.100084,0.073226,0.073811,0.002322,0.001739
0,0.130084,-0.088219,-0.029401,-0.194626,0.010378,-0.204413,0.00227,0.00154
0,-0.073072,0.057008,-0.218914,0.157412,-0.176307,0.168695,0.001275,0.000995
0,0.150148,-0.162901,0.208358,-0.245961,0.159088,-0.234142,0.002621,0.002843
0,-0.076011,-0.007706,-0.23763,0.164015,-0.263333,0.210508,0.001327,0.000134
0,0.029109,0.101528,0.080049,0.113892,0.104176,0.158228,0.000508,0.001772
0,-0.05767,-0.007808,-0.091071,-0.087835,-0.077773,-0.114488,0.001007,0.000136
0,-0.168054,0.054,-0.089336,0.076812,-0.13128,0.082076,0.002933,0.000942
0,-0.090743,0.13774,0.099707,0.072523,0.058547,0.053519,0.001584,0.002404
0,0.065636,-0.071064,0.174065,-0.183176,0.200459,-0.195579,0.001146,0.00124
0,0.079647,0.161948,-0.009961,0.215661,-0.031921,0.221565,0.00139,0.002827
0,-0.174181,0.156315,-0.234991,0.016881,-0.228987,-0.006551,0.00304,0.002728
0,0.019519,0.001924,0.183007,-0.168394,0.193446,-0.122836,0.000341,3.4e-05
0,0.083643,0.022738,0.067035,0.039765,0.062379,0.000647,0.00146,0.000397
0,0.026094,0.100221,-0.045434,0.067133,-0.03426,0.05705,0.000455,0.001749
0,-0.026519,-0.11481,-0.027304,-0.244159,-0.006256,-0.25251,0.000463,0.002004
0,-0.200176,0.093018,-0.189111,0.18232,-0.206106,0.205104,0.003494,0.001623
0,-0.06132,0.023089,0.110241,-0.093986,0.149741,-0.120605,0.00107,0.000403
0,-0.003435,-0.111636,0.046761,-0.155528,0.070494,-0.190962,6e-05,0.001948
0,-0.118646,-0.024863,-0.109611,0.082402,-0.158852,0.038315,0.002071,0.000434
0,-0.122057,0.102476,-0.015482,0.151251,-0.05272,0.11236,0.00213,0.001789
0,-0.0945,-0.020355,0.032752,-0.130859,0.052475,-0.13206,0.001649,0.000355
0,-0.093109,-0.098,-0.017955,-0.059396,-0.009553,-0.057163,0.001625,0.00171
0,-0.204822,0.068822,-0.139332,0.174551,-0.157147,0.126977,0.003575,0.001201
0,-0.117269,0.029106,0.101341,-0.016907,0.091601,0.032711,0.002047,0.000508
0,-0.104638,0.055919,-0.010273,0.010366,0.031101,0.03783,0.001826,0.000976
0,-0.150656,-0.012938,-0.023538,-0.060716,-0.020214,-0.037085,0.002629,0.000226
0,-0.223991,0.071508,-0.100355,0.071396,-0.065223,0.068562,0.003909,0.001248
0,-0.1567,0.00769,0.09394,-0.054575,0.086546,-0.062427,0.002735,0.000134
0,-0.266893,-0.067767,-0.098905,-0.085346,-0.115555,-0.082951,0.004658,0.001183
0,-0.061225,0.157756,0.210328,0.197639,0.235554,0.168997,0.001069,0.002753
0,-0.031905,-0.065049,0.026305,-0.214848,0.015584,-0.241687,0.000557,0.001135
0,-0.188072,0.055756,-0.147676,0.109344,-0.18096,0.108556,0.003282,0.000973
0,-0.307144,0.049488,-0.147365,-0.035611,-0.190428,-0.031444,0.005361,0.000864
0,-0.030306,-0.021019,0.270258,-0.080859,0.239729,-0.067817,0.000529,0.000367
0,-0.17794,-0.096143,-0.152495,-0.089112,-0.160138,-0.046825,0.003106,0.001678
0,-0.091447,0.182848,0.106063,0.258535,0.064105,0.297973,0.001596,0.003191
0,-0.041069,0.105934,0.063154,-0.104556,0.071997,-0.138733,0.000717,0.001849
0,-0.07878,-0.037313,-0.048996,-0.136539,-0.081755,-0.133777,0.001375,0.000651
0,-0.02175,0.013572,0.083235,0.079726,0.115116,0.07831,0.00038,0.000237
0,-0.13323,-0.085484,-0.130867,-0.112733,-0.090938,-0.066166,0.002325,0.001492
0,-0.113222,0.027605,-0.002996,0.093218,-0.03109,0.109357,0.001976,0.000482
0,-0.01281,0.062485,0.079055,0.058116,0.105365,0.013285,0.000224,0.001091
0,-0.005882,-0.003444,-0.001562,-0.063098,0.032788,-0.023926,0.000103,6e-05
0,-0.026313,0.121311,-0.046693,0.144672,-0.009823,0.098232,0.000459,0.002117
0,-0.013852,-0.009986,0.02703,-0.15785,-0.004946,-0.177228,0.000242,0.000174
0,-0.04559,-0.062157,-0.018115,-0.074685,-0.062601,-0.024725,0.000796,0.001085
0,-0.278145,0.126988,-0.252712,0.16497,-0.21432,0.211835,0.004855,0.002216
0,-0.268508,-0.112453,-0.017632,-0.211749,0.000112,-0.198533,0.004686,0.001963
0,-0.233874,-0.075186,0.024232,0.016832,0.012035,-0.006408,0.004082,0.001312
0,-0.109236,-0.026299,0.113215,0.074087,0.096308,0.115651,0.001907,0.000459
0,-0.221828,-0.090568,-0.127123,-0.075857,-0.108056,-0.05593,0.003872,0.001581
0,-0.126598,0.017406,0.104256,0.136725,0.108208,0.110091,0.00221,0.000304
0,-0.108903,-0.070545,0.031921,-0.069543,0.01692,-0.06598,0.001901,0.001231
0,-0.019111,-0.016269,0.095499,0.034911,0.057665,0.081119,0.000334,0.000284
0,-0.17808,-0.086901,-0.154462,-0.046208,-0.107309,-0.047922,0.003108,0.001517
0,-0.035955,-0.170649,0.163631,-0.10641,0.16863,-0.1469,0.000628,0.002978
0,-0.037895,0.05065,0.020771,0.250581,0.050192,0.251925,0.000661,0.000884
0,-0.188153,0.054143,-0.148681,-0.011744,-0.196711,0.025752,0.003284,0.000945
0,-0.039556,0.030493,0.174382,0.006198,0.215445,0.014476,0.00069,0.000532
0,-0.136019,0.083178,-0.119914,0.051907,-0.080034,0.042748,0.002374,0.001452
0,-0.249334,0.119318,-0.097045,0.019414,-0.128236,0.044775,0.004352,0.002082
0,-0.190156,-0.04459,0.078339,-0.163789,0.073414,-0.167176,0.003319,0.000778
0,0.027883,-0.045097,0.218449,0.014193,0.191669,-0.013188,0.000487,0.000787
0,-0.119592,0.008416,-0.120272,0.068384,-0.087646,0.033157,0.002087,0.000147
0,-0.157741,0.150759,-0.047558,0.161623,-0.053871,0.168651,0.002753,0.002631
0,-0.146468,-0.063582,-0.007345,-0.228849,-0.02818,-0.222788,0.002556,0.00111
0,0.148739,0.014953,0.297084,0.058489,0.346491,0.040234,0.002596,0.000261
0,0.000806,0.140351,-0.135078,0.103312,-0.184932,0.069952,1.4e-05,0.00245
0,0.048605,0.100469,0.05284,-0.03693,0.055922,-0.084578,0.000848,0.001754
0,0.049507,0.080571,0.009871,-0.019168,0.022797,-0.060169,0.000864,0.001406
0,0.201123,0.057234,0.175438,-0.000247,0.170136,-0.000389,0.00351,0.000999
0,0.167658,-0.123185,-0.048016,-0.165569,-0.072268,-0.118252,0.002926,0.00215
0,0.201994,0.071173,0.063114,0.184389,0.083399,0.209665,0.003525,0.001242
0,0.073819,0.060209,-0.150583,-0.006133,-0.111606,-0.019086,0.001288,0.001051
0,0.014848,-0.106937,-0.046478,-0.180209,-0.075659,-0.14338,0.000259,0.001866
0,-1.441606,0.044052,-1.436948,0.174317,-1.413209,0.170561,0.001657,0.000769
0,-2.030781,0.084969,-0.61622,0.014679,-0.636292,0.014678,0.000189,0.001483
0,-2.571529,0.438758,-0.519848,0.364495,-0.531642,0.365417,0.002125,0.004094
0,-2.402311,0.372657,0.173679,-0.037125,0.15652,-0.032596,0.005079,0.005248
0,-1.957184,0.361063,0.467328,-0.011947,0.483897,-0.054595,0.001096,0.00545
0,-1.249877,0.318554,0.695696,-0.02123,0.709868,-0.057522,0.001689,0.00556
0,-1.965945,-1.236312,-0.70551,-1.5652,-0.715886,-1.566637,0.000943,0.001926
0,-2.560598,-1.721779,-0.597521,-0.511939,-0.607578,-0.466522,0.002316,0.005204
0,-2.689824,-1.393955,-0.115198,0.338776,-0.098372,0.382745,6.1e-05,0.000826
0,-2.925063,-1.441453,-0.224742,-0.057942,-0.215795,-0.047867,0.004045,0.001655
0,-2.706302,-1.344547,0.242812,0.11101,0.272616,0.128762,0.000227,3.7e-05
0,-2.36033,-0.979605,0.363275,0.386401,0.318759,0.390872,0.005811,0.005346
0,-1.620981,-0.601052,0.754854,0.395574,0.732607,0.42641,0.004788,0.001261
0,-1.080153,-0.577012,0.559797,0.001896,0.542849,-0.010198,0.004651,0.001681
0,-0.612243,-0.145774,0.481717,0.431091,0.5067,0.476263,0.001066,0.002544
0,-0.44866,-0.077089,0.178893,0.044991,0.225573,0.019982,0.003921,0.001345
0,-0.330499,-0.082226,0.100106,-0.032531,0.083924,0.017321,0.005768,0.001435
0,0.063753,0.056436,0.380601,0.137155,0.337825,0.100441,0.001113,0.000985
0,0.192309,0.159409,0.147177,0.074721,0.180394,0.111197,0.003356,0.002782
0,0.269484,-0.071151,0.058141,-0.212778,0.013523,-0.16406,0.004703,0.001242
0,0.146096,0.175534,-0.147538,0.230398,-0.164654,0.206401,0.00255,0.003064
0,-0.046807,0.067316,-0.197433,-0.096355,-0.189504,-0.087524,0.000817,0.001175
0,0.185146,0.188436,0.216154,0.138125,0.252187,0.163161,0.003231,0.003289
0,0.154205,0.018442,-0.043061,-0.140918,-0.046107,-0.158731,0.002691,0.000322
0,-0.024258,0.061846,-0.193853,0.02369,-0.210296,0.059874,0.000423,0.001079
0,0.03376,0.075384,0.068729,0.041311,0.032385,-0.004622,0.000589,0.001316
0,-0.176675,-0.034418,-0.188089,-0.09622,-0.175253,-0.066988,0.003084,0.000601
0,-0.089678,0.058019,0.090822,0.097492,0.136629,0.07762,0.001565,0.001013
0,-0.198743,0.076895,-0.080931,0.007341,-0.054419,0.009686,0.003469,0.001342
0,-0.049521,0.069201,0.131971,0.011339,0.173241,-0.01376,0.000864,0.001208
0,-0.076079,0.123937,-0.020564,0.053508,-0.058519,0.041052,0.001328,0.002163
0,-0.124927,0.037162,-0.023903,-0.076053,0.019524,-0.116226,0.00218,0.000649
0,-0.081854,-0.02309,0.016224,-0.079693,0.025658,-0.057663,0.001429,0.000403
0,0.149994,0.116172,0.224919,0.109515,0.233081,0.100642,0.002618,0.002028
0,0.184072,-0.095571,0.061857,-0.213712,0.0303,-0.180113,0.003213,0.001668
0,-0.058679,0.086041,-0.226428,0.17958,-0.253334,0.171442,0.001024,0.001502
0,-0.059679,-0.008267,0.000492,-0.105341,-0.012034,-0.078433,0.001042,0.000144
0,0.167383,0.010865,0.235757,0.036408,0.265727,0.013033,0.002921,0.00019
0,-0.034817,0.017477,-0.225888,0.025981,-0.204136,0.002853,0.000608,0.000305
0,0.019137,0.10188,0.062884,0.086459,0.030093,0.041093,0.000334,0.001778
0,-0.082333,0.031919,-0.075294,-0.048139,-0.080386,-0.072561,0.001437,0.000557
0,-0.121645,-0.080773,-0.05419,-0.13922,-0.055623,-0.154427,0.002123,0.00141
0,-0.127637,-0.135327,-0.02402,-0.057523,-0.058625,-0.093365,0.002228,0.002362
0,0.099917,0.101345,0.24716,0.266605,0.279992,0.222889,0.001744,0.001769
0,0.02748,0.118487,-0.046502,0.005291,-0.024134,0.007483,0.00048,0.002068
0,-0.037002,0.110209,-0.075114,-0.010373,-0.108135,-0.02631,0.000646,0.001924
0,-0.037603,-0.115243,-0.030344,-0.228338,-0.008101,-0.187813,0.000656,0.002011
0,-0.053827,0.022446,0.01329,0.116534,-0.031475,0.140436,0.000939,0.000392
0,0.135686,0.00442,0.204439,-0.042375,0.208278,-0.0811,0.002368,7.7e-05
0,-0.00732,-0.047473,-0.14312,-0.061597,-0.147069,-0.046375,0.000128,0.000829
0,0.173358,0.079879,0.193491,0.099266,0.234782,0.143526,0.003026,0.001394
0,-0.045046,0.070132,-0.192807,-0.015885,-0.196034,0.027616,0.000786,0.001224
0,0.017922,-0.068269,0.039203,-0.12186,0.039627,-0.072131,0.000313,0.001192
0,0.011713,-0.048627,0.020335,-0.007534,0.060795,-0.049358,0.000204,0.000849
0,0.120778,-0.029993,0.121029,0.017163,0.158343,0.006128,0.002108,0.000523
0,0.057972,-0.072904,-0.053192,-0.042603,-0.007346,-0.024208,0.001012,0.001272
0,-0.090722,-0.021323,-0.123293,0.041814,-0.112346,0.046715,0.001583,0.000372
0,0.126662,0.044272,0.222113,0.073589,0.243049,0.045422,0.002211,0.000773
0,0.175928,-0.046968,0.036862,-0.063892,0.074813,-0.086518,0.003071,0.00082
0,0.093786,0.041927,-0.06385,0.06998,-0.035703,0.109271,0.001637,0.000732
0,0.062742,-0.105861,-0.044458,-0.126451,-0.033418,-0.160005,0.001095,0.001848
0,-0.03326,-0.069515,-0.089543,0.063899,-0.076634,0.023124,0.00058,0.001213
0,0.148461,0.003096,0.178657,0.092063,0.194958,0.066425,0.002591,5.4e-05
0,0.137387,0.09139,-0.004585,0.069875,0.037621,0.035438,0.002398,0.001595
0,-0.101567,0.071331,-0.25844,0.006024,-0.284352,0.015372,0.001773,0.001245
0,0.00472,0.015545,0.09302,-0.078901,0.043223,-0.035321,8.2e-05,0.000271
0,0.032506,-0.015902,0.02957,-0.034966,-0.016789,-0.041647,0.000567,0.000278
0,0.039332,-0.069002,-0.005551,-0.027071,-0.050078,0.003095,0.000686,0.001204
0,-0.053199,0.007829,-0.114898,0.09593,-0.150949,0.106783,0.000928,0.000137
0,0.135262,0.155913,0.20948,0.146945,0.258351,0.143651,0.002361,0.002721
0,0.062731,0.136525,-0.071789,-0.033348,-0.090585,-0.065201,0.001095,0.002383
0,0.102567,-0.050695,0.066005,-0.199542,0.089316,-0.233047,0.00179,0.000885
0,0.00792,-0.032071,-0.120145,0.019804,-0.149841,-0.016902,0.000138,0.00056
0,-0.017237,0.142429,-0.032092,0.191706,-0.017848,0.203666,0.000301,0.002486
0,0.084919,0.046362,0.125253,-0.072674,0.096922,-0.027178,0.001482,0.000809
0,-0.109241,0.119866,-0.194593,0.080615,-0.191934,0.031574,0.001907,0.002092
0,-0.064996,0.121616,0.070498,-0.02188,0.073094,0.012484,0.001134,0.002123
0,-0.034949,0.181975,0.010439,0.037565,0.057834,0.018255,0.00061,0.003176
0,0.100387,0.053817,0.149681,-0.130663,0.129298,-0.175043,0.001752,0.000939
0,-0.109714,0.09341,-0.196741,0.050168,-0.226897,0.066715,0.001915,0.00163
0,-0.135296,0.145466,-0.018422,0.048541,0.018342,0.070195,0.002361,0.002539
0,0.046819,0.019579,0.204688,-0.097776,0.188162,-0.122361,0.000817,0.000342
0,-0.202108,0.004184,-0.269784,0.012381,-0.253775,0.02719,0.003527,7.3e-05
0,-0.218201,0.068171,-0.002533,0.04874,0.000837,0.01767,0.003808,0.00119
0,-0.05784,0.118763,0.18129,0.043113,0.171197,0.061032,0.001009,0.002073
0,-0.053399,0.029305,0.010089,-0.109734,0.002842,-0.065887,0.000932,0.000511
0,-0.116405,-0.08409,-0.088098,-0.084504,-0.117626,-0.041064,0.002032,0.001468
0,0.076648,-0.054332,0.181343,0.017791,0.140062,0.044388,0.001338,0.000948
0,-0.102021,0.058111,-0.187732,0.083599,-0.146957,0.097603,0.001781,0.001014
0,-0.129424,0.145606,-0.016221,0.074257,-0.035552,0.083929,0.002259,0.002541
0,-0.226062,0.091696,-0.079039,-0.061845,-0.032773,-0.072214,0.003946,0.0016
0,-0.280622,0.136292,-0.051785,0.061544,-0.027074,0.039828,0.004898,0.002379
0,-0.113035,3.1e-05,0.143009,-0.16308,0.171761,-0.17303,0.001973,1e-06
0,-0.206983,0.02141,-0.111896,0.013662,-0.130254,0.029953,0.003613,0.000374
0,-0.100401,0.139279,0.092301,0.111535,0.134009,0.076359,0.001752,0.002431
0,-0.281087,0.083645,-0.172144,-0.043004,-0.200853,-0.010367,0.004906,0.00146
0,-0.031171,0.136642,0.276166,0.072267,0.287444,0.048786,0.000544,0.002385
0,-0.24771,0.138135,-0.232706,0.018332,-0.212396,0.056005,0.004323,0.002411
0,-0.090666,0.150722,0.143947,0.009635,0.17018,0.025292,0.001582,0.002631
0,-0.033657,-0.056513,0.082655,-0.214901,0.0421,-0.215541,0.000587,0.000986
0,-0.079907,0.147036,-0.026462,0.217367,-0.0173,0.250982,0.001395,0.002566
0,0.014329,0.013356,0.088994,-0.133527,0.046819,-0.08986,0.00025,0.000233
0,-0.022302,-0.055202,-0.015876,-0.045496,-0.036056,-0.008716,0.000389,0.000963
0,0.050945,0.110867,0.05963,0.158026,0.05298,0.123937,0.000889,0.001935
0,-0.159495,0.185095,-0.193011,0.098262,-0.233328,0.106052,0.002784,0.003231
0,0.130729,-0.081995,0.27985,-0.285787,0.253027,-0.283462,0.002282,0.001431
0,0.121948,0.085925,-0.020276,0.158742,-0.017462,0.16914,0.002128,0.0015
0,0.056389,0.176474,-0.03938,0.111403,0.006255,0.062625,0.000984,0.00308
0,-0.052431,0.069011,-0.130653,-0.116463,-0.117011,-0.158412,0.000915,0.001204
0,0.098539,-0.058104,0.163063,-0.131605,0.157971,-0.165259,0.00172,0.001014
0,0.190306,-0.018921,0.065095,0.027245,0.071411,0.037024,0.003321,0.00033
0,0.080469,0.174336,-0.097159,0.206836,-0.136936,0.202218,0.001404,0.003043
0,0.181685,-0.091494,0.081453,-0.291193,0.128328,-0.253929,0.003171,0.001597
0,0.291514,-0.074323,0.109993,-0.005896,0.100611,-0.007244,0.005088,0.001297
0,0.1053,-0.042433,-0.196576,0.028603,-0.198322,0.046257,0.001838,0.000741
0,0.08493,0.001865,-0.018292,0.027178,-0.049785,0.012127,0.001482,3.3e-05
0,0.275733,-0.075948,0.199938,-0.058064,0.24007,-0.091048,0.004812,0.001326
0,0.135402,0.036861,-0.165406,0.119967,-0.11842,0.087094,0.002363,0.000643
0,0.224373,0.117182,0.084905,0.089433,0.050935,0.047116,0.003916,0.002045
0,-0.031618,0.121594,-0.246203,-0.006742,-0.287284,-0.050166,0.000552,0.002122
0,0.078425,-0.13027,0.099238,-0.243635,0.098452,-0.217464,0.001369,0.002274
0,0.087304,-0.043011,-0.014693,0.076755,-0.030664,0.03449,0.001524,0.000751
0,0.086638,0.066708,0.003752,0.081583,-0.038185,0.105607,0.001512,0.001164
0,0.124571,-0.03084,0.0329,-0.082774,0.0346,-0.085322,0.002174,0.000538
0,0.181267,0.127274,0.044208,0.177825,0.003972,0.145965,0.003164,0.002221
0,0.181529,0.035029,-0.020484,-0.112946,-0.005602,-0.11369,0.003168,0.000611
0,-0.001529,0.003695,-0.17003,-0.057042,-0.166598,-0.085101,2.7e-05,6.4e-05
0,-0.044104,-0.115379,-0.062482,-0.14811,-0.025552,-0.103657,0.00077,0.002014
0,0.223195,0.061972,0.289405,0.197077,0.274074,0.191874,0.003895,0.001082
0,0.141959,0.04186,-0.087635,-0.008033,-0.114044,0.019861,0.002478,0.000731
0,-0.01662,0.074019,-0.18598,0.041469,-0.143678,0.004658,0.00029,0.001292
0,0.072015,7e-05,0.093568,-0.048878,0.08659,-0.05095,0.001257,1e-06
0,0.046128,0.065431,-0.007391,0.088893,-0.006897,0.054358,0.000805,0.001142
0,0.07686,-0.096217,0.018563,-0.133229,0.019286,-0.123695,0.001341,0.001679
0,0.054429,-0.013624,-0.023481,0.106524,0.015394,0.082312,0.00095,0.000238
0,0.19924,0.113268,0.165761,0.153574,0.139479,0.185449,0.003477,0.001977
0,-0.095995,-0.02045,-0.266257,-0.113871,-0.279293,-0.135445,0.001675,0.000357
0,0.14491,0.031033,0.247519,0.035778,0.28431,-0.005203,0.002529,0.000542
0,0.018327,0.153765,-0.130179,0.118178,-0.129969,0.089221,0.00032,0.002684
0,-0.048778,-0.045999,-0.066389,-0.229004,-0.095957,-0.230878,0.000851,0.000803
0,0.060475,0.01514,0.095729,0.060882,0.056015,0.073756,0.001055,0.000264
0,0.147209,0.128971,0.068896,0.086209,0.117451,0.111547,0.002569,0.002251
0,0.034826,-0.056556,-0.104855,-0.214536,-0.095546,-0.252415,0.000608,0.000987
0,-0.005113,0.00034,-0.03323,0.083363,-0.01281,0.12663,8.9e-05,6e-06
0,0.190544,0.029586,0.218776,0.009867,0.191578,0.03339,0.003326,0.000516
0,0.167297,0.119849,-0.020739,0.112887,-0.011821,0.146411,0.00292,0.002092
0,0.109559,0.002694,-0.080038,-0.106289,-0.050413,-0.081819,0.001912,4.7e-05
0,0.0243,0.147166,-0.06491,0.146176,-0.084046,0.144501,0.000424,0.002569
0,0.176617,0.016661,0.180031,-0.115997,0.227212,-0.150083,0.003083,0.000291
0,0.224436,0.096831,0.037168,0.069609,0.016652,0.068698,0.003917,0.00169
0,0.124406,-0.074648,-0.128582,-0.177073,-0.086037,-0.132801,0.002171,0.001303
0,0.154074,0.076785,0.046456,0.163552,0.050331,0.127392,0.002689,0.00134
0,-0.014286,-0.045756,-0.160186,-0.147334,-0.141394,-0.159119,0.000249,0.000799
0,0.252732,-0.105898,0.264813,-0.086166,0.288996,-0.118408,0.004411,0.001848
0,0.161205,0.068011,-0.105351,0.201585,-0.062204,0.20667,0.002814,0.001187
0,0.245746,-0.099175,0.102929,-0.192596,0.105541,-0.220863,0.004289,0.001731
0,0.124107,0.103772,-0.122142,0.205656,-0.115386,0.166167,0.002166,0.001811
0,0.22135,-0.054241,0.088485,-0.182697,0.11071,-0.14902,0.003863,0.000947
0,0.162385,-0.064807,-0.083375,-0.01317,-0.033437,0.027993,0.002834,0.001131
0,0.178959,-0.104949,-0.005395,-0.034459,-0.008184,-0.06464,0.003123,0.001832
0,0.207038,-0.034532,-0.000863,0.063121,-0.025111,0.099333,0.003614,0.000603
0,0.181441,0.084516,-0.010381,0.101778,0.034862,0.083706,0.003167,0.001475
0,0.009135,0.031947,-0.152836,-0.058799,-0.192838,-0.077068,0.000159,0.000558
0,0.08321,-0.064201,0.09992,-0.107286,0.140677,-0.10524,0.001452,0.001121
0,-0.036924,0.050799,-0.143291,0.121858,-0.192233,0.155561,0.000644,0.000887
0,-4.9e-05,-0.151579,0.013653,-0.209291,-0.021032,-0.234324,1e-06,0.002646
0,0.098281,0.050389,0.127869,0.198254,0.097123,0.169304,0.001715,0.000879
0,0.019114,0.082195,-0.057975,0.060927,-0.045988,0.073604,0.000334,0.001435
0,0.111051,0.059878,0.088574,-0.019475,0.072429,0.012228,0.001938,0.001045
0,-0.05597,-0.05212,-0.195532,-0.106935,-0.227583,-0.120155,0.000977,0.00091
0,-0.006392,-0.060931,0.045169,-0.027293,0.030286,-0.058557,0.000112,0.001063
0,0.016748,0.01116,0.032146,0.069274,0.065598,0.062235,0.000292,0.000195
0,0.03951,0.05043,0.027721,0.054343,0.004272,0.102942,0.00069,0.00088
0,0.081826,-0.128961,0.037228,-0.173457,0.059184,-0.124084,0.001428,0.002251
0,-0.035939,-0.120462,-0.089269,-0.003775,-0.087754,-0.018696,0.000627,0.002102
0,0.099756,-0.148132,0.147657,-0.022733,0.155859,-0.053739,0.001741,0.002585
0,-0.113975,0.01847,-0.234502,0.145469,-0.228963,0.180933,0.001989,0.000322
0,0.01524,-0.082027,0.139101,-0.095,0.154262,-0.075318,0.000266,0.001432
0,-0.097227,-0.141603,-0.10784,-0.046043,-0.142378,-0.038973,0.001697,0.002471
0,0.025466,0.043366,0.132414,0.174178,0.182097,0.1402,0.000444,0.000757
0,0.158068,-0.107502,0.1288,-0.135866,0.102134,-0.174078,0.002759,0.001876
0,0.174104,-0.144393,0.04334,-0.044201,0.046384,-0.007809,0.003039,0.00252
0,0.014482,-0.161985,-0.179971,-0.024657,-0.155245,-0.012172,0.000253,0.002827
0,0.056122,-0.076916,0.055559,0.064793,0.100152,0.059509,0.00098,0.001342
0,0.043258,0.041591,-0.038766,0.098847,-0.062302,0.11751,0.000755,0.000726
0,-0.054146,-0.16098,-0.085958,-0.193151,-0.127205,-0.174055,0.000945,0.00281
0,-0.131312,0.087332,-0.084063,0.247421,-0.041156,0.243342,0.002292,0.001524
0,-0.087976,0.025036,0.064043,-0.047428,0.103496,-0.016723,0.001535,0.000437
0,0.059911,1.787898,0.146152,1.744436,0.124595,1.70996,0.001046,0.00405
0,0.219826,3.165698,0.188981,1.389586,0.184862,1.425279,0.003837,0.003507
0,0.505542,3.217447,0.285072,0.078426,0.311504,0.036409,0.002928,0.002603
0,0.304921,2.411083,-0.196002,-0.801234,-0.147297,-0.800062,0.005322,0.004925
0,0.270662,1.979208,-0.03779,-0.429636,-0.068792,-0.456369,0.004724,0.000711
0,0.302749,1.609591,0.009011,-0.369627,-0.017959,-0.369102,0.005284,0.004589
0,0.327427,1.024339,0.046614,-0.560925,0.001682,-0.535391,0.005715,0.005625
0,0.443086,0.369868,0.134981,-0.68158,0.105958,-0.642608,0.004018,0.005296
0,0.131001,-0.070372,-0.315519,-0.41889,-0.332287,-0.439823,0.002286,0.001228
0,0.329164,-0.032472,0.214623,0.01667,0.242022,0.031704,0.005745,0.000567
0,0.246581,-0.117238,-0.06929,-0.074232,-0.084296,-0.055904,0.004304,0.002046
0,0.036129,-0.346389,-0.205364,-0.256138,-0.214825,-0.208279,0.000631,0.005706
0,0.180277,-0.320453,0.134506,0.023275,0.109971,0.048287,0.003146,0.005593
0,0.191494,-0.370489,0.033062,-0.057756,0.061225,-0.066596,0.003342,0.005285
0,0.035837,-0.356414,-0.150482,0.010821,-0.155843,-0.014098,0.000625,0.005531
0,0.209525,-0.280568,0.165024,0.046497,0.131923,0.079422,0.003657,0.004897
0,0.197803,-0.313524,-0.007523,-0.017548,-0.045792,-0.007257,0.003452,0.005472
0,0.237633,-0.134934,0.017405,0.196062,0.003024,0.211066,0.004147,0.002355
0,0.24165,-0.181173,0.007259,-0.049086,0.029844,-0.07908,0.004218,0.003162
0,0.156406,-0.261782,-0.089451,-0.071977,-0.104007,-0.038917,0.00273,0.004569
0,0.093819,-0.136263,-0.045132,0.127254,-0.040597,0.096068,0.001637,0.002378
0,0.094224,-0.251177,-0.022703,-0.131401,-0.061418,-0.146842,0.001645,0.004384
0,0.125343,0.02959,0.034503,0.274729,0.018896,0.238879,0.002188,0.000516
0,0.126198,-0.072252,-0.024089,-0.118928,0.014256,-0.073988,0.002203,0.001261
0,0.116849,-0.129651,-0.024542,-0.060492,-0.072613,-0.060536,0.002039,0.002263
0,0.197095,-0.139512,0.083061,0.001141,0.100389,0.019397,0.00344,0.002435
0,-0.043093,0.074665,-0.256199,0.192323,-0.21541,0.145581,0.000752,0.001303
0,0.078153,-0.11677,0.145969,-0.187662,0.109167,-0.204583,0.001364,0.002038
0,0.109624,-0.149206,0.048469,-0.012003,0.042027,0.016752,0.001913,0.002604
0,-0.030891,-0.064257,-0.154409,0.089971,-0.193213,0.072085,0.000539,0.001121
0,0.050109,-0.076184,0.063726,-0.02028,0.104941,-0.04505,0.000875,0.00133
0,-0.141393,-0.196842,-0.173082,-0.135486,-0.159113,-0.133703,0.002468,0.003436
0,0.011071,-0.152719,0.138569,0.03413,0.167643,-0.013063,0.000193,0.002665
0,0.136203,0.085645,0.111244,0.263812,0.068736,0.227056,0.002377,0.001495
0,-0.003955,-0.174216,-0.139674,-0.282135,-0.111316,-0.283993,6.9e-05,0.003041
0,-0.028355,0.057476,-0.043251,0.209695,-0.030015,0.160806,0.000495,0.001003
0,-0.100758,-0.187846,-0.067916,-0.227366,-0.02177,-0.186675,0.001759,0.003279
0,0.038356,0.03602,0.116485,0.226917,0.121203,0.205997,0.000669,0.000629
0,-0.189966,-0.076348,-0.205104,-0.139476,-0.18644,-0.179677,0.003316,0.001333
0,0.017233,0.009353,0.19038,0.097183,0.215262,0.135664,0.000301,0.000163
0,-0.077282,-0.022677,-0.069875,-0.023036,-0.049731,-0.020584,0.001349,0.000396
0,0.097866,0.039049,0.204267,0.083959,0.193736,0.059854,0.001708,0.000682
0,0.062007,-0.109259,-0.060342,-0.170662,-0.030311,-0.161843,0.001082,0.001907
0,0.08027,0.052154,0.015474,0.156261,0.008541,0.116857,0.001401,0.00091
0,-0.079672,-0.095898,-0.181171,-0.170561,-0.1798,-0.199492,0.001391,0.001674
0,0.115264,0.078303,0.197027,0.164424,0.206566,0.129865,0.002012,0.001367
0,0.116706,-0.049661,-0.013057,-0.103751,-0.008583,-0.138025,0.002037,0.000867
0,0.059279,-0.08277,-0.054903,-0.053082,-0.028155,-0.069032,0.001035,0.001445
0,-0.028034,-0.096651,-0.067127,-0.006395,-0.090658,0.000912,0.000489,0.001687
0,-0.104771,0.014699,-0.085363,0.096559,-0.088195,0.129331,0.001829,0.000257
0,0.005992,-0.200507,0.12196,-0.220723,0.165052,-0.205059,0.000105,0.003499
0,-0.001631,-0.240366,-0.008986,-0.040663,0.011024,-0.021572,2.8e-05,0.004195
0,-0.025711,0.046325,-0.017782,0.292855,-0.058006,0.337559,0.000449,0.000809
0,-0.104927,-0.081316,-0.097586,-0.126687,-0.14003,-0.174713,0.001831,0.001419
0,-0.036837,-0.150255,0.058935,-0.097388,0.011544,-0.078784,0.000643,0.002622
0,-0.123443,-0.159606,-0.066031,0.004999,-0.073728,0.008932,0.002154,0.002786
0,-0.248534,-0.132871,-0.126884,0.040847,-0.113055,-0.007323,0.004338,0.002319
0,-0.14956,-0.085623,0.125596,0.06097,0.07927,0.063327,0.00261,0.001494
0,-0.142769,-0.223028,-0.009075,-0.138475,0.023965,-0.093712,0.002492,0.003893
0,0.038007,0.011224,0.191166,0.234991,0.180308,0.202168,0.000663,0.000196
0,-0.193426,-0.02424,-0.242969,-0.016993,-0.233823,-0.044468,0.003376,0.000423
0,-0.063573,0.031021,0.113641,0.066158,0.138129,0.085011,0.00111,0.000541
0,0.05258,-0.128219,0.138357,-0.172298,0.170629,-0.14479,0.000918,0.002238
0,-0.096365,-0.04661,-0.146653,0.063996,-0.140409,0.058737,0.001682,0.000813
0,-0.041643,0.072382,0.038743,0.134076,0.013926,0.166179,0.000727,0.001263
0,-0.1362,-0.146902,-0.120972,-0.190041,-0.127229,-0.157386,0.002377,0.002564
0,-0.088365,0.036531,0.065594,0.173937,0.046653,0.192211,0.001542,0.000638
0,0.08835,0.034733,0.180773,-0.005615,0.146734,-0.026743,0.001542,0.000606
0,0.143412,-0.009497,0.038257,-0.044648,0.011518,-0.012407,0.002503,0.000166
0,-0.131402,-0.06972,-0.258828,-0.032139,-0.280622,-0.062614,0.002293,0.001217
0,0.021931,0.10001,0.146458,0.156045,0.137699,0.129992,0.000383,0.001746
0,-0.028554,0.009001,-0.036109,-0.072693,-0.063104,-0.087713,0.000498,0.000157
0,-0.038022,0.029154,-0.024082,0.044333,-0.048455,0.070024,0.000664,0.000509
0,0.15361,0.027774,0.193877,-0.024444,0.152339,-0.060582,0.002681,0.000485
0,0.136968,-0.0922,-0.01089,-0.098791,-0.047423,-0.119814,0.002391,0.001609
0,0.10501,-0.020829,-0.061644,0.071865,-0.068733,0.042392,0.001833,0.000364
0,-0.077947,0.036898,-0.174544,0.076324,-0.214394,0.057806,0.00136,0.000644
0,-1.212732,0.661276,-1.140525,0.619316,-1.128106,0.642772,0.002337,0.00021
0,-1.81502,0.838777,-0.612246,0.166038,-0.594922,0.131973,0.003577,0.002888
0,-1.975277,1.018216,-0.187517,0.153423,-0.154313,0.174269,0.00078,0.005732
0,-2.045566,1.327708,-0.058953,0.311483,-0.097345,0.268483,0.000447,0.000331
0,-1.704682,1.224268,0.331544,-0.081701,0.319139,-0.052518,0.005503,0.002136
0,-1.477407,1.142442,0.209053,-0.05664,0.253874,-0.043423,0.002282,0.003564
0,-0.753207,0.861455,0.716494,-0.304843,0.760506,-0.259357,0.001394,0.003284
0,-0.676736,0.842511,0.063728,-0.007742,0.105787,-0.018294,6e-05,0.002953
0,-0.287911,0.62319,0.375867,-0.225432,0.3919,-0.20616,0.005025,0.000875
0,-0.112679,0.300977,0.155221,-0.319646,0.116063,-0.368874,0.001967,0.005253
0,0.022425,0.42699,0.120274,0.153552,0.07536,0.141945,0.000391,0.004299
0,-0.010985,0.326358,-0.024295,-0.10259,-0.063047,-0.150221,0.000192,0.005696
0,0.084332,0.146583,0.119333,-0.192672,0.081659,-0.165835,0.001472,0.002558
0,-0.044511,-0.099369,-0.098993,-0.270756,-0.069072,-0.259219,0.000777,0.001734
0,0.028501,-0.039165,0.102656,0.062232,0.148622,0.047492,0.000497,0.000684
0,0.086847,-0.036136,0.032322,0.003353,0.069884,-0.030812,0.001516,0.000631
0,-0.051275,-0.148483,-0.153483,-0.105453,-0.160753,-0.133172,0.000895,0.002592
0,0.008147,-0.061266,0.065105,0.078847,0.053918,0.103722,0.000142,0.001069
0,-0.098308,-0.023494,-0.108939,0.014959,-0.0591,-0.033594,0.001716,0.00041
0,-0.004872,-0.039293,0.092514,-0.027986,0.072131,-0.064228,8.5e-05,0.000686
0,-0.035474,-0.008843,-0.046885,0.026007,-0.094779,0.075173,0.000619,0.000154
0,-0.086481,0.011821,-0.079045,0.018039,-0.047856,0.044466,0.001509,0.000206
0,0.112872,-0.185946,0.170597,-0.195558,0.190625,-0.223113,0.00197,0.003245
0,0.109508,-0.04886,0.012836,0.121345,0.052675,0.167086,0.001911,0.000853
0,-0.053821,-0.119155,-0.167685,-0.045984,-0.211072,-0.085642,0.000939,0.00208
0,-0.005874,-0.083549,0.030903,0.048425,0.00835,0.000922,0.000103,0.001458
0,-0.0473,-0.067798,-0.025067,0.019341,-0.001941,-0.027952,0.000826,0.001183
0,0.096814,-0.037418,0.142464,0.016957,0.174193,0.032748,0.00169,0.000653
0,-0.019902,-0.048005,-0.10253,-0.030348,-0.075803,-0.002067,0.000347,0.000838
0,-0.017575,-0.15268,0.027447,-0.119365,0.017892,-0.144829,0.000307,0.002665
0,-0.103637,-0.038469,-0.083312,0.130087,-0.130838,0.170271,0.001809,0.000671
0,0.04403,3.5e-05,0.121641,0.014685,0.123365,-0.030135,0.000768,1e-06
0,0.014554,0.02607,-0.054371,0.050588,-0.049852,0.022987,0.000254,0.000455
0,-0.095708,0.098192,-0.12663,0.085131,-0.137066,0.106279,0.00167,0.001714
0,0.021799,-0.0053,0.102784,-0.081573,0.099939,-0.088035,0.00038,9.2e-05
0,0.169604,0.001807,0.147792,0.005313,0.170363,-0.032027,0.00296,3.2e-05
0,0.119365,0.141237,-0.040448,0.15909,-0.028645,0.154824,0.002083,0.002465
0,-0.069916,-0.060077,-0.187841,-0.190377,-0.142005,-0.147281,0.00122,0.001049
0,0.183027,-0.05505,0.259645,0.030469,0.226812,0.003071,0.003194,0.000961
0,-0.041588,0.057789,-0.206505,0.120857,-0.197818,0.164553,0.000726,0.001009
0,0.232507,0.048548,0.290555,0.006097,0.335999,0.017981,0.004058,0.000847
0,0.012636,0.078999,-0.231737,0.05768,-0.226078,0.047798,0.000221,0.001379
0,0.006048,-0.02786,-0.013304,-0.111738,0.002482,-0.157647,0.000106,0.000486
0,0.065479,-0.080289,0.067365,-0.024577,0.065812,-0.022958,0.001143,0.001401
0,0.176998,0.070489,0.122542,0.152731,0.086022,0.147688,0.003089,0.00123
0,0.020387,-0.027044,-0.176572,-0.125939,-0.210574,-0.080612,0.000356,0.000472
0,-0.018058,0.035859,-0.031363,0.059418,-0.01323,0.075553,0.000315,0.000626
0,0.104495,-0.132998,0.111099,-0.144386,0.113778,-0.133206,0.001824,0.002321
0,0.177998,0.037412,0.048305,0.164888,0.088851,0.205738,0.003107,0.000653
0,0.08257,-0.083307,-0.080385,-0.141008,-0.070736,-0.098277,0.001441,0.001454
0,0.137193,-0.169011,0.066477,-0.105095,0.066971,-0.11362,0.002394,0.00295
0,0.137326,-0.020836,0.011356,0.156276,0.009721,0.159493,0.002397,0.000364
0,0.142076,-0.080873,0.031829,-0.040161,-0.001343,0.001167,0.00248,0.001411
0,-0.050924,-0.139186,-0.165082,-0.042391,-0.193023,-0.063815,0.000889,0.002429
0,0.160497,0.068854,0.221299,0.223209,0.179392,0.261918,0.002801,0.001202
0,-0.01103,-0.048903,-0.164421,-0.145065,-0.168534,-0.181634,0.000193,0.000854
0,-0.040906,-0.128754,-0.005006,-0.089427,-0.035346,-0.130665,0.000714,0.002247
0,0.14989,0.048861,0.16969,0.193138,0.154011,0.187096,0.002616,0.000853
0,-0.110761,-0.00623,-0.250928,-0.029004,-0.210877,-0.029276,0.001933,0.000109
0,0.126818,-0.030384,0.21261,-0.03147,0.178268,-0.073128,0.002213,0.00053
0,0.00538,-0.018044,-0.10337,-0.000759,-0.134081,0.024852,9.4e-05,0.000315
0,-0.015967,0.039897,-0.021101,0.043921,0.001387,0.059508,0.000279,0.000696
0,0.110096,-0.017497,0.123085,-0.082417,0.164878,-0.059572,0.001922,0.000305
0,-0.073702,-0.155297,-0.190598,-0.140542,-0.191457,-0.125566,0.001286,0.00271
0,-0.004209,0.082444,0.063162,0.229388,0.030854,0.252944,7.3e-05,0.001439
0,0.089078,-0.139835,0.087108,-0.24484,0.113039,-0.195998,0.001555,0.002441
0,-0.019651,-0.094007,-0.087217,0.02028,-0.125342,-0.008166,0.000343,0.001641
0,0.127958,-0.011406,0.118632,0.110157,0.099518,0.086858,0.002233,0.000199
0,-0.032615,-0.177358,-0.183942,-0.188409,-0.164334,-0.165755,0.000569,0.003095
0,-0.049369,-0.066388,-0.046648,0.096969,-0.011104,0.051869,0.000862,0.001159
0,-0.160527,0.083982,-0.124443,0.133578,-0.112407,0.135709,0.002802,0.001466
0,-0.103672,0.13344,0.061711,0.068059,0.099327,0.103431,0.001809,0.002329
0,-0.018803,-0.114319,0.059955,-0.247672,0.013412,-0.251692,0.000328,0.001995
0,0.013299,0.081371,0.047182,0.216651,0.083333,0.178699,0.000232,0.00142
0,-0.014798,-0.054609,-0.053841,-0.112267,-0.066074,-0.094223,0.000258,0.000953
0,-0.186347,-0.050184,-0.165865,0.033601,-0.168248,0.018589,0.003252,0.000876
0,-0.113921,-0.144332,0.084723,-0.081091,0.052462,-0.090931,0.001988,0.002519
0,-0.312032,0.035375,-0.226513,0.164519,-0.194943,0.175074,0.005446,0.000617
0,-0.268613,0.024144,0.055456,0.004736,0.014126,0.047989,0.004688,0.000421
0,0.036417,-0.067503,0.334245,-0.071944,0.30884,-0.08773,0.000636,0.001178
0,-0.132488,-0.20802,-0.193803,-0.155428,-0.157569,-0.117533,0.002312,0.003631
0,0.044389,0.069037,0.176447,0.277765,0.143648,0.310941,0.000775,0.001205
0,-0.01016,0.054405,-0.074101,-0.016223,-0.123156,-0.020184,0.000177,0.00095
0,-0.060051,0.014801,-0.077017,-0.049438,-0.101642,-0.071292,0.001048,0.000258
0,-0.007743,-0.144102,0.040727,-0.178622,0.090551,-0.146856,0.000135,0.002515
0,-0.041554,-0.087734,-0.0187,0.052324,0.026399,0.043123,0.000725,0.001531
0,-0.07492,-0.101876,-0.053087,-0.005985,-0.046037,0.032603,0.001308,0.001778
0,0.012558,0.046321,0.092213,0.156097,0.090231,0.110848,0.000219,0.000808
0,0.057233,-0.150971,0.05283,-0.199364,0.073425,-0.187561,0.000999,0.002635
0,0.128116,-0.11939,0.057448,0.048741,0.084018,0.09188,0.002236,0.002084
0,-0.002783,-0.019707,-0.1359,0.105107,-0.122991,0.083737,4.9e-05,0.000344
0,-0.055312,-0.113085,-0.025582,-0.100691,-0.012096,-0.056943,0.000965,0.001974
0,0.03575,-0.075935,0.084804,0.046591,0.055495,0.016689,0.000624,0.001325
0,0.115435,-0.069006,0.072665,0.020214,0.051791,0.006878,0.002015,0.001204
0,0.076274,-0.041773,-0.022941,0.048144,-0.050455,0.047683,0.001331,0.000729
0,0.010256,0.018342,-0.057229,0.071755,-0.058354,0.074882,0.000179,0.00032
0,-0.009567,-0.001354,-0.004087,0.001706,-0.015516,0.003753,0.000167,2.4e-05
0,0.166662,-0.022505,0.182657,-0.021944,0.13745,-0.044787,0.002909,0.000393
0,0.025223,-0.082284,-0.111979,-0.058939,-0.160367,-0.027481,0.00044,0.001436
0,0.129491,0.028805,0.092931,0.094971,0.093997,0.055462,0.00226,0.000503
0,0.158029,0.07918,0.017249,0.07186,-0.018519,0.09856,0.002758,0.001382
0,0.097906,-0.159662,-0.088629,-0.213951,-0.059128,-0.236574,0.001709,0.002787
0,-0.128169,0.072377,-0.252883,0.256622,-0.242629,0.246921,0.002237,0.001263
0,-0.078254,0.014744,0.024699,-0.048945,0.071897,-0.04551,0.001366,0.000257
0,0.059807,-0.138669,0.13283,-0.179014,0.114885,-0.129679,0.001044,0.00242
0,0.032152,0.006082,-0.056481,0.126891,-0.048328,0.151063,0.000561,0.000106
0,0.05907,-0.092864,0.028685,-0.11003,0.058426,-0.139972,0.001031,0.001621
0,0.047067,0.088334,-0.006347,0.204974,-0.03365,0.178324,0.000821,0.001542
0,0.221137,0.043804,0.145492,-0.035031,0.158778,-0.067848,0.00386,0.000765
0,0.209726,0.063997,-0.018379,0.034885,-0.00661,-0.002505,0.00366,0.001117
0,0.243648,-0.080383,0.025676,-0.117012,0.021487,-0.121833,0.004252,0.001403
0,0.105274,-0.146401,-0.118245,-0.062962,-0.159578,-0.106807,0.001837,0.002555
0,0.132956,-0.20042,0.057324,-0.080779,0.034835,-0.115685,0.002321,0.003498
0,0.038711,-0.097789,-0.073144,0.127518,-0.025348,0.16202,0.000676,0.001707
0,0.084011,-0.017004,0.03289,0.085563,-0.016659,0.09857,0.001466,0.000297
0,-0.059195,-0.221251,-0.148648,-0.174398,-0.112135,-0.213855,0.001033,0.003862
0,-0.083649,0.009414,-0.003921,0.226993,-0.024475,0.252314,0.00146,0.000164
0,-0.043671,-0.080074,0.056014,-0.086755,0.044164,-0.114982,0.000762,0.001398
0,0.085575,-0.151117,0.121344,-0.067794,0.096296,-0.050107,0.001494,0.002637
0,0.002174,-0.015575,-0.108414,0.115131,-0.146192,0.150669,3.8e-05,0.000272
0,0.025531,-0.024136,0.025659,-0.006068,0.020538,-0.025983,0.000446,0.000421
0,-0.038514,0.021475,-0.075755,0.040956,-0.091374,0.072636,0.000672,0.000375
0,0.125432,0.016068,0.190771,-0.027932,0.148866,-0.018979,0.002189,0.00028
0,0.200401,0.032591,0.064039,-0.005386,0.061136,0.012685,0.003498,0.000569
0,0.151811,-0.221966,-0.045812,-0.274528,-0.028699,-0.267102,0.00265,0.003874
0,0.110222,0.070582,-0.020017,0.267077,-0.019036,0.315197,0.001924,0.001232
0,-0.014416,-0.184452,-0.11057,-0.240687,-0.097221,-0.264683,0.000252,0.003219
0,0.196963,0.089287,0.233553,0.281079,0.234716,0.26544,0.003438,0.001558
0,0.263764,-0.148922,0.065907,-0.225984,0.105872,-0.220372,0.004604,0.002599
0,-0.033601,-0.140639,-0.316772,0.032087,-0.292948,0.054027,0.000586,0.002455
0,0.160924,0.046592,0.189423,0.195701,0.174539,0.210156,0.002809,0.000813
0,0.102648,-0.053664,-0.037658,-0.071955,-0.082783,-0.117194,0.001792,0.000937
0,0.188216,-0.067515,0.089075,-0.02267,0.108292,0.011719,0.003285,0.001178
0,0.03376,0.067566,-0.133334,0.138092,-0.176371,0.095682,0.000589,0.001179
0,0.022628,0.05518,-0.029641,-0.033346,-0.009533,-0.008978,0.000395,0.000963
0,-0.062623,0.076702,-0.097026,-0.005785,-0.104439,-0.041308,0.001093,0.001339
0,-0.007719,-0.110236,0.066326,-0.186471,0.111932,-0.226608,0.000135,0.001924
0,0.096199,-0.019752,0.094478,0.102163,0.138261,0.142794,0.001679,0.000345
0,0.010014,0.069443,-0.100321,0.107225,-0.125267,0.109869,0.000175,0.001212
0,-0.08021,-0.08684,-0.103255,-0.184019,-0.064461,-0.17222,0.0014,0.001516
0,-0.007912,-0.039247,0.054936,0.022307,0.101915,-0.001139,0.000138,0.000685
0,0.073184,0.04159,0.083715,0.051297,0.050234,0.039025,0.001277,0.000726
0,-0.026509,0.047911,-0.09478,0.031254,-0.12221,0.003034,0.000463,0.000836
0,-0.155134,-0.045667,-0.119977,-0.065874,-0.166908,-0.046212,0.002708,0.000797
0,-0.163251,0.065725,-0.035022,0.109084,-0.051495,0.094824,0.002849,0.001147
0,-0.155305,0.118459,-0.008028,0.045711,-0.009766,0.071488,0.002711,0.002067
0,-0.034357,0.156123,0.10915,0.017736,0.118187,0.017078,0.0006,0.002725
0,-0.054065,-0.024293,-0.012572,-0.186599,-0.01144,-0.18625,0.000944,0.000424
0,-0.06954,0.029912,-0.026946,0.074838,-0.014114,0.098981,0.001214,0.000522
0,-0.192022,0.117414,-0.139043,0.073139,-0.160864,0.049589,0.003351,0.002049
0,-0.0885,0.205201,0.076809,0.083555,0.068265,0.075448,0.001545,0.003581
0,-0.168635,-0.013322,-0.063637,-0.198437,-0.113181,-0.224984,0.002943,0.000233
0,0.121264,0.068599,0.317016,0.10171,0.340713,0.079672,0.002116,0.001197
0,-0.111628,-0.028748,-0.24948,-0.085044,-0.234084,-0.046766,0.001948,0.000502
0,-0.102183,0.090544,0.009935,0.117689,0.016212,0.091183,0.001783,0.00158
0,0.004153,0.245869,0.13474,0.140961,0.109642,0.169437,7.2e-05,0.004291
0,-0.086992,0.171746,-0.079148,-0.068139,-0.031973,-0.096906,0.001518,0.002998
0,0.070895,0.152396,0.172434,-0.035761,0.157259,-0.073201,0.001237,0.00266
0,-0.122605,0.146115,-0.200227,-0.027929,-0.176555,-0.029011,0.00214,0.00255
0,-0.066799,0.09844,0.079459,-0.054091,0.120179,-0.019261,0.001166,0.001718
0,0.123994,0.004587,0.20849,-0.089644,0.196398,-0.078606,0.002164,8e-05
0,-0.107681,-0.064279,-0.245438,-0.087502,-0.203297,-0.04339,0.001879,0.001122
0,-0.160792,0.059412,-0.035233,0.123002,-0.017562,0.129266,0.002806,0.001037
0,-0.010255,0.087792,0.160763,0.049428,0.185204,0.039814,0.000179,0.001532
0,-0.061174,-0.070262,-0.026778,-0.157288,-0.035767,-0.189165,0.001068,0.001226
0,0.068026,0.174825,0.13158,0.219998,0.114565,0.256418,0.001187,0.003051
0,0.018932,0.113177,-0.070259,-0.083228,-0.025098,-0.055322,0.00033,0.001975
0,0.069782,-0.095888,0.021118,-0.196439,0.069751,-0.223083,0.001218,0.001674
0,0.096606,-0.061399,0.047914,0.014728,0.07452,-0.023648,0.001686,0.001072
0,-0.046176,-0.013945,-0.153991,0.026875,-0.149149,0.015223,0.000806,0.000243
0,-0.129252,0.059253,-0.104888,0.092913,-0.10765,0.081714,0.002256,0.001034
0,0.066146,-0.053184,0.166647,-0.10726,0.141876,-0.060777,0.001154,0.000928
0,-0.016515,0.195437,-0.100308,0.220861,-0.112894,0.201472,0.000288,0.003411
0,0.055307,0.028713,0.094206,-0.193888,0.058011,-0.208592,0.000965,0.000501
0,-0.099186,-0.030823,-0.133961,-0.040495,-0.141076,-0.052821,0.001731,0.000538
0,0.020115,-0.085616,0.102496,-0.069219,0.120938,-0.070982,0.000351,0.001494
0,-0.078663,0.120447,-0.12355,0.22933,-0.105916,0.258292,0.001373,0.002102
0,0.059552,-0.043222,0.158274,-0.162372,0.116413,-0.127378,0.001039,0.000754
0,-0.036763,-0.095149,-0.079745,-0.048479,-0.081826,-0.052552,0.000642,0.001661
0,-0.034442,0.122919,-0.006689,0.199436,0.033001,0.216624,0.000601,0.002145
0,0.040337,-0.016525,0.062456,-0.136248,0.085073,-0.170149,0.000704,0.000288
0,0.018481,0.151591,-0.030475,0.152778,-0.052125,0.133183,0.000323,0.002646
0,-0.202144,0.188704,-0.208567,0.050317,-0.174086,0.081647,0.003528,0.003294
0,-0.293179,0.04032,-0.063328,-0.127046,-0.038293,-0.116158,0.005117,0.000704
0,-0.173356,0.016821,0.092902,-0.045121,0.045015,-0.091609,0.003026,0.000294
0,-0.210412,0.108913,-0.047989,0.112848,-0.097762,0.098351,0.003672,0.001901
0,-0.368459,0.195896,-0.146126,0.103203,-0.150768,0.075043,0.005321,0.003419
0,-0.238548,0.047037,0.111722,-0.127218,0.091996,-0.098103,0.004163,0.000821
0,-0.233959,0.10322,-0.011503,0.072406,-0.026306,0.024612,0.004083,0.001802
0,-0.118921,-0.027595,0.14225,-0.104471,0.127769,-0.115225,0.002076,0.000482
0,-0.325319,0.057322,-0.196947,0.072285,-0.18052,0.076968,0.005678,0.001
0,-0.277021,0.088561,0.051746,0.006876,0.035694,0.026645,0.004835,0.001546
0,-0.289429,0.252302,-0.023646,0.147338,-0.044341,0.187933,0.005051,0.004403
0,0.036238,0.046017,0.304661,-0.192671,0.339464,-0.161725,0.000632,0.000803
0,-0.161315,0.041084,-0.186771,-0.032587,-0.213821,-0.03414,0.002815,0.000717
0,-0.218767,-0.006935,-0.058406,-0.055527,-0.059846,-0.024364,0.003818,0.000121
0,-0.209781,0.172628,0.02375,0.163922,-0.016626,0.198106,0.003661,0.003013
0,-0.065379,-0.032475,0.116996,-0.234596,0.166875,-0.238019,0.001141,0.000567
0,-0.093715,0.049482,-0.035899,0.096921,-0.011561,0.133325,0.001636,0.000864
0,-0.028661,0.077407,0.088008,0.041913,0.09841,0.071779,0.0005,0.001351
0,-0.337836,0.158112,-0.334138,0.070677,-0.344063,0.044232,0.005855,0.00276
0,-0.038456,0.008026,0.327594,-0.14509,0.368533,-0.099233,0.000671,0.00014
0,-0.144598,0.17687,-0.078041,0.142884,-0.050862,0.119338,0.002524,0.003087
0,-0.260256,0.201211,-0.137935,0.009572,-0.110244,0.034336,0.004542,0.003512
0,-0.269012,-0.094948,-0.00925,-0.297364,-0.001094,-0.29661,0.004695,0.001657
0,-0.198359,0.065936,0.097553,0.17716,0.112239,0.167699,0.003462,0.001151
0,-0.319424,0.097103,-0.09321,0.023152,-0.057992,0.056122,0.005575,0.001695
0,-0.110577,-0.067511,0.213837,-0.136569,0.21106,-0.100224,0.00193,0.001178
0,-0.309967,-0.033123,-0.208119,0.05483,-0.198114,0.039389,0.00541,0.000578
0,-0.059261,-0.054134,0.273519,-0.029656,0.284221,-0.02197,0.001034,0.000945
0,-0.189467,0.048862,-0.125464,0.132005,-0.108934,0.175021,0.003307,0.000853
0,-0.352986,-0.056546,-0.181214,-0.110084,-0.182786,-0.112528,0.005591,0.000987
0,-0.358619,-0.075327,0.008503,-0.015353,0.019084,0.030452,0.005493,0.001315
0,-0.051551,0.10756,0.286313,0.209266,0.310141,0.161741,0.0009,0.001877
0,-0.19968,0.084884,-0.140115,-0.011131,-0.112213,0.002727,0.003485,0.001481
0,-0.234935,0.054552,-0.016422,-0.059935,0.031319,-0.106068,0.0041,0.000952
0,-0.184471,0.041101,0.077012,-0.018686,0.033782,-0.030162,0.00322,0.000717
0,-0.243392,-0.157544,-0.078802,-0.171566,-0.09456,-0.14449,0.004248,0.00275
0,-0.354568,0.117886,-0.120715,0.292217,-0.10384,0.28572,0.005563,0.002057
0,-0.249796,-0.049434,0.125495,-0.16645,0.134501,-0.144877,0.00436,0.000863
0,-0.079395,-0.134003,0.193106,-0.085281,0.239461,-0.087285,0.001386,0.002339
0,-0.247925,-0.105025,-0.15422,0.046844,-0.190078,0.038663,0.004327,0.001833
0,-0.138065,0.070867,0.109993,0.155114,0.110476,0.149879,0.00241,0.001237
0,-0.288977,0.026707,-0.150186,-0.049368,-0.101827,-0.092034,0.005044,0.000466
0,-0.240699,0.02657,0.021099,0.015449,0.040205,0.010714,0.004201,0.000464
0,-0.375106,-0.001737,-0.121453,-0.052792,-0.106062,-0.089064,0.005205,3e-05
0,-0.396904,0.02626,-0.018643,0.03951,-0.046205,0.045393,0.004824,0.000458
0,-0.128958,-0.008649,0.281495,-0.02204,0.305617,-0.023486,0.002251,0.000151
0,-0.285362,0.101161,-0.142657,0.085849,-0.100669,0.096222,0.004981,0.001766
0,-0.254271,-0.009628,0.059757,-0.114187,0.072266,-0.083494,0.004438,0.000168
0,-0.158445,0.020929,0.115878,0.039278,0.090482,0.012694,0.002765,0.000365
0,-0.302754,-0.150529,-0.170524,-0.142478,-0.137997,-0.188235,0.005284,0.002627
0,-0.237408,0.005454,0.052199,0.129223,0.073959,0.090535,0.004144,9.5e-05
0,-0.212568,-0.144333,0.02848,-0.14226,0.031181,-0.128248,0.00371,0.002519
0,-0.13408,0.049034,0.052663,0.183154,0.093066,0.211131,0.00234,0.000856
0,-0.155513,0.058439,-0.027701,0.038401,-0.04897,0.040889,0.002714,0.00102
0,-0.145357,-0.05626,-0.00774,-0.096636,-0.0027,-0.137471,0.002537,0.000982
0,-0.286413,-0.040462,-0.153582,0.014094,-0.120817,0.018422,0.004999,0.000706
0,-0.120815,0.124905,0.18462,0.141175,0.213355,0.189587,0.002109,0.00218
0,-0.071558,0.078623,0.065467,-0.038574,0.066148,-0.009946,0.001249,0.001372
0,-0.202678,0.085198,-0.150644,0.03117,-0.133019,-0.005103,0.003537,0.001487
0,-0.19443,0.080883,0.019695,-0.005407,0.003624,-0.046383,0.003393,0.001412
0,-0.251794,-0.016027,-0.038071,-0.105216,-0.013815,-0.091789,0.004395,0.00028
0,-0.067841,-0.126511,0.180473,-0.114448,0.217737,-0.147487,0.001184,0.002208
0,-0.045536,-0.028524,0.009483,0.114609,0.039487,0.07732,0.000795,0.000498
0,-0.046118,0.050924,-0.021679,0.070728,-0.03175,0.022457,0.000805,0.000889
0,-0.190228,-0.052505,-0.156683,-0.088094,-0.147662,-0.121552,0.00332,0.000916
0,-0.123233,-0.014232,0.063221,0.039838,0.110824,-0.000748,0.002151,0.000248
0,-0.194506,0.022462,-0.087496,0.016985,-0.12558,0.03883,0.003395,0.000392
0,-0.106186,-0.168555,0.059804,-0.211292,0.075273,-0.162654,0.001853,0.002942
0,-0.046796,-0.166162,0.085509,-0.011791,0.129575,0.032024,0.000817,0.0029
0,-0.046858,-0.018941,0.006417,0.173645,0.033607,0.195068,0.000818,0.000331
0,-0.201525,0.08399,-0.171426,0.128472,-0.154942,0.170302,0.003517,0.001466
0,-0.15974,-0.00426,0.01996,-0.075072,-0.005869,-0.123637,0.002788,7.4e-05
0,-0.111458,0.012624,0.064507,0.04545,0.028801,0.068329,0.001945,0.00022
0,-0.175696,-0.079284,-0.070192,-0.110116,-0.060868,-0.117421,0.003066,0.001384
0,-0.005566,-0.181619,0.141973,-0.104165,0.18352,-0.106907,9.7e-05,0.00317
0,-1.623143,0.173787,-1.596925,0.342077,-1.622233,0.297327,0.004826,0.003033
0,-2.004396,0.241851,-0.41076,0.045526,-0.382438,0.022893,0.000272,0.004221
0,-2.788114,0.022879,-0.786673,-0.20358,-0.791583,-0.178361,0.001655,0.000399
0,-3.049864,0.351686,-0.276139,0.356346,-0.259413,0.348103,0.005528,0.005614
0,-2.78,0.24308,0.269525,-0.12157,0.261295,-0.09943,0.001513,0.004243
0,-2.168965,0.186276,0.634942,-0.057244,0.592857,-0.02273,0.0026,0.003251
0,-1.902855,0.312653,0.287064,0.14584,0.263065,0.151763,0.002044,0.005457
0,-1.040606,0.166458,0.890875,-0.160998,0.889399,-0.121414,0.005341,0.002905
0,-0.920474,0.135786,0.098184,-0.040699,0.111888,-0.015646,0.004314,0.00237
0,-0.475485,0.157667,0.427478,0.025874,0.450018,0.068422,0.003453,0.002752
0,-0.295219,0.293639,0.192291,0.112652,0.239755,0.086971,0.005153,0.005125
0,0.163323,0.071294,0.448505,-0.220351,0.42945,-0.181517,0.002851,0.001244
0,0.303998,0.252658,0.168437,0.20914,0.161041,0.243177,0.005306,0.00441
0,0.526627,0.158119,0.204122,-0.070791,0.251694,-0.067086,0.00256,0.00276
0,0.275782,0.193177,-0.247221,0.059283,-0.231759,0.02639,0.004813,0.003372
0,0.58494,0.175082,0.287239,0.011383,0.320101,-0.025231,0.001543,0.003056
0,0.493147,0.196538,-0.067745,0.041982,-0.074228,0.07288,0.003145,0.00343
0,0.09509,0.11522,-0.422923,-0.079285,-0.445425,-0.089188,0.00166,0.002011
0,0.078623,0.284163,-0.013143,0.139187,0.01972,0.105981,0.001372,0.00496
0,0.17686,0.09847,0.089437,-0.181284,0.116227,-0.1677,0.003087,0.001719
0,0.195605,0.057662,0.002367,-0.045283,-0.000844,-0.038917,0.003414,0.001006
0,0.023576,0.183641,-0.200825,0.149629,-0.211741,0.194726,0.000411,0.003205
0,0.159701,0.062728,0.136654,-0.109442,0.162458,-0.094543,0.002787,0.001095
0,0.178249,0.075069,-0.001806,-0.013322,-0.01393,-0.011985,0.003111,0.00131
0,0.005779,0.039015,-0.163424,-0.051772,-0.188144,-0.043626,0.000101,0.000681
0,0.182188,-0.038199,0.188167,-0.095689,0.214374,-0.0475,0.00318,0.000667
0,-0.057838,0.156609,-0.247213,0.220652,-0.291045,0.202798,0.001009,0.002733
0,0.011037,0.049575,0.043897,-0.116899,0.016306,-0.136995,0.000193,0.000865
0,0.049461,0.138202,0.023351,0.104336,-0.011276,0.080641,0.000863,0.002412
0,0.013337,0.144106,-0.018247,-0.012034,-0.016128,-0.002876,0.000233,0.002515
0,0.190304,0.015066,0.172297,-0.105398,0.12333,-0.121816,0.003321,0.000263
0,-0.049244,0.157146,-0.267614,0.118278,-0.29162,0.090523,0.000859,0.002743
0,-0.015912,0.055471,0.044399,-0.107887,0.047125,-0.122597,0.000278,0.000968
0,-0.071234,0.116224,-0.033185,0.032016,-0.003416,0.047575,0.001243,0.002028
0,0.057916,0.135423,0.123079,0.019615,0.114279,0.022319,0.001011,0.002364
0,0.028787,0.103739,-0.008123,-0.009892,0.0122,0.037926,0.000502,0.001811
0,0.050025,0.096255,0.023034,-0.015193,0.000942,-0.022104,0.000873,0.00168
0,-0.003705,-0.107951,-0.063886,-0.218736,-0.091285,-0.207181,6.5e-05,0.001884
0,0.040811,0.139211,0.042626,0.263374,0.0803,0.220838,0.000712,0.00243
0,0.035859,0.14073,-0.01953,0.002146,0.024777,0.041305,0.000626,0.002456
0,0.08366,0.070028,0.04268,-0.086316,0.047617,-0.130522,0.00146,0.001222
0,-0.234628,-0.139672,-0.337657,-0.208755,-0.372357,-0.254659,0.004095,0.002438
0,0.017609,-0.004638,0.253894,0.108866,0.212164,0.119283,0.000307,8.1e-05
0,-0.143003,0.119072,-0.159994,0.110669,-0.130629,0.110538,0.002496,0.002078
0,-0.20108,-0.002487,-0.061469,-0.147153,-0.065054,-0.105378,0.00351,4.3e-05
0,-0.224193,0.060251,-0.02011,0.088366,-0.067908,0.082665,0.003913,0.001052
0,-0.090244,0.136185,0.161652,0.05091,0.139505,0.03618,0.001575,0.002377
0,0.066178,-0.126506,0.131542,-0.264139,0.117842,-0.253016,0.001155,0.002208
0,0.05666,-0.071085,-0.022428,0.030377,-0.004831,0.037505,0.000989,0.001241
0,-0.024689,-0.118903,-0.055585,-0.050724,-0.008791,-0.096136,0.000431,0.002075
0,0.112563,0.024591,0.160972,0.116836,0.180714,0.083525,0.001965,0.000429
0,-0.024711,-0.097403,-0.124261,-0.115132,-0.150671,-0.098108,0.000431,0.0017
0,0.027265,0.120753,0.044305,0.248132,0.073731,0.286551,0.000476,0.002108
0,0.007579,0.073113,-0.03636,-0.026183,-0.080099,-0.063153,0.000132,0.001276
0,-0.002995,-0.049512,-0.008665,-0.107066,-0.03587,-0.09761,5.2e-05,0.000864
0,0.058474,0.018528,0.035065,0.043044,0.017999,0.026475,0.001021,0.000323
0,0.08676,0.122474,0.040796,0.126143,0.021055,0.112998,0.001514,0.002138
0,0.026413,0.159888,-0.085089,0.060183,-0.056738,0.060623,0.000461,0.002791
0,-0.081178,0.114107,-0.136747,-0.039092,-0.107269,-0.056794,0.001417,0.001992
0,-0.151557,0.026497,-0.060799,-0.108244,-0.041352,-0.064305,0.002645,0.000462
0,-0.090173,-0.021407,0.037377,-0.043815,0.041972,-0.03773,0.001574,0.000374
0,-0.043933,0.07416,0.062056,0.112798,0.073069,0.116324,0.000767,0.001294
0,-0.071854,0.111234,-0.003759,0.064938,0.040702,0.063371,0.001254,0.001941
0,-0.152863,-0.054212,-0.072019,-0.162549,-0.089018,-0.19401,0.002668,0.000946
0,0.085556,0.045043,0.244376,0.077062,0.271825,0.03602,0.001493,0.000786
0,-0.050418,0.036065,-0.165215,-0.025543,-0.1405,-0.022661,0.00088,0.000629
0,0.123917,0.109616,0.168113,0.054898,0.154037,0.030229,0.002163,0.001913
0,0.056523,-0.036798,-0.079201,-0.158666,-0.087728,-0.125972,0.000987,0.000642
0,0.091055,0.188243,0.00968,0.22508,-0.016285,0.272106,0.001589,0.003285
0,0.03234,0.113698,-0.05767,-0.100436,-0.019946,-0.11242,0.000564,0.001984
0,0.058643,0.049815,0.010908,-0.058892,0.058166,-0.022858,0.001024,0.000869
0,-0.001671,0.106837,-0.055743,0.076808,-0.016935,0.053138,2.9e-05,0.001865
0,-0.109523,0.146376,-0.128089,0.035399,-0.107177,0.065973,0.001912,0.002555
0,-0.057999,-0.084742,0.028971,-0.257566,-0.009686,-0.275584,0.001012,0.001479
0,0.079972,0.13687,0.117138,0.205066,0.144556,0.228238,0.001396,0.002389
0,0.153472,0.118094,0.045372,0.004493,0.071225,-0.029387,0.002679,0.002061
0,-0.015503,0.17845,-0.169543,0.073074,-0.195359,0.115033,0.000271,0.003115
0,-0.144512,0.048443,-0.128484,-0.132458,-0.115704,-0.146232,0.002522,0.000845
0,0.153616,-0.007489,0.286353,-0.078287,0.281206,-0.075,0.002681,0.000131
0,0.145389,-0.006094,-0.011438,0.011524,0.025114,-0.021059,0.002538,0.000106
0,0.011402,0.148175,-0.160011,0.146646,-0.116493,0.148086,0.000199,0.002586
0,-0.070428,-0.014008,-0.090781,-0.138502,-0.083719,-0.103409,0.001229,0.000244
0,-0.021132,0.023725,0.022123,0.027957,0.028289,-0.004936,0.000369,0.000414
0,0.181213,0.11675,0.204093,0.073854,0.159839,0.08562,0.003163,0.002038
0,0.039319,0.20328,-0.16233,0.074071,-0.164526,0.041991,0.000686,0.003548
0,0.042667,0.078272,0.003839,-0.102854,0.031425,-0.091847,0.000745,0.001366
0,0.049227,0.178679,0.028486,0.108023,0.008359,0.099535,0.000859,0.003119
0,0.213527,0.018932,0.16475,-0.162375,0.138808,-0.126129,0.003727,0.00033
0,0.057392,0.141919,-0.167245,0.119408,-0.199727,0.114288,0.001002,0.002477
0,0.089366,-0.01496,0.014178,-0.159902,-0.010334,-0.118117,0.00156,0.000261
0,-0.011217,0.0237,-0.071154,0.061649,-0.099194,0.046766,0.000196,0.000414
0,0.115851,0.137606,0.120438,0.131874,0.124749,0.116653,0.002022,0.002402
0,-0.052647,0.119173,-0.185931,-0.024019,-0.208497,-0.000488,0.000919,0.00208
0,0.095308,0.00652,0.129759,-0.102571,0.092038,-0.076952,0.001663,0.000114
0,-0.119623,-0.052992,-0.22776,-0.070772,-0.248861,-0.024398,0.002088,0.000925
0,0.050345,0.088352,0.141493,0.165578,0.177249,0.120362,0.000879,0.001542
0,0.004414,-0.09586,-0.048274,-0.181616,-0.041736,-0.163374,7.7e-05,0.001673
0,-0.103732,-0.003572,-0.136883,0.068118,-0.090992,0.112081,0.00181,6.2e-05
0,-0.07763,0.110508,0.055608,0.094551,0.03674,0.089286,0.001355,0.001929
0,-0.152391,0.123675,-0.089888,-0.006089,-0.1286,0.004307,0.00266,0.002159
0,-0.018736,0.127547,0.10414,0.018319,0.135929,-0.014837,0.000327,0.002226
0,0.075287,-0.041193,0.121459,-0.174649,0.139002,-0.124969,0.001314,0.000719
0,0.013654,-0.011954,-0.033716,0.00085,-0.059318,0.025619,0.000238,0.000209
0,-0.135554,0.052862,-0.127345,0.077467,-0.079826,0.068097,0.002366,0.000923
0,0.025134,-0.10522,0.140377,-0.161406,0.162942,-0.147179,0.000439,0.001836
0,-0.031166,0.015224,-0.034517,0.106168,-0.038064,0.077674,0.000544,0.000266
0,-0.176033,0.017124,-0.123772,0.015306,-0.144015,0.022354,0.003072,0.000299
0,-0.013169,-0.125604,0.185999,-0.129948,0.148159,-0.117555,0.00023,0.002192
0,0.0273,-0.109714,0.068697,0.026406,0.066593,0.05668,0.000476,0.001915
0,-0.053311,0.036382,-0.070883,0.174312,-0.109603,0.134174,0.00093,0.000635
0,-0.136007,-0.024419,-0.087082,-0.085327,-0.082617,-0.087446,0.002374,0.000426
0,-0.272094,-1.73652,-0.145727,-1.693676,-0.12085,-1.680305,0.004749,0.004947
0,-0.455561,-1.971494,-0.172897,-0.224621,-0.191893,-0.209998,0.003801,0.000846
0,-0.222771,-1.766702,0.256518,0.203539,0.258429,0.245402,0.003888,0.00442
0,-0.273402,-1.921408,-0.053832,-0.184366,-0.014348,-0.147422,0.004772,0.00172
0,-0.202069,-1.452857,0.097865,0.439085,0.102985,0.440625,0.003527,0.001854
0,-0.209846,-1.391212,-0.025889,0.081075,-0.039491,0.073821,0.003663,0.000778
0,-0.333085,-1.134435,-0.136068,0.228073,-0.11112,0.253151,0.005813,0.003704
0,-0.413616,-0.649519,-0.10299,0.456705,-0.14929,0.411466,0.004533,0.000415
0,-0.088988,-0.418267,0.348737,0.248895,0.307163,0.253637,0.001553,0.004452
0,-0.068722,-0.143005,0.023769,0.287639,0.024307,0.303079,0.001199,0.002496
0,-0.080384,0.123702,0.004647,0.262787,0.035078,0.241957,0.001403,0.002159
0,-0.081941,0.227993,0.012233,0.122963,0.056323,0.139812,0.00143,0.003979
0,-0.181127,0.196277,-0.083448,-0.020497,-0.044155,-0.020487,0.003161,0.003426
0,0.022334,0.326519,0.204185,0.146606,0.202898,0.134581,0.00039,0.005699
0,-0.158758,0.379466,-0.165243,0.038425,-0.143366,0.046198,0.002771,0.005129
0,-0.123898,0.172529,0.006157,-0.201318,-0.000619,-0.199596,0.002162,0.003011
0,-0.17705,0.191574,-0.033927,0.046291,-0.028365,0.064053,0.00309,0.003344
0,-0.202915,0.138872,-0.051122,-0.034902,-0.034271,-0.057965,0.003542,0.002424
0,-0.199605,0.114138,0.032005,-0.018651,0.000456,-0.007771,0.003484,0.001992
0,-0.222337,0.199113,-0.006945,0.057464,-0.004777,0.078889,0.003881,0.003475
0,-0.229169,0.180404,-0.007655,-0.027213,-0.041577,-0.074572,0.004,0.003149
0,0.018891,0.199719,0.250958,0.015564,0.250773,-0.006826,0.00033,0.003486
0,-0.070258,0.245131,-0.0984,0.072207,-0.093379,0.035494,0.001226,0.004278
0,-0.009641,0.19743,0.045869,-0.023889,0.029342,0.016199,0.000168,0.003446
0,-0.057932,0.139364,-0.037527,-0.053083,-0.059288,-0.061188,0.001011,0.002432
0,-0.067868,0.050712,-0.032918,-0.100726,-0.032609,-0.067231,0.001185,0.000885
0,0.028263,0.181021,0.080566,0.155615,0.11122,0.183723,0.000493,0.003159
0,-0.172306,0.256584,-0.203335,0.091254,-0.239046,0.136676,0.003007,0.004478
0,-0.044469,0.233148,0.157001,-0.043163,0.173402,-0.015456,0.000776,0.004069
0,-0.137153,0.21875,-0.117423,-0.003818,-0.079571,-0.01191,0.002394,0.003818
0,-0.195852,0.095097,-0.028968,-0.127607,-0.024468,-0.137253,0.003418,0.00166
0,0.03815,0.185344,0.262586,0.097139,0.277685,0.069851,0.000666,0.003235
0,-0.193724,0.277221,-0.238593,0.075058,-0.24165,0.120507,0.003381,0.004838
0,-0.082801,0.108453,0.096928,-0.16268,0.104474,-0.128611,0.001445,0.001893
0,0.060145,0.06716,0.158521,-0.053257,0.112739,-0.098085,0.00105,0.001172
0,0.088505,0.100477,0.022008,0.031889,0.057551,0.038132,0.001545,0.001754
0,-0.111172,0.211855,-0.208603,0.100405,-0.169401,0.100124,0.00194,0.003698
0,0.023764,-0.025882,0.157565,-0.256158,0.132837,-0.224767,0.000415,0.000452
0,0.156194,0.187947,0.162356,0.188439,0.143698,0.169139,0.002726,0.00328
0,-0.054147,0.22128,-0.20621,0.059002,-0.231025,0.045709,0.000945,0.003862
0,0.111437,0.221361,0.164119,-0.006741,0.16172,-0.004561,0.001945,0.003863
0,0.005594,0.080951,-0.078363,-0.12894,-0.097286,-0.134686,9.8e-05,0.001413
0,-0.066043,0.187009,-0.092412,0.084693,-0.141122,0.074651,0.001153,0.003264
0,0.139917,0.050101,0.178484,-0.113705,0.194247,-0.13437,0.002442,0.000874
0,0.048912,0.147893,-0.080585,0.092648,-0.094143,0.073688,0.000854,0.002581
0,0.158125,0.153845,0.101787,-0.001942,0.099093,0.038321,0.00276,0.002685
0,0.018913,0.192647,-0.142411,0.060999,-0.176828,0.080363,0.00033,0.003362
0,0.119365,-0.043011,0.086977,-0.224362,0.049143,-0.188363,0.002083,0.000751
0,0.148657,0.041849,0.023804,0.080953,0.051894,0.099816,0.002595,0.00073
0,0.046957,0.158847,-0.094759,0.102263,-0.086038,0.122794,0.00082,0.002772
0,-0.001404,0.114185,-0.04794,-0.053049,-0.052718,-0.008924,2.4e-05,0.001993
0,-0.154728,0.000911,-0.123469,-0.121346,-0.172335,-0.113043,0.002701,1.6e-05
0,0.059913,-0.065417,0.214536,-0.055034,0.217774,-0.082574,0.001046,0.001142
0,-0.049254,0.14432,-0.118264,0.183691,-0.141241,0.178092,0.00086,0.002519
0,0.009686,0.08016,0.037741,-0.086275,0.086345,-0.074978,0.000169,0.001399
0,-0.078243,0.000429,-0.092948,-0.079365,-0.139803,-0.048488,0.001366,7e-06
0,-0.107543,0.201392,-0.05606,0.198317,-0.026802,0.222321,0.001877,0.003515
0,0.08936,0.108875,0.179813,-0.088573,0.190102,-0.125481,0.00156,0.0019
0,0.010429,0.062061,-0.051638,-0.033147,-0.09021,-0.044801,0.000182,0.001083
0,-0.013221,-0.061425,-0.002319,-0.099821,0.024154,-0.07732,0.000231,0.001072
0,0.014195,0.060159,0.042181,0.132301,0.011916,0.09553,0.000248,0.00105
0,-0.229284,0.033654,-0.258994,0.001585,-0.212358,0.011131,0.004002,0.000587
0,-0.152969,0.144416,0.055797,0.12395,0.05384,0.081021,0.00267,0.002521
0,-0.006668,-0.030944,0.168102,-0.166265,0.18876,-0.16287,0.000116,0.00054
0,-0.214551,0.077373,-0.200938,0.08957,-0.208362,0.061536,0.003745,0.00135
0,-0.235161,-0.010556,-0.009021,-0.078117,0.031578,-0.072119,0.004104,0.000184
0,0.004032,0.021774,0.228156,0.039645,0.194041,0.057288,7e-05,0.00038
0,-0.178615,-0.094201,-0.172191,-0.09655,-0.19298,-0.091017,0.003117,0.001644
0,-0.065191,-0.108803,0.109804,0.010187,0.146292,0.004536,0.001138,0.001899
0,-0.087657,0.140213,0.002583,0.239716,-0.003905,0.190263,0.00153,0.002447
0,0.039307,0.132319,0.121316,-0.00206,0.132344,-0.047374,0.000686,0.002309
0,0.010058,0.015672,-0.05702,-0.104793,-0.043274,-0.070953,0.000176,0.000274
0,-0.016874,-0.034343,-0.035737,-0.03521,-0.048663,-0.005909,0.000295,0.000599
0,0.068327,0.011924,0.061816,0.021663,0.030752,0.02605,0.001193,0.000208
0,-0.004833,0.068846,-0.08983,0.062776,-0.081411,0.080161,8.4e-05,0.001202
0,-0.011878,0.112495,-0.032036,0.052389,-0.043064,0.025063,0.000207,0.001963
0,-0.119311,0.036604,-0.11017,-0.093143,-0.11369,-0.122149,0.002082,0.000639
0,-0.168542,-0.050855,-0.054224,-0.113392,-0.032322,-0.151336,0.002942,0.000888
0,-0.118994,-0.044345,0.05308,0.009807,0.098816,0.008992,0.002077,0.000774
0,-0.082445,0.00975,0.063157,0.031754,0.110073,0.029801,0.001439,0.00017
0,-0.058875,-0.105316,0.029222,-0.121456,0.0092,-0.097064,0.001028,0.001838
0,-0.026886,-0.040881,0.006405,0.08474,0.045698,0.075576,0.000469,0.000714
0,0.032113,-0.073583,0.046951,-0.049411,0.09272,-0.059529,0.00056,0.001284
0,-0.110197,0.127789,-0.161734,0.203562,-0.192483,0.169955,0.001923,0.00223
0,-0.168923,-0.006978,-0.064412,-0.155335,-0.102144,-0.161834,0.002948,0.000122
0,-0.121349,0.191212,0.025492,0.218876,0.004003,0.204965,0.002118,0.003337
0,-0.030005,0.178977,0.079481,-0.038031,0.084207,-0.043029,0.000524,0.003124
0,-0.009354,0.140282,0.049998,-0.036442,0.037498,-0.06069,0.000163,0.002448
0,-0.000685,0.050398,-0.011298,-0.067378,-0.029215,-0.03203,1.2e-05,0.00088
0,-0.136411,0.142716,-0.111912,0.118576,-0.105373,0.164987,0.002381,0.002491
0,0.008403,-0.108389,0.141124,-0.230428,0.169434,-0.222072,0.000147,0.001892
0,-0.100598,0.036545,-0.101985,0.168174,-0.115478,0.145977,0.001756,0.000638
0,0.003478,0.15772,0.108622,0.143087,0.153015,0.180517,6.1e-05,0.002753
0,-0.056646,-0.089007,-0.039007,-0.240415,-0.019362,-0.223177,0.000989,0.001553
0,-0.165833,-0.106376,-0.095401,-0.036685,-0.119858,-0.066556,0.002894,0.001857
0,-0.076188,4e-05,0.10664,0.103301,0.122443,0.119934,0.00133,1e-06
0,-0.045926,0.067507,0.00902,0.091591,0.021154,0.14017,0.000802,0.001178
0,-0.232908,-0.138031,-0.160569,-0.17952,-0.132598,-0.186085,0.004065,0.002409
0,-0.048001,0.083393,0.159506,0.215324,0.18021,0.180013,0.000838,0.001455
0,-0.973748,-0.680871,-0.941169,-0.763923,-0.989359,-0.716567,0.005243,0.000132
0,-1.131476,-0.924677,-0.133383,-0.264647,-0.094722,-0.256673,0.003755,0.004387
0,-1.094915,-0.987791,0.049982,-0.042853,0.094868,-0.04331,0.004394,0.005489
0,-1.255679,-1.000978,-0.161767,-0.039199,-0.128923,-0.076233,0.001588,0.005719
0,-1.145286,-0.911795,0.099649,0.090244,0.11762,0.134281,0.003514,0.004162
0,-1.200902,-0.549863,-0.045402,0.334502,-0.070175,0.349502,0.002544,0.002155
0,-0.623098,-0.419269,0.574676,0.122357,0.593608,0.08568,0.000877,0.004434
0,-0.42866,-0.249279,0.206481,0.180981,0.22076,0.132814,0.00427,0.004351
0,-0.338046,-0.17944,0.108314,0.087626,0.155074,0.069103,0.005852,0.003132
0,-0.105671,-0.119106,0.212541,0.034372,0.253997,0.054797,0.001844,0.002079
0,0.093121,-0.173104,0.180991,-0.051248,0.223948,-0.057368,0.001625,0.003021
0,0.080324,-0.248669,0.006063,-0.084686,-0.000705,-0.123205,0.001402,0.00434
0,-0.019896,-0.05535,-0.088246,0.195896,-0.073345,0.155164,0.000347,0.000966
0,0.016902,-0.034579,0.061537,-0.007004,0.052463,-0.055423,0.000295,0.000604
0,-0.134277,-0.129319,-0.146254,-0.066492,-0.14054,-0.074779,0.002344,0.002257
0,-0.086384,-0.125665,0.063554,-0.007427,0.05922,0.03962,0.001508,0.002193
0,-0.006632,-0.169071,0.08179,-0.032197,0.128688,-0.033303,0.000116,0.002951
0,-0.013699,-0.183088,-0.026108,0.006906,-0.006846,-0.007316,0.000239,0.003195
0,0.103331,-0.173584,0.114812,0.038923,0.102738,-0.005557,0.001803,0.00303
0,-0.082559,-0.047227,-0.177955,0.129851,-0.211849,0.116296,0.001441,0.000824
0,0.147242,-0.211544,0.248484,-0.184523,0.200426,-0.15407,0.00257,0.003692
0,-0.110733,-0.006879,-0.240563,0.210559,-0.214767,0.248215,0.001933,0.00012
0,0.076553,-0.021222,0.186664,-0.002136,0.201844,-0.004795,0.001336,0.00037
0,-0.090917,-0.258256,-0.146055,-0.265898,-0.158149,-0.219945,0.001587,0.004507
0,0.007266,-0.208896,0.085119,0.06073,0.075419,0.048073,0.000127,0.003646
0,0.059509,-0.22101,0.07768,0.016707,0.049601,0.004849,0.001039,0.003857
0,0.047282,-0.275118,0.012437,-0.035782,-0.017889,-0.066045,0.000825,0.004802
0,-0.189373,-0.058757,-0.250611,0.214375,-0.291909,0.233004,0.003305,0.001026
0,-0.003913,-0.257821,0.200367,-0.226482,0.237629,-0.261445,6.8e-05,0.0045
0,-0.053546,-0.102017,-0.05419,0.179641,-0.085004,0.131517,0.000935,0.001781
0,0.071739,-0.232806,0.153284,-0.107127,0.123682,-0.075381,0.001252,0.004063
0,0.062129,-0.055653,-0.03628,0.187061,-0.03983,0.145101,0.001084,0.000971
0,0.0209,-0.280308,-0.028691,-0.196766,-0.07474,-0.162932,0.000365,0.004892
0,0.071102,-0.144338,0.023252,0.134535,0.00981,0.135119,0.001241,0.002519
0,0.090109,-0.169537,0.038995,-0.021869,0.049888,0.016346,0.001573,0.002959
0,0.118624,-0.224812,0.029382,-0.036941,0.009191,-0.052457,0.00207,0.003924
0,0.012526,-0.032473,-0.085592,0.207323,-0.069678,0.210882,0.000219,0.000567
0,1.040527,-0.982661,1.046092,-0.922526,1.013661,-0.94138,0.005343,0.005399
0,2.078922,-2.096265,1.06183,-1.109725,1.018355,-1.094468,0.001029,0.001332
0,2.9341,-1.836531,0.862987,0.239441,0.894473,0.194766,0.004203,0.003202
0,3.806573,-2.270457,0.897877,-0.443688,0.915129,-0.461928,0.004073,0.004372
0,3.263909,-2.18626,-0.541386,0.088965,-0.526216,0.111836,0.001793,0.002902
0,2.076056,-1.353395,-1.171929,0.844097,-1.201829,0.799496,0.000979,0.000118
0,1.973304,-1.300757,-0.088499,0.028219,-0.097009,0.025184,0.000814,0.000801
0,1.57396,-1.09564,-0.409032,0.228471,-0.400362,0.257731,0.003967,0.004381
0,1.03677,-0.65657,-0.532066,0.419265,-0.543613,0.383817,0.005408,0.000292
0,0.472651,-0.477443,-0.554843,0.156265,-0.598599,0.110532,0.003502,0.003419
0,0.15615,-0.333571,-0.326936,0.138064,-0.287223,0.133669,0.002725,0.005822
0,0.023423,-0.12694,-0.13216,0.179706,-0.088084,0.207772,0.000409,0.002216
0,-0.063856,0.179056,-0.096339,0.328823,-0.068825,0.368758,0.001114,0.003125
0,-0.276496,0.375283,-0.223807,0.206851,-0.270089,0.252065,0.004826,0.005202
0,-0.316774,0.522617,-0.031592,0.149204,-0.030769,0.135268,0.005529,0.00263
0,-0.346701,0.249689,-0.005009,-0.284885,-0.036934,-0.285352,0.005701,0.004358
0,-0.195681,0.256747,0.135522,-0.006459,0.09657,-0.023799,0.003415,0.004481
0,-0.150189,0.347676,0.045015,0.09184,0.087747,0.135649,0.002621,0.005684
0,-0.30541,0.252441,-0.127238,-0.076896,-0.117662,-0.089889,0.00533,0.004406
0,-0.261387,0.269686,0.052881,0.003112,0.021034,0.039807,0.004562,0.004707
0,-0.108652,0.282597,0.133851,-0.002447,0.148793,-0.026237,0.001896,0.004932
0,-0.19131,0.241797,-0.111389,-0.047907,-0.141137,-0.021329,0.003339,0.00422
0,-0.227449,0.234361,-0.022335,-0.020763,0.001767,-0.024459,0.00397,0.00409
0,-0.121999,0.154056,0.131413,-0.094247,0.167636,-0.09587,0.002129,0.002689
0,-0.245112,0.090537,-0.119183,-0.070628,-0.154018,-0.09757,0.004278,0.00158
0,-0.213581,0.07236,0.042186,-0.040828,0.084615,-0.06155,0.003728,0.001263
0,-0.183048,0.050399,0.006554,-0.01037,0.031902,0.006041,0.003195,0.00088
0,-0.25033,0.061421,-0.069731,0.010371,-0.107359,-0.001476,0.004369,0.001072
0,-0.280697,0.072364,-0.025401,-0.004429,-0.013675,-0.011291,0.004899,0.001263
0,-0.14565,-0.034087,0.106962,-0.134018,0.139129,-0.119839,0.002542,0.000595
0,-0.057718,0.219302,0.092674,0.256032,0.141008,0.253776,0.001007,0.003828
0,-0.091568,0.007746,-0.057383,-0.19604,-0.104074,-0.180256,0.001598,0.000135
0,-0.026143,0.147377,0.061835,0.16721,0.061674,0.13066,0.000456,0.002572
0,-0.188629,0.118039,-0.17745,-0.045664,-0.187364,-0.002885,0.003292,0.00206
0,-0.172426,0.154846,0.023584,0.047651,0.039968,0.070253,0.003009,0.002703
0,-0.087145,0.212005,0.091735,0.045816,0.077706,0.080838,0.001521,0.0037
0,-0.061388,-0.076148,0.02897,-0.302562,-0.009213,-0.301635,0.001071,0.001329
0,-0.04853,0.166001,0.039853,0.243678,0.014993,0.21455,0.000847,0.002897
0,-0.051238,0.153262,0.02613,-0.000519,-0.019673,-0.006074,0.000894,0.002675
0,-0.025306,0.133613,-0.002029,-0.011445,-0.003596,0.013251,0.000442,0.002332
0,-0.163128,0.084219,-0.127332,-0.046095,-0.158898,-0.093924,0.002847,0.00147
0,-0.183913,0.110111,-0.004832,0.017401,-0.048484,0.042917,0.00321,0.001922
0,0.064788,-0.035189,0.244233,-0.161393,0.286936,-0.117299,0.001131,0.000614
0,0.037938,0.151122,-0.021123,0.170348,-0.010649,0.145169,0.000662,0.002638
0,-0.042025,-0.041787,-0.051328,-0.202117,-0.066037,-0.22622,0.000733,0.000729
0,-0.142079,-0.088292,-0.071979,-0.047076,-0.06303,-0.00995,0.00248,0.001541
0,0.07906,0.034612,0.210535,0.117088,0.18689,0.076786,0.00138,0.000604
0,-0.04376,0.154206,-0.103506,0.098237,-0.118265,0.086744,0.000764,0.002691
0,0.145086,0.109716,0.174868,-0.042655,0.207561,-0.082951,0.002532,0.001915
0,0.126067,0.15627,-0.043611,0.067095,-0.014673,0.097679,0.0022,0.002727
0,0.11006,0.127816,-0.044462,-0.022681,-0.086211,-0.024925,0.001921,0.002231
0,0.061742,-0.134655,-0.068801,-0.251209,-0.024142,-0.234618,0.001078,0.00235
0,-0.075448,0.180387,-0.155033,0.322484,-0.190106,0.329207,0.001317,0.003148
0,0.100755,-0.030753,0.180786,-0.237685,0.144602,-0.207742,0.001759,0.000537
0,-0.095016,0.067299,-0.209413,0.08547,-0.243656,0.058707,0.001658,0.001175
0,0.031374,0.078422,0.141773,-0.005495,0.185401,0.040561,0.000548,0.001369
0,-0.091218,0.082625,-0.135421,0.01937,-0.153351,0.019633,0.001592,0.001442
0,-0.08111,0.010863,-0.005688,-0.043743,-0.01733,-0.028877,0.001416,0.00019
0,-0.039044,0.147901,0.036748,0.132461,-0.002861,0.171338,0.000681,0.002581
0,0.06047,-0.012118,0.111921,-0.163638,0.14925,-0.191141,0.001055,0.000212
0,0.135334,-0.010219,0.055863,0.00814,0.062543,0.052497,0.002362,0.000178
0,0.165496,0.05518,0.028912,0.08777,0.046599,0.082791,0.002888,0.000963
0,-0.116289,-0.04314,-0.253395,-0.089829,-0.302081,-0.113195,0.00203,0.000753
0,-0.007984,0.08577,0.087091,0.132473,0.129246,0.181366,0.000139,0.001497
0,0.064118,-0.112084,0.09592,-0.204993,0.12061,-0.172442,0.001119,0.001956
0,-0.134359,0.05554,-0.187536,0.168158,-0.155816,0.203636,0.002345,0.000969
0,0.159163,-0.041236,0.285763,-0.101098,0.335522,-0.123415,0.002778,0.00072
0,-0.023987,0.191818,-0.212427,0.229869,-0.195609,0.240645,0.000419,0.003348
0,0.114907,-0.053985,0.118372,-0.230041,0.146637,-0.215045,0.002006,0.000942
0,-0.044718,-0.0853,-0.141723,-0.010706,-0.147152,0.007855,0.00078,0.001489
0,0.051198,0.128425,0.096176,0.235117,0.084519,0.212944,0.000894,0.002241
0,-0.070425,0.195385,-0.14236,0.063191,-0.138234,0.016214,0.001229,0.00341
0,0.14241,0.066465,0.210374,-0.152803,0.164456,-0.174361,0.002486,0.00116
0,-0.048043,-0.004499,-0.193972,-0.086292,-0.240571,-0.049065,0.000839,7.9e-05
0,0.209905,0.076679,0.244231,0.091346,0.228944,0.087906,0.003664,0.001338
0,-0.017396,-0.064903,-0.231954,-0.148965,-0.27067,-0.178913,0.000304,0.001133
0,0.059227,-0.046525,0.087842,-0.010087,0.129825,0.023548,0.001034,0.000812
0,0.100015,-0.020495,0.043829,0.045345,0.038991,0.034063,0.001746,0.000358
0,-0.059907,-0.080695,-0.1689,-0.059397,-0.211403,-0.10725,0.001046,0.001408
0,0.143473,0.009867,0.226287,0.094141,0.273249,0.068713,0.002504,0.000172
0,0.229734,0.107911,0.112114,0.110646,0.151942,0.10754,0.00401,0.001883
0,0.183352,0.224894,-0.035301,0.113722,-0.081699,0.144324,0.0032,0.003925
0,0.039063,0.01015,-0.140919,-0.195011,-0.108884,-0.176446,0.000682,0.000177
0,0.189033,0.193661,0.135023,0.181768,0.138794,0.192331,0.003299,0.00338
0,0.205745,0.178509,0.036954,0.007061,0.08528,0.01058,0.003591,0.003116
0,0.107929,-0.01887,-0.100304,-0.224137,-0.060597,-0.261312,0.001884,0.000329
0,0.257255,-0.041598,0.158576,-0.04827,0.135985,-0.029404,0.00449,0.000726
0,0.142989,0.053302,-0.131572,0.11012,-0.139253,0.090845,0.002496,0.00093
0,0.112857,0.066172,-0.054541,0.017024,-0.077946,0.030885,0.00197,0.001155
0,0.278062,0.172361,0.183693,0.113265,0.22985,0.09802,0.004853,0.003008
0,0.197721,-0.083247,-0.103351,-0.234237,-0.063969,-0.275474,0.003451,0.001453
0,0.210878,0.151991,0.015016,0.221921,0.057905,0.172128,0.003681,0.002653
0,-0.005872,0.110254,-0.214513,-0.063895,-0.169513,-0.094832,0.000102,0.001924
0,-0.045362,0.029538,-0.026834,-0.05224,-0.052899,-0.09766,0.000792,0.000516
0,0.051984,0.033568,0.071025,-0.008362,0.054784,0.015755,0.000907,0.000586
0,0.058418,0.133498,0.016722,0.078921,0.042508,0.039535,0.00102,0.00233
0,0.065655,-0.042113,0.030316,-0.152641,0.010581,-0.15686,0.001146,0.000735
0,-0.008389,-0.000619,-0.097628,0.063548,-0.101903,0.105675,0.000146,1.1e-05
0,-0.086029,0.186986,-0.101911,0.195494,-0.052904,0.203504,0.001501,0.003264
0,-0.147263,0.011037,-0.077454,-0.161864,-0.076023,-0.167112,0.00257,0.000193
0,-0.102685,0.185572,0.045417,0.170295,0.083606,0.136138,0.001792,0.003239
0,-0.060722,0.173955,0.029413,-0.033873,0.069345,0.010604,0.00106,0.003036
0,0.027409,0.034291,0.105351,-0.139868,0.126701,-0.173994,0.000478,0.000598
0,-0.060726,-0.007919,-0.064573,-0.0478,-0.016648,-0.048115,0.00106,0.000138
0,-0.046881,0.152897,0.041085,0.141816,-0.004755,0.169125,0.000818,0.002669
0,0.093367,-0.033385,0.140335,-0.170533,0.185289,-0.164554,0.00163,0.000583
0,0.001559,0.113011,-0.079568,0.123468,-0.100185,0.094659,2.7e-05,0.001972
0,-0.040482,-0.112583,-0.062418,-0.217898,-0.050075,-0.253549,0.000707,0.001965
0,-0.114764,-0.007379,-0.052626,0.134725,-0.050015,0.178893,0.002003,0.000129
0,-0.086527,0.033723,0.00173,0.057553,0.00426,0.080399,0.00151,0.000589
0,0.030451,-0.01776,0.102586,-0.073532,0.119606,-0.05163,0.000531,0.00031
0,0.016103,-0.049193,-0.034396,-0.060752,-0.064078,-0.062279,0.000281,0.000859
0,0.111412,0.129056,0.075887,0.200892,0.084685,0.182088,0.001945,0.002252
0,-0.045582,-0.025879,-0.185335,-0.17585,-0.17985,-0.222056,0.000796,0.000452
0,-0.006,-0.031365,0.029943,0.01378,-0.017323,0.027491,0.000105,0.000547
0,0.14277,0.112247,0.162031,0.139169,0.182799,0.187743,0.002492,0.001959
0,0.049313,0.078203,-0.080642,-0.031984,-0.11771,-0.009836,0.000861,0.001365
0,-0.055437,0.138441,-0.105468,0.057901,-0.102555,0.086803,0.000968,0.002416
0,0.035288,0.062564,0.10052,-0.084768,0.058258,-0.089464,0.000616,0.001092
0,-0.041632,-0.00908,-0.049562,-0.094938,-0.096064,-0.085104,0.000727,0.000158
0,0.025022,0.068632,0.058617,0.056239,0.012061,0.073249,0.000437,0.001198
0,-0.117761,-0.056188,-0.150937,-0.139417,-0.113493,-0.09335,0.002055,0.000981
0,-0.045098,0.005101,0.08918,0.08001,0.136985,0.090649,0.000787,8.9e-05
0,0.055066,-0.068219,0.115296,-0.076436,0.157973,-0.072401,0.000961,0.001191
0,0.187598,0.088175,0.103837,0.12981,0.087756,0.100179,0.003274,0.001539
0,0.182915,0.101786,0.015234,-0.010879,-0.032626,-0.039678,0.003192,0.001776
0,-0.040909,-0.018357,-0.227578,-0.097446,-0.218261,-0.064502,0.000714,0.00032
0,0.055559,-0.040498,0.125497,0.003313,0.096198,-0.019135,0.00097,0.000707
0,-0.069098,0.071513,-0.153966,0.134325,-0.16001,0.159065,0.001206,0.001248
0,0.18649,0.034804,0.228652,-0.012654,0.244631,0.02849,0.003255,0.000607
0,0.021064,-0.027373,-0.160213,-0.073984,-0.128158,-0.099983,0.000368,0.000478
0,4.6e-05,0.001782,-0.047861,0.029965,-0.065766,0.005678,1e-06,3.1e-05
0,2.720208,-0.337611,2.719855,-0.348618,2.742738,-0.360592,0.00047,0.005859
0,4.130182,-0.496921,1.430611,-0.159404,1.436869,-0.187146,0.001575,0.003079
0,3.852727,-1.18238,-0.264484,-0.692475,-0.283503,-0.730651,0.003267,0.002867
0,3.621157,-1.503313,-0.243771,-0.307073,-0.230555,-0.317728,0.004443,0.002734
0,3.385613,-1.106597,-0.234291,0.385276,-0.213376,0.361335,0.000332,0.00419
0,2.954183,-0.932648,-0.420649,0.147487,-0.44872,0.124282,0.004553,0.004526
0,2.361182,-0.959964,-0.581155,-0.046297,-0.54218,-0.083231,0.005796,0.005003
0,1.729015,-0.457424,-0.643585,0.529934,-0.662557,0.556243,0.005078,0.003768
0,0.795732,-0.206781,-0.945954,0.231237,-0.973214,0.266677,0.002136,0.003609
0,0.186332,-0.046393,-0.624087,0.14638,-0.656761,0.158314,0.003252,0.00081
0,-0.065485,-0.17906,-0.272853,-0.131939,-0.268706,-0.136767,0.001143,0.003125
0,-0.339733,0.097761,-0.24917,0.301961,-0.24232,0.336913,0.005822,0.001706
0,-0.156986,-0.099143,0.163363,-0.172997,0.124674,-0.177225,0.00274,0.00173
0,-0.256379,-0.030699,-0.123827,0.071931,-0.140858,0.058223,0.004475,0.000536
0,-0.284189,0.144666,-0.013305,0.162423,0.014019,0.211782,0.00496,0.002525
0,-0.298531,0.002342,-0.027984,-0.139744,-0.012953,-0.154601,0.00521,4.1e-05
0,-0.204758,-0.122448,0.079982,-0.10513,0.086772,-0.072096,0.003574,0.002137
0,-0.336161,0.056502,-0.153395,0.153017,-0.120649,0.118204,0.005867,0.000986
0,-0.303338,0.173077,0.046765,0.125223,0.091429,0.094385,0.005294,0.003021
0,-0.308152,-0.050362,0.015679,-0.197384,-0.014154,-0.184064,0.005378,0.000879
0,-0.185352,-0.007637,0.127909,0.027532,0.095553,-0.010805,0.003235,0.000133
0,-0.384084,-0.104146,-0.19751,-0.116583,-0.188889,-0.090735,0.005048,0.001818
0,-0.184377,0.048158,0.207507,0.156202,0.206867,0.14874,0.003218,0.000841
0,-0.209071,0.08965,-0.042698,0.055096,-0.004234,0.029651,0.003649,0.001565
0,0.00586,0.160883,0.241781,0.074734,0.24175,0.088592,0.000102,0.002808
0,-0.082325,0.165449,-0.09227,0.023152,-0.085123,0.020293,0.001437,0.002888
0,0.045652,-0.054939,0.132221,-0.193335,0.159026,-0.152659,0.000797,0.000959
0,-0.015978,0.106129,-0.07404,0.177494,-0.088665,0.196098,0.000279,0.001852
0,-0.308687,0.111836,-0.322438,0.004495,-0.295096,-0.031009,0.005388,0.001952
0,-0.221486,0.107408,0.114557,0.018671,0.083075,-0.028225,0.003866,0.001875
0,-0.205764,-0.027609,0.038274,-0.151224,-0.000455,-0.187201,0.003591,0.000482
0,-0.221769,0.055597,-0.020424,0.055089,-0.0647,0.104012,0.003871,0.00097
0,0.07242,0.12367,0.29293,0.095799,0.292337,0.10893,0.001264,0.002158
0,-0.205592,0.025019,-0.297563,-0.081853,-0.32442,-0.039695,0.003588,0.000437
0,-0.084967,-0.012447,0.122963,-0.061108,0.079382,-0.064593,0.001483,0.000217
0,-0.123023,0.00503,-0.019453,0.026024,-0.003461,0.074817,0.002147,8.8e-05
0,-0.200263,0.103889,-0.048908,0.123606,-0.056693,0.083434,0.003495,0.001813
0,-0.215328,0.150447,-0.010512,0.04649,0.009983,0.017575,0.003758,0.002626
0,-0.143721,-0.102196,0.062163,-0.23156,0.100869,-0.220573,0.002508,0.001784
0,0.050173,-0.006755,0.191344,0.070528,0.208122,0.106033,0.000876,0.000118
0,0.059143,-0.076591,0.006341,-0.099083,0.006514,-0.141708,0.001032,0.001337
0,0.025714,0.086715,-0.0509,0.163482,-0.019693,0.13199,0.000449,0.001513
0,-0.016578,0.061419,-0.066114,-0.003865,-0.046859,-0.050719,0.000289,0.001072
0,-0.200729,0.036216,-0.17473,-0.029922,-0.142097,-0.035852,0.003503,0.000632
0,-0.227346,0.044533,-0.028282,0.006005,-0.061814,0.046671,0.003968,0.000777
0,0.002276,0.079884,0.228525,0.028406,0.250446,0.03873,4e-05,0.001394
0,0.013585,0.095475,0.013631,0.010398,0.023786,0.018129,0.000237,0.001666
0,-0.069218,0.108656,-0.062356,0.02791,-0.074596,-0.015671,0.001208,0.001896
0,-0.105889,-0.092688,-0.027323,-0.191115,0.021566,-0.211602,0.001848,0.001618
0,-0.09141,-0.062302,-2e-06,0.016564,-0.005976,-0.026856,0.001595,0.001087
0,-0.132625,-0.073468,-0.032667,0.00112,-0.051797,0.038984,0.002315,0.001282
0,-0.036948,-0.105312,0.104429,-0.007118,0.106435,0.011433,0.000645,0.001838
0,-0.081102,-0.173406,-0.039079,-0.092627,-0.039456,-0.103095,0.001416,0.003027
0,0.07469,-0.12879,0.183171,0.070376,0.214257,0.037428,0.001304,0.002248
0,-0.154979,-0.029308,-0.206911,0.116495,-0.182974,0.086404,0.002705,0.000512
0,-0.160019,-0.057287,-0.01415,-0.031312,-0.02717,-0.068163,0.002793,0.001
0,-0.127857,-0.064325,0.05016,0.009873,0.061867,-0.015156,0.002232,0.001123
0,-0.118063,-0.080371,0.02431,-0.0317,0.053555,0.013168,0.002061,0.001403
0,0.050332,-0.156231,0.169059,-0.090575,0.163382,-0.076259,0.000878,0.002727
0,-0.015792,-0.012313,-0.050297,0.131023,-0.064767,0.096244,0.000276,0.000215
0,-0.021346,-0.14532,-0.013956,-0.159076,0.012817,-0.148591,0.000373,0.002536
0,-0.087917,-0.187613,-0.066201,-0.025087,-0.113405,-0.003493,0.001534,0.003274
0,-0.005595,-0.114058,0.09216,0.075607,0.059411,0.072244,9.8e-05,0.001991
0,0.028045,-0.061723,0.016683,0.044917,0.037696,0.060889,0.000489,0.001077
0,0.132145,-0.175387,0.116581,-0.14061,0.068793,-0.165765,0.002306,0.003061
0,0.024727,0.109787,-0.102203,0.300598,-0.151309,0.316416,0.000432,0.001916
0,0.035269,0.077074,0.027574,-0.010506,-0.021887,-0.033703,0.000616,0.001345
0,-0.04572,0.048312,-0.085172,-0.031716,-0.040673,-0.012546,0.000798,0.000843
0,0.143575,-0.129135,0.218986,-0.158935,0.253763,-0.1812,0.002506,0.002254
0,-0.128212,-0.116918,-0.298173,0.009119,-0.329425,-0.009827,0.002238,0.002041
0,-0.078241,-0.095028,0.032667,0.032234,-0.008899,0.001361,0.001366,0.001659
0,0.122234,0.108289,0.222395,0.222468,0.234391,0.181051,0.002133,0.00189
0,-0.152121,0.196892,-0.302436,0.09537,-0.321761,0.14143,0.002655,0.003436
0,-0.131299,0.026641,6.5e-05,-0.150007,-0.018896,-0.188013,0.002292,0.000465
0,0.067354,0.172362,0.194826,0.116892,0.228282,0.153692,0.001176,0.003008
0,-0.109567,0.024514,-0.150937,-0.160685,-0.153886,-0.16205,0.001912,0.000428
0,0.018358,-0.097983,0.140867,-0.113951,0.144949,-0.097928,0.00032,0.00171
0,-0.062035,-0.108007,-0.083645,-0.02729,-0.111432,-0.063264,0.001083,0.001885
0,-0.01453,0.077457,0.056292,0.181701,0.028657,0.161979,0.000254,0.001352
0,-0.009486,-0.106384,-0.020295,-0.17587,-0.059562,-0.209411,0.000166,0.001857
0,-0.249752,0.030497,-0.238735,0.157077,-0.214526,0.111324,0.004359,0.000532
0,-0.066715,-0.056284,0.172796,-0.104592,0.151866,-0.134713,0.001164,0.000982
0,-0.029724,-0.072177,0.011394,-0.010367,0.030384,-0.030169,0.000519,0.00126
0,-0.224813,-0.074688,-0.190494,-0.009499,-0.14305,0.029198,0.003924,0.001304
0,-0.171968,-0.057497,0.02857,0.016862,0.030601,-0.025211,0.003001,0.001004
0,-0.245439,0.110456,-0.088068,0.146046,-0.099148,0.174624,0.004284,0.001928
0,-0.240374,-0.099394,0.01493,-0.208155,-0.032599,-0.234997,0.004195,0.001735
0,-0.03722,-0.167352,0.186741,-0.06156,0.167879,-0.06673,0.00065,0.002921
0,0.073021,-0.089099,0.082803,0.085329,0.109865,0.037259,0.001274,0.001555
0,-0.112089,0.000164,-0.202536,0.083409,-0.207394,0.103277,0.001956,3e-06
0,-0.054151,0.084686,0.07619,0.107928,0.04752,0.146861,0.000945,0.001478
0,-0.046868,-0.050729,0.004789,-0.136988,-0.014526,-0.165097,0.000818,0.000885
0,0.1546,-0.023449,0.184642,0.005212,0.232531,-0.030156,0.002698,0.000409
0,-0.077166,-0.034521,-0.232737,-0.015438,-0.190278,0.016864,0.001347,0.000603
0,-2.112081,0.162548,-2.042691,0.185578,-2.08405,0.172884,0.001608,0.002837
0,-1.969296,0.622664,0.134989,0.442593,0.148276,0.404984,0.000884,0.000884
0,-2.243053,0.483785,-0.258763,-0.166894,-0.279594,-0.162094,0.003894,0.003308
0,-2.122968,0.483305,0.112988,0.018912,0.069428,0.02839,0.001798,0.003316
0,-1.946121,0.363289,0.166332,-0.127996,0.213003,-0.146799,0.001289,0.005411
0,-1.329779,0.008632,0.598846,-0.334001,0.570425,-0.371377,0.000294,0.000151
0,-1.124789,-0.033212,0.199302,-0.066962,0.197394,-0.100967,0.003872,0.00058
0,-0.629708,-0.04714,0.4992,0.015189,0.546192,0.013174,0.000761,0.000823
0,-0.620354,-0.07955,0.030416,-0.049685,0.040361,-0.029351,0.000924,0.001388
0,-0.101753,0.129012,0.49499,0.18811,0.461048,0.171268,0.001776,0.002252
0,0.291437,0.098085,0.364197,-0.053821,0.389884,-0.073148,0.005087,0.001712
0,0.341988,-0.143922,0.021957,-0.226458,0.068401,-0.197652,0.005783,0.002512
0,0.279824,-0.100517,-0.075967,0.048818,-0.121695,0.005077,0.004884,0.001754
0,0.408931,-0.1628,0.133863,-0.065232,0.106525,-0.043014,0.004615,0.002841
0,0.363491,-0.153587,-0.026206,0.016889,-0.060335,-0.018687,0.005408,0.002681
0,0.216638,-0.00467,-0.158499,0.152472,-0.121887,0.177667,0.003781,8.2e-05
0,0.1796,-0.150848,-0.041417,-0.166083,-0.019623,-0.208836,0.003135,0.002633
0,0.12361,-0.04881,-0.0754,0.095475,-0.083631,0.144038,0.002157,0.000852
0,0.132521,0.082553,0.003211,0.15293,0.032209,0.108536,0.002313,0.001441
0,0.054075,-0.054705,-0.095034,-0.125029,-0.110862,-0.125589,0.000944,0.000955
0,-0.113176,-0.172141,-0.180161,-0.134781,-0.227477,-0.179166,0.001975,0.003004
0,-0.153841,-0.101702,-0.039753,0.098025,-0.067252,0.08623,0.002685,0.001775
0,-0.080929,0.052463,0.071539,0.127577,0.060055,0.08143,0.001412,0.000916
0,-0.152605,-0.039265,-0.087514,-0.091467,-0.114568,-0.084468,0.002663,0.000685
0,0.127991,0.05373,0.266967,0.091801,0.219343,0.103829,0.002234,0.000938
0,-0.160477,-0.094408,-0.315893,-0.125812,-0.277247,-0.077905,0.002801,0.001648
0,-0.081925,0.091828,0.096463,0.192956,0.056241,0.147546,0.00143,0.001603
0,-0.148705,-0.012236,-0.059729,-0.11948,-0.019841,-0.136668,0.002595,0.000214
0,-0.018791,0.093314,0.107597,0.097368,0.139533,0.072947,0.000328,0.001629
0,-0.108631,-0.101272,-0.110317,-0.177779,-0.105594,-0.194681,0.001896,0.001768
0,0.004684,-0.067821,0.095762,0.045446,0.081297,0.034681,8.2e-05,0.001184
0,-0.166814,-0.056801,-0.193628,0.036694,-0.232293,0.045254,0.002911,0.000991
0,-0.079101,0.096789,0.105691,0.161372,0.077244,0.205376,0.001381,0.001689
0,0.027542,0.038368,0.11333,-0.082646,0.091475,-0.08619,0.000481,0.00067
0,0.030667,0.029235,-0.01291,-0.036668,-0.05693,-0.052659,0.000535,0.00051
0,-0.194062,-0.112539,-0.208472,-0.140385,-0.215552,-0.149999,0.003387,0.001964
0,0.045074,-0.151233,0.241297,-0.039523,0.255129,-0.033543,0.000787,0.00264
0,-0.039455,-0.053179,-0.093613,0.072022,-0.059193,0.022429,0.000689,0.000928
0,0.016625,0.082137,0.055674,0.124051,0.018919,0.103056,0.00029,0.001434
0,0.056714,-0.124619,0.035022,-0.185351,0.014788,-0.234311,0.00099,0.002175
0,-0.091307,-0.013521,-0.124295,0.107069,-0.145125,0.102004,0.001594,0.000236
0,0.127541,0.056883,0.209016,0.053987,0.257723,0.043685,0.002226,0.000993
0,0.125923,-0.090826,0.001419,-0.140146,-0.030714,-0.130809,0.002198,0.001585
0,-0.057108,-0.113733,-0.191394,-0.025094,-0.204157,-0.018708,0.000997,0.001985
0,0.06979,0.0917,0.121292,0.203726,0.154868,0.208572,0.001218,0.0016
0,0.085501,-0.161905,0.008195,-0.236334,0.048853,-0.195842,0.001492,0.002826
0,-0.068737,-0.166643,-0.146042,-0.014837,-0.135609,-0.022475,0.0012,0.002908
0,0.025255,-0.172315,0.080894,-0.014026,0.064733,0.033332,0.000441,0.003007
0,0.064177,-0.034262,0.025263,0.110719,0.056174,0.063549,0.00112,0.000598
0,0.185886,-0.19038,0.10927,-0.172375,0.060613,-0.13394,0.003244,0.003323
0,-0.08535,-0.103069,-0.284087,0.073104,-0.266852,0.096188,0.00149,0.001799
0,0.085813,-0.019204,0.200902,0.067482,0.242692,0.03451,0.001498,0.000335
0,0.130731,-0.03872,0.046492,-0.010016,0.018161,-0.009712,0.002282,0.000676
0,-0.003404,-0.031032,-0.111658,-0.013433,-0.1614,-0.043571,5.9e-05,0.000542
0,0.056684,-0.183396,0.037302,-0.177826,0.085424,-0.197899,0.000989,0.003201
0,0.175964,0.046975,0.141138,0.257524,0.174365,0.237014,0.003071,0.00082
0,0.244017,-0.060971,0.087289,-0.134317,0.12852,-0.102321,0.004259,0.001064
0,0.254561,0.053698,-0.011831,0.114575,0.014375,0.124836,0.004443,0.000937
0,0.225089,-0.11566,-0.022633,-0.157079,0.000835,-0.190647,0.003929,0.002019
0,-0.024113,-0.086163,-0.253084,0.002524,-0.263367,0.044723,0.000421,0.001504
0,0.068767,0.053075,0.066594,0.168308,0.086254,0.130573,0.0012,0.000926
0,0.132975,0.035837,0.060257,-0.027904,0.091499,-0.015957,0.002321,0.000625
0,0.118224,-0.15351,-0.02782,-0.205239,0.013528,-0.244991,0.002063,0.002679
0,0.013474,-0.010005,-0.11934,0.13406,-0.126846,0.129678,0.000235,0.000175
0,0.0727,0.060547,0.063387,0.081802,0.073687,0.117759,0.001269,0.001057
0,-0.057479,-0.06663,-0.126059,-0.099185,-0.173128,-0.097046,0.001003,0.001163
0,-0.040642,-0.009127,0.029584,0.046096,0.060343,-0.003273,0.000709,0.000159
0,-0.010959,0.046474,0.002453,0.041115,0.010991,0.084886,0.000191,0.000811
0,0.036154,-0.136447,0.024675,-0.154395,0.072558,-0.183506,0.000631,0.002381
0,0.101744,-0.00038,0.068136,0.140226,0.040032,0.155181,0.001776,7e-06
0,0.007242,-0.099365,-0.073385,-0.093858,-0.062811,-0.052563,0.000126,0.001734
0,-0.019276,-0.151732,-0.035089,-0.042673,-0.056346,-0.018253,0.000336,0.002648
0,-0.065343,-0.079344,-0.059318,0.098879,-0.066996,0.130585,0.00114,0.001385
0,0.00566,-0.07557,0.083639,-0.012863,0.041069,7.7e-05,9.9e-05,0.001319
0,0.170679,0.049421,0.158025,0.106351,0.172258,0.129834,0.002979,0.000863
0,0.138276,-0.042838,-0.005624,-0.101798,0.019788,-0.148274,0.002413,0.000748
0,0.068351,-0.092773,-0.068084,-0.057246,-0.059595,-0.074398,0.001193,0.001619
0,0.204608,-0.091258,0.111031,0.019571,0.119396,0.005131,0.003571,0.001593
0,0.047753,0.088036,-0.186202,0.172482,-0.202053,0.221057,0.000833,0.001537
0,-0.110285,-0.146501,-0.167514,-0.233285,-0.164792,-0.202065,0.001925,0.002557
0,-0.017778,-0.17517,0.108842,-0.032887,0.124833,0.000928,0.00031,0.003057
0,0.082086,-0.100993,0.071786,0.044331,0.028668,0.041588,0.001433,0.001763
0,-0.131552,0.065896,-0.217823,0.155286,-0.217229,0.120757,0.002296,0.00115
0,-0.107866,-0.052259,-0.00349,-0.093942,-0.036481,-0.058739,0.001883,0.000912
0,0.000936,-0.07638,0.137424,-0.016481,0.179479,-0.057277,1.6e-05,0.001333
0,0.054967,-0.101011,0.030824,-0.008646,0.061995,-0.03193,0.000959,0.001763
0,0.055179,0.01388,-0.02343,0.121212,-0.047451,0.110281,0.000963,0.000242
0,-0.130407,0.088793,-0.1909,0.087442,-0.238157,0.079056,0.002276,0.00155
0,0.085002,-0.057283,0.241097,-0.133083,0.210651,-0.169993,0.001484,0.001
0,0.018142,0.094257,-0.076449,0.134689,-0.11182,0.133122,0.000317,0.001645
0,0.079494,-0.001584,0.062242,-0.077206,0.085699,-0.030642,0.001387,2.8e-05
0,-0.03691,0.023419,-0.089053,0.030143,-0.087396,0.05172,0.000644,0.000409
0,-0.022923,0.11764,0.001486,0.098698,-0.014759,0.115291,0.0004,0.002053
0,0.089179,-0.176876,0.138659,-0.298795,0.158844,-0.307257,0.001556,0.003087
0,0.061344,-0.074735,-0.006105,0.128792,0.005395,0.112782,0.001071,0.001304
0,0.069546,-0.086412,0.025934,0.017575,-0.021319,0.01875,0.001214,0.001508
0,0.124561,-0.074606,0.038003,-0.004394,0.072133,0.010882,0.002174,0.001302
0,0.072804,-0.17656,-0.022029,-0.079712,-0.020007,-0.08576,0.001271,0.003082
0,0.243218,-0.065695,0.18726,0.088343,0.228369,0.076296,0.004245,0.001147
0,0.118762,0.04545,-0.127817,0.125214,-0.102153,0.120661,0.002073,0.000793
0,0.200001,-0.001345,0.093982,-0.023534,0.133253,-0.050428,0.003491,2.3e-05
0,-0.025139,0.017088,-0.211285,0.004679,-0.192678,0.007517,0.000439,0.000298
0,0.244092,0.001007,0.275959,0.012551,0.238298,-0.013778,0.00426,1.8e-05
0,0.155601,0.065314,-0.094634,0.048456,-0.131265,0.032142,0.002716,0.00114
0,0.087834,0.009692,-0.058361,-0.043387,-0.026585,-0.065529,0.001533,0.000169
0,0.03111,0.088607,-0.046458,0.069571,-0.010785,0.02573,0.000543,0.001546
0,0.276614,-0.04045,0.231525,-0.140532,0.215587,-0.145951,0.004828,0.000706
0,0.122734,-0.192984,-0.141877,-0.130091,-0.130435,-0.169871,0.002142,0.003368
0,0.000115,0.017024,-0.132228,0.186627,-0.179408,0.223551,2e-06,0.000297
0,0.007043,-0.000391,0.017191,0.009863,0.0007,-0.022314,0.000123,7e-06
0,0.068473,-0.065176,0.075763,-0.036079,0.111213,-0.038071,0.001195,0.001138
0,0.25713,-0.0851,0.20257,0.005215,0.246047,-0.008916,0.004488,0.001485
0,0.1313,-0.059717,-0.112144,0.025368,-0.091839,0.034124,0.002292,0.001042
0,0.035918,0.036705,-0.107194,0.074477,-0.096609,0.124197,0.000627,0.000641
0,0.031506,-0.134006,-0.033217,-0.190173,-0.041944,-0.195975,0.00055,0.002339
0,0.038886,0.068538,0.027843,0.201488,0.075455,0.213636,0.000679,0.001196
0,0.139475,-0.126181,0.079165,-0.169803,0.083673,-0.134101,0.002434,0.002202
0,0.204501,0.008561,0.045086,0.141598,0.082394,0.174231,0.003569,0.000149
0,0.064234,-0.074196,-0.148526,-0.112606,-0.16262,-0.103646,0.001121,0.001295
0,0.046896,-0.045965,-0.02356,0.015026,-0.050261,0.046703,0.000818,0.000802
0,0.186317,0.065495,0.129469,0.10322,0.160233,0.058911,0.003252,0.001143
0,-0.008936,-0.114832,-0.183803,-0.179927,-0.230066,-0.16455,0.000156,0.002004
0,0.088826,-0.156948,0.118978,-0.069814,0.137557,-0.049515,0.00155,0.002739
0,0.115412,0.016143,0.051918,0.14994,0.035413,0.125547,0.002014,0.000282
0,-0.087597,-0.129799,-0.173886,-0.164548,-0.191333,-0.135117,0.001529,0.002265
0,0.128474,-0.009922,0.207968,0.140584,0.246853,0.171246,0.002242,0.000173
0,0.174608,-0.145492,0.052011,-0.162528,0.044925,-0.188596,0.003047,0.002539
0,0.082814,-0.094708,-0.118112,0.072021,-0.130577,0.092757,0.001445,0.001653
0,-0.012237,-0.115582,-0.104477,-0.028793,-0.121149,-0.011533,0.000214,0.002017
0,0.241432,-0.163711,0.234681,-0.076458,0.283255,-0.091522,0.004214,0.002857
0,0.157634,-0.195002,-0.08946,-0.017548,-0.067286,0.026674,0.002751,0.003403
0,-0.014349,-0.035103,-0.162748,0.172591,-0.139895,0.143627,0.00025,0.000613
0,0.221466,-0.180825,0.232002,-0.155388,0.206248,-0.188852,0.003865,0.003156
0,0.178586,-0.114204,-0.061073,0.071417,-0.092347,0.039994,0.003117,0.001993
0,0.238302,-0.019005,0.038158,0.097674,0.068717,0.06568,0.004159,0.000332
0,0.142779,0.027439,-0.076423,0.05892,-0.088144,0.097417,0.002492,0.000479
0,0.096431,0.066056,-0.039293,0.015649,-0.055215,0.008592,0.001683,0.001153
0,0.235672,-0.04687,0.154644,-0.135422,0.178576,-0.117306,0.004113,0.000818
0,0.100871,-0.100878,-0.133698,-0.060735,-0.14957,-0.067562,0.001761,0.001761
0,0.281381,0.01258,0.200753,0.085956,0.236899,0.073509,0.004911,0.00022
0,0.210005,-0.036274,-0.055663,-0.044605,-0.061728,-0.032341,0.003665,0.000633
0,0.172294,-0.134727,-0.062464,-0.087867,-0.068903,-0.119359,0.003007,0.002351
0,0.209668,-0.006516,0.048909,0.137781,0.087622,0.138181,0.003659,0.000114
0,0.074357,0.088291,-0.160788,0.113459,-0.178913,0.128217,0.001298,0.001541
0,0.237966,-0.136558,0.164169,-0.202,0.160798,-0.173151,0.004153,0.002383
0,0.101944,0.020549,-0.108968,0.162415,-0.064171,0.148465,0.001779,0.000359
0,-0.068077,0.033397,-0.167384,0.015848,-0.161344,0.014035,0.001188,0.000583
0,0.14358,-0.116672,0.213148,-0.154852,0.201874,-0.10939,0.002506,0.002036
0,0.068749,-0.024085,-0.058089,0.107642,-0.052333,0.125877,0.0012,0.00042
0,0.136383,-0.090568,0.080969,-0.063658,0.040096,-0.101432,0.00238,0.001581
0,0.062376,0.026312,-0.049857,0.144069,-0.042727,0.15753,0.001089,0.000459
0,0.013562,-0.146377,-0.037379,-0.20246,-0.080401,-0.184671,0.000237,0.002555
0,0.094954,0.053448,0.093077,0.218319,0.115736,0.2065,0.001657,0.000933
0,0.208549,0.079325,0.123256,0.043206,0.158293,-0.000958,0.00364,0.001384
0,0.155249,0.027603,-0.069292,-0.038135,-0.098553,-0.017019,0.00271,0.000482
0,0.087075,-0.067414,-0.082792,-0.124483,-0.0967,-0.114173,0.00152,0.001177
0,0.034664,0.107801,-0.059285,0.182085,-0.06581,0.176001,0.000605,0.001881
0,0.117276,0.154335,0.10493,0.072845,0.060995,0.08557,0.002047,0.002694
0,0.080304,0.02295,-0.02299,-0.128821,-0.036572,-0.085201,0.001402,0.000401
0,-0.03652,0.030417,-0.093974,0.014337,-0.099866,0.025978,0.000637,0.000531
0,0.105344,0.213809,0.138242,0.163826,0.150275,0.207331,0.001839,0.003732
0,-0.171643,0.150558,-0.261157,-0.035469,-0.282086,-0.075094,0.002996,0.002628
0,-0.019485,0.155393,0.133035,0.021388,0.153368,-0.023174,0.00034,0.002712
0,-0.218129,0.184597,-0.213322,0.013722,-0.216068,0.046037,0.003807,0.003222
0,-0.151818,-0.032153,0.048548,-0.210151,0.015875,-0.191191,0.00265,0.000561
0,-0.273791,0.020686,-0.093295,0.080601,-0.104618,0.044621,0.004779,0.000361
0,-0.130189,0.133573,0.117827,0.098589,0.154941,0.109837,0.002272,0.002331
0,-0.171846,0.164992,-0.014282,0.042018,0.006561,0.077536,0.002999,0.00288
0,-0.272021,-0.021497,-0.11185,-0.178521,-0.064197,-0.209295,0.004748,0.000375
0,-0.036935,-0.028514,0.245918,-0.017724,0.263242,0.013195,0.000645,0.000498
0,0.040055,0.02255,0.060781,0.05406,0.068396,0.076962,0.000699,0.000394
0,-0.133124,-0.003624,-0.196901,-0.021759,-0.243904,-0.028138,0.002323,6.3e-05
0,-0.011364,-0.015363,0.097893,-0.019613,0.076703,-0.02351,0.000198,0.000268
0,-0.106092,0.203426,-0.114418,0.225864,-0.081034,0.251937,0.001852,0.00355
0,-0.106289,0.14025,0.023119,-0.047105,-0.022046,-0.028288,0.001855,0.002448
0,-0.02953,-0.100783,0.047999,-0.253546,0.040305,-0.28958,0.000515,0.001759
0,-0.256049,0.054608,-0.251975,0.150459,-0.220232,0.175596,0.004469,0.000953
0,-0.216592,0.010808,0.049105,-0.022443,0.087506,-0.031585,0.00378,0.000189
0,-0.110477,-0.038913,0.085815,-0.0572,0.13158,-0.058924,0.001928,0.000679
0,-0.233416,-0.114462,-0.096137,-0.069819,-0.049325,-0.043132,0.004074,0.001998
0,-0.239968,0.002495,0.021835,0.107825,0.035798,0.157057,0.004188,4.4e-05
0,-0.118001,0.104027,0.137815,0.095983,0.123791,0.133395,0.00206,0.001816
0,-0.238005,-0.069859,-0.094578,-0.180317,-0.07218,-0.181121,0.004154,0.001219
0,-0.2976,0.164894,-0.06888,0.231462,-0.042213,0.230253,0.005194,0.002878
0,-0.112328,0.086592,0.172505,-0.078496,0.169147,-0.106214,0.00196,0.001511
0,-0.308868,0.063302,-0.172828,-0.046765,-0.129284,-0.07316,0.005391,0.001105
0,-0.268784,0.061873,0.04375,0.002664,0.042694,-0.037867,0.004691,0.00108
0,-0.154536,0.217283,0.086607,0.159583,0.059646,0.208629,0.002697,0.003792
0,-0.126176,0.067067,0.049689,-0.168141,0.074274,-0.204054,0.002202,0.001171
0,-0.062571,0.060392,0.075345,-0.000401,0.095263,-0.018094,0.001092,0.001054
0,-0.006527,0.030928,0.029727,-0.049206,0.059388,-0.094616,0.000114,0.00054
0,-0.141127,-0.035314,-0.124666,-0.041052,-0.132234,0.008251,0.002463,0.000616
0,0.074249,0.141819,0.230937,0.173995,0.192063,0.171657,0.001296,0.002475
0,0.074939,0.027253,0.017865,-0.144416,-0.00545,-0.131244,0.001308,0.000476
0,-0.004556,0.155088,-0.05965,0.123351,-0.018266,0.10348,8e-05,0.002707
0,-0.056873,0.045911,-0.050991,-0.080866,-0.039502,-0.075039,0.000993,0.000801
0,-0.127167,-0.131015,-0.04256,-0.187517,-0.056374,-0.207747,0.002219,0.002287
0,-0.02264,0.098862,0.0867,0.243878,0.068367,0.271779,0.000395,0.001725
0,-0.103402,0.095639,-0.053659,-0.002968,-0.006255,0.015451,0.001805,0.001669
0,-0.003453,0.078246,0.071391,0.003362,0.040746,-0.001343,6e-05,0.001366
0,-0.006584,0.138761,-0.020646,0.045167,-0.011481,0.016384,0.000115,0.002422
0,-0.127814,0.119017,-0.112316,-0.024272,-0.141111,0.004551,0.002231,0.002077
0,-0.215132,0.018377,-0.098492,-0.121772,-0.143562,-0.112397,0.003755,0.000321
0,-0.072358,0.08498,0.158746,0.076131,0.180335,0.030999,0.001263,0.001483
0,-0.254273,-0.045127,-0.157079,-0.151344,-0.174296,-0.102484,0.004438,0.000788
0,-0.292074,0.016359,-0.020811,0.048806,-0.022755,0.040702,0.005098,0.000286
0,0.000537,-0.007518,0.306691,-0.012674,0.267577,0.00057,9e-06,0.000131
0,-0.153553,-0.031258,-0.129974,-0.042754,-0.093289,0.003104,0.00268,0.000546
0,-0.021798,0.054515,0.120334,0.071588,0.107758,0.06749,0.00038,0.000951
0,-0.094464,0.070971,-0.061026,0.020341,-0.036397,0.016544,0.001649,0.001239
0,-0.092367,0.059838,0.025959,-0.005737,-0.008717,-0.040618,0.001612,0.001044
0,0.002121,-0.029247,0.071571,-0.073451,0.048294,-0.026793,3.7e-05,0.00051
0,-0.121853,-0.113572,-0.095548,-0.057702,-0.121974,-0.050181,0.002127,0.001982
0,-0.180738,-0.01645,-0.088192,0.101882,-0.096159,0.144658,0.003154,0.000287
0,-0.272036,-0.041028,-0.094847,-0.026269,-0.131622,0.013028,0.004748,0.000716
0,-0.118071,-0.085619,0.180111,-0.03204,0.226438,-0.07057,0.002061,0.001494
0,-0.062642,-0.087009,0.048158,-0.029145,0.039061,0.0133,0.001093,0.001519
0,0.003691,0.141921,0.07845,0.242068,0.064023,0.196576,6.4e-05,0.002477
0,-0.133384,0.207068,-0.151214,0.087498,-0.111188,0.047101,0.002328,0.003614
0,-0.18496,-0.048863,-0.048727,-0.235915,-0.056824,-0.229086,0.003228,0.000853
0,-0.192512,-0.023086,-0.002082,0.026179,-0.008252,0.065118,0.00336,0.000403
0,-0.061587,0.188346,0.155623,0.183106,0.109366,0.137288,0.001075,0.003287
0,-0.196097,-0.100643,-0.112683,-0.278382,-0.081182,-0.259161,0.003423,0.001757
0,-0.213498,-0.092494,-0.010526,0.013757,-0.040826,0.050604,0.003726,0.001614
0,-0.058865,0.008519,0.176982,0.108867,0.193,0.06501,0.001027,0.000149
0,0.038085,0.07891,0.103747,0.085489,0.125626,0.056599,0.000665,0.001377
0,0.124858,-0.113232,0.075577,-0.162658,0.063896,-0.18279,0.002179,0.001976
0,-0.038372,-0.047486,-0.151626,0.081599,-0.192292,0.061577,0.00067,0.000829
0,0.088471,0.136741,0.106845,0.174977,0.074372,0.178759,0.001544,0.002387
0,0.0367,0.139544,-0.043666,0.020367,-0.019465,0.047668,0.000641,0.002436
0,-0.014929,0.093639,-0.026396,-0.062945,-0.055067,-0.054442,0.000261,0.001634
0,-0.148118,-0.026238,-0.103658,-0.120074,-0.061893,-0.077115,0.002585,0.000458
0,0.091319,0.119937,0.221594,0.14975,0.23199,0.111572,0.001594,0.002093
0,0.136858,0.076657,0.02289,-0.017541,0.047222,-0.042376,0.002389,0.001338
0,-0.124152,0.049211,-0.265513,-0.005742,-0.236413,-0.028643,0.002167,0.000859
0,-0.123723,0.092758,0.027239,0.0431,0.046087,0.074345,0.002159,0.001619
0,0.082481,-0.038502,0.234177,-0.140617,0.273465,-0.131796,0.00144,0.000672
0,-0.017062,-0.039776,-0.078288,0.005257,-0.040425,-0.003128,0.000298,0.000694
0,-0.085206,0.202223,-0.071844,0.216422,-0.081086,0.231161,0.001487,0.003529
0,-0.084287,0.177654,0.029796,-0.00265,-0.008019,-0.000249,0.001471,0.003101
0,-0.006714,0.108694,0.065582,-0.055261,0.034209,-0.013281,0.000117,0.001897
0,-0.033305,-0.038385,-0.037882,-0.17604,-0.004033,-0.159456,0.000581,0.00067
0,0.049898,-0.058491,0.112001,-0.014985,0.11838,-0.024557,0.000871,0.001021
0,-0.023694,0.045236,-0.047286,0.076919,-0.001083,0.082456,0.000414,0.00079
0,-0.227208,-0.068286,-0.189348,-0.084176,-0.156867,-0.034525,0.003966,0.001192
0,0.072952,-0.040472,0.318313,0.045083,0.295556,0.051225,0.001273,0.000706
0,-0.102967,-0.057974,-0.167354,-0.025802,-0.157748,-0.001955,0.001797,0.001012
0,-0.116221,-0.114891,-0.005812,-0.038606,-0.026373,-0.065273,0.002028,0.002005
0,-0.094679,-0.109858,0.024753,-0.002646,-0.016032,-0.007413,0.001652,0.001917
0,-0.09852,-0.066487,-0.030692,0.019189,-0.01866,0.042702,0.001719,0.00116
0,0.109844,-0.024219,0.232831,0.062396,0.20518,0.097598,0.001917,0.000423
0,-0.086413,-0.150381,-0.219786,-0.097537,-0.185578,-0.096124,0.001508,0.002625
0,0.101372,0.039512,0.161285,0.181751,0.127426,0.148244,0.001769,0.00069
0,0.028118,-0.004811,-0.086995,-0.05912,-0.049172,-0.013706,0.000491,8.4e-05
0,0.048454,-0.077108,0.030106,-0.064738,0.021572,-0.097023,0.000846,0.001346
0,0.108106,-0.069754,0.061235,-0.021058,0.063621,-0.039632,0.001887,0.001217
0,-0.147923,-0.074643,-0.247906,0.012449,-0.287267,0.038286,0.002582,0.001303
0,0.026399,-0.019154,0.166612,0.067411,0.198129,0.110091,0.000461,0.000334
0,-0.062049,-0.041178,-0.074054,-0.012219,-0.091169,-0.050756,0.001083,0.000719
0,0.158408,-0.225764,0.22404,-0.200783,0.190701,-0.23934,0.002765,0.00394
0,-0.009798,-0.111388,-0.188627,0.133368,-0.184267,0.141188,0.000171,0.001944
0,0.068134,-0.136661,0.099265,-0.008102,0.055558,0.014711,0.001189,0.002385
0,0.171469,0.003305,0.083553,0.143918,0.119736,0.151525,0.002993,5.8e-05
0,0.17294,-0.195675,0.028617,-0.22518,0.014243,-0.233824,0.003018,0.003415
0,0.003762,-0.116629,-0.193018,0.061314,-0.232805,0.070586,6.6e-05,0.002036
0,-0.039908,-0.18383,-0.02566,-0.041398,-0.047733,-0.073965,0.000697,0.003208
0,0.189128,0.106737,0.239768,0.312458,0.283021,0.35641,0.003301,0.001863
0,0.145541,-0.131961,-0.016169,-0.230974,0.010105,-0.252595,0.00254,0.002303
0,0.121015,0.005937,-0.043547,0.128957,-0.004114,0.176032,0.002112,0.000104
0,0.162851,0.019562,0.050598,0.022701,0.087676,0.023702,0.002842,0.000341
0,-0.029617,-0.048613,-0.186634,-0.073657,-0.169317,-0.029385,0.000517,0.000848
0,0.229196,0.161124,0.241937,0.214359,0.217429,0.248599,0.004,0.002812
0,0.274267,0.029796,0.016552,-0.148777,0.0619,-0.151949,0.004787,0.00052
0,0.231,0.165367,-0.06927,0.111003,-0.068188,0.125996,0.004032,0.002886
0,0.07921,0.025488,-0.135713,-0.125002,-0.086116,-0.136683,0.001382,0.000445
0,0.192112,-0.012869,0.090759,-0.054057,0.067729,-0.012945,0.003353,0.000225
0,0.106846,-0.064737,-0.108724,-0.056913,-0.153768,-0.099548,0.001865,0.00113
0,0.232398,-0.01202,0.100988,0.058762,0.118694,0.072159,0.004056,0.00021
0,0.008712,-0.014554,-0.220159,0.024029,-0.210688,0.029205,0.000152,0.000254
0,-2.6e-05,0.055513,-0.031376,0.086131,-0.040409,0.117553,0.0,0.000969
0,0.042379,-0.006721,0.035739,-0.04618,-0.000449,-0.08099,0.00074,0.000117
0,0.168889,-0.176902,0.15452,-0.191303,0.178019,-0.234763,0.002948,0.003088
0,0.255895,-0.00485,0.089006,0.151024,0.050059,0.141788,0.004466,8.5e-05
0,0.127055,-0.013149,-0.153769,0.006366,-0.142546,-0.025054,0.002218,0.000229
0,-0.026404,-0.006742,-0.140667,0.02383,-0.182653,-0.013335,0.000461,0.000118
0,0.060296,-0.15911,0.079408,-0.169478,0.031433,-0.18525,0.001052,0.002777
0,0.167773,0.055263,0.123478,0.220166,0.160106,0.236956,0.002928,0.000965
0,0.047458,-0.19167,-0.138782,-0.224528,-0.124059,-0.234521,0.000828,0.003345
0,0.241151,-0.18467,0.190423,0.002144,0.224474,-0.001338,0.004209,0.003223
0,0.128057,-0.053994,-0.127392,0.153511,-0.084179,0.122906,0.002235,0.000942
0,0.161939,-0.031249,0.031005,0.043527,-0.016719,0.084471,0.002826,0.000545
0,-0.039053,-0.063076,-0.20173,-0.030489,-0.160759,-0.020736,0.000682,0.001101
0,0.228524,-0.076974,0.279797,-0.017539,0.303257,-0.014558,0.003988,0.001343
0,0.131524,0.043437,-0.120645,0.108507,-0.150838,0.111133,0.002296,0.000758
0,-0.039362,0.022818,-0.165252,0.001351,-0.126652,-0.003803,0.000687,0.000398
0,0.151838,-0.022015,0.191563,-0.037059,0.219037,-0.027312,0.00265,0.000384
0,-0.073531,-0.119454,-0.237428,-0.078714,-0.229241,-0.08958,0.001283,0.002085
0,0.088542,0.008698,0.148298,0.154805,0.142272,0.148084,0.001545,0.000152
0,0.088694,-0.101282,-0.008491,-0.089895,0.003108,-0.056497,0.001548,0.001768
0,0.097002,-0.068461,0.035511,0.003756,0.022267,0.013184,0.001693,0.001195
0,0.182257,0.102995,0.075004,0.161133,0.123148,0.206224,0.003181,0.001798
0,0.107332,0.091802,-0.099475,-0.040287,-0.098587,-0.081053,0.001873,0.001602
0,0.049383,0.042639,-0.078302,-0.031566,-0.052488,-0.046816,0.000862,0.000744
0,0.023864,0.044305,-0.008814,0.021095,-0.043411,0.007989,0.000417,0.000773
0,0.089265,0.049412,0.059557,-0.010051,0.0851,-0.031246,0.001558,0.000862
0,0.071689,-0.009921,-0.026439,-0.06058,-0.037173,-0.075657,0.001251,0.000173
0,-0.121604,0.040103,-0.167624,0.0471,-0.192424,0.073833,0.002122,0.0007
0,0.134272,0.06887,0.235172,0.013968,0.278628,-0.027414,0.002343,0.001202
0,0.091546,0.061152,-0.043592,0.002388,-0.089208,0.022507,0.001598,0.001067
0,0.023579,0.091323,-0.057139,0.055922,-0.075373,0.040374,0.000412,0.001594
0,0.201847,-0.099135,0.174266,-0.17375,0.173195,-0.212672,0.003523,0.00173
0,0.050544,-0.087367,-0.144197,-0.006201,-0.169748,-0.014322,0.000882,0.001525
0,0.198944,-0.122441,0.123418,-0.059474,0.120153,-0.05043,0.003472,0.002137
0,0.056338,-0.137858,-0.133994,-0.004089,-0.174472,-0.040963,0.000983,0.002406
0,0.185828,-0.103096,0.158483,0.049806,0.192253,0.033822,0.003243,0.001799
0,-0.01153,-0.049649,-0.20396,0.063562,-0.20742,0.112338,0.000201,0.000867
0,0.127361,0.011082,0.124999,0.056032,0.151203,0.058352,0.002223,0.000193
0,0.222523,-0.083641,0.066715,-0.092211,0.107033,-0.094015,0.003884,0.00146
0,0.212493,0.126503,0.008802,0.196697,-0.018673,0.227092,0.003709,0.002208
0,0.239381,-0.109859,0.028673,-0.220227,0.006271,-0.230255,0.004178,0.001917
0,0.062815,-0.10732,-0.201997,-0.002528,-0.186954,0.020716,0.001096,0.001873
0,-0.062297,0.041748,-0.147518,0.145421,-0.184501,0.191586,0.001087,0.000729
0,0.055779,-0.114978,0.10767,-0.139915,0.129708,-0.124626,0.000974,0.002007
0,0.07839,0.109364,0.035819,0.195365,0.028947,0.160512,0.001368,0.001909
0,0.121451,0.040278,0.043225,-0.076169,0.041089,-0.113784,0.00212,0.000703
0,-0.02439,-0.010936,-0.148959,-0.06267,-0.108594,-0.077457,0.000426,0.000191
0,0.228231,0.113964,0.240613,0.146893,0.253973,0.195309,0.003983,0.001989
0,0.139705,0.038173,-0.102718,-0.085937,-0.073106,-0.133102,0.002438,0.000666
0,0.091727,-0.121666,-0.026836,-0.180715,-0.01587,-0.213395,0.001601,0.002123
0,0.281035,-0.09323,0.218179,0.055818,0.241163,0.011459,0.004905,0.001627
0,0.040247,0.094406,-0.245413,0.158642,-0.225287,0.132456,0.000702,0.001648
0,0.002885,-0.002949,-0.052987,-0.081528,-0.089282,-0.06851,5e-05,5.1e-05
0,0.220227,-0.060257,0.210037,-0.086556,0.257396,-0.041375,0.003844,0.001052
0,-0.030703,-0.081413,-0.252425,-0.049472,-0.248666,-0.091072,0.000536,0.001421
0,-0.075757,0.119689,-0.070023,0.171221,-0.036294,0.208344,0.001322,0.002089
0,0.120395,-0.019272,0.201866,-0.139197,0.225821,-0.125159,0.002101,0.000336
0,0.123156,-0.097871,-0.019841,-0.06735,-0.060262,-0.087319,0.002149,0.001708
0,-0.065418,0.032686,-0.171404,0.120777,-0.161054,0.154915,0.001142,0.00057
0,0.045379,0.127424,0.138939,0.108997,0.095968,0.065489,0.000792,0.002224
0,-0.089967,0.045681,-0.157584,-0.061506,-0.150225,-0.028252,0.00157,0.000797
0,0.041259,-0.137114,0.15094,-0.183378,0.166061,-0.166686,0.00072,0.002393
0,0.150548,0.126173,0.103971,0.29225,0.12966,0.255537,0.002628,0.002202
0,-0.078972,0.063347,-0.213142,-0.092174,-0.221918,-0.073926,0.001378,0.001106
0,0.114374,0.034836,0.167689,-0.026702,0.172145,-0.006442,0.001996,0.000608
0,0.119091,-0.057062,-0.01493,-0.118029,-0.029475,-0.130426,0.002079,0.000996
0,-0.047058,-0.068594,-0.14436,-0.018024,-0.107201,-0.014033,0.000821,0.001197
0,-0.139554,0.014262,-0.119452,0.107252,-0.081608,0.076962,0.002436,0.000249
0,0.047407,-0.051254,0.20204,-0.047608,0.190853,-0.047839,0.000827,0.000895
0,0.062377,0.013686,0.031139,0.072963,0.074203,0.088518,0.001089,0.000239
0,0.152798,-0.126695,0.101221,-0.170104,0.119935,-0.13058,0.002667,0.002211
0,0.198682,-0.061649,0.044172,0.055231,0.032111,0.025916,0.003468,0.001076
0,0.236716,0.056378,0.039309,0.136769,0.031451,0.184554,0.004131,0.000984
0,0.03045,-0.129324,-0.208914,-0.173507,-0.173848,-0.148965,0.000531,0.002257
0,0.035482,0.032319,0.01534,0.152527,0.065267,0.152251,0.000619,0.000564
0,0.002157,-0.071102,-0.044725,-0.104069,-0.03479,-0.112625,3.8e-05,0.001241
0,0.037561,-0.070367,0.053466,-0.004212,0.039803,-0.024565,0.000656,0.001228
0,0.106337,0.077235,0.075685,0.139511,0.04054,0.109471,0.001856,0.001348
0,0.115865,0.060274,0.027123,-0.024727,0.01411,-0.06135,0.002022,0.001052
0,-0.075892,0.178751,-0.179897,0.147627,-0.183641,0.097802,0.001325,0.00312
0,-0.058297,0.028145,-0.004145,-0.177844,0.039518,-0.205384,0.001017,0.000491
0,-0.052951,-0.151438,-0.016317,-0.153428,0.008803,-0.184084,0.000924,0.002643
0,-0.037898,0.144518,0.039885,0.322653,0.006174,0.327556,0.000661,0.002522
0,0.148564,-0.064229,0.196173,-0.215313,0.228112,-0.247873,0.002593,0.001121
0,0.124243,-0.068426,-0.013808,-0.011195,-0.004245,0.018912,0.002168,0.001194
0,0.192959,0.054049,0.052839,0.151335,0.01343,0.152523,0.003368,0.000943
0,0.133373,0.033563,-0.041931,-0.023022,-0.072145,0.022861,0.002328,0.000586
0,-0.080603,0.105616,-0.187945,0.045503,-0.180461,0.048374,0.001407,0.001843
0,-0.084468,0.046106,-0.011284,-0.040087,0.026566,-0.008717,0.001474,0.000805
0,0.044343,0.123513,0.108002,0.098407,0.122069,0.051172,0.000774,0.002156
0,-0.145074,0.143085,-0.163385,0.024689,-0.120365,0.003517,0.002532,0.002497
0,-0.133173,-0.066691,-0.004105,-0.181497,-0.048602,-0.139526,0.002324,0.001164
0,-0.046525,-0.064068,0.073753,-0.00258,0.106594,0.027433,0.000812,0.001118
0,-0.23815,0.048089,-0.21528,0.138158,-0.225705,0.113793,0.004157,0.000839
0,-0.001443,0.081824,0.250813,0.028144,0.276827,0.070602,2.5e-05,0.001428
0,-0.140622,0.071842,-0.120964,-0.010353,-0.079441,-0.002556,0.002454,0.001254
0,-0.182131,0.16805,-0.059843,0.111957,-0.096475,0.096157,0.003179,0.002933
0,-0.037243,-0.026317,0.14797,-0.171847,0.177084,-0.123705,0.00065,0.000459
0,-0.174871,0.054889,-0.112461,0.09444,-0.09028,0.08157,0.003052,0.000958
0,-0.008773,0.128982,0.137858,0.069364,0.131235,0.042178,0.000153,0.002251
0,-0.075201,0.100452,-0.046665,-0.037347,-0.002927,0.004331,0.001313,0.001753
0,0.030298,-0.086408,0.12664,-0.167684,0.165376,-0.212759,0.000529,0.001508
0,0.05921,-0.013509,0.033649,0.074216,0.022744,0.080876,0.001033,0.000236
0,-0.164999,0.037086,-0.199275,0.024822,-0.213513,0.005357,0.00288,0.000647
0,0.005415,-0.065779,0.194037,-0.130426,0.179508,-0.083224,9.5e-05,0.001148
0,-0.050252,-0.063202,-0.031657,0.014592,0.01282,-0.027127,0.000877,0.001103
0,-0.025983,-0.052768,-0.002463,0.029283,0.011085,9.4e-05,0.000453,0.000921
0,0.091487,0.013895,0.118647,0.080176,0.12732,0.063888,0.001597,0.000243
0,0.184753,0.02363,0.108452,-0.01748,0.119009,-0.01027,0.003225,0.000412
0,0.0362,-0.036959,-0.133821,-0.047842,-0.09654,-0.059561,0.000632,0.000645
0,0.231543,0.040778,0.220995,0.085265,0.18892,0.108747,0.004041,0.000712
0,0.041633,0.061503,-0.20527,0.014655,-0.162008,0.013675,0.000727,0.001073
0,0.088772,-0.202074,0.062681,-0.265291,0.099604,-0.311985,0.001549,0.003527
0,0.066177,0.043903,-0.020565,0.218518,-0.001311,0.215444,0.001155,0.000766
0,-0.120966,-0.133537,-0.179393,-0.175448,-0.16565,-0.188272,0.002111,0.002331
0,0.101474,-0.090361,0.232858,0.024058,0.279839,0.032034,0.001771,0.001577
0,-0.012325,-0.130795,-0.110986,-0.020993,-0.078373,0.010718,0.000215,0.002283
0,-0.149561,0.073117,-0.13528,0.226724,-0.117539,0.22646,0.00261,0.001276
0,0.029811,-0.15589,0.15015,-0.251885,0.184324,-0.240157,0.00052,0.002721
0,-0.074935,-0.02225,-0.111302,0.118308,-0.14991,0.073395,0.001308,0.000388
0,0.048474,-0.076645,0.096187,-0.070531,0.145639,-0.029076,0.000846,0.001338
0,-0.022556,0.062816,-0.094806,0.147611,-0.140011,0.192741,0.000394,0.001096
0,0.023763,-0.168538,0.02264,-0.233413,0.0136,-0.220594,0.000415,0.002942
0,0.04018,-0.154439,-0.011809,-0.010076,-0.055061,0.036876,0.000701,0.002695
0,-0.034337,-0.05644,-0.09406,0.077168,-0.140814,0.099499,0.000599,0.000985
0,-0.165289,-0.027129,-0.142176,0.028169,-0.17561,0.02953,0.002885,0.000473
0,0.032561,-0.034725,0.171139,-0.017935,0.135261,-0.019469,0.000568,0.000606
0,-0.063989,-0.112814,-0.073147,-0.080443,-0.096374,-0.063634,0.001117,0.001969
0,-0.019507,0.065763,0.0281,0.204116,0.01155,0.193922,0.00034,0.001148
0,0.083928,-0.146709,0.095057,-0.200241,0.048049,-0.246036,0.001465,0.002561
0,-0.088003,-0.152941,-0.163695,0.014048,-0.155392,0.00417,0.001536,0.002669
0,0.1088,-0.028085,0.217536,0.138679,0.24243,0.14507,0.001899,0.00049
0,-0.113215,0.107257,-0.227098,0.14607,-0.232759,0.138909,0.001976,0.001872
0,0.168025,-0.091384,0.304509,-0.18364,0.289093,-0.21597,0.002933,0.001595
0,0.094662,-0.167202,-0.083009,-0.080306,-0.033447,-0.053326,0.001652,0.002918
0,-0.03107,0.027603,-0.11998,0.178617,-0.14965,0.195404,0.000542,0.000482
0,0.168831,0.050383,0.187548,0.029107,0.218872,-0.006606,0.002947,0.000879
0,-0.079114,0.034821,-0.260288,-0.020276,-0.255111,-9.1e-05,0.001381,0.000608
0,0.0405,0.052558,0.145757,0.016163,0.116961,0.017956,0.000707,0.000917
0,0.001326,-0.005184,-0.012641,-0.081779,-0.059231,-0.089029,2.3e-05,9e-05
0,0.10267,0.091083,0.095116,0.081679,0.080276,0.097973,0.001792,0.00159
0,0.007327,-0.016036,-0.07535,-0.09087,-0.029415,-0.119521,0.000128,0.00028
0,0.111462,0.050206,0.095116,0.047108,0.069453,0.041414,0.001945,0.000876
0,0.027517,0.013377,-0.110921,-0.009991,-0.155601,0.010523,0.00048,0.000233
0,-0.010134,-0.056261,-0.06596,-0.076951,-0.097753,-0.027132,0.000177,0.000982
0,-0.139918,-0.057465,-0.157723,-0.007487,-0.149736,-0.032375,0.002442,0.001003
0,0.057428,-0.076795,0.185457,0.008151,0.203983,0.026039,0.001002,0.00134
0,-0.088564,0.04752,-0.124699,0.153951,-0.090181,0.162435,0.001546,0.000829
0,-0.107838,0.145952,-0.043077,0.111929,-0.042019,0.144618,0.001882,0.002547
0,-0.016889,-0.110466,0.10258,-0.269692,0.143653,-0.297767,0.000295,0.001928
0,0.065898,-0.060603,0.091235,0.066131,0.115513,0.038181,0.00115,0.001058
0,0.123871,0.028389,0.038139,0.059186,0.034855,0.082476,0.002162,0.000495
0,0.099869,-0.036154,-0.023036,-0.043098,0.001887,-0.012823,0.001743,0.000631
0,0.176679,0.139351,0.101932,0.147392,0.14342,0.123998,0.003084,0.002432
0,0.025599,0.057191,-0.155837,-0.085633,-0.167031,-0.124832,0.000447,0.000998
0,0.135471,-0.127021,0.093299,-0.211625,0.140098,-0.25379,0.002364,0.002217
0,-0.081883,-0.037216,-0.188989,0.075467,-0.178131,0.053739,0.001429,0.00065
0,-0.122103,-0.139362,-0.024157,-0.126206,-0.038536,-0.080239,0.002131,0.002432
0,0.091053,0.139929,0.207177,0.270821,0.235526,0.289852,0.001589,0.002442
0,-0.177298,-0.149151,-0.29327,-0.276498,-0.259607,-0.277251,0.003094,0.002603
0,-0.017517,-0.169577,0.148678,0.007069,0.13645,0.020466,0.000306,0.00296
0,-0.035567,-0.105956,0.00946,0.060629,-0.003885,0.106585,0.000621,0.001849
0,-0.082499,-0.121886,-0.048977,-0.003498,-0.086829,-0.029527,0.00144,0.002127
0,-0.090287,0.073344,-0.024257,0.192773,0.007657,0.159856,0.001576,0.00128
0,0.093707,-0.05838,0.174296,-0.156191,0.186055,-0.116231,0.001635,0.001019
0,-0.134338,0.074384,-0.219054,0.152583,-0.207958,0.127035,0.002345,0.001298
0,-0.15819,0.038603,-0.046922,-0.041001,-0.096411,0.008104,0.002761,0.000674
0,0.132509,0.180615,0.289985,0.137056,0.32801,0.11504,0.002313,0.003152
0,0.081795,0.072106,-0.054672,-0.10031,-0.064209,-0.055654,0.001428,0.001258
0,0.058019,0.055751,-0.045249,-0.009241,-0.093989,-0.008592,0.001013,0.000973
0,-0.114881,0.197585,-0.153846,0.169849,-0.134373,0.215938,0.002005,0.003449
0,0.164587,-0.070109,0.283147,-0.296491,0.287116,-0.255292,0.002873,0.001224
0,0.008236,0.119094,-0.175297,0.178746,-0.187784,0.214105,0.000144,0.002079
0,0.02546,0.11392,0.02987,0.004974,0.035388,-0.041903,0.000444,0.001988
0,-0.140017,0.078275,-0.163676,-0.038898,-0.165085,0.000829,0.002444,0.001366
0,0.021464,-0.062737,0.131529,-0.118544,0.175535,-0.125841,0.000375,0.001095
0,0.141319,-0.038477,0.133913,0.002721,0.128362,0.048295,0.002466,0.000672
0,0.033447,-0.145846,-0.113551,-0.137221,-0.070914,-0.156062,0.000584,0.002546
0,-0.113309,-0.043437,-0.171347,0.105206,-0.175422,0.069742,0.001978,0.000758
0,-0.000587,-0.033585,0.12333,0.028199,0.097005,0.009581,1e-05,0.000586
0,-0.165546,0.117002,-0.161951,0.123071,-0.1744,0.164704,0.002889,0.002042
0,-0.159617,0.049087,0.014772,-0.045103,-0.029115,-0.081014,0.002786,0.000857
0,-3.767529,-0.32406,-3.621683,-0.354138,-3.62637,-0.370699,0.004754,0.005656
0,-3.751314,-0.743274,-0.004051,-0.400878,0.007629,-0.383402,0.005037,0.001221
0,-4.21694,-0.793334,-0.476661,-0.074382,-0.508065,-0.122471,0.003089,0.002095
0,-4.452691,-0.868845,-0.231659,-0.080325,-0.246331,-0.060896,0.004548,0.003413
0,-2.975689,-0.854961,1.495012,0.03892,1.461829,-0.007582,0.004929,0.00317
0,-2.426753,-0.870799,0.5325,-0.04224,0.56548,-0.055702,0.004652,0.003447
0,-1.841759,-0.742014,0.568045,0.138206,0.616603,0.124283,0.00311,0.001199
