is_cheating,delta_yaw,delta_pitch,accel_yaw,accel_pitch,jerk_yaw,jerk_pitch,gcd_error_yaw,gcd_error_pitch
0,-0.126506,0.037521,-0.287921,0.224597,-0.260158,0.184003,0.002208,0.000655
0,0.029658,-0.211356,0.137056,-0.230916,0.095613,-0.267375,0.000518,0.003689
0,0.069488,-0.142817,0.025052,0.080259,-0.005475,0.108597,0.001213,0.002493
0,0.061526,-0.010033,-0.016426,0.130948,-0.011644,0.143293,0.001074,0.000175
0,0.072524,-0.00962,-0.003925,-0.02906,-0.020335,-0.028997,0.001266,0.000168
0,0.007349,-0.162976,-0.094164,-0.141079,-0.050915,-0.185935,0.000128,0.002844
0,0.146777,-0.038827,0.144556,0.095362,0.107404,0.089631,0.002562,0.000678
0,0.095364,-0.143989,-0.051503,-0.09836,-0.073355,-0.070492,0.001664,0.002513
0,-0.052757,0.061283,-0.124974,0.225134,-0.13136,0.232904,0.000921,0.00107
0,0.076553,0.080858,0.12646,0.018386,0.117405,0.001331,0.001336,0.001411
0,0.183194,0.097656,0.085757,0.037804,0.091665,0.000299,0.003197,0.001704
0,-0.079792,-0.073544,-0.242516,-0.171015,-0.234877,-0.161777,0.001393,0.001284
0,0.07075,-0.155331,0.178637,-0.060992,0.175125,-0.080983,0.001235,0.002711
0,0.018291,-0.10348,-0.067901,0.071847,-0.081508,0.089387,0.000319,0.001806
0,0.05324,-0.021611,0.007276,0.070924,0.044215,0.046443,0.000929,0.000377
0,-0.055504,-0.184024,-0.117154,-0.187821,-0.137558,-0.186924,0.000969,0.003212
0,-0.157583,-0.167418,-0.09627,0.01885,-0.053951,0.049969,0.00275,0.002922
0,-0.16774,-0.163277,-0.003194,0.000617,-0.004656,0.03181,0.002928,0.00285
0,-0.172983,-0.07304,-0.027345,0.079098,0.018742,0.090859,0.003019,0.001275
0,-0.074378,-0.126659,0.081857,-0.041417,0.053269,-0.070822,0.001298,0.002211
0,0.029854,-0.050804,0.108168,0.102629,0.141585,0.114509,0.000521,0.000887
0,-0.093255,-0.150895,-0.110779,-0.106418,-0.07215,-0.136949,0.001628,0.002634
0,-0.188611,-0.068782,-0.093231,0.073839,-0.132898,0.058527,0.003292,0.0012
0,-0.222851,-0.119778,-0.034037,-0.058221,-0.063334,-0.028979,0.003889,0.002091
0,-0.111514,0.108791,0.135246,0.230126,0.126355,0.263742,0.001946,0.001899
0,0.056963,0.121671,0.173024,0.014832,0.141175,0.036347,0.000994,0.002124
0,0.091211,-0.110165,0.04677,-0.232024,0.07591,-0.238997,0.001592,0.001923
0,0.104369,0.163307,-0.006475,0.285367,-0.001713,0.333803,0.001822,0.00285
0,0.025426,0.132196,-0.064735,-0.046951,-0.052168,-0.092745,0.000444,0.002307
0,0.068459,-0.083717,0.071112,-0.232662,0.081148,-0.214355,0.001195,0.001461
0,0.118208,-0.074278,0.025912,0.004589,0.065513,0.010875,0.002063,0.001296
0,0.126272,0.184024,-0.021042,0.262773,-0.032749,0.307037,0.002204,0.003212
0,0.175806,-0.022228,0.032802,-0.216496,0.079853,-0.249025,0.003068,0.000388
0,0.004319,0.116513,-0.155303,0.123039,-0.160929,0.073254,7.5e-05,0.002034
0,-0.054013,0.148183,-0.066167,0.016513,-0.044589,-0.017196,0.000943,0.002586
0,0.199917,-0.106416,0.278552,-0.227371,0.28367,-0.197875,0.003489,0.001857
0,-0.015451,0.089974,-0.211057,0.223896,-0.162176,0.197316,0.00027,0.00157
0,0.038316,0.12477,0.033784,0.026762,0.08268,-0.015274,0.000669,0.002178
0,-0.142115,0.00845,-0.162096,-0.139823,-0.19299,-0.096762,0.00248,0.000147
0,-0.048469,0.102012,0.097504,0.118817,0.138723,0.121844,0.000846,0.00178
0,0.163687,0.015285,0.212224,-0.099357,0.183284,-0.049986,0.002857,0.000267
0,0.049753,0.12529,-0.085561,0.13126,-0.072122,0.124821,0.000868,0.002187
0,0.116323,0.143188,0.058902,0.029909,0.027761,0.025291,0.00203,0.002499
0,-0.181897,0.06787,-0.27593,-0.059447,-0.291574,-0.075871,0.003175,0.001185
0,0.098511,-0.046163,0.256072,-0.117896,0.279388,-0.138901,0.001719,0.000806
0,0.107074,-0.104736,0.03837,-0.079125,0.046841,-0.088845,0.001869,0.001828
0,-0.130199,-0.03651,-0.211181,0.060593,-0.227605,0.071456,0.002272,0.000637
0,0.033139,0.078786,0.163386,0.139473,0.172703,0.14661,0.000578,0.001375
0,0.063622,-0.069115,0.053839,-0.140405,0.032636,-0.17516,0.00111,0.001206
0,-0.156625,-0.034477,-0.225725,0.022438,-0.266698,0.040806,0.002734,0.000602
0,-0.048549,-0.045622,0.120404,0.006504,0.16014,-0.012498,0.000847,0.000796
0,0.047606,0.022097,0.125384,0.04891,0.14655,0.041087,0.000831,0.000386
0,0.159378,0.009625,0.104108,-0.004243,0.118761,0.013787,0.002782,0.000168
0,-0.004086,0.102396,-0.169282,0.112745,-0.139042,0.10944,7.1e-05,0.001787
0,-0.095248,0.03531,-0.087873,-0.040352,-0.069833,-0.067468,0.001662,0.000616
0,-0.113738,-0.034931,-0.039496,-0.048168,-0.023871,-0.024844,0.001985,0.00061
0,0.130015,-0.068085,0.220862,-0.010285,0.178706,-0.029784,0.002269,0.001188
0,-0.069425,0.043106,-0.185802,0.082089,-0.19425,0.11068,0.001212,0.000752
0,0.002328,0.172176,0.057845,0.136867,0.085018,0.122836,4.1e-05,0.003005
0,0.074404,0.13959,0.047573,-0.025353,0.012172,0.015278,0.001299,0.002436
0,0.156941,0.044439,0.055799,-0.092235,0.045286,-0.110985,0.002739,0.000776
0,2.6e-05,0.033229,-0.18256,-0.032093,-0.231084,0.008335,0.0,0.00058
0,0.059163,-0.079179,0.081381,-0.08716,0.064825,-0.099106,0.001033,0.001382
0,0.042541,0.130134,-0.008744,0.227682,-0.004475,0.230167,0.000742,0.002271
0,0.00498,0.081433,-0.04373,-0.026983,-0.083855,-0.046876,8.7e-05,0.001421
0,-0.1043,0.09039,-0.119283,-0.010859,-0.075947,-0.055102,0.00182,0.001578
0,-0.130653,0.028687,-0.051737,-0.063799,-0.092264,-0.109998,0.00228,0.000501
0,0.054147,-0.140226,0.181801,-0.173095,0.188731,-0.205848,0.000945,0.002447
0,-0.183759,-0.079892,-0.21732,0.07354,-0.218612,0.08621,0.003207,0.001394
0,-0.095882,-0.126967,0.076597,-0.044924,0.113463,-0.025235,0.001673,0.002216
0,0.06186,-0.100123,0.179386,0.012931,0.206897,0.022233,0.00108,0.001747
0,-0.062528,0.010264,-0.101683,0.111253,-0.127601,0.158218,0.001091,0.000179
0,-0.176911,0.00951,-0.133339,-0.00361,-0.104217,0.007317,0.003088,0.000166
0,-0.211159,-0.10784,-0.022324,-0.088985,0.017828,-0.1122,0.003685,0.001882
0,0.021156,-0.075344,0.243862,0.056095,0.291449,0.103531,0.000369,0.001315
0,-0.073674,-0.045511,-0.080491,0.017529,-0.052615,0.048928,0.001286,0.000794
0,-0.061871,-0.101521,0.033763,-0.049068,0.040658,-0.00146,0.00108,0.001772
0,-0.019998,-0.094635,0.022769,0.015609,-0.002933,0.004703,0.000349,0.001652
0,-0.171058,-0.115392,-0.1633,-0.003933,-0.189082,0.035411,0.002986,0.002014
0,0.008711,0.030714,0.188641,0.151456,0.15433,0.126693,0.000152,0.000536
0,-0.238531,0.030591,-0.2712,0.020711,-0.304202,-0.01982,0.003655,0.000534
0,0.874328,1.593335,1.142504,1.548304,1.187033,1.583165,0.000376,0.003463
0,1.356267,1.61698,0.482036,0.018264,0.473101,0.031568,0.000218,0.00305
0,1.296437,1.837337,-0.042702,0.208315,-0.037816,0.225458,0.000827,0.000796
0,1.089299,1.786524,-0.194915,-0.038472,-0.173866,-0.016808,0.003376,9.1e-05
0,0.805028,1.553522,-0.30949,-0.213196,-0.301575,-0.222114,0.001585,0.00366
0,0.412004,1.388862,-0.378214,-0.1592,-0.329535,-0.207906,0.000627,0.000787
0,0.394482,0.954125,0.005623,-0.447097,-0.003138,-0.469201,0.000933,0.001017
0,0.261576,0.543887,-0.151782,-0.396246,-0.179394,-0.356951,0.003253,0.001675
0,-0.039277,0.405564,-0.31885,-0.137385,-0.276033,-0.100296,0.000686,0.000739
0,0.084292,0.337075,0.093749,-0.055427,0.101673,-0.010419,0.001471,0.001935
0,-0.183149,-0.089469,-0.263365,-0.439202,-0.302371,-0.391675,0.003197,0.001562
0,0.06929,-0.030657,0.242203,0.071874,0.211517,0.02567,0.001209,0.000535
0,-0.187634,-0.097187,-0.229454,-0.074572,-0.238436,-0.077881,0.003275,0.001696
0,-0.018781,-0.378283,0.179036,-0.273081,0.20952,-0.245806,0.000328,0.001216
0,-0.203931,-0.324616,-0.185817,0.061756,-0.211228,0.096089,0.003559,0.002152
0,-0.147321,-0.158859,0.068969,0.146663,0.100236,0.105378,0.002571,0.002773
0,-0.21882,-0.09583,-0.070472,0.067108,-0.025765,0.055012,0.003819,0.001673
0,-0.295453,0.009325,-0.0482,0.087173,-0.096685,0.078394,0.002661,0.000163
0,-0.127859,-2.8e-05,0.150734,-0.021966,0.13065,-0.015972,0.002232,0.0
0,-0.146116,-0.048244,-0.002493,-0.025145,-0.031847,-0.032561,0.00255,0.000842
0,-0.041064,-0.138624,0.102178,-0.074012,0.143272,-0.065408,0.000717,0.002419
0,-0.123278,0.0216,-0.058941,0.172416,-0.057642,0.156982,0.002152,0.000377
0,0.095642,0.098644,0.191093,0.076721,0.1444,0.049709,0.001669,0.001722
0,0.035563,-0.077186,-0.08052,-0.171259,-0.069953,-0.126885,0.000621,0.001347
0,0.043422,-0.129923,0.008823,-0.048938,-0.005156,-0.084698,0.000758,0.002268
0,-0.111643,0.097504,-0.175587,0.235711,-0.172578,0.213477,0.001949,0.001702
0,0.156635,0.124694,0.260607,0.014214,0.289061,0.03991,0.002734,0.002176
0,0.161093,0.070046,0.01917,-0.0769,0.034873,-0.038896,0.002812,0.001223
0,0.053401,-0.113617,-0.092948,-0.203938,-0.140554,-0.2172,0.000932,0.001983
0,0.105136,0.000544,0.030932,0.08488,0.045681,0.056119,0.001835,1e-05
0,-0.046866,0.09561,-0.135869,0.080597,-0.153671,0.10676,0.000818,0.001669
0,-0.131014,-0.008778,-0.063808,-0.081646,-0.082551,-0.118399,0.002287,0.000153
0,-0.089515,0.074968,0.050856,0.097882,0.061159,0.079964,0.001562,0.001308
0,-0.059978,-0.049607,0.051237,-0.122112,0.066795,-0.134864,0.001047,0.000866
0,0.010557,-0.105204,0.095181,-0.028323,0.132219,-0.063178,0.000184,0.001836
0,-0.09063,-0.087642,-0.078144,0.010168,-0.047899,-0.037132,0.001582,0.00153
0,0.085057,-0.118981,0.19664,-0.017448,0.208765,0.030437,0.001485,0.002077
0,-0.083585,-0.080669,-0.189941,0.038733,-0.224874,0.069597,0.001459,0.001408
0,-0.083848,0.13596,0.019028,0.228885,0.054537,0.23921,0.001463,0.002373
0,0.06032,0.178646,0.14157,0.030891,0.10325,0.072558,0.001053,0.003118
0,-0.015997,-0.109478,-0.101533,-0.276183,-0.09861,-0.261559,0.000279,0.001911
0,-0.112008,0.091786,-0.089399,0.172156,-0.123222,0.204934,0.001955,0.001602
0,0.166182,-0.116946,0.302027,-0.190238,0.309347,-0.213859,0.0029,0.002041
0,0.138444,-0.026302,-0.043012,0.066617,-0.035371,0.062809,0.002416,0.000459
0,0.113392,0.106337,-0.018618,0.128571,-0.051442,0.141025,0.001979,0.001856
0,-0.091379,0.008567,-0.226834,-0.08067,-0.261038,-0.085054,0.001595,0.00015
0,0.11557,0.143812,0.18836,0.16255,0.233419,0.125339,0.002017,0.00251
0,-0.145902,-0.044105,-0.259868,-0.159865,-0.225833,-0.149516,0.002546,0.00077
0,0.158355,0.101421,0.317839,0.148339,0.274392,0.143334,0.002764,0.00177
0,-0.007042,0.164962,-0.135523,0.0615,-0.103147,0.075206,0.000123,0.002879
0,0.062905,0.006498,0.069279,-0.177178,0.034758,-0.192821,0.001098,0.000113
0,0.262762,0.19226,0.210927,0.177252,0.242499,0.175444,0.003232,0.003356
0,0.267029,-0.024321,-0.019044,-0.222642,-0.043316,-0.176986,0.003157,0.000424
0,0.122837,-0.040693,-0.151829,-0.039086,-0.186619,-0.020306,0.002144,0.00071
0,0.110555,-0.073495,-0.01953,-0.046045,0.006991,-0.044096,0.00193,0.001283
0,-0.036931,0.191908,-0.122956,0.255826,-0.138486,0.300951,0.000645,0.003349
0,0.159038,-0.046626,0.201464,-0.2386,0.206381,-0.225073,0.002776,0.000814
0,0.157835,0.092953,0.00365,0.137182,-0.026678,0.171134,0.002755,0.001622
0,0.142494,0.032146,-0.027369,-0.059123,-0.023894,-0.098638,0.002487,0.000561
0,0.156099,-0.049742,0.011078,-0.070681,0.016949,-0.079807,0.002724,0.000868
0,0.073258,0.032601,-0.109105,0.085743,-0.112598,0.096589,0.001279,0.000569
0,0.066546,0.13054,-0.02357,0.127636,-0.042305,0.147669,0.001161,0.002278
0,0.100747,-0.038553,0.018251,-0.173794,-0.019459,-0.199732,0.001758,0.000673
0,0.09179,0.101982,-0.020652,0.136494,-0.040933,0.184374,0.001602,0.00178
0,-0.006626,0.198294,-0.097339,0.120002,-0.065339,0.139032,0.000116,0.003461
0,0.077685,0.078095,0.060371,-0.131035,0.086768,-0.161202,0.001356,0.001363
0,0.003584,-0.025366,-0.055462,-0.098381,-0.072319,-0.109758,6.3e-05,0.000443
0,0.081755,0.098565,0.084256,0.146039,0.088211,0.148291,0.001427,0.00172
0,0.179205,0.034854,0.108574,-0.059484,0.068108,-0.062821,0.003128,0.000608
0,-0.017733,-0.060543,-0.198832,-0.109061,-0.177956,-0.143083,0.00031,0.001057
0,0.09816,0.101858,0.122995,0.182523,0.095555,0.21515,0.001713,0.001778
0,-0.019779,0.168553,-0.128934,0.059491,-0.11551,0.038548,0.000345,0.002942
0,-0.032216,0.003566,-0.022948,-0.181212,-0.067129,-0.205042,0.000562,6.2e-05
0,-0.119141,0.026135,-0.069181,1.5e-05,-0.096965,-0.015397,0.002079,0.000456
0,0.08459,-0.052208,0.195539,-0.061244,0.149202,-0.019991,0.001476,0.000911
0,0.101869,0.046718,0.002695,0.116596,0.030009,0.111994,0.001778,0.000815
0,-1.241927,0.68694,-1.359554,0.665283,-1.405579,0.662536,0.001778,0.003646
0,-1.775722,1.251563,-0.528807,0.56142,-0.564932,0.51417,0.000279,0.00161
0,-1.731733,1.594865,0.039404,0.347683,0.067649,0.386954,0.001047,0.003436
0,-1.51977,1.208107,0.228498,-0.406031,0.187881,-0.420899,0.003071,0.002368
0,-1.338558,1.214108,0.187825,-0.006474,0.215393,-0.010408,9.1e-05,0.002263
0,-0.941321,0.663727,0.397305,-0.571169,0.390644,-0.535255,0.000793,0.003766
0,-0.655537,0.516502,0.272846,-0.142148,0.22724,-0.186029,0.003623,0.001197
0,-0.354217,0.171363,0.306064,-0.332743,0.266249,-0.370468,0.001636,0.002991
0,-0.299362,-0.012694,0.081826,-0.19853,0.045874,-0.157093,0.002593,0.000222
0,-0.109415,-0.063423,0.208903,-0.053188,0.216462,-0.034885,0.00191,0.001107
0,-0.001136,0.099711,0.121062,0.17677,0.07905,0.1676,2e-05,0.00174
0,0.108732,0.013684,0.111975,-0.095047,0.070776,-0.10399,0.001898,0.000239
0,0.246242,-0.198318,0.151926,-0.196509,0.175988,-0.238661,0.00352,0.003461
0,0.187445,-0.138707,-0.034811,0.039058,0.000143,0.08273,0.003272,0.002421
0,0.044906,-0.006052,-0.163397,0.119116,-0.211119,0.085594,0.000784,0.000106
0,0.233555,-0.233607,0.189709,-0.23235,0.181444,-0.274167,0.003742,0.003741
0,0.153362,-0.009744,-0.083449,0.243861,-0.097154,0.241061,0.002677,0.00017
0,2.265618,0.412347,2.105642,0.431942,2.13565,0.403083,0.000453,0.000621
0,3.641311,0.577722,1.383893,0.150115,1.356241,0.181929,0.00101,0.002265
0,3.333112,0.53111,-0.332987,-0.029409,-0.381735,-0.079154,0.003449,0.001452
0,3.206139,0.929151,-0.124433,0.374567,-0.157828,0.421527,0.001233,0.000581
0,3.184373,0.652595,-0.030076,-0.297679,0.018249,-0.281547,0.000853,0.003572
0,2.703827,0.522373,-0.502394,-0.120689,-0.462039,-0.115828,0.000283,0.001299
0,2.241436,0.557574,-0.477808,0.043917,-0.518683,0.066147,3.1e-05,0.001914
0,1.66471,0.323287,-0.567043,-0.236824,-0.553387,-0.24711,0.002217,0.002175
0,0.738933,0.088401,-0.919133,-0.256136,-0.93723,-0.265715,0.002739,0.001543
0,0.123856,0.136835,-0.592712,0.075347,-0.60686,0.04792,0.002162,0.002388
0,0.078699,0.104365,-0.068141,-0.035866,-0.096396,-0.041615,0.001374,0.001822
0,-0.217018,-0.022187,-0.296158,-0.142743,-0.282706,-0.107418,0.003788,0.000387
0,-0.212852,0.06714,0.014775,0.111429,0.050148,0.12831,0.003715,0.001172
0,-0.24327,0.067666,-0.012145,0.026494,0.015769,-0.012459,0.003572,0.001181
0,-0.553328,-0.003599,-0.322688,-0.067712,-0.316293,-0.10386,0.00184,6.3e-05
0,-0.348799,0.004876,0.211136,0.031116,0.173615,0.031906,0.00173,8.5e-05
0,-0.167468,-0.09095,0.191666,-0.12219,0.18568,-0.143752,0.002923,0.001587
0,-0.378008,0.017486,-0.229619,0.084353,-0.252606,0.097071,0.00122,0.000305
0,-0.194125,-0.111094,0.212845,-0.138994,0.228173,-0.144686,0.003388,0.001939
0,-0.111394,0.135272,0.063724,0.227505,0.016823,0.271857,0.001944,0.002361
0,-0.184647,0.060283,-0.095528,-0.060948,-0.122934,-0.089027,0.003223,0.001052
0,-0.148367,0.013509,0.048642,-0.017039,0.047847,-0.032251,0.002589,0.000236
0,-0.1846,-0.110617,-0.050121,-0.114206,-0.071121,-0.148992,0.003222,0.001931
0,0.10671,-0.14717,0.310954,-0.064646,0.273248,-0.067051,0.001862,0.002569
0,-0.157299,0.058822,-0.287948,0.214369,-0.315478,0.242675,0.002745,0.001027
0,0.0609,-0.054675,0.205359,-0.132881,0.242148,-0.182844,0.001063,0.000954
0,-0.065278,-0.11155,-0.100528,-0.067874,-0.080039,-0.085703,0.001139,0.001947
0,0.121445,-0.143638,0.188865,-0.041135,0.139738,-0.04829,0.00212,0.002507
0,-0.039725,-0.047439,-0.139384,0.116615,-0.106462,0.069218,0.000693,0.000828
0,-0.05398,0.012391,0.00151,0.084803,0.035545,0.06408,0.000942,0.000216
0,0.08635,0.073463,0.126545,0.0664,0.115364,0.056607,0.001507,0.001282
0,0.027475,0.015955,-0.058748,-0.061687,-0.036306,-0.089791,0.00048,0.000278
0,0.095309,0.038481,0.07992,0.005809,0.099703,-0.017725,0.001663,0.000672
0,-0.036441,-0.055802,-0.128238,-0.117071,-0.093039,-0.146924,0.000636,0.000974
0,-0.058293,0.033658,-0.019782,0.108516,-0.046783,0.126251,0.001017,0.000587
0,-0.145681,0.006904,-0.105141,-0.044308,-0.121671,-0.079416,0.002543,0.00012
0,0.158163,-0.140232,0.311997,-0.173231,0.3294,-0.174393,0.00276,0.002448
0,0.136054,0.026999,-0.003656,0.149248,7.1e-05,0.155635,0.002375,0.000471
0,-0.06735,-0.065379,-0.18643,-0.102277,-0.20596,-0.091348,0.001175,0.001141
0,-0.085236,-0.128163,-0.024771,-0.079747,-0.024197,-0.11002,0.001488,0.002237
0,0.00997,-0.043893,0.089694,0.098717,0.09741,0.050972,0.000174,0.000766
0,-0.048442,0.10712,-0.083501,0.145489,-0.053505,0.179411,0.000845,0.00187
0,0.005185,-0.039264,0.053984,-0.170911,0.055691,-0.130984,9e-05,0.000685
0,0.024411,-0.119995,0.046999,-0.101921,0.031199,-0.090743,0.000426,0.002094
0,0.156435,-0.001,0.113511,0.14211,0.064165,0.134103,0.00273,1.7e-05
0,0.145158,0.061609,-0.01795,0.070692,-0.018852,0.055329,0.002533,0.001075
0,0.127145,-0.120209,-0.027275,-0.200021,-0.060598,-0.203965,0.002219,0.002098
0,-0.051368,-0.05049,-0.167897,0.055388,-0.160941,0.083479,0.000897,0.000881
0,0.107311,-0.105024,0.175747,-0.044342,0.177848,-0.031212,0.001873,0.001833
0,-0.099194,-0.069184,-0.191162,0.013751,-0.213128,0.043171,0.001731,0.001207
0,0.029329,0.078464,0.115527,0.145352,0.092663,0.137293,0.000512,0.001369
0,0.091083,0.06213,0.031862,-0.0232,0.033454,-0.001792,0.00159,0.001084
0,0.187839,-0.051778,0.093435,-0.130642,0.112973,-0.115459,0.003278,0.000904
0,0.076235,0.016887,-0.139794,0.088351,-0.096952,0.127563,0.001331,0.000295
0,-0.040851,-0.015415,-0.133539,-0.058256,-0.175583,-0.025236,0.000713,0.000269
0,0.201639,0.060676,0.233159,0.057778,0.25174,0.033544,0.003519,0.001059
0,0.00251,0.089103,-0.190013,0.049014,-0.164023,0.051559,4.4e-05,0.001555
0,0.126534,0.08661,0.149037,0.024206,0.167554,-0.023945,0.002208,0.001512
0,0.10539,-0.091431,-0.030841,-0.151324,0.011284,-0.144969,0.001839,0.001596
0,0.141858,-0.20273,0.013887,-0.101213,-0.016514,-0.143371,0.002476,0.003538
0,0.142304,-0.19304,-1.4e-05,-0.005344,0.022192,-0.037724,0.002484,0.003369
0,0.233046,0.062769,0.090397,0.28372,0.106408,0.331939,0.00375,0.001096
0,0.000703,-0.160741,-0.251385,-0.209533,-0.262597,-0.166713,1.2e-05,0.002805
0,0.024056,0.015032,0.038278,0.15378,0.003235,0.200507,0.00042,0.000262
0,-0.096057,0.011641,-0.12103,-0.00765,-0.158126,-0.021106,0.001677,0.000203
0,-0.008073,0.023906,0.096107,-0.009486,0.062224,-0.031393,0.000141,0.000417
0,0.027861,-0.091517,0.040682,-0.086366,0.078828,-0.056569,0.000486,0.001597
0,0.001053,-0.124182,-0.03761,-0.03916,-0.01916,-0.048562,1.8e-05,0.002167
0,-0.043862,0.015107,-0.05056,0.114558,-0.0683,0.104736,0.000766,0.000264
0,-0.045405,0.109714,-0.025926,0.099483,-0.002393,0.060586,0.000792,0.001915
0,0.099942,-0.016476,0.166706,-0.112457,0.172305,-0.142465,0.001744,0.000288
0,0.144718,0.150552,0.07153,0.152441,0.033061,0.155696,0.002526,0.002628
0,-0.088027,0.157455,-0.222095,0.034411,-0.226042,-0.008359,0.001536,0.002748
0,0.142334,-0.061856,0.215621,-0.193238,0.208115,-0.18857,0.002484,0.00108
0,0.001291,0.211501,-0.17086,0.280229,-0.1839,0.294369,2.3e-05,0.003691
0,-0.042931,0.184577,-0.032046,-0.044863,0.006363,-0.076244,0.000749,0.003221
0,-0.064395,0.193304,0.004554,0.027738,-0.010999,0.074191,0.001124,0.003374
0,0.134409,0.192788,0.178936,-0.009356,0.200226,-0.046613,0.002346,0.003365
0,0.045251,0.0797,-0.085316,-0.13248,-0.091886,-0.163795,0.00079,0.001391
0,-0.113769,0.102534,-0.159386,0.005268,-0.143632,0.006642,0.001986,0.00179
0,0.10176,-0.110234,0.243612,-0.211218,0.249432,-0.19273,0.001776,0.001924
0,0.004484,0.035092,-0.101804,0.157927,-0.125272,0.128089,7.8e-05,0.000612
0,0.01188,-0.128183,0.000632,-0.165346,0.018334,-0.175238,0.000207,0.002237
0,-0.053994,0.048328,-0.082695,0.180838,-0.065012,0.195702,0.000942,0.000843
0,-0.017818,0.051566,0.013186,-0.006361,0.054385,-0.041122,0.000311,0.0009
0,-0.190955,-0.049227,-0.180604,-0.126049,-0.20535,-0.167638,0.003333,0.000859
0,-0.013539,-0.095785,0.166513,-0.067148,0.208315,-0.112047,0.000236,0.001672
0,0.138219,0.158765,0.155007,0.241841,0.151402,0.245906,0.002412,0.002771
0,0.032245,0.138119,-0.133121,-0.031352,-0.114247,-0.000911,0.000563,0.002411
0,0.04218,0.061324,0.035463,-0.105567,0.080674,-0.067164,0.000736,0.00107
0,0.063112,0.142699,-0.008412,0.104413,0.034973,0.079589,0.001102,0.002491
0,-0.042849,0.033357,-0.087006,-0.110355,-0.108589,-0.123843,0.000748,0.000582
0,0.033603,0.014457,0.079221,-0.019703,0.038525,-0.00354,0.000586,0.000252
0,0.104819,-0.054764,0.099011,-0.077469,0.097318,-0.089515,0.001829,0.000956
0,0.149108,0.182447,0.0166,0.230786,0.029696,0.200233,0.002602,0.003184
0,0.100336,0.165217,-0.024317,-0.045778,-0.049816,-0.09374,0.001751,0.002884
0,0.095435,0.004653,-0.018238,-0.148261,0.008317,-0.129786,0.001666,8.1e-05
0,-0.02081,0.175547,-0.124932,0.161469,-0.135281,0.155823,0.000363,0.003064
0,0.004355,-0.084207,0.05412,-0.270351,0.092514,-0.266428,7.6e-05,0.00147
0,0.094806,0.190807,0.099408,0.274938,0.136354,0.322155,0.001655,0.00333
0,-0.035669,-0.042082,-0.150242,-0.228892,-0.189905,-0.221029,0.000623,0.000734
0,-0.10037,0.125342,-0.075875,0.170082,-0.115905,0.12946,0.001752,0.002188
0,-0.146951,-0.072086,-0.055019,-0.183256,-0.03024,-0.151777,0.002565,0.001258
0,-0.072786,-0.017211,0.101704,0.057,0.067346,0.021434,0.00127,0.0003
0,-0.210142,-0.011919,-0.163385,0.026374,-0.138913,0.04873,0.003668,0.000208
0,-0.008069,-0.09419,0.205379,-0.087228,0.246855,-0.096056,0.000141,0.001644
0,0.01582,-0.119238,0.021914,-0.000152,-0.027584,-0.011973,0.000276,0.002081
0,0.05357,-0.11767,0.034391,-0.005859,0.081956,-0.033741,0.000935,0.002054
0,-0.102486,0.032408,-0.178081,0.128222,-0.130039,0.117085,0.001789,0.000566
0,-0.158771,-0.094101,-0.054306,-0.1105,-0.039962,-0.065797,0.002771,0.001642
0,-0.019375,-0.078457,0.161338,-0.002645,0.182,0.012761,0.000338,0.001369
0,-0.071457,0.041664,-0.035389,0.116968,-0.01082,0.103812,0.001247,0.000727
0,0.023841,-0.079735,0.120838,-0.092077,0.094829,-0.131544,0.000416,0.001392
0,-0.05256,-0.100912,-0.048516,-0.037383,-0.047799,-0.017459,0.000917,0.001761
0,0.007452,-0.164386,0.08667,-0.08102,0.099907,-0.03863,0.00013,0.002869
0,-0.035692,-0.168189,-0.053008,-0.004678,-0.056148,0.035966,0.000623,0.002935
0,-0.05635,-0.153036,-0.037157,0.010146,-0.064849,-0.019523,0.000983,0.002671
0,0.04102,0.083249,0.068709,0.251734,0.021848,0.270679,0.000716,0.001453
0,0.09957,0.05736,0.069144,-0.046624,0.039876,-0.04167,0.001738,0.001001
0,-0.070105,-0.000693,-0.146618,-0.044642,-0.113267,-0.056385,0.001224,1.2e-05
0,-1.642361,-0.202872,-1.54888,-0.225847,-1.596008,-0.185859,0.002607,0.003541
0,-2.641891,-0.880491,-1.009376,-0.677715,-0.965903,-0.701849,0.000798,0.000268
0,-2.122945,-1.104908,0.510659,-0.204606,0.548874,-0.245988,0.002037,0.003649
0,-2.089066,-1.336685,0.012129,-0.242605,0.056956,-0.246137,0.002628,0.000124
0,-1.660583,-1.142225,0.440914,0.18829,0.488825,0.214118,0.002289,0.003518
0,-1.167381,-0.807553,0.514442,0.346147,0.50366,0.345562,0.003079,0.001541
0,-0.915672,-0.450472,0.272383,0.363997,0.291899,0.375793,0.000346,4.4e-05
0,-0.87454,-0.371098,0.060614,0.059976,0.042505,0.091956,0.000372,0.001341
0,-0.543424,-0.196468,0.311419,0.168165,0.312986,0.158185,0.001667,0.003429
0,-0.093755,0.029971,0.428188,0.211057,0.410617,0.206048,0.001636,0.000523
0,-0.075752,-0.013941,0.007516,-0.015279,-0.033897,0.032015,0.001322,0.000243
0,-0.153979,-0.174563,-0.075319,-0.182718,-0.048836,-0.230589,0.002687,0.003047
0,-0.161015,-0.137757,0.010053,0.051415,-0.027054,0.070493,0.00281,0.002404
0,-0.362375,0.009076,-0.17952,0.171317,-0.146166,0.209097,0.001493,0.000158
0,-0.319438,-0.18757,0.06659,-0.212745,0.051984,-0.212247,0.002243,0.003274
0,-0.15086,-0.06315,0.180284,0.137551,0.220715,0.164525,0.002633,0.001102
0,-0.215591,-0.018573,-0.052703,0.040682,-0.09112,0.069101,0.003763,0.000324
0,-0.362431,-0.168986,-0.167311,-0.180191,-0.120799,-0.220511,0.001492,0.002949
0,-0.360721,-0.094537,0.003008,0.061453,-0.046211,0.028904,0.001522,0.00165
0,-0.36675,-0.141663,-0.008194,-0.034084,-0.009318,-0.029188,0.001417,0.002472
0,-0.22212,-0.169102,0.158487,-0.038953,0.134394,-0.008406,0.003877,0.002951
0,-0.357765,0.04976,-0.127257,0.236673,-0.167954,0.203517,0.001574,0.000868
0,-0.193688,-0.124267,0.164487,-0.191775,0.143116,-0.241367,0.00338,0.002169
0,-0.045023,0.01805,0.147239,0.13715,0.176509,0.181981,0.000786,0.000315
0,-0.104393,0.147008,-0.080594,0.126229,-0.125116,0.091334,0.001822,0.002566
0,-0.248663,0.123814,-0.14782,-0.027232,-0.115968,-0.065125,0.003478,0.002161
0,-0.085702,0.177204,0.177855,0.070538,0.193576,0.087016,0.001496,0.003093
0,-0.0466,-0.011116,0.046195,-0.164556,0.014111,-0.183706,0.000813,0.000194
0,-0.095332,0.117115,-0.058896,0.120908,-0.033736,0.166454,0.001664,0.002044
0,-0.070608,0.048549,-0.000836,-0.055745,0.013238,-0.010078,0.001232,0.000847
0,-0.086656,0.11887,-0.038689,0.092547,-0.05102,0.078219,0.001512,0.002075
0,-0.09782,-0.01035,0.017836,-0.129154,0.046673,-0.101056,0.001707,0.000181
0,-0.23825,-0.009281,-0.114396,-0.02406,-0.080397,-0.067269,0.00366,0.000162
0,-0.058073,-0.076269,0.185713,-0.046062,0.192157,-0.050718,0.001014,0.001331
0,-0.131276,-0.061759,-0.080323,0.041556,-0.075162,0.063642,0.002291,0.001078
0,-0.091257,-0.066265,0.029922,-0.026386,0.069742,-0.00856,0.001593,0.001157
0,-0.238002,-0.028889,-0.14446,0.03674,-0.183064,0.051975,0.003664,0.000504
0,0.018536,-0.126882,0.282775,-0.09532,0.272218,-0.068878,0.000324,0.002215
0,0.008838,0.080457,-0.027671,0.221024,-0.064178,0.227652,0.000154,0.001404
0,-0.313675,-0.081396,-0.327415,-0.173643,-0.373254,-0.198676,0.002343,0.001421
0,-0.26883,-0.088764,0.035359,-0.021574,0.049598,-0.034396,0.003126,0.001549
0,-0.061282,0.091804,0.205161,0.179739,0.248281,0.217175,0.00107,0.001602
0,-0.225576,-0.112404,-0.153565,-0.214218,-0.125463,-0.16669,0.003881,0.001962
0,-0.249146,0.040548,-0.021848,0.126581,0.026108,0.145866,0.003469,0.000708
0,-0.137422,-0.134474,0.137553,-0.194439,0.144168,-0.235634,0.002398,0.002347
0,-0.11677,-0.179468,0.0327,-0.050605,-0.009378,-0.056534,0.002038,0.003132
0,0.060913,-0.073144,0.151268,0.097929,0.18505,0.090565,0.001063,0.001277
0,-0.06262,-0.146609,-0.11883,-0.070963,-0.140423,-0.111942,0.001093,0.002559
0,-0.121249,-0.167935,-0.056973,-0.034395,-0.043256,-0.038514,0.002116,0.002931
0,-0.188059,0.035065,-0.042369,0.212719,-0.028643,0.250058,0.003282,0.000612
0,-0.098837,-0.1373,0.091612,-0.150033,0.047144,-0.183196,0.001725,0.002396
0,-0.157624,0.079829,-0.087334,0.244239,-0.118199,0.264518,0.002751,0.001393
0,-0.032196,-0.00809,0.154989,-0.101976,0.164658,-0.108426,0.000562,0.000141
0,-0.11068,0.009511,-0.086209,0.025762,-0.125372,-0.011912,0.001932,0.000166
0,0.041352,-0.059076,0.148974,-0.061174,0.179055,-0.062025,0.000722,0.001031
0,-0.020985,0.106484,-0.040522,0.187238,-0.042069,0.147897,0.000366,0.001859
0,0.082525,-0.096738,0.102948,-0.22536,0.143935,-0.177323,0.00144,0.001688
0,0.001399,-0.02175,-0.060885,0.069244,-0.058396,0.085823,2.4e-05,0.00038
0,0.124674,0.107584,0.129219,0.103589,0.111591,0.126506,0.002176,0.001878
0,0.036669,-0.128703,-0.071278,-0.260709,-0.044336,-0.226083,0.00064,0.002246
0,0.07017,0.04938,0.035704,0.158147,0.042211,0.184402,0.001225,0.000862
0,-0.084504,-0.103756,-0.168722,-0.150282,-0.205481,-0.120176,0.001475,0.001811
0,0.175506,0.08474,0.286783,0.165472,0.250235,0.137685,0.003063,0.001479
0,0.182474,-0.006031,0.008313,-0.10355,0.055448,-0.100669,0.003185,0.000105
0,0.094979,-0.080777,-0.101958,-0.062626,-0.145941,-0.079057,0.001658,0.00141
0,-0.043938,-0.082724,-0.112568,0.001903,-0.157627,-0.016048,0.000767,0.001444
0,0.035627,0.111801,0.054781,0.17526,0.07387,0.132226,0.000622,0.001951
0,0.016964,0.14813,-0.027834,0.024514,-0.003749,0.068036,0.000296,0.002585
0,0.114293,0.237186,0.107593,0.08927,0.071188,0.111338,0.001995,0.003678
0,0.152557,-0.033479,0.056162,-0.249712,0.009763,-0.206878,0.002663,0.000584
0,-0.042491,0.12453,-0.199616,0.146761,-0.179427,0.19282,0.000742,0.002173
0,0.205862,0.171833,0.240868,0.075643,0.24931,0.124182,0.003593,0.002999
0,-0.06004,0.211652,-0.252344,0.02197,-0.214093,0.021274,0.001048,0.003694
0,-0.014326,0.203297,0.02834,-0.028655,-0.002312,-0.0208,0.00025,0.003548
0,-2.254515,0.441267,-2.229535,0.233535,-2.25821,0.228189,0.000259,0.000116
0,-2.722063,0.676501,-0.455414,0.23519,-0.414483,0.192021,0.000602,0.003829
0,-2.623758,0.567478,0.116203,-0.101546,0.073469,-0.136127,0.001114,0.002086
0,-2.395469,0.850334,0.224504,0.298021,0.265783,0.263548,0.002719,0.000795
0,-1.941718,0.533422,0.453456,-0.342123,0.458877,-0.350503,0.002618,0.001492
0,-1.697355,0.286238,0.238619,-0.251052,0.223423,-0.291331,0.001647,0.002822
0,-1.482889,0.422312,0.185467,0.163684,0.230439,0.125479,0.002428,0.000447
0,-1.027386,0.071826,0.459548,-0.361799,0.437538,-0.312559,0.002296,0.001254
0,-0.593038,0.145178,0.41675,0.093542,0.401537,0.125411,0.002533,0.002534
0,-0.402942,0.207484,0.174372,0.049698,0.18758,0.016179,0.000785,0.003621
0,-0.251401,0.226824,0.138489,0.014567,0.093782,-0.023059,0.00343,0.003859
0,-0.121135,0.084381,0.104529,-0.169718,0.105731,-0.210469,0.002114,0.001473
0,1.588887,0.163656,1.731551,0.10876,1.775,0.099734,0.00354,0.002856
0,2.020403,-0.149838,0.416374,-0.343005,0.439215,-0.372197,0.003827,0.002615
0,2.406586,-0.069334,0.389944,0.058799,0.342142,0.092619,0.002913,0.00121
0,2.479034,0.014381,0.075365,0.064894,0.093781,0.05466,0.00364,0.000251
0,2.128041,-0.145359,-0.360555,-0.177387,-0.378668,-0.215234,0.001948,0.002537
0,1.76557,-0.027058,-0.333981,0.104648,-0.295942,0.110154,0.000457,0.000472
0,1.563996,-0.174285,-0.210947,-0.144815,-0.226335,-0.181446,0.003843,0.003042
0,1.241186,-0.016085,-0.339707,0.175578,-0.31229,0.191946,0.001791,0.000281
0,1.211122,-0.22469,-0.049782,-0.234149,-0.0062,-0.266533,0.002316,0.003896
0,0.641835,-0.172205,-0.584465,0.053946,-0.610874,0.030538,0.003384,0.003006
0,0.308366,-0.03235,-0.347355,0.160896,-0.347148,0.193449,0.002436,0.000565
0,0.274591,0.082358,-0.018701,0.133916,-0.044889,0.106721,0.003025,0.001437
0,-0.035357,-0.112468,-0.288124,-0.210579,-0.296523,-0.195251,0.000617,0.001963
0,-0.248551,-0.063951,-0.232919,0.047994,-0.204989,0.070661,0.00348,0.001116
0,-0.129382,0.127169,0.092332,0.216611,0.072397,0.250236,0.002258,0.00222
0,-0.358179,0.09391,-0.216885,-0.023167,-0.25041,-0.060892,0.001566,0.001639
0,-0.164211,-0.018925,0.192428,-0.119122,0.149622,-0.135933,0.002866,0.00033
0,-0.251333,0.085996,-0.107995,0.115114,-0.076083,0.125714,0.003431,0.001501
0,-0.112287,-0.138669,0.167647,-0.229993,0.213808,-0.238764,0.00196,0.00242
0,-0.205111,-0.087068,-0.070089,0.05456,-0.028018,0.061537,0.00358,0.00152
0,-0.109432,-0.014116,0.09042,0.097103,0.044,0.095745,0.00191,0.000246
0,-0.150157,0.04302,-0.047752,0.046334,-0.043368,0.059169,0.002621,0.000751
0,-0.064738,-0.041678,0.080044,-0.058143,0.085536,-0.086485,0.00113,0.000727
0,0.062679,0.123376,0.14952,0.143573,0.136067,0.161724,0.001094,0.002153
0,0.00824,0.093024,-0.073357,-0.051201,-0.057833,-0.042678,0.000144,0.001624
0,0.106896,-0.032501,0.079716,-0.107489,0.050295,-0.146428,0.001866,0.000567
0,0.077878,0.030992,-0.019659,0.051658,0.019199,0.056807,0.001359,0.000541
0,0.157347,0.021082,0.081292,-0.014802,0.037588,-0.03048,0.002746,0.000368
0,-0.100287,0.08282,-0.24005,0.063003,-0.278562,0.092368,0.00175,0.001445
0,0.080179,-0.000802,0.181642,-0.071483,0.171588,-0.088457,0.001399,1.4e-05
0,0.131352,0.139302,0.053674,0.131939,0.024411,0.167501,0.002293,0.002431
0,-0.079156,0.128477,-0.212784,0.008625,-0.179959,-0.001853,0.001382,0.002242
0,0.134146,-0.110782,0.205517,-0.250267,0.219841,-0.286951,0.002341,0.001934
0,0.052639,0.054833,-0.071227,0.158757,-0.107858,0.140631,0.000919,0.000957
0,0.123322,-0.108878,0.096735,-0.160232,0.088478,-0.139912,0.002152,0.0019
0,0.178264,-0.123572,0.032921,-0.04158,0.076401,-0.003588,0.003111,0.002157
0,0.163539,-0.036908,-0.004343,0.060032,-0.040161,0.060164,0.002854,0.000644
0,0.040029,-0.162496,-0.096013,-0.110299,-0.123325,-0.066931,0.000699,0.002836
0,0.267503,0.076123,0.214238,0.249702,0.263027,0.212031,0.003149,0.001329
0,0.133179,-0.141605,-0.133951,-0.242725,-0.102993,-0.245278,0.002324,0.002471
0,0.00538,-0.105649,-0.109109,0.015446,-0.127349,0.007785,9.4e-05,0.001844
0,-0.015539,-0.097595,0.0082,0.002484,-0.037644,0.033626,0.000271,0.001703
0,0.120088,0.028705,0.105629,0.107758,0.102717,0.0619,0.002096,0.000501
0,-0.126883,-0.096938,-0.257381,-0.143113,-0.216985,-0.172861,0.002215,0.001692
0,-0.123704,0.038476,0.009723,0.153996,-0.016877,0.171392,0.002159,0.000672
0,-0.141348,-0.14292,-0.005069,-0.19195,0.028247,-0.170628,0.002467,0.002494
0,-0.116022,-0.02783,0.053525,0.129147,0.076569,0.150705,0.002025,0.000486
0,0.109758,0.030228,0.228371,0.061107,0.202734,0.029916,0.001916,0.000528
0,-0.150462,0.156126,-0.289019,0.129804,-0.277308,0.107775,0.002626,0.002725
0,-0.051467,0.104802,0.078293,-0.036664,0.08524,-0.065976,0.000898,0.001829
0,-0.043495,0.788704,0.023067,0.667707,-3.9e-05,0.628374,0.000759,0.00187
0,0.125052,1.394619,0.141106,0.578868,0.176292,0.583788,0.002183,0.000887
0,-0.112415,1.938198,-0.238133,0.519442,-0.206078,0.567688,0.001962,0.002556
0,0.01074,1.790481,0.136635,-0.167951,0.115654,-0.137514,0.000187,2.2e-05
0,0.041493,1.787229,0.053461,-0.03203,0.060291,-0.068313,0.000724,7.8e-05
0,0.006345,1.221061,-0.027701,-0.56556,0.018041,-0.57555,0.000111,0.002142
0,-0.013994,1.048713,0.00836,-0.176084,0.041581,-0.15554,0.000244,0.002668
0,0.151066,0.742848,0.169601,-0.319759,0.188124,-0.341191,0.002637,0.002671
0,-0.077287,0.501075,-0.217003,-0.255191,-0.226978,-0.267809,0.001349,0.000928
0,-0.073995,0.319249,-0.020589,-0.177972,0.017626,-0.185945,0.001291,0.002246
0,0.096815,0.119651,0.190537,-0.225706,0.198204,-0.274865,0.00169,0.002088
0,0.140158,0.147766,0.015035,0.022691,0.005564,0.050771,0.002446,0.002579
0,-0.097372,0.212942,-0.222851,0.04315,-0.24145,0.081982,0.001699,0.003717
0,-0.018961,0.136139,0.095103,-0.0944,0.119004,-0.057926,0.000331,0.002376
0,0.048738,0.124949,0.054295,-0.034528,0.05634,0.011841,0.000851,0.002181
0,0.063734,0.082086,0.044075,-0.024037,0.078047,0.010712,0.001112,0.001433
0,-0.120935,-0.120305,-0.176801,-0.194199,-0.217054,-0.218981,0.002111,0.0021
0,0.015301,-0.096219,0.150998,0.002019,0.180311,-0.017263,0.000267,0.001679
0,0.069438,0.065703,0.080431,0.138179,0.064999,0.180468,0.001212,0.001147
0,0.03607,-0.03983,-0.063238,-0.091737,-0.033533,-0.080293,0.00063,0.000695
0,-0.084839,0.021817,-0.091445,0.051736,-0.088414,0.011199,0.001481,0.000381
0,-0.107661,-0.007521,-0.018384,-0.013412,-0.004603,0.034462,0.001879,0.000131
0,-0.140829,0.040397,-0.038597,0.033484,-0.046488,0.04754,0.002458,0.000705
0,0.124258,0.077553,0.292958,0.030658,0.293249,0.077879,0.002169,0.001354
0,0.055867,-0.115148,-0.06635,-0.166928,-0.025831,-0.193933,0.000975,0.00201
0,0.096667,0.017699,0.044412,0.149443,0.081111,0.138884,0.001687,0.000309
0,1.84082,1.223968,1.742342,1.185163,1.720789,1.150162,0.000857,0.002091
0,3.332089,1.862075,1.521164,0.609844,1.492151,0.615886,0.003431,0.001228
0,3.758754,2.540575,0.447583,0.676,0.426392,0.627301,0.00306,0.002566
0,4.630626,2.358285,0.894082,-0.196803,0.931728,-0.201957,0.002641,0.00207
0,3.827899,1.719981,-0.823346,-0.653775,-0.850156,-0.622461,0.003551,0.001252
0,2.995274,0.739633,-0.81351,-0.974068,-0.846654,-1.004537,0.002448,0.002727
0,3.210285,0.411921,0.213284,-0.351852,0.222878,-0.350319,0.001305,0.000629
0,2.492551,0.091552,-0.699137,-0.327237,-0.717661,-0.301603,0.003404,0.001598
0,2.194971,-0.139846,-0.277696,-0.255842,-0.307169,-0.269375,0.00078,0.002441
0,1.541377,-0.432405,-0.652366,-0.267777,-0.602655,-0.22185,0.003448,0.000271
0,0.94071,-0.380167,-0.575872,0.066283,-0.554848,0.108227,0.000783,0.001183
0,0.633297,-0.403011,-0.282353,-0.00703,-0.23704,-0.020875,0.003235,0.000784
0,0.254676,-0.31392,-0.376216,0.111801,-0.403989,0.066315,0.003373,0.002339
0,-0.114035,-0.247778,-0.356662,0.061917,-0.357203,0.037956,0.00199,0.003493
0,-0.160214,0.029914,-0.04103,0.273957,-0.000468,0.243916,0.002796,0.000522
0,-0.488151,-0.146185,-0.354207,-0.203269,-0.308415,-0.220961,0.000702,0.002551
0,-0.487758,-0.049582,-0.024228,0.122955,-0.061028,0.084526,0.000695,0.000865
0,-0.534418,-0.098293,-0.05625,-0.034315,-0.054381,-0.05588,0.001509,0.001716
0,-0.409104,-0.092119,0.135213,-0.009944,0.14936,-0.005831,0.000678,0.001608
0,-0.225314,-0.036329,0.157544,0.068121,0.164753,0.117781,0.003885,0.000634
0,-0.348284,0.027912,-0.118492,0.047173,-0.085401,0.08451,0.001739,0.000487
0,-0.120718,-0.070359,0.21086,-0.076409,0.164793,-0.090892,0.002107,0.001228
0,-0.012192,0.064705,0.08633,0.156847,0.039144,0.178518,0.000213,0.001129
0,0.123015,-0.042792,0.135738,-0.128952,0.134169,-0.095843,0.002147,0.000747
0,0.058304,0.087155,-0.09236,0.112365,-0.101445,0.152471,0.001018,0.001521
0,-0.036038,0.137977,-0.067273,0.056137,-0.095406,0.015029,0.000629,0.002408
0,0.143779,0.197328,0.197807,0.044147,0.243237,0.006816,0.002509,0.003444
0,0.104893,0.011615,-0.053736,-0.202914,-0.085972,-0.177239,0.001831,0.000203
0,0.00927,0.011643,-0.102923,0.007483,-0.149085,0.038633,0.000162,0.000203
0,0.126343,0.116073,0.119217,0.131691,0.105555,0.149707,0.002205,0.002026
0,-0.117637,0.13214,-0.23567,0.04268,-0.246494,-0.002303,0.002053,0.002306
0,-0.034873,-0.070104,0.090239,-0.229575,0.06944,-0.193739,0.000609,0.001224
0,-0.128563,0.133814,-0.119478,0.181341,-0.136653,0.166436,0.002244,0.002335
0,-0.006507,-0.070825,0.121325,-0.181146,0.149106,-0.156876,0.000114,0.001236
0,-0.109333,-0.044846,-0.09361,0.051282,-0.046702,0.092988,0.001908,0.000783
0,-0.14266,0.123221,-0.013973,0.194099,-0.023475,0.235441,0.00249,0.002151
0,0.074323,0.049799,0.221577,-0.095968,0.201467,-0.075034,0.001297,0.000869
0,-0.131897,-0.007326,-0.212221,-0.053394,-0.19163,-0.052856,0.002302,0.000128
0,0.028231,-0.042998,0.178149,-0.010805,0.174642,-0.048446,0.000493,0.00075
0,-0.116553,0.020822,-0.166597,0.087915,-0.15358,0.070406,0.002034,0.000363
0,0.002954,-0.064346,0.105776,-0.103236,0.148587,-0.143891,5.2e-05,0.001123
0,0.000356,0.169676,0.003536,0.226718,0.008273,0.225019,6e-06,0.002961
0,0.055509,0.048709,0.061961,-0.093279,0.086027,-0.052005,0.000969,0.00085
0,-0.028736,0.097015,-0.093696,0.040498,-0.103735,0.089725,0.000502,0.001693
0,0.044399,0.072984,0.083526,-0.005683,0.104934,-0.006505,0.000775,0.001274
0,0.041368,-0.080023,-0.008919,-0.177472,-0.015183,-0.154429,0.000722,0.001397
0,0.116134,0.005896,0.097471,0.068155,0.053316,0.061924,0.002027,0.000103
0,0.065306,-0.042551,-0.058624,-0.020087,-0.064769,-0.04744,0.00114,0.000743
0,0.05696,-0.034966,-0.022407,0.000875,-0.042835,-0.035188,0.000994,0.00061
0,-0.033858,0.014647,-0.078375,0.070835,-0.112128,0.073331,0.000591,0.000256
0,-0.012688,-0.052396,0.035886,-0.07394,-0.011083,-0.086496,0.000221,0.000914
0,0.128295,0.051261,0.160472,0.125632,0.154436,0.161855,0.002239,0.000895
0,0.118124,0.194203,-0.010473,0.122524,-0.010839,0.129271,0.002062,0.003389
0,0.195935,-0.022613,0.071536,-0.197003,0.108437,-0.18888,0.00342,0.000395
0,0.110943,0.073384,-0.071436,0.107478,-0.119313,0.066295,0.001936,0.001281
0,-0.028853,-0.051796,-0.154358,-0.115601,-0.202546,-0.12558,0.000504,0.000904
0,0.192623,0.097365,0.208895,0.147622,0.163958,0.115744,0.003362,0.001699
0,0.167212,-0.015097,-0.019504,-0.085344,-0.001561,-0.1138,0.002918,0.000263
0,0.089355,-0.108715,-0.075977,-0.084317,-0.034375,-0.040282,0.00156,0.001897
0,0.191191,0.134124,0.125499,0.237525,0.124161,0.192873,0.003337,0.002341
0,0.200614,-0.069935,0.016059,-0.217625,0.043931,-0.186331,0.003501,0.001221
0,0.172631,-0.117378,-0.005907,-0.066125,0.019467,-0.093706,0.003013,0.002049
0,0.051006,0.076033,-0.12017,0.202279,-0.138194,0.249815,0.00089,0.001327
0,-0.050475,-0.11858,-0.073742,-0.191862,-0.045724,-0.239482,0.000881,0.00207
0,-0.061367,0.143182,-0.009596,0.281535,-0.015879,0.268309,0.001071,0.002499
0,0.207453,-0.110069,0.270255,-0.271796,0.282576,-0.296698,0.003621,0.001921
0,0.162306,0.069339,-0.056729,0.152788,-0.051895,0.193546,0.002833,0.00121
0,0.192521,0.045111,0.010224,-0.038029,-0.005648,-0.004207,0.00336,0.000787
0,0.246283,-0.049792,0.065242,-0.095184,0.097225,-0.078383,0.003519,0.000869
0,0.010718,-0.082095,-0.20581,-0.058179,-0.176128,-0.040239,0.000187,0.001433
0,0.285937,0.073444,0.250041,0.136946,0.257608,0.094047,0.002827,0.001282
0,0.050677,0.060183,-0.21999,-0.034316,-0.246137,-0.007261,0.000884,0.00105
0,0.295148,0.10084,0.272415,0.036549,0.285215,-0.008654,0.002667,0.00176
0,0.134102,0.024277,-0.151278,-0.093873,-0.15501,-0.106329,0.002341,0.000424
0,-0.038492,-0.042117,-0.142737,-0.084688,-0.14533,-0.052709,0.000672,0.000735
0,-0.026675,-0.025963,-0.017883,0.008937,-0.029179,0.02847,0.000466,0.000453
0,-0.050802,-0.000633,0.004388,0.053265,-0.037998,0.023946,0.000887,1.1e-05
0,-0.063362,0.099686,-0.020837,0.120942,-0.034993,0.13795,0.001106,0.00174
0,0.127856,0.058365,0.220475,-0.031103,0.206422,0.008601,0.002232,0.001019
0,-0.088228,-0.108974,-0.233493,-0.178793,-0.24526,-0.130994,0.00154,0.001902
0,-0.045616,-0.078232,0.064764,0.040036,0.085902,-0.005531,0.000796,0.001365
0,-0.098035,-0.08132,-0.053524,-0.005085,-0.064881,0.011728,0.001711,0.001419
0,-0.157242,0.075635,-0.08223,0.160457,-0.088413,0.146175,0.002744,0.00132
0,-0.142733,-0.106429,-0.009073,-0.168245,-0.031682,-0.136148,0.002491,0.001858
0,0.123065,0.133492,0.267792,0.254666,0.312545,0.296296,0.002148,0.00233
0,-0.172526,-0.050693,-0.2812,-0.185492,-0.264407,-0.209211,0.003011,0.000885
0,0.015538,0.119409,0.2029,0.18692,0.229929,0.173125,0.000271,0.002084
0,-0.167705,-0.01157,-0.2028,-0.134666,-0.175431,-0.085448,0.002927,0.000202
0,0.048123,-0.048101,0.227343,-0.060723,0.253782,-0.055185,0.00084,0.00084
0,0.113561,-0.081011,0.04207,-0.06263,0.033772,-0.057581,0.001982,0.001414
0,0.076543,-0.084434,-0.033689,0.013996,-0.066452,0.013128,0.001336,0.001474
0,0.046254,-0.165012,-0.057771,-0.057244,-0.034475,-0.011579,0.000807,0.00288
0,0.1318,-0.113101,0.096963,0.053081,0.107583,0.043479,0.0023,0.001974
0,-0.051663,-0.203001,-0.185696,-0.097349,-0.167176,-0.075715,0.000902,0.003543
0,0.006406,-0.164347,0.048312,0.013647,0.07915,0.032004,0.000112,0.002868
0,-0.108538,0.030276,-0.094953,0.22181,-0.115375,0.269209,0.001894,0.000528
0,-0.083474,0.048475,-0.004211,0.02451,0.020363,-0.019335,0.001457,0.000846
0,0.112062,-0.154899,0.223503,-0.187103,0.205262,-0.152545,0.001956,0.002703
0,0.061665,0.094477,-0.038043,0.246315,-0.073277,0.226282,0.001076,0.001649
0,0.014091,-0.098322,-0.039214,-0.178605,-0.082937,-0.163531,0.000246,0.001716
0,-0.170344,-0.075967,-0.169177,0.037335,-0.195728,0.057511,0.002973,0.001326
0,0.056627,0.083303,0.229256,0.187798,0.240598,0.21066,0.000988,0.001454
0,-0.233756,-0.002422,-0.295782,-0.070269,-0.24663,-0.035486,0.003738,4.2e-05
0,-0.285794,-0.00278,-0.043326,0.003205,-0.02796,0.007842,0.00283,4.9e-05
0,-0.029194,0.108191,0.274173,0.097745,0.276516,0.098625,0.00051,0.001888
0,-0.24552,-0.120625,-0.224662,-0.235768,-0.182752,-0.252232,0.003533,0.002105
0,-0.132313,0.089987,0.095736,0.2165,0.126115,0.211101,0.002309,0.001571
0,-0.106338,-0.02422,0.053138,-0.096156,0.077325,-0.120366,0.001856,0.000423
0,-0.184306,0.138084,-0.1016,0.162165,-0.069111,0.126631,0.003217,0.00241
0,-0.046955,-0.125951,0.13592,-0.246158,0.17484,-0.235941,0.00082,0.002198
0,0.058945,-0.118365,0.096039,0.023611,0.05837,0.0735,0.001029,0.002066
0,-0.059134,0.079611,-0.111335,0.188394,-0.109852,0.20425,0.001032,0.001389
0,-0.090115,-0.001664,-0.00876,-0.067102,-0.030607,-0.023649,0.001573,2.9e-05
0,-0.076905,0.021101,0.021115,0.02593,0.061682,0.048033,0.001342,0.000368
0,-0.172282,-0.110775,-0.11229,-0.154178,-0.135224,-0.13665,0.003007,0.001933
0,0.040787,-0.163114,0.225182,-0.046552,0.228558,-0.021279,0.000712,0.002847
0,-0.011936,-0.137589,-0.03303,0.023917,0.013587,-0.008271,0.000208,0.002401
0,-0.079164,-0.002398,-0.092598,0.115496,-0.059625,0.089894,0.001382,4.2e-05
0,0.021088,0.081405,0.110132,0.103204,0.082444,0.12054,0.000368,0.001421
0,0.138769,0.074076,0.135845,-0.025138,0.096262,-0.030909,0.002422,0.001293
0,0.165375,0.062737,0.028517,0.016843,0.029774,0.022981,0.002886,0.001095
0,0.01999,-0.11229,-0.126444,-0.166649,-0.099616,-0.163993,0.000349,0.00196
0,-0.062989,-0.029726,-0.079351,0.053053,-0.083783,0.043698,0.001099,0.000519
0,-0.134351,0.168779,-0.07324,0.204562,-0.073771,0.171204,0.002345,0.002946
0,0.024212,0.034047,0.141689,-0.156914,0.163988,-0.175158,0.000423,0.000594
0,-0.124125,0.040707,-0.137866,0.018622,-0.137811,0.041911,0.002166,0.00071
0,0.039168,0.189981,0.166419,0.17613,0.183859,0.199362,0.000684,0.003316
0,0.132101,0.141728,0.072466,-0.039969,0.069076,-0.089415,0.002306,0.002474
0,-0.075268,0.17586,-0.198268,0.018785,-0.17083,0.026704,0.001314,0.003069
0,0.050415,0.088722,0.117957,-0.090845,0.136628,-0.079731,0.00088,0.001548
0,0.031986,0.166728,-0.023113,0.051134,-0.037434,0.012398,0.000558,0.00291
0,-0.124544,-0.032719,-0.175024,-0.18583,-0.224997,-0.219186,0.002174,0.000571
0,-0.101565,-0.00932,0.03334,0.039764,0.069292,0.024797,0.001773,0.000163
0,-0.093582,0.060822,0.015402,0.091345,0.030155,0.120662,0.001633,0.001062
0,-0.079016,0.215593,0.015177,0.159554,-0.024723,0.164236,0.001379,0.003763
0,-0.125624,-0.058581,-0.024749,-0.260717,-0.026086,-0.282872,0.002193,0.001022
0,-0.037049,0.156459,0.071651,0.235757,0.064709,0.200241,0.000647,0.002731
0,-0.099492,-0.059625,-0.089995,-0.228694,-0.058484,-0.24843,0.001736,0.001041
0,0.074002,-0.011094,0.185897,0.066577,0.187453,0.052505,0.001292,0.000194
0,0.017804,0.079078,-0.04462,0.102327,-0.045217,0.12854,0.000311,0.00138
0,0.17796,-0.066985,0.176154,-0.123522,0.176648,-0.097922,0.003106,0.001169
0,-0.038406,-0.03713,-0.215799,0.044517,-0.192911,0.005853,0.00067,0.000648
0,-0.012022,0.052078,0.034098,0.083648,0.049056,0.098657,0.00021,0.000909
0,-0.005219,-0.007484,-0.023147,-0.0867,-0.05236,-0.114606,9.1e-05,0.000131
0,-0.111713,-0.055465,-0.123113,-0.032346,-0.155169,-0.05814,0.00195,0.000968
0,0.055822,0.112505,0.190728,0.15714,0.181841,0.160684,0.000974,0.001964
0,-0.037988,0.06242,-0.091497,-0.02129,-0.04326,-0.046135,0.000663,0.001089
0,0.073951,0.043598,0.120606,-0.00624,0.14189,0.034396,0.001291,0.000761
0,-0.024973,0.016559,-0.078326,-0.022843,-0.061096,-0.056806,0.000436,0.000289
0,0.010821,-0.119728,0.041054,-0.1662,0.022835,-0.213391,0.000189,0.00209
0,0.175806,-0.042016,0.136489,0.093107,0.177453,0.052744,0.003068,0.000733
0,0.182146,-0.019146,-0.000478,-0.000792,0.025804,0.039686,0.003179,0.000334
0,-0.117645,-0.020687,-0.270629,0.027307,-0.274175,0.076765,0.002053,0.000361
0,-0.034794,-0.181805,0.111022,-0.152554,0.077117,-0.186956,0.000607,0.003173
0,0.149836,-0.169368,0.17683,0.009488,0.201804,0.038348,0.002615,0.002956
0,-0.008622,-0.04784,-0.140479,0.109299,-0.180716,0.159017,0.00015,0.000835
0,-0.074366,0.069574,-0.082727,0.140073,-0.077637,0.180247,0.001298,0.001214
0,0.076092,-0.083721,0.154281,-0.174639,0.178561,-0.215456,0.001328,0.001461
0,-0.053687,0.11995,-0.155847,0.174619,-0.106492,0.157192,0.000937,0.002094
0,0.05056,-0.089512,0.08743,-0.228966,0.056875,-0.224286,0.000882,0.001562
0,0.109245,0.039096,0.053723,0.10629,0.055943,0.080106,0.001907,0.000682
0,-0.192171,0.03436,-0.288508,0.005437,-0.256338,-0.013894,0.003354,0.0006
0,0.048212,0.00425,0.252685,-0.050766,0.247896,-0.056903,0.000841,7.4e-05
0,0.105545,0.101747,0.077447,0.127466,0.05324,0.161873,0.001842,0.001776
0,-0.035074,0.029007,-0.115338,-0.059262,-0.152471,-0.034383,0.000612,0.000506
0,0.073175,0.09157,0.109151,0.056807,0.064761,0.051642,0.001277,0.001598
0,-0.062205,-0.16264,-0.127584,-0.268813,-0.136739,-0.223539,0.001086,0.002839
0,-0.148832,-0.02575,-0.092311,0.147846,-0.059673,0.100049,0.002598,0.000449
0,0.044859,-0.031328,0.216734,-0.013991,0.257606,-0.020023,0.000783,0.000547
0,-0.142522,0.09813,-0.185382,0.145386,-0.220487,0.130751,0.002487,0.001713
0,0.078992,0.049864,0.229669,-0.05384,0.2019,-0.069044,0.001379,0.00087
0,0.091739,0.0448,-0.005442,0.022727,0.021595,0.030187,0.001601,0.000782
0,0.022428,0.007579,-0.084631,-0.018425,-0.063722,-0.044254,0.000391,0.000132
0,0.002004,-0.025579,-0.01392,-0.057209,-0.008826,-0.034941,3.5e-05,0.000446
0,0.058094,0.159059,0.028408,0.168137,-0.006234,0.205402,0.001014,0.002776
0,-0.169068,0.074658,-0.200469,-0.077384,-0.193964,-0.052112,0.002951,0.001303
0,0.071733,0.07714,0.269253,0.000831,0.223282,0.022174,0.001252,0.001346
0,-0.077575,-0.008598,-0.161459,-0.111125,-0.180243,-0.136589,0.001354,0.00015
0,0.020381,-0.093954,0.123505,-0.060807,0.082225,-0.014288,0.000356,0.00164
0,0.021965,0.018205,-0.004112,0.10324,0.032392,0.097232,0.000383,0.000318
0,-0.20653,-0.038386,-0.230579,-0.044073,-0.203441,0.004452,0.003605,0.00067
0,-0.08017,0.089517,0.101508,0.132116,0.060959,0.162416,0.001399,0.001562
0,-0.077147,-0.103079,0.032431,-0.199335,0.071874,-0.192789,0.001346,0.001799
0,0.01139,-0.128163,0.078394,-0.013073,0.104525,0.013441,0.000199,0.002237
0,0.122806,0.00038,0.10942,0.10337,0.127536,0.090323,0.002143,7e-06
0,0.049429,0.049486,-0.066179,0.022368,-0.105323,-0.024232,0.000863,0.000864
0,0.064385,0.14165,0.025982,0.085194,-0.007999,0.115397,0.001124,0.002472
0,0.003102,-0.10781,-0.037153,-0.278045,-0.045729,-0.246997,5.4e-05,0.001882
0,-0.010012,0.063665,-0.039153,0.148845,-0.088005,0.14222,0.000175,0.001111
0,-0.127454,0.033916,-0.146076,-0.030842,-0.105595,0.005899,0.002224,0.000592
0,-0.143302,-0.026643,-0.032763,-0.066121,-0.058307,-0.022252,0.002501,0.000465
0,-0.133526,0.05367,0.03679,0.078843,0.043969,0.099733,0.00233,0.000937
0,-0.013265,-0.104337,0.146768,-0.172009,0.12863,-0.150244,0.000232,0.001821
0,-0.112396,0.158903,-0.074421,0.240209,-0.073288,0.236727,0.001962,0.002773
0,0.024624,0.082079,0.11367,-0.058376,0.092143,-0.099356,0.00043,0.001433
0,0.02206,-0.084214,0.019151,-0.173131,-0.02788,-0.152666,0.000385,0.00147
0,0.065149,-0.025722,0.053135,0.042258,0.053514,0.087933,0.001137,0.000449
0,-0.024625,-0.077374,-0.106697,-0.053066,-0.064295,-0.038922,0.00043,0.00135
0,0.098186,0.1064,0.108648,0.166243,0.14962,0.17713,0.001714,0.001857
0,0.220947,0.102056,0.146501,0.004212,0.107999,0.031064,0.003856,0.001781
0,0.133308,-0.053486,-0.108845,-0.168705,-0.139765,-0.146937,0.002327,0.000934
0,0.075979,0.183734,-0.061406,0.258236,-0.015309,0.233419,0.001326,0.003207
0,0.037206,-0.049503,-0.038486,-0.244171,-0.032742,-0.259783,0.000649,0.000864
0,0.050921,0.188057,0.010324,0.244862,-0.020224,0.28208,0.000889,0.003282
0,0.082543,-0.00357,0.043775,-0.187014,0.044628,-0.232146,0.001441,6.2e-05
0,0.180962,0.003947,0.099285,-0.021863,0.0593,-0.034297,0.003158,6.9e-05
0,0.141849,0.193987,-0.056982,0.198129,-0.008196,0.176885,0.002476,0.003386
0,0.23187,0.034751,0.11642,-0.185957,0.09087,-0.157319,0.003771,0.000607
0,0.261233,0.02563,0.050989,-0.027274,0.027902,-0.071991,0.003259,0.000447
0,0.019941,-0.046242,-0.248176,-0.043742,-0.277065,-0.019942,0.000348,0.000807
0,0.126458,0.077304,0.077049,0.135208,0.030835,0.148574,0.002207,0.001349
0,0.079402,-0.112243,-0.049952,-0.205973,-0.047293,-0.199794,0.001386,0.001959
0,0.006878,-0.112297,-0.098004,-0.020803,-0.131172,-0.040725,0.00012,0.00196
0,0.187525,-0.068491,0.202158,0.069078,0.192371,0.074169,0.003273,0.001195
0,0.210507,0.065325,0.035129,0.143392,0.050503,0.134734,0.003674,0.00114
0,-0.098273,0.12281,-0.335059,0.07157,-0.360781,0.052382,0.001715,0.002143
0,0.183468,0.026645,0.289117,-0.12292,0.245343,-0.098915,0.003202,0.000465
0,0.164201,-0.027762,-0.000421,-0.074701,-0.006799,-0.050257,0.002866,0.000485
0,-0.068822,-0.062786,-0.258077,-0.037247,-0.230922,-0.048964,0.001201,0.001096
0,-0.167903,-0.007539,-0.107897,0.062878,-0.093396,0.013099,0.00293,0.000132
0,0.083626,0.111433,0.229695,0.140311,0.258636,0.129723,0.00146,0.001945
0,0.138088,-0.017693,0.064955,-0.12439,0.03934,-0.136805,0.00241,0.000309
0,0.184925,0.040439,0.058204,0.050556,0.074636,0.041878,0.003228,0.000706
0,0.106177,0.044991,-0.081141,0.009171,-0.037882,0.011707,0.001853,0.000785
0,0.174907,0.12216,0.080171,0.100392,0.128353,0.150094,0.003053,0.002132
0,0.021995,-0.012138,-0.14512,-0.129533,-0.181161,-0.177381,0.000384,0.000212
0,0.158188,-0.094471,0.120827,-0.106469,0.137238,-0.105111,0.002761,0.001649
0,0.255903,-0.115304,0.108263,-0.005016,0.129632,-0.039762,0.003352,0.002012
0,0.185051,-0.069914,-0.052135,0.073892,-0.005601,0.100428,0.00323,0.00122
0,0.180589,0.03115,0.002543,0.127776,-0.046534,0.111272,0.003152,0.000544
0,0.266566,-0.100648,0.078178,-0.151517,0.062105,-0.149099,0.003165,0.001757
0,0.166312,-0.075277,-0.123951,0.019363,-0.172782,0.040464,0.002903,0.001314
0,0.176505,-0.038256,0.031284,0.051728,0.017082,0.093124,0.003081,0.000668
0,0.118667,0.020784,-0.076391,0.038693,-0.124516,0.046074,0.002071,0.000363
0,0.297678,0.026779,0.166968,-0.012054,0.121086,-0.048743,0.002622,0.000467
0,0.249569,-0.148933,-0.077203,-0.177755,-0.053062,-0.149871,0.003462,0.002599
0,0.322847,0.068748,0.09816,0.239902,0.13809,0.233007,0.002183,0.0012
0,0.284974,-0.162464,-0.054407,-0.22389,-0.018444,-0.257346,0.002844,0.002836
0,0.042353,-0.051791,-0.219736,0.085171,-0.228903,0.069276,0.000739,0.000904
0,0.114714,0.031704,0.063753,0.057133,0.097167,0.075865,0.002002,0.000553
0,0.114185,-0.120672,-0.027356,-0.169234,-0.065478,-0.202977,0.001993,0.002106
0,0.213097,0.018481,0.07524,0.131745,0.125028,0.156774,0.003719,0.000323
0,0.158505,-0.035351,-0.073076,-0.071079,-0.106319,-0.021241,0.002766,0.000617
0,0.248736,-0.052944,0.075793,-0.021225,0.031572,-0.017973,0.003477,0.000924
0,0.234623,0.067551,-0.006707,0.115502,0.035202,0.073397,0.003723,0.001179
0,0.252806,0.102057,0.000148,0.03092,-0.045021,-0.012152,0.003406,0.001781
0,0.148909,-0.140118,-0.115776,-0.232084,-0.132624,-0.187776,0.002599,0.002446
0,0.106601,-0.148843,-0.018403,-0.01044,-0.028693,0.012794,0.001861,0.002598
0,0.027311,0.008167,-0.067736,0.146354,-0.055263,0.193176,0.000477,0.000143
0,0.098691,-0.117621,0.065804,-0.138756,0.017804,-0.140227,0.001722,0.002053
0,-0.056244,0.033648,-0.152898,0.137394,-0.201316,0.127548,0.000982,0.000587
0,0.204368,-0.050361,0.240874,-0.064806,0.219113,-0.080559,0.003567,0.000879
0,-0.061653,-0.159875,-0.29236,-0.125282,-0.24623,-0.136376,0.001076,0.00279
0,0.027922,0.001463,0.116124,0.133749,0.117755,0.115337,0.000487,2.6e-05
0,0.092551,0.160279,0.048007,0.141745,0.015731,0.154211,0.001615,0.002797
0,-0.011056,-0.087815,-0.097444,-0.227169,-0.10416,-0.226059,0.000193,0.001533
0,0.154228,0.008995,0.187781,0.083246,0.182367,0.105268,0.002692,0.000157
0,-0.158458,-0.012496,-0.31256,-0.011978,-0.28343,0.024287,0.002766,0.000218
0,0.045755,0.033601,0.223761,0.039942,0.257636,0.078893,0.000799,0.000586
0,0.057666,0.071513,0.022314,0.032236,0.031257,-0.001946,0.001006,0.001248
0,0.026542,-0.028669,-0.030076,-0.117284,-0.077365,-0.090751,0.000463,0.0005
0,-0.079706,-0.048974,-0.121125,-0.004329,-0.140203,0.0033,0.001391,0.000855
0,0.047773,0.113356,0.130435,0.150963,0.10757,0.141323,0.000834,0.001978
0,-0.094552,0.064628,-0.163078,-0.023461,-0.113847,-0.062961,0.00165,0.001128
0,-0.018122,-0.12036,0.081261,-0.16507,0.042448,-0.171086,0.000316,0.002101
0,0.10835,0.08343,0.109191,0.229972,0.10303,0.278954,0.001891,0.001456
0,-0.123826,0.043924,-0.210559,-0.057001,-0.241865,-0.085306,0.002161,0.000767
0,-0.014918,0.018075,0.109314,-0.043611,0.124167,-0.069419,0.00026,0.000315
0,0.043039,0.001525,0.0843,-0.026766,0.077602,-0.063977,0.000751,2.7e-05
0,-0.065361,0.161306,-0.098121,0.158646,-0.048394,0.183065,0.001141,0.002815
0,-0.091566,0.092603,-0.035948,-0.073568,-0.030863,-0.033955,0.001598,0.001616
0,0.091526,0.068104,0.170978,-0.05223,0.197672,-0.028897,0.001597,0.001189
0,0.002455,0.045403,-0.076059,-0.03195,-0.072437,-0.021168,4.3e-05,0.000792
0,0.03588,-0.021118,0.0124,-0.067609,-0.02523,-0.085602,0.000626,0.000369
0,-0.010455,-0.060365,-0.018267,-0.053345,-0.055515,-0.077373,0.000182,0.001054
0,-0.217278,-0.012563,-0.231908,0.053501,-0.219981,0.052183,0.003792,0.000219
0,-0.052696,-0.088723,0.182955,-0.101032,0.136826,-0.085936,0.00092,0.001549
0,-0.201995,-0.060524,-0.17511,0.007599,-0.212211,-0.036817,0.003525,0.001056
0,-0.202614,-0.054272,-0.023387,0.025194,0.015194,-0.017053,0.003536,0.000947
0,0.019584,-0.078831,0.244013,-0.01627,0.229705,-0.049779,0.000342,0.001376
0,0.032487,0.012458,0.01902,0.077339,0.067815,0.070176,0.000567,0.000217
0,-0.037801,0.139314,-0.083911,0.13453,-0.063835,0.12823,0.00066,0.002431
0,0.051248,0.010243,0.115694,-0.151559,0.079653,-0.192044,0.000894,0.000179
0,-0.137916,0.196257,-0.168129,0.183231,-0.185631,0.171901,0.002407,0.003425
0,-0.025595,-0.049766,0.106546,-0.219536,0.106333,-0.232893,0.000447,0.000869
0,-0.119651,0.033502,-0.115898,0.064259,-0.157761,0.06057,0.002088,0.000585
0,-0.123308,-0.029727,-0.00749,-0.044556,0.03368,-0.037089,0.002152,0.000519
0,-0.218823,0.091559,-0.124136,0.142045,-0.10706,0.136605,0.003819,0.001598
0,0.09049,0.080192,0.285836,0.009023,0.246694,0.046529,0.001579,0.0014
0,-0.152101,0.22677,-0.236018,0.16563,-0.25127,0.126878,0.002655,0.00386
0,-0.117541,-0.016007,0.041615,-0.248602,0.082848,-0.215003,0.002051,0.000279
0,-0.200007,0.171174,-0.073641,0.160769,-0.037978,0.181991,0.003491,0.002988
0,0.066558,0.199608,0.23782,0.042172,0.191167,0.022342,0.001162,0.003484
0,0.023053,0.136556,-0.070062,-0.055173,-0.115622,-0.008089,0.000402,0.002383
0,-0.166177,-0.084953,-0.178883,-0.221485,-0.172222,-0.245696,0.0029,0.001483
0,0.047949,0.029105,0.190826,0.122491,0.227499,0.128988,0.000837,0.000508
0,-0.123458,-0.011159,-0.192554,-0.069378,-0.153499,-0.023367,0.002155,0.000195
0,-0.161425,-0.015476,-0.051553,0.005754,-0.02237,-0.033636,0.002817,0.00027
0,-1.364639,-0.691859,-1.225371,-0.672452,-1.212387,-0.631507,0.000364,0.003561
0,-4.905061,-2.302466,-3.544697,-1.633589,-3.556416,-1.607683,0.000387,0.001096
0,-6.094272,-2.24944,-1.180864,0.056561,-1.161947,0.056998,0.003085,0.000171
0,-4.969612,-2.113882,1.137987,0.141793,1.088468,0.153715,0.000739,0.002195
0,-3.785847,-1.971988,1.198857,0.11376,1.218535,0.078984,0.003532,0.003146
0,-3.121769,-1.977499,0.637019,-0.002319,0.654847,-0.036467,0.00024,0.003242
0,-2.501435,-1.364344,0.649593,0.598543,0.632059,0.551771,0.003249,0.000359
0,-2.025651,-0.922811,0.479445,0.449238,0.502552,0.424738,0.003735,0.00047
0,-1.595213,-0.553539,0.411376,0.393021,0.421106,0.426456,0.00343,0.001843
0,-0.970297,-0.205801,0.599708,0.371232,0.637038,0.403498,0.001299,0.003592
0,-0.990413,-0.324001,-0.024239,-0.134272,-0.063709,-0.115153,0.00165,0.002163
0,-0.956493,-0.301337,0.042855,0.003533,0.009485,0.01233,0.001058,0.002559
0,-0.958737,-0.264612,0.023594,0.016079,-0.004102,0.051011,0.001097,0.0032
0,-0.796027,-0.337831,0.182257,-0.069301,0.174761,-0.097191,0.001742,0.001922
0,-0.400382,-0.308712,0.387361,0.002203,0.34809,-0.014991,0.00083,0.00243
0,-0.089379,-0.164372,0.297338,0.134451,0.278445,0.175796,0.00156,0.002869
0,-0.160506,0.91987,-0.079211,1.061143,-0.083732,1.101349,0.002801,0.000419
0,-0.053187,0.996269,0.13563,0.091754,0.119565,0.107627,0.000928,0.001752
0,-0.03794,1.1258,-0.005813,0.134512,-0.035227,0.127419,0.000662,0.003805
0,0.087059,1.244158,0.124594,0.127937,0.119188,0.156552,0.001519,0.001739
0,-0.030833,0.998036,-0.133898,-0.263106,-0.149859,-0.25452,0.000538,0.001783
0,-0.065302,0.853065,-0.015015,-0.148852,-0.062119,-0.145132,0.00114,0.000747
0,0.146004,0.759674,0.215091,-0.076874,0.181119,-0.028821,0.002548,0.002377
0,0.026199,0.301359,-0.121953,-0.445706,-0.097086,-0.48089,0.000457,0.002558
0,0.024781,0.383853,0.023173,0.089869,-0.011942,0.124871,0.000433,0.001118
0,0.032687,0.081626,-0.017702,-0.307476,0.021032,-0.349571,0.00057,0.001425
0,-0.011248,-0.130747,-0.02114,-0.217464,-0.055128,-0.265047,0.000196,0.002282
0,-0.038261,-0.045434,0.002746,0.066949,0.025195,0.077302,0.000668,0.000793
0,-0.023944,-0.319389,-0.004578,-0.251611,-0.031853,-0.291511,0.000418,0.002243
0,-0.105316,-0.318105,-0.076574,0.002758,-0.108377,0.024011,0.001838,0.002266
0,0.052671,-0.257159,0.152097,0.059311,0.199393,0.099876,0.000919,0.00333
0,0.110347,0.003753,0.045803,0.235025,0.036689,0.240542,0.001926,6.5e-05
0,-0.024552,-0.01943,-0.157068,-0.016363,-0.177607,-0.040816,0.000429,0.000339
0,0.042107,0.047334,0.095101,0.05599,0.099139,0.064376,0.000735,0.000826
0,0.142889,-0.000373,0.127541,-0.031371,0.159406,0.00237,0.002494,7e-06
0,0.082896,0.030067,-0.070841,0.027431,-0.109966,0.05013,0.001447,0.000525
0,0.168679,0.190748,0.092291,0.170325,0.054029,0.121253,0.002944,0.003329
0,-0.00719,0.107712,-0.17126,-0.069759,-0.163332,-0.116895,0.000125,0.00188
0,0.091059,0.17057,0.093353,0.055346,0.108562,0.018873,0.001589,0.002977
0,0.055909,0.118403,-0.010004,-0.054509,-0.002517,-0.058043,0.000976,0.002067
0,-0.102078,0.182927,-0.172943,0.053371,-0.181163,0.012792,0.001782,0.003193
0,0.05589,-0.005574,0.146526,-0.192886,0.155608,-0.151861,0.000975,9.7e-05
0,-0.191612,-0.085649,-0.229163,-0.094199,-0.222579,-0.063001,0.003344,0.001495
0,0.070593,0.023455,0.243531,0.106266,0.226772,0.09857,0.001232,0.000409
0,0.009935,0.028449,-0.047665,-0.018182,-0.075977,0.005634,0.000173,0.000497
0,0.000706,-0.034705,-0.032845,-0.060836,-0.080944,-0.101805,1.2e-05,0.000606
0,0.151948,0.032729,0.123176,0.063378,0.147901,0.038575,0.002652,0.000571
0,0.089333,0.080735,-0.063562,0.062983,-0.021675,0.039417,0.001559,0.001409
0,0.112941,0.081484,0.013812,0.007851,0.008057,-0.000845,0.001971,0.001422
0,-0.102757,0.082343,-0.20718,0.026512,-0.169539,-0.004068,0.001793,0.001437
0,-0.111224,0.052839,-0.015199,-0.021513,-0.036503,-0.000499,0.001941,0.000922
0,-0.089743,-0.057604,0.00342,-0.103751,-0.01727,-0.107423,0.001566,0.001005
0,-0.010357,0.036369,0.075105,0.079577,0.11281,0.079934,0.000181,0.000635
0,0.055214,0.145732,0.083232,0.120224,0.038154,0.075095,0.000964,0.002544
0,0.123114,-0.005806,0.058925,-0.161559,0.076782,-0.122593,0.002149,0.000101
0,0.132668,0.191533,0.033888,0.194407,0.079994,0.226131,0.002315,0.003343
0,-0.1087,0.172977,-0.24948,0.008037,-0.257623,0.042522,0.001897,0.003019
0,0.080237,0.11032,0.206082,-0.040978,0.193544,-0.015033,0.0014,0.001925
0,-0.101694,0.190646,-0.196007,0.078166,-0.200826,0.064575,0.001775,0.003327
0,0.007917,0.046777,0.138682,-0.146496,0.102128,-0.181699,0.000138,0.000816
0,0.200645,0.210602,0.18099,0.177928,0.226186,0.166194,0.003502,0.003676
0,0.067122,0.078425,-0.137759,-0.151283,-0.150278,-0.164752,0.001171,0.001369
0,-0.030006,0.117455,-0.118188,0.057791,-0.149558,0.012787,0.000524,0.00205
0,0.028548,0.040422,0.071952,-0.058373,0.107314,-0.037626,0.000498,0.000705
0,0.161469,-0.053202,0.121319,-0.111076,0.165862,-0.091541,0.002818,0.000929
0,0.239577,0.081913,0.071003,0.128507,0.031162,0.170941,0.003636,0.00143
0,0.093072,-0.016448,-0.1551,-0.105271,-0.13327,-0.05696,0.001624,0.000287
0,0.249157,0.010015,0.161087,0.015557,0.197274,0.037803,0.003469,0.000175
0,0.101987,0.118724,-0.125022,0.095372,-0.149168,0.127484,0.00178,0.002072
0,0.129527,0.085178,0.054339,-0.054719,0.04859,-0.018457,0.002261,0.001487
0,0.07286,-0.088786,-0.085658,-0.153707,-0.044103,-0.145262,0.001272,0.00155
0,0.276305,0.161117,0.18533,0.233112,0.136172,0.265125,0.002995,0.002812
0,0.038065,0.181747,-0.22936,0.04465,-0.274054,0.002156,0.000664,0.003172
0,-0.028817,-0.017642,-0.090672,-0.207331,-0.077903,-0.216974,0.000503,0.000308
0,0.078655,0.170392,0.133626,0.217121,0.083637,0.194639,0.001373,0.002974
0,0.056401,-0.02491,-0.022723,-0.190506,-0.057098,-0.199049,0.000984,0.000435
0,0.140313,0.212888,0.066623,0.242369,0.039897,0.220315,0.002449,0.003716
0,0.11138,0.112869,-0.042658,-0.108087,-0.009135,-0.123676,0.001944,0.00197
0,0.060832,0.116598,-0.077131,-0.01854,-0.093099,-0.023326,0.001062,0.002035
0,0.154593,0.053914,0.108042,-0.066314,0.148465,-0.065727,0.002698,0.000941
0,-0.159594,0.088511,-0.333784,0.004782,-0.358912,0.013622,0.002785,0.001545
0,0.100433,0.006542,0.267826,-0.093029,0.289334,-0.095516,0.001753,0.000114
0,-0.066546,0.064133,-0.15933,0.032922,-0.159729,0.022584,0.001161,0.001119
0,-0.062709,0.162049,-0.020616,0.106046,-0.051825,0.129178,0.001094,0.002828
0,-0.077005,0.073024,-0.028107,-0.112913,-0.064016,-0.120604,0.001344,0.001275
0,1.256327,-1.78212,1.340507,-1.862196,1.350479,-1.865531,0.001527,0.000168
0,2.763194,-1.668901,1.528281,0.114357,1.526534,0.133898,0.00132,0.002144
0,3.387551,-2.005197,0.621966,-0.30983,0.608609,-0.313579,0.003419,0.003726
0,3.697922,-2.077788,0.329,-0.072115,0.281795,-0.057111,0.001998,0.002825
0,2.944752,-1.366518,-0.753068,0.735459,-0.76766,0.746741,0.00333,0.000397
0,2.927665,-0.948748,-0.004384,0.435552,-0.02362,0.396345,0.003628,0.000923
0,2.640794,-0.602748,-0.295107,0.343691,-0.300091,0.343067,0.000817,0.002702
0,1.905228,-0.297172,-0.716722,0.332705,-0.763458,0.36139,0.001981,0.002631
0,1.489664,-0.111393,-0.391628,0.18777,-0.342918,0.181392,0.002546,0.001944
0,1.026043,-0.084739,-0.457977,0.024806,-0.482865,0.005601,0.002272,0.001479
0,0.523347,-0.037576,-0.531109,0.055758,-0.498923,0.095478,0.001316,0.000656
0,0.266908,0.076664,-0.272918,0.107462,-0.28399,0.127671,0.003159,0.001338
0,0.099158,0.029218,-0.150096,-0.054981,-0.165826,-0.066546,0.001731,0.00051
0,-0.35642,-0.069727,-0.438892,-0.084338,-0.422067,-0.077416,0.001597,0.001217
0,-0.320365,0.046279,0.016777,0.120478,-0.028875,0.105428,0.002226,0.000808
0,-0.243945,0.0328,0.093303,-0.041217,0.08386,-0.075274,0.00356,0.000572
0,-0.338192,0.046334,-0.099139,0.039607,-0.12816,0.022812,0.001915,0.000809
0,-0.124907,-0.072271,0.211755,-0.125996,0.224816,-0.088577,0.00218,0.001261
0,-0.328614,-0.069426,-0.220912,0.022295,-0.178103,0.046891,0.002082,0.001212
0,-0.095808,0.114121,0.219167,0.200067,0.2313,0.171898,0.001672,0.001992
0,-0.243778,-0.120456,-0.166759,-0.259978,-0.132003,-0.304295,0.003563,0.002102
0,-0.098452,0.052975,0.128824,0.186711,0.128987,0.219847,0.001718,0.000925
0,-0.258303,0.089855,-0.178119,0.030227,-0.132485,0.039245,0.00331,0.001568
0,-0.213791,-0.011304,0.042477,-0.072401,0.002106,-0.109216,0.003731,0.000197
0,-0.207255,0.057924,0.021092,0.097702,0.070948,0.124618,0.003617,0.001011
0,-0.253433,-0.083434,-0.066726,-0.170012,-0.079097,-0.126531,0.003395,0.001456
0,-0.29488,-0.151686,-0.06402,-0.096441,-0.087299,-0.111607,0.002671,0.002647
0,-0.304254,0.054945,-0.00893,0.214445,0.02216,0.164525,0.002508,0.000959
0,-0.129623,0.003717,0.182411,-0.056584,0.172438,-0.069711,0.002262,6.5e-05
0,-0.332825,0.029553,-0.187948,0.002808,-0.173178,-0.008844,0.002009,0.000516
0,-0.120297,0.162904,0.218913,0.103978,0.266235,0.108631,0.0021,0.002843
0,-0.290137,0.022679,-0.162006,-0.153927,-0.151379,-0.124091,0.002754,0.000396
0,-0.312831,-0.059098,-0.000131,-0.057066,0.000488,-0.050615,0.002358,0.001031
0,-0.308268,-0.136101,0.005242,-0.07672,0.046199,-0.0458,0.002438,0.002375
0,-0.193162,0.088653,0.139421,0.20297,0.10583,0.238034,0.003371,0.001547
0,-0.300927,-0.06421,-0.084015,-0.179967,-0.05714,-0.190911,0.002566,0.001121
0,-0.246174,-0.02458,0.078459,0.05138,0.053985,0.056491,0.003521,0.000429
0,-0.210111,-0.070536,0.018914,-0.069589,0.036459,-0.056542,0.003667,0.001231
0,-0.038724,-0.090198,0.157714,-0.025988,0.125178,-0.053483,0.000676,0.001574
0,0.081559,-0.034132,0.094733,0.083895,0.089943,0.10509,0.001423,0.000596
0,0.035504,-0.114303,-0.023844,-0.052412,-0.069274,-0.053851,0.00062,0.001995
0,-0.115355,-0.032968,-0.178294,0.098375,-0.171109,0.080923,0.002013,0.000575
0,-0.128571,0.088445,-0.025974,0.13223,-0.031511,0.105154,0.002244,0.001544
0,-0.126174,-0.088562,-0.007702,-0.156822,-0.008657,-0.176481,0.002202,0.001546
0,-0.112881,-0.011334,0.004192,0.066814,0.010095,0.046649,0.00197,0.000198
0,0.088607,-0.126874,0.231094,-0.125458,0.192376,-0.096968,0.001546,0.002214
0,-0.038578,-0.010275,-0.125644,0.10214,-0.135903,0.087692,0.000673,0.000179
0,0.099686,0.119629,0.135377,0.152468,0.165667,0.202331,0.00174,0.002088
0,-0.046501,-0.089009,-0.157682,-0.202107,-0.137443,-0.193675,0.000812,0.001553
0,-0.112546,0.13986,-0.070189,0.218293,-0.100174,0.24632,0.001964,0.002441
0,0.00351,-0.092603,0.123796,-0.212701,0.127071,-0.191233,6.1e-05,0.001616
0,-0.007787,0.01386,0.00667,0.130591,-0.036789,0.170386,0.000136,0.000242
0,-0.025814,0.097407,0.006894,0.059373,-0.034758,0.069604,0.000451,0.0017
0,0.119572,0.184098,0.175114,0.099224,0.126431,0.066369,0.002087,0.003213
0,0.052674,-0.002724,-0.045403,-0.205733,-0.075344,-0.177938,0.000919,4.8e-05
0,-0.00267,-0.073171,-0.048309,-0.06599,-0.054586,-0.09132,4.7e-05,0.001277
0,0.019758,0.163368,0.036566,0.242448,0.026179,0.22652,0.000345,0.002851
0,-0.04071,-0.046452,-0.06101,-0.230791,-0.011904,-0.228131,0.000711,0.000811
0,0.009996,0.007318,0.031977,0.05743,0.062239,0.098103,0.000174,0.000128
0,0.034557,-0.081893,0.042474,-0.101309,0.061009,-0.113292,0.000603,0.001429
0,0.150833,-0.052497,0.131036,0.049621,0.167917,0.007441,0.002633,0.000916
0,-0.026918,0.001506,-0.17062,0.027194,-0.1344,0.018282,0.00047,2.6e-05
0,0.039745,0.032841,0.04176,0.015476,0.029384,-0.025489,0.000694,0.000573
0,0.001236,0.044644,-0.054133,0.015958,-0.071207,-0.033794,2.2e-05,0.000779
0,-0.039199,-0.058048,-0.039332,-0.129211,-0.071991,-0.142663,0.000684,0.001013
0,0.055821,0.058009,0.073507,0.127673,0.08546,0.111632,0.000974,0.001012
0,0.181253,-0.074448,0.112438,-0.147527,0.143875,-0.154907,0.003163,0.001299
0,0.111108,-0.002466,-0.063299,0.091594,-0.039268,0.047922,0.001939,4.3e-05
0,-0.03795,-0.055431,-0.136894,-0.077634,-0.099528,-0.07707,0.000662,0.000967
0,0.016607,-0.083772,0.032992,-0.049007,0.034028,-0.016719,0.00029,0.001462
0,0.012676,0.205038,0.012171,0.260766,0.031528,0.236452,0.000221,0.003579
0,-0.03148,-0.015475,-0.022904,-0.196931,0.011801,-0.153191,0.000549,0.00027
0,0.151732,-0.047329,0.201331,-0.060348,0.242271,-0.052036,0.002648,0.000826
0,0.010201,-0.058654,-0.134972,-0.015754,-0.110794,-0.036997,0.000178,0.001024
0,0.208792,0.072103,0.228297,0.109127,0.23718,0.108483,0.003644,0.001258
0,-0.017189,-0.009846,-0.200502,-0.081637,-0.155709,-0.053238,0.0003,0.000172
0,0.114035,0.057864,0.147788,0.056557,0.130979,0.027188,0.00199,0.00101
0,0.001171,-0.114479,-0.131022,-0.161641,-0.109781,-0.155735,2e-05,0.001998
0,0.126385,0.139819,0.101511,0.270899,0.143473,0.225631,0.002206,0.00244
0,0.194237,0.136145,0.05485,-0.007016,0.050024,-0.022701,0.00339,0.002376
0,0.012559,-0.003363,-0.186104,-0.138027,-0.173779,-0.11165,0.000219,5.9e-05
0,0.130422,0.056055,0.141327,0.085236,0.169694,0.133009,0.002276,0.000978
0,0.054067,0.069176,-0.104103,-0.003263,-0.071019,-0.038037,0.000944,0.001207
0,0.212641,0.076693,0.174095,0.014617,0.136802,0.052051,0.003711,0.001339
0,0.107675,-0.133608,-0.078309,-0.222246,-0.0343,-0.185755,0.001879,0.002332
0,0.160054,0.066326,0.045129,0.184406,0.021892,0.136643,0.002793,0.001158
0,0.191007,0.039192,0.03741,-0.038431,0.02145,-0.072996,0.003334,0.000684
0,0.198414,0.065841,0.001562,0.052788,-0.009063,0.07729,0.003463,0.001149
0,0.239279,0.098503,0.02777,0.039181,0.024057,0.065418,0.003642,0.001719
0,0.10898,-0.114738,-0.102661,-0.220416,-0.111513,-0.174514,0.001902,0.002003
0,0.181211,0.010963,0.095554,0.12835,0.045888,0.081601,0.003163,0.000191
0,0.147471,-0.020282,-0.049762,-0.003609,-0.05694,0.011107,0.002574,0.000354
0,0.254847,-0.069612,0.124587,-0.078654,0.119288,-0.085754,0.00337,0.001215
0,0.221904,0.150826,-0.027247,0.225233,-0.038411,0.209231,0.003873,0.002632
0,0.11931,-0.000279,-0.12259,-0.121389,-0.133129,-0.10055,0.002082,5e-06
0,0.010769,-0.068528,-0.120008,-0.085564,-0.121301,-0.101297,0.000188,0.001196
0,-0.013455,0.090277,0.003936,0.159093,-0.006615,0.174521,0.000235,0.001576
0,0.149265,-0.181052,0.165112,-0.279673,0.134679,-0.264714,0.002605,0.00316
0,0.21976,-0.07327,0.089029,0.087773,0.132852,0.113408,0.003836,0.001279
0,-0.003494,0.125031,-0.24771,0.168391,-0.238956,0.212369,6.1e-05,0.002182
0,0.195982,-0.078475,0.212801,-0.191614,0.165324,-0.143547,0.003421,0.00137
0,0.020808,-0.019486,-0.171611,0.047123,-0.213881,0.042512,0.000363,0.00034
0,0.147363,0.02607,0.156405,0.053158,0.192277,0.00728,0.002572,0.000455
0,0.213056,-0.078185,0.082346,-0.128955,0.079284,-0.168844,0.003719,0.001365
0,0.148649,0.064707,-0.056631,0.155381,-0.080436,0.112916,0.002594,0.001129
0,0.154515,0.024829,0.012084,-0.057947,0.041363,-0.017795,0.002697,0.000433
0,0.170476,-0.05802,0.005387,-0.054823,-0.007921,-0.01272,0.002975,0.001013
0,0.016443,0.117033,-0.146832,0.165363,-0.118935,0.211798,0.000287,0.002043
0,0.22353,-0.082135,0.195054,-0.209414,0.157609,-0.223048,0.003901,0.001434
0,0.177062,-0.070439,-0.047893,0.008807,-0.054154,0.01853,0.00309,0.001229
0,0.297907,0.142895,0.100983,0.215295,0.062927,0.227064,0.002618,0.002494
0,0.199452,0.098357,-0.076164,-0.06112,-0.119512,-0.039991,0.003481,0.001717
0,0.109949,-0.122008,-0.108322,-0.192358,-0.088429,-0.188128,0.001919,0.002129
0,0.246506,-0.059831,0.148127,0.034661,0.098677,0.055389,0.003516,0.001044
0,-0.052766,0.001158,-0.310983,0.038588,-0.337008,0.081268,0.000921,2e-05
0,0.010636,0.105929,0.075167,0.107887,0.06604,0.140079,0.000186,0.001849
0,0.093961,-0.037661,0.061544,-0.159868,0.103362,-0.142475,0.00164,0.000657
0,0.093675,-0.008856,-0.029638,0.002834,-0.01891,0.020308,0.001635,0.000155
0,0.183687,0.039534,0.077855,0.054046,0.028265,0.053852,0.003206,0.00069
0,0.131881,0.120619,-0.036907,0.059914,-0.033181,0.074465,0.002302,0.002105
0,-0.01975,0.106859,-0.122223,-0.03848,-0.167383,-0.035126,0.000345,0.001865
0,0.094713,0.087358,0.088288,-0.002898,0.117216,0.017841,0.001653,0.001525
0,-0.078176,-0.156889,-0.185489,-0.2485,-0.141436,-0.20522,0.001364,0.002738
0,-0.071508,-0.151078,0.006979,0.002075,0.03706,-0.040621,0.001248,0.002637
0,-0.118831,-0.036821,-0.065967,0.109895,-0.065919,0.131765,0.002074,0.000643
0,0.071647,-0.175726,0.164974,-0.119435,0.162346,-0.145812,0.00125,0.003067
0,0.134763,-0.065577,0.041086,0.102238,0.070588,0.101236,0.002352,0.001145
0,0.08882,0.030312,-0.018677,0.086434,-0.006292,0.041907,0.00155,0.000529
0,0.056502,-0.049327,-0.026078,-0.073559,0.015737,-0.110076,0.000986,0.000861
0,0.237699,-0.047557,0.170433,-0.022395,0.180966,-0.034412,0.003669,0.00083
0,-0.033505,0.102171,-0.260013,0.17883,-0.228387,0.187202,0.000585,0.001783
0,-1.755611,-0.11829,-1.738017,-0.221555,-1.771751,-0.212339,0.00063,0.002065
0,-1.951328,0.121865,-0.202176,0.214901,-0.215429,0.225363,0.002786,0.002127
0,-2.120803,0.053766,-0.139908,-0.051586,-0.151552,-0.042844,0.002074,0.000938
0,-2.367786,-0.060755,-0.256024,-0.101922,-0.260894,-0.10939,0.002236,0.00106
0,-2.390709,0.146886,-0.030612,0.185558,0.007106,0.171448,0.002636,0.002564
0,-2.053833,0.074015,0.322555,-0.074005,0.3023,-0.097464,0.003243,0.001292
0,-1.762446,0.07669,0.287301,0.001395,0.273653,0.032654,0.000511,0.001338
0,-1.218019,0.042872,0.573092,-0.017011,0.561267,0.019652,0.002195,0.000748
0,-0.987622,0.228569,0.235986,0.160295,0.244758,0.160511,0.001602,0.003829
0,-0.729993,-0.071801,0.265911,-0.306539,0.260374,-0.30114,0.002895,0.001253
0,-0.049151,0.095399,0.656161,0.149309,0.702042,0.119118,0.000858,0.001665
0,0.085755,0.100885,0.106405,-0.003612,0.108969,-0.01055,0.001497,0.001761
0,0.17162,-0.076809,0.06616,-0.184923,0.092279,-0.178257,0.002995,0.001341
0,0.341772,-0.000452,0.15995,0.069938,0.185371,0.039571,0.001853,8e-06
0,0.129303,-0.062305,-0.186244,-0.04534,-0.220844,-0.042917,0.002257,0.001087
0,0.108177,0.035445,-0.044412,0.087822,-0.014272,0.094153,0.001888,0.000619
0,0.05601,-0.069145,-0.041205,-0.107598,-0.04173,-0.119563,0.000978,0.001207
0,0.28733,-0.184983,0.220888,-0.116743,0.217705,-0.110616,0.002803,0.003229
0,0.092934,-0.147545,-0.20915,0.052064,-0.225943,0.014937,0.001622,0.002575
0,0.227065,-0.167794,0.117177,-0.027354,0.108207,-0.034739,0.003855,0.002929
0,0.180826,-0.035597,-0.025329,0.135629,-0.073358,0.098469,0.003156,0.000621
0,0.07622,0.017405,-0.090589,0.047945,-0.073783,0.064967,0.00133,0.000304
0,0.154119,-0.18053,0.082124,-0.226619,0.036641,-0.211313,0.00269,0.003151
0,0.252202,-0.17109,0.111294,-0.003951,0.067598,0.006152,0.003416,0.002986
0,0.268026,-0.016951,0.037478,0.145421,0.002024,0.174138,0.00314,0.000296
0,0.25352,0.016706,-0.035454,0.036828,-0.059798,0.083924,0.003393,0.000292
0,0.106223,0.104551,-0.168051,0.0783,-0.140001,0.036716,0.001854,0.001825
0,0.203232,-0.169336,0.069362,-0.258985,0.059876,-0.304694,0.003547,0.002955
0,0.178469,-0.056964,-0.045606,0.131444,-0.094858,0.108659,0.003115,0.000994
0,0.116029,0.017917,-0.042766,0.10105,-0.003279,0.103124,0.002025,0.000313
0,-0.054766,0.0048,-0.166782,-0.014763,-0.209936,0.025522,0.000956,8.4e-05
0,0.159051,-0.02376,0.184295,-0.047782,0.216251,-0.072268,0.002776,0.000415
0,-0.059622,-0.017776,-0.203214,-0.019609,-0.179466,-0.021329,0.001041,0.00031
0,0.011741,0.004817,0.075873,0.021578,0.077611,-0.016122,0.000205,8.4e-05
0,0.079388,0.012725,0.038241,-0.020096,0.087096,-0.01621,0.001386,0.000222
0,-0.06913,0.022618,-0.127179,-0.012334,-0.093109,0.036661,0.001207,0.000395
0,-0.067214,0.033472,0.000399,0.022358,-0.002597,-0.004626,0.001173,0.000584
0,-0.120102,-0.167289,-0.068888,-0.18637,-0.05448,-0.161244,0.002096,0.00292
0,-0.041489,-0.155923,0.049326,0.029838,0.027178,0.043051,0.000724,0.002721
0,0.017603,-0.002346,0.081276,0.151285,0.076666,0.121768,0.000307,4.1e-05
0,0.052389,0.08982,0.031033,0.075988,-0.010739,0.048695,0.000914,0.001568
0,0.012661,0.093609,-0.027533,-0.004047,0.008677,-0.041324,0.000221,0.001634
0,-0.00393,0.10162,0.009811,0.018683,-0.009769,-0.026488,6.9e-05,0.001774
0,-0.147865,0.143299,-0.131328,0.020747,-0.1095,0.042011,0.002581,0.002501
0,-0.154531,0.010389,-0.013699,-0.132126,-0.034201,-0.148953,0.002697,0.000181
0,-0.235874,-0.079052,-0.092117,-0.107306,-0.075059,-0.111173,0.003701,0.00138
0,-0.266878,0.057371,-0.054602,0.126372,-0.018087,0.086902,0.00316,0.001001
0,-0.167925,-0.033505,0.104503,-0.085149,0.109069,-0.054559,0.002931,0.000585
0,-0.194653,0.153468,-0.052161,0.204993,-0.033584,0.160676,0.003397,0.002679
0,-0.042103,0.070696,0.161177,-0.055241,0.206469,-0.062563,0.000735,0.001234
0,0.078324,0.012632,0.134196,-0.084545,0.124778,-0.082507,0.001367,0.00022
0,-0.133916,-0.036736,-0.22822,-0.055419,-0.189264,-0.066505,0.002337,0.000641
0,0.157238,-0.087795,0.265779,-0.058073,0.229019,-0.076171,0.002744,0.001532
0,-0.039635,0.111981,-0.193486,0.195427,-0.206643,0.195371,0.000692,0.001954
0,0.113978,-0.129122,0.134154,-0.265615,0.174353,-0.25677,0.001989,0.002254
0,0.043375,0.026989,-0.061013,0.127131,-0.02556,0.152652,0.000757,0.000471
0,-0.13587,0.017088,-0.166963,-0.03979,-0.201896,-0.010787,0.002371,0.000298
0,0.003158,0.064073,0.1504,0.025145,0.175989,0.012192,5.5e-05,0.001118
0,-0.084103,0.099892,-0.065974,0.043221,-0.029625,0.025361,0.001468,0.001743
0,-0.007259,-0.084842,0.088261,-0.15655,0.090126,-0.187112,0.000127,0.001481
0,0.094484,-0.12234,0.08041,-0.009215,0.063535,-0.050758,0.001649,0.002135
0,0.016871,0.082082,-0.048081,0.200984,-0.045014,0.176474,0.000294,0.001433
0,0.105493,-0.097843,0.081329,-0.2077,0.087951,-0.238107,0.001841,0.001708
0,0.034481,0.141065,-0.049762,0.230751,-0.016074,0.205771,0.000602,0.002462
0,0.001588,0.043139,-0.050429,-0.104183,-0.06164,-0.108368,2.8e-05,0.000753
0,-0.095784,-0.112461,-0.120151,-0.130959,-0.145096,-0.138113,0.001672,0.001963
0,-0.198335,0.118697,-0.082987,0.257814,-0.050186,0.307207,0.003462,0.002072
0,-0.13635,0.123595,0.057048,0.018799,0.102186,0.060512,0.00238,0.002157
0,-0.075955,0.056462,0.085132,-0.09683,0.045877,-0.063442,0.001326,0.000985
0,0.040504,-0.010937,0.139073,-0.084216,0.173438,-0.103812,0.000707,0.000191
0,0.086254,-0.006589,0.060748,0.000722,0.028481,0.04976,0.001505,0.000115
0,-0.066812,0.111935,-0.124537,0.089321,-0.092797,0.136125,0.001166,0.001954
0,0.073435,-0.126734,0.141178,-0.23149,0.148688,-0.253712,0.001282,0.002212
0,-0.015898,0.12821,-0.062046,0.264603,-0.095991,0.235736,0.000277,0.002238
0,-0.042106,0.029111,-0.041211,-0.085578,-0.059463,-0.081701,0.000735,0.000508
0,-0.082225,0.162874,-0.059662,0.109062,-0.104366,0.113527,0.001435,0.002843
0,-0.185732,-0.069881,-0.089212,-0.240461,-0.087979,-0.230394,0.003242,0.00122
0,-0.087902,0.01904,0.120202,0.101894,0.076525,0.095505,0.001534,0.000332
0,-0.054979,-0.119121,0.040016,-0.162507,0.073345,-0.204959,0.00096,0.002079
0,-0.061002,-0.136827,-0.019641,-0.00632,-0.038303,-0.020057,0.001065,0.002388
0,-0.146942,0.036915,-0.087798,0.203513,-0.112266,0.222541,0.002565,0.000644
0,-0.042273,-0.148633,0.076593,-0.178758,0.118449,-0.161191,0.000738,0.002594
0,0.053829,0.03879,0.067115,0.198607,0.109693,0.154189,0.00094,0.000677
0,-0.182136,0.091649,-0.250354,0.074098,-0.230085,0.123039,0.003179,0.0016
0,-0.121734,0.112622,0.07414,0.001539,0.066884,-0.043896,0.002125,0.001966
0,0.019346,0.086277,0.159336,-0.011864,0.16962,-0.047967,0.000338,0.001506
0,-0.070623,-0.012085,-0.09043,-0.07452,-0.112714,-0.036722,0.001233,0.000211
0,-0.137202,-0.0489,-0.066826,-0.033027,-0.067533,-0.079808,0.002395,0.000853
0,-0.121411,0.145287,0.021879,0.173871,0.017943,0.184146,0.002119,0.002536
0,-0.056049,0.012205,0.078207,-0.10881,0.104391,-0.070095,0.000978,0.000213
0,-0.104587,-0.125291,-0.029113,-0.124606,-0.03906,-0.097782,0.001825,0.002187
0,-0.020066,-0.108832,0.081654,0.010799,0.114372,0.056119,0.00035,0.001899
0,0.111257,-0.063131,0.145348,0.075606,0.137208,0.065252,0.001942,0.001102
0,-0.058868,-0.08876,-0.194122,-0.030536,-0.156694,-0.041474,0.001027,0.001549
0,0.107165,-0.00087,0.190683,0.07311,0.145591,0.042907,0.00187,1.5e-05
0,0.194408,-0.028161,0.076305,-0.035931,0.059914,-0.028735,0.003393,0.000491
0,0.147273,-0.106413,-0.027637,-0.068144,-0.077452,-0.059206,0.00257,0.001857
0,0.018715,-0.087599,-0.101371,0.000375,-0.076524,0.025193,0.000327,0.001529
0,0.056588,-0.168634,0.01255,-0.102782,-0.024571,-0.110315,0.000988,0.002943
0,0.193104,0.023718,0.106953,0.19064,0.063402,0.224837,0.00337,0.000414
0,0.147061,0.007521,-0.04622,-0.009417,-0.011356,-0.022213,0.002567,0.000131
0,-0.080689,-0.168425,-0.235125,-0.177874,-0.271414,-0.156995,0.001408,0.00294
0,0.119259,-0.0691,0.184473,0.098219,0.1745,0.104632,0.002081,0.001206
0,-0.07085,-0.085334,-0.211996,0.009229,-0.190763,0.020995,0.001237,0.001489
0,0.052089,-0.068512,0.124871,0.008353,0.088197,0.036122,0.000909,0.001196
0,0.086997,-0.1325,0.011734,-0.059048,-0.011427,-0.02777,0.001518,0.002313
0,0.026046,0.019412,-0.079097,0.140063,-0.074612,0.157582,0.000455,0.000339
0,0.14355,0.122138,0.094508,0.124663,0.116571,0.163509,0.002505,0.002132
0,0.134348,0.019834,0.009215,-0.108713,0.05555,-0.070839,0.002345,0.000346
0,0.087441,0.006202,-0.046259,0.004014,-0.050917,0.014932,0.001526,0.000108
0,-0.041217,0.072021,-0.155685,0.086257,-0.108652,0.075873,0.000719,0.001257
0,-0.003661,0.10243,0.042203,0.003627,0.015918,-0.035553,6.4e-05,0.001788
0,0.197845,-0.052946,0.197212,-0.144709,0.172966,-0.155787,0.003453,0.000924
0,0.206523,-0.045738,0.031503,-0.00721,0.04811,-0.011329,0.003605,0.000798
0,0.187398,0.030818,-0.002338,0.066871,-0.048344,0.075815,0.003271,0.000538
0,0.132591,0.159026,-0.077228,0.114188,-0.055655,0.114253,0.002314,0.002776
0,0.258786,-0.00248,0.141699,-0.143952,0.115275,-0.153073,0.003301,4.3e-05
0,0.060534,0.023689,-0.17189,0.00227,-0.133768,-0.027997,0.001057,0.000413
0,0.249952,0.186533,0.165551,0.166018,0.189683,0.125455,0.003455,0.003256
0,-0.00953,0.189102,-0.266975,-0.018529,-0.277353,-0.053892,0.000166,0.0033
0,0.024585,0.075643,0.030218,-0.117104,0.028437,-0.126364,0.000429,0.00132
0,-0.06174,-0.064038,-0.060616,-0.118643,-0.098125,-0.081389,0.001078,0.001118
0,0.109483,-0.007786,0.145399,0.030366,0.160942,0.047767,0.001911,0.000136
0,0.111458,0.123034,0.005342,0.12355,0.033454,0.140374,0.001945,0.002147
0,0.037132,-0.088306,-0.092399,-0.239063,-0.10347,-0.232525,0.000648,0.001541
0,-0.044168,-0.03987,-0.086271,0.041671,-0.078358,0.07228,0.000771,0.000696
0,0.035228,-0.118777,0.054319,-0.066372,0.005305,-0.105382,0.000615,0.002073
0,-0.04355,-0.159274,-0.050122,-0.063547,-0.060037,-0.108205,0.00076,0.00278
0,-0.067672,0.072103,-0.0019,0.261244,-0.004185,0.261872,0.001181,0.001258
0,0.002327,-0.127331,0.069394,-0.216992,0.115127,-0.172202,4.1e-05,0.002222
0,-0.000865,0.157239,-0.00439,0.278155,0.009158,0.314601,1.5e-05,0.002744
0,0.997633,-0.796948,0.970762,-0.937994,0.958269,-0.975688,0.001776,0.001726
0,1.709195,-0.860213,0.719635,-0.058958,0.767785,-0.03202,0.00144,0.000622
0,1.845785,-0.908885,0.110807,-0.042895,0.138703,-0.066554,0.000944,0.000227
0,1.881988,-0.766197,0.046575,0.138329,0.02911,0.145819,0.001575,0.002263
0,1.323203,-0.699648,-0.54491,0.045938,-0.513477,0.007983,0.000359,0.003425
0,1.177064,-0.548542,-0.133299,0.141285,-0.12256,0.154172,0.00291,0.001756
0,2.380785,-1.113457,1.229717,-0.582761,1.259005,-0.630759,0.002463,0.003798
0,2.609797,-1.28376,0.215831,-0.169202,0.264897,-0.120781,0.001358,0.001048
0,2.710543,-1.090216,0.125291,0.183445,0.0763,0.22269,0.000401,0.003392
0,3.928356,-0.766446,1.23866,0.303759,1.207428,0.282438,0.001798,0.002259
0,3.159479,-0.71335,-0.761633,0.034241,-0.787026,0.069002,0.000418,0.003185
0,2.914971,-0.626758,-0.229155,0.115936,-0.260776,0.144581,0.003849,0.003121
0,2.369674,-0.338548,-0.56895,0.311382,-0.535037,0.29443,0.002269,0.001909
0,1.157043,-0.244824,-1.219493,0.072973,-1.23571,0.03639,0.003259,0.003545
0,0.867271,0.045928,-0.298308,0.308171,-0.316453,0.353816,0.000499,0.000802
0,0.407938,0.012416,-0.476357,-0.004419,-0.483696,0.010314,0.000698,0.000217
0,0.238356,-0.005474,-0.150008,-0.028514,-0.180605,-0.031406,0.003658,9.6e-05
0,0.029018,0.085912,-0.213176,0.103197,-0.252795,0.132025,0.000506,0.001499
0,-0.188313,-0.007179,-0.20837,-0.084693,-0.219511,-0.084507,0.003287,0.000125
0,-0.235984,0.090192,-0.028523,0.122952,-0.036766,0.120806,0.003699,0.001574
0,-0.230144,0.013838,-0.009016,-0.050966,-0.028968,-0.020025,0.003801,0.000242
0,-0.402795,0.136379,-0.177551,0.152106,-0.139979,0.177633,0.000788,0.00238
0,-0.334814,0.058838,0.043911,-0.101121,0.081243,-0.085586,0.001974,0.001027
0,-0.302381,0.197292,0.042694,0.112513,0.030819,0.070665,0.00254,0.003443
0,-0.18234,0.271304,0.132873,0.054746,0.134359,0.081477,0.003182,0.003083
0,-0.142766,0.140769,0.023624,-0.111737,0.060897,-0.148887,0.002492,0.002457
0,-0.077267,0.074007,0.046492,-0.040695,0.059638,-0.079737,0.001349,0.001292
0,0.049993,0.217194,0.104536,0.137793,0.075976,0.178855,0.000873,0.003791
0,0.11951,0.220193,0.092095,0.017976,0.10387,0.026419,0.002086,0.003843
0,0.092065,-0.023202,-0.026341,-0.264348,-0.062369,-0.295528,0.001607,0.000405
0,0.058245,0.221168,-0.021555,0.267836,-0.018559,0.300048,0.001017,0.00386
0,-0.032637,-0.059293,-0.093879,-0.279712,-0.128079,-0.305707,0.00057,0.001035
0,-0.04328,0.16809,0.016076,0.223824,0.062682,0.205187,0.000755,0.002934
0,0.13323,-0.025649,0.174296,-0.222578,0.221334,-0.222661,0.002325,0.000448
0,0.111175,0.183605,0.004579,0.233127,-0.01172,0.190411,0.00194,0.003205
0,0.054897,-0.000227,-0.075675,-0.210811,-0.06935,-0.244367,0.000958,4e-06
0,-0.110772,0.062887,-0.182676,0.083306,-0.136252,0.120978,0.001933,0.001098
0,-0.056585,0.005764,0.056783,-0.084942,0.071949,-0.120453,0.000988,0.000101
0,-0.034816,-0.035659,0.027412,-0.026477,0.037285,-0.057479,0.000608,0.000622
0,0.063292,0.105949,0.123781,0.137661,0.162974,0.175747,0.001105,0.001849
0,-0.084435,-0.049305,-0.117829,-0.180476,-0.135994,-0.181683,0.001474,0.000861
0,0.107841,-0.004796,0.220617,0.055668,0.207087,0.048236,0.001882,8.4e-05
0,-0.013043,0.11679,-0.117785,0.098021,-0.097534,0.14547,0.000228,0.002038
0,0.108441,-0.057065,0.120027,-0.197671,0.147763,-0.159085,0.001893,0.000996
0,-0.048913,0.062322,-0.182801,0.102436,-0.175659,0.075827,0.000854,0.001088
0,0.152282,0.030957,0.192363,-0.015947,0.178707,-0.00825,0.002658,0.00054
0,0.020992,-0.06554,-0.111216,-0.125506,-0.089726,-0.123459,0.000366,0.001144
0,-0.076675,-0.068153,-0.121475,0.010257,-0.099627,0.024087,0.001338,0.00119
0,0.04951,0.032432,0.13887,0.082291,0.097357,0.104666,0.000864,0.000566
0,0.008416,0.054933,-0.038122,0.021194,-0.001614,0.009702,0.000147,0.000959
0,0.026099,-0.118203,0.015708,-0.174266,0.059566,-0.192765,0.000456,0.002063
0,0.08084,0.129302,0.034656,0.260973,0.024553,0.28521,0.001411,0.002257
0,-0.075632,0.079378,-0.16193,-0.026459,-0.130383,0.002712,0.00132,0.001385
0,0.157801,-0.051921,0.230643,-0.129476,0.217619,-0.114156,0.002754,0.000906
0,-0.125171,-0.130113,-0.271027,-0.094201,-0.259244,-0.136681,0.002185,0.002271
0,-0.03236,-0.069586,0.066183,0.070456,0.094466,0.057225,0.000565,0.001215
0,-0.087071,0.098237,-0.045021,0.142732,-0.042885,0.191353,0.00152,0.001715
0,0.069814,0.097352,0.159392,0.004983,0.124126,0.035164,0.001218,0.001699
0,-0.088973,-0.15399,-0.169697,-0.267533,-0.15001,-0.274889,0.001553,0.002688
0,-0.078429,-0.089609,-0.01704,0.047549,0.02188,0.015028,0.001369,0.001564
0,0.168313,-0.076778,0.236494,0.021292,0.282783,-0.01257,0.002938,0.00134
0,-0.125525,0.002022,-0.270653,0.091087,-0.261807,0.111377,0.002191,3.5e-05
0,0.059509,-0.097567,0.179222,-0.103204,0.1827,-0.055849,0.001039,0.001703
0,0.046936,-0.139471,0.000738,-0.034804,0.030898,0.008227,0.000819,0.002434
0,0.09333,-0.024971,0.075483,0.130987,0.081134,0.132578,0.001629,0.000436
0,0.126633,-0.179057,0.045071,-0.13052,-0.001766,-0.161805,0.00221,0.003125
0,0.030584,-0.145276,-0.067988,0.032112,-0.023941,0.011292,0.000534,0.002536
0,0.064071,-0.028926,0.040822,0.134962,-0.007931,0.12019,0.001118,0.000505
0,0.179003,-0.112792,0.127977,-0.083841,0.111579,-0.037724,0.003124,0.001969
0,0.10855,0.102638,-0.083124,0.235133,-0.040552,0.26453,0.001895,0.001791
0,-0.051319,0.117701,-0.162838,-0.000535,-0.135373,0.028116,0.000896,0.002054
0,-0.044592,-0.090812,-0.002135,-0.227542,0.025674,-0.200852,0.000778,0.001585
0,0.139422,-0.171458,0.20077,-0.082549,0.220058,-0.050795,0.002433,0.002993
0,0.171524,-0.12837,0.053003,0.062962,0.064269,0.058593,0.002994,0.00224
0,0.004767,0.03117,-0.168145,0.137341,-0.132744,0.095717,8.3e-05,0.000544
0,-0.056772,-0.0524,-0.089947,-0.073784,-0.105545,-0.081217,0.000991,0.000915
0,0.038057,-0.143656,0.069057,-0.118279,0.028576,-0.161696,0.000664,0.002507
0,0.150777,-0.027054,0.096981,0.142988,0.072823,0.177917,0.002632,0.000472
0,0.103494,-0.18398,-0.054425,-0.152959,-0.093411,-0.171477,0.001806,0.003211
0,0.083323,-0.107532,-0.034055,0.080102,-0.054202,0.119324,0.001454,0.001877
0,-0.149342,-0.042098,-0.236736,0.09306,-0.267413,0.119348,0.002607,0.000735
0,-0.192261,0.014035,-0.044077,0.073769,-0.054245,0.069502,0.003356,0.000245
0,-0.045712,-0.15815,0.125403,-0.148746,0.162323,-0.190896,0.000798,0.00276
0,-0.048934,-0.046785,-0.007942,0.122876,-0.057398,0.165298,0.000854,0.000817
0,-0.199802,-0.022182,-0.176997,0.007571,-0.150277,-0.030779,0.003487,0.000387
0,-0.0355,-0.219716,0.165262,-0.215398,0.169959,-0.180268,0.00062,0.003835
0,-0.218183,0.015293,-0.186313,0.228156,-0.206056,0.197999,0.003808,0.000267
0,-0.145278,-0.034999,0.054192,-0.0544,0.056222,-0.08389,0.002536,0.000611
0,-0.200149,0.030331,-0.042713,0.070024,-0.081121,0.060712,0.003493,0.000529
0,-0.292528,0.033889,-0.114233,0.032844,-0.1225,0.002861,0.002712,0.000591
0,-0.196094,-0.207703,0.095463,-0.248626,0.080933,-0.270919,0.003422,0.003625
0,-0.060846,-0.224739,0.112824,0.009447,0.129467,-0.019368,0.001062,0.003895
0,4.390047,1.141042,4.44575,1.394977,4.409827,1.398263,0.001558,0.003539
0,5.640176,1.400562,1.234079,0.24345,1.250779,0.216089,0.003193,0.000991
0,4.948291,2.710412,-0.703739,1.284469,-0.698453,1.284795,0.000367,0.000398
0,4.313056,2.913775,-0.615794,0.183818,-0.589613,0.223123,0.002902,0.00387
0,3.771817,2.749096,-0.535519,-0.164432,-0.507394,-0.177856,0.003288,0.001074
0,2.571238,2.208779,-1.21808,-0.548964,-1.180878,-0.537694,0.002031,0.000539
0,1.388361,1.525938,-1.176743,-0.704981,-1.175476,-0.661783,0.000778,0.003179
0,0.882671,0.869502,-0.497976,-0.639067,-0.457731,-0.598723,0.00023,0.00046
0,0.469022,0.551343,-0.429975,-0.328948,-0.46562,-0.288059,0.000368,0.001805
0,0.075505,0.017549,-0.36577,-0.504358,-0.320155,-0.53424,0.001318,0.000306
0,-0.444937,-0.330743,-0.539648,-0.327313,-0.531945,-0.355326,5.2e-05,0.002045
0,-0.446524,-0.39561,-0.028907,-0.093706,-0.073318,-0.045756,2.5e-05,0.000913
0,-0.410722,-0.396146,0.038734,0.003624,0.052977,0.031473,0.000649,0.000904
0,-0.374907,-0.272828,0.029589,0.148987,0.025572,0.110263,0.001275,0.003056
0,-0.401183,-0.174109,-0.017729,0.115317,0.012346,0.142655,0.000816,0.003039
0,-0.291682,-0.076452,0.131479,0.090717,0.123617,0.06085,0.002727,0.001334
0,-0.113707,-0.14262,0.203906,-0.089438,0.249816,-0.133182,0.001985,0.002489
0,-0.079219,-0.102431,0.046236,0.015153,-0.002619,0.057801,0.001383,0.001788
0,-0.133497,0.038064,-0.050917,0.147528,-0.088141,0.173844,0.00233,0.000664
0,-0.139297,-0.193958,-0.017482,-0.240171,-0.004563,-0.256855,0.002431,0.003385
0,-0.200082,-0.055809,-0.053088,0.132466,-0.070813,0.146124,0.003492,0.000974
0,-0.068027,-0.029775,0.159508,0.016204,0.15262,0.033835,0.001187,0.00052
0,0.095828,0.024368,0.164991,0.033219,0.173837,0.032735,0.001673,0.000425
0,-0.115786,-0.058939,-0.22512,-0.054517,-0.206937,-0.035802,0.002021,0.001029
0,0.086934,-0.162719,0.172987,-0.099329,0.145614,-0.100602,0.001517,0.00284
0,-0.121129,0.005616,-0.197619,0.155732,-0.162126,0.136625,0.002114,9.8e-05
0,-0.02309,-0.058486,0.081163,-0.084191,0.045298,-0.129474,0.000403,0.001021
0,-0.138133,-0.010649,-0.08819,0.035243,-0.136116,-0.013862,0.002411,0.000186
0,-0.050266,-0.017389,0.080291,-0.028565,0.116784,0.007115,0.000877,0.000303
0,-0.022422,-0.151989,0.051922,-0.11049,0.040304,-0.085697,0.000391,0.002653
0,0.039918,-0.123909,0.057774,0.00165,0.099358,0.037814,0.000697,0.002163
0,0.023351,-0.082641,0.003379,0.043968,-0.024791,0.08309,0.000408,0.001442
0,0.079069,-0.058195,0.081183,0.012281,0.077472,-0.034759,0.00138,0.001016
0,0.083084,-0.09096,0.017268,-0.050879,0.000964,-0.038683,0.00145,0.001588
0,0.023099,-0.023763,-0.062545,0.043888,-0.021051,0.072002,0.000403,0.000415
0,0.034776,0.028312,-0.001702,0.044809,-0.002544,0.010374,0.000607,0.000494
0,-0.117414,0.089632,-0.163976,0.048183,-0.185357,0.037785,0.002049,0.001564
0,0.08191,0.117407,0.197929,0.03118,0.217599,0.020062,0.00143,0.002049
0,0.003322,0.062699,-0.097339,-0.040072,-0.086947,-0.041054,5.8e-05,0.001094
0,-0.004216,-0.060397,0.003214,-0.128449,-0.006445,-0.150546,7.4e-05,0.001054
0,0.102097,0.001818,0.092839,0.051778,0.059711,0.095575,0.001782,3.2e-05
0,0.017385,-0.166474,-0.079404,-0.174647,-0.040036,-0.172525,0.000303,0.002906
0,0.030032,-0.081356,0.026294,0.092265,0.009212,0.141074,0.000524,0.00142
0,0.082389,0.10511,0.069647,0.20146,0.053791,0.176188,0.001438,0.001835
0,0.198063,-0.04856,0.103344,-0.165351,0.068725,-0.143653,0.003457,0.000848
0,0.051962,0.041398,-0.17517,0.113384,-0.165131,0.084275,0.000907,0.000723
0,0.22099,0.068365,0.164988,0.020737,0.153155,-0.006039,0.003857,0.001193
0,-0.073998,-0.051206,-0.287708,-0.098801,-0.309742,-0.098374,0.001292,0.000894
0,0.055124,0.071764,0.108106,0.129669,0.11408,0.168446,0.000962,0.001253
0,0.03566,-0.05338,-0.027553,-0.140608,-0.033267,-0.098769,0.000622,0.000932
0,-0.050278,0.172399,-0.05804,0.253207,-0.02375,0.282238,0.000878,0.003009
0,0.066352,0.094376,0.126616,-0.087901,0.09529,-0.08491,0.001158,0.001647
0,-0.06684,-0.039042,-0.123846,-0.105408,-0.112721,-0.128425,0.001167,0.000681
0,0.136111,-0.041973,0.179741,-0.005581,0.159317,-0.020067,0.002376,0.000733
0,0.008759,0.146254,-0.148111,0.205461,-0.162778,0.186849,0.000153,0.002553
0,-0.112869,0.034671,-0.137674,-0.13698,-0.172076,-0.116877,0.00197,0.000605
0,-0.1574,-0.06598,-0.064999,-0.128956,-0.042621,-0.080074,0.002747,0.001152
0,0.031216,0.048335,0.20711,0.099977,0.160993,0.087564,0.000545,0.000844
0,0.133681,0.032682,0.082688,-0.044052,0.059732,-0.090584,0.002333,0.00057
0,0.026765,0.056971,-0.103996,0.001469,-0.111825,0.010309,0.000467,0.000994
0,0.121275,0.044026,0.11006,-0.027328,0.146523,0.014812,0.002117,0.000768
0,0.049853,0.010052,-0.070155,-0.021147,-0.064795,-0.001695,0.00087,0.000175
0,-0.05287,0.181737,-0.129915,0.147896,-0.135393,0.194973,0.000923,0.003172
0,0.108369,-0.076871,0.165832,-0.260324,0.190028,-0.280201,0.001891,0.001342
0,0.157943,0.03542,0.026344,0.108102,-0.009963,0.076899,0.002757,0.000618
0,0.008798,0.152759,-0.15132,0.120215,-0.168387,0.129733,0.000154,0.002666
0,-0.137698,-0.083491,-0.165132,-0.246922,-0.169432,-0.260523,0.002403,0.001457
0,0.014434,-0.039583,0.12755,0.043085,0.096517,0.081092,0.000252,0.000691
0,0.151489,-0.03612,0.135154,0.01445,0.148622,-0.022143,0.002644,0.00063
0,0.162031,-0.017744,-0.000929,0.019144,0.026025,-0.024561,0.002828,0.00031
0,0.106093,0.186672,-0.032041,0.174886,-0.008981,0.132036,0.001852,0.003258
0,0.183179,-0.101603,0.051795,-0.300394,0.030745,-0.333348,0.003197,0.001773
0,-0.08847,-0.033113,-0.257413,0.063701,-0.2177,0.08906,0.001544,0.000578
0,-0.040269,0.163104,0.04231,0.185993,0.057519,0.144739,0.000703,0.002847
0,0.004154,0.145207,0.070992,-0.040213,0.068968,-0.066745,7.3e-05,0.002534
0,-0.019504,0.046179,-0.018491,-0.088,-0.067571,-0.125521,0.00034,0.000806
0,0.05906,-0.070933,0.099179,-0.143763,0.118908,-0.163748,0.001031,0.001238
0,-0.131426,0.084207,-0.170282,0.155632,-0.18179,0.181377,0.002294,0.00147
0,-0.061386,-0.030153,0.076577,-0.099364,0.111476,-0.051207,0.001071,0.000526
0,-0.089687,-0.11318,-0.009755,-0.101352,0.039261,-0.079868,0.001565,0.001975
0,0.041259,0.152177,0.135133,0.267898,0.160495,0.298,0.00072,0.002656
0,-0.200842,0.008051,-0.249896,-0.17144,-0.265288,-0.183145,0.003505,0.000141
0,-0.021114,-0.132865,0.178809,-0.123695,0.19388,-0.105694,0.000369,0.002319
0,-0.0747,0.059481,-0.075239,0.207533,-0.10659,0.246715,0.001304,0.001038
0,0.818058,0.552675,0.882098,0.516722,0.879198,0.497079,0.001358,0.001828
0,2.357219,0.989521,1.565891,0.417948,1.5186,0.438116,0.002052,0.001635
0,2.338495,0.943413,-0.040773,-0.066545,-0.036974,-0.096735,0.001725,0.00083
0,3.050787,0.894015,0.707696,-0.035286,0.708713,-0.047799,0.001479,3.2e-05
0,2.754201,0.982033,-0.322399,0.107408,-0.309342,0.147779,0.001163,0.001504
0,2.287381,0.780059,-0.485274,-0.206237,-0.521683,-0.228456,0.000833,0.002021
0,1.849734,0.757213,-0.45875,-0.018135,-0.479167,-0.062344,0.001012,0.00242
0,1.195267,0.329664,-0.647024,-0.43394,-0.648999,-0.423588,0.002592,0.002064
0,0.702382,0.326783,-0.494416,0.00712,-0.494583,0.035988,0.003377,0.002114
0,-0.010637,0.10483,-0.733026,-0.227257,-0.761388,-0.193455,0.000186,0.00183
0,-0.05667,-0.092718,-0.04692,-0.226952,-0.027328,-0.257499,0.000989,0.001618
0,-0.234742,0.069164,-0.161003,0.146089,-0.151698,0.192678,0.003721,0.001207
0,-0.113389,-0.055708,0.125796,-0.1029,0.150866,-0.132315,0.001979,0.000972
0,-0.211614,0.062321,-0.117637,0.12027,-0.101542,0.153913,0.003693,0.001088
0,-0.153528,-0.022182,0.041187,-0.0742,-0.004366,-0.06447,0.00268,0.000387
0,-0.016332,-0.154422,0.128334,-0.157004,0.154707,-0.121578,0.000285,0.002695
0,-0.122716,-0.032195,-0.098237,0.116257,-0.07337,0.149705,0.002142,0.000562
0,-0.172337,0.053535,-0.035286,0.079743,-0.020473,0.068591,0.003008,0.000934
0,-0.19595,0.118604,-0.026247,0.051068,-0.06236,0.038732,0.00342,0.00207
0,-0.028926,0.007759,0.16196,-0.117481,0.156768,-0.158185,0.000505,0.000135
0,-0.235552,-0.054547,-0.182046,-0.074543,-0.224493,-0.049456,0.003707,0.000952
0,-0.262638,-0.103741,-0.01244,-0.043609,-0.032051,-0.090194,0.003234,0.001811
0,-0.199383,-0.0076,0.062683,0.119163,0.086827,0.167094,0.00348,0.000133
0,-0.098005,-0.053036,0.091732,-0.075132,0.082667,-0.084996,0.001711,0.000926
0,0.06244,-0.034969,0.188301,0.039448,0.165152,0.023908,0.00109,0.00061
0,-0.120465,-0.082461,-0.194297,-0.051886,-0.226588,-0.043842,0.002103,0.001439
0,-0.069589,0.075896,0.050232,0.144673,0.002295,0.108897,0.001215,0.001325
0,0.063732,0.049467,0.113039,-0.007845,0.069132,-0.001102,0.001112,0.000863
0,0.042393,0.07993,-0.04108,0.045765,-0.029111,0.002888,0.00074,0.001395
0,-0.157067,-0.08334,-0.222075,-0.160218,-0.180608,-0.149461,0.002741,0.001455
0,-0.064364,0.124842,0.119833,0.189936,0.0899,0.228921,0.001123,0.002179
0,-0.204125,-0.084974,-0.142621,-0.182124,-0.16836,-0.145178,0.003563,0.001483
0,-0.21008,-0.099569,0.019754,-2.4e-05,-0.020931,0.032343,0.003667,0.001738
0,-0.150423,-0.166705,0.05732,-0.067305,0.051862,-0.045978,0.002625,0.00291
0,-0.190308,-0.119271,-0.010482,0.045053,0.011215,0.007095,0.003322,0.002082
0,-0.060103,-0.075024,0.143795,0.07083,0.108342,0.08385,0.001049,0.001309
0,-0.249819,-0.176104,-0.182222,-0.099911,-0.162134,-0.095443,0.003458,0.003074
0,-0.140366,-0.023413,0.081862,0.142952,0.125209,0.151929,0.00245,0.000409
0,-0.016678,-0.145943,0.094915,-0.109672,0.108661,-0.116351,0.000291,0.002547
0,-0.153192,-0.108086,-0.140405,0.064652,-0.185732,0.105422,0.002674,0.001886
0,-0.09522,0.011064,0.06054,0.102812,0.108065,0.06118,0.001662,0.000193
0,-0.007933,-0.140871,0.067825,-0.162499,0.106886,-0.124313,0.000138,0.002459
0,-0.210165,0.047792,-0.182791,0.183959,-0.152409,0.193957,0.003668,0.000834
0,-0.145183,-0.127799,0.077999,-0.171141,0.059654,-0.154162,0.002534,0.002231
0,-0.20055,-0.001515,-0.031408,0.10775,0.014767,0.110712,0.0035,2.6e-05
0,-0.020645,-0.151235,0.170476,-0.177382,0.216372,-0.16057,0.00036,0.00264
0,-0.046557,-0.013568,-0.046887,0.136497,-0.057652,0.100961,0.000813,0.000237
0,-0.014009,-0.06712,0.05859,-0.051597,0.0231,-0.087475,0.000244,0.001171
0,-0.226596,-0.05797,-0.199229,0.027551,-0.227272,-0.005621,0.003863,0.001012
0,-0.20901,0.032978,-0.010331,0.087652,-0.037675,0.06207,0.003648,0.000576
0,0.017133,-0.064829,0.196894,-0.118202,0.213799,-0.075948,0.000299,0.001131
0,-0.10868,-0.08496,-0.145549,-0.032137,-0.182831,-0.057403,0.001897,0.001483
0,-0.010366,0.067341,0.077137,0.135768,0.113894,0.155866,0.000181,0.001175
0,-0.22436,-0.078747,-0.21752,-0.150022,-0.215011,-0.144414,0.003902,0.001374
0,-0.076755,-0.05308,0.127562,-0.001904,0.133284,-0.012944,0.00134,0.000926
0,-0.064876,-0.009859,0.004676,0.027358,-0.001799,0.012288,0.001132,0.000172
0,-0.079201,0.115494,-0.001076,0.134838,-0.026936,0.11761,0.001382,0.002016
0,-0.191119,-0.136493,-0.125567,-0.28005,-0.130145,-0.310759,0.003336,0.002382
0,-0.075205,-0.07392,0.11305,0.054275,0.090024,0.083327,0.001313,0.00129
0,0.123759,0.032501,0.226641,0.110269,0.203239,0.067362,0.00216,0.000567
0,0.173391,0.080769,0.035003,0.07414,0.058533,0.040556,0.003026,0.00141
0,0.013763,0.015693,-0.131752,-0.049674,-0.093103,-0.041291,0.00024,0.000274
0,-0.016934,-0.193427,-0.01429,-0.213304,-0.046612,-0.231834,0.000296,0.003376
0,0.113036,0.013111,0.133691,0.226513,0.098639,0.194194,0.001973,0.000229
0,-0.042196,0.096561,-0.144031,0.097227,-0.096884,0.098154,0.000736,0.001685
0,0.065804,0.038151,0.086721,-0.035604,0.114573,-0.060324,0.001148,0.000666
0,-0.113183,-0.160385,-0.181365,-0.202805,-0.161277,-0.167618,0.001975,0.002799
0,0.035633,-0.034007,0.130048,0.150624,0.108601,0.137837,0.000622,0.000594
0,-0.031813,0.033549,-0.077092,0.097048,-0.055815,0.12362,0.000555,0.000586
0,-0.060594,-0.091492,-0.057041,-0.127183,-0.037518,-0.141327,0.001058,0.001597
0,0.057559,-0.143158,0.118552,-0.053133,0.084207,-0.027933,0.001005,0.002499
0,0.079005,-0.018583,0.040851,0.101049,0.082142,0.052811,0.001379,0.000324
0,0.205486,0.094535,0.117056,0.103501,0.148074,0.060259,0.003586,0.00165
0,0.180816,-0.159441,0.002657,-0.261004,-0.013945,-0.264714,0.003156,0.002783
0,0.146413,-0.159988,-0.0562,-0.021588,-0.072366,0.019519,0.002555,0.002792
0,-0.009134,0.043956,-0.169587,0.209622,-0.161415,0.213662,0.000159,0.000767
0,0.111426,-0.100136,0.105463,-0.127242,0.121653,-0.09661,0.001945,0.001748
0,-0.042917,0.037332,-0.168008,0.150629,-0.120239,0.184782,0.000749,0.000652
0,0.193596,0.01518,0.235553,0.00492,0.232334,0.022153,0.003379,0.000265
0,0.122446,-0.112492,-0.095682,-0.0996,-0.055465,-0.068181,0.002137,0.001963
0,-0.035249,-0.073513,-0.140734,0.03928,-0.112678,0.003634,0.000615,0.001283
0,-0.061651,-0.057199,-0.043901,0.018418,-0.063836,0.033543,0.001076,0.000998
0,-0.001243,-0.083886,0.071635,-0.018966,0.09518,-0.040939,2.2e-05,0.001464
0,0.20992,-0.120734,0.196446,-0.035525,0.211709,-0.06863,0.003664,0.002107
0,0.037345,0.100139,-0.200665,0.195415,-0.202846,0.174805,0.000652,0.001748
0,-0.093286,-0.068546,-0.13709,-0.147075,-0.157229,-0.188763,0.001628,0.001196
0,0.120396,0.018299,0.235586,0.070905,0.257929,0.046308,0.002101,0.000319
0,-0.044772,-0.005371,-0.161283,0.001792,-0.18016,0.002476,0.000781,9.4e-05
0,0.220848,-0.030445,0.28757,-0.009553,0.286092,-0.043364,0.003855,0.000531
0,-0.074761,-0.160393,-0.281581,-0.110441,-0.280625,-0.104148,0.001305,0.002799
0,0.055475,-0.131616,0.122198,0.015983,0.144777,0.060914,0.000968,0.002297
0,0.002225,-0.090696,-0.073771,0.060797,-0.100755,0.027548,3.9e-05,0.001583
0,-0.007344,0.048365,-0.020328,0.166111,0.002045,0.194215,0.000128,0.000844
0,0.140769,-0.033921,0.172544,-0.09997,0.129202,-0.13431,0.002457,0.000592
0,0.028263,0.071759,-0.138887,0.124772,-0.143968,0.132112,0.000493,0.001252
0,0.13856,-0.056854,0.123652,-0.154355,0.145683,-0.106725,0.002418,0.000992
0,-1.771631,1.113383,-1.90551,1.19435,-1.932118,1.153392,0.000351,0.003796
0,-2.395895,1.050338,-0.64037,-0.0726,-0.60936,-0.023594,0.002727,0.002696
0,-3.820219,1.016879,-1.448338,-0.026658,-1.445585,0.009901,0.003685,0.002112
0,-3.411166,0.866593,0.401109,-0.131151,0.446487,-0.124941,0.003007,0.000511
0,-2.35953,0.91241,1.039836,0.026607,1.038363,0.028948,0.002092,0.000289
0,-2.215816,0.579419,0.124316,-0.303443,0.130269,-0.292139,0.000416,0.002295
0,-1.553622,0.415148,0.686401,-0.147826,0.697462,-0.185359,0.003662,0.000572
0,-1.117029,0.20722,0.429324,-0.221518,0.462737,-0.259582,0.00386,0.003617
0,-0.664999,0.313785,0.461535,0.100749,0.506731,0.102948,0.003789,0.002341
0,-0.261809,0.33582,0.385464,0.011351,0.432964,-0.018988,0.003248,0.001957
0,-0.13865,0.141,0.136084,-0.22243,0.09578,-0.251831,0.00242,0.002461
0,0.189682,0.181482,0.343577,0.027142,0.34973,0.002989,0.003311,0.003167
0,0.283008,0.007088,0.089463,-0.1848,0.10156,-0.155345,0.002878,0.000124
0,0.277068,0.121507,-0.014443,0.113385,-0.049943,0.152259,0.002982,0.002121
0,0.043503,-0.07337,-0.227427,-0.19396,-0.255449,-0.165931,0.000759,0.001281
0,0.087061,-0.15781,0.038693,-0.07523,-0.008062,-0.067233,0.00152,0.002754
0,0.152468,-0.122301,0.059339,0.036436,0.08476,0.010339,0.002661,0.002135
0,0.145993,-0.155146,-0.018074,-0.024179,0.003197,-0.061057,0.002548,0.002708
0,-0.048509,-0.101627,-0.167368,0.069982,-0.119377,0.117249,0.000847,0.001774
0,0.141776,-0.189801,0.204664,-0.077473,0.185541,-0.070454,0.002474,0.003313
0,-0.002756,0.021135,-0.173513,0.232506,-0.190906,0.226878,4.8e-05,0.000369
0,0.04732,-0.104033,0.026542,-0.106886,0.029955,-0.092131,0.000826,0.001816
0,0.118134,-0.024811,0.057014,0.082458,0.054259,0.107522,0.002062,0.000433
0,-0.064211,-0.137094,-0.182202,-0.098673,-0.180252,-0.12318,0.001121,0.002393
0,-0.0667,-0.037495,-0.026553,0.123518,-0.010664,0.118615,0.001164,0.000654
0,-0.018088,0.030716,0.022384,0.073133,0.024322,0.08393,0.000316,0.000536
0,-0.004319,-0.185049,0.032644,-0.223154,0.05641,-0.175967,7.5e-05,0.00323
0,0.003705,0.019487,0.032399,0.22686,0.080949,0.261837,6.5e-05,0.00034
0,0.120745,0.034656,0.107323,0.018885,0.122354,-0.0303,0.002107,0.000605
0,-0.038183,-0.003844,-0.135225,-0.009115,-0.095423,0.029291,0.000666,6.7e-05
0,-0.002455,0.018687,0.052774,0.035727,0.048772,0.073946,4.3e-05,0.000326
0,0.057223,-0.104399,0.085578,-0.147416,0.060618,-0.130906,0.000999,0.001822
0,-0.024391,-0.041581,-0.079126,0.054503,-0.0355,0.067201,0.000426,0.000726
0,0.024296,-0.040382,0.050154,-0.027923,0.078626,0.01789,0.000424,0.000705
0,0.094219,-0.128584,0.067922,-0.066353,0.057092,-0.062381,0.001644,0.002244
0,-0.028867,0.101995,-0.095096,0.257518,-0.134436,0.207649,0.000504,0.00178
0,0.100458,0.138118,0.124088,0.038035,0.113361,-0.00087,0.001753,0.002411
0,0.14873,-0.00907,0.026598,-0.144596,0.037746,-0.15505,0.002596,0.000158
0,-0.076653,0.075744,-0.252701,0.10087,-0.261055,0.117504,0.001338,0.001322
0,-0.063855,-0.05402,0.035118,-0.134388,0.022792,-0.151309,0.001114,0.000943
0,0.103839,0.019781,0.167549,0.073617,0.201383,0.121056,0.001812,0.000345
0,-0.005765,0.023885,-0.116885,-0.022376,-0.139459,-0.058137,0.000101,0.000417
0,-0.123199,0.146658,-0.106304,0.146149,-0.079874,0.141125,0.00215,0.00256
0,-0.04179,0.105477,0.075881,-0.02885,0.028025,0.013536,0.000729,0.001841
0,0.002595,0.158893,0.066991,0.048263,0.07523,0.029621,4.5e-05,0.002773
0,0.021756,-0.090038,0.034107,-0.240094,0.066405,-0.19585,0.00038,0.001571
0,-0.042119,-0.128627,-0.034456,-0.01608,-0.046225,-0.015121,0.000735,0.002245
0,-0.038679,0.011503,0.010671,0.131535,0.02394,0.115263,0.000675,0.000201
0,-0.050722,0.083435,-0.011237,0.07081,0.010515,0.07368,0.000885,0.001456
0,-0.132179,-0.004164,-0.097987,-0.109888,-0.136408,-0.065865,0.002307,7.3e-05
0,0.002568,0.154864,0.155741,0.176064,0.137736,0.214571,4.5e-05,0.002703
0,-0.144948,0.113279,-0.138495,-0.028369,-0.10971,0.020591,0.00253,0.001977
0,0.102796,-0.066986,0.252188,-0.200037,0.257047,-0.172538,0.001794,0.001169
0,-0.10688,-0.099134,-0.234164,-0.026404,-0.272044,-0.011196,0.001865,0.00173
0,-0.015423,-0.063336,0.061593,0.062317,0.017544,0.056064,0.000269,0.001105
0,-0.247347,-0.049382,-0.220337,0.043916,-0.171286,0.075561,0.003501,0.000862
0,-0.272925,-0.002069,-0.029751,0.026098,-0.048909,-0.003674,0.003054,3.6e-05
0,-0.299756,0.208993,-0.026603,0.233269,-0.033625,0.20242,0.002586,0.003648
0,-0.176059,0.118655,0.101325,-0.077932,0.126379,-0.122688,0.003073,0.002071
0,-0.071592,-0.055378,0.126512,-0.152635,0.12902,-0.11185,0.00125,0.000967
0,-0.174176,0.004823,-0.088439,0.056278,-0.043787,0.074217,0.00304,8.4e-05
0,-0.149443,0.140716,0.032612,0.150288,0.057731,0.125829,0.002608,0.002456
0,-0.100162,0.063912,0.024697,-0.081155,0.020968,-0.080106,0.001748,0.001115
0,-0.101891,0.057719,0.016828,-0.00535,0.060311,-0.019417,0.001778,0.001007
0,-0.188007,0.165028,-0.065045,0.126506,-0.078146,0.11601,0.003281,0.00288
0,-0.212339,-0.064046,-0.01783,-0.251357,-0.018428,-0.213389,0.003706,0.001118
0,-0.005956,0.165729,0.182568,0.2414,0.19264,0.257568,0.000104,0.002893
0,-0.113744,0.148526,-0.11184,-0.031967,-0.137287,-0.001883,0.001985,0.002592
0,-0.167889,0.009239,-0.025461,-0.137565,-0.064613,-0.157779,0.00293,0.000161
0,0.096393,0.040892,0.285987,0.013625,0.274905,0.011647,0.001682,0.000714
0,0.07645,0.125701,-0.005286,0.057416,0.041348,0.009654,0.001334,0.002194
0,1.215672,-0.448694,1.139557,-0.593161,1.130063,-0.63019,0.002236,1.3e-05
0,1.644908,-0.968651,0.413641,-0.540314,0.425136,-0.563738,0.002562,0.00127
0,1.66197,-1.31128,0.04468,-0.362519,0.063749,-0.314385,0.002265,0.000567
0,2.055689,-1.168445,0.405834,0.12313,0.374278,0.129407,0.003211,0.00306
0,1.890611,-1.335798,-0.181201,-0.167611,-0.227751,-0.181364,0.001726,0.00014
0,1.078146,-1.504067,-0.840393,-0.147065,-0.875907,-0.171195,0.003181,0.002797
0,0.751768,-1.082698,-0.297272,0.404738,-0.25064,0.4261,0.002515,0.003261
0,0.665183,-1.086904,-0.067189,0.010263,-0.11222,0.042264,0.003792,0.003334
0,0.491596,-0.860434,-0.203516,0.247873,-0.158465,0.286873,0.000762,0.000618
0,0.201856,-0.695916,-0.267304,0.143204,-0.279783,0.175495,0.003523,0.00349
0,0.156155,-0.182228,-0.069908,0.498705,-0.118937,0.528728,0.002725,0.00318
0,0.027232,-0.161358,-0.120281,-0.008348,-0.098965,-0.011748,0.000475,0.002816
0,0.023198,-0.144734,-0.004404,0.031302,0.013458,0.064906,0.000405,0.002526
0,-0.230102,-0.128112,-0.22976,0.000457,-0.236092,0.003496,0.003802,0.002236
0,-0.15076,-0.06498,0.053686,0.075468,0.005044,0.092268,0.002631,0.001134
0,-0.013773,-0.067444,0.158562,0.024937,0.136931,0.002741,0.00024,0.001177
0,-0.060438,-0.061026,-0.030125,0.009693,-0.037226,-0.035645,0.001055,0.001065
0,0.078078,-0.046455,0.128373,-0.008029,0.112812,0.008205,0.001363,0.000811
0,0.09715,-0.042921,0.047718,0.005355,0.014823,0.03964,0.001696,0.000749
0,0.019008,0.06769,-0.070562,0.087793,-0.076225,0.091125,0.000332,0.001181
0,-0.106613,0.077319,-0.148292,0.014325,-0.134114,-0.019964,0.001861,0.001349
0,0.04779,0.001277,0.131099,-0.07483,0.128334,-0.090169,0.000834,2.2e-05
0,0.104561,0.111587,0.060329,0.129631,0.039039,0.142595,0.001825,0.001948
0,-0.023848,0.057649,-0.135796,-0.075894,-0.12831,-0.047813,0.000416,0.001006
0,-0.052365,0.172427,-0.04101,0.103478,-0.060855,0.075711,0.000914,0.003009
0,0.100398,0.162487,0.140511,-0.024952,0.123241,-0.021132,0.001752,0.002836
0,0.030069,0.129342,-0.096094,-0.018541,-0.055993,-0.022944,0.000525,0.002257
0,-0.111483,0.187421,-0.133371,0.081381,-0.168334,0.104424,0.001946,0.003271
0,0.031886,-0.060375,0.160401,-0.218884,0.16418,-0.256447,0.000557,0.001054
0,0.071627,0.152713,0.039697,0.19421,0.060027,0.154207,0.00125,0.002665
0,-0.104835,0.062536,-0.179686,-0.073503,-0.143326,-0.119143,0.00183,0.001091
0,0.040411,0.193361,0.129059,0.140621,0.098317,0.096541,0.000705,0.003375
0,-0.124072,-0.0178,-0.192549,-0.225989,-0.209339,-0.261249,0.002165,0.000311
0,0.052571,0.136737,0.181937,0.18194,0.189218,0.143569,0.000918,0.002387
0,0.123944,0.197934,0.075623,0.033739,0.077144,0.007833,0.002163,0.003455
0,0.080635,0.248243,-0.034263,0.073579,-0.020878,0.093208,0.001407,0.003485
0,0.047678,0.138299,-0.057901,-0.100194,-0.099204,-0.054325,0.000832,0.002414
0,-0.047313,0.029504,-0.071818,-0.110905,-0.093361,-0.066283,0.000826,0.000515
0,-0.105794,0.200538,-0.072812,0.177512,-0.109868,0.155133,0.001846,0.0035
0,-0.18941,0.02897,-0.112364,-0.166646,-0.113501,-0.170531,0.003306,0.000506
0,0.054666,0.181116,0.249267,0.143095,0.250046,0.153367,0.000954,0.003161
0,0.124994,0.034468,0.049076,-0.148146,0.000862,-0.111937,0.002182,0.000602
0,0.078045,-0.006544,-0.040792,-0.057097,-0.038527,-0.09063,0.001362,0.000114
0,-0.141311,0.042823,-0.245825,0.075036,-0.205454,0.068952,0.002466,0.000747
0,-0.17339,0.180741,-0.015028,0.135293,0.032815,0.175361,0.003026,0.003155
0,-0.233435,0.085703,-0.054214,-0.07622,-0.020792,-0.082116,0.003744,0.001496
0,-0.050245,0.22019,0.176911,0.113282,0.213413,0.147905,0.000877,0.003843
0,-0.148399,0.154336,-0.109165,-0.086779,-0.117444,-0.115758,0.00259,0.002694
0,0.074249,0.172686,0.232462,0.022181,0.24485,0.044067,0.001296,0.003014
0,-0.126847,-0.046936,-0.175185,-0.228411,-0.169613,-0.257135,0.002214,0.000819
0,0.037246,-0.030688,0.152904,0.012187,0.137921,0.029288,0.00065,0.000536
0,0.091217,0.143575,0.067334,0.149314,0.104916,0.192069,0.001592,0.002506
0,0.116352,0.197344,0.033499,0.031332,0.034029,0.022425,0.002031,0.003444
0,0.107626,0.023427,-0.0096,-0.188327,-0.024083,-0.191694,0.001878,0.000409
0,0.033454,-0.029083,-0.071968,-0.072891,-0.084392,-0.064961,0.000584,0.000508
0,0.101879,0.24102,0.069861,0.266536,0.032547,0.228239,0.001778,0.003611
0,-0.046834,0.009498,-0.148952,-0.256799,-0.138635,-0.248881,0.000817,0.000166
0,-0.043564,0.14107,0.017151,0.143245,0.003538,0.155977,0.00076,0.002462
0,-0.017862,0.133762,0.002824,0.017751,0.041421,-0.025684,0.000312,0.002335
0,-0.061421,-0.015342,-0.051864,-0.146419,-0.012011,-0.140111,0.001072,0.000268
0,-0.009104,-0.050905,0.056559,-0.064863,0.042162,-0.0488,0.000159,0.000888
0,0.223163,-0.103744,0.212487,-0.056252,0.229171,-0.099889,0.003895,0.001811
0,-0.058566,-0.099803,-0.258897,-0.020408,-0.241502,0.005546,0.001022,0.001742
0,-0.134183,-0.143288,-0.073638,-0.049758,-0.032625,-0.013321,0.002342,0.002501
0,0.022825,-0.035191,0.135259,0.110886,0.11058,0.145723,0.000398,0.000614
0,-0.161178,0.139104,-0.210776,0.150775,-0.229875,0.151423,0.002813,0.002428
0,-0.009257,0.001804,0.178282,-0.127923,0.199125,-0.090426,0.000162,3.1e-05
0,0.087541,-0.04383,0.081603,-0.070963,0.112067,-0.092939,0.001528,0.000765
0,-0.058784,-0.046609,-0.160855,-0.003025,-0.119701,-0.022215,0.001026,0.000813
0,0.064696,0.065671,0.101794,0.105616,0.114892,0.081421,0.001129,0.001146
0,0.139722,-0.02075,0.061028,-0.061433,0.07621,-0.035045,0.002439,0.000362
0,-0.007641,0.009464,-0.120101,0.047462,-0.141208,0.015295,0.000133,0.000165
0,-0.220248,0.142042,-0.2344,0.157747,-0.24688,0.138699,0.003844,0.002479
0,-0.176098,0.137769,0.036326,0.013281,0.006614,-0.000925,0.003073,0.002405
0,-0.097844,0.093364,0.048584,-0.061703,0.021808,-0.103708,0.001708,0.00163
0,-0.066282,0.127355,0.052321,0.011668,0.08768,0.038586,0.001157,0.002223
0,-0.051129,-0.027336,-0.006635,-0.15596,-0.037456,-0.10774,0.000892,0.000477
0,-0.159831,0.013403,-0.10463,0.061631,-0.093582,0.102434,0.00279,0.000234
0,-0.052937,0.114754,0.122905,0.076719,0.132169,0.047146,0.000924,0.002003
0,-0.02916,0.043508,0.027983,-0.061087,0.010661,-0.013102,0.000509,0.000759
0,0.050669,-0.060006,0.090373,-0.098722,0.088393,-0.096892,0.000884,0.001047
0,0.052349,-0.100283,0.022646,-0.036186,0.058696,-0.043638,0.000914,0.00175
0,-0.135928,0.05231,-0.177657,0.182367,-0.217466,0.212666,0.002372,0.000913
0,-0.078062,-0.028017,0.034945,-0.088279,0.019631,-0.080513,0.001362,0.000489
0,-0.107709,-0.091613,-0.007284,-0.041836,0.005331,-0.046374,0.00188,0.001599
0,-0.038048,0.130739,0.03987,0.21047,0.054033,0.221814,0.000664,0.002282
0,0.084887,-0.110072,0.130806,-0.25259,0.127979,-0.262268,0.001482,0.001921
0,-0.144682,-0.103369,-0.203469,0.003358,-0.244638,-0.016737,0.002525,0.001804
0,-0.19961,0.091984,-0.065909,0.202982,-0.073955,0.173177,0.003484,0.001605
0,0.063122,0.077334,0.266576,0.011449,0.298812,0.011652,0.001102,0.00135
0,-0.032582,-0.092275,-0.081065,-0.146168,-0.079253,-0.186892,0.000569,0.00161
0,0.058581,0.099479,0.084399,0.192643,0.090387,0.183477,0.001022,0.001736
0,-0.0572,-0.052671,-0.099516,-0.178403,-0.098429,-0.156015,0.000998,0.000919
0,-0.120121,0.120268,-0.089286,0.143723,-0.090003,0.173061,0.002097,0.002099
0,0.02032,-0.088004,0.148348,-0.237851,0.110234,-0.221886,0.000355,0.001536
0,0.025656,0.102475,0.018702,0.181795,0.067019,0.226391,0.000448,0.001789
0,0.014161,0.02057,-0.009322,-0.089334,0.002304,-0.131286,0.000247,0.000359
0,0.001226,-0.065113,-0.038508,-0.05716,-0.036261,-0.048975,2.1e-05,0.001136
0,-0.01189,0.083918,-0.017751,0.155881,0.03148,0.11788,0.000208,0.001465
0,-0.12911,-0.026031,-0.097533,-0.138233,-0.135779,-0.161177,0.002253,0.000454
0,0.039179,0.129098,0.196911,0.178101,0.169837,0.14449,0.000684,0.002253
0,0.162231,-0.014411,0.120365,-0.134737,0.161163,-0.172608,0.002831,0.000252
0,0.09672,0.013722,-0.054375,0.049855,-0.065324,0.035054,0.001688,0.000239
0,0.195538,-0.013676,0.102438,-0.003249,0.065308,-0.019023,0.003413,0.000239
0,-0.052377,0.108547,-0.222862,0.137373,-0.224772,0.09565,0.000914,0.001894
0,0.274633,0.140477,0.297323,0.042144,0.275869,0.077774,0.003025,0.002452
0,0.162668,-0.001253,-0.083197,-0.132736,-0.068494,-0.130617,0.002839,2.2e-05
0,0.254522,0.094398,0.10638,0.067629,0.091848,0.027299,0.003376,0.001648
0,0.177568,-0.037047,-0.09668,-0.128891,-0.140725,-0.159576,0.003099,0.000647
0,0.207293,0.221752,0.038267,0.251602,0.019238,0.257367,0.003618,0.00387
0,0.121741,0.11884,-0.068926,-0.11746,-0.022838,-0.149141,0.002125,0.002074
0,0.162049,0.019309,0.054967,-0.128349,0.06182,-0.079374,0.002828,0.000337
0,0.125552,0.20426,-0.038277,0.198942,-0.045217,0.223912,0.002191,0.003565
0,0.260795,0.129887,0.153113,-0.062957,0.157623,-0.015269,0.003266,0.002267
0,0.13355,-0.075992,-0.139517,-0.197213,-0.157762,-0.236617,0.002331,0.001326
0,0.025768,0.005011,-0.108211,0.095503,-0.089032,0.077326,0.00045,8.7e-05
0,0.193243,-0.00574,0.195891,0.00665,0.208829,-0.00739,0.003373,0.0001
0,0.221055,0.040517,0.039809,0.041058,0.087632,0.058333,0.003858,0.000707
0,0.236958,0.225177,0.001929,0.172293,-0.046201,0.151523,0.003682,0.003888
0,0.258562,0.030683,0.03788,-0.166999,0.005018,-0.170973,0.003305,0.000536
0,0.218539,-0.080379,-0.012707,-0.133236,-0.03471,-0.110677,0.003814,0.001403
0,0.222284,0.133726,0.026104,0.235812,-0.014568,0.256841,0.00388,0.002334
0,0.156217,0.166402,-0.076609,0.019534,-0.042845,0.052448,0.002726,0.002904
0,0.262314,0.085752,0.119085,-0.078573,0.137935,-0.12082,0.00324,0.001497
0,0.21367,-0.103034,-0.024092,-0.183178,-0.012409,-0.201882,0.003729,0.001798
0,0.255855,-0.098861,0.038589,-0.011418,0.016748,0.031726,0.003352,0.001725
0,0.189362,0.109095,-0.084952,0.221494,-0.049565,0.265336,0.003305,0.001904
0,0.248977,0.058827,0.03817,-0.029169,0.022634,-0.035917,0.003472,0.001027
0,0.073463,0.029858,-0.179264,-0.031465,-0.176631,0.004899,0.001282,0.000521
0,0.106798,0.097187,0.008735,0.044985,0.031688,0.024992,0.001864,0.001696
0,0.123721,0.045095,0.015271,-0.024586,0.015697,-0.018351,0.002159,0.000787
0,0.107688,-0.12228,-0.03274,-0.163463,-0.041755,-0.149077,0.00188,0.002134
0,0.006506,0.122409,-0.097894,0.263173,-0.055248,0.267692,0.000114,0.002136
0,0.265683,-0.153788,0.276543,-0.289728,0.290391,-0.287244,0.003181,0.002684
0,0.007535,-0.009833,-0.244275,0.127095,-0.233708,0.128163,0.000132,0.000172
0,0.16208,0.090662,0.167586,0.089783,0.175112,0.125264,0.002829,0.001582
0,-0.068566,0.007844,-0.257269,-0.07135,-0.239075,-0.067342,0.001197,0.000137
0,0.174117,-0.079451,0.248504,-0.110977,0.269234,-0.131918,0.003039,0.001387
0,0.060013,0.08471,-0.087586,0.144914,-0.079711,0.165349,0.001047,0.001478
0,-0.065983,0.18781,-0.098071,0.09226,-0.112223,0.045781,0.001152,0.003278
0,0.055212,-0.026386,0.108437,-0.238617,0.149834,-0.197656,0.000964,0.000461
0,-0.02957,0.043515,-0.07596,0.084402,-0.09628,0.061212,0.000516,0.000759
0,-0.140445,0.125661,-0.130787,0.056983,-0.110122,0.011435,0.002451,0.002193
0,0.028641,0.136574,0.14534,0.00261,0.117111,-0.012429,0.0005,0.002384
0,-0.143259,0.005266,-0.186343,-0.153655,-0.181094,-0.126235,0.0025,9.2e-05
0,0.093955,0.089438,0.233942,0.099868,0.225827,0.124499,0.00164,0.001561
0,-0.001038,-0.043688,-0.073225,-0.121015,-0.042328,-0.072809,1.8e-05,0.000762
0,-0.101733,0.106767,-0.107703,0.178689,-0.127348,0.14381,0.001776,0.001863
0,-0.165131,-0.099672,-0.085329,-0.22873,-0.113208,-0.230232,0.002882,0.00174
0,0.03904,0.095247,0.190993,0.224903,0.165952,0.200196,0.000681,0.001662
0,-0.083502,0.081678,-0.134708,-0.039531,-0.184281,-0.056429,0.001457,0.001426
0,0.029253,0.063988,0.125696,-0.001142,0.083301,0.006273,0.000511,0.001117
0,0.06002,-0.050747,0.038361,-0.131861,0.008206,-0.151105,0.001048,0.000886
0,-0.153444,-0.108085,-0.215996,-0.033512,-0.246419,0.015851,0.002678,0.001886
0,0.090633,0.088751,0.257578,0.185595,0.220811,0.153247,0.001582,0.001549
0,-0.162705,0.078219,-0.276987,-0.031243,-0.262767,-0.036135,0.00284,0.001365
0,-0.156618,0.053711,-0.006845,-0.017562,-0.053028,0.022283,0.002734,0.000937
0,-0.104452,-0.053093,0.024864,-0.093199,0.025957,-0.127359,0.001823,0.000927
0,0.037378,-0.089058,0.136194,-0.026649,0.106977,-0.044063,0.000652,0.001554
0,-0.125735,0.065229,-0.16743,0.140992,-0.154157,0.153671,0.002194,0.001138
0,0.033949,0.096387,0.179875,0.011393,0.133719,0.02524,0.000593,0.001682
0,-0.14701,-0.019752,-0.166118,-0.127026,-0.192883,-0.144281,0.002566,0.000345
0,-0.082404,-0.080331,0.07057,-0.081715,0.084578,-0.048994,0.001438,0.001402
0,0.020302,0.071652,0.106438,0.141863,0.12171,0.182168,0.000354,0.001251
0,0.069584,0.073492,0.036768,0.022131,0.001172,0.06636,0.001214,0.001283
0,-0.116748,0.053183,-0.201621,0.00471,-0.203353,0.043966,0.002038,0.000928
0,-0.07943,-0.031348,0.063833,-0.111625,0.086143,-0.143766,0.001386,0.000547
0,0.088319,-0.12116,0.19262,-0.066487,0.205156,-0.024818,0.001541,0.002115
0,0.083672,0.09754,0.014304,0.192951,-0.031833,0.147227,0.00146,0.001702
0,-0.004292,0.100668,-0.095362,-0.003315,-0.074094,-0.032413,7.5e-05,0.001757
0,-0.040625,0.025157,-0.048438,-0.060724,-0.032226,-0.07437,0.000709,0.000439
0,0.000294,0.069649,0.066235,0.016866,0.020084,0.022442,5e-06,0.001216
0,-0.130737,0.05665,-0.105105,0.010484,-0.151808,0.020762,0.002282,0.000989
0,0.05222,0.115377,0.184353,0.078566,0.152647,0.113916,0.000911,0.002014
0,0.079627,0.058922,0.018785,-0.049873,-0.001106,-0.094887,0.00139,0.001028
0,-0.025024,0.004489,-0.112017,-0.070133,-0.09239,-0.056167,0.000437,7.8e-05
0,-0.127842,0.116075,-0.089865,0.115738,-0.065916,0.094752,0.002231,0.002026
0,0.090673,-0.109547,0.209115,-0.2127,0.200835,-0.178412,0.001583,0.001912
0,-0.188838,-0.176904,-0.30359,-0.069588,-0.34722,-0.04536,0.003296,0.003088
0,-0.085943,0.004193,0.097213,0.168193,0.073724,0.130004,0.0015,7.3e-05
0,-0.117401,-0.116171,-0.046129,-0.141964,-0.093567,-0.100046,0.002049,0.002028
0,-0.050411,0.021957,0.091923,0.117975,0.093147,0.155484,0.00088,0.000383
0,0.011786,-0.126713,0.088803,-0.150326,0.126486,-0.140105,0.000206,0.002212
0,-0.184104,0.080656,-0.217716,0.20701,-0.213414,0.189929,0.003213,0.001408
0,-0.14851,-0.053885,0.042455,-0.150551,-0.000177,-0.147089,0.002592,0.00094
0,-0.056202,0.054233,0.112857,0.116798,0.152568,0.141651,0.000981,0.000947
0,-0.019893,-0.130475,0.057627,-0.192584,0.040557,-0.145128,0.000347,0.002277
0,-0.128625,0.06133,-0.086198,0.213128,-0.090672,0.214358,0.002245,0.00107
0,-0.085988,-0.020194,0.025305,-0.102557,-0.010294,-0.137526,0.001501,0.000352
0,-0.222065,0.04302,-0.107113,0.065219,-0.117776,0.034628,0.003876,0.000751
0,-0.232676,-0.084485,-2.8e-05,-0.128874,0.022814,-0.152347,0.003757,0.001475
0,-0.159181,-0.017765,0.08033,0.075809,0.102689,0.053716,0.002778,0.00031
0,0.036553,-0.103835,0.169253,-0.090225,0.124531,-0.103089,0.000638,0.001812
0,-0.147123,0.095355,-0.202455,0.204834,-0.164666,0.216069,0.002568,0.001664
0,-0.125116,-0.095292,0.041765,-0.1913,0.07993,-0.210108,0.002184,0.001663
0,-0.076501,-0.059849,0.026062,0.019661,0.015513,0.031113,0.001335,0.001045
0,0.000782,0.012248,0.055305,0.088368,0.05412,0.135634,1.4e-05,0.000214
0,-0.076304,-0.139014,-0.091235,-0.153996,-0.092079,-0.203244,0.001332,0.002426
0,0.018332,-0.011903,0.073631,0.110467,0.04651,0.064676,0.00032,0.000208
0,0.001567,-0.038035,-0.015585,-5e-06,0.006664,-0.014557,2.7e-05,0.000664
0,-0.023133,-0.173,-0.034429,-0.143438,-0.029394,-0.126758,0.000404,0.003019
0,-0.016553,-0.176015,0.034201,-0.018114,0.000633,-0.043742,0.000289,0.003072
0,0.218117,-0.081374,0.213362,0.074051,0.174187,0.058107,0.003807,0.00142
0,0.098063,0.087445,-0.123844,0.147183,-0.146965,0.133832,0.001712,0.001526
0,0.121988,0.085731,0.048727,-0.031046,0.075497,-0.036667,0.002129,0.001496
0,-0.085663,0.0328,-0.202765,-0.067813,-0.236523,-0.076076,0.001495,0.000572
0,-0.095735,-0.059523,-0.0336,-0.079261,0.010791,-0.039556,0.001671,0.001039
0,0.1804,-0.090414,0.298832,-0.04969,0.335982,-0.047301,0.003149,0.001578
0,-0.044628,0.023808,-0.216131,0.084579,-0.264732,0.064035,0.000779,0.000416
0,-0.03666,0.029335,0.005193,-0.012827,0.054545,-0.016923,0.00064,0.000512
0,-0.022324,-0.087211,0.027128,-0.099205,-0.017468,-0.094908,0.00039,0.001522
0,-0.041605,-0.127203,-0.046896,-0.051012,-0.07259,-0.075837,0.000726,0.00222
0,0.063185,0.084968,0.09547,0.183266,0.132719,0.230643,0.001103,0.001483
0,0.044955,-0.072339,-0.033917,-0.170657,-0.062547,-0.157373,0.000785,0.001263
0,-0.154266,0.075883,-0.217988,0.164531,-0.173602,0.177731,0.002692,0.001324
0,-0.0537,0.041751,0.081017,-0.061454,0.09492,-0.040354,0.000937,0.000729
0,-0.179467,0.063394,-0.150676,-0.007684,-0.111606,0.020245,0.003132,0.001106
0,-0.238594,-0.064667,-0.079012,-0.134839,-0.07179,-0.159622,0.003654,0.001129
0,-0.024135,-0.029444,0.228711,0.006166,0.247564,0.042629,0.000421,0.000514
0,0.007746,0.028725,0.038289,0.060718,-0.004092,0.026746,0.000135,0.000501
0,-0.121549,0.072107,-0.110626,0.040821,-0.096123,-0.005517,0.002121,0.001259
0,-0.00857,0.023454,0.08469,-0.065786,0.046348,-0.043573,0.00015,0.000409
0,-0.052533,0.168602,-0.015218,0.127124,-0.048182,0.102872,0.000917,0.002943
0,0.078322,0.025114,0.138621,-0.121882,0.138118,-0.163264,0.001367,0.000438
0,-0.197642,0.137081,-0.259099,0.086391,-0.289806,0.065617,0.003449,0.002393
0,0.015153,0.018071,0.232976,-0.101071,0.232544,-0.066949,0.000264,0.000315
0,-0.053988,0.139097,-0.056475,0.098513,-0.091545,0.082374,0.000942,0.002428
0,0.107217,-0.056308,0.150409,-0.199545,0.102832,-0.155941,0.001871,0.000983
0,-0.081013,-0.019607,-0.172184,0.040827,-0.162043,-0.005952,0.001414,0.000342
0,-0.149341,-0.044077,-0.049754,-0.053214,-0.084722,-0.043266,0.002606,0.000769
0,-0.212746,0.138483,-0.03971,0.197898,-0.067378,0.15149,0.003713,0.002417
0,-0.162935,-0.047712,0.021694,-0.179386,-0.010936,-0.224377,0.002844,0.000833
0,0.015124,-0.091544,0.150291,-0.053314,0.165228,-0.030668,0.000264,0.001598
0,0.057896,0.069061,0.01627,0.183208,-0.032066,0.232335,0.00101,0.001205
0,-0.036992,-0.032433,-0.114044,-0.126943,-0.144023,-0.103416,0.000646,0.000566
0,-0.145521,-0.011974,-0.125994,0.005859,-0.119189,-0.041083,0.00254,0.000209
0,0.050193,0.043276,0.165871,0.043587,0.177284,0.071269,0.000876,0.000755
0,0.045906,0.151099,-0.017095,0.092084,0.03206,0.141394,0.000801,0.002637
0,-0.145295,-0.128126,-0.187014,-0.298436,-0.198909,-0.269515,0.002536,0.002236
0,-0.050977,0.038524,0.065106,0.150335,0.04829,0.136257,0.00089,0.000672
0,-0.10721,0.030657,-0.060532,0.002615,-0.027436,-0.038131,0.001871,0.000535
0,-0.056539,0.019467,0.043596,-0.001332,-0.006234,0.015041,0.000987,0.00034
0,-0.096185,0.022019,-0.051491,0.009822,-0.070883,-0.026081,0.001679,0.000384
0,-0.066964,-0.074719,0.016666,-0.106507,0.064615,-0.091813,0.001169,0.001304
0,0.042173,0.099332,0.097695,0.144093,0.067952,0.109498,0.000736,0.001734
0,-0.095372,0.184191,-0.157035,0.088935,-0.177997,0.131449,0.001665,0.003215
0,0.020412,0.001992,0.142491,-0.153287,0.150439,-0.14265,0.000356,3.5e-05
0,0.134933,0.000249,0.112692,-0.013178,0.109385,-0.009091,0.002355,4e-06
0,-0.101198,0.091256,-0.233768,0.105195,-0.24398,0.073831,0.001766,0.001593
0,-0.04316,-0.022468,0.041493,-0.099088,0.068672,-0.05345,0.000753,0.000392
0,-0.183618,0.06853,-0.140598,0.085882,-0.181477,0.086029,0.003205,0.001196
0,0.008297,-0.040968,0.179687,-0.138481,0.209007,-0.157009,0.000145,0.000715
0,-0.008873,-0.020407,-0.00591,0.034557,0.029576,0.006364,0.000155,0.000356
0,-0.111103,0.148861,-0.126599,0.161505,-0.141075,0.191291,0.001939,0.002598
0,-0.183955,-0.009765,-0.047507,-0.169387,-0.066528,-0.2024,0.003211,0.00017
0,0.009377,-0.037743,0.202988,-0.054124,0.211201,-0.09231,0.000164,0.000659
0,-0.12303,-0.01807,-0.130312,-0.002912,-0.091017,0.033291,0.002147,0.000315
0,-0.040947,-0.063455,0.078441,-0.060907,0.107888,-0.100858,0.000715,0.001107
0,-0.14733,-0.024528,-0.094156,0.064153,-0.078688,0.020949,0.002571,0.000428
0,-0.28239,-0.072489,-0.107582,-0.026794,-0.105348,-0.011024,0.002889,0.001265
0,0.051471,-0.077736,0.311372,-0.004425,0.337997,0.038358,0.000898,0.001357
0,-0.022212,0.196562,-0.075149,0.272548,-0.051476,0.257562,0.000388,0.003431
0,-0.184463,0.214432,-0.155378,0.027406,-0.160508,0.016374,0.003219,0.003743
0,-0.225189,-0.06222,-0.037447,-0.248915,-0.058159,-0.241162,0.003888,0.001086
0,-0.080522,0.054124,0.119561,0.115189,0.126964,0.162882,0.001405,0.000945
0,0.001365,0.181549,0.105292,0.142291,0.061394,0.117457,2.4e-05,0.003169
0,0.115282,0.071993,0.132569,-0.098801,0.15627,-0.120965,0.002012,0.001257
0,0.004978,0.022455,-0.107954,-0.036258,-0.119644,-0.030272,8.7e-05,0.000392
0,-0.061508,0.187666,-0.066162,0.143023,-0.046616,0.172566,0.001074,0.003275
0,-0.150156,0.137552,-0.06328,-0.029556,-0.017279,-0.027686,0.002621,0.002401
0,1.665956,-0.149778,1.804473,-0.290963,1.852249,-0.317606,0.002195,0.002614
0,3.964282,-0.61961,2.277986,-0.475946,2.236694,-0.502869,0.001171,0.002996
0,3.731706,-0.897485,-0.247272,-0.300449,-0.21383,-0.279301,0.002588,2.8e-05
0,3.404021,-0.903614,-0.329825,0.003421,-0.297012,-0.025396,0.003132,0.000135
0,2.778901,-0.783243,-0.617827,0.13153,-0.651401,0.145583,0.001594,0.001966
0,2.308449,-0.99047,-0.449724,-0.235356,-0.475061,-0.201279,0.001201,0.001651
0,1.822772,-0.873969,-0.499542,0.122622,-0.452014,0.10503,0.000542,0.000382
0,1.338621,-0.659701,-0.509628,0.190596,-0.518909,0.217899,9e-05,0.003696
0,1.036312,-0.233214,-0.279297,0.398558,-0.298022,0.369924,0.002451,0.003748
0,0.717211,-0.245761,-0.341587,0.001822,-0.334893,0.015742,0.003118,0.003529
0,0.51901,0.014397,-0.203993,0.283873,-0.217662,0.27449,0.001241,0.000251
0,0.038966,0.025226,-0.459264,-0.018454,-0.442585,-0.040218,0.00068,0.00044
0,-0.230093,0.174417,-0.277035,0.157232,-0.267817,0.1779,0.003802,0.003044
0,-0.087744,0.278132,0.117891,0.07731,0.149463,0.055852,0.001531,0.002964
0,-0.103511,0.37268,-0.034702,0.089896,-0.036551,0.068266,0.001807,0.001313
0,-0.068727,0.273854,0.051448,-0.093096,0.049714,-0.122193,0.0012,0.003038
0,-0.194589,0.088719,-0.154661,-0.198225,-0.149073,-0.162658,0.003396,0.001548
0,-0.305729,0.152104,-0.108335,0.079037,-0.135113,0.107781,0.002482,0.002655
0,-0.166096,0.07326,0.11386,-0.072249,0.128569,-0.079695,0.002899,0.001279
0,-0.20568,-0.034957,-0.068416,-0.118186,-0.111364,-0.068765,0.00359,0.00061
0,-0.264753,-0.058159,-0.050823,-0.052828,-0.082129,-0.010627,0.003197,0.001015
0,0.058892,-0.126628,0.326768,-0.052419,0.332136,-0.007197,0.001028,0.00221
0,0.037338,-0.187434,0.007734,-0.062216,-0.035381,-0.106875,0.000652,0.003271
0,0.075218,0.130537,0.045776,0.327477,0.067056,0.369083,0.001313,0.002278
0,-0.245338,-0.085869,-0.299459,-0.215904,-0.259256,-0.232581,0.003536,0.001499
0,-0.043472,-0.072384,0.221695,-0.002079,0.230554,0.032743,0.000759,0.001263
0,-0.107009,-0.099365,-0.066604,-0.007374,-0.045463,-0.018904,0.001868,0.001734
0,-0.152469,0.000837,-0.073245,0.121363,-0.033249,0.170747,0.002661,1.5e-05
0,0.007721,0.00412,0.168965,0.012406,0.182764,0.039568,0.000135,7.2e-05
0,-0.034417,0.144048,-0.044175,0.168632,-0.013348,0.183667,0.000601,0.002514
0,-0.195412,-0.152274,-0.132949,-0.276956,-0.112058,-0.250511,0.003411,0.002658
0,-0.130796,0.022867,0.062187,0.190628,0.102371,0.202673,0.002283,0.000399
0,-0.13884,0.000571,0.012663,-0.033249,0.00694,-0.071397,0.002423,1e-05
0,0.094655,0.002586,0.239757,0.022615,0.204233,-0.004053,0.001652,4.5e-05
0,0.120091,-0.148041,0.000128,-0.127091,-0.02293,-0.112231,0.002096,0.002584
0,-0.044613,0.109892,-0.166676,0.282414,-0.191443,0.30745,0.000779,0.001918
0,-0.001722,-0.128257,0.017633,-0.21476,0.041407,-0.193906,3e-05,0.002239
0,0.02873,-0.03829,0.013503,0.112982,0.01332,0.151503,0.000501,0.000668
0,0.087443,-0.216622,0.054251,-0.20749,0.03969,-0.204537,0.001526,0.003781
0,0.113958,-0.056767,0.052584,0.151329,0.101196,0.178722,0.001989,0.000991
0,-0.068414,-0.048288,-0.169552,0.02019,-0.214846,0.000472,0.001194,0.000843
0,0.130864,-0.16544,0.19661,-0.095073,0.220414,-0.135505,0.002284,0.002887
0,-0.013329,-0.080107,-0.137951,0.06905,-0.17893,0.021163,0.000233,0.001398
0,0.016309,-0.106352,0.049077,-0.025746,0.078545,-0.072506,0.000285,0.001856
0,0.04009,0.050971,0.022076,0.145532,0.041106,0.131635,0.0007,0.00089
0,0.044028,0.00949,0.030287,-0.05741,0.023717,-0.056159,0.000768,0.000166
0,0.201251,-0.117674,0.174426,-0.127527,0.1777,-0.111575,0.003512,0.002054
0,0.07013,-0.0955,-0.112382,0.013783,-0.076052,0.010147,0.001224,0.001667
0,0.063695,-0.114932,0.003379,-0.039857,-0.009534,-0.086051,0.001112,0.002006
0,0.114132,-0.185346,0.073291,-0.085766,0.041839,-0.104292,0.001992,0.003235
0,-0.024378,-0.012229,-0.125514,0.167117,-0.080454,0.15122,0.000425,0.000213
0,-0.162011,-0.060263,-0.158455,-0.024585,-0.11225,0.003986,0.002828,0.001052
0,0.148703,0.044113,0.285046,0.125884,0.247799,0.161322,0.002595,0.00077
0,-0.083682,-0.179966,-0.217043,-0.222567,-0.206904,-0.223387,0.001461,0.003141
0,0.004033,-0.129073,0.072164,0.046711,0.117799,0.070005,7e-05,0.002253
0,-0.043844,-0.035657,-0.050748,0.074415,-0.012178,0.086204,0.000765,0.000622
0,-0.141116,-0.057183,-0.082815,-0.043257,-0.092361,-0.062027,0.002463,0.000998
0,0.075342,-0.014442,0.196481,0.026491,0.229721,-0.012995,0.001315,0.000252
0,0.073082,0.025437,-0.00872,0.02409,0.032655,0.024149,0.001276,0.000444
0,0.120202,-0.13909,0.059656,-0.194294,0.080426,-0.235091,0.002098,0.002428
0,-0.076838,-0.049252,-0.170181,0.113141,-0.212752,0.084098,0.001341,0.00086
0,-0.043258,0.010158,0.055517,0.060728,0.098573,0.085254,0.000755,0.000177
0,0.13062,0.000321,0.146468,-0.027637,0.151028,0.001904,0.00228,6e-06
0,-0.061269,0.058674,-0.175743,0.042628,-0.175218,0.077967,0.001069,0.001024
0,-0.080957,-0.046381,-0.020715,-0.079095,0.023436,-0.085968,0.001413,0.000809
0,-0.051947,-0.016354,0.011232,0.008363,0.000128,-0.020626,0.000907,0.000285
0,0.085467,0.108025,0.158474,0.148669,0.176989,0.17598,0.001492,0.001885
0,0.163088,-0.009809,0.081904,-0.119843,0.080868,-0.074793,0.002846,0.000171
0,0.194416,0.000885,0.045266,0.02657,0.024489,0.042889,0.003393,1.5e-05
0,0.164902,-0.06645,-0.053361,-0.079217,-0.034404,-0.040389,0.002878,0.00116
0,-0.071566,0.108829,-0.208999,0.184215,-0.204847,0.14339,0.001249,0.001899
0,0.013888,-0.125597,0.064344,-0.254002,0.085767,-0.283234,0.000242,0.002192
0,-0.076774,-0.112192,-0.111587,0.013754,-0.092761,-0.012933,0.00134,0.001958
0,0.143567,-0.008025,0.238943,0.120646,0.238793,0.095147,0.002506,0.00014
0,0.090239,-0.155395,-0.044226,-0.176431,-0.08383,-0.189778,0.001575,0.002712
0,0.036575,-0.095456,-0.082242,0.078547,-0.079346,0.118561,0.000638,0.001666
0,0.095348,-0.074098,0.062049,0.028415,0.093025,0.070526,0.001664,0.001293
0,-0.054243,0.040566,-0.147398,0.132341,-0.171666,0.166121,0.000947,0.000708
0,-0.044942,-0.141601,0.025217,-0.165002,-0.014946,-0.214234,0.000784,0.002471
0,-0.008213,0.007348,0.029344,0.175537,0.031371,0.172428,0.000143,0.000128
0,-0.055151,-0.122345,-0.021599,-0.15873,0.028,-0.196279,0.000963,0.002135
0,-0.117279,0.002227,-0.09098,0.101796,-0.088603,0.151382,0.002047,3.9e-05
0,-0.174963,-0.116834,-0.051902,-0.143146,-0.040353,-0.127195,0.003054,0.002039
0,-0.07371,-0.011053,0.117468,0.082208,0.098879,0.119526,0.001286,0.000193
0,-0.125997,-0.163107,-0.02579,-0.161156,-0.051975,-0.184319,0.002199,0.002847
0,-0.064576,0.018749,0.045264,0.152482,0.04138,0.186699,0.001127,0.000327
0,-0.078455,0.076713,-0.018068,0.047242,-0.041744,0.080286,0.001369,0.001339
0,0.103584,-0.096664,0.167304,-0.183732,0.213418,-0.232687,0.001808,0.001687
0,-0.13287,0.012007,-0.245886,0.10528,-0.254319,0.150294,0.002319,0.00021
0,0.009411,0.081157,0.119776,0.095793,0.108128,0.143965,0.000164,0.001416
0,-0.055843,0.038717,-0.091859,-0.045217,-0.131006,-0.045547,0.000975,0.000676
0,-0.159928,0.136899,-0.096762,0.125868,-0.101689,0.16948,0.002791,0.002389
0,-0.03029,0.151185,0.109657,0.02001,0.131878,-0.010806,0.000529,0.002639
0,-0.030694,0.009162,0.019995,-0.112502,0.038802,-0.098842,0.000536,0.00016
0,0.073756,0.012393,0.129881,0.00373,0.111273,-0.045451,0.001287,0.000216
0,-0.091269,0.082362,-0.177611,0.043174,-0.222396,0.03191,0.001593,0.001437
0,-0.037461,0.182251,0.070704,0.09554,0.100347,0.055311,0.000654,0.003181
0,-0.109494,0.202348,-0.05427,0.045387,-0.079363,0.07925,0.001911,0.003532
0,-0.049108,0.176319,0.040597,0.0027,0.005874,-0.028186,0.000857,0.003077
0,-0.139836,0.124412,-0.092082,-0.079374,-0.117193,-0.04025,0.002441,0.002171
0,-0.060757,0.080005,0.086745,-0.041564,0.085723,-0.02977,0.00106,0.001396
0,-0.005572,0.106893,0.052154,0.024858,0.007751,0.038186,9.7e-05,0.001866
0,-0.044983,0.189298,-0.017154,0.084614,-0.02002,0.049889,0.000785,0.003304
0,-0.15915,0.00717,-0.134177,-0.163969,-0.111545,-0.148271,0.002778,0.000125
0,-0.191169,0.248337,-0.005094,0.237761,0.000511,0.276235,0.003337,0.003484
0,0.12124,-0.037308,0.321751,-0.30533,0.357736,-0.256621,0.002116,0.000651
0,0.078422,0.197919,-0.055702,0.241064,-0.018778,0.250064,0.001369,0.003454
0,-0.093433,0.093623,-0.195904,-0.128338,-0.226875,-0.143553,0.001631,0.001634
0,0.028018,-0.005972,0.133048,-0.078446,0.100456,-0.073372,0.000489,0.000104
0,-0.193395,0.183294,-0.245282,0.209448,-0.287842,0.233212,0.003375,0.003199
0,-0.202635,0.089976,-0.01267,-0.085501,-0.026623,-0.096719,0.003537,0.00157
0,-0.136555,0.073086,0.056393,0.000671,0.023982,0.020676,0.002383,0.001276
0,-0.043713,0.106764,0.120491,0.059341,0.157855,0.045777,0.000763,0.001863
0,-0.226375,0.197086,-0.205186,0.101099,-0.191273,0.093906,0.003867,0.00344
0,-0.21286,0.0658,-0.013248,-0.16098,-0.057572,-0.141742,0.003715,0.001148
0,-0.095785,-0.039203,0.128073,-0.083461,0.165516,-0.038145,0.001672,0.000684
0,0.01443,0.041702,0.116514,0.109019,0.162046,0.15162,0.000252,0.000728
0,-0.109593,0.217376,-0.139409,0.186844,-0.143358,0.137263,0.001913,0.003794
0,-0.20159,0.150029,-0.062022,-0.045564,-0.073675,-0.006672,0.003518,0.002618
0,-0.131809,-0.027923,0.073557,-0.185223,0.028878,-0.223558,0.002301,0.000487
0,-0.271371,0.077407,-0.169162,0.077561,-0.15987,0.028307,0.003082,0.001351
0,-0.06032,0.014413,0.184766,-0.061289,0.144358,-0.081111,0.001053,0.000252
0,-0.306005,0.074739,-0.262525,0.075722,-0.283544,0.065603,0.002477,0.001304
0,-0.19166,-0.060936,0.111684,-0.127402,0.104994,-0.125876,0.003345,0.001064
0,-0.12142,0.152726,0.083442,0.224636,0.064135,0.183007,0.002119,0.002666
0,-0.188634,0.052264,-0.040388,-0.105457,-0.047292,-0.097089,0.003292,0.000912
0,-0.238709,0.121374,-0.029545,0.091281,-0.043479,0.077245,0.003652,0.002118
0,-0.012263,0.096184,0.219597,-0.006056,0.196809,-0.015547,0.000214,0.001679
0,-0.230967,0.139979,-0.194783,0.038424,-0.197763,0.049584,0.003787,0.002443
0,-0.097365,0.098554,0.145288,-0.054223,0.134185,-0.054441,0.001699,0.00172
0,-0.004057,0.111655,0.116128,0.00142,0.15848,0.029123,7.1e-05,0.001949
0,-0.092236,0.022551,-0.060716,-0.060612,-0.011139,-0.027997,0.00161,0.000394
0,-0.228392,0.152018,-0.124021,0.102221,-0.167251,0.132096,0.003832,0.002653
0,-0.287354,-0.098078,-0.065065,-0.249593,-0.064422,-0.218222,0.002803,0.001712
0,1.600694,-1.11378,1.87765,-1.013255,1.884492,-0.989295,0.003334,0.003803
0,4.208758,-2.392426,2.637747,-1.268495,2.613666,-1.287773,0.003096,0.002666
0,3.908214,-2.425719,-0.304126,-0.003416,-0.347774,0.04524,0.00215,0.003247
0,4.639097,-2.078975,0.727148,0.341566,0.761095,0.29242,0.002789,0.002804
0,4.192551,-1.745786,-0.471538,0.344508,-0.485114,0.309618,0.002813,0.000802
0,3.615598,-1.444889,-0.581483,0.294913,-0.574852,0.257432,0.000561,0.001764
0,2.68366,-0.910054,-0.943828,0.505093,-0.952473,0.540749,6.9e-05,0.000248
0,1.862207,-0.622348,-0.818014,0.268437,-0.823949,0.304078,0.00123,0.003044
0,0.715079,-0.383859,-1.143223,0.244087,-1.150605,0.28525,0.003155,0.001118
0,0.350663,-0.166342,-0.367642,0.202548,-0.327104,0.252003,0.001698,0.002903
0,0.256596,-0.131481,-0.102573,0.033639,-0.081833,0.029562,0.003339,0.002295
0,0.15591,-0.014759,-0.090094,0.115526,-0.131264,0.137235,0.002721,0.000258
0,0.147279,0.077037,0.017447,0.070898,0.030537,0.111674,0.002571,0.001345
0,0.370398,0.062275,0.245353,-0.028086,0.267183,0.009646,0.001353,0.001087
0,0.100132,-0.112719,-0.26767,-0.201243,-0.246141,-0.226993,0.001748,0.001967
0,0.347488,-0.016368,0.250432,0.119958,0.300288,0.123042,0.001753,0.000286
0,0.210903,0.00729,-0.141646,0.009432,-0.116491,-0.014813,0.003681,0.000127
0,0.232366,-0.045911,0.025771,-0.071966,0.032801,-0.054224,0.003762,0.000801
0,0.286745,-0.151785,0.06277,-0.096776,0.028548,-0.08886,0.002813,0.002649
0,0.053386,0.090285,-0.234125,0.227244,-0.271031,0.227828,0.000932,0.001576
0,0.097628,0.008876,0.070373,-0.073265,0.061459,-0.100056,0.001704,0.000155
0,0.015722,-0.110004,-0.060521,-0.146712,-0.089461,-0.149025,0.000274,0.00192
0,0.168348,-0.159592,0.15177,-0.050353,0.131518,-0.068295,0.002938,0.002785
0,0.056304,-0.115455,-0.101845,0.037025,-0.101687,0.008891,0.000983,0.002015
0,0.062665,0.047898,-0.018142,0.155046,-0.028717,0.114553,0.001094,0.000836
0,0.108544,-0.149837,0.036989,-0.213255,0.063158,-0.244929,0.001894,0.002615
0,0.231068,-0.1543,0.103861,-0.022226,0.152921,-0.037474,0.003785,0.002693
0,0.288565,0.079127,0.046249,0.232006,0.070167,0.196307,0.002781,0.001381
0,0.333214,0.055554,0.062715,-0.014708,0.019994,0.020253,0.002002,0.00097
0,0.328687,-0.160705,0.001512,-0.238404,-0.012494,-0.231696,0.002081,0.002805
0,0.244843,-0.019715,-0.096335,0.157794,-0.091145,0.139923,0.003545,0.000344
0,0.062518,-0.057889,-0.200757,-0.049433,-0.186636,-0.016443,0.001091,0.00101
0,0.217686,-0.141217,0.133209,-0.099309,0.17772,-0.12624,0.003799,0.002465
0,0.262564,-0.015366,0.066813,0.149945,0.059163,0.136171,0.003235,0.000268
0,0.248336,-0.065936,-0.014757,-0.035466,-0.020953,-0.062371,0.003484,0.001151
0,0.197657,-0.077033,-0.027188,0.018453,-0.016273,0.02656,0.00345,0.001344
0,0.213389,0.071079,0.00217,0.138416,0.051255,0.165582,0.003724,0.001241
0,0.174087,-0.131536,-0.060508,-0.199146,-0.034218,-0.226056,0.003038,0.002296
0,0.237447,-0.014757,0.079643,0.1061,0.052448,0.075034,0.003674,0.000258
0,0.236357,0.097084,0.026988,0.125417,-0.003268,0.167076,0.003693,0.001694
0,0.073133,-0.123077,-0.185002,-0.205368,-0.203572,-0.21526,0.001276,0.002148
0,0.044467,-0.161154,-0.035064,-0.042569,0.012752,-0.043632,0.000776,0.002813
0,0.120554,0.071145,0.062513,0.225667,0.017841,0.182614,0.002104,0.001242
0,0.261493,-0.059887,0.160549,-0.104262,0.122441,-0.141482,0.003254,0.001045
0,0.035584,-0.083805,-0.238814,-0.017716,-0.251742,0.031035,0.000621,0.001463
0,-0.051165,-0.086993,-0.080538,0.00556,-0.082248,0.014689,0.000893,0.001518
0,0.180964,-0.094561,0.246673,-0.014098,0.284034,0.011593,0.003158,0.00165
0,0.097066,-0.048913,-0.103595,0.046388,-0.109474,0.08071,0.001694,0.000854
0,0.210589,-0.058206,0.138148,-0.033587,0.098389,-0.007894,0.003675,0.001016
0,-0.01644,-0.163507,-0.207668,-0.075321,-0.197046,-0.077243,0.000287,0.002854
0,0.018083,-0.024607,0.039337,0.157647,0.042446,0.115154,0.000316,0.000429
0,0.130412,-0.07709,0.105161,-0.057631,0.099966,-0.016677,0.002276,0.001345
0,0.047816,-0.114953,-0.098888,-0.00909,-0.099268,0.025689,0.000835,0.002006
0,0.074035,0.056573,0.055522,0.144122,0.08622,0.17996,0.001292,0.000987
0,-0.089505,-0.158903,-0.153856,-0.21646,-0.141009,-0.169767,0.001562,0.002773
0,0.156023,0.083298,0.238209,0.2251,0.231097,0.216635,0.002723,0.001454
0,0.174665,0.064343,-0.010075,-0.009261,0.01758,0.025813,0.003048,0.001123
0,-0.019194,0.066751,-0.184184,0.025044,-0.157545,-0.017314,0.000335,0.001165
0,0.009176,0.069496,0.010605,-0.023702,-0.013398,-0.021539,0.00016,0.001213
0,-0.000344,-0.165165,-0.013677,-0.238909,0.012869,-0.253665,6e-06,0.002883
0,-0.012987,0.032174,-0.030307,0.192812,-0.036836,0.181984,0.000227,0.000562
0,-0.075918,-0.030886,-0.049432,-0.087642,-0.039505,-0.126253,0.001325,0.000539
0,0.026146,-0.08354,0.123012,-0.041786,0.113534,-0.00135,0.000456,0.001458
0,0.109628,-0.077047,0.085653,0.016571,0.105937,-0.016203,0.001913,0.001345
0,0.183827,0.060483,0.062567,0.166534,0.071371,0.16104,0.003208,0.001056
0,0.189209,-0.077292,0.016074,-0.141456,0.007514,-0.148074,0.003302,0.001349
0,0.106444,0.136357,-0.059356,0.183828,-0.088319,0.139759,0.001858,0.00238
0,0.081797,-0.009163,-0.003905,-0.170847,0.015199,-0.143992,0.001428,0.00016
0,0.225195,-0.066437,0.114556,-0.079377,0.114342,-0.059667,0.003887,0.00116
0,0.215027,-0.083596,-0.025393,-0.020537,-0.010625,-0.054032,0.003753,0.001459
0,0.002305,0.016389,-0.23052,0.109114,-0.227567,0.150079,4e-05,0.000286
0,0.125268,-0.025974,0.138869,-0.067472,0.122432,-0.086087,0.002186,0.000453
0,0.188834,0.057023,0.048482,0.091008,0.044174,0.046433,0.003296,0.000995
0,0.057642,-0.102209,-0.115245,-0.130601,-0.115328,-0.126241,0.001006,0.001784
0,0.095288,-0.02694,0.039059,0.050155,0.032154,0.099837,0.001663,0.00047
0,0.148645,-0.082822,0.077575,-0.034186,0.127147,-0.070135,0.002594,0.001446
0,0.046215,0.146508,-0.109947,0.220123,-0.105985,0.251857,0.000807,0.002557
0,0.048027,0.080793,-0.023194,-0.086133,-0.068315,-0.075085,0.000838,0.00141
0,-0.002545,-0.104633,-0.024731,-0.214446,-0.00679,-0.209319,4.4e-05,0.001826
0,0.040698,0.146852,0.061727,0.258611,0.098499,0.30434,0.00071,0.002563
0,0.155109,0.092486,0.12516,-0.033588,0.155099,0.000614,0.002707,0.001614
0,0.330222,-0.025765,0.15838,-0.09122,0.195304,-0.067732,0.002054,0.00045
0,0.032594,0.02729,-0.301541,0.069187,-0.327224,0.04271,0.000569,0.000476
0,0.075881,-0.066936,0.065043,-0.088454,0.084882,-0.129343,0.001324,0.001168
0,0.208195,-0.040856,0.113634,0.020903,0.126036,-0.021671,0.003634,0.000713
0,0.236219,0.044187,0.001906,0.101174,0.033191,0.099997,0.003695,0.000771
0,0.159823,0.133867,-0.076004,0.082788,-0.080482,0.062829,0.002789,0.002336
0,0.055315,0.069418,-0.107412,-0.082075,-0.156161,-0.053922,0.000965,0.001212
0,0.098155,0.092896,0.070313,-0.004714,0.073621,0.002815,0.001713,0.001621
0,-3.018033,0.40509,-3.120589,0.312472,-3.161472,0.343267,0.002051,0.000748
0,-2.968287,0.87075,0.025811,0.457996,0.056628,0.456237,0.002919,0.000438
0,-2.843428,1.238356,0.127584,0.352327,0.152536,0.3631,0.00272,0.00184
0,-2.929285,1.264508,-0.081455,0.052603,-0.092405,0.046984,0.003599,0.001384
0,-2.171389,1.354227,0.758636,0.087043,0.792246,0.087311,0.001192,0.000182
0,-1.450896,1.009939,0.707379,-0.353197,0.703075,-0.38812,0.001869,0.001991
0,-1.21577,0.876707,0.212277,-0.152044,0.189031,-0.162685,0.002234,0.000334
0,-0.705188,0.84207,0.537196,-0.059633,0.537559,-0.10242,0.003328,0.000939
0,-0.423265,0.583107,0.260219,-0.276802,0.214366,-0.297138,0.000431,0.002359
0,-0.200803,0.536499,0.213425,-0.060057,0.178284,-0.032775,0.003505,0.001546
0,-0.055181,0.303463,0.128031,-0.225238,0.126019,-0.222012,0.000963,0.002521
0,0.215565,0.061231,0.263735,-0.252814,0.236216,-0.289186,0.003762,0.001069
0,0.269069,-0.088658,0.051654,-0.158272,0.03673,-0.150121,0.003122,0.001547
0,0.308213,-0.150224,0.020417,-0.051799,0.062328,-0.091258,0.002439,0.002622
0,0.167892,-0.137087,-0.156408,0.015759,-0.177323,-0.013323,0.00293,0.002393
0,0.157844,-0.244109,-0.013315,-0.13338,0.007347,-0.128196,0.002755,0.003557
0,-0.13585,-0.407227,-0.277246,-0.171949,-0.234811,-0.178196,0.002371,0.00071
0,-0.386275,-0.65851,-0.25081,-0.271325,-0.254719,-0.279684,0.001076,0.003675
0,-0.352914,-0.519742,0.015206,0.154668,0.008461,0.204524,0.001658,0.001253
0,-0.489338,-0.555989,-0.133607,-0.018867,-0.141043,-0.005072,0.000723,0.001886
0,-0.572956,-0.46782,-0.091604,0.081776,-0.091234,0.079486,0.002182,0.000347
0,-0.490185,-0.540453,0.063507,-0.070243,0.032751,-0.025037,0.000737,0.001615
0,-0.314114,-0.407496,0.188363,0.10401,0.19787,0.145082,0.002336,0.000706
0,-0.274279,-0.304927,0.051029,0.087555,0.033838,0.094892,0.003031,0.002496
0,-0.113082,-0.165578,0.166068,0.118391,0.184358,0.157077,0.001974,0.00289
0,-0.035695,0.001865,0.081414,0.175063,0.073237,0.14045,0.000623,3.3e-05
0,0.136685,-0.167369,0.165057,-0.17638,0.196232,-0.181597,0.002386,0.002921
0,-0.085124,0.05446,-0.233405,0.192425,-0.240464,0.152226,0.001486,0.000951
0,-0.023437,0.114422,0.04688,0.046653,-0.00301,0.091192,0.000409,0.001997
0,0.106084,0.116273,0.107949,-0.016787,0.080556,-0.026046,0.001852,0.002029
0,0.173856,-0.076863,0.082212,-0.219294,0.105217,-0.181323,0.003034,0.001342
0,0.031935,0.148129,-0.121591,0.237559,-0.158539,0.199005,0.000557,0.002585
0,0.043923,-0.042258,0.023501,-0.210815,-0.011205,-0.206721,0.000767,0.000738
0,0.019343,-0.048551,-0.002894,-0.018778,-0.013527,-0.056667,0.000338,0.000847
0,0.175288,0.087932,0.15776,0.136359,0.191761,0.112514,0.003059,0.001535
0,0.207755,0.006235,0.041611,-0.095537,0.068304,-0.081031,0.003626,0.000109
0,0.254224,-0.027995,0.033932,-0.011149,0.00755,-0.027719,0.003381,0.000489
0,0.071902,-0.006828,-0.19547,0.044826,-0.227852,0.066498,0.001255,0.000119
0,0.023169,-0.121367,-0.056027,-0.098522,-0.064812,-0.128853,0.000404,0.002118
0,0.003127,-0.100539,0.006356,0.022423,-0.034563,0.013405,5.5e-05,0.001755
0,0.141275,0.16034,0.12634,0.284894,0.155046,0.246247,0.002466,0.002798
0,-0.010018,0.04235,-0.164466,-0.140221,-0.174075,-0.15856,0.000175,0.000739
0,0.134327,0.090888,0.166365,0.05568,0.190347,0.069181,0.002344,0.001586
0,-0.120276,-0.030253,-0.245927,-0.110375,-0.285561,-0.111028,0.002099,0.000528
0,0.064246,0.091661,0.156446,0.142641,0.161991,0.152264,0.001121,0.0016
0,0.065799,0.055047,0.018213,-0.031352,-0.012126,-0.01157,0.001148,0.000961
0,-0.121373,0.175048,-0.203788,0.127325,-0.168506,0.137695,0.002118,0.003055
0,0.087864,0.08249,0.236049,-0.118086,0.210789,-0.115412,0.001534,0.00144
0,-0.124582,0.00487,-0.208241,-0.059281,-0.183644,-0.103129,0.002174,8.5e-05
0,0.104844,0.080649,0.243733,0.089152,0.290087,0.118434,0.00183,0.001408
0,0.052008,0.03004,-0.080429,-0.029289,-0.05871,-0.004703,0.000908,0.000524
0,0.127653,-0.040723,0.047866,-0.049782,0.004469,-0.046574,0.002228,0.000711
0,-0.10759,0.101284,-0.264169,0.169388,-0.262301,0.144608,0.001878,0.001768
0,0.012467,-0.044657,0.14737,-0.153177,0.11555,-0.201192,0.000218,0.000779
0,0.075042,0.068478,0.065119,0.121443,0.036709,0.118956,0.00131,0.001195
0,-0.102056,0.078494,-0.169981,-0.007963,-0.169798,-0.011205,0.001781,0.00137
0,0.168998,0.16006,0.289934,0.062786,0.254717,0.110753,0.00295,0.002794
0,0.045937,-0.064601,-0.106899,-0.252567,-0.139665,-0.273627,0.000802,0.001128
0,0.1319,0.043598,0.066,0.102868,0.040877,0.066484,0.002302,0.000761
0,0.127106,-0.03595,-0.004402,-0.097357,0.015171,-0.121857,0.002218,0.000627
0,0.016767,0.119118,-0.100086,0.152088,-0.147719,0.176903,0.000293,0.002079
0,-0.162166,0.113614,-0.189537,0.01671,-0.198939,0.018098,0.00283,0.001983
0,-0.152274,-0.034128,0.021508,-0.119939,0.023871,-0.163717,0.002658,0.000596
0,0.010771,0.149102,0.152629,0.175036,0.190738,0.182415,0.000188,0.002602
0,-0.064295,0.138503,-0.047529,-0.030133,-0.044904,-0.004506,0.001122,0.002417
0,0.028564,0.105361,0.103925,-0.055337,0.112987,-0.047097,0.000499,0.001839
0,-0.169151,0.059367,-0.215358,-0.074973,-0.178579,-0.102053,0.002952,0.001036
0,-0.058609,0.237949,0.127986,0.150676,0.128997,0.187554,0.001023,0.003665
0,-0.037717,0.182197,-0.008756,-0.057312,-0.039142,-0.030982,0.000658,0.00318
0,-0.135976,0.224026,-0.115791,0.061568,-0.106051,0.079698,0.002373,0.003908
0,-0.115806,0.024139,0.034566,-0.214394,0.073992,-0.188325,0.002021,0.000421
0,0.101319,0.063298,0.213973,0.041084,0.248495,-0.008087,0.001768,0.001105
0,0.141816,0.135569,0.035056,0.085839,0.054361,0.105906,0.002475,0.002366
0,-0.031932,-0.003572,-0.167772,-0.134791,-0.188294,-0.16187,0.000557,6.2e-05
0,-0.020627,0.082472,-0.015793,0.078883,-0.01235,0.058643,0.00036,0.001439
0,0.271492,-0.092817,0.288751,-0.198096,0.313293,-0.169469,0.003079,0.00162
0,1.017736,-0.771313,0.767723,-0.706678,0.728226,-0.727846,0.002127,0.002174
0,1.885182,-1.325898,0.854833,-0.54085,0.827531,-0.562448,0.001631,0.000312
0,2.354433,-1.311897,0.469997,0.002035,0.446281,-0.035568,0.002003,0.000557
0,2.355868,-1.153934,0.019105,0.180333,0.000834,0.188608,0.002028,0.003314
0,2.045384,-1.059785,-0.326391,0.084796,-0.333794,0.07417,0.003391,0.002861
0,1.775079,-0.994867,-0.275616,0.076456,-0.238933,0.121075,0.000291,0.001728
0,1.857143,-0.823774,0.063523,0.180618,0.081957,0.14352,0.001142,0.001258
0,1.508132,-0.671348,-0.322549,0.147101,-0.364897,0.172175,0.002868,0.003899
0,1.205104,-0.457797,-0.309052,0.205542,-0.343344,0.241874,0.002421,0.000172
0,0.653297,-0.389628,-0.533368,0.044572,-0.548838,0.009127,0.003584,0.001018
0,0.134126,0.027494,-0.547555,0.399452,-0.562428,0.396166,0.002341,0.00048
0,0.105158,0.020962,-0.03331,0.019085,-0.027864,0.048684,0.001835,0.000366
0,-0.094042,-0.096706,-0.20263,-0.140955,-0.219233,-0.113829,0.001641,0.001688
0,-0.080335,0.100633,-0.003459,0.214045,-0.011403,0.20405,0.001402,0.001756
0,-0.040654,0.023026,0.068091,-0.096865,0.036498,-0.075945,0.00071,0.000402
0,-0.273929,0.280047,-0.233327,0.255631,-0.253074,0.243882,0.003037,0.00293
0,-0.257018,0.245821,0.019888,-0.026448,0.031879,-0.06978,0.003332,0.003527
0,0.01612,-0.110633,0.296948,-0.363113,0.344361,-0.353933,0.000281,0.001931
0,0.097479,0.065759,0.073712,0.17084,0.074132,0.212065,0.001701,0.001148
0,0.015509,-0.144221,-0.072195,-0.229758,-0.116263,-0.245523,0.000271,0.002517
0,0.020078,0.048664,0.023442,0.192804,0.030026,0.202224,0.00035,0.000849
0,-0.052852,0.077166,-0.100823,0.03586,-0.062161,-0.009978,0.000922,0.001347
0,-0.199293,-0.159212,-0.147158,-0.220034,-0.192539,-0.268039,0.003478,0.002779
0,0.03762,-0.038112,0.243708,0.120491,0.255832,0.103327,0.000657,0.000665
0,-0.062638,0.021784,-0.097586,0.082396,-0.101344,0.048936,0.001093,0.00038
0,-0.070514,0.014368,-0.028224,-0.012869,-0.001448,-0.005489,0.001231,0.000251
0,0.074132,-0.038385,0.164471,-0.038723,0.121411,-0.042607,0.001294,0.00067
0,-0.019647,-0.112122,-0.12152,-0.07056,-0.119924,-0.066564,0.000343,0.001957
0,-0.010536,-0.083351,0.036349,0.020237,-0.011144,-0.028306,0.000184,0.001455
0,-0.170681,-0.14563,-0.162394,-0.061012,-0.190009,-0.020035,0.002979,0.002542
0,0.151588,-0.031334,0.323683,0.099963,0.29299,0.090937,0.002646,0.000547
0,0.126593,-0.19039,-0.008907,-0.135469,-0.057186,-0.156323,0.002209,0.003323
0,0.130309,-0.05845,-0.00487,0.137214,-0.015633,0.099363,0.002274,0.00102
0,-0.02381,-0.160618,-0.144435,-0.078715,-0.160945,-0.108342,0.000416,0.002803
0,0.045822,-0.046332,0.064025,0.127004,0.064622,0.145614,0.0008,0.000809
0,0.080124,-0.023036,0.015439,0.046153,0.014436,0.042282,0.001398,0.000402
0,0.18985,-0.165064,0.133855,-0.165178,0.167465,-0.160114,0.003314,0.002881
0,0.152057,0.071988,-0.040266,0.233348,0.003235,0.238247,0.002654,0.001256
0,-0.159312,-0.069691,-0.333285,-0.158945,-0.360564,-0.150812,0.002781,0.001216
0,0.065853,-0.00716,0.196883,0.05379,0.156681,0.037791,0.001149,0.000125
0,0.007659,0.003929,-0.058145,0.004877,-0.051132,0.003306,0.000134,6.9e-05
0,0.071218,-0.059374,0.047698,-0.07109,0.095471,-0.059815,0.001243,0.001036
0,0.072865,-0.153305,0.019096,-0.111889,0.035295,-0.067002,0.001272,0.002676
0,-0.137289,-0.031716,-0.226145,0.133616,-0.26482,0.120162,0.002396,0.000554
0,-0.163415,-0.068223,-0.02436,-0.016188,-0.056349,-0.012093,0.002852,0.001191
0,-0.199566,-0.017846,-0.030629,0.022413,0.013657,0.06782,0.003483,0.000311
0,-0.084872,0.041641,0.114598,0.041233,0.077693,0.045765,0.001481,0.000727
0,-0.02741,-0.20154,0.04363,-0.219542,0.087744,-0.175708,0.000478,0.003518
0,-0.167205,-0.09867,-0.12789,0.089535,-0.154518,0.046211,0.002918,0.001722
0,-0.011773,-0.097394,0.154803,-0.01505,0.188211,-0.039561,0.000205,0.0017
0,-0.119616,-0.149551,-0.094544,-0.025247,-0.049546,0.013896,0.002088,0.00261
0,0.044598,0.036783,0.150194,0.164709,0.175623,0.129549,0.000778,0.000642
0,-0.047516,-0.213131,-0.099827,-0.261886,-0.1315,-0.224988,0.000829,0.00372
0,-0.072493,0.021398,-0.025013,0.216778,-0.017323,0.256903,0.001265,0.000373
0,0.020894,-0.108244,0.079341,-0.132572,0.110995,-0.14968,0.000365,0.001889
0,-0.008015,0.001729,-0.000863,0.109054,0.046165,0.140995,0.00014,3e-05
0,-0.192508,-0.043098,-0.182775,-0.016545,-0.166895,0.007793,0.00336,0.000752
0,-0.041779,-0.09043,0.170153,-0.024338,0.201849,-0.006761,0.000729,0.001578
0,-0.146573,-0.030674,-0.087708,0.039743,-0.098663,0.083998,0.002558,0.000535
0,0.019285,0.027169,0.187409,0.082697,0.163859,0.129621,0.000337,0.000474
0,0.014226,0.031331,-0.010366,0.02671,-0.015421,-0.010231,0.000248,0.000547
0,0.141425,-0.087185,0.112877,-0.115982,0.150138,-0.072184,0.002468,0.001522
0,-0.093589,0.07944,-0.216779,0.153829,-0.184261,0.181259,0.001633,0.001386
0,1.122736,-0.892468,1.203349,-0.97415,1.24905,-0.955459,0.003858,5.9e-05
0,2.215345,-1.542833,1.108395,-0.65589,1.108905,-0.663924,0.000424,0.003474
0,2.818936,-1.749213,0.621644,-0.203455,0.587826,-0.212166,0.002292,0.000742
0,3.321612,-1.742315,0.527647,0.013791,0.480493,0.058008,0.003248,0.000862
0,3.504325,-1.818597,0.197912,-0.082459,0.233307,-0.059047,0.001381,0.000469
0,3.260388,-1.660542,-0.233681,0.151771,-0.187946,0.178833,0.002179,0.00229
0,2.632359,-1.323728,-0.616358,0.355036,-0.639286,0.396478,0.000964,0.00035
0,1.982157,-0.964406,-0.633917,0.347529,-0.59946,0.324827,0.003324,0.001196
0,1.058626,-0.417345,-0.920911,0.564483,-0.890244,0.516087,0.002841,0.000534
0,0.758532,-0.257214,-0.305607,0.176276,-0.352831,0.190638,0.002397,0.003329
0,0.264916,-0.128912,-0.489983,0.112138,-0.538324,0.082635,0.003194,0.00225
0,-0.005617,0.067166,-0.270738,0.223178,-0.296473,0.213834,9.8e-05,0.001172
0,-0.147553,0.084929,-0.146143,0.006494,-0.163688,0.01621,0.002575,0.001482
0,-0.464195,0.090686,-0.30417,0.030106,-0.327573,0.026584,0.000284,0.001583
0,-0.363237,0.13868,0.090137,0.076543,0.084096,0.105236,0.001478,0.00242
0,-0.496322,0.03333,-0.113911,-0.095288,-0.097918,-0.13794,0.000845,0.000582
0,-0.149654,-0.044949,0.353777,-0.097133,0.376425,-0.115874,0.002612,0.000785
0,-0.413186,-0.025444,-0.23737,0.042696,-0.190488,-0.004113,0.000606,0.000444
0,2.271756,0.532764,2.655235,0.554903,2.619184,0.580172,0.00056,0.001481
0,2.856798,0.736102,0.559543,0.216795,0.579829,0.259154,0.002953,0.002788
0,3.218741,1.233153,0.3909,0.521409,0.411349,0.535334,0.001452,0.001931
0,2.752863,1.205426,-0.485713,-0.044696,-0.502271,-0.070841,0.001139,0.002415
0,2.693183,1.226537,-0.033176,-0.003398,-0.048409,-0.032214,9.8e-05,0.002047
0,1.985131,0.887488,-0.703656,-0.343757,-0.704038,-0.385526,0.003376,0.000146
0,1.545616,0.605809,-0.460087,-0.26793,-0.479502,-0.268793,0.003522,0.002755
0,0.930472,0.347036,-0.625147,-0.280678,-0.660339,-0.245654,0.000604,0.001761
0,0.542333,0.254261,-0.399915,-0.077665,-0.389102,-0.058003,0.001648,0.00338
0,0.209495,0.175787,-0.322156,-0.09744,-0.278805,-0.083165,0.003656,0.003068
0,0.175788,0.248744,-0.056057,0.10264,-0.009278,0.093401,0.003068,0.003476
0,0.062519,0.076826,-0.091459,-0.163877,-0.08387,-0.154293,0.001091,0.001341
0,-0.035365,0.092375,-0.100763,0.035985,-0.086866,0.076716,0.000617,0.001612
0,-0.177406,0.019717,-0.157745,-0.060491,-0.154028,-0.013139,0.003096,0.000344
0,-0.099141,-0.002973,0.077218,-0.051113,0.064937,-0.094922,0.00173,5.2e-05
0,-0.129687,0.133085,-0.000715,0.143903,-0.043279,0.185192,0.002263,0.002323
0,0.034794,-0.089217,0.157214,-0.220748,0.186335,-0.244433,0.000607,0.001557
0,-0.051299,-0.043923,-0.085336,0.021267,-0.126704,-0.017754,0.000895,0.000767
0,0.00024,-0.063096,0.076482,-0.021527,0.050211,0.004542,4e-06,0.001101
0,-0.07898,-0.149936,-0.096384,-0.0695,-0.118352,-0.092148,0.001378,0.002617
0,-0.114496,-0.151813,-0.030679,-0.011607,-0.057108,-0.033855,0.001998,0.00265
0,0.041256,0.082002,0.144282,0.246338,0.181793,0.263915,0.00072,0.001431
0,0.149846,0.020795,0.101234,-0.034934,0.096583,-0.053138,0.002615,0.000363
0,-0.011199,-0.024379,-0.161556,-0.070966,-0.113847,-0.106467,0.000195,0.000425
0,0.100383,-0.183919,0.11405,-0.138176,0.117007,-0.097397,0.001752,0.00321
0,0.026986,-0.03663,-0.063909,0.171745,-0.100271,0.189128,0.000471,0.000639
0,0.157445,-0.146517,0.1029,-0.128672,0.072434,-0.123823,0.002748,0.002557
0,0.160685,-0.172616,0.017115,-0.028246,-0.004497,-0.006487,0.002804,0.003013
0,-0.094565,-0.129253,-0.279121,0.030869,-0.230056,0.064244,0.00165,0.002256
0,0.076219,-0.169696,0.177349,-0.069883,0.137761,-0.021208,0.00133,0.002962
0,-0.064008,-0.113035,-0.115131,0.08348,-0.119641,0.109888,0.001117,0.001973
0,0.057244,-0.016143,0.139561,0.071505,0.170298,0.119085,0.000999,0.000282
0,-0.091894,0.093844,-0.132441,0.09611,-0.122349,0.118608,0.001604,0.001638
0,0.145319,-0.10653,0.263371,-0.173783,0.249355,-0.130377,0.002536,0.001859
0,0.080881,-0.038782,-0.063097,0.065556,-0.062333,0.02562,0.001412,0.000677
0,-0.039937,0.100504,-0.093688,0.160122,-0.087013,0.140381,0.000697,0.001754
0,0.110374,0.023587,0.163787,-0.088338,0.13523,-0.073885,0.001926,0.000412
0,-0.150613,0.139692,-0.242781,0.099792,-0.251998,0.094842,0.002629,0.002438
0,0.064192,-0.060458,0.206363,-0.207466,0.15755,-0.199054,0.00112,0.001055
0,-0.061545,0.046385,-0.107797,0.129154,-0.115908,0.080138,0.001074,0.00081
0,0.140734,0.001369,0.211248,-0.072358,0.243951,-0.049089,0.002456,2.4e-05
0,0.078194,-0.053351,-0.061959,-0.027133,-0.098558,-0.027495,0.001365,0.000931
0,0.118504,-0.108881,0.041205,-0.033588,0.020531,-0.019388,0.002068,0.0019
0,0.001792,-0.165941,-0.091217,-0.082997,-0.102621,-0.071061,3.1e-05,0.002896
0,-0.114857,-0.092624,-0.140073,0.049151,-0.175508,0.021366,0.002005,0.001617
0,-0.079559,-0.131873,0.014946,-0.013126,-0.007434,-0.012332,0.001389,0.002302
0,-0.06562,-0.04465,0.027692,0.079618,-9.5e-05,0.127558,0.001145,0.000779
0,-0.166697,-0.036117,-0.128134,-0.010208,-0.12467,0.002922,0.002909,0.00063
0,-0.012804,-0.054151,0.167199,0.002077,0.170831,0.038998,0.000223,0.000945
0,0.118311,-0.070125,0.105989,0.009697,0.089383,-0.023788,0.002065,0.001224
0,-0.107773,0.053539,-0.217957,0.104125,-0.208281,0.125307,0.001881,0.000934
0,-0.011927,0.078829,0.097276,-0.000154,0.053554,-0.020568,0.000208,0.001376
0,-0.131617,0.16742,-0.125435,0.089442,-0.161852,0.052972,0.002297,0.002922
0,-0.059624,-0.051908,0.075678,-0.231263,0.106987,-0.243927,0.001041,0.000906
0,0.126607,0.180068,0.160163,0.253318,0.141288,0.260216,0.00221,0.003143
0,0.114424,-0.109838,-0.017476,-0.280413,-0.062217,-0.306269,0.001997,0.001917
0,0.046814,-0.102008,-0.091138,0.034782,-0.109219,0.051157,0.000817,0.00178
0,0.074495,0.019939,0.021706,0.098214,0.019458,0.056055,0.0013,0.000348
0,-0.046867,0.094632,-0.113155,0.098749,-0.125091,0.075331,0.000818,0.001652
0,-0.05792,-0.07824,-0.017716,-0.145091,-0.016245,-0.117231,0.001011,0.001366
0,-0.15227,-0.017633,-0.071412,0.054075,-0.109352,0.029799,0.002658,0.000308
0,0.159567,0.182876,0.325728,0.173768,0.36351,0.203253,0.002785,0.003192
0,0.063162,0.134266,-0.12022,-0.076105,-0.128051,-0.083095,0.001102,0.002343
0,0.079871,0.114427,0.004484,-0.046246,-0.014706,-0.091528,0.001394,0.001997
0,-0.048561,-0.116487,-0.135371,-0.235616,-0.094357,-0.279288,0.000848,0.002033
0,-0.16813,-0.047017,-0.135689,0.061827,-0.152417,0.109171,0.002934,0.000821
0,-0.083922,-0.046459,0.101939,-0.028944,0.148078,0.00339,0.001465,0.000811
0,-0.16851,-0.066131,-0.10999,-0.029754,-0.067046,-0.0199,0.002941,0.001154
0,-0.012243,0.112488,0.147453,0.207166,0.130295,0.168915,0.000214,0.001963
0,-0.096015,-0.076914,-0.071277,-0.211746,-0.06572,-0.227569,0.001676,0.001342
0,-0.179971,0.126866,-0.060606,0.233592,-0.035472,0.210472,0.003141,0.002214
0,0.114799,0.054347,0.309621,-0.077928,0.311939,-0.055702,0.002004,0.000949
0,-0.006456,0.134478,-0.138683,0.063903,-0.167009,0.041807,0.000113,0.002347
0,-0.096191,-0.11606,-0.075126,-0.264413,-0.041861,-0.224549,0.001679,0.002026
0,-0.005671,0.048884,0.077399,0.149101,0.0772,0.100002,9.9e-05,0.000853
0,-0.09937,0.174234,-0.083244,0.146592,-0.119404,0.12841,0.001734,0.003041
0,0.134955,0.067937,0.219174,-0.136129,0.185322,-0.106276,0.002355,0.001186
0,0.164185,0.022055,0.020841,-0.037134,0.009618,-0.081531,0.002866,0.000385
0,0.194996,-0.041328,0.033299,-0.064709,-0.01336,-0.084723,0.003403,0.000721
0,-0.013647,0.085511,-0.20397,0.126206,-0.165769,0.099151,0.000238,0.001492
0,0.151868,0.05873,0.169711,-0.032317,0.189283,-0.03083,0.002651,0.001025
0,0.039289,0.001924,-0.114675,-0.072936,-0.148144,-0.122086,0.000686,3.4e-05
0,0.160624,-0.092707,0.110503,-0.116337,0.071462,-0.134481,0.002803,0.001618
0,0.230138,-0.083186,0.072034,0.033267,0.032718,0.023138,0.003801,0.001452
0,0.01482,0.036876,-0.232305,0.125302,-0.271544,0.077657,0.000259,0.000644
0,0.242208,-0.0907,0.239844,-0.115076,0.26014,-0.147548,0.003591,0.001583
0,0.027724,-0.063013,-0.226509,0.035579,-0.27469,0.041334,0.000484,0.0011
0,-0.091497,-0.022761,-0.105837,0.065734,-0.083185,0.078203,0.001597,0.000397
0,-0.041092,-0.028059,0.0373,0.001414,0.046489,0.022435,0.000717,0.00049
0,0.057868,0.009304,0.085575,0.056704,0.110749,0.041089,0.00101,0.000162
0,-0.001538,0.140095,-0.06381,0.141248,-0.035848,0.182756,2.7e-05,0.002445
0,0.003243,0.032556,0.026744,-0.111201,0.019547,-0.152746,5.7e-05,0.000568
0,-0.109612,0.066297,-0.119992,0.04378,-0.129999,0.012455,0.001913,0.001157
0,-0.096719,-0.049666,0.024387,-0.139731,-0.017632,-0.161932,0.001688,0.000867
0,0.011653,0.008583,0.102272,0.061622,0.118816,0.037321,0.000203,0.00015
0,-0.004222,-0.154405,-0.024478,-0.168545,-0.012367,-0.211202,7.4e-05,0.002695
0,-0.226259,0.109207,-0.220446,0.237295,-0.266018,0.252335,0.003869,0.001906
0,-0.038065,-0.132729,0.176964,-0.239258,0.19087,-0.254211,0.000664,0.002317
0,-0.364399,0.03561,-0.302411,0.158331,-0.340459,0.136631,0.001458,0.000622
0,-0.633332,0.300949,-0.250059,0.253461,-0.201377,0.26893,0.003236,0.002565
0,-0.709603,0.289464,-0.104197,-0.021748,-0.069822,0.003421,0.003251,0.002766
0,-0.747367,0.095449,-0.009928,-0.189463,0.029845,-0.217451,0.002592,0.001666
0,-0.736478,0.089463,0.012359,-0.025082,0.059662,-0.071117,0.002782,0.001561
0,-0.353273,0.190793,0.378735,0.079845,0.396712,0.091915,0.001652,0.00333
0,-0.232592,0.045558,0.111647,-0.12851,0.147399,-0.118079,0.003758,0.000795
0,-0.076424,-0.007618,0.127609,-0.073586,0.123897,-0.042533,0.001334,0.000133
0,0.10081,-0.039159,0.183636,-0.014144,0.19897,-0.047043,0.001759,0.000683
0,0.252759,0.068673,0.151205,0.11749,0.140827,0.128526,0.003406,0.001199
0,0.029471,-0.041236,-0.215864,-0.097594,-0.221751,-0.062328,0.000514,0.00072
0,0.171967,-0.031721,0.157356,0.005821,0.139912,0.036531,0.003001,0.000554
0,0.112251,-0.004745,-0.080661,0.056081,-0.120863,0.046661,0.001959,8.3e-05
0,0.168151,0.195031,0.05175,0.191023,0.019076,0.142682,0.002935,0.003404
0,0.221285,0.019893,0.057859,-0.164391,0.087777,-0.197811,0.003862,0.000347
0,0.022835,0.127344,-0.187356,0.107242,-0.234302,0.117936,0.000399,0.002223
0,0.219547,0.153812,0.17029,0.037222,0.133161,0.04069,0.003832,0.002685
0,0.068043,0.202448,-0.158005,0.057499,-0.186762,0.042159,0.001188,0.003533
0,0.122798,0.065023,0.030292,-0.108143,0.070691,-0.154409,0.002143,0.001135
0,0.210657,0.176414,0.05828,0.139387,0.069321,0.097271,0.003677,0.003079
0,0.247717,0.176287,0.022293,0.008152,-0.01401,0.001641,0.003494,0.003077
0,0.102917,-0.01999,-0.133334,-0.220971,-0.144486,-0.260868,0.001796,0.000349
0,0.05984,-0.009511,-0.016131,-0.014891,-0.044785,-0.009952,0.001044,0.000166
0,0.185362,-0.105971,0.120426,-0.090881,0.120436,-0.102412,0.003235,0.00185
0,0.288044,-0.037564,0.082514,0.085995,0.130632,0.047782,0.002791,0.000656
0,0.261155,0.208034,-0.026512,0.244953,-0.064099,0.290534,0.00326,0.003631
0,0.164395,-0.016248,-0.120191,-0.217721,-0.097165,-0.26541,0.002869,0.000284
0,-0.022588,0.072282,-0.166864,0.091574,-0.18472,0.055622,0.000394,0.001262
0,0.138718,0.165248,0.172811,0.110671,0.123544,0.069843,0.002421,0.002884
0,0.037397,0.153018,-0.124346,0.00999,-0.109807,0.04783,0.000653,0.002671
0,0.091872,0.151134,0.027728,-0.006,0.073464,-0.030748,0.001603,0.002638
0,0.104806,-0.014598,0.006872,-0.185816,0.037676,-0.216919,0.001829,0.000255
0,-0.025655,-0.05237,-0.149726,-0.033817,-0.193083,0.010612,0.000448,0.000914
0,0.052618,-0.027552,0.06848,0.010312,0.118013,-0.033856,0.000918,0.000481
0,0.200452,0.047281,0.149217,0.057385,0.193391,0.08096,0.003499,0.000825
0,0.124929,-0.049302,-0.077964,-0.0763,-0.085094,-0.073219,0.00218,0.00086
0,-0.011897,0.104007,-0.152289,0.157388,-0.160884,0.131425,0.000208,0.001815
0,0.111268,0.053674,0.101994,-0.028176,0.120734,-0.045382,0.001942,0.000937
0,-0.008854,0.126368,-0.117218,0.077527,-0.117298,0.086292,0.000155,0.002206
0,0.073632,-0.034938,0.107205,-0.148005,0.081747,-0.160713,0.001285,0.00061
0,-0.191535,0.008694,-0.261743,0.037717,-0.228823,-0.010935,0.003343,0.000152
0,0.009032,-0.104859,0.221768,-0.09343,0.17671,-0.063913,0.000158,0.00183
0,0.036739,-0.086029,0.039841,0.047901,0.002146,0.018018,0.000641,0.001501
0,-0.201246,-0.048225,-0.216031,0.053535,-0.181237,0.03166,0.003512,0.000842
0,-0.160869,0.070243,0.026288,0.099685,0.031337,0.097815,0.002808,0.001226
0,-0.200652,0.188594,-0.022226,0.145808,-0.03288,0.149163,0.003502,0.003292
0,-0.001455,-0.021064,0.227311,-0.216052,0.24,-0.257109,2.5e-05,0.000368
0,-0.076056,0.00883,-0.066522,0.032317,-0.084771,0.047548,0.001327,0.000154
0,-0.026607,0.057736,0.072814,0.041574,0.090383,0.089922,0.000464,0.001008
0,-0.166064,-0.035114,-0.114538,-0.088361,-0.127067,-0.090663,0.002898,0.000613
0,0.086526,0.092718,0.247108,0.140814,0.233066,0.174971,0.00151,0.001618
0,-0.105002,-0.064587,-0.207137,-0.148916,-0.194387,-0.143631,0.001833,0.001127
0,0.089985,0.137751,0.186167,0.196094,0.229029,0.230709,0.001571,0.002404
0,-0.016225,-0.070144,-0.076694,-0.194402,-0.110063,-0.183766,0.000283,0.001224
0,0.045402,0.112614,0.031698,0.20119,0.062968,0.163595,0.000792,0.001965
0,-0.145081,0.117655,-0.215215,-0.015149,-0.253545,0.000916,0.002532,0.002053
0,0.067217,0.167897,0.215878,0.059076,0.193519,0.104541,0.001173,0.00293
0,0.069067,0.13036,-0.022143,-0.03764,-0.024746,-0.016536,0.001205,0.002275
0,-0.065808,-0.02322,-0.154867,-0.168859,-0.139578,-0.214989,0.001149,0.000405
0,0.190553,0.044356,0.254177,0.063145,0.267324,0.075825,0.003326,0.000774
0,-0.036209,0.121236,-0.21351,0.051545,-0.263072,0.038746,0.000632,0.002116
0,-0.000565,0.164523,0.028252,0.021213,0.072664,-0.027278,1e-05,0.002871
0,-0.018768,-0.003789,-0.032935,-0.144491,-0.043229,-0.14236,0.000328,6.6e-05
0,0.188377,0.113898,0.188708,0.126002,0.174323,0.164541,0.003288,0.001988
0,0.008127,-0.000312,-0.183812,-0.1131,-0.138013,-0.136007,0.000142,5e-06
0,0.068455,0.187767,0.087167,0.178242,0.10454,0.135117,0.001195,0.003277
0,0.205125,-0.075012,0.129216,-0.258086,0.132761,-0.226215,0.00358,0.001309
0,0.149746,-0.121871,-0.082616,-0.045188,-0.10702,-0.05013,0.002614,0.002127
0,-0.070336,0.13962,-0.24536,0.270057,-0.287537,0.318708,0.001228,0.002437
0,0.030928,0.017007,0.117363,-0.099226,0.083435,-0.101547,0.00054,0.000297
0,-0.079885,-0.102361,-0.128787,-0.103914,-0.099349,-0.126789,0.001394,0.001787
0,-0.011943,-0.116299,0.087848,-0.035508,0.13569,-0.019548,0.000208,0.00203
0,-0.083777,-0.080408,-0.097535,0.029206,-0.058789,0.020071,0.001462,0.001403
0,-0.108446,0.030286,0.002633,0.096562,0.04745,0.112801,0.001893,0.000529
0,-0.089196,0.095892,0.023615,0.055452,-0.022358,0.01407,0.001557,0.001674
0,-0.174427,-0.009762,-0.110843,-0.134765,-0.103666,-0.115451,0.003044,0.00017
0,-0.034943,-0.108565,0.129608,-0.083187,0.171633,-0.120868,0.00061,0.001895
0,-0.043565,-0.017746,-0.013463,0.098539,0.017472,0.122354,0.00076,0.00031
0,-0.089776,-0.17345,-0.052711,-0.144506,-0.00692,-0.12011,0.001567,0.003027
0,-0.098129,-0.158928,0.011964,0.03858,0.021826,0.028146,0.001713,0.002774
0,-0.168484,-0.017797,-0.077986,0.156929,-0.055175,0.134415,0.002941,0.000311
0,-0.188639,-0.086027,-0.035124,-0.081945,-0.077206,-0.075244,0.003292,0.001501
0,-0.020459,-0.102509,0.191164,-0.024447,0.156397,-0.009675,0.000357,0.001789
0,0.085255,-0.173565,0.078847,-0.051349,0.054671,-0.099539,0.001488,0.003029
0,-0.027675,0.047441,-0.112312,0.214077,-0.157121,0.263265,0.000483,0.000828
0,-0.027122,-0.030756,0.005583,-0.066234,0.044683,-0.023213,0.000473,0.000537
0,0.121436,-0.018892,0.128558,0.040628,0.149331,0.029369,0.002119,0.00033
0,0.110404,0.109614,0.011208,0.142321,0.04856,0.180907,0.001927,0.001913
0,0.000932,-0.149099,-0.08607,-0.276369,-0.044863,-0.260075,1.6e-05,0.002602
0,0.212204,0.160083,0.233529,0.316178,0.25718,0.334707,0.003704,0.002794
0,0.228673,-0.061486,0.007277,-0.216642,0.028526,-0.180087,0.003827,0.001073
0,0.162597,0.030181,-0.08414,0.097021,-0.065292,0.119896,0.002838,0.000527
0,0.171974,0.036146,0.014444,-0.005845,-0.019914,0.03699,0.003002,0.000631
0,0.076663,-0.000211,-0.088171,-0.022795,-0.062192,-0.027292,0.001338,4e-06
0,0.116195,0.102597,0.044191,0.125994,0.017512,0.112776,0.002028,0.001791
0,0.065432,-0.042614,-0.050145,-0.116341,-0.060169,-0.088209,0.001142,0.000744
0,0.049489,0.122892,0.001773,0.193722,-0.017602,0.157905,0.000864,0.002145
0,0.167657,0.010784,0.123915,-0.135237,0.166246,-0.174709,0.002926,0.000188
0,-0.059398,0.156387,-0.249001,0.169583,-0.273662,0.203139,0.001037,0.002729
0,0.05057,0.142436,0.109553,-0.043393,0.122996,-0.021213,0.000883,0.002486
0,-0.068646,0.127797,-0.132774,0.010398,-0.112516,-0.017602,0.001198,0.00223
0,-0.042137,0.142019,0.006169,0.001006,0.040895,-0.015981,0.000735,0.002479
0,0.007502,0.069981,0.056483,-0.063495,0.073519,-0.043485,0.000131,0.001221
0,0.095978,0.088613,0.095624,-0.00378,0.09029,0.038766,0.001675,0.001547
0,0.054335,0.050188,-0.034555,-0.03077,-0.068238,-0.002252,0.000948,0.000876
0,-0.080323,0.07487,-0.115836,0.011644,-0.160838,0.021636,0.001402,0.001307
0,0.066143,-0.142776,0.168048,-0.243073,0.191563,-0.207699,0.001154,0.002492
0,0.024491,0.034375,-0.060163,0.14947,-0.049257,0.185273,0.000427,0.0006
0,0.059843,-0.170628,0.053292,-0.22895,0.043765,-0.229152,0.001044,0.002978
0,-0.024825,0.029696,-0.110787,0.170514,-0.121868,0.195473,0.000433,0.000518
0,-0.043533,0.126326,0.007715,0.106294,-0.014181,0.114875,0.00076,0.002205
0,-0.08111,0.100395,-0.025382,-0.054331,-0.041015,-0.049606,0.001416,0.001752
0,0.123331,-0.117708,0.221671,-0.236918,0.173076,-0.274487,0.002153,0.002054
0,-0.072715,-0.117786,-0.194962,0.018953,-0.172787,0.06084,0.001269,0.002056
0,0.133977,-0.146643,0.228087,-0.013652,0.210417,0.01519,0.002338,0.002559
0,0.10387,0.06201,-0.029394,0.22717,-0.062529,0.263184,0.001813,0.001082
0,0.021925,0.044814,-0.100941,0.005984,-0.077427,0.036584,0.000383,0.000782
0,0.01566,0.075325,-0.033675,0.002369,-0.019806,0.031351,0.000273,0.001315
0,-0.115938,0.178026,-0.120041,0.088186,-0.071981,0.090804,0.002024,0.003107
0,-0.198505,0.142136,-0.086678,-0.056017,-0.037501,-0.016142,0.003465,0.002481
0,-0.007534,0.017525,0.162816,-0.149766,0.16067,-0.160014,0.000131,0.000306
0,-0.099713,0.184622,-0.116412,0.137475,-0.076165,0.169443,0.00174,0.003222
0,-0.073606,-0.0055,0.048249,-0.188962,0.064486,-0.204508,0.001285,9.6e-05
0,-0.266642,0.113345,-0.182402,0.112522,-0.195312,0.139209,0.003164,0.001978
0,-0.217793,-0.035953,0.025797,-0.157467,0.014734,-0.108811,0.003801,0.000627
0,-0.156271,-0.068327,0.046232,-0.018386,0.084596,-0.036822,0.002727,0.001193
0,-0.082852,-0.003867,0.098133,0.04456,0.062261,0.012633,0.001446,6.7e-05
0,0.033026,0.035447,0.145211,0.037785,0.098713,0.019534,0.000576,0.000619
0,0.049776,0.04082,0.036227,-2.7e-05,0.06127,-0.034876,0.000869,0.000712
0,0.050587,0.037597,-0.019353,0.008882,0.012446,0.037537,0.000883,0.000656
0,-0.066437,0.167135,-0.091322,0.127992,-0.131393,0.133049,0.00116,0.002917
0,0.023217,-0.004505,0.101051,-0.164299,0.056451,-0.183768,0.000405,7.9e-05
0,0.130438,0.137241,0.107676,0.150325,0.112,0.144834,0.002277,0.002395
0,-0.15363,0.075605,-0.257769,-0.090879,-0.272803,-0.055142,0.002681,0.00132
0,-0.061636,0.19078,0.10449,0.105674,0.108704,0.067263,0.001076,0.00333
0,-0.042234,0.15172,-0.000991,-0.023775,0.019157,-0.062548,0.000737,0.002648
0,0.179639,0.050381,0.242597,-0.109296,0.247719,-0.07481,0.003135,0.000879
0,0.211671,0.167918,0.039466,0.146944,0.063314,0.103484,0.003694,0.002931
0,0.185415,0.033615,-0.004596,-0.164142,-0.022878,-0.204707,0.003236,0.000587
0,-0.046427,0.019919,-0.230303,0.011899,-0.229188,-0.035973,0.00081,0.000348
0,0.172303,0.069517,0.218605,0.037163,0.239916,0.054719,0.003007,0.001213
0,0.175299,0.098866,0.018578,0.002224,0.01402,0.007951,0.00306,0.001726
0,0.158999,0.02717,-0.043016,-0.055923,-0.001941,-0.073731,0.002775,0.000474
0,0.11695,0.179043,-0.01733,0.127427,-0.047497,0.161247,0.002041,0.003125
0,0.067207,-0.006949,-0.074685,-0.191816,-0.113157,-0.17617,0.001173,0.000121
0,0.097409,0.133966,0.043113,0.153797,-0.001667,0.149559,0.0017,0.002338
0,0.099232,0.105211,-0.020315,-0.007166,0.003452,-0.046816,0.001732,0.001836
0,0.127789,-0.129202,0.014037,-0.243683,0.009152,-0.292101,0.00223,0.002255
0,-0.061811,-0.15926,-0.173484,-0.028928,-0.177706,-0.054875,0.001079,0.00278
0,-0.089225,0.032371,-0.04269,0.162811,-0.016017,0.158343,0.001557,0.000565
0,0.042098,0.09918,0.106893,0.039097,0.093293,0.019417,0.000735,0.001731
0,0.021344,-0.122369,-0.03919,-0.238921,0.007464,-0.231276,0.000373,0.002136
0,0.206929,-0.000112,0.174035,0.117417,0.206208,0.130457,0.003612,2e-06
0,0.210361,0.097082,0.020595,0.126288,0.024517,0.150086,0.003671,0.001694
0,-0.001937,-0.143947,-0.201457,-0.211553,-0.168076,-0.210335,3.4e-05,0.002512
0,0.131702,0.072399,0.124277,0.201451,0.10397,0.173046,0.002299,0.001264
0,0.098126,-0.136983,-0.053239,-0.200676,-0.026645,-0.173825,0.001713,0.002391
0,0.031147,-0.062708,-0.068835,0.098703,-0.054603,0.121129,0.000544,0.001094
0,0.000105,-0.101528,-0.043583,-0.064071,-0.037382,-0.017409,2e-06,0.001772
0,0.143531,-0.015722,0.149381,0.080809,0.13006,0.047895,0.002505,0.000274
0,0.03945,0.002741,-0.121633,0.039302,-0.087524,0.018762,0.000689,4.8e-05
0,0.189022,0.055834,0.140139,0.073486,0.175246,0.095984,0.003299,0.000974
0,0.176142,-0.045601,-0.003313,-0.107918,0.007359,-0.082268,0.003074,0.000796
0,-0.018795,-0.068696,-0.201347,-0.015889,-0.194375,-0.020169,0.000328,0.001199
0,0.081639,0.13755,0.078694,0.221746,0.088065,0.224067,0.001425,0.002401
0,-0.047561,-0.013977,-0.155386,-0.177266,-0.162496,-0.171332,0.00083,0.000244
0,-0.032184,0.047582,-0.000908,0.084756,-0.003179,0.078963,0.000562,0.00083
0,-0.109305,0.223227,-0.080781,0.187022,-0.068084,0.235369,0.001908,0.003896
0,-0.104231,0.07228,-0.022649,-0.128278,-0.026416,-0.10672,0.001819,0.001262
0,0.081036,0.154189,0.211852,0.10625,0.245361,0.075022,0.001414,0.002691
0,0.082419,-0.020599,-0.016747,-0.193519,-0.024304,-0.236002,0.001438,0.00036
0,0.160468,0.192663,0.063088,0.217011,0.03767,0.245934,0.002801,0.003363
0,0.186541,0.044738,0.00584,-0.165918,0.025736,-0.192896,0.003256,0.000781
0,0.120046,0.20893,-0.088852,0.148051,-0.042185,0.137983,0.002095,0.003647
0,0.128807,0.111306,-0.012245,-0.100359,-0.051346,-0.069767,0.002248,0.001943
0,0.197778,0.175652,0.075699,0.049157,0.097666,0.073975,0.003452,0.003066
0,0.040678,-0.019058,-0.160649,-0.167279,-0.161242,-0.166297,0.00071,0.000333
0,0.071446,0.257167,0.05266,0.249841,0.006915,0.292554,0.001247,0.003329
0,0.08762,0.189972,0.034422,-0.045213,0.01867,-0.035492,0.001529,0.003316
0,-0.011356,0.236953,-0.116593,0.050756,-0.093052,0.088543,0.000198,0.003682
0,0.06006,0.252721,0.042048,0.037677,0.085536,-0.010675,0.001048,0.003407
0,-0.057403,0.216189,-0.128384,-0.02998,-0.165333,-0.022869,0.001002,0.003773
0,-0.137593,0.037439,-0.072385,-0.187643,-0.061457,-0.186153,0.002401,0.000653
0,-0.071221,0.193274,0.076074,0.150361,0.056183,0.110152,0.001243,0.003373
0,-0.118863,0.111802,-0.041321,-0.100068,-0.031035,-0.130405,0.002075,0.001951
0,0.054595,0.049532,0.186718,-0.05523,0.146479,-0.101676,0.000953,0.000865
0,-0.158849,0.120071,-0.240311,0.07733,-0.251596,0.086057,0.002772,0.002096
0,-0.081592,-0.000478,0.087978,-0.128693,0.055479,-0.1751,0.001424,8e-06
0,-0.060009,0.051258,-0.000316,0.054348,-0.015667,0.056378,0.001047,0.000895
0,0.024186,0.028493,0.063241,-0.011876,0.097709,-0.005635,0.000422,0.000497
0,0.048234,0.028008,0.022524,-0.027714,-0.021149,0.019017,0.000842,0.000489
0,-0.229865,0.079118,-0.258755,0.030707,-0.27965,0.031188,0.003806,0.001381
0,-0.029672,-0.008587,0.218784,-0.112472,0.263243,-0.087447,0.000518,0.00015
0,0.039239,0.07837,0.058381,0.106405,0.058087,0.120403,0.000685,0.001368
0,-0.04196,0.21642,-0.09522,0.142747,-0.05925,0.180464,0.000732,0.003777
0,-0.004687,-0.058843,0.040552,-0.247528,0.072051,-0.257722,8.2e-05,0.001027
0,-0.049645,0.204321,-0.024122,0.279264,-0.034852,0.326016,0.000866,0.003566
0,-0.19798,0.089735,-0.139269,-0.112203,-0.109076,-0.092163,0.003455,0.001566
0,-0.261348,0.099624,-0.087825,0.017265,-0.11523,0.061294,0.003256,0.001739
0,-0.180726,0.066715,0.05121,-0.015404,0.006187,-0.064563,0.003154,0.001164
0,-0.302581,0.125454,-0.131968,0.053123,-0.15503,0.048725,0.002537,0.00219
0,-0.104216,0.069578,0.192883,-0.073814,0.23488,-0.040745,0.001819,0.001214
0,-0.247224,-0.037098,-0.123916,-0.129971,-0.14779,-0.151128,0.003503,0.000647
0,-0.257715,0.095874,0.010892,0.11302,-0.007966,0.140344,0.00332,0.001673
0,-0.083854,-0.055818,0.170692,-0.145578,0.217634,-0.168921,0.001464,0.000974
0,-0.220792,-0.067066,-0.160413,0.010673,-0.122576,0.026075,0.003854,0.001171
0,-0.092494,0.027579,0.128929,0.073632,0.162982,0.060488,0.001614,0.000481
0,-0.162315,0.097816,-0.046434,0.08998,-0.058288,0.052299,0.002833,0.001707
0,-0.067436,-0.025822,0.093529,-0.139274,0.083108,-0.120671,0.001177,0.000451
0,-0.121785,0.090875,-0.050514,0.112521,-0.052857,0.158801,0.002126,0.001586
0,-3.582915,-0.281101,-3.439577,-0.380568,-3.403357,-0.36839,9e-06,0.002912
0,-4.348271,-0.601301,-0.762535,-0.346087,-0.720487,-0.32562,0.002287,0.002677
0,-3.702201,-0.767397,0.639773,-0.158424,0.649338,-0.151187,0.002073,0.002242
0,-3.95272,-0.728402,-0.258759,0.043862,-0.241297,0.084846,0.001373,0.002923
0,-3.425801,-0.831114,0.545685,-0.129469,0.503704,-0.137224,0.002752,0.00113
0,-2.373819,-0.910342,1.033584,-0.104898,1.050669,-0.137939,0.002342,0.000253
0,-1.648426,-0.688956,0.727586,0.209459,0.685289,0.164212,0.002501,0.003611
0,-0.918084,-0.787795,0.700566,-0.114042,0.724371,-0.128079,0.000388,0.001886
0,-0.409038,-0.448335,0.516253,0.335156,0.551405,0.289783,0.000679,7e-06
0,-0.066568,-0.470401,0.333527,-0.043741,0.36434,-0.025269,0.001162,0.000392
0,-0.136998,-0.099347,-0.077162,0.395355,-0.059248,0.35575,0.002391,0.001734
0,-0.039841,0.01891,0.123241,0.106983,0.149436,0.098071,0.000695,0.00033
0,0.114411,0.041071,0.181067,0.010957,0.167877,0.006599,0.001997,0.000717
0,0.289115,0.04618,0.172015,0.022096,0.209839,-0.02471,0.002772,0.000806
0,0.240896,0.116346,-0.072575,0.067571,-0.103601,0.117216,0.003613,0.002031
0,0.255592,0.048404,0.017544,-0.080772,-0.029908,-0.093514,0.003357,0.000845
0,0.10997,0.109578,-0.123401,0.074965,-0.095602,0.074958,0.001919,0.001913
0,0.114012,0.085148,-0.002292,-0.037535,0.032166,0.007985,0.00199,0.001486
0,-0.078119,-0.067416,-0.212316,-0.168983,-0.217284,-0.143273,0.001363,0.001177
0,0.213043,0.182504,0.312209,0.259756,0.262677,0.263127,0.003718,0.003185
0,0.14807,0.160857,-0.064195,-0.03302,-0.023511,0.006429,0.002584,0.002807
0,-0.024838,0.057402,-0.160748,-0.095011,-0.203493,-0.133519,0.000434,0.001002
0,0.114256,0.188723,0.1447,0.122555,0.187583,0.11717,0.001994,0.003294
0,0.060119,0.100424,-0.030837,-0.0935,0.017233,-0.072781,0.001049,0.001753
0,-0.050229,0.124452,-0.102607,0.049852,-0.112405,0.063086,0.000877,0.002172
0,0.149965,-0.00886,0.171371,-0.117352,0.130611,-0.093305,0.002617,0.000155
0,-0.046179,-0.09952,-0.186467,-0.080324,-0.218735,-0.09052,0.000806,0.001737
0,0.077434,0.140106,0.105266,0.242138,0.120088,0.28219,0.001351,0.002445
0,0.029731,-0.070967,-0.038408,-0.230238,-0.03552,-0.276942,0.000519,0.001239
0,0.156638,0.144464,0.10012,0.190324,0.143113,0.15675,0.002734,0.002521
0,0.0327,0.157918,-0.13095,0.019924,-0.163641,0.057561,0.000571,0.002756
0,0.134693,-0.014647,0.106354,-0.202189,0.075448,-0.177752,0.002351,0.000256
0,-0.01773,-0.020016,-0.170954,0.005885,-0.172921,0.01731,0.000309,0.000349
0,0.192505,-0.023318,0.192837,-0.006309,0.215599,-0.004404,0.00336,0.000407
0,0.241785,0.190086,0.042788,0.201971,-0.003326,0.242588,0.003598,0.003318
0,0.009326,-0.123217,-0.251241,-0.307823,-0.237345,-0.312418,0.000163,0.002151
0,0.011292,0.030046,-0.024651,0.132025,-0.049747,0.13369,0.000197,0.000524
0,-0.027671,0.011691,-0.053112,-0.011085,-0.04587,-0.060883,0.000483,0.000204
0,-0.050737,-0.055233,-0.043955,-0.084079,-0.038227,-0.075901,0.000886,0.000964
0,-0.022901,-0.043406,0.045768,0.021062,0.007456,0.050372,0.0004,0.000758
0,-0.05466,0.037973,-0.016412,0.059914,-0.001499,0.105972,0.000954,0.000663
0,0.012785,0.15738,0.051291,0.120689,0.05413,0.092378,0.000223,0.002747
0,0.075962,0.150264,0.091095,0.018881,0.053212,0.046928,0.001326,0.002623
0,0.047975,-0.027214,-0.005419,-0.167831,0.023481,-0.149686,0.000837,0.000475
0,-0.035995,-0.100989,-0.081732,-0.068238,-0.076447,-0.033314,0.000628,0.001763
0,0.017667,0.130222,0.051698,0.259539,0.026727,0.214681,0.000308,0.002273
0,-0.043604,0.189223,-0.06176,0.069981,-0.061377,0.084271,0.000761,0.003303
0,0.012466,0.02149,0.028776,-0.196785,0.038665,-0.183543,0.000218,0.000375
0,0.066084,0.220521,0.052738,0.204417,0.029385,0.234659,0.001153,0.003849
0,0.122486,-0.016934,0.046399,-0.219619,-0.000712,-0.209023,0.002138,0.000296
0,-0.040771,0.029989,-0.154389,0.035027,-0.134102,0.08469,0.000712,0.000523
0,0.114949,0.069456,0.177664,0.044287,0.128304,0.044136,0.002006,0.001212
0,-0.004901,-0.016276,-0.139323,-0.078917,-0.117637,-0.063593,8.6e-05,0.000284
0,0.000349,0.086292,0.003803,0.118145,-0.045463,0.132959,6e-06,0.001506
0,0.072168,0.014944,0.101129,-0.054728,0.115871,-0.008081,0.00126,0.000261
0,0.121705,0.149951,0.042286,0.121784,0.086963,0.078767,0.002124,0.002617
0,0.048844,0.00954,-0.065134,-0.139683,-0.037524,-0.163338,0.000852,0.000167
0,-0.110601,-0.081442,-0.160053,-0.092277,-0.192472,-0.088312,0.00193,0.001421
0,0.068873,0.079928,0.187356,0.18269,0.180454,0.219144,0.001202,0.001395
0,0.086686,-0.02074,0.009963,-0.088537,0.000564,-0.064929,0.001513,0.000362
0,0.010978,0.100834,-0.079564,0.104186,-0.108945,0.149364,0.000192,0.00176
0,-0.101272,-0.050976,-0.117698,-0.168806,-0.150255,-0.195352,0.001768,0.00089
0,0.035969,0.102722,0.128766,0.129947,0.134728,0.114164,0.000628,0.001793
0,-0.100309,-0.046282,-0.111392,-0.141291,-0.152056,-0.158635,0.001751,0.000808
0,-0.007163,-0.049571,0.074237,0.021909,0.123567,0.010497,0.000125,0.000865
0,0.109434,0.004841,0.127672,0.05662,0.167277,0.094919,0.00191,8.4e-05
0,-0.14256,-0.092552,-0.234123,-0.091235,-0.243749,-0.05672,0.002488,0.001615
0,-0.005879,-0.057927,0.111496,0.045067,0.10631,0.053138,0.000103,0.001011
0,-0.231563,-0.134708,-0.219657,-0.080811,-0.187477,-0.095441,0.003776,0.002351
0,-0.193671,-0.083892,0.057628,0.023407,0.04393,0.065526,0.00338,0.001464
0,-0.2248,0.081364,-0.023688,0.161991,-0.000368,0.169559,0.003894,0.00142
0,-0.027737,-0.106396,0.199081,-0.159879,0.204925,-0.193657,0.000484,0.001857
0,0.051479,-0.002781,0.085668,0.119496,0.08121,0.101117,0.000898,4.9e-05
0,0.00011,-0.122124,-0.056977,-0.0934,-0.09684,-0.139551,2e-06,0.002131
0,-0.20957,-0.157306,-0.220913,-0.040752,-0.197051,-0.025987,0.003658,0.002746
0,0.008854,0.085329,0.242031,0.244079,0.234376,0.232218,0.000155,0.001489
0,-0.142492,0.020416,-0.130898,-0.078931,-0.175598,-0.121845,0.002487,0.000356
0,-0.259898,-0.167085,-0.126238,-0.202295,-0.087211,-0.211457,0.003282,0.002916
0,0.076836,0.02066,0.310735,0.184758,0.32432,0.220638,0.001341,0.000361
0,-0.047931,-0.008305,-0.098081,-0.021622,-0.07614,-0.038465,0.000837,0.000145
0,-0.083071,-0.008498,-0.02825,0.02775,-0.019789,0.066937,0.00145,0.000148
0,0.011056,-0.092216,0.082806,-0.05378,0.0604,-0.096679,0.000193,0.001609
0,-0.233166,-0.006196,-0.236305,0.10159,-0.209921,0.148724,0.003748,0.000108
0,-0.11258,-0.00284,0.147134,-0.017854,0.158616,-0.040049,0.001965,5e-05
0,-0.194818,0.000433,-0.082793,-0.010521,-0.114663,0.005421,0.0034,8e-06
0,-0.220837,-0.03718,-0.009985,-0.055441,-0.018452,-0.030918,0.003854,0.000649
0,-0.034983,0.224543,0.172779,0.246685,0.153348,0.260654,0.000611,0.003899
0,-0.074702,-0.005059,-0.057592,-0.237403,-0.089995,-0.255933,0.001304,8.8e-05
0,-0.139681,0.178681,-0.050559,0.166853,-0.017049,0.159854,0.002438,0.003119
0,-0.158083,0.083166,-0.01583,-0.090636,-0.022574,-0.090603,0.002759,0.001452
0,-0.08174,0.203497,0.055223,0.140272,0.088902,0.177082,0.001427,0.003552
0,-0.071246,0.037789,0.00858,-0.150489,-0.029655,-0.142597,0.001243,0.00066
0,-0.131542,-0.048101,-0.055056,-0.073428,-0.063496,-0.098197,0.002296,0.00084
0,0.072889,0.089502,0.209839,0.155243,0.166037,0.149519,0.001272,0.001562
0,0.131537,-0.058147,0.029937,-0.158165,0.043083,-0.20631,0.002296,0.001015
0,0.182758,0.146267,0.04173,0.220893,0.00355,0.212551,0.00319,0.002553
0,0.130281,0.082285,-0.050346,-0.093002,-0.019831,-0.129144,0.002274,0.001436
0,0.142653,0.229282,0.029176,0.12346,-0.012167,0.166921,0.00249,0.003816
0,-0.117868,0.124507,-0.237952,-0.076003,-0.233534,-0.04406,0.002057,0.002173
0,0.069105,0.218803,0.162922,0.06444,0.136357,0.087802,0.001206,0.003819
0,-0.009028,0.01204,-0.058942,-0.221867,-0.011921,-0.174286,0.000158,0.00021
0,-0.080084,0.142992,-0.060941,0.140869,-0.03097,0.178026,0.001398,0.002496
0,-0.175319,0.11243,-0.11989,-0.024632,-0.148685,-0.073105,0.00306,0.001962
0,-0.083976,0.218071,0.069573,0.129433,0.08343,0.150575,0.001466,0.003806
0,-0.179374,-0.026385,-0.073188,-0.274121,-0.074528,-0.305547,0.003131,0.000461
0,-0.114367,0.053928,0.064702,0.058738,0.052377,0.099698,0.001996,0.000941
0,0.089923,0.076164,0.204783,0.020423,0.178335,-0.01637,0.001569,0.001329
0,-0.061473,-0.050137,-0.148246,-0.153314,-0.164707,-0.186134,0.001073,0.000875
0,0.09097,-0.020812,0.152537,0.008773,0.194814,0.017792,0.001588,0.000363
0,-0.066325,0.114394,-0.135803,0.15904,-0.17628,0.140478,0.001158,0.001997
0,0.043746,0.027682,0.110579,-0.083248,0.135723,-0.094755,0.000764,0.000483
0,0.027202,0.073494,-0.039776,0.039256,-0.082408,0.062691,0.000475,0.001283
0,-0.092285,0.072642,-0.124169,0.005018,-0.098274,0.028516,0.001611,0.001268
0,0.000421,-0.05982,0.103688,-0.161296,0.148041,-0.138745,7e-06,0.001044
0,0.021465,0.050764,0.026111,0.1227,0.071666,0.166527,0.000375,0.000886
0,0.16509,0.104629,0.170343,0.075824,0.187584,0.044969,0.002881,0.001826
0,0.054184,-0.038653,-0.115786,-0.133575,-0.069645,-0.090427,0.000946,0.000675
0,0.150109,-0.117686,0.125364,-0.080785,0.105518,-0.098636,0.00262,0.002054
0,-0.005292,-0.046176,-0.164368,0.050413,-0.165149,0.035482,9.2e-05,0.000806
0,0.166135,-0.079146,0.179947,-0.059584,0.188692,-0.039603,0.0029,0.001381
0,0.10769,-0.090279,-0.084555,0.012404,-0.061576,0.029467,0.00188,0.001576
0,0.172095,-0.057106,0.068526,0.019525,0.056218,0.047459,0.003004,0.000997
0,0.142519,0.092631,-0.037511,0.156545,0.00497,0.141714,0.002487,0.001617
0,-0.047202,-0.023497,-0.187537,-0.13648,-0.183633,-0.097001,0.000824,0.00041
0,-0.049675,-0.07161,0.018334,-0.053583,0.047169,-0.068949,0.000867,0.00125
0,0.043972,-0.136719,0.122057,-0.093224,0.086495,-0.086594,0.000767,0.002386
0,-0.080865,-0.108424,-0.137475,0.024916,-0.111966,0.037005,0.001411,0.001892
0,0.070016,-0.064524,0.148153,0.067902,0.106097,0.041281,0.001222,0.001126
0,0.014099,0.059903,-0.076638,0.113712,-0.089856,0.134893,0.000246,0.001046
0,-0.019008,-0.046805,-0.052029,-0.134685,-0.037773,-0.109379,0.000332,0.000817
0,0.102706,-0.038895,0.146341,-0.020272,0.16282,0.014167,0.001793,0.000679
0,0.147854,-0.116244,0.065549,-0.083274,0.025791,-0.052142,0.002581,0.002029
0,0.001734,-0.103276,-0.151455,0.017499,-0.173626,-0.011004,3e-05,0.001803
0,0.202727,-0.08385,0.192169,0.001873,0.190237,-0.037158,0.003538,0.001463
0,-0.025947,0.05127,-0.221063,0.158662,-0.190093,0.143555,0.000453,0.000895
0,-0.014853,0.022249,-0.011477,0.000496,0.025214,-0.000933,0.000259,0.000388
0,0.011571,-0.095563,0.047357,-0.090554,0.030771,-0.132638,0.000202,0.001668
0,-0.116273,-0.130625,-0.12405,-0.036912,-0.091592,-0.001115,0.002029,0.00228
0,0.037317,-0.038502,0.16943,0.070937,0.17046,0.107694,0.000651,0.000672
0,1.003877,-0.76494,0.955407,-0.718371,0.998469,-0.688395,0.001885,0.002285
0,2.351172,-1.471041,1.367093,-0.699947,1.325456,-0.672636,0.001946,0.002221
0,2.544009,-2.339433,0.186503,-0.842129,0.188396,-0.858182,0.002506,0.001741
0,2.883478,-2.171645,0.352862,0.148924,0.350327,0.188436,0.003419,0.001187
0,2.697978,-1.78851,-0.193586,0.398448,-0.237657,0.423303,0.000181,5.6e-05
0,2.468852,-1.470448,-0.216133,0.298632,-0.199946,0.326724,0.003818,0.002211
0,1.691772,-1.27727,-0.750196,0.208841,-0.786595,0.202887,0.001745,0.001161
0,1.518545,-1.030803,-0.165401,0.221629,-0.204501,0.180667,0.00305,0.002355
0,1.006006,-0.478937,-0.54098,0.558738,-0.492784,0.595315,0.001922,0.000541
0,0.547017,-0.304696,-0.453983,0.203136,-0.41487,0.195908,0.001729,0.0025
0,-0.197311,-0.142598,-0.763067,0.145287,-0.763704,0.163335,0.003444,0.002489
0,-0.383798,0.060065,-0.20455,0.194983,-0.233126,0.163789,0.001119,0.001048
0,-0.713559,0.279999,-0.346712,0.20906,-0.352281,0.24111,0.003182,0.002931
0,-0.657379,0.357917,0.03638,0.071777,0.072053,0.060322,0.003656,0.001571
0,-0.602104,0.37669,0.061738,0.029611,0.096983,0.050891,0.002691,0.001243
0,-0.194994,0.103568,0.422729,-0.297603,0.387207,-0.336769,0.003403,0.001808
0,-0.299904,0.25394,-0.111958,0.152089,-0.099565,0.154846,0.002584,0.003386
0,0.089544,0.090008,0.412843,-0.166138,0.376194,-0.168877,0.001563,0.001571
0,-0.02197,0.078247,-0.123549,0.017065,-0.148925,0.059122,0.000383,0.001366
0,0.006942,-0.02595,0.017901,-0.090072,0.057828,-0.11892,0.000121,0.000453
0,0.102559,0.132671,0.107243,0.164078,0.132239,0.137504,0.00179,0.002316
0,-0.070661,0.040166,-0.164314,-0.066013,-0.19024,-0.065218,0.001233,0.000701
0,0.130437,-0.078022,0.172078,-0.12327,0.193247,-0.109238,0.002277,0.001362
0,0.149968,-0.098667,0.023306,-0.030217,-0.017802,-0.062319,0.002617,0.001722
0,0.199421,0.10173,0.076914,0.176094,0.115567,0.192568,0.003481,0.001776
0,0.074378,-0.033638,-0.139517,-0.117589,-0.147627,-0.079966,0.001298,0.000587
0,-0.081027,0.02305,-0.133358,0.074535,-0.177668,0.034169,0.001414,0.000402
0,-0.037268,-0.03369,0.026586,-0.061461,0.064265,-0.078604,0.00065,0.000588
0,0.205807,-0.07836,0.235549,-0.062849,0.252482,-0.099947,0.003592,0.001368
0,0.170203,-0.143223,-0.048304,-0.03817,-0.015859,-0.081439,0.002971,0.0025
0,-0.022742,-0.015849,-0.179816,0.125667,-0.195762,0.076189,0.000397,0.000277
0,-0.031076,0.02231,-0.026553,0.010196,-0.004127,0.036399,0.000542,0.000389
0,0.00362,-0.139929,0.01139,-0.165935,0.017025,-0.155734,6.3e-05,0.002442
0,-1.174859,0.59693,-1.207617,0.743998,-1.171279,0.736462,0.002948,0.002601
0,-2.366839,1.242568,-1.209893,0.668305,-1.194379,0.709088,0.00222,0.001767
0,-2.72267,1.837407,-0.381816,0.600529,-0.429519,0.596595,0.000612,0.000797
0,-2.527083,1.674278,0.179133,-0.147398,0.160462,-0.184752,0.002801,0.00205
0,-2.522516,1.657591,0.030518,0.002977,0.035884,0.013437,0.002881,0.002341
0,-2.794759,1.296774,-0.285933,-0.339627,-0.313222,-0.384544,0.00187,0.000821
0,-2.7553,1.079978,0.024118,-0.23095,0.03846,-0.261556,0.001182,0.003213
0,-1.821619,0.655221,0.942875,-0.41509,0.895783,-0.371238,0.000522,0.003618
0,-1.565351,0.605555,0.241792,-0.0348,0.240477,-0.013349,0.003867,0.002751
0,-0.896701,0.447026,0.653943,-0.18607,0.626149,-0.19548,1.5e-05,1.6e-05
0,-0.805624,-0.077686,0.119663,-0.509908,0.107231,-0.488022,0.001575,0.001356
0,-0.193996,-0.152294,0.591726,-0.07318,0.585415,-0.109324,0.003386,0.002658
0,-0.098071,-0.329043,0.067198,-0.167658,0.078917,-0.177765,0.001712,0.002075
0,0.082016,-0.097374,0.18228,0.246281,0.198051,0.238833,0.001431,0.001699
0,0.11282,-0.24057,0.043769,-0.138777,0.026558,-0.106034,0.001969,0.003619
0,0.002208,-0.180016,-0.108252,0.034462,-0.088403,0.014238,3.9e-05,0.003142
0,0.330068,-0.106215,0.30125,0.066107,0.316059,0.108191,0.002057,0.001854
0,0.172817,-0.2594,-0.158078,-0.165593,-0.200271,-0.12599,0.003016,0.00329
0,0.20669,-0.053719,0.024364,0.228368,0.006831,0.195961,0.003607,0.000938
0,0.137925,-0.071887,-0.095011,-0.01303,-0.084349,-0.013603,0.002407,0.001255
0,0.25317,-0.010077,0.120282,0.057293,0.099602,0.08043,0.003399,0.000176
0,0.037952,0.122538,-0.211304,0.106928,-0.191144,0.135424,0.000662,0.002139
0,0.129437,0.082739,0.074683,-0.036313,0.062104,0.009488,0.002259,0.001444
0,0.089942,0.142036,-0.02329,0.048192,-0.064647,0.027963,0.00157,0.002479
0,-0.037743,-0.065379,-0.154314,-0.188873,-0.117584,-0.189891,0.000659,0.001141
0,0.12946,-0.049348,0.150237,0.01354,0.121781,0.017977,0.002259,0.000861
0,0.219421,-0.105734,0.066703,-0.051942,0.033249,-0.083181,0.00383,0.001845
0,0.188997,-0.01936,-0.050187,0.07154,-0.027475,0.027231,0.003299,0.000338
0,0.178212,0.026214,-0.039867,0.064369,-0.065522,0.069412,0.00311,0.000458
0,-0.108326,0.063153,-0.279942,0.047088,-0.267238,0.013482,0.001891,0.001102
0,0.058828,-0.036278,0.177837,-0.094268,0.153615,-0.125998,0.001027,0.000633
0,0.015106,0.06429,-0.05275,0.11205,-0.080144,0.114899,0.000264,0.001122
0,0.082635,0.124071,0.075165,0.074536,0.115068,0.042681,0.001442,0.002165
0,0.153894,0.053255,0.08885,-0.0967,0.04346,-0.080578,0.002686,0.000929
0,-0.040227,-0.036278,-0.203276,-0.089865,-0.208896,-0.041161,0.000702,0.000633
0,-0.010128,0.136261,0.049381,0.19113,0.021455,0.150399,0.000177,0.002378
0,0.194013,0.207486,0.187866,0.091673,0.182785,0.103813,0.003386,0.003621
0,0.147596,-0.045136,-0.022296,-0.243019,0.00219,-0.219309,0.002576,0.000788
0,0.185187,0.189218,0.012206,0.223481,-0.002724,0.194501,0.003232,0.003302
0,0.037324,0.188075,-0.128925,0.019935,-0.103895,-0.009016,0.000651,0.003283
0,-0.075202,0.073548,-0.136518,-0.134778,-0.143594,-0.157284,0.001313,0.001284
0,0.00364,-0.081774,0.10754,-0.164238,0.119763,-0.186429,6.4e-05,0.001427
0,0.091374,0.019609,0.074618,0.072849,0.029362,0.029377,0.001595,0.000342
0,0.154942,0.202479,0.038671,0.178972,0.058033,0.14129,0.002704,0.003534
0,-0.042584,0.200406,-0.177604,-0.000863,-0.188931,-0.029914,0.000743,0.003498
0,-0.06422,0.14379,-0.046146,-0.078257,-0.017985,-0.120418,0.001121,0.00251
0,0.142417,0.031771,0.178788,-0.119705,0.19952,-0.123986,0.002486,0.000554
0,0.02786,0.19578,-0.095108,0.1812,-0.080343,0.199129,0.000486,0.003417
0,0.062743,-0.01078,0.026627,-0.231065,0.013021,-0.241469,0.001095,0.000188
0,0.192957,0.136778,0.148255,0.162737,0.150792,0.209872,0.003368,0.002387
0,0.055966,0.192135,-0.133293,0.039714,-0.108666,0.02732,0.000977,0.003353
0,-0.052484,0.152653,-0.125877,-0.0682,-0.12768,-0.047271,0.000916,0.002664
0,0.141187,-0.071057,0.185925,-0.196153,0.171639,-0.155516,0.002464,0.00124
0,0.020504,-0.06884,-0.100363,-0.013495,-0.070367,0.035002,0.000358,0.001201
0,0.249942,-0.001316,0.249474,0.068529,0.270796,0.058385,0.003456,2.3e-05
0,0.066182,0.083852,-0.154319,0.064039,-0.190876,0.014617,0.001155,0.001463
0,0.197247,0.144613,0.111871,0.070534,0.062982,0.050894,0.003443,0.002524
0,0.148508,0.073363,-0.030402,-0.07556,-0.035695,-0.102107,0.002592,0.00128
0,0.090372,0.04485,-0.031147,-0.010455,-0.017824,-0.040769,0.001577,0.000783
0,0.078083,-0.084906,-0.023796,-0.1548,-0.069615,-0.189964,0.001363,0.001482
0,-0.023369,0.21786,-0.12225,0.319069,-0.105484,0.365329,0.000408,0.003802
0,0.039496,0.145096,0.085355,-0.099988,0.104279,-0.111627,0.000689,0.002532
0,-0.071179,-0.028421,-0.134343,-0.177679,-0.124852,-0.156263,0.001242,0.000496
0,-0.161896,0.118266,-0.082099,0.153338,-0.044063,0.106999,0.002826,0.002064
0,-0.072896,-0.084177,0.113273,-0.205214,0.159981,-0.219282,0.001272,0.001469
0,0.078776,0.044303,0.132123,0.123647,0.146923,0.092534,0.001375,0.000773
0,-0.06765,0.010271,-0.162609,-0.052807,-0.20986,-0.019885,0.001181,0.000179
0,0.105711,-0.134055,0.17011,-0.165743,0.207965,-0.120818,0.001845,0.00234
0,0.188347,0.130197,0.110528,0.29002,0.108602,0.295142,0.003287,0.002272
0,0.141128,0.132188,-0.025759,0.022795,-0.008093,0.059688,0.002463,0.002307
0,0.014981,0.161402,-0.142803,0.036371,-0.153943,0.076897,0.000261,0.002817
0,-0.027922,0.075388,-0.032482,-0.105803,-0.000792,-0.105892,0.000487,0.001316
0,0.061372,0.128524,0.067047,0.037707,0.091898,-0.008643,0.001071,0.002243
0,0.197303,-0.079396,0.13737,-0.182422,0.137912,-0.164161,0.003444,0.001386
0,-0.069851,-0.088504,-0.238753,-0.003584,-0.244654,0.003244,0.001219,0.001545
0,0.081387,0.039089,0.179361,0.140344,0.202905,0.16127,0.00142,0.000682
0,-0.093524,0.075007,-0.16849,0.055086,-0.217226,0.038925,0.001632,0.001309
0,-0.03863,-0.101107,0.025194,-0.186164,0.062172,-0.179563,0.000674,0.001765
0,0.177724,0.076213,0.233036,0.197781,0.281942,0.162098,0.003102,0.00133
0,-0.110753,-0.169289,-0.304983,-0.247198,-0.298122,-0.266935,0.001933,0.002955
0,0.014283,-0.173729,0.112634,0.012457,0.111768,-0.010475,0.000249,0.003032
0,-0.013689,-0.008227,-0.057329,0.174536,-0.091864,0.20087,0.000239,0.000144
0,0.114721,-0.146599,0.105864,-0.133366,0.072223,-0.123153,0.002002,0.002559
0,-0.048513,-0.149173,-0.13745,0.01818,-0.101021,0.047439,0.000847,0.002604
0,0.2623,-0.108841,0.324889,0.04435,0.306441,0.062102,0.00324,0.0019
0,0.15202,-0.081052,-0.100405,0.035051,-0.090431,0.03371,0.002653,0.001415
0,0.115867,-0.119866,-0.027331,-0.010558,-0.021318,-0.055098,0.002022,0.002092
0,0.05142,0.035679,-0.064578,0.177368,-0.03782,0.212361,0.000897,0.000623
0,0.22211,0.132318,0.198874,0.080539,0.24743,0.058213,0.003877,0.002309
0,0.252979,0.025937,0.016114,-0.124754,0.064639,-0.086705,0.003403,0.000453
0,0.210073,-0.145849,-0.04332,-0.160041,-0.009698,-0.120898,0.003666,0.002546
0,0.02621,-0.008461,-0.189928,0.133014,-0.189524,0.172171,0.000457,0.000148
0,0.244956,-0.120882,0.238303,-0.132261,0.248866,-0.163163,0.003543,0.00211
0,0.087877,-0.08547,-0.170166,0.0404,-0.205416,0.001329,0.001534,0.001492
0,0.181684,0.008619,0.110915,0.082093,0.101953,0.105664,0.003171,0.00015
0,0.152461,-0.008111,-0.056839,-0.04241,-0.020117,-0.060956,0.002661,0.000142
0,0.190598,0.000505,0.042529,0.018708,-0.00605,0.013735,0.003327,9e-06
0,0.239825,-0.070911,0.053068,-0.099414,0.042412,-0.147874,0.003632,0.001238
0,0.033487,0.003984,-0.180589,0.078401,-0.229331,0.064129,0.000584,7e-05
0,0.22754,-0.08019,0.194997,-0.08504,0.173338,-0.074166,0.003847,0.0014
0,0.016993,0.04055,-0.238008,0.150454,-0.234049,0.17133,0.000297,0.000708
0,0.047515,0.133533,0.027711,0.119671,0.038305,0.081828,0.000829,0.002331
0,0.167127,-0.058912,0.129974,-0.168631,0.146113,-0.205418,0.002917,0.001028
0,-0.028418,-0.024617,-0.218567,0.063633,-0.190335,0.073096,0.000496,0.00043
0,0.207643,-0.045517,0.226075,-0.007512,0.273464,-0.04888,0.003624,0.000794
0,0.231248,-0.05777,0.024702,-0.004501,0.066053,-0.032732,0.003782,0.001008
0,0.195775,0.043484,-0.049496,0.107128,-0.098685,0.090361,0.003417,0.000759
0,0.083281,0.121232,-0.093917,0.069628,-0.06824,0.054502,0.001454,0.002116
0,-0.005649,0.043803,-0.089769,-0.049963,-0.10606,-0.072751,9.9e-05,0.000765
0,0.033825,-0.008772,0.042479,-0.031095,0.083684,-0.005614,0.00059,0.000153
0,0.090946,-0.048766,0.029285,-0.033516,0.019483,0.009153,0.001587,0.000851
0,-0.053662,0.172224,-0.139084,0.225939,-0.101673,0.191941,0.000937,0.003006
0,0.072379,-0.0904,0.10266,-0.237967,0.087009,-0.237016,0.001263,0.001578
0,0.016558,0.046463,-0.036421,0.115551,-0.049954,0.105804,0.000289,0.000811
0,-0.192268,0.152022,-0.203321,0.135239,-0.232321,0.141061,0.003356,0.002653
0,0.101862,0.11242,0.296927,-0.02143,0.286071,0.020852,0.001778,0.001962
0,0.115017,-0.015555,0.014132,-0.153252,0.017644,-0.189124,0.002007,0.000271
0,0.098765,0.157671,-0.014484,0.155617,-0.014189,0.180826,0.001724,0.002752
0,-0.056475,-0.022898,-0.17175,-0.188612,-0.133981,-0.211656,0.000986,0.0004
0,-0.114614,-0.071065,-0.034043,-0.040997,-0.081153,-0.07368,0.002,0.00124
0,0.071414,0.051816,0.164554,0.138354,0.166213,0.12543,0.001246,0.000904
0,0.09073,0.017775,-0.008907,-0.052923,0.036883,-0.06276,0.001584,0.00031
0,0.151716,0.080289,0.090529,0.08126,0.065075,0.093883,0.002648,0.001401
0,-0.099057,0.034697,-0.255279,-0.021038,-0.217329,-0.033045,0.001729,0.000606
0,-0.183671,-0.101865,-0.103552,-0.157661,-0.099206,-0.151175,0.003206,0.001778
0,-0.023978,0.012718,0.158744,0.110106,0.181009,0.1295,0.000419,0.000222
0,0.116351,0.15248,0.155952,0.114688,0.179483,0.084576,0.002031,0.002661
0,0.021569,0.060509,-0.073489,-0.111971,-0.075512,-0.063581,0.000376,0.001056
0,0.102628,-0.020856,0.105893,-0.06157,0.095099,-0.106299,0.001791,0.000364
0,0.034702,0.090627,-0.074572,0.095203,-0.080549,0.066196,0.000606,0.001582
0,-0.00858,0.015947,-0.063132,-0.10086,-0.017755,-0.09036,0.00015,0.000278
0,0.172122,0.169356,0.202659,0.172957,0.227632,0.182802,0.003004,0.002956
0,0.048528,0.118372,-0.150716,-0.058058,-0.172043,-0.096353,0.000847,0.002066
0,-0.012404,0.204791,-0.060388,0.057783,-0.022916,0.01953,0.000216,0.003574
0,-0.02992,0.004188,-0.023961,-0.229335,-0.023369,-0.269254,0.000522,7.3e-05
0,-0.150217,-0.0684,-0.091006,-0.101451,-0.047799,-0.111006,0.002622,0.001194
0,0.025299,-0.052975,0.161184,0.020621,0.196069,-0.027451,0.000442,0.000925
0,0.115901,0.082696,0.118041,0.155994,0.106648,0.173223,0.002023,0.001443
0,-0.108116,0.173618,-0.195609,0.072389,-0.226406,0.039682,0.001887,0.00303
0,-0.057786,0.166152,0.042008,-0.032934,0.000276,-0.071481,0.001009,0.0029
0,0.066311,-0.074773,0.151622,-0.236445,0.192026,-0.264158,0.001157,0.001305
0,-0.067061,0.035286,-0.114183,0.083659,-0.065829,0.110562,0.00117,0.000616
0,-0.059243,-0.085451,-0.017895,-0.139502,-0.047458,-0.092999,0.001034,0.001491
0,-0.14353,-0.033443,-0.100347,0.035595,-0.141845,0.003325,0.002505,0.000584
0,-0.135822,0.048844,0.024106,0.076035,0.02402,0.111872,0.002371,0.000852
0,-0.080518,0.078349,0.060579,0.000247,0.028066,-0.024058,0.001405,0.001367
0,0.010739,0.167221,0.070715,0.081692,0.104598,0.044999,0.000187,0.002919
0,0.024809,-0.083864,0.030039,-0.277782,0.018732,-0.246809,0.000433,0.001464
0,-0.02555,0.162805,-0.024519,0.235478,-0.05161,0.193802,0.000446,0.002841
0,-0.108406,0.129057,-0.100663,-0.006964,-0.091412,-0.012607,0.001892,0.002252
0,-0.036032,-0.011905,0.101813,-0.154792,0.077339,-0.132527,0.000629,0.000208
0,0.191888,0.106306,0.221068,0.0989,0.217318,0.108451,0.003349,0.001855
0,-0.094807,-0.093936,-0.3054,-0.194643,-0.27592,-0.170895,0.001655,0.001639
0,0.135667,0.1215,0.236686,0.222117,0.276639,0.198793,0.002368,0.002121
0,0.009328,0.029121,-0.112143,-0.110228,-0.124945,-0.159631,0.000163,0.000508
0,-0.089991,0.182119,-0.083925,0.139226,-0.050321,0.108528,0.001571,0.003179
0,-0.085951,0.010373,0.018161,-0.187181,0.014354,-0.217345,0.0015,0.000181
0,0.026859,0.040487,0.142806,0.000126,0.156532,0.042744,0.000469,0.000707
0,-0.10206,0.000196,-0.106657,-0.034894,-0.090424,-0.016345,0.001781,3e-06
0,-0.029095,0.167529,0.079601,0.143553,0.112865,0.121382,0.000508,0.002924
0,-0.133904,0.141341,-0.134549,-0.021187,-0.121111,-0.02591,0.002337,0.002467
0,-0.073021,0.116299,0.074107,-0.051651,0.100869,-0.032661,0.001274,0.00203
0,0.005727,-0.047418,0.077869,-0.137752,0.071688,-0.141312,0.0001,0.000828
0,-0.087357,0.065138,-0.077333,0.127433,-0.088616,0.096504,0.001525,0.001137
0,-0.209582,0.012889,-0.143907,-0.036001,-0.144008,-0.054538,0.003658,0.000225
0,-0.058671,0.086219,0.144263,0.054113,0.168922,0.054466,0.001024,0.001505
0,-0.15921,0.206313,-0.122856,0.095386,-0.077077,0.082206,0.002779,0.003601
0,-0.163441,-0.024785,0.018648,-0.249223,0.06195,-0.260921,0.002853,0.000433
0,0.008352,0.033384,0.175187,0.033546,0.14744,-0.004069,0.000146,0.000583
0,-0.165141,0.066229,-0.147547,0.024072,-0.133018,0.024667,0.002882,0.001156
0,-0.053178,0.166371,0.103917,0.099342,0.122492,0.10397,0.000928,0.002904
0,-0.157107,-0.040807,-0.084196,-0.212617,-0.112883,-0.234899,0.002742,0.000712
0,0.010277,-0.056909,0.179933,-0.031001,0.175497,-0.037108,0.000179,0.000993
0,-0.20266,0.022176,-0.238561,0.086563,-0.197133,0.063591,0.003537,0.000387
0,-0.039649,0.168165,0.189449,0.175735,0.208199,0.168268,0.000692,0.002935
0,0.116076,0.028099,0.160986,-0.115845,0.155909,-0.067592,0.002026,0.00049
0,-0.025747,-0.004708,-0.127265,-0.021814,-0.1308,-0.019653,0.000449,8.2e-05
0,-0.121602,0.148894,-0.125177,0.14767,-0.122408,0.146124,0.002122,0.002599
0,-0.183483,-0.088678,-0.047858,-0.211704,-0.012134,-0.220845,0.003202,0.001548
0,-0.086876,0.00074,0.125715,0.098072,0.101577,0.084281,0.001516,1.3e-05
0,-0.236826,0.076395,-0.160653,0.070099,-0.121593,0.051579,0.003684,0.001333
0,-0.126562,0.154392,0.132775,0.082254,0.097739,0.048742,0.002209,0.002695
0,-0.227357,0.164545,-0.123639,0.033151,-0.120293,0.005634,0.00385,0.002872
0,-0.198914,0.151347,0.05,-0.010654,0.015922,0.028596,0.003472,0.002641
0,-0.104769,0.07913,0.065788,-0.101978,0.09039,-0.13218,0.001829,0.001381
0,-0.185383,-0.037933,-0.097804,-0.125281,-0.079587,-0.092645,0.003236,0.000662
0,-0.194784,0.062891,-0.037578,0.079621,0.002141,0.052703,0.0034,0.001098
0,-0.244521,0.027372,-0.075514,-0.063209,-0.101888,-0.08474,0.00355,0.000478
0,-0.264389,-0.046538,-0.040261,-0.046271,-0.021072,-0.048021,0.003203,0.000812
0,-0.218259,0.112097,0.064393,0.184119,0.028259,0.221207,0.003809,0.001956
0,-0.094457,0.018136,0.103332,-0.122237,0.078673,-0.120692,0.001649,0.000317
0,-0.024075,-0.098744,0.098322,-0.139253,0.13622,-0.170431,0.00042,0.001723
0,0.040547,-0.093099,0.047456,0.034388,0.03161,0.016929,0.000708,0.001625
0,-0.224171,-0.066051,-0.237395,0.048898,-0.187869,0.028438,0.003905,0.001153
0,-0.204644,-0.053754,0.011965,0.027138,0.004888,0.03591,0.003572,0.000938
0,0.034429,-0.006308,0.223727,0.021272,0.213148,0.01074,0.000601,0.00011
0,-0.121972,0.045135,-0.157277,0.07138,-0.146518,0.077034,0.002129,0.000788
0,-0.071478,-0.007353,0.031039,-0.029775,0.063542,0.011947,0.001248,0.000128
0,-0.006292,0.009711,0.046172,0.002477,0.094219,-0.024323,0.00011,0.000169
0,0.063858,0.161086,0.054232,0.169809,0.076691,0.189396,0.001115,0.002811
0,0.014648,0.032228,-0.052159,-0.137162,-0.013996,-0.179346,0.000256,0.000562
0,-0.079308,-0.071785,-0.11332,-0.088833,-0.12304,-0.044698,0.001384,0.001253
0,0.02251,0.164801,0.115832,0.236177,0.133438,0.254596,0.000393,0.002876
0,0.128972,0.009717,0.131519,-0.181744,0.086554,-0.219188,0.002251,0.00017
0,-0.111853,0.150939,-0.252611,0.152323,-0.250844,0.200394,0.001952,0.002634
0,-0.044602,-0.073202,0.037765,-0.252032,0.052417,-0.27492,0.000778,0.001278
0,-0.12438,0.117421,-0.088909,0.192273,-0.108622,0.168587,0.002171,0.002049
0,0.023161,0.015938,0.125348,-0.106963,0.151432,-0.067883,0.000404,0.000278
0,-0.056601,0.093906,-0.059732,0.087633,-0.101665,0.128918,0.000988,0.001639
0,0.087235,-0.019656,0.121444,-0.10287,0.153829,-0.135329,0.001523,0.000343
0,0.001653,-0.030584,-0.060733,-0.037603,-0.015502,-0.066247,2.9e-05,0.000534
0,0.079248,-0.110179,0.061444,-0.076495,0.107941,-0.100005,0.001383,0.001923
0,0.037843,0.001731,-0.046039,0.106338,-0.046159,0.080231,0.00066,3e-05
0,0.129382,-0.028343,0.081828,-0.034856,0.077111,-0.068994,0.002258,0.000495
0,0.027955,-0.024886,-0.094408,0.01423,-0.075293,0.004213,0.000488,0.000434
0,0.052388,-0.14978,0.02725,-0.138665,0.046157,-0.157344,0.000914,0.002614
0,-0.040225,0.103059,-0.093588,0.240682,-0.118114,0.286711,0.000702,0.001799
0,0.141442,0.065655,0.175408,-0.03322,0.15768,-0.040204,0.002469,0.001146
0,-0.032506,0.087343,-0.145218,0.049111,-0.144415,0.074651,0.000567,0.001524
0,-0.036268,-0.052614,-0.00884,-0.118072,-0.055455,-0.106938,0.000633,0.000918
0,0.098484,0.20488,0.156515,0.254316,0.175335,0.243205,0.001719,0.003576
0,0.021665,0.103602,-0.057854,-0.098398,-0.013473,-0.135423,0.000378,0.001808
0,-0.056523,0.19007,-0.060934,0.076612,-0.079181,0.0917,0.000987,0.003317
0,0.037522,-0.054063,0.107315,-0.264452,0.072916,-0.294449,0.000655,0.000944
0,-0.074731,0.019589,-0.089608,0.089129,-0.064006,0.061491,0.001304,0.000342
0,-0.006761,0.188667,0.093985,0.183767,0.132575,0.156214,0.000118,0.003293
0,0.067012,0.050214,0.085446,-0.125878,0.124999,-0.100611,0.00117,0.000876
0,-0.024482,0.097085,-0.094061,0.025429,-0.115679,0.037525,0.000427,0.001694
0,0.020289,0.17254,0.062561,0.081224,0.111773,0.075731,0.000354,0.003011
0,-0.200316,0.183098,-0.202984,-0.00924,-0.171777,0.030879,0.003496,0.003196
0,-0.097358,-0.082258,0.127189,-0.286201,0.125226,-0.331057,0.001699,0.001436
0,-0.061303,-0.055448,0.041263,0.048775,0.033317,0.098748,0.00107,0.000968
0,0.089775,-0.104343,0.17276,-0.065913,0.19524,-0.110841,0.001567,0.001821
0,-0.201125,-0.084011,-0.28216,0.000356,-0.310318,0.004202,0.00351,0.001466
0,-0.063514,-0.122693,0.165909,-0.065688,0.146104,-0.068984,0.001109,0.002141
0,0.092077,-0.004963,0.138429,0.132252,0.097507,0.137114,0.001607,8.7e-05
0,-0.145809,-0.092349,-0.258596,-0.087965,-0.215478,-0.13248,0.002545,0.001612
0,-0.060593,-0.00632,0.071498,0.057423,0.063328,0.07226,0.001058,0.00011
0,-0.110415,0.009724,-0.060059,0.022282,-0.062438,0.047462,0.001927,0.00017
0,-0.288909,0.120116,-0.166607,0.097978,-0.128593,0.126859,0.002775,0.002096
0,-0.249397,0.108734,0.0213,-0.004452,0.01859,-0.035734,0.003465,0.001898
0,-0.006007,-0.096274,0.272858,-0.226597,0.243206,-0.18146,0.000105,0.00168
0,-0.072666,-0.122752,-0.06981,-0.006467,-0.115083,0.030209,0.001268,0.002142
0,-0.045227,-0.059886,0.015643,0.056704,0.01174,0.063366,0.000789,0.001045
0,0.010371,-0.104784,0.041543,-0.031201,0.007368,-0.071495,0.000181,0.001829
0,-0.1512,-0.018352,-0.163952,0.112021,-0.211471,0.100372,0.002639,0.00032
0,-0.038109,-0.136087,0.10247,-0.121168,0.084258,-0.078397,0.000665,0.002375
0,0.066433,-0.058911,0.112699,0.091767,0.14115,0.073843,0.001159,0.001028
0,0.056844,-0.006458,-0.0117,0.076481,-0.038943,0.074493,0.000992,0.000113
0,-0.177422,-0.15684,-0.221987,-0.133245,-0.226428,-0.151556,0.003097,0.002737
0,-0.054576,-0.168056,0.107867,-0.021527,0.090015,0.027049,0.000953,0.002933
0,-0.119318,0.029497,-0.069227,0.175604,-0.04365,0.172007,0.002082,0.000515
0,0.077383,-0.038734,0.18632,-0.082012,0.233533,-0.083528,0.001351,0.000676
0,-0.011085,0.002634,-0.083819,0.044631,-0.066321,0.093268,0.000193,4.6e-05
0,-0.214409,-0.080357,-0.192144,-0.063108,-0.163565,-0.061454,0.003742,0.001402
0,-0.145774,-0.08826,0.089136,-0.004564,0.136078,-0.009572,0.002544,0.00154
0,-0.118433,0.04962,0.056868,0.128429,0.084965,0.081829,0.002067,0.000866
0,-0.082674,0.136546,0.055303,0.101846,0.103355,0.073911,0.001443,0.002383
0,-0.154127,0.145852,-0.069684,0.020863,-0.056192,0.046528,0.00269,0.002546
0,-0.108502,-0.071417,0.053684,-0.219997,0.065658,-0.203578,0.001894,0.001246
0,0.115734,0.123992,0.215159,0.18906,0.175506,0.17518,0.00202,0.002164
0,0.159559,0.046301,0.026154,-0.050155,0.030225,-0.079435,0.002785,0.000808
0,0.207991,-0.003056,0.045714,-0.05826,0.000843,-0.089117,0.00363,5.3e-05
0,0.14659,0.105007,-0.072584,0.135865,-0.093751,0.171842,0.002558,0.001833
0,0.241449,0.212043,0.088103,0.09734,0.107582,0.141694,0.003604,0.003701
0,0.182928,0.068239,-0.03005,-0.131767,-0.048535,-0.099021,0.003193,0.001191
0,0.01836,0.198376,-0.155614,0.148945,-0.194056,0.14362,0.00032,0.003462
0,0.185064,0.135068,0.147821,-0.085934,0.10439,-0.038669,0.00323,0.002357
0,0.19878,-0.055486,0.01039,-0.18196,-0.026515,-0.184343,0.003469,0.000968
0,0.140426,-0.09247,-0.068173,-0.047536,-0.056976,-0.091916,0.002451,0.001614
0,0.019795,0.177814,-0.104981,0.299865,-0.070442,0.262637,0.000345,0.003103
0,0.151118,0.138358,0.149574,-0.059072,0.169849,-0.023172,0.002638,0.002415
0,0.017207,0.003602,-0.134673,-0.164078,-0.163908,-0.189637,0.0003,6.3e-05
0,0.190294,0.097417,0.148692,0.101822,0.158829,0.120133,0.003321,0.0017
0,-0.031954,0.14659,-0.249562,0.030069,-0.229473,0.055315,0.000558,0.002558
0,0.036031,0.015715,0.046809,-0.133631,0.055635,-0.148489,0.000629,0.000274
0,-0.004087,0.108478,-0.047107,0.113161,-0.082799,0.155241,7.1e-05,0.001893
0,-0.003595,0.100384,0.029012,-0.020187,-0.004014,0.005944,6.3e-05,0.001752
0,0.043656,0.111579,0.033628,-0.01166,0.005761,-0.003185,0.000762,0.001947
0,0.013847,0.045145,-0.033973,-0.084391,-0.00647,-0.075974,0.000242,0.000788
0,0.273602,0.072816,0.23274,0.053486,0.239429,0.059579,0.003043,0.001271
0,0.061521,0.061681,-0.190989,-0.007759,-0.229423,-0.044487,0.001074,0.001077
0,0.237003,0.088683,0.168774,-0.00202,0.156093,0.039819,0.003681,0.001548
0,0.052754,-0.019079,-0.155055,-0.089024,-0.109922,-0.073341,0.000921,0.000333
0,0.125277,0.128062,0.069816,0.170296,0.048554,0.122161,0.002186,0.002235
0,0.191747,-0.047406,0.041561,-0.201911,0.037923,-0.176284,0.003347,0.000827
0,-0.016148,0.035555,-0.211167,0.076809,-0.248439,0.029465,0.000282,0.000621
0,0.210036,0.088863,0.253198,0.054904,0.267802,0.010279,0.003666,0.001551
0,0.003206,-0.1387,-0.209834,-0.251335,-0.244572,-0.222641,5.6e-05,0.002421
0,0.104488,-0.118413,0.09672,0.036926,0.087111,0.032664,0.001824,0.002067
0,0.268739,-0.114379,0.157987,0.001424,0.148889,0.04396,0.003127,0.001996
0,0.026271,0.015544,-0.213177,0.12226,-0.260142,0.166635,0.000459,0.000271
0,0.175588,-0.039441,0.172297,-0.077279,0.160933,-0.097951,0.003065,0.000688
0,0.159962,-0.137804,0.01107,-0.105602,-0.025856,-0.115017,0.002792,0.002405
0,0.219465,-0.174288,0.040159,-0.036619,0.032676,-0.077868,0.00383,0.003042
0,0.137985,-0.081641,-0.079926,0.094907,-0.072973,0.081671,0.002408,0.001425
0,0.067226,0.024365,-0.04301,0.077682,-0.077884,0.055975,0.001173,0.000425
0,0.058757,-0.028001,-0.017828,-0.023565,0.014298,-0.057096,0.001026,0.000489
0,0.157257,-0.124793,0.092263,-0.082132,0.141474,-0.108576,0.002745,0.002178
0,0.192562,-0.063034,0.008539,0.067745,-0.003182,0.041331,0.003361,0.0011
0,0.264104,-0.123308,0.082905,-0.037717,0.047494,-0.082187,0.003208,0.002152
0,0.351247,0.057033,0.088751,0.157407,0.092433,0.130377,0.001687,0.000995
0,0.263381,-0.048284,-0.092557,-0.107808,-0.075459,-0.101645,0.003221,0.000843
0,0.157458,0.001886,-0.117882,0.055467,-0.137573,0.052061,0.002748,3.3e-05
0,0.134513,-0.022167,-0.012669,-0.031132,-0.008946,-0.027339,0.002348,0.000387
0,-0.005299,-0.081456,-0.130953,-0.068209,-0.131436,-0.108739,9.2e-05,0.001422
0,0.006772,-0.151592,0.040606,-0.060196,0.053616,-0.016158,0.000118,0.002646
0,0.257247,0.061624,0.263924,0.234003,0.288903,0.279637,0.003328,0.001076
0,0.248022,0.079068,-0.027843,0.022235,-0.053219,0.034937,0.003489,0.00138
0,-0.023382,-0.018445,-0.269797,-0.12035,-0.28629,-0.151887,0.000408,0.000322
0,0.234162,0.0139,0.256854,0.019459,0.298522,-0.003235,0.003731,0.000243
0,0.18431,-2.4e-05,-0.059395,-0.025475,-0.0265,-0.033272,0.003217,0.0
0,0.09774,-0.08129,-0.108109,-0.068757,-0.08148,-0.04926,0.001706,0.001419
0,0.180576,0.099568,0.084232,0.185787,0.085371,0.15384,0.003152,0.001738
0,0.141098,-0.019089,-0.06149,-0.101405,-0.109658,-0.088807,0.002463,0.000333
0,-0.160802,-0.172584,-0.290458,-0.159687,-0.299785,-0.116852,0.002807,0.003012
0,-0.079413,-0.052483,0.097771,0.105142,0.117576,0.151777,0.001386,0.000916
0,-0.076716,0.009031,0.020441,0.081221,0.028597,0.085526,0.001339,0.000158
0,0.135986,0.049629,0.215343,0.05791,0.239148,0.08917,0.002373,0.000866
0,0.158645,-0.092716,0.016876,-0.115372,0.051239,-0.129873,0.002769,0.001618
0,0.129277,-0.112168,-0.022382,-0.007158,0.001389,0.015914,0.002256,0.001958
0,-0.045021,0.089071,-0.178791,0.193093,-0.137877,0.232733,0.000786,0.001555
0,0.146111,0.123267,0.2115,0.019288,0.221461,-0.007717,0.00255,0.002151
0,-0.02425,-0.045085,-0.194544,-0.193532,-0.243705,-0.187214,0.000423,0.000787
0,0.124065,0.13597,0.156198,0.207853,0.149885,0.196396,0.002165,0.002373
0,-0.105615,0.1076,-0.201851,-0.044516,-0.173668,-0.030723,0.001843,0.001878
0,0.093701,-0.13259,0.201517,-0.220421,0.155925,-0.211707,0.001635,0.002314
0,-0.067979,0.081917,-0.177337,0.217075,-0.132649,0.16941,0.001186,0.00143
0,0.052123,-0.14183,0.125204,-0.232569,0.16419,-0.189652,0.00091,0.002475
0,-0.043901,0.014806,-0.090714,0.163942,-0.129284,0.115158,0.000766,0.000258
0,-0.070531,-0.109204,-0.056375,-0.125081,-0.034781,-0.123911,0.001231,0.001906
0,0.092847,-0.125971,0.139291,0.00199,0.111526,-0.00879,0.00162,0.002199
0,0.098886,-0.06673,0.006282,0.087603,0.051211,0.119563,0.001726,0.001165
0,0.14545,0.082392,0.022826,0.154987,0.057159,0.194781,0.002539,0.001438
0,0.222431,0.009286,0.082965,-0.065542,0.121485,-0.048758,0.003882,0.000162
0,0.148872,-0.108891,-0.047927,-0.13485,-0.043001,-0.159489,0.002598,0.001901
0,0.29946,0.01537,0.151268,0.117543,0.179625,0.152748,0.002591,0.000268
0,0.093514,-0.051147,-0.189112,-0.043407,-0.1775,-0.033216,0.001632,0.000893
0,0.065571,-0.110141,-0.001116,-0.035626,-0.021965,-0.001766,0.001144,0.001922
0,0.086012,-0.001515,-0.00395,0.120272,-0.019948,0.086464,0.001501,2.6e-05
0,0.232563,0.004627,0.118922,-0.023596,0.129799,-0.028112,0.003759,8.1e-05
0,0.063031,0.018854,-0.146023,-0.013354,-0.172438,0.004423,0.0011,0.000329
0,0.081333,-0.087221,0.039786,-0.103208,0.050509,-0.06505,0.00142,0.001522
0,-0.007652,0.139802,-0.065906,0.242415,-0.090736,0.24267,0.000134,0.00244
0,-0.026994,0.15746,-0.004694,0.023309,0.017649,0.008482,0.000471,0.002748
0,0.118143,-0.095577,0.125417,-0.236418,0.10181,-0.205011,0.002062,0.001668
0,0.002113,0.182737,-0.110312,0.273609,-0.079814,0.298949,3.7e-05,0.003189
0,0.023551,0.101853,0.033512,-0.102055,0.046741,-0.081346,0.000411,0.001778
0,-0.143916,0.185083,-0.163305,0.058922,-0.194745,0.071618,0.002512,0.00323
0,0.046421,-0.016119,0.20348,-0.196544,0.215569,-0.171599,0.00081,0.000281
0,-0.122488,0.139995,-0.139401,0.153746,-0.17911,0.160989,0.002138,0.002443
0,-0.143607,0.059758,-0.000912,-0.091773,-0.03777,-0.138737,0.002506,0.001043
0,-0.08409,0.030968,0.033207,-0.00993,0.064016,0.016491,0.001468,0.000541
0,-0.105468,0.163212,-0.042695,0.146266,-0.036737,0.133324,0.001841,0.002849
0,-0.264999,0.069678,-0.143229,-0.100063,-0.172283,-0.120745,0.003193,0.001216
0,-0.257714,-0.047367,0.023467,-0.088623,-0.018964,-0.057197,0.00332,0.000827
0,-0.231727,0.037443,0.016367,0.082199,0.010485,0.052727,0.003773,0.000654
0,-0.119724,0.056165,0.08681,0.039699,0.122947,0.057995,0.00209,0.00098
0,-0.103176,0.143749,0.020267,0.080126,0.034124,0.074458,0.001801,0.002509
0,0.063425,0.091003,0.191708,-0.052157,0.188757,-0.037112,0.001107,0.001588
0,-0.068955,0.181303,-0.110926,0.108389,-0.13172,0.147657,0.001203,0.003164
0,0.115035,0.10469,0.199918,-0.093339,0.22521,-0.044553,0.002008,0.001827
0,0.123035,0.205859,-0.019021,0.123149,-0.007955,0.097296,0.002147,0.003593
0,0.00817,0.177771,-0.135496,-0.009418,-0.125058,0.000875,0.000143,0.003103
0,0.024566,-0.01155,0.020587,-0.187643,0.040196,-0.216451,0.000429,0.000202
0,0.101117,0.028129,0.055608,0.017191,0.015811,0.014409,0.001765,0.000491
0,-0.112643,0.029866,-0.21982,0.029727,-0.243044,0.000473,0.001966,0.000521
0,-0.090216,0.251389,0.017601,0.197162,0.008132,0.211341,0.001575,0.00343
0,0.055595,0.071226,0.126369,-0.198605,0.109688,-0.203796,0.00097,0.001243
0,0.117594,0.132859,0.059459,0.059407,0.030378,0.048313,0.002052,0.002319
0,0.166141,-0.041774,0.022789,-0.153751,0.062822,-0.121921,0.0029,0.000729
0,0.020041,0.119265,-0.1284,0.14696,-0.113767,0.123963,0.00035,0.002082
0,0.050828,-0.002295,0.049996,-0.142919,0.018919,-0.155182,0.000887,4e-05
0,0.236014,0.196516,0.212229,0.173414,0.244224,0.129202,0.003699,0.00343
0,0.193895,0.15762,-0.054053,-0.051217,-0.022372,-0.05355,0.003384,0.002751
0,0.136571,0.257721,-0.044861,0.116814,0.001182,0.166658,0.002384,0.00332
0,0.115608,0.312677,-0.038027,0.066559,-0.065687,0.086494,0.002018,0.002361
0,0.169445,0.409653,0.073583,0.123987,0.032411,0.142108,0.002957,0.000668
0,0.109585,0.279953,-0.068032,-0.148677,-0.038967,-0.125034,0.001913,0.002932
0,-0.005819,0.139871,-0.144556,-0.137461,-0.173837,-0.137879,0.000102,0.002441
0,-0.018466,0.086178,-0.004713,-0.049191,-0.012043,-0.036218,0.000322,0.001504
0,0.00432,0.169858,0.030251,0.082956,0.042144,0.113857,7.5e-05,0.002965
0,0.082812,-0.008984,0.055185,-0.200654,0.039458,-0.234559,0.001445,0.000157
0,0.093399,-0.008556,0.00424,0.024831,0.043932,-0.005872,0.00163,0.000149
0,0.000225,0.153591,-0.103001,0.172807,-0.120091,0.209122,4e-06,0.002681
0,0.100305,0.070045,0.113605,-0.105777,0.12789,-0.129666,0.001751,0.001223
0,0.124418,0.023894,-0.005222,-0.061518,0.025804,-0.097522,0.002172,0.000417
0,0.195354,0.117565,0.079881,0.095223,0.104831,0.046534,0.00341,0.002052
0,-0.073828,0.027638,-0.26105,-0.099406,-0.294403,-0.126657,0.001289,0.000482
0,-0.029866,0.04978,0.053585,0.043536,0.038165,0.072839,0.000521,0.000869
0,-0.082839,0.031366,-0.073996,-0.006839,-0.120857,-0.003817,0.001446,0.000547
0,0.131154,-0.171449,0.223084,-0.180517,0.188569,-0.220621,0.002289,0.002992
0,-0.014114,-0.114327,-0.132073,0.059585,-0.152961,0.091985,0.000246,0.001995
0,0.026118,0.107888,0.054708,0.241809,0.053446,0.224782,0.000456,0.001883
0,0.011592,0.01151,-0.037811,-0.090185,-0.05253,-0.132298,0.000202,0.000201
0,-0.085755,0.011,-0.097949,-0.024278,-0.093186,-0.034534,0.001497,0.000192
0,0.145996,0.031383,0.25627,0.00274,0.269303,0.051324,0.002548,0.000548
0,0.134105,-0.148269,-0.035609,-0.176768,-0.028505,-0.223394,0.002341,0.002588
0,0.215993,-0.000475,0.100633,0.172997,0.08371,0.141086,0.00377,8e-06
0,-0.010991,0.048338,-0.205418,0.053962,-0.254099,0.098515,0.000192,0.000844
0,0.03385,-0.113112,0.061773,-0.191374,0.041642,-0.230614,0.000591,0.001974
0,-0.022991,0.029989,-0.050349,0.162468,-0.036879,0.153172,0.000401,0.000523
0,-0.036734,-0.080193,0.014386,-0.109237,0.006585,-0.147265,0.000641,0.0014
0,0.140719,-0.008226,0.152027,0.065259,0.144435,0.076943,0.002456,0.000144
0,-0.05213,0.038242,-0.192531,0.028781,-0.170574,-0.007711,0.00091,0.000667
0,0.108882,-0.222838,0.182297,-0.243737,0.181815,-0.236404,0.0019,0.003889
0,-0.052415,-0.115323,-0.136531,0.092052,-0.174669,0.113625,0.000915,0.002013
0,0.179391,0.041169,0.221404,0.169715,0.177316,0.165633,0.003131,0.000719
0,0.146337,-0.161843,-0.053846,-0.222401,-0.0927,-0.269597,0.002554,0.002825
0,0.190076,-0.001762,0.035096,0.133623,-0.013482,0.097753,0.003317,3.1e-05
0,0.024036,0.06262,-0.152014,0.051965,-0.151951,0.019826,0.00042,0.001093
0,-0.101722,-0.193254,-0.135598,-0.234388,-0.120485,-0.222084,0.001775,0.003373
0,-0.041138,-0.192095,0.071427,0.00421,0.064238,0.029622,0.000718,0.003353
0,0.043418,0.035714,0.105935,0.214704,0.114347,0.250751,0.000758,0.000623
0,0.010696,-0.101621,-0.040188,-0.152634,-0.044838,-0.163573,0.000187,0.001774
0,0.092266,0.02318,0.076179,0.153524,0.027278,0.185147,0.00161,0.000405
0,0.059293,-0.068294,-0.012123,-0.062347,0.00246,-0.057243,0.001035,0.001192
0,-0.0281,-0.131333,-0.071969,-0.061241,-0.046886,-0.106887,0.00049,0.002292
0,0.158323,-0.126668,0.16696,-0.017679,0.135182,0.019436,0.002763,0.002211
0,0.167809,0.046593,0.022584,0.144693,0.032289,0.190172,0.002929,0.000813
0,0.174772,0.101675,-0.020947,0.059459,-0.04229,0.09754,0.00305,0.001775
0,-0.108351,0.067192,-0.31208,-0.021896,-0.3356,-0.030049,0.001891,0.001173
0,0.118809,-0.122548,0.203686,-0.20582,0.218657,-0.159321,0.002074,0.002139
0,0.130633,-0.081668,-0.009472,0.046867,-0.001512,0.061614,0.00228,0.001425
0,-0.063687,0.1415,-0.173799,0.2427,-0.144474,0.247421,0.001112,0.00247
0,-0.096897,0.038515,-0.057496,-0.119042,-0.028305,-0.091716,0.001691,0.000672
0,0.062863,0.038799,0.176323,-0.002459,0.129642,-0.042512,0.001097,0.000677
0,-0.055137,0.13114,-0.10515,0.120474,-0.144186,0.078707,0.000962,0.002289
0,-0.081592,0.086495,-0.014044,-0.037166,0.02767,-0.032034,0.001424,0.00151
0,-0.132065,0.081893,-0.07782,-0.026797,-0.08201,-0.025857,0.002305,0.001429
0,0.022286,0.078665,0.126315,0.013007,0.091682,-0.000174,0.000389,0.001373
0,-0.047501,-0.099056,-0.073483,-0.152519,-0.10237,-0.104344,0.000829,0.001729
0,-0.007294,-0.077895,0.063607,0.043113,0.082014,0.031873,0.000127,0.00136
0,0.17587,0.05836,0.167777,0.136423,0.168923,0.087486,0.00307,0.001019
0,-0.040244,-0.06271,-0.227547,-0.101891,-0.209897,-0.149008,0.000702,0.001095
0,0.065051,-0.091719,0.098818,-0.041722,0.048982,-0.064949,0.001135,0.001601
0,0.147512,0.002123,0.102773,0.066262,0.147731,0.069459,0.002575,3.7e-05
0,0.176955,0.030088,0.022338,0.016209,-0.000971,0.063864,0.003088,0.000525
0,0.152935,-0.126812,-0.008053,-0.139609,0.01353,-0.152822,0.002669,0.002213
0,-0.056905,-0.151009,-0.187912,-0.053788,-0.172206,-0.006517,0.000993,0.002636
0,0.032459,-0.126761,0.11699,0.019932,0.146826,0.064901,0.000567,0.002212
0,0.098672,-0.084342,0.072475,0.035324,0.086198,0.075459,0.001722,0.001472
0,-0.028844,-0.157266,-0.152106,-0.07273,-0.179902,-0.043226,0.000503,0.002745
0,0.150032,0.080457,0.181459,0.232744,0.191753,0.199898,0.002619,0.001404
0,-0.063115,0.147683,-0.202956,0.046533,-0.200434,0.016143,0.001102,0.002578
0,-0.0822,0.019507,-0.047807,-0.1241,-0.064304,-0.122131,0.001435,0.00034
0,0.129601,0.116659,0.241512,0.089107,0.230994,0.117182,0.002262,0.002036
0,0.195063,0.053615,0.052111,-0.052891,0.099258,-0.057284,0.003404,0.000936
0,0.000482,-0.109581,-0.219033,-0.186623,-0.268252,-0.172681,8e-06,0.001913
0,0.225505,0.050945,0.212932,0.137209,0.198155,0.119648,0.003882,0.000889
0,0.051761,-0.094817,-0.184145,-0.137851,-0.223886,-0.126904,0.000903,0.001655
0,0.008475,0.157361,-0.038122,0.257642,-0.082647,0.2949,0.000148,0.002746
0,-0.145733,0.006563,-0.161663,-0.162761,-0.162241,-0.141373,0.002544,0.000115
0,0.147187,0.17027,0.281175,0.145969,0.247118,0.133528,0.002569,0.002972
0,0.082783,0.046304,-0.053461,-0.118995,-0.072264,-0.070367,0.001445,0.000808
0,0.055886,0.109876,-0.014629,0.055569,-0.02144,0.063868,0.000975,0.001918
0,-0.024795,-0.086613,-0.087443,-0.181268,-0.114792,-0.145735,0.000433,0.001512
0,0.222622,-0.047394,0.219866,0.045239,0.186729,0.036271,0.003885,0.000827
0,-0.016439,-0.005838,-0.219436,0.023278,-0.20123,0.041445,0.000287,0.000102
0,0.101165,0.128995,0.10618,0.133619,0.133553,0.149411,0.001766,0.002251
0,-0.033353,0.107969,-0.160215,-0.047211,-0.156473,0.001391,0.000582,0.001884
0,0.08122,0.089112,0.125308,-0.008396,0.150742,-0.006721,0.001418,0.001555
0,0.028244,-0.130867,-0.058978,-0.20141,-0.107093,-0.171429,0.000493,0.002284
0,0.166925,-0.123599,0.12775,-0.015278,0.104671,-0.01431,0.002913,0.002157
0,1.937741,0.983086,1.741022,1.130196,1.703339,1.17929,0.002548,0.001522
0,2.722457,1.374374,0.813618,0.368441,0.821466,0.378431,0.000609,0.000534
0,3.551743,1.434645,0.81757,0.061131,0.829732,0.056536,0.000553,0.001586
0,3.822584,1.564881,0.299532,0.150516,0.346484,0.185888,0.003644,0.003859
0,3.916254,1.656485,0.09038,0.06229,0.100719,0.095445,0.002009,0.00236
0,4.044837,1.077041,0.151654,-0.584251,0.107954,-0.550022,0.000235,0.003162
0,3.158248,1.281903,-0.896155,0.221894,-0.859297,0.190686,0.000397,0.00108
0,2.18118,1.00492,-0.982884,-0.253009,-1.028109,-0.251438,0.001021,0.001903
0,1.49837,0.536776,-0.678885,-0.465556,-0.716919,-0.427863,0.002698,0.001551
0,1.30521,0.584286,-0.184762,0.037338,-0.154462,0.054072,0.000673,0.00238
0,0.927888,0.292913,-0.387584,-0.29513,-0.412971,-0.267338,0.000559,0.002706
0,0.693446,0.228887,-0.214208,-0.086622,-0.183093,-0.134075,0.003533,0.003823
0,0.377487,0.127712,-0.29431,-0.115504,-0.32482,-0.097535,0.001229,0.002229
0,0.184943,0.056204,-0.192932,-0.090779,-0.171469,-0.126586,0.003228,0.000981
0,-0.070336,-0.157075,-0.23492,-0.198912,-0.21903,-0.184181,0.001228,0.002741
0,-0.23011,-0.025365,-0.165303,0.111036,-0.131728,0.1177,0.003802,0.000443
0,-0.210495,-0.139017,0.013206,-0.120153,-0.020802,-0.074709,0.003674,0.002426
0,-0.193957,-0.35126,0.006966,-0.237719,0.015303,-0.277187,0.003385,0.001687
0,-0.425121,-0.076763,-0.241587,0.289305,-0.259913,0.257144,0.000398,0.00134
0,-0.236843,-0.192596,0.205096,-0.137626,0.195119,-0.089876,0.003684,0.003361
0,-0.369222,-0.151579,-0.156008,0.049589,-0.155163,0.068273,0.001374,0.002646
0,-0.175176,-0.073589,0.177993,0.106051,0.227445,0.116686,0.003057,0.001284
0,-0.048406,-0.284923,0.133032,-0.212023,0.08526,-0.242735,0.000845,0.002845
0,-0.134826,-0.203049,-0.104142,0.086509,-0.057347,0.092263,0.002353,0.003544
0,0.079988,0.00196,0.226703,0.191,0.181979,0.14342,0.001396,3.4e-05
0,0.077682,0.085466,0.009924,0.065952,0.057005,0.076179,0.001356,0.001492
0,0.019646,0.027859,-0.071021,-0.049522,-0.061624,-0.043907,0.000343,0.000486
0,0.045823,-0.106377,0.052903,-0.154201,0.018995,-0.175481,0.0008,0.001857
0,-0.149877,-0.13807,-0.215099,-0.030452,-0.219236,-0.00378,0.002616,0.00241
0,0.043892,0.003596,0.184936,0.136914,0.162811,0.163161,0.000766,6.3e-05
0,-0.045425,0.061907,-0.105284,0.04188,-0.115672,0.025849,0.000793,0.00108
0,-0.055811,-0.126492,0.013692,-0.205093,0.029443,-0.19458,0.000974,0.002208
0,-0.017586,-0.077033,0.022853,0.04276,0.005732,0.059915,0.000307,0.001344
0,-0.115884,-0.091878,-0.09483,-0.012905,-0.073785,-0.032519,0.002023,0.001604
0,-0.14326,-0.017991,-0.003034,0.099119,-0.0253,0.104835,0.0025,0.000314
0,-0.025214,0.004779,0.126761,0.050735,0.17422,0.034136,0.00044,8.3e-05
0,-0.129466,-0.08295,-0.107422,-0.072449,-0.143425,-0.047494,0.00226,0.001448
0,-0.046791,-0.073999,0.083468,0.020988,0.099439,0.009333,0.000817,0.001292
0,-0.296775,0.110614,-0.242661,0.180328,-0.259784,0.16787,0.002638,0.001931
0,-0.050468,-0.011588,0.262799,-0.148128,0.238697,-0.168508,0.000881,0.000202
0,-0.274026,-0.079331,-0.207601,-0.064049,-0.195739,-0.027668,0.003035,0.001385
0,-0.27657,-0.010095,0.002899,0.096472,-0.011891,0.106477,0.002991,0.000176
0,-0.247317,-0.028397,0.004307,-0.004416,-0.028877,-0.04393,0.003501,0.000496
0,-0.265859,0.032044,-0.004419,0.0411,0.006069,0.042393,0.003178,0.000559
0,-0.158417,0.139658,0.136756,0.104505,0.113266,0.0719,0.002765,0.002437
0,-0.130153,0.128401,0.013374,-0.007827,0.030475,0.011608,0.002272,0.002241
0,-0.362336,0.01987,-0.233197,-0.101789,-0.241568,-0.143531,0.001494,0.000347
0,-0.180552,0.138086,0.209699,0.130272,0.246401,0.088421,0.003151,0.00241
0,-0.199037,0.100424,-0.043976,-0.060393,-0.053629,-0.104489,0.003474,0.001753
0,-0.185723,-0.01061,-0.003499,-0.087425,-0.034702,-0.047363,0.003241,0.000185
0,-0.177951,0.139915,-0.01727,0.121902,-0.060592,0.142581,0.003106,0.002442
0,-0.128784,0.043566,0.040735,-0.081804,0.013774,-0.055013,0.002248,0.00076
0,-0.238773,0.056925,-0.121006,-0.012171,-0.109568,-0.032704,0.003651,0.000994
0,-0.174512,-0.150822,0.078999,-0.236803,0.088994,-0.247569,0.003046,0.002632
0,-0.320458,-0.054274,-0.133823,0.074449,-0.114477,0.032927,0.002225,0.000947
0,-0.312178,0.063404,0.037165,0.092544,0.036966,0.078087,0.002369,0.001107
0,-0.205172,-0.104933,0.11001,-0.177381,0.095122,-0.187547,0.003581,0.001831
0,-0.004028,0.123519,0.173106,0.244442,0.155693,0.224748,7e-05,0.002156
0,-0.031054,0.004673,-0.020504,-0.106561,0.018204,-0.063466,0.000542,8.2e-05
0,-0.028899,0.135524,0.013676,0.110248,-0.033559,0.113597,0.000504,0.002365
0,-0.26746,0.074101,-0.265537,-0.073426,-0.290073,-0.099702,0.00315,0.001293
0,0.00596,-0.1611,0.265071,-0.248538,0.280803,-0.280194,0.000104,0.002812
0,1.984029,-0.439755,1.998072,-0.249954,2.026483,-0.252222,0.003356,0.000143
0,2.551988,-1.265453,0.580474,-0.821188,0.556591,-0.789778,0.002367,0.001367
0,2.377635,-1.46158,-0.201105,-0.219286,-0.203215,-0.228977,0.002408,0.002056
0,1.891293,-1.359355,-0.494365,0.106903,-0.462467,0.121558,0.001738,0.000272
0,1.616676,-1.063781,-0.300174,0.305241,-0.311562,0.314485,0.003055,0.002931
0,1.421814,-1.028227,-0.221211,0.026281,-0.227127,0.073236,0.001362,0.00231
0,1.255534,-0.778024,-0.17793,0.264427,-0.174086,0.229807,0.00154,0.002057
0,0.554647,-0.48151,-0.714221,0.289306,-0.700005,0.317024,0.001863,0.000586
0,0.198964,-0.574043,-0.372111,-0.080251,-0.335971,-0.079144,0.003473,0.002201
0,0.158962,-0.340087,-0.0391,0.252552,-0.034024,0.224387,0.002774,0.001882
0,-0.026519,-0.348531,-0.181187,-0.036576,-0.176895,-0.063294,0.000463,0.001735
0,-0.016576,0.048536,0.005484,0.424911,-0.025906,0.432238,0.000289,0.000847
0,-0.034933,-0.071181,-0.019657,-0.117756,-0.045318,-0.105763,0.00061,0.001242
0,-0.064393,-0.028604,-0.004721,0.016312,-0.052305,-0.008985,0.001124,0.000499
0,-0.068823,0.270188,0.005732,0.276755,0.043693,0.267659,0.001201,0.003102
0,-0.211291,0.061595,-0.165179,-0.232858,-0.134823,-0.227714,0.003688,0.001075
0,0.600976,1.615115,0.802042,1.568629,0.778881,1.592897,0.002671,0.003082
0,1.079319,2.112163,0.454273,0.473135,0.473558,0.51598,0.003202,0.002225
0,1.2262,2.070827,0.124929,-0.025904,0.105384,0.011453,0.002052,0.002947
0,1.26368,1.639229,0.023713,-0.448027,0.023115,-0.454867,0.001398,0.002662
0,0.877246,1.429744,-0.38347,-0.232624,-0.357332,-0.213179,0.000325,0.0015
0,0.838671,1.218007,-0.06709,-0.196012,-0.09734,-0.160737,0.000998,0.002195
0,0.660903,0.718655,-0.174879,-0.490513,-0.217039,-0.469097,0.003717,0.003093
0,0.42565,0.49864,-0.253306,-0.221889,-0.276639,-0.230631,0.000389,0.000885
0,0.318168,0.070603,-0.134836,-0.42894,-0.153029,-0.382678,0.002265,0.001232
0,0.158252,-0.040883,-0.135157,-0.105476,-0.112306,-0.06026,0.002762,0.000714
0,0.008013,-0.109451,-0.147359,-0.084434,-0.102084,-0.0674,0.00014,0.00191
0,0.079716,-0.238055,0.085412,-0.118984,0.116342,-0.123,0.001391,0.003663
0,-0.049543,-0.272085,-0.141467,-0.060379,-0.100688,-0.039132,0.000865,0.003069
0,-0.080752,-0.208702,-0.060694,0.074933,-0.104016,0.03608,0.001409,0.003643
0,-0.180417,-0.185288,-0.079409,0.017112,-0.049464,0.007074,0.003149,0.003234
0,-0.122193,0.025366,0.036489,0.211293,0.010549,0.238774,0.002133,0.000443
0,-0.183452,-0.079743,-0.081597,-0.107532,-0.058124,-0.075611,0.003202,0.001392
0,-0.185198,0.095388,0.008834,0.19474,0.058485,0.220137,0.003232,0.001665
0,-0.109984,-0.042702,0.105128,-0.150519,0.136851,-0.173214,0.00192,0.000745
0,-0.224597,0.080184,-0.116613,0.128388,-0.109131,0.124361,0.003898,0.001399
0,0.060114,0.059402,0.273914,-0.025609,0.292451,-0.003249,0.001049,0.001037
0,-0.022499,-0.056084,-0.05472,-0.124597,-0.015615,-0.119971,0.000393,0.000979
0,0.141671,-0.083441,0.181293,-0.011163,0.166034,0.020175,0.002473,0.001456
0,0.141811,0.123984,-0.012481,0.215148,0.028203,0.219792,0.002475,0.002164
0,0.026587,0.044333,-0.093448,-0.069994,-0.061919,-0.081293,0.000464,0.000774
0,-0.062857,-0.069191,-0.065689,-0.102036,-0.065469,-0.152024,0.001097,0.001208
0,0.100869,0.022765,0.181872,0.077196,0.202152,0.04441,0.001761,0.000397
0,0.139327,-0.063701,0.035874,-0.112207,0.000906,-0.066731,0.002432,0.001112
0,0.093438,0.079963,-0.05123,0.155505,-0.049537,0.167167,0.001631,0.001396
0,0.164024,0.028718,0.045459,-0.063987,0.013888,-0.029433,0.002863,0.000501
0,0.172188,0.060863,0.021112,0.054262,0.069513,0.070504,0.003005,0.001062
0,0.209004,0.018108,0.060467,-0.039284,0.072921,-0.050867,0.003648,0.000316
0,0.094735,0.105359,-0.089326,0.092083,-0.096544,0.123046,0.001653,0.001839
0,0.03542,-0.042329,-0.038168,-0.150896,-0.032483,-0.13454,0.000618,0.000739
0,0.136475,-0.03238,0.08171,-0.004049,0.034234,-0.042893,0.002382,0.000565
0,-0.002543,-0.05708,-0.109388,-0.029135,-0.087618,-0.022683,4.4e-05,0.000996
0,0.093358,0.025214,0.122942,0.052973,0.125612,0.067703,0.001629,0.00044
0,0.104656,-0.090122,0.031438,-0.135697,0.022216,-0.181098,0.001827,0.001573
0,0.04002,0.019838,-0.064708,0.103529,-0.088756,0.08805,0.000698,0.000346
0,0.058462,-0.063414,0.013158,-0.081768,0.021644,-0.081271,0.00102,0.001107
0,0.044165,0.060923,-0.022847,0.118399,-0.025754,0.074983,0.000771,0.001063
0,0.089569,-0.108662,0.048202,-0.199429,0.042807,-0.230566,0.001563,0.001897
0,0.078195,0.020806,-0.040051,0.099935,-0.051485,0.102181,0.001365,0.000363
0,0.09431,-0.019058,0.005737,-0.040733,-0.017075,-0.016274,0.001646,0.000333
0,0.104166,0.082959,0.029524,0.097171,0.029237,0.134905,0.001818,0.001448
0,0.073643,0.060649,-0.027982,0.002082,-0.067096,0.034814,0.001285,0.001059
0,0.042751,0.006239,-0.030707,-0.049769,-0.066312,-0.01234,0.000746,0.000109
0,-0.005573,0.014341,-0.036262,-0.008701,-0.066296,-0.006027,9.7e-05,0.00025
0,0.066863,0.027312,0.07093,0.011977,0.052583,0.018213,0.001167,0.000477
0,0.223284,0.124832,0.185004,0.103966,0.220064,0.099949,0.003897,0.002179
0,-0.02807,-0.12392,-0.249904,-0.244947,-0.260537,-0.290611,0.00049,0.002163
0,0.014381,-0.010271,0.063948,0.116041,0.01545,0.135483,0.000251,0.000179
0,0.084663,0.068807,0.058163,0.107125,0.045064,0.066908,0.001478,0.001201
0,0.225241,-0.054616,0.128777,-0.131951,0.140563,-0.095293,0.003887,0.000953
0,-0.009921,0.112768,-0.246159,0.174504,-0.231958,0.183671,0.000173,0.001968
0,0.152638,0.050651,0.134239,-0.084443,0.088832,-0.059697,0.002664,0.000884
0,0.112017,-0.108501,-0.033304,-0.177779,-0.048601,-0.192669,0.001955,0.001894
0,0.249018,-0.201063,0.159466,-0.099042,0.145795,-0.059829,0.003472,0.003509
0,0.171289,-0.02326,-0.057756,0.160129,-0.052656,0.121178,0.00299,0.000406
0,-0.02364,-0.195353,-0.173911,-0.19297,-0.207349,-0.174855,0.000413,0.00341
0,0.049146,-0.129865,0.056709,0.071171,0.063845,0.072648,0.000858,0.002267
0,0.261839,-0.159166,0.217001,-0.018721,0.248696,-0.013096,0.003248,0.002778
0,-0.047603,0.058816,-0.308947,0.188455,-0.279939,0.221586,0.000831,0.001027
0,0.233022,-0.05286,0.292941,-0.131223,0.321868,-0.180408,0.003751,0.000923
0,0.029079,-0.221696,-0.192843,-0.151368,-0.175898,-0.10143,0.000508,0.003869
0,-2.967281,0.297024,-2.984348,0.499263,-2.974255,0.54829,0.002936,0.002634
0,-3.677485,0.945001,-0.692058,0.632369,-0.68299,0.673898,0.001641,0.000858
0,-3.494992,0.585143,0.195435,-0.385736,0.189591,-0.336575,0.001544,0.002395
0,-3.356092,0.837809,0.133436,0.250668,0.146206,0.235774,0.00385,0.001013
0,-3.462735,0.784197,-0.08547,-0.075579,-0.038109,-0.104063,0.002107,0.001949
0,-3.598526,0.471395,-0.1238,-0.289846,-0.086675,-0.252314,0.000263,0.00041
0,-3.432802,0.550527,0.156372,0.094562,0.183729,0.074902,0.002629,0.001791
0,-2.702868,0.509856,0.731435,-0.015879,0.779148,-0.012708,0.000267,0.001081
0,-2.181556,0.131607,0.520204,-0.402494,0.549045,-0.384366,0.001014,0.002297
0,-1.238835,0.060695,0.945328,-0.06445,0.946941,-0.061664,0.001832,0.001059
0,-0.675415,0.088231,0.552302,0.003179,0.578866,0.014557,0.003848,0.00154
0,0.013377,0.160754,0.6842,0.10086,0.638902,0.097714,0.000233,0.002806
0,0.174377,0.023516,0.14709,-0.115048,0.179774,-0.086933,0.003043,0.00041
0,0.276721,0.197187,0.073385,0.175306,0.08996,0.168098,0.002988,0.003442
0,0.344777,0.036399,0.086627,-0.133296,0.135532,-0.148802,0.0018,0.000635
0,0.524911,0.164408,0.185087,0.141959,0.168865,0.171321,0.001344,0.002869
0,0.330118,-0.119983,-0.197646,-0.273464,-0.190988,-0.270418,0.002056,0.002094
0,3.801475,-1.866937,3.498175,-1.742393,3.525033,-1.701385,0.003805,0.001313
0,4.016498,-1.831637,0.232154,0.050894,0.243986,0.017713,0.00026,0.000697
0,3.931677,-2.436431,-0.111816,-0.615508,-0.161768,-0.60568,0.00174,0.003434
0,3.834526,-2.11783,-0.088959,0.344135,-0.136801,0.371595,0.003436,0.002126
0,2.662668,-1.821521,-1.175185,0.312138,-1.149351,0.262647,0.000435,0.00052
0,2.179884,-1.514638,-0.472535,0.321006,-0.510761,0.352034,0.001043,0.002982
0,1.985351,-0.971647,-0.223377,0.534646,-0.219667,0.535066,0.003379,0.001323
0,1.264498,-0.710713,-0.705266,0.288079,-0.667173,0.297268,0.001384,0.003231
0,0.653403,-0.30462,-0.621824,0.404047,-0.602947,0.414992,0.003586,0.002501
0,0.457719,0.094508,-0.178669,0.391249,-0.202133,0.412574,0.000171,0.001649
0,0.319189,0.078675,-0.13473,-0.000159,-0.094867,-0.038308,0.002247,0.001373
0,-0.056971,0.192787,-0.389055,0.099154,-0.397868,0.088595,0.000994,0.003365
0,-0.241214,0.340392,-0.211138,0.136926,-0.231752,0.156867,0.003608,0.001877
0,-0.292169,0.4481,-0.059745,0.119879,-0.101157,0.13074,0.002719,3e-06
0,-0.26841,0.409728,0.042186,-0.021095,0.029056,0.023469,0.003133,0.000667
0,-0.150519,0.375152,0.123691,-0.022151,0.131872,0.012747,0.002627,0.00127
0,-0.187753,0.187966,-0.01602,-0.182349,-0.01518,-0.185565,0.003277,0.003281
0,-0.101501,0.026731,0.099724,-0.170282,0.144493,-0.180745,0.001772,0.000467
0,-0.118459,0.139303,-0.011534,0.086541,0.009946,0.079003,0.002068,0.002431
0,-0.055826,-0.013736,0.042187,-0.130002,0.003656,-0.151604,0.000974,0.00024
0,0.070979,0.113758,0.110951,0.125763,0.152496,0.101252,0.001239,0.001985
0,0.092648,0.10813,0.035047,0.024314,0.024328,0.035136,0.001617,0.001887
0,-0.050326,-0.106983,-0.170404,-0.222547,-0.174632,-0.218412,0.000878,0.001867
0,-0.024002,-0.083757,0.005411,-0.001985,-0.032329,0.043778,0.000419,0.001462
0,-0.017765,0.10562,-0.011692,0.161853,-0.025974,0.184576,0.00031,0.001843
0,0.137525,0.087402,0.161931,0.002037,0.15719,0.020935,0.0024,0.001525
0,-0.019053,0.009338,-0.179145,-0.087274,-0.167896,-0.106243,0.000333,0.000163
0,0.029323,0.055089,0.071152,0.054257,0.031866,0.078334,0.000512,0.000961
0,0.158121,-0.132094,0.106284,-0.194404,0.147132,-0.222291,0.00276,0.002305
0,0.053891,-0.04632,-0.098387,0.075348,-0.13543,0.09821,0.000941,0.000808
0,0.010672,-0.03814,-0.025492,0.007244,-0.001749,-0.033989,0.000186,0.000666
0,0.004526,0.052725,-0.018025,0.091102,0.004506,0.0534,7.9e-05,0.00092
0,-0.077873,-0.120756,-0.102713,-0.198715,-0.112126,-0.156449,0.001359,0.002108
0,-0.001246,-0.124412,0.090529,-0.027816,0.062327,-0.003136,2.2e-05,0.002171
0,0.038608,0.101529,0.069279,0.243876,0.072402,0.209095,0.000674,0.001772
0,0.141732,-0.150275,0.092105,-0.273775,0.06476,-0.313051,0.002474,0.002623
0,-0.000323,-0.062523,-0.143963,0.08147,-0.149152,0.116626,6e-06,0.001091
0,-0.004843,0.031342,-0.010398,0.094526,-0.048243,0.104298,8.5e-05,0.000547
0,0.08985,-0.134292,0.068843,-0.145699,0.107101,-0.10297,0.001568,0.002344
0,-0.024627,0.109859,-0.138178,0.243308,-0.173126,0.211287,0.00043,0.001917
0,0.041476,0.1128,0.079204,0.014939,0.044295,-0.013059,0.000724,0.001969
0,0.031387,0.013804,-0.029864,-0.095758,-0.020519,-0.144487,0.000548,0.000241
0,-0.124295,-0.016486,-0.148558,-0.013493,-0.150741,-0.049054,0.002169,0.000288
0,-0.154576,0.0615,-0.047497,0.078958,-0.072501,0.04282,0.002698,0.001073
0,-0.009643,-0.067038,0.171058,-0.140454,0.174701,-0.164161,0.000168,0.00117
0,-0.065417,0.033853,-0.03481,0.086389,-0.039183,0.124503,0.001142,0.000591
0,0.107031,-0.033583,0.18496,-0.045587,0.175394,-0.003765,0.001868,0.000586
0,-0.013824,0.033466,-0.130516,0.047982,-0.115408,0.012846,0.000241,0.000584
0,-0.056629,0.095075,-0.07247,0.084679,-0.059037,0.125445,0.000988,0.001659
0,0.252831,-0.069948,0.306347,-0.153669,0.306464,-0.189027,0.003405,0.001221
0,0.137015,-0.080013,-0.116247,-0.000944,-0.102166,0.004416,0.002391,0.001396
0,0.079503,0.197753,-0.080195,0.297743,-0.098211,0.274136,0.001388,0.003451
0,0.102505,-0.092395,0.003782,-0.281528,0.01164,-0.282641,0.001789,0.001613
0,0.107111,-0.076949,-0.01006,0.01958,0.010078,-0.013369,0.001869,0.001343
0,0.120523,-0.031487,0.000394,0.044587,0.005667,0.032406,0.002104,0.00055
0,0.225196,-0.087384,0.123466,-0.030979,0.134324,-0.021017,0.003887,0.001525
0,0.150924,0.010815,-0.072594,0.110985,-0.093987,0.090113,0.002634,0.000189
0,0.224288,0.113629,0.088195,0.07306,0.073134,0.091361,0.003903,0.001983
0,0.128252,0.114535,-0.102592,-0.003531,-0.079423,-0.026881,0.002238,0.001999
0,0.101011,0.011269,-0.043421,-0.097613,-0.020139,-0.110459,0.001763,0.000197
0,-0.099026,0.001821,-0.215571,-0.022675,-0.202886,-0.036309,0.001728,3.2e-05
0,0.161594,-0.0418,0.2865,-0.018392,0.324986,-0.058618,0.00282,0.00073
0,0.028739,-0.046324,-0.143587,0.009717,-0.155265,0.046138,0.000502,0.000809
0,0.017953,0.001837,0.018276,0.049428,0.027573,0.094579,0.000313,3.2e-05
0,-0.003827,0.026423,-0.036367,0.051629,-0.024857,0.077595,6.7e-05,0.000461
0,-0.056804,0.09613,-0.034315,0.097564,-0.051038,0.102499,0.000991,0.001678
0,-0.080964,-0.096101,-0.006091,-0.219374,-0.032966,-0.20528,0.001413,0.001677
0,0.067344,0.046208,0.140912,0.155676,0.163283,0.112519,0.001175,0.000806
0,-0.03405,0.122151,-0.105483,0.090761,-0.12303,0.086938,0.000594,0.002132
0,-0.071029,-0.005062,-0.010689,-0.127075,0.012891,-0.094659,0.00124,8.8e-05
0,0.003269,-0.07696,0.09198,-0.096047,0.136346,-0.057054,5.7e-05,0.001343
0,-0.184858,0.082615,-0.208332,0.162244,-0.16603,0.167536,0.003226,0.001442
0,-0.019657,0.062891,0.185064,-0.00975,0.216346,-0.048108,0.000343,0.001098
0,-0.24478,-0.017215,-0.21578,-0.084024,-0.235288,-0.07964,0.003546,0.0003
0,-0.030169,0.087285,0.189312,0.075844,0.209904,0.105784,0.000527,0.001523
0,-0.136525,0.089093,-0.084259,-0.019167,-0.133733,0.011995,0.002383,0.001555
0,-0.153368,0.067082,-0.011077,-0.004272,-0.033256,0.010247,0.002677,0.001171
0,-0.172119,0.027823,-0.018817,-0.034944,-0.013108,-0.059601,0.003004,0.000486
0,0.095929,0.033155,0.2736,0.019464,0.256289,0.066867,0.001674,0.000579
0,-0.124979,0.101799,-0.217312,0.088613,-0.187092,0.117109,0.002181,0.001777
0,-0.011173,0.046057,0.101078,-0.067848,0.064341,-0.091043,0.000195,0.000804
0,-0.085443,0.043734,-0.094733,-0.027389,-0.124338,0.003429,0.001491,0.000763
0,-0.089073,-0.068163,0.009838,-0.1342,0.021724,-0.181417,0.001555,0.00119
0,-0.113042,-0.015304,-0.008838,0.068234,-0.001817,0.086207,0.001973,0.000267
0,-0.110286,0.084745,0.016831,0.090717,0.063774,0.100771,0.001925,0.001479
0,-0.070004,0.009398,0.010644,-0.090654,-0.029043,-0.08297,0.001222,0.000164
0,-0.107576,0.075268,-0.060146,0.049326,-0.086941,0.030376,0.001878,0.001314
0,-0.068123,-0.006173,0.03274,-0.089128,-0.002604,-0.057,0.001189,0.000108
0,-0.06929,-0.092465,0.027239,-0.098754,0.067691,-0.119381,0.001209,0.001614
0,0.102219,-0.011809,0.174633,0.102079,0.148068,0.114732,0.001784,0.000206
0,-0.022873,-0.117528,-0.125066,-0.100797,-0.142362,-0.146632,0.000399,0.002051
0,-0.087273,0.014889,-0.057823,0.128674,-0.086829,0.092849,0.001523,0.00026
0,0.0016,-0.037742,0.1092,-0.071471,0.123555,-0.111934,2.8e-05,0.000659
0,-0.032461,-0.181694,-0.011873,-0.167559,-0.020808,-0.190116,0.000567,0.003171
0,0.142464,-0.020571,0.202683,0.168948,0.214733,0.170969,0.002486,0.000359
0,-0.49969,0.452432,-0.631525,0.471903,-0.596503,0.447743,0.000903,7.9e-05
0,-1.040437,0.512972,-0.5618,0.040099,-0.597699,0.066487,0.002523,0.001135
0,-0.947717,0.831747,0.118083,0.330181,0.10296,0.30058,0.000905,0.001119
0,-1.075055,0.853841,-0.148962,0.048732,-0.105536,0.081249,0.003128,0.000733
0,-0.8831,0.713022,0.185029,-0.133222,0.182811,-0.11093,0.000223,0.003191
0,-0.669738,0.718791,0.19812,0.005161,0.170768,0.048301,0.003871,0.00309
0,-0.498188,0.480618,0.174485,-0.22024,0.138637,-0.252411,0.000877,0.00057
0,-0.312221,0.387809,0.214774,-0.068939,0.203238,-0.105085,0.002369,0.001049
0,-0.384041,0.104392,-0.081875,-0.310503,-0.035282,-0.272805,0.001115,0.001822
0,-0.034873,0.13152,0.325412,0.027407,0.306351,-0.003472,0.000609,0.002295
0,-0.038049,0.040585,0.017155,-0.107256,-0.005867,-0.075747,0.000664,0.000708
0,0.032669,0.049781,0.086687,-0.007063,0.135694,-0.043174,0.00057,0.000869
0,0.005574,-0.026181,-0.037685,-0.097291,-0.083183,-0.142856,9.7e-05,0.000457
0,-0.093309,0.094359,-0.099694,0.147005,-0.111501,0.102707,0.001629,0.001647
0,-0.013884,0.101025,0.094652,0.015478,0.061962,-0.019448,0.000242,0.001763
0,-0.028136,0.03322,0.002073,-0.066582,0.004883,-0.038504,0.000491,0.00058
0,0.0754,0.061005,0.119081,0.034947,0.086055,0.05746,0.001316,0.001065
0,-0.002602,0.077936,-0.081686,0.028611,-0.113816,0.02759,4.5e-05,0.00136
0,0.131751,-0.010171,0.139179,-0.105483,0.130995,-0.068311,0.002299,0.000178
0,-0.02853,0.094246,-0.164642,0.074717,-0.159224,0.062887,0.000498,0.001645
0,0.022008,0.166087,0.067544,0.047575,0.085957,0.047883,0.000384,0.002899
0,0.181625,0.116097,0.135243,-0.074842,0.111772,-0.052897,0.00317,0.002026
0,0.082798,0.163835,-0.078754,0.027577,-0.124735,0.042344,0.001445,0.002859
0,-0.014225,0.128923,-0.096765,-0.020338,-0.057073,-0.03307,0.000248,0.00225
0,0.136402,-0.083658,0.12566,-0.202637,0.080858,-0.193242,0.002381,0.00146
0,0.086463,-0.01821,-0.055241,0.09166,-0.035791,0.080807,0.001509,0.000318
0,0.116832,-0.04792,0.021311,-0.015884,-0.016014,-0.039418,0.002039,0.000836
0,0.123457,0.003229,-0.017057,0.072933,0.029917,0.114327,0.002155,5.6e-05
0,0.212167,0.165381,0.079493,0.180064,0.030639,0.187793,0.003703,0.002886
0,-0.057045,-0.093037,-0.257944,-0.251687,-0.213251,-0.277329,0.000996,0.001624
0,-0.038924,-0.110093,0.047175,0.005207,0.009392,-0.021739,0.000679,0.001921
0,0.180518,-0.07416,0.227933,0.058057,0.17849,0.060105,0.003151,0.001294
0,-0.053834,0.112813,-0.241106,0.207678,-0.191447,0.244418,0.00094,0.001969
0,0.063011,0.074525,0.113497,-0.034722,0.157097,-0.037287,0.0011,0.001301
0,0.061328,-0.105852,-0.000225,-0.171299,-0.04494,-0.187222,0.00107,0.001847
0,0.116981,-0.003551,0.078531,0.119041,0.057303,0.142019,0.002042,6.2e-05
0,0.158437,-0.058652,0.042554,-0.041112,0.030181,-0.090592,0.002765,0.001024
0,0.14003,0.140334,-0.00104,0.198985,0.015524,0.221958,0.002444,0.002449
0,0.067931,0.122169,-0.04422,-0.012198,-0.00686,-0.052191,0.001186,0.002132
0,0.220011,0.100972,0.169609,-0.009408,0.132176,-0.051476,0.00384,0.001762
0,-0.081482,0.051938,-0.291196,-0.077653,-0.302124,-0.099876,0.001422,0.000906
0,0.113418,-0.112111,0.213642,-0.182837,0.165976,-0.192351,0.00198,0.001957
0,0.095762,-0.121172,-0.007499,0.007927,-0.051537,-0.01334,0.001671,0.002115
0,0.10973,-0.052248,0.022105,0.081258,-0.011606,0.058526,0.001915,0.000912
0,0.328887,0.074137,0.24466,0.107819,0.197954,0.064662,0.002078,0.001294
0,0.170992,-0.090437,-0.143318,-0.176171,-0.137211,-0.181581,0.002984,0.001578
0,0.070244,0.066882,-0.082559,0.127694,-0.130534,0.111031,0.001226,0.001167
0,0.31812,-0.126107,0.220199,-0.203481,0.218322,-0.243984,0.002266,0.002201
0,0.214815,-0.075341,-0.131221,0.065402,-0.143019,0.078457,0.003749,0.001315
0,0.056394,0.088837,-0.166112,0.138157,-0.209969,0.160375,0.000984,0.001551
0,0.148323,0.081238,0.090539,0.015442,0.125929,-0.001313,0.002589,0.001418
0,0.337033,0.017713,0.19362,-0.079724,0.224382,-0.074316,0.001936,0.000309
0,0.169959,0.059352,-0.161074,0.018528,-0.160822,-0.001666,0.002966,0.001036
0,0.140867,0.064042,-0.006977,-0.020696,0.018093,0.001798,0.002459,0.001118
0,0.115298,0.139232,-0.005779,0.057467,-0.023478,0.040376,0.002012,0.00243
0,0.031548,0.112392,-0.085466,-0.015082,-0.104753,0.008497,0.000551,0.001962
0,0.03517,0.008713,-0.013689,-0.110495,-0.032417,-0.112043,0.000614,0.000152
0,0.189736,0.02105,0.158132,0.038034,0.180629,0.000906,0.003312,0.000367
0,0.217294,-0.039358,0.036362,-0.054447,0.01835,-0.039244,0.003792,0.000687
0,0.096009,0.13898,-0.137936,0.185387,-0.183812,0.144819,0.001676,0.002426
0,0.145764,0.210566,0.069875,0.069863,0.022645,0.027204,0.002544,0.003675
0,0.17698,-0.059751,0.050211,-0.258573,0.01691,-0.256338,0.003089,0.001043
0,0.038817,0.083643,-0.148689,0.147034,-0.138828,0.098921,0.000677,0.00146
0,0.053981,0.072709,0.024369,0.018152,0.047503,0.00303,0.000942,0.001269
0,0.149598,0.105932,0.091916,0.030063,0.064436,-0.002676,0.002611,0.001849
0,0.231779,-0.043275,0.099182,-0.172806,0.059345,-0.174735,0.003773,0.000755
0,0.280633,-0.060802,0.025779,-0.046006,0.025837,0.003536,0.00292,0.001061
0,0.145826,0.081467,-0.131314,0.137877,-0.162185,0.167198,0.002545,0.001422
0,0.145029,-0.06233,-0.011537,-0.168431,0.010944,-0.1469,0.002531,0.001088
0,-0.00595,-0.002221,-0.175018,0.043041,-0.13276,0.040035,0.000104,3.9e-05
0,0.078985,0.046705,0.092626,0.063797,0.119853,0.060053,0.001379,0.000815
0,0.161519,0.20257,0.069766,0.127101,0.058565,0.175748,0.002819,0.003536
0,0.062276,0.166172,-0.123129,-0.012272,-0.123055,-0.048368,0.001087,0.0029
0,0.059429,0.132494,0.022837,-0.062388,0.028293,-0.085726,0.001037,0.002312
0,0.023712,-0.039113,-0.060776,-0.163449,-0.048193,-0.165137,0.000414,0.000683
0,-0.092252,0.18582,-0.112275,0.22583,-0.069708,0.193799,0.00161,0.003243
0,0.001057,-0.052865,0.120402,-0.218122,0.166565,-0.199846,1.8e-05,0.000923
0,-0.051314,0.157948,-0.024171,0.216162,-0.009469,0.193399,0.000896,0.002757
0,-0.004761,0.041915,0.062517,-0.093207,0.039582,-0.060319,8.3e-05,0.000732
0,0.145082,-0.012323,0.125879,-0.063631,0.127923,-0.08918,0.002532,0.000215
0,0.189333,-0.075312,0.041982,-0.088267,0.085306,-0.108146,0.003304,0.001314
0,0.047659,0.07729,-0.11354,0.163909,-0.127393,0.138733,0.000832,0.001349
0,-0.137261,0.140249,-0.181767,0.08166,-0.211519,0.09313,0.002396,0.002448
0,-0.083082,0.064135,0.039906,-0.079603,0.086079,-0.072239,0.00145,0.001119
0,-0.137795,0.087358,-0.066232,0.043207,-0.096413,0.08617,0.002405,0.001525
0,-0.072943,0.13361,0.039841,0.031238,0.037151,0.079703,0.001273,0.002332
0,0.080274,0.134555,0.166363,0.029031,0.147439,-0.010481,0.001401,0.002348
0,-0.120245,-0.1223,-0.189193,-0.241918,-0.172966,-0.194175,0.002099,0.002135
0,0.041178,-0.146475,0.16257,-0.032263,0.196789,-0.071175,0.000719,0.002556
0,0.087246,0.092835,0.033843,0.261382,0.029063,0.308866,0.001523,0.00162
0,0.106619,-0.099494,0.028599,-0.17216,0.07389,-0.195475,0.001861,0.001737
0,0.191844,0.047857,0.061646,0.139749,0.031918,0.107046,0.003348,0.000835
0,0.036488,-0.12552,-0.128199,-0.20117,-0.174237,-0.202087,0.000637,0.002191
0,0.197992,0.092876,0.179236,0.242025,0.218891,0.284488,0.003456,0.001621
0,-0.064133,-0.03019,-0.265261,-0.15031,-0.237865,-0.123708,0.001119,0.000527
0,0.138635,-0.001253,0.19079,0.035672,0.193017,0.049666,0.00242,2.2e-05
0,-0.01889,-0.111224,-0.162577,-0.080381,-0.12087,-0.090684,0.00033,0.001941
0,-0.054985,-0.13273,-0.007795,-0.022847,0.000548,-0.04837,0.00096,0.002317
0,-0.016605,-0.10557,0.045377,0.010494,0.016769,0.017644,0.00029,0.001843
0,0.050667,-0.048486,0.090178,0.073154,0.057913,0.023687,0.000884,0.000846
0,-0.099334,0.022382,-0.149616,0.052616,-0.144576,0.014689,0.001734,0.000391
0,-0.049726,-0.169067,0.064369,-0.214631,0.079033,-0.172111,0.000868,0.002951
0,-0.079129,-0.040979,-0.020521,0.15281,0.000618,0.132593,0.001381,0.000715
0,-0.193292,-0.067926,-0.118602,-0.031931,-0.093925,-0.032365,0.003374,0.001186
0,-0.127362,0.130388,0.047876,0.181591,0.009314,0.163041,0.002223,0.002276
0,-0.028459,-0.016264,0.103683,-0.146229,0.083036,-0.133538,0.000497,0.000284
0,-0.1589,-0.037728,-0.123836,-0.050211,-0.124003,-0.071945,0.002773,0.000658
0,0.074588,-0.013763,0.220364,-0.00234,0.219665,-0.007287,0.001302,0.00024
0,-0.180011,0.118052,-0.283026,0.128959,-0.24996,0.12956,0.003142,0.00206
0,-0.061994,0.087895,0.10902,-0.034283,0.109454,-0.057778,0.001082,0.001534
0,0.149131,0.065093,0.192059,-0.003598,0.195659,-0.009833,0.002603,0.001136
0,0.109035,0.033462,-0.060734,-0.053558,-0.016987,-0.051576,0.001903,0.000584
0,0.134847,-0.042635,0.036947,-0.100939,0.006281,-0.077099,0.002354,0.000744
0,0.012961,-0.150225,-0.112404,-0.108318,-0.130784,-0.075066,0.000226,0.002622
0,0.046826,-0.082547,0.021423,0.085246,0.063754,0.040916,0.000817,0.001441
0,-0.182575,0.032974,-0.240389,0.09311,-0.285733,0.108212,0.003187,0.000576
0,-0.115908,-0.025729,0.083277,-0.076323,0.115548,-0.037222,0.002023,0.000449
0,-0.071557,0.030044,0.022468,0.051655,-0.012442,0.087914,0.001249,0.000524
0,-0.018785,-0.004808,0.069915,-0.051275,0.092266,-0.04923,0.000328,8.4e-05
0,0.06985,-0.011851,0.084287,0.00508,0.039767,-0.013094,0.001219,0.000207
0,-0.010322,0.137107,-0.100794,0.123125,-0.067468,0.08083,0.00018,0.002393
0,0.035393,0.026575,0.030576,-0.13555,-0.010678,-0.099224,0.000618,0.000464
0,0.02453,-0.009356,-0.035421,-0.030569,0.000822,0.013585,0.000428,0.000163
0,-0.069634,0.179927,-0.114968,0.173393,-0.095122,0.21923,0.001215,0.00314
0,-0.144767,0.068135,-0.098656,-0.123917,-0.125724,-0.106845,0.002527,0.001189
0,0.022392,0.175161,0.19457,0.110833,0.235211,0.134419,0.000391,0.003057
0,-0.115413,-0.019971,-0.111301,-0.165347,-0.090608,-0.165661,0.002014,0.000349
0,-0.04761,0.085414,0.070451,0.102019,0.055647,0.143536,0.000831,0.001491
0,-0.023273,0.202405,0.043186,0.109872,0.053867,0.150654,0.000406,0.003533
0,-0.148411,0.153788,-0.095808,-0.039457,-0.110904,-0.02959,0.00259,0.002684
0,0.008827,0.178476,0.127623,0.042912,0.113891,0.088741,0.000154,0.003115
0,0.0115,0.171139,-0.011511,-0.019649,-0.045451,-0.059424,0.000201,0.002987
0,-0.096587,0.143373,-0.097669,-0.030912,-0.12991,-0.079092,0.001686,0.002502
0,-0.167487,0.062953,-0.046159,-0.108189,-0.066104,-0.070405,0.002923,0.001099
0,-0.03611,0.191626,0.157502,0.111468,0.122927,0.11849,0.00063,0.003345
0,-0.104059,0.220101,-0.094479,0.000343,-0.080966,0.044085,0.001816,0.003841
0,-0.059595,0.12756,0.044434,-0.104033,0.049413,-0.077651,0.00104,0.002226
0,-0.160896,0.016984,-0.083695,-0.099098,-0.105638,-0.11783,0.002808,0.000296
0,-0.156362,0.11369,0.020465,0.09069,-0.010634,0.089918,0.002729,0.001984
0,-0.115991,0.222777,0.023609,0.083586,-0.005413,0.084246,0.002024,0.003888
0,-0.133633,0.01231,-0.011091,-0.221002,-0.002967,-0.210389,0.002332,0.000215
0,-0.150339,0.182017,-0.005824,0.163045,0.031852,0.11964,0.002624,0.003177
0,-0.046424,0.002304,0.09874,-0.201953,0.113983,-0.200753,0.00081,4e-05
0,0.057994,0.133755,0.126845,0.127985,0.128297,0.175184,0.001012,0.002334
0,-0.120568,0.144694,-0.159494,-0.018059,-0.16969,-0.049221,0.002104,0.002525
0,-0.007037,0.007535,0.122096,-0.122356,0.149481,-0.141284,0.000123,0.000132
0,-0.100736,-0.028984,-0.117638,-0.010921,-0.090619,-0.03694,0.001758,0.000506
0,-0.240379,0.035566,-0.127453,0.071468,-0.160726,0.097187,0.003622,0.000621
0,-0.27416,0.215887,-0.049985,0.196508,-0.093119,0.196236,0.003033,0.003768
0,-0.260363,0.064975,-0.015465,-0.171714,-0.013862,-0.128622,0.003274,0.001134
0,-0.231691,0.102086,0.037171,0.06646,0.052555,0.093331,0.003774,0.001782
0,-0.094988,0.065365,0.108812,-0.011317,0.148234,-0.026964,0.001658,0.001141
0,-0.08632,0.197766,-0.019191,0.132493,0.005729,0.168618,0.001507,0.003452
0,0.00034,0.006377,0.076799,-0.179046,0.028755,-0.202318,6e-06,0.000111
0,-0.056347,-0.003063,-0.080503,-0.005864,-0.098287,0.020342,0.000983,5.3e-05
0,-0.013834,0.155085,0.053005,0.18193,0.082932,0.227499,0.000241,0.002707
0,-0.014962,0.085117,0.006213,-0.050919,-0.036515,-0.0995,0.000261,0.001486
0,-0.963865,-1.675149,-0.975816,-1.77237,-1.024029,-1.778395,0.001187,0.002035
0,-2.06011,-2.535747,-1.080201,-0.867714,-1.10843,-0.874504,0.003134,0.00265
0,-2.839394,-2.094966,-0.765723,0.437805,-0.747953,0.470885,0.00265,0.002525
0,-2.59517,-2.242028,0.264514,-0.142723,0.218624,-0.096662,0.001613,4.1e-05
0,-1.865822,-2.118288,0.725839,0.094927,0.752809,0.095886,0.001293,0.002118
0,-1.537834,-1.59537,0.307766,0.532376,0.335599,0.51075,0.003387,0.003427
0,-1.198924,-0.992279,0.328218,0.601254,0.286867,0.576097,0.002528,0.001683
0,-0.863029,-0.317627,0.329536,0.648744,0.332162,0.665002,0.000573,0.002274
0,-0.524648,-0.284748,0.338918,0.061622,0.381704,0.098324,0.001339,0.002848
0,-0.448696,-0.186473,0.102842,0.116065,0.084691,0.099408,1.3e-05,0.003255
0,-0.225804,0.192025,0.231906,0.385481,0.252424,0.341793,0.003877,0.003351
0,-0.068278,0.221846,0.166224,0.020227,0.19786,-0.022986,0.001192,0.003872
0,0.225412,0.249015,0.269377,0.001607,0.30712,-0.039248,0.003884,0.003472
0,0.089917,0.15706,-0.150659,-0.111664,-0.160531,-0.069986,0.001569,0.002741
0,0.034065,0.180071,-0.060241,0.022294,-0.030783,0.022296,0.000595,0.003143
0,0.206405,0.088467,0.161909,-0.084572,0.165033,-0.077569,0.003602,0.001544
0,0.118907,0.072344,-0.082173,-0.028015,-0.099618,-0.018442,0.002075,0.001263
0,0.183028,0.158966,0.048479,0.087906,0.028373,0.124758,0.003194,0.002774
0,0.211127,0.088971,0.018807,-0.051543,0.017837,-0.083045,0.003685,0.001553
0,0.195313,0.059569,0.000622,-0.00948,-0.01602,0.006324,0.003409,0.00104
0,0.127823,0.173019,-0.093254,0.105914,-0.059935,0.059433,0.002231,0.00302
0,0.224867,0.176889,0.118186,0.020148,0.133234,0.055596,0.003893,0.003087
0,0.040062,0.170356,-0.16932,-0.023193,-0.188004,0.005131,0.000699,0.002973
0,-0.111736,0.059812,-0.124796,-0.112654,-0.15796,-0.066022,0.00195,0.001044
0,-0.053106,0.075945,0.069826,-0.00226,0.040947,-0.029254,0.000927,0.001325
0,-0.046689,0.272213,0.012792,0.212961,0.011266,0.191582,0.000815,0.003067
0,0.046825,-0.006965,0.089982,-0.258122,0.114987,-0.222752,0.000817,0.000122
0,0.110894,0.091145,0.056757,0.073549,0.05079,0.071703,0.001935,0.001591
0,0.103454,0.139731,0.001562,0.021368,0.01503,0.067666,0.001806,0.002439
0,0.013313,0.186711,-0.115352,0.021466,-0.140111,-0.011194,0.000232,0.003259
0,-0.027799,0.047877,-0.04385,-0.164754,-0.031129,-0.199071,0.000485,0.000836
0,0.023564,0.04618,0.032716,-0.015949,0.036501,-0.043444,0.000411,0.000806
0,-0.056791,-0.103632,-0.086004,-0.179535,-0.054181,-0.203761,0.000991,0.001809
0,-0.059214,0.041519,-0.019155,0.143107,0.019466,0.177206,0.001033,0.000725
0,-0.05659,0.170509,0.015964,0.129837,0.038924,0.093166,0.000988,0.002976
0,-0.121834,-0.104778,-0.079377,-0.246069,-0.034423,-0.205484,0.002126,0.001829
0,-0.116911,0.074529,0.000878,0.182776,0.018301,0.140924,0.00204,0.001301
0,-0.079285,-0.075805,0.053235,-0.152486,0.015491,-0.180496,0.001384,0.001323
0,-0.08533,-0.010596,0.011031,0.035886,-0.001842,0.081974,0.001489,0.000185
0,0.11541,0.014052,0.227556,0.010477,0.196272,-0.030015,0.002014,0.000245
0,-0.127467,-0.046286,-0.248851,-0.073141,-0.212119,-0.100992,0.002225,0.000808
0,0.139501,-0.008551,0.250798,0.029827,0.242863,-0.007022,0.002435,0.000149
0,0.136408,0.142392,-0.02697,0.125523,0.009352,0.171677,0.002381,0.002485
0,-0.046302,0.09621,-0.203064,-0.048611,-0.234341,-0.027871,0.000808,0.001679
0,-0.137095,-0.046556,-0.072801,-0.133483,-0.092657,-0.176124,0.002393,0.000813
0,0.063715,-0.068359,0.230462,-0.051583,0.198939,-0.048523,0.001112,0.001193
0,-0.140324,0.054065,-0.20448,0.115008,-0.171877,0.160967,0.002449,0.000944
0,0.117123,0.068017,0.287221,0.013919,0.30631,0.028393,0.002044,0.001187
0,-0.15155,0.036506,-0.249796,-0.013965,-0.289297,0.034343,0.002645,0.000637
0,0.066173,0.056963,0.203356,0.004812,0.245105,0.033951,0.001155,0.000994
0,0.153498,0.106416,0.068573,0.05414,0.080836,0.098365,0.002679,0.001857
0,-0.10695,0.116753,-0.253121,0.013491,-0.29337,-0.011989,0.001867,0.002038
0,0.136634,-0.1353,0.234351,-0.233716,0.274129,-0.217963,0.002385,0.002361
0,0.176453,-0.017082,0.041061,0.13957,0.028328,0.140804,0.00308,0.000298
0,0.165823,-0.178536,-0.012591,-0.167815,0.008138,-0.176873,0.002894,0.003116
0,0.175399,-0.079268,0.00879,0.110318,0.048211,0.156241,0.003061,0.001383
0,-0.029295,0.114263,-0.230572,0.190501,-0.239551,0.167489,0.000511,0.001994
0,0.158853,0.064661,0.160109,-0.061104,0.203518,-0.074805,0.002773,0.001129
0,-0.099182,-0.120146,-0.278424,-0.168646,-0.276931,-0.143517,0.001731,0.002097
0,-0.068918,-0.067546,0.024379,0.079724,0.059681,0.068958,0.001203,0.001179
0,0.056727,0.139772,0.105374,0.209753,0.140213,0.167208,0.00099,0.002439
0,-0.089073,0.074337,-0.168055,-0.058081,-0.123489,-0.086971,0.001555,0.001297
0,-0.045868,0.053777,0.018096,-0.048085,0.04549,-0.084185,0.000801,0.000939
0,0.06765,-0.025849,0.123696,-0.079028,0.107912,-0.108033,0.001181,0.000451
0,0.084743,-0.141416,-0.011085,-0.144505,-0.03077,-0.188654,0.001479,0.002468
0,-0.000735,0.097476,-0.106773,0.259017,-0.097873,0.246181,1.3e-05,0.001701
0,-0.068724,0.100628,-0.059496,0.029299,-0.062232,0.073116,0.001199,0.001756
0,-0.059343,0.068263,0.002709,-0.006656,0.036617,0.026546,0.001036,0.001191
0,0.118561,-0.085067,0.200641,-0.161913,0.198769,-0.200515,0.002069,0.001485
0,0.089896,-0.095948,-0.03598,0.012761,0.002162,0.020419,0.001569,0.001675
0,0.096882,-0.004717,0.002149,0.079243,0.042639,0.095201,0.001691,8.2e-05
0,0.083999,0.038311,-0.006342,0.052106,-0.025861,0.032134,0.001466,0.000669
0,0.008918,0.120453,-0.049157,0.107611,-0.029233,0.075655,0.000156,0.002102
0,0.029393,0.007569,0.014615,-0.122236,0.024596,-0.162777,0.000513,0.000132
0,0.002425,0.047811,-0.053601,0.047896,-0.022516,0.077126,4.2e-05,0.000834
0,0.156636,0.016889,0.179454,-0.029789,0.154503,0.006092,0.002734,0.000295
0,0.067594,0.090158,-0.109323,0.072999,-0.115786,0.054326,0.00118,0.001574
0,0.094666,-0.136078,0.018345,-0.197094,0.00118,-0.207757,0.001652,0.002375
0,-0.065408,0.074592,-0.180002,0.196225,-0.227555,0.20562,0.001142,0.001302
0,0.143914,-0.132627,0.222413,-0.195903,0.193181,-0.226441,0.002512,0.002315
0,0.04595,-0.078703,-0.078145,0.061813,-0.057627,0.02424,0.000802,0.001374
0,-0.000737,-0.024223,-0.044367,0.074116,-0.049718,0.054855,1.3e-05,0.000423
0,0.106808,0.072861,0.128659,0.067215,0.175104,0.064079,0.001864,0.001272
0,0.109853,0.027466,0.020143,-0.021743,0.046442,-0.04179,0.001917,0.000479
0,-0.038904,-0.048305,-0.157423,-0.068545,-0.160919,-0.067046,0.000679,0.000843
0,-0.07845,-0.113461,-0.062041,-0.082101,-0.038699,-0.050693,0.001369,0.00198
0,-0.086353,0.101491,-0.037503,0.212104,-0.087048,0.18488,0.001507,0.001771
0,-0.055753,-0.131258,0.046861,-0.233343,0.078961,-0.209709,0.000973,0.002291
0,0.019772,0.013757,0.091549,0.129558,0.097054,0.085993,0.000345,0.00024
0,-0.0336,0.055659,-0.051077,0.018301,-0.008637,0.012326,0.000586,0.000971
0,0.031605,-0.084993,0.077077,-0.141527,0.116696,-0.187489,0.000552,0.001483
0,0.163048,0.074906,0.140382,0.167569,0.117625,0.154196,0.002846,0.001307
0,0.013418,0.041607,-0.150705,-0.009261,-0.169251,0.021675,0.000234,0.000726
0,0.07082,0.037119,0.084525,0.022334,0.118831,0.006904,0.001236,0.000648
0,0.045647,-0.088057,-0.029744,-0.144678,-0.000292,-0.139323,0.000797,0.001537
0,-0.082395,-0.134531,-0.157335,-0.075841,-0.115388,-0.063194,0.001438,0.002348
0,-0.080359,-0.049422,0.02974,0.112897,-0.007217,0.068306,0.001403,0.000863
0,-0.104924,-0.084042,-0.038192,-0.007225,-0.057635,-0.01795,0.001831,0.001467
0,-0.05646,-0.085706,0.05536,0.016928,0.017572,0.001574,0.000985,0.001496
0,-0.098897,-0.016364,-0.042378,0.048519,-0.054279,0.082792,0.001726,0.000286
0,0.070664,0.0237,0.179049,0.045151,0.143121,0.012233,0.001233,0.000414
0,-0.056434,0.030785,-0.120686,-0.019459,-0.117221,-0.000465,0.000985,0.000537
0,0.188431,0.14774,0.258086,0.124428,0.233295,0.07814,0.003289,0.002579
0,0.054819,-0.129644,-0.129335,-0.260369,-0.133497,-0.212244,0.000957,0.002263
0,-0.032675,0.01158,-0.090631,0.158116,-0.125081,0.206143,0.00057,0.000202
0,0.091279,0.157838,0.12725,0.117963,0.095524,0.103663,0.001593,0.002755
0,0.126507,-0.054202,0.013941,-0.21581,-0.02818,-0.19861,0.002208,0.000946
0,-0.171745,0.099137,-0.313498,0.172204,-0.292956,0.218503,0.002998,0.00173
0,-0.033952,0.159188,0.143958,0.087131,0.145373,0.086044,0.000593,0.002778
0,-0.196356,0.124682,-0.169639,-0.004717,-0.19073,-0.017141,0.003427,0.002176
0,-0.149048,0.081478,0.042976,-0.045069,0.01657,-0.018536,0.002601,0.001422
0,-0.136754,0.116897,0.014177,0.062969,-0.002888,0.051669,0.002387,0.00204
0,-0.233396,0.099885,-0.101552,-0.046232,-0.123629,-0.051882,0.003744,0.001743
0,-0.1809,0.100569,0.031603,0.002306,0.047013,0.041183,0.003157,0.001755
0,-0.001137,0.03833,0.174201,-0.075263,0.192172,-0.076776,2e-05,0.000669
0,-0.126821,-0.103587,-0.113807,-0.147906,-0.075767,-0.184598,0.002213,0.001808
0,-0.073935,-0.069259,0.068895,0.030994,0.103296,0.044092,0.00129,0.001209
0,-0.061754,0.030302,0.004679,0.115186,0.018208,0.109858,0.001078,0.000529
0,0.14605,0.138498,0.218302,0.135426,0.231689,0.151234,0.002549,0.002417
0,0.02045,0.001415,-0.140032,-0.113131,-0.135308,-0.082378,0.000357,2.5e-05
0,0.010025,0.034313,0.00112,0.002927,-0.033758,0.012035,0.000175,0.000599
0,-0.066068,-0.08246,-0.101145,-0.126512,-0.116354,-0.172095,0.001153,0.001439
0,-0.117777,0.118924,-0.074234,0.192092,-0.097183,0.167478,0.002056,0.002076
0,0.133417,0.053284,0.273071,-0.091395,0.223889,-0.055812,0.002329,0.00093
0,-0.079629,0.060208,-0.214427,0.02216,-0.234262,0.026854,0.00139,0.001051
0,-0.062242,0.146275,0.037394,0.114286,0.065608,0.157172,0.001086,0.002553
0,-0.130813,-0.046524,-0.066444,-0.164799,-0.09519,-0.166191,0.002283,0.000812
0,-0.026229,0.078362,0.078975,0.152541,0.035699,0.155752,0.000458,0.001368
0,-0.080716,0.070356,-0.036745,0.015917,-0.073053,0.022868,0.001409,0.001228
0,-0.127854,-0.080425,-0.052047,-0.175151,-0.005016,-0.173281,0.002231,0.001404
0,0.028741,0.049703,0.160528,0.116106,0.179287,0.086446,0.000502,0.000867
0,-0.040357,0.138454,-0.040293,0.098747,-0.076835,0.098306,0.000704,0.002416
0,-0.123898,0.078717,-0.108351,-0.05038,-0.090366,-0.08346,0.002162,0.001374
0,-0.075852,-0.082724,0.048284,-0.145116,0.095417,-0.132737,0.001324,0.001444
0,-0.107486,-0.066174,-0.028751,-0.000873,-0.042655,-0.037782,0.001876,0.001155
0,-0.132004,-0.092211,0.001386,-0.013127,0.008232,-0.057067,0.002304,0.001609
0,0.036695,0.081796,0.171538,0.161692,0.142646,0.132067,0.00064,0.001428
0,-0.136988,-0.053742,-0.168069,-0.144943,-0.138763,-0.129563,0.002391,0.000938
0,0.014111,0.034072,0.159422,0.076893,0.207105,0.035085,0.000246,0.000595
0,-0.162282,0.048106,-0.150292,-0.015403,-0.101126,0.00776,0.002832,0.00084
0,-0.052035,0.14048,0.083481,0.118766,0.074341,0.097437,0.000908,0.002452
0,-0.070124,0.133406,-0.007737,0.011473,-0.011243,-0.007728,0.001224,0.002328
0,-0.029667,0.024259,0.050767,-0.13858,0.00943,-0.187171,0.000518,0.000423
0,0.118849,0.021242,0.145446,-0.012649,0.10627,-0.002929,0.002074,0.000371
0,0.051865,0.079841,-0.09115,0.033286,-0.117821,0.025023,0.000905,0.001393
0,-0.128605,0.007304,-0.188002,-0.097523,-0.204968,-0.052954,0.002245,0.000127
0,-0.104844,0.006759,0.032073,-0.0158,0.022632,0.029662,0.00183,0.000118
0,-0.107458,0.057083,-0.027354,0.057347,-0.066818,0.010706,0.001875,0.000996
0,-0.184608,-0.003128,-0.058424,-0.036274,-0.022875,-0.081784,0.003222,5.5e-05
0,-0.134092,0.087789,0.058641,0.06204,0.066952,0.024749,0.00234,0.001532
0,0.069195,-0.013984,0.224005,-0.093496,0.204743,-0.117047,0.001208,0.000244
0,-0.015576,-0.01674,-0.113036,-0.014221,-0.162172,0.011172,0.000272,0.000292
0,0.006861,0.131601,0.019225,0.17063,-0.016939,0.133915,0.00012,0.002297
0,-0.024639,0.154861,-0.011821,0.049536,0.034914,0.044868,0.00043,0.002703
0,-0.188723,-0.072054,-0.174672,-0.255848,-0.183317,-0.290796,0.003294,0.001258
0,-0.06517,0.003246,0.139453,0.09858,0.154145,0.113824,0.001137,5.7e-05
0,-0.038955,-0.125538,0.018542,-0.099973,0.058468,-0.059629,0.00068,0.002191
0,0.049994,0.064743,0.100462,0.189733,0.105123,0.197541,0.000873,0.00113
0,0.005454,0.117192,-0.022996,0.06488,-0.063633,0.081093,9.5e-05,0.002045
0,-0.137542,-0.025673,-0.120367,-0.160672,-0.161783,-0.201409,0.002401,0.000448
0,0.005439,-0.014848,0.121331,0.030795,0.088179,0.058012,9.5e-05,0.000259
0,0.097912,0.058535,0.119436,0.076103,0.162452,0.037026,0.001709,0.001022
0,-0.011574,0.075192,-0.133225,-0.007442,-0.161548,0.033098,0.000202,0.001312
0,-0.113248,0.158652,-0.083634,0.086293,-0.069616,0.095118,0.001977,0.002769
0,0.034748,-0.041828,0.119786,-0.198638,0.156314,-0.200546,0.000606,0.00073
0,-0.125739,-0.08809,-0.130725,-0.073251,-0.105529,-0.056868,0.002195,0.001537
0,0.062922,0.029936,0.194509,0.144973,0.215615,0.170633,0.001098,0.000522
0,0.094232,-0.070681,0.011513,-0.09104,0.051117,-0.04144,0.001645,0.001234
0,-0.160793,-0.041999,-0.237153,0.049242,-0.200096,0.043972,0.002806,0.000733
0,-0.187232,-0.07055,-0.056045,-0.002496,-0.096993,0.037657,0.003268,0.001231
0,0.0292,-0.080113,0.191122,-0.019653,0.222256,-0.058063,0.00051,0.001398
0,0.080555,0.064148,0.062398,0.150796,0.105746,0.194372,0.001406,0.00112
0,-0.109586,0.165304,-0.167016,0.089775,-0.166263,0.057204,0.001913,0.002885
0,-0.184972,-0.028689,-0.100105,-0.19157,-0.114961,-0.214301,0.003228,0.000501
0,-0.168975,-0.042539,0.026553,0.002812,0.019262,-0.004638,0.002949,0.000742
0,-0.075928,0.010426,0.092642,0.074509,0.092279,0.068739,0.001325,0.000182
0,-0.139295,-0.035309,-0.090413,-0.074942,-0.042048,-0.034087,0.002431,0.000616
0,0.039601,0.051525,0.150415,0.09624,0.130073,0.062066,0.000691,0.000899
0,-0.018715,-0.063978,-0.059158,-0.118463,-0.094254,-0.161861,0.000327,0.001117
0,0.002985,0.001355,0.014832,0.079457,0.002804,0.052032,5.2e-05,2.4e-05
0,-0.172655,0.068577,-0.176727,0.065601,-0.220245,0.096823,0.003013,0.001197
0,-0.161615,-0.130084,0.01845,-0.172714,0.057434,-0.162008,0.002821,0.00227
0,-0.139322,-0.040597,0.009673,0.110269,0.053061,0.132017,0.002432,0.000709
0,0.155943,-0.083041,0.276691,-0.035307,0.278854,-0.021116,0.002722,0.001449
0,-0.12757,0.174528,-0.283015,0.258435,-0.295224,0.303025,0.002227,0.003046
0,-0.056574,0.031962,0.046077,-0.146807,0.024663,-0.099399,0.000987,0.000558
0,0.050305,0.051629,0.079149,-0.006426,0.04624,-0.029647,0.000878,0.000901
0,-0.000641,0.164779,-0.050808,0.10704,-0.092941,0.122047,1.1e-05,0.002876
0,-0.070219,0.1229,-0.071345,-0.015521,-0.047457,-0.028357,0.001226,0.002145
0,0.097868,0.050249,0.18187,-0.044878,0.163521,-0.029498,0.001708,0.000877
0,-0.091669,-0.100194,-0.166683,-0.142118,-0.177249,-0.12929,0.0016,0.001749
0,-0.195027,0.030259,-0.128829,0.111099,-0.108107,0.084609,0.003404,0.000528
0,-0.024522,0.121921,0.180426,0.098667,0.133792,0.08206,0.000428,0.002128
0,0.108291,-0.054478,0.138986,-0.18531,0.154472,-0.179595,0.00189,0.000951
0,-0.05503,0.037856,-0.180957,0.100867,-0.167573,0.125323,0.00096,0.000661
0,-0.087191,0.064527,-0.030404,0.015349,-0.0149,0.020467,0.001522,0.001126
0,-0.063792,-0.083893,0.023442,-0.177798,0.07086,-0.153725,0.001113,0.001464
0,2.044461,-0.392739,2.137951,-0.301982,2.092075,-0.262643,0.003407,0.000963
0,2.951513,-0.36345,0.912361,0.043517,0.923739,0.084116,0.003212,0.001474
0,2.836908,-0.346553,-0.138277,-0.005932,-0.184439,-0.004011,0.002606,0.001769
0,2.619095,-0.31884,-0.197563,-0.001721,-0.240262,-0.024374,0.001195,0.002253
0,1.973409,-0.28228,-0.663665,0.010462,-0.620898,0.052008,0.003171,0.002891
0,1.639914,-0.245553,-0.31373,0.007458,-0.345521,-0.001421,0.00265,0.003532
0,1.238395,-0.162288,-0.383503,0.089926,-0.333507,0.109351,0.00184,0.002832
0,0.493922,-0.186351,-0.773168,-0.044773,-0.811577,-0.054652,0.000803,0.003252
0,0.511834,-0.179218,0.025251,-0.008402,0.019063,-0.000744,0.001115,0.003128
0,0.264988,0.018413,-0.270281,0.188258,-0.222076,0.186189,0.003193,0.000321
0,-0.212204,-0.188176,-0.470544,-0.206301,-0.496724,-0.213972,0.003704,0.003284
0,-0.335946,-0.08106,-0.145299,0.117225,-0.148323,0.067887,0.001955,0.001415
0,-0.189203,-0.032862,0.171688,0.064024,0.134891,0.045417,0.003302,0.000574
0,-0.119938,0.059289,0.044647,0.081369,0.00817,0.125441,0.002093,0.001035
0,-0.252078,-0.12866,-0.127439,-0.214077,-0.137637,-0.224825,0.003418,0.002246
0,-0.247299,-0.077493,0.03138,0.074678,0.019077,0.121976,0.003502,0.001353
0,-0.212192,-0.12218,0.031081,-0.044403,-0.017143,-0.053898,0.003703,0.002132
0,0.044786,-0.014477,0.244497,0.124315,0.205702,0.169809,0.000782,0.000253
0,0.101039,-0.173193,0.083783,-0.129384,0.133125,-0.147996,0.001763,0.003023
0,-0.04183,0.030252,-0.138125,0.180114,-0.172999,0.225671,0.00073,0.000528
0,-0.080481,-0.137697,-0.062646,-0.19292,-0.021721,-0.211858,0.001405,0.002403
0,0.15257,-0.060798,0.235833,0.056814,0.195922,0.078795,0.002663,0.001061
0,0.138009,-0.044417,-0.002744,0.042496,0.019086,0.010001,0.002409,0.000775
0,0.09482,-0.017081,-0.036682,0.033673,-0.066266,-9.5e-05,0.001655,0.000298
0,0.008354,0.074183,-0.111234,0.085238,-0.10053,0.125302,0.000146,0.001295
0,-0.089412,-0.154022,-0.099878,-0.226922,-0.136255,-0.224603,0.001561,0.002688
0,-0.082846,-0.164054,0.010856,-0.001464,0.055282,0.04543,0.001446,0.002863
0,-0.079547,0.10497,-0.026114,0.280919,-0.001615,0.270973,0.001388,0.001832
0,-0.049308,-0.069465,0.004656,-0.203334,0.031286,-0.220713,0.000861,0.001212
0,-0.09819,0.100256,-0.071355,0.167905,-0.077816,0.119964,0.001714,0.00175
0,0.027121,0.059862,0.143381,-0.015323,0.145467,-0.034293,0.000473,0.001045
0,0.028932,0.039687,0.001288,-0.008022,0.004215,-0.041221,0.000505,0.000693
0,0.116607,0.041322,0.104196,-0.01589,0.133156,-0.009246,0.002035,0.000721
0,0.14674,-0.142656,0.03753,-0.187431,0.023895,-0.160307,0.002561,0.00249
0,0.048595,-0.04665,-0.096871,0.071731,-0.082577,0.083232,0.000848,0.000814
0,0.082018,0.03542,0.049551,0.098477,0.050626,0.077786,0.001431,0.000618
0,0.019699,-0.076486,-0.05335,-0.099502,-0.055269,-0.059105,0.000344,0.001335
0,0.013358,-0.025472,-0.008124,0.036664,-0.052714,0.042973,0.000233,0.000445
0,-0.052365,-0.028511,-0.066553,-0.007701,-0.050136,0.026312,0.000914,0.000498
0,0.246425,-0.078015,0.28889,-0.055983,0.30976,-0.010601,0.003517,0.001362
0,0.184167,0.017254,-0.041338,0.089432,-0.015566,0.126315,0.003214,0.000301
0,0.032366,-0.010594,-0.141166,-0.036896,-0.150315,-0.042885,0.000565,0.000185
0,0.198226,0.073691,0.188312,0.103817,0.233432,0.103558,0.00346,0.001286
0,0.062422,-0.001744,-0.154669,-0.068899,-0.163406,-0.116466,0.001089,3e-05
0,0.007243,-0.082858,-0.079108,-0.062172,-0.088521,-0.056955,0.000126,0.001446
0,0.105511,-0.044983,0.115317,0.051577,0.082656,0.096062,0.001842,0.000785
0,0.069236,0.052292,-0.036467,0.117237,-0.046815,0.118576,0.001208,0.000913
0,0.038817,-0.03301,-0.03935,-0.107683,-0.013014,-0.116208,0.000677,0.000576
0,0.013585,-0.069217,-0.026588,-0.064493,-0.023433,-0.022668,0.000237,0.001208
0,0.043886,0.118772,0.034721,0.204785,0.032029,0.196072,0.000766,0.002073
0,-0.066962,0.070817,-0.126488,-0.031024,-0.130338,0.004463,0.001169,0.001236
0,0.559064,-0.403576,0.63784,-0.48786,0.647978,-0.473492,0.00194,0.000774
0,0.73821,-0.625274,0.164887,-0.218887,0.139596,-0.264321,0.002752,0.003095
0,1.030786,-0.689045,0.262599,-0.053046,0.237477,-0.035428,0.002355,0.00361
0,1.04591,-0.56186,0.033663,0.136953,-0.006702,0.183916,0.002619,0.001988
0,1.054167,-0.64628,0.012246,-0.097155,-0.005664,-0.101822,0.002763,0.003462
0,0.648092,-0.664315,-0.380593,-0.027119,-0.421914,-0.001931,0.003493,0.003777
0,0.580049,-0.524203,-0.050475,0.1415,-0.070136,0.110153,0.002306,0.001331
0,0.330758,-0.384306,-0.245958,0.15746,-0.218347,0.147206,0.002045,0.00111
0,0.322107,-0.344413,-0.017927,0.019433,-0.050078,-0.023412,0.002196,0.001807
0,1.26258,-0.445641,0.934045,-0.122484,0.918174,-0.099182,0.001417,4e-05
0,3.307587,-0.757639,2.041765,-0.327179,2.005418,-0.331924,0.003003,0.002412
0,2.939626,-0.969258,-0.37379,-0.219118,-0.340532,-0.175925,0.003419,0.001281
0,3.016017,-0.913383,0.048445,0.051107,0.055836,0.016897,0.002086,0.000306
0,2.300635,-0.678885,-0.691466,0.262723,-0.655452,0.281209,0.001064,0.003787
0,1.73045,-0.671968,-0.562893,0.022534,-0.606024,0.063755,0.001069,0.003908
0,1.335437,-0.483205,-0.402921,0.184375,-0.401555,0.183645,0.000146,0.000616
0,0.705783,-0.157295,-0.606817,0.303074,-0.588896,0.274142,0.003318,0.002745
0,0.597523,0.105822,-0.080264,0.247634,-0.123467,0.239062,0.002611,0.001847
0,0.403653,-0.087135,-0.20163,-0.20954,-0.16787,-0.159838,0.000773,0.001521
0,-0.065579,0.025886,-0.439414,0.121753,-0.467489,0.154295,0.001145,0.000452
0,-0.416974,0.121632,-0.338966,0.115985,-0.356261,0.150831,0.00054,0.002123
0,-0.391244,0.293172,0.039072,0.146621,0.08793,0.181394,0.000989,0.002701
0,-0.296246,0.218097,0.083139,-0.04642,0.074306,-0.017323,0.002647,0.003807
0,-0.258862,0.173862,0.043829,-0.034597,0.070254,-0.003866,0.0033,0.003034
0,-0.104412,-0.007335,0.164726,-0.186,0.202024,-0.233865,0.001822,0.000128
0,-0.01872,-0.008616,0.080524,0.007378,0.05124,0.009328,0.000327,0.00015
0,0.057609,0.161105,0.050504,0.184007,0.099303,0.14254,0.001005,0.002812
0,0.117116,0.149789,0.039633,-0.020385,0.063255,-0.010014,0.002044,0.002614
0,0.181245,-0.044201,0.074054,-0.203363,0.051398,-0.227867,0.003163,0.000771
0,0.080944,0.162466,-0.073112,0.226377,-0.105814,0.246255,0.001413,0.002836
0,0.005188,0.117416,-0.105298,-0.056597,-0.084957,-0.060352,9.1e-05,0.002049
0,0.112445,-0.111772,0.135385,-0.210896,0.141585,-0.254539,0.001963,0.001951
0,0.10179,0.013388,-0.03387,0.097884,-0.068593,0.070835,0.001777,0.000234
0,0.08947,0.026497,-0.020768,-0.010742,0.009958,0.002001,0.001562,0.000462
0,-0.05189,-0.034502,-0.132658,-0.08055,-0.124896,-0.105972,0.000906,0.000602
0,0.033185,-0.057006,0.089728,0.003038,0.128753,0.04543,0.000579,0.000995
0,0.013525,0.090525,-0.049462,0.118752,-0.04926,0.155721,0.000236,0.00158
0,0.092837,0.046209,0.077325,-0.049888,0.035076,-0.086607,0.00162,0.000806
0,0.138078,0.168059,0.07225,0.092694,0.092357,0.06633,0.00241,0.002933
0,0.001079,0.134208,-0.122205,-0.040003,-0.15522,-0.009588,1.9e-05,0.002342
0,-0.053967,0.075048,-0.069336,-0.042552,-0.109453,-0.08661,0.000942,0.00131
0,0.050441,0.122034,0.134012,0.040286,0.142083,0.032706,0.00088,0.00213
0,0.200467,0.177459,0.176883,0.067159,0.170223,0.101847,0.003499,0.003097
0,0.084557,0.112013,-0.133237,-0.07781,-0.148023,-0.075808,0.001476,0.001955
0,0.191113,-0.011698,0.100682,-0.102417,0.085919,-0.0665,0.003336,0.000204
0,0.070147,0.173973,-0.114149,0.178393,-0.137811,0.191861,0.001224,0.003036
0,0.210508,0.176582,0.111534,-0.017718,0.158974,-0.020568,0.003674,0.003082
0,0.093201,-0.061828,-0.0995,-0.237818,-0.135048,-0.213906,0.001627,0.001079
0,0.196307,-0.063593,0.099463,0.000614,0.147406,0.008988,0.003426,0.00111
0,0.091291,0.132408,-0.112347,0.187457,-0.063103,0.161726,0.001593,0.002311
0,0.150744,-0.107202,0.030005,-0.235651,0.006043,-0.211838,0.002631,0.001871
0,0.175084,0.055265,0.001353,0.184716,-0.01213,0.170078,0.003056,0.000965
0,0.091201,0.105337,-0.055365,0.033419,-0.097779,0.047545,0.001592,0.001838
0,-0.094214,0.026166,-0.194227,-0.074566,-0.170695,-0.1174,0.001644,0.000457
0,-0.123792,-0.047325,-0.019072,-0.085567,-0.002543,-0.092278,0.002161,0.000826
0,-0.075784,0.02519,0.072172,0.05599,0.075538,0.080954,0.001323,0.00044
0,0.140983,0.095557,0.244258,0.06018,0.235475,0.027491,0.002461,0.001668
0,0.105814,0.077813,-0.029814,-0.044471,-0.078786,-0.037716,0.001847,0.001358
0,0.061914,-0.047592,-0.0498,-0.131555,-0.020422,-0.166297,0.001081,0.000831
0,0.005037,-0.081118,-0.036404,-0.060961,0.010838,-0.074401,8.8e-05,0.001416
0,0.180497,-0.034569,0.152753,0.074065,0.171556,0.094385,0.00315,0.000603
0,0.223772,-0.032317,0.050264,0.031024,0.013531,0.034108,0.003906,0.000564
0,-0.023332,-0.002684,-0.274083,0.037135,-0.279366,0.022389,0.000407,4.7e-05
0,0.060947,-0.111,0.05745,-0.112301,0.068093,-0.135584,0.001064,0.001937
0,0.175402,-0.091756,0.13586,-0.002255,0.151721,-0.003922,0.003061,0.001601
0,0.079138,0.127839,-0.124934,0.237196,-0.164455,0.188409,0.001381,0.002231
0,0.074932,0.151873,-0.0305,0.004302,-0.005503,-0.038825,0.001308,0.002651
0,0.309065,0.006263,0.256157,-0.151432,0.264802,-0.172322,0.002424,0.000109
0,0.230922,-0.027028,-0.078448,-0.053433,-0.106812,-0.043218,0.003788,0.000472
0,0.258365,-0.05298,0.019566,-0.024865,0.036157,-0.046479,0.003309,0.000925
0,0.251761,0.007434,0.023108,0.042854,-0.012543,0.071372,0.003424,0.00013
0,0.062559,-0.055472,-0.161269,-0.086957,-0.209895,-0.07233,0.001092,0.000968
0,0.006924,-0.035955,-0.050674,0.026837,-0.075373,0.047142,0.000121,0.000628
0,-0.074844,0.16792,-0.06875,0.208228,-0.069295,0.251725,0.001306,0.002931
0,-0.127712,-0.039303,-0.035688,-0.199967,-0.019521,-0.177514,0.002229,0.000686
0,0.126245,0.070867,0.23504,0.120896,0.193947,0.116974,0.002203,0.001237
0,-0.069769,0.090382,-0.188605,0.007983,-0.195455,0.056694,0.001218,0.001577
0,0.060008,-0.006811,0.140862,-0.122271,0.170622,-0.163874,0.001047,0.000119
0,0.058382,-0.024818,-0.00816,0.011583,0.033609,-0.00429,0.001019,0.000433
0,-0.051216,0.014009,-0.122175,0.057703,-0.139011,0.054436,0.000894,0.000244
0,0.002446,-0.122459,0.068817,-0.13419,0.028198,-0.087585,4.3e-05,0.002137
0,-0.153267,-0.011241,-0.15382,0.098108,-0.123666,0.115984,0.002675,0.000196
0,0.074929,-0.065329,0.237759,-0.025119,0.225821,-0.004291,0.001308,0.00114
0,-0.16618,0.040802,-0.22522,0.107105,-0.272893,0.085927,0.0029,0.000712
0,-0.04771,0.094553,0.107678,0.069264,0.060452,0.075294,0.000833,0.00165
0,0.019814,0.118842,0.080059,0.001039,0.089987,-0.01706,0.000346,0.002074
0,-0.17522,-0.152438,-0.194227,-0.276656,-0.164521,-0.2508,0.003058,0.002661
0,-0.019825,-0.050726,0.145295,0.075209,0.097539,0.089273,0.000346,0.000885
0,-0.123424,0.117408,-0.079608,0.189261,-0.053452,0.212552,0.002154,0.002049
0,-0.125067,-0.072614,-0.028844,-0.171484,-0.048184,-0.16691,0.002183,0.001267
0,-0.036498,0.087718,0.106902,0.154105,0.097119,0.136114,0.000637,0.001531
0,-0.034871,-0.052362,0.030501,-0.130792,0.078698,-0.158966,0.000609,0.000914
0,0.057468,-0.003969,0.090953,0.052494,0.09026,0.046888,0.001003,6.9e-05
0,0.055626,-0.069697,0.011187,-0.070712,0.034056,-0.100649,0.000971,0.001216
0,-0.168789,-0.004616,-0.217817,0.091509,-0.249934,0.082686,0.002946,8.1e-05
0,-0.156309,-0.169722,-0.005647,-0.143904,0.04099,-0.111877,0.002728,0.002962
0,0.072805,0.121179,0.205496,0.285829,0.235024,0.306482,0.001271,0.002115
0,-0.035766,0.069087,-0.087155,-0.042199,-0.122251,-0.014615,0.000624,0.001206
0,0.05259,-0.014542,0.072138,-0.061153,0.093083,-0.016354,0.000918,0.000254
0,-0.121423,0.132972,-0.2009,0.131918,-0.205906,0.084306,0.002119,0.002321
0,0.034811,-0.160925,0.128208,-0.296448,0.132341,-0.308232,0.000608,0.002809
0,-0.240306,-0.034918,-0.258999,0.109955,-0.234587,0.086271,0.003624,0.000609
0,-0.007667,0.015427,0.212969,0.032793,0.19754,5e-06,0.000134,0.000269
0,0.072554,-0.01145,0.109297,-0.053275,0.144841,-0.018545,0.001266,0.0002
0,0.014128,0.067849,-0.047986,0.078111,-0.026718,0.10684,0.000247,0.001184
0,0.02704,0.093578,0.020424,0.008753,0.053906,-0.031773,0.000472,0.001633
0,-0.078429,-0.029618,-0.132831,-0.107038,-0.126654,-0.096229,0.001369,0.000517
0,-0.152021,0.06031,-0.067867,0.102326,-0.100878,0.05943,0.002653,0.001053
0,-0.212862,-0.098102,-0.046452,-0.145376,-0.095229,-0.146422,0.003715,0.001712
0,-0.0717,-0.111816,0.165666,-0.021971,0.122326,-0.065178,0.001251,0.001952
0,-0.211719,-0.090546,-0.168372,-0.007262,-0.130045,0.03518,0.003695,0.00158
0,-0.167934,-0.123115,0.04944,-0.023992,0.03405,-0.04917,0.002931,0.002149
0,-0.093986,-0.152903,0.059391,-0.03131,0.015671,-0.035608,0.00164,0.002669
0,0.086396,0.136401,0.209781,0.298626,0.247447,0.315815,0.001508,0.002381
0,0.10741,-0.143396,-0.000277,-0.257838,-0.010749,-0.302346,0.001875,0.002503
0,-0.071408,0.04444,-0.176068,0.196018,-0.208088,0.241029,0.001246,0.000776
0,0.0272,0.055884,0.107166,0.019287,0.10819,-0.022756,0.000475,0.000975
0,0.111471,0.16027,0.095227,0.078126,0.118733,0.07146,0.001946,0.002797
0,0.013638,-0.02138,-0.107863,-0.178563,-0.072556,-0.200752,0.000238,0.000373
0,-0.109221,0.086477,-0.14132,0.099635,-0.155612,0.091341,0.001906,0.001509
0,0.043408,0.103763,0.170687,0.018263,0.150422,-0.010756,0.000758,0.001811
0,0.104761,-0.046249,0.057574,-0.132213,0.034267,-0.178157,0.001828,0.000807
0,-0.151697,-0.001868,-0.280456,0.019603,-0.233588,0.058015,0.002648,3.3e-05
0,0.107945,0.182212,0.27142,0.212933,0.267458,0.251425,0.001884,0.00318
0,0.159602,0.069594,0.026197,-0.136982,-0.002737,-0.162865,0.002786,0.001215
0,0.130725,-0.048156,-0.02485,-0.09603,-0.009548,-0.061096,0.002282,0.00084
0,0.065241,-0.038492,-0.063201,0.014575,-0.018445,0.004775,0.001139,0.000672
0,-0.154772,-0.042453,-0.200469,0.006481,-0.177525,-0.020153,0.002701,0.000741
0,0.039842,-0.145111,0.214514,-0.101179,0.250348,-0.102579,0.000695,0.002533
0,0.166024,-0.091731,0.142656,0.075634,0.105446,0.099552,0.002898,0.001601
0,0.187385,-0.147505,-0.008204,-0.049433,-0.049102,-0.019021,0.00327,0.002574
0,0.041335,0.114749,-0.163966,0.271777,-0.147339,0.222221,0.000721,0.002003
0,-0.02032,-0.044081,-0.076741,-0.162406,-0.035383,-0.156201,0.000355,0.000769
0,0.092105,0.031621,0.123206,0.105621,0.07966,0.097955,0.001608,0.000552
0,-0.005918,0.124616,-0.076553,0.074821,-0.072752,0.117784,0.000103,0.002175
0,0.093941,0.060661,0.097014,-0.08483,0.104547,-0.090886,0.00164,0.001059
0,0.127427,0.00992,0.010761,-0.069158,-0.0293,-0.062837,0.002224,0.000173
0,-0.010957,-0.10264,-0.156394,-0.117941,-0.19342,-0.101361,0.000191,0.001791
0,-0.061151,-0.102374,-0.068332,-0.02574,-0.093673,-0.005779,0.001067,0.001787
0,-0.041166,0.059396,0.048588,0.131862,0.06436,0.134181,0.000718,0.001037
0,-0.014304,-0.199135,0.034351,-0.267042,0.056715,-0.259117,0.00025,0.003476
0,0.036471,-0.087598,0.061505,0.110126,0.06244,0.101205,0.000637,0.001529
0,0.022227,-0.009712,-0.013701,0.101219,0.024263,0.138274,0.000388,0.00017
0,0.021192,0.006991,-0.026139,0.011166,-0.032075,0.055015,0.00037,0.000122
0,-0.116198,-0.011093,-0.111319,-0.020091,-0.061727,0.004712,0.002028,0.000194
0,-0.001353,-0.163511,0.100109,-0.13966,0.083802,-0.135061,2.4e-05,0.002854
0,-0.134229,-0.119605,-0.11034,0.038124,-0.084096,-0.002809,0.002343,0.002087
0,-0.093567,-0.029564,0.064922,0.118683,0.092767,0.099097,0.001633,0.000516
0,-0.11373,0.05063,-0.037697,0.10863,0.003987,0.141618,0.001985,0.000884
0,-0.004514,-0.217641,0.127876,-0.290555,0.141878,-0.254932,7.9e-05,0.003799
0,0.11237,0.011283,0.092867,0.239422,0.067119,0.281776,0.001961,0.000197
0,0.005485,-0.067274,-0.078026,-0.100095,-0.029253,-0.086416,9.6e-05,0.001174
0,0.137212,-0.201828,0.146427,-0.140315,0.119963,-0.126631,0.002395,0.003523
0,0.227949,0.104657,0.117244,0.28796,0.077954,0.268298,0.003839,0.001827
0,0.210219,-0.103444,-0.005002,-0.22034,0.031603,-0.250456,0.003669,0.001805
0,-0.033159,-0.011193,-0.249571,0.103366,-0.217043,0.125025,0.000579,0.000195
0,-0.058331,-0.083117,-0.040841,-0.076122,-0.034906,-0.079528,0.001018,0.001451
0,0.228784,-0.133641,0.312929,-0.067415,0.3361,-0.096778,0.003825,0.002332
0,-0.059323,0.028522,-0.26888,0.138993,-0.233229,0.150952,0.001035,0.000498
0,-0.12013,0.011213,-0.071007,-0.047101,-0.05306,-0.067082,0.002097,0.000196
0,0.183454,-0.087493,0.307081,-0.103384,0.323204,-0.103503,0.003202,0.001527
0,0.048213,0.022955,-0.117241,0.114756,-0.107798,0.110426,0.000841,0.000401
0,-0.056046,-0.046881,-0.110705,-0.072749,-0.111805,-0.094131,0.000978,0.000818
0,-0.018812,-0.228739,0.05809,-0.17389,0.083745,-0.207107,0.000328,0.003826
0,0.090535,-0.166721,0.089636,0.086129,0.115265,0.128871,0.00158,0.00291
0,-0.090712,-0.130522,-0.203699,0.05559,-0.170165,0.065242,0.001583,0.002278
0,0.003945,-0.193081,0.108896,-0.090903,0.099384,-0.06528,6.9e-05,0.00337
0,0.029808,0.000536,0.01945,0.218919,-0.014085,0.206807,0.00052,9e-06
0,-0.10007,-0.01947,-0.108596,-0.004558,-0.11118,-0.010091,0.001747,0.00034
0,-0.046736,-0.227117,0.040933,-0.182221,0.05816,-0.138871,0.000816,0.003854
0,-0.053826,-0.015388,-0.002424,0.232276,-0.021166,0.26241,0.000939,0.000269
0,0.130165,-0.004074,0.170314,0.024173,0.182758,0.042184,0.002272,7.1e-05
0,0.064967,0.038211,-0.047801,0.061935,-0.060105,0.079997,0.001134,0.000667
0,-0.16882,-0.021499,-0.255002,-0.054157,-0.284304,-0.093828,0.002946,0.000375
0,-0.027943,-0.13589,0.131011,-0.115881,0.084449,-0.143822,0.000488,0.002372
0,-0.123311,-0.125398,-0.124902,0.009193,-0.080226,0.013117,0.002152,0.002189
0,-0.102293,-0.208249,0.01098,-0.101947,0.034297,-0.121477,0.001785,0.003635
0,-0.02422,-0.005205,0.088323,0.199775,0.063384,0.244447,0.000423,9.1e-05
0,0.076322,0.064124,0.101701,0.075864,0.055131,0.062097,0.001332,0.001119
0,-0.182395,0.005088,-0.282429,-0.035644,-0.267052,-0.048943,0.003183,8.9e-05
0,-0.168219,0.047003,0.025857,0.036272,-0.013802,-0.002225,0.002936,0.00082
0,-0.109464,-0.004014,0.079845,-0.033839,0.113638,-0.058625,0.001911,7e-05
0,-0.172615,-0.00678,-0.051274,0.008621,-0.060071,0.001296,0.003013,0.000118
0,-0.169472,0.071442,-0.014199,0.10346,-0.027454,0.150696,0.002958,0.001247
0,0.003241,-0.120591,0.18914,-0.197683,0.223609,-0.158006,5.7e-05,0.002105
0,-0.175958,0.065306,-0.169419,0.176233,-0.158501,0.152079,0.003071,0.00114
0,-0.159309,-0.144197,0.026643,-0.234674,0.059536,-0.266492,0.00278,0.002517
0,-0.103142,-0.038907,0.049418,0.113658,0.05421,0.08457,0.0018,0.000679
0,0.012164,0.053482,0.112653,0.092756,0.120001,0.137655,0.000212,0.000933
0,-0.059791,0.047651,-0.067602,-0.02368,-0.022033,-0.038929,0.001044,0.000832
0,-0.176032,-0.183836,-0.12205,-0.236213,-0.089286,-0.19533,0.003072,0.003209
0,-0.026406,-0.094103,0.171717,0.077125,0.20171,0.093249,0.000461,0.001642
0,0.056553,0.015647,0.056139,0.087009,0.041543,0.107008,0.000987,0.000273
0,0.058977,-0.17645,-0.005052,-0.175003,0.008449,-0.153058,0.001029,0.00308
0,-0.047485,-0.037891,-0.101007,0.118847,-0.056854,0.145697,0.000829,0.000661
0,-0.093362,0.107986,-0.06839,0.127083,-0.039075,0.125642,0.001629,0.001885
0,-0.110791,-0.153557,-0.017534,-0.257792,-0.036864,-0.259217,0.001934,0.00268
0,-0.156699,-0.072405,-0.022256,0.091883,-0.064696,0.089515,0.002735,0.001264
0,-0.218292,-0.019631,-0.07947,0.035513,-0.043537,0.05061,0.00381,0.000343
0,-0.174039,0.010598,0.072659,0.023956,0.034698,0.035225,0.003038,0.000185
0,-0.082,0.081125,0.100853,0.059044,0.060558,0.068068,0.001431,0.001416
0,0.004467,-0.058383,0.101524,-0.115295,0.075109,-0.133839,7.8e-05,0.001019
0,-0.115983,0.070322,-0.10937,0.113477,-0.145613,0.110634,0.002024,0.001227
0,-0.022256,-0.095157,0.068679,-0.167098,0.060523,-0.190231,0.000388,0.001661
0,0.09741,0.057147,0.09455,0.172611,0.099702,0.20391,0.0017,0.000997
0,0.080934,0.05148,-0.024916,0.002029,-0.016367,-0.047403,0.001413,0.000898
0,0.029866,0.055387,-0.069562,-0.017262,-0.117498,-0.022541,0.000521,0.000967
0,0.011673,-0.142807,0.009553,-0.213103,0.025828,-0.207685,0.000204,0.002492
0,-0.050954,-0.088661,-0.083042,0.079663,-0.078974,0.092261,0.000889,0.001547
0,0.138309,0.135108,0.202854,0.242423,0.17433,0.290828,0.002414,0.002358
0,0.186846,0.155134,0.055116,0.01274,0.027675,0.041419,0.003261,0.002708
0,0.172719,-0.092009,-0.006523,-0.265241,-0.026139,-0.216774,0.003015,0.001606
0,0.190315,-0.01714,0.0031,0.065768,-0.015607,0.07466,0.003322,0.000299
0,0.046331,0.097374,-0.163353,0.138319,-0.146311,0.164341,0.000809,0.001699
0,0.123473,0.136592,0.048436,0.043068,0.040186,0.045248,0.002155,0.002384
0,0.215949,0.057373,0.082398,-0.067299,0.116793,-0.076441,0.003769,0.001001
0,0.349346,-0.112931,0.156229,-0.167252,0.131062,-0.144163,0.001721,0.001971
0,0.067666,0.081675,-0.305571,0.217054,-0.340585,0.230201,0.001181,0.001425
0,0.042581,0.174117,-0.053106,0.114877,-0.007891,0.112598,0.000743,0.003039
0,0.03875,0.068997,0.001598,-0.099533,-0.038082,-0.144601,0.000676,0.001204
0,0.206655,-0.016258,0.156556,-0.079411,0.172877,-0.040712,0.003607,0.000284
0,-0.487248,-1.186705,-0.709849,-1.167351,-0.709838,-1.14016,0.000686,0.002742
0,-1.411939,-1.605848,-0.895968,-0.396002,-0.885126,-0.419889,0.001189,0.003244
0,-2.297261,-1.666458,-0.883953,-0.081147,-0.926125,-0.057955,0.001005,0.002186
0,-2.258148,-1.4836,0.035733,0.19996,0.007809,0.245598,0.000323,0.00244
0,-2.377639,-1.35586,-0.135902,0.115241,-0.099378,0.109303,0.002408,0.000211
0,-2.14446,-1.010736,0.232301,0.315477,0.219544,0.341538,0.001661,0.002005
0,-1.554507,-0.882045,0.582265,0.152295,0.547758,0.150064,0.003678,0.000241
0,-1.317377,-0.364851,0.216172,0.536544,0.197962,0.493656,0.000461,0.00145
0,-1.176731,-0.390203,0.143296,-0.005165,0.111509,0.021524,0.002916,0.001008
0,-0.864666,-0.073068,0.334661,0.335738,0.300601,0.35847,0.000544,0.001275
0,-0.489953,-0.06354,0.36083,-0.004248,0.323963,-0.023789,0.000733,0.001109
0,-0.188744,0.122832,0.293235,0.187873,0.319909,0.233397,0.003294,0.002144
0,-0.038721,0.093472,0.16525,-0.022989,0.20485,-0.01931,0.000676,0.001631
0,0.357735,0.295839,0.421044,0.204646,0.392924,0.228667,0.001574,0.002655
0,0.168617,0.254805,-0.20957,-0.023494,-0.239151,-0.022889,0.002943,0.003371
0,0.095208,0.025687,-0.097768,-0.250067,-0.120903,-0.222609,0.001662,0.000448
0,0.351966,0.010337,0.284832,-0.009662,0.319413,0.038846,0.001675,0.00018
0,0.285093,0.033115,-0.041407,0.045784,-0.060792,0.071045,0.002842,0.000578
0,0.083902,-0.029408,-0.215485,-0.059807,-0.183145,-0.018787,0.001464,0.000513
0,-0.070536,-0.017105,-0.138971,-0.000977,-0.100244,0.011703,0.001231,0.000299
0,-0.128932,-0.118017,-0.050817,-0.094819,-0.065226,-0.113605,0.00225,0.00206
0,-0.101803,-0.05339,0.042769,0.074177,0.054797,0.075379,0.001777,0.000932
0,-0.150206,-0.070299,-0.035629,-0.021043,-0.068004,0.004587,0.002622,0.001227
0,-0.120701,-0.111726,0.001344,-0.06339,0.03152,-0.027025,0.002107,0.00195
0,0.011169,0.099966,0.124738,0.199232,0.084515,0.229553,0.000195,0.001745
0,-0.132072,0.040009,-0.172501,-0.063257,-0.210352,-0.047567,0.002305,0.000698
0,0.011249,-0.012919,0.144143,-0.078806,0.129251,-0.118013,0.000196,0.000225
0,-0.020214,0.031938,-0.035911,0.070349,-0.002047,0.067022,0.000353,0.000557
0,-0.006619,-0.08373,-0.007438,-0.142819,0.036877,-0.162576,0.000116,0.001461
0,0.045673,0.033332,0.035229,0.099809,0.067397,0.063757,0.000797,0.000582
0,-0.01462,-0.140565,-0.072869,-0.167598,-0.079021,-0.1346,0.000255,0.002453
0,-0.086308,0.020018,-0.055733,0.135588,-0.080442,0.168048,0.001506,0.000349
0,-0.017853,-0.043705,0.081657,-0.035835,0.101956,-0.010518,0.000312,0.000763
0,-0.13314,0.029026,-0.094809,0.068817,-0.070825,0.026951,0.002324,0.000507
0,-0.174622,0.060786,-0.019814,0.04605,-0.053173,0.058364,0.003048,0.001061
0,-0.162815,0.063989,-0.009508,-0.009037,-0.012551,-0.024879,0.002842,0.001117
0,-0.148477,-0.054043,0.029175,-0.117696,0.03399,-0.123556,0.002591,0.000943
0,0.051651,-0.040804,0.215512,0.000574,0.256043,-0.018199,0.000901,0.000712
0,0.097004,0.164451,0.050763,0.221385,0.0243,0.194744,0.001693,0.00287
0,0.027447,-0.080764,-0.097127,-0.222406,-0.07701,-0.266717,0.000479,0.00141
0,0.072556,0.006798,0.041409,0.085176,0.028787,0.123024,0.001266,0.000119
0,0.012586,-0.043225,-0.076084,-0.079414,-0.122894,-0.057099,0.00022,0.000754
0,0.018471,0.097117,0.019008,0.145615,0.020816,0.122764,0.000322,0.001695
0,-0.031299,-0.095809,-0.036669,-0.218647,-0.042997,-0.241714,0.000546,0.001672
0,0.142378,0.148102,0.178929,0.268765,0.162461,0.276659,0.002485,0.002585
0,-0.05656,0.082271,-0.174189,-0.041699,-0.129123,-0.083172,0.000987,0.001436
0,0.186362,-0.024057,0.249749,-0.091024,0.245237,-0.059425,0.003253,0.00042
0,-0.009192,-0.03444,-0.188678,-0.015769,-0.238329,0.034051,0.00016,0.000601
0,0.153423,-0.054262,0.151665,-0.010059,0.110197,-0.038063,0.002678,0.000947
0,0.216032,-0.050435,0.078867,0.013864,0.068942,0.044544,0.00377,0.00088
0,-0.052665,0.141301,-0.293827,0.199098,-0.309151,0.186673,0.000919,0.002466
0,0.069547,-0.096782,0.122528,-0.258061,0.131845,-0.23554,0.001214,0.001689
0,-0.004662,0.0428,-0.044923,0.12152,-0.055122,0.150315,8.1e-05,0.000747
0,-0.016405,0.055439,0.000694,0.005425,-0.00871,-0.035075,0.000286,0.000968
0,-0.039133,-0.07398,0.000893,-0.109857,0.003458,-0.122026,0.000683,0.001291
0,0.196368,-0.037695,0.23991,0.032655,0.248502,0.076556,0.003427,0.000658
0,0.082499,0.169679,-0.138448,0.182257,-0.100363,0.195927,0.00144,0.002961
0,0.007878,-0.078085,-0.053787,-0.237459,-0.095239,-0.200652,0.000137,0.001363
0,0.156964,-0.023372,0.160789,0.05334,0.157086,0.056279,0.00274,0.000408
0,0.039446,-0.063551,-0.121811,-0.053418,-0.089253,-0.087551,0.000688,0.001109
0,0.207751,-0.075635,0.1566,-0.015118,0.135764,-0.050414,0.003626,0.00132
0,0.141999,-0.011546,-0.086697,0.069501,-0.107365,0.071931,0.002478,0.000202
0,0.055218,0.076898,-0.106288,0.105458,-0.129758,0.096355,0.000964,0.001342
0,0.07432,-0.105537,0.03392,-0.157553,0.065612,-0.172572,0.001297,0.001842
0,0.03045,0.061361,-0.055157,0.168899,-0.016371,0.137878,0.000531,0.001071
0,0.305698,-0.02812,0.298934,-0.08602,0.277057,-0.128924,0.002482,0.000491
0,0.12044,0.114211,-0.161724,0.125188,-0.210178,0.099196,0.002102,0.001993
0,0.093945,-0.060693,-0.039332,-0.180925,-0.086898,-0.207097,0.00164,0.001059
0,0.096266,0.013997,-0.026951,0.091235,0.02055,0.052593,0.00168,0.000244
0,0.227127,-0.015862,0.147244,-0.037758,0.097581,-0.054662,0.003854,0.000277
0,-0.055637,0.109373,-0.287177,0.151072,-0.322123,0.194465,0.000971,0.001909
0,-0.535544,-0.9181,-0.48865,-1.021332,-0.501492,-0.996359,0.001529,0.000388
0,-0.975841,-1.661199,-0.420492,-0.768563,-0.433047,-0.731666,0.001396,0.002278
0,-2.291508,-1.74914,-1.286922,-0.091653,-1.269578,-0.100874,0.000905,0.000743
0,-2.475302,-1.727693,-0.154523,-0.002139,-0.165916,-0.008112,0.003705,0.001118
0,-2.343379,-1.514529,0.154881,0.217246,0.164882,0.256675,0.00181,0.00298
0,-2.281092,-1.107767,0.080923,0.398397,0.081857,0.399311,0.000723,0.003698
0,-2.068973,-1.074001,0.208256,0.018494,0.246018,0.026867,0.002979,0.003109
0,-1.638201,-0.791497,0.437684,0.252627,0.448237,0.262663,0.00268,0.001822
0,-1.043114,-0.575885,0.575766,0.237281,0.549696,0.254511,0.00257,0.002233
0,-0.490291,-0.401284,0.564539,0.188531,0.525794,0.227125,0.000739,0.000814
0,-0.461624,-0.249419,0.000269,0.167386,0.030501,0.127415,0.000239,0.003465
0,-0.135511,-0.176651,0.305391,0.054154,0.29002,0.071504,0.002365,0.003083
0,0.076445,-0.07716,0.227425,0.107781,0.266059,0.06728,0.001334,0.001347
0,0.029627,-0.052877,-0.06914,0.042016,-0.073915,0.090558,0.000517,0.000923
0,0.202049,-0.071851,0.156551,-0.027407,0.121745,0.003171,0.003526,0.001254
0,0.1998,0.153,0.003853,0.25224,-0.00051,0.23513,0.003487,0.00267
0,0.071949,0.02079,-0.116684,-0.160125,-0.101454,-0.177053,0.001256,0.000363
0,0.01548,0.169453,-0.055356,0.178325,-0.022169,0.226249,0.00027,0.002958
0,0.062485,0.087333,0.072914,-0.083693,0.074861,-0.127412,0.001091,0.001524
0,0.247667,0.196241,0.171246,0.123666,0.129897,0.168027,0.003495,0.003425
0,0.146633,0.189465,-0.07617,0.008107,-0.029085,-0.00393,0.002559,0.003307
0,0.103886,0.079391,-0.012903,-0.110462,-0.01115,-0.072469,0.001813,0.001386
0,0.157282,0.05747,0.069562,0.000742,0.060334,-0.018411,0.002745,0.001003
0,0.244755,0.119941,0.115416,0.043486,0.076954,0.076397,0.003546,0.002093
0,0.048305,0.153047,-0.22541,0.03149,-0.254377,0.069705,0.000843,0.002671
0,0.215409,0.136206,0.169226,-0.003317,0.181394,0.005151,0.00376,0.002377
0,0.115544,-0.014369,-0.104933,-0.124687,-0.113549,-0.163325,0.002017,0.000251
0,0.237176,0.034493,0.092856,0.053995,0.077379,0.050216,0.003678,0.000602
0,0.058733,0.077554,-0.191735,0.047377,-0.216632,0.020272,0.001025,0.001354
0,0.104301,0.01989,0.029123,-0.084313,0.074463,-0.067478,0.00182,0.000347
0,0.050011,0.165825,-0.061925,0.15644,-0.049795,0.176609,0.000873,0.002894
0,-0.004341,-0.016237,-0.030036,-0.174086,-0.072241,-0.218634,7.6e-05,0.000283
0,0.079876,0.104004,0.103792,0.120502,0.145743,0.082075,0.001394,0.001815
0,-0.002449,-0.038785,-0.087975,-0.121633,-0.062693,-0.107553,4.3e-05,0.000677
0,0.053377,0.079657,0.043571,0.097617,0.035907,0.110301,0.000932,0.00139
0,0.144463,-0.072278,0.061736,-0.122061,0.104155,-0.109351,0.002521,0.001261
0,0.173793,0.132316,0.041054,0.230048,0.081735,0.207232,0.003033,0.002309
0,0.052065,0.115373,-0.129838,-0.003448,-0.118167,-0.012022,0.000909,0.002014
0,0.167645,0.145299,0.136857,0.028049,0.133148,0.025634,0.002926,0.002536
0,-0.031489,0.087587,-0.193331,-0.040603,-0.16413,-0.039744,0.00055,0.001529
0,0.074577,-0.049001,0.084134,-0.166124,0.068656,-0.174879,0.001302,0.000855
0,0.063601,-0.174558,-0.039777,-0.141748,-0.065164,-0.104134,0.00111,0.003047
0,0.065489,-0.166486,-0.000186,0.01554,-0.041317,-0.027363,0.001143,0.002906
0,0.100052,-0.130316,0.026215,0.062497,0.066382,0.043357,0.001746,0.002274
0,-0.046765,-0.193846,-0.127754,-0.091404,-0.088008,-0.116704,0.000816,0.003383
0,-0.023744,0.047612,0.048709,0.229988,0.040375,0.275672,0.000414,0.000831
0,0.165759,-0.104301,0.174235,-0.133785,0.181325,-0.165125,0.002893,0.00182
0,-0.015925,-0.115746,-0.207621,0.015754,-0.221282,-0.026675,0.000278,0.00202
0,-0.09076,0.093445,-0.086515,0.21737,-0.037697,0.172703,0.001584,0.001631
0,0.080915,-0.003625,0.154159,-0.087391,0.186757,-0.054829,0.001412,6.3e-05
0,0.057309,-0.054212,-0.00723,-0.071654,-0.002176,-0.024073,0.001,0.000946
0,0.150362,-0.088934,0.120801,-0.058414,0.081375,-0.026632,0.002624,0.001552
0,0.045336,-0.038481,-0.131163,0.048086,-0.100627,0.065197,0.000791,0.000672
0,0.099016,-0.022201,0.059466,0.035771,0.050225,0.050494,0.001728,0.000387
0,-0.130521,-0.069348,-0.216001,-0.059189,-0.216315,-0.083971,0.002278,0.00121
0,0.063144,-0.09567,0.201736,0.001922,0.161718,0.025258,0.001102,0.00167
0,0.050383,-0.045781,0.000259,0.0486,-0.018053,0.079792,0.000879,0.000799
0,-0.139479,-0.002299,-0.16859,0.025233,-0.14543,0.025088,0.002434,4e-05
0,-0.111696,-0.098556,0.009956,-0.084385,-0.030065,-0.123878,0.001949,0.00172
0,-0.107087,0.105369,0.031746,0.204762,0.007385,0.210643,0.001869,0.001839
0,-0.084877,-0.006172,0.006742,-0.11947,0.010974,-0.096706,0.001481,0.000108
0,-0.094554,-0.024626,0.003656,-0.022909,-0.00385,-0.007246,0.00165,0.00043
0,-0.063293,-0.049357,0.050279,-0.018694,0.019342,0.014921,0.001105,0.000861
0,0.003387,-0.118781,0.084079,-0.061275,0.10187,-0.038772,5.9e-05,0.002073
0,-0.089051,0.00591,-0.117023,0.141682,-0.142368,0.143778,0.001554,0.000103
0,0.030266,-0.089299,0.12191,-0.066224,0.153588,-0.078744,0.000528,0.001559
0,0.015081,-0.12816,-0.012738,-0.049537,0.035173,-0.028799,0.000263,0.002237
0,-0.068015,0.121622,-0.063842,0.240626,-0.040215,0.213143,0.001187,0.002123
0,-0.072523,-0.057522,0.008826,-0.174521,0.023688,-0.194499,0.001266,0.001004
0,-0.040618,-0.012643,0.059849,0.064486,0.037674,0.02571,0.000709,0.000221
0,-0.056808,-0.156287,-0.016453,-0.162569,0.030045,-0.141448,0.000991,0.002728
0,-0.142314,0.103673,-0.08189,0.258503,-0.096674,0.230898,0.002484,0.001809
0,-0.088145,0.079807,0.030929,-0.027235,-0.013811,-0.011246,0.001538,0.001393
0,-0.10117,-0.112696,-0.020509,-0.215578,-0.01842,-0.236405,0.001766,0.001967
0,-0.034781,0.120164,0.039193,0.214754,0.027461,0.171599,0.000607,0.002097
0,-0.194834,-0.12315,-0.189228,-0.225301,-0.139276,-0.238448,0.0034,0.002149
0,0.052064,0.049786,0.263856,0.15711,0.294165,0.119454,0.000909,0.000869
0,0.040405,0.150842,-0.030307,0.093131,-0.066982,0.060588,0.000705,0.002633
0,0.015091,0.102064,-0.029945,-0.069702,-0.00118,-0.023375,0.000263,0.001781
0,-0.185502,0.026178,-0.175946,-0.046734,-0.188986,-0.075657,0.003238,0.000457
0,-0.123232,-0.089951,0.082722,-0.136184,0.045979,-0.170617,0.002151,0.00157
0,-0.210307,0.092531,-0.109521,0.178496,-0.142508,0.213156,0.003671,0.001615
0,-0.024857,-0.12138,0.163581,-0.203546,0.139396,-0.192691,0.000434,0.002118
0,0.023971,-0.027017,0.031151,0.112671,0.032367,0.141496,0.000418,0.000472
0,0.046893,-0.023291,0.010133,0.02081,-0.029674,-0.027404,0.000818,0.000406
0,0.042506,0.076687,0.016055,0.116582,0.04405,0.085016,0.000742,0.001338
0,-0.188313,-0.102791,-0.252348,-0.186,-0.280385,-0.192447,0.003287,0.001794
0,-0.10891,-0.028525,0.103462,0.094551,0.130991,0.142075,0.001901,0.000498
0,0.019388,0.005599,0.114226,0.061668,0.136288,0.074322,0.000338,9.8e-05
0,-0.131333,-0.091956,-0.141716,-0.069921,-0.181711,-0.097053,0.002292,0.001605
0,-0.073136,-0.006824,0.028888,0.089921,0.069701,0.09092,0.001276,0.000119
0,-0.096265,0.020854,-0.033154,0.014158,-0.017794,-0.022251,0.00168,0.000364
0,-0.159559,0.077985,-0.069555,0.069666,-0.102402,0.081227,0.002785,0.001361
0,-0.0229,-0.10025,0.120424,-0.182668,0.112253,-0.205334,0.0004,0.00175
0,0.026736,0.148083,0.057084,0.273747,0.055832,0.295528,0.000467,0.002585
0,0.102732,-0.078093,0.065606,-0.227579,0.016966,-0.261369,0.001793,0.001363
0,0.154693,-0.075784,0.033595,-0.019616,0.040713,-0.055334,0.0027,0.001323
0,-0.113948,0.116544,-0.278811,0.163045,-0.258114,0.118588,0.001989,0.002034
0,-0.03116,0.052931,0.087436,-0.087455,0.071118,-0.051458,0.000544,0.000924
0,0.084075,0.09267,0.091547,0.019431,0.084282,0.03017,0.001467,0.001617
0,0.119393,0.07704,0.025777,-0.010872,0.019661,0.02208,0.002084,0.001345
0,-0.000133,-0.113832,-0.139641,-0.218851,-0.125891,-0.212768,2e-06,0.001987
0,0.082848,0.139392,0.109652,0.234915,0.07639,0.229278,0.001446,0.002433
0,0.01673,0.053114,-0.040436,-0.114971,-0.089241,-0.144981,0.000292,0.000927
0,-0.075144,0.087209,-0.117114,0.052056,-0.148842,0.047894,0.001312,0.001522
0,0.073593,-0.147638,0.122569,-0.25945,0.120991,-0.307145,0.001284,0.002577
0,-0.105402,-0.105759,-0.1786,0.04557,-0.135337,0.053271,0.00184,0.001846
0,-0.067881,-0.004992,0.049927,0.09724,0.079523,0.060684,0.001185,8.7e-05
0,0.065044,-0.071922,0.129068,-0.042732,0.178755,-0.030198,0.001135,0.001255
0,0.018514,-0.145927,-0.046229,-0.058411,-0.091952,-0.104096,0.000323,0.002547
0,-0.092975,-0.042186,-0.114547,0.102131,-0.162421,0.134385,0.001623,0.000736
0,0.014606,0.08054,0.131747,0.117081,0.137076,0.1052,0.000255,0.001406
0,0.123745,-0.069863,0.128161,-0.124104,0.095663,-0.108906,0.00216,0.001219
0,-0.014003,-0.128763,-0.11933,-0.034393,-0.117487,0.002498,0.000244,0.002247
0,-0.128675,0.001704,-0.131701,0.149575,-0.178585,0.137165,0.002246,3e-05
0,0.046129,0.05643,0.167383,0.038157,0.133301,0.06451,0.000805,0.000985
0,0.052848,-0.048113,0.002241,-0.105014,-0.034427,-0.076823,0.000922,0.00084
0,0.087648,-0.120635,0.046051,-0.085948,0.033226,-0.11372,0.00153,0.002105
0,-0.01627,0.024003,-0.108794,0.154181,-0.066673,0.130087,0.000284,0.000419
0,-0.06305,-0.173528,-0.069981,-0.223817,-0.045414,-0.192887,0.0011,0.003029
0,-0.204624,0.02854,-0.168481,0.225992,-0.194909,0.247047,0.003571,0.000498
0,-0.020483,0.015026,0.204343,-0.022366,0.181274,-0.01284,0.000357,0.000262
0,-0.095875,-0.145461,-0.081983,-0.161114,-0.065212,-0.210398,0.001673,0.002539
0,0.070913,-0.144698,0.151878,0.005624,0.155445,-0.002929,0.001238,0.002525
0,-0.129567,-0.090636,-0.214301,0.063855,-0.197264,0.099231,0.002261,0.001582
0,-0.190963,-0.05843,-0.034659,0.028575,-0.031835,-0.005202,0.003333,0.00102
0,-0.153625,0.012975,0.020486,0.086717,-0.0043,0.047157,0.002681,0.000226
0,0.092188,-0.201376,0.269944,-0.230262,0.29468,-0.246461,0.001609,0.003515
0,0.005337,-0.084598,-0.088345,0.136388,-0.08942,0.168979,9.3e-05,0.001477
0,0.037726,-0.037839,0.045521,0.056603,0.08039,0.045769,0.000658,0.00066
0,-0.107523,-0.079887,-0.152976,-0.030065,-0.18823,-0.047289,0.001877,0.001394
0,0.046496,-0.133251,0.167395,-0.041625,0.186259,-0.026123,0.000812,0.002326
0,-0.090976,-0.022833,-0.135924,0.126813,-0.109121,0.144937,0.001588,0.000399
0,-0.265868,0.011852,-0.194006,0.011503,-0.200195,0.035175,0.003178,0.000207
0,-0.095123,-0.14908,0.171152,-0.169458,0.14934,-0.160906,0.00166,0.002602
0,-0.065235,-0.240702,0.01583,-0.084069,-0.022878,-0.119436,0.001139,0.003617
0,-0.014694,-0.189175,0.052047,0.047061,0.058491,0.006955,0.000256,0.003302
0,-0.017419,-0.078196,-0.019599,0.090686,-0.018924,0.055021,0.000304,0.001365
0,0.094263,-0.12447,0.103925,-0.031209,0.119096,-0.078402,0.001645,0.002172
0,-0.156587,-0.041065,-0.276913,0.074038,-0.235824,0.078641,0.002733,0.000717
0,0.065641,-0.026278,0.194426,-0.007926,0.171035,-0.018788,0.001146,0.000459
0,-0.026572,-0.201697,-0.062267,-0.183868,-0.098752,-0.150049,0.000464,0.00352
0,0.015244,-0.062531,0.048405,0.117314,0.013175,0.081187,0.000266,0.001091
0,-0.071421,0.093852,-0.086983,0.148472,-0.102995,0.110297,0.001247,0.001638
0,0.198697,0.010691,0.276372,-0.06007,0.272463,-0.064483,0.003468,0.000187
0,0.226151,0.104025,0.000654,0.075201,-0.045642,0.063201,0.003871,0.001816
0,0.15811,-0.111446,-0.071833,-0.236598,-0.112367,-0.269782,0.00276,0.001945
0,0.030991,-0.129048,-0.145076,-0.006099,-0.140491,0.033372,0.000541,0.002252
0,0.125453,0.044633,0.108589,0.175702,0.102404,0.148891,0.00219,0.000779
0,0.086334,-0.031952,-0.024964,-0.088281,-0.036169,-0.04342,0.001507,0.000558
0,0.232926,0.047737,0.172704,0.108795,0.152757,0.087922,0.003753,0.000833
0,0.146085,0.080083,-0.079452,0.010636,-0.093647,-0.031735,0.00255,0.001398
0,0.269251,-0.123146,0.146575,-0.183115,0.142539,-0.230299,0.003119,0.002149
0,0.19482,-0.053003,-0.100471,0.098619,-0.1159,0.052918,0.0034,0.000925
0,0.019898,0.151194,-0.14849,0.196792,-0.122356,0.238503,0.000347,0.002639
0,-0.021014,-0.05369,-0.038031,-0.200928,-0.056126,-0.222176,0.000367,0.000937
0,0.267257,-0.132902,0.298333,-0.067356,0.343622,-0.073059,0.003153,0.00232
0,0.019277,-0.110607,-0.26176,0.02856,-0.280859,0.007336,0.000336,0.00193
0,0.172058,-0.054273,0.182181,0.085896,0.170038,0.073411,0.003003,0.000947
0,0.149492,0.133243,-0.045816,0.170367,-0.005602,0.199622,0.002609,0.002326
0,-0.046519,0.028049,-0.202531,-0.133651,-0.159008,-0.097803,0.000812,0.00049
0,0.186429,0.110349,0.23632,0.08821,0.193408,0.096774,0.003254,0.001926
0,0.137769,-0.028434,-0.039833,-0.155034,-0.031057,-0.177537,0.002405,0.000496
0,-0.082035,0.03868,-0.213388,0.043476,-0.262719,0.034317,0.001432,0.000675
0,-0.038221,-0.072653,0.048657,-0.121967,0.097172,-0.078406,0.000667,0.001268
0,0.15772,-0.066274,0.200958,-0.019481,0.152471,-0.008651,0.002753,0.001157
0,0.03244,0.121932,-0.117223,0.168131,-0.15847,0.186298,0.000566,0.002128
0,0.041872,0.168354,0.004601,0.024298,0.01253,0.033006,0.000731,0.002938
0,0.143062,0.091266,0.108726,-0.061966,0.099877,-0.057708,0.002497,0.001593
0,-0.031965,0.100645,-0.188119,-0.019403,-0.163478,0.004874,0.000558,0.001757
0,-0.10864,0.11034,-0.060782,0.012401,-0.0537,0.008858,0.001896,0.001926
0,-0.193705,-0.086152,-0.05541,-0.203301,-0.055293,-0.223,0.003381,0.001504
0,-0.030577,0.179913,0.160436,0.278014,0.164373,0.311606,0.000534,0.00314
0,-0.070987,0.001861,-0.062206,-0.205262,-0.049688,-0.213964,0.001239,3.2e-05
0,0.184976,-0.047186,0.253396,-0.06215,0.268247,-0.079834,0.003228,0.000824
0,0.053792,0.160194,-0.155953,0.200939,-0.176167,0.151864,0.000939,0.002796
0,0.183857,0.046363,0.130027,-0.101637,0.159889,-0.088801,0.003209,0.000809
0,0.200553,-0.064452,0.009186,-0.109446,-0.022928,-0.075507,0.0035,0.001125
0,0.059118,0.110199,-0.114686,0.203808,-0.089134,0.248734,0.001032,0.001923
0,0.047206,0.085816,0.000219,-0.042512,0.021011,-0.05883,0.000824,0.001498
0,0.109397,0.028553,0.036221,-0.036212,0.01057,-0.030503,0.001909,0.000498
0,0.099026,0.094266,0.003083,0.041081,-0.046628,0.00368,0.001728,0.001645
0,0.186445,0.09287,0.0753,0.014968,0.08417,0.056733,0.003254,0.001621
0,0.178523,0.030057,0.016751,-0.064054,0.004434,-0.016279,0.003116,0.000525
0,-0.032638,0.122979,-0.195839,0.095156,-0.162053,0.097736,0.00057,0.002146
0,0.137428,0.129452,0.142239,0.011169,0.159462,-0.012324,0.002399,0.002259
0,0.139608,0.001563,0.007949,-0.143496,0.024456,-0.134615,0.002437,2.7e-05
0,0.103822,0.169011,-0.015312,0.19615,-0.011608,0.151685,0.001812,0.00295
0,0.197748,-0.1278,0.097002,-0.291022,0.144278,-0.338091,0.003451,0.002231
0,0.094261,0.022362,-0.125902,0.178574,-0.131607,0.160097,0.001645,0.00039
0,0.128543,0.157221,0.063869,0.154584,0.066194,0.178611,0.002244,0.002744
0,-0.017176,0.038627,-0.127156,-0.092115,-0.16584,-0.087472,0.0003,0.000674
0,0.09716,0.111833,0.11925,0.087864,0.100353,0.112251,0.001696,0.001952
0,0.130544,-0.026169,0.025752,-0.146014,-0.015039,-0.184438,0.002278,0.000457
0,-0.106579,0.035649,-0.241824,0.044194,-0.205536,0.078317,0.00186,0.000622
0,-0.130505,0.137961,0.005612,0.081647,0.042307,0.122239,0.002278,0.002408
0,0.141864,0.004468,0.244699,-0.149657,0.209103,-0.157213,0.002476,7.8e-05
0,0.021972,-0.006835,-0.117349,-0.003286,-0.127143,-0.030048,0.000383,0.000119
0,-0.036146,0.2041,-0.055667,0.193859,-0.006364,0.218039,0.000631,0.003562
0,-0.086767,-0.094356,-0.04916,-0.29585,-0.062234,-0.252025,0.001514,0.001647
0,0.094081,0.161548,0.151448,0.233844,0.186422,0.195309,0.001642,0.00282
0,0.006234,-0.065748,-0.082493,-0.243547,-0.062551,-0.253244,0.000109,0.001148
0,-0.066474,0.081046,-0.05582,0.126965,-0.099715,0.133986,0.00116,0.001415
0,-0.061381,0.020057,-0.024765,-0.053453,-0.045522,-0.00627,0.001071,0.00035
0,-0.059326,-0.05841,0.002419,-0.092305,-0.043336,-0.061061,0.001035,0.001019
0,0.071634,-0.037246,0.109337,0.031851,0.121552,0.007535,0.00125,0.00065
0,0.174265,0.092708,0.122537,0.119946,0.074513,0.113656,0.003042,0.001618
0,0.016246,0.066876,-0.175878,-0.022084,-0.199887,-0.027869,0.000284,0.001167
0,0.111012,-0.091328,0.071847,-0.160645,0.062995,-0.140502,0.001938,0.001594
0,-0.064788,-0.083161,-0.173701,0.033028,-0.13171,0.004725,0.001131,0.001451
0,-0.060555,0.181463,0.032662,0.284644,-0.002983,0.295559,0.001057,0.003167
0,0.103454,0.200774,0.188003,0.036148,0.147902,0.002077,0.001806,0.003504
0,-0.063363,0.139074,-0.192359,-0.04514,-0.209113,-0.071003,0.001106,0.002427
0,0.011407,0.149863,0.075605,-0.009392,0.075244,0.034833,0.000199,0.002616
0,0.197644,0.15493,0.173659,0.025548,0.146404,-0.009608,0.00345,0.002704
0,0.012175,0.099943,-0.211122,-0.083815,-0.216239,-0.121936,0.000212,0.001744
0,0.034859,0.137159,0.006092,0.036949,0.038003,0.044097,0.000608,0.002394
0,0.114498,0.190914,0.088871,0.063552,0.117357,0.085899,0.001998,0.003332
0,0.030279,0.051672,-0.1088,-0.158661,-0.087042,-0.206632,0.000528,0.000902
0,0.007981,0.028091,-0.032762,0.002113,-0.052704,0.002505,0.000139,0.00049
0,0.123491,0.077411,0.094023,0.075872,0.122783,0.072949,0.002155,0.001351
0,0.058044,0.124223,-0.085109,0.043924,-0.092713,0.020603,0.001013,0.002168
0,0.019433,0.021964,-0.023089,-0.097563,-0.021556,-0.09602,0.000339,0.000383
0,0.023319,0.077286,0.008233,0.049329,0.035471,0.092305,0.000407,0.001349
0,-0.102487,0.210571,-0.1381,0.157076,-0.096564,0.114771,0.001789,0.003675
0,0.067947,0.086287,0.185421,-0.104618,0.192099,-0.146547,0.001186,0.001506
0,-0.017642,-0.034991,-0.065237,-0.111954,-0.059803,-0.065714,0.000308,0.000611
0,0.054799,0.03789,0.085381,0.057395,0.088794,0.053537,0.000956,0.000661
0,-0.12925,-0.059207,-0.196292,-0.07163,-0.213081,-0.052507,0.002256,0.001033
0,-0.053242,0.04541,0.049262,0.126988,0.088047,0.152506,0.000929,0.000793
0,-0.008822,0.159586,0.050198,0.090134,0.032152,0.088011,0.000154,0.002785
0,0.111171,-0.004767,0.134144,-0.148969,0.154955,-0.187486,0.00194,8.3e-05
0,0.123893,0.143157,0.024242,0.140115,-0.021775,0.175036,0.002162,0.002499
0,-0.074622,-0.014862,-0.178009,-0.139194,-0.19662,-0.153813,0.001302,0.000259
0,-0.1156,0.054296,-0.011398,0.084011,-0.060035,0.045648,0.002018,0.000948
0,-0.092504,-0.071535,0.030184,-0.152576,0.036381,-0.176184,0.001615,0.001249
0,-0.012314,-0.069863,0.070963,0.00792,0.060908,-0.01181,0.000215,0.001219
0,0.116789,0.13638,0.117608,0.207506,0.126585,0.164899,0.002038,0.00238
0,0.168817,-0.010752,0.036951,-0.123465,0.00137,-0.080684,0.002946,0.000188
0,0.095004,0.027012,-0.073631,0.037906,-0.081888,0.046205,0.001658,0.000471
0,0.132478,0.08829,0.046318,0.052731,0.011772,0.01653,0.002312,0.001541
0,0.117749,0.173112,-0.02088,0.100616,-0.029285,0.076995,0.002055,0.003021
0,-0.095488,-0.048394,-0.23661,-0.218441,-0.186759,-0.252932,0.001667,0.000845
0,0.106028,0.043724,0.182532,0.113641,0.168324,0.072846,0.001851,0.000763
0,-0.052701,0.130521,-0.162787,0.057095,-0.185476,0.069772,0.00092,0.002278
0,0.008578,-0.094661,0.061803,-0.232946,0.082247,-0.244569,0.00015,0.001652
0,0.121349,0.136235,0.097819,0.217537,0.108524,0.250595,0.002118,0.002378
0,-0.07516,0.021111,-0.197084,-0.133524,-0.159325,-0.126651,0.001312,0.000368
0,0.129155,0.105222,0.206583,0.098563,0.214226,0.096375,0.002254,0.001836
0,0.069277,-0.050974,-0.04928,-0.184925,-0.068284,-0.163056,0.001209,0.00089
0,0.160368,0.138763,0.062458,0.166146,0.036479,0.174668,0.002799,0.002422
0,0.240986,0.102559,0.109314,-0.020477,0.077211,-0.031348,0.003612,0.00179
0,0.092361,0.172116,-0.123685,0.066904,-0.09805,0.034414,0.001612,0.003004
0,0.008999,0.21167,-0.060205,0.066346,-0.067076,0.027409,0.000157,0.003694
0,0.169595,0.154981,0.131907,-0.082525,0.099105,-0.09642,0.00296,0.002705
0,0.086074,-0.037425,-0.111946,-0.193233,-0.079299,-0.234884,0.001502,0.000653
0,-0.029076,-0.061508,-0.139512,-0.023868,-0.166031,-0.073173,0.000507,0.001074
0,0.163238,0.013594,0.218851,0.048435,0.201623,0.009771,0.002849,0.000237
0,0.216725,-0.017921,0.075514,-0.042808,0.08246,-0.019196,0.003783,0.000313
0,0.082616,-0.12821,-0.115497,-0.088254,-0.163626,-0.092857,0.001442,0.002238
0,0.152287,0.053092,0.09393,0.168506,0.118745,0.183447,0.002658,0.000927
0,0.070066,-0.080256,-0.079163,-0.117462,-0.098733,-0.13704,0.001223,0.001401
0,0.160862,-0.10113,0.100722,-0.005585,0.057083,0.034446,0.002808,0.001765
0,0.188342,0.171848,0.00346,0.245514,0.00165,0.281174,0.003287,0.002999
0,0.127667,-0.095754,-0.041813,-0.271858,-0.039765,-0.227409,0.002228,0.001671
0,0.141868,0.164209,0.027148,0.286643,0.067456,0.274748,0.002476,0.002866
0,0.09298,0.102031,-0.061654,-0.063085,-0.070233,-0.051776,0.001623,0.001781
0,0.031992,0.010189,-0.079968,-0.088122,-0.065115,-0.087552,0.000558,0.000178
0,0.141438,0.069422,0.129289,0.032296,0.118966,0.058667,0.002469,0.001212
0,0.148504,0.049232,0.025968,-0.03952,0.04341,-0.022372,0.002592,0.000859
0,-0.087103,0.016899,-0.249588,-0.054268,-0.231174,-0.100481,0.00152,0.000295
0,-0.029304,-0.051309,0.028414,-0.089939,0.0223,-0.066104,0.000511,0.000896
0,0.16034,0.113345,0.193317,0.193596,0.156804,0.151508,0.002798,0.001978
0,-0.112414,-0.021373,-0.275138,-0.137337,-0.288043,-0.144286,0.001962,0.000373
0,0.138822,-0.100582,0.239726,-0.058935,0.247999,-0.082407,0.002423,0.001755
0,-0.147238,-0.14475,-0.300725,-0.026431,-0.288358,-0.065714,0.00257,0.002526
0,0.033933,-0.120189,0.202743,0.052113,0.163478,0.014305,0.000592,0.002098
0,0.106547,0.073228,0.049569,0.177697,0.017561,0.14688,0.00186,0.001278
0,0.010706,0.067679,-0.080099,-0.021334,-0.080096,0.006569,0.000187,0.001181
0,0.109392,-0.126442,0.104135,-0.165801,0.131432,-0.140514,0.001909,0.002207
0,-0.146864,0.100241,-0.253351,0.255238,-0.268886,0.250322,0.002563,0.00175
0,-0.036496,0.106641,0.113085,0.010612,0.134891,0.016201,0.000637,0.001861
0,-0.050274,0.033174,-0.004972,-0.04969,0.017469,-0.007713,0.000877,0.000579
0,-0.106291,0.114321,-0.026174,0.083737,-0.045545,0.090017,0.001855,0.001995
0,-0.128068,0.030556,-0.001939,-0.07634,-0.01756,-0.057327,0.002235,0.000533
0,-0.115127,-0.050877,0.024727,-0.090548,-0.008641,-0.116429,0.002009,0.000888
0,-0.054565,-0.113327,0.063219,-0.048077,0.063266,-0.019161,0.000952,0.001978
0,-0.085956,0.052186,-0.055274,0.15194,-0.019755,0.198665,0.0015,0.000911
0,-0.099021,-0.13129,0.002207,-0.181342,-0.016445,-0.154783,0.001728,0.002291
0,-0.100194,0.102611,0.022741,0.250361,0.008568,0.253134,0.001749,0.001791
0,0.185569,0.022959,0.269185,-0.052113,0.22368,-0.01143,0.003239,0.000401
0,0.03124,-0.050318,-0.137032,-0.082531,-0.089399,-0.111389,0.000545,0.000878
0,0.193309,-0.073536,0.153071,-4.7e-05,0.160204,0.006512,0.003374,0.001283
0,0.162235,0.102851,-0.024641,0.205575,0.025281,0.233169,0.002832,0.001795
0,0.133249,0.146078,-0.028281,0.065859,-0.076352,0.046785,0.002326,0.00255
0,0.117444,-0.060441,-0.029429,-0.208512,-0.032769,-0.252052,0.00205,0.001055
0,0.099837,0.069929,-0.017807,0.12309,0.022391,0.130834,0.001742,0.00122
0,0.117434,0.028642,0.003476,-0.071012,-0.007396,-0.038557,0.00205,0.0005
0,0.140003,-0.083893,0.034367,-0.10531,0.075445,-0.152653,0.002444,0.001464
0,0.317563,-0.094619,0.19576,-0.034508,0.165569,-0.008011,0.002275,0.001651
0,0.225319,0.031402,-0.078478,0.1327,-0.0898,0.098081,0.003885,0.000548
0,0.117459,0.091269,-0.080232,0.037854,-0.090559,0.052432,0.00205,0.001593
0,0.079093,-0.038776,-0.031529,-0.104858,0.00347,-0.055606,0.00138,0.000677
0,0.044165,0.058893,-0.028593,0.106522,-0.058131,0.080312,0.000771,0.001028
0,0.157189,0.082217,0.09596,0.006651,0.046702,-0.004896,0.002743,0.001435
0,0.066716,0.029686,-0.116918,-0.065908,-0.121201,-0.089908,0.001164,0.000518
0,0.077429,-0.135898,-0.014292,-0.158416,-0.053742,-0.185368,0.001351,0.002372
0,0.048006,-0.084373,-0.014156,0.078583,0.010756,0.081302,0.000838,0.001473
0,0.024909,-0.051377,-0.035788,0.041452,-0.052444,0.029138,0.000435,0.000897
0,0.043118,-0.051756,-0.011,0.017381,-0.028742,-0.003673,0.000753,0.000903
0,0.166468,-0.026398,0.105533,0.012155,0.119775,0.060377,0.002905,0.000461
0,-0.087544,-0.223341,-0.279856,-0.184344,-0.233825,-0.16331,0.001528,0.003898
0,0.076404,-0.022916,0.15651,0.202641,0.151251,0.207761,0.001333,0.0004
0,0.193997,0.042153,0.118053,0.057508,0.160428,0.035841,0.003386,0.000736
0,0.163314,-0.166219,-0.001863,-0.222479,0.007792,-0.189604,0.00285,0.002901
0,0.08892,-0.204723,-0.054766,-0.042028,-0.039941,-0.020391,0.001552,0.003573
0,0.063919,-0.136768,-0.020651,0.090072,-0.005284,0.040469,0.001116,0.002387
0,-0.044818,-0.152234,-0.126935,-0.035348,-0.084471,-0.079644,0.000782,0.002657
0,0.144038,0.080933,0.199598,0.256537,0.157682,0.283614,0.002514,0.001413
0,0.043742,-0.033545,-0.091404,-0.11633,-0.057095,-0.156724,0.000763,0.000585
0,-0.108789,0.100635,-0.169912,0.122778,-0.16432,0.09723,0.001899,0.001756
0,0.100943,-0.10576,0.181672,-0.215761,0.15121,-0.183552,0.001762,0.001846
0,-0.089652,-0.019274,-0.195267,0.085255,-0.226047,0.094913,0.001565,0.000336
0,0.188825,0.06166,0.297131,0.082883,0.310921,0.0687,0.003296,0.001076
0,-0.061132,0.002081,-0.236291,-0.035743,-0.253629,-0.07241,0.001067,3.6e-05
0,0.149983,-0.085805,0.231683,-0.098719,0.225315,-0.146067,0.002618,0.001498
0,0.078062,-0.019432,-0.084023,0.095651,-0.106465,0.13089,0.001362,0.000339
0,-0.042115,0.058859,-0.135326,0.058041,-0.121054,0.088449,0.000735,0.001027
0,-0.071271,-0.137893,-0.035798,-0.167663,-0.083189,-0.117824,0.001244,0.002407
0,0.052692,-0.097463,0.136532,0.055518,0.089436,0.028876,0.00092,0.001701
0,0.021333,0.083519,-0.029444,0.155347,-0.030048,0.158748,0.000372,0.001458
0,0.1203,0.115548,0.090961,0.008331,0.067868,-0.026087,0.0021,0.002017
0,0.061771,0.044184,-0.061666,-0.072232,-0.043519,-0.116702,0.001078,0.000771
0,0.001018,-0.099924,-0.03893,-0.146617,-0.018967,-0.151955,1.8e-05,0.001744
0,-0.031404,0.134999,-0.012979,0.236291,0.000144,0.232862,0.000548,0.002356
0,-0.014875,0.061793,0.022639,-0.08814,0.066771,-0.073052,0.00026,0.001078
0,0.08523,0.064558,0.105092,0.0141,0.130205,-0.005866,0.001488,0.001127
0,0.121797,0.070411,0.046918,0.006777,-0.001431,0.028192,0.002126,0.001229
0,0.071934,0.004302,-0.074267,-0.047613,-0.090151,-0.085336,0.001255,7.5e-05
0,0.142857,-0.137136,0.089274,-0.165912,0.10921,-0.163377,0.002493,0.002393
0,0.180095,0.080962,0.037392,0.223373,0.059409,0.253005,0.003143,0.001413
0,0.21573,-0.126076,0.059432,-0.227698,0.009821,-0.180428,0.003765,0.0022
0,0.052621,-0.02806,-0.186724,0.094396,-0.144997,0.068157,0.000918,0.00049
0,0.118222,0.109606,0.064782,0.11873,0.024385,0.111884,0.002063,0.001913
0,0.094426,-0.13163,0.001122,-0.266342,0.030634,-0.221263,0.001648,0.002297
0,-0.02799,-0.070579,-0.144841,0.037134,-0.172803,0.026394,0.000489,0.001232
0,-0.068035,-0.035393,-0.051241,0.042286,-0.034559,0.037535,0.001187,0.000618
0,-0.020687,0.112039,0.06737,0.14885,0.108029,0.139869,0.000361,0.001955
0,0.023137,0.080752,0.032488,-0.036066,0.064953,-0.038949,0.000404,0.001409
0,-0.020007,0.002472,-0.032106,-0.077746,-0.050037,-0.044522,0.000349,4.3e-05
0,0.152556,0.121592,0.177504,0.137611,0.139897,0.115176,0.002663,0.002122
0,0.171793,0.164628,0.036891,0.032351,0.039689,0.050146,0.002998,0.002873
0,0.193312,0.097541,0.012021,-0.056144,-0.010122,-0.094889,0.003374,0.001702
0,0.021666,-0.084469,-0.181355,-0.152724,-0.15848,-0.169065,0.000378,0.001474
0,-0.056277,0.053982,-0.090467,0.154424,-0.113675,0.168169,0.000982,0.000942
0,0.158081,-0.129121,0.236522,-0.179668,0.215153,-0.205574,0.002759,0.002254
0,-0.114247,0.122507,-0.244543,0.25487,-0.26952,0.301675,0.001994,0.002138
0,0.115457,0.061584,0.254004,-0.045928,0.270241,-0.074039,0.002015,0.001075
0,0.075261,-0.044072,-0.026485,-0.101615,-0.024931,-0.081653,0.001314,0.000769
0,-0.057743,0.062365,-0.124163,0.103892,-0.14391,0.132758,0.001008,0.001088
0,-0.072331,0.0187,-0.017142,-0.044507,-0.06218,-0.079301,0.001262,0.000326
0,-0.135211,0.056128,-0.061577,0.050927,-0.075797,0.038297,0.00236,0.00098
0,0.046743,-0.127841,0.177929,-0.16106,0.204041,-0.119827,0.000816,0.002231
0,-0.111432,0.040989,-0.131952,0.181819,-0.115793,0.139613,0.001945,0.000715
0,-0.098607,0.133104,-0.012394,0.07023,-0.040128,0.099558,0.001721,0.002323
0,-0.022383,-0.049077,0.078576,-0.211902,0.085269,-0.236013,0.000391,0.000857
0,-0.080777,0.115925,-0.038236,0.171493,-0.040383,0.185695,0.00141,0.002023
0,0.018891,-0.101161,0.0928,-0.204937,0.096282,-0.24256,0.00033,0.001766
0,-0.010241,-0.056012,-0.034061,0.067549,-0.022954,0.101622,0.000179,0.000978
0,-0.194299,-0.017605,-0.191423,0.059303,-0.172925,0.013742,0.003391,0.000307
0,0.076508,0.116748,0.298769,0.129182,0.311373,0.147282,0.001335,0.002038
0,-0.09909,-0.003168,-0.156747,-0.093875,-0.174423,-0.10813,0.001729,5.5e-05
0,0.069504,-0.002551,0.179143,0.022374,0.210682,0.00143,0.001213,4.5e-05
0,-0.123767,-0.046736,-0.202114,-0.049727,-0.181614,4.4e-05,0.00216,0.000816
0,-0.196199,0.065074,-0.086047,0.093866,-0.070081,0.11984,0.003424,0.001136
0,-0.201679,0.08581,-0.025041,-0.004757,-0.02242,-0.037623,0.00352,0.001498
0,-0.081857,0.049296,0.119056,-0.013624,0.110757,-0.054441,0.001429,0.00086
0,0.005162,0.01417,0.057779,-0.047176,0.079527,-0.092434,9e-05,0.000247
0,-0.131309,-0.12835,-0.127209,-0.141115,-0.129002,-0.138247,0.002292,0.00224
0,-0.05732,-0.030404,0.101238,0.070128,0.056237,0.046896,0.001,0.000531
0,0.144092,-0.007822,0.209656,0.001595,0.185433,-0.027789,0.002515,0.000137
0,0.095888,-0.134313,-0.052318,-0.11138,-0.088817,-0.112516,0.001674,0.002344
0,0.025284,0.103818,-0.097522,0.257028,-0.054414,0.263035,0.000441,0.001812
0,-0.021395,-0.08676,-0.017325,-0.17365,-0.035721,-0.135903,0.000373,0.001514
0,0.061039,-0.00788,0.096948,0.062603,0.07019,0.076109,0.001065,0.000138
0,0.164129,-0.106328,0.130241,-0.086363,0.097105,-0.125126,0.002865,0.001856
0,0.098024,0.091477,-0.077697,0.174962,-0.034586,0.220548,0.001711,0.001597
0,0.182878,0.201692,0.058404,0.109109,0.019454,0.139824,0.003192,0.00352
0,-0.023256,0.121513,-0.19606,-0.097453,-0.218177,-0.102359,0.000406,0.002121
0,0.057347,0.095855,0.101346,-0.046085,0.086522,-0.061434,0.001001,0.001673
0,0.083969,0.122864,0.045707,0.003482,0.028633,0.01942,0.001466,0.002144
0,0.215089,-0.008984,0.119842,-0.12802,0.145495,-0.167305,0.003754,0.000157
0,0.239749,-0.017109,0.025825,-0.013786,0.062344,0.02187,0.003633,0.000299
0,0.017163,-0.065195,-0.250559,-0.053566,-0.216731,-0.085562,0.0003,0.001138
0,0.013567,0.102096,-0.021934,0.145144,-0.001762,0.183731,0.000237,0.001782
0,0.090373,-0.057185,0.101086,-0.144494,0.144299,-0.11578,0.001577,0.000998
0,0.186824,0.058747,0.108677,0.094111,0.143866,0.081625,0.003261,0.001025
0,0.0059,0.142491,-0.205699,0.098438,-0.180686,0.073662,0.000103,0.002487
0,0.138243,-0.08512,0.132143,-0.237448,0.168861,-0.213056,0.002413,0.001486
0,0.222377,0.032296,0.106026,0.141686,0.106102,0.155956,0.003881,0.000564
0,-0.073315,0.178559,-0.287213,0.149133,-0.253164,0.140724,0.00128,0.003116
0,0.083761,0.113265,0.157233,-0.076781,0.113023,-0.071722,0.001462,0.001977
0,-0.000839,0.157555,-0.055926,0.015137,-0.041182,0.030011,1.5e-05,0.00275
0,-0.064793,0.109142,-0.064116,-0.057137,-0.05198,-0.094288,0.001131,0.001905
0,0.09417,0.130783,0.140499,0.005899,0.188387,-0.042484,0.001644,0.002283
0,0.141187,0.056633,0.020512,-0.092306,0.008116,-0.052965,0.002464,0.000988
0,-0.121665,0.09647,-0.259835,0.065542,-0.26526,0.028357,0.002123,0.001684
0,-0.134942,0.215154,-0.036344,0.113884,-0.016466,0.139225,0.002355,0.003755
0,0.09236,0.119754,0.236152,-0.087125,0.231591,-0.121233,0.001612,0.00209
0,0.189024,-0.001749,0.11385,-0.131234,0.128878,-0.165242,0.003299,3.1e-05
0,-0.005487,-0.035531,-0.190379,-0.00814,-0.206182,-0.009371,9.6e-05,0.00062
0,0.144171,0.050542,0.162469,0.05759,0.178576,0.04358,0.002516,0.000882
0,0.184956,-0.000793,0.036165,-0.072147,-0.002482,-0.086011,0.003228,1.4e-05
0,0.047828,-0.012099,-0.141336,-0.022889,-0.14505,0.01937,0.000835,0.000211
0,0.082572,0.133578,0.036317,0.159113,-0.002941,0.1704,0.001441,0.002331
0,0.055884,0.032033,-0.010501,-0.092577,-0.00259,-0.054138,0.000975,0.000559
0,0.795967,0.446784,0.765031,0.435373,0.781935,0.475472,0.001744,2e-05
0,1.144559,0.559154,0.336641,0.129897,0.295425,0.163897,0.003477,0.001941
0,1.811217,0.608223,0.652582,0.056375,0.665967,0.016729,0.00034,0.002798
0,2.490266,0.754183,0.695345,0.156533,0.742061,0.183387,0.003444,0.002473
0,1.753274,0.869514,-0.744468,0.142714,-0.713669,0.159652,0.000671,0.00046
0,1.904879,0.616469,0.147753,-0.224278,0.165934,-0.185201,0.001975,0.002942
0,1.612182,0.529283,-0.306396,-0.082771,-0.286281,-0.106741,0.003134,0.00142
0,1.313058,0.369267,-0.326641,-0.185955,-0.325017,-0.202323,0.000536,0.001373
0,1.039494,0.341485,-0.298812,-0.008247,-0.30083,-0.020597,0.002507,0.001858
0,0.489369,0.175242,-0.543608,-0.170369,-0.572169,-0.15083,0.000723,0.003059
0,0.060541,0.031771,-0.421554,-0.138253,-0.4114,-0.106561,0.001057,0.000555
0,-0.304971,0.031873,-0.384988,0.026185,-0.416983,0.009603,0.002495,0.000556
0,-0.18199,0.022418,0.125188,0.017597,0.108247,0.002478,0.003176,0.000391
0,-0.19661,0.029252,0.002178,0.005289,0.007113,0.01313,0.003431,0.000511
0,-0.319914,0.001667,-0.123018,-0.021989,-0.129363,0.018573,0.002234,2.9e-05
0,-0.162234,-0.246487,0.18282,-0.228078,0.14124,-0.193428,0.002832,0.003516
0,-0.359744,-0.177395,-0.184405,0.057262,-0.155845,0.036278,0.001539,0.003096
0,-0.284603,0.059895,0.078256,0.264351,0.098742,0.286832,0.002851,0.001045
0,-0.018623,0.073154,0.237205,0.018534,0.280289,0.03969,0.000325,0.001277
0,-0.187049,-0.146146,-0.18802,-0.19564,-0.22615,-0.166825,0.003265,0.002551
0,0.052868,0.003114,0.223389,0.144346,0.24948,0.159198,0.000923,5.4e-05
0,-0.166974,0.101164,-0.222682,0.122336,-0.25425,0.157331,0.002914,0.001766
0,0.036027,-0.031389,0.229388,-0.120957,0.256978,-0.141363,0.000629,0.000548
0,0.012784,0.110174,3.6e-05,0.112158,-0.037953,0.13236,0.000223,0.001923
0,-0.005892,-0.077196,0.001445,-0.165947,-0.017403,-0.157668,0.000103,0.001347
0,0.12608,-0.034391,0.151908,0.051889,0.188872,0.05638,0.002201,0.0006
0,-0.109592,-0.114385,-0.24996,-0.071864,-0.296674,-0.104042,0.001913,0.001996
0,0.151964,0.08772,0.290883,0.179463,0.262351,0.180354,0.002652,0.001531
0,0.042795,-0.020395,-0.084082,-0.121447,-0.1039,-0.102644,0.000747,0.000356
0,-0.043043,-0.11323,-0.075354,-0.095571,-0.079054,-0.060267,0.000751,0.001976
0,0.081803,0.13371,0.120632,0.224873,0.091725,0.23214,0.001428,0.002334
0,0.036619,-0.144964,-0.026865,-0.268448,-0.066656,-0.267934,0.000639,0.00253
0,-0.132627,-0.133251,-0.162266,-0.000397,-0.153687,-0.010656,0.002315,0.002326
0,-0.057865,0.021109,0.099955,0.159911,0.070715,0.120753,0.00101,0.000368
0,-0.020054,-0.098137,0.009489,-0.092669,-0.010967,-0.071206,0.00035,0.001713
0,-0.043834,-0.087524,-0.020045,0.031715,0.020104,0.071642,0.000765,0.001528
0,0.08649,0.034593,0.1462,0.124394,0.150148,0.107517,0.00151,0.000604
0,0.190183,0.019634,0.103055,0.011727,0.115456,0.054388,0.003319,0.000343
0,0.21171,-0.054014,0.035428,-0.100293,0.050901,-0.057552,0.003695,0.000943
0,0.14767,-0.156215,-0.05075,-0.112234,-0.075956,-0.112043,0.002577,0.002726
0,0.062347,-0.032783,-0.06107,0.129848,-0.084759,0.127063,0.001088,0.000572
0,0.045038,0.17288,-0.028708,0.228341,0.006772,0.266645,0.000786,0.003017
0,0.072184,-0.059606,-0.00056,-0.204727,0.026745,-0.211925,0.00126,0.00104
0,-0.163747,0.086602,-0.254436,0.129876,-0.279488,0.113073,0.002858,0.001511
0,0.090151,-0.030741,0.268023,-0.123908,0.299547,-0.080272,0.001573,0.000537
0,0.045753,0.074811,-0.04952,0.0803,-0.000249,0.066776,0.000799,0.001306
0,0.065103,-0.022718,0.045909,-0.127098,0.029806,-0.176898,0.001136,0.000396
0,-0.035609,0.101482,-0.100651,0.116947,-0.09581,0.143116,0.000622,0.001771
0,0.114716,0.123009,0.170715,0.045826,0.143704,0.052718,0.002002,0.002147
0,0.135982,-0.007915,0.011314,-0.134137,0.00269,-0.16113,0.002373,0.000138
0,0.240389,0.181122,0.103569,0.194733,0.060294,0.166473,0.003622,0.003161
0,0.032597,0.053733,-0.197315,-0.149366,-0.184655,-0.161846,0.000569,0.000938
0,0.106672,0.035305,0.097643,0.008001,0.088341,0.006164,0.001862,0.000616
0,0.166979,0.178464,0.086267,0.143576,0.080397,0.10769,0.002914,0.003115
0,0.207462,0.03872,0.015345,-0.164447,0.060012,-0.167494,0.003621,0.000676
0,0.178788,0.041814,-0.04104,-0.005498,-0.056026,-0.004065,0.00312,0.00073
0,0.278764,0.1017,0.07662,0.034113,0.048732,0.069487,0.002953,0.001775
0,0.123555,0.052343,-0.126321,-0.022494,-0.159553,0.007172,0.002156,0.000914
0,0.14412,0.165947,0.039493,0.083691,0.065899,0.035419,0.002515,0.002896
0,0.159182,0.122312,0.001696,-0.063711,0.036056,-0.050435,0.002778,0.002135
0,0.131777,0.049499,-0.024862,-0.052312,0.023251,-0.051572,0.0023,0.000864
0,0.2147,-0.008123,0.0786,-0.068681,0.071412,-0.101159,0.003747,0.000142
0,0.197904,-0.041179,-0.043136,-0.022239,0.003243,-0.061868,0.003454,0.000719
0,0.137317,-0.033173,-0.070191,-0.000981,-0.079187,-0.023693,0.002397,0.000579
0,0.35707,0.03765,0.229499,0.076649,0.223645,0.049522,0.001586,0.000657
0,0.368279,0.215893,-0.008201,0.202139,0.025287,0.220723,0.00139,0.003768
0,0.308343,0.088009,-0.082211,-0.154114,-0.035453,-0.117759,0.002436,0.001536
0,0.406214,0.159747,0.103149,0.046105,0.108256,0.031259,0.000728,0.002788
0,0.374396,-0.021358,-0.035162,-0.174357,0.005392,-0.218773,0.001283,0.000373
0,0.235433,0.018842,-0.162859,0.035969,-0.141607,0.079456,0.003709,0.000329
0,0.370056,-0.019221,0.124092,-0.037713,0.137893,-0.032877,0.001359,0.000335
0,0.138729,0.04113,-0.222906,0.086427,-0.188459,0.130757,0.002421,0.000718
0,0.175086,0.108671,0.009929,0.058176,-0.024002,0.075015,0.003056,0.001897
0,0.334536,-0.119196,0.134485,-0.231964,0.177788,-0.254359,0.001979,0.00208
0,0.23079,0.129992,-0.073902,0.279079,-0.069648,0.301921,0.00379,0.002269
0,0.000219,0.042552,-0.244377,-0.092112,-0.287609,-0.139779,4e-06,0.000743
0,0.16683,0.049528,0.146205,0.007789,0.100785,-0.011001,0.002912,0.000864
0,0.12018,0.152851,-0.045499,0.089069,-0.052228,0.043421,0.002098,0.002668
0,0.040187,0.096395,-0.07099,-0.062018,-0.092744,-0.078536,0.000701,0.001682
0,0.122079,0.026891,0.087147,-0.059785,0.045043,-0.020551,0.002131,0.000469
0,0.129479,0.019851,0.014024,0.006032,0.006825,0.02455,0.00226,0.000346
0,0.039623,-0.011607,-0.089603,-0.030683,-0.065567,-0.01302,0.000692,0.000203
0,-0.1381,0.179175,-0.196655,0.216097,-0.21801,0.255213,0.00241,0.003127
0,0.015311,-0.110037,0.138494,-0.305738,0.156131,-0.288232,0.000267,0.001921
0,0.033793,0.135088,-0.006986,0.249605,-0.038119,0.255947,0.00059,0.002358
0,0.055736,-0.127166,0.030106,-0.23967,0.027942,-0.210405,0.000973,0.002219
0,0.070376,-0.128985,0.005619,0.010125,0.025258,-0.012783,0.001228,0.002251
0,-0.080691,-0.032921,-0.178227,0.080752,-0.129768,0.124426,0.001408,0.000575
0,-0.088013,0.068196,0.018563,0.111144,-0.009205,0.092624,0.001536,0.00119
0,-0.135226,-0.026379,-0.018541,-0.095344,-0.013837,-0.143989,0.00236,0.00046
0,-0.135214,0.068042,0.020509,0.108059,0.026656,0.10558,0.00236,0.001188
0,-0.040264,0.060874,0.091128,-0.023304,0.046164,0.016276,0.000703,0.001062
0,0.023856,-0.085744,0.06227,-0.11923,0.032518,-0.163276,0.000416,0.001497
0,-0.033076,0.093368,-0.073831,0.156071,-0.113957,0.20597,0.000577,0.00163
0,-0.151513,0.027005,-0.104749,-0.087034,-0.082212,-0.056594,0.002644,0.000471
0,-0.16716,0.128205,-0.042525,0.085001,-0.062225,0.110793,0.002917,0.002238
0,-0.214825,-0.086871,-0.071965,-0.197062,-0.066854,-0.207384,0.003749,0.001516
0,0.044432,0.100726,0.254237,0.205131,0.218052,0.211479,0.000775,0.001758
0,0.002705,0.002352,-0.015481,-0.082245,-0.031539,-0.111672,4.7e-05,4.1e-05
0,0.056411,-0.056643,0.057819,-0.085418,0.019727,-0.089319,0.000985,0.000989
0,-0.052107,0.203373,-0.095166,0.270179,-0.066648,0.273419,0.000909,0.00355
0,-0.002064,0.208386,0.077662,-0.01105,0.031097,-0.054085,3.6e-05,0.003637
0,-0.012951,-0.021856,-0.007435,-0.232341,-0.04764,-0.226261,0.000226,0.000381
0,-0.083247,0.195897,-0.077438,0.189012,-0.076311,0.167455,0.001453,0.003419
0,-0.162077,-0.071426,-0.059444,-0.269674,-0.013205,-0.256732,0.002829,0.001247
0,-0.04988,0.022803,0.109309,0.112493,0.145869,0.153689,0.000871,0.000398
0,-0.16856,-0.075391,-0.121922,-0.074974,-0.143549,-0.031815,0.002942,0.001316
0,-0.043941,-0.030273,0.107627,0.026558,0.141797,0.003485,0.000767,0.000528
0,0.016533,-0.05939,0.068099,-0.021813,0.052631,-0.007572,0.000289,0.001037
0,-0.25043,-0.048614,-0.256943,-0.00919,-0.272835,-0.023177,0.003447,0.000848
0,-0.10869,-0.097638,0.141423,-0.058959,0.152684,-0.103346,0.001897,0.001704
0,-0.156096,-0.092837,-0.028871,-0.006525,-0.073025,-0.006516,0.002724,0.00162
0,-0.139234,-0.095989,0.036017,-0.000897,-0.013458,0.005341,0.00243,0.001675
0,-0.149542,0.05832,-0.031575,0.133085,0.01326,0.11748,0.00261,0.001018
0,0.043126,-0.05011,0.192349,-0.121146,0.168275,-0.12732,0.000753,0.000875
0,0.02516,-0.054238,-0.044671,0.014244,-0.090423,0.045199,0.000439,0.000947
0,-0.129693,-0.104244,-0.172548,-0.046233,-0.144953,-0.048059,0.002264,0.001819
0,-0.000857,0.004321,0.130533,0.114944,0.14399,0.086903,1.5e-05,7.5e-05
0,-0.004606,0.031141,-0.029617,0.002478,-0.036708,0.051611,8e-05,0.000544
0,-0.052612,-0.16033,-0.052648,-0.189779,-0.098221,-0.201433,0.000918,0.002798
0,-0.082231,-0.060351,-0.042254,0.119209,-0.03922,0.093565,0.001435,0.001053
0,-0.178151,-0.128876,-0.114005,-0.066601,-0.141364,-0.093723,0.003109,0.002249
0,-0.0088,-0.142156,0.158391,0.003514,0.17017,-0.004677,0.000154,0.002481
0,-0.028971,-0.232359,-0.008373,-0.076571,0.031707,-0.072332,0.000506,0.003762
0,-0.010522,-0.233368,0.017196,0.028031,-0.028296,0.032461,0.000184,0.003745
0,-0.084706,-0.119489,-0.099522,0.110301,-0.051617,0.129851,0.001478,0.002085
0,-0.209446,0.032451,-0.109092,0.172234,-0.103771,0.162386,0.003656,0.000566
0,-0.119676,-0.20727,0.115068,-0.219047,0.137121,-0.256397,0.002089,0.003618
0,-0.007399,-0.123137,0.134366,0.058142,0.108771,0.084923,0.000129,0.002149
0,0.053995,-0.189996,0.070339,-0.05224,0.113075,-0.049484,0.000942,0.003316
0,-0.03993,-0.040762,-0.076588,0.135277,-0.102753,0.144389,0.000697,0.000711
0,-0.187423,0.106483,-0.143111,0.175121,-0.140008,0.146474,0.003271,0.001858
0,-0.177327,-0.115952,0.012965,-0.212712,0.011981,-0.211138,0.003095,0.002024
0,0.061218,0.026589,0.212004,0.151659,0.251006,0.195888,0.001068,0.000464
0,0.033552,0.008046,-0.016336,-0.007921,-0.062053,-0.031205,0.000586,0.00014
0,-0.089577,-0.029262,-0.106905,-0.009505,-0.132246,-0.017438,0.001563,0.000511
0,0.063563,-0.135824,0.181541,-0.095714,0.213604,-0.105455,0.001109,0.002371
0,0.008771,0.018732,-0.079825,0.181292,-0.083726,0.155786,0.000153,0.000327
0,-0.126061,0.006944,-0.155109,-0.014517,-0.163331,-0.029143,0.0022,0.000121
0,0.075936,-0.006473,0.184658,-0.008739,0.166407,-0.050433,0.001325,0.000113
0,0.104462,-0.162125,0.046948,-0.170684,0.01768,-0.210635,0.001823,0.00283
0,-0.038805,-0.149981,-0.12444,0.038727,-0.104409,0.049332,0.000677,0.002618
0,0.053353,0.045486,0.076258,0.175132,0.077657,0.201322,0.000931,0.000794
0,-0.095942,0.042822,-0.16462,-0.022154,-0.209263,0.001957,0.001675,0.000747
0,0.068226,-0.08592,0.146944,-0.154884,0.165039,-0.13399,0.001191,0.0015
0,0.091815,-0.110832,0.00237,-0.00905,0.012632,-0.03719,0.001602,0.001934
0,-0.150778,-0.0096,-0.220624,0.110088,-0.193112,0.137974,0.002632,0.000168
0,0.039415,0.079206,0.193018,0.0981,0.23024,0.074443,0.000688,0.001382
0,0.017002,-0.065192,-0.036875,-0.134189,-0.03025,-0.110486,0.000297,0.001138
0,-0.011252,-0.015489,-0.011242,0.067806,0.019905,0.032654,0.000196,0.00027
0,0.038205,-0.081192,0.040833,-0.075445,0.073741,-0.050103,0.000667,0.001417
0,0.078066,0.073379,0.0507,0.163391,0.096344,0.171402,0.001363,0.001281
0,-0.119293,-0.156953,-0.22432,-0.234296,-0.201986,-0.207286,0.002082,0.002739
0,0.045156,0.103913,0.147497,0.280134,0.18482,0.302979,0.000788,0.001814
0,-0.145042,-0.000518,-0.161272,-0.075532,-0.190327,-0.071316,0.002531,9e-06
0,-0.055918,-0.169063,0.076192,-0.14886,0.08864,-0.178321,0.000976,0.002951
0,0.115812,0.049639,0.169225,0.224934,0.147699,0.224631,0.002021,0.000866
0,-0.102644,-0.151986,-0.231476,-0.187449,-0.279251,-0.195093,0.001791,0.002653
0,-0.045657,-0.169105,0.078588,-0.009637,0.093786,-0.03301,0.000797,0.002951
0,0.017776,0.090066,0.053569,0.27257,0.09691,0.290049,0.00031,0.001572
0,0.137331,-3.5e-05,0.12606,-0.089394,0.132523,-0.048785,0.002397,1e-06
0,0.094177,0.060417,-0.02225,0.057478,-0.030613,0.033754,0.001644,0.001054
0,0.137274,0.094666,0.049787,0.024986,0.039596,0.00092,0.002396,0.001652
0,0.075562,0.017231,-0.086689,-0.090454,-0.065577,-0.125371,0.001319,0.000301
0,-0.089789,0.006775,-0.152357,0.012164,-0.179504,-0.028771,0.001567,0.000118
0,-0.075272,-0.143836,0.033556,-0.172927,0.066336,-0.17086,0.001314,0.00251
0,-0.053806,-0.107826,0.025404,0.052284,0.04265,0.018633,0.000939,0.001882
0,-0.012852,-0.191765,0.025809,-0.086044,-0.013906,-0.042694,0.000224,0.003347
0,0.029379,-0.024865,0.05183,0.188567,0.009736,0.21325,0.000513,0.000434
0,0.03911,-0.181422,0.020628,-0.14212,-0.005553,-0.109761,0.000683,0.003166
0,-0.109728,0.020043,-0.161178,0.183399,-0.202434,0.171052,0.001915,0.00035
0,-0.121219,-0.099834,0.00471,-0.125186,0.043676,-0.132268,0.002116,0.001742
0,-0.137351,-0.059347,0.003636,0.053101,0.023591,0.033345,0.002397,0.001036
0,-0.031504,-0.072914,0.08819,0.016218,0.134037,0.059565,0.00055,0.001273
0,-0.189556,-0.152883,-0.168387,-0.063037,-0.189959,-0.020728,0.003308,0.002668
0,0.11604,-0.220458,0.31619,-0.04305,0.267878,-0.071164,0.002025,0.003848
0,0.004731,0.058804,-0.081489,0.263766,-0.076369,0.299694,8.3e-05,0.001026
0,0.028715,-0.153603,0.04232,-0.218344,0.003551,-0.252008,0.000501,0.002681
0,0.003154,-0.16111,-0.014623,0.019806,-0.029793,0.015405,5.5e-05,0.002812
0,0.046767,-0.176401,0.021729,-0.040006,0.001119,-0.039418,0.000816,0.003079
0,-0.003658,0.07218,-0.069319,0.2558,-0.10027,0.286707,6.4e-05,0.00126
0,0.062967,0.061933,0.071154,0.00582,0.064567,0.047811,0.001099,0.001081
0,-0.225938,0.045205,-0.286101,-0.04622,-0.241627,-0.068709,0.003875,0.000789
0,-0.021514,0.025939,0.210744,-0.023612,0.195618,0.012536,0.000375,0.000453
0,-0.168169,0.086961,-0.1207,0.083003,-0.110085,0.045108,0.002935,0.001518
0,-0.196881,0.031585,-0.047723,-0.036403,-0.04593,0.002023,0.003436,0.000551
0,-0.068046,-0.005217,0.150641,-0.028363,0.158497,-0.012982,0.001188,9.1e-05
0,0.080013,0.103412,0.164455,0.12345,0.190107,0.166288,0.001396,0.001805
0,-0.064342,-0.008085,-0.129334,-0.082016,-0.125616,-0.103453,0.001123,0.000141
0,-0.001546,0.063891,0.071232,0.09851,0.067274,0.071069,2.7e-05,0.001115
0,0.060438,0.056487,0.062994,0.010056,0.053248,0.026969,0.001055,0.000986
0,-0.081144,0.09381,-0.118957,0.053986,-0.124185,0.056393,0.001416,0.001637
0,-0.194278,-0.066218,-0.112042,-0.150649,-0.118846,-0.146539,0.003391,0.001156
0,-0.005152,0.044164,0.211619,0.085844,0.228029,0.084779,9e-05,0.000771
0,-0.158329,0.077913,-0.126692,0.024645,-0.086203,-0.007384,0.002763,0.00136
0,0.079682,0.059395,0.223738,-0.014613,0.228209,0.011234,0.001391,0.001037
0,-0.073266,-0.011938,-0.139421,-0.096339,-0.094602,-0.04645,0.001279,0.000208
0,-0.136389,0.084396,-0.0867,0.113223,-0.116951,0.108723,0.00238,0.001473
0,0.045593,-0.118137,0.167997,-0.199708,0.154289,-0.169343,0.000796,0.002062
0,-0.137318,-0.069202,-0.172749,0.029441,-0.19005,0.010224,0.002397,0.001208
0,-0.069661,-0.195819,0.048037,-0.131749,0.057151,-0.171852,0.001216,0.003418
0,-0.116294,-0.236627,-0.045481,-0.033462,-0.064784,-0.04166,0.00203,0.003688
0,-0.008155,0.014866,0.100489,0.270692,0.073934,0.272139,0.000142,0.000259
0,-0.1114,-0.054106,-0.096051,-0.063004,-0.078987,-0.071289,0.001944,0.000944
0,-0.221118,-0.184262,-0.119923,-0.147811,-0.115356,-0.117338,0.003859,0.003216
0,-0.175329,-0.198606,0.039398,-0.02343,0.008502,-0.041821,0.00306,0.003466
0,-0.037359,-0.113644,0.150001,0.075424,0.185139,0.025674,0.000652,0.001983
0,-0.078107,-0.033657,-0.048579,0.079892,-0.06016,0.075365,0.001363,0.000587
0,0.030213,-0.091674,0.086789,-0.036612,0.117728,-0.054305,0.000527,0.0016
0,-0.130986,-0.013886,-0.167578,0.074915,-0.182676,0.101727,0.002286,0.000242
0,-0.227739,-0.22264,-0.104926,-0.198315,-0.120554,-0.192573,0.003843,0.003886
0,-0.104607,-0.16115,0.096831,0.068191,0.082394,0.067979,0.001826,0.002813
0,-0.186344,-0.1789,-0.052007,-0.009826,-0.039022,-0.0094,0.003252,0.003122
0,-0.146002,-0.122635,0.058953,0.055224,0.056287,0.069268,0.002548,0.00214
0,-0.180229,-0.058964,-0.004517,0.053453,-0.011947,0.067504,0.003146,0.001029
0,-0.113916,-0.159376,0.048242,-0.097658,0.077063,-0.05936,0.001988,0.002782
0,-0.168845,-0.040958,-0.084374,0.096034,-0.12692,0.120048,0.002947,0.000715
0,-0.186917,-0.14949,0.003357,-0.08972,-0.001434,-0.092808,0.003262,0.002609
0,0.098237,0.016711,0.299454,0.162528,0.333997,0.194154,0.001715,0.000292
0,0.091703,-0.052051,-0.026292,-0.086972,-0.049439,-0.043629,0.001601,0.000908
0,-0.139516,0.02825,-0.249636,0.073039,-0.208008,0.048541,0.002435,0.000493
0,-0.118477,-0.030924,0.011493,-0.058839,0.051107,-0.106163,0.002068,0.00054
0,0.110068,-0.11828,0.211025,-0.0774,0.231584,-0.033825,0.001921,0.002064
0,0.111707,-0.059754,0.014425,0.034363,-0.030001,-0.007184,0.00195,0.001043
0,0.038554,-0.077717,-0.06965,0.008214,-0.107365,0.024193,0.000673,0.001356
0,0.081347,0.047854,0.04576,0.154815,0.036813,0.110802,0.00142,0.000835
0,-0.066248,-0.028769,-0.148687,-0.049414,-0.138584,-0.005718,0.001156,0.000502
0,0.046958,-0.100768,0.100031,-0.042681,0.129641,-0.061516,0.00082,0.001759
0,0.098869,-0.10412,0.052061,-0.013085,0.062015,-0.006592,0.001726,0.001817
0,0.011438,0.07319,-0.094268,0.167371,-0.129065,0.192421,0.0002,0.001277
0,0.0313,-0.052553,0.000372,-0.14921,0.00033,-0.170331,0.000546,0.000917
0,-0.148312,-0.062427,-0.186932,-0.027767,-0.149259,0.020408,0.002589,0.00109
0,-0.024662,-0.050695,0.120965,0.038574,0.107987,0.040055,0.00043,0.000885
0,-0.102431,0.029925,-0.089904,0.084459,-0.11508,0.066969,0.001788,0.000522
0,0.121849,-0.150791,0.245424,-0.173472,0.286903,-0.140137,0.002127,0.002632
0,-0.057379,-0.108206,-0.190819,0.034365,-0.163833,0.050992,0.001001,0.001889
0,0.048972,-0.051399,0.087867,0.043358,0.044617,0.080365,0.000855,0.000897
0,0.083651,0.014067,0.026042,0.041179,0.052616,0.007224,0.00146,0.000246
0,0.139661,-0.137017,0.047878,-0.130838,0.058966,-0.08871,0.002438,0.002391
0,-0.084058,0.121933,-0.245296,0.266856,-0.243161,0.308462,0.001467,0.002128
0,-0.013826,-0.1544,0.084914,-0.252563,0.080404,-0.227787,0.000241,0.002695
0,0.008081,0.117251,-0.003162,0.270225,-0.007343,0.241401,0.000141,0.002046
0,-0.158092,-0.106789,-0.181372,-0.251217,-0.139626,-0.20813,0.002759,0.001864
0,-0.029714,-0.070575,0.151595,0.065795,0.116694,0.041683,0.000519,0.001232
0,-0.007257,-0.130258,0.026646,-0.089003,0.046809,-0.048949,0.000127,0.002273
0,0.156313,-0.105562,0.176958,0.017287,0.217452,-0.025191,0.002728,0.001842
0,-0.109889,0.115281,-0.244153,0.244285,-0.268896,0.293154,0.001918,0.002012
0,0.027323,-0.039065,0.166969,-0.173196,0.178715,-0.159187,0.000477,0.000682
0,0.067887,-0.028922,0.012291,-0.01689,0.049724,-0.029614,0.001185,0.000505
0,-0.060562,-0.022911,-0.125713,-0.011115,-0.149672,-0.02999,0.001057,0.0004
0,0.075014,0.098847,0.124826,0.137882,0.097561,0.167834,0.001309,0.001725
0,-0.063674,0.090665,-0.157817,-0.015703,-0.133654,-0.031602,0.001111,0.001582
0,-0.042551,0.020391,0.038619,-0.087584,0.01139,-0.115477,0.000743,0.000356
0,0.104087,-0.137449,0.164716,-0.156786,0.180979,-0.146703,0.001817,0.002399
0,0.075876,0.054881,-0.02724,0.179656,-0.074713,0.158682,0.001324,0.000958
0,0.004522,0.136137,-0.100679,0.076311,-0.088198,0.036905,7.9e-05,0.002376
0,0.124471,-0.078902,0.129168,-0.197205,0.110577,-0.227681,0.002172,0.001377
0,0.130132,-0.031632,-0.001865,0.067098,-0.002264,0.046844,0.002271,0.000552
0,0.051234,0.052095,-0.073596,0.070439,-0.070605,0.064798,0.000894,0.000909
0,0.115615,-0.052047,0.045867,-0.131253,0.031371,-0.149196,0.002018,0.000908
0,0.064868,0.128688,-0.028069,0.165489,0.00117,0.135139,0.001132,0.002246
0,-0.050038,-0.095045,-0.110672,-0.220096,-0.150483,-0.237284,0.000873,0.001659
0,0.186048,-0.140279,0.214788,-0.060831,0.191254,-0.059292,0.003247,0.002448
0,0.06963,0.131252,-0.11983,0.260389,-0.099408,0.292768,0.001215,0.002291
0,0.117752,-0.083486,0.061671,-0.207856,0.103727,-0.18172,0.002055,0.001457
0,0.064204,-0.018742,-0.06978,0.090774,-0.08559,0.043078,0.001121,0.000327
0,-0.022352,-0.077859,-0.082682,-0.060837,-0.070222,-0.048877,0.00039,0.001359
0,-0.194285,0.008409,-0.196088,0.062373,-0.180302,0.098077,0.003391,0.000147
0,0.012616,0.04931,0.206147,0.01151,0.21337,0.012212,0.00022,0.000861
0,-0.035643,-0.051019,-0.056119,-0.076333,-0.099466,-0.055495,0.000622,0.00089
0,-0.209647,-0.13918,-0.187562,-0.072698,-0.198032,-0.116509,0.003659,0.002429
0,-0.130842,-0.108572,0.072887,0.023717,0.090352,0.028498,0.002284,0.001895
0,-0.026469,-0.100775,0.108096,0.025961,0.144394,-0.014181,0.000462,0.001759
0,0.011824,-0.026774,0.009114,0.076885,0.051722,0.109763,0.000206,0.000467
0,-0.125729,-0.101251,-0.132539,-0.049285,-0.098733,0.000346,0.002194,0.001767
0,-0.022704,-0.018185,0.111151,0.111895,0.088047,0.08138,0.000396,0.000317
0,-0.140316,-0.180886,-0.131269,-0.139334,-0.159277,-0.095631,0.002449,0.003157
0,-0.042614,0.096508,0.07093,0.286025,0.042189,0.32528,0.000744,0.001684
0,-0.096744,-0.130735,-0.071886,-0.210614,-0.114487,-0.191833,0.001689,0.002282
0,-0.177288,-0.116235,-0.105369,0.028324,-0.130507,0.015334,0.003094,0.002029
0,-0.186133,0.08527,-0.000732,0.179919,0.041936,0.131515,0.003249,0.001488
0,-0.195481,-0.14044,-0.032689,-0.226223,-0.052731,-0.185797,0.003412,0.002451
0,-0.036562,0.092181,0.173448,0.234799,0.220081,0.194235,0.000638,0.001609
0,0.049074,-0.004237,0.055964,-0.094775,0.096519,-0.06445,0.000856,7.4e-05
0,-0.221358,-0.041811,-0.245852,-0.020667,-0.263056,-0.00175,0.003863,0.00073
0,0.035047,0.057724,0.277372,0.095916,0.30133,0.063344,0.000612,0.001007
0,0.03009,-0.045423,0.010023,-0.075241,0.031216,-0.108698,0.000525,0.000793
0,-0.012571,-0.117555,-0.026382,-0.056946,-0.0085,-0.060907,0.000219,0.002052
0,-0.201332,-0.064592,-0.1894,0.034985,-0.200067,-0.007285,0.003514,0.001127
0,-0.059262,0.003111,0.143664,0.091853,0.152084,0.10041,0.001034,5.4e-05
0,-0.347843,0.073313,-0.313874,0.080659,-0.308542,0.051701,0.001747,0.00128
0,-0.051513,-0.096143,0.318559,-0.149469,0.308213,-0.116371,0.000899,0.001678
0,-0.256655,0.12352,-0.18198,0.193874,-0.177545,0.197962,0.003338,0.002156
0,-0.025998,-0.108822,0.203333,-0.250003,0.217259,-0.240908,0.000454,0.001899
0,-0.07748,-0.073806,-0.071014,0.064976,-0.055121,0.099435,0.001352,0.001288
0,-0.185127,0.011726,-0.128737,0.081218,-0.174214,0.035369,0.003231,0.000205
0,-0.125373,0.11096,0.068378,0.074664,0.032006,0.050834,0.002188,0.001937
0,-0.318878,-0.053439,-0.222161,-0.143677,-0.190948,-0.103798,0.002252,0.000933
0,-0.030297,0.070877,0.307209,0.107191,0.283948,0.120229,0.000529,0.001237
0,-0.185192,0.073226,-0.125073,0.016125,-0.090939,0.003915,0.003232,0.001278
0,-0.33068,-0.029973,-0.155278,-0.094091,-0.165528,-0.067152,0.002046,0.000523
0,-0.288857,0.11712,0.070134,0.127502,0.039805,0.110885,0.002776,0.002044
0,-0.216632,-0.105883,0.101078,-0.235502,0.089877,-0.272897,0.003781,0.001848
0,-0.101805,0.050568,0.133866,0.155255,0.122399,0.174195,0.001777,0.000883
0,-0.22294,0.081199,-0.094296,0.007586,-0.080188,0.001081,0.003891,0.001417
0,-0.137902,-0.141186,0.086545,-0.21846,0.043133,-0.226356,0.002407,0.002464
0,-0.288533,0.080297,-0.149792,0.192403,-0.119043,0.216142,0.002782,0.001401
0,-0.128605,0.125389,0.179373,0.028537,0.157929,-0.009092,0.002245,0.002188
0,-0.030732,-0.07065,0.108052,-0.19841,0.131419,-0.163887,0.000536,0.001233
0,-0.049931,-0.051674,-0.038377,0.01384,-0.003305,0.061944,0.000871,0.000902
0,-0.309856,0.086467,-0.267544,0.131619,-0.260627,0.107474,0.00241,0.001509
0,-0.270625,0.069665,0.066566,-0.042825,0.059347,-0.01468,0.003095,0.001216
0,-0.237806,-0.008757,0.007968,-0.074078,-0.010627,-0.118803,0.003667,0.000153
0,-0.170651,0.167274,0.044302,0.189454,0.033068,0.201669,0.002978,0.002919
0,-0.260169,0.133948,-0.077231,-0.011888,-0.038261,-0.008122,0.003277,0.002338
0,-0.059789,0.074277,0.205533,-0.087284,0.248303,-0.114142,0.001044,0.001296
0,-0.257593,-0.087419,-0.214871,-0.155956,-0.176016,-0.184746,0.003322,0.001526
0,-0.261508,0.059876,-0.005095,0.177266,-0.038272,0.194056,0.003254,0.001045
0,-0.2539,-0.108518,-0.016808,-0.195295,-0.034007,-0.171287,0.003386,0.001894
0,-0.142476,0.05837,0.109099,0.146814,0.146834,0.13638,0.002487,0.001019
0,-0.254356,0.130665,-0.132676,0.068088,-0.158958,0.087108,0.003379,0.002281
0,-0.027906,0.16121,0.256364,0.048084,0.23648,0.012729,0.000487,0.002814
0,-0.168254,0.059333,-0.166709,-0.093831,-0.159066,-0.06255,0.002937,0.001036
0,-0.167191,0.073661,0.021038,-0.007804,0.019944,0.024691,0.002918,0.001286
0,-0.217546,0.103121,-0.056881,0.039663,-0.090617,0.075467,0.003797,0.0018
0,0.026009,0.094006,0.227748,-0.01582,0.273875,0.018818,0.000454,0.001641
0,-0.032964,0.155443,-0.075947,0.059478,-0.033599,0.109227,0.000575,0.002713
0,-0.201087,0.129874,-0.189492,-0.002228,-0.188967,0.014239,0.00351,0.002267
0,-0.191519,0.004875,-0.00488,-0.125595,-0.009014,-0.161518,0.003343,8.5e-05
0,-0.032556,0.147755,0.167701,0.143712,0.130387,0.146699,0.000568,0.002579
0,-0.172189,-0.041175,-0.15932,-0.203104,-0.184002,-0.155406,0.003005,0.000719
0,-0.241568,0.081695,-0.080258,0.112373,-0.125687,0.11401,0.003602,0.001426
0,-0.169883,0.020331,0.062745,-0.052375,0.052136,-0.053819,0.002965,0.000355
0,-0.074873,-0.145263,0.11608,-0.140618,0.139535,-0.150495,0.001307,0.002535
0,-0.194296,-0.041043,-0.130326,0.082881,-0.098196,0.03383,0.003391,0.000716
0,-0.26785,-0.139045,-0.083132,-0.10728,-0.091201,-0.06784,0.003143,0.002427
0,-0.078904,-0.04095,0.165144,0.082934,0.206074,0.054841,0.001377,0.000715
0,-0.034981,0.057066,0.065508,0.120319,0.026018,0.10747,0.000611,0.000996
0,-0.026186,-0.125372,0.010327,-0.164545,0.054988,-0.176288,0.000457,0.002188
0,-0.199816,0.09494,-0.199093,0.226254,-0.224793,0.180284,0.003487,0.001657
0,-0.001525,0.137022,0.203878,0.039449,0.227354,0.072689,2.7e-05,0.002391
0,0.064771,-0.086268,0.084747,-0.22013,0.044997,-0.23701,0.00113,0.001506
0,-0.177687,0.050907,-0.229739,0.114971,-0.221338,0.163875,0.003101,0.000889
0,-0.187381,0.037915,-0.016277,-0.020298,0.014968,-0.04651,0.00327,0.000662
0,-0.14434,-0.156745,0.04693,-0.205831,0.072459,-0.159241,0.002519,0.002736
0,-0.004732,-0.176606,0.150573,-0.01705,0.144664,-0.040944,8.3e-05,0.003082
0,-0.098835,-0.111974,-0.081251,0.075594,-0.053582,0.061912,0.001725,0.001954
0,-0.05662,0.026212,0.01304,0.128998,0.012076,0.156754,0.000988,0.000457
0,-0.128498,-0.06498,-0.080394,-0.088097,-0.07776,-0.103858,0.002243,0.001134
0,0.02326,-0.068309,0.164837,0.016348,0.203475,0.034993,0.000406,0.001192
0,-0.23114,0.075602,-0.280499,0.148581,-0.300638,0.172787,0.003784,0.00132
0,-0.205477,-0.051138,0.02164,-0.109197,-0.018386,-0.08374,0.003586,0.000893
0,-0.160766,-0.100271,0.03165,-0.041824,0.012411,-0.035529,0.002806,0.00175
0,-0.154594,-0.144181,0.01069,-0.033059,-0.001665,-0.079325,0.002698,0.002516
0,-0.02011,-0.118606,0.108893,0.045026,0.060767,0.025914,0.000351,0.00207
0,0.098039,-0.074879,0.129144,0.034819,0.138829,0.067161,0.001711,0.001307
0,-0.126321,-0.071751,-0.232939,0.011751,-0.249434,0.043187,0.002205,0.001252
0,-0.074578,0.020903,0.032154,0.098859,-0.015783,0.056418,0.001302,0.000365
0,-0.010689,-0.053876,0.074836,-0.073488,0.042263,-0.059057,0.000187,0.00094
0,-0.04866,-0.078369,-0.023539,0.000798,0.015419,0.041899,0.000849,0.001368
0,0.18272,-0.008814,0.230524,0.06154,0.18462,0.067298,0.003189,0.000154
0,0.099853,-0.096391,-0.090612,-0.059953,-0.098364,-0.04427,0.001743,0.001682
0,0.091897,-0.158196,0.017402,-0.081856,-0.022902,-0.051131,0.001604,0.002761
0,-0.039301,0.004266,-0.153027,0.188558,-0.178621,0.183943,0.000686,7.4e-05
0,0.186104,0.130634,0.230959,0.14262,0.257096,0.133927,0.003248,0.00228
0,0.181695,0.108445,-0.015191,-0.020488,-0.03169,-0.019982,0.003171,0.001893
0,0.055842,0.021365,-0.102484,-0.081563,-0.103303,-0.095679,0.000975,0.000373
0,0.001293,0.12567,-0.051196,0.131102,-0.061741,0.130647,2.3e-05,0.002193
0,-0.016358,-0.120564,-0.005078,-0.267166,-0.003939,-0.312766,0.000286,0.002104
0,0.039379,0.093065,0.030162,0.223198,0.011391,0.186046,0.000687,0.001624
0,-0.033966,-0.055042,-0.077829,-0.176599,-0.082176,-0.172547,0.000593,0.000961
0,0.19198,0.092475,0.212173,0.118807,0.211336,0.125696,0.003351,0.001614
0,0.06138,-0.041217,-0.107348,-0.144004,-0.124382,-0.100292,0.001071,0.000719
0,-0.0575,0.062966,-0.109747,0.131452,-0.138693,0.131205,0.001004,0.001099
0,-0.014566,-0.030977,0.027727,-0.081258,0.025609,-0.041488,0.000254,0.000541
0,-0.09702,-0.092463,-0.058243,-0.068572,-0.076201,-0.051984,0.001693,0.001614
0,0.034285,0.045367,0.145346,0.117241,0.124885,0.086169,0.000598,0.000792
0,-0.028107,-0.032847,-0.090957,-0.068167,-0.124738,-0.100274,0.000491,0.000573
0,0.049531,-0.100687,0.091403,-0.069352,0.11742,-0.059882,0.000864,0.001757
0,-0.13648,0.073341,-0.17201,0.184616,-0.159099,0.159318,0.002382,0.00128
0,-0.020281,-0.010966,0.096228,-0.094425,0.126746,-0.077484,0.000354,0.000191
0,-0.118293,0.021324,-0.112301,0.05001,-0.153688,0.057726,0.002065,0.000372
0,-0.097156,-0.141798,-0.004215,-0.1577,-0.003163,-0.177867,0.001696,0.002475
0,-0.028289,-0.150355,0.054149,-0.029932,0.10237,-0.047273,0.000494,0.002624
0,-0.120094,-0.065128,-0.108137,0.112059,-0.123705,0.099938,0.002096,0.001137
0,-0.154279,-0.006447,-0.020357,0.072037,-0.020771,0.097891,0.002693,0.000113
0,0.097306,0.035952,0.254478,0.027961,0.298945,0.047574,0.001698,0.000627
0,-0.04379,0.043184,-0.138057,-0.022648,-0.127036,0.005863,0.000764,0.000754
0,0.041306,-0.086886,0.083456,-0.152095,0.103753,-0.143386,0.000721,0.001516
0,0.176427,-0.061466,0.164148,0.038819,0.13419,0.056023,0.003079,0.001073
0,0.05351,0.027491,-0.143894,0.115017,-0.131963,0.091118,0.000934,0.00048
0,0.037812,0.157216,-0.023489,0.1141,0.019608,0.161835,0.00066,0.002744
0,0.203232,-0.034963,0.18956,-0.168144,0.149994,-0.174906,0.003547,0.00061
0,-0.081461,-0.073414,-0.305949,-0.019963,-0.347269,0.023826,0.001422,0.001281
0,0.059984,0.085389,0.123168,0.129311,0.083836,0.158298,0.001047,0.00149
0,-0.047434,-0.051905,-0.099721,-0.167161,-0.060223,-0.202255,0.000828,0.000906
0,-0.164976,0.142398,-0.106458,0.170217,-0.111393,0.157374,0.002879,0.002485
0,-0.085506,0.091127,0.062088,-0.023176,0.060263,-0.065318,0.001492,0.00159
0,0.023459,0.114784,0.103755,0.042307,0.092678,0.08741,0.000409,0.002003
0,0.108792,-0.099132,0.05738,-0.207536,0.048968,-0.185994,0.001899,0.00173
0,-0.112572,0.027112,-0.24336,0.131338,-0.212486,0.147481,0.001965,0.000473
0,-0.066171,-0.116298,0.037826,-0.128862,0.006024,-0.100779,0.001155,0.00203
0,-0.018515,-0.023735,0.07018,0.11195,0.09105,0.087791,0.000323,0.000414
0,-0.035208,-0.028502,-0.040041,0.023974,0.009394,0.03462,0.000614,0.000497
0,0.101229,0.071048,0.128753,0.083494,0.158431,0.035844,0.001767,0.00124
0,-0.014574,0.085817,-0.109448,0.024751,-0.064276,-0.020171,0.000254,0.001498
0,0.002242,-0.143619,0.029774,-0.225287,0.000994,-0.18411,3.9e-05,0.002507
0,-0.050803,0.01598,-0.067375,0.186789,-0.03875,0.216985,0.000887,0.000279
0,-0.102823,-0.063062,-0.054241,-0.076696,-0.049244,-0.031901,0.001795,0.001101
0,-0.006969,-0.118096,0.099295,-0.040213,0.132066,-0.034972,0.000122,0.002061
0,0.09598,-0.036069,0.0968,0.053244,0.047577,0.036934,0.001675,0.00063
0,0.013096,-0.203961,-0.062866,-0.197855,-0.082798,-0.173996,0.000229,0.00356
0,0.039156,0.067577,0.024935,0.244155,0.00429,0.233716,0.000683,0.001179
0,0.084231,0.12646,0.015815,0.076931,0.037248,0.043458,0.00147,0.002207
0,0.124755,-0.097585,0.066411,-0.197458,0.039373,-0.244383,0.002177,0.001703
0,-0.124729,-0.120199,-0.239139,-0.007812,-0.279927,-0.01098,0.002177,0.002098
0,0.009529,0.093295,0.158569,0.200408,0.176992,0.194737,0.000166,0.001628
0,0.078246,-0.056539,0.090081,-0.164157,0.118896,-0.148839,0.001366,0.000987
0,-0.030384,-0.077635,-0.121756,-0.034021,-0.122474,-0.021659,0.00053,0.001355
0,0.069602,0.016682,0.118486,0.087011,0.086515,0.03749,0.001215,0.000291
0,-0.141153,-0.099876,-0.202831,-0.087922,-0.160412,-0.078905,0.002464,0.001743
0,-0.052509,-0.077029,0.100283,0.005576,0.073474,0.03165,0.000916,0.001344
0,-0.063858,0.035625,-0.005069,0.11985,0.003886,0.154765,0.001115,0.000622
0,-0.089088,-0.177846,-0.030124,-0.192515,-0.073332,-0.157825,0.001555,0.003104
0,-0.112658,0.123974,-0.01408,0.329485,0.01501,0.363927,0.001966,0.002164
0,-0.128746,0.091919,0.013655,-0.052889,0.025186,-0.025451,0.002247,0.001604
0,-0.065518,0.051018,0.06181,-0.011809,0.099695,-0.00074,0.001144,0.00089
0,-0.021807,0.00372,0.069936,-0.032135,0.099469,-0.027596,0.000381,6.5e-05
0,-0.042061,0.086042,-0.027078,0.073515,-0.023904,0.059563,0.000734,0.001502
0,-0.131359,0.036458,-0.071268,-0.053998,-0.073056,-0.04399,0.002293,0.000636
0,-0.050595,-0.01471,0.106858,-0.047197,0.096409,-0.067655,0.000883,0.000257
0,-0.119941,-0.12546,-0.070253,-0.130107,-0.041136,-0.167329,0.002093,0.00219
0,-0.257168,-0.130667,-0.137663,-0.03192,-0.128011,-0.009873,0.003329,0.002281
0,-0.168628,0.025926,0.063984,0.185217,0.083126,0.199982,0.002943,0.000452
0,-0.257873,0.000248,-0.105952,-0.025472,-0.103787,0.01415,0.003317,4e-06
0,-0.211001,0.09848,0.042974,0.074855,0.033896,0.069156,0.003683,0.001719
0,-0.181457,0.02769,0.020458,-0.065583,0.03082,-0.059434,0.003167,0.000483
0,-0.033283,-0.083474,0.142196,-0.116189,0.104402,-0.085987,0.000581,0.001457
0,-0.172809,0.127207,-0.117068,0.220187,-0.121844,0.20205,0.003016,0.00222
0,0.011386,-0.098644,0.1823,-0.247951,0.187823,-0.261482,0.000199,0.001722
0,-0.025774,-0.100179,-0.037094,0.000709,-0.001629,0.007616,0.00045,0.001748
0,-0.133791,0.122428,-0.113288,0.246855,-0.075505,0.239702,0.002335,0.002137
0,-0.019721,0.002362,0.124904,-0.093018,0.168302,-0.12194,0.000344,4.1e-05
0,-0.046998,0.061704,-0.000934,0.074406,0.020277,0.101708,0.00082,0.001077
0,0.036566,-0.02995,0.101782,-0.090347,0.118027,-0.107852,0.000638,0.000523
0,0.026064,0.049933,-0.02814,0.088017,0.014693,0.132366,0.000455,0.000871
0,-0.14739,0.102735,-0.173487,0.081145,-0.194826,0.123643,0.002572,0.001793
0,-0.068476,-0.107599,0.065459,-0.236136,0.018993,-0.2036,0.001195,0.001878
0,-0.072937,0.150438,0.000437,0.251986,0.02801,0.207123,0.001273,0.002626
0,0.007475,-0.110559,0.086333,-0.238222,0.114899,-0.239742,0.00013,0.00193
0,0.156965,-0.047076,0.125473,0.046722,0.123691,0.067437,0.00274,0.000822
0,-0.067965,0.059804,-0.218093,0.107776,-0.256072,0.081366,0.001186,0.001044
0,-0.0265,0.009928,0.015874,-0.047333,0.047197,-0.008272,0.000463,0.000173
0,0.124436,0.123771,0.125921,0.141624,0.162723,0.124358,0.002172,0.00216
0,0.184159,-0.052856,0.070163,-0.174206,0.071195,-0.183446,0.003214,0.000923
0,0.236528,0.117494,0.034764,0.191246,-0.009623,0.204529,0.00369,0.002051
0,0.210132,-0.005901,-0.022071,-0.138501,-0.032196,-0.094847,0.003668,0.000103
0,-0.007983,-0.036447,-0.204407,-0.043422,-0.180684,-0.039077,0.000139,0.000636
0,0.072822,0.003216,0.088505,0.069,0.059108,0.029679,0.001271,5.6e-05
0,0.216743,0.10757,0.123341,0.125285,0.099209,0.173284,0.003783,0.001877
0,-0.051479,0.237211,-0.286313,0.114966,-0.33076,0.106343,0.000898,0.003678
0,0.100774,0.030492,0.145224,-0.224216,0.161744,-0.20285,0.001759,0.000532
0,0.178568,0.004496,0.101354,-0.011009,0.052221,-0.010684,0.003117,7.8e-05
0,0.040152,0.125105,-0.157131,0.106519,-0.123366,0.057963,0.000701,0.002183
0,0.033363,0.062251,0.020805,-0.066698,-0.002153,-0.019453,0.000582,0.001086
0,0.178336,0.028383,0.117258,-0.030154,0.132756,-0.026464,0.003113,0.000495
0,0.288082,0.102248,0.138159,0.082002,0.141781,0.067885,0.00279,0.001785
0,0.059166,0.011569,-0.20758,-0.082046,-0.162855,-0.052583,0.001033,0.000202
0,0.070293,0.029852,0.030921,0.042494,0.00429,0.008714,0.001227,0.000521
0,0.051422,0.250685,-0.022367,0.243455,0.004923,0.236825,0.000897,0.003443
0,0.240355,0.197102,0.182947,-0.049835,0.146967,-0.071126,0.003623,0.00344
0,0.138275,0.002308,-0.079255,-0.198296,-0.062315,-0.158376,0.002413,4e-05
0,0.211738,0.141228,0.074773,0.152241,0.044489,0.165871,0.003696,0.002465
0,0.341196,0.016306,0.117293,-0.111753,0.141726,-0.105001,0.001863,0.000285
0,0.274144,-0.018128,-0.057835,-0.024327,-0.100051,-0.061428,0.003033,0.000316
0,0.088466,-0.042924,-0.180365,-0.054251,-0.220434,-0.031615,0.001544,0.000749
0,0.026924,0.175473,-0.067456,0.216704,-0.087346,0.187225,0.00047,0.003063
0,0.181889,-0.041373,0.127364,-0.187384,0.107249,-0.228664,0.003175,0.000722
0,0.135577,-0.037689,-0.036405,0.010878,-0.083547,0.04598,0.002366,0.000658
0,0.03737,0.143227,-0.111922,0.201839,-0.155075,0.19602,0.000652,0.0025
0,0.075126,0.116975,0.065724,-0.043179,0.0651,-0.07531,0.001311,0.002042
0,-0.03693,0.073187,-0.122976,-0.052721,-0.11321,-0.099915,0.000645,0.001277
0,0.205831,0.06969,0.263972,-0.015239,0.231744,0.01025,0.003592,0.001216
0,0.027989,0.213094,-0.18129,0.142663,-0.192609,0.189477,0.000488,0.003719
0,0.152933,0.029555,0.146305,-0.163118,0.131076,-0.211932,0.002669,0.000516
0,0.096297,0.194252,-0.062158,0.147557,-0.087511,0.137025,0.001681,0.00339
0,-0.038552,-0.041407,-0.135256,-0.240737,-0.168752,-0.253974,0.000673,0.000723
0,0.091987,0.162167,0.143705,0.210398,0.139304,0.23116,0.001605,0.00283
0,-0.03623,0.059524,-0.150077,-0.075499,-0.176324,-0.083178,0.000632,0.001039
0,-0.113936,0.069005,-0.081702,0.02973,-0.071831,0.034605,0.001989,0.001204
0,0.078614,-0.049249,0.176631,-0.119803,0.199704,-0.113592,0.001372,0.00086
0,-0.123934,-0.057092,-0.211647,-0.010379,-0.223742,0.03503,0.002163,0.000996
0,0.038405,-0.01571,0.174534,0.047968,0.204223,0.04898,0.00067,0.000274
0,-0.146158,-0.049737,-0.186751,-0.041542,-0.206354,-0.066421,0.002551,0.000868
0,0.040031,-0.009932,0.161517,0.049111,0.115057,0.087658,0.000699,0.000173
0,-0.189958,0.088857,-0.251559,0.125454,-0.206462,0.163034,0.003315,0.001551
0,-0.207882,0.045802,0.004424,-0.020923,-0.042521,0.015913,0.003628,0.000799
0,0.005592,-0.078173,0.202622,-0.144879,0.17221,-0.116099,9.8e-05,0.001364
0,-0.081691,-0.083382,-0.096392,0.024712,-0.11844,0.018417,0.001426,0.001455
0,-0.11031,0.174651,-0.025157,0.239118,-0.043619,0.210358,0.001925,0.003048
0,-0.177779,0.075162,-0.071269,-0.100869,-0.087754,-0.125047,0.003103,0.001312
0,0.007465,-0.045466,0.168436,-0.110459,0.152686,-0.062502,0.00013,0.000794
0,-0.015674,0.097618,-0.041742,0.171902,-0.033808,0.179646,0.000274,0.001704
0,-0.1842,-0.041627,-0.189678,-0.162139,-0.226162,-0.135981,0.003215,0.000727
0,0.066852,0.029265,0.222337,0.045642,0.231742,0.052593,0.001167,0.000511
0,0.060089,0.157156,0.003187,0.107618,0.046342,0.097248,0.001049,0.002743
0,-0.033606,0.183373,-0.093698,0.014032,-0.087071,0.037937,0.000587,0.0032
0,0.070146,0.15374,0.096469,-0.04302,0.145454,-0.078429,0.001224,0.002683
0,-0.088881,0.131605,-0.157808,-0.002732,-0.167069,0.032759,0.001551,0.002297
0,0.086059,0.086401,0.170032,-0.06687,0.142208,-0.076464,0.001502,0.001508
0,0.146613,-0.041302,0.08275,-0.144975,0.12202,-0.194604,0.002559,0.000721
0,0.012673,0.133384,-0.121711,0.199039,-0.137313,0.236926,0.000221,0.002328
0,0.096271,0.060948,0.067874,-0.04864,0.06799,-0.033924,0.00168,0.001064
0,-0.044774,0.028125,-0.162331,-0.061894,-0.124647,-0.03993,0.000781,0.000491
0,-0.011602,0.156169,0.012785,0.105576,0.045958,0.1221,0.000202,0.002726
0,0.14316,0.039411,0.129844,-0.105059,0.155188,-0.133199,0.002499,0.000688
0,0.05986,-0.049736,-0.082716,-0.106914,-0.090692,-0.066135,0.001045,0.000868
0,0.13581,0.075897,0.064749,0.102629,0.02035,0.151953,0.00237,0.001325
0,0.016653,-0.012611,-0.104334,-0.115874,-0.130351,-0.155313,0.000291,0.00022
0,0.103432,-0.099476,0.083523,-0.115419,0.100181,-0.120495,0.001805,0.001736
0,0.235885,0.000759,0.11246,0.084389,0.069496,0.080835,0.003701,1.3e-05
0,0.163096,-0.090637,-0.044927,-0.077866,-0.089846,-0.113614,0.002847,0.001582
0,0.15269,0.059978,-0.026375,0.154498,0.018148,0.131554,0.002665,0.001047
0,0.321035,-0.045243,0.160263,-0.114716,0.197936,-0.072964,0.002215,0.00079
0,0.256349,-0.037262,-0.084392,0.019144,-0.130965,-0.015636,0.003344,0.00065
0,0.246783,-0.031948,-0.032587,-0.018405,-0.03036,-0.0392,0.003511,0.000558
0,0.087619,0.066062,-0.183583,0.124764,-0.1495,0.142352,0.001529,0.001153
0,0.252242,0.040914,0.159705,-0.008701,0.117842,0.009134,0.003415,0.000714
0,0.230825,0.054018,-0.031775,0.041496,0.002056,0.062672,0.003789,0.000943
0,0.157304,-0.062739,-0.06261,-0.13039,-0.087793,-0.177788,0.002745,0.001095
0,-2.269235,-0.401213,-2.424798,-0.345645,-2.459369,-0.366885,0.000516,0.000815
0,-3.270418,-0.872474,-1.030358,-0.451561,-1.031532,-0.466414,0.002354,0.000408
0,-3.293452,-0.958302,-0.002039,-0.09317,-0.049161,-0.06781,0.002756,0.00109
0,-3.663601,-0.928281,-0.352038,0.032973,-0.311198,0.026481,0.001399,0.000566
0,-3.820129,-1.004905,-0.178508,-0.099035,-0.212265,-0.097207,0.003687,0.001903
0,-3.129745,-0.48458,0.717974,0.540212,0.739096,0.578649,0.000101,0.00064
0,-2.744359,-0.289706,0.382799,0.169977,0.370915,0.205798,0.000991,0.002762
0,-1.943159,-0.281515,0.77136,-0.00298,0.798802,0.033565,0.002643,0.002905
0,-1.426428,-0.225671,0.497492,0.076458,0.500729,0.076186,0.001442,0.003879
0,-0.841193,-0.163847,0.585555,0.086783,0.563144,0.046637,0.000954,0.00286
0,-0.914413,-0.157581,-0.099649,0.032168,-0.078972,0.076641,0.000324,0.00275
0,-0.7978,0.099695,0.089609,0.229543,0.120826,0.250461,0.001712,0.00174
0,-0.795007,-0.074181,0.01683,-0.145862,0.051592,-0.116689,0.00176,0.001295
0,-0.690311,0.065512,0.101762,0.146595,0.068892,0.122033,0.003588,0.001143
0,-0.788456,0.018576,-0.069706,-0.056273,-0.110917,-0.101541,0.001875,0.000324
0,-0.75781,-0.117364,0.01814,-0.123458,0.050476,-0.108972,0.002409,0.002048
0,-0.782011,0.074299,-0.043807,0.170714,-0.067195,0.122607,0.001987,0.001297
0,-0.760471,-0.140666,0.001544,-0.217844,-0.00135,-0.241583,0.002363,0.002455
0,-0.722256,-0.050315,0.067718,0.112945,0.05993,0.101274,0.00303,0.000878
0,-0.543344,-0.010275,0.156598,0.034578,0.122957,0.050684,0.001665,0.000179
0,-0.615529,0.071032,-0.081879,0.061046,-0.096094,0.047135,0.002925,0.00124
0,-0.533657,-0.173327,0.052765,-0.255998,0.033077,-0.26509,0.001496,0.003025
0,-0.484202,-0.001078,0.067798,0.198737,0.029745,0.179106,0.000633,1.9e-05
0,-0.320467,0.036411,0.161904,0.035187,0.156508,0.061039,0.002225,0.000636
0,-0.407493,0.029252,-0.115449,-0.00843,-0.109496,0.010714,0.000706,0.000511
0,-0.320948,0.003164,0.061485,-0.020073,0.091315,0.013239,0.002216,5.5e-05
0,-0.179267,-0.07149,0.132648,-0.068917,0.168076,-0.066662,0.003129,0.001248
0,-0.298201,0.007714,-0.128456,0.102882,-0.108985,0.057357,0.002613,0.000135
0,-0.278035,-0.17429,0.036298,-0.156673,0.058789,-0.161103,0.002965,0.003042
0,-0.264632,-0.119284,0.007977,0.027396,0.046172,0.006463,0.003199,0.002082
0,-0.216658,-0.147955,0.03144,-0.053037,0.054104,-0.100418,0.003781,0.002582
0,-0.09283,-0.0961,0.133849,0.056162,0.099745,0.028003,0.00162,0.001677
0,-0.129034,-0.01559,-0.040233,0.061654,-0.004086,0.088365,0.002252,0.000272
0,-0.219445,-0.104306,-0.111944,-0.100848,-0.088848,-0.065065,0.00383,0.00182
0,-0.103838,-0.052986,0.127915,0.031631,0.140577,-0.005045,0.001812,0.000925
0,-0.315961,0.018242,-0.195712,0.092705,-0.189002,0.0949,0.002303,0.000318
0,-0.288407,-0.06588,0.00957,-0.062398,-0.019207,-0.057791,0.002784,0.00115
0,-0.05057,-0.039878,0.245978,0.007639,0.236025,-0.027774,0.000883,0.000696
0,-0.2478,0.0968,-0.221394,0.126196,-0.230228,0.171266,0.003493,0.001689
0,-0.013996,-0.139371,0.221994,-0.227406,0.237576,-0.262527,0.000244,0.002432
0,-0.032514,-0.087107,-0.040142,0.06622,-0.058959,0.106487,0.000567,0.00152
0,0.032359,-0.039336,0.076723,0.054289,0.043765,0.04032,0.000565,0.000687
0,0.110263,0.045294,0.06898,0.064007,0.042245,0.102801,0.001924,0.000791
0,-0.078238,0.062925,-0.19777,0.000888,-0.217585,-0.021868,0.001366,0.001098
0,-0.121596,0.075259,-0.051401,0.009794,-0.053273,0.028035,0.002122,0.001314
0,-0.11391,0.159427,0.002762,0.064157,0.021717,0.091724,0.001988,0.002783
0,-0.083871,0.00995,0.026883,-0.130229,0.048724,-0.137883,0.001464,0.000174
0,-0.147083,0.105498,-0.056511,0.124484,-0.08119,0.173356,0.002567,0.001841
0,0.091988,0.073055,0.232204,-0.027157,0.226044,-0.070661,0.001605,0.001275
0,0.011908,0.011643,-0.079647,-0.045835,-0.041254,-0.06624,0.000208,0.000203
0,-0.000309,-0.055319,-0.006807,-0.087011,-0.027705,-0.05587,5e-06,0.000965
0,-0.035765,0.147406,-0.033586,0.215976,0.001885,0.262662,0.000624,0.002573
0,0.055496,0.049789,0.114094,-0.074304,0.126261,-0.036845,0.000969,0.000869
0,-0.162161,-0.114385,-0.209077,-0.169353,-0.213108,-0.174165,0.00283,0.001996
0,-0.043303,0.022807,0.124395,0.140493,0.089253,0.110263,0.000756,0.000398
0,0.061469,-0.031446,0.118539,-0.042056,0.147087,-0.03469,0.001073,0.000549
0,0.053854,-0.062805,-0.030243,-0.058556,-0.060164,-0.085397,0.00094,0.001096
0,0.033138,0.129573,0.005833,0.207461,-0.020867,0.189169,0.000578,0.002261
0,0.012268,0.04608,-0.003074,-0.085151,0.008052,-0.123503,0.000214,0.000804
0,0.195021,-0.016548,0.183083,-0.057063,0.2196,-0.04164,0.003404,0.000289
0,0.112566,-0.073274,-0.066977,-0.067979,-0.074798,-0.021235,0.001965,0.001279
0,0.217727,0.035289,0.132597,0.106337,0.105653,0.080849,0.0038,0.000616
0,0.092673,-0.18566,-0.128521,-0.233239,-0.159445,-0.258111,0.001617,0.00324
0,0.231521,-0.181656,0.137207,0.015742,0.109391,-0.005442,0.003777,0.00317
0,0.166432,-0.001045,-0.045816,0.181269,-0.089257,0.151187,0.002905,1.8e-05
0,0.138662,-0.04534,-0.020076,-0.059394,-0.02271,-0.064426,0.00242,0.000791
0,0.081345,0.082041,-0.066738,0.135871,-0.093419,0.161205,0.00142,0.001432
0,0.110217,-0.038991,-0.000337,-0.112827,0.00783,-0.115571,0.001924,0.000681
0,0.101028,-0.068299,-0.014776,-0.030309,-0.033774,-0.040367,0.001763,0.001192
0,0.069075,-0.148539,-0.035533,-0.056446,-0.076543,-0.048947,0.001206,0.002592
0,0.059651,-0.106823,-0.012322,0.032995,-0.052213,-0.00324,0.001041,0.001864
0,-0.034483,0.072733,-0.120941,0.174276,-0.08915,0.139266,0.000602,0.001269
0,0.089257,-0.0572,0.126967,-0.118046,0.088358,-0.148824,0.001558,0.000998
0,0.09568,0.055505,0.014881,0.107418,0.012317,0.073215,0.00167,0.000969
0,0.241866,0.087433,0.166786,0.035617,0.126723,0.022829,0.003597,0.001526
0,0.045931,-0.027651,-0.224736,-0.118562,-0.197067,-0.142069,0.000802,0.000483
0,0.286801,0.09633,0.251256,0.110964,0.239824,0.091932,0.002812,0.001681
0,0.233922,0.03675,-0.03244,-0.067795,-0.036912,-0.084113,0.003735,0.000641
0,0.198844,-0.179974,-0.010957,-0.195708,0.006104,-0.233063,0.00347,0.003141
0,0.070658,-0.146447,-0.138082,0.036067,-0.157412,0.003725,0.001233,0.002556
0,0.09618,-0.063748,0.027549,0.071594,0.000844,0.058236,0.001679,0.001113
0,0.078105,-0.224291,-0.029357,-0.17245,-0.027807,-0.191245,0.001363,0.003903
0,0.270933,0.056867,0.193495,0.273778,0.227262,0.302859,0.003089,0.000993
0,0.225174,-0.016499,-0.047768,-0.086779,-0.057041,-0.120337,0.003888,0.000288
0,0.333045,-0.155477,0.130203,-0.144267,0.105551,-0.162856,0.002005,0.002714
0,0.100364,0.021986,-0.249729,0.206973,-0.288307,0.15821,0.001752,0.000384
0,0.062919,-0.083833,-0.028103,-0.118562,-0.000826,-0.103463,0.001098,0.001463
0,0.130723,-0.066783,0.038747,0.016462,0.087741,0.042309,0.002282,0.001166
0,0.241955,-0.089537,0.118678,-0.045255,0.138913,-0.073228,0.003595,0.001563
0,0.123963,-0.022259,-0.110981,0.078799,-0.093049,0.104421,0.002164,0.000388
0,0.167771,-0.057592,0.048455,-0.042472,0.02688,-0.006154,0.002928,0.001005
0,0.186654,-0.111936,0.026344,-0.04172,-0.009063,-0.060533,0.003258,0.001954
0,0.326261,0.117895,0.14216,0.225045,0.157811,0.249513,0.002124,0.002058
0,0.281735,-0.093621,-0.020266,-0.226245,0.011093,-0.209484,0.002901,0.001634
0,0.244093,-0.141965,-0.018061,-0.047212,-0.023372,-0.027081,0.003558,0.002478
0,0.40261,-0.162668,0.18642,-0.040025,0.181822,0.009252,0.000791,0.002839
0,0.084017,-0.147915,-0.304559,-0.009907,-0.29102,-0.019519,0.001466,0.002582
0,0.059818,-0.085448,-0.033041,0.05492,-0.058278,0.017446,0.001044,0.001491
0,0.228216,-0.052549,0.151839,0.035673,0.166174,-0.002629,0.003835,0.000917
0,0.024703,-0.140971,-0.17637,-0.088962,-0.184588,-0.104075,0.000431,0.00246
0,0.152116,-0.026655,0.124633,0.097265,0.120009,0.123139,0.002655,0.000465
0,0.163588,0.020789,0.019574,0.049249,0.04804,0.041087,0.002855,0.000363
0,0.006212,0.087992,-0.151327,0.085123,-0.14531,0.100478,0.000108,0.001536
0,0.00256,-0.080966,0.012606,-0.160156,0.049676,-0.207623,4.5e-05,0.001413
0,-0.020453,0.013187,0.00526,0.122937,0.003252,0.154703,0.000357,0.00023
0,0.089704,-0.081729,0.104222,-0.084153,0.107532,-0.09298,0.001566,0.001426
0,0.220898,-0.068817,0.120607,0.020497,0.125964,0.006127,0.003855,0.001201
0,0.265595,-0.007821,0.056581,0.071092,0.008852,0.033578,0.003182,0.000137
0,0.233966,0.059096,-0.012149,0.076356,-0.012825,0.080469,0.003734,0.001031
0,0.119495,-0.005488,-0.103939,-0.07296,-0.100963,-0.085344,0.002086,9.6e-05
0,0.159909,0.029814,0.01671,0.020301,0.014969,-0.022749,0.002791,0.00052
0,0.108131,-0.027455,-0.023878,-0.05143,-0.010587,-0.044548,0.001887,0.000479
0,0.111552,0.001466,-0.014105,0.022079,-0.034735,0.059535,0.001947,2.6e-05
0,-0.129892,-0.11278,-0.270297,-0.104094,-0.285602,-0.067342,0.002267,0.001968
0,-0.019815,-0.12973,0.120866,-0.009327,0.093668,0.02923,0.000346,0.002264
0,-0.123788,-0.030979,-0.099679,0.090234,-0.067141,0.077406,0.002161,0.000541
0,-0.06991,-0.02453,0.080902,-0.01126,0.129208,-0.053914,0.00122,0.000428
0,0.076432,-0.034116,0.149231,-0.011343,0.155252,-0.042954,0.001334,0.000595
0,0.116321,-0.118013,0.053448,-0.108091,0.094491,-0.090091,0.00203,0.00206
0,-0.007268,0.043039,-0.150463,0.174458,-0.159677,0.14477,0.000127,0.000751
0,0.132581,-0.097591,0.154766,-0.122541,0.204413,-0.142173,0.002314,0.001703
0,0.152352,-0.048154,0.009785,0.032716,0.04907,0.055973,0.002659,0.00084
0,0.064603,0.142474,-0.093815,0.200637,-0.121312,0.219598,0.001128,0.002487
0,0.052918,-0.048517,-0.014384,-0.162234,0.02192,-0.133527,0.000924,0.000847
0,0.136058,-0.146364,0.094967,-0.091826,0.118211,-0.059534,0.002375,0.002555
0,0.177411,-0.098372,0.04129,0.071197,0.010642,0.069159,0.003096,0.001717
0,0.222584,-0.118938,0.017547,0.002389,0.039255,-0.001606,0.003885,0.002076
0,0.152261,-0.083077,-0.052162,0.036384,-0.075544,0.079201,0.002657,0.00145
0,0.128334,-0.132191,-0.045816,-0.066277,-0.032272,-0.103075,0.00224,0.002307
0,-0.071298,-0.023378,-0.213477,0.138026,-0.184493,0.122751,0.001244,0.000408
0,-0.064473,-0.116923,0.007966,-0.094734,0.004278,-0.109468,0.001125,0.002041
0,-0.014581,0.026373,0.059652,0.116506,0.047076,0.074779,0.000254,0.00046
0,-0.047772,-0.004534,-0.017962,-0.006715,-0.022719,-0.052001,0.000834,7.9e-05
0,-0.024649,0.115052,0.017871,0.099495,0.029405,0.058233,0.00043,0.002008
0,-0.080443,0.012344,-0.028889,-0.107108,-0.072413,-0.103312,0.001404,0.000215
0,0.021114,0.080109,0.101274,0.072794,0.055666,0.12233,0.000369,0.001398
0,-0.078119,-0.103037,-0.121154,-0.204342,-0.105412,-0.192865,0.001363,0.001798
0,0.036878,0.080556,0.116445,0.179106,0.109968,0.192679,0.000644,0.001406
0,0.124724,0.003789,0.083775,-0.089531,0.064466,-0.11794,0.002177,6.6e-05
0,-0.117334,0.143606,-0.220354,0.142887,-0.185576,0.158582,0.002048,0.002506
0,-0.118504,0.069384,-0.01121,-0.068925,-0.024003,-0.10637,0.002068,0.001211
0,0.028684,0.077966,0.172429,0.017997,0.203507,0.056448,0.000501,0.001361
0,-0.098121,0.19755,-0.118959,0.113136,-0.083083,0.070294,0.001713,0.003448
0,-0.225145,0.130032,-0.136286,-0.064329,-0.164459,-0.080759,0.003888,0.002269
0,-0.045687,-0.03653,0.200675,-0.172926,0.161004,-0.1532,0.000797,0.000638
0,0.006334,0.034554,0.056251,0.057855,0.077531,0.022134,0.000111,0.000603
0,-0.183749,0.031278,-0.189052,-0.030231,-0.172834,-0.046425,0.003207,0.000546
0,-0.175462,-0.057884,0.017433,-0.085948,0.057889,-0.056589,0.003062,0.00101
0,-0.018369,0.067542,0.135158,0.109015,0.154376,0.098648,0.000321,0.001179
0,-0.142748,-0.053859,-0.13411,-0.146058,-0.170728,-0.157312,0.002491,0.00094
0,-0.169257,-0.118456,-0.000901,-0.089185,-0.039262,-0.136254,0.002954,0.002067
0,-0.196501,-0.044244,-0.02499,0.099987,-0.06332,0.06452,0.00343,0.000772
0,-0.072921,0.134256,0.133615,0.180635,0.166413,0.177242,0.001273,0.002343
0,-0.278816,0.049959,-0.177375,-0.101152,-0.156126,-0.080665,0.002952,0.000872
0,0.006575,-0.048923,0.3029,-0.100044,0.327559,-0.099983,0.000115,0.000854
0,-0.08386,-0.009751,-0.090787,0.038791,-0.066447,0.044109,0.001464,0.00017
0,-0.310946,-0.025498,-0.230928,-0.021292,-0.217495,0.024031,0.002391,0.000445
0,-0.167241,0.00899,0.167218,0.009914,0.188964,0.019574,0.002919,0.000157
0,-0.042007,0.099757,0.106847,0.117682,0.149558,0.150867,0.000733,0.001741
0,-0.08995,-0.145841,-0.047608,-0.257556,-0.074499,-0.217398,0.00157,0.002545
0,-0.077522,-0.010867,-0.001943,0.11471,0.041175,0.113429,0.001353,0.00019
0,0.012457,0.128188,0.070895,0.147503,0.040722,0.163366,0.000217,0.002237
0,0.045017,0.132966,0.016118,-0.023685,0.005795,-0.008341,0.000786,0.002321
0,-0.096134,0.095241,-0.147413,-0.034788,-0.141516,0.001279,0.001678,0.001662
0,-0.15811,0.144488,-0.054444,0.028865,-0.026346,-0.002036,0.00276,0.002522
0,0.020059,-0.044207,0.201089,-0.168022,0.208169,-0.151581,0.00035,0.000772
0,-0.236717,0.002725,-0.236465,0.074972,-0.197876,0.05151,0.003686,4.8e-05
0,-0.22606,0.095159,0.028471,0.120799,0.041847,0.134986,0.003872,0.001661
0,-0.135636,0.032405,0.119111,-0.057943,0.118989,-0.051626,0.002367,0.000566
0,-0.209794,0.001502,-0.056905,-0.008328,-0.101978,0.025307,0.003662,2.6e-05
0,-0.178572,0.084511,0.052436,0.070993,0.080306,0.081948,0.003117,0.001475
0,-0.201031,0.014427,0.004188,-0.099205,0.003995,-0.140113,0.003509,0.000252
0,-0.238655,-0.092822,-0.034106,-0.098435,-0.00017,-0.076289,0.003653,0.00162
0,-0.090683,0.149601,0.130845,0.268655,0.103235,0.26447,0.001583,0.002611
0,-0.079755,0.131335,0.025043,-0.028486,0.010534,0.018948,0.001392,0.002292
0,-0.010416,-0.000552,0.051063,-0.134245,0.042864,-0.181689,0.000182,1e-05
0,-0.249345,0.080487,-0.227994,0.07091,-0.275437,0.08254,0.003466,0.001405
0,-1.14715,0.234925,-0.879648,0.173153,-0.868154,0.208534,0.003432,0.003718
0,-1.433049,0.273233,-0.310094,0.037491,-0.296725,0.035569,0.001558,0.003049
0,-1.617888,0.192762,-0.184234,-0.107508,-0.199522,-0.075617,0.003034,0.003364
0,-1.641976,0.318555,-0.017763,0.15227,-0.051095,0.178664,0.002614,0.002258
0,-1.315208,0.079945,0.356737,-0.238571,0.368839,-0.267031,0.000499,0.001395
0,-0.941164,0.125175,0.403994,0.059649,0.362054,0.102492,0.000791,0.002185
0,-0.772932,-0.015259,0.161272,-0.154839,0.192779,-0.130051,0.002146,0.000266
0,-2.511868,-0.638612,-1.744621,-0.626,-1.724636,-0.643071,0.003067,0.003328
0,-3.006395,-0.911472,-0.477267,-0.264773,-0.521307,-0.294383,0.002254,0.000272
0,-2.730567,-0.754461,0.293307,0.177246,0.309909,0.128301,0.00075,0.002468
0,-2.50293,-1.054777,0.232649,-0.271685,0.265739,-0.304551,0.003223,0.002774
0,-2.001013,-0.815027,0.499591,0.257608,0.465188,0.262828,0.003653,0.001411
0,-1.963976,-0.734991,0.049898,0.103138,0.072748,0.100673,0.003006,0.002808
0,-1.459594,-0.564601,0.48442,0.156212,0.524364,0.169719,0.002021,0.002036
0,-1.045245,-0.609879,0.402271,-0.042143,0.445339,-0.08842,0.002607,0.002827
0,-0.838756,-0.367873,0.233538,0.234808,0.265219,0.212074,0.000997,0.001397
0,-0.305277,-0.21324,0.532343,0.172117,0.487577,0.167563,0.00249,0.003722
0,0.070491,-0.123577,0.363941,0.087905,0.398582,0.109152,0.00123,0.002157
0,0.019601,0.085801,-0.054987,0.180015,-0.083835,0.192121,0.000342,0.001498
0,0.097515,-0.013405,0.070106,-0.08057,0.079882,-0.074147,0.001702,0.000234
0,0.292934,0.034311,0.179826,0.044968,0.213249,0.057231,0.002705,0.000599
0,-0.34888,1.806738,-0.62554,1.793905,-0.649599,1.804442,0.001729,0.000262
0,-0.701995,2.376446,-0.365804,0.564798,-0.36062,0.543992,0.003384,0.002387
0,-0.941944,2.462817,-0.254996,0.090176,-0.263164,0.09067,0.000804,0.003895
0,-1.030889,2.092559,-0.07002,-0.397653,-0.093348,-0.353123,0.002357,0.002567
0,-0.816461,1.814048,0.226044,-0.278056,0.233047,-0.284249,0.001386,0.00039
0,-0.656361,1.025966,0.169248,-0.807263,0.124004,-0.802014,0.003638,0.002271
0,-0.680806,0.615745,-0.030063,-0.408222,0.008329,-0.379406,0.003753,0.002929
0,-0.736534,0.551461,-0.062223,-0.082979,-0.072117,-0.131412,0.002781,0.001807
0,-0.492541,0.310242,0.256518,-0.245063,0.221763,-0.294801,0.000779,0.002403
0,-0.387549,0.136385,0.088894,-0.171157,0.069455,-0.184673,0.001054,0.00238
0,-0.222829,-0.030318,0.165908,-0.171509,0.197311,-0.175622,0.003889,0.000529
0,0.094491,0.109781,0.322771,0.161075,0.355894,0.209663,0.001649,0.001916
0,0.057075,0.037257,-0.035629,-0.064541,-0.015131,-0.083143,0.000996,0.00065
0,0.077577,0.062864,0.03548,-0.000373,0.03888,0.026668,0.001354,0.001097
0,0.210186,0.052002,0.159041,-0.018245,0.116741,-0.046933,0.003668,0.000908
0,0.126497,0.025519,-0.079992,-0.002699,-0.076887,-0.038127,0.002208,0.000445
0,0.147414,0.028424,0.028201,-0.015566,0.030606,0.01366,0.002573,0.000496
0,0.260722,0.041488,0.095482,0.010952,0.122433,-0.005511,0.003267,0.000724
0,-0.040632,-0.216538,-0.301101,-0.287288,-0.272278,-0.305796,0.000709,0.003779
0,0.154991,-0.174563,0.167438,0.060752,0.175869,0.078598,0.002705,0.003047
0,-0.042871,0.023235,-0.209757,0.225278,-0.167285,0.179208,0.000748,0.000406
0,0.101885,-0.064807,0.1587,-0.058981,0.197041,-0.103683,0.001778,0.001131
0,-0.035487,-0.205504,-0.157054,-0.160721,-0.144015,-0.141156,0.000619,0.003587
0,-0.056561,-0.16251,-0.032652,0.047898,0.013481,0.019913,0.000987,0.002836
0,0.094109,-0.148254,0.174537,0.028253,0.127818,-0.00819,0.001643,0.002588
0,0.085539,0.027261,-0.022301,0.148321,-0.066122,0.125356,0.001493,0.000476
0,-0.108847,-0.244762,-0.19218,-0.254969,-0.206237,-0.209987,0.0019,0.003546
0,-0.138089,0.04469,-0.056732,0.315244,-0.071748,0.272533,0.00241,0.00078
0,-0.065901,0.061779,0.084129,0.010931,0.132942,-0.03065,0.00115,0.001078
0,0.016444,0.124223,0.083613,0.032848,0.056797,0.073298,0.000287,0.002168
0,0.02494,-0.126295,0.033487,-0.26575,0.023982,-0.220592,0.000435,0.002204
0,0.067377,-0.091273,0.023168,0.02383,0.051714,0.018307,0.001176,0.001593
0,-0.02656,0.160757,-0.085293,0.2526,-0.122125,0.243834,0.000464,0.002806
0,-0.063409,0.069734,-0.04994,-0.117565,-0.01981,-0.123805,0.001107,0.001217
0,0.109515,0.121022,0.156184,0.066887,0.130032,0.089661,0.001911,0.002112
0,0.135648,-0.091232,0.052332,-0.185656,0.079076,-0.14329,0.002368,0.001592
0,-0.05895,-0.095851,-0.203577,-0.031671,-0.197198,0.000167,0.001029,0.001673
0,0.074223,-0.014845,0.111026,0.075218,0.096714,0.047022,0.001295,0.000259
0,-0.14785,0.093547,-0.232741,0.101627,-0.246869,0.107961,0.00258,0.001633
0,-0.190521,-0.087982,-0.070547,-0.160215,-0.066523,-0.193141,0.003325,0.001536
0,0.01302,0.187121,0.219733,0.268252,0.18029,0.239188,0.000227,0.003266
0,-0.090536,-0.089792,-0.129592,-0.264504,-0.126939,-0.259899,0.00158,0.001567
0,0.101388,0.157246,0.193574,0.275574,0.150821,0.236583,0.00177,0.002744
0,0.031235,-0.026873,-0.053797,-0.201547,-0.045815,-0.219171,0.000545,0.000469
0,-0.127212,0.176034,-0.170054,0.224474,-0.188037,0.206821,0.00222,0.003072
0,-0.004859,-0.106565,0.13128,-0.267437,0.146538,-0.248981,8.5e-05,0.00186
0,-0.161555,0.04213,-0.174473,0.177993,-0.14591,0.163218,0.00282,0.000735
0,-0.093356,0.125215,0.073194,0.076664,0.119191,0.111631,0.001629,0.002185
0,-0.132864,-0.0978,-0.011339,-0.224471,-0.051228,-0.223238,0.002319,0.001707
0,-0.014501,-0.06062,0.104247,0.038178,0.082349,0.04091,0.000253,0.001058
0,0.089058,0.096176,0.111267,0.139287,0.066224,0.096114,0.001554,0.001679
0,-0.060881,-0.024407,-0.126563,-0.120189,-0.138204,-0.165951,0.001063,0.000426
0,0.108581,-0.11217,0.191875,-0.113753,0.151867,-0.088412,0.001895,0.001958
0,-0.046795,-0.005294,-0.150715,0.102622,-0.107525,0.075148,0.000817,9.2e-05
0,0.147396,0.139701,0.199619,0.12824,0.227223,0.12875,0.002573,0.002438
0,0.168289,-0.13596,-0.001457,-0.286513,0.029273,-0.321577,0.002937,0.002373
0,0.075307,0.111042,-0.064616,0.267187,-0.107122,0.259312,0.001314,0.001938
0,-0.062728,0.05581,-0.120867,-0.0457,-0.127742,-0.008496,0.001095,0.000974
0,0.12988,0.060554,0.18772,-0.001924,0.183625,0.008294,0.002267,0.001057
0,-0.05123,-0.184701,-0.180613,-0.21751,-0.228621,-0.24732,0.000894,0.003224
0,0.093904,-0.095102,0.167949,0.088549,0.135227,0.135879,0.001639,0.00166
0,0.094147,-0.152632,0.027682,-0.044831,-0.018981,-0.083755,0.001643,0.002664
0,0.112974,-0.101125,0.021986,0.051655,0.064793,0.07529,0.001972,0.001765
0,0.048861,-0.14665,-0.036983,-0.067764,-0.055007,-0.080451,0.000853,0.00256
0,0.02963,-0.176944,-0.015121,-0.050252,0.03439,-0.043311,0.000517,0.003088
0,0.109688,-0.215119,0.093515,-0.062509,0.072777,-0.034162,0.001914,0.003755
0,-0.098875,-0.100448,-0.234684,0.131351,-0.202694,0.087932,0.001726,0.001753
0,-0.032432,-0.146879,0.042587,-0.017428,0.074939,-0.066173,0.000566,0.002564
0,0.050182,-0.075686,0.081295,0.05074,0.063853,0.020597,0.000876,0.001321
0,-0.058846,-0.213917,-0.1327,-0.16107,-0.099751,-0.181833,0.001027,0.003734
0,-0.179579,0.037532,-0.114245,0.227103,-0.107295,0.191495,0.003134,0.000655
0,-0.01644,-0.026079,0.148557,-0.060068,0.186711,-0.068765,0.000287,0.000455
0,-0.147112,0.037748,-0.142286,0.049283,-0.14501,0.096295,0.002568,0.000659
0,0.146282,0.001169,0.297754,-0.064996,0.262109,-0.061403,0.002553,2e-05
0,-0.174765,-0.231251,-0.348125,-0.251058,-0.352818,-0.274783,0.00305,0.003782
0,-0.063377,-0.244889,0.094036,-0.004774,0.047384,-0.045377,0.001106,0.003544
0,-0.151413,-0.089762,-0.095597,0.144155,-0.079116,0.151027,0.002643,0.001567
0,0.050503,0.047217,0.193182,0.126975,0.200809,0.136472,0.000881,0.000824
0,-0.017832,-0.171925,-0.061645,-0.196106,-0.041662,-0.16237,0.000311,0.003001
0,-0.179385,-0.101728,-0.161954,0.081285,-0.172347,0.08654,0.003131,0.001775
0,-0.082981,-0.201462,0.069312,-0.086251,0.06252,-0.074393,0.001448,0.003516
0,0.111652,-0.169597,0.195786,0.018,0.196836,-0.017238,0.001949,0.00296
0,-0.080744,-0.087676,-0.202599,0.099742,-0.153481,0.131713,0.001409,0.00153
0,-0.048233,-0.122001,0.041458,-0.04805,0.000633,0.000978,0.000842,0.002129
0,-0.10791,0.013978,-0.062176,0.138448,-0.056463,0.16119,0.001883,0.000244
0,-0.053164,-0.134357,0.026068,-0.149774,0.041777,-0.170489,0.000928,0.002345
0,-0.103952,-0.077979,-0.047554,0.082054,-0.094518,0.084015,0.001814,0.001361
0,-0.091708,-0.014933,0.029624,0.071484,0.025101,0.063052,0.001601,0.000261
0,-0.11558,-0.125523,-0.011226,-0.125949,0.012694,-0.099741,0.002017,0.002191
0,-0.041335,0.025939,0.051515,0.160235,0.040246,0.130639,0.000721,0.000453
0,-0.001231,0.022052,0.048674,-0.032775,0.079631,-0.076624,2.1e-05,0.000385
0,0.190694,0.016239,0.185414,-0.033151,0.193278,-0.002012,0.003328,0.000283
0,0.131032,0.158615,-0.070378,0.139885,-0.109123,0.098218,0.002287,0.002768
0,0.046762,0.144824,-0.079314,0.007371,-0.031756,-0.030904,0.000816,0.002528
0,0.011456,-0.033673,-0.021761,-0.204907,-0.032446,-0.207181,0.0002,0.000588
0,0.085507,0.05325,0.082863,0.069544,0.080492,0.066131,0.001492,0.000929
0,0.161186,0.003997,0.059149,-0.03691,0.01879,-0.082841,0.002813,7e-05
0,0.065123,0.12378,-0.118084,0.125177,-0.083849,0.092055,0.001137,0.00216
0,0.16252,0.044631,0.108755,-0.051005,0.13858,-0.056663,0.002837,0.000779
0,-0.002489,-0.037351,-0.136744,-0.083556,-0.147891,-0.091802,4.3e-05,0.000652
0,0.169898,-0.142629,0.200364,-0.13389,0.160332,-0.141608,0.002965,0.002489
0,0.08847,-0.145932,-0.054815,0.021794,-0.018624,0.027841,0.001544,0.002547
0,-0.004441,0.042716,-0.086801,0.208168,-0.11214,0.189879,7.8e-05,0.000746
0,0.066803,0.071191,0.045068,0.055587,0.089397,0.026808,0.001166,0.001243
0,0.105758,0.022328,0.016483,-0.034607,0.006971,-0.078654,0.001846,0.00039
0,0.182607,0.083232,0.086004,0.071108,0.040163,0.022024,0.003187,0.001453
0,0.14087,-0.045469,-0.016316,-0.104628,0.031615,-0.138045,0.002459,0.000794
0,0.151966,-0.15262,0.021299,-0.109039,-0.022533,-0.132126,0.002652,0.002664
0,0.083963,-0.180625,-0.059127,-0.033309,-0.041356,-0.03123,0.001465,0.003152
0,0.119044,0.04657,0.033426,0.215725,0.078463,0.169603,0.002078,0.000813
0,0.039583,-0.106116,-0.068107,-0.125688,-0.074641,-0.146234,0.000691,0.001852
0,0.023839,0.002386,0.004165,0.080021,-0.042135,0.033077,0.000416,4.2e-05
0,0.186621,0.083628,0.134046,0.071742,0.091915,0.046324,0.003257,0.00146
0,0.142214,0.02552,-0.048379,-0.054152,-0.073907,-0.097374,0.002482,0.000445
0,-0.003215,-0.061213,-0.119244,-0.104542,-0.093672,-0.094374,5.6e-05,0.001068
0,0.172803,-0.117486,0.147185,-0.054474,0.111395,-0.093783,0.003016,0.002051
0,0.138977,-0.013933,-0.018557,0.118589,0.017442,0.087376,0.002426,0.000243
0,0.105462,0.039785,-0.032243,0.040019,-0.056444,0.066357,0.001841,0.000694
0,0.112424,0.094237,0.036626,0.055358,0.055116,0.05953,0.001962,0.001645
0,-0.020567,-0.045956,-0.112348,-0.135461,-0.107871,-0.094612,0.000359,0.000802
0,0.007868,0.074566,0.006381,0.129915,0.050504,0.155624,0.000137,0.001301
0,0.147302,0.04928,0.119004,-0.026442,0.084961,-0.013288,0.002571,0.00086
0,0.196172,-0.168133,0.062708,-0.187789,0.106334,-0.220223,0.003424,0.002934
0,0.097746,-0.167832,-0.09605,0.012771,-0.133866,0.008436,0.001706,0.002929
0,0.018855,-0.015339,-0.067981,0.154569,-0.09703,0.196543,0.000329,0.000268
0,0.04866,0.050295,0.00661,0.06427,0.048072,0.108032,0.000849,0.000878
0,0.205948,-0.038587,0.13067,-0.111001,0.095921,-0.125108,0.003594,0.000673
0,0.014285,0.08301,-0.201959,0.095807,-0.207784,0.090431,0.000249,0.001449
0,-0.071454,-0.056525,-0.108394,-0.131141,-0.108655,-0.130166,0.001247,0.000987
0,0.04887,-0.104497,0.139266,-0.067509,0.091417,-0.059493,0.000853,0.001824
0,-0.05291,-0.186104,-0.107841,-0.057661,-0.150763,-0.097692,0.000923,0.003248
0,0.185081,0.034439,0.238781,0.246386,0.242158,0.276888,0.00323,0.000601
0,-0.1272,-0.102994,-0.329723,-0.159296,-0.377937,-0.167089,0.00222,0.001798
0,0.055485,0.027448,0.199268,0.120425,0.235457,0.11873,0.000968,0.000479
0,-0.043917,0.108346,-0.07811,0.072775,-0.111671,0.064234,0.000766,0.001891
0,0.078908,-0.033278,0.101237,-0.147203,0.075672,-0.152188,0.001377,0.000581
0,-0.053909,0.01795,-0.123423,0.031962,-0.16603,0.02328,0.000941,0.000313
0,-0.233459,-0.025355,-0.151694,-0.040895,-0.151489,-0.090834,0.003743,0.000443
0,-0.103456,-0.043842,0.133188,-0.032721,0.102511,-0.042827,0.001806,0.000765
0,-0.183375,-0.096254,-0.103039,-0.038339,-0.123657,-0.02823,0.003201,0.00168
0,-0.203442,0.059114,-0.010008,0.138081,-0.030335,0.152751,0.003551,0.001032
0,-0.182977,0.11473,0.04143,0.071901,0.021453,0.100102,0.003194,0.002002
0,-0.211951,-0.119453,-0.017744,-0.233544,-0.059536,-0.269764,0.003699,0.002085
0,-0.144922,0.023255,0.049894,0.156965,0.078867,0.192588,0.002529,0.000406
0,-0.013842,0.059587,0.119088,0.04993,0.084655,0.055583,0.000242,0.00104
0,0.005884,0.14229,-0.004651,0.061386,-0.046132,0.037861,0.000103,0.002483
0,-0.110994,0.147667,-0.144553,0.030273,-0.169183,0.04419,0.001937,0.002577
0,-0.093223,-0.051096,-0.006334,-0.173693,-0.003079,-0.151253,0.001627,0.000892
0,0.165958,0.07792,0.244666,0.145309,0.245799,0.191152,0.002897,0.00136
0,-0.059351,0.027801,-0.21163,-0.050793,-0.16244,-0.061328,0.001036,0.000485
0,-0.056468,0.121222,0.012232,0.10711,0.037549,0.145338,0.000986,0.002116
0,0.071268,0.132859,0.112614,0.005642,0.118507,-0.026578,0.001244,0.002319
0,-0.103341,-0.11981,-0.201729,-0.237532,-0.168654,-0.217276,0.001804,0.002091
0,0.083471,0.086272,0.178222,0.193153,0.153895,0.159129,0.001457,0.001506
0,-0.090359,-0.065279,-0.150004,-0.150836,-0.12103,-0.139466,0.001577,0.001139
0,0.090889,-0.102469,0.170616,-0.034098,0.15737,-0.02664,0.001586,0.001788
0,0.062614,-0.085847,-0.003727,0.022141,-0.045262,0.062436,0.001093,0.001498
0,-0.161578,0.142262,-0.212602,0.228051,-0.173,0.208926,0.00282,0.002483
0,0.049002,0.008094,0.232547,-0.105061,0.220576,-0.122063,0.000855,0.000141
0,0.016665,0.079021,-0.014532,0.054216,0.010842,0.036431,0.000291,0.001379
0,0.096629,-0.12685,0.050448,-0.211045,0.031421,-0.189533,0.001686,0.002214
0,-0.117181,-0.121022,-0.206756,-0.017072,-0.25152,-0.035319,0.002045,0.002112
0,-0.066287,-0.150509,0.055229,-0.034944,0.087892,-0.072163,0.001157,0.002627
0,0.070029,-0.062894,0.12622,0.089281,0.085059,0.124277,0.001222,0.001098
0,-0.123335,-0.098497,-0.219503,-0.056157,-0.194394,-0.039612,0.002153,0.001719
0,-0.118582,-0.090632,0.029999,0.031976,-0.003696,0.069519,0.00207,0.001582
0,-0.169088,0.027776,-0.033336,0.130562,-0.043763,0.139238,0.002951,0.000485
0,-0.109758,-0.076519,0.057012,-0.084257,0.089864,-0.041493,0.001916,0.001336
0,-0.05328,0.040163,0.053268,0.087585,0.064162,0.052083,0.00093,0.000701
0,-0.221317,0.06008,-0.188558,0.039857,-0.195914,0.079425,0.003863,0.001049
0,0.051213,-0.004184,0.259504,-0.055715,0.212464,-0.069068,0.000894,7.3e-05
0,-0.014368,0.088915,-0.057435,0.069818,-0.054916,0.062186,0.000251,0.001552
0,0.088556,-0.006698,0.103813,-0.101061,0.05881,-0.08217,0.001546,0.000117
0,-0.091554,0.120837,-0.205442,0.11,-0.166508,0.150004,0.001598,0.002109
0,0.003868,0.107472,0.116801,-0.040375,0.100096,-0.029975,6.8e-05,0.001876
0,0.009029,0.084598,-0.01226,-0.010413,-0.05354,0.025677,0.000158,0.001477
0,-0.048937,0.109493,-0.045186,0.00528,-0.086243,0.019381,0.000854,0.001911
0,-0.038177,-0.073856,-0.008625,-0.182326,0.034675,-0.165067,0.000666,0.001289
0,-0.241749,0.080711,-0.204727,0.171987,-0.161855,0.126448,0.003599,0.001409
0,-0.287959,-0.110507,-0.035859,-0.217567,-0.050636,-0.175394,0.002792,0.001929
0,-0.283843,-0.126815,0.009415,0.004034,-0.005827,-0.013733,0.002864,0.002213
0,-0.275328,-0.140512,-0.000455,-0.028405,-0.033533,-0.006258,0.003012,0.002452
0,-0.178005,-0.047015,0.106426,0.104749,0.056948,0.098987,0.003107,0.000821
0,-0.011096,0.022821,0.188697,0.049232,0.215873,0.014062,0.000194,0.000398
0,-0.188187,-0.016333,-0.205003,-0.010242,-0.218074,-0.021031,0.003284,0.000285
0,-0.148842,-0.07594,0.034081,-0.037861,0.033918,-0.023696,0.002598,0.001325
0,-0.160481,-0.069735,-0.011872,0.00295,0.017668,-0.004054,0.002801,0.001217
0,-0.261688,0.06452,-0.122638,0.123689,-0.084779,0.163229,0.003251,0.001126
0,-0.256584,0.084862,0.032393,0.017223,0.062619,-0.012024,0.00334,0.001481
0,-0.036228,-0.001958,0.208919,-0.088163,0.252289,-0.0621,0.000632,3.4e-05
0,-0.162568,0.07045,-0.141848,0.092599,-0.144433,0.056606,0.002837,0.00123
0,0.012493,0.026167,0.180757,-0.057988,0.147314,-0.027356,0.000218,0.000457
0,-0.075496,-0.134426,-0.077293,-0.186267,-0.101615,-0.189322,0.001318,0.002346
0,-0.080534,0.01959,0.018463,0.145974,0.020217,0.178741,0.001406,0.000342
0,-0.106317,0.053559,-0.010525,0.052697,-0.024976,0.051559,0.001856,0.000935
0,-0.10832,-0.082313,-0.001396,-0.111917,0.032531,-0.149398,0.001891,0.001437
0,-0.016474,0.00807,0.112793,0.100047,0.113554,0.11403,0.000288,0.000141
0,0.020453,-0.143471,0.016868,-0.143687,0.017699,-0.148933,0.000357,0.002504
0,0.079154,-0.034979,0.072976,0.115176,0.061296,0.103741,0.001381,0.00061
0,-0.039908,0.076726,-0.110582,0.129128,-0.121836,0.129776,0.000697,0.001339
0,-0.167194,0.124858,-0.106374,0.049463,-0.126443,0.016312,0.002918,0.002179
0,-0.007225,-0.147142,0.153787,-0.274692,0.170836,-0.231765,0.000126,0.002568
0,-0.101477,-0.07915,-0.087076,0.058399,-0.122755,0.05102,0.001771,0.001381
0,-0.130154,-0.098425,-0.023578,-0.038649,0.003329,-0.048433,0.002272,0.001718
0,-0.272807,-0.01507,-0.149246,0.097925,-0.183682,0.10606,0.003056,0.000263
0,-0.243863,0.058688,0.04979,0.056524,0.091592,0.064036,0.003562,0.001024
0,-0.020006,-0.094346,0.205728,-0.132966,0.181817,-0.148423,0.000349,0.001647
0,-0.15444,0.01205,-0.118531,0.132287,-0.092244,0.130128,0.002695,0.00021
0,-0.012029,0.016506,0.130537,-0.001246,0.147715,-0.01075,0.00021,0.000288
0,-0.064226,0.037128,-0.026743,0.025753,-0.015135,-0.011331,0.001121,0.000648
0,0.047833,0.050442,0.088278,0.033599,0.073587,0.032345,0.000835,0.00088
0,-0.152172,-0.143267,-0.201342,-0.189044,-0.171445,-0.236237,0.002656,0.0025
0,-0.152585,-0.199479,-0.008513,-0.075815,0.012049,-0.071551,0.002663,0.003482
0,-0.173967,-0.034799,0.007805,0.180577,0.052499,0.199572,0.003036,0.000607
0,0.002124,-0.007104,0.190177,0.030365,0.218721,0.001369,3.7e-05,0.000124
0,0.072527,-0.1438,0.099601,-0.136085,0.078449,-0.121564,0.001266,0.00251
0,-0.061952,0.087977,-0.161396,0.233582,-0.20171,0.197181,0.001081,0.001535
0,0.047742,0.152468,0.107549,0.082299,0.134068,0.057367,0.000833,0.002661
0,-0.138519,0.083855,-0.205633,-0.071679,-0.241302,-0.093456,0.002418,0.001464
0,-0.232851,-0.005454,-0.090565,-0.101861,-0.080079,-0.088599,0.003754,9.5e-05
0,-0.024107,-0.066546,0.237825,-0.041644,0.219508,0.004294,0.000421,0.001161
0,-0.060442,-0.081135,-0.046733,-0.027433,-0.0911,-0.014618,0.001055,0.001416
0,-0.051159,0.099847,0.036268,0.202482,0.006785,0.208667,0.000893,0.001743
0,-0.217399,-0.104145,-0.148446,-0.20685,-0.159892,-0.181768,0.003794,0.001818
0,-0.150057,-0.026686,0.057689,0.071856,0.023465,0.091495,0.002619,0.000466
0,0.081804,-0.08123,0.259782,-0.027682,0.23737,-0.011612,0.001428,0.001418
0,-0.068071,0.103752,-0.169469,0.156409,-0.177813,0.130013,0.001188,0.001811
0,-0.085521,-0.104275,0.009586,-0.217748,0.004877,-0.17489,0.001493,0.00182
0,-0.114997,0.02456,-0.017212,0.127467,-0.045895,0.148997,0.002007,0.000429
0,0.059521,-0.002839,0.202988,-0.008169,0.186128,0.033963,0.001039,5e-05
0,0.046655,0.129369,0.014981,0.142827,0.055377,0.153376,0.000814,0.002258
0,0.032236,0.136018,-0.020327,0.016417,0.028266,-0.026963,0.000563,0.002374
0,-0.07588,-0.028052,-0.090512,-0.152214,-0.111621,-0.110883,0.001324,0.00049
0,-0.104641,-0.043795,-0.024083,0.001448,-0.023447,-0.023491,0.001826,0.000764
0,0.009946,0.053295,0.136032,0.075726,0.166194,0.112199,0.000174,0.00093
0,-0.132231,0.048133,-0.130684,-0.03456,-0.091552,-0.05004,0.002308,0.00084
0,-0.149153,-0.069411,-0.004387,-0.105211,0.042485,-0.065619,0.002603,0.001211
0,0.046743,-0.078798,0.206706,0.004137,0.205051,0.045186,0.000816,0.001375
0,-0.128097,-0.062918,-0.162621,0.039306,-0.207048,0.082667,0.002236,0.001098
0,-0.109026,0.109775,0.027882,0.193978,-0.002729,0.149878,0.001903,0.001916
0,-0.096797,0.06864,-0.009252,-0.044036,-0.006669,-0.058263,0.001689,0.001198
0,0.126063,-0.130114,0.216623,-0.198015,0.180139,-0.228625,0.0022,0.002271
0,0.06882,0.035096,-0.030824,0.159745,-0.05153,0.20333,0.001201,0.000613
0,-0.012481,-0.061466,-0.110699,-0.102089,-0.154176,-0.093198,0.000218,0.001073
0,0.051972,-0.077514,0.036305,0.00409,0.057463,0.041891,0.000907,0.001353
0,-0.042449,-0.069794,-0.119847,-0.020455,-0.163726,-0.014527,0.000741,0.001218
0,-0.038874,-0.054566,0.012148,0.022153,0.038278,0.014073,0.000678,0.000952
0,0.020321,0.126621,0.064991,0.163885,0.044698,0.120212,0.000355,0.00221
0,0.074749,0.137992,0.025718,-0.01209,-0.003832,0.003068,0.001305,0.002408
0,-0.086037,0.012616,-0.163979,-0.150536,-0.146134,-0.118796,0.001502,0.00022
0,0.048262,0.079161,0.125456,0.040827,0.158687,0.03012,0.000842,0.001382
0,0.17006,0.16345,0.146089,0.054805,0.180249,0.085188,0.002968,0.002853
0,0.078916,-0.073288,-0.103916,-0.25206,-0.107727,-0.247289,0.001377,0.001279
0,0.023566,0.213402,-0.082718,0.285947,-0.081209,0.2878,0.000411,0.003725
0,-0.119212,0.02232,-0.149965,-0.189305,-0.145663,-0.21885,0.002081,0.00039
0,-0.141272,0.128257,0.006038,0.119214,0.001047,0.114599,0.002466,0.002239
0,0.105547,0.123948,0.23658,0.007411,0.233129,0.002502,0.001842,0.002163
0,-0.026836,0.002847,-0.103668,-0.093943,-0.130567,-0.092951,0.000468,5e-05
0,-0.091817,-0.009793,-0.08785,-3.8e-05,-0.136517,-0.035975,0.001603,0.000171
0,0.140456,0.016137,0.2561,0.021151,0.274915,0.008489,0.002451,0.000282
0,-0.064647,0.10763,-0.197277,0.078075,-0.231349,0.045571,0.001128,0.001878
0,-0.03636,-0.043381,0.053221,-0.151459,0.030644,-0.115059,0.000635,0.000757
0,0.165999,0.024474,0.178527,0.065988,0.15001,0.071321,0.002897,0.000427
0,-0.003397,0.029418,-0.174853,-0.008315,-0.137366,0.038224,5.9e-05,0.000513
0,-0.047035,0.084249,-0.027959,0.06103,-0.057074,0.075632,0.000821,0.00147
0,0.094177,0.146359,0.142741,0.079323,0.155272,0.052615,0.001644,0.002554
0,0.119399,0.108246,0.016077,-0.035273,0.03802,-0.003287,0.002084,0.001889
0,0.038158,-0.128682,-0.075556,-0.2155,-0.060814,-0.183332,0.000666,0.002246
0,0.154033,0.108471,0.121781,0.252015,0.078288,0.224261,0.002688,0.001893
0,0.145178,-0.011677,-0.00953,-0.104916,-0.032237,-0.119066,0.002534,0.000204
0,0.255405,0.129138,0.105743,0.153125,0.067145,0.109095,0.00336,0.002254
0,0.199797,-0.138951,-0.035972,-0.296156,-0.056012,-0.308053,0.003487,0.002425
0,0.17048,-0.093713,-0.016551,0.049234,-0.060915,0.02953,0.002975,0.001636
0,0.1977,-0.006118,0.021176,0.068251,0.016273,0.052198,0.003451,0.000107
0,0.230959,0.073625,0.058175,0.095094,0.079312,0.048551,0.003787,0.001285
0,0.21266,0.089048,-0.01953,0.014577,-0.051892,-0.03299,0.003712,0.001554
0,0.238353,-0.043599,0.004423,-0.104177,-0.02967,-0.102571,0.003658,0.000761
0,0.146526,-0.071727,-0.08694,-0.029676,-0.097522,-0.036913,0.002557,0.001252
0,0.20894,0.014812,0.080502,0.110126,0.098259,0.098429,0.003647,0.000259
0,0.173521,0.105239,-0.055067,0.068075,-0.050886,0.057883,0.003029,0.001837
0,0.326295,-0.100917,0.156215,-0.209985,0.12204,-0.164573,0.002123,0.001761
0,0.322059,-0.013854,-0.02667,0.089199,-0.071373,0.059088,0.002197,0.000242
0,0.296488,0.048809,-0.025186,0.039986,-0.040943,0.061854,0.002643,0.000852
0,0.121817,0.109822,-0.189023,0.086405,-0.179424,0.077175,0.002126,0.001917
0,0.348584,-0.088865,0.209463,-0.182462,0.173167,-0.186412,0.001734,0.001551
0,-0.445778,1.957949,-0.765579,2.023277,-0.764207,2.055696,3.8e-05,0.002901
0,-0.841581,2.627768,-0.418114,0.655684,-0.445335,0.635292,0.000947,0.001044
0,-1.099512,2.616034,-0.250832,-0.001731,-0.293774,0.004255,0.003554,0.001249
0,-0.875434,2.290358,0.215723,-0.312814,0.17592,-0.262832,0.000357,0.000885
0,-1.010865,1.930846,-0.108501,-0.379254,-0.069801,-0.345674,0.002007,0.002428
0,-0.727903,1.41585,0.292898,-0.498756,0.34075,-0.472116,0.002931,0.001258
0,-0.55984,0.910016,0.168104,-0.492795,0.180898,-0.444849,0.001953,0.000247
0,-0.327708,0.708662,0.255282,-0.203395,0.219116,-0.187615,0.002098,0.003267
0,-0.275357,0.529417,0.041595,-0.201512,0.010929,-0.169555,0.003012,0.001422
0,-0.091048,0.212803,0.203694,-0.299986,0.158241,-0.255027,0.001589,0.003714
0,0.058588,0.156873,0.145275,-0.03254,0.177646,-0.003637,0.001023,0.002738
0,0.08356,-0.035612,0.044695,-0.203715,0.064851,-0.223372,0.001458,0.000622
0,0.086875,0.101954,-0.011649,0.135021,0.032138,0.163739,0.001516,0.001779
0,0.089037,0.008792,0.011474,-0.087045,-0.034586,-0.133471,0.001554,0.000153
0,0.00504,-0.050471,-0.086465,-0.080135,-0.081136,-0.037218,8.8e-05,0.000881
0,0.198344,-0.052606,0.203619,0.017956,0.181016,3.8e-05,0.003462,0.000918
0,0.152783,-0.033609,-0.02454,-0.008886,0.02394,0.016753,0.002667,0.000587
0,0.259802,-0.0952,0.129727,-0.05884,0.104682,-0.020092,0.003283,0.001662
0,0.080876,-0.05067,-0.185183,0.022367,-0.143765,-0.02134,0.001412,0.000884
0,0.20616,-0.225897,0.153853,-0.161194,0.130259,-0.130784,0.003598,0.003875
0,0.179432,-0.067525,-0.015688,0.139147,-0.006603,0.128729,0.003132,0.001179
0,-0.016372,-0.109651,-0.18299,-0.027628,-0.195734,-0.049855,0.000286,0.001914
0,0.032385,-0.139091,0.019232,-0.030897,-0.020515,-0.004642,0.000565,0.002428
0,-0.055014,0.049266,-0.065119,0.208574,-0.041603,0.186061,0.00096,0.00086
0,-0.128026,-0.076339,-0.054678,-0.132808,-0.077917,-0.097365,0.002234,0.001332
0,0.025829,0.131591,0.158579,0.188388,0.173427,0.182589,0.000451,0.002297
0,0.091904,-0.118381,0.089014,-0.279409,0.041384,-0.264719,0.001604,0.002066
0,0.118089,0.058867,-0.000154,0.154481,0.025565,0.192889,0.002061,0.001027
0,-0.005296,-0.091813,-0.138423,-0.175877,-0.108264,-0.144072,9.2e-05,0.001602
0,0.019145,-0.098251,0.036604,-0.001832,0.054598,-0.046959,0.000334,0.001715
0,-0.01644,0.168456,-0.043012,0.24201,-0.013041,0.291685,0.000287,0.00294
0,0.048759,0.105791,0.092016,-0.092458,0.096823,-0.073563,0.000851,0.001846
0,0.212389,-0.846678,0.175925,-0.971601,0.213437,-0.928623,0.003707,0.000858
0,0.505315,-1.38778,0.268903,-0.557117,0.309704,-0.601104,0.001002,0.000768
0,0.735875,-1.22373,0.216781,0.142826,0.24021,0.104798,0.002792,0.002096
0,0.772565,-1.082829,0.06164,0.129416,0.020082,0.084874,0.002152,0.003263
0,0.362009,-1.029516,-0.434795,0.071607,-0.454179,0.09377,0.0015,0.002333
0,0.308469,-1.057829,-0.060258,-0.037552,-0.081919,-0.047784,0.002434,0.002827
0,0.314226,-0.766066,0.025989,0.31074,0.00605,0.311213,0.002334,0.002265
0,0.150965,-0.426424,-0.184925,0.32837,-0.213648,0.367564,0.002635,0.000375
0,0.216268,-0.099572,0.049997,0.328595,0.071782,0.376474,0.003775,0.001738
0,-0.04215,0.074955,-0.261979,0.203974,-0.298515,0.214463,0.000736,0.001308
0,-0.017056,-0.062828,0.005795,-0.128188,0.034991,-0.08751,0.000298,0.001097
0,-0.044131,0.052001,-0.005454,0.121083,0.005563,0.125645,0.00077,0.000908
0,-0.126543,0.318804,-0.067632,0.284711,-0.083717,0.270507,0.002209,0.002254
0,-0.006282,0.192585,0.147218,-0.106803,0.101652,-0.079621,0.00011,0.003361
0,0.025522,0.171216,0.009277,-0.04229,-0.003774,-0.080673,0.000445,0.002988
0,-0.132016,0.197874,-0.169416,0.012215,-0.179646,-0.02142,0.002304,0.003454
0,-0.170345,0.010014,-0.054045,-0.170916,-0.087206,-0.152602,0.002973,0.000175
0,-0.119433,0.040462,0.039802,0.011382,0.031499,0.029607,0.002084,0.000706
0,-0.156536,0.003319,-0.05535,-0.064059,-0.080692,-0.106445,0.002732,5.8e-05
0,-0.044221,0.032755,0.084119,0.055384,0.094775,0.104228,0.000772,0.000572
0,-0.098461,0.039602,-0.029136,0.012963,-0.036352,0.042389,0.001718,0.000691
0,-0.158875,-0.015841,-0.058026,-0.07189,-0.09084,-0.086723,0.002773,0.000276
0,-0.072799,0.2226,0.096559,0.224496,0.133715,0.245297,0.001271,0.003885
0,-0.070798,0.163346,-0.003802,-0.085512,-0.04395,-0.080599,0.001236,0.002851
0,-0.119217,0.003412,-0.032374,-0.183761,-0.062183,-0.172254,0.002081,6e-05
0,-0.117065,-0.049026,0.017146,-0.056279,0.028317,-0.017966,0.002043,0.000856
0,-0.005487,0.114148,0.127508,0.151737,0.10172,0.187121,9.6e-05,0.001992
0,-0.046474,0.153519,-0.055902,0.021814,-0.051734,0.030058,0.000811,0.002679
0,-0.072655,0.227035,-0.013444,0.069756,0.028717,0.034419,0.001268,0.003855
0,-0.052675,-0.077371,0.044213,-0.311232,0.064748,-0.265421,0.000919,0.00135
0,1.118029,1.147445,1.194124,1.229117,1.186018,1.198796,0.003878,0.003427
0,1.270333,1.134308,0.15823,-0.009425,0.194517,-0.051561,0.001282,0.003656
0,2.014938,1.551366,0.733127,0.408713,0.730803,0.365499,0.003896,0.003623
0,2.275072,1.519973,0.26421,-0.002022,0.272776,-0.011694,0.000618,0.003075
0,1.509144,1.651025,-0.737604,0.155374,-0.694707,0.163968,0.002886,0.002456
0,1.124968,1.433149,-0.362515,-0.244532,-0.399495,-0.214476,0.003819,0.00156
0,0.77624,1.097332,-0.359303,-0.344041,-0.366749,-0.37135,0.002088,0.003516
0,0.524493,0.651096,-0.227763,-0.437997,-0.269612,-0.46196,0.001336,0.003546
0,0.224505,0.346356,-0.314041,-0.330717,-0.271227,-0.34676,0.0039,0.001773
0,0.195398,0.205282,-0.017829,-0.150993,0.00591,-0.130964,0.00341,0.003583
0,0.107973,0.024442,-0.060397,-0.16836,-0.029189,-0.144664,0.001884,0.000427
0,0.060616,-0.077989,-0.068715,-0.074955,-0.034744,-0.035813,0.001058,0.001361
0,-0.012805,-0.112093,-0.075694,-0.032718,-0.113809,-0.030232,0.000223,0.001956
0,-0.16719,-0.049021,-0.144773,0.078751,-0.100064,0.12171,0.002918,0.000856
0,-0.011953,-0.104703,0.137575,-0.055156,0.155991,-0.098828,0.000209,0.001827
0,-0.201169,-0.219365,-0.181469,-0.127489,-0.168837,-0.120135,0.003511,0.003829
0,-0.245465,-0.053588,-0.061827,0.16601,-0.099757,0.151936,0.003534,0.000935
0,-0.212237,-0.110705,0.055001,-0.031336,0.065383,-0.069101,0.003704,0.001932
0,-0.163577,-0.126188,0.0678,0.001805,0.074323,0.04162,0.002855,0.002202
0,-0.167296,-0.246386,0.01106,-0.114014,-0.000857,-0.077072,0.00292,0.003518
0,-0.152685,-0.223277,0.033529,0.02524,-0.012392,0.06473,0.002665,0.003897
0,0.014404,-0.267021,0.141647,-0.023119,0.111567,0.004386,0.000251,0.003157
0,0.032645,-0.217209,-0.003064,0.048504,0.001193,0.05943,0.00057,0.003791
0,-0.192612,-0.240374,-0.211653,0.004348,-0.239542,-0.017754,0.003362,0.003623
0,0.083668,-0.237568,0.288737,0.011177,0.248035,0.043941,0.00146,0.003672
0,-0.140068,-0.014591,-0.231392,0.222981,-0.217372,0.259974,0.002445,0.000255
0,-0.00254,-0.15364,0.152986,-0.11684,0.10445,-0.073322,4.4e-05,0.002682
0,-0.036374,-0.098412,-0.010834,0.083778,-0.033029,0.123267,0.000635,0.001718
0,1.225309,-0.26019,1.233423,-0.144045,1.268542,-0.112126,0.002068,0.003277
0,2.411828,-0.010359,1.164072,0.245676,1.198635,0.233606,0.003005,0.000181
0,3.443416,-0.09947,1.01432,-0.090922,1.046506,-0.115552,0.002444,0.001736
0,2.227388,-0.124906,-1.216913,-0.00633,-1.215496,0.007179,0.000214,0.00218
0,2.381782,-0.076697,0.14455,0.031886,0.16089,0.075636,0.002481,0.001339
0,1.913344,-0.140128,-0.454229,-0.041767,-0.467804,-0.062065,0.002123,0.002446
0,1.508016,-0.124375,-0.408424,0.020815,-0.423119,0.03108,0.002866,0.002171
0,1.061716,0.071602,-0.454966,0.195211,-0.501119,0.235834,0.002895,0.00125
0,0.832881,-0.068961,-0.234052,-0.155174,-0.272764,-0.157715,0.001099,0.001204
0,0.515041,0.031945,-0.29103,0.114537,-0.277642,0.120435,0.001171,0.000558
0,0.335847,-0.08503,-0.161657,-0.090045,-0.151127,-0.091136,0.001956,0.001484
0,0.043431,-0.1452,-0.318367,-0.078528,-0.285856,-0.056527,0.000758,0.002534
0,0.013745,0.118126,-0.004784,0.266803,0.020265,0.296022,0.00024,0.002062
0,-0.105261,0.094,-0.111071,-0.041567,-0.155823,-0.043905,0.001837,0.001641
0,-0.115808,0.028892,-0.035339,-0.055107,-0.025602,-0.028457,0.002021,0.000504
0,-0.354539,-0.008441,-0.244323,-0.031082,-0.246945,-0.077945,0.00163,0.000147
0,-0.079514,-0.118239,0.301886,-0.10364,0.298466,-0.108316,0.001388,0.002064
0,-0.322676,-0.020841,-0.223508,0.073233,-0.187342,0.113972,0.002186,0.000364
0,-0.065029,-0.010857,0.255817,0.007688,0.273414,0.031051,0.001135,0.000189
0,-0.187275,0.000467,-0.142666,-0.001605,-0.097643,-0.026853,0.003269,8e-06
0,-0.15718,0.140162,0.039838,0.125281,0.031114,0.116736,0.002743,0.002446
0,-0.009869,0.095068,0.171415,-0.073886,0.125516,-0.062572,0.000172,0.001659
0,-0.04726,-0.032616,-0.015474,-0.099389,0.02551,-0.126013,0.000825,0.000569
0,-0.124389,0.134332,-0.054868,0.171777,-0.083492,0.153494,0.002171,0.002345
0,-0.047291,0.063726,0.053108,-0.069327,0.074517,-0.035593,0.000825,0.001112
0,-0.004097,-0.023426,0.071183,-0.076158,0.119633,-0.100972,7.2e-05,0.000409
0,-0.17788,-0.139451,-0.145152,-0.127713,-0.160791,-0.108501,0.003105,0.002434
0,-0.056961,0.119728,0.108309,0.260872,0.142243,0.253528,0.000994,0.00209
0,0.080036,0.095592,0.121516,-0.049726,0.120185,-0.022485,0.001397,0.001668
0,-0.032925,-0.00795,-0.089581,-0.102878,-0.05353,-0.111475,0.000575,0.000139
0,-0.105278,0.09559,-0.085959,0.102128,-0.038256,0.09852,0.001837,0.001668
0,-0.046536,0.133439,0.064788,0.05793,0.024564,0.01998,0.000812,0.002329
0,-0.095005,0.119075,-0.048671,0.000815,-0.033429,-0.046988,0.001658,0.002078
0,-0.017032,-0.15716,0.07467,-0.254466,0.034115,-0.223307,0.000297,0.002743
0,-0.147234,0.020212,-0.123979,0.173623,-0.150577,0.161013,0.00257,0.000353
0,-0.07965,-0.111738,0.041808,-0.128538,0.044708,-0.110807,0.00139,0.00195
0,-0.13485,-0.187616,-0.050625,-0.056084,-0.001754,-0.024207,0.002354,0.003275
0,-0.201599,-0.040838,-0.071167,0.134999,-0.05271,0.149209,0.003519,0.000713
0,-0.114182,0.03745,0.098339,0.099682,0.074904,0.1398,0.001993,0.000654
0,-0.182683,0.07665,-0.080577,0.028531,-0.032308,0.024499,0.003188,0.001338
0,-0.196313,-0.068031,-0.026933,-0.168787,-0.019638,-0.201217,0.003426,0.001187
0,-0.056986,-0.154946,0.146135,-0.112866,0.126821,-0.099349,0.000995,0.002704
0,-0.10584,-0.083212,-0.061873,0.046861,-0.029185,0.03965,0.001847,0.001452
0,0.023239,-0.008045,0.156792,0.081122,0.194921,0.082754,0.000406,0.00014
0,0.052367,-0.048147,0.001797,-0.039934,-0.045098,-0.039237,0.000914,0.00084
0,0.007041,0.080144,-0.031717,0.126186,-0.068248,0.156848,0.000123,0.001399
0,0.040108,-0.026272,0.02415,-0.107759,0.002455,-0.123654,0.0007,0.000459
0,0.177604,0.054446,0.159183,0.072786,0.160677,0.030421,0.0031,0.00095
0,-0.05552,-0.029069,-0.208384,-0.096017,-0.187178,-0.144021,0.000969,0.000507
0,-0.029153,0.088216,0.025767,0.106521,-0.018694,0.11781,0.000509,0.00154
0,0.1246,0.018012,0.129615,-0.087689,0.133123,-0.12802,0.002175,0.000314
0,-0.007429,-0.058134,-0.144061,-0.08987,-0.122007,-0.121967,0.00013,0.001015
0,-0.076722,-0.071611,-0.080281,-0.040278,-0.094065,-0.024907,0.001339,0.00125
0,0.08296,-0.129639,0.146379,-0.059022,0.137321,-0.053948,0.001448,0.002263
0,0.050288,-0.088403,-0.057075,0.01847,-0.074275,0.065864,0.000878,0.001543
0,0.085929,-0.132893,0.017818,-0.064398,0.057818,-0.041737,0.0015,0.002319
0,-0.118541,-0.116576,-0.201656,0.040223,-0.238427,0.026944,0.002069,0.002035
0,0.171354,0.13953,0.29165,0.241329,0.317992,0.258194,0.002991,0.002435
0,0.058214,0.14153,-0.135676,0.024435,-0.15979,0.004807,0.001016,0.00247
0,0.159327,0.050938,0.125767,-0.100433,0.14665,-0.148348,0.002781,0.000889
0,0.09743,0.032391,-0.032924,0.009662,0.007154,-0.036737,0.0017,0.000565
0,-0.124598,0.071322,-0.193234,0.050566,-0.223745,0.039289,0.002175,0.001245
0,0.128983,0.055057,0.240256,-0.028994,0.210654,0.019479,0.002251,0.000961
0,0.13651,0.087451,0.010421,0.050871,0.037324,0.075099,0.002383,0.001526
0,0.084724,0.039817,-0.044138,-0.06015,-0.051463,-0.020218,0.001479,0.000695
0,0.188166,0.002698,0.11857,-0.014852,0.146464,-0.035263,0.003284,4.7e-05
0,-0.084888,0.055586,-0.267399,0.051752,-0.253273,0.070068,0.001482,0.00097
0,0.030921,-0.055695,0.105352,-0.121502,0.063533,-0.135292,0.00054,0.000972
0,0.064046,-0.180062,0.048039,-0.129567,0.018496,-0.127232,0.001118,0.003143
0,0.064535,-0.076951,0.019656,0.129968,0.046771,0.104087,0.001126,0.001343
0,0.206076,0.027259,0.164772,0.114031,0.183654,0.125252,0.003597,0.000476
0,0.255303,-0.124459,0.035433,-0.128105,0.006113,-0.091786,0.003362,0.002172
0,0.051055,-0.063726,-0.231885,0.08383,-0.217976,0.042476,0.000891,0.001112
0,0.051587,0.050705,-0.017584,0.107902,-0.009423,0.121761,0.0009,0.000885
0,-0.038653,-0.116293,-0.119119,-0.144629,-0.09953,-0.191943,0.000675,0.00203
0,0.10715,0.063137,0.167722,0.17847,0.214924,0.219719,0.00187,0.001102
0,0.011489,0.057684,-0.123401,-0.026494,-0.088014,0.018195,0.000201,0.001007
0,0.215936,-0.034836,0.200838,-0.074031,0.238864,-0.057495,0.003769,0.000608
0,0.035178,0.052165,-0.161,0.082624,-0.148127,0.066428,0.000614,0.00091
0,0.226798,-0.179259,0.17056,-0.246095,0.203608,-0.287708,0.003859,0.003129
0,0.212414,-0.019689,-0.04298,0.129976,-0.020652,0.089843,0.003707,0.000344
0,0.105067,-0.026059,-0.122292,-0.015758,-0.16884,-0.018511,0.001834,0.000455
0,0.126325,-0.148971,0.041367,-0.129572,0.011778,-0.175478,0.002205,0.0026
0,-0.124772,-0.086638,-0.230147,0.064283,-0.25485,0.024681,0.002178,0.001512
0,-0.087599,-0.185997,0.030243,-0.085108,0.011226,-0.106456,0.001529,0.003246
0,0.189246,-0.132958,0.29034,0.069588,0.267005,0.105569,0.003303,0.002321
0,0.120985,-0.025376,-0.086999,0.106515,-0.118528,0.107956,0.002112,0.000443
0,0.074795,0.091247,-0.028434,0.096328,-0.045995,0.101509,0.001305,0.001593
0,0.113278,0.045167,0.01908,-0.052949,0.056991,-0.01899,0.001977,0.000788
0,0.183142,-0.062264,0.05138,-0.091516,0.098872,-0.071507,0.003196,0.001087
0,0.19901,-0.095854,0.044453,-0.048048,0.066623,-0.083183,0.003473,0.001673
0,0.176523,0.046642,-0.009344,0.165382,-0.027901,0.186092,0.003081,0.000814
0,0.070758,0.067083,-0.077543,0.032746,-0.079566,0.033397,0.001235,0.001171
0,0.219483,-0.146225,0.156336,-0.185943,0.111119,-0.147164,0.003831,0.002552
0,0.167894,0.129406,-0.068773,0.250076,-0.053306,0.232198,0.00293,0.002259
0,-0.094949,-0.08616,-0.282129,-0.190559,-0.293416,-0.167929,0.001657,0.001504
0,-0.049407,-0.068966,0.057559,0.032458,0.065794,0.049955,0.000862,0.001204
0,0.202816,0.02108,0.262119,0.107843,0.217076,0.11236,0.00354,0.000368
0,-0.059215,0.100122,-0.258668,0.082514,-0.262323,0.075527,0.001033,0.001747
0,0.072789,0.002927,0.135633,-0.097294,0.144956,-0.123322,0.00127,5.1e-05
0,0.082064,0.013653,-0.001157,-0.004942,-0.03868,-0.04091,0.001432,0.000238
0,0.055562,0.03449,-0.038045,0.048327,-0.021075,0.021325,0.00097,0.000602
0,-0.156321,0.039008,-0.187355,-0.023856,-0.175381,0.018252,0.002728,0.000681
0,-0.106532,0.109427,0.07339,0.043564,0.073374,0.065985,0.001859,0.00191
0,-0.006244,-0.10216,0.091245,-0.192594,0.075581,-0.166681,0.000109,0.001783
0,0.017097,0.032153,0.00047,0.125289,-0.005471,0.15266,0.000298,0.000561
0,-0.106005,-0.041248,-0.151531,-0.07965,-0.104411,-0.120109,0.00185,0.00072
0,-0.162396,-0.043855,-0.086209,-0.012164,-0.093448,0.028004,0.002834,0.000765
0,-0.110153,-0.028903,0.037536,0.000692,0.055431,-0.011992,0.001923,0.000504
0,-0.153342,0.078228,-0.014214,0.083123,-0.018528,0.124553,0.002676,0.001365
0,-0.177722,0.1629,-0.032732,0.089719,-0.055136,0.101757,0.003102,0.002843
0,-0.082238,-0.133055,0.081558,-0.27657,0.032166,-0.315031,0.001435,0.002322
0,-0.142533,0.04343,-0.033423,0.190944,-0.027496,0.220371,0.002488,0.000758
0,-0.148815,-0.071332,-0.013674,-0.126081,-0.034317,-0.09852,0.002597,0.001245
0,-0.013462,-0.044879,0.129777,0.030006,0.169216,0.067241,0.000235,0.000783
0,0.039747,-0.100747,0.024156,-0.034171,-0.020263,-0.015833,0.000694,0.001758
0,0.075955,0.07109,0.042446,0.153577,0.005046,0.193924,0.001326,0.001241
0,0.035642,0.095909,-0.030929,0.030918,-0.026776,0.005414,0.000622,0.001674
0,-0.096897,-0.15505,-0.145487,-0.236648,-0.172826,-0.225087,0.001691,0.002706
0,-0.091584,0.116963,0.017262,0.254854,0.01336,0.243118,0.001598,0.002041
0,-0.17965,-0.009025,-0.086403,-0.101754,-0.100663,-0.132269,0.003135,0.000158
0,0.061349,-0.096947,0.260281,-0.110792,0.285691,-0.134215,0.001071,0.001692
0,0.013142,0.101365,-0.046278,0.190098,-0.008497,0.189074,0.000229,0.001769
0,-0.081564,-0.067433,-0.120655,-0.182928,-0.073533,-0.135379,0.001424,0.001177
0,-0.065947,-0.106146,0.025825,-0.054118,0.028179,-0.070686,0.001151,0.001853
0,-0.08884,0.067737,-0.017213,0.18118,0.003829,0.166043,0.001551,0.001182
0,0.074374,-0.147461,0.188311,-0.19549,0.233385,-0.202349,0.001298,0.002574
0,-0.008698,0.079054,-0.103283,0.232113,-0.084185,0.216043,0.000152,0.00138
0,-0.074228,-0.107777,-0.068147,-0.215077,-0.115411,-0.205474,0.001296,0.001881
0,0.002731,-0.048696,0.083773,0.071472,0.113617,0.092068,4.8e-05,0.00085
0,-0.046867,0.078863,-0.026526,0.115183,-0.046091,0.157429,0.000818,0.001376
0,0.088044,0.130939,0.14278,0.063979,0.105852,0.015613,0.001537,0.002285
0,-0.07968,-0.071468,-0.143072,-0.203214,-0.130879,-0.229019,0.001391,0.001247
0,-0.107511,0.186809,-0.031483,0.236921,-0.044555,0.196909,0.001876,0.00326
0,0.079099,-0.101081,0.167373,-0.297044,0.120033,-0.30052,0.001381,0.001764
0,0.043706,0.099586,-0.063436,0.178855,-0.045393,0.157235,0.000763,0.001738
0,-0.09688,0.090178,-0.148963,-0.029046,-0.192554,-6.5e-05,0.001691,0.001574
0,-0.041593,-0.032988,0.051526,-0.111155,0.099354,-0.153599,0.000726,0.000576
0,0.01107,0.070888,0.048034,0.08145,0.001929,0.07065,0.000193,0.001237
0,-0.089034,-0.030827,-0.07386,-0.126569,-0.121721,-0.101135,0.001554,0.000538
0,-0.1618,0.150921,-0.074537,0.157955,-0.112495,0.205745,0.002824,0.002634
0,-0.082811,0.030971,0.104322,-0.125606,0.07691,-0.088832,0.001445,0.000541
0,0.034649,0.09216,0.131608,0.07475,0.123515,0.109699,0.000605,0.001608
0,-0.026523,0.158609,-0.082961,0.077712,-0.051896,0.105954,0.000463,0.002768
0,-0.225948,-0.100264,-0.207171,-0.250693,-0.189689,-0.234328,0.003874,0.00175
0,1.812801,0.219318,2.010245,0.302673,1.989561,0.286405,0.000368,0.003828
0,2.392261,0.204767,0.579592,-0.035518,0.561803,-0.027584,0.002663,0.003574
0,3.591208,0.282111,1.21244,0.097837,1.171943,0.068849,0.000135,0.002894
0,3.924597,0.166984,0.322379,-0.106106,0.277402,-0.089403,0.001864,0.002914
0,3.365573,0.296322,-0.545515,0.149879,-0.52469,0.149289,0.003803,0.002646
0,2.48463,0.233521,-0.910121,-0.074638,-0.943007,-0.095703,0.003542,0.003742
0,1.481829,0.038004,-0.988683,-0.212509,-0.989649,-0.185316,0.002409,0.000663
0,1.045684,-0.010434,-0.459297,-0.038186,-0.473219,-0.00221,0.002615,0.000182
0,0.92245,-0.001397,-0.12321,-0.00326,-0.098642,0.04086,0.000464,2.4e-05
0,0.314748,-0.055103,-0.595506,-0.041825,-0.62715,-0.084537,0.002324,0.000962
0,0.055673,0.018265,-0.286185,0.080457,-0.296764,0.073284,0.000972,0.000319
0,0.123288,-0.010766,0.073856,-0.02793,0.057103,0.011886,0.002152,0.000188
0,-0.005755,0.047345,-0.109649,0.061507,-0.100429,0.031762,0.0001,0.000826
0,-0.275423,-0.059733,-0.248135,-0.087359,-0.266189,-0.046932,0.003011,0.001043
0,-0.059907,0.008965,0.235917,0.071744,0.236016,0.05877,0.001046,0.000156
0,-0.214449,0.102624,-0.138872,0.065473,-0.170111,0.115209,0.003743,0.001791
0,-0.078259,0.082308,0.125564,-0.003957,0.076513,-0.035035,0.001366,0.001437
0,-0.145798,-0.144159,-0.052358,-0.219589,-0.082511,-0.250179,0.002545,0.002516
0,-0.310289,-0.156952,-0.189783,-0.034358,-0.20699,0.00972,0.002402,0.002739
0,0.013083,-0.165171,0.331575,0.006299,0.305682,0.005978,0.000228,0.002883
0,-0.215827,0.091942,-0.258386,0.261921,-0.28304,0.276369,0.003767,0.001605
0,-0.097981,-0.157533,0.118203,-0.277133,0.164061,-0.258845,0.00171,0.002749
0,-0.03395,-0.164884,0.059787,0.019009,0.076317,0.026893,0.000593,0.002878
0,-0.048642,-0.177307,-0.016812,-0.035738,0.018385,-0.056044,0.000849,0.003095
0,0.074931,-0.182439,0.129996,0.016188,0.179347,0.004767,0.001308,0.003184
0,-0.022975,-0.139825,-0.094603,0.068601,-0.067723,0.050156,0.000401,0.00244
0,-0.076341,0.093832,-0.02502,0.226786,-0.019934,0.236684,0.001332,0.001638
0,-0.129019,0.041997,-0.072138,-0.024914,-0.045885,-0.020954,0.002252,0.000733
0,0.02673,-0.035201,0.177155,-0.070765,0.20375,-0.059596,0.000467,0.000614
0,-0.113843,-0.009333,-0.122679,0.026617,-0.13853,-0.020756,0.001987,0.000163
0,-0.07892,-0.159407,0.043889,-0.129555,0.092113,-0.082516,0.001377,0.002782
0,0.003445,-0.077328,0.108065,0.084848,0.129148,0.056999,6e-05,0.00135
0,0.054986,-0.043898,0.055043,0.015419,0.075491,0.003406,0.00096,0.000766
0,-0.08195,-0.071507,-0.134456,-0.050903,-0.158634,-0.060433,0.00143,0.001248
0,0.0379,0.049962,0.145336,0.107638,0.119695,0.147512,0.000661,0.000872
0,0.116138,-0.100244,0.078133,-0.157582,0.044017,-0.195184,0.002027,0.00175
0,-0.20596,-0.044631,-0.330921,0.047658,-0.377083,0.094172,0.003595,0.000779
0,0.006331,0.09187,0.213105,0.146111,0.166265,0.193636,0.00011,0.001603
0,-0.146758,-0.045785,-0.126115,-0.12399,-0.156265,-0.108916,0.002561,0.000799
0,-0.047254,-0.109777,0.09535,-0.05053,0.102464,-0.05547,0.000825,0.001916
0,0.043571,-0.119673,0.073733,-0.027524,0.063386,-0.067267,0.00076,0.002089
0,-0.232062,-0.084989,-0.301135,0.027638,-0.33454,0.040046,0.003768,0.001483
0,-0.077575,0.074696,0.139908,0.188032,0.119695,0.164331,0.001354,0.001304
0,-0.006487,-0.063719,0.053414,-0.114788,0.027992,-0.076309,0.000113,0.001112
0,-0.218903,-0.035856,-0.222166,0.026736,-0.264077,0.063563,0.003821,0.000626
0,-0.049163,-0.027447,0.175407,0.028033,0.142738,0.048956,0.000858,0.000479
0,-0.059493,-0.055711,-0.035083,-0.036405,-0.079969,-0.053284,0.001038,0.000972
0,-0.019938,0.092136,0.034345,0.149135,-0.001294,0.163222,0.000348,0.001608
0,-0.223233,-0.068605,-0.228676,-0.14307,-0.206635,-0.192123,0.003896,0.001197
0,-0.104599,-0.012329,0.096594,0.058222,0.088774,0.040632,0.001826,0.000215
0,-0.300958,0.122352,-0.218921,0.154867,-0.256457,0.115686,0.002565,0.002135
0,-0.016909,0.029157,0.294903,-0.119773,0.341215,-0.125461,0.000295,0.000509
0,-0.206804,-0.01947,-0.195743,-0.051926,-0.23708,-0.029618,0.003609,0.00034
0,-0.048031,0.085906,0.187125,0.085754,0.201339,0.073477,0.000838,0.001499
0,-0.216352,-0.087657,-0.176907,-0.199733,-0.135641,-0.151327,0.003776,0.00153
0,-0.246997,-0.018267,-0.044738,0.098594,-0.078933,0.144564,0.003507,0.000319
0,-0.186133,0.152135,0.045594,0.199852,0.059481,0.169853,0.003249,0.002655
0,-0.096148,-0.093645,0.095213,-0.248541,0.049576,-0.242931,0.001678,0.001634
0,-0.280628,0.013962,-0.211917,0.077839,-0.183994,0.049782,0.00292,0.000244
0,-0.002966,0.104386,0.251558,0.068235,0.234862,0.081248,5.2e-05,0.001822
0,-0.126657,0.056922,-0.094371,-0.045199,-0.076828,-0.025884,0.002211,0.000993
0,-0.202436,0.101231,-0.059719,0.062464,-0.092141,0.030383,0.003533,0.001767
0,-0.14991,0.11605,0.023813,0.029418,0.021212,-0.015077,0.002616,0.002025
0,-0.110187,-0.040349,0.026822,-0.127921,-0.022028,-0.121963,0.001923,0.000704
0,-0.170267,0.068263,-0.064373,0.108101,-0.060025,0.106303,0.002972,0.001191
0,-0.189223,0.071749,-0.004597,0.012103,-0.013281,-0.033792,0.003303,0.001252
0,-0.015582,0.159821,0.150159,0.101867,0.125079,0.069348,0.000272,0.002789
0,-0.198555,-0.064721,-0.193557,-0.207826,-0.220726,-0.187177,0.003465,0.00113
0,-0.012561,-0.079718,0.172907,-0.028993,0.182112,-0.046225,0.000219,0.001391
0,-0.021559,0.120532,-0.019471,0.203893,-0.030418,0.209993,0.000376,0.002104
0,0.003864,-0.062697,0.045913,-0.154072,0.09193,-0.110376,6.7e-05,0.001094
0,0.097603,-0.067571,0.111022,-0.03177,0.108099,-0.058111,0.001703,0.001179
0,-0.084546,-0.05321,-0.157466,0.034392,-0.197617,0.000736,0.001476,0.000929
0,0.076514,0.048503,0.149713,0.086276,0.104607,0.042231,0.001335,0.000847
0,0.046854,0.10618,-0.032492,0.079595,-0.021311,0.07455,0.000818,0.001853
0,0.161616,0.017951,0.106893,-0.08601,0.152623,-0.039518,0.002821,0.000313
0,0.123807,0.111181,-0.063315,0.097161,-0.098784,0.133181,0.002161,0.00194
0,0.038904,0.0773,-0.094381,-0.056607,-0.099756,-0.049393,0.000679,0.001349
0,-0.027836,-0.068152,-0.042763,-0.15466,-0.014876,-0.181437,0.000486,0.001189
0,-0.035922,-0.114669,-0.020286,-0.057871,0.028999,-0.056051,0.000627,0.002001
0,0.025393,0.006371,0.077795,0.098931,0.046723,0.065068,0.000443,0.000111
0,-0.171155,0.104025,-0.172022,0.085548,-0.192251,0.083972,0.002987,0.001816
0,0.011059,-0.021398,0.154069,-0.132267,0.118968,-0.111749,0.000193,0.000373
0,-0.003498,0.08778,-0.010146,0.121229,0.021876,0.148624,6.1e-05,0.001532
0,0.103073,0.043171,0.119527,-0.015522,0.09149,-0.007439,0.001799,0.000753
0,-0.035209,0.021663,-0.127078,0.006447,-0.154795,-0.011399,0.000615,0.000378
0,0.099202,-0.002828,0.132515,-0.018032,0.102083,-0.014113,0.001731,4.9e-05
0,-0.08158,0.126621,-0.206624,0.135181,-0.23293,0.166831,0.001424,0.00221
0,0.241024,-0.133197,0.329708,-0.278997,0.290038,-0.31262,0.003611,0.002325
0,0.138456,0.124158,-0.083535,0.281231,-0.079203,0.31256,0.002417,0.002167
0,0.111178,-0.050854,0.000675,-0.188907,-0.02883,-0.197187,0.00194,0.000888
0,0.00333,0.093364,-0.114232,0.173838,-0.104027,0.20195,5.8e-05,0.00163
0,-0.043335,0.001756,-0.070426,-0.119679,-0.070337,-0.090026,0.000756,3.1e-05
0,-0.129874,0.039366,-0.073138,0.028555,-0.120416,-0.01506,0.002267,0.000687
0,0.150236,0.131199,0.256715,0.070814,0.272483,0.063532,0.002622,0.00229
0,0.061369,-0.096512,-0.116324,-0.202943,-0.104985,-0.200266,0.001071,0.001684
0,-0.015449,-0.03311,-0.057216,0.038473,-0.074361,0.079921,0.00027,0.000578
0,-0.16632,-0.051642,-0.127032,-0.022662,-0.152167,0.020939,0.002903,0.000901
0,-0.140874,0.127348,0.019674,0.201034,0.012912,0.186437,0.002459,0.002223
0,-0.101089,0.117241,0.031389,-0.002432,0.01526,-0.027677,0.001764,0.002046
0,0.033805,0.037249,0.110901,-0.076143,0.125346,-0.02899,0.00059,0.00065
0,0.078116,0.12855,0.042178,0.067886,0.042027,0.041778,0.001363,0.002244
0,0.15472,0.023759,0.053244,-0.08638,0.034032,-0.051653,0.0027,0.000415
0,0.024854,-0.056957,-0.152913,-0.062274,-0.159354,-0.061455,0.000434,0.000994
0,-0.091489,-0.004188,-0.114888,0.063159,-0.104296,0.015462,0.001597,7.3e-05
0,0.054983,-0.096574,0.163682,-0.109636,0.176959,-0.123193,0.00096,0.001686
0,-0.111096,0.089674,-0.191522,0.198765,-0.228383,0.192579,0.001939,0.001565
0,-0.088353,0.038408,-0.002511,-0.03844,0.002799,-0.026408,0.001542,0.00067
0,-0.010512,0.053436,0.087216,0.034287,0.128755,0.05604,0.000183,0.000933
0,-0.002612,0.09886,0.027732,0.028901,0.061621,-0.018411,4.6e-05,0.001725
0,-0.121186,0.047096,-0.145561,-0.029323,-0.158803,-0.045451,0.002115,0.000822
0,0.141108,-0.066712,0.290325,-0.133332,0.271635,-0.154814,0.002463,0.001164
0,-0.140811,-0.050027,-0.27818,0.007054,-0.259843,0.008142,0.002458,0.000873
0,0.095971,0.11049,0.220037,0.182124,0.177227,0.212016,0.001675,0.001928
0,-0.140205,0.00821,-0.248791,-0.087351,-0.220557,-0.122231,0.002447,0.000143
0,-0.07583,0.163857,0.071141,0.178847,0.06904,0.166882,0.001323,0.00286
0,0.085671,-0.057724,0.189175,-0.213874,0.158704,-0.17525,0.001495,0.001007
0,-0.046886,-0.059012,-0.115245,-0.021554,-0.1091,-0.02509,0.000818,0.00103
0,-0.021139,0.10445,0.005305,0.180439,0.041392,0.197246,0.000369,0.001823
0,0.03016,0.121586,0.02175,0.011888,0.021315,0.003329,0.000526,0.002122
0,-0.032772,-0.114203,-0.082761,-0.254207,-0.109517,-0.284145,0.000572,0.001993
0,0.212124,0.077316,0.252067,0.185832,0.207874,0.149571,0.003702,0.001349
0,-0.043771,0.052492,-0.237003,-0.031669,-0.188221,0.002505,0.000764,0.000916
0,0.157484,-0.158334,0.193159,-0.206538,0.171857,-0.255259,0.002749,0.002763
0,-0.066602,-0.157948,-0.215796,0.020096,-0.242236,-0.00791,0.001162,0.002757
0,-0.052034,-0.04299,-0.003328,0.136691,-0.003087,0.117022,0.000908,0.00075
0,0.215217,-0.133297,0.280914,-0.071641,0.283285,-0.10376,0.003756,0.002326
0,0.052398,0.036832,-0.156435,0.153851,-0.152741,0.152911,0.000915,0.000643
0,0.150852,0.014538,0.089068,-0.021901,0.118874,-0.021135,0.002633,0.000254
0,0.195,-0.051289,0.049459,-0.065486,0.070644,-0.023319,0.003403,0.000895
0,0.18202,-0.055557,-0.017039,-0.005328,-0.018316,-0.020846,0.003177,0.00097
0,0.166248,-0.086684,0.010173,-0.031623,0.031846,0.014486,0.002902,0.001513
0,0.139829,-0.102201,-0.046843,-0.016146,-0.096457,0.024144,0.00244,0.001784
0,0.072764,-0.060592,-0.086823,0.053212,-0.0952,0.062516,0.00127,0.001058
0,0.02916,0.106252,-0.02013,0.173981,-0.014374,0.156471,0.000509,0.001854
0,0.068355,-0.112017,0.027284,-0.219255,0.010866,-0.267066,0.001193,0.001955
0,0.061923,-0.123746,-0.023503,0.014173,-0.030689,0.042749,0.001081,0.00216
0,-0.112649,-0.075814,-0.188557,0.056179,-0.198645,0.007403,0.001966,0.001323
0,-0.645954,0.218671,-0.517809,0.26553,-0.495177,0.217455,0.003456,0.003817
0,-1.218855,0.2178,-0.564491,0.01811,-0.519795,-0.016053,0.002181,0.003801
0,-1.402833,0.362014,-0.170033,0.166934,-0.123149,0.160586,0.00103,0.0015
0,-1.665325,0.212814,-0.236554,-0.151878,-0.209175,-0.181755,0.002206,0.003714
0,-1.341028,0.288882,0.333574,0.10148,0.32392,0.147956,4.8e-05,0.002776
0,-1.164843,0.198011,0.191328,-0.110307,0.171155,-0.116573,0.003123,0.003456
0,-1.177317,-0.027514,-0.016629,-0.230836,-0.011471,-0.259181,0.002906,0.00048
0,-0.804446,-0.022935,0.34353,-0.010736,0.37288,0.021886,0.001596,0.0004
0,-0.347292,-0.038007,0.44535,-0.025664,0.480605,-0.045733,0.001756,0.000663
0,-0.244546,-0.090333,0.130864,-0.02347,0.111302,-0.053808,0.00355,0.001577
0,0.12163,0.105177,0.341427,0.193561,0.376901,0.222091,0.002123,0.001836
0,0.00026,-0.018322,-0.095915,-0.105658,-0.068966,-0.112699,5e-06,0.00032
0,0.231097,0.141295,0.211234,0.146834,0.225848,0.193481,0.003784,0.002466
0,0.177873,0.119577,-0.027965,-0.027687,-0.010867,-0.006747,0.003104,0.002087
0,0.315311,0.054976,0.132693,-0.065786,0.142798,-0.086575,0.002315,0.00096
0,0.220663,-0.086512,-0.097012,-0.146478,-0.144577,-0.118115,0.003851,0.00151
0,-0.022834,-0.058862,-0.263702,0.017886,-0.252416,-0.024218,0.000399,0.001027
0,0.118528,-0.118458,0.12309,-0.055107,0.155624,-0.051832,0.002069,0.002067
0,0.203086,0.064081,0.110496,0.154702,0.076137,0.173993,0.003545,0.001118
0,0.18622,0.026084,-0.024515,-0.05301,-0.004121,-0.084388,0.00325,0.000455
0,0.04653,-0.107405,-0.150997,-0.152657,-0.146698,-0.113525,0.000812,0.001875
0,0.013073,0.038145,-0.033567,0.116589,-0.01982,0.154175,0.000228,0.000666
0,0.232152,-0.017218,0.236405,-0.033249,0.236957,-0.013258,0.003766,0.000301
0,0.036373,0.071733,-0.212056,0.069168,-0.182511,0.050267,0.000635,0.001252
0,0.057799,0.128943,0.0264,0.06152,0.056554,0.05299,0.001009,0.00225
0,0.210996,0.014329,0.176187,-0.121548,0.188302,-0.102695,0.003683,0.00025
0,0.026614,-0.103499,-0.15957,-0.119751,-0.196441,-0.091624,0.000465,0.001806
0,0.134819,-0.046266,0.109975,0.039238,0.11918,0.088737,0.002353,0.000807
0,0.189953,-0.071548,0.036559,-0.050958,0.069307,-0.04206,0.003315,0.001249
0,-0.070134,0.143983,-0.241554,0.232983,-0.28482,0.239464,0.001224,0.002513
0,0.141606,-0.04985,0.230927,-0.20722,0.18101,-0.204598,0.002471,0.00087
0,-0.028843,-0.013931,-0.181997,0.01624,-0.214133,0.020149,0.000503,0.000243
0,0.210324,-0.016141,0.260223,0.005056,0.23937,0.0069,0.003671,0.000282
0,0.109223,0.076735,-0.091053,0.10627,-0.072047,0.063843,0.001906,0.001339
0,0.052081,0.064447,-0.027724,0.012904,-0.031398,-0.02787,0.000909,0.001125
0,0.011233,0.076433,-0.031311,-0.00682,-0.001488,0.013498,0.000196,0.001334
0,-0.064339,0.024942,-0.074606,-0.068313,-0.105474,-0.028835,0.001123,0.000435
0,-0.033714,0.124036,0.013414,0.096097,0.04706,0.126493,0.000588,0.002165
0,-0.088154,-0.114819,-0.040637,-0.249337,-0.01868,-0.287514,0.001539,0.002004
0,-0.058673,-0.082998,0.04813,0.059642,0.039058,0.091535,0.001024,0.001449
0,-0.110806,-0.133585,-0.077787,-0.078013,-0.053842,-0.122286,0.001934,0.002331
0,-0.07714,-0.063797,0.0244,0.067554,0.04674,0.035285,0.001346,0.001113
0,0.173015,0.022866,0.242706,0.115731,0.260007,0.102914,0.00302,0.000399
0,0.193908,0.035598,0.015528,0.00761,0.005731,0.005407,0.003384,0.000621
0,0.051818,-0.017757,-0.135776,-0.032266,-0.138182,-0.051954,0.000904,0.00031
0,-0.091139,-0.141883,-0.163362,-0.137195,-0.133143,-0.125633,0.001591,0.002476
0,-0.127481,-0.11081,-0.044873,0.022887,0.004594,-0.010933,0.002225,0.001934
0,0.082444,-0.151219,0.195413,-0.06362,0.157354,-0.081989,0.001439,0.002639
0,0.128511,0.130597,0.073894,0.252905,0.040824,0.242129,0.002243,0.002279
0,-0.03453,-0.113941,-0.192178,-0.27445,-0.213643,-0.283212,0.000603,0.001989
0,-0.0935,-0.116461,-0.061018,-0.02508,-0.012335,-0.058244,0.001632,0.002033
0,0.075491,0.077774,0.167567,0.221609,0.201471,0.264999,0.001318,0.001357
0,-0.055867,-0.147083,-0.138464,-0.246814,-0.133952,-0.276861,0.000975,0.002567
0,-0.113539,-0.002737,-0.059265,0.127208,-0.099852,0.153647,0.001982,4.8e-05
0,0.025323,-0.003167,0.157304,0.011788,0.141035,0.046315,0.000442,5.5e-05
0,-0.221796,0.101627,-0.244368,0.115091,-0.214749,0.118144,0.003871,0.001774
0,-0.123292,0.036422,0.093176,-0.079705,0.111624,-0.050997,0.002152,0.000636
0,0.096645,0.092533,0.215648,0.079647,0.256299,0.111312,0.001687,0.001615
0,0.063064,0.010148,-0.02609,-0.102537,0.005379,-0.075849,0.001101,0.000177
0,-0.18559,0.040792,-0.226971,0.010735,-0.266883,0.023649,0.003239,0.000712
0,-0.186371,-0.035095,-0.009481,-0.096843,-0.00161,-0.070935,0.003253,0.000613
0,-0.125358,-0.004352,0.045552,0.047128,0.093248,0.089507,0.002188,7.6e-05
0,-0.105663,0.07006,0.027634,0.102551,0.065992,0.118222,0.001844,0.001223
0,-0.023804,-0.160033,0.092075,-0.240684,0.109857,-0.278485,0.000415,0.002793
0,-0.193566,-0.170124,-0.148242,0.000659,-0.113973,-0.017217,0.003378,0.002969
0,-0.165733,-0.110297,0.028535,0.080148,0.057222,0.128386,0.002893,0.001925
0,-0.098607,0.078864,0.053871,0.192022,0.070901,0.198148,0.001721,0.001376
0,-0.09497,-0.033944,0.020033,-0.109321,0.007707,-0.096802,0.001658,0.000592
0,0.024753,-0.055338,0.14245,-0.005731,0.109206,-0.015521,0.000432,0.000966
0,-0.098884,0.015841,-0.121044,0.08098,-0.091302,0.047358,0.001726,0.000276
0,0.011824,-0.14823,0.124732,-0.174904,0.144148,-0.157798,0.000206,0.002587
0,-0.192677,-0.004956,-0.17965,0.121826,-0.204341,0.091346,0.003363,8.7e-05
0,-0.160745,0.060176,0.011924,0.068701,0.054417,0.024639,0.002806,0.00105
0,-0.249417,0.034167,-0.06297,0.000194,-0.049688,0.015916,0.003465,0.000596
0,-0.048502,0.025752,0.224363,0.008111,0.240353,-0.028137,0.000847,0.000449
0,-0.036353,-0.140874,0.024129,-0.145065,0.071104,-0.141307,0.000634,0.002459
0,-0.050729,-0.02313,-0.041449,0.125249,0.007495,0.105529,0.000885,0.000404
0,0.005286,-0.208671,0.066962,-0.1719,0.106382,-0.194742,9.2e-05,0.003642
0,-0.177186,-0.17553,-0.208285,0.054928,-0.213447,0.022646,0.003092,0.003064
0,-0.017679,-0.02476,0.168888,0.14092,0.133154,0.187966,0.000309,0.000432
0,-0.020616,-0.090919,-0.025082,-0.039356,0.021359,-0.036888,0.00036,0.001587
0,-0.036836,-0.142336,0.010194,-0.057316,0.007477,-0.101297,0.000643,0.002484
0,0.145417,-0.045897,0.196206,0.124244,0.218066,0.122567,0.002538,0.000801
0,0.02481,-0.230857,-0.111819,-0.172751,-0.106918,-0.140942,0.000433,0.003789
0,0.01507,-0.001358,-0.025155,0.199659,0.008175,0.224039,0.000263,2.4e-05
0,-0.000581,-0.106542,-0.011999,-0.079266,0.009141,-0.062168,1e-05,0.00186
0,0.137007,-0.224518,0.129756,-0.121075,0.080715,-0.133077,0.002391,0.003899
0,0.136078,-0.073236,-0.030366,0.157184,-0.052183,0.170126,0.002375,0.001278
0,0.079582,-0.242613,-0.055074,-0.163958,-0.039726,-0.158038,0.001389,0.003583
0,0.120015,0.021247,0.067591,0.235053,0.075809,0.264294,0.002095,0.000371
0,-0.088844,0.00092,-0.201432,-0.042188,-0.210329,-0.080866,0.001551,1.6e-05
0,0.196583,-0.221688,0.274141,-0.238138,0.23336,-0.236932,0.003431,0.003869
0,0.018261,-0.001487,-0.200612,0.197979,-0.189754,0.179577,0.000319,2.6e-05
0,-0.080367,0.054307,-0.070451,0.045486,-0.075604,0.068359,0.001403,0.000948
0,0.031524,-0.189526,0.097792,-0.24392,0.129308,-0.211974,0.00055,0.003308
0,0.099851,0.095314,0.086585,0.26394,0.083286,0.304298,0.001743,0.001664
0,0.066755,-0.121596,-0.017249,-0.2457,-0.016437,-0.207503,0.001165,0.002122
0,0.138019,0.015881,0.071572,0.159102,0.098127,0.145699,0.002409,0.000277
0,0.255904,0.030052,0.100846,0.032284,0.130122,0.033528,0.003352,0.000525
0,-0.003037,0.061472,-0.259925,0.00284,-0.302905,0.029081,5.3e-05,0.001073
0,0.190801,-0.083013,0.186721,-0.135377,0.200784,-0.157201,0.00333,0.001449
0,0.093489,-0.016681,-0.121325,0.056843,-0.093675,0.030758,0.001632,0.000291
0,-0.052917,0.079941,-0.171667,0.084646,-0.132564,0.127303,0.000924,0.001395
0,0.060257,-0.129409,0.104127,-0.224844,0.088643,-0.265109,0.001052,0.002259
0,0.158245,-0.069037,0.070903,0.062668,0.024049,0.032329,0.002762,0.001205
0,0.095336,0.013309,-0.081028,0.089451,-0.098788,0.061294,0.001664,0.000232
0,-0.065098,0.008932,-0.181301,-0.012214,-0.176367,0.02116,0.001136,0.000156
0,0.122587,-0.086473,0.162376,-0.116866,0.161712,-0.143663,0.00214,0.001509
0,0.14727,-0.143384,0.017075,-0.064643,0.057665,-0.077197,0.00257,0.002503
0,-0.044824,0.045633,-0.162942,0.173697,-0.15468,0.141421,0.000782,0.000796
0,0.090163,-0.04655,0.15039,-0.090498,0.179745,-0.087489,0.001574,0.000812
0,0.108803,0.037297,0.005595,0.070911,0.026944,0.078241,0.001899,0.000651
0,-0.053003,-0.013563,-0.15677,-0.026694,-0.162815,-0.047269,0.000925,0.000237
0,-0.081472,-0.085475,-0.006505,-0.06486,0.002656,-0.075896,0.001422,0.001492
0,-0.168609,0.091755,-0.10378,0.202872,-0.087669,0.211847,0.002943,0.001601
0,0.054993,-0.018112,0.222139,-0.124098,0.186814,-0.160301,0.00096,0.000316
0,-0.142616,0.000268,-0.19934,0.020936,-0.224532,0.02551,0.002489,5e-06
0,0.097159,-0.181092,0.229719,-0.186447,0.229097,-0.209712,0.001696,0.003161
0,-0.138988,-0.123865,-0.235099,0.066921,-0.259823,0.116018,0.002426,0.002162
0,-0.16029,0.077058,-0.023777,0.22815,-0.012838,0.237739,0.002798,0.001345
0,0.062335,-0.147073,0.208293,-0.196329,0.205528,-0.195222,0.001088,0.002567
0,-0.035351,-0.040297,-0.116681,0.121197,-0.151726,0.078313,0.000617,0.000703
0,-0.22392,-0.127162,-0.213785,-0.063966,-0.230412,-0.103477,0.003908,0.002219
0,-0.135759,0.068396,0.064165,0.192058,0.051322,0.169191,0.002369,0.001194
0,-0.217841,-0.194847,-0.070375,-0.282773,-0.02883,-0.29134,0.003802,0.003401
0,-0.035075,-0.217786,0.165689,-0.023132,0.158393,-0.066989,0.000612,0.003801
0,-0.232831,-0.161618,-0.211668,0.082883,-0.242491,0.04872,0.003754,0.002821
0,-0.17323,-0.111367,0.078542,0.059745,0.07684,0.081966,0.003023,0.001944
0,-0.058979,-0.078639,0.088974,0.004139,0.075963,0.050183,0.001029,0.001373
0,-0.077084,0.040825,0.005979,0.109047,0.032671,0.137778,0.001345,0.000713
0,-0.226381,-0.037998,-0.130024,-0.059322,-0.148965,-0.009544,0.003867,0.000663
0,-0.298028,0.049576,-0.077077,0.116874,-0.0442,0.124609,0.002616,0.000865
0,-0.176,-0.11971,0.103443,-0.181922,0.080397,-0.167468,0.003072,0.002089
0,-0.017633,-0.178317,0.145188,-0.052764,0.159623,-0.096825,0.000308,0.003112
0,-0.011721,-0.1436,-0.016819,0.042508,0.032778,0.072,0.000205,0.002506
0,-0.18419,-0.13235,-0.190158,0.005412,-0.144047,0.048682,0.003215,0.00231
0,-0.207489,-0.101576,-0.003672,0.055168,-0.014158,0.025854,0.003621,0.001773
0,-0.130108,0.040788,0.099911,0.144835,0.088302,0.170578,0.002271,0.000712
0,-0.269584,-0.0804,-0.142268,-0.10807,-0.154324,-0.114352,0.003113,0.001403
0,-0.026513,-0.075657,0.243414,-0.022538,0.285115,-0.072478,0.000463,0.00132
0,-0.027683,0.032668,-0.012859,0.137658,-0.026444,0.148792,0.000483,0.00057
0,-0.178528,-0.057209,-0.148664,-0.103948,-0.167156,-0.081905,0.003116,0.000998
0,-0.264777,0.149224,-0.05764,0.220844,-0.059765,0.253012,0.003197,0.002604
0,-0.108902,-0.120203,0.158275,-0.290993,0.198298,-0.293364,0.001901,0.002098
0,-0.184829,0.031028,-0.081189,0.159034,-0.049649,0.206456,0.003226,0.000542
0,-0.232735,-0.008466,-0.026575,-0.029092,-0.066391,0.004757,0.003756,0.000148
0,-0.219606,-0.098305,0.006216,-0.060752,0.02761,-0.018621,0.003833,0.001716
0,-0.316362,-0.12068,-0.112631,-0.001129,-0.144871,0.047229,0.002296,0.002106
0,-0.332878,-0.007049,0.002505,0.107806,0.016784,0.150931,0.002008,0.000123
0,-0.249943,-0.050029,0.065845,-0.053559,0.104739,-0.040553,0.003456,0.000873
0,-0.225116,0.171328,0.030883,0.205582,0.028018,0.21083,0.003889,0.00299
0,-0.257771,-0.071239,-0.057867,-0.226464,-0.052997,-0.194674,0.003319,0.001243
0,-0.189473,0.001389,0.065533,0.070697,0.037898,0.039377,0.003307,2.4e-05
0,-0.139379,0.209904,0.040047,0.180238,-0.008626,0.141225,0.002433,0.003664
0,-0.202356,-0.010487,-0.067019,-0.240169,-0.032535,-0.283131,0.003532,0.000183
0,-0.165588,0.158185,0.041331,0.170845,0.057363,0.183024,0.00289,0.002761
0,-0.00713,0.075066,0.168788,-0.078107,0.133166,-0.070121,0.000124,0.00131
0,0.099762,-0.127914,0.089757,-0.190785,0.040761,-0.237955,0.001741,0.002233
0,-0.101514,-0.124977,-0.179489,0.003894,-0.161815,0.019159,0.001772,0.002181
0,0.047048,0.134836,0.167966,0.235468,0.157508,0.270263,0.000821,0.002353
0,0.07742,0.112559,0.051803,-0.019299,0.075491,0.017834,0.001351,0.001965
0,0.121802,0.099214,0.024667,-0.030443,0.03024,-0.070872,0.002126,0.001732
0,-0.051258,0.09165,-0.14562,-0.022912,-0.102262,-0.016008,0.000895,0.0016
0,-0.040518,0.06738,-0.018007,0.005104,-0.015038,-0.007638,0.000707,0.001176
0,0.126809,0.104357,0.185899,0.04823,0.197898,0.097791,0.002213,0.001821
0,-0.086937,-0.00237,-0.240467,-0.092776,-0.192675,-0.142162,0.001517,4.1e-05
0,0.028041,-0.084642,0.143066,-0.058368,0.187692,-0.063189,0.000489,0.001477
0,-0.14675,0.010748,-0.178807,0.070826,-0.188068,0.073819,0.002561,0.000188
0,-0.007994,-0.056198,0.154969,-0.082682,0.14684,-0.053095,0.00014,0.000981
0,0.065638,-0.058506,0.055469,-0.031198,0.021419,0.003245,0.001146,0.001021
0,-0.065136,0.062652,-0.153563,0.134041,-0.18374,0.108416,0.001137,0.001093
0,0.038503,-0.107206,0.079238,-0.169301,0.052156,-0.185202,0.000672,0.001871
0,-0.172647,-0.205846,-0.213148,-0.110063,-0.192921,-0.064622,0.003013,0.003593
0,0.055931,-0.19144,0.227965,-0.00906,0.217642,-0.007553,0.000976,0.003341
0,-0.024945,-0.025733,-0.094526,0.139232,-0.061134,0.164364,0.000435,0.000449
0,-0.093971,-0.054017,-0.040063,-0.032449,-0.020308,-0.053247,0.00164,0.000943
0,-0.083392,-0.053334,0.018355,0.007932,0.054338,0.007473,0.001455,0.000931
0,0.064232,-0.060253,0.176215,-0.016739,0.128265,-0.008259,0.001121,0.001052
0,-0.026587,-0.200599,-0.109659,-0.119769,-0.067539,-0.135361,0.000464,0.003501
0,-0.021562,-0.123375,-0.023886,0.083369,-0.062471,0.132523,0.000376,0.002153
0,-0.093031,-0.027511,-0.04286,0.072387,-0.080169,0.103259,0.001624,0.00048
0,0.090217,-0.147302,0.203932,-0.111155,0.237028,-0.082942,0.001575,0.002571
0,-0.098714,-0.029139,-0.209402,0.089421,-0.16332,0.072086,0.001723,0.000509
0,-0.021861,0.025075,0.098438,0.04785,0.102623,0.001569,0.000382,0.000438
0,-0.005329,-0.123321,0.035844,-0.133374,0.074475,-0.086932,9.3e-05,0.002152
0,-0.060556,-0.067134,-0.057565,0.084676,-0.067664,0.115869,0.001057,0.001172
0,-0.07154,0.058497,0.0096,0.154205,0.021245,0.183658,0.001249,0.001021
0,0.065391,0.065331,0.155804,0.023395,0.107562,0.064209,0.001141,0.00114
0,-0.154448,-0.166324,-0.230384,-0.216189,-0.205731,-0.19645,0.002696,0.002903
0,-0.028366,0.056584,0.120517,0.194097,0.125331,0.188779,0.000495,0.000988
0,0.085433,-0.164337,0.096664,-0.207114,0.136278,-0.182179,0.001491,0.002868
0,0.052548,0.077394,-0.060545,0.241098,-0.082066,0.209648,0.000917,0.001351
0,-0.187217,-0.043172,-0.221878,-0.150014,-0.234956,-0.10545,0.003268,0.000753
0,-0.123599,-0.141161,0.085627,-0.077087,0.097662,-0.032369,0.002157,0.002464
0,0.100882,0.0829,0.219732,0.24494,0.254397,0.26792,0.001761,0.001447
0,-0.015547,-0.104234,-0.12133,-0.162045,-0.111629,-0.129421,0.000271,0.001819
0,-0.071955,0.114433,-0.064323,0.229232,-0.032569,0.202312,0.001256,0.001997
0,-0.070815,-0.182955,0.010899,-0.286132,0.056408,-0.269946,0.001236,0.003193
0,0.150002,0.086693,0.216758,0.268126,0.175638,0.223127,0.002618,0.001513
0,-0.057584,0.018541,-0.20821,-0.069357,-0.196425,-0.041576,0.001005,0.000324
0,0.06899,-0.186194,0.121718,-0.233305,0.137214,-0.211902,0.001204,0.00325
0,0.06938,-0.073416,0.006152,0.092503,-0.014685,0.095167,0.001211,0.001281
0,-0.049918,-0.197706,-0.133952,-0.097879,-0.099794,-0.129448,0.000871,0.003451
0,0.152913,-0.060484,0.198417,0.161955,0.228564,0.179348,0.002669,0.001056
0,0.034763,-0.013519,-0.102472,0.059471,-0.096468,0.092025,0.000607,0.000236
0,0.109971,-0.046029,0.099658,-0.048043,0.055421,-0.082766,0.001919,0.000803
0,0.024495,0.03456,-0.064408,0.055783,-0.020312,0.077955,0.000428,0.000603
0,0.113919,-0.167872,0.118712,-0.219004,0.15725,-0.184112,0.001988,0.00293
0,0.101116,0.047712,-0.002084,0.193582,-0.014213,0.190981,0.001765,0.000833
0,-0.012811,0.022466,-0.095227,-0.04209,-0.056294,-0.053797,0.000224,0.000392
0,0.051482,0.031086,0.070591,0.001711,0.068338,0.009902,0.000899,0.000543
0,0.135238,0.043557,0.088753,0.01047,0.095525,0.029377,0.00236,0.00076
0,-0.019103,-0.271314,-0.176145,-0.335366,-0.201976,-0.369493,0.000333,0.003083
0,-0.241398,-1.062385,-0.220271,-0.784752,-0.267177,-0.75287,0.003605,0.002906
0,-0.328317,-1.286591,-0.091933,-0.224478,-0.083882,-0.191104,0.002088,0.000998
0,-0.378524,-1.26775,-0.031671,0.008237,-0.072634,0.046623,0.001211,0.001327
0,-0.102345,-1.071149,0.274212,0.17735,0.2742,0.13824,0.001786,0.003059
0,-0.31597,-0.920696,-0.242662,0.157093,-0.193569,0.192632,0.002303,0.000433
0,-0.069293,-0.847938,0.260952,0.07732,0.280537,0.027369,0.001209,0.000836
0,-0.093798,-0.40519,-0.042018,0.430607,-0.029461,0.407549,0.001637,0.000746
0,-0.003074,-0.44424,0.097931,-0.068603,0.137116,-0.083917,5.4e-05,6.4e-05
0,-0.010385,-0.246228,-0.003848,0.218753,0.033436,0.217785,0.000181,0.00352
0,-0.147538,-0.360364,-0.151077,-0.090216,-0.160785,-0.064413,0.002575,0.001528
0,-0.098687,-0.1666,0.032668,0.17148,0.057062,0.195024,0.001722,0.002908
0,0.064704,-0.14074,0.149564,0.021897,0.117963,0.053422,0.001129,0.002456
0,-0.006261,-0.223055,-0.056053,-0.070894,-0.012643,-0.115209,0.000109,0.003893
0,-0.09748,-0.179686,-0.118518,0.048362,-0.105174,0.048433,0.001701,0.003136
0,0.022023,-0.041567,0.13985,0.152398,0.164435,0.159674,0.000384,0.000725
0,-0.058664,-0.282315,-0.072057,-0.240135,-0.052384,-0.22111,0.001024,0.002891
0,0.032754,-0.134201,0.086505,0.155563,0.082111,0.174377,0.000572,0.002342
0,0.110804,-0.133342,0.070063,-0.028708,0.113611,-0.018319,0.001934,0.002327
0,0.136183,-1.944746,0.026186,-1.806345,0.051593,-1.775822,0.002377,0.002671
0,0.466558,-2.582486,0.322602,-0.660676,0.310552,-0.661202,0.000325,0.001834
0,0.267087,-2.096346,-0.190351,0.503013,-0.184132,0.481218,0.003156,0.002501
0,0.159995,-2.335656,-0.136167,-0.219562,-0.164606,-0.26647,0.002792,0.001676
0,0.357071,-1.682433,0.190723,0.633481,0.218116,0.603138,0.001586,0.001908
0,0.172616,-1.317653,-0.206334,0.390224,-0.211026,0.345046,0.003013,0.000456
0,0.201119,-1.216972,0.035755,0.11071,0.08095,0.13477,0.00351,0.002213
0,0.194518,-0.386852,0.013969,0.804212,0.046507,0.760931,0.003395,0.001066
0,0.066057,-0.065224,-0.101315,0.331433,-0.108731,0.316603,0.001153,0.001138
0,-0.031404,0.048487,-0.122323,0.10988,-0.152598,0.153827,0.000548,0.000846
0,0.086353,0.115922,0.136528,0.058288,0.094629,0.02232,0.001507,0.002023
0,-0.040424,0.013237,-0.134955,-0.092554,-0.111607,-0.052277,0.000706,0.000231
0,0.129193,0.179369,0.146757,0.170099,0.10335,0.138508,0.002255,0.003131
0,-0.023163,0.053249,-0.162994,-0.147686,-0.212345,-0.153315,0.000404,0.000929
0,0.139518,0.095832,0.150035,0.044882,0.158445,0.015256,0.002435,0.001673
0,-0.11652,0.31511,-0.226062,0.219354,-0.268224,0.228341,0.002034,0.002318
0,0.053068,0.018605,0.196183,-0.294308,0.199799,-0.297969,0.000926,0.000325
0,0.109942,0.024041,0.075924,0.004051,0.076643,0.026164,0.001919,0.00042
0,-0.044928,0.069841,-0.168177,0.016092,-0.142323,0.028622,0.000784,0.001219
0,-0.078522,0.078689,-0.040771,-0.01959,-0.089171,0.028359,0.00137,0.001373
0,0.105608,0.23478,0.163934,0.129813,0.129682,0.148357,0.001843,0.00372
0,0.053845,0.154957,-0.056108,-0.087844,-0.041352,-0.118761,0.00094,0.002705
0,0.075772,0.106159,0.021946,-0.034129,0.060908,-0.008572,0.001322,0.001853
0,0.00728,0.073791,-0.093499,-0.057444,-0.118267,-0.071347,0.000127,0.001288
0,0.053791,-0.031525,0.029149,-0.120406,-0.010123,-0.111544,0.000939,0.00055
0,0.070063,0.096842,0.045006,0.148586,0.036149,0.116613,0.001223,0.00169
0,0.143802,-0.117127,0.054678,-0.21503,0.02148,-0.204272,0.00251,0.002044
0,0.144254,-0.164285,0.029747,-0.028187,0.001294,-0.006621,0.002518,0.002867
0,0.155606,-0.071391,0.032706,0.092082,0.069096,0.120338,0.002716,0.001246
0,0.077599,0.05316,-0.07555,0.13998,-0.112214,0.142629,0.001354,0.000928
0,0.089941,-0.112586,0.020136,-0.174551,0.043622,-0.210941,0.00157,0.001965
0,0.069537,0.111699,-0.003053,0.252968,-0.026817,0.281444,0.001214,0.00195
0,-0.185935,0.015099,-0.232222,-0.070964,-0.221007,-0.054097,0.003245,0.000264
0,-0.188303,0.086225,0.00444,0.046561,-0.020814,0.006033,0.003287,0.001505
0,-0.195429,-0.019782,-0.020973,-0.131652,0.009558,-0.117123,0.003411,0.000345
0,-0.084244,-0.086955,0.110814,-0.06611,0.100897,-0.112792,0.00147,0.001518
0,-0.002501,0.067322,0.109545,0.146744,0.118218,0.181951,4.4e-05,0.001175
0,-0.217348,-0.128473,-0.226752,-0.170333,-0.212726,-0.121133,0.003793,0.002242
0,-0.283262,0.108418,-0.071693,0.218866,-0.053742,0.247837,0.002874,0.001892
0,-0.221143,0.101457,0.087774,0.002836,0.082106,0.016899,0.00386,0.001771
0,-0.261499,0.135004,-0.051428,0.053834,-0.096538,0.053838,0.003254,0.002356
0,-0.184632,-0.126321,0.061967,-0.251061,0.103793,-0.241195,0.003222,0.002205
0,-0.259066,0.094666,-0.098758,0.20318,-0.081905,0.167356,0.003296,0.001652
0,-0.270688,-0.11258,-0.005025,-0.178176,-0.037693,-0.214013,0.003093,0.001965
0,-0.285188,0.095965,-0.001495,0.183484,-0.007861,0.179634,0.00284,0.001675
0,-0.073447,0.055074,0.182779,-0.056881,0.175862,-0.092769,0.001282,0.000961
0,-0.15877,-0.147615,-0.074424,-0.182413,-0.113273,-0.220485,0.002771,0.002576
0,-0.145591,-0.166281,-0.006231,-0.007218,0.009725,-0.042054,0.002541,0.002902
0,-0.260076,-0.073349,-0.11499,0.117478,-0.065155,0.070784,0.003279,0.00128
0,-0.181679,-0.031448,0.089575,0.025407,0.055082,0.048017,0.003171,0.000549
0,-0.035809,-0.011172,0.132461,0.022372,0.126542,0.038608,0.000625,0.000195
0,-0.080011,0.046629,-0.030048,0.052355,-0.020947,0.022629,0.001396,0.000814
0,-0.10423,-0.16361,-0.032008,-0.200445,-0.019196,-0.223388,0.001819,0.002856
0,-0.313026,-0.058775,-0.217189,0.086852,-0.179403,0.123616,0.002355,0.001026
0,-0.032303,-0.036373,0.28291,0.026346,0.278078,0.014966,0.000564,0.000635
0,-0.283906,-0.104776,-0.225342,-0.056095,-0.268065,-0.063794,0.002863,0.001829
0,-0.067344,-0.159587,0.196211,-0.038524,0.179253,-0.057674,0.001175,0.002785
0,-0.04418,-0.016625,0.027298,0.117827,0.071151,0.107146,0.000771,0.00029
0,-0.284735,0.122273,-0.220015,0.126067,-0.21135,0.083375,0.002848,0.002134
0,-0.090505,0.107105,0.183591,0.006269,0.228815,0.035001,0.00158,0.001869
0,-0.337928,0.024226,-0.275778,-0.111426,-0.283446,-0.067607,0.00192,0.000423
0,-0.088782,0.012464,0.22732,0.001642,0.18933,-0.022756,0.00155,0.000218
0,-0.343509,0.078365,-0.242852,0.092441,-0.246427,0.090494,0.001823,0.001368
0,-0.131544,-0.002064,0.228763,-0.070037,0.272603,-0.100191,0.002296,3.6e-05
0,-0.255884,-0.10127,-0.11567,-0.111787,-0.139916,-0.095255,0.003352,0.001767
0,-0.228395,-0.023192,0.025053,0.096511,0.018462,0.132865,0.003832,0.000405
0,-0.043914,0.11877,0.206184,0.153843,0.166765,0.175802,0.000766,0.002073
0,-0.068131,-0.091623,-0.052697,-0.219936,-0.087428,-0.261704,0.001189,0.001599
0,-0.124443,0.100716,-0.060232,0.210298,-0.02391,0.163643,0.002172,0.001758
0,-0.041955,-0.012136,0.089191,-0.136749,0.126219,-0.141587,0.000732,0.000212
0,0.012016,-0.057515,0.081409,-0.027325,0.04147,-0.009347,0.00021,0.001004
0,-0.168347,0.014022,-0.183546,0.090946,-0.223765,0.05778,0.002938,0.000245
0,0.006773,0.064964,0.19202,0.028043,0.145459,0.025631,0.000118,0.001134
0,-0.089466,0.131817,-0.103843,0.085071,-0.118972,0.10018,0.001561,0.002301
0,-0.229296,0.13503,-0.15538,0.022534,-0.108623,-0.000976,0.003816,0.002357
0,-0.139957,-0.03914,0.060998,-0.174729,0.087742,-0.209274,0.002443,0.000683
0,-0.081926,-0.017996,0.063317,0.048433,0.017612,0.023444,0.00143,0.000314
0,-0.0727,0.107673,0.015116,0.100407,0.012363,0.058987,0.001269,0.001879
0,-0.107173,0.117142,-0.040478,-0.018502,-0.036069,-0.0119,0.001871,0.002045
0,-0.206041,0.085932,-0.110776,-0.050197,-0.147583,-0.06367,0.003596,0.0015
0,-0.251131,-0.115875,-0.039259,-0.20837,-0.081262,-0.219897,0.003435,0.002022
0,-0.050489,0.037108,0.179192,0.152742,0.179374,0.119284,0.000881,0.000648
0,-0.006816,-0.013411,0.033446,-0.037305,0.06581,-0.051681,0.000119,0.000234
0,0.054443,0.083666,0.051147,0.106663,0.004823,0.138873,0.00095,0.00146
0,0.045348,0.062215,0.001829,-0.048806,-0.007822,-0.033199,0.000791,0.001086
0,-0.061292,-0.028747,-0.116755,-0.107175,-0.123938,-0.090562,0.00107,0.000502
0,-0.062241,0.084973,-0.018294,0.084465,0.013734,0.09511,0.001086,0.001483
0,-0.20506,0.121179,-0.155212,0.008604,-0.174187,0.008275,0.003579,0.002115
0,0.038541,0.063492,0.236619,-0.072315,0.252736,-0.119299,0.000673,0.001108
0,0.03058,-0.077893,-0.014237,-0.146554,-0.005983,-0.150134,0.000534,0.001359
0,0.034421,0.097966,-0.024861,0.153052,-0.068171,0.104168,0.000601,0.00171
0,0.127718,0.001461,0.104423,-0.11404,0.147595,-0.092397,0.002229,2.5e-05
0,0.024037,-0.017296,-0.11188,-0.027917,-0.16052,-0.010092,0.00042,0.000302
0,0.096439,-0.004286,0.05676,0.00401,0.104897,-0.021496,0.001683,7.5e-05
0,-0.024587,0.043326,-0.143366,0.075515,-0.093753,0.06217,0.000429,0.000756
0,-0.022416,0.003201,0.006327,-0.064243,-0.005171,-0.032689,0.000391,5.6e-05
0,0.051916,-0.000575,0.067672,-0.01354,0.058962,-0.050043,0.000906,1e-05
0,0.037378,0.024632,-0.036427,0.005328,0.012946,-0.030551,0.000652,0.00043
0,0.156884,0.118011,0.137893,0.071441,0.097771,0.098761,0.002738,0.00206
0,-0.032727,0.072036,-0.180679,-0.029599,-0.138673,-0.052836,0.000571,0.001257
0,0.05854,-0.092371,0.082651,-0.167122,0.068907,-0.202199,0.001022,0.001612
0,0.119253,-0.022724,0.062726,0.054989,0.093222,0.041762,0.002081,0.000397
0,-0.057128,-0.03845,-0.149406,-0.009171,-0.149025,-0.007705,0.000997,0.000671
0,0.050591,-0.078162,0.129757,-0.053357,0.166073,-0.053668,0.000883,0.001364
0,-0.045883,-0.083002,-0.103995,0.022755,-0.143227,-0.023452,0.000801,0.001449
0,0.173024,0.024595,0.226945,0.110294,0.231542,0.075453,0.00302,0.000429
0,0.13925,-0.063683,-0.005972,-0.072152,0.043344,-0.026661,0.00243,0.001111
0,0.088643,0.054776,-0.06817,0.137443,-0.103089,0.171957,0.001547,0.000956
0,0.026099,-0.114566,-0.070377,-0.158496,-0.055706,-0.171839,0.000456,0.002
0,0.098741,-0.096447,0.04397,-0.005614,-0.000675,0.041387,0.001723,0.001683
0,-0.120021,0.070921,-0.214169,0.148195,-0.189576,0.106032,0.002095,0.001238
0,0.085826,0.042501,0.235037,-0.056073,0.195512,-0.090044,0.001498,0.000742
0,0.15562,0.051099,0.07264,0.031258,0.108823,0.049846,0.002716,0.000892
0,0.003557,-0.088925,-0.138188,-0.133967,-0.098718,-0.144762,6.2e-05,0.001552
0,-0.059413,0.054205,-0.065918,0.153389,-0.043187,0.199815,0.001037,0.000946
0,0.006003,-0.070866,0.082387,-0.120956,0.085066,-0.125492,0.000105,0.001237
0,0.055651,-0.06762,0.041182,0.022698,0.079299,0.043584,0.000971,0.00118
0,-0.01904,-0.076327,-0.078972,-0.03459,-0.058235,0.012684,0.000332,0.001332
0,-0.11211,0.059455,-0.070856,0.13634,-0.037271,0.135302,0.001957,0.001038
0,0.098764,0.128772,0.222782,0.097176,0.223806,0.063995,0.001724,0.002247
0,-0.052675,-0.015514,-0.145859,-0.161499,-0.160082,-0.207877,0.000919,0.000271
0,0.017569,0.058717,0.077988,0.069423,0.116121,0.052846,0.000307,0.001025
0,0.120609,0.00453,0.10165,-0.064434,0.068435,-0.110495,0.002105,7.9e-05
0,-0.121969,0.083357,-0.264974,0.048897,-0.218819,0.004671,0.002129,0.001455
0,0.016838,0.158929,0.115152,0.098592,0.112652,0.116045,0.000294,0.002774
0,-0.023057,-0.096125,-0.058702,-0.256817,-0.009671,-0.221161,0.000402,0.001678
0,0.066926,-0.097733,0.08174,-0.025661,0.124765,-0.053803,0.001168,0.001706
0,-0.114582,-0.013161,-0.174201,0.107566,-0.143,0.142451,0.002,0.00023
0,0.010919,0.164824,0.114692,0.16437,0.115157,0.146996,0.000191,0.002877
0,0.112765,0.141687,0.1242,-0.011962,0.105981,0.013491,0.001968,0.002473
0,0.085937,0.105686,-0.015089,-0.055461,-0.031506,-0.060544,0.0015,0.001845
0,-0.028346,0.082986,-0.103761,-0.010876,-0.0988,0.012128,0.000495,0.001448
0,-0.00869,-0.100251,0.004669,-0.170283,-0.018184,-0.194316,0.000152,0.00175
0,-0.092509,0.106475,-0.101595,0.198773,-0.105617,0.17902,0.001615,0.001858
0,-0.022299,0.092339,0.075014,-0.026987,0.06559,-0.014538,0.000389,0.001612
0,0.072298,0.106956,0.112818,0.026278,0.091472,0.030654,0.001262,0.001867
0,-0.078976,-0.04866,-0.167081,-0.142413,-0.209702,-0.160461,0.001378,0.000849
0,-0.019563,0.07558,0.051976,0.126078,0.063219,0.140555,0.000341,0.001319
0,-0.067901,0.019738,-0.038865,-0.077913,0.006524,-0.031408,0.001185,0.000344
0,0.192726,0.123342,0.23615,0.102966,0.275619,0.124149,0.003364,0.002153
0,0.1909,-0.003577,0.014423,-0.100118,0.009691,-0.062196,0.003332,6.2e-05
0,0.023323,0.059327,-0.151786,0.052564,-0.127804,0.03023,0.000407,0.001035
0,0.027305,0.053872,0.008869,-0.024061,-0.022895,-0.050544,0.000477,0.00094
0,-0.116056,-0.053893,-0.124218,-0.091962,-0.112683,-0.138419,0.002026,0.000941
0,0.090572,-0.10465,0.216001,-0.042074,0.185735,-0.044063,0.001581,0.001826
0,-0.005815,-0.022623,-0.111836,0.055214,-0.072844,0.011831,0.000101,0.000395
0,-0.058366,0.081153,-0.025459,0.123433,0.012744,0.131093,0.001019,0.001416
0,0.141825,0.071177,0.174538,0.014309,0.146142,-0.032129,0.002475,0.001242
0,-0.028804,0.103066,-0.141047,0.056089,-0.12658,0.03497,0.000503,0.001799
0,-0.026092,0.096392,0.006582,0.016526,0.045284,0.065514,0.000455,0.001682
0,0.012705,-0.130689,0.010663,-0.245229,-0.010525,-0.26527,0.000222,0.002281
0,0.002427,0.126268,-0.027805,0.233848,-0.045228,0.199663,4.2e-05,0.002204
0,0.103593,0.036238,0.112331,-0.070429,0.120488,-0.03024,0.001808,0.000632
0,-0.017824,0.106992,-0.115245,0.075267,-0.103256,0.102178,0.000311,0.001867
0,0.132341,0.109103,0.14153,0.014498,0.18758,-0.025899,0.00231,0.001904
0,-0.115322,0.111275,-0.242026,-0.021317,-0.279578,-0.027811,0.002013,0.001942
0,-0.14542,-0.053373,-0.046369,-0.149977,-0.018924,-0.155416,0.002538,0.000932
0,-0.166948,0.04924,-0.049941,0.08785,-0.021958,0.116087,0.002914,0.000859
0,-0.17947,-0.065857,-0.034131,-0.130614,-0.02474,-0.122831,0.003132,0.001149
0,-0.043356,-0.018499,0.114842,0.027676,0.113658,-0.014616,0.000757,0.000323
0,-0.042204,0.160697,-0.011427,0.198511,-0.050731,0.205737,0.000737,0.002805
0,0.106516,0.059919,0.170225,-0.118889,0.15881,-0.126285,0.001859,0.001046
0,-0.121074,0.027435,-0.230334,-0.006235,-0.248945,-0.054092,0.002113,0.000479
0,-0.042508,0.10236,0.051168,0.100292,0.038581,0.069616,0.000742,0.001787
0,-0.206676,0.135929,-0.156961,0.037181,-0.145156,0.034977,0.003607,0.002372
0,0.012221,-0.138913,0.194541,-0.296262,0.145275,-0.286859,0.000213,0.002424
0,-0.147338,0.095853,-0.132576,0.251645,-0.165584,0.23203,0.002572,0.001673
0,-0.147393,0.078164,-0.012978,-0.022506,-0.058569,-0.03974,0.002572,0.001364
0,0.025682,0.136109,0.172717,0.086502,0.216722,0.084476,0.000448,0.002376
0,0.037382,-0.101818,-0.017373,-0.260555,0.009705,-0.250271,0.000652,0.001777
0,0.130157,0.067496,0.108515,0.149386,0.15163,0.189841,0.002272,0.001178
0,0.109703,0.042697,-0.001346,0.001435,0.032083,0.022306,0.001915,0.000745
0,0.035169,-0.096376,-0.047783,-0.156466,-0.034198,-0.106683,0.000614,0.001682
0,-0.084592,-0.135004,-0.1302,-0.066165,-0.157998,-0.114925,0.001476,0.002356
0,-0.028518,0.112943,0.035832,0.254848,0.034679,0.286936,0.000498,0.001971
0,0.084087,-0.020778,0.111444,-0.154585,0.149956,-0.104653,0.001468,0.000363
0,0.151381,0.132665,0.065891,0.152736,0.066802,0.107114,0.002642,0.002315
0,0.037159,0.067762,-0.085354,-0.068135,-0.041657,-0.106194,0.000649,0.001183
0,0.022071,0.038929,-0.019001,-0.053459,-0.015906,-0.090447,0.000385,0.000679
0,0.023469,0.117379,-0.000869,0.096842,0.034991,0.119504,0.00041,0.002049
0,0.22294,0.10269,0.199719,-0.039808,0.246999,0.00798,0.003891,0.001792
0,0.017494,-0.119968,-0.184541,-0.209057,-0.146778,-0.2351,0.000305,0.002094
0,-0.055589,0.105542,-0.098201,0.233659,-0.099672,0.226298,0.00097,0.001842
0,0.146743,0.153076,0.220782,0.035907,0.218169,0.055101,0.002561,0.002672
0,0.142179,-0.042457,0.024887,-0.206339,0.001401,-0.161723,0.002481,0.000741
0,0.199793,0.005712,0.073523,0.036894,0.075916,0.035312,0.003487,0.0001
0,-0.09664,0.078802,-0.313205,0.053991,-0.317487,0.017658,0.001687,0.001375
0,0.049449,-0.060158,0.140798,-0.144477,0.185955,-0.149817,0.000863,0.00105
0,0.217563,0.005497,0.156205,0.061525,0.199024,0.086805,0.003797,9.6e-05
0,0.064759,0.098869,-0.146799,0.080474,-0.178586,0.08822,0.00113,0.001726
0,0.156492,0.120177,0.092624,0.050962,0.078707,0.081798,0.002731,0.002097
0,0.096821,-0.086595,-0.083719,-0.217126,-0.126899,-0.210202,0.00169,0.001511
0,-0.122415,0.043847,-0.196116,0.108758,-0.240368,0.11207,0.002137,0.000765
0,-0.083243,0.176941,0.06309,0.148375,0.065123,0.176219,0.001453,0.003088
0,-0.076248,0.064253,-0.022688,-0.123538,-0.064132,-0.137025,0.001331,0.001121
0,-0.107038,-0.054332,-0.017376,-0.128607,-0.031029,-0.134928,0.001868,0.000948
0,-0.02055,0.136603,0.107631,0.189477,0.057738,0.147854,0.000359,0.002384
0,0.01038,0.072135,0.017944,-0.056325,0.025438,-0.024381,0.000181,0.001259
0,0.097361,0.124406,0.079313,0.058542,0.094463,0.027983,0.001699,0.002171
0,0.102879,-0.076784,0.01194,-0.193924,-0.025037,-0.195283,0.001796,0.00134
0,0.068467,0.061218,-0.055718,0.137872,-0.08921,0.178125,0.001195,0.001068
0,0.14834,0.122965,0.094963,0.037466,0.086333,0.01135,0.002589,0.002146
0,0.044403,-0.053006,-0.08713,-0.172254,-0.046833,-0.21642,0.000775,0.000925
0,-0.07439,0.067775,-0.134747,0.147184,-0.159906,0.149303,0.001298,0.001183
0,0.095314,0.116556,0.152694,0.042224,0.138668,0.042564,0.001664,0.002034
0,-0.045585,0.006098,-0.13092,-0.098448,-0.13063,-0.106554,0.000796,0.000106
0,-0.125153,-0.002922,-0.105748,-0.014731,-0.093821,-0.048789,0.002184,5.1e-05
0,-0.183407,-0.001524,-0.055832,-0.023694,-0.048247,-0.062409,0.003201,2.7e-05
0,-0.025922,0.068465,0.159304,0.078808,0.186171,0.074174,0.000452,0.001195
0,-0.098825,0.173881,-0.066068,0.099999,-0.104345,0.136515,0.001725,0.003035
0,-0.17208,0.080036,-0.072007,-0.121724,-0.068958,-0.157522,0.003003,0.001397
0,-0.254551,0.169413,-0.096608,0.099547,-0.064863,0.082143,0.003375,0.002957
0,-0.033127,-0.021543,0.203426,-0.198058,0.217692,-0.233144,0.000578,0.000376
0,-0.155323,-0.021614,-0.108074,0.018088,-0.085297,-0.03003,0.002711,0.000377
0,0.033169,-0.038535,0.181849,0.012777,0.153259,-0.014144,0.000579,0.000673
0,0.036229,0.145821,-0.009628,0.213677,0.002188,0.240406,0.000632,0.002545
0,-0.018706,-0.016106,-0.060447,-0.14295,-0.036528,-0.17217,0.000326,0.000281
0,0.094635,-0.016417,0.091575,-0.030009,0.07414,-0.046464,0.001652,0.000287
0,-0.047319,0.141494,-0.127847,0.167259,-0.149641,0.137942,0.000826,0.00247
0,-0.266941,-0.104517,-0.233468,-0.273981,-0.272861,-0.238114,0.003159,0.001824
0,-0.049207,0.02557,0.22412,0.126378,0.240075,0.08432,0.000859,0.000446
0,-0.10639,-0.015795,-0.067515,-0.059779,-0.032979,-0.094021,0.001857,0.000276
0,-0.070484,0.088501,0.027005,0.07494,0.039848,0.046562,0.00123,0.001545
0,-0.338564,0.054239,-0.253989,-0.025985,-0.260092,-0.05113,0.001909,0.000947
0,-0.213769,0.180266,0.115403,0.149605,0.08362,0.121633,0.003731,0.003146
0,-0.25154,-0.051215,-0.045156,-0.232678,-0.066831,-0.205151,0.003428,0.000894
0,-0.001738,0.0948,0.244249,0.122907,0.244218,0.083267,3e-05,0.001655
0,-0.041897,0.081453,-0.023686,0.007799,0.00209,-0.035901,0.000731,0.001422
0,-0.037543,0.143831,-0.010482,0.047476,-0.027452,0.091765,0.000655,0.00251
0,-0.09861,0.181902,-0.061312,0.023305,-0.104652,-0.012788,0.001721,0.003175
0,-0.257527,0.041217,-0.130261,-0.140199,-0.096268,-0.112059,0.003323,0.000719
0,-0.036647,-0.103532,0.239095,-0.152039,0.224992,-0.18513,0.00064,0.001807
0,-0.162474,0.160434,-0.10339,0.252799,-0.10593,0.280763,0.002836,0.0028
0,-0.068762,0.14115,0.094907,-0.042222,0.063065,-0.040914,0.0012,0.002464
0,-0.135703,-0.007714,-0.064828,-0.134995,-0.018489,-0.150479,0.002368,0.000135
0,-0.032549,0.026032,0.115369,0.018932,0.10703,0.002077,0.000568,0.000454
0,-0.086936,0.029291,-0.079152,-0.018846,-0.098496,-0.063254,0.001517,0.000511
0,-0.023887,0.073819,0.054015,0.066415,0.007954,0.07283,0.000417,0.001288
0,-0.219878,-0.054096,-0.205052,-0.155232,-0.247494,-0.185846,0.003838,0.000944
0,0.096553,-0.083002,0.31353,-0.02027,0.275062,-0.062356,0.001685,0.001449
0,-0.100189,-0.136047,-0.221308,-0.070607,-0.268572,-0.045962,0.001749,0.002374
0,0.108263,-0.003813,0.212907,0.124101,0.187013,0.162823,0.00189,6.7e-05
0,-0.043836,-0.011732,-0.159014,-0.013251,-0.115115,0.030856,0.000765,0.000205
0,0.097048,-0.111826,0.120604,-0.0861,0.083039,-0.051516,0.001694,0.001952
0,-0.146292,-0.131329,-0.242239,-0.001528,-0.205246,0.041544,0.002553,0.002292
0,-0.131499,-0.057698,0.000849,0.087137,0.001181,0.069605,0.002295,0.001007
0,-0.07918,-0.024488,0.034758,0.048263,0.062183,0.058827,0.001382,0.000427
0,-0.092574,0.015571,0.002272,0.025505,0.006784,-0.020475,0.001616,0.000272
0,0.091261,0.009427,0.158456,-0.031681,0.173798,-0.010803,0.001593,0.000165
0,-0.159853,0.092182,-0.254983,0.091186,-0.207958,0.075804,0.00279,0.001609
0,0.018984,0.105148,0.169111,-0.007242,0.12777,-0.006806,0.000331,0.001835
0,-0.020939,0.029694,-0.049596,-0.04907,-0.091145,-0.08511,0.000365,0.000518
0,-0.104048,0.005452,-0.105294,-0.007341,-0.115323,0.023345,0.001816,9.5e-05
0,-0.028321,0.14091,0.096106,0.130731,0.124291,0.13311,0.000494,0.002459
0,0.103746,0.05732,0.152973,-0.104412,0.149231,-0.128156,0.001811,0.001
0,-0.001853,0.084569,-0.097625,0.006277,-0.08201,-0.030815,3.2e-05,0.001476
0,0.077551,0.135932,0.070797,0.031611,0.102988,-0.011799,0.001354,0.002372
0,0.038203,0.008998,-0.062735,-0.147983,-0.026174,-0.110369,0.000667,0.000157
0,0.093965,0.067648,0.07338,0.030027,0.037987,0.076632,0.00164,0.001181
0,0.000956,0.153405,-0.116694,0.089729,-0.099846,0.062498,1.7e-05,0.002677
0,0.206017,-0.111075,0.213064,-0.242245,0.236778,-0.210308,0.003596,0.001939
0,-0.011053,-0.027452,-0.231583,0.080159,-0.212646,0.057573,0.000193,0.000479
0,0.01894,-0.100746,0.053564,-0.058079,0.09424,-0.046038,0.000331,0.001758
0,-0.102542,0.147086,-0.092631,0.217884,-0.116347,0.204204,0.00179,0.002567
0,-0.051155,0.115502,0.07468,-0.017344,0.056874,-0.052879,0.000893,0.002016
0,0.033354,0.129918,0.064443,0.002547,0.094312,-0.033663,0.000582,0.002267
0,-0.071941,-0.113885,-0.117497,-0.269946,-0.06912,-0.248098,0.001256,0.001988
0,-0.007559,-0.104453,0.069065,-0.014344,0.046817,-0.013695,0.000132,0.001823
0,0.043521,0.129158,0.032476,0.25368,-0.010506,0.270973,0.00076,0.002254
0,0.019303,0.147936,-0.026223,0.036194,-0.023598,0.022626,0.000337,0.002582
0,-0.129357,-0.045407,-0.13704,-0.20908,-0.12558,-0.248858,0.002258,0.000793
0,-0.114786,-0.023568,-0.007088,0.001156,-0.03612,-0.020216,0.002003,0.000411
0,0.143608,0.214216,0.25172,0.209776,0.223166,0.235286,0.002506,0.003739
0,0.060185,0.093198,-0.06891,-0.110663,-0.052126,-0.065703,0.00105,0.001627
0,0.072184,0.022992,0.014931,-0.048927,-0.028653,-0.029117,0.00126,0.000401
0,-0.028338,0.044275,-0.089708,0.004919,-0.045734,-0.037448,0.000495,0.000773
0,-0.055829,0.087314,-0.016968,0.072671,-0.006294,0.105557,0.000974,0.001524
0,-0.051047,-0.040746,-0.002691,-0.108954,0.005872,-0.100381,0.000891,0.000711
0,0.013137,-0.026102,0.081156,-0.010481,0.117216,0.002144,0.000229,0.000456
0,-0.022065,-0.063953,-0.042595,-0.026073,-0.025575,-0.049471,0.000385,0.001116
0,-0.007963,-0.009897,0.010051,0.053805,-0.019139,0.087311,0.000139,0.000173
0,-0.05281,0.028951,-0.051618,0.055692,-0.011707,0.097411,0.000922,0.000505
0,0.070375,-0.0134,0.123371,-0.027646,0.114997,-0.045288,0.001228,0.000234
0,-0.048313,0.034439,-0.12907,0.072363,-0.090192,0.046877,0.000843,0.000601
0,2.803979,-1.178955,2.835671,-1.184445,2.85406,-1.140158,0.002031,0.002877
0,5.299254,-2.170789,2.501121,-0.963986,2.548139,-0.993522,0.001325,0.001202
0,6.907209,-2.820406,1.593461,-0.62781,1.620998,-0.60945,0.003285,0.002318
0,6.260099,-2.89532,-0.654134,-0.068167,-0.70334,-0.072192,0.000191,0.003626
0,6.151309,-2.161193,-0.098519,0.758686,-0.104697,0.791711,0.00209,0.001369
0,5.25764,-1.534892,-0.905853,0.610779,-0.932001,0.607768,0.002051,0.003335
0,3.64833,-1.222047,-1.612973,0.3102,-1.640178,0.344795,0.001132,0.002125
0,2.844051,-0.541409,-0.821074,0.700017,-0.793765,0.665111,0.002731,0.001631
0,1.578818,-0.34407,-1.241425,0.200077,-1.260689,0.155932,0.003716,0.001813
0,0.521317,-0.118819,-1.044258,0.200496,-1.007818,0.190789,0.001281,0.002074
0,0.355492,0.010048,-0.166054,0.132877,-0.172953,0.095001,0.001613,0.000175
0,0.02343,0.238507,-0.309558,0.230644,-0.307853,0.193703,0.000409,0.003655
0,-0.278995,0.175328,-0.286911,-0.078097,-0.253731,-0.103507,0.002948,0.00306
0,-0.555839,0.193257,-0.259404,-0.012012,-0.223292,-0.058996,0.001883,0.003373
0,-0.712336,0.291899,-0.173001,0.110392,-0.185392,0.087852,0.003203,0.002723
0,-0.457804,0.19191,0.252735,-0.079694,0.265853,-0.054889,0.000172,0.003349
0,-0.531867,0.033927,-0.082822,-0.166405,-0.071853,-0.150506,0.001465,0.000592
0,-0.223197,0.281423,0.3194,0.250876,0.288741,0.230384,0.003896,0.002906
0,-0.380387,0.08848,-0.143436,-0.219715,-0.115122,-0.243479,0.001179,0.001544
0,-0.301406,-0.011863,0.093601,-0.130243,0.104476,-0.129414,0.002557,0.000207
0,-0.396238,0.064541,-0.111956,0.057006,-0.094721,0.091025,0.000902,0.001126
0,-0.392201,0.162385,0.004976,0.125386,0.03209,0.129649,0.000973,0.002834
0,-0.237088,0.130867,0.137574,-0.020087,0.13375,-0.064727,0.00368,0.002284
0,-0.296999,0.01755,-0.076532,-0.135743,-0.074156,-0.122069,0.002634,0.000306
0,-0.355418,0.10355,-0.035463,0.092679,-0.049745,0.098826,0.001615,0.001807
0,-0.429629,0.17421,-0.065916,0.068405,-0.087769,0.051221,0.000319,0.003041
0,-0.369639,0.021254,0.071566,-0.175077,0.079535,-0.20122,0.001366,0.000371
0,-0.253028,0.057844,0.139992,0.016188,0.123105,0.026966,0.003402,0.00101
0,0.199219,-0.118408,0.441007,-0.168387,0.452226,-0.124931,0.003477,0.002067
0,1.860443,-0.758929,1.668038,-0.647228,1.65978,-0.637122,0.001199,0.00239
0,1.933096,-0.815331,0.059011,-0.033272,0.071914,-0.010091,0.002467,0.001406
0,1.759834,-0.948189,-0.157058,-0.126799,-0.157987,-0.173484,0.000557,0.000913
0,1.480502,-0.860329,-0.290816,0.104364,-0.291163,0.075449,0.002386,0.00062
0,1.008207,-0.83533,-0.49018,0.01373,-0.496656,0.017504,0.001961,0.001057
0,0.824415,-0.712765,-0.169118,0.134476,-0.152678,0.134524,0.001247,0.003196
0,0.491306,-0.288595,-0.307969,0.403325,-0.277632,0.440739,0.000757,0.002781
0,0.476388,-0.121974,-0.034598,0.1628,-0.051732,0.131426,0.000497,0.002129
0,0.165803,-0.267331,-0.329012,-0.150461,-0.343738,-0.137492,0.002894,0.003152
0,0.186918,-0.086617,0.045473,0.196028,-0.000246,0.196308,0.003262,0.001512
0,-0.012691,-0.154588,-0.171554,-0.052746,-0.194618,-0.064806,0.000222,0.002698
0,-0.032206,0.00907,-0.04191,0.170132,-0.002408,0.157156,0.000562,0.000158
0,0.218343,-0.065468,0.269134,-0.090797,0.293486,-0.06216,0.003811,0.001143
0,-0.044986,0.157567,-0.237219,0.198043,-0.257321,0.209973,0.000785,0.00275
0,-0.018637,0.028866,0.05077,-0.111963,0.053774,-0.119532,0.000325,0.000504
0,-0.019921,0.048738,0.005428,0.043969,0.015023,0.053391,0.000348,0.000851
0,0.144193,-0.013524,0.19344,-0.084077,0.159523,-0.071242,0.002517,0.000236
0,0.058056,0.186023,-0.078521,0.192294,-0.074422,0.173715,0.001013,0.003247
0,0.184543,0.124558,0.126778,-0.080587,0.0908,-0.090066,0.003221,0.002174
0,0.020093,0.106292,-0.187428,-0.016653,-0.236794,-0.027026,0.000351,0.001855
0,-0.058209,0.237112,-0.073271,0.150192,-0.095782,0.116424,0.001016,0.003679
0,-0.008431,-0.051318,0.072255,-0.292682,0.058783,-0.270958,0.000147,0.000896
0,0.204325,0.169512,0.188769,0.223289,0.216954,0.196819,0.003566,0.002959
0,0.147277,-0.100675,-0.070964,-0.299192,-0.054482,-0.316457,0.00257,0.001757
0,-0.072772,-0.144991,-0.215133,-0.021954,-0.221229,-0.068881,0.00127,0.002531
0,0.082998,-0.016596,0.155858,0.104433,0.168846,0.095417,0.001449,0.00029
0,0.019196,0.12926,-0.09198,0.166603,-0.046214,0.123165,0.000335,0.002256
0,0.133763,0.122464,0.140708,-0.02903,0.155131,-0.057619,0.002335,0.002137
0,0.062569,0.067712,-0.090094,-0.043588,-0.054076,-0.007044,0.001092,0.001182
0,0.046488,-0.119685,0.007942,-0.197574,0.037431,-0.165021,0.000811,0.002089
0,0.006758,-0.061706,-0.028177,0.087861,-0.061288,0.105827,0.000118,0.001077
0,0.060857,0.03364,0.043127,0.117866,0.021204,0.156063,0.001062,0.000587
0,0.049798,-0.103462,0.000217,-0.126012,0.047094,-0.166498,0.000869,0.001806
0,0.163156,-0.011365,0.121144,0.110119,0.154584,0.066489,0.002848,0.000198
0,0.119265,0.002216,-0.035023,0.00598,0.009101,0.054287,0.002082,3.9e-05
0,0.074597,0.038157,-0.033855,0.037201,-0.000149,0.086177,0.001302,0.000666
0,0.119055,-0.132557,0.061012,-0.173377,0.088507,-0.214087,0.002078,0.002314
0,0.086664,-0.014048,-0.0355,0.142346,0.006764,0.141394,0.001513,0.000245
0,0.022223,0.008754,-0.057695,0.031459,-0.035926,0.063769,0.000388,0.000153
0,-0.039876,-0.029663,-0.090638,-0.064981,-0.122247,-0.099952,0.000696,0.000518
0,-0.001316,-0.020952,0.018347,0.024013,0.035192,-0.022811,2.3e-05,0.000366
0,-0.040202,0.025636,-0.049356,0.043433,-0.068761,0.085669,0.000702,0.000447
0,-0.156289,0.013972,-0.098794,-0.000405,-0.05971,-0.021393,0.002728,0.000244
0,0.061847,-0.040664,0.228542,-0.060568,0.228772,-0.028085,0.001079,0.00071
0,0.042079,-0.044674,-0.043516,-0.02721,-0.036556,0.010937,0.000734,0.00078
0,-0.046747,-0.072287,-0.104878,-0.051276,-0.088948,-0.002282,0.000816,0.001262
0,-0.006983,-0.072073,0.048315,-0.017338,0.086522,-0.047695,0.000122,0.001258
0,-0.121486,0.078174,-0.142594,0.152996,-0.160026,0.159762,0.00212,0.001364
0,0.077128,-0.1548,0.203979,-0.226406,0.181299,-0.230229,0.001346,0.002702
0,-0.018707,0.002069,-0.1195,0.150846,-0.12221,0.176574,0.000326,3.6e-05
0,-0.214684,-0.042182,-0.177092,-0.014304,-0.185139,-0.063637,0.003747,0.000736
0,-0.125069,0.007505,0.06218,0.023866,0.02938,0.001121,0.002183,0.000131
0,0.025352,-0.062672,0.170855,-0.080494,0.134611,-0.122264,0.000442,0.001094
0,-0.099405,-0.077216,-0.10125,0.003257,-0.100799,-0.020615,0.001735,0.001348
0,-0.067012,0.073363,0.057324,0.126477,0.033479,0.092908,0.00117,0.00128
0,-0.059741,-0.007524,-0.002279,-0.087689,-0.004164,-0.065695,0.001043,0.000131
0,-0.103249,0.097573,-0.055973,0.117667,-0.057154,0.136615,0.001802,0.001703
0,-0.234367,0.003916,-0.136015,-0.098889,-0.121832,-0.116473,0.003727,6.8e-05
0,-0.255039,-0.012793,0.007177,-0.021659,0.024391,0.016327,0.003367,0.000223
0,-0.103397,0.117556,0.136227,0.123678,0.132142,0.087,0.001805,0.002052
0,-0.153431,-0.125416,-0.035254,-0.272252,-0.070725,-0.298959,0.002678,0.002189
0,-0.251638,0.042579,-0.089105,0.152047,-0.06968,0.103129,0.003426,0.000743
0,-0.115846,0.082336,0.13038,0.036223,0.092794,0.030846,0.002022,0.001437
0,-0.155161,0.077281,-0.047795,-0.024417,-0.019033,-0.022319,0.002708,0.001349
0,-0.211093,0.013194,-0.04838,-0.078148,-0.082325,-0.113329,0.003684,0.00023
0,-0.180979,-0.130058,0.00165,-0.158984,0.033073,-0.147799,0.003159,0.00227
0,0.009816,-0.158373,0.17829,-0.029492,0.186327,-0.023912,0.000171,0.002764
0,-0.202303,-0.084452,-0.19205,0.085419,-0.237031,0.091142,0.003531,0.001474
0,-0.030432,0.026322,0.193351,0.116679,0.241863,0.102442,0.000531,0.000459
0,-0.174817,0.057475,-0.167467,0.033225,-0.180848,0.054522,0.003051,0.001003
0,0.070947,-0.154373,0.228583,-0.229596,0.190069,-0.20989,0.001238,0.002694
0,-0.185283,0.010073,-0.254365,0.156503,-0.210692,0.127514,0.003234,0.000176
0,-0.199307,-0.152911,-0.037066,-0.144584,-0.083575,-0.172834,0.003479,0.002669
0,0.031537,-0.050163,0.213329,0.078784,0.259293,0.03928,0.00055,0.000876
0,-0.120133,-0.107053,-0.127555,-0.033407,-0.163476,0.008709,0.002097,0.001868
0,-0.04016,-0.061089,0.095441,0.062022,0.10369,0.067398,0.000701,0.001066
0,-0.174701,0.07501,-0.108613,0.14251,-0.06098,0.106128,0.003049,0.001309
0,-0.10864,-0.100132,0.053453,-0.187514,0.032504,-0.196363,0.001896,0.001748
0,-0.171887,-0.005589,-0.080102,0.114555,-0.11904,0.118535,0.003,9.8e-05
0,-0.015271,0.141913,0.171262,0.173276,0.182346,0.174879,0.000267,0.002477
0,0.000857,0.045509,0.015959,-0.099664,0.026885,-0.087123,1.5e-05,0.000794
0,-0.158367,-0.060102,-0.176333,-0.118884,-0.210557,-0.094838,0.002764,0.001049
0,-0.087399,-0.15952,0.099667,-0.073206,0.076635,-0.109844,0.001525,0.002784
0,-0.143469,-0.136726,-0.05243,0.05013,-0.076588,0.021791,0.002504,0.002386
0,0.044367,-0.059773,0.17546,0.052632,0.132842,0.099702,0.000774,0.001043
0,-0.158928,0.052618,-0.183526,0.118582,-0.141142,0.164069,0.002774,0.000918
0,-0.087529,0.058489,0.099049,0.016965,0.102692,0.017805,0.001528,0.001021
0,-0.263195,0.022954,-0.191675,-0.064248,-0.174009,-0.020606,0.003224,0.000401
0,-0.170826,-0.016229,0.120604,-0.042213,0.150804,-0.011207,0.002981,0.000283
0,-0.968035,-0.144583,-0.809832,-0.120007,-0.858167,-0.118896,0.00126,0.002523
0,-1.56545,-0.047388,-0.603782,0.074228,-0.645981,0.036733,0.003869,0.000827
0,-1.906342,-0.089726,-0.337039,-0.01567,-0.354473,-0.048427,0.002,0.001566
0,-2.037132,-0.007418,-0.156354,0.052675,-0.171779,0.0527,0.003535,0.000129
0,-1.649491,-0.289285,0.374534,-0.261266,0.407675,-0.237543,0.002482,0.002769
0,-1.24723,-0.037254,0.39308,0.262933,0.373136,0.247327,0.001685,0.00065
0,-0.790544,-0.17043,0.427085,-0.140048,0.459667,-0.141736,0.001838,0.002975
0,-0.716335,-0.153277,0.046373,0.042253,0.059066,-0.007342,0.003133,0.002675
0,-0.444616,0.085445,0.286097,0.261509,0.253557,0.253204,5.8e-05,0.001491
0,-0.265779,-0.107985,0.161184,-0.209494,0.130149,-0.175708,0.003179,0.001885
0,-0.043428,-0.156803,0.229067,-0.056729,0.203596,-0.079367,0.000758,0.002737
0,0.142339,0.049185,0.174891,0.19662,0.174439,0.207517,0.002484,0.000858
0,0.3077,-0.113395,0.162546,-0.169901,0.140293,-0.201951,0.002447,0.001979
0,0.376006,-0.168027,0.070588,-0.07754,0.107362,-0.073642,0.001255,0.002933
0,0.119674,-0.052899,-0.243673,0.120937,-0.220161,0.126392,0.002089,0.000923
0,0.195347,0.083879,0.082672,0.128375,0.092815,0.099991,0.003409,0.001464
0,0.16911,-0.12586,-0.042173,-0.186597,-0.074168,-0.211652,0.002952,0.002197
0,0.105861,0.072099,-0.077968,0.206719,-0.116818,0.169451,0.001848,0.001258
0,-0.009315,-0.113914,-0.085321,-0.179656,-0.042747,-0.168556,0.000163,0.001988
0,0.159549,0.00103,0.155726,0.131132,0.123193,0.137517,0.002785,1.8e-05
0,0.086697,0.056982,-0.086114,0.054254,-0.054703,0.026899,0.001513,0.000995
0,0.204157,-0.089977,0.119658,-0.135461,0.160482,-0.143282,0.003563,0.00157
0,0.106681,0.048449,-0.078762,0.133722,-0.107865,0.129833,0.001862,0.000846
0,0.222949,0.060894,0.108743,0.029145,0.067191,0.048325,0.003891,0.001063
0,0.106081,0.088643,-0.136545,0.042258,-0.177595,0.02323,0.001851,0.001547
0,0.228373,-0.005409,0.097006,-0.085105,0.053283,-0.090241,0.003832,9.4e-05
0,-0.01337,-0.116259,-0.25503,-0.127156,-0.27539,-0.166006,0.000233,0.002029
0,0.162163,-0.007558,0.172248,0.090454,0.154472,0.040921,0.00283,0.000132
0,0.143629,-0.112631,-0.014121,-0.120781,-0.063226,-0.072948,0.002507,0.001966
0,-0.05993,0.08561,-0.178349,0.187911,-0.205851,0.209555,0.001046,0.001494
0,-0.111021,-0.176827,-0.058369,-0.250763,-0.100278,-0.292422,0.001938,0.003086
0,0.069991,0.004959,0.204218,0.197772,0.198703,0.147952,0.001222,8.7e-05
0,0.015671,0.098589,-0.02681,0.086369,-0.030512,0.040539,0.000274,0.001721
0,-0.049728,0.018298,-0.087366,-0.086116,-0.111046,-0.048468,0.000868,0.000319
0,0.022605,0.10343,0.043089,0.090926,0.065731,0.124128,0.000395,0.001805
0,-0.082746,-0.091896,-0.114302,-0.204738,-0.163367,-0.158259,0.001444,0.001604
0,0.128842,-0.120932,0.224541,-0.045899,0.23229,-0.042144,0.002249,0.002111
0,-0.055333,-0.025804,-0.211818,0.084286,-0.173652,0.127127,0.000966,0.00045
0,0.013196,-0.059362,0.053266,-0.046448,0.040566,-0.048681,0.00023,0.001036
0,-0.03097,-0.034598,-0.074071,0.035933,-0.064503,0.02194,0.000541,0.000604
0,-0.095984,0.110421,-0.075476,0.116464,-0.037705,0.133553,0.001675,0.001927
0,-0.096182,-0.171445,0.025675,-0.288664,0.030661,-0.317259,0.001679,0.002992
0,0.08967,-0.124344,0.183472,0.021121,0.143256,0.025426,0.001565,0.00217
0,-0.004119,-0.18801,-0.110307,-0.08846,-0.134353,-0.04422,7.2e-05,0.003281
0,-0.108802,-0.192811,-0.086813,0.005485,-0.037549,-0.029696,0.001899,0.003365
0,-0.135854,-0.01843,-0.029637,0.164087,-0.045172,0.211946,0.002371,0.000322
0,-0.188491,0.026967,-0.04929,0.031545,-0.024314,0.046882,0.00329,0.000471
0,-0.042657,0.011397,0.155696,0.005106,0.113331,0.003777,0.000745,0.000199
0,0.0061,-0.13312,0.051587,-0.12085,0.028078,-0.126539,0.000106,0.002323
0,-0.108218,-0.063861,-0.087475,0.098093,-0.092926,0.060269,0.001889,0.001115
0,0.037522,-0.072602,0.134265,-0.01288,0.179298,-0.059225,0.000655,0.001267
0,-0.070578,-0.121183,-0.136057,-0.052904,-0.150536,-0.009053,0.001232,0.002115
0,0.011173,-0.107616,0.056752,0.011958,0.075862,0.033664,0.000195,0.001878
0,-0.015503,-0.05179,0.000273,0.064622,0.031712,0.074668,0.000271,0.000904
0,0.036329,0.039613,0.081531,0.113893,0.068071,0.146385,0.000634,0.000691
0,0.07586,0.018501,0.036583,-0.038067,-0.004105,0.000708,0.001324,0.000323
0,-0.01547,0.026878,-0.094539,-0.021455,-0.104965,-0.035329,0.00027,0.000469
0,0.053231,-0.010987,0.093535,-0.053532,0.119094,-0.036573,0.000929,0.000192
0,0.024328,0.054642,-0.033131,0.060979,-0.059427,0.036592,0.000425,0.000954
0,0.024575,0.080744,0.016774,0.036735,0.003864,0.079046,0.000429,0.001409
0,-0.097136,0.038999,-0.112747,-0.042661,-0.129876,-0.048514,0.001695,0.000681
0,0.061903,0.033015,0.167416,-0.023679,0.166831,-0.023178,0.00108,0.000576
0,0.052406,-0.121923,-0.018625,-0.160736,-0.065663,-0.192052,0.000915,0.002128
0,0.14154,0.019844,0.072435,0.117709,0.114252,0.127682,0.00247,0.000346
0,0.139926,0.099439,0.010936,0.073219,-0.030417,0.066279,0.002442,0.001736
0,-0.033671,-0.120197,-0.160845,-0.249632,-0.135817,-0.289314,0.000588,0.002098
0,0.174144,-0.046129,0.214268,0.066836,0.184802,0.073596,0.003039,0.000805
0,-0.029322,-0.134267,-0.215463,-0.068571,-0.25301,-0.096765,0.000512,0.002343
0,0.186133,0.063893,0.24485,0.185698,0.254001,0.169627,0.003249,0.001115
0,0.173102,0.021674,0.01299,-0.043516,0.047263,-0.09273,0.003021,0.000378
0,-0.081957,-0.078511,-0.271873,-0.115468,-0.245203,-0.133501,0.00143,0.00137
0,0.064621,-0.100672,0.171136,0.003135,0.136959,0.046501,0.001128,0.001757
0,0.154099,0.036829,0.099441,0.113297,0.070385,0.104658,0.00269,0.000643
0,0.161738,0.044349,0.018636,0.022355,-0.004985,0.007653,0.002823,0.000774
0,0.11125,-0.106828,-0.04719,-0.15706,-0.023794,-0.110378,0.001942,0.001865
0,0.025349,0.147857,-0.064567,0.262168,-0.053883,0.264648,0.000442,0.002581
0,0.118838,0.158999,0.100931,0.014573,0.066489,0.053277,0.002074,0.002775
0,0.150555,-0.053058,0.034346,-0.198529,0.038254,-0.153254,0.002628,0.000926
0,0.203848,0.001073,0.025775,0.080761,0.051966,0.082787,0.003558,1.9e-05
0,0.104563,0.101961,-0.111414,0.096254,-0.114479,0.0778,0.001825,0.00178
0,0.063034,0.039349,-0.023115,-0.038837,-0.018124,-0.067107,0.0011,0.000687
0,0.055014,0.012701,0.009887,-0.023112,0.054635,-0.071047,0.00096,0.000222
0,0.252886,-0.051511,0.197032,-0.073045,0.205949,-0.104247,0.003404,0.000899
0,0.115112,0.147142,-0.167073,0.205481,-0.213818,0.238358,0.002009,0.002568
0,0.021052,0.131777,-0.095747,-0.0433,-0.128021,-0.001798,0.000367,0.0023
0,0.181236,-0.102466,0.16774,-0.232832,0.197075,-0.198999,0.003163,0.001788
0,0.176351,-0.027821,0.010282,0.067667,0.026042,0.052179,0.003078,0.000486
0,-0.033011,0.037815,-0.192105,0.063669,-0.168142,0.095803,0.000576,0.00066
0,0.199682,-0.071495,0.250829,-0.117906,0.251346,-0.076729,0.003485,0.001248
0,-0.019484,-0.009797,-0.190072,0.05145,-0.239056,0.020652,0.00034,0.000171
0,-0.032373,0.033332,0.014263,0.036329,-0.027031,-0.005156,0.000565,0.000582
0,-0.036653,0.109566,-0.002046,0.060532,0.015249,0.063469,0.00064,0.001912
0,-0.076612,-0.042831,-0.028832,-0.154806,0.015024,-0.168111,0.001337,0.000748
0,0.146087,0.045963,0.242529,0.108608,0.23167,0.059258,0.00255,0.000802
0,0.054232,0.00745,-0.08736,-0.032754,-0.061538,-0.02638,0.000947,0.00013
0,0.041579,0.125528,0.011954,0.092411,-0.008336,0.107805,0.000726,0.002191
0,0.003619,0.054531,-0.040963,-0.067689,-0.06544,-0.056606,6.3e-05,0.000952
0,-0.12348,0.053955,-0.097463,0.018954,-0.072411,0.057051,0.002155,0.000942
0,-0.140612,-0.085823,-0.02722,-0.137407,-0.016607,-0.143839,0.002454,0.001498
0,0.015607,0.093997,0.133009,0.157774,0.166223,0.202235,0.000272,0.001641
0,-0.123755,0.100238,-0.116256,0.016596,-0.136196,-0.032859,0.00216,0.001749
0,-0.127744,0.080929,-0.001818,-0.04802,-0.019435,-0.081144,0.00223,0.001412
0,-0.072039,-0.068596,0.059029,-0.178022,0.093736,-0.128065,0.001257,0.001197
0,0.050345,0.112767,0.1456,0.176013,0.124562,0.22488,0.000879,0.001968
0,-0.112421,-0.031351,-0.171736,-0.156132,-0.211007,-0.109895,0.001962,0.000547
0,-0.13514,0.014137,-0.022254,0.042108,-0.003019,0.036946,0.002359,0.000247
0,-0.140154,0.043663,-0.007899,0.003949,0.019237,-0.040342,0.002446,0.000762
0,-0.182754,0.047234,-0.02035,-0.025115,0.023031,-0.035276,0.00319,0.000824
0,-0.258238,0.081588,-0.069424,0.006994,-0.055446,0.020384,0.003311,0.001424
0,-0.226227,0.029376,0.018879,-0.043424,0.01563,-0.03932,0.003869,0.000513
0,-0.006969,0.161713,0.212913,0.158419,0.244831,0.109226,0.000122,0.002822
0,-0.070929,0.159168,-0.039852,-0.018384,-0.04577,0.011791,0.001238,0.002778
0,-0.166716,0.037032,-0.089122,-0.14,-0.118238,-0.093175,0.00291,0.000646
0,-0.188327,0.162729,-0.022772,0.127597,0.009518,0.145883,0.003287,0.00284
0,-0.157328,-0.091221,0.031815,-0.23653,0.014364,-0.264152,0.002746,0.001592
0,-0.164976,-0.025783,0.018492,0.077875,0.032549,0.126452,0.002879,0.00045
0,-0.081127,-0.04958,0.063366,-0.033243,0.104717,-0.054616,0.001416,0.000865
0,-0.011115,-0.004392,0.078002,0.018749,0.093039,0.050144,0.000194,7.7e-05
0,-0.202196,0.126706,-0.181408,0.149265,-0.146072,0.182647,0.003529,0.002211
0,-0.110961,0.154006,0.085602,0.016135,0.105065,0.04966,0.001937,0.002688
0,0.015307,0.036977,0.107191,-0.088975,0.14493,-0.069579,0.000267,0.000645
0,0.021422,-0.0847,-0.019561,-0.150456,-0.007688,-0.172402,0.000374,0.001478
0,0.0814,-0.037438,0.059315,0.018805,0.015628,0.006795,0.001421,0.000653
0,-0.115857,-0.004297,-0.208481,0.037938,-0.21926,0.054216,0.002022,7.5e-05
0,-0.168109,-0.162332,-0.069529,-0.130176,-0.087714,-0.167027,0.002934,0.002833
0,-0.030032,0.023722,0.13173,0.169017,0.085798,0.199651,0.000524,0.000414
0,0.049661,-0.055059,0.073141,-0.075034,0.118575,-0.086746,0.000867,0.000961
0,-0.190533,0.047955,-0.260398,0.122922,-0.234769,0.102253,0.003325,0.000837
0,-0.09348,-0.000625,0.123713,-0.064953,0.077116,-0.077164,0.001632,1.1e-05
0,-0.00508,-0.158268,0.106226,-0.164718,0.070247,-0.177995,8.9e-05,0.002762
0,-0.125218,-0.060344,-0.122227,0.099052,-0.102917,0.105932,0.002185,0.001053
0,-0.020245,0.063146,0.113129,0.130289,0.08838,0.09652,0.000353,0.001102
0,-0.121685,-0.075873,-0.077628,-0.168269,-0.090156,-0.150543,0.002124,0.001324
0,-0.033155,0.086574,0.118268,0.15408,0.082419,0.127255,0.000579,0.001511
0,-0.0484,0.101484,-0.0033,0.024811,0.000653,0.038833,0.000845,0.001771
0,-0.090113,-0.117025,-0.032594,-0.242353,-0.049323,-0.258332,0.001573,0.002042
0,-0.075559,0.102758,-0.01066,0.194299,0.008713,0.197061,0.001319,0.001793
0,-0.110454,-0.023174,-0.051063,-0.103534,-0.091671,-0.070119,0.001928,0.000404
0,-0.276572,0.012553,-0.151758,0.062221,-0.124508,0.053464,0.002991,0.000219
0,-0.203248,-0.154443,0.06812,-0.159752,0.030055,-0.135502,0.003547,0.002696
0,-0.161581,-0.066465,0.040909,0.102564,0.011645,0.145917,0.00282,0.00116
0,-0.222973,0.000617,-0.061055,0.096013,-0.101457,0.118469,0.003892,1.1e-05
0,-0.027682,-0.164828,0.200493,-0.186461,0.151077,-0.192571,0.000483,0.002877
0,-0.188918,-0.101729,-0.13173,0.087256,-0.095286,0.101438,0.003297,0.001776
0,-0.231717,-0.152139,-0.071861,-0.071447,-0.0682,-0.023998,0.003774,0.002655
0,-0.267227,-0.075237,-0.021825,0.065908,-0.045895,0.051034,0.003154,0.001313
0,-0.329149,0.125263,-0.05871,0.174577,-0.02367,0.210765,0.002073,0.002186
0,-0.297728,-0.107279,0.028065,-0.211964,0.026641,-0.178717,0.002622,0.001872
0,-0.2279,-0.084214,0.053384,0.029287,0.050307,-0.014923,0.00384,0.00147
0,-0.13697,-0.02126,0.102113,0.040489,0.101413,0.08286,0.002391,0.000371
0,-0.032704,0.134029,0.110888,0.143994,0.153697,0.094625,0.000571,0.002339
0,-0.079016,0.007345,-0.027484,-0.105868,-0.055895,-0.064468,0.001379,0.000128
0,-0.199187,0.229008,-0.127013,0.217534,-0.09718,0.241205,0.003476,0.003821
0,-0.061244,0.232772,0.123236,-0.024718,0.089737,-0.069583,0.001069,0.003755
0,-0.225211,0.206684,-0.156428,-0.012048,-0.180192,-0.027668,0.003887,0.003607
0,-0.052029,-0.029151,0.190875,-0.254334,0.169348,-0.267792,0.000908,0.000509
0,-0.111804,0.150758,-0.042829,0.157223,-0.006834,0.152769,0.001951,0.002631
0,-0.170472,0.219027,-0.079463,0.088998,-0.051985,0.136244,0.002975,0.003823
0,-0.180498,-0.031931,0.001311,-0.231076,0.013356,-0.223657,0.00315,0.000557
0,0.018437,0.077069,0.226581,0.083915,0.215597,0.07911,0.000322,0.001345
0,-0.18056,0.232763,-0.187541,0.137279,-0.187906,0.113148,0.003151,0.003755
0,-0.004642,-0.028059,0.196247,-0.243237,0.240971,-0.284774,8.1e-05,0.00049
0,0.102409,0.145251,0.10581,0.148386,0.146332,0.18109,0.001787,0.002535
0,-0.120341,0.238121,-0.209028,0.092004,-0.1949,0.133407,0.0021,0.003662
0,0.103909,0.057154,0.206663,-0.198954,0.252996,-0.176559,0.001814,0.000998
0,0.183644,-0.071147,0.051921,-0.15543,0.006213,-0.118112,0.003205,0.001242
0,0.106761,0.060306,-0.06259,0.147671,-0.024742,0.110041,0.001863,0.001053
0,0.042075,-0.072585,-0.079824,-0.153932,-0.058997,-0.200804,0.000734,0.001267
0,0.00632,-0.018802,-0.043425,0.039851,0.005355,0.021139,0.00011,0.000328
0,-0.039501,-0.066736,-0.059914,-0.066168,-0.012766,-0.052622,0.000689,0.001165
0,0.065684,0.00714,0.076417,0.088095,0.093429,0.064068,0.001146,0.000125
0,-0.016858,0.107753,-0.071085,0.093824,-0.094317,0.091917,0.000294,0.001881
0,-0.168116,0.140753,-0.168565,0.051157,-0.137265,0.030488,0.002934,0.002457
0,0.037965,0.186783,0.228245,0.035832,0.2119,-0.01298,0.000663,0.00326
0,-0.180753,0.059962,-0.238601,-0.112739,-0.245091,-0.079554,0.003155,0.001047
0,-0.190825,0.174561,0.013489,0.084875,-0.007403,0.11584,0.003331,0.003047
0,-0.064476,-0.017458,0.127314,-0.170093,0.091871,-0.214125,0.001125,0.000305
0,-0.174722,0.065124,-0.097511,0.085984,-0.121727,0.041411,0.003049,0.001137
0,-0.131114,-0.118766,0.058432,-0.177681,0.027602,-0.189514,0.002288,0.002073
0,-0.118358,0.058669,0.013648,0.163353,-0.025043,0.176954,0.002066,0.001024
0,-0.141624,-0.046234,-0.028479,-0.107647,-0.057481,-0.116269,0.002472,0.000807
0,-0.093179,0.135822,0.055704,0.210674,0.093192,0.255424,0.001626,0.002371
0,-0.347875,-0.033714,-0.248185,-0.161604,-0.268298,-0.187207,0.001746,0.000588
0,-0.07635,0.029478,0.300743,0.041054,0.326268,0.074032,0.001333,0.000514
0,2.15453,-0.031517,2.255446,-0.037499,2.234908,-0.017401,0.001486,0.00055
0,4.337125,-0.221136,2.197491,-0.190961,2.234933,-0.224422,0.002482,0.00386
0,4.756377,-0.234458,0.439663,-0.036084,0.400079,-0.080009,0.002982,0.003726
0,5.512318,-0.333929,0.767598,-0.071906,0.723151,-0.075613,0.002394,0.00199
0,3.963561,-0.216225,-1.52204,0.12647,-1.521536,0.160809,0.001184,0.003774
0,3.757001,-0.461867,-0.22851,-0.238094,-0.242137,-0.220735,0.003029,0.000243
0,2.934022,-0.372439,-0.814908,0.07113,-0.821555,0.086824,0.003517,0.001318
0,2.025011,-0.083714,-0.9101,0.300333,-0.942012,0.315656,0.003746,0.001461
0,1.301735,-0.047705,-0.706948,0.036346,-0.697425,0.021262,0.000734,0.000833
0,0.75748,0.029648,-0.540126,0.090198,-0.507617,0.051233,0.002415,0.000517
0,0.627777,-0.131809,-0.119385,-0.18791,-0.1336,-0.216507,0.003139,0.002301
0,0.121318,-0.105494,-0.492934,0.051083,-0.523879,0.004685,0.002117,0.001841
0,-0.167628,-0.11391,-0.287772,-0.022951,-0.271007,-0.05064,0.002926,0.001988
0,-0.215964,-0.034015,-0.04099,0.083744,-0.009946,0.078397,0.003769,0.000594
0,-0.384052,0.001637,-0.15527,0.049925,-0.127371,0.079724,0.001115,2.9e-05
0,-0.212482,-0.127596,0.150193,-0.136836,0.130095,-0.155931,0.003709,0.002227
0,-0.270433,-0.118227,-0.072324,0.019034,-0.058839,-0.030367,0.003098,0.002063
0,-0.117142,-0.165688,0.13246,-0.041296,0.174325,-0.067597,0.002045,0.002892
0,-0.340229,-0.175558,-0.214115,-0.012868,-0.203841,-0.042584,0.00188,0.003064
0,-0.152057,-0.19269,0.196089,-0.045956,0.167672,-0.028654,0.002654,0.003363
0,-0.213705,0.086426,-0.08688,0.252185,-0.044257,0.210079,0.00373,0.001508
0,-0.061912,-0.165845,0.175563,-0.230683,0.190564,-0.252459,0.001081,0.002895
0,-0.264064,0.029239,-0.201855,0.185241,-0.22941,0.166337,0.003209,0.00051
0,-0.244483,0.12066,0.024754,0.064557,-0.006899,0.095681,0.003551,0.002106
0,-0.122653,-0.090835,0.105931,-0.222439,0.102896,-0.20679,0.002141,0.001585
0,-0.137846,0.085874,-0.039544,0.194929,0.007203,0.212314,0.002406,0.001499
0,-0.297085,-0.099391,-0.183565,-0.208604,-0.213564,-0.205288,0.002633,0.001735
0,-0.293101,0.030371,-0.003026,0.112841,0.035582,0.11354,0.002702,0.00053
0,-0.240049,-0.182996,0.058631,-0.223325,0.096832,-0.262765,0.003628,0.003194
0,-0.021673,-0.122403,0.234728,0.074389,0.242704,0.055333,0.000378,0.002136
0,-0.154314,-0.179693,-0.153172,-0.072968,-0.158606,-0.083808,0.002693,0.003136
0,-0.208198,-0.168836,-0.037283,-0.018493,-0.021894,0.007752,0.003634,0.002947
0,0.027522,-0.159039,0.253194,0.028737,0.266395,0.025985,0.00048,0.002776
0,-0.151027,0.02366,-0.153222,0.190771,-0.115453,0.160059,0.002636,0.000413
0,-0.029359,-0.044776,0.139444,-0.082645,0.107222,-0.095428,0.000512,0.000781
0,-0.193018,0.070288,-0.181277,0.107885,-0.193643,0.090266,0.003369,0.001227
0,-0.087594,0.099904,0.123303,0.0134,0.079085,0.019644,0.001529,0.001744
0,-0.058173,-0.11371,0.040684,-0.194004,0.027896,-0.197521,0.001015,0.001985
0,-0.102225,-0.133052,-0.067233,-0.002237,-0.060224,0.022466,0.001784,0.002322
0,-0.084693,0.007501,0.003196,0.121965,0.030775,0.168449,0.001478,0.000131
0,-0.025213,-0.205315,0.049435,-0.208148,0.078014,-0.1961,0.00044,0.003583
0,-0.001877,-0.080726,0.038413,0.139377,0.02676,0.168242,3.3e-05,0.001409
0,-0.036164,0.084231,-0.060149,0.16912,-0.059769,0.192032,0.000631,0.00147
0,0.159076,-0.101477,0.207317,-0.161444,0.225603,-0.186785,0.002776,0.001771
0,0.01899,-0.167236,-0.122985,-0.036577,-0.159492,-0.074618,0.000331,0.002919
0,-0.014987,-0.167371,-0.030799,-0.028492,-0.054159,-0.028441,0.000262,0.002921
0,-0.017444,0.077005,0.007049,0.222647,0.00071,0.248426,0.000304,0.001344
0,0.062856,-0.13404,0.094898,-0.209857,0.095906,-0.247646,0.001097,0.002339
0,-0.019665,-0.151259,-0.057329,-0.015425,-0.044168,-0.061724,0.000343,0.00264
0,-0.002852,0.013401,0.010528,0.172566,0.0507,0.189153,5e-05,0.000234
0,0.172939,-0.013821,0.175839,-0.026285,0.14606,-0.04923,0.003018,0.000241
0,0.178512,0.003166,-0.015566,0.042292,-0.054922,0.017433,0.003116,5.5e-05
0,0.225526,-0.119333,0.059484,-0.146974,0.063258,-0.124219,0.003882,0.002083
0,0.155392,0.086013,-0.084208,0.222562,-0.071576,0.1792,0.002712,0.001501
0,0.25775,-0.072988,0.079829,-0.176379,0.061423,-0.20779,0.003319,0.001274
0,0.007646,0.118568,-0.249591,0.19465,-0.290703,0.171855,0.000133,0.002069
0,0.044665,-0.011823,0.027527,-0.139338,0.070278,-0.144022,0.00078,0.000206
0,0.055832,0.032449,0.006657,0.036762,-0.040116,0.054845,0.000974,0.000566
0,0.001979,0.093861,-0.025743,0.055204,-0.039256,0.01388,3.5e-05,0.001638
0,0.194129,0.023005,0.181544,-0.062938,0.173674,-0.070898,0.003388,0.000402
0,-0.075862,-0.062219,-0.266865,-0.074523,-0.262598,-0.060303,0.001324,0.001086
0,-0.086944,0.086478,0.008974,0.12245,0.016441,0.139572,0.001517,0.001509
0,0.0114,0.184347,0.120703,0.103419,0.098193,0.062346,0.000199,0.003217
0,-0.012283,0.164028,-0.009397,-0.019831,0.017656,-0.05735,0.000214,0.002863
0,-0.025752,0.047889,-0.032077,-0.124348,-0.024492,-0.101673,0.000449,0.000836
0,-0.027742,-0.030207,0.014352,-0.09703,0.046852,-0.126216,0.000484,0.000527
0,-0.094511,-0.000492,-0.059924,0.03719,-0.038813,0.017114,0.00165,9e-06
0,-0.064212,-0.03764,0.029605,-0.012162,0.004595,0.020849,0.001121,0.000657
0,0.095632,-0.065812,0.166769,-0.044206,0.188781,0.000853,0.001669,0.001149
0,0.119459,0.021928,-0.002003,0.081484,-0.017634,0.047046,0.002085,0.000383
0,0.095602,-0.074593,-0.050041,-0.099116,-0.033835,-0.117806,0.001669,0.001302
0,-0.071331,-0.037815,-0.175679,0.048238,-0.145429,0.00639,0.001245,0.00066
0,-0.134935,-0.041125,-0.039139,0.001666,-0.049188,-0.022968,0.002355,0.000718
0,-0.110041,0.145288,0.014929,0.191648,-0.034094,0.239018,0.001921,0.002536
0,0.056667,-0.107062,0.19144,-0.238495,0.22242,-0.213,0.000989,0.001869
0,-0.069711,-0.11944,-0.147579,-0.020392,-0.142511,0.009899,0.001217,0.002085
0,0.079991,0.118051,0.148551,0.249152,0.127676,0.256028,0.001396,0.00206
0,0.078234,0.075263,0.010869,-0.037596,0.029217,-0.062186,0.001365,0.001314
0,-0.067201,-0.013693,-0.136639,-0.110812,-0.129923,-0.089185,0.001173,0.000239
0,-0.015834,-0.00198,0.02931,0.024788,-0.006091,0.036719,0.000276,3.5e-05
0,0.135793,-0.084936,0.155645,-0.059365,0.182347,-0.061733,0.00237,0.001482
0,0.011185,0.116883,-0.12788,0.193856,-0.115006,0.194744,0.000195,0.00204
0,-0.095837,-0.016879,-0.118192,-0.148719,-0.16689,-0.169836,0.001673,0.000295
0,0.140043,-0.067593,0.234418,-0.064271,0.205367,-0.041346,0.002444,0.00118
0,-0.105516,0.077226,-0.272678,0.159644,-0.285121,0.154724,0.001842,0.001348
0,-0.131719,0.119492,-0.028466,0.042403,-0.05966,0.076702,0.002299,0.002086
0,0.062088,-0.1021,0.172909,-0.228996,0.134508,-0.206293,0.001084,0.001782
0,0.130614,-0.038955,0.042557,0.084388,0.048291,0.12283,0.00228,0.00068
0,-0.010196,0.157093,-0.166789,0.208758,-0.176231,0.211967,0.000178,0.002742
0,0.162648,0.168128,0.146524,-0.001147,0.1242,-0.01384,0.002839,0.002934
0,0.173145,0.085087,-0.010782,-0.101199,-0.012997,-0.084688,0.003022,0.001485
0,0.106845,-0.028703,-0.077916,-0.108578,-0.098073,-0.131893,0.001865,0.000501
0,-0.016263,0.042613,-0.118507,0.083949,-0.138122,0.06178,0.000284,0.000744
0,0.035725,-0.064526,0.055861,-0.090483,0.010734,-0.063449,0.000624,0.001126
0,-0.099844,0.059239,-0.132796,0.113048,-0.124088,0.107079,0.001743,0.001034
0,0.062386,0.042423,0.163956,-0.026218,0.194316,-0.034841,0.001089,0.00074
0,-0.114472,0.089159,-0.176067,0.073038,-0.217844,0.10324,0.001998,0.001556
0,0.04211,0.158309,0.134815,0.080227,0.151817,0.098445,0.000735,0.002763
0,-0.152725,-0.039878,-0.174136,-0.208533,-0.199509,-0.176114,0.002666,0.000696
0,-0.027176,0.078226,0.123362,0.110275,0.153207,0.14036,0.000474,0.001365
0,0.093443,-0.022344,0.111261,-0.103303,0.099972,-0.120979,0.001631,0.00039
0,0.132654,-0.016499,0.041453,0.012785,0.04758,-0.010579,0.002315,0.000288
0,0.058149,0.039873,-0.088431,0.047752,-0.08137,0.053532,0.001015,0.000696
0,0.170564,-0.012689,0.112496,-0.028016,0.093614,-0.024927,0.002977,0.000221
0,2.419575,0.294401,2.269275,0.303189,2.279072,0.274585,0.00314,0.00268
0,3.401915,0.374839,1.010093,0.062457,1.018434,0.017033,0.003168,0.001276
0,3.670322,0.374719,0.261489,-0.029455,0.24282,0.019721,0.001516,0.001278
0,2.982695,0.525884,-0.662732,0.147607,-0.695878,0.167477,0.002667,0.001361
0,2.728021,0.226739,-0.240683,-0.275728,-0.243942,-0.273348,0.000706,0.003861
0,2.265856,0.343507,-0.45676,0.135557,-0.475361,0.102947,0.000457,0.001823
0,1.646244,0.096615,-0.595993,-0.222925,-0.579291,-0.24193,0.002539,0.001686
0,0.805941,0.292837,-0.850522,0.209003,-0.809711,0.19519,0.001569,0.002707
0,0.207963,0.219195,-0.574077,-0.098775,-0.528245,-0.083713,0.00363,0.003826
0,-0.062574,-0.06226,-0.296467,-0.288987,-0.255034,-0.272583,0.001092,0.001087
0,-0.274976,-0.117342,-0.23774,-0.062645,-0.222909,-0.0151,0.003019,0.002048
0,-0.333504,-0.129789,-0.083889,0.004326,-0.034682,0.053038,0.001997,0.002265
0,-0.287626,-0.00961,0.045147,0.099107,0.061414,0.05885,0.002798,0.000168
0,-0.318785,0.044582,-0.037709,0.024587,-0.04242,0.026127,0.002254,0.000778
0,-0.004162,-0.112523,0.287043,-0.162847,0.317016,-0.196298,7.3e-05,0.001964
0,-0.136207,-0.143975,-0.137883,-0.030053,-0.126983,-0.077596,0.002377,0.002513
0,-0.009315,-0.094787,0.13511,0.021834,0.183879,0.063436,0.000163,0.001654
0,0.019135,0.026779,0.054195,0.118225,0.073127,0.087444,0.000334,0.000467
0,-0.035878,0.010688,-0.063999,0.010214,-0.055077,0.052245,0.000626,0.000187
0,-0.063502,-0.23962,-0.028886,-0.255806,0.010682,-0.2703,0.001108,0.003636
0,0.046475,-0.049168,0.112477,0.198829,0.126631,0.210102,0.000811,0.000858
0,-0.097886,0.129425,-0.165509,0.195368,-0.2066,0.210499,0.001708,0.002259
0,0.096399,0.124733,0.185804,-0.022268,0.212676,0.007526,0.001682,0.002177
0,0.079334,0.156962,0.003997,0.018479,-0.032142,0.022542,0.001385,0.00274
0,0.134239,-0.116128,0.048613,-0.295072,0.0168,-0.32433,0.002343,0.002027
0,-0.113063,0.086737,-0.223374,0.195917,-0.236725,0.146953,0.001973,0.001514
0,-0.038959,-0.093787,0.090695,-0.19279,0.066609,-0.203244,0.00068,0.001637
0,0.138548,-0.042232,0.203077,0.071151,0.191024,0.119919,0.002418,0.000737
0,-0.091223,0.010324,-0.212222,0.050707,-0.195071,0.090376,0.001592,0.00018
0,0.061834,0.175384,0.133581,0.193028,0.109899,0.213265,0.001079,0.003061
0,0.134796,0.006057,0.07088,-0.197689,0.102114,-0.186653,0.002353,0.000106
0,0.032832,0.170531,-0.110335,0.182508,-0.065501,0.225514,0.000573,0.002976
0,-0.113451,0.00566,-0.141947,-0.183733,-0.191907,-0.146667,0.00198,9.9e-05
0,0.019779,0.103848,0.121085,0.070542,0.085843,0.0266,0.000345,0.001812
0,-0.140555,-0.080377,-0.179136,-0.188408,-0.228905,-0.236975,0.002453,0.001403
0,0.102402,0.037796,0.242343,0.110024,0.204851,0.105806,0.001787,0.00066
0,-0.111351,0.198907,-0.241575,0.141699,-0.246259,0.137706,0.001943,0.003472
0,-0.023483,0.026319,0.077649,-0.183316,0.094026,-0.179675,0.00041,0.000459
0,0.058112,-0.003495,0.086283,-0.058095,0.07187,-0.039119,0.001014,6.1e-05
0,-0.071055,-0.117833,-0.152992,-0.121795,-0.149528,-0.129298,0.00124,0.002057
0,0.038663,-0.005947,0.099567,0.11621,0.138965,0.077764,0.000675,0.000104
0,0.023039,0.102188,0.005873,0.092606,0.024698,0.100494,0.000402,0.001784
0,0.138291,0.145422,0.123523,0.045213,0.166512,0.082107,0.002414,0.002538
0,0.141176,0.192827,-0.026814,0.071156,-0.014835,0.072807,0.002464,0.003365
0,-0.141556,0.170513,-0.273696,-0.044306,-0.275267,-0.057101,0.002471,0.002976
0,-0.063758,0.182834,0.079959,-0.01063,0.099905,-0.034625,0.001113,0.003191
0,0.045269,-0.034801,0.104552,-0.228721,0.123235,-0.261201,0.00079,0.000607
0,-0.018814,-0.094997,-0.04152,-0.038738,-0.090432,-0.03398,0.000328,0.001658
0,0.131567,0.103317,0.151343,0.177,0.139715,0.194799,0.002296,0.001803
0,0.013112,0.004687,-0.142409,-0.095598,-0.165604,-0.103653,0.000229,8.2e-05
0,0.094636,0.157132,0.100166,0.125883,0.131565,0.136854,0.001652,0.002742
0,-0.000934,0.125575,-0.076328,-0.005885,-0.109272,-0.004346,1.6e-05,0.002192
0,0.05557,-0.02875,0.040321,-0.170013,0.033688,-0.204654,0.00097,0.000502
0,-0.026738,0.17996,-0.087453,0.21025,-0.071196,0.242299,0.000467,0.003141
0,0.004553,0.091696,0.038658,-0.094399,0.026452,-0.06814,7.9e-05,0.0016
0,0.068513,0.174807,0.09247,0.0685,0.084637,0.08627,0.001196,0.003051
0,0.051732,-0.117789,-0.042911,-0.278394,-0.071706,-0.302998,0.000903,0.002056
0,0.126786,0.120698,0.067714,0.221171,0.025355,0.196024,0.002213,0.002107
0,-0.044785,0.004805,-0.183332,-0.126171,-0.151368,-0.151344,0.000782,8.4e-05
0,0.159049,-0.153952,0.204883,-0.144965,0.237914,-0.14166,0.002776,0.002687
0,-0.052528,-0.15857,-0.228784,-0.019882,-0.223555,0.017833,0.000917,0.002768
0,-0.115162,-0.128158,-0.033541,0.054835,-0.058723,0.027483,0.00201,0.002237
0,-0.074633,-0.137168,0.053496,0.00573,0.091565,-0.022258,0.001303,0.002394
0,-0.026734,0.01218,0.075947,0.121165,0.097445,0.167871,0.000467,0.000213
0,-0.105258,0.075075,-0.049764,0.043067,-0.000542,0.081447,0.001837,0.00131
0,0.089038,-0.078302,0.172209,-0.152758,0.157108,-0.127224,0.001554,0.001367
0,0.063138,-0.145791,0.000412,-0.045423,-0.038561,-0.044558,0.001102,0.002545
0,-0.036164,-0.097307,-0.112469,0.055219,-0.138516,0.029151,0.000631,0.001698
0,-0.039458,-0.118921,-0.000147,-0.029586,-0.003137,-0.040217,0.000689,0.002076
0,0.060783,-0.002941,0.070989,0.102031,0.113359,0.15029,0.001061,5.1e-05
0,-0.063609,0.042296,-0.098695,0.016001,-0.09837,-0.017496,0.00111,0.000738
0,-0.190777,0.027256,-0.097214,-0.028288,-0.075976,-0.065668,0.00333,0.000476
0,-0.117292,-0.055,0.084236,-0.057847,0.074482,-0.012562,0.002047,0.00096
0,-0.127917,0.06151,0.000708,0.105832,0.002131,0.07999,0.002233,0.001074
0,-0.006734,0.064538,0.144671,0.012326,0.175991,0.003775,0.000118,0.001126
0,-0.153833,0.145337,-0.137115,0.092964,-0.095776,0.079878,0.002685,0.002537
0,-0.094277,0.067319,0.049236,-0.088145,0.034085,-0.101114,0.001645,0.001175
0,0.011668,-0.113403,0.103956,-0.171418,0.085355,-0.183597,0.000204,0.001979
0,-0.106128,0.102811,-0.14283,0.229962,-0.097984,0.256362,0.001852,0.001794
0,-0.164324,0.133636,-0.067255,0.008964,-0.086897,0.0482,0.002868,0.002332
0,0.023808,0.14024,0.217482,0.024283,0.246426,0.006916,0.000416,0.002448
0,-0.164284,-0.041431,-0.173602,-0.158542,-0.139148,-0.115898,0.002867,0.000723
0,-0.041393,0.138873,0.122726,0.150787,0.130353,0.127987,0.000722,0.002424
0,-0.051319,-0.081182,-0.012902,-0.193275,0.014415,-0.207454,0.000896,0.001417
0,0.163834,0.132172,0.219397,0.21058,0.188954,0.212325,0.002859,0.002307
0,-0.119655,-0.127077,-0.282762,-0.233399,-0.259154,-0.191893,0.002088,0.002218
0,-0.05673,-0.058316,0.085812,0.070103,0.040193,0.024183,0.00099,0.001018
0,0.164687,0.07866,0.216641,0.137488,0.245729,0.142788,0.002874,0.001373
0,-0.066755,-0.046379,-0.231425,-0.125386,-0.18942,-0.129673,0.001165,0.000809
0,0.007268,0.110327,0.057192,0.170533,0.101342,0.1656,0.000127,0.001926
0,-0.130849,-0.029241,-0.129341,-0.147384,-0.166031,-0.147863,0.002284,0.00051
0,0.106204,0.045971,0.21658,0.047464,0.225936,0.096645,0.001854,0.000802
0,-0.040774,0.034353,-0.138687,-0.032732,-0.127987,-0.019461,0.000712,0.0006
0,-0.111546,-0.078754,-0.086059,-0.138612,-0.063308,-0.104897,0.001947,0.001375
0,-0.045989,0.118083,0.051091,0.207313,0.02881,0.233447,0.000803,0.002061
0,-0.008208,-0.02832,0.019101,-0.167068,-0.019543,-0.119082,0.000143,0.000494
0,0.021659,0.102923,0.005308,0.139876,0.052595,0.094125,0.000378,0.001796
0,-0.031428,-0.015718,-0.059961,-0.112224,-0.048301,-0.125921,0.000549,0.000274
0,-0.091456,0.056961,-0.087338,0.082389,-0.126957,0.090735,0.001596,0.000994
0,0.098221,0.039077,0.194731,-0.040341,0.19066,-0.050886,0.001714,0.000682
0,-0.168713,-0.038247,-0.237231,-0.08645,-0.22136,-0.119473,0.002945,0.000668
0,0.002928,0.107369,0.162046,0.169412,0.152516,0.215431,5.1e-05,0.001874
0,0.134625,0.137969,0.137999,0.027187,0.157779,-0.013625,0.00235,0.002408
0,0.122467,-0.096367,-0.033054,-0.221306,-0.081931,-0.226637,0.002137,0.001682
0,0.085593,0.133333,-0.026753,0.231549,0.005716,0.271086,0.001494,0.002327
0,0.116841,-0.026364,0.05826,-0.154527,0.013353,-0.12529,0.002039,0.00046
0,0.039171,-0.062856,-0.048343,-0.039774,-0.07895,-0.087612,0.000684,0.001097
0,0.142362,0.086631,0.098195,0.151045,0.111882,0.1971,0.002485,0.001512
0,-0.106759,-0.065849,-0.265999,-0.150953,-0.282795,-0.184372,0.001863,0.001149
0,0.047171,0.112386,0.158062,0.173994,0.137264,0.202988,0.000823,0.001962
0,0.019412,-0.004776,-0.043196,-0.128466,-0.083404,-0.145515,0.000339,8.3e-05
0,0.076391,0.137814,0.057521,0.130821,0.03222,0.120086,0.001333,0.002405
0,0.008015,0.023135,-0.0778,-0.104562,-0.054465,-0.128336,0.00014,0.000404
0,0.080381,0.169758,0.08348,0.174011,0.051681,0.19721,0.001403,0.002963
0,0.035859,0.091927,-0.026243,-0.0556,0.002944,-0.087086,0.000626,0.001604
0,0.113206,0.038466,0.104695,-0.076962,0.081005,-0.104984,0.001976,0.000671
0,0.082575,-0.07234,-0.012672,-0.088525,0.018367,-0.041181,0.001441,0.001263
0,0.080495,-0.078411,0.027584,0.005683,-0.021514,-0.003978,0.001405,0.001369
0,-0.047728,0.124719,-0.150078,0.224918,-0.177066,0.200798,0.000833,0.002177
0,0.02395,0.179132,0.063212,0.078008,0.018989,0.097243,0.000418,0.003126
0,-0.123659,0.063887,-0.160546,-0.110726,-0.167556,-0.143237,0.002158,0.001115
0,0.080716,0.010973,0.226749,-0.076415,0.251565,-0.079168,0.001409,0.000192
0,-0.051114,0.210918,-0.121709,0.193021,-0.102902,0.150424,0.000892,0.003681
0,0.085061,-0.010356,0.145854,-0.207335,0.105309,-0.206438,0.001485,0.000181
0,0.030298,0.057753,-0.055747,0.045035,-0.080026,0.091566,0.000529,0.001008
0,0.030653,-0.030144,0.00342,-0.092388,0.00844,-0.064617,0.000535,0.000526
0,0.037857,-0.005017,0.028045,0.002648,0.026238,-0.028681,0.000661,8.8e-05
0,0.091654,0.096008,0.029845,0.091169,0.033802,0.13062,0.0016,0.001676
0,0.127978,0.006323,0.019797,-0.110886,-0.025897,-0.132469,0.002234,0.00011
0,-0.075633,0.105899,-0.203613,0.076844,-0.218406,0.101276,0.00132,0.001848
0,0.379746,0.715829,0.483877,0.618856,0.445837,0.602886,0.00119,0.003142
0,2.677681,1.728885,2.271246,1.007599,2.295661,0.970446,0.000173,0.001097
0,2.481636,1.36588,-0.19025,-0.37011,-0.161753,-0.416124,0.003595,0.000385
0,2.444186,1.433066,-0.065583,0.045066,-0.084056,0.048746,0.00357,0.001558
0,1.810967,1.518764,-0.662574,0.096833,-0.668105,0.097544,0.000336,0.003054
0,1.377379,0.956269,-0.448348,-0.553475,-0.429396,-0.595876,0.000586,0.001054
0,0.914916,0.967643,-0.453553,0.01867,-0.472657,0.021446,0.000333,0.001253
0,0.791672,0.488264,-0.108944,-0.479015,-0.153343,-0.522076,0.001818,0.000704
0,0.418713,0.518197,-0.394685,0.031082,-0.408814,0.064797,0.00051,0.001226
0,0.053567,0.431528,-0.384652,-0.063426,-0.366202,-0.045272,0.000935,0.000286
0,-0.118003,0.348523,-0.189451,-0.101466,-0.196518,-0.147488,0.00206,0.001735
0,0.044356,0.068903,0.177684,-0.283918,0.142758,-0.325732,0.000774,0.001203
0,-0.249496,-0.0998,-0.305192,-0.183991,-0.30672,-0.14938,0.003463,0.001742
0,-0.070578,-0.105159,0.200322,0.011245,0.230289,0.016228,0.001232,0.001835
0,-0.089035,0.013055,0.001368,0.122043,0.046977,0.144454,0.001554,0.000228
0,-0.063268,-0.209812,0.008293,-0.242986,-0.027749,-0.245961,0.001104,0.003662
0,0.044689,-0.160125,0.078916,0.026372,0.103342,-0.013576,0.00078,0.002795
0,-0.00819,-0.319126,-0.038768,-0.181552,0.005264,-0.158136,0.000143,0.002248
0,0.043847,-0.161725,0.080014,0.186248,0.052638,0.143566,0.000765,0.002823
0,-0.023365,-0.125456,-0.081039,0.019823,-0.043301,0.0578,0.000408,0.00219
0,-0.200004,-0.175305,-0.165148,-0.064789,-0.210494,-0.047361,0.003491,0.00306
0,-0.048623,-0.041766,0.132727,0.117511,0.115164,0.116609,0.000849,0.000729
0,-0.088333,-0.112471,-0.031115,-0.065961,-0.012045,-0.088339,0.001542,0.001963
0,-0.063479,-0.001796,0.051949,0.114398,0.031934,0.113668,0.001108,3.1e-05
0,0.039101,-0.159506,0.110502,-0.177021,0.104831,-0.223253,0.000682,0.002784
0,-0.166065,-0.091907,-0.19216,0.076192,-0.236152,0.08022,0.002898,0.001604
0,0.056943,0.009859,0.198307,0.102655,0.213535,0.073548,0.000994,0.000172
0,-0.13723,-0.084059,-0.190917,-0.076879,-0.185979,-0.087994,0.002395,0.001467
0,-0.145605,0.051781,-0.037511,0.152237,-0.039789,0.140984,0.002541,0.000904
0,-0.218736,-0.028135,-0.075042,-0.050181,-0.111328,-0.050568,0.003818,0.000491
0,-0.010446,-0.224036,0.217847,-0.216977,0.246636,-0.23189,0.000182,0.003908
0,-0.185453,-0.043862,-0.16027,0.190505,-0.185681,0.192936,0.003237,0.000766
0,-0.05728,-0.118884,0.136392,-0.057569,0.095358,-0.05425,0.001,0.002075
0,-0.10796,-0.230294,-0.023378,-0.081916,0.016582,-0.041666,0.001884,0.003798
0,-0.113999,0.031641,0.002141,0.27174,-0.035961,0.26842,0.00199,0.000552
0,-0.25684,-0.088377,-0.117511,-0.105926,-0.09277,-0.101114,0.003335,0.001542
0,0.015243,-0.1611,0.266881,-0.075931,0.305424,-0.026216,0.000266,0.002812
0,-0.178345,-0.093031,-0.168761,0.084592,-0.21699,0.109016,0.003113,0.001624
0,0.085964,-0.129056,0.239633,-0.063794,0.223993,-0.113515,0.0015,0.002252
0,0.121867,-0.095018,0.02139,0.053697,0.034391,0.083372,0.002127,0.001658
0,-0.043537,-0.038662,-0.147808,0.057957,-0.156506,0.015174,0.00076,0.000675
0,-0.094501,-0.145241,-0.07756,-0.117948,-0.052149,-0.104199,0.001649,0.002535
0,-0.116767,0.003823,-0.050077,0.135621,-0.09982,0.100567,0.002038,6.7e-05
0,-0.062618,-0.017872,0.039594,-0.00529,0.007909,-0.029452,0.001093,0.000312
0,0.032463,-0.13751,0.067741,-0.148567,0.029145,-0.099477,0.000567,0.0024
0,0.043581,-0.123093,0.005926,-0.009413,0.01156,0.039192,0.000761,0.002148
0,0.034243,0.029891,-0.033622,0.181401,-0.079861,0.182111,0.000598,0.000522
0,-0.15313,-0.196362,-0.217279,-0.254809,-0.17019,-0.254642,0.002673,0.003427
0,-0.164114,0.020838,0.007323,0.201658,-0.042329,0.210248,0.002864,0.000364
0,0.053811,-0.055774,0.2205,-0.090908,0.206597,-0.080933,0.000939,0.000973
0,-0.053083,-0.142277,-0.087199,-0.074938,-0.080692,-0.03733,0.000926,0.002483
0,0.088982,-0.020413,0.161013,0.109675,0.144196,0.097878,0.001553,0.000356
0,0.009607,-0.083188,-0.106139,-0.064663,-0.060862,-0.05953,0.000168,0.001452
0,0.180675,0.04014,0.177808,0.107953,0.193918,0.097818,0.003153,0.000701
0,-0.0548,0.104869,-0.26021,0.055343,-0.22114,0.010786,0.000956,0.00183
0,-0.027349,0.108457,0.056245,0.018947,0.058318,0.00189,0.000477,0.001893
0,0.082133,0.030793,0.088629,-0.056294,0.085869,-0.067258,0.001433,0.000537
0,0.184004,0.130875,0.10267,0.106979,0.122246,0.090254,0.003211,0.002284
0,0.05164,-0.063785,-0.155653,-0.17114,-0.200015,-0.207288,0.000901,0.001113
0,-0.048393,-0.159055,-0.084176,-0.112896,-0.133545,-0.073663,0.000845,0.002776
0,0.206559,-0.104979,0.255936,0.051522,0.241052,0.034249,0.003605,0.001832
0,0.049664,-0.188452,-0.137324,-0.086772,-0.122312,-0.08838,0.000867,0.003289
0,0.212508,-0.180723,0.153936,0.008413,0.192641,-0.015131,0.003709,0.003154
0,0.03387,-0.008967,-0.197923,0.188401,-0.17541,0.219161,0.000591,0.000157
0,0.036568,-0.046646,-0.001026,-0.017313,0.043324,0.000224,0.000638,0.000814
0,-0.015416,0.008697,-0.061321,0.084697,-0.084639,0.103158,0.000269,0.000152
0,0.07657,-0.1163,0.065552,-0.107918,0.092651,-0.114238,0.001336,0.00203
0,0.069532,0.051518,-0.027876,0.159186,-0.04605,0.163384,0.001214,0.000899
0,0.066118,-0.133459,-0.0189,-0.193196,0.017133,-0.231106,0.001154,0.002329
0,-0.142178,-0.177163,-0.205084,-0.040087,-0.230105,0.000576,0.002481,0.003092
0,-0.072832,0.051179,0.096924,0.218558,0.137126,0.170775,0.001271,0.000893
0,-0.003777,-0.154171,0.062713,-0.200034,0.027988,-0.16955,6.6e-05,0.002691
0,0.018983,-0.153799,0.021186,-0.01804,0.068727,0.016814,0.000331,0.002684
0,0.082061,-0.03596,0.033876,0.094563,0.004786,0.110746,0.001432,0.000628
0,-0.265532,-0.771973,-0.335875,-0.739537,-0.364066,-0.73232,0.003183,0.002162
0,-0.840061,-1.441846,-0.56341,-0.693231,-0.5645,-0.659573,0.000974,0.001711
0,-1.054959,-1.17327,-0.22109,0.25255,-0.202209,0.245719,0.002777,0.002976
0,-1.096513,-1.382544,-0.063599,-0.190906,-0.097167,-0.238762,0.003502,0.000676
0,-1.027141,-1.302625,0.085042,0.09437,0.13499,0.120839,0.002291,0.000719
0,-1.093415,-1.072873,-0.069231,0.233072,-0.040881,0.198147,0.003448,0.003089
0,-0.744042,-0.734566,0.376773,0.361775,0.39091,0.374117,0.00265,0.002815
0,-0.469474,-0.49127,0.287249,0.231439,0.32488,0.244126,0.000376,0.000756
0,-0.408637,-0.278184,0.05234,0.213424,0.055823,0.226185,0.000686,0.002963
0,-0.316453,-0.296351,0.063636,-0.043488,0.039421,-0.081482,0.002295,0.002646
0,-0.025001,-0.089986,0.287624,0.222072,0.305345,0.208929,0.000436,0.001571
0,-0.158613,-0.202385,-0.120687,-0.090696,-0.07832,-0.09485,0.002768,0.003532
0,-0.008095,-0.150452,0.168325,0.070474,0.144998,0.095034,0.000141,0.002626
0,-0.060184,-0.043924,-0.055815,0.133873,-0.011443,0.174404,0.00105,0.000767
0,0.042659,-0.149185,0.095299,-0.108367,0.097288,-0.082202,0.000745,0.002604
0,0.037777,-0.160865,-0.022484,0.010602,-0.026761,0.037829,0.000659,0.002808
0,0.020481,-0.201567,-0.03207,-0.041252,-0.075814,-0.060487,0.000357,0.003518
0,-0.089102,0.062429,-0.106909,0.235302,-0.121247,0.206891,0.001555,0.00109
0,0.063802,-0.145773,0.17253,-0.208737,0.220263,-0.214589,0.001114,0.002544
0,0.033255,0.039033,-0.033283,0.170059,-0.041355,0.200288,0.00058,0.000681
0,-0.00996,0.110817,-0.017226,0.086029,0.021194,0.075289,0.000174,0.001934
0,0.039005,-0.04695,0.03364,-0.148825,0.014015,-0.153235,0.000681,0.000819
0,0.049599,0.072069,0.008877,0.1471,-0.037088,0.122054,0.000866,0.001258
0,0.020124,0.0681,-0.000143,-0.009283,0.038999,-0.05783,0.000351,0.001189
0,-0.038311,-0.166039,-0.087905,-0.257891,-0.135245,-0.231944,0.000669,0.002898
0,0.006325,-0.044695,0.016123,0.128886,0.003728,0.10759,0.00011,0.00078
0,-0.046141,0.074562,-0.076536,0.145075,-0.119804,0.172314,0.000805,0.001301
0,-0.141634,-0.14704,-0.110039,-0.242071,-0.074966,-0.246262,0.002472,0.002566
0,-0.015969,0.098667,0.109814,0.265761,0.118573,0.264624,0.000279,0.001722
0,0.123618,-0.010715,0.152437,-0.085689,0.181556,-0.117231,0.002158,0.000187
0,-0.165435,-0.149202,-0.31593,-0.128825,-0.304882,-0.106063,0.002887,0.002604
0,-0.132546,-0.117065,0.017709,0.027432,0.012233,0.071868,0.002313,0.002043
0,0.03417,-0.167297,0.164156,-0.057821,0.138842,-0.1038,0.000596,0.00292
0,-0.174395,-0.066218,-0.196409,0.107653,-0.171071,0.059556,0.003044,0.001156
0,-0.121224,-0.163572,0.026894,-0.07389,-0.017819,-0.052205,0.002116,0.002855
0,-0.100811,-0.167342,-0.004886,-0.007577,0.022332,-0.049838,0.001759,0.002921
0,-0.158348,-0.015423,-0.056939,0.17305,-0.030072,0.2106,0.002764,0.000269
0,-0.157623,-0.152349,-0.009771,-0.11294,-0.049188,-0.097274,0.002751,0.002659
0,0.018685,-0.20107,0.15056,-0.020788,0.123959,-0.027631,0.000326,0.003509
0,-0.07188,-0.234425,-0.104703,-0.04325,-0.100858,-0.012631,0.001255,0.003726
0,0.013272,-0.107009,0.084784,0.155878,0.069904,0.170335,0.000232,0.001868
0,-0.176796,-0.113399,-0.215985,-0.015898,-0.232945,-0.025117,0.003086,0.001979
0,-0.115475,-0.161193,0.079064,-0.059643,0.086887,-0.106346,0.002015,0.002813
0,-0.022871,-0.105423,0.078418,0.045171,0.105009,0.023714,0.000399,0.00184
0,0.020298,-0.174392,0.060345,-0.07627,0.027139,-0.088506,0.000354,0.003044
0,-0.183968,-0.092314,-0.180953,0.072656,-0.188968,0.040035,0.003211,0.001611
0,-0.199178,0.043752,-0.030841,0.153227,-0.01807,0.183372,0.003476,0.000764
0,-0.13424,-0.170777,0.038338,-0.185797,0.009549,-0.153822,0.002343,0.002981
0,-0.220623,-0.151888,-0.068674,-0.002192,-0.061137,0.001146,0.003851,0.002651
0,-0.217892,-0.032952,0.032641,0.131176,0.073798,0.087617,0.003803,0.000575
0,-0.24801,0.044033,-0.001484,0.092059,0.043873,0.072432,0.003489,0.000769
0,-0.267575,-0.047304,-0.026798,-0.105506,-0.076447,-0.108674,0.003148,0.000826
0,-0.173749,-0.099121,0.113852,-0.027552,0.128716,-0.048573,0.003032,0.00173
0,-0.215887,-0.149552,-0.024176,-0.061842,-0.06863,-0.042275,0.003768,0.00261
0,0.032214,-0.095576,0.271686,0.060352,0.228285,0.03178,0.000562,0.001668
0,-0.204121,-0.147648,-0.223017,-0.072996,-0.235936,-0.026072,0.003563,0.002577
0,-0.227318,0.056763,-0.000577,0.179299,-0.00969,0.160734,0.00385,0.000991
0,0.034531,-0.1304,0.250048,-0.197915,0.245872,-0.227212,0.000603,0.002276
0,-0.044188,-0.104646,-0.101796,0.01583,-0.074013,-0.002085,0.000771,0.001826
0,-0.00113,-0.049659,0.05736,0.066001,0.038946,0.04161,2e-05,0.000867
0,0.027164,0.01741,0.021161,0.0594,0.021577,0.063387,0.000474,0.000304
0,0.062536,-0.08926,0.008027,-0.098147,-0.003702,-0.103929,0.001091,0.001558
0,0.082005,-0.14392,0.005523,-0.032331,-0.000314,0.002746,0.001431,0.002512
0,0.05156,-3.7e-05,-0.01158,0.150609,-0.00532,0.138721,0.0009,1e-06
0,-0.135958,-0.153182,-0.173941,-0.165707,-0.186192,-0.195042,0.002373,0.002674
0,-0.043675,-0.118778,0.084702,0.045899,0.051011,0.023477,0.000762,0.002073
0,0.128823,0.062546,0.198211,0.160384,0.170906,0.124679,0.002248,0.001092
0,0.089401,-0.084552,-0.014995,-0.159363,-0.018721,-0.191294,0.00156,0.001476
0,-0.039524,0.022645,-0.121457,0.119465,-0.100518,0.133384,0.00069,0.000395
0,0.143254,-0.101826,0.193523,-0.095929,0.162095,-0.065554,0.0025,0.001777
0,0.182973,-0.104728,0.020485,0.006048,0.031895,0.019673,0.003193,0.001828
0,0.050161,0.058732,-0.152126,0.191404,-0.152134,0.236894,0.000875,0.001025
0,0.24056,-0.022948,0.179288,-0.063069,0.142937,-0.02475,0.003619,0.000401
0,0.123018,-0.11177,-0.145343,-0.079974,-0.12437,-0.114364,0.002147,0.001951
0,0.19719,0.10036,0.07095,0.199729,0.10604,0.233151,0.003442,0.001752
0,0.165693,0.013948,-0.017717,-0.081102,-0.005132,-0.118767,0.002892,0.000243
0,0.119535,0.050837,-0.050337,0.038471,-0.016735,0.008379,0.002086,0.000887
0,0.039959,0.039809,-0.097952,-0.008063,-0.107588,0.024825,0.000697,0.000695
0,0.600707,0.858919,0.552012,0.840624,0.515366,0.869306,0.002666,0.000645
0,0.442678,1.591782,-0.18162,0.709445,-0.163752,0.679804,9.2e-05,0.00349
0,0.506938,1.546931,0.043045,-0.059258,0.083955,-0.030385,0.00103,0.003545
0,0.510469,1.929423,-0.005746,0.411857,-0.033248,0.45132,0.001091,0.002403
0,0.645018,1.601735,0.140988,-0.347809,0.099815,-0.33395,0.00344,0.003316
0,0.390425,1.261619,-0.229144,-0.314805,-0.236677,-0.319021,0.001004,0.001434
0,0.500794,1.16213,0.118207,-0.101622,0.086523,-0.096448,0.000923,0.003171
0,0.360685,0.6147,-0.110832,-0.562096,-0.111786,-0.526273,0.001523,0.002911
0,0.105869,0.531033,-0.233565,-0.074055,-0.263558,-0.111682,0.001848,0.00145
0,-0.057139,0.508869,-0.172234,0.004396,-0.204663,-0.025141,0.000997,0.001064
0,-0.094722,0.241346,-0.02432,-0.27406,0.023172,-0.254654,0.001653,0.003606
0,0.141892,-0.031438,0.237316,-0.295229,0.202002,-0.331656,0.002476,0.000549
0,-0.061597,-0.083239,-0.213916,-0.043204,-0.203758,-0.02537,0.001075,0.001453
0,-0.132012,-0.115331,-0.056325,-0.00655,-0.067365,0.001137,0.002304,0.002013
0,-0.097855,-0.257019,0.041242,-0.161532,0.049385,-0.184931,0.001708,0.003332
0,0.03503,-0.259705,0.135381,0.016531,0.180279,-0.025861,0.000611,0.003285
0,-0.099772,-0.163441,-0.135808,0.081812,-0.098513,0.031858,0.001741,0.002853
0,-0.131039,-0.288325,-0.005984,-0.127939,-0.042691,-0.167273,0.002287,0.002786
0,-0.082772,-0.008614,0.020644,0.25593,-0.000374,0.261536,0.001445,0.00015
0,-0.040754,-0.019495,0.051395,-0.024842,0.038363,-0.020836,0.000711,0.00034
0,0.046499,0.047339,0.0805,0.062737,0.058593,0.066666,0.000812,0.000826
0,-0.158624,0.01174,-0.200974,-0.027302,-0.187377,-0.032501,0.002769,0.000205
0,0.019005,0.127308,0.176407,0.086792,0.148497,0.072655,0.000332,0.002222
0,-0.175704,0.126873,-0.213092,-0.025222,-0.241166,-0.051374,0.003067,0.002214
0,0.033873,-0.067022,0.191283,-0.191178,0.215104,-0.171312,0.000591,0.00117
0,-0.073928,0.169675,-0.135317,0.250516,-0.111094,0.290744,0.00129,0.002961
0,0.12291,0.116292,0.182019,-0.03016,0.204998,-0.047799,0.002145,0.00203
0,0.121049,0.065141,0.014911,-0.028609,-0.020551,0.009027,0.002113,0.001137
0,0.056592,-0.124245,-0.044228,-0.182478,-0.052836,-0.195162,0.000988,0.002168
0,-0.034955,0.093953,-0.076765,0.2064,-0.099375,0.249864,0.00061,0.00164
0,-0.108396,0.022331,-0.052103,-0.082554,-0.045399,-0.065852,0.001892,0.00039
0,-6e-05,0.094391,0.081572,0.065811,0.085239,0.083514,1e-06,0.001647
0,-0.007986,-0.116876,0.011793,-0.221747,-0.024811,-0.235599,0.000139,0.00204
0,0.060494,-0.123868,0.075486,0.019477,0.070714,0.040787,0.001056,0.002162
0,-0.021264,0.02658,-0.110528,0.123285,-0.117118,0.147299,0.000371,0.000464
0,-0.021741,-0.026163,0.017258,-0.030623,0.024536,-0.037515,0.000379,0.000457
0,-0.068223,-0.142764,-0.063631,-0.096345,-0.079795,-0.079939,0.001191,0.002492
0,0.033106,0.084731,0.108278,0.235584,0.072045,0.239752,0.000578,0.001479
0,0.094323,0.070721,0.057161,-0.014514,0.010096,-0.026764,0.001646,0.001234
0,0.150048,-0.023205,0.049571,-0.093978,0.03242,-0.076663,0.002619,0.000405
0,0.185111,0.01969,0.05016,0.035882,0.016279,0.053381,0.003231,0.000344
0,0.215587,-0.141461,0.033856,-0.185938,0.027249,-0.224667,0.003763,0.002469
0,-0.096352,-0.077908,-0.317885,0.044779,-0.358176,0.044438,0.001682,0.00136
0,0.108968,-0.081658,0.23118,-0.013449,0.182932,0.003107,0.001902,0.001425
0,0.117854,0.114866,-0.017058,0.215422,-0.065599,0.175581,0.002057,0.002005
0,0.03172,0.024769,-0.072441,-0.08221,-0.052005,-0.114943,0.000554,0.000432
0,-0.014845,-0.006612,-0.07599,-0.004186,-0.122458,-0.03187,0.000259,0.000115
0,0.10802,-0.031588,0.100084,-0.034389,0.071088,-0.080129,0.001885,0.000551
0,0.077598,-0.10853,-0.037768,-0.089057,-0.031421,-0.133695,0.001354,0.001894
0,-0.008178,0.021706,-0.110144,0.125563,-0.140146,0.161098,0.000143,0.000379
0,0.109553,0.020312,0.107343,0.02154,0.116647,0.067179,0.001912,0.000355
0,-0.018191,-0.009884,-0.128257,-0.004646,-0.09001,0.025041,0.000317,0.000173
0,0.054939,-0.068065,0.067764,-0.028486,0.080881,-0.038466,0.000959,0.001188
0,-0.051339,0.068988,-0.096605,0.14078,-0.07672,0.092247,0.000896,0.001204
0,0.09321,-0.006152,0.145449,-0.073929,0.099578,-0.075091,0.001627,0.000107
0,-0.008811,-0.030809,-0.073131,-0.012374,-0.028907,-0.054097,0.000154,0.000538
0,-0.01254,0.092668,-0.007503,0.147345,-0.054086,0.136858,0.000219,0.001617
0,-0.012051,0.214686,-0.012857,0.106131,-0.052899,0.073929,0.00021,0.003747
0,-0.075394,-0.009542,-0.090924,-0.219319,-0.083615,-0.258469,0.001316,0.000167
0,0.102278,0.232139,0.191736,0.258234,0.173798,0.257014,0.001785,0.003766
0,0.115097,-0.06423,0.018006,-0.282253,0.040324,-0.312114,0.002009,0.001121
0,0.029733,0.097467,-0.087517,0.132965,-0.098363,0.169621,0.000519,0.001701
0,-0.053056,0.204544,-0.075731,0.087676,-0.088017,0.12138,0.000926,0.00357
0,0.140339,0.07323,0.209481,-0.103146,0.201736,-0.111312,0.002449,0.001278
0,0.031843,0.105929,-0.099394,0.012775,-0.079247,0.001236,0.000556,0.001849
0,0.128318,0.103044,0.125546,-0.018309,0.130101,0.011943,0.00224,0.001798
0,0.045051,-0.021225,-0.110094,-0.103643,-0.115769,-0.099707,0.000786,0.00037
0,-0.023954,0.187648,-0.08384,0.236188,-0.065338,0.216169,0.000418,0.003275
0,-0.103129,-0.048226,-0.088228,-0.254225,-0.062448,-0.210294,0.0018,0.000842
0,-0.104023,-0.017897,-0.02774,0.026178,-0.002797,0.002206,0.001816,0.000312
0,0.002459,0.123133,0.108412,0.124804,0.097963,0.153805,4.3e-05,0.002149
0,0.025627,0.071749,0.050134,-0.03311,0.052913,-0.002241,0.000447,0.001252
0,-0.143985,0.182323,-0.168281,0.113234,-0.181259,0.100418,0.002513,0.003182
0,0.070738,-0.049211,0.196059,-0.220334,0.15063,-0.189349,0.001235,0.000859
0,0.062646,0.150116,-0.031825,0.185546,-0.028404,0.139835,0.001093,0.00262
0,-0.116299,0.130589,-0.176102,-0.04884,-0.175134,-0.058461,0.00203,0.002279
0,-0.070476,0.142361,0.019845,0.019262,0.032844,-0.011543,0.00123,0.002485
0,0.108358,0.174422,0.161662,0.047783,0.180407,0.075307,0.001891,0.003044
0,-0.00118,0.188455,-0.124851,-0.00993,-0.151441,-0.012123,2.1e-05,0.003289
0,0.042146,0.020595,0.038491,-0.191969,0.055454,-0.176815,0.000736,0.000359
0,0.047796,-0.088462,0.005574,-0.084648,-0.009906,-0.122902,0.000834,0.001544
0,0.101678,-0.055866,0.035883,0.023646,0.015143,0.047018,0.001775,0.000975
0,0.011761,-0.066551,-0.070949,-0.024266,-0.058001,-0.029765,0.000205,0.001162
0,-0.070831,0.047429,-0.102155,0.140164,-0.080446,0.15346,0.001236,0.000828
0,0.104485,-0.015944,0.165986,-0.051448,0.170359,-0.069571,0.001824,0.000278
0,0.778024,-0.287239,0.648749,-0.269171,0.664453,-0.239988,0.002057,0.002805
0,1.359196,-0.963602,0.563126,-0.661639,0.538718,-0.641293,0.000269,0.001182
0,2.59894,-1.074157,1.214541,-0.099873,1.254798,-0.13556,0.001547,0.003112
0,2.142133,-1.284319,-0.483094,-0.20127,-0.458566,-0.190349,0.001702,0.001038
0,1.819345,-1.032175,-0.342987,0.246949,-0.366239,0.226589,0.000482,0.002379
0,1.863731,-0.992013,0.023047,0.057743,0.066644,0.085212,0.001257,0.001678
0,1.640566,-0.649547,-0.226939,0.36044,-0.238447,0.393585,0.002638,0.003519
0,1.282122,-0.699303,-0.333135,-0.076492,-0.382792,-0.070293,0.001076,0.003431
0,0.725685,-0.414034,-0.562691,0.306021,-0.543929,0.344948,0.00297,0.000592
0,0.310894,-0.206641,-0.407756,0.232105,-0.409487,0.187524,0.002392,0.003607
0,0.269073,-0.178745,-0.070862,0.045379,-0.060236,0.042729,0.003122,0.00312
0,0.117797,-0.198596,-0.172646,-0.03617,-0.127127,-0.003245,0.002056,0.003466
0,-0.060605,0.030603,-0.185408,0.21634,-0.14028,0.210479,0.001058,0.000534
0,-0.260964,-0.109821,-0.209829,-0.137428,-0.259178,-0.164151,0.003263,0.001917
0,-0.15802,-0.029653,0.100384,0.069793,0.057938,0.098724,0.002758,0.000518
0,-0.166887,-0.170518,-0.018528,-0.142642,-0.050458,-0.187807,0.002913,0.002976
0,-0.241723,-0.078939,-0.079898,0.080031,-0.116683,0.0868,0.003599,0.001378
0,-0.245856,0.011563,0.015876,0.107539,0.041117,0.10546,0.003527,0.000202
0,-0.088115,-0.060536,0.162374,-0.060805,0.166175,-0.05187,0.001538,0.001057
0,-0.254576,-0.033326,-0.152318,-0.001979,-0.141638,-0.011345,0.003375,0.000582
0,0.014287,-0.101005,0.25584,-0.063918,0.27193,-0.087487,0.000249,0.001763
0,0.061588,0.034982,0.068048,0.136504,0.075436,0.094587,0.001075,0.000611
0,0.047497,0.092596,-0.03441,0.029621,-0.026061,0.055127,0.000829,0.001616
0,0.151876,-0.194742,0.088628,-0.291577,0.061759,-0.291691,0.002651,0.003399
0,-0.025971,-0.177356,-0.207637,0.02308,-0.166628,0.034576,0.000453,0.003095
0,0.122943,-0.100215,0.154499,0.075101,0.165598,0.087512,0.002146,0.001749
0,-0.012227,-0.045134,-0.117562,0.076712,-0.074736,0.117742,0.000213,0.000788
0,-0.087516,-0.155627,-0.064394,-0.104986,-0.084735,-0.092724,0.001527,0.002716
0,0.129652,-0.10869,0.197665,0.05463,0.241731,0.012482,0.002263,0.001897
0,0.103339,-0.060014,-0.001852,0.059938,-0.001394,0.055529,0.001804,0.001047
0,0.162004,-0.191701,0.082083,-0.105724,0.036367,-0.084347,0.002828,0.003346
0,0.141532,-0.074209,-0.046109,0.087799,-0.010266,0.085936,0.00247,0.001295
0,-0.061643,-0.176495,-0.212295,-0.114208,-0.200159,-0.135721,0.001076,0.00308
0,0.14776,-0.124747,0.201715,0.045993,0.168586,0.000554,0.002579,0.002177
0,0.075969,-0.068865,-0.064652,0.034911,-0.037046,0.026905,0.001326,0.001202
0,0.161114,-0.109291,0.108327,-0.012984,0.096702,0.020097,0.002812,0.001907
0,0.091557,-0.088785,-0.045485,0.003059,-0.085657,-0.040044,0.001598,0.00155
0,0.010638,-0.084912,-0.055698,0.013246,-0.027927,-0.000162,0.000186,0.001482
0,0.102835,0.012644,0.073326,0.079502,0.026248,0.106185,0.001795,0.000221
0,-0.139747,0.021218,-0.212586,-0.004028,-0.179863,0.028791,0.002439,0.00037
0,0.104353,-0.080734,0.250011,-0.110562,0.213089,-0.096662,0.001821,0.001409
0,-0.117372,0.129017,-0.223214,0.222169,-0.257446,0.18405,0.002049,0.002252
0,0.032383,-0.125599,0.122932,-0.246025,0.096505,-0.271468,0.000565,0.002192
0,0.009413,0.0935,-0.008736,0.203103,-0.03905,0.184874,0.000164,0.001632
0,-0.067376,-0.123743,-0.086334,-0.212149,-0.129667,-0.179162,0.001176,0.00216
0,-0.102976,0.00287,-0.023299,0.113265,-0.029896,0.064029,0.001797,5e-05
0,-0.149299,0.072255,-0.05131,0.093625,-0.019317,0.127156,0.002606,0.001261
0,-0.040254,0.080195,0.097133,-0.007935,0.111979,-0.025181,0.000703,0.0014
0,-0.127059,0.11416,-0.113072,0.02555,-0.117402,0.043681,0.002218,0.001992
0,-0.147303,-0.033067,0.000422,-0.172159,0.043083,-0.205254,0.002571,0.000577
0,-0.169696,-0.064913,-0.008477,-0.034482,0.019582,-0.066297,0.002962,0.001133
0,0.027448,0.062504,0.180452,0.150323,0.20941,0.130211,0.000479,0.001091
0,0.136527,0.181383,0.121636,0.094489,0.137776,0.136749,0.002383,0.003166
0,-0.06997,-0.05584,-0.211787,-0.242844,-0.186298,-0.280924,0.001221,0.000975
0,-0.13143,-0.078332,-0.057444,-0.029081,-0.028456,0.019305,0.002294,0.001367
0,-0.034833,-0.080933,0.070087,0.015251,0.032448,0.004568,0.000608,0.001413
0,-0.040604,0.111524,0.004249,0.163879,-0.042017,0.17013,0.000709,0.001946
0,-0.210483,0.027617,-0.170685,-0.100938,-0.135936,-0.143936,0.003674,0.000482
0,-0.079293,0.132406,0.153858,0.087564,0.121644,0.108811,0.001384,0.002311
0,-0.068198,-0.096488,0.032599,-0.221432,-0.017086,-0.178585,0.00119,0.001684
0,-0.179818,0.032024,-0.14008,0.145091,-0.093507,0.141903,0.003138,0.000559
0,-0.002285,0.017859,0.155125,-0.007081,0.168577,-0.00393,4e-05,0.000312
0,-0.182066,0.032039,-0.157694,0.013187,-0.170809,0.031839,0.003178,0.000559
0,-0.145203,0.159592,0.025143,0.12381,-0.008746,0.079895,0.002534,0.002785
0,-0.107105,0.142262,0.019784,-0.037407,-0.000988,-0.072164,0.001869,0.002483
0,-0.070033,0.005824,0.013361,-0.159552,0.03974,-0.194252,0.001222,0.000102
0,-0.122716,0.059058,-0.030819,0.05652,-0.064207,0.052076,0.002142,0.001031
0,-0.060872,0.097256,0.084141,0.05445,0.116834,0.054606,0.001062,0.001697
0,0.004693,-0.105629,0.075442,-0.188087,0.109196,-0.150912,8.2e-05,0.001844
0,-0.123992,-0.016536,-0.144124,0.094231,-0.10903,0.107258,0.002164,0.000289
0,-0.029476,-0.12179,0.104995,-0.089919,0.064211,-0.103056,0.000514,0.002126
0,-0.207733,0.048199,-0.155336,0.142045,-0.186011,0.168856,0.003626,0.000841
0,0.016992,-0.131812,0.229402,-0.185788,0.207161,-0.234779,0.000297,0.002301
0,-0.140733,0.078154,-0.174488,0.229887,-0.22195,0.206243,0.002456,0.001364
0,-0.197557,-0.070733,-0.027147,-0.167397,-0.071014,-0.199165,0.003448,0.001235
0,-0.135682,0.082897,0.063795,0.138619,0.062987,0.111491,0.002368,0.001447
0,0.110488,-0.081676,0.255861,-0.182916,0.225794,-0.208322,0.001928,0.001426
0,-0.069397,-0.144674,-0.188194,-0.080035,-0.181615,-0.114782,0.001211,0.002525
0,-0.166734,0.060622,-0.108242,0.219712,-0.142237,0.194219,0.00291,0.001058
0,0.133298,0.032144,0.291909,-0.026872,0.337345,-0.031623,0.002326,0.000561
0,0.039726,-0.135865,-0.11719,-0.145412,-0.08825,-0.127543,0.000693,0.002371
0,0.070521,-0.106446,0.01427,0.031162,0.049601,0.012192,0.001231,0.001858
0,0.134324,-0.048801,0.041074,0.035336,0.030106,0.00728,0.002344,0.000852
0,0.066317,0.029847,-0.050815,0.10743,-0.091034,0.155735,0.001157,0.000521
0,0.07447,0.037889,0.023085,-0.019053,0.05408,-0.009459,0.0013,0.000661
0,0.046245,-0.077259,-0.023392,-0.115411,-0.050987,-0.134877,0.000807,0.001348
0,-0.044242,0.012395,-0.117993,0.102429,-0.154968,0.055992,0.000772,0.000216
0,0.04475,-0.137923,0.085,-0.147488,0.065395,-0.168645,0.000781,0.002407
0,0.093088,0.016542,0.044036,0.161824,0.062207,0.202419,0.001625,0.000289
0,0.174396,-0.210621,0.098299,-0.230517,0.103287,-0.248049,0.003044,0.003676
0,0.051387,0.032921,-0.147808,0.218939,-0.178451,0.253282,0.000897,0.000575
0,-0.065114,-0.205004,-0.091636,-0.232686,-0.123228,-0.226241,0.001136,0.003578
0,-0.068446,-0.201882,0.005809,0.027369,0.049759,0.05266,0.001195,0.003524
0,0.127075,0.046234,0.178681,0.268117,0.185025,0.278696,0.002218,0.000807
0,0.014086,-0.043803,-0.099846,-0.10463,-0.061583,-0.08271,0.000246,0.000765
0,-0.04709,-0.024512,-0.044056,0.017102,-0.093565,-0.004351,0.000822,0.000428
0,-0.059815,0.124924,-0.041275,0.177755,-0.070934,0.156856,0.001044,0.00218
0,-0.004011,0.038597,0.032502,-0.104919,0.059675,-0.083026,7e-05,0.000674
0,0.140936,-0.169896,0.132089,-0.192363,0.11193,-0.179967,0.00246,0.002965
0,-0.130627,-0.086267,-0.267028,0.108982,-0.245727,0.065988,0.00228,0.001506
0,-0.153454,0.014796,-0.034289,0.092168,0.007251,0.052628,0.002678,0.000258
0,0.083238,-0.103228,0.209252,-0.130908,0.185752,-0.09499,0.001453,0.001802
0,0.112798,0.032193,0.036741,0.131502,0.081093,0.119095,0.001969,0.000562
0,0.030779,0.017899,-0.103028,-0.016802,-0.1293,-0.013585,0.000537,0.000312
0,0.080672,-0.156934,0.066083,-0.203668,0.046983,-0.161487,0.001408,0.002739
0,0.078407,0.028709,0.01812,0.209122,-0.019414,0.218989,0.001368,0.000501
0,0.023595,-0.051245,-0.061853,-0.067943,-0.027394,-0.080989,0.000412,0.000894
0,-0.123258,-0.102333,-0.15911,-0.025791,-0.165129,-0.038282,0.002151,0.001786
0,0.044616,-0.150698,0.156463,-0.044662,0.161401,-0.087077,0.000779,0.00263
0,-0.057132,-0.015714,-0.083413,0.122819,-0.057864,0.104731,0.000997,0.000274
0,-0.040745,-0.04524,-0.008704,-0.0187,-0.042606,-0.032795,0.000711,0.00079
0,0.024012,0.097526,0.09216,0.154188,0.064024,0.120876,0.000419,0.001702
0,0.028774,-0.098131,-0.009714,-0.19568,-0.017021,-0.179076,0.000502,0.001713
0,0.079417,-0.126981,0.062702,-0.013014,0.108232,-0.004547,0.001386,0.002216
0,-0.061035,0.062005,-0.141982,0.180941,-0.163273,0.178389,0.001065,0.001082
0,-0.164986,0.070975,-0.115818,0.014749,-0.130914,-0.013397,0.00288,0.001239
0,0.080582,-0.155171,0.248098,-0.251554,0.273857,-0.258436,0.001406,0.002708
0,-0.069737,-0.011655,-0.169969,0.157378,-0.143699,0.135803,0.001217,0.000203
0,-0.086642,0.036138,-0.044432,0.052045,-0.011052,0.049326,0.001512,0.000631
0,-0.172287,-0.049895,-0.07627,-0.092049,-0.041302,-0.132292,0.003007,0.000871
0,0.05182,-0.126934,0.20224,-0.086551,0.24263,-0.079113,0.000904,0.002215
0,-0.100249,0.099299,-0.149881,0.224565,-0.116854,0.196833,0.00175,0.001733
0,-0.112695,0.447265,-0.022664,0.318973,0.022512,0.315008,0.001967,1.2e-05
0,-0.314987,0.760758,-0.17483,0.302127,-0.193831,0.346026,0.00232,0.002358
0,-0.324462,0.781557,-0.036933,0.044932,-0.058569,0.086135,0.002155,0.001995
0,-0.357498,0.901339,-0.051909,0.133737,-0.084036,0.141701,0.001578,9.6e-05
0,-0.105472,0.995778,0.27847,0.11678,0.262488,0.141089,0.001841,0.001744
0,-0.30208,0.668544,-0.189493,-0.305972,-0.209942,-0.276358,0.002546,0.00385
0,-0.051567,0.816382,0.249886,0.119461,0.296592,0.13128,0.0009,0.001387
0,-0.017923,0.37619,0.027137,-0.457088,0.043719,-0.438806,0.000313,0.001252
0,0.030908,0.256659,0.049417,-0.0897,0.020276,-0.070848,0.000539,0.003338
0,0.049758,0.05211,0.006999,-0.195799,-0.01659,-0.244376,0.000868,0.000909
0,0.03482,0.066539,-0.02235,0.04019,-0.040734,0.053361,0.000608,0.001161
0,-0.124658,-0.022135,-0.166995,-0.109272,-0.173062,-0.071014,0.002176,0.000386
0,0.026142,0.104628,0.168234,0.113953,0.127119,0.143525,0.000456,0.001826
0,0.155983,0.061636,0.151335,-0.016332,0.175135,-0.043195,0.002722,0.001076
0,-0.098155,-0.247226,-0.243469,-0.338301,-0.214235,-0.333153,0.001713,0.003503
0,0.161752,-0.132321,0.265951,0.106536,0.234265,0.058306,0.002823,0.002309
0,-0.091735,0.056984,-0.245659,0.182091,-0.20732,0.206752,0.001601,0.000995
0,0.040271,-0.088357,0.117639,-0.12857,0.140522,-0.080358,0.000703,0.001542
0,0.002558,0.072582,-0.059343,0.145971,-0.01391,0.162879,4.5e-05,0.001267
0,0.089559,0.100133,0.065597,0.017997,0.048943,0.043318,0.001563,0.001748
0,0.121663,0.148532,0.050038,0.074401,0.055336,0.062596,0.002123,0.002592
0,0.028793,0.021143,-0.103034,-0.151742,-0.066878,-0.151923,0.000503,0.000369
0,-0.042845,-0.086445,-0.08627,-0.130525,-0.066083,-0.111804,0.000748,0.001509
0,0.005161,-0.087146,0.051443,-0.009424,0.030956,0.028054,9e-05,0.001521
0,0.032936,-0.03968,0.042762,0.050883,0.017734,0.053466,0.000575,0.000693
0,0.152904,0.038172,0.116622,0.04881,0.097413,0.028489,0.002669,0.000666
0,0.108144,-0.083028,-0.04203,-0.140673,-0.075318,-0.113853,0.001887,0.001449
0,-3.9e-05,-0.014638,-0.125369,0.062643,-0.096953,0.10418,1e-06,0.000255
0,-0.03818,-0.035172,-0.01096,-0.033986,0.018941,-0.062276,0.000666,0.000614
0,-0.072713,-0.000732,-0.022682,0.051695,-0.06624,0.093364,0.001269,1.3e-05
0,0.0753,-0.031106,0.176469,-0.057398,0.16731,-0.074164,0.001314,0.000543
0,0.079238,0.010648,0.026038,0.017998,-0.019357,0.002843,0.001383,0.000186
0,-0.152305,0.058659,-0.245881,0.033989,-0.222313,0.00021,0.002658,0.001024
0,-0.007651,0.052925,0.169424,-0.033513,0.187364,0.00125,0.000134,0.000924
0,-0.018723,0.030782,-0.010027,2.4e-05,0.012668,0.005016,0.000327,0.000537
0,0.039751,-0.105648,0.059902,-0.121227,0.092287,-0.113498,0.000694,0.001844
0,0.072041,-0.077799,0.013476,0.009251,0.002387,0.008772,0.001257,0.001358
0,-0.033379,-0.022126,-0.076682,0.04323,-0.054643,0.009686,0.000583,0.000386
0,0.096595,0.075291,0.144878,0.101424,0.173418,0.127866,0.001686,0.001314
0,-0.084612,-0.050702,-0.172696,-0.100429,-0.199906,-0.056982,0.001477,0.000885
0,-0.085876,0.02002,0.005647,0.049244,-0.028715,0.016338,0.001499,0.000349
0,-0.165161,0.13913,-0.080158,0.132498,-0.053606,0.156715,0.002883,0.002428
0,0.040276,-0.073152,0.234803,-0.235145,0.222874,-0.240702,0.000703,0.001277
0,0.031318,-0.033157,-0.011739,0.046659,0.028284,0.073473,0.000547,0.000579
0,-0.120916,0.035281,-0.148331,0.045358,-0.159492,0.089837,0.00211,0.000616
0,-0.051532,0.124802,0.095241,0.084939,0.062345,0.095079,0.000899,0.002178
0,-0.014861,0.081585,0.037039,-0.029625,0.044804,-0.037677,0.000259,0.001424
0,-0.093242,-0.029868,-0.072576,-0.102168,-0.102523,-0.09251,0.001627,0.000521
0,0.045657,-0.111262,0.142884,-0.103404,0.169856,-0.076705,0.000797,0.001942
0,0.222027,0.007576,0.202867,0.094213,0.191056,0.113076,0.003875,0.000132
0,0.095326,-0.104443,-0.113766,-0.141481,-0.126373,-0.163345,0.001664,0.001823
0,0.148415,-0.071426,0.047161,0.051465,0.069282,0.025578,0.00259,0.001247
0,0.21317,0.1221,0.077468,0.165693,0.080318,0.194835,0.003721,0.002131
0,0.22015,0.119701,-0.004128,0.026121,-0.025407,-0.00964,0.003842,0.002089
0,0.306604,0.131376,0.075951,0.041591,0.110142,-0.002267,0.002467,0.002293
0,0.163169,-0.060072,-0.14187,-0.195331,-0.124973,-0.225394,0.002848,0.001048
0,0.352894,0.167222,0.163488,0.215778,0.129786,0.253254,0.001659,0.002919
0,0.315558,0.055748,-0.05173,-0.102065,-0.07223,-0.095472,0.00231,0.000973
0,0.23633,-0.050977,-0.058,-0.078791,-0.068604,-0.060135,0.003693,0.00089
0,0.30109,0.118019,0.078019,0.194156,0.052564,0.1708,0.002563,0.00206
0,0.131649,0.167488,-0.153877,0.030934,-0.123534,0.016943,0.002298,0.002923
0,0.283205,0.154684,0.164623,0.001467,0.185099,-0.028551,0.002875,0.0027
0,0.075236,0.161911,-0.233086,0.015879,-0.22408,-0.017485,0.001313,0.002826
0,0.205572,-0.032576,0.157968,-0.167183,0.142859,-0.118359,0.003588,0.000569
0,-0.0003,-0.06512,-0.229425,-0.019134,-0.24354,-0.030429,5e-06,0.001137
0,0.131956,0.111665,0.157887,0.192962,0.133183,0.217179,0.002303,0.001949
0,-0.053091,0.063709,-0.176213,-0.052627,-0.142689,-0.063475,0.000927,0.001112
0,0.007586,0.161235,0.076188,0.121795,0.074613,0.153311,0.000132,0.002814
0,0.195105,0.135204,0.185346,-0.044195,0.169922,0.002678,0.003405,0.00236
0,0.165444,0.168888,-0.055682,0.01994,-0.07791,0.04772,0.002888,0.002948
0,0.206908,0.04551,0.06884,-0.117834,0.088185,-0.137331,0.003611,0.000794
0,0.092495,-0.084872,-0.091599,-0.137975,-0.065987,-0.104346,0.001614,0.001481
0,0.177838,0.114146,0.094313,0.208407,0.067575,0.246612,0.003104,0.001992
0,0.173674,0.155786,-0.010546,0.065122,-0.03173,0.033825,0.003031,0.002719
0,0.197322,-0.064654,0.032567,-0.203333,0.013502,-0.189365,0.003444,0.001128
0,0.008096,0.046787,-0.161157,0.105054,-0.1985,0.073416,0.000141,0.000817
0,-0.047261,0.115764,-0.042037,0.040742,-0.026253,0.015694,0.000825,0.00202
0,-0.048549,-0.057546,0.024133,-0.194533,0.035808,-0.215865,0.000847,0.001004
0,0.214642,-0.049496,0.244307,0.010682,0.232213,0.02973,0.003746,0.000864
0,-0.036707,-0.090943,-0.256832,-0.031692,-0.215767,-0.050291,0.000641,0.001587
0,0.188893,-0.041981,0.242154,0.026905,0.259145,-0.015494,0.003297,0.000733
0,0.064965,-0.079368,-0.150141,-0.029818,-0.150865,-0.068668,0.001134,0.001385
0,0.140564,0.015853,0.067555,0.116068,0.035213,0.099889,0.002453,0.000277
0,0.071154,-0.054318,-0.039663,-0.093479,-0.055758,-0.092978,0.001242,0.000948
0,-0.018692,0.077422,-0.068126,0.1609,-0.079332,0.124227,0.000326,0.001351
0,-0.060338,0.120074,-0.014688,0.065945,-0.014281,0.059804,0.001053,0.002096
0,-0.058812,0.030069,0.021018,-0.113254,-0.009435,-0.103533,0.001026,0.000525
0,-0.160687,-0.10927,-0.096664,-0.160068,-0.054702,-0.161662,0.002805,0.001907
0,-0.073851,0.115206,0.081416,0.215347,0.055856,0.245947,0.001289,0.002011
0,-0.178498,-0.067628,-0.093461,-0.165022,-0.143399,-0.191294,0.003115,0.00118
0,-0.042965,0.046831,0.136722,0.133629,0.144767,0.176914,0.00075,0.000817
0,0.040466,-0.0192,0.102564,-0.068573,0.120135,-0.09146,0.000706,0.000335
0,-0.054168,0.003878,-0.115291,0.040321,-0.137017,0.026928,0.000945,6.8e-05
0,-0.247229,-0.076966,-0.167649,-0.059003,-0.129971,-0.044408,0.003503,0.001343
0,-0.17048,-0.047044,0.048234,0.049882,0.017473,0.03634,0.002975,0.000821
0,0.055213,0.091503,0.241774,0.126591,0.279725,0.158098,0.000964,0.001597
0,0.103887,0.087613,0.053201,-0.00206,0.075196,-0.028114,0.001813,0.001529
0,-0.079675,0.005282,-0.175808,-0.074515,-0.18143,-0.045754,0.001391,9.2e-05
0,-0.146362,0.034111,-0.0479,0.014432,-0.050637,0.021142,0.002554,0.000595
0,0.124444,-0.021166,0.283636,-0.043261,0.238136,-0.023564,0.002172,0.000369
0,0.029151,-0.129741,-0.078762,-0.133669,-0.12318,-0.170739,0.000509,0.002264
0,0.173377,-0.031324,0.135694,0.09272,0.183093,0.120047,0.003026,0.000547
0,0.158151,0.015149,-0.030389,0.065493,-0.033435,0.025719,0.00276,0.000264
0,0.232726,-0.177032,0.08671,-0.213906,0.131434,-0.227594,0.003756,0.00309
0,0.164865,-0.091324,-0.052558,0.078145,-0.004426,0.029849,0.002877,0.001594
0,-0.035115,-0.159292,-0.217111,-0.040353,-0.187511,-0.029045,0.000613,0.00278
0,0.064016,-0.164682,0.104414,0.006721,0.134951,0.007592,0.001117,0.002874
0,0.099139,-0.046883,0.035583,0.137485,0.031291,0.165447,0.00173,0.000818
0,0.007619,-0.179407,-0.078593,-0.121831,-0.04386,-0.142222,0.000133,0.003131
0,0.118308,0.113349,0.098547,0.31047,0.122313,0.286375,0.002065,0.001978
0,0.103683,0.110546,0.005633,-0.01144,0.045472,-0.015184,0.00181,0.001929
0,-0.022558,-0.052176,-0.111814,-0.182932,-0.06739,-0.191363,0.000394,0.000911
0,0.098094,0.047012,0.147191,0.082755,0.167582,0.062729,0.001712,0.000821
0,-2.1963,0.296875,-2.301046,0.278979,-2.284169,0.283594,0.000757,0.002636
0,-2.325836,0.89842,-0.153608,0.578971,-0.139878,0.607837,0.001504,4.5e-05
0,-2.745236,2.363488,-0.436933,1.460568,-0.440254,1.460059,0.001006,0.002161
0,-3.889218,2.03643,-1.134584,-0.335695,-1.160412,-0.361915,0.002481,0.003547
0,-4.041723,1.854098,-0.160916,-0.163441,-0.156401,-0.20736,0.00018,0.001089
0,-3.034325,1.754144,1.032731,-0.083679,1.013283,-0.041543,0.001766,0.000656
0,-2.892382,1.093078,0.129004,-0.645422,0.171205,-0.616248,0.003574,0.003442
0,-2.041459,0.910141,0.846725,-0.202458,0.891205,-0.158713,0.003459,0.000249
0,-0.989226,0.987768,1.036696,0.049575,1.078006,0.088787,0.001629,0.001604
0,-0.336064,0.764283,0.672393,-0.209553,0.649871,-0.253691,0.001952,0.002296
0,-0.212596,0.366678,0.139663,-0.412581,0.092998,-0.459234,0.003711,0.001418
0,0.153429,0.319581,0.360013,-0.02732,0.369466,-0.012924,0.002678,0.00224
0,0.18815,0.278742,0.016748,-0.02986,-4.7e-05,-0.079221,0.003284,0.002953
0,0.438434,0.085447,0.277469,-0.186751,0.264428,-0.222536,0.000166,0.001491
0,0.212556,-0.034636,-0.229997,-0.142012,-0.255372,-0.150948,0.00371,0.000605
0,0.329027,-0.03409,0.12081,-0.007559,0.137707,-0.046137,0.002075,0.000595
0,0.19495,-0.335255,-0.128158,-0.295161,-0.106434,-0.334791,0.003403,0.001967
0,0.093463,-0.284358,-0.130527,0.060722,-0.1747,0.046593,0.001631,0.002855
0,0.160332,-0.156219,0.060355,0.114223,0.086261,0.083283,0.002798,0.002727
0,0.160035,-0.288547,0.01225,-0.127855,0.023325,-0.118891,0.002793,0.002782
0,0.189685,-0.049095,0.054796,0.228302,0.04264,0.207824,0.003311,0.000857
0,0.300976,-0.300639,0.096941,-0.261942,0.130627,-0.230055,0.002565,0.002571
0,0.374342,-0.178257,0.057264,0.143601,0.07992,0.102324,0.001284,0.003111
0,0.249512,-0.152186,-0.138231,0.033893,-0.179899,0.039486,0.003463,0.002656
0,0.199808,-0.188671,-0.03046,-0.008828,0.004955,-0.020846,0.003487,0.003293
0,0.171097,-0.123088,-0.018038,0.088336,-0.009408,0.122843,0.002986,0.002148
0,0.112659,-0.015056,-0.030039,0.091215,-0.02888,0.100896,0.001966,0.000263
0,0.170097,-0.051195,0.042827,-0.033475,0.090542,-0.035617,0.002969,0.000894
0,-0.025051,-0.033297,-0.219143,0.041066,-0.213306,0.024423,0.000437,0.000581
0,0.241729,-0.003692,0.244488,0.028457,0.25348,0.074486,0.003599,6.4e-05
0,0.180403,-0.118903,-0.073711,-0.134807,-0.0871,-0.133648,0.003149,0.002075
0,0.017635,-0.032662,-0.189881,0.076619,-0.180915,0.057308,0.000308,0.00057
0,0.280645,-0.261237,0.276431,-0.218006,0.287127,-0.26341,0.00292,0.003258
0,0.200539,-0.068957,-0.06495,0.213885,-0.051545,0.166474,0.0035,0.001204
0,0.259092,-0.112059,0.029945,-0.037025,-0.007001,-0.067858,0.003296,0.001956
0,0.099965,-0.057225,-0.154746,0.048151,-0.142373,0.070697,0.001745,0.000999
0,0.153469,-0.150718,0.048671,-0.104733,0.042587,-0.08109,0.002679,0.002631
0,0.232598,-0.068949,0.064187,0.055531,0.072411,0.070554,0.003758,0.001203
0,0.313592,0.004453,0.062604,0.049937,0.018951,0.002242,0.002345,7.8e-05
0,0.112462,-0.015613,-0.229294,0.008339,-0.239698,-0.03796,0.001963,0.000273
0,0.237773,-0.219981,0.142115,-0.220965,0.158924,-0.220687,0.003668,0.003839
0,0.180429,-0.122613,-0.051203,0.123466,-0.011505,0.095837,0.003149,0.00214
0,0.334445,-0.191961,0.157821,-0.072462,0.191179,-0.082182,0.001981,0.00335
0,0.191842,-0.206651,-0.171211,-0.012588,-0.170008,0.005844,0.003348,0.003607
0,0.153906,-0.028292,-0.027387,0.158957,-0.050414,0.199517,0.002686,0.000494
0,0.099281,0.043208,-0.033538,0.095661,-0.056929,0.116714,0.001733,0.000754
0,0.092066,0.019228,0.007295,-0.006779,0.056474,0.028033,0.001607,0.000336
0,0.239132,-0.049265,0.160089,-0.062142,0.164636,-0.021964,0.003644,0.00086
0,0.241535,-0.11727,0.011088,-0.040175,-0.002603,-0.087959,0.003602,0.002047
0,0.0163,0.073879,-0.215267,0.192066,-0.211534,0.241314,0.000284,0.001289
0,0.116482,-0.125881,0.115457,-0.227564,0.133367,-0.192551,0.002033,0.002197
0,0.04303,-0.064275,-0.083533,0.082512,-0.034464,0.082774,0.000751,0.001122
0,0.056571,0.131254,0.042596,0.171782,0.004927,0.157188,0.000987,0.002291
0,-0.096315,-0.109529,-0.149387,-0.236685,-0.180199,-0.268088,0.001681,0.001912
0,0.020132,0.021617,0.141986,0.124932,0.102134,0.093576,0.000351,0.000377
0,-0.531687,0.10163,-0.551609,0.105415,-0.591802,0.096771,0.001462,0.001774
0,-0.343009,0.015761,0.170499,-0.066611,0.147987,-0.05747,0.001831,0.000275
0,-0.663446,0.216307,-0.314159,0.19576,-0.343281,0.176111,0.003761,0.003775
0,-0.713116,0.09534,-0.043018,-0.091197,-0.051552,-0.108428,0.00319,0.001664
0,-0.450896,0.214894,0.274175,0.101534,0.23304,0.149468,5.2e-05,0.003751
0,-0.470382,0.29582,-0.020809,0.091007,-0.01923,0.067948,0.000392,0.002655
0,-0.456155,0.118673,-0.001775,-0.200023,-0.036778,-0.229505,0.000144,0.002071
0,-0.359626,0.022001,0.097828,-0.106429,0.091569,-0.089967,0.001541,0.000384
0,0.912398,-0.548503,1.295371,-0.543215,1.311724,-0.559047,0.000289,0.001755
0,1.709114,-1.131339,0.779282,-0.571966,0.746098,-0.545973,0.001442,0.003708
0,2.456646,-1.67727,0.743016,-0.516766,0.777759,-0.506389,0.003787,0.001998
0,2.48513,-1.678685,0.006059,0.016095,0.047374,0.058089,0.003534,0.001973
0,2.203605,-1.36168,-0.295197,0.297077,-0.341492,0.275023,0.000629,0.000312
0,2.158737,-1.011157,-0.067209,0.351385,-0.082803,0.375869,0.001412,0.002012
0,2.334783,-1.071649,0.192876,-0.057066,0.207736,-0.021845,0.00166,0.003068
0,1.929883,-0.841822,-0.41075,0.208942,-0.390687,0.25294,0.002411,0.000943
0,1.450546,-0.575908,-0.494033,0.274524,-0.469725,0.313073,0.001863,0.002234
0,0.921039,-0.586592,-0.54814,-0.015793,-0.532866,0.028131,0.000439,0.00242
0,0.779946,-0.120451,-0.116958,0.464115,-0.139628,0.503658,0.002023,0.002102
0,0.358305,-0.196533,-0.402208,-0.097778,-0.401312,-0.087819,0.001564,0.00343
0,0.121226,-0.112197,-0.254248,0.100237,-0.244849,0.051851,0.002116,0.001958
0,-0.052046,0.174416,-0.197573,0.308854,-0.226894,0.33787,0.000908,0.003044
0,-0.198457,-0.045171,-0.163519,-0.210093,-0.210934,-0.215385,0.003464,0.000788
0,-0.387523,0.106399,-0.183605,0.171175,-0.198232,0.136188,0.001054,0.001857
0,-0.312034,0.178703,0.079385,0.072796,0.050597,0.071998,0.002372,0.003119
0,-0.218304,0.219835,0.085515,0.036254,0.066032,-0.004548,0.00381,0.003837
0,-0.265837,0.166469,-0.024236,-0.04798,-0.035047,-0.032347,0.003178,0.002905
0,-0.072425,-0.027918,0.222208,-0.180747,0.270094,-0.204551,0.001264,0.000487
0,-0.200378,0.17673,-0.152631,0.206479,-0.173642,0.217398,0.003497,0.003085
0,-0.265444,0.015903,-0.058947,-0.143334,-0.088446,-0.192905,0.003185,0.000278
0,-0.206524,0.067568,0.048178,0.06866,0.075826,0.107833,0.003605,0.001179
0,0.062043,0.009417,0.23897,-0.029041,0.229351,0.003456,0.001083,0.000164
0,-0.1886,-0.135842,-0.272822,-0.155433,-0.26474,-0.128611,0.003292,0.002371
0,-0.245085,-0.035589,-0.080136,0.078149,-0.089967,0.105773,0.00354,0.000621
0,0.059712,-0.032386,0.312584,0.01242,0.304303,-0.019527,0.001042,0.000565
0,-0.080363,0.123257,-0.143341,0.181085,-0.161244,0.197802,0.001403,0.002151
0,-0.184651,-0.130841,-0.107894,-0.283474,-0.118479,-0.250988,0.003223,0.002284
0,-0.095656,0.034359,0.116327,0.156896,0.142745,0.132767,0.00167,0.0006
0,0.002643,-0.118886,0.072049,-0.132952,0.073132,-0.096231,4.6e-05,0.002075
0,-0.073501,0.021984,-0.098489,0.128457,-0.139639,0.112999,0.001283,0.000384
0,-0.037636,-0.058687,0.012425,-0.076796,0.032082,-0.081203,0.000657,0.001024
0,-0.007406,0.126188,0.034629,0.160641,-0.007793,0.119899,0.000129,0.002202
0,-0.020944,0.103948,-0.006725,0.006578,-0.029166,-0.026189,0.000366,0.001814
0,-0.20869,-0.088571,-0.166159,-0.205043,-0.133193,-0.242458,0.003642,0.001546
0,-0.195122,0.031461,0.041018,0.138213,0.046299,0.150273,0.003406,0.000549
0,-0.132722,0.012255,0.07124,-0.034178,0.089518,-0.027163,0.002316,0.000214
0,-0.117278,-0.106166,0.01753,-0.128155,0.058245,-0.085355,0.002047,0.001853
0,-0.020359,0.041401,0.113585,0.147289,0.145405,0.151393,0.000355,0.000723
0,0.003889,-0.22342,0.049165,-0.255765,0.040156,-0.223444,6.8e-05,0.003899
0,-0.078772,-0.073259,-0.079271,0.160972,-0.071341,0.144948,0.001375,0.001279
0,-0.034801,-0.167107,0.026951,-0.113805,0.064885,-0.105259,0.000607,0.002917
0,-0.164025,-0.046881,-0.153132,0.116672,-0.128177,0.113994,0.002863,0.000818
0,-0.071881,-0.063044,0.105858,-0.021153,0.073159,-0.069808,0.001255,0.0011
0,0.029962,-0.053064,0.112083,-0.017111,0.081413,-0.045552,0.000523,0.000926
0,-0.062703,-0.07948,-0.11026,-0.049953,-0.092366,-0.063211,0.001094,0.001387
0,0.068454,-0.149357,0.137325,-0.042568,0.11156,-0.030175,0.001195,0.002607
0,-0.150402,-0.172086,-0.221558,-0.047148,-0.270317,-0.074953,0.002625,0.003003
0,0.14152,0.055902,0.283658,0.23155,0.252613,0.277473,0.00247,0.000976
0,0.081506,-0.106716,-0.071267,-0.185257,-0.021567,-0.142526,0.001423,0.001863
0,-0.141877,0.107134,-0.217474,0.191438,-0.26317,0.193047,0.002476,0.00187
0,-0.192316,0.102551,-0.023304,0.007292,0.017725,0.00247,0.003357,0.00179
0,-0.055062,-0.080974,0.14502,-0.17142,0.121758,-0.141141,0.000961,0.001413
0,0.010415,0.060896,0.06053,0.157643,0.106319,0.195056,0.000182,0.001063
0,-0.115399,0.00867,-0.107919,-0.0651,-0.108368,-0.036992,0.002014,0.000151
0,-0.002241,-0.113766,0.117334,-0.132361,0.090028,-0.124431,3.9e-05,0.001986
0,0.01473,-0.052745,0.028441,0.038043,0.045023,0.072075,0.000257,0.000921
0,-0.024505,-0.107019,-0.025434,-0.04484,-0.036608,0.000575,0.000428,0.001868
0,-0.26554,-0.008472,-0.261446,0.089668,-0.253003,0.100365,0.003183,0.000148
0,-0.064642,-0.162911,0.197924,-0.153773,0.231947,-0.133648,0.001128,0.002843
0,-0.163636,0.066306,-0.122735,0.226811,-0.112109,0.270438,0.002856,0.001157
0,0.014514,-0.064045,0.195528,-0.158227,0.192908,-0.183152,0.000253,0.001118
0,-0.05496,-0.08799,-0.073769,-0.010675,-0.035183,0.012008,0.000959,0.001536
0,-0.103282,-0.023076,-0.053824,0.086312,-0.051579,0.10861,0.001803,0.000403
0,-0.028547,-0.11496,0.060242,-0.063954,0.049674,-0.069358,0.000498,0.002006
0,-0.065387,-0.032545,-0.042471,0.101383,-0.04049,0.104736,0.001141,0.000568
0,-0.007433,-0.116069,0.063403,-0.078541,0.063926,-0.077009,0.00013,0.002026
0,0.046372,0.085755,0.073126,0.221768,0.097972,0.264404,0.000809,0.001497
0,0.114369,0.068238,0.044131,-0.038808,0.082691,-0.043887,0.001996,0.001191
0,-0.060653,0.066179,-0.189509,-0.01947,-0.204954,-0.049779,0.001059,0.001155
0,0.036618,0.092761,0.113079,0.050569,0.069866,0.098545,0.000639,0.001619
0,0.050107,-0.162207,-0.010703,-0.24264,-0.036594,-0.200394,0.000875,0.002831
0,-0.004791,-0.017649,-0.069466,0.131434,-0.081637,0.16968,8.4e-05,0.000308
0,0.063539,-0.021913,0.091244,-0.007987,0.059505,-0.000259,0.001109,0.000382
0,-0.09755,0.017341,-0.149073,0.022237,-0.136517,-0.021181,0.001703,0.000303
0,-0.246548,0.013714,-0.178407,-0.012213,-0.159022,-0.007582,0.003515,0.000239
0,-0.22276,-0.123538,0.01649,-0.160401,-0.025969,-0.120625,0.003888,0.002156
0,-0.115801,-0.108364,0.08737,0.021636,0.135582,0.051056,0.002021,0.001891
0,0.052182,0.176143,0.139151,0.265063,0.099756,0.246414,0.000911,0.003074
0,-0.101915,0.039562,-0.151427,-0.13325,-0.123314,-0.092048,0.001779,0.00069
0,-0.089716,-0.008712,0.005864,-0.048949,-0.01801,-0.010466,0.001566,0.000152
0,-0.021798,0.038166,0.087211,0.029043,0.084503,0.037059,0.00038,0.000666
0,0.102847,0.157558,0.113884,0.119223,0.082096,0.100536,0.001795,0.00275
0,0.029778,0.071338,-0.085992,-0.102764,-0.135668,-0.089986,0.00052,0.001245
0,-0.018644,-0.023407,-0.042435,-0.1025,-0.056343,-0.128819,0.000325,0.000409
0,0.019694,-0.017044,0.015635,0.002882,0.03732,-0.026784,0.000344,0.000297
0,-0.218073,0.007256,-0.210529,0.026685,-0.191754,0.027426,0.003806,0.000127
0,-0.084807,-0.005647,0.110059,0.001931,0.143633,0.037803,0.00148,9.9e-05
0,-0.021551,0.037756,0.059107,0.036971,0.104956,-0.003475,0.000376,0.000659
0,0.037277,-0.109954,0.077952,-0.120652,0.038431,-0.161916,0.000651,0.001919
0,-0.13602,-0.009319,-0.168605,0.094561,-0.133714,0.129242,0.002374,0.000163
0,0.033734,-0.131636,0.193744,-0.145206,0.146302,-0.124321,0.000589,0.002297
0,-0.018859,-0.1199,-0.033379,-0.018189,-0.041676,-0.0284,0.000329,0.002093
0,-0.000495,0.097464,0.020302,0.197286,0.034833,0.22497,9e-06,0.001701
0,-0.128046,-0.001071,-0.098135,-0.069846,-0.114982,-0.109379,0.002235,1.9e-05
0,-0.316462,-0.084415,-0.175669,-0.106396,-0.179074,-0.133818,0.002295,0.001473
0,-0.2399,-0.10275,0.085188,-0.026818,0.130296,-0.002332,0.003631,0.001793
0,-0.147642,-0.057011,0.076949,0.070587,0.035697,0.073335,0.002577,0.000995
0,0.035078,-0.054214,0.203491,-0.019992,0.173343,0.000797,0.000612,0.000946
0,0.046974,0.042234,0.031786,0.077306,-0.005886,0.029903,0.00082,0.000737
0,-0.08452,-0.094437,-0.138485,-0.134855,-0.141105,-0.088522,0.001475,0.001648
0,-0.141526,-0.019007,-0.060991,0.052958,-0.02075,0.061328,0.00247,0.000332
0,-0.071467,-0.001281,0.091283,0.007778,0.049033,0.023392,0.001247,2.2e-05
0,0.024192,0.072643,0.111893,0.052339,0.158733,0.04042,0.000422,0.001268
0,0.116027,0.069357,0.103463,-0.006245,0.054891,0.025036,0.002025,0.001211
0,0.080634,-0.076142,-0.008622,-0.128736,0.040889,-0.143495,0.001407,0.001329
0,-0.125832,-0.037996,-0.224599,0.059801,-0.234234,0.063132,0.002196,0.000663
0,0.111357,-0.083439,0.258018,-0.031239,0.275077,-0.030599,0.001944,0.001456
0,-0.043993,0.103759,-0.153681,0.162381,-0.106958,0.148295,0.000768,0.001811
0,0.200481,-0.117669,0.274194,-0.231219,0.236621,-0.189205,0.003499,0.002054
0,0.209914,-0.122558,-0.008953,0.014017,-0.003165,-0.020866,0.003664,0.002139
0,0.071161,0.037154,-0.159737,0.182804,-0.139196,0.17694,0.001242,0.000648
0,0.14451,0.051766,0.055268,0.043772,0.016119,0.012578,0.002522,0.000903
0,0.181982,0.104496,0.055638,0.058267,0.035715,0.095628,0.003176,0.001824
0,0.177747,-0.01467,0.007844,-0.115011,0.004305,-0.093637,0.003102,0.000256
0,-0.077411,0.039489,-0.232888,0.040287,-0.237285,0.020209,0.001351,0.000689
0,0.14136,0.118741,0.223329,0.090936,0.210555,0.105956,0.002467,0.002072
0,0.142235,-0.098166,0.028576,-0.239224,0.016862,-0.270199,0.002482,0.001713
0,0.145043,0.051049,0.032401,0.127721,0.054421,0.124652,0.002531,0.000891
0,-0.095943,-0.131716,-0.220897,-0.177532,-0.257412,-0.191277,0.001675,0.002299
0,-0.080654,0.020909,0.037658,0.159075,-0.001298,0.197513,0.001408,0.000365
0,0.180126,-0.040567,0.232468,-0.036613,0.248597,-0.02157,0.003144,0.000708
0,0.212752,0.024142,0.017807,0.069506,-0.006373,0.076292,0.003713,0.000421
0,0.176675,-0.129883,-0.058231,-0.182154,-0.02679,-0.183616,0.003084,0.002267
0,0.001644,0.083783,-0.145487,0.196636,-0.18417,0.212477,2.9e-05,0.001462
0,0.117643,-0.074637,0.10758,-0.150437,0.081822,-0.186002,0.002053,0.001303
0,0.236407,-0.073223,0.105226,0.000786,0.127533,-0.00539,0.003692,0.001278
0,0.146353,0.092772,-0.092381,0.173239,-0.079166,0.138077,0.002554,0.001619
0,0.244478,-0.022246,0.095028,-0.129575,0.116631,-0.10338,0.003551,0.000388
0,0.087338,-0.147185,-0.140608,-0.109052,-0.157515,-0.153634,0.001524,0.002569
0,0.064157,-0.110421,-0.01758,0.041007,0.014844,0.047296,0.00112,0.001927
0,0.225247,0.09603,0.146269,0.191247,0.150418,0.210455,0.003887,0.001676
0,0.123688,-0.101062,-0.099274,-0.226433,-0.129246,-0.217124,0.002159,0.001764
0,0.109236,-0.019348,-0.012,0.105576,0.025473,0.108618,0.001907,0.000338
0,0.097184,-0.037696,0.007861,-0.024978,-0.030542,-0.051509,0.001696,0.000658
0,0.061258,-0.144979,-0.049886,-0.125433,-0.034567,-0.156743,0.001069,0.00253
0,0.02506,0.098167,-0.016222,0.250537,-0.05465,0.293315,0.000437,0.001713
0,0.152681,-0.034422,0.12746,-0.110175,0.133515,-0.145673,0.002665,0.000601
0,0.002135,-0.135835,-0.145686,-0.100214,-0.167642,-0.122207,3.7e-05,0.002371
0,0.011985,-0.077432,0.025122,0.058081,-0.000324,0.07115,0.000209,0.001351
0,0.025737,0.119885,0.025131,0.180019,0.067494,0.21387,0.000449,0.002092
0,-0.032599,0.117725,-0.031716,-0.007649,-0.056932,0.038962,0.000569,0.002055
0,0.047117,-0.06352,0.060773,-0.175001,0.018377,-0.208247,0.000822,0.001109
0,0.067385,0.032157,0.005133,0.070477,0.007243,0.033829,0.001176,0.000561
0,0.026071,-0.040783,-0.04751,-0.086764,-0.010783,-0.131064,0.000455,0.000712
0,0.13162,-0.158379,0.087056,-0.131087,0.13327,-0.175779,0.002297,0.002764
0,0.046786,-0.0039,-0.07769,0.165756,-0.036858,0.118758,0.000817,6.8e-05
0,0.137008,0.10267,0.072092,0.10222,0.085995,0.132736,0.002391,0.001792
0,0.003544,-0.139464,-0.107728,-0.242765,-0.117396,-0.220827,6.2e-05,0.002434
0,0.071402,-0.000555,0.078676,0.110985,0.047607,0.151121,0.001246,1e-05
0,0.123199,0.027715,0.046496,0.002518,0.088113,-0.045927,0.00215,0.000484
0,-0.071146,-0.031773,-0.18265,-0.073163,-0.207486,-0.093202,0.001242,0.000555
0,0.038191,0.067428,0.097376,0.119872,0.049483,0.164772,0.000667,0.001177
0,-0.127271,-0.147164,-0.148885,-0.196265,-0.146785,-0.189892,0.002221,0.002568
0,0.037916,-0.178783,0.158504,-0.05322,0.135891,-0.055578,0.000662,0.00312
0,-0.121432,-0.16165,-0.152612,0.036739,-0.152068,0.025848,0.002119,0.002821
0,-0.155541,0.080254,-0.038585,0.257509,-0.03588,0.238674,0.002715,0.001401
0,-0.105915,-0.013222,0.072961,-0.071413,0.029747,-0.060799,0.001849,0.000231
0,-0.012643,-0.090289,0.066956,-0.088721,0.067218,-0.13727,0.000221,0.001576
0,-0.13905,-0.014223,-0.111978,0.068752,-0.071034,0.027895,0.002427,0.000248
0,0.006181,-0.021226,0.128919,-0.033144,0.091296,-0.048735,0.000108,0.00037
0,0.039722,-0.003358,0.050845,-0.009762,0.082679,0.00124,0.000693,5.9e-05
0,0.057177,0.145364,0.046456,0.163378,0.09515,0.125645,0.000998,0.002537
0,-0.026673,0.16464,-0.075934,0.037825,-0.103286,0.06369,0.000466,0.002874
0,-0.010241,0.014696,-0.012518,-0.127585,0.011475,-0.11266,0.000179,0.000256
0,0.061426,-0.003922,0.070771,0.01054,0.035157,0.044215,0.001072,6.8e-05
0,0.02104,0.094165,-0.022425,0.11605,-0.066586,0.099857,0.000367,0.001643
0,-0.011178,0.021199,-0.05075,-0.046859,-0.07812,-0.07764,0.000195,0.00037
0,0.152888,-0.057101,0.152685,-0.064115,0.16876,-0.109724,0.002668,0.000997
0,-0.030418,-0.021855,-0.197039,0.026558,-0.208638,-0.020998,0.000531,0.000381
0,-0.152487,-0.068695,-0.125508,-0.052738,-0.08431,-0.09901,0.002661,0.001199
0,0.136344,0.097618,0.292296,0.156186,0.309897,0.144184,0.00238,0.001704
0,0.023359,0.054447,-0.090079,-0.036092,-0.10926,-0.048428,0.000408,0.00095
0,-0.041372,-0.036293,-0.069062,-0.088003,-0.11335,-0.116371,0.000722,0.000633
0,0.046934,0.102365,0.096514,0.152506,0.048466,0.181466,0.000819,0.001787
0,-0.035618,0.170686,-0.052805,0.083896,-0.07396,0.040688,0.000622,0.002979
0,0.024962,0.046694,0.073332,-0.152397,0.094051,-0.190676,0.000436,0.000815
0,0.067558,0.119406,0.020104,0.075239,0.053422,0.108181,0.001179,0.002084
0,-0.003542,-0.026548,-0.074706,-0.173943,-0.060598,-0.204854,6.2e-05,0.000463
0,-0.03593,-0.025698,-0.007576,-0.002099,-0.055516,-0.013213,0.000627,0.000449
0,0.109977,-0.00548,0.14638,0.043552,0.147804,0.003858,0.001919,9.6e-05
0,0.060846,0.055101,-0.058969,0.081369,-0.0989,0.073059,0.001062,0.000962
0,0.122153,0.048943,0.037859,0.019385,0.067955,0.034323,0.002132,0.000854
0,-0.052724,-0.003053,-0.188305,-0.037154,-0.221315,0.000597,0.00092,5.3e-05
0,-0.103042,0.133945,-0.024946,0.116393,-0.030957,0.085138,0.001798,0.002338
0,-0.017318,0.019475,0.106427,-0.10853,0.101511,-0.141669,0.000302,0.00034
0,-0.115966,-0.085837,-0.086685,-0.104159,-0.037643,-0.130904,0.002024,0.001498
0,0.476244,0.013349,0.564705,0.089534,0.520952,0.096267,0.000494,0.000233
0,0.630539,0.271948,0.132298,0.282974,0.151455,0.327687,0.003187,0.003071
0,0.64957,0.114128,0.01933,-0.15253,-0.00016,-0.163603,0.003519,0.001992
0,0.576014,0.216927,-0.053039,0.090563,-0.096675,0.04373,0.002235,0.003786
0,0.542983,-0.045461,-0.054532,-0.290762,-0.034621,-0.312147,0.001659,0.000793
0,0.441537,0.112212,-0.07591,0.130718,-0.120801,0.098494,0.000112,0.001958
0,0.513624,0.133486,0.050731,0.037882,0.060021,0.073975,0.001147,0.00233
0,0.345777,-0.0403,-0.168648,-0.202998,-0.152026,-0.214489,0.001783,0.000703
0,0.025982,0.18301,-0.297161,0.193794,-0.341028,0.185044,0.000453,0.003194
0,-0.041156,-0.076455,-0.069358,-0.281336,-0.051887,-0.239842,0.000718,0.001334
0,0.211496,0.094915,0.267004,0.149341,0.241703,0.16337,0.003691,0.001657
0,0.169263,-0.009461,-0.048726,-0.126524,-0.011317,-0.099529,0.002954,0.000165
0,0.023883,0.177443,-0.156908,0.167026,-0.167025,0.121267,0.000417,0.003097
0,-0.067091,-0.0425,-0.073351,-0.197759,-0.04697,-0.2004,0.001171,0.000742
0,0.159786,0.178973,0.207185,0.242978,0.204819,0.270944,0.002789,0.003124
0,-0.023848,-0.014312,-0.197777,-0.188863,-0.179215,-0.188465,0.000416,0.00025
0,0.163758,0.121993,0.210159,0.140777,0.184992,0.132378,0.002858,0.002129
0,0.160055,0.009802,-0.005091,-0.090135,-0.026112,-0.075739,0.002793,0.000171
0,-0.0142,0.03923,-0.175904,0.030551,-0.168732,0.044929,0.000248,0.000685
0,-0.052787,0.186789,-0.060192,0.131126,-0.06302,0.131964,0.000921,0.00326
0,-0.103842,0.068789,-0.066765,-0.128201,-0.041304,-0.162969,0.001812,0.001201
0,-0.175801,0.135522,-0.051044,0.090358,-0.018664,0.115022,0.003068,0.002365
0,-0.167188,0.073155,0.03493,-0.073585,-0.001028,-0.066062,0.002918,0.001277
0,0.110098,0.180043,0.282076,0.114852,0.296036,0.081473,0.001922,0.003142
0,-0.023712,0.081362,-0.10461,-0.10506,-0.096534,-0.15318,0.000414,0.00142
0,-0.052395,0.047465,-0.001233,-0.022367,-0.022509,-0.032805,0.000914,0.000828
0,-0.016493,-0.00615,0.016461,-0.071726,0.014136,-0.075259,0.000288,0.000107
0,0.154881,0.039135,0.197867,0.063619,0.175144,0.023989,0.002703,0.000683
0,-0.043179,-0.0412,-0.215332,-0.062291,-0.195701,-0.112077,0.000754,0.000719
0,0.063081,0.143635,0.085114,0.202117,0.120163,0.168741,0.001101,0.002507
0,-0.060982,-0.086799,-0.131213,-0.259586,-0.152542,-0.30283,0.001064,0.001515
0,-0.007206,0.124383,0.077209,0.236157,0.045172,0.207892,0.000126,0.002171
0,-0.011348,-0.08706,-0.003918,-0.221188,0.042677,-0.266903,0.000198,0.001519
0,0.164174,0.182816,0.149211,0.2873,0.155957,0.331627,0.002865,0.003191
0,0.968168,0.823352,0.787807,0.622089,0.746641,0.641338,0.001262,0.001266
0,2.19626,1.924807,1.224095,1.130387,1.254544,1.100133,0.000757,0.002323
0,3.092272,2.396951,0.903837,0.494879,0.926023,0.478513,0.000755,0.002745
0,3.057123,1.838085,-0.060376,-0.531406,-0.0713,-0.554213,0.001368,0.000809
0,3.19219,1.840847,0.152381,-0.002588,0.155482,0.000184,0.000989,0.000857
0,2.730828,1.444964,-0.447028,-0.420123,-0.433033,-0.446803,0.000755,0.001766
0,1.98653,1.423788,-0.749379,-0.009201,-0.779768,0.002878,0.0034,0.001396
0,1.233829,1.117481,-0.757648,-0.315867,-0.737049,-0.27204,0.001919,0.003868
0,1.061281,0.78927,-0.154838,-0.303896,-0.183792,-0.308551,0.002887,0.00186
0,0.719221,0.533158,-0.350278,-0.268125,-0.332546,-0.283486,0.003083,0.001487
0,0.529191,0.245772,-0.171947,-0.283013,-0.213965,-0.240811,0.001418,0.003528
0,-0.001118,-0.049607,-0.5054,-0.288709,-0.456515,-0.246951,2e-05,0.000866
0,-0.070589,0.083119,-0.088782,0.159858,-0.126348,0.123295,0.001232,0.001451
0,-0.194095,-0.013212,-0.107464,-0.067997,-0.07873,-0.029355,0.003388,0.000231
0,-0.197263,0.002374,0.014475,0.023186,0.007417,-0.022917,0.003443,4.1e-05
0,-0.326083,-0.122609,-0.12251,-0.154278,-0.087257,-0.11649,0.002127,0.00214
0,-0.506087,-0.093813,-0.155366,0.052429,-0.170452,0.033471,0.001015,0.001637
0,-0.329594,-0.254016,0.172936,-0.167078,0.168,-0.123321,0.002065,0.003384
0,-0.249754,-0.139936,0.098727,0.11645,0.062493,0.115884,0.003459,0.002442
0,-0.383496,-0.092842,-0.154292,0.058675,-0.173123,0.048331,0.001125,0.00162
0,-0.17741,-0.338241,0.234683,-0.241243,0.216914,-0.286566,0.003096,0.001914
0,-0.200794,-0.342022,-0.024851,0.001959,-0.03218,-0.000194,0.003505,0.001848
0,-0.189101,-0.148245,0.013514,0.221877,-0.004093,0.256542,0.0033,0.002587
0,-0.404211,-0.167753,-0.196821,0.001939,-0.210028,-0.007609,0.000763,0.002928
0,-0.314165,-0.275544,0.061512,-0.106817,0.090535,-0.148008,0.002335,0.003009
0,-0.215212,-0.132567,0.118236,0.148386,0.110755,0.18556,0.003756,0.002314
0,-0.369529,-0.222063,-0.162796,-0.05988,-0.152487,-0.031024,0.001368,0.003876
0,-0.278585,-0.172624,0.067724,0.056827,0.105179,0.071988,0.002956,0.003013
0,-0.178174,-0.072837,0.088115,0.072878,0.11865,0.024731,0.00311,0.001271
0,-0.25258,-0.135794,-0.094524,-0.046303,-0.133511,-0.087299,0.00341,0.00237
0,-0.148431,-0.02237,0.111956,0.127529,0.089294,0.14135,0.002591,0.00039
0,-0.070206,0.003144,0.087581,0.04785,0.111696,0.076876,0.001225,5.5e-05
0,-0.171376,-0.045469,-0.080542,-0.058743,-0.108138,-0.052569,0.002991,0.000794
0,-0.234948,-0.201641,-0.082522,-0.169253,-0.084157,-0.17791,0.003717,0.003519
0,-0.197175,0.013567,0.043989,0.202976,0.011929,0.183056,0.003441,0.000237
0,-0.110958,-0.077726,0.085696,-0.115484,0.04036,-0.122665,0.001937,0.001357
0,-0.068974,-0.012602,0.036559,0.08074,0.038982,0.110298,0.001204,0.00022
0,-0.149702,-0.128975,-0.051121,-0.14328,-0.078307,-0.108309,0.002613,0.002251
0,-0.202246,0.014334,-0.022896,0.170782,-0.065201,0.150151,0.00353,0.00025
0,-0.197751,0.033967,0.015077,0.04006,-0.026032,0.041435,0.003451,0.000593
0,-0.097587,0.042197,0.103066,0.037015,0.089399,0.070949,0.001703,0.000736
0,0.043831,-0.204499,0.169176,-0.240903,0.211049,-0.246645,0.000765,0.003569
0,-0.164846,-0.096914,-0.220574,0.091963,-0.198893,0.136752,0.002877,0.001691
0,0.053717,0.057776,0.231203,0.156735,0.278449,0.127834,0.000938,0.001008
0,0.058111,-0.175373,-0.01277,-0.225741,0.017568,-0.202032,0.001014,0.003061
0,-0.13117,-0.092876,-0.217984,0.077428,-0.229578,0.039559,0.002289,0.001621
0,-0.094937,-0.180566,0.050461,-0.087315,0.090976,-0.059556,0.001657,0.003151
0,-0.169746,-0.045051,-0.087965,0.143231,-0.068281,0.15572,0.002963,0.000786
0,-0.168933,-0.187849,-0.022954,-0.153402,-0.004463,-0.10673,0.002948,0.003279
0,-0.068828,-0.225903,0.117217,-0.008203,0.119172,-0.046411,0.001201,0.003875
0,0.02864,-0.00216,0.110167,0.249113,0.127965,0.279316,0.0005,3.8e-05
0,0.063837,-0.071579,0.026735,-0.063193,-0.014171,-0.02366,0.001114,0.001249
0,-0.115455,0.043888,-0.158849,0.142002,-0.195434,0.110412,0.002015,0.000766
0,0.017254,-0.069396,0.152304,-0.118408,0.160939,-0.121298,0.000301,0.001211
0,-0.12086,-0.125969,-0.145852,-0.03226,-0.144689,-0.020644,0.002109,0.002199
0,0.004694,-0.230196,0.122664,-0.081414,0.08611,-0.076157,8.2e-05,0.0038
0,-0.24827,-0.006551,-0.250237,0.203747,-0.271451,0.217765,0.003485,0.000114
0,-0.057701,-0.014559,0.203053,-0.017445,0.166778,0.015678,0.001007,0.000254
0,-0.260846,-0.020123,-0.192218,0.005438,-0.212094,-0.019843,0.003265,0.000351
0,-0.053835,-0.022293,0.225943,0.027231,0.253288,0.048816,0.00094,0.000389
0,-0.141135,-0.016046,-0.114914,0.005527,-0.077955,-0.038027,0.002463,0.00028
0,-0.268414,-0.154833,-0.111381,-0.124965,-0.139071,-0.123128,0.003133,0.002702
0,-0.231977,0.039855,0.039624,0.183135,0.02848,0.193957,0.003769,0.000696
0,-0.354237,-0.123248,-0.103901,-0.168978,-0.127989,-0.159209,0.001635,0.002151
0,-0.300485,-0.175403,0.066118,-0.068243,0.101122,-0.117575,0.002573,0.003061
0,-0.167771,-0.101655,0.135311,0.050122,0.1017,0.073917,0.002928,0.001774
0,-0.271299,0.036907,-0.130792,0.145375,-0.124905,0.157863,0.003083,0.000644
0,-0.168798,-0.119032,0.096242,-0.158652,0.04839,-0.117366,0.002946,0.002077
0,-0.092921,0.04663,0.080577,0.152788,0.065465,0.151242,0.001622,0.000814
0,-0.276488,0.015226,-0.178602,-0.060801,-0.13987,-0.026219,0.002992,0.000266
0,-0.242774,-0.202318,0.03481,-0.246298,-5.3e-05,-0.291867,0.003581,0.003531
0,-0.12376,0.044731,0.092652,0.233401,0.133863,0.271704,0.00216,0.000781
0,-0.047471,0.023078,0.063463,-0.032617,0.065843,-0.038622,0.000829,0.000403
0,0.011194,0.055605,0.085445,0.035263,0.126261,0.032962,0.000195,0.00097
0,0.00957,0.002894,-0.02211,-0.07328,0.024277,-0.097902,0.000167,5.1e-05
0,-0.14004,-0.170257,-0.176584,-0.198243,-0.191032,-0.173409,0.002444,0.002972
0,-0.105441,0.017951,0.060338,0.213615,0.043577,0.246736,0.00184,0.000313
0,-0.141357,0.048958,-0.032294,0.03783,0.003351,0.033704,0.002467,0.000854
0,-0.173846,-0.022861,-0.04854,-0.100139,-0.00428,-0.097735,0.003034,0.000399
0,-0.151374,-0.199019,0.012506,-0.180075,-0.019326,-0.205121,0.002642,0.003474
0,-0.166492,0.03305,-0.04449,0.235898,-0.024403,0.282482,0.002906,0.000577
0,-0.027219,-0.025754,0.165577,-0.031405,0.121714,-0.018955,0.000475,0.000449
0,-0.015539,0.013564,-0.004888,0.044924,-0.016303,0.089234,0.000271,0.000237
0,0.06963,0.049272,0.107863,0.008605,0.102567,0.003769,0.001215,0.00086
0,-0.065126,0.020834,-0.122075,-0.021656,-0.074558,-0.015637,0.001137,0.000364
0,0.025423,-0.222562,0.068919,-0.265916,0.10859,-0.262109,0.000444,0.003884
0,-0.146866,-0.037192,-0.199665,0.177216,-0.243299,0.188189,0.002563,0.000649
0,-0.138377,-0.095356,0.00751,-0.08266,-0.036292,-0.034929,0.002415,0.001664
0,-0.149269,-0.098437,-0.013607,0.002249,0.030812,0.020604,0.002605,0.001718
0,-0.019633,-0.100618,0.103312,0.002323,0.123302,0.001246,0.000343,0.001756
0,0.038727,-0.172581,0.073258,-0.05175,0.112538,-0.099454,0.000676,0.003012
0,-0.037438,0.016205,-0.066061,0.175114,-0.094074,0.136122,0.000653,0.000283
0,0.148115,-0.060511,0.164798,-0.096543,0.155655,-0.141358,0.002585,0.001056
0,0.149883,-0.100587,0.013856,-0.05657,0.040035,-0.067148,0.002616,0.001756
0,-0.061542,-0.17305,-0.189035,-0.084621,-0.208796,-0.107016,0.001074,0.00302
0,0.100819,-0.126715,0.184794,0.039549,0.151854,0.085223,0.00176,0.002212
0,0.138446,-0.098129,0.052663,0.018763,0.059038,0.035624,0.002416,0.001713
0,0.171585,-0.199642,0.032781,-0.081306,0.045005,-0.059215,0.002995,0.003484
0,0.086434,-0.208063,-0.107838,-0.00928,-0.05974,-0.012989,0.001509,0.003631
0,0.198837,-0.01234,0.121404,0.166832,0.117201,0.121134,0.00347,0.000215
0,0.049442,-0.125453,-0.131088,-0.103626,-0.155513,-0.101373,0.000863,0.00219
0,0.012937,-0.184018,-0.06245,-0.075922,-0.037419,-0.073192,0.000226,0.003212
0,0.08623,0.065452,0.086611,0.250013,0.047362,0.203582,0.001505,0.001142
0,0.238144,0.068149,0.163729,-0.001923,0.148658,-0.022489,0.003661,0.001189
0,0.0535,-0.063476,-0.197055,-0.149184,-0.185255,-0.148996,0.000934,0.001108
0,0.003993,-0.137299,-0.036737,-0.071764,-0.03829,-0.054078,7e-05,0.002396
0,0.210843,-0.140484,0.187277,-0.003795,0.212462,-0.029724,0.00368,0.002452
0,0.148981,-0.010306,-0.059806,0.118425,-0.107212,0.112244,0.0026,0.00018
0,0.072694,0.108744,-0.075996,0.122479,-0.056748,0.114861,0.001269,0.001898
0,0.0484,-0.184599,-0.007973,-0.298243,-0.030048,-0.308739,0.000845,0.003222
0,0.143365,-0.045671,0.118345,0.159774,0.075556,0.113305,0.002502,0.000797
0,0.161456,-0.200198,0.01653,-0.128672,0.05848,-0.156826,0.002818,0.003494
0,0.115219,-0.180997,-0.034382,-0.001704,-0.062113,0.034603,0.002011,0.003159
0,0.049599,-0.088361,-0.070705,0.101563,-0.087929,0.129412,0.000866,0.001542
0,-0.102341,-0.117529,-0.174124,-0.050983,-0.125439,-0.093845,0.001786,0.002051
0,-0.021989,-0.103897,0.061512,0.021355,0.06837,0.004119,0.000384,0.001813
0,0.065129,-0.212664,0.101026,-0.102276,0.083696,-0.100562,0.001137,0.003712
0,0.088619,-0.02549,0.048644,0.216934,0.081256,0.238231,0.001547,0.000445
0,-0.060513,0.025761,-0.168306,0.074566,-0.158179,0.06503,0.001056,0.00045
0,0.081927,-0.08307,0.118865,-0.117742,0.085853,-0.099331,0.00143,0.00145
0,0.047651,0.006783,-0.031392,0.076136,-0.059348,0.068798,0.000832,0.000118
0,0.011253,-0.188802,-0.032401,-0.186119,-0.020411,-0.150581,0.000196,0.003295
0,-0.117649,-0.125294,-0.143891,0.047513,-0.146869,0.004053,0.002053,0.002187
0,-0.064996,0.033127,0.037978,0.131594,0.069177,0.150343,0.001134,0.000578
0,0.019339,0.094802,0.106728,0.049737,0.084018,0.003089,0.000338,0.001655
0,-0.221115,-0.18673,-0.22796,-0.289148,-0.272001,-0.280383,0.003859,0.003259
0,-0.084211,-0.043257,0.143913,0.116583,0.13121,0.16488,0.00147,0.000755
0,-0.304224,-0.034333,-0.214538,0.003238,-0.234184,0.042583,0.002508,0.000599
0,-0.088491,-0.114987,0.205538,-0.084866,0.181898,-0.055343,0.001544,0.002007
0,-0.099269,0.021921,0.002329,0.160633,-0.01547,0.170663,0.001733,0.000383
0,-0.293337,0.085911,-0.198322,0.063666,-0.209344,0.035663,0.002698,0.001499
0,-0.249626,-0.022091,0.073443,-0.102933,0.047079,-0.09423,0.003461,0.000386
0,-0.218348,-0.175522,0.039998,-0.156363,0.088303,-0.147029,0.003811,0.003063
0,-0.02195,-0.016546,0.191368,0.178482,0.195568,0.190024,0.000383,0.000289
0,-0.026702,-0.101604,-0.01094,-0.072695,-0.043973,-0.096716,0.000466,0.001773
0,-0.002368,-0.002053,0.047737,0.096986,0.081622,0.128978,4.1e-05,3.6e-05
0,-0.09285,-0.191727,-0.120205,-0.185664,-0.162544,-0.179058,0.001621,0.003346
0,-0.118268,-0.00968,0.002031,0.181913,-0.028889,0.150853,0.002064,0.000169
0,-0.135515,0.027835,0.002889,0.009927,-0.032061,0.045271,0.002365,0.000486
0,-0.083184,-0.093318,0.022631,-0.110726,-0.025471,-0.105462,0.001452,0.001629
0,-0.106197,-0.185385,-0.03822,-0.101549,-0.068381,-0.104688,0.001853,0.003236
0,-0.106523,-0.136872,-0.006088,0.050547,0.002811,0.028368,0.001859,0.002389
0,-0.024268,-0.08906,0.073374,0.049518,0.02952,0.013054,0.000424,0.001554
0,-0.020054,0.124684,-0.025088,0.203644,-0.001016,0.209056,0.00035,0.002176
0,-0.148058,0.015629,-0.110813,-0.127039,-0.097907,-0.144788,0.002584,0.000273
0,0.066097,-0.079785,0.23296,-0.080225,0.254142,-0.124084,0.001154,0.001393
0,0.056217,-0.181573,0.001414,-0.114558,-0.033258,-0.151689,0.000981,0.003169
0,-0.043999,0.11069,-0.107097,0.294396,-0.120089,0.292198,0.000768,0.001932
0,-0.140486,-0.131342,-0.085626,-0.240952,-0.100022,-0.196269,0.002452,0.002292
0,-0.139933,-0.169745,-0.024687,-0.046276,0.018939,-0.084371,0.002442,0.002963
0,-0.077239,-0.156583,0.070207,0.025786,0.070664,-0.019065,0.001348,0.002733
0,-0.069383,-0.007132,-0.010627,0.123553,0.037492,0.124229,0.001211,0.000124
0,0.080409,-0.180127,0.167349,-0.189338,0.204483,-0.18779,0.001403,0.003144
0,0.088457,0.104394,0.004406,0.283276,-0.04008,0.268458,0.001544,0.001822
0,0.024004,0.091189,-0.057186,-0.026179,-0.038958,0.017062,0.000419,0.001592
0,-0.105766,-0.143564,-0.120768,-0.219655,-0.166316,-0.268203,0.001846,0.002506
0,0.030137,-0.021007,0.131902,0.114038,0.15561,0.092616,0.000526,0.000367
0,-0.043402,-0.163189,-0.048556,-0.165313,-0.080683,-0.196137,0.000758,0.002848
0,0.031066,-0.152036,0.079801,0.018568,0.103628,-0.022772,0.000542,0.002654
0,0.022478,0.070925,-0.020061,0.237714,-0.011035,0.270668,0.000392,0.001238
0,-0.050954,0.023653,-0.099195,-0.069236,-0.0843,-0.077325,0.000889,0.000413
0,0.058316,-0.16679,0.10078,-0.178462,0.148155,-0.187483,0.001018,0.002911
0,0.039464,-0.163367,-0.02685,-0.022259,-0.048324,-0.034592,0.000689,0.002851
0,-0.163268,0.048874,-0.192463,0.19173,-0.218648,0.223694,0.00285,0.000853
0,-0.069504,-0.020492,0.078452,-0.090985,0.087956,-0.058116,0.001213,0.000358
0,-0.020618,-0.007009,0.052995,0.013835,0.076069,0.033474,0.00036,0.000122
0,0.027193,-0.127738,0.043408,-0.113284,0.067031,-0.099125,0.000475,0.002229
0,0.126921,-0.010267,0.120202,0.129194,0.104757,0.167682,0.002215,0.000179
0,-0.183801,0.049435,-0.295199,0.073137,-0.272703,0.106717,0.003208,0.000863
0,-0.040404,-0.095341,0.161054,-0.122307,0.174742,-0.159386,0.000705,0.001664
0,-0.005313,-0.05268,0.052695,0.040224,0.020185,0.0418,9.3e-05,0.000919
0,-0.179404,-0.139824,-0.19107,-0.104569,-0.232708,-0.138293,0.003131,0.00244
0,-0.063388,0.077871,0.142059,0.18976,0.146071,0.165835,0.001106,0.001359
0,0.022638,0.044011,0.082064,-0.035423,0.12744,-0.070573,0.000395,0.000768
0,-0.170289,0.009241,-0.205637,-0.059113,-0.215851,-0.107405,0.002972,0.000161
0,0.077667,0.095129,0.220064,0.057721,0.200042,0.093977,0.001356,0.00166
0,-0.151496,0.0441,-0.248814,-0.050295,-0.235186,-0.06669,0.002644,0.00077
0,0.075209,-0.171039,0.238811,-0.196821,0.266961,-0.154351,0.001313,0.002985
0,-0.047184,-0.180552,-0.106781,0.008307,-0.1245,0.01236,0.000824,0.003151
0,-0.05095,0.059983,0.008771,0.243496,-0.021333,0.203021,0.000889,0.001047
0,-0.132421,-0.070234,-0.080291,-0.151444,-0.046639,-0.115524,0.002311,0.001226
0,0.008872,0.099848,0.128806,0.195498,0.082822,0.197125,0.000155,0.001743
0,0.006286,-0.133259,-0.015828,-0.24882,-0.046759,-0.234045,0.00011,0.002326
0,-0.04565,-0.112549,-0.038118,0.000599,-0.044372,-0.001192,0.000797,0.001964
0,-0.117615,-0.044003,-0.090714,0.076535,-0.055558,0.030683,0.002053,0.000768
0,0.024708,0.103463,0.113906,0.133509,0.112006,0.123986,0.000431,0.001806
0,0.027906,-0.0482,0.023271,-0.176338,0.049287,-0.225966,0.000487,0.000841
0,0.087535,-0.128056,0.049322,-0.063458,0.009685,-0.088428,0.001528,0.002235
0,-0.124193,-0.032337,-0.206089,0.066993,-0.230693,0.089983,0.002168,0.000564
0,0.015448,-0.131634,0.151796,-0.084571,0.178239,-0.064749,0.00027,0.002297
0,-0.147465,0.074415,-0.165605,0.203461,-0.205147,0.243716,0.002574,0.001299
0,-0.236365,-0.074767,-0.114083,-0.130497,-0.138088,-0.101014,0.003693,0.001305
0,-0.022159,-0.0364,0.197713,0.054438,0.24126,0.014725,0.000387,0.000635
0,-0.176494,-0.113116,-0.132863,-0.066004,-0.084563,-0.037457,0.00308,0.001974
0,-0.147942,-0.107287,0.014918,0.013312,0.030125,0.048061,0.002582,0.001873
0,0.088664,0.117996,0.259458,0.251052,0.305835,0.257969,0.001547,0.002059
0,-0.02396,0.053845,-0.100376,-0.074255,-0.137683,-0.033512,0.000418,0.00094
0,-0.094895,0.008472,-0.049657,-0.037916,-0.007466,-0.050571,0.001656,0.000148
0,-0.044725,0.090616,0.030993,0.083512,0.070183,0.035596,0.000781,0.001582
0,0.03619,0.187548,0.099607,0.093976,0.146122,0.047971,0.000632,0.003273
0,0.163031,-0.061851,0.129765,-0.272766,0.173493,-0.265453,0.002845,0.001079
0,0.069271,0.094638,-0.109665,0.165431,-0.156458,0.121242,0.001209,0.001652
0,-0.021425,0.111142,-0.092208,0.043248,-0.069701,0.050743,0.000374,0.00194
0,0.032507,0.0463,0.036432,-0.061245,0.056676,-0.079496,0.000567,0.000808
0,0.016787,0.168788,-0.026725,0.108244,-0.027689,0.140851,0.000293,0.002946
0,0.150749,-0.030519,0.142101,-0.219576,0.094542,-0.234149,0.002631,0.000533
0,0.223715,-0.076719,0.060595,-0.069449,0.035809,-0.10982,0.003905,0.001339
0,0.025555,0.004876,-0.219847,0.110975,-0.22294,0.09,0.000446,8.5e-05
0,0.263779,-0.035468,0.214328,-0.056226,0.201158,-0.054182,0.003214,0.000619
0,1.41884,-0.635567,1.138691,-0.629508,1.174103,-0.622666,0.00131,0.003275
0,3.219565,-0.845804,1.800347,-0.194596,1.759687,-0.150104,0.001467,0.000874
0,3.07296,-0.980254,-0.171301,-0.13263,-0.202809,-0.158684,0.001092,0.001473
0,3.016377,-0.936891,-0.082387,0.060287,-0.077735,0.016337,0.002079,0.000716
0,2.39416,-0.687148,-0.638832,0.275497,-0.611708,0.247519,0.002697,0.003643
0,1.893142,-0.774132,-0.480519,-0.071799,-0.48556,-0.082531,0.00177,0.002125
0,1.092568,-0.482838,-0.787526,0.263204,-0.758442,0.239214,0.003433,0.000609
0,0.928471,-0.42995,-0.144432,0.055875,-0.139604,0.094909,0.000569,0.000314
0,0.464295,-0.354615,-0.441486,0.078852,-0.4652,0.08173,0.000286,0.001629
0,0.417794,-0.270949,-0.063207,0.054611,-0.093554,0.037357,0.000526,0.003089
0,0.211178,-0.056439,-0.199878,0.2252,-0.152205,0.213712,0.003686,0.000985
0,0.196785,-0.034693,-0.0103,0.044742,-0.020227,0.089108,0.003435,0.000606
0,0.03331,0.292294,-0.134994,0.312291,-0.090393,0.356202,0.000581,0.002716
0,-0.23765,0.093462,-0.254796,-0.186323,-0.274073,-0.224286,0.00367,0.001631
0,-0.010751,0.039769,0.232361,-0.056598,0.270578,-0.026604,0.000188,0.000694
0,-0.198142,0.192796,-0.177852,0.128028,-0.173944,0.083214,0.003458,0.003365
0,-0.124522,0.144259,0.050482,-0.067843,0.087801,-0.080408,0.002173,0.002518
0,-0.25543,0.25408,-0.152458,0.103943,-0.17676,0.091434,0.00336,0.003383
0,-0.280737,-0.058769,-0.054439,-0.338483,-0.034172,-0.291809,0.002918,0.001026
0,-0.172939,0.126847,0.113859,0.205986,0.141249,0.222527,0.003018,0.002214
0,-0.13826,-0.093612,0.053921,-0.228122,0.009804,-0.194002,0.002413,0.001634
0,0.123973,0.080224,0.260024,0.180635,0.276783,0.20131,0.002164,0.0014
0,0.036544,0.092616,-0.08823,0.030516,-0.110609,0.02475,0.000638,0.001616
0,-0.068112,0.087463,-0.130192,-0.002614,-0.112997,-0.049531,0.001189,0.001527
0,-0.10761,-0.073909,-0.012962,-0.179485,-0.015189,-0.182674,0.001878,0.00129
0,0.102101,-0.136107,0.217445,-0.081373,0.192937,-0.038207,0.001782,0.002376
0,0.177279,-0.038411,0.075342,0.115143,0.121503,0.096169,0.003094,0.00067
0,0.092265,0.028761,-0.084853,0.095572,-0.039049,0.052465,0.00161,0.000502
0,0.148271,0.11565,0.042524,0.076015,0.003333,0.099482,0.002588,0.002018
0,0.171149,0.096475,0.022084,-0.033081,0.015946,-0.08244,0.002987,0.001684
0,-0.056171,-0.038974,-0.249888,-0.165323,-0.256788,-0.124222,0.00098,0.00068
0,-0.033545,-0.150949,0.016544,-0.138584,0.04632,-0.089146,0.000585,0.002635
0,0.111218,-0.068672,0.130237,0.077165,0.113476,0.039192,0.001941,0.001199
0,0.06561,0.019797,-0.042099,0.112476,-0.005886,0.069421,0.001145,0.000346
0,-0.041839,-0.056957,-0.117924,-0.071875,-0.134114,-0.045234,0.00073,0.000994
0,0.044395,-0.020441,0.101757,0.042894,0.117123,0.073169,0.000775,0.000357
0,0.074436,-0.098718,0.044424,-0.106436,0.082211,-0.069633,0.001299,0.001723
0,0.062586,0.010954,-0.025225,0.112471,-0.004077,0.106414,0.001092,0.000191
0,0.11946,-0.073191,0.079406,-0.060488,0.122611,-0.037459,0.002085,0.001277
0,0.00765,0.132192,-0.092737,0.18398,-0.114121,0.161399,0.000134,0.002307
0,0.107044,-0.006673,0.076748,-0.167166,0.042555,-0.159044,0.001868,0.000116
0,0.204262,0.157802,0.123817,0.166012,0.152513,0.192932,0.003565,0.002754
0,0.076903,-0.01952,-0.107484,-0.155121,-0.057893,-0.113012,0.001342,0.000341
0,-0.065334,0.165037,-0.147604,0.157267,-0.103659,0.169519,0.00114,0.00288
0,-0.044571,0.03976,0.046038,-0.146595,0.07187,-0.175425,0.000778,0.000694
0,0.038229,0.167945,0.068561,0.11385,0.030996,0.092985,0.000667,0.002931
0,0.023845,0.097152,0.003898,-0.042232,0.042964,-0.078174,0.000416,0.001696
0,-0.13678,-0.089492,-0.182431,-0.171454,-0.181824,-0.15021,0.002387,0.001562
0,0.055026,0.04717,0.205564,0.106955,0.246675,0.095131,0.00096,0.000823
0,0.051807,0.174636,0.012482,0.101247,-0.010853,0.114851,0.000904,0.003048
0,-0.008356,-0.062989,-0.066389,-0.220378,-0.057428,-0.208739,0.000146,0.001099
0,-0.161098,0.033192,-0.123008,0.073499,-0.122709,0.030763,0.002812,0.000579
0,0.076887,0.100053,0.251522,0.046616,0.208078,0.095873,0.001342,0.001746
0,-0.12214,0.232884,-0.183031,0.104183,-0.208363,0.146007,0.002132,0.003753
0,-0.131726,-0.063542,-0.021555,-0.29428,-0.057569,-0.260135,0.002299,0.001109
0,-0.193974,0.249671,-0.054268,0.308458,-0.058369,0.275079,0.003385,0.00346
0,-0.014058,0.188535,0.162377,-0.038291,0.206072,-0.07586,0.000245,0.003291
0,0.118089,0.198681,0.142827,-0.010345,0.136209,-0.046582,0.002061,0.003468
0,-0.057144,0.167954,-0.18314,-0.038795,-0.218202,-0.035117,0.000997,0.002931
0,-0.137278,0.026117,-0.10736,-0.144729,-0.113552,-0.153988,0.002396,0.000456
0,-0.010703,0.16948,0.127684,0.159002,0.095422,0.140202,0.000187,0.002958
0,0.085519,0.138501,0.099064,-0.043554,0.138838,-0.056605,0.001493,0.002417
0,0.078901,0.132309,0.002282,0.013422,-0.011428,0.048014,0.001377,0.002309
0,0.042471,0.070035,-0.046653,-0.04162,-0.044276,-0.023018,0.000741,0.001222
0,0.145326,0.176853,0.123287,0.121735,0.153421,0.090028,0.002536,0.003087
0,-0.044403,0.216737,-0.216514,0.010861,-0.188772,-0.002882,0.000775,0.003783
0,0.150542,-0.00242,0.188055,-0.214559,0.188675,-0.242667,0.002627,4.2e-05
0,0.057118,0.112215,-0.1047,0.117037,-0.145758,0.141866,0.000997,0.001959
0,0.030855,-0.001702,-0.009635,-0.119023,0.027893,-0.07865,0.000539,3e-05
0,0.183621,0.025591,0.162136,0.024384,0.15264,0.060765,0.003205,0.000447
0,-0.081254,0.15253,-0.294264,0.127612,-0.316607,0.172529,0.001418,0.002662
0,0.143026,0.07485,0.245014,-0.071468,0.28106,-0.100511,0.002496,0.001306
0,0.020838,0.109546,-0.093106,0.036833,-0.10003,0.017497,0.000364,0.001912
0,-0.07098,0.254081,-0.109965,0.116675,-0.108356,0.073759,0.001239,0.003383
0,-0.100142,0.103952,-0.018748,-0.156223,-0.06395,-0.178146,0.001748,0.001814
0,-0.016644,-0.01039,0.097235,-0.093909,0.092246,-0.104292,0.00029,0.000181
0,-0.116544,0.011968,-0.085828,0.035634,-0.125733,0.037392,0.002034,0.000209
0,0.021262,0.115853,0.113499,0.096083,0.163172,0.099036,0.000371,0.002022
0,-0.078,-0.005169,-0.118946,-0.108512,-0.081019,-0.151758,0.001361,9e-05
0,-0.117842,0.086887,-0.017888,0.101911,0.029761,0.093017,0.002057,0.001516
0,0.153163,0.139871,0.251586,0.057974,0.298888,0.047556,0.002673,0.002441
0,-0.055826,0.214225,-0.21397,0.079145,-0.180149,0.111033,0.000974,0.003739
0,0.064567,0.127348,0.112043,-0.106306,0.093827,-0.141225,0.001127,0.002223
0,-0.110409,0.047888,-0.204817,-0.053435,-0.156496,-0.048691,0.001927,0.000836
0,-0.073617,0.010619,0.046112,-0.031436,0.045952,-0.005789,0.001285,0.000185
0,-0.162211,0.05149,-0.101804,0.021342,-0.067165,0.061181,0.002831,0.000899
0,0.039821,-0.070766,0.177501,-0.140251,0.227159,-0.169639,0.000695,0.001235
0,-0.248332,0.123789,-0.264388,0.179293,-0.247689,0.141951,0.003484,0.002161
0,-0.10964,-0.04022,0.12623,-0.162432,0.10465,-0.185275,0.001914,0.000702
0,-0.298201,-0.00154,-0.189462,0.014906,-0.23751,0.049587,0.002613,2.7e-05
0,-0.21908,0.146741,0.073897,0.135712,0.039352,0.12957,0.003824,0.002561
0,-0.122424,0.168128,0.113292,0.027739,0.098481,-0.007002,0.002137,0.002934
0,-0.322732,0.189599,-0.185445,0.029296,-0.235026,-0.00951,0.002185,0.003309
0,-0.000667,0.239692,0.352044,0.069274,0.401044,0.093052,1.2e-05,0.003634
0,-0.130983,0.178359,-0.134281,-0.081547,-0.092762,-0.084304,0.002286,0.003113
0,-0.172684,-0.070641,-0.031644,-0.229863,-0.07172,-0.264145,0.003014,0.001233
0,-0.154744,-0.122024,0.014527,-0.057406,0.015977,-0.079319,0.002701,0.00213
0,-0.052575,0.004285,0.124272,0.122142,0.167255,0.16732,0.000918,7.5e-05
0,-0.207349,-0.12923,-0.181812,-0.130925,-0.17523,-0.119221,0.003619,0.002255
0,-0.202279,-0.006582,0.023184,0.113224,-0.006627,0.122655,0.00353,0.000115
0,-0.062873,-0.14596,0.127015,-0.169084,0.153219,-0.123119,0.001097,0.002547
0,-0.170199,-0.127081,-0.100454,0.001581,-0.106223,0.033698,0.002971,0.002218
0,-0.015131,0.077167,0.176094,0.187512,0.20465,0.18599,0.000264,0.001347
0,-0.212292,-0.048104,-0.213743,-0.122571,-0.183116,-0.149618,0.003705,0.00084
0,-0.056723,0.11035,0.135045,0.158058,0.101629,0.202126,0.00099,0.001926
0,0.055844,-0.044116,0.131822,-0.164759,0.165281,-0.132537,0.000975,0.00077
0,0.085658,0.07668,0.028044,0.114778,0.048132,0.099852,0.001495,0.001338
0,-0.088634,-0.069889,-0.152335,-0.134098,-0.102895,-0.122209,0.001547,0.00122
0,0.037646,-0.093305,0.110382,-0.033837,0.132324,-0.02671,0.000657,0.001628
0,-0.03009,0.069213,-0.070431,0.185688,-0.053423,0.182869,0.000525,0.001208
0,0.144344,-0.068327,0.194688,-0.131467,0.219414,-0.153177,0.002519,0.001193
0,0.088927,0.088488,-0.072071,0.179899,-0.07794,0.21169,0.001552,0.001544
0,0.030759,-0.107512,-0.036434,-0.20102,0.000609,-0.239694,0.000537,0.001876
0,0.048704,0.171867,0.024946,0.266467,-0.007212,0.303286,0.00085,0.003
0,0.12501,-0.08247,0.059586,-0.250332,0.03242,-0.268477,0.002182,0.001439
0,0.18436,-0.086448,0.060294,-0.011052,0.017436,-0.002239,0.003218,0.001509
0,-0.083982,-0.09225,-0.281454,0.021539,-0.276402,-0.003619,0.001466,0.00161
0,0.024733,-0.13234,0.117327,-0.051959,0.092359,-0.061044,0.000432,0.00231
0,0.152978,0.057518,0.122909,0.197224,0.17263,0.227961,0.00267,0.001004
0,-0.064898,0.015136,-0.242007,-0.064384,-0.192099,-0.044736,0.001133,0.000264
0,0.056343,-0.068222,0.125329,-0.080331,0.172282,-0.08118,0.000983,0.001191
0,0.120338,0.070438,0.05844,0.109007,0.011412,0.128479,0.0021,0.001229
0,0.014271,0.159512,-0.096842,0.072805,-0.10855,0.031054,0.000249,0.002784
0,-0.007386,-0.049454,-0.030826,-0.229349,-0.033852,-0.231624,0.000129,0.000863
0,0.107107,-0.072202,0.123514,-0.011696,0.105341,-0.036017,0.001869,0.00126
0,-0.135401,0.074477,-0.24896,0.171765,-0.240124,0.17263,0.002363,0.0013
0,-0.03091,0.123104,0.106371,0.077018,0.144898,0.076755,0.000539,0.002149
0,-0.154949,0.002952,-0.098584,-0.142739,-0.135711,-0.149573,0.002704,5.2e-05
0,0.023856,-0.020019,0.204848,-0.005399,0.188015,0.003982,0.000416,0.000349
0,-0.214778,0.070088,-0.219993,0.114994,-0.253783,0.147411,0.003749,0.001223
0,0.075002,0.104083,0.262132,0.014057,0.242474,0.057266,0.001309,0.001817
0,0.009835,0.04702,-0.062343,-0.076521,-0.091305,-0.058709,0.000172,0.000821
0,0.001873,0.20149,0.020023,0.153843,0.034109,0.122226,3.3e-05,0.003517
0,-0.003767,0.080053,0.009505,-0.133086,0.029265,-0.157544,6.6e-05,0.001397
0,-0.16708,0.08562,-0.141471,0.014236,-0.101223,0.063756,0.002916,0.001494
0,-0.067321,0.023151,0.122014,-0.044647,0.135796,-0.08846,0.001175,0.000404
0,-0.159039,0.080931,-0.081572,0.057479,-0.062372,0.050846,0.002776,0.001413
0,-0.088419,0.088084,0.042766,-0.013559,0.005977,0.014059,0.001543,0.001537
0,-0.117464,0.11723,-0.048327,0.056888,-0.023755,0.022022,0.00205,0.002046
0,-1.038872,-0.756914,-0.902287,-0.892679,-0.878907,-0.897906,0.002496,0.002425
0,-1.221889,-1.189092,-0.200895,-0.428677,-0.170155,-0.391739,0.002128,0.0027
0,-1.201984,-1.356637,0.041168,-0.186089,0.038363,-0.142342,0.002475,0.000224
0,-1.356229,-1.436314,-0.151064,-0.054274,-0.150881,-0.02413,0.000217,0.001615
0,-1.511987,-1.48032,-0.14851,-0.027023,-0.172957,-0.042362,0.002936,0.002383
0,-1.137886,-1.540377,0.372196,-0.039927,0.366121,-0.016769,0.003594,0.003431
0,-0.745718,-1.281992,0.399913,0.245243,0.3719,0.202579,0.002621,0.001079
0,-0.811005,-0.751233,-0.06513,0.513892,-0.095422,0.553394,0.001481,0.002524
0,-0.702777,-0.342645,0.11321,0.407017,0.145083,0.4079,0.00337,0.001838
0,-0.2149,-0.422386,0.487453,-0.051226,0.499125,-0.096053,0.003751,0.000446
0,-0.360781,-0.180633,-0.130941,0.225068,-0.131517,0.261794,0.001521,0.003153
0,0.090927,-0.140503,0.443355,0.022551,0.436418,-0.020926,0.001587,0.002452
0,0.147897,0.104386,0.057947,0.223522,0.06765,0.250305,0.002581,0.001822
0,0.053997,0.01498,-0.107534,-0.108137,-0.106247,-0.143196,0.000942,0.000261
0,-0.038036,-0.037395,-0.068933,-0.037881,-0.104186,-0.015966,0.000664,0.000653
0,0.042549,-0.02161,0.103215,-0.003025,0.151113,0.002378,0.000743,0.000377
0,0.210012,0.220608,0.151262,0.248687,0.140018,0.227181,0.003665,0.00385
0,0.060386,0.021108,-0.161508,-0.18985,-0.141505,-0.20153,0.001054,0.000368
0,0.041303,0.088625,-0.047588,0.081944,-0.065894,0.078036,0.000721,0.001547
0,0.255671,0.222125,0.228874,0.127869,0.215827,0.164049,0.003356,0.003877
0,0.080294,-0.026426,-0.173299,-0.274813,-0.130114,-0.24165,0.001401,0.000461
0,0.21978,0.054752,0.141181,0.060526,0.126489,0.065462,0.003836,0.000956
0,0.257822,0.05587,0.044588,0.000299,0.016156,0.04919,0.003318,0.000975
0,0.031272,0.101894,-0.242966,0.020075,-0.199898,-0.026619,0.000546,0.001778
0,0.160639,0.217021,0.122853,0.101463,0.15893,0.072205,0.002804,0.003788
0,0.181277,0.226022,0.005036,0.020004,-0.017983,-0.01761,0.003164,0.003873
0,0.204862,0.185686,-0.005756,-0.028105,0.018236,-0.003017,0.003576,0.003241
0,0.098443,0.079886,-0.106042,-0.106024,-0.101234,-0.125164,0.001718,0.001394
0,0.016803,0.174302,-0.059325,0.117223,-0.086019,0.128207,0.000293,0.003042
0,-0.004962,0.229291,-0.004239,0.033294,-0.042208,0.023716,8.7e-05,0.003816
0,0.200049,0.253459,0.202117,0.012499,0.22783,0.013721,0.003492,0.003394
0,-0.030716,-0.041747,-0.205529,-0.311647,-0.189802,-0.347528,0.000536,0.000729
0,0.010824,0.047546,0.042519,0.06702,0.009285,0.029535,0.000189,0.00083
0,0.011162,0.091224,0.003013,0.020763,0.040519,0.050752,0.000195,0.001592
0,0.047396,0.195471,0.061758,0.085265,0.09518,0.108006,0.000827,0.003412
0,0.097186,-0.003148,0.045557,-0.216111,0.042556,-0.186664,0.001696,5.5e-05
0,0.180477,0.159475,0.076216,0.16223,0.106981,0.183729,0.00315,0.002783
0,0.005628,-0.057864,-0.147555,-0.200073,-0.142904,-0.159781,9.8e-05,0.00101
0,0.202393,0.076221,0.192718,0.119226,0.213632,0.106229,0.003532,0.00133
0,0.210378,0.036547,0.003828,-0.034075,0.021135,-0.025894,0.003672,0.000638
0,0.052116,-0.048539,-0.131023,-0.085714,-0.136742,-0.047145,0.00091,0.000847
0,0.145211,-0.044535,0.102552,0.031962,0.070203,0.046662,0.002534,0.000777
0,-0.063496,0.00296,-0.207544,0.068712,-0.2444,0.029006,0.001108,5.2e-05
0,0.015761,-0.020767,0.100074,-0.023714,0.119975,-0.038534,0.000275,0.000362
0,0.039022,0.028806,0.006811,0.044056,0.0536,0.075151,0.000681,0.000503
0,0.121332,0.111276,0.092265,0.110527,0.13702,0.149502,0.002118,0.001942
0,0.025834,0.166449,-0.070166,0.049278,-0.052588,0.065763,0.000451,0.002905
0,-0.033959,-0.092358,-0.030534,-0.252753,-0.00564,-0.297053,0.000593,0.001612
0,0.041827,0.116085,0.065535,0.216313,0.046718,0.192776,0.00073,0.002026
0,-0.066823,0.002886,-0.085673,-0.091383,-0.062801,-0.052103,0.001166,5e-05
0,0.05187,0.112903,0.145904,0.093785,0.143899,0.128166,0.000905,0.001971
0,-0.016511,0.154135,-0.068172,0.055449,-0.090956,0.02725,0.000288,0.00269
0,-0.073815,0.119143,-0.075662,-0.012975,-0.065342,0.018779,0.001288,0.002079
0,-0.020098,-0.024554,0.057128,-0.117696,0.090315,-0.166666,0.000351,0.000429
0,-0.096267,0.010216,-0.050067,0.03137,-0.057349,0.034877,0.00168,0.000178
0,-0.172766,-0.137051,-0.061342,-0.165368,-0.031927,-0.156866,0.003015,0.002392
0,-0.107738,0.070293,0.071214,0.213951,0.068964,0.229938,0.00188,0.001227
0,-0.017603,-0.143514,0.11922,-0.215555,0.155329,-0.255644,0.000307,0.002505
0,-0.130364,0.076914,-0.111561,0.205515,-0.155104,0.168735,0.002275,0.001342
0,0.133782,-0.086324,0.292901,-0.186137,0.295343,-0.171106,0.002335,0.001507
0,-0.066111,0.080442,-0.189523,0.159248,-0.189017,0.167363,0.001154,0.001404
0,-0.107376,0.058028,-0.033306,-0.021742,-0.056959,-0.004365,0.001874,0.001013
0,-0.144408,-0.098115,-0.009706,-0.166431,-0.051905,-0.214976,0.00252,0.001712
0,0.111065,-0.070393,0.284712,0.012677,0.308701,0.047803,0.001938,0.001229
0,-0.088416,-0.036754,-0.180175,0.059285,-0.146231,0.056971,0.001543,0.000641
0,0.074698,-0.061548,0.174676,-0.029262,0.152594,0.008888,0.001304,0.001074
0,0.058052,0.064084,-0.002014,0.143829,0.034201,0.102992,0.001013,0.001118
0,0.049479,-0.047768,-0.016732,-0.089007,-0.010291,-0.071897,0.000864,0.000834
0,-0.11177,0.05139,-0.145654,0.103402,-0.103334,0.125136,0.001951,0.000897
0,-0.201917,-0.087964,-0.118995,-0.166545,-0.168582,-0.176384,0.003524,0.001535
0,-0.132284,0.052381,0.041743,0.118042,0.070942,0.090178,0.002309,0.000914
0,-0.162037,0.028,-0.059588,-0.017427,-0.047777,-0.048723,0.002828,0.000489
0,0.067252,0.022337,0.232049,0.023177,0.250956,-0.006571,0.001174,0.00039
0,-0.176264,0.073743,-0.263212,0.080855,-0.293272,0.10222,0.003076,0.001287
0,-0.137785,-0.067984,0.040687,-0.161151,0.067884,-0.166987,0.002405,0.001187
0,-0.196392,-0.043846,-0.076372,0.046499,-0.029247,0.091543,0.003428,0.000765
0,-0.045694,0.097086,0.128684,0.160387,0.147568,0.131911,0.000798,0.001694
0,0.084939,-0.141108,0.100673,-0.253052,0.101762,-0.223464,0.001482,0.002463
0,-0.026805,-0.096398,-0.084807,0.054395,-0.123183,0.088354,0.000468,0.001682
0,0.140588,0.03796,0.138138,0.105439,0.186197,0.134396,0.002454,0.000663
0,0.027322,-0.116817,-0.091996,-0.144899,-0.119752,-0.147048,0.000477,0.002039
0,-0.005987,0.073559,-0.036134,0.186973,-0.06345,0.22445,0.000104,0.001284
0,-0.050787,-0.078219,-0.048091,-0.123427,-0.032721,-0.123794,0.000886,0.001365
0,-0.018177,0.111454,0.023021,0.186771,0.049085,0.162899,0.000317,0.001945
0,0.007908,-0.134021,0.018851,-0.216405,0.032727,-0.227226,0.000138,0.002339
0,0.209451,0.043762,0.224261,0.16112,0.24351,0.197793,0.003656,0.000764
0,0.128746,-0.081145,-0.085664,-0.133501,-0.133906,-0.143687,0.002247,0.001416
0,0.14479,-0.055314,0.000338,0.025061,0.046905,0.041919,0.002527,0.000965
0,0.0177,-0.026297,-0.150453,0.051749,-0.192982,0.061235,0.000309,0.000459
0,0.042802,0.096687,0.031915,0.134858,0.029292,0.132297,0.000747,0.001688
0,-0.010214,0.092821,-0.052412,-0.017353,-0.034418,0.031062,0.000178,0.00162
0,0.16695,0.079441,0.171655,-0.035975,0.132094,0.005181,0.002914,0.001387
0,0.015664,0.122273,-0.164624,0.035443,-0.183484,-0.003545,0.000273,0.002134
0,0.021652,-0.122857,0.011146,-0.24987,-0.001995,-0.256004,0.000378,0.002144
0,0.003511,0.101085,0.000204,0.251176,-0.020878,0.214004,6.1e-05,0.001764
0,0.17616,0.114424,0.159447,0.000719,0.13648,0.017331,0.003075,0.001997
0,0.185219,0.14417,0.014012,0.004596,-0.033372,0.018802,0.003233,0.002516
0,-0.117259,0.132682,-0.311704,-0.039725,-0.353908,-0.011367,0.002047,0.002316
0,-0.151252,0.044006,-0.030264,-0.063502,0.014409,-0.057706,0.00264,0.000768
0,-0.039031,0.095764,0.116431,0.052699,0.083839,0.009934,0.000681,0.001671
0,0.094717,0.168482,0.125346,0.09804,0.152802,0.129565,0.001653,0.002941
0,-0.036163,0.074478,-0.14791,-0.113976,-0.128176,-0.098057,0.000631,0.0013
0,0.010744,0.143083,0.051329,0.091851,0.0761,0.095674,0.000188,0.002497
0,-0.118602,-0.034076,-0.108339,-0.203473,-0.08476,-0.204774,0.00207,0.000595
0,0.149269,0.028447,0.281784,0.078559,0.31201,0.078568,0.002605,0.000496
0,-0.09608,-0.084928,-0.229622,-0.138193,-0.209243,-0.097131,0.001677,0.001482
0,0.16342,0.094352,0.258198,0.16474,0.266424,0.205291,0.002852,0.001647
0,0.198181,0.068395,0.051516,-0.017629,0.004814,0.009907,0.003459,0.001194
0,-0.03513,-0.024814,-0.212129,-0.1035,-0.204741,-0.089373,0.000613,0.000433
0,0.16997,0.023924,0.216356,0.056545,0.181961,0.05599,0.002967,0.000418
0,0.07255,0.0522,-0.122534,0.031813,-0.169613,0.061033,0.001266,0.000911
0,0.082326,-0.098784,-0.011202,-0.17917,-0.009705,-0.157223,0.001437,0.001724
0,-0.018498,-0.085818,-0.098627,-0.015176,-0.14678,-0.036752,0.000323,0.001498
0,0.062463,0.147722,0.090023,0.204909,0.067857,0.176801,0.00109,0.002578
0,-0.055311,-0.02401,-0.128417,-0.161808,-0.151259,-0.163441,0.000965,0.000419
0,0.108456,0.00949,0.136194,0.019247,0.089373,0.022036,0.001893,0.000166
0,0.001294,0.075961,-0.083452,0.0622,-0.100141,0.085994,2.3e-05,0.001326
0,-0.013075,0.140389,-0.032016,0.070594,0.00784,0.100807,0.000228,0.00245
0,0.021943,0.139501,0.033662,0.002905,0.071326,0.013119,0.000383,0.002435
0,-0.038888,-0.012131,-0.044362,-0.127799,-0.016149,-0.102396,0.000679,0.000212
0,-0.148973,0.161167,-0.098169,0.17887,-0.053036,0.153717,0.0026,0.002813
0,-0.028315,0.111263,0.105643,-0.056429,0.14795,-0.098351,0.000494,0.001942
0,-0.081964,-0.005115,-0.034395,-0.12561,-0.042048,-0.140547,0.001431,8.9e-05
0,0.116818,0.046784,0.204422,0.027618,0.2442,-0.005143,0.002039,0.000817
0,-0.086985,0.178815,-0.227255,0.131213,-0.213164,0.085309,0.001518,0.003121
0,-0.027685,-0.069299,0.060863,-0.270869,0.083951,-0.299847,0.000483,0.001209
0,0.042415,-0.048804,0.061631,0.04007,0.098387,0.032558,0.00074,0.000852
0,0.020657,-0.004765,0.004897,0.06091,-0.03217,0.071663,0.000361,8.3e-05
0,0.074344,-0.117282,0.035511,-0.102845,-0.00362,-0.13966,0.001298,0.002047
0,-0.03147,-0.122049,-0.125574,-0.029027,-0.122671,0.009804,0.000549,0.00213
0,-0.028501,-0.093601,-0.025353,0.01598,-0.02758,-0.018718,0.000497,0.001634
0,0.172665,0.1581,0.206498,0.240506,0.212866,0.218851,0.003014,0.002759
0,0.005043,0.061443,-0.187163,-0.071252,-0.154306,-0.081624,8.8e-05,0.001072
0,-0.081508,-0.002049,-0.099509,-0.051682,-0.141148,-0.041875,0.001423,3.6e-05
0,0.007338,0.058077,0.098258,0.060185,0.086269,0.056948,0.000128,0.001014
0,0.114204,0.045154,0.119314,-0.029392,0.124338,-0.075449,0.001993,0.000788
0,-0.03013,-0.038693,-0.117827,-0.059394,-0.138455,-0.084863,0.000526,0.000675
0,0.154154,0.010671,0.191574,0.026922,0.215561,-0.001395,0.00269,0.000186
0,-0.02799,0.019815,-0.183438,0.020646,-0.215258,-0.007016,0.000489,0.000346
0,-0.063043,0.050255,-0.016763,0.059754,0.007778,0.046015,0.0011,0.000877
0,0.103781,-0.126209,0.164296,-0.199921,0.184089,-0.19962,0.001811,0.002203
0,-0.068047,-0.024304,-0.156303,0.114891,-0.112481,0.122245,0.001188,0.000424
0,-0.113749,0.006821,-0.053399,0.003917,-0.081647,0.022905,0.001985,0.000119
0,0.091367,-0.140897,0.197189,-0.141659,0.199546,-0.181694,0.001595,0.002459
0,-0.11017,-0.140951,-0.221898,0.000755,-0.190466,-0.010848,0.001923,0.00246
0,-0.090094,0.172012,0.010199,0.313699,0.042068,0.310491,0.001572,0.003002
0,-0.001547,0.063833,0.060465,-0.094912,0.06274,-0.088857,2.7e-05,0.001114
0,-0.162773,-0.070474,-0.173902,-0.158698,-0.151376,-0.166022,0.002841,0.00123
0,-0.017511,-0.08621,0.121916,-0.015189,0.096559,-0.046921,0.000306,0.001505
0,-0.157098,0.091723,-0.11851,0.189838,-0.103034,0.146174,0.002742,0.001601
0,-0.202802,0.099247,-0.066081,0.0375,-0.055432,0.023609,0.00354,0.001732
0,-0.047701,0.111956,0.17278,-0.000653,0.211024,-0.005801,0.000833,0.001954
0,0.048081,-0.141473,0.101897,-0.261826,0.094335,-0.243283,0.000839,0.002469
0,-0.241506,0.037662,-0.276113,0.183125,-0.243041,0.218492,0.003603,0.000657
0,-0.212356,-0.157512,0.013095,-0.185056,-0.011655,-0.173934,0.003706,0.002749
0,-0.056766,0.061357,0.145147,0.194696,0.132745,0.18039,0.000991,0.001071
0,-0.051243,-0.15018,0.012834,-0.23037,-0.005429,-0.242413,0.000894,0.002621
0,-0.223654,-0.067589,-0.201715,0.110071,-0.235358,0.115531,0.003903,0.00118
0,-0.129559,-0.100515,0.091437,-0.062326,0.083756,-0.091288,0.002261,0.001754
0,-0.161823,-0.086654,-0.026496,0.020527,-0.047788,0.048439,0.002824,0.001512
0,-0.218044,-0.151928,-0.030641,-0.094883,-0.031697,-0.071325,0.003806,0.002652
0,-0.222763,-0.091526,-0.013657,0.05963,-0.059749,0.051205,0.003888,0.001597
0,0.040012,0.099738,0.241081,0.183158,0.243506,0.20278,0.000698,0.001741
0,-0.074122,0.01775,-0.141753,-0.097765,-0.18404,-0.093496,0.001294,0.00031
0,-0.07028,-0.090397,-0.02181,-0.094509,-0.070329,-0.130386,0.001227,0.001578
0,-0.135339,0.091527,-0.043607,0.173259,-0.019011,0.12334,0.002362,0.001597
0,-0.006252,-0.020491,0.119866,-0.11033,0.164021,-0.079242,0.000109,0.000358
0,-0.042217,0.146578,-0.059194,0.188243,-0.026005,0.145302,0.000737,0.002558
0,-0.102194,0.133962,-0.061799,-0.041891,-0.077478,-0.023969,0.001784,0.002338
0,-0.101924,-0.086087,-0.027213,-0.216421,-0.031329,-0.17581,0.001779,0.001503
0,0.016258,0.120541,0.117995,0.198108,0.122223,0.194075,0.000284,0.002104
0,-0.06686,-0.01476,-0.080541,-0.108707,-0.064959,-0.147432,0.001167,0.000258
0,0.095368,-0.107472,0.176645,-0.106991,0.144824,-0.153371,0.001664,0.001876
0,-0.009497,-0.100963,-0.091402,-0.012627,-0.127173,-0.049565,0.000166,0.001762
0,0.037175,-0.017322,0.059455,0.095019,0.025485,0.14407,0.000649,0.000302
0,-0.063566,-0.04362,-0.107563,-0.024043,-0.120922,-0.000787,0.001109,0.000761
0,-0.080302,0.152783,0.00028,0.180493,-0.014821,0.171661,0.001402,0.002667
0,-0.050783,-0.137875,0.058232,-0.304821,0.099385,-0.303715,0.000886,0.002406
0,0.175662,0.017882,0.230133,0.181427,0.274792,0.16197,0.003066,0.000312
0,0.115491,-0.051931,-0.047443,-0.045014,-0.082747,-0.048519,0.002016,0.000906
0,0.100372,0.113743,-0.009222,0.174972,-0.010289,0.133548,0.001752,0.001985
0,-0.105043,-0.053264,-0.216666,-0.181517,-0.212324,-0.176403,0.001833,0.00093
0,0.05762,-0.000697,0.157603,0.026611,0.169783,0.020115,0.001006,1.2e-05
0,0.005664,-0.139861,-0.024548,-0.115993,-0.03014,-0.145983,9.9e-05,0.002441
0,-0.036644,-0.113058,-0.062164,0.050227,-0.034559,0.039279,0.00064,0.001973
0,-0.057882,0.001783,-0.026454,0.096682,0.004304,0.108071,0.00101,3.1e-05
0,-0.069974,-0.11211,-0.032277,-0.113794,-0.063364,-0.088985,0.001221,0.001957
0,-0.149408,-0.091101,-0.066278,0.026341,-0.085936,-0.021467,0.002608,0.00159
0,0.022112,-0.104966,0.166908,0.012431,0.202652,-0.016937,0.000386,0.001832
0,-0.154645,0.100524,-0.199506,0.20061,-0.232618,0.200846,0.002699,0.001754
0,-0.085363,-0.017749,0.071596,-0.094745,0.119377,-0.081365,0.00149,0.00031
0,-0.124069,0.090688,-0.034581,0.120005,-0.045743,0.105968,0.002165,0.001583
0,0.049026,0.011774,0.186204,-0.10111,0.173277,-0.095275,0.000856,0.000205
0,-0.047838,0.051332,-0.107831,0.054326,-0.070754,0.076231,0.000835,0.000896
0,-0.1084,0.069934,-0.077853,0.034869,-0.061008,0.072962,0.001892,0.001221
0,0.0146,0.00891,0.095588,-0.048479,0.138752,-0.009064,0.000255,0.000156
0,-0.056749,-0.044586,-0.043708,-0.053627,-0.000701,-0.015255,0.00099,0.000778
0,-0.134681,-0.087301,-0.083408,-0.044459,-0.09339,-0.015308,0.002351,0.001524
0,-0.112473,-0.14794,0.028202,-0.070092,0.033819,-0.081167,0.001963,0.002582
0,0.021384,-0.038574,0.127597,0.098631,0.134159,0.072873,0.000373,0.000673
0,-0.093814,-0.198357,-0.107383,-0.153503,-0.083896,-0.170017,0.001637,0.003462
0,-0.016947,-0.079286,0.063744,0.139528,0.075432,0.168948,0.000296,0.001384
0,0.086357,0.020622,0.110538,0.105508,0.081741,0.123616,0.001507,0.00036
0,-0.037352,0.035477,-0.117768,0.004691,-0.104694,-0.028098,0.000652,0.000619
0,-0.113959,-0.107831,-0.106308,-0.14348,-0.06635,-0.147543,0.001989,0.001882
0,0.051699,-0.164926,0.163231,-0.080669,0.162523,-0.039574,0.000902,0.002878
0,0.003335,0.082258,-0.066803,0.24532,-0.099017,0.211675,5.8e-05,0.001436
0,0.076641,-0.137515,0.046111,-0.239428,0.087195,-0.277843,0.001338,0.0024
0,0.432654,1.033932,0.332794,1.199509,0.355586,1.2329,0.000267,0.00241
0,1.093546,1.629532,0.657012,0.590035,0.700224,0.599933,0.00345,0.002831
0,1.374916,1.777051,0.295289,0.140603,0.313418,0.117443,0.000543,0.000256
0,0.968162,1.654595,-0.390057,-0.131507,-0.348996,-0.165013,0.001262,0.002393
0,1.009791,1.670186,0.031326,0.022702,0.061372,-0.007,0.001988,0.002121
0,0.613335,1.608395,-0.409779,-0.032529,-0.36157,-0.015904,0.002887,0.0032
0,0.621497,1.392514,-0.000917,-0.202462,-0.036381,-0.208716,0.003029,0.00085
0,0.370826,0.940027,-0.229415,-0.457073,-0.222068,-0.48771,0.001346,0.000771
0,0.350545,0.56659,0.000718,-0.35155,0.01428,-0.397991,0.0017,0.002071
0,0.075838,0.419069,-0.253048,-0.151611,-0.278162,-0.105411,0.001324,0.000504
0,-0.007114,0.223449,-0.10503,-0.189096,-0.068928,-0.205901,0.000124,0.0039
0,-0.006978,0.299656,0.030119,0.060728,0.02816,0.042615,0.000122,0.002588
0,-0.070295,-0.086952,-0.079256,-0.368404,-0.053937,-0.395679,0.001227,0.001518
0,-0.02007,-0.008892,0.053327,0.089776,0.048932,0.059312,0.00035,0.000155
0,0.088225,-0.050525,0.080575,-0.027922,0.086338,-0.023027,0.00154,0.000882
0,0.07117,0.066235,-0.004587,0.131108,-0.022159,0.109,0.001242,0.001156
0,0.022289,0.033877,-0.051957,-0.002595,-0.059193,-0.047533,0.000389,0.000591
0,-0.064919,-0.223894,-0.057582,-0.251164,-0.014096,-0.217052,0.001133,0.003908
0,0.092892,-0.171526,0.171258,0.080145,0.173508,0.05849,0.001621,0.002994
0,-0.104721,-0.109537,-0.191128,0.058625,-0.23448,0.089139,0.001828,0.001912
0,0.02902,-0.097678,0.146933,0.035019,0.195561,0.076535,0.000506,0.001705
0,0.054086,-0.199733,0.019384,-0.108608,-0.006157,-0.11754,0.000944,0.003486
0,-0.191039,-0.187357,-0.265992,0.021575,-0.276123,0.051568,0.003334,0.00327
0,-0.149027,-0.230591,0.056749,-0.045608,0.016346,-0.055181,0.002601,0.003793
0,0.074003,-0.100781,0.235564,0.121905,0.209446,0.101938,0.001292,0.001759
0,-0.157828,0.061665,-0.213215,0.182761,-0.245079,0.136263,0.002755,0.001076
0,-0.146563,0.000445,0.013653,-0.041166,-0.0312,-0.048334,0.002558,8e-06
0,-0.059811,0.011709,0.097223,0.021448,0.109791,-0.021759,0.001044,0.000204
0,0.078282,-0.134856,0.146659,-0.153807,0.161467,-0.18289,0.001366,0.002354
0,0.013487,-0.069115,-0.052339,0.086059,-0.056939,0.086322,0.000235,0.001206
0,0.067476,0.03132,0.079706,0.112848,0.117499,0.077382,0.001178,0.000547
0,0.049427,0.070598,-0.036547,0.05875,-0.015828,0.019465,0.000863,0.001232
0,-0.007032,0.004185,-0.072809,-0.038972,-0.114424,-0.07303,0.000123,7.3e-05
0,-0.191954,-0.047572,-0.164397,-0.04801,-0.139665,-0.019756,0.00335,0.00083
0,-0.097996,0.018047,0.090099,0.04732,0.13135,0.071157,0.00171,0.000315
0,-0.065,0.099541,0.04504,0.06309,0.08206,0.080505,0.001134,0.001737
0,0.024818,0.122828,0.098569,0.030408,0.119235,0.032362,0.000433,0.002144
0,0.023699,-0.036272,0.016786,-0.154338,0.042409,-0.141718,0.000414,0.000633
0,-0.014054,0.148096,-0.037815,0.199636,-0.064233,0.199873,0.000245,0.002585
0,-0.047609,-0.088444,-0.05097,-0.220194,-0.022051,-0.20027,0.000831,0.001544
0,-0.045215,-0.124543,-0.000372,-0.021806,0.010204,-0.056172,0.000789,0.002174
0,-0.206469,-0.102397,-0.13402,0.030873,-0.092432,0.040894,0.003604,0.001787
0,-0.238667,-0.118821,-0.053347,-0.030135,-0.007381,-0.037782,0.003652,0.002074
0,-0.09267,-0.063126,0.118665,0.058557,0.118833,0.056677,0.001617,0.001102
0,-0.066564,-0.004979,0.023458,0.072227,0.006579,0.116692,0.001162,8.7e-05
0,-0.089312,0.037845,-0.027662,0.016227,-0.03479,-0.023512,0.001559,0.000661
0,-0.328785,-0.076854,-0.251263,-0.130049,-0.292661,-0.15908,0.002079,0.001341
0,-0.320123,0.018811,0.023514,0.087642,-0.02561,0.120011,0.002231,0.000328
0,-0.262138,-0.116045,0.05434,-0.155691,0.090538,-0.127389,0.003243,0.002025
0,-0.235421,-0.140453,0.028427,-0.045611,0.03138,-0.01871,0.003709,0.002451
0,-0.267371,-0.034408,-0.041217,0.088881,-0.001588,0.047667,0.003151,0.000601
0,-0.209262,0.113668,0.036551,0.14075,0.045309,0.150208,0.003652,0.001984
0,-0.104503,0.079719,0.105183,-0.006454,0.121608,-0.050328,0.001824,0.001391
0,-0.00019,-0.114139,0.082528,-0.171279,0.061822,-0.158589,3e-06,0.001992
0,0.037807,-0.149138,0.027489,-0.03509,0.056896,-0.034176,0.00066,0.002603
0,-0.192604,0.066122,-0.230509,0.219512,-0.216318,0.24232,0.003362,0.001154
0,0.015304,-0.08226,0.184982,-0.158014,0.171651,-0.121292,0.000267,0.001436
0,0.000811,-0.106196,-0.000416,-0.0364,-0.027805,0.009291,1.4e-05,0.001853
0,-0.08751,-0.070675,-0.109935,0.064047,-0.100571,0.052024,0.001527,0.001234
0,0.11519,-0.025865,0.172709,0.033636,0.126458,0.081024,0.00201,0.000451
0,0.013428,-0.092062,-0.124485,-0.069205,-0.099765,-0.067629,0.000234,0.001607
0,-0.032733,0.012376,-0.02334,0.131296,0.000576,0.099287,0.000571,0.000216
0,0.098557,-0.138733,0.155746,-0.15925,0.122877,-0.186495,0.00172,0.002421
0,-0.0434,-0.06251,-0.15077,0.04754,-0.137057,0.03619,0.000757,0.001091
0,-0.131312,-0.02827,-0.069497,0.018891,-0.019656,0.023981,0.002292,0.000493
0,-0.138619,-0.116173,0.0215,-0.091642,0.053692,-0.074974,0.002419,0.002028
0,0.038588,-0.053996,0.168053,0.035528,0.119569,-0.003863,0.000673,0.000942
0,-0.217474,-0.16277,-0.243519,-0.137675,-0.232648,-0.103443,0.003796,0.002841
0,-0.054495,0.010144,0.146586,0.153469,0.151335,0.203423,0.000951,0.000177
0,0.000563,-0.124488,0.074217,-0.138218,0.05764,-0.166136,1e-05,0.002173
0,0.008887,-0.024387,0.029701,0.100036,0.036089,0.137195,0.000155,0.000426
0,-0.010871,-0.101797,-0.044895,-0.104004,0.000593,-0.081457,0.00019,0.001777
0,-0.087495,-0.108291,-0.08583,4.5e-05,-0.063886,-0.026933,0.001527,0.00189
0,0.100384,-0.017369,0.210877,0.094169,0.205592,0.091151,0.001752,0.000303
0,0.027741,-0.018367,-0.069517,-0.012714,-0.105996,-0.003511,0.000484,0.000321
0,-0.110136,-0.052024,-0.153732,-0.05537,-0.117376,-0.017565,0.001922,0.000908
0,0.070105,0.070835,0.19753,0.097448,0.181801,0.104771,0.001224,0.001236
0,-0.074154,0.021175,-0.125447,-0.027313,-0.088882,-0.030225,0.001294,0.00037
0,0.002319,-0.015592,0.105225,-0.023633,0.14031,-0.03044,4e-05,0.000272
0,0.16877,-0.090284,0.137243,-0.104455,0.090493,-0.149742,0.002946,0.001576
0,-0.05046,0.067951,-0.236199,0.1821,-0.191284,0.220733,0.000881,0.001186
0,0.021873,0.081138,0.073392,-0.002563,0.027751,0.022887,0.000382,0.001416
0,-0.069248,-0.134105,-0.072839,-0.228715,-0.088799,-0.225107,0.001209,0.002341
0,-0.056593,-0.126139,0.027371,0.016782,0.023088,0.029208,0.000988,0.002202
0,0.166666,-0.181482,0.221307,-0.055598,0.239545,-0.038934,0.002909,0.003167
0,-0.078998,0.05714,-0.232101,0.230036,-0.265704,0.196727,0.001379,0.000997
0,-0.050617,-0.144143,0.04356,-0.174785,0.059889,-0.150419,0.000883,0.002516
0,-0.111154,-0.04294,-0.040045,0.075232,-0.024804,0.107448,0.00194,0.000749
0,0.118154,0.111837,0.247622,0.13254,0.207484,0.10918,0.002062,0.001952
0,0.126603,0.10681,-0.016921,-0.027119,-0.035206,-0.054892,0.00221,0.001864
0,0.081539,-0.049391,-0.020904,-0.129343,-0.06512,-0.14343,0.001423,0.000862
0,-0.026994,-0.036271,-0.126835,0.017837,-0.10005,-0.016039,0.000471,0.000633
0,-0.04978,0.097144,-0.033212,0.106593,-0.053719,0.144649,0.000869,0.001695
0,-0.079784,0.060792,-0.045695,-0.021153,-0.010921,-0.070208,0.001392,0.001061
0,0.036546,-0.137248,0.101675,-0.206102,0.126464,-0.255607,0.000638,0.002395
0,-0.102347,0.115654,-0.1395,0.245845,-0.160357,0.254602,0.001786,0.002019
0,0.116757,0.060276,0.212066,-0.063421,0.261889,-0.071679,0.002038,0.001052
0,0.240784,-0.127133,0.126616,-0.16431,0.109204,-0.118159,0.003615,0.002219
0,0.120909,-0.031669,-0.13477,0.104344,-0.129072,0.133171,0.00211,0.000553
0,0.036929,-0.041893,-0.054508,-0.011696,-0.029181,0.022828,0.000645,0.000731
0,0.158848,0.06504,0.115821,0.109555,0.16454,0.156692,0.002772,0.001135
0,0.131006,0.123784,-0.049341,0.046051,-0.068882,0.081485,0.002286,0.00216
0,0.043327,-0.061604,-0.11577,-0.196041,-0.132449,-0.166036,0.000756,0.001075
0,0.16801,-0.021807,0.124491,0.01563,0.173464,-0.003134,0.002932,0.000381
0,0.291003,0.086503,0.114395,0.127762,0.088229,0.11018,0.002739,0.00151
0,0.082142,0.016434,-0.184383,-0.079793,-0.168324,-0.061534,0.001434,0.000287
0,0.047575,-0.179629,-0.023535,-0.222237,0.017869,-0.187946,0.00083,0.003135
0,0.209528,-0.129491,0.182412,0.042623,0.135312,0.079642,0.003657,0.00226
0,0.070077,0.036817,-0.166231,0.171153,-0.12634,0.209583,0.001223,0.000643
0,0.225062,-0.145302,0.128725,-0.172975,0.142145,-0.183239,0.00389,0.002536
0,0.226873,-0.078023,-0.018977,0.045037,-0.037906,0.091433,0.003858,0.001362
0,0.07956,0.046454,-0.155368,0.097091,-0.158402,0.070151,0.001389,0.000811
0,0.036992,-0.097416,-0.039073,-0.12132,0.005308,-0.13154,0.000646,0.0017
0,0.156347,0.075913,0.09924,0.167293,0.144415,0.170544,0.002729,0.001325
0,0.228297,0.055015,0.085044,-0.007222,0.115515,-0.027927,0.003833,0.00096
0,0.027662,-0.019484,-0.174977,-0.0865,-0.178935,-0.119176,0.000483,0.00034
0,0.118121,0.045292,0.08147,0.090826,0.080221,0.043795,0.002062,0.00079
0,-0.032557,0.070154,-0.123598,0.029967,-0.100997,-0.005758,0.000568,0.001224
0,0.017399,-0.167321,0.059861,-0.210619,0.088312,-0.167958,0.000304,0.00292
0,0.119668,0.086813,0.103694,0.24698,0.145046,0.247657,0.002089,0.001515
0,0.079354,0.018624,-0.018006,-0.084537,-0.038402,-0.094571,0.001385,0.000325
0,0.038126,0.117034,-0.022636,0.124116,-0.072004,0.154982,0.000665,0.002043
0,0.169711,0.04152,0.111503,-0.089468,0.095237,-0.088208,0.002962,0.000725
0,0.01574,-0.155142,-0.137724,-0.22033,-0.108365,-0.219295,0.000275,0.002708
0,-0.020816,0.129418,-0.018164,0.302373,0.011677,0.350665,0.000363,0.002259
0,-0.087921,-0.091764,-0.089788,-0.204417,-0.116982,-0.1712,0.001535,0.001602
0,0.045461,0.008769,0.110348,0.118773,0.081362,0.095845,0.000793,0.000153
0,0.130149,-0.021086,0.114231,-0.011331,0.098565,-0.049312,0.002272,0.000368
0,0.013267,0.09665,-0.132529,0.115756,-0.133566,0.121084,0.000232,0.001687
0,0.040616,0.010166,0.016217,-0.069287,0.052728,-0.057839,0.000709,0.000177
0,-0.120128,0.022179,-0.149291,0.035829,-0.181069,0.021409,0.002097,0.000387
0,0.098145,0.001368,0.241899,-0.001931,0.290373,-0.031158,0.001713,2.4e-05
0,0.188033,-0.011057,0.06491,-0.034925,0.109259,-0.055944,0.003282,0.000193
0,-0.06279,0.038085,-0.250662,0.046678,-0.271912,0.07056,0.001096,0.000665
0,-0.046989,0.031765,0.037562,-0.019776,-0.009857,-0.040698,0.00082,0.000554
0,0.191034,0.031364,0.21157,0.025236,0.213256,0.050792,0.003334,0.000547
0,0.094531,-0.118399,-0.11881,-0.175057,-0.070142,-0.188622,0.00165,0.002066
0,0.120574,0.042154,0.037953,0.166674,0.000189,0.205512,0.002104,0.000736
0,-0.024478,-0.124338,-0.155263,-0.177883,-0.190375,-0.21375,0.000427,0.00217
0,0.09917,-0.124761,0.138037,-0.01244,0.148703,0.003629,0.001731,0.002177
0,0.03964,-0.205191,-0.056158,-0.056866,-0.032207,-0.020041,0.000692,0.003581
0,-0.026664,0.073979,-0.039548,0.302935,0.001352,0.2904,0.000465,0.001291
0,0.096285,-0.166416,0.129145,-0.265863,0.172441,-0.291289,0.00168,0.002905
0,0.073764,0.066757,-0.034089,0.248428,-0.039279,0.286122,0.001287,0.001165
0,0.028834,-0.159671,-0.064864,-0.243621,-0.057614,-0.253027,0.000503,0.002787
0,0.030031,-0.058478,-0.001485,0.101652,0.038904,0.062313,0.000524,0.001021
0,0.042323,0.030888,-0.015703,0.095669,-0.056646,0.0994,0.000739,0.000539
0,-0.082225,-0.012238,-0.119774,-0.02055,-0.126,-0.053506,0.001435,0.000214
0,-0.139615,-0.001215,-0.05518,0.028183,-0.094479,0.032545,0.002437,2.1e-05
0,0.032392,-0.148404,0.171871,-0.1534,0.137473,-0.154789,0.000565,0.00259
0,0.053194,-0.106392,0.003992,0.017666,0.048663,0.030098,0.000928,0.001857
0,0.134476,-0.046625,0.060158,0.058056,0.109673,0.017423,0.002347,0.000814
0,-0.067771,-0.045501,-0.193268,0.007924,-0.159424,-0.004861,0.001183,0.000794
0,0.081107,-0.028273,0.121052,0.021277,0.13526,-0.018634,0.001416,0.000493
0,-0.046547,-0.179324,-0.101735,-0.131471,-0.105235,-0.089623,0.000812,0.00313
0,0.138777,-0.055815,0.167367,0.146418,0.198051,0.191064,0.002422,0.000974
0,0.005008,-0.075167,-0.160637,-0.00203,-0.162682,0.044863,8.7e-05,0.001312
0,-0.029358,-0.104074,-0.040887,-0.055302,-0.040148,-0.083644,0.000512,0.001816
0,0.170162,-0.080112,0.182767,0.035745,0.16254,-0.011636,0.00297,0.001398
0,-0.121632,0.026403,-0.262203,0.099319,-0.290331,0.117817,0.002123,0.000461
0,0.094858,0.032424,0.227293,0.024736,0.183051,0.054428,0.001656,0.000566
0,0.00268,-0.062745,-0.094098,-0.074983,-0.121672,-0.033693,4.7e-05,0.001095
0,0.074301,0.018422,0.046052,0.106139,0.040875,0.136928,0.001297,0.000322
0,0.111952,-0.218204,0.046553,-0.21741,0.037609,-0.266556,0.001954,0.003808
0,-0.045153,-0.007301,-0.146088,0.202069,-0.18227,0.227293,0.000788,0.000127
0,0.123108,-0.212796,0.140721,-0.225985,0.098923,-0.227935,0.002149,0.003714
0,-0.011217,-0.060397,-0.152624,0.144547,-0.178643,0.133804,0.000196,0.001054
0,0.130408,-0.229255,0.118777,-0.18569,0.101411,-0.146885,0.002276,0.003817
0,0.216623,-0.207879,0.078842,0.026643,0.073722,0.000368,0.003781,0.003628
0,-0.094767,-0.000238,-0.288597,0.209343,-0.282494,0.166107,0.001654,4e-06
0,-0.06775,-0.201398,0.003568,-0.223291,0.020987,-0.195373,0.001182,0.003515
0,0.015326,-0.046573,0.082713,0.164227,0.105023,0.150006,0.000267,0.000813
0,-0.107682,-0.196989,-0.119479,-0.163114,-0.085878,-0.195375,0.001879,0.003438
0,0.028267,-0.012413,0.158034,0.184993,0.198407,0.19301,0.000493,0.000217
0,0.084673,-0.058105,0.027854,-0.068697,0.032774,-0.032418,0.001478,0.001014
0,0.045076,-0.106155,-0.04542,-0.040341,-0.027178,-0.058599,0.000787,0.001853
0,-0.092762,-0.040873,-0.16375,0.057441,-0.151159,0.032107,0.001619,0.000713
0,-0.065208,-0.219552,0.000608,-0.180627,0.004516,-0.178968,0.001138,0.003832
0,-0.000209,-0.185525,0.045179,0.049054,0.041436,0.000825,4e-06,0.003238
0,0.051595,-0.1664,0.023961,0.005233,-0.000412,-0.009346,0.000901,0.002904
0,-0.20648,-0.003915,-0.265182,0.171555,-0.222835,0.159744,0.003604,6.8e-05
0,-0.140855,-0.069642,0.05354,-0.091324,0.081316,-0.112943,0.002458,0.001215
0,-0.011562,-0.012907,0.122564,0.082805,0.158552,0.074771,0.000202,0.000225
0,-0.147524,-0.178681,-0.158078,-0.166817,-0.200019,-0.215869,0.002575,0.003119
0,-0.191531,0.090484,-0.019246,0.247239,0.015621,0.284619,0.003343,0.001579
0,-0.078466,-0.046925,0.096965,-0.133448,0.090527,-0.169349,0.001369,0.000819
0,-0.162239,-0.210731,-0.080491,-0.192415,-0.118028,-0.145657,0.002832,0.003678
0,0.075041,-0.155466,0.226612,0.041699,0.262086,0.075576,0.00131,0.002713
0,0.061314,-0.014931,-0.041252,0.167826,-0.020086,0.166851,0.00107,0.000261
0,0.020281,0.109326,-0.011853,0.110398,0.031834,0.113601,0.000354,0.001908
0,-0.020908,0.052327,-0.025594,-0.08588,0.018936,-0.131273,0.000365,0.000913
0,0.141675,0.048753,0.169841,0.020351,0.127946,0.016489,0.002473,0.000851
0,0.120477,-0.11913,-0.011602,-0.154519,-0.018747,-0.193379,0.002103,0.002079
0,-0.094669,0.063518,-0.229957,0.168816,-0.241182,0.212248,0.001652,0.001109
0,0.128947,-0.138866,0.198184,-0.180682,0.190866,-0.156252,0.002251,0.002424
0,-0.051045,-0.001632,-0.161567,0.135893,-0.181418,0.10353,0.000891,2.8e-05
0,-0.088658,0.015634,-0.057077,0.011831,-0.088791,-0.023614,0.001547,0.000273
0,0.00398,-0.055985,0.087743,-0.07157,0.073221,-0.086478,6.9e-05,0.000977
0,0.135477,-0.080677,0.142676,0.005057,0.14986,-0.022332,0.002365,0.001408
0,-0.103036,-0.111964,-0.213489,-0.005689,-0.241773,-0.047534,0.001798,0.001954
0,0.129924,-0.129914,0.261378,-0.030097,0.251148,0.018871,0.002268,0.002267
0,0.124101,-0.066191,-0.010889,0.053558,0.012463,0.096588,0.002166,0.001155
0,0.027457,-0.201853,-0.122703,-0.126577,-0.07524,-0.169342,0.000479,0.003523
0,0.196262,-0.038875,0.189132,0.135196,0.219163,0.08551,0.003425,0.000678
0,0.184419,0.032352,-0.000566,0.058851,-0.033696,0.052581,0.003219,0.000565
0,0.024667,-0.04172,-0.16464,-0.083929,-0.143953,-0.111065,0.000431,0.000728
0,-0.0038,-0.08868,-0.020342,-0.06698,-0.037679,-0.107055,6.6e-05,0.001548
0,0.120648,-0.152731,0.148125,-0.069919,0.165982,-0.026472,0.002106,0.002666
0,0.093291,-0.007979,-0.03681,0.145801,-0.061123,0.105241,0.001628,0.000139
0,0.187991,-0.090932,0.115321,-0.062183,0.087727,-0.073216,0.003281,0.001587
0,0.154815,0.083599,-0.021201,0.149987,-0.014389,0.126382,0.002702,0.001459
0,0.082423,0.009666,-0.096478,-0.090081,-0.081256,-0.132319,0.001439,0.000169
0,0.064817,0.092638,-0.038055,0.109091,0.011155,0.154995,0.001131,0.001617
0,0.064867,-0.089272,0.025194,-0.200511,-0.006248,-0.22903,0.001132,0.001558
0,0.122453,0.111682,0.069728,0.179042,0.078788,0.13009,0.002137,0.001949
0,0.038937,0.000361,-0.103698,-0.124512,-0.132995,-0.136881,0.00068,6e-06
0,0.046344,-0.002049,0.021049,0.007843,-0.024832,0.045546,0.000809,3.6e-05
0,0.094826,-0.087842,0.0317,-0.06982,0.005926,-0.062527,0.001655,0.001533
0,-0.119983,-0.002239,-0.236316,0.08221,-0.226401,0.057398,0.002094,3.9e-05
0,0.018673,-0.070344,0.111391,-0.039606,0.096974,0.004176,0.000326,0.001228
0,-0.027243,0.007718,-0.055,0.056075,-0.087376,0.013156,0.000475,0.000135
0,-0.002455,0.008476,0.007582,-0.024144,0.024791,-0.017926,4.3e-05,0.000148
0,-0.023648,0.071814,0.000591,0.04566,0.014935,0.066178,0.000413,0.001253
0,-0.191845,-0.17737,-0.196725,-0.251963,-0.204097,-0.288567,0.003348,0.003096
0,0.020293,-0.040048,0.201562,0.123363,0.216861,0.129815,0.000354,0.000699
0,-0.194197,-0.082427,-0.238515,-0.039824,-0.251253,-0.04798,0.003389,0.001439
0,-0.103234,-0.170495,0.119909,-0.078744,0.123002,-0.039483,0.001802,0.002976
0,-0.148163,-0.060591,-0.032597,0.131973,-0.052335,0.107023,0.002586,0.001058
0,-0.185649,-0.123725,-0.040338,-0.064217,-0.045759,-0.094904,0.00324,0.002159
0,-0.186034,-0.031427,0.016086,0.087954,-0.007578,0.126476,0.003247,0.000549
0,-0.119795,0.078208,0.060559,0.083614,0.07924,0.047141,0.002091,0.001365
0,0.139019,-0.144734,0.286471,-0.21588,0.300188,-0.240196,0.002426,0.002526
0,-0.115076,0.05626,-0.228163,0.174201,-0.191071,0.158573,0.002008,0.000982
0,0.199891,-0.039506,0.291977,-0.100902,0.309614,-0.148259,0.003489,0.00069
0,0.084244,0.081894,-0.125637,0.120011,-0.077169,0.107343,0.00147,0.001429
0,0.103236,-0.049806,0.048341,-0.144766,0.066772,-0.160173,0.001802,0.000869
0,0.109737,-0.149213,0.00446,-0.124344,-0.009259,-0.080542,0.001915,0.002604
0,-0.159451,0.096886,-0.251466,0.273161,-0.217671,0.316406,0.002783,0.001691
0,-0.005193,0.058359,0.166166,-0.051848,0.192863,-0.012646,9.1e-05,0.001019
0,-0.107569,0.043489,-0.126493,-0.027531,-0.130267,0.004449,0.001877,0.000759
0,-0.030075,-0.020542,0.062689,-0.035122,0.101584,-0.038929,0.000525,0.000359
0,0.020507,-0.030204,0.07335,0.005184,0.078681,0.02898,0.000358,0.000527
0,-0.135943,-0.06252,-0.131652,-0.020436,-0.100653,-0.046644,0.002373,0.001091
0,-0.020071,-0.126118,0.093308,-0.034099,0.077163,0.014306,0.00035,0.002201
0,0.031717,0.071028,0.066198,0.198482,0.073299,0.178156,0.000554,0.00124
0,-0.077259,0.045209,-0.137717,0.001948,-0.103149,-0.023243,0.001348,0.000789
0,-0.206115,-0.054928,-0.135105,-0.106701,-0.14678,-0.154101,0.003597,0.000959
0,-0.033877,0.05783,0.166548,0.098606,0.16231,0.055193,0.000591,0.001009
0,0.031375,-0.159842,0.061314,-0.19698,0.077519,-0.201942,0.000548,0.00279
0,-0.151469,0.006917,-0.160767,0.179705,-0.167301,0.142116,0.002644,0.000121
0,-0.123907,-0.00017,0.022063,-0.036439,0.003228,-0.067166,0.002163,3e-06
0,0.073579,-0.042194,0.21319,-0.044657,0.228123,-0.057288,0.001284,0.000736
0,-0.082604,0.036835,-0.138002,0.049195,-0.103073,0.001174,0.001442,0.000643
0,-0.203649,-0.042206,-0.13139,-0.073979,-0.170598,-0.072415,0.003554,0.000737
0,-0.021838,-0.134276,0.208533,-0.105931,0.200463,-0.079238,0.000381,0.002344
0,0.133178,-0.144235,0.156101,0.000697,0.176277,0.009934,0.002324,0.002517
0,0.02108,-0.186165,-0.092097,-0.061909,-0.049861,-0.094425,0.000368,0.003249
0,0.059408,-0.155568,0.063432,0.035424,0.056102,0.065188,0.001037,0.002715
0,-0.047719,0.007084,-0.108756,0.190381,-0.12954,0.208273,0.000833,0.000124
0,0.084207,0.069117,0.144826,0.049852,0.135554,0.01184,0.00147,0.001206
0,-0.127692,-0.006971,-0.218773,-0.056727,-0.262174,-0.06998,0.002229,0.000122
0,-0.160274,-0.094146,-0.031714,-0.057575,0.003082,-0.016877,0.002797,0.001643
0,0.093336,-0.038873,0.268469,0.04621,0.228941,0.083127,0.001629,0.000678
0,-0.045197,-0.021025,-0.138233,-0.00807,-0.165612,-0.023136,0.000789,0.000367
0,-0.01328,-0.153951,0.016344,-0.150633,0.035603,-0.194472,0.000232,0.002687
0,-0.066099,-0.01608,-0.026658,0.124299,-0.052642,0.086562,0.001154,0.000281
0,0.070371,-0.032041,0.159175,-0.025297,0.159176,-0.026589,0.001228,0.000559
0,-0.173073,0.062861,-0.239273,0.088126,-0.267558,0.051089,0.003021,0.001097
0,-0.173099,-0.084286,0.028327,-0.166047,0.063258,-0.17401,0.003021,0.001471
0,-0.119707,-0.102659,0.070926,-0.017643,0.079847,-0.039488,0.002089,0.001792
0,-0.134659,-0.151227,-0.018993,-0.056378,-0.046603,-0.09516,0.00235,0.002639
0,0.037779,-0.107078,0.179142,0.01626,0.171197,0.059777,0.000659,0.001869
0,0.115596,-0.129838,0.083242,-0.022084,0.121614,-0.069069,0.002018,0.002266
0,-0.084239,0.025289,-0.197688,0.143909,-0.193644,0.104129,0.00147,0.000441
0,0.015307,0.048343,0.096532,0.034456,0.142521,0.06218,0.000267,0.000844
0,0.135961,-0.045834,0.122306,-0.105377,0.166122,-0.072272,0.002373,0.0008
0,-0.095631,0.137032,-0.25455,0.182365,-0.299283,0.179457,0.001669,0.002392
0,0.161034,-0.155651,0.264725,-0.279792,0.313301,-0.309981,0.002811,0.002717
0,-0.085062,-0.058119,-0.249706,0.096504,-0.219557,0.133372,0.001485,0.001014
0,0.120331,0.075558,0.230032,0.125472,0.232026,0.075808,0.0021,0.001319
0,0.089657,0.142294,-0.057962,0.088501,-0.099714,0.116326,0.001565,0.002483
0,-0.177659,0.121701,-0.290588,-0.037771,-0.257197,-0.006499,0.003101,0.002124
0,0.010895,-0.144249,0.169875,-0.275923,0.158624,-0.278295,0.00019,0.002518
0,-0.064357,-0.101816,-0.10489,0.039216,-0.106256,0.055004,0.001123,0.001777
0,0.125928,-0.121221,0.175304,-0.031423,0.209523,-0.0506,0.002198,0.002116
0,-0.100081,-0.070455,-0.239461,0.0656,-0.267121,0.047288,0.001747,0.00123
0,0.116679,-0.137132,0.226324,-0.056332,0.187158,-0.069252,0.002036,0.002393
0,-0.016326,0.005572,-0.148717,0.119009,-0.15521,0.132764,0.000285,9.7e-05
0,-0.013123,-0.197628,0.011898,-0.186006,-0.03263,-0.232176,0.000229,0.003449
0,-0.072963,-0.177344,-0.071672,0.01431,-0.064222,0.045563,0.001273,0.003095
0,-0.054309,-0.025399,0.012544,0.150826,-0.000932,0.180209,0.000948,0.000443
0,-0.152175,0.014379,-0.091413,0.065309,-0.102929,0.044656,0.002656,0.000251
0,0.12162,0.01103,0.275902,-0.019995,0.240981,-0.057179,0.002123,0.000193
0,-0.098701,-0.053844,-0.224368,-0.076905,-0.246902,-0.119467,0.001723,0.00094
0,-0.147345,0.023267,-0.074793,0.063757,-0.09738,0.075453,0.002572,0.000406
0,0.057931,-0.139575,0.175699,-0.183904,0.21666,-0.217456,0.001011,0.002436
0,-0.21264,-0.038648,-0.297797,0.116386,-0.322624,0.071968,0.003711,0.000675
0,0.042015,-0.146466,0.266271,-0.095857,0.313521,-0.117522,0.000733,0.002556
0,0.061914,-0.17972,0.024877,-0.034349,0.003184,-0.002127,0.001081,0.003137
0,0.031831,0.081826,-0.001444,0.289642,-0.020183,0.324637,0.000556,0.001428
0,-0.259211,0.003318,-0.303704,-0.106629,-0.308442,-0.073671,0.003294,5.8e-05
0,0.029246,-0.038282,0.28253,-0.020845,0.245036,-0.030503,0.00051,0.000668
0,-0.092797,0.108162,-0.094319,0.146805,-0.124262,0.142109,0.00162,0.001888
0,0.108406,-0.053257,0.191195,-0.132546,0.236311,-0.171379,0.001892,0.00093
0,0.040009,0.093049,-0.092268,0.132031,-0.059292,0.126519,0.000698,0.001624
0,-0.025291,0.000351,-0.040107,-0.118932,-0.054113,-0.081661,0.000441,6e-06
0,-0.068074,0.118294,-0.039568,0.134193,-0.07017,0.118687,0.001188,0.002065
0,-0.042824,-0.087985,0.046843,-0.200939,0.042187,-0.220812,0.000747,0.001536
0,-0.229465,0.043068,-0.214876,0.102136,-0.188378,0.116258,0.003813,0.000752
0,-0.055205,-0.112185,0.147816,-0.171878,0.173681,-0.212447,0.000964,0.001958
0,-0.116798,0.044524,-0.08092,0.170544,-0.064354,0.189271,0.002039,0.000777
0,-0.043436,0.135806,0.096557,0.103382,0.091057,0.136269,0.000758,0.00237
0,0.043416,-0.008587,0.066776,-0.152719,0.03306,-0.104816,0.000758,0.00015
0,-0.004885,0.015687,-0.064105,0.012628,-0.041723,0.029561,8.5e-05,0.000274
0,-0.046374,-0.026266,-0.034904,-0.0446,0.012927,-0.008705,0.000809,0.000458
0,-0.176059,-0.013084,-0.156624,0.01882,-0.155935,0.014174,0.003073,0.000228
0,-0.104587,-0.03416,0.044024,0.00344,0.033909,0.040249,0.001825,0.000596
0,-0.191163,0.094371,-0.08848,0.149773,-0.126075,0.190923,0.003336,0.001647
0,-0.33161,0.04953,-0.166532,-0.027268,-0.187064,-0.016333,0.00203,0.000864
0,-0.202358,0.014078,0.131005,-0.05977,0.126864,-0.04577,0.003532,0.000246
0,-0.313248,0.120566,-0.095523,0.100523,-0.077428,0.08217,0.002351,0.002104
0,-0.296735,0.125454,0.021098,-0.016029,0.009238,0.033917,0.002639,0.00219
0,-0.180757,0.077139,0.112038,-0.049821,0.075124,-0.043296,0.003155,0.001346
0,-0.054965,0.01109,0.129083,-0.058078,0.153518,-0.103022,0.000959,0.000194
0,-0.200905,0.053439,-0.14443,0.012475,-0.151566,-0.013704,0.003506,0.000933
0,-0.125906,-0.04968,0.073222,-0.084719,0.026456,-0.114011,0.002197,0.000867
0,-0.102884,0.145167,0.014491,0.208548,-0.027104,0.205107,0.001796,0.002534
0,0.079124,-0.03318,0.192964,-0.205841,0.21319,-0.248619,0.001381,0.000579
0,0.111812,-0.046174,0.059615,-0.020304,0.080464,-0.036369,0.001951,0.000806
0,0.126862,-0.056129,0.017618,-0.001546,-0.011145,0.000967,0.002214,0.00098
0,0.09765,-0.055577,-0.041847,0.017829,-0.084176,0.029597,0.001704,0.00097
0,-0.063375,0.026798,-0.186893,0.093189,-0.163324,0.086891,0.001106,0.000468
0,0.01793,-0.054347,0.07633,-0.058254,0.077778,-0.06469,0.000313,0.000949
0,-0.168216,-0.091983,-0.157119,-0.043331,-0.172796,-0.043334,0.002936,0.001605
0,0.039213,0.075994,0.224145,0.197061,0.201734,0.208166,0.000684,0.001326
0,-0.066564,-0.051339,-0.12541,-0.124681,-0.162067,-0.164054,0.001162,0.000896
0,0.061204,0.056888,0.148447,0.103004,0.17403,0.147431,0.001068,0.000993
0,0.057056,-0.148135,-0.028441,-0.215434,0.002014,-0.212868,0.000996,0.002585
0,0.06818,-0.059109,0.035357,0.115649,0.058631,0.15125,0.00119,0.001032
0,0.08347,0.013249,0.041214,0.052883,0.078556,0.033017,0.001457,0.000231
0,0.125758,-0.174357,0.04921,-0.166617,0.081634,-0.126536,0.002195,0.003043
0,0.082951,0.065368,-0.067496,0.263246,-0.064351,0.288137,0.001448,0.001141
0,-0.089537,-0.130747,-0.168249,-0.170258,-0.167238,-0.156791,0.001563,0.002282
0,0.207415,-0.003489,0.322476,0.131333,0.351963,0.115223,0.00362,6.1e-05
0,0.159957,-0.162929,-0.033691,-0.159862,-0.009888,-0.150286,0.002792,0.002844
0,0.127735,-0.009181,-0.020833,0.163846,-0.003029,0.182683,0.002229,0.00016
0,0.139207,-0.058972,0.021172,-0.075372,-0.018568,-0.105756,0.00243,0.001029
0,-0.053089,-0.145883,-0.196883,-0.109802,-0.173442,-0.114221,0.000927,0.002546
0,-0.021504,-0.032181,0.04555,0.098167,0.022784,0.056414,0.000375,0.000562
0,0.074953,-0.082227,0.0781,-0.052302,0.041314,-0.077286,0.001308,0.001435
0,-0.00599,-0.221116,-0.099278,-0.136331,-0.09623,-0.169219,0.000105,0.003859
0,0.029702,-0.198174,0.039052,0.046331,0.034955,0.014607,0.000518,0.003459
0,-0.176857,-0.17845,-0.212789,0.034061,-0.173705,0.067965,0.003087,0.003115
0,0.14286,-0.035036,0.291573,0.146615,0.333847,0.108534,0.002493,0.000611
0,0.046307,-0.150063,-0.068205,-0.090508,-0.093581,-0.123347,0.000808,0.002619
0,-0.142033,-0.125394,-0.168826,0.052414,-0.166631,0.077933,0.002479,0.002189
0,-0.051136,-0.085209,0.10705,0.026157,0.104611,0.016625,0.000892,0.001487
0,-0.048751,-0.135478,-0.02428,-0.057297,-0.050712,-0.082947,0.000851,0.002365
0,-0.016964,0.101721,0.058003,0.253023,0.031443,0.249629,0.000296,0.001775
0,-0.049957,-0.023382,-0.036191,-0.121862,-0.0453,-0.090676,0.000872,0.000408
0,0.042172,0.006784,0.06522,0.020631,0.044932,0.025038,0.000736,0.000118
0,-0.035357,-0.03564,-0.072314,-0.059226,-0.038109,-0.038017,0.000617,0.000622
0,0.087611,0.073109,0.097882,0.13496,0.100363,0.12886,0.001529,0.001276
0,0.012512,0.001491,-0.103982,-0.098093,-0.137688,-0.111427,0.000218,2.6e-05
0,-0.017038,-0.148838,-0.004496,-0.158812,-0.009364,-0.1452,0.000297,0.002598
0,0.134185,0.03831,0.14199,0.20461,0.120821,0.239655,0.002342,0.000669
0,0.038839,-0.016218,-0.086619,-0.077088,-0.110906,-0.101271,0.000678,0.000283
0,-0.089807,-0.113473,-0.148785,-0.115954,-0.194878,-0.134134,0.001567,0.00198
0,0.019023,-0.024399,0.084875,0.113557,0.114755,0.089711,0.000332,0.000426
0,0.153164,-0.092638,0.146906,-0.075016,0.157845,-0.057374,0.002673,0.001617
0,-0.032836,0.042314,-0.187365,0.139062,-0.205003,0.103885,0.000573,0.000739
0,-0.097287,0.123056,-0.05441,0.052226,-0.07772,0.070721,0.001698,0.002148
0,0.047362,-0.026891,0.144702,-0.149316,0.159845,-0.184695,0.000827,0.000469
0,0.093652,0.122373,0.064724,0.148303,0.037051,0.100969,0.001635,0.002136
0,0.141427,-0.05541,0.073604,-0.157559,0.027241,-0.163094,0.002468,0.000967
0,-0.069058,-0.037235,-0.193508,0.02704,-0.149857,0.04129,0.001205,0.00065
0,0.017859,-0.131417,0.110063,-0.100499,0.073318,-0.087588,0.000312,0.002294
0,0.064568,0.048989,0.060691,0.169245,0.04556,0.139433,0.001127,0.000855
0,-0.053637,-0.041746,-0.138866,-0.078494,-0.180092,-0.081591,0.000936,0.000729
0,-0.220813,0.132567,-0.142204,0.202863,-0.130343,0.190573,0.003854,0.002314
0,0.03757,-0.06871,0.274079,-0.221951,0.27101,-0.269817,0.000656,0.001199
0,0.036663,0.125926,0.006055,0.17228,-0.012747,0.127593,0.00064,0.002198
0,0.062491,0.071733,0.022924,-0.073596,0.064038,-0.036399,0.001091,0.001252
0,2.007202,-0.372572,1.96164,-0.472518,1.970009,-0.494369,0.003761,0.001315
0,2.916689,-0.22946,0.901789,0.154308,0.936832,0.142531,0.003819,0.003813
0,2.687949,-0.243741,-0.224962,-0.005349,-0.267684,-0.029404,6e-06,0.003564
0,2.485369,-0.189741,-0.23063,0.058531,-0.19689,0.099647,0.003529,0.003312
0,1.632096,-0.314847,-0.881661,-0.101109,-0.893101,-0.100731,0.002786,0.002323
0,1.236986,-0.072503,-0.382498,0.229284,-0.373448,0.208344,0.001864,0.001265
0,0.990978,-0.285507,-0.228845,-0.204594,-0.2266,-0.215002,0.00166,0.002835
0,0.678365,-0.136539,-0.28841,0.119515,-0.333039,0.142413,0.003796,0.002383
0,0.5016,-0.05494,-0.192117,0.081825,-0.224482,0.105753,0.000937,0.000959
0,0.238197,-0.098276,-0.241646,-0.015148,-0.275372,-0.063276,0.003661,0.001715
0,0.148658,0.014286,-0.072362,0.111766,-0.037159,0.075555,0.002595,0.000249
0,0.083088,0.043814,-0.078664,0.025424,-0.088833,-0.00389,0.00145,0.000765
0,0.104932,-0.111969,0.006826,-0.167628,-0.01703,-0.151582,0.001831,0.001954
0,-0.207887,0.122594,-0.316706,0.247279,-0.345553,0.241365,0.003628,0.00214
0,0.075716,-0.152037,0.253974,-0.298995,0.299096,-0.293807,0.001321,0.002654
0,-0.102679,-0.152799,-0.195053,0.010379,-0.152438,0.055941,0.001792,0.002667
0,-0.086066,-0.011081,0.03982,0.14094,0.085302,0.181608,0.001502,0.000193
0,0.059445,0.125041,0.148031,0.142595,0.194769,0.097937,0.001038,0.002182
0,-0.002633,0.05818,-0.061438,-0.056006,-0.019264,-0.027835,4.6e-05,0.001015
0,-0.20464,0.112894,-0.213226,0.059831,-0.170227,0.012857,0.003572,0.00197
0,-0.183224,0.024662,0.01175,-0.109947,0.028603,-0.072434,0.003198,0.00043
0,-0.124578,0.116282,0.080783,0.118166,0.130666,0.149772,0.002174,0.002029
0,-0.102875,-0.037544,-0.008011,-0.140297,-0.00326,-0.15276,0.001796,0.000655
0,-0.208634,0.098268,-0.130164,0.155693,-0.084947,0.125658,0.003641,0.001715
0,-0.023516,0.002295,0.16988,-0.099398,0.180006,-0.091459,0.00041,4e-05
0,-0.072992,0.119358,-0.02427,0.144406,-0.052618,0.138368,0.001274,0.002083
0,-0.096968,0.048623,-0.043258,-0.04385,-0.092138,-0.03185,0.001692,0.000849
0,-0.280963,-0.038867,-0.178398,-0.064728,-0.153233,-0.099523,0.002914,0.000678
0,-0.197291,-0.002063,0.105711,0.017469,0.120566,0.043035,0.003443,3.6e-05
0,0.05541,0.041582,0.282137,0.060289,0.26509,0.031582,0.000967,0.000726
0,0.01178,0.06423,-0.056286,0.007196,-0.088696,0.022385,0.000206,0.001121
0,-0.03812,0.160542,-0.070759,0.095521,-0.11584,0.053579,0.000665,0.002802
0,-0.077874,-0.089653,-0.037906,-0.221188,-0.070219,-0.25442,0.001359,0.001565
0,-0.086159,-0.083727,0.007025,0.015305,-0.020544,0.023474,0.001504,0.001461
0,-0.087307,-0.005385,-0.029863,0.077298,0.012603,0.040925,0.001524,9.4e-05
0,-0.139875,-0.03232,-0.054283,-0.007613,-0.018022,0.009917,0.002441,0.000564
0,0.007478,-0.136027,0.151794,-0.088408,0.177774,-0.101702,0.000131,0.002374
0,0.086264,-0.081917,0.064663,0.055964,0.100658,0.078759,0.001506,0.00143
0,0.057858,-0.144215,-0.030828,-0.034851,-0.060571,-0.07967,0.00101,0.002517
0,-0.090829,0.020077,-0.167272,0.160928,-0.184339,0.16295,0.001585,0.00035
0,0.099817,-0.017257,0.212519,-0.042813,0.258529,-0.035876,0.001742,0.000301
0,-0.175073,-0.034488,-0.270621,-0.0228,-0.244377,0.015053,0.003056,0.000602
0,0.028112,-0.142607,0.222427,-0.096,0.201328,-0.128461,0.000491,0.002489
0,0.101944,-0.099323,0.088164,0.048075,0.128192,0.045714,0.001779,0.001734
0,0.095159,-0.134604,-0.021036,-0.014389,-0.057484,-0.042488,0.001661,0.002349
0,-0.015383,-0.133753,-0.118372,0.000117,-0.147099,0.014648,0.000268,0.002334
0,0.065935,-0.068079,0.108417,0.087981,0.120583,0.086441,0.001151,0.001188
0,0.178127,-0.211881,0.134175,-0.140122,0.156188,-0.128809,0.003109,0.003698
0,0.081856,-0.149088,-0.114318,0.045174,-0.163816,0.036867,0.001429,0.002602
0,0.062172,-0.112646,-0.023475,0.015377,-0.063985,-0.030009,0.001085,0.001966
0,-0.044697,0.079528,-0.125088,0.196015,-0.100697,0.205915,0.00078,0.001388
0,0.0987,-0.011726,0.122713,-0.101625,0.13377,-0.10145,0.001723,0.000205
0,-0.00062,-0.075879,-0.086585,-0.073213,-0.055574,-0.078328,1.1e-05,0.001324
0,0.079383,0.031018,0.096713,0.107385,0.106917,0.133232,0.001385,0.000541
0,-0.020997,-0.011379,-0.091791,-0.053652,-0.049832,-0.09763,0.000366,0.000199
0,-0.017615,-0.109484,0.015848,-0.114818,0.061622,-0.141793,0.000307,0.001911
0,0.111141,-0.028063,0.157113,0.069649,0.169366,0.094556,0.00194,0.00049
0,0.085131,0.05693,-0.034744,0.097498,-0.052752,0.063825,0.001486,0.000994
0,0.020107,0.11766,-0.072997,0.08365,-0.083921,0.091607,0.000351,0.002054
0,0.160565,0.114009,0.165921,-0.017214,0.158614,-0.041722,0.002802,0.00199
0,0.022577,-0.004355,-0.160264,-0.091207,-0.122184,-0.115225,0.000394,7.6e-05
0,0.114097,0.019974,0.067191,0.027767,0.069724,0.042835,0.001991,0.000349
0,0.001849,0.101787,-0.090271,0.108231,-0.117652,0.091943,3.2e-05,0.001777
0,-0.021794,0.05055,-0.022238,-0.03003,-0.019068,-0.033234,0.00038,0.000882
0,0.074156,0.073946,0.114775,0.021472,0.084498,0.063781,0.001294,0.001291
0,0.030479,-0.055864,-0.061644,-0.107808,-0.01957,-0.149779,0.000532,0.000975
0,-0.069373,0.089028,-0.12235,0.123926,-0.095647,0.133856,0.001211,0.001554
0,-0.191637,-0.091041,-0.124672,-0.182156,-0.121094,-0.19236,0.003345,0.001589
0,-0.050862,-0.089752,0.124684,0.008199,0.144155,-0.005104,0.000888,0.001566
0,0.007201,-0.05409,0.066313,0.017068,0.047711,0.007772,0.000126,0.000944
0,-0.011445,-0.057096,-0.032747,-0.02739,-0.022487,-0.043469,0.0002,0.000997
0,0.056532,0.137141,0.069503,0.17277,0.082208,0.192575,0.000987,0.002394
0,0.071989,0.034388,0.039746,-0.076832,0.035567,-0.071994,0.001256,0.0006
0,-0.157855,-0.052377,-0.218373,-0.082832,-0.231981,-0.09144,0.002755,0.000914
0,-0.046559,-0.003161,0.095665,0.054719,0.049301,0.094851,0.000813,5.5e-05
0,-0.17938,-0.081375,-0.132142,-0.09655,-0.087106,-0.072148,0.003131,0.00142
0,-0.030778,0.04279,0.153073,0.098887,0.152289,0.142432,0.000537,0.000747
0,-0.160761,-0.095706,-0.138993,-0.149976,-0.107438,-0.174218,0.002806,0.00167
0,-0.164803,0.049834,0.025611,0.131119,-0.016998,0.176086,0.002876,0.00087
0,-0.033445,-0.018307,0.127851,-0.094879,0.117678,-0.048056,0.000584,0.00032
0,-0.057797,-0.067074,-0.046226,-0.026024,-0.08933,0.005136,0.001009,0.001171
0,-0.045031,0.123814,-0.010591,0.171192,0.017539,0.133604,0.000786,0.002161
0,-0.122905,-0.090432,-0.089184,-0.217543,-0.097937,-0.175416,0.002145,0.001578
0,-0.039596,-0.139218,0.070689,-0.029001,0.033455,0.010469,0.000691,0.00243
0,-0.052329,0.019359,-0.007177,0.186588,-0.000228,0.155748,0.000913,0.000338
0,-0.117107,-0.13919,-0.046688,-0.137092,-0.069285,-0.164795,0.002044,0.002429
0,-0.166506,0.104257,-0.050427,0.268692,-0.039354,0.311434,0.002906,0.00182
0,-0.124299,-0.125316,0.022681,-0.244135,-0.020801,-0.204698,0.002169,0.002187
0,-0.111401,0.010031,0.010126,0.133488,0.011185,0.104114,0.001944,0.000175
0,0.080538,0.107102,0.188991,0.105357,0.158586,0.137977,0.001406,0.001869
0,0.216237,-0.083799,0.155926,-0.174355,0.174392,-0.139107,0.003774,0.001463
0,0.030103,0.046164,-0.174739,0.144934,-0.125745,0.095671,0.000525,0.000806
0,-0.061162,-0.104841,-0.109037,-0.156111,-0.135785,-0.123844,0.001067,0.00183
0,-0.020652,0.09562,0.011909,0.203689,0.055132,0.173654,0.00036,0.001669
0,-0.024991,-0.090335,-0.032513,-0.194377,-0.070287,-0.166664,0.000436,0.001577
0,-0.001329,-0.064558,0.018865,0.04568,0.000414,0.078824,2.3e-05,0.001127
0,-0.108857,0.161137,-0.082051,0.199968,-0.050376,0.224094,0.0019,0.002812
0,0.000525,0.037044,0.086303,-0.09869,0.054623,-0.070333,9e-06,0.000647
0,-0.11595,0.018706,-0.088381,-0.022149,-0.07781,-0.025407,0.002024,0.000326
0,0.134975,0.073907,0.274532,0.029569,0.305457,0.016142,0.002356,0.00129
0,-0.042805,-0.007037,-0.178691,-0.091191,-0.161686,-0.051516,0.000747,0.000123
0,0.11574,0.016588,0.167735,0.034994,0.157864,0.041816,0.00202,0.00029
0,0.101008,-0.0244,-0.041748,-0.055326,-0.081133,-0.010112,0.001763,0.000426
0,-0.076357,0.171683,-0.185848,0.191549,-0.167711,0.145312,0.001333,0.002996
0,0.067061,0.145253,0.136146,-0.036334,0.162483,-0.043891,0.00117,0.002535
0,-0.103215,0.137964,-0.181338,0.002843,-0.176858,-0.041898,0.001801,0.002408
0,0.090111,0.118749,0.209184,0.001842,0.174554,-0.028217,0.001573,0.002073
0,-0.123935,0.053339,-0.240357,-0.052001,-0.231302,-0.019398,0.002163,0.000931
0,-0.073316,-0.133638,0.038337,-0.21265,0.075871,-0.184986,0.00128,0.002332
0,0.030923,-0.085033,0.076715,0.076965,0.027087,0.051095,0.00054,0.001484
0,0.078897,-0.012483,0.057049,0.052324,0.016642,0.020979,0.001377,0.000218
0,0.048847,-0.008011,-0.025339,-0.02215,-0.05135,0.004491,0.000853,0.00014
0,0.122771,-0.055199,0.068309,-0.073344,0.060356,-0.032923,0.002143,0.000963
0,0.168604,0.035048,0.038648,0.063362,0.046621,0.086828,0.002943,0.000612
0,-0.121186,-0.120918,-0.267366,-0.137995,-0.231625,-0.120947,0.002115,0.00211
0,0.114523,-0.064439,0.247882,0.066261,0.28479,0.061577,0.001999,0.001125
0,0.094552,-0.058598,0.006747,0.030943,0.017934,-0.002869,0.00165,0.001023
0,0.066312,0.059999,-0.038695,0.132688,-0.042313,0.160466,0.001157,0.001047
0,0.111758,-0.004057,0.057501,-0.076865,0.09797,-0.041975,0.001951,7.1e-05
0,0.033107,0.00239,-0.083246,0.029138,-0.05619,0.073856,0.000578,4.2e-05
0,0.063799,0.112475,0.013335,0.080553,0.033764,0.04957,0.001114,0.001963
0,-0.076307,0.049314,-0.117667,-0.051715,-0.117753,-0.068706,0.001332,0.000861
0,-3.90242,2.226688,-3.801328,2.164099,-3.841761,2.124509,0.002251,0.000226
0,-4.144204,2.678683,-0.229427,0.458159,-0.259293,0.507281,0.001969,0.000155
0,-4.066194,2.899743,0.054791,0.248654,0.099463,0.275981,0.000608,0.003703
0,-3.959448,2.904969,0.092669,0.016339,0.084831,0.064872,0.001255,0.003794
0,-3.43962,2.420347,0.527111,-0.487547,0.574299,-0.488807,0.00251,0.003154
0,-3.472522,1.745783,-0.03643,-0.650503,0.011058,-0.610609,0.001936,0.000802
0,-2.509068,1.511702,0.942307,-0.253369,0.96787,-0.262195,0.003116,0.002931
0,-2.221627,0.879674,0.30646,-0.631646,0.324384,-0.615725,0.000315,0.000283
0,-1.298022,0.214275,0.942449,-0.688074,0.907268,-0.717509,0.000799,0.00374
0,-0.531595,0.177392,0.749276,-0.059393,0.734199,-0.071237,0.00146,0.003096
0,-0.060071,-0.063918,0.468996,-0.222321,0.453169,-0.188013,0.001048,0.001116
0,-0.007123,-0.275616,0.032704,-0.240899,-0.002569,-0.284906,0.000124,0.003007
0,0.17825,-0.283875,0.163187,-0.037422,0.130367,-0.005739,0.003111,0.002863
0,0.205378,-0.337202,0.026186,-0.030973,0.041291,0.01159,0.003585,0.001933
0,0.173124,-0.316342,-0.039695,0.030337,-0.040322,0.057124,0.003022,0.002297
0,0.337662,-0.171993,0.156339,0.152499,0.156284,0.112308,0.001925,0.003002
0,0.334576,-0.270152,0.005605,-0.084692,-0.005841,-0.075753,0.001978,0.003103
0,0.387229,0.080614,0.030861,0.37421,0.068682,0.371232,0.001059,0.001407
0,0.219449,0.11613,-0.16724,0.016305,-0.209061,-0.000894,0.00383,0.002027
0,0.191113,-0.003343,-0.018927,-0.104894,0.022749,-0.073765,0.003336,5.8e-05
0,0.005571,0.141245,-0.173189,0.138754,-0.135219,0.141937,9.7e-05,0.002465
0,0.089409,0.096165,0.092146,-0.051255,0.05301,-0.040038,0.00156,0.001678
0,0.081211,0.050708,0.018487,-0.036968,0.036704,-0.017626,0.001417,0.000885
0,-0.014785,-0.137301,-0.121388,-0.183475,-0.127453,-0.150324,0.000258,0.002396
0,0.28743,-0.10637,0.325461,0.032802,0.368301,0.052632,0.002801,0.001857
0,0.074876,-0.115292,-0.196386,0.010064,-0.222877,0.017332,0.001307,0.002012
0,0.207169,0.116312,0.148716,0.222165,0.120246,0.199666,0.003616,0.00203
0,0.253279,-0.086504,0.025421,-0.199515,0.068129,-0.178786,0.003397,0.00151
0,0.263755,-0.104268,-0.000974,-0.04429,0.010727,-0.082372,0.003214,0.00182
0,0.175546,-0.102142,-0.071864,0.012198,-0.022649,0.039658,0.003064,0.001783
0,2.105467,0.888537,1.935792,0.989742,1.907197,0.997923,0.002342,0.000128
0,3.850847,1.545464,1.748258,0.634524,1.742139,0.641234,0.003151,0.00352
0,4.943338,1.809405,1.116287,0.263733,1.110073,0.299566,0.000281,0.000309
0,4.190533,1.873293,-0.77723,0.089195,-0.775998,0.042951,0.002778,0.001424
0,3.695674,1.452321,-0.46692,-0.439213,-0.467123,-0.438958,0.001959,0.001894
0,3.264096,1.004267,-0.432019,-0.453729,-0.430013,-0.486928,0.002244,0.001892
0,2.621785,0.603414,-0.662823,-0.42475,-0.6449,-0.442357,0.001148,0.002714
0,1.586943,0.675596,-1.011205,0.071581,-0.969073,0.024589,0.003574,0.003844
0,1.002143,0.479981,-0.575965,-0.202945,-0.612059,-0.164196,0.001855,0.000559
0,0.389495,0.183365,-0.613171,-0.295488,-0.576292,-0.297885,0.00102,0.0032
0,0.135538,0.151511,-0.240619,-0.057638,-0.235057,-0.045715,0.002366,0.002644
0,-0.02525,-0.199491,-0.179346,-0.376916,-0.204071,-0.340336,0.000441,0.003482
0,-0.259616,0.003099,-0.212785,0.216641,-0.202476,0.249666,0.003287,5.4e-05
0,-0.300704,-0.195753,-0.026207,-0.200458,-0.026665,-0.170732,0.00257,0.003417
0,-0.158992,-0.199883,0.144391,0.005884,0.115065,-0.008435,0.002775,0.003489
0,-0.143579,-0.162008,0.007031,0.065324,-0.001388,0.090491,0.002506,0.002828
0,-0.225231,-0.307277,-0.059283,-0.164348,-0.082659,-0.130142,0.003887,0.002455
0,-0.203985,-0.276691,-0.005117,0.029153,-0.029652,0.04044,0.00356,0.002989
0,-0.069868,-0.278888,0.119714,0.002141,0.101335,-0.028347,0.001219,0.00295
0,0.067829,-0.150311,0.121391,0.103439,0.091728,0.089612,0.001184,0.002623
0,0.112018,0.082542,0.023171,0.259333,-0.018566,0.230474,0.001955,0.001441
0,-0.057635,-0.03738,-0.184561,-0.144349,-0.199132,-0.15773,0.001006,0.000652
0,0.166946,-0.021301,0.217427,0.026665,0.257963,0.05972,0.002914,0.000372
0,0.019761,-0.004504,-0.173121,-0.011178,-0.19172,0.036623,0.000345,7.9e-05
0,-0.057914,0.013044,-0.052391,-0.008683,-0.066383,-0.014203,0.001011,0.000228
0,0.078439,0.027594,0.114887,0.006396,0.109149,-0.032695,0.001369,0.000482
0,-0.00149,0.144677,-0.05879,0.093862,-0.065953,0.115362,2.6e-05,0.002525
0,-0.045244,0.033244,-0.060562,-0.13526,-0.100795,-0.164571,0.00079,0.00058
0,-0.108064,0.093957,-0.086751,0.039059,-0.065622,0.061979,0.001886,0.00164
0,-0.123684,0.033622,-0.044302,-0.072249,-0.059664,-0.053557,0.002159,0.000587
0,-0.144923,0.207957,-0.01065,0.20208,-0.054636,0.196294,0.002529,0.00363
0,0.002298,0.159115,0.14009,-0.064716,0.178066,-0.022272,4e-05,0.002777
0,-0.122257,0.160788,-0.140024,-0.002571,-0.182018,-0.004548,0.002134,0.002806
0,-0.068548,-0.021402,0.073111,-0.163581,0.079311,-0.120742,0.001196,0.000374
0,0.353763,0.2024,0.401447,0.244777,0.383331,0.259029,0.001644,0.003533
0,0.779997,0.207622,0.453002,0.022699,0.414869,0.006222,0.002022,0.003624
0,0.953165,0.385202,0.146191,0.173794,0.142535,0.156544,0.001,0.001095
0,1.271732,0.090378,0.308256,-0.270261,0.270715,-0.243837,0.001258,0.001577
0,0.857452,0.274131,-0.405565,0.176288,-0.360471,0.191579,0.00067,0.003033
0,0.770045,0.303833,-0.090156,0.028161,-0.0959,0.024496,0.002196,0.002515
0,0.856563,0.213658,0.097248,-0.067623,0.095037,-0.043987,0.000686,0.003729
0,0.519673,-0.046836,-0.312464,-0.288981,-0.284571,-0.306037,0.001252,0.000817
0,0.35754,0.094003,-0.181468,0.119415,-0.183317,0.121607,0.001578,0.001641
0,0.230844,0.100075,-0.10101,0.02399,-0.078874,0.010043,0.003789,0.001747
0,-0.013276,0.102728,-0.249171,0.010993,-0.238241,-0.013751,0.000232,0.001793
0,-0.010021,-0.099787,-0.019258,-0.211835,-0.060415,-0.219885,0.000175,0.001742
0,-0.264135,-0.118738,-0.25414,-0.043203,-0.251994,-0.021006,0.003208,0.002072
0,-0.220118,0.091133,0.055323,0.197698,0.055013,0.205475,0.003842,0.001591
0,-0.215947,0.115487,-0.023221,0.041837,-0.069948,0.080208,0.003769,0.002016
0,-0.181323,-0.043737,0.014539,-0.161448,0.018404,-0.193127,0.003165,0.000763
0,-0.188,-0.144077,-0.01124,-0.073341,-0.006101,-0.042859,0.003281,0.002515
0,-0.02511,0.056336,0.149058,0.212539,0.117197,0.231476,0.000438,0.000983
0,0.031209,0.065767,0.080359,0.024927,0.038583,0.038848,0.000545,0.001148
0,-0.113615,0.139434,-0.122236,0.076339,-0.116514,0.120092,0.001983,0.002434
0,0.061061,-0.028842,0.158678,-0.158705,0.176071,-0.137357,0.001066,0.000503
0,-0.053396,0.139913,-0.099701,0.171052,-0.051975,0.220239,0.000932,0.002442
0,0.083232,-0.072575,0.151274,-0.211849,0.116867,-0.183917,0.001453,0.001267
0,-0.029343,-0.066477,-0.112121,0.000198,-0.109752,-0.040392,0.000512,0.00116
0,0.120743,0.056552,0.155664,0.145493,0.181213,0.191208,0.002107,0.000987
0,-0.25881,0.167141,-0.397836,0.134306,-0.428211,0.132168,0.003301,0.002917
0,-1.285734,0.235954,-1.012389,0.068935,-1.043602,0.110109,0.001013,0.0037
0,-1.530329,0.116511,-0.244243,-0.127579,-0.25726,-0.111133,0.003256,0.002034
0,-1.304352,0.203585,0.243823,0.109868,0.287096,0.091442,0.000688,0.003553
0,-1.088014,0.269355,0.233919,0.079391,0.223736,0.07962,0.003354,0.003117
0,-0.890357,-0.011194,0.183279,-0.306652,0.167939,-0.290837,9.6e-05,0.000195
0,-0.480044,0.194622,0.430061,0.228972,0.456847,0.263855,0.00056,0.003397
0,-0.558932,0.096261,-0.061544,-0.102276,-0.01681,-0.1078,0.001937,0.00168
0,-0.347002,0.040529,0.223165,-0.065321,0.192195,-0.025589,0.001762,0.000707
0,-0.14004,0.062182,0.233036,0.036133,0.214598,-0.009025,0.002444,0.001085
0,0.065094,-0.014649,0.213337,-0.069519,0.212509,-0.059084,0.001136,0.000256
0,0.149771,0.182504,0.061758,0.199813,0.083847,0.240775,0.002614,0.003185
0,0.01414,-0.087051,-0.139743,-0.281888,-0.169333,-0.257476,0.000247,0.001519
0,0.19403,0.14864,0.158734,0.229074,0.150422,0.211757,0.003386,0.002594
0,0.190274,0.049532,0.017607,-0.078353,0.009697,-0.092048,0.003321,0.000864
0,0.192598,0.094089,0.013159,0.062527,-0.011622,0.026523,0.003361,0.001642
0,0.097493,-0.056117,-0.077486,-0.125263,-0.098271,-0.131893,0.001702,0.000979
0,0.05256,0.019213,-0.039322,0.063542,-0.08421,0.023535,0.000917,0.000335
0,2.091339,0.464725,2.027615,0.416891,1.998168,0.41895,0.002589,0.000293
0,2.654487,0.257838,0.568042,-0.21941,0.60502,-0.198466,0.000578,0.003318
0,2.665413,0.150553,0.001803,-0.078932,-0.001487,-0.117802,0.000387,0.002628
0,2.352793,0.328245,-0.314659,0.161644,-0.305865,0.158639,0.001975,0.002089
0,2.072976,0.085187,-0.305325,-0.220646,-0.275817,-0.251314,0.002909,0.001487
0,1.694344,0.071359,-0.375104,2.6e-05,-0.372223,-0.006262,0.0017,0.001245
0,1.489906,0.22523,-0.190387,0.148861,-0.203773,0.178243,0.00255,0.003887
0,1.207137,-0.007806,-0.295207,-0.249849,-0.341448,-0.202137,0.002385,0.000136
0,1.103754,0.144554,-0.124059,0.145617,-0.099596,0.132393,0.003628,0.002523
0,0.729662,0.111287,-0.379506,-0.029586,-0.347248,-0.021389,0.002901,0.001942
0,0.608386,0.003584,-0.122395,-0.106502,-0.120714,-0.064736,0.0028,6.3e-05
0,0.321705,-0.021968,-0.275192,-0.05017,-0.314237,-0.021483,0.002203,0.000383
0,0.097921,-0.023687,-0.253664,-0.010046,-0.233295,-0.034636,0.001709,0.000413
0,0.10906,-0.076172,0.023928,-0.02773,0.054063,0.011483,0.001903,0.001329
0,-0.200181,-0.040577,-0.297969,0.010231,-0.328251,-0.004871,0.003494,0.000708
0,-0.148791,-0.018607,0.027736,0.046618,-0.007611,0.038911,0.002597,0.000325
0,-0.051865,-0.029716,0.093603,-0.003629,0.081626,-0.035699,0.000905,0.000519
0,-0.096531,0.039514,-0.021312,0.094973,0.026174,0.110211,0.001685,0.00069
0,-0.143192,-0.111111,-0.026989,-0.141648,-0.018146,-0.183509,0.002499,0.001939
0,-0.068616,-0.078395,0.071711,0.051462,0.10027,0.009294,0.001198,0.001368
0,-0.131131,-0.088611,-0.047987,0.016241,-0.063339,-0.02835,0.002289,0.001547
0,-0.224341,-0.061426,-0.080557,0.03413,-0.085678,0.079124,0.003902,0.001072
0,-0.187014,0.115241,0.014835,0.1869,0.061659,0.196124,0.003264,0.002011
0,-0.094383,0.087256,0.07539,-0.01827,0.077244,0.015082,0.001647,0.001523
0,-0.140388,0.015907,-0.057172,-0.042377,-0.068798,-0.077589,0.00245,0.000278
0,-0.009201,-0.067297,0.155776,-0.108632,0.130062,-0.071679,0.000161,0.001175
0,-0.114875,-0.142843,-0.122843,-0.082012,-0.104426,-0.058178,0.002005,0.002493
0,-0.22298,0.148381,-0.107128,0.286461,-0.139838,0.332405,0.003892,0.00259
0,-0.101933,0.085683,0.102882,-0.054314,0.063612,-0.075761,0.001779,0.001495
0,-0.247245,0.092951,-0.141343,0.03501,-0.128442,0.065078,0.003503,0.001622
0,-0.001265,-0.041977,0.275869,-0.12932,0.269647,-0.119189,2.2e-05,0.000733
0,-0.007047,0.027901,-0.025068,0.051808,-0.004331,0.048087,0.000123,0.000487
0,-0.034206,-0.139772,-0.014188,-0.184947,0.011895,-0.176157,0.000597,0.002439
0,0.13419,0.115201,0.179173,0.25118,0.211245,0.216661,0.002342,0.002011
0,-0.02714,0.137976,-0.140902,-0.004324,-0.107337,-0.003239,0.000474,0.002408
0,0.143661,0.036409,0.150073,-0.117914,0.122565,-0.158478,0.002507,0.000635
0,-0.032312,-0.015037,-0.197733,-0.07583,-0.20235,-0.095995,0.000564,0.000262
0,0.058332,-0.04875,0.065049,-0.050973,0.057713,-0.026151,0.001018,0.000851
0,0.168787,-0.065042,0.127383,-0.019682,0.141976,0.020359,0.002946,0.001135
0,0.129113,0.055452,-0.015481,0.149018,0.011039,0.132738,0.002253,0.000968
0,0.018208,-0.058241,-0.092017,-0.100507,-0.114169,-0.094431,0.000318,0.001016
0,-0.072332,0.064359,-0.09027,0.10779,-0.10459,0.1218,0.001262,0.001123
0,0.122979,-0.004845,0.198873,-0.047389,0.233382,-0.00732,0.002146,8.5e-05
0,-0.004867,0.067155,-0.111744,0.078799,-0.14826,0.073603,8.5e-05,0.001172
0,0.096992,-0.072175,0.124201,-0.114992,0.093654,-0.116913,0.001693,0.00126
0,0.117737,-0.087786,0.024937,-0.029881,0.019424,0.001549,0.002055,0.001532
0,-0.076142,-0.057905,-0.207132,0.055978,-0.160446,0.059438,0.001329,0.001011
0,-0.104558,-0.140255,-0.048534,-0.057043,-0.050828,-0.02473,0.001825,0.002448
0,-0.183852,-0.152626,-0.067673,-0.021365,-0.029437,-0.036326,0.003209,0.002664
0,-0.065656,0.085789,0.129951,0.225041,0.140552,0.24294,0.001146,0.001497
0,-0.153869,-0.027283,-0.083192,-0.088843,-0.121903,-0.07764,0.002686,0.000476
0,-0.039702,-0.097919,0.099938,-0.079194,0.072755,-0.063146,0.000693,0.001709
0,-0.192677,0.07578,-0.143039,0.179368,-0.190196,0.22152,0.003363,0.001323
0,-0.039854,-0.074119,0.129688,-0.157531,0.106624,-0.111857,0.000696,0.001294
0,-0.178538,-0.077887,-0.152159,-0.025517,-0.110218,-0.066912,0.003116,0.001359
0,0.008361,-0.057624,0.186935,0.028327,0.208376,-0.012783,0.000146,0.001006
0,-0.119909,-0.037881,-0.125402,-0.005063,-0.104465,0.037894,0.002093,0.000661
0,-0.259928,-0.18242,-0.119351,-0.158517,-0.105725,-0.194998,0.003281,0.003184
0,0.01398,-0.028347,0.280806,0.129775,0.25158,0.151655,0.000244,0.000495
0,-0.034747,-0.162714,-0.063808,-0.140502,-0.027504,-0.180401,0.000606,0.00284
0,-0.094826,-0.13361,-0.074517,0.020667,-0.08327,0.016975,0.001655,0.002332
0,-0.07727,0.027109,0.018392,0.143726,0.053186,0.119946,0.001349,0.000473
0,-0.22412,0.055865,-0.165961,0.051608,-0.163861,0.071763,0.003906,0.000975
0,0.004012,0.143817,0.219937,0.109107,0.196308,0.09252,7e-05,0.00251
0,-0.294036,0.174603,-0.288304,0.053519,-0.254712,0.031485,0.002686,0.003047
0,-0.270157,0.094365,0.050468,-0.105553,0.020787,-0.143941,0.003103,0.001647
0,-0.026954,0.05889,0.246285,-0.007618,0.22189,-0.037549,0.00047,0.001028
0,-0.078825,0.087851,-0.041119,0.053212,-0.05932,0.004262,0.001376,0.001533
0,-0.110776,0.136926,-0.02791,0.048934,-0.022525,0.044892,0.001933,0.00239
0,-0.029951,0.002105,0.104733,-0.13123,0.128281,-0.137489,0.000523,3.7e-05
0,-0.209024,0.022467,-0.171265,0.050217,-0.130145,0.055812,0.003648,0.000392
0,-0.238459,0.248482,-0.023561,0.204418,-0.020553,0.209281,0.003656,0.003481
0,0.000186,0.161304,0.224563,-0.094817,0.264106,-0.117905,3e-06,0.002815
0,0.005646,0.005074,0.016554,-0.126288,0.03292,-0.118566,9.9e-05,8.9e-05
0,-0.003824,0.090576,0.016466,0.085456,0.016278,0.086973,6.7e-05,0.001581
0,0.087619,-0.025925,0.087581,-0.115415,0.129936,-0.096887,0.001529,0.000452
0,0.03992,0.072283,-0.038463,0.093437,-0.015989,0.124529,0.000697,0.001262
0,-0.107425,0.196379,-0.140617,0.142492,-0.143969,0.184669,0.001875,0.003427
0,0.004825,-0.111037,0.088685,-0.294957,0.065808,-0.286778,8.4e-05,0.001938
0,-0.042426,0.094514,-0.040237,0.20683,-0.021349,0.163506,0.00074,0.00165
0,-0.022403,0.066495,-0.004569,-0.04259,-0.004277,-0.017274,0.000391,0.001161
0,0.07054,0.105302,0.09019,0.029498,0.092952,0.017091,0.001231,0.001838
0,-0.059289,0.040861,-0.145157,-0.063762,-0.173767,-0.105603,0.001035,0.000713
0,-0.197254,0.130641,-0.14849,0.075617,-0.17853,0.079858,0.003443,0.00228
0,0.0008,0.10496,0.209776,-0.034113,0.225682,-0.066009,1.4e-05,0.001832
0,1.063015,0.276447,1.06995,0.160161,1.042968,0.145622,0.002917,0.002993
0,1.439288,0.446508,0.370014,0.149095,0.327486,0.175627,0.001667,2.5e-05
0,1.763238,0.659104,0.299328,0.193599,0.26164,0.237032,0.000497,0.003686
0,1.900489,0.536949,0.132681,-0.152022,0.179418,-0.182746,0.001898,0.001554
0,1.48281,0.80685,-0.420022,0.294444,-0.449821,0.272655,0.002426,0.001554
0,0.949786,0.711192,-0.52327,-0.071387,-0.511028,-0.110115,0.000941,0.003223
0,0.130192,0.947231,-0.822342,0.216246,-0.828237,0.248696,0.002272,0.000897
0,0.028843,0.854619,-0.099944,-0.087133,-0.110824,-0.053667,0.000503,0.00072
0,-0.189054,0.525153,-0.206929,-0.305945,-0.230747,-0.321991,0.0033,0.001348
0,-0.287207,0.186591,-0.088374,-0.36847,-0.136724,-0.404892,0.002805,0.003257
0,-0.256887,0.101707,0.011572,-0.086197,0.014937,-0.047397,0.003334,0.001775
0,-0.164689,0.183968,0.097335,0.096591,0.126533,0.072356,0.002874,0.003211
0,-0.25919,0.065099,-0.098416,-0.097998,-0.052788,-0.095217,0.003294,0.001136
0,-0.326076,0.197133,-0.049104,0.123636,-0.001312,0.097198,0.002127,0.003441
0,-0.159401,0.093455,0.166641,-0.111398,0.207657,-0.072171,0.002782,0.001631
0,-0.255207,0.170276,-0.106485,0.08138,-0.057346,0.107611,0.003364,0.002972
0,-0.060092,0.033876,0.223216,-0.115495,0.199727,-0.069013,0.001049,0.000591
0,-0.101883,0.151076,-0.058044,0.133841,-0.055892,0.147109,0.001778,0.002637
0,0.012038,0.094246,0.127688,-0.064703,0.105711,-0.070397,0.00021,0.001645
0,-0.066525,-0.043162,-0.091381,-0.166278,-0.074373,-0.118631,0.001161,0.000753
0,-0.808717,1.318615,-0.751442,1.381606,-0.755551,1.416397,0.001521,0.000439
0,-1.845497,1.515221,-1.032611,0.21716,-1.058924,0.193907,0.000938,0.002992
0,-2.104253,1.418187,-0.275026,-0.113343,-0.283054,-0.090583,0.002363,0.001298
0,-2.598634,1.374393,-0.516045,-0.021409,-0.550634,-0.051884,0.001553,0.000534
0,-2.243349,1.315661,0.37113,-0.035789,0.403206,-0.003875,6.4e-05,0.000491
0,-1.64402,1.289422,0.622916,-0.046163,0.644877,-0.071158,0.002578,0.000949
0,-1.292191,0.807141,0.33759,-0.467765,0.362968,-0.432027,0.000901,0.001548
0,-0.813892,0.241805,0.498222,-0.571135,0.536893,-0.590923,0.001431,0.003598
0,-0.510947,0.06802,0.325918,-0.193881,0.365768,-0.236591,0.0011,0.001187
0,-0.333057,-0.129162,0.188263,-0.177728,0.23612,-0.168967,0.002005,0.002254
0,-0.190944,-0.095774,0.146779,0.016882,0.185684,0.048029,0.003333,0.001672
0,-0.153259,-0.311901,0.059193,-0.188914,0.089983,-0.166849,0.002675,0.002374
0,0.091018,-0.091373,0.218923,0.226639,0.24649,0.237381,0.001589,0.001595
0,0.209086,-0.081544,0.138176,-0.003368,0.118841,-0.011769,0.003649,0.001423
0,0.366045,-0.039561,0.169901,0.019407,0.211433,0.000124,0.001429,0.00069
0,0.201624,-0.104481,-0.135905,-0.077731,-0.111143,-0.067167,0.003519,0.001824
0,0.139342,-0.293252,-0.033276,-0.160621,-0.000559,-0.15275,0.002432,0.0027
0,0.055717,-0.168966,-0.066387,0.139278,-0.10434,0.132628,0.000972,0.002949
0,0.126855,-0.090639,0.076042,0.070305,0.08429,0.045012,0.002214,0.001582
0,0.068076,0.002227,-0.039867,0.107651,-0.046511,0.122118,0.001188,3.9e-05
0,0.27627,0.004074,0.187198,-0.026441,0.187678,-0.012661,0.002996,7.1e-05
0,0.058347,-0.098168,-0.245434,-0.128657,-0.223644,-0.131514,0.001018,0.001713
0,0.237256,0.072764,0.191976,0.169947,0.151573,0.141595,0.003677,0.00127
0,-0.069105,-0.024036,-0.320323,-0.080277,-0.358886,-0.092872,0.001206,0.00042
0,0.073078,-0.124041,0.113276,-0.102878,0.157016,-0.104336,0.001275,0.002165
0,0.108771,-0.035921,0.041487,0.110077,0.070586,0.102174,0.001898,0.000627
0,-0.030315,0.023712,-0.129396,0.08351,-0.091561,0.065099,0.000529,0.000414
0,-0.215803,0.099225,-0.196214,0.067889,-0.150463,0.117829,0.003766,0.001732
0,-0.179273,0.015768,0.03784,-0.078276,0.073394,-0.098114,0.003129,0.000275
0,-0.03554,0.053166,0.158508,0.046496,0.136012,0.008873,0.00062,0.000928
0,-0.057138,-0.13728,-0.031664,-0.172835,-0.001097,-0.199086,0.000997,0.002396
0,-0.112006,-0.034456,-0.071442,0.121063,-0.065356,0.14003,0.001955,0.000601
0,-0.062106,-0.015733,0.06808,0.006119,0.024135,0.037321,0.001084,0.000275
0,-0.157208,-0.103088,-0.073397,-0.090074,-0.115435,-0.093975,0.002744,0.001799
0,-0.001658,-0.020944,0.177155,0.054979,0.20978,0.031786,2.9e-05,0.000366
0,-0.146839,0.111026,-0.166252,0.161905,-0.197364,0.200039,0.002563,0.001938
0,-0.164346,0.014173,-0.034275,-0.117988,-0.040339,-0.097085,0.002868,0.000247
0,-0.209244,-0.008435,-0.069762,-0.015311,-0.089046,-0.031318,0.003652,0.000147
0,-0.109013,0.061071,0.104076,0.075804,0.077683,0.076464,0.001903,0.001066
0,-0.183169,-0.017838,-0.047207,-0.094121,-0.005144,-0.085624,0.003197,0.000311
0,-0.119039,-0.026645,0.035377,-0.009466,0.069358,-0.014123,0.002078,0.000465
0,-0.267449,-0.021549,-0.139151,0.018365,-0.186596,0.031341,0.00315,0.000376
0,-0.121919,-0.167618,0.127846,-0.124242,0.104862,-0.138541,0.002128,0.002925
0,-0.031743,-0.095892,0.063343,0.058442,0.08584,0.013316,0.000554,0.001674
0,-0.075778,0.07879,-0.029463,0.195151,0.017427,0.207737,0.001323,0.001375
0,-0.113979,-0.075221,-0.041941,-0.18136,-0.060814,-0.14872,0.001989,0.001313
0,0.012026,-0.172906,0.097771,-0.0714,0.099917,-0.116186,0.00021,0.003018
0,0.130607,-0.069687,0.141091,0.07372,0.167385,0.049531,0.00228,0.001216
0,0.141738,-0.19483,0.039608,-0.135678,0.05055,-0.176838,0.002474,0.0034
0,-0.06148,0.035727,-0.179934,0.250057,-0.226185,0.299773,0.001073,0.000624
0,-0.159717,0.030098,-0.123704,0.020764,-0.106488,0.023342,0.002788,0.000525
0,0.114267,-0.184395,0.271305,-0.213944,0.312878,-0.25466,0.001994,0.003218
0,-0.06762,0.008804,-0.156405,0.170705,-0.171097,0.140636,0.00118,0.000154
0,-0.019697,-0.117072,0.034421,-0.133147,-0.01494,-0.092309,0.000344,0.002043
0,0.001795,0.037439,0.016131,0.126998,-0.009886,0.137746,3.1e-05,0.000653
0,0.084107,0.111096,0.092462,0.077117,0.083778,0.034583,0.001468,0.001939
0,0.024606,-0.092536,-0.03737,-0.201448,-0.058262,-0.171608,0.000429,0.001615
0,-0.162667,0.072083,-0.159083,0.15468,-0.183121,0.199511,0.002839,0.001258
0,-0.114107,-0.043305,0.056972,-0.106942,0.0872,-0.066599,0.001992,0.000756
0,0.08776,0.147721,0.197618,0.215825,0.218538,0.190303,0.001532,0.002578
0,-0.099249,-0.142664,-0.174498,-0.268763,-0.188295,-0.248822,0.001732,0.00249
0,0.048739,0.063451,0.154072,0.228568,0.182004,0.258614,0.000851,0.001107
0,0.040454,-0.120963,-0.010934,-0.170236,0.01449,-0.20153,0.000706,0.002111
0,-0.035743,-0.013324,-0.059007,0.111321,-0.077241,0.088499,0.000624,0.000233
0,-0.036366,-0.116431,-0.000208,-0.115542,0.045512,-0.071539,0.000635,0.002032
0,-0.038525,0.077947,-0.003256,0.165656,0.010681,0.196958,0.000672,0.00136
0,0.07537,-0.055913,0.136159,-0.123885,0.185352,-0.147726,0.001315,0.000976
0,0.132732,-0.08779,0.051109,-0.035346,0.034905,-0.051759,0.002317,0.001532
0,0.088226,-0.066662,-0.038718,0.031259,-0.020441,0.050457,0.00154,0.001163
0,0.1983,0.074078,0.137939,0.152549,0.09189,0.178534,0.003461,0.001293
0,0.027972,0.003288,-0.147684,-0.074029,-0.192711,-0.099574,0.000488,5.7e-05
0,0.185024,-0.15867,0.135312,-0.160014,0.111276,-0.17747,0.003229,0.002769
0,-0.025259,-0.049561,-0.200897,0.096918,-0.205352,0.12125,0.000441,0.000865
0,0.112208,0.023217,0.152737,0.077448,0.160185,0.069364,0.001958,0.000405
0,0.122466,0.093141,-0.008942,0.049203,0.023002,0.032889,0.002137,0.001626
0,0.128698,0.106886,0.033651,-0.000266,0.048439,-0.00983,0.002246,0.001866
0,-0.003414,0.060474,-0.123482,-0.041597,-0.080875,-0.070572,6e-05,0.001055
0,0.127462,0.032785,0.145617,-0.04422,0.189976,-0.076094,0.002225,0.000572
0,0.088555,-0.105375,-0.017591,-0.146381,-0.005632,-0.180904,0.001546,0.001839
0,-0.016343,0.121809,-0.081018,0.217199,-0.116881,0.224611,0.000285,0.002126
0,0.155438,-0.047943,0.18832,-0.161735,0.207128,-0.112739,0.002713,0.000837
0,0.078541,-0.075397,-0.065297,-0.055311,-0.106196,-0.058929,0.001371,0.001316
0,0.152585,0.003868,0.089201,0.105169,0.080315,0.13839,0.002663,6.8e-05
0,0.042465,-0.035645,-0.10744,-0.054382,-0.15607,-0.070096,0.000741,0.000622
0,0.114977,-0.118718,0.051893,-0.101238,0.070731,-0.056354,0.002007,0.002072
0,0.067274,0.069068,-0.052113,0.181467,-0.004072,0.164892,0.001174,0.001205
0,0.175022,-0.047215,0.110839,-0.141399,0.155331,-0.129725,0.003055,0.000824
0,0.091334,0.098603,-0.084626,0.154898,-0.042302,0.129271,0.001594,0.001721
0,0.091559,0.106526,0.020007,0.01723,0.067675,0.046373,0.001598,0.001859
0,0.035802,0.035157,-0.076352,-0.099938,-0.081717,-0.079739,0.000625,0.000614
0,0.194932,-0.039504,0.138842,-0.08066,0.117467,-0.037029,0.003402,0.000689
0,0.219725,-0.098245,0.040133,-0.065409,-0.005571,-0.072509,0.003835,0.001715
0,0.021204,-0.128368,-0.193109,-0.024366,-0.225984,0.009483,0.00037,0.00224
0,0.176656,0.086581,0.166241,0.214705,0.148973,0.237539,0.003083,0.001511
0,-0.037013,0.015211,-0.193015,-0.049491,-0.204592,-0.030007,0.000646,0.000265
0,0.129644,-0.109587,0.177736,-0.152318,0.16129,-0.110203,0.002263,0.001913
0,-0.025785,-0.06123,-0.133484,0.068968,-0.165526,0.07226,0.00045,0.001069
0,-0.007776,-0.057155,0.024693,0.022258,0.017187,-0.025505,0.000136,0.000998
0,-0.072101,-0.104077,-0.092916,-0.072381,-0.135439,-0.077609,0.001258,0.001816
0,-0.032102,-0.019265,0.038527,0.084126,0.05031,0.051654,0.00056,0.000336
0,-0.055675,0.005148,-0.008493,-0.005238,0.020398,0.008392,0.000972,9e-05
0,-0.053869,-0.107185,9.4e-05,-0.128961,-0.01916,-0.163843,0.00094,0.001871
0,-0.065351,0.037638,-0.019502,0.163585,-0.045616,0.158528,0.001141,0.000657
0,0.127345,-0.082114,0.186065,-0.101203,0.223803,-0.063604,0.002223,0.001433
0,0.150022,-0.007642,-0.003522,0.085049,-0.040359,0.067475,0.002618,0.000133
0,-0.081817,0.027879,-0.249567,0.021525,-0.221934,0.06664,0.001428,0.000487
0,0.115409,-0.083172,0.193745,-0.120273,0.146611,-0.117059,0.002014,0.001452
0,-0.020618,-0.12924,-0.110598,-0.059612,-0.153987,-0.084548,0.00036,0.002256
0,-0.063352,0.096666,-0.031254,0.228386,-0.020341,0.247737,0.001106,0.001687
0,0.147014,0.131049,0.224915,0.040939,0.234111,0.02822,0.002566,0.002287
0,0.105878,-0.088971,-0.065042,-0.215837,-0.1143,-0.25656,0.001848,0.001553
0,-0.060363,-0.011873,-0.173289,0.097111,-0.150265,0.081851,0.001054,0.000207
0,0.07228,-0.193723,0.114128,-0.209802,0.158965,-0.212925,0.001262,0.003381
0,0.168732,-0.077362,0.099248,0.111637,0.110472,0.146606,0.002945,0.00135
0,1.346021,0.445552,1.160069,0.516515,1.192826,0.534925,3.9e-05,4.2e-05
0,2.041934,0.853569,0.698606,0.398067,0.745625,0.435474,0.003451,0.000738
0,3.385237,0.827867,1.338374,-0.006747,1.353291,0.025822,0.003459,0.001187
0,3.815828,0.80097,0.409582,-0.012638,0.443119,0.001978,0.003762,0.001656
0,3.864034,0.767796,0.060945,-0.009946,0.030715,0.007383,0.002921,0.002235
0,2.652708,0.677883,-1.239599,-0.087179,-1.232474,-0.124824,0.000609,0.003804
0,2.268454,0.274042,-0.364826,-0.417752,-0.389706,-0.374503,0.000503,0.003035
0,1.775031,0.0953,-0.48682,-0.184,-0.524922,-0.1995,0.000291,0.001663
0,1.368249,0.181777,-0.379928,0.064938,-0.403007,0.071751,0.000427,0.003173
0,0.835163,0.11767,-0.550245,-0.059631,-0.583492,-0.045964,0.001059,0.002054
0,0.243014,-0.113565,-0.581998,-0.240514,-0.631859,-0.242881,0.003576,0.001982
0,-0.170504,0.054901,-0.42946,0.163786,-0.462838,0.172752,0.002976,0.000958
0,-0.343926,0.096925,-0.154705,0.014759,-0.173676,0.045353,0.001815,0.001692
0,-0.256986,-0.080042,0.070219,-0.161743,0.112808,-0.162263,0.003333,0.001397
0,-0.344581,0.067357,-0.078501,0.158634,-0.121745,0.149041,0.001804,0.001176
0,-0.480089,-0.147452,-0.138133,-0.197162,-0.088535,-0.187998,0.000561,0.002574
0,-0.298185,-0.156722,0.18169,-0.030395,0.219388,-0.075255,0.002614,0.002735
0,-0.116236,0.014808,0.183674,0.18132,0.232432,0.202661,0.002029,0.000258
0,-0.319458,-0.067474,-0.203804,-0.081238,-0.153832,-0.115169,0.002242,0.001178
0,-0.158212,0.016172,0.186879,0.105798,0.14392,0.129172,0.002761,0.000282
0,-0.107245,-0.100149,0.025201,-0.115188,0.047056,-0.128136,0.001872,0.001748
0,-0.140723,-0.07182,-0.009635,0.004965,-0.044618,0.048281,0.002456,0.001253
0,0.103364,0.053746,0.239344,0.115996,0.219303,0.107455,0.001804,0.000938
0,0.111179,0.010763,-0.015869,-0.056434,0.01391,-0.051147,0.00194,0.000188
0,-0.0834,-0.09416,-0.208003,-0.083437,-0.190465,-0.066474,0.001456,0.001643
0,-0.066554,0.000438,0.020984,0.117112,0.026715,0.104935,0.001162,8e-06
0,0.14794,-0.039807,0.20587,-0.018472,0.238954,0.009819,0.002582,0.000695
0,0.152861,0.080294,-0.018692,0.097302,-0.060233,0.096806,0.002668,0.001401
0,0.074391,-0.008943,-0.061242,-0.091873,-0.09795,-0.12746,0.001298,0.000156
0,0.084657,0.065351,0.035558,0.075016,0.018578,0.098474,0.001478,0.001141
0,0.08903,-0.044594,-0.006499,-0.081255,0.0277,-0.058557,0.001554,0.000778
0,0.079208,0.01878,-0.027317,0.036496,-0.017688,0.004989,0.001382,0.000328
0,0.008411,0.030771,-0.041098,-0.008082,-0.079059,-0.025722,0.000147,0.000537
0,0.134959,-0.012213,0.108227,-0.047664,0.082468,-0.01072,0.002355,0.000213
0,0.139724,0.011396,-0.020388,0.022581,-0.059423,0.025392,0.002439,0.000199
0,-0.036823,0.076426,-0.154826,0.063182,-0.122767,0.104188,0.000643,0.001334
0,0.03422,0.038243,0.06947,-0.029539,0.035099,-0.020542,0.000597,0.000667
0,-0.085647,0.069626,-0.104538,0.008604,-0.087793,0.007589,0.001495,0.001215
0,-0.114548,0.012944,-0.058599,-0.077379,-0.039404,-0.126497,0.001999,0.000226
0,-0.092923,-0.188678,0.030013,-0.181173,0.055338,-0.220791,0.001622,0.003293
0,0.103483,-0.048154,0.223163,0.167942,0.175979,0.154188,0.001806,0.00084
0,0.110007,-0.091744,0.018515,-0.057721,0.000969,-0.046292,0.00192,0.001601
0,0.03967,0.032911,-0.0489,0.132741,-0.075134,0.121089,0.000692,0.000574
0,0.035181,0.085837,-0.00639,0.025436,-0.028955,-0.00386,0.000614,0.001498
0,0.086458,0.053032,0.05579,-0.006365,0.057812,0.008492,0.001509,0.000926
0,-0.043333,0.068895,-0.142524,-0.00468,-0.136898,-0.028363,0.000756,0.001202
0,0.221628,-0.132403,0.238058,-0.230743,0.213654,-0.182119,0.003868,0.002311
0,0.072408,0.061587,-0.162729,0.184284,-0.118772,0.193827,0.001264,0.001075
0,-0.016224,-0.100142,-0.108814,-0.167145,-0.073786,-0.131513,0.000283,0.001748
0,0.027882,-0.086556,0.073696,0.000562,0.101077,0.045932,0.000487,0.001511
0,0.211751,-0.096555,0.181376,0.014407,0.156733,-0.001026,0.003696,0.001685
0,0.014993,-0.062942,-0.208736,0.043098,-0.213325,0.068797,0.000262,0.001099
0,0.116624,-0.125768,0.073357,-0.079643,0.027673,-0.048893,0.002035,0.002195
0,0.030872,-0.029096,-0.097444,0.098691,-0.123375,0.136198,0.000539,0.000508
0,0.193896,0.064674,0.168549,0.11995,0.147774,0.149371,0.003384,0.001129
0,0.150952,-0.126683,-0.021128,-0.211698,-0.013392,-0.258695,0.002635,0.002211
0,-0.060416,0.132993,-0.220659,0.268095,-0.223002,0.306672,0.001054,0.002321
0,-0.058948,0.11658,-0.008758,-0.007418,-0.048331,0.019402,0.001029,0.002035
0,-0.183894,0.007973,-0.120496,-0.109094,-0.131054,-0.136636,0.00321,0.000139
0,-0.001881,0.082042,0.157002,0.065354,0.127897,0.037605,3.3e-05,0.001432
0,-0.064683,-0.011602,-0.052296,-0.071486,-0.042491,-0.081174,0.001129,0.000202
0,-0.120716,-0.10666,-0.07427,-0.099218,-0.024576,-0.115561,0.002107,0.001862
0,-0.072975,-0.142323,0.051661,-0.056126,0.050755,-0.065123,0.001274,0.002484
0,0.005476,0.040034,0.052381,0.174002,0.102001,0.144009,9.6e-05,0.000699
0,0.1659,0.05477,0.155568,-0.010123,0.179979,-0.054663,0.002895,0.000956
0,0.173172,-0.095146,0.014416,-0.139521,0.037308,-0.181833,0.003022,0.001661
0,-0.042318,-0.141684,-0.212269,-0.017731,-0.192535,0.026002,0.000739,0.002473
0,0.097469,0.055918,0.123546,0.176124,0.102441,0.197218,0.001701,0.000976
0,0.03239,-0.020055,-0.07984,-0.086764,-0.12212,-0.118181,0.000565,0.00035
0,0.133828,0.158006,0.072978,0.182154,0.103487,0.161562,0.002336,0.002758
0,0.056601,-0.051567,-0.10346,-0.212164,-0.149262,-0.224918,0.000988,0.0009
0,0.129058,0.028042,0.075371,0.094489,0.077039,0.070226,0.002252,0.000489
0,0.012708,-0.068886,-0.145294,-0.070103,-0.169313,-0.093428,0.000222,0.001202
0,0.051825,0.143922,0.017766,0.224459,-0.001873,0.254183,0.000905,0.002512
0,0.10485,0.098985,0.047727,-0.037762,0.068628,-0.02798,0.00183,0.001728
0,-0.008069,-0.012101,-0.101742,-0.130186,-0.110355,-0.092816,0.000141,0.000211
0,0.012308,0.065414,0.024093,0.10589,0.063481,0.126793,0.000215,0.001142
0,0.273352,0.028295,0.290719,-0.059544,0.296248,-0.048036,0.003047,0.000494
0,0.010556,-0.037403,-0.243431,-0.06863,-0.195427,-0.079455,0.000184,0.000653
0,0.123181,0.044319,0.11411,0.090262,0.152029,0.130382,0.00215,0.000774
0,0.054094,-0.048723,-0.068853,-0.118764,-0.068789,-0.16728,0.000944,0.00085
0,-0.025759,0.123124,-0.065251,0.169813,-0.102842,0.11989,0.00045,0.002149
0,0.086735,0.08021,0.125331,-0.070311,0.092565,-0.028501,0.001514,0.0014
0,0.03194,0.091674,-0.036206,0.000895,-0.064205,-0.047903,0.000557,0.0016
0,0.022453,-0.111992,-0.01513,-0.218817,-0.041081,-0.241638,0.000392,0.001955
0,0.055206,0.038654,0.038957,0.137479,0.023881,0.142002,0.000964,0.000675
0,-0.022837,-0.088378,-0.089974,-0.138152,-0.127338,-0.187026,0.000399,0.001542
0,0.158702,0.065477,0.191514,0.148036,0.208517,0.146287,0.00277,0.001143
0,0.006926,-0.004706,-0.126516,-0.054498,-0.137059,-0.083271,0.000121,8.2e-05
0,0.111606,0.160869,0.076437,0.190431,0.064462,0.208231,0.001948,0.002808
0,0.20798,0.153573,0.104878,-0.004978,0.140106,0.014904,0.00363,0.00268
0,0.204826,-0.000824,-0.005701,-0.158937,0.008388,-0.187028,0.003575,1.4e-05
0,0.060087,0.122984,-0.12333,0.104512,-0.130107,0.076486,0.001049,0.002146
0,0.189587,0.134946,0.13938,-0.00984,0.180431,0.002452,0.003309,0.002355
0,-0.038258,0.021098,-0.220133,-0.13438,-0.228315,-0.178958,0.000668,0.000368
0,0.244831,-0.102132,0.289433,-0.14845,0.244539,-0.182687,0.003545,0.001783
0,0.077217,0.114282,-0.158197,0.218151,-0.148506,0.219931,0.001348,0.001995
0,0.072642,-0.14244,-0.020432,-0.275238,-0.005488,-0.301261,0.001268,0.002486
0,0.095975,-0.06908,0.015935,0.080757,-0.020659,0.050991,0.001675,0.001206
0,0.259866,-0.071928,0.153177,-0.027244,0.132858,-0.025081,0.003282,0.001255
0,0.247249,0.148264,-0.008089,0.242778,-0.040636,0.284054,0.003503,0.002588
0,0.051037,-0.100424,-0.202963,-0.246447,-0.166999,-0.256446,0.000891,0.001753
0,-0.007386,0.166729,-0.072465,0.255247,-0.04171,0.303948,0.000129,0.00291
0,0.149963,-0.027233,0.134701,-0.223863,0.144365,-0.241829,0.002617,0.000475
0,0.131342,0.04565,0.004108,0.051996,0.007458,0.084266,0.002292,0.000797
0,0.147362,0.062662,-0.012572,0.026411,-0.061627,0.008573,0.002572,0.001094
0,-0.002237,0.062885,-0.150088,-0.017059,-0.14442,-0.063142,3.9e-05,0.001098
0,-3.113976,0.107175,-3.09723,0.062026,-3.094411,0.101023,0.000376,0.001871
0,-5.185028,0.359721,-2.067805,0.224661,-2.053822,0.221946,0.003319,0.00154
0,-5.162328,0.240187,0.033798,-0.098316,0.038608,-0.140915,0.003715,0.003626
0,-3.944283,0.299598,1.195634,0.059405,1.228248,0.068842,0.00152,0.002589
0,-2.931499,0.033613,0.99459,-0.265219,0.978118,-0.306004,0.003561,0.000587
0,-1.877082,-0.040825,1.058139,-0.048004,1.018357,-0.016246,0.00149,0.000713
0,-1.249613,0.023065,0.599139,0.056801,0.550777,0.048027,0.001644,0.000403
0,-0.874554,0.040504,0.34932,0.002462,0.384046,-0.045529,0.000372,0.000707
0,-0.371217,0.075927,0.526739,0.030718,0.493754,0.057348,0.001339,0.001325
0,0.216243,0.052415,0.587036,-0.013443,0.61834,-0.053624,0.003774,0.000915
0,0.40019,0.065586,0.174375,0.028048,0.197958,0.010234,0.000833,0.001145
0,0.275371,0.145106,-0.127003,0.06374,-0.089581,0.04352,0.003012,0.002533
0,0.381855,0.016255,0.118248,-0.135349,0.071349,-0.141747,0.001153,0.000284
0,0.440965,0.101527,0.037228,0.081828,0.059082,0.077848,0.000122,0.001772
0,0.496384,0.119636,0.069256,0.040674,0.109844,-0.006387,0.000846,0.002088
0,0.512116,-0.076125,0.004928,-0.190749,0.011536,-0.220669,0.00112,0.001329
0,0.359899,-0.053871,-0.14092,0.01742,-0.121606,0.012063,0.001536,0.00094
0,0.304743,0.062658,-0.027322,0.144047,-0.008681,0.125001,0.002499,0.001094
0,0.393556,0.016969,0.06112,-0.031939,0.03936,-0.018503,0.000949,0.000296
0,0.153934,0.029904,-0.239974,0.036388,-0.20407,-0.010774,0.002687,0.000522
0,0.364473,0.02578,0.237834,0.003265,0.248641,0.039072,0.001457,0.00045
0,0.194824,-0.154533,-0.181238,-0.182995,-0.216107,-0.177639,0.0034,0.002697
0,0.09323,0.078416,-0.111455,0.238478,-0.067511,0.247022,0.001627,0.001369
0,0.363958,-0.039864,0.286706,-0.106995,0.2918,-0.102396,0.001466,0.000696
0,0.15506,-0.086461,-0.203868,-0.047281,-0.178633,-0.095016,0.002706,0.001509
0,0.328897,-0.123334,0.159057,-0.057099,0.205478,-0.094842,0.002078,0.002153
0,0.187141,-0.107137,-0.154476,0.015931,-0.155026,0.012651,0.003266,0.00187
0,0.096924,-0.168779,-0.106587,-0.034186,-0.084704,0.014,0.001692,0.002946
0,0.26904,0.061281,0.145723,0.204582,0.150168,0.234193,0.003122,0.00107
0,0.175324,0.102527,-0.091319,0.055746,-0.117763,0.104919,0.00306,0.001789
0,0.069502,0.075319,-0.135628,-0.055289,-0.15752,-0.034782,0.001213,0.001315
0,0.09022,-0.092086,0.036237,-0.163328,0.058837,-0.130319,0.001575,0.001607
0,0.086788,0.130384,0.026218,0.248403,0.04177,0.232983,0.001515,0.002276
0,-0.019573,-0.116175,-0.123207,-0.266056,-0.169138,-0.243352,0.000342,0.002028
0,0.095653,0.032807,0.106549,0.147759,0.119348,0.117913,0.001669,0.000573
0,0.091412,0.14421,-0.025236,0.13618,-0.058984,0.161516,0.001595,0.002517
0,0.06425,-0.053092,-0.026379,-0.201148,0.018749,-0.215414,0.001121,0.000927
0,-0.131373,-0.061218,-0.184376,0.008829,-0.207515,0.015085,0.002293,0.001068
0,0.0064,-0.113498,0.151356,-0.04093,0.129093,-0.016601,0.000112,0.001981
0,-0.014494,0.153151,0.00278,0.294124,-0.010167,0.290899,0.000253,0.002673
0,0.20239,-0.153148,0.220967,-0.331935,0.258322,-0.355909,0.003532,0.002673
0,0.022823,-0.157272,-0.152712,-0.012338,-0.197,-0.016945,0.000398,0.002745
0,-0.034772,-0.163439,-0.049524,-0.017415,-0.088482,0.030121,0.000607,0.002853
0,0.10472,0.031256,0.14271,0.177557,0.149724,0.12905,0.001828,0.000546
0,0.104191,0.089238,-0.029945,0.074482,-0.040633,0.027458,0.001818,0.001557
0,-1.739198,0.337549,-1.862849,0.273713,-1.904765,0.284312,0.000917,0.001927
0,-2.327342,0.985341,-0.58851,0.655462,-0.544847,0.692432,0.00153,0.001562
0,-2.499108,1.071217,-0.197216,0.09989,-0.243107,0.106361,0.00329,0.003061
0,-2.332571,1.101263,0.190958,0.043827,0.181289,0.079403,0.001622,0.003585
0,-2.368475,1.065844,-0.03085,-0.04705,-0.055931,-0.0804,0.002248,0.002967
0,-2.027965,0.674572,0.313826,-0.415467,0.317424,-0.394308,0.003695,0.003862
0,-1.399177,0.418098,0.606295,-0.265142,0.591479,-0.240413,0.000967,0.000521
0,-1.189633,0.480702,0.237014,0.051072,0.223104,0.06929,0.002691,0.000572
0,-0.835687,0.297383,0.373809,-0.197981,0.4232,-0.211526,0.00105,0.002628
0,-0.408936,-0.063247,0.420002,-0.350587,0.371059,-0.375805,0.000681,0.001104
0,-0.20272,-0.033379,0.177573,0.058988,0.189197,0.048991,0.003538,0.000583
0,-0.240625,-0.056348,-0.039029,-0.0388,-0.088531,-0.055585,0.003618,0.000983
0,0.08243,-0.202131,0.314758,-0.137444,0.315279,-0.098467,0.001439,0.003528
0,0.15412,-0.014328,0.04392,0.214974,0.030187,0.234292,0.00269,0.00025
0,0.123244,0.017577,-0.041891,0.043881,-0.026667,0.079521,0.002151,0.000307
0,-0.061711,0.082269,-0.170586,0.091102,-0.136891,0.051692,0.001077,0.001436
0,-0.09081,-0.068413,-0.008362,-0.136461,0.028332,-0.108093,0.001585,0.001194
0,-0.074222,-0.146227,0.009363,-0.083299,0.017929,-0.033733,0.001295,0.002552
0,0.046344,-0.059779,0.127089,0.069479,0.163446,0.106699,0.000809,0.001043
0,0.034673,0.093411,-0.029719,0.147854,-0.017786,0.153188,0.000605,0.00163
0,0.117392,-0.106688,0.054134,-0.179291,0.018165,-0.21573,0.002049,0.001862
0,-0.074952,-0.08809,-0.170239,0.01061,-0.124638,-0.039103,0.001308,0.001537
0,-0.072494,0.114465,-0.014964,0.18597,-0.04582,0.194034,0.001265,0.001998
0,0.089417,0.03456,0.165424,-0.062123,0.212343,-0.101359,0.001561,0.000603
0,-0.102069,0.095666,-0.180531,0.032574,-0.212963,0.011561,0.001781,0.00167
0,-0.017649,-0.169924,0.079962,-0.235796,0.092896,-0.23609,0.000308,0.002966
0,0.061733,-0.105622,0.065298,0.068116,0.112536,0.067343,0.001077,0.001843
0,-0.08434,-0.141239,-0.123785,-0.027538,-0.083704,-0.028591,0.001472,0.002465
0,-0.157184,-0.058031,-0.090712,0.109959,-0.087347,0.099416,0.002743,0.001013
0,0.028027,0.001609,0.206628,0.084166,0.190368,0.077134,0.000489,2.8e-05
0,0.08777,-0.140675,0.046218,-0.149625,0.06367,-0.184968,0.001532,0.002455
0,0.158202,0.097165,0.057712,0.251031,0.03697,0.241879,0.002761,0.001696
0,0.070862,-0.139402,-0.078182,-0.258561,-0.046465,-0.283352,0.001237,0.002433
0,0.013885,-0.107319,-0.035576,0.027889,-0.070254,0.040209,0.000242,0.001873
0,0.090883,0.096382,0.103857,0.211451,0.06037,0.184667,0.001586,0.001682
0,0.125753,0.017064,0.06373,-0.100208,0.091392,-0.117083,0.002195,0.000298
0,0.152134,-0.152947,0.038157,-0.155802,0.08622,-0.127125,0.002655,0.002669
0,-0.027297,0.01912,-0.188446,0.149479,-0.166567,0.157582,0.000476,0.000334
0,0.072763,-0.068983,0.09664,-0.058408,0.133147,-0.042197,0.00127,0.001204
0,-0.057565,-0.052935,-0.158472,0.038846,-0.15482,0.027435,0.001005,0.000924
0,0.072199,0.017026,0.147864,0.071503,0.197223,0.080551,0.00126,0.000297
0,0.258859,-0.028606,0.15799,-0.045028,0.205566,-0.017114,0.0033,0.000499
0,0.124134,0.067393,-0.138664,0.094649,-0.179194,0.058241,0.002167,0.001176
0,0.137906,-0.051484,0.034896,-0.134317,0.029239,-0.11861,0.002407,0.000899
0,0.059987,0.062095,-0.057298,0.110857,-0.018087,0.097634,0.001047,0.001084
0,-0.012647,-0.046981,-0.061205,-0.137463,-0.069832,-0.182339,0.000221,0.00082
0,1.778962,2.223888,1.811079,2.252703,1.792176,2.232015,0.000223,0.000275
0,2.125518,2.202942,0.358852,-0.003023,0.384607,0.016334,0.001992,0.000641
0,2.064525,2.227083,-0.032403,-0.002403,-0.069586,0.000865,0.003057,0.000219
0,1.870589,2.076698,-0.212363,-0.134548,-0.245586,-0.15131,0.001376,0.002844
0,1.472288,1.572545,-0.405184,-0.528632,-0.357892,-0.568017,0.002243,0.003825
0,1.049053,1.013608,-0.430991,-0.551893,-0.408816,-0.547492,0.002674,0.002055
0,0.878139,0.742498,-0.17477,-0.275611,-0.216712,-0.240304,0.000309,0.002677
0,0.741483,0.441862,-0.155205,-0.308754,-0.147458,-0.338515,0.002694,0.000106
0,0.283134,0.434409,-0.475292,0.003287,-0.498963,-0.028491,0.002876,0.000236
0,0.057082,0.113705,-0.209611,-0.291967,-0.245039,-0.256527,0.000996,0.001985
0,-0.106212,-0.102668,-0.162238,-0.214258,-0.188887,-0.198761,0.001854,0.001792
0,-0.153326,0.030671,-0.031608,0.141318,-0.037543,0.156556,0.002676,0.000535
0,-0.229265,-0.081228,-0.063991,-0.13579,-0.059114,-0.164727,0.003816,0.001418
0,-0.131871,-0.132734,0.107954,-0.062084,0.145449,-0.023477,0.002302,0.002317
0,-0.322351,-0.05278,-0.170394,0.073779,-0.12237,0.12308,0.002192,0.000921
0,-0.242279,-0.248829,0.071428,-0.179062,0.058626,-0.197969,0.003589,0.003475
0,-0.029371,-0.186331,0.225075,0.079933,0.180277,0.061692,0.000513,0.003252
0,-0.168592,-0.070402,-0.1163,0.087776,-0.083505,0.123168,0.002942,0.001229
0,-0.028273,0.002691,0.135714,0.090983,0.130491,0.086558,0.000493,4.7e-05
0,-0.083585,0.016866,-0.054713,0.007069,-0.034454,0.016387,0.001459,0.000294
0,-0.049667,-0.211018,0.056733,-0.203314,0.051047,-0.242251,0.000867,0.003683
0,0.115533,-0.066347,0.189643,0.141431,0.188498,0.153431,0.002016,0.001158
0,0.06922,-0.099888,-0.070094,-0.019833,-0.062423,-0.005302,0.001208,0.001743
0,0.021103,0.029277,-0.032784,0.157492,-0.02518,0.133053,0.000368,0.000511
0,0.146803,0.030047,0.123606,-0.020903,0.152073,0.003121,0.002562,0.000524
0,0.154293,0.030647,0.030297,0.021423,0.032609,-0.00889,0.002693,0.000535
0,0.054002,-0.164236,-0.114274,-0.191649,-0.129566,-0.188683,0.000943,0.002866
0,0.135808,-0.153878,0.056474,-0.005793,0.089486,-0.026548,0.00237,0.002686
0,-0.000503,-0.16716,-0.134534,-0.028616,-0.151912,-0.019523,9e-06,0.002917
0,-0.043208,0.012733,-0.016645,0.152907,-0.021571,0.187674,0.000754,0.000222
0,-0.08769,-0.181944,-0.061605,-0.204114,-0.023886,-0.236654,0.00153,0.003176
0,0.010226,-0.128021,0.097027,0.048484,0.057428,0.015636,0.000178,0.002234
0,0.160747,-0.109329,0.139184,-0.000264,0.093819,-0.029945,0.002806,0.001908
0,0.121563,0.077786,-0.040282,0.208797,-0.070372,0.232595,0.002122,0.001358
0,0.146432,0.029279,0.005599,-0.069985,-0.044313,-0.067883,0.002556,0.000511
0,0.049732,-0.065003,-0.081297,-0.074208,-0.063733,-0.120085,0.000868,0.001135
0,-0.124541,-0.23539,-0.186462,-0.153332,-0.226971,-0.149751,0.002174,0.00371
0,0.015917,-0.032546,0.164459,0.193746,0.13747,0.192119,0.000278,0.000568
0,-0.095995,-0.145585,-0.133749,-0.108657,-0.127351,-0.083092,0.001675,0.002541
0,-0.01753,-0.065345,0.071463,0.066098,0.114255,0.022461,0.000306,0.00114
0,-0.095862,-0.05918,-0.058351,-0.005942,-0.072333,-0.008457,0.001673,0.001033
0,0.022907,-0.03497,0.12484,0.047858,0.100255,0.022736,0.0004,0.00061
0,-0.091937,0.039865,-0.117136,0.089347,-0.153483,0.086214,0.001605,0.000696
0,-0.124316,-0.132842,-0.015142,-0.166331,-0.018817,-0.214987,0.00217,0.002319
0,-0.195992,0.025063,-0.04428,0.153943,-0.032862,0.140896,0.003421,0.000437
0,0.075511,-0.119507,0.283314,-0.165346,0.328268,-0.21504,0.001318,0.002086
0,-0.044697,-0.00202,-0.099066,0.111074,-0.100375,0.061314,0.00078,3.5e-05
0,-0.185793,-0.080008,-0.144859,-0.08672,-0.11236,-0.068439,0.003243,0.001396
0,-0.017853,-0.050502,0.147325,0.022746,0.146838,-0.001589,0.000312,0.000881
0,-0.085297,-0.091724,-0.05672,-0.03687,-0.058287,0.008814,0.001489,0.001601
0,-0.031648,-0.05893,0.080757,0.013696,0.036833,-0.024147,0.000552,0.001029
0,-0.069781,-0.102272,-0.035298,-0.067811,-0.06929,-0.10075,0.001218,0.001785
0,-0.044568,0.103996,0.036571,0.208384,0.068598,0.175256,0.000778,0.001815
0,-0.127428,0.042633,-0.063622,-0.055617,-0.038133,-0.027752,0.002224,0.000744
0,-0.154258,-0.051058,-0.054466,-0.110557,-0.102275,-0.121414,0.002692,0.000891
0,-0.112026,-0.09108,0.017268,-0.012653,0.029353,-0.038409,0.001955,0.00159
0,-0.006797,0.031195,0.106744,0.097924,0.145605,0.060207,0.000119,0.000544
0,-0.052377,-0.034595,-0.019792,-0.051547,-0.037225,-0.029441,0.000914,0.000604
0,-0.133716,-0.016275,-0.076982,0.035569,-0.120478,0.056691,0.002334,0.000284
0,-0.164697,0.093946,-0.036137,0.098468,-0.073457,0.122006,0.002874,0.00164
0,-0.02275,-0.043955,0.147009,-0.159311,0.129617,-0.172879,0.000397,0.000767
0,-0.184863,0.202387,-0.168503,0.226654,-0.154082,0.263352,0.003226,0.003532
0,-0.116224,0.037033,0.049314,-0.138546,0.059717,-0.154563,0.002028,0.000646
0,-0.202192,0.116153,-0.063749,0.094018,-0.023238,0.123543,0.003529,0.002027
0,-0.064055,0.084379,0.153151,-0.035176,0.202445,-0.056938,0.001118,0.001473
0,-0.179634,0.018732,-0.087276,-0.076602,-0.114095,-0.091668,0.003135,0.000327
0,-0.094336,0.224561,0.059592,0.225267,0.031752,0.188482,0.001646,0.003899
0,0.118692,-0.021705,0.192415,-0.25226,0.240383,-0.209517,0.002072,0.000379
0,-0.048872,-0.048618,-0.166636,-0.041061,-0.158813,-0.002435,0.000853,0.000849
0,-0.129506,-0.013784,-0.081261,0.039075,-0.108143,0.073644,0.00226,0.000241
0,-0.145649,-0.073436,-0.028064,-0.051259,-0.043846,-0.018857,0.002542,0.001282
0,-0.130192,0.122317,0.025219,0.199287,0.012218,0.248115,0.002272,0.002135
0,-0.078276,-0.057683,0.059308,-0.198043,0.038232,-0.221221,0.001366,0.001007
0,-0.059185,0.12906,0.005346,0.213659,-0.03899,0.172521,0.001033,0.002253
0,0.061453,-0.070717,0.094224,-0.219099,0.133487,-0.209168,0.001073,0.001234
0,-0.140503,0.056477,-0.207295,0.137123,-0.182744,0.096714,0.002452,0.000986
0,0.041352,0.038895,0.202815,-0.032513,0.168433,-0.033351,0.000722,0.000679
0,0.012112,0.090722,-0.053327,0.038246,-0.098846,0.082338,0.000211,0.001583
0,-0.03054,0.039082,-0.025093,-0.070115,-0.046262,-0.072414,0.000533,0.000682
0,-0.021437,-0.026026,0.017298,-0.086575,0.015407,-0.08675,0.000374,0.000454
0,-0.053511,0.119568,-0.046399,0.169849,-0.035315,0.136013,0.000934,0.002087
0,0.022305,0.137629,0.079305,0.02478,0.035054,0.013077,0.000389,0.002402
0,-0.055123,-0.033173,-0.066177,-0.195068,-0.081901,-0.20482,0.000962,0.000579
0,0.008441,0.103273,0.041616,0.133481,0.013614,0.129003,0.000147,0.001802
0,0.053407,0.145378,0.031945,0.044106,1.1e-05,0.002799,0.000932,0.002537
0,-0.104648,0.064031,-0.187071,-0.074301,-0.140559,-0.114917,0.001826,0.001118
0,-0.097221,0.207749,-0.000317,0.142266,0.04042,0.144047,0.001697,0.003626
0,-0.0991,0.20344,-0.031824,-0.021305,0.004958,-0.060853,0.00173,0.003551
0,-0.100143,0.197297,0.022344,0.008528,-0.025587,0.045855,0.001748,0.003443
0,-0.119095,0.141267,0.010744,-0.06831,0.052005,-0.08222,0.002079,0.002466
0,0.058169,0.056847,0.186396,-0.096142,0.164016,-0.070838,0.001015,0.000992
0,-0.131926,-0.099962,-0.211286,-0.127054,-0.200735,-0.136559,0.002303,0.001745
0,-0.13474,-0.010495,0.021718,0.100334,0.050237,0.138167,0.002352,0.000183
0,-0.139961,0.067307,0.01081,0.069969,-0.026874,0.045982,0.002443,0.001175
0,-0.177314,-0.124133,-0.016314,-0.193248,-0.054254,-0.144197,0.003095,0.002167
0,-0.036456,-0.067598,0.146929,0.044074,0.196483,0.079927,0.000636,0.00118
0,-0.024918,0.05121,0.032315,0.147402,0.044102,0.17122,0.000435,0.000894
0,0.145304,-0.078716,0.175044,-0.128166,0.147439,-0.102294,0.002536,0.001374
0,-0.055186,0.002876,-0.213456,0.104431,-0.180518,0.073935,0.000963,5e-05
0,-0.082931,-0.069583,-0.057144,-0.069554,-0.0727,-0.077022,0.001447,0.001214
0,0.099326,0.027958,0.207262,0.111672,0.21091,0.142545,0.001734,0.000488
0,-0.193897,-0.05907,-0.26413,-0.102829,-0.287565,-0.13214,0.003384,0.001031
0,-0.136127,0.006156,0.053771,0.086766,0.078703,0.096609,0.002376,0.000107
0,0.078886,-0.158609,0.232576,-0.156632,0.219877,-0.197751,0.001377,0.002768
0,-0.118778,-0.142341,-0.204584,0.04584,-0.176411,0.01369,0.002073,0.002484
0,0.097138,0.102623,0.207462,0.258609,0.171885,0.265362,0.001695,0.001791
0,-0.026488,-0.132987,-0.116151,-0.248294,-0.101023,-0.236888,0.000462,0.002321
0,0.084145,-0.06504,0.091244,0.059267,0.132952,0.077862,0.001469,0.001135
0,0.045563,-0.109255,-0.039394,-0.014827,-0.019492,-0.059216,0.000795,0.001907
0,-0.078189,0.059643,-0.125636,0.170738,-0.0987,0.172526,0.001365,0.001041
0,-0.145536,-0.061825,-0.049505,-0.116161,-0.008313,-0.103542,0.00254,0.001079
0,-0.008513,0.133762,0.118065,0.204232,0.068509,0.200953,0.000149,0.002335
0,-0.196837,0.024763,-0.202152,-0.102623,-0.227279,-0.132544,0.003435,0.000432
0,-0.131373,0.11813,0.059954,0.074753,0.056359,0.077693,0.002293,0.002062
0,-0.06774,-0.141325,0.060928,-0.27404,0.044145,-0.270322,0.001182,0.002467
0,-0.09461,-0.121152,-0.030823,0.012397,-0.050812,-0.004039,0.001651,0.002115
0,-0.057932,0.053368,0.012154,0.172396,-0.027952,0.185297,0.001011,0.000931
0,0.009061,-0.107445,0.093228,-0.140013,0.090197,-0.094506,0.000158,0.001875
0,-0.083183,0.031756,-0.110713,0.11701,-0.157548,0.166711,0.001452,0.000554
0,0.011507,-0.094521,0.078807,-0.124971,0.102502,-0.174768,0.000201,0.00165
0,-0.046734,-0.098508,-0.038273,-0.0022,-0.017225,-0.037113,0.000816,0.001719
0,-0.152704,0.075222,-0.124746,0.182771,-0.148256,0.148718,0.002665,0.001313
0,-0.107054,-0.002039,0.041593,-0.106241,0.015293,-0.100102,0.001868,3.6e-05
0,-0.048435,0.115835,0.068508,0.107913,0.114003,0.093573,0.000845,0.002022
0,-0.148362,0.022897,-0.070291,-0.102485,-0.054581,-0.118343,0.002589,0.0004
0,-0.034352,0.054527,0.125588,0.001923,0.146928,-0.033585,0.0006,0.000952
0,-0.025738,0.048653,0.024518,-0.026414,0.074295,0.022005,0.000449,0.000849
0,-0.144161,-0.062153,-0.137084,-0.118025,-0.170927,-0.093542,0.002516,0.001085
0,0.135876,0.011397,0.252276,0.090903,0.251281,0.077499,0.002371,0.000199
0,-0.092343,0.122598,-0.250661,0.092345,-0.244799,0.084639,0.001612,0.00214
0,-0.173325,0.05731,-0.055138,-0.079109,-0.074287,-0.03277,0.003025,0.001
0,-0.185362,-0.005789,-0.003193,-0.050086,0.030137,-0.082031,0.003235,0.000101
0,-0.01177,-0.127324,0.166883,-0.145135,0.130058,-0.111509,0.000205,0.002222
0,-0.142989,-0.019043,-0.159312,0.119829,-0.135709,0.134023,0.002496,0.000332
0,-0.138169,-0.150831,0.0139,-0.148783,0.055299,-0.144601,0.002412,0.002633
0,0.084532,-0.162934,0.245701,-0.01178,0.255675,0.002974,0.001475,0.002844
0,0.141572,-0.223375,0.065663,-0.036143,0.074113,-0.047724,0.002471,0.003899
0,-0.103844,-0.194713,-0.262553,0.040768,-0.276905,0.020897,0.001812,0.003398
0,-0.092335,-0.086474,0.009183,0.099048,0.015633,0.143559,0.001612,0.001509
0,0.118616,0.021962,0.185209,0.132484,0.217294,0.084807,0.00207,0.000383
0,0.047065,-0.04255,-0.075519,-0.054907,-0.050793,-0.034046,0.000821,0.000743
0,0.021039,-0.130686,-0.053548,-0.080344,-0.062612,-0.089111,0.000367,0.002281
0,0.154082,0.094716,0.103299,0.219987,0.069516,0.23859,0.002689,0.001653
0,-0.072233,-0.096643,-0.218521,-0.221322,-0.235137,-0.223075,0.001261,0.001687
0,-0.030193,0.094046,0.059554,0.184142,0.045687,0.139501,0.000527,0.001641
0,0.109441,-0.181851,0.11354,-0.276626,0.107632,-0.276262,0.00191,0.003174
0,0.122607,0.089965,0.007835,0.291209,-0.019337,0.242308,0.00214,0.00157
0,0.153827,-0.169212,0.011439,-0.277501,-0.005083,-0.268404,0.002685,0.002953
0,-0.063141,0.041397,-0.195605,0.218748,-0.156664,0.226338,0.001102,0.000723
0,-0.031866,0.105651,0.013378,0.083777,0.054354,0.114475,0.000556,0.001844
0,-0.118891,-0.100133,-0.084606,-0.197499,-0.09826,-0.223875,0.002075,0.001748
0,-0.025436,-0.136852,0.117413,-0.012988,0.075547,-0.062772,0.000444,0.002389
0,-0.08786,-0.119122,-0.083657,0.0157,-0.119141,0.040053,0.001533,0.002079
0,-0.088438,0.024194,-0.003726,0.162053,-0.02186,0.157673,0.001544,0.000422
0,0.103317,0.094842,0.199382,0.085285,0.165994,0.092116,0.001803,0.001655
0,0.048249,0.082271,-0.074075,-0.032345,-0.090819,0.012279,0.000842,0.001436
0,0.05932,-0.053265,0.032042,-0.117989,0.005795,-0.165286,0.001035,0.00093
0,0.212284,-0.05925,0.157819,0.005351,0.207354,0.024602,0.003705,0.001034
0,0.218162,-0.02923,0.032405,0.008516,0.031733,0.014467,0.003808,0.00051
0,0.106045,-0.111408,-0.127915,-0.054398,-0.122002,-0.018938,0.001851,0.001944
0,0.149521,0.067011,0.06627,0.20283,0.073007,0.243015,0.00261,0.00117
0,-0.088406,-0.014845,-0.209961,-0.068102,-0.236673,-0.070254,0.001543,0.000259
0,-0.017476,-0.02338,0.077704,-0.000811,0.100974,-0.031955,0.000305,0.000408
0,0.038978,-0.172617,0.077464,-0.150619,0.069719,-0.169012,0.00068,0.003013
0,0.055146,0.037949,-0.009557,0.219502,-0.026014,0.258918,0.000962,0.000662
0,0.073509,0.083577,0.002918,0.051428,-0.014843,0.036414,0.001283,0.001459
0,-0.026842,-0.172303,-0.109197,-0.265516,-0.121484,-0.292718,0.000468,0.003007
0,0.020301,-0.159442,0.06841,0.001329,0.062738,0.017132,0.000354,0.002783
0,0.131403,0.119817,0.140979,0.260567,0.176406,0.220332,0.002293,0.002091
0,-0.084918,-0.005751,-0.239452,-0.124801,-0.230125,-0.096114,0.001482,0.0001
0,0.015468,-0.142139,0.11758,-0.1601,0.154109,-0.208893,0.00027,0.002481
0,0.007462,-0.129401,-0.024147,0.040975,-0.057028,0.033161,0.00013,0.002258
0,0.052069,0.076367,0.022699,0.177468,0.056017,0.164203,0.000909,0.001333
0,-1.248352,-0.368994,-1.314169,-0.434653,-1.323298,-0.451469,0.001666,0.001378
0,-3.95648,-2.343985,-2.692695,-1.998627,-2.701261,-1.959798,0.001307,0.001821
0,-5.91662,-2.648146,-1.976326,-0.285345,-1.978356,-0.273235,0.001632,0.000688
0,-6.648681,-2.794228,-0.749715,-0.163063,-0.704105,-0.189772,0.001227,0.001861
0,-5.515646,-2.537934,1.117354,0.240779,1.13623,0.196183,0.002452,0.002612
0,-4.964544,-2.297022,0.525301,0.264621,0.505875,0.304734,0.000651,0.001001
0,-5.168027,-1.475386,-0.201499,0.820196,-0.166451,0.793644,0.003615,0.002297
0,-4.376658,-1.335377,0.815704,0.139152,0.825255,0.149716,0.001792,0.000147
0,-3.030723,-1.006705,1.317021,0.340036,1.350667,0.337298,0.001829,0.001935
0,-2.418416,-0.656894,0.615638,0.339933,0.587852,0.328205,0.00312,0.003647
0,-1.698267,-0.428468,0.698842,0.230953,0.721704,0.24352,0.001631,0.00034
0,-0.782134,-0.139626,0.921762,0.279174,0.886143,0.319693,0.001985,0.002437
0,-0.153949,-0.17474,0.609173,-0.049688,0.597807,-0.017738,0.002687,0.00305
0,0.260612,0.123275,0.437742,0.323313,0.421218,0.32746,0.003269,0.002152
0,0.323285,0.243904,0.075129,0.098067,0.090392,0.067508,0.002175,0.003561
0,0.37861,-0.004307,0.067076,-0.261839,0.080942,-0.248723,0.00121,7.5e-05
0,0.59193,0.114829,0.214306,0.11961,0.22553,0.126334,0.002513,0.002004
0,0.533675,-0.045327,-0.065474,-0.164408,-0.048412,-0.161921,0.001497,0.000791
0,0.349376,0.230856,-0.1855,0.281056,-0.19526,0.289776,0.00172,0.003789
0,0.439746,0.055789,0.072824,-0.174086,0.065512,-0.196027,0.000143,0.000974
0,0.059557,0.135867,-0.396043,0.077925,-0.384812,0.07951,0.001039,0.002371
0,0.233396,-0.104227,0.15482,-0.250524,0.161186,-0.227884,0.003744,0.001819
0,0.0606,0.114435,-0.143881,0.217757,-0.112936,0.213287,0.001058,0.001997
0,0.099682,0.152624,0.032445,0.042143,0.008586,0.084988,0.00174,0.002664
0,-0.065011,0.031274,-0.142141,-0.148104,-0.165282,-0.177937,0.001135,0.000546
0,0.037132,-0.063908,0.077746,-0.070572,0.096506,-0.099932,0.000648,0.001115
0,-0.090809,0.153006,-0.126171,0.236164,-0.089814,0.274105,0.001585,0.00267
0,-0.077959,0.015028,0.035563,-0.138923,0.048399,-0.117882,0.001361,0.000262
0,0.059933,0.133514,0.122707,0.126922,0.093358,0.100684,0.001046,0.00233
0,-0.030533,0.110058,-0.114184,-0.01697,-0.079755,-0.035003,0.000533,0.001921
0,0.024737,0.070079,0.054889,-0.040161,0.098202,0.005126,0.000432,0.001223
0,-0.172414,-0.12801,-0.205025,-0.1962,-0.22183,-0.163707,0.003009,0.002234
0,-0.226255,-0.121909,-0.069243,-0.017683,-0.020073,0.027648,0.003869,0.002128
0,-0.12429,-0.009952,0.124904,0.133965,0.090493,0.130983,0.002169,0.000174
0,-0.183324,0.098804,-0.0555,0.136681,-0.012126,0.145161,0.0032,0.001724
0,-0.035499,0.119814,0.168591,0.032356,0.187925,0.066347,0.00062,0.002091
0,-0.094534,0.139375,-0.060941,0.022304,-0.054927,0.046702,0.00165,0.002433
0,0.137075,0.027537,0.21072,-0.106487,0.241413,-0.081161,0.002392,0.000481
0,-0.102239,0.141915,-0.224989,0.104953,-0.217443,0.055909,0.001784,0.002477
0,0.08993,0.111944,0.179575,-0.041253,0.177029,-0.060258,0.00157,0.001954
0,-0.186004,-0.06169,-0.304241,-0.197878,-0.326098,-0.185445,0.003246,0.001077
0,-0.014724,-0.052469,0.163818,0.016743,0.155714,-0.017687,0.000257,0.000916
0,-0.224789,0.101464,-0.232888,0.142435,-0.194531,0.110225,0.003895,0.001771
0,-0.131672,-0.018979,0.091453,-0.090563,0.043277,-0.05745,0.002298,0.000331
0,0.025648,0.026721,0.152624,0.020282,0.128455,0.063281,0.000448,0.000466
0,-0.012617,0.202744,-0.053099,0.177853,-0.024757,0.177858,0.00022,0.003539
0,-0.010073,0.112952,-0.002699,-0.060622,0.047003,-0.045399,0.000176,0.001971
0,-0.178929,0.060043,-0.158651,-0.046267,-0.119413,-0.059127,0.003123,0.001048
0,-0.107116,0.134683,0.067167,0.099223,0.031067,0.134816,0.00187,0.002351
0,-0.267117,0.067535,-0.132629,-0.071285,-0.102258,-0.101228,0.003156,0.001179
0,-0.092764,0.088292,0.202568,0.001468,0.236999,-0.033094,0.001619,0.001541
0,-0.102471,0.181135,-0.035976,0.105904,-0.055852,0.109976,0.001788,0.003161
0,-0.200244,0.025705,-0.077725,-0.138884,-0.075163,-0.122646,0.003495,0.000449
0,-0.072683,-0.020355,0.137126,-0.073989,0.160284,-0.052258,0.001269,0.000355
0,-0.315983,0.120564,-0.237912,0.138367,-0.19907,0.180228,0.002303,0.002104
0,-0.061922,0.001056,0.265819,-0.106131,0.25625,-0.094651,0.001081,1.8e-05
0,-3.757852,-1.05692,-3.720587,-1.079527,-3.746341,-1.094344,0.003044,0.002811
0,-4.819672,-0.890432,-1.045273,0.173951,-1.037797,0.161249,0.001878,9.5e-05
0,-5.369402,-1.342646,-0.565238,-0.427807,-0.520678,-0.418296,0.000101,2e-05
0,-4.199607,-1.307614,1.16044,0.060139,1.117717,0.079225,0.002936,0.000631
0,-3.509836,-1.003431,0.687487,0.334166,0.677137,0.371522,0.001285,0.001877
0,-3.076894,-0.718047,0.427358,0.292791,0.419011,0.339084,0.001023,0.003103
0,-2.232317,-0.395893,0.858565,0.307479,0.883855,0.289596,0.000128,0.000908
0,-1.501807,-0.29097,0.753176,0.133023,0.774691,0.091549,0.002758,0.002739
0,-0.432203,-0.305851,1.04067,0.001181,0.994386,0.016919,0.000275,0.00248
0,-0.111327,0.192509,0.324929,0.469059,0.292951,0.496401,0.001943,0.00336
0,0.040747,0.053007,0.146257,-0.168252,0.187018,-0.170023,0.000711,0.000925
0,0.02697,-0.031199,-0.027206,-0.079355,0.020072,-0.118881,0.000471,0.000545
0,-0.111529,-0.071422,-0.133422,-0.011731,-0.161351,-0.046176,0.001947,0.001247
0,-0.164095,0.118318,-0.053124,0.212606,-0.022934,0.252092,0.002864,0.002065
0,-0.220106,0.039011,-0.058266,-0.050206,-0.074745,-0.012844,0.003842,0.000681
0,-0.108503,0.090276,0.140104,0.029172,0.151524,-0.02031,0.001894,0.001576
0,0.012046,0.069908,0.108269,-0.01059,0.11865,0.032598,0.00021,0.00122
0,0.003859,-0.132683,-0.005138,-0.179436,0.019589,-0.140885,6.7e-05,0.002316
0,-0.012374,-0.117597,-0.01679,0.000105,-0.021271,0.039005,0.000216,0.002052
0,-0.168384,0.076019,-0.130633,0.182195,-0.169282,0.176865,0.002939,0.001327
0,-0.003135,-0.008196,0.147661,-0.105054,0.097882,-0.130191,5.5e-05,0.000143
0,0.038826,-0.095653,0.05863,-0.092492,0.091992,-0.089037,0.000678,0.001669
0,-0.104277,-0.147967,-0.146173,-0.074952,-0.120939,-0.069244,0.00182,0.002583
0,-0.17425,0.024044,-0.088663,0.177959,-0.06997,0.211614,0.003041,0.00042
0,0.060254,0.078521,0.212078,0.039622,0.257869,0.046234,0.001052,0.00137
0,-0.166945,0.021694,-0.231511,-0.070936,-0.217196,-0.106777,0.002914,0.000379
0,0.080107,-0.090152,0.264702,-0.086165,0.231126,-0.132253,0.001398,0.001573
0,-0.088315,0.106375,-0.189337,0.17573,-0.236709,0.171905,0.001541,0.001857
0,0.055436,-0.020474,0.129307,-0.104313,0.121525,-0.095636,0.000968,0.000357
0,-0.183644,-0.056278,-0.256001,-0.021681,-0.275284,-0.006614,0.003205,0.000982
0,-0.122618,-0.155832,0.033459,-0.105059,0.077423,-0.064969,0.00214,0.00272
0,-0.066914,-0.135944,0.044831,0.012568,0.066351,-0.026933,0.001168,0.002373
0,-0.241063,-0.173656,-0.170321,-0.046844,-0.184129,-0.085729,0.003611,0.003031
0,-0.022366,0.0651,0.226684,0.216395,0.222996,0.224594,0.00039,0.001136
0,0.05727,-0.068384,0.05632,-0.108712,0.00993,-0.093945,0.001,0.001194
0,0.114813,-0.049321,0.07646,0.000407,0.101381,0.016849,0.002004,0.000861
0,-0.106969,-0.118409,-0.222149,-0.09153,-0.270396,-0.084677,0.001867,0.002067
0,-0.006442,0.146044,0.12529,0.265872,0.147931,0.282832,0.000112,0.002549
0,0.05582,-0.002543,0.088147,-0.158789,0.095728,-0.207726,0.000974,4.4e-05
0,0.063401,-0.048724,-0.017329,-0.055891,0.006201,-0.089014,0.001107,0.00085
0,-0.161618,0.010307,-0.253569,0.036113,-0.276046,0.058054,0.002821,0.00018
0,-0.02636,0.097548,0.122827,0.086856,0.095216,0.128331,0.00046,0.001703
0,0.035893,-0.118817,0.059973,-0.211417,0.040322,-0.254857,0.000626,0.002074
0,0.085944,0.091734,0.030629,0.1863,0.064378,0.166615,0.0015,0.001601
0,-0.007613,0.086181,-0.102206,-0.015602,-0.108457,0.007243,0.000133,0.001504
0,0.158307,-0.017777,0.175028,-0.084837,0.134116,-0.129633,0.002763,0.00031
0,0.130895,0.084459,-0.008212,0.130999,-0.019514,0.138659,0.002285,0.001474
0,0.173953,0.05247,0.054083,-0.049406,0.097153,-0.048765,0.003036,0.000916
0,0.093686,-0.019331,-0.053715,-0.100969,-0.058635,-0.093756,0.001635,0.000337
0,0.188016,-0.047323,0.065822,-0.027379,0.092208,-0.058406,0.003282,0.000826
0,-0.041183,0.111868,-0.251229,0.137485,-0.287271,0.115297,0.000719,0.001952
0,0.029901,-0.032388,0.05901,-0.136383,0.069025,-0.136499,0.000522,0.000565
0,0.115169,0.129617,0.073575,0.167144,0.095902,0.134899,0.00201,0.002262
0,0.243982,0.042983,0.148556,-0.106919,0.195163,-0.150887,0.00356,0.00075
0,-0.005192,0.032593,-0.223195,-0.002086,-0.216167,-0.020414,9.1e-05,0.000569
0,0.248508,0.114055,0.227173,0.105747,0.24937,0.080857,0.003481,0.001991
0,-0.021098,-0.156885,-0.274264,-0.263652,-0.257791,-0.30213,0.000368,0.002738
0,0.20203,0.080569,0.252226,0.239673,0.240404,0.235859,0.003526,0.001406
0,0.057209,-0.122795,-0.162451,-0.181886,-0.208695,-0.218029,0.000998,0.002143
0,0.122339,-0.026674,0.079292,0.119176,0.125074,0.082307,0.002135,0.000466
0,0.19916,-0.040093,0.094764,0.01261,0.065098,-0.008323,0.003476,0.0007
0,0.120915,0.152082,-0.049786,0.165796,-0.030922,0.215507,0.00211,0.002654
0,0.043314,0.125069,-0.070696,-0.031226,-0.033053,-0.001237,0.000756,0.002183
0,0.063952,-0.132372,0.032137,-0.287141,-0.00757,-0.244829,0.001116,0.00231
0,-0.047787,0.080009,-0.108316,0.194347,-0.10879,0.163457,0.000834,0.001396
0,-0.087997,-0.097988,-0.029819,-0.201086,0.001059,-0.174364,0.001536,0.00171
0,0.203979,0.015208,0.286159,0.100482,0.32638,0.111047,0.00356,0.000265
0,0.056438,-0.105307,-0.152249,-0.105711,-0.156148,-0.0595,0.000985,0.001838
0,0.19224,-0.083353,0.164977,0.042049,0.213209,0.045766,0.003355,0.001455
0,0.19624,0.031472,-0.009441,0.126449,-0.038481,0.123252,0.003425,0.000549
0,0.093423,0.111923,-0.104389,0.051366,-0.114805,0.001983,0.001631,0.001953
0,-0.031408,0.196361,-0.117361,0.07227,-0.109779,0.051771,0.000548,0.003427
0,-0.01267,-0.068591,0.01441,-0.294749,0.033831,-0.337863,0.000221,0.001197
0,0.069225,-0.078463,0.101951,-0.034498,0.133951,-0.027388,0.001208,0.001369
0,0.00808,0.126501,-0.085168,0.213654,-0.122963,0.188189,0.000141,0.002208
0,0.090604,-0.040665,0.055308,-0.146764,0.100068,-0.117977,0.001581,0.00071
0,-0.036154,0.110805,-0.104613,0.163792,-0.09501,0.129532,0.000631,0.001934
0,-0.158912,-0.05795,-0.143607,-0.168922,-0.141581,-0.128546,0.002774,0.001011
0,-0.106568,0.068038,0.05513,0.151977,0.087372,0.197495,0.00186,0.001187
0,-0.022825,0.051975,0.089762,0.001827,0.127306,-0.03579,0.000398,0.000907
0,0.024171,0.147637,0.023602,0.081103,0.02875,0.11726,0.000422,0.002577
0,0.004954,0.001028,-0.047863,-0.170116,-0.023014,-0.172837,8.6e-05,1.8e-05
0,-0.176754,0.073532,-0.163844,0.05794,-0.135997,0.103732,0.003085,0.001283
0,0.058344,-0.021675,0.209338,-0.110552,0.205118,-0.13374,0.001018,0.000378
0,-0.155545,0.137747,-0.222747,0.184719,-0.218096,0.182143,0.002715,0.002404
0,-0.075433,-0.010531,0.092575,-0.129227,0.075631,-0.178699,0.001317,0.000184
0,-0.092954,-0.131713,-0.029442,-0.117137,-0.061365,-0.109466,0.001622,0.002299
0,-0.104664,-0.008837,-0.011066,0.105083,-0.057283,0.132447,0.001827,0.000154
0,-0.088112,-0.020075,0.004574,-0.01266,0.008302,-0.010017,0.001538,0.00035
0,-0.073849,0.070548,0.041348,0.061139,0.037685,0.061947,0.001289,0.001231
0,-0.068451,-0.108679,-0.012602,-0.158866,0.028255,-0.125308,0.001195,0.001897
0,-0.048325,-0.193604,0.025122,-0.075907,0.016038,-0.076635,0.000843,0.003379
0,-0.028601,-0.189856,-0.004405,-0.012478,0.031401,0.001773,0.000499,0.003314
0,0.001414,0.031404,0.057385,0.221002,0.028879,0.183127,2.5e-05,0.000548
0,0.084749,-0.059431,0.076304,-0.080523,0.058668,-0.044056,0.001479,0.001037
0,-0.223281,-0.017783,-0.325009,0.026756,-0.323618,-0.005882,0.003897,0.00031
0,0.035652,0.036171,0.238008,0.036892,0.202967,0.023396,0.000622,0.000631
0,-0.078178,-0.081856,-0.106511,-0.091655,-0.070944,-0.09422,0.001364,0.001429
0,0.040796,-0.003004,0.09,0.085332,0.108393,0.13458,0.000712,5.2e-05
0,-0.041841,-0.068919,-0.086267,-0.03625,-0.090571,-0.046953,0.00073,0.001203
0,-0.200832,0.003296,-0.185234,0.082489,-0.226768,0.10146,0.003505,5.8e-05
0,-0.14552,-0.093647,0.049921,-0.085083,0.090806,-0.041567,0.00254,0.001634
0,-0.059868,0.00488,0.106775,0.086067,0.108873,0.068306,0.001045,8.5e-05
0,-0.219444,0.03423,-0.153784,0.004383,-0.116604,0.037685,0.00383,0.000597
0,-0.267916,-0.143738,-0.056426,-0.166436,-0.105122,-0.130795,0.003142,0.002509
0,-0.073592,-0.101851,0.195653,0.012036,0.202708,-0.028162,0.001284,0.001778
0,-0.011855,-0.08424,0.072015,0.026039,0.10589,0.005737,0.000207,0.00147
0,-0.188228,0.064851,-0.168958,0.13564,-0.197001,0.129875,0.003285,0.001132
0,-0.135984,-0.180006,0.047175,-0.27188,0.03329,-0.282178,0.002373,0.003142
0,-0.141263,-0.206604,-0.011217,-0.047688,0.015988,-0.072534,0.002465,0.003606
0,-0.108581,-0.152182,0.011553,0.041046,0.019817,0.023137,0.001895,0.002656
0,-0.295953,0.048988,-0.199221,0.195772,-0.214609,0.186535,0.002653,0.000855
0,-0.211599,-0.07638,0.093269,-0.109453,0.116996,-0.071432,0.003693,0.001333
0,-0.135537,-0.10594,0.082195,-0.059094,0.048806,-0.082655,0.002366,0.001849
0,-0.13119,-0.141187,-0.007507,-0.057709,-0.002734,-0.022535,0.00229,0.002464
0,-0.218924,0.047067,-0.072317,0.179051,-0.120223,0.132361,0.003821,0.000821
0,-0.089889,-0.0058,0.151767,-0.044876,0.107697,-0.041015,0.001569,0.000101
0,-0.342408,-0.005342,-0.226724,0.026797,-0.274001,0.065702,0.001842,9.3e-05
0,-0.311562,-0.201738,0.060555,-0.177507,0.038421,-0.175162,0.00238,0.003521
0,3.893844,0.787125,4.211891,0.986444,4.163064,0.974295,0.0024,0.001898
0,4.752149,1.730626,0.847273,0.926297,0.896812,0.950254,0.003056,0.001066
0,4.898002,2.215497,0.137245,0.464296,0.12264,0.430895,0.00051,0.000422
0,5.531107,2.030239,0.627314,-0.180593,0.589103,-0.156133,0.002721,0.003655
0,4.618049,1.698708,-0.936923,-0.324886,-0.955178,-0.277193,0.002421,0.001623
0,3.977469,1.228013,-0.614227,-0.473127,-0.617817,-0.481935,0.000941,0.002021
0,3.138971,0.730892,-0.850461,-0.475577,-0.869328,-0.525529,6e-05,0.002879
0,2.1447,0.16756,-0.97971,-0.549954,-0.962709,-0.558819,0.001657,0.002924
0,1.724424,0.055769,-0.433285,-0.083194,-0.47987,-0.071204,0.001175,0.000973
0,0.929518,-0.027426,-0.772298,-0.065748,-0.777039,-0.111277,0.000587,0.000479
0,0.362874,-0.16415,-0.54185,-0.126964,-0.534033,-0.162828,0.001485,0.002865
0,0.299246,-0.09719,-0.062298,0.075988,-0.094275,0.088166,0.002595,0.001696
0,-0.209658,-0.329666,-0.511143,-0.22984,-0.53738,-0.203118,0.003659,0.002064
0,-0.292144,-0.252799,-0.087143,0.104468,-0.108894,0.11047,0.002719,0.003406
0,-0.427312,-0.307002,-0.152345,-0.068551,-0.115772,-0.030839,0.00036,0.00246
0,-0.327539,0.015886,0.1118,0.29641,0.15876,0.275898,0.002101,0.000277
0,-0.470752,-0.091388,-0.120576,-0.079101,-0.089601,-0.097703,0.000398,0.001595
0,-0.37656,0.07116,0.082349,0.163345,0.0721,0.124009,0.001246,0.001242
0,-0.245451,-0.047467,0.158922,-0.132121,0.179005,-0.181634,0.003534,0.000828
0,-0.078351,-0.061568,0.182874,-0.004891,0.16948,0.024682,0.001367,0.001075
0,-0.060009,-0.049447,0.015298,0.006882,-0.005196,0.023113,0.001047,0.000863
0,-0.13134,0.142479,-0.088427,0.219519,-0.071657,0.26551,0.002292,0.002487
0,-0.22195,-0.099233,-0.085847,-0.243385,-0.044453,-0.196843,0.003874,0.001732
0,-0.044072,0.114935,0.165435,0.220357,0.117905,0.181532,0.000769,0.002006
0,0.045827,-0.032658,0.116563,-0.126983,0.147722,-0.164031,0.0008,0.00057
0,-0.052961,-0.117365,-0.094481,-0.059249,-0.116254,-0.057852,0.000924,0.002048
0,-0.127865,0.117703,-0.056237,0.260661,-0.072215,0.263572,0.002232,0.002054
0,-0.005864,-0.039119,0.097271,-0.149184,0.145616,-0.154838,0.000102,0.000683
0,-0.049785,0.030251,-0.054638,0.081746,-0.087692,0.064267,0.000869,0.000528
0,-0.02079,-0.066353,0.041594,-0.106925,0.090552,-0.156158,0.000363,0.001158
0,-0.080809,-0.059526,-0.066241,-0.001373,-0.072013,-0.050206,0.00141,0.001039
0,0.05514,-0.064075,0.1336,-0.030504,0.156206,-0.019898,0.000962,0.001118
0,0.075265,-0.069153,-0.009831,-0.022655,-0.003432,-0.065035,0.001314,0.001207
0,0.009215,0.042968,-0.042994,0.124288,-0.088284,0.104127,0.000161,0.00075
0,0.199124,-0.011628,0.167124,-0.026547,0.171813,-0.06628,0.003475,0.000203
0,-0.111176,-0.111631,-0.330933,-0.086598,-0.360067,-0.113499,0.00194,0.001948
0,0.052095,0.002544,0.135883,0.13499,0.166178,0.101037,0.000909,4.4e-05
0,-0.037471,0.138517,-0.064381,0.12619,-0.060222,0.134691,0.000654,0.002418
0,0.041147,0.042512,0.054619,-0.072315,0.073868,-0.030416,0.000718,0.000742
0,0.056512,0.053553,0.039051,-0.017346,0.068837,-0.052797,0.000986,0.000935
0,0.116969,0.128777,0.059448,0.061756,0.101591,0.092741,0.002042,0.002248
0,-0.045936,0.039054,-0.143317,-0.084147,-0.142626,-0.051915,0.000802,0.000682
0,-0.100343,0.014633,-0.024529,-0.01402,-0.01357,-0.007648,0.001751,0.000255
0,0.149204,0.065151,0.27483,0.058489,0.237965,0.017095,0.002604,0.001137
0,0.052982,0.014809,-0.081519,-0.036389,-0.051421,-0.030044,0.000925,0.000258
0,-0.125381,0.025939,-0.173767,0.009729,-0.165718,-0.026059,0.002188,0.000453
0,-0.038248,-0.031705,0.100259,-0.056731,0.101557,-0.022345,0.000668,0.000553
0,-0.028464,-0.138343,0.026456,-0.087537,0.030256,-0.092719,0.000497,0.002415
0,0.055902,-0.130297,0.094211,-0.010174,0.143735,-0.03104,0.000976,0.002274
0,-0.089303,0.143499,-0.126075,0.283712,-0.128203,0.273159,0.001559,0.002505
0,-0.093469,0.154872,0.000342,0.015839,-0.023607,0.008206,0.001631,0.002703
0,-0.129174,0.022662,-0.033045,-0.151911,-0.038441,-0.1914,0.002255,0.000396
0,0.076159,-0.060878,0.208932,-0.05492,0.169593,-0.046781,0.001329,0.001063
0,-0.086073,0.086044,-0.156626,0.160252,-0.204871,0.142421,0.001502,0.001502
0,0.096499,0.196275,0.154535,0.128825,0.169143,0.108937,0.001684,0.003426
0,0.026645,0.009567,-0.048474,-0.203514,-0.021025,-0.16674,0.000465,0.000167
0,-0.108662,0.153466,-0.130796,0.143048,-0.107683,0.156958,0.001897,0.002678
0,0.063938,0.096028,0.191646,-0.086771,0.17324,-0.051603,0.001116,0.001676
0,-0.120814,0.04165,-0.20695,-0.066285,-0.186792,-0.081628,0.002109,0.000727
0,0.11601,-0.050457,0.210258,-0.100291,0.196938,-0.124793,0.002025,0.000881
0,-0.161225,0.155095,-0.305796,0.232008,-0.334378,0.21413,0.002814,0.002707
0,-0.108231,0.177579,0.027799,0.025121,0.024917,-0.00883,0.001889,0.003099
0,-0.085152,0.042723,0.012809,-0.155058,0.00177,-0.14629,0.001486,0.000746
0,-0.186581,0.023531,-0.130113,-0.03452,-0.104435,-0.039697,0.003256,0.000411
0,-0.087029,0.164928,0.072872,0.12135,0.036745,0.161066,0.001519,0.002879
0,-0.049866,0.090925,0.008054,-0.054085,0.012504,-0.080918,0.00087,0.001587
0,-0.216907,-0.094013,-0.149468,-0.191587,-0.101296,-0.204224,0.003786,0.001641
0,-0.111496,0.012079,0.119604,0.088433,0.080278,0.133499,0.001946,0.000211
0,-0.182339,0.084917,-0.052224,0.076617,-0.080369,0.037747,0.003182,0.001482
0,0.000404,0.045393,0.184521,-0.034677,0.149703,0.005409,7e-06,0.000792
0,-0.07531,0.062796,-0.054399,0.013715,-0.01178,0.059014,0.001314,0.001096
0,-0.085171,0.138702,-0.015609,0.070596,-0.05185,0.082355,0.001487,0.002421
0,-0.025513,0.117569,0.074705,-0.010561,0.052665,0.01296,0.000445,0.002052
0,0.066575,-0.149998,0.076428,-0.277166,0.048321,-0.299643,0.001162,0.002618
0,0.053164,0.011149,0.006908,0.164922,0.025406,0.144371,0.000928,0.000195
0,-0.137139,-0.009241,-0.164765,0.004181,-0.179273,0.036117,0.002394,0.000161
0,-0.174714,0.102426,-0.05309,0.082346,-0.006089,0.076663,0.003049,0.001788
0,0.070107,0.055402,0.218542,-0.02517,0.263904,-0.053682,0.001224,0.000967
0,0.012477,-0.156847,-0.086732,-0.236543,-0.086114,-0.187937,0.000218,0.002737
0,0.034032,-0.062687,0.050274,0.066782,0.089972,0.078768,0.000594,0.001094
0,-0.075652,-0.120769,-0.133404,-0.04201,-0.1185,-0.004661,0.00132,0.002108
0,-0.075131,-0.022116,0.005635,0.123922,0.032382,0.15345,0.001311,0.000386
0,-0.051959,0.111815,-0.003598,0.134836,-0.013386,0.105254,0.000907,0.001952
0,-0.151742,-0.092919,-0.107404,-0.189293,-0.153409,-0.198711,0.002648,0.001622
0,-0.081545,-0.061028,0.067056,0.060123,0.083146,0.099198,0.001423,0.001065
0,-0.030734,-0.007243,0.069896,0.056015,0.094417,0.042884,0.000536,0.000126
0,0.09032,-0.146387,0.127557,-0.112599,0.13911,-0.089528,0.001576,0.002555
0,-0.171261,-0.049783,-0.288246,0.091783,-0.336533,0.066697,0.002989,0.000869
0,-0.070283,-0.067698,0.107603,-0.001542,0.157344,0.016673,0.001227,0.001182
0,-0.086177,-0.162784,-0.030949,-0.100348,0.007037,-0.071856,0.001504,0.002841
0,-0.051138,0.09654,0.056208,0.272671,0.008167,0.27761,0.000893,0.001685
0,-0.198602,-0.072114,-0.131541,-0.168447,-0.177442,-0.176679,0.003466,0.001259
0,0.037801,-0.169339,0.232621,-0.092561,0.187418,-0.096062,0.00066,0.002956
0,-0.017337,-0.125808,-0.061329,0.049431,-0.057433,0.057116,0.000303,0.002196
0,-0.082257,-0.042472,-0.041854,0.087078,-0.028812,0.132786,0.001436,0.000741
0,0.089349,0.117399,0.159482,0.136098,0.203587,0.154641,0.001559,0.002049
0,-0.088971,-0.089579,-0.170005,-0.20044,-0.160684,-0.21256,0.001553,0.001563
0,-0.042984,0.076454,0.020723,0.144771,0.061184,0.140213,0.00075,0.001334
0,-0.063779,0.043844,0.005841,-0.060167,0.035511,-0.076954,0.001113,0.000765
0,0.178029,0.109599,0.264316,0.095062,0.239626,0.093479,0.003107,0.001913
0,0.106424,-0.107582,-0.070196,-0.235656,-0.097478,-0.245654,0.001857,0.001878
0,0.123059,-0.084581,0.013387,0.02307,0.01176,0.032035,0.002148,0.001476
0,0.113663,0.114906,-0.01886,0.169859,-0.016809,0.14391,0.001984,0.002005
0,-0.003258,0.076781,-0.089461,-0.036534,-0.078583,-0.076271,5.7e-05,0.00134
0,0.069915,0.040303,0.056425,-0.010057,0.009934,0.031826,0.00122,0.000703
0,0.050503,0.041411,0.002985,-0.022918,-0.011441,0.018377,0.000881,0.000723
0,-0.082026,-0.186374,-0.104616,-0.218311,-0.102921,-0.238894,0.001432,0.003253
0,-0.068142,0.063793,-0.004411,0.245626,-0.034345,0.252913,0.001189,0.001113
0,-0.053105,0.065382,0.02858,-0.02619,-0.006851,-0.017781,0.000927,0.001141
0,0.069301,-0.067183,0.111767,-0.126121,0.073585,-0.108757,0.00121,0.001173
0,0.070974,-0.155224,0.013195,-0.062177,-0.007078,-0.014349,0.001239,0.002709
0,-0.061387,0.017932,-0.148376,0.167452,-0.130742,0.186468,0.001071,0.000313
0,-0.046499,0.068891,0.038555,0.075124,0.031094,0.109781,0.000812,0.001202
0,0.004208,0.128999,0.022528,0.063068,0.031227,0.078267,7.3e-05,0.002251
0,0.094428,-0.149445,0.105022,-0.277244,0.114495,-0.255381,0.001648,0.002608
0,0.10675,-0.136402,-0.0132,-0.00255,0.029583,0.036518,0.001863,0.002381
0,-0.059778,0.140606,-0.149501,0.251968,-0.168082,0.24475,0.001043,0.002454
0,0.097449,-0.0271,0.174746,-0.151251,0.180142,-0.146348,0.001701,0.000473
0,-0.078014,-0.140981,-0.194878,-0.095076,-0.222668,-0.050244,0.001362,0.002461
0,0.054402,-0.127464,0.143568,0.014684,0.162332,-0.034893,0.000949,0.002225
0,0.004635,0.121861,-0.05836,0.219997,-0.040328,0.238186,8.1e-05,0.002127
0,0.006773,0.047416,-0.01228,-0.049734,0.013687,-0.003165,0.000118,0.000828
0,-0.02252,0.001202,-0.057229,-0.07441,-0.039803,-0.071546,0.000393,2.1e-05
0,-0.194694,-0.149492,-0.142332,-0.177712,-0.155821,-0.152291,0.003398,0.002609
0,0.07443,-0.119039,0.295193,0.059253,0.286818,0.057375,0.001299,0.002078
0,-0.117709,-0.054643,-0.197168,0.06492,-0.176521,0.042921,0.002054,0.000954
0,0.060604,-0.06739,0.197672,3e-06,0.171113,-0.024187,0.001058,0.001176
0,0.107661,0.097806,0.047821,0.184766,0.030747,0.19397,0.001879,0.001707
0,-0.052163,-0.101308,-0.160003,-0.226985,-0.188388,-0.183395,0.00091,0.001768
0,-0.013343,0.047165,0.062346,0.131129,0.021998,0.179447,0.000233,0.000823
0,0.167896,-0.125705,0.174775,-0.154779,0.210973,-0.158083,0.00293,0.002194
0,0.17557,0.08526,0.005224,0.183158,-0.005669,0.187226,0.003064,0.001488
0,-0.012627,-0.021347,-0.16678,-0.130991,-0.212584,-0.108295,0.00022,0.000373
0,-0.091283,0.044657,-0.086473,0.066691,-0.100351,0.041954,0.001593,0.000779
0,-0.157401,0.023823,-0.055725,-0.022599,-0.077176,0.016968,0.002747,0.000416
0,-0.00365,-0.002231,0.148482,-0.050344,0.197472,-0.080328,6.4e-05,3.9e-05
0,0.075392,0.130118,0.051828,0.15732,0.043438,0.110919,0.001316,0.002271
0,0.041022,0.045923,-0.059833,-0.105802,-0.101533,-0.152342,0.000716,0.000802
0,0.105448,-0.07576,0.043497,-0.103963,0.065269,-0.121264,0.00184,0.001322
0,0.038077,-0.123532,-0.086994,-0.062405,-0.084763,-0.088135,0.000665,0.002156
0,0.032182,0.145847,0.012642,0.282907,0.041991,0.254177,0.000562,0.002546
0,0.130949,-0.010174,0.093503,-0.153368,0.08353,-0.199779,0.002285,0.000178
0,0.004581,0.080419,-0.101839,0.086914,-0.082143,0.055586,8e-05,0.001404
0,-0.007157,-0.158066,-0.033454,-0.210586,-0.037528,-0.211936,0.000125,0.002759
0,0.05633,-0.089907,0.069895,0.069246,0.111091,0.063214,0.000983,0.001569
0,0.000674,-0.150608,-0.073667,-0.061899,-0.06311,-0.062549,1.2e-05,0.002629
0,0.024369,-0.012936,0.008757,0.145447,0.028338,0.193482,0.000425,0.000226
0,-0.020022,-0.039513,-0.046095,-0.054301,-0.006414,-0.086944,0.000349,0.00069
0,0.078983,-0.013662,0.06982,0.005463,0.100114,0.028934,0.001379,0.000238
0,-0.072646,-0.124376,-0.125936,-0.116694,-0.100911,-0.081762,0.001268,0.002171
0,-0.048698,0.11347,0.016023,0.225018,0.013243,0.270628,0.00085,0.00198
0,-0.150239,-0.140945,-0.090643,-0.243805,-0.125137,-0.219348,0.002622,0.00246
0,-0.035825,0.118261,0.123097,0.279113,0.132722,0.312286,0.000625,0.002064
0,0.022867,-0.120045,0.056557,-0.210086,0.057424,-0.161697,0.000399,0.002095
0,-0.092076,0.045309,-0.138618,0.1948,-0.164698,0.160517,0.001607,0.000791
0,-0.036966,0.008104,0.059857,-0.016784,0.098959,-0.044134,0.000645,0.000141
0,-0.062371,-0.081134,-0.025671,-0.096857,-0.071174,-0.109452,0.001089,0.001416
0,0.111285,-0.002351,0.165797,0.078131,0.141536,0.042605,0.001942,4.1e-05
0,-0.046693,0.003581,-0.181598,0.018998,-0.228365,0.008002,0.000815,6.3e-05
0,0.008304,0.118849,0.081892,0.133587,0.049836,0.139633,0.000145,0.002074
0,0.035089,-0.094955,0.02329,-0.211731,0.031877,-0.184284,0.000612,0.001657
0,0.019076,0.03801,-0.032734,0.142846,-0.06324,0.115304,0.000333,0.000663
0,0.003472,-0.057801,-0.037724,-0.090392,-0.032282,-0.101245,6.1e-05,0.001009
0,-0.138961,-0.021263,-0.164797,0.036741,-0.152187,0.082883,0.002425,0.000371
0,-0.13773,-0.083641,-0.027615,-0.086688,-0.065834,-0.087248,0.002404,0.00146
0,-0.025292,-0.130771,0.138201,-0.058508,0.127975,-0.030157,0.000441,0.002282
0,0.098133,-0.04078,0.146423,0.075506,0.132343,0.102512,0.001713,0.000712
0,0.070197,0.092985,-0.02921,0.147504,-0.01744,0.137426,0.001225,0.001623
0,-0.109166,-0.042899,-0.170365,-0.12032,-0.142731,-0.121336,0.001905,0.000749
0,-0.209801,0.13579,-0.073188,0.154538,-0.104483,0.181001,0.003662,0.00237
0,-0.074062,-0.054769,0.135343,-0.212864,0.155886,-0.200776,0.001293,0.000956
0,0.045012,-0.148313,0.130652,-0.121668,0.143013,-0.092939,0.000786,0.002589
0,0.029773,0.099794,-0.005336,0.265799,-0.020781,0.254017,0.00052,0.001742
0,-0.006164,-0.017457,-0.029969,-0.093641,-0.069218,-0.128618,0.000108,0.000305
0,0.106189,0.112555,0.097787,0.152213,0.128279,0.162488,0.001853,0.001964
0,-0.145389,-0.030826,-0.246511,-0.131518,-0.241058,-0.132866,0.002538,0.000538
0,0.051438,-0.088955,0.169709,-0.05711,0.124329,-0.075007,0.000898,0.001553
0,0.072893,-0.056036,-0.003784,0.046527,0.008797,0.074101,0.001272,0.000978
0,-0.172472,-0.100886,-0.220022,-0.045478,-0.204648,-0.049058,0.00301,0.001761
0,-0.125135,-0.00591,0.035441,0.12209,0.010889,0.124849,0.002184,0.000103
0,-0.078208,0.083817,0.028379,0.098573,0.045505,0.134866,0.001365,0.001463
0,-0.036726,0.004068,0.035174,-0.089366,0.028882,-0.063125,0.000641,7.1e-05
0,-0.141178,-0.051484,-0.130094,-0.032645,-0.140433,-0.001747,0.002464,0.000899
0,-0.012506,0.090386,0.111069,0.152252,0.152591,0.179807,0.000218,0.001578
0,-0.117836,-0.032323,-0.080227,-0.128191,-0.048937,-0.166324,0.002057,0.000564
0,-0.109883,0.091328,0.001477,0.119617,0.032614,0.150414,0.001918,0.001594
0,0.042758,0.161183,0.127063,0.090646,0.105666,0.061124,0.000746,0.002813
0,-0.014224,-0.023048,-0.072933,-0.198986,-0.039273,-0.230439,0.000248,0.000402
0,0.07915,-0.125596,0.110785,-0.129559,0.14655,-0.110635,0.001381,0.002192
0,-2.412857,0.282983,-2.510311,0.410028,-2.468703,0.382995,0.003023,0.002879
0,-3.490674,0.593986,-1.076934,0.294337,-1.053367,0.285612,0.001619,0.002549
0,-3.905481,0.818202,-0.421127,0.209525,-0.468795,0.248546,0.002197,0.001355
0,-3.751251,0.564405,0.143916,-0.234954,0.166635,-0.210081,0.002929,0.002033
0,-3.346979,0.790084,0.404021,0.207353,0.393923,0.211018,0.003691,0.001846
0,-3.196482,0.76172,0.150486,-0.044425,0.16901,-0.046392,0.001064,0.002341
0,-2.905104,0.600604,0.306596,-0.160851,0.351214,-0.16647,0.003796,0.002665
0,-2.371389,0.211507,0.545684,-0.418299,0.568704,-0.458565,0.002299,0.003691
0,-1.650204,0.13247,0.732933,-0.090204,0.711511,-0.076571,0.00247,0.002312
0,-1.150371,0.21009,0.522149,0.072968,0.523069,0.094659,0.003376,0.003667
0,-0.760315,0.240845,0.373102,0.006212,0.369667,-0.013915,0.002366,0.003614
0,-0.401522,0.292991,0.331562,0.058949,0.338507,0.029505,0.00081,0.002704
0,0.033693,-0.034103,0.412354,-0.32236,0.449488,-0.344016,0.000588,0.000595
0,0.133482,0.016464,0.079507,0.037774,0.031021,0.039529,0.00233,0.000287
0,0.189848,0.027971,0.085557,0.021426,0.043839,0.003571,0.003313,0.000488
0,0.312402,-0.029954,0.131339,-0.03128,0.165422,-0.05409,0.002365,0.000523
0,0.282951,-0.096722,-0.047098,-0.075256,-0.068328,-0.02946,0.002879,0.001688
0,0.161389,-0.076204,-0.144828,0.003688,-0.141059,0.042184,0.002817,0.00133
0,0.194849,0.046824,0.061424,0.134094,0.05589,0.148725,0.003401,0.000817
0,0.167812,-0.105222,-0.037778,-0.127394,-0.054957,-0.111895,0.002929,0.001836
0,0.130463,-0.083036,-0.050872,0.032034,-0.089647,-0.001173,0.002277,0.001449
0,0.079135,-0.198975,-0.06083,-0.13648,-0.087436,-0.140171,0.001381,0.003473
0,0.355475,-0.023081,0.300421,0.190227,0.264424,0.2398,0.001614,0.000403
0,0.210345,-0.244297,-0.160179,-0.238523,-0.205342,-0.273587,0.003671,0.003554
0,0.165532,-0.093032,-0.01696,0.128597,-0.002929,0.094123,0.002889,0.001624
0,0.178781,-0.195035,0.005269,-0.100917,0.019299,-0.066441,0.00312,0.003404
0,0.055531,0.096993,-0.116699,0.281462,-0.148136,0.255043,0.000969,0.001693
0,0.099201,0.039401,0.022705,-0.061287,0.030836,-0.088296,0.001731,0.000688
0,0.114263,-0.111556,0.04309,-0.139875,-0.000867,-0.167604,0.001994,0.001947
0,0.250121,-0.128288,0.144362,-0.036911,0.103484,-0.079126,0.003452,0.002239
0,-0.083242,0.027656,-0.342268,0.138172,-0.35874,0.160508,0.001453,0.000483
0,-0.042945,-0.1178,0.041107,-0.134691,0.061147,-0.123939,0.00075,0.002056
0,0.127592,0.071255,0.172384,0.183368,0.128606,0.151571,0.002227,0.001244
0,-0.114978,0.09637,-0.247776,-0.001402,-0.254825,-0.035853,0.002007,0.001682
0,-0.101814,0.047351,-0.013191,-0.04281,-0.037614,-0.049234,0.001777,0.000826
0,-0.131207,-0.083007,-0.045715,-0.118184,-0.07415,-0.098273,0.00229,0.001449
0,-0.113871,0.054451,0.034365,0.121187,0.062376,0.130868,0.001987,0.00095
0,-0.121506,-0.102953,0.014392,-0.130573,-0.000798,-0.16679,0.002121,0.001797
0,0.041525,0.088507,0.151392,0.166407,0.153222,0.158806,0.000725,0.001545
0,-0.005476,0.128401,-0.067472,0.018927,-0.027634,-0.008793,9.6e-05,0.002241
0,0.061837,-0.120132,0.07014,-0.224678,0.094095,-0.176439,0.001079,0.002097
0,0.046609,0.136707,-0.027789,0.268573,0.013182,0.247903,0.000813,0.002386
0,-0.187654,0.130555,-0.248605,0.01648,-0.276246,0.022903,0.003275,0.002279
0,0.062789,0.027573,0.275607,-0.079643,0.245878,-0.060929,0.001096,0.000481
0,-0.14279,0.122737,-0.217591,0.087243,-0.229275,0.127612,0.002492,0.002142
0,-0.046006,0.00514,0.07466,-0.139248,0.122582,-0.094566,0.000803,9e-05
0,-0.047357,-0.005803,-0.022146,-0.040042,-0.01331,-0.067465,0.000827,0.000101
0,-0.073359,0.107821,-0.013297,0.109157,0.033802,0.150208,0.00128,0.001882
0,-0.163692,-0.024581,-0.097059,-0.114736,-0.047214,-0.104839,0.002857,0.000429
0,0.015164,0.020157,0.169468,0.054592,0.194961,0.037304,0.000265,0.000352
0,-0.083637,0.112982,-0.11517,0.098648,-0.087706,0.090679,0.00146,0.001972
0,-0.060527,0.05281,0.020491,-0.069484,0.023635,-0.023322,0.001056,0.000922
0,0.008004,-0.114241,0.073397,-0.154703,0.024712,-0.204154,0.00014,0.001994
0,-0.1805,0.056336,-0.182516,0.155914,-0.231585,0.112624,0.00315,0.000983
0,-0.126491,0.062457,0.04024,0.008282,0.038789,0.009422,0.002208,0.00109
0,-0.130061,0.005174,0.024616,-0.08539,0.025084,-0.093789,0.00227,9e-05
0,-0.148268,-0.049714,-0.024092,-0.059114,0.015349,-0.102131,0.002588,0.000868
0,-0.093532,0.087449,0.079224,0.136429,0.044172,0.178607,0.001632,0.001526
0,-0.146519,-0.026265,-0.025885,-0.096296,-0.014021,-0.129435,0.002557,0.000458
0,-0.013335,-0.020437,0.139745,0.005454,0.147525,0.026874,0.000233,0.000357
0,0.002847,0.126592,0.019001,0.132717,-0.004434,0.179375,5e-05,0.002209
0,0.03354,-0.044698,0.052393,-0.178558,0.07174,-0.166482,0.000585,0.00078
0,0.029047,0.144945,0.011043,0.161661,0.036603,0.139908,0.000507,0.00253
0,-0.1372,-0.018313,-0.192255,-0.152965,-0.199072,-0.162137,0.002395,0.00032
0,-0.173493,0.062533,-0.040298,0.078716,-0.040819,0.07745,0.003028,0.001091
0,-0.008112,-0.063926,0.183593,-0.144576,0.138976,-0.107979,0.000142,0.001116
0,0.118618,0.00555,0.118521,0.072775,0.12542,0.043344,0.00207,9.7e-05
0,-0.045045,-0.064938,-0.143965,-0.053291,-0.164724,-0.016851,0.000786,0.001133
0,0.168088,0.16818,0.190496,0.241374,0.170729,0.214051,0.002934,0.002935
0,0.045868,0.150809,-0.093924,0.011098,-0.076916,0.027235,0.000801,0.002632
0,-0.119874,0.105965,-0.142883,-0.043754,-0.114321,-0.032474,0.002092,0.001849
0,0.101648,0.031592,0.248841,-0.053422,0.266529,-0.071803,0.001774,0.000551
0,0.048708,0.108783,-0.08014,0.081451,-0.084157,0.090197,0.00085,0.001899
0,0.136396,-0.047285,0.112413,-0.162526,0.154575,-0.199469,0.002381,0.000825
0,0.166139,0.124633,0.032536,0.17964,0.079075,0.202573,0.0029,0.002175
0,0.04113,-0.037315,-0.129303,-0.150173,-0.099482,-0.173787,0.000718,0.000651
0,-0.057013,0.044412,-0.096972,0.05256,-0.112465,0.052969,0.000995,0.000775
0,0.203325,-0.052891,0.261327,-0.085937,0.219168,-0.074522,0.003549,0.000923
0,0.193106,-0.057308,-0.006811,-0.033551,0.007539,-0.030851,0.00337,0.001
0,0.007213,-0.03924,-0.195409,0.045513,-0.22086,0.022866,0.000126,0.000685
0,0.120933,0.063484,0.111663,0.094695,0.089569,0.046511,0.002111,0.001108
0,-0.065968,0.067452,-0.194384,-0.01833,-0.153053,0.007096,0.001151,0.001177
0,-0.107086,-0.06249,-0.01743,-0.14123,-0.055713,-0.129203,0.001869,0.001091
0,-0.112214,-0.076109,-0.00866,-0.006186,0.000849,0.004915,0.001959,0.001328
0,-0.04509,0.084742,0.056388,0.13815,0.01472,0.124527,0.000787,0.001479
0,0.017852,-0.070082,0.070884,-0.166113,0.093063,-0.21138,0.000312,0.001223
0,0.032618,-0.121936,0.000835,-0.062745,3e-05,-0.056859,0.000569,0.002128
0,-0.060522,0.07847,-0.072309,0.17635,-0.04734,0.162407,0.001056,0.00137
0,-0.003011,-0.06307,0.057373,-0.114719,0.092188,-0.117568,5.3e-05,0.001101
0,0.004652,-0.046491,0.026775,0.045681,0.022596,0.025513,8.1e-05,0.000811
0,-0.096804,-0.133183,-0.076713,-0.106325,-0.048408,-0.069968,0.00169,0.002324
0,0.046778,0.050781,0.148287,0.163544,0.132605,0.177191,0.000816,0.000886
0,0.157369,-0.130852,0.132938,-0.164426,0.158137,-0.179303,0.002747,0.002284
0,-0.040308,0.014704,-0.201806,0.151934,-0.185553,0.127882,0.000704,0.000257
0,0.022855,-0.066157,0.08916,-0.108034,0.072465,-0.117245,0.000399,0.001155
0,1.205006,-0.194399,1.197343,-0.146055,1.240061,-0.105129,0.002422,0.003393
0,1.724728,-0.290996,0.498366,-0.102476,0.47703,-0.117823,0.001169,0.002739
0,1.562189,-0.172365,-0.188194,0.099927,-0.174824,0.130958,0.003812,0.003008
0,1.652743,-0.1582,0.095788,-0.011038,0.065186,-0.042754,0.002426,0.002761
0,1.493867,-0.139604,-0.17339,0.027112,-0.19762,0.016654,0.002619,0.002437
0,1.343512,-0.298539,-0.128008,-0.185384,-0.160958,-0.227066,5e-06,0.002607
0,0.913385,-0.2267,-0.421464,0.098171,-0.371757,0.117803,0.000306,0.003861
0,0.779344,-0.230641,-0.123728,0.016854,-0.138116,-0.031154,0.002034,0.003792
0,0.568767,-0.113087,-0.238645,0.127623,-0.286787,0.086658,0.002109,0.001974
0,0.512734,0.109734,-0.079042,0.222738,-0.09086,0.241405,0.001131,0.001915
0,0.285038,0.181214,-0.217444,0.062575,-0.213242,0.068616,0.002843,0.003163
0,-0.054144,-0.068478,-0.332331,-0.267556,-0.382297,-0.225832,0.000945,0.001195
0,0.148092,-0.005764,0.218081,0.053477,0.193474,0.053067,0.002585,0.000101
0,-0.069501,0.039353,-0.217737,0.063298,-0.237732,0.091272,0.001213,0.000687
0,-0.014359,0.13009,0.034816,0.079984,0.017114,0.101621,0.000251,0.002271
0,-0.271924,0.142568,-0.265631,0.00568,-0.240637,0.012634,0.003072,0.002488
0,-0.233212,0.134332,0.046442,0.017172,0.053121,0.066802,0.003748,0.002345
0,-0.068522,0.152936,0.179166,-0.005844,0.136796,-0.013814,0.001196,0.002669
0,-0.017207,0.121449,0.043221,-0.02692,0.071639,-0.004064,0.0003,0.00212
0,0.135167,0.200488,0.149862,0.06776,0.193358,0.037896,0.002359,0.003499
0,-0.038626,0.219811,-0.18984,0.01282,-0.148755,-0.00545,0.000674,0.003836
0,0.137432,0.220196,0.147533,0.01927,0.154803,0.017298,0.002399,0.003843
0,0.086015,-0.044653,-0.023835,-0.277096,-0.060309,-0.24834,0.001501,0.000779
0,0.184315,-0.044265,0.087066,-0.021602,0.042207,-0.062148,0.003217,0.000773
0,0.124596,-0.02118,-0.04363,0.005529,-0.091177,0.016884,0.002175,0.00037
0,-0.044333,0.115036,-0.175447,0.160017,-0.22203,0.172988,0.000774,0.002008
0,0.143091,0.107265,0.189527,-0.003082,0.169925,-0.034112,0.002497,0.001872
0,0.048368,0.140196,-0.084035,0.006773,-0.090647,0.052112,0.000844,0.002447
0,0.231191,0.011352,0.177273,-0.116749,0.16636,-0.082682,0.003783,0.000198
0,0.15412,0.02686,-0.071079,-0.010015,-0.023146,0.038556,0.00269,0.000469
0,0.061078,0.178433,-0.089558,0.17451,-0.076203,0.152153,0.001066,0.003114
0,0.230751,0.005491,0.176341,-0.184143,0.209514,-0.148807,0.003791,9.6e-05
0,-0.474778,1.745506,-0.713151,1.749215,-0.720324,1.715161,0.000469,0.000807
0,-0.661181,1.622509,-0.170597,-0.144702,-0.128876,-0.123352,0.003722,0.002953
0,-0.875484,1.935883,-0.201288,0.291557,-0.183411,0.336183,0.000356,0.002516
0,-0.920345,1.541545,-0.040242,-0.393404,-0.038467,-0.407652,0.000427,0.003451
0,-1.114653,1.406399,-0.182974,-0.123486,-0.231158,-0.151702,0.003819,0.001093
0,-0.72411,1.271414,0.416094,-0.163013,0.452677,-0.138545,0.002998,0.001263
0,-0.721735,1.067064,-0.021356,-0.23225,-0.012018,-0.255269,0.003039,0.002988
0,-0.617638,0.817449,0.102638,-0.276718,0.105576,-0.274538,0.002962,0.001369
0,-0.432972,0.454963,0.191445,-0.363698,0.185063,-0.320713,0.000261,0.000123
0,-0.023402,0.155326,0.436681,-0.305357,0.456105,-0.280233,0.000408,0.002711
0,-0.126251,0.009486,-0.087926,-0.157293,-0.069472,-0.16335,0.002204,0.000166
0,0.086204,0.072101,0.206707,0.053767,0.240349,0.026748,0.001505,0.001258
0,0.024006,0.078681,-0.039763,0.015437,-0.039141,-0.000965,0.000419,0.001373
0,0.140885,0.053965,0.109794,-0.022701,0.100302,0.020105,0.002459,0.000942
0,0.220297,0.071526,0.050518,0.018149,0.066559,0.063843,0.003845,0.001248
0,0.161032,-0.043216,-0.08757,-0.135617,-0.049607,-0.129761,0.002811,0.000754
0,0.099929,-0.049666,-0.044322,-0.004516,-0.025704,-0.038541,0.001744,0.000867
0,-0.037975,-0.105401,-0.118496,-0.068905,-0.093335,-0.111817,0.000663,0.00184
0,0.059297,-0.025548,0.079031,0.050974,0.119929,0.057276,0.001035,0.000446
0,0.189179,-0.153846,0.151518,-0.118182,0.162049,-0.116698,0.003302,0.002685
0,0.171722,0.009391,-0.040019,0.169031,-0.044719,0.127834,0.002997,0.000164
0,0.170003,-0.066284,0.023578,-0.103421,0.023922,-0.117417,0.002967,0.001157
0,0.048878,-0.088842,-0.096159,-0.007466,-0.111599,0.031931,0.000853,0.001551
0,0.022402,-0.057083,-0.033489,0.053384,0.005515,0.010552,0.000391,0.000996
0,-0.022468,-0.042071,-0.051573,-0.009689,-0.010184,0.019715,0.000392,0.000734
0,0.055865,-0.055515,0.073765,-0.003539,0.122018,-0.024677,0.000975,0.000969
0,0.198723,-0.034537,0.124139,0.019893,0.097632,0.008214,0.003468,0.000603
0,0.230698,-0.039661,0.043783,-0.016542,0.014706,-0.030822,0.003791,0.000692
0,0.049992,-0.02532,-0.181423,0.00808,-0.180831,-0.015404,0.000873,0.000442
0,-0.011488,-0.035379,-0.059704,-0.007051,-0.087775,-0.019452,0.0002,0.000617
0,-0.146047,-0.014071,-0.120205,0.011481,-0.080473,-0.038494,0.002549,0.000246
0,-0.04156,0.066824,0.114185,0.096254,0.137643,0.046923,0.000725,0.001166
0,-0.114413,0.119354,-0.095057,0.082096,-0.143675,0.122752,0.001997,0.002083
0,-0.051546,-0.024573,0.041932,-0.125231,-0.004216,-0.165419,0.0009,0.000429
0,-0.082008,-0.150928,-0.051529,-0.117211,-0.034951,-0.117551,0.001431,0.002634
0,-0.154456,-0.057917,-0.043178,0.113444,-0.026909,0.149835,0.002696,0.001011
0,-0.143775,-0.106533,-0.008748,-0.076366,-0.040677,-0.11223,0.002509,0.001859
0,0.044794,0.026786,0.165066,0.157216,0.16934,0.171964,0.000782,0.000468
0,-0.19587,-0.023396,-0.259249,-0.062572,-0.300411,-0.058538,0.003419,0.000408
0,-0.152514,0.053352,0.072486,0.059262,0.100313,0.085658,0.002662,0.000931
0,0.081929,-0.173558,0.215481,-0.245539,0.198859,-0.272379,0.00143,0.003029
0,-0.077795,-0.028593,-0.133043,0.169342,-0.172019,0.213834,0.001358,0.000499
0,-0.022425,-0.076119,0.04857,-0.027307,0.052976,-0.046454,0.000391,0.001329
0,-0.038983,0.046259,-0.040145,0.137737,-0.029876,0.100629,0.00068,0.000807
0,0.115215,-0.093797,0.157435,-0.113356,0.135497,-0.149608,0.002011,0.001637
0,-0.087025,0.049065,-0.222686,0.172159,-0.183071,0.166665,0.001519,0.000856
0,0.027702,-0.218231,0.130303,-0.294342,0.081799,-0.262002,0.000483,0.003809
0,-0.111878,-0.021089,-0.146782,0.190108,-0.183587,0.18457,0.001953,0.000368
0,0.161925,0.042927,0.283606,0.052929,0.324227,0.047152,0.002826,0.000749
0,0.135687,-0.067904,-0.051143,-0.113384,-0.023765,-0.163353,0.002368,0.001185
0,-0.092409,0.068882,-0.251215,0.135658,-0.289839,0.113569,0.001613,0.001202
0,0.035029,0.116002,0.152724,0.04016,0.173017,0.082962,0.000611,0.002025
0,0.192971,-0.122183,0.180747,-0.233581,0.154381,-0.189091,0.003368,0.002132
0,0.046167,0.069149,-0.125085,0.196244,-0.157505,0.243074,0.000806,0.001207
0,0.016018,-0.062424,-0.017455,-0.158148,-0.042281,-0.10895,0.00028,0.001089
0,0.134097,0.035814,0.116986,0.121739,0.095997,0.114447,0.00234,0.000625
0,-0.001066,0.002564,-0.136414,-0.007039,-0.150237,-0.004385,1.9e-05,4.5e-05
0,0.04546,-0.053673,0.048056,-0.061291,0.008793,-0.027062,0.000793,0.000937
0,0.0604,0.116901,0.030596,0.194118,0.072868,0.183374,0.001054,0.00204
0,0.175036,-0.057309,0.09493,-0.170361,0.138697,-0.161168,0.003055,0.001
0,-0.026342,0.038775,-0.194578,0.080227,-0.219734,0.097819,0.00046,0.000677
0,0.175142,0.043407,0.197641,-0.017612,0.196645,-0.057025,0.003057,0.000758
0,0.067329,0.003456,-0.081419,-0.01028,-0.033625,-0.012733,0.001175,6e-05
0,0.22044,-0.074319,0.181572,-0.09359,0.22073,-0.121756,0.003847,0.001297
0,0.053441,-0.019389,-0.16877,0.081704,-0.151644,0.077432,0.000933,0.000338
0,0.11199,-0.00048,0.055766,-0.000842,0.052401,0.029162,0.001955,8e-06
0,0.160209,-0.100757,0.067131,-0.120525,0.081006,-0.138408,0.002796,0.001759
0,0.064202,-0.090576,-0.118178,0.035193,-0.129888,0.04402,0.001121,0.001581
0,0.077172,0.083161,0.040756,0.184642,0.079577,0.166228,0.001347,0.001451
0,0.10231,0.003736,0.030106,-0.07172,0.005212,-0.112429,0.001786,6.5e-05
0,0.090943,0.108234,0.003083,0.088955,0.042702,0.057168,0.001587,0.001889
0,0.191192,-0.010353,0.128728,-0.088641,0.162808,-0.048476,0.003337,0.000181
0,0.238748,0.04665,0.036095,0.041285,0.071223,0.086291,0.003651,0.000814
0,0.135687,0.051542,-0.082134,0.026492,-0.035201,0.065281,0.002368,0.0009
0,0.061809,-0.041618,-0.052743,-0.094397,-0.024045,-0.116195,0.001079,0.000726
0,0.002012,0.082087,-0.060854,0.141166,-0.089562,0.111621,3.5e-05,0.001433
0,0.133638,0.107977,0.152087,0.043108,0.117844,-0.001884,0.002332,0.001885
0,0.09582,0.06317,-0.01429,-0.058603,0.019581,-0.031231,0.001672,0.001103
0,0.047659,0.162185,-0.030473,0.100342,0.013884,0.056019,0.000832,0.002831
0,0.101667,0.149499,0.041813,-0.01183,0.041104,-0.027517,0.001774,0.002609
0,0.080431,0.016258,-0.00331,-0.12567,-0.024792,-0.170397,0.001404,0.000284
0,-0.108605,0.201611,-0.17108,0.156483,-0.14323,0.182295,0.001896,0.003519
0,0.009875,-0.016257,0.11232,-0.203175,0.087326,-0.162556,0.000172,0.000284
0,0.074126,-0.055488,0.05652,-0.01787,0.012956,-0.023573,0.001294,0.000968
0,-0.064489,0.046729,-0.126906,0.093787,-0.087883,0.085184,0.001126,0.000816
0,0.009632,-0.00923,0.075757,-0.067748,0.035567,-0.109705,0.000168,0.000161
0,0.054984,0.199044,0.073367,0.216422,0.101945,0.187349,0.00096,0.003474
0,0.002866,0.195197,-0.07515,0.016529,-0.089599,0.013865,5e-05,0.003407
0,0.150866,0.098258,0.162106,-0.089411,0.149218,-0.121029,0.002633,0.001715
0,-0.042905,0.2038,-0.168993,0.119988,-0.155003,0.156859,0.000749,0.003557
0,0.054124,0.175943,0.109373,-0.016612,0.143014,-0.02631,0.000945,0.003071
0,-0.000342,0.152406,-0.081105,-0.034025,-0.08104,-0.004186,6e-06,0.00266
0,0.16788,0.115241,0.147863,-0.009879,0.149668,-0.057373,0.00293,0.002011
0,0.241544,0.006874,0.071032,-0.114019,0.024358,-0.136679,0.003602,0.00012
0,-0.075373,0.000814,-0.336053,-0.026256,-0.324173,-0.052952,0.001316,1.4e-05
0,-0.003094,0.131771,0.086763,0.12681,0.132105,0.121735,5.4e-05,0.0023
0,0.152544,0.066262,0.134931,-0.094193,0.100548,-0.090186,0.002662,0.001156
0,0.101185,-0.002129,-0.058898,-0.075835,-0.069722,-0.058714,0.001766,3.7e-05
0,0.100243,0.083768,0.004129,0.100871,0.05119,0.068642,0.00175,0.001462
0,0.097758,0.170442,0.012083,0.102404,0.0525,0.102822,0.001706,0.002975
0,0.049419,-0.027676,-0.061054,-0.213645,-0.060867,-0.244868,0.000863,0.000483
0,0.21625,0.026271,0.177328,0.058825,0.215366,0.106923,0.003774,0.000459
0,0.100677,0.136593,-0.133148,0.100802,-0.106296,0.130513,0.001757,0.002384
0,0.127979,0.11762,0.02923,-0.032868,0.065016,-0.01655,0.002234,0.002053
0,0.225264,0.090564,0.094136,-0.024001,0.117317,-0.044021,0.003886,0.001581
0,0.05785,-0.134224,-0.160379,-0.24459,-0.116255,-0.228175,0.00101,0.002343
0,0.164572,0.17307,0.115551,0.3212,0.120987,0.340384,0.002872,0.003021
0,0.10516,-0.072708,-0.033861,-0.265293,-0.01258,-0.301097,0.001835,0.001269
0,0.13153,0.205641,0.028026,0.299969,0.067329,0.332188,0.002296,0.003589
0,0.12839,0.005102,-0.014658,-0.230536,0.020181,-0.267728,0.002241,8.9e-05
0,0.187349,0.021036,0.067399,0.005543,0.027385,-0.026194,0.00327,0.000367
0,-0.051958,0.23037,-0.265056,0.190292,-0.261619,0.171161,0.000907,0.003797
0,0.219539,0.221417,0.271379,-0.011296,0.300461,-0.016628,0.003832,0.003864
0,0.032252,0.152946,-0.161786,-0.044428,-0.202458,-0.028889,0.000563,0.002669
0,0.128395,0.236451,0.113985,0.059179,0.068295,0.072964,0.002241,0.003691
0,0.222672,-0.011767,0.080767,-0.243468,0.102762,-0.24747,0.003886,0.000205
0,0.030813,0.080331,-0.183917,0.079461,-0.209941,0.034875,0.000538,0.001402
0,0.271694,-0.055318,0.210991,-0.114474,0.252378,-0.106962,0.003076,0.000965
0,0.064063,-0.04272,-0.208395,-0.00857,-0.172327,-0.024723,0.001118,0.000746
0,-0.049346,0.076952,-0.108418,0.108323,-0.153902,0.099924,0.000861,0.001343
0,0.087074,-0.113509,0.134954,-0.187135,0.165396,-0.153755,0.00152,0.001981
0,0.080882,-0.051931,-0.028987,0.089355,-0.061607,0.094202,0.001412,0.000906
0,0.109,-0.126668,0.038711,-0.08464,0.033898,-0.118654,0.001902,0.002211
0,-0.00067,0.074703,-0.083175,0.179716,-0.126116,0.220259,1.2e-05,0.001304
0,0.2085,-0.116622,0.226533,-0.176716,0.226832,-0.174087,0.003639,0.002035
0,0.265697,-0.043981,0.061314,0.096481,0.047082,0.107826,0.003181,0.000768
0,0.131893,-0.088235,-0.123929,-0.073496,-0.075182,-0.117119,0.002302,0.00154
0,0.168823,-0.102283,0.066097,-0.013692,0.115681,-0.018349,0.002947,0.001785
0,0.270715,0.116086,0.104654,0.247789,0.055977,0.26364,0.003093,0.002026
0,-0.012692,-0.07747,-0.306984,-0.167607,-0.271616,-0.12952,0.000222,0.001352
0,0.294115,0.005679,0.329355,0.086833,0.316585,0.09965,0.002685,9.9e-05
0,0.18165,-0.101004,-0.126921,-0.101016,-0.141431,-0.102449,0.00317,0.001763
0,0.063466,0.04409,-0.11564,0.163772,-0.149528,0.211511,0.001108,0.00077
0,0.010314,0.154067,-0.075716,0.134358,-0.03897,0.159747,0.00018,0.002689
0,0.123143,-0.085896,0.121142,-0.231566,0.085234,-0.26451,0.002149,0.001499
0,0.295488,-0.060954,0.174708,0.054216,0.184071,0.083921,0.002661,0.001064
0,0.224461,0.155605,-0.086401,0.220575,-0.111463,0.218475,0.0039,0.002716
0,0.201645,0.230323,-0.034007,0.045727,-0.045743,0.064277,0.003519,0.003798
0,0.090877,0.020762,-0.084018,-0.198144,-0.128903,-0.21858,0.001586,0.000362
0,0.10615,0.146742,0.031977,0.149149,0.014903,0.145767,0.001853,0.002561
0,0.112516,-0.031752,-0.010181,-0.193093,-0.006947,-0.222012,0.001964,0.000554
0,0.046352,-0.032866,-0.071149,-0.000641,-0.06849,-0.046421,0.000809,0.000574
0,-4.082072,1.248374,-4.151455,1.272215,-4.122119,1.311463,0.000885,0.001665
0,-5.351249,1.657229,-1.257434,0.405729,-1.217274,0.386556,0.000418,0.002347
0,-6.149739,1.899331,-0.811613,0.230217,-0.803383,0.261785,0.002117,0.001878
0,-5.91948,2.306447,0.201312,0.388977,0.201478,0.43041,0.001682,0.001166
0,-4.393362,1.696454,1.554187,-0.621332,1.56467,-0.612595,0.0015,0.001663
0,-2.913279,1.244589,1.451607,-0.464072,1.432135,-0.457636,0.003879,0.001731
0,-2.16632,1.215762,0.754409,-0.012762,0.741278,-0.049893,0.00128,0.002235
0,-1.714719,0.885613,0.464994,-0.352086,0.482444,-0.34958,0.001344,0.000179
0,-1.163043,0.664669,0.558091,-0.21496,0.571174,-0.195656,0.003155,0.003783
0,-0.509186,0.433101,0.683259,-0.241834,0.720795,-0.286027,0.001069,0.000259
0,0.09977,0.170908,0.609526,-0.235216,0.598971,-0.220432,0.001741,0.002983
0,0.226449,-0.080376,0.141511,-0.240748,0.173264,-0.276236,0.003866,0.001403
0,0.302708,-0.157203,0.053111,-0.065862,0.048595,-0.089512,0.002535,0.002744
0,0.417044,-0.34633,0.086954,-0.186099,0.090446,-0.214601,0.000539,0.001773
0,0.440083,-0.264564,0.039471,0.052161,0.050706,0.099024,0.000137,0.0032
0,0.32611,-0.372034,-0.140984,-0.110074,-0.129479,-0.109549,0.002126,0.001325
0,0.368409,-0.195286,0.064135,0.154688,0.084923,0.171915,0.001388,0.003408
0,0.094536,-0.261529,-0.283095,-0.088458,-0.255105,-0.107069,0.00165,0.003253
0,0.144168,-0.080436,0.048313,0.194824,0.083094,0.178545,0.002516,0.001404
0,0.049989,-0.058901,-0.08904,0.037809,-0.055366,0.050588,0.000872,0.001028
0,0.005498,0.00336,-0.062891,0.032761,-0.014874,-0.013634,9.6e-05,5.9e-05
0,0.009713,-0.124317,0.006491,-0.146211,-0.002774,-0.138923,0.00017,0.00217
0,-0.022585,-0.118589,-0.040604,0.019888,-0.060745,-0.008601,0.000394,0.00207
0,0.13154,-0.094649,0.18089,0.045595,0.131702,0.083056,0.002296,0.001652
0,-0.094302,0.003772,-0.229212,0.097525,-0.184294,0.116588,0.001646,6.6e-05
0,-0.078275,-0.068098,0.00223,-0.078829,0.023416,-0.128607,0.001366,0.001189
0,0.067626,-0.022917,0.132248,0.033173,0.120918,0.059842,0.00118,0.0004
0,0.1582,0.040665,0.116469,0.073481,0.158735,0.084298,0.002761,0.00071
0,0.03028,0.097576,-0.109432,0.052717,-0.097523,0.068752,0.000528,0.001703
0,-0.059962,0.095649,-0.06082,0.00305,-0.027364,-0.045754,0.001047,0.001669
0,0.058287,0.116127,0.101935,0.02942,0.086258,0.061082,0.001017,0.002027
0,0.069333,-0.029146,-0.00675,-0.167705,-0.051785,-0.183387,0.00121,0.000509
0,-0.107397,0.119524,-0.175856,0.127335,-0.134415,0.152664,0.001874,0.002086
0,0.035318,-0.061428,0.123955,-0.164001,0.123564,-0.189906,0.000616,0.001072
0,0.032988,-0.006086,0.019618,0.058732,0.02219,0.046148,0.000576,0.000106
0,0.080615,-0.005463,0.056949,0.025363,0.094403,0.056082,0.001407,9.5e-05
0,-0.115454,0.069989,-0.186473,0.057698,-0.185407,0.053055,0.002015,0.001222
0,-0.080493,0.10185,0.030288,0.060034,-0.000981,0.027377,0.001405,0.001778
0,-0.08792,-0.094969,-0.030553,-0.214792,0.005768,-0.249842,0.001534,0.001658
0,0.068485,0.088218,0.183854,0.164341,0.135872,0.151591,0.001195,0.00154
0,0.029006,-0.078808,-0.039333,-0.147014,-0.016646,-0.14416,0.000506,0.001375
0,-0.03485,0.002153,-0.066411,0.07072,-0.090577,0.119684,0.000608,3.8e-05
0,0.031082,-0.06439,0.039158,-0.036935,0.030254,-0.048994,0.000542,0.001124
0,-0.082581,0.013571,-0.111976,0.064489,-0.104627,0.028938,0.001441,0.000237
0,0.250652,0.185913,0.342592,0.160336,0.386699,0.138245,0.003443,0.003245
0,-0.060131,0.02968,-0.340339,-0.133554,-0.37272,-0.172498,0.001049,0.000518
0,0.05658,-0.000986,0.1317,-0.016804,0.18138,-0.02725,0.000988,1.7e-05
0,0.172474,0.032371,0.127694,0.016262,0.113251,-0.019605,0.00301,0.000565
0,0.188765,0.083799,0.020949,0.048429,0.020968,0.02231,0.003295,0.001463
0,0.178037,0.011345,-0.015037,-0.054004,0.028367,-0.038063,0.003107,0.000198
0,0.093178,-0.003027,-0.102997,-0.027039,-0.100397,-0.071461,0.001626,5.3e-05
0,0.103524,-0.092733,-0.004669,-0.089519,0.012262,-0.087313,0.001807,0.001618
0,0.022541,0.054808,-0.106673,0.139571,-0.072813,0.145322,0.000393,0.000957
0,0.235276,-0.04212,0.225524,-0.073183,0.262567,-0.02329,0.003712,0.000735
0,0.186128,0.061238,-0.059196,0.100176,-0.059444,0.141197,0.003249,0.001069
0,0.13611,-0.058807,-0.021577,-0.092411,-0.023793,-0.046066,0.002376,0.001026
0,0.138488,-0.021806,-0.003889,0.019159,-0.026801,-0.020167,0.002417,0.000381
0,0.127813,0.041238,-0.014509,0.08838,-0.016882,0.049226,0.002231,0.00072
0,0.055362,-0.015743,-0.074475,-0.045643,-0.052216,-0.054017,0.000966,0.000275
0,0.124723,-0.166225,0.052459,-0.14562,0.013619,-0.173444,0.002177,0.002901
0,0.222776,0.055207,0.089637,0.195225,0.131381,0.200032,0.003888,0.000964
0,0.072953,-0.188718,-0.128847,-0.215824,-0.164982,-0.263099,0.001273,0.003294
0,0.084494,-0.034788,0.019099,0.134721,-0.013769,0.157464,0.001475,0.000607
0,0.082952,-0.161913,-0.008732,-0.102051,0.003,-0.073828,0.001448,0.002826
0,0.120682,-0.193909,0.049664,-0.016443,0.060719,0.000608,0.002106,0.003384
0,-0.035712,0.099491,-0.133648,0.263483,-0.134871,0.264164,0.000623,0.001736
0,-0.097462,0.029627,-0.091629,-0.047771,-0.088193,-0.076501,0.001701,0.000517
0,0.020286,-0.170543,0.141319,-0.2293,0.188623,-0.212961,0.000354,0.002977
0,0.127914,-0.125612,0.110658,0.055697,0.104866,0.084164,0.002233,0.002192
0,0.058664,-0.044243,-0.085889,0.08827,-0.096403,0.094909,0.001024,0.000772
0,0.080242,0.133269,0.051152,0.200971,0.063861,0.227241,0.0014,0.002326
0,0.094824,0.090844,-0.007176,-0.055993,0.024924,-0.074444,0.001655,0.001586
0,0.082346,-0.117624,0.013037,-0.20748,0.062734,-0.228728,0.001437,0.002053
0,0.00561,0.151011,-0.06273,0.27253,-0.094543,0.311383,9.8e-05,0.002636
0,0.184449,0.06211,0.166997,-0.111269,0.197188,-0.108395,0.003219,0.001084
0,0.142803,0.112616,-0.065219,0.045214,-0.034819,0.027152,0.002492,0.001966
0,-0.01984,0.160104,-0.191053,0.075058,-0.186501,0.080558,0.000346,0.002794
0,-0.023976,-0.000338,-0.003188,-0.146756,-0.043975,-0.140645,0.000418,6e-06
0,0.094705,0.085928,0.091551,0.091008,0.048786,0.076089,0.001653,0.0015
0,0.046931,0.108982,-0.023511,0.048783,0.008148,0.062182,0.000819,0.001902
0,0.123869,-0.06122,0.057726,-0.159529,0.104143,-0.147433,0.002162,0.001068
0,0.116157,-0.005191,-0.01833,0.058807,-0.031252,0.038676,0.002027,9.1e-05
0,-0.005835,-0.142216,-0.116307,-0.126755,-0.159985,-0.096835,0.000102,0.002482
0,0.097057,-0.009548,0.112463,0.124283,0.09598,0.115813,0.001694,0.000167
0,0.111729,-0.097167,0.016132,-0.093722,-0.009568,-0.103018,0.00195,0.001696
0,-0.001884,-0.061453,-0.101143,0.050585,-0.087439,0.026751,3.3e-05,0.001073
0,0.066182,-0.069714,0.074235,-0.025996,0.093447,0.007024,0.001155,0.001217
0,0.136231,-0.106903,0.072588,-0.033142,0.115074,-0.054766,0.002378,0.001866
0,0.114469,-0.075385,-0.001988,0.044646,-0.050898,0.072114,0.001998,0.001316
0,-0.077728,-0.125942,-0.219773,-0.035211,-0.187897,-0.055725,0.001357,0.002198
0,-0.089363,0.022922,-0.03958,0.162597,-0.038576,0.131991,0.00156,0.0004
0,0.062127,-0.057508,0.158329,-0.095123,0.127543,-0.050282,0.001084,0.001004
0,0.102804,0.108857,0.016092,0.174104,0.003744,0.140024,0.001794,0.0019
0,0.155945,-0.080092,0.037853,-0.200321,0.014286,-0.171864,0.002722,0.001398
0,-0.090642,0.133169,-0.225292,0.228507,-0.260742,0.228783,0.001582,0.002324
0,0.060379,-0.154425,0.169517,-0.290158,0.192648,-0.283377,0.001054,0.002695
0,-0.001804,-0.088081,-0.076584,0.069446,-0.075252,0.093059,3.1e-05,0.001537
0,-0.174836,-0.055157,-0.160806,0.012055,-0.186444,0.057346,0.003051,0.000963
0,-0.060308,-0.057172,0.123034,0.015926,0.092945,0.039568,0.001053,0.000998
0,0.027755,-0.047493,0.069434,-0.002087,0.076458,0.03524,0.000484,0.000829
0,-0.038466,0.032481,-0.050276,0.056914,-0.016487,0.07257,0.000671,0.000567
0,-0.051241,-0.122929,-0.022131,-0.174335,-0.033077,-0.136379,0.000894,0.002146
0,-0.12011,0.070496,-0.078135,0.165337,-0.1099,0.166175,0.002096,0.00123
0,-0.05178,0.106658,0.087877,0.058123,0.088018,0.063708,0.000904,0.001862
0,-0.078208,-0.511031,0.001613,-0.637757,-0.031022,-0.631645,0.001365,0.001101
0,-0.124036,-0.60366,-0.073464,-0.118173,-0.066599,-0.156636,0.002165,0.002718
0,-0.041291,-1.101483,0.076223,-0.504255,0.102764,-0.486438,0.000721,0.003589
0,-0.16513,-0.967263,-0.095504,0.113424,-0.104816,0.083838,0.002882,0.001246
0,-0.005458,-0.913053,0.162375,0.081299,0.146883,0.043208,9.5e-05,0.0003
0,-0.03516,-0.63554,-0.002641,0.285598,-0.030541,0.315792,0.000614,0.003274
0,-0.188718,-0.71098,-0.151907,-0.077226,-0.107865,-0.113143,0.003294,0.003227
0,-0.209439,-0.529974,0.007046,0.168143,0.00377,0.131226,0.003655,0.001432
0,-0.196291,-0.451398,0.021557,0.074064,-0.00171,0.114065,0.003426,6.1e-05
0,-0.180491,-0.307118,0.012367,0.118078,0.00876,0.123321,0.00315,0.002458
0,-0.205578,-0.14168,-0.03578,0.172009,-0.012492,0.165865,0.003588,0.002473
0,-0.224765,0.026482,-0.021896,0.195619,-0.041638,0.20082,0.003895,0.000462
0,-0.108941,0.174009,0.101317,0.133247,0.061987,0.102126,0.001901,0.003037
0,0.0423,0.195452,0.169871,-0.004899,0.164212,-0.02247,0.000738,0.003411
0,0.082041,0.060135,0.037293,-0.157333,0.023306,-0.178748,0.001432,0.00105
0,-0.13385,0.033913,-0.211541,-0.015556,-0.207045,-0.021441,0.002336,0.000592
0,0.025843,0.080513,0.178893,0.03525,0.183939,0.047284,0.000451,0.001405
0,0.027916,0.274411,-0.019751,0.187951,-0.062201,0.167605,0.000487,0.003029
0,-0.031838,0.254681,-0.03113,-0.006727,-0.079522,-0.055611,0.000556,0.003373
0,0.056532,-0.09143,0.100884,-0.333682,0.144171,-0.304504,0.000987,0.001596
0,0.09967,-0.033794,0.015794,0.083896,0.029992,0.125788,0.00174,0.00059
0,0.070045,0.064854,-0.02937,0.115548,0.015401,0.082288,0.001223,0.001132
0,-0.065285,-0.076536,-0.143304,-0.129208,-0.13852,-0.134415,0.001139,0.001336
0,0.06848,-0.131259,0.110943,-0.036266,0.120426,-0.016716,0.001195,0.002291
0,0.048365,-0.095551,-0.03653,0.040986,-0.076566,0.039391,0.000844,0.001668
0,-0.099568,0.058205,-0.155161,0.151288,-0.136415,0.112481,0.001738,0.001016
0,0.166665,0.070476,0.290033,0.018712,0.296547,0.013957,0.002909,0.00123
0,-0.001035,-0.063411,-0.183004,-0.119524,-0.217298,-0.075437,1.8e-05,0.001107
0,-0.042051,-0.075886,-0.034636,-0.028343,0.011641,-0.052875,0.000734,0.001324
0,-0.06815,-0.00974,-0.028747,0.051865,0.015904,0.023546,0.001189,0.00017
0,0.079172,0.020635,0.13828,0.039874,0.133267,0.064716,0.001382,0.00036
0,0.084287,-0.098674,0.022351,-0.130648,0.032103,-0.159112,0.001471,0.001722
0,-0.135794,0.038786,-0.19558,0.155572,-0.244187,0.171918,0.00237,0.000677
0,-0.076415,-0.072058,0.070021,-0.108004,0.097692,-0.112927,0.001334,0.001258
0,-0.083611,0.041171,0.018119,0.117045,0.031285,0.08948,0.001459,0.000719
0,0.193861,-0.01068,0.257126,-0.029788,0.217654,-0.079458,0.003384,0.000186
0,0.030579,0.023919,-0.15778,0.018663,-0.198802,-0.011296,0.000534,0.000417
0,0.037127,-0.082215,-0.015715,-0.133059,-0.010347,-0.085557,0.000648,0.001435
0,0.275897,-0.048257,0.213442,0.047736,0.17827,0.067629,0.003003,0.000842
0,0.16168,-0.142557,-0.090768,-0.103563,-0.071877,-0.122696,0.002822,0.002488
0,-0.07241,-0.067373,-0.23122,0.054243,-0.256974,0.06555,0.001264,0.001176
0,0.235756,-0.182749,0.309783,-0.096281,0.288821,-0.135577,0.003703,0.00319
0,0.078504,0.007238,-0.157912,0.184672,-0.183229,0.21952,0.00137,0.000126
0,-0.053014,0.08403,-0.122503,0.09328,-0.125255,0.064954,0.000925,0.001467
0,-0.032304,0.030809,-0.001859,-0.054104,0.038948,-0.084121,0.000564,0.000538
0,-0.073304,-0.109893,-0.029227,-0.120779,0.01156,-0.093421,0.001279,0.001918
0,0.090969,-0.126463,0.169692,-0.030893,0.213121,-0.00199,0.001588,0.002207
0,0.05811,0.004931,-0.007215,0.156389,0.041699,0.151361,0.001014,8.6e-05
0,-0.102088,0.005734,-0.159455,0.006828,-0.139372,0.04637,0.001782,0.0001
0,-0.083439,-0.07383,0.029706,-0.068922,0.03476,-0.034863,0.001456,0.001289
0,-1.180085,0.338169,-1.075109,0.398059,-1.110412,0.409885,0.002857,0.001916
0,-2.074432,0.553244,-0.916286,0.222394,-0.934381,0.176776,0.002884,0.001838
0,-2.640841,0.762101,-0.595411,0.219975,-0.630583,0.212863,0.000816,0.002335
0,-2.641027,0.587971,-0.028517,-0.146698,0.015012,-0.178799,0.000813,0.002444
0,-2.144693,0.623635,0.472705,0.041472,0.496884,0.040577,0.001657,0.003067
0,-1.761722,0.60007,0.41273,-0.013045,0.398028,-0.008605,0.000524,0.002655
0,-1.357324,0.494633,0.378532,-0.111061,0.419019,-0.11079,0.000236,0.000815
0,-0.676726,0.628677,0.698552,0.144008,0.692748,0.147346,0.003825,0.003155
0,-0.533272,0.342413,0.158622,-0.302941,0.143797,-0.29129,0.001489,0.001842
0,-0.395717,0.415425,0.122584,0.075606,0.121181,0.085365,0.000911,0.000567
0,-0.139806,0.363894,0.226896,-0.057712,0.243212,-0.044524,0.00244,0.001467
0,0.115663,0.130948,0.26722,-0.235784,0.227537,-0.21295,0.002019,0.002285
0,0.228446,0.135587,0.097004,0.024719,0.126514,-0.010344,0.003831,0.002366
0,0.116401,0.052656,-0.140243,-0.09442,-0.152181,-0.130059,0.002032,0.000919
0,0.246375,0.095385,0.124032,0.036326,0.110595,0.075681,0.003518,0.001665
0,0.038806,0.058958,-0.184928,-0.064221,-0.13514,-0.036251,0.000677,0.001029
0,0.262649,0.041213,0.236404,-0.008997,0.187864,-0.025034,0.003234,0.000719
0,0.195102,-0.11646,-0.047074,-0.161034,-0.019613,-0.146661,0.003405,0.002033
0,0.180419,-0.033154,-0.020446,0.088248,0.02321,0.1221,0.003149,0.000579
0,0.202734,-0.057488,0.019185,-0.045686,-0.01927,-0.020884,0.003538,0.001003
0,0.166264,0.001048,-0.046973,0.046315,0.002114,0.076171,0.002902,1.8e-05
0,0.192226,0.100978,0.002677,0.07489,0.031809,0.065766,0.003355,0.001762
0,0.166585,0.015155,-0.026417,-0.068136,-0.009744,-0.102983,0.002907,0.000265
0,0.293008,0.009275,0.130372,0.014115,0.096649,0.029013,0.002704,0.000162
0,0.107927,0.14099,-0.198043,0.137226,-0.154491,0.17626,0.001884,0.002461
0,0.070035,0.132758,-0.038726,-0.035482,-0.039085,-0.077195,0.001222,0.002317
0,-0.08213,0.172596,-0.133522,0.069583,-0.130618,0.024423,0.001433,0.003012
0,0.103891,-0.072853,0.196536,-0.224733,0.2148,-0.213492,0.001813,0.001272
0,-0.007495,-0.033218,-0.1228,0.043376,-0.133555,0.029677,0.000131,0.00058
0,0.138444,0.110896,0.17226,0.133623,0.178158,0.147819,0.002416,0.001936
0,0.18345,-0.075755,0.058335,-0.198119,0.03226,-0.201438,0.003202,0.001322
0,-0.0405,0.159628,-0.250761,0.239744,-0.299092,0.200392,0.000707,0.002786
0,-0.04885,-0.028038,-0.00106,-0.165971,-0.046918,-0.211749,0.000853,0.000489
0,-0.010546,0.059889,0.024134,0.083457,-0.021687,0.102434,0.000184,0.001045
0,-0.077665,-0.056137,-0.066129,-0.127885,-0.052557,-0.16114,0.001356,0.00098
0,0.10538,0.013398,0.160728,0.073036,0.139639,0.120683,0.001839,0.000234
0,-0.060412,0.077513,-0.138295,0.063644,-0.151523,0.025794,0.001054,0.001353
0,-0.076993,-0.065257,-0.037331,-0.130793,-0.030148,-0.164108,0.001344,0.001139
0,-0.031018,-0.097748,0.038664,-0.038312,0.056104,-0.007465,0.000541,0.001706
0,0.141025,0.006949,0.155683,0.079331,0.19104,0.069789,0.002461,0.000121
0,0.272221,-0.093234,0.14433,-0.126338,0.187927,-0.15002,0.003067,0.001627
0,0.032431,0.140547,-0.250006,0.260018,-0.291357,0.235198,0.000566,0.002453
0,0.253194,0.069391,0.245215,-0.043831,0.23811,-0.086071,0.003399,0.001211
0,0.20183,0.120469,-0.042068,0.026387,-0.034625,0.003834,0.003523,0.002103
0,0.14629,0.142994,-0.06715,0.051444,-0.046091,0.004342,0.002553,0.002496
0,0.187398,0.015674,0.038362,-0.125147,0.039046,-0.149376,0.003271,0.000274
0,-0.036592,-0.027739,-0.212995,-0.063445,-0.201235,-0.10445,0.000639,0.000484
0,-0.049185,0.049148,-0.002738,0.089108,0.030402,0.133563,0.000858,0.000858
0,0.103791,0.05499,0.155234,0.020175,0.140103,0.007773,0.001811,0.00096
0,0.100675,0.107733,-0.02654,0.030368,-0.015562,0.080132,0.001757,0.00188
0,0.143944,-0.054741,0.024649,-0.149676,0.040383,-0.126583,0.002512,0.000955
0,0.118456,0.105879,-0.008851,0.14984,0.020352,0.173662,0.002067,0.001848
0,0.039956,-0.026251,-0.102402,-0.126274,-0.118462,-0.166542,0.000697,0.000458
0,0.022748,-0.036768,-0.039102,0.001099,-0.0399,-0.034266,0.000397,0.000642
0,-0.074086,0.085208,-0.09427,0.104688,-0.13664,0.074039,0.001293,0.001487
0,-0.13876,-0.083592,-0.086201,-0.183863,-0.123292,-0.210953,0.002422,0.001459
0,-0.169695,-0.036245,-0.053986,0.043399,-0.054464,0.004559,0.002962,0.000633
0,-0.178751,0.231548,-0.004443,0.2381,-0.006559,0.282186,0.00312,0.003777
0,-0.151884,0.06852,0.01688,-0.187289,-0.005387,-0.227836,0.002651,0.001196
0,-0.257383,0.090867,-0.132157,0.001683,-0.090387,0.03619,0.003326,0.001586
0,-0.276839,0.120974,-0.046652,0.052664,-0.071134,0.030937,0.002986,0.002111
0,-0.14745,0.085964,0.116211,-0.008661,0.087704,-0.029206,0.002573,0.0015
0,-0.177659,0.134759,-0.017085,0.040513,-0.016825,0.076627,0.003101,0.002352
0,0.004975,0.218626,0.199205,0.056915,0.181735,0.023233,8.7e-05,0.003816
0,-0.076207,-0.004461,-0.083928,-0.242947,-0.041308,-0.266489,0.00133,7.8e-05
0,-0.182378,0.106456,-0.134979,0.123854,-0.152638,0.155882,0.003183,0.001858
0,-0.277364,0.141941,-0.114559,0.030279,-0.066531,0.07158,0.002977,0.002477
0,-0.004636,-0.010806,0.249094,-0.124052,0.291579,-0.099424,8.1e-05,0.000189
0,-0.027269,0.019977,-0.010165,0.019331,0.001664,0.061787,0.000476,0.000349
0,0.213232,0.539182,0.218307,0.495256,0.250216,0.492419,0.003722,0.001593
0,0.599995,0.422027,0.393987,-0.093104,0.405262,-0.140128,0.002654,0.000452
0,0.847628,0.634451,0.229991,0.224944,0.209711,0.264854,0.000842,0.003255
0,0.779906,0.749895,-0.069251,0.114197,-0.071695,0.157207,0.002024,0.002548
0,0.8532,0.761487,0.079944,-0.000265,0.086951,-0.028133,0.000745,0.002345
0,0.588854,0.537525,-0.278395,-0.219006,-0.306992,-0.26694,0.00246,0.001564
0,0.54087,0.47218,-0.032008,-0.044493,-0.03607,-0.071794,0.001622,0.000423
0,0.400771,0.402799,-0.132117,-0.07504,-0.109698,-0.060367,0.000823,0.000788
0,0.266461,0.300189,-0.12062,-0.131865,-0.115652,-0.087476,0.003167,0.002579
0,0.389324,0.267715,0.151126,-0.020358,0.163444,-0.06689,0.001023,0.000597
0,0.167391,0.305791,-0.242162,0.048221,-0.270064,0.028168,0.002922,0.000597
0,0.067187,-0.025956,-0.118304,-0.315037,-0.134908,-0.301266,0.001173,0.000597
0,0.025718,0.144791,-0.035311,0.192658,-0.00037,0.225238,0.000449,0.000597
0,0.096992,0.045915,0.089683,-0.10878,0.090153,-0.120756,0.001693,0.000597
0,-0.022043,0.14715,-0.112308,0.098765,-0.139938,0.141164,0.000385,0.000597
0,-0.064919,0.145141,-0.066043,-0.015847,-0.090441,-0.052394,0.001133,0.000597
0,0.060726,-0.141603,0.152485,-0.260647,0.122422,-0.273049,0.00106,0.002471
0,-0.066869,0.133773,-0.140773,0.282876,-0.179036,0.275399,0.001167,0.000597
0,0.083898,-0.134015,0.151755,-0.266666,0.148576,-0.304984,0.001464,0.002339
0,-0.186251,0.010511,-0.279376,0.128563,-0.265169,0.120301,0.003251,0.000597
0,-0.101874,0.022045,0.0719,-0.003454,0.085904,-0.029656,0.001778,0.000597
0,0.043398,0.075124,0.170923,0.063976,0.216962,0.028954,0.000757,0.000597
0,-0.16702,0.023557,-0.202265,-0.077325,-0.197033,-0.082405,0.002915,0.000597
0,-0.045454,0.10403,0.104472,0.091816,0.116423,0.138288,0.000793,0.000597
0,-0.045791,0.062991,-0.014613,-0.033485,-0.058308,-0.058859,0.000799,0.000597
0,-0.096968,-0.156187,-0.034559,-0.217882,-0.004207,-0.193514,0.001692,0.002726
0,-0.190386,-0.134318,-0.063529,0.036968,-0.10882,0.01024,0.003323,0.002344
0,-0.111392,-0.006117,0.078911,0.113574,0.055555,0.093694,0.001944,0.000597
0,-0.078157,-0.14214,0.019123,-0.121819,-0.004479,-0.121055,0.001364,0.002481
0,0.020374,0.033088,0.071927,0.197675,0.028771,0.198241,0.000356,0.000597
0,-0.125771,-0.140938,-0.16342,-0.144319,-0.134533,-0.170961,0.002195,0.00246
0,-0.053777,0.128242,0.06909,0.243474,0.057474,0.288637,0.000939,0.000597
0,0.090694,0.071701,0.166491,-0.080414,0.156791,-0.119422,0.001583,0.000597
0,-0.100775,0.108843,-0.197991,0.039439,-0.205268,0.055021,0.001759,0.000597
0,-0.078023,-0.050784,0.011404,-0.162743,-0.035367,-0.123096,0.001362,0.000886
0,-0.092043,0.036089,-0.009185,0.087213,-0.033631,0.043844,0.001606,0.000597
0,-0.041636,-0.036201,0.054342,-0.095436,0.021141,-0.118376,0.000727,0.000632
0,-0.181275,-0.119058,-0.134485,-0.073792,-0.165305,-0.052983,0.003164,0.002078
0,0.009964,-0.148365,0.189416,-0.036409,0.205347,-0.01385,0.000174,0.002589
0,-0.034167,0.049083,-0.066661,0.202484,-0.034985,0.20557,0.000596,0.000597
0,-0.26367,-0.097494,-0.211958,-0.127498,-0.218698,-0.15137,0.003216,0.001702
0,-0.065911,-0.118958,0.20731,-0.0431,0.167116,-0.032291,0.00115,0.002076
0,-0.069237,-0.078964,-0.016584,0.06104,-0.061985,0.06529,0.001208,0.001378
0,-0.208285,0.005427,-0.132653,0.087584,-0.102736,0.070546,0.003635,0.000597
0,-0.036147,-0.101596,0.169151,-0.092405,0.204402,-0.12298,0.000631,0.001773
0,-0.128831,0.009028,-0.06808,0.110154,-0.02274,0.127723,0.002249,0.000597
0,0.009982,0.010759,0.144345,0.012581,0.117185,-0.001527,0.000174,0.000597
0,-0.057482,-0.173557,-0.052654,-0.190157,-0.013861,-0.235039,0.001003,0.003029
0,-0.148948,0.07744,-0.07085,0.274793,-0.067824,0.230878,0.0026,0.000597
0,0.047285,-0.128025,0.172543,-0.188736,0.194602,-0.193004,0.000825,0.002234
0,-0.143351,-0.131273,-0.211495,-0.00551,-0.182596,-0.03706,0.002502,0.002291
0,-0.180255,-0.064606,-0.01674,0.072014,0.003566,0.026162,0.003146,0.001128
0,-0.184457,0.132301,-0.030294,0.177319,-0.031091,0.16169,0.003219,0.000597
0,-0.056811,0.047542,0.131115,-0.096598,0.125393,-0.06294,0.000992,0.000597
0,-0.148833,0.048499,-0.108428,0.008534,-0.118177,0.010859,0.002598,0.000597
0,-0.100034,-0.062434,0.058742,-0.089975,0.030119,-0.078823,0.001746,0.00109
0,-0.044169,-0.017775,0.077119,0.039921,0.109396,0.042197,0.000771,0.000597
0,-0.070134,0.022176,-0.054284,0.039969,-0.033206,0.062007,0.001224,0.000597
0,0.094303,-0.116795,0.145851,-0.157176,0.153875,-0.206449,0.001646,0.002038
0,-0.14151,-0.052778,-0.250321,0.074639,-0.237507,0.093217,0.00247,0.000921
0,-0.108886,-0.068435,0.003614,-0.0103,-0.017017,0.022988,0.0019,0.001194
0,0.017678,-0.130322,0.118553,-0.0656,0.157659,-0.088136,0.000309,0.002275
0,-0.037333,-0.011657,-0.044358,0.130468,-0.047205,0.083904,0.000652,0.000597
0,0.01951,-0.024864,0.03657,0.001552,-0.013057,-0.004469,0.000341,0.000597
0,-0.004972,-0.038055,-0.015656,-0.030471,-0.027816,0.007066,8.7e-05,0.000664
0,-0.18359,-0.143795,-0.186297,-0.126623,-0.177449,-0.129332,0.003204,0.00251
0,-0.036238,-0.060137,0.151943,0.089157,0.123732,0.110436,0.000632,0.00105
0,-0.156974,-0.103641,-0.134389,-0.060231,-0.180006,-0.054706,0.00274,0.001809
0,-0.257058,0.043819,-0.11423,0.156342,-0.079585,0.167161,0.003331,0.000597
0,-0.209021,0.023759,0.041904,0.005077,0.042916,0.028543,0.003648,0.000597
0,-0.018735,-0.012824,0.193293,-0.021744,0.235145,-0.056746,0.000327,0.000597
0,-0.012425,-0.01199,0.027417,0.002643,0.048985,-0.044698,0.000217,0.000597
0,-0.317456,-0.037761,-0.306423,-0.010761,-0.347,-0.008597,0.002277,0.000659
0,-0.135699,0.033155,0.1767,0.09311,0.220036,0.081591,0.002368,0.000597
0,-0.181796,-0.067873,-0.074877,-0.091287,-0.03611,-0.116998,0.003173,0.001185
0,0.033591,0.14045,0.242839,0.213088,0.261887,0.227755,0.000586,0.000597
0,0.060774,-0.131466,0.052881,-0.291169,0.006751,-0.320787,0.001061,0.002295
0,-0.210612,0.07532,-0.243375,0.207533,-0.242694,0.244097,0.003676,0.000597
0,-0.006206,0.00371,0.19223,-0.086868,0.144971,-0.132851,0.000108,0.000597
0,-0.070103,-0.039365,-0.046541,-0.048444,-0.003127,-0.094785,0.001224,0.000687
0,-0.127332,-0.008731,-0.047311,0.016623,-0.001955,-0.003671,0.002222,0.000597
0,0.064435,-0.070088,0.211028,-0.083404,0.164234,-0.100356,0.001125,0.001223
0,-0.069297,0.104834,-0.155744,0.200063,-0.187122,0.173503,0.001209,0.000597
0,-0.059662,-0.137578,0.020978,-0.264437,-0.004634,-0.24135,0.001041,0.002401
0,-0.044016,0.010463,-0.008175,0.148211,-0.050721,0.112492,0.000768,0.000597
0,0.008095,0.009426,0.06697,0.017811,0.102753,-0.015856,0.000141,0.000597
0,-0.039855,0.044756,-0.019995,0.030885,-0.031327,0.058675,0.000696,0.000597
0,-0.043766,0.12918,-0.016742,0.104743,0.027762,0.075641,0.000764,0.000597
0,0.033491,0.06977,0.067795,-0.08376,0.03994,-0.121762,0.000585,0.000597
0,-0.024689,0.102463,-0.039449,0.031223,-0.078218,0.065986,0.000431,0.000597
0,-0.065235,-0.025809,-0.011105,-0.10739,0.024756,-0.076161,0.001139,0.000597
0,-0.002912,-0.129638,0.032565,-0.12544,0.034371,-0.173278,5.1e-05,0.002263
0,0.085939,-0.079997,0.090874,0.076306,0.140451,0.027712,0.0015,0.001396
0,0.172074,0.130821,0.108988,0.204197,0.123681,0.160234,0.003003,0.000597
0,0.003285,0.139951,-0.16926,-0.017132,-0.18954,-0.048327,5.7e-05,0.000597
0,-0.030584,0.164208,-0.019314,0.02177,-0.008335,0.054576,0.000534,0.000597
0,0.13667,-0.031158,0.169597,-0.174257,0.207505,-0.17604,0.002385,0.000597
0,0.088234,0.162339,-0.057731,0.168359,-0.09331,0.163159,0.00154,0.000597
0,0.002195,0.156065,-0.070185,0.00788,-0.029417,-0.022076,3.8e-05,0.000597
0,-0.147884,0.140991,-0.121987,-0.014557,-0.12994,-0.018589,0.002581,0.000597
0,-0.095503,-0.104025,0.026331,-0.271095,0.069407,-0.226972,0.001667,0.001816
0,-0.180108,0.02623,-0.077733,0.135848,-0.05589,0.164385,0.003143,0.000597
0,0.0548,-0.05938,0.257896,-0.113361,0.228018,-0.076007,0.000956,0.001036
0,-0.000331,0.025432,-0.039978,0.058534,-0.061596,0.045347,6e-06,0.000597
0,0.000816,-0.12366,-0.022078,-0.166879,-0.046919,-0.177837,1.4e-05,0.002158
0,-0.001061,-0.038878,0.023982,0.076853,0.071904,0.099597,1.9e-05,0.000679
0,0.156917,0.092059,0.148038,0.159172,0.145495,0.12833,0.002739,0.000597
0,-0.060333,0.098981,-0.211896,-0.021186,-0.17733,-0.0637,0.001053,0.000597
0,0.117838,-0.051942,0.180207,-0.17153,0.225023,-0.129881,0.002057,0.000907
0,0.137845,-0.159519,-0.001029,-0.125791,0.033044,-0.120663,0.002406,0.002784
0,0.115729,-0.174054,-0.008368,-0.029513,-0.0182,-0.073071,0.00202,0.003038
0,0.155848,-0.097958,0.018157,0.09085,0.036576,0.121379,0.00272,0.00171
0,-3.249964,0.112145,-3.408797,0.21966,-3.38309,0.202874,0.001997,0.000597
0,-3.591345,0.109065,-0.370401,-0.03,-0.360873,-0.020193,0.000138,0.000597
0,-3.778183,0.060094,-0.171064,-0.065189,-0.183945,-0.067307,0.003399,0.000597
0,-3.496654,0.006092,0.260876,-0.052594,0.257415,-0.063845,0.001515,0.000597
0,-2.622903,-0.071318,0.854355,-0.096966,0.881927,-0.090152,0.001129,0.001245
0,-2.105989,-0.072541,0.523676,-0.016216,0.512896,0.017081,0.002333,0.001266
0,-1.428922,-0.081712,0.69088,0.017006,0.733924,-0.019871,0.001486,0.001426
0,-0.800788,0.085866,0.602493,0.1506,0.615728,0.184368,0.001659,0.000597
0,-0.554004,0.057337,0.275736,-0.037206,0.310307,0.011214,0.001851,0.000597
0,-0.25184,0.130325,0.313125,0.096089,0.346747,0.094455,0.003422,0.000597
0,-0.120276,-0.055601,0.136906,-0.191349,0.155926,-0.233592,0.002099,0.00097
0,0.078387,0.089584,0.178442,0.171711,0.194232,0.138853,0.001368,0.000597
0,0.539061,-0.142348,0.464841,-0.259132,0.506115,-0.274857,0.001591,0.002484
0,0.458399,-0.079104,-0.104541,0.091916,-0.063146,0.069138,0.000183,0.001381
0,0.442638,-0.031068,-0.036939,0.067416,0.009572,0.08821,9.2e-05,0.000597
0,0.278045,0.082458,-0.171288,0.122455,-0.14365,0.084151,0.002965,0.000597
0,0.297122,0.075372,0.024386,0.001991,0.03852,0.035706,0.002632,0.000597
0,0.111368,-0.096309,-0.167858,-0.14642,-0.160473,-0.181798,0.001944,0.001681
0,0.172457,0.086116,0.036871,0.174194,0.046438,0.15656,0.00301,0.000597
0,-0.09056,0.136422,-0.270748,0.03363,-0.226836,0.036125,0.001581,0.000597
0,0.179588,0.074487,0.245784,-0.091924,0.28465,-0.064053,0.003134,0.000597
0,0.097068,0.06831,-0.06318,-0.030414,-0.060345,-0.066166,0.001694,0.000597
0,0.227589,0.019725,0.152194,-0.062925,0.140745,-0.08848,0.003846,0.000597
0,0.040348,0.119554,-0.163199,0.088674,-0.208998,0.082899,0.000704,0.000597
0,-0.024664,0.122721,-0.058658,-0.011619,-0.034671,-0.048486,0.00043,0.000597
0,-0.082144,0.00532,-0.06893,-0.126258,-0.038722,-0.156796,0.001434,0.000597
0,0.087139,-0.039272,0.153741,-0.036177,0.155087,-0.026537,0.001521,0.000685
0,0.093808,-0.131209,0.003039,-0.084762,0.048712,-0.096118,0.001637,0.00229
0,0.124711,-0.151186,0.032888,-0.041975,0.067222,-0.081382,0.002177,0.002639
0,0.076038,0.067266,-0.029401,0.222749,0.015591,0.185461,0.001327,0.000597
0,0.148177,-0.08564,0.052641,-0.167919,0.042638,-0.194171,0.002586,0.001495
0,0.125148,-0.059559,-0.013587,0.032909,0.020537,0.05394,0.002184,0.001039
0,0.096596,-0.158204,-0.029986,-0.099077,0.01379,-0.062336,0.001686,0.002761
0,0.010074,-0.014239,-0.088536,0.167197,-0.079186,0.141968,0.000176,0.000597
0,0.045033,-0.033303,0.020661,-0.025736,-0.021412,-0.072447,0.000786,0.000597
0,0.025261,-0.108734,-0.013367,-0.065619,-0.038552,-0.04771,0.000441,0.001898
0,0.085691,-0.154912,0.073819,-0.04574,0.111528,-0.039245,0.001496,0.002704
0,0.191272,-0.076322,0.09812,0.069417,0.056742,0.020628,0.003338,0.001332
0,0.138746,0.034546,-0.046602,0.138307,-0.017673,0.107335,0.002422,0.000597
0,0.024524,-0.081081,-0.089336,-0.109667,-0.04191,-0.10715,0.000428,0.001415
0,0.112533,-0.093145,0.089905,-0.01936,0.044863,-0.028619,0.001964,0.001626
0,0.034699,0.163426,-0.054078,0.257563,-0.06609,0.299677,0.000606,0.000597
0,0.109703,0.068961,0.059436,-0.107972,0.040058,-0.07887,0.001915,0.000597
0,0.018778,0.16344,-0.117799,0.112264,-0.132162,0.101234,0.000328,0.000597
0,-0.057787,0.009506,-0.051226,-0.171687,-0.032942,-0.129708,0.001009,0.000597
0,0.03178,-0.076369,0.069379,-0.112373,0.028971,-0.076921,0.000555,0.001333
0,0.22456,0.024613,0.166071,0.093892,0.125197,0.134362,0.003899,0.000597
0,0.194642,-0.070601,-0.035031,-0.105826,-0.015214,-0.141312,0.003397,0.001232
0,0.163056,0.137191,-0.022898,0.207179,-0.048917,0.174059,0.002846,0.000597
0,0.031981,0.050218,-0.143355,-0.082754,-0.156109,-0.094009,0.000558,0.000597
0,0.118173,0.061294,0.079713,0.017639,0.058286,0.020116,0.002063,0.000597
0,0.034116,-0.108964,-0.111318,-0.144568,-0.078378,-0.128678,0.000595,0.001902
0,0.155645,0.115819,0.135199,0.211636,0.162613,0.256977,0.002717,0.000597
0,0.095187,0.044308,-0.064224,-0.080078,-0.097916,-0.115618,0.001661,0.000597
0,0.093009,-0.146358,-0.009796,-0.188535,-0.011439,-0.186162,0.001623,0.002554
0,0.140047,-0.048259,0.06882,0.095363,0.053482,0.113407,0.002444,0.000842
0,-0.099911,0.060746,-0.265939,0.098728,-0.230995,0.135988,0.001744,0.000597
0,-0.104276,-0.080953,0.001434,-0.171242,0.014189,-0.18273,0.00182,0.001413
0,-0.059812,-0.026484,0.052441,0.049154,0.031422,0.087764,0.001044,0.000597
0,0.163216,-0.011929,0.23092,0.015434,0.244395,0.005906,0.002849,0.000597
0,-0.09618,0.000464,-0.241898,0.014077,-0.203451,0.051532,0.001679,0.000597
0,-0.159887,0.081355,-0.088897,0.090781,-0.104964,0.073538,0.002791,0.000597
0,0.06629,0.120018,0.238783,0.012138,0.216433,0.057454,0.001157,0.000597
0,-0.008046,0.001363,-0.07119,-0.120694,-0.033621,-0.14225,0.00014,0.000597
0,-0.145754,-0.074143,-0.115019,-0.046421,-0.090328,-0.077932,0.002544,0.001294
0,0.005187,0.087629,0.168583,0.147019,0.153056,0.132427,9.1e-05,0.000597
0,0.104084,0.012856,0.120791,-0.074927,0.126244,-0.087796,0.001817,0.000597
0,0.004193,0.072477,-0.098745,0.070828,-0.083914,0.025205,7.3e-05,0.000597
0,0.017365,-0.101264,0.030529,-0.144455,0.020442,-0.154001,0.000303,0.001767
0,0.069075,-0.099626,0.075817,0.01066,0.056388,0.03913,0.001206,0.001739
0,0.122866,0.056225,0.068573,0.162264,0.064339,0.113263,0.002144,0.000597
0,0.187774,-0.053282,0.039344,-0.0901,-0.004625,-0.090068,0.003277,0.00093
0,0.020905,0.126309,-0.180566,0.160166,-0.155026,0.163636,0.000365,0.000597
0,0.123467,-0.12359,0.105359,-0.263902,0.120864,-0.232982,0.002155,0.002157
0,-0.123073,0.098407,-0.262557,0.233054,-0.232171,0.257976,0.002148,0.000597
0,-0.10063,0.005774,0.052246,-0.107911,0.045566,-0.114929,0.001756,0.000597
0,-0.048808,0.192571,0.062701,0.162315,0.067432,0.190227,0.000852,0.000597
0,-0.128018,0.093667,-0.083272,-0.125151,-0.068252,-0.157902,0.002234,0.000597
0,0.019392,-0.031791,0.175288,-0.122125,0.132411,-0.123902,0.000338,0.000597
0,-0.870035,0.081036,-0.897452,0.099507,-0.892827,0.054296,0.000451,0.000597
0,-1.531824,0.023481,-0.678378,-0.063335,-0.70327,-0.055389,0.003282,0.000597
0,-2.00766,0.089773,-0.461895,0.065922,-0.435705,0.096557,0.003769,0.000597
0,-0.160877,-0.044498,1.831433,-0.149181,1.808679,-0.150683,0.002808,0.000777
0,0.279956,-0.133511,0.462003,-0.069938,0.482271,-0.063421,0.002932,0.00233
0,1.193523,0.130881,0.941889,0.285414,0.902473,0.247932,0.002623,0.000597
0,1.419718,-0.157615,0.212575,-0.284459,0.229233,-0.25625,0.001325,0.002751
0,1.238459,0.018468,-0.167274,0.193038,-0.162425,0.158005,0.001838,0.000597
0,1.54847,0.111357,0.327345,0.089307,0.322414,0.058855,0.003572,0.000597
0,1.517991,-0.094141,-0.001375,-0.191723,0.024731,-0.228521,0.00304,0.001643
0,1.141338,-0.022925,-0.401807,0.046349,-0.375613,0.00989,0.003534,0.000597
0,1.231212,0.068311,0.10125,0.113287,0.141591,0.106265,0.001965,0.000597
0,0.577409,-0.000811,-0.629337,-0.06349,-0.669705,-0.03251,0.00226,0.000597
0,0.519419,0.058615,-0.069191,0.084875,-0.081365,0.036931,0.001248,0.000597
0,0.350644,0.100931,-0.162642,0.070839,-0.210336,0.116398,0.001698,0.000597
0,-0.020265,0.103739,-0.356429,0.016866,-0.383838,0.062474,0.000354,0.000597
0,-0.070179,-0.084185,-0.057152,-0.188993,-0.064528,-0.169545,0.001225,0.001469
0,-0.053669,0.030456,-0.006042,0.100738,-0.011091,0.098053,0.000937,0.000597
0,-0.031629,-0.128938,0.040792,-0.161319,0.07,-0.139341,0.000552,0.00225
0,-0.067294,0.034098,-0.033336,0.189335,-0.010104,0.165648,0.001175,0.000597
0,-0.296965,-0.085751,-0.239052,-0.10145,-0.236188,-0.085999,0.002635,0.001497
0,-0.165068,0.114414,0.1596,0.198019,0.120475,0.224423,0.002881,0.000597
0,-0.079529,0.04321,0.078567,-0.099194,0.108242,-0.081509,0.001388,0.000597
0,-0.12093,0.04656,-0.070861,-0.015881,-0.112734,-0.026364,0.002111,0.000597
0,-0.194728,0.132742,-0.080947,0.089238,-0.127123,0.13871,0.003399,0.000597
0,-0.240097,0.048425,-0.06115,-0.103823,-0.096222,-0.134872,0.003627,0.000597
0,-0.026604,0.104748,0.197182,0.074063,0.202296,0.032292,0.000464,0.000597
0,-0.005308,-0.060123,0.02316,-0.14864,0.061854,-0.121707,9.3e-05,0.001049
0,-0.160273,-0.089418,-0.164746,-0.052595,-0.150451,-0.041392,0.002797,0.001561
0,-0.122547,-0.115537,0.065818,-0.029262,0.050783,-0.07104,0.002139,0.002016
0,-0.164369,-0.225503,-0.051644,-0.09128,-0.0463,-0.062447,0.002869,0.003882
0,-0.017996,-0.075902,0.172825,0.179006,0.156835,0.17962,0.000314,0.001325
0,-0.030341,-0.002885,-0.024042,0.078227,0.006155,0.098471,0.00053,5e-05
0,-0.022529,-0.132931,0.030059,-0.151873,-0.008564,-0.143883,0.000393,0.00232
0,0.038017,-0.093898,0.030904,0.031958,0.057532,-0.000904,0.000664,0.001639
0,-0.137877,-0.062283,-0.161234,0.061018,-0.176075,0.045511,0.002406,0.001087
0,0.149198,0.105543,0.26181,0.185524,0.301935,0.226583,0.002604,0.001842
0,-0.051352,-0.075969,-0.196597,-0.170575,-0.204095,-0.162954,0.000896,0.001326
0,0.06083,-0.088768,0.115413,0.006558,0.138963,-0.008668,0.001062,0.001549
0,0.033243,0.032674,-0.057086,0.134128,-0.077203,0.155197,0.00058,0.00057
0,-0.047072,-0.057685,-0.083057,-0.066215,-0.054225,-0.099127,0.000822,0.001007
0,-0.032669,0.07565,-0.009408,0.103591,0.018389,0.111444,0.00057,0.00132
0,0.033401,-0.121344,0.087063,-0.185101,0.109586,-0.175328,0.000583,0.002118
0,0.170973,-0.076477,0.130384,0.054901,0.155483,0.044121,0.002984,0.001335
0,0.083591,0.010366,-0.075712,0.092148,-0.032035,0.109759,0.001459,0.000181
0,-0.129348,-0.115962,-0.202651,-0.145538,-0.160643,-0.172858,0.002258,0.002024
0,-0.082221,-0.041197,0.043496,0.052343,0.0221,0.073529,0.001435,0.000719
0,-0.118217,0.11319,-0.055995,0.146708,-0.03069,0.112055,0.002063,0.001976
0,-0.057561,-0.1033,0.051143,-0.235389,0.093581,-0.239575,0.001005,0.001803
0,0.066307,0.152818,0.114171,0.260391,0.162677,0.28387,0.001157,0.002667
0,-0.156599,-0.115263,-0.227204,-0.241631,-0.226834,-0.209429,0.002733,0.002012
0,-0.107722,0.080724,0.035601,0.212159,0.002894,0.192658,0.00188,0.001409
0,-0.081176,0.018393,0.053932,-0.084615,0.054899,-0.069135,0.001417,0.000321
0,-0.119639,0.005897,-0.016035,-0.010524,-0.05107,0.014897,0.002088,0.000103
0,-0.194871,0.006648,-0.087908,-0.005202,-0.119978,0.000259,0.003401,0.000116
0,0.081034,-0.096553,0.278767,-0.083766,0.310527,-0.118395,0.001414,0.001685
0,-0.125544,-0.018695,-0.227864,0.076627,-0.241564,0.117397,0.002191,0.000326
0,-0.037087,0.141564,0.078285,0.175593,0.032389,0.203719,0.000647,0.002471
0,0.07151,0.097371,0.116092,-0.063845,0.117198,-0.07754,0.001248,0.001699
0,-0.06031,0.128155,-0.130686,0.014512,-0.083234,0.041038,0.001053,0.002237
0,0.039968,0.09028,0.072981,-0.055639,0.077678,-0.047304,0.000698,0.001576
0,0.008152,-0.106028,-0.048565,-0.220397,-0.010498,-0.235719,0.000142,0.001851
0,-0.130932,-0.018688,-0.118859,0.107705,-0.124174,0.125158,0.002285,0.000326
0,-0.190711,0.0145,-0.054557,0.015949,-0.050127,0.056181,0.003329,0.000253
0,-0.259662,-0.084589,-0.085624,-0.073331,-0.087758,-0.122029,0.003286,0.001476
0,-0.095068,0.026403,0.147505,0.106863,0.141692,0.075719,0.001659,0.000461
0,-0.159143,-0.165907,-0.083367,-0.163019,-0.040843,-0.140697,0.002778,0.002896
0,-0.178859,-0.000816,0.003687,0.17546,-0.030856,0.203936,0.003122,1.4e-05
0,-0.044037,0.043244,0.113737,0.060013,0.141344,0.056392,0.000769,0.000755
0,-0.006513,-0.065794,0.019442,-0.122323,0.03493,-0.088927,0.000114,0.001148
0,0.050394,0.116786,0.056917,0.175878,0.035608,0.145626,0.00088,0.002038
0,0.022567,0.033683,-0.056807,-0.090168,-0.092238,-0.07714,0.000394,0.000588
0,-0.074852,-0.008318,-0.075307,-0.036839,-0.111271,-0.043892,0.001306,0.000145
0,-0.15219,0.077055,-0.078964,0.067604,-0.042201,0.111009,0.002656,0.001345
0,0.108422,-0.146741,0.247454,-0.200979,0.249905,-0.202415,0.001892,0.002561
0,-0.09526,-0.174412,-0.176405,-0.02048,-0.182908,-0.026027,0.001663,0.003044
0,0.081689,-0.064013,0.192522,0.109042,0.165544,0.093059,0.001426,0.001117
0,-0.080473,-0.011202,-0.156688,0.072366,-0.189659,0.076252,0.001405,0.000196
0,0.061085,-0.045132,0.145538,-0.048719,0.104928,-0.062257,0.001066,0.000788
0,0.069543,0.093447,0.008006,0.111021,-0.01551,0.137353,0.001214,0.001631
0,-0.010261,0.070761,-0.069173,-0.028141,-0.03366,-0.038831,0.000179,0.001235
0,0.00735,-0.06744,0.008639,-0.153529,-0.002363,-0.151288,0.000128,0.001177
0,0.193467,0.157404,0.202415,0.242476,0.208272,0.212272,0.003377,0.002747
0,0.118504,0.03212,-0.077783,-0.13644,-0.047295,-0.087082,0.002068,0.000561
0,-0.095293,0.079937,-0.224704,0.064894,-0.193252,0.072505,0.001663,0.001395
0,-0.121921,0.05193,-0.042106,-0.031165,-0.084199,-0.012717,0.002128,0.000906
0,0.003921,-0.01078,0.142117,-0.035655,0.159629,-0.074427,6.8e-05,0.000188
0,-0.013037,-0.033323,-0.028789,-0.0506,0.019597,-0.072686,0.000228,0.000582
0,0.044878,0.143789,0.073448,0.175334,0.104239,0.136921,0.000783,0.00251
0,-0.0113,-0.037117,-0.083443,-0.197308,-0.073941,-0.179346,0.000197,0.000648
0,0.058593,0.003081,0.074574,0.042405,0.048809,0.024862,0.001023,5.4e-05
0,-0.009749,0.010554,-0.090814,0.032038,-0.058771,0.063806,0.00017,0.000184
0,0.090427,0.00727,0.081791,-0.015763,0.092776,-0.008447,0.001578,0.000127
0,-0.039742,-0.000544,-0.108293,-0.026522,-0.13946,-0.063633,0.000694,9e-06
0,0.090171,-0.008841,0.156785,-0.032073,0.121363,-0.04328,0.001574,0.000154
0,0.026981,-0.063317,-0.049773,-0.057591,-0.098989,-0.044071,0.000471,0.001105
0,0.172401,0.035607,0.125995,0.114447,0.102873,0.154262,0.003009,0.000621
0,-0.118628,-0.030848,-0.283539,-0.061835,-0.281567,-0.107928,0.00207,0.000538
0,0.055923,0.054523,0.145616,0.106223,0.125718,0.073377,0.000976,0.000952
0,0.004968,-0.114032,-0.071683,-0.153888,-0.059731,-0.13272,8.7e-05,0.00199
0,0.013871,-0.105872,-0.005176,0.011802,0.023567,-0.03434,0.000242,0.001848
0,-0.056864,0.14506,-0.061349,0.27283,-0.064013,0.283237,0.000992,0.002532
0,-0.090999,0.135023,-0.045773,0.001591,-0.014084,0.02165,0.001588,0.002357
0,0.137247,0.143454,0.2139,0.00887,0.249304,0.023915,0.002395,0.002504
0,-0.142742,0.022593,-0.259793,-0.130946,-0.241211,-0.129451,0.002491,0.000394
0,0.06212,0.164778,0.22255,0.156665,0.213725,0.185586,0.001084,0.002876
0,-0.038772,0.148779,-0.093915,-0.034298,-0.119107,0.011246,0.000677,0.002597
0,0.039579,0.031183,0.079862,-0.140495,0.105809,-0.100489,0.000691,0.000544
0,-0.073854,0.040716,-0.119566,-0.013643,-0.145605,0.001455,0.001289,0.000711
0,-0.14156,0.049165,-0.057736,0.001705,-0.067238,0.023618,0.002471,0.000858
0,-0.051371,0.14038,0.103154,0.071254,0.097896,0.067187,0.000897,0.00245
0,0.071971,-0.10083,0.119582,-0.267939,0.120886,-0.234201,0.001256,0.00176
0,-0.120947,0.083445,-0.202768,0.18694,-0.18982,0.15078,0.002111,0.001456
0,0.10522,-0.051369,0.237718,-0.107947,0.225582,-0.107396,0.001836,0.000897
0,-0.097753,0.021162,-0.201042,0.098803,-0.211904,0.07425,0.001706,0.000369
0,-0.107139,0.087277,-0.009154,0.076024,0.00416,0.114498,0.00187,0.001523
0,0.003515,-0.071783,0.138351,-0.134822,0.179409,-0.139396,6.1e-05,0.001253
0,-0.190298,-0.036332,-0.200832,0.023673,-0.213974,0.034332,0.003321,0.000634
0,0.012193,-0.085409,0.200553,-0.021106,0.21674,-0.047909,0.000213,0.001491
0,-0.085524,-0.086614,-0.104174,-0.017949,-0.097416,-0.010746,0.001493,0.001512
0,-0.170475,0.144183,-0.078508,0.259613,-0.042284,0.224153,0.002975,0.002516
0,-0.03978,0.167682,0.145643,0.047984,0.164945,0.028819,0.000694,0.002927
0,0.166114,-0.066601,0.203522,-0.251369,0.15989,-0.25979,0.002899,0.001162
0,0.113734,0.027443,-0.04934,0.094782,-0.035501,0.12581,0.001985,0.000479
0,0.026635,-0.061227,-0.10733,-0.095382,-0.09076,-0.070237,0.000465,0.001069
0,-0.080389,0.214022,-0.123441,0.254201,-0.155786,0.265006,0.001403,0.003735
0,0.152923,0.121734,0.214804,-0.116495,0.25949,-0.112715,0.002669,0.002125
0,0.068299,0.038285,-0.081698,-0.08295,-0.120909,-0.068427,0.001192,0.000668
0,0.107417,0.011775,0.068931,-0.034281,0.076322,-0.059847,0.001875,0.000206
0,0.21498,0.140221,0.121456,0.146597,0.111999,0.169724,0.003752,0.002447
0,0.2331,-0.091533,-0.01135,-0.20757,-0.009047,-0.226404,0.00375,0.001598
0,0.104972,0.099536,-0.116249,0.177348,-0.068638,0.158284,0.001832,0.001737
0,-0.013815,-0.082422,-0.116461,-0.159461,-0.125456,-0.121594,0.000241,0.001439
0,0.032805,0.09699,0.030247,0.195831,0.071505,0.212982,0.000573,0.001693
0,0.090052,0.144199,0.049815,0.048766,0.007058,0.018714,0.001572,0.002517
0,0.170666,-0.048522,0.096586,-0.21738,0.060749,-0.209997,0.002979,0.000847
0,0.28414,0.092682,0.134578,0.124003,0.150801,0.14374,0.002859,0.001618
0,0.215737,-0.099571,-0.080856,-0.214392,-0.100233,-0.215294,0.003765,0.001738
0,-0.016217,-0.117073,-0.23318,0.009054,-0.230737,-0.019841,0.000283,0.002043
0,-0.047143,0.194596,-0.054587,0.310879,-0.01685,0.336774,0.000823,0.003396
0,-0.002706,0.143295,0.023425,-0.059522,0.057059,-0.053687,4.7e-05,0.002501
0,-0.07428,0.155575,-0.046121,0.042147,-0.061851,0.016086,0.001296,0.002715
0,-0.049783,-0.139022,-0.00408,-0.285262,0.029366,-0.238238,0.000869,0.002426
0,0.002016,0.129747,0.023876,0.256733,0.01976,0.219255,3.5e-05,0.002265
0,-0.018334,0.153282,0.00059,0.018568,0.02203,-0.005448,0.00032,0.002675
0,0.017481,0.01513,0.018192,-0.117851,-0.016972,-0.108493,0.000305,0.000264
0,0.035884,0.079445,0.022485,0.08437,0.031127,0.090321,0.000626,0.001387
0,-0.084327,0.020763,-0.139046,-0.068136,-0.103087,-0.02784,0.001472,0.000362
0,0.01353,0.013356,0.118634,-0.027738,0.133414,-0.053263,0.000236,0.000233
0,0.0888,0.105013,0.062563,0.100127,0.061999,0.116662,0.00155,0.001833
0,0.016359,-0.049355,-0.098903,-0.166808,-0.08094,-0.140304,0.000286,0.000861
0,0.005432,0.117165,-0.030655,0.161313,-0.01874,0.124357,9.5e-05,0.002045
0,0.107369,0.083654,0.084659,-0.012794,0.074821,0.011008,0.001874,0.00146
0,0.112676,-0.03034,0.003934,-0.090135,0.009526,-0.088442,0.001967,0.00053
0,0.10999,-0.189931,0.022566,-0.187562,-0.004221,-0.160767,0.00192,0.003315
0,-0.044123,-0.067233,-0.134781,0.125833,-0.133885,0.150408,0.00077,0.001173
0,0.09955,-0.134556,0.114626,-0.082843,0.126353,-0.041907,0.001737,0.002348
0,0.183055,-0.102757,0.063584,0.026337,0.046167,0.022713,0.003195,0.001793
0,0.098731,0.01404,-0.06994,0.10649,-0.041822,0.111116,0.001723,0.000245
0,-0.085131,0.073054,-0.157956,0.086405,-0.148706,0.130903,0.001486,0.001275
0,0.067788,-0.031447,0.13018,-0.130631,0.100937,-0.113757,0.001183,0.000549
0,0.088932,0.093989,0.010025,0.152097,-0.014514,0.111096,0.001552,0.00164
0,0.015641,0.043455,-0.076089,-0.049588,-0.068571,-0.046798,0.000273,0.000758
0,-0.168277,-0.151819,-0.201276,-0.196147,-0.211096,-0.229246,0.002937,0.00265
0,-0.057009,0.047546,0.120841,0.216536,0.106263,0.256379,0.000995,0.00083
0,0.087172,0.055277,0.168596,0.034531,0.197551,0.042,0.001521,0.000965
0,0.064931,0.06925,-0.03358,-0.005658,-0.044865,0.021823,0.001133,0.001209
0,0.052741,-0.075914,-0.023327,-0.151431,-0.026532,-0.108771,0.000921,0.001325
0,-0.010973,-0.078735,-0.059241,-0.006086,-0.068675,0.012668,0.000192,0.001374
0,0.091614,-0.199899,0.121922,-0.112508,0.112937,-0.071167,0.001599,0.003489
0,0.094316,-0.098772,0.014131,0.074083,0.052512,0.070152,0.001646,0.001724
0,0.097543,-0.016896,0.015356,0.072756,-0.0137,0.044272,0.001702,0.000295
0,-0.050553,-0.133644,-0.131542,-0.110328,-0.145775,-0.084826,0.000882,0.002333
0,-0.165707,-0.012639,-0.11578,0.146566,-0.07273,0.102544,0.002892,0.000221
0,0.106575,-0.065398,0.290131,-0.045816,0.329258,-0.045075,0.00186,0.001141
0,-0.131993,0.076567,-0.241822,0.155158,-0.235403,0.199492,0.002304,0.001336
0,0.024219,-0.01748,0.173002,-0.118108,0.167925,-0.1243,0.000423,0.000305
0,-0.165658,-0.198472,-0.179974,-0.194967,-0.191753,-0.197281,0.002891,0.003464
0,-0.073568,-0.157541,0.120706,0.01196,0.169372,0.056207,0.001284,0.00275
0,-0.188635,-0.021316,-0.110606,0.160554,-0.092711,0.125915,0.003292,0.000372
0,-0.013672,-0.014201,0.189057,0.015293,0.17663,0.056472,0.000239,0.000248
0,-0.04028,-0.19641,-0.053911,-0.19164,-0.101242,-0.159525,0.000703,0.003428
0,0.071906,-0.0296,0.137013,0.14043,0.126232,0.121286,0.001255,0.000517
0,0.062444,0.070718,-0.023659,0.104634,-0.060596,0.107498,0.00109,0.001234
0,-0.091975,0.030823,-0.145614,-0.033715,-0.166485,-0.04641,0.001605,0.000538
0,0.010174,-0.024229,0.114712,-0.042133,0.154756,-0.012871,0.000178,0.000423
0,0.003435,-0.184488,0.021569,-0.159734,0.062808,-0.135805,6e-05,0.00322
0,-0.005419,-0.082618,-0.016633,0.090829,0.019745,0.061263,9.5e-05,0.001442
0,-0.025541,0.045195,-0.011856,0.133695,0.0161,0.102869,0.000446,0.000789
0,-0.079723,0.014857,-0.067053,-0.027814,-0.064065,-0.010318,0.001391,0.000259
0,0.114075,-0.004704,0.193283,-0.036587,0.148471,-0.019908,0.001991,8.2e-05
0,0.039809,-0.201644,-0.074746,-0.20577,-0.10583,-0.202279,0.000695,0.003519
0,-0.03122,-0.164605,-0.094531,0.054998,-0.144365,0.012028,0.000545,0.002873
0,-0.195358,-0.0346,-0.191156,0.152004,-0.164726,0.19142,0.00341,0.000604
0,0.097391,-0.065581,0.290189,-0.04109,0.325398,-0.013546,0.0017,0.001145
0,-0.128545,-0.007033,-0.217391,0.032746,-0.242317,0.054286,0.002244,0.000123
0,-0.082791,0.076961,0.042297,0.101485,0.02752,0.119702,0.001445,0.001343
0,0.046072,0.02991,0.142082,-0.020265,0.141883,-0.059914,0.000804,0.000522
0,-0.170612,0.107649,-0.22389,0.049406,-0.260348,0.067032,0.002978,0.001879
0,0.037569,0.109288,0.179864,0.022026,0.145803,0.008931,0.000656,0.001907
0,0.021526,0.115526,-0.026716,-0.000329,-0.076056,0.03026,0.000376,0.002016
0,0.04472,0.062122,0.04648,-0.051682,0.068705,-0.100341,0.000781,0.001084
0,-0.071477,0.085514,-0.092316,0.053372,-0.122787,0.057425,0.001248,0.001492
0,-0.099602,-0.014354,-0.051924,-0.100977,-0.099845,-0.076474,0.001738,0.000251
0,-0.02816,0.00715,0.066457,0.012922,0.089499,0.008428,0.000491,0.000125
0,-0.089192,0.046447,-0.033647,0.06838,-0.012339,0.073716,0.001557,0.000811
0,0.029157,0.142723,0.090145,0.097085,0.081937,0.108945,0.000509,0.002491
0,0.170948,0.128537,0.1705,-0.020889,0.128026,-0.064472,0.002984,0.002243
0,0.138826,-0.093038,-0.025675,-0.23526,0.00141,-0.201404,0.002423,0.001624
0,0.10953,0.078816,-0.049011,0.178714,-0.012834,0.202681,0.001912,0.001376
0,0.108076,-0.052387,-0.028939,-0.114191,-0.030569,-0.064277,0.001886,0.000914
0,0.120191,0.039707,-0.007174,0.116045,0.040044,0.090132,0.002098,0.000693
0,0.002029,0.019695,-0.088333,-0.040392,-0.080691,0.005432,3.5e-05,0.000344
0,-0.015296,-0.062223,-0.035507,-0.084504,0.002412,-0.097492,0.000267,0.001086
0,-0.069798,-0.167133,-0.047576,-0.103065,-0.096615,-0.090863,0.001218,0.002917
0,-0.063488,-0.098668,0.005815,0.039037,-0.037403,-0.008754,0.001108,0.001722
0,-0.066395,-0.164493,0.009063,-0.039796,0.055983,0.008792,0.001159,0.002871
0,0.192172,-0.15822,0.284747,0.012387,0.261919,-0.024159,0.003354,0.002761
0,0.179763,0.148714,0.010305,0.294928,0.024288,0.260166,0.003137,0.002596
0,0.016416,0.023752,-0.18756,-0.119052,-0.184401,-0.126129,0.000287,0.000415
0,-0.106359,-0.045184,-0.136126,-0.097578,-0.147917,-0.112004,0.001856,0.000789
0,-0.040766,-0.006705,0.086677,0.061553,0.130693,0.075697,0.000711,0.000117
0,-0.052732,-0.084839,-0.005108,-0.074545,0.035826,-0.106649,0.00092,0.001481
0,-0.019119,-0.095597,0.005953,0.012011,0.050006,-0.00877,0.000334,0.001668
0,-0.112897,0.078113,-0.064921,0.153298,-0.033006,0.152928,0.00197,0.001363
0,0.131157,0.100046,0.224901,0.01788,0.242395,-0.025116,0.002289,0.001746
0,0.029225,-0.186253,-0.110833,-0.261711,-0.149983,-0.212283,0.00051,0.003251
0,-0.002277,0.067749,-0.040994,0.235824,-0.003568,0.270844,4e-05,0.001182
0,0.117427,-0.152149,0.100477,-0.245935,0.055692,-0.212968,0.002049,0.002655
0,0.042653,-0.061664,-0.096117,0.080219,-0.107193,0.058205,0.000744,0.001076
0,-0.002397,0.024474,-0.0501,0.095122,-0.062466,0.129305,4.2e-05,0.000427
0,0.02014,-0.086767,0.027136,-0.107005,-0.021592,-0.152358,0.000352,0.001514
0,-0.077377,-0.076567,-0.087941,0.012641,-0.133917,0.034198,0.00135,0.001336
0,0.01275,-0.087036,0.085648,-0.019258,0.091542,-0.010982,0.000223,0.001519
0,-0.011799,-0.104457,-0.001335,-0.028316,-0.008763,-0.020199,0.000206,0.001823
0,0.016114,0.116792,0.04251,0.236029,0.037967,0.265645,0.000281,0.002038
0,0.162067,0.154229,0.170797,0.031301,0.135654,0.059395,0.002829,0.002692
0,0.019981,-0.04127,-0.169204,-0.195686,-0.187037,-0.153947,0.000349,0.00072
0,0.146581,-0.064479,0.097329,0.000486,0.051841,0.031157,0.002558,0.001125
0,0.12912,0.072006,0.011901,0.1083,0.050751,0.101465,0.002254,0.001257
0,0.20506,-0.074386,0.075789,-0.118424,0.092005,-0.139634,0.003579,0.001298
0,0.089845,0.177458,-0.117859,0.265367,-0.094758,0.263605,0.001568,0.003097
0,0.190293,0.06422,0.07926,-0.101926,0.094407,-0.077112,0.003321,0.001121
0,0.064596,0.065313,-0.135064,0.016964,-0.086355,0.012231,0.001127,0.00114
0,0.047975,-0.028992,-0.001607,-0.074378,0.003046,-0.086604,0.000837,0.000506
0,0.186392,-0.008842,0.120896,0.024069,0.108848,0.030402,0.003253,0.000154
0,0.154974,-0.04454,-0.011361,-0.038386,0.000484,-0.028257,0.002705,0.000777
0,-0.040893,-0.090104,-0.185343,-0.067324,-0.167773,-0.053566,0.000714,0.001573
0,0.000962,-0.103155,0.013326,-0.002081,0.037962,-0.009238,1.7e-05,0.0018
0,0.873075,-0.73117,0.847897,-0.635384,0.8025,-0.635805,0.000398,0.002874
0,1.289238,-1.067656,0.397324,-0.312667,0.388754,-0.328918,0.000952,0.002998
0,1.307932,-1.448508,0.042871,-0.35829,0.04304,-0.335544,0.000626,0.001828
0,1.197274,-2.327974,-0.083688,-0.872635,-0.048203,-0.884959,0.002557,0.001541
0,0.873689,-2.041485,-0.315875,0.310955,-0.306971,0.359416,0.000387,0.003459
0,0.796327,-1.709941,-0.064676,0.324366,-0.102555,0.361766,0.001737,0.001427
0,0.560346,-1.184552,-0.257269,0.529747,-0.227899,0.489575,0.001962,0.002779
0,0.186199,-0.794107,-0.357818,0.416602,-0.337572,0.431954,0.00325,0.001776
0,0.101646,-0.741838,-0.073962,0.075473,-0.117532,0.097128,0.001774,0.002688
0,-0.010258,-0.416169,-0.107502,0.354607,-0.090367,0.340789,0.000179,0.000554
0,-0.034348,-0.280852,-0.053352,0.153686,-0.059688,0.110883,0.000599,0.002916
0,-0.118188,-0.136004,-0.08302,0.128756,-0.082482,0.081676,0.002063,0.002374
0,-0.153299,0.041364,-0.042839,0.189184,-0.084504,0.172954,0.002676,0.000722
0,-0.008304,0.100448,0.16424,0.084422,0.153806,0.070419,0.000145,0.001753
0,0.000253,0.276307,0.014744,0.161347,0.015958,0.184865,4e-06,0.002995
0,-0.08764,0.068065,-0.083203,-0.179302,-0.03625,-0.225192,0.00153,0.001188
0,0.048344,0.056386,0.118646,0.00024,0.105401,-0.022432,0.000844,0.000984
0,-0.148623,0.204627,-0.224008,0.163947,-0.273973,0.16039,0.002594,0.003571
0,0.021916,0.22215,0.162949,0.000158,0.180594,0.031613,0.000383,0.003877
0,0.053703,0.090243,0.035716,-0.139292,0.027215,-0.13404,0.000937,0.001575
0,-0.160372,-0.007684,-0.192508,-0.086114,-0.157574,-0.081104,0.002799,0.000134
0,-0.176428,-0.008079,-0.038508,0.009873,-0.050698,0.011219,0.003079,0.000141
0,-0.220246,-0.024491,-0.07109,0.000316,-0.034367,-0.038257,0.003844,0.000427
0,-0.113177,0.076447,0.122152,0.091749,0.08715,0.099288,0.001975,0.001334
0,0.042727,0.064809,0.156618,0.004409,0.162411,0.018129,0.000746,0.001131
0,-0.046583,0.152265,-0.06617,0.085108,-0.082077,0.124028,0.000813,0.002658
0,-0.217266,0.023777,-0.166915,-0.142332,-0.205945,-0.171471,0.003792,0.000415
0,-0.161614,0.067251,0.073859,0.017778,0.071281,-0.007714,0.002821,0.001174
0,-0.180205,-0.019878,0.006153,-0.109953,0.01749,-0.153046,0.003145,0.000347
0,-0.206387,-0.032087,-0.00605,-0.010796,-0.010751,-0.060349,0.003602,0.00056
0,-0.174976,-0.04496,0.048509,-0.010088,0.007809,-0.033663,0.003054,0.000785
0,0.031527,-0.054814,0.2018,-0.000743,0.158684,-0.013928,0.00055,0.000957
0,0.009008,-0.088264,-0.04563,-0.029314,-0.043392,-0.007817,0.000157,0.00154
0,-0.087256,0.103608,-0.123398,0.164939,-0.082084,0.197103,0.001523,0.001808
0,-0.138511,0.208576,-0.048027,0.103446,-0.086315,0.125476,0.002417,0.00364
0,0.006608,0.119078,0.148629,-0.09286,0.106446,-0.045953,0.000115,0.002078
0,-0.096436,0.104732,-0.120692,-0.001169,-0.165117,-0.028363,0.001683,0.001828
0,0.110084,0.187168,0.196551,0.099518,0.178682,0.080664,0.001921,0.003267
0,-0.110934,0.029548,-0.240772,-0.173358,-0.211227,-0.1314,0.001936,0.000516
0,-0.106419,0.14239,-0.004972,0.113469,-0.034835,0.074919,0.001857,0.002485
0,0.126241,-0.037,0.213471,-0.15617,0.247449,-0.195798,0.002203,0.000646
0,0.07199,0.099026,-0.052755,0.139576,-0.026149,0.180095,0.001256,0.001728
0,-0.147788,-0.09223,-0.194782,-0.187216,-0.228999,-0.17249,0.002579,0.00161
0,-0.092093,-0.125548,0.032641,-0.046184,0.035929,-0.093184,0.001607,0.002191
0,0.076347,-0.17697,0.165369,-0.075245,0.124561,-0.038593,0.001333,0.003089
0,0.108326,-0.034993,0.028139,0.127278,0.014206,0.145008,0.001891,0.000611
0,0.170002,-0.026589,0.064841,-0.017136,0.048394,0.0017,0.002967,0.000464
0,0.193092,-0.088955,0.010857,-0.041557,0.054813,-0.051349,0.00337,0.001553
0,0.041297,0.095558,-0.147441,0.182133,-0.177247,0.194443,0.000721,0.001668
0,-0.054496,0.013243,-0.083266,-0.059134,-0.074835,-0.055322,0.000951,0.000231
0,0.097702,-0.043155,0.129038,-0.028888,0.131618,-0.014035,0.001705,0.000753
0,-0.03628,0.072291,-0.106564,0.110469,-0.066763,0.068719,0.000633,0.001262
0,0.053355,-0.115251,0.099339,-0.214358,0.084507,-0.167484,0.000931,0.002012
0,-0.122752,0.089153,-0.182433,0.175378,-0.224947,0.1969,0.002142,0.001556
0,-0.071809,-0.013939,0.041127,-0.107598,0.050632,-0.118354,0.001253,0.000243
0,0.072937,0.10652,0.118681,0.144122,0.12316,0.173388,0.001273,0.001859
0,-0.101455,0.123163,-0.199702,0.030171,-0.212885,0.01655,0.001771,0.00215
0,-0.06137,0.066585,0.030998,-0.072903,0.015206,-0.100296,0.001071,0.001162
0,0.140504,0.14506,0.196356,0.053508,0.183541,0.100458,0.002452,0.002532
0,0.038938,-0.099151,-0.091898,-0.265604,-0.051639,-0.243019,0.00068,0.001731
0,0.03109,0.052616,-0.005179,0.165617,0.032495,0.205093,0.000543,0.000918
0,-0.120063,-0.084234,-0.170414,-0.109991,-0.131592,-0.065444,0.002095,0.00147
0,0.043166,-0.052359,0.150899,0.031078,0.127095,0.009163,0.000753,0.000914
0,0.09067,0.043467,0.040989,0.091502,0.000915,0.128826,0.001582,0.000759
0,0.046526,0.163231,-0.068942,0.143282,-0.056116,0.097021,0.000812,0.002849
0,0.116828,-0.1155,0.072032,-0.283977,0.119896,-0.333915,0.002039,0.002016
0,0.02214,0.153289,-0.071504,0.24195,-0.094064,0.23089,0.000386,0.002675
0,0.033669,-0.043807,0.021589,-0.201974,-0.028155,-0.206472,0.000588,0.000765
0,-0.035472,0.128642,-0.098628,0.173003,-0.117498,0.170464,0.000619,0.002245
0,-0.146072,0.096496,-0.102229,-0.046826,-0.076565,-0.048158,0.002549,0.001684
0,-0.086631,-0.108229,0.054809,-0.226909,0.005699,-0.27367,0.001512,0.001889
0,-0.147092,-0.017617,-0.087476,0.11589,-0.067556,0.069844,0.002567,0.000307
0,-0.07704,-0.007927,0.071484,0.020143,0.089078,-0.026848,0.001345,0.000138
0,0.078614,-0.04307,0.146973,-0.050703,0.176759,-0.096357,0.001372,0.000752
0,-0.070015,0.025303,-0.174053,0.066484,-0.175263,0.034174,0.001222,0.000442
0,-0.097537,-0.0289,-0.016252,-0.03178,0.014686,-0.076204,0.001702,0.000504
0,-0.114593,-0.012884,0.001345,0.041755,0.014934,0.086829,0.002,0.000225
0,-0.035531,0.084354,0.05398,0.079371,0.01045,0.095327,0.00062,0.001472
0,-0.083279,0.15281,-0.063447,0.089267,-0.054289,0.09008,0.001453,0.002667
0,0.108903,0.169561,0.164934,0.0264,0.1731,0.014928,0.001901,0.002959
0,-0.054312,0.067384,-0.134959,-0.089558,-0.135887,-0.082999,0.000948,0.001176
0,0.124097,0.161957,0.188977,0.081675,0.188799,0.090416,0.002166,0.002827
0,0.054631,0.05283,-0.073597,-0.090516,-0.057342,-0.05467,0.000953,0.000922
0,0.078228,0.1789,0.009441,0.152921,0.049024,0.186256,0.001365,0.003122
0,-0.11771,0.062618,-0.171512,-0.10002,-0.205162,-0.099294,0.002054,0.001093
0,-0.115651,0.157077,0.020615,0.118017,-0.011059,0.127623,0.002018,0.002742
0,-0.147885,0.191024,-0.041551,0.025192,-0.04316,0.027559,0.002581,0.003334
0,-0.215095,0.201839,-0.065529,0.002405,-0.078747,-0.031308,0.003754,0.003523
0,-0.18602,0.198912,4.7e-05,-0.020075,-0.016412,-0.042997,0.003247,0.003472
0,-0.123101,0.005881,0.090338,-0.215678,0.09817,-0.244236,0.002149,0.000103
0,0.079767,0.004232,0.224205,-0.011812,0.194984,-0.046122,0.001392,7.4e-05
0,0.047021,0.042051,-0.033639,0.039882,-0.048914,0.034758,0.000821,0.000734
0,-0.129097,-0.066291,-0.175212,-0.078517,-0.167604,-0.050668,0.002253,0.001157
0,-0.083685,-0.028781,0.043693,0.013487,0.065501,-0.003023,0.001461,0.000502
0,-0.109999,0.166772,-0.033912,0.168221,-0.051589,0.181522,0.00192,0.002911
0,0.058548,0.099972,0.174623,-0.063993,0.189381,-0.091943,0.001022,0.001745
0,0.02434,0.156605,-0.062024,0.034633,-0.073563,0.049397,0.000425,0.002733
0,0.090879,-0.031637,0.087967,-0.213474,0.055028,-0.196765,0.001586,0.000552
0,0.201593,-0.051653,0.132728,-0.046089,0.157793,-0.091687,0.003518,0.000902
0,0.097706,0.043223,-0.124047,0.100643,-0.07746,0.136485,0.001705,0.000754
0,0.006795,-0.080043,-0.080608,-0.122822,-0.085873,-0.138639,0.000119,0.001397
0,-0.044693,0.10962,-0.060142,0.208505,-0.040637,0.161499,0.00078,0.001913
0,-0.047777,0.074485,0.02596,-0.030083,-0.022368,-0.05994,0.000834,0.0013
0,-1.054875,-0.512885,-1.0144,-0.576187,-1.024016,-0.599968,0.002775,0.001134
0,-2.166218,-0.961186,-1.132045,-0.454033,-1.174769,-0.444822,0.001282,0.00114
0,-2.579282,-1.266159,-0.387514,-0.288107,-0.357284,-0.320553,0.00189,0.001355
0,-2.343957,-1.189586,0.206302,0.070319,0.218911,0.101352,0.00182,0.002691
0,-2.406123,-0.849382,-0.079032,0.337678,-0.106543,0.362022,0.002905,0.000811
0,-1.583313,-0.700754,0.799501,0.174123,0.760046,0.158089,0.003637,0.003405
0,-1.111064,-0.722948,0.468094,0.007666,0.506879,0.047684,0.003756,0.003018
0,-0.876181,-0.653448,0.258975,0.054864,0.286618,0.059426,0.000344,0.003587
0,-0.359422,-0.542265,0.510614,0.123172,0.52677,0.141357,0.001545,0.001646
0,-0.465302,-0.240039,-0.114984,0.322922,-0.150099,0.36602,0.000303,0.003628
0,-0.138717,-0.228007,0.337178,0.006623,0.347519,-0.011076,0.002421,0.003838
0,-0.277325,-0.124096,-0.132381,0.088847,-0.15902,0.074044,0.002978,0.002166
0,0.069538,0.113986,0.363803,0.260794,0.320371,0.304936,0.001214,0.001989
0,0.101818,0.012294,0.017913,-0.08675,0.008076,-0.055432,0.001777,0.000215
0,0.028346,0.204586,-0.090007,0.162304,-0.055586,0.177876,0.000495,0.003571
0,0.171091,0.180181,0.16261,-0.040118,0.137259,-0.014842,0.002986,0.003145
0,0.062279,0.247206,-0.087699,0.037672,-0.115618,0.024861,0.001087,0.003503
0,0.175171,0.13402,0.095415,-0.090784,0.074218,-0.081064,0.003057,0.002339
0,0.18606,0.195504,0.01468,0.034728,0.021521,-0.013609,0.003247,0.003412
0,0.323097,0.093936,0.149882,-0.08806,0.186579,-0.089746,0.002179,0.001639
0,0.16519,0.000329,-0.136015,-0.117344,-0.13076,-0.083024,0.002883,6e-06
0,0.164883,0.131871,-0.022213,0.125268,-0.053787,0.175231,0.002878,0.002302
0,0.232756,0.024029,0.06673,-0.104292,0.084478,-0.146576,0.003756,0.000419
0,0.10608,-0.097636,-0.100124,-0.099503,-0.095023,-0.104054,0.001851,0.001704
0,0.145159,-0.122479,0.053393,-0.029223,0.034209,0.018844,0.002533,0.002138
0,0.13626,-0.026414,-0.003641,0.079441,-0.013917,0.03989,0.002378,0.000461
0,-0.044197,0.077796,-0.194577,0.116716,-0.159874,0.159016,0.000771,0.001358
0,-0.053439,0.130553,-0.006114,0.041954,-0.026129,0.059696,0.000933,0.002279
0,-0.045883,0.090346,-0.003327,-0.049733,0.012938,-0.078265,0.000801,0.001577
0,0.053829,-0.008322,0.083635,-0.093865,0.079785,-0.124917,0.000939,0.000145
0,0.063334,-0.008134,0.025746,0.01927,-0.000551,0.030775,0.001105,0.000142
0,0.118992,0.141043,0.026752,0.148521,0.059108,0.18212,0.002077,0.002462
0,0.110335,0.022979,0.007878,-0.105808,-0.038253,-0.153351,0.001926,0.000401
0,-0.727947,-1.80938,-0.836145,-1.852966,-0.801879,-1.808576,0.002931,0.000308
0,-1.52492,-2.480515,-0.814266,-0.671488,-0.803924,-0.702748,0.003161,0.003614
0,-1.482607,-2.383888,0.034919,0.125855,0.064906,0.147164,0.002423,0.002517
0,-1.554356,-1.725102,-0.087255,0.675155,-0.045159,0.626566,0.003675,0.001163
0,-1.421255,-1.480878,0.131293,0.270228,0.179781,0.283874,0.001352,0.002393
0,-1.071874,-1.087194,0.367128,0.422236,0.368608,0.401439,0.003072,0.003339
0,-0.664674,-0.76486,0.429335,0.329787,0.381304,0.36301,0.003783,0.002286
0,-0.42979,-0.584992,0.243317,0.183657,0.236051,0.181787,0.000317,0.002392
0,-0.18027,-0.428621,0.23917,0.163278,0.218662,0.17856,0.003146,0.000337
0,-0.233052,-0.180443,-0.053102,0.240305,-0.044889,0.23035,0.00375,0.003149
0,-0.182355,-0.055735,0.033375,0.119735,0.012922,0.167303,0.003183,0.000973
0,-0.070623,0.183036,0.133602,0.211553,0.096504,0.211361,0.001233,0.003195
0,0.108581,0.388241,0.186695,0.202552,0.210409,0.235141,0.001895,0.001042
0,0.228448,0.259797,0.103914,-0.150323,0.139688,-0.181603,0.003831,0.003284
0,0.206147,0.195738,-0.01978,-0.060373,0.012843,-0.060076,0.003598,0.003416
0,-0.076726,0.276804,-0.278573,0.074912,-0.3035,0.122081,0.001339,0.002987
0,0.033786,0.06904,0.096471,-0.195651,0.126639,-0.212597,0.00059,0.001205
0,0.014501,0.083095,-0.00667,0.018052,-0.031439,0.038434,0.000253,0.00145
0,0.070609,0.065763,0.066169,-0.024962,0.048664,-0.055407,0.001232,0.001148
0,0.063177,0.130847,-0.016273,0.035327,0.031647,0.004601,0.001103,0.002284
0,-0.038963,-0.076482,-0.112743,-0.220325,-0.1613,-0.174059,0.00068,0.001335
0,0.094584,-0.025638,0.123591,0.065469,0.098293,0.085509,0.001651,0.000447
0,-0.110115,0.011422,-0.233055,0.007297,-0.232901,0.01502,0.001922,0.000199
0,0.039856,0.082731,0.173696,0.053844,0.200761,0.044941,0.000696,0.001444
0,0.097411,0.018059,0.058985,-0.083126,0.091982,-0.070179,0.0017,0.000315
0,-0.063234,-0.068991,-0.141624,-0.104279,-0.176798,-0.071878,0.001104,0.001204
0,-0.102389,0.026438,-0.067814,0.119685,-0.02652,0.15333,0.001787,0.000461
0,0.070903,0.025297,0.170187,0.021796,0.120443,0.010039,0.001237,0.000442
0,0.043362,0.069934,-0.05537,0.023962,-0.07498,0.032379,0.000757,0.001221
0,-0.075291,0.015375,-0.124552,-0.051164,-0.075786,-0.073224,0.001314,0.000268
0,0.091232,-0.139377,0.191029,-0.15988,0.225813,-0.12913,0.001592,0.002433
0,-0.078932,-0.062785,-0.169228,0.070093,-0.212999,0.109299,0.001378,0.001096
0,0.124103,0.122282,0.216657,0.201463,0.213318,0.219372,0.002166,0.002134
0,0.039379,-0.008342,-0.080731,-0.13819,-0.048658,-0.149037,0.000687,0.000146
0,-0.021239,0.005871,-0.071762,0.043884,-0.104939,-0.002585,0.000371,0.000102
0,0.115107,-0.088789,0.125532,-0.120749,0.117889,-0.113187,0.002009,0.00155
0,0.153232,0.02229,0.05435,0.12788,0.060646,0.1346,0.002674,0.000389
0,-0.111968,-0.048874,-0.28154,-0.063186,-0.278938,-0.035769,0.001954,0.000853
0,0.043014,0.133458,0.138749,0.204778,0.130853,0.237691,0.000751,0.002329
0,-0.087218,0.009899,-0.15441,-0.150838,-0.180025,-0.168089,0.001522,0.000173
0,0.006037,-0.041211,0.119397,-0.064255,0.164936,-0.062281,0.000105,0.000719
0,0.010495,0.086827,0.00939,0.102288,-0.015017,0.063502,0.000183,0.001515
0,0.096127,0.157847,0.066412,0.062436,0.032393,0.098242,0.001678,0.002755
0,0.17665,0.133596,0.052743,-0.008301,0.009108,0.038901,0.003083,0.002332
0,0.103542,-0.050053,-0.062993,-0.173525,-0.093566,-0.210064,0.001807,0.000874
0,0.139517,0.060055,0.032936,0.138956,0.011528,0.169908,0.002435,0.001048
0,0.131607,0.04432,-0.012599,-0.008645,-0.046897,-0.014839,0.002297,0.000774
0,0.054481,0.11811,-0.064804,0.095854,-0.056299,0.106051,0.000951,0.002061
0,-0.0832,0.158466,-0.136905,0.025022,-0.09988,0.033667,0.001452,0.002766
0,-0.078224,-0.000788,0.005495,-0.137228,0.02207,-0.165609,0.001365,1.4e-05
0,0.070825,-0.030647,0.155379,-0.014806,0.154021,-0.013835,0.001236,0.000535
0,0.011022,-0.092517,-0.087728,-0.074265,-0.108353,-0.042337,0.000192,0.001615
0,-0.020178,0.087898,-0.014927,0.175681,0.010387,0.158483,0.000352,0.001534
0,-0.027852,-0.066725,0.004721,-0.130606,0.038091,-0.173786,0.000486,0.001165
0,0.002132,-0.08625,0.049728,-0.03008,0.004919,-0.077337,3.7e-05,0.001505
0,-0.133285,0.210198,-0.145228,0.270134,-0.122219,0.276981,0.002326,0.003669
0,-0.021711,0.126993,0.131587,-0.06018,0.143471,-0.012749,0.000379,0.002216
0,-0.046183,-0.027947,0.000699,-0.179541,0.039023,-0.156751,0.000806,0.000488
0,-0.021472,0.143514,0.031784,0.165135,0.078001,0.210017,0.000375,0.002505
0,0.062328,-0.029681,0.106715,-0.143536,0.125602,-0.159542,0.001088,0.000518
0,0.056842,-0.104125,-0.023345,-0.048935,-0.044238,-0.035518,0.000992,0.001817
0,0.061733,0.098631,0.010759,0.207973,-0.000662,0.169887,0.001077,0.001721
0,0.032825,-0.02156,-0.006762,-0.097919,0.002216,-0.068763,0.000573,0.000376
0,-0.002144,-0.012005,-0.037433,0.031268,-0.021685,-0.01651,3.7e-05,0.00021
0,0.035347,0.112043,0.057983,0.123916,0.055001,0.133584,0.000617,0.001956
0,-0.006739,0.123755,-0.051041,0.004786,-0.008142,-0.000744,0.000118,0.00216
0,0.222014,0.123715,0.241566,0.019055,0.252957,0.014864,0.003875,0.002159
0,0.123015,0.104141,-0.127315,-0.035458,-0.170988,-0.041449,0.002147,0.001818
0,-0.032002,-0.018814,-0.143368,-0.118184,-0.185507,-0.076089,0.000559,0.000328
0,0.224488,0.019751,0.271674,0.031635,0.304277,0.046393,0.0039,0.000345
0,0.161316,0.394598,-0.056105,0.354822,-0.089246,0.342977,0.002815,0.000931
0,0.421529,0.499823,0.288431,0.132873,0.276828,0.157195,0.000461,0.000906
0,0.397955,0.699299,-0.027553,0.227032,-0.04429,0.261925,0.000872,0.003431
0,0.140996,0.943608,-0.246894,0.230909,-0.239929,0.226628,0.002461,0.000833
0,0.314636,0.984863,0.157501,0.046132,0.139789,0.052802,0.002326,0.001553
0,0.160977,1.132941,-0.140281,0.157727,-0.159858,0.186369,0.00281,0.00368
0,0.176616,0.984856,-0.010905,-0.125069,-0.004607,-0.089839,0.003083,0.001553
0,0.152995,0.675022,-0.029231,-0.306234,-0.047708,-0.309205,0.00267,0.003854
0,0.029523,0.334636,-0.14209,-0.330321,-0.133412,-0.360651,0.000515,0.001977
0,0.0477,0.212467,0.036656,-0.143927,0.039328,-0.141915,0.000833,0.003708
0,0.112742,0.087189,0.060878,-0.14003,0.098604,-0.158044,0.001968,0.001522
0,-0.019714,0.164796,-0.154263,0.077373,-0.194778,0.091268,0.000344,0.002876
0,0.12765,-0.030249,0.142865,-0.192243,0.144225,-0.2326,0.002228,0.000528
0,-0.055253,0.154857,-0.164589,0.17605,-0.146116,0.219433,0.000964,0.002703
0,-0.01566,0.002795,0.010428,-0.157591,0.049103,-0.107913,0.000273,4.9e-05
0,0.059049,-0.059677,0.050902,-0.07077,0.027125,-0.059458,0.001031,0.001042
0,0.03661,0.13768,-0.042141,0.204414,-0.053167,0.254366,0.000639,0.002403
0,0.111431,-0.001055,0.096753,-0.13299,0.064962,-0.09103,0.001945,1.8e-05
0,0.25863,0.064053,0.126706,0.057954,0.132451,0.031781,0.003304,0.001118
0,0.067943,0.169269,-0.216092,0.097652,-0.251565,0.100998,0.001186,0.002954
0,-0.065931,-0.056003,-0.122812,-0.224784,-0.09975,-0.27365,0.001151,0.000977
0,0.118504,0.04725,0.18221,0.114229,0.193476,0.110223,0.002068,0.000825
0,0.046568,-0.080605,-0.070764,-0.142818,-0.115836,-0.096375,0.000813,0.001407
0,-0.061905,0.02089,-0.079202,0.079441,-0.037939,0.032039,0.00108,0.000365
0,0.087064,-0.103134,0.125235,-0.134328,0.095701,-0.110964,0.00152,0.0018
0,-0.019808,0.15508,-0.136079,0.287222,-0.100186,0.310272,0.000346,0.002707
0,-0.140445,0.089176,-0.122266,-0.049621,-0.171019,-0.057508,0.002451,0.001556
0,0.075868,0.08903,0.200158,0.021809,0.210888,0.070291,0.001324,0.001554
0,-0.031126,0.060834,-0.077989,0.00147,-0.098178,-0.009692,0.000543,0.001062
0,-0.006941,0.114379,0.051346,0.049657,0.090291,0.038726,0.000121,0.001996
0,0.031979,-0.084041,0.054979,-0.224678,0.020502,-0.223245,0.000558,0.001467
0,0.110878,0.006274,0.061638,0.093028,0.098735,0.103449,0.001935,0.00011
0,0.158451,0.138669,0.049434,0.140374,0.061181,0.165641,0.002765,0.00242
0,0.00503,-0.148213,-0.178943,-0.27851,-0.150298,-0.311744,8.8e-05,0.002587
0,0.138221,-0.052289,0.141571,0.113542,0.128745,0.063828,0.002412,0.000913
0,0.086022,-0.033966,-0.065128,0.000734,-0.087649,-0.04069,0.001501,0.000593
0,-0.062548,-0.032717,-0.13003,-0.012295,-0.173401,-0.054107,0.001092,0.000571
0,0.120056,0.093744,0.176046,0.127761,0.197719,0.146558,0.002095,0.001636
0,-0.084195,0.023314,-0.208608,-0.068577,-0.228488,-0.068436,0.001469,0.000407
0,0.082452,-0.172921,0.181068,-0.216303,0.196049,-0.221483,0.001439,0.003018
0,0.051946,-0.145042,-0.002045,0.014901,0.00402,0.020097,0.000907,0.002531
0,0.107704,-0.073672,0.02727,0.043289,-0.005919,0.025706,0.00188,0.001286
0,0.081075,0.005585,-0.041304,0.071537,0.004348,0.08537,0.001415,9.7e-05
0,-0.096721,0.048984,-0.200007,0.065197,-0.206336,0.088957,0.001688,0.000855
0,-0.082909,-0.132016,0.024774,-0.206326,0.0009,-0.251876,0.001447,0.002304
0,-0.003089,-0.029826,0.057281,0.11989,0.012662,0.163412,5.4e-05,0.000521
0,-0.292012,-0.190825,-0.280575,-0.163745,-0.280013,-0.123787,0.002721,0.003331
0,-0.128557,-0.145921,0.17246,0.018723,0.214879,0.058798,0.002244,0.002547
0,-0.047797,-0.036898,0.058389,0.116637,0.056208,0.071075,0.000834,0.000644
0,-0.071578,-0.125834,-0.026053,-0.099243,-0.07526,-0.126393,0.001249,0.002196
0,0.057605,0.030601,0.154206,0.175431,0.199143,0.182089,0.001005,0.000534
0,0.053523,0.09566,-0.013569,0.048847,-0.0377,0.000771,0.000934,0.00167
0,0.045797,-0.141144,0.012709,-0.236024,-0.030737,-0.265274,0.000799,0.002463
0,-0.015396,-0.010286,-0.064289,0.118886,-0.021513,0.107157,0.000269,0.00018
0,-0.095793,-0.168593,-0.072469,-0.154153,-0.048742,-0.176556,0.001672,0.002942
0,-0.0778,-0.129769,0.022591,0.017247,0.062218,-0.008813,0.001358,0.002265
0,-0.030935,-0.032483,0.021103,0.074377,0.038308,0.030172,0.00054,0.000567
0,-0.054705,0.074033,-0.044349,0.115728,-0.071523,0.10779,0.000955,0.001292
0,-0.177136,-0.045856,-0.127787,-0.148666,-0.119347,-0.189821,0.003092,0.0008
0,0.256419,0.707956,0.458623,0.772,0.451004,0.728484,0.003343,0.00328
0,0.060341,1.270608,-0.202119,0.538371,-0.163457,0.554128,0.001053,0.001277
0,0.161551,1.173664,0.096885,-0.069711,0.048001,-0.036193,0.00282,0.002969
0,0.454225,1.234861,0.274608,0.034154,0.303617,0.054822,0.00011,0.001901
0,0.31387,1.184428,-0.138064,-0.048997,-0.158305,-0.07794,0.00234,0.002781
0,0.191262,0.971345,-0.125076,-0.238773,-0.09454,-0.23726,0.003338,0.001317
0,0.432955,0.700826,0.251811,-0.271228,0.247453,-0.300382,0.000261,0.003404
0,0.312963,0.602537,-0.090976,-0.080298,-0.13958,-0.04748,0.002356,0.002698
0,0.203087,0.269228,-0.109986,-0.358083,-0.082886,-0.397426,0.003545,0.003119
0,0.188,0.03953,-0.002659,-0.201776,0.042436,-0.228156,0.003281,0.00069
0,0.213204,0.073227,0.030368,0.012891,-0.000566,0.010714,0.003721,0.001278
0,0.094862,-0.010458,-0.091704,-0.067048,-0.136231,-0.033867,0.001656,0.000183
0,0.229869,-0.146847,0.14419,-0.145775,0.164063,-0.181904,0.003806,0.002563
0,0.103237,-0.04079,-0.118002,0.095598,-0.166807,0.137925,0.001802,0.000712
0,0.150349,-0.154674,0.027151,-0.129234,0.061183,-0.09769,0.002624,0.0027
0,0.004103,-0.037656,-0.147975,0.089515,-0.150851,0.094984,7.2e-05,0.000657
0,-0.073806,0.068792,-0.04828,0.118619,-0.051522,0.102171,0.001288,0.001201
0,0.020576,-0.143534,0.115708,-0.234774,0.08843,-0.250587,0.000359,0.002505
0,-0.008654,-0.061366,-0.021205,0.097919,-0.03572,0.077816,0.000151,0.001071
0,-0.037145,0.014353,-0.058278,0.093487,-0.043219,0.079615,0.000648,0.000251
0,0.073341,-0.11803,0.086819,-0.112069,0.113036,-0.11441,0.00128,0.00206
0,-0.095628,-0.284629,-0.146028,-0.171896,-0.117024,-0.134984,0.001669,0.00285
0,0.01163,-0.031722,0.10232,0.234658,0.069296,0.187359,0.000203,0.000554
0,0.121619,0.01041,0.085124,0.014994,0.080118,-0.028966,0.002123,0.000182
0,0.054634,-0.190428,-0.096398,-0.219224,-0.146104,-0.223092,0.000954,0.003324
0,0.003649,0.016402,-0.069443,0.200908,-0.07368,0.244493,6.4e-05,0.000286
0,-0.072598,-0.018389,-0.104172,-0.019986,-0.12528,0.019041,0.001267,0.000321
0,0.090533,-0.029577,0.1772,0.017313,0.13216,0.063629,0.00158,0.000516
0,0.100344,0.093504,0.019583,0.118168,0.060827,0.128213,0.001751,0.001632
0,-0.134774,-0.009614,-0.210611,-0.083961,-0.234905,-0.10353,0.002352,0.000168
0,-0.042933,0.040753,0.080136,0.02609,0.085753,0.058154,0.000749,0.000711
0,0.091411,-0.106523,0.155098,-0.121258,0.188785,-0.074003,0.001595,0.001859
0,0.038934,-0.026856,-0.028969,0.087378,-0.076839,0.054357,0.00068,0.000469
0,-0.034771,0.1497,-0.049405,0.181403,-0.03943,0.207828,0.000607,0.002613
0,-0.078993,0.135883,-0.045294,-0.041657,-0.012678,-0.036164,0.001379,0.002372
0,-0.0074,0.125807,0.074382,0.010504,0.064832,-0.01694,0.000129,0.002196
0,0.051429,-0.091739,0.063677,-0.205457,0.112887,-0.175448,0.000898,0.001601
0,-0.011239,0.083482,-0.054018,0.154612,-0.048395,0.178384,0.000196,0.001457
0,0.084749,-0.018132,0.087213,-0.126396,0.135875,-0.106081,0.001479,0.000316
0,0.040827,-0.019003,-0.023383,0.028073,-0.065782,0.057693,0.000713,0.000332
0,-0.026101,-0.082474,-0.047832,-0.038212,-0.049345,-0.077361,0.000456,0.001439
0,0.136639,0.161842,0.156148,0.270337,0.133587,0.22792,0.002385,0.002825
0,-0.045095,0.141868,-0.165572,-0.017218,-0.162191,0.009773,0.000787,0.002476
0,-0.064237,0.128632,-0.045297,-0.001797,-0.051259,0.035539,0.001121,0.002245
0,0.943817,1.376817,1.016742,1.274177,0.973507,1.284566,0.000837,0.000576
0,2.055028,1.592193,1.10795,0.192224,1.081619,0.189723,0.003222,0.003482
0,2.299591,1.762725,0.267618,0.18095,0.312125,0.210735,0.001046,0.000506
0,1.758946,1.747728,-0.521778,-0.012544,-0.564149,0.015615,0.000572,0.000768
0,1.66391,1.165199,-0.090533,-0.586578,-0.121375,-0.545518,0.002231,0.003117
0,1.012695,0.832826,-0.640434,-0.350913,-0.614528,-0.334064,0.002039,0.0011
0,0.699616,0.919306,-0.327543,0.090619,-0.331436,0.067046,0.003425,0.000409
0,0.392116,0.715932,-0.299541,-0.183989,-0.325541,-0.227535,0.000974,0.00314
0,0.123016,0.248033,-0.290237,-0.492246,-0.279432,-0.507663,0.002147,0.003489
0,0.015469,0.008523,-0.084822,-0.234468,-0.08731,-0.237715,0.00027,0.000149
0,-0.129042,0.102829,-0.169934,0.073045,-0.141004,0.10927,0.002252,0.001795
0,-0.145973,-0.085846,-0.039072,-0.200512,-0.014272,-0.162858,0.002548,0.001498
0,0.064945,-0.070945,0.216903,0.035056,0.217958,0.069117,0.001134,0.001238
0,-0.029289,-0.190548,-0.091729,-0.097488,-0.11099,-0.138126,0.000511,0.003326
0,0.006868,-0.183444,0.007071,-0.012095,0.000824,0.03344,0.00012,0.003202
0,0.01164,-0.069396,0.033658,0.126758,0.0347,0.170697,0.000203,0.001211
0,-0.104506,-0.129412,-0.14507,-0.036457,-0.177336,-0.078559,0.001824,0.002259
0,0.000708,-0.201862,0.087153,-0.088843,0.126777,-0.132271,1.2e-05,0.003523
0,0.085444,0.016062,0.06534,0.201952,0.083687,0.197531,0.001491,0.00028
0,0.058805,-0.18918,-0.04935,-0.182337,-0.043096,-0.184508,0.001026,0.003302
0,0.000104,-0.138368,-0.088184,0.043765,-0.063139,-0.005926,2e-06,0.002415
0,0.138522,-0.216365,0.151709,-0.07137,0.146477,-0.056346,0.002418,0.003776
0,-0.070823,0.023756,-0.197889,0.239374,-0.19301,0.242279,0.001236,0.000415
0,-0.030217,-0.126862,0.035428,-0.156565,0.029084,-0.171923,0.000527,0.002214
0,0.070689,-0.079784,0.097492,0.034373,0.146006,0.034788,0.001234,0.001392
0,0.052521,-0.153438,0.009281,-0.061092,0.005785,-0.055901,0.000917,0.002678
0,0.038769,-0.200024,0.015469,-0.027488,0.037859,-0.004374,0.000677,0.003491
0,-0.083881,-0.03998,-0.098465,0.184719,-0.069786,0.163492,0.001464,0.000698
0,-0.029293,-0.105307,0.028839,-0.043217,0.057963,0.004572,0.000511,0.001838
0,-0.118787,0.085107,-0.111161,0.210436,-0.082081,0.25435,0.002073,0.001485
0,0.15434,-0.031662,0.266348,-0.11335,0.303658,-0.137787,0.002694,0.000553
0,0.11215,-0.022278,-0.017696,-0.006999,0.015564,0.034878,0.001957,0.000389
0,0.210708,0.084004,0.07819,0.105297,0.105162,0.083488,0.003678,0.001466
0,-0.025185,-0.017315,-0.262401,-0.099894,-0.284397,-0.075099,0.00044,0.000302
0,0.041452,-0.002838,0.072279,-0.000301,0.071026,-0.045732,0.000723,5e-05
0,0.213596,-0.049442,0.145058,-0.054163,0.186513,-0.070211,0.003728,0.000863
0,0.175826,-0.079461,-0.02278,-0.007016,-0.013184,0.020963,0.003069,0.001387
0,0.17692,-0.18007,0.00595,-0.104617,0.018566,-0.064977,0.003088,0.003143
0,-0.088152,-0.154314,-0.290609,0.038903,-0.324257,0.045634,0.001539,0.002693
0,-0.011434,-0.128858,0.051348,0.002506,0.052236,-0.013232,0.0002,0.002249
0,0.067807,-0.175248,0.104351,-0.062337,0.093014,-0.061113,0.001183,0.003059
0,0.038926,-0.234034,-0.019877,-0.087254,0.01474,-0.127685,0.000679,0.003733
0,-0.053967,-0.040873,-0.064168,0.167606,-0.107153,0.143824,0.000942,0.000713
0,0.097624,0.042686,0.142323,0.076275,0.183254,0.110784,0.001704,0.000745
0,-0.010653,-0.056241,-0.126749,-0.095445,-0.114879,-0.070556,0.000186,0.000982
0,0.173818,0.06086,0.212358,0.101217,0.251782,0.078563,0.003034,0.001062
0,-0.019576,-0.081304,-0.189103,-0.137792,-0.143998,-0.09414,0.000342,0.001419
0,0.075118,-0.003904,0.104944,0.055969,0.125335,0.008664,0.001311,6.8e-05
0,-0.070263,-0.062885,-0.136339,-0.044218,-0.086417,-0.076129,0.001226,0.001098
0,-0.133109,-0.202015,-0.034144,-0.142362,-0.043422,-0.189347,0.002323,0.003526
0,-0.097413,-0.023354,0.0141,0.205797,0.008513,0.167147,0.0017,0.000408
0,0.033255,0.06767,0.148946,0.119319,0.191133,0.107373,0.00058,0.001181
0,-0.101958,0.045038,-0.160312,0.004775,-0.205848,0.008527,0.001779,0.000786
0,-0.052419,0.085436,0.064436,0.038734,0.102423,0.074409,0.000915,0.001491
0,-0.065613,-0.11749,-0.014765,-0.194414,-0.001813,-0.163887,0.001145,0.002051
0,-0.138983,-0.046397,-0.080899,0.069051,-0.096596,0.103925,0.002426,0.00081
0,-0.016984,-0.214034,0.133838,-0.161817,0.12245,-0.132864,0.000296,0.003736
0,-0.187362,0.023227,-0.194062,0.222039,-0.177059,0.270738,0.00327,0.000405
0,-0.171874,-0.077478,0.034561,-0.097724,0.004496,-0.133242,0.003,0.001352
0,-0.03564,-0.132977,0.118989,-0.04223,0.108571,-0.058688,0.000622,0.002321
0,-0.130325,-0.03689,-0.118557,0.098256,-0.087273,0.143409,0.002275,0.000644
0,0.044286,0.006911,0.204283,0.052773,0.243925,0.059022,0.000773,0.000121
0,-0.20213,-0.114275,-0.216716,-0.116428,-0.255357,-0.160467,0.003528,0.001994
0,-0.159242,-0.200281,0.016558,-0.071634,0.006693,-0.100435,0.002779,0.003496
0,-0.21563,0.03439,-0.027017,0.253191,0.013376,0.238908,0.003763,0.0006
0,-0.138076,-0.006557,0.089635,-0.046211,0.122014,-0.002824,0.00241,0.000114
0,-0.105128,-0.190175,0.014071,-0.189255,0.056948,-0.189308,0.001835,0.003319
0,-0.182996,0.053577,-0.071204,0.26154,-0.099498,0.240585,0.003194,0.000935
0,-0.008231,-0.168323,0.161421,-0.237626,0.189818,-0.217261,0.000144,0.002938
0,-0.110178,0.004051,-0.096022,0.151731,-0.055353,0.165865,0.001923,7.1e-05
0,-0.013043,-0.11736,0.098661,-0.115831,0.059872,-0.14893,0.000228,0.002048
0,-0.23589,-0.105015,-0.225759,0.00916,-0.226232,0.024195,0.003701,0.001833
0,-0.134232,-0.209228,0.101603,-0.106892,0.080314,-0.124072,0.002343,0.003652
0,-0.140746,0.062977,0.015393,0.288129,-0.000176,0.314582,0.002456,0.001099
0,-0.162338,0.099166,-0.033798,0.060674,0.012993,0.09185,0.002833,0.001731
0,-0.154397,0.069922,0.031218,-0.029799,0.045991,-0.025022,0.002695,0.00122
0,-0.261425,-0.093491,-0.117655,-0.175648,-0.0908,-0.139935,0.003255,0.001632
0,-0.222936,0.095797,0.061289,0.196574,0.05162,0.184092,0.003891,0.001672
0,-0.360552,0.098115,-0.110559,0.008881,-0.09602,0.036335,0.001525,0.001712
0,-0.103503,0.126536,0.274997,0.019742,0.287619,0.045533,0.001806,0.002208
0,-0.094686,-0.082066,-0.019026,-0.201249,-0.044688,-0.187316,0.001653,0.001432
0,-0.204236,0.097987,-0.086214,0.193712,-0.115093,0.220381,0.003565,0.00171
0,-0.009727,0.078664,0.190284,-0.017548,0.179711,-0.031108,0.00017,0.001373
0,0.003116,0.043924,0.015763,-0.053093,0.052098,-0.054433,5.4e-05,0.000767
0,-0.080953,-0.083279,-0.108182,-0.127494,-0.13381,-0.166781,0.001413,0.001453
0,0.078958,0.130888,0.182671,0.232467,0.213765,0.204207,0.001378,0.002284
0,-0.08688,0.024576,-0.166579,-0.118902,-0.173649,-0.167075,0.001516,0.000429
0,0.116882,-0.124206,0.196884,-0.144987,0.20283,-0.156231,0.00204,0.002168
0,-0.012459,-0.016269,-0.131092,0.099277,-0.109167,0.137312,0.000217,0.000284
0,0.115116,0.101961,0.127455,0.139545,0.077866,0.142948,0.002009,0.00178
0,0.03293,0.091171,-0.076542,0.004518,-0.091507,0.007322,0.000575,0.001591
0,-0.122758,0.160304,-0.178363,0.069001,-0.155706,0.043749,0.002143,0.002798
0,0.033599,0.024735,0.126732,-0.136454,0.118339,-0.134572,0.000586,0.000432
0,-0.088259,0.07551,-0.100618,0.046989,-0.056757,0.003929,0.00154,0.001318
0,-0.073918,0.095486,0.004149,0.001957,0.037699,0.011268,0.00129,0.001667
0,-0.061875,0.098106,0.033184,0.00588,0.011903,-0.035737,0.00108,0.001712
0,-0.15887,-0.095382,-0.11688,-0.166865,-0.157003,-0.133134,0.002773,0.001665
0,0.041832,-0.087935,0.199746,-0.017755,0.238714,0.024314,0.00073,0.001535
0,0.101995,-0.035919,0.075206,0.079578,0.06719,0.031132,0.00178,0.000627
0,0.02515,0.063125,-0.081412,0.125791,-0.105224,0.142635,0.000439,0.001102
0,-0.114151,0.131544,-0.167261,0.097918,-0.161512,0.113386,0.001992,0.002296
0,-0.040721,0.15023,0.073831,-0.008417,0.055799,-0.043042,0.000711,0.002622
0,-0.026924,0.114456,0.008754,-0.03641,0.052131,-0.056,0.00047,0.001998
0,0.035992,0.034078,0.090361,-0.083086,0.047468,-0.038895,0.000628,0.000595
0,0.09434,-0.081595,0.082399,-0.122641,0.109332,-0.106643,0.001647,0.001424
0,-0.02921,-0.043614,-0.153376,0.030678,-0.159468,0.012118,0.00051,0.000761
0,0.101538,0.049548,0.127628,0.078508,0.176948,0.07722,0.001772,0.000865
0,0.043965,0.01251,-0.036396,-0.015828,-0.06932,0.020819,0.000767,0.000218
0,0.131808,-0.159286,0.072638,-0.187311,0.062009,-0.159845,0.0023,0.00278
0,0.119706,-0.042777,0.017572,0.128488,0.027905,0.09603,0.002089,0.000747
0,-0.048326,-0.081418,-0.188061,-0.047977,-0.148007,-0.085326,0.000843,0.001421
0,0.010473,-0.165558,0.079099,-0.103089,0.088352,-0.132549,0.000183,0.00289
0,0.171033,-0.142097,0.150586,0.032465,0.148591,0.062813,0.002985,0.00248
0,0.212183,0.060072,0.039435,0.197194,0.041618,0.244801,0.003703,0.001048
0,-0.100035,-0.116303,-0.295508,-0.168299,-0.256521,-0.136394,0.001746,0.00203
0,-0.033076,0.045161,0.079945,0.138508,0.087149,0.167651,0.000577,0.000788
0,0.044088,-0.000866,0.09175,-0.049,0.071008,-0.065583,0.000769,1.5e-05
0,0.064864,-0.03533,0.001505,-0.028562,-0.028184,0.016428,0.001132,0.000617
0,0.065053,0.034942,0.021501,0.098248,0.068866,0.112723,0.001135,0.00061
0,0.084896,-0.16879,0.023325,-0.193899,0.030553,-0.166806,0.001482,0.002946
0,0.081933,-0.143926,0.005265,0.005919,0.005019,0.022731,0.00143,0.002512
0,0.088957,-0.045138,0.031586,0.122097,0.030943,0.111893,0.001553,0.000788
0,0.124958,0.058978,0.010169,0.080704,0.024815,0.069267,0.002181,0.001029
0,0.004821,0.052038,-0.10935,-0.002387,-0.073094,0.029388,8.4e-05,0.000908
0,0.015416,-0.130231,0.038155,-0.152313,0.012326,-0.178624,0.000269,0.002273
0,-0.10982,0.065864,-0.139376,0.20674,-0.13226,0.174205,0.001917,0.00115
0,-0.025394,0.115116,0.080917,0.039623,0.062817,0.009431,0.000443,0.002009
0,0.072363,0.073893,0.081275,-0.058265,0.099265,-0.103353,0.001263,0.00129
0,-0.078424,0.10443,-0.179645,0.044498,-0.177133,0.091767,0.001369,0.001823
0,-0.105747,-0.084241,-0.018701,-0.196021,0.009009,-0.157141,0.001846,0.00147
0,-0.090024,-0.157297,0.027059,-0.093118,0.052299,-0.095194,0.001571,0.002745
0,0.188008,-0.046531,0.254244,0.124097,0.300022,0.146922,0.003281,0.000812
0,-0.068269,-0.099752,-0.282873,-0.068395,-0.289446,-0.087385,0.001192,0.001741
0,0.074411,-0.189867,0.155235,-0.104817,0.131844,-0.109191,0.001299,0.003314
0,0.186034,-0.040355,0.128893,0.137505,0.117115,0.15614,0.003247,0.000704
0,0.097378,0.076213,-0.108533,0.144166,-0.131701,0.190768,0.0017,0.00133
0,0.142771,0.043276,0.048076,-0.008174,0.065849,-0.047178,0.002492,0.000755
0,-0.063569,0.06161,-0.2192,0.028307,-0.239683,0.006217,0.001109,0.001075
0,-0.129212,0.050431,-0.093143,-0.038592,-0.139603,0.008357,0.002255,0.00088
0,-0.111264,-0.11157,0.044138,-0.172869,0.079064,-0.174622,0.001942,0.001947
0,-0.14272,-0.079903,-0.051144,0.018886,-0.046326,-0.022425,0.002491,0.001395
0,0.008368,-0.079813,0.181,-0.009899,0.202242,0.009752,0.000146,0.001393
0,-0.044504,-0.101584,-0.051487,-0.04625,-0.093469,-0.018083,0.000777,0.001773
0,0.084139,-0.056729,0.107393,0.054795,0.11788,0.057793,0.001469,0.00099
0,-0.007653,0.012132,-0.082044,0.05392,-0.06799,0.063634,0.000134,0.000212
0,0.088018,0.080207,0.070089,0.050252,0.08667,0.070155,0.001536,0.0014
0,0.163302,0.105238,0.069956,0.005698,0.058718,0.002397,0.00285,0.001837
0,-0.028057,-0.050142,-0.193859,-0.153585,-0.196441,-0.125783,0.00049,0.000875
0,0.016925,0.057747,0.024135,0.131137,0.066475,0.139032,0.000295,0.001008
0,-0.039031,-0.048071,-0.065353,-0.112443,-0.073324,-0.126791,0.000681,0.000839
0,0.587346,-0.384526,0.631861,-0.312638,0.641141,-0.329708,0.002433,0.001107
0,0.493432,-0.582186,-0.074846,-0.195068,-0.060068,-0.200528,0.000794,0.002343
0,0.858922,-0.576436,0.337465,0.029021,0.333183,0.066479,0.000645,0.002243
0,1.041787,-0.637945,0.192656,-0.083099,0.199753,-0.108773,0.002547,0.003316
0,0.892232,-0.522593,-0.123139,0.134646,-0.118737,0.130245,6.3e-05,0.001303
0,0.720411,-0.689365,-0.166868,-0.176129,-0.147649,-0.193823,0.003062,0.003604
0,0.541031,-0.533396,-0.209298,0.143833,-0.186411,0.094364,0.001625,0.001492
0,0.507211,-0.502303,-0.03288,0.029505,-0.0577,0.022271,0.001035,0.000949
0,0.586951,-0.334724,0.057408,0.140194,0.081772,0.151446,0.002426,0.001976
0,0.406912,-0.148328,-0.182196,0.162433,-0.154392,0.148417,0.000716,0.002589
0,0.128615,-0.19944,-0.2574,-0.05604,-0.283078,-0.01429,0.002245,0.003481
0,0.10499,-0.144822,-0.021245,0.073308,-0.044287,0.054059,0.001832,0.002528
0,0.03061,-0.134371,-0.050907,0.031637,-0.026482,0.00059,0.000534,0.002345
0,0.127628,0.00337,0.105441,0.16088,0.131755,0.135425,0.002228,5.9e-05
0,-0.003328,-0.09114,-0.142673,-0.092881,-0.181362,-0.078222,5.8e-05,0.001591
0,0.091693,0.105973,0.06587,0.21814,0.024748,0.253001,0.0016,0.00185
0,-0.003432,0.024922,-0.107215,-0.090873,-0.152761,-0.042343,6e-05,0.000435
0,0.099421,-0.010521,0.103461,-0.017367,0.116141,-0.050393,0.001735,0.000184
0,-0.963114,0.383129,-1.044703,0.417416,-1.08527,0.407294,0.001174,0.001131
0,-1.410936,0.91672,-0.459723,0.525985,-0.478846,0.540579,0.001172,0.000364
0,-1.497127,0.789943,-0.103009,-0.146854,-0.135651,-0.16761,0.002676,0.001849
0,-1.419428,0.795435,0.077456,-0.022741,0.099795,-0.068084,0.00132,0.001753
0,-1.297026,0.852944,0.129896,0.077482,0.112244,0.075792,0.000816,0.000749
0,-1.069226,0.692392,0.231381,-0.142434,0.257779,-0.105434,0.003026,0.003551
0,-0.82155,0.292226,0.233261,-0.382669,0.250361,-0.350806,0.001297,0.002718
0,-0.504378,0.123496,0.306951,-0.14581,0.261525,-0.178841,0.000985,0.002155
0,-0.064081,0.023944,0.433936,-0.085508,0.452408,-0.057416,0.001118,0.000418
0,0.122501,0.041284,0.177175,0.002673,0.207072,-0.013344,0.002138,0.000721
0,-0.044136,-0.047173,-0.138343,-0.095096,-0.11439,-0.142595,0.00077,0.000823
0,-0.027786,-0.226872,0.020873,-0.172033,0.010629,-0.188705,0.000485,0.003858
0,0.076334,-0.185926,0.098181,0.027615,0.061509,0.002472,0.001332,0.003245
0,0.05125,-0.071026,-0.038203,0.131318,-0.027424,0.10163,0.000894,0.00124
0,0.193685,0.000116,0.11829,0.04934,0.073684,0.048042,0.00338,2e-06
0,0.011399,0.076726,-0.175869,0.104859,-0.162288,0.098204,0.000199,0.001339
0,0.212375,-0.034616,0.187164,-0.12729,0.220686,-0.107932,0.003707,0.000604
0,0.061684,0.101093,-0.136652,0.157786,-0.174476,0.134599,0.001077,0.001764
0,-0.00143,-0.0049,-0.036169,-0.12247,0.004702,-0.098121,2.5e-05,8.6e-05
0,0.051958,0.077093,0.082332,0.067152,0.11759,0.024721,0.000907,0.001346
0,0.125744,0.045213,0.081335,-0.018469,0.045956,-0.002747,0.002195,0.000789
0,0.276406,0.083036,0.144035,0.013698,0.1421,0.061802,0.002994,0.001449
0,0.150486,0.002783,-0.109226,-0.054314,-0.063424,-0.021848,0.002626,4.9e-05
0,0.091255,-0.113519,-0.039467,-0.140626,-0.028216,-0.169989,0.001593,0.001981
0,0.207792,0.089048,0.116707,0.177473,0.141733,0.227329,0.003627,0.001554
0,0.116713,-0.050977,-0.072283,-0.140374,-0.107234,-0.109346,0.002037,0.00089
0,0.121183,-0.062574,0.019354,-0.000108,0.00967,-0.026515,0.002115,0.001092
0,0.225407,-0.014321,0.114681,0.030092,0.16153,0.077738,0.003884,0.00025
0,0.005168,-0.040709,-0.20113,-0.044397,-0.190113,0.001044,9e-05,0.000711
0,0.298621,-0.097926,0.304253,-0.060167,0.299425,-0.062993,0.002606,0.001709
0,0.237084,0.071977,-0.06199,0.199449,-0.1106,0.242891,0.00368,0.001256
0,0.07256,0.045056,-0.13919,-0.032264,-0.131142,-0.045952,0.001266,0.000786
0,0.21714,-0.113427,0.152791,-0.165873,0.166394,-0.157485,0.00379,0.00198
0,0.14626,0.133842,-0.078691,0.223872,-0.052128,0.199401,0.002553,0.002336
0,0.147902,0.173276,0.025391,0.015128,0.070245,0.043959,0.002581,0.003024
0,0.121872,0.09301,-0.031507,-0.104892,-0.012599,-0.120909,0.002127,0.001623
0,-0.019945,0.113213,-0.148881,0.008334,-0.143969,-0.041481,0.000348,0.001976
0,0.089487,0.096636,0.129634,0.007075,0.100517,-0.009662,0.001562,0.001687
0,0.043909,0.010407,-0.029358,-0.066344,-0.063305,-0.062048,0.000766,0.000182
0,0.237709,-0.131156,0.166695,-0.12838,0.208184,-0.082834,0.003669,0.002289
0,0.196497,0.054571,-0.053714,0.156602,-0.05291,0.182765,0.00343,0.000952
0,0.138491,0.123893,-0.084433,0.046532,-0.091126,0.020364,0.002417,0.002162
0,0.033468,-0.142266,-0.118759,-0.272608,-0.121622,-0.267667,0.000584,0.002483
0,-0.002248,-0.044052,-0.006724,0.071876,0.015177,0.034125,3.9e-05,0.000769
0,-0.073413,0.056933,-0.043581,0.091388,-0.021412,0.1075,0.001281,0.000994
0,0.034974,-0.128822,0.106365,-0.19892,0.141829,-0.217361,0.00061,0.002248
0,-0.1136,-0.051781,-0.14647,0.095193,-0.161715,0.078114,0.001983,0.000904
0,0.001558,-0.028413,0.125801,0.025589,0.099324,0.043527,2.7e-05,0.000496
0,0.022299,-0.105815,0.026242,-0.063079,-0.00056,-0.030543,0.000389,0.001847
0,0.1254,-0.02673,0.127523,0.082275,0.105413,0.091117,0.002189,0.000467
0,-0.003425,-0.047404,-0.146621,-0.00125,-0.193632,-0.043091,6e-05,0.000827
0,-0.04198,0.115918,-0.038872,0.150788,0.002463,0.12288,0.000733,0.002023
0,-0.046762,-0.142841,-0.030035,-0.27286,-0.034333,-0.230796,0.000816,0.002493
0,0.05673,-0.097743,0.118588,0.017784,0.130212,0.048039,0.00099,0.001706
0,0.175302,-0.13576,0.115938,-0.062288,0.149134,-0.079264,0.00306,0.002369
0,0.133278,0.063682,-0.066962,0.193683,-0.055789,0.166246,0.002326,0.001111
0,0.12568,-0.083707,0.001071,-0.122399,-0.006129,-0.15954,0.002194,0.001461
0,0.115252,0.029393,-0.011709,0.091562,0.035688,0.112203,0.002012,0.000513
0,0.078513,-0.003524,-0.024813,-0.016144,0.005782,-0.023876,0.00137,6.2e-05
0,1.330941,-1.270835,1.22721,-1.252321,1.181162,-1.268273,0.000224,0.001273
0,1.984889,-1.503189,0.657457,-0.204936,0.685463,-0.241487,0.003371,0.002782
0,1.843649,-2.122911,-0.122494,-0.63,-0.120626,-0.588202,0.000906,0.002038
0,1.801192,-2.241031,-0.031261,-0.14017,-0.014254,-0.147279,0.000165,2.4e-05
0,1.65771,-1.947659,-0.1499,0.314577,-0.10743,0.264721,0.002339,0.002722
0,1.096056,-1.580897,-0.58283,0.383053,-0.619634,0.391991,0.003494,0.00368
0,0.673631,-1.293039,-0.422158,0.313756,-0.401592,0.337529,0.003879,0.000886
0,0.512325,-0.933625,-0.137373,0.364676,-0.095202,0.335362,0.001124,0.000659
0,0.362005,-0.557561,-0.121827,0.375797,-0.162503,0.391335,0.0015,0.001913
0,0.023787,-0.619338,-0.328949,-0.058298,-0.308182,-0.060785,0.000415,0.002992
0,-0.089678,-0.406137,-0.130173,0.204768,-0.160246,0.204904,0.001565,0.000729
0,-0.089111,-0.137861,-0.012872,0.249309,0.009044,0.275708,0.001555,0.002406
0,-0.210658,0.08964,-0.095868,0.243892,-0.093256,0.267153,0.003677,0.001565
0,-0.114262,0.194572,0.098687,0.117127,0.056278,0.080533,0.001994,0.003396
0,-0.308314,0.254506,-0.216038,0.054321,-0.223155,0.083385,0.002437,0.003376
0,-0.27306,0.121814,0.007428,-0.127499,-0.040427,-0.135987,0.003052,0.002126
0,-0.214836,0.013793,0.056515,-0.1344,0.101362,-0.135945,0.00375,0.000241
0,-0.04748,0.093224,0.15347,0.10193,0.158851,0.081292,0.000829,0.001627
0,-0.152074,0.166377,-0.094273,0.083905,-0.062256,0.101711,0.002654,0.002904
0,-0.201201,0.25042,-0.058067,0.077004,-0.073986,0.054137,0.003512,0.003447
0,-0.122947,-0.028333,0.099465,-0.27227,0.10088,-0.259941,0.002146,0.000495
0,-0.027889,0.0043,0.114437,0.006553,0.08257,-0.016575,0.000487,7.5e-05
0,-0.103353,-0.02315,-0.099971,-0.019605,-0.140232,-0.063203,0.001804,0.000404
0,-0.056189,0.108964,0.067735,0.121193,0.034165,0.098662,0.000981,0.001902
0,0.007143,-0.029791,0.063475,-0.162037,0.022863,-0.120373,0.000125,0.00052
0,-0.080185,0.085274,-0.108318,0.127456,-0.089477,0.167389,0.001399,0.001488
0,-0.159771,0.038235,-0.07266,-0.056266,-0.04161,-0.020974,0.002789,0.000667
0,-0.056751,0.12695,0.074504,0.093286,0.085309,0.131837,0.000991,0.002216
0,0.085553,0.061215,0.149982,-0.089391,0.136388,-0.077983,0.001493,0.001068
0,0.012744,0.130295,-0.088924,0.052529,-0.092176,0.060142,0.000222,0.002274
0,-0.06228,-0.097302,-0.063784,-0.223573,-0.014243,-0.251365,0.001087,0.001698
0,-0.157458,-0.039937,-0.091162,0.072136,-0.073731,0.068198,0.002748,0.000697
0,-0.021848,-0.079733,0.110859,-0.037194,0.070884,-0.08557,0.000381,0.001392
0,0.07138,0.001871,0.088673,0.065459,0.114687,0.075608,0.001246,3.3e-05
0,0.02616,0.11292,-0.015779,0.082589,0.004652,0.032593,0.000457,0.001971
0,0.104769,-0.050294,0.086447,-0.174685,0.046154,-0.126287,0.001829,0.000878
0,0.090705,-0.074985,-0.037477,-0.045171,-0.018954,-0.071169,0.001583,0.001309
0,-0.149999,-0.104365,-0.21942,-0.006823,-0.266315,0.037048,0.002618,0.001822
0,-0.166163,-0.145923,-0.029135,-0.053664,-0.036862,-0.069059,0.0029,0.002547
0,-0.049818,-0.082388,0.124017,0.05999,0.09188,0.109417,0.000869,0.001438
0,0.121154,-0.053164,0.154985,0.027883,0.153911,0.057074,0.002115,0.000928
0,0.070828,-0.042135,-0.022992,0.035087,-0.072806,0.044176,0.001236,0.000735
0,0.006386,0.152547,-0.046863,0.166394,-0.024264,0.129497,0.000111,0.002662
0,0.010261,0.129472,0.014531,-0.038986,-0.017985,-0.020289,0.000179,0.00226
0,0.051784,0.152079,0.039411,0.033428,0.020811,0.014815,0.000904,0.002654
0,-0.163039,-0.030143,-0.230772,-0.194325,-0.195324,-0.144401,0.002846,0.000526
0,-0.149776,0.049347,-0.013284,0.098951,-0.057547,0.126714,0.002614,0.000861
0,0.025206,0.055674,0.18074,0.026537,0.162525,0.002628,0.00044,0.000972
0,0.067671,-0.004708,0.026514,-0.046279,0.023352,-0.070579,0.001181,8.2e-05
0,-0.021359,0.153515,-0.103286,0.135539,-0.11272,0.17658,0.000373,0.002679
0,-0.142576,-0.031274,-0.144407,-0.173324,-0.185151,-0.215089,0.002488,0.000546
0,0.020024,0.014582,0.182042,0.043408,0.16028,0.054602,0.000349,0.000255
0,-0.11221,0.094893,-0.106355,0.0984,-0.15574,0.113719,0.001958,0.001656
0,-0.16604,0.230812,-0.046769,0.132591,-0.071277,0.170307,0.002898,0.003789
0,-0.055048,0.124834,0.10865,-0.130873,0.083458,-0.151094,0.000961,0.002179
0,0.105747,0.118807,0.183797,0.016,0.200878,0.040903,0.001846,0.002074
0,0.183822,-0.063593,0.078137,-0.178652,0.06532,-0.162135,0.003208,0.00111
0,0.161832,0.030938,0.005578,0.124337,-0.014524,0.155932,0.002824,0.00054
0,-0.55547,-0.391811,-0.728611,-0.449874,-0.767818,-0.459645,0.001877,0.000979
0,-0.697075,-0.626013,-0.150173,-0.237481,-0.195438,-0.232395,0.003469,0.003108
0,-0.888042,-0.430194,-0.175647,0.166239,-0.203795,0.206306,0.000136,0.00031
0,-0.594332,-0.603866,0.323315,-0.201984,0.318447,-0.214879,0.002555,0.002722
0,-0.651122,-0.356871,-0.080143,0.231785,-0.091829,0.227242,0.003546,0.001589
0,-0.370562,-0.514378,0.252084,-0.137242,0.286905,-0.104295,0.00135,0.00116
0,-0.425094,-0.318568,-0.056587,0.222323,-0.053148,0.220938,0.000399,0.002258
0,-0.244935,-0.133064,0.170695,0.167445,0.173494,0.158025,0.003543,0.002322
0,-0.196404,-0.092459,0.041972,0.0352,-0.00506,0.000671,0.003428,0.001614
0,-0.099517,-0.173532,0.070565,-0.105435,0.06623,-0.077195,0.001737,0.003029
0,-0.135918,-0.340443,-0.036291,-0.174005,-0.066548,-0.187817,0.002372,0.001876
0,0.068242,-0.279929,0.200667,0.040318,0.154291,0.080359,0.001191,0.002932
0,0.01705,-0.160281,-0.076712,0.143352,-0.054497,0.182621,0.000298,0.002797
0,0.052779,-0.084564,0.007658,0.065767,0.053872,0.064631,0.000921,0.001476
0,0.07313,-0.034726,0.005169,0.074952,-0.001383,0.037818,0.001276,0.000606
0,-0.003176,0.124477,-0.089432,0.131297,-0.125415,0.154324,5.5e-05,0.002173
0,0.055073,0.055232,0.062534,-0.060212,0.070298,-0.073674,0.000961,0.000964
0,0.171527,-0.025595,0.099194,-0.06117,0.110379,-0.048552,0.002994,0.000447
0,0.118631,0.030083,-0.074167,0.042066,-0.073168,-0.006008,0.002071,0.000525
0,0.142561,0.083389,0.020009,0.060892,0.048472,0.056165,0.002488,0.001455
0,-0.070886,0.022535,-0.227923,-0.082086,-0.202445,-0.093786,0.001237,0.000393
0,0.146801,-0.028917,0.196777,-0.05307,0.21921,-0.07849,0.002562,0.000505
0,-0.058627,0.211233,-0.232161,0.252919,-0.194546,0.273481,0.001023,0.003687
0,0.165288,0.118419,0.233687,-0.065961,0.2313,-0.077945,0.002885,0.002067
0,0.105091,0.080834,-0.071729,-0.035666,-0.041256,-0.084827,0.001834,0.001411
0,0.069873,0.025495,-0.063991,-0.070866,-0.038258,-0.118581,0.00122,0.000445
0,0.062692,-0.056374,0.015843,-0.069853,0.033792,-0.05669,0.001094,0.000984
0,-0.106245,-0.039702,-0.149158,-0.007706,-0.122549,-0.036134,0.001854,0.000693
0,0.002732,-0.016962,0.080562,-0.005534,0.120325,-0.017155,4.8e-05,0.000296
0,0.080396,0.155708,0.073734,0.156886,0.051097,0.125261,0.001403,0.002718
0,0.049111,0.05494,-0.055502,-0.073467,-0.025019,-0.067386,0.000857,0.000959
0,0.041888,0.139537,-0.029428,0.097679,-0.037906,0.079276,0.000731,0.002435
0,0.101742,0.213236,0.059018,0.091508,0.045906,0.047989,0.001776,0.003722
0,0.124698,0.192407,0.012182,-0.035576,-0.024809,-0.076052,0.002176,0.003358
0,-0.077925,0.203104,-0.182552,0.005395,-0.195818,0.033548,0.00136,0.003545
0,0.00957,0.10496,0.103667,-0.109474,0.109444,-0.085093,0.000167,0.001832
0,0.123644,0.063751,0.084963,-0.027469,0.09006,-0.037893,0.002158,0.001113
0,0.032989,-0.021171,-0.082917,-0.096992,-0.071405,-0.123228,0.000576,0.00037
0,-0.041204,-0.02414,-0.099604,-0.000405,-0.061579,0.0259,0.000719,0.000421
0,0.020271,0.074908,0.057342,0.10742,0.093856,0.141562,0.000354,0.001307
0,0.015791,-0.045366,0.001739,-0.126875,0.045362,-0.149751,0.000276,0.000792
0,0.137674,0.136906,0.146267,0.193705,0.179967,0.227625,0.002403,0.002389
0,0.020981,0.124092,-0.128499,-0.021752,-0.09138,-0.036212,0.000366,0.002166
0,0.201633,-0.017309,0.193786,-0.160016,0.201183,-0.155993,0.003519,0.000302
0,0.11711,0.033926,-0.069653,0.055626,-0.104275,0.09298,0.002044,0.000592
0,0.003539,0.215837,-0.095195,0.159065,-0.071395,0.192355,6.2e-05,0.003767
0,0.137101,0.138617,0.131716,-0.098123,0.099,-0.086254,0.002393,0.002419
0,-0.014965,0.045282,-0.131043,-0.086806,-0.092451,-0.127623,0.000261,0.00079
0,0.2447,0.063306,0.234031,0.012702,0.282049,-0.030437,0.003547,0.001105
0,0.247886,-0.024996,0.011359,-0.08295,0.002751,-0.074613,0.003491,0.000436
0,0.044792,-0.025074,-0.202459,-0.017859,-0.231816,-0.034303,0.000782,0.000438
0,0.100229,0.111829,0.085242,0.163724,0.104555,0.186389,0.001749,0.001952
0,0.249201,-1.422268,0.137572,-1.548674,0.106363,-1.582076,0.003469,0.00137
0,0.634532,-1.909357,0.399572,-0.488388,0.393693,-0.499082,0.003257,0.002053
0,0.857298,-2.027427,0.226251,-0.138293,0.219971,-0.155741,0.000673,0.003704
0,0.582038,-2.119991,-0.264507,-0.117186,-0.277574,-0.118702,0.002341,0.002089
0,0.503552,-1.537651,-0.068219,0.585633,-0.037829,0.555646,0.000971,0.003383
0,0.456294,-1.084756,-0.073238,0.473762,-0.1044,0.46117,0.000146,0.003297
0,0.314566,-0.991479,-0.146046,0.11561,-0.111197,0.139291,0.002328,0.001669
0,0.366006,-0.88613,0.067656,0.133597,0.044717,0.158771,0.00143,0.00017
0,0.053649,-0.377259,-0.295285,0.518886,-0.276557,0.532454,0.000936,0.001233
0,0.00063,-0.162101,-0.029127,0.208805,-0.052118,0.225957,1.1e-05,0.002829
0,0.047606,-0.179791,0.059819,-0.015894,0.094958,0.020033,0.000831,0.003138
0,-0.055443,-0.176356,-0.099172,-0.02538,-0.114845,-0.05141,0.000968,0.003078
0,-0.046918,0.089646,-0.010255,0.282581,-0.014221,0.308998,0.000819,0.001565
0,-0.019737,-0.053935,0.056202,-0.141852,0.064467,-0.158749,0.000344,0.000941
0,0.10017,0.076641,0.096308,0.156926,0.076871,0.119771,0.001748,0.001338
0,0.060449,0.013879,-0.034241,-0.035005,-0.066367,-0.023019,0.001055,0.000242
0,0.100726,0.056979,0.021945,0.026685,0.034871,0.00785,0.001758,0.000994
0,-0.043059,0.011414,-0.125544,-0.03252,-0.094193,-0.064391,0.000752,0.000199
0,-0.126554,-0.031161,-0.099418,-0.049522,-0.117707,-0.061211,0.002209,0.000544
0,-0.133728,-0.054228,0.010533,-0.006107,0.007269,-0.041893,0.002334,0.000946
0,0.035511,0.043322,0.142613,0.095487,0.132769,0.070122,0.00062,0.000756
0,-0.040745,0.078757,-0.050751,0.020318,-0.06176,0.047782,0.000711,0.001375
0,-0.108941,-0.019036,-0.050255,-0.071682,-0.033337,-0.083588,0.001901,0.000332
0,-0.003769,0.068278,0.120483,0.092924,0.136316,0.060594,6.6e-05,0.001192
0,-0.005211,-0.039659,-0.017575,-0.105025,-0.041063,-0.125369,9.1e-05,0.000692
0,0.061539,-0.091134,0.042681,-0.023686,0.008842,-0.060649,0.001074,0.001591
0,-0.087295,0.074968,-0.17303,0.167148,-0.219844,0.211718,0.001524,0.001308
0,0.048507,-0.08681,0.154152,-0.177689,0.144943,-0.14423,0.000847,0.001515
0,0.045689,0.172753,0.008597,0.261139,-0.002453,0.285076,0.000797,0.003015
0,-0.068309,-0.052508,-0.115488,-0.20548,-0.123269,-0.206058,0.001192,0.000916
0,-0.158565,-0.002473,-0.064982,0.066977,-0.106376,0.055986,0.002767,4.3e-05
0,0.038132,0.081768,0.192046,0.088829,0.175241,0.06625,0.000666,0.001427
0,-0.0544,0.081366,-0.113728,0.017324,-0.137266,-0.00172,0.000949,0.00142
0,0.128964,0.080694,0.209379,-0.027925,0.222433,-0.036576,0.002251,0.001408
0,0.077248,0.003373,-0.071303,-0.096356,-0.056409,-0.140014,0.001348,5.9e-05
0,-0.006013,0.225453,-0.070924,0.24202,-0.047905,0.264521,0.000105,0.003883
0,-0.069894,0.131663,-0.05766,-0.066741,-0.073727,-0.076498,0.00122,0.002298
0,0.172584,0.180193,0.254416,0.062546,0.273652,0.081788,0.003012,0.003145
0,-0.063154,0.125132,-0.205759,-0.03186,-0.166931,-0.008375,0.001102,0.002184
0,0.058627,-0.089188,0.134377,-0.19812,0.10644,-0.22178,0.001023,0.001557
0,0.102263,0.096187,0.057197,0.205331,0.060543,0.220466,0.001785,0.001679
0,0.044823,0.10128,-0.048806,-0.0166,-0.098398,-0.05622,0.000782,0.001768
0,-0.155386,-0.119223,-0.203215,-0.195251,-0.229923,-0.164266,0.002712,0.002081
0,-0.106712,0.111573,0.076121,0.21756,0.102511,0.189569,0.001862,0.001947
0,0.025115,0.165915,0.131205,0.037382,0.106602,0.063559,0.000438,0.002896
0,0.006065,-0.088033,-0.048534,-0.231852,-0.014322,-0.215249,0.000106,0.001536
0,-0.195902,-0.06404,-0.210415,0.004141,-0.172188,-0.028547,0.003419,0.001118
0,-0.152029,0.097593,0.026133,0.138844,-0.000935,0.128095,0.002653,0.001703
0,-0.082933,0.147231,0.061591,0.066611,0.052665,0.066696,0.001447,0.00257
0,0.046343,-0.03355,0.123767,-0.174345,0.099177,-0.18609,0.000809,0.000586
0,0.010185,-0.110498,-0.019547,-0.077023,-0.062631,-0.038364,0.000178,0.001929
0,-0.046842,-0.078567,-0.03473,0.030257,-0.055337,0.058847,0.000818,0.001371
0,-0.010856,0.095654,0.036256,0.18094,0.005758,0.131676,0.000189,0.001669
0,0.099007,0.140724,0.099563,0.047821,0.146856,0.062987,0.001728,0.002456
0,-0.08161,0.011147,-0.187236,-0.140129,-0.160297,-0.165645,0.001424,0.000195
0,0.044303,0.045115,0.10639,0.060664,0.059689,0.107763,0.000773,0.000787
0,-0.166942,0.001611,-0.220804,-0.035195,-0.197798,-0.03999,0.002914,2.8e-05
0,-0.11633,-0.070872,0.050715,-0.044729,0.023873,-0.082512,0.00203,0.001237
0,-0.076261,-0.129435,0.039408,-0.052205,0.019067,-0.081646,0.001331,0.002259
0,0.006682,-0.020655,0.112193,0.126531,0.15926,0.099949,0.000117,0.00036
0,-0.010373,0.079459,-0.010014,0.121312,-0.022503,0.131879,0.000181,0.001387
0,0.046717,0.015089,0.046275,-0.048715,-0.000101,-0.063075,0.000815,0.000263
0,0.103251,0.132307,0.035108,0.137941,0.060126,0.102934,0.001802,0.002309
0,0.013264,-0.099018,-0.078216,-0.24681,-0.113196,-0.22521,0.000232,0.001728
0,-0.119579,-0.063025,-0.111025,0.04459,-0.083974,0.062124,0.002087,0.0011
0,-0.040276,-0.027965,0.053589,0.0104,0.081443,0.058218,0.000703,0.000488
0,-0.004539,0.136348,0.01809,0.170444,-0.007523,0.207392,7.9e-05,0.00238
0,-0.128477,0.146477,-0.098823,0.01925,-0.109358,0.060236,0.002242,0.002557
0,0.000264,0.102178,0.150806,-0.036501,0.136749,-0.058914,5e-06,0.001783
0,0.062993,0.055719,0.05091,-0.065918,0.068266,-0.083925,0.001099,0.000972
0,0.111562,0.193522,0.066245,0.115241,0.065349,0.126144,0.001947,0.003378
0,-0.029588,-0.023597,-0.134385,-0.188953,-0.092516,-0.204614,0.000516,0.000412
0,-0.033037,0.006194,0.003588,0.025002,0.034875,0.033038,0.000577,0.000108
0,-0.147637,-0.046968,-0.096448,-0.072488,-0.13933,-0.107628,0.002577,0.00082
0,-0.227685,0.113714,-0.105011,0.184854,-0.143594,0.148244,0.003844,0.001985
0,0.017328,-0.043773,0.242556,-0.163079,0.224839,-0.207648,0.000302,0.000764
0,0.036257,-0.113106,0.00106,-0.098912,0.017845,-0.07914,0.000633,0.001974
0,-0.22724,-0.030501,-0.292782,0.111139,-0.315023,0.074268,0.003852,0.000532
0,-0.194712,-0.084589,0.038623,-0.053065,-0.005257,-0.079757,0.003398,0.001476
0,-0.15831,0.034503,0.061781,0.136663,0.094916,0.114899,0.002763,0.000602
0,-0.080344,0.095444,0.062109,0.06255,0.047568,0.018343,0.001402,0.001666
0,-0.107852,0.072535,-0.010927,-0.036885,0.035007,-0.051558,0.001882,0.001266
0,0.026615,-0.097144,0.150051,-0.150785,0.175957,-0.190257,0.000465,0.001695
0,-0.092276,0.046316,-0.117015,0.140077,-0.149619,0.128092,0.001611,0.000808
0,-0.145625,0.012306,-0.066325,-0.051607,-0.089276,-0.079097,0.002542,0.000215
0,-0.037642,-0.103752,0.130045,-0.146014,0.10553,-0.116773,0.000657,0.001811
0,-0.034447,0.104106,-0.00604,0.232067,0.038471,0.278929,0.000601,0.001817
0,0.008018,-0.069697,0.030186,-0.158772,0.039792,-0.1643,0.00014,0.001216
0,-0.110245,0.026625,-0.123677,0.119982,-0.171151,0.097652,0.001924,0.000465
0,-0.103516,0.002785,0.012272,-0.049568,-0.031358,-0.088058,0.001807,4.9e-05
0,0.049824,0.173232,0.150749,0.196525,0.150462,0.239109,0.00087,0.003023
0,-0.052261,-0.044357,-0.073442,-0.229111,-0.081,-0.212004,0.000912,0.000774
0,-0.024153,0.046502,0.004475,0.093486,-0.039352,0.113107,0.000422,0.000812
0,-0.045666,-0.044883,-0.009349,-0.118096,0.026033,-0.083508,0.000797,0.000783
0,0.170085,0.103357,0.18643,0.15367,0.223368,0.157279,0.002969,0.001804
0,0.161666,-0.029023,-0.035099,-0.148268,-0.05615,-0.141177,0.002822,0.000507
0,0.25855,0.090363,0.109062,0.092245,0.087128,0.098447,0.003305,0.001577
0,0.117652,0.003673,-0.170424,-0.076014,-0.186933,-0.110691,0.002053,6.4e-05
0,0.175058,0.040506,0.045991,0.048539,0.073184,0.005159,0.003055,0.000707
0,0.014485,0.156059,-0.154113,0.091177,-0.108406,0.131893,0.000253,0.002724
0,0.121326,-0.061964,0.11137,-0.206989,0.07766,-0.160288,0.002118,0.001081
0,0.14838,-0.085782,0.041849,-0.018982,0.066081,-0.050527,0.00259,0.001497
0,-0.022914,-0.102581,-0.156319,0.004432,-0.127581,-0.024991,0.0004,0.00179
0,0.099658,0.082911,0.113484,0.182311,0.122957,0.196087,0.001739,0.001447
0,0.097991,-0.05978,0.026254,-0.160795,0.037029,-0.175174,0.00171,0.001043
0,0.155756,0.080274,0.036742,0.163602,0.029935,0.144283,0.002718,0.001401
0,-0.116144,-0.03678,-0.298144,-0.140117,-0.276395,-0.154831,0.002027,0.000642
0,0.213867,0.033613,0.348626,0.099229,0.383742,0.067057,0.003733,0.000587
0,0.07687,0.141467,-0.13071,0.121717,-0.11871,0.091576,0.001342,0.002469
0,0.060174,0.073122,-0.030778,-0.09791,-0.005049,-0.100277,0.00105,0.001276
0,0.026459,0.170656,-0.013057,0.079601,0.021744,0.107908,0.000462,0.002979
0,0.012085,0.068135,-0.026739,-0.104579,-0.065808,-0.117224,0.000211,0.001189
0,-0.02125,0.19014,-0.016056,0.148417,-0.021927,0.175699,0.000371,0.003319
0,0.088379,0.121972,0.133228,-0.070337,0.126292,-0.075526,0.001542,0.002129
0,0.135227,-0.117822,0.047968,-0.23827,0.041144,-0.283793,0.00236,0.002056
0,0.048159,0.036896,-0.070354,0.145917,-0.077395,0.147655,0.000841,0.000644
0,-0.036662,0.073308,-0.103267,0.019116,-0.132101,-0.025672,0.00064,0.001279
0,-0.052862,0.037616,-0.002832,-0.065548,-0.045874,-0.057305,0.000923,0.000657
0,-0.028304,0.066676,0.0367,0.021899,0.06749,-0.014792,0.000494,0.001164
0,0.125176,-0.063362,0.13741,-0.120101,0.100144,-0.134627,0.002185,0.001106
0,-0.016927,0.128508,-0.146601,0.217065,-0.138023,0.173696,0.000295,0.002243
0,-0.145684,-0.052642,-0.131937,-0.188035,-0.105556,-0.160028,0.002543,0.000919
0,0.11869,-0.092563,0.292602,-0.061739,0.253502,-0.033506,0.002072,0.001616
0,0.1068,-0.116251,0.010086,-0.023479,-0.035563,-0.054781,0.001864,0.002029
0,0.099988,0.168458,0.007047,0.286543,-0.034104,0.254161,0.001745,0.00294
0,-0.10275,-0.068282,-0.18655,-0.220333,-0.224126,-0.250455,0.001793,0.001192
0,0.168955,-0.045643,0.245464,-0.003995,0.237859,0.024518,0.002949,0.000797
0,0.001026,0.065642,-0.160797,0.091596,-0.179548,0.092894,1.8e-05,0.001146
0,0.102498,-0.145033,0.101187,-0.203571,0.084377,-0.157039,0.001789,0.002531
0,-0.159874,-0.1127,-0.243285,0.024717,-0.233735,0.058013,0.00279,0.001967
0,-0.153597,0.04263,0.03507,0.176003,0.009256,0.206923,0.002681,0.000744
0,-0.14784,-0.029465,0.000576,-0.049577,-0.024558,-0.064028,0.00258,0.000514
0,-0.153586,-0.110389,0.007678,-0.053449,-0.007161,-0.08346,0.002681,0.001927
0,-0.079877,-0.005855,0.053885,0.126921,0.071081,0.117502,0.001394,0.000102
0,-0.171956,-0.072179,-0.073492,-0.078346,-0.053062,-0.059549,0.003001,0.00126
0,-0.020715,0.044485,0.172443,0.102424,0.125559,0.056952,0.000362,0.000776
0,-0.201227,-0.074796,-0.200177,-0.121296,-0.241217,-0.169877,0.003512,0.001305
0,0.026834,-0.142206,0.216067,-0.067325,0.258042,-0.081245,0.000468,0.002482
0,-0.015917,-0.08888,-0.028743,0.067217,-0.017477,0.084084,0.000278,0.001551
0,0.011238,0.112818,0.016302,0.223664,-0.015142,0.234998,0.000196,0.001969
0,0.090018,-0.041441,0.079126,-0.181035,0.036373,-0.211269,0.001571,0.000723
0,0.158108,-0.036739,0.066381,0.017257,0.017374,-0.007745,0.00276,0.000641
0,0.108783,-0.025799,-0.067906,0.017757,-0.095398,-0.003539,0.001899,0.00045
0,-0.019762,-0.141704,-0.106317,-0.117494,-0.13249,-0.140339,0.000345,0.002473
0,0.104325,-0.016719,0.108614,0.129838,0.068543,0.161444,0.001821,0.000292
0,-0.166396,-0.006774,-0.265808,-0.011699,-0.223809,0.008652,0.002904,0.000118
0,0.105192,0.041626,0.258109,0.023386,0.299658,0.062497,0.001836,0.000727
0,-0.062502,0.116165,-0.195311,0.073088,-0.191546,0.054888,0.001091,0.002027
0,-0.020508,0.053835,0.033617,-0.06544,0.014816,-0.08266,0.000358,0.00094
0,-0.005873,-0.148511,-0.002393,-0.213289,-0.05202,-0.224412,0.000103,0.002592
0,0.076532,-0.180968,0.095582,-0.032743,0.133934,-0.070441,0.001336,0.003158
0,0.008324,0.074143,-0.043276,0.238944,-0.067279,0.271785,0.000145,0.001294
0,-0.084884,0.077909,-0.102077,0.031926,-0.10932,-0.001236,0.001482,0.00136
0,-0.059684,-0.027234,0.052679,-0.111975,0.093798,-0.077421,0.001042,0.000475
0,-0.049104,0.108442,0.026258,0.125496,0.01369,0.170698,0.000857,0.001893
0,-0.149952,0.094067,-0.074143,-0.042833,-0.10909,0.000357,0.002617,0.001642
0,-0.08743,0.069642,0.051711,-0.01038,0.044781,0.018124,0.001526,0.001215
0,0.037061,0.016463,0.147273,-0.069082,0.176835,-0.075729,0.000647,0.000287
0,-0.161978,0.138247,-0.20166,0.125561,-0.191575,0.091297,0.002827,0.002413
0,0.055333,0.108548,0.237705,-0.018148,0.253489,-0.040284,0.000966,0.001895
0,-0.035834,-0.083344,-0.08044,-0.218295,-0.045685,-0.223822,0.000625,0.001455
0,-0.111093,0.022864,-0.060168,0.131212,-0.086755,0.087044,0.001939,0.000399
0,-0.175015,-0.064296,-0.068428,-0.05799,-0.039612,-0.020151,0.003055,0.001122
0,-0.117369,-0.033378,0.061294,0.010606,0.024088,0.022126,0.002048,0.000583
0,-0.139549,-0.047579,-0.021645,0.003543,-0.034342,-0.023893,0.002436,0.00083
0,-0.060876,-0.020062,0.087168,0.013292,0.108626,-0.01049,0.001062,0.00035
0,-0.120532,-0.040095,-0.034726,-0.025247,-0.012105,0.010116,0.002104,0.0007
0,-0.086178,-0.02612,0.019168,0.026178,-0.01392,0.00103,0.001504,0.000456
0,-0.110692,0.047199,-0.02266,0.047385,-0.033855,0.064023,0.001932,0.000824
0,-0.182764,0.106356,-0.086004,0.069911,-0.106655,0.024245,0.00319,0.001856
0,-0.199955,-0.106879,-0.017067,-0.188355,-0.015845,-0.229941,0.00349,0.001865
0,-0.060497,-0.071635,0.162875,0.024309,0.187261,0.03444,0.001056,0.00125
0,-0.116497,-0.051351,-0.052694,0.022177,-0.014188,0.030389,0.002033,0.000896
0,-0.147469,-0.017642,-0.021781,0.049871,-0.01307,0.073493,0.002574,0.000308
0,0.167222,0.070763,0.294381,0.077357,0.326615,0.120171,0.002919,0.001235
0,0.125902,0.067572,-0.022781,0.022846,0.016478,0.051363,0.002197,0.001179
0,0.179147,-0.012653,0.033506,-0.079397,-0.005758,-0.109648,0.003127,0.000221
0,0.144957,0.034732,-0.051842,0.042779,-0.045918,0.020637,0.00253,0.000606
0,0.110877,0.118432,-0.041384,0.068112,-0.074923,0.078584,0.001935,0.002067
0,-0.060068,-0.055288,-0.142217,-0.179194,-0.144033,-0.228839,0.001048,0.000965
0,0.120955,-0.067333,0.176614,-0.001254,0.173563,0.010789,0.002111,0.001175
0,0.162854,-0.099663,0.022451,-0.01423,-0.014514,-0.047713,0.002842,0.001739
0,0.102675,0.036692,-0.06528,0.149678,-0.072079,0.130412,0.001792,0.00064
0,-0.061435,-0.145446,-0.142687,-0.171059,-0.160559,-0.194129,0.001072,0.002539
0,0.101673,-0.06889,0.176728,0.082862,0.12929,0.131588,0.001775,0.001202
0,0.147552,-0.19417,0.058029,-0.101482,0.102609,-0.117519,0.002575,0.003389
0,0.052833,0.019375,-0.0989,0.203556,-0.060741,0.225256,0.000922,0.000338
0,-0.030199,0.016767,-0.092402,-0.019671,-0.059964,-0.049095,0.000527,0.000293
0,-0.132898,-0.125801,-0.091891,-0.130758,-0.071318,-0.129505,0.00232,0.002196
0,-0.093992,-0.025908,0.051122,0.123555,0.00934,0.139516,0.00164,0.000452
0,-0.132223,-0.079221,-0.055387,-0.072236,-0.082102,-0.047844,0.002308,0.001383
0,-0.105336,-0.084522,0.056075,-0.006264,0.014215,0.011792,0.001838,0.001475
0,-0.104752,-0.212663,0.020456,-0.152056,0.00483,-0.103432,0.001828,0.003712
0,-0.093462,-0.219793,-0.001192,-0.024439,0.010443,-0.012292,0.001631,0.003836
0,-0.181825,-0.164422,-0.061595,0.072579,-0.039433,0.114952,0.003173,0.00287
0,0.017856,-0.221735,0.174884,-0.033746,0.217175,-0.016476,0.000312,0.00387
0,-0.085834,-0.078119,-0.103081,0.124475,-0.085714,0.076217,0.001498,0.001363
0,-0.178112,-0.107035,-0.074571,-0.007839,-0.072733,0.02961,0.003109,0.001868
0,-0.033593,-0.219207,0.126036,-0.094498,0.095829,-0.065179,0.000586,0.003826
0,-0.236154,-0.135355,-0.179677,0.111533,-0.172088,0.137336,0.003696,0.002362
0,-0.15899,-0.003003,0.10586,0.110019,0.109261,0.112851,0.002775,5.2e-05
0,0.097621,-0.177936,0.241367,-0.181141,0.203377,-0.208504,0.001704,0.003106
0,-0.023935,-0.110634,-0.105445,0.089086,-0.119048,0.127834,0.000418,0.001931
0,-0.054091,0.058662,-0.039557,0.163612,-0.058398,0.150852,0.000944,0.001024
0,-0.14593,0.06303,-0.106215,0.0141,-0.153964,-0.01288,0.002547,0.0011
0,-0.097802,0.067568,0.074456,0.008723,0.038915,0.007004,0.001707,0.001179
0,0.014452,0.025073,0.115358,-0.018593,0.108679,0.003943,0.000252,0.000438
0,0.048,-0.013173,0.005437,-0.061907,-0.006338,-0.072012,0.000838,0.00023
0,-0.015125,-0.015994,-0.042558,0.011869,-0.006278,0.01694,0.000264,0.000279
0,-0.006734,-0.042314,0.020578,-0.026087,-0.027515,-0.023101,0.000118,0.000739
0,0.15097,0.068876,0.157113,0.104224,0.198188,0.064939,0.002635,0.001202
0,0.077488,-0.126318,-0.082516,-0.177455,-0.113607,-0.157165,0.001352,0.002205
0,-0.115892,0.04387,-0.203069,0.166927,-0.189341,0.151464,0.002023,0.000766
0,0.006871,-0.068972,0.130199,-0.125883,0.099718,-0.153848,0.00012,0.001204
0,-0.129345,0.122498,-0.134683,0.185193,-0.137008,0.170742,0.002257,0.002138
0,-0.025744,-0.089268,0.081267,-0.238375,0.04576,-0.214122,0.000449,0.001558
0,-0.142703,0.051342,-0.135509,0.150965,-0.100106,0.113521,0.002491,0.000896
0,-0.036414,0.021472,0.116811,-0.038134,0.089023,-0.045898,0.000636,0.000375
0,0.004523,-0.039655,0.046862,-0.070622,0.041931,-0.06358,7.9e-05,0.000692
0,0.005488,0.126682,0.026828,0.14895,0.044818,0.104063,9.6e-05,0.002211
0,-0.218787,0.159724,-0.198388,0.060028,-0.187435,0.051514,0.003819,0.002788
0,-0.165428,-0.097193,0.081174,-0.233846,0.037537,-0.220672,0.002887,0.001696
0,-0.036444,-0.000975,0.123646,0.084058,0.075759,0.088902,0.000636,1.7e-05
0,0.028119,-0.118928,0.046903,-0.125016,0.043565,-0.113606,0.000491,0.002076
0,0.012456,-0.022079,-0.003357,0.087209,0.033358,0.067698,0.000217,0.000385
0,0.155746,0.019068,0.137495,0.04187,0.111992,0.040125,0.002718,0.000333
0,0.137916,-0.153236,-0.010253,-0.171633,-0.02092,-0.195099,0.002407,0.002674
0,0.058241,0.098057,-0.091397,0.258114,-0.047084,0.269914,0.001017,0.001711
0,0.114633,-0.017559,0.083658,-0.106417,0.11554,-0.095617,0.002001,0.000306
0,0.081651,0.122815,-0.019206,0.169964,-0.041267,0.15488,0.001425,0.002144
0,-0.084883,0.004278,-0.189099,-0.130208,-0.201328,-0.148348,0.001481,7.5e-05
0,0.027353,0.077684,0.092638,0.096005,0.114314,0.050314,0.000477,0.001356
0,0.042288,-0.002436,-0.011053,-0.088923,-0.003422,-0.116251,0.000738,4.3e-05
0,0.049634,0.059341,0.026286,0.035865,0.031578,0.080311,0.000866,0.001036
0,0.029491,-0.066874,-0.039155,-0.0965,-0.071748,-0.123043,0.000515,0.001167
0,-0.112111,-0.163514,-0.131782,-0.102827,-0.083666,-0.102408,0.001957,0.002854
0,0.124811,-0.067153,0.209738,0.119304,0.256169,0.114852,0.002178,0.001172
0,-0.028047,0.004599,-0.137725,0.063096,-0.131773,0.035299,0.00049,8e-05
0,0.070695,-0.095243,0.089857,-0.104367,0.071362,-0.128715,0.001234,0.001662
0,-0.01915,0.070883,-0.071918,0.190484,-0.118522,0.179612,0.000334,0.001237
0,-0.032518,-0.092732,-0.019905,-0.140283,-0.036095,-0.165357,0.000568,0.001618
0,0.019748,0.131888,0.054484,0.234642,0.049814,0.229992,0.000345,0.002302
0,-0.002998,0.154281,-0.009428,0.028239,0.023839,0.03049,5.2e-05,0.002693
0,0.095323,-0.111918,0.114745,-0.247415,0.087943,-0.197596,0.001664,0.001953
0,-0.043536,0.082986,-0.135497,0.173843,-0.179601,0.184611,0.00076,0.001448
0,-0.006271,-0.052057,0.025336,-0.152357,0.041564,-0.193472,0.000109,0.000909
0,-0.009626,0.016856,-0.006954,0.090081,0.039456,0.105579,0.000168,0.000294
0,-0.173084,-0.149105,-0.170808,-0.190725,-0.174158,-0.220423,0.003021,0.002602
0,-0.196953,0.031777,-0.013551,0.177438,-0.052055,0.218862,0.003437,0.000555
0,-0.054508,0.073351,0.164031,0.058199,0.198903,0.016,0.000951,0.00128
0,-0.00103,-0.028729,0.060613,-0.0958,0.053227,-0.105719,1.8e-05,0.000501
0,-0.018732,0.055923,-0.040982,0.088667,-0.072798,0.132552,0.000327,0.000976
0,-0.06169,0.024959,-0.031847,-0.009405,-0.019231,-0.034922,0.001077,0.000436
0,-0.062183,0.034107,0.018735,0.028926,-0.004667,0.065866,0.001085,0.000595
0,-0.041652,-0.009852,-0.003051,-0.037899,-0.027441,-0.036789,0.000727,0.000172
0,-0.017279,0.105042,0.04299,0.099204,0.066479,0.062769,0.000302,0.001833
0,-0.086427,-0.080363,-0.079115,-0.168303,-0.060194,-0.18585,0.001508,0.001403
0,-0.32661,-0.06482,-0.244309,0.010045,-0.25798,0.057004,0.002117,0.001131
0,-0.079501,0.011331,0.264571,0.053426,0.242549,0.047748,0.001388,0.000198
0,-0.282483,-0.092473,-0.219879,-0.093348,-0.230457,-0.068497,0.002888,0.001614
0,-0.087985,0.005004,0.192232,0.10868,0.176128,0.064603,0.001536,8.7e-05
0,-0.202158,0.028031,-0.087259,0.016717,-0.073397,-0.002586,0.003528,0.000489
0,-0.313852,-0.153226,-0.094603,-0.203743,-0.116402,-0.156708,0.00234,0.002674
0,-0.214568,-0.062995,0.09028,0.091017,0.108498,0.087716,0.003745,0.001099
0,-0.264904,-0.049767,-0.053275,0.011566,-0.007725,0.015582,0.003194,0.000869
0,-0.07076,0.007706,0.193192,0.030681,0.177818,0.067219,0.001235,0.000134
0,-0.149338,-0.005953,-0.073333,-0.030781,-0.050527,-0.008422,0.002606,0.000104
0,-0.322034,0.054294,-0.163515,0.043461,-0.141301,0.080113,0.002197,0.000948
0,-0.007744,0.003146,0.308781,-0.050128,0.341445,-0.099091,0.000135,5.5e-05
0,-0.248572,0.091266,-0.249999,0.095456,-0.234004,0.069562,0.003479,0.001593
0,-0.236617,-0.025676,-0.011703,-0.125511,-0.059657,-0.127179,0.003688,0.000448
0,-0.263957,0.046916,-0.019012,0.059402,-0.00943,0.078254,0.003211,0.000819
0,-0.070458,-0.024999,0.180628,-0.04481,0.142651,-0.031038,0.00123,0.000436
0,0.007396,-0.038517,0.056372,-0.024477,0.072486,-0.06207,0.000129,0.000672
0,-0.248131,0.043781,-0.279066,0.064381,-0.255417,0.030861,0.003487,0.000764
0,0.0269,0.04846,0.249564,-0.01823,0.220322,0.012196,0.00047,0.000846
0,-0.001883,-0.073627,-0.019903,-0.124126,0.016972,-0.092765,3.3e-05,0.001285
0,-0.091901,-0.086829,-0.082077,-0.011638,-0.059912,-0.024653,0.001604,0.001515
0,-0.203833,-0.106423,-0.129963,-0.018844,-0.135597,-0.003098,0.003558,0.001857
0,-0.21196,0.109255,-0.038088,0.218623,-0.038789,0.267772,0.003699,0.001907
0,-0.166422,-0.012441,0.070183,-0.111504,0.053863,-0.137994,0.002905,0.000217
0,-0.213336,0.102069,-0.053027,0.127391,-0.02115,0.107385,0.003723,0.001781
0,-0.094469,0.098761,0.110819,0.021856,0.120661,0.057705,0.001649,0.001724
0,-0.212089,-0.119951,-0.101649,-0.196941,-0.072977,-0.176833,0.003702,0.002094
0,-0.308204,-0.065131,-0.117719,0.031765,-0.150494,-0.011732,0.002439,0.001137
0,-0.14714,0.041242,0.157187,0.120894,0.173991,0.140142,0.002568,0.00072
0,-0.321494,0.107297,-0.185866,0.065926,-0.233264,0.066395,0.002207,0.001873
0,-0.928656,0.804931,-0.601872,0.671823,-0.624512,0.688415,0.000572,0.001587
0,-1.061613,0.681306,-0.136311,-0.139261,-0.099733,-0.137386,0.002893,0.003745
0,-1.532493,0.645821,-0.499475,-0.020963,-0.528468,-0.006917,0.003293,0.003454
0,-1.777236,0.687797,-0.26871,0.052589,-0.247821,0.02452,0.000253,0.003631
0,-1.715114,0.365589,0.090315,-0.346689,0.111969,-0.307039,0.001337,0.001437
0,-1.7803,0.541599,-0.08668,0.202603,-0.067536,0.23957,0.000199,0.001635
0,-1.30049,0.392294,0.450423,-0.136641,0.418324,-0.134866,0.000756,0.000971
0,-1.064341,0.132671,0.213639,-0.23779,0.239132,-0.223383,0.002941,0.002316
0,-0.673917,0.242944,0.372857,0.126392,0.3908,0.115666,0.003874,0.003578
0,-0.624664,-0.061844,0.064616,-0.299258,0.094129,-0.347189,0.003085,0.001079
0,-0.316183,0.134804,0.2918,0.197366,0.250759,0.209827,0.002299,0.002353
0,-0.210288,-0.143332,0.107564,-0.280744,0.114367,-0.311142,0.00367,0.002502
0,-0.037778,-0.174739,0.180433,-0.053555,0.149459,-0.013281,0.000659,0.00305
0,0.003406,-0.062293,0.05304,0.109357,0.075953,0.093636,5.9e-05,0.001087
0,0.143056,0.034461,0.119239,0.095435,0.161063,0.136424,0.002497,0.000601
0,-0.041105,-0.052391,-0.177023,-0.098206,-0.190768,-0.132537,0.000717,0.000914
0,0.166992,-0.077879,0.188946,-0.036197,0.159469,-0.020206,0.002915,0.001359
0,0.004565,-0.116578,-0.185979,-0.06239,-0.200289,-0.018686,8e-05,0.002035
0,-0.044657,-0.079167,-0.072355,0.040771,-0.047511,0.006997,0.000779,0.001382
0,0.217067,-0.204784,0.246488,-0.12974,0.227429,-0.095096,0.003789,0.003574
0,0.005062,-0.12115,-0.188397,0.091149,-0.223491,0.072127,8.8e-05,0.002114
0,0.103749,0.062844,0.079868,0.189234,0.068077,0.187923,0.001811,0.001097
0,0.058296,-0.13872,-0.037016,-0.230478,-0.028013,-0.253899,0.001017,0.002421
0,0.065064,-0.117623,-0.018458,0.041035,-0.005658,0.007802,0.001136,0.002053
0,-0.040554,-0.187176,-0.092218,-0.09096,-0.052924,-0.068241,0.000708,0.003267
0,-0.019782,-0.064986,0.035024,0.136085,0.045805,0.092599,0.000345,0.001134
0,-0.041932,-0.152734,0.005754,-0.075126,0.031592,-0.054332,0.000732,0.002666
0,-0.028524,0.03372,0.033417,0.156931,0.041597,0.148979,0.000498,0.000589
0,0.020772,-0.089263,0.062723,-0.116803,0.089374,-0.150852,0.000363,0.001558
0,0.101745,-0.097802,0.079442,-0.000403,0.071546,-0.020794,0.001776,0.001707
0,0.045095,-0.108808,-0.056834,-0.008401,-0.099149,0.031849,0.000787,0.001899
0,0.048737,0.067098,-0.025991,0.168097,-0.070905,0.16389,0.000851,0.001171
0,0.022728,-0.211485,-0.05434,-0.293338,-0.071385,-0.299484,0.000397,0.003691
0,0.124812,-0.226039,0.091953,0.003967,0.103071,0.034253,0.002178,0.003873
0,0.213806,0.015218,0.067066,0.245402,0.10394,0.226435,0.003732,0.000266
0,0.192922,0.088609,-0.011361,0.096167,0.030022,0.144287,0.003367,0.001547
0,0.103824,-0.131614,-0.090697,-0.202549,-0.130459,-0.164721,0.001812,0.002297
0,0.134492,-0.00237,0.004692,0.153923,-0.028452,0.148514,0.002347,4.1e-05
0,0.157873,-0.120894,0.012535,-0.119364,0.029412,-0.112238,0.002755,0.00211
0,-0.010546,0.122344,-0.138711,0.220698,-0.180931,0.192929,0.000184,0.002135
0,0.22932,-0.101864,0.217979,-0.225838,0.254973,-0.231543,0.003815,0.001778
0,0.109751,-0.012636,-0.104909,0.112392,-0.083677,0.119648,0.001916,0.000221
0,-0.021836,0.002009,-0.106884,-0.002073,-0.074281,0.007718,0.000381,3.5e-05
0,0.186832,0.118179,0.226717,0.113399,0.246217,0.06729,0.003261,0.002063
0,0.13968,0.074617,-0.07515,-0.037336,-0.115845,0.009125,0.002438,0.001302
0,0.188606,0.227413,0.041848,0.134602,0.084267,0.159918,0.003292,0.003849
0,-0.03968,0.085478,-0.246554,-0.16198,-0.228422,-0.132661,0.000693,0.001492
0,0.016251,0.113508,0.057489,0.057024,0.072911,0.096219,0.000284,0.001981
0,0.072269,-0.073665,0.043654,-0.171436,0.006368,-0.204775,0.001261,0.001286
0,-0.007176,-0.018535,-0.069939,0.041509,-0.06219,0.085509,0.000125,0.000323
0,0.035079,0.030507,0.03645,0.023285,0.049386,0.008163,0.000612,0.000532
0,0.077235,0.158186,0.070476,0.153173,0.089998,0.196485,0.001348,0.002761
0,0.0987,0.109131,0.01504,-0.02072,0.019465,-0.022267,0.001723,0.001905
0,0.132378,0.072113,0.047369,-0.007386,0.035117,0.01506,0.00231,0.001259
0,-0.088558,0.189967,-0.191342,0.125185,-0.156269,0.142524,0.001546,0.003316
0,0.090996,0.051409,0.202086,-0.133302,0.197343,-0.087627,0.001588,0.000897
0,0.171003,-0.059683,0.061916,-0.106761,0.105487,-0.135607,0.002985,0.001042
0,-0.003011,-0.099316,-0.158194,-0.024763,-0.125235,-0.013402,5.3e-05,0.001733
0,0.064147,0.095684,0.060857,0.197368,0.065847,0.171558,0.00112,0.00167
0,0.097426,0.142911,0.05954,0.02698,0.017308,0.065221,0.0017,0.002494
0,0.179851,0.110752,0.101533,-0.057056,0.148659,-0.018755,0.003139,0.001933
0,0.214689,-0.067955,0.044599,-0.195574,0.059672,-0.208139,0.003747,0.001186
0,0.055157,-0.079965,-0.142744,0.001158,-0.177472,0.041803,0.000963,0.001396
0,0.135206,0.146079,0.061599,0.196891,0.056115,0.17304,0.00236,0.00255
0,0.132116,0.142464,-0.018345,-0.017486,0.025634,-0.058483,0.002306,0.002486
0,0.206244,0.081466,0.06052,-0.078138,0.086726,-0.061365,0.0036,0.001422
0,-0.03929,-0.003965,-0.219968,-0.069838,-0.259417,-0.052697,0.000686,6.9e-05
0,0.179153,0.085127,0.242588,0.118191,0.270213,0.105284,0.003127,0.001486
0,-0.055889,-0.035257,-0.264597,-0.138608,-0.234963,-0.183156,0.000975,0.000615
0,0.089076,0.012945,0.11961,0.046249,0.156393,0.070795,0.001555,0.000226
0,-0.104455,-0.105313,-0.192739,-0.122469,-0.186994,-0.117294,0.001823,0.001838
0,-0.002851,-0.023584,0.105017,0.072222,0.131236,0.121457,5e-05,0.000412
0,-0.026987,-0.022872,-0.028702,-0.015503,0.014734,-0.048285,0.000471,0.000399
0,0.100015,0.031931,0.141895,0.055153,0.188746,0.020891,0.001746,0.000557
0,0.011292,0.155067,-0.074739,0.151763,-0.058198,0.195962,0.000197,0.002706
0,-0.021539,-0.082179,-0.039532,-0.246063,0.010274,-0.239407,0.000376,0.001434
0,0.105569,0.132577,0.155835,0.229769,0.170787,0.180843,0.001843,0.002314
0,-0.058706,0.134293,-0.152292,-0.016504,-0.135716,-0.011295,0.001025,0.002344
0,0.020365,0.095608,0.063792,-0.018252,0.11093,-0.000587,0.000355,0.001669
0,0.120414,0.052418,0.075162,-0.057971,0.039194,-0.031228,0.002102,0.000915
0,-0.013942,0.063216,-0.152898,0.03707,-0.1781,0.035799,0.000243,0.001103
0,0.120262,0.054107,0.141662,-0.02653,0.1214,-0.023994,0.002099,0.000944
0,-0.070974,0.125144,-0.167074,0.081407,-0.117302,0.051382,0.001239,0.002184
0,0.004543,-0.083862,0.10323,-0.227044,0.06501,-0.242563,7.9e-05,0.001464
0,0.126598,0.046114,0.098564,0.121625,0.075607,0.15605,0.00221,0.000805
0,0.127192,-0.071766,-0.025397,-0.090903,-0.043025,-0.126093,0.00222,0.001253
0,0.096288,0.061899,-0.015788,0.106803,-0.065436,0.139145,0.001681,0.00108
0,0.02035,-0.103444,-0.102504,-0.187892,-0.054428,-0.18914,0.000355,0.001805
0,0.192597,-0.105846,0.145407,-0.016676,0.123589,0.023588,0.003361,0.001847
0,0.143515,-0.153744,-0.051272,-0.058964,-0.015806,-0.050482,0.002505,0.002683
0,0.019288,0.016077,-0.128939,0.179566,-0.149394,0.171668,0.000337,0.000281
0,0.048267,-0.036955,0.01742,-0.030654,-0.001157,-0.052676,0.000842,0.000645
0,-0.074066,-0.170181,-0.142921,-0.137506,-0.130478,-0.139128,0.001293,0.00297
0,0.001597,-0.163038,0.073245,-0.01001,0.048634,0.013847,2.8e-05,0.002846
0,0.105798,-0.179533,0.129001,-0.023984,0.088887,0.018095,0.001847,0.003133
0,0.055212,0.020403,-0.03615,0.187035,-0.036887,0.171378,0.000964,0.000356
0,-0.020862,-0.117821,-0.079155,-0.123468,-0.08236,-0.125782,0.000364,0.002056
0,0.082623,-0.023939,0.098128,0.08897,0.057914,0.072155,0.001442,0.000418
0,0.246708,0.03047,0.176245,0.076193,0.209745,0.085025,0.003512,0.000532
0,0.118089,-0.058161,-0.123361,-0.075451,-0.126517,-0.060042,0.002061,0.001015
0,0.062929,-0.649586,-0.046632,-0.574771,-0.085534,-0.616066,0.001098,0.00352
0,0.244088,-1.115638,0.199501,-0.457208,0.163938,-0.454549,0.003558,0.003836
0,0.334979,-1.644124,0.082953,-0.526697,0.094955,-0.547618,0.001971,0.002576
0,0.196181,-1.502791,-0.16185,0.144475,-0.119186,0.154943,0.003424,0.002775
0,0.245655,-1.338802,0.037847,0.16708,0.038136,0.197838,0.00353,8.7e-05
0,0.093861,-1.224796,-0.128122,0.13043,-0.153501,0.161918,0.001638,0.002077
0,-0.112386,-1.022429,-0.205968,0.213458,-0.252561,0.197366,0.001962,0.002209
0,-0.060933,-0.680332,0.064056,0.333801,0.015853,0.340385,0.001063,0.003762
0,-0.142015,-0.213273,-0.10593,0.483975,-0.106286,0.481146,0.002479,0.003722
0,0.093794,-0.020289,0.254271,0.220637,0.250525,0.260245,0.001637,0.000354
0,0.08007,-0.071236,-0.042054,-0.079237,0.005377,-0.058674,0.001397,0.001243
0,-0.125278,0.040645,-0.190401,0.109288,-0.142226,0.112344,0.002187,0.000709
0,-0.043836,-0.145849,0.062167,-0.1668,0.021552,-0.159117,0.000765,0.002546
0,-0.120011,0.016326,-0.066393,0.192172,-0.061867,0.151155,0.002095,0.000285
0,-0.005402,0.144151,0.122276,0.154913,0.155039,0.110844,9.4e-05,0.002516
0,-0.113313,0.052302,-0.112853,-0.092394,-0.142151,-0.082563,0.001978,0.000913
0,-0.041471,0.148715,0.055732,0.114264,0.020388,0.14828,0.000724,0.002596
0,0.083502,-0.014026,0.114524,-0.159034,0.111971,-0.141117,0.001457,0.000245
0,-0.11995,0.058858,-0.205902,0.096136,-0.227039,0.067211,0.002094,0.001027
0,0.00768,-0.015237,0.110461,-0.066179,0.068504,-0.056375,0.000134,0.000266
0,0.062927,-0.025665,0.079643,-0.031081,0.048839,-0.041114,0.001098,0.000448
0,-0.116267,0.054868,-0.156096,0.0551,-0.132973,0.05761,0.002029,0.000958
0,-0.019389,-0.041777,0.104503,-0.069195,0.061588,-0.047946,0.000338,0.000729
0,-0.110684,0.035281,-0.111686,0.050054,-0.098122,0.082284,0.001932,0.000616
0,-0.201418,0.179663,-0.110928,0.158854,-0.076948,0.128806,0.003515,0.003136
0,0.066675,0.149555,0.267172,-0.026181,0.279676,-0.047839,0.001164,0.00261
0,-0.005045,0.189735,-0.088914,0.03912,-0.079438,0.088235,8.8e-05,0.003312
0,0.062594,0.043429,0.059903,-0.157007,0.010982,-0.169626,0.001092,0.000758
0,-0.174315,-0.034705,-0.218419,-0.099978,-0.205948,-0.118178,0.003042,0.000606
0,0.045872,-0.037531,0.233074,-0.023181,0.185991,-0.030709,0.000801,0.000655
0,0.023887,0.087669,-0.004895,0.118456,-0.054835,0.167822,0.000417,0.00153
0,-2.341243,0.023503,-2.370108,-0.088882,-2.33706,-0.101769,0.001773,0.00041
0,-3.32254,0.0706,-0.995145,0.0702,-1.008643,0.057768,0.003264,0.001232
0,-3.192789,0.17782,0.101934,0.095972,0.106467,0.1118,0.001,0.003104
0,-2.718378,0.325116,0.484324,0.172059,0.518394,0.139461,0.000537,0.002144
0,-2.282588,0.181219,0.409279,-0.127176,0.428806,-0.141848,0.000749,0.003163
0,-1.590919,0.235175,0.676596,0.080503,0.70115,0.093207,0.003505,0.003713
0,-0.943348,0.04131,0.627415,-0.177316,0.614778,-0.150768,0.000829,0.000721
0,-0.784443,0.038043,0.13644,0.008628,0.130865,0.011484,0.001945,0.000664
0,-0.525704,0.241441,0.251452,0.213424,0.233823,0.193109,0.001357,0.003604
0,-0.146523,0.152835,0.380644,-0.074161,0.384709,-0.030836,0.002557,0.002667
0,-0.204576,-0.02215,-0.086078,-0.196145,-0.121444,-0.240954,0.003571,0.000387
0,-0.009008,0.088188,0.216279,0.115055,0.178189,0.101401,0.000157,0.001539
0,0.117984,-0.112155,0.117666,-0.211771,0.105894,-0.168188,0.002059,0.001957
0,-0.045763,0.127856,-0.14836,0.258964,-0.098691,0.279557,0.000799,0.002232
0,-0.03586,-0.156805,-0.01936,-0.26717,-0.05994,-0.248112,0.000626,0.002737
0,0.16844,0.130722,0.207595,0.302898,0.215118,0.31973,0.00294,0.002282
0,-0.022771,0.012501,-0.206527,-0.12047,-0.198509,-0.093132,0.000397,0.000218
0,0.02853,-0.007919,0.032143,-0.008489,0.065181,0.029287,0.000498,0.000138
0,3.994806,1.531533,3.987496,1.558257,3.945585,1.553459,0.000638,0.003277
0,5.389143,1.516526,1.390662,-0.033266,1.435043,-0.050032,0.000244,0.003015
0,4.94602,1.652938,-0.449025,0.123749,-0.470157,0.142694,0.000328,0.002422
0,4.373614,1.668595,-0.583763,0.03983,-0.568982,0.047547,0.001845,0.002149
0,3.643134,1.455157,-0.708735,-0.21455,-0.749228,-0.208642,0.001042,0.001944
0,2.579202,1.465985,-1.092838,0.018558,-1.095753,0.024353,0.001892,0.002133
0,2.13723,0.964311,-0.423101,-0.501022,-0.425234,-0.494685,0.001788,0.001195
0,1.655503,0.740465,-0.467285,-0.200182,-0.45949,-0.228609,0.002378,0.002712
0,0.987038,0.551052,-0.664665,-0.198899,-0.61766,-0.18276,0.001591,0.0018
0,0.698869,0.393059,-0.318168,-0.158696,-0.360879,-0.124073,0.003438,0.000958
0,0.205991,0.15227,-0.499023,-0.25129,-0.492478,-0.245659,0.003595,0.002658
0,-0.032766,-0.032358,-0.267107,-0.197531,-0.287145,-0.202917,0.000572,0.000565
0,-0.127635,-0.229227,-0.06508,-0.206782,-0.030243,-0.254015,0.002228,0.003817
0,-0.385622,-0.242632,-0.258422,0.014881,-0.2871,-0.00515,0.001087,0.003583
0,-0.349541,-0.243555,0.064768,0.021858,0.031139,0.071253,0.001717,0.003567
0,-0.419076,-0.078473,-0.068544,0.155576,-0.079779,0.1314,0.000504,0.00137
0,-0.260188,-0.215807,0.157436,-0.147835,0.14022,-0.098755,0.003277,0.003767
0,-0.436182,-0.081518,-0.147566,0.134999,-0.127669,0.125522,0.000205,0.001423
0,-0.34686,-0.072533,0.065834,-0.007459,0.108378,0.002592,0.001764,0.001266
0,-0.384843,-0.238479,-0.065118,-0.156988,-0.039059,-0.180509,0.001101,0.003656
0,-0.425606,-0.130703,-0.068421,0.122583,-0.109225,0.146129,0.00039,0.002281
0,-0.233449,-0.201615,0.209873,-0.056805,0.178177,-0.076323,0.003743,0.003519
0,-0.329995,-0.20635,-0.113938,-0.007885,-0.148158,-0.000426,0.002058,0.003601
0,-0.227466,-0.069035,0.088623,0.115113,0.082429,0.132559,0.003848,0.001205
0,-0.245829,-0.175856,-0.044883,-0.119452,0.002915,-0.072687,0.003527,0.003069
0,-0.404347,-0.069158,-0.165534,0.135632,-0.130584,0.119193,0.000761,0.001207
0,-0.355372,-0.170279,0.022555,-0.113597,-0.027209,-0.155544,0.001615,0.002972
0,-0.262385,-0.030505,0.087291,0.130291,0.126046,0.13616,0.003238,0.000532
0,-0.342196,2.3e-05,-0.098757,0.006771,-0.123358,-0.00733,0.001845,0.0
0,-0.325155,-0.15813,0.030711,-0.133245,0.038579,-0.100371,0.002143,0.00276
0,-0.118843,0.112811,0.182442,0.249166,0.15234,0.23426,0.002074,0.001969
0,-0.340143,0.087741,-0.251136,0.000129,-0.213043,-0.013582,0.001881,0.001531
0,-0.054595,-0.052227,0.302712,-0.120609,0.343993,-0.083326,0.000953,0.000912
0,-0.132062,-0.134498,-0.074736,-0.101748,-0.110404,-0.075441,0.002305,0.002347
0,-0.064192,0.027879,0.066451,0.160874,0.081483,0.16293,0.00112,0.000487
0,-0.215792,0.05564,-0.151395,0.008818,-0.120114,0.015035,0.003766,0.000971
0,0.028545,-0.117321,0.232921,-0.167084,0.270278,-0.150203,0.000498,0.002048
0,-0.000826,-0.15189,-0.050006,-0.007222,-0.055294,0.010266,1.4e-05,0.002651
0,-0.017348,0.083054,-0.032795,0.220219,-0.05591,0.230258,0.000303,0.00145
0,-0.009208,-0.115363,-0.020116,-0.223653,-0.037703,-0.201993,0.000161,0.002013
0,-0.171307,0.044452,-0.164329,0.143169,-0.123339,0.155589,0.00299,0.000776
0,-0.144443,0.000932,0.056659,-0.020447,0.066085,0.019698,0.002521,1.6e-05
0,-0.171486,-0.190681,-0.052982,-0.210383,-0.059557,-0.215446,0.002993,0.003328
0,-0.004565,-0.15074,0.17623,0.014659,0.16902,0.017331,8e-05,0.002631
0,0.032649,-0.188743,0.060761,-0.009219,0.035993,0.026866,0.00057,0.003294
0,-0.041553,-0.00151,-0.068334,0.206164,-0.069488,0.165762,0.000725,2.6e-05
0,0.039244,-0.073135,0.073294,-0.091005,0.1175,-0.11076,0.000685,0.001276
0,-0.091114,-0.002482,-0.117433,0.087,-0.073794,0.108636,0.00159,4.3e-05
0,0.154381,0.119985,0.242243,0.128707,0.227355,0.160831,0.002694,0.002094
0,-0.093413,0.007876,-0.218907,-0.083504,-0.245874,-0.05825,0.00163,0.000137
0,0.076717,0.079269,0.192992,0.100658,0.191267,0.075291,0.001339,0.001384
0,0.097578,0.133097,0.00737,0.051186,0.012174,0.099597,0.001703,0.002323
0,-0.0046,-0.118216,-0.097002,-0.263513,-0.099726,-0.285309,8e-05,0.002063
0,0.043653,-0.083808,0.041872,0.029427,0.070357,0.016812,0.000762,0.001463
0,0.054164,0.092612,-0.015935,0.1555,-0.007556,0.10576,0.000945,0.001616
0,0.032278,0.055051,-0.047969,-0.016212,-0.014466,-0.014025,0.000563,0.000961
0,0.009249,-0.110321,-0.051154,-0.141087,-0.083814,-0.144795,0.000161,0.001925
0,-0.099023,-0.138075,-0.087304,-0.030378,-0.136811,-0.009544,0.001728,0.00241
0,0.159229,0.030476,0.2388,0.194016,0.21108,0.23633,0.002779,0.000532
0,0.061048,0.019822,-0.121526,-0.01733,-0.121997,-0.056419,0.001065,0.000346
0,0.071363,0.048986,0.018815,0.051238,0.038042,0.063851,0.001246,0.000855
0,-0.029825,0.101704,-0.082576,0.036831,-0.094389,0.057839,0.000521,0.001775
0,0.056123,0.142628,0.080582,0.030344,0.120822,-0.012173,0.00098,0.002489
0,-0.053228,-0.066998,-0.117151,-0.189493,-0.157288,-0.21337,0.000929,0.001169
0,0.024752,0.000566,0.078505,0.057042,0.11762,0.093472,0.000432,1e-05
0,-0.022322,0.144613,-0.026697,0.121719,-0.069573,0.159827,0.00039,0.002524
0,0.052308,0.074667,0.060768,-0.094046,0.087069,-0.137304,0.000913,0.001303
0,0.192109,-0.018485,0.168322,-0.118172,0.164585,-0.0933,0.003353,0.000323
0,0.146568,0.111124,-0.021177,0.106154,0.009457,0.152371,0.002558,0.001939
0,-0.088713,-0.071928,-0.262467,-0.18353,-0.286098,-0.148612,0.001548,0.001255
0,-0.008037,0.020766,0.057878,0.122306,0.034917,0.119897,0.00014,0.000362
0,-0.030287,-0.011568,-0.003634,-0.059875,0.017071,-0.036279,0.000529,0.000202
0,0.123646,-0.037906,0.147279,0.003289,0.120588,0.046162,0.002158,0.000662
0,0.049717,-0.050084,-0.065987,0.014057,-0.041191,0.008625,0.000868,0.000874
0,0.130742,0.105481,0.086889,0.169872,0.077532,0.167067,0.002282,0.001841
0,-0.021769,0.038378,-0.13278,-0.073945,-0.136444,-0.037928,0.00038,0.00067
0,-0.109417,-0.126798,-0.106152,-0.191255,-0.103144,-0.162642,0.00191,0.002213
0,-0.17683,-0.082335,-0.083943,0.024666,-0.104396,0.037278,0.003086,0.001437
0,-0.02922,0.100109,0.122067,0.168907,0.162044,0.198136,0.00051,0.001747
0,-0.179755,0.107078,-0.143687,-0.00511,-0.13583,0.025821,0.003137,0.001869
0,-0.11054,0.029159,0.096955,-0.050244,0.109563,-0.026654,0.001929,0.000509
0,-0.104059,0.05736,0.010134,0.005466,0.041284,-0.031426,0.001816,0.001001
0,-0.029406,0.07305,0.082518,-0.001043,0.123626,0.024485,0.000513,0.001275
0,-0.121542,-0.051269,-0.067716,-0.100668,-0.070007,-0.129673,0.002121,0.000895
0,-0.016298,0.133619,0.133127,0.201097,0.168907,0.195105,0.000284,0.002332
0,-0.251657,0.004812,-0.241652,-0.104669,-0.20947,-0.12868,0.003426,8.4e-05
0,0.008361,-0.104624,0.286355,-0.094653,0.281831,-0.084818,0.000146,0.001826
0,-0.090528,0.010389,-0.126778,0.095509,-0.120016,0.122537,0.00158,0.000181
0,0.004942,-0.161687,0.115187,-0.174362,0.086776,-0.196252,8.6e-05,0.002822
0,-0.073235,-0.089346,-0.084225,0.064568,-0.064743,0.015599,0.001278,0.001559
0,-0.070239,-0.105611,-0.019116,-0.011937,-0.063166,0.013154,0.001226,0.001843
0,-0.224539,0.109738,-0.178288,0.215226,-0.202437,0.196546,0.003899,0.001915
0,-0.097897,-0.079645,0.156384,-0.174705,0.193723,-0.134472,0.001709,0.00139
0,-0.156609,0.117259,-0.085609,0.22547,-0.07237,0.220504,0.002733,0.002047
0,0.030973,0.097903,0.199214,-0.007514,0.194224,0.028343,0.000541,0.001709
0,-0.000914,-0.090343,-0.048519,-0.206933,-0.047074,-0.163362,1.6e-05,0.001577
0,0.065135,0.093096,0.085561,0.189581,0.058001,0.142546,0.001137,0.001625
0,-0.024984,0.042459,-0.076473,-0.030344,-0.058939,-0.070202,0.000436,0.000741
0,0.074807,0.115668,0.116389,0.071909,0.158261,0.078307,0.001306,0.002019
0,0.15295,-0.089919,0.104352,-0.234558,0.05623,-0.226587,0.002669,0.001569
0,-0.141532,0.173078,-0.290622,0.237593,-0.299631,0.268667,0.00247,0.003021
0,-0.188745,-0.068955,-0.057729,-0.225909,-0.098654,-0.202566,0.003294,0.001203
0,-0.017745,-0.026478,0.161549,0.035554,0.152608,0.083562,0.00031,0.000462
0,0.062105,0.177878,0.073364,0.212722,0.051656,0.198332,0.001084,0.003105
0,0.091485,0.138766,0.01,-0.062769,-0.03545,-0.072903,0.001597,0.002422
0,-0.10183,0.1251,-0.214746,0.009278,-0.187938,-0.035497,0.001777,0.002183
0,-0.028307,0.136137,0.059744,-0.017396,0.088562,-0.00271,0.000494,0.002376
0,0.169653,-0.08179,0.212302,-0.21873,0.229445,-0.25094,0.002961,0.001428
0,0.166579,0.112138,0.004881,0.171496,-0.02476,0.136292,0.002907,0.001957
0,-0.078723,-0.040539,-0.236042,-0.149343,-0.246259,-0.176459,0.001374,0.000708
0,-0.162289,-0.112288,-0.0957,-0.050631,-0.09804,-0.070114,0.002832,0.00196
0,-0.019754,0.064186,0.169698,0.168824,0.121876,0.197016,0.000345,0.00112
0,-0.162739,0.143634,-0.153759,0.056929,-0.199082,0.058837,0.00284,0.002507
0,-0.062722,0.030025,0.102052,-0.09976,0.151994,-0.084243,0.001095,0.000524
0,-0.123608,0.012733,-0.086497,-0.022419,-0.133227,-0.018709,0.002157,0.000222
0,-0.23088,0.13516,-0.125846,0.09549,-0.077145,0.097388,0.003788,0.002359
0,-0.036345,0.061505,0.20042,-0.057013,0.240462,-0.086715,0.000634,0.001073
0,-0.232006,-0.038827,-0.175571,-0.113044,-0.158708,-0.124669,0.003769,0.000678
0,-0.255827,-0.104082,-0.030858,-0.072843,0.011585,-0.073966,0.003353,0.001817
0,-0.034714,0.028894,0.237109,0.149825,0.204145,0.111324,0.000606,0.000504
0,-0.027128,0.128905,0.005526,0.128531,-0.030784,0.108084,0.000473,0.00225
0,-0.072721,-0.030211,-0.062663,-0.140098,-0.104775,-0.145735,0.001269,0.000527
0,-0.244264,0.160082,-0.168327,0.169257,-0.135646,0.177235,0.003555,0.002794
0,-0.224379,-0.07968,0.046156,-0.246309,0.085141,-0.252501,0.003902,0.001391
0,-0.259099,0.100568,-0.048666,0.152803,-0.00492,0.191466,0.003296,0.001755
0,-0.182222,0.150336,0.084626,0.021231,0.041209,-0.023306,0.00318,0.002624
0,0.07025,0.031863,0.254236,-0.103737,0.256507,-0.138462,0.001226,0.000556
0,0.059097,0.00565,0.006243,-0.026609,-0.041575,-0.055506,0.001031,9.9e-05
0,-0.031259,0.026935,-0.075014,0.043447,-0.09009,0.019674,0.000546,0.00047
0,-0.152999,-0.071928,-0.103768,-0.073626,-0.138614,-0.103777,0.00267,0.001255
0,0.067598,0.109783,0.223756,0.205663,0.263807,0.179656,0.00118,0.001916
0,-0.086893,0.104954,-0.165464,-0.025482,-0.120797,-0.059073,0.001517,0.001832
0,0.033954,-0.035894,0.134888,-0.159617,0.14535,-0.157706,0.000593,0.000626
0,0.077875,0.059117,0.069895,0.087867,0.059943,0.116747,0.001359,0.001032
0,-0.087055,-0.050341,-0.147421,-0.137167,-0.131119,-0.179449,0.001519,0.000879
0,0.161712,0.225808,0.260671,0.281922,0.213467,0.239922,0.002822,0.003877
0,0.069266,0.069202,-0.121844,-0.131605,-0.157409,-0.160211,0.001209,0.001208
0,0.073215,0.054941,0.00672,-0.021728,-0.003666,-0.063256,0.001278,0.000959
0,0.140148,-0.033183,0.074165,-0.09425,0.028399,-0.094761,0.002446,0.000579
0,0.17257,0.118572,0.035591,0.168229,0.03297,0.183281,0.003012,0.002069
0,0.152283,0.100791,-0.042354,0.005448,-0.061799,0.024137,0.002658,0.001759
0,0.211444,0.150341,0.043136,0.030285,-0.001754,0.03294,0.00369,0.002624
0,-0.02147,0.049637,-0.255064,-0.09055,-0.216825,-0.076444,0.000375,0.000866
0,0.038686,0.018907,0.08029,-0.025112,0.123398,-0.031569,0.000675,0.00033
0,0.225428,0.029547,0.163716,0.039115,0.145282,0.008996,0.003883,0.000516
0,0.056801,0.112036,-0.141523,0.110215,-0.096841,0.109926,0.000991,0.001955
0,0.120853,0.013894,0.074427,-0.100167,0.062143,-0.103718,0.002109,0.000242
0,0.047068,0.17343,-0.046777,0.17384,-0.083466,0.196721,0.000821,0.003027
0,0.098554,0.208469,0.071974,0.020701,0.119483,0.019759,0.00172,0.003638
0,-0.049068,0.169019,-0.14587,-0.035763,-0.135904,-0.027536,0.000856,0.00295
0,-0.102721,0.08785,-0.046429,-0.094877,-0.007499,-0.125157,0.001793,0.001533
0,-0.002301,-0.036854,0.073495,-0.148658,0.11207,-0.18423,4e-05,0.000643
0,0.124546,0.148261,0.118048,0.210629,0.111165,0.211702,0.002174,0.002588
0,0.046476,0.051631,-0.093502,-0.078528,-0.08603,-0.084232,0.000811,0.000901
0,0.073584,0.112563,0.036227,0.047993,0.041679,0.027657,0.001284,0.001965
0,0.055015,0.133549,-0.013416,-0.000441,0.012548,0.034933,0.00096,0.002331
0,0.007405,0.177345,-0.063356,0.050276,-0.097262,0.061894,0.000129,0.003095
0,0.017322,-0.052672,-0.012904,-0.222731,-0.033459,-0.186667,0.000302,0.000919
0,0.123567,-0.006574,0.121541,0.039392,0.162779,0.08846,0.002157,0.000115
0,0.111521,-0.027393,-0.030629,-0.008394,-0.037107,-0.000477,0.001946,0.000478
0,0.140831,-0.123058,0.040119,-0.079297,0.050923,-0.111296,0.002458,0.002148
0,0.135709,0.101312,0.010264,0.202429,0.006164,0.209625,0.002369,0.001768
0,0.052252,-0.12102,-0.080816,-0.239338,-0.069983,-0.283512,0.000912,0.002112
0,-0.12275,0.078701,-0.182608,0.187002,-0.22803,0.18829,0.002142,0.001374
0,0.086447,0.192534,0.215873,0.131501,0.179568,0.153556,0.001509,0.00336
0,0.178813,-0.033361,0.107713,-0.233193,0.059221,-0.214799,0.003121,0.000582
0,-0.039189,-0.033257,-0.233216,-0.015109,-0.219847,-0.034482,0.000684,0.00058
0,0.017615,0.118958,0.064587,0.175028,0.103523,0.160562,0.000307,0.002076
0,0.111246,-0.039771,0.121769,-0.186257,0.163315,-0.207091,0.001942,0.000694
0,1.45238,0.138587,1.336434,0.169359,1.384049,0.195527,0.001895,0.002419
0,2.21861,0.217207,0.788497,0.064721,0.770923,0.066759,0.000367,0.003791
0,3.265583,0.164777,1.02511,-0.033903,1.026182,-0.062855,0.00227,0.002876
0,2.909522,-0.052257,-0.34963,-0.199794,-0.353754,-0.208378,0.003873,0.000912
0,2.36369,-0.004337,-0.553247,0.018016,-0.504996,-0.000815,0.002165,7.6e-05
0,2.072672,0.086351,-0.277719,0.093129,-0.31721,0.09828,0.002914,0.001507
0,1.472422,0.11047,-0.609536,0.036879,-0.629467,0.060437,0.002245,0.001928
0,0.986835,-0.027351,-0.472729,-0.142296,-0.512728,-0.167771,0.001588,0.000477
0,0.62105,0.032834,-0.369822,0.084289,-0.32617,0.077168,0.003021,0.000573
0,0.376556,0.166124,-0.238919,0.133616,-0.232421,0.139248,0.001246,0.002899
0,0.022281,0.032776,-0.332508,-0.112697,-0.293054,-0.074005,0.000389,0.000572
0,0.113876,0.185181,0.073674,0.126205,0.052668,0.079948,0.001988,0.003232
0,0.080462,0.238299,-0.062896,0.065543,-0.099528,0.065392,0.001404,0.003659
0,-0.192734,-0.0876,-0.258641,-0.307143,-0.298764,-0.267906,0.003364,0.001529
0,-0.098664,-0.046947,0.108897,0.059528,0.158782,0.075647,0.001722,0.000819
0,-0.324632,-0.045825,-0.243836,0.030316,-0.224822,0.013586,0.002152,0.0008
0,-0.128151,-0.07888,0.173034,-0.023114,0.202846,-0.042404,0.002237,0.001377
0,-0.099792,0.116392,0.017603,0.206619,0.067152,0.238128,0.001742,0.002031
0,-0.078087,-0.06345,0.000141,-0.182378,0.013091,-0.201464,0.001363,0.001107
0,-0.095233,0.069647,0.009956,0.15788,0.018893,0.148582,0.001662,0.001216
0,-0.123242,-0.056657,-0.051191,-0.128192,-0.018912,-0.104001,0.002151,0.000989
0,-0.078754,-0.00379,0.05849,0.074107,0.07553,0.064576,0.001375,6.6e-05
0,-0.262935,-0.091361,-0.211577,-0.085295,-0.22412,-0.080966,0.003229,0.001595
0,0.009617,-0.060107,0.277618,0.005035,0.314318,0.04107,0.000168,0.001049
0,-0.008797,0.010289,0.007635,0.089112,-0.022383,0.062089,0.000154,0.00018
0,-0.181724,-0.023741,-0.181365,-0.04471,-0.15277,-0.035621,0.003172,0.000414
0,0.118466,0.011883,0.27441,0.022552,0.310295,0.07109,0.002068,0.000207
0,0.090965,0.040162,-0.021967,0.0061,-0.048313,0.019067,0.001588,0.000701
0,0.000975,-0.159782,-0.091808,-0.209181,-0.095016,-0.221243,1.7e-05,0.002789
0,-0.090571,-0.110542,-0.076779,0.045948,-0.033952,0.053316,0.001581,0.001929
0,-0.102965,-0.103963,-0.035843,0.012414,-0.030865,0.060717,0.001797,0.001814
0,0.085817,-0.148034,0.211226,-0.042124,0.254234,-0.021758,0.001498,0.002584
0,0.04508,-0.138678,-0.043854,0.005794,-0.075165,-0.008857,0.000787,0.00242
0,-0.010921,-0.182957,-0.037865,-0.042777,-0.060746,-0.003401,0.000191,0.003193
0,0.10878,0.047892,0.115975,0.2367,0.159708,0.198841,0.001899,0.000836
0,-0.028446,0.00858,-0.116612,-0.031352,-0.105064,-0.080224,0.000496,0.00015
0,0.155055,-0.017303,0.184576,-0.009726,0.213332,0.013745,0.002706,0.000302
0,0.052153,-0.02524,-0.100172,0.015422,-0.118665,-0.024322,0.00091,0.000441
0,-0.07091,0.051755,-0.104687,0.070756,-0.10708,0.087767,0.001238,0.000903
0,-0.123778,0.000759,-0.038603,-0.051799,-0.019531,-0.092424,0.00216,1.3e-05
0,-0.196579,-0.071493,-0.059494,-0.081112,-0.088846,-0.090213,0.003431,0.001248
0,-0.15233,0.035942,0.065214,0.081334,0.031891,0.032803,0.002659,0.000627
0,-0.0825,-0.111534,0.039934,-0.137604,0.01033,-0.123979,0.00144,0.001947
0,0.070755,-0.032721,0.128624,0.049394,0.104453,0.099361,0.001235,0.000571
0,-0.031486,-0.11013,-0.106608,-0.078328,-0.098328,-0.064931,0.00055,0.001922
0,0.059288,0.100523,0.075507,0.211813,0.118831,0.21068,0.001035,0.001754
0,0.051507,0.119831,-0.037357,0.022835,-0.03738,-0.021255,0.000899,0.002091
0,0.050366,-0.037604,-0.000683,-0.186648,0.004714,-0.183352,0.000879,0.000656
0,-0.121118,0.075884,-0.182996,0.100083,-0.159428,0.132678,0.002114,0.001324
0,-0.158932,-0.038925,-0.05065,-0.12675,-0.080558,-0.162581,0.002774,0.000679
0,-0.000805,0.05,0.155738,0.083366,0.165849,0.080848,1.4e-05,0.000873
0,-0.220737,-0.134367,-0.210397,-0.211402,-0.184889,-0.239756,0.003853,0.002345
0,-0.017634,-0.049842,0.21302,0.054967,0.214189,0.015818,0.000308,0.00087
0,-0.008652,0.143653,-0.020903,0.216071,-0.06746,0.228052,0.000151,0.002507
0,-0.066737,0.111807,-0.077598,-0.011831,-0.029298,-0.03975,0.001165,0.001951
0,-0.174364,0.056616,-0.087055,-0.040668,-0.072082,-0.078851,0.003043,0.000988
0,-0.027672,-0.048409,0.13344,-0.079171,0.141598,-0.072956,0.000483,0.000845
0,-0.095639,0.035967,-0.04689,0.077455,-0.007278,0.105335,0.001669,0.000628
0,-0.109568,-0.026004,0.015877,-0.086373,0.050885,-0.059597,0.001912,0.000454
0,-0.1771,0.101846,-0.094677,0.137036,-0.120986,0.165013,0.003091,0.001778
0,0.077517,0.085515,0.248617,-0.030415,0.252804,-0.071319,0.001353,0.001493
0,0.043494,-0.096235,-0.038112,-0.164402,0.008387,-0.119588,0.000759,0.00168
0,0.076016,0.162428,0.008676,0.258574,-0.016837,0.30461,0.001327,0.002835
0,-0.018023,0.107519,-0.098015,-0.081871,-0.077858,-0.063189,0.000315,0.001877
0,-0.005545,0.030856,0.029976,-0.051561,-0.004811,-0.071471,9.7e-05,0.000539
0,-0.05983,0.124919,-0.06367,0.086626,-0.045358,0.071424,0.001044,0.00218
0,0.073422,0.090072,0.129082,-0.044283,0.123817,-0.002448,0.001281,0.001572
0,0.090138,-0.138077,0.020465,-0.20357,0.057272,-0.195994,0.001573,0.00241
0,-0.039904,0.099284,-0.109791,0.240197,-0.11583,0.218788,0.000696,0.001733
0,0.152207,-0.022985,0.198913,-0.11005,0.20921,-0.099121,0.002657,0.000401
0,0.011623,0.12474,-0.132638,0.123778,-0.113956,0.088222,0.000203,0.002177
0,0.016649,0.037438,-0.002178,-0.076125,0.021913,-0.070671,0.000291,0.000653
0,0.01072,0.090833,0.002731,0.024601,0.031232,0.008981,0.000187,0.001585
0,-0.118979,0.128954,-0.133533,0.043805,-0.167839,0.051358,0.002077,0.002251
0,0.0473,-0.159261,0.137982,-0.284002,0.120347,-0.28474,0.000826,0.00278
0,-0.161211,-0.058115,-0.220001,0.087651,-0.188074,0.120481,0.002814,0.001014
0,-0.137409,-0.134607,0.004711,-0.077547,0.017322,-0.089599,0.002398,0.002349
0,-0.015355,-0.131617,0.127641,-0.023333,0.122327,-0.017146,0.000268,0.002297
0,0.056979,0.025027,0.060293,0.154694,0.014448,0.16008,0.000994,0.000437
0,0.010806,-0.059191,-0.042381,-0.093469,-0.05273,-0.117987,0.000189,0.001033
0,-0.04494,-0.144575,-0.053898,-0.077586,-0.009443,-0.109469,0.000784,0.002523
0,-0.089213,-0.025677,-0.066063,0.11549,-0.024128,0.115724,0.001557,0.000448
0,-0.008219,0.005037,0.066589,0.027341,0.090572,0.042443,0.000143,8.8e-05
0,-0.318141,-0.385891,-0.292097,-0.374422,-0.256722,-0.34816,0.002265,0.001083
0,-0.433177,-0.343956,-0.117992,0.018268,-0.143547,0.05717,0.000258,0.001815
0,-0.461698,-0.503539,-0.035,-0.139716,-0.039018,-0.130365,0.00024,0.000971
0,-0.279549,-0.400438,0.205424,0.106245,0.224849,0.139278,0.002939,0.000829
0,-0.182977,-0.448661,0.067378,-0.052074,0.102382,-0.025285,0.003194,1.3e-05
0,-0.179436,-0.360274,-0.003804,0.108389,-0.004631,0.100274,0.003132,0.00153
0,-0.267506,-0.393829,-0.097748,-0.038379,-0.106332,0.006736,0.003149,0.000944
0,0.046446,-0.189468,0.339389,0.228713,0.373958,0.215769,0.000811,0.003307
0,0.080329,-0.127955,0.036449,0.077952,0.055617,0.047743,0.001402,0.002233
0,-0.057185,-0.160705,-0.118198,-0.010778,-0.079377,-0.044048,0.000998,0.002805
0,0.044032,-0.15698,0.087501,0.028131,0.120716,0.004593,0.000768,0.00274
0,0.112992,-0.190466,0.079077,-0.025493,0.081917,-0.011186,0.001972,0.003324
0,-0.060159,-0.099816,-0.165924,0.084581,-0.160204,0.06385,0.00105,0.001742
0,-0.010966,-0.064968,0.059715,0.021599,0.075451,0.044917,0.000191,0.001134
0,1.342504,0.08922,1.371266,0.13699,1.394419,0.171996,2.3e-05,0.001557
0,2.880755,0.425177,1.520823,0.335783,1.530237,0.290955,0.003371,0.000397
0,3.82292,0.469921,0.94108,0.028939,0.986833,0.065019,0.003638,0.000384
0,3.213081,0.415415,-0.625059,-0.073035,-0.60621,-0.07838,0.001354,0.000568
0,3.021465,0.306494,-0.212939,-0.128966,-0.169436,-0.115713,0.001991,0.002469
0,1.939494,0.077192,-1.056653,-0.254832,-1.089244,-0.276803,0.002579,0.001347
0,1.338006,0.12051,-0.596469,0.023975,-0.566815,0.045805,0.000101,0.002103
0,0.922061,0.05575,-0.445057,-0.079912,-0.478445,-0.11147,0.000457,0.000973
0,0.768313,0.168282,-0.140274,0.092696,-0.163892,0.12846,0.002226,0.002937
0,0.221737,-0.009946,-0.543435,-0.165464,-0.551112,-0.164487,0.00387,0.000174
0,0.059652,0.054467,-0.146725,0.084095,-0.162116,0.077904,0.001041,0.000951
0,0.153481,-0.054517,0.064748,-0.128889,0.016853,-0.130999,0.002679,0.000952
0,-0.101567,0.065331,-0.280929,0.124608,-0.282261,0.159041,0.001773,0.00114
0,0.060903,0.100816,0.137515,0.025694,0.167452,0.029977,0.001063,0.00176
0,-0.217701,0.111792,-0.298451,0.001833,-0.26156,-0.028532,0.0038,0.001951
0,-0.048161,0.010141,0.15438,-0.112921,0.108088,-0.129969,0.000841,0.000177
0,-0.182017,0.088201,-0.161793,0.055403,-0.179348,0.091532,0.003177,0.001539
0,-0.01788,-0.055866,0.159057,-0.134724,0.142631,-0.117313,0.000312,0.000975
0,-0.047348,0.104594,-0.058481,0.183578,-0.10295,0.211789,0.000826,0.001826
0,0.012998,0.12406,0.05194,0.040411,0.049797,0.08917,0.000227,0.002165
0,-0.179616,0.098898,-0.219582,0.004618,-0.198749,-0.037747,0.003135,0.001726
0,-0.15225,0.214609,0.037299,0.118472,0.046142,0.112106,0.002657,0.003746
0,0.0027,0.116341,0.180838,-0.092424,0.157288,-0.133583,4.7e-05,0.002031
0,-0.057532,0.118958,-0.037211,0.027115,-0.003958,0.034709,0.001004,0.002076
0,-0.033115,0.133465,0.043319,0.016407,0.056505,0.010977,0.000578,0.002329
0,-0.114294,0.021837,-0.057972,-0.134422,-0.042087,-0.098216,0.001995,0.000381
0,-0.118998,-0.060676,0.024293,-0.096912,0.055951,-0.054667,0.002077,0.001059
0,-0.100733,0.116897,0.016785,0.176665,0.064777,0.144434,0.001758,0.00204
0,-0.193736,0.129946,-0.08334,0.001286,-0.036104,0.001012,0.003381,0.002268
0,-0.22995,0.15356,-0.009645,0.019846,0.010876,0.042902,0.003804,0.00268
0,-0.206127,0.131439,0.038659,-0.000648,-0.002416,-0.050252,0.003598,0.002294
0,-0.1801,0.010419,0.049036,-0.120296,0.0549,-0.094968,0.003143,0.000182
0,-0.014167,0.207705,0.143219,0.211507,0.10113,0.259402,0.000247,0.003625
0,-0.014335,0.074794,0.018161,-0.122256,-0.030933,-0.14819,0.00025,0.001305
0,-0.101207,0.164225,-0.091137,0.065211,-0.062403,0.077723,0.001766,0.002866
0,-0.02951,0.116395,0.076851,-0.061886,0.088127,-0.096632,0.000515,0.002031
0,0.131678,0.043649,0.172888,-0.075733,0.178085,-0.119056,0.002298,0.000762
0,0.065807,0.196115,-0.072444,0.163019,-0.100134,0.116504,0.001149,0.003423
0,-0.025557,0.052047,-0.076586,-0.11904,-0.095594,-0.083799,0.000446,0.000908
0,-0.057276,0.139951,-0.043041,0.104599,-0.080827,0.057366,0.001,0.002443
0,-0.058966,0.128163,0.00469,0.014785,0.034048,0.052622,0.001029,0.002237
0,0.068328,0.054212,0.099294,-0.079105,0.097797,-0.110422,0.001193,0.000946
0,-0.185897,-0.101552,-0.232368,-0.182141,-0.26356,-0.188085,0.003245,0.001772
0,-0.09577,-0.008074,0.075567,0.09022,0.079956,0.117722,0.001671,0.000141
0,-0.061737,0.020502,0.063387,0.03135,0.048594,0.038164,0.001078,0.000358
0,-0.126157,-0.08256,-0.038758,-0.119924,-0.07727,-0.076262,0.002202,0.001441
0,-0.187376,0.040826,-0.047726,0.126652,-0.081038,0.081025,0.00327,0.000713
0,-0.186421,0.122028,-0.027659,0.096198,-0.002353,0.118774,0.003254,0.00213
0,-0.076434,-0.070681,0.083033,-0.196101,0.072808,-0.176594,0.001334,0.001234
0,0.322007,-1.208496,0.389012,-1.130503,0.375422,-1.142484,0.002198,0.002361
0,0.910933,-1.66483,0.573704,-0.429296,0.536969,-0.445597,0.000263,0.002215
0,1.290877,-2.111374,0.400806,-0.428945,0.419119,-0.388785,0.000924,0.002239
0,1.468222,-2.338108,0.175197,-0.250631,0.143833,-0.227965,0.002172,0.001718
0,1.575856,-1.866751,0.130531,0.443746,0.173844,0.487401,0.003768,0.001309
0,1.720729,-1.806146,0.15249,0.061786,0.109843,0.051205,0.001239,0.000252
0,1.342004,-1.272739,-0.363929,0.536838,-0.374726,0.557109,3.1e-05,0.00124
0,1.106981,-0.869302,-0.231169,0.403364,-0.259291,0.437432,0.003685,0.000464
0,0.777801,-0.71078,-0.348902,0.175792,-0.311634,0.203913,0.002061,0.00323
0,0.569138,-0.153944,-0.213129,0.546681,-0.189213,0.560886,0.002115,0.002687
0,0.296647,-0.174867,-0.292963,-0.033304,-0.315788,-0.011576,0.00264,0.003052
0,0.258818,0.006425,-0.055042,0.17056,-0.037172,0.192571,0.003301,0.000112
0,0.001439,-0.011956,-0.246598,-0.022681,-0.282506,0.011293,2.5e-05,0.000209
0,-0.064229,0.290057,-0.065625,0.297445,-0.033234,0.271968,0.001121,0.002755
0,-0.214413,0.145311,-0.177697,-0.124306,-0.131737,-0.079437,0.003742,0.002536
0,-0.220432,0.385935,0.005722,0.251181,-0.007177,0.22951,0.003847,0.001082
0,-0.15293,0.131149,0.064404,-0.279541,0.105754,-0.231814,0.002669,0.002289
0,-0.125722,0.27567,0.03994,0.132339,0.057692,0.097567,0.002194,0.003007
0,-0.110797,0.180288,0.038786,-0.086445,0.011495,-0.104187,0.001934,0.003147
0,-0.364982,-0.030167,-0.263078,-0.180781,-0.289708,-0.221046,0.001448,0.000527
0,-0.306058,-0.074044,0.067644,-0.030128,0.086641,-0.014366,0.002476,0.001292
0,-0.158743,-0.060346,0.169606,0.00254,0.218759,-0.008783,0.002771,0.001053
0,-0.025172,0.067765,0.113215,0.119042,0.12361,0.143754,0.000439,0.001183
0,0.121867,-0.017828,0.135275,-0.079786,0.121587,-0.050467,0.002127,0.000311
0,0.097307,-0.071581,0.002612,-0.025307,-0.020956,0.011734,0.001698,0.001249
0,0.109239,-0.031844,0.014465,0.025062,0.029694,0.036071,0.001907,0.000556
0,-0.097847,0.089471,-0.2157,0.117047,-0.182105,0.125825,0.001708,0.001562
0,0.048158,-0.098044,0.116362,-0.16486,0.133189,-0.177616,0.000841,0.001711
0,-0.121485,-0.126941,-0.147682,-0.013122,-0.144055,-0.026978,0.00212,0.002216
0,-0.107893,-0.136167,0.030591,0.011191,0.0758,0.038076,0.001883,0.002377
0,-0.006836,-0.072362,0.120988,0.089935,0.106321,0.054584,0.000119,0.001263
0,0.119691,-0.00173,0.116093,0.07277,0.13132,0.108602,0.002089,3e-05
0,-0.118494,-0.095423,-0.262097,-0.077513,-0.269762,-0.123071,0.002068,0.001665
0,-0.034941,-0.145441,0.10178,-0.06393,0.074571,-0.090283,0.00061,0.002538
0,-0.072023,0.117978,-0.031813,0.237283,-0.024628,0.233445,0.001257,0.002059
0,-0.082556,-0.012869,-0.021122,-0.134745,-0.014496,-0.114172,0.001441,0.000225
0,0.101909,-0.045444,0.157546,-0.057578,0.142374,-0.012064,0.001779,0.000793
0,0.073136,0.074515,-0.007211,0.146024,0.016084,0.123573,0.001276,0.001301
0,0.18042,-0.095694,0.087785,-0.155955,0.066571,-0.174599,0.003149,0.00167
0,0.111,-0.053219,-0.041066,0.071757,-0.064497,0.051067,0.001937,0.000929
0,0.0308,0.111363,-0.075292,0.179377,-0.069663,0.188051,0.000538,0.001944
0,0.130649,0.129885,0.103409,0.010967,0.142995,0.008579,0.00228,0.002267
0,-0.00671,0.064849,-0.154968,-0.084891,-0.178753,-0.03802,0.000117,0.001132
0,-0.029674,-0.009961,-0.05041,-0.054127,-0.077633,-0.027885,0.000518,0.000174
0,-0.116182,0.09083,-0.087297,0.097341,-0.070316,0.094483,0.002028,0.001585
0,-0.07921,0.012938,0.048072,-0.099919,0.043304,-0.114838,0.001382,0.000226
0,0.041654,0.067237,0.112391,0.073356,0.070976,0.114079,0.000727,0.001174
0,0.005298,0.155129,-0.00759,0.066562,0.027367,0.060266,9.2e-05,0.002708
0,0.045725,0.087052,0.040652,-0.088139,0.02456,-0.091574,0.000798,0.001519
0,0.078065,-0.072472,0.020533,-0.14295,0.03679,-0.111034,0.001362,0.001265
0,0.085784,-0.006893,-0.004117,0.040293,-0.038024,0.031724,0.001497,0.00012
0,-0.10769,-0.060391,-0.178721,-0.068468,-0.161312,-0.058912,0.00188,0.001054
0,-0.055423,0.104073,0.048179,0.169046,0.004157,0.187801,0.000967,0.001816
0,0.143203,0.010101,0.22846,-0.075526,0.259302,-0.081421,0.002499,0.000176
0,-0.028748,-0.006862,-0.193701,-0.004843,-0.241141,-0.052717,0.000502,0.00012
0,-0.027239,-0.034026,0.002743,-0.003421,0.045464,-0.051435,0.000475,0.000594
0,0.119541,0.044597,0.148365,0.095337,0.121851,0.081591,0.002086,0.000778
0,0.035738,0.185047,-0.06095,0.13643,-0.047763,0.175259,0.000624,0.00323
0,0.027126,0.002168,0.009167,-0.182879,0.01689,-0.19036,0.000473,3.8e-05
0,0.016333,0.192104,-0.014631,0.176688,0.017765,0.16282,0.000285,0.003353
0,-0.001567,0.13282,-0.030515,-0.065512,-0.061766,-0.065356,2.7e-05,0.002318
0,-0.064751,-0.046049,-0.070145,-0.203782,-0.055807,-0.175623,0.00113,0.000804
0,0.017409,-0.03039,0.111797,0.001461,0.140191,-0.00436,0.000304,0.00053
0,-0.031403,-0.068575,-0.029022,-0.030428,-0.055815,-0.004315,0.000548,0.001197
0,-0.012765,0.145564,0.03732,0.212579,0.02684,0.179608,0.000223,0.002541
0,0.171488,0.096503,0.155707,-0.066127,0.199417,-0.016856,0.002993,0.001684
0,-0.093133,0.059212,-0.279825,-0.060031,-0.283354,-0.022231,0.001625,0.001033
0,-0.029592,0.021598,0.035921,-0.034413,0.069869,-0.021474,0.000516,0.000377
0,0.08151,-0.037681,0.139679,-0.084526,0.180487,-0.125441,0.001423,0.000658
0,-0.050226,0.140943,-0.143084,0.174559,-0.127185,0.169967,0.000877,0.00246
0,-0.042582,-0.000467,0.030585,-0.134528,0.041512,-0.085042,0.000743,8e-06
0,-0.064689,0.201913,-0.0149,0.184086,-0.020749,0.227422,0.001129,0.003524
0,0.069806,0.048387,0.105791,-0.154603,0.15223,-0.147632,0.001218,0.000845
0,-0.068848,0.202613,-0.11539,0.141717,-0.160466,0.156575,0.001202,0.003536
0,0.045324,0.117643,0.117122,-0.09792,0.160968,-0.083904,0.000791,0.002053
0,-0.218494,-0.017076,-0.247592,-0.112997,-0.20656,-0.161671,0.003813,0.000298
0,-0.045992,-0.061701,0.144237,-0.060055,0.124927,-0.043691,0.000803,0.001077
0,-0.033223,0.114352,0.02585,0.147995,0.023937,0.126202,0.00058,0.001996
0,-0.045207,-0.113644,-0.038176,-0.200642,-0.025462,-0.241899,0.000789,0.001983
0,0.126957,-0.016716,0.143384,0.071267,0.175593,0.042903,0.002216,0.000292
0,0.027385,-0.156183,-0.119633,-0.112059,-0.113391,-0.153507,0.000478,0.002726
0,0.074825,0.051235,0.069656,0.233036,0.027673,0.19487,0.001306,0.000894
0,0.125673,0.008392,0.038748,-0.044148,0.002952,-0.06686,0.002193,0.000146
0,0.126926,0.068001,0.019652,0.069734,0.018608,0.033888,0.002215,0.001187
0,0.074907,-0.066207,-0.055399,-0.144491,-0.08487,-0.117193,0.001307,0.001156
0,0.056317,0.105557,-0.00362,0.187321,-0.019858,0.181673,0.000983,0.001842
0,0.064436,-0.155228,0.02816,-0.288072,0.064891,-0.331904,0.001125,0.002709
0,-0.013536,0.121935,-0.08063,0.302066,-0.043451,0.33674,0.000236,0.002128
0,0.098757,-0.077687,0.089725,-0.179662,0.079479,-0.137676,0.001724,0.001356
0,-0.010841,-0.106853,-0.096659,-0.004422,-0.115734,0.027452,0.000189,0.001865
0,-0.145465,0.105943,-0.148333,0.209625,-0.142805,0.258622,0.002539,0.001849
0,-0.194095,-0.065563,-0.022613,-0.178025,-0.042281,-0.213525,0.003388,0.001144
0,-0.00637,0.028479,0.216354,0.120779,0.171381,0.097549,0.000111,0.000497
0,-0.074064,0.108027,-0.059031,0.052629,-0.071947,0.056222,0.001293,0.001885
0,-0.15787,-0.015569,-0.106315,-0.095254,-0.137463,-0.107209,0.002755,0.000272
0,-0.293023,-0.054877,-0.147038,-0.067101,-0.196552,-0.0332,0.002704,0.000958
0,-0.176021,-0.023993,0.14127,0.026049,0.169608,0.073168,0.003072,0.000419
0,-0.024013,-0.027403,0.172691,0.015817,0.155027,-0.01179,0.000419,0.000478
0,0.001998,0.058925,0.053898,0.083872,0.048576,0.041503,3.5e-05,0.001028
0,-0.263647,-0.094658,-0.261661,-0.142359,-0.269296,-0.163734,0.003216,0.001652
0,-0.259504,-0.028136,-0.014033,0.04895,-0.06347,0.075273,0.003289,0.000491
0,-0.21766,-0.01771,0.04454,0.02745,0.081078,-0.018373,0.003799,0.000309
0,-0.299238,0.032718,-0.110949,0.066958,-0.105682,0.064709,0.002595,0.000571
0,-0.264017,-0.004311,0.045856,-0.062054,-0.003878,-0.055576,0.00321,7.5e-05
0,1.732404,0.968966,1.991568,0.961263,2.013817,0.958182,0.001035,0.001276
0,3.245054,1.353436,1.518959,0.376811,1.544495,0.366169,0.001912,0.000168
0,3.013967,1.041567,-0.235027,-0.297091,-0.267873,-0.279931,0.002121,0.002543
0,2.798313,0.762445,-0.186687,-0.268965,-0.218105,-0.312886,0.001933,0.002329
0,2.70066,0.692817,-0.117533,-0.097159,-0.091183,-0.095163,0.000228,0.003544
0,1.940152,0.532765,-0.752011,-0.166429,-0.7956,-0.132954,0.002591,0.001481
0,1.50556,0.250686,-0.42488,-0.287459,-0.456749,-0.26905,0.002823,0.003443
0,1.384284,0.207877,-0.118032,-0.052554,-0.131894,-0.003017,0.000707,0.003628
0,0.62371,0.081871,-0.760813,-0.11648,-0.78763,-0.11387,0.003068,0.001429
0,0.353785,0.105032,-0.257263,0.032245,-0.258508,0.025599,0.001643,0.001833
0,0.033196,0.002572,-0.293698,-0.086514,-0.317747,-0.133144,0.000579,4.5e-05
0,0.19115,0.14493,0.166596,0.15448,0.216396,0.108437,0.003336,0.002529
0,-0.0271,0.130395,-0.195738,-0.020952,-0.165981,-0.02788,0.000473,0.002276
0,-0.048094,0.119332,-0.04389,-0.001496,-0.073922,0.000429,0.000839,0.002083
0,-0.106338,0.048454,-0.061859,-0.081786,-0.020924,-0.059322,0.001856,0.000846
0,-0.161553,0.154867,-0.040603,0.13079,-0.079127,0.109103,0.00282,0.002703
0,-0.003418,-0.042941,0.142617,-0.21521,0.151941,-0.205636,6e-05,0.000749
0,-0.029182,0.090472,-0.048428,0.107106,-0.006062,0.080161,0.000509,0.001579
0,-0.128282,0.102131,-0.073683,0.004996,-0.09351,-0.005301,0.002239,0.001783
0,-0.159441,0.093568,-0.058406,-0.000871,-0.01458,0.009788,0.002783,0.001633
0,-0.191326,0.071658,-0.033889,-0.026464,-0.051338,-0.007181,0.003339,0.001251
0,-0.259179,-0.008998,-0.047122,-0.08735,-0.083235,-0.124326,0.003294,0.000157
0,-0.094408,0.059578,0.171637,0.094923,0.137906,0.125338,0.001648,0.00104
0,-0.148812,0.121999,-0.033496,0.086091,-0.080088,0.066447,0.002597,0.002129
0,-0.157174,-0.080034,-0.014769,-0.199592,0.015162,-0.169234,0.002743,0.001397
0,0.035701,-0.07724,0.212158,0.022115,0.178751,0.007724,0.000623,0.001348
0,-0.011707,-0.069782,-0.049368,0.030806,-0.089458,-0.019116,0.000204,0.001218
0,-0.11921,-0.051568,-0.110589,-0.006177,-0.100257,0.039772,0.002081,0.0009
0,0.026479,-0.106649,0.150123,-0.036173,0.199817,-0.045483,0.000462,0.001861
0,-0.176963,-0.04009,-0.204755,0.055733,-0.214216,0.092071,0.003089,0.0007
0,-0.141819,0.059628,0.046034,0.087669,-0.001076,0.093933,0.002475,0.001041
0,-0.008125,0.052528,0.118157,-0.006003,0.115735,-0.044473,0.000142,0.000917
0,-0.184814,-0.045711,-0.187139,-0.081709,-0.225095,-0.088533,0.003226,0.000798
0,-0.15487,-0.038217,0.003941,-0.01768,-0.043588,-0.0222,0.002703,0.000667
0,0.035778,0.078597,0.163611,0.112882,0.116737,0.079262,0.000624,0.001372
0,0.023142,-0.124724,0.009435,-0.173836,0.038472,-0.149211,0.000404,0.002177
0,-0.047046,0.008556,-0.052298,0.12074,-0.063794,0.149752,0.000821,0.000149
0,-0.096345,-0.04629,-0.065942,-0.029514,-0.03602,-0.05759,0.001682,0.000808
0,0.006462,0.074659,0.095206,0.099059,0.100992,0.110798,0.000113,0.001303
0,-0.11272,-0.145812,-0.092076,-0.239348,-0.058482,-0.211068,0.001967,0.002545
0,0.022983,0.128952,0.165478,0.289429,0.155832,0.268608,0.000401,0.002251
0,0.045741,-0.024533,0.028925,-0.144877,0.077542,-0.118053,0.000798,0.000428
0,0.01316,-0.09238,-0.035101,-0.067544,-0.031492,-0.081628,0.00023,0.001612
0,-0.039297,0.079084,-0.065701,0.189421,-0.114829,0.237484,0.000686,0.00138
0,-0.123804,0.005836,-0.074241,-0.095398,-0.083676,-0.09769,0.002161,0.000102
0,0.00729,0.063437,0.110425,0.050636,0.104628,0.051127,0.000127,0.001107
0,-0.187076,0.025569,-0.195587,-0.023798,-0.186359,-0.021442,0.003265,0.000446
0,0.017407,-0.05364,0.194511,-0.074936,0.198678,-0.117989,0.000304,0.000936
0,-0.160489,0.032648,-0.203777,0.077257,-0.223674,0.069819,0.002801,0.00057
0,-0.1787,0.108586,-0.017143,0.072276,-0.025982,0.114118,0.003119,0.001895
0,-0.182308,0.049786,-0.009664,-0.064601,-0.036963,-0.098116,0.003182,0.000869
0,-0.206298,0.111152,-0.043727,0.079236,-0.002984,0.039535,0.003601,0.00194
0,-0.024673,0.017751,0.155553,-0.081962,0.204382,-0.065503,0.000431,0.00031
0,-0.038131,0.127943,-0.0253,0.121949,0.01372,0.161733,0.000666,0.002233
0,0.026143,-0.056947,0.0681,-0.196319,0.083553,-0.225167,0.000456,0.000994
0,-0.019054,-0.027414,-0.064109,0.044732,-0.075264,0.025461,0.000333,0.000478
0,-0.203607,-0.112321,-0.201476,-0.113879,-0.155901,-0.14072,0.003554,0.00196
0,-0.045878,0.057107,0.176034,0.173718,0.214382,0.164927,0.000801,0.000997
0,-0.115099,0.112061,-0.080766,0.050081,-0.033058,0.080834,0.002009,0.001956
0,0.057757,0.056129,0.16052,-0.048437,0.16357,-0.038498,0.001008,0.00098
0,0.090148,-0.086546,0.048336,-0.130477,0.025288,-0.117157,0.001573,0.001511
0,0.008625,-0.015686,-0.093915,0.087129,-0.074195,0.096295,0.000151,0.000274
0,-0.024042,0.019287,-0.03205,0.025982,-0.025733,0.040112,0.00042,0.000337
0,-0.006834,0.105636,0.021671,0.056402,0.041562,0.097444,0.000119,0.001844
0,-0.163354,0.126589,-0.139318,-0.003145,-0.149111,-0.013769,0.002851,0.002209
0,-0.147287,-0.028606,-0.004894,-0.141416,0.020032,-0.139302,0.002571,0.000499
0,0.071514,-0.043861,0.229538,-0.032548,0.221136,-0.006785,0.001248,0.000766
0,-0.080848,-0.024797,-0.175245,0.018132,-0.174782,0.041178,0.001411,0.000433
0,0.014727,0.076607,0.080923,0.090329,0.126801,0.132215,0.000257,0.001337
0,-0.059609,0.135168,-0.09919,0.042868,-0.106396,0.080534,0.00104,0.002359
0,0.011497,0.140901,0.04505,0.02344,0.085842,0.024131,0.000201,0.002459
0,0.051819,-0.026238,0.065646,-0.18287,0.053339,-0.222874,0.000904,0.000458
0,-0.001174,-0.131381,-0.03201,-0.108158,-0.011256,-0.105468,2e-05,0.002293
0,-0.004249,-0.012602,-0.024268,0.098952,-0.028307,0.059004,7.4e-05,0.00022
0,0.064082,0.033593,0.083077,0.048302,0.049104,0.056658,0.001118,0.000586
0,-0.041361,-0.089058,-0.113592,-0.114266,-0.12252,-0.152036,0.000722,0.001554
0,-0.02055,0.140197,0.001553,0.212132,-0.041066,0.169943,0.000359,0.002447
0,0.115129,0.118149,0.124659,-0.005077,0.082042,-0.019388,0.002009,0.002062
0,0.085959,0.034199,-0.003352,-0.095807,-0.013616,-0.124544,0.0015,0.000597
0,0.079504,0.071446,-0.019637,0.016979,-0.050989,-0.016793,0.001388,0.001247
0,0.069767,-0.139092,-0.009561,-0.21644,-0.019934,-0.187299,0.001218,0.002428
0,-0.081686,-0.011899,-0.15606,0.113466,-0.108271,0.116009,0.001426,0.000208
0,-0.06433,-0.06233,0.043335,-0.077548,0.043443,-0.080138,0.001123,0.001088
0,-0.112165,-0.106786,-0.027346,-0.051202,-0.045014,-0.054571,0.001958,0.001864
0,-0.030687,0.103725,0.053926,0.183759,0.039241,0.229736,0.000536,0.00181
0,-0.124406,0.107824,-0.099773,0.010627,-0.059082,0.00127,0.002171,0.001882
0,-0.122562,0.131022,-0.022715,0.044264,-0.07196,0.07855,0.002139,0.002287
0,-0.100486,0.179962,0.030799,0.04805,0.056562,0.041799,0.001754,0.003141
0,-0.00524,0.02733,0.10836,-0.150102,0.110086,-0.166456,9.1e-05,0.000477
0,-0.139509,-0.090497,-0.139892,-0.131124,-0.150232,-0.173439,0.002435,0.001579
0,-0.083098,-0.073555,0.041679,-0.002113,0.002169,-0.040323,0.00145,0.001284
0,-0.055063,0.128321,0.030517,0.219637,0.065088,0.216995,0.000961,0.00224
0,0.026219,0.032213,0.087317,-0.125353,0.041029,-0.077817,0.000458,0.000562
0,0.078049,0.061462,0.079962,0.007399,0.126035,0.02813,0.001362,0.001073
0,-0.067784,0.131767,-0.134932,0.087966,-0.17954,0.045364,0.001183,0.0023
0,-0.012295,0.059432,0.025879,-0.088671,0.01114,-0.05797,0.000215,0.001037
0,-0.191583,-0.08413,-0.150326,-0.133487,-0.165461,-0.16666,0.003344,0.001468
0,-0.184403,-0.028419,0.004908,0.02873,-0.001252,0.037354,0.003218,0.000496
0,-0.064929,-0.112081,0.107469,-0.11279,0.121658,-0.137798,0.001133,0.001956
0,-0.038687,-0.15583,0.021339,-0.03624,0.018449,-0.021852,0.000675,0.00272
0,-0.091043,-0.128233,-0.048475,0.041559,-0.092726,0.076886,0.001589,0.002238
0,-0.026589,0.036617,0.067835,0.189901,0.01905,0.148812,0.000464,0.000639
0,0.03046,0.087308,0.073149,0.074172,0.100232,0.036407,0.000532,0.001524
0,0.11085,0.104082,0.106253,0.026622,0.111192,0.071595,0.001935,0.001817
0,-0.046843,-0.142011,-0.15745,-0.240743,-0.156813,-0.266774,0.000818,0.002479
0,-0.055615,0.097157,-0.031557,0.240278,-0.04805,0.223472,0.000971,0.001696
0,-0.033602,0.121806,0.047237,0.047136,0.021695,0.060637,0.000586,0.002126
0,-0.040983,-0.088034,0.016596,-0.237565,-0.003744,-0.244772,0.000715,0.001536
0,0.057891,0.142204,0.083406,0.253053,0.120917,0.269489,0.00101,0.002482
0,0.109657,0.119904,0.043836,-0.026075,0.015361,-0.035187,0.001914,0.002093
0,0.039828,-0.114512,-0.07559,-0.23462,-0.038867,-0.23026,0.000695,0.001999
0,-0.077914,0.098283,-0.113757,0.230548,-0.102095,0.196644,0.00136,0.001715
0,-0.110864,0.113849,-0.004044,0.037907,-0.029938,-0.001645,0.001935,0.001987
0,-0.136451,0.003528,-0.047629,-0.124095,-0.069338,-0.137396,0.002382,6.2e-05
0,0.124082,0.141095,0.262652,0.151361,0.236917,0.115852,0.002166,0.002463
0,0.148267,0.146853,0.026808,-0.004363,0.051379,-0.005169,0.002588,0.002563
0,0.146877,0.113401,0.022494,-0.026463,0.054938,0.020457,0.002563,0.001979
0,-0.067776,0.19351,-0.233903,0.087495,-0.262623,0.071272,0.001183,0.003377
0,0.197672,0.001056,0.291302,-0.197832,0.30029,-0.191514,0.00345,1.8e-05
0,-0.059917,0.112177,-0.280676,0.094763,-0.236882,0.080215,0.001046,0.001958
0,-0.018176,0.069991,0.041743,-0.053957,0.091157,-0.087828,0.000317,0.001222
0,0.111902,-0.107912,0.11654,-0.150445,0.120526,-0.114591,0.001953,0.001883
0,0.035377,0.052545,-0.058812,0.153059,-0.029125,0.136719,0.000617,0.000917
0,0.124183,0.142556,0.072548,0.099772,0.031259,0.115714,0.002167,0.002488
0,0.106846,-0.053672,0.003463,-0.166312,0.019272,-0.162645,0.001865,0.000937
0,0.040847,0.008281,-0.070866,0.037408,-0.115039,0.001267,0.000713,0.000145
0,-0.082067,0.117597,-0.096172,0.106376,-0.132838,0.156153,0.001432,0.002052
0,0.023739,-0.072424,0.133904,-0.162773,0.089871,-0.122324,0.000414,0.001264
0,0.119397,-0.034999,0.068833,0.024765,0.111349,0.07253,0.002084,0.000611
0,0.143119,0.123855,0.040334,0.172656,-0.00708,0.149434,0.002498,0.002162
0,0.031317,-0.019096,-0.095506,-0.115074,-0.070189,-0.113149,0.000547,0.000333
0,0.301348,0.108542,0.280196,0.136221,0.243687,0.18484,0.002558,0.001894
0,0.020286,-0.103859,-0.264201,-0.238389,-0.246106,-0.190642,0.000354,0.001813
0,0.224943,0.147785,0.18294,0.232333,0.189796,0.247061,0.003892,0.002579
0,0.093082,0.077495,-0.104567,-0.071341,-0.082997,-0.046665,0.001625,0.001353
0,0.069195,-0.067121,-0.008896,-0.146641,-0.020382,-0.099533,0.001208,0.001171
0,0.042073,-0.141528,-0.018277,-0.054403,-0.035871,-0.036329,0.000734,0.00247
0,0.264186,0.151889,0.225871,0.31419,0.182845,0.305784,0.003207,0.002651
0,-0.010534,-0.07789,-0.300962,-0.239634,-0.319686,-0.19017,0.000184,0.001359
0,0.060194,-0.043356,0.053395,0.032056,0.036202,0.053013,0.001051,0.000757
0,0.035855,0.058269,-0.039866,0.081245,-0.053416,0.093086,0.000626,0.001017
0,0.075687,0.009898,0.03225,-0.038634,0.034062,-0.059722,0.001321,0.000173
0,0.089156,0.093307,0.035928,0.081553,0.017169,0.055646,0.001556,0.001629
0,0.306578,-0.052796,0.20394,-0.142916,0.206394,-0.191235,0.002467,0.000921
0,0.069046,-0.066919,-0.214388,-0.024732,-0.203001,-0.004954,0.001205,0.001168
0,0.308981,-0.109002,0.210123,-0.060836,0.160137,-0.070131,0.002425,0.001902
0,0.342376,-0.017066,0.024802,0.068821,-0.010993,0.042189,0.001842,0.000298
0,0.135337,0.091504,-0.196806,0.124483,-0.176706,0.092732,0.002362,0.001597
0,0.261458,0.035864,0.154323,-0.073021,0.105262,-0.024032,0.003255,0.000626
0,0.119441,0.099031,-0.15987,0.038007,-0.163889,0.084584,0.002085,0.001728
0,0.235397,0.165366,0.135853,0.09268,0.143768,0.092031,0.003709,0.002886
0,0.229236,0.062515,-0.00909,-0.131097,0.014221,-0.118978,0.003817,0.001091
0,0.340183,-0.053588,0.136156,-0.089164,0.166374,-0.082614,0.001881,0.000935
0,0.221087,0.096714,-0.146189,0.14383,-0.109963,0.153971,0.003859,0.001688
0,0.214026,-0.046717,-0.03649,-0.113437,-0.06103,-0.126815,0.003735,0.000815
0,0.254784,-0.079227,0.062909,-0.018891,0.021537,-0.061363,0.003371,0.001383
0,0.326882,-0.085438,0.081507,0.016542,0.11593,0.056288,0.002113,0.001491
0,0.248053,0.079456,-0.098503,0.144302,-0.075458,0.157271,0.003489,0.001387
0,0.340538,0.079013,0.07401,0.028938,0.035241,0.065055,0.001874,0.001379
0,0.259645,-0.059156,-0.097609,-0.154639,-0.143678,-0.203533,0.003286,0.001032
0,0.24552,-0.108399,0.014848,-0.068778,0.06074,-0.108442,0.003533,0.001892
0,0.196447,0.059547,-0.063205,0.176588,-0.054445,0.161036,0.003429,0.001039
0,0.077459,0.117239,-0.131128,0.048876,-0.133976,0.002522,0.001352,0.002046
0,0.2554,-0.147227,0.16253,-0.260323,0.124518,-0.252713,0.00336,0.00257
0,-0.023862,-0.042892,-0.278681,0.101049,-0.249999,0.08169,0.000416,0.000749
0,1.358663,-0.931205,1.387757,-0.907451,1.394486,-0.931223,0.00026,0.000617
0,1.536363,-2.117896,0.159124,-1.198881,0.169132,-1.199399,0.003361,0.002125
0,1.410972,-1.859783,-0.129544,0.247453,-0.126508,0.26664,0.001172,0.001188
0,1.655627,-1.686986,0.252645,0.153332,0.289616,0.140623,0.002375,0.001828
0,1.330823,-1.531579,-0.332654,0.126365,-0.322569,0.138471,0.000226,0.003277
0,1.191389,-1.49385,-0.127633,0.023243,-0.09978,0.034142,0.00266,0.002619
0,1.134189,-1.224016,-0.033796,0.280988,-0.053848,0.267556,0.003658,0.002091
0,0.988302,-0.993021,-0.149806,0.251879,-0.141354,0.269788,0.001613,0.001696
0,0.837506,-0.513744,-0.176556,0.486583,-0.12855,0.498682,0.001019,0.001149
0,0.605142,-0.28301,-0.218506,0.201895,-0.210003,0.251459,0.002744,0.002878
0,0.168551,-0.210237,-0.421629,0.056495,-0.442341,0.012128,0.002942,0.003669
0,-0.025624,0.031244,-0.204348,0.240015,-0.161236,0.289801,0.000447,0.000545
0,0.057252,-0.030193,0.062568,-0.037504,0.042064,-0.050613,0.000999,0.000527
0,0.105539,0.287541,0.021493,0.338967,0.02723,0.297215,0.001842,0.002799
0,0.019262,0.147683,-0.10514,-0.122989,-0.134642,-0.171098,0.000336,0.002578
0,-0.246364,0.034594,-0.291885,-0.121105,-0.258849,-0.128438,0.003518,0.000604
0,-0.065093,-0.007347,0.153543,-0.022688,0.173047,-0.06165,0.001136,0.000128
0,0.007339,0.007238,0.044899,0.031817,0.054784,0.056387,0.000128,0.000126
0,0.043176,0.09553,0.054185,0.096134,0.099548,0.067069,0.000754,0.001667
0,-0.199677,-0.041053,-0.247095,-0.123371,-0.222973,-0.169222,0.003485,0.000717
0,-0.003316,0.058826,0.190906,0.11652,0.146939,0.156265,5.8e-05,0.001027
0,0.010332,0.064,0.033171,-0.00251,0.010794,-0.001881,0.00018,0.001117
0,0.012579,0.193359,-0.01174,0.106768,-0.030849,0.107074,0.00022,0.003375
0,0.020109,0.133268,-0.008799,-0.085773,0.023758,-0.04886,0.000351,0.002326
0,0.00793,0.040467,-0.017247,-0.074118,0.03148,-0.102557,0.000138,0.000706
0,0.040663,0.248636,0.011442,0.178464,-0.010318,0.163086,0.00071,0.003478
0,0.116972,-0.064705,0.08822,-0.317299,0.121081,-0.30187,0.002042,0.001129
0,0.013867,0.150851,-0.119447,0.225836,-0.133327,0.202908,0.000242,0.002633
0,-0.076762,-0.067247,-0.083128,-0.218966,-0.076744,-0.209522,0.00134,0.001174
0,-0.085845,0.102208,-0.003411,0.163677,0.016691,0.137064,0.001498,0.001784
0,-0.206026,-0.078852,-0.097163,-0.157789,-0.117755,-0.165769,0.003596,0.001376
0,0.022111,-0.025368,0.241236,0.065942,0.200445,0.060678,0.000386,0.000443
0,-0.013022,-0.084109,-0.026105,-0.04739,-0.025272,-0.031123,0.000227,0.001468
0,0.044174,-0.171669,0.066201,-0.105344,0.04884,-0.122897,0.000771,0.002996
0,-0.150556,-0.143974,-0.200339,0.009665,-0.156257,-0.035829,0.002628,0.002513
0,-0.026729,-0.010594,0.115691,0.148277,0.127747,0.142364,0.000467,0.000185
0,0.012811,-0.091075,0.047459,-0.080629,0.057558,-0.077258,0.000224,0.00159
0,-0.015165,-0.000186,-0.013208,0.067708,0.035409,0.060143,0.000265,3e-06
0,-0.040764,-0.119636,-0.041778,-0.147036,-0.030942,-0.108047,0.000711,0.002088
0,0.016727,0.077465,0.034764,0.181007,0.04605,0.188665,0.000292,0.001352
0,-0.07651,-0.013955,-0.094,-0.119881,-0.102435,-0.157172,0.001335,0.000244
0,0.005801,-0.01052,0.08504,0.005722,0.12866,0.016578,0.000101,0.000184
0,-0.051642,0.102424,-0.086454,0.108552,-0.080637,0.069289,0.000901,0.001788
0,-0.154244,0.048918,-0.092537,-0.035982,-0.067072,-0.017409,0.002692,0.000854
0,-0.001313,-0.000882,0.150699,-0.02484,0.148753,-0.02148,2.3e-05,1.5e-05
0,-0.100867,-0.072853,-0.12152,-0.066226,-0.118015,-0.079807,0.00176,0.001272
0,-0.217758,0.030164,-0.09607,0.13232,-0.124977,0.16059,0.003801,0.000526
0,-0.177929,0.016041,0.059377,-0.036818,0.10284,-0.04086,0.003105,0.00028
0,0.002037,-0.170334,0.160817,-0.168563,0.190417,-0.167925,3.6e-05,0.002973
0,-0.215364,0.043281,-0.203155,0.200817,-0.191567,0.228537,0.003759,0.000755
0,-0.029849,-0.201522,0.167085,-0.22234,0.165449,-0.204823,0.000521,0.003517
0,0.075251,-0.048641,0.1026,0.123608,0.139951,0.164813,0.001313,0.000849
0,0.115584,0.058557,0.016203,0.078371,0.040299,0.100183,0.002017,0.001022
0,-0.069539,-0.12421,-0.188505,-0.162024,-0.140743,-0.211809,0.001214,0.002168
0,0.093954,-0.0216,0.16404,0.103211,0.209101,0.138674,0.00164,0.000377
0,-0.159981,-0.187633,-0.234389,-0.14361,-0.236405,-0.175066,0.002792,0.003275
0,-0.095913,-0.050434,0.077307,0.149874,0.065745,0.163988,0.001674,0.00088
0,-0.093578,0.062575,-0.025851,0.142322,0.022517,0.106531,0.001633,0.001092
0,-0.113792,-0.104279,-0.019759,-0.162221,-0.022588,-0.19824,0.001986,0.00182
0,-0.150297,-0.160593,-0.061238,-0.042093,-0.02283,-0.086125,0.002623,0.002803
0,-0.05777,-0.07644,0.09382,0.089299,0.130881,0.067221,0.001008,0.001334
0,-0.033481,0.072571,0.005184,0.121766,0.045342,0.155267,0.000584,0.001267
0,0.060098,0.053063,0.081072,-0.048083,0.070053,-0.035518,0.001049,0.000926
0,0.177225,0.057738,0.110164,-0.00775,0.108255,0.041418,0.003093,0.001008
0,0.064826,0.011952,-0.129352,-0.022415,-0.087572,-0.069662,0.001131,0.000209
0,-0.009316,0.046625,-0.082764,0.059893,-0.076425,0.015856,0.000163,0.000814
0,0.067753,0.151173,0.099851,0.133924,0.112874,0.113009,0.001183,0.002638
0,0.153013,-0.160198,0.088173,-0.307297,0.121105,-0.299644,0.002671,0.002796
0,0.169359,0.029433,0.021898,0.217568,0.005851,0.179889,0.002956,0.000514
0,0.193409,-0.022927,0.008928,-0.062649,0.041728,-0.025093,0.003376,0.0004
0,0.002215,0.143691,-0.185757,0.176895,-0.17014,0.136443,3.9e-05,0.002508
0,0.207366,-0.087345,0.235049,-0.23881,0.238288,-0.250317,0.003619,0.001524
0,0.201441,0.003375,-0.005214,0.089939,-0.037015,0.126193,0.003516,5.9e-05
0,0.275345,0.012234,0.046113,-0.007041,0.085221,-0.035573,0.003012,0.000214
0,0.295729,0.196842,0.03824,0.156826,0.051457,0.125794,0.002656,0.003436
0,0.033717,0.125759,-0.279904,-0.077765,-0.289474,-0.061534,0.000588,0.002195
0,0.254792,-0.060974,0.216768,-0.202785,0.265666,-0.189604,0.003371,0.001064
0,0.256683,0.007752,-0.00304,0.043079,0.034887,0.063484,0.003338,0.000135
0,0.031618,0.16934,-0.24028,0.135876,-0.263749,0.166596,0.000552,0.002956
0,0.130954,0.214005,0.129102,0.074273,0.147699,0.05052,0.002286,0.003735
0,0.138758,-0.001939,0.023671,-0.215966,0.039866,-0.253464,0.002422,3.4e-05
0,0.022099,-0.007679,-0.145781,-0.013165,-0.154855,-0.004073,0.000386,0.000134
0,-0.014735,0.112895,-0.007327,0.092797,-0.054715,0.096803,0.000257,0.00197
0,0.047841,-0.067855,0.050771,-0.192013,0.080959,-0.205032,0.000835,0.001184
0,0.165458,-0.00646,0.101617,0.047357,0.118336,0.008629,0.002888,0.000113
0,0.034093,0.124933,-0.150385,0.142347,-0.141772,0.188724,0.000595,0.00218
0,0.110738,0.150601,0.049423,0.031507,0.043668,0.03363,0.001933,0.002628
0,0.004177,0.187767,-0.10527,0.042876,-0.096451,0.092219,7.3e-05,0.003277
0,0.02187,0.112743,0.00077,-0.087827,-7.6e-05,-0.073559,0.000382,0.001968
0,0.12249,0.212813,0.087407,0.127078,0.047294,0.157116,0.002138,0.003714
0,0.172581,0.193387,0.041572,-0.001862,0.044997,0.033947,0.003012,0.003375
0,0.020847,-0.078586,-0.158841,-0.250854,-0.154265,-0.21438,0.000364,0.001372
0,0.174219,-0.02241,0.178802,0.029711,0.181175,-0.019969,0.003041,0.000391
0,0.134436,-0.035757,-0.051483,-0.014884,-0.051491,-0.034753,0.002346,0.000624
0,0.162395,0.182839,0.001342,0.239067,0.022949,0.211327,0.002834,0.003191
0,0.202182,-0.029123,0.033057,-0.198208,0.046224,-0.199503,0.003529,0.000508
0,0.186721,0.160099,-0.043465,0.217509,-0.009809,0.261409,0.003259,0.002794
0,0.223606,0.187997,0.020931,0.036785,0.061393,0.067746,0.003903,0.003281
0,0.22972,-0.025659,0.007636,-0.209406,-0.010172,-0.170352,0.003809,0.000448
0,0.254667,0.000124,0.032083,0.01478,0.035951,0.023025,0.003373,2e-06
0,0.262396,0.088772,-0.006871,0.07309,-0.05298,0.111219,0.003238,0.001549
0,0.163328,-0.031409,-0.080293,-0.091957,-0.122685,-0.084829,0.002851,0.000548
0,-0.040944,0.050239,-0.198268,0.059743,-0.224217,0.036004,0.000715,0.000877
0,0.055901,0.231955,0.112045,0.202004,0.094267,0.224518,0.000976,0.003769
0,-0.033286,0.050204,-0.095453,-0.160885,-0.125429,-0.143387,0.000581,0.000876
0,0.016064,0.130092,0.05588,0.083805,0.10409,0.056428,0.00028,0.002271
0,-0.045788,0.228262,-0.047113,0.071405,-0.071946,0.116878,0.000799,0.003834
0,0.103131,0.012894,0.124164,-0.223567,0.077567,-0.227799,0.0018,0.000225
0,-0.071799,-0.022838,-0.164677,-0.012559,-0.128883,-0.043841,0.001253,0.000399
0,0.204313,0.123336,0.284985,0.142052,0.240676,0.141133,0.003566,0.002153
0,0.051995,-0.066149,-0.151994,-0.186209,-0.187366,-0.211759,0.000907,0.001155
0,-0.125842,0.052126,-0.179455,0.120734,-0.161279,0.152676,0.002196,0.00091
0,0.140232,-0.136507,0.270195,-0.213446,0.220589,-0.183071,0.002448,0.002382
0,0.055235,0.093856,-0.074318,0.22178,-0.110886,0.261609,0.000964,0.001638
0,0.123175,0.070824,0.091616,-0.048094,0.121094,-0.061098,0.00215,0.001236
0,-0.153947,0.179346,-0.265473,0.103649,-0.297265,0.071138,0.002687,0.00313
0,0.005323,-0.038144,0.134828,-0.221251,0.15673,-0.245302,9.3e-05,0.000666
0,-0.106997,0.110197,-0.139944,0.16246,-0.163677,0.208399,0.001867,0.001923
0,0.097329,0.125845,0.188243,0.039902,0.172533,0.059912,0.001699,0.002196
0,-0.068953,-0.04195,-0.150828,-0.185091,-0.163823,-0.179667,0.001203,0.000732
0,-0.086219,-0.110077,-0.045519,-0.074476,-0.035868,-0.046933,0.001505,0.001921
0,-0.160925,-0.081134,-0.09888,0.000592,-0.121961,0.044477,0.002809,0.001416
0,0.086366,0.010034,0.269654,0.067541,0.259034,0.094696,0.001507,0.000175
0,-0.084437,-0.124523,-0.160084,-0.143449,-0.191979,-0.138827,0.001474,0.002173
0,0.084852,0.070747,0.197731,0.182551,0.15167,0.193428,0.001481,0.001235
0,-0.027101,0.028748,-0.087212,-0.028842,-0.136181,0.016742,0.000473,0.000502
0,-3.694997,1.081014,-3.661349,1.033763,-3.698549,1.074775,0.001947,0.003231
0,-3.57061,1.449619,0.139344,0.354115,0.186734,0.320883,0.000224,0.001847
0,-3.518161,1.36967,0.030259,-0.062955,0.024525,-0.076818,0.00114,0.000452
0,-3.3676,1.549881,0.150892,0.164074,0.116809,0.177,0.003767,0.003597
0,-3.23179,1.241351,0.150199,-0.336995,0.149525,-0.339504,0.00168,0.001788
0,-2.406386,0.9908,0.853133,-0.260312,0.812691,-0.228387,0.00291,0.001657
0,-2.008429,0.754811,0.394769,-0.219744,0.434594,-0.185294,0.003782,0.002462
0,-1.476443,0.521595,0.512847,-0.204974,0.491943,-0.178961,0.002315,0.001286
0,-1.155435,0.26406,0.334005,-0.276637,0.345482,-0.236206,0.003287,0.003209
0,-0.376877,0.204936,0.7956,-0.047672,0.768395,-0.067695,0.00124,0.003577
0,-0.446372,0.150148,-0.073422,-0.036262,-0.077117,-0.068678,2.7e-05,0.002621
0,-0.48066,0.327315,-0.048103,0.19577,-0.037999,0.15419,0.000571,0.002105
0,-0.459123,0.31354,0.023232,-0.024852,-0.026099,-0.06542,0.000195,0.002346
0,-0.464486,0.257392,0.009891,-0.032343,-0.005432,-0.034964,0.000289,0.003326
0,-0.403319,0.280856,0.046272,0.040224,0.093699,0.081396,0.000779,0.002916
0,-0.488562,0.138369,-0.111316,-0.151916,-0.071059,-0.102047,0.000709,0.002415
0,-0.460807,0.278264,0.014914,0.155286,0.004747,0.147229,0.000225,0.002961
0,-0.262569,0.092797,0.212346,-0.191804,0.184565,-0.184138,0.003235,0.00162
0,-0.47673,0.297658,-0.219284,0.214263,-0.223727,0.216255,0.000503,0.002623
0,-0.359411,0.169548,0.097856,-0.128007,0.143871,-0.175566,0.001545,0.002959
0,-0.14971,0.24789,0.20965,0.083948,0.193278,0.08569,0.002613,0.003491
0,-0.269476,0.096709,-0.104373,-0.129154,-0.098192,-0.107992,0.003115,0.001688
0,-0.136795,0.253784,0.129415,0.184599,0.127822,0.198591,0.002388,0.003389
0,-0.235727,0.076971,-0.120325,-0.191418,-0.07381,-0.233082,0.003704,0.001343
0,-0.170149,-0.017289,0.038686,-0.084651,0.071778,-0.045836,0.00297,0.000302
0,-0.216018,0.124053,-0.060709,0.121606,-0.039456,0.165968,0.00377,0.002165
0,-0.373463,0.143558,-0.131276,0.03785,-0.098973,-0.003468,0.0013,0.002506
0,-0.178359,0.218907,0.181621,0.088202,0.231564,0.130083,0.003113,0.003821
0,-0.319413,0.050024,-0.15576,-0.143105,-0.175025,-0.116589,0.002243,0.000873
0,-0.283465,0.2204,0.040248,0.174189,0.076438,0.132477,0.00287,0.003847
0,-0.183532,-0.015893,0.087288,-0.244697,0.077908,-0.254021,0.003203,0.000277
0,-0.101087,0.126427,0.054174,0.133349,0.027145,0.166881,0.001764,0.002207
0,-0.157954,0.107643,-0.066405,-0.016925,-0.062995,-0.042866,0.002757,0.001879
0,-0.272264,-0.015953,-0.115217,-0.145948,-0.118511,-0.129523,0.003066,0.000278
0,-0.188264,0.08241,0.065346,0.094933,0.021218,0.105451,0.003286,0.001438
0,0.433985,-0.316264,0.638647,-0.369072,0.645314,-0.321745,0.000243,0.002298
0,0.657763,-1.287552,0.195097,-0.963777,0.242947,-0.933155,0.003662,0.000982
0,0.783555,-1.893281,0.103814,-0.632978,0.072506,-0.62434,0.00196,0.001772
0,0.828659,-1.977582,0.068993,-0.097592,0.09888,-0.10753,0.001173,0.003244
0,0.702869,-2.419329,-0.142596,-0.421673,-0.101274,-0.467699,0.003368,0.003136
0,0.599027,-2.151651,-0.123172,0.245116,-0.132124,0.259452,0.002637,0.001536
0,0.273207,-1.94791,-0.339452,0.194888,-0.370588,0.159932,0.00305,0.002726
0,0.276028,-1.368063,-0.021943,0.605647,-0.000763,0.64381,0.003,0.000424
0,-0.047507,-1.112563,-0.307544,0.241474,-0.298928,0.235485,0.000829,0.003782
0,-0.11684,-0.520963,-0.096596,0.568598,-0.091779,0.544168,0.002039,0.001275
0,0.065968,-0.173614,0.211318,0.326578,0.215261,0.340012,0.001151,0.00303
0,-0.177904,-0.176862,-0.244146,0.015468,-0.224214,0.016308,0.003105,0.003087
0,-0.136037,-0.078546,0.033197,0.071007,0.079299,0.05312,0.002374,0.001371
0,-0.162514,0.169664,-0.007886,0.228807,0.039975,0.273904,0.002836,0.002961
0,-0.201026,0.235627,-0.032895,0.080101,-0.025326,0.076833,0.003509,0.003705
0,-0.118489,0.178099,0.060348,-0.061293,0.067838,-0.054309,0.002068,0.003108
0,-0.156715,-0.063894,-0.015136,-0.252005,-0.032513,-0.243202,0.002735,0.001115
0,-0.240671,0.079633,-0.059773,0.170096,-0.068005,0.181682,0.003617,0.00139
0,-0.066468,-0.052268,0.171571,-0.143758,0.172799,-0.168034,0.00116,0.000912
0,-0.226018,0.141697,-0.165717,0.202371,-0.186468,0.155659,0.003873,0.002473
0,-0.799786,1.181542,-0.556725,1.069241,-0.590228,1.032944,0.001677,0.002832
0,-0.908983,1.482809,-0.128483,0.319059,-0.083342,0.325633,0.000229,0.002426
0,-1.049428,1.436011,-0.137202,-0.033636,-0.100144,-0.083011,0.00268,0.001609
0,-0.775143,1.30797,0.295221,-0.140812,0.283154,-0.16364,0.002107,0.000625
0,-0.709374,1.168071,0.058422,-0.126507,0.024197,-0.167612,0.003255,0.003067
0,-0.432794,1.036723,0.280311,-0.136142,0.278548,-0.102801,0.000264,0.002458
0,-0.441584,0.870361,-0.020967,-0.163645,0.014583,-0.201227,0.000111,0.000445
0,-0.284882,0.650035,0.176053,-0.248631,0.214004,-0.267719,0.002846,0.003527
0,-0.209068,0.470879,0.071915,-0.172964,0.023441,-0.206413,0.003649,0.000401
0,-0.035262,0.21623,0.190487,-0.26036,0.18128,-0.285448,0.000615,0.003774
0,0.053654,0.271212,0.073242,0.084692,0.094678,0.054713,0.000936,0.003084
0,0.095431,0.2034,0.02053,-0.092402,0.059125,-0.132988,0.001666,0.00355
0,0.024381,0.044916,-0.088586,-0.187354,-0.102882,-0.164772,0.000426,0.000784
0,0.149745,0.041746,0.109136,0.012942,0.147685,-0.001537,0.002614,0.000729
0,0.153002,-0.068042,-0.007077,-0.096718,-0.042792,-0.062788,0.00267,0.001188
0,0.175831,-0.031671,0.005816,0.042746,-0.005137,-0.007187,0.003069,0.000553
0,0.240193,0.011628,0.07774,0.038462,0.119743,0.021294,0.003626,0.000203
0,0.052237,-0.133596,-0.177995,-0.164891,-0.158652,-0.140614,0.000912,0.002332
0,0.159606,-0.115438,0.116877,0.037123,0.116083,0.016668,0.002786,0.002015
0,0.18699,-0.107568,0.040152,0.005109,-0.00673,0.003614,0.003264,0.001877
0,0.201453,-0.098282,0.021044,-0.013199,0.032215,-0.000531,0.003516,0.001715
0,0.025516,-0.024696,-0.205546,0.067491,-0.166339,0.107023,0.000445,0.000431
0,0.216923,-0.133487,0.167679,-0.122063,0.179498,-0.081141,0.003786,0.00233
0,0.159092,-0.134428,-0.04424,0.010933,-0.077233,0.021986,0.002777,0.002346
0,-0.081665,-0.171954,-0.257221,-0.027193,-0.233938,0.011711,0.001425,0.003001
0,-0.088337,0.000533,0.002858,0.159596,-0.001258,0.159973,0.001542,9e-06
0,0.107178,0.083613,0.186217,0.101169,0.220122,0.111468,0.001871,0.001459
0,0.054302,-0.065986,-0.060852,-0.12848,-0.077077,-0.131433,0.000948,0.001152
0,0.007322,-0.192259,-0.044721,-0.104464,-0.085111,-0.119448,0.000128,0.003356
0,0.15102,-0.184497,0.136757,-0.020513,0.162756,0.017045,0.002636,0.00322
0,0.189179,-0.036929,0.02039,0.144636,-0.003101,0.159141,0.003302,0.000645
0,0.168818,-0.116262,0.007975,-0.102849,0.02169,-0.054788,0.002946,0.002029
0,0.296671,0.064044,0.154103,0.177051,0.106398,0.166137,0.00264,0.001118
0,0.232141,-0.007753,-0.038544,-0.070688,-0.000353,-0.024492,0.003766,0.000135
0,0.293639,0.012513,0.090388,0.046213,0.12768,0.068777,0.002693,0.000218
0,0.036664,0.087235,-0.239382,0.070015,-0.193948,0.09745,0.00064,0.001523
0,0.244689,0.096231,0.192493,0.020779,0.205965,-0.00947,0.003547,0.00168
0,0.156065,-0.057161,-0.065914,-0.149645,-0.112616,-0.168604,0.002724,0.000998
0,0.261742,-0.064584,0.1076,0.017813,0.066806,-0.000343,0.00325,0.001127
0,-0.013871,0.151805,-0.251257,0.23681,-0.225632,0.197319,0.000242,0.002649
0,0.059938,0.02268,0.061002,-0.137025,0.087244,-0.183407,0.001046,0.000396
0,0.027576,-0.018139,-0.045457,-0.020402,-0.023888,-0.039966,0.000481,0.000317
0,-0.059338,-0.101174,-0.10608,-0.07171,-0.060251,-0.1144,0.001036,0.001766
0,0.085752,-0.11834,0.169897,-0.029631,0.157927,0.001352,0.001497,0.002065
0,0.065839,0.091344,-0.025985,0.19597,-0.016458,0.240444,0.001149,0.001594
0,0.129263,-0.060617,0.066426,-0.158372,0.09939,-0.187432,0.002256,0.001058
0,-0.022956,-0.173817,-0.12628,-0.12412,-0.149241,-0.087739,0.000401,0.003034
0,0.070135,-0.001272,0.07541,0.151878,0.055954,0.138876,0.001224,2.2e-05
0,0.000606,-0.152335,-0.067359,-0.154316,-0.115246,-0.167452,1.1e-05,0.002659
0,-0.051468,-0.107725,-0.031655,0.033145,-0.02565,-0.013123,0.000898,0.00188
0,-0.017249,0.006007,0.011958,0.115237,-0.020451,0.162912,0.000301,0.000105
0,0.065292,-0.102164,0.052901,-0.129934,0.020221,-0.126283,0.00114,0.001783
0,-0.10215,-0.002366,-0.13993,0.093384,-0.103102,0.099218,0.001783,4.1e-05
0,0.008117,0.10538,0.117655,0.116169,0.11384,0.156637,0.000142,0.001839
0,-0.013954,-0.105127,-0.031077,-0.199181,0.012045,-0.241929,0.000244,0.001835
0,-0.129961,0.037132,-0.086494,0.162393,-0.065999,0.151056,0.002268,0.000648
0,-0.066058,0.108672,0.055454,0.077733,0.036552,0.074563,0.001153,0.001897
0,-0.073974,-0.094808,-0.026045,-0.182066,-0.006621,-0.181764,0.001291,0.001655
0,-0.22564,-0.016446,-0.179325,0.100644,-0.214491,0.074807,0.00388,0.000287
0,-0.111181,-0.137257,0.106032,-0.099979,0.101138,-0.088629,0.00194,0.002396
0,-0.016296,-0.009573,0.111733,0.156686,0.151189,0.198897,0.000284,0.000167
0,-0.039577,0.034636,-0.046786,0.060198,-0.023656,0.047441,0.000691,0.000605
0,0.048101,-0.087571,0.103908,-0.146354,0.133779,-0.137402,0.00084,0.001528
0,0.069242,-0.010767,0.046065,0.088805,0.081163,0.083298,0.001209,0.000188
0,0.056223,-0.101455,-0.018115,-0.060724,-0.036903,-0.104892,0.000981,0.001771
0,-0.010222,0.04714,-0.053908,0.156959,-0.07617,0.202207,0.000178,0.000823
0,0.000597,-0.032081,0.021176,-0.067153,0.000907,-0.033165,1e-05,0.00056
0,0.023928,0.021213,-0.000838,0.055421,0.045031,0.056675,0.000418,0.00037
0,-0.035666,0.032638,-0.084503,0.040488,-0.080096,-0.001059,0.000622,0.00057
0,-0.036186,0.02901,0.017157,0.02186,0.015853,0.050025,0.000632,0.000506
0,-0.157594,0.052287,-0.149051,0.036653,-0.109727,0.084116,0.002751,0.000913
0,0.064122,-0.071207,0.237291,-0.138961,0.286615,-0.149425,0.001119,0.001243
0,0.011125,0.017276,-0.07086,0.061494,-0.080654,0.086296,0.000194,0.000302
0,-0.089374,-0.0917,-0.080003,-0.085912,-0.073643,-0.084123,0.00156,0.0016
0,-0.163144,0.000421,-0.056171,0.071237,-0.092015,0.039329,0.002847,7e-06
0,-0.051569,0.031902,0.082516,0.012619,0.124755,0.034085,0.0009,0.000557
0,-0.136034,0.04059,-0.079401,-0.018009,-0.111097,0.001554,0.002374,0.000708
0,-0.093019,-0.035259,0.015861,-0.055781,-0.030611,-0.048489,0.001623,0.000615
0,0.002891,-0.094084,0.123753,-0.057895,0.088491,-0.053735,5e-05,0.001642
0,-0.062566,-0.05013,-0.06702,0.065188,-0.067279,0.03923,0.001092,0.000875
0,-0.044309,-0.169588,0.047228,-0.10315,0.095085,-0.110869,0.000773,0.00296
0,-0.097647,0.01674,-0.056766,0.196083,-0.06488,0.192657,0.001704,0.000292
0,-0.117431,-0.082436,-0.042196,-0.119482,0.007542,-0.081848,0.00205,0.001439
0,-0.038384,0.088669,0.068313,0.196672,0.029728,0.231852,0.00067,0.001548
0,-0.005526,0.108469,0.00751,0.041504,-0.032762,0.070017,9.6e-05,0.001893
0,-0.103619,-0.09773,-0.08097,-0.222892,-0.076987,-0.220863,0.001808,0.001706
0,-0.036959,-0.048143,0.076843,0.069711,0.095403,0.043342,0.000645,0.00084
0,-0.201044,-0.088276,-0.176328,-0.047295,-0.19466,-0.049618,0.003509,0.001541
0,0.023727,-0.092256,0.242191,-0.031304,0.280935,0.016155,0.000414,0.00161
0,-0.019229,0.076138,-0.044945,0.1696,-0.03473,0.160478,0.000336,0.001329
0,-0.302713,-0.10109,-0.31041,-0.182351,-0.26195,-0.163889,0.002535,0.001764
0,-0.270225,-0.122016,0.042512,-0.000393,0.053265,0.01076,0.003102,0.00213
0,-0.218186,0.059551,0.040318,0.166871,0.080004,0.180064,0.003808,0.001039
0,-0.037299,0.030995,0.188657,-0.022645,0.222177,0.005683,0.000651,0.000541
0,-0.02683,-0.108415,0.022349,-0.158236,0.049914,-0.127891,0.000468,0.001892
0,-0.210536,-0.130293,-0.167916,-0.038178,-0.195269,-0.059832,0.003675,0.002274
0,-0.091464,-0.108339,0.092374,0.032187,0.111721,0.009662,0.001596,0.001891
0,-0.19637,-0.000236,-0.087876,0.132937,-0.107713,0.085635,0.003427,4e-06
0,-0.209291,-0.073418,0.000251,-0.083194,-0.006973,-0.035457,0.003653,0.001281
0,-0.301902,-0.0985,-0.112481,-0.031364,-0.101979,-0.069598,0.002549,0.001719
0,-0.121313,-0.137375,0.156285,-0.015927,0.139847,-0.016981,0.002117,0.002398
0,-0.033212,0.031816,0.059679,0.188864,0.066398,0.175034,0.00058,0.000555
0,-0.196475,0.008103,-0.16497,-0.02355,-0.17173,0.013513,0.003429,0.000141
0,-0.24477,-0.138567,-0.037459,-0.123088,-0.051165,-0.15801,0.003546,0.002418
0,-0.113235,-0.069944,0.160134,0.089592,0.187171,0.126241,0.001976,0.001221
0,-0.267142,-0.057165,-0.15203,0.003989,-0.107415,0.042241,0.003155,0.000998
0,-0.099168,-0.116818,0.159555,-0.048747,0.164909,-0.073281,0.001731,0.002039
0,-0.253138,0.040466,-0.141329,0.182941,-0.136649,0.221184,0.0034,0.000706
0,-0.019902,-0.13496,0.222302,-0.19934,0.256682,-0.21255,0.000347,0.002355
0,-0.199146,0.090138,-0.203581,0.243636,-0.237997,0.243899,0.003476,0.001573
0,-0.160732,0.09553,0.067455,0.014428,0.057497,0.01534,0.002805,0.001667
0,0.076352,-0.042978,0.22938,-0.147982,0.183794,-0.192439,0.001333,0.00075
0,0.067422,0.061714,0.016745,0.128333,0.005898,0.172925,0.001177,0.001077
0,-0.011274,-0.093186,-0.059647,-0.163465,-0.024075,-0.206777,0.000197,0.001626
0,-0.06606,0.09278,-0.0459,0.157413,-0.089261,0.179445,0.001153,0.001619
0,-0.037729,-0.124669,0.005728,-0.198321,-0.026771,-0.185943,0.000659,0.002176
0,-0.126301,0.103927,-0.107043,0.244825,-0.090561,0.292737,0.002204,0.001814
0,-0.121511,-0.064844,-0.005479,-0.185802,-0.036145,-0.183971,0.002121,0.001132
0,-0.066758,-0.148605,0.032389,-0.090616,0.035535,-0.098414,0.001165,0.002594
0,0.0246,-0.011332,0.075773,0.164364,0.083571,0.21331,0.000429,0.000198
0,-0.084782,-0.106594,-0.100602,-0.110837,-0.070194,-0.074054,0.00148,0.00186
0,0.008762,0.066931,0.09463,0.16569,0.11369,0.203939,0.000153,0.001168
0,-0.182194,-0.000511,-0.197078,-0.050079,-0.17048,-0.050474,0.00318,9e-06
0,-0.181072,-0.052909,-0.022223,-0.03367,-0.068527,-0.028662,0.00316,0.000923
0,-0.232756,-0.097493,-0.024794,-0.033902,-0.072866,-0.016118,0.003756,0.001702
0,-0.029487,0.0729,0.227356,0.196743,0.215098,0.232662,0.000515,0.001272
0,-0.107905,-0.149989,-0.060095,-0.243237,-0.052616,-0.286138,0.001883,0.002618
0,0.031824,0.002484,0.138822,0.153217,0.188608,0.1912,0.000555,4.3e-05
0,-0.072552,-0.141552,-0.12051,-0.14222,-0.147603,-0.182817,0.001266,0.002471
0,0.066714,0.077929,0.15085,0.191474,0.169864,0.21744,0.001164,0.00136
0,-0.06009,-0.013888,-0.14928,-0.121059,-0.195825,-0.144397,0.001049,0.000242
0,-0.114601,-0.093493,-0.064557,-0.103322,-0.084831,-0.136289,0.002,0.001632
0,-0.032977,-0.071316,0.101718,0.03885,0.091087,0.012298,0.000576,0.001245
0,0.006367,0.032376,0.038614,0.13104,0.049589,0.171596,0.000111,0.000565
0,0.002423,0.090676,0.025789,0.080841,0.063797,0.07717,4.2e-05,0.001583
0,0.074222,0.023396,0.101564,-0.052999,0.102939,-0.029363,0.001295,0.000408
0,-0.008782,-0.027691,-0.07605,-0.044376,-0.099754,-0.037071,0.000153,0.000483
0,0.216297,-0.145089,0.21521,-0.116866,0.208946,-0.117226,0.003775,0.002532
0,-0.016918,-0.134056,-0.217363,-0.009003,-0.263976,0.01107,0.000295,0.00234
0,0.013556,0.037433,0.045931,0.18746,0.01489,0.184864,0.000237,0.000653
0,0.08749,0.001369,0.057963,-0.00903,0.043735,0.016365,0.001527,2.4e-05
0,0.060175,0.044789,-0.0472,0.049282,-0.061749,0.028924,0.00105,0.000782
0,0.246719,-0.075782,0.203874,-0.137847,0.195337,-0.10838,0.003512,0.001323
0,-0.054835,-0.041318,-0.276894,0.020213,-0.268052,-0.029509,0.000957,0.000721
0,0.143046,0.074723,0.207872,0.127037,0.163032,0.093735,0.002497,0.001304
0,0.124728,0.15347,-0.032733,0.073972,-0.066548,0.031896,0.002177,0.002679
0,0.212318,-0.001383,0.094902,-0.17899,0.135245,-0.146229,0.003706,2.4e-05
0,0.13862,-0.151933,-0.06479,-0.170714,-0.0338,-0.14603,0.002419,0.002652
0,0.185613,-0.126204,0.051753,0.026777,0.047225,-0.019655,0.00324,0.002203
0,0.017733,0.106314,-0.182945,0.2296,-0.143187,0.25741,0.000309,0.001856
0,-0.025851,-0.038964,-0.064986,-0.140324,-0.05796,-0.129744,0.000451,0.00068
0,0.15347,-0.003855,0.162252,0.043455,0.194011,0.044125,0.002679,6.7e-05
0,-0.032774,0.068758,-0.165534,0.097791,-0.161138,0.059552,0.000572,0.0012
0,0.156241,0.058944,0.166457,-0.021825,0.148548,-0.052421,0.002727,0.001029
0,0.091385,-0.130173,-0.052622,-0.197889,-0.060518,-0.198246,0.001595,0.002272
0,-0.038236,0.094757,-0.154827,0.205859,-0.184528,0.168869,0.000667,0.001654
0,0.198418,0.007147,0.266556,-0.075975,0.313891,-0.112395,0.003463,0.000125
0,0.016802,-0.165634,-0.203948,-0.147621,-0.16093,-0.184371,0.000293,0.002891
0,0.010403,-0.058366,-0.022625,0.125758,-0.038901,0.157899,0.000182,0.001019
0,0.020589,-0.145467,0.02542,-0.107294,0.061919,-0.059095,0.000359,0.002539
0,0.038313,-0.059287,-0.006165,0.082865,0.003626,0.046944,0.000669,0.001035
0,0.17454,-0.106349,0.119496,-0.064463,0.163244,-0.069597,0.003046,0.001856
0,0.023896,-0.14342,-0.158926,-0.011233,-0.119664,0.033547,0.000417,0.002503
0,-0.04645,0.139429,-0.04744,0.253289,-0.012035,0.284512,0.000811,0.002433
0,-0.042326,-0.134879,0.020055,-0.303209,-0.014327,-0.26179,0.000739,0.002354
0,0.002617,-0.038909,0.03938,0.090415,0.014098,0.123677,4.6e-05,0.000679
0,0.126913,-0.126533,0.12896,-0.058101,0.089481,-0.067216,0.002215,0.002208
0,0.143274,0.066628,0.036977,0.216697,-0.008231,0.176928,0.002501,0.001163
0,0.166684,-0.018657,0.047716,-0.076281,0.027689,-0.086442,0.002909,0.000326
0,0.191175,0.016304,-0.000527,0.006452,-0.03991,-0.035932,0.003337,0.000285
0,-0.084017,0.066347,-0.278776,0.03143,-0.270973,0.056751,0.001466,0.001158
0,0.091038,0.024707,0.177729,-0.054721,0.168912,-0.012958,0.001589,0.000431
0,-0.048149,-0.031959,-0.154262,-0.062753,-0.121309,-0.056088,0.00084,0.000558
0,0.142885,-0.193487,0.186483,-0.165394,0.188138,-0.214727,0.002494,0.003377
0,0.004323,-0.103141,-0.124143,0.081047,-0.119621,0.058584,7.5e-05,0.0018
0,-0.158958,0.049826,-0.138603,0.158306,-0.106692,0.177404,0.002774,0.00087
0,-0.007568,-0.15251,0.137502,-0.175253,0.112557,-0.173346,0.000132,0.002662
0,0.108777,-0.186718,0.112868,-0.012483,0.127286,0.018171,0.001899,0.003259
0,-0.035708,-0.042185,-0.161755,0.133915,-0.149746,0.150987,0.000623,0.000736
0,0.063704,-0.065554,0.093913,-0.041065,0.082903,-0.005327,0.001112,0.001144
0,0.152659,-0.085846,0.096076,0.001441,0.04864,0.039218,0.002664,0.001498
0,0.071939,-0.00777,-0.096047,0.049161,-0.086412,0.032817,0.001256,0.000136
0,0.085298,0.056654,0.012662,0.061317,0.002971,0.029137,0.001489,0.000989
0,-0.002267,-0.160271,-0.072967,-0.198122,-0.116887,-0.152753,4e-05,0.002797
0,0.049354,-0.174242,0.02178,0.013176,-0.00658,0.0139,0.000861,0.003041
0,0.103707,-0.053805,0.07479,0.092114,0.039054,0.068633,0.00181,0.000939
0,0.029217,-0.144932,-0.045092,-0.083224,-0.029251,-0.075141,0.00051,0.00253
0,0.016654,-0.068339,-0.029588,0.068946,-0.072091,0.027196,0.000291,0.001193
0,-0.081115,-0.074165,-0.091017,0.009694,-0.066359,0.032265,0.001416,0.001294
0,-0.019985,-0.200928,0.034024,-0.126835,0.005298,-0.148769,0.000349,0.003507
0,0.062559,-0.185721,0.067779,-0.013437,0.101454,-0.011628,0.001092,0.003241
0,0.162976,-0.132559,0.07066,0.08179,0.051333,0.051933,0.002844,0.002314
0,0.108498,-0.083871,-0.043228,0.031818,-0.023515,0.058285,0.001894,0.001464
0,-0.069375,-0.116005,-0.177966,-0.020233,-0.156255,-0.023848,0.001211,0.002025
0,0.058513,-0.127684,0.136714,-0.025944,0.105346,-0.010764,0.001021,0.002228
0,0.109933,-0.025643,0.032479,0.096297,0.051694,0.063651,0.001919,0.000448
0,-0.115058,0.000805,-0.201228,0.018445,-0.212784,-0.023243,0.002008,1.4e-05
0,-0.089428,0.09065,0.042832,0.113075,0.049676,0.107617,0.001561,0.001582
0,1.295786,-0.087061,1.364698,-0.156522,1.343739,-0.164313,0.000838,0.00152
0,2.194702,-0.130996,0.90389,-0.017388,0.909939,0.012082,0.000785,0.002286
0,2.500086,-0.003016,0.319895,0.102311,0.293479,0.122382,0.003273,5.3e-05
0,2.164735,0.005853,-0.3537,-0.008681,-0.364059,-0.024136,0.001308,0.000102
0,1.933488,-0.283463,-0.213613,-0.307318,-0.243012,-0.295132,0.002474,0.002871
0,1.035939,-0.122241,-0.886359,0.158564,-0.882574,0.131769,0.002445,0.002134
0,0.756907,-0.129196,-0.263397,0.021992,-0.256376,-0.01217,0.002425,0.002255
0,0.755151,-0.144129,-0.027135,-0.03949,-0.041548,-0.078555,0.002456,0.002516
0,0.390864,-0.204248,-0.374813,-0.079638,-0.339909,-0.125194,0.000996,0.003565
0,-0.016362,-0.177036,-0.389126,0.004634,-0.382398,-0.024801,0.000286,0.00309
0,0.013948,0.029672,0.03171,0.211606,0.01106,0.210869,0.000243,0.000518
0,-0.043574,0.082855,-0.073867,0.077251,-0.086346,0.105052,0.000761,0.001446
0,0.075912,0.065033,0.136555,-0.029488,0.088649,0.002816,0.001325,0.001135
0,0.009851,-0.172757,-0.05624,-0.211195,-0.020286,-0.190918,0.000172,0.003015
0,0.027314,0.044965,0.03208,0.210108,-0.009471,0.171742,0.000477,0.000785
0,-1.814245,-0.331635,-1.821539,-0.363835,-1.808658,-0.338869,0.000393,0.00203
0,-4.811191,-0.521132,-2.992645,-0.213353,-3.03292,-0.227078,0.002026,0.001278
0,-5.913107,-0.873559,-1.117425,-0.329418,-1.077781,-0.353673,0.001571,0.000389
0,-6.124531,-0.534423,-0.226845,0.322153,-0.216467,0.296112,0.002557,0.00151
0,-5.051518,-0.675655,1.065668,-0.145585,1.1107,-0.095667,0.002169,0.003843
0,-3.414535,-0.487926,1.620612,0.198504,1.603798,0.187713,0.002948,0.000698
0,-2.338824,-0.524485,1.077846,-0.024163,1.112943,-0.001593,0.001731,0.001336
0,-1.827582,-0.507951,0.524008,0.003647,0.543286,-0.029393,0.000626,0.001048
0,-0.815491,-0.150637,0.996498,0.346477,1.037581,0.334885,0.001403,0.002629
0,-0.155833,-0.05893,0.686988,0.082444,0.668953,0.053488,0.00272,0.001029
0,-0.22904,-0.151003,-0.07187,-0.083452,-0.028154,-0.091692,0.00382,0.002636
0,-0.130559,-0.253675,0.114334,-0.10739,0.11042,-0.05817,0.002279,0.00339
0,-0.320183,-0.318195,-0.16026,-0.079054,-0.110397,-0.076162,0.00223,0.002264
0,-0.414543,-0.234473,-0.118629,0.113243,-0.142425,0.077097,0.000583,0.003726
0,-0.324175,-0.198178,0.087249,0.024044,0.099751,0.000292,0.00216,0.003459
0,-0.293749,-0.159245,0.041848,0.05554,0.058834,0.024274,0.002691,0.002779
0,-0.35542,-0.031817,-0.077874,0.127724,-0.09896,0.140487,0.001615,0.000555
0,-0.339296,-0.174321,-0.007264,-0.169385,-0.029199,-0.216618,0.001896,0.003042
0,-0.433511,-0.246906,-0.08793,-0.061169,-0.11629,-0.042418,0.000252,0.003509
0,-0.312998,-0.216002,0.093588,0.04928,0.059712,0.033807,0.002355,0.00377
0,-0.242693,-0.260165,0.062608,-0.062002,0.054393,-0.078501,0.003582,0.003277
0,-0.278073,0.00455,-0.019161,0.254833,0.018103,0.237393,0.002965,7.9e-05
0,-0.181202,-0.128731,0.078484,-0.146397,0.125545,-0.184525,0.003163,0.002247
0,-0.10453,-0.19483,0.076251,-0.048097,0.111037,-0.059582,0.001824,0.0034
0,-0.182611,-0.164852,-0.079639,0.018641,-0.039405,0.007204,0.003187,0.002877
0,-0.188759,-0.257552,0.0125,-0.084517,0.023204,-0.128014,0.003294,0.003323
0,-0.353026,-0.155654,-0.187164,0.076285,-0.172829,0.099351,0.001656,0.002717
0,-0.160841,-0.262693,0.167186,-0.102126,0.155963,-0.086806,0.002807,0.003233
0,-0.134435,-0.22567,0.031175,0.065908,0.021465,0.104215,0.002346,0.003879
0,-0.094804,-0.041804,0.043088,0.191672,0.023507,0.240905,0.001655,0.00073
0,-0.186406,-0.074522,-0.117559,-0.057634,-0.083418,-0.058736,0.003253,0.001301
0,-0.278634,-0.054296,-0.119191,0.027297,-0.133188,0.001848,0.002955,0.000948
0,-0.05956,0.008244,0.199627,0.035982,0.16714,0.032197,0.00104,0.000144
0,-0.1812,-0.006446,-0.110574,0.01452,-0.127157,0.036485,0.003163,0.000113
0,-0.077743,-0.170183,0.112358,-0.168613,0.11553,-0.133855,0.001357,0.00297
0,-0.101233,-0.143142,-0.005011,0.041077,-0.04567,0.061417,0.001767,0.002498
0,-0.147913,0.01658,-0.059967,0.134743,-0.064009,0.115222,0.002582,0.000289
0,-0.128845,0.018425,0.048993,-0.001995,0.063517,-0.02585,0.002249,0.000322
0,-0.252323,-0.02888,-0.104895,-0.066048,-0.075129,-0.035631,0.003414,0.000504
0,-0.132,0.078724,0.09163,0.115277,0.076505,0.157479,0.002304,0.001374
0,-0.020146,0.091996,0.092748,0.029902,0.079054,0.012175,0.000352,0.001606
0,0.001266,0.018786,0.028317,-0.050832,0.061031,-0.031788,2.2e-05,0.000328
0,-0.161375,0.095863,-0.14856,0.101306,-0.165319,0.147622,0.002817,0.001673
0,0.084514,0.015531,0.230688,-0.068096,0.217696,-0.108103,0.001475,0.000271
0,-0.124,-0.042154,-0.199198,-0.03021,-0.167684,-0.048849,0.002164,0.000736
0,-0.073105,-0.112875,0.023614,-0.10059,0.064263,-0.079476,0.001276,0.00197
0,0.073574,0.151379,0.135929,0.254289,0.129971,0.209734,0.001284,0.002642
0,-0.090948,-0.128519,-0.174823,-0.307754,-0.204929,-0.258528,0.001587,0.002243
0,0.169424,0.108394,0.26873,0.209647,0.294406,0.190638,0.002957,0.001892
0,0.037189,0.055913,-0.148137,-0.076967,-0.113134,-0.104465,0.000649,0.000976
0,-0.043025,0.04431,-0.080085,-0.02537,-0.094147,-0.061572,0.000751,0.000773
0,0.052477,-0.124992,0.108292,-0.196985,0.069261,-0.212301,0.000916,0.002182
0,0.005156,-0.091736,-0.039175,0.011478,-0.088144,-0.012248,9e-05,0.001601
0,0.160701,0.07046,0.174869,0.133996,0.139842,0.113613,0.002805,0.00123
0,0.094174,-0.112231,-0.0947,-0.16984,-0.130101,-0.178464,0.001644,0.001959
0,0.030765,-0.155437,-0.053609,-0.023534,-0.043922,-0.057132,0.000537,0.002713
0,0.120594,-0.171603,0.118197,-0.031777,0.079224,0.007172,0.002105,0.002995
0,0.245108,-0.117005,0.14519,0.048612,0.163095,0.013225,0.00354,0.002042
0,0.125068,-0.164714,-0.114308,-0.053738,-0.095562,-0.027351,0.002183,0.002875
0,0.055664,-0.140003,-0.06093,0.024201,-0.027393,-0.02421,0.000972,0.002444
0,0.229698,0.054914,0.181611,0.17405,0.222352,0.190038,0.003809,0.000958
0,0.069471,-0.013074,-0.130771,-0.078591,-0.127389,-0.043045,0.001212,0.000228
0,0.197862,-0.005152,0.1145,-0.018741,0.107349,-0.008463,0.003453,9e-05
0,0.098383,-0.109617,-0.083591,-0.119136,-0.048536,-0.135701,0.001717,0.001913
0,0.207269,0.082387,0.135696,0.21977,0.128857,0.250355,0.003618,0.001438
0,0.006117,-0.129894,-0.22483,-0.214019,-0.274545,-0.180378,0.000107,0.002267
0,0.267636,-0.060178,0.24626,0.077248,0.277397,0.058181,0.003147,0.00105
0,0.279352,0.072732,0.008393,0.108564,0.043373,0.090592,0.002942,0.001269
0,0.082671,-0.10177,-0.176936,-0.18958,-0.174276,-0.194443,0.001443,0.001776
0,0.090092,0.011152,-0.000968,0.126577,0.039571,0.1019,0.001572,0.000195
0,0.0472,0.023487,-0.045936,0.012249,-0.044229,0.033625,0.000824,0.00041
0,0.148603,-0.100394,0.075217,-0.103968,0.065073,-0.139404,0.002594,0.001752
0,0.251741,0.054788,0.086822,0.149496,0.058007,0.157985,0.003424,0.000956
0,0.006262,0.054493,-0.257147,-0.02984,-0.226172,0.006172,0.000109,0.000951
0,0.177125,0.00856,0.189766,-0.041916,0.179384,-0.043997,0.003091,0.000149
0,0.1591,-0.019184,-0.026039,-0.002849,0.007576,-0.008314,0.002777,0.000335
0,-0.096349,-0.002476,-0.252103,0.010243,-0.220407,-0.011477,0.001682,4.3e-05
0,0.14342,0.04651,0.231148,0.069203,0.268671,0.058612,0.002503,0.000812
0,-0.096098,0.014641,-0.238383,-0.018284,-0.268161,-0.032659,0.001677,0.000256
0,-0.023058,-0.100906,0.043232,-0.142515,0.040228,-0.130268,0.000402,0.001761
0,0.168759,0.0617,0.187799,0.151339,0.212454,0.185252,0.002945,0.001077
0,-0.084619,-0.102133,-0.28274,-0.135015,-0.278738,-0.087329,0.001477,0.001783
0,-0.029201,-0.006549,0.070464,0.119059,0.102339,0.168585,0.00051,0.000114
0,0.02639,-0.018003,0.056896,-0.021194,0.023937,0.001011,0.000461,0.000314
0,-0.006502,-0.155546,-0.045109,-0.144109,-0.049923,-0.127567,0.000113,0.002715
0,0.033085,-0.166683,0.025499,0.016181,0.013555,0.063216,0.000577,0.002909
0,0.032066,0.091368,-0.022866,0.277233,-0.072133,0.295638,0.00056,0.001595
0,0.143625,-0.122697,0.115421,-0.206411,0.160459,-0.158608,0.002507,0.002141
0,0.144125,-0.130402,0.009116,0.002637,0.055947,0.013853,0.002515,0.002276
0,0.143746,0.043163,0.014807,0.180582,0.053471,0.210216,0.002509,0.000753
0,0.308313,-0.060946,0.147598,-0.114995,0.119698,-0.143185,0.002437,0.001064
0,0.215151,-0.124091,-0.068723,-0.050894,-0.038038,-0.001325,0.003755,0.002166
0,0.125126,0.085178,-0.104762,0.210061,-0.063805,0.236564,0.002184,0.001487
0,0.257192,0.091247,0.161843,-0.021456,0.159997,-0.002075,0.003329,0.001593
0,-0.409415,0.11508,-0.655224,0.040133,-0.670217,0.056797,0.000672,0.002009
0,-0.610292,0.150622,-0.177178,0.038094,-0.199423,0.017152,0.002834,0.002629
0,-1.026268,0.322366,-0.408232,0.142109,-0.4109,0.115145,0.002276,0.002192
0,-0.984807,0.300242,0.013191,-0.012802,0.00394,0.027125,0.001552,0.002578
0,-1.142209,0.191994,-0.136572,-0.086171,-0.105154,-0.040832,0.003518,0.003351
0,-1.036011,0.137964,0.076976,-0.033528,0.099742,-0.018878,0.002446,0.002408
0,-0.972293,0.18093,0.079477,0.058971,0.065156,0.0568,0.001334,0.003158
0,-0.845578,0.335986,0.133264,0.181702,0.135149,0.155612,0.000878,0.001954
0,-0.414745,0.082633,0.458952,-0.258729,0.410441,-0.244501,0.000579,0.001442
0,-0.255624,0.089211,0.179796,-0.018433,0.162039,-0.022299,0.003356,0.001557
0,-0.159324,-0.017994,0.115493,-0.130669,0.068271,-0.135976,0.002781,0.000314
0,-0.08771,-0.046601,0.047603,-0.05036,0.096039,-0.088583,0.001531,0.000813
0,0.139902,0.007952,0.239517,0.046214,0.237711,0.071755,0.002442,0.000139
0,-0.021455,0.010343,-0.149017,0.021,-0.138915,0.045152,0.000374,0.000181
0,-0.070386,0.209397,-0.057318,0.225666,-0.021826,0.187905,0.001228,0.003655
0,0.025022,-0.037063,0.117225,-0.260325,0.075819,-0.220122,0.000437,0.000647
0,0.057992,-0.01392,0.024557,0.031754,0.072492,0.057788,0.001012,0.000243
0,-0.123827,-0.049512,-0.151999,-0.041035,-0.185861,-0.052019,0.002161,0.000864
0,0.03429,-0.028905,0.169064,0.020214,0.162857,0.016158,0.000598,0.000504
0,-0.147569,0.177796,-0.201137,0.184788,-0.176395,0.210883,0.002576,0.003103
0,-0.105053,-0.080904,0.018333,-0.238716,0.061517,-0.198731,0.001834,0.001412
0,0.046478,0.009578,0.175906,0.067032,0.167278,0.081014,0.000811,0.000167
0,-0.105262,-0.006231,-0.172606,0.005735,-0.209712,-0.012976,0.001837,0.000109
0,-0.067299,0.223621,0.027709,0.209238,-0.021956,0.162247,0.001175,0.003903
0,-0.079716,-0.062457,-0.001095,-0.290812,-0.026574,-0.331529,0.001391,0.00109
0,-0.098459,0.094936,-0.021848,0.168664,0.026157,0.150349,0.001718,0.001657
0,0.093068,0.172229,0.184684,0.09047,0.13971,0.075024,0.001624,0.003006
0,-0.019269,0.153937,-0.108746,-0.025795,-0.093806,-0.050479,0.000336,0.002687
0,0.032697,0.151038,0.059657,0.000143,0.010742,-0.048824,0.000571,0.002636
0,-0.054344,0.089896,-0.104359,-0.077585,-0.103413,-0.121789,0.000948,0.001569
0,-0.095284,-0.084031,-0.069768,-0.175964,-0.086916,-0.212852,0.001663,0.001467
0,0.062316,0.00612,0.146645,0.101854,0.137482,0.080194,0.001088,0.000107
0,-0.101884,-0.112993,-0.171012,-0.117742,-0.151011,-0.076519,0.001778,0.001972
0,-0.038423,-0.107893,0.092627,0.016075,0.080083,-0.024811,0.000671,0.001883
0,-0.180592,0.102903,-0.160942,0.184787,-0.201891,0.202673,0.003152,0.001796
0,-0.112521,-0.119385,0.089733,-0.20608,0.08061,-0.222674,0.001964,0.002084
0,-0.005768,0.092405,0.135397,0.220119,0.086045,0.231502,0.000101,0.001613
0,0.074583,0.038082,0.087332,-0.031263,0.07136,-0.02365,0.001302,0.000665
0,0.045134,0.077559,-0.000407,0.062208,0.028197,0.082862,0.000788,0.001354
0,-0.055633,-0.059967,-0.079737,-0.110057,-0.037777,-0.137831,0.000971,0.001047
0,0.101263,-0.023233,0.149134,0.014904,0.131841,0.033591,0.001767,0.000405
0,-0.053482,0.014456,-0.149972,0.031279,-0.138309,0.015519,0.000933,0.000252
0,0.048242,0.092187,0.076742,0.093367,0.081677,0.071465,0.000842,0.001609
0,-0.077788,0.060162,-0.146083,-0.041527,-0.133295,-0.054651,0.001358,0.00105
0,0.075615,0.070358,0.125875,-0.018048,0.106676,-0.063368,0.00132,0.001228
0,0.026597,-0.054175,-0.067636,-0.134274,-0.057535,-0.084843,0.000464,0.000946
0,-0.11579,-0.14622,-0.115073,-0.069299,-0.086052,-0.096509,0.002021,0.002552
0,0.073612,-0.112801,0.196997,0.043309,0.187496,0.064113,0.001285,0.001969
0,0.033486,-0.065626,-0.057919,0.032358,-0.092919,0.027636,0.000584,0.001145
0,-0.061385,0.011719,-0.067403,0.107173,-0.082098,0.130612,0.001071,0.000205
0,-0.084093,0.068537,0.003463,0.052183,-0.035722,0.049056,0.001468,0.001196
0,-1.441435,0.099482,-1.349242,0.028069,-1.371786,0.02307,0.001704,0.001736
0,-3.03474,0.07834,-1.621749,-0.019133,-1.581221,-0.007623,0.001759,0.001367
0,-3.044766,0.228163,0.010228,0.120302,0.038586,0.140502,0.001584,0.003836
0,-3.220311,0.27183,-0.170869,0.072021,-0.196124,0.05256,0.00148,0.003074
0,-3.435295,0.170854,-0.211591,-0.103761,-0.218565,-0.124556,0.002586,0.002982
0,-3.087107,0.086605,0.375559,-0.073866,0.364377,-0.070766,0.000845,0.001512
0,-2.534508,-0.005157,0.538981,-0.078608,0.587301,-0.082202,0.002672,9e-05
0,-1.562671,0.021285,0.997011,0.015212,1.022384,0.004623,0.00382,0.000371
0,-0.936339,0.086025,0.629033,0.048146,0.610815,0.030298,0.000706,0.001501
0,-0.805897,0.041394,0.136762,-0.049798,0.088172,-0.067605,0.00157,0.000722
0,-0.120819,0.043119,0.685891,0.002714,0.640327,0.052621,0.002109,0.000753
0,0.023295,0.159788,0.151435,0.090704,0.138849,0.137575,0.000407,0.002789
0,0.492755,1.007951,0.441473,0.868005,0.41313,0.913594,0.000782,0.001956
0,0.931537,1.092915,0.434256,0.092349,0.419011,0.09468,0.000623,0.003439
0,0.652188,1.46694,-0.284267,0.364398,-0.329405,0.329459,0.003565,0.002149
0,0.656619,1.401471,0.028342,-0.042264,0.007034,0.004964,0.003642,0.001007
0,0.653799,1.301167,-0.003405,-0.125431,0.013848,-0.162739,0.003593,0.000744
0,0.263897,0.946828,-0.394276,-0.371694,-0.440183,-0.38932,0.003212,0.00089
0,0.410896,0.884214,0.137585,-0.082476,0.13488,-0.047947,0.000646,0.000203
0,0.309255,0.512003,-0.095139,-0.371937,-0.073139,-0.334478,0.00242,0.001118
0,0.138045,0.415869,-0.154984,-0.066543,-0.18177,-0.024125,0.002409,0.00056
0,-0.076388,0.219684,-0.226203,-0.210235,-0.251389,-0.195879,0.001333,0.003834
0,0.142137,0.090422,0.232251,-0.139867,0.189111,-0.150301,0.002481,0.001578
0,-0.075594,-0.117155,-0.210183,-0.188562,-0.207763,-0.233346,0.001319,0.002045
0,-0.207898,-0.137527,-0.157758,0.005067,-0.166713,-0.030429,0.003628,0.0024
0,0.00707,-0.238028,0.204981,-0.125284,0.235859,-0.150978,0.000123,0.003664
0,-0.138313,-0.045551,-0.151253,0.172618,-0.152471,0.136082,0.002414,0.000795
0,-0.23929,-0.851969,-0.096267,-0.806116,-0.123173,-0.756803,0.003641,0.000766
0,-0.159645,-0.959924,0.057434,-0.109745,0.07751,-0.115951,0.002786,0.001118
0,-0.370842,-1.424714,-0.187411,-0.490112,-0.172601,-0.530779,0.001345,0.001412
0,-0.247268,-1.336577,0.109372,0.069251,0.140213,0.06639,0.003502,0.000126
0,-0.482576,-1.126299,-0.211964,0.229604,-0.19727,0.200545,0.000605,0.003796
0,-0.258169,-1.013649,0.206585,0.123102,0.190383,0.146093,0.003312,0.002056
0,-0.241178,-0.57014,0.01621,0.462277,0.043275,0.47292,0.003609,0.002133
0,-0.052707,-0.615272,0.176926,-0.061055,0.190608,-0.013705,0.00092,0.002921
0,0.142539,-0.380619,0.20635,0.235243,0.169959,0.274123,0.002488,0.001175
0,0.108834,-0.265068,-0.031347,0.125905,-0.069548,0.112108,0.0019,0.003192
0,0.095721,-0.051549,-0.023939,0.223743,-0.049493,0.196465,0.001671,0.0009
0,0.158496,-0.005825,0.066819,0.050641,0.070637,0.065984,0.002766,0.000102
0,0.100981,0.247783,-0.074972,0.256832,-0.085347,0.256322,0.001762,0.003493
0,0.180009,0.353837,0.087734,0.121064,0.101533,0.115736,0.003142,0.001642
0,0.073231,0.299634,-0.131397,-0.028178,-0.128432,-0.077395,0.001278,0.002588
0,0.227343,-0.01902,0.162442,-0.30286,0.181934,-0.288273,0.00385,0.000332
0,0.223928,-0.032084,0.009941,-0.013404,0.057784,-0.001048,0.003908,0.00056
0,0.170311,0.153722,-0.078479,0.166108,-0.042176,0.155779,0.002972,0.002683
0,0.175305,-0.034687,0.027127,-0.190376,0.054195,-0.230115,0.00306,0.000605
0,0.208241,-0.050875,0.040662,0.009302,0.054434,-0.002207,0.003634,0.000888
0,-0.045209,0.043613,-0.248095,0.085199,-0.294043,0.047412,0.000789,0.000761
0,-0.047851,0.019228,0.024133,-0.003728,0.051468,-0.019486,0.000835,0.000336
0,-0.047449,0.090336,-0.018516,0.044122,0.009133,0.020475,0.000828,0.001577
0,0.120646,0.129663,0.180558,0.046374,0.142802,0.078047,0.002106,0.002263
0,-0.1421,-0.009992,-0.259125,-0.168518,-0.229849,-0.180086,0.00248,0.000174
0,-0.038671,0.208133,0.084112,0.210363,0.117085,0.177751,0.000675,0.003633
0,-0.053183,-0.092488,0.006341,-0.304035,-0.028201,-0.313642,0.000928,0.001614
0,-0.014557,0.070592,0.051813,0.146013,0.049107,0.192975,0.000254,0.001232
0,-0.146892,0.078731,-0.116033,0.006936,-0.089169,-0.00521,0.002564,0.001374
0,-0.114311,-0.077842,0.030537,-0.15131,0.078002,-0.164168,0.001995,0.001359
0,-0.063437,0.183354,0.025455,0.279702,0.054455,0.306915,0.001107,0.0032
0,0.046524,0.226197,0.102284,0.027802,0.106686,-4.9e-05,0.000812,0.00387
0,-0.172109,-0.051161,-0.237489,-0.299417,-0.213791,-0.303128,0.003004,0.000893
0,-0.195582,0.232052,-0.04777,0.292022,-0.043875,0.292169,0.003414,0.003768
0,0.04889,0.074049,0.216046,-0.145521,0.189861,-0.117353,0.000853,0.001292
0,-0.005784,0.14559,-0.024675,0.057774,-0.014499,0.096395,0.000101,0.002541
0,-0.251994,0.209623,-0.270675,0.072834,-0.315141,0.026269,0.00342,0.003659
0,-0.16593,0.170812,0.100222,-0.060851,0.095116,-0.02278,0.002896,0.002981
0,-0.017656,0.107678,0.148927,-0.079554,0.148179,-0.036292,0.000308,0.001879
0,-0.183667,0.098363,-0.189054,-0.010802,-0.200766,-0.046927,0.003206,0.001717
0,-0.016054,0.106103,0.191842,-0.013147,0.216596,-0.026184,0.00028,0.001852
0,-0.088044,0.107748,-0.070438,0.016577,-0.107132,0.066322,0.001537,0.001881
0,-0.205181,-0.105642,-0.126225,-0.21781,-0.1491,-0.25018,0.003581,0.001844
0,-0.022041,0.094597,0.170333,0.223821,0.183711,0.242511,0.000385,0.001651
0,0.063396,0.097199,0.087203,0.014827,0.128117,0.002811,0.001106,0.001696
0,-0.08936,0.100962,-0.141574,-0.023523,-0.173465,0.008807,0.00156,0.001762
0,-0.104169,0.089756,-0.034797,-0.006651,-0.017949,-0.04542,0.001818,0.001567
0,-0.180746,-0.100877,-0.050375,-0.184463,-0.01547,-0.135809,0.003155,0.001761
0,-0.177088,-0.148186,-0.001021,-0.067218,-0.006116,-0.077807,0.003091,0.002586
0,-0.143065,0.099272,0.023223,0.270564,0.056014,0.289785,0.002497,0.001733
0,-0.267169,0.08455,-0.13516,-0.032462,-0.151239,-0.068296,0.003155,0.001476
0,-0.223917,-0.071739,0.03124,-0.17081,0.03248,-0.172941,0.003908,0.001252
0,-0.260809,-0.06461,-0.015679,0.013858,0.013227,0.032986,0.003266,0.001128
0,-0.083049,0.101845,0.197673,0.172766,0.225963,0.164642,0.001449,0.001778
0,-0.136927,-0.150244,-0.050208,-0.254588,-0.099649,-0.233805,0.00239,0.002622
0,-0.200543,-0.124404,-0.061967,0.038202,-0.041938,-0.005589,0.0035,0.002171
0,0.028715,0.026234,0.225886,0.149605,0.19188,0.172439,0.000501,0.000458
0,0.085483,-0.085048,0.058805,-0.114971,0.074981,-0.134038,0.001492,0.001484
0,0.064239,-0.115991,0.005331,-0.016213,-0.033096,0.006172,0.001121,0.002024
0,0.025679,-0.172035,-0.057419,-0.068208,-0.105094,-0.038813,0.000448,0.003003
0,-0.194298,-0.022669,-0.231279,0.163985,-0.276398,0.14544,0.003391,0.000396
0,-0.198187,-0.146532,0.017143,-0.153224,-0.013671,-0.196786,0.003459,0.002557
0,-0.065931,0.074284,0.111822,0.192722,0.090822,0.160694,0.001151,0.001296
0,-0.096632,-0.0468,-0.0605,-0.139832,-0.104154,-0.123502,0.001687,0.000817
0,-0.093702,-0.015687,-0.010962,0.022979,-0.004877,-0.008039,0.001635,0.000274
0,0.085642,-0.053573,0.178161,-0.030105,0.219821,0.014265,0.001495,0.000935
0,0.052747,0.10818,-0.040044,0.139937,-0.003253,0.090964,0.000921,0.001888
0,0.014617,-0.11167,-0.015545,-0.195765,-0.016433,-0.223194,0.000255,0.001949
0,-0.10468,0.074618,-0.107057,0.160062,-0.081947,0.190648,0.001827,0.001302
0,-0.133892,-0.095396,-0.001124,-0.152078,0.013142,-0.19882,0.002337,0.001665
0,0.061612,0.121732,0.185136,0.212339,0.179471,0.209707,0.001075,0.002125
0,-0.126552,0.157728,-0.208826,0.011678,-0.204088,0.057486,0.002209,0.002753
0,-0.100653,0.055819,0.010416,-0.075714,0.019242,-0.027294,0.001757,0.000974
0,0.052211,-0.032006,0.147885,-0.099319,0.152351,-0.093445,0.000911,0.000559
0,-0.02514,-0.037467,-0.072566,0.010226,-0.080556,-0.003208,0.000439,0.000654
0,-0.077917,-0.067832,-0.04972,-0.035389,-0.053555,-0.005388,0.00136,0.001184
0,0.076206,0.000378,0.169876,0.070003,0.210616,0.049824,0.00133,7e-06
0,0.057854,0.098427,-0.045703,0.080918,-0.053015,0.123892,0.00101,0.001718
0,-0.037391,-0.12917,-0.093474,-0.254331,-0.141568,-0.225859,0.000653,0.002254
0,0.153954,0.096606,0.214964,0.220233,0.261601,0.2316,0.002687,0.001686
0,-0.017134,-0.065057,-0.142631,-0.183902,-0.13231,-0.155662,0.000299,0.001135
0,-0.00343,0.015782,0.01897,0.10055,-0.012633,0.141558,6e-05,0.000275
0,0.142544,0.005184,0.118269,-0.012903,0.167017,0.001613,0.002488,9e-05
0,0.283209,-0.090806,0.148405,-0.09643,0.161704,-0.059554,0.002875,0.001585
0,0.192983,0.023023,-0.105604,0.097795,-0.087258,0.106509,0.003368,0.000402
0,0.289587,-0.113729,0.108975,-0.164004,0.092272,-0.187235,0.002764,0.001985
0,0.245196,0.107498,-0.028041,0.206124,-0.03709,0.196623,0.003538,0.001876
0,-0.013084,-0.125698,-0.259102,-0.210516,-0.294167,-0.193206,0.000228,0.002194
0,0.138883,0.088429,0.147576,0.240824,0.113824,0.27071,0.002424,0.001543
0,0.003918,0.054789,-0.144547,-0.039177,-0.102848,-0.030714,6.8e-05,0.000956
0,-0.026157,0.059642,-0.025357,-0.016737,-0.068548,-0.009125,0.000457,0.001041
0,0.10218,-0.130897,0.154811,-0.19478,0.144376,-0.178236,0.001783,0.002285
0,-0.049915,-0.067128,-0.158636,0.065887,-0.135124,0.079654,0.000871,0.001172
0,-0.02195,-0.066985,0.040635,-0.017559,0.074607,-0.043255,0.000383,0.001169
0,0.021875,0.039503,0.023897,0.108318,0.06922,0.140887,0.000382,0.000689
0,0.034797,-0.128082,-0.001536,-0.181437,-0.008274,-0.205415,0.000607,0.002235
0,-0.107021,0.122665,-0.162709,0.250848,-0.1575,0.269666,0.001868,0.002141
0,-0.053318,0.089985,0.067243,-0.0172,0.066839,-0.040636,0.000931,0.001571
0,0.007466,0.057902,0.065551,-0.024233,0.076567,-0.00105,0.00013,0.001011
0,-0.025495,0.135825,-0.009346,0.075599,-0.015066,0.082305,0.000445,0.002371
0,0.139256,0.14747,0.168831,-0.013583,0.211425,-0.030301,0.00243,0.002574
0,-0.112403,0.105818,-0.229445,-0.070982,-0.201396,-0.03696,0.001962,0.001847
0,0.122398,0.071242,0.252864,-0.054267,0.271948,-0.090801,0.002136,0.001243
0,0.01104,-0.090624,-0.111442,-0.154981,-0.157854,-0.204391,0.000193,0.001582
0,0.161917,0.03227,0.127789,0.115412,0.116959,0.138313,0.002826,0.000563
0,0.160005,-0.002775,-0.000701,-0.032419,0.043546,-0.023679,0.002793,4.8e-05
0,-0.09044,0.096049,-0.243874,0.126613,-0.266591,0.172261,0.001578,0.001676
0,0.082557,-0.086261,0.15863,-0.184305,0.116428,-0.216116,0.001441,0.001506
0,-0.028733,0.070854,-0.124328,0.165892,-0.11019,0.177586,0.000501,0.001237
0,-0.01549,0.0103,0.034365,-0.080288,0.070071,-0.093111,0.00027,0.00018
0,-0.047485,-0.133685,-0.040962,-0.164901,-0.031701,-0.207065,0.000829,0.002333
0,0.107287,-0.121143,0.162735,0.029579,0.186946,0.022388,0.001873,0.002114
0,-0.038606,0.024695,-0.138916,0.12237,-0.18378,0.103737,0.000674,0.000431
0,-0.048179,0.033822,0.010161,0.038134,-0.018631,0.027544,0.000841,0.00059
0,0.039744,0.123632,0.106344,0.061757,0.149806,0.027798,0.000694,0.002158
0,0.022597,0.096008,-0.036375,-0.017438,-0.081807,0.016156,0.000394,0.001676
0,-0.010647,0.097736,-0.012587,0.002913,0.01679,0.019371,0.000186,0.001706
0,0.249415,-0.134918,0.243663,-0.247555,0.288918,-0.279136,0.003465,0.002355
0,1.971109,0.678996,1.72512,0.837034,1.751318,0.808858,0.003131,0.003785
0,3.372508,0.79753,1.40758,0.123138,1.375563,0.152668,0.003682,0.001716
0,3.226451,0.914945,-0.163961,0.108449,-0.134452,0.073964,0.001587,0.000333
0,3.139414,1.057845,-0.09024,0.127027,-0.070576,0.142732,6.8e-05,0.002827
0,2.410163,1.298469,-0.745707,0.261381,-0.762314,0.245449,0.002976,0.000791
0,1.965934,1.010038,-0.426598,-0.316552,-0.462285,-0.347874,0.003041,0.001993
0,1.681863,1.022576,-0.297327,0.019967,-0.252329,0.022984,0.001917,0.002212
0,0.815236,1.02909,-0.859053,-0.012832,-0.872198,-0.031173,0.001407,0.002325
0,0.480284,0.700534,-0.307636,-0.356836,-0.320805,-0.360809,0.000565,0.003409
0,0.097843,0.415636,-0.378639,-0.306772,-0.34841,-0.34024,0.001708,0.000564
0,0.049787,0.383393,-0.052925,-0.021339,-0.013183,0.026362,0.000869,0.001126
0,0.0149,0.092774,-0.02568,-0.281635,-0.048271,-0.23847,0.00026,0.001619
0,0.033253,0.13291,0.012979,0.050415,0.062849,0.078465,0.00058,0.00232
0,0.032342,-0.232281,-0.030422,-0.364477,-0.022434,-0.378937,0.000564,0.003764
0,0.023692,-0.064153,0.019634,0.171426,0.006565,0.129175,0.000414,0.00112
0,-0.279692,-0.199571,-0.317815,-0.163821,-0.314003,-0.137744,0.002936,0.003483
0,-0.001212,0.028056,0.280405,0.204286,0.289507,0.224767,2.1e-05,0.00049
0,-0.180913,-0.073419,-0.20287,-0.100251,-0.212236,-0.129311,0.003158,0.001281
0,0.023619,0.06052,0.179762,0.113655,0.229129,0.079209,0.000412,0.001056
0,-0.016757,0.070302,-0.067637,0.037585,-0.044702,0.018124,0.000292,0.001227
0,0.075356,0.017439,0.068755,-0.068264,0.117005,-0.033652,0.001315,0.000304
0,-0.005269,-0.095569,-0.064905,-0.086166,-0.057787,-0.070186,9.2e-05,0.001668
0,0.009796,0.113166,0.018665,0.179899,0.029655,0.166571,0.000171,0.001975
0,-0.030406,-0.038021,-0.019539,-0.168344,-0.058407,-0.154723,0.000531,0.000664
0,-0.058399,-0.129163,-0.025094,-0.104812,-0.019727,-0.094127,0.001019,0.002254
0,0.047603,-0.122124,0.096589,0.016193,0.121703,0.02925,0.000831,0.002131
0,-0.155558,0.06715,-0.177131,0.215409,-0.207379,0.244972,0.002715,0.001172
0,-0.182554,-0.081458,-0.049582,-0.139131,-0.084298,-0.167509,0.003186,0.001422
0,-0.134345,-0.094126,0.045846,0.007862,0.026256,0.024181,0.002345,0.001643
0,-0.120512,0.037423,0.041526,0.155256,0.023486,0.177032,0.002103,0.000653
0,-0.158158,-0.02894,-0.032488,-0.065406,-0.066911,-0.03778,0.00276,0.000505
0,-0.170964,-0.099444,-0.024363,-0.091476,-0.035379,-0.140643,0.002984,0.001736
0,-0.026353,-0.149477,0.16714,-0.050926,0.215931,-0.028033,0.00046,0.002609
0,-0.175246,-0.036205,-0.158452,0.114701,-0.200673,0.083395,0.003059,0.000632
0,-0.192635,-0.088753,-0.012434,-0.064929,-0.045764,-0.07221,0.003362,0.001549
0,-0.103539,-0.02903,0.090809,0.054551,0.107091,0.096211,0.001807,0.000507
0,-0.12495,-0.139158,-0.026117,-0.1227,-0.020712,-0.106874,0.002181,0.002429
0,-0.190048,-0.092523,-0.036252,0.032043,-0.050216,0.064531,0.003317,0.001615
0,0.033828,-0.119536,0.202826,-0.009489,0.210955,-0.05031,0.00059,0.002086
0,0.031051,0.001185,-0.023846,0.13615,-0.045071,0.18536,0.000542,2.1e-05
0,0.118178,0.146649,0.091999,0.126628,0.078955,0.129856,0.002063,0.00256
0,-0.039086,-0.098615,-0.136386,-0.271849,-0.150155,-0.284243,0.000682,0.001721
0,-0.095103,0.102511,-0.050877,0.202992,-0.002261,0.155489,0.00166,0.001789
0,-0.043271,-0.003726,0.066192,-0.08685,0.080413,-0.119962,0.000755,6.5e-05
0,0.136175,-0.005537,0.199864,0.00464,0.248752,0.026679,0.002377,9.7e-05
0,-0.140163,-0.076933,-0.248961,-0.071196,-0.22877,-0.050811,0.002446,0.001343
0,0.040641,0.054243,0.181281,0.125769,0.20987,0.114002,0.000709,0.000947
0,0.006628,0.150422,-0.034105,0.071676,-0.059928,0.118255,0.000116,0.002625
0,0.085723,0.101885,0.105182,-0.06682,0.084226,-0.062481,0.001496,0.001778
0,0.102725,-0.073312,-0.001544,-0.165811,-0.035674,-0.18588,0.001793,0.00128
0,0.177892,0.035312,0.098841,0.122416,0.136846,0.129369,0.003105,0.000616
0,0.192828,0.045372,0.0045,-0.013037,0.047729,0.02594,0.003365,0.000792
0,-0.03151,-0.008186,-0.211321,-0.06664,-0.256366,-0.090131,0.00055,0.000143
0,0.390041,0.3791,0.432032,0.380444,0.383093,0.385882,0.00101,0.001201
0,0.942573,0.211766,0.574568,-0.152074,0.620138,-0.161301,0.000815,0.003696
0,0.793524,0.469445,-0.139212,0.248,-0.114586,0.247075,0.001786,0.000375
0,1.039517,0.266774,0.222892,-0.198308,0.230283,-0.208053,0.002507,0.003162
0,0.872206,0.427835,-0.167487,0.188255,-0.217417,0.18841,0.000413,0.000351
0,0.622281,0.306537,-0.221558,-0.145059,-0.197997,-0.158933,0.003043,0.002468
0,0.500852,0.199073,-0.126753,-0.115825,-0.14652,-0.149939,0.000924,0.003474
0,0.505322,-0.075354,0.02952,-0.245948,-0.017102,-0.293137,0.001002,0.001315
0,0.255836,-0.04869,-0.250057,0.047842,-0.213003,-0.001171,0.003353,0.00085
0,0.388042,-0.014013,0.148828,0.063248,0.130304,0.022092,0.001045,0.000245
0,-0.052883,-0.090932,-0.467652,-0.1014,-0.454508,-0.12742,0.000923,0.001587
0,0.081058,-0.129612,0.150363,-0.031342,0.113791,-0.061779,0.001415,0.002262
0,-0.064072,0.129299,-0.153131,0.28474,-0.14557,0.239686,0.001118,0.002257
0,0.008843,0.061214,0.05879,-0.040266,0.096796,-0.020152,0.000154,0.001068
0,0.044656,0.024748,0.032055,-0.01826,0.002829,0.019509,0.000779,0.000432
0,-0.10898,-0.034547,-0.176535,-0.049467,-0.129917,-0.021622,0.001902,0.000603
0,-0.00272,0.024238,0.116309,0.0523,0.097829,0.099253,4.7e-05,0.000423
0,-0.09015,-0.120357,-0.105102,-0.115585,-0.139676,-0.15178,0.001573,0.002101
0,0.151374,0.06886,0.265325,0.165197,0.288464,0.139947,0.002642,0.001202
0,-0.096456,0.009977,-0.261159,-0.036938,-0.213332,0.005553,0.001683,0.000174
0,-0.018968,0.084651,0.106712,0.090488,0.079735,0.061617,0.000331,0.001477
0,0.043199,-0.031401,0.085807,-0.118161,0.042834,-0.136688,0.000754,0.000548
0,-0.093941,-0.174829,-0.135818,-0.167654,-0.179066,-0.1235,0.00164,0.003051
0,-0.008077,-0.005117,0.103907,0.153166,0.147793,0.114066,0.000141,8.9e-05
0,-0.025421,-0.025958,0.011671,-0.03495,0.056961,-0.042932,0.000444,0.000453
0,-0.093985,0.131713,-0.059312,0.139735,-0.027614,0.172544,0.00164,0.002299
0,-0.076159,-0.067273,0.000696,-0.189036,0.022145,-0.180034,0.001329,0.001174
0,-0.091922,-0.132455,-0.022467,-0.056361,-0.007531,-0.033274,0.001604,0.002312
0,-0.055016,0.030815,0.02998,0.1672,0.013384,0.135779,0.00096,0.000538
0,0.170787,-0.037971,0.235017,-0.096468,0.264326,-0.143815,0.002981,0.000663
0,0.069965,-0.089446,-0.098024,-0.033052,-0.076448,-0.066653,0.001221,0.001561
0,0.173149,-0.082196,0.108188,-0.00932,0.12872,-0.056002,0.003022,0.001435
0,0.193456,-0.071866,0.040302,-0.017415,0.013173,0.018965,0.003376,0.001254
0,0.111801,0.061284,-0.106244,0.129438,-0.069894,0.159464,0.001951,0.00107
0,0.093367,0.094325,-0.000964,0.042531,0.042936,0.029558,0.00163,0.001646
0,0.013343,-0.174088,-0.088287,-0.289706,-0.099698,-0.265751,0.000233,0.003038
0,0.148734,-0.072171,0.143719,0.083587,0.129913,0.077945,0.002596,0.00126
0,0.011204,0.092437,-0.120448,0.147817,-0.140869,0.182965,0.000196,0.001613
0,0.098495,-0.151059,0.094867,-0.26909,0.052259,-0.308411,0.001719,0.002636
0,-3.840244,-1.043228,-3.926232,-0.869557,-3.894223,-0.850529,0.003336,0.002572
0,-4.123016,-0.945646,-0.291233,0.12022,-0.334811,0.086124,0.001599,0.000869
0,-4.395284,-1.169578,-0.300897,-0.197838,-0.280997,-0.183145,0.001467,0.003041
0,-4.386085,-1.08977,-0.002552,0.072982,-0.04351,0.061598,0.001627,0.003384
0,-3.690492,-1.200544,0.678489,-0.127169,0.717805,-0.159891,0.001868,0.0025
0,-2.965533,-1.144645,0.727811,0.034892,0.740267,0.006738,0.002967,0.003476
0,-1.962932,-0.601426,1.025553,0.524358,1.054831,0.531698,0.002988,0.002679
0,-1.306998,-0.377037,0.641463,0.231221,0.679725,0.242924,0.000642,0.001237
0,-0.655087,-0.228659,0.67409,0.138988,0.718977,0.132829,0.003616,0.003827
0,-0.231863,-0.158696,0.441232,0.053014,0.424663,0.091999,0.003771,0.00277
0,0.135125,-0.009123,0.362529,0.132537,0.326402,0.132343,0.002358,0.000159
0,0.641365,0.120928,0.501436,0.107028,0.485902,0.113651,0.003376,0.002111
0,0.50978,-0.009133,-0.104101,-0.114389,-0.145273,-0.070682,0.001079,0.000159
0,0.466571,0.227099,-0.02715,0.216477,-0.034638,0.192,0.000325,0.003854
0,-0.221783,-1.061724,-0.663796,-1.313872,-0.650581,-1.306555,0.003871,0.002895
0,-1.05798,-2.244435,-0.82897,-1.161453,-0.821176,-1.165778,0.002829,8.3e-05
0,-2.156964,-2.071501,-1.115838,0.157252,-1.110564,0.176617,0.001443,0.002935
0,-2.280144,-2.648139,-0.129319,-0.570579,-0.142507,-0.541066,0.000707,0.000689
0,-2.150234,-2.327113,0.145666,0.309728,0.190686,0.341624,0.001561,0.001526
0,-1.445732,-2.102825,0.731841,0.221976,0.766778,0.189791,0.001779,0.002388
0,-1.211183,-1.833226,0.253635,0.269463,0.288313,0.285686,0.002314,0.000724
0,-0.757331,-1.095152,0.455708,0.709127,0.450733,0.743504,0.002418,0.003478
0,-0.846616,-0.840391,-0.089355,0.252643,-0.043405,0.273687,0.00086,0.000968
0,-0.6913,-0.26569,0.129269,0.599814,0.137993,0.585893,0.00357,0.003181
0,-0.289902,-0.139301,0.430452,0.129816,0.427697,0.119506,0.002758,0.002431
0,-0.08398,0.217904,0.183717,0.343801,0.191585,0.36495,0.001466,0.003803
0,0.115217,0.304867,0.174949,0.06147,0.168639,0.016076,0.002011,0.002497
0,0.152436,0.195573,0.015572,-0.121935,-0.027218,-0.105689,0.002661,0.003413
0,0.123996,0.34496,-0.011819,0.137259,-0.060156,0.166387,0.002164,0.001797
0,0.166862,0.235982,0.041748,-0.13554,0.007131,-0.107168,0.002912,0.003699
0,0.258961,0.198469,0.117879,-0.025225,0.117248,-0.010023,0.003298,0.003464
0,0.459381,0.204323,0.217828,-0.003387,0.217571,-0.009879,0.0002,0.003566
0,0.160438,0.17324,-0.327611,-0.057923,-0.309415,-0.089033,0.0028,0.003024
0,0.340464,0.238914,0.207727,0.054038,0.213287,0.037172,0.001876,0.003648
0,0.296651,-0.079026,-0.068609,-0.297098,-0.065582,-0.247535,0.00264,0.001379
0,0.059082,-0.088131,-0.217279,0.011833,-0.258447,0.012464,0.001031,0.001538
0,-0.062732,0.161347,-0.092138,0.236518,-0.045523,0.241111,0.001095,0.002816
0,-0.089486,0.019558,-0.011054,-0.161086,-0.022761,-0.117251,0.001562,0.000341
0,-0.102339,-0.08881,-0.005044,-0.12709,0.042804,-0.143274,0.001786,0.00155
0,-0.116931,0.113718,-0.013293,0.200888,-0.056737,0.248554,0.002041,0.001985
0,-0.129579,0.034045,0.002118,-0.088226,0.004699,-0.126859,0.002262,0.000594
0,-0.239829,-0.142283,-0.136825,-0.18704,-0.155189,-0.190795,0.003632,0.002483
0,-0.047392,-0.115598,0.163411,0.039257,0.167348,0.059571,0.000827,0.002018
0,-0.036828,-0.157151,0.020638,-0.046244,-0.019821,-0.063612,0.000643,0.002743
0,0.122125,0.082864,0.165225,0.228455,0.118628,0.266991,0.002131,0.001446
0,-0.122109,-0.068872,-0.238449,-0.13531,-0.277713,-0.143086,0.002131,0.001202
0,0.130411,-0.01651,0.225934,0.064035,0.207793,0.073382,0.002276,0.000288
0,0.13058,-0.018567,-0.014086,9.9e-05,-0.03154,0.036858,0.002279,0.000324
0,-0.119604,-0.16925,-0.256418,-0.127582,-0.237469,-0.111678,0.002087,0.002954
0,-0.023083,-0.117215,0.072388,0.079811,0.093064,0.102582,0.000403,0.002046
0,0.032189,-0.023522,0.026611,0.120161,0.059156,0.110036,0.000562,0.000411
0,-0.110835,-0.073484,-0.130056,-0.039418,-0.101362,-0.055556,0.001934,0.001283
0,0.172654,-0.074069,0.302662,-0.015593,0.310877,0.015295,0.003013,0.001293
0,-0.065584,-0.09775,-0.248979,-0.008701,-0.292281,0.006366,0.001145,0.001706
0,-0.117422,-0.184299,-0.060147,-0.091837,-0.017721,-0.115583,0.002049,0.003217
0,4.1e-05,0.058537,0.138707,0.261882,0.163948,0.29471,1e-06,0.001022
0,0.067818,-0.123298,0.065753,-0.158526,0.023749,-0.124894,0.001184,0.002152
0,0.082564,-0.008964,0.019483,0.121352,0.037249,0.079306,0.001441,0.000156
0,0.131175,0.032601,0.040506,0.064504,0.080504,0.046636,0.002289,0.000569
0,0.071647,-0.136784,-0.088217,-0.160206,-0.097372,-0.169729,0.00125,0.002387
0,0.012187,-0.070413,-0.035513,0.039469,-0.058422,0.082848,0.000213,0.001229
0,-0.106918,0.072288,-0.127766,0.146782,-0.156059,0.162146,0.001866,0.001262
0,0.018911,0.099864,0.124759,0.010346,0.161134,0.016034,0.00033,0.001743
0,-0.125582,0.091617,-0.161522,-0.025711,-0.211041,0.019553,0.002192,0.001599
0,-0.111096,-0.105895,0.037814,-0.19531,0.032015,-0.198228,0.001939,0.001848
0,-0.036518,-0.017101,0.103473,0.112783,0.151515,0.082322,0.000637,0.000298
0,-0.141504,-0.064487,-0.120659,-0.031245,-0.161148,-0.052886,0.00247,0.001126
0,-0.291674,-0.043657,-0.130023,0.000868,-0.116568,-0.028243,0.002727,0.000762
0,-0.194824,-0.125476,0.084614,-0.099881,0.088155,-0.085107,0.0034,0.00219
0,-0.06454,0.005008,0.153842,0.130684,0.120379,0.129059,0.001126,8.7e-05
0,-0.245023,-0.020062,-0.185329,-0.04676,-0.210592,-0.059963,0.003541,0.00035
0,-0.131252,0.000936,0.095055,0.048113,0.14248,0.093137,0.002291,1.6e-05
0,-0.080799,-0.051779,0.053274,-0.059457,0.064131,-0.088556,0.00141,0.000904
0,-0.14766,-0.099774,-0.039483,-0.065897,-0.052214,-0.049759,0.002577,0.001741
0,-0.232402,-0.065843,-0.09141,0.037461,-0.103999,0.048122,0.003762,0.001149
0,-0.237477,0.076784,0.012966,0.159368,-0.023553,0.145612,0.003673,0.00134
0,-0.286391,-0.183918,-0.046307,-0.28751,-0.091678,-0.33075,0.002819,0.00321
0,-0.151183,0.005057,0.135243,0.180924,0.104011,0.224571,0.002639,8.8e-05
0,-0.235091,0.092057,-0.065838,0.062022,-0.071338,0.067729,0.003715,0.001607
0,-0.223602,0.122904,0.040392,0.060579,0.025425,0.023969,0.003903,0.002145
0,-0.066987,0.042952,0.140641,-0.069395,0.151886,-0.100501,0.001169,0.00075
0,-0.034214,-0.075696,0.015321,-0.093252,0.015542,-0.072956,0.000597,0.001321
0,-0.199432,-0.099876,-0.162511,-0.034654,-0.134713,0.002963,0.003481,0.001743
0,-0.279743,0.08978,-0.057289,0.170437,-0.019585,0.173461,0.002935,0.001567
0,0.026337,0.001845,0.334143,-0.075786,0.298766,-0.070151,0.00046,3.2e-05
0,-0.155459,0.01137,-0.162078,-0.018239,-0.161245,0.02156,0.002713,0.000198
0,-0.12138,0.099312,0.041164,0.06834,0.084215,0.105639,0.002118,0.001733
0,-0.058852,0.116113,0.089774,0.019249,0.114443,0.052544,0.001027,0.002027
0,-0.217915,-0.124614,-0.162777,-0.269666,-0.140516,-0.278201,0.003803,0.002175
0,-0.156365,-0.019564,0.054741,0.084838,0.048757,0.067935,0.002729,0.000341
0,-0.209979,0.068298,-0.030609,0.05862,-0.076377,0.087673,0.003665,0.001192
0,-0.141047,-0.066152,0.079233,-0.15493,0.121931,-0.113041,0.002462,0.001155
0,-0.098014,0.104119,0.028913,0.154036,0.0666,0.173339,0.001711,0.001817
0,-0.030868,0.078689,0.064542,-0.006663,0.022375,0.041924,0.000539,0.001373
0,0.023567,-0.169787,0.069401,-0.260423,0.060593,-0.285297,0.000411,0.002963
0,-0.220651,0.104856,-0.273534,0.257256,-0.286155,0.305091,0.003851,0.00183
0,-0.268969,-0.118324,-0.049663,-0.231669,-0.083424,-0.215296,0.003123,0.002065
0,-0.001009,0.046847,0.245871,0.177456,0.214087,0.168043,1.8e-05,0.000818
0,-0.167595,-0.102589,-0.165227,-0.149298,-0.137357,-0.151059,0.002925,0.001791
0,-0.234494,-0.145603,-0.07698,-0.054367,-0.046143,-0.088298,0.003725,0.002541
0,-0.023251,-0.127859,0.204655,0.041938,0.174592,0.012751,0.000406,0.002232
0,-0.018115,-0.144605,0.014851,-0.002923,-0.031504,-0.010691,0.000316,0.002524
0,-0.173376,0.068443,-0.144113,0.225039,-0.118448,0.213446,0.003026,0.001195
0,-0.200198,0.062064,-0.025614,0.01987,-0.056659,0.056923,0.003494,0.001083
0,-0.164742,0.088946,0.039802,0.026368,0.019346,0.033703,0.002875,0.001552
0,-0.169544,-0.143071,0.015226,-0.259467,0.018371,-0.25394,0.002959,0.002497
0,-0.346008,-0.096376,-0.183009,0.027068,-0.219831,0.003607,0.001779,0.001682
0,-0.259653,-0.09567,0.059827,0.022401,0.052663,0.045273,0.003286,0.00167
0,-0.173799,-0.059719,0.07412,0.027364,0.032055,-0.001738,0.003033,0.001042
0,-0.072748,0.01674,0.092424,0.075381,0.126134,0.120063,0.00127,0.000292
0,-0.221502,0.123936,-0.130445,0.119139,-0.083296,0.073235,0.003866,0.002163
0,0.023621,-0.14984,0.217039,-0.245306,0.225964,-0.292496,0.000412,0.002615
0,-0.187352,-0.041209,-0.22817,0.13518,-0.260455,0.096201,0.00327,0.000719
0,0.022739,0.033774,0.201849,0.103054,0.205691,0.138379,0.000397,0.000589
0,0.02142,-0.008244,-0.01004,-0.065015,-0.005863,-0.086663,0.000374,0.000144
0,0.032658,-0.046795,0.03227,-0.00927,0.001635,-0.003443,0.00057,0.000817
0,-0.072646,0.104341,-0.102636,0.171524,-0.073557,0.14844,0.001268,0.001821
0,-0.13356,-0.03894,-0.05936,-0.163214,-0.035086,-0.155002,0.002331,0.00068
0,0.04963,-0.150167,0.1656,-0.129374,0.201196,-0.119914,0.000866,0.002621
0,-0.174766,-0.048326,-0.246251,0.131484,-0.24576,0.144686,0.00305,0.000843
0,-0.156955,-0.098185,0.003388,-0.057767,0.052537,-0.060085,0.002739,0.001714
0,-0.000118,-0.094341,0.148882,-0.01311,0.141107,0.000896,2e-06,0.001647
0,0.107887,0.130262,0.116255,0.229033,0.161605,0.184794,0.001883,0.002273
0,0.150631,-0.018966,0.027105,-0.125729,0.053765,-0.128194,0.002629,0.000331
0,0.109743,0.046852,-0.044062,0.089797,-0.055051,0.127873,0.001915,0.000818
0,-0.007634,-0.124157,-0.096728,-0.196075,-0.046753,-0.241041,0.000133,0.002167
0,0.049476,0.119884,0.058978,0.230803,0.085156,0.267257,0.000864,0.002092
0,-0.027947,-0.073504,-0.101793,-0.167379,-0.068573,-0.217186,0.000488,0.001283
0,-0.062667,-0.09105,-0.046364,-0.016516,-0.056028,0.024565,0.001094,0.001589
0,0.00614,0.065902,0.087473,0.147002,0.094373,0.099819,0.000107,0.00115
0,-0.143524,-0.021472,-0.122539,-0.106382,-0.122685,-0.077318,0.002505,0.000375
0,-0.056201,-0.070534,0.078276,-0.020844,0.044674,-0.069807,0.000981,0.001231
0,-0.075195,-0.035406,-0.015656,0.038142,-0.060235,0.000485,0.001312,0.000618
0,-0.171907,0.161897,-0.094082,0.224591,-0.060637,0.185719,0.003,0.002826
0,-0.011316,-0.06167,0.130696,-0.198767,0.162318,-0.194127,0.000198,0.001076
0,-0.23659,-0.013348,-0.239749,0.06478,-0.215139,0.064521,0.003689,0.000233
0,-0.00736,-0.039979,0.220851,-0.050866,0.19844,-0.00347,0.000128,0.000698
0,-0.005863,0.08096,-0.021046,0.122927,-0.04265,0.14012,0.000102,0.001413
0,-0.091996,0.110258,-0.090938,0.056697,-0.09144,0.028105,0.001606,0.001924
0,-0.029278,0.053988,0.060118,-0.066899,0.066057,-0.078722,0.000511,0.000942
0,-0.146073,-0.055608,-0.126259,-0.123553,-0.103106,-0.147973,0.002549,0.000971
0,0.105711,-0.067877,0.276233,-0.036301,0.253884,-0.026709,0.001845,0.001185
0,-0.042512,0.025123,-0.154756,0.114787,-0.197331,0.1501,0.000742,0.000438
0,0.033094,0.028848,0.077625,0.00641,0.063249,0.053807,0.000578,0.000503
0,-0.004585,-0.003565,-0.025243,-0.006913,-0.019095,-0.013396,8e-05,6.2e-05
0,-0.137181,0.139112,-0.119613,0.120542,-0.127305,0.113585,0.002394,0.002428
0,0.032286,-0.126422,0.190342,-0.239194,0.190973,-0.280457,0.000564,0.002206
0,0.067305,0.058888,0.027102,0.16295,0.05013,0.151602,0.001175,0.001028
0,-0.044002,-0.074806,-0.126738,-0.112723,-0.169593,-0.123019,0.000768,0.001306
0,-0.032167,-0.079171,0.010755,-0.005518,0.006808,-0.040519,0.000561,0.001382
0,0.164279,-0.012874,0.217333,0.072859,0.177133,0.031876,0.002867,0.000225
0,0.027877,-0.089718,-0.12395,-0.089123,-0.112871,-0.120844,0.000487,0.001566
0,0.1401,0.092448,0.092164,0.211575,0.131682,0.175171,0.002445,0.001614
0,0.067445,-0.032196,-0.046786,-0.142205,-0.013352,-0.123088,0.001177,0.000562
0,-0.071906,0.013451,-0.122134,0.036912,-0.103681,0.080705,0.001255,0.000235
0,-0.117427,0.055705,-0.025482,0.048157,-0.03246,0.077905,0.002049,0.000972
0,-0.124377,0.122533,-0.006062,0.0467,0.005966,0.053127,0.002171,0.002139
0,-0.023192,0.069632,0.102441,-0.074751,0.136825,-0.070931,0.000405,0.001215
0,0.02298,0.042823,0.067522,0.000159,0.113978,0.000309,0.000401,0.000747
0,0.097855,-0.034244,0.058152,-0.073198,0.033759,-0.057814,0.001708,0.000598
0,-2.012851,0.871705,-2.10062,0.930717,-2.118097,0.918484,0.003859,0.000422
0,-2.449154,1.721264,-0.412384,0.850042,-0.407502,0.887254,0.003656,0.00123
0,-3.439355,1.74707,-1.000009,0.030023,-0.991783,0.06225,0.002515,0.000779
0,-3.184977,1.540187,0.270287,-0.17913,0.296833,-0.144559,0.000863,0.003428
0,-2.064063,1.097295,1.146829,-0.468237,1.113242,-0.437416,0.003065,0.003516
0,-1.997312,0.864839,0.048601,-0.251572,0.003024,-0.289638,0.003588,0.000541
0,-1.406717,0.675649,0.56551,-0.210681,0.603979,-0.192269,0.001098,0.003843
0,-1.070081,0.673443,0.345504,0.006926,0.329979,0.056565,0.003041,0.003882
0,-0.736802,0.365706,0.340305,-0.297791,0.347822,-0.2883,0.002776,0.001435
0,-0.452308,-0.06308,0.312635,-0.444074,0.312117,-0.453752,7.6e-05,0.001101
0,-0.207974,-0.114534,0.250555,-0.035546,0.200587,-0.057824,0.00363,0.001999
0,0.177456,-0.045503,0.407958,0.051603,0.44421,0.025072,0.003097,0.000794
0,0.237601,-0.022466,0.040811,0.012302,0.039328,0.013885,0.003671,0.000392
0,0.048888,-0.360513,-0.172572,-0.341708,-0.178011,-0.388904,0.000853,0.001526
0,0.280344,-0.175667,0.205277,0.195037,0.193648,0.205243,0.002925,0.003066
0,0.231135,-0.240451,-0.066094,-0.046346,-0.082117,-0.007529,0.003784,0.003621
0,0.190557,-0.060515,-0.044586,0.170477,-0.061474,0.15437,0.003326,0.001056
0,-0.048986,-0.21275,-0.257814,-0.173778,-0.302773,-0.200429,0.000855,0.003713
0,-0.088448,-0.080428,-0.011183,0.152849,0.008387,0.193957,0.001544,0.001404
0,-0.023424,0.008937,0.083821,0.072108,0.097094,0.064195,0.000409,0.000156
0,-0.174831,-0.183936,-0.153527,-0.181695,-0.160662,-0.19794,0.003051,0.00321
0,-0.133164,-0.17894,0.069229,0.030462,0.085126,0.002756,0.002324,0.003123
0,-0.147805,-0.091287,0.001423,0.11679,-0.046272,0.162632,0.00258,0.001593
0,-0.005877,-0.177134,0.122213,-0.109523,0.144017,-0.150962,0.000103,0.003092
0,-0.116794,0.033747,-0.081356,0.208506,-0.115084,0.183403,0.002038,0.000589
0,-0.06601,-0.017023,0.07006,-0.065504,0.096627,-0.022741,0.001152,0.000297
0,-0.04057,-0.054912,0.049674,-0.016523,0.069859,0.018189,0.000708,0.000958
0,-0.23107,-0.0694,-0.171796,-0.005617,-0.199515,0.031386,0.003785,0.001211
0,-0.073505,-0.204372,0.163104,-0.145695,0.148762,-0.142555,0.001283,0.003567
0,-0.099228,0.026356,-0.029554,0.239491,-0.059347,0.269338,0.001732,0.00046
0,0.122516,-0.02624,0.243365,-0.060853,0.251083,-0.101553,0.002138,0.000458
0,-0.143905,-0.01731,-0.244802,0.029023,-0.245708,0.019157,0.002512,0.000302
0,0.046824,-0.201405,0.179817,-0.176315,0.185484,-0.19088,0.000817,0.003515
0,-0.105557,-0.152451,-0.130503,0.065872,-0.127758,0.081125,0.001842,0.002661
0,-0.09,-0.058799,-0.006181,0.097081,-0.038481,0.064694,0.001571,0.001026
0,0.080908,-0.113393,0.18775,-0.078183,0.23027,-0.051579,0.001412,0.001979
0,-0.118534,-0.170306,-0.184815,-0.075909,-0.19599,-0.109755,0.002069,0.002972
0,0.09314,-0.032139,0.209146,0.132177,0.213255,0.091289,0.001626,0.000561
0,0.19456,-0.244276,0.105356,-0.236685,0.111136,-0.212974,0.003396,0.003554
0,0.177806,-0.240518,-0.008861,0.019542,0.016064,0.061076,0.003103,0.00362
0,0.143019,-0.032499,-0.048965,0.221232,-0.094658,0.238377,0.002496,0.000567
0,0.225473,-0.233444,0.074017,-0.20481,0.101071,-0.173596,0.003883,0.003744
0,-0.357491,-0.147282,-0.565645,0.05845,-0.554701,0.06041,0.001578,0.002571
0,-0.886938,-0.033586,-0.519442,0.135594,-0.509963,0.119236,0.000156,0.000586
0,-1.085117,-0.136388,-0.215161,-0.123586,-0.165736,-0.170565,0.003303,0.00238
0,-1.319267,-0.06202,-0.261627,0.053854,-0.256842,0.072342,0.000428,0.001082
0,-1.048249,-0.042429,0.283543,0.017726,0.325156,0.007292,0.00266,0.000741
0,-0.826737,-0.042468,0.248277,-0.010787,0.280775,-0.059253,0.001206,0.000741
0,-0.590285,-0.063065,0.243311,-0.012065,0.265615,-0.053664,0.002485,0.001101
0,-0.619497,-0.145426,-0.031505,-0.068985,-0.068266,-0.021039,0.002994,0.002538
0,-0.422231,-0.261108,0.186231,-0.116167,0.142031,-0.121625,0.000449,0.003261
0,-0.013919,-0.203516,0.409186,0.067214,0.403702,0.060748,0.000243,0.003552
0,-0.045532,-0.209914,-0.047854,0.004189,-0.088724,-0.030589,0.000795,0.003664
0,-0.07035,0.012977,-0.023885,0.1948,-0.064128,0.165018,0.001228,0.000226
0,0.120761,-0.03354,0.170937,-0.028834,0.180904,-0.044606,0.002108,0.000585
0,-0.027951,0.101525,-0.120434,0.156272,-0.154221,0.15199,0.000488,0.001772
0,0.180737,0.096419,0.23384,-0.032643,0.2692,-0.001208,0.003154,0.001683
0,0.104435,-0.037599,-0.076845,-0.124461,-0.038402,-0.16139,0.001823,0.000656
0,0.114931,0.082965,0.028109,0.124938,0.006675,0.094037,0.002006,0.001448
0,-0.003677,0.069607,-0.103694,-0.018459,-0.055128,-0.053086,6.4e-05,0.001215
0,0.064646,-0.106824,0.07567,-0.148249,0.094929,-0.150714,0.001128,0.001864
0,0.161858,0.024209,0.081723,0.11477,0.11931,0.152002,0.002825,0.000423
0,0.202037,0.113326,0.042651,0.06803,0.032158,0.088949,0.003526,0.001978
0,0.045019,-0.131283,-0.150304,-0.22567,-0.194012,-0.213187,0.000786,0.002291
0,-0.042187,0.066546,-0.112988,0.17947,-0.141763,0.220927,0.000736,0.001161
0,-0.027525,-0.135873,0.04167,-0.19669,0.043333,-0.165683,0.00048,0.002371
0,-0.005776,0.114102,0.027047,0.241198,0.020158,0.249828,0.000101,0.001991
0,0.23013,-0.025024,0.258228,-0.163577,0.286839,-0.21205,0.003801,0.000437
0,0.146387,0.084806,-0.11243,0.121702,-0.157498,0.096729,0.002555,0.00148
0,0.182442,-0.121219,0.037375,-0.17885,-0.00901,-0.171408,0.003184,0.002116
0,0.124758,-0.095532,-0.068306,-0.004143,-0.031872,0.025552,0.002177,0.001667
0,-0.051545,0.020811,-0.202451,0.095399,-0.209453,0.045999,0.0009,0.000363
0,1.133061,-1.086689,1.181791,-1.120539,1.222881,-1.086169,0.003678,0.003331
0,1.810009,-1.953915,0.653862,-0.890306,0.662399,-0.842654,0.000319,0.002831
0,1.867001,-2.040273,0.043386,-0.093693,0.075943,-0.083111,0.001314,0.00348
0,1.773349,-2.483469,-0.092293,-0.414849,-0.134136,-0.398271,0.000321,0.003563
0,1.754802,-2.137055,-0.012128,0.362219,-0.027093,0.312987,0.000644,0.001791
0,1.780225,-1.662845,0.041734,0.468563,0.032639,0.481251,0.000201,0.002249
0,1.337915,-1.256585,-0.413826,0.394035,-0.369065,0.358689,0.000103,0.001522
0,1.097469,-0.732158,-0.217417,0.52567,-0.196892,0.491464,0.003519,0.002857
0,0.782993,-0.644052,-0.331766,0.065019,-0.371155,0.015061,0.00197,0.003423
0,0.435609,-0.459149,-0.370468,0.169091,-0.349382,0.198451,0.000215,0.000196
0,0.103659,-0.204712,-0.324886,0.276004,-0.275835,0.259059,0.001809,0.003573
0,0.043165,-0.007616,-0.058514,0.187661,-0.064508,0.228446,0.000753,0.000133
0,-0.011256,0.017846,-0.049754,0.014004,-0.062395,0.043622,0.000196,0.000311
0,-0.107001,0.070323,-0.121257,0.038279,-0.1097,0.080415,0.001868,0.001227
0,-0.034234,0.064969,0.058831,0.011368,0.023166,-0.009812,0.000597,0.001134
0,-0.327714,0.203402,-0.312158,0.147036,-0.352266,0.151363,0.002098,0.00355
0,-0.186884,0.155939,0.151372,-0.071309,0.113568,-0.085427,0.003262,0.002722
0,-0.105953,0.251373,0.078691,0.09231,0.059877,0.141118,0.001849,0.003431
0,0.036798,0.054385,0.141547,-0.210707,0.144467,-0.187366,0.000642,0.000949
0,-0.062067,0.179354,-0.073607,0.143114,-0.105082,0.19149,0.001083,0.00313
0,-0.133433,0.02495,-0.096887,-0.126316,-0.100557,-0.077367,0.002329,0.000435
0,0.022209,-0.035589,0.154228,-0.084424,0.106483,-0.081379,0.000388,0.000621
0,-0.134174,0.060377,-0.144461,0.09485,-0.162677,0.108967,0.002342,0.001054
0,-0.085198,-0.038001,0.068022,-0.122815,0.076225,-0.133369,0.001487,0.000663
0,-0.177057,0.085541,-0.072977,0.134331,-0.100477,0.114837,0.00309,0.001493
0,0.086411,0.112399,0.239169,0.04837,0.26267,0.02926,0.001508,0.001962
0,-0.121071,0.052168,-0.214133,-0.031477,-0.25048,-0.059468,0.002113,0.000911
0,-0.095515,-0.063293,0.048296,-0.088114,0.09685,-0.103569,0.001667,0.001105
0,0.125673,-0.146699,0.236273,-0.073151,0.227738,-0.032092,0.002193,0.00256
0,-0.015025,0.074118,-0.147521,0.230887,-0.175964,0.225982,0.000262,0.001294
0,0.083618,-0.007565,0.071395,-0.090832,0.036623,-0.047418,0.001459,0.000132
0,0.115021,0.013952,0.048436,0.027377,0.045037,0.034145,0.002007,0.000243
0,-0.022151,0.007321,-0.159915,0.00877,-0.155475,0.030842,0.000387,0.000128
0,-0.057447,0.034955,-0.006839,0.051252,-0.008816,0.014212,0.001003,0.00061
0,-0.095747,0.010258,-0.044347,-0.028401,-0.019532,0.015367,0.001671,0.000179
0,-0.144561,-0.051402,-0.038842,-0.084019,-0.022036,-0.10761,0.002523,0.000897
0,-0.101391,0.000617,0.024646,0.078934,0.050616,0.065714,0.00177,1.1e-05
0,0.014325,0.0262,0.140741,0.052364,0.124685,0.050382,0.00025,0.000457
0,-0.241942,-0.113215,-0.235271,-0.148208,-0.20696,-0.153592,0.003595,0.001976
0,-0.051038,0.05704,0.198396,0.165557,0.194042,0.154601,0.000891,0.000996
0,-0.040698,0.093324,0.019268,0.031167,0.025007,0.021058,0.00071,0.001629
0,-0.035903,0.084586,0.028866,0.015634,0.045806,-0.012778,0.000627,0.001476
0,-0.016426,0.136341,0.02947,0.054954,-0.00162,0.103416,0.000287,0.00238
0,-0.029195,0.11464,-0.036757,-0.012345,-0.065831,0.005731,0.00051,0.002001
0,0.045917,-0.078216,0.093015,-0.196996,0.083343,-0.219129,0.000801,0.001365
0,0.01303,0.120659,-0.013381,0.206529,-0.025237,0.240492,0.000227,0.002106
0,-0.035241,-0.106443,-0.029216,-0.241186,-0.066621,-0.192987,0.000615,0.001858
0,-0.025095,-0.036029,0.025821,0.052239,0.001157,0.052459,0.000438,0.000629
0,0.107131,-0.042284,0.121483,-0.003978,0.115048,0.028082,0.00187,0.000738
0,-0.028507,0.094662,-0.117611,0.145084,-0.075518,0.141066,0.000498,0.001652
0,-0.11759,0.065734,-0.077901,0.000148,-0.084419,-0.008399,0.002052,0.001147
0,0.194558,0.065442,0.322342,-0.014381,0.287717,-0.052301,0.003396,0.001142
0,-0.003289,0.027836,-0.172023,-0.031728,-0.144526,-0.006418,5.7e-05,0.000486
0,-0.036491,-0.036373,-0.019513,-0.087018,-0.053067,-0.101289,0.000637,0.000635
0,-0.146423,0.062033,-0.103845,0.068877,-0.128943,0.057616,0.002556,0.001083
0,-0.028469,0.131702,0.123587,0.09806,0.145462,0.056417,0.000497,0.002299
0,0.048655,-0.000422,0.07541,-0.125187,0.051622,-0.131916,0.000849,7e-06
0,-0.13491,-0.014291,-0.197783,-0.042893,-0.186116,-0.015183,0.002355,0.000249
0,-0.037238,-0.058758,0.10861,-0.058309,0.099353,-0.018121,0.00065,0.001026
0,-0.10363,-0.019993,-0.070526,0.058945,-0.096531,0.074424,0.001809,0.000349
0,0.040411,-0.045112,0.118722,-0.011074,0.120142,-0.006495,0.000705,0.000787
0,0.079787,0.190171,0.058053,0.261797,0.054829,0.285228,0.001393,0.003319
0,-0.026517,0.214313,-0.117231,0.006229,-0.161015,0.054385,0.000463,0.00374
0,-0.101384,0.140669,-0.091842,-0.093627,-0.132913,-0.04367,0.001769,0.002455
0,-0.106453,0.008034,-0.00766,-0.107428,-0.03792,-0.065824,0.001858,0.00014
0,0.068746,0.083393,0.202407,0.04565,0.222326,0.005879,0.0012,0.001455
0,0.043752,0.057437,-0.018828,-0.009772,0.027316,0.022271,0.000764,0.001002
0,0.047718,-0.042043,-0.011113,-0.076224,0.018624,-0.083234,0.000833,0.000734
0,-0.032952,0.064868,-0.098019,0.084974,-0.14136,0.133565,0.000575,0.001132
0,-0.180401,0.010619,-0.14171,-0.081316,-0.141171,-0.079836,0.003149,0.000185
0,0.039256,-0.08617,0.191641,-0.101233,0.165717,-0.103694,0.000685,0.001504
0,-0.090527,0.150669,-0.157223,0.243426,-0.129205,0.252492,0.00158,0.00263
0,-0.218526,0.071269,-0.132491,-0.096536,-0.148891,-0.057552,0.003814,0.001244
0,-0.014849,0.110053,0.223943,0.054065,0.268768,0.101403,0.000259,0.001921
0,0.099003,0.044554,0.13479,-0.043256,0.171934,-0.092179,0.001728,0.000778
0,0.065938,-0.030467,-0.024676,-0.089456,-0.021054,-0.121934,0.001151,0.000532
0,-0.093458,0.051956,-0.146738,0.110801,-0.184917,0.138215,0.001631,0.000907
0,-0.019823,0.009341,0.100651,-0.0428,0.09926,-0.051382,0.000346,0.000163
0,-0.09993,0.213982,-0.06121,0.192093,-0.090245,0.163426,0.001744,0.003735
0,-0.233335,-0.025907,-0.114759,-0.263769,-0.137459,-0.250232,0.003745,0.000452
0,-0.162916,0.136048,0.073088,0.167717,0.077288,0.214339,0.002843,0.002374
0,-0.192971,-0.087078,-0.024062,-0.22443,-0.003859,-0.199811,0.003368,0.00152
0,0.014247,0.080726,0.20772,0.19337,0.225741,0.218319,0.000249,0.001409
0,-0.185453,0.160873,-0.184916,0.067269,-0.199368,0.023264,0.003237,0.002808
0,0.031528,0.039618,0.215603,-0.1245,0.244354,-0.094683,0.00055,0.000691
0,-0.105218,0.076994,-0.151497,0.059586,-0.162106,0.064135,0.001836,0.001344
0,-0.135164,0.119641,-0.002396,0.013054,-0.016493,0.045202,0.002359,0.002088
0,0.012535,0.013636,0.162002,-0.113632,0.154574,-0.142223,0.000219,0.000238
0,0.070528,-0.008511,0.045162,-0.026524,0.048867,-0.043849,0.001231,0.000149
0,0.092456,0.163141,0.042473,0.156852,0.068208,0.15768,0.001614,0.002847
0,0.111925,-0.052018,0.007817,-0.229618,0.056148,-0.206183,0.001953,0.000908
0,0.120366,-0.092265,0.016669,-0.038511,-0.010266,-0.058672,0.002101,0.00161
0,-0.032883,0.042167,-0.161578,0.129767,-0.175334,0.129221,0.000574,0.000736
0,-0.025387,0.054278,0.000946,0.03205,-0.023017,0.034305,0.000443,0.000947
0,0.149992,-0.117564,0.18991,-0.177886,0.19294,-0.132958,0.002618,0.002052
0,0.205014,0.160239,0.038205,0.296816,-0.009934,0.297263,0.003578,0.002797
0,0.241007,-0.092419,0.055675,-0.251099,0.101879,-0.205724,0.003612,0.001613
0,0.091584,0.024139,-0.17557,0.145211,-0.199607,0.139421,0.001598,0.000421
0,0.157144,-0.121873,0.068451,-0.159413,0.021631,-0.168538,0.002743,0.002127
0,0.22127,-0.095515,0.079262,0.002524,0.05864,-0.039679,0.003862,0.001667
0,0.105276,-0.031977,-0.133509,0.051831,-0.100969,0.046884,0.001837,0.000558
0,0.012792,-0.025863,-0.104236,0.002918,-0.070585,0.023703,0.000223,0.000451
0,0.030236,-0.009806,9.4e-05,0.008687,0.047891,-0.039835,0.000528,0.000171
0,0.049926,-0.050773,0.02056,-0.023398,0.057247,-0.016566,0.000871,0.000886
0,0.222474,0.120523,0.155641,0.168801,0.192115,0.142916,0.003883,0.002104
0,0.02534,0.081561,-0.177772,-0.050566,-0.227761,-0.048655,0.000442,0.001424
0,0.004808,-0.039901,-0.027868,-0.097322,-0.008551,-0.109748,8.4e-05,0.000696
0,-0.056664,-0.126636,-0.064336,-0.109423,-0.106302,-0.059536,0.000989,0.00221
0,0.241977,-0.075354,0.309018,0.079918,0.265605,0.081318,0.003595,0.001315
0,0.009168,-0.087409,-0.249887,-0.035146,-0.275898,-0.0367,0.00016,0.001526
0,0.096142,-0.059657,0.108979,0.031011,0.141312,0.04291,0.001678,0.001041
0,0.176634,0.152436,0.101317,0.238722,0.086459,0.268274,0.003083,0.002661
0,-0.056973,0.036852,-0.253898,-0.102216,-0.27168,-0.123605,0.000994,0.000643
0,0.05699,-0.000798,0.113408,-0.053335,0.134386,-0.080093,0.000995,1.4e-05
0,0.14262,0.061729,0.067232,0.042617,0.06512,0.039708,0.002489,0.001077
0,0.065772,0.067887,-0.104526,0.035543,-0.126859,0.003914,0.001148,0.001185
0,-0.013847,-0.005984,-0.07085,-0.045971,-0.113404,-0.070533,0.000242,0.000104
0,-0.131494,-0.116471,-0.121109,-0.089292,-0.103604,-0.126656,0.002295,0.002033
0,-0.070124,0.093861,0.038527,0.202296,0.050063,0.242814,0.001224,0.001638
0,0.039537,0.077274,0.095774,-0.019165,0.116416,-0.03323,0.00069,0.001349
0,-0.08061,0.095635,-0.113252,0.009974,-0.126327,-0.006879,0.001407,0.001669
0,-0.010459,-0.016338,0.052456,-0.111435,0.068255,-0.085948,0.000183,0.000285
0,0.174177,0.110801,0.173626,0.151066,0.136296,0.173387,0.00304,0.001934
0,0.053072,-0.052018,-0.144225,-0.173142,-0.134991,-0.173297,0.000926,0.000908
0,0.059201,-0.018748,0.000252,0.023623,0.044621,0.001486,0.001033,0.000327
0,0.026162,0.06288,-0.043967,0.102876,-0.058588,0.054197,0.000457,0.001097
0,-0.032545,0.093316,-0.067124,0.014065,-0.092814,0.054782,0.000568,0.001629
0,-0.024169,-0.030202,0.025765,-0.111076,-0.005353,-0.073345,0.000422,0.000527
0,0.16951,-0.045505,0.17004,-0.019006,0.136467,-0.057036,0.002959,0.000794
0,0.135181,-0.106913,-0.004509,-0.07847,-0.004802,-0.073505,0.002359,0.001866
0,-0.025013,-0.06363,-0.155397,0.022346,-0.121261,0.053079,0.000437,0.001111
0,-0.029011,0.053088,0.018006,0.090668,0.037572,0.051855,0.000506,0.000927
0,-0.066245,0.063601,-0.062614,0.009866,-0.02989,0.012714,0.001156,0.00111
0,0.047585,-0.126528,0.1105,-0.196886,0.149479,-0.20392,0.000831,0.002208
0,-0.124262,0.12685,-0.148785,0.256179,-0.184306,0.288748,0.002169,0.002214
0,-0.106933,-0.006353,0.030245,-0.152926,0.009881,-0.11446,0.001866,0.000111
0,-0.149497,0.104588,-0.046719,0.127353,0.00177,0.097714,0.002609,0.001825
0,-0.130524,-0.070927,0.044757,-0.150994,0.09357,-0.137388,0.002278,0.001238
0,0.069068,-0.020105,0.211413,0.056596,0.19411,0.088719,0.001205,0.000351
0,-0.08227,0.003857,-0.17929,0.040324,-0.178054,0.076071,0.001436,6.7e-05
0,0.079302,0.006126,0.150329,-0.02542,0.196014,-0.021928,0.001384,0.000107
0,0.209953,-0.019782,0.138043,-0.043491,0.091051,-0.072401,0.003664,0.000345
0,-0.011395,-0.00398,-0.193718,0.001663,-0.234068,0.046671,0.000199,6.9e-05
0,0.164026,0.131241,0.152312,0.158581,0.139739,0.152398,0.002863,0.002291
0,0.018079,-0.076305,-0.125966,-0.214537,-0.086742,-0.259894,0.000316,0.001332
0,0.067232,0.064764,0.067423,0.151451,0.091218,0.179662,0.001173,0.00113
0,0.023239,0.135731,-0.065213,0.092696,-0.019294,0.099967,0.000406,0.002369
0,0.104218,-0.105131,0.085591,-0.214711,0.075018,-0.235492,0.001819,0.001835
0,0.158903,-0.054709,0.05239,0.080405,0.03884,0.031444,0.002773,0.000955
0,0.145434,-0.097413,0.007067,-0.029868,-0.00185,-0.031808,0.002538,0.0017
0,0.231475,-0.073772,0.094021,0.038016,0.044694,0.03023,0.003778,0.001288
0,-0.024344,-0.065539,-0.268866,-0.006238,-0.268787,-0.019653,0.000425,0.001144
0,-0.008503,-0.105997,0.027273,-0.027491,0.034654,0.016555,0.000148,0.00185
0,0.001861,0.011112,-0.01304,0.139278,0.02316,0.123463,3.2e-05,0.000194
0,-0.022205,-0.000971,-0.047921,-0.039377,-0.075434,-0.017544,0.000388,1.7e-05
0,0.145983,-0.150912,0.189874,-0.132887,0.169198,-0.113983,0.002548,0.002634
0,-0.037988,0.06226,-0.167441,0.226775,-0.187909,0.246196,0.000663,0.001087
0,-0.022226,0.05933,0.012665,-0.025093,0.000838,-0.050644,0.000388,0.001035
0,0.09475,0.095022,0.08812,0.035704,0.103392,0.044418,0.001654,0.001658
0,0.042138,-0.186465,-0.067465,-0.276369,-0.0912,-0.277659,0.000735,0.003254
0,0.02755,-0.172615,-0.004781,0.003882,0.030233,0.002499,0.000481,0.003013
0,0.182137,0.025388,0.167652,0.183725,0.175117,0.171029,0.003179,0.000443
0,-0.032262,-0.158258,-0.217084,-0.195573,-0.228409,-0.157007,0.000563,0.002762
0,0.124187,-0.204969,0.126921,-0.02363,0.13692,-0.054914,0.002167,0.003577
0,0.068506,-0.095794,-0.062766,0.127228,-0.035107,0.103946,0.001196,0.001672
0,0.101277,-0.167999,0.060595,-0.086831,0.089726,-0.05783,0.001768,0.002932
0,0.16178,0.014318,0.045012,0.170005,0.049287,0.158965,0.002824,0.00025
0,-0.055622,-0.12828,-0.243298,-0.144636,-0.289572,-0.166822,0.000971,0.002239
0,0.114314,0.079189,0.174168,0.19063,0.19951,0.228013,0.001995,0.001382
0,0.02804,0.109549,-0.063494,0.05077,-0.053479,0.041855,0.000489,0.001912
0,0.135071,-0.158396,0.106263,-0.294084,0.137789,-0.322972,0.002357,0.002765
0,-0.02942,-0.080475,-0.159845,0.077538,-0.115132,0.114833,0.000513,0.001405
0,0.122876,-0.160763,0.12316,-0.085198,0.107251,-0.045011,0.002145,0.002806
0,-0.052937,-0.010367,-0.188747,0.15852,-0.165669,0.149284,0.000924,0.000181
0,0.046841,-0.124303,0.097272,-0.089549,0.122921,-0.101431,0.000818,0.002169
0,0.237499,0.09616,0.179497,0.191894,0.178979,0.193595,0.003673,0.001678
0,-0.061947,0.001827,-0.296632,-0.065344,-0.340604,-0.081477,0.001081,3.2e-05
0,0.117469,-0.087072,0.206377,-0.091888,0.172194,-0.091595,0.00205,0.00152
0,-0.092397,-0.113866,-0.192678,-0.027607,-0.199531,0.022381,0.001613,0.001987
0,-0.08629,0.081791,-0.023583,0.21168,0.000264,0.189339,0.001506,0.001428
0,-0.060313,-0.171205,0.010651,-0.271656,0.000819,-0.311343,0.001053,0.002988
0,-0.156647,-0.12542,-0.10199,0.01702,-0.094774,0.065718,0.002734,0.002189
0,0.045612,-0.140008,0.177245,-0.037236,0.14041,-0.04442,0.000796,0.002444
0,-0.226645,0.020628,-0.296891,0.13935,-0.253716,0.106235,0.003862,0.00036
0,-0.089478,0.067865,0.11458,0.05544,0.138406,0.102544,0.001562,0.001184
0,0.092419,0.014585,0.206907,-0.032081,0.197208,0.002804,0.001613,0.000255
0,-0.101507,0.040442,-0.178162,0.052567,-0.129792,0.066186,0.001772,0.000706
0,-0.058017,0.034506,0.018445,0.005472,0.028437,0.017501,0.001013,0.000602
0,0.06649,-0.067393,0.101843,-0.0926,0.0909,-0.127004,0.00116,0.001176
0,0.06747,-0.085733,0.002869,0.004674,-0.037562,-0.028893,0.001178,0.001496
0,0.025793,8.2e-05,-0.032158,0.083725,0.00518,0.050278,0.00045,1e-06
0,0.109805,0.064656,0.075064,0.061818,0.076243,0.105976,0.001916,0.001128
0,-0.155697,0.106446,-0.269232,0.0157,-0.262349,-0.028094,0.002717,0.001858
0,0.035131,-0.130972,0.190695,-0.247603,0.175928,-0.242791,0.000613,0.002286
0,0.115975,0.097325,0.109031,0.24125,0.132124,0.288381,0.002024,0.001699
0,0.148986,-0.057787,0.003605,-0.169224,0.028502,-0.170198,0.0026,0.001009
0,0.222793,0.002951,0.052445,0.059441,0.092291,0.094807,0.003888,5.2e-05
0,0.200582,-0.0715,-0.029825,-0.09962,-0.063722,-0.057049,0.003501,0.001248
0,0.018599,-0.12807,-0.178721,-0.038414,-0.160602,-0.047577,0.000325,0.002235
0,0.017236,-0.034022,0.012589,0.112248,-0.007955,0.155987,0.000301,0.000594
0,0.181105,-0.018503,0.143955,0.003591,0.115349,-0.012727,0.003161,0.000323
0,-0.019253,0.025648,-0.208656,0.017103,-0.247579,-0.001254,0.000336,0.000448
0,0.136391,-0.09569,0.155508,-0.147682,0.19901,-0.15035,0.00238,0.00167
0,0.176506,-0.103966,0.010642,-0.020885,-0.021982,-0.033332,0.003081,0.001815
0,-0.007272,-0.11611,-0.212751,0.015352,-0.19213,0.048865,0.000127,0.002027
0,0.093007,0.104047,0.108043,0.19432,0.092292,0.169264,0.001623,0.001816
0,-0.082596,-0.127651,-0.19915,-0.217961,-0.192529,-0.203571,0.001442,0.002228
0,0.008515,-0.078457,0.078709,0.020241,0.053542,0.032135,0.000149,0.001369
0,0.203198,0.095662,0.219439,0.18065,0.210509,0.188282,0.003546,0.00167
0,0.092588,-0.104166,-0.095692,-0.196921,-0.100394,-0.239608,0.001616,0.001818
0,0.067157,-0.105217,-0.035692,0.006068,0.001865,0.046014,0.001172,0.001836
0,-0.012177,0.078539,-0.103855,0.190377,-0.063669,0.167388,0.000213,0.001371
0,0.158196,-0.141237,0.194189,-0.209596,0.237008,-0.228446,0.002761,0.002465
0,-0.480139,0.483918,-0.653356,0.653669,-0.68467,0.703121,0.000562,0.000628
0,-1.173495,1.040388,-0.694358,0.577057,-0.663014,0.609893,0.002972,0.002522
0,-1.435401,1.958213,-0.253468,0.900472,-0.209824,0.863479,0.001599,0.002906
0,-1.118023,1.919562,0.293487,-0.030927,0.277176,-0.058939,0.003877,0.002231
0,-0.87443,2.218331,0.271035,0.296631,0.282089,0.248155,0.000374,0.000372
0,-0.673265,2.054808,0.218253,-0.170365,0.205022,-0.185532,0.003885,0.003226
0,-0.633486,1.676319,0.015019,-0.397708,-0.012968,-0.437546,0.003239,0.002014
0,-0.379927,1.228794,0.275881,-0.467954,0.22614,-0.466248,0.001187,0.002007
0,-0.215323,0.574511,0.150485,-0.628805,0.14111,-0.583454,0.003758,0.002209
0,0.121344,0.367843,0.329352,-0.219012,0.328338,-0.239184,0.002118,0.001398
0,-0.012419,0.309285,-0.140715,-0.037928,-0.125125,-0.026568,0.000217,0.00242
0,-0.036018,-0.115385,-0.050359,-0.397081,-0.049686,-0.419978,0.000629,0.002014
0,0.108082,-0.263227,0.171405,-0.131668,0.138405,-0.142933,0.001886,0.003224
0,0.223755,-0.265012,0.109405,0.027431,0.131128,0.027623,0.003905,0.003193
0,0.120625,-0.204912,-0.099806,0.063864,-0.132,0.026807,0.002105,0.003576
0,0.038128,-0.117618,-0.067451,0.086319,-0.082631,0.079303,0.000665,0.002053
0,0.175997,-0.160984,0.121621,-0.071708,0.078048,-0.032061,0.003072,0.00281
0,0.164079,-0.288951,0.013997,-0.131274,0.001414,-0.104929,0.002864,0.002775
0,0.180491,-0.185279,-0.005051,0.090253,-0.01061,0.133382,0.00315,0.003234
0,0.30552,-0.271225,0.147569,-0.05934,0.164924,-0.069781,0.002486,0.003084
0,0.027099,-0.320896,-0.256786,-0.03475,-0.306775,-0.047547,0.000473,0.002217
0,0.184844,-0.26081,0.15286,0.078403,0.135969,0.098482,0.003226,0.003266
0,0.035901,-0.285729,-0.176513,-0.021858,-0.184234,-0.003636,0.000627,0.002831
0,0.189201,-0.160477,0.154955,0.150039,0.112272,0.126254,0.003302,0.002801
0,0.016231,-0.291923,-0.161882,-0.117289,-0.207483,-0.108518,0.000283,0.002723
0,0.096495,-0.149051,0.101205,0.131975,0.127203,0.117691,0.001684,0.002601
0,0.167524,-0.304224,0.08737,-0.145001,0.100595,-0.102581,0.002924,0.002508
0,0.091689,-0.082959,-0.051405,0.236234,-0.067858,0.196909,0.0016,0.001448
0,-0.042708,-0.157543,-0.126853,-0.096741,-0.120077,-0.090151,0.000745,0.00275
0,0.226496,-0.209168,0.275372,-0.077714,0.2846,-0.035753,0.003865,0.003651
0,0.093048,-0.027706,-0.152455,0.16235,-0.103723,0.190102,0.001624,0.000484
0,0.284613,-0.124647,0.162391,-0.075186,0.151966,-0.083437,0.00285,0.002175
0,0.247729,-0.214885,-0.043565,-0.080847,-0.090545,-0.044906,0.003494,0.00375
0,0.246993,-0.238688,0.0013,-0.029159,0.016394,-0.043576,0.003507,0.003652
0,0.200596,-0.046815,-0.072245,0.196601,-0.028544,0.183486,0.003501,0.000817
0,0.153399,-0.004207,-0.072598,0.017048,-0.057075,0.045483,0.002677,7.3e-05
0,0.12555,-0.0028,0.001253,0.005205,0.030435,-0.011989,0.002191,4.9e-05
0,0.287953,-0.173777,0.177262,-0.161434,0.142814,-0.130448,0.002792,0.003033
0,0.281374,-0.116342,0.023324,0.042549,0.002197,0.077999,0.002907,0.002031
0,0.30609,0.01176,0.000996,0.130255,0.028257,0.168888,0.002476,0.000205
0,0.259254,0.045789,-0.069375,0.016826,-0.037695,-0.017978,0.003293,0.000799
0,0.220229,-0.088293,-0.017772,-0.156248,0.019883,-0.155544,0.003844,0.001541
0,0.124311,-0.196487,-0.107423,-0.123645,-0.081046,-0.114353,0.00217,0.003429
0,0.349327,-0.149828,0.22091,0.023465,0.202461,-0.015583,0.001721,0.002615
0,0.237132,0.049411,-0.093603,0.200656,-0.052916,0.227724,0.003679,0.000862
0,1.997288,0.186003,1.780839,0.118254,1.820197,0.139443,0.003588,0.003246
0,3.098991,0.33096,1.12074,0.169913,1.154798,0.120305,0.000638,0.002042
0,3.850415,0.206013,0.732174,-0.096808,0.733128,-0.138089,0.003158,0.003596
0,3.611771,0.229791,-0.225034,0.015162,-0.273242,0.011304,0.000494,0.003807
0,3.851048,0.212967,0.26249,-0.019224,0.247207,-0.063251,0.003147,0.003717
0,2.945811,0.225069,-0.908209,0.03169,-0.912311,0.021271,0.003311,0.00389
0,1.987044,0.273049,-0.982286,0.06197,-1.014379,0.08556,0.003409,0.003052
0,1.773597,0.177621,-0.222808,-0.073144,-0.186745,-0.057818,0.000316,0.0031
0,0.995085,0.063166,-0.790783,-0.127686,-0.814671,-0.109218,0.001732,0.001102
0,0.6675,0.00041,-0.3063,-0.091902,-0.301837,-0.052805,0.003832,7e-06
0,0.455086,0.139807,-0.227396,0.148818,-0.249209,0.137618,0.000125,0.00244
0,0.27776,-0.085423,-0.171058,-0.219172,-0.19131,-0.171034,0.00297,0.001491
0,0.189284,-0.120336,-0.113016,-0.018169,-0.093137,-0.058477,0.003304,0.0021
0,0.003037,0.027499,-0.194885,0.175252,-0.147383,0.145435,5.3e-05,0.00048
0,-0.070896,-0.081595,-0.068855,-0.081905,-0.115243,-0.08021,0.001237,0.001424
0,-0.12293,0.133324,-0.048194,0.212485,-0.057291,0.172211,0.002146,0.002327
0,-0.284577,-0.071346,-0.182685,-0.201675,-0.185996,-0.207584,0.002851,0.001245
0,-0.281309,-0.028859,0.00193,0.071506,0.01245,0.02508,0.002908,0.000504
0,-0.278159,0.086831,-0.025814,0.090201,-0.073689,0.11333,0.002963,0.001515
0,-0.054892,-0.014371,0.245419,-0.107494,0.197467,-0.113843,0.000958,0.000251
0,0.049329,0.10012,0.08138,0.127563,0.063306,0.131895,0.000861,0.001747
0,-0.023485,-0.089625,-0.09033,-0.178636,-0.043784,-0.175029,0.00041,0.001564
0,-0.081158,0.003211,-0.057012,0.093599,-0.01752,0.08583,0.001416,5.6e-05
0,0.115379,0.099637,0.198046,0.087599,0.170351,0.090944,0.002014,0.001739
0,-0.011655,0.095257,-0.133908,-0.000751,-0.1133,-0.050075,0.000203,0.001663
0,-0.00545,0.134909,0.023809,0.046634,0.018906,0.007243,9.5e-05,0.002355
0,0.000306,-0.09087,0.003248,-0.228392,-0.039292,-0.184283,5e-06,0.001586
0,-0.067428,-0.08229,-0.097248,-0.008784,-0.113833,-0.042425,0.001177,0.001436
0,-0.041259,0.038561,0.055272,0.096829,0.034944,0.122619,0.00072,0.000673
0,0.143419,-0.011561,0.177434,-0.022147,0.178319,0.016235,0.002503,0.000202
0,0.036589,-0.039409,-0.10947,-0.054897,-0.095637,-0.082363,0.000639,0.000688
0,0.015092,0.104191,-0.042586,0.169212,-0.003525,0.175043,0.000263,0.001818
0,-0.086535,-0.011644,-0.093814,-0.088731,-0.093879,-0.080795,0.00151,0.000203
0,-0.073072,0.11018,0.004148,0.129971,0.026227,0.14281,0.001275,0.001923
0,0.113628,0.069982,0.19994,-0.062388,0.195974,-0.016875,0.001983,0.001221
0,-0.093316,-0.028991,-0.18075,-0.125991,-0.202933,-0.102671,0.001629,0.000506
0,0.032672,0.082379,0.136465,0.114629,0.161819,0.164117,0.00057,0.001438
0,0.141371,0.127673,0.078977,0.038055,0.088461,0.037158,0.002467,0.002228
0,0.076973,0.079031,-0.059291,-0.045071,-0.067601,-0.085524,0.001343,0.001379
0,0.013413,-0.083325,-0.046743,-0.176576,-0.015896,-0.199331,0.000234,0.001454
0,-0.026698,-0.045663,-0.061368,0.048103,-0.073903,0.0695,0.000466,0.000797
0,0.14453,-0.086452,0.178226,-0.06027,0.177424,-0.044566,0.002523,0.001509
0,0.053153,-0.129931,-0.06747,-0.037915,-0.028709,-0.042953,0.000928,0.002268
0,0.109673,0.132051,0.072873,0.288061,0.027822,0.288004,0.001914,0.002305
0,0.132787,-0.082422,0.017664,-0.235079,-0.014981,-0.193667,0.002318,0.001439
0,0.146175,0.139619,0.040934,0.206992,0.011235,0.196556,0.002551,0.002437
0,0.009847,-0.103749,-0.147905,-0.219324,-0.111701,-0.176661,0.000172,0.001811
0,-0.118691,0.003121,-0.114595,0.113772,-0.069152,0.119911,0.002072,5.4e-05
0,-0.089724,-0.105814,0.027919,-0.120424,0.040096,-0.126534,0.001566,0.001847
0,0.079826,0.049229,0.142681,0.180721,0.132711,0.21847,0.001393,0.000859
0,0.07614,-0.008062,-0.012409,-0.067243,-0.004451,-0.104533,0.001329,0.000141
0,0.129281,-0.032645,0.070949,-0.026688,0.033522,-0.023062,0.002256,0.00057
0,-0.12636,-0.070636,-0.26472,-0.041226,-0.282949,-0.078763,0.002205,0.001233
0,-0.021546,0.031051,0.09175,0.081283,0.095441,0.07667,0.000376,0.000542
0,0.099189,-0.061035,0.147129,-0.084337,0.103443,-0.132615,0.001731,0.001065
0,-0.084658,-0.012828,-0.17412,0.064344,-0.130737,0.055298,0.001478,0.000224
0,-0.170912,-0.135045,-0.107379,-0.096103,-0.087888,-0.108158,0.002983,0.002357
0,0.050693,0.0423,0.218284,0.203774,0.210134,0.22906,0.000885,0.000738
0,-0.097223,-0.016525,-0.138124,-0.047207,-0.139087,0.00082,0.001697,0.000288
0,0.059013,0.112984,0.126432,0.104582,0.109983,0.117779,0.00103,0.001972
0,-0.158664,0.016325,-0.204945,-0.104435,-0.251364,-0.064447,0.002769,0.000285
0,-0.055491,-0.028938,0.116527,-0.056513,0.127755,-0.069096,0.000969,0.000505
0,-0.173723,0.076072,-0.134085,0.114954,-0.138122,0.150848,0.003032,0.001328
0,-0.13949,0.0753,0.041336,0.007095,0.077851,0.034453,0.002435,0.001314
0,-0.003603,0.136982,0.124763,0.041313,0.081546,0.066151,6.3e-05,0.002391
0,-0.241114,-0.041059,-0.208309,-0.149757,-0.233259,-0.190275,0.00361,0.000717
0,-0.057144,-0.082226,0.163454,-0.069902,0.120952,-0.104944,0.000997,0.001435
0,-0.191197,-0.053907,-0.124027,0.030992,-0.075132,-0.013174,0.003337,0.000941
0,-0.104096,0.007535,0.103058,0.090833,0.059163,0.114787,0.001817,0.000132
0,-0.098464,-0.007554,0.026349,-0.019373,0.034455,-0.001548,0.001719,0.000132
0,-0.246285,-0.10314,-0.13963,-0.088959,-0.189372,-0.107268,0.003519,0.0018
0,-0.038979,0.121357,0.18368,0.223623,0.179831,0.262526,0.00068,0.002118
0,-0.068992,0.107952,-0.04062,-0.000855,-0.020145,0.026976,0.001204,0.001884
0,-0.030334,-0.02054,0.022491,-0.136489,-0.007045,-0.13495,0.000529,0.000358
0,-0.147387,-0.016398,-0.127233,0.013584,-0.140634,0.011441,0.002572,0.000286
0,-0.213698,0.09629,-0.094165,0.129464,-0.130595,0.110527,0.00373,0.001681
0,-0.041861,-0.000175,0.162789,-0.071001,0.122657,-0.07022,0.000731,3e-06
0,-0.068649,0.038029,-0.011958,0.026761,-0.058909,0.023078,0.001198,0.000664
0,-0.027651,0.109881,0.052861,0.070873,0.098979,0.115565,0.000483,0.001918
0,-0.137584,-0.032142,-0.097029,-0.163813,-0.070345,-0.188454,0.002401,0.000561
0,-0.00826,0.038164,0.146219,0.086286,0.172438,0.107338,0.000144,0.000666
0,-0.100081,0.040288,-0.067413,-0.026063,-0.047565,-0.022746,0.001747,0.000703
0,0.026785,0.042171,0.126281,0.000771,0.078221,0.018089,0.000467,0.000736
0,0.110879,0.099945,0.089326,0.06008,0.058501,0.016464,0.001935,0.001744
0,-0.037078,0.055308,-0.129965,-0.073515,-0.098002,-0.026709,0.000647,0.000965
0,-0.07196,0.168642,-0.050533,0.084737,-0.051136,0.099972,0.001256,0.002943
0,-0.137407,-0.050383,-0.065598,-0.208564,-0.032998,-0.250778,0.002398,0.000879
0,-0.046508,0.162175,0.119411,0.218042,0.160483,0.252118,0.000812,0.00283
0,0.086852,0.024421,0.136966,-0.146655,0.132459,-0.126207,0.001516,0.000426
0,0.014631,0.113271,-0.100484,0.096069,-0.092298,0.063245,0.000255,0.001977
0,-0.102836,0.148595,-0.10902,0.051469,-0.109495,0.056059,0.001795,0.002593
0,0.134586,-0.004724,0.25329,-0.154853,0.216359,-0.170655,0.002349,8.2e-05
0,-0.0823,0.061604,-0.209159,0.064927,-0.188303,0.078564,0.001436,0.001075
0,0.036384,-0.070613,0.134792,-0.125221,0.179834,-0.104192,0.000635,0.001232
0,-0.070265,0.08871,-0.132014,0.14062,-0.166611,0.162782,0.001226,0.001548
0,-0.084687,0.04306,-0.000828,-0.027225,-0.0492,-0.005011,0.001478,0.000752
0,0.020982,0.031043,0.096371,-0.027223,0.113546,0.018254,0.000366,0.000542
0,-0.009122,0.028426,-0.018348,0.026757,-0.044977,0.003179,0.000159,0.000496
0,-0.121177,-0.00933,-0.107034,-0.020449,-0.113078,-0.01423,0.002115,0.000163
0,0.137744,-0.028771,0.282173,-0.012887,0.311965,0.015186,0.002404,0.000502
0,-0.030629,0.098326,-0.14721,0.135874,-0.120344,0.133126,0.000535,0.001716
0,-0.135856,0.003846,-0.094309,-0.109127,-0.072266,-0.13469,0.002371,6.7e-05
0,-0.10879,-0.010146,0.055831,-0.012516,0.047878,-0.008919,0.001899,0.000177
0,-1.068153,-0.277492,-0.966819,-0.246826,-0.971832,-0.200391,0.003007,0.002975
0,-1.710108,-0.55897,-0.648981,-0.286451,-0.68145,-0.277822,0.001424,0.001938
0,-1.573293,-0.8715,0.15332,-0.306843,0.157182,-0.356607,0.003812,0.000425
0,-1.450631,-0.863632,0.143521,0.034587,0.186803,0.019414,0.001865,0.000563
0,-1.441233,-0.809345,0.038373,0.034596,0.016464,0.068979,0.001701,0.00151
0,-1.123546,-0.755521,0.318363,0.082588,0.348504,0.092577,0.003844,0.002449
0,-1.008325,-0.716243,0.132915,0.053063,0.17916,0.05274,0.001963,0.003135
0,-0.71172,-0.617102,0.306399,0.090746,0.27267,0.136384,0.003214,0.002953
0,-0.211131,-0.531839,0.52806,0.10618,0.499593,0.136357,0.003685,0.001464
0,-0.158683,-0.33723,0.062116,0.185228,0.103599,0.199147,0.00277,0.001932
0,-0.052355,-0.178769,0.097472,0.184703,0.051774,0.200388,0.000914,0.00312
0,-0.049549,0.112569,-0.010391,0.271275,-0.054417,0.226507,0.000865,0.001965
0,0.193792,0.19615,0.262141,0.056458,0.307429,0.051283,0.003382,0.003423
0,0.784071,0.303051,0.585105,0.135184,0.611927,0.104994,0.001951,0.002529
0,0.942985,0.413427,0.154523,0.11397,0.160317,0.163823,0.000822,0.000602
0,0.830314,0.224435,-0.094082,-0.208497,-0.090767,-0.188406,0.001144,0.003901
0,0.493972,0.081608,-0.306511,-0.140294,-0.348081,-0.129428,0.000804,0.001424
0,0.471847,0.197317,-0.015246,0.13328,-0.053273,0.119084,0.000417,0.003444
0,0.392266,0.031003,-0.054907,-0.167674,-0.005028,-0.194879,0.000972,0.000541
0,0.170031,0.18518,-0.198541,0.175162,-0.158725,0.130508,0.002968,0.003232
0,0.020992,0.105606,-0.129702,-0.106674,-0.177759,-0.152022,0.000366,0.001843
0,-0.033609,0.12463,-0.078975,-0.003013,-0.060875,0.001383,0.000587,0.002175
0,0.038426,0.228853,0.079808,0.112063,0.05809,0.107348,0.000671,0.003824
0,0.047024,0.200295,-0.009367,-0.04014,-0.014975,0.0081,0.000821,0.003496
0,-0.013656,-0.063984,-0.047371,-0.241579,-0.035423,-0.202678,0.000238,0.001117
0,0.036011,-0.013399,0.054086,0.043062,0.094975,0.048979,0.000629,0.000234
0,-0.108339,0.085247,-0.146848,0.089774,-0.116536,0.048341,0.001891,0.001488
0,-0.089443,0.052829,0.034078,-0.030899,0.039379,-0.072896,0.001561,0.000922
0,-0.159667,-0.139096,-0.069381,-0.17388,-0.088146,-0.206674,0.002787,0.002428
0,-0.093091,-0.088647,0.077885,0.072526,0.08235,0.064571,0.001625,0.001547
0,-0.118177,0.088532,-0.01541,0.172479,-0.055479,0.153137,0.002063,0.001545
0,0.010272,0.049053,0.107317,-0.063343,0.125027,-0.076581,0.000179,0.000856
0,0.048312,0.050428,0.048377,-0.012893,0.082073,0.002773,0.000843,0.00088
0,-0.076928,0.063467,-0.143333,0.006816,-0.148665,0.040789,0.001343,0.001108
0,-0.215392,0.111446,-0.154373,0.050431,-0.172213,0.040645,0.003759,0.001945
0,-0.067886,0.124065,0.147255,0.029537,0.113944,-0.005181,0.001185,0.002165
0,-0.035249,-0.029635,0.058878,-0.165473,0.083381,-0.149813,0.000615,0.000517
0,-0.1744,0.100342,-0.153538,0.125905,-0.198054,0.150874,0.003044,0.001751
0,-0.172922,0.057931,0.027967,-0.057534,-0.008317,-0.014951,0.003018,0.001011
0,0.011549,-0.033372,0.20307,-0.10529,0.161552,-0.154706,0.000202,0.000582
0,-0.240904,-0.01108,-0.23435,0.032401,-0.222448,0.017767,0.003613,0.000193
0,-0.154643,0.116951,0.110536,0.111961,0.061128,0.10787,0.002699,0.002041
0,-0.27507,0.004993,-0.150047,-0.097542,-0.195649,-0.130807,0.003017,8.7e-05
0,-0.041708,-0.100146,0.250286,-0.088596,0.282552,-0.123047,0.000728,0.001748
0,-0.337499,-0.091187,-0.322787,-0.020772,-0.290064,-0.053452,0.001927,0.001592
0,-0.163822,0.028744,0.198919,0.127781,0.245796,0.153825,0.002859,0.000502
0,-0.339476,-0.154668,-0.200682,-0.184969,-0.196795,-0.185544,0.001893,0.002699
0,-0.268266,0.060061,0.093957,0.234355,0.107012,0.21139,0.003136,0.001048
0,-0.269624,-0.014693,-0.028041,-0.063733,-0.014371,-0.082421,0.003112,0.000256
0,-0.0996,-0.159509,0.163336,-0.173385,0.198134,-0.202731,0.001738,0.002784
0,-0.282697,-0.030007,-0.192369,0.11149,-0.224844,0.101068,0.002884,0.000524
0,-0.411022,-0.078483,-0.138938,-0.058776,-0.142382,-0.096574,0.000644,0.00137
0,-0.132999,-0.021004,0.274132,0.049704,0.295945,0.087392,0.002321,0.000367
0,-0.377791,-0.138659,-0.249236,-0.11142,-0.212208,-0.132497,0.001224,0.00242
0,-0.298771,0.014369,0.108551,0.152365,0.095629,0.201567,0.002603,0.000251
0,-0.395611,0.130702,-0.091819,0.105305,-0.12337,0.139496,0.000913,0.002281
0,-0.290668,-0.080014,0.099946,-0.212831,0.136906,-0.207082,0.002745,0.001397
0,-0.305472,-0.016623,-0.010319,0.061831,0.039018,0.061601,0.002486,0.00029
0,-0.405625,0.116817,-0.079349,0.159241,-0.118599,0.161545,0.000738,0.002039
0,-0.158295,0.026313,0.231406,-0.103764,0.249117,-0.061308,0.002763,0.000459
0,-0.326394,0.111894,-0.195695,0.095619,-0.194935,0.070749,0.002121,0.001953
0,-0.121712,-0.056793,0.195506,-0.196086,0.233673,-0.200674,0.002124,0.000991
0,-0.334363,0.093286,-0.193414,0.16098,-0.232905,0.117245,0.001982,0.001628
0,-0.33285,-0.009369,0.023167,-0.128459,-0.024857,-0.140184,0.002009,0.000164
0,-0.133788,-0.134795,0.22582,-0.151311,0.266896,-0.175647,0.002335,0.002353
0,-0.161135,-0.160002,-0.004937,-0.040923,0.037726,-0.053138,0.002812,0.002793
0,-0.324024,-0.051073,-0.139905,0.092184,-0.160806,0.077026,0.002163,0.000891
0,-0.278922,-0.076256,0.036082,-0.01761,0.028672,-0.014112,0.00295,0.001331
0,-0.27204,-0.117121,0.010649,-0.07001,0.016937,-0.031808,0.00307,0.002044
0,-0.154531,0.121211,0.127834,0.242126,0.10409,0.207317,0.002697,0.002116
0,-0.232916,-0.086725,-0.10334,-0.193869,-0.090157,-0.148364,0.003753,0.001514
0,-0.284765,-0.047395,-0.052143,0.019999,-0.021823,0.062516,0.002848,0.000827
0,-0.14342,0.054716,0.114873,0.113332,0.120738,0.089417,0.002503,0.000955
0,-0.28836,0.124313,-0.131156,0.093293,-0.093075,0.05165,0.002785,0.00217
0,-0.2399,-0.00586,0.076702,-0.15336,0.081823,-0.19776,0.003631,0.000102
0,-0.261041,-0.025048,0.005026,-0.011884,0.021255,0.019668,0.003262,0.000437
0,-0.245337,-0.05884,0.004854,-0.041429,0.050641,-0.011354,0.003536,0.001027
0,-0.170132,-0.096734,0.053602,-0.045539,0.077649,-0.083244,0.002969,0.001688
0,-0.10873,-0.133131,0.056916,-0.054911,0.089539,-0.085477,0.001898,0.002324
0,-0.108935,0.047011,0.02042,0.156039,-0.011449,0.118783,0.001901,0.000821
0,-0.258515,0.106781,-0.173585,0.042024,-0.212771,0.084037,0.003306,0.001864
0,-0.139514,0.100232,0.142829,-0.00533,0.106676,-0.053792,0.002435,0.001749
0,-0.213111,0.067462,-0.066408,-0.023755,-0.056793,0.001272,0.003719,0.001177
0,-0.176932,0.074939,0.063504,-0.005225,0.072077,0.017413,0.003088,0.001308
0,0.00286,-0.038512,0.205199,-0.086822,0.220169,-0.080424,5e-05,0.000672
0,-0.216771,0.074063,-0.239796,0.101152,-0.255582,0.14932,0.003783,0.001293
0,-0.180534,0.18991,0.064883,0.086645,0.108784,0.125527,0.003151,0.003315
0,0.02071,-0.02609,0.222745,-0.225547,0.182119,-0.214682,0.000361,0.000455
0,0.091738,-0.050864,0.061258,0.001203,0.081096,0.030312,0.001601,0.000888
0,-0.04695,0.106245,-0.119595,0.15501,-0.104269,0.126217,0.000819,0.001854
0,-0.143872,0.057892,-0.081247,-0.064432,-0.099251,-0.053232,0.002511,0.00101
0,-1.073365,0.266747,-0.921563,0.226945,-0.947549,0.276349,0.003098,0.003162
0,-2.02722,0.288121,-0.926001,0.006635,-0.941742,0.053199,0.003708,0.002789
0,-2.840654,0.164154,-0.840972,-0.110678,-0.82139,-0.097182,0.002672,0.002865
0,-2.370399,0.276595,0.483988,0.104444,0.437519,0.077044,0.002282,0.00299
0,-2.332501,0.144735,0.050463,-0.117339,0.060805,-0.149619,0.00162,0.002526
0,-1.939069,-0.006485,0.420106,-0.132402,0.392564,-0.129203,0.002572,0.000113
0,-1.514438,0.011254,0.399493,-0.002484,0.418729,0.029367,0.002978,0.000196
0,-1.087718,0.129007,0.43542,0.120425,0.409293,0.132959,0.003348,0.002252
0,-0.890973,0.041411,0.184114,-0.114726,0.145381,-0.109898,8.5e-05,0.000723
0,-0.689107,-0.142899,0.201656,-0.180902,0.17857,-0.148802,0.003609,0.002494
0,-0.490141,-0.040135,0.20779,0.084596,0.255147,0.11344,0.000737,0.0007
0,-0.150953,0.064936,0.355013,0.11534,0.344939,0.097131,0.002635,0.001133
0,0.026443,0.128262,0.175502,0.05387,0.200419,0.023919,0.000462,0.002239
0,-0.10568,0.028849,-0.161854,-0.108448,-0.162437,-0.131123,0.001844,0.000504
0,0.159996,0.078686,0.265438,0.074841,0.308272,0.095868,0.002792,0.001373
0,-0.013978,0.118297,-0.149096,0.063465,-0.18868,0.08646,0.000244,0.002065
0,-0.026499,0.103408,-0.010467,0.008676,-0.052297,0.010915,0.000462,0.001805
0,0.20082,-0.129141,0.232274,-0.205407,0.236055,-0.225828,0.003505,0.002254
0,0.079378,0.017432,-0.113763,0.173189,-0.117745,0.179838,0.001385,0.000304
0,0.228364,0.01991,0.150129,-0.019347,0.173617,0.020589,0.003832,0.000347
0,0.212406,0.023831,0.008419,-0.003037,-0.021399,-0.051616,0.003707,0.000416
0,0.064717,-0.111005,-0.151654,-0.134774,-0.128708,-0.114383,0.00113,0.001937
0,0.171499,0.12154,0.102008,0.256824,0.079188,0.305661,0.002993,0.002121
0,0.044052,-0.087297,-0.144515,-0.193805,-0.118844,-0.169222,0.000769,0.001524
0,0.067428,-0.096565,0.041898,-0.006081,0.012951,-0.008184,0.001177,0.001685
0,0.05798,-0.037946,-0.035025,0.047075,-0.018513,0.053605,0.001012,0.000662
0,0.117988,0.05937,0.030202,0.108061,0.066598,0.098683,0.002059,0.001036
0,0.196969,-0.00676,0.073858,-0.075349,0.035225,-0.068985,0.003438,0.000118
0,0.040765,0.069759,-0.172662,0.088275,-0.186192,0.05942,0.000711,0.001218
0,0.178458,0.121809,0.150088,0.028521,0.1302,0.020293,0.003115,0.002126
0,0.05651,0.017756,-0.132056,-0.13224,-0.144304,-0.121386,0.000986,0.00031
0,0.144042,0.191949,0.074508,0.17574,0.111257,0.127631,0.002514,0.00335
0,-0.009397,-0.03153,-0.142406,-0.212156,-0.187666,-0.227588,0.000164,0.00055
0,0.155564,0.119696,0.189687,0.181104,0.201217,0.145386,0.002715,0.002089
0,0.19338,0.125607,0.064521,0.000742,0.014859,0.045134,0.003375,0.002192
0,0.093294,0.033357,-0.119791,-0.064029,-0.163012,-0.046177,0.001628,0.000582
0,0.084266,0.130218,0.003456,0.094237,0.028953,0.069574,0.001471,0.002273
0,0.149018,-0.006185,0.070497,-0.154405,0.087564,-0.109166,0.002601,0.000108
0,0.070195,0.057158,-0.095504,0.047413,-0.118003,0.080328,0.001225,0.000998
0,-0.003156,0.245885,-0.101997,0.215896,-0.134991,0.190766,5.5e-05,0.003526
0,-0.041103,-0.026888,-0.04774,-0.265438,-0.015484,-0.295474,0.000717,0.000469
0,0.08966,-0.032872,0.10179,-0.020558,0.133774,-0.009254,0.001565,0.000574
0,0.111187,0.179179,0.025264,0.193502,0.004554,0.163793,0.001941,0.003127
0,-0.120779,0.251597,-0.247522,0.063106,-0.290231,0.106365,0.002108,0.003427
0,0.113819,0.195994,0.234863,-0.078287,0.246545,-0.028924,0.001987,0.003421
0,0.028864,-0.051761,-0.062977,-0.275791,-0.063572,-0.254918,0.000504,0.000903
0,-0.039451,0.083169,-0.064171,0.121514,-0.049623,0.142537,0.000689,0.001452
0,-0.226156,0.216007,-0.199919,0.128223,-0.162216,0.176273,0.003871,0.00377
0,-0.163736,0.217249,0.066534,-0.006632,0.075193,0.020048,0.002858,0.003792
0,-0.146232,0.187296,0.045182,-0.025296,0.090266,-0.005468,0.002552,0.003269
0,-0.036183,0.138773,0.099067,-0.024377,0.054247,-0.066152,0.000632,0.002422
0,0.017206,0.12682,0.075609,-0.040877,0.045155,0.008556,0.0003,0.002213
0,-0.151251,-0.073697,-0.186913,-0.187907,-0.15775,-0.177576,0.00264,0.001286
0,0.010198,0.001912,0.162357,0.070364,0.181775,0.094024,0.000178,3.3e-05
0,-0.120159,0.103637,-0.109833,0.074817,-0.13213,0.123464,0.002097,0.001809
0,-0.094699,-0.022309,0.009995,-0.12286,0.050575,-0.113794,0.001653,0.000389
0,0.061148,0.098288,0.127909,0.103646,0.140088,0.063157,0.001067,0.001715
0,-0.05168,-0.029584,-0.136747,-0.098767,-0.135661,-0.130164,0.000902,0.000516
0,0.041491,0.20775,0.12234,0.253608,0.144469,0.236858,0.000724,0.003626
0,0.010571,0.113926,-0.031039,-0.110147,0.002792,-0.064749,0.000185,0.001988
0,-0.155874,0.156595,-0.147236,0.061246,-0.169594,0.018898,0.002721,0.002733
0,0.161726,0.088215,0.292195,-0.059023,0.279185,-0.042651,0.002823,0.00154
0,0.019178,-0.041116,-0.141124,-0.117714,-0.118136,-0.082783,0.000335,0.000718
0,0.102175,0.176179,0.064983,0.205872,0.094275,0.227514,0.001783,0.003075
0,0.101473,0.096436,0.000537,-0.070702,0.021499,-0.086448,0.001771,0.001683
0,0.183216,0.012128,0.06154,-0.077184,0.075657,-0.04448,0.003198,0.000212
0,0.0014,-0.03924,-0.170799,-0.074845,-0.192846,-0.103924,2.4e-05,0.000685
0,0.069179,0.024248,0.088913,0.07777,0.088658,0.073335,0.001207,0.000423
0,-0.007387,-0.000412,-0.101719,-0.018567,-0.120604,-0.024418,0.000129,7e-06
0,-0.157299,0.012352,-0.176799,0.001617,-0.221559,0.048665,0.002745,0.000216
0,-0.000205,0.139051,0.173792,0.103119,0.191831,0.066728,4e-06,0.002427
0,-0.109334,-0.03802,-0.105454,-0.191163,-0.058973,-0.203776,0.001908,0.000664
0,0.056528,-0.053365,0.178086,-0.01128,0.167477,-0.031235,0.000987,0.000931
0,-0.045435,0.186789,-0.086201,0.230332,-0.05571,0.227475,0.000793,0.00326
0,0.012837,-0.04679,0.073765,-0.250158,0.118192,-0.284173,0.000224,0.000817
0,0.042968,-0.011193,0.040376,0.011823,-0.005593,-0.012645,0.00075,0.000195
0,-0.04651,-0.009202,-0.119465,0.019591,-0.107071,0.050664,0.000812,0.000161
0,0.071903,0.010348,0.115988,0.036545,0.11546,0.018446,0.001255,0.000181
0,-0.003659,0.120992,-0.048079,0.114725,-0.040528,0.064745,6.4e-05,0.002112
0,0.174869,0.021823,0.204959,-0.110266,0.25344,-0.122444,0.003052,0.000381
0,0.182974,0.146592,-0.002227,0.143423,0.015871,0.15488,0.003193,0.002559
0,0.144885,0.019132,-0.063498,-0.129632,-0.096317,-0.132382,0.002529,0.000334
0,0.017322,0.003403,-0.155683,0.009426,-0.129519,-0.02455,0.000302,5.9e-05
0,0.02991,-0.103103,0.025963,-0.129809,0.008966,-0.139684,0.000522,0.001799
0,-0.011506,-0.058673,-0.039479,0.016665,-0.054497,0.014482,0.000201,0.001024
0,0.031881,-0.034833,0.025836,0.019688,0.027634,0.021588,0.000556,0.000608
0,-0.078077,0.038823,-0.087307,0.085224,-0.108882,0.084115,0.001363,0.000678
0,-0.082505,-0.065388,-0.01876,-0.113374,-0.061391,-0.107014,0.00144,0.001141
0,-0.162202,-0.057377,-0.107141,0.025105,-0.0612,0.045447,0.002831,0.001001
0,-0.038683,-0.059364,0.14538,0.004537,0.103184,-0.022833,0.000675,0.001036
0,0.021254,0.015197,0.054102,0.088329,0.021593,0.066238,0.000371,0.000265
0,-0.130985,0.049985,-0.177095,0.056188,-0.215908,0.028637,0.002286,0.000872
0,0.072509,-0.082217,0.208465,-0.12317,0.232073,-0.102741,0.001266,0.001435
0,0.018902,0.135086,-0.076231,0.225337,-0.125673,0.255971,0.00033,0.002358
0,0.053182,-0.128177,0.018269,-0.256815,0.055355,-0.301271,0.000928,0.002237
0,-0.031278,0.109238,-0.078875,0.209217,-0.046884,0.205474,0.000546,0.001907
0,-0.000481,-0.150133,0.023561,-0.27227,0.032761,-0.301526,8e-06,0.00262
0,0.189309,-0.0731,0.194702,0.103088,0.196795,0.117906,0.003304,0.001276
0,0.119445,-0.072412,-0.07037,0.010141,-0.038195,0.001097,0.002085,0.001264
0,0.087933,-0.031201,-0.008868,0.014817,0.021241,-0.017831,0.001535,0.000545
0,0.090159,0.047098,-0.016868,0.078407,-0.059096,0.030961,0.001574,0.000822
0,-0.064462,0.101194,-0.151714,0.074245,-0.104429,0.097626,0.001125,0.001766
0,-0.004928,0.14643,0.077364,0.062542,0.061351,0.101692,8.6e-05,0.002556
0,0.101838,0.017668,0.117444,-0.140349,0.145069,-0.154779,0.001777,0.000308
0,-0.124797,-0.118712,-0.230986,-0.109137,-0.223769,-0.150759,0.002178,0.002072
0,-0.024468,-0.04531,0.096531,0.098046,0.054009,0.127023,0.000427,0.000791
0,0.088576,-0.062005,0.102192,0.002489,0.093214,0.00288,0.001546,0.001082
0,-0.088272,-0.119885,-0.179809,-0.031659,-0.158622,-0.064566,0.001541,0.002092
0,-0.096814,-0.016281,-0.029947,0.095802,-0.045305,0.045827,0.00169,0.000284
0,-0.09814,0.092223,0.017814,0.124579,0.063462,0.081314,0.001713,0.00161
0,0.037891,0.149177,0.111596,0.06161,0.072003,0.102503,0.000661,0.002604
0,0.067375,0.109652,0.058911,-0.013778,0.010722,-0.058173,0.001176,0.001914
0,-0.098663,0.106856,-0.140595,0.014393,-0.090999,0.049193,0.001722,0.001865
0,1.460275,0.404823,1.541708,0.276483,1.537619,0.322504,0.002033,0.000752
0,2.085484,0.858878,0.609562,0.433228,0.651923,0.400752,0.002691,0.000646
0,2.838402,0.947246,0.757225,0.106623,0.728571,0.059794,0.002632,0.000897
0,2.238104,0.886971,-0.589929,-0.066193,-0.577441,-0.040821,2.7e-05,0.000155
0,1.944646,0.854295,-0.269758,-0.046131,-0.243357,-0.087526,0.002669,0.000725
0,1.791457,0.604353,-0.177414,-0.272776,-0.205096,-0.305994,5e-06,0.00273
0,1.033096,0.203859,-0.754795,-0.426994,-0.712591,-0.474065,0.002395,0.003558
0,1.881192,-0.497113,0.828894,-0.704805,0.817128,-0.682963,0.001561,0.000858
0,3.580045,-1.226648,1.722564,-0.710021,1.769202,-0.681347,5.9e-05,0.002045
0,3.091268,-1.258788,-0.477733,-0.055696,-0.429924,-0.044926,0.000772,0.001484
0,3.277606,-1.360438,0.16415,-0.128871,0.195536,-0.123649,0.00248,0.00029
0,2.583629,-1.397292,-0.671377,-0.015636,-0.672542,0.019017,0.001814,0.000934
0,2.333289,-1.449773,-0.222269,-0.076718,-0.179784,-0.10745,0.001634,0.00185
0,1.598106,-1.436961,-0.716578,-0.00765,-0.756309,0.02015,0.003379,0.001626
0,1.164009,-1.19542,-0.448881,0.220847,-0.46753,0.177238,0.003138,0.00259
0,0.194778,-0.889896,-0.985693,0.277216,-0.980882,0.240311,0.0034,0.000104
0,0.039667,-0.575767,-0.163844,0.305118,-0.13662,0.350403,0.000692,0.002231
0,-0.27917,-0.416998,-0.337428,0.161515,-0.305151,0.129281,0.002945,0.00054
0,-0.10777,-0.337906,0.171476,0.056698,0.123377,0.049182,0.001881,0.00192
0,-0.229697,-0.540868,-0.113509,-0.226426,-0.070976,-0.210324,0.003809,0.001622
0,-0.306463,-0.307076,-0.052463,0.216625,-0.03476,0.212303,0.002469,0.002458
0,-0.091384,-0.352302,0.204683,-0.060253,0.24429,-0.015098,0.001595,0.001669
0,-0.168677,-0.289697,-0.05105,0.092123,-0.024374,0.101437,0.002944,0.002762
0,-0.150175,-0.474136,0.003664,-0.157311,0.016727,-0.198798,0.002621,0.000457
0,-0.293111,-0.433855,-0.138707,0.027716,-0.111545,0.05617,0.002702,0.000246
0,-0.193786,-0.374357,0.082027,0.05422,0.07768,0.072641,0.003382,0.001284
0,-0.141449,-0.193055,0.056991,0.180951,0.083056,0.186035,0.002469,0.003369
0,0.020575,-0.296923,0.151886,-0.08161,0.113205,-0.068433,0.000359,0.002636
0,-0.140146,-0.381349,-0.178094,-0.074593,-0.225559,-0.031298,0.002446,0.001162
0,0.048031,-0.235469,0.172076,0.122488,0.218266,0.139459,0.000838,0.003708
0,-0.008659,-0.264573,-0.076868,-0.032298,-0.121589,-0.059543,0.000151,0.0032
0,-0.181314,-0.047977,-0.152207,0.219134,-0.145691,0.238848,0.003165,0.000837
0,-0.317853,-0.273886,-0.10768,-0.200789,-0.114163,-0.241138,0.00227,0.003038
0,-0.222918,-0.10234,0.089789,0.151641,0.082167,0.155762,0.003891,0.001786
0,0.00744,-0.20511,0.221967,-0.081849,0.200104,-0.033503,0.00013,0.00358
0,-0.098181,-0.048121,-0.1331,0.179211,-0.175886,0.191087,0.001714,0.00084
0,-0.183019,-0.122956,-0.086255,-0.101262,-0.064276,-0.141312,0.003194,0.002146
0,-0.02784,-0.208817,0.145374,-0.106803,0.139098,-0.093275,0.000486,0.003645
0,-0.123596,-0.171171,-0.113122,0.02059,-0.151317,0.043027,0.002157,0.002987
0,-0.018473,-0.201629,0.127866,-0.022061,0.092603,-0.001431,0.000322,0.003519
0,0.04352,-0.148596,0.050107,0.073031,0.081855,0.090319,0.00076,0.002593
0,0.018752,-0.036927,-0.052392,0.129403,-0.058004,0.125544,0.000327,0.000644
0,-0.192918,-0.123535,-0.202313,-0.100756,-0.189355,-0.122469,0.003367,0.002156
0,0.007418,-0.043249,0.198808,0.076076,0.148925,0.063871,0.000129,0.000755
0,-0.039539,-0.20981,-0.042377,-0.151068,-0.073369,-0.199542,0.00069,0.003662
0,0.008235,0.015869,0.043357,0.226778,0.077462,0.178736,0.000144,0.000277
0,-0.091832,-0.157812,-0.120138,-0.162733,-0.121355,-0.169694,0.001603,0.002754
0,-0.120733,0.065178,-0.043472,0.242047,0.000993,0.226428,0.002107,0.001138
0,-0.237144,-0.133616,-0.118407,-0.186493,-0.07222,-0.218275,0.003679,0.002332
0,0.028555,0.067706,0.267545,0.174077,0.228188,0.146148,0.000498,0.001182
0,-0.136237,0.083827,-0.135676,-0.008046,-0.098945,0.005457,0.002378,0.001463
0,-0.239227,-0.074304,-0.103995,-0.184894,-0.13747,-0.226475,0.003643,0.001297
0,-0.238855,-0.096135,-0.017431,-0.032804,0.02981,-0.045687,0.003649,0.001678
0,-0.089814,0.006782,0.15208,0.121111,0.11801,0.14085,0.001568,0.000118
0,-0.050575,-0.127374,0.043424,-0.104653,0.042344,-0.128145,0.000883,0.002223
0,-0.158422,-0.054053,-0.088778,0.049618,-0.057048,0.039949,0.002765,0.000943
0,-0.30743,-0.041289,-0.150695,0.013626,-0.200464,-0.001566,0.002452,0.000721
0,0.033338,-0.064294,0.318569,-0.027591,0.286523,0.005512,0.000582,0.001122
0,1.807842,-0.350812,1.757599,-0.30604,1.799846,-0.337871,0.000281,0.001695
0,3.758956,-0.352442,1.975962,0.026832,1.999867,0.009476,0.003063,0.001667
0,4.160669,-0.563383,0.387502,-0.221656,0.419557,-0.186646,0.002256,0.002015
0,3.23452,-0.547871,-0.918775,0.026674,-0.887642,-0.011114,0.001728,0.001744
0,2.531238,-0.330289,-0.718487,0.195268,-0.725933,0.206062,0.002729,0.002053
0,1.567773,-0.332393,-0.97288,0.012485,-0.939949,-0.001375,0.003909,0.002017
0,0.987325,-0.364045,-0.560876,-0.019086,-0.579373,-0.067831,0.001596,0.001464
0,0.594672,-0.222362,-0.406014,0.139762,-0.451403,0.180826,0.002561,0.003881
0,0.391691,-0.241829,-0.17767,-0.012788,-0.208605,-0.007096,0.000982,0.003597
0,0.138464,0.061344,-0.24671,0.330108,-0.281057,0.310155,0.002417,0.001071
0,0.053195,-0.019394,-0.062153,-0.067918,-0.09848,-0.094924,0.000928,0.000338
0,-0.078414,0.086936,-0.129676,0.080544,-0.08405,0.083679,0.001369,0.001517
0,-0.125432,0.112091,-0.04507,0.01396,-0.053937,0.059243,0.002189,0.001956
0,-0.206249,0.072556,-0.060681,-0.043631,-0.048004,-0.057316,0.0036,0.001266
0,-0.378962,-0.021098,-0.150587,-0.101407,-0.151755,-0.142458,0.001204,0.000368
0,-0.392043,-0.08218,-0.021863,-0.046286,-0.054116,-0.066282,0.000975,0.001434
0,-0.417269,-0.022356,-0.039693,0.062516,-0.06085,0.086105,0.000535,0.00039
0,-0.427146,-0.057597,-0.022287,-0.010431,-0.052536,0.036008,0.000363,0.001005
0,-0.447955,0.139336,-0.015464,0.211283,-0.031916,0.224095,0.0,0.002432
0,-0.42328,-0.09893,0.021584,-0.264471,0.044094,-0.22474,0.00043,0.001727
0,-0.244353,-0.098628,0.155586,0.000349,0.196875,0.038812,0.003553,0.001721
0,-0.51138,-0.131771,-0.260303,-0.056852,-0.260251,-0.076572,0.001107,0.0023
0,-0.269038,0.046159,0.264455,0.14994,0.264995,0.197782,0.003122,0.000806
0,-0.295381,0.089659,-0.050754,0.032458,-0.075706,0.014639,0.002662,0.001565
0,-0.376204,-0.014757,-0.055867,-0.08557,-0.018421,-0.072085,0.001252,0.000258
0,-0.165213,-0.028223,0.18553,-0.007845,0.14788,0.036657,0.002884,0.000493
0,-0.12531,0.038305,0.061739,0.093879,0.069421,0.127089,0.002187,0.000669
0,-0.196772,-0.075811,-0.081787,-0.09298,-0.111635,-0.125991,0.003434,0.001323
0,2.444865,-1.454242,2.615629,-1.37345,2.647918,-1.33723,0.003582,0.001928
0,5.425131,-2.368504,3.004557,-0.898213,2.956049,-0.878052,0.000872,0.002249
0,5.793518,-2.887679,0.392181,-0.546543,0.416424,-0.505043,0.000516,0.003492
0,5.331181,-2.823837,-0.457899,0.058851,-0.47979,0.070838,0.000768,0.002378
0,4.314133,-2.417819,-0.987148,0.425501,-0.967963,0.46312,0.002883,0.00311
0,2.78801,-1.73207,-1.531918,0.675391,-1.556606,0.649057,0.001753,0.001041
0,2.146526,-0.955061,-0.627984,0.751021,-0.669327,0.722266,0.001625,0.001033
0,1.404249,-0.580855,-0.765727,0.368423,-0.739532,0.388908,0.001055,0.00232
0,0.738327,-0.387576,-0.681546,0.202594,-0.711161,0.174371,0.00275,0.001053
0,0.146917,-0.081709,-0.616106,0.282672,-0.62662,0.250041,0.002564,0.001426
0,-0.102678,0.041837,-0.273808,0.114327,-0.291616,0.114572,0.001792,0.00073
0,-0.178779,0.074997,-0.084787,0.046673,-0.128446,0.012755,0.00312,0.001309
0,-0.639863,0.000143,-0.435991,-0.051317,-0.424349,-0.085444,0.00335,2e-06
0,-0.57013,0.203876,0.079773,0.18388,0.066615,0.206288,0.002133,0.003558
0,-0.494072,0.193375,0.05852,-0.013722,0.082361,-0.042149,0.000805,0.003375
0,-0.634744,0.194939,-0.151253,0.029552,-0.180172,0.019656,0.00326,0.003402
0,-0.597531,0.008014,0.047526,-0.199578,0.002795,-0.221182,0.002611,0.00014
0,-1.419633,0.666304,-0.805526,0.662075,-0.801328,0.69846,0.001324,0.003811
0,-1.445697,0.724214,-0.049419,0.080696,-0.043948,0.073292,0.001779,0.002996
0,-1.731413,1.051335,-0.281304,0.329905,-0.273437,0.285198,0.001053,0.002713
0,-1.384959,1.19495,0.350724,0.126166,0.308708,0.167973,0.000718,0.002598
0,-1.025273,0.966275,0.338064,-0.221729,0.37552,-0.1943,0.002259,0.001229
0,-1.00385,0.912794,0.017155,-0.077844,0.021362,-0.118404,0.001885,0.000296
0,-0.708512,0.406214,0.266642,-0.525016,0.222368,-0.522291,0.00327,0.000728
0,-0.739039,0.443553,-0.039281,0.042996,-0.027528,0.068104,0.002737,7.6e-05
0,-0.484402,0.257519,0.268963,-0.172083,0.233027,-0.15988,0.000637,0.003323
0,-0.272231,0.278781,0.205556,-0.005015,0.179015,0.033466,0.003067,0.002952
0,-0.381321,0.138661,-0.088135,-0.167743,-0.065241,-0.205856,0.001163,0.00242
0,-0.010878,-0.005482,0.344228,-0.169142,0.390426,-0.180501,0.00019,9.6e-05
0,-0.147195,-0.045396,-0.136266,-0.016637,-0.138129,0.011651,0.002569,0.000792
0,0.010067,-0.020288,0.160634,0.05199,0.156081,0.038243,0.000176,0.000354
0,0.151515,-0.269054,0.142966,-0.255415,0.112488,-0.228993,0.002644,0.003122
0,0.171269,0.004803,0.010014,0.297056,-0.008984,0.289458,0.002989,8.4e-05
0,0.298862,-0.072315,0.121392,-0.078095,0.161723,-0.094377,0.002602,0.001262
0,0.17242,-0.081915,-0.154785,-0.039552,-0.179057,-0.00722,0.003009,0.00143
0,0.084402,-0.056468,-0.061911,0.043662,-0.020046,0.040008,0.001473,0.000986
0,0.062625,-0.153249,-0.031935,-0.114686,-0.071393,-0.103525,0.001093,0.002675
0,0.090544,-0.11518,0.040645,0.049574,-0.007169,0.092469,0.00158,0.00201
0,-0.058979,-0.006573,-0.122324,0.099816,-0.160464,0.13123,0.001029,0.000115
0,0.154024,-0.162177,0.18641,-0.137104,0.219747,-0.15273,0.002688,0.002831
0,-0.042856,-0.119237,-0.204088,0.02639,-0.250812,0.057008,0.000748,0.002081
0,0.160982,-0.233204,0.194306,-0.138637,0.214039,-0.15554,0.00281,0.003748
0,0.157934,-0.041928,-0.012141,0.208055,0.0279,0.201714,0.002756,0.000732
0,-0.071816,0.032176,-0.252791,0.074381,-0.222561,0.083768,0.001253,0.000562
0,0.108972,0.020314,0.179199,-0.031224,0.165726,-0.074713,0.001902,0.000355
0,0.094694,0.025934,-0.017207,0.001301,0.020034,-0.022307,0.001653,0.000453
0,0.167275,0.179842,0.077842,0.129468,0.122803,0.131734,0.00292,0.003139
0,0.080091,0.037431,-0.061971,-0.118827,-0.094499,-0.129861,0.001398,0.000653
0,0.163925,0.092684,0.063143,0.037893,0.068748,0.082994,0.002861,0.001618
0,-0.006865,0.054998,-0.18226,-0.030669,-0.17703,-0.075838,0.00012,0.00096
0,0.111568,-0.085042,0.122948,-0.131631,0.117671,-0.129469,0.001947,0.001484
0,0.014725,-0.100069,-0.114629,-0.043542,-0.108595,-0.030622,0.000257,0.001747
0,0.124896,-0.012607,0.107076,0.104418,0.080433,0.071456,0.00218,0.00022
0,-0.059777,0.122197,-0.171462,0.147936,-0.199962,0.197718,0.001043,0.002133
0,0.036762,0.039904,0.124533,-0.080822,0.162256,-0.12338,0.000642,0.000696
0,0.02465,0.040997,-0.031502,0.00442,0.016521,-0.036351,0.00043,0.000716
0,0.004476,-0.016065,0.000792,-0.041561,-0.008284,-0.047144,7.8e-05,0.00028
0,0.086648,0.158321,0.07143,0.167849,0.040913,0.134013,0.001512,0.002763
0,0.218191,-0.074065,0.106354,-0.252744,0.126749,-0.210364,0.003808,0.001293
0,0.18823,0.161409,-0.01981,0.254266,0.00804,0.23796,0.003285,0.002817
0,0.09061,0.041951,-0.126235,-0.133091,-0.164552,-0.13235,0.001581,0.000732
0,-0.041786,-0.047505,-0.118323,-0.109111,-0.068598,-0.116916,0.000729,0.000829
0,0.042439,0.121755,0.112019,0.160157,0.124185,0.200958,0.000741,0.002125
0,0.170471,0.011724,0.127269,-0.120375,0.144219,-0.167846,0.002975,0.000205
0,0.012228,-0.006659,-0.154117,-0.001677,-0.153848,0.011349,0.000213,0.000116
0,0.18022,-0.091205,0.156757,-0.099192,0.192197,-0.078245,0.003145,0.001592
0,0.00188,-0.139615,-0.173723,-0.025612,-0.201651,-0.006825,3.3e-05,0.002437
0,0.148239,-0.095449,0.154514,0.048956,0.187796,0.082263,0.002587,0.001666
0,-0.091876,-0.088536,-0.232017,0.013394,-0.250225,0.03533,0.001604,0.001545
0,-0.036573,0.060895,0.033786,0.129731,0.066614,0.088221,0.000638,0.001063
0,-0.016667,-0.118649,-0.001111,-0.199125,0.029439,-0.162522,0.000291,0.002071
0,0.066813,0.064248,0.083516,0.160472,0.033757,0.181329,0.001166,0.001121
0,0.036145,0.029719,-0.034628,-0.055363,-0.051422,-0.04372,0.000631,0.000519
0,0.14627,0.055515,0.106153,0.015433,0.136805,-0.020675,0.002553,0.000969
0,-0.02381,0.07435,-0.171257,0.014331,-0.197017,0.052715,0.000416,0.001298
0,0.066545,-0.112921,0.063988,-0.212232,0.030256,-0.230251,0.001161,0.001971
0,0.125806,-0.108344,0.062073,-0.015089,0.074447,-0.033152,0.002196,0.001891
0,0.109323,0.001078,-0.043446,0.10565,-0.006977,0.074952,0.001908,1.9e-05
0,-0.124137,0.041752,-0.225413,0.047141,-0.216357,0.04531,0.002167,0.000729
0,-0.115808,-0.128923,-0.004519,-0.187856,-0.005049,-0.22007,0.002021,0.00225
0,0.020655,0.086688,0.145502,0.202459,0.174449,0.227976,0.00036,0.001513
0,0.016533,-0.089012,-0.01486,-0.166253,0.020948,-0.116584,0.000289,0.001554
0,-0.197853,-0.100612,-0.220006,0.00396,-0.196136,-0.003722,0.003453,0.001756
0,0.029807,0.022463,0.204045,0.110369,0.181994,0.156261,0.00052,0.000392
0,-0.163343,0.157158,-0.21011,0.112445,-0.19337,0.156804,0.002851,0.002743
0,-0.143887,-0.052897,0.026901,-0.203549,0.076425,-0.165509,0.002511,0.000923
0,0.099086,0.11478,0.219447,0.144764,0.211357,0.135699,0.001729,0.002003
0,-0.051332,-0.021951,-0.157558,-0.132677,-0.133857,-0.095855,0.000896,0.000383
0,-0.100805,0.192003,-0.05108,0.241863,-0.068193,0.211956,0.001759,0.003351
0,-0.115946,0.000713,-0.030237,-0.214728,0.008401,-0.257906,0.002024,1.2e-05
0,-0.088869,-0.047112,0.046222,-0.021532,0.060136,-0.00038,0.001551,0.000822
0,-0.179524,0.013652,-0.096676,0.047235,-0.082181,0.096159,0.003133,0.000238
0,-0.092252,0.106909,0.093083,0.092711,0.063447,0.137968,0.00161,0.001866
0,0.113192,-0.079139,0.227206,-0.169374,0.194394,-0.188515,0.001976,0.001381
0,-0.118133,-0.076563,-0.243074,-0.025779,-0.273218,0.016817,0.002062,0.001336
0,-0.004693,-0.002738,0.109168,0.072209,0.108441,0.121411,8.2e-05,4.8e-05
0,0.093839,0.102132,0.105935,0.082218,0.119597,0.056433,0.001638,0.001783
0,-0.092892,-0.115484,-0.212523,-0.221321,-0.168244,-0.196287,0.001621,0.002016
0,-0.114285,0.127012,-0.047147,0.23552,-0.027239,0.265032,0.001995,0.002217
0,-0.148899,-0.087457,-0.012105,-0.199997,0.011733,-0.209642,0.002599,0.001526
0,-0.019209,0.167998,0.125133,0.227158,0.080602,0.193746,0.000335,0.002932
0,0.067294,0.158401,0.076604,-0.020485,0.100965,-0.029668,0.001174,0.002765
0,0.042175,-0.003965,-0.036917,-0.190675,0.006231,-0.152232,0.000736,6.9e-05
0,-0.071431,-0.050571,-0.102801,-0.023144,-0.079845,-0.048092,0.001247,0.000883
0,0.141867,0.013088,0.201004,0.043596,0.230899,0.04934,0.002476,0.000228
0,2.677236,-1.211449,2.513309,-1.197092,2.490383,-1.203837,0.000181,0.00231
0,2.804253,-2.50191,0.112214,-1.288604,0.10493,-1.335317,0.002036,0.003241
0,2.724509,-2.10781,-0.061066,0.368458,-0.016866,0.38694,0.000644,0.002301
0,2.996757,-2.153012,0.267983,-0.070225,0.280535,-0.046248,0.002422,0.001512
0,2.347367,-1.571528,-0.654565,0.583003,-0.677165,0.561955,0.00188,0.003843
0,1.864534,-1.107425,-0.509668,0.492492,-0.485646,0.520023,0.001271,0.003692
0,1.333962,-0.71292,-0.548044,0.420832,-0.500626,0.383119,0.000172,0.003193
0,1.33956,-0.668527,-0.001813,0.072893,-0.005364,0.08306,7.4e-05,0.00385
0,0.877311,-0.583038,-0.482956,0.073722,-0.532141,0.083755,0.000324,0.002358
0,0.705243,-0.299497,-0.147679,0.306398,-0.170589,0.33026,0.003327,0.002591
0,0.271338,-0.273499,-0.430335,0.010909,-0.46719,0.006771,0.003082,0.003044
0,-0.012939,-0.086815,-0.289203,0.170818,-0.302757,0.219654,0.000226,0.001515
0,-0.039669,0.197277,-0.056647,0.291706,-0.014488,0.285445,0.000692,0.003443
0,-0.351402,0.125495,-0.311606,-0.05144,-0.303737,-0.009808,0.001685,0.00219
0,-0.27646,0.201752,0.088918,0.1046,0.064317,0.108916,0.002993,0.003521
0,-0.147239,0.076547,0.12315,-0.108783,0.155725,-0.158445,0.00257,0.001336
0,-0.150295,0.074537,-0.014377,0.024673,-0.016639,0.023015,0.002623,0.001301
0,-0.176773,0.035642,-0.055696,-0.020949,-0.098555,-0.054763,0.003085,0.000622
0,-0.035353,0.324501,0.169224,0.295996,0.187682,0.249086,0.000617,0.002154
0,-0.25224,0.034623,-0.223193,-0.278942,-0.194774,-0.254787,0.003415,0.000604
0,-0.057686,0.048243,0.183959,-0.005983,0.155665,-0.006804,0.001007,0.000842
0,0.001636,0.067633,0.071577,0.021456,0.091913,0.023428,2.9e-05,0.00118
0,-0.131195,-0.025641,-0.157338,-0.064,-0.153453,-0.024616,0.00229,0.000448
0,-0.136437,0.119648,0.002871,0.136275,-0.047014,0.116299,0.002381,0.002088
0,-0.136632,-0.016458,-0.013794,-0.114415,-0.001201,-0.085794,0.002385,0.000287
0,0.049391,0.049252,0.1962,0.066355,0.173535,0.036934,0.000862,0.00086
0,-0.071566,-0.081465,-0.092154,-0.133708,-0.106608,-0.181724,0.001249,0.001422
0,-0.0929,0.168254,0.004728,0.23421,-0.016646,0.227183,0.001621,0.002937
0,0.098142,0.140884,0.217871,0.000969,0.179245,-0.004158,0.001713,0.002459
0,0.106605,0.122746,0.018112,-0.032421,0.046898,0.003658,0.001861,0.002142
0,-0.86283,0.804782,-0.995079,0.66625,-1.009428,0.62536,0.000577,0.00159
0,-2.15527,2.170159,-1.311597,1.385638,-1.266896,1.355188,0.001473,0.001213
0,-3.097617,2.31145,-0.946823,0.160336,-0.98873,0.148457,0.000662,0.001253
0,-2.320466,2.649091,0.764045,0.326387,0.728614,0.36515,0.00141,0.000672
0,-2.06332,2.292617,0.23801,-0.339512,0.232218,-0.356555,0.003078,0.000924
0,-1.501373,1.502789,0.575153,-0.788717,0.544825,-0.837382,0.00275,0.002775
0,-1.079248,1.2321,0.407221,-0.265834,0.453543,-0.283427,0.003201,0.001949
0,-0.804147,0.901025,0.256186,-0.304039,0.229799,-0.323523,0.001601,9e-05
0,-0.586487,0.466234,0.212405,-0.464656,0.193469,-0.439703,0.002418,0.000319
0,0.103105,0.780419,0.672184,0.334985,0.629724,0.342209,0.0018,0.002015
0,0.705971,1.107201,0.608161,0.339908,0.641933,0.335453,0.003314,0.003689
0,1.165858,1.46366,0.438293,0.331022,0.455265,0.309803,0.003106,0.002092
0,1.076937,1.390429,-0.0946,-0.079379,-0.130118,-0.124083,0.00316,0.000814
0,1.347687,0.9785,0.259282,-0.403842,0.254215,-0.358227,6.8e-05,0.001442
0,1.380009,0.768015,0.034691,-0.223523,0.059012,-0.216161,0.000632,0.002231
0,1.352862,0.467287,-0.005567,-0.314451,-0.025639,-0.362194,0.000158,0.000338
0,0.900363,0.356032,-0.423703,-0.135948,-0.451567,-0.127547,7.9e-05,0.001604
0,0.74761,0.255437,-0.167859,-0.107664,-0.122269,-0.076964,0.002587,0.00336
0,0.634948,0.000286,-0.122195,-0.276395,-0.076507,-0.277304,0.003264,5e-06
0,0.40587,-0.221326,-0.231126,-0.227677,-0.190993,-0.276737,0.000734,0.003863
0,0.187072,-0.289794,-0.219768,-0.094136,-0.232833,-0.105539,0.003265,0.00276
0,-0.012904,-0.134695,-0.218859,0.148266,-0.238843,0.140082,0.000225,0.002351
0,-0.023969,-0.244838,-0.009695,-0.104261,0.026953,-0.134421,0.000418,0.003545
0,0.063739,-0.156524,0.071708,0.108652,0.083903,0.136214,0.001112,0.002732
0,-0.178797,-0.230487,-0.262365,-0.076518,-0.302039,-0.045813,0.003121,0.003795
0,-0.066745,-0.106707,0.091749,0.099148,0.08411,0.132485,0.001165,0.001862
0,0.004938,-0.110249,0.060701,0.005014,0.013205,-0.010433,8.6e-05,0.001924
0,-0.154429,-0.074889,-0.172206,0.04107,-0.210553,0.039357,0.002695,0.001307
0,-0.133477,-0.013197,0.03047,0.051399,0.073891,0.008289,0.00233,0.00023
0,0.016567,0.107533,0.153771,0.131629,0.139993,0.155997,0.000289,0.001877
0,0.021968,-0.076911,0.03495,-0.207719,0.03736,-0.163015,0.000383,0.001342
0,-0.076247,-0.057881,-0.075105,0.00535,-0.095494,0.010313,0.001331,0.00101
0,-0.090628,-0.058179,0.004368,-0.013322,0.020337,-0.018329,0.001582,0.001015
0,0.033335,-0.108727,0.112516,-0.066116,0.121563,-0.037652,0.000582,0.001898
0,0.065804,0.04641,0.03097,0.127009,0.031953,0.146985,0.001148,0.00081
0,-0.019314,0.016475,-0.074399,-0.039334,-0.078428,-0.005155,0.000337,0.000288
0,-0.056496,-0.001961,-0.009528,-0.006578,0.010876,-0.030008,0.000986,3.4e-05
0,0.042737,-0.071764,0.127172,-0.047725,0.108346,-0.08322,0.000746,0.001253
0,0.035622,0.130967,-0.027812,0.200963,0.02159,0.217742,0.000622,0.002286
0,0.077533,-0.113219,0.035057,-0.240053,0.047729,-0.236698,0.001353,0.001976
0,0.027062,0.040202,-0.060699,0.137107,-0.081959,0.106385,0.000472,0.000702
0,-0.129674,-0.056513,-0.1343,-0.09139,-0.108072,-0.073529,0.002263,0.000986
0,-0.035262,0.148896,0.106871,0.230265,0.079673,0.264292,0.000615,0.002599
0,0.117566,-0.013244,0.169076,-0.159462,0.209415,-0.152401,0.002052,0.000231
0,-0.127951,-0.100788,-0.240519,-0.098913,-0.260288,-0.056747,0.002233,0.001759
0,-0.084576,0.094054,0.014236,0.210912,0.054828,0.200545,0.001476,0.001642
0,0.042442,0.130916,0.149826,0.038137,0.144743,0.084547,0.000741,0.002285
0,-0.07565,-0.138819,-0.141065,-0.286083,-0.175272,-0.286662,0.00132,0.002423
0,0.18108,-0.122255,0.258466,0.013508,0.219266,-0.021643,0.00316,0.002134
0,0.208635,-0.126392,0.009865,-0.009381,0.050737,0.033795,0.003641,0.002206
0,0.136715,0.02482,-0.085162,0.126617,-0.085326,0.111944,0.002386,0.000433
0,-0.024387,-0.122126,-0.173601,-0.131876,-0.162269,-0.132008,0.000426,0.002132
0,0.271374,-0.067721,0.286531,0.039313,0.270036,0.031413,0.003082,0.001182
0,0.148719,-0.055489,-0.133942,0.009194,-0.167597,0.029285,0.002596,0.000968
0,0.238914,0.055051,0.085217,0.087225,0.105073,0.094971,0.003648,0.000961
0,0.039156,0.119472,-0.21156,0.044733,-0.257035,0.081912,0.000683,0.002085
0,0.185228,-0.085295,0.143684,-0.176635,0.142779,-0.157552,0.003233,0.001489
0,0.094348,-0.136016,-0.116864,-0.055494,-0.145179,-0.007093,0.001647,0.002374
0,0.14253,-0.1269,0.027824,-0.017523,0.019759,0.001109,0.002488,0.002215
0,0.008819,-0.123221,-0.119386,-0.021274,-0.130172,-0.051705,0.000154,0.002151
0,0.086444,0.161393,0.051175,0.311003,0.060721,0.316036,0.001509,0.002817
0,0.086089,-0.088948,-0.000482,-0.240882,0.001825,-0.231608,0.001503,0.001552
0,0.094256,-0.036451,0.034609,0.067383,-0.002332,0.105784,0.001645,0.000636
0,-0.017958,0.115267,-0.08541,0.175749,-0.078716,0.165829,0.000313,0.002012
0,0.127568,-0.14167,0.168318,-0.230261,0.132794,-0.198723,0.002226,0.002473
0,-0.04413,-0.126834,-0.175714,-0.002075,-0.148752,0.037225,0.00077,0.002214
0,0.161369,-0.036567,0.195325,0.068352,0.215543,0.037369,0.002816,0.000638
0,-0.041684,0.095675,-0.215955,0.11572,-0.189931,0.160876,0.000728,0.00167
0,0.170615,-0.182012,0.239054,-0.306241,0.212814,-0.295061,0.002978,0.003177
0,0.069717,-0.023714,-0.109201,0.180225,-0.066435,0.198771,0.001217,0.000414
0,0.15015,0.046636,0.0713,0.061094,0.03084,0.054579,0.002621,0.000814
0,-0.095114,-0.137609,-0.234702,-0.199505,-0.25406,-0.215674,0.00166,0.002402
0,0.00146,-0.061915,0.090814,0.058013,0.064566,0.045352,2.5e-05,0.001081
0,-0.026877,0.036812,-0.030264,0.098266,-0.003725,0.058854,0.000469,0.000642
0,-0.133978,-0.006033,-0.107451,-0.063416,-0.097541,-0.098301,0.002338,0.000105
0,-0.002884,0.084202,0.113632,0.102121,0.096185,0.089608,5e-05,0.00147
0,0.10313,-0.082607,0.089904,-0.157345,0.056661,-0.200135,0.0018,0.001442
0,-0.07387,0.125235,-0.148007,0.196661,-0.103286,0.240707,0.001289,0.002186
0,-0.118353,-0.11061,-0.04784,-0.264827,-0.017239,-0.267044,0.002066,0.001931
0,0.154612,-0.126842,0.253752,0.011936,0.278733,0.026221,0.002698,0.002214
0,0.064942,0.106332,-0.061657,0.218073,-0.094407,0.246424,0.001133,0.001856
0,0.08767,0.076068,0.011558,-0.060138,-0.020077,-0.090787,0.00153,0.001328
0,0.062609,0.092183,-0.051361,0.016065,-0.026355,0.012442,0.001093,0.001609
0,0.111832,0.021688,0.031696,-0.078656,-0.001866,-0.110612,0.001952,0.000379
0,-0.021837,0.014549,-0.123977,0.017596,-0.077605,0.049864,0.000381,0.000254
0,0.20505,-0.035043,0.213097,-0.04127,0.218541,-0.05778,0.003579,0.000612
0,0.185873,-0.007168,-0.021442,0.002009,-0.007653,6e-06,0.003244,0.000125
0,-0.095894,-0.005653,-0.259503,-0.006836,-0.252593,-0.042832,0.001674,9.9e-05
0,-0.14176,-0.147161,-0.05249,-0.120119,-0.072933,-0.094373,0.002474,0.002568
0,-0.026074,0.001983,0.120055,0.135376,0.075068,0.118661,0.000455,3.5e-05
0,0.198317,0.007662,0.213535,0.017442,0.176322,0.011047,0.003461,0.000134
0,-0.106808,-0.077501,-0.296926,-0.0703,-0.26322,-0.089076,0.001864,0.001353
0,0.067579,0.011583,0.178165,0.11667,0.212644,0.147503,0.001179,0.000202
0,-0.076356,-0.118853,-0.116154,-0.152356,-0.122488,-0.194732,0.001333,0.002074
0,-0.041942,-0.001387,0.018551,0.125488,0.028577,0.166562,0.000732,2.4e-05
0,0.115434,0.079125,0.135487,0.061326,0.092668,0.045335,0.002015,0.001381
0,-0.026464,-0.021731,-0.126953,-0.090604,-0.16228,-0.078532,0.000462,0.000379
0,-0.110701,0.133997,-0.080362,0.137275,-0.127435,0.11109,0.001932,0.002339
0,-0.085482,0.099049,0.044073,-0.008932,0.023798,-0.052934,0.001492,0.001729
0,0.124215,0.048617,0.215851,-0.077451,0.205543,-0.064327,0.002168,0.000849
0,0.085257,0.116298,-0.053453,0.093305,-0.02711,0.083261,0.001488,0.00203
0,0.090503,0.222164,-0.02293,0.086715,-0.051307,0.096261,0.00158,0.003878
0,0.006238,-0.037403,-0.110636,-0.257771,-0.115742,-0.271854,0.000109,0.000653
0,0.04469,0.158537,0.061776,0.186282,0.033158,0.221544,0.00078,0.002767
0,0.035581,-0.011712,-0.011173,-0.155154,-0.006902,-0.138904,0.000621,0.000204
0,0.117148,0.184333,0.09726,0.215568,0.121493,0.22517,0.002045,0.003217
0,0.012646,0.017781,-0.077861,-0.153656,-0.085637,-0.111897,0.000221,0.00031
0,-0.204736,-0.070567,-0.189794,-0.097721,-0.234889,-0.103421,0.003573,0.001232
0,-0.058266,0.101482,0.130282,0.187671,0.116213,0.210723,0.001017,0.001771
0,-0.177582,0.004807,-0.126004,-0.104267,-0.085389,-0.098585,0.003099,8.4e-05
0,-0.211679,0.049809,-0.025942,0.03629,-0.035507,0.066929,0.003694,0.000869
0,-0.036886,0.000564,0.159534,-0.019663,0.198935,-0.015967,0.000644,1e-05
0,-0.103264,0.119144,-0.060082,0.12189,-0.092396,0.111168,0.001802,0.002079
0,-0.048983,-0.08341,0.057418,-0.208436,0.068633,-0.248276,0.000855,0.001456
0,0.060104,0.148846,0.092675,0.237648,0.056787,0.226397,0.001049,0.002598
0,-0.012774,0.041858,-0.056595,-0.127234,-0.04555,-0.085477,0.000223,0.000731
0,-0.013471,-0.02031,-0.021988,-0.037381,-0.064699,-0.048005,0.000235,0.000354
0,0.097309,0.065493,0.085962,0.093703,0.097125,0.084319,0.001698,0.001143
0,0.094916,0.100944,0.018612,0.038638,0.021779,0.058928,0.001657,0.001762
0,0.006535,0.089677,-0.099995,-0.024112,-0.102447,-0.004286,0.000114,0.001565
0,-0.036146,0.109991,-0.039806,0.037638,-0.021942,0.079377,0.000631,0.00192
0,0.159721,-0.020565,0.178057,-0.157542,0.187504,-0.169783,0.002788,0.000359
0,0.011016,-0.03686,-0.165299,0.008434,-0.163093,-0.003429,0.000192,0.000643
0,-0.043823,-0.089316,-0.026317,-0.030334,-0.05119,0.015883,0.000765,0.001559
0,0.145544,0.036324,0.217895,0.15155,0.239778,0.102719,0.00254,0.000634
0,0.107429,-0.059662,-0.035935,-0.105421,-0.078853,-0.062566,0.001875,0.001041
0,-0.063486,-0.135221,-0.188948,-0.076009,-0.164383,-0.088536,0.001108,0.00236
0,-0.038953,-0.088926,0.041671,0.030161,0.070367,0.07141,0.00068,0.001552
0,0.09088,0.040868,0.114577,0.101979,0.144064,0.107205,0.001586,0.000713
0,0.06027,-0.039148,-0.048593,-0.066186,-0.043243,-0.083747,0.001052,0.000683
0,0.220171,-0.164278,0.160105,-0.142253,0.209467,-0.184835,0.003843,0.002867
0,-0.041293,0.020459,-0.235988,0.166142,-0.261421,0.16205,0.000721,0.000357
0,0.078216,0.023831,0.118278,-0.025469,0.13018,-0.067382,0.001365,0.000416
0,-0.010127,-0.046852,-0.114421,-0.095013,-0.110754,-0.065585,0.000177,0.000818
0,-0.13719,-0.081763,-0.136176,-0.018376,-0.176172,-0.037178,0.002394,0.001427
0,-0.001636,-0.050341,0.12437,0.026258,0.151553,-0.014798,2.9e-05,0.000879
0,-0.10512,-0.132466,-0.094262,-0.059166,-0.094652,-0.058781,0.001835,0.002312
0,-0.060609,0.039263,0.061158,0.179114,0.037366,0.15243,0.001058,0.000685
0,-0.081865,-0.073723,-0.016093,-0.091906,-0.057915,-0.059418,0.001429,0.001287
0,0.057363,-0.072891,0.165518,0.025529,0.196164,-0.004038,0.001001,0.001272
0,-0.149624,-0.022291,-0.209798,0.025935,-0.179092,-0.015655,0.002611,0.000389
0,-0.080772,-0.149506,0.067035,-0.097978,0.020935,-0.123473,0.00141,0.002609
0,0.009352,-0.071959,0.117911,0.052691,0.100608,0.059353,0.000163,0.001256
0,0.151024,0.067718,0.145973,0.167545,0.099253,0.188765,0.002636,0.001182
0,-0.044596,-0.145464,-0.188724,-0.222007,-0.144275,-0.189006,0.000778,0.002539
0,0.089104,-0.14142,0.150183,0.010603,0.1646,0.017346,0.001555,0.002468
0,0.085405,-0.17324,-0.027402,-0.006301,-0.049585,-0.031298,0.001491,0.003024
0,-0.099098,-0.045221,-0.192283,0.144502,-0.190927,0.153649,0.00173,0.000789
0,-0.162702,0.064127,-0.07454,0.120815,-0.055837,0.139422,0.00284,0.001119
0,0.054744,-0.075613,0.199376,-0.135375,0.166241,-0.087023,0.000955,0.00132
0,-0.106585,-0.065538,-0.177886,-0.006754,-0.156826,-0.030387,0.00186,0.001144
0,-0.041971,0.009234,0.039269,0.07896,0.012306,0.105583,0.000733,0.000161
0,-0.023607,-0.128234,0.023838,-0.125236,0.009774,-0.125575,0.000412,0.002238
0,-0.056582,0.094406,-0.055557,0.212739,-0.019091,0.17757,0.000988,0.001648
0,-0.11387,-0.038707,-0.079702,-0.1196,-0.101065,-0.157963,0.001987,0.000676
0,0.076022,0.077695,0.164688,0.133257,0.117493,0.137393,0.001327,0.001356
0,-0.154902,0.116036,-0.219946,0.062041,-0.208934,0.050544,0.002704,0.002025
0,-0.156591,0.117445,0.021464,-0.013246,0.063728,-0.059853,0.002733,0.00205
0,0.070846,0.075138,0.213881,-0.066056,0.181907,-0.029033,0.001236,0.001311
0,0.008489,-0.165941,-0.082225,-0.261924,-0.046334,-0.236033,0.000148,0.002896
0,-0.052355,-0.096031,-0.08843,0.045124,-0.069129,0.020807,0.000914,0.001676
0,-0.190796,0.042723,-0.162578,0.131726,-0.174617,0.142453,0.00333,0.000746
0,-0.27371,-0.002915,-0.061719,-0.075495,-0.047493,-0.027059,0.003041,5.1e-05
0,-0.032567,-0.048182,0.225059,-0.071003,0.192033,-0.117326,0.000568,0.000841
0,-0.159108,-0.155596,-0.152473,-0.116117,-0.158766,-0.094133,0.002777,0.002716
0,-0.195221,0.042946,-0.065733,0.175752,-0.10705,0.178502,0.003407,0.00075
0,-0.095745,-0.189431,0.101153,-0.240336,0.104875,-0.244278,0.001671,0.003306
0,-0.151342,-0.133661,-0.066758,0.049322,-0.017984,0.02158,0.002641,0.002333
0,-0.082803,-0.041272,0.083865,0.083925,0.091111,0.043437,0.001445,0.00072
0,-0.072074,-0.201481,0.015755,-0.140833,-0.032172,-0.166325,0.001258,0.003517
0,-0.220929,-0.075802,-0.177133,0.148974,-0.163068,0.155762,0.003856,0.001323
0,-0.014345,0.022884,0.230217,0.112034,0.277062,0.073291,0.00025,0.000399
0,-0.214498,-0.072114,-0.213878,-0.084602,-0.229693,-0.087667,0.003744,0.001259
0,-0.149524,-0.098712,0.039318,-0.015363,-0.009713,0.031791,0.00261,0.001723
0,-0.214137,0.105569,-0.046272,0.187709,-0.000268,0.171446,0.003737,0.001843
0,-0.001959,-0.115449,0.240773,-0.206997,0.241813,-0.222617,3.4e-05,0.002015
0,-0.230566,0.026768,-0.207929,0.171303,-0.179441,0.133157,0.003794,0.000467
0,-0.097648,-0.103179,0.127975,-0.137141,0.1545,-0.14291,0.001704,0.001801
0,-0.14285,0.073381,-0.063207,0.196467,-0.088463,0.176157,0.002493,0.001281
0,-0.264067,0.074944,-0.139822,0.027382,-0.181074,0.052403,0.003209,0.001308
0,-0.084432,-0.146803,0.17624,-0.192793,0.186551,-0.192845,0.001474,0.002562
0,-0.159301,-0.202414,-0.094875,-0.061756,-0.143635,-0.014697,0.00278,0.003533
0,0.011673,-0.186529,0.160464,0.033948,0.2084,-0.013803,0.000204,0.003256
0,-0.08781,-0.027278,-0.084223,0.160373,-0.090924,0.118517,0.001533,0.000476
0,-0.305649,0.046988,-0.211654,0.055109,-0.253438,0.011457,0.002483,0.00082
0,-0.020475,0.06716,0.308331,0.017936,0.334958,0.026768,0.000357,0.001172
0,-0.192708,0.050659,-0.145776,-0.024798,-0.109024,0.016749,0.003363,0.000884
0,-0.033287,-0.017892,0.129669,-0.088863,0.151252,-0.043653,0.000581,0.000312
0,-0.197811,0.037849,-0.176696,0.076527,-0.220027,0.081293,0.003452,0.000661
0,-0.014124,0.087324,0.188671,0.031455,0.201936,0.027918,0.000247,0.001524
0,-0.068012,-0.096722,-0.06544,-0.200922,-0.102313,-0.158767,0.001187,0.001688
0,-0.075312,0.000538,-0.035878,0.083412,-0.062497,0.038299,0.001314,9e-06
0,-0.126974,-0.076344,-0.045328,-0.079881,-0.017581,-0.111592,0.002216,0.001332
0,-0.098548,-0.023429,0.049785,0.055218,0.028695,0.028133,0.00172,0.000409
0,0.044055,-0.164506,0.145136,-0.143666,0.183734,-0.096757,0.000769,0.002871
0,0.012812,-0.122644,-0.023975,0.038753,-0.002219,0.025714,0.000224,0.002141
0,-0.039477,-0.218188,-0.050807,-0.106762,-0.001512,-0.082354,0.000689,0.003808
0,-7.8e-05,-0.087761,0.067349,0.11018,0.11687,0.06797,1e-06,0.001532
0,0.080489,0.018356,0.094567,0.127129,0.11192,0.100393,0.001405,0.00032
0,0.043202,-0.062713,-0.062244,-0.063647,-0.111066,-0.093145,0.000754,0.001095
0,0.119245,0.021647,0.063173,0.072324,0.095955,0.079291,0.002081,0.000378
0,0.201633,-0.015037,0.074755,-0.024982,0.044218,-0.030064,0.003519,0.000262
0,-0.01852,0.042077,-0.247943,0.058889,-0.240937,0.036273,0.000323,0.000734
0,0.068818,-0.09238,0.103013,-0.130462,0.107893,-0.125482,0.001201,0.001612
0,0.112282,-0.123066,0.049918,-0.050716,0.000705,-0.031832,0.00196,0.002148
0,0.037061,-0.12972,-0.1041,-0.017847,-0.112496,0.012123,0.000647,0.002264
0,0.194345,-0.1632,0.149963,-0.004115,0.158985,0.002796,0.003392,0.002848
0,0.190271,0.01312,0.0232,0.194044,0.062517,0.225638,0.003321,0.000229
0,0.163464,-0.022197,-0.016251,-0.043324,-0.062202,-0.035155,0.002853,0.000387
0,0.018816,-0.012494,-0.134177,0.01871,-0.099568,-0.014356,0.000328,0.000218
0,0.211815,0.06809,0.171476,0.089524,0.146793,0.113507,0.003697,0.001188
0,0.093045,-0.155098,-0.105422,-0.197401,-0.08661,-0.225463,0.001624,0.002707
0,0.189183,0.121191,0.109973,0.250829,0.144884,0.249979,0.003302,0.002115
0,0.244513,-0.090275,0.036122,-0.231168,0.04065,-0.217158,0.00355,0.001576
0,0.095213,-0.108918,-0.149693,-0.019779,-0.130946,-0.002271,0.001662,0.001901
0,0.229742,-0.013768,0.163075,0.083163,0.125778,0.036025,0.003808,0.00024
0,0.125368,-0.019686,-0.114224,-0.018565,-0.105162,-0.033785,0.002188,0.000344
0,0.170223,-0.094137,0.04823,-0.069755,0.086227,-0.055796,0.002971,0.001643
0,0.133931,0.056923,-0.01029,0.151574,0.034595,0.150975,0.002338,0.000993
0,0.11687,-0.006597,-0.02906,-0.066532,-0.064821,-0.106218,0.00204,0.000115
0,0.066293,0.103784,-0.043477,0.121886,-0.051931,0.079307,0.001157,0.001811
0,0.078977,0.104091,0.006045,-0.000913,0.012831,-0.044252,0.001378,0.001817
0,0.244117,-0.032754,0.154669,-0.158862,0.127414,-0.194867,0.003557,0.000572
0,0.006387,-0.06791,-0.257783,-0.033997,-0.291384,-0.07891,0.000111,0.001185
0,0.134816,0.012824,0.145088,0.09127,0.194308,0.113637,0.002353,0.000224
0,0.299854,-0.106399,0.19326,-0.148845,0.145927,-0.127061,0.002584,0.001857
0,0.170468,-0.146454,-0.124607,-0.037087,-0.164397,-0.059596,0.002975,0.002556
0,0.132335,0.074217,-0.059874,0.229866,-0.064393,0.21645,0.00231,0.001295
0,-0.055936,-0.106241,-0.163368,-0.152905,-0.125574,-0.103455,0.000976,0.001854
0,-0.12873,0.110079,-0.079283,0.239955,-0.049186,0.251297,0.002247,0.001921
0,0.02863,0.136615,0.185814,0.043482,0.176043,0.035416,0.0005,0.002384
0,0.112327,0.033133,0.058029,-0.090602,0.104983,-0.080086,0.00196,0.000578
0,-0.107585,0.08895,-0.199173,0.037078,-0.19291,0.012275,0.001878,0.001552
0,0.119109,0.163639,0.240875,0.046678,0.248311,0.059798,0.002079,0.002856
0,0.080148,0.144552,-0.01627,-0.016483,-0.032288,-0.061407,0.001399,0.002523
0,0.086052,0.06586,0.004576,-0.097556,0.002802,-0.062952,0.001502,0.001149
0,-0.137115,0.151533,-0.243197,0.061833,-0.207137,0.04359,0.002393,0.002645
0,0.016612,-0.132753,0.178048,-0.258923,0.166576,-0.294124,0.00029,0.002317
0,0.007867,0.067392,-0.014983,0.172461,-0.060146,0.206843,0.000137,0.001176
0,-0.064116,-0.003594,-0.067423,-0.074188,-0.09118,-0.096169,0.001119,6.3e-05
0,0.00675,0.068498,0.05788,0.057111,0.028933,0.01653,0.000118,0.001196
0,0.072749,0.104468,0.086094,0.057382,0.118404,0.080938,0.00127,0.001823
0,0.033609,-0.07553,-0.044919,-0.158663,-0.064857,-0.15516,0.000587,0.001318
0,-0.065419,-0.08387,-0.075224,0.017919,-0.057195,0.006473,0.001142,0.001464
0,0.029479,0.050376,0.06581,0.148663,0.024674,0.101341,0.000515,0.000879
0,-0.202054,0.089718,-0.224847,0.012741,-0.263894,0.047936,0.003527,0.001566
0,-0.006772,0.06568,0.167148,0.002488,0.209483,-0.045611,0.000118,0.001146
0,-0.087052,-0.065366,-0.066341,-0.139145,-0.107518,-0.142339,0.001519,0.001141
0,0.007264,0.022023,0.090317,0.06377,0.138137,0.029798,0.000127,0.000384
0,-0.071786,-0.017928,-0.067093,-0.065449,-0.058928,-0.093405,0.001253,0.000313
0,0.110171,0.050555,0.157309,0.046984,0.206344,0.068328,0.001923,0.000882
0,0.176878,0.072342,0.041055,0.036077,0.070912,0.028187,0.003087,0.001263
0,0.107988,0.014436,-0.069865,-0.050203,-0.09254,-0.014449,0.001885,0.000252
0,0.224102,0.028815,0.100177,0.037655,0.137705,0.061009,0.003907,0.000503
0,0.039327,-0.044204,-0.175536,-0.070822,-0.163489,-0.119089,0.000686,0.000772
0,0.230883,0.162344,0.175274,0.191992,0.193969,0.171082,0.003788,0.002833
0,0.157971,0.150098,-0.102654,-0.004252,-0.064181,-0.04897,0.002757,0.00262
0,0.282117,0.138859,0.137827,-0.033339,0.123319,-0.028757,0.002894,0.002424
0,0.208076,0.022661,-0.093805,-0.145635,-0.113084,-0.151557,0.003632,0.000396
0,0.051078,-0.057228,-0.135722,-0.078095,-0.140912,-0.079735,0.000891,0.000999
0,0.089825,-0.033422,0.038995,0.045882,0.007291,0.03798,0.001568,0.000583
0,0.05413,0.145322,-0.017443,0.158472,-0.020289,0.189825,0.000945,0.002536
0,0.039469,0.087777,-0.007002,-0.086953,-0.030802,-0.066906,0.000689,0.001532
0,0.0386,0.016381,-0.025731,-0.063132,-0.064208,-0.074862,0.000674,0.000286
0,-0.108675,0.014894,-0.124536,-0.023691,-0.110778,-0.022856,0.001897,0.00026
0,-0.119508,-0.105591,-0.02326,-0.127803,0.016443,-0.127823,0.002086,0.001843
0,0.062222,-0.147693,0.178245,-0.024064,0.148297,-0.063775,0.001086,0.002578
0,-0.140163,0.138324,-0.188592,0.267655,-0.227596,0.253386,0.002446,0.002414
0,-0.234076,0.013539,-0.088004,-0.151174,-0.136164,-0.126181,0.003732,0.000236
0,-0.050723,0.014495,0.178294,0.018274,0.158287,0.017556,0.000885,0.000253
0,-0.177979,-0.10265,-0.142415,-0.11411,-0.132885,-0.135654,0.003106,0.001792
0,0.094737,0.045493,0.248412,0.178026,0.199233,0.22491,0.001653,0.000794
0,0.013837,0.034291,-0.08865,-0.014738,-0.11384,-0.02216,0.000242,0.000598
0,-0.064072,0.154545,-0.080911,0.107288,-0.129578,0.079026,0.001118,0.002697
0,-0.070121,0.087947,0.00875,-0.06505,0.018169,-0.073341,0.001224,0.001535
0,-0.054342,0.032155,0.007195,-0.035501,0.030076,-0.068832,0.000948,0.000561
0,-0.076641,-0.145627,-0.027011,-0.196931,-0.054919,-0.221932,0.001338,0.002542
0,-0.115261,-0.148016,-0.066306,0.009652,-0.069298,-0.001675,0.002012,0.002583
0,0.137125,-0.073352,0.281168,0.081616,0.293142,0.13117,0.002393,0.00128
0,0.086754,-0.03779,-0.056599,0.041655,-0.043516,0.031396,0.001514,0.00066
0,-0.030833,-0.045166,-0.128365,-0.006666,-0.15846,0.006403,0.000538,0.000788
0,0.028898,-0.060715,0.071417,0.008559,0.033796,-0.00084,0.000504,0.00106
0,-0.050433,-0.095472,-0.081028,-0.032573,-0.070937,-0.056944,0.00088,0.001666
0,0.110313,0.14749,0.162512,0.227969,0.142293,0.181848,0.001925,0.002574
0,-0.038559,-0.037176,-0.165287,-0.212082,-0.187366,-0.230993,0.000673,0.000649
0,-0.050428,0.016467,-0.036145,0.047677,-0.050357,0.025357,0.00088,0.000287
0,-0.175152,0.086832,-0.107222,0.057933,-0.120639,0.026066,0.003057,0.001516
0,-0.174818,0.073809,0.004297,-0.00559,0.022667,-0.015715,0.003051,0.001288
0,0.080405,-0.068771,0.236153,-0.169577,0.264725,-0.157862,0.001403,0.0012
0,-0.059356,0.01055,-0.116753,0.070497,-0.105329,0.110633,0.001036,0.000184
0,0.006965,0.089341,0.078282,0.098244,0.112797,0.061372,0.000122,0.001559
0,-0.018722,0.029901,-0.031971,-0.070347,-0.062209,-0.085436,0.000327,0.000522
0,0.014362,-0.033359,0.005663,-0.092798,0.02576,-0.045008,0.000251,0.000582
0,0.214782,0.081931,0.207151,0.124339,0.251585,0.090101,0.003749,0.00143
0,0.07601,0.128741,-0.113876,0.02197,-0.095617,0.052275,0.001327,0.002247
0,0.089541,0.059374,0.006256,-0.069695,-0.019822,-0.063888,0.001563,0.001036
0,0.145111,-0.074425,0.035603,-0.140744,0.03581,-0.151651,0.002533,0.001299
0,-0.042541,-0.100641,-0.164814,-0.000911,-0.130168,-0.046016,0.000742,0.001757
0,0.166436,0.118205,0.204182,0.205532,0.157743,0.194224,0.002905,0.002063
0,0.024461,0.115815,-0.115,0.008426,-0.066936,-0.034065,0.000427,0.002021
0,-0.034928,0.099517,-0.045906,-0.04346,-0.014727,-0.011466,0.00061,0.001737
0,-0.075011,-0.032757,-0.061282,-0.148676,-0.031613,-0.131175,0.001309,0.000572
0,-0.138249,-0.043991,-0.062716,-0.024864,-0.039858,-0.008589,0.002413,0.000768
0,0.03432,0.014511,0.164234,0.030634,0.121544,0.079923,0.000599,0.000253
0,0.106165,-0.059652,0.050896,-0.079322,0.070504,-0.061885,0.001853,0.001041
0,4.261028,0.0183,4.180004,0.09376,4.184927,0.060266,0.00381,0.000319
0,5.320521,0.343495,1.044131,0.332183,1.084505,0.287236,0.000954,0.001823
0,4.743622,0.052043,-0.55276,-0.266326,-0.551359,-0.269993,0.003205,0.000908
0,3.735669,0.209014,-1.033245,0.164639,-0.991956,0.175698,0.002657,0.003648
0,3.151275,0.09988,-0.587867,-0.101743,-0.583184,-0.147312,0.000275,0.001743
0,2.57207,0.121383,-0.57957,0.044963,-0.586909,0.016814,0.002016,0.002119
0,1.735578,0.019971,-0.844277,-0.073301,-0.845217,-0.113603,0.00098,0.000349
0,1.120312,0.17551,-0.630982,0.151608,-0.672698,0.19322,0.0039,0.003063
0,0.472324,0.155446,-0.661235,-0.016457,-0.650388,0.022329,0.000426,0.002713
0,0.145213,0.197757,-0.333547,0.070073,-0.364606,0.053386,0.002534,0.003452
0,-0.116588,0.21081,-0.252853,-0.011424,-0.274509,0.027711,0.002035,0.003679
0,-0.095409,0.286887,-0.008727,0.056859,-0.025574,0.064633,0.001665,0.002811
0,-0.305016,-0.038154,-0.231964,-0.341944,-0.236082,-0.383526,0.002494,0.000666
0,-0.437525,0.024845,-0.134824,0.075103,-0.103827,0.068882,0.000182,0.000434
0,-0.515433,-0.102453,-0.076482,-0.1202,-0.049014,-0.079464,0.001178,0.001788
0,-0.494464,0.164529,0.000764,0.286372,0.050435,0.256101,0.000812,0.002872
0,-0.384352,-0.045564,0.124086,-0.19597,0.107973,-0.223517,0.00111,0.000795
0,-0.41756,0.121723,-0.015106,0.181695,-0.026228,0.136705,0.00053,0.002124
0,-0.397947,-0.01546,0.026771,-0.14421,0.016876,-0.178718,0.000872,0.00027
0,-0.382679,0.13598,-0.014139,0.146508,0.034559,0.159247,0.001139,0.002373
0,-0.396229,-0.031436,0.003698,-0.139693,0.032063,-0.152375,0.000902,0.000549
0,-0.307318,0.147329,0.061957,0.159052,0.104331,0.112027,0.002454,0.002571
0,-0.132356,0.036677,0.171393,-0.101644,0.172265,-0.117847,0.00231,0.00064
0,-0.150759,0.135355,-0.010019,0.093902,-0.039993,0.068195,0.002631,0.002362
0,-0.212976,0.150399,-0.052268,-0.004385,-0.078442,-0.002357,0.003717,0.002625
0,-0.062815,0.104385,0.172191,-0.018316,0.192351,0.022583,0.001096,0.001822
0,-0.039505,0.013895,0.029878,-0.07822,0.079324,-0.074511,0.000689,0.000243
0,-0.130461,0.11546,-0.099488,0.098368,-0.102638,0.143266,0.002277,0.002015
0,-0.136105,-0.093793,-0.031646,-0.182658,-0.007562,-0.231584,0.002375,0.001637
0,0.018162,-0.000246,0.129784,0.07917,0.080562,0.104664,0.000317,4e-06
0,-0.034826,-0.111583,-0.059366,-0.11453,-0.096975,-0.082314,0.000608,0.001947
0,-0.247336,-0.053223,-0.232708,0.082639,-0.225456,0.046452,0.003501,0.000929
0,-0.09748,0.005254,0.127804,0.051501,0.129485,0.087825,0.001701,9.2e-05
0,-0.132893,0.168762,-0.046091,0.153437,-0.063057,0.131741,0.002319,0.002945
0,0.055575,0.171175,0.180006,-0.015563,0.212876,0.003356,0.00097,0.002988
0,-0.043623,-0.083987,-0.11818,-0.266623,-0.151847,-0.257198,0.000761,0.001466
0,0.073819,-0.013492,0.090451,0.063363,0.106327,0.061438,0.001288,0.000235
0,-0.02063,0.118917,-0.095852,0.112438,-0.073771,0.11212,0.00036,0.002075
0,-0.083275,0.001606,-0.045617,-0.144312,-0.046111,-0.172594,0.001453,2.8e-05
0,-0.192281,0.04367,-0.10939,0.062378,-0.154446,0.018986,0.003356,0.000762
0,-0.201875,0.120885,-0.030979,0.05275,-0.044852,0.037906,0.003523,0.00211
0,-0.158122,0.175173,0.040632,0.028235,0.048396,0.052572,0.00276,0.003057
0,-0.115855,-0.047163,0.070831,-0.243633,0.114591,-0.218013,0.002022,0.000823
0,0.050442,0.185035,0.165763,0.253958,0.137493,0.225873,0.00088,0.003229
0,-0.022463,0.126457,-0.090389,-0.056987,-0.056746,-0.09051,0.000392,0.002207
0,0.063948,0.108868,0.057406,-0.015054,0.050578,-0.036005,0.001116,0.0019
0,-0.142449,0.133277,-0.219356,0.011346,-0.263446,0.019025,0.002486,0.002326
0,0.024144,0.174357,0.165891,0.028001,0.141262,0.034597,0.000421,0.003043
0,0.050355,-0.036116,0.024728,-0.183406,0.03049,-0.197856,0.000879,0.00063
0,-0.082031,0.015683,-0.157467,0.035606,-0.179278,0.057543,0.001432,0.000274
0,0.013377,0.055593,0.08809,0.023012,0.069034,0.049472,0.000233,0.00097
0,0.048502,-0.128879,0.010086,-0.162009,0.057511,-0.187946,0.000847,0.002249
0,0.050331,-0.154148,-0.027774,-0.054166,-0.0464,-0.027676,0.000878,0.00269
0,0.094089,0.028853,0.045606,0.176114,0.035312,0.211731,0.001642,0.000504
0,0.107971,-0.09346,0.002332,-0.15107,-0.01282,-0.180983,0.001884,0.001631
0,0.085239,-0.112171,-0.02818,-0.003194,-0.027324,0.030352,0.001488,0.001958
0,-0.004467,0.054982,-0.098856,0.177972,-0.067693,0.201862,7.8e-05,0.00096
0,-0.086745,0.070197,-0.109817,0.033426,-0.097242,0.081718,0.001514,0.001225
0,0.051192,0.108474,0.11777,0.02847,0.123121,-0.000947,0.000893,0.001893
0,-0.141637,0.032682,-0.203314,-0.081289,-0.220254,-0.093899,0.002472,0.00057
0,-0.051057,0.106669,0.079709,0.089011,0.035454,0.096469,0.000891,0.001862
0,-0.064308,-0.146568,-0.025044,-0.236855,-0.045045,-0.283868,0.001122,0.002558
0,-0.028609,-0.157801,0.021418,-0.035303,0.052092,-0.011761,0.000499,0.002754
0,-0.005614,-0.065276,0.051012,0.074407,0.062759,0.057572,9.8e-05,0.001139
0,-0.113164,-0.075263,-0.084031,-0.012502,-0.050106,0.031826,0.001975,0.001314
0,-0.001968,-0.082594,0.125126,-0.025942,0.173391,-0.065987,3.4e-05,0.001442
0,0.039247,0.080597,0.026398,0.1706,0.006914,0.131428,0.000685,0.001407
0,-0.09806,-0.190428,-0.132796,-0.270111,-0.142376,-0.295188,0.001711,0.003324
0,0.023538,-0.067787,0.111776,0.106624,0.073901,0.140175,0.000411,0.001183
0,-0.433009,-2.01137,-0.448361,-1.960213,-0.402831,-1.956288,0.00026,0.003834
0,-0.483849,-2.681164,-0.073709,-0.695338,-0.040188,-0.712318,0.000627,0.000112
0,-0.665254,-3.009515,-0.165498,-0.34214,-0.122086,-0.298537,0.003793,0.002199
0,-0.558408,-2.60184,0.129573,0.402679,0.08857,0.425928,0.001928,0.001497
0,-0.621181,-2.043224,-0.047787,0.555141,-0.06477,0.530979,0.003024,0.003428
0,-0.527174,-1.693343,0.07195,0.332344,0.109738,0.314485,0.001383,0.001717
0,-0.417325,-0.94176,0.081728,0.776324,0.119689,0.779359,0.000534,0.000801
0,-0.296036,-0.442518,0.138453,0.483628,0.156411,0.507758,0.002651,9.4e-05
0,-0.122842,-0.027491,0.187866,0.406068,0.181028,0.363958,0.002144,0.00048
0,0.03918,-0.113996,0.132122,-0.079837,0.102161,-0.048034,0.000684,0.00199
0,0.023359,0.037603,-0.042115,0.160071,-0.08993,0.181188,0.000408,0.000656
0,-0.123436,0.221375,-0.170551,0.178574,-0.177801,0.131383,0.002154,0.003864
0,-0.00176,0.252673,0.112581,0.01915,0.125665,-0.025721,3.1e-05,0.003408
0,-0.079244,0.013321,-0.104849,-0.23283,-0.146453,-0.185536,0.001383,0.000233
0,0.102185,0.023876,0.178085,0.033712,0.14467,0.043498,0.001783,0.000417
0,0.078815,0.227369,-0.041349,0.180074,0.000149,0.135967,0.001376,0.00385
0,-0.009275,0.235458,-0.108204,0.026219,-0.150044,-0.015552,0.000162,0.003708
0,0.088467,0.086144,0.113591,-0.1215,0.065546,-0.106958,0.001544,0.001503
0,-0.002259,0.144129,-0.108216,0.033088,-0.119251,0.016088,3.9e-05,0.002516
0,0.033674,0.190623,0.065517,0.026899,0.06585,0.076322,0.000588,0.003327
0,-0.032936,0.052716,-0.091146,-0.110763,-0.065268,-0.107148,0.000575,0.00092
0,0.120909,0.16753,0.165165,0.12526,0.196174,0.083029,0.00211,0.002924
0,-0.195734,0.006394,-0.305833,-0.160372,-0.305744,-0.165637,0.003416,0.000112
0,0.035957,-0.060951,0.246497,-0.09017,0.24686,-0.066804,0.000628,0.001064
0,-0.015977,-0.022303,-0.074419,0.053226,-0.074206,0.079586,0.000279,0.000389
0,0.077333,-0.059536,0.06807,-0.058925,0.048481,-0.028412,0.00135,0.001039
0,0.101873,0.025166,0.033473,0.077505,0.051358,0.099707,0.001778,0.000439
0,0.037233,0.075245,-0.089929,0.040759,-0.077277,0.058781,0.00065,0.001313
0,-0.156935,0.185047,-0.191262,0.090302,-0.197964,0.056165,0.002739,0.00323
0,-0.138572,-0.07614,-0.009921,-0.278172,-0.045211,-0.25667,0.002419,0.001329
0,-0.001047,-0.054322,0.108994,0.039575,0.141501,0.078401,1.8e-05,0.000948
0,0.063874,0.118289,0.039948,0.197176,0.03757,0.200028,0.001115,0.002065
0,-0.001253,0.133137,-0.072159,-0.009889,-0.079272,0.03637,2.2e-05,0.002324
0,-0.211896,0.005202,-0.187951,-0.121468,-0.148826,-0.074643,0.003698,9.1e-05
0,0.015544,0.150111,0.203233,0.120276,0.23033,0.145732,0.000271,0.00262
0,0.110305,-0.02112,0.087703,-0.195515,0.111575,-0.192978,0.001925,0.000369
0,-0.037568,0.118184,-0.155952,0.129734,-0.168708,0.082255,0.000656,0.002063
0,0.127207,0.175747,0.146866,0.057822,0.145591,0.060731,0.00222,0.003067
0,-0.049495,0.1379,-0.160227,-0.03777,-0.19813,-0.004007,0.000864,0.002407
0,-0.088444,-0.098177,-0.026915,-0.240681,-0.041697,-0.261419,0.001544,0.001714
0,0.027203,0.056216,0.13442,0.126689,0.167093,0.07718,0.000475,0.000981
0,0.180523,0.052129,0.154134,-0.033224,0.130228,-0.069134,0.003151,0.00091
0,-0.045763,-0.111317,-0.225754,-0.165243,-0.186458,-0.188902,0.000799,0.001943
0,0.20706,0.103937,0.249616,0.244248,0.279374,0.21827,0.003614,0.001814
0,-0.130816,0.043139,-0.354861,-0.061733,-0.35203,-0.040018,0.002283,0.000753
0,-0.023817,-1e-05,0.114249,-0.063091,0.15587,-0.084045,0.000416,0.0
0,0.073955,0.116329,0.119971,0.138104,0.168141,0.130431,0.001291,0.00203
0,0.001285,-0.16195,-0.053989,-0.261813,-0.080073,-0.280726,2.2e-05,0.002827
0,0.04427,0.100078,0.01565,0.276571,0.037686,0.276793,0.000773,0.001747
0,-0.073867,-0.110172,-0.129027,-0.185725,-0.109836,-0.163192,0.001289,0.001923
0,-0.099883,0.160962,-0.037591,0.247645,-0.056431,0.229185,0.001743,0.002809
0,0.046498,-0.030292,0.171482,-0.212278,0.197876,-0.197771,0.000812,0.000529
0,-0.087727,-0.016271,-0.110333,0.040172,-0.075827,0.081053,0.001531,0.000284
0,-0.088776,-0.120813,0.02583,-0.116134,-0.016612,-0.098593,0.001549,0.002109
0,0.052968,-0.070975,0.123873,0.023168,0.098086,0.025499,0.000924,0.001239
0,-0.08176,0.090246,-0.110506,0.184755,-0.09814,0.207766,0.001427,0.001575
0,-0.067806,-0.033777,-0.013772,-0.14144,-0.058732,-0.188495,0.001183,0.00059
0,-0.054959,0.036782,0.000424,0.08444,-0.039155,0.132942,0.000959,0.000642
0,-0.136576,-0.066207,-0.060503,-0.107501,-0.072371,-0.059927,0.002384,0.001156
0,-0.107196,-0.072025,0.045097,0.012983,0.028956,-0.028343,0.001871,0.001257
0,-0.236513,0.143266,-0.112244,0.21561,-0.148891,0.225001,0.00369,0.0025
0,0.004844,0.027081,0.257791,-0.116072,0.208941,-0.140672,8.5e-05,0.000473
0,-0.206231,0.095146,-0.214086,0.096586,-0.235531,0.122963,0.003599,0.001661
0,-0.229138,-0.086762,-0.047574,-0.165694,-0.025935,-0.207778,0.003819,0.001514
0,-0.050283,-0.022658,0.152595,0.060903,0.20038,0.057288,0.000878,0.000395
0,-0.190471,-0.099799,-0.157979,-0.09313,-0.124827,-0.063501,0.003324,0.001742
0,-0.114679,-0.021641,0.099801,0.063968,0.057214,0.06594,0.002002,0.000378
0,-0.023474,-0.05921,0.095576,-0.056269,0.100395,-0.041812,0.00041,0.001033
0,-0.192474,-0.146401,-0.184754,-0.095836,-0.147062,-0.073881,0.003359,0.002555
0,-0.132816,-0.06608,0.043765,0.083594,0.025496,0.11679,0.002318,0.001153
0,-0.180302,-0.128027,-0.03671,-0.044055,-0.037607,-0.005746,0.003147,0.002234
0,0.008005,0.173823,0.191329,0.295741,0.213418,0.28651,0.00014,0.003034
0,-0.105269,-0.090086,-0.10478,-0.270203,-0.054967,-0.262351,0.001837,0.001572
0,-0.172845,0.146885,-0.089992,0.229424,-0.079746,0.219596,0.003017,0.002564
0,-0.233837,0.1849,-0.077335,0.029558,-0.102961,4.1e-05,0.003737,0.003227
0,-0.216355,0.108032,0.025223,-0.10502,0.02852,-0.061504,0.003776,0.001886
0,-0.018452,0.033581,0.19023,-0.080041,0.193175,-0.033352,0.000322,0.000586
0,-0.205395,0.025006,-0.184798,-0.020886,-0.198756,-0.052322,0.003585,0.000436
0,-0.002796,0.125119,0.220774,0.109889,0.185743,0.080801,4.9e-05,0.002184
0,-0.102959,0.099324,-0.097256,-0.028847,-0.054654,-0.033214,0.001797,0.001734
0,0.016028,-0.047953,0.127097,-0.159599,0.095912,-0.168992,0.00028,0.000837
0,-0.226182,0.042836,-0.251694,0.066748,-0.299685,0.032709,0.00387,0.000748
0,-0.227956,-0.082386,0.016778,-0.14294,0.048473,-0.13132,0.003839,0.001438
0,-0.160625,-0.048457,0.073271,0.021344,0.067546,0.016872,0.002803,0.000846
0,-0.07917,0.027204,0.056151,0.058592,0.065449,0.047884,0.001382,0.000475
0,-0.184425,-0.129694,-0.12857,-0.14152,-0.122772,-0.167509,0.003219,0.002264
0,-0.286084,0.02511,-0.100456,0.146243,-0.052768,0.17867,0.002825,0.000438
0,-0.094959,0.003361,0.168174,0.001095,0.194385,0.021273,0.001657,5.9e-05
0,-0.085007,-0.191719,0.012079,-0.193381,0.050796,-0.173826,0.001484,0.003346
0,-0.136386,-0.189353,-0.035517,0.031726,-0.044015,0.068549,0.00238,0.003305
0,-0.174042,0.090422,-0.011231,0.26596,0.007929,0.31094,0.003038,0.001578
0,-0.055307,-0.069202,0.09756,-0.161542,0.095398,-0.125407,0.000965,0.001208
0,-0.17625,0.054868,-0.136884,0.105538,-0.14711,0.073799,0.003076,0.000958
0,-0.196076,-0.062995,-0.000864,-0.107672,0.001238,-0.103695,0.003422,0.001099
0,-0.199121,0.07486,0.018793,0.108137,0.003454,0.151426,0.003475,0.001307
0,-0.01698,-0.103276,0.196663,-0.199966,0.232677,-0.153647,0.000296,0.001803
0,0.003377,0.104913,0.022042,0.211938,-0.021909,0.197527,5.9e-05,0.001831
0,-0.058631,0.072529,-0.056671,-0.028722,-0.086198,0.008552,0.001023,0.001266
0,0.02772,-0.01688,0.109324,-0.085628,0.060058,-0.065526,0.000484,0.000295
0,-0.237721,-0.157392,-0.272237,-0.16344,-0.276896,-0.142246,0.003669,0.002747
0,-0.004739,0.029758,0.243528,0.157716,0.282682,0.159006,8.3e-05,0.000519
0,-0.013351,-0.008494,-0.009188,-0.01387,0.034632,-0.012526,0.000233,0.000148
0,-0.24055,-0.020113,-0.230578,0.010254,-0.261362,0.012032,0.003619,0.000351
0,-0.299992,-0.143683,-0.080718,-0.098917,-0.049732,-0.093097,0.002582,0.002508
0,-0.165948,-0.105299,0.131902,0.044417,0.149675,0.03904,0.002896,0.001838
0,-0.221811,-0.104602,-0.051943,0.009032,-0.074419,0.038498,0.003871,0.001826
0,-0.066506,-0.01672,0.172123,0.082381,0.213735,0.046375,0.001161,0.000292
0,-0.261814,0.128003,-0.213567,0.1244,-0.254124,0.123902,0.003248,0.002234
0,-0.053665,-0.043455,0.186509,-0.157709,0.145527,-0.164408,0.000937,0.000758
0,-0.261595,-0.151332,-0.192974,-0.102113,-0.179162,-0.098656,0.003252,0.002641
0,-0.058825,0.028411,0.175882,0.15785,0.134066,0.136844,0.001027,0.000496
0,-0.142423,0.062082,-0.085561,0.008774,-0.060011,0.05552,0.002486,0.001084
0,-0.020628,0.062182,0.102113,-0.005771,0.068873,-0.007307,0.00036,0.001085
0,0.752293,0.658429,0.752236,0.580183,0.772734,0.537294,0.002506,0.003674
0,1.3689,1.264368,0.611644,0.598502,0.646816,0.561864,0.000438,0.001386
0,1.48409,1.447079,0.140658,0.203747,0.112179,0.241711,0.002449,0.001803
0,1.444258,1.3717,-0.063081,-0.080625,-0.066962,-0.127199,0.001753,0.000487
0,1.249362,1.239092,-0.172241,-0.120573,-0.160928,-0.16692,0.001648,0.001827
0,1.1694,0.956374,-0.109431,-0.281547,-0.125131,-0.288752,0.003044,0.001056
0,0.946272,0.617124,-0.216295,-0.325138,-0.242291,-0.354669,0.00088,0.002953
0,0.909901,0.603421,-0.025154,-0.031629,-0.023536,0.003466,0.000245,0.002714
0,0.65496,0.285995,-0.225882,-0.304736,-0.269034,-0.259396,0.003613,0.002826
0,0.273057,0.315312,-0.384821,0.041348,-0.377642,-0.004051,0.003052,0.002315
0,0.05276,-0.058285,-0.241729,-0.381736,-0.248767,-0.409932,0.000921,0.001017
0,-0.05062,-0.212,-0.099547,-0.166114,-0.143936,-0.210545,0.000883,0.0037
0,0.070632,-0.258766,0.107161,-0.059805,0.11007,-0.035076,0.001233,0.003302
0,0.064929,0.055922,0.023087,0.307535,0.062347,0.335835,0.001133,0.000976
0,0.010266,-0.161152,-0.064289,-0.18879,-0.107475,-0.162255,0.000179,0.002813
0,-0.138208,0.058453,-0.176777,0.196091,-0.153398,0.161116,0.002412,0.00102
0,0.031414,-0.050163,0.182045,-0.082272,0.135649,-0.041758,0.000548,0.000876
0,-0.068105,0.092719,-0.070587,0.15409,-0.032376,0.130406,0.001189,0.001618
0,0.0801,0.068581,0.165525,-0.039385,0.158594,-0.039835,0.001398,0.001197
0,0.110138,-0.017663,0.015578,-0.094084,-0.021656,-0.122585,0.001922,0.000308
0,-0.014901,0.061674,-0.153702,0.108229,-0.163827,0.079199,0.00026,0.001076
0,-0.100935,0.020642,-0.0578,-0.026007,-0.091704,0.00096,0.001762,0.00036
0,0.107489,0.022079,0.197267,-0.004883,0.179364,0.007106,0.001876,0.000385
0,-0.045147,-0.128653,-0.130872,-0.145719,-0.127579,-0.15197,0.000788,0.002245
0,0.016335,-0.160432,0.058695,-0.01259,0.096334,-0.014837,0.000285,0.0028
0,-0.122128,0.09196,-0.135414,0.261361,-0.129655,0.212013,0.002132,0.001605
0,0.080323,0.042962,0.229604,-0.040888,0.22309,-0.039978,0.001402,0.00075
0,-0.141657,0.013599,-0.249149,-0.028068,-0.218448,-0.001774,0.002472,0.000237
0,0.104858,-0.024109,0.229549,-0.039814,0.238287,-0.002427,0.00183,0.000421
0,0.069448,0.03479,-0.035569,0.040175,-0.027099,0.045375,0.001212,0.000607
0,-0.16523,0.159705,-0.246472,0.142512,-0.253317,0.136128,0.002884,0.002787
0,-0.223532,0.105395,-0.056598,-0.057576,-0.019885,-0.100637,0.003901,0.001839
0,-0.096609,0.09842,0.120334,-0.004857,0.134695,-0.009142,0.001686,0.001718
0,-0.199664,0.048982,-0.116496,-0.069163,-0.095958,-0.072499,0.003485,0.000855
0,-0.049677,-0.137423,0.17778,-0.159827,0.13841,-0.206211,0.000867,0.002398
0,-0.131123,-0.00882,-0.066847,0.130708,-0.098562,0.170937,0.002289,0.000154
0,-0.15177,-0.160058,0.003381,-0.130362,0.00979,-0.156975,0.002649,0.002794
0,-0.007935,0.061333,0.150676,0.228685,0.12693,0.241206,0.000138,0.00107
0,0.041377,-0.024001,0.055015,-0.088979,0.069878,-0.113866,0.000722,0.000419
0,0.024093,-0.167807,0.010787,-0.169679,0.056696,-0.167089,0.000421,0.002929
0,-0.057663,-0.005502,-0.067749,0.161708,-0.113253,0.17419,0.001006,9.6e-05
0,0.039923,-0.147521,0.102383,-0.1644,0.108556,-0.196116,0.000697,0.002575
0,-0.061012,-0.081942,-0.12217,0.063011,-0.155869,0.069074,0.001065,0.00143
0,-0.160324,0.070505,-0.125778,0.144748,-0.142051,0.140516,0.002798,0.001231
0,-0.128507,0.040174,0.038531,-0.041608,0.001596,-0.066763,0.002243,0.000701
0,0.073912,-0.038463,0.217741,-0.0655,0.196008,-0.087552,0.00129,0.000671
0,0.005975,-0.0527,-0.088293,-0.017758,-0.134305,-0.010779,0.000104,0.00092
0,-0.005524,0.035933,-0.021896,0.067318,-0.032744,0.066844,9.6e-05,0.000627
0,0.007624,0.045667,0.007167,0.02487,0.031073,0.04181,0.000133,0.000797
0,0.001752,0.049465,-0.018628,-0.00894,0.003923,0.026073,3.1e-05,0.000863
0,0.030746,0.046409,0.017331,-0.028854,0.036495,-0.028332,0.000537,0.00081
0,-0.063926,0.09153,-0.107867,0.05246,-0.112727,0.040768,0.001116,0.001598
0,-0.228804,0.01305,-0.185734,-0.073696,-0.139127,-0.115361,0.003824,0.000228
0,-0.135158,-0.088045,0.070402,-0.08482,0.023004,-0.053752,0.002359,0.001537
0,-0.042942,-0.06495,0.063454,0.033787,0.077764,0.027762,0.000749,0.001134
0,0.012316,-0.054646,0.053517,0.037762,0.056684,-0.011073,0.000215,0.000954
0,-0.018766,-0.111294,-0.002877,-0.054312,0.033127,-0.066319,0.000328,0.001942
0,-0.253573,0.013105,-0.254194,0.1502,-0.286255,0.161267,0.003392,0.000229
0,-0.017931,-0.133315,0.265304,-0.169057,0.223163,-0.138032,0.000313,0.002327
0,-0.10496,0.108645,-0.061988,0.230779,-0.02235,0.187474,0.001832,0.001896
0,0.027429,-0.064388,0.140807,-0.165287,0.159718,-0.121809,0.000479,0.001124
0,-0.220986,0.011263,-0.255967,0.063227,-0.241974,0.10831,0.003857,0.000197
0,-0.043933,-0.086715,0.152788,-0.097395,0.191988,-0.066842,0.000767,0.001513
0,0.046039,0.030653,0.119673,0.096853,0.116798,0.136901,0.000804,0.000535
0,0.035186,0.005328,0.014278,-0.039046,-0.027942,-0.038529,0.000614,9.3e-05
0,0.08719,-0.057269,0.030422,-0.032729,0.045733,-0.068996,0.001522,0.001
0,0.056882,0.080794,-0.057393,0.124397,-0.100527,0.122946,0.000993,0.00141
0,0.096419,0.064289,0.030604,0.007115,0.038968,0.014018,0.001683,0.001122
0,0.14626,-0.095508,0.040209,-0.176133,0.022093,-0.21762,0.002553,0.001667
0,-0.025327,0.162478,-0.187861,0.235527,-0.190729,0.203019,0.000442,0.002836
0,-0.097853,0.043286,-0.089829,-0.107402,-0.118968,-0.150006,0.001708,0.000755
0,0.095543,0.084846,0.18925,0.067201,0.226193,0.053051,0.001668,0.001481
0,-0.05227,-0.114838,-0.129804,-0.209455,-0.173314,-0.232447,0.000912,0.002004
0,0.077007,0.062281,0.12126,0.152731,0.165216,0.2012,0.001344,0.001087
0,0.02995,-0.016527,-0.051391,-0.087261,-0.083191,-0.119583,0.000523,0.000288
0,-0.192853,0.074225,-0.252569,0.084776,-0.278946,0.071679,0.003366,0.001295
0,-0.123174,-0.025776,0.052759,-0.070366,0.09205,-0.035881,0.00215,0.00045
0,-0.167422,-0.075175,-0.035804,-0.026684,-0.032296,0.008184,0.002922,0.001312
0,0.001793,-0.11507,0.167874,-0.010165,0.133002,0.023594,3.1e-05,0.002008
0,-0.118196,-0.11246,-0.115936,-0.022475,-0.070293,-0.005627,0.002063,0.001963
0,-0.103871,-0.035996,-0.007345,0.076558,-0.039229,0.039565,0.001813,0.000628
0,-0.035233,-0.176447,0.042395,-0.129338,0.033796,-0.093584,0.000615,0.00308
0,0.066888,0.056808,0.08971,0.228619,0.080181,0.260747,0.001167,0.000991
0,0.044719,-0.136052,-0.046673,-0.213501,0.000618,-0.173139,0.000781,0.002375
0,0.092442,-0.005075,0.057688,0.121481,0.0451,0.075137,0.001613,8.9e-05
0,-0.106279,-0.202018,-0.224663,-0.200723,-0.187526,-0.172702,0.001855,0.003526
0,-0.097267,-0.180223,0.019192,0.024815,0.00814,0.062274,0.001698,0.003145
0,0.014832,-0.202238,0.117538,0.007133,0.126982,-0.01918,0.000259,0.00353
0,-0.124948,-0.032082,-0.118837,0.158509,-0.146744,0.154539,0.002181,0.00056
0,-0.174566,-0.034059,-0.05083,0.005145,-0.011905,0.011288,0.003047,0.000594
0,-0.026163,-0.150118,0.127808,-0.108496,0.169295,-0.10783,0.000457,0.00262
0,-0.187653,-0.02881,-0.184923,0.107677,-0.19856,0.073971,0.003275,0.000503
0,-0.031549,-0.133784,0.140196,-0.081844,0.102867,-0.091872,0.000551,0.002335
0,-0.152305,-0.098545,-0.140975,0.064439,-0.160543,0.113912,0.002658,0.00172
0,0.023223,-0.036962,0.203488,0.051996,0.186022,0.01112,0.000405,0.000645
0,0.070279,-0.098365,0.03657,-0.07902,0.037497,-0.076989,0.001227,0.001717
0,-0.212924,-0.017017,-0.30757,0.087169,-0.327346,0.043911,0.003716,0.000297
0,-0.120892,-0.072741,0.090485,-0.028102,0.109212,-0.026218,0.00211,0.00127
0,-0.052913,0.052383,0.070856,0.115104,0.071352,0.092804,0.000924,0.000914
0,0.032403,0.117919,0.069888,0.054508,0.105456,0.062053,0.000566,0.002058
0,0.003146,0.098108,-0.034591,-0.026161,-0.081593,-0.069935,5.5e-05,0.001712
0,0.108437,0.066469,0.085337,-0.038068,0.109734,-0.004789,0.001893,0.00116
0,-0.114687,-0.024107,-0.198031,-0.113583,-0.212766,-0.110649,0.002002,0.000421
0,0.071809,0.067869,0.191534,0.116093,0.217609,0.112979,0.001253,0.001185
0,0.186664,-0.025669,0.104201,-0.096006,0.147514,-0.121048,0.003258,0.000448
0,0.224765,0.130496,0.049797,0.167386,0.038621,0.158698,0.003895,0.002278
0,-0.019915,-0.029981,-0.223221,-0.174596,-0.207749,-0.195645,0.000348,0.000523
0,0.117904,0.116921,0.157412,0.144652,0.111188,0.143202,0.002058,0.002041
0,-0.047085,0.138916,-0.180011,0.047713,-0.142738,0.080428,0.000822,0.002425
0,-0.08578,-0.016557,-0.064322,-0.16931,-0.087542,-0.120509,0.001497,0.000289
0,0.238424,0.128641,0.342722,0.133902,0.341253,0.125715,0.003657,0.002245
0,0.200909,0.058042,-0.052832,-0.092838,-0.06421,-0.104867,0.003507,0.001013
0,0.018036,-0.169084,-0.173621,-0.212105,-0.140863,-0.244928,0.000315,0.002951
0,0.249862,-0.04848,0.233969,0.126658,0.247567,0.148353,0.003457,0.000846
0,0.155005,-0.094089,-0.086639,-0.068166,-0.105146,-0.115844,0.002705,0.001642
0,0.088166,-0.03967,-0.084621,0.05848,-0.102398,0.058253,0.001539,0.000692
0,0.313977,-0.075623,0.195849,-0.034444,0.164662,0.015154,0.002338,0.00132
0,0.172388,0.119857,-0.137988,0.174456,-0.15593,0.215929,0.003009,0.002092
0,0.078778,-0.123707,-0.122825,-0.223751,-0.146785,-0.188493,0.001375,0.002159
0,0.200133,-0.017184,0.120159,0.129829,0.146191,0.159349,0.003493,0.0003
0,-0.039957,0.050336,-0.24578,0.080462,-0.268569,0.078654,0.000697,0.000879
0,-0.06284,0.038259,-0.00675,-0.026124,0.022488,-0.001619,0.001097,0.000668
0,-0.006302,0.025911,0.077962,0.011564,0.082735,-0.038267,0.00011,0.000452
0,0.133071,0.025595,0.15511,-0.012114,0.183351,0.008475,0.002323,0.000447
0,0.2191,-0.090751,0.082087,-0.133668,0.110329,-0.176931,0.003824,0.001584
0,0.113098,-0.013933,-0.091516,0.070469,-0.09625,0.027432,0.001974,0.000243
0,0.003402,-0.132044,-0.114404,-0.133721,-0.154478,-0.101501,5.9e-05,0.002305
0,0.003375,-0.060493,0.003039,0.08185,0.042793,0.093281,5.9e-05,0.001056
0,0.093034,-0.020914,0.077085,0.062173,0.061448,0.073128,0.001624,0.000365
0,0.198392,0.022282,0.089957,0.063507,0.131943,0.029542,0.003463,0.000389
0,0.1143,-0.083175,-0.112707,-0.093447,-0.159437,-0.063467,0.001995,0.001452
0,0.068421,-0.0613,-0.059349,-0.007116,-0.010518,-0.026277,0.001194,0.00107
0,0.20817,0.095769,0.127845,0.176983,0.15418,0.153961,0.003633,0.001671
0,0.033013,0.123485,-0.167538,0.006566,-0.203898,0.00422,0.000576,0.002155
0,0.184087,-0.160967,0.126264,-0.272722,0.117449,-0.307622,0.003213,0.002809
0,-0.071291,0.107358,-0.242118,0.279765,-0.230168,0.253863,0.001244,0.001874
0,0.048246,0.086408,0.100484,-0.040505,0.098875,-0.033977,0.000842,0.001508
0,0.003339,-0.054077,-0.018198,-0.111084,0.003199,-0.106239,5.8e-05,0.000944
0,-0.045037,-0.056356,-0.029306,0.013078,0.002378,0.00156,0.000786,0.000984
0,0.093509,0.047251,0.163537,0.119875,0.191553,0.127657,0.001632,0.000825
0,-0.064112,0.100453,-0.136318,0.04868,-0.108294,0.014448,0.001119,0.001753
0,-0.104137,0.042223,-0.040489,-0.058149,-0.085671,-0.067157,0.001818,0.000737
0,-0.015285,0.03784,0.115618,-0.002588,0.100139,0.013352,0.000267,0.00066
0,0.091233,0.026842,0.107958,-0.020384,0.096944,-0.07014,0.001592,0.000468
0,0.008831,-0.013898,-0.102476,-0.062458,-0.143018,-0.112093,0.000154,0.000243
0,0.132687,-0.022274,0.097185,-0.023853,0.093949,-0.054373,0.002316,0.000389
0,0.124754,0.06598,-0.033742,0.099102,-0.080559,0.059285,0.002177,0.001152
0,0.135581,-0.184451,0.008441,-0.232739,-0.013319,-0.217073,0.002366,0.003219
0,0.211418,-0.053811,0.067152,0.147584,0.077744,0.104005,0.00369,0.000939
0,0.066445,-0.083976,-0.136651,-0.018897,-0.175362,0.011235,0.00116,0.001466
0,0.246477,-0.056465,0.177876,0.001743,0.150199,0.029636,0.003516,0.000985
0,0.167144,0.040953,-0.07847,0.082904,-0.120291,0.09076,0.002917,0.000715
0,0.196473,0.030981,0.040644,-0.007194,0.071544,0.042218,0.003429,0.000541
0,0.189243,-0.12254,-0.031994,-0.149475,-0.019214,-0.130201,0.003303,0.002139
0,0.063071,0.05356,-0.142959,0.204258,-0.129926,0.162111,0.001101,0.000935
0,0.076718,0.009388,-0.009519,-0.037004,-0.058374,-0.086377,0.001339,0.000164
0,0.237262,-0.024032,0.163845,-0.061706,0.187444,-0.082246,0.003677,0.000419
0,0.277111,0.061767,0.051935,0.061394,0.008797,0.072294,0.002981,0.001078
0,0.314636,0.088774,0.009725,0.039279,0.007874,0.005691,0.002326,0.001549
0,0.237587,0.103277,-0.069102,0.042763,-0.057481,0.02976,0.003671,0.001803
0,-0.005536,-0.018844,-0.246389,-0.116333,-0.206634,-0.082234,9.7e-05,0.000329
0,0.173012,-0.064442,0.203996,-0.043859,0.236037,-0.058197,0.00302,0.001125
0,0.140798,0.043726,-0.048387,0.127893,0.001169,0.083942,0.002457,0.000763
0,-0.073218,-0.065904,-0.242884,-0.082746,-0.231567,-0.094762,0.001278,0.00115
0,-0.095105,0.072567,-0.007928,0.118619,-0.015557,0.129339,0.00166,0.001267
0,-0.100534,0.125311,-0.005836,0.054723,0.030863,0.104435,0.001755,0.002187
0,-0.089113,0.016039,0.018247,-0.110281,-0.003347,-0.129757,0.001555,0.00028
0,0.013369,-0.07267,0.128843,-0.112522,0.132902,-0.087592,0.000233,0.001268
0,-0.060227,-0.069969,-0.094593,0.029744,-0.123839,0.057167,0.001051,0.001221
0,-0.11897,0.092832,-0.030371,0.178468,-0.037278,0.135428,0.002076,0.00162
0,-0.164258,-0.082845,-0.061725,-0.151004,-0.061684,-0.135103,0.002867,0.001446
0,-0.116462,0.122532,0.070087,0.190214,0.078603,0.175544,0.002033,0.002139
0,-0.121888,0.068706,-0.014546,-0.043672,-0.021676,-0.080021,0.002127,0.001199
0,-0.068778,-0.054425,0.050123,-0.13999,0.023842,-0.12063,0.0012,0.00095
0,0.160636,-0.142105,0.250387,-0.074083,0.241622,-0.065644,0.002804,0.00248
0,-0.039519,0.059207,-0.17874,0.193225,-0.135097,0.196424,0.00069,0.001033
0,0.046995,-0.132373,0.062465,-0.176741,0.01911,-0.151012,0.00082,0.00231
0,0.040458,0.045938,-0.012699,0.17956,-0.047468,0.208048,0.000706,0.000802
0,0.121719,0.034511,0.052031,-0.001382,0.088608,-0.01464,0.002124,0.000602
0,0.094578,0.126,-0.040372,0.097056,-0.005836,0.109115,0.001651,0.002199
0,0.10858,-0.124997,0.008235,-0.248085,-0.008356,-0.254583,0.001895,0.002182
0,-0.075324,-0.135488,-0.198411,-0.027356,-0.208879,0.015808,0.001315,0.002365
0,-0.090486,0.059984,-0.034094,0.17462,-0.030992,0.159824,0.001579,0.001047
0,0.034488,0.02528,0.115985,-0.037162,0.136516,-0.050778,0.000602,0.000441
0,0.038898,0.010562,0.004322,-0.029154,-0.008493,0.018843,0.000679,0.000184
0,0.000204,0.124044,-0.038698,0.109847,-0.028953,0.075127,4e-06,0.002165
0,0.088734,-0.058822,0.095296,-0.2122,0.075669,-0.229236,0.001549,0.001027
0,0.242518,-0.099853,0.17715,-0.016265,0.152571,0.031348,0.003585,0.001743
0,0.009611,-0.116778,-0.227532,-0.01967,-0.252432,0.024919,0.000168,0.002038
0,0.134884,-0.055707,0.125324,0.033733,0.093877,0.032927,0.002354,0.000972
0,0.037475,0.012935,-0.088169,0.055366,-0.080237,0.017578,0.000654,0.000226
0,0.057709,-0.165576,0.032555,-0.199747,-0.006792,-0.219005,0.001007,0.00289
0,0.13595,-0.028096,0.086951,0.16059,0.047813,0.160407,0.002373,0.00049
0,0.133718,-0.041687,-0.00609,-0.013191,-0.02963,-0.012637,0.002334,0.000728
0,0.222803,-0.138957,0.083833,-0.108829,0.050359,-0.115125,0.003889,0.002425
0,0.082997,0.038321,-0.124835,0.203345,-0.158842,0.191031,0.001449,0.000669
0,0.140416,-0.055184,0.049352,-0.089899,0.019463,-0.046134,0.002451,0.000963
0,0.074241,-0.152291,-0.054171,-0.071811,-0.089662,-0.071201,0.001296,0.002658
0,0.128873,-0.078568,0.032346,0.048175,0.024224,0.037009,0.002249,0.001371
0,0.256551,-0.190275,0.11466,-0.136314,0.097867,-0.146681,0.00334,0.003321
0,0.282343,0.023319,0.032475,0.235719,0.06892,0.187021,0.00289,0.000407
0,0.042886,-0.15332,-0.216866,-0.169959,-0.184954,-0.199012,0.000748,0.002676
0,0.148924,-0.003576,0.123369,0.175249,0.150107,0.211647,0.002599,6.2e-05
0,0.167908,-0.181158,0.017392,-0.204262,0.027509,-0.214171,0.002931,0.003162
0,0.158088,-0.157205,-0.037907,0.013751,-0.077436,0.043,0.002759,0.002744
0,0.052378,0.00561,-0.114271,0.154209,-0.11372,0.167727,0.000914,9.8e-05
0,0.081467,-0.214612,0.030381,-0.222302,-0.006094,-0.200176,0.001422,0.003746
0,0.140874,-0.146807,0.034474,0.092983,0.042969,0.053343,0.002459,0.002562
0,0.227974,-0.029501,0.105077,0.092284,0.09818,0.096781,0.003839,0.000515
0,0.318855,-0.113424,0.097379,-0.078386,0.104354,-0.036566,0.002253,0.00198
0,0.27925,0.091731,-0.013872,0.203127,-0.03951,0.20658,0.002944,0.001601
0,0.068657,0.083004,-0.235713,-0.033419,-0.232117,-0.002674,0.001198,0.001449
0,0.168977,-0.018551,0.07621,-0.121176,0.03408,-0.170519,0.002949,0.000324
0,0.267735,0.023741,0.089756,0.035352,0.114468,0.058982,0.003145,0.000414
0,0.086375,-0.005257,-0.171705,-0.029775,-0.197553,0.014875,0.001508,9.2e-05
0,0.266517,0.029684,0.151296,0.024137,0.11207,0.062163,0.003166,0.000518
0,0.041802,-0.131282,-0.231617,-0.152416,-0.255662,-0.117609,0.00073,0.002291
0,0.21527,-0.186421,0.150684,-0.080399,0.146252,-0.110157,0.003757,0.003254
0,0.176502,-0.085177,-0.011687,0.118511,-0.020317,0.140711,0.003081,0.001487
0,0.053028,-0.043118,-0.139476,0.035217,-0.134775,0.051812,0.000926,0.000753
0,0.200016,0.001811,0.142356,0.061705,0.163927,0.04158,0.003491,3.2e-05
0,0.149822,0.018243,-0.020777,0.00685,-0.029574,0.037994,0.002615,0.000318
0,0.23935,0.013043,0.065951,0.004958,0.048307,-0.029563,0.00364,0.000228
0,0.293402,0.034712,0.026133,0.050587,0.04415,0.065046,0.002697,0.000606
0,0.254367,-0.08449,-0.03055,-0.141336,-0.000258,-0.131793,0.003378,0.001475
0,0.108542,0.102966,-0.128789,0.169394,-0.145184,0.196855,0.001894,0.001797
0,0.036729,-0.074654,-0.046629,-0.183231,-0.050732,-0.153278,0.000641,0.001303
0,0.214156,-0.103799,0.207271,-0.018362,0.239479,0.006085,0.003738,0.001812
0,0.251445,-0.03142,0.027622,0.086859,0.05168,0.119632,0.003429,0.000548
0,0.05116,-0.126615,-0.195162,-0.087534,-0.213866,-0.108134,0.000893,0.00221
0,0.101486,0.076578,0.066981,0.202677,0.026602,0.1765,0.001771,0.001337
0,0.112148,0.005968,0.010668,-0.043209,0.000205,-0.049658,0.001957,0.000104
0,0.289669,-0.046518,0.177957,-0.068946,0.185566,-0.04929,0.002762,0.000812
0,0.067268,0.111344,-0.209807,0.13501,-0.258376,0.106288,0.001174,0.001943
0,0.184672,-0.141275,0.115918,-0.242099,0.093223,-0.28455,0.003223,0.002466
0,0.264832,0.094986,0.091968,0.224631,0.136063,0.190237,0.003196,0.001658
0,0.35716,-0.008882,0.074544,-0.105882,0.118878,-0.136124,0.001584,0.000155
0,0.138633,0.029008,-0.225294,0.048203,-0.180386,0.051688,0.00242,0.000506
0,0.235133,-0.16583,0.113192,-0.184153,0.142835,-0.204297,0.003714,0.002894
0,0.352415,0.022621,0.097069,0.197262,0.138422,0.188908,0.001667,0.000395
0,0.18376,-0.158798,-0.183624,-0.186262,-0.169063,-0.222951,0.003207,0.002772
0,0.343948,-0.108528,0.140531,0.075955,0.110635,0.099913,0.001815,0.001894
0,0.216122,-0.062223,-0.133421,0.031557,-0.104833,0.057497,0.003772,0.001086
0,0.288424,-0.044957,0.072021,0.01269,0.032804,0.047141,0.002784,0.000785
0,0.245603,-0.025901,-0.045173,-0.004029,-0.079903,0.02004,0.003531,0.000452
0,0.031484,0.016255,-0.239952,0.052242,-0.257748,0.086531,0.00055,0.000284
0,0.139179,-0.135116,0.104342,-0.142422,0.068666,-0.166005,0.002429,0.002358
0,-0.025585,-0.178187,-0.150672,-0.027455,-0.190087,-0.016245,0.000447,0.00311
0,0.045429,-0.181966,0.090709,0.017385,0.053932,-0.021705,0.000793,0.003176
0,-0.036098,-0.115192,-0.081086,0.054684,-0.126075,0.063992,0.00063,0.00201
0,-0.167033,-0.206932,-0.11334,-0.082109,-0.087897,-0.121592,0.002915,0.003612
0,0.012763,-0.192259,0.194536,0.000188,0.201247,0.028851,0.000223,0.003356
0,-0.040566,-0.026899,-0.040573,0.158235,-0.073015,0.172914,0.000708,0.000469
0,-0.081127,-0.034358,-0.068915,0.011217,-0.074589,-0.011919,0.001416,0.0006
0,-0.081121,0.011394,-0.023626,0.04502,0.005054,0.065073,0.001416,0.000199
0,5.6e-05,-0.094037,0.077623,-0.076282,0.12368,-0.123429,1e-06,0.001641
0,-0.163277,-0.052459,-0.189209,0.07117,-0.173616,0.054672,0.00285,0.000916
0,0.105044,-0.047681,0.255058,-0.018125,0.221939,0.003449,0.001833,0.000832
0,-0.042336,0.081752,-0.153824,0.105045,-0.195582,0.133367,0.000739,0.001427
0,-0.140565,-0.013895,-0.088822,-0.099544,-0.084601,-0.077289,0.002453,0.000243
0,0.095351,-0.081159,0.212691,-0.038027,0.230001,-0.084698,0.001664,0.001416
0,0.072316,0.036145,-0.036295,0.097205,-0.006316,0.105256,0.001262,0.000631
0,0.063878,0.049988,-0.020188,0.03007,-0.011209,-0.007299,0.001115,0.000872
0,0.009987,-0.130303,-0.078782,-0.151432,-0.099799,-0.111775,0.000174,0.002274
0,0.133991,0.04118,0.138254,0.15196,0.182329,0.150522,0.002339,0.000719
0,-0.068902,0.010162,-0.224947,-0.047733,-0.199471,-0.005455,0.001203,0.000177
0,-0.110707,-0.119214,-0.028118,-0.109827,-0.010069,-0.148158,0.001932,0.002081
0,0.083894,-0.055396,0.210875,0.061912,0.188176,0.063006,0.001464,0.000967
0,0.085303,-0.024826,-0.006417,0.00789,0.008837,-0.010407,0.001489,0.000433
0,-0.068774,0.014436,-0.175549,0.018678,-0.210062,0.012371,0.0012,0.000252
0,-0.200659,0.113122,-0.155768,0.068773,-0.152767,0.102561,0.003502,0.001974
0,-0.142743,0.145928,0.032123,0.020683,0.063386,0.03995,0.002491,0.002547
0,-0.1771,0.04029,-0.059503,-0.114016,-0.087321,-0.073642,0.003091,0.000703
0,-0.159552,0.048907,-0.008498,0.014684,-0.028025,0.050891,0.002785,0.000854
0,-0.040478,-0.036829,0.091081,-0.067174,0.09108,-0.063846,0.000706,0.000643
0,-0.093945,-0.092922,-0.075668,-0.060397,-0.059228,-0.102953,0.00164,0.001622
0,0.01331,0.031103,0.082634,0.106522,0.065243,0.101892,0.000232,0.000543
0,-0.033143,-0.011986,-0.057714,-0.053508,-0.041042,-0.045963,0.000578,0.000209
0,-0.024995,0.005426,0.023329,-0.007301,0.044174,-0.011453,0.000436,9.5e-05
0,-0.107412,-0.045315,-0.105331,-0.060894,-0.147412,-0.076244,0.001875,0.000791
0,-0.142896,-0.012896,-0.032139,0.010739,-0.00027,0.011723,0.002494,0.000225
0,0.067716,0.026006,0.216741,0.065128,0.170075,0.031414,0.001182,0.000454
0,-0.083285,-0.088079,-0.156501,-0.092689,-0.120488,-0.072209,0.001454,0.001537
0,0.071643,0.030202,0.146316,0.134784,0.18107,0.121115,0.00125,0.000527
0,-0.089602,0.173237,-0.140004,0.14341,-0.096899,0.192639,0.001564,0.003024
0,-0.129245,0.065945,-0.055323,-0.093826,-0.082775,-0.099556,0.002256,0.001151
0,0.041483,0.092546,0.161801,0.016745,0.198965,0.001118,0.000724,0.001615
0,0.116221,-0.007062,0.072246,-0.113667,0.037153,-0.142191,0.002028,0.000123
0,0.113651,0.090448,0.021256,0.118333,0.010867,0.086268,0.001984,0.001579
0,0.027297,0.022203,-0.079324,-0.091937,-0.114734,-0.079025,0.000476,0.000388
0,0.007912,0.096004,0.000625,0.063437,-0.004429,0.086584,0.000138,0.001676
0,0.024908,-0.07176,0.032993,-0.158022,0.005457,-0.165931,0.000435,0.001252
0,0.035945,0.182958,-0.00499,0.228869,-0.029385,0.254779,0.000627,0.003193
0,-0.113035,0.003443,-0.158793,-0.202104,-0.161239,-0.156805,0.001973,6e-05
0,0.110089,-0.009795,0.220178,-0.022696,0.193725,-0.045388,0.001921,0.000171
0,0.122805,0.008634,-0.006319,0.044664,0.009222,0.032336,0.002143,0.000151
0,0.121208,-0.003617,0.00536,0.015229,-0.041471,6.1e-05,0.002115,6.3e-05
0,0.04732,-0.087296,-0.062072,-0.079266,-0.090777,-0.035751,0.000826,0.001524
0,-0.115434,-0.069165,-0.186086,0.02968,-0.197074,0.071405,0.002015,0.001207
0,0.104942,0.014234,0.2455,0.107511,0.28933,0.110945,0.001832,0.000248
0,-0.143687,-0.012573,-0.22901,-0.011305,-0.275319,-0.020221,0.002508,0.000219
0,0.062275,-0.011506,0.191569,-0.00271,0.143286,-0.044262,0.001087,0.000201
0,0.084283,-0.035273,0.010399,-0.048664,-0.019525,-0.092488,0.001471,0.000616
0,-0.028518,0.179561,-0.114317,0.203865,-0.149502,0.22995,0.000498,0.003134
0,-0.141359,-0.092854,-0.09589,-0.245356,-0.062908,-0.291846,0.002467,0.001621
0,-0.096276,-0.052976,0.059922,0.032956,0.109911,0.007327,0.00168,0.000925
0,-0.069823,0.105331,0.039698,0.148529,0.046053,0.121478,0.001219,0.001838
0,-0.217014,-0.082043,-0.150708,-0.180945,-0.119004,-0.15251,0.003788,0.001432
0,-0.006972,-0.035927,0.184667,0.016949,0.193291,-0.002359,0.000122,0.000627
0,-0.103628,-0.186733,-0.094178,-0.142592,-0.142039,-0.135356,0.001809,0.003259
0,-0.160591,-0.045596,-0.068229,0.133659,-0.05733,0.144995,0.002803,0.000796
0,-0.046743,-0.204031,0.139739,-0.176694,0.139144,-0.208421,0.000816,0.003561
0,-0.232049,-0.146485,-0.196694,0.083465,-0.1851,0.126767,0.003768,0.002557
0,-0.160893,0.013522,0.05802,0.168927,0.076673,0.150834,0.002808,0.000236
0,-0.038067,0.024728,0.152489,0.029291,0.175338,0.077976,0.000664,0.000432
0,0.027056,-0.041207,0.049512,-0.059489,0.090522,-0.040108,0.000472,0.000719
0,-0.053709,-0.175659,-0.078801,-0.133634,-0.075372,-0.176327,0.000937,0.003066
0,-0.150178,0.088001,-0.107302,0.275247,-0.116587,0.247921,0.002621,0.001536
0,-0.017384,-0.070662,0.137241,-0.168391,0.11057,-0.155242,0.000303,0.001233
0,0.052215,-0.049278,0.056265,0.019379,0.067295,0.019806,0.000911,0.00086
0,-0.24776,-0.017976,-0.280629,0.004921,-0.231101,0.042778,0.003494,0.000314
0,-0.033715,-0.047478,0.216648,-0.04487,0.216211,-0.003726,0.000588,0.000829
0,-4.717766,-0.649545,-4.691384,-0.591751,-4.738059,-0.608484,0.003656,0.003519
0,-7.909032,-0.445229,-3.206431,0.198435,-3.208086,0.173851,0.002683,4.7e-05
0,-7.560493,-0.478571,0.332333,-0.013005,0.312916,-0.055293,0.000948,0.000535
0,-5.933118,-0.693094,1.617366,-0.2346,1.604774,-0.192829,0.00192,0.003539
0,-4.823836,-0.58448,1.12706,0.08851,1.091909,0.077955,0.001805,0.002383
0,-3.461366,-0.326121,1.387237,0.251571,1.373498,0.22029,0.002131,0.002126
0,-2.230855,-0.377252,1.225196,-0.056948,1.270145,-0.092226,0.000154,0.001234
0,-1.766371,-0.214115,0.450771,0.173204,0.470509,0.124446,0.000443,0.003737
0,-1.148607,0.005273,0.615426,0.22034,0.590066,0.224601,0.003407,9.2e-05
0,-0.587681,-0.050964,0.574069,-0.055697,0.593614,-0.05905,0.002439,0.000889
0,0.403003,0.037366,0.973277,0.06302,0.926344,0.078158,0.000784,0.000652
0,1.31478,0.00545,0.927006,-0.02827,0.908493,-0.066224,0.000506,9.5e-05
0,0.92788,0.000833,-0.373164,0.022771,-0.392547,0.055402,0.000559,1.5e-05
0,0.863248,-0.033131,-0.045537,-0.020833,-0.084929,-0.016902,0.000569,0.000578
0,0.809169,0.099505,-0.052002,0.108953,-0.065189,0.087569,0.001513,0.001737
0,0.602566,0.229052,-0.195626,0.126192,-0.240968,0.091871,0.002699,0.00382
0,0.626802,0.071573,0.019816,-0.182861,0.02824,-0.160647,0.003122,0.001249
0,0.605887,0.028873,-0.036005,-0.017988,-0.039114,-0.026792,0.002757,0.000504
0,0.537135,0.040082,-0.097662,0.031329,-0.106045,0.050024,0.001557,0.0007
0,0.402713,-0.050956,-0.146542,-0.108022,-0.172533,-0.103604,0.000789,0.000889
0,0.55816,-0.077269,0.145665,-0.01017,0.190603,0.008093,0.001924,0.001349
0,0.547514,-0.076118,-0.007709,0.025579,0.041994,-0.005915,0.001738,0.001329
0,0.366011,0.07713,-0.187279,0.15729,-0.137871,0.149457,0.00143,0.001346
0,0.377968,0.156979,0.03642,0.09177,0.056538,0.077627,0.001221,0.00274
0,0.422978,-0.061939,0.063846,-0.19085,0.059777,-0.155162,0.000436,0.001081
0,0.528959,0.064422,0.08986,0.130959,0.055433,0.146882,0.001414,0.001124
0,0.473918,0.056298,-0.07276,0.017586,-0.032355,-0.014252,0.000454,0.000983
0,0.21827,-0.087418,-0.261243,-0.139404,-0.310349,-0.184958,0.00381,0.001526
0,0.324441,0.137612,0.085112,0.232106,0.050583,0.235804,0.002155,0.002402
0,0.42042,0.156615,0.104227,0.023921,0.135456,0.033497,0.00048,0.002733
0,0.424026,0.013123,0.009199,-0.164418,0.041888,-0.139792,0.000417,0.000229
0,0.302493,-0.058237,-0.150614,-0.083994,-0.135334,-0.132039,0.002538,0.001016
0,0.440857,0.038916,0.137849,0.073326,0.103332,0.033302,0.000123,0.000679
0,0.245905,0.080158,-0.214666,0.043117,-0.264202,0.073972,0.003526,0.001399
0,0.392111,0.068327,0.170833,-0.041658,0.195912,-0.053673,0.000974,0.001193
0,0.23622,-0.017662,-0.128411,-0.056615,-0.082507,-0.076084,0.003695,0.000308
0,0.185468,0.131182,-0.024401,0.15897,0.002435,0.135408,0.003237,0.00229
0,0.186237,0.01455,-0.013981,-0.114486,0.033678,-0.129491,0.00325,0.000254
0,0.270103,0.059968,0.075405,0.042859,0.068841,0.079906,0.003104,0.001047
0,0.186696,0.051515,-0.082532,-0.017441,-0.111508,-0.02201,0.003258,0.000899
0,0.236432,0.139802,0.059756,0.076109,0.070165,0.069251,0.003691,0.00244
0,0.128493,0.023177,-0.120049,-0.103994,-0.096104,-0.056606,0.002243,0.000405
0,-0.011054,-0.063691,-0.145922,-0.110151,-0.12485,-0.097402,0.000193,0.001112
0,0.222054,-0.005241,0.213903,0.069795,0.250332,0.088306,0.003876,9.1e-05
0,0.153406,0.029751,-0.078536,0.051475,-0.09498,0.095786,0.002677,0.000519
0,0.149561,-0.038686,-0.001715,-0.04621,0.042948,-0.076269,0.00261,0.000675
0,0.167527,0.09392,0.012791,0.119365,0.002488,0.131246,0.002924,0.001639
0,0.237106,0.188407,0.07102,0.064965,0.023704,0.0453,0.00368,0.003288
0,-0.012021,0.088732,-0.246813,-0.125048,-0.25022,-0.105247,0.00021,0.001549
0,0.054219,0.069319,0.063143,-0.004316,0.033918,0.009982,0.000946,0.00121
0,-0.006071,0.088342,-0.078395,0.02827,-0.098428,0.068466,0.000106,0.001542
0,0.081914,0.044922,0.081154,-0.072161,0.03943,-0.098621,0.00143,0.000784
0,-0.031546,0.033074,-0.085795,-0.000649,-0.043334,0.00124,0.000551,0.000577
0,0.110253,0.081036,0.139353,0.041782,0.116249,0.02479,0.001924,0.001414
0,0.209023,-0.037418,0.121196,-0.128596,0.16206,-0.097603,0.003648,0.000653
0,0.106067,-0.09444,-0.095392,-0.060185,-0.106963,-0.063542,0.001851,0.001648
0,0.168744,-0.056941,0.044579,0.059833,0.000111,0.097833,0.002945,0.000994
0,0.087801,0.079755,-0.077499,0.166345,-0.104222,0.162812,0.001532,0.001392
0,0.192814,-0.065774,0.10177,-0.120468,0.055726,-0.150238,0.003365,0.001148
0,0.221934,0.087946,0.006701,0.147293,-0.004844,0.140176,0.003873,0.001535
0,0.102461,0.085389,-0.116081,-0.030111,-0.099804,-0.054242,0.001788,0.00149
0,0.239367,0.009341,0.122781,-0.060573,0.136371,-0.085449,0.00364,0.000163
0,0.0685,0.098039,-0.148007,0.083622,-0.179063,0.07415,0.001196,0.001711
0,-0.00542,0.087338,-0.044587,-0.004269,-0.008254,-0.031681,9.5e-05,0.001524
0,0.027891,-0.040547,0.047484,-0.112524,0.005473,-0.137912,0.000487,0.000708
0,0.09731,0.056535,0.080987,0.111739,0.116019,0.143045,0.001698,0.000987
0,0.202248,0.044368,0.079131,0.006236,0.117181,0.049323,0.00353,0.000774
0,0.022308,0.076498,-0.181625,0.018539,-0.225751,0.026296,0.000389,0.001335
0,0.083837,0.052284,0.046471,-0.053272,0.037408,-0.021845,0.001463,0.000913
0,0.05185,0.126206,-0.024172,0.07334,0.021202,0.092631,0.000905,0.002203
0,-0.093091,0.046296,-0.172824,-0.066307,-0.137611,-0.036231,0.001625,0.000808
0,-0.081917,0.094719,0.031436,0.065204,0.00798,0.019946,0.00143,0.001653
0,-0.051992,0.00866,0.014692,-0.092532,0.018857,-0.102932,0.000907,0.000151
0,-0.117629,-0.087117,-0.057443,-0.073178,-0.010677,-0.028655,0.002053,0.00152
0,-0.061442,-0.013292,0.070025,0.050536,0.099408,0.0547,0.001072,0.000232
0,0.026592,0.149976,0.059003,0.172654,0.040251,0.21482,0.000464,0.002618
0,-0.043781,0.035511,-0.073741,-0.131741,-0.079491,-0.123532,0.000764,0.00062
0,0.151905,0.055789,0.172883,-0.009458,0.179549,0.011911,0.002651,0.000974
0,-0.024461,-0.05118,-0.152512,-0.123597,-0.176089,-0.168733,0.000427,0.000893
0,-0.168648,-0.107999,-0.171359,-0.031295,-0.198185,-0.043344,0.002943,0.001885
0,5.6e-05,0.105303,0.139537,0.204525,0.162741,0.232887,1e-06,0.001838
0,0.156156,-0.006553,0.146252,-0.102213,0.180323,-0.085283,0.002725,0.000114
0,-0.063628,0.148338,-0.227868,0.164481,-0.249846,0.164428,0.001111,0.002589
0,0.14558,-0.060558,0.211025,-0.208313,0.189215,-0.223036,0.002541,0.001057
0,0.073123,-0.039917,-0.084729,0.032775,-0.095812,0.013278,0.001276,0.000697
0,-0.114604,-0.00322,-0.19199,0.025866,-0.204997,-0.007487,0.002,5.6e-05
0,0.055976,-0.115061,0.177217,-0.12362,0.181147,-0.096018,0.000977,0.002008
0,0.00969,-0.093152,-0.049705,0.01094,-0.027483,-0.020534,0.000169,0.001626
0,0.064663,0.135131,0.063339,0.21767,0.090537,0.238636,0.001129,0.002358
0,0.129989,0.119258,0.093387,-0.008686,0.118083,-0.020398,0.002269,0.002081
0,0.030315,0.048439,-0.109929,-0.056112,-0.155264,-0.032493,0.000529,0.000845
0,-0.099411,0.129811,-0.108696,0.08474,-0.079943,0.089318,0.001735,0.002266
0,-0.002124,0.025385,0.117554,-0.083185,0.123322,-0.120584,3.7e-05,0.000443
0,0.041841,0.078965,0.061137,0.040722,0.087482,0.055392,0.00073,0.001378
0,0.131174,-0.024712,0.112645,-0.121306,0.125395,-0.142494,0.002289,0.000431
0,0.029318,-0.00991,-0.078827,0.035576,-0.083631,0.058524,0.000512,0.000173
0,-0.060442,0.147719,-0.118697,0.170486,-0.130244,0.161968,0.001055,0.002578
0,-0.009633,0.111244,0.069676,-0.043607,0.071688,-0.090028,0.000168,0.001942
0,0.102303,0.070397,0.119445,-0.018349,0.075627,-0.01956,0.001786,0.001229
0,0.128768,0.131876,0.037459,0.042626,0.035364,0.049096,0.002247,0.002302
0,-0.034541,0.024789,-0.16985,-0.115003,-0.17943,-0.105041,0.000603,0.000433
0,-0.11671,-0.040962,-0.059425,-0.062464,-0.103736,-0.084192,0.002037,0.000715
0,-0.07798,0.079621,0.059647,0.135031,0.107997,0.111231,0.001361,0.00139
0,-0.046975,-0.062755,0.009608,-0.132317,0.000998,-0.178417,0.00082,0.001095
0,0.068692,-0.178579,0.12048,-0.086269,0.120352,-0.08707,0.001199,0.003117
0,0.182144,-0.024481,0.120495,0.128952,0.103196,0.119193,0.003179,0.000427
0,0.023672,0.025579,-0.1872,0.079229,-0.221277,0.036506,0.000413,0.000446
0,0.070908,0.050666,0.028017,0.024838,0.066145,-0.004885,0.001238,0.000884
0,0.221323,0.085938,0.164554,0.053901,0.124808,0.023004,0.003863,0.0015
0,0.199926,0.03823,0.006397,-0.060136,0.002323,-0.01408,0.003489,0.000667
0,0.086795,-0.109547,-0.09434,-0.120453,-0.072608,-0.08872,0.001515,0.001912
0,0.02927,-0.087595,-0.040648,3.2e-05,-0.063843,-0.019081,0.000511,0.001529
0,-0.039202,0.085384,-0.083324,0.194466,-0.09161,0.234211,0.000684,0.00149
0,0.153893,-0.066865,0.170691,-0.134667,0.181962,-0.133075,0.002686,0.001167
0,0.191102,0.059699,0.058794,0.111374,0.078207,0.063564,0.003335,0.001042
0,0.079865,0.008842,-0.114642,-0.036967,-0.14189,-0.006961,0.001394,0.000154
0,0.001212,0.020225,-0.088333,-0.01274,-0.108202,-0.008536,2.1e-05,0.000353
0,0.015857,0.075506,0.035519,0.068817,0.011876,0.021509,0.000277,0.001318
0,0.049339,-0.061096,0.058919,-0.118093,0.089024,-0.16548,0.000861,0.001066
0,-0.008353,-0.107,-0.051526,-0.051823,-0.022392,-0.081872,0.000146,0.001867
0,-0.062362,0.060103,-0.057437,0.141199,-0.023364,0.108924,0.001088,0.001049
0,0.052077,-0.000203,0.113,-0.04521,0.093851,-0.02643,0.000909,4e-06
0,0.182985,0.008306,0.160726,-0.016734,0.123184,-0.014741,0.003194,0.000145
0,-0.02735,-0.004448,-0.203224,0.016623,-0.196962,0.018305,0.000477,7.8e-05
0,0.21721,-0.104922,0.252765,-0.109269,0.280075,-0.064865,0.003791,0.001831
0,-0.026825,0.017249,-0.244143,0.11115,-0.240655,0.149998,0.000468,0.000301
0,0.124583,-0.184493,0.130536,-0.229272,0.152285,-0.266355,0.002174,0.00322
0,0.212205,-0.043052,0.076395,0.155457,0.071942,0.149522,0.003704,0.000751
0,-0.01802,-0.034545,-0.240647,-0.016865,-0.280539,-0.04114,0.000315,0.000603
0,0.032853,0.030477,0.076018,0.073446,0.125829,0.113758,0.000573,0.000532
0,0.225378,0.027799,0.192426,0.006391,0.189512,0.053671,0.003884,0.000485
0,0.182594,-0.045274,-0.039969,-0.075168,-0.069562,-0.040576,0.003187,0.00079
0,0.286512,-0.20004,0.104898,-0.174173,0.122769,-0.19583,0.002817,0.003491
0,0.285472,0.010352,0.00573,0.202488,0.022918,0.220205,0.002835,0.000181
0,0.18447,0.030582,-0.091766,0.013872,-0.097644,0.002086,0.00322,0.000534
0,0.212028,-0.061046,0.057538,-0.104437,0.012236,-0.147253,0.003701,0.001065
0,-0.024008,-0.162844,-0.261361,-0.125878,-0.281375,-0.147131,0.000419,0.002842
0,0.006438,-0.187106,0.005882,-0.011812,0.017211,0.023339,0.000112,0.003266
0,0.03632,-0.121431,0.050681,0.048377,0.0649,0.094224,0.000634,0.002119
0,0.160899,-0.10851,0.149019,0.022814,0.183833,0.020477,0.002808,0.001894
0,-0.101663,-0.086851,-0.246052,0.047731,-0.294087,0.084118,0.001774,0.001516
0,0.049521,-0.150845,0.16781,-0.046154,0.142266,-0.091612,0.000864,0.002633
0,-0.150526,-0.137609,-0.184799,-0.002831,-0.201786,-0.015798,0.002627,0.002402
0,-0.0288,0.099797,0.108321,0.246061,0.10466,0.227254,0.000503,0.001742
0,-0.081971,-0.051357,-0.042135,-0.169438,-0.050963,-0.208555,0.001431,0.000896
0,0.054804,-0.130208,0.121922,-0.064599,0.165802,-0.030356,0.000957,0.002273
0,0.085712,-0.022792,0.027979,0.121549,0.015564,0.144732,0.001496,0.000398
0,0.024798,-0.098957,-0.044059,-0.098248,-0.006854,-0.070507,0.000433,0.001727
0,-0.024211,-0.145164,-0.070606,-0.028864,-0.075216,-0.051904,0.000423,0.002534
0,-0.112548,-0.104855,-0.096448,0.044494,-0.143356,-0.004061,0.001964,0.00183
0,0.110469,-0.147432,0.252063,-0.038904,0.215932,-0.026126,0.001928,0.002573
0,0.168507,-0.144609,0.057519,0.009745,0.050346,-0.017124,0.002941,0.002524
0,0.02288,0.044156,-0.119021,0.195191,-0.147691,0.159493,0.000399,0.000771
0,0.047741,-0.01649,0.019929,-0.052877,-0.011525,-0.051673,0.000833,0.000288
0,0.021901,-0.117827,-0.015206,-0.102467,-0.00275,-0.092185,0.000382,0.002056
0,-0.052294,0.003888,-0.085003,0.138104,-0.038202,0.17222,0.000913,6.8e-05
0,0.016665,-0.036195,0.04171,-0.053916,0.078136,-0.03668,0.000291,0.000632
0,0.171923,-0.055009,0.170086,-0.040565,0.193469,-0.012046,0.003001,0.00096
0,0.145244,0.04091,-0.005984,0.07851,-0.023147,0.054025,0.002535,0.000714
0,-0.107642,-0.212698,-0.236474,-0.273254,-0.245917,-0.285282,0.001879,0.003712
0,-0.032304,-0.089979,0.062289,0.120452,0.035224,0.115161,0.000564,0.00157
0,-0.081482,0.016758,-0.027398,0.122023,-0.077089,0.134737,0.001422,0.000292
0,-0.006111,-0.156426,0.070613,-0.183968,0.074183,-0.176658,0.000107,0.00273
0,-0.004272,-0.167985,0.019677,-0.012743,0.052467,-0.051168,7.5e-05,0.002932
0,-0.008708,-0.107592,-0.017669,0.04264,-0.036947,0.081212,0.000152,0.001878
0,0.122364,-0.117615,0.12673,-0.020257,0.098346,-0.054583,0.002136,0.002053
0,0.175675,-0.197397,0.058247,-0.103625,0.023735,-0.134882,0.003066,0.003445
0,0.177142,-0.152294,0.009357,0.043166,-0.000586,0.003539,0.003092,0.002658
0,-0.054102,0.021323,-0.233697,0.17886,-0.238932,0.137392,0.000944,0.000372
0,0.145111,-0.007509,0.182295,-0.021361,0.184657,-0.021216,0.002533,0.000131
0,0.100123,0.011778,-0.057034,0.028733,-0.106224,0.001142,0.001747,0.000206
0,0.083459,0.036408,0.0109,0.03297,0.038318,0.030044,0.001457,0.000635
0,0.274011,-0.079916,0.217489,-0.090591,0.266249,-0.138883,0.003035,0.001395
0,0.07038,0.041473,-0.231194,0.135949,-0.197926,0.163401,0.001228,0.000724
0,0.0199,0.065962,-0.034755,0.033346,0.008802,0.029007,0.000347,0.001151
0,-0.013823,-0.122199,-0.024173,-0.159276,-0.044055,-0.176405,0.000241,0.002133
0,0.145519,0.02685,0.170794,0.149981,0.190363,0.184862,0.00254,0.000469
0,0.09717,-0.091787,-0.059114,-0.123558,-0.054355,-0.149791,0.001696,0.001602
0,0.183949,0.06248,0.066039,0.127908,0.085091,0.094009,0.003211,0.00109
0,0.004341,0.028914,-0.162257,-0.016536,-0.207774,-0.027675,7.6e-05,0.000505
0,0.14119,-0.097902,0.157539,-0.117727,0.179593,-0.155464,0.002464,0.001709
0,0.154292,-0.103745,0.038024,-0.028097,-0.007331,-0.039221,0.002693,0.001811
0,0.133869,-0.057899,-0.038509,0.057663,-0.049815,0.028684,0.002336,0.001011
0,0.32659,-0.106937,0.185935,-0.070095,0.193453,-0.034398,0.002118,0.001866
0,0.284476,0.08916,-0.052472,0.207851,-0.040698,0.183009,0.002853,0.001556
0,0.117728,-0.15719,-0.142756,-0.252346,-0.145298,-0.265314,0.002055,0.002743
0,0.132708,-0.170891,0.034723,-0.043508,0.084104,-0.078605,0.002316,0.002983
0,0.335206,-0.175337,0.224171,-0.000749,0.217973,-0.009245,0.001967,0.00306
0,0.198014,0.026633,-0.118136,0.196228,-0.128902,0.213222,0.003456,0.000465
0,0.048976,0.053495,-0.143603,0.023498,-0.112092,-0.008295,0.000855,0.000934
0,0.068121,0.040534,0.006436,-0.004347,0.044853,-0.017394,0.001189,0.000707
0,0.125337,-0.133381,0.055409,-0.184042,0.089185,-0.206468,0.002188,0.002328
0,0.052469,0.097802,-0.068818,0.259687,-0.066561,0.277874,0.000916,0.001707
0,0.138308,0.11082,0.063586,0.032914,0.017643,-0.00048,0.002414,0.001934
0,-0.069306,-0.004692,-0.220715,-0.139768,-0.266809,-0.136565,0.00121,8.2e-05
0,0.139967,-0.139205,0.209861,-0.141703,0.249289,-0.099768,0.002443,0.00243
0,0.058749,-0.040668,-0.073451,0.089519,-0.104651,0.073727,0.001025,0.00071
0,-0.057012,0.148899,-0.117312,0.193855,-0.108638,0.164654,0.000995,0.002599
0,0.061593,0.120661,0.137296,-0.002389,0.147169,0.03815,0.001075,0.002106
0,0.107163,0.017731,0.061303,-0.115939,0.026019,-0.10367,0.00187,0.000309
0,0.102576,0.060167,-0.014797,0.047562,0.035065,0.049722,0.00179,0.00105
0,0.189591,-0.03645,0.05778,-0.110401,0.023249,-0.104807,0.003309,0.000636
0,-0.034914,0.125594,-0.250647,0.176246,-0.241313,0.169879,0.000609,0.002192
0,-0.060499,0.112313,-0.02609,-0.010578,-0.048388,-0.05331,0.001056,0.00196
0,0.09637,0.150116,0.164198,0.022321,0.133842,0.055972,0.001682,0.00262
0,0.048872,0.089881,-0.038521,-0.051856,-0.003615,-0.021713,0.000853,0.001569
0,-0.020068,0.012159,-0.064309,-0.063444,-0.08167,-0.059381,0.00035,0.000212
0,0.178986,-0.058921,0.197269,-0.084605,0.189398,-0.1217,0.003124,0.001028
0,0.072574,-0.101776,-0.124203,-0.021836,-0.167568,-0.033678,0.001267,0.001776
0,0.01842,0.134694,-0.044738,0.21579,-0.040507,0.199078,0.000321,0.002351
0,-0.188377,0.104832,-0.224051,-0.050182,-0.231479,-0.01667,0.003288,0.00183
0,0.030539,0.060872,0.193662,-0.059814,0.223908,-0.088024,0.000533,0.001062
0,-0.170737,-0.030008,-0.211815,-0.061766,-0.191352,-0.057055,0.00298,0.000524
0,-0.212095,0.004777,-0.037974,0.054438,-0.042999,0.073287,0.003702,8.3e-05
0,0.03309,-0.057651,0.275052,-0.051196,0.235915,-0.100295,0.000578,0.001006
0,-0.186397,0.165922,-0.229975,0.247604,-0.193906,0.245958,0.003253,0.002896
0,0.059479,0.158503,0.265979,0.012081,0.309154,-0.00651,0.001038,0.002766
0,-0.093574,0.005752,-0.131443,-0.153497,-0.091857,-0.153902,0.001633,0.0001
0,0.022698,-0.134226,0.10381,-0.119246,0.074386,-0.128992,0.000396,0.002343
0,-0.120559,0.072484,-0.157728,0.220358,-0.170587,0.201459,0.002104,0.001265
0,0.081712,0.077572,0.210405,-0.017089,0.217547,-0.02383,0.001426,0.001354
0,-0.094832,0.145939,-0.203651,0.053589,-0.235746,0.065383,0.001655,0.002547
0,0.080108,-0.112579,0.170145,-0.267309,0.125929,-0.304977,0.001398,0.001965
0,-0.134229,-0.128738,-0.220974,-0.028367,-0.188557,-0.018831,0.002343,0.002247
0,-0.0241,0.106237,0.139549,0.217886,0.183818,0.263985,0.000421,0.001854
0,0.024414,-0.018949,0.063308,-0.098654,0.02975,-0.113277,0.000426,0.000331
0,-0.116529,0.072052,-0.135673,0.083629,-0.175869,0.133043,0.002034,0.001258
0,-0.020701,0.077781,0.069135,-0.022939,0.031122,-0.023232,0.000361,0.001358
0,0.136615,0.017191,0.161475,-0.036662,0.198965,-0.007966,0.002384,0.0003
0,0.100747,-0.161988,-0.063376,-0.206798,-0.113013,-0.208133,0.001758,0.002827
0,0.137088,0.032594,0.046619,0.208478,0.016212,0.197374,0.002393,0.000569
0,-0.100577,0.048871,-0.253515,0.025519,-0.244991,-0.020373,0.001755,0.000853
0,-0.060834,-0.132689,0.066846,-0.153277,0.074587,-0.195454,0.001062,0.002316
0,-0.109845,0.050633,-0.028524,0.199407,-0.067551,0.214002,0.001917,0.000884
0,-0.151994,0.119436,-0.070267,0.081212,-0.062021,0.054951,0.002653,0.002085
0,-0.068689,0.117643,0.083251,0.009051,0.075281,-0.025753,0.001199,0.002053
0,0.075833,-0.021882,0.157883,-0.122806,0.117024,-0.150836,0.001324,0.000382
0,0.133689,-0.097813,0.050168,-0.09965,0.022513,-0.104964,0.002333,0.001707
0,-0.173455,-0.12431,-0.302153,-0.055296,-0.307235,-0.050109,0.003027,0.00217
0,0.070413,0.056742,0.270649,0.203669,0.265319,0.173559,0.001229,0.00099
0,0.085509,0.137975,0.029045,0.065179,0.054828,0.058294,0.001492,0.002408
0,0.011932,0.099862,-0.076771,-0.064579,-0.087361,-0.052806,0.000208,0.001743
0,-0.012649,0.078128,-0.014659,-0.004579,0.011407,0.04403,0.000221,0.001364
0,0.068957,0.008808,0.064001,-0.061327,0.045987,-0.012502,0.001204,0.000154
0,0.117814,-0.095775,0.042628,-0.079406,0.029438,-0.127332,0.002056,0.001672
0,0.10406,-0.098433,-0.031468,-0.015959,-0.046659,-0.049487,0.001816,0.001718
0,0.099536,-0.140795,0.019728,-0.035781,0.028327,-0.043859,0.001737,0.002457
0,0.078916,0.025892,-0.025619,0.170223,0.011939,0.121719,0.001377,0.000452
0,0.00452,0.039525,-0.084329,0.04072,-0.07902,0.030256,7.9e-05,0.00069
0,0.112867,0.063262,0.078992,0.016813,0.076811,0.028739,0.00197,0.001104
0,0.140638,-0.047896,0.04472,-0.091745,0.034937,-0.104329,0.002455,0.000836
0,-0.030557,-0.112538,-0.141226,-0.09012,-0.186132,-0.086129,0.000533,0.001964
0,-0.044484,-0.047099,-0.037711,0.068479,-0.044759,0.065899,0.000776,0.000822
0,-0.086301,-0.123422,-0.01456,-0.080304,0.01627,-0.113755,0.001506,0.002154
0,-0.165575,-0.064471,-0.072536,0.077092,-0.054553,0.101985,0.00289,0.001125
0,0.096741,0.079942,0.234447,0.125931,0.190212,0.142083,0.001688,0.001395
0,-0.13903,-0.045576,-0.210674,-0.136326,-0.193974,-0.090139,0.002427,0.000795
0,-0.14696,-0.132766,-0.009258,-0.088285,-0.010519,-0.084884,0.002565,0.002317
0,-0.199741,-0.077414,-0.070451,0.052513,-0.024248,0.011239,0.003486,0.001351
0,-0.098307,-0.055748,0.075906,0.002421,0.040551,0.044538,0.001716,0.000973
0,-0.279649,-0.12771,-0.200307,-0.049136,-0.168154,-0.042006,0.002937,0.002229
0,-0.13018,-0.117708,0.135402,0.030592,0.18433,0.046004,0.002272,0.002054
0,-0.140776,-0.026263,-0.039271,0.10759,-0.011287,0.127575,0.002457,0.000458
0,0.085337,0.066258,0.236347,0.071508,0.25523,0.037828,0.001489,0.001156
0,-0.066226,0.15965,-0.174956,0.071668,-0.163016,0.039862,0.001156,0.002786
0,-0.172222,0.014115,-0.135482,-0.134897,-0.107557,-0.133738,0.003006,0.000246
0,-0.189642,0.065791,-0.040822,0.033039,-0.032836,-0.016832,0.00331,0.001148
0,-0.029107,0.061234,0.147245,0.020694,0.165852,0.045852,0.000508,0.001069
0,-0.02793,0.102706,0.019133,0.038468,0.008809,0.088285,0.000487,0.001793
0,-0.04335,-0.12027,-0.045143,-0.198777,-0.05995,-0.233949,0.000757,0.002099
0,0.101838,0.054395,0.119688,0.149206,0.089255,0.153147,0.001777,0.000949
0,-0.118974,-0.074833,-0.194409,-0.138029,-0.196703,-0.157234,0.002076,0.001306
0,0.093173,-0.094002,0.199312,-0.040149,0.202198,-0.04006,0.001626,0.001641
0,0.046255,-0.013776,-0.049089,0.054816,-0.050394,0.026733,0.000807,0.00024
0,-0.171653,0.167511,-0.205426,0.178799,-0.236369,0.197797,0.002996,0.002924
0,-0.215499,-0.045292,-0.038737,-0.23291,-0.038734,-0.231839,0.003761,0.00079
0,-0.064209,0.116535,0.133026,0.165666,0.175233,0.195161,0.001121,0.002034
0,-0.177173,0.059765,-0.139293,-0.052815,-0.144287,-0.072212,0.003092,0.001043
0,-0.069995,0.05311,0.097179,0.013899,0.06479,0.044589,0.001222,0.000927
0,-0.101988,0.153696,-0.041534,0.098012,-0.039657,0.07081,0.00178,0.002682
0,-0.237822,0.138075,-0.118088,0.0035,-0.113835,0.007234,0.003667,0.00241
0,-0.116661,0.115268,0.095432,-0.027469,0.099892,0.01537,0.002036,0.002012
0,-0.125724,0.106069,-0.025183,-0.010877,-0.038393,-0.007016,0.002194,0.001851
0,0.040251,-0.011776,0.17211,-0.127744,0.128296,-0.122528,0.000703,0.000206
0,0.072707,0.044102,0.033513,0.065452,0.081752,0.040955,0.001269,0.00077
0,-0.148888,0.015788,-0.200246,-0.047071,-0.229684,-0.017472,0.002599,0.000276
0,0.141959,0.044726,0.299402,0.000982,0.312694,0.021566,0.002478,0.000781
0,-0.097806,0.02788,-0.209776,-0.024592,-0.194319,-0.009752,0.001707,0.000487
0,-0.12809,0.142447,-0.025619,0.104025,-0.045365,0.152346,0.002236,0.002486
0,-0.078252,-0.012144,0.060988,-0.177535,0.060661,-0.195648,0.001366,0.000212
0,0.056063,0.066444,0.133729,0.068675,0.166821,0.06603,0.000978,0.00116
0,-0.120863,0.156434,-0.188524,0.060808,-0.148086,0.093348,0.002109,0.00273
0,0.021879,0.109326,0.150897,-0.023726,0.186644,-0.017102,0.000382,0.001908
0,-0.12889,0.065244,-0.173268,-0.028447,-0.22239,0.015964,0.00225,0.001139
0,0.05433,-0.00331,0.164681,-0.058756,0.214564,-0.068527,0.000948,5.8e-05
0,-0.126359,0.056923,-0.194835,0.038898,-0.1913,0.043571,0.002205,0.000993
0,-0.044584,0.168727,0.068089,0.107627,0.046069,0.128288,0.000778,0.002945
0,0.013116,0.068168,0.060169,-0.103946,0.069962,-0.127851,0.000229,0.00119
0,-0.194681,0.09836,-0.203046,0.034344,-0.153214,-0.0078,0.003398,0.001717
0,0.002501,-0.040627,0.199495,-0.163494,0.20932,-0.20168,4.4e-05,0.000709
0,-0.020262,-0.019908,0.002461,0.003178,0.001331,0.049093,0.000354,0.000347
0,0.110256,-0.035445,0.144076,-0.014529,0.104002,-0.03177,0.001924,0.000619
0,-0.102572,0.015331,-0.184409,0.027236,-0.221878,0.046573,0.00179,0.000268
0,0.016456,0.185977,0.094033,0.147706,0.122151,0.161425,0.000287,0.003246
0,0.082861,-0.047623,0.062163,-0.227794,0.034271,-0.229227,0.001446,0.000831
0,-0.000796,0.134279,-0.070143,0.161584,-0.089292,0.159585,1.4e-05,0.002344
0,0.159008,-0.036972,0.172946,-0.197474,0.183945,-0.161638,0.002775,0.000645
0,0.039891,0.009552,-0.12799,0.038401,-0.131443,0.043256,0.000696,0.000167
0,0.051831,-0.076653,0.01168,-0.11391,0.010167,-0.107581,0.000905,0.001338
0,0.063967,0.086786,0.023316,0.192664,-0.019147,0.206752,0.001116,0.001515
0,-0.00551,-0.035992,-0.041797,-0.127198,-0.048353,-0.128749,9.6e-05,0.000628
0,0.09515,0.022917,0.07763,0.088208,0.091833,0.044206,0.001661,0.0004
0,0.010664,-0.104216,-0.056571,-0.101513,-0.104794,-0.139291,0.000186,0.001819
0,0.128886,0.02263,0.088927,0.124208,0.078963,0.128017,0.002249,0.000395
0,0.183971,-0.047296,0.042174,-0.078797,0.065524,-0.128119,0.003211,0.000825
0,0.160808,0.081687,0.004395,0.116911,0.052618,0.105687,0.002807,0.001426
0,0.108447,-0.012946,-0.066723,-0.103952,-0.073779,-0.136131,0.001893,0.000226
0,0.066172,-0.115916,-0.047618,-0.113908,-0.043126,-0.140822,0.001155,0.002023
0,0.081608,-0.061096,-0.01077,0.028412,-0.000587,0.041957,0.001424,0.001066
0,-0.095864,0.058413,-0.155758,0.146087,-0.193201,0.119247,0.001673,0.001019
0,-0.052652,-0.119531,0.043578,-0.171124,0.028792,-0.122604,0.000919,0.002086
0,0.094831,0.101395,0.136102,0.227811,0.087255,0.265357,0.001655,0.00177
0,-0.098113,0.001548,-0.203952,-0.105765,-0.19436,-0.084425,0.001712,2.7e-05
0,-0.0794,-0.146024,0.025133,-0.147861,0.062512,-0.135377,0.001386,0.002549
0,0.005293,-0.060575,0.111372,0.085262,0.07476,0.047854,9.2e-05,0.001057
0,0.079577,-0.148136,0.072376,-0.075344,0.032779,-0.124103,0.001389,0.002585
0,-0.114834,0.075161,-0.199706,0.196413,-0.20451,0.222663,0.002004,0.001312
0,0.006328,0.00752,0.098412,-0.089633,0.086121,-0.072173,0.00011,0.000131
0,0.053801,-0.054275,0.052631,-0.048503,0.050284,-0.097748,0.000939,0.000947
0,0.139167,-0.048048,0.105679,-0.015198,0.143178,-0.042826,0.002429,0.000839
0,-0.071793,0.069276,-0.199826,0.119442,-0.180356,0.093937,0.001253,0.001209
0,-0.134632,-0.048879,-0.053307,-0.108293,-0.059343,-0.125769,0.00235,0.000853
0,-0.055877,-0.147775,0.09716,-0.07498,0.049376,-0.122461,0.000975,0.002579
0,-0.03299,-0.031172,0.027235,0.0879,0.030374,0.06257,0.000576,0.000544
0,-0.010135,-0.123432,0.044851,-0.094632,0.089587,-0.066463,0.000177,0.002154
0,-0.118022,0.081535,-0.096851,0.223831,-0.123438,0.208361,0.00206,0.001423
0,0.001286,-0.007167,0.138888,-0.094319,0.133695,-0.103036,2.2e-05,0.000125
0,-0.1676,-0.185449,-0.152304,-0.206717,-0.144802,-0.235647,0.002925,0.003237
0,-0.041529,0.042316,0.097521,0.224302,0.084782,0.224269,0.000725,0.000739
0,-0.00322,-0.064977,0.035071,-0.102566,-0.007626,-0.088044,5.6e-05,0.001134
0,-0.069978,-0.019449,-0.068056,0.041826,-0.084075,0.085708,0.001221,0.000339
0,0.052792,-0.141119,0.152085,-0.123722,0.190267,-0.080016,0.000921,0.002463
0,-0.188887,0.107854,-0.247814,0.258583,-0.226003,0.266486,0.003297,0.001882
0,-0.052984,0.03662,0.137661,-0.087111,0.158882,-0.131185,0.000925,0.000639
0,-0.07345,-0.158618,-0.007851,-0.186325,0.034792,-0.155277,0.001282,0.002768
0,-0.053561,0.011328,0.049301,0.168963,0.030902,0.131619,0.000935,0.000198
0,-0.158926,-0.186179,-0.10655,-0.204198,-0.096677,-0.195556,0.002774,0.003249
0,0.011904,0.012376,0.156362,0.206214,0.202774,0.225599,0.000208,0.000216
0,-0.264122,-0.091502,-0.29416,-0.105476,-0.33109,-0.113761,0.003208,0.001597
0,-0.03574,-0.038209,0.239419,0.066461,0.196416,0.039625,0.000624,0.000667
0,0.026342,0.136384,0.059045,0.145788,0.01632,0.181088,0.00046,0.00238
0,-0.011641,-0.02224,-0.028429,-0.143401,-0.076286,-0.177631,0.000203,0.000388
0,0.061716,-0.099741,0.087288,-0.097325,0.09546,-0.073794,0.001077,0.001741
0,0.021507,-0.047286,-0.067828,0.041311,-0.055323,0.011686,0.000375,0.000825
0,0.01916,0.031678,-0.019673,0.101867,-0.020682,0.113029,0.000334,0.000553
0,-0.198538,0.077752,-0.242465,0.065715,-0.218902,0.067542,0.003465,0.001357
0,-0.067243,-0.160999,0.127099,-0.210501,0.159277,-0.219281,0.001174,0.00281
0,-0.07758,-0.092252,-0.018563,0.075986,-0.016244,0.027345,0.001354,0.00161
0,-0.020329,-0.032893,0.039452,0.062719,0.013981,0.091784,0.000355,0.000574
0,-0.172158,-0.089257,-0.14865,-0.080347,-0.120951,-0.065096,0.003005,0.001558
0,-0.170205,-0.044779,0.030306,0.067987,0.040399,0.060417,0.002971,0.000782
0,-0.047107,0.111076,0.093273,0.176498,0.086078,0.179082,0.000822,0.001939
0,-0.210439,0.039949,-0.14456,-0.09998,-0.180728,-0.138284,0.003673,0.000697
0,-0.051232,-0.060407,0.154259,-0.078912,0.162439,-0.122503,0.000894,0.001054
0,-0.011307,0.010586,0.049556,0.04704,0.060466,0.096036,0.000197,0.000185
0,-0.234959,-0.144908,-0.241759,-0.126035,-0.232085,-0.15696,0.003717,0.002529
0,-0.178759,-0.113679,0.054643,0.007438,0.037964,0.018325,0.00312,0.001984
0,-0.048282,0.076222,0.145594,0.187805,0.170769,0.149969,0.000843,0.00133
0,-0.121861,-0.019525,-0.095239,-0.09365,-0.14263,-0.096536,0.002127,0.000341
0,-0.19007,0.160404,-0.050547,0.158293,-0.079155,0.202964,0.003317,0.0028
0,-0.133819,0.034581,0.034331,-0.101794,-0.003618,-0.132526,0.002336,0.000604
0,-0.127025,0.017042,0.028545,0.004403,0.003342,0.027829,0.002217,0.000297
0,-0.202783,-0.026724,-0.065799,-0.031904,-0.037732,-0.037852,0.003539,0.000466
0,-0.059097,-0.060655,0.13736,-0.042784,0.185199,-0.062577,0.001031,0.001059
0,-0.237974,0.174414,-0.162319,0.233014,-0.20756,0.272744,0.003664,0.003044
0,-0.199528,0.127803,0.011978,-0.054573,-0.00923,-0.063886,0.003482,0.002231
0,-0.19548,0.03307,0.009532,-0.094119,-0.023614,-0.124427,0.003412,0.000577
0,0.985494,-0.699975,1.156272,-0.743857,1.118756,-0.708577,0.001564,0.003419
0,1.677991,-1.005749,0.697923,-0.298745,0.733549,-0.271672,0.001985,0.001918
0,1.876412,-1.128316,0.218106,-0.11344,0.207802,-0.149195,0.001478,0.003761
0,1.759416,-1.034017,-0.101216,0.081997,-0.062393,0.059889,0.000564,0.002411
0,1.378291,-0.956539,-0.387474,0.082288,-0.383146,0.072101,0.000602,0.001059
0,0.972456,-0.467944,-0.391466,0.485729,-0.377701,0.489807,0.001337,0.000349
0,0.771947,-0.384005,-0.200279,0.108288,-0.182067,0.132203,0.002163,0.001116
0,0.120104,-0.428656,-0.628133,-0.023821,-0.617825,-0.067225,0.002096,0.000336
0,0.151345,-0.27591,0.037881,0.158781,0.053624,0.169687,0.002641,0.003002
0,0.10423,-0.241776,-0.02334,0.014961,0.006331,-0.027245,0.001819,0.003598
0,-0.058698,-0.035793,-0.142638,0.227395,-0.162038,0.189304,0.001024,0.000625
0,0.021635,0.156739,0.099845,0.219059,0.08516,0.178609,0.000378,0.002736
0,-0.254108,0.097623,-0.279612,-0.044441,-0.289115,-0.009881,0.003383,0.001704
0,0.055732,0.140326,0.302427,0.066965,0.301313,0.022185,0.000973,0.002449
0,0.020609,0.127259,-0.057944,-0.033831,-0.050523,-0.055318,0.00036,0.002221
0,-0.106461,0.0491,-0.134132,-0.09265,-0.168061,-0.111974,0.001858,0.000857
0,-0.215546,0.183388,-0.102671,0.133177,-0.147658,0.142253,0.003762,0.003201
0,-0.126629,-0.025253,0.087178,-0.193691,0.038821,-0.156635,0.00221,0.000441
0,-0.107775,0.217356,0.01586,0.233685,0.018724,0.18679,0.001881,0.003794
0,-0.250217,0.095572,-0.151369,-0.145657,-0.116979,-0.116466,0.003451,0.001668
0,-0.205011,0.005198,0.057569,-0.085377,0.047987,-0.115466,0.003578,9.1e-05
0,-0.255579,-0.039358,-0.045009,-0.07433,-0.052487,-0.118865,0.003357,0.000687
0,-0.061446,0.010788,0.223652,0.042081,0.198549,0.081118,0.001072,0.000188
0,-0.200392,-0.01195,-0.158938,-0.025653,-0.185637,-0.075199,0.003497,0.000209
0,-0.223648,0.194854,-0.029141,0.211711,-0.067766,0.25816,0.003903,0.003401
0,-0.140638,0.115637,0.062156,-0.098564,0.0506,-0.055072,0.002455,0.002018
0,-0.215433,0.16309,-0.063615,0.045925,-0.038029,0.02052,0.00376,0.002846
0,-0.125594,0.166854,0.074178,0.012876,0.034647,0.017153,0.002192,0.002912
0,-0.216112,0.106016,-0.068516,-0.041135,-0.044047,-0.034951,0.003772,0.00185
0,-0.264268,0.220999,-0.074426,0.087466,-0.108479,0.079506,0.003206,0.003857
0,-0.188127,-0.063593,0.07814,-0.285826,0.069275,-0.236819,0.003283,0.00111
0,-0.19632,-0.080147,-0.006963,-0.018524,-0.015721,-0.051293,0.003426,0.001399
0,-0.03821,-0.003012,0.170691,0.090394,0.122535,0.12022,0.000667,5.3e-05
0,-0.06886,-0.026136,-0.030419,-0.027869,-0.027585,-0.020992,0.001202,0.000456
0,-0.081818,0.065684,-0.026304,0.100596,-0.063692,0.135915,0.001428,0.001146
0,-0.091595,0.192882,-0.004236,0.116766,-0.011337,0.079632,0.001599,0.003366
0,-0.082422,-0.048693,-0.009094,-0.233209,-0.00523,-0.254131,0.001439,0.00085
0,-0.11719,0.022245,-0.039812,0.064947,-0.01685,0.046208,0.002045,0.000388
0,-0.206763,0.004131,-0.099592,-0.02045,-0.058397,0.006393,0.003609,7.2e-05
0,-0.155027,-0.02529,0.072124,-0.043474,0.095475,-0.00202,0.002706,0.000441
0,0.034312,0.192312,0.169997,0.240554,0.13405,0.234538,0.000599,0.003356
0,-0.028473,0.008347,-0.043817,-0.17733,-0.087343,-0.151368,0.000497,0.000146
0,0.030255,-0.029,0.063507,-0.013463,0.028737,-0.035059,0.000528,0.000506
0,-0.071676,0.127324,-0.100512,0.168769,-0.12698,0.181059,0.001251,0.002222
0,-0.091943,0.139004,-0.031303,-0.010214,-0.001612,0.038334,0.001605,0.002426
0,-1.234788,-0.550727,-1.153046,-0.673597,-1.161274,-0.692385,0.001903,0.001794
0,-1.43496,-1.264149,-0.230032,-0.710875,-0.265824,-0.696658,0.001591,0.00139
0,-1.325589,-2.30241,0.125326,-1.018679,0.105664,-0.989968,0.000318,0.001095
0,-1.158896,-4.396646,0.176708,-2.121374,0.189744,-2.14418,0.003227,0.001443
0,-1.126511,-4.722911,0.054861,-0.312147,0.02996,-0.299025,0.003792,0.003566
0,-0.878474,-4.545933,0.257433,0.164036,0.207748,0.143491,0.000303,0.001163
0,-0.472273,-3.833737,0.396328,0.711397,0.387913,0.739486,0.000425,0.00345
0,-0.282952,-3.264517,0.165898,0.582811,0.126663,0.594862,0.002879,0.002251
0,-0.065312,-2.3255,0.191607,0.954387,0.21073,0.907939,0.00114,0.001498
0,-0.028395,-1.390153,0.035102,0.917869,0.045103,0.925134,0.000496,0.000809
0,0.067258,-0.864514,0.074804,0.497251,0.029389,0.480468,0.001174,0.000547
0,-0.050596,-0.322638,-0.135999,0.550472,-0.178633,0.577131,0.000883,0.002187
0,-0.119077,0.385281,-0.076963,0.718342,-0.120617,0.741942,0.002078,0.001093
0,-0.059223,0.30814,0.067699,-0.077095,0.026466,-0.081034,0.001034,0.00244
0,0.031327,0.405024,0.090838,0.121754,0.071097,0.125035,0.000547,0.000749
0,0.092216,0.48182,0.057015,0.053177,0.105247,0.093967,0.001609,0.000591
0,0.044023,0.432098,-0.061805,-0.021689,-0.052073,0.017406,0.000768,0.000276
0,0.085017,0.351847,0.032859,-0.064731,0.078663,-0.061547,0.001484,0.001677
0,0.021499,0.493868,-0.049388,0.119327,-0.02639,0.09558,0.000375,0.000802
0,-0.029974,0.228168,-0.077917,-0.272631,-0.031191,-0.319671,0.000523,0.003836
0,0.020321,0.291689,0.048168,0.076053,0.058808,0.034209,0.000355,0.002727
0,0.163654,0.147885,0.157641,-0.138131,0.170088,-0.124016,0.002856,0.002581
0,0.178031,-0.048246,0.029999,-0.214415,0.063442,-0.173445,0.003107,0.000842
0,0.154241,-0.066445,-0.004753,-0.002793,0.037455,0.046599,0.002692,0.00116
0,0.064962,-0.062678,-0.109214,-0.001209,-0.097673,0.026352,0.001134,0.001094
0,-0.056013,-0.097756,-0.147277,-0.032625,-0.1138,0.004616,0.000978,0.001706
0,0.064762,-0.076345,0.093089,0.000253,0.06733,0.045413,0.00113,0.001332
0,0.235565,-0.007189,0.142617,0.081325,0.106024,0.109002,0.003706,0.000125
0,0.216558,-0.090096,-0.026304,-0.09266,-0.045967,-0.104538,0.00378,0.001572
0,0.035005,0.058351,-0.187711,0.1436,-0.234801,0.161731,0.000611,0.001018
0,0.090309,0.137213,0.054314,0.065882,0.095602,0.034511,0.001576,0.002395
0,0.245125,-0.121665,0.157969,-0.246054,0.1138,-0.252366,0.00354,0.002123
0,0.210561,0.112707,-0.058959,0.26133,-0.080455,0.29342,0.003675,0.001967
0,0.197037,-0.065573,0.00377,-0.18463,0.018632,-0.138937,0.003439,0.001144
0,-0.022197,0.043416,-0.24806,0.128837,-0.258902,0.124953,0.000387,0.000758
0,-0.032186,0.091552,-0.011733,0.057926,0.025048,0.068015,0.000562,0.001598
0,-0.076444,0.006227,-0.053256,-0.070329,-0.042401,-0.116256,0.001334,0.000109
0,-0.174065,0.076252,-0.069568,0.086847,-0.024787,0.093015,0.003038,0.001331
0,-0.106358,-0.076926,0.047337,-0.140864,-0.00113,-0.125038,0.001856,0.001343
0,0.079391,-0.035157,0.161713,0.071122,0.185851,0.117492,0.001386,0.000614
0,-0.088248,0.021884,-0.190574,0.059666,-0.208087,0.062327,0.00154,0.000382
0,-0.033795,0.052519,0.062072,0.02349,0.023037,0.013373,0.00059,0.000917
0,0.095231,0.108978,0.105152,0.07443,0.125089,0.115839,0.001662,0.001902
0,-0.063514,-0.026614,-0.181995,-0.140777,-0.139747,-0.169943,0.001109,0.000465
0,0.08851,0.033946,0.134439,0.059183,0.154882,0.106993,0.001545,0.000592
0,-0.04056,-0.119838,-0.100433,-0.180797,-0.061456,-0.189129,0.000708,0.002092
0,-0.075141,-0.152256,-0.034864,-0.042465,0.010113,-0.065073,0.001311,0.002657
0,-0.104616,-0.056494,-0.037452,0.110869,-0.085792,0.078064,0.001826,0.000986
0,0.003759,0.038936,0.122888,0.077247,0.12467,0.104004,6.6e-05,0.00068
0,-0.153763,-0.052819,-0.161281,-0.073584,-0.115854,-0.039921,0.002684,0.000922
0,0.074167,0.118626,0.216413,0.1653,0.186572,0.117016,0.001294,0.00207
0,0.03314,-0.002641,-0.060009,-0.136827,-0.0716,-0.09842,0.000578,4.6e-05
0,0.113194,0.028555,0.055358,0.034391,0.042157,0.049852,0.001976,0.000498
0,-0.013369,0.120864,-0.10826,0.111401,-0.058767,0.084074,0.000233,0.002109
0,0.148841,0.087635,0.181483,-0.060787,0.158426,-0.032882,0.002598,0.00153
0,-0.118083,0.086023,-0.2874,0.013123,-0.275023,0.025816,0.002061,0.001501
0,-0.126363,0.138588,0.004174,0.077311,-0.016728,0.062381,0.002205,0.002419
0,0.058795,0.0456,0.178499,-0.065997,0.141882,-0.058427,0.001026,0.000796
0,0.15019,0.084784,0.100115,0.015196,0.050151,-0.005068,0.002621,0.00148
0,-0.040064,0.15499,-0.163339,0.098127,-0.133473,0.0741,0.000699,0.002705
0,-0.043452,0.131681,0.016881,-0.006869,-0.014858,0.025419,0.000758,0.002298
0,0.10082,0.016076,0.123966,-0.096428,0.095234,-0.109624,0.00176,0.000281
0,0.045785,-0.11633,-0.05179,-0.142218,-0.05211,-0.184498,0.000799,0.00203
0,0.112857,0.149494,0.081815,0.241627,0.073866,0.196288,0.00197,0.002609
0,-0.077837,0.140738,-0.199269,0.008293,-0.222522,-0.018005,0.001359,0.002456
0,0.082164,0.011756,0.14211,-0.158391,0.152119,-0.148815,0.001434,0.000205
0,0.145117,0.133646,0.054399,0.09608,0.068485,0.121637,0.002533,0.002333
0,-0.119465,-0.07504,-0.267544,-0.20758,-0.244363,-0.25326,0.002085,0.00131
0,0.059648,0.14744,0.168319,0.25068,0.152495,0.292262,0.001041,0.002573
0,0.082554,0.145198,0.051915,0.012746,0.005644,-0.028972,0.001441,0.002534
0,-0.013881,-0.092133,-0.125738,-0.252434,-0.088223,-0.296423,0.000242,0.001608
0,0.02215,0.10585,0.022623,0.216419,0.052431,0.190204,0.000387,0.001847
0,-0.127049,-0.023423,-0.143462,-0.153827,-0.153418,-0.11276,0.002217,0.000409
0,-0.109644,0.130987,0.021546,0.128888,0.058283,0.147798,0.001914,0.002286
0,-0.013445,-0.11752,0.072892,-0.230605,0.077828,-0.222981,0.000235,0.002051
0,0.140098,0.071751,0.169577,0.159585,0.176026,0.18303,0.002445,0.001252
0,0.037419,0.149512,-0.117549,0.054668,-0.0789,0.0607,0.000653,0.002609
0,-0.102429,0.132809,-0.132981,-0.011372,-0.182683,-0.052563,0.001788,0.002318
0,-0.080247,-0.095352,0.00979,-0.225827,0.034044,-0.256568,0.001401,0.001664
0,0.132163,0.143559,0.215767,0.253104,0.251577,0.26653,0.002307,0.002506
0,0.107244,0.024344,-0.023091,-0.143768,-0.063614,-0.102856,0.001872,0.000425
0,-0.02854,0.0834,-0.12491,0.056965,-0.128292,0.071193,0.000498,0.001456
0,-0.199199,0.174352,-0.17283,0.099499,-0.173669,0.145526,0.003477,0.003043
0,-0.067355,0.129806,0.113164,-0.020451,0.103979,-0.006682,0.001176,0.002266
0,-0.05665,0.138168,-0.017125,0.029009,-0.041936,0.04848,0.000989,0.002411
0,0.075237,0.033879,0.106509,-0.125486,0.112972,-0.168412,0.001313,0.000591
0,-0.087577,0.141661,-0.142909,0.117437,-0.190444,0.078962,0.001529,0.002472
0,0.00094,-0.014349,0.08372,-0.162293,0.079139,-0.199345,1.6e-05,0.00025
0,0.132615,0.107531,0.134356,0.144203,0.159592,0.161943,0.002315,0.001877
0,-0.069034,-0.013529,-0.231458,-0.133135,-0.210151,-0.09826,0.001205,0.000236
0,-0.079774,0.035152,-0.01668,0.047813,-0.052383,0.038862,0.001392,0.000614
0,-0.011325,0.022161,0.070532,-0.031278,0.097365,-0.010981,0.000198,0.000387
0,-0.005947,0.070283,-0.020674,0.024731,-0.01552,0.030106,0.000104,0.001227
0,0.066269,0.114571,0.075667,0.055385,0.051117,0.014077,0.001157,0.002
0,0.030246,0.033052,-0.060105,-0.077552,-0.035804,-0.116577,0.000528,0.000577
0,0.02048,0.013694,-0.028679,-0.006062,-0.032805,0.027785,0.000357,0.000239
0,-0.107962,0.052874,-0.099582,0.021063,-0.138351,-0.00335,0.001884,0.000923
0,0.032083,-0.069836,0.14177,-0.117484,0.17699,-0.076832,0.00056,0.001219
0,-0.161843,0.009287,-0.212553,0.070268,-0.203644,0.042254,0.002825,0.000162
0,-0.00143,-0.07074,0.13977,-0.107258,0.111434,-0.100031,2.5e-05,0.001235
0,-0.020078,0.113826,-0.020857,0.210296,0.005704,0.188407,0.00035,0.001987
0,0.084484,-0.124383,0.088026,-0.226759,0.075939,-0.1821,0.001475,0.002171
0,-0.128254,-0.016164,-0.201131,0.098599,-0.17584,0.051289,0.002238,0.000282
0,0.0828,-0.07539,0.211104,-0.052472,0.257991,-0.012353,0.001445,0.001316
0,0.069978,0.05195,-0.030055,0.122396,0.0191,0.076207,0.001221,0.000907
0,-0.012338,-0.032863,-0.100804,-0.099561,-0.07841,-0.110483,0.000215,0.000574
0,0.010362,-0.042306,0.031311,0.006177,0.003964,-0.016751,0.000181,0.000738
0,0.112232,-0.010518,0.075698,0.015172,0.113426,0.014989,0.001959,0.000184
0,-0.029056,0.103572,-0.147386,0.124851,-0.125789,0.153838,0.000507,0.001808
0,0.139183,-0.022022,0.142084,-0.145316,0.172492,-0.178776,0.002429,0.000384
0,0.06162,0.084957,-0.088617,0.09827,-0.041251,0.060848,0.001075,0.001483
0,0.149287,0.090263,0.100574,-0.00666,0.084469,-0.048512,0.002606,0.001575
0,0.133664,0.064778,-0.031773,-0.004862,0.001148,0.03694,0.002333,0.001131
0,-0.012207,-0.001429,-0.126628,-0.088925,-0.117784,-0.095665,0.000213,2.5e-05
0,0.124971,0.067944,0.157828,0.094757,0.161797,0.07196,0.002181,0.001186
0,-0.02763,-0.168286,-0.158179,-0.261942,-0.130054,-0.22512,0.000482,0.002937
0,-0.032791,0.069696,0.015092,0.219534,-0.030052,0.204782,0.000572,0.001216
0,-0.02096,0.096417,-0.016343,0.026106,-0.010655,0.055604,0.000366,0.001683
0,0.015469,-0.108437,0.0103,-0.179729,0.058901,-0.197715,0.00027,0.001893
0,0.190908,-0.038592,0.200862,0.082327,0.193554,0.089544,0.003332,0.000674
0,0.088207,0.021115,-0.082202,0.08296,-0.076455,0.035093,0.001539,0.000369
0,0.248198,-0.069186,0.167738,-0.068417,0.134269,-0.048826,0.003486,0.001208
0,0.068648,-0.223176,-0.154846,-0.155408,-0.119201,-0.187565,0.001198,0.003895
0,0.02488,-0.054106,-0.073057,0.18418,-0.023577,0.136315,0.000434,0.000944
0,0.147533,-0.202788,0.145709,-0.145702,0.132373,-0.161198,0.002575,0.003539
0,0.010776,-0.006834,-0.1179,0.221872,-0.118,0.23377,0.000188,0.000119
0,0.090034,-0.10072,0.082689,-0.078958,0.103573,-0.089694,0.001571,0.001758
0,-0.035446,-0.163968,-0.102766,-0.085305,-0.127368,-0.134651,0.000619,0.002862
0,-0.101653,-0.185562,-0.069041,0.007771,-0.104849,0.041561,0.001774,0.003239
0,-0.080198,-0.214795,0.015379,-0.050814,0.034191,-0.095243,0.0014,0.003749
0,-0.116069,-0.172879,-0.021914,0.035312,-0.032142,0.065537,0.002026,0.003017
0,-0.066633,0.037194,0.043522,0.199366,-0.004937,0.169267,0.001163,0.000649
0,-0.082591,-0.040556,-0.00589,-0.084944,0.006002,-0.134751,0.001441,0.000708
0,-0.269022,-0.056126,-0.164113,-0.018722,-0.158902,-0.000962,0.003123,0.00098
0,-0.081303,-0.232656,0.159764,-0.185567,0.158965,-0.232846,0.001419,0.003757
0,-0.034326,0.012579,0.03392,0.273244,0.050556,0.235592,0.000599,0.00022
0,-0.226048,0.08536,-0.183908,0.085247,-0.160426,0.127705,0.003873,0.00149
0,-0.035118,-0.131494,0.206087,-0.239905,0.208932,-0.234434,0.000613,0.002295
0,-0.271575,-0.018971,-0.232056,0.110451,-0.252955,0.083094,0.003078,0.000331
0,-0.162863,-0.125871,0.117139,-0.122759,0.103998,-0.13137,0.002842,0.002197
0,-0.127146,-0.006762,0.01725,0.110156,0.005255,0.113421,0.002219,0.000118
0,-0.298894,-0.091609,-0.178192,-0.070034,-0.217106,-0.096337,0.002601,0.001599
0,-0.247415,-0.171543,0.056638,-0.105145,0.020335,-0.100757,0.0035,0.002994
0,-0.006524,-0.153671,0.21592,0.029337,0.18228,0.046742,0.000114,0.002682
0,-0.042828,-0.116135,-0.059641,0.032583,-0.068048,0.052214,0.000747,0.002027
0,-0.232389,-0.064374,-0.177085,0.046497,-0.127575,0.014069,0.003762,0.001124
0,-0.134167,-0.076222,0.090442,0.00438,0.052247,0.042315,0.002342,0.00133
0,-0.248381,-0.024025,-0.100446,0.076054,-0.132823,0.116435,0.003483,0.000419
0,0.003151,-0.012888,0.267945,0.039107,0.219823,0.069228,5.5e-05,0.000225
0,-0.221835,-0.039088,-0.20025,0.001474,-0.198678,0.017844,0.003872,0.000682
0,-0.08802,-0.009308,0.162269,0.003484,0.188701,-0.014358,0.001536,0.000162
0,-0.07147,-0.073232,-0.001113,-0.093352,0.030798,-0.087301,0.001247,0.001278
0,-0.106748,0.077046,-0.060331,0.16825,-0.062599,0.147411,0.001863,0.001345
0,-0.278314,-0.192569,-0.148159,-0.289985,-0.191094,-0.244465,0.00296,0.003361
0,-0.021495,-0.090233,0.268248,0.128884,0.285592,0.087325,0.000375,0.001575
0,-0.009094,-0.132632,-0.012156,-0.055824,0.005572,-0.035517,0.000159,0.002315
0,0.000151,-0.066137,0.02715,0.040266,-0.019485,0.024398,3e-06,0.001154
0,-0.159048,-0.13232,-0.140719,-0.048537,-0.161689,-0.064506,0.002776,0.002309
0,0.096496,0.030385,0.282647,0.151003,0.271922,0.137985,0.001684,0.00053
0,-0.160279,0.103318,-0.263327,0.078142,-0.254196,0.122316,0.002797,0.001803
0,0.004651,-0.022011,0.145039,-0.099296,0.142038,-0.102444,8.1e-05,0.000384
0,-0.107244,-0.152326,-0.098729,-0.126995,-0.061387,-0.086406,0.001872,0.002659
0,-0.083314,0.006881,0.029694,0.158617,0.038659,0.172488,0.001454,0.00012
0,-0.042887,0.016038,0.013268,-0.004321,0.010101,-0.037523,0.000749,0.00028
0,0.16294,0.02683,0.227598,0.028625,0.262873,0.065372,0.002844,0.000468
0,-0.010147,-0.064721,-0.187319,-0.083093,-0.145356,-0.075806,0.000177,0.00113
0,0.076114,-0.004283,0.090114,0.088033,0.072628,0.068651,0.001328,7.5e-05
0,0.081383,0.087601,0.010136,0.086781,-0.006353,0.10361,0.00142,0.001529
0,-0.097232,0.078748,-0.193133,0.008521,-0.202413,0.05493,0.001697,0.001374
0,-0.014967,-0.045029,0.06133,-0.102165,0.047732,-0.103878,0.000261,0.000786
0,0.013104,-0.089559,0.057663,-0.068611,0.04118,-0.042375,0.000229,0.001563
0,0.182219,0.079366,0.158195,0.188311,0.203859,0.148051,0.00318,0.001385
0,0.214613,-0.184641,0.003106,-0.259732,-0.04597,-0.21845,0.003746,0.003223
0,-0.076545,0.04093,-0.284389,0.21076,-0.32017,0.230503,0.001336,0.000714
0,0.021989,-0.170399,0.081321,-0.205955,0.062469,-0.18601,0.000384,0.002974
0,0.036858,-0.108379,-0.003355,0.066913,-0.023113,0.034642,0.000643,0.001892
0,0.160113,0.030402,0.140102,0.143707,0.180742,0.134719,0.002794,0.000531
0,-0.018052,-0.064684,-0.207512,-0.112023,-0.170537,-0.12989,0.000315,0.001129
0,-0.109789,-0.017511,-0.094338,0.06215,-0.134624,0.032827,0.001916,0.000306
0,-0.125448,-0.054971,-0.011029,-0.020235,0.005109,-0.049276,0.002189,0.000959
0,0.000618,-0.172839,0.138375,-0.144124,0.148454,-0.101797,1.1e-05,0.003017
0,0.109804,-0.129595,0.13381,0.024069,0.152291,0.044251,0.001916,0.002262
0,0.067063,-0.248864,-0.072597,-0.105891,-0.107938,-0.137689,0.00117,0.003474
0,-0.005049,0.028371,-0.04266,0.28863,-0.069885,0.273456,8.8e-05,0.000495
0,-0.201813,-0.234835,-0.186014,-0.26367,-0.230493,-0.305299,0.003522,0.003719
0,0.045496,-0.206721,0.255273,0.045785,0.283578,0.053562,0.000794,0.003608
0,-0.122857,0.052677,-0.164975,0.272692,-0.1658,0.241914,0.002144,0.000919
0,-0.094716,0.013656,0.04061,-0.053615,0.023621,-0.028903,0.001653,0.000238
0,-0.01572,0.099166,0.089806,0.111802,0.073176,0.125942,0.000274,0.001731
0,0.017348,-0.120241,0.043211,-0.19448,0.061132,-0.166017,0.000303,0.002099
0,0.103533,0.079638,0.064011,0.196856,0.041301,0.174425,0.001807,0.00139
0,-0.086601,-0.083711,-0.211426,-0.149333,-0.194602,-0.178343,0.001511,0.001461
0,0.073372,-0.14279,0.18273,-0.068292,0.174961,-0.111119,0.001281,0.002492
0,0.058627,-0.12849,-0.014507,0.036328,-0.054331,0.067729,0.001023,0.002243
0,-0.094188,0.139568,-0.128734,0.279317,-0.166012,0.279637,0.001644,0.002436
0,-0.145336,0.026174,-0.058504,-0.118871,-0.048756,-0.099946,0.002537,0.000457
0,0.029503,-0.117282,0.157666,-0.143598,0.141582,-0.187886,0.000515,0.002047
0,-0.036434,0.056028,-0.062613,0.184585,-0.11106,0.191691,0.000636,0.000978
0,-0.085346,0.061622,-0.020019,0.013432,0.012885,-0.013163,0.00149,0.001075
0,-0.070576,0.155095,0.013656,0.1129,-0.033017,0.116664,0.001232,0.002707
0,-0.006658,-0.039531,0.083406,-0.199855,0.120077,-0.149999,0.000116,0.00069
0,-0.091987,0.129866,-0.073557,0.154752,-0.08291,0.187226,0.001605,0.002267
0,-0.130274,-0.037994,-0.020022,-0.154664,0.002996,-0.112826,0.002274,0.000663
0,0.092168,-0.030116,0.241652,0.022552,0.256923,-0.007796,0.001609,0.000526
0,0.101115,0.048694,-0.017733,0.065832,-0.060781,0.077254,0.001765,0.00085
0,-0.021949,0.064854,-0.152553,0.037734,-0.16102,0.00136,0.000383,0.001132
0,-0.060256,-0.131704,-0.030558,-0.168543,-0.01622,-0.153254,0.001052,0.002299
0,0.017834,0.017295,0.081726,0.176334,0.04142,0.224601,0.000311,0.000302
0,-0.006536,-0.012702,0.001802,-0.030749,-0.026988,-0.001373,0.000114,0.000222
0,0.017987,0.020272,0.037587,0.047776,0.033399,0.094982,0.000314,0.000354
0,0.092731,-0.123579,0.063206,-0.149592,0.069421,-0.139845,0.001618,0.002157
0,0.23973,-0.017695,0.136307,0.098856,0.153544,0.097829,0.003634,0.000309
0,-0.016638,-0.008095,-0.256673,0.012141,-0.256017,-0.030768,0.00029,0.000141
0,0.155159,-0.082168,0.193515,-0.078246,0.229299,-0.104173,0.002708,0.001434
0,0.148629,-0.171542,-0.017239,-0.084075,-0.026616,-0.081149,0.002594,0.002994
0,0.21469,-0.080464,0.090182,0.096916,0.080318,0.051405,0.003747,0.001404
0,0.081546,0.139896,-0.152271,0.23294,-0.188358,0.207057,0.001423,0.002442
0,-0.013102,0.11974,-0.085656,0.000624,-0.045955,-0.006134,0.000229,0.00209
0,0.008555,0.102585,0.03281,-0.043862,-0.007011,-0.09384,0.000149,0.00179
0,0.083301,0.137311,0.072246,0.021079,0.096317,0.045239,0.001454,0.002397
0,-0.090237,-0.075488,-0.179938,-0.195216,-0.205143,-0.189648,0.001575,0.001318
0,-0.027906,0.014442,0.032965,0.069776,0.051849,0.041314,0.000487,0.000252
0,0.060915,-0.093298,0.104716,-0.078313,0.100735,-0.075163,0.001063,0.001628
0,-0.020953,0.103759,-0.11105,0.173098,-0.073888,0.198831,0.000366,0.001811
0,0.169451,0.067371,0.176977,-0.049994,0.204907,-0.090271,0.002957,0.001176
0,-0.003004,0.168166,-0.153104,0.085043,-0.15676,0.065569,5.2e-05,0.002935
0,0.037373,0.141512,0.045899,-0.012564,0.026872,0.000256,0.000652,0.00247
0,-0.047041,0.195673,-0.069433,0.029601,-0.083132,0.050362,0.000821,0.003415
0,-0.018087,0.206045,0.001825,0.028746,-0.041012,0.013849,0.000316,0.003596
0,0.127889,0.089745,0.158604,-0.099798,0.153027,-0.082453,0.002232,0.001566
0,-0.091993,-0.126088,-0.216628,-0.22428,-0.229338,-0.269494,0.001606,0.002201
0,0.02279,0.071566,0.0974,0.180171,0.127008,0.206015,0.000398,0.001249
0,0.152159,-0.114769,0.143528,-0.20674,0.13339,-0.170565,0.002656,0.002003
0,0.161261,-0.053973,0.02886,0.032422,-0.008865,0.002344,0.002815,0.000942
0,-0.143655,-0.004754,-0.287907,0.025403,-0.292902,0.014211,0.002507,8.3e-05
0,-0.070912,0.135793,0.049099,0.162224,0.07769,0.124024,0.001238,0.00237
0,0.11436,0.048184,0.1973,-0.087225,0.178866,-0.102826,0.001996,0.000841
0,0.064896,0.215463,-0.07154,0.181175,-0.112807,0.153807,0.001133,0.003761
0,-0.125264,0.034304,-0.200626,-0.155985,-0.165605,-0.185959,0.002186,0.000599
0,-0.179128,0.082262,-0.030816,0.065218,-0.013445,0.095385,0.003126,0.001436
0,-0.051967,0.022454,0.14344,-0.072443,0.097614,-0.110564,0.000907,0.000392
0,-0.033995,-0.02776,0.021756,-0.028314,0.068693,-0.074322,0.000593,0.000484
0,-0.070567,0.131135,-0.059357,0.143838,-0.090995,0.168524,0.001232,0.002289
0,0.044599,-0.062287,0.128884,-0.209128,0.101774,-0.251207,0.000778,0.001087
0,0.006823,-0.012954,-0.046807,0.050656,0.001235,0.049761,0.000119,0.000226
0,0.127672,0.054474,0.134018,0.092225,0.087157,0.078232,0.002228,0.000951
0,0.17238,0.013488,0.035271,-0.024226,-0.013564,-0.001199,0.003009,0.000235
0,0.127683,0.013085,-0.065004,0.029439,-0.032468,0.03653,0.002228,0.000228
0,-0.043013,-0.076694,-0.144599,-0.119455,-0.12201,-0.104365,0.000751,0.001339
0,0.106916,-0.026727,0.176358,0.044769,0.19927,0.011861,0.001866,0.000466
0,-0.005475,-0.096836,-0.1229,-0.06975,-0.100776,-0.055951,9.6e-05,0.00169
0,0.165145,0.033371,0.197847,0.119327,0.159169,0.145434,0.002882,0.000582
0,-0.088449,0.080573,-0.267961,0.031261,-0.304958,0.003171,0.001544,0.001406
0,0.01022,0.154328,0.101449,0.046077,0.131087,0.054658,0.000178,0.002694
0,0.147172,0.140846,0.112602,0.015142,0.087673,-0.015102,0.002569,0.002458
0,0.180064,-0.044758,0.02748,-0.17182,0.05659,-0.170009,0.003143,0.000781
0,0.106174,0.12748,-0.090983,0.155291,-0.138593,0.175171,0.001853,0.002225
0,0.174226,0.079555,0.041993,-0.058591,0.031983,-0.020325,0.003041,0.001388
0,0.202572,0.092697,0.010137,0.030168,-0.012663,-0.006892,0.003536,0.001618
0,0.216951,0.085517,0.039283,-0.01261,0.03177,0.0267,0.003787,0.001493
0,-0.042742,-0.108952,-0.24177,-0.184984,-0.246916,-0.202009,0.000746,0.001902
0,0.060041,-0.011583,0.09,0.103575,0.095937,0.091736,0.001048,0.000202
0,0.01252,0.09618,-0.065147,0.117394,-0.076934,0.103594,0.000219,0.001679
0,0.215495,0.001671,0.219298,-0.070518,0.250497,-0.118245,0.003761,2.9e-05
0,0.012935,0.110418,-0.195821,0.131724,-0.156903,0.172865,0.000226,0.001927
0,0.00898,-0.087702,0.01655,-0.224344,-0.008064,-0.248444,0.000157,0.001531
0,-0.06386,0.104176,-0.075071,0.199611,-0.086286,0.160318,0.001115,0.001818
0,-0.097336,-0.033715,-0.022477,-0.124096,-0.071113,-0.139628,0.001699,0.000588
0,-0.014877,-0.067141,0.101865,-0.047865,0.139915,-0.052441,0.00026,0.001172
0,0.002455,-0.185604,0.033345,-0.142239,0.01248,-0.137823,4.3e-05,0.003239
0,0.062341,0.019028,0.066485,0.227279,0.09514,0.213657,0.001088,0.000332
0,-0.11005,-0.17149,-0.196713,-0.194555,-0.180394,-0.185412,0.001921,0.002993
0,0.138837,0.035709,0.271581,0.20131,0.315236,0.155667,0.002423,0.000623
0,0.132897,0.023521,-0.001438,-0.020258,0.040678,-0.05042,0.002319,0.000411
0,-0.062748,-0.020523,-0.191037,-0.063931,-0.195805,-0.079126,0.001095,0.000358
0,0.145933,0.018036,0.236887,0.04015,0.25863,0.078503,0.002547,0.000315
0,-0.099606,-0.074228,-0.270379,-0.10494,-0.274778,-0.055995,0.001738,0.001296
0,0.055144,-0.156505,0.126766,-0.10235,0.082712,-0.129679,0.000962,0.002732
0,0.10066,-0.106714,0.035776,0.053354,0.052939,0.060702,0.001757,0.001863
0,0.150987,0.009146,0.052618,0.119973,0.089802,0.136978,0.002635,0.00016
0,-0.035285,-0.072072,-0.214838,-0.098425,-0.206995,-0.055543,0.000616,0.001258
0,0.14507,0.059707,0.179096,0.12233,0.133942,0.133571,0.002532,0.001042
0,0.119875,-0.049353,-0.026181,-0.108496,-0.000819,-0.075802,0.002092,0.000861
0,0.215504,-0.150919,0.121033,-0.095529,0.127416,-0.111934,0.003761,0.002634
0,0.039927,-0.015455,-0.16031,0.142847,-0.182582,0.130599,0.000697,0.00027
0,0.216626,0.038898,0.201333,0.043218,0.23117,0.029721,0.003781,0.000679
0,0.0962,-0.056227,-0.130643,-0.122752,-0.12358,-0.17159,0.001679,0.000981
0,0.258914,0.087104,0.163223,0.1283,0.170184,0.150971,0.003299,0.00152
0,0.034992,-0.004011,-0.217052,-0.101135,-0.236175,-0.124921,0.000611,7e-05
0,0.139235,-0.07641,0.115932,-0.063272,0.157011,-0.045336,0.00243,0.001334
0,-0.011304,-0.051769,-0.128977,0.005862,-0.116668,-0.025043,0.000197,0.000904
0,-0.113838,-0.076016,-0.076255,-0.013063,-0.102093,-0.010586,0.001987,0.001327
0,0.153177,-0.11004,0.287346,-0.024327,0.306787,-0.044026,0.002673,0.001921
0,-0.053375,-0.024246,-0.182971,0.06102,-0.143753,0.06347,0.000932,0.000423
0,0.062631,-0.178168,0.099754,-0.179724,0.08528,-0.209972,0.001093,0.00311
0,-0.110825,-0.04401,-0.163357,0.155832,-0.198209,0.119836,0.001934,0.000768
0,0.006124,-0.116632,0.134469,-0.073456,0.177216,-0.09486,0.000107,0.002036
0,0.02975,0.018607,0.000218,0.145192,0.025513,0.181369,0.000519,0.000325
0,3.654842,-1.411594,3.628381,-1.413037,3.586598,-1.412249,0.001246,0.001183
0,4.217972,-1.939371,0.55931,-0.553249,0.541471,-0.534994,0.003257,0.002577
0,3.833367,-2.174261,-0.4098,-0.236178,-0.383654,-0.268659,0.003456,0.001141
0,3.643802,-1.989654,-0.202614,0.15599,-0.202232,0.168113,0.001053,0.003455
0,3.348754,-2.072806,-0.323247,-0.080186,-0.367697,-0.043054,0.003722,0.002912
0,2.850812,-1.650762,-0.505335,0.412833,-0.52286,0.37003,0.002849,0.00246
0,1.894558,-1.29237,-0.956263,0.367775,-0.991772,0.349416,0.001795,0.000898
0,1.581797,-1.016877,-0.311886,0.300852,-0.305817,0.256629,0.003664,0.002112
0,0.611908,-0.612512,-0.96307,0.404085,-0.9994,0.405701,0.002862,0.002872
0,0.006538,-0.093674,-0.626219,0.532892,-0.582578,0.555682,0.000114,0.001635
0,0.101403,-0.159403,0.071173,-0.091623,0.071363,-0.065193,0.00177,0.002782
0,0.322091,-0.082457,0.247634,0.09552,0.279396,0.12645,0.002196,0.001439
0,0.102223,-0.065167,-0.201245,0.037523,-0.210573,0.0661,0.001784,0.001137
0,0.246401,-0.003872,0.147764,0.037048,0.189722,0.008809,0.003517,6.8e-05
0,0.20093,0.011157,-0.053868,0.043294,-0.060374,0.014527,0.003507,0.000195
0,0.212996,0.023615,0.038875,0.005885,0.0585,0.010895,0.003717,0.000412
0,0.313769,-0.090898,0.095566,-0.086821,0.095592,-0.076594,0.002342,0.001586
0,0.103473,-0.148313,-0.218583,-0.052854,-0.235572,-0.00843,0.001806,0.002589
0,0.134017,-0.205295,0.038087,-0.07348,0.063467,-0.095761,0.002339,0.003583
0,0.282306,-0.18873,0.148387,0.043806,0.117638,0.058276,0.002891,0.003294
0,0.205563,-0.130622,-0.080604,0.074259,-0.065708,0.08607,0.003588,0.00228
0,0.091327,-0.125335,-0.103718,-0.019029,-0.152219,-0.058771,0.001594,0.002188
0,0.279606,-0.010235,0.214496,0.090904,0.189746,0.092115,0.002938,0.000179
0,0.0266,-0.13681,-0.233812,-0.150888,-0.252892,-0.168701,0.000464,0.002388
0,0.137923,-0.060747,0.088512,0.096069,0.074676,0.109409,0.002407,0.00106
0,0.141745,-0.198533,-0.002677,-0.116617,-0.006179,-0.099031,0.002474,0.003465
0,0.261388,-0.180372,0.101361,0.035679,0.084574,0.060333,0.003256,0.003148
0,0.011688,-0.021869,-0.239955,0.160058,-0.253436,0.130505,0.000204,0.000382
0,-0.002976,-0.193596,0.00996,-0.16434,0.034943,-0.212114,5.2e-05,0.003379
0,0.229002,-0.069766,0.21108,0.140361,0.206891,0.167994,0.003821,0.001218
0,0.116606,-0.184834,-0.121274,-0.139604,-0.154019,-0.181788,0.002035,0.003226
0,0.248488,-0.107949,0.158132,0.052263,0.15301,0.074388,0.003481,0.001884
0,0.032084,0.09404,-0.234828,0.224508,-0.202898,0.252657,0.00056,0.001641
0,0.093984,0.015174,0.039191,-0.093423,0.071418,-0.093009,0.00164,0.000265
0,0.097266,-0.101209,0.008765,-0.124612,0.029648,-0.122421,0.001698,0.001766
0,0.272271,-0.206054,0.17786,-0.12101,0.154345,-0.150419,0.003066,0.003596
0,0.262741,0.010253,0.016643,0.197548,-0.031847,0.192551,0.003232,0.000179
0,0.030103,-0.086362,-0.211348,-0.124889,-0.246318,-0.120024,0.000525,0.001507
0,0.232897,0.065404,0.191643,0.134553,0.191249,0.13741,0.003753,0.001142
0,0.197229,-0.152665,-0.052324,-0.22016,-0.005804,-0.230118,0.003442,0.002665
0,0.328025,0.037952,0.120592,0.185122,0.11552,0.181404,0.002093,0.000662
0,0.094271,0.025683,-0.240708,-0.030242,-0.207886,-0.075695,0.001645,0.000448
0,0.048864,-0.092072,-0.035895,-0.112758,0.004259,-0.121402,0.000853,0.001607
0,0.227147,0.069773,0.155113,0.145351,0.170757,0.187277,0.003853,0.001218
0,0.012862,0.035157,-0.211421,-0.05157,-0.251058,-0.038599,0.000224,0.000614
0,0.086164,-0.065578,0.075379,-0.078277,0.106369,-0.061895,0.001504,0.001145
0,0.030997,-0.100057,-0.035095,-0.008559,-0.049726,-0.046354,0.000541,0.001746
0,0.161838,0.062234,0.134484,0.15763,0.096931,0.194395,0.002825,0.001086
0,0.004971,-0.178499,-0.160248,-0.25198,-0.128424,-0.239994,8.7e-05,0.003115
0,-0.022622,-0.19686,-0.002411,-0.015141,-0.017246,-0.028885,0.000395,0.003436
0,0.004992,0.020843,0.037675,0.206679,0.021102,0.245044,8.7e-05,0.000364
0,0.066375,-0.148566,0.037902,-0.148775,0.076567,-0.111555,0.001158,0.002593
0,-0.034949,-0.038658,-0.09714,0.135807,-0.144273,0.17126,0.00061,0.000675
0,0.166418,-0.191793,0.217849,-0.142995,0.232668,-0.169873,0.002905,0.003347
0,0.06188,-0.060378,-0.082205,0.131287,-0.086577,0.158992,0.00108,0.001054
0,0.060224,-0.122324,0.006792,-0.059145,0.04186,-0.017107,0.001051,0.002135
0,-0.112995,-0.107364,-0.161912,-0.014297,-0.190529,0.029573,0.001972,0.001874
0,-0.080495,0.013842,0.059638,0.092485,0.092684,0.080645,0.001405,0.000242
0,-0.047741,0.050647,0.022404,0.035156,-0.001791,0.002336,0.000833,0.000884
0,-0.160826,-0.143235,-0.129743,-0.165537,-0.170347,-0.139893,0.002807,0.0025
0,-0.017807,-0.162766,0.136892,-0.014332,0.125856,-0.03369,0.000311,0.002841
0,-0.113816,-0.072117,-0.103881,0.086177,-0.098733,0.12708,0.001986,0.001259
0,-0.034465,0.098613,0.098978,0.16032,0.130982,0.20425,0.000602,0.001721
0,-0.022592,0.109864,0.040462,0.006432,0.003267,-0.00649,0.000394,0.001917
0,-0.043389,-0.074548,-0.049533,-0.208014,-0.086163,-0.188798,0.000757,0.001301
0,-0.095834,-0.112179,-0.040904,-0.04971,-0.089233,-0.042009,0.001673,0.001958
0,-0.244162,-0.179492,-0.167737,-0.096291,-0.175904,-0.134906,0.003556,0.003133
0,-0.084666,0.056138,0.163243,0.262763,0.113505,0.269172,0.001478,0.00098
0,-2.307365,0.555898,-2.216541,0.525641,-2.262923,0.521183,0.001182,0.001884
0,-2.982245,1.128692,-0.645957,0.602539,-0.655672,0.563668,0.002675,0.003754
0,-4.552535,1.075744,-1.58323,-0.035366,-1.561452,-0.025288,0.001278,0.00314
0,-3.992977,1.136153,0.589275,0.035,0.562689,0.023141,0.00067,0.003624
0,-3.438295,1.138034,0.532689,-0.024207,0.553056,-0.021977,0.002533,0.003591
0,-3.338658,0.645448,0.096419,-0.512332,0.115299,-0.494298,0.003545,0.003447
0,-2.99646,0.7455,0.335282,0.116964,0.315194,0.136804,0.002427,0.002624
0,-2.119866,0.332399,0.869121,-0.415503,0.912437,-0.407425,0.002091,0.002016
0,-1.522892,0.361518,0.599651,0.018805,0.595702,0.054225,0.003126,0.001508
0,-1.032053,0.157754,0.462315,-0.179354,0.472741,-0.217481,0.002377,0.002753
0,-0.710705,-0.102335,0.302068,-0.271949,0.324882,-0.279203,0.003232,0.001786
0,-0.493063,-0.128887,0.202735,-0.010183,0.247043,-0.060028,0.000788,0.00225
0,-0.245984,0.00713,0.233763,0.127687,0.257221,0.1369,0.003525,0.000124
0,-0.064084,-0.018193,0.163331,-0.036387,0.201249,-0.042656,0.001118,0.000318
0,0.046202,-0.020622,0.114938,0.018617,0.125502,-0.01169,0.000806,0.00036
0,-0.070002,-0.108941,-0.102727,-0.068679,-0.122757,-0.049504,0.001222,0.001901
0,-0.046104,0.057423,0.019064,0.149803,0.013805,0.154202,0.000805,0.001002
0,0.225703,0.055399,0.276008,0.019515,0.287208,0.043244,0.003879,0.000967
0,0.166931,-0.059823,-0.0297,-0.090058,-0.010783,-0.074321,0.002913,0.001044
0,-0.043342,-0.234093,-0.221798,-0.183521,-0.222436,-0.140431,0.000756,0.003732
0,0.116898,-0.125611,0.15481,0.1174,0.166275,0.073536,0.00204,0.002192
0,-0.025671,-0.118411,-0.124206,0.033564,-0.112478,0.077183,0.000448,0.002067
0,-0.080687,0.089518,-0.045497,0.194225,-0.043881,0.233603,0.001408,0.001562
0,-0.019134,-0.003041,0.07452,-0.079366,0.097478,-0.129307,0.000334,5.3e-05
0,0.182487,-0.058205,0.228501,-0.053098,0.215145,-0.010177,0.003185,0.001016
0,0.155729,0.171042,-0.006175,0.220143,-0.04805,0.266699,0.002718,0.002985
0,0.150652,0.139557,0.013019,-0.05062,-0.006056,-0.008003,0.002629,0.002436
0,0.179611,0.178529,0.042825,0.041918,0.033549,-0.006133,0.003135,0.003116
0,0.146894,0.071441,-0.041781,-0.128602,-0.020597,-0.096211,0.002564,0.001247
0,0.097276,-0.090318,-0.058841,-0.132448,-0.048949,-0.172995,0.001698,0.001576
0,0.170187,0.170961,0.092691,0.233213,0.111165,0.2722,0.00297,0.002984
0,0.046365,0.052348,-0.107767,-0.106352,-0.124155,-0.095264,0.000809,0.000914
0,-0.014705,-0.020293,-0.076979,-0.084889,-0.035095,-0.090483,0.000257,0.000354
0,0.198088,0.14989,0.219658,0.199828,0.210221,0.151236,0.003457,0.002616
0,0.010179,0.210546,-0.208002,0.069029,-0.243047,0.024444,0.000178,0.003675
0,0.10202,0.204475,0.095403,0.015835,0.055396,0.061822,0.001781,0.003569
0,-0.009396,0.123522,-0.122515,-0.089334,-0.164274,-0.063349,0.000164,0.002156
0,-0.077861,0.165685,-0.076171,0.015514,-0.124687,0.027487,0.001359,0.002892
0,0.103216,0.197881,0.195325,0.014767,0.188385,0.026209,0.001801,0.003454
0,0.198199,0.014375,0.086243,-0.193316,0.113538,-0.203731,0.003459,0.000251
0,0.189091,0.060605,0.016142,0.027821,0.019774,0.050622,0.0033,0.001058
0,0.255509,-0.07153,0.084714,-0.12558,0.038518,-0.095925,0.003358,0.001248
0,-0.077776,0.069763,-0.308882,0.152347,-0.271685,0.192269,0.001357,0.001218
0,-0.058465,0.178567,0.02183,0.126436,0.069735,0.11683,0.00102,0.003117
0,-0.043138,0.191825,0.015427,0.004701,0.046293,0.029386,0.000753,0.003348
0,0.086475,0.130174,0.150417,-0.058085,0.131722,-0.106539,0.001509,0.002272
0,0.039028,0.065324,-0.064231,-0.050897,-0.094068,-0.055678,0.000681,0.00114
0,-0.025645,-0.003795,-0.048764,-0.039337,-0.081876,-0.070172,0.000448,6.6e-05
0,0.053097,0.041915,0.106206,0.074839,0.069798,0.105782,0.000927,0.000732
0,0.096557,-0.028455,0.056189,-0.041014,0.03206,-0.001034,0.001685,0.000497
0,0.233001,-0.154747,0.124225,-0.104649,0.125953,-0.09994,0.003751,0.002701
0,0.055868,0.002626,-0.157366,0.156043,-0.1471,0.126831,0.000975,4.6e-05
0,-0.020053,-0.041262,-0.094192,-0.033761,-0.047364,-0.037916,0.00035,0.00072
0,-0.038158,-0.056339,-0.025058,-0.02936,0.02138,-0.015562,0.000666,0.000983
0,0.20718,0.131004,0.225224,0.210926,0.231405,0.224962,0.003616,0.002286
0,0.199905,0.067302,-2.6e-05,-0.062564,-0.036898,-0.056561,0.003489,0.001175
0,0.021456,0.022938,-0.173114,-0.031861,-0.196714,-0.031815,0.000374,0.0004
0,0.153012,-0.110968,0.124931,-0.126743,0.107081,-0.132223,0.002671,0.001937
0,0.151231,-0.048914,-0.013155,0.043515,-0.029395,0.02711,0.002639,0.000854
0,0.024939,0.166868,-0.151104,0.22972,-0.121436,0.211464,0.000435,0.002912
0,0.015297,-0.043365,0.012952,-0.22417,0.010253,-0.222048,0.000267,0.000757
0,0.200625,0.09885,0.163821,0.11624,0.136817,0.085657,0.003502,0.001725
0,0.055995,-0.125936,-0.141749,-0.215845,-0.136875,-0.26382,0.000977,0.002198
0,0.144556,0.034477,0.113206,0.185814,0.06739,0.162168,0.002523,0.000602
0,-0.034208,0.122026,-0.168297,0.078133,-0.175212,0.061046,0.000597,0.00213
0,-0.069057,0.003449,-0.026988,-0.130078,-0.063697,-0.166691,0.001205,6e-05
0,0.044517,0.034239,0.139743,0.038966,0.135012,0.009317,0.000777,0.000598
0,-0.013007,0.147614,-0.06048,0.113323,-0.047639,0.161939,0.000227,0.002576
0,0.133275,0.124265,0.173292,-0.050049,0.185329,-0.007161,0.002326,0.002169
0,-0.067157,0.004727,-0.173458,-0.115436,-0.195132,-0.100925,0.001172,8.3e-05
0,-0.119281,-0.126382,-0.036286,-0.13218,0.008715,-0.088566,0.002082,0.002206
0,-0.021913,-0.033746,0.084121,0.091857,0.060144,0.064498,0.000382,0.000589
0,0.139136,0.08946,0.180785,0.151466,0.200311,0.182491,0.002428,0.001561
0,0.178054,0.207598,0.029166,0.093359,0.078854,0.111293,0.003108,0.003623
0,0.123309,0.118501,-0.050138,-0.073305,-0.007577,-0.108886,0.002152,0.002068
0,0.200124,-0.106683,0.069318,-0.209288,0.062992,-0.239079,0.003493,0.001862
0,-0.028816,-0.003373,-0.211521,0.090096,-0.243944,0.047897,0.000503,5.9e-05
0,0.134954,0.181042,0.183359,0.175523,0.230611,0.153836,0.002355,0.00316
0,-0.028799,0.094584,-0.152513,-0.079619,-0.151818,-0.116193,0.000503,0.001651
0,-0.021927,0.007135,0.014936,-0.110384,0.022544,-0.149995,0.000383,0.000125
0,0.069315,0.002357,0.110182,-0.034468,0.101873,0.001716,0.00121,4.1e-05
0,0.127137,-0.002152,0.080359,-0.027988,0.054128,-0.025305,0.002219,3.8e-05
0,0.200059,0.068448,0.076122,0.071229,0.108249,0.056105,0.003492,0.001195
0,0.204779,-0.064944,0.014142,-0.109417,0.044784,-0.130397,0.003574,0.001133
0,0.173795,-0.026726,-0.051663,0.049531,-0.089097,0.024467,0.003033,0.000466
0,0.028654,0.138835,-0.171454,0.176942,-0.170385,0.177286,0.0005,0.002423
0,0.281128,-0.135123,0.253481,-0.250308,0.20506,-0.254062,0.002911,0.002358
0,0.053194,0.123762,-0.200344,0.276071,-0.238826,0.249484,0.000928,0.00216
0,0.049401,-0.056826,-0.009608,-0.163969,-0.00927,-0.164976,0.000862,0.000992
0,0.066785,0.089715,0.042607,0.153415,0.044985,0.108668,0.001166,0.001566
0,0.245056,-0.138736,0.171374,-0.208407,0.153782,-0.16149,0.003541,0.002421
0,0.111418,0.127447,-0.114429,0.24299,-0.072465,0.275373,0.001945,0.002224
0,-0.005747,0.133987,-0.115226,0.01296,-0.117655,-0.027583,0.0001,0.002339
0,0.040013,-0.050359,0.063514,-0.176861,0.058996,-0.168255,0.000698,0.000879
0,0.037069,0.165862,0.017195,0.22468,-0.003726,0.266721,0.000647,0.002895
0,0.115926,-0.01488,0.069254,-0.178647,0.043823,-0.157354,0.002023,0.00026
0,0.033517,-0.101729,-0.06562,-0.095845,-0.109615,-0.091438,0.000585,0.001776
0,-0.123168,-0.12982,-0.183149,-0.044859,-0.177756,-0.031306,0.00215,0.002266
0,-0.10503,0.03866,0.014249,0.148583,-0.008353,0.146958,0.001833,0.000675
0,0.1225,-0.109218,0.240062,-0.122174,0.28676,-0.111044,0.002138,0.001906
0,0.097328,0.025642,-0.026611,0.112473,-0.037146,0.117941,0.001699,0.000448
0,-0.040056,0.110401,-0.108303,0.105822,-0.156079,0.079557,0.000699,0.001927
0,0.047433,-0.10381,0.083566,-0.193433,0.12362,-0.232627,0.000828,0.001812
0,-0.05234,0.056301,-0.095776,0.148504,-0.097235,0.156621,0.000914,0.000983
0,0.052332,0.016865,0.083035,-0.040876,0.046366,-0.065273,0.000913,0.000294
0,0.093729,-0.032695,0.052199,-0.034952,0.020593,0.004386,0.001636,0.000571
0,-0.06192,-0.009968,-0.133814,-0.005283,-0.160721,0.026098,0.001081,0.000174
0,-0.157705,-0.075529,-0.120566,-0.084237,-0.132157,-0.122621,0.002752,0.001318
0,0.041905,0.052092,0.204401,0.098703,0.217641,0.058916,0.000731,0.000909
0,0.068189,0.055555,0.042418,-0.014157,0.020622,-0.018207,0.00119,0.00097
0,-0.186683,0.02161,-0.279224,-0.02536,-0.291498,0.014085,0.003258,0.000377
0,-0.140318,-0.145906,0.017885,-0.151722,0.040812,-0.11566,0.002449,0.002547
0,-0.200034,-0.04429,-0.076881,0.126575,-0.077051,0.174332,0.003491,0.000773
0,0.028769,-0.032148,0.23058,0.022238,0.22048,0.033123,0.000502,0.000561
0,0.120143,-0.161364,0.072055,-0.154311,0.057271,-0.105751,0.002097,0.002816
0,0.045342,-0.074139,-0.083713,0.091319,-0.082192,0.088579,0.000791,0.001294
0,0.096906,-0.035463,0.070631,0.066601,0.106481,0.089078,0.001691,0.000619
0,-0.071748,0.097504,-0.161871,0.130414,-0.159047,0.080847,0.001252,0.001702
0,-0.17802,-0.023696,-0.093772,-0.103848,-0.122187,-0.082333,0.003107,0.000414
0,-0.081354,-0.03843,0.104408,-0.02991,0.092468,0.010339,0.00142,0.000671
0,-0.13631,0.004172,-0.07679,0.03878,-0.036786,0.007109,0.002379,7.3e-05
0,-0.146951,-0.054021,0.018315,-0.038908,0.007882,-0.04458,0.002565,0.000943
0,-0.124126,0.119127,0.035996,0.168257,0.004293,0.163506,0.002166,0.002079
0,0.108664,-0.004563,0.222009,-0.144542,0.173848,-0.130508,0.001897,8e-05
0,0.144877,-0.122893,0.025878,-0.104262,-0.016491,-0.105941,0.002529,0.002145
0,-0.076677,0.062616,-0.219425,0.175232,-0.26577,0.203295,0.001338,0.001093
0,0.100882,0.118938,0.18337,0.0848,0.193287,0.110666,0.001761,0.002076
0,0.090485,-0.095805,-0.006379,-0.216486,0.011487,-0.172471,0.001579,0.001672
0,-0.092038,0.106787,-0.157536,0.211034,-0.202086,0.18825,0.001606,0.001864
0,0.121497,0.037039,0.212327,-0.04287,0.218445,-0.081562,0.002121,0.000646
0,0.048093,0.096321,-0.054459,0.029943,-0.092956,0.027901,0.000839,0.001681
0,-0.124999,-0.156918,-0.193669,-0.266438,-0.18058,-0.230022,0.002182,0.002739
0,-0.180313,-0.030041,-0.074916,0.144358,-0.054648,0.189201,0.003147,0.000524
0,-0.004742,0.044001,0.18609,0.085483,0.229333,0.123966,8.3e-05,0.000768
0,0.064169,-0.040566,0.085669,-0.076562,0.053958,-0.102604,0.00112,0.000708
0,0.08935,0.039906,0.049453,0.059779,0.018351,0.078414,0.001559,0.000696
0,0.007763,-0.087413,-0.103804,-0.143113,-0.069496,-0.129796,0.000135,0.001526
0,0.087785,-0.068356,0.073246,0.000473,0.09842,0.000711,0.001532,0.001193
0,-0.080013,-0.026025,-0.177554,0.03829,-0.215622,-0.008751,0.001396,0.000454
0,-0.213879,-0.033552,-0.113793,-0.008402,-0.100617,0.007774,0.003733,0.000586
0,-0.036322,-0.02884,0.186018,0.030679,0.192082,-0.00662,0.000634,0.000503
0,-0.177689,-0.123995,-0.115108,-0.077395,-0.076142,-0.02826,0.003101,0.002164
0,-0.048878,-0.069723,0.130587,0.041374,0.101034,0.065683,0.000853,0.001217
0,-0.177011,0.031769,-0.124554,0.091142,-0.149249,0.060419,0.003089,0.000554
0,0.055203,-0.04771,0.222204,-0.063785,0.198015,-0.042795,0.000963,0.000833
0,0.000862,-0.065302,-0.07019,-0.017611,-0.047375,-0.034255,1.5e-05,0.00114
0,-0.120271,0.015555,-0.134485,0.079491,-0.141704,0.112128,0.002099,0.000271
0,0.101069,0.000237,0.232736,-0.042115,0.21056,-0.054813,0.001764,4e-06
0,0.108075,-0.024922,0.007342,-0.048076,0.016805,-0.0029,0.001886,0.000435
0,0.143689,0.08832,0.021435,0.126409,0.064853,0.088109,0.002508,0.001541
0,-0.049098,-0.174224,-0.19395,-0.265353,-0.189371,-0.242944,0.000857,0.003041
0,0.133029,-0.08578,0.153657,0.068422,0.196913,0.026766,0.002322,0.001497
0,0.041136,-0.133305,-0.089839,-0.039835,-0.065611,0.002107,0.000718,0.002327
0,0.017636,0.021025,-0.045872,0.14314,-0.07114,0.102942,0.000308,0.000367
0,0.045319,-0.152934,0.007294,-0.161059,-0.007383,-0.17174,0.000791,0.002669
0,-0.09383,0.104952,-0.132342,0.279552,-0.115088,0.289835,0.001638,0.001832
0,-0.1515,0.054414,-0.056434,-0.045277,-0.007998,-0.072192,0.002644,0.00095
0,-0.173119,0.038831,-0.033826,-0.031624,0.00262,-0.060714,0.003021,0.000678
0,-0.195404,-0.1311,-0.006786,-0.176128,-0.035179,-0.156591,0.00341,0.002288
0,0.036165,0.11356,0.241496,0.225602,0.272971,0.245926,0.000631,0.001982
0,-0.069893,-0.041782,-0.128733,-0.131034,-0.15819,-0.087524,0.00122,0.000729
0,-0.061626,-0.053268,0.011443,-0.005038,0.059766,0.042738,0.001076,0.00093
0,-0.024499,-0.044465,0.062903,0.002842,0.047974,0.008907,0.000428,0.000776
0,-0.038223,0.007926,-0.010492,0.063824,0.022626,0.041702,0.000667,0.000138
0,-0.110184,0.042242,-0.046156,0.026948,-0.069493,0.07195,0.001923,0.000737
0,-0.166954,-0.089507,-0.070359,-0.13277,-0.031722,-0.120587,0.002914,0.001562
0,0.072726,-0.008033,0.262405,0.103379,0.234831,0.093145,0.001269,0.00014
0,-0.205288,-0.03349,-0.288718,-0.039447,-0.272542,-0.083572,0.003583,0.000585
0,-0.067891,0.081345,0.112625,0.144123,0.150532,0.128952,0.001185,0.00142
0,0.114653,0.189609,0.190285,0.103906,0.239344,0.056344,0.002001,0.003309
0,-1.871222,1.180843,-1.990104,1.015217,-1.960698,0.981614,0.001387,0.002844
0,-4.716569,1.396025,-2.842788,0.216567,-2.823146,0.249151,0.003677,0.000912
0,-5.527533,2.072185,-0.824652,0.673636,-0.787262,0.666226,0.002659,0.002923
0,-4.957056,1.89127,0.572399,-0.170546,0.531745,-0.168962,0.00052,0.001737
0,-4.250943,1.438267,0.688912,-0.455651,0.707182,-0.439789,0.003832,0.001649
0,-3.741131,1.135752,0.533638,-0.296805,0.568754,-0.344185,0.002752,0.003631
0,-2.843881,0.833584,0.871919,-0.313246,0.904666,-0.305756,0.002728,0.001087
0,-1.985993,0.334965,0.866106,-0.469198,0.904592,-0.490587,0.003391,0.001972
0,-1.143555,0.181849,0.839552,-0.132259,0.859989,-0.11832,0.003495,0.003174
0,-0.753334,0.044757,0.403858,-0.133694,0.43373,-0.181567,0.002488,0.000781
0,0.10372,-0.058595,0.882579,-0.113107,0.866537,-0.111635,0.00181,0.001023
0,0.238672,-0.215466,0.138265,-0.142684,0.11095,-0.135685,0.003652,0.003761
0,0.446266,-0.090851,0.201448,0.141813,0.156837,0.134601,2.9e-05,0.001586
0,0.29908,-0.103455,-0.174986,0.009628,-0.159907,0.038077,0.002598,0.001806
0,0.510781,-0.215777,0.189811,-0.09153,0.178571,-0.098778,0.001097,0.003766
0,0.375075,-0.056873,-0.143575,0.138752,-0.162948,0.121928,0.001272,0.000993
0,0.197939,-0.11711,-0.177503,-0.047596,-0.127997,-0.047723,0.003455,0.002044
0,0.265039,0.015582,0.050357,0.106187,0.097658,0.133553,0.003192,0.000272
0,0.141015,-0.150269,-0.097432,-0.136022,-0.073808,-0.171022,0.002461,0.002623
0,0.062633,-0.249973,-0.057445,-0.125908,-0.021946,-0.105659,0.001093,0.003455
0,0.075674,0.027308,0.040982,0.274432,0.05409,0.294052,0.001321,0.000477
0,-0.061188,0.086437,-0.15124,0.085449,-0.188533,0.085736,0.001068,0.001509
0,0.112374,0.052951,0.19576,-0.043875,0.2441,-0.027413,0.001961,0.000924
0,-0.004849,-0.096515,-0.113676,-0.161404,-0.109477,-0.169897,8.5e-05,0.001684
0,-0.002897,0.000494,0.007729,0.091464,0.021232,0.139302,5.1e-05,9e-06
0,0.014286,-0.170268,0.008934,-0.179686,0.051285,-0.159799,0.000249,0.002972
0,-0.041522,-0.099287,-0.071768,0.097268,-0.05824,0.06419,0.000725,0.001733
0,0.017257,-0.032856,0.080473,0.089104,0.067225,0.084274,0.000301,0.000573
0,0.035434,-0.122125,0.019862,-0.102165,-0.017159,-0.056453,0.000618,0.002131
0,-0.057308,0.058676,-0.098773,0.174157,-0.121181,0.14372,0.001,0.001024
0,-0.042996,-0.021701,-0.004268,-0.102067,-0.032871,-0.105085,0.00075,0.000379
0,-0.088748,0.041323,-0.059768,0.052321,-0.031755,0.075642,0.001549,0.000721
0,0.064206,0.101493,0.125904,0.08711,0.139119,0.080998,0.001121,0.001771
0,-0.028248,-0.160045,-0.076218,-0.286851,-0.086555,-0.316803,0.000493,0.002793
0,-0.052469,-0.037207,-0.005604,0.098988,0.037923,0.128007,0.000916,0.000649
0,-0.085829,-0.041588,-0.030937,0.018792,-0.027693,0.004412,0.001498,0.000726
0,0.092726,-0.110728,0.205049,-0.058629,0.175184,-0.061433,0.001618,0.001933
0,-0.010417,0.029356,-0.08237,0.124752,-0.085216,0.096315,0.000182,0.000512
0,-0.032911,0.072975,-0.028798,0.017713,-0.053021,-0.004094,0.000574,0.001274
0,-0.164652,0.120879,-0.151703,0.065975,-0.175391,0.053616,0.002874,0.00211
0,0.001883,0.06806,0.138717,-0.038837,0.184215,-0.032254,3.3e-05,0.001188
0,0.123657,-0.040519,0.148808,-0.119011,0.115042,-0.120821,0.002158,0.000707
0,-0.068596,0.093604,-0.194794,0.106159,-0.195195,0.154234,0.001197,0.001634
0,-0.051691,-0.072796,0.039534,-0.179292,0.082461,-0.198778,0.000902,0.001271
0,0.152662,-0.019775,0.224576,0.049978,0.224291,0.008966,0.002664,0.000345
0,0.111333,-0.079075,-0.026294,-0.075625,0.007819,-0.056039,0.001943,0.00138
0,0.01588,0.103066,-0.123399,0.187647,-0.145247,0.212761,0.000277,0.001799
0,0.004532,-0.112294,0.017009,-0.209575,-0.004939,-0.20719,7.9e-05,0.00196
0,0.173922,0.07442,0.160289,0.181231,0.178456,0.153943,0.003036,0.001299
0,0.089451,-0.116332,-0.091326,-0.162996,-0.113407,-0.126905,0.001561,0.00203
0,0.10634,0.061416,0.042772,0.181884,0.009731,0.136023,0.001856,0.001072
0,-0.139082,0.106493,-0.256008,0.066878,-0.244725,0.051408,0.002427,0.001859
0,-0.065736,0.05405,0.052679,-0.064539,0.072288,-0.1026,0.001147,0.000943
0,0.066948,-0.067848,0.159057,-0.104781,0.208636,-0.072026,0.001168,0.001184
0,0.132682,0.058585,0.07898,0.132481,0.105346,0.109766,0.002316,0.001023
0,-0.032832,-0.11055,-0.150695,-0.1939,-0.157828,-0.214174,0.000573,0.001929
0,0.172646,0.020507,0.206345,0.134644,0.161303,0.177047,0.003013,0.000358
0,-0.029648,-0.069596,-0.220211,-0.114553,-0.216613,-0.139754,0.000517,0.001215
0,-0.040976,-0.087196,-0.032497,-0.023977,-0.043372,-0.004049,0.000715,0.001522
0,0.08261,-0.012711,0.151047,0.081158,0.200708,0.054371,0.001442,0.000222
0,-0.032652,0.141072,-0.106499,0.180711,-0.146351,0.19287,0.00057,0.002462
0,0.15827,-0.146935,0.209328,-0.281536,0.243051,-0.248518,0.002762,0.002565
0,0.002713,0.08959,-0.13521,0.223461,-0.131767,0.190317,4.7e-05,0.001564
0,0.116616,-0.054132,0.104593,-0.160573,0.055474,-0.137454,0.002035,0.000945
0,-0.037043,-0.065444,-0.159032,-0.001382,-0.159469,0.040993,0.000647,0.001142
0,-0.062105,-0.043483,-0.021367,0.017606,0.006481,-0.026069,0.001084,0.000759
0,0.008103,-0.036546,0.078538,0.002039,0.120343,-0.039774,0.000141,0.000638
0,0.202703,-0.021374,0.218887,0.022387,0.242965,0.028096,0.003538,0.000373
0,-0.03622,-0.145522,-0.265495,-0.116228,-0.230767,-0.119851,0.000632,0.00254
0,0.007756,-0.024197,0.047657,0.102928,0.016752,0.081295,0.000135,0.000422
0,-0.072627,-0.048672,-0.074599,-0.006134,-0.120818,-0.019441,0.001268,0.000849
0,0.154615,-0.102838,0.234099,-0.024522,0.278581,0.001283,0.002699,0.001795
0,-0.001892,0.082758,-0.175807,0.179836,-0.176205,0.155283,3.3e-05,0.001444
0,-0.052799,-0.189663,-0.078056,-0.265106,-0.072351,-0.280267,0.000922,0.00331
0,0.12322,-0.118554,0.194293,0.059919,0.173823,0.044327,0.002151,0.002069
0,0.082618,0.000193,-0.011228,0.09038,-0.055915,0.098245,0.001442,3e-06
0,0.109161,-0.129344,-0.002493,-0.131,0.007257,-0.159011,0.001905,0.002257
0,0.05551,-0.012965,-0.053504,0.115337,-0.080565,0.164242,0.000969,0.000226
0,-0.093483,0.048357,-0.141622,0.090081,-0.171321,0.109307,0.001632,0.000844
0,-0.071448,0.109365,0.012111,0.036644,0.014055,0.063076,0.001247,0.001909
0,-0.149579,-0.036412,-0.1027,-0.140547,-0.145583,-0.130753,0.002611,0.000636
0,-0.16771,0.015652,-0.005483,0.0642,-0.050384,0.087373,0.002927,0.000273
0,-0.112321,-0.039287,0.037581,-0.06522,0.049158,-0.063634,0.00196,0.000686
0,-0.169049,0.096822,-0.074394,0.138973,-0.053817,0.096493,0.00295,0.00169
0,-0.105083,0.126602,0.086154,0.007671,0.113926,-0.02418,0.001834,0.00221
0,0.047444,-0.052381,0.130756,-0.179754,0.128404,-0.147111,0.000828,0.000914
0,-0.13857,0.00833,-0.178497,0.046162,-0.152161,0.013644,0.002419,0.000145
0,-0.166021,-0.02771,-0.010934,-0.065489,-0.005539,-0.086459,0.002898,0.000484
0,-0.127045,-0.038265,0.030663,-0.024874,0.011719,0.020048,0.002217,0.000668
0,-0.104151,0.097304,0.031928,0.150923,0.020541,0.169352,0.001818,0.001698
0,0.002302,0.201022,0.111392,0.116505,0.147172,0.091453,4e-05,0.003509
0,-0.022243,0.148955,-0.029777,-0.070008,-0.071632,-0.11892,0.000388,0.0026
0,-0.143782,0.00344,-0.09663,-0.125994,-0.097284,-0.169493,0.002509,6e-05
0,-0.067063,0.180167,0.07801,0.184556,0.094796,0.142744,0.00117,0.003145
0,-0.027715,-0.049948,0.018483,-0.237465,0.044176,-0.238891,0.000484,0.000872
0,0.06831,-0.061278,0.086181,-0.035151,0.040409,-0.037797,0.001192,0.00107
0,-0.102828,0.133756,-0.1465,0.206164,-0.12469,0.236099,0.001795,0.002334
0,0.025345,0.001987,0.118919,-0.126275,0.135468,-0.124693,0.000442,3.5e-05
0,0.031966,0.19423,0.014867,0.178476,0.052418,0.215916,0.000558,0.00339
0,0.200621,0.147648,0.190847,-0.040888,0.162907,-0.061236,0.003501,0.002577
0,0.017278,-0.046446,-0.15991,-0.169167,-0.134107,-0.164912,0.000302,0.000811
0,0.196244,0.237431,0.189684,0.274487,0.186308,0.227512,0.003425,0.003674
0,0.018046,0.190219,-0.161312,-0.066121,-0.182545,-0.021802,0.000315,0.00332
0,0.219289,0.144737,0.173728,-0.060403,0.129409,-0.102816,0.003827,0.002526
0,0.0514,-0.056831,-0.142767,-0.177561,-0.117962,-0.133845,0.000897,0.000992
0,0.141473,0.130486,0.067871,0.20769,0.048133,0.232667,0.002469,0.002277
0,0.131015,0.113391,-0.034482,-0.028784,-0.014314,-0.030797,0.002287,0.001979
0,0.101324,-0.017346,-0.053484,-0.140981,-0.019786,-0.132079,0.001768,0.000303
0,0.295454,-0.047037,0.215877,-0.000508,0.245076,-0.031374,0.002661,0.000821
0,0.101688,0.138806,-0.196096,0.161844,-0.233571,0.165886,0.001775,0.002423
0,0.114624,0.17935,0.020525,0.056626,-0.012817,0.014154,0.002001,0.00313
0,0.178387,0.055971,0.080476,-0.12748,0.110425,-0.077504,0.003113,0.000977
0,0.203024,0.129084,0.052898,0.058971,0.023185,0.033343,0.003543,0.002253
0,0.131924,0.108969,-0.084763,0.004532,-0.131141,-0.01838,0.002303,0.001902
0,0.213446,-0.05243,0.085039,-0.141716,0.123788,-0.135377,0.003725,0.000915
0,0.002554,0.064962,-0.23659,0.124987,-0.217277,0.133034,4.5e-05,0.001134
0,-0.02257,0.103852,-0.015579,0.020766,0.007565,0.063488,0.000394,0.001813
0,0.042318,-0.01434,0.060517,-0.147049,0.052501,-0.172904,0.000739,0.00025
0,-0.032068,-0.043133,-0.086225,-0.04834,-0.071737,-0.053847,0.00056,0.000753
0,0.073728,0.000455,0.12668,0.019743,0.108383,0.043719,0.001287,8e-06
0,0.031231,0.067262,-0.033483,0.089047,-0.033504,0.082576,0.000545,0.001174
0,-0.009358,0.118335,-0.047371,0.077263,-0.004422,0.073666,0.000163,0.002065
0,0.083584,0.190247,0.080546,0.097644,0.114892,0.114041,0.001459,0.00332
0,0.042716,0.044141,-0.031022,-0.172683,-0.016084,-0.132724,0.000746,0.00077
0,0.211555,0.232686,0.151909,0.209814,0.191697,0.246521,0.003692,0.003757
0,-0.016002,0.247255,-0.22668,0.015603,-0.261741,0.063073,0.000279,0.003502
0,0.22806,0.207434,0.260904,-0.057935,0.28157,-0.039925,0.003837,0.00362
0,0.147717,0.245094,-0.051241,0.024389,-0.025686,0.008927,0.002578,0.00354
0,-0.075911,-0.009404,-0.227876,-0.255592,-0.193534,-0.252354,0.001325,0.000164
0,-0.105316,-0.007818,-0.058099,-0.022232,-0.102266,-0.050986,0.001838,0.000136
0,0.086097,0.189206,0.198088,0.180846,0.160863,0.162073,0.001503,0.003302
0,0.020527,0.146466,-0.051205,-0.048561,-0.047846,-0.030062,0.000358,0.002556
0,-0.162622,0.017519,-0.185962,-0.153242,-0.219325,-0.160851,0.002838,0.000306
0,-0.09804,0.017544,0.043786,-0.003367,0.088167,-0.022138,0.001711,0.000306
0,-0.101603,0.032462,0.001247,0.035576,0.005451,0.028706,0.001773,0.000567
0,-0.179593,0.02153,-0.09827,-0.035972,-0.111068,-0.075334,0.003134,0.000376
0,-0.129816,0.267718,0.03966,0.224494,0.018179,0.241888,0.002266,0.003145
0,0.013922,0.129507,0.151922,-0.109755,0.107544,-0.07184,0.000243,0.00226
0,-0.202755,0.17312,-0.197125,0.022031,-0.193272,0.006906,0.003539,0.003022
0,-0.165257,0.133129,0.03086,-0.041972,0.009486,-0.007508,0.002884,0.002324
0,-0.057146,0.058568,0.124068,-0.06639,0.156641,-0.020116,0.000997,0.001022
0,-0.065344,0.202805,-0.009312,0.123994,-0.016693,0.146122,0.00114,0.00354
0,-0.172551,0.326963,-0.112732,0.100703,-0.095082,0.104555,0.003012,0.002111
0,-0.083464,0.278604,0.076419,-0.061473,0.031149,-0.015715,0.001457,0.002955
0,-0.062383,0.066152,0.028902,-0.201681,0.023684,-0.193827,0.001089,0.001155
0,-0.005799,0.004778,0.027082,-0.081601,0.0548,-0.061511,0.000101,8.3e-05
0,-0.173156,0.068169,-0.167848,0.048209,-0.214118,0.032775,0.003022,0.00119
0,-0.26036,0.020267,-0.10302,-0.069306,-0.087831,-0.108576,0.003274,0.000354
0,-0.257655,0.048036,0.005625,0.044623,0.002441,0.021005,0.003321,0.000838
0,-0.207825,0.020505,0.04341,-0.011843,0.008628,-0.031651,0.003627,0.000358
0,-1.115359,0.810669,-0.925729,0.810303,-0.914635,0.804376,0.003831,0.001487
0,-2.078333,1.444989,-0.953166,0.606175,-0.988378,0.565908,0.002816,0.001766
0,-3.222559,1.575417,-1.155767,0.121055,-1.173389,0.134695,0.001519,0.003775
0,-2.521057,1.502426,0.694536,-0.049677,0.688713,-0.051868,0.002907,0.002769
0,-2.037558,1.469464,0.496271,-0.00391,0.451055,0.036778,0.003527,0.002193
0,-1.667146,1.264406,0.34377,-0.224217,0.38069,-0.176402,0.002174,0.001386
0,-1.09766,0.971809,0.552452,-0.28944,0.559511,-0.312372,0.003522,0.001326
0,-0.804141,0.707299,0.268431,-0.238592,0.286751,-0.259174,0.001601,0.003291
0,-0.63079,0.452626,0.160957,-0.226516,0.168082,-0.193652,0.003191,8.2e-05
0,-0.237111,0.154871,0.419796,-0.324198,0.440547,-0.35236,0.00368,0.002703
0,-0.329749,0.211202,-0.072317,0.052128,-0.03053,0.033168,0.002063,0.003686
0,-0.03296,0.019291,0.305708,-0.184708,0.352149,-0.154729,0.000575,0.000337
0,-0.057104,-0.083602,-0.036875,-0.076991,-0.054233,-0.112893,0.000997,0.001459
0,0.020376,-0.178673,0.0896,-0.091291,0.095141,-0.092614,0.000356,0.003118
0,-0.030169,-0.105857,-0.039461,0.078848,0.00776,0.120916,0.000527,0.001848
0,0.195174,-0.023054,0.205092,0.075434,0.236785,0.102804,0.003406,0.000402
0,0.280052,-0.20953,0.061004,-0.169896,0.059364,-0.131923,0.00293,0.003657
0,0.209726,-0.072432,-0.075195,0.131569,-0.062218,0.160633,0.00366,0.001264
0,0.20973,-0.076698,-0.007182,0.00346,-0.0237,0.049682,0.00366,0.001339
0,0.262555,0.014589,0.060596,0.116704,0.039512,0.09435,0.003235,0.000255
0,0.069251,-0.124089,-0.173889,-0.127438,-0.148047,-0.097397,0.001209,0.002166
0,0.205613,-0.146863,0.132697,-0.025589,0.161668,-0.073638,0.003589,0.002563
0,0.09703,-0.044298,-0.098763,0.091757,-0.081812,0.118757,0.001693,0.000773
0,0.117931,-0.07733,-0.003255,-0.019932,-0.046017,0.019869,0.002058,0.00135
0,0.125208,-0.058484,0.005865,0.028315,-0.02666,-0.006806,0.002185,0.001021
0,0.117611,-0.13369,0.018911,-0.074485,0.005946,-0.116279,0.002053,0.002333
0,-0.14775,-0.239679,-0.248576,-0.102371,-0.249693,-0.148296,0.002579,0.003635
0,0.006046,-0.150512,0.147691,0.07779,0.139038,0.126417,0.000106,0.002627
0,0.009484,-0.124197,0.001356,0.021329,-0.035568,0.034075,0.000166,0.002168
0,-0.134898,0.013557,-0.166217,0.144888,-0.147007,0.11804,0.002354,0.000237
0,-0.082995,-0.137132,0.05007,-0.14563,0.038644,-0.119841,0.001449,0.002393
0,-0.186076,-0.18984,-0.115807,-0.05489,-0.109215,-0.092949,0.003248,0.003313
0,-0.151375,-0.037615,0.034489,0.179768,-0.007495,0.149546,0.002642,0.000657
0,-0.081478,0.022395,0.064486,0.086006,0.09174,0.081685,0.001422,0.000391
0,-0.147403,0.044307,-0.073482,0.024261,-0.099227,0.058316,0.002573,0.000773
0,0.070608,-0.153961,0.237274,-0.204045,0.282971,-0.161181,0.001232,0.002687
0,0.047417,-0.225671,-0.037156,-0.055731,-0.030547,-0.01142,0.000828,0.003879
0,-0.018718,0.016524,-0.077012,0.268955,-0.105688,0.263253,0.000327,0.000288
0,-0.035717,0.007812,-0.0372,-0.008703,-0.065682,0.006796,0.000623,0.000136
0,0.086112,-0.20325,0.121379,-0.213557,0.079702,-0.187741,0.001503,0.003547
0,-0.067032,-0.037765,-0.131021,0.183647,-0.137646,0.211326,0.00117,0.000659
0,-0.079846,-0.086803,0.003953,-0.048741,-0.00687,-0.076108,0.001394,0.001515
0,0.074507,-0.188803,0.131787,-0.125556,0.082454,-0.173826,0.0013,0.003295
0,-0.101454,-0.003738,-0.168585,0.176112,-0.189176,0.126667,0.001771,6.5e-05
0,-0.109182,0.030405,-0.000442,0.019623,0.009617,0.018168,0.001906,0.000531
0,0.038873,-0.147827,0.154926,-0.165246,0.148957,-0.137243,0.000678,0.00258
0,0.129667,-0.090891,0.075271,0.048118,0.052331,0.011798,0.002263,0.001586
0,0.024145,-0.115157,-0.089318,-0.041472,-0.04617,-0.073728,0.000421,0.00201
0,0.12552,0.010013,0.089383,0.141007,0.11667,0.132109,0.002191,0.000175
0,-0.054914,-0.073384,-0.158832,-0.090078,-0.177854,-0.054781,0.000958,0.001281
0,0.042117,0.091987,0.083959,0.176777,0.091387,0.167528,0.000735,0.001605
0,-0.147525,-0.031277,-0.21751,-0.116998,-0.177825,-0.150123,0.002575,0.000546
0,0.056853,0.07712,0.176835,0.082728,0.173074,0.105796,0.000992,0.001346
0,0.052416,-0.106863,-0.029802,-0.212355,-0.041044,-0.183813,0.000915,0.001865
0,-0.072674,0.070511,-0.136506,0.200238,-0.184364,0.150747,0.001268,0.001231
0,0.010414,-0.116482,0.053654,-0.205415,0.05324,-0.192328,0.000182,0.002033
0,0.177878,0.019479,0.157601,0.107551,0.186231,0.14011,0.003105,0.00034
0,0.241734,-0.11313,0.041551,-0.12739,0.015833,-0.160069,0.003599,0.001974
0,0.003259,0.002885,-0.210622,0.092548,-0.2203,0.085749,5.7e-05,5e-05
0,-0.075073,0.051317,-0.058113,0.038183,-0.022915,0.022075,0.00131,0.000896
0,0.030349,0.160892,0.09215,0.081946,0.052749,0.101322,0.00053,0.002808
0,0.075165,0.014822,0.026994,-0.155479,0.005105,-0.170781,0.001312,0.000259
0,0.2267,-0.105098,0.170623,-0.138581,0.147987,-0.094279,0.003861,0.001834
0,0.135518,0.101591,-0.094407,0.205298,-0.102944,0.230717,0.002365,0.001773
0,0.100906,0.073603,-0.050986,-0.035979,-0.005502,-0.085694,0.001761,0.001285
0,0.182835,-0.15056,0.070147,-0.205067,0.106771,-0.195179,0.003191,0.002628
0,0.146543,-0.020937,-0.011242,0.126888,-0.051425,0.173362,0.002558,0.000365
0,0.304074,0.105253,0.178667,0.154759,0.159868,0.147782,0.002511,0.001837
0,0.272538,-0.132304,-0.009217,-0.221881,-0.002638,-0.262522,0.003061,0.002309
0,0.070602,-0.067819,-0.194635,0.064429,-0.242921,0.060681,0.001232,0.001184
0,0.23269,-0.001285,0.138888,0.095952,0.177691,0.131943,0.003757,2.2e-05
0,0.237024,0.065191,0.020658,0.051945,-0.025953,0.063671,0.003681,0.001138
0,0.133,0.067174,-0.121398,0.027956,-0.078157,-0.007967,0.002321,0.001172
0,0.249584,0.059655,0.120565,-0.03582,0.153814,0.000888,0.003462,0.001041
0,0.102149,-0.147345,-0.124167,-0.184667,-0.121115,-0.209902,0.001783,0.002572
0,0.08023,-0.074787,-0.007436,0.098335,-0.013713,0.065045,0.0014,0.001305
0,0.248802,0.06212,0.156965,0.156393,0.117015,0.147549,0.003475,0.001084
0,0.154007,-0.102194,-0.081234,-0.159695,-0.035423,-0.112695,0.002688,0.001784
0,-0.057749,-0.003455,-0.202664,0.119846,-0.168328,0.071734,0.001008,6e-05
0,0.031115,0.040793,0.072975,0.027856,0.03682,0.020721,0.000543,0.000712
0,0.142153,-0.00418,0.134862,-0.018692,0.184636,-0.007657,0.002481,7.3e-05
0,-0.108201,-0.176615,-0.237717,-0.191916,-0.274655,-0.22299,0.001888,0.003083
0,0.003072,0.028463,0.130556,0.189763,0.12795,0.148565,5.4e-05,0.000497
0,0.037539,-0.069512,0.043171,-0.092505,0.060286,-0.073784,0.000655,0.001213
0,0.100614,-0.093441,0.03902,-0.042575,0.082448,-0.078441,0.001756,0.001631
0,-0.05993,-0.083371,-0.177583,0.028788,-0.193145,-0.020856,0.001046,0.001455
0,0.108188,-0.098892,0.184435,0.001803,0.22976,-0.041696,0.001888,0.001726
0,0.063091,0.040429,-0.044136,0.140119,-0.088786,0.162594,0.001101,0.000706
0,0.035039,-0.040661,-0.043449,-0.059184,-0.043127,-0.092133,0.000612,0.00071
0,-0.03746,-0.018433,-0.069142,0.028372,-0.037274,0.072667,0.000654,0.000322
0,0.062878,-0.042272,0.083566,-0.032234,0.046752,-0.067761,0.001097,0.000738
0,-0.14324,0.082623,-0.224643,0.153143,-0.227657,0.124242,0.0025,0.001442
0,-0.182826,0.123403,-0.062684,0.059085,-0.054158,0.010516,0.003191,0.002154
0,-0.093979,0.118555,0.116479,-0.010739,0.068649,-0.058527,0.00164,0.002069
0,-0.105776,0.033008,0.002704,-0.097944,-0.00268,-0.133995,0.001846,0.000576
0,-0.004686,-0.11886,0.086012,-0.132166,0.069883,-0.090515,8.2e-05,0.002075
0,0.008946,-0.107033,0.042655,0.040436,0.085245,0.076439,0.000156,0.001868
0,-0.056929,0.146842,-0.075173,0.235975,-0.096219,0.200314,0.000994,0.002563
0,-0.085592,0.004437,-0.003931,-0.163662,-0.013345,-0.142532,0.001494,7.7e-05
0,-0.094273,0.017214,0.002034,0.015501,0.022375,0.034456,0.001645,0.0003
0,-0.035207,-0.049161,0.0325,-0.084893,0.061638,-0.130555,0.000614,0.000858
0,-0.057085,0.002833,-0.038335,0.065939,-0.084465,0.10746,0.000996,4.9e-05
0,-0.122551,0.074864,-0.069471,0.068873,-0.068472,0.032168,0.002139,0.001307
0,-0.133569,0.121277,-0.034141,0.023465,-0.079687,-0.002612,0.002331,0.002117
0,-0.119001,0.060515,0.028254,-0.07602,0.000818,-0.116728,0.002077,0.001056
0,-0.111086,-0.139157,0.035471,-0.192923,0.059377,-0.158706,0.001939,0.002429
0,0.11507,0.158819,0.225571,0.325772,0.25694,0.321208,0.002008,0.002772
0,0.110855,0.019322,0.01366,-0.139489,-0.002515,-0.134083,0.001935,0.000337
0,0.683719,0.696243,0.545897,0.694597,0.513427,0.725076,0.003703,0.003484
0,1.968332,1.633037,1.291699,0.941241,1.313499,0.959122,0.003082,0.00277
0,1.997165,1.854854,0.056753,0.199878,0.077914,0.207918,0.003586,0.001102
0,1.992042,2.05617,0.00078,0.205283,-0.029272,0.222621,0.003496,0.003202
0,1.749833,1.700451,-0.21406,-0.353248,-0.185794,-0.381275,0.000731,0.001593
0,1.438703,1.437152,-0.30058,-0.243592,-0.304577,-0.218785,0.001656,0.001629
0,1.025165,0.700086,-0.416544,-0.713513,-0.421854,-0.691097,0.002257,0.003417
0,0.870073,0.396873,-0.140159,-0.277878,-0.121177,-0.315975,0.00045,0.000891
0,0.559426,-0.053246,-0.302034,-0.443614,-0.299033,-0.487508,0.001946,0.000929
0,0.367827,-0.098619,-0.205871,-0.052555,-0.247527,-0.005384,0.001398,0.001721
0,-0.873527,0.510957,-1.224824,0.607593,-1.271858,0.582122,0.00039,0.0011
0,-0.901921,0.701557,-0.055548,0.178756,-0.013473,0.174671,0.000106,0.003391
0,-1.341755,0.745136,-0.415856,0.071283,-0.37588,0.074553,3.6e-05,0.002631
0,-1.798955,0.785784,-0.47771,0.0686,-0.454178,0.050042,0.000126,0.001921
0,-1.437381,0.600403,0.331979,-0.180593,0.37977,-0.15953,0.001633,0.002661
0,-1.485578,0.635676,-0.07073,0.01802,-0.093369,-0.030603,0.002475,0.003277
0,-0.964818,0.474648,0.534931,-0.177034,0.527156,-0.209795,0.001203,0.000466
0,-0.934952,0.438761,0.026714,-0.012627,0.045247,0.012219,0.000682,0.00016
0,-0.567141,0.120599,0.387893,-0.290664,0.418385,-0.306295,0.002081,0.002105
0,-0.257002,0.21613,0.292992,0.120451,0.302854,0.095429,0.003332,0.003772
0,-0.241803,0.187537,0.030912,-0.05502,0.029964,-0.049003,0.003598,0.003273
0,-0.058052,0.149405,0.194756,-0.058318,0.151571,-0.097243,0.001013,0.002608
0,-0.062976,0.0534,0.015229,-0.113638,0.018307,-0.114648,0.001099,0.000932
0,0.0003,0.028299,0.035593,0.0004,0.057045,-0.012898,5e-06,0.000494
0,0.219389,0.04988,0.19212,-0.000622,0.162564,-0.006826,0.003829,0.000871
0,0.241114,-0.11146,0.010114,-0.173703,0.011819,-0.130976,0.00361,0.001945
0,0.079419,0.119927,-0.177584,0.227614,-0.209768,0.268201,0.001386,0.002093
0,0.090199,-0.133549,-0.01824,-0.252538,0.008141,-0.251475,0.001574,0.002331
0,-0.035884,0.080293,-0.133689,0.208296,-0.16632,0.191907,0.000626,0.001401
0,0.020063,0.038105,0.05922,-0.015132,0.041959,0.009873,0.00035,0.000665
0,0.138061,0.063464,0.101977,0.007348,0.135521,-0.006069,0.00241,0.001108
0,0.144321,-0.07349,0.032975,-0.133169,0.061859,-0.116219,0.002519,0.001283
0,0.261081,-0.05417,0.145742,0.015271,0.154204,-0.030002,0.003261,0.000945
0,0.063458,-0.0336,-0.224951,0.012615,-0.24801,-0.033539,0.001108,0.000586
0,0.047894,-0.060904,-0.040195,-0.04976,-0.084446,-0.034477,0.000836,0.001063
0,0.129017,0.093827,0.064324,0.183107,0.081514,0.174596,0.002252,0.001638
0,0.22316,0.06877,0.072139,-0.00302,0.116485,-0.010928,0.003895,0.0012
0,-0.005069,0.107164,-0.252217,0.054588,-0.258241,0.028877,8.8e-05,0.00187
0,0.109485,-0.087112,0.133478,-0.200215,0.122777,-0.238088,0.001911,0.00152
0,-0.111533,0.122199,-0.191753,0.21533,-0.182803,0.176751,0.001947,0.002133
0,0.165975,-0.109126,0.248427,-0.241155,0.21973,-0.195625,0.002897,0.001905
0,-0.009508,0.02848,-0.201424,0.11735,-0.164241,0.105946,0.000166,0.000497
0,-0.081259,0.106804,-0.094381,0.059801,-0.062857,0.02535,0.001418,0.001864
0,-0.089696,-0.177043,0.002068,-0.297035,0.021614,-0.336304,0.001565,0.00309
0,-0.115513,0.115281,-0.049296,0.290217,-0.072666,0.276461,0.002016,0.002012
0,-0.021297,0.104562,0.11785,0.008425,0.079279,0.009833,0.000372,0.001825
0,0.110523,0.096686,0.123034,-0.006466,0.085551,0.014056,0.001929,0.001687
0,0.01768,-0.020098,-0.080646,-0.127548,-0.116325,-0.099125,0.000309,0.000351
0,0.079377,0.040518,0.045273,0.037955,0.061292,0.024571,0.001385,0.000707
0,-0.003588,-0.117442,-0.058196,-0.153516,-0.07537,-0.108684,6.3e-05,0.00205
0,0.010669,0.067999,-0.000787,0.169412,0.048304,0.181366,0.000186,0.001187
0,0.101046,-0.028496,0.067724,-0.109203,0.093819,-0.095739,0.001764,0.000497
0,0.154057,-0.169364,0.048804,-0.136422,0.088853,-0.099743,0.002689,0.002956
0,-0.150294,0.003958,-0.315739,0.161388,-0.287538,0.164581,0.002623,6.9e-05
0,-0.065942,-0.120762,0.109827,-0.151312,0.093151,-0.198651,0.001151,0.002108
0,0.150464,-0.127928,0.187299,-0.032721,0.188814,0.00884,0.002626,0.002233
0,0.111652,0.041861,-0.058341,0.14276,-0.039568,0.136718,0.001949,0.000731
0,0.102729,-0.054988,0.004863,-0.086391,-0.009907,-0.077264,0.001793,0.00096
0,0.077179,0.007845,-0.049816,0.091273,-0.049714,0.117306,0.001347,0.000137
0,0.026024,-0.138433,-0.064719,-0.148766,-0.072033,-0.145709,0.000454,0.002416
0,-0.114987,-0.081583,-0.137662,0.072154,-0.12167,0.026965,0.002007,0.001424
0,-0.174957,0.02668,-0.047217,0.108633,-0.032192,0.152235,0.003054,0.000466
0,-0.043039,0.001092,0.124438,-0.037797,0.138579,-0.055365,0.000751,1.9e-05
0,-0.113696,-0.02329,-0.074747,-0.0416,-0.065536,-0.003665,0.001984,0.000406
0,-0.052239,-0.033813,0.06805,0.013217,0.071064,0.018766,0.000912,0.00059
0,-0.110049,-0.000177,-0.056826,0.020262,-0.007513,-0.004449,0.001921,3e-06
0,-0.127887,-0.169692,0.005154,-0.194952,0.015788,-0.199152,0.002232,0.002962
0,-0.114719,0.086679,0.027828,0.229947,0.064235,0.277633,0.002002,0.001513
0,-0.18074,0.070518,-0.092523,-0.023695,-0.094276,-0.029463,0.003155,0.001231
0,-0.238779,-0.06601,-0.039862,-0.117801,-0.044405,-0.099928,0.00365,0.001152
0,-0.035397,0.138983,0.181017,0.219334,0.214723,0.183256,0.000618,0.002426
0,-0.084579,-0.113649,-0.028976,-0.280212,-0.041501,-0.268172,0.001476,0.001984
0,-0.076528,0.141489,0.002611,0.233826,0.010619,0.229645,0.001336,0.002469
0,-0.138406,-0.082139,-0.082496,-0.20575,-0.11846,-0.211919,0.002416,0.001434
0,-0.166245,0.145816,-0.001479,0.234554,-0.031124,0.209855,0.002902,0.002545
0,-0.193561,0.067706,0.001319,-0.059241,-0.003874,-0.036164,0.003378,0.001182
0,-0.182568,-0.030962,-0.004001,-0.106166,0.025605,-0.154233,0.003186,0.00054
0,-0.068165,0.008143,0.120255,0.058907,0.09505,0.083881,0.00119,0.000142
0,-0.05456,-0.120161,0.039647,-0.105094,0.065854,-0.125988,0.000952,0.002097
0,-0.006243,-0.013195,0.076187,0.122936,0.096371,0.146818,0.000109,0.00023
0,0.047196,0.151253,0.073842,0.136592,0.109721,0.10129,0.000824,0.00264
0,-0.138584,-0.047081,-0.158239,-0.198287,-0.19044,-0.163329,0.002419,0.000822
0,-0.072853,0.048478,0.085081,0.100873,0.129961,0.121747,0.001272,0.000846
0,0.014379,0.113842,0.110218,0.08112,0.084366,0.080312,0.000251,0.001987
0,-0.213487,0.00772,-0.240386,-0.086887,-0.243023,-0.105151,0.003726,0.000135
0,-0.16992,0.054075,0.055406,0.070666,0.016164,0.046297,0.002966,0.000944
0,0.050449,-0.069297,0.2388,-0.122762,0.215591,-0.14503,0.00088,0.001209
0,-0.091974,-0.018307,-0.116374,0.026066,-0.145811,0.045755,0.001605,0.00032
0,0.000873,0.074466,0.093436,0.1092,0.053996,0.087818,1.5e-05,0.0013
0,-2.308905,-0.936617,-2.32431,-0.985683,-2.301388,-1.011396,0.001209,0.000711
0,-2.521761,-1.858918,-0.239829,-0.941092,-0.288524,-0.925706,0.002894,0.001173
0,-4.069823,-2.043616,-1.553684,-0.183012,-1.564614,-0.155172,0.000671,0.003422
0,-4.322109,-2.609605,-0.241155,-0.572072,-0.196212,-0.611034,0.002744,0.001361
0,-3.265386,-2.520105,1.047667,0.103417,1.007614,0.082764,0.002267,0.002923
0,-2.61196,-2.259793,0.652119,0.268817,0.628107,0.222473,0.00132,0.000351
0,-1.718255,-1.647095,0.866358,0.630789,0.84831,0.677875,0.001282,0.002524
0,-1.195606,-1.121562,0.503893,0.544809,0.487896,0.561153,0.002586,0.003879
0,-0.830702,-0.781889,0.336862,0.337913,0.32841,0.328201,0.001137,0.001989
0,-0.422928,-0.426337,0.406346,0.332786,0.37084,0.321136,0.000436,0.000377
0,-0.166831,-0.368081,0.251015,0.087398,0.231692,0.130184,0.002912,0.001394
0,-0.089387,-0.060555,0.051084,0.330313,0.085657,0.377084,0.00156,0.001057
0,0.022251,0.102976,0.087718,0.167821,0.127809,0.13559,0.000388,0.001797
0,0.27475,0.569226,0.265547,0.437619,0.274184,0.441896,0.003023,0.002117
0,0.139088,0.613276,-0.157201,0.046669,-0.199706,0.013313,0.002428,0.002886
0,0.088235,0.611201,-0.049121,-0.016304,-0.009115,-0.035694,0.00154,0.00285
0,0.213406,0.449778,0.148636,-0.138354,0.129384,-0.15432,0.003725,3.2e-05
0,0.184295,0.352328,-0.051364,-0.10402,-0.0424,-0.073348,0.003217,0.001669
0,0.096439,0.388407,-0.098562,0.055279,-0.08953,0.092475,0.001683,0.001039
0,0.144504,0.452212,0.041575,0.080828,0.087892,0.060899,0.002522,7.5e-05
0,-0.063827,0.212109,-0.184043,-0.263196,-0.174872,-0.288669,0.001114,0.003702
0,0.127991,0.367012,0.197571,0.131208,0.170009,0.139582,0.002234,0.001412
0,0.044321,0.318899,-0.070481,-0.06804,-0.09519,-0.063109,0.000774,0.002252
0,-0.118734,0.173758,-0.142352,-0.167261,-0.176391,-0.146726,0.002072,0.003033
0,0.133624,0.424486,0.275137,0.274548,0.277773,0.228161,0.002332,0.000409
0,-0.107059,0.234778,-0.221847,-0.21176,-0.187896,-0.26055,0.001869,0.00372
0,-0.020856,0.206881,0.061697,-0.001157,0.058102,0.013756,0.000364,0.003611
0,0.002028,0.096255,0.00503,-0.114349,-0.022877,-0.115438,3.5e-05,0.00168
0,0.181088,0.100047,0.169637,0.021639,0.151164,0.046372,0.003161,0.001746
0,0.108583,0.357912,-0.059172,0.260179,-0.033573,0.228974,0.001895,0.001571
0,0.140413,0.302201,0.061589,-0.059376,0.033742,-0.105019,0.002451,0.002543
0,0.238094,0.091465,0.080939,-0.207465,0.05122,-0.195474,0.003662,0.001596
0,0.081209,0.310456,-0.162806,0.22539,-0.138199,0.184774,0.001417,0.002399
0,0.238296,0.079529,0.141145,-0.250156,0.118255,-0.243921,0.003659,0.001388
0,0.16941,0.280538,-0.097938,0.188992,-0.143651,0.196266,0.002957,0.002922
0,0.058916,0.0949,-0.099761,-0.17808,-0.14174,-0.167411,0.001028,0.001656
0,-0.116962,0.136799,-0.155988,0.034455,-0.106007,-0.009189,0.002041,0.002388
0,0.174552,0.15685,0.275041,0.015392,0.244173,0.044241,0.003047,0.002738
0,0.104672,0.084458,-0.04102,-0.084585,-0.077191,-0.131979,0.001827,0.001474
0,0.034503,0.095405,-0.091704,0.023532,-0.094051,0.04546,0.000602,0.001665
0,0.025335,0.15299,0.001083,0.079245,0.034239,0.052562,0.000442,0.00267
0,-0.005011,0.146772,-0.03495,-0.015853,-0.042733,0.005133,8.7e-05,0.002562
0,0.113084,0.117525,0.126913,-0.034583,0.17649,-0.017962,0.001974,0.002051
0,0.070377,0.014442,-0.047755,-0.088948,-0.02085,-0.043244,0.001228,0.000252
0,-0.128493,0.1466,-0.176341,0.137062,-0.126428,0.159976,0.002243,0.002559
0,-0.110183,0.108938,0.019383,-0.032079,-0.011754,-0.054367,0.001923,0.001901
0,0.077052,0.195853,0.210392,0.06807,0.256312,0.100776,0.001345,0.003418
0,-0.055939,0.171298,-0.14802,-0.020608,-0.135592,-0.026988,0.000976,0.00299
0,-0.174129,-0.04358,-0.093555,-0.21075,-0.048761,-0.187869,0.003039,0.000761
0,-0.024337,0.144362,0.155864,0.209813,0.173411,0.197442,0.000425,0.00252
0,-0.098868,0.027421,-0.088363,-0.096945,-0.047073,-0.146495,0.001726,0.000479
0,-0.048753,-0.052023,0.075939,-0.092696,0.070943,-0.048482,0.000851,0.000908
0,0.002396,0.011527,0.031304,0.041648,0.080302,0.078174,4.2e-05,0.000201
0,-0.020394,0.190995,0.001308,0.172475,0.044704,0.129948,0.000356,0.003333
0,-0.011934,0.120371,0.011406,-0.094237,0.00832,-0.051053,0.000208,0.002101
0,-0.029529,0.201477,-0.004749,0.109087,0.034568,0.071756,0.000515,0.003516
0,-0.17808,0.053195,-0.159325,-0.154037,-0.128383,-0.170103,0.003108,0.000928
0,-0.272794,0.157329,-0.113391,0.126749,-0.11888,0.115664,0.003057,0.002746
0,-0.122366,-0.005451,0.159782,-0.140002,0.199019,-0.137311,0.002136,9.5e-05
0,-0.020125,-0.080426,0.124063,-0.099431,0.137559,-0.089423,0.000351,0.001404
0,-0.133098,0.135545,-0.121303,0.212001,-0.137848,0.202595,0.002323,0.002366
0,-0.166485,0.047044,-0.017399,-0.100677,0.006113,-0.140577,0.002906,0.000821
0,-0.164521,-0.039882,0.000648,-0.080043,0.029688,-0.07705,0.002871,0.000696
0,-0.163404,0.07037,-0.006135,0.083037,0.024813,0.047843,0.002852,0.001228
0,-0.106323,-0.019022,0.076332,-0.064994,0.087468,-0.066279,0.001856,0.000332
0,-0.053797,0.080808,0.05846,0.095525,0.079466,0.048251,0.000939,0.00141
0,-0.045105,-0.100513,-0.015868,-0.196635,0.012318,-0.176275,0.000787,0.001754
0,0.187375,-0.07948,0.257236,0.013146,0.241754,-0.035265,0.00327,0.001387
0,-0.056507,-0.082417,-0.234937,-0.02334,-0.268379,0.007629,0.000986,0.001438
0,-0.064147,0.145028,-0.008226,0.226719,-0.052653,0.181165,0.00112,0.002531
0,0.206734,-0.055777,0.269455,-0.17481,0.311718,-0.1457,0.003608,0.000973
0,0.071764,0.074054,-0.162435,0.158449,-0.198234,0.194465,0.001253,0.001292
0,0.183418,0.175658,0.125111,0.074636,0.158771,0.094184,0.003201,0.003066
0,0.106534,-1.323555,-0.060586,-1.518101,-0.075531,-1.491968,0.001859,0.000353
0,0.39429,-3.157897,0.258629,-1.808654,0.267848,-1.835787,0.000936,0.000391
0,0.336178,-3.251314,-0.054412,-0.093749,-0.072959,-0.142213,0.00195,0.002021
0,0.301116,-2.893032,-0.015144,0.37095,-0.041819,0.394284,0.002562,0.003586
0,0.007055,-2.377337,-0.280718,0.521015,-0.260784,0.567931,0.000123,0.002403
0,0.080012,-1.851621,0.099643,0.503625,0.079463,0.521268,0.001396,0.001045
0,-0.060866,-1.231447,-0.168156,0.632544,-0.121915,0.592935,0.001062,0.001961
0,0.030132,-0.752699,0.066132,0.457423,0.105415,0.416329,0.000526,0.002499
0,-0.167015,-0.581124,-0.219811,0.154812,-0.259548,0.180559,0.002915,0.002325
0,-0.092613,-0.356432,0.083722,0.195615,0.10194,0.200667,0.001616,0.001597
0,-0.150998,-0.025442,-0.083097,0.356324,-0.064839,0.316865,0.002635,0.000444
0,-0.031185,0.03561,0.125121,0.050094,0.149571,0.003966,0.000544,0.000622
0,-0.049349,0.132445,-0.043032,0.072153,-0.0393,0.077132,0.000861,0.002312
0,-0.155568,0.227823,-0.111842,0.116169,-0.114871,0.12469,0.002715,0.003842
0,-0.140871,0.061203,0.01104,-0.146323,-0.017957,-0.184345,0.002459,0.001068
0,-0.158777,0.319239,-0.043519,0.269559,-0.004318,0.277365,0.002771,0.002246
0,-0.15228,0.209274,-0.001105,-0.103729,0.00784,-0.092425,0.002658,0.003653
0,-0.033657,0.207781,0.147433,-0.005813,0.136027,0.041448,0.000587,0.003626
0,-0.050333,0.11986,0.000526,-0.112147,-0.043761,-0.161014,0.000878,0.002092
0,-0.021283,-0.034623,0.056405,-0.16281,0.059869,-0.162154,0.000371,0.000604
0,-0.045217,0.001617,-0.047579,0.010306,-0.005844,-0.009932,0.000789,2.8e-05
0,-0.068165,-0.034798,0.002071,-0.018187,-0.043024,-0.048894,0.00119,0.000607
0,0.044936,-0.059384,0.132708,-0.033549,0.164943,-0.001591,0.000784,0.001036
0,-0.073366,-0.000108,-0.097932,0.063242,-0.096763,0.088511,0.00128,2e-06
0,-0.18384,0.127045,-0.123911,0.121635,-0.100647,0.166993,0.003209,0.002217
0,-0.191549,0.16,0.020353,0.031236,0.002543,0.034045,0.003343,0.002793
0,-0.212571,-0.073523,-0.033696,-0.251589,-0.05481,-0.254187,0.00371,0.001283
0,-0.166142,0.074561,0.067154,0.134484,0.116531,0.156829,0.0029,0.001301
0,-0.172071,0.032954,-0.007184,-0.024496,0.03556,-0.032371,0.003003,0.000575
0,0.030465,0.134371,0.207505,0.102381,0.234354,0.126145,0.000532,0.002345
0,-0.184602,0.036055,-0.214515,-0.105346,-0.261394,-0.077199,0.003222,0.000629
0,0.014078,0.067658,0.213752,0.028416,0.194276,0.050043,0.000246,0.001181
0,0.058556,0.115481,0.018731,0.028073,0.04859,0.023319,0.001022,0.002016
0,-0.031373,0.107571,-0.108791,0.022057,-0.102702,-0.005228,0.000548,0.001877
0,0.079333,0.061681,0.134914,-0.033231,0.090196,-0.025814,0.001385,0.001077
0,-0.098679,0.060201,-0.187484,-0.00623,-0.228348,0.010477,0.001722,0.001051
0,0.003812,0.05928,0.117254,-0.018592,0.105289,-0.005015,6.7e-05,0.001035
0,0.134979,-0.029804,0.109077,-0.093754,0.092302,-0.133258,0.002356,0.00052
0,0.033302,0.171462,-0.119117,0.23111,-0.073481,0.210584,0.000581,0.002993
0,-0.08908,0.066081,-0.109644,-0.116357,-0.085359,-0.121966,0.001555,0.001153
0,0.040218,0.056626,0.157727,-0.002727,0.205962,0.01458,0.000702,0.000988
0,0.190244,0.040083,0.149547,0.004112,0.127463,0.026685,0.00332,0.0007
0,0.019149,0.076828,-0.16127,0.047609,-0.136167,0.072086,0.000334,0.001341
0,-0.028553,-0.108487,-0.064748,-0.176695,-0.111417,-0.201618,0.000498,0.001893
0,-0.077512,-0.045265,-0.061209,0.049376,-0.044857,0.024171,0.001353,0.00079
0,0.217531,-0.032266,0.290746,-0.010174,0.308767,-0.013902,0.003797,0.000563
0,0.03966,-0.011156,-0.159445,0.033648,-0.175705,0.067552,0.000692,0.000195
0,0.019401,-0.117434,-0.028771,-0.13434,-0.065401,-0.148324,0.000339,0.00205
0,-0.116045,0.13061,-0.11449,0.271019,-0.141491,0.23283,0.002025,0.00228
0,-0.167437,0.058223,-0.073789,-0.056153,-0.117646,-0.100646,0.002922,0.001016
0,-0.158296,0.202153,0.017143,0.157567,0.04911,0.155309,0.002763,0.003528
0,0.044888,0.160062,0.216001,-0.036949,0.222818,-0.063471,0.000783,0.002794
0,-0.190821,0.18221,-0.260967,0.034596,-0.262475,0.039726,0.00333,0.00318
0,-0.145413,0.069318,0.062327,-0.132856,0.039718,-0.145635,0.002538,0.00121
0,-0.10546,0.003097,0.067575,-0.073739,0.045513,-0.077949,0.001841,5.4e-05
0,0.070423,0.162376,0.151245,0.171314,0.119629,0.132867,0.001229,0.002834
0,0.093817,-0.073638,0.045002,-0.242353,0.016239,-0.269541,0.001637,0.001285
0,-0.137805,-0.025287,-0.254046,0.041489,-0.235592,0.009575,0.002405,0.000441
0,0.049653,-0.040443,0.188261,0.005282,0.216207,0.042735,0.000867,0.000706
0,-0.065424,0.023351,-0.116562,0.034282,-0.080279,0.050103,0.001142,0.000408
0,0.017037,0.132221,0.111091,0.093193,0.118749,0.143011,0.000297,0.002308
0,-0.012509,-0.077873,-0.00607,-0.208754,0.033833,-0.192323,0.000218,0.001359
0,0.090474,0.056591,0.108894,0.142721,0.061809,0.145058,0.001579,0.000988
0,-0.006745,-0.022404,-0.084831,-0.081297,-0.12773,-0.035621,0.000118,0.000391
0,0.033914,-0.072101,0.011877,-0.076244,0.059507,-0.054097,0.000592,0.001258
0,0.121823,0.120921,0.106877,0.180213,0.1473,0.173344,0.002126,0.00211
0,-0.111984,0.011069,-0.253766,-0.080031,-0.220924,-0.034168,0.001954,0.000193
0,0.128167,-0.03326,0.261393,-0.019655,0.261469,-0.026638,0.002237,0.000581
0,0.075862,-0.078185,-0.042105,-0.022029,-0.068856,-0.014262,0.001324,0.001365
0,0.17209,-0.061072,0.072442,-0.007209,0.086398,-0.035528,0.003004,0.001066
0,0.147036,-0.074657,-0.048174,-0.030461,-0.076519,-0.054845,0.002566,0.001303
0,-0.025172,-0.031016,-0.156882,0.041455,-0.166127,-0.000975,0.000439,0.000541
0,-0.07289,0.15025,-0.046131,0.196248,-0.047779,0.210899,0.001272,0.002622
0,-0.042991,-0.051646,0.010849,-0.174525,-0.021739,-0.156324,0.00075,0.000901
0,0.177196,-0.07308,0.237249,-0.01418,0.223609,-0.054237,0.003093,0.001275
0,0.015875,0.142705,-0.16035,0.203661,-0.140449,0.214606,0.000277,0.002491
0,0.145608,0.085795,0.135178,-0.037442,0.146091,-0.032702,0.002541,0.001497
0,0.076828,-0.005579,-0.054871,-0.08183,-0.043863,-0.093216,0.001341,9.7e-05
0,0.039746,-0.102708,-0.032347,-0.084449,-0.023113,-0.046832,0.000694,0.001793
0,0.062936,-0.023159,0.024537,0.097068,-0.006831,0.124903,0.001098,0.000404
0,0.191178,0.11685,0.122487,0.127275,0.110561,0.172203,0.003337,0.002039
0,0.047484,0.061671,-0.155177,-0.081325,-0.165425,-0.078219,0.000829,0.001076
0,0.253691,-0.067436,0.202223,-0.150218,0.160668,-0.11701,0.00339,0.001177
0,0.273438,0.104671,0.030187,0.154119,0.035836,0.142485,0.003045,0.001827
0,0.160012,0.015482,-0.131129,-0.107526,-0.131698,-0.109125,0.002793,0.00027
0,0.311044,0.08639,0.126204,0.098309,0.106318,0.079348,0.002389,0.001508
0,0.248977,0.080218,-0.088746,0.018792,-0.045629,0.060182,0.003472,0.0014
0,0.146027,-0.034944,-0.098998,-0.112543,-0.060392,-0.1131,0.002549,0.00061
0,0.253444,0.08794,0.126435,0.149702,0.12553,0.116573,0.003394,0.001535
0,-0.002127,-0.142531,-0.225808,-0.210352,-0.199657,-0.217274,3.7e-05,0.002488
0,-0.016964,0.091035,-0.004093,0.234512,-0.02102,0.216069,0.000296,0.001589
0,0.169694,-0.059862,0.196503,-0.132859,0.205937,-0.092369,0.002962,0.001045
0,-0.003364,0.118354,-0.190539,0.169326,-0.224998,0.140928,5.9e-05,0.002066
0,0.116125,-0.108999,0.131744,-0.250677,0.181011,-0.20937,0.002027,0.001902
0,0.123432,0.073959,-0.006156,0.184871,0.037884,0.144453,0.002154,0.001291
0,-0.028443,0.11668,-0.157597,0.036336,-0.109472,0.034809,0.000496,0.002036
0,0.046048,0.109646,0.055669,-0.036146,0.02455,-0.08258,0.000804,0.001914
0,-0.036021,-0.128537,-0.111961,-0.224351,-0.070886,-0.206538,0.000629,0.002243
0,-0.170992,0.056825,-0.155531,0.199489,-0.158568,0.15315,0.002984,0.000992
0,0.146105,-0.014624,0.305794,-0.053159,0.344584,-0.090354,0.00255,0.000255
0,-0.086265,0.112193,-0.240803,0.123467,-0.241322,0.082947,0.001506,0.001958
0,-0.029446,-0.100485,0.027798,-0.21796,-0.015125,-0.26022,0.000514,0.001754
0,-0.017544,-0.041444,-0.011317,0.031335,-0.046625,0.047649,0.000306,0.000723
0,-0.033486,0.088143,-0.013422,0.158385,0.00833,0.199658,0.000584,0.001538
0,-0.010738,-0.037865,0.041556,-0.155675,0.090014,-0.121472,0.000187,0.000661
0,0.182475,0.100666,0.184509,0.1137,0.173752,0.083917,0.003185,0.001757
0,-0.123295,-0.031186,-0.308548,-0.148487,-0.347204,-0.135931,0.002152,0.000544
0,0.028249,-0.066051,0.156333,-0.062226,0.166938,-0.067429,0.000493,0.001153
0,0.14927,0.065242,0.109964,0.129633,0.085785,0.106029,0.002605,0.001139
0,0.01064,-0.080046,-0.140342,-0.139247,-0.186959,-0.137888,0.000186,0.001397
0,0.166376,-0.124438,0.172096,-0.01825,0.176657,-0.026483,0.002904,0.002172
0,0.212584,-0.064279,0.055543,0.071344,0.073312,0.094434,0.00371,0.001122
0,0.086799,-0.067786,-0.12331,0.004397,-0.136124,0.033067,0.001515,0.001183
0,0.1727,-0.016751,0.114332,0.043829,0.067813,0.089461,0.003014,0.000292
0,-0.117047,0.078126,-0.278467,0.100379,-0.256257,0.094359,0.002043,0.001364
0,-0.037856,-0.033863,0.050293,-0.127099,0.00081,-0.085217,0.000661,0.000591
0,-0.08355,-0.026598,-0.029654,-0.010582,-0.054653,0.024255,0.001458,0.000464
0,0.012616,-0.089643,0.076448,-0.078536,0.027957,-0.042079,0.00022,0.001565
0,-0.02372,0.089602,-0.06412,0.201569,-0.043715,0.232166,0.000414,0.001564
0,-0.046062,0.09878,-0.015967,0.002268,-0.034024,-0.010402,0.000804,0.001724
0,0.137412,0.005553,0.160886,-0.120887,0.140528,-0.115599,0.002398,9.7e-05
0,-0.085226,-0.135998,-0.193603,-0.125352,-0.149598,-0.114498,0.001487,0.002374
0,0.147281,0.000955,0.260172,0.112552,0.244405,0.066343,0.002571,1.7e-05
0,-0.129147,-0.120282,-0.246883,-0.107385,-0.198256,-0.112301,0.002254,0.002099
0,0.021628,0.001097,0.164019,0.108994,0.135674,0.087758,0.000377,1.9e-05
0,-0.130331,0.072344,-0.177999,0.065414,-0.224229,0.080696,0.002275,0.001263
0,-0.203462,-0.151896,-0.061557,-0.221163,-0.10788,-0.239993,0.003551,0.002651
0,-0.168522,0.091649,0.057548,0.271241,0.019717,0.266019,0.002941,0.0016
0,-0.051374,-0.088428,0.09577,-0.201467,0.084511,-0.242726,0.000897,0.001543
0,-0.074428,-0.043226,0.006299,0.018278,0.027629,0.038755,0.001299,0.000754
0,0.028432,0.004815,0.111328,0.046701,0.161125,-0.000589,0.000496,8.4e-05
0,-0.146353,-0.153823,-0.171452,-0.137513,-0.147412,-0.135676,0.002554,0.002685
0,-0.062265,0.067639,0.107372,0.236188,0.065092,0.219251,0.001087,0.001181
0,-0.194831,0.072365,-0.142117,0.031551,-0.172968,0.015235,0.0034,0.001263
0,0.067485,-0.137883,0.292238,-0.216768,0.285447,-0.255292,0.001178,0.002407
0,0.001811,-0.091994,-0.064351,0.069652,-0.108352,0.027825,3.2e-05,0.001606
0,-0.169605,-0.133554,-0.169825,-0.067596,-0.136577,-0.082505,0.00296,0.002331
0,-0.198375,0.012243,-0.042059,0.157184,0.001895,0.162496,0.003462,0.000214
0,0.093379,0.091854,0.311379,0.090678,0.32635,0.079807,0.00163,0.001603
0,0.072853,0.018969,0.004481,-0.095065,0.021002,-0.112672,0.001272,0.000331
0,0.001758,-0.059936,-0.09489,-0.071909,-0.0703,-0.02285,3.1e-05,0.001046
0,-0.022301,0.078492,-0.02388,0.13656,-0.042494,0.160847,0.000389,0.00137
0,-0.09667,-0.121673,-0.044551,-0.218087,-0.049212,-0.22925,0.001687,0.002124
0,0.006684,-0.047217,0.125098,0.049289,0.101917,0.058406,0.000117,0.000824
0,-0.142968,0.037264,-0.129138,0.106136,-0.102307,0.124845,0.002495,0.00065
0,0.042758,-0.017116,0.183742,-0.034399,0.147814,0.010383,0.000746,0.000299
0,-0.02575,0.002497,-0.055227,0.035071,-0.10266,0.020612,0.000449,4.4e-05
0,-0.147069,-0.04122,-0.106297,-0.02774,-0.086074,-0.045817,0.002567,0.000719
0,-0.030384,-0.078852,0.117812,-0.047633,0.110169,-0.049084,0.00053,0.001376
0,-0.086342,-0.044077,-0.068399,0.00743,-0.097465,-0.012397,0.001507,0.000769
0,-0.004547,0.024143,0.111012,0.088021,0.07562,0.100328,7.9e-05,0.000421
0,-0.171244,0.029145,-0.138107,-0.016427,-0.148711,-0.054039,0.002989,0.000509
0,-0.138998,0.072898,0.042341,0.06642,0.083961,0.065711,0.002426,0.001272
0,-0.143722,-0.097911,0.011339,-0.189271,0.055357,-0.154047,0.002508,0.001709
0,-0.203041,-0.017252,-0.074327,0.062928,-0.09036,0.094844,0.003544,0.000301
0,-0.067324,0.109027,0.126137,0.154689,0.158427,0.15332,0.001175,0.001903
0,-0.306394,-0.040705,-0.228537,-0.140066,-0.272166,-0.182857,0.00247,0.00071
0,0.032987,-0.240354,0.344601,-0.222583,0.328647,-0.225335,0.000576,0.003623
0,-0.07651,-0.692902,-0.081727,-0.466262,-0.107965,-0.436891,0.001335,0.003542
0,0.205749,-1.201614,0.310135,-0.480054,0.323268,-0.435928,0.003591,0.002482
0,0.002446,-1.250974,-0.193197,-0.047932,-0.170555,-0.072583,4.3e-05,0.00162
0,0.233702,-1.078461,0.222102,0.15106,0.240161,0.126101,0.003739,0.003187
0,0.241224,-0.715555,-0.016221,0.345113,-0.035288,0.375293,0.003608,0.003147
0,0.038753,-0.723782,-0.175939,-0.032082,-0.20424,-0.00164,0.000676,0.003003
0,0.083864,-0.537077,0.060423,0.175093,0.102194,0.146522,0.001464,0.001556
0,-0.011034,-0.155289,-0.093276,0.392699,-0.056761,0.404922,0.000193,0.00271
0,0.002595,-0.269273,-0.013254,-0.091038,-0.009483,-0.044744,4.5e-05,0.003118
0,0.040342,-0.104886,0.008656,0.187531,0.008077,0.148655,0.000704,0.001831
0,0.157569,-0.069393,0.124929,0.006909,0.099586,0.011332,0.00275,0.001211
0,-0.091407,0.093965,-0.232731,0.137617,-0.20045,0.128417,0.001595,0.00164
0,-0.135344,0.156145,-0.058964,0.091274,-0.047989,0.064107,0.002362,0.002725
0,-0.08979,0.172534,0.069842,0.014108,0.056368,-0.022526,0.001567,0.003011
0,-0.057261,0.105856,0.00887,-0.038235,0.048393,-0.030285,0.000999,0.001848
0,-0.129335,0.277883,-0.082355,0.149822,-0.09858,0.121662,0.002257,0.002968
0,0.095102,0.03125,0.227674,-0.259734,0.192535,-0.234292,0.00166,0.000545
0,0.007487,-0.036203,-0.064467,-0.050418,-0.033293,-0.066574,0.000131,0.000632
0,-0.112243,0.095557,-0.121505,0.110059,-0.087877,0.148504,0.001959,0.001668
0,-0.035583,0.012233,0.067252,-0.081507,0.114791,-0.085882,0.000621,0.000214
0,0.004784,-0.032402,0.058629,-0.05371,0.056225,-0.007484,8.3e-05,0.000566
0,-0.095488,0.13983,-0.123617,0.157008,-0.101156,0.19359,0.001667,0.00244
0,-0.124819,-0.090035,-0.013499,-0.205441,0.032492,-0.21175,0.002179,0.001571
0,0.01451,0.123592,0.139246,0.210687,0.163656,0.184496,0.000253,0.002157
0,-0.156461,-0.016162,-0.189291,-0.129954,-0.141655,-0.114283,0.002731,0.000282
0,0.077026,0.106307,0.21353,0.09464,0.2005,0.048662,0.001344,0.001855
0,-0.093924,0.171773,-0.170211,0.073228,-0.180581,0.058342,0.001639,0.002998
0,-0.015915,-0.005069,0.106442,-0.176778,0.067437,-0.206828,0.000278,8.8e-05
0,0.03769,0.044015,0.053969,0.06106,0.040835,0.051594,0.000658,0.000768
0,-0.035885,-0.085425,-0.092106,-0.154994,-0.092142,-0.163015,0.000626,0.001491
0,-0.046941,0.011634,-0.025311,0.095139,0.018402,0.116335,0.000819,0.000203
0,-0.078947,-0.073134,-0.055008,-0.11142,-0.036016,-0.158359,0.001378,0.001276
0,-3.783852,-0.173875,-3.714677,-0.115804,-3.717184,-0.114686,0.003498,0.003035
0,-4.544091,-0.202847,-0.731421,-0.006535,-0.691443,0.031268,0.001131,0.00354
0,-3.979526,-0.338788,0.542793,-0.11399,0.519894,-0.087126,0.000905,0.001905
0,-4.00321,-0.486327,-0.011853,-0.130575,-0.026474,-0.108893,0.000492,0.00067
0,-3.534865,-0.399888,0.49737,0.115868,0.520356,0.12763,0.000848,0.000839
0,-2.489628,-0.44569,1.06734,-0.058158,1.044634,-0.049131,0.003455,3.9e-05
0,-2.191627,-0.294392,0.281629,0.168876,0.238197,0.205491,0.000838,0.00268
0,-1.243958,-0.330603,0.971193,-0.059629,1.013316,-0.084697,0.001742,0.002048
0,-0.684917,-0.114285,0.580664,0.19583,0.597148,0.205305,0.003682,0.001995
0,-0.178765,0.031405,0.490018,0.117934,0.479793,0.129778,0.00312,0.000548
0,0.365264,0.060589,0.553268,0.01279,0.561521,0.023066,0.001443,0.001057
0,0.670584,-0.123777,0.275695,-0.178866,0.232695,-0.202663,0.003886,0.00216
0,0.513368,-0.036863,-0.132295,0.069493,-0.130602,0.059107,0.001142,0.000643
0,0.500742,0.146467,0.014097,0.193414,-0.005014,0.204746,0.000922,0.002556
0,0.541369,-0.09022,0.069173,-0.207438,0.061066,-0.197557,0.001631,0.001575
0,0.409211,-0.050991,-0.132716,0.011073,-0.124759,-0.033382,0.000676,0.00089
0,0.13832,0.112724,-0.2759,0.181252,-0.289719,0.223659,0.002414,0.001967
0,0.232969,0.102634,0.109035,0.002829,0.086748,0.006286,0.003752,0.001791
0,0.120487,-0.021702,-0.130862,-0.140495,-0.176067,-0.139132,0.002103,0.000379
0,0.205882,-0.03908,0.07393,0.001215,0.082861,-0.008418,0.003593,0.000682
0,0.120201,0.180227,-0.072547,0.222784,-0.045633,0.185191,0.002098,0.003146
0,-0.019379,0.160322,-0.150454,-0.025364,-0.141862,0.001913,0.000338,0.002798
0,-0.09915,-0.091935,-0.094232,-0.256488,-0.114206,-0.30171,0.00173,0.001605
0,-0.115702,0.099471,-0.022132,0.187589,-0.010366,0.141371,0.002019,0.001736
0,-0.173997,0.209472,-0.033984,0.105741,-0.017003,0.072912,0.003037,0.003656
0,0.064927,-0.087392,0.253971,-0.281571,0.294517,-0.277126,0.001133,0.001525
0,0.043544,0.185532,0.005324,0.255712,-0.032902,0.22432,0.00076,0.003238
0,-0.162742,0.029413,-0.179571,-0.180535,-0.187786,-0.219227,0.00284,0.000513
0,-0.11604,0.115088,0.043451,0.094816,0.036587,0.139688,0.002025,0.002009
0,0.06842,-0.060592,0.211924,-0.189546,0.17318,-0.182389,0.001194,0.001058
0,-0.13269,0.058964,-0.179449,0.112877,-0.134446,0.094277,0.002316,0.001029
0,-0.139189,0.090372,-0.025838,0.020717,-0.032855,0.053732,0.002429,0.001577
0,-0.059342,0.167138,0.098173,0.095877,0.14232,0.071212,0.001036,0.002917
0,-0.058545,-0.051716,-0.00315,-0.227523,-0.038492,-0.227748,0.001022,0.000903
0,0.036312,-0.032476,0.097233,0.010948,0.069609,-0.002756,0.000634,0.000567
0,-0.061833,0.014164,-0.126059,0.03373,-0.169258,0.020197,0.001079,0.000247
0,-0.040899,0.011697,0.00836,0.025146,0.031991,-0.000688,0.000714,0.000204
0,-0.061172,-0.048188,-0.026948,-0.064567,-0.054481,-0.094353,0.001068,0.000841
0,0.047065,-0.027992,0.098332,0.014225,0.116389,0.011561,0.000821,0.000489
0,-0.132417,0.110319,-0.186562,0.129839,-0.181653,0.149021,0.002311,0.001925
0,-0.06425,0.171916,0.059821,0.081883,0.019901,0.09065,0.001121,0.003001
0,-0.129617,-0.046365,-0.035952,-0.229668,-0.061894,-0.233115,0.002262,0.000809
0,0.029469,0.165359,0.142972,0.23733,0.1085,0.199477,0.000514,0.002886
0,-0.176971,0.096864,-0.229179,-0.067222,-0.192038,-0.107211,0.003089,0.001691
0,-0.063158,-0.027988,0.127,-0.131615,0.165869,-0.136926,0.001102,0.000488
0,-0.189647,0.133879,-0.10553,0.185326,-0.130149,0.147562,0.00331,0.002337
0,-0.502609,-0.824836,-0.340862,-0.979451,-0.350611,-0.965486,0.000954,0.00124
0,-0.54608,-1.639356,-0.04547,-0.78483,-0.022601,-0.735806,0.001713,0.002659
0,-1.249717,-2.503886,-0.730505,-0.860768,-0.736907,-0.907562,0.001642,0.003206
0,-1.18565,-2.360339,0.051393,0.11456,0.023264,0.16175,0.00276,0.002106
0,-0.869266,-1.699426,0.33031,0.651381,0.317902,0.667359,0.000464,0.001611
0,-0.377926,-1.257401,0.518368,0.435842,0.551537,0.435087,0.001222,0.001508
0,-0.477414,-0.899191,-0.088683,0.348321,-0.105224,0.329801,0.000515,5.8e-05
0,-0.075071,-0.795186,0.379794,0.094738,0.376925,0.048551,0.00131,0.001757
0,0.004439,-0.602876,0.092148,0.210346,0.050505,0.229395,7.7e-05,0.002704
0,0.106749,-0.590719,0.09939,0.033256,0.090937,0.043396,0.001863,0.002492
0,-0.091019,-0.427176,-0.178873,0.166955,-0.183259,0.186951,0.001589,0.000362
0,-0.017303,0.024878,0.07235,0.429627,0.100201,0.440623,0.000302,0.000434
0,0.131436,0.01737,0.132155,0.015959,0.171828,-0.014426,0.002294,0.000303
0,-0.025656,0.035793,-0.127746,-0.001956,-0.133059,0.009749,0.000448,0.000625
0,0.09817,0.246257,0.126556,0.227526,0.085678,0.238442,0.001713,0.00352
0,-0.045737,0.03914,-0.140968,-0.231825,-0.185335,-0.195333,0.000798,0.000683
0,0.142836,0.208277,0.167772,0.178968,0.183986,0.167392,0.002493,0.003635
0,0.138869,0.265454,-0.03027,0.082961,0.000139,0.054779,0.002424,0.003185
0,0.08518,0.173121,-0.061928,-0.069345,-0.022747,-0.076541,0.001487,0.003022
0,-0.023406,0.201388,-0.137272,0.007045,-0.130479,-0.037026,0.000409,0.003515
0,0.001173,0.01369,0.042507,-0.193215,0.025843,-0.153912,2e-05,0.000239
0,-0.015582,0.082814,0.008043,0.091279,0.021843,0.085316,0.000272,0.001445
0,-0.031294,-0.015914,-0.014738,-0.119624,-0.041787,-0.1558,0.000546,0.000278
0,-0.007228,0.143838,0.030625,0.179288,0.053842,0.143983,0.000126,0.00251
0,-0.079208,0.094795,-0.088037,-0.027003,-0.077254,0.002372,0.001382,0.001654
0,-0.047086,0.042757,0.057025,-0.067883,0.040848,-0.100644,0.000822,0.000746
0,-0.010966,0.133184,0.045128,0.076657,0.073403,0.044384,0.000191,0.002324
0,-0.067639,-0.113527,-0.043079,-0.225132,0.001455,-0.254133,0.001181,0.001981
0,0.006761,-0.059762,0.069772,0.059321,0.024359,0.031639,0.000118,0.001043
0,0.056079,-0.038533,0.068904,0.022158,0.06004,0.071958,0.000979,0.000673
0,0.026693,0.006963,-0.041272,0.02163,-0.057007,-0.008274,0.000466,0.000122
0,0.189327,0.135278,0.169078,0.118284,0.119866,0.088824,0.003304,0.002361
0,0.181715,-0.049285,-0.022474,-0.186245,-0.048918,-0.216341,0.003172,0.00086
0,0.155654,0.136033,-0.032519,0.211525,-0.074994,0.163251,0.002717,0.002374
0,0.202219,0.041704,0.055165,-0.072198,0.075892,-0.045483,0.003529,0.000728
0,-0.035472,0.002584,-0.217603,-0.024112,-0.264675,-0.040634,0.000619,4.5e-05
0,0.069974,-0.137888,0.134267,-0.12812,0.112344,-0.142676,0.001221,0.002407
0,-0.045177,0.148737,-0.100501,0.268612,-0.146438,0.257861,0.000788,0.002596
0,0.167467,-0.12018,0.189921,-0.269121,0.143408,-0.229955,0.002923,0.002098
0,-0.040025,-0.01663,-0.197,0.094033,-0.245424,0.062903,0.000699,0.00029
0,0.054397,0.172751,0.097646,0.211015,0.146732,0.232434,0.000949,0.003015
0,-0.096305,0.089229,-0.13918,-0.070385,-0.096767,-0.049495,0.001681,0.001557
0,0.047125,-0.058532,0.154301,-0.124559,0.156802,-0.122897,0.000822,0.001022
0,0.172242,0.18624,0.138922,0.265952,0.122907,0.294624,0.003006,0.003251
0,0.034938,-0.095121,-0.112155,-0.291446,-0.117108,-0.311287,0.00061,0.00166
0,-0.096881,0.130863,-0.133157,0.201578,-0.137762,0.192508,0.001691,0.002284
0,0.167059,-0.068185,0.263033,-0.198791,0.291417,-0.188444,0.002916,0.00119
0,0.031164,0.054959,-0.116855,0.111711,-0.135374,0.092766,0.000544,0.000959
0,0.245393,0.075639,0.24175,-0.002748,0.220135,-0.00095,0.003535,0.00132
0,0.187769,0.153579,-0.075394,0.070444,-0.026634,0.096638,0.003277,0.00268
0,0.042584,0.091945,-0.169355,-0.047083,-0.137703,-0.051115,0.000743,0.001605
0,0.140742,0.110981,0.117751,-0.00444,0.13903,-0.01031,0.002456,0.001937
0,0.204036,-0.049241,0.085693,-0.173767,0.054948,-0.156428,0.003561,0.000859
0,0.399611,0.124576,0.18979,0.147639,0.147512,0.107656,0.000843,0.002174
0,0.106273,0.034798,-0.300483,-0.110628,-0.342045,-0.145564,0.001855,0.000607
0,0.309785,0.015093,0.198225,-0.017959,0.17018,-0.059147,0.002411,0.000263
0,0.280509,-0.034888,-0.046058,-0.051738,-0.034456,-0.055831,0.002922,0.000609
0,0.122236,0.100679,-0.18453,0.106673,-0.230969,0.116457,0.002133,0.001757
0,0.318184,-0.101272,0.180718,-0.22077,0.196448,-0.265589,0.002265,0.001768
0,0.083667,0.018368,-0.258327,0.121712,-0.234665,0.140472,0.00146,0.000321
0,0.336248,0.084464,0.23177,0.087372,0.190087,0.132241,0.001949,0.001474
0,0.334289,-0.11532,-0.015026,-0.170112,-0.053325,-0.212043,0.001983,0.002013
0,0.225388,-0.11876,-0.124654,0.01483,-0.124834,0.061567,0.003884,0.002073
0,0.215931,-0.005389,0.01027,0.132666,0.052562,0.120561,0.003769,9.4e-05
0,0.211107,0.147045,-0.000685,0.123521,0.03004,0.11468,0.003685,0.002566
0,0.056042,0.151513,-0.16711,0.009619,-0.152551,-0.039593,0.000978,0.002644
0,0.1715,-0.135525,0.113771,-0.267358,0.160661,-0.299968,0.002993,0.002365
0,0.304538,0.089692,0.112489,0.253203,0.079152,0.299496,0.002503,0.001565
0,0.072684,-0.149632,-0.239009,-0.251755,-0.205337,-0.220244,0.001269,0.002612
0,0.001765,0.073584,-0.063589,0.242807,-0.046538,0.237305,3.1e-05,0.001284
0,0.271626,-0.169884,0.248391,-0.254565,0.231968,-0.282692,0.003077,0.002965
0,0.18545,0.063404,-0.062215,0.227441,-0.04532,0.260732,0.003237,0.001107
0,0.21467,0.063549,0.037263,-0.007662,-0.00033,-0.01013,0.003747,0.001109
0,0.011707,0.066749,-0.215779,-0.000477,-0.168945,0.033525,0.000204,0.001165
0,0.267357,-0.019954,0.272428,-0.068612,0.28576,-0.079195,0.003152,0.000348
0,-0.032982,0.099471,-0.273906,0.122057,-0.271641,0.123436,0.000576,0.001736
0,0.234104,-0.056848,0.264243,-0.17912,0.230094,-0.177311,0.003732,0.000992
0,0.199697,-0.061179,-0.01151,-0.029102,-0.024668,-0.024144,0.003485,0.001068
0,0.257625,0.056062,0.040507,0.126803,0.011582,0.159818,0.003321,0.000978
0,0.241752,0.092833,-0.006483,0.0481,-0.046769,0.044494,0.003599,0.00162
0,0.112777,0.029298,-0.142946,-0.065366,-0.098999,-0.042954,0.001968,0.000511
0,0.215263,-0.08077,0.132455,-0.121841,0.116585,-0.119811,0.003757,0.00141
0,0.108648,0.126252,-0.108131,0.22847,-0.083874,0.17947,0.001896,0.002204
0,-0.039643,0.022412,-0.119033,-0.118925,-0.097847,-0.087368,0.000692,0.000391
0,0.231629,-0.066858,0.256085,-0.107938,0.266754,-0.154946,0.003775,0.001167
0,0.201509,0.036904,-0.047749,0.079894,-0.059247,0.082408,0.003517,0.000644
0,-0.016843,-0.159711,-0.220931,-0.224888,-0.215999,-0.202092,0.000294,0.002787
0,0.118398,-0.100801,0.126341,0.037615,0.077002,0.079873,0.002066,0.001759
0,-0.002642,0.064089,-0.100172,0.162554,-0.062518,0.114756,4.6e-05,0.001119
0,-0.026241,0.051794,-0.038045,0.017624,-0.042268,-0.004868,0.000458,0.000904
0,0.012302,0.064877,0.051885,0.037488,0.014315,0.084253,0.000215,0.001132
0,0.040602,0.037662,0.043471,-0.032821,0.038622,-0.025772,0.000709,0.000657
0,-0.096816,-0.151117,-0.134432,-0.197099,-0.086443,-0.236896,0.00169,0.002637
0,-0.118526,0.003529,-0.04244,0.14287,-0.082847,0.113209,0.002069,6.2e-05
0,-0.040379,-0.089706,0.093143,-0.078452,0.102398,-0.040005,0.000705,0.001566
0,0.13541,-0.070508,0.178555,0.014429,0.1326,0.03483,0.002363,0.001231
0,0.168219,0.007369,0.022605,0.07543,-0.004456,0.062087,0.002936,0.000129
0,0.054532,-0.134445,-0.136371,-0.116296,-0.117931,-0.145524,0.000952,0.002346
0,0.225305,-0.047829,0.18258,0.106962,0.144516,0.090262,0.003886,0.000835
0,-0.083654,-0.051384,-0.304402,0.001464,-0.302933,0.004298,0.00146,0.000897
0,0.000234,-0.001204,0.099603,0.068582,0.109131,0.104812,4e-06,2.1e-05
0,0.069118,0.045361,0.09882,0.022073,0.112846,-0.013208,0.001206,0.000792
0,0.241691,-0.078231,0.148906,-0.15099,0.186421,-0.170564,0.0036,0.001365
0,-0.030101,-0.008798,-0.294272,0.093977,-0.3386,0.063298,0.000525,0.000154
0,-0.064864,0.052357,-0.063481,0.051648,-0.018672,0.016105,0.001132,0.000914
0,-0.016089,-0.141151,0.047778,-0.195869,0.023897,-0.159853,0.000281,0.002464
0,-0.09441,-0.051317,-0.10527,0.114371,-0.123435,0.121779,0.001648,0.000896
0,0.096131,-0.115302,0.203703,-0.047975,0.191922,-0.067852,0.001678,0.002012
0,-0.063631,-0.066297,-0.137812,0.045727,-0.149806,0.046425,0.001111,0.001157
0,-0.134261,0.012062,-0.060456,0.10305,-0.098736,0.085589,0.002343,0.000211
0,0.109765,0.055462,0.240527,0.021686,0.271298,0.045858,0.001916,0.000968
0,-0.00401,-0.026855,-0.133314,-0.092856,-0.110202,-0.131869,7e-05,0.000469
0,0.087119,-0.062988,0.096353,-0.04178,0.141124,-0.043301,0.001521,0.001099
0,0.037264,-0.146101,-0.02538,-0.103312,-0.041055,-0.127779,0.00065,0.00255
0,0.015411,0.067419,-0.032905,0.208928,0.002861,0.23602,0.000269,0.001177
0,-0.034711,-0.179795,-0.02099,-0.217959,-0.015754,-0.219209,0.000606,0.003138
0,-0.101683,-0.157147,-0.049277,0.016236,-0.032247,0.016832,0.001775,0.002743
0,-0.129495,0.0501,-0.04073,0.216,-0.057849,0.203222,0.00226,0.000874
0,-0.19166,-0.140499,-0.056712,-0.172685,-0.015296,-0.172494,0.003345,0.002452
0,-0.071309,-0.134195,0.097877,0.029104,0.133968,0.027494,0.001245,0.002342
0,-0.151638,-0.148646,-0.080275,-0.030245,-0.060969,-0.050409,0.002647,0.002594
0,-0.122774,0.016804,0.032319,0.182497,0.026072,0.192618,0.002143,0.000293
0,-0.076372,-0.039208,0.042184,-0.045477,0.089282,-0.048256,0.001333,0.000684
0,-0.307343,-0.122652,-0.250209,-0.07708,-0.288449,-0.037366,0.002454,0.002141
0,0.003877,0.019714,0.31064,0.157903,0.2632,0.114099,6.8e-05,0.000344
0,-0.126503,-0.07192,-0.145535,-0.067203,-0.192979,-0.03547,0.002208,0.001255
0,0.010271,-0.062986,0.112169,-0.000136,0.121264,-0.00934,0.000179,0.001099
0,-0.013583,0.048608,-0.038314,0.108476,-0.079529,0.077839,0.000237,0.000848
0,-0.125226,0.045731,-0.124696,-0.026344,-0.163359,-0.005319,0.002186,0.000798
0,0.122263,0.049823,0.219662,0.031507,0.180444,-0.018206,0.002134,0.00087
0,0.161834,-0.084585,0.042024,-0.156972,0.074668,-0.121563,0.002825,0.001476
0,0.080364,0.010917,-0.071697,0.095897,-0.111585,0.093259,0.001403,0.000191
0,0.11303,0.065963,0.010587,0.081728,-0.022538,0.044824,0.001973,0.001151
0,0.117339,0.128491,-0.00681,0.074417,-0.022682,0.05386,0.002048,0.002243
0,-0.009808,-0.114023,-0.127014,-0.263561,-0.126143,-0.282975,0.000171,0.00199
0,-0.107821,0.09498,-0.127994,0.238095,-0.160562,0.281451,0.001882,0.001658
0,0.055531,0.118234,0.171918,-0.005946,0.164972,-0.027519,0.000969,0.002064
0,-0.044174,-0.012544,-0.088577,-0.158147,-0.10399,-0.138683,0.000771,0.000219
0,-0.151623,-0.033957,-0.117909,-0.016631,-0.166078,-0.015177,0.002646,0.000593
0,-0.089202,-0.163924,0.069464,-0.13166,0.024572,-0.171942,0.001557,0.002861
0,-0.139078,0.103778,-0.067289,0.283267,-0.101783,0.294516,0.002427,0.001811
0,-0.053689,0.024213,0.055677,-0.102534,0.034839,-0.076705,0.000937,0.000423
0,-0.007303,-0.08096,0.059273,-0.129027,0.101425,-0.080158,0.000127,0.001413
0,0.056768,-0.153081,0.039402,-0.098091,0.057077,-0.103843,0.000991,0.002672
0,-0.157728,0.012261,-0.215382,0.186742,-0.166175,0.153013,0.002753,0.000214
0,0.051024,0.089848,0.179643,0.099248,0.198377,0.105296,0.000891,0.001568
0,-0.019643,-0.116945,-0.072334,-0.231938,-0.091191,-0.270636,0.000343,0.002041
0,0.064956,-0.20582,0.074813,-0.105889,0.104372,-0.155362,0.001134,0.003592
0,-0.174011,-0.17997,-0.21495,0.024883,-0.220494,0.056343,0.003037,0.003141
0,-0.070414,0.00844,0.090787,0.190283,0.078415,0.208893,0.001229,0.000147
0,-0.16064,-0.028632,-0.064764,-0.054277,-0.100717,-0.09879,0.002804,0.0005
0,-0.206417,-0.029025,-0.051562,-0.010826,-0.037899,-0.012805,0.003603,0.000507
0,-0.19966,-0.061452,0.005613,-0.058087,-0.042642,-0.099477,0.003485,0.001073
0,-0.060404,0.021791,0.151311,0.109056,0.110854,0.100292,0.001054,0.00038
0,-0.058617,0.097718,0.004231,0.104633,-0.019453,0.116582,0.001023,0.001705
0,-0.16489,-0.001171,-0.125756,-0.070518,-0.136323,-0.120251,0.002878,2e-05
0,0.025241,-0.067126,0.177283,-0.069912,0.224698,-0.031873,0.000441,0.001172
0,-0.161046,0.008907,-0.16952,0.069151,-0.124704,0.044924,0.002811,0.000155
0,0.062016,0.005592,0.234546,0.011159,0.19699,0.03216,0.001082,9.8e-05
0,-0.133867,0.134529,-0.205702,0.10102,-0.168502,0.073164,0.002336,0.002348
0,0.0789,-0.076561,0.230694,-0.219331,0.227136,-0.211945,0.001377,0.001336
0,-0.079245,0.042813,-0.161943,0.147567,-0.147931,0.148768,0.001383,0.000747
0,-0.058165,0.058467,0.03588,0.025614,0.04411,0.067027,0.001015,0.00102
0,-0.12871,-0.001958,-0.054019,-0.076149,-0.042031,-0.09694,0.002246,3.4e-05
0,0.038353,-0.036594,0.147024,-0.051969,0.191325,-0.021145,0.000669,0.000639
0,-0.050172,0.057906,-0.099773,0.080401,-0.052437,0.039956,0.000876,0.001011
0,0.167633,-0.061484,0.244798,-0.095063,0.226146,-0.054484,0.002926,0.001073
0,0.091583,-0.093276,-0.093223,-0.030145,-0.054607,-0.044915,0.001598,0.001628
0,-0.049667,0.027623,-0.12349,0.107853,-0.142264,0.063957,0.000867,0.000482
0,-0.123442,-0.171823,-0.059659,-0.170395,-0.086893,-0.219373,0.002154,0.002999
0,0.111938,-0.23674,0.245351,-0.089509,0.274847,-0.116729,0.001954,0.003686
0,-0.082466,-0.034837,-0.201412,0.196041,-0.214832,0.216325,0.001439,0.000608
0,-0.009201,-0.002104,0.074267,0.051192,0.087032,0.027023,0.000161,3.7e-05
0,0.121789,-0.08745,0.115207,-0.072786,0.087444,-0.038683,0.002126,0.001526
0,0.004593,-0.053336,-0.128481,0.022132,-0.090058,0.045514,8e-05,0.000931
0,-0.091324,-0.110546,-0.099529,-0.067155,-0.119542,-0.04241,0.001594,0.001929
0,0.021041,-0.173449,0.094701,-0.034795,0.100889,-0.065046,0.000367,0.003027
0,-0.014044,0.104527,-0.049096,0.260007,-0.014364,0.30334,0.000245,0.001824
0,-0.216348,0.121821,-0.203797,0.007288,-0.219851,0.017177,0.003776,0.002126
0,-0.007898,-0.056616,0.22372,-0.206173,0.247627,-0.157882,0.000138,0.000988
0,0.133268,-0.003538,0.141892,0.068518,0.155942,0.114093,0.002326,6.2e-05
0,0.1612,-0.126335,0.026893,-0.139415,0.058372,-0.176286,0.002813,0.002205
0,-0.087571,-0.06259,-0.256156,0.053667,-0.303007,0.022566,0.001528,0.001092
0,-0.069533,-0.073145,0.020023,-0.007873,0.006321,-0.005335,0.001214,0.001277
0,-0.057736,0.085113,0.012219,0.165602,-0.030118,0.160156,0.001008,0.001486
0,0.190018,-0.141277,0.221332,-0.226625,0.191297,-0.260112,0.003316,0.002466
0,0.1075,-0.15085,-0.08432,-0.026309,-0.090338,-0.072843,0.001876,0.002633
0,-0.077483,-0.02171,-0.166349,0.134178,-0.12974,0.100625,0.001352,0.000379
0,0.088035,-0.109504,0.164984,-0.092827,0.202447,-0.080735,0.001536,0.001911
0,-0.029763,-0.097172,-0.110937,0.007923,-0.109307,0.019139,0.000519,0.001696
0,0.070652,-0.09181,0.125814,-0.016207,0.108542,-0.047892,0.001233,0.001602
0,0.069571,0.008562,-0.029538,0.120145,-0.022689,0.095222,0.001214,0.000149
0,0.098552,0.117373,0.001533,0.131948,0.003777,0.0853,0.00172,0.002049
0,-0.131054,-0.009218,-0.213534,-0.13693,-0.227803,-0.141157,0.002287,0.000161
0,0.023561,0.041799,0.129755,0.048697,0.143526,0.060336,0.000411,0.00073
0,-0.158424,-0.06809,-0.198831,-0.139354,-0.248741,-0.109562,0.002765,0.001188
0,0.049773,-0.170777,0.220128,-0.081931,0.262925,-0.090559,0.000869,0.002981
0,0.040884,0.121145,-0.015539,0.304444,0.00703,0.334082,0.000714,0.002114
0,0.026444,-0.000653,-0.03819,-0.147341,-0.07289,-0.135652,0.000462,1.1e-05
0,-0.0046,0.043972,-0.006385,0.061594,0.01974,0.057692,8e-05,0.000767
0,-0.090053,-0.140373,-0.059957,-0.211756,-0.095214,-0.213318,0.001572,0.00245
0,0.059099,-0.103539,0.167064,0.05563,0.119125,0.007688,0.001031,0.001807
0,0.162098,0.054585,0.112798,0.175313,0.078422,0.126267,0.002829,0.000953
0,0.086036,0.025659,-0.06851,0.000671,-0.04417,-0.032868,0.001502,0.000448
0,0.039925,0.010779,-0.030131,-0.023945,-0.012026,-0.023507,0.000697,0.000188
0,0.171314,-0.164415,0.127488,-0.161638,0.15299,-0.146347,0.00299,0.00287
0,-0.054327,0.041581,-0.232391,0.176336,-0.20841,0.137533,0.000948,0.000726
0,0.059649,0.158046,0.141993,0.096458,0.103407,0.076743,0.001041,0.002758
0,0.076191,-0.105606,0.026692,-0.261685,0.008923,-0.224364,0.00133,0.001843
0,-0.054094,0.065146,-0.130842,0.200406,-0.14364,0.193544,0.000944,0.001137
0,0.166799,0.155487,0.19725,0.083484,0.202707,0.10568,0.002911,0.002714
0,0.082465,0.000566,-0.072236,-0.145925,-0.076106,-0.148992,0.001439,1e-05
0,0.200725,0.088402,0.139156,0.100411,0.11058,0.107696,0.003503,0.001543
0,0.212292,0.051712,0.028691,-0.055202,-0.000989,-0.029747,0.003705,0.000903
0,0.063427,0.035432,-0.141682,0.000679,-0.16309,-0.005573,0.001107,0.000618
0,-0.088011,0.11712,-0.141566,0.087483,-0.187689,0.051,0.001536,0.002044
0,0.003888,-0.03916,0.074995,-0.147644,0.037799,-0.098238,6.8e-05,0.000683
0,0.147618,-0.030086,0.132566,-0.016355,0.100522,-0.038425,0.002576,0.000525
0,-0.098546,-0.016303,-0.264496,0.029102,-0.26963,0.050217,0.00172,0.000285
0,0.10674,-0.06461,0.225667,-0.025117,0.207292,0.003412,0.001863,0.001128
0,-0.069447,-0.103778,-0.191225,-0.019416,-0.20234,-0.038729,0.001212,0.001811
0,-0.113677,0.057118,-0.073759,0.161255,-0.083905,0.141737,0.001984,0.000997
0,-0.143252,0.118837,-0.007412,0.066032,-0.011697,0.098905,0.0025,0.002074
0,0.096653,-0.160431,0.234446,-0.294938,0.240919,-0.304035,0.001687,0.0028
0,0.12869,-0.02778,0.01796,0.155557,0.036206,0.203705,0.002246,0.000485
0,0.018179,-0.011353,-0.098365,0.022787,-0.144889,0.033228,0.000317,0.000198
0,0.157796,-0.009242,0.168229,0.013689,0.156101,-0.011207,0.002754,0.000161
0,0.200627,0.068433,0.028819,0.073039,0.069862,0.088009,0.003502,0.001194
0,0.00128,-0.063932,-0.184884,-0.152574,-0.163711,-0.14042,2.2e-05,0.001116
0,0.221038,-0.209388,0.243747,-0.160966,0.269694,-0.19834,0.003858,0.003655
0,0.220327,-0.002639,-0.016445,0.220334,0.023213,0.236651,0.003845,4.6e-05
0,-0.059192,-0.037047,-0.306083,-0.034677,-0.325334,-0.004476,0.001033,0.000647
0,0.004479,0.080241,0.033773,0.128817,0.050509,0.092066,7.8e-05,0.0014
0,0.118108,0.038232,0.139134,-0.060634,0.115892,-0.049305,0.002061,0.000667
0,-0.063959,0.03619,-0.203209,-0.025915,-0.19288,0.002813,0.001116,0.000632
0,-0.073167,0.089138,0.002091,0.07072,-0.009253,0.087315,0.001277,0.001556
0,0.119469,-2e-05,0.213352,-0.076069,0.182804,-0.073076,0.002085,0.0
0,0.049313,-0.091436,-0.09046,-0.109925,-0.09743,-0.071888,0.000861,0.001596
0,-0.009309,-0.168572,-0.044449,-0.061762,-0.061374,-0.10163,0.000162,0.002942
0,-0.038467,-0.004651,-0.003035,0.18337,0.038701,0.21271,0.000671,8.1e-05
0,0.098974,-0.144516,0.135189,-0.12562,0.178189,-0.117437,0.001727,0.002522
0,0.115796,0.047407,0.022464,0.202145,-0.012566,0.167886,0.002021,0.000827
0,0.203779,-0.146347,0.091948,-0.211969,0.119774,-0.180507,0.003557,0.002554
0,-0.016066,-0.090209,-0.195981,0.031809,-0.171823,0.002472,0.00028,0.001574
0,0.17986,0.104964,0.173703,0.169479,0.213824,0.192475,0.003139,0.001832
0,0.044265,0.025168,-0.151265,-0.071435,-0.114322,-0.069522,0.000773,0.000439
0,0.18333,-0.110487,0.169024,-0.121843,0.178501,-0.139243,0.0032,0.001928
0,-0.062,-0.046557,-0.235417,0.083734,-0.274404,0.089006,0.001082,0.000813
0,-0.082181,-0.075873,-0.0123,-0.052712,0.001974,-0.006746,0.001434,0.001324
0,-0.073585,-0.069075,0.014384,0.006993,0.033214,-0.018088,0.001284,0.001206
0,-0.007493,0.01411,0.075137,0.111383,0.086778,0.110194,0.000131,0.000246
0,-0.026215,-0.14535,-0.042089,-0.164191,-0.050301,-0.128811,0.000458,0.002537
0,0.15551,0.028379,0.209205,0.178821,0.216883,0.205941,0.002714,0.000495
0,-0.081114,0.041377,-0.2095,0.024485,-0.170103,-0.012751,0.001416,0.000722
0,0.21633,0.034634,0.31168,0.020875,0.266472,0.047029,0.003776,0.000604
0,0.218285,-0.085133,0.007702,-0.113246,-0.009851,-0.14153,0.00381,0.001486
0,0.025537,-0.039,-0.187058,0.065895,-0.225452,0.073494,0.000446,0.000681
0,0.187605,-0.134919,0.173828,-0.11259,0.170744,-0.080808,0.003274,0.002355
0,0.03162,-0.057718,-0.185875,0.088642,-0.214212,0.064958,0.000552,0.001007
0,0.022547,-0.048334,-0.004424,0.012065,-0.034407,-0.031068,0.000394,0.000844
0,0.142364,0.036997,0.119958,0.108954,0.113816,0.124751,0.002485,0.000646
0,-0.006046,-0.011402,-0.155061,-0.022453,-0.127322,0.023586,0.000106,0.000199
0,-0.006981,0.037474,0.003746,0.068968,0.020677,0.030089,0.000122,0.000654
0,-0.004956,0.129967,-0.003019,0.101254,-0.001753,0.105447,8.6e-05,0.002268
0,-0.06902,-0.122126,-0.057625,-0.262632,-0.031772,-0.288137,0.001205,0.002131
0,-0.065133,-0.08886,0.005094,0.036881,-0.020134,0.056741,0.001137,0.001551
0,0.081554,0.074447,0.122465,0.141045,0.139663,0.129357,0.001423,0.001299
0,-0.057243,-0.164318,-0.144577,-0.241238,-0.130961,-0.251938,0.000999,0.002868
0,-0.036576,-0.046564,0.021146,0.096844,0.034879,0.055332,0.000638,0.000813
0,-0.071817,0.095307,-0.053597,0.112286,-0.062539,0.07699,0.001253,0.001663
0,-0.100022,-0.030426,-0.031899,-0.136,-0.03005,-0.119222,0.001746,0.000531
0,-0.007911,-0.139423,0.101967,-0.106776,0.084072,-0.077618,0.000138,0.002433
0,0.06777,-0.130148,0.088829,0.026317,0.116793,0.032505,0.001183,0.002272
0,-0.063584,0.059891,-0.147331,0.1838,-0.193422,0.198842,0.00111,0.001045
0,-0.133851,-0.122355,-0.066548,-0.163286,-0.06264,-0.205264,0.002336,0.002135
0,-0.110649,0.086344,0.01231,0.187325,-0.024205,0.215532,0.001931,0.001507
0,-0.120103,0.053326,-0.028177,-0.062165,-0.061151,-0.086496,0.002096,0.000931
0,0.025338,-0.051991,0.167176,-0.126051,0.147362,-0.083755,0.000442,0.000907
0,-0.006468,-0.090019,-0.054146,-0.040716,-0.078639,-0.017836,0.000113,0.001571
0,0.035957,0.052451,0.062734,0.16155,0.04429,0.155125,0.000628,0.000915
0,-0.158836,-0.086553,-0.224023,-0.143277,-0.234649,-0.175199,0.002772,0.001511
0,0.113692,0.061521,0.294276,0.155041,0.260748,0.156111,0.001984,0.001074
0,0.047695,-0.032057,-0.09062,-0.120354,-0.041159,-0.131173,0.000832,0.000559
0,-0.016329,0.098012,-0.0601,0.141625,-0.089204,0.171855,0.000285,0.001711
0,0.112816,-0.055629,0.125757,-0.171587,0.136181,-0.18392,0.001969,0.000971
0,-0.058401,-0.143407,-0.182348,-0.101045,-0.187549,-0.125562,0.001019,0.002503
0,0.085877,0.015253,0.170581,0.136792,0.187037,0.10589,0.001499,0.000266
0,0.027976,-0.071524,-0.068497,-0.108123,-0.026548,-0.094894,0.000488,0.001248
0,0.006895,-0.032364,-0.02139,0.046168,-0.053685,0.094515,0.00012,0.000565
0,-0.009766,-0.119816,-0.011588,-0.05959,0.024613,-0.043269,0.00017,0.002091
0,-0.013543,-0.169862,0.023254,-0.062177,0.01817,-0.055481,0.000236,0.002965
0,0.037388,0.026156,0.049626,0.218836,0.077951,0.239772,0.000653,0.000457
0,0.12658,-0.102294,0.100248,-0.156934,0.091195,-0.145439,0.002209,0.001785
0,0.077281,-0.120128,-0.02618,0.009391,-0.04515,0.008943,0.001349,0.002097
0,0.101479,0.079155,0.036612,0.190741,0.065114,0.176457,0.001771,0.001382
0,0.215753,-0.081749,0.141034,-0.177437,0.126649,-0.184984,0.003766,0.001427
0,0.051973,0.082678,-0.185746,0.163169,-0.182403,0.121087,0.000907,0.001443
0,-0.005516,0.06589,-0.042653,-0.009406,-0.029695,-0.005134,9.6e-05,0.00115
0,-0.080793,-0.004135,-0.04666,-0.075907,-0.094627,-0.056611,0.00141,7.2e-05
0,0.017978,-0.109653,0.092382,-0.079495,0.062722,-0.051157,0.000314,0.001914
0,0.173578,0.157984,0.147089,0.265524,0.17318,0.284514,0.00303,0.002757
0,0.012538,-0.043851,-0.132125,-0.184042,-0.15712,-0.137469,0.000219,0.000765
0,0.124219,-0.0008,0.093912,0.047358,0.09528,0.060086,0.002168,1.4e-05
0,0.203847,-0.074604,0.098648,-0.065734,0.129482,-0.070211,0.003558,0.001302
0,-0.096232,0.036221,-0.281378,0.09359,-0.307082,0.097659,0.00168,0.000632
0,0.063169,-0.037145,0.134988,-0.066199,0.175263,-0.095483,0.001103,0.000648
0,-0.055574,0.09013,-0.121727,0.15618,-0.148172,0.192606,0.00097,0.001573
0,0.076934,0.09541,0.145964,0.020317,0.099743,0.052902,0.001343,0.001665
0,0.050155,-0.035514,-0.012663,-0.140337,-0.041656,-0.132522,0.000875,0.00062
0,-0.031171,-0.088913,-0.061318,-0.07712,-0.033593,-0.066106,0.000544,0.001552
0,0.08852,0.140371,0.121292,0.246483,0.16483,0.239257,0.001545,0.00245
0,0.029425,-0.075949,-0.069833,-0.228595,-0.107745,-0.231868,0.000514,0.001326
0,0.082314,0.087521,0.059768,0.191333,0.097391,0.195742,0.001437,0.001528
0,-0.006119,0.009402,-0.104936,-0.093988,-0.132419,-0.045854,0.000107,0.000164
0,-0.145869,0.020414,-0.118247,0.022714,-0.137437,-0.025483,0.002546,0.000356
0,0.102484,0.003363,0.266077,-0.013469,0.253872,-0.010139,0.001789,5.9e-05
0,-0.0762,0.015518,-0.206108,0.004846,-0.246456,0.022357,0.00133,0.000271
0,0.023491,-0.086575,0.081,-0.126791,0.10986,-0.118041,0.00041,0.001511
0,0.04537,-0.085869,0.023648,-0.003025,0.002129,0.013026,0.000792,0.001499
0,0.016781,0.204885,-0.048026,0.318336,-0.043433,0.288473,0.000293,0.003576
0,-0.083676,0.173593,-0.107012,-0.053765,-0.122668,-0.010215,0.00146,0.00303
0,0.198199,0.078109,0.268348,-0.102692,0.266306,-0.151057,0.003459,0.001363
0,0.000764,0.12452,-0.199255,0.035266,-0.222752,0.033623,1.3e-05,0.002173
0,0.082911,-0.021944,0.054586,-0.149235,0.016457,-0.127832,0.001447,0.000383
0,0.044934,0.063619,-0.018426,0.068813,0.030049,0.05716,0.000784,0.00111
0,0.064979,0.061281,0.03925,-0.027293,0.074584,-0.047188,0.001134,0.00107
0,0.085214,-0.072634,0.017826,-0.129098,0.025775,-0.16465,0.001487,0.001268
0,0.049646,-0.01907,-0.01228,0.044409,-0.034635,0.003685,0.000866,0.000333
0,0.274619,0.075206,0.207849,0.097955,0.184977,0.097837,0.003025,0.001313
0,0.115988,0.047048,-0.154045,-0.019315,-0.149671,-0.03754,0.002024,0.000821
0,0.04306,-0.032914,-0.045235,-0.073637,-0.035612,-0.058804,0.000752,0.000574
0,0.20624,0.08394,0.189384,0.115213,0.158611,0.123918,0.0036,0.001465
0,0.0025,-0.00108,-0.204577,-0.078909,-0.176679,-0.060242,4.4e-05,1.9e-05
0,-0.008469,0.104065,0.00237,0.132191,-0.047405,0.11056,0.000148,0.001816
0,0.190505,-0.123961,0.181867,-0.237671,0.169451,-0.222483,0.003325,0.002164
0,0.123147,-0.125015,-0.096861,0.01135,-0.117364,-0.011423,0.002149,0.002182
0,-0.069287,0.060703,-0.212688,0.202755,-0.254919,0.195004,0.001209,0.001059
0,0.184118,-0.024675,0.225742,-0.088001,0.189576,-0.098761,0.003213,0.000431
0,-0.067189,0.078465,-0.24375,0.112527,-0.26047,0.156399,0.001173,0.001369
0,-0.115011,-0.074694,-0.022213,-0.181336,-0.051234,-0.172785,0.002007,0.001304
0,0.179296,0.123828,0.265247,0.191983,0.235791,0.232011,0.003129,0.002161
0,-0.020689,-0.048332,-0.177252,-0.17196,-0.152823,-0.19345,0.000361,0.000844
0,-0.104466,0.154217,-0.089554,0.192462,-0.124351,0.144724,0.001823,0.002692
0,-0.03384,-0.139612,0.062577,-0.266855,0.078957,-0.22052,0.000591,0.002437
0,0.100564,0.07529,0.157224,0.198761,0.177002,0.160735,0.001755,0.001314
0,-0.14583,-0.012219,-0.249158,-0.087051,-0.269953,-0.077547,0.002545,0.000213
0,0.060994,-0.132008,0.192029,-0.136221,0.180025,-0.174808,0.001065,0.002304
0,0.016563,-0.183488,-0.058644,-0.021748,-0.090434,-0.006575,0.000289,0.003202
0,-0.00155,-0.10636,-0.011461,0.062322,-0.027412,0.088258,2.7e-05,0.001856
0,0.163923,0.059919,0.164385,0.147794,0.170334,0.127024,0.002861,0.001046
0,-0.012881,-0.10428,-0.154847,-0.176766,-0.169466,-0.15979,0.000225,0.00182
0,0.151673,-0.041306,0.189071,0.041095,0.16237,0.024476,0.002647,0.000721
0,0.186651,-0.16003,0.024665,-0.116416,-0.014043,-0.083287,0.003258,0.002793
0,0.163024,-0.061561,-0.052805,0.102371,-0.096929,0.058636,0.002845,0.001074
0,0.010152,-0.103628,-0.128898,-0.054786,-0.095393,-0.043444,0.000177,0.001809
0,-0.042387,-0.032146,-0.036757,0.098673,-0.016464,0.135211,0.00074,0.000561
0,0.164195,0.158091,0.196204,0.170951,0.221796,0.185319,0.002866,0.002759
0,0.031184,-0.010541,-0.151363,-0.186226,-0.197659,-0.183848,0.000544,0.000184
0,0.15416,0.032448,0.120575,0.056638,0.073458,0.027078,0.002691,0.000566
0,-0.103088,-0.109475,-0.258769,-0.159259,-0.258783,-0.153052,0.001799,0.001911
0,-0.109648,-0.034371,-0.017632,0.057468,-0.065748,0.039349,0.001914,0.0006
0,-0.011256,0.106818,0.079574,0.120919,0.085421,0.093333,0.000196,0.001864
0,-0.043191,-0.043384,-0.055925,-0.143492,-0.071018,-0.124763,0.000754,0.000757
0,0.122766,0.067041,0.186281,0.110524,0.164359,0.11173,0.002143,0.00117
0,-0.056041,0.000606,-0.166206,-0.074056,-0.150868,-0.067042,0.000978,1.1e-05
0,0.188878,-0.021484,0.231255,-0.007452,0.216732,0.022277,0.003297,0.000375
0,-0.038806,0.041087,-0.25317,0.087458,-0.300091,0.108544,0.000677,0.000717
0,0.035042,-0.055033,0.102028,-0.092209,0.13271,-0.065193,0.000612,0.000961
0,1.384731,1.956585,1.320351,2.026505,1.359636,2.072763,0.000714,0.002877
0,1.857662,2.725845,0.459324,0.792084,0.414539,0.763594,0.001151,0.000668
0,2.188278,2.469917,0.309395,-0.242516,0.280271,-0.21301,0.000897,0.003799
0,2.728931,2.468441,0.551659,-0.025422,0.528896,-0.063463,0.000722,0.003825
0,2.565207,2.076137,-0.135453,-0.387046,-0.166624,-0.339596,0.002136,0.002854
0,2.654654,1.770911,0.093231,-0.330203,0.106118,-0.359898,0.000575,0.000363
0,2.382352,1.015559,-0.266286,-0.763032,-0.27206,-0.800322,0.00249,0.002089
0,2.088662,0.764614,-0.266457,-0.263198,-0.254412,-0.224004,0.002635,0.002291
0,1.202706,0.377018,-0.909102,-0.389349,-0.866923,-0.41733,0.002462,0.001238
0,0.788122,0.144398,-0.413717,-0.239808,-0.461686,-0.194842,0.00188,0.00252
0,0.279969,-0.033672,-0.513998,-0.183105,-0.539314,-0.148045,0.002931,0.000588
0,0.121917,-0.249765,-0.168882,-0.199316,-0.140134,-0.24903,0.002128,0.003459
0,0.103464,-0.158422,-0.001579,0.067328,-0.035809,0.079911,0.001806,0.002765
0,0.01429,-0.178161,-0.102949,-0.003487,-0.065001,-0.014231,0.000249,0.003109
0,-0.016439,-0.363324,-0.047977,-0.197881,-0.05205,-0.19536,0.000287,0.001477
0,-0.305336,-0.376215,-0.311741,-0.038404,-0.340579,-0.048994,0.002489,0.001252
0,-0.053467,-0.323778,0.270639,0.027374,0.25865,0.0042,0.000933,0.002167
0,-0.106397,-0.022135,-0.027755,0.313079,-0.06293,0.30956,0.001857,0.000386
0,-0.101956,-0.088184,-0.011634,-0.094866,-0.004061,-0.105624,0.001779,0.001539
0,-0.30624,0.022684,-0.218144,0.137245,-0.244432,0.183049,0.002473,0.000396
0,-0.130475,0.127514,0.147326,0.123597,0.191563,0.128694,0.002277,0.002226
0,-0.295554,-0.057291,-0.180322,-0.167325,-0.205455,-0.165314,0.002659,0.001
0,-0.178063,0.160099,0.12771,0.191602,0.170303,0.1504,0.003108,0.002794
0,0.014716,0.194918,0.18652,0.028404,0.154642,0.041636,0.000257,0.003402
0,0.097573,0.149641,0.070689,-0.031399,0.060773,0.008112,0.001703,0.002612
0,0.144647,0.170444,0.03473,0.035953,0.018282,0.057197,0.002525,0.002975
0,0.009943,0.212608,-0.152677,0.060827,-0.190193,0.089523,0.000174,0.003711
0,-0.121323,0.199697,-0.158341,-0.000819,-0.132116,-0.02404,0.002117,0.003485
0,0.13952,0.021957,0.263448,-0.163327,0.288522,-0.154153,0.002435,0.000383
0,0.099419,0.203086,-0.01438,0.18957,-0.012354,0.193341,0.001735,0.003545
0,-0.08978,0.020131,-0.176626,-0.186401,-0.166393,-0.207811,0.001567,0.000351
0,-0.111818,0.157257,-0.021942,0.166548,-0.001166,0.201388,0.001952,0.002745
0,-0.098952,0.151925,0.008597,-0.000992,0.038234,0.007427,0.001727,0.002652
0,-0.035313,0.210601,0.060137,0.037406,0.071886,0.037569,0.000616,0.003676
0,0.10248,-0.074344,0.135855,-0.307328,0.154659,-0.29301,0.001789,0.001298
0,0.043581,0.073312,-0.086802,0.154696,-0.04009,0.11505,0.000761,0.00128
0,0.156944,-0.065696,0.107404,-0.114848,0.08109,-0.086405,0.002739,0.001147
0,-0.098286,0.066686,-0.230792,0.14125,-0.183561,0.122629,0.001715,0.001164
0,0.073913,-0.035733,0.195989,-0.103952,0.22048,-0.116445,0.00129,0.000624
0,0.168113,0.020323,0.102023,0.039196,0.126254,0.023282,0.002934,0.000355
0,-0.067803,0.172858,-0.240697,0.136512,-0.240973,0.181837,0.001183,0.003017
0,0.203597,0.112773,0.271201,-0.068522,0.225808,-0.075017,0.003553,0.001968
0,0.044629,0.177315,-0.187529,0.0511,-0.213033,0.088455,0.000779,0.003095
0,-0.004842,0.066133,-0.032931,-0.138321,0.01643,-0.126654,8.5e-05,0.001154
0,0.007179,0.003373,-0.006012,-0.092098,-0.012646,-0.135823,0.000125,5.9e-05
0,-0.049226,0.143905,-0.033158,0.112238,0.006793,0.12676,0.000859,0.002512
0,0.115243,0.111257,0.177024,-0.013985,0.168686,-0.060156,0.002011,0.001942
0,-0.00611,-0.060094,-0.119931,-0.141991,-0.150028,-0.104131,0.000107,0.001049
0,0.058397,-0.018178,0.062798,0.058295,0.013424,0.046887,0.001019,0.000317
0,0.014837,-0.003331,-0.050852,0.006243,-0.045954,0.010543,0.000259,5.8e-05
0,-0.093971,0.02479,-0.136423,0.006026,-0.096224,0.039786,0.00164,0.000433
0,-0.014885,0.128129,0.079083,0.081174,0.030272,0.058122,0.00026,0.002236
0,-0.104955,0.022461,-0.118591,-0.113119,-0.167111,-0.127899,0.001832,0.000392
0,-0.170163,0.241012,-0.08223,0.239245,-0.125395,0.241331,0.00297,0.003611
0,-0.113433,0.480414,0.05028,0.258532,0.038909,0.299944,0.00198,0.000567
0,-0.486837,0.531545,-0.385435,0.052247,-0.395089,0.030717,0.000679,0.001459
0,-0.409527,0.479388,0.075652,-0.071383,0.070881,-0.042103,0.00067,0.000549
0,-0.390325,0.168462,-0.004312,-0.313495,0.038766,-0.268619,0.001005,0.00294
0,-0.327444,0.053994,0.071731,-0.13764,0.047568,-0.131347,0.002103,0.000942
0,-2.489217,0.32363,-2.13775,0.286708,-2.090104,0.312424,0.003462,0.002169
0,-3.229641,0.540549,-0.752604,0.1969,-0.717736,0.193189,0.001643,0.001616
0,-3.764146,0.432937,-0.509062,-0.09903,-0.466394,-0.080191,0.003154,0.000262
0,-3.81879,0.390148,-0.039434,-0.018779,-0.008129,-0.006184,0.00371,0.001009
0,-3.939833,0.527393,-0.124466,0.164922,-0.171527,0.177369,0.001598,0.001387
0,-2.932494,0.446695,1.013613,-0.098251,0.984119,-0.124462,0.003543,2.2e-05
0,-2.368882,0.091204,0.579339,-0.344739,0.608204,-0.31736,0.002255,0.001592
0,-1.893179,0.043492,0.473867,-0.028348,0.455956,-0.075062,0.001771,0.000759
0,-1.136548,0.089434,0.743636,0.023513,0.694758,0.033059,0.003617,0.001561
0,-0.702452,-0.02247,0.440004,-0.114617,0.456078,-0.148802,0.003376,0.000392
0,-0.266521,-0.084939,0.458575,-0.070195,0.50158,-0.028479,0.003166,0.001482
0,0.102031,0.010289,0.354944,0.090134,0.337703,0.062284,0.001781,0.00018
0,0.32205,0.107551,0.221253,0.121476,0.240608,0.072016,0.002197,0.001877
0,0.261641,0.039238,-0.036127,-0.081812,0.010061,-0.040782,0.003251,0.000685
0,0.462664,0.171864,0.197131,0.104543,0.238092,0.145283,0.000257,0.003
0,0.433773,-0.036827,-0.04385,-0.226773,-0.021085,-0.227153,0.000247,0.000643
0,0.353903,0.044681,-0.073197,0.090521,-0.056022,0.052851,0.001641,0.00078
0,0.244743,0.099655,-0.086087,0.05726,-0.089452,0.019365,0.003546,0.001739
0,0.145981,-0.045883,-0.076165,-0.164254,-0.117859,-0.119271,0.002548,0.000801
0,0.087987,-0.039136,-0.069446,-0.010721,-0.069508,0.01172,0.001536,0.000683
0,-0.13045,-0.02621,-0.225527,0.019678,-0.264939,0.038215,0.002277,0.000457
0,-0.137448,-0.002367,-0.013421,0.043829,-0.061536,0.090245,0.002399,4.1e-05
0,-0.14162,0.056719,-0.003724,0.059499,-0.027808,0.044397,0.002472,0.00099
0,0.126303,-0.05917,0.247477,-0.128076,0.237841,-0.138441,0.002204,0.001033
0,0.053951,-0.000988,-0.058028,0.060275,-0.023678,0.09662,0.000942,1.7e-05
0,0.05456,0.052212,0.025759,0.053422,-0.01328,0.020183,0.000952,0.000911
0,0.057407,-0.070755,0.017253,-0.110358,0.044795,-0.103104,0.001002,0.001235
0,-0.091812,0.11749,-0.134037,0.208547,-0.159796,0.16974,0.001602,0.002051
0,-0.011067,0.065392,0.088354,-0.05192,0.088018,-0.035949,0.000193,0.001141
0,0.071948,-0.044231,0.095286,-0.085702,0.122404,-0.039058,0.001256,0.000772
0,-0.071706,-0.137718,-0.150784,-0.090963,-0.188356,-0.129375,0.001252,0.002404
0,0.016323,0.141982,0.105422,0.25638,0.105461,0.277183,0.000285,0.002478
0,-0.036668,-0.071067,-0.042708,-0.231026,-0.087761,-0.234774,0.00064,0.00124
0,0.047459,-0.13372,0.096341,-0.037515,0.07981,-0.001359,0.000828,0.002334
0,0.031134,-0.116249,-0.020914,-0.004279,-0.00498,-0.025479,0.000543,0.002029
0,-0.001384,0.12342,-0.046146,0.243958,-0.080203,0.262668,2.4e-05,0.002154
0,0.042073,-0.045807,0.035681,-0.148839,0.031605,-0.181979,0.000734,0.000799
0,0.053952,-0.049281,-0.013795,-0.022024,-0.013387,0.015551,0.000942,0.00086
0,-0.05647,-0.098439,-0.1221,-0.077459,-0.100553,-0.037642,0.000986,0.001718
0,0.043372,-0.119052,0.104009,-0.014961,0.063651,0.032351,0.000757,0.002078
0,0.042057,-0.094521,-0.0204,0.032291,-0.054567,-0.011448,0.000734,0.00165
0,0.127447,-0.088714,0.111054,0.007333,0.133619,0.021093,0.002224,0.001548
0,0.019831,0.109577,-0.077632,0.173388,-0.052835,0.141342,0.000346,0.001912
0,0.201117,-0.002681,0.154933,-0.117722,0.19193,-0.154503,0.00351,4.7e-05
0,0.140285,-0.104,-0.060479,-0.101385,-0.052248,-0.065693,0.002448,0.001815
0,0.156583,-0.157496,0.042248,-0.053527,0.091402,-0.016362,0.002733,0.002749
0,0.072858,-0.096318,-0.072725,0.057325,-0.043311,0.0173,0.001272,0.001681
0,0.137391,-0.111074,0.068836,0.009838,0.106955,-0.027999,0.002398,0.001939
0,-1.204433,-0.236094,-1.368542,-0.148658,-1.385275,-0.194079,0.002432,0.003697
0,-1.66959,-0.632599,-0.48866,-0.369563,-0.470656,-0.38943,0.002132,0.003223
0,-1.808833,-0.903064,-0.14026,-0.258404,-0.116953,-0.270758,0.000299,0.000126
0,-1.806413,-0.958128,-0.015054,-0.041078,0.019325,-0.001885,0.000256,0.001087
0,-1.672195,-0.960355,0.127378,-0.013803,0.122283,0.014387,0.002086,0.001126
0,-1.21902,-0.74575,0.467896,0.19019,0.419013,0.202772,0.002178,0.00262
0,-0.903049,-0.625326,0.288218,0.091745,0.284446,0.046218,0.000125,0.003096
0,-0.702743,-0.526685,0.203974,0.075661,0.209785,0.057212,0.003371,0.001375
0,-0.252074,-0.308856,0.474052,0.226309,0.46069,0.188114,0.003418,0.002427
0,0.075222,-0.153986,0.324534,0.162816,0.287336,0.205123,0.001313,0.002688
0,0.162288,-0.139456,0.062294,0.031331,0.105644,0.048154,0.002832,0.002434
0,0.296616,-0.064349,0.10808,0.081845,0.062727,0.11717,0.002641,0.001123
0,0.353155,0.026939,0.032779,0.105719,0.049825,0.097057,0.001654,0.00047
0,0.354441,-0.04993,0.022641,-0.068074,0.049582,-0.064338,0.001632,0.000871
0,0.284988,0.132877,-0.073458,0.169787,-0.025443,0.124303,0.002844,0.002319
0,0.290384,0.051355,0.034317,-0.055171,0.046332,-0.086977,0.00275,0.000896
0,0.208442,0.073856,-0.06091,0.036243,-0.080559,0.036684,0.003638,0.001289
0,-0.060103,0.122375,-0.246272,0.054166,-0.197007,0.018727,0.001049,0.002136
0,0.057929,0.103002,0.140646,-0.03639,0.167317,-0.034477,0.001011,0.001798
0,-0.044137,0.049716,-0.109114,-0.033232,-0.135986,0.002247,0.00077,0.000868
0,0.058721,0.067165,0.132379,0.010553,0.102537,0.008932,0.001025,0.001172
0,-0.089739,0.088655,-0.175788,0.004744,-0.199787,0.036037,0.001566,0.001547
0,-0.125421,0.167178,-0.051715,0.062694,-0.084241,0.035229,0.002189,0.002918
0,0.094848,-0.021639,0.213119,-0.190734,0.191607,-0.222841,0.001655,0.000378
0,-0.190249,0.117198,-0.303583,0.120063,-0.334793,0.093638,0.00332,0.002045
0,-0.083265,0.111348,0.092564,0.011035,0.106906,0.045265,0.001453,0.001943
0,0.007119,0.122147,0.110313,-0.017422,0.067426,-0.067404,0.000124,0.002132
0,0.100663,-0.003367,0.070537,-0.15213,0.08859,-0.179505,0.001757,5.9e-05
0,0.048144,0.045854,-0.026017,0.07453,-0.048801,0.035874,0.00084,0.0008
0,-0.117335,0.206225,-0.149201,0.143128,-0.177455,0.136534,0.002048,0.003599
0,0.067228,-0.015905,0.209503,-0.242908,0.175271,-0.205286,0.001173,0.000278
0,-0.077196,0.16638,-0.168054,0.163052,-0.13219,0.155231,0.001347,0.002904
0,0.080197,0.237636,0.153344,0.096264,0.16369,0.071257,0.0014,0.00367
0,-0.039126,0.137486,-0.110191,-0.084091,-0.150153,-0.084152,0.000683,0.0024
0,-0.176068,-0.050186,-0.12751,-0.211983,-0.097165,-0.189019,0.003073,0.000876
0,-0.176521,0.1359,-0.029006,0.209025,-0.008901,0.209124,0.003081,0.002372
0,-0.18958,0.085602,-0.023527,-0.048556,-0.044267,-0.049655,0.003309,0.001494
0,-0.107035,-0.030433,0.104095,-0.10159,0.154041,-0.142189,0.001868,0.000531
0,-0.057417,0.014856,0.033834,0.033116,0.020107,-0.006244,0.001002,0.000259
0,-0.168532,0.052396,-0.090135,0.053592,-0.108992,0.096033,0.002941,0.000914
0,-0.021079,0.04296,0.163956,-0.014536,0.213305,0.03202,0.000368,0.00075
0,-0.12665,-0.054778,-0.112859,-0.104065,-0.086019,-0.145468,0.00221,0.000956
0,-0.075389,-0.011552,0.033445,0.029012,0.043747,0.057651,0.001316,0.000202
0,-0.1125,0.005915,-0.032107,0.019431,0.015574,0.053766,0.001963,0.000103
0,0.102441,-0.143776,0.236423,-0.175856,0.216825,-0.14065,0.001788,0.002509
0,-0.002937,0.052247,-0.122239,0.182546,-0.159842,0.13582,5.1e-05,0.000912
0,-0.080362,0.053052,-0.091506,-0.026444,-0.049961,-0.052003,0.001403,0.000926
0,0.107782,0.026895,0.170596,-0.025748,0.195159,0.011293,0.001881,0.000469
0,-0.058065,0.09611,-0.146027,0.064565,-0.120864,0.112106,0.001013,0.001677
0,-0.083755,0.107519,-0.010796,0.006866,0.000638,-0.003283,0.001462,0.001877
0,0.125075,0.061256,0.202608,-0.068072,0.193065,-0.022722,0.002183,0.001069
0,0.217236,0.069728,0.08669,-0.006058,0.112104,-0.028044,0.003791,0.001217
0,0.107001,-0.134704,-0.102952,-0.181003,-0.055029,-0.164056,0.001868,0.002351
0,0.112054,0.028985,0.001539,0.149799,0.02449,0.165806,0.001956,0.000506
0,0.188507,-0.132927,0.090998,-0.151057,0.072537,-0.198301,0.00329,0.00232
0,-0.009674,-0.098347,-0.223202,0.012858,-0.216552,0.043055,0.000169,0.001716
0,0.133655,-0.084413,0.141663,0.010527,0.098315,0.048544,0.002333,0.001473
0,0.048005,0.068951,-0.097844,0.135812,-0.099834,0.12874,0.000838,0.001203
0,0.10344,0.081032,0.069532,-0.004716,0.054647,-0.002015,0.001805,0.001414
0,0.084981,0.047507,-0.016241,-0.038335,-0.041716,-0.072905,0.001483,0.000829
0,-0.055347,-0.003151,-0.122124,-0.056448,-0.133252,-0.056845,0.000966,5.5e-05
0,0.105757,-0.030512,0.168689,-0.010051,0.188014,-0.055682,0.001846,0.000533
0,0.035222,-0.036475,-0.094033,0.013046,-0.049156,0.040638,0.000615,0.000637
0,0.103747,-0.120257,0.097894,-0.054657,0.131887,-0.041001,0.001811,0.002099
0,-0.060991,0.062032,-0.191253,0.180005,-0.205011,0.181033,0.001064,0.001083
0,0.103476,-0.016679,0.182726,-0.103544,0.15172,-0.06772,0.001806,0.000291
0,0.147371,0.150629,0.067022,0.171572,0.111273,0.138077,0.002572,0.002629
0,-0.088104,-0.014397,-0.212206,-0.159224,-0.204219,-0.201467,0.001538,0.000251
0,-0.011207,0.032715,0.089426,0.026896,0.041028,-0.010789,0.000196,0.000571
0,0.080499,0.009532,0.116953,0.006482,0.129455,-0.011466,0.001405,0.000166
0,-0.024857,-0.001666,-0.099347,-0.036384,-0.147801,-0.018537,0.000434,2.9e-05
0,0.160891,-0.131086,0.192409,-0.137631,0.172208,-0.103312,0.002808,0.002288
0,0.150344,0.092757,-0.023493,0.221433,-0.047837,0.185382,0.002624,0.001619
0,0.040587,-0.008285,-0.115426,-0.104207,-0.141241,-0.071513,0.000708,0.000145
0,0.11638,-0.026071,0.063085,-0.014408,0.106344,-0.035492,0.002031,0.000455
0,-0.034898,-0.093795,-0.180231,-0.077539,-0.198235,-0.036057,0.000609,0.001637
0,0.006062,0.052151,0.062904,0.140273,0.046526,0.151347,0.000106,0.00091
0,0.075765,0.09047,0.096148,0.00944,0.143619,0.025449,0.001322,0.001579
0,0.118111,0.088609,0.031507,-0.016306,0.018497,0.01631,0.002061,0.001547
0,0.065283,0.116639,-0.035676,0.056244,-0.050773,0.055562,0.001139,0.002036
0,-0.063799,-0.167289,-0.125734,-0.270939,-0.134607,-0.233232,0.001114,0.00292
0,0.0529,-0.012813,0.098322,0.168875,0.094526,0.170043,0.000923,0.000224
0,0.135451,0.012463,0.06686,0.033166,0.04899,0.066842,0.002364,0.000218
0,-0.038316,0.005591,-0.152457,0.020777,-0.106055,0.049919,0.000669,9.8e-05
0,-0.06651,0.097805,-0.031607,0.107598,-0.035696,0.141483,0.001161,0.001707
0,-0.065084,0.082581,-0.010246,-0.005258,0.019264,0.036489,0.001136,0.001441
0,-0.041169,-0.09504,0.026389,-0.18381,-0.017514,-0.148213,0.000719,0.001659
0,0.04862,0.080049,0.092234,0.168392,0.044678,0.158204,0.000849,0.001397
0,-1.413442,-0.790633,-1.477814,-0.878158,-1.515716,-0.866431,0.001216,0.001837
0,-4.102923,-0.868247,-2.660238,-0.075307,-2.696472,-0.074244,0.001249,0.000482
0,-4.968132,-0.836386,-0.85222,0.061529,-0.839073,0.106386,0.000714,0.001038
0,-4.622189,-0.677621,0.346305,0.170107,0.31783,0.207138,0.002494,0.003809
0,-4.397778,-0.659078,0.204822,0.003715,0.243932,-0.023968,0.001423,0.003685
0,-3.966147,-0.5878,0.430493,0.090543,0.472166,0.045743,0.001139,0.002441
0,-3.298551,-0.358215,0.661723,0.250333,0.626938,0.251956,0.002845,0.001566
0,-2.537612,-0.250279,0.784079,0.082443,0.828025,0.052402,0.002618,0.00345
0,-1.646448,-0.205709,0.863832,0.035536,0.877666,0.038704,0.002536,0.00359
0,-1.138906,-0.007163,0.521397,0.198684,0.532024,0.239745,0.003576,0.000125
0,-0.386365,0.002666,0.743448,0.039744,0.74003,0.086782,0.001075,4.7e-05
0,-0.416905,-0.070386,-0.018057,-0.095315,-0.057898,-0.06454,0.000542,0.001228
0,-0.498008,0.082579,-0.103105,0.175366,-0.112766,0.161715,0.000874,0.001441
0,-0.465871,-0.00124,0.035679,-0.10786,0.080947,-0.077295,0.000313,2.2e-05
0,-0.314438,-0.140834,0.164052,-0.127159,0.1697,-0.098388,0.00233,0.002458
0,-0.255406,0.109799,0.059524,0.244851,0.04344,0.252349,0.00336,0.001916
0,-0.259743,0.079648,-0.017299,-0.016398,-0.048786,-0.059235,0.003285,0.00139
0,-0.438208,0.058698,-0.198574,-0.022976,-0.158313,-0.029196,0.00017,0.001024
0,-0.34261,0.142233,0.087296,0.05889,0.076578,0.072689,0.001838,0.002482
0,-0.443549,0.076292,-0.122742,-0.041792,-0.086754,-0.050396,7.6e-05,0.001332
0,-0.362254,0.001509,0.103551,-0.077491,0.102832,-0.120977,0.001495,2.6e-05
0,-0.161526,0.084158,0.17257,0.05363,0.17089,0.047553,0.002819,0.001469
0,-0.301124,0.084186,-0.157652,0.026659,-0.156792,0.02358,0.002562,0.001469
0,-0.091182,0.048496,0.215533,-0.006962,0.193478,-0.043111,0.001591,0.000846
0,-0.237141,-0.014665,-0.124608,-0.060978,-0.169671,-0.103554,0.003679,0.000256
0,-0.253405,0.100989,-0.002327,0.123399,-0.042687,0.140153,0.003395,0.001763
0,-0.214437,-0.116312,0.039143,-0.230277,0.04139,-0.237382,0.003743,0.00203
0,-0.027977,0.122248,0.163832,0.223484,0.146803,0.214292,0.000488,0.002134
0,-0.000571,0.003624,0.055972,-0.090187,0.067796,-0.084146,1e-05,6.3e-05
0,-0.0364,0.112382,-0.059756,0.102113,-0.032295,0.151701,0.000635,0.001961
0,0.09197,0.005621,0.142251,-0.093899,0.130376,-0.079954,0.001605,9.8e-05
0,0.074608,0.051947,-0.005444,0.064781,0.013563,0.067906,0.001302,0.000907
0,-0.101662,0.089256,-0.17397,0.014904,-0.212811,0.005695,0.001774,0.001558
0,-0.151481,0.043187,-0.022191,-0.0707,0.022923,-0.068965,0.002644,0.000754
0,0.001806,-0.046528,0.1451,-0.08052,0.099471,-0.062468,3.2e-05,0.000812
0,-0.18395,0.100515,-0.160225,0.125207,-0.204066,0.12363,0.003211,0.001754
0,-0.034351,-0.148256,0.16871,-0.239778,0.170465,-0.215078,0.0006,0.002588
0,-0.087801,0.015334,-0.03655,0.136265,-0.047587,0.167096,0.001532,0.000268
0,-0.238117,0.121216,-0.162045,0.082359,-0.112924,0.054238,0.003662,0.002116
0,-0.000606,-0.02492,0.267194,-0.136738,0.306412,-0.163041,1.1e-05,0.000435
0,-0.135724,-0.09124,-0.146198,-0.086082,-0.17901,-0.101509,0.002369,0.001592
0,0.07755,-0.116974,0.24309,-0.033793,0.224864,-0.01821,0.001354,0.002042
0,-0.129271,0.029403,-0.197705,0.15369,-0.226832,0.112027,0.002256,0.000513
0,-0.036824,0.1237,0.097556,0.095845,0.118524,0.07421,0.000643,0.002159
0,0.008251,0.004451,0.038588,-0.126268,0.061543,-0.143071,0.000144,7.8e-05
0,0.024846,-0.083188,0.033538,-0.070464,0.028377,-0.085093,0.000434,0.001452
0,-0.10592,0.094045,-0.110009,0.196929,-0.076919,0.241039,0.001849,0.001641
0,-0.047908,-0.107313,0.075842,-0.222064,0.070006,-0.237136,0.000836,0.001873
0,-0.010116,0.065263,0.025383,0.170714,0.006817,0.203365,0.000177,0.001139
0,0.079111,-0.056573,0.070024,-0.109524,0.065808,-0.065407,0.001381,0.000987
0,0.032793,0.093857,-0.039415,0.156576,-0.077082,0.170317,0.000572,0.001638
0,-0.015708,0.139182,-0.022345,0.023981,-0.046536,0.057803,0.000274,0.002429
0,2.189292,0.360122,2.225718,0.246127,2.234433,0.238852,0.000879,0.001533
0,3.828106,0.485053,1.657344,0.142435,1.638107,0.122523,0.003548,0.000648
0,4.242346,0.449786,0.391275,-0.038047,0.395356,-0.027038,0.003682,3.2e-05
0,3.041478,1.035063,-1.194819,0.608973,-1.232649,0.56742,0.001641,0.002429
0,1.623917,0.963821,-1.435775,-0.093279,-1.476568,-0.098347,0.002929,0.001186
0,0.263975,1.30168,-1.334597,0.33369,-1.358765,0.366308,0.003211,0.000735
0,0.090519,1.164667,-0.189883,-0.116783,-0.181763,-0.128615,0.00158,0.003126
0,-0.911869,1.1576,-1.022876,0.018413,-1.062903,-0.003623,0.000279,0.00325
0,-0.969683,0.691875,-0.071998,-0.442889,-0.041466,-0.407509,0.001288,0.00356
0,-1.371565,0.522606,-0.373114,-0.192142,-0.353232,-0.162291,0.000485,0.001303
0,-1.178173,0.166327,0.206302,-0.356482,0.196846,-0.380033,0.002891,0.002903
0,-1.081813,-0.030429,0.07471,-0.201001,0.042919,-0.233561,0.003245,0.000531
0,-0.839866,0.041216,0.217379,0.054357,0.214729,0.026142,0.000977,0.000719
0,-0.573808,0.047081,0.245957,0.018545,0.240734,0.030572,0.002197,0.000822
0,-0.640525,-0.192334,-0.07555,-0.239522,-0.0674,-0.250145,0.003361,0.003357
0,-0.334457,0.001069,0.331917,0.16849,0.314789,0.209105,0.001981,1.9e-05
0,-0.199613,-0.015925,0.152672,-0.005178,0.164473,0.037815,0.003484,0.000278
0,-0.154897,-0.102394,0.059341,-0.08071,0.029309,-0.060881,0.002703,0.001787
0,0.090722,-0.100223,0.235944,-0.024341,0.228047,-0.032864,0.001583,0.001749
0,-0.014801,-0.091692,-0.078737,-0.002472,-0.078735,-6.7e-05,0.000258,0.0016
0,-0.015946,-0.178484,0.019058,-0.086747,0.035481,-0.047178,0.000278,0.003115
0,0.00437,-0.122447,0.011316,0.064667,-0.009297,0.066447,7.6e-05,0.002137
0,-0.052952,-0.15731,-0.036102,-0.027185,0.010996,-0.063903,0.000924,0.002746
0,1.169299,-0.147755,1.241096,-0.005825,1.236064,-0.026289,0.003046,0.002579
0,3.00098,-0.148756,1.844317,0.027779,1.834818,-0.017362,0.002348,0.002596
0,3.55647,-0.105458,0.546039,0.069345,0.545761,0.103931,0.000471,0.001841
0,2.778006,0.091824,-0.765894,0.201319,-0.809344,0.230199,0.001578,0.001603
0,2.800132,0.026839,0.046734,-0.07541,0.065066,-0.070509,0.001964,0.000468
0,2.21446,-0.032613,-0.572777,-0.055668,-0.547079,-0.041657,0.00044,0.000569
0,1.865038,0.020157,-0.350609,0.026893,-0.304617,0.068939,0.00128,0.000352
0,1.428006,-0.007146,-0.443191,-0.018849,-0.449824,-0.060341,0.00147,0.000125
0,0.999428,0.1316,-0.446949,0.149827,-0.42384,0.100956,0.001808,0.002297
0,0.388402,0.232689,-0.627989,0.081497,-0.584519,0.031597,0.001039,0.003757
0,0.098616,0.066217,-0.292598,-0.164375,-0.326327,-0.19231,0.001721,0.001156
0,-0.020228,-0.076604,-0.136269,-0.17138,-0.185815,-0.138966,0.000353,0.001337
0,0.063865,0.077482,0.095547,0.153154,0.10846,0.1534,0.001115,0.001352
0,0.034303,0.005762,-0.010307,-0.050441,-0.027696,-0.077591,0.000599,0.000101
0,-0.219585,0.087415,-0.227264,0.080843,-0.256246,0.114879,0.003832,0.001526
0,-0.372639,-0.039701,-0.141006,-0.151347,-0.097066,-0.158908,0.001314,0.000693
0,-0.265313,0.051114,0.12192,0.104191,0.099867,0.130244,0.003187,0.000892
0,-0.077688,0.103436,0.197931,0.035484,0.156236,0.047305,0.001356,0.001805
0,-0.278076,-0.085981,-0.197469,-0.170749,-0.151929,-0.149661,0.002965,0.001501
0,-0.1658,0.016372,0.096578,0.126502,0.117187,0.128269,0.002894,0.000286
0,-0.01579,0.12112,0.178379,0.130545,0.133182,0.101922,0.000276,0.002114
0,-0.017796,0.000704,0.019253,-0.101545,0.03166,-0.102211,0.000311,1.2e-05
0,-0.034676,0.057662,-0.028843,0.03332,-0.037036,0.032287,0.000605,0.001006
0,-0.068104,0.12759,-0.056137,0.059486,-0.040013,0.082035,0.001189,0.002227
0,0.114926,0.143744,0.170059,0.010769,0.177076,-0.037761,0.002006,0.002509
0,0.008148,0.096847,-0.082842,-0.062028,-0.037626,-0.022975,0.000142,0.00169
0,0.027217,-0.071798,0.01726,-0.16478,0.050126,-0.172593,0.000475,0.001253
0,0.105756,0.1515,0.072108,0.200303,0.055386,0.216331,0.001846,0.002644
0,-0.176439,-0.016691,-0.291152,-0.196999,-0.324639,-0.175962,0.003079,0.000291
0,0.086875,-0.056377,0.272876,-0.051004,0.269682,-0.019403,0.001516,0.000984
0,0.056157,0.122933,-0.006286,0.157028,-0.018374,0.113454,0.00098,0.002146
0,-0.033391,-0.107497,-0.107691,-0.254711,-0.080651,-0.270081,0.000583,0.001876
0,-0.069204,0.107252,-0.038962,0.244595,-0.02694,0.197852,0.001208,0.001872
0,0.031448,0.077217,0.079972,-0.059701,0.076323,-0.080739,0.000549,0.001348
0,0.073442,0.001888,0.057028,-0.081191,0.107007,-0.068828,0.001282,3.3e-05
0,0.012031,0.160408,-0.038867,0.154828,-0.001731,0.181272,0.00021,0.0028
0,0.193385,0.049903,0.19693,-0.115289,0.224638,-0.102945,0.003375,0.000871
0,0.118374,0.046802,-0.065716,0.001262,-0.067283,0.043781,0.002066,0.000817
0,0.035562,0.127996,-0.092414,0.065916,-0.049609,0.089578,0.000621,0.002234
0,-0.10045,0.154678,-0.154887,0.018617,-0.192825,-0.001024,0.001753,0.0027
0,0.048409,-0.05471,0.141196,-0.225269,0.19037,-0.234845,0.000845,0.000955
0,0.062435,-0.03394,-0.01354,0.015626,-0.039162,0.026546,0.00109,0.000592
0,0.071337,-0.058127,-0.00836,-0.003004,-0.017852,0.020851,0.001245,0.001015
0,-0.118352,-0.065068,-0.196312,0.007171,-0.209783,0.02595,0.002066,0.001136
0,-0.06261,0.051908,0.058366,0.138706,0.100004,0.140519,0.001093,0.000906
0,0.093404,-0.031604,0.169836,-0.07792,0.169334,-0.065782,0.00163,0.000552
0,-0.114344,0.008499,-0.192895,0.045641,-0.185021,0.01568,0.001996,0.000148
0,0.042909,-0.129898,0.153123,-0.158037,0.172318,-0.169947,0.000749,0.002267
0,0.022439,0.007414,-0.045029,0.12099,-0.054283,0.116919,0.000392,0.000129
0,-0.193017,-0.054989,-0.210963,-0.070687,-0.165179,-0.076603,0.003369,0.00096
0,-0.075952,0.141156,0.129396,0.203651,0.164988,0.219353,0.001326,0.002464
0,0.028146,0.144688,0.102617,-0.019604,0.089697,-0.015102,0.000491,0.002525
0,-0.173472,0.019521,-0.227809,-0.114551,-0.19979,-0.076686,0.003028,0.000341
0,-0.066112,0.098766,0.08772,0.090282,0.131403,0.082413,0.001154,0.001724
0,-0.202142,0.15616,-0.12032,0.07019,-0.135261,0.096234,0.003528,0.002725
0,0.027392,0.026095,0.223565,-0.145626,0.223362,-0.145501,0.000478,0.000455
0,0.004796,0.178735,-0.024513,0.160442,0.003474,0.131553,8.4e-05,0.00312
0,-0.097088,0.158036,-0.084722,0.003212,-0.11222,-0.019898,0.001695,0.002758
0,0.040181,0.100021,0.16387,-0.033855,0.146051,-0.010508,0.000701,0.001746
0,0.038611,-0.00205,-0.011008,-0.079245,-0.055835,-0.112318,0.000674,3.6e-05
0,0.056486,0.022612,-0.004503,0.023431,0.024706,0.029252,0.000986,0.000395
0,0.063363,0.115764,0.005751,0.115461,0.007261,0.158455,0.001106,0.00202
0,0.056785,-0.045026,-0.011771,-0.142545,-0.032567,-0.178315,0.000991,0.000786
0,-0.049142,-0.018585,-0.112328,0.042567,-0.126331,0.023229,0.000858,0.000324
0,0.064347,0.185105,0.084032,0.215861,0.055806,0.195099,0.001123,0.003231
0,-0.039698,0.151076,-0.129205,-0.013738,-0.169537,0.01871,0.000693,0.002637
0,-0.023383,0.093895,0.00991,-0.045618,-0.026814,-0.070382,0.000408,0.001639
0,-0.058217,-0.034208,-0.062962,-0.104233,-0.040838,-0.14316,0.001016,0.000597
0,-0.081255,0.148938,-0.024988,0.205319,0.00534,0.229063,0.001418,0.002599
0,-0.046021,0.114168,0.045255,-0.019086,0.032647,-0.004226,0.000803,0.001993
0,-0.006359,0.162492,0.022859,0.072628,-0.01981,0.049642,0.000111,0.002836
0,0.183357,0.12829,0.1796,-0.056211,0.183646,-0.02663,0.0032,0.002239
0,0.114243,-0.05065,-0.088603,-0.149007,-0.077491,-0.103833,0.001994,0.000884
0,-0.039343,-0.031454,-0.129087,0.031842,-0.161495,0.046488,0.000687,0.000549
0,0.162579,0.09351,0.176424,0.143346,0.171513,0.142322,0.002838,0.001632
0,0.00707,0.024322,-0.171263,-0.087988,-0.148951,-0.049456,0.000123,0.000425
0,-0.048211,0.186687,-0.079234,0.166075,-0.094336,0.128947,0.000841,0.003258
0,-0.029548,0.092935,0.011272,-0.073496,0.013703,-0.090451,0.000516,0.001622
0,0.230847,0.008175,0.285544,-0.105822,0.256721,-0.130449,0.003789,0.000143
0,-0.000304,-0.10161,-0.222487,-0.120267,-0.220038,-0.143276,5e-06,0.001773
0,0.028876,0.017246,0.056598,0.147563,0.015584,0.157435,0.000504,0.000301
0,-0.012837,0.053257,-0.042489,0.034457,-0.037568,-0.012708,0.000224,0.00093
0,0.27443,0.060772,0.313082,-0.014262,0.292757,0.008693,0.003028,0.001061
0,0.117344,0.17724,-0.157609,0.124202,-0.156928,0.091466,0.002048,0.003093
0,0.180665,0.000181,0.091535,-0.147671,0.083499,-0.147256,0.003153,3e-06
0,0.046866,0.040986,-0.156069,0.014136,-0.16475,0.033594,0.000818,0.000715
0,0.195702,0.120687,0.133329,0.104586,0.130034,0.119742,0.003416,0.002106
0,0.108054,-0.129076,-0.095276,-0.231582,-0.0881,-0.254087,0.001886,0.002253
0,0.297484,0.011159,0.20924,0.129686,0.164473,0.087534,0.002626,0.000195
0,0.18849,-0.06499,-0.079747,-0.095296,-0.036261,-0.113462,0.00329,0.001134
0,0.20396,-0.118876,-0.008476,-0.063843,-0.053347,-0.112862,0.00356,0.002075
0,0.225639,0.039269,-0.003937,0.170487,0.038577,0.157536,0.00388,0.000685
0,0.057004,0.061525,-0.172161,-0.000949,-0.186968,0.008321,0.000995,0.001074
0,0.028877,-0.122437,-0.023767,-0.16377,-0.038944,-0.130737,0.000504,0.002137
0,-0.029484,0.135432,-0.058374,0.262898,-0.088905,0.234875,0.000515,0.002364
0,-0.078185,0.168962,-0.061053,0.012089,-0.038014,0.021583,0.001365,0.002949
0,-0.051256,0.012318,0.014354,-0.142431,-0.02667,-0.10564,0.000895,0.000215
0,-0.051969,0.146615,-0.028143,0.124381,-0.006908,0.124331,0.000907,0.002559
0,-0.009057,0.012777,0.047465,-0.154119,0.048318,-0.115528,0.000158,0.000223
0,-0.000124,0.011543,-0.001731,0.023827,-0.029097,0.037621,2e-06,0.000201
0,0.014957,-0.017352,0.039774,-0.056922,0.002734,-0.062246,0.000261,0.000303
0,0.135411,-0.023443,0.113059,0.005571,0.150907,0.015499,0.002363,0.000409
0,0.179653,-0.012316,0.042069,0.015067,0.026247,0.041232,0.003136,0.000215
0,0.087301,-0.00198,-0.09807,0.00713,-0.094883,0.003767,0.001524,3.5e-05
0,0.113767,-0.076856,0.009137,-0.069634,-0.029828,-0.044923,0.001986,0.001341
0,-0.116321,0.080213,-0.240243,0.158108,-0.224392,0.147867,0.00203,0.0014
0,0.029854,-0.033718,0.13649,-0.140288,0.153833,-0.169382,0.000521,0.000588
0,0.034447,0.127764,-0.023626,0.147347,-0.035575,0.115434,0.000601,0.00223
0,0.059641,-0.100127,0.042949,-0.209828,-0.006915,-0.209623,0.001041,0.001748
0,0.153312,0.014363,0.082657,0.115929,0.124387,0.098744,0.002676,0.000251
0,0.021785,0.007066,-0.111735,-0.024967,-0.13022,-0.07076,0.00038,0.000123
0,0.013431,0.056925,0.007593,0.033062,0.008263,0.043729,0.000234,0.000994
0,0.196684,-0.070743,0.17089,-0.1382,0.201842,-0.170076,0.003433,0.001235
0,0.236468,0.013339,0.054082,0.097324,0.015379,0.066939,0.003691,0.000233
0,0.310299,0.188467,0.0778,0.15033,0.109631,0.115331,0.002402,0.003289
0,0.108638,-0.087128,-0.228345,-0.288414,-0.24821,-0.297161,0.001896,0.001521
0,0.243136,0.044854,0.114616,0.1291,0.133823,0.146862,0.003574,0.000783
0,0.177274,0.059821,-0.088443,0.044,-0.108263,0.040912,0.003094,0.001044
0,-0.058061,0.014515,-0.263074,-0.067543,-0.244552,-0.071901,0.001013,0.000253
0,-0.019001,-0.066888,0.023009,-0.09417,0.018792,-0.076262,0.000332,0.001167
0,0.186052,0.103641,0.203363,0.161323,0.181392,0.203291,0.003247,0.001809
0,0.032748,0.088797,-0.155919,-0.037121,-0.137956,-0.006,0.000572,0.00155
0,0.193834,0.164123,0.145042,0.072328,0.098264,0.081564,0.003383,0.002864
0,-0.013734,0.024336,-0.196288,-0.139128,-0.240484,-0.182738,0.00024,0.000425
0,0.079313,0.00941,0.102453,0.003725,0.063811,0.010246,0.001384,0.000164
0,0.011112,0.17812,-0.089132,0.194729,-0.129027,0.176387,0.000194,0.003109
0,0.028987,0.146946,0.045408,-0.044755,0.04489,-0.05077,0.000506,0.002565
0,-0.01193,0.074547,-0.032002,-0.087104,0.012886,-0.089881,0.000208,0.001301
0,-0.106983,-0.067534,-0.094415,-0.112272,-0.072812,-0.137038,0.001867,0.001179
0,0.106728,-0.017443,0.198178,0.073944,0.211646,0.063345,0.001863,0.000304
0,0.053912,0.163929,-0.056968,0.208752,-0.078043,0.167144,0.000941,0.002861
0,0.016501,0.005623,-0.010595,-0.129539,-0.054357,-0.139969,0.000288,9.8e-05
0,0.240155,0.036082,0.241149,0.033605,0.250592,0.078673,0.003626,0.00063
0,0.223935,0.158348,-0.013468,0.122285,0.013614,0.106741,0.003908,0.002764
0,0.257006,0.164637,0.008648,0.017887,0.020858,0.017032,0.003332,0.002873
0,0.081866,0.090984,-0.189098,-0.097575,-0.211026,-0.068316,0.001429,0.001588
0,0.019884,-0.022693,-0.035632,-0.139429,-0.010445,-0.1728,0.000347,0.000396
0,0.120959,0.002444,0.080578,0.035603,0.057652,0.008979,0.002111,4.3e-05
0,0.022452,0.043208,-0.117336,0.039686,-0.087274,0.016411,0.000392,0.000754
0,0.195419,-0.043642,0.170848,-0.074319,0.150732,-0.026128,0.003411,0.000762
0,-0.075549,-0.003093,-0.272953,0.045473,-0.303516,0.019743,0.001319,5.4e-05
0,0.031415,0.124437,0.091586,0.129563,0.128061,0.17911,0.000548,0.002172
0,0.012021,0.089328,0.008487,-0.03675,0.015543,-0.073558,0.00021,0.001559
0,-0.034256,0.134082,-0.03203,0.015763,0.000394,0.029374,0.000598,0.00234
0,-0.048061,-0.051025,-0.039655,-0.21316,-0.032263,-0.221733,0.000839,0.000891
0,-0.119059,0.100368,-0.099287,0.177547,-0.086867,0.192251,0.002078,0.001752
0,-0.023959,0.028104,0.093119,-0.073516,0.115858,-0.09858,0.000418,0.000491
0,-0.09315,0.057431,-0.055047,0.003708,-0.056551,-0.000141,0.001626,0.001002
0,-0.097742,0.03789,0.020734,-0.034892,-0.023381,0.007094,0.001706,0.000661
0,-0.458789,0.710217,-0.332789,0.650988,-0.293672,0.640793,0.00019,0.00324
0,-1.055092,1.180623,-0.602636,0.488767,-0.586495,0.473684,0.002779,0.002848
0,-0.952548,1.080413,0.083141,-0.083128,0.111894,-0.103768,0.000989,0.003221
0,-1.186918,1.602494,-0.253239,0.506161,-0.265346,0.506377,0.002738,0.003303
0,-1.025668,1.305853,0.139535,-0.273747,0.17333,-0.288725,0.002266,0.000662
0,-0.958615,0.961268,0.078799,-0.363434,0.080714,-0.31749,0.001095,0.001142
0,-0.500218,0.898878,0.48148,-0.059162,0.522491,-0.059567,0.000913,5.3e-05
0,-0.265101,0.549513,0.257317,-0.350943,0.29621,-0.321387,0.003191,0.001773
0,-0.33389,0.208336,-0.068844,-0.318218,-0.043053,-0.362742,0.00199,0.003636
0,-0.069376,0.267314,0.276473,0.053586,0.28721,0.07892,0.001211,0.003152
0,0.169573,0.077745,0.250268,-0.193631,0.246287,-0.189609,0.00296,0.001357
0,0.143157,-0.047485,-0.026676,-0.14249,-0.064331,-0.117588,0.002499,0.000829
0,0.115619,-0.142474,-0.036541,-0.113659,-0.003358,-0.107031,0.002018,0.002487
0,0.20792,-0.145334,0.097036,0.011402,0.048217,-0.007799,0.003629,0.002537
0,0.092145,-0.022124,-0.131941,0.10446,-0.176727,0.059613,0.001608,0.000386
0,0.364722,-0.161748,0.286386,-0.148901,0.266433,-0.186383,0.001452,0.002823
0,0.313026,-0.287065,-0.080011,-0.106878,-0.098862,-0.0789,0.002355,0.002808
0,0.120095,-0.059767,-0.209375,0.219469,-0.19706,0.26429,0.002096,0.001043
0,0.093561,-0.068741,-0.015284,-0.013553,-0.003261,0.004744,0.001633,0.0012
0,0.062374,0.055144,-0.052987,0.13476,-0.029949,0.167357,0.001089,0.000962
0,0.009769,-0.051447,-0.074627,-0.115041,-0.029953,-0.090803,0.000171,0.000898
0,-0.123236,-0.020433,-0.116892,0.045292,-0.157176,0.058069,0.002151,0.000357
0,0.153952,-0.161137,0.249952,-0.126763,0.221708,-0.167552,0.002687,0.002812
0,-0.043277,0.020941,-0.212006,0.193138,-0.181234,0.208595,0.000755,0.000365
0,0.064936,-0.018832,0.087941,-0.01053,0.097901,-0.057269,0.001133,0.000329
0,-0.115061,-0.114601,-0.208388,-0.086382,-0.221526,-0.109563,0.002008,0.002
0,-0.001925,0.026099,0.106793,0.15916,0.097117,0.170514,3.4e-05,0.000456
0,0.114101,0.033406,0.102867,0.000563,0.116697,-0.030063,0.001991,0.000583
0,0.065479,-0.104418,-0.026183,-0.162007,0.006593,-0.141659,0.001143,0.001822
0,0.061612,-0.081883,0.021151,0.016264,0.067139,0.029749,0.001075,0.001429
0,0.076458,-0.07553,0.002896,0.002209,-0.016147,-0.030297,0.001334,0.001318
0,-0.028943,-0.181113,-0.08791,-0.080597,-0.066526,-0.119214,0.000505,0.003161
0,-0.014072,0.081175,0.023971,0.275447,0.046748,0.263992,0.000246,0.001417
0,0.09503,0.102142,0.11189,0.025834,0.111946,0.067087,0.001659,0.001783
0,-0.031474,0.092963,-0.102977,-0.03302,-0.056603,0.012784,0.000549,0.001623
0,-0.066903,0.108757,-0.009428,-0.014083,0.015779,-0.05018,0.001168,0.001898
0,0.094354,0.10987,0.180571,0.02129,0.225679,-0.000731,0.001647,0.001918
0,-0.129756,0.103243,-0.234708,-0.029284,-0.223499,-0.011865,0.002265,0.001802
0,-0.027449,0.11543,0.099244,0.031149,0.113511,-0.015392,0.000479,0.002015
0,-0.235021,-0.01163,-0.206072,-0.122306,-0.193777,-0.156492,0.003716,0.000203
0,-0.192359,0.146729,0.063062,0.182118,0.070528,0.220987,0.003357,0.002561
0,-0.037762,0.074704,0.153133,-0.070417,0.149424,-0.074035,0.000659,0.001304
0,-0.175842,0.139129,-0.123367,0.075234,-0.084616,0.037515,0.003069,0.002428
0,-0.248762,0.131823,-0.086515,-0.008567,-0.135828,0.033465,0.003476,0.002301
0,-0.238748,-0.02235,0.031022,-0.13731,0.014719,-0.184571,0.003651,0.00039
0,-0.07399,0.187149,0.169741,0.222772,0.18425,0.216159,0.001291,0.003266
0,-0.202753,-0.011869,-0.120439,-0.181896,-0.073142,-0.199927,0.003539,0.000207
0,-0.102221,-0.001562,0.079978,0.018427,0.091489,0.003877,0.001784,2.7e-05
0,-0.132672,-0.023706,-0.013447,-0.018543,-0.015176,-0.010932,0.002316,0.000414
0,-0.158919,-0.037113,-0.043525,0.009033,0.003087,0.016895,0.002774,0.000648
0,-0.031021,-0.012821,0.120636,0.012811,0.147005,0.01289,0.000541,0.000224
0,-0.091858,0.101882,-0.061559,0.110025,-0.031786,0.143914,0.001603,0.001778
0,-0.111448,0.057212,-0.000738,-0.041599,-0.010756,-0.018377,0.001945,0.000999
0,-0.002508,-0.060861,0.1328,-0.117512,0.115133,-0.135073,4.4e-05,0.001062
0,0.026323,0.001968,0.024842,0.062932,0.058855,0.014911,0.000459,3.4e-05
0,-0.212773,0.06296,-0.253296,0.069553,-0.271054,0.04423,0.003714,0.001099
0,-0.090237,-0.062417,0.144782,-0.097102,0.152374,-0.050555,0.001575,0.001089
0,-0.076868,0.070461,-0.00819,0.103669,-0.004551,0.108087,0.001342,0.00123
0,-0.104805,-0.056302,-0.001088,-0.107082,-0.00652,-0.069699,0.001829,0.000983
0,-0.016252,-0.057473,0.108209,0.002147,0.079966,-0.035604,0.000284,0.001003
0,0.03401,-0.018873,0.058816,0.053126,0.023114,0.058549,0.000594,0.000329
0,0.449722,0.404227,0.420962,0.416509,0.380079,0.448419,3.1e-05,0.000763
0,0.462169,0.204715,0.023006,-0.223494,0.0321,-0.264802,0.000249,0.003573
0,0.793621,0.156608,0.338114,-0.052146,0.336583,-0.011605,0.001784,0.002733
0,0.793843,0.209705,0.010561,0.050789,-0.021613,0.028635,0.001781,0.00366
0,0.764481,0.378229,-0.037114,0.191833,-0.021262,0.14789,0.002293,0.001217
0,0.809533,0.319519,0.065761,-0.049361,0.103309,-0.064238,0.001507,0.002241
0,0.649252,0.289607,-0.149665,-0.032391,-0.159345,0.012101,0.003514,0.002763
0,0.452199,0.131021,-0.174643,-0.139318,-0.223474,-0.170299,7.4e-05,0.002287
0,0.157699,0.003338,-0.268707,-0.152653,-0.292826,-0.180274,0.002752,5.8e-05
0,0.170393,-0.005014,0.008075,0.011274,0.030728,0.033741,0.002974,8.8e-05
0,0.157891,-0.118698,0.004013,-0.143682,0.040993,-0.162324,0.002756,0.002072
0,0.005355,-0.155907,-0.155423,-0.051877,-0.127813,-0.030456,9.3e-05,0.002721
0,0.171979,0.08581,0.172061,0.248795,0.124057,0.253118,0.003002,0.001498
0,-0.041092,-0.125243,-0.237021,-0.234237,-0.193949,-0.196062,0.000717,0.002186
0,-0.097456,-0.186294,-0.0534,-0.084829,-0.007532,-0.046002,0.001701,0.003251
0,-0.026899,0.018532,0.054135,0.175188,0.059755,0.209421,0.000469,0.000323
0,0.069229,-0.071992,0.099623,-0.119056,0.052132,-0.083874,0.001208,0.001256
0,-0.059617,-0.17113,-0.129819,-0.089711,-0.114041,-0.099118,0.001041,0.002987
0,0.104911,-0.014752,0.136322,0.175832,0.133868,0.129143,0.001831,0.000257
0,2.376657,0.17438,2.269295,0.201615,2.26691,0.250435,0.002391,0.003044
0,4.745116,0.034403,2.349905,-0.144191,2.300826,-0.154825,0.003179,0.0006
0,4.262018,0.190654,-0.455161,0.132195,-0.437362,0.1497,0.003793,0.003328
0,3.645088,0.143038,-0.608603,-0.037424,-0.561376,-0.085572,0.001076,0.002496
0,3.090824,0.077805,-0.531928,-0.04075,-0.518544,-0.039459,0.00078,0.001358
0,2.647317,0.262406,-0.414916,0.194451,-0.460372,0.240128,0.000703,0.003238
0,2.133685,0.171365,-0.501157,-0.084004,-0.503346,-0.081802,0.00185,0.002991
0,1.036222,0.167662,-1.082557,-0.003664,-1.077216,-0.034663,0.00245,0.002926
0,0.648571,0.210345,-0.369253,0.01893,-0.385109,0.048206,0.003502,0.003671
0,0.173103,-0.009387,-0.49249,-0.240319,-0.494511,-0.252733,0.003021,0.000164
0,0.103762,-0.080213,-0.055265,-0.08449,-0.090727,-0.06485,0.001811,0.0014
0,-0.22411,0.06319,-0.355341,0.164623,-0.330272,0.183404,0.003906,0.001103
0,-0.24331,0.023686,-0.023849,-0.026407,0.001675,0.008636,0.003571,0.000413
0,-0.129545,-0.01902,0.138229,-0.019647,0.0883,0.002536,0.002261,0.000332
0,-0.231617,0.136138,-0.126213,0.180908,-0.12663,0.217703,0.003775,0.002376
0,-0.205329,-0.106457,0.01297,-0.228268,0.043454,-0.245712,0.003584,0.001858
0,-0.307107,0.009303,-0.093713,0.111574,-0.131835,0.073538,0.002458,0.000162
0,-0.360701,0.056127,-0.060283,0.047287,-0.088571,0.062635,0.001522,0.00098
0,-0.230207,-0.004929,0.117137,-0.066939,0.159267,-0.09848,0.0038,8.6e-05
0,0.004977,0.066282,0.209518,0.095218,0.201177,0.077495,8.7e-05,0.001157
0,0.09417,0.075583,0.111887,-0.018993,0.142058,-0.056911,0.001644,0.001319
0,-0.042173,0.204212,-0.119128,0.107016,-0.132818,0.071871,0.000736,0.003564
0,0.002462,-0.06022,0.029854,-0.244834,0.045538,-0.229226,4.3e-05,0.001051
0,0.12831,0.170985,0.096294,0.246847,0.138956,0.240572,0.002239,0.002984
0,0.129043,0.075454,-0.008382,-0.102427,-0.056027,-0.092854,0.002252,0.001317
0,0.094515,-0.073547,-0.064402,-0.135943,-0.037665,-0.182555,0.00165,0.001284
0,0.128615,0.043566,0.056301,0.106061,0.01294,0.071694,0.002245,0.00076
0,-0.016792,0.080504,-0.12801,0.018492,-0.167793,-0.006861,0.000293,0.001405
0,0.225515,0.132002,0.224405,0.039836,0.206021,0.07837,0.003882,0.002304
0,-0.003416,0.00076,-0.227174,-0.139493,-0.201436,-0.146328,6e-05,1.3e-05
0,0.139061,-0.068231,0.115682,-0.07737,0.144702,-0.091252,0.002427,0.001191
0,0.01404,-0.084158,-0.127279,-0.016975,-0.108028,-0.007656,0.000245,0.001469
0,0.033637,0.032097,0.029203,0.130924,0.07198,0.085919,0.000587,0.00056
0,0.134709,0.180572,0.12093,0.13084,0.119102,0.110741,0.002351,0.003152
0,-0.094692,-0.079311,-0.220516,-0.275835,-0.20188,-0.255204,0.001653,0.001384
0,0.125754,0.093835,0.203917,0.189151,0.171312,0.222933,0.002195,0.001638
0,0.057565,-0.089383,-0.054787,-0.183354,-0.018243,-0.209463,0.001005,0.00156
0,0.039714,-0.021896,-0.041609,0.085225,-0.016239,0.115428,0.000693,0.000382
0,-0.001055,0.024355,-0.018489,0.019743,0.009289,0.02796,1.8e-05,0.000425
0,0.036039,-0.114046,0.062536,-0.145753,0.023338,-0.107552,0.000629,0.00199
0,-0.082305,-0.071591,-0.107475,0.047448,-0.067255,0.017318,0.001436,0.00125
0,0.078663,0.128658,0.152253,0.221115,0.17745,0.17845,0.001373,0.002246
0,-0.005838,-0.09229,-0.111111,-0.234732,-0.157447,-0.213702,0.000102,0.001611
0,-0.184475,0.028577,-0.151313,0.105039,-0.138891,0.07476,0.00322,0.000499
0,0.093433,0.137375,0.304225,0.131172,0.308936,0.100525,0.001631,0.002398
0,-0.184542,0.049417,-0.256773,-0.101508,-0.217091,-0.086909,0.003221,0.000862
0,-0.001817,-0.053349,0.192939,-0.128827,0.219542,-0.113675,3.2e-05,0.000931
0,0.084865,0.110453,0.100413,0.186763,0.12518,0.151875,0.001481,0.001928
0,-0.095606,-0.087006,-0.194838,-0.18454,-0.223605,-0.209803,0.001669,0.001519
0,-0.103712,-0.027049,-0.032819,0.041968,-0.024654,0.04743,0.00181,0.000472
0,-0.150849,0.015816,-0.06807,0.019642,-0.047651,0.051564,0.002633,0.000276
0,-0.041346,-0.041707,0.114574,-0.054219,0.106293,-0.019964,0.000722,0.000728
0,-0.022342,-0.004545,0.024709,0.044645,-0.008172,0.069971,0.00039,7.9e-05
0,0.03362,-0.130351,0.071292,-0.151699,0.048664,-0.194037,0.000587,0.002275
0,-0.207644,-0.020612,-0.225119,0.09096,-0.27215,0.04773,0.003624,0.00036
0,-0.23669,0.01649,-0.058506,0.017646,-0.075222,0.000519,0.003687,0.000288
0,-0.029862,-0.121388,0.205611,-0.132818,0.250161,-0.12859,0.000521,0.002119
0,-0.216258,-0.098256,-0.165603,0.005761,-0.198655,0.03011,0.003774,0.001715
0,-0.215215,0.052005,-0.004606,0.125523,-0.021841,0.075849,0.003756,0.000908
0,-0.212733,0.068277,-0.011546,0.015964,-0.015611,0.003419,0.003713,0.001192
0,0.030434,0.037953,0.257302,-0.048679,0.210557,-0.055518,0.000531,0.000662
0,-0.227387,-0.010916,-0.254648,-0.069283,-0.206006,-0.085611,0.003849,0.000191
0,0.065018,0.04851,0.275998,0.045481,0.226808,0.088602,0.001135,0.000847
0,0.032549,0.120001,-0.036798,0.081332,-0.005488,0.119686,0.000568,0.002094
0,-0.13445,0.024421,-0.165987,-0.071321,-0.146668,-0.026347,0.002347,0.000426
0,-0.201692,0.038941,-0.050128,-0.00493,-0.006101,0.04364,0.00352,0.00068
0,-0.128914,0.048678,0.086988,-0.019126,0.082284,-0.065602,0.00225,0.00085
0,-0.119839,-0.079612,0.031691,-0.144421,-0.002771,-0.169077,0.002092,0.001389
0,-0.013024,-0.032283,0.119075,0.072642,0.109711,0.038563,0.000227,0.000563
0,-0.063699,-0.175435,-0.065527,-0.168722,-0.071198,-0.145917,0.001112,0.003062
0,0.007422,-0.02984,0.045879,0.133816,0.084008,0.180928,0.00013,0.000521
0,-0.006583,0.068626,-0.013488,0.123144,-0.030558,0.097558,0.000115,0.001198
0,0.011078,-0.178412,0.009649,-0.256612,-0.031113,-0.29181,0.000193,0.003114
0,0.047169,-0.170032,0.0356,0.013192,-0.001217,0.024319,0.000823,0.002968
0,-0.044345,-0.06718,-0.091279,0.115619,-0.129317,0.075516,0.000774,0.001173
0,0.051135,-0.009423,0.105916,0.077786,0.13098,0.038892,0.000892,0.000164
0,-0.106894,0.105443,-0.153047,0.110968,-0.170085,0.112669,0.001866,0.00184
0,-0.113133,-0.026097,-0.008037,-0.128857,-0.056732,-0.093425,0.001975,0.000455
0,-0.139481,-0.164127,-0.052776,-0.145545,-0.085466,-0.121507,0.002434,0.002865
0,-0.100058,0.02054,0.043655,0.203739,0.000424,0.173236,0.001746,0.000358
0,-0.166438,0.117788,-0.049178,0.071634,-0.036726,0.055067,0.002905,0.002056
0,0.000978,0.043495,0.14914,-0.048168,0.128148,-0.068563,1.7e-05,0.000759
0,0.126056,0.049422,0.13293,0.02858,0.117332,-0.000573,0.0022,0.000863
0,0.023802,-0.073674,-0.072994,-0.10365,-0.118215,-0.146424,0.000415,0.001286
0,0.011338,0.054904,0.002374,0.144026,0.024926,0.100479,0.000198,0.000958
0,-0.009999,0.101022,-0.042117,0.048436,-0.006469,0.088553,0.000175,0.001763
0,0.086924,0.113563,0.086453,0.022197,0.047342,0.003615,0.001517,0.001982
0,0.031497,-0.186222,-0.083399,-0.30556,-0.097789,-0.30735,0.00055,0.00325
0,-0.045306,-0.040247,-0.083314,0.122538,-0.121442,0.129924,0.000791,0.000702
0,0.108977,-0.117872,0.170125,-0.071281,0.14915,-0.021814,0.001902,0.002057
0,0.00175,0.018897,-0.128778,0.111393,-0.17178,0.105928,3.1e-05,0.00033
0,0.101736,-0.163403,0.108535,-0.208964,0.07987,-0.220508,0.001776,0.002852
0,-0.092649,-0.069545,-0.198094,0.121007,-0.24216,0.126056,0.001617,0.001214
0,0.068821,-0.031745,0.133558,0.01618,0.117779,0.044187,0.001201,0.000554
0,0.109433,0.068168,0.018148,0.075516,0.017918,0.045008,0.00191,0.00119
0,0.159587,-0.140218,0.064782,-0.194505,0.057302,-0.198498,0.002785,0.002447
0,0.165292,0.069453,-0.011336,0.217617,-0.028212,0.212938,0.002885,0.001212
0,0.020948,0.027729,-0.132987,-0.055327,-0.105576,-0.042176,0.000366,0.000484
0,0.097867,-0.115312,0.080801,-0.153683,0.093617,-0.141712,0.001708,0.002013
0,-0.024481,-0.203769,-0.100408,-0.084414,-0.073598,-0.108151,0.000427,0.003556
0,-0.038593,-0.092819,-0.023727,0.132958,-0.014428,0.098301,0.000674,0.00162
0,0.204409,0.036847,0.225757,0.119297,0.259982,0.144751,0.003568,0.000643
0,0.028635,-0.125927,-0.166431,-0.166592,-0.144721,-0.16033,0.0005,0.002198
0,0.132194,0.064524,0.094335,0.199909,0.057665,0.185372,0.002307,0.001126
0,-0.054088,-0.004306,-0.204603,-0.076023,-0.194622,-0.103497,0.000944,7.5e-05
0,-0.068216,0.10403,0.002686,0.115629,-0.006766,0.150864,0.001191,0.001816
0,0.08857,0.024009,0.154372,-0.061203,0.168168,-0.023099,0.001546,0.000419
0,0.184975,0.023427,0.108061,-0.00849,0.149357,-0.05324,0.003228,0.000409
0,0.099729,-0.027028,-0.097612,-0.057408,-0.072591,-0.083529,0.001741,0.000472
0,0.129804,-0.115186,0.039267,-0.078724,0.006192,-0.0698,0.002266,0.00201
0,-0.012468,0.008871,-0.141234,0.100464,-0.144655,0.101221,0.000218,0.000155
0,0.096543,-0.17787,0.093569,-0.198386,0.081022,-0.212607,0.001685,0.003104
0,0.050919,0.09888,-0.068265,0.26041,-0.071558,0.220311,0.000889,0.001726
0,0.024034,-0.017846,-0.02056,-0.130428,-0.065497,-0.170366,0.000419,0.000311
0,0.035642,0.011426,0.007584,-0.000253,-0.024882,-0.013269,0.000622,0.000199
0,0.213048,0.010183,0.174305,-0.016212,0.182737,-0.03028,0.003718,0.000178
0,0.236488,0.074057,0.032103,0.067699,0.068614,0.100689,0.00369,0.001293
0,0.020326,-0.001517,-0.199574,-0.100055,-0.236007,-0.136862,0.000355,2.6e-05
0,0.157504,-0.083474,0.157163,-0.055921,0.204305,-0.041053,0.002749,0.001457
0,0.027702,-0.153112,-0.145346,-0.054276,-0.144787,-0.098564,0.000483,0.002672
0,0.142765,-0.008742,0.089411,0.162553,0.092332,0.163143,0.002492,0.000153
0,0.206785,-0.150831,0.044404,-0.114984,0.091358,-0.065601,0.003609,0.002632
0,-0.066699,-0.18591,-0.291866,-0.05589,-0.264298,-0.060376,0.001164,0.003245
0,0.188197,-0.145794,0.25237,0.052842,0.208884,0.03423,0.003285,0.002545
0,0.136639,-0.177281,-0.081331,-0.012292,-0.104188,-0.028558,0.002385,0.003094
0,-0.000833,-0.121268,-0.144716,0.030086,-0.165241,0.041627,1.5e-05,0.002117
0,0.039876,-0.061387,0.04477,0.047119,0.065306,0.072151,0.000696,0.001071
0,0.105285,-0.078785,0.049852,-0.031264,0.024767,0.016884,0.001838,0.001375
0,0.123511,-0.099428,0.028472,-0.010926,0.033635,-0.041277,0.002156,0.001735
0,0.078073,-0.113325,-0.054552,0.004355,-0.010334,-0.02124,0.001363,0.001978
0,-0.076093,-0.200494,-0.128152,-0.096688,-0.119422,-0.127726,0.001328,0.003499
0,-0.130574,-0.190436,-0.078346,-0.0001,-0.1169,0.036251,0.002279,0.003324
0,-0.007472,-0.136872,0.140121,0.04899,0.18413,0.071364,0.00013,0.002389
0,-0.103911,-0.129153,-0.085618,-0.012034,-0.125487,0.00742,0.001814,0.002254
0,0.102918,-0.124673,0.199472,0.026733,0.172501,-0.005894,0.001796,0.002176
0,-0.121386,-0.031082,-0.25254,0.078644,-0.273446,0.073803,0.002119,0.000542
0,-0.130935,0.034943,0.005717,0.075917,0.008978,0.090174,0.002285,0.00061
0,-0.041481,-0.033735,0.061242,-0.058946,0.107853,-0.047775,0.000724,0.000589
0,-0.132736,-0.048081,-0.105423,-0.03417,-0.070067,0.004161,0.002317,0.000839
0,-0.095257,-0.035914,0.029982,-0.009722,0.079325,0.002925,0.001663,0.000627
0,0.129774,0.070787,0.222887,0.085725,0.18286,0.093592,0.002265,0.001235
0,-0.117019,0.014856,-0.271647,-0.07174,-0.229471,-0.036767,0.002042,0.000259
0,-0.013701,-0.074366,0.093644,-0.111564,0.053194,-0.112852,0.000239,0.001298
0,-0.094951,0.028027,-0.064011,0.079231,-0.021223,0.118633,0.001657,0.000489
0,-0.031716,-0.038351,0.079519,-0.086083,0.117039,-0.041801,0.000554,0.000669
0,-0.105403,-0.051974,-0.099393,-0.000877,-0.135398,0.041341,0.00184,0.000907
0,-0.026984,-0.0163,0.097537,0.042262,0.08615,0.028433,0.000471,0.000284
0,-0.033492,0.081124,-0.018522,0.095922,0.025543,0.067727,0.000585,0.001416
0,1.561332,0.011703,1.568209,-0.046712,1.54777,-0.046628,0.003797,0.000204
0,2.098353,0.178741,0.561937,0.191009,0.553362,0.218231,0.002466,0.00312
0,2.773263,0.040834,0.704507,-0.15118,0.672374,-0.178406,0.001495,0.000713
0,2.755359,0.016204,-0.031522,-0.027934,-0.075119,-0.004216,0.001183,0.000283
0,2.813704,0.098227,0.059481,0.086893,0.095469,0.111712,0.002201,0.001714
0,2.179107,0.258686,-0.638629,0.137891,-0.667012,0.116012,0.001057,0.003303
0,1.904948,0.051508,-0.281558,-0.19643,-0.300508,-0.225346,0.001976,0.000899
0,1.098095,-0.055756,-0.797842,-0.093566,-0.814271,-0.045291,0.00353,0.000973
0,0.815702,0.185404,-0.25817,0.236899,-0.26349,0.269323,0.001399,0.003236
0,0.808111,0.097461,-0.014912,-0.093681,-0.026751,-0.099289,0.001532,0.001701
0,0.316408,0.213299,-0.476137,0.087925,-0.453031,0.052073,0.002296,0.003723
0,0.025334,0.107593,-0.280722,-0.079468,-0.303798,-0.032454,0.000442,0.001878
0,0.023911,-0.074197,-0.023495,-0.178117,-0.009469,-0.171819,0.000417,0.001295
0,-0.122594,0.090534,-0.118397,0.18661,-0.161218,0.15645,0.00214,0.00158
0,-4.038988,-0.15844,-3.934176,-0.228803,-3.895374,-0.22373,0.000133,0.002765
0,-3.843533,-0.134823,0.173741,0.044404,0.185102,-0.002437,0.003279,0.002353
0,-3.862387,-0.298576,0.00605,-0.168969,-0.0072,-0.186339,0.00295,0.002607
0,-4.137979,-0.337266,-0.301938,-0.049198,-0.273193,-0.096978,0.00186,0.001931
0,-4.029022,-0.290933,0.089866,0.053401,0.117162,0.083055,4.1e-05,0.00274
0,-3.329418,-0.153554,0.720656,0.162243,0.741474,0.176077,0.003384,0.00268
0,-2.623383,-0.147216,0.693522,-0.022548,0.706219,-0.010585,0.001121,0.002569
0,-1.590545,0.080287,1.03305,0.211698,1.082249,0.195693,0.003511,0.001401
0,-0.958896,0.069528,0.644818,-0.017753,0.601355,-0.000312,0.0011,0.001213
0,-0.763132,-0.025571,0.179645,-0.097467,0.195858,-0.068545,0.002317,0.000446
0,-0.158213,-0.056262,0.58909,-0.040485,0.635989,-0.088941,0.002761,0.000982
0,0.00876,0.065155,0.194665,0.143072,0.208129,0.130737,0.000153,0.001137
0,-0.021676,-0.081215,-0.059943,-0.14162,-0.013427,-0.132765,0.000378,0.001417
0,0.503402,0.089758,0.539742,0.197578,0.558813,0.191724,0.000968,0.001567
0,0.353381,-0.030451,-0.161641,-0.144814,-0.132604,-0.191244,0.00165,0.000531
0,0.467083,0.196755,0.113631,0.214157,0.112809,0.191946,0.000334,0.003434
0,0.280992,0.005629,-0.17664,-0.189074,-0.133428,-0.205904,0.002914,9.8e-05
0,0.204837,0.21296,-0.063316,0.202277,-0.078862,0.230166,0.003575,0.003717
0,0.152458,0.061267,-0.063262,-0.129069,-0.095521,-0.130269,0.002661,0.001069
0,0.170933,0.082177,0.033576,0.021058,0.03068,0.025532,0.002983,0.001434
0,0.187802,-0.013417,0.044866,-0.115616,-0.000764,-0.095059,0.003278,0.000234
0,0.018502,-0.081525,-0.156627,-0.039315,-0.118795,0.004,0.000323,0.001423
0,0.089929,-0.045339,0.061157,0.042274,0.100808,-0.005109,0.00157,0.000791
0,0.187041,0.190295,0.095657,0.209537,0.136181,0.211799,0.003264,0.003321
0,0.096985,0.19089,-0.103682,-0.026388,-0.067432,-0.024595,0.001693,0.003332
0,0.032648,0.081952,-0.089188,-0.110296,-0.095546,-0.155098,0.00057,0.00143
0,0.163823,0.155212,0.116202,0.051245,0.129025,0.037314,0.002859,0.002709
0,0.226653,0.027322,0.043214,-0.107205,0.039554,-0.09846,0.003862,0.000477
0,-0.051866,-0.071059,-0.293642,-0.096147,-0.247626,-0.143934,0.000905,0.00124
0,0.111323,0.110831,0.178336,0.208465,0.165689,0.226475,0.001943,0.001934
0,0.036354,-0.019042,-0.06124,-0.118992,-0.093863,-0.131114,0.000634,0.000332
0,-0.028425,0.179688,-0.03868,0.175216,-0.037426,0.179896,0.000496,0.003136
0,-0.196457,0.167319,-0.194374,-0.008211,-0.197434,0.00412,0.003429,0.00292
0,-0.106523,-0.06783,0.06442,-0.244553,0.110165,-0.266621,0.001859,0.001184
0,0.015068,0.008925,0.113582,0.106516,0.144545,0.135385,0.000263,0.000156
0,-0.044234,-0.030442,-0.046189,-0.053729,7e-06,-0.055522,0.000772,0.000531
0,-0.079768,-0.001783,-0.042766,0.049263,-0.020763,0.077711,0.001392,3.1e-05
0,-0.030175,0.152854,0.059252,0.17103,0.019221,0.122185,0.000527,0.002668
0,0.072369,0.043705,0.08452,-0.124001,0.123342,-0.165214,0.001263,0.000763
0,-0.179968,0.088802,-0.257984,0.041536,-0.258316,0.084933,0.003141,0.00155
0,-0.029296,0.148195,0.176452,0.056598,0.178084,0.047575,0.000511,0.002586
0,-0.10909,0.174216,-0.107247,0.049846,-0.132776,0.039138,0.001904,0.003041
0,-0.147859,0.038553,-0.018963,-0.110225,-0.011257,-0.094087,0.002581,0.000673
0,-0.148203,0.193398,0.01351,0.131974,0.007678,0.126745,0.002587,0.003375
0,-0.080133,0.045961,0.075337,-0.163735,0.074434,-0.192245,0.001399,0.000802
0,-0.196231,0.098968,-0.103736,0.033539,-0.074269,0.052571,0.003425,0.001727
0,-0.07993,0.094075,0.102905,-0.017703,0.130511,-0.049639,0.001395,0.001642
0,0.044334,-0.069896,0.108472,-0.165872,0.080727,-0.119357,0.000774,0.00122
0,0.010643,0.109092,-0.031691,0.160641,-0.002366,0.142764,0.000186,0.001904
0,-0.137467,0.043927,-0.151247,-0.047522,-0.168273,-0.033996,0.002399,0.000767
0,0.056758,0.128359,0.184338,0.070574,0.184432,0.067155,0.000991,0.00224
0,-0.104898,0.163689,-0.167752,0.021589,-0.189127,-0.022215,0.001831,0.002857
0,-0.114573,-0.015308,-0.025288,-0.153746,0.011607,-0.189313,0.002,0.000267
0,-0.106842,-0.116719,-0.005955,-0.116858,-0.035445,-0.068108,0.001865,0.002037
0,0.005896,0.111461,0.142078,0.237047,0.138717,0.209807,0.000103,0.001945
0,-0.095758,0.100554,-0.071804,-0.00383,-0.092892,0.028497,0.001671,0.001755
0,-0.020496,0.005397,0.059461,-0.108363,0.061477,-0.072527,0.000358,9.4e-05
0,-0.015221,-0.00949,0.003044,-0.009463,-0.042945,0.017069,0.000266,0.000166
0,-0.203636,0.106345,-0.17397,0.100243,-0.17825,0.052575,0.003554,0.001856
0,0.094723,0.130628,0.323608,0.032319,0.359258,0.050118,0.001653,0.00228
0,0.060422,0.171953,-0.039513,0.025799,-0.027709,0.065936,0.001055,0.003001
0,-0.075126,-0.001779,-0.127466,-0.17765,-0.08995,-0.134069,0.001311,3.1e-05
0,0.03744,0.077129,0.093822,0.066613,0.082686,0.102062,0.000653,0.001346
0,0.115389,-0.019379,0.056075,-0.069402,0.036534,-0.036688,0.002014,0.000338
0,0.08105,0.11066,-0.01643,0.111748,-0.032129,0.075133,0.001415,0.001931
0,0.139719,0.083336,0.079466,-0.001536,0.105597,-0.010619,0.002439,0.001454
0,-0.044514,-0.135095,-0.187944,-0.199784,-0.210653,-0.242351,0.000777,0.002358
0,-0.05094,-0.019032,-0.016091,0.088842,-0.050414,0.135096,0.000889,0.000332
0,0.057671,-0.062432,0.095389,-0.022091,0.053608,-0.037927,0.001007,0.00109
0,0.064961,-0.110708,-0.011975,-0.06214,-0.031726,-0.042976,0.001134,0.001932
0,-0.086002,0.003042,-0.15175,0.085145,-0.153728,0.063657,0.001501,5.3e-05
0,0.124989,-0.085468,0.211656,-0.101888,0.217353,-0.086299,0.002181,0.001492
0,-0.083858,-0.105646,-0.198385,0.007101,-0.238584,-0.014779,0.001464,0.001844
0,0.030722,-0.13079,0.130143,-0.052068,0.138197,-0.006113,0.000536,0.002283
0,-0.01459,0.036224,-0.042521,0.148228,-0.005021,0.126556,0.000255,0.000632
0,-0.044356,-0.105406,-0.024183,-0.123904,-0.031672,-0.085862,0.000774,0.00184
0,0.043719,0.041924,0.110608,0.153461,0.148259,0.198797,0.000763,0.000732
0,0.106286,-0.133191,0.033206,-0.15962,0.056452,-0.175712,0.001855,0.002325
0,0.045319,-0.000391,-0.060243,0.147663,-0.015942,0.108791,0.000791,7e-06
0,0.094014,0.046087,0.03479,0.050138,0.04669,0.069294,0.001641,0.000804
0,0.133157,-0.024498,0.047686,-0.073666,0.052473,-0.06436,0.002324,0.000428
0,0.035791,0.112159,-0.094273,0.128613,-0.130472,0.091473,0.000625,0.001958
0,-0.019539,-0.04712,-0.074802,-0.14153,-0.10673,-0.125919,0.000341,0.000822
0,0.154528,-0.165027,0.163134,-0.140875,0.199548,-0.170725,0.002697,0.00288
0,-0.046322,-0.070181,-0.224066,0.081046,-0.176585,0.045315,0.000808,0.001225
0,-0.05205,0.128281,-0.008227,0.20995,-0.048584,0.254709,0.000908,0.002239
0,-0.024793,-0.099277,0.016037,-0.20827,-0.028925,-0.170286,0.000433,0.001733
0,-0.008591,0.006323,0.025146,0.084042,0.015853,0.10769,0.00015,0.00011
0,-0.012272,-0.072242,-0.025992,-0.062907,0.022026,-0.057517,0.000214,0.001261
0,0.123271,-0.096851,0.149885,-0.020519,0.19133,-0.023432,0.002151,0.00169
0,-0.063381,-0.04513,-0.182785,0.061914,-0.196129,0.066923,0.001106,0.000788
0,0.039572,-0.038453,0.09701,0.020598,0.067211,0.038118,0.000691,0.000671
0,0.12326,0.013603,0.075356,0.034382,0.038583,0.028823,0.002151,0.000237
0,0.102948,-0.058715,-0.012572,-0.054555,0.002621,-0.02253,0.001797,0.001025
0,-0.054735,-0.10991,-0.164192,-0.029811,-0.194146,-0.037498,0.000955,0.001918
0,-0.028366,-0.095957,0.043101,0.004135,0.088183,0.04504,0.000495,0.001675
0,0.01662,0.118222,0.061605,0.219766,0.048738,0.225349,0.00029,0.002063
0,0.114213,-0.103247,0.087866,-0.225244,0.099275,-0.240025,0.001993,0.001802
0,-0.046724,-0.161587,-0.150478,-0.03603,-0.124173,-0.038976,0.000815,0.00282
0,-0.000666,-0.134261,0.072272,0.021655,0.114378,0.007457,1.2e-05,0.002343
0,0.102705,-0.133974,0.08276,-0.024537,0.040475,-0.032686,0.001793,0.002338
0,-0.140467,-0.105672,-0.237531,-0.000524,-0.211173,-0.018587,0.002452,0.001844
0,-0.255035,0.119361,-0.094073,0.220383,-0.129617,0.232406,0.003367,0.002083
0,-0.056802,-0.093427,0.178262,-0.220284,0.223953,-0.207077,0.000991,0.001631
0,-0.075022,0.146532,0.002272,0.227402,0.024235,0.270631,0.001309,0.002557
0,-0.033541,0.118362,0.047685,-0.007768,0.027758,0.018333,0.000585,0.002066
0,-0.113559,0.052237,-0.102833,-0.093036,-0.072592,-0.05702,0.001982,0.000912
0,-0.13079,0.047561,-0.020997,-0.028998,-0.01361,0.00395,0.002283,0.00083
0,-0.203305,0.122285,-0.060158,0.067073,-0.047774,0.053795,0.003548,0.002134
0,-0.16825,0.005326,0.053392,-0.091546,0.01925,-0.115165,0.002937,9.3e-05
0,-0.111964,0.153906,0.031858,0.154312,0.02369,0.201019,0.001954,0.002686
0,-0.037456,-0.070994,0.087188,-0.196076,0.07458,-0.185209,0.000654,0.001239
0,-0.059642,0.053377,-0.020408,0.146432,-0.023942,0.151532,0.001041,0.000932
0,-0.044217,-0.101673,0.030611,-0.149698,0.003318,-0.144705,0.000772,0.001775
0,-0.071017,-0.099621,0.000236,-0.011862,-0.003191,-0.052971,0.001239,0.001739
0,-0.086332,0.165559,-0.037779,0.25899,-0.061396,0.256458,0.001507,0.00289
0,-0.205133,0.044298,-0.098059,-0.110369,-0.049117,-0.073855,0.00358,0.000773
0,-0.091984,0.096666,0.115655,0.050011,0.106995,0.053315,0.001605,0.001687
0,-0.157893,0.093561,-0.051334,-0.026401,-0.010447,0.001075,0.002756,0.001633
0,-0.058027,0.009257,0.109358,-0.107007,0.081539,-0.073331,0.001013,0.000162
0,-0.103084,-0.16545,-0.032533,-0.163402,-0.072604,-0.194682,0.001799,0.002888
0,-0.071241,-0.045773,0.030554,0.125818,0.031477,0.162202,0.001243,0.000799
0,-0.266601,-0.086431,-0.193042,-0.035382,-0.163005,-0.056804,0.003165,0.001509
0,-0.105717,0.039024,0.148028,0.101859,0.157201,0.095677,0.001845,0.000681
0,-0.085761,0.067302,0.026546,0.035509,0.046272,0.063115,0.001497,0.001175
0,-0.102112,-0.107886,-0.001868,-0.16195,0.039136,-0.186598,0.001782,0.001883
0,-0.119676,-0.108011,0.001631,0.023921,0.030074,-0.024309,0.002089,0.001885
0,0.014745,-0.072643,0.155743,0.02847,0.174729,0.04633,0.000257,0.001268
0,0.065755,-0.103821,0.071689,-0.029676,0.047062,-0.006227,0.001148,0.001812
0,-0.086316,-0.119223,-0.166299,-0.038308,-0.147245,-0.025745,0.001506,0.002081
0,-1.16416,1.113426,-1.095956,1.247426,-1.112996,1.272968,0.003135,0.003797
0,-1.807537,1.516755,-0.628908,0.397033,-0.632151,0.371941,0.000276,0.003019
0,-2.072866,1.624164,-0.268851,0.089732,-0.270798,0.10692,0.002911,0.002924
0,-2.265795,1.566739,-0.220251,-0.034014,-0.252694,-0.047395,0.000456,0.003891
0,-2.412413,1.216607,-0.135135,-0.36486,-0.128451,-0.336433,0.003015,0.00222
0,-2.309653,1.097712,0.132607,-0.129338,0.147354,-0.113999,0.001222,0.003523
0,-1.974225,0.953703,0.36427,-0.164077,0.356368,-0.134843,0.003185,0.00101
0,-1.68547,0.445892,0.268324,-0.521436,0.274897,-0.563537,0.001855,3.6e-05
0,-1.05759,0.212338,0.631733,-0.214901,0.596474,-0.169792,0.002823,0.003706
0,-0.460985,0.141197,0.60547,-0.084864,0.618081,-0.039758,0.000228,0.002464
0,-0.240948,0.306618,0.203266,0.141824,0.242226,0.167514,0.003613,0.002466
0,-0.051453,0.005863,0.213998,-0.295672,0.181065,-0.323821,0.000898,0.000102
0,0.214,0.139017,0.269127,0.131801,0.221753,0.172636,0.003735,0.002426
0,0.142016,-0.010609,-0.067898,-0.153935,-0.04461,-0.112391,0.002479,0.000185
0,0.404287,0.098313,0.278011,0.093414,0.260833,0.122436,0.000762,0.001716
0,0.351855,-0.033114,-0.02886,-0.104815,-0.070875,-0.102546,0.001677,0.000578
0,0.442258,-0.184396,0.104337,-0.149719,0.131657,-0.109836,9.9e-05,0.003218
0,0.103451,-0.14524,-0.361638,0.067887,-0.341917,0.068474,0.001806,0.002535
0,0.126335,0.0273,0.008132,0.154709,-0.026323,0.153659,0.002205,0.000476
0,0.268775,0.02474,0.146159,0.004181,0.101639,0.009647,0.003127,0.000432
0,0.163532,-0.031873,-0.100678,-0.067624,-0.135082,-0.081754,0.002854,0.000556
0,0.060011,-0.117673,-0.082812,-0.067454,-0.132434,-0.103055,0.001047,0.002054
0,-0.141677,0.020604,-0.21105,0.150043,-0.236728,0.19412,0.002473,0.00036
0,0.037798,-0.148243,0.171973,-0.180341,0.186622,-0.199093,0.00066,0.002587
0,0.100579,0.020178,0.048879,0.168112,0.079311,0.145432,0.001755,0.000352
0,-0.185049,-0.059265,-0.303183,-0.061456,-0.283305,-0.039087,0.00323,0.001034
0,-0.12114,-0.113829,0.074971,-0.075402,0.064919,-0.070694,0.002114,0.001987
0,-0.135907,-0.180855,-0.020162,-0.070656,-0.063037,-0.03296,0.002372,0.003157
0,-0.161982,0.006011,-0.036901,0.192426,-0.004403,0.197889,0.002827,0.000105
0,-0.292017,0.086793,-0.11176,0.077027,-0.135118,0.111748,0.002721,0.001515
0,-0.255531,0.134095,0.049452,0.068283,0.022473,0.105899,0.003358,0.00234
0,-0.198771,0.138463,0.038815,0.014362,0.060793,0.024963,0.003469,0.002417
0,-0.034736,-0.014186,0.177151,-0.137637,0.219554,-0.089394,0.000606,0.000248
0,-0.009348,-0.094714,0.013577,-0.102225,0.04009,-0.09422,0.000163,0.001653
0,-0.212946,-0.065373,-0.212353,0.010264,-0.203875,-0.028866,0.003717,0.001141
0,-0.038285,-0.135314,0.17928,-0.056398,0.178196,-0.063894,0.000668,0.002362
0,-0.292611,0.14078,-0.263497,0.290136,-0.257856,0.311378,0.002711,0.002457
0,-0.071886,-0.030709,0.220111,-0.160592,0.175738,-0.171719,0.001255,0.000536
0,-0.171485,-0.031321,-0.097883,0.008918,-0.058979,0.050287,0.002993,0.000547
0,-0.141088,0.079512,0.006941,0.095387,0.036136,0.123876,0.002462,0.001388
0,-0.146972,0.169047,-0.003784,0.093087,0.025841,0.102204,0.002565,0.00295
0,-0.122738,0.066947,0.044946,-0.086649,0.005783,-0.037125,0.002142,0.001168
0,-0.005169,0.106077,0.107582,0.013675,0.124214,0.041117,9e-05,0.001851
0,-0.287135,-0.02785,-0.304929,-0.119374,-0.26555,-0.078977,0.002806,0.000486
0,-0.155743,-0.011642,0.125533,-0.008708,0.117584,-0.040578,0.002718,0.000203
0,0.001582,0.036179,0.170513,0.048364,0.123322,0.054444,2.8e-05,0.000631
0,-0.187816,0.143627,-0.182439,0.105208,-0.198195,0.098631,0.003278,0.002507
0,-0.200787,0.171723,-0.01472,0.020487,-0.054355,-0.017026,0.003504,0.002997
0,-0.004163,-0.064587,0.200511,-0.244415,0.241032,-0.197363,7.3e-05,0.001127
0,-0.190364,-0.065721,-0.211914,0.016744,-0.219611,0.015628,0.003322,0.001147
0,-0.143057,-0.030338,0.060752,0.018207,0.084975,-0.00122,0.002497,0.000529
0,-0.045079,0.057748,0.07434,0.092768,0.065611,0.125969,0.000787,0.001008
0,0.045421,-0.028441,0.108236,-0.07249,0.13851,-0.046064,0.000793,0.000496
0,-0.130697,0.195826,-0.164869,0.214391,-0.171045,0.170445,0.002281,0.003418
0,-0.065559,0.094057,0.062108,-0.124168,0.046441,-0.113833,0.001144,0.001642
0,-0.129989,-0.011915,-0.046747,-0.122437,-0.088026,-0.159598,0.002269,0.000208
0,-0.228068,-0.07217,-0.082868,-0.050886,-0.062941,-0.058227,0.003837,0.00126
0,-0.156837,-0.079083,0.068798,-0.019137,0.092588,0.013014,0.002737,0.00138
0,-0.183275,-0.054194,-0.032903,0.013341,-0.050919,0.029626,0.003199,0.000946
0,0.009673,0.071053,0.181052,0.127187,0.207399,0.162673,0.000169,0.00124
0,-0.033548,0.121661,-0.046932,0.045409,-0.081697,0.057354,0.000586,0.002123
0,-0.141751,0.144994,-0.097294,0.049913,-0.088635,0.053092,0.002474,0.002531
0,-0.200773,0.107037,-0.05126,-0.027233,-0.092251,-0.038203,0.003504,0.001868
0,-0.204192,0.048999,-0.001578,-0.082237,0.043809,-0.117437,0.003564,0.000855
0,-0.106859,-0.00283,0.078332,-0.030628,0.064517,-0.045414,0.001865,4.9e-05
0,-0.151228,0.140662,-0.069803,0.137584,-0.111158,0.100855,0.002639,0.002455
0,0.074561,-0.124313,0.201046,-0.290353,0.173876,-0.248214,0.001301,0.00217
0,-0.082415,-0.105982,-0.158132,0.024778,-0.133421,0.026003,0.001438,0.00185
0,-0.124115,0.104192,-0.038523,0.235653,-0.025924,0.243778,0.002166,0.001819
0,-0.004246,-0.008141,0.141044,-0.114138,0.145139,-0.137429,7.4e-05,0.000142
0,-0.032826,-0.12731,-0.044967,-0.089302,-0.045727,-0.122548,0.000573,0.002222
0,-0.066383,-0.156808,-0.037471,-0.057301,-0.000838,-0.078586,0.001159,0.002737
0,-0.030159,-0.015435,0.017402,0.150291,0.054816,0.111691,0.000526,0.000269
0,-0.126056,0.04485,-0.077036,0.072508,-0.115295,0.032181,0.0022,0.000783
0,0.125897,-0.041139,0.2279,-0.108174,0.198368,-0.113628,0.002197,0.000718
0,0.097653,0.064306,-0.024451,0.101551,-0.064034,0.064176,0.001704,0.001122
0,-0.216688,-0.068722,-0.342365,-0.136408,-0.364008,-0.151198,0.003782,0.001199
0,-0.039511,0.096383,0.149837,0.136876,0.186431,0.125493,0.00069,0.001682
0,-0.24864,-0.046934,-0.225497,-0.171895,-0.241957,-0.203566,0.003478,0.000819
0,-0.154489,-0.011982,0.093077,0.061663,0.089995,0.104296,0.002696,0.000209
0,-0.026519,-0.043139,0.104467,-0.047979,0.093922,-0.027139,0.000463,0.000753
0,-0.255044,-0.039372,-0.208631,0.01287,-0.204535,-0.009437,0.003367,0.000687
0,-0.164018,0.010517,0.066071,0.041351,0.040508,-0.007203,0.002863,0.000184
0,-0.201985,-0.000729,-0.044204,-0.000201,-0.033331,0.040785,0.003525,1.3e-05
0,-0.261274,0.009606,-0.079807,-0.012912,-0.104194,-0.005394,0.003258,0.000168
0,-0.153949,0.108821,0.103036,0.107453,0.103686,0.057861,0.002687,0.001899
0,0.002421,0.05787,0.152273,-0.068152,0.145611,-0.094696,4.2e-05,0.00101
0,0.032253,0.065131,0.017884,-0.019025,-0.027311,-0.015854,0.000563,0.001137
0,-0.008693,0.15579,-0.063305,0.066283,-0.098771,0.079671,0.000152,0.002719
0,0.053119,0.16464,0.063359,0.017759,0.083799,0.024235,0.000927,0.002874
0,-0.120868,0.743261,-0.191998,0.581434,-0.218266,0.626557,0.00211,0.002663
0,0.186525,1.962431,0.302918,1.207741,0.259995,1.216332,0.003255,0.002979
0,-0.045341,1.725759,-0.223712,-0.228446,-0.185493,-0.204992,0.000791,0.001151
0,0.235922,1.561889,0.285777,-0.13734,0.312562,-0.090266,0.0037,0.003806
0,0.004732,1.342584,-0.261046,-0.243317,-0.26509,-0.252351,8.3e-05,2.1e-05
0,0.167591,1.364959,0.188892,0.041291,0.228118,-0.007647,0.002925,0.000369
0,0.004717,1.026403,-0.165255,-0.365956,-0.184459,-0.378528,8.2e-05,0.002278
0,0.17989,0.434181,0.145915,-0.577052,0.155803,-0.61604,0.00314,0.00024
0,0.149463,0.248672,-0.024504,-0.175307,-0.003652,-0.157615,0.002609,0.003478
0,0.132494,-0.034991,-0.034345,-0.302452,-0.022107,-0.265722,0.002312,0.000611
0,-0.042207,-0.035624,-0.17348,0.027643,-0.14151,0.005783,0.000737,0.000622
0,-0.005333,0.068452,0.05858,0.074185,0.049804,0.062631,9.3e-05,0.001195
0,0.088741,0.040538,0.09426,-0.042489,0.106728,-0.090126,0.001549,0.000708
0,-0.030134,-0.207713,-0.124554,-0.228636,-0.14575,-0.252783,0.000526,0.003625
0,0.128392,-0.255546,0.131163,-0.035596,0.116901,-0.059083,0.002241,0.003358
0,0.01034,0.041054,-0.141555,0.300737,-0.111322,0.257077,0.00018,0.000717
0,0.077076,-0.18412,0.093226,-0.198029,0.130797,-0.242273,0.001345,0.003213
0,0.168258,0.016119,0.091625,0.180322,0.091442,0.195689,0.002937,0.000281
0,0.027394,-0.178232,-0.130335,-0.191608,-0.130027,-0.147235,0.000478,0.003111
0,0.052448,-0.177823,0.001248,-0.013073,0.019857,-0.05761,0.000915,0.003104
0,-0.016926,0.017076,-0.089448,0.181955,-0.084743,0.185062,0.000295,0.000298
0,-0.016413,-0.083054,0.013456,-0.112258,-0.01441,-0.084328,0.000286,0.00145
0,0.104797,-0.091966,0.101247,0.016025,0.139411,0.061336,0.001829,0.001605
0,0.028273,0.048421,-0.0677,0.148305,-0.069709,0.103544,0.000493,0.000845
0,0.077874,-0.030481,0.078569,-0.07914,0.086485,-0.035491,0.001359,0.000532
0,0.132536,0.125978,0.034437,0.142599,0.063109,0.109221,0.002313,0.002199
0,0.246881,-0.0523,0.134684,-0.197578,0.139673,-0.182731,0.003509,0.000913
0,-0.009873,-0.06627,-0.251541,-0.00698,-0.224406,-0.030943,0.000172,0.001157
0,0.086873,-0.083777,0.069857,0.00317,0.079616,0.036581,0.001516,0.001462
0,0.016082,0.152027,-0.051881,0.224635,-0.072819,0.231695,0.000281,0.002653
0,-0.033252,-0.018935,-0.049055,-0.195059,-0.042876,-0.233685,0.00058,0.00033
0,0.00701,-0.088846,0.043511,-0.07306,0.084985,-0.068621,0.000122,0.001551
0,0.093577,0.041995,0.071264,0.138097,0.056175,0.112146,0.001633,0.000733
0,0.082872,0.064257,0.00712,0.051746,0.011013,0.030032,0.001446,0.001121
0,0.069128,0.007684,0.008436,-0.083798,0.045708,-0.060051,0.001207,0.000134
0,0.082664,0.099805,-0.015052,0.10076,0.020528,0.076885,0.001443,0.001742
0,-0.016071,-0.080019,-0.116965,-0.184601,-0.131816,-0.214016,0.00028,0.001397
0,0.063847,0.041993,0.087392,0.104051,0.047484,0.085113,0.001114,0.000733
0,0.135514,-0.064457,0.082993,-0.121349,0.126297,-0.116128,0.002365,0.001125
0,0.142741,0.100183,0.021486,0.155217,0.045939,0.112812,0.002491,0.001749
0,0.040059,-0.040798,-0.082962,-0.141959,-0.106346,-0.184269,0.000699,0.000712
0,0.189399,-0.029286,0.157766,0.023325,0.169439,-0.017973,0.003306,0.000511
0,0.178449,-0.005024,-0.021797,0.043528,-0.066191,0.050333,0.003115,8.8e-05
0,0.052591,-0.011643,-0.101853,-0.013685,-0.131571,-0.044426,0.000918,0.000203
0,-0.000885,0.06754,-0.076108,0.085166,-0.054762,0.067009,1.5e-05,0.001179
0,0.15658,-0.093353,0.155036,-0.157447,0.175864,-0.162293,0.002733,0.001629
0,0.156923,0.004434,-0.028311,0.124163,-0.047319,0.096359,0.002739,7.7e-05
0,0.051674,0.016571,-0.13474,0.035345,-0.088309,0.014885,0.000902,0.000289
0,0.078326,-0.071298,0.041499,-0.09941,0.067002,-0.120079,0.001367,0.001244
0,-0.059443,-0.154193,-0.136849,-0.072617,-0.178063,-0.054398,0.001037,0.002691
0,0.011263,-0.142298,0.057403,0.033425,0.041843,0.052642,0.000197,0.002484
0,-0.217804,0.09146,-0.206252,0.254859,-0.250441,0.231805,0.003801,0.001596
0,-0.125875,-0.065353,0.076711,-0.159933,0.109472,-0.162152,0.002197,0.001141
0,-0.120113,-0.083915,-0.012006,-0.007261,-0.049552,0.011744,0.002096,0.001465
0,-0.180367,-0.055252,-0.070255,0.000619,-0.047224,-0.033396,0.003148,0.000964
0,-0.20905,-0.077182,-0.00433,-0.031155,-0.021809,-0.052502,0.003649,0.001347
0,-0.063608,0.125682,0.157085,0.208419,0.134368,0.204653,0.00111,0.002194
0,-0.127878,0.109835,-0.050099,0.000258,-0.090999,0.038275,0.002232,0.001917
0,0.022139,0.043757,0.152297,-0.078726,0.196434,-0.043786,0.000386,0.000764
0,-0.009911,-0.099446,-0.029474,-0.134566,-0.049465,-0.132099,0.000173,0.001736
0,0.009189,0.055967,0.038629,0.179133,0.070542,0.216436,0.00016,0.000977
0,-0.079289,0.145162,-0.070358,0.111723,-0.06517,0.146869,0.001384,0.002534
0,-0.001105,-0.10479,0.066799,-0.225663,0.115582,-0.262856,1.9e-05,0.001829
0,-0.138198,0.118726,-0.166911,0.211186,-0.139881,0.200796,0.002412,0.002072
0,-0.153003,-0.052064,-0.017353,-0.160701,-0.058543,-0.200073,0.00267,0.000909
0,0.113205,0.056106,0.246121,0.100961,0.281538,0.096094,0.001976,0.000979
0,-0.089468,-0.078221,-0.216886,-0.104698,-0.200534,-0.082397,0.001562,0.001365
0,0.126234,0.069206,0.236882,0.137203,0.24572,0.183293,0.002203,0.001208
0,-0.127345,0.162582,-0.237402,0.073392,-0.228639,0.120205,0.002223,0.002838
0,-0.097161,-0.062282,0.050861,-0.213039,0.01133,-0.22235,0.001696,0.001087
0,0.023945,0.002488,0.10412,0.084264,0.101741,0.076988,0.000418,4.3e-05
0,-0.002606,-0.024967,-0.036483,-0.00052,-0.04307,0.017483,4.5e-05,0.000436
0,-0.007279,0.008748,0.022947,0.037333,0.014274,0.069445,0.000127,0.000153
0,0.025423,0.073851,0.032218,0.054548,0.008346,0.088482,0.000444,0.001289
0,1.636769,-1.037616,1.626234,-1.091725,1.577464,-1.06642,0.002705,0.002474
0,3.18004,-3.091418,1.556065,-2.042862,1.523495,-2.050018,0.000777,0.00077
0,3.647738,-3.107347,0.459681,0.003714,0.4358,-0.002144,0.001122,0.000492
0,3.367521,-2.772969,-0.281469,0.335494,-0.269661,0.352785,0.003769,0.00149
0,3.019262,-2.24215,-0.349498,0.515306,-0.335464,0.502919,0.002029,4.4e-05
0,3.025507,-1.599032,0.01725,0.619505,-0.004029,0.598374,0.00192,0.003363
0,2.324196,-1.317426,-0.729143,0.293018,-0.747669,0.316029,0.001475,0.00046
0,1.94493,-0.883486,-0.373296,0.455613,-0.384932,0.504558,0.002674,0.000216
0,1.574363,-0.591195,-0.349224,0.308111,-0.355067,0.34281,0.003794,0.0025
0,1.04402,-0.194504,-0.515505,0.370806,-0.525326,0.405058,0.002586,0.003395
0,0.533134,-0.062972,-0.530805,0.110101,-0.577082,0.097035,0.001487,0.001099
0,0.398985,0.191136,-0.124428,0.235616,-0.111754,0.251802,0.000854,0.003336
0,-0.096104,0.207944,-0.504337,0.007682,-0.513083,-0.004247,0.001677,0.003629
0,-0.015529,0.169175,0.086197,-0.035002,0.057883,-0.018805,0.000271,0.002953
0,-0.343607,0.33968,-0.300207,0.180501,-0.281692,0.211744,0.001821,0.001889
0,-0.255637,0.481021,0.084019,0.132498,0.104161,0.128707,0.003356,0.000578
0,-0.067563,0.316619,0.192874,-0.184051,0.201356,-0.185469,0.001179,0.002292
0,-0.203985,0.287711,-0.10785,-0.055473,-0.136617,-0.018907,0.00356,0.002796
0,-0.142216,0.318274,0.037527,0.050327,-0.011761,0.041904,0.002482,0.002263
0,-0.138476,0.065774,-0.000704,-0.271278,0.030535,-0.226085,0.002417,0.001148
0,-0.112074,-0.053839,0.009165,-0.096302,0.050032,-0.077423,0.001956,0.00094
0,0.022148,0.077112,0.117724,0.135841,0.104748,0.14877,0.000387,0.001346
0,-0.187453,0.003467,-0.23241,-0.075787,-0.20618,-0.04394,0.003272,6.1e-05
0,-0.251144,-0.223791,-0.054866,-0.253388,-0.079516,-0.238777,0.003435,0.003906
0,-0.051364,-0.22991,0.189073,0.010178,0.141694,-0.009834,0.000896,0.003805
0,-0.009316,-0.128101,0.026299,0.127679,0.008103,0.161117,0.000163,0.002236
0,-0.024253,-0.077407,0.014118,0.026412,-0.019449,0.003655,0.000423,0.001351
0,0.075915,-0.123881,0.103262,-0.060691,0.061977,-0.038002,0.001325,0.002162
0,-0.030794,-0.01096,-0.115087,0.100613,-0.150509,0.125953,0.000537,0.000191
0,-0.027974,-0.038492,0.007636,-0.045689,0.016527,-0.015955,0.000488,0.000672
0,-0.018279,-0.004073,0.032046,0.04728,0.079654,0.031603,0.000319,7.1e-05
0,0.139266,-0.093464,0.156587,-0.101224,0.131878,-0.121485,0.002431,0.001631
0,0.00869,-0.012698,-0.135733,0.053407,-0.168737,0.020355,0.000152,0.000222
0,0.134136,-0.011269,0.111469,-0.006116,0.102381,0.029472,0.002341,0.000197
0,0.000436,-0.108955,-0.103914,-0.091566,-0.078345,-0.139942,8e-06,0.001902
0,0.240019,-0.119669,0.267448,-0.019192,0.255334,0.013425,0.003629,0.002089
0,0.157871,0.025867,-0.08853,0.139623,-0.134208,0.101251,0.002755,0.000451
0,0.161715,-0.11781,-0.014671,-0.144076,0.014056,-0.13304,0.002822,0.002056
0,0.211564,0.086524,0.068686,0.191531,0.051157,0.169095,0.003692,0.00151
0,0.210345,0.075991,-0.014601,-0.022418,-0.045095,0.005719,0.003671,0.001326
0,0.061299,-0.114191,-0.174966,-0.174822,-0.15475,-0.20041,0.00107,0.001993
0,0.024179,-0.052318,-0.05413,0.079887,-0.076362,0.124294,0.000422,0.000913
0,0.077914,0.005459,0.056752,0.051107,0.078034,0.015426,0.00136,9.5e-05
0,0.126429,0.022948,0.074595,-0.00739,0.058891,-0.000924,0.002207,0.000401
0,0.271794,-0.069894,0.11622,-0.073904,0.089235,-0.042976,0.003074,0.00122
0,0.099859,0.074675,-0.158168,0.127298,-0.173965,0.162368,0.001743,0.001303
0,0.209818,-0.007909,0.116447,-0.103891,0.163543,-0.151881,0.003662,0.000138
0,0.102839,0.128458,-0.120502,0.121948,-0.111413,0.157021,0.001795,0.002242
0,-0.087136,-0.087482,-0.208986,-0.18803,-0.161239,-0.143687,0.001521,0.001527
0,0.069364,0.044057,0.135516,0.158186,0.120586,0.190255,0.001211,0.000769
0,-0.127547,-0.021019,-0.198827,-0.087944,-0.19257,-0.131908,0.002226,0.000367
0,-0.07724,0.104306,0.047574,0.145547,0.053508,0.127724,0.001348,0.00182
0,-0.080168,-0.039091,-0.025611,-0.115861,-0.066083,-0.148769,0.001399,0.000682
0,-0.009592,0.04238,0.060507,0.071963,0.048537,0.082339,0.000167,0.00074
0,0.063049,0.014184,0.070198,-0.04628,0.048127,-0.076261,0.0011,0.000248
0,0.065835,-0.038089,-0.018839,-0.044262,0.023573,-0.047079,0.001149,0.000665
0,-0.045691,-0.140993,-0.112899,-0.089362,-0.104669,-0.134678,0.000797,0.002461
0,-0.12802,0.099131,-0.08879,0.234088,-0.062121,0.194415,0.002234,0.00173
0,-0.000659,0.159626,0.15125,0.061687,0.185132,0.099062,1.2e-05,0.002786
0,-0.01122,0.096288,-0.021166,-0.052302,-0.027886,-0.0045,0.000196,0.001681
0,0.165489,0.033851,0.202809,-0.045249,0.230082,-0.088462,0.002888,0.000591
0,-1.080682,0.094263,-1.266701,0.044229,-1.297374,0.011114,0.003226,0.001645
0,-1.572492,0.042235,-0.475896,-0.07861,-0.488118,-0.064576,0.003826,0.000737
0,-1.940105,-0.073491,-0.380435,-0.138699,-0.409352,-0.169056,0.00259,0.001283
0,-2.084629,0.144698,-0.164148,0.189446,-0.210335,0.212933,0.002706,0.002525
0,-1.729971,0.003711,0.35945,-0.157929,0.362244,-0.133456,0.001078,6.5e-05
0,-1.011943,-0.079399,0.722032,-0.096233,0.712876,-0.047908,0.002026,0.001386
0,-0.824192,-0.020229,0.158173,0.06399,0.128476,0.108764,0.001251,0.000353
0,-0.441693,0.11402,0.383867,0.162709,0.385623,0.162594,0.000109,0.00199
0,-0.124673,0.013835,0.341368,-0.113627,0.323212,-0.079193,0.002176,0.000241
0,0.007387,0.199955,0.158625,0.185888,0.184898,0.228553,0.000129,0.00349
0,0.252006,0.060864,0.221926,-0.164299,0.23304,-0.163829,0.00342,0.001062
0,0.224619,-0.023924,-0.049987,-0.066733,-0.014636,-0.075745,0.003898,0.000418
0,0.266354,0.10802,0.026225,0.123105,0.05311,0.092674,0.003169,0.001885
0,0.007356,-0.082872,-0.265064,-0.203056,-0.276287,-0.192008,0.000128,0.001446
0,0.006338,0.056434,0.018624,0.155514,0.010968,0.141933,0.000111,0.000985
0,0.0102,-0.005036,0.003956,-0.087099,0.003784,-0.125779,0.000178,8.8e-05
0,0.043542,-0.064009,0.032504,-0.059722,0.033874,-0.022155,0.00076,0.001117
0,-0.054663,0.036,-0.069093,0.11844,-0.071388,0.06966,0.000954,0.000628
0,-0.146569,0.037541,-0.095214,0.012371,-0.051524,0.058081,0.002558,0.000655
0,-0.094587,-0.072624,0.024845,-0.136434,0.026631,-0.162117,0.001651,0.001268
0,0.112031,0.005239,0.236604,0.089657,0.199305,0.052868,0.001955,9.1e-05
0,0.006972,0.010825,-0.128755,-0.00116,-0.155498,0.003605,0.000122,0.000189
0,0.114202,0.208806,0.133231,0.196036,0.11184,0.148153,0.001993,0.003644
0,-0.109724,0.086122,-0.247769,-0.130699,-0.260449,-0.088656,0.001915,0.001503
0,-0.177554,0.017453,-0.066425,-0.092329,-0.102431,-0.083594,0.003099,0.000305
0,-0.092664,0.151533,0.057318,0.122226,0.027573,0.093323,0.001617,0.002645
0,0.013141,-0.054123,0.103107,-0.186701,0.107962,-0.176548,0.000229,0.000945
0,-0.085414,-0.087255,-0.078277,-0.028943,-0.116759,-0.075669,0.001491,0.001523
0,-0.110327,0.021978,-0.038721,0.110554,-0.018521,0.099234,0.001926,0.000384
0,-0.087216,0.007244,0.009475,-0.030002,-0.036826,-0.046894,0.001522,0.000126
0,0.013587,0.074806,0.12639,0.077148,0.122853,0.068268,0.000237,0.001306
0,-0.103256,0.017077,-0.08711,-0.052524,-0.038614,-0.04787,0.001802,0.000298
0,0.044123,0.100363,0.133464,0.072364,0.124048,0.076984,0.00077,0.001752
0,-0.023029,-0.010721,-0.07501,-0.090241,-0.09438,-0.09733,0.000402,0.000187
0,0.06747,-0.037021,0.114761,-0.025364,0.110266,0.019598,0.001178,0.000646
0,0.056087,-0.061416,0.005037,-0.027216,-0.001799,0.007645,0.000979,0.001072
0,0.075417,0.12557,0.00887,0.202996,0.056415,0.232613,0.001316,0.002192
0,-0.08847,-0.101848,-0.181661,-0.211676,-0.165234,-0.205426,0.001544,0.001778
0,0.085637,0.012222,0.192202,0.100458,0.22856,0.130338,0.001495,0.000213
0,-0.048566,0.079009,-0.140011,0.046906,-0.129982,0.095001,0.000848,0.001379
0,0.076527,0.033629,0.120454,-0.035109,0.10123,-0.005926,0.001336,0.000587
0,-0.02423,0.02857,-0.113748,0.014161,-0.11828,0.063608,0.000423,0.000499
0,0.106835,0.171934,0.150178,0.114652,0.121643,0.14902,0.001865,0.003001
0,-0.038054,-0.06018,-0.173508,-0.215764,-0.156698,-0.257481,0.000664,0.00105
0,0.043957,-0.000995,0.097637,0.083955,0.098227,0.110188,0.000767,1.7e-05
0,-0.031371,-0.108659,-0.055252,-0.126801,-0.078614,-0.077475,0.000548,0.001896
0,0.049726,-0.097427,0.073782,0.015762,0.042516,-0.016103,0.000868,0.0017
0,0.014222,-0.12881,-0.005621,-0.009753,0.030874,0.028697,0.000248,0.002248
0,0.010287,-0.051404,0.019216,0.092121,0.024037,0.134208,0.00018,0.000897
0,-0.075322,0.078547,-0.090835,0.115205,-0.062153,0.157716,0.001315,0.001371
0,-0.178749,0.053413,-0.130313,-0.0376,-0.15122,-0.075379,0.00312,0.000932
0,-0.118036,-0.00281,0.054068,-0.036,0.034424,-0.063629,0.00206,4.9e-05
0,0.053667,0.131818,0.167727,0.134197,0.190466,0.120777,0.000937,0.002301
0,0.13326,0.136817,0.109343,0.023045,0.076581,-0.002228,0.002326,0.002388
0,0.235626,0.102214,0.093208,-0.056724,0.091526,-0.050872,0.003705,0.001784
0,0.067707,0.138377,-0.151972,0.044939,-0.144725,0.086032,0.001182,0.002415
0,0.179209,0.040464,0.091844,-0.082034,0.089859,-0.123251,0.003128,0.000706
0,-0.018432,-0.026965,-0.19761,-0.085684,-0.242532,-0.08613,0.000322,0.000471
0,-0.021398,0.102028,0.003362,0.131568,0.012241,0.148113,0.000373,0.001781
0,0.092743,0.122895,0.11045,0.016972,0.107821,0.019211,0.001619,0.002145
0,-0.034369,-0.117228,-0.131816,-0.238357,-0.098574,-0.198621,0.0006,0.002046
0,-0.08221,0.11637,-0.058855,0.213858,-0.09226,0.186942,0.001435,0.002031
0,0.207843,0.085291,0.309852,-0.049048,0.279209,-0.094392,0.003628,0.001489
0,0.051036,-0.1568,-0.14717,-0.248018,-0.130087,-0.267804,0.000891,0.002737
0,0.060959,-0.120327,0.023695,0.013894,0.023279,-0.008377,0.001064,0.0021
0,-0.022601,-0.038858,-0.087925,0.102394,-0.107274,0.113599,0.000394,0.000678
0,-0.033804,0.011512,-0.003496,0.023303,-0.014359,-0.015086,0.00059,0.000201
0,-0.066877,-0.067597,-0.029419,-0.057327,-0.027615,-0.039012,0.001167,0.00118
0,-0.018407,0.058272,0.024768,0.117595,0.016553,0.121903,0.000321,0.001017
0,-0.086558,-0.035055,-0.04809,-0.122142,-0.033693,-0.114642,0.001511,0.000612
0,0.074484,0.032465,0.154678,0.080319,0.150592,0.085914,0.0013,0.000567
0,-0.06609,0.150483,-0.141056,0.120859,-0.118516,0.089057,0.001153,0.002626
0,-0.097224,0.078628,-0.010739,-0.066444,0.012839,-0.057164,0.001697,0.001372
0,-0.088689,-0.129362,0.020152,-0.216013,0.007417,-0.186437,0.001548,0.002258
0,-0.000282,0.073957,0.061927,0.200007,0.062771,0.245139,5e-06,0.001291
0,0.141872,0.018255,0.160362,-0.034125,0.113875,-0.049274,0.002476,0.000319
0,0.10925,0.138816,-0.018498,0.103669,0.025325,0.120567,0.001907,0.002423
0,0.044451,-0.032519,-0.080864,-0.196437,-0.12981,-0.146542,0.000776,0.000568
0,-0.124377,0.123965,-0.145088,0.157129,-0.17491,0.126822,0.002171,0.002164
0,-0.157979,0.078992,-0.04862,-0.055341,-0.069869,-0.005575,0.002757,0.001379
0,-0.093017,0.005581,0.042605,-0.079953,0.030032,-0.087039,0.001623,9.7e-05
0,-0.093718,-0.008372,-0.021336,-0.003924,-0.017122,0.015294,0.001636,0.000146
0,-0.091879,0.058794,-0.01776,0.03762,0.006899,0.048043,0.001604,0.001026
0,-0.280643,-0.016814,-0.181934,-0.066518,-0.191177,-0.0653,0.00292,0.000293
0,-0.138731,0.087714,0.134374,0.126132,0.094487,0.108988,0.002421,0.001531
0,-0.020506,-0.167542,0.146303,-0.22966,0.117122,-0.20076,0.000358,0.002924
0,-0.175076,0.101125,-0.129815,0.276852,-0.153373,0.290819,0.003056,0.001765
0,-0.201272,-0.111926,-0.0235,-0.225929,-0.052085,-0.182867,0.003513,0.001953
0,0.004832,0.094058,0.210745,0.178628,0.178467,0.168232,8.4e-05,0.001642
0,0.041769,0.099896,0.02611,0.027894,-0.021377,-0.021139,0.000729,0.001744
0,0.062281,-0.03015,0.013086,-0.125134,0.040015,-0.101665,0.001087,0.000526
0,-0.193587,0.000378,-0.276932,0.00468,-0.2565,0.02581,0.003379,7e-06
0,-0.079333,-0.000616,0.095009,0.012351,0.078732,0.033199,0.001385,1.1e-05
0,-0.076145,-0.011364,-0.005538,-0.034884,0.03575,-0.074303,0.001329,0.000198
0,-0.063634,0.106139,0.036707,0.133542,0.050356,0.102207,0.001111,0.001852
0,0.022735,-0.162356,0.107289,-0.283729,0.064933,-0.298484,0.000397,0.002834
0,-0.150205,-0.030903,-0.185464,0.160499,-0.165437,0.112618,0.002622,0.000539
0,0.04309,0.09479,0.210531,0.140514,0.186535,0.104644,0.000752,0.001654
0,-0.025829,0.067748,-0.087605,-0.051906,-0.100834,-0.045143,0.000451,0.001182
0,-0.087831,0.009976,-0.064819,-0.087412,-0.06854,-0.123662,0.001533,0.000174
0,0.03747,-0.168303,0.099117,-0.163208,0.089775,-0.191583,0.000654,0.002937
0,-0.006034,-0.187967,-0.044526,-0.008118,-0.038136,-0.009855,0.000105,0.003281
0,-0.105289,-0.148024,-0.080992,0.057625,-0.087239,0.106951,0.001838,0.002584
0,-0.023728,0.05978,0.095188,0.188799,0.047728,0.18588,0.000414,0.001043
0,0.021513,0.046788,0.045514,-0.023874,0.081183,0.012101,0.000375,0.000817
0,0.103053,0.07238,0.064148,0.046056,0.049064,0.04932,0.001799,0.001263
0,0.062362,-0.06613,-0.047941,-0.132939,-0.051522,-0.113039,0.001088,0.001154
0,0.128303,-0.204037,0.067921,-0.142714,0.054373,-0.176938,0.002239,0.003561
0,0.051377,0.011974,-0.054602,0.230535,-0.051392,0.271342,0.000897,0.000209
0,0.012309,-0.120947,-0.040949,-0.151678,0.00293,-0.19854,0.000215,0.002111
0,0.173743,0.034399,0.17167,0.148837,0.162146,0.167691,0.003032,0.0006
0,0.016782,-0.070691,-0.144071,-0.080781,-0.18679,-0.063561,0.000293,0.001234
0,0.060475,-0.039867,0.018989,0.041663,0.004308,0.083914,0.001055,0.000696
0,0.025628,0.014831,-0.01279,0.06852,-0.022521,0.025285,0.000447,0.000259
0,0.169401,-0.068331,0.130608,-0.099364,0.107041,-0.091714,0.002957,0.001193
0,0.088606,0.067349,-0.098186,0.111131,-0.10907,0.152388,0.001546,0.001175
0,-0.082893,-0.071309,-0.14539,-0.135312,-0.130784,-0.155202,0.001447,0.001245
0,0.17732,0.049101,0.263426,0.113169,0.285871,0.077687,0.003095,0.000857
0,0.146904,-0.040135,-0.059629,-0.073009,-0.080735,-0.118211,0.002564,0.0007
0,-0.02866,0.096815,-0.170959,0.135782,-0.175224,0.109747,0.0005,0.00169
0,0.058948,-0.145033,0.099653,-0.266776,0.057631,-0.295184,0.001029,0.002531
0,0.086761,-0.080629,0.013739,0.049091,-0.032775,0.094792,0.001514,0.001407
0,0.166035,-0.09279,0.095598,-0.033934,0.047928,-0.077358,0.002898,0.001619
0,0.118705,0.122629,-0.051046,0.226172,-0.046469,0.235696,0.002072,0.00214
0,-0.039857,-0.155554,-0.132032,-0.263129,-0.12641,-0.28335,0.000696,0.002715
0,0.085348,0.057578,0.126269,0.215089,0.115322,0.173081,0.00149,0.001005
0,-0.043624,-0.091629,-0.146852,-0.142663,-0.191177,-0.14108,0.000761,0.001599
0,0.028036,0.110749,0.072308,0.208501,0.096624,0.172,0.000489,0.001933
0,0.053427,0.012024,0.036988,-0.111242,0.010503,-0.115345,0.000932,0.00021
0,0.035101,0.046297,-0.002807,0.054785,-0.010248,0.102725,0.000613,0.000808
0,0.181872,-0.012759,0.150333,-0.085783,0.1522,-0.094114,0.003174,0.000223
0,0.00301,-0.092487,-0.151339,-0.105422,-0.191302,-0.11862,5.3e-05,0.001614
0,0.19342,0.115904,0.192611,0.182278,0.20937,0.135959,0.003376,0.002023
0,0.011649,-0.111245,-0.166632,-0.232634,-0.189052,-0.206825,0.000203,0.001942
0,0.088153,0.047857,0.072371,0.182115,0.110162,0.174697,0.001539,0.000835
0,0.087111,0.017715,-0.001225,-0.036736,-0.014078,0.009761,0.00152,0.000309
0,0.007984,0.095042,-0.085736,0.082611,-0.055227,0.05393,0.000139,0.001659
0,-0.015028,0.114199,-0.050477,0.01716,-0.069622,0.050748,0.000262,0.001993
0,0.039554,0.021127,0.084239,-0.082204,0.105952,-0.117459,0.00069,0.000369
0,0.165198,-0.080506,0.121287,-0.12736,0.145005,-0.077639,0.002883,0.001405
0,0.109553,0.156701,-0.060893,0.25483,-0.087765,0.27632,0.001912,0.002735
0,0.037788,0.018805,-0.077615,-0.160469,-0.061232,-0.20321,0.00066,0.000328
0,-0.15284,0.067265,-0.164653,0.027637,-0.118934,0.033169,0.002668,0.001174
0,-0.027309,0.173257,0.125257,0.08511,0.17195,0.070336,0.000477,0.003024
0,0.113538,0.035911,0.118925,-0.156363,0.143549,-0.131471,0.001982,0.000627
0,0.041059,-0.011986,-0.090645,-0.056995,-0.045138,-0.083571,0.000717,0.000209
0,0.042751,0.011059,0.028977,0.007384,0.010214,0.035704,0.000746,0.000193
0,0.128831,0.108857,0.113769,0.072985,0.132198,0.08412,0.002249,0.0019
0,0.145608,-0.005975,0.041547,-0.088907,0.077781,-0.080118,0.002541,0.000104
0,0.143063,0.037182,0.013664,0.064318,0.053841,0.098234,0.002497,0.000649
0,-0.127887,0.144477,-0.280099,0.078664,-0.248836,0.055007,0.002232,0.002522
0,0.163999,0.193188,0.316997,0.069588,0.305287,0.052919,0.002862,0.003372
0,0.134236,0.045857,-0.042261,-0.152681,-0.0241,-0.163822,0.002343,0.0008
0,0.001644,0.092306,-0.1605,0.020821,-0.145995,0.02422,2.9e-05,0.001611
0,-0.005519,0.144767,0.017626,0.068282,0.037095,0.042827,9.6e-05,0.002527
0,-0.104063,-0.034819,-0.092789,-0.204731,-0.132784,-0.222514,0.001816,0.000608
0,0.082159,-0.029671,0.208991,0.033925,0.213718,0.041993,0.001434,0.000518
0,0.174715,-0.061875,0.079792,-0.018478,0.104198,0.005329,0.003049,0.00108
0,0.05224,0.159381,-0.095511,0.240206,-0.079431,0.226955,0.000912,0.002782
0,0.257997,0.078902,0.222892,-0.075521,0.191266,-0.10655,0.003315,0.001377
0,0.160654,-0.055956,-0.079205,-0.143781,-0.061131,-0.094606,0.002804,0.000977
0,0.090747,0.072771,-0.090895,0.14328,-0.048393,0.119089,0.001584,0.00127
0,-0.015249,0.045112,-0.089923,-0.001137,-0.136727,-0.040929,0.000266,0.000787
0,0.250686,-0.000682,0.279651,-0.01638,0.321594,-0.018801,0.003443,1.2e-05
0,0.21889,-0.105493,-0.018536,-0.076702,-0.030283,-0.09949,0.00382,0.001841
0,-0.085975,0.092524,-0.320149,0.183275,-0.348123,0.231945,0.001501,0.001615
0,0.010157,-0.068571,0.096582,-0.144114,0.139668,-0.15651,0.000177,0.001197
0,-0.017548,-0.082088,0.000183,0.005114,0.038173,-0.002894,0.000306,0.001433
0,0.115738,-0.092258,0.114082,0.016536,0.105775,-0.02062,0.00202,0.00161
0,-0.102517,-0.112338,-0.203627,-0.037295,-0.186179,-0.046948,0.001789,0.001961
0,0.11738,-0.123575,0.208059,-0.022308,0.206279,-0.040223,0.002049,0.002157
0,0.16991,0.01346,0.036498,0.147042,0.035892,0.162301,0.002965,0.000235
0,0.172075,-0.040086,-0.022753,-0.032463,0.027128,0.014378,0.003003,0.0007
0,-0.036266,0.101199,-0.221535,0.116737,-0.222205,0.084039,0.000633,0.001766
0,0.201203,0.067464,0.231268,-0.012576,0.183653,0.009594,0.003512,0.001177
0,-0.007607,0.092986,-0.184367,0.008841,-0.209132,0.029461,0.000133,0.001623
0,0.180943,0.057405,0.212403,-0.036184,0.170968,-0.023454,0.003158,0.001002
0,0.06798,-0.009908,-0.103588,-0.072266,-0.140133,-0.061867,0.001186,0.000173
0,-0.01347,-0.149228,-0.111347,-0.166395,-0.15635,-0.142773,0.000235,0.002605
0,0.139303,-0.116715,0.148245,0.038238,0.18128,0.034666,0.002431,0.002037
0,0.287431,-0.110576,0.163988,-0.004604,0.208691,-0.019826,0.002801,0.00193
0,0.308737,0.052435,0.03616,0.151227,0.066549,0.136868,0.002429,0.000915
0,0.268252,0.095997,-0.046756,0.063238,-0.077759,0.094669,0.003136,0.001675
0,0.118626,0.090952,-0.147248,0.003529,-0.129314,-0.027043,0.00207,0.001587
0,0.31061,0.045448,0.198302,-0.040981,0.16378,-0.08626,0.002397,0.000793
0,0.118885,-0.004559,-0.193763,-0.072488,-0.210254,-0.058366,0.002075,8e-05
0,0.289235,-0.057597,0.161351,-0.069433,0.200305,-0.090295,0.00277,0.001005
0,0.327594,-0.061935,0.034518,-0.010965,0.062867,-0.05438,0.0021,0.001081
0,0.083581,-0.180558,-0.258158,-0.108103,-0.252804,-0.088403,0.001459,0.003151
0,0.231752,-0.189781,0.143966,0.012165,0.188869,0.061829,0.003773,0.003312
0,0.126102,-0.065826,-0.078259,0.131867,-0.05032,0.116898,0.002201,0.001149
0,0.286516,0.054612,0.15683,0.105542,0.188917,0.09646,0.002817,0.000953
0,0.16237,-0.134139,-0.147955,-0.210474,-0.173725,-0.200461,0.002834,0.002341
0,0.246995,0.001315,0.099704,0.116868,0.102243,0.115632,0.003507,2.3e-05
0,0.224084,-0.026057,0.00703,-0.023996,-0.035146,-0.03907,0.003907,0.000455
0,0.067375,0.042243,-0.162084,0.055523,-0.118719,0.05753,0.001176,0.000737
0,0.142658,-0.184322,0.072259,-0.208853,0.102778,-0.21361,0.00249,0.003217
0,0.031832,-0.038551,-0.127399,0.159695,-0.176797,0.1642,0.000556,0.000673
0,0.325697,0.08099,0.291459,0.135591,0.262033,0.105243,0.002133,0.001414
0,0.211558,-0.026524,-0.120474,-0.089155,-0.133003,-0.072875,0.003692,0.000463
0,0.073366,-0.030294,-0.128968,0.000769,-0.169599,-0.010285,0.00128,0.000529
0,0.076376,-0.10217,-0.018804,-0.046742,-0.033124,-0.088546,0.001333,0.001783
0,0.102243,-0.103844,0.048286,0.007392,0.094204,0.015424,0.001784,0.001812
0,0.201902,0.10838,0.076606,0.218194,0.111982,0.18786,0.003524,0.001892
0,0.038557,-0.030517,-0.141191,-0.152249,-0.100534,-0.155296,0.000673,0.000533
0,0.182495,-0.124834,0.169431,-0.093581,0.198733,-0.121905,0.003185,0.002179
0,0.053031,-0.066323,-0.10442,0.066865,-0.125665,0.064527,0.000926,0.001158
0,0.254595,0.105925,0.191504,0.151725,0.226691,0.179008,0.003374,0.001849
0,-0.036276,-0.136736,-0.295879,-0.244442,-0.298264,-0.2805,0.000633,0.002386
0,0.148951,0.113013,0.158132,0.235776,0.136703,0.215531,0.0026,0.001972
0,0.075513,-0.090056,-0.082922,-0.205219,-0.043811,-0.252055,0.001318,0.001572
0,0.059202,-0.042956,-0.014573,0.043,-0.037664,0.059258,0.001033,0.00075
0,0.018518,0.07535,-0.038369,0.146304,-0.068274,0.187097,0.000323,0.001315
0,0.068142,-0.118204,0.034684,-0.202116,0.07523,-0.158428,0.001189,0.002063
0,0.127638,-0.16762,0.033043,-0.065004,0.037652,-0.10264,0.002228,0.002926
0,0.042505,-0.074464,-0.094402,0.104566,-0.085968,0.135101,0.000742,0.0013
0,0.052511,0.019106,0.033401,0.06544,-0.009608,0.112564,0.000916,0.000333
0,0.079462,-0.033264,0.052005,-0.05058,0.088305,-0.074614,0.001387,0.000581
0,0.081364,-0.021351,0.029999,0.032358,0.050818,-0.001542,0.00142,0.000373
0,0.14264,-0.09486,0.087583,-0.087006,0.048321,-0.09868,0.00249,0.001656
0,0.230153,-0.010082,0.099215,0.088722,0.07016,0.11445,0.003801,0.000176
0,0.17627,-0.110373,-0.062836,-0.100287,-0.077545,-0.118849,0.003076,0.001926
0,-0.00165,-0.05358,-0.189182,0.073457,-0.186992,0.080538,2.9e-05,0.000935
0,-0.040381,0.016125,-0.030277,0.087211,-0.04399,0.108921,0.000705,0.000281
0,0.106061,-0.099,0.144774,-0.105263,0.176892,-0.096534,0.001851,0.001728
0,0.263316,0.086951,0.131987,0.164715,0.15963,0.141952,0.003222,0.001518
0,0.34131,0.043603,0.078543,-0.032481,0.071015,-0.023527,0.001861,0.000761
0,0.27378,-0.142254,-0.074527,-0.185676,-0.070018,-0.175514,0.00304,0.002483
0,0.146741,0.049154,-0.149625,0.178125,-0.190355,0.157453,0.002561,0.000858
0,0.210279,0.118407,0.04339,0.08735,0.051678,0.038791,0.00367,0.002067
0,0.232223,0.158705,-0.000381,0.044024,-0.027172,0.078899,0.003765,0.00277
0,0.043549,0.149551,-0.214797,-0.025117,-0.241247,-0.027085,0.00076,0.00261
0,0.056339,-0.043517,0.00486,-0.18113,0.051062,-0.195861,0.000983,0.00076
0,0.227642,0.069127,0.15888,0.0939,0.158201,0.122949,0.003845,0.001206
0,0.34834,0.008634,0.115917,-0.03776,0.067369,-0.017819,0.001738,0.000151
0,0.136037,0.170175,-0.186415,0.161791,-0.232807,0.124578,0.002374,0.00297
0,0.265251,-0.006472,0.128907,-0.150299,0.107091,-0.162487,0.003188,0.000113
0,0.323438,0.141571,0.087948,0.177283,0.055971,0.16493,0.002173,0.002471
0,0.218658,0.097027,-0.088151,-0.068699,-0.117263,-0.096881,0.003816,0.001693
0,0.082618,-0.020965,-0.111241,-0.137521,-0.146859,-0.111797,0.001442,0.000366
0,0.216133,0.170987,0.120131,0.208184,0.081966,0.176762,0.003772,0.002984
0,0.10682,-0.072489,-0.135572,-0.24297,-0.182764,-0.292178,0.001864,0.001265
0,0.05417,-0.030478,-0.057614,0.026472,-0.028398,0.065935,0.000945,0.000532
0,0.054074,0.139079,-0.027657,0.141143,-0.06415,0.155949,0.000944,0.002427
0,-0.002707,-0.037826,-0.030805,-0.186748,-0.02243,-0.230591,4.7e-05,0.00066
0,-0.025743,-0.001245,0.002695,0.049567,0.017956,0.070963,0.000449,2.2e-05
0,0.106081,0.010553,0.102897,0.027556,0.142189,0.034174,0.001851,0.000184
0,0.003829,0.116151,-0.113649,0.109698,-0.110855,0.145668,6.7e-05,0.002027
0,0.156701,-0.076986,0.138348,-0.203737,0.118857,-0.248678,0.002735,0.001344
0,0.072926,0.026455,-0.113295,0.130144,-0.098116,0.155985,0.001273,0.000462
0,0.150168,0.085196,0.056604,0.035853,0.078187,0.049205,0.002621,0.001487
0,-0.118897,-0.043175,-0.254983,-0.103508,-0.276957,-0.091634,0.002075,0.000754
0,-0.148844,0.06981,-0.039153,0.116069,-0.004823,0.095222,0.002598,0.001218
0,-0.16427,-0.049858,-0.017787,-0.137516,0.010632,-0.171643,0.002867,0.00087
0,-0.174907,0.132073,-0.026446,0.152829,-0.010198,0.170208,0.003053,0.002305
0,-0.233861,0.047129,-0.04257,-0.096839,-0.029596,-0.055729,0.003736,0.000823
0,-0.134328,0.025786,0.101826,-0.042876,0.072401,-0.000354,0.002344,0.00045
0,-0.127492,0.002205,0.006593,-0.03314,0.011991,-0.052163,0.002225,3.8e-05
0,-0.022214,0.168283,0.079431,0.147284,0.032844,0.103246,0.000388,0.002937
0,0.028629,0.119347,0.043899,-0.019352,0.033187,-0.006731,0.0005,0.002083
0,-0.146976,-0.046958,-0.169384,-0.142456,-0.182377,-0.125863,0.002565,0.00082
0,-0.009626,0.06646,0.126598,0.110217,0.103362,0.139565,0.000168,0.00116
0,-0.148325,0.177425,-0.119747,0.105783,-0.157244,0.126767,0.002589,0.003097
0,0.043498,0.076456,0.179343,-0.124769,0.17545,-0.149506,0.000759,0.001334
0,0.04292,0.15708,-0.012478,0.102959,0.003102,0.088754,0.000749,0.002742
0,0.08062,0.036591,0.019463,-0.121339,-0.008657,-0.074129,0.001407,0.000639
0,0.061225,-0.092468,-0.029149,-0.12104,-0.051933,-0.080846,0.001069,0.001614
0,0.097415,0.071886,0.042732,0.182923,0.055029,0.23139,0.0017,0.001255
0,-0.090712,0.024644,-0.214279,-0.027429,-0.208199,0.016717,0.001583,0.00043
0,-0.103889,0.199578,0.016447,0.181002,0.020105,0.229187,0.001813,0.003483
0,-0.100751,-0.017559,0.013088,-0.211282,-0.008972,-0.178305,0.001758,0.000306
0,0.066159,0.1563,0.152931,0.15506,0.147646,0.125534,0.001155,0.002728
0,0.07156,0.232516,0.012676,0.051553,0.035843,0.02376,0.001249,0.00376
0,0.070793,0.182987,-0.017818,-0.077475,-0.013785,-0.07273,0.001236,0.003194
0,-0.170316,-0.04488,-0.227508,-0.248731,-0.181134,-0.217969,0.002973,0.000783
0,-0.08531,0.1705,0.065573,0.205019,0.027011,0.184655,0.001489,0.002976
0,0.164969,0.225796,0.238413,0.069714,0.222612,0.037568,0.002879,0.003877
0,0.222361,0.127864,0.074768,-0.112091,0.032119,-0.150617,0.003881,0.002232
0,0.094254,-0.027859,-0.122035,-0.141573,-0.139594,-0.119351,0.001645,0.000486
0,0.00721,0.011615,-0.071748,0.065384,-0.077096,0.113628,0.000126,0.000203
0,0.205023,0.134477,0.203947,0.10731,0.245808,0.101203,0.003578,0.002347
0,0.08572,0.236477,-0.109532,0.123707,-0.094992,0.143854,0.001496,0.003691
0,0.008614,0.190212,-0.09049,-0.021644,-0.134303,0.001063,0.00015,0.00332
0,0.144492,-0.011586,0.119145,-0.192503,0.069321,-0.189136,0.002522,0.000202
0,0.232026,0.065362,0.061269,0.056317,0.01856,0.035101,0.003768,0.001141
0,0.065075,-0.082706,-0.149512,-0.139912,-0.14234,-0.118364,0.001136,0.001443
0,0.207889,-0.084774,0.134109,-0.003614,0.091481,-0.053443,0.003628,0.00148
0,-0.007487,0.01163,-0.244484,0.077586,-0.217316,0.108504,0.000131,0.000203
0,0.038715,0.140532,0.024636,0.099428,0.029259,0.131142,0.000676,0.002453
0,0.103253,-0.028315,0.045027,-0.140173,0.008196,-0.158715,0.001802,0.000494
0,0.774219,0.375369,0.693958,0.392435,0.686721,0.357405,0.002123,0.001266
0,1.688305,0.790093,0.934649,0.398296,0.921311,0.399877,0.001805,0.001846
0,2.811408,0.97356,1.136718,0.183136,1.132519,0.197876,0.002161,0.001356
0,3.106287,0.842543,0.307926,-0.158351,0.311096,-0.207714,0.00051,0.000931
0,2.753211,0.727158,-0.379715,-0.102297,-0.347608,-0.058526,0.001145,0.002944
0,2.373523,0.554918,-0.363268,-0.196426,-0.402684,-0.19805,0.002336,0.001867
0,2.048295,0.329878,-0.3194,-0.237326,-0.296408,-0.210858,0.00334,0.00206
0,1.480806,0.327181,-0.564324,-2.6e-05,-0.604889,0.028289,0.002391,0.002107
0,0.704319,-0.051213,-0.752431,-0.392768,-0.763961,-0.431606,0.003343,0.000894
0,0.32604,-0.037296,-0.395613,0.00654,-0.420933,-0.024542,0.002127,0.000651
0,-0.186245,0.047925,-0.495299,0.086944,-0.497699,0.09229,0.003251,0.000836
0,-0.46069,-0.15504,-0.291356,-0.173553,-0.244154,-0.188508,0.000223,0.002706
0,-0.480785,-0.151415,-0.033214,0.030038,-0.07918,0.035324,0.000573,0.002643
0,-0.631797,-0.145968,-0.134166,0.00854,-0.126879,0.002987,0.003209,0.002548
0,-0.591352,-0.222304,0.040928,-0.068929,0.047159,-0.024665,0.002503,0.00388
0,-0.408549,-0.009683,0.210189,0.207329,0.216291,0.243755,0.000687,0.000169
0,-0.356401,-0.090874,0.035208,-0.059272,0.036307,-0.058113,0.001598,0.001586
0,-0.049075,-0.12689,0.329028,-0.033119,0.370415,-0.054021,0.000857,0.002215
0,-0.025012,-0.253553,0.014808,-0.103846,0.014006,-0.145359,0.000437,0.003393
0,-0.231056,-0.174069,-0.22715,0.0617,-0.22245,0.016251,0.003785,0.003038
0,-0.042945,-0.036547,0.181659,0.148439,0.173915,0.113257,0.00075,0.000638
0,-0.110964,-0.040638,-0.057199,-0.018664,-0.027753,-0.008702,0.001937,0.000709
0,-0.038521,-0.145152,0.089927,-0.099683,0.077828,-0.103941,0.000672,0.002533
0,0.08282,-0.004168,0.140734,0.166576,0.115047,0.204184,0.001445,7.3e-05
0,0.174876,-0.116249,0.116977,-0.108184,0.125435,-0.098043,0.003052,0.002029
0,-0.049751,-0.034957,-0.230516,0.085253,-0.210299,0.03652,0.000868,0.00061
0,-0.038879,0.049772,0.014595,0.114536,-0.023007,0.068274,0.000679,0.000869
0,0.034581,-0.074225,0.049841,-0.130335,0.081854,-0.114757,0.000604,0.001295
0,0.089477,-0.092303,0.028332,0.000816,0.062149,-0.037633,0.001562,0.001611
0,-0.111718,0.058247,-0.220181,0.120563,-0.192766,0.138986,0.00195,0.001017
0,-0.059548,0.117918,0.066537,0.083509,0.073035,0.094846,0.001039,0.002058
0,-0.109337,-0.146811,-0.021635,-0.290936,-0.041493,-0.245533,0.001908,0.002562
0,0.171168,-0.137667,0.27031,-0.0011,0.220671,-0.050488,0.002987,0.002403
0,-0.038574,-0.0579,-0.20756,0.079789,-0.181719,0.102429,0.000673,0.001011
0,-0.074116,-0.000201,-0.038303,0.051281,-0.061748,0.08024,0.001294,4e-06
0,0.054942,-0.167957,0.100626,-0.191691,0.077414,-0.224109,0.000959,0.002931
0,0.189995,-0.094376,0.144279,0.0534,0.095523,0.089417,0.003316,0.001647
0,0.072995,-0.13062,-0.110182,-0.033771,-0.070402,-0.062805,0.001274,0.00228
0,-0.030653,-0.077993,-0.104679,0.026113,-0.101586,0.006542,0.000535,0.001361
0,0.100046,0.080055,0.128095,0.157677,0.093924,0.146394,0.001746,0.001397
0,0.242897,-0.150569,0.113904,-0.219081,0.1323,-0.254952,0.003579,0.002628
0,0.118277,0.001048,-0.104176,0.166014,-0.071031,0.191171,0.002064,1.8e-05
0,0.164047,0.067664,0.015862,0.080874,0.047414,0.060845,0.002863,0.001181
0,-0.029364,-0.125677,-0.177719,-0.19486,-0.171537,-0.186186,0.000512,0.002193
0,0.146046,-0.034203,0.149451,0.082103,0.126841,0.113563,0.002549,0.000597
0,0.004342,0.082922,-0.170358,0.105397,-0.214297,0.062276,7.6e-05,0.001447
0,-0.006634,-0.066318,0.009087,-0.136556,-0.028317,-0.127739,0.000116,0.001157
0,-0.023552,0.032035,-0.041653,0.11279,-0.016167,0.083558,0.000411,0.000559
0,0.108723,-0.185208,0.158088,-0.244364,0.116842,-0.20189,0.001898,0.003232
0,0.140666,-0.17127,0.025492,0.03892,0.039284,0.0328,0.002455,0.002989
0,0.13759,0.057248,0.004876,0.224079,0.033689,0.233584,0.002401,0.000999
0,0.250245,0.008196,0.088439,-0.024928,0.128866,-0.025378,0.00345,0.000143
0,0.066435,0.020815,-0.201711,0.036029,-0.189409,0.058706,0.00116,0.000363
0,0.132757,-0.162941,0.063511,-0.191302,0.038489,-0.1604,0.002317,0.002844
0,0.205641,-0.105511,0.070073,0.029012,0.08655,0.007261,0.003589,0.001842
0,-0.11206,-0.031307,-0.320367,0.06541,-0.357332,0.066644,0.001956,0.000546
0,-0.136666,-0.170267,-0.006202,-0.111832,0.037836,-0.08542,0.002385,0.002972
0,0.117848,-0.141469,0.245618,0.037387,0.203585,0.035325,0.002057,0.002469
0,-0.105873,-0.14343,-0.23261,-0.01908,-0.20843,-0.049006,0.001848,0.002503
0,-0.105163,0.070963,0.011435,0.235313,-0.022274,0.240082,0.001835,0.001239
0,0.054078,0.130168,0.167102,0.039917,0.210125,0.015055,0.000944,0.002272
0,-0.171648,-0.140553,-0.205057,-0.295763,-0.173801,-0.300471,0.002996,0.002453
0,-0.135209,0.098597,0.019243,0.258119,-0.010979,0.219364,0.00236,0.001721
0,-0.061184,0.143873,0.059578,0.038796,0.06547,0.071919,0.001068,0.002511
0,-0.072652,-0.007233,-0.02152,-0.133697,0.022889,-0.137379,0.001268,0.000126
0,0.072254,-0.033697,0.15968,-0.026984,0.148024,-0.046332,0.001261,0.000588
0,-0.086178,0.150311,-0.17098,0.179586,-0.165954,0.196632,0.001504,0.002623
0,-0.09577,0.132906,-0.017444,-0.041738,0.003959,-0.00517,0.001671,0.00232
0,0.018201,-0.037391,0.09206,-0.160998,0.066316,-0.146655,0.000318,0.000653
0,-0.077487,0.083583,-0.112423,0.131969,-0.08118,0.094611,0.001352,0.001459
0,0.040552,0.201734,0.135907,0.092817,0.110972,0.112661,0.000708,0.003521
0,-0.115043,0.069838,-0.175978,-0.110737,-0.196003,-0.094675,0.002008,0.001219
0,-0.154152,0.255581,-0.05496,0.180497,-0.098552,0.212982,0.00269,0.003357
0,-0.086935,0.115149,0.070893,-0.117034,0.11646,-0.133296,0.001517,0.00201
0,0.014687,0.063325,0.100323,-0.046988,0.111022,-0.071862,0.000256,0.001105
0,-0.062247,-0.03215,-0.094103,-0.097449,-0.08622,-0.056447,0.001086,0.000561
0,-0.17984,0.183022,-0.118044,0.234054,-0.097877,0.250517,0.003139,0.003194
0,-0.06371,0.179586,0.11804,-0.013706,0.12933,-0.037337,0.001112,0.003134
0,-0.284593,0.206916,-0.212928,0.018578,-0.198967,0.007586,0.002851,0.003611
0,-0.178809,0.003527,0.110752,-0.205305,0.093557,-0.158224,0.003121,6.2e-05
0,-0.174972,0.149111,0.026825,0.152258,0.014226,0.184075,0.003054,0.002602
0,-0.075873,-0.111628,0.102878,-0.242108,0.10107,-0.208304,0.001324,0.001948
0,-0.23227,0.038567,-0.162369,0.146996,-0.122493,0.174771,0.003764,0.000673
0,-0.180978,0.126819,0.0425,0.086534,-0.003161,0.082183,0.003159,0.002213
0,-0.20402,0.042784,-0.032069,-0.095417,-0.075571,-0.05349,0.003561,0.000747
0,-0.073304,-0.051877,0.107324,-0.123044,0.138903,-0.085491,0.001279,0.000905
0,0.071825,-0.057304,0.139105,-0.002132,0.102307,-0.023621,0.001254,0.001
0,-0.136567,0.087097,-0.236554,0.124089,-0.26819,0.084695,0.002384,0.00152
0,0.017757,-0.089892,0.143626,-0.192034,0.116134,-0.203146,0.00031,0.001569
0,-0.027482,-0.137877,-0.060428,-0.037244,-0.105621,-0.036124,0.00048,0.002406
0,0.156461,0.105046,0.208048,0.243617,0.212804,0.211962,0.002731,0.001833
0,0.178103,-0.073158,0.001111,-0.195175,0.040856,-0.200312,0.003108,0.001277
0,0.067639,-0.030411,-0.137762,0.017985,-0.159235,0.024567,0.001181,0.000531
0,-0.007219,0.031175,-0.090027,0.079967,-0.112792,0.037422,0.000126,0.000544
0,-0.021265,-0.122449,-0.031464,-0.163572,-0.002082,-0.146197,0.000371,0.002137
0,0.134029,-0.026355,0.149624,0.112883,0.170976,0.09347,0.002339,0.00046
0,0.068402,0.083248,-0.067776,0.132121,-0.111965,0.109552,0.001194,0.001453
0,0.166069,-0.087055,0.109386,-0.199739,0.098829,-0.212422,0.002898,0.001519
0,-0.061234,-0.074266,-0.203134,0.01369,-0.233183,0.009231,0.001069,0.001296
0,-0.110063,-0.064719,-0.038755,0.021966,-0.074034,0.016042,0.001921,0.00113
0,0.023768,0.000687,0.146939,0.043078,0.098376,-0.000255,0.000415,1.2e-05
0,0.134594,-0.158471,0.082083,-0.162654,0.094608,-0.206435,0.002349,0.002766
0,0.122868,-0.15677,-0.028363,0.002927,0.00133,6e-06,0.002144,0.002736
0,-0.069796,-0.094153,-0.162972,0.076342,-0.17216,0.064929,0.001218,0.001643
0,-0.04965,-0.044497,0.016579,0.073606,0.003427,0.095084,0.000867,0.000777
0,0.107501,0.135989,0.145669,0.156033,0.18805,0.156727,0.001876,0.002373
0,0.052515,-0.111422,-0.038564,-0.230488,-0.084563,-0.195339,0.000917,0.001945
0,0.000418,0.12174,-0.031674,0.224905,-0.038548,0.23215,7e-06,0.002125
0,-0.096483,0.045126,-0.111318,-0.078729,-0.09104,-0.116205,0.001684,0.000788
0,-0.217514,0.147802,-0.091252,0.104885,-0.140125,0.074703,0.003796,0.00258
0,-0.065792,-0.067152,0.16207,-0.189661,0.135435,-0.196223,0.001148,0.001172
0,-0.257968,0.047337,-0.184804,0.112677,-0.189131,0.075996,0.003315,0.000826
0,-0.298721,-0.065,-0.067185,-0.111975,-0.079087,-0.079679,0.002604,0.001134
0,-0.056396,-0.055329,0.255135,-0.005496,0.213388,-0.031677,0.000984,0.000966
0,-0.287067,-0.049953,-0.260214,-0.009435,-0.288294,0.039386,0.002808,0.000872
0,-0.11129,-0.074349,0.148401,-0.043912,0.155731,-0.028677,0.001942,0.001298
0,-0.199274,0.115005,-0.09136,0.194379,-0.094956,0.188531,0.003478,0.002007
0,-0.355442,0.133637,-0.130651,0.01652,-0.167737,0.061295,0.001614,0.002332
0,-0.263127,0.075115,0.098586,-0.028616,0.121409,-0.017702,0.003225,0.001311
0,-0.066428,0.119688,0.225609,0.026272,0.191547,0.043433,0.001159,0.002089
0,-0.166609,0.011646,-0.080735,-0.126434,-0.089873,-0.115339,0.002908,0.000203
0,-0.286739,-0.055961,-0.110628,-0.079207,-0.073806,-0.101891,0.002813,0.000977
0,-0.183226,0.009085,0.124286,0.039524,0.098477,0.004776,0.003198,0.000159
0,-0.075809,-0.045882,0.099242,-0.084114,0.083245,-0.039988,0.001323,0.000801
0,-0.230741,0.046719,-0.132586,0.104719,-0.132126,0.090636,0.003791,0.000815
0,0.056185,0.12902,0.26256,0.055421,0.291842,0.081651,0.000981,0.002252
0,-0.212425,0.097546,-0.290565,-0.040823,-0.240781,0.006159,0.003708,0.001703
0,-0.219278,-0.034181,0.000382,-0.143696,0.020634,-0.129144,0.003827,0.000597
0,-0.043213,0.070885,0.185617,0.126546,0.197465,0.156478,0.000754,0.001237
0,-0.240056,-0.090383,-0.189741,-0.178817,-0.195411,-0.139886,0.003628,0.001577
0,-0.041524,0.177071,0.226611,0.258368,0.183037,0.221376,0.000725,0.00309
0,-0.04229,0.037597,0.01642,-0.133444,0.054099,-0.09181,0.000738,0.000656
0,-0.155656,-0.017201,-0.13454,-0.059432,-0.130857,-0.072264,0.002717,0.0003
0,-0.244466,-0.065829,-0.086132,-0.05629,-0.11559,-0.025447,0.003551,0.001149
0,-0.174425,-0.13723,0.098788,-0.070792,0.123948,-0.059082,0.003044,0.002395
0,-0.104516,-0.054387,0.053991,0.089028,0.065933,0.124376,0.001824,0.000949
0,-0.204994,0.161245,-0.077917,0.231632,-0.032273,0.211812,0.003578,0.002814
0,0.091964,-0.010193,0.270694,-0.181973,0.278488,-0.196379,0.001605,0.000178
0,0.040646,0.12084,-0.04821,0.144264,-0.055356,0.187214,0.000709,0.002109
0,-0.199275,-0.117983,-0.269847,-0.217193,-0.26875,-0.219715,0.003478,0.002059
0,-0.042691,-0.104324,0.175944,-0.000403,0.161326,0.014874,0.000745,0.001821
0,-0.095083,-0.010836,-0.044873,0.067959,-0.044864,0.051317,0.00166,0.000189
0,-0.038624,0.077928,0.046268,0.103289,0.020346,0.141306,0.000674,0.00136
0,-0.123516,-0.081085,-0.055535,-0.166251,-0.039839,-0.180314,0.002156,0.001415
0,-0.054515,0.002736,0.098477,0.071134,0.05819,0.066455,0.000951,4.8e-05
0,-0.090016,-0.073041,-0.012687,-0.063877,-0.044389,-0.048621,0.001571,0.001275
0,-0.206467,0.036934,-0.144712,0.111064,-0.109437,0.073311,0.003604,0.000645
0,-0.205632,-0.038362,-0.026248,-0.076714,0.00057,-0.073468,0.003589,0.00067
0,-0.252566,0.017946,-0.028473,0.043609,-0.058487,0.088249,0.00341,0.000313
0,-0.098397,-0.05394,0.128317,-0.062784,0.119088,-0.099302,0.001717,0.000941
0,-0.150224,0.015245,-0.058588,0.081794,-0.100548,0.053604,0.002622,0.000266
0,-0.031072,-0.138404,0.126035,-0.180532,0.132322,-0.145959,0.000542,0.002416
0,0.018179,0.034813,0.020707,0.18651,-0.018557,0.171047,0.000317,0.000608
0,-0.16393,-0.067268,-0.1741,-0.094261,-0.148016,-0.079751,0.002861,0.001174
0,0.046475,0.033525,0.229932,0.08353,0.240839,0.105991,0.000811,0.000585
0,0.055686,0.077749,-0.012866,0.031213,-0.000562,-0.017851,0.000972,0.001357
0,-0.102821,-0.150397,-0.13943,-0.253306,-0.104925,-0.281492,0.001795,0.002625
0,-0.021866,0.087487,0.077397,0.255822,0.052779,0.26907,0.000382,0.001527
0,0.043771,0.046641,0.062477,-0.049702,0.076895,-0.06546,0.000764,0.000814
0,0.058346,0.03469,-0.005084,0.015047,-0.052644,-0.028587,0.001018,0.000605
0,-0.053404,0.138881,-0.100396,0.101448,-0.089705,0.065285,0.000932,0.002424
0,-0.061125,0.112586,0.007419,-0.001919,-0.030053,0.013086,0.001067,0.001965
0,-0.206289,-0.088209,-0.147578,-0.171764,-0.188959,-0.135758,0.0036,0.00154
0,0.028311,0.016098,0.239449,0.106808,0.262652,0.103606,0.000494,0.000281
0,-0.058156,-0.12038,-0.093815,-0.137808,-0.088621,-0.096159,0.001015,0.002101
0,0.020273,-0.052842,0.079158,0.065727,0.097623,0.056625,0.000354,0.000922
0,-0.102828,-0.030962,-0.103249,0.03517,-0.103692,0.062774,0.001795,0.00054
0,-0.219123,0.089899,-0.09046,0.130823,-0.06285,0.099252,0.003824,0.001569
0,0.08845,-0.158661,0.320676,-0.275488,0.302638,-0.293854,0.001544,0.002769
0,-0.098595,-0.048846,-0.174327,0.107094,-0.171335,0.098933,0.001721,0.000853
0,-0.13876,-0.063387,-0.039831,-0.004204,-0.054808,-0.048346,0.002422,0.001106
0,-0.02195,-0.115829,0.100421,-0.080479,0.050928,-0.071915,0.000383,0.002022
0,-0.014209,-0.15189,-0.002488,-0.052068,0.043585,-0.086461,0.000248,0.002651
0,0.061082,-0.03809,0.096024,0.108216,0.123555,0.142279,0.001066,0.000665
0,-0.119639,-0.156012,-0.176159,-0.141067,-0.1332,-0.095442,0.002088,0.002723
0,-0.07967,-0.097407,0.051776,0.081142,0.059924,0.107396,0.00139,0.0017
0,-0.088073,0.063939,-0.01694,0.163449,-0.032771,0.199094,0.001537,0.001116
0,-0.205166,0.006787,-0.143848,-0.063793,-0.150539,-0.082283,0.003581,0.000118
0,0.021249,-0.083975,0.204201,-0.110933,0.229939,-0.078869,0.000371,0.001466
0,-0.026286,-0.026529,-0.045775,0.037806,0.001966,0.017373,0.000459,0.000463
0,0.038605,-0.145516,0.036072,-0.147532,0.058874,-0.115314,0.000674,0.00254
0,-0.0407,-0.096215,-0.074642,0.07691,-0.029193,0.04553,0.00071,0.001679
0,-0.017859,-0.045769,0.039868,0.056078,0.034591,0.076908,0.000312,0.000799
0,-0.03827,0.013648,-0.014976,0.060729,-0.001093,0.099515,0.000668,0.000238
0,-2.957043,-1.074121,-2.948667,-1.072258,-2.901486,-1.082088,0.003115,0.003111
0,-3.027609,-2.976445,-0.090506,-1.931109,-0.137502,-1.957221,0.001883,0.002776
0,-2.943914,-2.825401,0.054322,0.153992,0.008494,0.112622,0.003344,0.002405
0,-2.670756,-2.801101,0.278431,0.013108,0.312072,-0.009864,0.000294,0.001981
0,-2.738164,-1.741859,-0.046285,1.062616,-0.010424,1.090532,0.000883,0.00087
0,-2.435143,-1.383207,0.276982,0.350013,0.305589,0.345711,0.003412,0.000688
0,-1.979289,-1.131391,0.461421,0.242063,0.430163,0.193511,0.003274,0.003707
0,-1.401081,-0.707484,0.575108,0.41079,0.622235,0.401161,0.001,0.003288
0,-0.926669,-0.570984,0.473546,0.117648,0.484941,0.074963,0.000538,0.002148
0,-0.599598,-0.04268,0.349983,0.544536,0.316553,0.540434,0.002647,0.000745
0,-0.422938,-0.070553,0.167656,-0.027638,0.184144,-0.031498,0.000436,0.001231
0,-0.295086,0.095677,0.152154,0.162968,0.169509,0.142639,0.002668,0.00167
0,0.075442,0.357261,0.363228,0.271907,0.406374,0.290684,0.001317,0.001583
0,0.307119,0.283828,0.232478,-0.049356,0.197829,-0.019616,0.002458,0.002864
0,0.521183,0.362328,0.210925,0.05269,0.18168,0.096756,0.001278,0.001494
0,0.516675,0.235507,-0.034081,-0.140291,-0.029291,-0.132993,0.0012,0.003708
0,0.640261,0.175086,0.147765,-0.051506,0.151955,-0.034794,0.003357,0.003056
0,0.529799,0.096346,-0.101826,-0.088952,-0.06026,-0.043636,0.001429,0.001682
0,0.338694,0.174659,-0.161175,0.105114,-0.144273,0.130124,0.001907,0.003048
0,0.279348,-0.073305,-0.070464,-0.242081,-0.090547,-0.211393,0.002942,0.001279
0,0.0006,0.03446,-0.281879,0.136665,-0.322575,0.14389,1e-05,0.000601
0,-0.116188,0.080032,-0.124498,0.015577,-0.144565,-0.025384,0.002028,0.001397
0,-0.106896,0.115015,0.023959,0.005155,0.053713,0.032105,0.001866,0.002007
0,-0.060114,-0.057763,0.024366,-0.191395,0.046205,-0.224819,0.001049,0.001008
0,0.051119,0.06432,0.096095,0.122943,0.071337,0.123927,0.000892,0.001123
0,-0.022902,-0.150201,-0.066483,-0.202152,-0.061684,-0.202574,0.0004,0.002621
0,0.001208,0.024228,0.026246,0.201858,0.040619,0.229907,2.1e-05,0.000423
0,0.046424,0.117877,0.041973,0.088965,0.015631,0.126487,0.00081,0.002057
0,-0.087618,0.122445,-0.124715,0.031937,-0.097874,0.073904,0.001529,0.002137
0,-0.062804,0.115897,0.005075,-0.029058,-0.02031,-0.030284,0.001096,0.002023
0,-0.258508,0.019236,-0.187258,-0.067356,-0.148435,-0.099619,0.003306,0.000336
0,-0.108389,0.105341,0.137914,0.062171,0.092908,0.06435,0.001892,0.001839
0,0.027666,0.129034,0.155556,0.010823,0.183235,-0.029911,0.000483,0.002252
0,0.065803,-0.088151,0.067068,-0.22973,0.017983,-0.234857,0.001148,0.001539
0,0.029596,-0.085726,-0.040821,0.006689,0.000254,-0.006605,0.000517,0.001496
0,0.083329,-0.064001,0.051694,-0.005722,0.069374,-0.011503,0.001454,0.001117
0,0.063764,-0.03448,-0.028345,0.036701,0.002891,0.085837,0.001113,0.000602
0,-0.032406,-0.06408,-0.074065,-0.046624,-0.03521,-0.082729,0.000566,0.001118
0,0.12896,-0.074808,0.154704,0.014047,0.121225,0.041831,0.002251,0.001306
0,0.065882,-0.158649,-0.076464,-0.112372,-0.058486,-0.149071,0.00115,0.002769
0,-0.030292,0.122387,-0.122866,0.261206,-0.087454,0.218897,0.000529,0.002136
0,-0.11473,0.107217,-0.101961,-5.1e-05,-0.102133,-0.026356,0.002002,0.001871
0,0.079767,-0.095495,0.180851,-0.175484,0.15653,-0.197822,0.001392,0.001667
0,-0.133395,-0.082255,-0.208624,0.022564,-0.20641,-0.025175,0.002328,0.001436
0,-0.047039,-0.005489,0.106625,0.060486,0.127808,0.049933,0.000821,9.6e-05
0,0.088939,0.126906,0.163725,0.102616,0.127887,0.089759,0.001552,0.002215
0,0.113931,-0.037606,0.017216,-0.186418,0.044062,-0.157323,0.001988,0.000656
0,0.069741,0.153938,-0.040537,0.206126,0.004432,0.228295,0.001217,0.002687
0,-0.159999,0.017441,-0.251675,-0.149057,-0.223434,-0.149311,0.002793,0.000304
0,-0.014251,0.105639,0.175322,0.08408,0.217047,0.070979,0.000249,0.001844
0,0.064884,0.110342,0.094277,0.011214,0.069109,0.056961,0.001132,0.001926
0,-0.012904,0.185427,-0.091305,0.046252,-0.115459,0.074277,0.000225,0.003236
0,-0.055145,0.070527,-0.066703,-0.112164,-0.066129,-0.124969,0.000962,0.001231
0,-0.083551,-0.008879,-0.020452,-0.065315,-0.066086,-0.098215,0.001458,0.000155
0,-0.082764,0.191952,-0.021787,0.182031,-0.035404,0.196488,0.001445,0.00335
0,0.159853,-0.052745,0.245485,-0.222357,0.292111,-0.20982,0.00279,0.000921
0,-0.038565,0.117114,-0.222716,0.185086,-0.256398,0.162855,0.000673,0.002044
0,0.229155,0.145619,0.250281,0.027436,0.223443,0.026647,0.003818,0.002542
0,0.208462,0.182568,-0.020123,0.054487,0.010171,0.097619,0.003638,0.003186
0,0.192477,0.142178,0.004927,-0.060699,0.049984,-0.028474,0.003359,0.002481
0,-0.047071,-0.041685,-0.216853,-0.196184,-0.240934,-0.177699,0.000822,0.000728
0,-0.093247,0.066428,-0.018424,0.122761,0.000529,0.108069,0.001627,0.001159
0,-0.013525,0.046799,0.062302,-0.0457,0.062357,-0.047329,0.000236,0.000817
0,1.186742,-2.056217,1.177483,-2.093995,1.212714,-2.067494,0.002741,0.003202
0,2.553884,-2.603045,1.380608,-0.527949,1.427761,-0.54963,0.002334,0.001476
0,2.816915,-2.957134,0.240036,-0.345984,0.263034,-0.374384,0.002257,0.003113
0,2.937021,-2.425548,0.132466,0.528513,0.150847,0.481453,0.003464,0.003244
0,2.955112,-1.603066,0.029352,0.810974,-0.019331,0.860247,0.003149,0.003293
0,2.25662,-1.43739,-0.718141,0.15696,-0.7637,0.170098,0.000296,0.001634
0,1.790839,-0.900462,-0.442967,0.566056,-0.422122,0.589484,1.5e-05,8e-05
0,1.131414,-0.672352,-0.655569,0.240556,-0.643961,0.276349,0.003707,0.003901
0,0.45839,-0.621552,-0.687875,0.02171,-0.737805,0.001383,0.000183,0.00303
0,0.377088,-0.084456,-0.082925,0.567039,-0.13183,0.548067,0.001236,0.001474
0,0.219902,0.035501,-0.1291,0.102793,-0.129323,0.069349,0.003838,0.00062
0,-0.081492,0.048863,-0.302893,0.006618,-0.278919,-0.011061,0.001422,0.000853
0,-0.216442,0.189815,-0.137882,0.150748,-0.170127,0.188223,0.003778,0.003313
0,-0.413347,0.265562,-0.200044,0.063422,-0.16376,0.104495,0.000604,0.003183
0,-0.351506,0.205262,0.055864,-0.072722,0.019119,-0.114079,0.001683,0.003582
0,-0.109614,0.252295,0.264471,0.072797,0.244202,0.062924,0.001913,0.003414
0,-0.069465,0.015384,0.055721,-0.24494,0.078771,-0.265727,0.001212,0.000269
0,-0.250672,0.167713,-0.198631,0.134367,-0.167017,0.115495,0.003443,0.002927
0,-4.059294,-0.151624,-3.789784,-0.304262,-3.796314,-0.258895,0.000487,0.002646
0,-4.078424,-0.999991,-0.024702,-0.83683,-0.048817,-0.84432,0.000821,0.001817
0,-4.440165,-1.571133,-0.364951,-0.578361,-0.387327,-0.626984,0.000683,0.00385
0,-4.924695,-1.498645,-0.494066,0.084169,-0.531034,0.113523,4.4e-05,0.002703
0,-4.029099,-1.202493,0.902913,0.292871,0.856926,0.334555,4e-05,0.002466
0,-3.097645,-0.888846,0.929076,0.311538,0.914072,0.311385,0.000661,0.000122
0,-1.898616,-0.999966,1.170144,-0.118268,1.184338,-0.108229,0.001866,0.001817
0,-1.582904,-0.508978,0.30794,0.517442,0.284877,0.479545,0.003645,0.001065
0,-0.947667,-0.358004,0.624648,0.132539,0.595985,0.163545,0.000904,0.00157
0,-0.620142,-0.170908,0.319116,0.191219,0.322475,0.239686,0.003006,0.002983
0,-0.383166,-0.315771,0.225428,-0.150046,0.266187,-0.100525,0.00113,0.002307
0,-0.447012,0.049265,-0.073127,0.34065,-0.062689,0.334158,1.6e-05,0.00086
0,-0.114543,0.17144,0.339752,0.105753,0.386565,0.130569,0.001999,0.002992
0,-0.085341,0.1925,0.035519,0.005757,0.013839,-0.026382,0.001489,0.00336
0,-0.041438,0.034151,0.065115,-0.173194,0.041605,-0.128501,0.000723,0.000596
0,0.147429,0.090093,0.196781,0.060591,0.192818,0.103398,0.002573,0.001572
0,0.292554,0.191679,0.120494,0.077362,0.094898,0.055778,0.002712,0.003345
0,0.19991,0.178139,-0.120766,-0.03607,-0.166812,-0.061216,0.003489,0.003109
0,0.091314,0.306158,-0.098383,0.122437,-0.091887,0.10538,0.001594,0.002474
0,0.001713,0.145939,-0.091702,-0.151348,-0.091138,-0.176774,3e-05,0.002547
0,0.097888,0.174636,0.113361,0.013086,0.11412,0.055904,0.001708,0.003048
0,0.019257,-0.060161,-0.083144,-0.232851,-0.084235,-0.190408,0.000336,0.00105
0,0.224553,0.149651,0.228765,0.228953,0.241579,0.275404,0.003899,0.002612
0,0.089779,0.032467,-0.153928,-0.106356,-0.111069,-0.087909,0.001567,0.000567
0,-0.070265,0.086643,-0.147922,0.072966,-0.152314,0.116914,0.001226,0.001512
0,0.078424,0.206987,0.127163,0.122128,0.175526,0.073816,0.001369,0.003613
0,0.028434,0.162257,-0.064895,-0.024325,-0.025853,-0.059931,0.000496,0.002832
0,-0.063193,0.167427,-0.087447,0.032627,-0.099162,0.043825,0.001103,0.002922
0,-0.075442,0.127602,-0.013392,-0.03167,-0.051917,-0.05158,0.001317,0.002227
0,0.016376,0.033327,0.084976,-0.071202,0.122298,-0.080022,0.000286,0.000582
0,-0.125404,0.187522,-0.168583,0.151737,-0.170699,0.133881,0.002189,0.003273
0,0.06655,0.20299,0.193589,0.016983,0.220578,-0.018531,0.001162,0.003543
0,-0.039521,0.112118,-0.081674,-0.105477,-0.124366,-0.085548,0.00069,0.001957
0,-0.066966,-0.083183,-0.038223,-0.190739,-0.059154,-0.215794,0.001169,0.001452
0,0.099859,0.182592,0.160117,0.259465,0.158844,0.214768,0.001743,0.003187
0,-0.055201,0.078583,-0.175904,-0.102298,-0.202686,-0.100205,0.000963,0.001372
0,-0.032766,-0.000633,0.021499,-0.105773,-0.001011,-0.130377,0.000572,1.1e-05
0,0.130138,0.238014,0.156999,0.218346,0.202508,0.225586,0.002271,0.003664
0,0.168359,0.16627,0.037041,-0.092411,0.011986,-0.132113,0.002938,0.002902
0,0.144514,0.073313,-0.034066,-0.100455,-0.064083,-0.067264,0.002522,0.00128
0,0.024592,0.203678,-0.145919,0.158757,-0.159947,0.17709,0.000429,0.003555
0,-0.050942,0.154601,-0.05121,-0.031506,-0.038925,0.018465,0.000889,0.002698
0,-0.015937,0.089488,0.04705,-0.051774,0.077997,-0.02984,0.000278,0.001562
0,-0.018167,0.022389,-0.015503,-0.067708,-0.059832,-0.062428,0.000317,0.000391
0,-0.107281,-0.004626,-0.111891,-0.04952,-0.084717,-0.092596,0.001872,8.1e-05
0,0.056944,-0.033266,0.145311,-0.035265,0.106461,-0.004115,0.000994,0.000581
0,0.135161,0.116351,0.065567,0.166411,0.047993,0.130031,0.002359,0.002031
0,0.124527,0.248529,0.016423,0.11878,-0.013316,0.069465,0.002173,0.00348
0,0.069643,0.104214,-0.067172,-0.139861,-0.09464,-0.147929,0.001215,0.001819
0,0.087408,0.050524,0.032459,-0.04866,0.041244,-0.080171,0.001526,0.000882
0,0.105363,0.184606,0.000968,0.1498,0.032933,0.198897,0.001839,0.003222
0,0.174713,0.072612,0.049794,-0.113755,0.099231,-0.069147,0.003049,0.001267
0,-0.001804,0.179862,-0.174288,0.11922,-0.203616,0.072869,3.1e-05,0.003139
0,0.068146,0.257457,0.067244,0.075179,0.117171,0.124979,0.001189,0.003324
0,-0.021553,0.002693,-0.077284,-0.273535,-0.071831,-0.247988,0.000376,4.7e-05
0,0.232628,0.010623,0.229401,0.018236,0.251126,0.044327,0.003758,0.000185
0,0.194932,-0.0116,-0.066639,-0.045653,-0.054332,-0.031277,0.003402,0.000202
0,0.115825,-0.033083,-0.066833,-0.023182,-0.103121,-0.058999,0.002022,0.000577
0,-0.066389,-0.041779,-0.19193,-0.023145,-0.15386,-0.007761,0.001159,0.000729
0,0.243403,0.027495,0.294535,0.055551,0.328771,0.087363,0.00357,0.00048
0,0.167925,0.252741,-0.062302,0.247511,-0.01701,0.272393,0.002931,0.003407
0,0.177322,-0.030344,-0.006419,-0.28398,0.035709,-0.305437,0.003095,0.00053
0,0.084142,-0.003162,-0.068324,0.038893,-0.053155,0.008527,0.001469,5.5e-05
0,0.102773,0.006424,0.044957,-0.005898,0.001341,-0.033149,0.001794,0.000112
0,0.02404,0.096905,-0.065416,0.066985,-0.063165,0.033544,0.00042,0.001691
0,-0.062905,0.014703,-0.061314,-0.072226,-0.031973,-0.094835,0.001098,0.000257
0,0.132465,0.005099,0.194425,-0.011173,0.244325,0.032326,0.002312,8.9e-05
0,0.212297,-0.013844,0.051275,-0.02419,0.052666,0.002672,0.003705,0.000242
0,0.272708,-0.010504,0.051938,-0.014303,0.044235,-0.048706,0.003058,0.000183
0,0.0815,0.166915,-0.220242,0.189556,-0.255728,0.21969,0.001422,0.002913
0,0.084233,0.168041,0.025862,0.009857,0.072253,-0.025516,0.00147,0.002933
0,0.190673,0.125024,0.100385,-0.059937,0.149555,-0.049323,0.003328,0.002182
0,0.091465,-0.100858,-0.069284,-0.21441,-0.080089,-0.186778,0.001596,0.00176
0,-0.025004,0.006031,-0.086489,0.09199,-0.10793,0.070775,0.000436,0.000105
0,-0.137512,-0.02726,-0.139681,-0.051125,-0.12305,-0.094532,0.0024,0.000476
0,0.10282,0.054006,0.239395,0.054424,0.267157,0.098338,0.001795,0.000943
0,0.212588,0.093933,0.12215,0.021176,0.145832,0.030806,0.00371,0.001639
0,0.106959,0.028873,-0.118649,-0.046403,-0.124992,-0.053829,0.001867,0.000504
0,0.063049,0.049803,-0.053771,0.017738,-0.072652,0.03191,0.0011,0.000869
0,0.004428,0.093095,-0.042834,0.072091,-0.008411,0.026268,7.7e-05,0.001625
0,0.173052,0.112782,0.178517,-0.003638,0.217341,0.021636,0.00302,0.001968
0,0.045003,-0.020244,-0.151521,-0.139154,-0.106027,-0.177857,0.000785,0.000353
0,0.05585,0.063862,-0.018564,0.099615,-0.038673,0.095897,0.000975,0.001115
0,0.305257,-0.139302,0.27087,-0.212867,0.27721,-0.172703,0.00249,0.002431
0,0.279778,-0.080213,-0.010466,0.034263,-0.005207,0.071981,0.002935,0.0014
0,0.244254,-0.053331,-0.024936,0.036968,-0.02019,0.009986,0.003555,0.000931
0,0.177178,0.014788,-0.052845,0.072283,-0.011262,0.028049,0.003092,0.000258
0,0.074172,-0.234599,-0.098731,-0.247261,-0.07827,-0.253535,0.001295,0.003723
0,0.137306,0.035876,0.072399,0.271338,0.034233,0.305104,0.002396,0.000626
0,0.075766,-0.011903,-0.07833,-0.056253,-0.062815,-0.072812,0.001322,0.000208
0,-0.00694,-0.164634,-0.085491,-0.17055,-0.092121,-0.131993,0.000121,0.002873
0,0.251679,-0.216635,0.272522,-0.022638,0.258709,0.007105,0.003425,0.003781
0,0.261124,-0.13403,0.022561,0.089489,0.04595,0.041108,0.00326,0.002339
0,0.245764,-0.119382,-0.00577,0.038431,-0.031965,0.037795,0.003528,0.002084
0,0.163069,-0.106243,-0.058566,0.005506,-0.070001,0.016176,0.002846,0.001854
0,0.055698,-0.194378,-0.081442,-0.062772,-0.056301,-0.077776,0.000972,0.003393
0,0.272063,-0.010297,0.22265,0.158667,0.194361,0.158931,0.003069,0.00018
0,0.102063,-0.077503,-0.184785,-0.057458,-0.155575,-0.038118,0.001781,0.001353
0,0.129653,-0.173596,0.024481,-0.113653,0.024322,-0.105362,0.002263,0.00303
0,0.13114,-0.060059,-0.00394,0.090133,0.011915,0.118861,0.002289,0.001048
0,0.207536,-0.013817,0.050052,0.04812,0.076387,0.091343,0.003622,0.000241
0,0.059531,-0.022955,-0.142112,-0.031694,-0.185327,-0.014856,0.001039,0.000401
0,0.056564,0.023763,0.013256,0.025819,0.014623,-0.004232,0.000987,0.000415
0,0.021051,-0.088184,-0.01505,-0.097612,-0.00793,-0.108076,0.000367,0.001539
0,0.086,-0.005927,0.070887,0.0818,0.036771,0.11432,0.001501,0.000103
0,0.157411,-0.01005,0.062267,-0.006416,0.093636,0.012923,0.002747,0.000175
0,-0.04743,-0.079104,-0.187109,-0.056687,-0.211011,-0.009578,0.000828,0.001381
0,-0.114415,-0.151015,-0.070229,-0.075857,-0.083143,-0.118786,0.001997,0.002636
0,0.188858,0.085119,0.326642,0.26026,0.3501,0.232888,0.003296,0.001486
0,-0.109753,0.01224,-0.325967,-0.082835,-0.291738,-0.034598,0.001916,0.000214
0,0.026841,0.018899,0.10838,0.017954,0.144063,0.016042,0.000468,0.00033
0,-0.032251,0.066085,-0.065851,0.061705,-0.110231,0.016574,0.000563,0.001153
0,-0.037673,0.028083,-0.010926,-0.062514,0.021864,-0.071889,0.000658,0.00049
0,0.155618,-0.060277,0.187336,-0.075763,0.217884,-0.080413,0.002716,0.001052
0,0.09938,-0.095642,-0.057587,-0.009861,-0.021197,-0.058543,0.001735,0.001669
0,-0.068476,0.082193,-0.184435,0.192477,-0.199053,0.176113,0.001195,0.001435
0,0.025011,0.029908,0.083529,-0.025977,0.103267,-0.004606,0.000437,0.000522
0,0.109104,0.085512,0.082446,0.078518,0.103239,0.063114,0.001904,0.001492
0,0.087578,-0.12982,-0.008584,-0.235161,0.015205,-0.280233,0.001529,0.002266
0,0.01876,-0.04995,-0.085513,0.084717,-0.057905,0.127824,0.000327,0.000872
0,0.048687,-0.092642,0.053944,-0.068539,0.03542,-0.04621,0.00085,0.001617
0,1.408993,1.48531,1.375186,1.579915,1.331956,1.566313,0.001138,0.00247
0,1.802791,2.102244,0.384997,0.602406,0.424848,0.594404,0.000193,0.002398
0,1.287118,1.615798,-0.536384,-0.499076,-0.562212,-0.513506,0.000989,0.003071
0,1.329613,1.611046,0.058296,-0.027511,0.085105,-0.061882,0.000248,0.003153
0,1.084049,1.272046,-0.252011,-0.354909,-0.251656,-0.346643,0.003284,0.001252
0,1.044244,0.850394,-0.056819,-0.43577,-0.051242,-0.429681,0.00259,0.000794
0,0.780947,0.409468,-0.24117,-0.461972,-0.228963,-0.50775,0.002006,0.000671
0,0.583011,0.176519,-0.217378,-0.212609,-0.227738,-0.191514,0.002358,0.003081
0,0.524361,-0.074254,-0.03581,-0.250341,-0.05154,-0.273219,0.001334,0.001296
0,0.357435,-0.110696,-0.158372,-0.031993,-0.161483,-0.064838,0.001579,0.001932
0,0.200102,-0.225778,-0.163321,-0.098348,-0.13028,-0.056705,0.003492,0.003877
0,0.056913,-0.266993,-0.124601,-0.057525,-0.164822,-0.053604,0.000993,0.003158
0,0.156843,-0.050828,0.113603,0.244168,0.097884,0.202752,0.002737,0.000887
0,0.05015,-0.122545,-0.128802,-0.084265,-0.150128,-0.134014,0.000875,0.002139
0,0.026207,0.005582,-0.027214,0.139137,-0.040093,0.120027,0.000457,9.7e-05
0,-0.157911,0.05118,-0.155651,0.075171,-0.156094,0.059912,0.002756,0.000893
0,-0.067905,-0.125869,0.094296,-0.17835,0.084554,-0.193065,0.001185,0.002197
0,0.052461,-0.037893,0.1079,0.106711,0.120858,0.083662,0.000916,0.000661
0,-0.197733,-0.038284,-0.242675,0.029503,-0.290847,0.033027,0.003451,0.000668
0,-0.001211,-0.0502,0.168671,0.013141,0.149739,0.015058,2.1e-05,0.000876
0,0.064549,-0.121808,0.0846,-0.046081,0.118305,-0.08019,0.001127,0.002126
0,-0.024713,-0.140201,-0.117323,-0.027536,-0.082425,-0.014232,0.000431,0.002447
0,-0.159315,-0.148431,-0.149624,-0.005341,-0.138638,0.025087,0.002781,0.002591
0,0.080278,-0.093605,0.243983,0.05563,0.242497,0.032274,0.001401,0.001634
0,-0.224928,0.041906,-0.318638,0.140284,-0.364644,0.097038,0.003892,0.000731
0,-0.169577,-0.078054,0.031024,-0.149085,0.009566,-0.12219,0.00296,0.001362
0,0.035708,-0.053632,0.223845,-0.002373,0.193035,0.006597,0.000623,0.000936
0,0.05526,-0.112871,0.045667,-0.059207,0.0672,-0.054666,0.000964,0.00197
0,0.029465,-0.184563,-0.029482,-0.084367,-0.078367,-0.053668,0.000514,0.003221
0,0.219107,-0.122555,0.183123,0.0543,0.140006,0.057503,0.003824,0.002139
0,0.130774,-0.208405,-0.090511,-0.089118,-0.116626,-0.041176,0.002282,0.003637
0,0.262616,0.032812,0.151924,0.245244,0.165365,0.25063,0.003234,0.000573
0,0.293692,-0.045082,0.04811,-0.064019,0.085581,-0.070751,0.002692,0.000787
0,0.231813,-0.201452,-0.057673,-0.134973,-0.103103,-0.171901,0.003772,0.003516
0,0.051355,0.018757,-0.153332,0.218017,-0.109036,0.219638,0.000896,0.000327
0,0.19982,0.048869,0.174529,0.038127,0.142714,0.004711,0.003488,0.000853
0,0.162926,-0.0521,-0.044397,-0.123135,-0.078127,-0.163137,0.002844,0.000909
0,0.073865,-0.232363,-0.084515,-0.19692,-0.08215,-0.152723,0.001289,0.003762
0,0.236587,-0.102936,0.163194,0.118866,0.191943,0.112738,0.003689,0.001797
0,0.224168,-0.076992,-0.022446,0.032589,-0.022675,-0.003875,0.003905,0.001344
0,0.011876,-0.033652,-0.205677,0.056292,-0.225933,0.074059,0.000207,0.000587
0,0.089293,-0.077415,0.066626,-0.037834,0.044708,-0.071111,0.001558,0.001351
0,0.200635,0.013105,0.106491,0.115221,0.144831,0.071038,0.003502,0.000229
0,0.142004,-0.101181,-0.0544,-0.125255,-0.042171,-0.115807,0.002478,0.001766
0,0.00747,0.050948,-0.120212,0.176056,-0.151001,0.162,0.00013,0.000889
0,0.116709,-0.154204,0.090276,-0.199955,0.132623,-0.161649,0.002037,0.002691
0,0.184393,-0.02003,0.085732,0.14434,0.11877,0.179564,0.003218,0.00035
0,-0.090497,-0.042188,-0.274418,0.003485,-0.246982,-0.010194,0.001579,0.000736
0,0.039791,-0.010823,0.133876,0.023231,0.147736,-0.001602,0.000694,0.000189
0,0.004837,-0.011392,-0.017454,-0.011021,-0.039816,0.013872,8.4e-05,0.000199
0,0.003984,-0.136132,-0.000907,-0.145072,-0.004982,-0.151118,7e-05,0.002376
0,0.145338,0.021227,0.170645,0.179775,0.162686,0.19862,0.002537,0.00037
0,0.179668,-0.092426,0.03186,-0.100332,0.038466,-0.116265,0.003136,0.001613
0,-0.071574,-0.03236,-0.223462,0.045141,-0.203119,0.016811,0.001249,0.000565
0,-0.118924,0.005614,-0.020139,0.054328,-0.047315,0.04217,0.002076,9.8e-05
0,0.037447,0.015527,0.145826,0.037623,0.101402,0.058121,0.000654,0.000271
0,0.041163,-0.117578,0.030787,-0.134505,-0.014857,-0.09637,0.000718,0.002052
0,-0.052795,-0.116317,-0.121917,0.027073,-0.077939,0.075155,0.000921,0.00203
0,-0.177333,0.038133,-0.140708,0.174607,-0.142813,0.166012,0.003095,0.000666
0,0.118001,-0.2021,0.308536,-0.217757,0.306128,-0.213688,0.00206,0.003527
0,-0.086147,-0.07971,-0.186178,0.113122,-0.181027,0.104099,0.001504,0.001391
0,-0.072225,-0.017703,0.014338,0.041429,0.031358,0.063905,0.001261,0.000309
0,0.003887,-0.208499,0.085206,-0.16194,0.064067,-0.112501,6.8e-05,0.003639
0,0.052791,-0.1736,0.056822,0.032382,0.060359,0.046608,0.000921,0.00303
0,-0.086544,0.05114,-0.122883,0.231655,-0.103488,0.219925,0.00151,0.000893
0,-0.166115,-0.044987,-0.057964,-0.069835,-0.087036,-0.102691,0.002899,0.000785
0,-0.164276,0.064478,0.00844,0.097916,-0.015198,0.062713,0.002867,0.001125
0,-0.130635,-0.101677,0.050348,-0.191994,0.060711,-0.175846,0.00228,0.001775
0,-0.036065,-0.111377,0.086955,0.006788,0.089801,0.007593,0.000629,0.001944
0,3.1e-05,-0.089188,0.037375,0.007967,0.082138,0.017997,1e-06,0.001557
0,-0.182862,-0.105054,-0.169938,-0.04146,-0.161648,-0.062793,0.003192,0.001834
0,-0.079169,0.04964,0.083464,0.146151,0.116232,0.141677,0.001382,0.000866
0,-0.144526,0.160685,-0.071022,0.104577,-0.102901,0.139728,0.002522,0.002804
0,-0.208747,0.005632,-0.044408,-0.15057,-0.002262,-0.164459,0.003643,9.8e-05
0,-0.087093,-0.086897,0.14665,-0.093971,0.124207,-0.0441,0.00152,0.001517
0,-0.186977,-0.067201,-0.09571,0.033214,-0.098828,0.044005,0.003263,0.001173
0,0.074011,-0.13995,0.254217,-0.050343,0.259047,-0.054583,0.001292,0.002443
0,0.059698,0.08697,-0.017347,0.230998,-0.036239,0.238086,0.001042,0.001518
0,0.030442,0.082377,-0.000729,0.016018,-0.04456,0.00716,0.000531,0.001438
0,-0.099532,-0.134351,-0.115491,-0.205071,-0.067739,-0.175246,0.001737,0.002345
0,0.147252,-0.084174,0.243898,0.066764,0.209661,0.081026,0.00257,0.001469
0,0.048964,0.027771,-0.112922,0.097156,-0.1208,0.111637,0.000855,0.000485
0,-0.026414,-0.056188,-0.099625,-0.088843,-0.054783,-0.077116,0.000461,0.000981
0,-0.099543,-0.080057,-0.08617,-0.036381,-0.049944,-0.046138,0.001737,0.001397
0,-0.016809,0.060174,0.096992,0.142682,0.104379,0.142933,0.000293,0.00105
0,-0.026421,-0.015825,-0.020552,-0.051414,-0.051153,-0.007035,0.000461,0.000276
0,-0.023193,-0.010702,-0.00356,-0.007177,-0.045249,0.014206,0.000405,0.000187
0,0.099414,0.044538,0.151007,0.030456,0.106797,0.021654,0.001735,0.000777
0,0.045184,0.00564,-0.059205,-0.057026,-0.019122,-0.090185,0.000789,9.8e-05
0,0.045064,-0.10959,0.009211,-0.093839,-0.016183,-0.045152,0.000787,0.001913
0,-0.060539,0.015763,-0.079993,0.12427,-0.093762,0.078419,0.001057,0.000275
0,0.124575,-0.073478,0.193814,-0.08236,0.184903,-0.075775,0.002174,0.001282
0,0.050999,-0.039643,-0.044229,0.029387,-0.044469,0.069995,0.00089,0.000692
0,0.078142,0.003189,0.003449,0.014852,-0.034032,0.018111,0.001364,5.6e-05
0,0.17895,0.09911,0.088114,0.091921,0.082805,0.139264,0.003123,0.00173
0,-0.063082,0.183397,-0.251539,0.101446,-0.265397,0.077093,0.001101,0.003201
0,-0.006711,0.088443,0.040689,-0.097623,0.073493,-0.081557,0.000117,0.001544
0,-0.066897,-0.09674,-0.03866,-0.203934,-0.081589,-0.249335,0.001168,0.001688
0,0.008808,0.032539,0.071572,0.108063,0.059351,0.132463,0.000154,0.000568
0,0.119873,0.148845,0.112663,0.144314,0.075054,0.170032,0.002092,0.002598
0,-0.050378,0.080709,-0.166826,-0.085101,-0.166743,-0.100329,0.000879,0.001409
0,-0.001287,0.128477,0.033177,0.034544,0.024657,0.024624,2.2e-05,0.002242
0,-0.040789,0.005102,-0.01163,-0.143649,-0.028674,-0.119934,0.000712,8.9e-05
0,-0.003489,0.154818,0.055169,0.122074,0.022031,0.105197,6.1e-05,0.002702
0,0.008876,0.016485,-0.013723,-0.154291,-0.032135,-0.172667,0.000155,0.000288
0,-0.070396,0.086019,-0.098035,0.078127,-0.0649,0.076032,0.001229,0.001501
0,-0.01551,0.136806,0.08128,0.041396,0.130345,0.081347,0.000271,0.002388
0,0.108387,-0.026967,0.139256,-0.189729,0.142509,-0.147221,0.001892,0.000471
0,0.242284,-0.057484,0.154536,-0.002414,0.107293,0.001737,0.003589,0.001003
0,0.135575,-0.088559,-0.134304,-0.031328,-0.088699,-0.010971,0.002366,0.001546
0,0.117142,-0.014503,-0.043686,0.05155,-0.013634,0.065921,0.002045,0.000253
0,0.061248,0.131796,-0.027839,0.120368,-0.072596,0.14696,0.001069,0.0023
0,-0.087002,-0.01689,-0.15223,-0.16855,-0.16679,-0.147877,0.001518,0.000295
0,-0.087822,0.17394,-0.030582,0.176064,0.018711,0.126435,0.001533,0.003036
0,-0.111041,0.038865,-0.04174,-0.142526,-0.083114,-0.170494,0.001938,0.000678
0,-0.105235,0.009206,-0.02004,-0.043479,0.001489,-0.023297,0.001837,0.000161
0,0.190724,-0.048959,0.274327,-0.085649,0.311743,-0.105957,0.003329,0.000854
0,-0.10675,0.019379,-0.298298,0.046245,-0.256016,0.019659,0.001863,0.000338
0,0.154608,-0.049311,0.266222,-0.059912,0.28368,-0.062461,0.002698,0.000861
0,-0.060548,-0.075208,-0.192495,0.003542,-0.199249,0.027291,0.001057,0.001313
0,0.120576,0.045036,0.187737,0.14085,0.171531,0.169973,0.002104,0.000786
0,-0.087548,0.187561,-0.196919,0.115742,-0.231373,0.127075,0.001528,0.003274
0,0.073068,0.099328,0.179302,-0.063248,0.217982,-0.098644,0.001275,0.001734
0,-0.083348,0.130219,-0.152581,0.051565,-0.171043,0.047629,0.001455,0.002273
0,-0.008513,-0.039233,0.089484,-0.187789,0.076768,-0.165324,0.000149,0.000685
0,-0.003062,0.146834,0.014166,0.165653,-0.011386,0.141775,5.3e-05,0.002563
0,0.125057,0.017186,0.109383,-0.118379,0.078027,-0.113425,0.002183,0.0003
0,0.166001,-0.129535,0.022701,-0.127517,0.019392,-0.126972,0.002897,0.002261
0,0.121713,0.053535,-0.048003,0.174315,-0.039257,0.146898,0.002124,0.000934
0,0.11106,-0.043121,-0.037073,-0.104697,-0.07361,-0.067369,0.001938,0.000753
0,0.000581,0.059627,-0.081434,0.111245,-0.044993,0.091662,1e-05,0.001041
0,0.102896,0.072062,0.125553,-0.011152,0.081357,0.014514,0.001796,0.001258
0,-0.086895,0.137845,-0.209755,0.087456,-0.185743,0.12129,0.001517,0.002406
0,0.064861,0.038208,0.157134,-0.079093,0.145289,-0.115619,0.001132,0.000667
0,0.121635,-0.002289,0.041032,-0.021892,0.070904,-0.024263,0.002123,4e-05
0,2e-05,-0.025304,-0.126186,-0.024463,-0.087703,0.014988,0.0,0.000442
0,0.092398,0.118383,0.092389,0.126165,0.12313,0.158921,0.001613,0.002066
0,0.168656,-0.079902,0.097084,-0.207547,0.138034,-0.205852,0.002944,0.001395
0,-0.128818,0.113362,-0.283239,0.220518,-0.247811,0.220348,0.002248,0.001979
0,0.125928,0.066246,0.225488,-0.050229,0.224504,-0.047551,0.002198,0.001156
0,0.005869,-0.046523,-0.146537,-0.104758,-0.186047,-0.121878,0.000102,0.000812
0,0.05333,-0.050719,0.06969,-2.5e-05,0.0284,-0.041218,0.000931,0.000885
0,0.016042,0.060713,-0.010296,0.129966,-0.015815,0.106421,0.00028,0.00106
0,0.019984,0.219852,0.009044,0.17651,0.015284,0.131973,0.000349,0.003837
0,0.139523,0.067179,0.117681,-0.139337,0.078132,-0.182922,0.002435,0.001172
0,-0.083253,0.189793,-0.200471,0.13942,-0.24663,0.158126,0.001453,0.003313
0,-0.019314,-0.04509,0.06738,-0.222969,0.081183,-0.260157,0.000337,0.000787
0,-0.001141,0.101115,0.0241,0.136608,0.039248,0.135054,2e-05,0.001765
0,0.053423,-0.022442,0.081552,-0.117294,0.083649,-0.114453,0.000932,0.000392
0,0.032115,0.174912,-0.050994,0.174702,-0.071568,0.211914,0.000561,0.003053
0,-0.060774,0.068374,-0.107347,-0.134918,-0.101135,-0.131479,0.001061,0.001193
0,-0.066633,0.002166,-0.013406,-0.060983,-0.028665,-0.026359,0.001163,3.8e-05
0,-0.104353,0.057698,-0.056573,0.066371,-0.087522,0.054896,0.001821,0.001007
0,-0.08356,-0.058557,-0.006387,-0.121153,-0.018802,-0.107175,0.001458,0.001022
0,-0.189135,-0.045695,-0.098229,0.024264,-0.131827,0.071738,0.003301,0.000798
0,-0.124195,0.111568,0.053542,0.153686,0.092452,0.157967,0.002168,0.001947
0,-0.061322,-0.073952,0.081279,-0.167628,0.108311,-0.168036,0.00107,0.001291
0,-0.034604,-0.110169,0.048579,-0.011799,0.07602,-0.034852,0.000604,0.001923
0,0.061253,0.122704,0.104454,0.224231,0.120464,0.187777,0.001069,0.002142
0,0.064919,0.070132,0.012554,-0.022771,-0.021347,-0.039204,0.001133,0.001224
0,-1.621151,-0.401184,-1.658424,-0.475311,-1.63347,-0.444303,0.002977,0.000816
0,-1.896498,-0.914596,-0.29503,-0.529579,-0.278298,-0.551441,0.001829,0.000327
0,-1.615562,-0.935946,0.270327,-0.024972,0.24019,-0.049862,0.003075,0.0007
0,-1.475399,-0.555009,0.113753,0.368019,0.06388,0.377621,0.002297,0.001869
0,-1.083531,-0.774978,0.403101,-0.213295,0.369626,-0.217249,0.003275,0.00211
0,-0.881041,-0.620691,0.177377,0.150843,0.135882,0.171237,0.000259,0.003015
0,-0.593372,-0.264404,0.291647,0.371206,0.290227,0.352004,0.002538,0.003203
0,-0.418732,-0.219417,0.161102,0.043245,0.140767,0.077312,0.00051,0.00383
0,-0.155915,-0.241474,0.262184,-0.013304,0.221653,0.027233,0.002721,0.003603
0,-0.063768,-0.171895,0.101002,0.072517,0.138214,0.087253,0.001113,0.003
0,0.016189,0.011224,0.081429,0.180365,0.079887,0.143858,0.000283,0.000196
0,0.173768,-0.116533,0.145346,-0.110704,0.174111,-0.073634,0.003033,0.002034
0,0.093312,-0.148096,-0.073452,-0.023244,-0.090453,-0.038099,0.001629,0.002585
0,0.095579,-0.005711,0.019804,0.114667,0.049005,0.087469,0.001668,0.0001
0,-0.085134,-0.076987,-0.179768,-0.092582,-0.13233,-0.060032,0.001486,0.001344
0,-0.015378,0.067677,0.07387,0.125496,0.045957,0.086602,0.000268,0.001181
0,0.207316,0.137085,0.229984,0.053803,0.270567,0.066893,0.003618,0.002393
0,0.179762,0.199036,-0.04355,0.085205,-0.053224,0.109955,0.003137,0.003474
0,0.065289,0.019575,-0.128927,-0.188095,-0.155206,-0.217208,0.00114,0.000342
0,-0.030992,-0.001364,-0.122077,-0.049125,-0.121001,-0.014677,0.000541,2.4e-05
0,0.150302,-0.051823,0.197735,-0.027906,0.212927,0.004083,0.002623,0.000904
0,0.094984,0.072573,-0.08052,0.133454,-0.12211,0.144061,0.001658,0.001267
0,0.275895,-0.050299,0.173325,-0.1405,0.16311,-0.129175,0.003003,0.000878
0,0.003602,0.077219,-0.245142,0.150273,-0.224201,0.148986,6.3e-05,0.001348
0,0.19046,-0.009949,0.210397,-0.086279,0.206224,-0.049556,0.003324,0.000174
0,-0.008733,0.127187,-0.216825,0.16118,-0.196701,0.173688,0.000152,0.00222
0,0.205252,-0.003221,0.219258,-0.120668,0.210204,-0.167071,0.003582,5.6e-05
0,0.035685,-0.051192,-0.186514,-0.034878,-0.162376,-0.067373,0.000623,0.000893
0,0.131436,-0.012052,0.087372,0.059251,0.068191,0.028304,0.002294,0.00021
0,0.154245,0.058207,0.005714,0.079145,-0.03089,0.072951,0.002692,0.001016
0,0.026327,0.134178,-0.123985,0.05746,-0.148628,0.060037,0.000459,0.002342
0,0.05855,0.008079,0.016931,-0.098273,0.042963,-0.139818,0.001022,0.000141
0,0.032495,0.142982,-0.045704,0.162589,-0.084582,0.155075,0.000567,0.002495
0,-0.060971,-0.020193,-0.072253,-0.18298,-0.045753,-0.153946,0.001064,0.000352
0,0.07187,0.012837,0.136352,0.028881,0.149793,0.032344,0.001254,0.000224
0,-0.103274,0.193229,-0.163714,0.174411,-0.167199,0.219874,0.001802,0.003372
0,-0.077124,0.152464,0.023391,-0.058659,0.037274,-0.023689,0.001346,0.002661
0,0.007565,-0.03869,0.062306,-0.190201,0.044491,-0.206909,0.000132,0.000675
0,-0.059452,0.198939,-0.092423,0.229453,-0.129647,0.194826,0.001038,0.003472
0,0.129201,0.03195,0.160587,-0.147535,0.137307,-0.126672,0.002255,0.000558
0,0.169079,-0.006434,0.047608,-0.029887,0.044587,0.012703,0.002951,0.000112
0,-0.018527,-0.024095,-0.184897,-0.046656,-0.174296,-0.096589,0.000323,0.000421
0,-0.027752,0.088016,-0.024166,0.122157,-0.066122,0.141091,0.000484,0.001536
0,0.187539,0.034889,0.207057,-0.043116,0.186355,-0.06029,0.003273,0.000609
0,0.183096,0.071759,0.007726,0.04193,-0.023473,0.078892,0.003196,0.001252
0,0.036229,0.116934,-0.120212,0.059551,-0.126583,0.082099,0.000632,0.002041
0,0.085006,0.101774,0.045328,-0.008512,0.089973,-0.029298,0.001484,0.001776
0,0.094744,0.144661,0.023255,0.069921,0.070757,0.100896,0.001654,0.002525
0,-0.051094,0.158448,-0.165423,0.032945,-0.120369,-0.007464,0.000892,0.002765
0,-0.0296,0.022793,0.008571,-0.129878,-0.013899,-0.130658,0.000517,0.000398
0,-0.084521,0.052897,-0.045648,0.001732,-0.076513,0.011344,0.001475,0.000923
0,0.209025,0.212543,0.313219,0.156564,0.332385,0.124164,0.003648,0.00371
0,0.065054,0.062124,-0.114904,-0.121594,-0.119268,-0.091565,0.001135,0.001084
0,-0.124734,0.134878,-0.191947,0.092044,-0.206411,0.140827,0.002177,0.002354
0,0.138905,-0.02569,0.278792,-0.155834,0.314231,-0.139934,0.002424,0.000448
0,0.03252,0.089887,-0.08025,0.099528,-0.100875,0.074157,0.000568,0.001569
0,0.047485,0.142414,0.008048,0.038631,0.007679,0.030205,0.000829,0.002486
0,0.127105,-0.082222,0.086012,-0.232418,0.096615,-0.232948,0.002218,0.001435
0,0.0489,-0.100233,-0.08825,-0.039678,-0.045376,-0.074336,0.000853,0.001749
0,-0.081831,-0.095958,-0.142038,-0.001858,-0.113996,-0.03743,0.001428,0.001675
0,0.044155,0.131004,0.125504,0.256877,0.167742,0.227679,0.000771,0.002286
0,-0.164752,0.088292,-0.203759,-0.024618,-0.167709,0.014863,0.002875,0.001541
0,-0.195005,-0.120544,-0.059421,-0.182109,-0.052054,-0.173128,0.003403,0.002104
0,0.067313,-0.049299,0.267784,0.075391,0.262788,0.04184,0.001175,0.00086
0,0.021565,0.116211,-0.048832,0.17886,-0.026374,0.178057,0.000376,0.002028
0,0.019271,-0.070881,0.014694,-0.215547,0.040145,-0.24185,0.000336,0.001237
0,-0.060416,0.034499,-0.108759,0.087507,-0.154184,0.117105,0.001054,0.000602
0,-0.204218,0.081375,-0.160012,0.05674,-0.168068,0.098721,0.003564,0.00142
0,-0.086509,-0.075087,0.128198,-0.158709,0.163266,-0.119728,0.00151,0.001311
0,-0.106457,-0.158788,-0.036363,-0.095563,-0.045032,-0.065399,0.001858,0.002771
0,-0.084238,0.127804,-0.00113,0.278221,-0.022689,0.247505,0.00147,0.002231
0,0.086312,0.093318,0.165459,-0.016538,0.1884,-0.012648,0.001506,0.001629
0,-0.177607,-0.070274,-0.279952,-0.188714,-0.303277,-0.175344,0.0031,0.001227
0,0.103414,-0.072303,0.270513,-0.00175,0.31899,0.047545,0.001805,0.001262
0,-0.142094,-0.043985,-0.269345,0.041223,-0.263443,0.047716,0.00248,0.000768
0,-0.053795,-0.180979,0.115035,-0.113462,0.144273,-0.132306,0.000939,0.003159
0,0.081112,0.048904,0.136044,0.246893,0.093431,0.221178,0.001416,0.000854
0,0.13525,0.025986,0.028231,-0.033704,0.066231,-0.070977,0.002361,0.000454
0,0.036745,0.001514,-0.125006,-0.007431,-0.131582,-0.015365,0.000641,2.6e-05
0,-0.130708,-0.004666,-0.196797,0.008461,-0.232589,0.015035,0.002281,8.1e-05
0,-0.143013,0.084669,0.003423,0.084862,0.027024,0.120527,0.002496,0.001478
0,-0.023,0.013876,0.116449,-0.095843,0.125835,-0.118529,0.000401,0.000242
0,0.114686,0.028715,0.155535,0.013631,0.178572,0.017307,0.002002,0.000501
0,0.074979,-0.162114,-0.062845,-0.169357,-0.10137,-0.122192,0.001309,0.002829
0,0.101238,-0.042558,0.036689,0.090731,0.050859,0.099274,0.001767,0.000743
0,0.232308,0.05122,0.119252,0.08473,0.08496,0.077258,0.003763,0.000894
0,0.207947,0.059035,-0.050942,0.024934,-0.085596,0.013468,0.003629,0.00103
0,0.253799,0.029931,0.022005,-0.033381,0.029687,-0.028361,0.003388,0.000522
0,0.018372,0.059963,-0.223027,0.038379,-0.270707,0.053898,0.000321,0.001047
0,0.168189,-0.095463,0.153884,-0.144917,0.177992,-0.192532,0.002935,0.001666
0,0.08875,0.011074,-0.062948,0.079688,-0.058334,0.055025,0.001549,0.000193
0,0.085782,0.092619,0.017395,0.062381,0.037776,0.108588,0.001497,0.001617
0,-0.007226,-0.117285,-0.11986,-0.230168,-0.094927,-0.252955,0.000126,0.002047
0,0.054561,0.050783,0.080199,0.189011,0.053437,0.218246,0.000952,0.000886
0,-0.037282,0.113807,-0.0641,0.050623,-0.042292,0.034973,0.000651,0.001986
0,-0.021781,0.150035,-0.01035,0.026156,-0.026524,0.048364,0.00038,0.002619
0,0.081677,-0.097205,0.110835,-0.241437,0.062164,-0.242954,0.001426,0.001697
0,0.052349,-0.095771,0.000665,-0.025533,-0.028293,0.019563,0.000914,0.001672
0,0.145508,0.068844,0.120471,0.190826,0.122467,0.18506,0.00254,0.001202
0,0.130825,0.071354,-0.020896,-0.016742,0.025042,0.017467,0.002283,0.001245
0,-0.121005,0.036317,-0.222645,-0.036882,-0.229899,-0.04397,0.002112,0.000634
0,-0.062766,0.132892,0.066864,0.087595,0.079515,0.096003,0.001095,0.002319
0,0.029268,0.16172,0.108693,0.046667,0.069375,0.060078,0.000511,0.002823
0,0.018069,0.032568,-0.013275,-0.135933,-0.00664,-0.169428,0.000315,0.000568
0,-0.024354,0.10297,-0.050678,0.091258,-0.058964,0.104595,0.000425,0.001797
0,0.111089,0.144236,0.132543,0.020137,0.091773,0.059629,0.001939,0.002517
0,-0.082186,-0.055004,-0.170329,-0.209578,-0.124762,-0.220527,0.001434,0.00096
0,0.047988,0.027856,0.108667,0.066165,0.156487,0.021754,0.000838,0.000486
0,-0.12925,0.096172,-0.171822,0.052838,-0.212543,0.061164,0.002256,0.001679
0,-0.242499,0.14444,-0.124587,0.026814,-0.088749,0.010541,0.003585,0.002521
0,0.086729,-0.082661,0.300107,-0.20204,0.307543,-0.217467,0.001514,0.001443
0,-0.014777,-0.039633,-0.092887,0.027706,-0.074346,-0.002866,0.000258,0.000692
0,0.074763,0.056623,0.106217,0.125945,0.131381,0.133923,0.001305,0.000988
0,-0.086462,0.14283,-0.152957,0.103367,-0.157434,0.125021,0.001509,0.002493
0,-0.089048,-0.034664,0.000253,-0.171141,-0.016035,-0.122434,0.001554,0.000605
0,-0.019443,-0.016438,0.069509,0.020813,0.038141,0.042143,0.000339,0.000287
0,-0.121596,-0.059312,-0.119401,-0.024124,-0.095397,-0.042453,0.002122,0.001035
0,-0.074627,0.100636,0.043484,0.160276,0.02861,0.162938,0.001302,0.001756
0,0.031541,0.076968,0.130568,0.002931,0.141663,-0.002711,0.00055,0.001343
0,-0.065027,0.216757,-0.126461,0.148303,-0.107786,0.108811,0.001135,0.003783
0,0.048941,0.170687,0.125055,-0.048217,0.142254,-0.010706,0.000854,0.002979
0,0.101167,0.045038,0.060832,-0.100949,0.060411,-0.068276,0.001766,0.000786
0,0.10947,0.114041,0.017721,0.053905,0.061958,0.098177,0.001911,0.00199
0,-0.123302,0.021107,-0.243895,-0.076239,-0.288211,-0.038167,0.002152,0.000368
0,0.068558,0.087227,0.216668,0.081864,0.228548,0.062254,0.001197,0.001522
0,-0.04618,0.038834,-0.123645,-0.072938,-0.124305,-0.115889,0.000806,0.000678
0,-0.127415,-0.022284,-0.065388,-0.069311,-0.027737,-0.047772,0.002224,0.000389
0,-0.041011,0.14533,0.067924,0.178838,0.102542,0.183378,0.000716,0.002536
0,0.059629,0.00491,0.100984,-0.152333,0.086747,-0.142749,0.001041,8.6e-05
0,-0.168769,-0.107518,-0.24766,-0.08687,-0.208673,-0.064634,0.002946,0.001877
0,-0.127043,-0.083341,0.060873,0.042887,0.070754,0.091822,0.002217,0.001455
0,0.073474,0.053581,0.179285,0.124754,0.147673,0.098152,0.001282,0.000935
0,-0.036132,0.054346,-0.101139,-0.022779,-0.055043,-0.034047,0.000631,0.000949
0,-0.232339,0.165486,-0.20782,0.127273,-0.244495,0.167178,0.003763,0.002888
0,-0.105743,0.174852,0.109277,0.023987,0.071477,-0.000551,0.001846,0.003052
0,-0.103667,0.10144,0.023077,-0.096298,0.049702,-0.097776,0.001809,0.00177
0,-0.105092,0.019576,0.001701,-0.080384,0.023245,-0.127258,0.001834,0.000342
0,-0.106361,-0.072,0.017538,-0.114807,-0.031421,-0.154275,0.001856,0.001257
0,-0.229117,-0.065927,-0.124593,0.0271,-0.10822,0.06001,0.003819,0.001151
0,-0.13824,-0.152851,0.111735,-0.061507,0.094102,-0.08905,0.002413,0.002668
0,-0.251495,0.050631,-0.132578,0.216147,-0.086163,0.213956,0.003428,0.000884
0,0.037145,0.00781,0.260132,-0.02278,0.233847,0.013634,0.000648,0.000136
0,-1.184769,0.204647,-1.228887,0.19788,-1.235379,0.169692,0.002776,0.003572
0,-2.60101,0.67994,-1.398542,0.456721,-1.434493,0.45522,0.001511,0.003769
0,-2.653364,1.31665,-0.050843,0.623455,-0.095487,0.582327,0.000597,0.000474
0,-2.172136,1.123259,0.466215,-0.208918,0.462228,-0.173191,0.001178,0.003849
0,-2.150568,1.040036,0.034557,-0.073147,0.061972,-0.032559,0.001555,0.002516
0,-1.859034,0.919701,0.317512,-0.138789,0.278712,-0.11601,0.001175,0.000416
0,-1.394055,0.693109,0.461721,-0.255424,0.500411,-0.236158,0.000877,0.003539
0,-0.956623,0.486447,0.441945,-0.224199,0.490832,-0.255933,0.00106,0.000672
0,-0.816105,0.365836,0.116385,-0.14805,0.127916,-0.140732,0.001392,0.001433
0,-0.627527,0.24185,0.212074,-0.116644,0.22295,-0.093617,0.003135,0.003597
0,-0.514982,0.110931,0.12053,-0.159767,0.150398,-0.130508,0.00117,0.001936
0,0.093359,-0.053226,0.629035,-0.185961,0.642867,-0.165376,0.001629,0.000929
0,-0.032771,0.113027,-0.11222,0.19358,-0.15043,0.174467,0.000572,0.001973
0,0.084917,-0.172752,0.141746,-0.284382,0.112772,-0.234694,0.001482,0.003015
0,0.313815,-0.147411,0.231013,0.035208,0.242164,0.05056,0.002341,0.002573
0,0.141857,-0.142816,-0.144554,-0.01527,-0.100514,-0.057408,0.002476,0.002493
0,0.299241,0.059744,0.131658,0.226932,0.167335,0.25938,0.002595,0.001043
0,0.261143,0.018176,-0.033381,-0.067062,-0.005593,-0.111756,0.00326,0.000317
0,-0.010142,-0.06398,-0.284154,-0.085108,-0.301738,-0.097199,0.000177,0.001117
0,0.105271,-0.052816,0.119524,-0.016819,0.079153,-0.000632,0.001837,0.000922
0,0.149361,-0.154568,0.050192,-0.086535,0.071034,-0.073345,0.002607,0.002698
0,-0.08986,-0.108567,-0.214585,0.069375,-0.249986,0.036533,0.001568,0.001895
0,0.02262,0.037132,0.117212,0.125301,0.127027,0.143062,0.000395,0.000648
0,-0.180439,-0.119209,-0.197272,-0.181701,-0.20413,-0.201402,0.003149,0.002081
0,0.05089,0.061959,0.257904,0.197228,0.273608,0.207503,0.000888,0.001081
0,0.091386,-0.224936,0.058792,-0.313854,0.038905,-0.297712,0.001595,0.003892
0,-0.097469,-0.090902,-0.182406,0.123252,-0.178435,0.075998,0.001701,0.001587
0,0.002423,0.134373,0.084698,0.234314,0.073888,0.186035,4.2e-05,0.002345
0,0.012687,0.047867,0.014416,-0.111546,0.056847,-0.096158,0.000221,0.000835
0,-0.179791,0.018155,-0.164919,-0.036912,-0.124266,-0.004584,0.003138,0.000317
0,0.029002,-0.061752,0.205349,-0.068184,0.192987,-0.087014,0.000506,0.001078
0,-0.092497,0.052571,-0.141556,0.123428,-0.190271,0.108058,0.001614,0.000918
0,-0.172265,-0.015801,-0.062396,-0.094182,-0.050838,-0.060098,0.003007,0.000276
0,-0.117208,0.155472,0.035802,0.179721,0.069527,0.20513,0.002046,0.002714
0,-0.007324,-0.072945,0.115121,-0.24605,0.118798,-0.251898,0.000128,0.001273
0,-0.221249,0.19123,-0.214687,0.252099,-0.195442,0.241579,0.003862,0.003338
0,-0.169117,0.073195,0.039646,-0.142004,0.020039,-0.118639,0.002952,0.001277
0,-0.033797,-0.013748,0.130338,-0.11345,0.150615,-0.104472,0.00059,0.00024
0,-0.072379,0.001521,-0.067382,0.004356,-0.040319,-0.018254,0.001263,2.7e-05
0,-0.221122,0.227333,-0.134628,0.245991,-0.173174,0.220678,0.003859,0.00385
0,0.037081,-0.077229,0.280679,-0.326375,0.302846,-0.285849,0.000647,0.001348
0,-0.095213,0.185778,-0.12152,0.277123,-0.10452,0.317684,0.001662,0.003242
0,0.093633,-0.016841,0.21462,-0.196325,0.206732,-0.162534,0.001634,0.000294
0,-0.026425,0.161341,-0.129824,0.176582,-0.136246,0.142844,0.000461,0.002816
0,-0.077399,0.017872,-0.035342,-0.149108,-0.006932,-0.123305,0.001351,0.000312
0,-0.017987,-0.068,0.060383,-0.080041,0.096701,-0.035939,0.000314,0.001187
0,0.163263,-0.037054,0.200265,0.015959,0.177064,0.056367,0.002849,0.000647
0,0.055834,-0.033509,-0.090295,-0.008295,-0.118005,0.026863,0.000974,0.000585
0,-0.045327,0.117534,-0.116229,0.155493,-0.158829,0.189149,0.000791,0.002051
0,0.010135,-0.02051,0.054491,-0.138847,0.020779,-0.094159,0.000177,0.000358
0,0.059802,-0.054358,0.025952,-0.008826,-0.001571,0.039131,0.001044,0.000949
0,0.014459,-0.036899,-0.058511,0.038043,-0.010667,0.071742,0.000252,0.000644
0,-0.104868,0.093918,-0.128934,0.121614,-0.094361,0.163244,0.00183,0.001639
0,-0.079638,0.065873,0.00815,-0.010324,0.004688,0.030422,0.00139,0.00115
0,-0.076476,0.027417,0.007698,-0.04415,0.01869,-0.093802,0.001335,0.000479
0,-0.127722,0.006617,-0.048471,0.008905,-0.091874,-0.038931,0.002229,0.000115
0,-0.036521,0.11459,0.08425,0.126261,0.097512,0.104979,0.000637,0.002
0,-0.01182,0.020501,0.002372,-0.1221,0.038683,-0.137077,0.000206,0.000358
0,-0.000708,0.148725,0.040302,0.138426,0.07348,0.140512,1.2e-05,0.002596
0,-0.054736,-0.041316,-0.028719,-0.194323,-0.027514,-0.203872,0.000955,0.000721
0,-0.178017,0.115932,-0.11196,0.156941,-0.096344,0.121744,0.003107,0.002023
0,-0.164618,0.180728,0.004644,0.039806,-0.01987,0.060971,0.002873,0.003154
0,0.031379,0.027949,0.205293,-0.179446,0.237612,-0.156533,0.000548,0.000488
0,-0.057977,0.031616,-0.109642,0.028957,-0.140717,0.037348,0.001012,0.000552
0,-0.036896,0.008931,0.037471,-0.015437,0.079139,0.00527,0.000644,0.000156
0,-0.031926,0.066573,-0.010385,0.052765,-0.018726,0.030599,0.000557,0.001162
0,0.091405,0.172659,0.106734,0.118887,0.112356,0.074437,0.001595,0.003013
0,0.015129,0.093252,-0.063992,-0.097157,-0.026863,-0.113048,0.000264,0.001628
0,0.007023,-0.0285,-0.001328,-0.141378,-0.025969,-0.140701,0.000123,0.000497
0,-0.105402,0.20546,-0.087268,0.228185,-0.092705,0.253646,0.00184,0.003586
0,-0.062489,0.072835,0.039466,-0.137754,0.01151,-0.105292,0.001091,0.001271
0,0.071294,0.179204,0.105763,0.124664,0.07541,0.077892,0.001244,0.003128
0,0.182462,0.199075,0.095059,0.02823,0.051182,0.057486,0.003185,0.003475
0,0.149851,0.166138,-0.010137,-0.004217,-0.05568,-0.052637,0.002615,0.0029
0,0.044172,0.200674,-0.12189,0.027956,-0.072902,0.043637,0.000771,0.003502
0,-0.0086,0.242498,-0.046774,0.029777,-0.022099,0.071253,0.00015,0.003585
0,-0.068554,0.052166,-0.041222,-0.18839,-0.075672,-0.141282,0.001196,0.00091
0,-0.117965,0.222467,-0.06025,0.147619,-0.030596,0.193119,0.002059,0.003883
0,-1.455249,1.779832,-1.364528,1.565998,-1.316224,1.548544,0.001945,0.000208
0,-1.650452,2.274868,-0.195021,0.489233,-0.151504,0.49255,0.002466,0.000615
0,-1.677895,2.010831,-0.035255,-0.261467,0.003109,-0.263123,0.001987,0.003824
0,-1.722167,2.092283,-0.065569,0.089852,-0.027145,0.085041,0.001214,0.002572
0,-1.132756,1.64137,0.603402,-0.453194,0.645448,-0.477118,0.003683,0.002624
0,-0.76679,1.225815,0.340769,-0.38926,0.343004,-0.342062,0.002253,0.002059
0,-0.623151,0.752917,0.134408,-0.492218,0.180451,-0.455345,0.003058,0.002495
0,-0.285319,0.114053,0.353759,-0.665562,0.389818,-0.635547,0.002838,0.001991
0,-0.281847,0.037257,0.024971,-0.092019,-0.019418,-0.052187,0.002899,0.00065
0,0.195048,-0.282654,0.484206,-0.338471,0.474089,-0.342367,0.003404,0.002885
0,0.080526,-0.199203,-0.112453,0.082975,-0.118137,0.092014,0.001405,0.003477
0,0.318676,-0.274161,0.247831,-0.052315,0.269406,-0.016011,0.002256,0.003033
0,0.25256,-0.217838,-0.091372,0.064337,-0.137251,0.068742,0.00341,0.003802
0,0.198611,-0.116481,-0.025596,0.122579,0.012107,0.151505,0.003466,0.002033
0,0.160342,-0.194064,-0.050239,-0.104767,-0.066592,-0.077761,0.002799,0.003387
0,0.269512,0.039381,0.09427,0.205712,0.050959,0.235863,0.003114,0.000687
0,0.313434,-0.059095,0.057573,-0.116946,0.061587,-0.165723,0.002347,0.001031
0,0.21551,-0.052589,-0.112441,0.000411,-0.087968,-0.027755,0.003761,0.000918
0,-0.024748,-0.00932,-0.225918,0.035803,-0.258726,0.048946,0.000432,0.000163
0,0.20592,-0.179712,0.259752,-0.169457,0.245588,-0.1373,0.003594,0.003137
0,0.030683,-0.21207,-0.17683,-0.030722,-0.179575,-0.065004,0.000536,0.003701
0,0.206633,-0.096478,0.163512,0.135953,0.12871,0.118757,0.003606,0.001684
0,0.14893,-0.087253,-0.05023,0.001103,-0.059717,-0.006948,0.002599,0.001523
0,-0.016741,-0.212854,-0.159808,-0.111277,-0.137995,-0.138247,0.000292,0.003715
0,0.088813,-0.079419,0.135056,0.126666,0.17273,0.097092,0.00155,0.001386
0,-0.418572,-0.889953,-0.518197,-0.827399,-0.483284,-0.824493,0.000512,0.000103
0,-1.35764,-1.307384,-0.9462,-0.440416,-0.988089,-0.396245,0.000242,0.000635
0,-1.455948,-1.284498,-0.069372,0.039549,-0.024653,0.060748,0.001957,0.001035
0,-1.526475,-1.663261,-0.061257,-0.361582,-0.063165,-0.346728,0.003188,0.002242
0,-1.418714,-1.545309,0.107642,0.109513,0.059526,0.12288,0.001308,0.003517
0,-1.479098,-1.830826,-0.031814,-0.263974,-0.00204,-0.262935,0.002362,0.000682
0,-1.157087,-1.591926,0.351344,0.239968,0.376854,0.197771,0.003259,0.003487
0,-1.01353,-1.33341,0.125664,0.276767,0.146521,0.252778,0.002054,0.000181
0,-0.81726,-0.915714,0.220881,0.423467,0.240303,0.381871,0.001372,0.000346
0,-0.443282,-0.542865,0.387774,0.357797,0.408956,0.368844,8.1e-05,0.001657
0,-0.292906,-0.361059,0.175563,0.193511,0.175714,0.171172,0.002706,0.001516
0,-0.132959,-0.395747,0.160363,-0.032176,0.184083,-0.001655,0.002321,0.000911
0,0.160226,-0.187119,0.304564,0.194116,0.266036,0.216856,0.002796,0.003266
0,0.341908,0.017016,0.178839,0.213479,0.140525,0.170841,0.00185,0.000297
0,0.305766,0.013728,-0.016278,0.024055,0.004647,0.052576,0.002481,0.00024
0,0.324144,-0.150376,0.032159,-0.149909,-0.016801,-0.12498,0.00216,0.002625
0,0.33149,-0.000177,0.007781,0.132228,0.040412,0.097705,0.002032,3e-06
0,0.161355,-0.146843,-0.15368,-0.133625,-0.105946,-0.088901,0.002816,0.002563
0,0.294909,0.086533,0.139925,0.211259,0.116136,0.247575,0.002671,0.00151
0,0.061551,-0.104819,-0.244364,-0.173473,-0.291322,-0.144902,0.001074,0.001829
0,0.135407,0.043901,0.067097,0.17164,0.100514,0.219117,0.002363,0.000766
0,0.245617,-0.105757,0.131586,-0.165202,0.096989,-0.12185,0.003531,0.001846
0,0.103623,-0.109999,-0.123571,0.020732,-0.137592,-0.01463,0.001809,0.00192
0,-0.019219,-0.003042,-0.118251,0.09418,-0.102777,0.141743,0.000335,5.3e-05
0,-0.087029,0.015196,-0.070318,-0.008489,-0.047631,0.018228,0.001519,0.000265
0,-0.027738,-0.062511,0.058361,-0.053307,0.055545,-0.018088,0.000484,0.001091
0,-0.007835,-0.06961,0.036947,0.002876,0.080211,0.050424,0.000137,0.001215
0,-0.02713,0.145185,-0.033448,0.219162,-0.015118,0.184482,0.000474,0.002534
0,-0.061183,-0.015338,-0.023718,-0.169054,-0.026939,-0.182323,0.001068,0.000268
0,0.038768,0.068537,0.098424,0.062351,0.051564,0.085115,0.000677,0.001196
0,-0.066847,-0.008682,-0.091526,-0.065758,-0.058773,-0.085342,0.001167,0.000152
0,-0.114117,0.073269,-0.06993,0.109781,-0.02572,0.107229,0.001992,0.001279
0,0.000959,0.136626,0.138369,0.057659,0.123204,0.012337,1.7e-05,0.002385
0,-0.183474,-0.03346,-0.170136,-0.193387,-0.195378,-0.178372,0.003202,0.000584
0,-0.218259,0.066851,-0.047002,0.074247,0.001121,0.024532,0.003809,0.001167
0,-0.054214,0.118826,0.158274,0.073929,0.199567,0.088298,0.000946,0.002074
0,-0.167725,0.107356,-0.095684,-0.02875,-0.114404,0.011399,0.002927,0.001874
0,-0.055075,-0.029392,0.085542,-0.164236,0.123761,-0.146336,0.000961,0.000513
0,2.101158,1.068179,2.142192,1.093424,2.175244,1.08741,0.002417,0.003007
0,3.291795,1.557118,1.177141,0.489614,1.194016,0.519259,0.002728,0.003723
0,3.643908,1.641655,0.367738,0.108058,0.376348,0.145327,0.001055,0.002619
0,3.7041,1.521222,0.046451,-0.09975,0.090189,-0.107282,0.002106,0.003097
0,3.376099,1.032327,-0.307761,-0.465897,-0.328212,-0.419807,0.003619,0.002382
0,2.889718,1.188043,-0.49852,0.155295,-0.514306,0.175578,0.003528,0.002718
0,1.749338,0.986758,-1.136387,-0.202159,-1.115551,-0.23719,0.00074,0.001586
0,0.868968,0.728378,-0.895435,-0.243012,-0.896393,-0.25784,0.000469,0.002923
0,0.166121,0.552416,-0.705722,-0.181825,-0.686,-0.176262,0.002899,0.001824
0,0.266301,0.316109,0.109232,-0.21751,0.10005,-0.236904,0.00317,0.002301
0,-0.382594,-0.07739,-0.658109,-0.413325,-0.635192,-0.424959,0.00114,0.001351
0,-0.522038,-0.048033,-0.154785,0.054899,-0.137858,0.063168,0.001293,0.000838
0,-0.405564,-0.208099,0.131089,-0.186548,0.180089,-0.161604,0.000739,0.003632
0,-0.297117,-0.127123,0.085286,0.074791,0.067029,0.088402,0.002632,0.002219
0,-0.433328,-0.07375,-0.139175,0.073417,-0.14894,0.06499,0.000255,0.001287
0,-0.424221,-0.249228,-0.000511,-0.171008,0.017291,-0.136672,0.000414,0.003468
0,-0.29171,-0.064987,0.151476,0.15697,0.127869,0.191197,0.002727,0.001134
0,-0.193067,0.009605,0.115107,0.087925,0.125268,0.10809,0.00337,0.000168
0,-0.874047,0.65373,-0.675483,0.639102,-0.653682,0.646825,0.000381,0.003592
0,-0.999596,1.685142,-0.118821,1.008982,-0.10451,0.999602,0.00181,0.00186
0,-0.976434,2.250615,0.008506,0.543547,0.019736,0.588094,0.001406,0.000191
0,-0.839853,1.865906,0.119522,-0.392851,0.144341,-0.372334,0.000978,0.001295
0,-0.637707,1.770171,0.195156,-0.090183,0.237507,-0.104933,0.003312,0.000376
0,-0.653215,1.766234,-0.00015,0.00342,-0.007369,-0.011019,0.003583,0.000445
0,-0.601755,1.549511,0.075537,-0.204536,0.036723,-0.164449,0.002685,0.00359
0,-0.18173,1.295621,0.448937,-0.230711,0.480573,-0.264155,0.003172,0.000841
0,-0.249688,1.09721,-0.048998,-0.176493,-0.017335,-0.199987,0.00346,0.003514
0,-0.257803,0.626215,-0.005954,-0.44279,-0.010576,-0.461636,0.003318,0.003112
0,0.088181,0.640426,0.37545,0.014354,0.368871,0.015487,0.001539,0.00336
0,0.073739,0.269242,0.008937,-0.341743,0.055263,-0.384231,0.001287,0.003119
0,0.206266,-0.106244,0.151485,-0.380562,0.141272,-0.359796,0.0036,0.001854
0,0.015128,0.013994,-0.213846,0.111266,-0.244411,0.069151,0.000264,0.000244
0,0.055327,-0.035634,0.015955,-0.03277,0.011642,-0.015081,0.000966,0.000622
0,-0.02051,-0.298643,-0.077786,-0.290029,-0.116218,-0.319244,0.000358,0.002606
0,0.115755,-0.058018,0.164478,0.244055,0.16924,0.289806,0.00202,0.001013
0,0.061316,-0.251136,-0.074627,-0.201876,-0.096882,-0.203658,0.00107,0.003435
0,0.010065,-0.178021,-0.021353,0.044435,-0.057171,0.071068,0.000176,0.003107
0,0.306577,0.047569,0.303499,0.196311,0.273448,0.146949,0.002467,0.00083
0,-0.031609,-0.096474,-0.317,-0.122233,-0.327628,-0.16029,0.000552,0.001684
0,-0.021636,0.023072,0.021261,0.122222,0.0201,0.10743,0.000378,0.000403
0,0.09594,-0.07388,0.135018,-0.118848,0.086664,-0.167188,0.001674,0.001289
0,0.168647,-0.160905,0.050442,-0.092126,0.072992,-0.095024,0.002943,0.002808
0,0.181538,-0.181495,0.015694,0.007629,-0.010496,-0.027173,0.003168,0.003168
0,0.071806,-0.119411,-0.098889,0.089776,-0.052737,0.075784,0.001253,0.002084
0,0.150905,0.061917,0.068589,0.204881,0.077641,0.171181,0.002634,0.001081
0,0.123988,-0.212696,-0.046365,-0.247857,-0.061212,-0.204343,0.002164,0.003712
0,0.078952,-0.064731,-0.039889,0.132286,-0.053936,0.128077,0.001378,0.00113
0,0.111262,-0.147451,0.056059,-0.076483,0.040192,-0.031038,0.001942,0.002574
0,0.256242,0.07295,0.142246,0.208354,0.15568,0.221651,0.003346,0.001273
0,0.206526,-0.04417,-0.071209,-0.123024,-0.115175,-0.156528,0.003605,0.000771
0,0.283485,0.031054,0.07178,0.099093,0.042443,0.077031,0.00287,0.000542
0,0.132995,-0.168605,-0.127076,-0.206231,-0.17056,-0.237584,0.002321,0.002943
0,0.198793,-0.044083,0.068258,0.154415,0.066976,0.182143,0.00347,0.000769
0,0.029095,-0.168164,-0.139807,-0.130586,-0.130779,-0.089617,0.000508,0.002935
0,0.125691,0.024999,0.099633,0.185673,0.108302,0.202169,0.002194,0.000436
0,-0.038685,-0.220764,-0.165688,-0.236416,-0.126536,-0.191656,0.000675,0.003853
0,-0.057428,0.035333,0.004536,0.231697,-0.007814,0.202372,0.001002,0.000617
0,0.245829,0.008443,0.304849,-0.053841,0.334496,-0.100305,0.003527,0.000147
0,0.269978,-0.211871,0.042355,-0.2262,0.057408,-0.237807,0.003106,0.003698
0,0.156888,0.042208,-0.096701,0.245768,-0.145664,0.247846,0.002738,0.000737
0,0.031781,0.060727,-0.139174,0.046317,-0.124716,0.008883,0.000555,0.00106
0,0.231532,-0.15428,0.19376,-0.192382,0.159466,-0.232861,0.003777,0.002693
0,0.11707,-0.024785,-0.087576,0.144251,-0.115455,0.127416,0.002043,0.000433
0,0.100126,-0.192884,0.011377,-0.152408,-0.028331,-0.171442,0.001748,0.003366
0,0.131351,-0.128009,0.032718,0.052524,0.035656,0.019902,0.002293,0.002234
0,0.075693,-0.082572,-0.041212,0.021128,-0.047348,0.036637,0.001321,0.001441
0,-0.026442,-0.189641,-0.075678,-0.123427,-0.045485,-0.158631,0.000462,0.00331
0,-0.117208,-0.069138,-0.117063,0.096803,-0.144452,0.099507,0.002046,0.001207
0,0.075957,-0.203288,0.167368,-0.159016,0.168146,-0.180781,0.001326,0.003548
0,-0.025801,0.008385,-0.075467,0.213976,-0.030981,0.232974,0.00045,0.000146
0,0.04312,-0.127908,0.097164,-0.155434,0.049903,-0.202526,0.000753,0.002232
0,0.100683,-0.005422,0.062538,0.129435,0.064736,0.120311,0.001757,9.5e-05
0,0.02086,-0.119388,-0.106802,-0.10256,-0.119069,-0.13929,0.000364,0.002084
0,0.184561,0.026368,0.134233,0.16936,0.14477,0.171301,0.003221,0.00046
0,0.000502,-0.051767,-0.19608,-0.087326,-0.187284,-0.110241,9e-06,0.000904
0,0.114901,-0.110717,0.097799,-0.064265,0.063943,-0.035557,0.002005,0.001932
0,0.060612,-0.182958,-0.074107,-0.046606,-0.120602,-0.019073,0.001058,0.003193
0,-0.142506,0.037907,-0.203719,0.19727,-0.167632,0.211205,0.002487,0.000662
0,-0.124214,-0.062426,0.044419,-0.089785,0.042091,-0.113949,0.002168,0.00109
0,0.047339,0.024999,0.165952,0.05812,0.132053,0.058806,0.000826,0.000436
0,0.059919,0.058746,-0.005407,0.05483,-0.004124,0.018783,0.001046,0.001025
0,-0.060395,-0.041314,-0.115981,-0.095368,-0.10627,-0.121242,0.001054,0.000721
0,-0.058456,-0.187811,-0.023295,-0.161428,0.010555,-0.139552,0.00102,0.003278
0,-0.075954,-0.069908,-0.046777,0.107967,0.000206,0.129798,0.001326,0.00122
0,0.079133,-0.187304,0.163475,-0.129739,0.173699,-0.143134,0.001381,0.003269
0,-0.034256,0.022962,-0.10352,0.185477,-0.068434,0.218299,0.000598,0.000401
0,0.116682,-0.106485,0.130702,-0.139702,0.145894,-0.094952,0.002036,0.001859
0,-0.158728,-0.16222,-0.263012,-0.069298,-0.311453,-0.053031,0.00277,0.002831
0,-0.026513,-0.001683,0.158328,0.155798,0.197057,0.112472,0.000463,2.9e-05
0,0.026762,-0.162876,0.05851,-0.184266,0.105478,-0.172125,0.000467,0.002843
0,0.03406,-0.025505,0.028372,0.148128,0.042377,0.159169,0.000594,0.000445
0,0.112668,-0.110058,0.10747,-0.058284,0.141562,-0.058039,0.001966,0.001921
0,0.147338,-0.128875,0.013442,0.006645,-0.018639,-0.037152,0.002572,0.002249
0,-0.126376,-0.123113,-0.278778,-0.022341,-0.286134,-0.00761,0.002206,0.002149
0,-0.11438,0.098139,-0.013039,0.247874,-0.03132,0.292831,0.001996,0.001713
0,0.168123,0.118976,0.302592,-0.00623,0.346249,-0.048301,0.002934,0.002077
0,0.030817,-0.05921,-0.134036,-0.207174,-0.089303,-0.186336,0.000538,0.001033
0,-0.157654,-0.043634,-0.214436,0.018467,-0.218029,-0.017016,0.002752,0.000762
0,-0.042207,0.128956,0.142923,0.166117,0.17807,0.165126,0.000737,0.002251
0,-0.008196,0.086723,0.037856,-0.033611,0.001343,-0.083302,0.000143,0.001514
0,-0.13112,-0.024436,-0.110123,-0.10875,-0.156988,-0.080041,0.002288,0.000426
0,-0.232629,-0.055447,-0.081779,-0.049833,-0.113824,-0.04462,0.003758,0.000968
0,0.007777,-0.009609,0.23213,0.057895,0.218479,0.067396,0.000136,0.000168
0,-0.138508,0.160824,-0.167453,0.186423,-0.214475,0.162671,0.002417,0.002807
0,-0.163824,-0.127212,-0.023694,-0.316658,-0.012709,-0.335785,0.002859,0.00222
0,-0.364705,0.16035,-0.182327,0.265999,-0.209074,0.229985,0.001453,0.002799
0,-0.049127,0.093599,0.300639,-0.074585,0.304113,-0.07884,0.000857,0.001634
0,-0.112142,0.064009,-0.075878,-0.023282,-0.085164,-0.058718,0.001957,0.001117
0,-0.268945,-0.015207,-0.149869,-0.054815,-0.147845,-0.077258,0.003124,0.000265
0,-0.147778,0.051499,0.105268,0.067896,0.123929,0.047325,0.002579,0.000899
0,-0.148846,-8.8e-05,-0.018202,-0.050146,0.020323,-0.030473,0.002598,2e-06
0,-0.228974,0.084025,-0.056486,0.081366,-0.074565,0.065425,0.003822,0.001467
0,-0.206691,0.116349,0.047878,0.041829,0.08945,0.083941,0.003607,0.002031
0,-0.002912,0.036951,0.174715,-0.094679,0.135744,-0.09506,5.1e-05,0.000645
0,-0.02453,0.065813,0.002069,0.014459,-0.039778,-0.022767,0.000428,0.001149
0,-0.143717,-0.028922,-0.127972,-0.118338,-0.152293,-0.097803,0.002508,0.000505
0,-0.133381,0.01967,0.038955,0.03765,-0.005572,0.043278,0.002328,0.000343
0,0.041579,-0.128114,0.164673,-0.142888,0.120112,-0.132585,0.000726,0.002236
0,0.04123,0.119993,-0.026131,0.252281,-0.044794,0.209004,0.00072,0.002094
0,-0.021559,0.055874,-0.038323,-0.054712,-0.032332,-0.076973,0.000376,0.000975
0,-0.096689,-0.081685,-0.098923,-0.124946,-0.102954,-0.164226,0.001688,0.001426
0,-0.129638,-0.149947,-0.044809,-0.094681,-0.002239,-0.072818,0.002263,0.002617
0,0.030571,-0.026334,0.135416,0.104971,0.159149,0.136718,0.000534,0.00046
0,-0.159673,-0.098673,-0.173804,-0.049728,-0.14264,-0.026636,0.002787,0.001722
0,0.006267,-0.157558,0.150975,-0.04541,0.119856,-0.009252,0.000109,0.00275
0,-0.15231,0.030487,-0.134288,0.209925,-0.107167,0.224341,0.002658,0.000532
0,-0.234326,0.03716,-0.07872,-0.019608,-0.113418,-0.02268,0.003728,0.000649
0,-0.145125,0.001154,0.08908,-0.023789,0.117223,-0.028073,0.002533,2e-05
0,0.035604,0.12871,0.185561,0.128101,0.190273,0.103668,0.000621,0.002246
0,-0.135478,-0.096213,-0.147226,-0.229627,-0.138541,-0.230888,0.002365,0.001679
0,-0.236434,0.045481,-0.113023,0.165673,-0.142746,0.118475,0.003691,0.000794
0,0.068251,-0.001309,0.308928,-0.042877,0.352584,-0.007731,0.001191,2.3e-05
0,-0.133196,0.04775,-0.224773,0.076364,-0.233843,0.041135,0.002325,0.000833
0,-0.096194,0.196174,0.05898,0.138431,0.053521,0.149252,0.001679,0.003424
0,0.065262,-0.035043,0.143454,-0.233946,0.187219,-0.261273,0.001139,0.000612
0,-0.076499,-0.066159,-0.151051,-0.011989,-0.131824,-0.028389,0.001335,0.001155
0,-0.141103,0.118504,-0.080655,0.205074,-0.113923,0.234941,0.002463,0.002068
0,-0.208507,0.154465,-0.085009,0.047896,-0.110482,0.011106,0.003639,0.002696
0,-0.057007,0.117786,0.13962,-0.050266,0.104201,-0.055196,0.000995,0.002056
0,-0.073425,0.138857,-0.02299,-0.001504,-0.062084,-0.003729,0.001282,0.002424
0,-0.11725,0.092088,-0.032239,-0.068666,-0.052671,-0.057391,0.002046,0.001607
0,-0.122041,0.0291,-0.018369,-0.040139,-0.029738,-0.041233,0.00213,0.000508
0,-0.236356,-0.011481,-0.109765,-0.048705,-0.12192,-0.046048,0.003693,0.0002
0,-0.079916,-0.011227,0.176595,0.018994,0.1778,0.043152,0.001395,0.000196
0,-0.202558,0.01249,-0.132844,0.034918,-0.129239,0.020934,0.003535,0.000218
0,-0.183956,-0.131774,0.011664,-0.156933,-0.00416,-0.121877,0.003211,0.0023
0,-0.250036,0.006698,-0.093029,0.109824,-0.078351,0.149699,0.003454,0.000117
0,-0.133604,0.072176,0.125332,0.041665,0.128959,0.02098,0.002332,0.00126
0,-0.072725,-0.062938,0.05976,-0.144088,0.012677,-0.104625,0.001269,0.001098
0,-0.019459,-0.084476,0.050691,-0.015708,0.009334,-0.017306,0.00034,0.001474
0,-0.180807,-0.037531,-0.151857,0.066827,-0.157553,0.083664,0.003156,0.000655
0,0.004324,0.013003,0.194988,0.054181,0.15002,0.010294,7.5e-05,0.000227
0,-0.084138,0.05217,-0.081867,0.069125,-0.129127,0.026378,0.001468,0.000911
0,-0.155012,-0.030306,-0.061696,-0.073485,-0.072183,-0.081315,0.002705,0.000529
0,-0.017023,-0.101996,0.114604,-0.056017,0.159373,-0.102392,0.000297,0.00178
0,-0.109495,0.039527,-0.070748,0.129796,-0.063566,0.13507,0.001911,0.00069
0,0.009951,-0.131612,0.128525,-0.18288,0.117605,-0.150903,0.000174,0.002297
0,-0.045638,-0.049599,-0.054216,0.089532,-0.082122,0.063078,0.000797,0.000866
0,-0.037245,-0.034029,0.000311,0.033751,-0.000493,0.04242,0.00065,0.000594
0,-0.123181,-0.048014,-0.089258,0.000521,-0.077362,-0.015017,0.00215,0.000838
0,-0.199197,-0.012933,-0.095099,0.018979,-0.126027,-0.026558,0.003477,0.000226
0,-0.060057,-0.099789,0.158773,-0.113724,0.134625,-0.122873,0.001048,0.001742
0,-0.268959,-0.05381,-0.227764,0.038493,-0.211592,0.035848,0.003124,0.000939
0,-0.117592,-0.041128,0.1683,0.039983,0.133027,-0.00717,0.002052,0.000718
0,-0.139205,-0.080018,-0.000595,-0.050979,-0.038965,-0.029118,0.00243,0.001397
0,-0.070542,0.028974,0.076288,0.119083,0.02854,0.156711,0.001231,0.000506
0,-0.098403,-0.088783,-0.035723,-0.095001,-0.016674,-0.097273,0.001717,0.00155
0,-0.092432,-0.030602,0.018845,0.033704,0.000411,0.074492,0.001613,0.000534
0,-0.016831,-0.019677,0.062087,-0.007714,0.09073,0.03998,0.000294,0.000343
0,-0.294077,0.00402,-0.291681,0.024214,-0.265349,0.01004,0.002685,7e-05
0,-0.314808,-0.131581,-0.035415,-0.123331,-0.064883,-0.150329,0.002323,0.002297
0,-0.195727,-0.057774,0.14297,0.07854,0.186382,0.041067,0.003416,0.001008
0,-0.216936,0.065705,-0.033278,0.102477,-0.069239,0.118293,0.003786,0.001147
0,-0.194331,-0.135005,0.043946,-0.195555,0.047186,-0.15812,0.003392,0.002356
0,-0.20628,-0.131265,0.013813,0.016926,0.060535,0.012011,0.0036,0.002291
0,-0.004379,0.071668,0.225241,0.175115,0.215717,0.168495,7.6e-05,0.001251
0,-0.117219,-0.118801,-0.087189,-0.196842,-0.129732,-0.173382,0.002046,0.002073
0,-0.029451,0.084268,0.072377,0.177482,0.028924,0.150669,0.000514,0.001471
0,0.11326,-0.109028,0.119681,-0.178706,0.155577,-0.153726,0.001977,0.001903
0,0.054477,0.01698,-0.088136,0.126117,-0.085487,0.104536,0.000951,0.000296
0,-0.083265,0.102265,-0.13614,0.109274,-0.104554,0.06352,0.001453,0.001785
0,-0.059481,0.003458,0.019898,-0.104772,0.015317,-0.154315,0.001038,6e-05
0,-0.046537,0.104223,0.033653,0.095958,0.066543,0.100824,0.000812,0.001819
0,-0.040975,-0.061655,0.014241,-0.14609,0.038638,-0.177686,0.000715,0.001076
0,0.121562,-0.071857,0.14503,0.012894,0.136981,0.050588,0.002122,0.001254
0,-0.098497,-0.180362,-0.224069,-0.134579,-0.254159,-0.142887,0.001719,0.003148
0,-0.056336,-0.123873,0.05665,0.064183,0.011725,0.064344,0.000983,0.002162
0,-0.053383,-0.168833,0.02977,-0.023526,0.048142,-0.053484,0.000932,0.002947
0,0.034549,-0.031145,0.072146,0.144427,0.09403,0.101183,0.000603,0.000544
0,0.005807,-0.115832,-0.008632,-0.082649,-0.035569,-0.105866,0.000101,0.002022
0,0.120836,-0.052821,0.120115,0.069671,0.081916,0.058857,0.002109,0.000922
0,0.141015,-0.100217,0.029452,-0.024185,0.037395,-0.009515,0.002461,0.001749
0,-0.119646,-0.175711,-0.260263,-0.076774,-0.256824,-0.067272,0.002088,0.003067
0,-0.037855,-0.134343,0.098869,0.064465,0.07271,0.033473,0.000661,0.002345
0,-0.096519,-0.099359,-0.086762,0.036381,-0.095958,0.079536,0.001685,0.001734
0,0.122194,-0.174115,0.238482,-0.09032,0.232061,-0.117449,0.002133,0.003039
0,0.099411,-0.067862,-0.04524,0.106198,-0.088195,0.076561,0.001735,0.001184
0,-0.935945,0.419696,-1.018892,0.517044,-1.018242,0.468538,0.0007,0.000493
0,-1.339158,0.982904,-0.40799,0.566847,-0.36905,0.517806,8.1e-05,0.001519
0,-1.788971,0.75656,-0.433445,-0.236735,-0.439399,-0.191012,4.8e-05,0.002431
0,-1.806463,0.895285,-0.011237,0.165675,0.021342,0.199404,0.000257,1e-05
0,-1.12043,1.090025,0.691001,0.169182,0.684484,0.198248,0.003898,0.003389
0,-0.656153,0.947213,0.452214,-0.12653,0.457261,-0.146309,0.003634,0.000896
0,-0.476011,0.621185,0.167442,-0.344101,0.162315,-0.392621,0.00049,0.003024
0,-0.495596,0.540596,0.00315,-0.084767,0.025291,-0.088196,0.000832,0.001617
0,-0.347255,0.163273,0.14573,-0.358701,0.111457,-0.334546,0.001757,0.00285
0,-0.103266,0.087146,0.231512,-0.077989,0.213691,-0.102253,0.001802,0.001521
0,-0.021488,0.206486,0.074794,0.107198,0.102253,0.122111,0.000375,0.003604
0,0.021354,-0.060107,0.026277,-0.265166,0.049385,-0.308624,0.000373,0.001049
0,0.16423,0.045593,0.123971,0.135695,0.137348,0.14016,0.002866,0.000796
0,-0.007481,-0.053942,-0.145848,-0.099294,-0.11524,-0.116405,0.000131,0.000941
0,-0.1041,0.152508,-0.117351,0.219139,-0.091735,0.232967,0.001817,0.002662
0,-0.092705,0.018816,-0.015116,-0.123654,0.002532,-0.14072,0.001618,0.000328
0,-0.018854,0.183605,0.06625,0.169176,0.097943,0.170635,0.000329,0.003205
0,0.094139,0.012721,0.116718,-0.170418,0.143899,-0.147936,0.001643,0.000222
0,-0.084159,0.045676,-0.155368,0.025233,-0.204284,0.044063,0.001469,0.000797
0,-0.021473,0.081779,0.035598,0.035589,0.019951,0.022505,0.000375,0.001427
0,-0.080112,0.175971,-0.088072,0.088409,-0.071726,0.127945,0.001398,0.003071
0,0.060255,-0.021725,0.141017,-0.18244,0.132137,-0.155213,0.001052,0.000379
0,0.009913,0.188355,-0.038882,0.212506,-0.064684,0.19122,0.000173,0.003287
0,0.013799,0.061433,0.012428,-0.105134,0.05579,-0.138342,0.000241,0.001072
0,0.006277,0.024906,-0.028773,-0.057302,-0.00289,-0.03504,0.00011,0.000435
0,0.058428,-0.017238,0.065453,-0.059309,0.023826,-0.030798,0.00102,0.000301
0,0.122632,-0.067879,0.090177,-0.060965,0.124908,-0.098718,0.00214,0.001185
0,-0.02576,0.060813,-0.17185,0.114389,-0.209269,0.154181,0.00045,0.001061
0,0.081009,0.08385,0.129603,0.025607,0.119988,0.05289,0.001414,0.001463
0,0.209216,0.115979,0.130752,0.054364,0.088688,0.026367,0.003652,0.002024
0,0.094407,-0.045535,-0.11593,-0.16846,-0.119173,-0.138082,0.001648,0.000795
0,0.217936,-0.038962,0.108202,-0.005334,0.090417,-0.019236,0.003804,0.00068
0,0.203541,0.031848,0.001421,0.051373,-0.010824,0.050395,0.003552,0.000556
0,0.22299,0.085092,0.023598,0.039795,0.071766,-0.004783,0.003892,0.001485
0,0.251356,0.131733,0.037064,0.06762,0.08086,0.11561,0.003431,0.002299
0,0.093828,-0.01987,-0.145243,-0.164034,-0.135907,-0.151854,0.001638,0.000347
0,0.299418,0.041141,0.196224,0.054138,0.196287,0.044714,0.002592,0.000718
0,-0.006467,0.004098,-0.324976,-0.057534,-0.28139,-0.01112,0.000113,7.2e-05
0,-0.093364,0.140977,-0.109812,0.143384,-0.151388,0.117747,0.00163,0.002461
0,0.14797,0.02616,0.259299,-0.133408,0.298232,-0.130035,0.002583,0.000457
0,-0.13443,0.033178,-0.283716,-0.015846,-0.319824,0.015373,0.002346,0.000579
0,-0.115848,0.069816,0.000823,0.042303,-0.040487,0.065016,0.002022,0.001219
0,-0.046731,0.020402,0.052151,-0.06354,0.015726,-0.040692,0.000816,0.000356
0,-0.159698,-0.146664,-0.135666,-0.143774,-0.131457,-0.118334,0.002787,0.00256
0,-0.016878,0.080664,0.134958,0.241963,0.110223,0.221532,0.000295,0.001408
0,0.013646,0.11693,0.010426,0.019339,-0.026073,0.037608,0.000238,0.002041
0,0.063934,0.084188,0.059454,-0.015455,0.100778,-0.006698,0.001116,0.001469
0,-0.076223,0.012281,-0.11586,-0.086479,-0.113988,-0.039993,0.00133,0.000214
0,-0.123337,0.019625,-0.072898,-0.014396,-0.078712,-0.051416,0.002153,0.000343
0,-0.097667,0.174763,0.038554,0.138087,-0.007706,0.165148,0.001705,0.00305
0,-0.027263,0.141194,0.095617,-0.009691,0.067506,0.014965,0.000476,0.002464
0,-0.075658,-0.074641,-0.048098,-0.205356,-0.019411,-0.166979,0.00132,0.001303
0,-0.066359,-0.05884,0.005158,0.014505,0.004186,0.013151,0.001158,0.001027
0,0.081245,-0.063901,0.121254,-0.034063,0.165674,-0.019998,0.001418,0.001115
0,0.000676,0.008765,-0.052675,0.082478,-0.082535,0.04265,1.2e-05,0.000153
0,-0.025366,0.119425,-0.011906,0.103924,0.001287,0.130262,0.000443,0.002084
0,0.083563,-0.179286,0.08493,-0.280598,0.096254,-0.238803,0.001458,0.003129
0,0.078424,-0.016608,-0.006565,0.18438,0.04132,0.232246,0.001369,0.00029
0,0.212343,-0.079522,0.128246,-0.044447,0.137469,-0.057731,0.003706,0.001388
0,0.059557,-0.16055,-0.143734,-0.057939,-0.121029,-0.103846,0.001039,0.002802
0,0.06465,0.075861,-0.012832,0.222405,-0.003997,0.269553,0.001128,0.001324
0,0.126069,-0.108593,0.036359,-0.209254,0.08453,-0.228108,0.0022,0.001895
0,-0.01871,-0.066745,-0.171909,0.018459,-0.156655,0.049076,0.000327,0.001165
0,0.273713,0.116617,0.279419,0.168086,0.233745,0.156882,0.003041,0.002035
0,0.164456,-0.048217,-0.130322,-0.174024,-0.129623,-0.200149,0.00287,0.000842
0,0.226717,0.061618,0.087038,0.097864,0.054855,0.067537,0.003861,0.001075
0,0.144112,0.08545,-0.100824,0.042931,-0.061131,0.023184,0.002515,0.001491
0,0.054939,0.067602,-0.088029,-0.006559,-0.111463,-0.012011,0.000959,0.00118
0,0.086796,0.109133,0.028854,0.033707,0.017539,0.063064,0.001515,0.001905
0,0.230008,-0.065278,0.131708,-0.179631,0.148753,-0.184355,0.003803,0.001139
0,-0.043285,-0.101907,-0.24528,-0.015761,-0.250379,-0.053501,0.000755,0.001779
0,0.048269,-0.086495,0.08531,-0.002572,0.12489,-0.036519,0.000842,0.00151
0,0.02157,-0.024056,-0.026374,0.04238,0.006043,-0.000925,0.000376,0.00042
0,0.112879,0.045645,0.098773,0.079444,0.067478,0.111724,0.00197,0.000797
0,-0.105106,-0.192169,-0.191595,-0.22324,-0.180033,-0.201056,0.001834,0.003354
0,0.025391,0.078385,0.104028,0.255032,0.133569,0.236059,0.000443,0.001368
0,0.110577,0.083611,0.058965,0.015808,0.103249,0.00086,0.00193,0.001459
0,-0.046029,0.021556,-0.151046,-0.051445,-0.116957,-0.049939,0.000803,0.000376
0,0.2224,0.093899,0.258598,0.058288,0.301439,0.064234,0.003882,0.001639
0,0.156278,-0.096664,-0.089671,-0.204106,-0.136043,-0.251528,0.002728,0.001687
0,-0.034239,0.044116,-0.182684,0.149401,-0.145317,0.153658,0.000598,0.00077
0,0.201251,-0.045274,0.222778,-0.075793,0.199224,-0.050595,0.003512,0.00079
0,-0.033407,-0.068488,-0.219651,0.005654,-0.22849,-0.013523,0.000583,0.001195
0,-0.004987,0.020182,0.052228,0.118585,0.018174,0.106693,8.7e-05,0.000352
0,0.173248,0.169235,0.182274,0.133884,0.206469,0.14143,0.003024,0.002954
0,0.112497,-0.086245,-0.038965,-0.258131,-0.079518,-0.28646,0.001963,0.001505
0,0.129751,-0.005234,0.003875,0.0735,0.01696,0.030318,0.002265,9.1e-05
0,0.190606,0.120328,0.057663,0.152788,0.050025,0.124307,0.003327,0.0021
0,-0.038748,-0.018519,-0.2211,-0.145025,-0.200976,-0.174345,0.000676,0.000323
0,0.05293,-0.103591,0.066183,-0.102131,0.100493,-0.097916,0.000924,0.001808
0,0.004333,0.094782,-0.073489,0.218773,-0.024483,0.215924,7.6e-05,0.001654
0,0.108672,0.09902,0.079094,0.021864,0.06648,0.033067,0.001897,0.001728
0,0.013337,0.067113,-0.116029,-0.054874,-0.102779,-0.051613,0.000233,0.001171
0,0.089352,-0.047372,0.074521,-0.102739,0.097819,-0.126252,0.001559,0.000827
0,0.086257,0.140859,0.022249,0.159651,0.001706,0.176804,0.001505,0.002458
0,-0.055122,0.13774,-0.149705,-0.03309,-0.147929,-0.063946,0.000962,0.002404
0,0.128955,0.168962,0.196356,0.042884,0.187047,0.017397,0.002251,0.002949
0,-0.078426,0.179758,-0.197665,0.000289,-0.220898,-0.027399,0.001369,0.003137
0,-0.092975,0.106602,0.006451,-0.07546,-0.00639,-0.105665,0.001623,0.001861
0,-0.020815,0.109927,0.060578,-0.019493,0.027173,-0.061598,0.000363,0.001919
0,0.114064,-0.068232,0.150547,-0.152415,0.12051,-0.147868,0.001991,0.001191
0,0.134291,-0.059975,0.021964,0.016253,0.050885,-0.019193,0.002344,0.001047
0,0.058248,0.153294,-0.101367,0.230564,-0.141801,0.206933,0.001017,0.002675
0,0.006836,0.204444,-0.030855,0.03947,0.008524,0.048922,0.000119,0.003568
0,-0.064782,0.078026,-0.101322,-0.114363,-0.150671,-0.120235,0.001131,0.001362
0,0.084166,0.049364,0.168562,-0.052402,0.199206,-0.016543,0.001469,0.000862
0,0.171733,-0.033821,0.108879,-0.094633,0.072918,-0.057971,0.002997,0.00059
0,0.087219,0.217541,-0.058773,0.222689,-0.049329,0.245409,0.001522,0.003797
0,0.241693,0.231202,0.184016,0.000294,0.224845,0.014075,0.0036,0.003783
0,0.240423,-0.027743,-0.031214,-0.2626,-0.039425,-0.247148,0.003622,0.000484
0,0.032151,0.212179,-0.234413,0.211865,-0.196904,0.238218,0.000561,0.003703
0,-0.046965,0.247969,-0.092461,0.061225,-0.08112,0.033721,0.00082,0.00349
0,0.1179,0.168309,0.167652,-0.103395,0.1582,-0.080763,0.002058,0.002938
0,0.184158,0.168418,0.09261,0.007092,0.099284,0.04195,0.003214,0.002939
0,0.046333,0.119038,-0.129623,-0.064476,-0.085849,-0.078249,0.000809,0.002078
0,0.100994,0.149179,0.054335,0.026119,0.035286,-0.00446,0.001763,0.002604
0,0.165519,-0.047266,0.063877,-0.195682,0.073451,-0.229587,0.002889,0.000825
0,1.249593,-0.365848,1.107672,-0.306225,1.12923,-0.288355,0.001644,0.001433
0,1.52197,-0.625232,0.285032,-0.284689,0.260846,-0.255074,0.00311,0.003094
0,2.054266,-0.75325,0.54598,-0.115012,0.511773,-0.130528,0.003236,0.002489
0,2.377198,-0.640955,0.349052,0.116185,0.309941,0.118046,0.002401,0.003369
0,1.958897,-0.519028,-0.410293,0.120111,-0.442009,0.167435,0.002918,0.001241
0,1.434152,-0.573003,-0.525133,-0.071327,-0.560176,-0.083611,0.001577,0.002183
0,1.201882,-0.562712,-0.253678,0.024684,-0.285775,0.061567,0.002477,0.002003
0,1.000062,-0.355638,-0.198694,0.22604,-0.232343,0.202479,0.001819,0.001611
0,0.422819,-0.428114,-0.603281,-0.078222,-0.634143,-0.057231,0.000438,0.000346
0,0.25369,-0.103667,-0.177822,0.304788,-0.175564,0.3401,0.00339,0.001809
0,-0.175854,-0.125429,-0.445927,-0.042371,-0.436044,-0.022462,0.003069,0.002189
0,-0.254529,0.064747,-0.072156,0.210825,-0.035511,0.23277,0.003376,0.00113
0,-0.162837,-0.07772,0.111071,-0.145156,0.149642,-0.191216,0.002842,0.001356
0,-0.363312,0.084577,-0.175903,0.149662,-0.14881,0.105816,0.001477,0.001476
0,-0.115544,-0.14577,0.226866,-0.251713,0.191475,-0.245613,0.002017,0.002544
0,-0.212533,-0.007108,-0.069622,0.141534,-0.105287,0.188096,0.003709,0.000124
0,-0.312116,0.096407,-0.115815,0.095291,-0.08971,0.066107,0.00237,0.001683
0,-0.224787,-0.089829,0.088714,-0.178827,0.041188,-0.184243,0.003895,0.001568
0,-0.222979,-0.003548,-0.00912,0.094697,-0.023135,0.054349,0.003892,6.2e-05
0,-0.170951,-0.052197,0.07492,-0.069667,0.073883,-0.07208,0.002984,0.000911
0,-0.205627,-0.141879,-0.049683,-0.100036,-0.005946,-0.148049,0.003589,0.002476
0,-0.339168,0.011775,-0.113456,0.138503,-0.068062,0.185765,0.001898,0.000206
0,-0.243838,-0.203986,0.11162,-0.241217,0.085921,-0.262193,0.003562,0.00356
0,-0.152269,-0.162659,0.08405,0.029268,0.041617,0.035274,0.002658,0.002839
0,-0.293445,-0.085226,-0.153306,0.068383,-0.160026,0.044457,0.002696,0.001487
0,-0.272561,0.070047,0.000772,0.157621,-0.027237,0.132793,0.003061,0.001223
0,-0.193442,-0.070928,0.059651,-0.140869,0.059241,-0.121116,0.003376,0.001238
0,-0.084417,-0.159151,0.09082,-0.079329,0.127487,-0.036712,0.001473,0.002778
0,-0.271465,0.050234,-0.206829,0.203659,-0.205676,0.249421,0.00308,0.000877
0,-0.34176,-0.128246,-0.098957,-0.174587,-0.099405,-0.177512,0.001853,0.002238
0,-0.309327,-0.113692,0.046124,0.018898,0.019384,0.068413,0.002419,0.001984
0,-0.177463,-0.168888,0.143751,-0.04129,0.164296,-0.063949,0.003097,0.002948
0,-0.242968,-0.170579,-0.054566,-0.021114,-0.072832,-0.020374,0.003577,0.002977
0,-0.024504,0.024441,0.227053,0.217394,0.216168,0.218829,0.000428,0.000427
0,-0.174384,-0.091486,-0.134772,-0.108796,-0.141537,-0.122019,0.003044,0.001597
0,-0.057188,0.120012,0.100842,0.1865,0.062766,0.168436,0.000998,0.002095
0,-0.066081,0.028492,0.019454,-0.101255,-0.01935,-0.069086,0.001153,0.000497
0,-0.120761,0.015844,-0.067891,-0.014337,-0.024373,-0.050434,0.002108,0.000277
0,-0.187927,-0.072205,-0.095349,-0.07553,-0.087074,-0.033164,0.00328,0.00126
0,-0.243094,0.114056,-0.03341,0.178065,-0.078002,0.132025,0.003575,0.001991
0,-0.044336,-0.030946,0.219873,-0.161822,0.239893,-0.169474,0.000774,0.00054
0,0.087599,-0.058644,0.118447,-0.032895,0.068656,-0.015781,0.001529,0.001024
0,-0.115203,0.136781,-0.21007,0.214572,-0.241132,0.203178,0.002011,0.002387
0,-0.077045,-0.072724,0.035939,-0.195719,-0.009312,-0.240035,0.001345,0.001269
0,0.030686,-0.127678,0.107204,-0.051349,0.142426,-0.044951,0.000536,0.002228
0,-0.05159,-0.098967,-0.096658,0.0062,-0.105428,0.019278,0.0009,0.001727
0,-0.164716,-0.03673,-0.109747,0.053073,-0.119079,0.084812,0.002875,0.000641
0,-0.116036,-0.056654,0.037132,-0.048478,0.03217,-0.051916,0.002025,0.000989
0,-0.13934,-0.102636,-0.01882,-0.067021,0.019569,-0.024369,0.002432,0.001791
0,-0.128684,-0.072405,-0.005459,0.055638,-0.027132,0.101887,0.002246,0.001264
0,0.127633,-0.081041,0.226956,-0.021491,0.271795,-0.065892,0.002228,0.001414
0,-0.100312,-0.113681,-0.253207,-0.032901,-0.242273,-0.082625,0.001751,0.001984
0,0.055909,-0.043181,0.166902,0.07675,0.183897,0.036512,0.000976,0.000754
0,0.085636,-0.086631,0.023088,-0.035797,0.06527,-0.061721,0.001495,0.001512
0,0.099252,-0.164917,0.017184,-0.059147,0.035259,-0.039855,0.001732,0.002878
0,0.057589,0.082637,-0.022593,0.267802,-0.032529,0.278548,0.001005,0.001442
0,-0.00449,-0.148292,-0.055756,-0.2544,-0.044815,-0.213359,7.8e-05,0.002588
0,-0.010448,0.064358,0.020245,0.218427,0.064786,0.222644,0.000182,0.001123
0,0.069812,0.096101,0.076092,0.053659,0.108143,0.084291,0.001218,0.001677
0,0.005678,0.092437,-0.056213,-0.003657,-0.057036,-0.013021,9.9e-05,0.001613
0,0.152721,-0.078835,0.122979,-0.17411,0.127715,-0.219882,0.002665,0.001376
0,-0.061248,-0.038338,-0.186027,0.032646,-0.151402,0.029192,0.001069,0.000669
0,0.014416,-0.21438,0.066694,-0.167858,0.032689,-0.177049,0.000252,0.003742
0,-0.106887,-0.174226,-0.099945,0.023339,-0.113592,0.053404,0.001866,0.003041
0,-0.012091,0.031461,0.0957,0.176928,0.059629,0.20856,0.000211,0.000549
0,0.123918,-0.010814,0.116522,-0.029926,0.11862,-0.040048,0.002163,0.000189
0,0.031043,-0.122603,-0.098484,-0.12825,-0.088698,-0.149387,0.000542,0.00214
0,-0.002925,-0.167245,-0.058095,-0.015943,-0.06484,-0.053005,5.1e-05,0.002919
0,0.043456,-0.197824,0.029332,-0.013574,0.020453,0.029223,0.000758,0.003453
0,-0.016436,0.059004,-0.048991,0.279952,-0.014988,0.309645,0.000287,0.00103
0,-0.048251,0.075418,-0.055979,-0.001998,-0.10221,-0.037433,0.000842,0.001316
0,-0.100278,-0.12527,-0.030419,-0.209921,-0.028035,-0.237385,0.00175,0.002186
0,-0.034388,0.127497,0.047362,0.274688,0.08063,0.278512,0.0006,0.002225
0,0.031459,0.025493,0.081589,-0.101377,0.065161,-0.079671,0.000549,0.000445
0,0.09098,-0.119337,0.076729,-0.162887,0.05885,-0.187871,0.001588,0.002083
0,0.167169,-0.018226,0.105729,0.122101,0.09868,0.099222,0.002918,0.000318
0,0.129458,-0.112978,-0.043348,-0.095731,-0.036781,-0.071656,0.002259,0.001972
0,0.044467,-0.114208,-0.058533,0.023364,-0.080771,0.03988,0.000776,0.001993
0,0.207324,-0.155296,0.145948,-0.023763,0.158163,0.017464,0.003618,0.00271
0,0.281693,0.043249,0.082393,0.182414,0.103951,0.198125,0.002901,0.000755
0,0.195358,-0.031913,-0.106108,-0.08757,-0.077496,-0.044372,0.00341,0.000557
0,-0.077334,-0.013199,-0.261815,0.04583,-0.276102,0.023512,0.00135,0.00023
0,-0.00641,0.008264,0.085647,0.047526,0.051616,0.009244,0.000112,0.000144
0,0.035342,-0.108078,0.015523,-0.090492,0.009976,-0.1403,0.000617,0.001886
0,-0.172739,-0.107364,-0.21843,0.021883,-0.24999,-0.010077,0.003015,0.001874
0,-0.001789,-0.08617,0.154478,0.013353,0.11267,0.051573,3.1e-05,0.001504
0,-0.148709,0.031254,-0.135717,0.145195,-0.17363,0.137739,0.002595,0.000545
0,-0.011012,0.037997,0.130122,0.016742,0.167217,-0.004939,0.000192,0.000663
0,-0.050187,-0.093313,-0.011608,-0.111526,-0.005508,-0.158206,0.000876,0.001629
0,0.068091,0.035163,0.089156,0.140187,0.046957,0.186787,0.001188,0.000614
0,0.114033,-0.161169,0.06141,-0.192429,0.062414,-0.228735,0.00199,0.002813
0,0.091807,-0.109878,-0.030321,0.074698,0.003221,0.112928,0.001602,0.001918
0,-0.049542,-0.081632,-0.134345,0.038655,-0.183193,0.033296,0.000865,0.001425
0,-0.196106,-0.037568,-0.156332,0.015939,-0.157552,0.053697,0.003423,0.000656
0,-0.13751,-0.145281,0.083452,-0.105425,0.104225,-0.134833,0.0024,0.002536
0,-0.07911,0.12545,0.049779,0.258234,0.015651,0.222439,0.001381,0.00219
0,0.008394,0.041246,0.06629,-0.090248,0.105221,-0.098688,0.000146,0.00072
0,-0.206557,0.072965,-0.243746,0.016708,-0.223334,0.053586,0.003605,0.001273
0,-0.124485,-0.174549,0.085222,-0.245271,0.12114,-0.20928,0.002173,0.003046
0,0.041508,-0.08057,0.150505,0.089453,0.160029,0.065995,0.000724,0.001406
0,0.128213,-0.172675,0.071489,-0.067379,0.067457,-0.097651,0.002238,0.003014
0,-0.052644,-0.007842,-0.170266,0.158451,-0.186516,0.164626,0.000919,0.000137
0,-0.003918,-0.007243,0.03634,0.004572,0.04844,0.045431,6.8e-05,0.000126
0,-0.014517,0.012926,-0.031445,0.000137,-0.069502,0.010423,0.000253,0.000226
0,0.134526,0.086941,0.163353,0.070672,0.178189,0.037961,0.002348,0.001517
0,-0.119528,-0.140557,-0.261199,-0.201831,-0.281236,-0.211152,0.002086,0.002453
0,0.085167,-0.135386,0.228532,0.027883,0.208692,0.058299,0.001486,0.002363
0,-0.124453,-0.063401,-0.202312,0.078517,-0.246028,0.089696,0.002172,0.001107
0,0.064986,0.072539,0.20689,0.121478,0.195733,0.085154,0.001134,0.001266
0,-0.062827,-0.017033,-0.116232,-0.085647,-0.146361,-0.08225,0.001097,0.000297
0,0.084134,-0.034365,0.15588,-0.016915,0.19322,-0.010128,0.001468,0.0006
0,-0.04659,0.043323,-0.13576,0.097584,-0.127596,0.066344,0.000813,0.000756
0,0.034454,-0.038451,0.104165,-0.052097,0.149907,-0.066549,0.000601,0.000671
0,0.122648,0.033624,0.058368,0.043766,0.017327,0.036433,0.002141,0.000587
0,-0.002232,-0.181732,-0.103541,-0.188864,-0.082779,-0.150263,3.9e-05,0.003172
0,0.033306,-0.139508,0.029411,0.053281,0.030735,0.101916,0.000581,0.002435
0,-0.041919,-0.082955,-0.045529,0.053708,-0.025871,0.032935,0.000732,0.001448
0,0.078299,0.05469,0.099087,0.153613,0.096964,0.132316,0.001367,0.000955
0,0.149358,-0.070308,0.048964,-0.137746,0.016631,-0.088257,0.002607,0.001227
0,0.000245,0.010537,-0.145958,0.069192,-0.159861,0.083035,4e-06,0.000184
0,-0.100328,-0.052857,-0.095894,-0.043258,-0.084481,-0.056442,0.001751,0.000923
0,-0.071699,0.074487,0.000978,0.11382,-0.022066,0.142026,0.001251,0.0013
0,-0.034094,-0.126772,0.05113,-0.204134,0.007026,-0.18666,0.000595,0.002213
0,-0.118744,-0.030455,-0.085929,0.112413,-0.053349,0.158272,0.002072,0.000532
0,-0.048009,-0.122069,0.088053,-0.062262,0.135027,-0.039788,0.000838,0.002131
0,0.025917,0.072423,0.061364,0.199977,0.029491,0.219215,0.000452,0.001264
0,-0.015834,0.066379,-0.053596,0.00623,-0.070474,-0.030271,0.000276,0.001159
0,-0.140095,-0.104006,-0.109697,-0.146257,-0.129096,-0.172719,0.002445,0.001815
0,0.026934,-0.028919,0.145857,0.090291,0.101531,0.122176,0.00047,0.000505
0,0.1811,0.035684,0.133651,0.091973,0.170475,0.077259,0.003161,0.000623
0,0.022411,-0.088625,-0.148318,-0.107941,-0.190069,-0.090318,0.000391,0.001547
0,-0.060311,0.033251,-0.053574,0.118415,-0.045002,0.13579,0.001053,0.00058
0,0.186379,0.059446,0.255168,0.053107,0.20978,0.003694,0.003253,0.001038
0,0.104974,0.09937,-0.08171,0.018101,-0.050656,0.034229,0.001832,0.001734
0,0.07131,-0.003215,-0.035215,-0.130485,-0.018017,-0.119966,0.001245,5.6e-05
0,-0.124619,-0.022721,-0.212223,-0.0161,-0.184034,0.010537,0.002175,0.000397
0,-0.115226,-0.095254,0.035721,-0.064164,0.017918,-0.028291,0.002011,0.001662
0,-0.087126,0.07491,0.011928,0.146179,-0.027829,0.13014,0.001521,0.001307
0,-0.129631,-0.110273,-0.036222,-0.197978,-0.081387,-0.198815,0.002262,0.001925
0,0.068433,-0.103215,0.171652,0.006101,0.180888,0.01451,0.001194,0.001801
0,0.13242,0.014112,0.041811,0.132388,0.032522,0.166898,0.002311,0.000246
0,-0.099751,-0.122581,-0.253829,-0.160221,-0.285568,-0.120477,0.001741,0.002139
0,0.05855,-0.173057,0.182474,-0.070763,0.169521,-0.114672,0.001022,0.00302
0,-0.114494,-0.027886,-0.194351,0.155919,-0.185446,0.155284,0.001998,0.000487
0,-0.170556,0.084567,-0.073038,0.107964,-0.031459,0.088974,0.002977,0.001476
0,-0.124094,-0.097609,0.036467,-0.16394,0.00293,-0.182096,0.002166,0.001704
0,0.064498,0.038155,0.178582,0.151065,0.195923,0.131848,0.001126,0.000666
0,-0.072043,-0.151377,-0.129884,-0.18678,-0.176427,-0.217808,0.001257,0.002642
0,0.013601,0.01735,0.077127,0.197801,0.098103,0.18793,0.000237,0.000303
0,0.025929,0.121788,0.028007,0.099694,0.047666,0.068243,0.000453,0.002126
0,-0.026063,0.025291,-0.051569,-0.110078,-0.050722,-0.157686,0.000455,0.000441
0,0.023089,-0.145531,0.047435,-0.160294,0.06557,-0.16856,0.000403,0.00254
0,0.11991,0.024014,0.10534,0.152344,0.093763,0.112141,0.002093,0.000419
0,0.156263,-0.045023,0.009543,-0.0882,0.057255,-0.07884,0.002727,0.000786
0,-0.045837,-0.059312,-0.212507,-0.029222,-0.236757,-0.02912,0.0008,0.001035
0,0.075856,0.087596,0.092571,0.147447,0.127383,0.11323,0.001324,0.001529
0,0.037268,0.087123,-0.03054,-0.016876,-0.028002,-0.028379,0.00065,0.001521
0,-0.093478,-0.176869,-0.122358,-0.25267,-0.11728,-0.225085,0.001632,0.003087
0,-0.037347,-0.114049,0.052174,0.070086,0.050222,0.039935,0.000652,0.001991
0,-0.102168,-0.078823,-0.080119,0.008418,-0.050496,0.031689,0.001783,0.001376
0,-0.103501,-0.130766,-0.017227,-0.075747,-0.011336,-0.091425,0.001806,0.002282
0,0.032201,-0.182232,0.155508,-0.073783,0.169192,-0.025652,0.000562,0.003181
0,0.057752,-0.118117,0.03033,0.060417,0.07551,0.012529,0.001008,0.002062
0,0.113986,0.02579,0.061315,0.148225,0.10739,0.126889,0.001989,0.00045
0,0.089635,0.098343,-0.049214,0.047623,-0.08382,0.081888,0.001564,0.001716
0,0.073865,-0.073501,-0.021746,-0.142366,-0.035109,-0.17051,0.001289,0.001283
0,-0.089336,0.151412,-0.165368,0.226835,-0.125834,0.242109,0.001559,0.002643
0,0.096123,0.065431,0.202882,-0.098394,0.218897,-0.080375,0.001678,0.001142
0,0.197716,0.037495,0.106488,-0.022452,0.134117,-0.066473,0.003451,0.000654
0,0.174201,-0.001932,-0.022367,-0.033923,-0.01125,-0.057447,0.00304,3.4e-05
0,0.06342,0.114789,-0.09813,0.137832,-0.087457,0.093796,0.001107,0.002003
0,-0.084016,0.114162,-0.163669,-0.00295,-0.122448,0.038161,0.001466,0.001993
0,-0.057364,-0.079957,0.048832,-0.212881,0.092696,-0.226093,0.001001,0.001396
0,-0.040486,0.142484,0.038173,0.205098,0.076516,0.246097,0.000707,0.002487
0,0.035315,-0.085641,0.075034,-0.204871,0.031097,-0.210045,0.000616,0.001495
0,0.138351,0.066198,0.110517,0.147932,0.107848,0.149924,0.002415,0.001155
0,-0.141771,-0.070493,-0.289316,-0.107574,-0.272617,-0.067058,0.002474,0.00123
0,0.051978,-0.002136,0.213453,0.043904,0.248979,0.072543,0.000907,3.7e-05
0,0.140441,-0.016278,0.063639,0.014802,0.103404,0.036321,0.002451,0.000284
0,-0.045729,0.049545,-0.184085,0.056447,-0.187195,0.087632,0.000798,0.000865
0,-0.027562,0.128765,0.002501,0.057906,-0.034939,0.010057,0.000481,0.002247
0,-0.081928,0.027201,-0.072522,-0.102984,-0.072888,-0.128228,0.00143,0.000475
0,-0.038143,0.005149,0.052992,-0.037134,0.02765,-0.041425,0.000666,9e-05
0,-0.186467,-0.054117,-0.146057,-0.048962,-0.144021,-0.096797,0.003254,0.000945
0,-0.188799,0.054899,0.025668,0.099422,0.054184,0.123592,0.003295,0.000958
0,-0.157157,0.016747,0.008782,-0.061094,0.010941,-0.042232,0.002743,0.000292
0,-0.154704,0.095451,0.023977,0.050508,-0.025716,0.025791,0.0027,0.001666
0,-0.067484,0.133346,0.078537,0.020629,0.068192,0.03243,0.001178,0.002327
0,0.018089,-0.138094,0.064549,-0.253602,0.060323,-0.254402,0.000316,0.00241
0,-0.074228,0.12919,-0.10499,0.270114,-0.080401,0.227394,0.001296,0.002255
0,-0.0056,0.051332,0.077506,-0.091018,0.050304,-0.119289,9.8e-05,0.000896
0,0.08066,-0.078047,0.113817,-0.145873,0.103164,-0.10785,0.001408,0.001362
0,0.079574,0.086134,0.014456,0.19026,-0.007045,0.151419,0.001389,0.001503
0,0.045712,0.001165,-0.022381,-0.100337,0.026977,-0.101164,0.000798,2e-05
0,0.189935,-0.187561,0.147031,-0.188041,0.111984,-0.169307,0.003315,0.003274
0,0.17237,-0.085164,-0.029217,0.1315,-0.067692,0.084173,0.003008,0.001486
0,-0.026996,-0.063313,-0.183537,0.039046,-0.147879,0.051354,0.000471,0.001105
0,0.120949,-0.152613,0.168352,-0.113126,0.178907,-0.104734,0.002111,0.002664
0,0.029123,-0.023244,-0.072451,0.109147,-0.113495,0.139058,0.000508,0.000406
0,0.149406,0.033564,0.095443,0.08155,0.101006,0.060304,0.002608,0.000586
0,-0.008831,-0.165284,-0.185385,-0.223091,-0.183082,-0.229347,0.000154,0.002885
0,-0.016545,0.077051,-0.006226,0.264161,-0.026968,0.228221,0.000289,0.001345
0,0.050293,0.07649,0.061932,-0.004526,0.084341,0.020456,0.000878,0.001335
0,0.120439,-0.073737,0.099579,-0.163348,0.101387,-0.16079,0.002102,0.001287
0,0.140861,0.001254,0.021328,0.055988,0.057244,0.017361,0.002458,2.2e-05
0,-0.086494,0.006131,-0.228504,-0.022082,-0.197726,0.006233,0.00151,0.000107
0,0.062056,-0.04649,0.144365,-0.040695,0.170069,-0.006039,0.001083,0.000811
0,0.138091,-0.115448,0.066216,-0.091573,0.093675,-0.085045,0.00241,0.002015
0,-0.061774,0.032362,-0.204935,0.150548,-0.186695,0.189852,0.001078,0.000565
0,0.066124,-0.150137,0.115445,-0.183171,0.068707,-0.192687,0.001154,0.00262
0,0.166363,-0.130118,0.123894,0.033598,0.135765,0.0424,0.002904,0.002271
0,-0.041035,-0.040636,-0.178002,0.10677,-0.199753,0.130892,0.000716,0.000709
0,-0.032512,0.026284,0.012091,0.055569,0.008213,0.013987,0.000567,0.000459
0,0.085977,-0.080245,0.14724,-0.10578,0.117843,-0.098944,0.001501,0.001401
0,0.110427,-0.124744,-0.000878,-0.064136,-0.010863,-0.102238,0.001927,0.002177
0,0.075058,0.140154,-0.034508,0.273195,-0.064471,0.257434,0.00131,0.002446
0,0.171748,0.15022,0.084871,-0.002315,0.043595,0.044798,0.002998,0.002622
0,-0.064663,-0.045405,-0.263959,-0.179452,-0.222355,-0.150382,0.001129,0.000792
0,0.131777,-0.128325,0.193437,-0.093239,0.231295,-0.066094,0.0023,0.00224
0,0.12896,-0.082469,-0.00424,0.058684,0.01992,0.032415,0.002251,0.001439
0,0.093084,-0.135697,-0.042198,-0.065755,-0.024118,-0.018288,0.001625,0.002368
0,0.16038,-0.075919,0.053085,0.082445,0.101386,0.054472,0.002799,0.001325
0,0.016453,-0.086304,-0.13449,-0.003239,-0.09213,-0.023278,0.000287,0.001506
0,-0.04315,-0.035591,-0.0618,0.039545,-0.081575,0.076488,0.000753,0.000621
0,0.124262,-0.166033,0.149134,-0.110878,0.165441,-0.087492,0.002169,0.002898
0,-0.089268,-0.009844,-0.192307,0.14068,-0.176468,0.178502,0.001558,0.000172
0,-0.019656,-0.078385,0.06408,-0.063021,0.050636,-0.039545,0.000343,0.001368
0,0.143961,0.050186,0.180883,0.125843,0.168226,0.168384,0.002513,0.000876
0,0.068435,0.042138,-0.086373,-0.018774,-0.1055,-0.02993,0.001194,0.000735
0,-0.115212,0.091593,-0.182983,0.045733,-0.187858,0.088096,0.002011,0.001599
0,-0.017225,0.03798,0.081765,-0.043937,0.101337,-0.084358,0.000301,0.000663
0,0.092997,-0.123014,0.130067,-0.186705,0.090738,-0.203928,0.001623,0.002147
0,0.07496,-0.114755,-0.038883,-0.006426,-0.072241,-0.020291,0.001308,0.002003
0,0.053665,-0.036086,-0.033538,0.04992,0.000562,0.033639,0.000937,0.00063
0,0.210521,-0.109656,0.156604,-0.081817,0.182222,-0.043799,0.003674,0.001914
0,0.208148,0.107742,0.006174,0.216568,0.016046,0.204268,0.003633,0.00188
0,0.151504,-0.126203,-0.043414,-0.229993,0.000576,-0.247212,0.002644,0.002203
0,0.163556,-0.046261,0.001429,0.106704,0.016188,0.106037,0.002855,0.000807
0,0.02119,-0.107244,-0.150078,-0.03595,-0.172225,-0.029545,0.00037,0.001872
0,0.080628,0.002343,0.029792,0.112658,-0.007067,0.088152,0.001407,4.1e-05
0,0.092321,-0.075191,0.023677,-0.066608,0.01085,-0.065254,0.001611,0.001312
0,0.157186,0.092486,0.049451,0.182647,0.039022,0.169571,0.002743,0.001614
0,0.156788,-0.00626,-0.021646,-0.105958,-0.010968,-0.089768,0.002736,0.000109
0,0.099906,0.151234,-0.072519,0.173699,-0.023722,0.217286,0.001744,0.00264
0,0.180709,0.171798,0.081327,0.019547,0.107167,0.021571,0.003154,0.002998
0,-0.008831,0.003858,-0.194066,-0.153908,-0.154253,-0.156372,0.000154,6.7e-05
0,0.1666,0.154501,0.162975,0.178932,0.177611,0.209417,0.002908,0.002697
0,-0.017364,-0.055038,-0.191793,-0.225392,-0.174777,-0.270323,0.000303,0.000961
0,-0.149709,0.096125,-0.125043,0.149758,-0.077224,0.144939,0.002613,0.001678
0,-0.128269,0.109407,0.037692,-0.001169,0.014751,-0.003125,0.002239,0.00191
0,0.071947,0.005477,0.217988,-0.099764,0.263272,-0.134467,0.001256,9.6e-05
0,0.047274,-0.126757,-0.050415,-0.114674,-0.034571,-0.09144,0.000825,0.002212
0,0.040591,-0.006208,-0.028769,0.115422,-0.027251,0.133907,0.000708,0.000108
0,0.043841,0.060484,-0.026175,0.04913,-0.022298,0.011763,0.000765,0.001056
0,-0.064855,-0.013912,-0.112942,-0.101434,-0.07348,-0.151376,0.001132,0.000243
0,0.042973,-0.112111,0.079456,-0.086892,0.087495,-0.065683,0.00075,0.001957
0,0.066884,-0.054782,0.016016,0.039479,0.041351,0.039199,0.001167,0.000956
0,0.146501,0.134962,0.076999,0.160398,0.035966,0.133968,0.002557,0.002356
0,0.187689,-0.134335,0.04742,-0.240415,0.046336,-0.246459,0.003276,0.002345
0,-0.006633,-0.002582,-0.220337,0.112434,-0.175151,0.099778,0.000116,4.5e-05
0,0.117586,0.032027,0.096625,0.012336,0.078199,0.045777,0.002052,0.000559
0,0.062831,0.126651,-0.071833,0.088276,-0.03917,0.124152,0.001097,0.00221
0,1.536787,-0.087473,1.499959,-0.198021,1.53053,-0.212372,0.003368,0.001527
0,2.625706,-0.038055,1.093601,0.041152,1.058617,0.015437,0.00108,0.000664
0,3.447762,-0.330538,0.831613,-0.315693,0.867612,-0.30111,0.002368,0.002049
0,3.971948,-0.189894,0.534409,0.143365,0.56324,0.134332,0.001037,0.003314
0,3.168326,-0.311669,-0.792605,-0.100986,-0.765694,-0.109617,0.000573,0.002378
0,2.086451,-0.166348,-1.078726,0.152157,-1.100001,0.108929,0.002674,0.002903
0,1.712666,-0.135681,-0.35808,0.047636,-0.378352,0.045579,0.00138,0.002368
0,1.348403,-0.076043,-0.366036,0.057207,-0.407238,0.011917,8e-05,0.001327
0,0.783434,-0.042199,-0.537184,0.017855,-0.542518,0.06521,0.001962,0.000737
0,0.495582,-0.094697,-0.269613,-0.063982,-0.279107,-0.016214,0.000832,0.001653
0,0.069429,-0.107031,-0.449881,-0.027529,-0.450913,-0.028737,0.001212,0.001868
0,0.095732,-0.037051,0.020346,0.067895,-0.003836,0.074017,0.001671,0.000647
0,-0.225365,-0.076383,-0.30047,-0.018546,-0.33439,0.000292,0.003885,0.001333
0,-0.281782,-0.207651,-0.043253,-0.141179,0.004044,-0.161902,0.0029,0.003624
0,-0.133365,-0.245121,0.130955,-0.02885,0.12167,-0.023961,0.002328,0.00354
0,-0.196756,0.008692,-0.04654,0.234237,0.000705,0.23481,0.003434,0.000152
0,-0.022711,0.063249,0.192961,0.050517,0.190883,0.016185,0.000396,0.001104
0,-0.188811,-0.119667,-0.143937,-0.207294,-0.096272,-0.19391,0.003295,0.002089
0,-0.117431,-0.007287,0.0644,0.142247,0.101921,0.126895,0.00205,0.000127
0,-0.061138,-0.063647,0.075548,-0.044911,0.045998,-0.084965,0.001067,0.001111
0,0.034996,-0.105288,0.125403,-0.031102,0.098309,-0.061973,0.000611,0.001838
0,-0.095662,-0.03961,-0.102847,0.070455,-0.146128,0.042396,0.00167,0.000691
0,0.000803,-0.073356,0.108576,-0.023383,0.146798,0.004316,1.4e-05,0.00128
0,-0.120816,-0.164926,-0.097608,-0.115008,-0.107496,-0.111848,0.002109,0.002879
0,-0.154381,0.072969,-0.024514,0.208664,-0.010391,0.198011,0.002694,0.001274
0,-0.065671,-0.125704,0.111884,-0.22531,0.096565,-0.189129,0.001146,0.002194
0,0.077244,-0.11562,0.134707,0.03092,0.179108,0.077969,0.001348,0.002018
0,-0.180577,-0.031319,-0.23084,0.060136,-0.259831,0.016036,0.003152,0.000547
0,-0.00626,-0.039817,0.171743,0.018175,0.200111,0.020516,0.000109,0.000695
0,-0.187585,-0.15067,-0.199904,-0.118738,-0.203933,-0.097896,0.003274,0.00263
0,0.012915,-0.185121,0.177565,-0.030546,0.1808,-0.066536,0.000225,0.003231
0,0.043065,0.025787,0.056874,0.198821,0.069241,0.226552,0.000752,0.00045
0,-0.123704,0.053473,-0.146453,0.003015,-0.132376,0.02281,0.002159,0.000933
0,-0.087078,0.110325,0.025412,0.038568,0.062557,0.030784,0.00152,0.001926
0,-0.017458,0.089675,0.093148,-0.026839,0.080672,-0.021698,0.000305,0.001565
0,-0.052788,-0.068451,-0.018418,-0.184487,-0.008442,-0.205278,0.000921,0.001195
0,-0.139684,0.083637,-0.105498,0.176052,-0.132704,0.159958,0.002438,0.00146
0,-0.007601,-0.093749,0.104941,-0.15465,0.134052,-0.203339,0.000133,0.001636
0,0.037352,-0.109993,0.031417,0.004676,0.071302,-0.030106,0.000652,0.00192
0,-0.242228,0.059704,-0.301791,0.17936,-0.278972,0.186921,0.00359,0.001042
0,-0.16776,0.025681,0.086716,-0.037555,0.051317,-0.078759,0.002928,0.000448
0,-0.205942,0.097899,-0.053259,0.066103,-0.020195,0.059703,0.003594,0.001709
0,-0.058306,-0.008231,0.161354,-0.112363,0.179852,-0.082554,0.001018,0.000144
0,0.056876,-0.050937,0.126209,-0.019463,0.141385,-0.050604,0.000993,0.000889
0,-0.009653,-0.056633,-0.053541,0.007941,-0.061137,0.003987,0.000168,0.000988
0,-0.08724,-0.009883,-0.087433,0.019742,-0.130224,-0.022914,0.001523,0.000172
0,0.098667,-0.053328,0.193457,-0.021458,0.155952,-0.048198,0.001722,0.000931
0,0.002261,-0.002087,-0.080368,0.081198,-0.13002,0.069094,3.9e-05,3.6e-05
0,-0.077112,-0.095062,-0.09565,-0.11882,-0.068138,-0.102524,0.001346,0.001659
0,0.001069,0.075703,0.092109,0.174337,0.05978,0.128315,1.9e-05,0.001321
0,0.070131,-0.16042,0.061448,-0.264632,0.094477,-0.271405,0.001224,0.0028
0,0.130258,-0.11059,0.082465,0.068694,0.103046,0.028375,0.002273,0.00193
0,0.0624,0.028981,-0.066512,0.12137,-0.090449,0.11657,0.001089,0.000506
0,0.074101,-0.008233,-0.001799,-0.066663,0.025237,-0.116019,0.001293,0.000144
0,-0.183677,-0.084729,-0.269895,-0.069171,-0.228994,-0.082894,0.003206,0.001479
0,-0.123921,-0.037387,0.088717,0.043269,0.061006,0.042967,0.002163,0.000653
0,0.052056,-0.07378,0.192406,-0.034984,0.148906,-0.043666,0.000909,0.001288
0,-0.029539,0.058073,-0.110551,0.138934,-0.087496,0.155342,0.000516,0.001014
0,-0.028583,-0.06298,0.011832,-0.10725,0.039662,-0.078994,0.000499,0.001099
0,-0.181396,-0.018872,-0.134182,0.018155,-0.108725,0.011094,0.003166,0.000329
0,-0.040584,-0.055297,0.132278,-0.020087,0.089881,-0.068759,0.000708,0.000965
0,-0.155125,0.075966,-0.111891,0.10233,-0.123944,0.08541,0.002707,0.001326
0,0.075888,-0.186298,0.24494,-0.258203,0.25454,-0.230773,0.001324,0.003252
0,0.082675,0.013527,0.006797,0.224676,0.054846,0.208157,0.001443,0.000236
0,-0.025547,-0.073363,-0.09693,-0.114669,-0.075868,-0.130211,0.000446,0.00128
0,-0.069446,-0.069284,-0.07104,0.005222,-0.100938,-0.028356,0.001212,0.001209
0,0.051372,0.085806,0.132401,0.134308,0.118374,0.178212,0.000897,0.001498
0,-0.114736,-0.111225,-0.153194,-0.182135,-0.125846,-0.20663,0.002003,0.001941
0,0.036747,0.035467,0.132823,0.157948,0.098173,0.148145,0.000641,0.000619
0,0.130018,0.055586,0.085741,0.024302,0.110471,0.054709,0.002269,0.00097
0,-0.094227,0.116742,-0.22252,0.070455,-0.236847,0.033779,0.001645,0.002038
0,0.198148,-0.122026,0.288201,-0.23166,0.303435,-0.265433,0.003458,0.00213
0,-0.061721,-0.019432,-0.277325,0.114628,-0.271979,0.161616,0.001077,0.000339
0,1.69254,0.745063,1.758048,0.777519,1.718102,0.758353,0.001731,0.002632
0,2.625606,1.163968,0.951092,0.409252,0.951491,0.412867,0.001082,0.003139
0,3.845483,1.261488,1.227262,0.106865,1.221341,0.085974,0.003245,0.001437
0,4.84,1.291975,1.008061,0.032347,0.981145,0.032779,0.001523,0.000904
0,3.869889,1.13804,-0.996837,-0.176607,-0.96213,-0.180477,0.002819,0.003591
0,3.841907,0.607741,-0.029667,-0.557775,-0.070099,-0.594978,0.003307,0.002789
0,2.658579,0.440889,-1.172904,-0.168259,-1.201808,-0.152739,0.000506,0.000123
0,2.989287,0.185021,0.335845,-0.265777,0.381114,-0.22343,0.002552,0.003229
0,2.659748,-0.011827,-0.315753,-0.198933,-0.36042,-0.242144,0.000486,0.000206
0,1.976035,-0.230178,-0.689881,-0.196108,-0.658193,-0.189356,0.003217,0.003801
0,1.743407,-0.439788,-0.209654,-0.203902,-0.212013,-0.154988,0.000843,0.000142
0,1.033583,-0.392424,-0.697389,0.03767,-0.71711,-0.007417,0.002404,0.000969
0,0.666006,-0.184979,-0.33964,0.222212,-0.300427,0.252823,0.003806,0.003228
0,0.591009,-0.347362,-0.082039,-0.162931,-0.06329,-0.192163,0.002497,0.001755
0,0.360392,-0.199102,-0.234779,0.145408,-0.277165,0.147381,0.001528,0.003475
0,0.196793,-0.043714,-0.140515,0.177994,-0.141816,0.163935,0.003435,0.000763
0,0.00106,-0.129219,-0.172995,-0.077978,-0.186728,-0.030901,1.9e-05,0.002255
0,-0.120708,-0.212626,-0.093182,-0.080626,-0.127073,-0.1073,0.002107,0.003711
0,-0.335519,-0.052834,-0.212711,0.179485,-0.243071,0.224751,0.001962,0.000922
0,-0.180114,-0.189957,0.18264,-0.163251,0.161892,-0.14982,0.003144,0.003315
0,-0.204712,-0.149159,-0.014802,0.01675,-0.040899,0.029298,0.003573,0.002603
0,-0.337464,0.02109,-0.159091,0.16013,-0.207008,0.162831,0.001928,0.000368
0,-0.044811,-0.112112,0.278313,-0.118898,0.299049,-0.075049,0.000782,0.001957
0,-0.049645,-0.067965,-0.011988,0.024011,-0.05036,-0.008645,0.000866,0.001186
0,-0.047596,-0.167832,0.01836,-0.079308,0.021108,-0.116256,0.000831,0.002929
0,0.000268,-0.026633,0.038903,0.159992,0.069426,0.134548,5e-06,0.000465
0,-0.004587,0.010391,0.024612,0.021332,0.005446,0.04674,8e-05,0.000181
0,-0.156482,-0.095455,-0.144759,-0.12971,-0.12739,-0.146667,0.002731,0.001666
0,-0.1616,-0.209494,-0.016256,-0.121335,-0.015915,-0.083757,0.00282,0.003656
0,-0.163313,-0.047334,0.003947,0.161088,-0.020027,0.129782,0.00285,0.000826
0,-0.014623,0.051879,0.158979,0.110797,0.19606,0.129278,0.000255,0.000905
0,-0.180775,-0.036939,-0.161463,-0.084383,-0.182046,-0.105232,0.003155,0.000645
0,-0.209901,-0.094186,-0.008371,-0.073362,0.008568,-0.055903,0.003663,0.001644
0,-0.063338,-0.077145,0.125851,0.039559,0.165989,0.059148,0.001105,0.001346
0,-0.084744,0.00049,-0.004045,0.058064,-0.041861,0.100562,0.001479,9e-06
0,-0.172591,-0.206835,-0.097761,-0.184499,-0.105737,-0.1409,0.003012,0.00361
0,0.011308,-0.029734,0.187217,0.181583,0.176829,0.193758,0.000197,0.000519
0,0.031932,-0.103662,0.004222,-0.081214,-0.011303,-0.105383,0.000557,0.001809
0,0.15649,-0.003637,0.135942,0.095654,0.089592,0.144103,0.002731,6.3e-05
0,0.10729,-0.175489,-0.055909,-0.183759,-0.019292,-0.150573,0.001873,0.003063
0,-0.136143,-0.021809,-0.272934,0.170715,-0.234427,0.166922,0.002376,0.000381
0,-0.075908,-0.114456,0.074148,-0.084611,0.02639,-0.132744,0.001325,0.001998
0,-0.097319,-0.135778,-0.011033,0.004757,0.03829,-0.026818,0.001699,0.00237
0,-0.169071,-0.149965,-0.050904,-0.034627,-0.015095,-0.014336,0.002951,0.002617
0,-0.146409,0.003882,0.045754,0.137735,0.075955,0.12401,0.002555,6.8e-05
0,-0.12586,-0.046747,-0.004103,-0.045584,0.016374,-0.0529,0.002197,0.000816
0,0.017397,-0.230682,0.162583,-0.159947,0.189389,-0.19081,0.000304,0.003792
0,-0.235177,-0.19932,-0.258819,0.044834,-0.227146,0.055511,0.003713,0.003479
0,-0.270813,-0.212515,-0.04435,0.005777,-0.000124,-0.009194,0.003091,0.003709
0,-0.050821,-0.028282,0.241114,0.157662,0.285676,0.150312,0.000887,0.000494
0,0.032552,-0.207271,0.102276,-0.182419,0.063022,-0.177485,0.000568,0.003618
0,-0.05372,0.045795,-0.090943,0.238077,-0.044897,0.285645,0.000938,0.000799
0,-0.037213,0.032677,-0.007477,-0.007023,0.00677,0.009629,0.000649,0.00057
0,-0.08499,0.072559,-0.057911,0.03761,-0.024194,0.05183,0.001483,0.001266
0,-0.007302,0.00111,0.06263,-0.065037,0.032711,-0.098557,0.000127,1.9e-05
0,-0.094135,0.018175,-0.112525,0.014974,-0.103722,0.052398,0.001643,0.000317
0,-0.156971,-0.169503,-0.057246,-0.209558,-0.105914,-0.213506,0.00274,0.002958
0,-0.142821,-0.118775,0.007241,0.022331,-0.007548,-0.013874,0.002493,0.002073
0,-0.107856,-0.15858,0.05033,-0.05863,0.00432,-0.09975,0.001882,0.002768
0,-0.030118,-0.023197,0.070676,0.121829,0.065966,0.084178,0.000526,0.000405
0,-0.18781,-0.18517,-0.175191,-0.167871,-0.131883,-0.163929,0.003278,0.003232
0,0.041206,-0.152917,0.242631,0.053522,0.244846,0.026129,0.000719,0.002669
0,-0.093819,-0.153716,-0.10637,0.001812,-0.144103,-0.031928,0.001637,0.002683
0,-0.046694,0.072242,0.055659,0.212066,0.08122,0.207677,0.000815,0.001261
0,-0.241448,0.000787,-0.223481,-0.059691,-0.252536,-0.034466,0.003604,1.4e-05
0,-0.244171,-0.015665,0.008487,-0.013231,0.001276,-0.003125,0.003556,0.000273
0,-0.051727,0.004696,0.18206,0.020924,0.215998,0.019368,0.000903,8.2e-05
0,-0.069299,-0.047443,-0.045873,-0.048897,-0.057011,-0.069144,0.001209,0.000828
0,0.057315,-0.061394,0.105276,-0.013209,0.082448,-0.003829,0.001,0.001072
0,-0.159772,-0.017086,-0.219986,0.063117,-0.245176,0.076266,0.002789,0.000298
0,0.082553,-0.072319,0.242158,-0.084866,0.244112,-0.060172,0.001441,0.001262
0,-0.130093,-0.074177,-0.194615,0.000656,-0.217408,-0.018699,0.002271,0.001295
0,0.124159,0.119084,0.228298,0.174423,0.235641,0.188985,0.002167,0.002078
0,0.008545,-0.110945,-0.118839,-0.242007,-0.14561,-0.238512,0.000149,0.001936
0,-0.144763,0.11243,-0.178609,0.199058,-0.148786,0.210528,0.002527,0.001962
0,0.100332,-0.014896,0.267414,-0.120307,0.311275,-0.086838,0.001751,0.00026
0,-0.072566,0.050832,-0.179986,0.079396,-0.199235,0.090745,0.001267,0.000887
0,0.075482,-0.032979,0.132299,-0.066546,0.153176,-0.054739,0.001317,0.000576
0,0.044714,-0.110744,-0.004349,-0.076165,0.037267,-0.082322,0.00078,0.001933
0,0.091574,0.140857,0.075959,0.266715,0.110616,0.294546,0.001598,0.002458
0,-0.15805,0.015642,-0.258243,-0.095713,-0.217516,-0.056789,0.002758,0.000273
0,-0.016343,0.064583,0.142897,0.061943,0.118741,0.065478,0.000285,0.001127
0,-0.096514,-0.042366,-0.05928,-0.112527,-0.060755,-0.106659,0.001684,0.000739
0,0.026899,0.095987,0.128103,0.123213,0.100369,0.147945,0.000469,0.001675
0,-0.022894,0.150515,-0.046337,0.029196,-0.044433,-0.015869,0.0004,0.002627
0,-0.083475,-0.045345,-0.075931,-0.18216,-0.092777,-0.16629,0.001457,0.000791
0,-0.30207,-0.027391,-0.230947,0.019244,-0.184602,-0.003218,0.002546,0.000478
0,-0.053066,0.075252,0.265133,0.10801,0.220484,0.059286,0.000926,0.001313
0,-0.006118,-0.123856,0.072758,-0.184252,0.02534,-0.191872,0.000107,0.002162
0,-0.01454,-0.00968,0.017055,0.136805,0.046033,0.121286,0.000254,0.000169
0,-0.160705,-0.087217,-0.147164,-0.107409,-0.109163,-0.084258,0.002805,0.001522
0,-0.022904,-0.092286,0.109868,-0.020497,0.063529,0.019459,0.0004,0.001611
0,-0.170096,0.033903,-0.169946,0.11566,-0.178237,0.164458,0.002969,0.000592
0,-0.165705,0.012129,0.021011,-0.00721,0.054926,-0.007845,0.002892,0.000212
0,0.032626,0.089051,0.199727,0.0805,0.206674,0.104683,0.000569,0.001554
0,-0.203814,-0.070638,-0.231109,-0.169547,-0.21207,-0.171183,0.003557,0.001233
0,-0.033592,0.054796,0.173543,0.111027,0.198263,0.085743,0.000586,0.000956
0,-0.230933,-0.002647,-0.219436,-0.045662,-0.213233,-0.067021,0.003787,4.6e-05
0,0.029788,0.064026,0.269799,0.06951,0.307874,0.101082,0.00052,0.001117
0,-0.019001,0.01519,-0.056912,-0.069067,-0.100637,-0.114595,0.000332,0.000265
0,0.067345,-0.037308,0.087485,-0.051839,0.07145,-0.006482,0.001175,0.000651
0,0.791767,-0.109376,0.722635,-0.053364,0.747139,-0.040765,0.001817,0.001909
0,1.325587,-0.069382,0.534159,0.06378,0.56314,0.108334,0.000318,0.001211
0,1.94194,0.024674,0.629697,0.098445,0.633666,0.072002,0.002622,0.000431
0,1.793798,-0.004697,-0.13578,-0.000956,-0.090818,0.040584,3.6e-05,8.2e-05
0,1.349647,0.202289,-0.467197,0.194704,-0.449563,0.202207,0.000102,0.003531
0,1.379879,-0.037701,0.038207,-0.25122,0.059282,-0.28035,0.00063,0.000658
0,0.962516,-0.020779,-0.433337,0.019468,-0.389848,0.060561,0.001163,0.000363
0,0.634593,-0.003927,-0.314108,0.038746,-0.333498,0.056851,0.003258,6.9e-05
0,0.453822,0.13723,-0.16979,0.146419,-0.187143,0.101137,0.000103,0.002395
0,0.207548,-0.070298,-0.23311,-0.223967,-0.206602,-0.266829,0.003622,0.001227
0,-0.009898,0.048473,-0.216942,0.119563,-0.205277,0.07541,0.000173,0.000846
0,-0.08208,0.092829,-0.058435,0.073257,-0.09828,0.041914,0.001433,0.00162
0,-0.041259,0.183321,0.042043,0.077543,0.053423,0.085216,0.00072,0.0032
0,-0.082572,0.073895,-0.041602,-0.098342,-0.070009,-0.14697,0.001441,0.00129
0,-0.12075,-0.009007,-0.058826,-0.102924,-0.10864,-0.123062,0.002107,0.000157
0,-0.140167,0.116295,-0.018078,0.137064,-0.031124,0.180302,0.002446,0.00203
0,-0.040259,0.111869,0.079683,-0.014373,0.105708,-0.030685,0.000703,0.001952
0,-0.183159,0.037258,-0.166903,-0.07014,-0.132655,-0.06205,0.003197,0.00065
0,-0.078454,0.103481,0.120096,0.054553,0.159886,0.048537,0.001369,0.001806
0,-0.156127,0.187604,-0.054645,0.097015,-0.052914,0.11277,0.002725,0.003274
0,-0.020824,-0.001713,0.140183,-0.218421,0.103658,-0.240352,0.000363,3e-05
0,-0.111511,0.121221,-0.082978,0.136659,-0.08227,0.166202,0.001946,0.002116
0,-0.13293,0.086629,-0.015028,-0.059111,-0.010201,-0.092371,0.00232,0.001512
0,-0.159205,0.197508,-0.026261,0.121971,-0.059316,0.077013,0.002779,0.003447
0,-0.241408,0.048629,-0.081467,-0.120682,-0.036338,-0.102989,0.003605,0.000849
0,-0.22497,0.019142,0.026843,-0.009019,0.028192,-0.025624,0.003891,0.000334
0,-0.032534,0.124237,0.219446,0.081498,0.17166,0.055826,0.000568,0.002168
0,-0.028863,0.171588,-0.008004,0.045159,-0.05483,0.055441,0.000504,0.002995
0,1.51456,-0.058219,1.51988,-0.227412,1.472469,-0.192299,0.00298,0.001016
0,2.815963,-0.105666,1.296742,-0.020319,1.295785,-0.02208,0.002241,0.001844
0,2.508895,-0.005714,-0.303171,0.112268,-0.34075,0.156808,0.003119,0.0001
0,2.575995,-0.11015,0.068196,-0.128545,0.062347,-0.138616,0.001948,0.001922
0,2.05465,0.117288,-0.514125,0.216411,-0.494087,0.19151,0.003229,0.002047
0,1.824697,-0.111946,-0.210262,-0.215331,-0.2347,-0.191026,0.000575,0.001954
0,1.544566,-0.018683,-0.269733,0.121413,-0.279108,0.083093,0.003504,0.000326
0,1.039246,0.03025,-0.499197,0.057107,-0.462678,0.097563,0.002503,0.000528
0,0.81167,0.165465,-0.230459,0.164738,-0.187645,0.142163,0.001469,0.002888
0,0.220977,-0.063267,-0.584834,-0.209099,-0.625817,-0.224688,0.003857,0.001104
0,0.038379,0.120399,-0.178806,0.190804,-0.21211,0.21874,0.00067,0.002101
0,0.148733,0.143789,0.095297,0.009193,0.048882,0.056271,0.002596,0.00251
0,0.039972,0.044304,-0.081409,-0.118879,-0.099157,-0.114295,0.000698,0.000773
0,-0.180027,0.101604,-0.239806,0.062816,-0.233344,0.027752,0.003142,0.001773
0,-0.186613,-0.048396,0.000186,-0.15924,0.013125,-0.171426,0.003257,0.000845
0,-0.040715,-0.001159,0.125212,0.047624,0.105596,0.061102,0.000711,2e-05
0,-2.3031,-0.495478,-2.232956,-0.501707,-2.242154,-0.530606,0.001107,0.00083
0,-3.134655,-0.527763,-0.835972,-0.01831,-0.798828,-0.005213,1.5e-05,0.001393
0,-3.868566,-0.46858,-0.747379,0.049521,-0.765424,0.016304,0.002842,0.00036
0,-3.699531,-0.390608,0.186555,0.099031,0.193672,0.072714,0.002026,0.001
0,-3.573402,-0.373905,0.129833,0.025748,0.097027,0.050344,0.000175,0.001292
0,-2.706587,-0.417091,0.878511,-0.035934,0.887337,-0.068125,0.000332,0.000538
0,-1.98208,-0.366298,0.749066,0.080002,0.764437,0.075373,0.003322,0.001425
0,-1.657907,-0.296706,0.302274,0.06781,0.305701,0.082228,0.002336,0.002639
0,-0.712986,-0.037041,0.929898,0.285447,0.901276,0.279971,0.003192,0.000646
0,0.011749,-0.061746,0.747789,0.002978,0.755613,0.024825,0.000205,0.001078
0,0.264093,-0.101732,0.259425,-0.048972,0.292227,-0.016327,0.003209,0.001776
0,0.285435,-0.063259,0.022898,0.024361,0.062833,0.035061,0.002836,0.001104
0,0.383323,0.141916,0.068121,0.234158,0.041305,0.280802,0.001128,0.002477
0,0.259898,0.237316,-0.103111,0.082779,-0.079535,0.115733,0.003282,0.003676
0,0.426181,0.093682,0.169511,-0.144538,0.195763,-0.10714,0.00038,0.001635
0,0.162363,0.188171,-0.287347,0.103081,-0.307279,0.093447,0.002834,0.003284
0,0.142696,0.164451,0.009888,-0.051413,0.03283,-0.025874,0.002491,0.00287
0,0.301224,0.010341,0.184905,-0.161282,0.140088,-0.1892,0.002561,0.00018
0,-0.006555,-0.084943,-0.334905,-0.098267,-0.328626,-0.095169,0.000114,0.001483
0,0.02942,0.118377,0.06425,0.21906,0.099192,0.195934,0.000513,0.002066
0,0.179472,0.012686,0.139436,-0.083898,0.144242,-0.133695,0.003132,0.000221
0,0.183295,-0.051702,-0.010307,-0.062772,-0.044741,-0.019641,0.003199,0.000902
0,0.156616,-0.013484,-0.015886,0.012757,-0.006664,0.032706,0.002733,0.000235
0,0.001781,0.15275,-0.162972,0.157112,-0.158616,0.201231,3.1e-05,0.002666
0,0.160414,-0.009346,0.143389,-0.147732,0.132412,-0.115383,0.0028,0.000163
0,0.150862,0.000409,0.002988,-0.008604,-0.03289,-0.05701,0.002633,7e-06
0,0.083299,-0.101123,-0.074865,-0.072072,-0.039258,-0.082667,0.001454,0.001765
0,-0.039149,0.06985,-0.120734,0.191019,-0.104722,0.16994,0.000683,0.001219
0,0.133909,-0.04218,0.187836,-0.12262,0.149849,-0.135732,0.002337,0.000736
0,-0.060908,0.074707,-0.186986,0.098187,-0.185444,0.098818,0.001063,0.001304
0,0.002492,0.081722,0.072163,0.001513,0.119382,0.002543,4.3e-05,0.001426
0,0.087168,-0.12543,0.079704,-0.201392,0.041456,-0.154578,0.001521,0.002189
0,0.157944,-0.07163,0.094701,0.057914,0.059738,0.080938,0.002757,0.00125
0,0.063036,0.092007,-0.074954,0.138363,-0.115777,0.133144,0.0011,0.001606
0,0.034591,0.005726,-0.028807,-0.063708,-0.011944,-0.043757,0.000604,0.0001
0,-0.035932,0.143276,-0.043091,0.138761,-0.02,0.154272,0.000627,0.002501
0,1.6e-05,-0.00139,0.010274,-0.143666,0.01094,-0.113894,0.0,2.4e-05
0,0.15247,0.092373,0.156082,0.084008,0.195771,0.053045,0.002661,0.001612
0,0.011076,-0.13781,-0.164143,-0.218712,-0.153934,-0.227933,0.000193,0.002405
0,0.097845,-0.020276,0.098161,0.145763,0.105465,0.186849,0.001708,0.000354
0,-0.108157,0.000626,-0.185964,-0.005581,-0.226876,0.03224,0.001888,1.1e-05
0,0.198835,0.122567,0.283945,0.098197,0.310592,0.056183,0.00347,0.002139
0,-0.083889,-0.088486,-0.273214,-0.218821,-0.276312,-0.202092,0.001464,0.001544
0,0.070448,-0.083971,0.142558,-0.008172,0.122781,0.012846,0.00123,0.001466
0,0.041117,0.046789,-0.006773,0.141264,0.002834,0.181822,0.000718,0.000817
0,-0.03868,0.131912,-0.057496,0.078815,-0.023451,0.110007,0.000675,0.002302
0,-0.09025,0.139881,-0.03828,0.019389,-0.053555,-0.003413,0.001575,0.002441
0,0.044735,0.149582,0.107593,0.032229,0.073722,-0.014031,0.000781,0.002611
0,-0.021384,0.13951,-0.048723,0.007753,-0.031017,-0.030805,0.000373,0.002435
0,0.010558,-0.018838,0.018477,-0.172452,0.065523,-0.188038,0.000184,0.000329
0,-0.22237,0.083679,-0.219891,0.11831,-0.174045,0.123219,0.003881,0.00146
0,0.020612,-0.038813,0.238501,-0.10592,0.248746,-0.136389,0.00036,0.000677
0,-0.216945,0.16114,-0.213575,0.173339,-0.176488,0.205681,0.003786,0.002812
0,-0.133704,-0.025235,0.073111,-0.206554,0.031595,-0.183763,0.002334,0.00044
0,0.072484,-0.00918,0.180625,0.014877,0.159715,0.004924,0.001265,0.00016
0,-0.20084,-0.026053,-0.244699,-0.019515,-0.256207,-0.066864,0.003505,0.000455
0,-0.21938,0.095705,-0.019458,0.143618,-0.031811,0.160448,0.003829,0.00167
0,-0.149479,0.039953,0.083667,-0.069945,0.039877,-0.092948,0.002609,0.000697
0,-0.216686,0.147564,-0.037266,0.07884,-0.056548,0.115861,0.003782,0.002575
0,0.057416,0.122452,0.25115,-0.014122,0.274705,-0.003553,0.001002,0.002137
0,0.035452,0.127466,-0.04829,0.00433,-0.019584,0.022796,0.000619,0.002225
0,-0.068639,-0.014418,-0.120407,-0.167895,-0.168939,-0.145212,0.001198,0.000252
0,-0.046705,0.151051,0.013164,0.189409,0.062949,0.235751,0.000815,0.002636
0,-0.22351,0.170351,-0.205179,0.008627,-0.234074,-0.006481,0.003901,0.002973
0,-0.025969,0.090689,0.214079,-0.080982,0.234445,-0.085562,0.000453,0.001583
0,-0.184049,0.028008,-0.162743,-0.055924,-0.20968,-0.005995,0.003212,0.000489
0,-0.154766,0.060233,0.024405,0.044291,0.018576,0.072747,0.002701,0.001051
0,-0.143187,0.051448,0.005122,0.010777,-0.017519,0.043112,0.002499,0.000898
0,-0.042897,0.01391,0.091337,-0.047016,0.059156,-0.084654,0.000749,0.000243
0,-0.074237,0.190042,-0.050374,0.162405,-0.011576,0.161084,0.001296,0.003317
0,0.693602,0.888543,0.770134,0.686687,0.745808,0.640975,0.00353,0.000128
0,1.02741,1.87161,0.310814,1.012579,0.264373,0.971484,0.002296,0.001394
0,1.242915,1.933485,0.235321,0.080456,0.259139,0.062525,0.001761,0.002474
0,0.939217,2.172545,-0.285049,0.248053,-0.302809,0.232708,0.000757,0.001171
0,1.008367,1.458499,0.062445,-0.686851,0.045705,-0.693858,0.001964,0.002002
0,0.823486,1.267863,-0.183897,-0.207429,-0.189516,-0.234231,0.001263,0.001325
0,0.858347,1.029801,0.024952,-0.21468,0.044496,-0.167537,0.000655,0.002338
0,0.608947,0.943786,-0.271515,-0.085913,-0.291338,-0.070674,0.00281,0.000836
0,0.69134,0.684521,0.062206,-0.284855,0.017484,-0.244651,0.00357,0.003689
0,0.38554,0.249664,-0.309113,-0.411072,-0.295351,-0.441035,0.001089,0.00346
0,0.301039,0.176637,-0.066524,-0.065466,-0.040276,-0.065274,0.002564,0.003083
0,0.137295,-0.008732,-0.149937,-0.156362,-0.181709,-0.110791,0.002396,0.000152
0,0.134584,-0.155864,0.021204,-0.1609,-0.009783,-0.123816,0.002349,0.00272
0,-0.065497,-0.032647,-0.184264,0.124594,-0.17788,0.144065,0.001143,0.00057
0,0.129226,-0.150698,0.176761,-0.142003,0.150407,-0.174587,0.002255,0.00263
0,0.119716,-0.177238,0.014368,-0.0277,0.038218,0.021223,0.002089,0.003093
0,-0.129169,-0.295952,-0.247012,-0.10035,-0.250138,-0.079438,0.002254,0.002653
0,-0.155874,-0.337534,-0.053078,-0.055273,-0.010236,-0.071798,0.002721,0.001927
0,0.041855,-0.126358,0.18893,0.213819,0.161919,0.237481,0.000731,0.002205
0,-0.012434,-0.312025,-0.07163,-0.159125,-0.046226,-0.111336,0.000217,0.002372
0,-0.120437,-0.152238,-0.137822,0.142111,-0.139073,0.188009,0.002102,0.002657
0,-0.027585,-0.088625,0.100969,0.070031,0.05703,0.031293,0.000481,0.001547
0,0.200775,-0.147175,0.243956,-0.029253,0.22609,-0.00189,0.003504,0.002569
0,-0.11266,-0.146274,-0.34267,0.017787,-0.301741,0.023839,0.001966,0.002553
0,0.053975,-0.225618,0.139735,-0.056646,0.154577,-0.060095,0.000942,0.00388
0,0.119638,-0.101194,0.057512,0.098288,0.03023,0.1266,0.002088,0.001766
0,0.140877,0.011657,0.022686,0.092585,0.060677,0.086651,0.002459,0.000203
0,0.169849,-0.204334,0.011284,-0.220023,0.037426,-0.200411,0.002964,0.003566
0,0.176007,-0.056563,0.018258,0.149855,-0.022438,0.159872,0.003072,0.000987
0,0.137606,-0.18571,-0.03124,-0.132926,-0.068894,-0.087741,0.002402,0.003241
0,0.01024,-0.096876,-0.145947,0.065582,-0.138537,0.031856,0.000179,0.001691
0,0.135672,-0.157147,0.122022,-0.039309,0.145881,-0.073727,0.002368,0.002743
0,0.097515,0.069668,-0.057982,0.248637,-0.078497,0.240134,0.001702,0.001216
0,0.079879,0.073585,0.006557,-0.010227,0.020597,0.002781,0.001394,0.001284
0,0.042059,-0.15352,-0.033716,-0.234039,-0.055657,-0.267373,0.000734,0.002679
0,0.169274,-0.013329,0.153324,0.132832,0.145431,0.181664,0.002954,0.000233
0,0.120359,0.035636,-0.061951,0.061802,-0.0554,0.076285,0.002101,0.000622
0,0.049891,-0.155978,-0.095029,-0.176316,-0.102608,-0.180026,0.000871,0.002722
0,0.167041,0.023251,0.096742,0.203287,0.11899,0.221827,0.002915,0.000406
0,0.005346,-0.000973,-0.189085,-0.019896,-0.152137,0.011171,9.3e-05,1.7e-05
0,0.076805,-0.100848,0.077074,-0.119318,0.066687,-0.111188,0.00134,0.00176
0,0.300059,0.135071,0.212749,0.245451,0.171121,0.25865,0.002581,0.002357
0,0.278094,0.080424,-0.02001,-0.066628,0.026428,-0.080234,0.002964,0.001404
0,0.191261,0.038707,-0.105147,-0.015692,-0.072338,-0.0091,0.003338,0.000676
0,0.038741,0.152052,-0.143676,0.096189,-0.150284,0.122191,0.000676,0.002654
0,0.024425,-0.002947,-0.011528,-0.141337,-0.030176,-0.113419,0.000426,5.1e-05
0,0.160582,-0.038315,0.145649,-0.05939,0.133011,-0.098847,0.002803,0.000669
0,0.024408,-0.011259,-0.147581,0.023979,-0.121554,-0.006055,0.000426,0.000197
0,-0.002912,-0.095885,-0.005692,-0.108329,0.034381,-0.129568,5.1e-05,0.001674
0,0.049789,-0.120206,0.063644,-0.047217,0.046979,-0.002552,0.000869,0.002098
0,0.093078,0.100312,0.016982,0.198478,0.005937,0.192761,0.001625,0.001751
0,0.037869,-0.006869,-0.026827,-0.090132,-0.014331,-0.051689,0.000661,0.00012
0,-0.17052,-0.021897,-0.186406,-0.040599,-0.23171,0.007081,0.002976,0.000382
0,-0.080404,-0.085245,0.094634,-0.062936,0.045902,-0.088462,0.001403,0.001488
0,0.031571,-0.027685,0.12591,0.084171,0.138112,0.12868,0.000551,0.000483
0,0.068573,0.150369,0.058783,0.184913,0.014395,0.190489,0.001197,0.002624
0,-0.028035,0.104082,-0.099674,-0.056869,-0.145275,-0.02622,0.000489,0.001817
0,-0.128727,-0.132972,-0.07123,-0.213447,-0.055286,-0.222856,0.002247,0.002321
0,0.005369,0.066676,0.105095,0.179818,0.05625,0.203242,9.4e-05,0.001164
0,-0.095124,0.115621,-0.086165,0.019052,-0.120559,0.011753,0.00166,0.002018
0,-0.155029,0.111824,-0.04484,-0.011517,-0.086012,0.012524,0.002706,0.001952
0,-0.040066,-0.070552,0.119903,-0.189468,0.126887,-0.212706,0.000699,0.001231
0,0.184454,-0.030258,0.196297,0.028234,0.158169,0.041168,0.003219,0.000528
0,0.005572,0.040198,-0.157126,0.06755,-0.145431,0.079456,9.7e-05,0.000702
0,0.190555,0.069525,0.211745,0.009411,0.207553,0.017371,0.003326,0.001213
0,0.063578,0.065202,-0.097193,-0.013176,-0.067572,-0.022578,0.00111,0.001138
0,0.028659,-0.133336,-0.019639,-0.203803,0.003339,-0.206845,0.0005,0.002327
0,-0.062546,0.072686,-0.077509,0.226242,-0.053503,0.191534,0.001092,0.001269
0,0.161122,0.100157,0.229158,0.023017,0.180231,0.047737,0.002812,0.001748
0,0.066231,0.133458,-0.108865,0.017456,-0.091047,0.038565,0.001156,0.002329
0,-0.131505,0.017177,-0.173858,-0.101702,-0.152559,-0.13719,0.002295,0.0003
0,3.073897,-0.21417,3.230345,-0.206703,3.241509,-0.193667,0.001076,0.003738
0,4.408895,-0.654966,1.31374,-0.430017,1.333779,-0.416973,0.001229,0.003613
0,4.461195,-0.90152,0.03605,-0.248003,0.0302,-0.290577,0.000316,9.9e-05
0,3.772287,-1.310101,-0.681449,-0.41441,-0.727298,-0.431561,0.003296,0.000588
0,2.895886,-1.048821,-0.902066,0.231481,-0.908512,0.196783,0.003635,0.00267
0,1.978198,-1.152426,-0.914792,-0.098857,-0.903453,-0.146783,0.003255,0.00334
0,1.391376,-0.866173,-0.589424,0.29442,-0.556401,0.328392,0.00083,0.000518
0,0.802633,-0.73421,-0.592475,0.158333,-0.568588,0.190862,0.001627,0.002821
0,0.750945,-0.599985,-0.073848,0.139222,-0.040184,0.175205,0.002529,0.002654
0,0.235054,-0.423277,-0.528948,0.177505,-0.520332,0.160479,0.003715,0.00043
0,-0.133633,-0.46489,-0.349468,-0.03329,-0.300246,-0.039532,0.002332,0.000296
0,-0.367109,-0.441685,-0.261341,0.042674,-0.263572,0.034797,0.001411,0.000109
0,-0.204894,-0.248557,0.13407,0.197811,0.121915,0.209084,0.003576,0.00348
0,-0.497528,-0.117726,-0.278827,0.113437,-0.275797,0.14764,0.000866,0.002055
0,-0.543008,0.061385,-0.06982,0.203416,-0.082838,0.210871,0.001659,0.001071
0,-0.46088,0.139106,0.097205,0.103431,0.111678,0.111311,0.000226,0.002428
0,-0.349346,0.128358,0.09021,0.006113,0.110262,0.003092,0.001721,0.00224
0,-0.341248,0.260257,0.002511,0.154142,0.006128,0.111993,0.001862,0.003276
0,-0.166363,0.125772,0.190938,-0.149151,0.239177,-0.135712,0.002904,0.002195
0,0.042502,0.109663,0.20694,0.004744,0.170166,-0.000255,0.000742,0.001914
0,0.041939,0.076384,-0.015099,-0.023915,0.020034,0.004589,0.000732,0.001333
0,0.151498,0.120449,0.105781,0.017228,0.127964,-0.023197,0.002644,0.002102
0,0.135062,0.001461,-0.035434,-0.126395,-0.064674,-0.15495,0.002357,2.5e-05
0,0.106473,-0.099549,-0.010907,-0.089848,0.016292,-0.101385,0.001858,0.001737
0,-0.032839,0.110817,-0.135408,0.229955,-0.126766,0.1822,0.000573,0.001934
0,0.140353,0.063507,0.172238,-0.042276,0.139475,-0.043956,0.00245,0.001108
0,-0.088106,0.180582,-0.211989,0.135407,-0.237874,0.165683,0.001538,0.003152
0,0.019021,0.113035,0.105548,-0.06473,0.135383,-0.017482,0.000332,0.001973
0,0.071362,-0.063967,0.075658,-0.19481,0.081233,-0.214598,0.001246,0.001116
0,-0.084159,0.00294,-0.131189,0.084796,-0.179035,0.120159,0.001469,5.1e-05
0,-0.04448,0.09159,0.031968,0.089446,-0.005331,0.106392,0.000776,0.001599
0,-0.084573,0.089617,-0.046794,0.01727,-0.017164,0.007657,0.001476,0.001564
0,0.096435,0.153827,0.186845,0.053423,0.177565,0.090751,0.001683,0.002685
0,-0.029186,0.029277,-0.151199,-0.10595,-0.169007,-0.124595,0.000509,0.000511
0,-1.488798,-0.593104,-1.433927,-0.593579,-1.400226,-0.561805,0.002531,0.002534
0,-3.605427,-0.983172,-2.115382,-0.419577,-2.099594,-0.410159,0.000384,0.001524
0,-5.225887,-0.987344,-1.59808,-0.020985,-1.585887,-0.053348,0.002606,0.001597
0,-4.883784,-1.150172,0.329833,-0.156,0.297324,-0.135583,0.000759,0.003379
0,-4.140586,-0.768895,0.715323,0.396386,0.690045,0.385634,0.001906,0.002216
0,-2.974006,-0.616719,1.19106,0.150938,1.228646,0.141194,0.002819,0.002946
0,-2.34025,-0.50835,0.64145,0.09511,0.685066,0.094304,0.001756,0.001054
0,-2.139791,-0.31792,0.205689,0.163528,0.192575,0.119711,0.001743,0.002269
0,-1.345824,-0.162444,0.791297,0.141037,0.782327,0.17597,3.5e-05,0.002835
0,-0.854077,-0.020472,0.473083,0.123552,0.462284,0.155851,0.000729,0.000357
0,-0.91307,0.009189,-0.045919,0.036245,-0.06587,0.012112,0.0003,0.00016
0,-0.800578,-0.153068,0.095856,-0.186312,0.136328,-0.189234,0.001663,0.002672
0,-0.664118,0.045009,0.132972,0.206627,0.162404,0.240722,0.003773,0.000786
0,-0.795115,-0.155617,-0.145743,-0.175277,-0.185674,-0.135246,0.001758,0.002716
0,-0.809593,-0.18104,-0.030169,-0.018486,-0.024614,0.000878,0.001506,0.00316
0,-0.586553,-0.168248,0.215726,-0.003211,0.258327,-0.029763,0.002419,0.002936
0,0.99383,-1.491789,1.57565,-1.330284,1.601605,-1.307311,0.00171,0.002583
0,1.980503,-2.264933,1.010622,-0.750827,1.04346,-0.791841,0.003295,0.000441
0,2.469907,-2.28369,0.500321,-0.011633,0.505903,0.01785,0.003799,0.000769
0,4.022865,-1.933486,1.524672,0.365392,1.561343,0.386962,0.000149,0.002474
0,3.729368,-1.619585,-0.269418,0.318232,-0.233036,0.283816,0.002547,0.003004
0,3.193741,-1.183323,-0.519502,0.459472,-0.559793,0.451547,0.001016,0.002801
0,2.48086,-0.712847,-0.697125,0.447699,-0.727379,0.420426,0.003608,0.003194
0,2.013856,-0.498582,-0.470281,0.186506,-0.479537,0.174803,0.003877,0.000884
0,1.508721,-0.017246,-0.513039,0.471136,-0.466738,0.520539,0.002879,0.000301
0,1.082729,0.255595,-0.412922,0.266916,-0.457958,0.225919,0.003261,0.003357
0,0.868671,0.01062,-0.243738,-0.220347,-0.284746,-0.240164,0.000475,0.000185
0,0.274213,0.143071,-0.5661,0.16037,-0.608336,0.16735,0.003032,0.002497
0,0.035723,0.347443,-0.24575,0.193144,-0.261326,0.148379,0.000623,0.001754
0,0.022475,0.243283,-0.012298,-0.123043,-0.020111,-0.134652,0.000392,0.003572
0,-0.256885,0.190766,-0.260781,-0.058749,-0.303262,-0.050694,0.003334,0.003329
0,-0.447932,0.287472,-0.199378,0.123247,-0.191291,0.141516,0.0,0.002801
0,-0.454009,0.114029,-0.004306,-0.166724,-0.024749,-0.135419,0.000106,0.00199
0,-0.317659,0.070991,0.124651,-0.017781,0.094921,0.015067,0.002274,0.001239
0,-0.174256,-0.015833,0.162314,-0.093904,0.170322,-0.121833,0.003041,0.000276
0,-0.103828,-0.172027,0.092075,-0.172808,0.052783,-0.134934,0.001812,0.003002
0,-0.264391,-0.01934,-0.162719,0.145939,-0.199457,0.19513,0.003203,0.000338
0,-0.14614,-0.217092,0.129365,-0.19781,0.115706,-0.173962,0.002551,0.003789
0,-0.136859,0.064839,0.011052,0.290667,-0.014509,0.250562,0.002389,0.001132
0,0.019858,-0.147139,0.169137,-0.221112,0.190207,-0.206643,0.000347,0.002568
0,-0.139138,0.035343,-0.138247,0.199771,-0.139074,0.247118,0.002428,0.000617
0,-0.059985,-0.062435,0.075308,-0.101091,0.11027,-0.084822,0.001047,0.00109
0,0.05468,-0.15157,0.105539,-0.083998,0.119442,-0.104437,0.000954,0.002645
0,-0.02346,0.040673,-0.080438,0.213374,-0.096917,0.235391,0.000409,0.00071
0,-0.033029,-0.139556,0.006656,-0.15723,0.009647,-0.146405,0.000576,0.002436
0,-0.035276,-0.003398,0.026901,0.150297,-0.002265,0.187951,0.000616,5.9e-05
0,-0.0813,0.100214,-0.058711,0.089469,-0.025376,0.05797,0.001419,0.001749
0,0.036748,0.065257,0.139149,-0.056742,0.17125,-0.053276,0.000641,0.001139
0,-0.194118,0.051331,-0.253326,-0.026017,-0.294624,-0.056187,0.003388,0.000896
0,0.080595,0.047851,0.25499,0.0078,0.241624,0.023211,0.001407,0.000835
0,0.043346,-0.161081,-0.064674,-0.235461,-0.039023,-0.209829,0.000757,0.002811
0,0.01353,-0.191766,-0.017858,-0.034265,-0.01197,-0.014408,0.000236,0.003347
0,0.030658,0.057205,0.01789,0.244158,0.00421,0.196278,0.000535,0.000998
0,0.122534,-0.070724,0.114546,-0.123207,0.072053,-0.165793,0.002139,0.001234
0,-0.15545,-0.142217,-0.284848,-0.057701,-0.272217,-0.049093,0.002713,0.002482
0,-0.085152,0.078565,0.069261,0.197427,0.090192,0.220063,0.001486,0.001371
0,-0.069758,-0.171841,0.025046,-0.273151,-0.015832,-0.251659,0.001218,0.002999
0,0.050621,-0.025772,0.13325,0.132763,0.182798,0.098846,0.000884,0.00045
0,-0.217746,0.013768,-0.296003,0.058723,-0.258117,0.086886,0.0038,0.00024
0,0.002531,-0.030471,0.215425,-0.067029,0.259932,-0.052046,4.4e-05,0.000532
0,-0.020879,-0.173679,-0.049756,-0.166279,-0.031276,-0.183153,0.000364,0.003031
0,0.142532,-0.15317,0.185531,0.035845,0.162127,0.058676,0.002488,0.002673
0,-0.028706,-0.082635,-0.192864,0.057146,-0.235206,0.090862,0.000501,0.001442
0,0.049444,-0.101938,0.061084,-0.033769,0.045484,-0.041947,0.000863,0.001779
0,0.172429,-0.16959,0.110904,-0.052258,0.134172,-0.033502,0.003009,0.00296
0,-0.087282,-0.166765,-0.27843,0.01668,-0.309389,0.025876,0.001523,0.002911
0,-0.057595,-0.004681,0.010122,0.151748,-0.03038,0.199989,0.001005,8.2e-05
0,-0.119097,-0.235938,-0.051724,-0.248747,-0.065963,-0.205672,0.002079,0.0037
0,0.006355,-0.053561,0.125103,0.158214,0.139673,0.201608,0.000111,0.000935
0,0.007672,0.044484,0.013486,0.117538,0.043748,0.160156,0.000134,0.000776
0,0.091707,-0.082722,0.070163,-0.152194,0.096515,-0.147384,0.001601,0.001444
0,0.01535,-0.166567,-0.05608,-0.089503,-0.014894,-0.101362,0.000268,0.002907
0,0.010906,-0.097726,0.02516,0.067249,0.003237,0.092157,0.00019,0.001706
0,0.171407,-0.161222,0.177681,-0.044013,0.161455,-0.021664,0.002992,0.002814
0,0.083146,-0.165346,-0.070155,-0.023568,-0.064041,-0.015955,0.001451,0.002886
0,0.118176,-0.141775,0.005731,0.051999,0.040436,0.02327,0.002063,0.002474
0,-0.083291,-0.108156,-0.209193,0.037542,-0.166539,0.030538,0.001454,0.001888
0,0.064402,-0.190209,0.137316,-0.080051,0.185224,-0.093723,0.001124,0.00332
0,0.056092,-0.151054,-0.036028,0.038549,0.004723,0.069915,0.000979,0.002636
0,0.155978,-0.162954,0.077527,-0.002743,0.116323,-0.028618,0.002722,0.002844
0,0.102075,-0.016463,-0.043891,0.119816,-0.023654,0.14493,0.001782,0.000287
0,0.176465,-0.022444,0.059843,-0.022553,0.010981,0.011206,0.00308,0.000392
0,0.186707,0.006268,-0.008268,0.042263,-0.005775,0.001152,0.003259,0.000109
0,-0.023165,0.068548,-0.213017,0.056623,-0.22755,0.085198,0.000404,0.001196
0,0.129072,-0.017251,0.141658,-0.111552,0.149234,-0.122845,0.002253,0.000301
0,0.029566,-0.152559,-0.117861,-0.116559,-0.136759,-0.119247,0.000516,0.002663
0,0.198172,0.042954,0.192578,0.183407,0.17265,0.208974,0.003459,0.00075
0,0.145311,0.105532,-0.025317,0.055865,-0.049984,0.065213,0.002536,0.001842
0,0.04965,-0.088401,-0.070527,-0.176191,-0.049139,-0.208762,0.000867,0.001543
0,0.263887,-0.03223,0.201266,0.044663,0.184956,0.066799,0.003212,0.000563
0,0.206197,0.008764,-0.034857,0.024059,-0.0471,-0.023152,0.003599,0.000153
0,0.088385,0.018286,-0.129935,0.014369,-0.17727,0.030489,0.001543,0.000319
0,0.266916,0.072995,0.159006,0.056982,0.137849,0.03816,0.003159,0.001274
0,0.11603,-0.069845,-0.123784,-0.159571,-0.105157,-0.208736,0.002025,0.001219
0,0.308641,0.10744,0.164515,0.151269,0.211723,0.152169,0.002431,0.001875
0,0.175941,-0.040764,-0.138008,-0.154663,-0.123977,-0.184034,0.003071,0.000711
0,0.144896,-0.05562,-0.017475,-6.9e-05,-0.055231,-0.039724,0.002529,0.000971
0,0.31498,0.021514,0.149283,0.079698,0.187739,0.054314,0.00232,0.000375
0,0.243736,0.013179,-0.075186,0.000108,-0.034554,-0.006479,0.003564,0.00023
0,0.099772,-0.116228,-0.141132,-0.116023,-0.134477,-0.154099,0.001741,0.002029
0,0.245695,-0.02965,0.164671,0.101543,0.148085,0.053193,0.00353,0.000517
0,0.116084,-0.028236,-0.102086,-0.003729,-0.142708,-0.010047,0.002026,0.000493
0,0.276038,-0.017507,0.132481,0.028271,0.17528,0.065622,0.003,0.000306
0,0.33985,0.097936,0.092287,0.115772,0.056421,0.084425,0.001886,0.001709
0,0.223748,0.031684,-0.100964,-0.075871,-0.106143,-0.105292,0.003905,0.000553
0,0.077374,-0.13071,-0.119729,-0.139979,-0.160276,-0.092773,0.00135,0.002281
0,0.144546,-0.149619,0.092477,0.010865,0.118237,-0.037586,0.002523,0.002611
0,0.020164,0.040141,-0.151063,0.182475,-0.117882,0.21858,0.000352,0.000701
0,0.07735,0.151796,0.031011,0.106751,0.017491,0.139682,0.00135,0.002649
0,0.28621,0.04346,0.218807,-0.132837,0.223001,-0.138354,0.002823,0.000759
0,-0.008358,-0.074959,-0.288849,-0.11714,-0.337666,-0.149473,0.000146,0.001308
0,0.142877,-0.062365,0.159508,0.006878,0.205895,0.02421,0.002494,0.001088
0,0.103008,0.088542,-0.014454,0.143762,-0.012154,0.174493,0.001798,0.001545
0,0.342303,0.047232,0.250871,-0.052826,0.266844,-0.0966,0.001844,0.000824
0,0.08084,0.024801,-0.28057,-0.001678,-0.286487,-0.004131,0.001411,0.000433
0,0.157504,-0.120588,0.046681,-0.173183,0.034585,-0.201873,0.002749,0.002105
0,0.225034,-0.008568,0.061188,0.126267,0.066693,0.144835,0.00389,0.00015
0,0.040957,0.010352,-0.196727,0.000587,-0.233382,0.018733,0.000715,0.000181
0,0.041206,-0.086401,-0.012785,-0.103999,0.030977,-0.089558,0.000719,0.001508
0,0.091056,0.174353,0.053227,0.25401,0.020273,0.2904,0.001589,0.003043
0,0.131875,-0.07609,0.041877,-0.27376,0.008345,-0.293691,0.002302,0.001328
0,0.032969,-0.026918,-0.124372,0.067717,-0.098485,0.028555,0.000575,0.00047
0,0.00774,0.114882,-0.013494,0.170156,0.016226,0.157813,0.000135,0.002005
0,0.051621,0.140651,0.066458,0.030169,0.053781,0.0568,0.000901,0.002455
0,0.099798,0.061363,0.028891,-0.050188,0.026433,-0.001445,0.001742,0.001071
0,-0.034751,0.096238,-0.105665,0.047674,-0.114643,0.090485,0.000607,0.00168
0,0.127588,0.053341,0.16679,-0.042436,0.124184,-0.044028,0.002227,0.000931
0,0.157897,-0.025689,0.030929,-0.105466,0.006019,-0.098383,0.002756,0.000448
0,0.052024,0.1204,-0.081409,0.165803,-0.113239,0.146883,0.000908,0.002101
0,-0.121612,-0.092168,-0.170404,-0.191564,-0.169485,-0.166526,0.002123,0.001609
0,0.003853,-0.135541,0.1305,-0.059195,0.106397,-0.046674,6.7e-05,0.002366
0,-0.115492,-0.120732,-0.107729,0.038761,-0.130836,-0.00435,0.002016,0.002107
0,0.075756,-0.048681,0.162478,0.045185,0.154442,0.013786,0.001322,0.00085
0,-0.032726,0.014814,-0.087991,0.043265,-0.090783,0.006754,0.000571,0.000259
0,-0.124205,-0.133032,-0.105186,-0.130626,-0.060953,-0.081335,0.002168,0.002322
0,-0.080819,0.169402,0.013862,0.331503,0.030063,0.307912,0.001411,0.002957
0,0.097693,0.102949,0.149596,-0.064056,0.14428,-0.101569,0.001705,0.001797
0,0.065099,-0.0713,-0.059882,-0.152631,-0.063608,-0.157409,0.001136,0.001244
0,-0.113047,-0.100034,-0.200038,-0.041503,-0.153311,-0.002188,0.001973,0.001746
0,-0.068049,-0.098515,0.034508,-0.001478,0.027144,0.023543,0.001188,0.001719
0,0.172778,0.09951,0.226209,0.182249,0.220597,0.188112,0.003016,0.001737
0,0.185531,-0.070001,0.026012,-0.160682,-0.011941,-0.197558,0.003238,0.001222
0,-0.032636,-0.048524,-0.20782,0.045855,-0.257559,0.094838,0.00057,0.000847
0,0.02504,-0.041268,0.078259,0.002066,0.071944,-0.001201,0.000437,0.00072
0,-0.118639,0.130506,-0.16387,0.182639,-0.208287,0.194674,0.002071,0.002278
0,0.151289,0.081179,0.241259,-0.074018,0.278293,-0.062975,0.00264,0.001417
0,0.131172,0.08153,-0.004428,0.029819,0.038057,0.065689,0.002289,0.001423
0,0.070265,0.107068,-0.069277,0.016924,-0.029226,0.038938,0.001226,0.001869
0,0.00801,0.081459,-0.062556,-0.045004,-0.082959,-0.053785,0.00014,0.001422
0,-0.091581,0.146822,-0.123864,0.088188,-0.127781,0.111292,0.001598,0.002563
0,0.072376,0.025126,0.168309,-0.142195,0.197427,-0.15137,0.001263,0.000439
0,-0.059581,-0.039726,-0.104467,-0.092523,-0.124854,-0.071372,0.00104,0.000693
0,-0.02493,0.080249,0.043063,0.107836,0.039422,0.066438,0.000435,0.001401
0,-0.012543,0.182457,0.022967,0.106214,0.009078,0.08565,0.000219,0.003184
0,-0.070752,0.007469,-0.036272,-0.14974,-0.052349,-0.126393,0.001235,0.00013
0,0.01389,0.018055,0.056171,0.003565,0.051321,0.047583,0.000242,0.000315
0,-0.083714,0.173076,-0.108003,0.168064,-0.077837,0.141386,0.001461,0.003021
0,0.158116,0.10198,0.226487,-0.086295,0.221277,-0.090257,0.00276,0.00178
0,-0.000456,0.04389,-0.175751,-0.059726,-0.183653,-0.030675,8e-06,0.000766
0,0.213347,0.083527,0.191702,0.063759,0.232056,0.081011,0.003724,0.001458
0,0.183003,-0.01717,-0.016788,-0.128808,-0.054613,-0.140501,0.003194,0.0003
0,0.181029,0.217027,-0.019898,0.260205,-0.055682,0.292025,0.00316,0.003788
0,-0.020722,0.164879,-0.216555,-0.072128,-0.194725,-0.037516,0.000362,0.002878
0,-0.051081,0.176791,-0.037304,0.005301,-0.014584,-0.041722,0.000892,0.003086
0,0.12462,0.101312,0.15769,-0.076407,0.187637,-0.066659,0.002175,0.001768
0,-0.065622,0.236737,-0.219553,0.158397,-0.219829,0.175509,0.001145,0.003686
0,-0.008338,0.167973,0.073322,-0.095581,0.049929,-0.068723,0.000146,0.002932
0,0.028632,-0.067634,0.057432,-0.260295,0.025057,-0.254992,0.0005,0.00118
0,0.101221,-0.013678,0.047272,0.045249,0.04868,0.063097,0.001767,0.000239
0,-0.10386,-0.080802,-0.22001,-0.094626,-0.188379,-0.083314,0.001813,0.00141
0,0.000822,0.052255,0.100289,0.161917,0.100921,0.18221,1.4e-05,0.000912
0,-0.089374,-0.00214,-0.114048,-0.067554,-0.137826,-0.097211,0.00156,3.7e-05
0,0.213685,0.14044,0.330685,0.116295,0.342002,0.155115,0.00373,0.002451
0,0.028809,-0.102102,-0.204612,-0.222019,-0.237256,-0.260794,0.000503,0.001782
0,-0.069629,0.097624,-0.085672,0.180608,-0.037879,0.178987,0.001215,0.001704
0,0.010876,0.062512,0.099148,-0.005486,0.14246,0.031437,0.00019,0.001091
0,0.044876,-0.088316,0.052116,-0.159006,0.022659,-0.141185,0.000783,0.001541
0,-0.067362,-0.089299,-0.125631,-0.002997,-0.148737,0.028394,0.001176,0.001559
0,-0.039216,0.165047,0.006618,0.257134,-0.033105,0.273795,0.000684,0.002881
0,-1.350569,0.630323,-1.295877,0.452618,-1.296643,0.49834,0.000118,0.003183
0,-2.792432,0.662283,-1.418221,0.025491,-1.409023,0.022666,0.00183,0.003741
0,-3.645816,1.049906,-0.83551,0.397568,-0.863508,0.400175,0.001088,0.002689
0,-4.288856,1.247521,-0.672786,0.199617,-0.656585,0.182071,0.003324,0.00168
0,-3.385981,1.605541,0.901299,0.354797,0.866726,0.368122,0.003447,0.00325
0,-2.817736,1.225977,0.584697,-0.356078,0.630172,-0.319702,0.002272,0.002056
0,-2.610077,0.921737,0.225086,-0.284594,0.236164,-0.293274,0.001353,0.000452
0,-1.873831,0.524971,0.758967,-0.398469,0.750763,-0.41302,0.001433,0.001345
0,-1.390746,0.416289,0.457156,-0.100866,0.407952,-0.127078,0.000819,0.000552
0,-0.772621,0.297218,0.602357,-0.096051,0.64228,-0.111673,0.002151,0.00263
0,-0.464337,0.284287,0.337018,-0.006326,0.371953,-0.00748,0.000286,0.002856
0,-0.011216,0.122655,0.461765,-0.176092,0.509092,-0.151818,0.000196,0.002141
0,0.245926,-0.074464,0.272435,-0.16769,0.316606,-0.131343,0.003526,0.0013
0,0.180944,0.014023,-0.065124,0.060389,-0.098218,0.095904,0.003158,0.000245
0,0.246363,-0.025665,0.053352,-0.055288,0.083501,-0.071998,0.003518,0.000448
0,0.205973,-0.04171,-0.056946,0.011782,-0.081265,-0.035303,0.003595,0.000728
0,0.323608,-0.064941,0.09843,-0.03675,0.144568,-0.068724,0.00217,0.001133
0,0.123031,-0.287218,-0.215377,-0.23875,-0.205285,-0.218459,0.002147,0.002805
0,0.045346,-0.266108,-0.088,0.019801,-0.133805,-0.008003,0.000791,0.003173
0,-0.035399,-0.243365,-0.08013,0.004164,-0.041124,0.014469,0.000618,0.00357
0,0.120202,-0.161146,0.129547,0.063646,0.083913,0.083307,0.002098,0.002813
0,0.091226,-0.132069,-0.045164,0.018197,-0.018597,0.067756,0.001592,0.002305
0,0.072206,-0.204311,-0.046872,-0.086209,-0.055803,-0.064757,0.00126,0.003566
0,0.05914,0.025908,0.013899,0.244198,-0.030042,0.220496,0.001032,0.000452
0,-0.035881,-0.041496,-0.089719,-0.054352,-0.056004,-0.041238,0.000626,0.000724
0,-0.00177,0.036695,0.051888,0.10344,0.017845,0.073341,3.1e-05,0.00064
0,0.037421,0.053611,0.039858,0.024184,0.03581,0.049025,0.000653,0.000936
0,-0.072806,0.064791,-0.120073,-0.004136,-0.149575,-0.050648,0.001271,0.001131
0,-1.521089,-0.246662,-1.439689,-0.340893,-1.452249,-0.302851,0.003094,0.003513
0,-4.199777,-0.091843,-2.702933,0.1662,-2.653692,0.166838,0.002939,0.001603
0,-4.049194,-0.051723,0.160632,0.050983,0.190608,0.055014,0.000311,0.000903
0,-3.831047,-0.339576,0.200253,-0.278404,0.167373,-0.244878,0.003497,0.001891
0,-3.886171,-0.199155,-0.065334,0.148747,-0.108032,0.108211,0.002534,0.003476
0,-3.313773,-0.244232,0.595453,-0.029031,0.639984,-0.005124,0.003111,0.003555
0,-2.590501,0.003911,0.735038,0.232029,0.725689,0.273632,0.001694,6.8e-05
0,-1.838964,0.050845,0.752929,0.055673,0.775704,0.014399,0.000824,0.000887
0,-1.148654,0.090879,0.706208,0.023316,0.666867,0.047875,0.003406,0.001586
0,-0.425251,-0.185105,0.722413,-0.291892,0.688214,-0.275563,0.000396,0.003231
0,0.025678,-0.15082,0.448055,0.021184,0.435229,0.063011,0.000448,0.002632
0,0.229817,-0.166577,0.191103,-0.006225,0.180523,0.028047,0.003807,0.002907
0,0.247253,-0.022134,0.030797,0.119861,0.00386,0.135428,0.003502,0.000386
0,0.350054,0.042881,0.103938,0.077997,0.05856,0.122542,0.001708,0.000748
0,0.257402,-0.097167,-0.098591,-0.115479,-0.129766,-0.092782,0.003325,0.001696
0,0.339909,0.037701,0.070575,0.131381,0.109858,0.095962,0.001885,0.000658
0,0.378098,-0.063928,0.05582,-0.088961,0.061008,-0.068096,0.001219,0.001116
0,0.24056,0.087845,-0.159762,0.15783,-0.161548,0.139705,0.003619,0.001533
0,0.169097,-0.138919,-0.083597,-0.214621,-0.091577,-0.210121,0.002951,0.002425
0,0.192902,-0.017673,0.03466,0.093025,0.006598,0.102434,0.003367,0.000308
0,0.052868,-0.018287,-0.115687,-0.004773,-0.105527,-0.020565,0.000923,0.000319
0,0.246809,-0.121888,0.182532,-0.086032,0.172839,-0.108252,0.00351,0.002127
0,0.208924,0.113171,-0.021444,0.215626,-0.019986,0.168407,0.003646,0.001975
0,0.008507,0.11788,-0.179687,0.004676,-0.225552,-0.041976,0.000148,0.002057
0,0.008176,0.118153,-0.002769,-0.017193,0.029472,0.030131,0.000143,0.002062
0,0.292451,-0.02483,0.299949,-0.167249,0.274523,-0.202974,0.002714,0.000433
0,0.113795,0.054421,-0.149363,0.085158,-0.102784,0.127426,0.001986,0.00095
0,-2.069632,-0.011582,-2.189251,-0.054896,-2.163988,-0.029859,0.002967,0.000202
0,-2.678161,-0.029582,-0.628791,-0.012032,-0.651064,-0.024125,0.000165,0.000516
0,-2.525361,-0.127814,0.166661,-0.085521,0.186272,-0.067276,0.002831,0.002231
0,-2.44495,-0.254982,0.082585,-0.138007,0.079822,-0.141182,0.003583,0.003368
0,-2.076187,-0.261496,0.364095,0.016209,0.336359,0.013525,0.002853,0.003254
0,-1.627914,-0.193137,0.442966,0.048542,0.482255,0.02591,0.002859,0.003371
0,-1.409096,-0.189382,0.224638,0.025252,0.250735,0.001583,0.00114,0.003305
0,-0.823221,0.00302,0.578518,0.175417,0.535387,0.191295,0.001268,5.3e-05
0,-0.332107,-0.044104,0.495123,-0.06591,0.513066,-0.075323,0.002022,0.00077
0,-0.046994,-0.085569,0.269107,-0.065357,0.270088,-0.057204,0.00082,0.001493
0,0.194159,-0.104534,0.233835,-0.029962,0.251038,-0.009396,0.003389,0.001824
0,0.408896,-0.112968,0.198501,-0.016097,0.233718,0.026671,0.000681,0.001972
0,0.545806,0.001769,0.134957,0.102349,0.098373,0.081761,0.001708,3.1e-05
0,0.34785,0.027308,-0.224775,0.028921,-0.239689,0.019454,0.001747,0.000477
0,0.377786,-0.083886,0.002898,-0.081904,0.0524,-0.038593,0.001224,0.001464
0,0.345879,-0.085445,-0.015397,0.020809,0.007983,0.070341,0.001781,0.001491
0,0.342713,0.067455,0.017304,0.168235,0.004518,0.201454,0.001836,0.001177
0,0.171631,-0.156466,-0.173676,-0.227171,-0.216665,-0.208975,0.002996,0.002731
0,0.00615,-0.101114,-0.173222,0.05661,-0.20959,0.007133,0.000107,0.001765
0,-0.007737,0.11376,-0.040802,0.234574,-0.085693,0.282366,0.000135,0.001985
0,-0.135865,-0.10104,-0.109075,-0.186527,-0.064854,-0.166974,0.002371,0.001763
0,0.004806,0.105301,0.146732,0.201809,0.182025,0.19688,8.4e-05,0.001838
0,-0.012027,0.076559,-0.025939,-0.054412,-0.02075,-0.081312,0.00021,0.001336
0,-0.275993,-0.097429,-0.28453,-0.191436,-0.245368,-0.176614,0.003001,0.0017
0,-0.030883,-0.192691,0.245098,-0.076623,0.21767,-0.115186,0.000539,0.003363
0,-0.235829,-0.032429,-0.215114,0.153619,-0.169394,0.157546,0.003702,0.000566
0,-0.005484,-0.126493,0.208752,-0.088516,0.177735,-0.076797,9.6e-05,0.002208
0,-0.226822,0.10346,-0.234962,0.258837,-0.255301,0.289598,0.003859,0.001806
0,-0.233177,0.027406,0.004609,-0.066877,-0.039656,-0.08744,0.003748,0.000478
0,-0.188165,0.088146,0.049369,0.038025,0.07415,0.071851,0.003284,0.001538
0,-0.150193,-0.082209,0.02674,-0.172677,0.043961,-0.167629,0.002621,0.001435
0,-0.02349,0.002472,0.128381,0.109091,0.168912,0.083063,0.00041,4.3e-05
0,-0.026419,0.113841,-0.032852,0.123168,0.016468,0.133644,0.000461,0.001987
0,0.013316,-0.01787,0.068191,-0.14893,0.024311,-0.15211,0.000232,0.000312
0,-0.066369,0.091133,-0.098537,0.115847,-0.067226,0.069223,0.001158,0.001591
0,0.053112,0.062514,0.142332,-0.051387,0.097494,-0.017326,0.000927,0.001091
0,0.141972,-0.035003,0.086404,-0.069096,0.041643,-0.05637,0.002478,0.000611
0,0.087758,0.063272,-0.052225,0.073707,-0.03575,0.054063,0.001532,0.001104
0,0.044989,-5.9e-05,-0.032096,-0.05745,-0.017067,-0.086525,0.000785,1e-06
0,0.095987,0.101675,0.063084,0.112137,0.105313,0.147657,0.001675,0.001775
0,0.128832,-0.068958,0.054466,-0.177252,0.080398,-0.195791,0.002249,0.001204
0,-0.022179,-0.003609,-0.137773,0.093994,-0.097557,0.08889,0.000387,6.3e-05
0,0.237533,0.061595,0.242289,0.092665,0.227106,0.135867,0.003672,0.001075
0,0.278315,-0.135516,0.049083,-0.22443,0.036682,-0.255097,0.00296,0.002365
0,0.098373,-0.065147,-0.184413,0.054538,-0.153375,0.030462,0.001717,0.001137
0,0.128314,0.103728,0.015456,0.169083,-0.002946,0.200892,0.002239,0.00181
0,0.251913,0.083655,0.136693,-5.6e-05,0.145178,0.003715,0.003421,0.00146
0,0.048711,-0.114791,-0.222501,-0.194685,-0.242725,-0.211093,0.00085,0.002003
0,0.055951,0.05208,-0.008338,0.17379,-0.024367,0.158249,0.000977,0.000909
0,0.018959,0.047292,-0.036573,0.002625,-0.001963,0.003453,0.000331,0.000825
0,0.166051,0.047457,0.158531,-0.009323,0.151705,0.002824,0.002898,0.000828
0,1.848292,-0.733675,1.689093,-0.792496,1.684,-0.835331,0.000987,0.002831
0,3.625977,-2.15817,1.778103,-1.405777,1.742788,-1.431571,0.000742,0.001422
0,6.541407,-3.020356,2.921361,-0.891567,2.920036,-0.872949,0.003099,0.00201
0,6.536434,-2.761236,0.017793,0.256093,0.053456,0.273568,0.003186,0.001285
0,6.207897,-2.44522,-0.316845,0.325575,-0.275706,0.293244,0.001102,0.003588
0,5.338827,-2.049225,-0.849275,0.383697,-0.83599,0.381239,0.000634,0.003324
0,3.676529,-1.518481,-1.682104,0.519657,-1.698672,0.472031,0.001625,0.003049
0,2.316692,-1.173745,-1.361236,0.318747,-1.323465,0.353014,0.001345,0.002968
0,1.576983,-0.7355,-0.75311,0.435864,-0.752214,0.471592,0.003748,0.002799
0,0.660176,-0.398946,-0.896488,0.336937,-0.942274,0.337354,0.003704,0.000855
0,0.389269,-0.077486,-0.245043,0.350952,-0.262825,0.399916,0.001024,0.001352
0,0.314568,-0.011918,-0.075653,0.086764,-0.071792,0.054866,0.002328,0.000208
0,0.415274,-0.103678,0.128448,-0.102321,0.082741,-0.136027,0.00057,0.00181
0,0.323506,0.083753,-0.072257,0.172983,-0.072101,0.209121,0.002172,0.001462
0,0.282608,0.082161,-0.039164,0.024377,-0.044544,-0.012789,0.002885,0.001434
0,1.566564,1.276446,1.269149,1.218594,1.313564,1.214362,0.003888,0.001175
0,3.243712,1.715692,1.647419,0.465338,1.692291,0.463046,0.001888,0.001327
0,4.377291,2.091288,1.135699,0.377124,1.162997,0.340072,0.001781,0.00259
0,3.6469,2.17792,-0.749451,0.063124,-0.784668,0.092496,0.001107,0.001078
0,3.70145,2.334144,0.056609,0.166427,0.04085,0.185036,0.002059,0.001649
0,2.890632,1.926111,-0.836386,-0.396089,-0.795844,-0.441557,0.003544,0.002345
0,2.442325,1.212229,-0.462798,-0.693996,-0.46859,-0.694691,0.003537,0.002296
0,1.751392,1.036642,-0.719057,-0.171272,-0.674628,-0.167068,0.000704,0.002457
0,0.907395,0.648527,-0.835724,-0.378602,-0.881325,-0.340362,0.000201,0.003501
0,0.495803,0.514514,-0.431037,-0.132215,-0.454338,-0.109371,0.000836,0.001162
0,0.304183,0.421156,-0.185098,-0.067141,-0.214905,-0.086402,0.002509,0.000467
0,-0.207137,0.209207,-0.50752,-0.197149,-0.508268,-0.152857,0.003615,0.003651
0,-0.216018,-0.051268,-0.033679,-0.266239,-0.055303,-0.278879,0.00377,0.000895
0,-0.313764,0.045942,-0.091192,0.101816,-0.123684,0.100565,0.002342,0.000802
0,-0.221407,-0.037933,0.06909,-0.062325,0.020048,-0.064091,0.003864,0.000662
0,-0.473427,-0.143717,-0.259172,-0.120728,-0.230505,-0.102419,0.000445,0.002508
0,-0.219776,-0.155648,0.271821,-0.029743,0.241557,0.010937,0.003836,0.002717
0,-0.304263,-0.027554,-0.081197,0.149197,-0.125663,0.181369,0.002507,0.000481
0,-0.267956,-0.302198,0.008249,-0.272348,-0.013423,-0.246368,0.003141,0.002544
0,-0.309913,-0.096917,-0.03385,0.18479,-0.038899,0.162354,0.002409,0.001692
0,-0.081452,-0.122651,0.252305,-0.030715,0.20598,-0.031248,0.001422,0.002141
0,-0.137479,0.033762,-0.072271,0.180795,-0.052149,0.227263,0.002399,0.000589
0,-0.100196,0.032177,0.052543,0.020867,0.029876,-0.004377,0.001749,0.000562
0,-0.155453,-0.100018,-0.055293,-0.16199,-0.024029,-0.19723,0.002713,0.001746
0,-0.262725,-0.042649,-0.103439,0.06493,-0.092077,0.065611,0.003232,0.000744
0,-0.026559,-0.051566,0.215078,0.011194,0.17599,-0.000766,0.000464,0.0009
0,-0.311481,-0.212913,-0.297289,-0.184825,-0.321375,-0.2193,0.002382,0.003716
0,-0.068395,-0.019727,0.246963,0.19637,0.235573,0.146916,0.001194,0.000344
0,-0.152062,0.065341,-0.054995,0.077524,-0.047423,0.073423,0.002654,0.00114
0,-0.172234,0.054723,-0.02963,-0.0222,0.002439,-0.03066,0.003006,0.000955
0,-0.178341,0.023686,0.015283,-0.053685,0.024518,-0.082566,0.003113,0.000413
0,0.04415,-0.158,0.229573,-0.183157,0.257937,-0.174161,0.000771,0.002758
0,-0.108447,-0.023613,-0.182184,0.161485,-0.183518,0.210175,0.001893,0.000412
0,0.016335,-0.12105,0.127597,-0.080498,0.177214,-0.109788,0.000285,0.002113
0,-0.138487,0.079877,-0.175319,0.175241,-0.211859,0.209856,0.002417,0.001394
0,-0.022728,-0.136675,0.119574,-0.224763,0.150508,-0.266972,0.000397,0.002385
0,-0.06444,0.058782,-0.025873,0.177996,-0.074669,0.201854,0.001125,0.001026
0,0.035736,0.007417,0.11955,-0.021381,0.076896,-0.001348,0.000624,0.000129
0,-0.085536,0.022099,-0.146782,0.017723,-0.149675,-0.020553,0.001493,0.000386
0,0.092059,-0.038146,0.150667,-0.052049,0.103711,-0.088296,0.001607,0.000666
0,-0.108536,0.093579,-0.200743,0.107722,-0.187652,0.104814,0.001894,0.001633
0,-0.140455,-0.009765,-0.007792,-0.110058,-0.048237,-0.118715,0.002451,0.00017
0,-0.111696,-0.097521,0.021679,-0.11069,0.011538,-0.067567,0.001949,0.001702
0,-0.099546,-0.064273,0.002391,0.040173,0.024401,0.059588,0.001737,0.001122
0,0.070649,-0.092679,0.176248,-0.054527,0.146311,-0.100982,0.001233,0.001618
0,-0.068719,0.086189,-0.143052,0.18715,-0.144068,0.16667,0.001199,0.001504
0,0.002537,0.014928,0.080262,-0.100502,0.115624,-0.067203,4.4e-05,0.000261
0,-0.0745,0.152956,-0.070886,0.135086,-0.070778,0.15568,0.0013,0.00267
0,-0.194745,-0.095138,-0.125082,-0.253542,-0.115476,-0.290214,0.003399,0.00166
0,-0.231469,0.114878,-0.050276,0.188643,-0.090903,0.160514,0.003778,0.002005
0,-0.117054,-0.073514,0.087186,-0.198408,0.073817,-0.236659,0.002043,0.001283
0,-0.30599,-0.13605,-0.186035,-0.071874,-0.188351,-0.057686,0.002477,0.002375
0,-0.098583,-0.025537,0.186874,0.10377,0.19674,0.099091,0.001721,0.000446
0,-0.200257,-0.001222,-0.119116,0.048031,-0.148624,0.035359,0.003495,2.1e-05
0,-0.23983,-0.069663,-0.064057,-0.06314,-0.045292,-0.051875,0.003632,0.001216
0,-0.153695,-0.051191,0.07829,0.034681,0.055716,0.066193,0.002682,0.000893
0,-0.132826,-0.053099,0.02266,-0.022177,0.050613,-0.049789,0.002318,0.000927
0,-0.13978,0.075415,0.017693,0.142925,-0.025242,0.17574,0.00244,0.001316
0,0.042847,0.113725,0.197189,0.025812,0.190617,-0.011804,0.000748,0.001985
0,-0.171814,0.124613,-0.217406,0.022426,-0.230062,0.06568,0.002999,0.002175
0,-0.030536,-0.017244,0.164383,-0.154608,0.125537,-0.168036,0.000533,0.000301
0,0.064729,0.131997,0.110297,0.156441,0.136669,0.193994,0.00113,0.002304
0,0.07738,-0.036877,0.007938,-0.178235,-0.034399,-0.221937,0.001351,0.000644
0,-0.094167,0.1004,-0.189125,0.137332,-0.23704,0.170351,0.001644,0.001752
0,0.165403,-0.100014,0.246772,-0.184396,0.273924,-0.188759,0.002887,0.001746
0,0.1032,0.095918,-0.038741,0.220512,-0.025541,0.179287,0.001801,0.001674
0,0.018059,-0.062624,-0.100288,-0.161519,-0.12835,-0.190558,0.000315,0.001093
0,0.231964,0.014937,0.194439,0.092569,0.235566,0.058049,0.003769,0.000261
0,-0.049888,0.071076,-0.299703,0.04021,-0.293569,0.08967,0.000871,0.001241
0,0.062388,-0.015593,0.11875,-0.100473,0.158303,-0.085152,0.001089,0.000272
0,0.053335,0.061343,0.012507,0.06912,0.022708,0.078053,0.000931,0.001071
0,0.046093,0.152172,-0.033505,0.109173,-0.059782,0.091827,0.000804,0.002656
0,0.015585,-0.057369,-0.047933,-0.21727,-0.00523,-0.18683,0.000272,0.001001
0,-0.061635,-0.044511,-0.077186,0.03745,-0.08929,0.019652,0.001076,0.000777
0,0.184688,0.119988,0.263346,0.188357,0.288271,0.196405,0.003223,0.002094
0,-0.034536,0.076591,-0.201775,-0.032787,-0.202324,-0.060055,0.000603,0.001337
0,-0.045951,0.172121,-0.008124,0.075731,0.03453,0.046137,0.000802,0.003004
0,0.059061,0.090545,0.116897,-0.082832,0.15863,-0.098341,0.001031,0.00158
0,0.04273,-0.061155,-0.04388,-0.154646,-0.086885,-0.164468,0.000746,0.001067
0,0.064292,0.132399,0.043546,0.188338,0.084764,0.219065,0.001122,0.002311
0,0.157662,-0.052954,0.115716,-0.164595,0.158829,-0.207556,0.002752,0.000924
0,0.279339,0.12501,0.125896,0.178462,0.121492,0.210201,0.002942,0.002182
0,0.010313,0.020398,-0.263217,-0.130716,-0.237283,-0.152239,0.00018,0.000356
0,0.209511,0.101414,0.204474,0.07102,0.20981,0.027915,0.003657,0.00177
0,0.162749,-0.018089,-0.018216,-0.091114,-0.065652,-0.048907,0.002841,0.000316
0,0.00436,0.138125,-0.15169,0.163492,-0.126029,0.146208,7.6e-05,0.002411
0,-1.867309,-1.5626,-1.851703,-1.711932,-1.873594,-1.732741,0.001319,0.003819
0,-2.253155,-1.480087,-0.388445,0.06944,-0.402797,0.04623,0.000236,0.002379
0,-3.323614,-1.608018,-1.070397,-0.143125,-1.119683,-0.136176,0.003283,0.003206
0,-3.94946,-1.387378,-0.597759,0.207424,-0.631757,0.202802,0.00143,0.000761
0,-3.962755,-1.505454,0.009355,-0.107273,0.030687,-0.094742,0.001198,0.002821
0,-2.931338,-1.155519,1.050367,0.35677,1.01115,0.397462,0.003564,0.003286
0,-2.308586,-1.070739,0.637417,0.098071,0.632414,0.080162,0.001203,0.003052
0,-1.439665,-0.843708,0.896326,0.233388,0.853666,0.257053,0.001673,0.00091
0,-1.135679,-0.781758,0.330743,0.049372,0.323673,0.031075,0.003632,0.001992
0,-0.537111,-0.332385,0.623352,0.476542,0.614244,0.458122,0.001556,0.002017
0,-0.435386,-0.097524,0.128489,0.264134,0.160092,0.296577,0.000219,0.001702
0,-0.202375,-0.080166,0.217648,0.014113,0.257666,0.062945,0.003532,0.001399
0,-0.068641,-0.044646,0.124414,0.04241,0.171596,-0.003093,0.001198,0.000779
0,-0.114525,-0.149022,-0.064996,-0.087719,-0.085399,-0.117501,0.001999,0.002601
0,-0.031489,0.141673,0.094914,0.310644,0.094695,0.279185,0.00055,0.002473
0,-0.024005,0.00256,-0.009614,-0.151495,-0.008458,-0.196289,0.000419,4.5e-05
0,0.113525,-0.080057,0.158001,-0.098058,0.195508,-0.093756,0.001981,0.001397
0,0.258349,-0.022136,0.125007,0.037217,0.112162,0.078787,0.003309,0.000386
0,0.123729,-0.074684,-0.140091,-0.039474,-0.173923,-0.034471,0.002159,0.001303
0,0.033533,-0.079716,-0.07006,-0.019902,-0.055695,-0.032541,0.000585,0.001391
0,-0.039854,-0.077305,-0.058394,-0.001374,-0.106904,-0.012548,0.000696,0.001349
0,-0.00474,0.162122,0.047302,0.215745,0.036444,0.205421,8.3e-05,0.00283
0,-0.008716,0.066639,-0.030021,-0.072779,-0.025633,-0.095742,0.000152,0.001163
0,-0.014459,-0.037847,-0.007882,-0.123913,-0.039288,-0.092251,0.000252,0.000661
0,0.006847,-0.011603,0.003411,0.014325,-0.029901,0.023244,0.000119,0.000203
0,0.035277,0.137506,0.005526,0.143245,0.015943,0.184822,0.000616,0.0024
0,0.184254,-0.00903,0.13167,-0.170041,0.172392,-0.168619,0.003216,0.000158
0,0.10049,0.156812,-0.089008,0.189001,-0.094829,0.149635,0.001754,0.002737
0,-0.055497,-0.076086,-0.159134,-0.252175,-0.179075,-0.225376,0.000969,0.001328
0,0.040107,0.078201,0.106761,0.12525,0.094911,0.087955,0.0007,0.001365
0,0.07675,-0.037795,0.044613,-0.101191,0.004287,-0.111215,0.00134,0.00066
0,-0.075092,-0.046065,-0.16856,-0.016829,-0.177414,-0.019332,0.001311,0.000804
0,-0.005661,0.075385,0.095328,0.142464,0.10994,0.135994,9.9e-05,0.001316
0,0.033555,-0.080133,0.036461,-0.179755,0.076221,-0.1424,0.000586,0.001399
0,0.084644,-0.063276,0.056557,0.030138,0.052331,-0.00313,0.001477,0.001104
0,-0.076151,0.035863,-0.189512,0.123788,-0.185829,0.079349,0.001329,0.000626
0,0.027412,-0.09247,0.078491,-0.149106,0.084498,-0.113271,0.000478,0.001614
0,-0.120473,0.042628,-0.12705,0.149483,-0.098427,0.113416,0.002103,0.000744
0,-0.00876,0.05187,0.136337,0.037602,0.114256,0.02243,0.000153,0.000905
0,-0.03587,-0.060904,-0.017327,-0.115749,-0.038413,-0.145856,0.000626,0.001063
0,0.037025,0.147081,0.05156,0.230132,0.00672,0.180617,0.000646,0.002567
0,-0.019444,-0.105583,-0.060995,-0.265823,-0.05399,-0.257612,0.000339,0.001843
0,-0.122618,-0.098148,-0.089265,0.004638,-0.105867,-0.006301,0.00214,0.001713
0,0.063995,0.140331,0.209071,0.229646,0.212942,0.229293,0.001117,0.002449
0,-0.077565,0.03891,-0.13756,-0.123629,-0.097073,-0.096945,0.001354,0.000679
0,-0.024741,-0.011549,0.032413,-0.080137,0.032784,-0.098783,0.000432,0.000202
0,-0.095151,0.16452,-0.099984,0.163102,-0.146786,0.182931,0.001661,0.002871
0,-0.179001,0.01381,-0.094255,-0.147497,-0.060886,-0.167982,0.003124,0.000241
0,-0.085395,-0.043307,0.06697,-0.08489,0.032746,-0.069914,0.00149,0.000756
0,-0.134033,-0.110114,-0.042821,-0.094384,-0.07843,-0.070009,0.002339,0.001922
0,-0.11925,0.157221,-0.007628,0.279769,0.016879,0.312269,0.002081,0.002744
0,0.120511,0.128365,0.244379,-0.004874,0.219368,0.012997,0.002103,0.00224
0,0.086164,0.111203,-0.057594,-0.026462,-0.013129,-0.030376,0.001504,0.001941
0,0.095951,0.063337,0.006665,-0.055507,-0.006323,-0.089103,0.001675,0.001105
0,0.0875,-0.121177,-0.002318,-0.173124,-0.045974,-0.181384,0.001527,0.002115
0,-0.055562,0.110203,-0.121574,0.220472,-0.166604,0.228703,0.00097,0.001923
0,-0.03243,0.090122,0.046732,-0.024116,0.087895,-0.010523,0.000566,0.001573
0,0.0178,0.018037,0.058711,-0.053908,0.06276,-0.061312,0.000311,0.000315
0,0.094463,0.082102,0.055664,0.077637,0.083915,0.121361,0.001649,0.001433
0,0.003894,0.002147,-0.064222,-0.083601,-0.021512,-0.070893,6.8e-05,3.7e-05
0,-0.022877,-0.107075,-0.01534,-0.106109,0.017997,-0.119918,0.000399,0.001869
0,0.001676,0.020366,0.027961,0.141678,0.003849,0.187719,2.9e-05,0.000355
0,0.042357,0.101817,0.038411,0.090064,0.021093,0.042695,0.000739,0.001777
0,-0.031891,0.120514,-0.071494,0.010953,-0.118772,-0.021712,0.000557,0.002103
0,0.012706,0.117614,0.065696,-0.017165,0.071752,-0.060196,0.000222,0.002053
0,0.194777,0.063249,0.17238,-0.083403,0.153262,-0.108815,0.003399,0.001104
0,0.135525,0.024943,-0.046214,-0.021527,-0.028806,-0.065419,0.002365,0.000435
0,-0.096043,-0.014886,-0.235076,-0.027525,-0.2765,-0.073359,0.001676,0.00026
0,-3.134351,1.106618,-3.026256,1.109798,-3.015574,1.090624,2e-05,0.003678
0,-4.584075,1.598356,-1.44294,0.48909,-1.394582,0.439635,0.001828,0.003375
0,-4.955055,1.88354,-0.384726,0.267075,-0.379257,0.24102,0.000485,0.001602
0,-3.857637,1.955544,1.126613,0.085962,1.102015,0.096567,0.003032,0.002859
0,-3.144978,1.977164,0.714065,0.007561,0.673392,0.017802,0.000165,0.003237
0,-2.47515,1.833994,0.667316,-0.119537,0.676221,-0.093554,0.003708,0.000738
0,-1.92922,1.588884,0.521254,-0.255069,0.512775,-0.247064,0.0024,0.00354
0,-1.197471,1.001796,0.713486,-0.597516,0.758506,-0.587224,0.002554,0.001849
0,-0.892279,0.507905,0.32101,-0.473953,0.282197,-0.490218,6.3e-05,0.001047
0,-0.46204,0.210135,0.407911,-0.31113,0.363031,-0.345524,0.000246,0.003668
0,-0.148238,0.140663,0.321977,-0.065355,0.343248,-0.076689,0.002587,0.002455
0,-0.148507,0.143637,0.018707,-0.024695,0.031775,-0.012364,0.002592,0.002507
0,0.074482,0.149203,0.195099,0.029375,0.183796,0.004945,0.0013,0.002604
0,0.022012,0.12373,-0.064642,-0.053692,-0.094304,-0.086904,0.000384,0.00216
0,0.104756,0.167581,0.103981,0.016944,0.081972,-0.011433,0.001828,0.002925
0,0.391094,-0.062303,0.297562,-0.258785,0.301272,-0.233043,0.000992,0.001087
0,0.306439,0.050562,-0.058561,0.139195,-0.036984,0.172699,0.00247,0.000882
0,0.256889,0.098222,-0.051667,0.072322,-0.029142,0.035331,0.003334,0.001714
0,0.198634,0.061534,-0.056707,-0.050177,-0.101017,-0.046187,0.003467,0.001074
0,0.012693,-0.104382,-0.198632,-0.142916,-0.222707,-0.183516,0.000222,0.001822
0,0.195173,0.003344,0.200934,0.114144,0.200233,0.126082,0.003406,5.8e-05
0,0.194103,0.085629,0.004054,0.06625,0.015745,0.061318,0.003388,0.001495
0,0.116427,-0.070524,-0.06049,-0.140487,-0.043078,-0.168869,0.002032,0.001231
0,0.096694,0.100798,-0.039994,0.176521,0.005488,0.195027,0.001688,0.001759
0,0.025536,-0.087615,-0.043623,-0.179033,-0.020747,-0.201557,0.000446,0.001529
0,0.012154,0.066369,-0.026286,0.165553,-0.015939,0.122407,0.000212,0.001158
0,-0.079241,0.098872,-0.106262,0.060149,-0.070237,0.051033,0.001383,0.001726
0,0.133604,-0.143958,0.217367,-0.224074,0.25604,-0.239799,0.002332,0.002513
0,0.01231,0.018473,-0.116481,0.186291,-0.1572,0.197283,0.000215,0.000322
0,0.096119,0.080602,0.081678,0.055712,0.088008,0.047093,0.001678,0.001407
0,0.100523,0.097519,0.02537,0.015502,-0.017174,-0.013709,0.001754,0.001702
0,0.124925,-0.018947,0.003805,-0.136274,0.034994,-0.088748,0.00218,0.000331
0,-0.081372,-0.123768,-0.196282,-0.127885,-0.211214,-0.09552,0.00142,0.00216
0,0.094935,0.027584,0.182466,0.127359,0.18977,0.129873,0.001657,0.000481
0,0.073408,-0.115989,-0.021758,-0.159491,-0.004976,-0.20075,0.001281,0.002024
0,0.08994,-0.114396,-0.00534,0.018092,0.000239,-0.023861,0.00157,0.001997
0,0.03949,0.070328,-0.025153,0.175579,0.015345,0.180418,0.000689,0.001227
0,-0.037152,0.012886,-0.099208,-0.046237,-0.066944,-0.027212,0.000648,0.000225
0,-0.063942,0.00918,-0.026549,2e-05,-0.049552,0.017281,0.001116,0.00016
0,-0.036698,0.154882,0.049479,0.167057,0.023235,0.191794,0.00064,0.002703
0,-0.082769,-0.119848,-0.055623,-0.279859,-0.007378,-0.257805,0.001445,0.002092
0,-0.103332,-0.027962,0.001446,0.079073,-0.0403,0.11453,0.001803,0.000488
0,-0.120963,-0.004653,-0.019011,0.039305,0.003605,0.062907,0.002111,8.1e-05
0,-0.017085,-0.078917,0.086904,-0.095094,0.056445,-0.135133,0.000298,0.001377
0,-0.23383,-0.082798,-0.218308,-0.021593,-0.18239,-0.043867,0.003737,0.001445
0,-0.186127,-0.088703,0.051041,-0.016034,0.060666,-0.023795,0.003249,0.001548
0,-0.186908,0.16395,0.003044,0.224837,0.03543,0.178718,0.003262,0.002861
0,-0.076332,-0.12503,0.122521,-0.309427,0.080118,-0.342046,0.001332,0.002182
0,-0.224361,0.01173,-0.163985,0.122507,-0.175953,0.141612,0.003902,0.000205
0,0.001836,-0.007138,0.229792,-0.041417,0.220778,-0.087945,3.2e-05,0.000125
0,0.056063,0.004864,0.036891,0.026614,0.043933,-0.011283,0.000978,8.5e-05
0,-0.083267,0.068754,-0.128759,0.084015,-0.156244,0.093423,0.001453,0.0012
0,0.047545,-0.134505,0.146188,-0.192362,0.191467,-0.241448,0.00083,0.002348
0,-0.175955,-0.099611,-0.244681,0.024273,-0.20478,0.007916,0.003071,0.001739
0,-0.00465,-0.007926,0.145187,0.108895,0.156434,0.061288,8.1e-05,0.000138
0,-0.031065,-0.060405,-0.015566,-0.07591,-0.04471,-0.077236,0.000542,0.001054
0,-0.002642,0.002883,0.006328,0.05538,0.02295,0.039443,4.6e-05,5e-05
0,-0.117302,0.158939,-0.124403,0.163869,-0.143515,0.154665,0.002047,0.002774
0,-0.171367,0.024855,-0.077076,-0.143556,-0.048468,-0.180899,0.002991,0.000434
0,-0.184437,0.053542,-0.000476,0.034765,0.018679,-0.003579,0.003219,0.000934
0,-0.217105,-0.059334,-0.052199,-0.086475,-0.049847,-0.129717,0.003789,0.001036
0,-0.161414,-0.088238,0.066741,-0.027351,0.116199,0.022447,0.002817,0.00154
0,-0.114515,-0.142849,0.053026,-0.060104,0.092988,-0.037275,0.001999,0.002493
0,-0.013521,-0.120903,0.084607,0.029925,0.10128,0.060299,0.000236,0.00211
0,-0.139807,0.011078,-0.15119,0.137994,-0.151861,0.183899,0.00244,0.000193
0,0.062591,-0.114177,0.209315,-0.128448,0.179266,-0.107048,0.001092,0.001993
0,-0.086405,-0.120989,-0.156014,-0.017178,-0.124654,-0.048627,0.001508,0.002112
0,-0.102688,-0.162204,-0.000703,-0.048882,-0.031367,-0.053894,0.001792,0.002831
0,-0.179126,-0.093348,-0.104398,0.040753,-0.106287,0.041781,0.003126,0.001629
0,-0.09199,-0.037083,0.068973,0.070236,0.021221,0.053531,0.001606,0.000647
0,-0.015574,-0.010994,0.084906,0.042019,0.084197,0.053639,0.000272,0.000192
0,0.029844,-0.003728,0.03502,0.017496,0.065079,-0.012664,0.000521,6.5e-05
0,0.041009,0.003919,0.037773,-0.014574,0.050887,-0.010934,0.000716,6.8e-05
0,-0.135983,-0.067993,-0.192787,-0.075177,-0.155056,-0.095374,0.002373,0.001187
0,0.078791,-0.1224,0.191018,-0.030038,0.192504,-0.033435,0.001375,0.002136
0,0.038854,0.105028,-0.06057,0.233097,-0.082264,0.239147,0.000678,0.001833
0,-0.104356,-0.164092,-0.116983,-0.273983,-0.163181,-0.27957,0.001821,0.002864
0,0.057421,-0.171603,0.168199,-0.025951,0.127209,-0.056161,0.001002,0.002995
0,0.158046,0.140604,0.085988,0.314196,0.109509,0.345217,0.002758,0.002454
0,-0.099171,0.054253,-0.242585,-0.075419,-0.226038,-0.114211,0.001731,0.000947
0,0.062122,-0.07005,0.141595,-0.139325,0.112592,-0.142644,0.001084,0.001223
0,0.124163,0.02812,0.07823,0.075526,0.091225,0.080034,0.002167,0.000491
0,-0.002136,-0.143017,-0.148783,-0.173936,-0.196547,-0.191322,3.7e-05,0.002496
0,0.075742,0.077226,0.089011,0.223372,0.048658,0.272657,0.001322,0.001348
0,-0.07983,0.13486,-0.175524,0.067798,-0.153809,0.024219,0.001393,0.002354
0,0.102498,-0.045962,0.201505,-0.193797,0.187927,-0.224017,0.001789,0.000802
0,0.092118,-0.069269,-0.033242,-0.041905,0.01275,-0.082732,0.001608,0.001209
0,-0.020443,0.00177,-0.134199,0.065551,-0.091744,0.087363,0.000357,3.1e-05
0,0.1825,0.141327,0.205014,0.120372,0.187921,0.073059,0.003185,0.002467
0,0.050542,0.045576,-0.102877,-0.124446,-0.087577,-0.150272,0.000882,0.000795
0,0.03468,0.019436,-0.03767,-0.013471,-0.075225,-0.027901,0.000605,0.000339
0,0.016622,0.116872,0.002719,0.071019,-0.020132,0.03712,0.00029,0.00204
0,0.134013,0.146504,0.112575,0.05638,0.118204,0.035491,0.002339,0.002557
0,0.106981,0.142689,-0.013164,-0.024135,0.018953,-0.026004,0.001867,0.00249
0,0.060353,0.14557,-0.053018,0.006882,-0.022728,0.011262,0.001053,0.002541
0,0.195413,0.020609,0.124079,-0.153364,0.172428,-0.193169,0.003411,0.00036
0,-0.064764,-0.00272,-0.286942,-0.034324,-0.281888,-0.07727,0.00113,4.7e-05
0,-0.067921,0.011551,-0.004564,0.006537,-0.008889,0.050122,0.001185,0.000202
0,0.219731,-0.042494,0.287502,-0.059203,0.33691,-0.024587,0.003835,0.000742
0,-0.055076,0.005188,-0.270335,0.065248,-0.22636,0.112922,0.000961,9.1e-05
0,0.183751,0.042863,0.223487,0.045929,0.226936,0.045648,0.003207,0.000748
0,0.048605,-0.015776,-0.150053,-0.048388,-0.111566,-0.092612,0.000848,0.000275
0,0.211306,0.153744,0.147172,0.156585,0.113074,0.198442,0.003688,0.002683
0,0.039445,0.072376,-0.169678,-0.071205,-0.207589,-0.088659,0.000688,0.001263
0,0.218302,0.168831,0.193818,0.096401,0.203934,0.13135,0.00381,0.002947
0,0.148122,-0.101118,-0.050305,-0.297829,-0.020927,-0.2585,0.002585,0.001765
0,0.284938,0.034771,0.125106,0.141328,0.108862,0.105923,0.002845,0.000607
0,-0.034591,-0.05157,-0.313569,-0.085291,-0.362587,-0.073194,0.000604,0.0009
0,0.234509,0.213412,0.268044,0.262252,0.226255,0.272591,0.003725,0.003725
0,0.026016,-0.081377,-0.1948,-0.27649,-0.199361,-0.241909,0.000454,0.00142
0,0.266677,0.092893,0.243099,0.18498,0.199677,0.176291,0.003163,0.001621
0,0.335499,-0.028584,0.071974,-0.112928,0.074621,-0.075144,0.001962,0.000499
0,0.291395,-0.044593,-0.041486,-0.02289,-0.064924,-0.007499,0.002732,0.000778
0,0.355888,-0.041666,0.074031,0.02115,0.028891,0.011892,0.001606,0.000727
0,0.146215,-0.048207,-0.182457,-0.034159,-0.161786,-0.07172,0.002552,0.000841
0,0.166236,0.177514,0.032054,0.245687,0.080411,0.238079,0.002901,0.003098
0,0.250439,-0.047548,0.107087,-0.243214,0.08756,-0.2612,0.003447,0.00083
0,0.21404,-0.08836,-0.049494,-0.012242,-0.042109,0.01326,0.003736,0.001542
0,0.095351,-0.013107,-0.107982,0.089142,-0.155721,0.096498,0.001664,0.000229
0,0.170482,0.096275,0.085222,0.133597,0.088046,0.1026,0.002975,0.00168
0,0.259677,-0.045135,0.108022,-0.122429,0.065061,-0.133761,0.003286,0.000788
0,0.218207,0.182548,-0.055505,0.235396,-0.05014,0.217002,0.003808,0.003186
0,0.098032,-0.065098,-0.144726,-0.253624,-0.194144,-0.252622,0.001711,0.001136
0,0.239623,-0.076237,0.113336,-0.002022,0.067724,0.009687,0.003636,0.001331
0,0.29824,0.15215,0.050889,0.226766,0.048031,0.191221,0.002613,0.002656
0,0.066838,0.078273,-0.26092,-0.060962,-0.285463,-0.082727,0.001167,0.001366
0,0.052015,0.202876,0.004113,0.100742,0.02274,0.10473,0.000908,0.003541
0,0.224474,0.035163,0.152873,-0.18076,0.116144,-0.13639,0.0039,0.000614
0,0.154094,0.04658,-0.057198,0.03113,-0.007356,0.009036,0.002689,0.000813
0,0.210522,0.034555,0.033173,-0.031783,0.035639,-0.001216,0.003674,0.000603
0,0.324894,0.147527,0.108565,0.130709,0.085326,0.158854,0.002147,0.002575
0,0.376934,0.096955,0.064929,-0.027241,0.089296,-0.001791,0.001239,0.001692
0,-2.742955,-0.60567,-3.140517,-0.677471,-3.106306,-0.645311,0.000966,0.002753
0,-6.320349,-1.028155,-3.602755,-0.403847,-3.585821,-0.388702,0.000861,0.002309
0,-6.550232,-0.91455,-0.233574,0.13736,-0.252219,0.095094,0.002945,0.000326
0,-6.426296,-1.142251,0.103468,-0.24674,0.104386,-0.236702,0.00271,0.003518
0,-5.595177,-1.058131,0.846113,0.101354,0.819463,0.098287,0.00384,0.002832
0,-3.761176,-1.136909,1.820395,-0.072097,1.801182,-0.102368,0.003102,0.003611
0,-2.161393,-0.73767,1.609516,0.400112,1.655055,0.448763,0.001366,0.002761
0,-1.675331,-0.518369,0.482345,0.210057,0.476805,0.223878,0.002031,0.001229
0,-0.757492,-0.439502,0.897873,0.075301,0.917343,0.093521,0.002415,0.000147
0,-4.5e-05,-0.277054,0.765284,0.160149,0.786778,0.14131,1e-06,0.002982
0,0.20856,-0.070569,0.232633,0.182539,0.202539,0.1553,0.00364,0.001232
0,0.191253,-0.066721,0.000184,0.010117,-0.043787,-0.019472,0.003338,0.001164
0,0.294957,0.140634,0.111382,0.225266,0.072112,0.241434,0.00267,0.002455
0,0.411688,0.100129,0.101164,-0.058643,0.075741,-0.078317,0.000633,0.001748
0,0.299959,0.212579,-0.09314,0.120703,-0.106641,0.074667,0.002583,0.00371
0,0.480252,0.013251,0.187005,-0.192214,0.182938,-0.205348,0.000564,0.000231
0,0.360572,0.183424,-0.142023,0.196822,-0.100585,0.216433,0.001525,0.003201
0,0.36654,0.246054,0.019405,0.090503,-0.006924,0.088331,0.001421,0.003523
0,9.9e-05,-0.034989,-0.353041,-0.297987,-0.394095,-0.339661,2e-06,0.000611
0,-0.031261,-0.015829,-0.028331,0.027569,-0.070276,0.037205,0.000546,0.000276
0,0.161561,0.142498,0.173488,0.156891,0.158852,0.160731,0.00282,0.002487
0,-0.058496,-0.004703,-0.23456,-0.135605,-0.230694,-0.139299,0.001021,8.2e-05
0,-0.209839,0.143155,-0.139748,0.161216,-0.13379,0.122561,0.003662,0.002499
0,-0.160583,-0.068685,0.060328,-0.233162,0.085313,-0.266403,0.002803,0.001199
0,-0.245502,0.001391,-0.055241,0.069974,-0.076622,0.061627,0.003533,2.4e-05
0,0.063569,-0.079516,0.289091,-0.059644,0.273983,-0.106377,0.001109,0.001388
0,0.019541,-0.011214,-0.035107,0.051174,-0.076381,0.032995,0.000341,0.000196
0,0.030371,0.142483,-0.016812,0.1438,-0.051147,0.1625,0.00053,0.002487
0,0.08976,0.186423,0.070381,0.05574,0.099889,0.049051,0.001567,0.003254
0,-0.048141,0.173593,-0.152556,-0.014136,-0.109321,-0.01359,0.00084,0.00303
0,-0.061907,-0.023257,0.004984,-0.201674,0.012103,-0.232109,0.00108,0.000406
0,0.076803,0.064276,0.154014,0.116325,0.122023,0.107867,0.00134,0.001122
0,-0.066093,-0.066222,-0.138875,-0.12725,-0.167317,-0.111101,0.001154,0.001156
0,0.004632,0.037621,0.079702,0.081295,0.089229,0.040446,8.1e-05,0.000657
0,0.021085,0.032242,-0.009446,-0.034873,-0.025202,-0.058921,0.000368,0.000563
0,-0.048534,-0.002749,-0.04313,-0.017053,-0.026834,-0.001852,0.000847,4.8e-05
0,-0.097849,0.076096,-0.050258,0.07972,-0.030361,0.030948,0.001708,0.001328
0,-0.016236,-0.183278,0.093244,-0.27569,0.072233,-0.248301,0.000283,0.003199
0,0.010648,-0.175236,0.014778,0.002531,0.042425,-0.031417,0.000186,0.003058
0,-0.148992,0.07186,-0.139776,0.234586,-0.154566,0.197101,0.0026,0.001254
0,0.080614,0.004916,0.235546,-0.047354,0.206594,-0.075189,0.001407,8.6e-05
0,0.085617,0.066491,0.017275,0.060342,0.003414,0.07914,0.001494,0.00116
0,-0.05719,0.043287,-0.14166,-0.013601,-0.162965,0.026597,0.000998,0.000755
0,0.152806,-0.013127,0.199695,-0.040277,0.237079,-0.083066,0.002667,0.000229
0,0.054252,0.124903,-0.12019,0.155253,-0.144265,0.196955,0.000947,0.00218
0,0.148255,0.03156,0.088331,-0.082484,0.125863,-0.034457,0.002588,0.000551
0,-0.120804,-0.080666,-0.291214,-0.112419,-0.295628,-0.079191,0.002108,0.001408
0,0.078732,0.068165,0.214209,0.17551,0.183879,0.151722,0.001374,0.00119
0,-0.042186,0.08417,-0.14722,0.019824,-0.109102,0.040138,0.000736,0.001469
0,0.237691,-0.03581,0.253928,-0.094133,0.286631,-0.118735,0.003669,0.000625
0,0.011017,0.050898,-0.203351,0.058961,-0.155199,0.013303,0.000192,0.000888
0,-0.077802,0.062833,-0.100399,0.013992,-0.052906,0.056627,0.001358,0.001097
0,0.086018,-0.08222,0.144221,-0.13772,0.170639,-0.150038,0.001501,0.001435
0,0.12598,0.117944,0.059508,0.217424,0.08887,0.229047,0.002199,0.002059
0,0.100352,-0.120928,-0.011142,-0.268731,-0.036006,-0.228729,0.001751,0.002111
0,-0.027397,-0.074921,-0.105244,0.048436,-0.12346,0.014972,0.000478,0.001308
0,-0.042747,0.075336,0.000702,0.169357,0.01514,0.195179,0.000746,0.001315
0,0.134448,0.08021,0.196957,-0.00035,0.197752,-0.047479,0.002347,0.0014
0,0.205039,-0.021696,0.082777,-0.105573,0.077973,-0.063445,0.003579,0.000379
0,-0.049658,-0.052799,-0.225724,-0.014344,-0.189784,0.010205,0.000867,0.000922
0,-0.13003,-0.012658,-0.084317,0.046465,-0.099887,0.06102,0.002269,0.000221
0,-0.038604,-0.158263,0.074637,-0.16062,0.102218,-0.205145,0.000674,0.002762
0,0.082436,-0.10881,0.091539,0.049586,0.077201,0.038797,0.001439,0.001899
0,0.135297,0.029977,0.032599,0.146069,0.040919,0.106695,0.002361,0.000523
0,0.073559,0.095847,-0.043204,0.077106,-0.075562,0.035599,0.001284,0.001673
0,0.10442,-0.010254,0.048232,-0.101073,0.000129,-0.085876,0.001822,0.000179
0,-0.137764,0.040879,-0.213732,0.026176,-0.243504,0.036255,0.002404,0.000713
0,0.094499,0.004533,0.256148,-0.032551,0.256971,-0.062843,0.001649,7.9e-05
0,0.137295,0.175571,0.015735,0.185804,-0.019677,0.230231,0.002396,0.003064
0,-0.129096,0.102765,-0.267448,-0.061675,-0.221991,-0.064079,0.002253,0.001794
0,-0.207434,0.158789,-0.068304,0.040066,-0.10921,-0.000373,0.00362,0.002771
0,-0.026642,-0.054131,0.200381,-0.225146,0.230647,-0.228235,0.000465,0.000945
0,-0.088516,0.084967,-0.047403,0.143066,-0.091927,0.13973,0.001545,0.001483
0,0.097308,-0.047385,0.191335,-0.10547,0.169397,-0.08535,0.001698,0.000827
0,-0.03016,0.088802,-0.143702,0.119283,-0.154943,0.086593,0.000526,0.00155
0,-0.073927,0.032672,-0.051206,-0.061589,-0.087909,-0.026211,0.00129,0.00057
0,0.009685,0.105469,0.058861,0.046287,0.062993,0.081305,0.000169,0.001841
0,0.064123,-0.031384,0.071377,-0.136767,0.083044,-0.148422,0.001119,0.000548
0,-0.040361,0.191184,-0.114948,0.248361,-0.08339,0.234176,0.000704,0.003337
0,0.006998,-0.010529,0.026774,-0.222835,0.058584,-0.234324,0.000122,0.000184
0,-0.154628,0.08988,-0.173763,0.114528,-0.17932,0.115689,0.002699,0.001569
0,-0.140293,0.001165,-0.001698,-0.116479,-0.018548,-0.153345,0.002449,2e-05
0,0.150991,0.163639,0.268732,0.190125,0.310858,0.20618,0.002635,0.002856
0,0.019935,-0.070848,-0.1423,-0.217336,-0.106181,-0.25433,0.000348,0.001237
0,-0.001978,0.168417,-0.024598,0.265697,0.023016,0.305952,3.5e-05,0.002939
0,0.068624,-0.013135,0.089495,-0.208258,0.072784,-0.250713,0.001198,0.000229
0,0.070755,-0.064579,-0.023479,-0.063235,0.014681,-0.072028,0.001235,0.001127
0,0.105748,0.118985,0.04667,0.191811,-0.002754,0.210919,0.001846,0.002077
0,0.059063,0.0079,-0.02925,-0.109863,0.004114,-0.123394,0.001031,0.000138
0,-0.020298,0.009255,-0.108531,-0.001691,-0.083935,0.023255,0.000354,0.000162
0,0.069747,0.061214,0.068759,0.044709,0.078341,0.079778,0.001217,0.001068
0,-0.126463,0.066572,-0.175287,0.008952,-0.185813,0.044233,0.002207,0.001162
0,-0.056668,-0.031419,0.090618,-0.100688,0.123303,-0.08765,0.000989,0.000548
0,0.0032,-0.068489,0.030734,-0.035159,-0.018415,-0.048675,5.6e-05,0.001195
0,-0.222955,0.091252,-0.204258,0.13886,-0.167185,0.153461,0.003891,0.001593
0,-0.257654,-0.005381,-0.031558,-0.069753,-0.014575,-0.098853,0.003321,9.4e-05
0,0.02644,0.082948,0.263534,0.113831,0.254232,0.123883,0.000461,0.001448
0,-0.122439,-0.107695,-0.13205,-0.190377,-0.172948,-0.184197,0.002137,0.00188
0,0.111374,-0.064845,0.230119,0.03119,0.251377,0.079947,0.001944,0.001132
0,0.004171,-0.024928,-0.078316,0.027083,-0.118997,-0.009965,7.3e-05,0.000435
0,-0.164959,0.063353,-0.182346,0.095428,-0.171791,0.121439,0.002879,0.001106
0,0.025729,-0.020901,0.220006,-0.066556,0.170365,-0.085031,0.000449,0.000365
0,-0.132211,0.003798,-0.136671,0.004366,-0.156164,-0.014107,0.002308,6.6e-05
0,-0.111454,0.007378,0.016466,-0.009101,-0.020532,-0.031789,0.001945,0.000129
0,0.062416,0.136842,0.175893,0.115126,0.158536,0.066958,0.001089,0.002388
0,0.069293,0.166782,0.014768,0.020794,0.014082,0.015147,0.001209,0.002911
0,0.05796,-0.074315,-0.040023,-0.255707,-0.013371,-0.262651,0.001012,0.001297
0,-0.119837,0.136997,-0.188346,0.209818,-0.172172,0.241853,0.002092,0.002391
0,0.178783,-0.108374,0.324131,-0.22068,0.350305,-0.269575,0.00312,0.001891
0,0.159029,0.09643,-0.030357,0.214105,-0.021283,0.252782,0.002776,0.001683
0,0.103738,-0.087996,-0.078677,-0.163387,-0.042814,-0.158209,0.001811,0.001536
0,0.098069,0.038672,-0.007487,0.120654,-0.030769,0.078073,0.001712,0.000675
0,0.083292,0.110423,0.007041,0.050519,-0.039604,0.045897,0.001454,0.001927
0,0.186525,0.122438,0.084836,-0.004238,0.037332,-0.02526,0.003255,0.002137
0,0.067413,-0.020879,-0.103227,-0.146682,-0.13951,-0.155101,0.001177,0.000364
0,0.198736,0.002599,0.144423,0.006303,0.09792,0.053941,0.003469,4.5e-05
0,0.102782,0.057633,-0.070478,0.032106,-0.095749,0.021883,0.001794,0.001006
0,0.058875,0.057962,-0.024359,0.021341,-0.07435,-0.022386,0.001028,0.001012
0,0.178656,0.077005,0.103166,0.040273,0.066644,-0.007264,0.003118,0.001344
0,0.041004,-0.040807,-0.162192,-0.098159,-0.17702,-0.125063,0.000716,0.000712
0,0.214127,0.069456,0.156017,0.136997,0.202224,0.141059,0.003737,0.001212
0,0.07921,0.041325,-0.131201,-0.012825,-0.112843,-0.023459,0.001382,0.000721
0,0.030513,0.097857,-0.042517,0.035575,-0.061872,0.067476,0.000533,0.001708
0,0.278893,-0.059334,0.259381,-0.177341,0.280263,-0.136753,0.00295,0.001036
0,0.209135,0.021429,-0.063404,0.056863,-0.07371,0.083436,0.00365,0.000374
0,0.123088,0.133623,-0.094197,0.11626,-0.082197,0.102772,0.002148,0.002332
0,0.19945,-0.048698,0.099932,-0.170737,0.107319,-0.145312,0.003481,0.00085
0,0.157998,-0.013275,-0.026577,0.042955,-0.013248,-0.003001,0.002758,0.000232
0,0.132505,-0.003775,-0.052573,-0.003657,-0.092104,0.01811,0.002313,6.6e-05
0,0.212872,0.089129,0.103237,0.104231,0.105961,0.134777,0.003715,0.001556
0,0.128816,-0.120455,-0.100019,-0.199847,-0.076387,-0.159579,0.002248,0.002102
0,0.23557,0.180948,0.079583,0.283267,0.063865,0.239619,0.003706,0.003158
0,0.175185,0.039172,-0.07366,-0.161183,-0.079168,-0.155129,0.003058,0.000684
0,0.290516,-0.114423,0.112133,-0.1403,0.074363,-0.102718,0.002747,0.001997
0,-1.31003,-1.141111,-1.583687,-1.046747,-1.628187,-1.070653,0.000589,0.003537
0,-2.929071,-1.538599,-1.607904,-0.409231,-1.610593,-0.384426,0.003603,0.0034
0,-4.711348,-1.573535,-1.789588,-0.045029,-1.808845,-0.027591,0.003768,0.003808
0,-5.243616,-1.266897,-0.505061,0.290248,-0.510291,0.333675,0.002296,0.001342
0,-4.71057,-1.063876,0.526864,0.216612,0.512794,0.233631,0.003782,0.002932
0,-3.501333,-0.806612,1.200164,0.286216,1.176349,0.288836,0.001433,0.001558
0,-2.618809,-0.518942,0.887076,0.270547,0.878592,0.256339,0.0012,0.001239
0,-1.395295,-0.42039,1.228065,0.075578,1.244443,0.094887,0.000899,0.000481
0,-1.130294,-0.215673,0.237101,0.17798,0.249444,0.139513,0.003726,0.003764
0,-0.338197,-0.005913,0.764614,0.231569,0.714955,0.222559,0.001915,0.000103
0,-0.140985,-0.072179,0.194753,-0.091553,0.158512,-0.059084,0.002461,0.00126
0,0.160777,-0.099153,0.321258,-0.024986,0.354753,-0.007418,0.002806,0.001731
0,0.350587,0.162268,0.173137,0.25664,0.193709,0.243055,0.001699,0.002832
0,0.399578,0.058805,0.056485,-0.088718,0.019981,-0.117331,0.000844,0.001026
0,0.19629,0.13313,-0.186506,0.065489,-0.208009,0.026642,0.003426,0.002324
0,0.296046,0.134292,0.12429,0.000128,0.130751,-0.030222,0.002651,0.002344
0,0.485353,-0.011814,0.209174,-0.11806,0.166704,-0.093297,0.000653,0.000206
0,0.403618,0.000305,-0.103056,-0.014822,-0.080696,0.014835,0.000773,5e-06
0,0.225227,-0.020106,-0.165416,-0.033243,-0.158985,-0.047463,0.003887,0.000351
0,0.211761,-0.043917,-0.00037,-0.001832,-0.049445,-0.050314,0.003696,0.000767
0,0.180521,-0.10385,-0.043615,-0.075921,0.004036,-0.062233,0.003151,0.001813
0,0.065587,-0.038302,-0.118482,0.044341,-0.135377,0.085183,0.001145,0.000668
0,0.178126,-0.06,0.104898,-0.015411,0.05496,0.034265,0.003109,0.001047
0,0.200125,0.078189,0.034634,0.135387,0.013907,0.117916,0.003493,0.001365
0,0.01564,0.097851,-0.162275,-0.008857,-0.207706,-0.048406,0.000273,0.001708
0,0.282399,0.053744,0.275782,-0.046692,0.225992,-0.040876,0.002889,0.000938
0,0.028486,0.062421,-0.248349,-0.014497,-0.268778,-0.050129,0.000497,0.001089
0,0.116338,0.086609,0.110739,0.010281,0.124766,-0.002614,0.00203,0.001512
0,0.208068,0.028343,0.098427,-0.028619,0.052426,-0.010377,0.003631,0.000495
0,0.060799,0.187309,-0.160415,0.180724,-0.134341,0.17966,0.001061,0.003269
0,0.182322,0.193031,0.142196,0.027171,0.094422,-0.015163,0.003182,0.003369
0,0.00013,0.048974,-0.206003,-0.167983,-0.16774,-0.154008,2e-06,0.000855
0,0.083125,-0.034617,0.10695,-0.089498,0.149813,-0.056949,0.001451,0.000604
0,0.183015,0.084158,0.093411,0.13223,0.11678,0.154674,0.003194,0.001469
0,0.171912,0.122352,-0.021974,0.020924,-0.009371,0.029569,0.003,0.002135
0,0.164536,-0.046888,-0.005343,-0.193752,0.043117,-0.187293,0.002872,0.000818
0,0.116519,-0.08965,-0.049987,-0.055772,-0.057075,-0.010282,0.002034,0.001565
0,0.127231,0.179464,0.01707,0.256598,-0.017978,0.208454,0.002221,0.003132
0,-0.109542,0.111782,-0.231134,-0.043047,-0.24199,-0.084052,0.001912,0.001951
0,0.002387,0.186484,0.088585,0.064262,0.117853,0.029462,4.2e-05,0.003255
0,0.119531,0.123589,0.10588,-0.042154,0.060384,-0.059742,0.002086,0.002157
0,0.119281,0.099487,-0.006878,-0.052358,0.036561,-0.059726,0.002082,0.001736
0,0.075078,0.059755,-0.053462,-0.060459,-0.103077,-0.085522,0.00131,0.001043
0,0.069206,0.001183,0.012103,-0.054484,0.005007,-0.103696,0.001208,2.1e-05
0,0.246969,0.085075,0.201293,0.084739,0.236817,0.075775,0.003507,0.001485
0,0.083665,-0.01088,-0.145571,-0.088296,-0.114142,-0.137025,0.00146,0.00019
0,0.258752,0.084917,0.185824,0.097934,0.172436,0.116847,0.003302,0.001482
0,-0.014919,-0.174305,-0.282108,-0.244187,-0.289271,-0.215416,0.00026,0.003042
0,0.185041,0.040615,0.20093,0.191733,0.170411,0.228338,0.00323,0.000709
0,0.125143,-0.163585,-0.067945,-0.20021,-0.08465,-0.244908,0.002184,0.002855
0,0.043453,-0.009994,-0.062841,0.137543,-0.037239,0.159814,0.000758,0.000174
0,0.132689,-0.000141,0.114408,0.003396,0.124289,0.005967,0.002316,2e-06
0,0.232731,-0.163162,0.104838,-0.136224,0.1197,-0.174186,0.003756,0.002848
0,0.265313,-0.079803,0.030512,0.107384,0.058345,0.113356,0.003187,0.001393
0,0.258699,-0.078062,-0.029941,0.006729,0.001533,0.031615,0.003303,0.001362
0,0.191635,-0.024965,-0.066277,0.053852,-0.052189,0.100502,0.003345,0.000436
0,0.159415,0.111295,-0.029925,0.115829,-0.055121,0.136519,0.002782,0.001942
0,0.117782,0.072334,-0.058315,-0.02138,-0.106623,0.012029,0.002056,0.001262
0,0.077632,-0.016796,-0.021329,-0.100572,-0.057412,-0.069364,0.001355,0.000293
0,0.166651,0.00458,0.093634,0.002128,0.127551,0.038812,0.002909,8e-05
0,-0.03412,-0.100593,-0.228125,-0.128789,-0.26442,-0.094162,0.000596,0.001756
0,0.192615,-0.101877,0.207401,0.015119,0.240749,0.051027,0.003362,0.001778
0,0.068396,0.065741,-0.132619,0.182704,-0.100135,0.213095,0.001194,0.001147
0,0.144352,-0.064917,0.096471,-0.126931,0.098826,-0.123443,0.002519,0.001133
0,0.22609,-0.127419,0.090292,-0.060781,0.068725,-0.035503,0.003872,0.002224
0,0.145325,-0.11888,-0.089015,0.030451,-0.059753,0.034598,0.002536,0.002075
0,0.032781,-0.000144,-0.118643,0.132966,-0.111229,0.149928,0.000572,3e-06
0,0.187576,0.010453,0.161235,-0.013918,0.186513,-0.033981,0.003274,0.000182
0,0.207506,0.002285,0.007016,-0.004031,-0.018041,0.043411,0.003622,4e-05
0,0.037372,-0.177192,-0.164701,-0.187685,-0.133413,-0.185426,0.000652,0.003093
0,0.166512,0.052528,0.11415,0.24631,0.158198,0.233571,0.002906,0.000917
0,0.273443,-0.232896,0.130806,-0.285293,0.105395,-0.293522,0.003045,0.003753
0,0.190486,0.02517,-0.058416,0.235578,-0.019151,0.222773,0.003325,0.000439
0,0.119595,-0.022258,-0.049602,-0.019519,-0.083171,0.019008,0.002087,0.000388
0,0.127563,-0.087564,0.002014,-0.062779,0.039713,-0.09409,0.002226,0.001528
0,0.147091,-0.202703,0.017242,-0.096872,0.035781,-0.087489,0.002567,0.003538
0,0.030795,-0.13599,-0.109779,0.07055,-0.154696,0.049625,0.000537,0.002373
0,-0.155972,-0.054486,-0.17873,0.056092,-0.153368,0.068968,0.002722,0.000951
0,0.096713,-0.196684,0.233644,-0.13786,0.254755,-0.154794,0.001688,0.003433
0,0.057439,0.037052,-0.009819,0.207702,-0.035971,0.202569,0.001002,0.000647
0,-0.05405,-0.160711,-0.125483,-0.203433,-0.100145,-0.225195,0.000943,0.002805
0,0.067813,-0.097645,0.149526,0.056078,0.155921,0.063303,0.001184,0.001704
0,0.111903,-0.167432,0.044524,-0.090246,0.033619,-0.073548,0.001953,0.002922
0,-0.001005,-0.114285,-0.111285,0.025389,-0.102519,-0.010293,1.8e-05,0.001995
0,0.143044,0.00335,0.135983,0.143114,0.133755,0.189712,0.002497,5.8e-05
0,0.14266,0.033223,0.008845,0.022663,-0.004628,-0.021002,0.00249,0.00058
0,0.191639,0.035318,0.068696,-0.023714,0.117272,-0.029693,0.003345,0.000616
0,0.206856,0.03549,0.017691,0.006929,-0.001633,0.018425,0.00361,0.000619
0,0.144653,0.094971,-0.077799,0.080901,-0.115153,0.109215,0.002525,0.001658
0,0.030558,0.000184,-0.108454,-0.095072,-0.156554,-0.079713,0.000533,3e-06
0,0.034839,0.029111,-0.021329,0.002156,0.009132,0.00305,0.000608,0.000508
0,-0.008066,-0.093553,-0.043661,-0.097811,-0.069449,-0.048262,0.000141,0.001633
0,0.226958,0.059223,0.251115,0.125401,0.211805,0.11619,0.003857,0.001034
0,-0.012102,-0.073336,-0.210395,-0.121558,-0.168742,-0.161187,0.000211,0.00128
0,0.042019,-0.005428,0.074972,0.070993,0.111151,0.057214,0.000733,9.5e-05
0,0.148978,-0.005347,0.113748,0.004243,0.130744,-0.036331,0.0026,9.3e-05
0,-0.010246,0.044777,-0.145688,0.056546,-0.108582,0.046478,0.000179,0.000782
0,0.10113,-0.016074,0.140672,-0.08368,0.1563,-0.095809,0.001765,0.000281
0,-0.023296,-0.177977,-0.125263,-0.170302,-0.146211,-0.123777,0.000407,0.003106
0,-0.052274,-0.074448,-0.019203,0.077976,-0.024162,0.074165,0.000912,0.001299
0,-0.211121,0.041838,-0.171852,0.088266,-0.179682,0.051305,0.003685,0.00073
0,-0.109381,-0.01908,0.128125,-0.071632,0.165304,-0.107629,0.001909,0.000333
0,-0.02247,0.086865,0.107837,0.082451,0.133151,0.101648,0.000392,0.001516
0,-0.026549,0.042738,0.016885,-0.052139,0.044232,-0.083865,0.000463,0.000746
0,-0.113233,0.049125,-0.078343,-0.008408,-0.07961,-0.053097,0.001976,0.000857
0,0.040668,-0.015282,0.162874,-0.046743,0.154669,-0.090867,0.00071,0.000267
0,-0.095025,-0.133347,-0.159705,-0.130336,-0.114912,-0.170527,0.001659,0.002327
0,-0.248339,0.071948,-0.139202,0.21531,-0.146492,0.250909,0.003484,0.001256
0,-0.004163,-0.176469,0.254083,-0.220993,0.238471,-0.243562,7.3e-05,0.00308
0,0.016878,-0.108087,0.024674,0.060257,0.05174,0.039022,0.000295,0.001886
0,-0.017528,-0.085551,-0.049887,-0.006248,-0.067656,0.043124,0.000306,0.001493
0,-0.095349,-0.105839,-0.10577,0.003646,-0.058042,0.034858,0.001664,0.001847
0,-0.139178,-0.088655,-0.026637,0.010312,-0.054614,0.032087,0.002429,0.001547
0,-0.039249,-0.090253,0.108171,-0.026839,0.119915,0.014939,0.000685,0.001575
0,-0.241719,-0.022293,-0.222226,0.058396,-0.188596,0.036065,0.003599,0.000389
0,-0.319849,-0.104242,-0.076375,-0.077736,-0.105811,-0.100661,0.002235,0.001819
0,-0.165428,-0.090219,0.179706,0.022444,0.20432,-0.008205,0.002887,0.001575
0,-0.267578,0.064656,-0.088633,0.177457,-0.090502,0.15876,0.003148,0.001128
0,-0.316663,0.073258,-0.068741,0.036436,-0.081013,0.042917,0.002291,0.001279
0,-0.204605,-0.097808,0.088367,-0.195414,0.092554,-0.210996,0.003571,0.001707
0,-0.009052,-0.091026,0.183037,0.001668,0.212854,0.03776,0.000158,0.001589
0,-0.109825,-0.143243,-0.086032,-0.02246,-0.063156,-0.00409,0.001917,0.0025
0,-0.158431,-0.117798,-0.03726,-0.003687,-0.0453,0.010676,0.002765,0.002056
0,-0.035538,-0.054404,0.123296,0.042495,0.113171,0.063517,0.00062,0.00095
0,0.004742,-0.139402,0.013074,-0.092421,-0.02246,-0.101394,8.3e-05,0.002433
0,-0.172463,0.031984,-0.204227,0.168387,-0.178694,0.128784,0.00301,0.000558
0,-0.237854,-0.146933,-0.06119,-0.151566,-0.032599,-0.127622,0.003667,0.002564
0,-0.237319,0.0911,-0.014458,0.237517,-0.060839,0.268268,0.003676,0.00159
0,-0.083195,-0.066979,0.145893,-0.166068,0.130081,-0.175296,0.001452,0.001169
0,-0.103755,-0.063171,-0.040329,0.011325,-0.021545,-0.000374,0.001811,0.001103
0,-0.139071,-0.052589,-0.059641,-0.004941,-0.103295,0.019064,0.002427,0.000918
0,-0.265903,0.061813,-0.112935,0.115214,-0.072729,0.076106,0.003177,0.001079
0,-0.128927,0.016618,0.131905,-0.06462,0.129919,-0.110342,0.00225,0.00029
0,0.012541,-0.060732,0.139455,-0.08005,0.149959,-0.043505,0.000219,0.00106
0,-0.24689,0.084591,-0.270846,0.163475,-0.261328,0.155367,0.003509,0.001476
0,-0.06821,0.064044,0.162016,-0.001653,0.198146,0.041814,0.00119,0.001118
0,-0.115725,-0.058131,-0.059494,-0.13447,-0.10598,-0.124146,0.00202,0.001015
0,-0.124615,-0.158023,-0.032419,-0.110817,0.015464,-0.106592,0.002175,0.002758
0,-0.010775,0.050174,0.120179,0.19152,0.160648,0.147823,0.000188,0.000876
0,-0.222243,0.038492,-0.224477,-0.015616,-0.248059,-0.036839,0.003879,0.000672
0,-0.279801,-0.171083,-0.030453,-0.184464,-0.024308,-0.211797,0.002934,0.002986
0,-0.358877,-0.214233,-0.105213,-0.063295,-0.084334,-0.10682,0.001554,0.003739
0,-0.230378,-0.173996,0.111931,0.061426,0.065094,0.069751,0.003797,0.003037
0,-0.332812,0.05418,-0.102117,0.245475,-0.119894,0.249501,0.002009,0.000946
0,-0.046408,-0.108774,0.307859,-0.1706,0.32389,-0.171156,0.00081,0.001898
0,-0.028986,-0.151556,0.032506,-0.0544,0.016398,-0.069741,0.000506,0.002645
0,-0.257481,0.015763,-0.247602,0.155366,-0.248913,0.193296,0.003324,0.000275
0,-0.228932,0.028257,0.042112,0.020747,0.017456,0.029927,0.003822,0.000493
0,0.022221,0.079006,0.263645,0.03246,0.228147,0.004605,0.000388,0.001379
0,0.025277,-0.041617,-0.003708,-0.149831,0.020972,-0.18565,0.000441,0.000726
0,-0.201226,-0.115634,-0.215311,-0.061529,-0.263031,-0.096489,0.003512,0.002018
0,-0.080299,-0.079784,0.094926,0.019772,0.107914,-0.024758,0.001401,0.001392
0,-0.267983,0.102524,-0.210843,0.205109,-0.197673,0.162244,0.003141,0.001789
0,-0.126954,-0.045503,0.135303,-0.142439,0.087935,-0.159015,0.002216,0.000794
0,-0.292192,0.067653,-0.142618,0.109221,-0.111051,0.060439,0.002718,0.001181
0,-0.052233,-0.056318,0.236857,-0.100731,0.244726,-0.073812,0.000912,0.000983
0,-0.007092,0.035763,0.021433,0.073388,-0.013049,0.074954,0.000124,0.000624
0,-0.129135,0.06953,-0.099921,0.046824,-0.057634,0.032779,0.002254,0.001214
0,-0.061696,0.021795,0.084731,-0.057726,0.060606,-0.078241,0.001077,0.00038
0,0.084969,0.149516,0.148673,0.141994,0.103839,0.127677,0.001483,0.00261
0,0.077433,-0.073643,-0.006938,-0.194267,0.031298,-0.213558,0.001351,0.001285
0,0.093559,0.076075,0.030477,0.159538,-0.015035,0.167677,0.001633,0.001328
0,-0.092612,0.112333,-0.201525,0.01614,-0.17563,-0.012444,0.001616,0.001961
0,-0.000999,-0.066965,0.115017,-0.184619,0.149771,-0.152438,1.7e-05,0.001169
0,0.028703,0.114696,0.036661,0.200606,0.007703,0.242339,0.000501,0.002002
0,0.107131,-0.06905,0.063779,-0.204912,0.061739,-0.16253,0.00187,0.001205
0,0.081136,0.190222,-0.042336,0.246396,-0.061576,0.265267,0.001416,0.00332
0,0.083932,0.174982,-0.00097,0.003257,0.018279,0.039285,0.001465,0.003054
0,0.121397,0.141881,0.064955,-0.031754,0.054576,-0.061031,0.002119,0.002476
0,-0.086419,-0.022691,-0.202912,-0.138813,-0.181807,-0.149912,0.001508,0.000396
0,-0.009147,0.157651,0.065328,0.180986,0.057064,0.178858,0.00016,0.002752
0,0.134707,-0.112339,0.124759,-0.245017,0.097312,-0.238106,0.002351,0.001961
0,0.118671,0.134943,-0.039629,0.276106,0.009896,0.308788,0.002071,0.002355
0,0.171,0.079593,0.061337,-0.047948,0.032348,-0.027527,0.002985,0.001389
0,0.017029,0.084192,-0.127575,-0.012061,-0.152301,0.0281,0.000297,0.001469
0,0.176625,0.09773,0.14246,0.007895,0.185829,-0.041782,0.003083,0.001706
0,0.128176,-0.061317,-0.037475,-0.154344,-0.01147,-0.161666,0.002237,0.00107
0,-0.054137,-0.155559,-0.19556,-0.074922,-0.197164,-0.114271,0.000945,0.002715
0,0.162476,-0.087235,0.22848,0.046566,0.180501,0.051225,0.002836,0.001523
0,0.090144,-0.099857,-0.052315,0.009155,-0.006534,0.059144,0.001573,0.001743
0,-0.070418,0.102662,-0.176052,0.182016,-0.221255,0.13906,0.001229,0.001792
0,-0.115537,-0.108445,-0.027919,-0.198799,-0.057627,-0.160121,0.002016,0.001893
0,-0.023713,-0.146785,0.062484,-0.015687,0.07952,0.033449,0.000414,0.002562
0,0.023351,0.110351,0.047837,0.248656,0.081444,0.207994,0.000408,0.001926
0,-0.010336,-0.123306,-0.030068,-0.211856,-0.065185,-0.220929,0.00018,0.002152
0,0.031549,-0.16379,0.070346,-0.047482,0.039841,-0.060369,0.000551,0.002859
0,0.056885,-0.0236,0.050355,0.151974,0.017757,0.196594,0.000993,0.000412
0,-0.128385,0.072795,-0.208239,0.110445,-0.215204,0.085962,0.002241,0.001271
0,0.115505,-0.040363,0.215986,-0.110256,0.262141,-0.111634,0.002016,0.000704
0,-0.126957,-0.16853,-0.26364,-0.131651,-0.306334,-0.160035,0.002216,0.002941
0,-0.07737,-0.111684,0.065769,0.065819,0.105579,0.085984,0.00135,0.001949
0,-0.025119,-0.033771,0.063766,0.081217,0.072621,0.070893,0.000438,0.000589
0,-0.072318,0.040219,-0.066434,0.0979,-0.084039,0.109332,0.001262,0.000702
0,-0.188255,-0.096168,-0.109543,-0.129789,-0.073784,-0.154954,0.003286,0.001678
0,-0.201279,-0.041198,-0.012298,0.02855,-0.003988,-0.014454,0.003513,0.000719
0,-0.311844,0.08528,-0.108431,0.120391,-0.062165,0.145243,0.002375,0.001488
0,-0.03972,-0.114841,0.265962,-0.219431,0.2852,-0.255783,0.000693,0.002004
0,-0.13828,-0.204256,-0.128439,-0.077127,-0.079698,-0.11774,0.002413,0.003565
0,-0.085349,0.037127,0.070404,0.2573,0.034216,0.301518,0.00149,0.000648
0,-0.11141,-0.155588,-0.037802,-0.200469,-0.01357,-0.250193,0.001944,0.002716
0,-0.183138,0.127368,-0.061778,0.263984,-0.034848,0.249549,0.003196,0.002223
0,-0.043612,-0.095308,0.159199,-0.240524,0.174236,-0.25839,0.000761,0.001663
0,-0.174383,0.116634,-0.105161,0.188229,-0.102134,0.192178,0.003044,0.002036
0,-1.599107,0.664984,-1.401356,0.527982,-1.450974,0.495567,0.003362,0.003788
0,-2.440594,1.058977,-0.844886,0.417496,-0.885207,0.451679,0.003507,0.002847
0,-3.377033,0.831492,-0.934992,-0.250949,-0.89061,-0.297962,0.003603,0.001123
0,-3.303495,0.944909,0.067302,0.114134,0.10768,0.142211,0.002932,0.000856
0,-2.6471,0.947701,0.678238,0.006564,0.669499,-0.001394,0.000707,0.000905
0,-2.091667,0.841738,0.560203,-0.107797,0.517986,-0.117106,0.002583,0.000945
0,-1.825744,0.565215,0.269481,-0.299846,0.282007,-0.300329,0.000594,0.002047
0,-1.478053,0.2709,0.375798,-0.280026,0.387999,-0.240844,0.002343,0.00309
0,-0.600083,0.090902,0.870068,-0.188808,0.853411,-0.14566,0.002656,0.001587
0,-0.213393,0.221303,0.376829,0.135251,0.367074,0.105916,0.003724,0.003862
0,0.070379,0.101507,0.282915,-0.106562,0.298384,-0.147861,0.001228,0.001772
0,-0.011641,-0.00257,-0.066057,-0.132791,-0.071154,-0.121828,0.000203,4.5e-05
0,0.075218,0.045015,0.088649,0.046005,0.117329,0.084155,0.001313,0.000786
0,0.212582,-0.086831,0.1616,-0.135323,0.170318,-0.129662,0.00371,0.001515
0,0.159552,-0.049115,-0.059444,0.065881,-0.029835,0.093409,0.002785,0.000857
0,0.171762,0.172456,0.013286,0.228171,0.031035,0.195284,0.002998,0.00301
0,0.003467,0.087578,-0.185472,-0.111196,-0.150735,-0.158064,6.1e-05,0.001529
0,0.110685,0.006185,0.083587,-0.090412,0.11482,-0.058096,0.001932,0.000108
0,0.178017,0.081609,0.06965,0.052769,0.032182,0.052143,0.003107,0.001424
0,0.139006,-0.083573,-0.030621,-0.172802,-0.073972,-0.160948,0.002426,0.001459
0,0.183832,0.125905,0.074593,0.218539,0.102682,0.258107,0.003208,0.002197
0,0.01307,0.040997,-0.153931,-0.114335,-0.186733,-0.1472,0.000228,0.000716
0,0.014228,-0.105695,0.029616,-0.139095,0.021238,-0.115229,0.000248,0.001845
0,0.107049,0.113707,0.11995,0.231433,0.071238,0.205653,0.001868,0.001985
0,0.184539,0.153543,0.094046,0.018287,0.057992,0.038925,0.003221,0.00268
0,0.138765,-0.006674,-0.027549,-0.177042,-0.016115,-0.138644,0.002422,0.000116
0,0.105338,0.073766,-0.008553,0.054305,0.007016,0.084343,0.001838,0.001287
0,0.111066,0.097369,0.017076,0.031793,0.024156,-0.017914,0.001938,0.001699
0,-0.04911,-0.155226,-0.171281,-0.274192,-0.146873,-0.317123,0.000857,0.002709
0,0.117757,-0.165494,0.163528,-0.035458,0.164711,-0.046343,0.002055,0.002888
0,0.089354,0.016893,-0.011277,0.195595,-0.024144,0.222108,0.00156,0.000295
0,-0.012411,-0.056647,-0.12419,-0.099999,-0.120692,-0.059701,0.000217,0.000989
0,-0.008455,-0.006982,0.00377,0.031949,-0.012428,-0.015197,0.000148,0.000122
0,0.163368,0.071107,0.167914,0.0704,0.200096,0.035456,0.002851,0.001241
0,-0.143753,-0.088046,-0.333772,-0.179089,-0.297704,-0.206242,0.002509,0.001537
0,0.097621,-0.047845,0.245917,0.022687,0.230448,0.003479,0.001704,0.000835
0,0.070566,0.133553,-0.01712,0.201835,0.017399,0.182265,0.001232,0.002331
0,0.038772,-0.06019,-0.013475,-0.21659,0.034466,-0.190548,0.000677,0.001051
0,0.116814,0.153061,0.093962,0.238121,0.08055,0.230469,0.002039,0.002671
0,-0.074726,0.029918,-0.172944,-0.114689,-0.123886,-0.109678,0.001304,0.000522
0,0.098729,-0.067198,0.187317,-0.125292,0.16468,-0.127918,0.001723,0.001173
0,0.07898,0.144182,0.00311,0.237518,-0.002306,0.228382,0.001378,0.002516
0,-0.106501,-0.132206,-0.1878,-0.260853,-0.153592,-0.301983,0.001859,0.002307
0,-0.008141,-0.13668,0.074466,-0.011148,0.063552,0.014851,0.000142,0.002386
0,0.004008,0.067739,0.039881,0.17878,0.043766,0.161913,7e-05,0.001182
0,0.036623,0.028875,0.0625,-0.029424,0.037735,-0.041917,0.000639,0.000504
0,-0.03536,-0.147592,-0.098253,-0.17319,-0.088172,-0.157735,0.000617,0.002576
0,0.016099,0.019958,0.064724,0.142997,0.089768,0.165027,0.000281,0.000348
0,0.178274,-0.053681,0.169609,-0.054322,0.145687,-0.050839,0.003111,0.000937
0,-0.046355,-0.012669,-0.232828,0.024403,-0.237771,-0.02032,0.000809,0.000221
0,0.119624,-0.070624,0.168352,-0.046166,0.131135,-0.091639,0.002088,0.001233
0,0.121574,-0.055113,0.011596,0.045293,-0.006366,0.033385,0.002122,0.000962
0,0.130625,-0.034111,-0.016449,0.00967,-0.003486,0.033201,0.00228,0.000595
0,-0.030946,-0.061217,-0.149958,-0.010466,-0.13502,-0.056708,0.00054,0.001068
0,-0.001609,-0.066032,0.039341,-0.026114,0.017398,0.001129,2.8e-05,0.001152
0,0.083483,-0.141369,0.056109,-0.065272,0.072448,-0.084359,0.001457,0.002467
0,0.140011,-0.058503,0.039535,0.071668,0.071368,0.037098,0.002444,0.001021
0,0.148562,-0.074102,0.013248,0.005588,-0.025517,0.033353,0.002593,0.001293
0,0.098653,-0.036963,-0.049648,0.018339,-0.087972,-0.02446,0.001722,0.000645
0,0.143265,-0.122948,0.022901,-0.06772,0.026069,-0.096718,0.0025,0.002146
0,0.007477,0.037985,-0.118826,0.183295,-0.086198,0.189561,0.00013,0.000663
0,0.102231,0.022155,0.099617,-0.038563,0.077858,-0.077889,0.001784,0.000387
0,0.141567,0.108965,0.060509,0.058688,0.071067,0.106681,0.002471,0.001902
0,0.130965,0.103934,-0.039348,-0.025398,-0.067287,-0.028315,0.002286,0.001814
0,-0.07256,0.118464,-0.207546,0.008081,-0.187649,0.017296,0.001266,0.002068
0,-0.090758,0.095607,-0.035358,-0.034976,-0.010233,-0.024701,0.001584,0.001669
0,-0.043725,-0.131351,0.021037,-0.238062,-0.028378,-0.26184,0.000763,0.002293
0,-0.001144,0.045951,0.017761,0.204646,-0.009165,0.173516,2e-05,0.000802
0,0.033389,0.064627,0.007527,-0.001776,0.021029,-0.015649,0.000583,0.001128
0,-0.161911,0.060139,-0.192148,-0.003914,-0.218285,-0.009637,0.002826,0.00105
0,0.105164,0.156559,0.288791,0.124126,0.258075,0.13841,0.001835,0.002732
0,-0.021738,0.155858,-0.097445,-0.02511,-0.125852,-0.008761,0.000379,0.00272
0,-0.171281,0.12707,-0.138128,-0.034425,-0.094113,-0.067249,0.002989,0.002218
0,0.0668,0.136262,0.253149,0.01748,0.292257,0.064734,0.001166,0.002378
0,0.113361,-0.102693,0.068001,-0.258623,0.076251,-0.305573,0.001979,0.001792
0,-0.040688,-0.120622,-0.174722,-0.025882,-0.193777,0.02231,0.00071,0.002105
0,-0.09237,0.11717,-0.046308,0.264818,-0.007813,0.286992,0.001612,0.002045
0,-0.047905,-0.068327,0.059614,-0.187836,0.1025,-0.170459,0.000836,0.001193
0,0.008144,-0.067986,0.036991,-0.004889,0.082442,-0.036483,0.000142,0.001187
0,-0.075371,-0.041701,-0.106488,0.026724,-0.11891,0.069112,0.001315,0.000728
0,-0.086326,-0.023342,-0.035568,0.028932,-0.062695,0.034142,0.001507,0.000407
0,0.00879,-0.113163,0.109495,-0.114762,0.146235,-0.067805,0.000153,0.001975
0,0.004187,-0.029586,-0.013994,0.102512,-0.054338,0.055131,7.3e-05,0.000516
0,-0.146586,0.130879,-0.156782,0.169345,-0.184094,0.126761,0.002558,0.002284
0,0.023953,0.093548,0.177346,-0.017281,0.191757,-0.011617,0.000418,0.001633
0,0.002038,0.0756,-0.037307,-0.020312,-0.076838,-0.06883,3.6e-05,0.001319
0,0.074274,-0.064017,0.051979,-0.127489,0.016289,-0.142482,0.001296,0.001117
0,0.124665,0.033478,0.062972,0.100577,0.034874,0.126696,0.002176,0.000584
0,-0.067683,0.067144,-0.165252,0.010793,-0.175631,-0.00359,0.001181,0.001172
0,0.106457,0.01954,0.169292,-0.033705,0.167024,0.003646,0.001858,0.000341
0,0.153602,-0.122193,0.07288,-0.137909,0.028488,-0.141533,0.002681,0.002133
0,0.154579,0.099774,-0.027463,0.200324,-0.034031,0.182985,0.002698,0.001741
0,0.032412,-0.08055,-0.112891,-0.18341,-0.116102,-0.193103,0.000566,0.001406
0,0.109737,-0.099196,0.050435,-0.030772,0.040811,0.017534,0.001915,0.001731
0,0.102854,-0.074465,-0.030686,0.050985,-0.072616,0.040494,0.001795,0.0013
0,-0.051765,-0.072574,-0.126095,0.023246,-0.160469,-0.018037,0.000903,0.001267
0,0.103281,0.004463,0.157293,0.101482,0.189479,0.117447,0.001803,7.8e-05
0,0.157657,0.068188,0.044959,0.040785,0.014792,0.065475,0.002752,0.00119
0,0.180874,0.042119,0.044271,-0.034131,0.011393,0.009955,0.003157,0.000735
0,0.104104,0.074529,-0.052466,0.01756,-0.036116,0.019354,0.001817,0.001301
0,0.12656,-0.125558,0.018699,-0.182153,0.032963,-0.202016,0.002209,0.002191
0,0.086444,0.064028,-0.038913,0.16044,-0.024004,0.125339,0.001509,0.001117
0,0.059461,0.066866,-0.016336,-0.004772,0.020883,0.042015,0.001038,0.001167
0,0.080587,-0.194841,0.048797,-0.255019,0.051245,-0.231257,0.001407,0.003401
0,0.060044,-0.081306,-0.019968,0.102523,0.009068,0.09222,0.001048,0.001419
0,0.217751,0.02773,0.177609,0.127215,0.132276,0.098503,0.0038,0.000484
0,0.003522,-0.130849,-0.214337,-0.16721,-0.193055,-0.118194,6.1e-05,0.002284
0,0.176838,0.008242,0.174891,0.157641,0.160369,0.110287,0.003086,0.000144
0,0.095257,-0.19634,-0.082278,-0.192786,-0.112155,-0.17182,0.001663,0.003427
0,0.006398,-0.015266,-0.081399,0.207685,-0.118829,0.215983,0.000112,0.000266
0,0.18527,-0.150543,0.186916,-0.147922,0.147972,-0.159475,0.003234,0.002627
0,0.047944,0.007822,-0.119717,0.183344,-0.080466,0.171099,0.000837,0.000137
0,0.104469,-0.216862,0.075939,-0.251201,0.093478,-0.206473,0.001823,0.003785
0,0.236061,-0.203943,0.133378,0.006905,0.134858,0.00675,0.003698,0.003559
0,0.110035,-0.143013,-0.132143,0.069988,-0.100728,0.045534,0.00192,0.002496
0,0.110573,-0.168232,0.005405,-0.044234,-0.037919,-0.016578,0.00193,0.002936
0,0.189071,-0.098868,0.077339,0.074388,0.100356,0.117826,0.0033,0.001726
0,0.19906,0.086418,0.031171,0.214334,0.078106,0.237405,0.003474,0.001508
0,-0.058554,0.015085,-0.284714,-0.080672,-0.280943,-0.079552,0.001022,0.000263
0,-0.013335,0.040032,0.031034,0.011919,0.040347,-0.035171,0.000233,0.000699
0,0.023047,-0.015324,0.051603,-0.039589,0.044699,-0.020959,0.000402,0.000267
0,-0.109964,0.11574,-0.151985,0.152298,-0.18354,0.134412,0.001919,0.00202
0,0.076331,-0.147045,0.175883,-0.281077,0.209381,-0.25421,0.001332,0.002566
0,0.148034,-0.08088,0.057016,0.042737,0.034393,0.056409,0.002584,0.001412
0,0.034859,0.022288,-0.142659,0.08518,-0.103117,0.072164,0.000608,0.000389
0,-0.022653,-0.081969,-0.028513,-0.093314,-0.067676,-0.09278,0.000395,0.001431
0,-0.007048,-0.143172,0.020353,-0.08324,0.013988,-0.055677,0.000123,0.002499
0,0.036506,-0.156181,0.05829,-0.014262,0.091803,-0.019906,0.000637,0.002726
0,0.037523,0.056387,-0.011452,0.201824,0.037133,0.180913,0.000655,0.000984
0,-0.092989,-0.001431,-0.123682,-0.062795,-0.132449,-0.040531,0.001623,2.5e-05
0,0.022437,0.068883,0.110966,0.084172,0.133397,0.122997,0.000392,0.001202
0,0.037074,-0.016548,0.017972,-0.07536,-0.004485,-0.052025,0.000647,0.000289
0,0.234225,0.048483,0.224777,0.065203,0.181052,0.090832,0.00373,0.000846
0,0.173079,0.048137,-0.038372,0.022389,-0.051063,-0.009938,0.003021,0.00084
0,0.214253,-0.111249,0.04161,-0.132875,0.050991,-0.127023,0.003739,0.001942
0,0.193957,-0.02194,-0.039363,0.116888,-0.028089,0.145381,0.003385,0.000383
0,0.213744,0.091407,0.034869,0.088698,0.039722,0.063367,0.003731,0.001595
0,0.16294,0.082896,-0.029657,0.020679,-0.061987,0.057574,0.002844,0.001447
0,0.153154,0.004268,-0.019326,-0.076177,-0.041193,-0.107396,0.002673,7.4e-05
0,0.157293,0.049443,0.00681,0.017373,-0.018309,0.057893,0.002745,0.000863
0,-0.035586,0.063492,-0.20211,0.007356,-0.155051,0.015063,0.000621,0.001108
0,0.066013,0.155405,0.119442,0.095926,0.140027,0.097206,0.001152,0.002712
0,0.033023,0.028768,-0.011182,-0.104012,-0.061027,-0.124933,0.000576,0.000502
0,0.144587,-0.095259,0.13798,-0.108498,0.09612,-0.126317,0.002524,0.001663
0,0.049418,0.15395,-0.093943,0.232296,-0.04683,0.183288,0.000863,0.002687
0,0.235439,0.126857,0.172034,-0.027234,0.15313,-0.06927,0.003709,0.002214
0,0.042375,-0.068679,-0.202838,-0.211679,-0.157044,-0.238796,0.00074,0.001199
0,0.09872,-0.067712,0.037997,0.020498,-0.00533,0.059565,0.001723,0.001182
0,-0.022199,0.07978,-0.110996,0.176941,-0.099264,0.13421,0.000387,0.001392
0,0.201949,-0.048644,0.219243,-0.111953,0.176062,-0.127064,0.003525,0.000849
0,0.098043,0.029729,-0.10932,0.054068,-0.061446,0.087596,0.001711,0.000519
0,0.163119,-0.153986,0.0807,-0.195476,0.118472,-0.197601,0.002847,0.002688
0,0.188974,-0.068082,0.053951,0.078984,0.081284,0.094236,0.003298,0.001188
0,0.103997,-0.178432,-0.094936,-0.094299,-0.071893,-0.103011,0.001815,0.003114
0,0.096616,-0.005215,-0.029423,0.169908,-0.013054,0.217672,0.001686,9.1e-05
0,-0.056447,-0.191134,-0.129585,-0.17258,-0.093887,-0.167297,0.000985,0.003336
0,0.136876,-0.125907,0.190997,0.066504,0.21001,0.065564,0.002389,0.002197
0,-0.107651,-0.142957,-0.24559,-0.021016,-0.213503,-0.020847,0.001879,0.002495
0,-0.005125,-0.139899,0.129984,0.015889,0.080756,-0.020711,8.9e-05,0.002442
0,0.112345,-0.002823,0.109609,0.138083,0.123642,0.187836,0.001961,4.9e-05
0,0.048692,0.106946,-0.036458,0.118163,0.002431,0.165187,0.00085,0.001867
0,0.256084,-0.022614,0.234407,-0.123376,0.227245,-0.084709,0.003348,0.000395
0,0.267283,0.100893,0.001915,0.096826,0.008832,0.09285,0.003153,0.001761
0,-0.008302,-0.129004,-0.268381,-0.22196,-0.289354,-0.178022,0.000145,0.002252
0,0.201715,-0.065153,0.185644,0.075302,0.157308,0.098132,0.003521,0.001137
0,0.267886,0.130287,0.092368,0.198422,0.134402,0.158823,0.003142,0.002274
0,-0.030082,-0.126617,-0.293797,-0.282562,-0.334821,-0.319626,0.000525,0.00221
0,0.136751,0.128657,0.149935,0.248932,0.148855,0.217317,0.002387,0.002245
0,0.105371,-0.146782,-0.040801,-0.271468,-0.003622,-0.243222,0.001839,0.002562
0,-0.032224,0.124312,-0.139187,0.25676,-0.185054,0.265212,0.000562,0.00217
0,0.149186,-0.051672,0.201326,-0.15645,0.156082,-0.174237,0.002604,0.000902
0,-0.048172,0.089011,-0.174538,0.13987,-0.223479,0.174436,0.000841,0.001554
0,0.05658,-0.052206,0.122695,-0.143349,0.152487,-0.100946,0.000988,0.000911
0,-0.100761,-0.043955,-0.179276,0.001644,-0.214588,0.010554,0.001759,0.000767
0,0.147663,-0.054818,0.265182,-0.01344,0.247967,0.029931,0.002577,0.000957
0,0.100127,-0.035105,-0.032846,-0.004717,-0.03905,-0.051377,0.001748,0.000613
0,-0.014859,-0.07852,-0.092042,-0.065715,-0.08395,-0.060343,0.000259,0.00137
0,-0.06281,0.113277,-0.047787,0.212241,-0.012141,0.192534,0.001096,0.001977
0,0.040541,0.019563,0.079113,-0.094987,0.127333,-0.061839,0.000708,0.000341
0,0.072064,-0.056024,0.021608,-0.0683,0.063134,-0.030989,0.001258,0.000978
0,0.185245,-0.096016,0.11882,-0.057858,0.143823,-0.030159,0.003233,0.001676
0,0.18961,0.10109,0.006238,0.169418,-0.011948,0.173469,0.003309,0.001764
0,0.226484,0.041438,0.054964,-0.088698,0.013804,-0.119428,0.003865,0.000723
0,0.162971,0.000695,-0.084361,-0.021795,-0.116748,0.021487,0.002844,1.2e-05
0,-0.015133,-0.010272,-0.189842,0.018278,-0.212971,-0.014712,0.000264,0.000179
0,0.024993,-0.070404,0.056563,-0.062032,0.029065,-0.018508,0.000436,0.001229
0,0.003754,-0.026484,-0.007736,0.019497,-0.020985,0.036941,6.6e-05,0.000462
0,-0.091997,0.063213,-0.125183,0.118877,-0.167258,0.076553,0.001606,0.001103
0,0.051189,-0.099794,0.159408,-0.168472,0.186305,-0.206815,0.000893,0.001742
0,0.061258,-0.118227,0.01046,-0.009008,-0.01445,0.031544,0.001069,0.002063
0,0.169277,-0.071191,0.078351,0.029171,0.046579,0.000996,0.002954,0.001243
0,0.185308,0.091376,0.040146,0.167336,0.079202,0.127044,0.003234,0.001595
0,-0.04205,-0.109861,-0.249639,-0.181391,-0.250033,-0.133311,0.000734,0.001917
0,0.383378,1.370964,0.414213,1.470449,0.438925,1.451579,0.001127,0.000474
0,0.995453,1.591748,0.597675,0.19735,0.63788,0.179342,0.001738,0.00349
0,1.127629,1.513773,0.115426,-0.075845,0.123206,-0.106499,0.003773,0.002967
0,1.066403,1.38521,-0.057815,-0.101297,-0.103934,-0.066306,0.002976,0.000723
0,0.554908,1.469407,-0.503096,0.108885,-0.493374,0.134712,0.001867,0.002192
0,0.655023,1.18163,0.091543,-0.264556,0.067079,-0.218259,0.003614,0.00283
0,0.535463,0.985437,-0.101754,-0.189806,-0.072189,-0.168344,0.001528,0.001563
0,0.508439,0.678508,-0.0025,-0.329002,-0.049757,-0.295234,0.001056,0.003794
0,0.207602,0.39799,-0.271333,-0.298228,-0.290957,-0.279488,0.003623,0.000872
0,0.311421,0.332421,0.098378,-0.062229,0.10187,-0.019023,0.002383,0.002016
0,0.096891,0.134138,-0.216595,-0.20241,-0.22527,-0.222008,0.001691,0.002341
0,0.174351,-0.038589,0.091632,-0.198803,0.119282,-0.239699,0.003043,0.000674
0,-0.074842,-0.205202,-0.276658,-0.180893,-0.234491,-0.164673,0.001306,0.003581
0,0.146653,-0.185549,0.220337,0.001313,0.183386,-0.008607,0.00256,0.003238
0,-0.052761,-0.171286,-0.225311,0.003886,-0.205337,0.045316,0.000921,0.00299
0,-0.075859,-0.35498,-0.019798,-0.155004,-0.039172,-0.165203,0.001324,0.001622
0,-0.066358,-0.22776,0.022731,0.141877,0.043503,0.189291,0.001158,0.003843
0,-0.038956,-0.172316,0.029005,0.077366,0.027763,0.106843,0.00068,0.003007
0,-0.07263,-0.085443,-0.046148,0.086377,-0.008426,0.068141,0.001268,0.001491
0,0.014061,0.087895,0.073046,0.196046,0.027649,0.152722,0.000245,0.001534
0,-0.170783,0.100117,-0.161993,0.024629,-0.157566,0.053567,0.002981,0.001747
0,-0.039932,-0.128342,0.152169,-0.232166,0.171112,-0.232243,0.000697,0.00224
0,-0.095506,0.073026,-0.069131,0.221807,-0.104828,0.176709,0.001667,0.001275
0,-0.048505,0.117246,0.06778,0.03105,0.06341,0.000982,0.000847,0.002046
0,0.099084,0.036935,0.136351,-0.07558,0.176908,-0.078441,0.001729,0.000645
0,-0.006784,-0.056721,-0.101823,-0.0927,-0.077522,-0.061615,0.000118,0.00099
0,0.059931,-0.085467,0.048649,-0.032255,0.017346,-0.002656,0.001046,0.001492
0,-0.0064,-0.14131,-0.072045,-0.057456,-0.068529,-0.057061,0.000112,0.002466
0,-0.101033,-0.114954,-0.104774,0.025223,-0.079195,-0.004252,0.001763,0.002006
0,0.018715,-0.112756,0.099798,0.000313,0.081353,-0.011763,0.000327,0.001968
0,0.082258,-0.122335,0.089351,-0.035516,0.055348,0.009741,0.001436,0.002135
0,0.100108,-0.072596,-0.008938,0.069919,0.007243,0.083153,0.001747,0.001267
0,-0.049544,0.071179,-0.133191,0.148649,-0.107681,0.142331,0.000865,0.001242
0,-0.000513,0.010557,0.066121,-0.055955,0.044565,-0.051067,9e-06,0.000184
0,0.124989,0.121598,0.105908,0.126203,0.120322,0.147811,0.002181,0.002122
0,-0.13165,-0.073146,-0.283472,-0.222517,-0.295623,-0.18953,0.002298,0.001277
0,-0.02559,-0.067121,0.081575,0.023102,0.113322,-0.015548,0.000447,0.001171
0,-0.034562,-0.110417,-0.003416,-0.027183,0.024781,-0.006265,0.000603,0.001927
0,0.076118,0.080827,0.122965,0.216281,0.118001,0.181422,0.001329,0.001411
0,-0.108281,-0.005157,-0.18373,-0.114741,-0.150729,-0.16282,0.00189,9e-05
0,-0.096588,-0.047671,0.027277,-0.066138,-0.016395,-0.065358,0.001686,0.000832
0,-0.015742,0.061313,0.107945,0.101106,0.114043,0.111651,0.000275,0.00107
0,-0.009312,-0.03172,0.006716,-0.065871,0.040501,-0.087456,0.000163,0.000554
0,-0.124626,-0.036881,-0.132935,-0.031043,-0.086123,-0.046258,0.002175,0.000644
0,-0.15968,-0.127445,-0.009514,-0.11962,-0.045479,-0.153073,0.002787,0.002224
0,-0.008955,0.034681,0.163381,0.152866,0.208039,0.15219,0.000156,0.000605
0,0.062202,0.006357,0.066652,-0.010887,0.068657,-0.017285,0.001086,0.000111
0,0.024443,0.054893,-0.029896,0.054259,-0.013133,0.095732,0.000427,0.000958
0,0.135547,-0.040973,0.128675,-0.113066,0.137537,-0.158215,0.002366,0.000715
0,1.599983,0.457961,1.459054,0.502441,1.428049,0.487493,0.003347,0.000175
0,2.787577,1.508399,1.206307,1.041373,1.166881,1.091238,0.001745,0.002873
0,3.65189,1.797212,0.884106,0.267469,0.89692,0.27229,0.001194,9.6e-05
0,2.119937,2.006644,-1.508298,0.232473,-1.528837,0.265342,0.00209,0.003751
0,0.545323,2.852302,-1.573366,0.823732,-1.583973,0.792905,0.0017,0.002875
0,-0.76806,2.978459,-1.293967,0.154917,-1.325216,0.117174,0.002231,0.002741
0,-1.156125,2.710724,-0.358206,-0.240286,-0.400597,-0.229582,0.003275,0.000404
0,-1.21909,2.615972,-0.072334,-0.080942,-0.054319,-0.104306,0.002177,0.00125
0,-1.067524,2.223639,0.156341,-0.421646,0.107507,-0.442534,0.002996,0.00028
0,-0.866445,1.455579,0.228125,-0.796496,0.198572,-0.835107,0.000513,0.001951
0,-0.819473,0.80495,0.070597,-0.643622,0.118344,-0.672034,0.001333,0.001587
0,-0.518705,0.514644,0.293429,-0.260579,0.243453,-0.25925,0.001235,0.001164
0,-0.300906,0.354617,0.244078,-0.177926,0.279178,-0.18983,0.002566,0.001629
0,-0.176522,0.009125,0.127369,-0.317337,0.104757,-0.337358,0.003081,0.000159
0,-0.312723,-0.197993,-0.160679,-0.204463,-0.13647,-0.216157,0.00236,0.003456
0,-0.256054,-0.35017,0.044826,-0.156644,-0.003042,-0.206336,0.003349,0.001706
0,0.023443,-0.534235,0.285471,-0.202126,0.26871,-0.237622,0.000409,0.001506
0,0.043685,-0.180872,0.025546,0.333861,-0.016598,0.328238,0.000762,0.003157
0,0.126423,-0.238458,0.074167,-0.063427,0.119456,-0.015631,0.002207,0.003656
0,0.000301,-0.203516,-0.151341,0.06272,-0.177819,0.020694,5e-06,0.003552
0,0.121255,-0.26645,0.144661,-0.044908,0.110139,-0.065533,0.002116,0.003167
0,0.081049,-0.103409,-0.064157,0.153433,-0.108521,0.186509,0.001415,0.001805
0,0.067886,-0.028983,-0.030999,0.090403,-0.004083,0.062319,0.001185,0.000506
0,0.302518,-0.032767,0.232017,0.01289,0.256919,-0.0292,0.002538,0.000572
0,0.066437,0.060613,-0.220035,0.107945,-0.235036,0.111253,0.00116,0.001058
0,0.168716,0.028855,0.098779,-0.060941,0.056986,-0.088367,0.002945,0.000504
0,0.129194,-0.019283,-0.014924,-0.036576,-0.023186,-0.08574,0.002255,0.000337
0,-0.036109,-0.094824,-0.192726,-0.080071,-0.157366,-0.07962,0.00063,0.001655
0,0.129815,0.112919,0.153646,0.235196,0.191639,0.259618,0.002266,0.001971
0,0.031806,-0.021079,-0.069326,-0.159675,-0.036387,-0.159958,0.000555,0.000368
0,0.049089,0.152051,0.011645,0.188421,0.036697,0.204036,0.000857,0.002654
0,-0.017259,-0.06008,-0.053995,-0.217472,-0.067056,-0.228327,0.000301,0.001049
0,-0.030185,-0.01641,-0.041356,0.023876,-0.070409,-0.012699,0.000527,0.000286
0,-0.03519,0.109647,-0.012559,0.123987,-0.008705,0.098297,0.000614,0.001914
0,0.130948,0.08152,0.140365,-0.003029,0.129557,-0.019493,0.002285,0.001423
0,0.022361,0.031818,-0.117877,-0.071665,-0.153411,-0.044412,0.00039,0.000555
0,-0.035068,0.038048,-0.046463,0.026185,-0.092648,0.006173,0.000612,0.000664
0,-0.055733,-0.034528,-0.039882,-0.093735,-0.046983,-0.118711,0.000973,0.000603
0,0.070352,-0.035694,0.148674,-0.011302,0.176943,-0.038925,0.001228,0.000623
0,-0.063917,0.160629,-0.155674,0.173222,-0.136731,0.139685,0.001116,0.002804
0,0.148387,0.081791,0.234878,-0.085336,0.224298,-0.105738,0.00259,0.001428
0,0.104352,-0.015544,-0.038406,-0.109566,-0.030227,-0.131328,0.001821,0.000271
0,-1.279015,-0.268092,-1.389604,-0.263845,-1.431946,-0.30167,0.001131,0.003139
0,-1.68337,-1.140464,-0.414813,-0.852502,-0.40879,-0.844757,0.001891,0.003549
0,-1.60216,-1.295069,0.060827,-0.132216,0.102851,-0.128471,0.003309,0.00085
0,-1.74405,-1.513269,-0.164944,-0.217676,-0.117321,-0.183463,0.000832,0.002958
0,-1.500402,-1.46495,0.245814,0.052242,0.256582,0.065511,0.002733,0.002115
0,-1.110149,-1.807824,0.374252,-0.337705,0.363982,-0.378113,0.00374,0.000281
0,-0.883966,-1.616592,0.22017,0.166437,0.21309,0.21153,0.000208,0.003057
0,-0.47669,-1.420938,0.400125,0.179989,0.399402,0.167764,0.000502,0.001346
0,-0.534536,-1.01599,-0.050106,0.382699,-0.051045,0.414149,0.001512,0.002097
0,-0.483397,-0.535118,0.040628,0.508303,0.0324,0.552698,0.000619,0.001522
0,-0.157587,-0.415457,0.3304,0.095729,0.352601,0.051121,0.00275,0.000567
0,-0.180187,0.08358,-0.049268,0.51184,0.000196,0.498708,0.003145,0.001459
0,-0.002536,0.145448,0.166216,0.034992,0.120932,0.044346,4.4e-05,0.002539
0,0.104774,0.062951,0.097259,-0.085033,0.12771,-0.094672,0.001829,0.001099
0,-0.015041,0.197185,-0.115175,0.151979,-0.137519,0.177817,0.000263,0.003442
0,0.12821,0.256578,0.160868,0.07888,0.111154,0.03525,0.002238,0.00334
0,0.22591,0.38783,0.124846,0.141571,0.090834,0.146504,0.003875,0.001049
0,0.14727,0.02167,-0.101679,-0.356319,-0.117117,-0.35248,0.00257,0.000378
0,0.149819,0.012583,0.00787,0.019773,0.0512,0.054311,0.002615,0.00022
0,-0.080881,0.096746,-0.23699,0.10714,-0.267282,0.146792,0.001412,0.001689
0,0.085042,0.054842,0.167302,-0.024595,0.209787,-0.060222,0.001484,0.000957
0,0.121265,-0.006758,0.023925,-0.090617,0.007383,-0.071443,0.002116,0.000118
0,0.039065,0.124846,-0.060148,0.114648,-0.061787,0.069562,0.000682,0.002179
0,0.058698,0.18148,0.03606,0.064706,0.046649,0.091758,0.001024,0.003167
0,-0.101688,0.149072,-0.167203,-0.008688,-0.157268,-0.000156,0.001775,0.002602
0,0.050793,0.106539,0.152523,-0.057321,0.1339,-0.082718,0.000887,0.001859
0,-0.083098,0.093872,-0.108777,-0.011891,-0.066181,0.015677,0.00145,0.001638
0,-0.043091,0.009849,0.066511,-0.082192,0.04622,-0.117006,0.000752,0.000172
0,0.138058,-0.072879,0.152365,-0.084109,0.167791,-0.113607,0.00241,0.001272
0,-0.102374,-0.008004,-0.242145,0.094522,-0.254782,0.086235,0.001787,0.00014
0,0.013548,0.142183,0.140678,0.155435,0.092619,0.190793,0.000236,0.002482
0,0.086499,0.08101,0.044461,-0.070656,0.007745,-0.116097,0.00151,0.001414
0,0.030699,0.110662,-0.084272,0.021643,-0.044278,0.06318,0.000536,0.001931
0,0.105767,0.09733,0.091625,-0.007096,0.046199,-0.043306,0.001846,0.001699
0,-0.132798,0.050833,-0.268531,-0.05413,-0.298752,-0.076589,0.002318,0.000887
0,-0.041465,0.117623,0.079848,0.071501,0.038749,0.071647,0.000724,0.002053
0,-0.103075,0.085781,-0.069101,-0.034539,-0.06723,-0.025589,0.001799,0.001497
0,-0.141245,-0.061301,-0.031216,-0.167803,-0.042734,-0.154523,0.002465,0.00107
0,-0.155374,-0.036525,-0.005765,0.04318,-0.034876,0.027668,0.002712,0.000637
0,0.056342,0.171415,0.217965,0.194326,0.261393,0.159509,0.000983,0.002992
0,-0.072208,0.039584,-0.149438,-0.141155,-0.132358,-0.162189,0.00126,0.000691
0,0.090458,-0.124351,0.145188,-0.188092,0.186659,-0.139457,0.001579,0.00217
0,0.12815,0.024343,0.02131,0.167527,0.062804,0.157453,0.002237,0.000425
0,-0.049043,0.049495,-0.170245,0.003189,-0.134097,0.025952,0.000856,0.000864
0,-0.117644,-0.140756,-0.077001,-0.172514,-0.072262,-0.154783,0.002053,0.002457
0,-0.188769,-0.034736,-0.094494,0.114472,-0.089297,0.106429,0.003295,0.000606
0,0.038694,-0.148969,0.244539,-0.093591,0.272244,-0.062696,0.000675,0.0026
0,-0.132897,-0.034553,-0.160646,0.117033,-0.11218,0.113326,0.002319,0.000603
0,-0.195131,-0.121161,-0.06924,-0.107519,-0.059218,-0.141882,0.003406,0.002115
0,-0.012369,-0.135355,0.192598,-0.007212,0.220459,-0.043963,0.000216,0.002362
0,-0.20185,-0.036101,-0.196104,0.092112,-0.221433,0.07167,0.003523,0.00063
0,-0.162367,0.084928,0.045412,0.110418,0.00665,0.116561,0.002834,0.001482
0,-0.168572,0.05274,0.017751,-0.008487,0.039189,-0.045176,0.002942,0.00092
0,-0.076244,0.010019,0.078867,-0.026404,0.097972,0.006718,0.001331,0.000175
0,-0.171887,-0.112768,-0.101819,-0.146784,-0.103139,-0.189066,0.003,0.001968
0,-0.052261,0.005335,0.145146,0.116964,0.095782,0.1216,0.000912,9.3e-05
0,-0.171307,-0.021447,-0.107756,-0.037716,-0.091637,-0.056207,0.00299,0.000374
0,-0.176357,-0.103232,0.010739,-0.072538,0.041414,-0.09061,0.003078,0.001802
0,-0.206574,-0.017339,-0.03744,0.097316,-0.036893,0.097565,0.003605,0.000303
0,0.025532,0.068695,0.241794,0.08418,0.248821,0.116497,0.000446,0.001199
0,-0.217509,0.070516,-0.264142,0.011509,-0.285972,0.016589,0.003796,0.001231
0,-0.058512,0.048901,0.157649,-0.024947,0.205645,-0.047089,0.001021,0.000853
0,0.049804,-0.059907,0.128974,-0.082462,0.094614,-0.056759,0.000869,0.001046
0,0.000503,0.047511,-0.063949,0.121296,-0.090358,0.076618,9e-06,0.000829
0,0.049959,-0.053647,0.045309,-0.09602,0.003279,-0.087604,0.000872,0.000936
0,-0.008545,-0.107752,-0.057069,-0.081446,-0.036175,-0.114508,0.000149,0.001881
0,-0.078815,0.069722,-0.085602,0.185355,-0.12918,0.233416,0.001376,0.001217
0,-0.115934,-0.03671,-0.010496,-0.11628,-0.022381,-0.142149,0.002023,0.000641
0,-0.168328,-0.004616,-0.070984,0.006485,-0.043353,0.003063,0.002938,8.1e-05
0,-0.229714,-0.136303,-0.033447,-0.112585,-0.041074,-0.131657,0.003809,0.002379
0,-0.073867,-0.070582,0.13591,0.046717,0.090961,0.068277,0.001289,0.001232
0,-0.057625,-0.014209,0.041222,0.076905,0.010702,0.101334,0.001006,0.000248
0,0.072887,0.116429,0.13259,0.115291,0.147599,0.153741,0.001272,0.002032
0,-0.120659,0.063548,-0.207168,-0.071218,-0.206317,-0.062026,0.002106,0.001109
0,-0.038701,-0.156181,0.104249,-0.227222,0.054874,-0.205903,0.000675,0.002726
0,0.036956,0.007691,0.047734,0.183577,0.070043,0.19063,0.000645,0.000134
0,0.001163,0.075402,-0.016521,0.063317,0.012016,0.096363,2e-05,0.001316
0,-0.050254,0.087335,-0.027971,-0.015176,-0.030677,0.028669,0.000877,0.001524
0,0.084597,-0.137924,0.149506,-0.2445,0.106119,-0.196854,0.001476,0.002407
0,0.031358,0.121334,-0.076094,0.268191,-0.122648,0.307872,0.000547,0.002118
0,0.163974,-0.031597,0.111094,-0.14791,0.106342,-0.111965,0.002862,0.000551
0,0.037535,0.039822,-0.134827,0.071128,-0.110384,0.047835,0.000655,0.000695
0,0.263146,0.03622,0.238205,-0.030322,0.249615,-0.057144,0.003225,0.000632
0,0.120082,0.096044,-0.172364,0.036227,-0.207407,0.006052,0.002096,0.001676
0,0.200691,0.12317,0.087746,0.051119,0.040878,0.041017,0.003503,0.00215
0,0.268939,0.030647,0.090537,-0.078791,0.077463,-0.066768,0.003124,0.000535
0,0.23897,-0.116379,-0.011407,-0.174067,-0.002896,-0.221991,0.003647,0.002031
0,-0.0419,0.011747,-0.277801,0.098375,-0.257166,0.103289,0.000731,0.000205
0,-0.01453,0.096958,0.005995,0.0892,0.053519,0.097595,0.000254,0.001692
0,0.105521,-0.132147,0.12835,-0.253386,0.136961,-0.283868,0.001842,0.002306
0,-0.041654,0.114126,-0.134769,0.253078,-0.150089,0.253933,0.000727,0.001992
0,-0.056722,0.061704,-0.042431,-0.025233,-0.011827,0.003987,0.00099,0.001077
0,0.019594,-0.068632,0.103479,-0.150369,0.090388,-0.145182,0.000342,0.001198
0,0.044151,0.084322,0.017242,0.18044,0.040148,0.211925,0.000771,0.001472
0,0.109233,0.024288,0.086368,-0.036933,0.125873,-0.042682,0.001906,0.000424
0,-0.030426,0.010486,-0.155027,-0.023522,-0.160306,0.023937,0.000531,0.000183
0,-0.069945,0.151546,-0.028261,0.147427,0.013838,0.101914,0.001221,0.002645
0,-0.193262,-0.041496,-0.142606,-0.203942,-0.139715,-0.16926,0.003373,0.000724
0,-0.058773,-0.039156,0.118742,-0.015994,0.148271,0.015401,0.001026,0.000683
0,-0.066802,0.160497,-0.019964,0.195643,0.025304,0.168519,0.001166,0.002801
0,-0.123224,0.078058,-0.066745,-0.073087,-0.091581,-0.049578,0.002151,0.001362
0,-0.106458,0.018872,0.011158,-0.069349,-0.014513,-0.037672,0.001858,0.000329
0,-0.218471,0.13901,-0.118913,0.111298,-0.137039,0.097122,0.003813,0.002426
0,-0.016575,0.062688,0.229309,-0.094882,0.184978,-0.099801,0.000289,0.001094
0,-0.079572,0.088104,-0.040417,0.001319,-0.005683,0.004001,0.001389,0.001538
0,-0.0945,-0.008646,0.003821,-0.121336,-0.003909,-0.149365,0.001649,0.000151
0,-0.120899,0.145539,-0.032975,0.142854,-0.029228,0.135002,0.00211,0.00254
0,-0.012197,-0.050964,0.097735,-0.188649,0.08724,-0.153649,0.000213,0.000889
0,-0.065308,0.102166,-0.050308,0.182177,-0.096317,0.204741,0.00114,0.001783
0,-0.165387,0.061066,-0.127466,-0.045911,-0.096259,-0.038424,0.002887,0.001066
0,-0.054509,0.027112,0.131022,-0.061999,0.136078,-0.051961,0.000951,0.000473
0,-0.128989,-0.043075,-0.098395,-0.07322,-0.052412,-0.089505,0.002251,0.000752
0,0.022649,0.059818,0.172956,0.086841,0.171062,0.065215,0.000395,0.001044
0,-0.011873,-0.099188,-0.036655,-0.147041,-0.040857,-0.136015,0.000207,0.001731
0,0.025178,-0.080039,0.050443,0.045426,0.096815,0.026994,0.000439,0.001397
0,0.04668,0.06449,0.039759,0.16586,0.052626,0.197732,0.000815,0.001126
0,0.096842,0.124007,0.054035,0.087154,0.06883,0.049753,0.00169,0.002164
0,0.143159,0.016304,0.018936,-0.098465,-0.001544,-0.056594,0.002499,0.000285
0,-0.093162,0.016583,-0.258876,-0.015622,-0.275094,0.001902,0.001626,0.000289
0,0.00087,-0.030323,0.071424,-0.063004,0.09008,-0.053729,1.5e-05,0.000529
0,0.058021,0.090784,0.058324,0.112178,0.011383,0.070866,0.001013,0.001584
0,-0.038785,0.093147,-0.125468,0.015499,-0.132433,0.059594,0.000677,0.001626
0,0.173883,-0.010377,0.212839,-0.114493,0.191676,-0.123027,0.003035,0.000181
0,0.145887,0.020971,0.00077,0.008341,0.006687,-0.012141,0.002546,0.000366
0,-0.033262,-0.067229,-0.172702,-0.09565,-0.192014,-0.120991,0.000581,0.001173
0,0.072236,0.119618,0.115252,0.19588,0.151377,0.217144,0.001261,0.002088
0,-0.011596,0.102052,-0.057888,-0.02925,-0.067367,-0.048851,0.000202,0.001781
0,0.056938,-0.043553,0.09602,-0.11832,0.090435,-0.07471,0.000994,0.00076
0,0.151545,0.025638,0.072295,0.039814,0.042315,0.069337,0.002645,0.000447
0,0.050614,0.177125,-0.121623,0.176171,-0.129083,0.188579,0.000883,0.003091
0,0.037269,0.051382,-0.024876,-0.151655,-0.044137,-0.120467,0.00065,0.000897
0,0.242446,0.008955,0.202186,-0.063269,0.192321,-0.061078,0.003586,0.000156
0,0.012688,0.152691,-0.239649,0.135209,-0.267639,0.122379,0.000221,0.002665
0,0.081255,0.136359,0.09503,-0.000476,0.067824,-0.044108,0.001418,0.00238
0,0.147017,-0.042034,0.086545,-0.150702,0.085661,-0.118931,0.002566,0.000734
0,0.212066,0.096849,0.046957,0.168829,0.00289,0.173553,0.003701,0.00169
0,0.170772,0.190865,-0.013554,0.103141,-0.023057,0.146709,0.002981,0.003331
0,0.103659,0.135145,-0.088208,-0.07379,-0.059314,-0.061596,0.001809,0.002359
0,0.166314,0.004159,0.035948,-0.156673,0.057321,-0.129085,0.002903,7.3e-05
0,0.266149,0.120095,0.08184,0.118754,0.09158,0.079065,0.003173,0.002096
0,0.279349,0.142558,0.007341,0.020323,-0.035079,0.038004,0.002942,0.002488
0,0.228553,-0.034584,-0.044998,-0.171014,-0.003767,-0.219344,0.003829,0.000604
0,0.104313,0.084278,-0.143554,0.145858,-0.126317,0.150886,0.001821,0.001471
0,0.135976,-0.042612,0.01802,-0.098201,-0.009944,-0.135169,0.002373,0.000744
0,0.133351,0.084803,-0.018387,0.150166,-0.040629,0.112064,0.002327,0.00148
0,0.085186,0.093075,-0.018921,0.016827,0.006642,0.066228,0.001487,0.001624
0,-0.124672,0.099436,-0.205694,-0.007411,-0.244745,-0.008279,0.002176,0.001735
0,0.035984,-0.031312,0.147284,-0.116266,0.131515,-0.0779,0.000628,0.000546
0,0.116057,0.116706,0.08349,0.121918,0.053018,0.124824,0.002026,0.002037
0,0.109279,0.09338,-0.015152,-0.044192,-0.036225,0.003628,0.001907,0.00163
0,-0.04547,-0.091186,-0.156569,-0.184139,-0.204154,-0.187809,0.000794,0.001591
0,-0.066283,-0.024152,-0.047206,0.080809,-0.086024,0.09767,0.001157,0.000422
0,-0.023036,-0.115454,0.044832,-0.087583,-0.002065,-0.061963,0.000402,0.002015
0,0.185996,-0.070965,0.184666,0.0556,0.224289,0.053669,0.003246,0.001239
0,0.210936,0.016888,0.017892,0.098092,0.01482,0.073692,0.003682,0.000295
0,0.04886,-0.026193,-0.136183,-0.048312,-0.184114,-0.06217,0.000853,0.000457
0,-0.037691,-0.153684,-0.075313,-0.113736,-0.117145,-0.146024,0.000658,0.002682
0,-0.071507,-0.143928,-0.034321,0.009483,-0.04052,0.03804,0.001248,0.002512
0,0.05039,-0.073973,0.129944,0.049862,0.164701,0.034362,0.000879,0.001291
0,0.120613,0.025881,0.083635,0.121954,0.08408,0.148489,0.002105,0.000452
0,0.21572,-0.026211,0.120938,-0.023768,0.107746,-0.020063,0.003765,0.000457
0,0.127106,0.007003,-0.093026,0.048941,-0.046543,0.048834,0.002218,0.000122
0,0.245687,-0.04838,0.105483,-0.043561,0.147522,-0.034369,0.00353,0.000844
0,0.105868,0.031407,-0.111997,0.068056,-0.134945,0.095894,0.001848,0.000548
0,0.077692,-0.133912,-0.038147,-0.160467,-0.084073,-0.184325,0.001356,0.002337
0,-0.006342,-0.027955,-0.101023,0.083938,-0.063468,0.087174,0.000111,0.000488
0,0.203587,-0.005789,0.219629,0.001577,0.198802,-0.013003,0.003553,0.000101
0,0.079448,0.134103,-0.109432,0.126001,-0.158621,0.122315,0.001387,0.002341
0,0.038452,-0.072434,-0.061541,-0.181506,-0.060762,-0.151849,0.000671,0.001264
0,0.013534,0.129056,-0.039912,0.188735,-0.049918,0.205371,0.000236,0.002252
0,0.188708,-0.041996,0.175584,-0.148733,0.144675,-0.150173,0.003294,0.000733
0,-0.085665,0.017217,-0.283855,0.077997,-0.284178,0.082458,0.001495,0.0003
0,-0.099948,-0.069526,-0.034791,-0.110726,-0.001858,-0.157123,0.001744,0.001213
0,-0.067715,0.210053,0.047823,0.274647,0.034243,0.278181,0.001182,0.003666
0,0.109113,0.073107,0.176283,-0.14101,0.183655,-0.152398,0.001904,0.001276
0,0.008684,0.207677,-0.075587,0.150081,-0.095446,0.125031,0.000152,0.003625
0,0.113719,-0.056976,0.092896,-0.236847,0.1366,-0.273477,0.001985,0.000994
0,0.18198,0.077816,0.057152,0.14122,0.068173,0.105328,0.003176,0.001358
0,-0.089966,0.189915,-0.274849,0.118513,-0.321801,0.076173,0.00157,0.003315
0,0.015342,0.09723,0.109295,-0.091354,0.13778,-0.10368,0.000268,0.001697
0,0.010001,-0.102331,-0.023106,-0.225065,-0.057039,-0.251571,0.000175,0.001786
0,0.106308,0.079068,0.11756,0.197113,0.112262,0.196571,0.001855,0.00138
0,0.009232,-0.107067,-0.080039,-0.212171,-0.098331,-0.194158,0.000161,0.001869
0,-0.009836,0.128468,-0.02311,0.235687,-0.059255,0.262936,0.000172,0.002242
0,0.140232,0.140525,0.13759,0.010566,0.161821,0.010475,0.002448,0.002453
0,0.086537,0.038326,-0.07883,-0.106503,-0.06335,-0.057951,0.00151,0.000669
0,0.026843,0.056481,-0.044449,0.027365,-0.078319,0.025783,0.000469,0.000986
0,-0.002546,-0.062328,-0.028718,-0.101802,0.018948,-0.061868,4.4e-05,0.001088
0,0.177875,-0.066995,0.178249,-0.021532,0.149489,-0.034838,0.003104,0.001169
0,-0.12396,0.054219,-0.303163,0.122038,-0.285857,0.138392,0.002164,0.000946
0,-0.0486,0.079097,0.092301,0.01078,0.133703,-0.013856,0.000848,0.001381
0,-0.085857,-0.05609,-0.011954,-0.156072,-0.034226,-0.145083,0.001498,0.000979
0,0.052491,0.089264,0.166528,0.1483,0.130151,0.198012,0.000916,0.001558
0,0.095296,-0.002331,0.056568,-0.116443,0.104266,-0.116805,0.001663,4.1e-05
0,0.191628,-0.00434,0.073154,-0.016406,0.04507,0.024165,0.003345,7.6e-05
0,0.00954,-0.08187,-0.191861,-0.074036,-0.192901,-0.117962,0.000167,0.001429
0,0.195204,0.028518,0.182824,0.085499,0.150976,0.096305,0.003407,0.000498
0,0.253148,0.02896,0.082234,0.004509,0.065065,-0.026808,0.0034,0.000505
0,0.075698,0.155665,-0.1486,0.144239,-0.128181,0.186558,0.001321,0.002717
0,0.168082,-0.082673,0.066214,-0.234671,0.073228,-0.263544,0.002934,0.001443
0,0.100474,-0.070199,-0.062308,-0.0006,-0.08735,0.039401,0.001754,0.001225
0,0.018782,0.09847,-0.085647,0.18733,-0.088229,0.212556,0.000328,0.001719
0,0.242795,-0.10865,0.252779,-0.198589,0.20842,-0.17915,0.00358,0.001896
0,0.053813,0.113147,-0.198234,0.22538,-0.192195,0.199648,0.000939,0.001975
0,0.134768,-0.104258,0.101135,-0.23603,0.123214,-0.233204,0.002352,0.00182
0,0.216013,0.080879,0.069028,0.205679,0.118264,0.237603,0.00377,0.001412
0,0.12404,-0.082292,-0.089673,-0.178043,-0.089162,-0.173452,0.002165,0.001436
0,0.040818,0.155225,-0.10378,0.216346,-0.14903,0.246956,0.000712,0.002709
0,-0.008884,-0.068353,-0.055679,-0.245145,-0.091599,-0.204521,0.000155,0.001193
0,1.914256,-1.080588,1.913861,-0.995585,1.913837,-0.980681,0.002139,0.003224
0,2.874425,-1.772963,0.957755,-0.701857,0.924985,-0.688213,0.003261,0.000327
0,3.283842,-1.939911,0.4281,-0.137674,0.421025,-0.152947,0.002589,0.002586
0,3.977871,-1.650906,0.68419,0.305601,0.680315,0.334021,0.000934,0.002458
0,3.731672,-1.586775,-0.23778,0.089152,-0.25396,0.071523,0.002587,0.003577
0,3.57662,-1.036062,-0.143517,0.543999,-0.105481,0.575834,0.000119,0.002447
0,3.416627,-0.654562,-0.156746,0.40886,-0.127116,0.381227,0.002912,0.003606
0,2.115002,-0.67863,-1.283388,-0.039906,-1.270039,-0.013166,0.002176,0.003791
0,1.05351,-0.306891,-1.082759,0.360865,-1.073836,0.358292,0.002751,0.002462
0,0.907945,0.210434,-0.130592,0.515789,-0.157264,0.488981,0.000211,0.003673
0,0.293163,0.055009,-0.586751,-0.143399,-0.591227,-0.193126,0.002701,0.00096
0,-0.204762,0.224578,-0.486877,0.16157,-0.451613,0.160965,0.003574,0.003898
0,-0.408991,0.111446,-0.21188,-0.10693,-0.250567,-0.142541,0.00068,0.001945
0,-0.569954,0.111424,-0.139579,-0.023325,-0.094822,-0.044369,0.00213,0.001945
0,-0.540176,0.277845,0.01781,0.180847,0.04799,0.198188,0.00161,0.002969
0,-0.356927,0.188268,0.210698,-0.094505,0.182381,-0.082838,0.001588,0.003286
0,-0.45621,0.199946,-0.08167,0.032886,-0.099144,0.060753,0.000144,0.00349
0,-0.289347,0.181729,0.157878,-0.009326,0.111056,-0.058366,0.002768,0.003172
0,-0.208784,0.031907,0.054296,-0.174826,0.074533,-0.141555,0.003644,0.000557
0,-0.056977,0.203762,0.121997,0.181686,0.106011,0.228729,0.000994,0.003556
0,0.004634,-0.042904,0.087747,-0.259042,0.059528,-0.222794,8.1e-05,0.000749
0,-0.058651,0.129659,-0.069086,0.191609,-0.064682,0.156377,0.001024,0.002263
0,-0.089291,-0.071685,-0.037223,-0.220971,-0.066531,-0.171394,0.001558,0.001251
0,0.014678,0.031583,0.083066,0.093503,0.036013,0.109435,0.000256,0.000551
0,-0.225637,0.211486,-0.228025,0.198561,-0.252041,0.231108,0.00388,0.003691
0,0.067363,0.167009,0.28862,-0.034427,0.303396,-0.034742,0.001176,0.002915
0,-0.075304,0.185902,-0.113947,0.021355,-0.082648,0.007957,0.001314,0.003245
0,0.010364,-0.06413,0.098352,-0.228295,0.101565,-0.232743,0.000181,0.001119
0,-0.064832,0.014241,-0.069152,0.09199,-0.063791,0.123253,0.001132,0.000249
0,-0.029818,0.027187,0.053362,-0.012477,0.098087,-0.025465,0.00052,0.000474
0,-0.069759,-0.054832,-0.051473,-0.107759,-0.044955,-0.130725,0.001218,0.000957
0,-0.050592,0.126292,0.015018,0.175369,-0.031784,0.168167,0.000883,0.002204
0,-0.078698,0.222774,-0.052125,0.113828,-0.048493,0.155586,0.001374,0.003888
0,0.185987,0.12198,0.269616,-0.130661,0.274309,-0.10278,0.003246,0.002129
0,-0.072167,0.191267,-0.254918,0.090374,-0.274238,0.126566,0.00126,0.003338
0,0.030992,-0.015623,0.099577,-0.215492,0.112556,-0.238804,0.000541,0.000273
0,0.145607,-0.008667,0.110979,-0.014579,0.119771,-0.016062,0.002541,0.000151
0,0.10382,0.196183,-0.069784,0.194373,-0.083239,0.175182,0.001812,0.003424
0,0.203464,0.019814,0.089087,-0.190056,0.129287,-0.147452,0.003551,0.000346
0,-0.041808,-0.047436,-0.232457,-0.049466,-0.24389,-0.020493,0.00073,0.000828
0,0.05521,0.035378,0.118301,0.053861,0.080033,0.046192,0.000964,0.000617
0,0.109754,-0.032337,0.071657,-0.045168,0.065473,-0.093082,0.001916,0.000564
0,0.155344,0.094964,0.041849,0.119262,0.06759,0.090572,0.002711,0.001657
0,0.04896,0.110346,-0.11053,0.00784,-0.137881,-0.021689,0.000855,0.001926
0,-0.013481,0.114559,-0.036448,0.003262,-0.058224,0.027567,0.000235,0.001999
0,0.089474,-0.151894,0.115388,-0.275966,0.103385,-0.226204,0.001562,0.002651
0,-0.009341,-0.012404,-0.110011,0.161459,-0.077283,0.160682,0.000163,0.000216
0,0.069457,-0.020896,0.073838,0.007111,0.118999,0.010619,0.001212,0.000365
0,-0.040596,-0.102278,-0.118532,-0.093544,-0.142016,-0.135019,0.000709,0.001785
0,-0.091493,0.029235,-0.03023,0.12551,-0.067092,0.094655,0.001597,0.00051
0,-0.080935,-0.132793,-0.011324,-0.171661,-0.010921,-0.163298,0.001413,0.002318
0,0.095249,-0.160223,0.176839,-0.037069,0.130601,-0.009135,0.001662,0.002796
0,-0.105958,0.065891,-0.198269,0.212402,-0.218106,0.192429,0.001849,0.00115
0,-0.050757,-0.154474,0.052039,-0.199199,0.017349,-0.207668,0.000886,0.002696
0,-0.004428,-0.106913,0.033577,0.036764,-0.007149,0.047876,7.7e-05,0.001866
0,0.214149,-0.023272,0.214216,0.082284,0.201936,0.101723,0.003738,0.000406
0,0.116205,0.055055,-0.11052,0.102366,-0.102746,0.147447,0.002028,0.000961
0,0.154911,0.007154,0.022792,-0.071849,-0.011208,-0.050021,0.002704,0.000125
0,0.074614,-0.034635,-0.100293,-0.060664,-0.057679,-0.037378,0.001302,0.000604
0,0.205681,0.090421,0.127184,0.097703,0.080385,0.079767,0.00359,0.001578
0,-0.086633,0.07713,-0.309593,-0.004065,-0.308968,-0.022742,0.001512,0.001346
0,-0.064283,0.029632,0.043471,-0.041171,0.04087,-0.009289,0.001122,0.000517
0,-0.066737,0.015889,0.00833,-0.003325,-0.021692,-0.025645,0.001165,0.000277
0,0.11366,-0.094821,0.166287,-0.129496,0.193845,-0.156779,0.001984,0.001655
0,-0.019564,-0.148367,-0.110741,-0.03911,-0.066643,-0.034408,0.000341,0.002589
0,0.113823,-0.014525,0.135379,0.143083,0.168092,0.140298,0.001987,0.000254
0,0.00544,0.113861,-0.105461,0.106454,-0.080632,0.117921,9.5e-05,0.001987
0,-0.095544,0.034153,-0.116164,-0.054921,-0.070975,-0.02106,0.001668,0.000596
0,0.010927,0.039293,0.12743,0.019509,0.170398,0.035413,0.000191,0.000686
0,-0.012726,-0.050059,-0.041807,-0.068716,-0.085363,-0.035439,0.000222,0.000874
0,0.157809,0.15234,0.162621,0.222446,0.165374,0.192902,0.002754,0.002659
0,0.08136,0.0575,-0.101237,-0.070625,-0.100264,-0.077288,0.00142,0.001004
0,0.010586,-0.02464,-0.090051,-0.060759,-0.124787,-0.097206,0.000185,0.00043
0,0.137702,0.127692,0.156737,0.146096,0.13451,0.133329,0.002403,0.002229
0,0.09623,0.145935,-0.015342,0.025271,0.021348,0.067609,0.00168,0.002547
0,-0.027213,-0.102949,-0.141068,-0.253248,-0.161051,-0.28886,0.000475,0.001797
0,0.118713,-0.035892,0.164437,0.07243,0.12745,0.091954,0.002072,0.000626
0,-0.119733,0.075352,-0.262237,0.11896,-0.283818,0.148586,0.00209,0.001315
0,-0.048302,-0.103859,0.090602,-0.172767,0.085222,-0.196151,0.000843,0.001813
0,0.062094,0.107171,0.092361,0.205944,0.12912,0.168656,0.001084,0.00187
0,-0.042999,0.071937,-0.100433,-0.056345,-0.058535,-0.024593,0.00075,0.001256
0,-0.198751,-0.113356,-0.165963,-0.179356,-0.12036,-0.134997,0.003469,0.001978
0,-0.070915,0.06612,0.113307,0.178387,0.122358,0.217999,0.001238,0.001154
0,0.07985,-0.037444,0.126377,-0.082963,0.17185,-0.123122,0.001394,0.000654
0,0.031806,-0.020161,-0.036298,0.042326,-0.01977,0.030078,0.000555,0.000352
0,0.001216,0.007104,-0.054822,0.003782,-0.040528,0.036159,2.1e-05,0.000124
0,-0.023567,0.10272,-0.02202,0.091063,-0.011236,0.041152,0.000411,0.001793
0,0.036277,0.154891,0.048168,0.03448,0.074818,0.071219,0.000633,0.002703
0,0.143037,0.045004,0.088636,-0.115416,0.110848,-0.084337,0.002496,0.000785
0,-0.064798,0.054535,-0.217502,-0.000231,-0.235103,0.013464,0.001131,0.000952
0,-0.10716,-0.02508,-0.050025,-0.079912,-0.027037,-0.089942,0.00187,0.000438
0,0.076881,0.01883,0.198006,0.033089,0.164415,0.048926,0.001342,0.000329
0,-0.090273,0.085327,-0.184169,0.084954,-0.178262,0.109063,0.001576,0.001489
0,0.021176,0.073865,0.101247,0.014343,0.126681,0.033247,0.00037,0.001289
0,-0.060961,0.167992,-0.111471,0.095487,-0.153386,0.050481,0.001064,0.002932
0,-0.060608,0.175137,0.029312,0.0141,0.022,-0.030246,0.001058,0.003057
0,-0.080543,0.024247,-0.024107,-0.124062,0.001114,-0.14045,0.001406,0.000423
0,0.015889,-0.069301,0.120171,-0.091383,0.081538,-0.062472,0.000277,0.00121
0,-0.065605,0.158613,-0.054137,0.220443,-0.041878,0.241443,0.001145,0.002768
0,-0.004492,-0.066359,0.032332,-0.231373,0.0323,-0.181774,7.8e-05,0.001158
0,0.143933,0.13097,0.16952,0.212618,0.135577,0.189256,0.002512,0.002286
0,0.167424,0.200997,0.015224,0.073424,-0.017801,0.032084,0.002922,0.003508
0,-0.031952,-0.053449,-0.170746,-0.2834,-0.170819,-0.308008,0.000558,0.000933
0,0.001959,0.05842,0.017905,0.086957,-0.027523,0.122738,3.4e-05,0.00102
0,-0.008836,0.225187,-0.012647,0.171545,0.023308,0.145748,0.000154,0.003888
0,-0.063242,0.180329,-0.073645,-0.072245,-0.071139,-0.022868,0.001104,0.003147
0,0.047289,0.089601,0.104028,-0.08979,0.121616,-0.088527,0.000825,0.001564
0,0.049587,0.028542,-0.019729,-0.082993,-0.036913,-0.078059,0.000865,0.000498
0,-0.143875,0.103034,-0.186517,0.05424,-0.174,0.055783,0.002511,0.001798
0,-0.040942,-0.046162,0.126191,-0.17188,0.150254,-0.204955,0.000715,0.000806
0,0.182701,-0.049269,0.240309,-0.01666,0.224044,-0.046541,0.003189,0.00086
0,-0.052918,0.089094,-0.237726,0.131053,-0.222177,0.091447,0.000924,0.001555
0,0.101494,-0.003316,0.137134,-0.083758,0.11512,-0.122585,0.001771,5.8e-05
0,0.169903,-0.04162,0.076792,-0.034877,0.083872,-0.069807,0.002965,0.000726
0,0.045001,0.113368,-0.104712,0.157774,-0.146843,0.123665,0.000785,0.001979
0,-0.005201,0.180639,-0.062437,0.086058,-0.095223,0.048253,9.1e-05,0.003153
0,0.131921,0.015472,0.131304,-0.173563,0.099487,-0.125064,0.002302,0.00027
0,0.058689,0.203045,-0.058246,0.213289,-0.062846,0.187431,0.001024,0.003544
0,0.057048,0.174895,-0.020211,-0.037029,0.021397,-0.011713,0.000996,0.003052
0,0.216227,-0.051244,0.155245,-0.241243,0.151793,-0.285889,0.003774,0.000894
0,-0.070217,0.120592,-0.288176,0.201402,-0.257806,0.178713,0.001226,0.002105
0,-0.084561,0.11504,-0.002711,-0.010358,-0.035861,0.029786,0.001476,0.002008
0,-0.09144,-0.012629,-0.015345,-0.146868,-0.061271,-0.189552,0.001596,0.00022
0,-0.084382,-0.122265,0.02923,-0.127964,0.059052,-0.099562,0.001473,0.002134
0,0.005875,-0.108693,0.074037,-0.011212,0.0813,1.9e-05,0.000103,0.001897
0,0.04803,0.004171,0.022313,0.133533,-0.006618,0.138235,0.000838,7.3e-05
0,-0.03916,0.013019,-0.115502,0.005007,-0.080373,-0.037717,0.000683,0.000227
0,0.04842,0.128251,0.098016,0.115533,0.142723,0.157393,0.000845,0.002238
0,-0.005425,0.060071,-0.055645,-0.087371,-0.084025,-0.06521,9.5e-05,0.001048
0,0.077879,0.050146,0.060388,0.007903,0.013232,0.000981,0.001359,0.000875
0,0.027973,0.024025,-0.023439,-0.055934,-0.06914,-0.033987,0.000488,0.000419
0,-0.006721,0.081472,-0.03564,0.041892,-0.008788,0.058837,0.000117,0.001422
0,0.053713,-0.014725,0.065791,-0.101958,0.029604,-0.12061,0.000937,0.000257
0,0.13444,0.004901,0.088129,0.03989,0.081205,-0.006179,0.002346,8.6e-05
0,0.07055,-0.029985,-0.060486,-0.049272,-0.023789,-0.008665,0.001231,0.000523
0,-0.104182,-0.052901,-0.190065,-0.036009,-0.19433,-0.077932,0.001818,0.000923
0,-0.040058,0.094308,0.04277,0.131168,0.02278,0.124472,0.000699,0.001646
0,-0.126927,0.180024,-0.104874,0.059181,-0.101359,0.051471,0.002215,0.003142
0,-0.042994,-0.051816,0.105594,-0.228408,0.155115,-0.249341,0.00075,0.000904
0,0.12349,0.193465,0.192347,0.238279,0.209446,0.22717,0.002155,0.003377
0,0.066539,-0.062142,-0.061038,-0.237646,-0.097229,-0.278593,0.001161,0.001085
0,0.127779,0.087841,0.035558,0.152625,0.019944,0.112805,0.00223,0.001533
0,-0.067386,-0.039411,-0.165667,-0.133635,-0.158437,-0.097434,0.001176,0.000688
0,-0.112581,0.158249,-0.019524,0.178756,0.025178,0.228225,0.001965,0.002762
0,-0.02065,0.184687,0.082491,0.012647,0.044244,-0.005699,0.00036,0.003223
0,-0.001061,0.045646,0.043744,-0.147164,0.084169,-0.108968,1.9e-05,0.000797
0,-0.09284,0.176201,-0.090494,0.129826,-0.053952,0.092279,0.00162,0.003075
0,0.029641,0.134647,0.127324,-0.031655,0.131863,-0.01284,0.000517,0.00235
0,-0.170197,0.19192,-0.184826,0.055583,-0.177235,0.062143,0.002971,0.00335
0,-0.096339,0.177562,0.085481,-0.030419,0.133984,-0.019697,0.001681,0.003099
0,-0.081582,0.202651,0.014469,0.02367,-0.020934,-0.023991,0.001424,0.003537
0,-0.15988,0.147268,-0.053153,-0.028157,-0.080842,-0.063633,0.00279,0.00257
0,-0.010108,0.194985,0.136886,0.075156,0.183361,0.032916,0.000176,0.003403
0,0.112911,-0.032675,0.117471,-0.257259,0.086673,-0.24826,0.001971,0.00057
0,-0.09933,0.082494,-0.214004,0.091991,-0.236878,0.081749,0.001734,0.00144
0,0.118716,0.004126,0.190833,-0.065374,0.153308,-0.10159,0.002072,7.2e-05
0,0.019237,0.111285,-0.123855,0.126309,-0.157369,0.116303,0.000336,0.001942
0,0.054836,0.122069,0.042748,0.018405,0.028653,0.064086,0.000957,0.00213
0,0.046421,0.078829,-0.009051,-0.039123,0.02081,-0.006671,0.00081,0.001376
0,0.011122,-0.102442,-0.019553,-0.152934,-0.066166,-0.1937,0.000194,0.001788
0,-0.18293,0.167099,-0.222946,0.283751,-0.1735,0.305632,0.003193,0.002916
0,-0.117843,0.072375,0.048025,-0.081934,0.009208,-0.053923,0.002057,0.001263
0,-0.106658,0.069943,0.024018,-0.009485,0.040968,-0.026595,0.001862,0.001221
0,-0.028456,0.107458,0.054824,0.06032,0.038116,0.109482,0.000497,0.001876
0,-0.204314,0.170972,-0.189205,0.071217,-0.229415,0.046882,0.003566,0.002984
0,-0.010341,0.023761,0.186253,-0.155285,0.146444,-0.106028,0.00018,0.000415
0,-0.231172,0.125384,-0.205522,0.094922,-0.192518,0.110672,0.003783,0.002188
0,-0.153376,0.131386,0.06117,-0.005728,0.03128,0.016348,0.002677,0.002293
0,-0.184843,-0.054562,-0.048002,-0.207292,-0.004932,-0.177431,0.003226,0.000952
0,-0.079052,0.005222,0.112839,0.060613,0.065949,0.095415,0.00138,9.1e-05
0,0.011716,-0.009632,0.077514,-0.027766,0.098411,-0.05914,0.000204,0.000168
0,-0.008677,0.158914,-0.040764,0.142662,-0.03304,0.191996,0.000151,0.002774
0,-0.123478,0.006555,-0.098117,-0.140268,-0.092773,-0.139705,0.002155,0.000114
0,0.067672,0.147026,0.195966,0.129705,0.163714,0.156823,0.001181,0.002566
0,-0.019414,0.06454,-0.082902,-0.112355,-0.127798,-0.120106,0.000339,0.001126
0,-0.098034,-0.030377,-0.092209,-0.100881,-0.12987,-0.092054,0.001711,0.00053
0,-0.253394,0.067973,-0.163519,0.121715,-0.148021,0.159804,0.003395,0.001186
0,-0.139692,0.091762,0.117211,0.020824,0.107725,0.039884,0.002438,0.001602
0,0.072467,0.091812,0.197719,-0.009691,0.209275,-0.037668,0.001265,0.001602
0,-0.104045,0.142347,-0.179593,0.069727,-0.180052,0.098576,0.001816,0.002484
0,-0.101781,0.111635,-0.006198,-0.017141,-0.004175,-0.011496,0.001776,0.001948
0,-0.272275,-0.073784,-0.175093,-0.19692,-0.220492,-0.148324,0.003066,0.001288
0,-0.175059,0.119693,0.100106,0.167344,0.067663,0.140223,0.003055,0.002089
0,-0.208381,0.119842,-0.055207,0.006929,-0.091301,0.01563,0.003637,0.002092
0,-0.27565,0.069388,-0.049693,-0.043069,-0.087637,-0.028261,0.003007,0.001211
0,-0.272742,0.085815,0.012183,0.006513,0.042275,-0.019347,0.003058,0.001498
0,-0.068683,-0.02409,0.221905,-0.089943,0.223954,-0.077694,0.001199,0.00042
0,-0.032508,0.160283,0.017113,0.204275,0.056148,0.218768,0.000567,0.002797
0,-0.16363,0.121574,-0.109634,-0.014757,-0.105686,-0.054437,0.002856,0.002122
0,-0.223499,0.153944,-0.068578,0.037107,-0.074618,0.085242,0.003901,0.002687
0,-0.223953,0.185627,0.020222,0.052643,0.038297,0.017023,0.003909,0.00324
0,-0.113179,-0.013521,0.111821,-0.218412,0.079026,-0.253357,0.001975,0.000236
0,0.004915,-0.002056,0.090632,0.030165,0.123648,0.040424,8.6e-05,3.6e-05
0,0.068051,0.092433,0.043909,0.097868,0.080738,0.077548,0.001188,0.001613
0,0.09632,-0.028066,0.008931,-0.139907,-0.004252,-0.172474,0.001681,0.00049
0,-0.156835,-0.030969,-0.2637,0.016266,-0.263822,0.035053,0.002737,0.000541
0,0.013433,-0.07468,0.172564,-0.065928,0.134141,-0.068995,0.000234,0.001303
0,0.043843,-0.011267,0.059097,0.060733,0.082986,0.045329,0.000765,0.000197
0,-0.053284,0.00129,-0.114385,0.013317,-0.148342,0.020409,0.00093,2.3e-05
0,-0.090747,0.05385,-0.048934,0.039637,-0.055384,0.031585,0.001584,0.00094
0,-0.127064,0.162161,-0.066176,0.091016,-0.107145,0.115028,0.002218,0.00283
0,-0.234287,0.027196,-0.100062,-0.119505,-0.13373,-0.085885,0.003729,0.000475
0,0.015873,0.037525,0.243916,0.020885,0.243161,0.003181,0.000277,0.000655
0,-0.262408,0.14735,-0.280963,0.083751,-0.325194,0.089466,0.003238,0.002572
0,-0.087212,0.091297,0.18189,-0.028597,0.185815,-0.013018,0.001522,0.001593
0,-0.021798,-0.015188,0.075479,-0.089887,0.060247,-0.072081,0.00038,0.000265
0,0.088611,-0.043104,0.127843,0.00029,0.135112,-0.000377,0.001547,0.000752
0,-0.197718,-0.01505,-0.269022,0.032537,-0.238474,0.055272,0.003451,0.000263
0,0.007462,0.118367,0.213051,0.142707,0.240936,0.098246,0.00013,0.002066
0,-0.169329,-0.015519,-0.156749,-0.160161,-0.181854,-0.126948,0.002955,0.000271
0,-0.17985,-0.064931,-0.022199,-0.048838,0.009857,-0.042954,0.003139,0.001133
0,0.022337,-0.000189,0.202731,0.075332,0.227375,0.100776,0.00039,3e-06
0,-0.084089,0.02013,-0.120122,0.019239,-0.112703,-0.0053,0.001468,0.000351
0,0.030396,-0.081234,0.13753,-0.100086,0.161201,-0.051453,0.000531,0.001418
0,0.011171,0.000492,-0.04446,0.060638,-0.062854,0.075186,0.000195,9e-06
0,-0.032092,0.062619,-0.064076,0.066271,-0.042986,0.112661,0.00056,0.001093
0,-0.023207,-0.068952,-0.010536,-0.136447,-0.028494,-0.129481,0.000405,0.001203
0,0.00519,-0.038515,0.007796,0.016765,-0.018722,0.028633,9.1e-05,0.000672
0,0.111754,-0.010044,0.115737,0.049969,0.078561,0.070499,0.00195,0.000175
0,0.111538,-0.086031,0.007913,-0.078206,-0.003362,-0.050924,0.001947,0.001502
0,0.125968,0.049072,0.005063,0.126801,0.025114,0.098284,0.002199,0.000856
0,-0.12674,0.139027,-0.226274,0.075195,-0.181929,0.114691,0.002212,0.002426
0,-0.089365,0.123074,0.053629,-0.032798,0.022813,-0.069563,0.00156,0.002148
0,0.094989,-0.164642,0.20878,-0.273431,0.167182,-0.223684,0.001658,0.002874
0,-0.070143,-0.083577,-0.158589,0.089302,-0.166218,0.138921,0.001224,0.001459
0,1.747642,0.700797,1.805965,0.766296,1.843714,0.726246,0.000769,0.003405
0,2.114513,0.653182,0.380288,-0.046087,0.413397,-0.089785,0.002184,0.003582
0,2.747874,0.445203,0.661953,-0.179063,0.698001,-0.212823,0.001052,4.8e-05
0,2.409756,0.470088,-0.32671,0.0201,-0.327814,0.011558,0.002969,0.000387
0,2.068635,0.374981,-0.322435,-0.104308,-0.370622,-0.073639,0.002985,0.001273
0,1.577714,0.185094,-0.461754,-0.19931,-0.480062,-0.172284,0.003735,0.003231
0,0.888868,0.162193,-0.718359,-0.050397,-0.747296,-0.006053,0.000122,0.002831
0,-0.631443,0.562101,-1.499424,0.390571,-1.523418,0.38826,0.003203,0.001993
0,-2.911747,0.811705,-2.30446,0.26672,-2.353856,0.233633,0.003906,0.001469
0,-2.973575,0.810019,-0.06093,-0.007972,-0.014575,0.023428,0.002826,0.001498
0,-3.532118,0.954582,-0.588532,0.155792,-0.578739,0.126267,0.000896,0.001025
0,-2.831624,0.97851,0.72602,-0.001747,0.76581,-0.03817,0.002514,0.001442
0,-2.111292,0.716278,0.724734,-0.260125,0.683352,-0.282954,0.00224,0.003134
0,-1.622626,0.368599,0.469752,-0.373499,0.504357,-0.324605,0.002951,0.001385
0,-1.035906,0.300171,0.588775,-0.081372,0.554789,-0.092897,0.002444,0.002579
0,-0.430651,0.173618,0.583749,-0.112178,0.535591,-0.131736,0.000302,0.00303
0,-0.335101,0.070356,0.110947,-0.120069,0.134607,-0.072413,0.001969,0.001228
0,-0.120116,0.060476,0.211844,-0.02762,0.242446,-0.072135,0.002096,0.001056
0,0.138819,0.09928,0.269401,0.011194,0.264984,-0.01879,0.002423,0.001733
0,0.160531,0.042179,0.039084,-0.04424,0.034227,-0.024679,0.002802,0.000736
0,0.270419,0.134309,0.084134,0.11093,0.126513,0.083528,0.003098,0.002344
0,0.274433,-0.166253,-0.007492,-0.306668,-0.009098,-0.290811,0.003028,0.002902
0,0.254165,-0.048787,-0.039799,0.144149,-0.086597,0.19077,0.003382,0.000851
0,0.073768,-0.043047,-0.188027,-0.011874,-0.169734,0.010378,0.001288,0.000751
0,-0.007487,-0.227548,-0.076512,-0.175214,-0.081962,-0.189623,0.000131,0.003846
0,-0.034157,0.038978,-0.023925,0.242975,0.015621,0.21604,0.000596,0.00068
0,-0.004545,-0.029105,0.003422,-0.086677,-0.001461,-0.100822,7.9e-05,0.000508
0,-0.070673,0.157037,-0.047866,0.173384,-0.00036,0.161152,0.001233,0.002741
0,-0.031699,0.096391,0.060657,-0.086728,0.026466,-0.127268,0.000553,0.001682
0,-1.198874,0.460824,-1.138373,0.372359,-1.103651,0.359163,0.002529,0.000225
0,-2.790792,1.689553,-1.567576,1.22757,-1.597381,1.267911,0.001801,0.001783
0,-2.606346,1.658756,0.208294,-0.006564,0.245987,-0.026372,0.001418,0.002321
0,-2.7073,1.600435,-0.101517,-0.033259,-0.105615,-0.021991,0.000344,0.003339
0,-2.390372,1.626433,0.337371,0.034451,0.298792,0.07362,0.00263,0.002885
0,-1.872191,1.384412,0.507048,-0.216167,0.463798,-0.204506,0.001404,0.000709
0,-1.300321,1.277075,0.561413,-0.081825,0.609882,-0.098356,0.000759,0.001164
0,-1.040432,1.038684,0.264079,-0.211486,0.310428,-0.17892,0.002523,0.002493
0,-0.646438,0.691414,0.419185,-0.375072,0.431584,-0.377465,0.003465,0.003568
0,-0.508468,0.371413,0.13552,-0.347347,0.129116,-0.381078,0.001057,0.001335
0,-0.395503,0.13006,0.093281,-0.215269,0.109303,-0.222263,0.000915,0.00227
0,0.220783,-0.246044,0.600164,-0.378398,0.578201,-0.421254,0.003853,0.003524
0,0.754173,-0.663329,0.552146,-0.412338,0.594318,-0.450757,0.002473,0.003759
0,0.631332,-0.911542,-0.147482,-0.275323,-0.10134,-0.287203,0.003201,0.000274
0,0.381829,-1.262659,-0.242702,-0.323023,-0.222025,-0.328935,0.001154,0.001416
0,0.331374,-1.09439,-0.077786,0.156747,-0.118777,0.134421,0.002034,0.003465
0,0.393329,-0.703572,0.059238,0.398471,0.074301,0.378309,0.000953,0.003356
0,0.333313,-0.839322,-0.081086,-0.131978,-0.115152,-0.169208,0.002,0.000987
0,-0.000216,-0.718133,-0.304788,0.135613,-0.286441,0.101118,4e-06,0.003102
0,0.136161,-0.242146,0.153722,0.485722,0.10698,0.496971,0.002376,0.003592
0,0.008689,-0.018704,-0.14587,0.232492,-0.139985,0.262114,0.000152,0.000326
0,0.08034,0.009804,0.070356,0.004561,0.049541,0.010226,0.001402,0.000171
0,-0.151131,-0.194932,-0.249758,-0.228192,-0.234883,-0.212248,0.002638,0.003402
0,-0.040619,-0.11295,0.105876,0.099959,0.132158,0.125678,0.000709,0.001971
0,-0.12678,-0.021198,-0.079217,0.103366,-0.078308,0.125829,0.002213,0.00037
0,-0.179259,0.117517,-0.066188,0.141557,-0.024616,0.146334,0.003129,0.002051
0,0.017104,-0.06322,0.175312,-0.17663,0.162723,-0.160132,0.000299,0.001103
0,0.100594,-0.104437,0.090541,-0.065977,0.092447,-0.070016,0.001756,0.001823
0,-0.166317,0.132867,-0.239673,0.239158,-0.206387,0.224714,0.002903,0.002319
0,0.091301,0.158488,0.238302,0.036109,0.205864,0.031465,0.001594,0.002766
0,-0.047273,0.150309,-0.121088,-0.00737,-0.131503,-0.010454,0.000825,0.002623
0,-0.157586,0.076978,-0.121359,-0.090495,-0.12624,-0.090023,0.00275,0.001344
0,-0.074832,0.068464,0.09677,-0.034979,0.071586,-0.024679,0.001306,0.001195
0,-0.155256,0.137674,-0.099122,0.066561,-0.118787,0.08594,0.00271,0.002403
0,0.065048,-0.069121,0.242959,-0.230775,0.286351,-0.230965,0.001135,0.001206
0,0.067564,0.043361,0.011312,0.107757,-0.023396,0.136281,0.001179,0.000757
0,0.055218,-0.05618,0.010735,-0.085411,-0.026019,-0.074858,0.000964,0.000981
0,-0.164505,-0.093869,-0.234559,-0.062566,-0.258474,-0.035669,0.002871,0.001638
0,0.070747,0.142173,0.211798,0.232681,0.195964,0.249904,0.001235,0.002481
0,-0.033787,-0.080174,-0.099458,-0.197128,-0.101421,-0.231095,0.00059,0.001399
0,-0.122087,0.123451,-0.068366,0.218888,-0.029708,0.238031,0.002131,0.002155
0,0.082969,0.079559,0.199269,-0.029927,0.192626,-0.051669,0.001448,0.001389
0,-0.135958,-0.097632,-0.242415,-0.17281,-0.207964,-0.212452,0.002373,0.001704
0,0.028209,-0.082242,0.177191,0.016788,0.223439,-0.022286,0.000492,0.001435
0,0.022184,0.15372,0.015087,0.216831,-0.011978,0.213042,0.000387,0.002683
0,-0.081837,0.058104,-0.115556,-0.090444,-0.159977,-0.074288,0.001428,0.001014
0,-0.19139,-0.013801,-0.115351,-0.068817,-0.117961,-0.028176,0.00334,0.000241
0,-0.166051,-0.114779,0.024351,-0.118485,-0.013431,-0.116906,0.002898,0.002003
0,-0.029663,0.000204,0.132483,0.134825,0.174752,0.179181,0.000518,4e-06
0,0.01974,-0.002593,0.039772,-0.026145,0.034087,-0.073591,0.000345,4.5e-05
0,-0.009603,0.06811,-0.038839,0.042902,0.00616,0.083599,0.000168,0.001189
0,-0.146453,0.15889,-0.129703,0.072576,-0.132535,0.083658,0.002556,0.002773
0,-0.225996,0.134382,-0.079026,-0.036321,-0.088079,-0.00863,0.003874,0.002345
0,-0.009717,0.105087,0.2208,-0.018856,0.19955,-0.022967,0.00017,0.001834
0,0.074838,0.009281,0.099716,-0.109346,0.087857,-0.110621,0.001306,0.000162
0,-0.041204,-0.00642,-0.094332,0.009097,-0.108784,0.017414,0.000719,0.000112
0,-0.155561,-0.086309,-0.104961,-0.108809,-0.05768,-0.096133,0.002715,0.001506
0,-0.184452,-0.094758,-0.055131,0.012156,-0.015451,0.01418,0.003219,0.001654
0,-0.075418,0.074362,0.117847,0.145249,0.069022,0.116132,0.001316,0.001298
0,0.108814,0.03971,0.165868,-0.057827,0.14502,-0.077201,0.001899,0.000693
0,-0.127431,-0.071783,-0.242931,-0.082265,-0.195506,-0.102575,0.002224,0.001253
0,-0.172983,-0.14359,-0.03861,-0.083445,-0.003576,-0.074388,0.003019,0.002506
0,-0.056084,0.112346,0.116245,0.239646,0.073906,0.216793,0.000979,0.001961
0,-0.146528,0.055279,-0.116898,-0.030587,-0.11522,0.006425,0.002557,0.000965
0,-0.067517,0.080807,0.071276,0.043447,0.030948,0.039342,0.001178,0.00141
0,-0.136705,-0.142967,-0.065742,-0.235796,-0.092458,-0.255148,0.002386,0.002495
0,-0.179517,-0.093865,-0.023921,0.055788,-0.024782,0.057357,0.003133,0.001638
0,0.057978,-0.146089,0.221745,-0.046943,0.1742,-0.060113,0.001012,0.00255
0,-0.156993,0.032164,-0.196737,0.204138,-0.156957,0.250835,0.00274,0.000561
0,-0.108982,0.075514,0.037964,0.023835,0.047134,-0.013596,0.001902,0.001318
0,-0.095971,0.05232,-0.015123,-0.047614,-0.057554,-0.079753,0.001675,0.000913
0,-0.053897,-0.002234,0.023882,-0.080072,0.021936,-0.081746,0.000941,3.9e-05
0,-0.250873,0.088243,-0.183783,0.085281,-0.195468,0.063944,0.003439,0.00154
0,-0.022073,0.124191,0.224765,0.055767,0.196457,0.095185,0.000385,0.002168
0,-0.177163,0.008021,-0.137396,-0.139189,-0.118634,-0.096537,0.003092,0.00014
0,0.056042,-0.014347,0.218581,-0.041591,0.212282,-0.023719,0.000978,0.00025
0,0.023806,-0.052067,-0.012033,-0.008207,-0.042405,0.017127,0.000415,0.000909
0,-0.107066,-0.004579,-0.134963,0.038525,-0.179051,0.009864,0.001869,8e-05
0,-0.000661,-0.062562,0.114262,-0.061509,0.116585,-0.037203,1.2e-05,0.001092
0,-0.162413,-0.09699,-0.189137,-0.029897,-0.151863,0.017149,0.002835,0.001693
0,-0.140855,-0.004276,-0.002,0.096074,0.04371,0.058421,0.002458,7.5e-05
0,-0.097031,0.155646,0.040049,0.18856,0.003774,0.172928,0.001694,0.002717
0,-0.039389,0.128395,0.040071,-0.006812,0.009846,-0.022077,0.000687,0.002241
0,0.151412,-0.060644,0.175363,-0.166706,0.193262,-0.20183,0.002643,0.001058
0,0.04919,-0.043042,-0.100848,0.039521,-0.066892,0.046507,0.000859,0.000751
0,-0.030107,0.078783,-0.070972,0.095243,-0.051848,0.0512,0.000525,0.001375
0,0.03109,0.155265,0.058169,0.050591,0.040685,0.090564,0.000543,0.00271
0,-0.016247,-0.053911,-0.021984,-0.210899,0.019833,-0.23157,0.000284,0.000941
0,0.108833,-0.073032,0.117493,0.008491,0.148032,0.000161,0.001899,0.001275
0,0.152927,0.061571,0.042143,0.105212,0.033969,0.057615,0.002669,0.001075
0,0.020652,-0.027751,-0.113887,-0.075434,-0.134078,-0.072298,0.00036,0.000484
0,0.137572,-0.025277,0.090177,-0.002707,0.08112,0.037823,0.002401,0.000441
0,-0.090635,0.042328,-0.226191,0.077285,-0.192748,0.112449,0.001582,0.000739
0,0.113106,-0.050289,0.197613,-0.118918,0.162523,-0.108467,0.001974,0.000878
0,-0.123234,-0.034158,-0.231829,0.033489,-0.24503,0.042185,0.002151,0.000596
0,-0.107859,-0.127038,0.021314,-0.099071,0.068961,-0.132805,0.001882,0.002217
0,-0.069635,-0.01012,0.061859,0.0873,0.020788,0.05409,0.001215,0.000177
0,0.018654,-0.095438,0.104548,-0.114034,0.147291,-0.131835,0.000326,0.001666
0,-0.098857,0.089101,-0.104508,0.161332,-0.092836,0.201487,0.001725,0.001555
0,0.055844,-0.095085,0.180707,-0.15763,0.203983,-0.143924,0.000975,0.00166
0,0.16493,0.097479,0.079603,0.207217,0.096519,0.161483,0.002879,0.001701
0,-0.113751,-0.133368,-0.266458,-0.253286,-0.26646,-0.219575,0.001985,0.002328
0,-0.130225,-0.045036,0.010566,0.085789,-0.038865,0.116845,0.002273,0.000786
0,-0.129685,-0.04331,0.020849,-0.018414,0.011735,-0.045226,0.002263,0.000756
0,-0.009489,-0.012677,0.114262,0.04745,0.126882,0.000768,0.000166,0.000221
0,0.07294,0.082019,0.077576,0.065133,0.055402,0.056607,0.001273,0.001432
0,-0.104662,-0.106178,-0.159013,-0.196387,-0.11263,-0.184821,0.001827,0.001853
0,0.073644,0.127456,0.196817,0.248508,0.239003,0.203475,0.001285,0.002225
0,0.028032,0.099976,-0.037991,-0.021808,-0.053083,-0.003916,0.000489,0.001745
0,-0.135199,-0.02056,-0.16799,-0.106689,-0.149656,-0.145109,0.00236,0.000359
0,-0.163231,0.043597,-0.03204,0.072622,-0.014022,0.032573,0.002849,0.000761
0,-0.123775,-0.109633,0.05711,-0.151751,0.030363,-0.104454,0.00216,0.001913
0,0.094669,-0.121906,0.226506,0.006999,0.237798,-0.015141,0.001652,0.002128
0,0.08614,0.132902,-0.022401,0.243407,-0.034995,0.244752,0.001503,0.00232
0,-0.022565,-0.164062,-0.088197,-0.273693,-0.118191,-0.292422,0.000394,0.002863
0,-0.095708,-0.057085,-0.047967,0.078607,-0.051786,0.127875,0.00167,0.000996
0,0.124025,-0.045573,0.23397,0.021085,0.281577,0.000789,0.002165,0.000795
0,-0.158225,-0.139454,-0.292073,-0.100493,-0.335594,-0.10637,0.002762,0.002434
0,-0.000686,0.032333,0.168676,0.195834,0.124844,0.236493,1.2e-05,0.000564
0,0.192663,0.120795,0.172192,0.059148,0.220087,0.018281,0.003363,0.002108
0,0.009692,-0.135798,-0.203545,-0.238437,-0.250744,-0.281452,0.000169,0.00237
0,-0.097904,-0.068663,-0.112404,0.051401,-0.159301,0.033684,0.001709,0.001198
0,-0.019554,0.082991,0.050786,0.164273,0.023835,0.124563,0.000341,0.001448
0,-0.186867,-0.142301,-0.188911,-0.23577,-0.215566,-0.266778,0.003261,0.002484
0,-0.122111,0.006104,0.051867,0.172512,0.026959,0.199414,0.002131,0.000107
0,-0.040451,-0.058403,0.077622,-0.078406,0.073536,-0.127521,0.000706,0.001019
0,-0.147918,-0.140405,-0.083997,-0.059678,-0.102424,-0.100999,0.002582,0.002451
0,-0.094301,0.065265,0.055763,0.203718,0.029731,0.219552,0.001646,0.001139
0,0.05614,0.032678,0.162998,-0.05042,0.118344,-0.031385,0.00098,0.00057
0,-0.109959,-0.188869,-0.143294,-0.213514,-0.178267,-0.261912,0.001919,0.003296
0,-0.084296,-0.046164,0.012521,0.121382,0.006687,0.169628,0.001471,0.000806
0,0.033984,-0.120696,0.134664,-0.062877,0.172876,-0.078628,0.000593,0.002107
0,0.05857,-0.188666,0.014319,-0.068267,-0.021205,-0.096021,0.001022,0.003293
0,0.030796,-0.028757,-0.020973,0.143264,0.015588,0.177341,0.000537,0.000502
0,0.078186,0.055696,0.058781,0.058879,0.099951,0.061323,0.001365,0.000972
0,-0.014638,-0.155407,-0.078104,-0.197216,-0.073691,-0.210598,0.000255,0.002712
0,0.100787,-0.105133,0.102507,0.076439,0.129982,0.110923,0.001759,0.001835
0,-0.017758,-0.107675,-0.145064,0.004544,-0.179557,0.035395,0.00031,0.001879
0,-0.022714,-0.126765,0.02364,-0.00915,0.056653,-0.027075,0.000396,0.002212
0,-0.027884,-0.085191,-0.013103,0.034196,0.005441,-0.013147,0.000487,0.001487
0,0.199154,-0.011764,0.240897,0.056603,0.209847,0.064654,0.003476,0.000205
0,-0.079249,-0.213302,-0.267317,-0.177937,-0.227657,-0.185979,0.001383,0.003723
0,0.456991,-0.564407,0.561595,-0.370016,0.521505,-0.326978,0.000158,0.002033
0,0.694229,-2.415524,0.20771,-1.849749,0.181861,-1.854959,0.003519,0.003069
0,1.01175,-2.331732,0.289055,0.081808,0.32407,0.067785,0.002023,0.001607
0,0.891563,-2.359196,-0.14597,-0.024518,-0.151785,-0.053111,7.5e-05,0.002086
0,0.809801,-2.060134,-0.081386,0.273694,-0.117473,0.254219,0.001502,0.003133
0,0.923028,-1.51642,0.119651,0.525497,0.106929,0.555917,0.000474,0.003013
0,0.766821,-1.02443,-0.174018,0.502484,-0.13528,0.49832,0.002252,0.002244
0,0.763878,-0.891693,-0.019146,0.129564,-0.03482,0.141136,0.002304,7.3e-05
0,0.235927,-0.566753,-0.521994,0.315001,-0.514082,0.35948,0.0037,0.002074
0,0.205691,-0.240643,-0.046999,0.30727,-0.090116,0.31605,0.00359,0.003618
0,0.221468,-0.224357,0.020056,0.003426,-0.002125,0.001471,0.003865,0.003902
0,0.219431,-0.030231,-0.004884,0.176247,0.009661,0.137893,0.00383,0.000528
0,0.029709,-0.312899,-0.180826,-0.311717,-0.13444,-0.271673,0.000519,0.002357
0,0.105912,-0.164368,0.064131,0.166985,0.100241,0.174991,0.001849,0.002869
0,0.110648,-0.136759,-0.024422,0.039208,0.00647,0.006876,0.001931,0.002387
0,0.214588,-0.215923,0.081855,-0.055091,0.073487,-0.026322,0.003745,0.003769
0,-0.080466,-0.059106,-0.27922,0.180004,-0.29233,0.181633,0.001404,0.001032
0,0.073653,-0.090845,0.169269,-0.047709,0.164463,-0.088403,0.001285,0.001586
0,-0.080236,-0.000553,-0.172375,0.10787,-0.190752,0.129068,0.0014,1e-05
0,-0.003662,-0.240917,0.106336,-0.217572,0.106519,-0.171431,6.4e-05,0.003613
0,0.014531,-0.124385,-0.009747,0.124055,-0.048735,0.171837,0.000254,0.002171
0,-0.087969,-0.08289,-0.08987,0.031452,-0.068632,0.029888,0.001535,0.001447
0,-0.020092,-0.028639,0.062147,0.054846,0.07672,0.054703,0.000351,0.0005
0,-0.102222,-0.266832,-0.063045,-0.258698,-0.052119,-0.298484,0.001784,0.003161
0,5.7e-05,-0.015355,0.087031,0.224025,0.078002,0.252979,1e-06,0.000268
0,-0.004528,-0.131871,-0.010508,-0.120211,0.011111,-0.087532,7.9e-05,0.002302
0,9.9e-05,-0.224217,0.009084,-0.119223,0.00731,-0.087774,2e-06,0.003905
0,-0.165317,-0.004485,-0.141453,0.194775,-0.163301,0.180773,0.002885,7.8e-05
0,0.044897,0.014656,0.235874,0.031485,0.194597,0.051857,0.000784,0.000256
0,-0.082197,0.031832,-0.142242,0.04628,-0.177694,-0.000852,0.001435,0.000556
0,-0.141755,-0.163101,-0.032723,-0.184116,-0.031504,-0.180674,0.002474,0.002847
0,-0.07429,0.038931,0.038926,0.217465,0.030866,0.266624,0.001297,0.000679
0,0.055057,-0.210639,0.140208,-0.226078,0.091786,-0.251583,0.000961,0.003676
0,0.05405,-0.162721,0.017632,0.058985,-0.01767,0.075396,0.000943,0.00284
0,-0.044378,0.028142,-0.070982,0.190334,-0.051808,0.146116,0.000775,0.000491
0,0.086447,0.068752,0.14613,0.014985,0.167188,-0.008915,0.001509,0.0012
0,-0.02157,-0.000174,-0.117839,-0.046095,-0.110432,0.001096,0.000376,3e-06
0,0.119956,0.055158,0.130357,0.029656,0.161138,0.060119,0.002094,0.000963
0,0.138154,0.04837,0.011475,-0.006058,0.038559,0.029198,0.002411,0.000844
0,0.200716,-0.004911,0.091507,-0.06566,0.086841,-0.040622,0.003503,8.6e-05
0,0.135603,0.050728,-0.081323,0.065818,-0.101919,0.081261,0.002367,0.000885
0,0.156378,-0.089099,-0.000506,-0.158043,-0.01377,-0.140237,0.002729,0.001555
0,0.184781,-0.069992,0.019029,0.035459,-0.021755,0.032555,0.003225,0.001222
0,0.237161,-0.147183,0.040759,-0.090842,0.057383,-0.043016,0.003679,0.002569
0,0.267015,0.042377,0.049346,0.214652,0.043674,0.204489,0.003158,0.00074
0,0.105429,0.080748,-0.180246,0.041766,-0.194815,0.059437,0.00184,0.001409
0,0.273669,-0.166281,0.18293,-0.2271,0.186315,-0.2325,0.003041,0.002902
0,0.232019,-0.107617,-0.012897,0.086979,-0.0551,0.126927,0.003768,0.001878
0,-0.009679,-0.065726,-0.270911,0.037379,-0.303023,0.06836,0.000169,0.001147
0,0.074615,0.015214,0.059468,0.103513,0.027704,0.140778,0.001302,0.000266
0,0.164965,0.058784,0.119523,0.035161,0.093373,-0.003013,0.002879,0.001026
0,-0.027825,0.060596,-0.214931,0.007252,-0.203613,0.009507,0.000486,0.001058
0,0.192963,-0.081191,0.202248,-0.159936,0.179177,-0.170117,0.003368,0.001417
0,0.194911,0.123274,-0.016308,0.217863,0.004689,0.172177,0.003402,0.002152
0,0.013993,0.019884,-0.204748,-0.113146,-0.167646,-0.115552,0.000244,0.000347
0,-0.001211,0.107177,0.01204,0.065581,0.045343,0.032772,2.1e-05,0.001871
0,0.104723,0.035916,0.098381,-0.056905,0.093426,-0.100829,0.001828,0.000627
0,0.005113,-0.103969,-0.105695,-0.163233,-0.153413,-0.152899,8.9e-05,0.001815
0,-0.14953,0.061322,-0.171375,0.177038,-0.174454,0.173324,0.00261,0.00107
0,0.052537,0.027629,0.184473,-0.041113,0.203204,-0.032139,0.000917,0.000482
0,-0.019018,0.081829,-0.095263,0.068313,-0.07093,0.080132,0.000332,0.001428
0,-0.093739,-0.151179,-0.055525,-0.261411,-0.015986,-0.260919,0.001636,0.002639
0,0.0333,-0.044892,0.122647,0.130734,0.128569,0.125431,0.000581,0.000784
0,0.064325,0.181728,0.005403,0.247728,-0.008443,0.259173,0.001123,0.003172
0,-0.069776,0.061952,-0.160943,-0.11641,-0.117755,-0.144603,0.001218,0.001081
0,0.13357,0.153573,0.193194,0.066242,0.176513,0.034658,0.002331,0.00268
0,-0.009348,0.16256,-0.160376,-0.010084,-0.167269,-0.04701,0.000163,0.002837
0,-0.031546,-0.057849,-0.012219,-0.23546,-0.008594,-0.188244,0.000551,0.00101
0,-0.054212,-0.030548,-0.020697,0.042922,0.009301,0.038577,0.000946,0.000533
0,-0.197942,0.109398,-0.171357,0.130287,-0.158389,0.094599,0.003455,0.001909
0,-0.148303,-0.027636,0.0532,-0.159985,0.00475,-0.110639,0.002588,0.000482
0,-0.038557,-0.002963,0.120735,0.045513,0.073773,0.072858,0.000673,5.2e-05
0,-0.198157,0.135663,-0.161197,0.122478,-0.131535,0.153059,0.003458,0.002368
0,-0.031444,0.063032,0.173824,-0.044794,0.155478,-0.022337,0.000549,0.0011
0,0.040418,0.040919,0.086418,0.000426,0.118157,0.049905,0.000705,0.000714
0,0.054915,-0.041208,0.017506,-0.109361,0.049736,-0.146313,0.000958,0.000719
0,-1.022935,2.04422,-1.062709,2.096488,-1.044649,2.068498,0.002218,0.003411
0,-3.440411,2.462942,-2.441571,0.410734,-2.435944,0.400132,0.002497,0.003897
0,-4.309036,3.337999,-0.857783,0.874044,-0.899178,0.898395,0.002972,0.003534
0,-4.00469,3.623453,0.327018,0.268378,0.338052,0.293659,0.000466,0.000698
0,-3.641909,3.075295,0.370468,-0.528959,0.368225,-0.567668,0.00102,0.001051
0,-2.645636,2.141537,0.966466,-0.962626,0.985985,-0.933661,0.000732,0.001713
0,-1.687788,1.37144,0.97279,-0.782861,1.017988,-0.738899,0.001814,0.000483
0,-0.863538,1.2699,0.815117,-0.12905,0.836196,-0.108497,0.000564,0.00129
0,-0.611446,0.498003,0.224631,-0.776192,0.215162,-0.819412,0.002854,0.000874
0,-0.321977,0.291332,0.31062,-0.192558,0.35036,-0.163548,0.002198,0.002733
0,0.063155,-0.059216,0.392137,-0.375471,0.422571,-0.406214,0.001102,0.001034
0,0.436569,-0.292582,0.374859,-0.243008,0.366349,-0.266725,0.000198,0.002711
0,0.52622,-0.441581,0.116113,-0.138309,0.12966,-0.185034,0.001366,0.000111
0,0.367392,-0.481241,-0.139,-0.018651,-0.18386,0.018103,0.001406,0.000581
0,0.307186,-0.372804,-0.085739,0.107589,-0.12754,0.103445,0.002456,0.001311
0,0.384183,-0.282446,0.105478,0.076992,0.134063,0.09492,0.001113,0.002888
0,0.279405,0.010694,-0.098844,0.287382,-0.10304,0.277498,0.002941,0.000187
0,-0.061064,0.055836,-0.310673,0.063401,-0.347421,0.021365,0.001066,0.000975
0,-0.198066,-0.205541,-0.165669,-0.286839,-0.201196,-0.294241,0.003457,0.003587
0,-0.087563,-0.069885,0.126981,0.139399,0.129228,0.137376,0.001528,0.00122
0,-0.097133,-0.023233,0.010553,0.07416,0.021493,0.120716,0.001695,0.000405
0,-0.128,0.101315,-0.057703,0.129469,-0.012761,0.081815,0.002234,0.001768
0,-0.237624,-0.077364,-0.129876,-0.195481,-0.146819,-0.168684,0.003671,0.00135
0,-0.133026,0.033635,0.112277,0.117646,0.145612,0.070032,0.002322,0.000587
0,-0.008126,-0.036375,0.102318,-0.043711,0.112461,-0.013565,0.000142,0.000635
0,-0.026397,-0.067285,-0.004104,-0.026391,-0.004985,0.018424,0.000461,0.001174
0,0.050114,0.01954,0.07867,0.104699,0.107686,0.059941,0.000875,0.000341
0,-0.137879,0.041401,-0.176136,0.050208,-0.17296,0.033931,0.002406,0.000723
0,-0.006085,-0.049767,0.160647,-0.077254,0.140341,-0.105217,0.000106,0.000869
0,0.046691,0.11919,0.033045,0.190361,0.012463,0.19889,0.000815,0.00208
0,-0.042893,-0.000699,-0.116865,-0.144311,-0.139362,-0.15587,0.000749,1.2e-05
0,0.057338,-0.143467,0.114115,-0.150887,0.0749,-0.180747,0.001001,0.002504
0,-0.175554,-0.003847,-0.233996,0.139416,-0.218595,0.121585,0.003064,6.7e-05
0,-0.183615,-0.090212,-0.013406,-0.114131,-0.020652,-0.115153,0.003205,0.001574
0,-0.090185,-0.102113,0.105134,-0.022125,0.083468,-0.068659,0.001574,0.001782
0,-0.144438,0.09289,-0.071252,0.217151,-0.097935,0.220297,0.002521,0.001621
0,-0.112593,-0.033113,0.015945,-0.120722,0.048236,-0.116959,0.001965,0.000578
0,-0.157221,-0.120309,-0.061491,-0.082465,-0.046182,-0.125754,0.002744,0.0021
0,0.005972,0.090775,0.17632,0.196068,0.134051,0.179222,0.000104,0.001584
0,0.044833,-0.045958,0.020152,-0.114849,0.037711,-0.144185,0.000782,0.000802
0,-0.02325,-0.148656,-0.052997,-0.086296,-0.055489,-0.036682,0.000406,0.002595
0,-0.058234,0.07597,-0.008972,0.217255,-0.020956,0.188855,0.001016,0.001326
0,-0.004754,-0.031658,0.033464,-0.090716,0.072031,-0.061078,8.3e-05,0.000553
0,-0.214573,0.123036,-0.234812,0.183483,-0.262729,0.173789,0.003745,0.002147
0,-0.154317,0.029053,0.048985,-0.106656,0.011473,-0.124516,0.002693,0.000507
0,0.043849,-0.060919,0.200127,-0.112129,0.156513,-0.064717,0.000765,0.001063
0,0.071004,-0.086159,0.002702,-4.6e-05,-0.043222,-0.004471,0.001239,0.001504
0,-0.161785,0.05563,-0.261754,0.148187,-0.267217,0.135955,0.002824,0.000971
0,-0.197898,-0.012056,-0.036838,-0.053587,-0.01808,-0.030409,0.003454,0.00021
0,-0.112189,0.17465,0.0663,0.176543,0.11118,0.217336,0.001958,0.003048
0,-0.053506,-0.010999,0.069725,-0.210132,0.069913,-0.222869,0.000934,0.000192
0,-0.296694,0.190586,-0.269139,0.171923,-0.313018,0.195846,0.00264,0.003326
0,-0.25264,0.186508,0.045538,0.014528,0.038588,0.051314,0.003408,0.003255
0,-0.213945,0.179239,0.032425,-0.029646,0.05173,-0.075801,0.003734,0.003128
0,-0.007026,0.165582,0.209269,1.5e-05,0.212913,-0.04062,0.000123,0.00289
0,-0.069908,0.233937,-0.050797,0.082006,-0.036517,0.058226,0.00122,0.003735
0,-0.044154,0.161711,0.037734,-0.060509,0.016089,-0.089349,0.000771,0.002822
0,-0.154347,-0.079546,-0.1298,-0.258628,-0.083967,-0.303547,0.002694,0.001388
0,-0.151114,0.063014,0.015569,0.134462,0.065399,0.137013,0.002637,0.0011
0,-0.038235,0.067941,0.137792,-0.015895,0.113395,-0.039777,0.000667,0.001186
0,0.051502,0.110876,0.093133,0.06864,0.083107,0.07616,0.000899,0.001935
0,0.047619,0.156647,-0.019321,0.070365,-0.051012,0.067703,0.000831,0.002734
0,0.106567,-0.089336,0.088835,-0.262351,0.060728,-0.275197,0.00186,0.001559
0,-0.020072,0.010019,-0.103918,0.114994,-0.103527,0.154694,0.00035,0.000175
0,-0.120659,0.128264,-0.123524,0.093238,-0.141758,0.111927,0.002106,0.002239
0,-0.072317,-0.01657,0.044285,-0.172232,0.043125,-0.179266,0.001262,0.000289
0,0.092103,-0.02494,0.136651,-0.01272,0.161358,-0.039898,0.001607,0.000435
0,-0.006347,-0.019464,-0.070786,0.003463,-0.043047,-0.035212,0.000111,0.00034
0,-0.133754,0.012951,-0.129746,0.050808,-0.080728,0.038491,0.002334,0.000226
0,-0.11633,-0.034752,0.001607,-0.072257,0.023651,-0.054025,0.00203,0.000607
0,-0.038919,0.102038,0.106863,0.161266,0.060094,0.182465,0.000679,0.001781
0,0.149925,-0.067267,0.21368,-0.164014,0.166119,-0.118858,0.002617,0.001174
0,0.120035,-0.047261,-0.030187,0.028087,0.018658,0.050538,0.002095,0.000825
0,-0.067619,-0.024474,-0.168311,-0.004735,-0.151428,0.021703,0.00118,0.000427
0,0.088831,-0.076442,0.164104,-0.031018,0.205687,-0.020772,0.00155,0.001334
0,0.13398,0.080495,0.022113,0.18443,0.06834,0.151703,0.002338,0.001405
0,0.207655,-0.109198,0.049763,-0.168363,0.089114,-0.171848,0.003624,0.001906
0,0.26523,-0.084032,0.037171,0.039026,0.079405,0.057603,0.003189,0.001467
0,0.202937,-0.065641,-0.05136,0.042964,-0.016653,0.045448,0.003542,0.001146
0,0.171934,0.12528,-0.003138,0.176979,-0.000696,0.222769,0.003001,0.002187
0,-0.017221,0.075136,-0.207463,-0.023601,-0.158521,-0.025159,0.000301,0.001311
0,0.216816,-0.098636,0.2199,-0.147302,0.172394,-0.102674,0.003784,0.001722
0,0.238499,0.098804,0.003808,0.1855,0.03106,0.182541,0.003655,0.001724
0,0.052112,-0.038845,-0.172632,-0.138935,-0.197404,-0.153332,0.00091,0.000678
0,0.05145,0.0745,0.020104,0.088276,0.054857,0.05364,0.000898,0.0013
0,0.008381,-0.017902,-0.019719,-0.064247,-0.013737,-0.018808,0.000146,0.000312
0,0.095764,-0.10501,0.104732,-0.096762,0.074453,-0.109796,0.001671,0.001833
0,0.028382,0.017766,-0.089676,0.124124,-0.065884,0.16711,0.000495,0.00031
0,-0.109919,-0.144915,-0.159437,-0.184207,-0.127519,-0.148381,0.001918,0.002529
0,-0.09964,0.101744,0.000499,0.259374,-0.027242,0.272421,0.001739,0.001776
0,-8e-05,-0.059116,0.127605,-0.169543,0.127213,-0.191533,1e-06,0.001032
0,-0.01818,-0.142317,-0.026818,-0.092514,-0.076551,-0.121043,0.000317,0.002484
0,0.138673,-0.062266,0.131917,0.103409,0.107282,0.150419,0.00242,0.001087
0,0.102641,-0.11056,-0.056117,-0.027747,-0.098781,-0.072958,0.001791,0.00193
0,0.140864,0.061477,0.062285,0.155427,0.040653,0.174153,0.002459,0.001073
0,0.042191,0.106264,-0.098964,0.026017,-0.125843,0.067488,0.000736,0.001855
0,0.021713,-0.043883,-0.029685,-0.170251,0.01472,-0.19765,0.000379,0.000766
0,0.124681,-0.091819,0.125346,-0.033138,0.117647,-0.025127,0.002176,0.001603
0,0.086642,-0.033848,-0.048216,0.079935,-0.035467,0.040278,0.001512,0.000591
0,0.116415,-0.021087,0.007353,-0.009107,0.020671,-0.021793,0.002032,0.000368
0,0.074979,0.000434,-0.021887,0.015488,0.004469,0.012996,0.001309,8e-06
0,0.154787,-0.099964,0.099785,-0.127805,0.07411,-0.144702,0.002702,0.001745
0,-0.027792,-0.16355,-0.165968,-0.085506,-0.183346,-0.093224,0.000485,0.002854
0,0.069931,-0.188023,0.119375,-0.016079,0.11649,-0.003771,0.001221,0.003282
0,0.006384,-0.116494,-0.055679,0.058596,-0.081392,0.092164,0.000111,0.002033
0,-0.02573,-0.169536,-0.017668,-0.067032,0.014562,-0.078667,0.000449,0.002959
0,-0.112223,-0.221277,-0.084961,-0.065852,-0.110374,-0.08019,0.001959,0.003862
0,-0.007567,-0.185337,0.093563,0.006556,0.085103,-0.019615,0.000132,0.003235
0,0.195441,-0.22723,0.201384,-0.030252,0.212988,-0.063582,0.003411,0.003852
0,0.227035,-0.019837,0.031447,0.221023,0.080494,0.243371,0.003855,0.000346
0,-0.01339,0.00772,-0.25505,0.051053,-0.281647,0.023249,0.000234,0.000135
0,0.101869,-0.186511,0.127811,-0.214844,0.127873,-0.261516,0.001778,0.003255
0,0.075617,0.033508,-0.029366,0.191846,-0.037386,0.206431,0.00132,0.000585
0,0.026095,0.030454,-0.063402,-0.027665,-0.030405,-0.062838,0.000455,0.000532
0,0.037364,-0.082291,0.008543,-0.097137,0.017845,-0.106625,0.000652,0.001436
0,-0.070602,-0.166222,-0.091612,-0.074613,-0.103349,-0.103366,0.001232,0.002901
0,-0.049971,-0.010094,0.0004,0.1749,-0.03974,0.197183,0.000872,0.000176
0,0.059469,-0.074039,0.126783,-0.088882,0.079804,-0.130656,0.001038,0.001292
0,0.141013,-0.069422,0.107572,-0.00298,0.11652,0.020143,0.002461,0.001212
0,-0.047569,0.090791,-0.17153,0.148665,-0.19723,0.191825,0.00083,0.001585
0,0.067225,0.043253,0.098689,-0.062391,0.125113,-0.021333,0.001173,0.000755
0,0.23392,0.009242,0.185826,-0.0593,0.185344,-0.073859,0.003735,0.000161
0,-0.06892,0.118221,-0.304249,0.080694,-0.333037,0.092913,0.001203,0.002063
0,0.088586,-0.139325,0.16281,-0.243394,0.115853,-0.214967,0.001546,0.002432
0,-0.052551,0.158701,-0.153461,0.295339,-0.152363,0.246882,0.000917,0.00277
0,-0.016133,-0.048956,0.014247,-0.22235,0.062269,-0.183107,0.000282,0.000854
0,-0.080196,-0.024579,-0.081259,0.039947,-0.110929,0.080871,0.0014,0.000429
0,-0.002144,0.1119,0.103542,0.144696,0.065352,0.098293,3.7e-05,0.001953
0,-0.263039,0.151083,-0.282559,0.036191,-0.234377,-0.009829,0.003227,0.002637
0,-0.122261,0.06226,0.168997,-0.118701,0.145025,-0.135761,0.002134,0.001087
0,-0.062141,-0.017646,0.050298,-0.102859,0.097442,-0.146903,0.001085,0.000308
0,0.036584,-0.061687,0.104438,-0.040857,0.083665,-0.018958,0.000639,0.001077
0,-0.077302,-0.052875,-0.115761,-0.012566,-0.109761,-0.034858,0.001349,0.000923
0,0.032651,0.009968,0.080183,0.077367,0.100997,0.060262,0.00057,0.000174
0,-0.013643,-0.020795,-0.072245,-0.048453,-0.0588,-0.080079,0.000238,0.000363
0,-0.021232,0.135666,0.017092,0.182972,0.018925,0.182948,0.000371,0.002368
0,-1.916506,-0.093042,-1.869833,-0.220617,-1.906182,-0.189388,0.002178,0.001624
0,-3.574111,-0.366709,-1.683979,-0.277441,-1.685641,-0.305742,0.000163,0.001418
0,-5.964641,-0.428977,-2.367271,-0.073723,-2.340303,-0.074411,0.00247,0.000331
0,-5.464372,-0.320644,0.477061,0.091428,0.517091,0.097974,0.001557,0.002222
0,-8.067798,0.0128,-2.622604,0.355792,-2.662995,0.396684,8.8e-05,0.000223
0,-7.540838,0.083355,0.552317,0.062476,0.529925,0.029744,0.001291,0.001455
0,-6.939056,0.288694,0.630043,0.20681,0.608464,0.171495,0.003841,0.002779
0,-5.182442,0.303934,1.762448,-0.004231,1.807263,-0.028142,0.003364,0.002513
0,-4.162992,0.381299,1.038786,0.099949,1.028717,0.078722,0.002297,0.001163
0,-3.462847,0.200452,0.708874,-0.158515,0.747539,-0.114477,0.002105,0.003499
0,-2.778843,0.073272,0.702659,-0.151132,0.735568,-0.172639,0.001593,0.001279
0,-2.158191,0.255514,0.628219,0.160895,0.593824,0.189876,0.001422,0.003358
0,-1.460449,0.014621,0.720562,-0.244502,0.750866,-0.22623,0.002036,0.000255
0,-1.021543,0.107086,0.417793,0.08789,0.392705,0.064612,0.002194,0.001869
0,-0.387175,0.136096,0.647961,0.012406,0.644324,0.050649,0.00106,0.002375
0,-0.151658,0.120474,0.26202,-0.013317,0.276597,-0.048424,0.002647,0.002103
0,0.001384,-0.062231,0.12325,-0.194574,0.136181,-0.147333,2.4e-05,0.001086
0,0.300278,0.012814,0.278394,0.063654,0.283932,0.07437,0.002577,0.000224
0,0.3931,0.172562,0.078601,0.141387,0.092923,0.156791,0.000957,0.003012
0,0.186407,0.153136,-0.215871,-0.039035,-0.174234,-0.02493,0.003253,0.002673
0,0.331204,-0.086445,0.124223,-0.244966,0.140846,-0.226684,0.002037,0.001509
0,0.330826,-0.009528,-0.027553,0.060731,-0.03146,0.079959,0.002044,0.000166
0,0.243708,0.096695,-0.095442,0.126977,-0.137684,0.089921,0.003564,0.001688
0,0.371191,0.040381,0.155196,-0.074813,0.139396,-0.099523,0.001339,0.000705
0,0.413761,0.139918,0.030845,0.083764,-0.008377,0.099554,0.000596,0.002442
0,0.178597,-0.020748,-0.239109,-0.1817,-0.272539,-0.179693,0.003117,0.000362
0,0.187964,-0.133121,-0.015068,-0.099007,0.02796,-0.099393,0.003281,0.002323
0,0.150925,-0.081527,-0.032457,0.060845,-0.038036,0.086184,0.002634,0.001423
0,0.278034,-0.008679,0.121593,0.076362,0.148298,0.03537,0.002965,0.000151
0,0.157296,0.074908,-0.113063,0.085061,-0.130039,0.058837,0.002745,0.001307
0,0.321441,0.002899,0.153285,-0.084945,0.163802,-0.070743,0.002208,5.1e-05
0,0.352229,0.017481,0.026028,0.026117,0.037329,0.071074,0.00167,0.000305
0,0.132938,-0.002483,-0.231677,-0.036054,-0.219106,0.011371,0.00232,4.3e-05
0,0.342436,-0.017361,0.181429,-0.012971,0.139012,-0.009811,0.001841,0.000303
0,0.297232,-0.008959,-0.028816,0.004632,-0.031867,0.037709,0.00263,0.000156
0,0.3279,-0.144248,0.043429,-0.153808,0.01985,-0.109239,0.002095,0.002518
0,0.213081,-0.034391,-0.103013,0.124638,-0.125743,0.165877,0.003719,0.0006
0,0.122782,-0.014587,-0.090792,0.005908,-0.107895,-0.036255,0.002143,0.000255
0,0.228289,0.163152,0.118752,0.160006,0.098545,0.174821,0.003833,0.002848
0,0.161259,-0.128495,-0.058825,-0.273914,-0.072134,-0.261976,0.002814,0.002243
0,-0.008291,-0.013889,-0.142604,0.126485,-0.144022,0.093999,0.000145,0.000242
0,0.084323,-0.012317,0.101724,0.010491,0.138692,-0.019251,0.001472,0.000215
0,0.051295,0.014748,-0.047052,0.010347,-0.051288,-0.03392,0.000895,0.000257
0,-0.046077,0.140161,-0.073627,0.148605,-0.057538,0.147707,0.000804,0.002446
0,0.033921,0.166764,0.072581,0.014616,0.10839,-0.033552,0.000592,0.002911
0,-0.041815,0.01458,-0.05639,-0.140888,-0.091528,-0.124398,0.00073,0.000254
0,-0.065936,0.121771,-0.03944,0.126538,-0.07969,0.151156,0.001151,0.002125
0,0.048908,0.123404,0.11212,0.01472,0.114703,-0.010983,0.000854,0.002154
0,-0.004937,0.078217,-0.060386,-0.028877,-0.105754,0.005022,8.6e-05,0.001365
0,-0.004156,0.112238,-0.00407,0.019818,-0.017897,0.035275,7.3e-05,0.001959
0,-0.081337,0.065328,-0.05425,-0.05111,-0.075468,-0.091656,0.00142,0.00114
0,0.060753,0.136893,0.157803,0.05943,0.185256,0.091494,0.00106,0.002389
0,-0.224284,-0.125284,-0.300195,-0.272791,-0.278437,-0.309737,0.003903,0.002187
0,-0.0236,0.021526,0.210515,0.136911,0.191537,0.162566,0.000412,0.000376
0,-0.188015,0.112406,-0.184501,0.11291,-0.176973,0.064054,0.003281,0.001962
0,-0.20926,0.009166,-0.015029,-0.095968,0.028009,-0.081898,0.003652,0.00016
0,-0.178202,-0.150547,0.029428,-0.178186,0.066182,-0.211069,0.00311,0.002628
0,0.00891,0.005059,0.161823,0.140315,0.160769,0.149409,0.000156,8.8e-05
0,-0.075571,-0.089491,-0.107626,-0.08955,-0.061943,-0.068783,0.001319,0.001562
0,-0.112822,0.025084,-0.02585,0.107696,0.004892,0.081624,0.001969,0.000438
0,-0.190945,-0.066738,-0.096492,-0.087814,-0.135741,-0.102927,0.003333,0.001165
0,-0.248395,-0.042595,-0.081431,0.000352,-0.087308,-0.001132,0.003483,0.000743
0,-0.025192,-0.137043,0.226414,-0.070697,0.182625,-0.087044,0.00044,0.002392
0,-0.061664,-0.077656,-0.042364,0.059915,-0.007418,0.085768,0.001076,0.001355
0,-0.352966,0.083297,-0.308274,0.13799,-0.33452,0.172412,0.001657,0.001454
0,-0.256255,-0.095452,0.076077,-0.158266,0.107178,-0.201342,0.003345,0.001666
0,0.017269,0.142408,0.269055,0.209572,0.303566,0.224124,0.000301,0.002485
0,-0.252292,0.049459,-0.253441,-0.098208,-0.230843,-0.059034,0.003415,0.000863
0,0.019102,0.101618,0.254368,0.073788,0.301302,0.099747,0.000333,0.001774
0,0.003895,0.068477,-0.014089,-0.049729,-0.056524,-0.096307,6.8e-05,0.001195
0,-0.062466,0.074403,-0.083106,-0.02052,-0.11144,-0.013398,0.00109,0.001299
0,0.066161,0.001542,0.115394,-0.070133,0.102742,-0.075398,0.001155,2.7e-05
0,0.007475,-0.049207,-0.056333,-0.052941,-0.037769,-0.056111,0.00013,0.000859
0,-0.246382,-0.031544,-0.229496,0.011967,-0.269907,0.019972,0.003518,0.000551
0,-0.185818,0.101046,0.034359,0.126806,0.084189,0.081765,0.003243,0.001764
0,-0.200075,0.047249,-0.005363,-0.067528,0.033413,-0.067286,0.003492,0.000825
0,0.017534,0.103631,0.23732,0.079248,0.215205,0.073491,0.000306,0.001809
0,-0.022448,0.071774,-0.043943,-0.035143,-0.092079,-0.067522,0.000392,0.001253
0,-0.064033,0.128258,-0.065334,0.08591,-0.082903,0.097366,0.001118,0.002239
0,-0.114464,0.048031,-0.028434,-0.086926,-0.063543,-0.085653,0.001998,0.000838
0,-0.199699,-0.149095,-0.074221,-0.186004,-0.0476,-0.213908,0.003485,0.002602
0,-0.109315,0.00571,0.105223,0.136955,0.078917,0.125973,0.001908,0.0001
0,-0.142926,-0.093516,-0.019354,-0.113534,0.024974,-0.142769,0.002495,0.001632
0,-0.282563,0.042783,-0.128489,0.151607,-0.126886,0.110047,0.002886,0.000747
0,-0.257516,0.007048,0.018508,-0.055327,-0.00925,-0.095664,0.003323,0.000123
0,-0.004758,0.101834,0.257598,0.07825,0.290611,0.112479,8.3e-05,0.001777
0,-0.059878,-0.007322,-0.040078,-0.123028,-0.086969,-0.084084,0.001045,0.000128
0,-0.154333,0.093958,-0.106189,0.083713,-0.155146,0.104889,0.002694,0.00164
0,0.044778,0.095852,0.173256,0.009124,0.151603,-0.03674,0.000782,0.001673
0,0.09711,0.1197,0.049085,0.015927,0.068327,0.021117,0.001695,0.002089
0,-0.001559,0.141597,-0.078403,0.033458,-0.057162,0.038955,2.7e-05,0.002471
0,-0.159203,0.001124,-0.132638,-0.132562,-0.163283,-0.119104,0.002779,2e-05
0,0.009503,-0.054263,0.15622,-0.025652,0.109647,-0.056492,0.000166,0.000947
0,-0.12584,0.189389,-0.108476,0.242808,-0.125372,0.242632,0.002196,0.003305
0,-0.016844,0.000789,0.079487,-0.166641,0.066405,-0.172006,0.000294,1.4e-05
0,0.014937,-0.003972,0.035149,-0.004475,0.032556,0.016298,0.000261,6.9e-05
0,0.006329,0.143922,0.013689,0.131597,0.05884,0.17254,0.00011,0.002512
0,0.006044,0.083929,0.020733,-0.08879,0.00989,-0.136723,0.000105,0.001465
0,0.074512,-0.071238,0.098402,-0.169178,0.072341,-0.169143,0.0013,0.001243
0,0.146827,0.051905,0.079375,0.117292,0.120291,0.125564,0.002563,0.000906
0,0.175816,-0.033285,0.039882,-0.082013,-0.006848,-0.071875,0.003069,0.000581
0,0.21193,0.02423,0.05177,0.06953,0.03376,0.068802,0.003699,0.000423
0,0.201106,0.127267,-0.019905,0.077679,0.003718,0.045693,0.00351,0.002221
0,0.104596,0.016172,-0.117418,-0.11443,-0.166796,-0.096588,0.001826,0.000282
0,0.006789,0.034661,-0.085822,0.030386,-0.10032,-0.004135,0.000118,0.000605
0,0.077406,-0.055071,0.062409,-0.118177,0.066309,-0.147124,0.001351,0.000961
0,0.070259,0.125391,-0.008184,0.157615,0.009262,0.176245,0.001226,0.002188
0,0.217478,-0.088244,0.121638,-0.239369,0.104427,-0.218299,0.003796,0.00154
0,0.080091,-0.041687,-0.116734,0.033279,-0.151981,0.065228,0.001398,0.000728
0,0.157843,0.122972,0.080315,0.155041,0.073588,0.135641,0.002755,0.002146
0,0.081791,-0.044402,-0.089239,-0.174685,-0.096003,-0.136383,0.001428,0.000775
0,0.025444,0.017241,-0.069876,0.091007,-0.025395,0.08552,0.000444,0.000301
0,0.08822,0.031304,0.042624,-0.014606,0.059499,-0.026319,0.00154,0.000546
0,-0.036007,0.084489,-0.135991,0.024863,-0.092309,0.071954,0.000628,0.001475
0,0.073908,-0.05663,0.137792,-0.142964,0.1177,-0.132059,0.00129,0.000988
0,0.135985,0.093997,0.037556,0.168932,0.049057,0.141461,0.002373,0.001641
0,-0.091279,-0.131201,-0.241313,-0.233177,-0.245525,-0.22205,0.001593,0.00229
0,-0.059597,0.052746,0.026874,0.176166,0.037008,0.152206,0.00104,0.000921
0,-0.069628,-0.146314,0.01637,-0.207888,-0.009754,-0.240874,0.001215,0.002554
0,0.015913,0.128512,0.103057,0.250726,0.128142,0.235889,0.000278,0.002243
0,0.099067,-0.130541,0.108142,-0.287219,0.123159,-0.306306,0.001729,0.002278
0,0.185034,-0.156114,0.091648,-0.019404,0.11193,0.005038,0.003229,0.002725
0,0.261426,-0.170234,0.068178,-0.026725,0.056106,-0.017374,0.003255,0.002971
0,-0.012573,-0.075314,-0.288062,0.124576,-0.302277,0.090367,0.000219,0.001314
0,0.072997,0.0403,0.056994,0.106399,0.027488,0.127534,0.001274,0.000703
0,0.101642,-0.203321,0.020608,-0.219102,0.067281,-0.193614,0.001774,0.003549
0,0.216142,0.042028,0.121588,0.267036,0.121423,0.273395,0.003772,0.000734
0,0.105729,-0.151568,-0.120966,-0.197701,-0.162426,-0.189474,0.001845,0.002645
0,0.066149,-0.152415,-0.038118,-0.00983,-0.06992,0.00282,0.001155,0.00266
0,0.227026,-0.065556,0.16223,0.105056,0.146764,0.129743,0.003856,0.001144
0,0.171177,0.067912,-0.026314,0.109606,-0.018292,0.137184,0.002988,0.001185
0,0.105435,-0.057598,-0.093967,-0.127688,-0.119694,-0.136235,0.00184,0.001005
0,0.089606,-0.114593,-0.001201,-0.063559,-0.016528,-0.041317,0.001564,0.002
0,0.140854,-0.163993,0.049404,-0.048227,0.06857,-0.08008,0.002458,0.002862
0,-0.064261,0.019301,-0.20892,0.154088,-0.211112,0.141487,0.001122,0.000337
0,0.053422,0.084313,0.12333,0.051788,0.117298,0.028068,0.000932,0.001472
0,0.094398,-0.160737,0.029594,-0.247203,-0.005826,-0.239363,0.001648,0.002805
0,-0.078424,0.014962,-0.169224,0.160499,-0.147504,0.170231,0.001369,0.000261
0,-0.031725,-0.030502,0.028308,-0.023877,-0.020003,-0.065551,0.000554,0.000532
0,0.048177,0.029882,0.093836,0.052634,0.138784,0.088333,0.000841,0.000522
0,0.066547,0.001965,-0.01159,-0.004831,-0.028782,0.04269,0.001161,3.4e-05
0,0.220367,0.00106,0.132417,-0.00203,0.159446,0.015531,0.003846,1.9e-05
0,0.039833,0.069449,-0.193067,0.078615,-0.169532,0.096523,0.000695,0.001212
0,-0.025118,-0.178753,-0.050426,-0.24642,-0.064155,-0.293609,0.000438,0.00312
0,0.052168,-0.044314,0.064674,0.136292,0.056615,0.122517,0.000911,0.000773
0,0.016489,-0.192005,-0.025483,-0.135082,0.01419,-0.107814,0.000288,0.003351
0,0.149068,-0.047705,0.152587,0.171497,0.131154,0.153434,0.002602,0.000833
0,-0.001082,-0.17611,-0.174451,-0.133675,-0.188624,-0.170759,1.9e-05,0.003074
0,0.189523,0.02708,0.190595,0.20707,0.174283,0.169985,0.003308,0.000473
0,0.083723,-0.078524,-0.106478,-0.121506,-0.106667,-0.116712,0.001461,0.001371
0,-0.063452,-0.042134,-0.127998,0.045664,-0.143871,0.054658,0.001107,0.000735
0,0.002054,-0.207779,0.076597,-0.175901,0.084937,-0.181776,3.6e-05,0.003626
0,0.072004,-0.040607,0.083275,0.192984,0.078044,0.144069,0.001257,0.000709
0,-0.004121,-0.195722,-0.080899,-0.18501,-0.077732,-0.225815,7.2e-05,0.003416
0,-0.08899,-0.114319,-0.080633,0.070005,-0.124866,0.099067,0.001553,0.001995
0,0.04119,0.032704,0.12755,0.123755,0.170294,0.146783,0.000719,0.000571
0,-0.019559,-0.152661,-0.038576,-0.206549,-0.081872,-0.177901,0.000341,0.002664
0,-0.091559,-0.07221,-0.060533,0.100689,-0.042298,0.099991,0.001598,0.00126
0,0.099753,-0.05722,0.179237,-0.000979,0.206475,-0.028283,0.001741,0.000999
0,0.106425,-0.111406,0.025396,-0.072703,-0.002728,-0.110819,0.001857,0.001944
0,0.004598,-0.110672,-0.103076,0.000399,-0.148428,0.026341,8e-05,0.001932
0,-0.09221,-0.056282,-0.0856,0.051233,-0.116954,0.096051,0.001609,0.000982
0,-0.045686,0.132453,0.052225,0.179115,0.023078,0.133652,0.000797,0.002312
0,0.06212,0.077428,0.116068,-0.027608,0.140865,-0.012006,0.001084,0.001351
0,0.119687,-0.110907,0.048915,-0.161309,0.0785,-0.119438,0.002089,0.001936
0,0.085407,0.008199,-0.055924,0.13085,-0.017182,0.101757,0.001491,0.000143
0,0.03198,-0.0408,-0.066521,-0.024322,-0.107506,0.005492,0.000558,0.000712
0,0.152066,0.190392,0.111212,0.224835,0.07205,0.240103,0.002654,0.003323
0,0.121833,-0.074413,-0.002882,-0.277033,-0.032279,-0.297732,0.002126,0.001299
0,0.193309,0.186146,0.074343,0.289727,0.03874,0.255452,0.003374,0.003249
0,0.117554,0.107454,-0.100497,-0.049254,-0.129611,-0.066278,0.002052,0.001875
0,0.06496,0.037701,-0.033083,-0.063928,-0.074781,-0.074137,0.001134,0.000658
0,-0.016252,-0.003728,-0.080223,-0.012911,-0.125371,0.002157,0.000284,6.5e-05
0,0.184871,0.080599,0.223797,0.08397,0.210345,0.037638,0.003227,0.001407
0,0.043913,0.068082,-0.130208,-0.039429,-0.150506,-0.047379,0.000766,0.001188
0,0.179659,0.065765,0.124651,-0.026813,0.172556,0.016864,0.003136,0.001148
0,0.179322,0.12243,-0.029604,0.063415,-0.052997,0.097508,0.00313,0.002137
0,-0.121276,0.099052,-0.274429,0.00599,-0.288681,0.017863,0.002117,0.001729
0,-0.089252,-0.059207,0.030617,-0.169178,-0.010654,-0.197932,0.001558,0.001033
0,-0.147764,-0.04475,-0.031939,0.043071,0.016116,0.004407,0.002579,0.000781
0,0.065945,0.208614,0.221325,0.230619,0.238263,0.274387,0.001151,0.003641
0,-0.101022,0.032107,-0.171519,-0.193446,-0.132732,-0.228486,0.001763,0.00056
0,0.040862,0.142589,0.141734,0.124405,0.165399,0.134671,0.000713,0.002489
0,0.048223,0.026773,-0.001226,-0.109991,0.025428,-0.132811,0.000842,0.000467
0,0.123646,0.076353,0.087077,0.062441,0.105969,0.03295,0.002158,0.001333
0,-0.028986,0.200276,-0.136616,0.099918,-0.129948,0.052216,0.000506,0.003495
0,0.056706,0.142413,0.115007,-0.072497,0.146576,-0.091928,0.00099,0.002486
0,0.054146,0.086884,0.02591,-0.03012,0.051352,-0.004183,0.000945,0.001516
0,0.078989,-0.06963,0.039819,-0.151226,0.000967,-0.106743,0.001379,0.001215
0,0.089697,-0.048661,0.027357,-0.001036,0.063165,0.012961,0.001566,0.000849
0,0.004011,0.084186,-0.066292,0.148046,-0.106472,0.113215,7e-05,0.001469
0,0.202226,0.027971,0.17357,-0.079969,0.138441,-0.051702,0.00353,0.000488
0,-0.030672,0.225412,-0.207323,0.216253,-0.206897,0.212127,0.000535,0.003884
0,0.167315,0.13012,0.169717,-0.065532,0.214518,-0.068997,0.00292,0.002271
0,0.031781,0.019099,-0.151799,-0.127216,-0.158246,-0.114792,0.000555,0.000333
0,-0.088327,0.029813,-0.147311,-0.002322,-0.148932,-0.025633,0.001542,0.00052
0,0.029795,0.024148,0.117883,0.006625,0.092958,0.029674,0.00052,0.000421
0,-0.063729,0.17123,-0.079933,0.169782,-0.073811,0.174983,0.001112,0.002989
0,-0.080846,0.038951,-0.010486,-0.145578,-0.032326,-0.09872,0.001411,0.00068
0,0.101132,-0.032564,0.166097,-0.08459,0.157776,-0.044446,0.001765,0.000568
0,-0.043117,-0.01875,-0.119896,-0.004575,-0.090197,0.03027,0.000753,0.000327
0,0.019051,-0.065854,0.090981,-0.031873,0.102529,0.014154,0.000333,0.001149
0,-0.000669,0.019739,-0.028292,0.062125,-0.049251,0.012681,1.2e-05,0.000345
0,0.032245,-0.044127,0.027806,-0.073189,0.060647,-0.078862,0.000563,0.00077
0,0.194065,-0.124827,0.189616,-0.062237,0.16045,-0.052973,0.003387,0.002179
0,-0.013351,-0.035966,-0.185788,0.106818,-0.195935,0.145988,0.000233,0.000628
0,0.046464,-0.028748,0.062458,0.033585,0.077313,0.043347,0.000811,0.000502
0,-0.024174,0.107885,-0.083735,0.155132,-0.069935,0.14924,0.000422,0.001883
0,0.102279,0.104948,0.153428,0.016107,0.140446,0.021642,0.001785,0.001832
0,0.065471,0.05351,-0.010167,-0.056304,-0.006275,-0.069413,0.001143,0.000934
0,-0.035113,0.012042,-0.084589,-0.039396,-0.126618,-0.07087,0.000613,0.00021
0,-0.01091,0.044026,0.052412,0.004463,0.041754,-0.012442,0.00019,0.000768
0,0.12086,-0.037561,0.135545,-0.054192,0.085906,-0.079945,0.002109,0.000656
0,0.026358,0.066854,-0.093801,0.090477,-0.139871,0.131161,0.00046,0.001167
0,0.052853,-0.127312,-0.000342,-0.204405,0.036687,-0.207394,0.000922,0.002222
0,0.260695,0.052419,0.215352,0.159166,0.210646,0.18741,0.003268,0.000915
0,0.112362,-0.106179,-0.124391,-0.164366,-0.077977,-0.212778,0.001961,0.001853
0,0.330181,-0.187739,0.242367,-0.095701,0.232823,-0.071112,0.002055,0.003277
0,0.278313,-0.046258,-0.064666,0.162876,-0.073135,0.178683,0.00296,0.000807
0,0.088264,0.116818,-0.173627,0.184336,-0.190639,0.187147,0.001541,0.002039
0,0.176558,0.045445,0.084334,-0.059521,0.105189,-0.020548,0.003082,0.000793
0,0.092906,-0.051429,-0.09567,-0.095139,-0.082818,-0.075552,0.001622,0.000898
0,0.060479,0.056887,-0.052322,0.102118,-0.021117,0.111525,0.001056,0.000993
0,0.097683,-0.171115,0.011068,-0.255288,0.044049,-0.241909,0.001705,0.002987
0,0.026579,0.026389,-0.060135,0.192862,-0.010922,0.188922,0.000464,0.000461
0,0.262564,-0.134263,0.260326,-0.139275,0.228304,-0.188238,0.003235,0.002343
0,0.159038,-0.138111,-0.111126,0.017567,-0.112768,0.044608,0.002776,0.00241
0,0.104545,-0.164042,-0.046898,-0.01848,-0.024402,-0.029585,0.001825,0.002863
0,-0.000633,0.069339,-0.095047,0.2211,-0.119808,0.220988,1.1e-05,0.00121
0,-0.039748,0.064262,-0.065075,-0.028593,-0.061401,-0.069575,0.000694,0.001122
0,0.140559,-0.062859,0.16745,-0.145974,0.164604,-0.175255,0.002453,0.001097
0,0.164013,-0.028678,0.045836,0.052152,0.037304,0.045567,0.002863,0.000501
0,0.178166,-0.108396,0.028746,-0.070683,0.010312,-0.092621,0.00311,0.001892
0,-0.041934,-0.008262,-0.209535,0.087819,-0.177154,0.052183,0.000732,0.000144
0,0.126012,-0.120354,0.188184,-0.131008,0.142797,-0.131127,0.002199,0.002101
0,-0.020588,0.042607,-0.173567,0.168779,-0.170981,0.180234,0.000359,0.000744
0,0.023422,-0.105413,0.036299,-0.145782,0.004871,-0.136816,0.000409,0.00184
0,0.159611,0.057825,0.134851,0.146117,0.100376,0.104587,0.002786,0.001009
0,0.033714,0.097745,-0.115951,0.020398,-0.078001,0.031286,0.000588,0.001706
0,-0.029381,0.117725,-0.051169,0.035942,-0.018489,0.076042,0.000513,0.002055
0,-0.766418,0.100039,-0.730152,-0.015801,-0.757838,-0.019485,0.002259,0.001746
0,-0.863629,-0.12563,-0.094168,-0.201985,-0.096129,-0.181843,0.000563,0.002193
0,-0.898933,0.038888,-0.062294,0.183689,-0.076182,0.141042,5.4e-05,0.000679
0,-1.182361,-0.047595,-0.31269,-0.081103,-0.301342,-0.116046,0.002818,0.000831
0,-0.890489,0.022551,0.300018,0.093315,0.310598,0.060935,9.4e-05,0.000394
0,-0.980481,0.088489,-0.090714,0.048931,-0.053066,0.031769,0.001477,0.001544
0,-0.760043,-0.021665,0.195461,-0.106757,0.244467,-0.145428,0.002371,0.000378
0,-0.69312,0.078633,0.089259,0.106344,0.060477,0.114387,0.003539,0.001372
0,-0.507143,-0.079345,0.186431,-0.163912,0.154694,-0.170306,0.003421,0.001385
0,-9.115737,-0.077025,-8.628269,-0.018058,-8.636023,0.030512,0.002742,0.001344
0,-9.078276,0.031151,0.008964,0.112996,0.044338,0.085793,0.002088,0.000544
0,-9.149673,0.012212,-0.04769,-0.034375,-0.04961,-0.007187,0.003334,0.000213
0,-8.938967,-0.125131,0.194886,-0.134389,0.210737,-0.138113,0.000343,0.002184
0,-9.119438,0.0434,-0.184188,0.141827,-0.195045,0.190945,0.002807,0.000757
0,-9.088896,-0.134389,0.050765,-0.204105,0.051315,-0.177605,0.002274,0.002346
0,-8.853275,0.012699,0.23247,0.166694,0.200364,0.173694,0.001839,0.000222
0,-9.066804,0.016895,-0.219699,-0.011674,-0.256537,-0.00667,0.001888,0.000295
0,-8.898898,-0.169008,0.170003,-0.178465,0.121987,-0.15336,0.001042,0.00295
0,-8.95648,-0.046336,-0.064282,0.140846,-0.089562,0.160357,3.7e-05,0.000809
0,-8.887085,0.015112,0.045769,0.088375,0.039895,0.038815,0.001249,0.000264
0,-8.966939,-0.128961,-0.077458,-0.118764,-0.086345,-0.133025,0.000145,0.002251
0,-9.096632,0.051521,-0.102312,0.167855,-0.129353,0.152956,0.002409,0.000899
0,-8.929288,-0.158536,0.160913,-0.185608,0.199286,-0.220938,0.000512,0.002767
0,-9.135546,-0.084272,-0.233747,0.071929,-0.215251,0.022827,0.003088,0.001471
0,-9.042636,0.026729,0.109472,0.123572,0.062319,0.14918,0.001466,0.000467
0,-9.037707,-0.17246,0.022234,-0.183191,0.041567,-0.168039,0.00138,0.00301
0,-9.136299,-0.121018,-0.122976,0.05603,-0.124587,0.098635,0.003101,0.002112
0,-9.138613,-0.142895,-0.014659,-0.00562,-0.032502,-0.013369,0.003141,0.002494
0,-8.946128,-0.218575,0.217435,-0.08058,0.219215,-0.106298,0.000218,0.003815
0,-8.855294,-0.036689,0.101454,0.189189,0.098144,0.172189,0.001804,0.00064
0,-8.923316,-0.118313,-0.087854,-0.066648,-0.053122,-0.100342,0.000616,0.002065
0,-9.133405,-0.024612,-0.230741,0.065913,-0.26393,0.059286,0.00305,0.00043
0,-8.90657,-0.087123,0.208683,-0.064513,0.199461,-0.041197,0.000909,0.001521
0,-9.119951,-0.04963,-0.229083,0.044061,-0.186154,0.031451,0.002816,0.000866
0,-8.951945,0.071478,0.15459,0.134244,0.195252,0.15572,0.000117,0.001248
0,-9.107627,-0.08983,-0.152062,-0.156226,-0.161546,-0.151336,0.002601,0.001568
0,-8.356765,-0.117051,0.751587,-0.037505,0.796568,-0.004429,0.002687,0.002043
0,-8.043066,-0.103297,0.324665,-0.011662,0.365212,0.036243,0.000344,0.001803
0,-7.526376,-0.111252,0.497032,-0.010332,0.523149,8.4e-05,0.001544,0.001942
0,-7.038169,-0.096732,0.506891,-0.005895,0.518702,-0.022254,0.002247,0.001688
0,-6.852217,-0.20508,0.202291,-0.079503,0.226185,-0.096715,0.002326,0.003579
0,-6.415015,-0.050423,0.447387,0.143874,0.47649,0.097935,0.002513,0.00088
0,-5.779433,0.004315,0.639161,0.02829,0.631718,0.049926,0.000762,7.5e-05
0,-5.56862,-0.032077,0.224526,-0.060292,0.199597,-0.046688,0.003376,0.00056
0,-5.217272,0.038817,0.367236,0.051534,0.374073,0.04037,0.002756,0.000677
0,-5.129787,0.052916,0.094203,-0.005249,0.087228,0.036915,0.003535,0.000924
0,-4.666953,-0.142964,0.433737,-0.17749,0.402692,-0.185831,0.003275,0.002495
0,-4.439168,-0.152606,0.252464,0.016972,0.210294,0.035582,0.000701,0.002663
0,-4.267295,-0.174183,0.155911,-0.009744,0.199129,-0.054825,0.0037,0.00304
0,-3.884291,-0.211586,0.401904,-0.062464,0.410019,-0.093537,0.002567,0.003693
0,-3.897845,0.034113,0.002107,0.238532,-0.021252,0.204381,0.002331,0.000595
0,-3.634925,-0.008418,0.25387,-0.043298,0.21297,-0.078345,0.000898,0.000147
0,-3.391307,0.087444,0.252812,0.081213,0.282869,0.125446,0.003354,0.001526
0,-3.176326,-0.099905,0.186111,-0.166128,0.223235,-0.140763,0.000712,0.001744
0,-3.215698,0.019805,-0.018153,0.142526,-0.052892,0.126155,0.001399,0.000346
0,-2.865999,-0.01884,0.374508,-0.009354,0.399063,-0.057705,0.003114,0.000329
0,-2.799913,0.053342,0.095629,0.05396,0.10769,0.041108,0.00196,0.000931
0,-2.569253,-0.053057,0.20774,-0.098232,0.252872,-0.062384,0.002065,0.000926
0,-2.525092,0.00936,0.067505,0.058358,0.056298,0.052069,0.002836,0.000163
0,-2.391076,0.045594,0.134895,0.023976,0.110371,-0.003819,0.002643,0.000796
0,-2.106662,0.019585,0.276846,-0.030829,0.301547,-0.045786,0.002321,0.000342
0,-1.947193,-0.010636,0.131409,-0.037564,0.123271,-0.016702,0.002713,0.000186
0,-1.952195,-0.090973,0.002837,-0.054213,0.040521,-0.033742,0.002629,0.001588
0,-1.902307,-0.147078,0.066896,-0.075336,0.100964,-0.107341,0.00193,0.002567
0,-9.067472,0.210857,-7.188721,0.37753,-7.198163,0.392528,0.0019,0.00368
0,-8.852026,0.565878,0.211085,0.353298,0.245509,0.310344,0.001861,0.002059
0,-8.99053,0.519154,-0.163057,-0.032804,-0.124681,-0.066857,0.000557,0.001243
0,-8.859309,0.714672,0.132696,0.167283,0.134952,0.135208,0.001733,0.003162
0,-9.091427,0.530402,-0.24309,-0.179452,-0.270037,-0.133081,0.002318,0.001439
0,-9.027645,0.417577,0.036486,-0.101825,0.032313,-0.077068,0.001205,0.00053
0,-9.101769,0.157205,-0.063721,-0.260572,-0.015505,-0.29472,0.002498,0.002744
0,-9.115751,0.082907,0.006321,-0.046526,-0.003859,-0.029951,0.002742,0.001447
0,-8.986418,0.071649,0.151881,-0.005345,0.129151,-0.05434,0.000485,0.001251
0,-8.924074,0.226102,0.080435,0.167398,0.126578,0.147807,0.000603,0.003872
0,-9.119292,-0.059425,-0.222152,-0.260431,-0.237063,-0.255248,0.002804,0.001037
0,-9.022025,0.107964,0.115842,0.169265,0.075777,0.19561,0.001106,0.001884
0,-9.128171,-0.035042,-0.09468,-0.172303,-0.074458,-0.138562,0.002959,0.000612
0,-9.145993,0.124549,-0.039628,0.163347,-0.060238,0.123301,0.00327,0.002174
0,-9.114265,-0.048604,0.009442,-0.164318,-0.013047,-0.161215,0.002716,0.000848
0,-9.075637,-0.022027,0.01943,0.021018,0.065091,0.055103,0.002042,0.000384
0,-9.133345,0.028494,-0.053408,0.036381,-0.067505,0.06242,0.003049,0.000497
0,-9.03928,0.114686,0.100351,0.105651,0.115935,0.139191,0.001408,0.002002
0,-9.13686,-0.073295,-0.116766,-0.217981,-0.093386,-0.200908,0.003111,0.001279
0,-8.995169,0.031091,0.132068,0.091398,0.142745,0.064399,0.000638,0.000543
0,-8.998779,0.052723,0.007271,0.006518,-0.004023,-0.032744,0.000701,0.00092
0,-8.948952,0.032605,0.03074,-0.009643,0.066686,0.016338,0.000169,0.000569
0,-8.995743,-0.154169,-0.075475,-0.177501,-0.102263,-0.127545,0.000648,0.002691
0,-9.017721,-0.017742,-0.050616,0.112993,-0.049264,0.077311,0.001031,0.00031
0,-8.859789,0.120981,0.163963,0.146809,0.118565,0.175135,0.001725,0.002112
0,-9.074962,-0.129993,-0.186677,-0.26978,-0.178215,-0.251064,0.00203,0.002269
0,-8.901552,-0.055749,0.194302,0.065094,0.187754,0.048583,0.000996,0.000973
0,-9.128431,-0.143767,-0.250641,-0.071545,-0.291394,-0.097471,0.002964,0.002509
0,-8.99895,0.071814,0.114198,0.194938,0.130536,0.173707,0.000704,0.001253
0,-8.859656,-0.16318,0.138595,-0.246719,0.171186,-0.283506,0.001727,0.002848
0,-9.111375,-0.013803,-0.223377,0.136872,-0.17804,0.093022,0.002666,0.000241
0,-8.93243,-0.001644,0.175551,-0.003079,0.153706,-0.011261,0.000457,2.9e-05
0,-8.942774,0.01088,-0.011893,0.027805,0.029373,0.069276,0.000277,0.00019
0,-8.365278,0.090221,0.577224,0.108942,0.533156,0.09072,0.002538,0.001575
0,-9.122591,0.089311,-0.735404,-0.026018,-0.749148,-0.049571,0.002862,0.001559
0,-8.599672,-0.164617,0.518739,-0.255133,0.504318,-0.252975,0.001553,0.002873
0,-8.020119,-0.043419,0.593036,0.109667,0.617019,0.074149,0.000744,0.000758
0,-7.591009,-0.152364,0.457874,-0.136053,0.411197,-0.105523,0.000416,0.002659
0,-7.059205,-0.129606,0.535845,0.045783,0.49904,-0.004062,0.00188,0.002262
0,-6.8001,-0.059763,0.251701,0.046081,0.296344,0.02003,0.001416,0.001043
0,-6.366098,-0.049375,0.460951,0.019582,0.453325,-0.012319,0.003771,0.000862
0,-6.056024,-0.025901,0.327102,0.041923,0.279594,0.020435,0.003753,0.000452
0,-5.737646,-0.122241,0.320343,-0.099048,0.295872,-0.130034,0.001492,0.002134
0,-5.215157,-0.178791,0.497997,-0.03692,0.486712,-0.006295,0.002793,0.00312
0,-5.031711,-0.004732,0.182369,0.174263,0.148197,0.216596,0.001823,8.3e-05
0,-4.826184,-0.068847,0.223838,-0.078664,0.214692,-0.042555,0.001764,0.001202
0,-4.42132,0.028337,0.417115,0.070099,0.374947,0.065212,0.001012,0.000495
0,-4.286794,0.007476,0.145982,-0.044195,0.109561,-0.039482,0.00336,0.00013
0,-4.066215,-0.09291,0.233329,-0.126583,0.280312,-0.150745,0.000608,0.001622
0,-3.825298,0.058232,0.243291,0.16668,0.269404,0.131274,0.003597,0.001016
0,-3.375856,-0.088897,0.456282,-0.157572,0.476049,-0.190053,0.003623,0.001552
0,-3.23136,-0.088018,0.129965,0.020314,0.137985,8.9e-05,0.001673,0.001536
0,-3.148403,0.084439,0.088879,0.196823,0.078477,0.230314,0.000225,0.001474
0,-2.800178,-0.056541,0.347031,-0.111911,0.368271,-0.082417,0.001965,0.000987
0,-2.780134,-0.137386,-0.004614,-0.077312,0.026102,-0.11905,0.001615,0.002398
0,-2.607784,0.096108,0.195809,0.204557,0.194919,0.199188,0.001393,0.001677
0,-2.346716,-0.086778,0.261603,-0.162255,0.219634,-0.114623,0.001869,0.001515
0,-2.354872,-0.099949,0.0101,-0.020577,-0.036086,-0.030294,0.002011,0.001744
0,-2.06732,-0.073314,0.262026,0.01535,0.269749,0.035039,0.003008,0.00128
0,-2.030029,0.121499,0.037345,0.172579,0.012894,0.215685,0.003659,0.002121
0,-1.915097,-0.069308,0.08917,-0.218039,0.119347,-0.17245,0.002153,0.00121
0,-1.777002,0.094644,0.122192,0.137445,0.110756,0.178842,0.000257,0.001652
0,-1.746525,0.114763,0.029301,-0.006451,0.044712,0.030724,0.000789,0.002003
0,-1.555538,0.116039,0.193725,-0.014755,0.209852,-0.039429,0.003696,0.002025
0,-1.600761,0.120571,-0.036037,0.019207,-0.071944,0.000275,0.003333,0.002104
0,-1.598116,0.131264,0.029301,0.023218,0.021324,0.041584,0.003379,0.002291
0,-1.433581,0.126053,0.17067,0.019132,0.154948,-0.009216,0.001567,0.0022
0,-1.395651,-0.041195,0.037506,-0.163878,0.014487,-0.139513,0.000905,0.000719
0,-8.850714,-0.482395,-7.440922,-0.417193,-7.422292,-0.461719,0.001883,0.000602
0,-9.140652,-0.527232,-0.27387,-0.04285,-0.315484,-0.08289,0.003177,0.001384
0,-9.035249,-0.477976,0.083598,0.048564,0.079547,0.003844,0.001337,0.000524
0,-9.026313,-0.546779,0.022759,-0.087273,0.000557,-0.074428,0.001181,0.001725
0,-8.891319,-0.482503,0.14778,0.077893,0.124839,0.066122,0.001175,0.000603
0,-8.990945,-0.259071,-0.07543,0.201449,-0.033169,0.222441,0.000564,0.003296
0,-8.976727,-0.28057,-0.004782,-0.04811,0.012212,-0.095344,0.000316,0.002921
0,-9.104226,-0.122534,-0.14308,0.146625,-0.09523,0.108707,0.002541,0.002139
0,-8.983356,-0.120905,0.104444,-0.016744,0.132873,-0.017871,0.000432,0.00211
0,-8.972632,-0.213375,0.000299,-0.101488,0.044055,-0.131277,0.000244,0.003724
0,-8.876962,0.017552,0.110806,0.207089,0.118734,0.16988,0.001425,0.000306
0,-9.142717,-0.047483,-0.278199,-0.050365,-0.235582,-0.075931,0.003213,0.000829
0,-8.997782,-0.128449,0.143264,-0.097595,0.121828,-0.055239,0.000683,0.002242
0,-8.592726,-0.02179,0.397599,0.114439,0.394169,0.081492,0.001432,0.00038
0,-8.009504,0.00213,0.55644,0.053621,0.588053,0.092618,0.00093,3.7e-05
0,-7.585816,0.042463,0.415099,0.063539,0.434473,0.075968,0.000506,0.000741
0,-6.987499,-0.022773,0.59086,-0.060591,0.542176,-0.052067,0.003131,0.000397
0,-6.667645,-0.176469,0.322654,-0.139916,0.331584,-0.168738,0.000896,0.00308
0,-6.365663,-0.002367,0.314176,0.157314,0.264974,0.131442,0.001652,4.1e-05
0,-6.0082,0.027407,0.34115,0.046053,0.381883,0.080136,0.00323,0.000478
0,-5.633186,0.142386,0.360575,0.118905,0.404011,0.073243,0.003315,0.002485
0,-5.202145,-0.160675,0.453452,-0.303053,0.46817,-0.347599,0.00302,0.002804
0,-4.87001,-0.014663,0.33169,0.153755,0.324189,0.197561,0.000999,0.000256
0,-4.586105,0.026541,0.277988,0.023406,0.291326,0.004507,0.001864,0.000463
0,-4.452557,0.028286,0.134541,0.011186,0.153464,0.007982,0.000467,0.000494
0,-4.131762,-0.011527,0.346824,-0.06123,0.372233,-0.043448,0.001752,0.000201
0,-4.063133,-0.062157,0.095668,-0.053786,0.059929,-0.016703,0.000554,0.001085
0,-3.935828,-0.131295,0.153517,-0.09878,0.171858,-0.069094,0.001668,0.002292
0,-3.720171,0.043071,0.189235,0.176471,0.215576,0.17906,0.002386,0.000752
0,-3.502554,0.036665,0.245489,-0.028906,0.239625,-0.045943,0.001412,0.00064
0,-3.175549,0.006318,0.34152,-0.050319,0.31358,-0.087181,0.000699,0.00011
0,-3.027666,-0.173891,0.166871,-0.173059,0.205041,-0.199045,0.001882,0.003035
0,-2.909307,-0.121798,0.114007,0.043504,0.077818,0.072077,0.00387,0.002126
0,-2.756527,-0.003985,0.143981,0.103041,0.152995,0.123681,0.001203,7e-05
0,-2.470587,-0.127235,0.262136,-0.115817,0.294036,-0.09408,0.003787,0.002221
0,-2.29041,-0.037767,0.183717,0.107851,0.139013,0.121572,0.000886,0.000659
0,-2.246534,-0.131133,0.029326,-0.112979,0.061421,-0.160925,0.00012,0.002289
0,-1.907012,-0.203107,0.312574,-0.085667,0.32096,-0.109746,0.002012,0.003545
0,-2.046627,-0.110318,-0.109983,0.086976,-0.158761,0.084321,0.003369,0.001925
0,-1.706279,-0.19662,0.32265,-0.059954,0.345978,-0.094074,0.001491,0.003432
0,-1.676563,-0.092676,0.030239,0.09407,-0.017052,0.05433,0.00201,0.001618
0,-1.730622,-0.153559,-0.079757,-0.052267,-0.104459,-0.067151,0.001066,0.00268
0,-1.646348,0.059069,0.100014,0.219142,0.081969,0.173094,0.002537,0.001031
0,-1.543317,-0.091462,0.127879,-0.125374,0.084663,-0.136868,0.003482,0.001596
0,-1.38778,0.012226,0.148744,0.132011,0.125338,0.088821,0.000768,0.000213
0,-1.151185,-0.024279,0.260042,-0.009314,0.226629,-0.052596,0.003362,0.000424
0,-1.282634,-0.00346,-0.118751,0.01329,-0.092927,-0.025183,0.001067,6e-05
0,-1.278461,-0.011187,-0.016669,-0.031808,-0.001851,-0.055456,0.00114,0.000195
0,-1.137513,-0.096087,0.163672,-0.097923,0.142859,-0.139595,0.0036,0.001677
0,-1.179652,-0.066097,-0.071043,0.045331,-0.066056,0.05996,0.002865,0.001154
0,-0.924391,-0.042151,0.232023,0.012348,0.213041,0.036108,0.000498,0.000736
0,-0.882325,-0.101051,0.054602,-0.058284,0.096568,-0.063857,0.000236,0.001764
0,-0.938446,-0.075837,-0.0848,0.026481,-0.070846,-0.00422,0.000743,0.001324
0,-0.980839,-0.214408,-0.037039,-0.127074,-0.06856,-0.11273,0.001483,0.003742
0,-0.747557,-0.04894,0.260806,0.174503,0.271598,0.221492,0.002588,0.000854
0,-0.9235,-0.029693,-0.188046,0.039072,-0.192833,0.057006,0.000482,0.000518
0,-0.831125,-0.033876,0.106448,-0.010482,0.089675,0.013202,0.00113,0.000591
0,-0.732425,-0.005136,0.098141,0.046116,0.137137,0.023956,0.002853,9e-05
0,-0.624314,-0.139445,0.123457,-0.116677,0.091523,-0.115226,0.003078,0.002434
0,-0.667974,0.072641,-0.048031,0.200273,-0.009271,0.223729,0.00384,0.001268
0,-0.488931,-0.173021,0.183386,-0.221206,0.21367,-0.253425,0.000716,0.00302
0,-0.540399,-0.071545,-0.076673,0.079329,-0.113502,0.040518,0.001614,0.001249
0,-0.492973,-0.144035,0.045295,-0.064129,0.040384,-0.062274,0.000786,0.002514
0,-0.511986,-0.203393,0.000719,-0.082957,-0.020664,-0.042293,0.001118,0.00355
0,-0.328334,-0.175342,0.197405,0.057767,0.193654,0.061454,0.002087,0.00306
0,-0.293067,0.100971,0.017471,0.300078,-0.000467,0.288818,0.002703,0.001762
0,-0.346584,0.07889,-0.072448,-0.037157,-0.115215,-0.020933,0.001769,0.001377
0,-0.497908,-0.082804,-0.139154,-0.173577,-0.097912,-0.186108,0.000872,0.001445
0,-0.421811,-0.098702,0.086828,-0.000841,0.128088,-0.010452,0.000456,0.001723
0,-0.394536,0.013829,0.020142,0.085323,0.033632,0.082287,0.000932,0.000241
0,-0.413705,-0.174603,-0.004745,-0.159673,-0.031941,-0.132377,0.000597,0.003047
0,-0.246198,0.124699,0.183945,0.327438,0.198046,0.321468,0.003521,0.002176
0,-0.309901,-0.142613,-0.090174,-0.27074,-0.043103,-0.2471,0.002409,0.002489
0,-0.244678,-0.030303,0.074313,0.136458,0.08466,0.152764,0.003547,0.000529
0,-0.244832,-0.167029,0.01484,-0.122619,0.043854,-0.091853,0.003545,0.002915
0,-0.122559,0.022587,0.139331,0.202839,0.173306,0.161719,0.002139,0.000394
0,-0.305331,0.034557,-0.209273,0.008584,-0.232619,0.001811,0.002489,0.000603
0,-0.302914,-0.069227,0.019251,-0.110161,0.066603,-0.136866,0.002531,0.001208
0,-0.14752,-0.005688,0.130791,0.050997,0.095919,0.043268,0.002575,9.9e-05
0,-0.116327,-0.120071,0.05442,-0.131319,0.067253,-0.100234,0.00203,0.002096
0,0.105048,-0.078752,0.224456,0.055692,0.236715,0.069109,0.001833,0.001374
0,0.029827,-0.133688,-0.064946,-0.061491,-0.084417,-0.094926,0.000521,0.002333
0,-0.071655,0.082138,-0.123959,0.23139,-0.115165,0.257315,0.001251,0.001434
0,0.117332,-0.065647,0.209906,-0.118085,0.185865,-0.076631,0.002048,0.001146
0,-0.153466,-0.194478,-0.247766,-0.131541,-0.231393,-0.178939,0.002678,0.003394
0,0.05627,-0.135335,0.198459,0.08462,0.208721,0.102428,0.000982,0.002362
0,-0.010825,-0.04099,-0.055308,0.121106,-0.02856,0.08362,0.000189,0.000715
0,0.055605,-0.160218,0.059746,-0.095991,0.052738,-0.108196,0.00097,0.002796
0,-0.228365,-0.09338,-0.307092,0.09342,-0.277225,0.114567,0.003832,0.00163
0,-0.026665,-0.074575,0.204869,-0.005171,0.169036,-0.016809,0.000465,0.001302
0,0.014392,-0.111471,0.015835,-0.047006,0.063111,-0.008368,0.000251,0.001946
0,-0.076131,-0.130533,-0.07797,-0.005294,-0.057619,0.018175,0.001329,0.002278
0,0.140035,-0.073573,0.218758,0.041018,0.235556,0.045134,0.002444,0.001284
0,0.073121,-0.056678,-0.08248,0.010007,-0.078093,0.037581,0.001276,0.000989
0,0.131928,0.104181,0.041986,0.13452,0.001148,0.177521,0.002303,0.001818
0,0.11116,0.000409,-0.004746,-0.098539,-0.025195,-0.097194,0.00194,7e-06
0,0.009095,-0.150304,-0.102726,-0.151936,-0.13583,-0.112313,0.000159,0.002623
0,0.160484,-0.166663,0.136569,-0.044221,0.167973,-0.061044,0.002801,0.002909
0,-0.062758,0.051942,-0.202406,0.247167,-0.161883,0.221701,0.001095,0.000907
0,0.184727,-0.023697,0.240636,-0.085819,0.233636,-0.044197,0.003224,0.000414
0,0.009607,-0.023818,-0.169632,-0.005371,-0.150785,-0.00713,0.000168,0.000416
0,0.089772,0.134179,0.073201,0.170727,0.058485,0.213196,0.001567,0.002342
0,0.220935,0.04761,0.111793,-0.057789,0.086838,-0.013804,0.003856,0.000831
0,-0.041908,0.015498,-0.279115,-0.042296,-0.295625,-0.074124,0.000731,0.00027
0,-0.046852,0.054184,-0.026814,0.037917,-0.000331,0.001101,0.000818,0.000946
0,0.251044,0.077151,0.314173,0.032491,0.311319,0.06913,0.003436,0.001347
0,0.200387,-0.022935,-0.068963,-0.10842,-0.020945,-0.068443,0.003497,0.0004
0,-0.065753,-0.162652,-0.2749,-0.142129,-0.31443,-0.147979,0.001148,0.002839
0,-0.069208,-0.198499,0.019732,-0.021094,0.056779,-0.052419,0.001208,0.003464
0,-0.02625,0.042421,0.072825,0.252416,0.031006,0.265226,0.000458,0.00074
0,0.11669,-0.173656,0.165173,-0.215015,0.118696,-0.198667,0.002037,0.003031
0,-0.077852,-0.127394,-0.223787,0.016433,-0.210738,-0.029233,0.001359,0.002223
0,0.101727,-0.118081,0.191017,0.022465,0.220094,0.007588,0.001775,0.002061
0,0.037198,-0.182646,-0.045512,-0.069804,-0.078445,-0.058851,0.000649,0.003188
0,0.002124,0.048676,-0.038741,0.221143,0.0052,0.181622,3.7e-05,0.00085
0,0.085676,0.009457,0.083852,-0.009334,0.127844,-0.000528,0.001495,0.000165
0,0.019759,0.034482,-0.052539,0.021067,-0.015231,-0.017409,0.000345,0.000602
0,0.176937,-0.011684,0.157362,-0.063196,0.160523,-0.023404,0.003088,0.000204
0,0.066758,-0.068904,-0.094956,-0.066631,-0.135103,-0.059219,0.001165,0.001203
0,0.122349,-0.029143,0.041719,0.025924,0.004643,-0.003553,0.002135,0.000509
0,0.015976,0.029786,-0.10622,0.038835,-0.090575,0.037765,0.000279,0.00052
0,0.152301,-0.042196,0.134052,-0.048733,0.177445,-0.033687,0.002658,0.000736
0,0.136896,0.078289,-0.044381,0.116083,-0.01351,0.140685,0.002389,0.001366
0,-0.062582,0.104499,-0.186071,0.031947,-0.19131,0.044343,0.001092,0.001824
0,0.11946,-0.101348,0.203422,-0.193813,0.207659,-0.202639,0.002085,0.001769
0,0.196816,0.080646,0.055893,0.204753,0.031499,0.196886,0.003435,0.001408
0,0.144383,0.021761,-0.035857,-0.084126,-0.070962,-0.121959,0.00252,0.00038
0,0.028182,-0.181995,-0.140717,-0.201955,-0.176084,-0.188101,0.000492,0.003176
0,0.105849,0.047098,0.053444,0.225937,0.042099,0.272356,0.001847,0.000822
0,-0.052852,0.061057,-0.1686,-0.008419,-0.189798,0.003752,0.000922,0.001066
0,-0.111729,-0.120966,-0.086557,-0.207967,-0.04423,-0.210732,0.00195,0.002111
0,0.058291,0.035685,0.14143,0.166441,0.137432,0.156569,0.001017,0.000623
0,0.024375,-0.108884,-0.011312,-0.124061,-0.018732,-0.082935,0.000425,0.0019
0,0.072679,-0.083398,0.020775,0.03333,0.06621,0.001008,0.001268,0.001456
0,-0.024318,-0.014256,-0.101887,0.059177,-0.085485,0.017151,0.000424,0.000249
0,0.190902,0.1115,0.220946,0.121013,0.253342,0.136488,0.003332,0.001946
0,-0.048927,-0.169864,-0.250691,-0.251986,-0.287576,-0.212359,0.000854,0.002965
0,0.00395,-0.121856,0.0595,0.02891,0.080416,0.05838,6.9e-05,0.002127
0,0.000701,0.048266,-0.010365,0.165458,-0.040588,0.194212,1.2e-05,0.000842
0,0.092687,-0.110619,0.115476,-0.177269,0.10328,-0.22284,0.001618,0.001931
0,0.104799,-0.059654,0.000965,0.026851,0.027316,-0.012312,0.001829,0.001041
0,0.07979,0.019412,-0.001837,0.09223,0.02129,0.074778,0.001393,0.000339
0,0.005075,-0.014159,-0.07379,-0.02271,-0.050093,-0.036178,8.9e-05,0.000247
0,-0.03217,0.10836,-0.056251,0.149447,-0.08489,0.188052,0.000561,0.001891
0,0.104761,0.160989,0.163217,0.051377,0.150884,0.062354,0.001828,0.00281
0,0.10351,0.132158,-0.021925,-0.028936,-0.020513,-0.048753,0.001807,0.002307
0,0.118448,0.047086,-0.008885,-0.100267,0.007438,-0.133805,0.002067,0.000822
0,0.123671,-0.058159,0.014785,-0.107667,-0.001506,-0.060164,0.002158,0.001015
0,-0.046884,0.118103,-0.150978,0.18252,-0.131759,0.139499,0.000818,0.002061
0,0.165144,0.152227,0.213269,0.042753,0.215004,0.059558,0.002882,0.002657
0,-0.036797,0.044831,-0.189111,-0.098207,-0.208497,-0.087135,0.000642,0.000782
0,0.125471,-0.14514,0.155689,-0.211546,0.18186,-0.239255,0.00219,0.002533
0,-0.093116,0.089066,-0.195868,0.230648,-0.180297,0.201412,0.001625,0.001555
0,0.136174,0.106527,0.253934,0.021116,0.247947,-0.012754,0.002377,0.001859
0,0.028817,0.070821,-0.11931,-0.009536,-0.161272,0.017966,0.000503,0.001236
0,0.057951,-0.078378,0.03362,-0.136944,0.067387,-0.125996,0.001011,0.001368
0,0.053762,0.046859,0.023281,0.143997,0.000879,0.140044,0.000938,0.000818
0,0.084489,-0.047022,0.024195,-0.113097,0.051929,-0.161231,0.001475,0.000821
0,0.101418,-0.025052,-0.005127,0.042043,-0.051232,0.081848,0.00177,0.000437
0,-0.009448,0.055269,-0.105305,0.082182,-0.121188,0.087274,0.000165,0.000965
0,0.095718,-0.010339,0.079263,-0.077406,0.114304,-0.074836,0.001671,0.00018
0,0.549263,-0.115057,0.431376,-0.106117,0.434878,-0.129367,0.001769,0.002008
0,1.776242,-0.239096,1.20248,-0.121281,1.247127,-0.109173,0.00027,0.003645
0,2.067604,-0.491211,0.272608,-0.257995,0.31503,-0.267965,0.003003,0.000755
0,1.782256,-0.376458,-0.26293,0.109745,-0.296445,0.107642,0.000165,0.001247
0,1.197213,-0.409431,-0.587287,-0.012026,-0.603715,-0.033262,0.002558,0.000672
0,1.113265,-0.163649,-0.109368,0.219012,-0.07839,0.187199,0.003794,0.002856
0,0.524099,-0.087913,-0.584312,0.06468,-0.621346,0.111127,0.001329,0.001534
0,0.368442,-0.177945,-0.148892,-0.11263,-0.125028,-0.081084,0.001387,0.003106
0,0.215283,-0.004144,-0.140292,0.167203,-0.148095,0.1968,0.003757,7.2e-05
0,0.143356,-0.014878,-0.045316,-0.023196,-0.054187,-0.02055,0.002502,0.00026
0,-0.115308,0.042399,-0.286882,0.071794,-0.318398,0.05156,0.002012,0.00074
0,-0.150507,0.083615,-0.014396,0.065986,0.030431,0.06622,0.002627,0.001459
0,-0.264739,0.081368,-0.107284,0.003837,-0.140954,0.042015,0.003197,0.00142
0,-0.196612,0.116215,0.052463,0.057605,0.031011,0.020762,0.003432,0.002028
0,-0.205187,-0.02941,-0.021269,-0.158712,0.005746,-0.12122,0.003581,0.000513
0,-0.116008,0.082213,0.077502,0.099834,0.097572,0.131085,0.002025,0.001435
0,-0.289657,0.084432,-0.181098,0.00312,-0.190469,-0.046445,0.002762,0.001474
0,-0.202908,0.0891,0.086917,0.008148,0.038984,0.057951,0.003541,0.001555
0,0.005144,0.121074,0.210473,0.061365,0.233779,0.014447,9e-05,0.002113
0,0.012481,-0.08539,0.010505,-0.18041,0.00453,-0.205862,0.000218,0.00149
0,-0.195965,0.028111,-0.213144,0.131247,-0.212797,0.101117,0.00342,0.000491
0,-0.019134,-0.104003,0.173479,-0.152395,0.15084,-0.165238,0.000334,0.001815
0,0.022645,0.107954,0.031072,0.213365,0.067427,0.248599,0.000395,0.001884
0,0.049105,0.071151,0.025614,-0.025922,-0.020422,-0.043245,0.000857,0.001242
0,-0.220987,0.076283,-0.299051,-0.003082,-0.299688,0.019188,0.003857,0.001331
0,-0.138669,-0.121463,0.083804,-0.217803,0.11758,-0.220064,0.00242,0.00212
0,0.034912,0.057032,0.181658,0.174929,0.205476,0.156153,0.000609,0.000995
0,-0.208871,0.118608,-0.242261,0.048087,-0.292036,0.034633,0.003645,0.00207
0,-0.135116,-0.047489,0.087868,-0.151571,0.096853,-0.17208,0.002358,0.000829
0,-0.049839,-0.129209,0.102087,-0.101469,0.100838,-0.119494,0.00087,0.002255
0,-0.067881,-0.075211,-0.001699,0.026376,0.024456,-0.012694,0.001185,0.001313
0,0.561207,-0.751748,0.630272,-0.681431,0.623667,-0.695675,0.001977,0.002515
0,0.798619,-1.446796,0.261765,-0.715307,0.24321,-0.72301,0.001697,0.001798
0,1.077617,-1.571908,0.249205,-0.119545,0.248411,-0.127992,0.003172,0.003837
0,1.319301,-1.608959,0.265209,-0.061447,0.223047,-0.040817,0.000427,0.00319
0,1.100589,-1.07886,-0.194099,0.542217,-0.170912,0.517199,0.003573,0.003194
0,1.176154,-1.100493,0.068308,-0.047189,0.084329,0.002204,0.002926,0.003571
0,0.994906,-0.619396,-0.169279,0.453767,-0.181434,0.483202,0.001729,0.002993
0,0.873491,-0.555678,-0.122737,0.046623,-0.102192,0.039284,0.00039,0.001881
0,0.691301,-0.372556,-0.167968,0.176763,-0.128449,0.210097,0.00357,0.001316
0,0.637743,-0.106082,-0.081764,0.273163,-0.072192,0.258947,0.003313,0.001851
0,0.346533,-0.177617,-0.278532,-0.046141,-0.251383,-0.089421,0.00177,0.0031
0,0.186182,-0.075401,-0.167514,0.128023,-0.137894,0.091844,0.003249,0.001316
0,0.254038,-0.097183,0.062173,-0.024485,0.109429,-0.057591,0.003384,0.001696
0,-0.014625,0.133682,-0.273731,0.202287,-0.306215,0.197919,0.000255,0.002333
0,-0.035608,0.064877,-0.046446,-0.096286,0.003128,-0.139887,0.000621,0.001132
0,-0.20861,0.063599,-0.171472,0.004131,-0.184567,-0.024653,0.003641,0.00111
0,-0.104674,0.011509,0.100385,-0.078151,0.123083,-0.083572,0.001827,0.000201
0,-0.113509,0.048841,-0.032488,0.024186,-0.041929,-0.012849,0.001981,0.000852
0,-0.066875,0.002416,0.04153,-0.038143,0.026828,-0.040664,0.001167,4.2e-05
0,-0.132788,0.189365,-0.072449,0.172679,-0.105999,0.139073,0.002318,0.003305
0,-0.173891,0.126376,-0.045198,-0.082618,-0.032273,-0.085908,0.003035,0.002206
0,-0.185805,0.04889,0.011519,-0.084325,-0.019449,-0.036615,0.003243,0.000853
0,-0.187966,0.117796,-0.016267,0.098735,-0.012918,0.147299,0.003281,0.002056
0,-0.196186,0.083004,-0.035326,-0.046486,-0.042355,-0.015477,0.003424,0.001449
0,-0.110846,0.063048,0.1152,-0.021994,0.098922,-0.046841,0.001935,0.0011
0,-0.2349,0.053659,-0.124001,-0.000339,-0.173923,-0.028231,0.003718,0.000937
0,-0.052224,0.055567,0.155082,0.001961,0.18284,-0.04245,0.000911,0.00097
0,-0.208288,0.162691,-0.13611,0.090561,-0.173582,0.101468,0.003635,0.002839
0,-0.240048,0.044339,-0.050947,-0.092931,-0.07993,-0.049238,0.003628,0.000774
0,-0.286559,0.011638,-0.064517,-0.008227,-0.099304,-0.024073,0.002816,0.000203
0,-0.167392,0.002455,0.107826,-0.023302,0.095881,-0.03519,0.002922,4.3e-05
0,-0.106106,-0.080026,0.060092,-0.091465,0.062785,-0.099212,0.001852,0.001397
0,-0.049293,-0.08035,0.039731,0.028853,0.045012,0.060105,0.00086,0.001402
0,-0.08978,-0.072277,-0.044407,-0.008843,-0.090723,-0.025847,0.001567,0.001261
0,-0.30564,0.072854,-0.213066,0.124512,-0.207544,0.126503,0.002483,0.001272
0,-0.088479,0.103871,0.211674,0.044767,0.2596,-0.003156,0.001544,0.001813
0,-1.67789,-1.741058,-1.602931,-1.821661,-1.571482,-1.78313,0.001987,0.000884
0,-4.309274,-1.706357,-2.60345,0.05794,-2.57971,0.032677,0.002968,0.00149
0,-3.79533,-1.418114,0.540148,0.285424,0.530966,0.269848,0.003698,0.001297
0,-3.917891,-1.111183,-0.142196,0.325597,-0.132338,0.307716,0.001981,0.003758
0,-3.642183,-0.956083,0.281944,0.172172,0.249227,0.21905,0.001025,0.001051
0,-3.2799,-0.885927,0.33637,0.099854,0.331566,0.14017,0.00252,0.000173
0,-2.618694,-0.401434,0.669526,0.480332,0.624431,0.467037,0.001202,0.000812
0,-2.192932,-0.408833,0.451314,-0.010015,0.452429,-0.042658,0.001572,0.000682
0,-9.079906,-0.305162,-6.874488,0.129002,-6.886446,0.103451,0.002117,0.002492
0,-8.921673,2.000394,0.153861,2.277269,0.136181,2.308654,0.000645,0.003642
0,-8.85612,2.239977,0.052876,0.2312,0.042861,0.273775,0.001789,6e-06
0,-8.863693,1.937364,-0.023157,-0.276674,-0.002356,-0.282793,0.001657,0.002542
0,-9.045015,1.559571,-0.199041,-0.356414,-0.180984,-0.386644,0.001508,0.003766
0,-8.850603,1.967297,0.19135,0.384906,0.206662,0.346849,0.001885,0.003064
0,-9.148342,1.702179,-0.291464,-0.265101,-0.307334,-0.269078,0.003311,0.001563
0,-8.982756,1.263256,0.181442,-0.459127,0.167372,-0.495299,0.000421,0.001406
0,-9.032625,1.101771,-0.061432,-0.168678,-0.026156,-0.156023,0.001292,0.003594
0,-9.022944,0.554357,-0.002822,-0.520272,-0.049491,-0.569408,0.001123,0.001857
0,-9.077421,0.627954,-0.025452,0.072,-0.010778,0.05976,0.002073,0.003142
0,-9.042117,0.179129,0.020389,-0.433358,0.030198,-0.414853,0.001457,0.003126
0,-8.98023,-1.29773,0.051469,-1.488146,0.036276,-1.501538,0.000377,0.000804
0,-8.925377,-1.926121,0.079938,-0.644627,0.128771,-0.681838,0.00058,0.002346
0,-8.992463,-1.544693,-0.042507,0.410337,-0.002428,0.41803,0.000591,0.003506
0,-9.096599,-1.190211,-0.109372,0.381369,-0.100396,0.428715,0.002408,0.002681
0,-9.133297,-1.358128,-0.064946,-0.159631,-0.091944,-0.191258,0.003049,0.00025
0,-8.919295,-1.279627,0.228776,0.108201,0.233052,0.151933,0.000686,0.00112
0,-9.048485,-0.982493,-0.11455,0.30002,-0.141107,0.294477,0.001568,0.001512
0,-8.992639,-0.611796,0.059023,0.364266,0.031917,0.358817,0.000594,0.00286
0,-9.132102,-0.352134,-0.167362,0.232915,-0.20687,0.260525,0.003028,0.001672
0,-8.974156,-0.185911,0.131523,0.174577,0.094031,0.166484,0.000271,0.003245
0,-8.585361,-0.111541,0.400024,0.056167,0.384739,0.018312,0.001303,0.001947
0,-7.983522,-0.242366,0.6032,-0.103232,0.599529,-0.119694,0.001383,0.003588
0,-7.380174,-0.204606,0.594018,0.034843,0.609031,0.002156,0.003722,0.003571
0,-6.980763,-0.191668,0.405694,-0.00979,0.439506,-0.041727,0.003249,0.003345
0,-6.917363,-0.179149,0.070155,0.0074,0.070552,-0.034485,0.003463,0.003127
0,-6.366246,-0.026244,0.577608,0.143227,0.566676,0.181533,0.001662,0.000458
0,-5.978643,-0.052969,0.387392,-0.042484,0.394784,-0.085827,0.002715,0.000924
0,-5.608777,-0.2945,0.383104,-0.249747,0.385254,-0.229839,0.003741,0.002678
0,-5.453334,-0.299171,0.149283,0.002733,0.188894,0.002787,0.001364,0.002596
0,-5.137785,-0.141605,0.298524,0.151921,0.264392,0.103147,0.003675,0.002471
0,-4.798861,-0.041166,0.347314,0.092206,0.299372,0.070777,0.002241,0.000718
0,-4.4913,-0.131375,0.317868,-0.0735,0.3373,-0.1073,0.000209,0.002293
0,-4.329816,-0.151543,0.167633,-0.028953,0.15182,-0.055858,0.002609,0.002645
0,-4.140563,-0.119298,0.188048,0.026634,0.140196,0.010238,0.001906,0.002082
0,-3.917045,-0.212576,0.248164,-0.120405,0.285507,-0.087289,0.001996,0.00371
0,-3.721254,-0.182619,0.220898,0.003777,0.203812,-0.036683,0.002405,0.003187
0,-3.208172,-0.201834,0.510323,0.004798,0.518534,-0.009008,0.001268,0.003523
0,-3.086397,-0.134561,0.137306,0.075848,0.116799,0.080555,0.000857,0.002349
0,-3.053061,-0.069361,0.031869,0.07281,0.046438,0.047712,0.001439,0.001211
0,-2.837186,-0.160508,0.194595,-0.115719,0.185636,-0.136437,0.002611,0.002801
0,-2.569729,-0.201154,0.269275,-0.030928,0.292161,-0.020457,0.002057,0.003511
0,-2.592828,-0.005806,-0.036452,0.171126,-0.032008,0.199976,0.001654,0.000101
0,-2.429923,-0.189714,0.143667,-0.169058,0.125256,-0.136011,0.003321,0.003311
0,-2.395599,-0.057979,0.053543,0.157855,0.090245,0.160561,0.002722,0.001012
0,-2.054836,-0.027176,0.355076,0.057906,0.310897,0.059388,0.003226,0.000474
0,-1.971237,0.008855,0.095721,0.049214,0.089369,0.045362,0.003133,0.000155
0,-1.69445,-0.158916,0.289405,-0.185355,0.273337,-0.21388,0.001698,0.002774
0,-1.86316,0.019871,-0.178814,0.159928,-0.203042,0.147297,0.001247,0.000347
0,-1.58668,0.118631,0.249245,0.089524,0.20641,0.070518,0.003579,0.002071
0,-1.702314,0.076142,-0.11621,-0.01698,-0.133852,0.015072,0.001561,0.001329
0,-1.601103,-0.143246,0.079512,-0.234204,0.042889,-0.236027,0.003327,0.0025
0,-1.52158,-0.148488,0.054846,0.01178,0.075057,0.047817,0.003103,0.002592
0,-1.327269,-0.18633,0.183044,-0.066771,0.214331,-0.066316,0.000288,0.003252
0,-1.227197,-0.050582,0.112963,0.149285,0.112958,0.167099,0.002035,0.000883
0,-1.252321,-0.189507,-0.051418,-0.132257,-0.022399,-0.146149,0.001597,0.003308
0,-1.223778,-0.05171,0.047062,0.120771,0.058944,0.103146,0.002095,0.000903
0,-1.206255,-0.101516,0.008253,-0.066978,0.04101,-0.054283,0.002401,0.001772
0,-1.068911,-0.223509,0.163186,-0.147332,0.132706,-0.104856,0.00302,0.003901
0,-0.988334,-0.040774,0.073228,0.15859,0.060925,0.192795,0.001614,0.000712
0,-0.933626,-0.196441,0.065137,-0.175153,0.047861,-0.185889,0.000659,0.003429
0,-0.857258,-0.051766,0.081829,0.142146,0.073596,0.124893,0.000674,0.000903
0,-1.012642,-0.17691,-0.145296,-0.118513,-0.11452,-0.092785,0.002038,0.003088
0,-0.849122,0.008075,0.154589,0.195495,0.133726,0.200233,0.000816,0.000141
0,-0.840947,-0.003166,-8.3e-05,-0.018928,0.040141,0.003449,0.000958,5.5e-05
0,-0.709077,0.046185,0.126993,0.070754,0.146204,0.092004,0.00326,0.000806
0,-0.672595,-0.177556,0.063422,-0.23563,0.050412,-0.2101,0.003897,0.003099
0,-0.744846,-0.013438,-0.04681,0.163751,-0.034295,0.157909,0.002636,0.000235
0,-0.582298,-0.004356,0.189262,0.010668,0.222747,0.04221,0.002345,7.6e-05
0,-0.610147,-0.128317,-0.00424,-0.128041,-0.011105,-0.130926,0.002831,0.00224
0,-0.465554,-0.067618,0.162419,0.06325,0.194517,0.026488,0.000308,0.00118
0,-0.384895,-0.035985,0.054387,0.047509,0.096267,0.048988,0.0011,0.000628
0,-0.519551,0.004136,-0.107691,0.05586,-0.153837,0.054507,0.00125,7.2e-05
0,-0.337364,0.032993,0.187661,0.036464,0.204877,0.01894,0.00193,0.000576
0,-0.286353,0.043426,0.070169,-0.012147,0.107856,-0.039732,0.00282,0.000758
0,-0.281239,0.093555,0.033846,0.056518,0.0119,0.045342,0.002909,0.001633
0,-0.439646,0.157776,-0.140659,0.040711,-0.099457,0.025269,0.000145,0.002754
0,-0.258647,0.081847,0.15303,-0.049106,0.157931,-0.001944,0.003304,0.001429
0,-0.310827,-0.016101,-0.033692,-0.076931,-0.010899,-0.121048,0.002393,0.000281
0,-0.230478,0.092397,0.064919,0.1122,0.084989,0.160671,0.003795,0.001613
0,-0.256342,0.176592,0.003583,0.108712,0.039439,0.13358,0.003344,0.003082
0,-0.471604,-0.01311,-0.199496,-0.213595,-0.237872,-0.250316,0.000413,0.000229
0,-0.415844,0.007056,0.035379,0.017566,0.032453,0.065507,0.00056,0.000123
0,-0.22593,0.031267,0.21818,0.036903,0.209899,0.083243,0.003875,0.000546
0,-0.277586,-0.084917,-0.071257,-0.100432,-0.071131,-0.138774,0.002973,0.001482
0,-0.344566,-0.019118,-0.063035,0.051623,-0.017997,0.096315,0.001804,0.000334
0,-0.358544,0.075679,0.010903,0.096395,0.055055,0.049525,0.00156,0.001321
0,-0.333016,0.004143,0.009594,-0.083758,0.043997,-0.128124,0.002006,7.2e-05
0,-0.16437,0.053116,0.178747,0.030979,0.21082,0.076297,0.002869,0.000927
0,-0.24942,0.195831,-0.090912,0.129389,-0.073846,0.166126,0.003465,0.003418
0,-0.360385,0.195522,-0.128368,-0.00974,-0.154049,0.029488,0.001528,0.003413
0,-0.19652,0.107492,0.16406,-0.085938,0.19264,-0.081489,0.00343,0.001876
0,-0.27142,0.00979,-0.095203,-0.09649,-0.135396,-0.08237,0.003081,0.000171
0,-0.314512,-0.014338,-0.033266,-0.053448,-0.027,-0.08864,0.002329,0.00025
0,-0.256448,-0.019615,0.071332,-0.023371,0.044132,-0.024632,0.003342,0.000342
0,-0.279296,0.113225,-0.017855,0.115189,-0.054905,0.142352,0.002943,0.001976
0,-0.236013,0.043818,0.046502,-0.044754,0.004668,-0.033222,0.003699,0.000765
0,-0.21357,0.040153,-0.002999,-0.012287,-0.012708,-0.054027,0.003727,0.000701
0,-0.052103,0.039635,0.17109,-0.000521,0.207909,-0.013767,0.000909,0.000692
0,-0.014537,0.089284,0.025372,0.020003,-0.010803,-0.013247,0.000254,0.001558
0,-0.023593,-0.038162,0.017044,-0.132432,0.065136,-0.114337,0.000412,0.000666
0,-0.256297,-0.077749,-0.228957,-0.037623,-0.254856,-0.021761,0.003345,0.001357
0,-0.041316,0.033959,0.240959,0.140109,0.220338,0.182741,0.000721,0.000593
0,-0.129657,0.154184,-0.075807,0.110664,-0.122218,0.084566,0.002263,0.002691
0,0.019034,0.081521,0.138288,-0.097105,0.134293,-0.116818,0.000332,0.001423
0,-0.069645,-0.119459,-0.083008,-0.192902,-0.100815,-0.190156,0.001216,0.002085
0,-0.100885,0.022801,-0.036721,0.150499,-0.050895,0.16678,0.001761,0.000398
0,-0.020885,0.16791,0.069949,0.13152,0.110158,0.129845,0.000365,0.002931
0,0.014314,0.023748,0.043276,-0.128532,0.02727,-0.084569,0.00025,0.000414
0,-0.107075,-0.090367,-0.139667,-0.093755,-0.091897,-0.069876,0.001869,0.001577
0,-0.132047,0.128282,-0.043001,0.193627,-0.067941,0.149936,0.002305,0.002239
0,-0.054851,0.189158,0.080069,0.087702,0.040958,0.050932,0.000957,0.003301
0,0.015469,-0.056076,0.087429,-0.255887,0.130892,-0.288996,0.00027,0.000979
0,-0.180395,0.025137,-0.213094,0.05776,-0.238101,0.071558,0.003148,0.000439
0,-0.098252,-0.062987,0.09284,-0.117631,0.088762,-0.074854,0.001715,0.001099
0,-0.097716,-0.066309,0.002015,-0.00328,-0.044782,-0.005797,0.001705,0.001157
0,-0.184884,0.031898,-0.081492,0.069149,-0.081566,0.054719,0.003227,0.000557
0,0.053878,0.182121,0.231143,0.124206,0.185515,0.084818,0.00094,0.003179
0,0.001519,0.750595,-0.025903,0.57719,-0.018291,0.538326,2.7e-05,0.002535
0,-0.036436,0.518145,-0.031499,-0.209988,-0.024439,-0.236824,0.000636,0.001225
0,0.180958,0.746775,0.201041,0.200412,0.205894,0.158113,0.003158,0.002602
0,0.002279,0.679993,-0.151921,-0.044793,-0.144207,-0.057949,4e-05,0.003768
0,-0.025054,0.530215,0.002578,-0.161325,-0.022036,-0.188326,0.000437,0.001436
0,0.217645,0.263456,0.230455,-0.284641,0.182382,-0.297942,0.003799,0.00322
0,0.223729,0.304817,-0.003009,0.068921,0.042469,0.066706,0.003905,0.002498
0,0.104911,0.08548,-0.127337,-0.247662,-0.151072,-0.289875,0.001831,0.001492
0,0.206061,0.10088,0.129258,0.033726,0.08646,0.058599,0.003596,0.001761
0,0.008964,-0.00579,-0.212844,-0.079516,-0.245903,-0.080286,0.000156,0.000101
0,0.204801,0.160933,0.177295,0.157417,0.131959,0.154786,0.003574,0.002809
0,0.234169,0.137873,0.021415,0.000944,0.036535,0.023044,0.003731,0.002406
0,0.058936,0.040623,-0.188585,-0.090653,-0.230042,-0.138858,0.001029,0.000709
0,-0.071835,-0.021298,-0.144791,-0.047229,-0.131532,-0.093709,0.001254,0.000372
0,0.020433,-0.126362,0.096508,-0.128106,0.107866,-0.093961,0.000357,0.002205
0,0.15312,-0.051739,0.137304,0.08267,0.139992,0.053551,0.002672,0.000903
0,0.016363,0.067955,-0.141695,0.113084,-0.1784,0.110895,0.000286,0.001186
0,0.10846,0.071076,0.095258,0.023941,0.118021,0.049774,0.001893,0.001241
0,-0.102393,-0.076435,-0.205964,-0.165322,-0.176336,-0.164812,0.001787,0.001334
0,-0.10091,-0.12064,-0.0002,-0.041656,0.0216,-0.079387,0.001761,0.002106
0,0.017473,0.115997,0.091433,0.253861,0.049351,0.273075,0.000305,0.002025
0,0.104711,0.002016,0.086582,-0.091773,0.039725,-0.082989,0.001828,3.5e-05
0,0.141247,-0.088591,0.039667,-0.070996,0.062147,-0.023249,0.002465,0.001546
0,-0.104939,0.050063,-0.269711,0.131788,-0.244051,0.154638,0.001832,0.000874
0,0.105727,0.001904,0.195576,-0.023712,0.243189,-0.025313,0.001845,3.3e-05
0,1.220715,0.888031,1.092342,0.86346,1.044667,0.851695,0.002148,0.000137
0,1.887085,0.871358,0.694923,-0.035662,0.694358,-0.064409,0.001664,0.000428
0,3.294259,1.016483,1.381248,0.149986,1.404574,0.185459,0.002771,0.002105
0,3.362303,1.008636,0.044199,-0.002995,0.076023,-0.02695,0.00386,0.001968
0,2.93543,0.922957,-0.412991,-0.076872,-0.387815,-0.027636,0.003492,0.000473
0,2.218642,0.848557,-0.693117,-0.091193,-0.727657,-0.090166,0.000367,0.000826
0,1.409526,0.542424,-0.780359,-0.282347,-0.778543,-0.24286,0.001147,0.001649
0,0.928536,0.453398,-0.468997,-0.10373,-0.471382,-0.086361,0.00057,9.5e-05
0,0.511972,0.457212,-0.412398,-0.001418,-0.416363,0.010576,0.001118,0.000162
0,0.327335,0.291062,-0.175,-0.172366,-0.154828,-0.135256,0.002105,0.002738
0,-0.035776,0.246785,-0.338621,-0.05928,-0.343755,-0.098081,0.000624,0.003511
0,-0.256715,-0.011362,-0.200804,-0.230374,-0.243014,-0.249463,0.003337,0.000198
0,-0.524135,-0.03258,-0.289956,-0.027983,-0.314125,-0.018596,0.00133,0.000569
0,-0.327779,-0.157271,0.188346,-0.128457,0.181301,-0.129199,0.002097,0.002745
0,-0.202091,-0.207947,0.117187,-0.030622,0.15752,-0.007156,0.003527,0.003629
0,-0.17233,-0.105994,0.01381,0.075703,0.045033,0.027912,0.003008,0.00185
0,-0.39751,-0.271635,-0.202406,-0.171459,-0.197933,-0.142095,0.00088,0.003077
0,-0.271042,-0.268866,0.121804,0.000608,0.086734,0.044288,0.003087,0.003125
0,-0.233663,-0.003522,0.007839,0.284738,0.047167,0.275785,0.00374,6.1e-05
0,0.103846,0.034902,0.355557,0.045172,0.308854,0.058108,0.001812,0.000609
0,0.03727,0.053462,-0.065425,0.03472,-0.069497,0.029752,0.00065,0.000933
0,0.150718,-0.007332,0.095992,-0.063298,0.097579,-0.05839,0.002631,0.000128
0,0.10349,0.100182,-0.070655,0.116043,-0.05389,0.162963,0.001806,0.001749
0,0.237964,0.142419,0.1365,0.024951,0.106234,0.032219,0.003665,0.002486
0,0.212639,-0.078663,-0.021445,-0.226146,0.022859,-0.19533,0.003711,0.001373
0,0.061789,0.062796,-0.172088,0.128863,-0.125572,0.084912,0.001078,0.001096
0,0.084935,0.062105,-0.002549,0.02614,0.02341,0.044696,0.001482,0.001084
0,-0.029442,0.157248,-0.109054,0.070791,-0.118819,0.119037,0.000514,0.002745
0,0.154969,0.182203,0.183467,0.053951,0.153538,0.085497,0.002705,0.00318
0,0.061293,0.184417,-0.102529,0.021091,-0.135884,0.009975,0.00107,0.003219
0,0.199691,-0.078594,0.117574,-0.277297,0.163539,-0.266229,0.003485,0.001372
0,0.081769,0.130126,-0.099478,0.203941,-0.063267,0.204882,0.001427,0.002271
0,0.043589,0.006057,-0.036658,-0.134609,-0.017457,-0.180923,0.000761,0.000106
0,0.005053,-0.036624,-0.052125,-0.013764,-0.093349,-0.060943,8.8e-05,0.000639
0,0.088312,-0.128629,0.068782,-0.114344,0.108655,-0.084534,0.001541,0.002245
0,-0.064459,-0.080697,-0.162764,0.05618,-0.202094,0.041904,0.001125,0.001408
0,-0.108493,-0.079137,-0.032575,0.025838,-0.077929,-0.01649,0.001894,0.001381
0,-0.032092,-0.180819,0.089466,-0.109125,0.068176,-0.108974,0.00056,0.003156
0,-0.194981,-0.149901,-0.179279,0.040124,-0.195317,0.045627,0.003403,0.002616
0,-0.144983,-0.075611,0.079626,0.071912,0.073849,0.048544,0.00253,0.00132
0,-0.019466,-0.162286,0.098662,-0.0974,0.126587,-0.094358,0.00034,0.002832
0,-0.021884,-0.071548,-0.001643,0.096468,-0.009039,0.099848,0.000382,0.001249
0,-0.091105,0.033626,-0.078872,0.101703,-0.081831,0.132731,0.00159,0.000587
0,-0.029648,-0.203952,0.08377,-0.229496,0.061572,-0.1881,0.000517,0.00356
0,0.123971,-0.12064,0.144627,0.091857,0.19084,0.130595,0.002164,0.002106
0,-0.097969,0.041107,-0.222862,0.181518,-0.260989,0.201869,0.00171,0.000717
0,-0.124417,-0.142714,-0.030305,-0.189658,-0.033825,-0.152535,0.002171,0.002491
0,0.136173,-0.074411,0.270348,0.081195,0.291334,0.105981,0.002377,0.001299
0,0.075028,-0.114214,-0.056924,-0.043005,-0.105545,-0.052692,0.001309,0.001993
0,-0.045322,-0.069119,-0.092179,0.04145,-0.115576,0.005756,0.000791,0.001206
0,-0.008084,-0.07582,0.043962,-0.00586,-0.004766,-0.031019,0.000141,0.001323
0,0.087452,-0.11024,0.117431,-0.011939,0.127506,0.021755,0.001526,0.001924
0,0.009172,-0.209534,-0.06042,-0.081459,-0.082588,-0.094204,0.00016,0.003657
0,-0.178759,-0.022844,-0.207618,0.194931,-0.18859,0.203078,0.00312,0.000399
0,-0.174936,-0.097456,0.01639,-0.084994,0.033193,-0.086685,0.003053,0.001701
0,-0.129154,0.000379,0.044155,0.09944,0.04985,0.133132,0.002254,7e-06
0,0.032737,-0.010897,0.143999,-0.037386,0.139546,-0.041394,0.000571,0.00019
0,0.00549,0.013879,-0.013946,0.014326,-0.028387,-0.012639,9.6e-05,0.000242
0,-0.057636,-0.121964,-0.092323,-0.128295,-0.109602,-0.129543,0.001006,0.002129
0,0.025787,-0.088023,0.106427,0.033626,0.14514,0.028231,0.00045,0.001536
0,0.005241,-0.089465,-0.028149,0.011173,0.010117,0.020884,9.1e-05,0.001561
0,-0.089498,-0.16102,-0.090921,-0.078046,-0.098633,-0.032456,0.001562,0.00281
0,-0.116759,-0.197101,-0.004286,-0.02808,-0.041216,-0.051272,0.002038,0.00344
0,-0.08271,-0.062432,0.048266,0.146079,0.022532,0.154501,0.001444,0.00109
0,0.04997,-0.172962,0.148177,-0.091416,0.179792,-0.06722,0.000872,0.003019
0,-0.104728,0.064366,-0.172183,0.235225,-0.171386,0.187443,0.001828,0.001123
0,-0.179286,0.015597,-0.071239,-0.022004,-0.089328,-0.003749,0.003129,0.000272
0,-0.07855,0.065018,0.116459,0.032399,0.126792,0.030731,0.001371,0.001135
0,0.158618,-0.045856,0.24442,-0.131519,0.288842,-0.170774,0.002768,0.0008
0,0.005462,-0.124114,-0.147119,-0.081145,-0.149518,-0.047147,9.5e-05,0.002166
0,3.868732,1.289873,3.848652,1.422624,3.812857,1.387993,0.002839,0.000941
0,4.299855,1.601667,0.413315,0.298903,0.406897,0.25242,0.003132,0.003317
0,4.153077,1.495276,-0.124124,-0.132768,-0.140524,-0.13001,0.002124,0.002644
0,3.332902,1.863258,-0.838597,0.390847,-0.876334,0.41445,0.003445,0.001248
0,2.311751,1.516026,-1.019129,-0.318845,-1.000374,-0.342765,0.001258,0.003006
0,2.070805,1.407509,-0.249264,-0.113811,-0.258581,-0.087819,0.002947,0.001112
0,1.402055,0.82749,-0.641893,-0.599108,-0.638796,-0.639015,0.001017,0.001193
0,0.65182,0.674115,-0.766883,-0.142956,-0.781863,-0.111213,0.003559,0.00387
0,0.39092,0.467331,-0.261639,-0.227153,-0.25007,-0.194102,0.000995,0.000339
0,0.055558,0.378685,-0.309674,-0.092103,-0.305401,-0.126179,0.00097,0.001209
0,-0.118295,0.137496,-0.199761,-0.216945,-0.209942,-0.204042,0.002065,0.0024
0,-0.35242,-0.115927,-0.249932,-0.242834,-0.298406,-0.233338,0.001667,0.002023
0,-0.417685,-0.104782,-0.048449,0.009792,-0.0066,-0.009769,0.000528,0.001829
0,-0.137451,-0.1511,0.2938,-0.041725,0.338778,0.001239,0.002399,0.002637
0,-0.195255,-0.204531,-0.059091,-0.044346,-0.097545,-0.009232,0.003408,0.00357
0,-0.105161,-0.271712,0.109647,-0.085444,0.133212,-0.069256,0.001835,0.003076
0,-0.283564,-0.254224,-0.155396,0.044891,-0.137094,0.052364,0.002869,0.003381
0,-0.217131,-0.079462,0.080729,0.199177,0.125053,0.206683,0.00379,0.001387
0,-0.203707,0.014796,0.007886,0.111549,0.011043,0.118294,0.003555,0.000258
0,-0.101488,-0.069272,0.079932,-0.081336,0.056542,-0.091743,0.001771,0.001209
0,-0.192937,-0.142792,-0.121189,-0.078339,-0.134519,-0.126036,0.003367,0.002492
0,-0.118559,-0.234064,0.096028,-0.093457,0.137725,-0.056615,0.002069,0.003733
0,-0.205342,-0.164229,-0.07476,0.080288,-0.114822,0.038902,0.003584,0.002866
0,-0.006305,-0.205562,0.192752,-0.045266,0.21632,-0.090085,0.00011,0.003588
0,-0.046717,-0.169663,-0.026269,0.016061,0.020815,0.036406,0.000815,0.002961
0,-0.140006,-0.22923,-0.084895,-0.059883,-0.108271,-0.08753,0.002444,0.003817
0,-0.214729,-0.219574,-0.074986,-0.014524,-0.087552,-0.001977,0.003748,0.003832
0,-0.073973,-0.061799,0.158937,0.149065,0.2011,0.114106,0.001291,0.001079
0,0.076579,0.016538,0.13477,0.089549,0.155019,0.112546,0.001337,0.000289
0,-0.075546,-0.092525,-0.132137,-0.107807,-0.105725,-0.139348,0.001319,0.001615
0,-0.030241,-0.148665,0.071254,-0.042922,0.032029,-0.058107,0.000528,0.002595
0,0.167641,-0.137927,0.198641,-0.009427,0.15966,-0.012886,0.002926,0.002407
0,0.157083,-0.074312,0.005399,0.03732,-0.042347,0.081311,0.002742,0.001297
0,0.18213,0.042322,0.048399,0.126318,0.087668,0.13571,0.003179,0.000739
0,0.224403,0.063556,0.06523,0.040441,0.046334,0.029084,0.003901,0.001109
0,0.139376,-0.047881,-0.073078,-0.106442,-0.030181,-0.082127,0.002433,0.000836
0,0.085903,-0.143844,-0.081172,-0.118745,-0.064438,-0.1273,0.001499,0.002511
0,0.17935,-0.143261,0.10616,0.002257,0.155559,-0.008891,0.00313,0.0025
0,0.100164,0.015545,-0.079049,0.150557,-0.034025,0.162028,0.001748,0.000271
0,0.08163,0.069504,-0.000641,0.077475,-0.029683,0.105736,0.001425,0.001213
0,0.018752,0.071138,-0.087666,0.007844,-0.048414,0.032353,0.000327,0.001242
0,0.070768,0.127468,0.059153,0.041655,0.039141,0.010061,0.001235,0.002225
0,-0.109125,-0.118497,-0.179354,-0.256103,-0.172075,-0.284532,0.001905,0.002068
0,0.110677,0.0502,0.203054,0.145415,0.198674,0.127416,0.001932,0.000876
0,-0.129874,0.013045,-0.266541,-0.013404,-0.293763,-0.014717,0.002267,0.000228
0,0.17916,0.012995,0.337122,0.01708,0.300609,-0.02295,0.003127,0.000227
0,-0.144251,0.088687,-0.340087,0.084501,-0.342665,0.075227,0.002518,0.001548
0,0.086364,0.229334,0.219557,0.111093,0.25831,0.128486,0.001507,0.003815
0,-0.141578,0.073885,-0.228485,-0.166365,-0.206461,-0.140198,0.002471,0.00129
0,-0.140285,0.218001,0.006273,0.114246,0.025699,0.129059,0.002448,0.003805
0,-0.044407,0.00207,0.08991,-0.189932,0.115719,-0.164571,0.000775,3.6e-05
0,0.113372,0.087081,0.152898,0.109972,0.115966,0.092592,0.001979,0.00152
0,-0.119307,0.116111,-0.218774,0.036862,-0.173315,0.057166,0.002082,0.002027
0,-0.012894,0.093106,0.087174,-0.000528,0.117808,-0.014625,0.000225,0.001625
0,-0.02103,-0.015559,-0.013107,-0.096135,0.019251,-0.079657,0.000367,0.000272
0,0.026259,0.048314,0.058342,0.05091,0.029987,0.011669,0.000458,0.000843
0,-0.101422,0.061297,-0.100909,0.003586,-0.093591,-0.041075,0.00177,0.00107
0,-0.040203,0.028021,0.052626,-0.058016,0.062246,-0.009986,0.000702,0.000489
0,0.176769,0.007485,0.215939,-0.015077,0.196804,-0.011874,0.003085,0.000131
0,-0.026694,-0.064024,-0.223951,-0.084286,-0.199748,-0.080767,0.000466,0.001117
0,-0.051207,-0.070013,0.002386,-0.01177,0.027813,0.022952,0.000894,0.001222
0,-0.030754,0.153289,0.014478,0.235229,-0.009186,0.280124,0.000537,0.002675
0,0.122174,0.111174,0.179418,-0.044685,0.198745,-0.02008,0.002132,0.00194
0,0.071081,0.088724,-0.033216,-0.051596,-0.062773,-0.034824,0.001241,0.001549
0,0.032755,0.037516,-0.016093,-0.059975,-0.06215,-0.104321,0.000572,0.000655
0,-0.194359,-0.008269,-0.228487,-0.044344,-0.245977,-0.076714,0.003392,0.000144
0,-0.116258,0.062242,0.056696,0.087334,0.084927,0.103546,0.002029,0.001086
0,0.039326,-0.042456,0.151939,-0.115754,0.198611,-0.093186,0.000686,0.000741
0,-0.164916,0.142087,-0.229052,0.162814,-0.190985,0.158704,0.002878,0.00248
0,-0.235552,-0.029589,-0.045171,-0.175336,-0.052254,-0.153525,0.003707,0.000516
0,-0.24092,0.108353,0.00153,0.118145,-0.008456,0.128493,0.003613,0.001891
0,-0.274321,-0.089672,-0.03806,-0.195125,-0.068703,-0.165203,0.00303,0.001565
0,-0.132857,0.037096,0.16877,0.13887,0.189866,0.18791,0.002319,0.000647
0,-0.112587,-0.017003,0.028277,-0.056689,0.023619,-0.040533,0.001965,0.000297
0,-0.034302,0.156865,0.09099,0.16571,0.127507,0.184368,0.000599,0.002738
0,-0.178975,0.122742,-0.134165,-0.005527,-0.122362,0.020875,0.003124,0.002142
0,-0.050353,-0.118396,0.154353,-0.224628,0.200056,-0.176257,0.000879,0.002066
0,0.097757,0.064719,0.175511,0.185795,0.197801,0.166688,0.001706,0.00113
0,0.126522,0.10655,0.031216,0.053664,0.009291,0.044937,0.002208,0.00186
0,0.172995,0.096837,0.055316,-0.026864,0.054667,0.014842,0.003019,0.00169
0,0.02752,0.126259,-0.119444,0.008773,-0.150627,-0.018436,0.00048,0.002204
0,0.07202,0.005783,0.014801,-0.123762,-0.027812,-0.078708,0.001257,0.000101
0,-0.038688,0.154261,-0.0858,0.133431,-0.084079,0.087617,0.000675,0.002692
0,0.014908,0.176014,0.063519,0.032869,0.029452,0.017758,0.00026,0.003072
0,-0.030224,0.099162,-0.033118,-0.084005,-0.077404,-0.043038,0.000528,0.001731
0,-0.140756,0.036096,-0.08319,-0.04889,-0.085924,-0.077327,0.002457,0.00063
0,-0.027654,-0.004681,0.103785,-0.030518,0.10866,0.008142,0.000483,8.2e-05
0,-0.042356,0.110683,-0.031471,0.123808,0.011394,0.113803,0.000739,0.001932
0,-0.165475,0.164667,-0.099809,0.037276,-0.051093,0.005383,0.002888,0.002874
0,0.095291,-0.047346,0.271714,-0.21137,0.269833,-0.1837,0.001663,0.000826
0,-0.165789,0.006592,-0.275015,0.067226,-0.269571,0.030897,0.002894,0.000115
0,-0.084991,0.111129,0.106522,0.085889,0.093211,0.040985,0.001483,0.00194
0,-0.023088,-0.008692,0.058101,-0.120366,0.059681,-0.1275,0.000403,0.000152
0,-0.143856,-0.09602,-0.102422,-0.083438,-0.119267,-0.132061,0.002511,0.001676
0,-0.145694,-0.087268,-0.001685,-0.016303,0.027908,0.021931,0.002543,0.001523
0,-0.073768,-0.012795,0.101851,0.059275,0.099696,0.102236,0.001287,0.000223
0,-0.008892,-0.08648,0.081238,-0.054313,0.046081,-0.089488,0.000155,0.001509
0,-0.161056,-0.050776,-0.165696,0.035619,-0.133092,0.071875,0.002811,0.000886
0,0.077612,0.012142,0.251132,0.075287,0.222323,0.070414,0.001355,0.000212
0,-0.036266,0.194628,-0.115067,0.17245,-0.132532,0.220933,0.000633,0.003397
0,0.10425,0.089038,0.128769,-0.076274,0.082923,-0.110389,0.00182,0.001554
0,0.021364,0.181309,-0.055194,0.078821,-0.031048,0.122438,0.000373,0.003164
0,0.171044,0.053506,0.156352,-0.151984,0.192186,-0.108513,0.002985,0.000934
0,0.031867,0.095454,-0.161648,0.06632,-0.152055,0.044054,0.000556,0.001666
0,0.037389,-0.12786,0.004978,-0.230525,0.050992,-0.214657,0.000653,0.002232
0,0.19134,0.007727,0.149997,0.164049,0.132066,0.190597,0.00334,0.000135
0,0.070612,0.143472,-0.119845,0.109199,-0.140107,0.125218,0.001232,0.002504
0,0.114546,-0.02027,0.067828,-0.155716,0.09443,-0.20429,0.001999,0.000354
0,0.014823,0.091498,-0.071659,0.106697,-0.024244,0.069449,0.000259,0.001597
0,0.131641,-0.032509,0.134996,-0.10027,0.166206,-0.146537,0.002298,0.000567
0,0.195753,0.133066,0.079648,0.139117,0.094228,0.120185,0.003417,0.002322
0,0.244305,-0.043163,0.027752,-0.177405,0.036934,-0.149003,0.003554,0.000753
0,0.261014,-0.134514,0.0441,-0.088839,0.050388,-0.113491,0.003262,0.002348
0,0.150134,-0.030992,-0.083694,0.109802,-0.035895,0.071393,0.00262,0.000541
0,0.324099,0.07745,0.168118,0.088435,0.161592,0.130693,0.002161,0.001352
0,0.206541,-0.061575,-0.126165,-0.110823,-0.17063,-0.065548,0.003605,0.001075
0,0.145137,0.053957,-0.075887,0.14226,-0.100007,0.169203,0.002533,0.000942
0,0.305859,-0.056665,0.147251,-0.134453,0.147827,-0.085803,0.00248,0.000989
0,0.110606,-0.047795,-0.178686,-0.00416,-0.194139,0.003915,0.00193,0.000834
0,0.182855,-0.085717,0.058286,-0.012636,0.063243,-0.03615,0.003191,0.001496
0,0.214335,0.042951,0.043745,0.114695,0.055014,0.163395,0.003741,0.00075
0,0.302744,0.152092,0.108175,0.098347,0.096845,0.120712,0.002534,0.002655
0,0.419922,-0.081608,0.11897,-0.244091,0.087198,-0.21685,0.000489,0.001424
0,0.416729,0.110999,-0.018421,0.218285,-0.005349,0.249298,0.000545,0.001937
0,0.293006,-0.126883,-0.098569,-0.234733,-0.135708,-0.198503,0.002704,0.002215
0,0.351956,0.019788,0.05441,0.176382,0.087437,0.21761,0.001675,0.000345
0,-2.919534,-0.537932,-3.285564,-0.577791,-3.311566,-0.569415,0.00377,0.001571
0,-5.027708,-2.048672,-2.117878,-1.491812,-2.09101,-1.516449,0.001753,0.003333
0,-5.275345,-2.33182,-0.218224,-0.303552,-0.193676,-0.279763,0.001742,0.001609
0,-5.292089,-2.253899,-0.029879,0.064434,-0.020345,0.030269,0.00145,0.000249
0,-4.863037,-1.875246,0.436853,0.395706,0.449343,0.363244,0.001121,0.001458
0,-4.161907,-1.860275,0.719012,0.034005,0.698461,0.008255,0.002278,0.001196
0,-3.136669,-1.629018,1.042399,0.207307,1.075197,0.2561,2e-05,0.00284
0,-2.291356,-1.215205,0.840302,0.389431,0.850077,0.343641,0.000902,0.002244
0,-1.52007,-0.738165,0.777166,0.457312,0.783872,0.481804,0.003077,0.002752
0,-0.679447,-0.214085,0.857647,0.495161,0.821367,0.479635,0.003777,0.003736
0,-0.106082,-0.166045,0.54624,0.074002,0.551835,0.059683,0.001851,0.002898
0,0.767688,-0.853965,0.881888,-0.674558,0.836625,-0.665388,0.002237,0.000731
0,2.096741,-1.083994,1.340147,-0.214393,1.331604,-0.165343,0.002494,0.003284
0,3.726637,-1.081733,1.63943,0.019593,1.648003,0.038791,0.002499,0.003244
0,3.183576,-1.122647,-0.513467,-0.049323,-0.486533,-0.022387,0.000839,0.00386
0,2.845479,-0.81393,-0.345301,0.287543,-0.387892,0.270839,0.002756,0.00143
0,2.134619,-0.855062,-0.715587,-0.070958,-0.701097,-0.080386,0.001833,0.000712
0,1.842337,-0.391622,-0.286057,0.435226,-0.296487,0.417235,0.000883,0.000983
0,1.363578,-0.345606,-0.503999,0.032212,-0.459684,0.076457,0.000345,0.001786
0,0.828413,-0.058525,-0.561471,0.297942,-0.599105,0.319724,0.001177,0.001021
0,0.49672,0.007046,-0.310685,0.044741,-0.324332,0.027871,0.000852,0.000123
0,0.434987,0.058155,-0.033876,0.0649,-0.014062,0.101627,0.000226,0.001015
0,0.054865,0.111867,-0.376491,0.059943,-0.40121,0.054977,0.000958,0.001952
0,0.183943,-0.079479,0.132166,-0.188991,0.106178,-0.143983,0.00321,0.001387
0,-0.024131,-0.068805,-0.233999,0.007985,-0.228788,-0.036714,0.000421,0.001201
0,-0.18862,0.122656,-0.169597,0.202496,-0.188643,0.154322,0.003292,0.002141
0,-0.092005,0.118596,0.112625,-0.022767,0.063328,-0.044526,0.001606,0.00207
0,-0.201519,0.046092,-0.12419,-0.050716,-0.127503,-0.019097,0.003517,0.000804
0,-0.215554,0.197196,0.009279,0.151256,-0.009033,0.171036,0.003762,0.003442
0,-0.3344,0.06895,-0.137607,-0.10998,-0.153664,-0.127091,0.001981,0.001203
0,-0.325133,0.162277,-0.013388,0.09674,0.016134,0.134381,0.002143,0.002832
0,-0.147112,-0.035439,0.174644,-0.189043,0.217059,-0.183833,0.002568,0.000619
0,-0.05057,0.224186,0.088859,0.280326,0.078197,0.267877,0.000883,0.003905
0,-0.126012,0.035264,-0.085326,-0.173644,-0.071322,-0.128509,0.002199,0.000615
0,-0.154617,-0.004848,-0.005509,-0.034989,0.011033,-0.037841,0.002699,8.5e-05
0,-0.227587,-0.064575,-0.070287,-0.057015,-0.051838,-0.062966,0.003846,0.001127
0,-0.202364,0.122158,0.010349,0.201531,0.041687,0.166771,0.003532,0.002132
0,0.004888,0.110261,0.203066,0.005822,0.166456,0.005143,8.5e-05,0.001924
0,0.076411,0.186562,0.088559,0.078743,0.110592,0.115116,0.001334,0.003256
0,-0.112044,0.035147,-0.185436,-0.151667,-0.197624,-0.181595,0.001956,0.000613
0,0.185533,-0.066054,0.272004,-0.121248,0.26748,-0.094198,0.003238,0.001153
0,-0.14036,0.002644,-0.351565,0.059541,-0.341656,0.05732,0.00245,4.6e-05
0,-0.119845,0.043527,0.034667,0.034317,0.068421,0.015935,0.002092,0.00076
0,0.023235,0.010351,0.155056,-0.031027,0.117248,-0.042061,0.000406,0.000181
0,-0.054077,-0.058993,-0.051958,-0.060109,-0.075228,-0.048408,0.000944,0.00103
0,0.022033,-0.05718,0.082202,0.014734,0.098611,0.050564,0.000385,0.000998
0,0.037263,0.080983,0.011222,0.143707,0.029344,0.096357,0.00065,0.001413
0,-0.010154,0.206239,-0.042038,0.101304,-0.029056,0.125654,0.000177,0.0036
0,-0.100221,0.086658,-0.092159,-0.095051,-0.133649,-0.122884,0.001749,0.001512
0,-0.027085,0.223208,0.068265,0.127567,0.116284,0.116189,0.000473,0.003896
0,-0.229461,0.141691,-0.179954,-0.085823,-0.195066,-0.068236,0.003813,0.002473
0,-0.037313,0.223303,0.19268,0.107926,0.202958,0.145897,0.000651,0.003897
0,0.016071,0.007207,0.034047,-0.223926,0.033093,-0.232173,0.00028,0.000126
0,-0.077927,0.179402,-0.076888,0.152186,-0.099963,0.201368,0.00136,0.003131
0,0.053018,0.00971,0.118125,-0.154359,0.139436,-0.11942,0.000925,0.000169
0,0.101712,0.079593,0.059689,0.085901,0.010364,0.108302,0.001775,0.001389
0,-0.022434,-0.012906,-0.144887,-0.094476,-0.09548,-0.083073,0.000392,0.000225
0,-0.003125,0.076139,-0.001713,0.099792,0.021715,0.069466,5.5e-05,0.001329
0,-0.111184,0.079483,-0.108552,0.008928,-0.11231,-0.016282,0.001941,0.001387
0,-0.034852,0.047224,0.058119,-0.041328,0.042072,-0.028293,0.000608,0.000824
0,-0.114773,0.158603,-0.071822,0.091344,-0.062397,0.125179,0.002003,0.002768
0,0.091938,0.054892,0.22917,-0.133238,0.2418,-0.122843,0.001605,0.000958
0,-0.062961,0.20367,-0.167445,0.156277,-0.209423,0.138168,0.001099,0.003555
0,-0.149353,0.132533,-0.067812,-0.099143,-0.089544,-0.129196,0.002607,0.002313
0,-0.138896,-0.016186,0.024844,-0.167981,0.062716,-0.170926,0.002424,0.000283
0,0.033709,0.140839,0.161626,0.177959,0.158216,0.129629,0.000588,0.002458
0,-0.107973,-0.007875,-0.162903,-0.174695,-0.199541,-0.16896,0.001884,0.000137
0,-0.048641,-0.080695,0.078953,-0.067938,0.068096,-0.102358,0.000849,0.001408
0,0.077823,-0.025586,0.099768,0.041615,0.08846,0.082436,0.001358,0.000447
0,-0.030073,-0.057042,-0.122206,-0.037535,-0.131711,-0.08507,0.000525,0.000996
0,-0.051142,-0.084668,-0.023845,0.000604,-0.013152,0.028253,0.000893,0.001478
0,-0.075491,-0.055139,-0.011623,0.054924,0.011543,0.022958,0.001318,0.000962
0,-0.06006,0.117341,-0.013388,0.179092,0.008687,0.225949,0.001048,0.002048
0,-0.181245,0.027325,-0.124064,-0.111219,-0.166877,-0.083059,0.003163,0.000477
0,-0.112947,0.072061,0.052878,0.059962,0.083621,0.026383,0.001971,0.001258
0,-0.095662,-0.089116,0.005515,-0.183831,-0.013563,-0.146462,0.00167,0.001555
0,-0.120119,-0.063027,-0.016345,0.012315,0.013492,0.00744,0.002096,0.0011
0,-0.029545,0.152882,0.083556,0.20193,0.076523,0.185851,0.000516,0.002668
0,2.823829,0.980773,2.876517,0.806638,2.860456,0.792807,0.002378,0.001482
0,4.233561,2.050027,1.400795,1.067208,1.383958,1.0337,0.003529,0.00331
0,4.607769,1.833447,0.387665,-0.222457,0.430378,-0.238899,0.002242,0.000728
0,4.346703,1.700833,-0.242763,-0.132459,-0.278502,-0.179521,0.002314,0.001586
0,3.759619,1.558277,-0.585967,-0.13824,-0.565078,-0.114714,0.003075,0.003743
0,2.302732,1.190515,-1.479099,-0.393289,-1.431019,-0.374497,0.001101,0.002675
0,1.671924,0.788716,-0.631132,-0.431313,-0.628418,-0.471393,0.002091,0.00187
0,0.986577,0.275741,-0.703118,-0.51674,-0.678059,-0.480252,0.001583,0.003005
0,0.319922,0.067784,-0.6425,-0.221306,-0.689128,-0.218712,0.002234,0.001183
0,0.1731,0.102362,-0.155781,0.023508,-0.118595,0.034024,0.003021,0.001787
0,-0.100709,-0.132062,-0.24713,-0.222886,-0.270098,-0.186126,0.001758,0.002305
0,-0.242669,-0.222284,-0.132999,-0.097435,-0.132071,-0.070038,0.003583,0.00388
0,-0.27399,-0.271172,-0.005573,-0.037632,-0.029619,-0.018264,0.003036,0.003085
0,-0.271923,-0.068556,-0.01254,0.174859,-0.032061,0.130176,0.003072,0.001197
0,-0.313514,-0.038712,-0.019783,0.05716,-0.004497,0.02648,0.002346,0.000676
0,-0.395859,-0.183805,-0.10603,-0.124939,-0.120991,-0.094782,0.000909,0.003208
0,-0.208487,-0.103211,0.211941,0.10257,0.167018,0.094021,0.003639,0.001801
0,0.051637,0.08146,0.287292,0.178297,0.266459,0.206298,0.000901,0.001422
0,-0.109979,0.093357,-0.138553,0.003149,-0.132291,0.015432,0.001919,0.001629
0,0.017036,-0.063329,0.148383,-0.132373,0.159877,-0.094,0.000297,0.001105
0,0.0322,-0.162549,-0.009686,-0.127714,-0.058772,-0.088603,0.000562,0.002837
0,-0.010058,0.052735,-0.040518,0.239356,-0.060874,0.258725,0.000176,0.00092
0,-0.098871,0.044855,-0.060458,-0.008564,-0.025448,-0.041025,0.001726,0.000783
0,-0.087763,-0.06072,0.040438,-0.125002,0.058965,-0.108667,0.001532,0.00106
0,0.110177,-0.08165,0.192668,-0.038693,0.197389,-0.007382,0.001923,0.001425
0,0.086428,-0.206336,-0.042026,-0.148581,-0.069437,-0.155392,0.001508,0.003601
0,0.108812,-0.059941,0.043296,0.167572,0.059093,0.179974,0.001899,0.001046
0,-0.015997,-0.164453,-0.102121,-0.101149,-0.116975,-0.1095,0.000279,0.00287
0,-0.053732,-0.060848,-0.06559,0.090678,-0.026801,0.067211,0.000938,0.001062
0,0.040545,-0.197483,0.11251,-0.113843,0.0636,-0.066598,0.000708,0.003447
0,-0.050286,0.051194,-0.075539,0.266255,-0.060468,0.253662,0.000878,0.000893
0,-0.174105,-0.064013,-0.11741,-0.134385,-0.121541,-0.180329,0.003039,0.001117
0,-0.128755,-0.004967,0.018168,0.087623,-0.004746,0.095541,0.002247,8.7e-05
0,-0.018191,0.013234,0.105406,0.039501,0.112434,0.02436,0.000317,0.000231
0,0.03525,0.005678,0.043519,0.013275,0.015962,0.020199,0.000615,9.9e-05
0,0.12628,0.075338,0.105424,0.076835,0.065491,0.117461,0.002204,0.001315
0,0.066467,-0.117794,-0.048994,-0.191293,-0.008105,-0.171533,0.00116,0.002056
0,-0.026818,-0.127686,-0.065569,-0.021699,-0.018451,-0.003234,0.000468,0.002229
0,0.145829,-0.084753,0.169162,0.01831,0.133371,0.031302,0.002545,0.001479
0,-0.004009,-0.135633,-0.130194,-0.076951,-0.082868,-0.061244,7e-05,0.002367
0,0.255478,-0.170025,0.26397,-0.011185,0.224857,-0.025557,0.003359,0.002968
0,0.183907,-0.071485,-0.075165,0.074013,-0.112798,0.120795,0.00321,0.001248
0,-0.031292,0.041221,-0.190663,0.103584,-0.205605,0.140046,0.000546,0.000719
0,0.063705,0.060475,0.107063,-0.002212,0.086132,0.028986,0.001112,0.001055
0,0.210552,0.111869,0.165368,0.033248,0.167843,0.03706,0.003675,0.001952
0,0.120215,0.084324,-0.086029,-0.05427,-0.078272,-0.009702,0.002098,0.001472
0,-0.023105,0.031819,-0.145411,-0.060363,-0.146542,-0.094953,0.000403,0.000555
0,-0.026355,0.01606,-0.025874,-0.030619,-0.073146,-0.011138,0.00046,0.00028
0,0.106098,0.095513,0.15781,0.05315,0.204826,0.09718,0.001852,0.001667
0,0.145372,0.128552,0.031366,0.055097,0.009639,0.059853,0.002537,0.002244
0,0.289579,-0.142654,0.165208,-0.261686,0.162662,-0.23347,0.002764,0.00249
0,0.300847,-0.022344,-0.002518,0.138022,0.044998,0.124961,0.002567,0.00039
0,0.298479,0.08702,-0.026885,0.136449,-0.02311,0.094487,0.002608,0.001519
0,0.146197,-0.025557,-0.165974,-0.118465,-0.136914,-0.069092,0.002552,0.000446
0,0.250246,0.127956,0.110996,0.170191,0.097167,0.197125,0.00345,0.002233
0,0.099596,0.066839,-0.173121,-0.056911,-0.172825,-0.086998,0.001738,0.001167
0,0.15629,-0.004726,0.054653,-0.055751,0.037626,-0.087512,0.002728,8.2e-05
0,0.274106,-0.005707,0.112916,-0.006257,0.141298,-0.005444,0.003034,0.0001
0,0.373132,-0.047986,0.083741,-0.013726,0.130177,-0.000271,0.001305,0.000838
0,0.13726,-0.078575,-0.242929,-0.057755,-0.219661,-0.02087,0.002396,0.001371
0,0.231163,-0.077014,0.101835,0.003426,0.143712,0.041213,0.003783,0.001344
0,0.218118,-0.084092,0.008252,0.003157,-0.038014,-0.015795,0.003807,0.001468
0,0.218213,-0.123685,0.008002,-0.068172,0.021588,-0.086476,0.003809,0.002159
0,0.267578,0.037404,0.049153,0.150371,0.06829,0.149108,0.003148,0.000653
0,0.237103,-0.011292,-0.021332,-0.03303,-0.002447,-0.076001,0.00368,0.000197
0,0.338649,-0.163484,0.082697,-0.142229,0.092882,-0.171282,0.001907,0.002853
0,0.121874,0.014911,-0.18979,0.205551,-0.185928,0.21954,0.002127,0.00026
0,0.020606,0.036182,-0.082164,0.019676,-0.050185,0.051988,0.00036,0.000631
0,0.285177,-0.061944,0.240607,-0.091883,0.223774,-0.103018,0.002841,0.001081
0,0.22901,-0.024849,-0.026637,0.066682,-0.01916,0.084791,0.003821,0.000434
0,0.165994,-0.031661,-0.048114,-0.012059,-0.008262,-0.032125,0.002897,0.000553
0,0.106382,0.104971,-0.034665,0.11761,-0.056139,0.140567,0.001857,0.001832
0,-0.05214,0.045117,-0.136487,-0.080685,-0.159858,-0.036677,0.00091,0.000787
0,0.130256,0.008651,0.185982,-0.011424,0.164089,-0.006804,0.002273,0.000151
0,0.07466,-0.118112,-0.075224,-0.099524,-0.093797,-0.059536,0.001303,0.002061
0,0.006877,-0.065752,-0.072168,0.025666,-0.108123,0.067589,0.00012,0.001148
0,0.119802,0.050329,0.102545,0.128241,0.084918,0.130452,0.002091,0.000878
0,-0.028733,0.032684,-0.122907,-0.036533,-0.119104,-0.014452,0.000501,0.00057
0,0.122652,-0.104892,0.157556,-0.108509,0.168538,-0.066976,0.002141,0.001831
0,-0.030175,0.023878,-0.128301,0.138071,-0.116472,0.148673,0.000527,0.000417
0,-0.025227,0.00594,0.028046,-0.02274,0.032746,-0.047644,0.00044,0.000104
0,0.002697,0.02231,0.00865,0.025561,-0.013908,0.00025,4.7e-05,0.000389
0,0.114836,-0.059466,0.092466,-0.055339,0.086947,-0.048338,0.002004,0.001038
0,0.083362,0.057276,-0.019782,0.098349,-0.016265,0.14004,0.001455,0.001
0,0.099822,-0.116525,0.020441,-0.145268,0.061365,-0.169454,0.001742,0.002034
0,-0.090791,0.052221,-0.207995,0.167363,-0.219522,0.144778,0.001585,0.000911
0,0.013699,-0.014165,0.090829,-0.080041,0.101675,-0.087006,0.000239,0.000247
0,-0.062336,-0.020159,-0.091612,0.011075,-0.092729,-0.010413,0.001088,0.000352
0,-0.151152,-0.036381,-0.060846,0.008662,-0.065926,0.01975,0.002638,0.000635
0,0.029249,-0.020182,0.158096,0.034399,0.120968,0.055849,0.00051,0.000352
0,-0.017825,-0.124373,-0.028533,-0.091441,0.004682,-0.089234,0.000311,0.002171
0,-0.034818,0.071761,0.00248,0.225085,-0.011006,0.249236,0.000608,0.001252
0,-0.159682,0.110093,-0.134148,0.031879,-0.100921,0.043192,0.002787,0.001921
0,-0.021256,0.090242,0.130234,-0.038167,0.082732,-0.059612,0.000371,0.001575
0,5.1e-05,-0.101008,0.016484,-0.186285,-0.001449,-0.195948,1e-06,0.001763
0,0.0325,-0.095384,0.049801,-0.022375,0.049373,-0.017174,0.000567,0.001665
0,0.024082,-0.082205,-0.030509,0.008748,-0.008284,0.000612,0.00042,0.001435
0,-0.167769,-0.046399,-0.203113,0.015616,-0.237563,-0.018883,0.002928,0.00081
0,-0.155079,-0.066749,0.017798,-0.038518,0.030276,-0.02304,0.002707,0.001165
0,-0.129616,-0.022183,0.02599,0.038036,-0.016478,0.008662,0.002262,0.000387
0,-0.078066,0.069233,0.041374,0.099625,0.082286,0.110351,0.001363,0.001208
0,-0.106693,0.137987,-0.027654,0.086863,-0.030395,0.057907,0.001862,0.002408
0,0.009928,-0.023563,0.142035,-0.162154,0.101559,-0.143147,0.000173,0.000411
0,-0.105357,-0.059649,-0.130666,-0.06186,-0.126028,-0.031723,0.001839,0.001041
0,0.055251,0.004857,0.143404,0.039329,0.146517,0.042844,0.000964,8.5e-05
0,-0.136731,0.053304,-0.165593,0.047398,-0.179772,0.049039,0.002386,0.00093
0,-0.222458,0.147306,-0.063352,0.083505,-0.057662,0.080732,0.003883,0.002571
0,-0.025396,0.096845,0.20261,-0.033354,0.219623,-0.01709,0.000443,0.00169
0,-0.208167,0.098098,-0.184422,-0.013707,-0.187205,0.023031,0.003633,0.001712
0,-0.18441,0.146598,0.008805,0.043518,0.012278,0.006877,0.003219,0.002559
0,-0.096014,0.13844,0.069735,-0.013064,0.099349,-0.052275,0.001676,0.002416
0,0.026247,0.157894,0.133519,0.046678,0.139558,0.071454,0.000458,0.002756
0,-0.016755,0.128697,-0.056651,-0.04349,-0.077727,-0.07609,0.000292,0.002246
0,-0.156432,0.135105,-0.146505,0.030114,-0.160265,0.058751,0.00273,0.002358
0,-0.24628,0.041379,-0.070542,-0.081426,-0.119716,-0.041431,0.003519,0.000722
0,-0.065299,0.218506,0.163504,0.154594,0.16388,0.151966,0.00114,0.003814
0,-0.132065,0.101614,-0.082896,-0.130005,-0.068734,-0.151362,0.002305,0.001774
0,-0.23739,-0.055575,-0.105986,-0.152506,-0.118638,-0.144302,0.003675,0.00097
0,-0.159784,-0.07107,0.07542,0.009022,0.113,0.047005,0.002789,0.00124
0,-3.243256,1.778558,-3.068427,1.840964,-3.095982,1.861885,0.00188,0.00023
0,-3.841006,2.327311,-0.589434,0.559487,-0.562843,0.6017,0.003323,0.00153
0,-3.620395,2.139559,0.218367,-0.207245,0.268275,-0.233957,0.000645,0.001747
0,-3.132919,2.283533,0.478598,0.154228,0.444539,0.180372,4.5e-05,0.000766
0,-2.760255,1.733687,0.388841,-0.565066,0.376806,-0.59563,0.001268,0.001013
0,-2.425789,1.410452,0.32466,-0.31489,0.329375,-0.353436,0.003249,0.001163
0,-2.016035,1.349946,0.43447,-0.044178,0.474648,-0.070003,0.003903,0.000107
0,-1.200596,0.760264,0.838998,-0.605129,0.828944,-0.56566,0.002499,0.002367
0,-0.923466,0.796203,0.294871,0.008696,0.254468,0.048451,0.000482,0.001739
0,-0.45739,0.194635,0.444757,-0.583592,0.424704,-0.578431,0.000165,0.003397
0,-0.225535,0.162615,0.260458,-0.044368,0.298269,-0.041784,0.003882,0.002838
0,0.272419,0.049774,0.490693,-0.097924,0.458132,-0.13911,0.003063,0.000869
0,0.103123,0.082407,-0.147687,0.027688,-0.122461,0.019467,0.0018,0.001438
0,0.250009,-0.072994,0.126652,-0.167584,0.152878,-0.196448,0.003454,0.001274
0,0.168998,-0.019998,-0.104478,0.034668,-0.152011,0.080101,0.00295,0.000349
0,0.293112,-0.088811,0.144803,-0.040446,0.193073,-0.064925,0.002702,0.00155
0,0.194785,-0.17469,-0.082313,-0.07603,-0.11797,-0.111816,0.0034,0.003049
0,0.354256,-0.136294,0.151005,0.053475,0.125384,0.087564,0.001635,0.002379
0,0.143189,-0.124214,-0.22569,0.020992,-0.199174,0.043092,0.002499,0.002168
0,0.268463,-0.145722,0.132903,-0.027097,0.08302,-0.022971,0.003132,0.002543
0,0.103795,-0.040833,-0.155766,0.086995,-0.110314,0.135244,0.001812,0.000713
0,0.188189,-0.222888,0.089131,-0.155661,0.045669,-0.205025,0.003285,0.00389
0,0.055773,-0.120199,-0.117741,0.077119,-0.132057,0.1204,0.000973,0.002098
0,-0.017528,-0.206789,-0.089924,-0.064221,-0.051841,-0.037016,0.000306,0.003609
0,-0.082944,-0.048469,-0.042517,0.176798,-0.044092,0.127096,0.001448,0.000846
0,-0.123919,-0.001205,-0.044058,0.061579,-0.041823,0.016123,0.002163,2.1e-05
0,0.028472,-0.142728,0.169436,-0.162784,0.123868,-0.187284,0.000497,0.002491
0,0.010685,-0.10544,-0.014747,0.027383,-0.008397,0.01123,0.000186,0.00184
0,0.090535,-0.178544,0.053655,-0.063444,0.07161,-0.025831,0.00158,0.003116
0,-0.074023,-0.064755,-0.17058,0.086144,-0.12084,0.089633,0.001292,0.00113
0,0.001747,-0.172337,0.088047,-0.137269,0.120221,-0.088921,3e-05,0.003008
0,-0.067162,-0.114721,-0.065401,0.041134,-0.093013,-0.008106,0.001172,0.002002
0,0.174777,-0.232944,0.218632,-0.135941,0.247036,-0.160086,0.00305,0.003752
0,0.133196,-0.051878,-0.031653,0.210138,-0.015222,0.244702,0.002325,0.000905
0,-0.079769,-0.046339,-0.221837,-0.015104,-0.197804,-0.018655,0.001392,0.000809
0,0.006167,-0.12866,0.061822,-0.089036,0.101262,-0.135479,0.000108,0.002246
0,-0.087046,-0.277123,-0.103291,-0.175531,-0.118081,-0.147434,0.001519,0.002981
0,-0.095733,-0.209284,-0.004056,0.089451,-0.046168,0.131273,0.001671,0.003653
0,-0.076826,-0.035637,-0.009065,0.186902,0.01103,0.172557,0.001341,0.000622
0,-0.112133,-0.244889,-0.049438,-0.225333,-0.05936,-0.271125,0.001957,0.003544
0,0.114677,0.051269,0.255717,0.316334,0.297634,0.286952,0.002001,0.000895
0,0.05748,0.0279,-0.046798,-0.017121,-0.091778,-0.040928,0.001003,0.000487
0,-0.026116,0.013705,-0.104071,-0.034602,-0.090119,-0.045604,0.000456,0.000239
0,-0.152338,-0.016982,-0.153845,-0.004738,-0.149039,0.032395,0.002659,0.000296
0,0.008366,0.065577,0.145794,0.106137,0.174571,0.129975,0.000146,0.001145
0,-0.054239,-0.214312,-0.083802,-0.281604,-0.049336,-0.244554,0.000947,0.00374
0,0.021806,-0.09116,0.072873,0.138493,0.073205,0.157496,0.000381,0.001591
0,0.185528,-0.188635,0.165765,-0.094664,0.130888,-0.07339,0.003238,0.003292
0,-0.014502,-0.032231,-0.21347,0.162482,-0.175081,0.184282,0.000253,0.000563
0,0.163094,-0.101101,0.162617,-0.050763,0.184765,-0.064821,0.002847,0.001765
0,0.196999,-0.001572,0.036334,0.092417,0.073705,0.127853,0.003438,2.7e-05
0,0.07128,-0.074693,-0.1092,-0.050954,-0.112967,-0.070768,0.001244,0.001304
0,-0.052436,-0.18405,-0.143423,-0.121917,-0.168983,-0.14106,0.000915,0.003212
0,0.049807,0.008187,0.093766,0.218002,0.105667,0.20844,0.000869,0.000143
0,0.120654,0.054751,0.062464,0.074528,0.041076,0.082559,0.002106,0.000956
0,0.120237,-0.081604,0.02699,-0.130847,0.060459,-0.118099,0.002099,0.001424
0,0.076128,-0.022101,-0.04321,0.087091,-0.091169,0.054074,0.001329,0.000386
0,0.078552,0.095392,0.020288,0.145729,-0.024445,0.166294,0.001371,0.001665
0,-0.085774,0.010265,-0.16314,-0.06733,-0.113913,-0.071381,0.001497,0.000179
0,-0.058052,-0.14672,0.044774,-0.144431,-0.004884,-0.160737,0.001013,0.002561
0,0.133428,-0.218372,0.193361,-0.066954,0.219018,-0.065199,0.002329,0.003811
0,0.03579,0.060506,-0.108905,0.263751,-0.155202,0.217174,0.000625,0.001056
0,0.130587,-0.151182,0.109709,-0.191372,0.13312,-0.200879,0.002279,0.002639
0,0.137992,-0.201671,-0.008993,-0.035862,-0.044777,-0.049089,0.002408,0.00352
0,0.053765,-0.150523,-0.084162,0.073463,-0.096082,0.048915,0.000938,0.002627
0,0.082216,0.094061,0.034304,0.230402,0.033464,0.207043,0.001435,0.001642
0,-0.039429,0.097861,-0.102011,0.008528,-0.067603,0.042936,0.000688,0.001708
0,-0.109806,-0.040368,-0.074488,-0.140504,-0.032064,-0.140456,0.001916,0.000705
0,-0.000983,0.057437,0.133167,0.104707,0.140594,0.122817,1.7e-05,0.001002
0,-0.042215,-0.08005,-0.036865,-0.113145,-0.028624,-0.11344,0.000737,0.001397
0,-0.114752,-0.041882,-0.05471,0.028949,-0.045085,0.024328,0.002003,0.000731
0,-0.145002,0.052747,-0.002819,0.099239,0.046795,0.078681,0.002531,0.000921
0,-0.089905,0.043535,0.047751,-0.032646,0.09026,-0.021268,0.001569,0.00076
0,0.056876,0.104355,0.148637,0.088211,0.100681,0.045127,0.000993,0.001821
0,-0.154224,-0.081984,-0.195251,-0.189189,-0.165475,-0.218994,0.002692,0.001431
0,-0.201099,0.048101,-0.02408,0.157525,-0.065952,0.148541,0.00351,0.00084
0,-0.04299,-0.112184,0.146,-0.136632,0.104897,-0.169147,0.00075,0.001958
0,0.018043,0.060636,0.031469,0.157701,-0.005449,0.158581,0.000315,0.001058
0,-0.14702,-0.17615,-0.146558,-0.219928,-0.193006,-0.180845,0.002566,0.003074
0,-0.235427,-0.119384,-0.060136,0.048202,-0.076425,0.031665,0.003709,0.002084
0,-0.106855,-0.058063,0.112909,0.069564,0.151468,0.057885,0.001865,0.001013
0,-0.021545,-0.081206,0.106026,-0.040616,0.08391,-0.009502,0.000376,0.001417
0,-0.081894,-0.190998,-0.039255,-0.083129,-0.066277,-0.082371,0.001429,0.003334
0,-0.143942,-0.161169,-0.060649,0.037944,-0.108983,0.030176,0.002512,0.002813
0,-0.136316,0.123489,-0.008009,0.256066,-0.026357,0.227323,0.002379,0.002155
0,-0.300138,0.001637,-0.164139,-0.13895,-0.196436,-0.187045,0.002579,2.9e-05
0,-0.041616,-0.004498,0.237698,0.013222,0.217081,-0.035405,0.000726,7.8e-05
0,-0.034868,0.133027,-0.013661,0.123541,-0.015911,0.135837,0.000609,0.002322
0,-0.00343,0.109835,0.022077,0.000914,-0.014418,0.035752,6e-05,0.001917
0,0.04727,0.074806,0.046089,-0.01148,0.091595,0.032522,0.000825,0.001306
0,-0.125001,-0.135375,-0.173215,-0.206313,-0.160915,-0.253642,0.002182,0.002363
0,-0.274865,0.051943,-0.135345,0.206025,-0.143874,0.216785,0.003021,0.000907
0,-0.293575,-0.005157,-0.023079,-0.08552,-0.019932,-0.119331,0.002694,9e-05
0,-0.049083,-0.153763,0.262975,-0.155789,0.265671,-0.190981,0.000857,0.002684
0,-0.287871,-0.082756,-0.24524,0.073817,-0.269938,0.040285,0.002794,0.001444
0,-0.243307,-0.222797,0.047285,-0.143061,0.081002,-0.097065,0.003571,0.003889
0,-0.057197,-0.199506,0.174579,0.004017,0.181105,-0.034869,0.000998,0.003482
0,-0.091361,-0.024976,-0.040884,0.144601,-0.035791,0.134196,0.001595,0.000436
0,-0.038453,-0.177141,0.042261,-0.176306,-0.002945,-0.145919,0.000671,0.003092
0,-0.216766,-0.210521,-0.198625,-0.022942,-0.22096,0.007465,0.003783,0.003674
0,-0.093657,-0.101707,0.137461,0.088049,0.154583,0.081459,0.001635,0.001775
0,-0.112577,-0.200707,-0.036804,-0.121162,-0.024644,-0.094912,0.001965,0.003503
0,-0.090433,-0.207147,0.005611,0.007165,0.040575,0.032046,0.001578,0.003615
0,-0.226841,-0.179407,-0.1504,0.005106,-0.148589,-0.041192,0.003859,0.003131
0,-0.079344,0.026335,0.150243,0.181773,0.106145,0.182938,0.001385,0.00046
0,-0.306895,-0.064274,-0.226909,-0.110123,-0.268343,-0.112128,0.002462,0.001122
0,-0.081694,-0.032505,0.215935,0.053439,0.183912,0.056929,0.001426,0.000567
0,-0.323045,0.073561,-0.259028,0.092563,-0.259921,0.064663,0.00218,0.001284
0,-0.182357,-0.160949,0.151537,-0.225577,0.137176,-0.179924,0.003183,0.002809
0,-0.024752,0.003325,0.174405,0.146272,0.144522,0.14047,0.000432,5.8e-05
0,-0.216324,-0.112564,-0.194059,-0.122823,-0.166442,-0.137642,0.003776,0.001965
0,-0.114101,0.041972,0.107764,0.161364,0.144589,0.170612,0.001991,0.000733
0,-0.21749,-0.126058,-0.099313,-0.16864,-0.10135,-0.211046,0.003796,0.0022
0,-0.144977,-0.169101,0.091385,-0.048209,0.052662,-0.088106,0.00253,0.002951
0,-0.070716,-0.023899,0.089592,0.126389,0.133853,0.163414,0.001234,0.000417
0,-0.03918,0.023012,0.030545,0.069756,0.030586,0.035391,0.000684,0.000402
0,-0.006261,-0.010697,0.037177,-0.022304,0.050603,0.004924,0.000109,0.000187
0,-0.191679,0.032599,-0.171665,0.06872,-0.183864,0.084895,0.003345,0.000569
0,-0.257484,0.051738,-0.074362,0.034578,-0.027242,0.012404,0.003324,0.000903
0,-0.100787,0.063257,0.152415,0.013028,0.143561,0.018699,0.001759,0.001104
0,-0.025481,-0.130837,0.09472,-0.17119,0.098388,-0.144357,0.000445,0.002284
0,0.010999,0.034987,0.052807,0.181001,0.050901,0.204021,0.000192,0.000611
0,0.117183,-0.15774,0.136129,-0.183421,0.177037,-0.174911,0.002045,0.002753
0,0.003715,-0.064307,-0.109657,0.096679,-0.085162,0.069961,6.5e-05,0.001122
0,-0.030369,-0.182254,-0.019663,-0.115001,-0.062938,-0.127439,0.00053,0.003181
0,0.144354,-0.105989,0.148853,0.088257,0.195014,0.120903,0.002519,0.00185
0,-0.062789,-0.005851,-0.194363,0.086154,-0.220004,0.072447,0.001096,0.000102
0,0.05442,-0.056086,0.141446,-0.045556,0.093721,-0.018905,0.00095,0.000979
0,1.001659,0.323904,0.969983,0.359293,0.985285,0.390932,0.001847,0.002165
0,1.992076,0.410622,0.96848,0.063281,1.001429,0.11287,0.003497,0.000651
0,2.558974,0.583094,0.580978,0.189457,0.583163,0.16645,0.002245,0.002359
0,2.521941,0.698682,-0.058469,0.126545,-0.075076,0.079338,0.002891,0.003441
0,2.223304,0.847004,-0.312384,0.174081,-0.294147,0.179547,0.000285,0.000853
0,1.785799,0.855009,-0.412609,-0.015753,-0.429222,-0.045787,0.000103,0.000713
0,1.500541,0.734393,-0.256627,-0.093308,-0.284121,-0.084305,0.002736,0.002818
0,0.980384,0.423546,-0.524065,-0.309807,-0.550967,-0.271535,0.001475,0.000426
0,0.605354,0.441793,-0.372396,-0.009612,-0.38278,0.009112,0.002748,0.000107
0,0.290573,0.383325,-0.335702,-0.079403,-0.362053,-0.111345,0.002746,0.001128
0,0.289508,-0.022908,-0.020526,-0.381675,-0.026533,-0.34132,0.002765,0.0004
0,-0.119581,0.109025,-0.407127,0.110441,-0.42955,0.064641,0.002087,0.001903
0,-0.181581,0.023827,-0.054353,-0.094585,-0.037911,-0.086152,0.003169,0.000416
0,-0.142822,-0.265807,0.060428,-0.297034,0.046752,-0.254575,0.002493,0.003179
0,-0.187188,-0.034889,-0.062949,0.207336,-0.080471,0.195944,0.003267,0.000609
0,-0.322753,-0.044785,-0.123099,0.013676,-0.103641,0.028437,0.002185,0.000782
0,-0.117625,-0.041409,0.178099,0.009214,0.214239,0.048269,0.002053,0.000723
0,-0.27224,-0.173908,-0.174843,-0.122478,-0.21572,-0.114486,0.003066,0.003035
0,-0.077783,0.032599,0.207134,0.214131,0.222256,0.253726,0.001358,0.000569
0,0.026378,-0.039718,0.098223,-0.0552,0.102903,-0.081538,0.00046,0.000693
0,-0.019946,-0.041631,-0.03923,0.005391,0.001183,-0.012639,0.000348,0.000727
0,-0.166866,-0.11259,-0.120506,-0.06989,-0.095499,-0.083719,0.002912,0.001965
0,0.055042,0.021148,0.230979,0.12756,0.251839,0.095081,0.000961,0.000369
0,-0.187702,-0.040744,-0.23129,-0.045456,-0.275223,-0.040734,0.003276,0.000711
0,-0.032346,-0.095862,0.130325,-0.07986,0.158243,-0.064791,0.000565,0.001673
0,-0.001145,-0.113293,0.051452,-0.041947,0.063199,-0.039178,2e-05,0.001977
0,-0.165299,-0.149642,-0.181525,-0.020426,-0.161284,0.019658,0.002885,0.002612
0,0.079227,0.063824,0.241739,0.235502,0.267373,0.280739,0.001383,0.001114
0,-0.126725,-0.036372,-0.222801,-0.099568,-0.208804,-0.120004,0.002212,0.000635
0,0.037123,-0.086566,0.193455,-0.047976,0.179175,-0.031029,0.000648,0.001511
0,-0.062286,-0.134249,-0.11258,-0.049037,-0.084573,-0.034772,0.001087,0.002343
0,-0.149799,0.070141,-0.106691,0.178483,-0.058495,0.159167,0.002614,0.001224
0,0.065429,-0.19497,0.233711,-0.269039,0.258923,-0.286612,0.001142,0.003403
0,0.03202,0.086627,-0.054766,0.255637,-0.086774,0.28763,0.000559,0.001512
0,-0.131612,-0.019524,-0.178043,-0.12096,-0.178047,-0.122418,0.002297,0.000341
0,0.028127,-0.061955,0.143938,-0.040249,0.162442,-0.037638,0.000491,0.001081
0,-0.143591,0.014113,-0.182462,0.049895,-0.215919,0.057425,0.002506,0.000246
0,0.058829,0.117506,0.208772,0.074664,0.224368,0.059221,0.001027,0.002051
0,-0.080001,-0.108295,-0.157424,-0.214246,-0.12771,-0.169839,0.001396,0.00189
0,-0.092781,-0.013673,0.010605,0.120043,0.043439,0.111814,0.001619,0.000239
0,-0.184703,-0.116185,-0.097855,-0.097787,-0.104437,-0.099268,0.003224,0.002028
0,-0.032407,0.091456,0.175045,0.185335,0.153413,0.190389,0.000566,0.001596
0,-0.111478,0.13259,-0.062081,0.057889,-0.088398,0.094963,0.001946,0.002314
0,0.022185,0.005223,0.155329,-0.113629,0.162829,-0.153324,0.000387,9.1e-05
0,-0.1459,-0.060432,-0.141867,-0.06347,-0.1182,-0.01803,0.002546,0.001055
0,-0.165967,0.110544,0.009517,0.177629,0.0036,0.16479,0.002897,0.001929
0,0.034258,0.059498,0.183323,-0.039886,0.227393,-0.07954,0.000598,0.001038
0,0.072298,-0.10795,0.015348,-0.143095,0.009228,-0.169488,0.001262,0.001884
0,-0.188301,-0.017525,-0.285926,0.086035,-0.278433,0.071593,0.003286,0.000306
0,0.001973,-0.051246,0.163405,-0.05027,0.181675,-0.006753,3.4e-05,0.000894
0,0.057822,-0.155586,0.083288,-0.085585,0.098693,-0.051797,0.001009,0.002715
0,-0.143848,0.082873,-0.206506,0.268219,-0.177661,0.277573,0.002511,0.001446
0,0.02557,0.000573,0.161108,-0.069526,0.119908,-0.024,0.000446,1e-05
0,-0.113263,-0.184627,-0.116829,-0.170353,-0.114114,-0.127661,0.001977,0.003222
0,-0.001137,-0.093792,0.133403,0.083035,0.125426,0.074016,2e-05,0.001637
0,-0.167695,-0.011717,-0.179013,0.065122,-0.19689,0.043029,0.002927,0.000204
0,0.045061,0.063901,0.193439,0.052421,0.208136,0.009411,0.000786,0.001115
0,0.07972,0.076727,0.014448,0.033389,-0.033346,0.011969,0.001391,0.001339
0,-0.019199,-0.070034,-0.09124,-0.16666,-0.069833,-0.196556,0.000335,0.001222
0,-0.116215,0.058717,-0.121642,0.118407,-0.111425,0.155187,0.002028,0.001025
0,0.017543,0.080378,0.158447,0.005192,0.199917,-0.015362,0.000306,0.001403
0,0.003135,-0.147704,-0.013101,-0.210739,-0.051127,-0.250469,5.5e-05,0.002578
0,-0.00664,-0.187074,0.011045,-0.025384,-0.034469,-0.000575,0.000116,0.003265
0,-0.052474,-0.065014,-0.047954,0.108,-0.054595,0.152145,0.000916,0.001135
0,-0.027456,-0.031138,0.047899,0.025429,0.063249,0.037438,0.000479,0.000543
0,0.020797,-0.157988,0.023992,-0.146896,0.069706,-0.184854,0.000363,0.002757
0,0.04943,-0.155799,0.020681,-0.020461,0.061947,-0.070436,0.000863,0.002719
0,-0.102475,0.120555,-0.130981,0.281556,-0.128212,0.236892,0.001789,0.002104
0,0.079672,0.065527,0.176539,-0.082475,0.131245,-0.082766,0.001391,0.001144
0,-0.143514,-0.043484,-0.247147,-0.101631,-0.240199,-0.052008,0.002505,0.000759
0,0.019981,-0.099829,0.167771,-0.065447,0.203664,-0.066078,0.000349,0.001742
0,-0.033191,0.054005,-0.054835,0.140946,-0.021365,0.12969,0.000579,0.000943
0,0.025716,0.089854,0.065747,0.044091,0.090929,0.077012,0.000449,0.001568
0,0.026608,0.131662,0.001153,0.058108,0.036941,0.042469,0.000464,0.002298
0,-0.100406,-0.061296,-0.109742,-0.191629,-0.073293,-0.167529,0.001752,0.00107
0,-0.029076,0.149708,0.058158,0.203526,0.103464,0.174755,0.000507,0.002613
0,-0.137987,-0.071438,-0.094862,-0.239316,-0.06354,-0.230136,0.002408,0.001247
0,0.118742,0.003623,0.26522,0.082695,0.273623,0.116755,0.002072,6.3e-05
0,-0.051142,0.089152,-0.153336,0.060229,-0.163441,0.054578,0.000893,0.001556
0,0.037744,-0.001567,0.099139,-0.075629,0.085679,-0.062487,0.000659,2.7e-05
0,-0.106908,-0.088326,-0.147409,-0.102705,-0.149611,-0.080445,0.001866,0.001542
0,0.08742,-0.105181,0.210779,-0.027297,0.2535,-0.038737,0.001526,0.001836
0,-0.092342,-0.024337,-0.206379,0.08239,-0.180326,0.049238,0.001612,0.000425
0,0.062152,-0.013699,0.168809,0.006403,0.187,0.040827,0.001085,0.000239
0,0.028168,0.087833,-0.056192,0.076114,-0.072416,0.04056,0.000492,0.001533
0,0.202185,0.135864,0.191958,0.029645,0.234037,0.035079,0.003529,0.002371
0,0.021185,0.112134,-0.154652,-0.041605,-0.175197,-0.066113,0.00037,0.001957
0,0.003859,0.165865,-0.038674,0.076662,-0.064417,0.112135,6.7e-05,0.002895
0,0.025364,-0.101349,0.029154,-0.243967,-0.001611,-0.277843,0.000443,0.001769
0,-0.016308,0.04253,-0.023191,0.129065,0.021384,0.117584,0.000285,0.000742
0,0.007746,-0.082313,0.003282,-0.130542,-0.014781,-0.088035,0.000135,0.001437
0,-0.116043,0.063573,-0.114774,0.156551,-0.137765,0.199407,0.002025,0.00111
0,0.005605,0.007527,0.104966,-0.044966,0.110551,-0.068002,9.8e-05,0.000131
0,-0.159503,0.133291,-0.139173,0.134537,-0.116318,0.173412,0.002784,0.002326
0,-0.002364,0.206314,0.141376,0.086176,0.174136,0.10838,4.1e-05,0.003601
0,0.143161,0.150534,0.13516,-0.04993,0.107183,-0.077804,0.002499,0.002627
0,0.089219,0.157845,-0.029649,-0.005366,-0.071387,0.003371,0.001557,0.002755
0,0.158587,0.012009,0.087919,-0.15403,0.085221,-0.12703,0.002768,0.00021
0,0.018363,0.180825,-0.157249,0.160847,-0.189548,0.132451,0.00032,0.003156
0,0.101014,-0.010048,0.090832,-0.203929,0.110754,-0.2492,0.001763,0.000175
0,0.191047,0.041218,0.064133,0.034714,0.073272,0.050104,0.003334,0.000719
0,0.073048,0.001918,-0.093476,-0.024906,-0.119052,-0.063951,0.001275,3.3e-05
0,0.203258,0.024868,0.136023,0.014944,0.164012,0.028913,0.003548,0.000434
0,0.147596,0.155222,-0.034769,0.149726,-0.034918,0.151716,0.002576,0.002709
0,0.099518,-0.086099,-0.041803,-0.24576,-0.053367,-0.217957,0.001737,0.001503
0,0.03968,0.158499,-0.084776,0.218623,-0.047013,0.225666,0.000693,0.002766
0,0.081505,0.100695,0.027716,-0.083805,-0.015192,-0.053972,0.001423,0.001757
0,2.768124,0.995211,2.683804,0.897842,2.68406,0.89026,0.001406,0.001734
0,4.505121,1.350491,1.726457,0.369347,1.752489,0.34306,0.00045,0.000117
0,4.309746,1.343996,-0.204634,-0.030478,-0.240499,-0.023561,0.00296,4e-06
0,4.242688,1.47581,-0.083382,0.122442,-0.062595,0.145774,0.003688,0.002304
0,4.197174,1.390905,-0.042645,-0.090581,-0.08015,-0.117068,0.002894,0.000822
0,3.606194,1.30338,-0.582616,-0.082046,-0.624814,-0.09665,0.000397,0.000705
0,2.272721,0.952233,-1.350243,-0.367807,-1.353394,-0.364535,0.000577,0.000984
0,1.513018,0.65103,-0.768413,-0.302381,-0.748772,-0.349424,0.002954,0.003545
0,0.778674,0.621326,-0.744988,-0.02745,-0.732794,-0.020297,0.002045,0.003026
0,0.469827,0.596853,-0.297757,-0.031691,-0.284101,0.016479,0.000382,0.002599
0,0.168618,0.233973,-0.331081,-0.375805,-0.358054,-0.341038,0.002943,0.003734
0,-0.002713,0.094116,-0.148459,-0.141635,-0.192606,-0.146304,4.7e-05,0.001643
0,-0.033136,0.244065,-0.057113,0.149986,-0.042675,0.144194,0.000578,0.003558
0,-0.322396,0.066133,-0.262778,-0.170647,-0.219526,-0.134476,0.002191,0.001154
0,-0.125259,-0.10365,0.201071,-0.165966,0.236244,-0.139903,0.002186,0.001809
0,-0.249409,-0.213237,-0.098557,-0.080736,-0.140867,-0.12989,0.003465,0.003722
0,-0.233708,-0.256314,0.026734,-0.051709,-0.011591,-0.03921,0.003739,0.003344
0,-0.263774,-0.068293,-0.032268,0.205595,-0.051036,0.25075,0.003214,0.001192
0,0.068016,0.043718,0.331136,0.106482,0.34291,0.151472,0.001187,0.000763
0,0.055634,0.017394,0.012875,-0.008024,-0.007119,-0.018186,0.000971,0.000304
0,0.095739,-0.18121,0.046055,-0.187545,0.002838,-0.215095,0.001671,0.003163
0,0.0286,0.044006,-0.07326,0.205735,-0.038466,0.159,0.000499,0.000768
0,0.017599,-0.125452,0.002664,-0.158624,0.035641,-0.191066,0.000307,0.00219
0,0.103244,-0.034771,0.107967,0.116368,0.080032,0.069667,0.001802,0.000607
0,0.007203,-0.100389,-0.101917,-0.04883,-0.084101,-0.033405,0.000126,0.001752
0,0.200692,-0.173177,0.196085,-0.087992,0.221374,-0.070796,0.003503,0.003023
0,0.05078,-0.095594,-0.138125,0.095634,-0.159077,0.09114,0.000886,0.001668
0,0.177494,-0.098321,0.102046,0.020721,0.110565,-0.02826,0.003098,0.001716
0,0.018001,-0.180127,-0.166478,-0.069077,-0.170543,-0.027179,0.000314,0.003144
0,-0.019214,-0.200741,-0.052585,0.006336,-0.06793,0.040876,0.000335,0.003504
0,0.030466,-0.073224,0.042189,0.141853,0.00587,0.168374,0.000532,0.001278
0,0.244896,-0.156806,0.2103,-0.108652,0.197041,-0.111138,0.003544,0.002737
0,0.025913,0.014193,-0.225479,0.167345,-0.244613,0.21597,0.000452,0.000248
0,0.090869,-0.219261,0.089007,-0.221407,0.095163,-0.239405,0.001586,0.003827
0,-0.019781,-0.069141,-0.116184,0.137144,-0.134178,0.185705,0.000345,0.001207
0,-0.074677,-0.163519,-0.051623,-0.072929,-0.060871,-0.047801,0.001303,0.002854
0,0.085811,-0.010104,0.143959,0.155914,0.142965,0.172735,0.001498,0.000176
0,-0.091101,-0.14119,-0.17801,-0.109196,-0.139834,-0.06829,0.00159,0.002464
0,0.030959,-0.094778,0.129947,0.052859,0.152093,0.062171,0.00054,0.001654
0,-0.095353,-0.047292,-0.116543,0.049559,-0.113565,0.021957,0.001664,0.000825
0,-0.049018,0.056347,0.022567,0.127578,0.010413,0.127856,0.000856,0.000983
0,0.033466,0.089079,0.108788,0.008284,0.148711,-0.006164,0.000584,0.001555
0,-0.047628,0.096628,-0.071993,0.017516,-0.095983,0.050286,0.000831,0.001686
0,-0.122178,-0.077333,-0.101253,-0.173131,-0.056281,-0.19015,0.002132,0.00135
0,0.132278,-0.182329,0.230998,-0.104837,0.276407,-0.066594,0.002309,0.003182
0,0.021873,-0.158126,-0.095685,0.028144,-0.068597,0.030831,0.000382,0.00276
0,0.066986,0.025667,0.043316,0.203096,0.039842,0.218042,0.001169,0.000448
0,-0.036353,-0.126645,-0.106839,-0.142892,-0.067955,-0.114953,0.000634,0.00221
0,-0.063377,-0.088416,-0.007628,0.013336,0.019384,0.025185,0.001106,0.001543
0,0.065312,-0.157513,0.151679,-0.042178,0.144205,-0.085916,0.00114,0.002749
0,-0.013894,-0.148129,-0.067689,-0.019639,-0.028193,-0.00404,0.000243,0.002585
0,0.071724,-0.056974,0.11027,0.102124,0.113646,0.056304,0.001252,0.000994
0,-0.000886,0.092573,-0.084414,0.122097,-0.08515,0.087554,1.5e-05,0.001616
0,-0.164427,-0.109624,-0.160378,-0.227435,-0.191901,-0.237591,0.00287,0.001913
0,-0.063906,-0.023556,0.114302,0.114381,0.109504,0.124284,0.001115,0.000411
0,-0.103292,-0.095403,-0.053086,-0.079468,-0.063378,-0.0316,0.001803,0.001665
0,-0.033872,-0.041388,0.072845,0.026533,0.079055,-0.017121,0.000591,0.000722
0,-0.135085,-0.109683,-0.122191,-0.069149,-0.075628,-0.0433,0.002358,0.001914
0,0.00047,-0.078853,0.145785,0.026203,0.184703,0.005078,8e-06,0.001376
0,-0.081965,0.067602,-0.089729,0.140819,-0.134727,0.131642,0.001431,0.00118
0,0.05629,0.004161,0.120998,-0.059456,0.164697,-0.045537,0.000982,7.3e-05
0,0.025224,-0.111164,-0.059946,-0.1087,-0.103431,-0.077192,0.00044,0.00194
0,0.120984,-0.035198,0.087052,0.068143,0.105499,0.029291,0.002112,0.000614
0,0.055346,0.015339,-0.044165,0.056213,-0.019399,0.03832,0.000966,0.000268
0,-0.051316,-0.054808,-0.076744,-0.083808,-0.026783,-0.086819,0.000896,0.000957
0,0.025104,0.004444,0.080582,0.082568,0.063405,0.092132,0.000438,7.8e-05
0,-0.058436,-0.002441,-0.06252,0.002909,-0.094052,-0.021515,0.00102,4.3e-05
0,-0.142364,-0.106324,-0.083797,-0.104,-0.08475,-0.149266,0.002485,0.001856
0,0.046462,0.069301,0.179553,0.171865,0.178407,0.194395,0.000811,0.00121
0,-0.080312,0.047401,-0.145368,-0.017731,-0.099165,-0.004936,0.001402,0.000827
0,-0.006827,-0.036585,0.043662,-0.072126,0.007099,-0.034368,0.000119,0.000639
0,0.148114,0.065369,0.151318,0.118439,0.113844,0.136347,0.002585,0.001141
0,0.148417,0.049415,-0.024649,-0.010293,-0.02821,-0.032826,0.00259,0.000862
0,-0.020528,-0.009965,-0.175735,-0.078085,-0.185057,-0.117381,0.000358,0.000174
0,0.175087,0.11004,0.207671,0.129509,0.19409,0.112717,0.003056,0.001921
0,0.004671,-0.002071,-0.145188,-0.113794,-0.130133,-0.090168,8.2e-05,3.6e-05
0,0.151934,-0.115371,0.13939,-0.100801,0.109941,-0.094279,0.002652,0.002014
0,0.095625,0.181987,-0.046051,0.320117,-0.05905,0.284677,0.001669,0.003176
0,0.290928,0.021255,0.200664,-0.19003,0.214462,-0.141988,0.00274,0.000371
0,0.232783,0.054171,-0.029349,0.057187,-0.047873,0.10102,0.003755,0.000945
0,0.136054,0.146345,-0.105958,0.118081,-0.107364,0.158842,0.002375,0.002554
0,0.205066,0.06394,0.090294,-0.075806,0.070516,-0.073845,0.003579,0.001116
0,-3.45977,-0.305585,-3.639767,-0.380926,-3.663424,-0.355146,0.002159,0.002484
0,-5.034823,-0.418082,-1.546351,-0.088209,-1.573,-0.053704,0.001878,0.000521
0,-4.753763,-0.260579,0.294512,0.164174,0.282623,0.117686,0.003028,0.00327
0,-4.172104,-0.512143,0.569919,-0.271226,0.554353,-0.22585,0.002456,0.001121
0,-3.125396,-0.492828,1.031231,0.036401,1.075221,0.03467,0.000177,0.000784
0,-2.35061,-0.349546,0.764521,0.117182,0.752127,0.145165,0.001937,0.001717
0,-1.994746,-0.338323,0.352156,0.011377,0.342698,0.02165,0.003543,0.001913
0,-1.517196,0.006249,0.45319,0.324063,0.460552,0.306416,0.003026,0.000109
0,-1.214768,-0.08264,0.278413,-0.09561,0.250355,-0.096885,0.002252,0.001442
0,-0.821536,-0.085406,0.395523,-0.029297,0.442518,0.009632,0.001297,0.001491
0,-0.368745,-0.016033,0.446523,0.074954,0.401808,0.087352,0.001382,0.00028
0,-0.158414,0.093607,0.227147,0.094564,0.178864,0.111867,0.002765,0.001634
0,-0.075188,-0.075316,0.08532,-0.155535,0.100013,-0.15093,0.001312,0.001315
0,0.041352,0.182308,0.126928,0.255522,0.167368,0.272604,0.000722,0.003182
0,0.070537,0.184961,0.056554,0.00519,0.061246,0.033782,0.001231,0.003228
0,0.195235,0.056132,0.105432,-0.122904,0.139701,-0.103268,0.003407,0.00098
0,0.24691,0.174903,0.034622,0.107105,0.08155,0.148685,0.003508,0.003053
0,0.045903,-0.015164,-0.203701,-0.176541,-0.159298,-0.131649,0.000801,0.000265
0,0.048776,0.049843,0.026366,0.050902,0.017985,0.022371,0.000851,0.00087
0,0.025763,0.18853,-0.01341,0.109444,0.029797,0.119134,0.00045,0.00329
0,-0.010345,0.01705,-0.015207,-0.190082,-0.046741,-0.204507,0.000181,0.000298
0,0.052814,0.045633,0.068361,0.027099,0.091636,0.050186,0.000922,0.000796
0,0.051252,-0.042746,0.019898,-0.074983,-0.003846,-0.043455,0.000895,0.000746
0,0.1422,0.132221,0.098898,0.161904,0.107158,0.178931,0.002482,0.002308
0,0.222342,0.077284,0.071069,-0.036935,0.075659,-0.0827,0.003881,0.001349
0,0.227894,0.059741,-0.008426,0.002315,-0.010144,0.003037,0.00384,0.001043
0,0.160069,-0.030044,-0.065629,-0.101332,-0.075884,-0.106493,0.002794,0.000524
0,0.056927,0.170524,-0.101405,0.198957,-0.129923,0.198441,0.000994,0.002976
0,0.000591,-0.011202,-0.067681,-0.178839,-0.022872,-0.152383,1e-05,0.000196
0,-0.12474,-0.055907,-0.118244,-0.039735,-0.164678,-0.046764,0.002177,0.000976
0,0.027779,-0.079388,0.151172,-0.000528,0.20002,0.017122,0.000485,0.001386
0,-0.072859,-0.082376,-0.090966,-0.0277,-0.060236,-0.072984,0.001272,0.001438
0,-0.05132,0.104023,0.045403,0.172135,0.023654,0.209599,0.000896,0.001816
0,-0.155467,-0.010068,-0.126453,-0.116446,-0.133914,-0.105407,0.002713,0.000176
0,0.055864,0.134082,0.206589,0.141786,0.234558,0.177384,0.000975,0.00234
0,0.078235,0.133985,0.020622,0.024762,0.045106,0.027057,0.001365,0.002338
0,0.142991,0.045924,0.089641,-0.073639,0.083201,-0.119056,0.002496,0.000802
0,0.14607,0.009641,0.005356,-0.061202,-0.027663,-0.061698,0.002549,0.000168
0,0.182543,-0.051777,0.061423,-0.06052,0.071135,-0.106363,0.003186,0.000904
0,0.175451,-0.016229,0.012021,0.064639,0.02223,0.028072,0.003062,0.000283
0,0.140732,-0.072247,-0.026275,-0.032257,0.022796,0.001212,0.002456,0.001261
0,0.012558,-0.054153,-0.112728,0.043524,-0.143453,0.043419,0.000219,0.000945
0,0.232328,-0.021813,0.220535,0.002612,0.256949,-0.01131,0.003763,0.000381
0,0.063278,0.164005,-0.176803,0.175726,-0.169435,0.141599,0.001104,0.002862
0,-0.038711,0.193406,-0.079877,0.029354,-0.074881,0.076618,0.000676,0.003376
0,0.16332,0.05642,0.173533,-0.126072,0.157675,-0.097261,0.00285,0.000985
0,0.124431,0.223883,-0.026656,0.184896,-0.027144,0.228679,0.002172,0.003907
0,-0.01839,-0.064323,-0.134136,-0.309983,-0.141861,-0.275351,0.000321,0.001123
0,-0.017334,0.069736,0.026238,0.148803,0.005749,0.133847,0.000303,0.001217
0,-0.002812,0.090987,0.004478,0.027091,0.014074,-0.017861,4.9e-05,0.001588
0,-0.169111,0.123226,-0.187104,0.04396,-0.170658,0.058033,0.002952,0.002151
0,-0.094819,0.016605,0.101138,-0.120664,0.112858,-0.097352,0.001655,0.00029
0,0.058502,0.191067,0.165093,0.144696,0.214853,0.135456,0.001021,0.003335
0,-0.080257,0.191969,-0.15816,0.002395,-0.165855,-0.033723,0.001401,0.00335
0,-0.066581,0.042651,-0.015082,-0.169861,-0.063085,-0.219791,0.001162,0.000744
0,-0.136643,0.136225,-0.078245,0.095709,-0.079077,0.139787,0.002385,0.002378
0,-0.048688,-0.070653,0.101912,-0.184875,0.066458,-0.144773,0.00085,0.001233
0,0.013835,0.118334,0.039485,0.215968,0.052133,0.214655,0.000241,0.002065
0,0.064577,-0.015402,0.079093,-0.117143,0.121395,-0.145316,0.001127,0.000269
0,-0.035721,0.049681,-0.0761,0.04628,-0.125297,0.068953,0.000623,0.000867
0,0.100101,0.034498,0.159092,0.003101,0.137175,-0.045379,0.001747,0.000602
0,0.007667,-0.016711,-0.109696,-0.064908,-0.148077,-0.042639,0.000134,0.000292
0,-0.052513,0.105574,-0.038767,0.103167,-0.081749,0.151504,0.000917,0.001843
0,-0.099737,0.178804,-0.018634,0.076419,0.019952,0.085113,0.001741,0.003121
0,0.120839,0.019788,0.23908,-0.134378,0.190499,-0.131548,0.002109,0.000345
0,0.21666,0.102391,0.115431,0.059856,0.163705,0.013364,0.003781,0.001787
0,0.073246,0.07581,-0.145073,-0.01212,-0.12314,-0.002834,0.001278,0.001323
0,0.145737,-0.061098,0.081491,-0.122704,0.094582,-0.112638,0.002544,0.001066
0,0.143651,0.082811,-0.016748,0.149204,-0.043271,0.150058,0.002507,0.001445
0,0.120379,0.099624,-0.027789,0.038491,0.012937,0.018715,0.002101,0.001739
0,-0.115009,0.095553,-0.259846,-0.033629,-0.223101,0.007012,0.002007,0.001668
0,0.176314,0.091115,0.273861,0.020994,0.2751,-0.014573,0.003077,0.00159
0,-0.072134,-0.001574,-0.261254,-0.111763,-0.251998,-0.120597,0.001259,2.7e-05
0,0.043744,0.131672,0.135056,0.109908,0.10701,0.148244,0.000763,0.002298
0,-0.121458,0.000442,-0.178341,-0.142976,-0.189726,-0.094206,0.00212,8e-06
0,0.04141,-0.167662,0.141726,-0.171031,0.155929,-0.129491,0.000723,0.002926
0,-0.050819,-0.157204,-0.09167,-0.004044,-0.053441,0.031761,0.000887,0.002744
0,-0.041527,0.037627,0.027118,0.216202,0.04564,0.254406,0.000725,0.000657
0,0.069739,0.084603,0.092907,0.019875,0.092983,0.000888,0.001217,0.001477
0,-0.070029,-0.176856,-0.143058,-0.279512,-0.123015,-0.237689,0.001222,0.003087
0,-0.330813,0.999374,-0.23918,1.185122,-0.220794,1.204434,0.002044,0.001807
0,-1.000895,1.410284,-0.6566,0.389783,-0.671939,0.393723,0.001833,0.00116
0,-1.373927,1.761306,-0.34906,0.365351,-0.349054,0.355869,0.000526,0.000531
0,-1.521952,1.805296,-0.164393,0.052046,-0.199721,0.045998,0.003109,0.000237
0,-1.513425,1.972977,0.01196,0.15671,0.045714,0.203335,0.002961,0.003163
0,-1.015998,1.760854,0.511165,-0.197988,0.547712,-0.215569,0.002097,0.000539
0,-1.212115,1.742445,-0.219215,-0.045015,-0.237927,-0.059758,0.002298,0.00086
0,-0.938608,1.316029,0.250684,-0.415214,0.263405,-0.416548,0.000746,0.000485
0,-0.755833,1.04032,0.161568,-0.292238,0.146718,-0.292555,0.002444,0.002521
0,-0.520404,0.541874,0.249424,-0.512384,0.256482,-0.495704,0.001265,0.00164
0,-0.042967,0.45355,0.464664,-0.100091,0.429234,-0.115137,0.00075,9.8e-05
0,-0.078439,0.060771,-0.048389,-0.372392,-0.074489,-0.366681,0.001369,0.001061
0,0.274687,0.028112,0.345754,-0.006764,0.324279,-0.014348,0.003024,0.000491
0,0.185262,0.066828,-0.084846,0.043872,-0.070612,0.024667,0.003233,0.001166
0,0.233792,-0.173512,0.065537,-0.26465,0.066304,-0.313807,0.003737,0.003028
0,0.218972,0.007428,-0.019321,0.205063,0.01541,0.16753,0.003822,0.00013
0,-0.034397,0.065266,-0.225444,0.087186,-0.194521,0.127385,0.0006,0.001139
0,0.209268,-0.200182,0.24623,-0.242439,0.207935,-0.258647,0.003652,0.003494
0,0.059588,-0.093999,-0.174201,0.116541,-0.21486,0.138295,0.00104,0.001641
0,0.08239,-0.045765,0.03368,0.03838,-0.00662,0.057285,0.001438,0.000799
0,-0.027281,-0.168791,-0.117605,-0.140094,-0.129946,-0.127069,0.000476,0.002946
0,0.129548,-0.189961,0.140225,-0.006023,0.156844,-0.027558,0.002261,0.003315
0,0.184418,-0.24668,0.032525,-0.067232,-0.014925,-0.058856,0.003219,0.003513
0,0.020624,-0.135744,-0.163464,0.086981,-0.177926,0.043825,0.00036,0.002369
0,-0.03929,-0.11136,-0.065877,0.00338,-0.047484,0.035289,0.000686,0.001944
0,0.120909,-0.180861,0.133298,-0.096652,0.093956,-0.088953,0.00211,0.003157
0,0.001394,0.03856,-0.135265,0.21094,-0.104209,0.20534,2.4e-05,0.000673
0,0.099234,0.048316,0.106393,-0.003679,0.133758,0.014601,0.001732,0.000843
0,0.010728,-0.161304,-0.096997,-0.190939,-0.056319,-0.215354,0.000187,0.002815
0,0.113198,-0.163666,0.083456,0.012132,0.11563,0.057503,0.001976,0.002857
0,-0.006181,0.024984,-0.104006,0.199641,-0.136374,0.225709,0.000108,0.000436
0,0.155323,0.094728,0.142804,0.09909,0.128971,0.143304,0.002711,0.001653
0,-0.075831,-0.034284,-0.203791,-0.103848,-0.161726,-0.08642,0.001324,0.000598
0,-0.032906,-0.161633,0.06247,-0.098581,0.097293,-0.104684,0.000574,0.002821
0,0.00422,0.042397,0.039866,0.216618,0.081821,0.265279,7.4e-05,0.00074
0,-0.103915,0.14896,-0.081713,0.098565,-0.067545,0.049663,0.001814,0.0026
0,0.101479,0.044614,0.180709,-0.103025,0.166722,-0.061716,0.001771,0.000779
0,-0.086821,-0.05269,-0.206014,-0.112451,-0.157175,-0.071736,0.001515,0.00092
0,0.200065,-0.119288,0.261739,-0.06432,0.286543,-0.096864,0.003492,0.002082
0,-0.024065,-0.027923,-0.210414,0.076896,-0.17052,0.068299,0.00042,0.000487
0,0.20707,0.018486,0.257359,0.025482,0.255973,0.057226,0.003614,0.000323
0,0.118907,0.081003,-0.061006,0.064836,-0.086738,0.10798,0.002075,0.001414
0,0.030901,-0.046862,-0.101355,-0.155599,-0.093195,-0.112313,0.000539,0.000818
0,0.09084,-0.059461,0.050097,-0.007305,0.08878,-0.023989,0.001585,0.001038
0,0.063347,0.119705,-0.026064,0.153019,0.009894,0.157226,0.001106,0.002089
0,0.156806,-0.091424,0.109517,-0.195139,0.072906,-0.232056,0.002737,0.001596
0,0.028253,-0.035263,-0.157429,0.028437,-0.177844,-0.002922,0.000493,0.000615
0,0.270024,-0.083933,0.216292,-0.054984,0.234733,-0.058331,0.003105,0.001465
0,0.112305,0.103222,-0.140903,0.173575,-0.095846,0.18755,0.00196,0.001802
0,0.289223,0.039069,0.185146,-0.057428,0.229234,-0.052869,0.00277,0.000682
0,0.080367,0.06888,-0.204097,0.027686,-0.184998,-0.010003,0.001403,0.001202
0,-0.021048,0.064712,-0.071898,0.007282,-0.071256,-0.037795,0.000367,0.001129
0,-0.05259,0.062723,-0.054733,0.012042,-0.025804,0.061283,0.000918,0.001095
0,0.17985,-0.051142,0.234243,-0.109629,0.221644,-0.062209,0.003139,0.000893
0,0.217702,-0.025949,0.017095,-0.000742,-0.002447,0.018547,0.0038,0.000453
0,-0.073153,-0.138167,-0.300511,-0.09899,-0.346555,-0.0714,0.001277,0.002411
0,-0.071976,-0.106542,0.02316,0.030289,-0.016246,0.069854,0.001256,0.00186
0,-0.051963,0.058252,0.034319,0.159557,0.012156,0.123402,0.000907,0.001017
0,0.011244,0.034626,0.086943,0.001457,0.053103,-0.031813,0.000196,0.000604
0,0.04202,0.080749,0.051458,0.050397,0.095491,0.023486,0.000733,0.001409
0,0.137052,-0.096768,0.093102,-0.187088,0.061318,-0.214606,0.002392,0.001689
0,-0.038454,-0.01969,-0.190923,0.077754,-0.223271,0.101392,0.000671,0.000344
0,0.080662,0.015089,0.092835,0.006243,0.133936,0.024356,0.001408,0.000263
0,0.191888,0.074215,0.103285,0.05112,0.148422,0.055474,0.003349,0.001295
0,0.106325,-0.183544,-0.09454,-0.266996,-0.100347,-0.221711,0.001856,0.003203
0,0.200747,0.114946,0.092339,0.320335,0.076103,0.335718,0.003504,0.002006
0,0.066957,-0.144353,-0.113304,-0.264469,-0.112014,-0.311115,0.001169,0.002519
0,0.203927,-0.145275,0.165925,-0.0198,0.161072,-0.002292,0.003559,0.002536
0,0.044159,-0.129826,-0.166865,-0.002388,-0.160828,0.043629,0.000771,0.002266
0,0.070119,-0.152215,0.038298,-0.050164,0.07165,-0.0502,0.001224,0.002657
0,0.212766,-0.096786,0.16199,0.058864,0.203107,0.018781,0.003713,0.001689
0,0.074892,-0.097817,-0.122456,-0.002967,-0.169407,0.00807,0.001307,0.001707
0,0.037965,0.099805,-0.012028,0.191529,0.037188,0.19274,0.000663,0.001742
0,0.247179,-0.066931,0.23408,-0.17804,0.266902,-0.200386,0.003504,0.001168
0,-0.062837,-0.060672,-0.315536,0.000236,-0.273759,0.031059,0.001097,0.001059
0,0.172787,-0.077305,0.216773,-0.023071,0.240728,-0.054608,0.003016,0.001349
0,0.079233,0.09534,-0.120807,0.200687,-0.162564,0.218868,0.001383,0.001664
0,0.063442,-0.085708,-0.031013,-0.177581,-0.010087,-0.144997,0.001107,0.001496
0,0.000413,-0.111604,-0.055399,-0.052042,-0.04891,-0.005551,7e-06,0.001948
0,0.005162,0.088226,-0.007791,0.204937,0.017083,0.173498,9e-05,0.00154
0,0.238936,-0.063561,0.234105,-0.142962,0.184663,-0.186702,0.003648,0.001109
0,0.175153,0.029494,-0.08536,0.104585,-0.109699,0.064178,0.003057,0.000515
0,0.224196,-0.025577,0.072404,-0.0665,0.083653,-0.111354,0.003905,0.000446
0,0.108925,-0.007274,-0.140201,0.021594,-0.154135,0.009498,0.001901,0.000127
0,0.242577,-0.065483,0.156028,-0.075127,0.175975,-0.055768,0.003584,0.001143
0,0.132919,-0.047385,-0.109455,0.043729,-0.090223,0.064357,0.00232,0.000827
0,0.217331,-0.144337,0.099703,-0.112858,0.086962,-0.147154,0.003793,0.002519
0,0.075159,0.040513,-0.143959,0.184532,-0.106885,0.226596,0.001312,0.000707
0,0.090416,-0.149559,0.004398,-0.199501,0.030919,-0.168717,0.001578,0.00261
0,0.084667,-0.13109,0.020618,0.042562,-0.022349,0.008916,0.001478,0.002288
0,0.103624,-0.101009,0.030131,0.032567,-0.001086,0.044758,0.001809,0.001763
0,0.139711,-0.03003,0.016027,0.045986,-0.013335,0.032295,0.002438,0.000524
0,0.168138,-0.075202,0.037552,-0.023252,-0.005638,-0.008282,0.002935,0.001313
0,-0.065255,-0.158658,-0.219809,-0.109202,-0.220684,-0.145504,0.001139,0.002769
0,0.133525,0.051068,0.203354,0.206173,0.163683,0.1795,0.00233,0.000891
0,0.14728,0.090897,0.018734,0.061187,0.01948,0.077755,0.002571,0.001586
0,-0.005589,-0.043226,-0.172509,-0.144557,-0.128162,-0.121435,9.8e-05,0.000754
0,0.177204,-0.029838,0.212169,-0.013736,0.218573,-0.061372,0.003093,0.000521
0,-0.149414,-0.068487,-0.297087,-0.040583,-0.346886,-0.023411,0.002608,0.001195
0,0.104774,-0.004559,0.232383,0.077,0.23992,0.069284,0.001829,8e-05
0,0.001697,0.047044,-0.097745,0.038235,-0.076972,0.012802,3e-05,0.000821
0,0.062171,-0.065349,0.050596,-0.088453,0.08398,-0.122318,0.001085,0.001141
0,-0.15832,-0.043231,-0.212011,0.004057,-0.213985,0.030238,0.002763,0.000755
0,-0.121232,0.040046,0.047695,0.086067,0.091567,0.05655,0.002116,0.000699
0,-0.142273,-0.107967,-0.022059,-0.12847,-0.004183,-0.079366,0.002483,0.001884
0,-0.004802,0.12936,0.162594,0.220598,0.192395,0.190937,8.4e-05,0.002258
0,0.092063,-0.122705,0.120859,-0.259528,0.07983,-0.298144,0.001607,0.002142
0,0.152268,-0.125448,0.083136,0.02066,0.067767,-0.006325,0.002658,0.002189
0,0.108033,-0.00794,-0.049199,0.088469,-0.064908,0.064598,0.001886,0.000139
0,0.157362,0.162049,0.027218,0.188704,0.066019,0.172784,0.002746,0.002828
0,0.087028,-0.042582,-0.097451,-0.18767,-0.144805,-0.218149,0.001519,0.000743
0,0.191225,-0.03238,0.122504,0.033602,0.154633,-0.013075,0.003338,0.000565
0,0.079413,-0.051368,-0.100627,-0.027924,-0.061812,-0.054039,0.001386,0.000897
0,0.236082,0.076192,0.133559,0.148712,0.096695,0.133187,0.003697,0.00133
0,0.086684,0.104496,-0.159829,0.053512,-0.174297,0.007002,0.001513,0.001824
0,-0.033382,0.036636,-0.098825,-0.082048,-0.068118,-0.052383,0.000583,0.000639
0,0.056174,0.040338,0.073978,0.001468,0.102166,0.026066,0.00098,0.000704
0,0.105369,0.150802,0.038411,0.097981,0.010494,0.062704,0.001839,0.002632
0,-0.107186,-0.014946,-0.190598,-0.184027,-0.19024,-0.155202,0.001871,0.000261
0,-0.035643,-0.031928,0.070404,-0.026842,0.100453,-0.02984,0.000622,0.000557
0,0.070535,0.032427,0.086301,0.083327,0.102426,0.04732,0.001231,0.000566
0,0.061887,0.125497,-0.019124,0.083426,-0.050718,0.130025,0.00108,0.00219
0,-0.047426,0.103221,-0.082591,-0.038381,-0.083358,-0.055607,0.000828,0.001802
0,0.063961,-0.089815,0.123327,-0.208664,0.140174,-0.245086,0.001116,0.001568
0,0.167814,-0.063061,0.097168,0.030108,0.094711,0.05796,0.002929,0.001101
0,-0.012622,-0.093291,-0.195732,-0.016545,-0.230614,0.016548,0.00022,0.001628
0,0.019213,-0.018781,0.012789,0.046318,0.043429,0.054878,0.000335,0.000328
0,-0.027173,-0.137111,-0.073947,-0.114325,-0.068525,-0.143411,0.000474,0.002393
0,-0.135981,0.002167,-0.117844,0.159262,-0.092237,0.173492,0.002373,3.8e-05
0,0.128044,0.086491,0.28834,0.108005,0.241353,0.151956,0.002235,0.00151
0,-0.005564,-0.061188,-0.144945,-0.153367,-0.099869,-0.162005,9.7e-05,0.001068
0,0.143003,-0.088618,0.152038,-0.045539,0.143472,-0.051951,0.002496,0.001547
0,0.034037,-0.00629,-0.102102,0.086607,-0.056792,0.078488,0.000594,0.00011
0,-0.094673,-0.008375,-0.116655,-0.028405,-0.154966,-0.053765,0.001652,0.000146
0,0.115469,-0.099364,0.18557,-0.069895,0.217205,-0.06766,0.002015,0.001734
0,0.040307,-0.146735,-0.052005,-0.049268,-0.047551,-0.008822,0.000703,0.002561
0,-0.090746,0.12742,-0.127587,0.255417,-0.096662,0.292721,0.001584,0.002224
0,0.032468,0.006662,0.11212,-0.109319,0.161422,-0.078642,0.000567,0.000116
0,-0.016314,0.134851,-0.04198,0.105222,-0.073057,0.060939,0.000285,0.002354
0,-0.135373,-0.096207,-0.10133,-0.215193,-0.112057,-0.226991,0.002363,0.001679
0,-0.228922,-0.013316,-0.111465,0.054207,-0.141945,0.036766,0.003822,0.000232
0,-0.034424,0.023489,0.19885,0.030998,0.244438,0.012859,0.000601,0.00041
0,-0.040582,-0.01211,-0.025069,-0.024157,-0.039367,0.013516,0.000708,0.000211
0,-0.152194,-0.029635,-0.107232,0.005685,-0.08335,0.025015,0.002656,0.000517
0,-0.156649,0.049259,-0.028405,0.075051,-0.077001,0.085645,0.002734,0.00086
0,-0.161862,-0.049019,-0.006294,-0.118272,-0.038091,-0.068606,0.002825,0.000856
0,-0.211869,0.122644,-0.061218,0.164194,-0.093101,0.135364,0.003698,0.002141
0,-0.096784,-0.049517,0.10767,-0.1598,0.0844,-0.183984,0.001689,0.000864
0,-0.066148,0.080802,0.021287,0.114464,-0.024377,0.140486,0.001154,0.00141
0,-0.218553,0.047868,-0.155484,-0.010153,-0.153283,-0.055467,0.003814,0.000835
0,-0.084297,0.152415,0.135348,0.091595,0.102726,0.063849,0.001471,0.00266
0,-0.145595,0.017473,-0.040013,-0.133559,-0.088103,-0.152763,0.002541,0.000305
0,-0.108759,-0.050514,0.014484,-0.093812,0.060749,-0.129823,0.001898,0.000882
0,-0.109438,0.097084,-0.006684,0.145446,-0.05205,0.174697,0.00191,0.001694
0,-0.309856,0.023184,-0.199568,-0.059598,-0.226939,-0.068553,0.00241,0.000405
0,-0.366424,-0.001367,-0.084783,-0.023448,-0.059284,0.003005,0.001423,2.4e-05
0,-0.230809,0.012054,0.131152,0.039876,0.164265,0.082671,0.003789,0.00021
0,-0.189335,-0.103551,0.066224,-0.115109,0.101831,-0.153172,0.003305,0.001807
0,-0.099196,-0.078073,0.115234,0.047721,0.12964,0.03388,0.001731,0.001363
0,-0.213838,0.130676,-0.124343,0.204756,-0.122166,0.222822,0.003732,0.002281
0,-0.241753,0.092496,-0.013518,-0.037578,0.029142,-0.045668,0.003598,0.001614
0,-0.044589,-0.106848,0.206706,-0.213793,0.240425,-0.190874,0.000778,0.001865
0,-0.027631,0.121128,0.042599,0.206415,-0.006451,0.235431,0.000482,0.002114
0,-0.219528,0.140623,-0.20412,0.032812,-0.248567,0.053266,0.003831,0.002454
0,-0.070594,-0.102016,0.17036,-0.266833,0.156828,-0.223025,0.001232,0.001781
0,-0.063541,-0.033564,-0.008718,0.040009,-0.051868,0.006956,0.001109,0.000586
0,-0.011438,0.00735,0.054679,0.042111,0.067592,9.5e-05,0.0002,0.000128
0,-0.108561,0.053557,-0.07715,0.047282,-0.094186,0.011552,0.001895,0.000935
0,-0.184873,0.075493,-0.10571,-0.000833,-0.114757,-0.029043,0.003227,0.001318
0,-0.287005,-0.037881,-0.093824,-0.123332,-0.094305,-0.138672,0.002809,0.000661
0,-0.004632,-0.034263,0.25411,-0.019162,0.214181,0.014767,8.1e-05,0.000598
0,-0.193295,-0.042297,-0.16332,-0.004968,-0.126815,0.03354,0.003374,0.000738
0,-0.236207,0.064702,-0.049447,0.09362,-0.090773,0.109741,0.003695,0.001129
0,-0.143286,-0.027804,0.079589,-0.111077,0.069473,-0.084361,0.002501,0.000485
0,-0.118175,0.072101,0.001841,0.109923,0.015679,0.103924,0.002063,0.001258
0,0.01375,0.073421,0.103486,0.027861,0.088571,0.002866,0.00024,0.001281
0,-0.175002,-0.076499,-0.188234,-0.168124,-0.204176,-0.216053,0.003054,0.001335
0,-0.134778,-0.094405,0.061175,-0.044442,0.106174,-0.01803,0.002352,0.001648
0,-0.010143,-0.090137,0.151417,0.011568,0.113034,-0.032681,0.000177,0.001573
0,-0.077308,-0.091664,-0.068558,-0.000385,-0.084123,0.001553,0.001349,0.0016
0,-0.107208,-0.101178,-0.008407,0.019465,-0.029115,0.053148,0.001871,0.001766
0,0.010127,-0.020142,0.107887,0.102139,0.085296,0.111241,0.000177,0.000352
0,0.052299,0.057307,0.071002,0.06888,0.041239,0.04718,0.000913,0.001
0,-0.132436,0.138261,-0.156727,0.103276,-0.106734,0.113712,0.002311,0.002413
0,-0.070851,0.07947,0.043122,-0.074748,0.051633,-0.071622,0.001237,0.001387
0,0.131689,0.069556,0.196379,-0.003703,0.186542,0.022685,0.002298,0.001214
0,0.042685,0.131336,-0.063795,0.041531,-0.039909,0.027428,0.000745,0.002292
0,0.006731,0.062028,-0.023366,-0.085067,0.019688,-0.042173,0.000117,0.001083
0,0.043312,0.049704,0.018784,0.012081,0.020163,-0.02247,0.000756,0.000867
0,0.024394,0.098254,-0.048626,0.078332,-0.071657,0.096988,0.000426,0.001715
0,-0.033208,0.182988,-0.063065,0.068435,-0.030926,0.092704,0.00058,0.003194
0,0.152896,0.191477,0.209457,0.023203,0.25183,0.013881,0.002669,0.003342
0,-0.080649,0.061261,-0.256154,-0.140084,-0.260562,-0.133665,0.001408,0.001069
0,-0.013203,0.061079,0.054117,-0.025508,0.063745,0.005282,0.00023,0.001066
0,-0.180006,0.01736,-0.141441,-0.049062,-0.123182,-0.043714,0.003142,0.000303
0,-0.062048,0.157597,0.124828,0.129581,0.076136,0.13625,0.001083,0.002751
0,0.029512,0.004701,0.121214,-0.174666,0.11888,-0.18223,0.000515,8.2e-05
0,0.041128,0.120804,0.030216,0.091793,0.015738,0.134336,0.000718,0.002108
0,0.116019,0.158109,0.097021,0.038125,0.128682,0.016392,0.002025,0.00276
0,3.059956,-1.433757,2.95748,-1.60262,2.985182,-1.59622,0.001319,0.00157
0,4.595281,-2.104867,1.539339,-0.673573,1.584056,-0.64812,0.002024,0.002353
0,4.89982,-2.747403,0.293121,-0.64383,0.340744,-0.649072,0.000479,0.001044
0,3.850574,-2.529312,-1.074415,0.213513,-1.104374,0.241402,0.003156,0.002762
0,3.587109,-2.452295,-0.261831,0.060829,-0.244773,0.092444,6.4e-05,0.003711
0,3.170817,-1.753555,-0.414747,0.669737,-0.413141,0.683408,0.000616,0.000666
0,2.707555,-1.27113,-0.450097,0.501654,-0.479063,0.46345,0.000348,0.001268
0,1.887485,-0.894206,-0.849252,0.401764,-0.828283,0.382438,0.001671,2.9e-05
0,0.90993,-0.695873,-0.96704,0.212053,-0.946308,0.254996,0.000246,0.00349
0,0.641854,-0.560754,-0.291814,0.138382,-0.32867,0.143609,0.003385,0.001969
0,0.245165,-0.080716,-0.403791,0.463124,-0.38575,0.426875,0.003539,0.001409
0,-0.059253,0.034969,-0.29911,0.127205,-0.263668,0.099494,0.001034,0.00061
0,-0.087544,0.296821,-0.053506,0.255889,-0.047736,0.266797,0.001528,0.002637
0,-0.410081,0.351348,-0.326234,0.068567,-0.336533,0.04298,0.000661,0.001686
0,-0.269243,0.305655,0.12823,-0.063076,0.131084,-0.03347,0.003119,0.002483
0,-0.424001,0.285616,-0.174973,-0.043654,-0.159203,-0.088228,0.000418,0.002833
0,-0.342523,0.248462,0.079704,-0.011832,0.104705,0.030747,0.00184,0.003481
0,-0.271072,0.268161,0.073023,-0.001867,0.086459,-0.009247,0.003087,0.003138
0,-0.329896,0.196094,-0.02994,-0.075289,-0.043549,-0.110252,0.00206,0.003422
0,-0.366908,0.100938,-0.066192,-0.074104,-0.035206,-0.115221,0.001414,0.001762
0,-0.133928,0.029016,0.242394,-0.056738,0.207706,-0.028923,0.002337,0.000506
0,-0.039115,0.049167,0.117146,0.015609,0.074821,0.019732,0.000683,0.000858
0,-0.173008,0.061922,-0.125359,0.013336,-0.118303,0.031505,0.00302,0.001081
0,-0.17707,0.210271,-0.029454,0.171724,-0.042864,0.153757,0.00309,0.00367
0,-0.025912,0.257879,0.128176,0.059458,0.105686,0.011122,0.000452,0.003317
0,-0.062059,0.054363,-0.059855,-0.214799,-0.093691,-0.258141,0.001083,0.000949
0,-0.072558,0.054199,-4.9e-05,0.01268,-0.006294,-0.002349,0.001266,0.000946
0,-0.310242,0.066389,-0.22188,0.014589,-0.217659,0.046266,0.002403,0.001159
0,-0.077247,-0.038205,0.244553,-0.07536,0.241396,-0.048839,0.001348,0.000667
0,-2.740156,0.616849,-2.669457,0.671841,-2.636704,0.666088,0.000917,0.002948
0,-4.010487,1.359541,-1.250401,0.735792,-1.256653,0.746518,0.000365,0.000275
0,-4.3305,1.911711,-0.345425,0.547427,-0.389984,0.544174,0.002597,0.002094
0,-3.916384,1.807382,0.421737,-0.078906,0.4189,-0.03311,0.002007,0.000273
0,-3.677939,1.780633,0.232368,-0.023831,0.235151,-0.018265,0.001649,0.000194
0,-2.59181,1.486589,1.109078,-0.277775,1.143582,-0.230441,0.001672,0.002492
0,-1.606427,1.314832,1.005,-0.196122,1.011812,-0.201854,0.003234,0.000505
0,-0.946539,0.928023,0.677489,-0.391638,0.723941,-0.417481,0.000884,0.000561
0,-0.464361,0.474055,0.476855,-0.440666,0.504705,-0.438131,0.000287,0.000456
0,-0.374352,0.239591,0.114016,-0.239282,0.120385,-0.281603,0.001284,0.003636
0,-0.13344,0.200226,0.227379,-0.068574,0.22263,-0.080831,0.002329,0.003495
0,0.163689,-0.129127,0.319243,-0.320683,0.317842,-0.278062,0.002857,0.002254
0,0.093941,-0.166899,-0.051724,-0.063567,-0.050143,-0.076056,0.00164,0.002913
0,0.255383,-0.04761,0.155831,0.089583,0.137412,0.06411,0.003361,0.000831
0,0.132324,-0.138793,-0.098054,-0.081834,-0.100057,-0.111045,0.002309,0.002422
0,0.087681,-0.163382,-0.054985,-0.017229,-0.058531,0.028551,0.00153,0.002852
0,0.060076,-0.166247,-0.023154,0.017182,-0.052909,0.0322,0.001049,0.002902
0,0.11143,-0.169,0.055255,-0.018363,0.078489,-0.021862,0.001945,0.00295
0,0.09653,-0.32307,-0.016427,-0.140491,-0.042559,-0.179715,0.001685,0.002179
0,0.053043,-0.178506,-0.020225,0.122834,0.007207,0.14413,0.000926,0.003116
0,0.033782,-0.169801,-0.018327,0.001944,-0.047657,-0.01881,0.00059,0.002964
0,-0.066087,-0.332668,-0.10527,-0.168721,-0.144436,-0.120426,0.001153,0.002012
0,0.17061,-0.121164,0.218767,0.232545,0.264192,0.210656,0.002978,0.002115
0,0.071089,-0.269594,-0.095127,-0.158896,-0.144324,-0.175712,0.001241,0.003113
0,-0.05302,-0.152444,-0.149229,0.099633,-0.11963,0.059314,0.000925,0.002661
0,0.07274,-0.345195,0.124506,-0.182244,0.118978,-0.207217,0.00127,0.001793
0,0.208203,-0.200284,0.163744,0.123069,0.212376,0.122662,0.003634,0.003496
0,0.222813,-0.187792,-0.009022,-0.015157,-0.037018,-0.062,0.003889,0.003278
0,0.143105,-0.048427,-0.05579,0.109565,-0.047882,0.118371,0.002498,0.000845
0,-0.03175,-0.0117,-0.154264,0.018036,-0.106075,0.054823,0.000554,0.000204
0,0.023001,-0.150103,0.078998,-0.116928,0.10857,-0.1155,0.000401,0.00262
0,0.23146,-0.269,0.214854,-0.096959,0.24554,-0.076488,0.003778,0.003123
0,0.165414,0.027443,-0.076402,0.296855,-0.104629,0.294855,0.002887,0.000479
0,-0.003161,-0.118634,-0.191907,-0.116209,-0.180446,-0.070873,5.5e-05,0.002071
0,0.089211,-0.206942,0.114708,-0.102451,0.131786,-0.1252,0.001557,0.003612
0,0.045392,-0.008367,-0.015545,0.223093,0.021542,0.218564,0.000792,0.000146
0,-0.04554,-0.238424,-0.070549,-0.245879,-0.049393,-0.196163,0.000795,0.003657
0,0.179332,-0.168594,0.205676,0.075032,0.227023,0.053605,0.00313,0.002943
0,-0.030977,-0.207829,-0.239142,-0.014199,-0.242011,-0.019347,0.000541,0.003627
0,-0.038653,0.029846,0.007908,0.221134,0.028364,0.256438,0.000675,0.000521
0,-0.11617,-0.109319,-0.095003,-0.165272,-0.073132,-0.206537,0.002028,0.001908
0,-0.09074,0.065475,0.045786,0.204285,0.049523,0.226434,0.001584,0.001143
0,0.098818,-0.044225,0.213128,-0.137569,0.174351,-0.089747,0.001725,0.000772
0,-0.004345,-0.028873,-0.117426,0.018138,-0.135203,0.008104,7.6e-05,0.000504
0,0.118643,-0.099616,0.1118,-0.081838,0.116758,-0.079715,0.002071,0.001739
0,-0.169983,-0.039943,-0.30493,0.044667,-0.282033,0.060036,0.002967,0.000697
0,-0.107871,-0.051446,0.080616,0.006315,0.04054,0.002921,0.001883,0.000898
0,0.088457,0.023063,0.205516,0.060201,0.167424,0.084337,0.001544,0.000403
0,-0.002231,0.059395,-0.073487,0.008769,-0.083929,-0.033979,3.9e-05,0.001037
0,-0.135484,-0.011403,-0.142587,-0.086181,-0.156931,-0.06729,0.002365,0.000199
0,0.009917,0.064876,0.144275,0.088205,0.106954,0.072914,0.000173,0.001132
0,0.004205,0.138459,0.007034,0.103125,0.019201,0.079999,7.3e-05,0.002417
0,0.038628,0.145639,0.029861,-0.013194,0.010465,-0.02817,0.000674,0.002542
0,0.087396,0.040141,0.064482,-0.135039,0.040016,-0.126546,0.001525,0.000701
0,0.020675,0.074204,-0.087886,0.007251,-0.079698,-0.000424,0.000361,0.001295
0,-0.037387,0.107083,-0.072755,0.017763,-0.075561,0.035536,0.000653,0.001869
0,-0.13432,0.02041,-0.091323,-0.106126,-0.086778,-0.131464,0.002344,0.000356
0,-0.06828,-0.007373,0.039768,-0.048984,0.083832,-0.087172,0.001192,0.000129
0,0.113043,0.182941,0.190932,0.20286,0.174968,0.197929,0.001973,0.003193
0,-0.017189,0.081648,-0.159497,-0.111545,-0.188246,-0.152861,0.0003,0.001425
0,0.047063,-0.063199,0.047983,-0.15204,0.017967,-0.170054,0.000821,0.001103
0,0.036524,0.024385,0.010406,0.09402,-0.039024,0.121906,0.000637,0.000426
0,-0.149179,0.091879,-0.187148,0.050192,-0.232096,0.008981,0.002604,0.001604
0,2.516304,-0.366738,2.651244,-0.456297,2.612504,-0.416008,0.002989,0.001417
0,4.034471,-1.231681,1.528653,-0.886251,1.558907,-0.905999,5.4e-05,0.001957
0,3.722695,-1.978412,-0.328781,-0.771714,-0.344333,-0.774043,0.00243,0.003258
0,2.820648,-2.446904,-0.930285,-0.472532,-0.885573,-0.425266,0.002322,0.003617
0,1.281673,-3.045066,-1.562651,-0.596017,-1.538344,-0.632306,0.001084,0.001579
0,-0.058373,-3.450407,-1.356709,-0.427269,-1.391909,-0.395684,0.001019,0.002322
0,-0.760747,-2.931648,-0.711737,0.523287,-0.673591,0.474071,0.002358,0.003558
0,-0.9777,-2.711724,-0.213271,0.23125,-0.254962,0.184181,0.001428,0.000421
0,-0.997394,-1.917317,-0.02478,0.802501,0.005388,0.770259,0.001772,0.002192
0,-0.633612,-1.516994,0.38404,0.394627,0.340926,0.402,0.003241,0.003023
0,-0.754127,-1.102152,-0.133221,0.44155,-0.114557,0.485647,0.002474,0.0036
0,-0.564603,-0.701272,0.168217,0.372941,0.214415,0.405508,0.002036,0.003396
0,-0.346956,-0.58934,0.196564,0.137074,0.206234,0.089464,0.001762,0.002468
0,-0.235181,-0.181632,0.122237,0.388595,0.151632,0.431653,0.003713,0.00317
0,-0.203815,-0.137077,0.013105,0.027763,0.020475,0.029192,0.003557,0.002392
0,0.037912,0.114665,0.246794,0.278421,0.271977,0.28915,0.000662,0.002001
0,-0.07806,0.135372,-0.098785,0.026503,-0.088127,0.04642,0.001362,0.002363
0,-0.048708,0.162668,0.013904,0.046119,0.010153,0.003635,0.00085,0.002839
0,0.181656,0.196082,0.203842,0.020996,0.207047,0.013786,0.00317,0.003422
0,0.072574,0.266511,-0.092422,0.042403,-0.113673,0.006679,0.001267,0.003166
0,-0.026306,0.212679,-0.085413,-0.055631,-0.048334,-0.029883,0.000459,0.003712
0,0.154907,0.322851,0.18106,0.100832,0.178149,0.057716,0.002704,0.002183
0,0.144476,0.027534,-0.014717,-0.280413,0.009572,-0.302936,0.002522,0.000481
0,0.200199,0.069183,0.046723,0.058765,0.052493,0.00992,0.003494,0.001207
0,0.029173,0.071935,-0.176769,-0.022549,-0.194155,-0.034462,0.000509,0.001256
0,0.074658,0.150874,0.037979,0.056155,0.085883,0.059162,0.001303,0.002633
0,0.043261,0.125211,-0.060023,-0.045648,-0.071468,-0.093641,0.000755,0.002185
0,0.192183,0.031868,0.169563,-0.111155,0.19283,-0.151443,0.003354,0.000556
0,0.194222,0.083658,0.016633,0.029454,0.034602,0.062468,0.00339,0.00146
0,0.143966,-0.09206,-0.021796,-0.196954,0.017196,-0.241115,0.002513,0.001607
0,0.014652,0.080562,-0.105448,0.153855,-0.144951,0.119483,0.000256,0.001406
0,0.024557,0.113028,0.022169,0.043991,0.037657,0.065279,0.000429,0.001973
0,-0.096839,-0.079233,-0.114487,-0.164342,-0.101359,-0.182593,0.00169,0.001383
0,0.09907,0.144368,0.199251,0.249642,0.152841,0.24025,0.001729,0.00252
0,0.091123,0.042202,0.010206,-0.077749,0.004373,-0.095385,0.00159,0.000737
0,-0.029045,0.036116,-0.142615,0.006897,-0.128364,0.003877,0.000507,0.00063
0,-0.155143,0.000987,-0.142524,-0.057393,-0.157661,-0.020158,0.002708,1.7e-05
0,-0.076062,0.06265,0.095594,0.044525,0.144598,0.017793,0.001328,0.001093
0,-0.008205,0.099154,0.082556,0.058713,0.032621,0.030442,0.000143,0.001731
0,-0.185012,0.111711,-0.192839,-0.002178,-0.214116,0.017928,0.003229,0.00195
0,-0.046625,-0.04282,0.158697,-0.151204,0.180422,-0.163388,0.000814,0.000747
0,-0.120497,0.107751,-0.072413,0.158059,-0.056145,0.180571,0.002103,0.001881
0,0.012579,0.107934,0.124605,0.000596,0.080582,-0.038634,0.00022,0.001884
0,0.090793,0.146012,0.084467,0.035045,0.052193,0.025319,0.001585,0.002548
0,-0.113158,-0.116504,-0.224661,-0.264467,-0.186959,-0.295494,0.001975,0.002033
0,-0.075503,-0.093006,0.041531,0.01018,0.06953,0.032394,0.001318,0.001623
0,0.047746,-0.014864,0.141828,0.07715,0.168543,0.044582,0.000833,0.000259
0,-0.020633,-0.048711,-0.073347,-0.061068,-0.091361,-0.052749,0.00036,0.00085
0,0.05848,0.039345,0.065367,0.100075,0.030015,0.054491,0.001021,0.000687
0,0.047627,-0.078844,-0.010991,-0.140678,0.008361,-0.100884,0.000831,0.001376
0,-0.08478,-0.069628,-0.10978,-0.020185,-0.077045,0.014057,0.00148,0.001215
0,0.167685,0.029449,0.249266,0.099639,0.211557,0.075952,0.002927,0.000514
0,-0.055865,0.084453,-0.20938,0.033384,-0.189521,0.017115,0.000975,0.001474
0,0.168214,-0.044018,0.249741,-0.12028,0.258878,-0.076863,0.002936,0.000768
0,0.033435,-0.006893,-0.148622,0.030756,-0.106608,0.078592,0.000584,0.00012
0,0.137295,-0.086124,0.099922,-0.075134,0.141934,-0.051283,0.002396,0.001503
0,0.11469,0.05254,-0.044782,0.157469,-0.077543,0.130579,0.002002,0.000917
0,0.076072,-0.039063,-0.050152,-0.107306,-0.069977,-0.149306,0.001328,0.000682
0,-0.103843,-0.068186,-0.178608,-0.003879,-0.214523,-0.011878,0.001812,0.00119
0,0.191302,0.074032,0.322438,0.134946,0.293504,0.160048,0.003339,0.001292
0,-0.014827,0.003955,-0.186496,-0.060909,-0.154938,-0.057911,0.000259,6.9e-05
0,-0.08116,-0.073224,-0.052016,-0.050831,-0.076063,-0.007617,0.001417,0.001278
0,0.158311,-0.043207,0.216852,0.051786,0.168982,0.042861,0.002763,0.000754
0,0.142594,0.113684,-0.027719,0.131528,-0.011142,0.103834,0.002489,0.001984
0,0.072049,0.077773,-0.096852,-0.041159,-0.047624,0.001506,0.001257,0.001357
0,0.092968,-0.09098,0.048205,-0.183762,0.068465,-0.201044,0.001623,0.001588
0,0.103876,-0.125449,-0.018478,-0.005409,0.018588,-0.044511,0.001813,0.00219
0,-0.088706,-0.063813,-0.200565,0.065526,-0.212592,0.028904,0.001548,0.001114
0,-0.002441,-0.045719,0.094008,0.006892,0.044856,0.043157,4.3e-05,0.000798
0,0.081434,-0.037263,0.092675,0.037052,0.097772,0.033923,0.001421,0.00065
0,0.086692,0.113498,-0.003189,0.122012,-0.052234,0.092136,0.001513,0.001981
0,-0.175351,0.036129,-0.250858,-0.054878,-0.229421,-0.08628,0.00306,0.000631
0,-0.108326,-0.082907,0.088459,-0.099891,0.052008,-0.103313,0.001891,0.001447
0,0.11161,-0.101578,0.246333,-0.037282,0.236382,-0.066122,0.001948,0.001773
0,-0.026348,-0.121169,-0.114179,0.002693,-0.140553,-0.015227,0.00046,0.002115
0,0.044836,0.13206,0.041664,0.240353,0.033408,0.240432,0.000783,0.002305
0,0.066696,0.060412,0.05076,-0.066218,0.010411,-0.086229,0.001164,0.001054
0,-0.041928,0.056894,-0.1272,-0.013683,-0.142879,0.002744,0.000732,0.000993
0,0.027548,-0.044325,0.067883,-0.11311,0.086223,-0.159696,0.000481,0.000774
0,0.022666,-0.087664,-0.03432,-0.057619,-0.062018,-0.106717,0.000396,0.00153
0,-0.188131,-0.058089,-0.206947,0.053591,-0.207563,0.022648,0.003283,0.001014
0,0.054797,-0.103716,0.269793,-0.073894,0.295394,-0.077523,0.000956,0.00181
0,0.069758,-0.203322,-0.010529,-0.080605,-0.000527,-0.083646,0.001217,0.003549
0,0.060992,-0.190148,-0.008282,0.020051,0.038059,0.05919,0.001065,0.003319
0,-0.012994,-0.138569,-0.046865,0.025789,-0.095883,0.067013,0.000227,0.002418
0,0.069363,-0.051349,0.081995,0.100382,0.11371,0.11826,0.001211,0.000896
0,0.12508,-0.153731,0.072721,-0.127315,0.095412,-0.163946,0.002183,0.002683
0,-0.056514,-0.031061,-0.178676,0.124319,-0.210888,0.159553,0.000986,0.000542
0,-0.087541,0.035739,-0.008558,0.085848,-0.058253,0.050131,0.001528,0.000624
0,0.018583,-0.155905,0.103674,-0.175599,0.080114,-0.139535,0.000324,0.002721
0,-0.005283,-0.220776,5.4e-05,-0.074071,0.047563,-0.110729,9.2e-05,0.003853
0,0.055822,-0.017927,0.084541,0.220245,0.067276,0.250604,0.000974,0.000313
0,-0.060775,-0.196967,-0.113549,-0.190863,-0.141372,-0.230612,0.001061,0.003438
0,0.122833,-0.105555,0.205668,0.065574,0.216508,0.035871,0.002144,0.001842
0,-0.078892,-0.04308,-0.197178,0.067616,-0.225703,0.111426,0.001377,0.000752
0,-0.13727,-0.129245,-0.057401,-0.087873,-0.060087,-0.059869,0.002396,0.002256
0,0.025483,-0.055793,0.180797,0.102852,0.195825,0.116312,0.000445,0.000974
0,-0.069168,-0.019357,-0.119022,0.037258,-0.07438,0.005249,0.001207,0.000338
0,-1.026264,0.410437,-0.952964,0.405227,-0.916552,0.440223,0.002276,0.000654
0,-1.575097,0.858218,-0.54316,0.445133,-0.499912,0.435183,0.003781,0.000657
0,-2.14048,0.976388,-0.570001,0.112065,-0.581219,0.124984,0.001731,0.001405
0,-2.792934,0.924319,-0.63653,-0.05822,-0.615057,-0.015582,0.001839,0.000497
0,-2.704423,0.943871,0.088553,0.024599,0.092078,0.060857,0.000294,0.000838
0,-1.765506,0.682742,0.945701,-0.246224,0.904784,-0.260873,0.000458,0.00372
0,-1.381392,0.53023,0.389105,-0.156516,0.430678,-0.150688,0.000656,0.001436
0,-0.813929,0.358523,0.565749,-0.148865,0.558542,-0.155471,0.00143,0.00156
0,-0.631816,0.033088,0.207204,-0.302279,0.20514,-0.29922,0.003209,0.000578
0,-0.345283,-0.039396,0.262021,-0.071062,0.244731,-0.03939,0.001792,0.000688
0,-0.163194,-0.144273,0.1736,-0.113255,0.190469,-0.080604,0.002848,0.002518
0,0.083627,-0.136012,0.271993,-0.013259,0.254861,-0.01563,0.00146,0.002374
0,0.180087,0.079514,0.103823,0.194812,0.062663,0.203479,0.003143,0.001388
0,0.013265,0.018614,-0.147034,-0.034165,-0.142093,-0.067891,0.000232,0.000325
0,-0.006934,-0.022424,0.00934,-0.059526,0.036373,-0.075814,0.000121,0.000391
0,0.070617,-0.044678,0.052984,-0.035424,0.028503,0.005601,0.001233,0.00078
0,0.106799,-0.139806,0.046911,-0.080811,0.069564,-0.061304,0.001864,0.00244
0,0.247438,0.013022,0.126057,0.17543,0.112634,0.187157,0.003499,0.000227
0,0.154837,-0.253196,-0.067454,-0.240443,-0.085318,-0.265982,0.002702,0.003399
0,0.262947,-0.098076,0.080251,0.16607,0.09377,0.174594,0.003229,0.001712
0,-0.026813,-0.140217,-0.308697,-0.038473,-0.27521,-0.009859,0.000468,0.002447
0,0.253407,-0.272108,0.258012,-0.129872,0.249314,-0.100647,0.003395,0.003069
0,0.216634,-0.178046,-0.052154,0.083765,-0.032511,0.043876,0.003781,0.003107
0,0.035708,-0.213719,-0.185672,-0.021211,-0.148399,-0.00703,0.000623,0.00373
0,-0.055776,-0.182669,-0.087608,0.009206,-0.133214,-0.040115,0.000973,0.003188
0,-0.022332,-0.064061,0.024619,0.113548,0.070311,0.141968,0.00039,0.001118
0,0.010391,-0.216365,0.040987,-0.163928,0.017201,-0.163056,0.000181,0.003776
0,-0.026817,-0.19825,-0.011513,-0.003706,-0.041382,0.040933,0.000468,0.00346
0,-0.079117,-0.24336,-0.080964,-0.068443,-0.059836,-0.107411,0.001381,0.00357
0,0.138353,-0.038053,0.235737,0.207718,0.24171,0.159132,0.002415,0.000664
0,-0.034324,-0.085685,-0.202051,-0.045125,-0.203612,-0.072353,0.000599,0.001495
0,-0.02832,-0.129011,0.009056,-0.053918,0.045118,-0.004146,0.000494,0.002252
0,0.116918,-0.05566,0.169756,0.084831,0.159671,0.073647,0.002041,0.000971
0,-0.083218,0.068745,-0.192609,0.125782,-0.190274,0.146274,0.001452,0.0012
0,0.033782,0.053518,0.12812,-0.003259,0.140435,-0.01026,0.00059,0.000934
0,0.050132,0.053949,0.008247,0.012315,0.011911,0.034545,0.000875,0.000942
0,-0.014894,-0.075371,-0.046812,-0.125277,-0.011779,-0.166449,0.00026,0.001315
0,0.046164,0.038458,0.071876,0.13235,0.12184,0.155058,0.000806,0.000671
0,0.002235,-0.175773,-0.038009,-0.192922,-0.003475,-0.213467,3.9e-05,0.003068
0,-0.075482,-0.052651,-0.053855,0.14148,-0.099745,0.131806,0.001317,0.000919
0,-0.011313,-0.107913,0.089938,-0.081877,0.065252,-0.053608,0.000197,0.001883
0,0.121788,-0.184775,0.126478,-0.106081,0.145296,-0.13318,0.002126,0.003225
0,-0.013642,-0.086996,-0.154772,0.091828,-0.175449,0.059874,0.000238,0.001518
0,-0.055692,-0.055085,-0.040321,0.016693,-0.058809,0.027923,0.000972,0.000961
0,0.06986,-0.003368,0.149757,0.080127,0.103628,0.091081,0.001219,5.9e-05
0,0.225451,-0.13856,0.143785,-0.108403,0.129474,-0.108883,0.003883,0.002418
0,0.189353,-0.104802,-0.016428,0.022457,-0.009519,0.044873,0.003305,0.001829
0,0.151351,-0.068771,-0.04923,0.022773,-0.054125,0.022914,0.002642,0.0012
0,0.220464,-0.159154,0.097236,-0.113486,0.098332,-0.071387,0.003848,0.002778
0,0.170452,-0.071715,-0.052458,0.072052,-0.064411,0.061447,0.002975,0.001252
0,0.193467,-0.076342,0.038553,-0.000834,0.068782,0.023027,0.003377,0.001332
0,0.169191,0.053046,-0.010144,0.102047,-0.046731,0.107882,0.002953,0.000926
0,0.119605,-0.065918,-0.055896,-0.113448,-0.090092,-0.070651,0.002087,0.00115
0,0.048643,-0.011281,-0.06589,0.084321,-0.037921,0.069261,0.000849,0.000197
0,0.080924,0.112798,0.035808,0.125843,0.058847,0.166465,0.001412,0.001969
0,-0.083266,-0.027768,-0.138751,-0.12992,-0.166534,-0.09475,0.001453,0.000485
0,-0.204202,-0.149301,-0.13211,-0.12642,-0.157227,-0.079498,0.003564,0.002606
0,-0.15889,-0.005447,0.062567,0.133137,0.101938,0.100415,0.002773,9.5e-05
0,0.06454,0.12738,0.212722,0.123466,0.206242,0.089963,0.001126,0.002223
0,-0.121494,-0.082581,-0.214256,-0.237139,-0.177663,-0.225071,0.00212,0.001441
0,0.008745,-0.004843,0.144565,0.074433,0.145445,0.089085,0.000153,8.5e-05
0,-0.069091,0.100836,-0.07701,0.0938,-0.095433,0.083194,0.001206,0.00176
0,-0.116561,-0.116163,-0.071533,-0.22692,-0.072622,-0.254199,0.002034,0.002027
0,-0.060368,-0.074823,0.079847,0.04233,0.089185,0.087519,0.001054,0.001306
0,0.077215,-0.126843,0.148809,-0.077034,0.176736,-0.126911,0.001348,0.002214
0,-0.022243,-0.096358,-0.089323,0.045492,-0.075993,0.043364,0.000388,0.001682
0,-0.13596,0.071337,-0.11529,0.174016,-0.085399,0.12787,0.002373,0.001245
0,-0.014197,-0.008818,0.14858,-0.071463,0.194164,-0.040896,0.000248,0.000154
0,-0.066495,0.070404,-0.029908,0.089644,-0.044272,0.063322,0.001161,0.001229
0,-0.131886,0.015746,-0.044842,-0.048625,-0.022297,-0.093452,0.002302,0.000275
0,0.08257,0.146654,0.219676,0.116158,0.256593,0.124138,0.001441,0.00256
0,-0.058543,0.100405,-0.160181,-0.054678,-0.144935,-0.047367,0.001022,0.001752
0,-0.178547,0.02655,-0.132227,-0.059234,-0.143953,-0.027914,0.003116,0.000463
0,-0.026452,-0.025239,0.166836,-0.07509,0.172649,-0.106299,0.000462,0.00044
0,-0.036019,0.124409,0.020331,0.164889,0.017173,0.12061,0.000629,0.002171
0,-0.142702,-0.025728,-0.11457,-0.139894,-0.102307,-0.153566,0.002491,0.000449
0,-0.067335,0.136682,0.099303,0.174149,0.064817,0.167046,0.001175,0.002386
0,0.005528,-0.053826,0.100442,-0.21404,0.07512,-0.223026,9.6e-05,0.000939
0,-0.047701,0.031089,-0.039874,0.087958,-0.071336,0.095663,0.000833,0.000543
0,-0.077923,-0.119395,-0.004586,-0.122001,0.028536,-0.116219,0.00136,0.002084
0,0.035117,0.023802,0.12454,0.157779,0.093684,0.129895,0.000613,0.000415
0,0.018171,0.01257,-0.034635,-0.010441,-0.074176,-0.008764,0.000317,0.000219
0,0.120451,-0.090538,0.084401,-0.081435,0.129531,-0.04511,0.002102,0.00158
0,0.06172,0.060044,-0.033194,0.166941,0.014007,0.157882,0.001077,0.001048
0,0.150413,0.094773,0.061863,0.023023,0.056241,0.004611,0.002625,0.001654
0,1.965411,-1.767008,1.791632,-1.869532,1.778297,-1.903856,0.003031,0.000431
0,2.498841,-1.652968,0.535985,0.136291,0.553933,0.179815,0.003294,0.002422
0,2.821728,-2.021503,0.340262,-0.380551,0.334021,-0.391737,0.002341,0.003808
0,2.698061,-2.24523,-0.133703,-0.207549,-0.172306,-0.22666,0.000183,9.7e-05
0,2.980469,-1.609441,0.308649,0.617015,0.335038,0.648376,0.002706,0.003181
0,2.714102,-1.435148,-0.252609,0.187491,-0.284441,0.220149,0.000463,0.001594
0,2.22265,-1.154849,-0.511266,0.269928,-0.50758,0.228481,0.000297,0.003298
0,1.855594,-0.713973,-0.378453,0.436378,-0.359871,0.484221,0.001115,0.003175
0,1.123296,-0.268128,-0.740741,0.475153,-0.731844,0.438569,0.003848,0.003138
0,0.315172,0.063276,-0.826759,0.357849,-0.801187,0.330845,0.002317,0.001104
0,0.181431,0.270552,-0.131305,0.215829,-0.113697,0.242468,0.003167,0.003096
0,-0.137374,0.230557,-0.295351,-0.014539,-0.310246,0.012186,0.002398,0.003794
0,-0.163264,0.28917,-0.034635,0.0649,-0.084039,0.065183,0.002849,0.002771
0,-0.309801,0.284951,-0.160514,0.013207,-0.150956,-0.002824,0.002411,0.002845
0,-0.48456,0.076847,-0.169039,-0.202462,-0.143997,-0.188679,0.000639,0.001341
0,-0.555422,0.028178,-0.059628,-0.059101,-0.079901,-0.020435,0.001876,0.000492
0,-0.480911,-0.072927,0.054369,-0.11081,0.037021,-0.105519,0.000576,0.001273
0,-0.248845,0.130395,0.241707,0.205088,0.280861,0.213535,0.003475,0.002276
0,-0.150942,-0.00934,0.079024,-0.132579,0.067007,-0.169344,0.002634,0.000163
0,-0.277541,-0.027868,-0.153726,-0.026452,-0.147598,0.010607,0.002974,0.000486
0,-0.403438,0.0624,-0.112052,0.061515,-0.111668,0.098651,0.000777,0.001089
0,-0.332938,-0.076799,0.088877,-0.158926,0.050751,-0.140031,0.002007,0.00134
0,-0.304177,-0.09702,0.046016,-0.023245,0.092368,-0.058038,0.002509,0.001693
0,-0.080459,-0.040584,0.250662,0.041346,0.237261,0.088765,0.001404,0.000708
0,-0.299817,0.036619,-0.247374,0.057927,-0.204297,0.018062,0.002585,0.000639
0,-0.247531,-0.00793,0.036488,-0.042038,0.054545,-0.022966,0.003498,0.000138
0,-0.323688,0.104433,-0.080276,0.100013,-0.09966,0.061858,0.002168,0.001823
0,-0.196208,0.026297,0.10077,-0.074145,0.115663,-0.089143,0.003424,0.000459
0,-0.122693,0.01298,0.083965,-0.026388,0.117174,-0.010044,0.002141,0.000227
0,-0.171195,-0.030059,-0.063455,-0.055648,-0.077554,-0.048748,0.002988,0.000525
0,-0.286645,0.116829,-0.12863,0.117673,-0.079132,0.159026,0.002815,0.002039
0,-0.107595,-0.130755,0.151557,-0.257611,0.145906,-0.274587,0.001878,0.002282
0,0.003943,0.00126,0.118908,0.142643,0.076466,0.143843,6.9e-05,2.2e-05
0,-0.088732,0.06116,-0.065231,0.084233,-0.045062,0.05419,0.001549,0.001067
0,-0.139657,-0.012859,-0.024823,-0.049224,-0.005115,-0.075028,0.002437,0.000224
0,0.067661,-0.117463,0.199079,-0.103238,0.218049,-0.138895,0.001181,0.00205
0,-0.004986,0.054495,-0.047615,0.19281,-0.09671,0.164937,8.7e-05,0.000951
0,-0.035371,-0.055197,-0.01405,-0.099599,0.019302,-0.080819,0.000617,0.000963
0,-0.001535,0.032268,0.052138,0.06055,0.047107,0.027151,2.7e-05,0.000563
0,-0.136169,-0.178202,-0.134282,-0.237982,-0.10033,-0.206975,0.002377,0.00311
0,-0.279193,-0.063499,-0.14615,0.087541,-0.166277,0.091198,0.002945,0.001108
0,-0.003841,-0.15312,0.286712,-0.117887,0.23778,-0.162349,6.7e-05,0.002672
0,-0.149898,0.070631,-0.15089,0.224326,-0.106445,0.177755,0.002616,0.001233
0,-0.14655,-0.121914,0.004594,-0.201575,-0.033182,-0.187384,0.002558,0.002128
0,-0.050483,-0.123574,0.096294,-0.000244,0.054385,-0.046651,0.000881,0.002157
0,-0.090963,-0.10468,-0.04164,-0.00657,-0.028225,-0.03152,0.001588,0.001827
0,-0.013442,-0.014857,0.083866,0.092153,0.060101,0.128537,0.000235,0.000259
0,0.052842,-0.044609,0.050162,-0.009396,0.050034,-0.057667,0.000922,0.000779
0,-0.058019,-0.13931,-0.085517,-0.112938,-0.046263,-0.103795,0.001013,0.002431
0,-0.054265,0.001234,0.030046,0.130803,-0.00888,0.150867,0.000947,2.2e-05
0,0.157391,-0.137338,0.213141,-0.153311,0.239296,-0.169837,0.002747,0.002397
0,0.02283,-0.141669,-0.117948,-0.008713,-0.087392,0.034854,0.000398,0.002473
0,-0.069388,0.084303,-0.11962,0.249896,-0.116779,0.246665,0.001211,0.001471
0,0.107182,-0.196334,0.161895,-0.285321,0.165669,-0.329424,0.001871,0.003427
0,-0.012218,0.03456,-0.110011,0.20703,-0.124906,0.192067,0.000213,0.000603
0,0.161737,-0.154538,0.199091,-0.171944,0.225686,-0.206619,0.002823,0.002697
0,-0.092371,0.052209,-0.226795,0.209908,-0.25376,0.165162,0.001612,0.000911
0,0.132219,0.030529,0.20561,-0.042568,0.24957,-0.023676,0.002308,0.000533
0,-0.040338,0.062566,-0.154103,0.029944,-0.150896,0.060582,0.000704,0.001092
0,0.121749,-0.027728,0.176667,-0.088594,0.156604,-0.099497,0.002125,0.000484
0,-0.041447,-0.027919,-0.138608,-0.005572,-0.141313,-0.02487,0.000723,0.000487
0,-0.074347,0.092121,-0.055699,0.114398,-0.006433,0.135174,0.001298,0.001608
0,0.02913,-0.190164,0.110296,-0.284855,0.155317,-0.317691,0.000508,0.003319
0,-0.019101,-0.098042,-0.066803,0.110793,-0.040553,0.11659,0.000333,0.001711
0,-0.089427,-0.134661,-0.057252,-0.038563,-0.039518,-0.006743,0.001561,0.00235
0,-0.079571,0.001193,0.012249,0.130478,0.005493,0.092465,0.001389,2.1e-05
0,-0.141316,-0.126473,-0.074829,-0.12283,-0.11018,-0.097964,0.002466,0.002207
0,-0.051419,-0.188119,0.069053,-0.084851,0.096543,-0.089257,0.000897,0.003283
0,-0.041752,0.016494,-0.008323,0.181297,0.039969,0.16783,0.000729,0.000288
0,0.130064,-0.033905,0.148286,-0.022879,0.197506,-0.027201,0.00227,0.000592
0,0.194732,-0.177005,0.069646,-0.118106,0.071045,-0.126776,0.003399,0.003089
0,0.085381,0.06629,-0.131813,0.224892,-0.097019,0.190967,0.00149,0.001157
0,0.187743,0.004021,0.078651,-0.040236,0.042115,-0.089899,0.003277,7e-05
0,-0.050212,-0.079586,-0.224467,-0.110228,-0.191748,-0.145321,0.000876,0.001389
0,0.102232,-0.119142,0.135828,-0.027159,0.141885,-0.063697,0.001784,0.002079
0,0.125581,-0.205298,0.005845,-0.10849,0.01802,-0.1212,0.002192,0.003583
0,-0.069768,0.02475,-0.215955,0.203096,-0.258634,0.230631,0.001218,0.000432
0,-0.076778,-0.191865,-0.0259,-0.241138,-0.072672,-0.200346,0.00134,0.003349
0,0.135387,-0.014422,0.231757,0.160606,0.230684,0.128902,0.002363,0.000252
0,-0.069272,-0.056454,-0.221173,-0.070643,-0.218395,-0.027866,0.001209,0.000985
0,-0.003136,-0.157417,0.043744,-0.094444,0.035872,-0.057366,5.5e-05,0.002747
0,0.104081,0.073298,0.115289,0.239285,0.160138,0.285971,0.001817,0.001279
0,0.028172,0.06588,-0.074719,-0.031224,-0.025886,0.013098,0.000492,0.00115
0,-0.025121,-0.011128,-0.061136,-0.072611,-0.034227,-0.030946,0.000438,0.000194
0,0.133092,0.029252,0.149077,0.040549,0.125819,0.065558,0.002323,0.000511
0,0.179513,-0.167739,0.075858,-0.19047,0.096274,-0.149834,0.003133,0.002928
0,0.232485,0.110246,0.068458,0.255986,0.04935,0.302181,0.00376,0.001924
0,-0.031735,0.120576,-0.235713,-0.01726,-0.218119,-0.053699,0.000554,0.002104
0,0.159423,-0.13443,0.177388,-0.243914,0.226348,-0.198637,0.002782,0.002346
0,0.123368,-0.007157,-0.037953,0.111277,-0.054251,0.085841,0.002153,0.000125
0,0.045573,-0.099539,-0.061911,-0.105021,-0.061475,-0.117718,0.000795,0.001737
0,0.185618,0.011113,0.14653,0.123727,0.132376,0.134639,0.00324,0.000194
0,0.071272,0.124071,-0.115956,0.139822,-0.15936,0.117517,0.001244,0.002165
0,0.015414,0.029557,-0.081815,-0.114806,-0.046852,-0.099444,0.000269,0.000516
0,0.121696,0.099031,0.127247,0.043481,0.147516,0.00997,0.002124,0.001728
0,0.219276,-0.109585,0.096575,-0.211055,0.075182,-0.256047,0.003827,0.001913
0,0.134512,-0.164137,-0.087205,-0.025179,-0.082667,-0.04496,0.002348,0.002865
0,0.190895,0.028935,0.084541,0.215113,0.129283,0.177238,0.003332,0.000505
0,0.1108,-0.047816,-0.107989,-0.082333,-0.153835,-0.040225,0.001934,0.000835
0,0.145528,-0.084178,0.056908,-0.029612,0.021235,-0.057719,0.00254,0.001469
0,0.2305,-0.142177,0.099736,-0.086957,0.051204,-0.056182,0.003795,0.002481
0,-0.014164,-0.00691,-0.243201,0.15218,-0.19526,0.15032,0.000247,0.000121
0,0.120653,-0.069118,0.143973,-0.067332,0.191473,-0.079652,0.002106,0.001206
0,0.16542,0.00928,0.029053,0.063308,0.053223,0.062113,0.002887,0.000162
0,0.187172,0.08937,0.030763,0.099181,0.014293,0.061113,0.003267,0.00156
0,-0.038484,0.164141,-0.235166,0.05689,-0.260395,0.02489,0.000672,0.002865
0,0.032365,-0.024841,0.045497,-0.213074,0.031996,-0.255938,0.000565,0.000434
0,0.14318,0.203444,0.102041,0.256606,0.108895,0.261352,0.002499,0.003551
0,-0.096887,0.000377,-0.244675,-0.190117,-0.262879,-0.188616,0.001691,7e-06
0,0.004676,0.173108,0.104389,0.157148,0.074942,0.152257,8.2e-05,0.003021
0,-0.037218,0.121359,-0.05552,-0.025539,-0.054551,-0.071604,0.00065,0.002118
0,0.032469,0.038548,0.079671,-0.063987,0.035977,-0.098887,0.000567,0.000673
0,-0.025346,0.041972,-0.029791,-0.013884,-0.020728,0.033552,0.000442,0.000733
0,0.001133,0.144732,0.038406,0.073915,0.020523,0.055588,2e-05,0.002526
0,-0.078655,0.228116,-0.107595,0.059747,-0.072158,0.084447,0.001373,0.003837
0,-0.087751,0.207988,0.000798,-0.035213,0.050311,-0.023964,0.001532,0.00363
0,-0.093817,-0.032176,-0.031942,-0.263903,-0.055441,-0.239985,0.001637,0.000562
0,-0.204002,-0.007261,-0.133793,0.005804,-0.166365,-0.024656,0.00356,0.000127
0,0.007314,-0.035817,0.198343,-0.051814,0.165256,-0.069123,0.000128,0.000625
0,-0.267205,0.030935,-0.275852,0.082836,-0.292957,0.076569,0.003154,0.00054
0,-0.078315,0.04487,0.216911,0.023032,0.173741,0.059654,0.001367,0.000783
0,-0.263152,-0.106745,-0.200559,-0.168422,-0.178239,-0.155145,0.003225,0.001863
0,-0.26275,-0.044588,-0.006869,0.039007,-0.025691,0.050432,0.003232,0.000778
0,0.014301,-0.113563,0.247141,-0.059693,0.20897,-0.016581,0.00025,0.001982
0,-0.119372,0.123729,-0.157411,0.254199,-0.175872,0.21539,0.002083,0.002159
0,-0.150984,0.111185,-0.00591,0.000487,-0.037173,0.031802,0.002635,0.001941
0,-0.071682,-0.009171,0.04971,-0.136245,0.068786,-0.163447,0.001251,0.00016
0,-0.076848,0.082229,0.00527,0.107748,0.027415,0.081446,0.001341,0.001435
0,0.007418,0.013939,0.062484,-0.098285,0.064331,-0.065401,0.000129,0.000243
0,-0.112434,0.167981,-0.10878,0.179552,-0.069212,0.18142,0.001962,0.002932
0,-0.026937,-0.077678,0.08453,-0.221932,0.104699,-0.219882,0.00047,0.001356
0,-0.06517,-0.020226,-0.049558,0.030614,-0.056443,0.067581,0.001137,0.000353
0,-0.205678,0.03643,-0.152959,0.083984,-0.131586,0.103911,0.00359,0.000636
0,-0.086845,-0.138661,0.124359,-0.171024,0.082775,-0.220476,0.001516,0.00242
0,-0.201044,0.066931,-0.11264,0.216997,-0.072629,0.246372,0.003509,0.001168
0,-0.307408,-0.162445,-0.084673,-0.246226,-0.100253,-0.197745,0.002453,0.002835
0,-0.27891,-0.040604,0.022447,0.113501,-0.022121,0.097169,0.00295,0.000709
0,-0.116686,-0.049132,0.181349,-0.00924,0.132494,-0.030276,0.002037,0.000858
0,-0.241969,-0.037453,-0.132126,0.040537,-0.119868,0.057691,0.003595,0.000654
0,-0.119699,0.004601,0.113546,0.029958,0.083802,0.035598,0.002089,8e-05
0,-0.06751,0.097552,0.031213,0.065662,0.021867,0.114718,0.001178,0.001703
0,-0.176228,0.140627,-0.127878,0.051053,-0.096662,0.071161,0.003076,0.002454
0,-0.024609,-0.023663,0.144848,-0.14073,0.123802,-0.110859,0.00043,0.000413
0,-0.190056,0.10875,-0.139627,0.131339,-0.118016,0.154665,0.003317,0.001898
0,-0.224217,-0.087257,-0.049726,-0.212574,-0.061588,-0.199511,0.003905,0.001523
0,0.061459,-0.1067,0.305412,-0.031003,0.349782,0.012227,0.001073,0.001862
0,-0.192294,0.014707,-0.283617,0.108677,-0.245734,0.091481,0.003356,0.000257
0,-0.013401,0.045273,0.178147,0.019829,0.148545,-0.004774,0.000234,0.00079
0,-0.229791,0.104195,-0.189481,0.068089,-0.184677,0.056068,0.003807,0.001819
0,0.067642,0.093061,0.312069,-0.003121,0.354521,-0.008973,0.001181,0.001624
0,-0.075916,0.041708,-0.142616,-0.070063,-0.120312,-0.041072,0.001325,0.000728
0,0.035863,-0.017817,0.101984,-0.034049,0.122211,-0.041756,0.000626,0.000311
0,-0.141573,0.114112,-0.150686,0.148977,-0.180308,0.129235,0.002471,0.001992
0,-0.180543,0.054909,-0.064778,-0.050971,-0.049878,-0.059818,0.003151,0.000958
0,-0.195271,-0.000399,0.014333,-0.028144,-0.009764,0.01919,0.003408,7e-06
0,-0.067413,0.01106,0.153649,0.009818,0.190961,-0.034434,0.001177,0.000193
0,-0.087611,0.04469,-0.030272,0.009192,-0.073078,0.03795,0.001529,0.00078
0,-0.14983,0.181051,-0.076792,0.156503,-0.059047,0.171815,0.002615,0.00316
0,0.057507,-0.018848,0.205926,-0.203389,0.188954,-0.166543,0.001004,0.000329
0,-0.075584,0.152231,-0.145542,0.180723,-0.12485,0.162462,0.001319,0.002657
0,0.097401,0.12373,0.200788,-0.05494,0.238271,-0.069064,0.0017,0.002159
0,-0.093677,-0.112125,-0.196604,-0.235056,-0.177823,-0.207668,0.001635,0.001957
0,-0.077038,-0.059687,0.012119,0.075564,0.009909,0.118454,0.001345,0.001042
0,-0.101746,-0.067269,-0.007197,-0.008127,-0.052614,0.037724,0.001776,0.001174
0,0.148467,-0.138082,0.229937,-0.087522,0.26657,-0.129556,0.002591,0.00241
0,0.16845,-0.036446,0.028291,0.094302,0.027113,0.138529,0.00294,0.000636
0,0.224362,0.041025,0.06176,0.076965,0.09937,0.077297,0.003902,0.000716
0,0.094886,-0.072084,-0.122902,-0.104649,-0.109096,-0.070321,0.001656,0.001258
0,0.11215,-0.005731,0.03676,0.048828,0.0014,0.076685,0.001957,0.0001
0,0.073457,-0.050704,-0.0348,-0.058249,-0.051706,-0.046351,0.001282,0.000885
0,0.043309,0.092466,-0.054426,0.151473,-0.036994,0.145563,0.000756,0.001614
0,-0.038422,-0.166004,-0.067764,-0.231813,-0.116294,-0.220018,0.000671,0.002897
0,-0.007266,-0.087564,0.015471,0.091234,-0.034336,0.084559,0.000127,0.001528
0,0.235276,0.02181,0.216307,0.123781,0.172326,0.14653,0.003712,0.000381
0,-0.066957,-0.028334,-0.273787,-0.040969,-0.269998,0.007645,0.001169,0.000495
0,0.189416,-0.156069,0.243319,-0.109242,0.29108,-0.099587,0.003306,0.002724
0,0.150699,-0.105051,-0.019647,0.074527,-0.014863,0.093933,0.00263,0.001833
0,0.07543,0.10608,-0.096698,0.199199,-0.142626,0.162569,0.001317,0.001851
0,0.137597,0.112238,0.03514,0.014,0.053345,0.056698,0.002402,0.001959
0,0.185886,-0.072326,0.022972,-0.156495,0.004082,-0.201366,0.003244,0.001262
0,0.044431,-0.039444,-0.151221,0.015974,-0.142166,0.020862,0.000775,0.000688
0,0.044624,-0.155941,-0.01256,-0.096747,-0.014045,-0.089592,0.000779,0.002722
0,0.084823,-0.131157,0.017913,0.052442,0.002295,0.017827,0.00148,0.002289
0,0.140844,-0.112342,0.047979,0.003013,0.052457,-0.001163,0.002458,0.001961
0,0.203586,-0.039598,0.060135,0.056809,0.04213,0.05788,0.003553,0.000691
0,0.15126,0.059435,-0.045537,0.070707,-0.020426,0.074156,0.00264,0.001037
0,-0.049183,-0.072486,-0.208053,-0.1488,-0.194915,-0.177029,0.000858,0.001265
0,-0.08693,-0.095613,-0.013518,-0.023362,-0.05325,-0.014428,0.001517,0.001669
0,0.043201,0.083204,0.128091,0.164502,0.079883,0.188758,0.000754,0.001452
0,-0.060048,0.014856,-0.122175,-0.085761,-0.149973,-0.04348,0.001048,0.000259
0,-0.044974,-0.178145,-0.013626,-0.179494,0.012478,-0.158096,0.000785,0.003109
0,-0.071574,-0.18631,-0.029182,-0.007362,-0.04649,0.005945,0.001249,0.003252
0,-0.189267,-0.082318,-0.10394,0.077937,-0.115216,0.077383,0.003303,0.001437
0,-0.12732,-0.103179,0.036503,-0.023818,-0.006956,0.019762,0.002222,0.001801
0,-0.049833,0.016368,0.049439,0.109018,0.04794,0.154717,0.00087,0.000286
0,-0.070517,-0.117356,0.008432,-0.120645,-0.003181,-0.14055,0.001231,0.002048
0,-0.084124,0.122127,-0.01597,0.235951,-0.038667,0.264036,0.001468,0.002132
0,-0.085069,0.035587,-0.022583,-0.073119,0.005362,-0.100529,0.001485,0.000621
0,-0.097437,0.034093,0.015235,-0.000411,0.052244,-0.015111,0.001701,0.000595
0,-0.034559,0.13527,0.091195,0.110265,0.065359,0.131784,0.000603,0.002361
0,0.029168,0.063653,0.047052,-0.087119,0.002143,-0.123078,0.000509,0.001111
0,-0.047638,-0.080196,-0.076723,-0.140685,-0.109819,-0.097118,0.000831,0.0014
0,-0.077049,-0.095494,-0.016204,-0.023312,-0.030179,-0.011045,0.001345,0.001667
0,-0.122004,0.047017,-0.036535,0.136477,-0.07588,0.118912,0.002129,0.000821
0,-0.138479,-0.103373,-0.019735,-0.125247,-0.03369,-0.086557,0.002417,0.001804
0,-0.120852,-0.094915,0.025939,-0.016475,-0.013334,-0.023796,0.002109,0.001657
0,-0.188269,-0.017254,-0.087349,0.093782,-0.086559,0.058727,0.003286,0.000301
0,-0.07149,0.063481,0.093443,0.063549,0.099115,0.04173,0.001248,0.001108
0,-0.122913,-0.066877,-0.037579,-0.123494,-0.001591,-0.113787,0.002145,0.001167
0,-0.178718,0.016555,-0.077641,0.066402,-0.078242,0.040666,0.003119,0.000289
0,-0.085707,0.041262,0.111086,0.043991,0.152307,0.076949,0.001496,0.00072
0,0.079823,0.021497,0.145132,-0.025576,0.10525,-0.065254,0.001393,0.000375
0,0.017781,-0.058013,-0.085821,-0.082432,-0.057376,-0.122,0.00031,0.001013
0,0.074813,0.017106,0.063184,0.071874,0.102405,0.046388,0.001306,0.000299
0,0.11148,-0.029662,0.031237,-0.073514,0.022973,-0.076311,0.001946,0.000518
0,0.022896,-0.060692,-0.10285,-0.051107,-0.081161,-0.024441,0.0004,0.001059
0,-0.140777,-0.03039,-0.156206,0.038519,-0.127301,0.053904,0.002457,0.00053
0,-0.133489,-0.027924,-0.002987,-0.026865,0.037516,-0.073442,0.00233,0.000487
0,0.003543,0.187159,0.134767,0.227732,0.155057,0.275843,6.2e-05,0.003267
0,-0.13424,-0.08579,-0.142864,-0.283438,-0.094571,-0.330706,0.002343,0.001497
0,-0.063919,-0.057114,0.089899,0.033642,0.073938,-0.001426,0.001116,0.000997
0,-0.013673,0.080255,0.077831,0.1212,0.028426,0.113917,0.000239,0.001401
0,0.041829,0.080773,0.044996,0.018603,0.043244,0.045884,0.00073,0.00141
0,0.102766,-0.021749,0.082939,-0.131296,0.088598,-0.121331,0.001794,0.00038
0,0.175608,-0.066991,0.080815,-0.025469,0.116305,-0.016343,0.003065,0.001169
0,0.069013,0.019246,-0.129068,0.067274,-0.084789,0.023516,0.001205,0.000336
0,0.03662,0.063521,-0.035285,0.028288,-0.038911,0.019686,0.000639,0.001109
0,0.010383,0.151255,-0.02173,0.063859,0.018574,0.060045,0.000181,0.00264
0,0.002879,0.011689,-0.003614,-0.123101,-0.022335,-0.143368,5e-05,0.000204
0,0.027022,0.013453,0.004185,0.017844,-0.031763,0.059968,0.000472,0.000235
0,-0.053812,0.171774,-0.061305,0.179574,-0.069852,0.179974,0.000939,0.002998
0,0.180381,-0.031856,0.24792,-0.186394,0.211436,-0.147158,0.003148,0.000556
0,0.103522,0.072548,-0.068593,0.086561,-0.0246,0.132691,0.001807,0.001266
0,0.107304,-0.000978,0.033486,-0.095283,0.02727,-0.141421,0.001873,1.7e-05
0,0.120431,0.186473,0.004156,0.162914,0.009823,0.126462,0.002102,0.003255
0,0.203019,0.162234,0.066205,-0.013021,0.054214,-0.040958,0.003543,0.002832
0,0.017841,-0.028163,-0.207245,-0.197975,-0.172521,-0.155118,0.000311,0.000492
0,0.184366,0.122298,0.188739,0.135002,0.144548,0.100437,0.003218,0.002135
0,0.171928,-0.060219,-0.027998,-0.176916,-0.035628,-0.219158,0.003001,0.001051
0,0.146814,0.145424,-0.024985,0.233168,-0.011302,0.261291,0.002562,0.002538
0,-0.064786,-0.053446,-0.187073,-0.218503,-0.21466,-0.200315,0.001131,0.000933
0,0.110983,0.022411,0.191508,0.063816,0.157193,0.085141,0.001937,0.000391
0,-0.109894,-0.137092,-0.193639,-0.158968,-0.211749,-0.195016,0.001918,0.002393
0,0.104694,-0.639842,0.1987,-0.498011,0.229297,-0.516528,0.001827,0.003349
0,0.620394,-1.516415,0.497046,-0.895487,0.471597,-0.880315,0.00301,0.003013
0,0.39384,-2.993649,-0.212599,-1.453148,-0.237844,-1.459745,0.000944,0.002476
0,0.558495,-2.765058,0.181046,0.217211,0.173735,0.22707,0.00193,0.001352
0,0.578434,-1.950391,0.035101,0.791939,0.010755,0.816011,0.002278,0.002769
0,0.265783,-2.312704,-0.337447,-0.389987,-0.347071,-0.378639,0.003179,0.001275
0,0.128133,-1.630179,-0.115333,0.708644,-0.117761,0.734701,0.002236,0.00282
0,0.150158,-1.063038,0.015368,0.539386,-0.015243,0.559882,0.002621,0.002918
0,0.245596,-0.487065,0.092583,0.596708,0.070011,0.562667,0.003531,0.000683
0,0.158662,-0.560184,-0.090944,-0.048019,-0.104029,-0.049963,0.002769,0.001959
0,0.008608,-0.453871,-0.161299,0.133303,-0.193678,0.133718,0.00015,0.000104
0,0.061847,-0.200422,0.037614,0.223787,0.018073,0.235326,0.001079,0.003498
0,-0.081718,0.003626,-0.126538,0.209948,-0.107525,0.245142,0.001426,6.3e-05
0,-0.042102,-0.007743,0.021471,-0.028553,0.027522,-0.035096,0.000735,0.000135
0,0.020628,0.098949,0.075649,0.09652,0.055431,0.090369,0.00036,0.001727
0,-0.063065,0.074061,-0.087072,-0.046081,-0.073988,-0.055771,0.001101,0.001293
0,0.119976,0.07939,0.198134,0.022126,0.233885,0.061026,0.002094,0.001386
0,-0.056179,-0.033142,-0.160899,-0.10985,-0.121418,-0.104221,0.000981,0.000578
0,0.118559,0.181322,0.18783,0.232105,0.174873,0.196949,0.002069,0.003165
0,-0.053229,0.020105,-0.188913,-0.187179,-0.184842,-0.185824,0.000929,0.000351
0,0.037378,0.11476,0.113153,0.085493,0.113798,0.101833,0.000652,0.002003
0,0.082673,0.086883,0.04873,-0.043587,0.02289,-0.01292,0.001443,0.001516
0,0.142499,0.127754,0.045038,0.013451,0.094396,0.054683,0.002487,0.00223
0,-0.03618,-0.030957,-0.203873,-0.129692,-0.176058,-0.150683,0.000631,0.00054
0,0.077896,-0.058023,0.10827,-0.043315,0.081595,-0.052169,0.00136,0.001013
0,0.085532,-0.096094,-0.001066,-0.03505,-0.036347,-0.014638,0.001493,0.001677
0,0.025674,0.033406,-0.055933,0.12527,-0.026841,0.152249,0.000448,0.000583
0,0.007095,0.089928,0.009161,0.069784,-0.037962,0.110016,0.000124,0.00157
0,0.053238,0.172511,0.050703,0.094424,0.019405,0.142259,0.000929,0.003011
0,-0.004329,-0.086124,-0.045808,-0.240115,-0.073454,-0.237607,7.6e-05,0.001503
0,-0.090782,0.017146,-0.107513,0.127908,-0.089274,0.097214,0.001584,0.000299
0,-0.071635,0.212244,0.003332,0.166418,-0.035416,0.21288,0.00125,0.003704
0,-0.020595,0.207525,0.028722,-0.029247,-0.010238,-0.004383,0.000359,0.003622
0,-0.143924,0.193788,-0.128279,-0.030134,-0.101511,-0.072933,0.002512,0.003382
0,-0.011583,0.038521,0.143965,-0.13195,0.105422,-0.117811,0.000202,0.000672
0,-0.068147,0.21751,-0.066286,0.193797,-0.096026,0.239654,0.001189,0.003796
0,-0.047729,-0.025868,-0.007816,-0.267247,0.025951,-0.231374,0.000833,0.000451
0,-0.086254,-0.037681,-0.057934,-0.026862,-0.080645,-0.015383,0.001505,0.000658
0,0.042121,0.012837,0.131113,0.061155,0.147228,0.062716,0.000735,0.000224
0,-0.148686,0.018871,-0.203492,-0.000221,-0.208626,0.043962,0.002595,0.000329
0,-0.184061,0.111563,-0.031449,0.092602,-0.051929,0.10025,0.003212,0.001947
0,-0.048342,0.116847,0.136581,-0.009663,0.184593,-0.056346,0.000844,0.002039
0,-0.074416,0.010994,-0.010089,-0.105708,0.002744,-0.114584,0.001299,0.000192
0,-0.001037,0.087293,0.087812,0.07876,0.113328,0.036326,1.8e-05,0.001524
0,0.077772,0.032712,0.076397,-0.072922,0.099847,-0.029822,0.001357,0.000571
0,0.224558,-0.00615,0.124105,-0.03351,0.140797,-0.006472,0.003899,0.000107
0,0.212294,-0.047384,-0.021561,-0.070356,-0.059009,-0.041804,0.003705,0.000827
0,0.195985,-0.090934,-0.015974,-0.029934,-0.014596,-0.027804,0.003421,0.001587
0,0.179739,0.13164,0.002966,0.244083,0.025172,0.214501,0.003137,0.002298
0,0.208426,-0.00308,0.006351,-0.156249,-0.020699,-0.123206,0.003638,5.4e-05
0,0.049245,0.070128,-0.156947,0.065912,-0.108505,0.04957,0.000859,0.001224
0,0.103426,0.017442,0.047484,-0.034174,0.009912,-0.027105,0.001805,0.000304
0,-0.014152,-0.122601,-0.110372,-0.169587,-0.061478,-0.199081,0.000247,0.00214
0,0.216486,0.064642,0.214946,0.216038,0.246308,0.200372,0.003778,0.001128
0,0.218076,-0.037061,-0.011333,-0.122611,-0.034128,-0.097583,0.003806,0.000647
0,0.011564,-0.054849,-0.215674,-0.045635,-0.252795,-0.035566,0.000202,0.000957
0,-0.053416,-0.090949,-0.094445,-0.049057,-0.116232,-0.006976,0.000932,0.001587
0,0.154341,-0.04179,0.226671,0.051155,0.245926,0.048378,0.002694,0.000729
0,0.025812,0.014254,-0.124753,0.034368,-0.120978,0.051242,0.00045,0.000249
0,0.06504,-0.148964,0.059897,-0.137386,0.086972,-0.112804,0.001135,0.0026
0,0.151727,-0.039565,0.076774,0.09881,0.098683,0.132257,0.002648,0.000691
0,-0.034968,0.06904,-0.166717,0.107236,-0.212859,0.155671,0.00061,0.001205
0,-0.079826,-0.00971,-0.017233,-0.097382,-0.045905,-0.09922,0.001393,0.000169
0,-0.043525,-0.030681,0.006649,-0.016932,-0.013656,0.012411,0.00076,0.000535
0,0.098726,0.044339,0.126875,0.047209,0.173453,0.089613,0.001723,0.000774
0,0.033936,-0.142816,-0.086781,-0.200526,-0.063659,-0.237462,0.000592,0.002493
0,-0.085868,0.014834,-0.143944,0.18619,-0.096349,0.190945,0.001499,0.000259
0,-0.163016,0.038411,-0.070082,0.017427,-0.090691,0.015199,0.002845,0.00067
0,-0.079137,-0.058315,0.058873,-0.11743,0.105247,-0.071302,0.001381,0.001018
0,0.123321,0.054779,0.175434,0.08663,0.168886,0.085346,0.002152,0.000956
0,0.024227,0.010109,-0.078186,-0.071725,-0.083588,-0.053685,0.000423,0.000176
0,0.054017,0.02955,0.020361,0.040859,0.019602,0.07543,0.000943,0.000516
0,0.0174,-0.013884,-0.06265,-0.056339,-0.054927,-0.050626,0.000304,0.000242
0,-0.034995,0.011578,-0.058228,0.018454,-0.054409,0.050172,0.000611,0.000202
0,-0.127697,-0.018307,-0.089591,-0.001836,-0.043853,-0.035983,0.002229,0.00032
0,0.006639,0.123099,0.145123,0.133795,0.124627,0.123913,0.000116,0.002148
0,0.006269,-0.005791,-0.018336,-0.152714,-0.019029,-0.15871,0.000109,0.000101
0,-0.113396,0.104315,-0.112368,0.11569,-0.085228,0.144688,0.001979,0.001821
0,0.091748,0.048139,0.202903,-0.039862,0.192903,-0.000903,0.001601,0.00084
0,0.139637,0.065311,0.036617,0.04346,0.026488,-0.003037,0.002437,0.00114
0,-0.038929,-0.105092,-0.1965,-0.165207,-0.230665,-0.189487,0.000679,0.001834
0,0.045697,0.141469,0.098538,0.240368,0.072244,0.259666,0.000798,0.002469
0,0.005454,-0.057287,-0.014533,-0.199735,-0.018946,-0.180576,9.5e-05,0.001
0,0.008589,-0.086874,-0.008538,-0.022698,0.023395,-0.001651,0.00015,0.001516
0,-0.099817,-0.134206,-0.131019,-0.072189,-0.178985,-0.042696,0.001742,0.002342
0,-0.00305,0.106749,0.081648,0.219685,0.046763,0.19376,5.3e-05,0.001863
0,0.109628,-0.052731,0.10959,-0.13444,0.115364,-0.136539,0.001913,0.00092
0,-0.103816,-0.054051,-0.215766,-0.000211,-0.251486,0.045397,0.001812,0.000943
0,-0.123426,0.048332,-0.026742,0.097077,-0.052535,0.075963,0.002154,0.000844
0,0.080516,0.02416,0.196114,-0.039909,0.147004,0.006864,0.001405,0.000422
0,-0.094233,-0.124343,-0.203095,-0.1721,-0.162516,-0.210875,0.001645,0.00217
0,-0.063987,0.021167,0.049844,0.11983,0.086455,0.112931,0.001117,0.000369
0,0.055286,-0.002071,0.132308,-0.006027,0.120457,-0.045578,0.000965,3.6e-05
0,-0.128038,0.000885,-0.177428,0.017872,-0.194234,-0.007613,0.002235,1.5e-05
0,-0.019584,-0.055815,0.108761,-0.065171,0.128652,-0.08619,0.000342,0.000974
0,-0.002258,0.076754,0.00165,0.148005,0.031583,0.167538,3.9e-05,0.00134
0,-0.080382,-0.161811,-0.076044,-0.217853,-0.107927,-0.227442,0.001403,0.002824
0,0.018157,0.102922,0.078315,0.263775,0.09908,0.243054,0.000317,0.001796
0,-0.196741,-0.067007,-0.244847,-0.188238,-0.212862,-0.154957,0.003434,0.001169
0,0.034049,0.00587,0.247223,0.050571,0.247862,0.051712,0.000594,0.000102
0,-0.009344,0.037182,-0.037217,0.038238,-0.001282,0.030872,0.000163,0.000649
0,-0.1329,-0.101384,-0.123807,-0.151677,-0.100356,-0.143507,0.00232,0.001769
0,-0.194187,-0.058098,-0.033674,0.014666,-0.047297,0.060856,0.003389,0.001014
0,-0.219345,-0.060509,-0.035108,-0.016989,-0.055814,-0.007693,0.003828,0.001056
0,-0.117791,-0.07229,0.103296,-0.004033,0.096536,0.035761,0.002056,0.001262
0,-0.251667,-0.024293,-0.137961,0.059957,-0.180733,0.058625,0.003425,0.000424
0,-0.094291,-0.008224,0.147352,-0.012386,0.117821,-0.055319,0.001646,0.000144
0,-0.112881,-0.160726,-0.030029,-0.156549,-0.040627,-0.134854,0.00197,0.002805
0,-0.023617,-0.007161,0.083609,0.146763,0.11793,0.120497,0.000412,0.000125
0,-0.16831,-0.034813,-0.131333,-0.051392,-0.08282,-0.035784,0.002938,0.000608
0,-0.083067,-0.146412,0.083945,-0.094088,0.038581,-0.096705,0.00145,0.002555
0,-0.278434,-0.139893,-0.198694,0.011121,-0.227979,-0.021902,0.002958,0.002442
0,-0.141451,-0.131469,0.120648,0.021156,0.159488,0.00289,0.002469,0.002295
0,-0.068967,-0.083237,0.06621,0.031198,0.075638,0.048762,0.001204,0.001453
0,-0.047704,0.04731,0.03855,0.121318,0.041117,0.086793,0.000833,0.000826
0,0.020529,-0.129133,0.0732,-0.205194,0.096509,-0.218807,0.000358,0.002254
0,-0.238915,-0.159056,-0.253772,-0.028122,-0.22831,-0.050856,0.003648,0.002776
0,-0.181173,0.020405,0.049837,0.160307,0.093083,0.140653,0.003162,0.000356
0,-0.143635,0.094528,0.064797,0.077676,0.099636,0.057107,0.002507,0.00165
0,-0.141064,-0.029299,-0.013269,-0.097617,-0.042164,-0.14273,0.002462,0.000511
0,-0.018252,0.053788,0.109614,0.072217,0.090158,0.038685,0.000319,0.000939
0,-0.138147,0.042681,-0.140851,-0.035818,-0.096385,-0.070348,0.002411,0.000745
0,-0.14138,-0.001618,-0.017098,-0.068538,-0.064042,-0.113884,0.002468,2.8e-05
0,-0.076918,-0.116323,0.082991,-0.143807,0.074027,-0.179149,0.001342,0.00203
0,-0.027464,0.130905,0.021611,0.274604,-0.023765,0.268741,0.000479,0.002285
0,-0.208181,0.04843,-0.156645,-0.084891,-0.116941,-0.057469,0.003633,0.000845
0,-0.095215,0.124035,0.08785,0.08699,0.051126,0.102534,0.001662,0.002165
0,-0.014763,-0.07166,0.08917,-0.211284,0.071385,-0.184741,0.000258,0.001251
0,-0.206993,-0.016626,-0.218197,0.040903,-0.197798,0.050871,0.003613,0.00029
0,-0.236648,-0.101278,-0.019252,-0.082979,-0.007107,-0.055861,0.003688,0.001768
0,-0.153149,0.104236,0.067841,0.219506,0.063261,0.183574,0.002673,0.001819
0,-0.121187,0.017625,0.028558,-0.094552,0.051617,-0.089326,0.002115,0.000308
0,-0.064838,-0.058966,0.077605,-0.08608,0.123259,-0.075797,0.001132,0.001029
0,-0.004284,0.136414,0.059315,0.21527,0.034891,0.188606,7.5e-05,0.002381
0,0.017212,0.153656,0.008183,0.002065,0.02109,0.046109,0.0003,0.002682
0,0.027694,0.131423,-0.003547,-0.032241,-0.021052,-0.035119,0.000483,0.002294
0,-0.189196,0.158294,-0.19068,0.029654,-0.230462,0.064594,0.003302,0.002763
0,-0.17422,-0.009102,0.000313,-0.15541,-0.007566,-0.166747,0.003041,0.000159
0,-0.041432,-0.091788,0.15817,-0.094204,0.166964,-0.118093,0.000723,0.001602
0,-0.04262,-0.02019,0.010631,0.088055,-0.009562,0.071397,0.000744,0.000352
0,-0.130431,0.157363,-0.090458,0.185834,-0.050826,0.190572,0.002276,0.002746
0,0.063166,0.005968,0.218405,-0.155063,0.205605,-0.125945,0.001102,0.000104
0,0.150145,0.095796,0.084984,0.065101,0.103163,0.01883,0.002621,0.001672
0,-0.095337,0.133232,-0.251771,0.04603,-0.247182,0.059279,0.001664,0.002325
0,-0.050947,0.100551,0.071663,-0.010659,0.10191,-0.026291,0.000889,0.001755
0,0.023572,0.119893,0.069661,0.038052,0.068556,0.082929,0.000411,0.002093
0,-0.054419,-0.118173,-0.086074,-0.238971,-0.111704,-0.271847,0.00095,0.002063
0,-0.138968,-0.015924,-0.092595,0.106637,-0.130603,0.06432,0.002425,0.000278
0,-0.124807,-0.097845,-0.011903,-0.090752,-0.04065,-0.130155,0.002178,0.001708
0,-0.03399,0.159137,0.077424,0.258634,0.108125,0.22996,0.000593,0.002777
0,-0.023944,-0.140298,-0.005675,-0.294991,0.01524,-0.253143,0.000418,0.002449
0,0.197062,-0.091513,0.231352,0.036837,0.210816,0.061415,0.003439,0.001597
0,-0.031253,-0.117002,-0.245376,-0.031287,-0.202773,-0.050001,0.000545,0.002042
0,0.028712,-0.141305,0.033523,-0.045173,0.029406,-0.00849,0.000501,0.002466
0,0.15278,0.10778,0.095862,0.232893,0.057757,0.234263,0.002667,0.001881
0,-0.058028,0.122883,-0.182357,-0.013889,-0.185068,0.033492,0.001013,0.002145
0,-0.040589,-0.030172,0.014606,-0.13078,-0.029393,-0.123674,0.000708,0.000527
0,-0.068564,-0.13447,-0.038077,-0.095123,-0.053523,-0.143275,0.001197,0.002347
0,-0.059954,0.016063,-0.020058,0.177341,-0.016814,0.19076,0.001046,0.00028
0,-0.004347,-0.16772,0.033344,-0.209979,0.072681,-0.170617,7.6e-05,0.002927
0,-0.057451,-0.078117,-0.073757,0.118012,-0.066039,0.11728,0.001003,0.001363
0,-0.005541,-0.190876,0.072639,-0.089433,0.057264,-0.09772,9.7e-05,0.003331
0,0.216864,-0.011365,0.242642,0.170319,0.271379,0.161314,0.003785,0.000198
0,0.232915,-0.196936,0.033097,-0.199888,0.039894,-0.22893,0.003753,0.003437
0,0.12807,-0.120689,-0.087681,0.054589,-0.133827,0.097758,0.002235,0.002106
0,-0.052577,-0.036125,-0.201383,0.111259,-0.250959,0.072969,0.000918,0.000631
0,-0.035098,-0.103201,-0.010694,-0.067934,-0.058306,-0.03733,0.000613,0.001801
0,0.06232,0.017943,0.096258,0.13393,0.054923,0.147805,0.001088,0.000313
0,0.121938,-0.136926,0.052713,-0.140165,0.078091,-0.099591,0.002128,0.00239
0,0.138714,0.016577,0.019156,0.160802,-0.0249,0.183408,0.002421,0.000289
0,0.121668,0.047317,0.001604,0.012883,0.044826,0.053756,0.002124,0.000826
0,0.136973,-0.014716,0.010116,-0.045035,0.005946,-0.031576,0.002391,0.000257
0,0.014282,0.082709,-0.104538,0.090399,-0.087269,0.088773,0.000249,0.001444
0,-0.032692,-0.081859,-0.041256,-0.171042,-0.042663,-0.154632,0.000571,0.001429
0,0.145389,0.026599,0.169433,0.13553,0.180951,0.168994,0.002538,0.000464
0,-0.074189,0.029299,-0.206718,0.013841,-0.205216,0.02922,0.001295,0.000511
0,0.188969,0.104011,0.269748,0.046504,0.282141,0.036679,0.003298,0.001815
0,-0.005662,-0.029408,-0.200685,-0.107381,-0.152816,-0.077657,9.9e-05,0.000513
0,-0.005166,0.106245,-0.017504,0.153586,-0.026745,0.199595,9e-05,0.001854
0,-0.035153,-0.104663,-0.014467,-0.194039,0.017849,-0.20978,0.000614,0.001827
0,-0.106549,-0.154435,-0.051949,-0.048692,-0.028177,-0.030054,0.00186,0.002695
0,0.000996,0.071015,0.094072,0.199769,0.091207,0.17598,1.7e-05,0.001239
0,-0.040926,0.104592,-0.069927,0.058913,-0.113746,0.030972,0.000714,0.001825
0,0.001372,-0.070196,0.032612,-0.176192,0.051907,-0.168092,2.4e-05,0.001225
0,-0.049316,-0.114451,-0.069159,-0.039953,-0.04324,-0.042725,0.000861,0.001998
0,0.001268,-0.114666,0.042231,-0.010614,0.019549,-0.029315,2.2e-05,0.002001
0,0.009359,0.012519,-0.007539,0.115483,-0.039142,0.083484,0.000163,0.000218
0,0.144514,-0.118943,0.153469,-0.117653,0.146451,-0.092128,0.002522,0.002076
0,0.016556,-0.102122,-0.127001,0.012587,-0.132871,-0.02799,0.000289,0.001782
0,0.00225,-0.01815,0.013898,0.101326,-0.013007,0.133192,3.9e-05,0.000317
0,0.12703,-0.040769,0.113828,-0.007277,0.106293,-0.050296,0.002217,0.000712
0,-0.030856,-0.145123,-0.134823,-0.112862,-0.17685,-0.123754,0.000539,0.002533
0,0.188626,-0.094527,0.221802,0.024224,0.249617,-0.012411,0.003292,0.00165
0,0.02279,0.04055,-0.178631,0.12131,-0.145335,0.151245,0.000398,0.000708
0,0.132154,0.089386,0.112721,0.061308,0.139145,0.035638,0.002307,0.00156
0,0.104522,-0.123373,-0.030699,-0.211357,-0.012769,-0.260708,0.001824,0.002153
0,0.080373,-0.065987,-0.027799,0.053706,-0.022367,0.0485,0.001403,0.001152
0,-0.090472,0.103516,-0.185364,0.195159,-0.162932,0.237384,0.001579,0.001807
0,0.042804,0.109742,0.122641,-0.01406,0.086981,-0.043329,0.000747,0.001915
0,-0.121429,0.055708,-0.161608,-0.055774,-0.148971,-0.082512,0.002119,0.000972
0,-0.088022,-0.022608,0.018919,-0.073764,0.05776,-0.036318,0.001536,0.000395
0,0.118721,0.024638,0.223823,0.042323,0.226392,0.020987,0.002072,0.00043
0,0.075585,-0.093867,-0.029649,-0.099449,-0.066366,-0.109449,0.001319,0.001638
0,0.067864,0.077022,0.018105,0.179241,0.057914,0.186321,0.001184,0.001344
0,-0.041814,0.176344,-0.098974,0.071754,-0.066727,0.05247,0.00073,0.003078
0,0.030083,0.179868,0.064772,-0.017983,0.063773,-0.049406,0.000525,0.003139
0,-0.021436,-0.001807,-0.043862,-0.203729,-0.050382,-0.251126,0.000374,3.2e-05
0,-0.07045,0.048167,-0.038023,0.059306,-0.062432,0.084917,0.00123,0.000841
0,-0.067383,-0.047307,0.001953,-0.073895,-0.039531,-0.066817,0.001176,0.000826
0,0.045188,0.198363,0.112605,0.232827,0.100684,0.242006,0.000789,0.003462
0,-0.04809,0.141669,-0.11375,-0.048709,-0.154662,-0.041485,0.000839,0.002473
0,0.030257,0.003737,0.107912,-0.112012,0.143102,-0.132993,0.000528,6.5e-05
0,0.024169,0.118126,0.020655,0.13198,0.070264,0.178013,0.000422,0.002062
0,0.055389,0.076291,0.021525,-0.034806,0.053599,-0.039102,0.000967,0.001332
0,0.100707,0.008343,0.065954,-0.096812,0.087153,-0.103588,0.001758,0.000146
0,0.107469,0.143168,0.017052,0.157275,0.020733,0.190661,0.001876,0.002499
0,0.090189,0.147913,0.012338,0.009997,0.014109,0.028736,0.001574,0.002582
0,-0.069369,0.117794,-0.151859,-0.053227,-0.168135,-0.061839,0.001211,0.002056
0,-0.112579,-0.10123,-0.066009,-0.226488,-0.034363,-0.2318,0.001965,0.001767
0,0.025573,-0.013837,0.140122,0.089328,0.113026,0.124764,0.000446,0.000241
0,0.11425,-0.052882,0.095821,-0.019602,0.063751,-0.048468,0.001994,0.000923
0,-0.073187,-0.019137,-0.166032,0.061233,-0.148432,0.039226,0.001277,0.000334
0,-0.108802,-0.030841,-0.061478,-0.002001,-0.031497,0.01911,0.001899,0.000538
0,0.093368,0.059828,0.197411,0.087224,0.178319,0.041524,0.00163,0.001044
0,0.143388,-0.061406,0.0349,-0.150559,0.029029,-0.107487,0.002503,0.001072
0,0.03712,0.096997,-0.110572,0.170842,-0.137576,0.183171,0.000648,0.001693
0,-0.056137,0.127224,-0.122181,0.027012,-0.116574,-0.007692,0.00098,0.00222
0,-0.069633,-0.011124,0.002391,-0.118761,0.023281,-0.16031,0.001215,0.000194
0,0.178617,0.049253,0.241937,0.043969,0.270719,0.064649,0.003117,0.00086
0,0.063849,-0.008003,-0.110439,-0.082399,-0.127201,-0.114651,0.001114,0.00014
0,-0.110584,0.020576,-0.18286,0.052072,-0.1582,0.070028,0.00193,0.000359
0,0.062955,0.063862,0.184023,0.057984,0.136637,0.053101,0.001099,0.001115
0,0.048108,0.057091,-0.024508,-0.024786,-0.012377,-0.032902,0.00084,0.000996
0,0.210298,-0.07867,0.168986,-0.111717,0.218751,-0.109058,0.00367,0.001373
0,0.124368,-0.104676,-0.094379,-0.017993,-0.07147,-0.000852,0.002171,0.001827
0,0.21715,-0.115135,0.090315,0.000697,0.087848,-0.025507,0.00379,0.002009
0,0.002267,-0.031592,-0.216951,0.097061,-0.193841,0.138653,4e-05,0.000551
0,0.035243,-0.046775,0.055689,-0.009251,0.054767,-0.015632,0.000615,0.000816
0,-0.004125,0.171128,-0.0605,0.196677,-0.023447,0.163372,7.2e-05,0.002987
0,0.02921,0.161269,0.051307,-0.009412,0.035517,-0.036408,0.00051,0.002815
0,0.080259,0.025821,0.046795,-0.127477,0.058169,-0.161852,0.001401,0.000451
0,-0.076765,0.071448,-0.13681,0.050571,-0.183662,0.056317,0.00134,0.001247
0,0.048365,-0.021947,0.129156,-0.091729,0.095715,-0.065165,0.000844,0.000383
0,0.034295,-0.045236,0.005788,-0.047567,0.01343,-0.074215,0.000599,0.00079
0,0.151951,-0.090624,0.130299,-0.069521,0.143681,-0.08562,0.002652,0.001582
0,0.266019,-0.12122,0.119829,-0.016218,0.078273,-0.001029,0.003175,0.002116
0,0.085935,-0.135324,-0.209091,-0.037773,-0.210095,-0.017756,0.0015,0.002362
0,-0.012227,0.145999,-0.074518,0.261582,-0.07903,0.218807,0.000213,0.002548
0,0.031665,0.050882,0.036518,-0.075394,0.034977,-0.048146,0.000553,0.000888
0,-0.038928,-0.101276,-0.072264,-0.156077,-0.026596,-0.194476,0.000679,0.001768
0,-0.033841,0.123549,0.033712,0.222574,0.007435,0.18689,0.000591,0.002156
0,0.121227,-0.036616,0.156171,-0.174608,0.203475,-0.151804,0.002116,0.000639
0,0.044031,-0.03588,-0.105047,0.011067,-0.118712,-0.032142,0.000768,0.000626
0,0.145631,-0.010997,0.094052,0.043963,0.088225,0.058514,0.002542,0.000192
0,0.208972,0.015733,0.056809,-0.001404,0.034633,0.010854,0.003647,0.000275
0,-0.028851,0.086632,-0.214754,0.090301,-0.197595,0.082644,0.000504,0.001512
0,0.214345,-0.084244,0.261771,-0.149506,0.293074,-0.174998,0.003741,0.00147
0,-0.02067,-0.075906,-0.239639,0.017058,-0.257581,0.018714,0.000361,0.001325
0,0.157655,0.164298,0.194854,0.227022,0.206818,0.222932,0.002752,0.002868
0,0.160515,0.154964,0.008801,-0.030904,-0.031409,0.018504,0.002802,0.002705
0,0.104809,-0.069287,-0.040104,-0.207525,-0.045367,-0.246223,0.001829,0.001209
0,0.037127,0.017726,-0.054046,0.066461,-0.095429,0.078246,0.000648,0.000309
0,0.212567,0.075345,0.170274,0.05836,0.174224,0.021456,0.00371,0.001315
0,-0.094368,-0.00654,-0.294827,-0.089762,-0.272209,-0.079599,0.001647,0.000114
0,0.151126,0.060805,0.275207,0.076896,0.252979,0.034238,0.002638,0.001061
0,0.0778,0.209881,-0.053537,0.12774,-0.078766,0.150857,0.001358,0.003663
0,-0.00614,-0.078077,-0.078881,-0.264799,-0.055446,-0.233409,0.000107,0.001363
0,-0.022142,-0.015616,0.001535,0.034639,-0.03023,0.065281,0.000386,0.000273
0,-0.213229,0.082973,-0.181287,0.089374,-0.197523,0.135092,0.003722,0.001448
0,-0.031287,0.09109,0.175476,0.002243,0.18532,-0.013679,0.000546,0.00159
0,-0.116225,-0.124277,-0.076405,-0.203976,-0.109294,-0.17264,0.002029,0.002169
0,-0.256877,0.148888,-0.142965,0.264977,-0.136134,0.29644,0.003335,0.002599
0,0.031056,0.001752,0.258213,-0.118125,0.232176,-0.091515,0.000542,3.1e-05
0,-0.156352,0.128496,-0.193426,0.148247,-0.195301,0.194383,0.002729,0.002243
0,0.028549,0.009599,0.203964,-0.115998,0.211799,-0.120598,0.000498,0.000168
0,0.01467,0.127744,0.003124,0.090368,-0.027412,0.133227,0.000256,0.00223
0,-0.098205,0.01155,-0.095842,-0.106952,-0.116892,-0.104066,0.001714,0.000202
0,0.053077,0.005226,0.136088,0.023036,0.157346,0.002064,0.000926,9.1e-05
0,-0.034012,0.163864,-0.058564,0.151823,-0.075957,0.169964,0.000594,0.00286
0,0.143409,0.025734,0.188663,-0.135386,0.151331,-0.097022,0.002503,0.000449
0,0.072967,-0.037035,-0.073993,-0.044756,-0.120762,-0.08175,0.001274,0.000646
0,-0.033194,0.112507,-0.082892,0.126162,-0.070696,0.153021,0.000579,0.001964
0,0.1415,-0.021144,0.194883,-0.105716,0.21509,-0.121923,0.00247,0.000369
0,0.107766,0.005143,-0.019692,-0.003648,-0.043155,0.04484,0.001881,9e-05
0,-0.120346,0.148755,-0.208147,0.140422,-0.226523,0.151011,0.0021,0.002596
0,-0.014554,-0.036908,0.089786,-0.192507,0.090212,-0.175938,0.000254,0.000644
0,0.057283,0.090616,0.092448,0.134474,0.046296,0.144926,0.001,0.001582
0,0.078864,0.15095,0.043539,0.077942,0.092841,0.114969,0.001376,0.002635
0,0.025283,-0.027362,-0.056619,-0.159039,-0.044924,-0.199235,0.000441,0.000478
0,-0.051866,0.009077,-0.105336,0.051403,-0.130118,0.100146,0.000905,0.000158
0,0.002343,0.042268,0.059329,0.003432,0.066049,0.009883,4.1e-05,0.000738
0,0.153063,-0.048095,0.128523,-0.072025,0.10064,-0.075382,0.002671,0.000839
0,-0.082037,0.161774,-0.25756,0.227609,-0.220708,0.208124,0.001432,0.002823
0,-0.03242,-0.054904,0.045732,-0.22088,0.07468,-0.203825,0.000566,0.000958
0,0.051784,0.140209,0.06104,0.171452,0.094069,0.176912,0.000904,0.002447
0,0.027469,0.053622,-0.035225,-0.112824,-0.053841,-0.114471,0.000479,0.000936
0,-0.154212,0.095293,-0.153978,0.062999,-0.150781,0.096517,0.002692,0.001663
0,4.2e-05,-0.052724,0.127468,-0.155121,0.094011,-0.170929,1e-06,0.00092
0,0.025502,0.001156,0.03716,0.079474,0.064262,0.070868,0.000445,2e-05
0,0.11023,0.018522,0.056308,0.004938,0.014428,-0.00865,0.001924,0.000323
0,0.139336,0.064017,0.006707,0.063487,0.034871,0.047894,0.002432,0.001117
0,-0.061679,0.069003,-0.226419,0.026592,-0.18708,0.061819,0.001077,0.001204
0,0.075205,0.068014,0.15928,0.024269,0.148241,0.029373,0.001313,0.001187
0,0.08037,-0.043075,0.033789,-0.135991,0.057569,-0.177886,0.001403,0.000752
0,0.136611,0.044637,0.077443,0.101786,0.102149,0.124066,0.002384,0.000779
0,0.075503,0.174687,-0.072778,0.145214,-0.058377,0.177935,0.001318,0.003049
0,-0.050828,-0.093272,-0.107649,-0.28407,-0.144268,-0.322168,0.000887,0.001628
0,-0.066487,-0.103849,-0.007338,-0.012696,-0.054894,0.033454,0.00116,0.001813
0,0.029855,0.007685,0.079255,0.101344,0.07165,0.132431,0.000521,0.000134
0,-0.103087,-0.088048,-0.153381,-0.093236,-0.138931,-0.069545,0.001799,0.001537
0,0.033089,0.093158,0.148724,0.177909,0.137405,0.148898,0.000578,0.001626
0,-0.093147,0.147295,-0.141351,0.04804,-0.136612,0.003334,0.001626,0.002571
0,0.101883,0.057938,0.200497,-0.083526,0.17537,-0.08015,0.001778,0.001011
0,0.130542,0.053361,0.040231,-0.006824,0.079763,0.039778,0.002278,0.000931
0,0.075919,-0.021774,-0.084587,-0.073873,-0.042587,-0.094221,0.001325,0.00038
0,2.4e-05,-0.096188,-0.046234,-0.082043,-0.062484,-0.091019,0.0,0.001679
0,-0.034727,0.150957,-0.061734,0.254688,-0.103093,0.238193,0.000606,0.002635
0,0.065519,0.003196,0.092224,-0.14951,0.118784,-0.161429,0.001144,5.6e-05
0,-0.077009,0.12443,-0.164346,0.091926,-0.120235,0.123854,0.001344,0.002172
0,0.116731,0.076201,0.206898,-0.05932,0.158943,-0.031448,0.002037,0.00133
0,0.11921,0.15024,-0.021228,0.044823,-0.052153,0.023596,0.002081,0.002622
0,0.01174,0.032203,-0.105811,-0.109442,-0.08623,-0.126378,0.000205,0.000562
0,0.084294,-0.002323,0.062352,-0.060493,0.048595,-0.110038,0.001471,4.1e-05
0,0.120501,0.119063,0.032627,0.105448,-0.012815,0.106702,0.002103,0.002078
0,0.021922,-0.02067,-0.098507,-0.138778,-0.088773,-0.158876,0.000383,0.000361
0,-0.147369,0.00891,-0.175009,0.024344,-0.222586,0.001239,0.002572,0.000156
0,-0.122125,0.219884,0.015842,0.233927,-0.015079,0.200511,0.002131,0.003838
0,0.032127,0.044287,0.137781,-0.164393,0.123461,-0.168777,0.000561,0.000773
0,0.158972,0.191548,0.10132,0.168008,0.067172,0.185575,0.002775,0.003343
0,-0.092924,-0.080429,-0.231509,-0.285472,-0.193666,-0.255719,0.001622,0.001404
0,-0.089432,-0.077624,-0.01621,-0.005391,0.032761,0.015692,0.001561,0.001355
0,0.092802,-0.098705,0.172193,0.006092,0.174008,-0.010124,0.00162,0.001723
0,-0.231204,0.172997,-0.314426,0.245958,-0.295164,0.257909,0.003783,0.003019
0,-0.064452,0.001393,0.168512,-0.179677,0.127928,-0.13906,0.001125,2.4e-05
0,0.003695,-0.053503,0.063164,-0.063037,0.02977,-0.019614,6.4e-05,0.000934
0,0.022723,-0.062998,0.031277,-0.003722,0.006717,0.018515,0.000397,0.0011
0,-0.157958,0.142176,-0.201535,0.215575,-0.22361,0.200121,0.002757,0.002481
0,-0.010467,0.020221,0.152491,-0.117487,0.111553,-0.140056,0.000183,0.000353
0,-0.224192,-0.086681,-0.236444,-0.10768,-0.249388,-0.121011,0.003905,0.001513
0,-0.16855,0.110024,0.08222,0.188927,0.087664,0.149943,0.002942,0.00192
0,0.054064,0.126347,0.222384,0.01787,0.236933,-0.010517,0.000944,0.002205
0,-0.078499,0.116105,-0.11337,-0.037839,-0.102149,-0.063731,0.00137,0.002026
0,-0.140411,0.149109,-0.043232,0.055856,-0.014763,0.020506,0.002451,0.002602
0,-0.030043,-0.043775,0.096774,-0.168432,0.078645,-0.171224,0.000524,0.000764
0,-0.058391,-0.286846,-0.033942,-0.217075,-0.029993,-0.26248,0.001019,0.002811
0,-0.29886,-1.061133,-0.264627,-0.777919,-0.246834,-0.818168,0.002602,0.002885
0,-0.026145,-2.11333,0.260796,-1.06883,0.229774,-1.053175,0.000456,0.002205
0,-0.210299,-2.012151,-0.162048,0.09397,-0.161341,0.071633,0.00367,0.003847
0,-0.041549,-2.051235,0.186768,-0.027585,0.228612,0.012647,0.000725,0.003289
0,0.022657,-1.891955,0.041051,0.150713,0.016149,0.164924,0.000395,0.001749
0,0.056941,-1.521558,0.041482,0.375051,0.022216,0.38472,0.000994,0.003103
0,-0.01828,-0.970594,-0.093959,0.55096,-0.057311,0.533512,0.000319,0.001304
0,-0.205282,-0.731881,-0.206182,0.217158,-0.185663,0.256763,0.003583,0.002862
0,-0.227839,-0.421262,-0.000982,0.326036,-0.025912,0.321576,0.003841,0.000465
0,0.004759,-0.145439,0.223321,0.256534,0.239591,0.206816,8.3e-05,0.002538
0,-0.08087,0.003832,-0.110075,0.129016,-0.124723,0.152976,0.001411,6.7e-05
0,-0.113424,0.237156,-0.025529,0.234732,-0.00888,0.224472,0.00198,0.003679
0,0.115181,0.144285,0.217356,-0.065092,0.255627,-0.078285,0.00201,0.002518
0,-0.097697,0.175601,-0.207969,0.038934,-0.221699,0.003042,0.001705,0.003065
0,0.020072,0.095309,0.13302,-0.052857,0.152141,-0.089125,0.00035,0.001663
0,0.056827,0.260998,0.037662,0.149596,0.085782,0.133071,0.000992,0.003263
0,0.030306,0.30453,-0.025389,0.042766,-0.027141,-0.005716,0.000529,0.002503
0,0.025705,0.182531,0.018565,-0.134288,0.037307,-0.172902,0.000449,0.003186
0,0.085367,0.119956,0.052179,-0.049671,0.086741,-0.066404,0.00149,0.002094
0,0.053746,0.136528,-0.004509,0.02227,0.021104,0.044473,0.000938,0.002383
0,-0.073314,-0.015912,-0.149736,-0.136084,-0.133124,-0.176294,0.00128,0.000278
0,0.03527,-0.037464,0.099878,-0.039571,0.134929,-0.011557,0.000616,0.000654
0,-0.973105,-0.852123,-1.002848,-0.834619,-0.962692,-0.791368,0.001348,0.000763
0,-1.627064,-1.629303,-0.674345,-0.792368,-0.655662,-0.765878,0.002874,0.002835
0,-1.765144,-1.94396,-0.111185,-0.301019,-0.079329,-0.338153,0.000464,0.002657
0,-1.526035,-2.089626,0.260376,-0.140552,0.247762,-0.098262,0.003181,0.002619
0,-1.393383,-2.038782,0.134999,0.070672,0.113271,0.062052,0.000865,0.003506
0,-0.946807,-1.855838,0.460037,0.206932,0.492671,0.159019,0.000889,0.001119
0,-0.912614,-1.281649,0.008596,0.588159,-0.002526,0.574577,0.000292,0.001085
0,-0.644423,-0.975809,0.254263,0.313393,0.260632,0.272113,0.003429,0.001395
0,-0.485386,-0.592178,0.17352,0.354331,0.188951,0.372503,0.000654,0.002518
0,-0.165615,-0.379028,0.314658,0.237478,0.295052,0.272533,0.002891,0.001203
0,-0.101612,-0.167595,0.053069,0.189402,0.094961,0.185991,0.001773,0.002925
0,0.550015,-0.624702,0.65489,-0.456435,0.61757,-0.501946,0.001782,0.003085
0,1.114707,-2.010496,0.544054,-1.383677,0.554357,-1.366686,0.00382,0.003818
0,1.073162,-2.719313,-0.015532,-0.694454,-0.010203,-0.722406,0.003094,0.000554
0,1.198391,-2.750111,0.137346,-0.001227,0.144565,-0.015656,0.002538,0.001091
0,1.058304,-2.352126,-0.156733,0.406466,-0.180258,0.412754,0.002835,0.001963
0,1.060111,-1.531347,0.002047,0.791454,-0.017367,0.818132,0.002867,0.003273
0,0.895208,-1.196929,-0.184657,0.309029,-0.179075,0.335623,1.1e-05,0.002563
0,0.76234,-0.873484,-0.111261,0.308139,-0.153063,0.267784,0.00233,0.000391
0,0.46163,-0.33294,-0.329834,0.538449,-0.346007,0.544252,0.000239,0.002007
0,0.418476,-0.109732,-0.051145,0.243612,-0.100287,0.289269,0.000514,0.001915
0,0.11817,0.164636,-0.298811,0.24955,-0.275212,0.206466,0.002062,0.002873
0,0.099736,0.148686,-0.041721,-0.029045,-0.047617,-0.055712,0.001741,0.002595
0,0.059403,0.534229,-0.042174,0.379974,-0.06578,0.408525,0.001037,0.001506
0,-0.015407,0.428168,-0.059851,-0.104658,-0.046263,-0.063648,0.000269,0.000345
0,0.087697,0.328415,0.087398,-0.102218,0.047453,-0.140836,0.001531,0.002086
0,0.046386,0.31926,-0.047206,-0.019192,-0.029236,-0.057953,0.00081,0.002246
0,-0.084172,0.005313,-0.149279,-0.308524,-0.133858,-0.314822,0.001469,9.3e-05
0,-0.217901,0.088307,-0.129443,0.073065,-0.09431,0.102515,0.003803,0.001541
0,0.043548,-0.009369,0.289884,-0.127669,0.311932,-0.103184,0.00076,0.000164
0,-0.122614,0.018427,-0.190749,0.056589,-0.171623,0.027487,0.00214,0.000322
0,-0.223626,-0.138839,-0.073121,-0.174733,-0.079317,-0.169416,0.003903,0.002423
0,-0.162746,0.038315,0.075237,0.161918,0.031243,0.122954,0.00284,0.000669
0,-0.234773,-0.099332,-0.058598,-0.10997,-0.033585,-0.116747,0.00372,0.001734
0,-0.010384,-0.191156,0.216471,-0.107491,0.183775,-0.111574,0.000181,0.003336
0,-0.080009,-0.151496,-0.0969,0.027613,-0.116604,0.066243,0.001396,0.002644
0,-0.006597,-0.005808,0.095033,0.156967,0.133909,0.113347,0.000115,0.000101
0,0.074573,-0.062123,0.100494,-0.054538,0.068979,-0.07856,0.001302,0.001084
0,-0.061663,-0.068941,-0.162645,-0.013033,-0.201746,-0.00517,0.001076,0.001203
0,0.062046,0.00328,0.130639,0.100821,0.082393,0.052744,0.001083,5.7e-05
0,0.141984,0.016215,0.093669,0.002068,0.085489,0.000974,0.002478,0.000283
0,-0.03409,-0.142961,-0.173294,-0.178483,-0.152106,-0.198251,0.000595,0.002495
0,-0.09713,0.07201,-0.062765,0.243777,-0.070877,0.243913,0.001695,0.001257
0,0.024892,0.104901,0.144689,0.026799,0.11137,-0.011015,0.000434,0.001831
0,0.075991,0.050649,0.045694,-0.059332,0.046478,-0.074496,0.001326,0.000884
0,-0.12898,-0.000389,-0.207191,-0.05263,-0.169856,-0.021664,0.002251,7e-06
0,-0.255599,0.115651,-0.119021,0.125654,-0.151703,0.125861,0.003357,0.002018
0,-0.175586,0.047573,0.078784,-0.079262,0.053222,-0.111789,0.003065,0.00083
0,-0.267983,-0.123139,-0.108632,-0.162556,-0.071377,-0.149814,0.003141,0.002149
0,-0.110909,0.125193,0.156967,0.242586,0.134863,0.234497,0.001936,0.002185
0,-0.118013,-0.136836,0.022592,-0.288098,0.036455,-0.25349,0.00206,0.002388
0,-0.081235,-0.030156,0.060493,0.093886,0.036151,0.050697,0.001418,0.000526
0,0.012712,0.147717,0.097326,0.191799,0.057834,0.176648,0.000222,0.002578
0,0.001776,0.041815,-0.009713,-0.112559,-0.043453,-0.154473,3.1e-05,0.00073
0,-0.05564,0.180129,-0.028993,0.12413,-0.074376,0.171083,0.000971,0.003144
0,-0.01946,-0.001492,0.064999,-0.196185,0.054826,-0.158041,0.00034,2.6e-05
0,-0.176326,-0.08394,-0.127568,-0.078797,-0.08948,-0.098919,0.003077,0.001465
0,0.003938,-0.03553,0.201431,0.077292,0.178226,0.121594,6.9e-05,0.00062
0,0.109327,0.158266,0.120083,0.200412,0.160528,0.215363,0.001908,0.002762
0,0.053608,0.148698,-0.036696,-0.030478,-0.056029,-0.050509,0.000936,0.002595
0,-0.019983,-0.016934,-0.052957,-0.184537,-0.044957,-0.233532,0.000349,0.000296
0,0.207243,-0.009053,0.252605,-0.015767,0.226902,-0.018863,0.003617,0.000158
0,0.082435,-0.11194,-0.097893,-0.132229,-0.108357,-0.124833,0.001439,0.001954
0,0.11561,-0.031532,0.024835,0.057726,0.021647,0.041639,0.002018,0.00055
0,-0.02373,0.010892,-0.138276,0.051456,-0.185383,0.029201,0.000414,0.00019
0,-0.022552,0.077853,0.023779,0.062996,0.051643,0.04544,0.000394,0.001359
0,-0.05039,-0.038307,-0.04648,-0.141429,-0.019785,-0.142673,0.000879,0.000669
0,0.097083,-0.111812,0.124285,-0.083194,0.084376,-0.06462,0.001694,0.001951
0,0.079665,0.078197,-0.0032,0.196923,-0.02113,0.234977,0.00139,0.001365
0,-0.080446,-0.17377,-0.179272,-0.263292,-0.209707,-0.274679,0.001404,0.003033
0,-0.018052,0.064931,0.045299,0.240616,0.090949,0.2375,0.000315,0.001133
0,-0.086811,0.056647,-0.070878,-0.009916,-0.102461,-0.02654,0.001515,0.000989
0,0.026008,0.057586,0.139505,0.023552,0.129175,0.047187,0.000454,0.001005
0,-0.05319,-0.046976,-0.063039,-0.126001,-0.018883,-0.134206,0.000928,0.00082
0,0.042524,-0.052866,0.12413,0.006671,0.089486,-0.042959,0.000742,0.000923
0,-0.16927,0.039001,-0.187473,0.099061,-0.213395,0.085585,0.002954,0.000681
0,-0.01629,-0.10572,0.180647,-0.114848,0.196112,-0.154603,0.000284,0.001845
0,-0.140179,-0.139568,-0.139176,-0.056203,-0.16384,-0.030136,0.002447,0.002436
0,-0.215644,0.028787,-0.100721,0.172602,-0.123065,0.222383,0.003764,0.000502
0,-0.116742,0.003269,0.105185,-0.006975,0.128692,-0.033271,0.002038,5.7e-05
0,-0.073841,-0.124222,0.049253,-0.135806,0.009392,-0.149303,0.001289,0.002168
0,-0.211884,0.135814,-0.147941,0.238364,-0.135748,0.193421,0.003698,0.00237
0,-0.052597,-0.114332,0.155728,-0.253116,0.179991,-0.245406,0.000918,0.001995
0,-0.068175,-0.005878,-0.02399,0.081542,0.010157,0.098933,0.00119,0.000103
0,-0.060051,-0.132596,-0.006147,-0.10104,0.040865,-0.090435,0.001048,0.002314
0,-0.126088,-0.071984,-0.04839,0.046682,-0.023759,0.026381,0.002201,0.001256
0,-0.01134,0.132327,0.120279,0.176094,0.166594,0.12849,0.000198,0.00231
0,-0.033872,-0.032125,-0.032833,-0.137041,-0.078352,-0.15483,0.000591,0.000561
0,0.149619,-0.026855,0.191469,-0.015179,0.196976,0.012193,0.002611,0.000469
0,0.103646,-0.015084,-0.021726,-0.014151,-0.011584,0.032461,0.001809,0.000263
0,-0.161799,-0.051346,-0.242411,-0.024383,-0.212118,-0.060528,0.002824,0.000896
0,-0.12235,0.092129,0.032459,0.124626,-0.008857,0.139262,0.002135,0.001608
0,0.069697,-0.082508,0.168382,-0.172748,0.218098,-0.18384,0.001216,0.00144
0,0.007479,-0.07282,-0.033602,0.001538,-0.026335,-0.028315,0.000131,0.001271
0,-0.092055,0.059354,-0.084041,0.126705,-0.067528,0.159155,0.001607,0.001036
0,0.016531,-0.038368,0.082362,-0.082024,0.113334,-0.051531,0.000289,0.00067
0,0.034127,-0.15856,0.042753,-0.093084,0.059435,-0.093214,0.000596,0.002767
0,-0.134009,0.010798,-0.191625,0.172557,-0.166631,0.154335,0.002339,0.000188
0,-0.064235,-0.170103,0.046141,-0.185111,0.033223,-0.13606,0.001121,0.002969
0,-0.163997,-0.049954,-0.127131,0.098546,-0.108514,0.121849,0.002862,0.000872
0,-0.028498,0.018253,0.122396,0.08417,0.167299,0.096143,0.000497,0.000319
0,-0.133311,-0.117944,-0.108878,-0.153311,-0.113525,-0.175287,0.002327,0.002059
0,-0.276535,-0.111213,-0.154386,-0.015784,-0.122063,-0.052141,0.002991,0.001941
0,-0.223117,-0.048454,0.040485,0.053211,0.020884,0.023536,0.003894,0.000846
0,-0.052374,0.141744,0.157688,0.187074,0.125248,0.23115,0.000914,0.002474
0,-0.17786,-0.081233,-0.101805,-0.22417,-0.072944,-0.26086,0.003104,0.001418
0,-0.120957,-0.148689,0.059503,-0.045404,0.035678,-0.077174,0.002111,0.002595
0,-0.012281,-0.213329,0.09071,-0.035603,0.091006,0.005449,0.000214,0.003723
0,-0.211075,0.019931,-0.226939,0.224323,-0.216537,0.197213,0.003684,0.000348
0,0.031924,0.014248,0.21989,-0.015882,0.250602,-0.007745,0.000557,0.000249
0,-0.153009,-0.095756,-0.203911,-0.136908,-0.243707,-0.097572,0.002671,0.001671
0,-0.029837,0.00204,0.113361,0.12151,0.079748,0.107161,0.000521,3.6e-05
0,-0.156098,0.073784,-0.154108,0.057191,-0.184447,0.062539,0.002724,0.001288
0,-0.081092,-0.089611,0.100142,-0.179596,0.065467,-0.149073,0.001415,0.001564
0,0.126546,0.036,0.203682,0.150969,0.233384,0.140454,0.002209,0.000628
0,0.155053,0.064259,0.008102,0.016831,0.056725,-0.026572,0.002706,0.001122
0,-0.062636,-0.135854,-0.244647,-0.192414,-0.273762,-0.229959,0.001093,0.002371
0,0.129583,0.085625,0.21082,0.236825,0.192682,0.24203,0.002262,0.001494
0,-0.037707,-0.135118,-0.168134,-0.22739,-0.158974,-0.204334,0.000658,0.002358
0,-0.059253,-0.197205,-0.01684,-0.052031,-0.038338,-0.023137,0.001034,0.003442
0,-0.090085,-0.048277,-0.031592,0.167784,-0.057637,0.162353,0.001572,0.000843
0,-0.087725,-0.080028,0.030292,-0.058688,-0.013085,-0.088235,0.001531,0.001397
0,0.161864,-0.066395,0.221281,0.005494,0.2682,0.051103,0.002825,0.001159
0,0.155062,-0.178241,0.020081,-0.130822,0.031325,-0.129711,0.002706,0.003111
0,-0.105135,0.074279,-0.263666,0.260983,-0.249035,0.225656,0.001835,0.001296
0,0.085753,-0.076761,0.200155,-0.169378,0.237145,-0.173012,0.001497,0.00134
0,0.041535,-0.170544,-0.064548,-0.077024,-0.073213,-0.109458,0.000725,0.002977
0,0.068996,0.082288,0.049663,0.253815,0.027814,0.255024,0.001204,0.001436
0,0.180262,-0.163802,0.127967,-0.231519,0.171634,-0.182881,0.003146,0.002859
0,-0.016518,0.011086,-0.178739,0.176072,-0.141524,0.169249,0.000288,0.000193
0,0.209787,-0.139666,0.22744,-0.160121,0.267763,-0.18509,0.003661,0.002438
0,0.156334,-0.11707,-0.062143,0.023491,-0.038553,-0.019578,0.002729,0.002043
0,0.086668,0.123218,-0.080598,0.23172,-0.102824,0.258658,0.001513,0.002151
0,-0.019028,0.119057,-0.077507,-0.010299,-0.040239,0.024089,0.000332,0.002078
0,-0.033777,0.058454,-0.034303,-0.071005,-0.063543,-0.104356,0.00059,0.00102
0,-0.056517,0.138173,0.002492,0.064162,-0.000807,0.038715,0.000986,0.002412
0,-0.109624,0.029877,-0.046944,-0.121482,-0.030141,-0.153827,0.001913,0.000521
0,-0.007664,0.076779,0.097268,0.070295,0.075458,0.032325,0.000134,0.00134
0,-0.011658,-0.044299,0.003919,-0.128159,-0.018919,-0.152197,0.000203,0.000773
0,0.105114,-0.150227,0.132539,-0.119926,0.167265,-0.096622,0.001835,0.002622
0,-0.067303,-0.10923,-0.164384,0.057463,-0.165925,0.036991,0.001175,0.001906
0,0.045327,-0.131916,0.118321,-0.025726,0.121156,-0.005937,0.000791,0.002302
0,0.058242,0.092029,0.029793,0.200266,0.077834,0.211559,0.001017,0.001606
0,-0.007282,-0.181482,-0.047702,-0.294162,-0.068928,-0.327604,0.000127,0.003167
0,0.075069,0.039983,0.053731,0.226392,0.007486,0.256899,0.00131,0.000698
0,-0.001854,-0.053984,-0.062484,-0.110505,-0.031769,-0.150728,3.2e-05,0.000942
0,-0.203431,-0.125879,-0.230555,-0.094202,-0.265119,-0.121985,0.003551,0.002197
0,-0.110279,-0.111666,0.096524,0.01573,0.139632,0.04465,0.001925,0.001949
0,-0.029805,-0.097954,0.09173,0.003647,0.052944,-0.045955,0.00052,0.00171
0,-0.246764,-0.205814,-0.238552,-0.120293,-0.205076,-0.16535,0.003511,0.003592
0,-0.105669,-0.126633,0.135474,0.067632,0.173695,0.087817,0.001844,0.00221
0,-0.16006,-0.00467,-0.040584,0.103406,-0.051213,0.109297,0.002794,8.2e-05
0,-0.248335,-0.156946,-0.113182,-0.143819,-0.07639,-0.161395,0.003484,0.002739
0,0.040844,-0.034237,0.273592,0.149003,0.242016,0.198175,0.000713,0.000598
0,-0.050471,-0.033225,-0.090946,0.01385,-0.132343,0.03921,0.000881,0.00058
0,-0.030822,0.054622,0.025982,0.066104,-0.003096,0.099375,0.000538,0.000953
0,-0.068442,0.061126,-0.023576,0.013144,0.016689,0.001076,0.001195,0.001067
0,-0.015378,-0.156271,0.077435,-0.247089,0.056964,-0.251546,0.000268,0.002727
0,0.093422,-0.1721,0.118718,-0.003602,0.144669,-0.040331,0.001631,0.003004
0,-0.059037,-0.217924,-0.170255,-0.068715,-0.218913,-0.033065,0.00103,0.003803
0,0.179646,0.039064,0.252573,0.255178,0.294341,0.28856,0.003135,0.000682
0,0.095629,-0.085271,-0.09347,-0.138717,-0.139638,-0.1112,0.001669,0.001488
0,0.122065,-0.157383,0.032283,-0.096344,0.075774,-0.137821,0.00213,0.002747
0,0.168338,-0.086346,0.052067,0.089376,0.068381,0.03964,0.002938,0.001507
0,-0.02451,0.053581,-0.209266,0.139518,-0.219012,0.115116,0.000428,0.000935
0,-0.015914,-0.082844,-0.009739,-0.109375,-0.0368,-0.077238,0.000278,0.001446
0,-2.594421,-0.574568,-2.607685,-0.480293,-2.61212,-0.443083,0.001626,0.00221
0,-4.490285,-1.201351,-1.872388,-0.597921,-1.84592,-0.636669,0.000191,0.002486
0,-2.833605,-4.246896,1.643994,-3.061222,1.605229,-3.06514,0.002548,0.003761
0,-2.028918,-4.696062,0.81927,-0.469094,0.783159,-0.464002,0.003678,0.003783
0,-0.812342,-4.154499,1.219178,0.52647,1.241946,0.546072,0.001458,0.002149
0,-0.196238,-3.398426,0.618326,0.753877,0.59499,0.792511,0.003425,0.003229
0,0.126057,-2.157223,0.323018,1.229721,0.33219,1.19114,0.0022,0.001439
0,-0.516743,-1.734156,-0.640826,0.44963,-0.672539,0.443098,0.001201,0.001005
0,-1.95497,-1.478894,-1.422783,0.245145,-1.419826,0.254984,0.002849,0.002358
0,-3.39856,-1.037797,-1.468478,0.428106,-1.433533,0.476158,0.003227,0.002477
0,-4.017427,-0.724152,-0.612261,0.314141,-0.655003,0.326762,0.000244,0.002997
0,-3.695614,-0.188131,0.320102,0.556784,0.27013,0.557325,0.001958,0.003284
0,-3.01738,-0.126244,0.680434,0.056133,0.640973,0.049368,0.002062,0.002203
0,-2.257246,-0.043088,0.73424,0.081369,0.766967,0.074659,0.000307,0.000752
0,-1.923406,0.252781,0.349693,0.289393,0.339915,0.304084,0.002298,0.003406
0,-1.096888,0.076416,0.824546,-0.159614,0.852053,-0.192808,0.003509,0.001334
0,-0.896536,0.238149,0.194331,0.167074,0.243764,0.179465,1.2e-05,0.003661
0,-0.457955,0.059135,0.468143,-0.153834,0.422426,-0.137753,0.000175,0.001032
0,-0.206242,0.142839,0.253921,0.103568,0.257793,0.138055,0.0036,0.002493
0,0.014597,0.128926,0.196164,-0.014469,0.220757,-0.063101,0.000255,0.00225
0,0.267595,0.146064,0.265876,0.010596,0.257791,0.015751,0.003147,0.002549
0,0.294871,0.036443,0.033647,-0.116904,0.008699,-0.092778,0.002671,0.000636
0,0.325294,-0.044338,0.055853,-0.055909,0.081861,-0.057912,0.00214,0.000774
0,0.385576,-0.026725,0.055023,0.006597,0.081701,0.047132,0.001088,0.000466
0,0.251277,0.14484,-0.116162,0.174508,-0.080898,0.154676,0.003432,0.002528
0,-0.005474,-0.026816,-0.254485,-0.157038,-0.230526,-0.177481,9.6e-05,0.000468
0,0.156586,-0.055788,0.180523,-0.00907,0.157672,0.009547,0.002733,0.000974
0,-0.122083,-0.008785,-0.249545,0.062266,-0.276062,0.049481,0.002131,0.000153
0,-0.032881,0.007776,0.066682,0.039859,0.082034,0.020687,0.000574,0.000136
0,0.059492,0.219646,0.062383,0.24071,0.0152,0.207128,0.001038,0.003834
0,0.004085,0.078409,-0.058576,-0.120846,-0.067136,-0.098931,7.1e-05,0.001368
0,-0.205822,0.187991,-0.214965,0.118667,-0.234216,0.134404,0.003592,0.003281
0,-0.118913,0.03801,0.086881,-0.120446,0.038329,-0.103413,0.002075,0.000663
0,-0.185187,0.139659,-0.057362,0.09954,-0.073598,0.062322,0.003232,0.002438
0,-0.08673,0.12755,0.078282,-0.008394,0.118123,0.000928,0.001514,0.002226
0,0.046318,0.127839,0.131537,-0.003604,0.133215,0.030155,0.000808,0.002231
0,-0.127006,0.020824,-0.164786,-0.120195,-0.21304,-0.103754,0.002217,0.000363
0,-0.145765,0.128552,-0.032438,0.105228,-0.071439,0.06457,0.002544,0.002244
0,-0.014619,-0.046843,0.160107,-0.146139,0.19941,-0.175136,0.000255,0.000818
0,-0.136335,0.01407,-0.127948,0.077988,-0.137546,0.106864,0.002379,0.000246
0,-0.190608,0.025364,-0.073252,0.012545,-0.041114,0.032396,0.003327,0.000443
0,-0.052494,0.030861,0.156365,0.008998,0.201699,-0.03076,0.000916,0.000539
0,0.021502,-0.01438,0.09614,-0.025728,0.077128,-0.007131,0.000375,0.000251
0,0.002837,-0.054101,-0.043778,-0.051898,0.005325,-0.100374,5e-05,0.000944
0,-0.023816,0.004102,-0.027932,0.051784,-0.063348,0.070131,0.000416,7.2e-05
0,-0.026483,0.029184,-0.028124,0.028716,0.0071,-0.013773,0.000462,0.000509
0,-0.219648,0.135277,-0.174626,0.122346,-0.15115,0.143699,0.003834,0.002361
0,-0.195413,-1e-05,-0.003295,-0.137388,-0.044223,-0.174343,0.003411,0.0
0,-0.038856,0.044002,0.175904,0.024787,0.182332,0.058212,0.000678,0.000768
0,-0.099284,0.128489,-0.090016,0.084551,-0.106114,0.1147,0.001733,0.002243
0,-0.282268,0.19009,-0.196257,0.03798,-0.177284,0.049609,0.002891,0.003318
0,-0.330673,0.054002,-0.063527,-0.151139,-0.053309,-0.1663,0.002047,0.000943
0,-0.111524,0.209873,0.234141,0.155491,0.262328,0.162046,0.001946,0.003663
0,-0.120901,0.172212,-0.033263,-0.062956,-0.053212,-0.02844,0.00211,0.003006
0,-0.081871,0.104975,0.045637,-0.065569,0.029478,-0.061696,0.001429,0.001832
0,-0.160427,0.128405,-0.059156,0.045772,-0.059927,0.039021,0.0028,0.002241
0,-0.172468,0.191356,-0.040167,0.087222,-0.036459,0.110938,0.00301,0.00334
0,-0.325399,0.080383,-0.162677,-0.120714,-0.143344,-0.141035,0.002139,0.001403
0,-0.163663,0.1047,0.180224,0.044784,0.175479,0.077223,0.002856,0.001827
0,-0.243372,0.089424,-0.106205,0.010412,-0.135984,0.029896,0.00357,0.001561
0,-0.125173,0.213301,0.115497,0.128511,0.157191,0.082395,0.002185,0.003723
0,-0.208744,0.027526,-0.112895,-0.179245,-0.147286,-0.140094,0.003643,0.00048
0,-0.198621,0.218859,0.039043,0.164351,0.052005,0.208184,0.003467,0.00382
0,-0.040126,0.176172,0.157812,-0.026721,0.14011,-0.016773,0.0007,0.003075
0,-0.186999,0.127135,-0.150003,-0.02511,-0.135551,-0.032044,0.003264,0.002219
0,-0.185077,0.003194,-0.004587,-0.111889,-0.052879,-0.067761,0.00323,5.6e-05
0,-0.172642,0.075721,0.017323,0.057943,-0.012517,0.032071,0.003013,0.001322
0,-0.043383,0.145865,0.14246,0.09546,0.151866,0.098773,0.000757,0.002546
0,-0.032967,0.07665,0.030805,-0.063421,-0.009409,-0.07927,0.000575,0.001338
0,-0.312756,0.013288,-0.275832,-0.045721,-0.29112,-0.078844,0.002359,0.000232
0,-0.199747,0.104789,0.134369,0.09183,0.132733,0.10455,0.003486,0.001829
0,-0.24489,0.066468,-0.042904,-0.062841,-0.069463,-0.064344,0.003544,0.00116
0,-0.264878,0.06301,-0.031718,0.013243,-0.03983,0.060416,0.003195,0.0011
0,-0.082191,0.120202,0.165215,0.028373,0.207038,0.060233,0.001435,0.002098
0,-0.114422,0.104571,-0.034615,-0.016769,-0.076823,0.03039,0.001997,0.001825
0,-0.213438,-0.046458,-0.085424,-0.125019,-0.082259,-0.148918,0.003725,0.000811
0,-0.18848,-0.011023,0.038103,0.019852,0.04641,0.058685,0.00329,0.000192
0,-0.973571,-0.272281,-0.765938,-0.252915,-0.780925,-0.218282,0.001356,0.003066
0,-1.267725,-0.662088,-0.320655,-0.406393,-0.297778,-0.398979,0.001328,0.003738
0,-1.145425,-0.561529,0.125042,0.10139,0.138453,0.138652,0.003462,0.001983
0,-1.176369,-1.051353,-0.021087,-0.514686,-0.035204,-0.495639,0.002922,0.002714
0,-0.723885,-0.879053,0.455125,0.156877,0.479782,0.148148,0.003002,0.000293
0,-0.617781,-0.794886,0.094425,0.066588,0.080546,0.09353,0.002964,0.001762
0,-0.256789,-0.743683,0.358691,0.045272,0.315343,0.058236,0.003336,0.002656
0,-0.271981,-0.395075,-0.0074,0.34674,0.03198,0.3079,0.000683,0.000923
0,-9.10981,-0.174115,-8.854444,0.228239,-8.884307,0.216129,0.002639,0.003039
0,-8.856907,-0.280395,0.276166,-0.081736,0.324469,-0.071851,0.001775,0.002924
0,-8.527619,-0.063896,0.320465,0.207778,0.35449,0.243911,0.000295,0.001115
0,-7.904992,-0.245574,0.636888,-0.19949,0.640076,-0.206757,0.002754,0.003532
0,-7.633178,-0.207447,0.295653,0.009872,0.337289,0.010234,0.00032,0.003621
0,-7.113892,-0.153328,0.505837,0.036809,0.485958,0.040664,0.000925,0.002676
0,-6.788027,-0.158904,0.354445,0.016132,0.30595,0.06307,0.001205,0.002773
0,-6.49362,-0.130463,0.279572,0.049518,0.266064,0.001081,0.003885,0.002277
0,-6.102679,-0.119955,0.36137,0.027617,0.366827,0.050363,0.002938,0.002094
0,-5.777339,-0.014667,0.353336,0.116452,0.33496,0.074115,0.000799,0.000256
0,-5.280326,-0.13037,0.476651,-0.133245,0.523874,-0.14372,0.001655,0.002275
0,-5.087971,-0.075023,0.201444,0.039699,0.169599,0.011596,0.002805,0.001309
0,-4.543483,-0.082032,0.546268,-0.03173,0.497257,-0.047165,0.00112,0.001432
0,-4.267095,-0.045286,0.268743,0.015908,0.226467,0.048982,0.003704,0.00079
0,-4.021704,0.061115,0.259908,0.097264,0.226771,0.057884,0.000169,0.001067
0,-3.97123,0.037263,0.024209,0.002972,-0.006187,0.04849,0.00105,0.00065
0,-3.772431,-0.160894,0.180551,-0.174583,0.218377,-0.164888,0.003298,0.002808
0,-3.418473,-0.175419,0.327605,0.012234,0.29465,0.050275,0.002879,0.003062
0,-3.186496,0.083046,0.239187,0.262436,0.278,0.261067,0.00089,0.001449
0,-3.213979,0.089344,-0.048479,0.027052,-0.085712,0.058868,0.001369,0.001559
0,-3.015806,0.016371,0.18895,-0.065741,0.234695,-0.030785,0.002089,0.000286
0,-2.598784,0.024874,0.405134,-0.016165,0.411357,-0.025813,0.00155,0.000434
0,-2.685312,0.046273,-0.061332,0.015319,-0.041938,-0.021419,4e-05,0.000808
0,-2.548398,-0.167086,0.130245,-0.208565,0.141094,-0.191975,0.002429,0.002916
0,-2.264497,0.08241,0.29776,0.259846,0.301427,0.273669,0.000434,0.001438
0,-2.154021,-0.156144,0.104841,-0.213798,0.126396,-0.228925,0.001495,0.002725
0,-2.184706,-0.061669,-0.006053,0.116175,-0.023221,0.080545,0.000959,0.001076
0,-1.864088,-0.015005,0.334304,0.070913,0.359527,0.038683,0.001263,0.000262
0,-1.814364,0.088245,0.032771,0.111882,0.082342,0.108897,0.000395,0.00154
0,-1.711889,-0.120064,0.104315,-0.218354,0.12865,-0.216338,0.001393,0.002096
0,-1.674088,-0.065625,0.056942,0.051097,0.04073,0.084681,0.002053,0.001145
0,-1.699267,0.057297,-0.046534,0.125014,-0.061807,0.121391,0.001614,0.001
0,-1.53984,0.056003,0.142684,0.017278,0.117459,0.015945,0.003422,0.000977
0,-1.320475,-0.172012,0.23979,-0.221096,0.25456,-0.193836,0.000407,0.003002
0,-1.279499,-0.091822,0.058652,0.068839,0.073097,0.063093,0.001122,0.001603
0,-1.172334,-0.174617,0.132985,-0.054694,0.149564,-0.040551,0.002993,0.003048
0,-1.24128,-0.17388,-0.056777,-0.005105,-0.008914,-0.014567,0.001789,0.003035
0,-1.24735,-0.001343,-0.014759,0.189124,-0.042515,0.181933,0.001683,2.3e-05
0,-0.993133,-0.016446,0.245988,-0.037703,0.230764,0.00441,0.001698,0.000287
0,-1.031297,0.095917,-0.033865,0.09465,-0.008662,0.131639,0.002364,0.001674
0,-0.911155,-0.050106,0.142862,-0.116387,0.189598,-0.165191,0.000267,0.000875
0,-1.073752,-0.082866,-0.169242,-0.048162,-0.139408,-0.046371,0.003105,0.001446
0,-0.939814,0.169853,0.120646,0.247322,0.119106,0.207435,0.000767,0.002964
0,-0.918547,0.028229,0.003995,-0.16512,0.005068,-0.164244,0.000396,0.000493
0,-0.793444,-0.018214,0.146341,-0.055199,0.194543,-0.010867,0.001788,0.000318
0,-0.823778,0.124101,-0.01813,0.161399,-0.064123,0.155331,0.001258,0.002166
0,-0.635194,0.068343,0.16534,-0.057058,0.145908,-0.093569,0.003268,0.001193
0,-0.795843,0.145135,-0.175555,0.098908,-0.225431,0.100619,0.001746,0.002533
0,-0.762176,0.133858,0.04144,-0.005209,0.044635,0.001623,0.002333,0.002336
0,-0.830754,0.140127,-0.043839,0.007239,-0.079807,-0.013234,0.001136,0.002446
0,-0.842885,-0.022625,0.004557,-0.152579,0.042915,-0.162498,0.000925,0.000395
0,-0.642944,-0.046047,0.224848,-0.010242,0.244989,0.014482,0.003404,0.000804
0,-0.551798,0.017466,0.070457,0.069785,0.072445,0.057882,0.001813,0.000305
0,-0.559177,0.099427,-0.010185,0.074966,-0.006295,0.070211,0.001942,0.001735
0,-0.517741,0.151088,0.028151,0.081316,0.043349,0.100269,0.001218,0.002637
0,-0.391597,-0.049214,0.129683,-0.199714,0.147132,-0.154914,0.000983,0.000859
0,-0.536057,0.008045,-0.170466,0.044708,-0.153124,0.056973,0.001538,0.00014
0,-0.345869,-0.063269,0.172264,-0.075496,0.170584,-0.113654,0.001781,0.001104
0,-0.361105,0.052905,-0.00426,0.112163,0.025754,0.104472,0.001515,0.000923
0,-0.491267,0.082673,-0.156154,0.032742,-0.180473,0.077448,0.000756,0.001443
0,-0.37338,0.031742,0.110187,-0.037228,0.151467,-0.060017,0.001301,0.000554
0,-0.180025,-0.120768,0.207347,-0.131285,0.208685,-0.08173,0.003142,0.002108
0,-0.085424,0.035447,0.095676,0.140032,0.123665,0.094775,0.001491,0.000619
0,-0.0784,0.036314,-0.003231,-0.00334,0.043841,0.017767,0.001368,0.000634
0,-0.087202,0.01008,0.000952,-0.036563,-0.007488,-0.014622,0.001522,0.000176
0,-0.089092,0.045139,-0.01182,0.02189,0.020004,0.028194,0.001555,0.000788
0,-0.144302,-0.126112,-0.036934,-0.150215,0.006146,-0.111599,0.002519,0.002201
0,-0.09908,0.117194,0.039587,0.239332,0.062117,0.238774,0.001729,0.002045
0,-0.278618,0.019978,-0.154859,-0.091965,-0.162206,-0.139951,0.002955,0.000349
0,-0.237076,-0.000955,0.029724,-0.025524,-0.006994,-0.040636,0.00368,1.7e-05
0,-0.066761,0.009673,0.154389,0.034694,0.155135,0.025122,0.001165,0.000169
0,-0.306954,-0.001124,-0.238836,-0.021568,-0.230426,-0.025306,0.002461,2e-05
0,-0.119533,0.160398,0.199297,0.131997,0.173348,0.13763,0.002086,0.002799
0,-0.298703,-0.044541,-0.20779,-0.210651,-0.192563,-0.259409,0.002605,0.000777
0,-0.217165,0.147683,0.052156,0.165366,0.031924,0.116646,0.00379,0.002578
0,-0.265832,-0.014012,-0.059311,-0.175284,-0.08517,-0.213832,0.003178,0.000245
0,-0.289573,0.034933,-0.052627,0.075333,-0.007092,0.099166,0.002764,0.00061
0,-0.287425,0.165067,0.015456,0.159488,0.008376,0.171216,0.002801,0.002881
0,-0.068636,0.033393,0.240385,-0.132096,0.285521,-0.106091,0.001198,0.000583
0,-0.220588,0.010946,-0.178498,-0.004527,-0.130087,0.018417,0.00385,0.000191
0,-0.267487,0.124576,-0.049143,0.130367,-0.082419,0.145256,0.003149,0.002174
0,-0.1498,0.138566,0.146688,0.018851,0.140857,0.016868,0.002614,0.002418
0,-0.168691,-0.047478,-0.019905,-0.159333,-0.002148,-0.136892,0.002944,0.000829
0,-0.215896,-0.009728,-0.020863,0.026476,-0.031809,0.038143,0.003768,0.00017
0,-0.157718,0.06808,0.077018,0.07585,0.02711,0.119135,0.002753,0.001188
0,-0.211482,0.056845,-0.083714,-0.01328,-0.108132,-0.003535,0.003691,0.000992
0,-0.260938,0.125417,-0.076875,0.042142,-0.062519,0.034268,0.003264,0.002189
0,0.014207,-0.136913,0.257163,-0.238542,0.273838,-0.267569,0.000248,0.00239
0,-0.263051,0.031139,-0.256742,0.164374,-0.245839,0.164473,0.003227,0.000543
0,-0.144077,0.101397,0.12334,0.093274,0.158351,0.069246,0.002515,0.00177
0,-0.095299,-0.070762,0.048456,-0.181149,0.018538,-0.204123,0.001663,0.001235
0,-0.064512,0.072482,0.030997,0.172481,0.034024,0.176029,0.001126,0.001265
0,-0.028218,0.025289,0.014323,-0.017314,-0.024042,-0.023237,0.000492,0.000441
0,-0.109348,-0.020393,-0.070611,-0.023144,-0.109846,-0.046446,0.001908,0.000356
0,-0.103072,0.10935,0.022021,0.143286,0.037109,0.136545,0.001799,0.001909
0,-0.09161,-0.017261,-0.001228,-0.151144,0.012118,-0.149357,0.001599,0.000301
0,-0.197175,-0.06221,-0.112249,-0.066361,-0.14675,-0.039143,0.003441,0.001086
0,-0.243039,-0.05695,-0.062011,-0.000508,-0.033845,0.006135,0.003576,0.000994
0,-0.164706,0.068386,0.0653,0.101,0.081089,0.132436,0.002875,0.001194
0,-0.130925,-0.016559,0.052425,-0.06644,0.02898,-0.024618,0.002285,0.000289
0,-0.033083,0.069782,0.088104,0.058202,0.114914,0.022917,0.000577,0.001218
0,-0.157009,-0.022988,-0.094132,-0.095567,-0.089366,-0.096227,0.00274,0.000401
0,-0.097275,0.122523,0.048674,0.139941,0.083288,0.129618,0.001698,0.002138
0,-0.007935,-0.042045,0.103128,-0.17776,0.124155,-0.143837,0.000138,0.000734
0,-7.588902,1.163142,-7.610884,1.20198,-7.658122,1.168419,0.000453,0.003153
0,-8.933138,2.761024,-1.338639,1.622351,-1.326723,1.612988,0.000445,0.001282
0,-9.140023,3.014695,-0.232945,0.234352,-0.277017,0.230605,0.003166,0.002109
0,-8.990531,2.883413,0.154952,-0.126483,0.13104,-0.09837,0.000557,0.003418
0,-9.065547,2.455036,-0.060715,-0.435565,-0.106502,-0.409347,0.001866,0.003759
0,-8.898597,1.98058,0.194643,-0.446862,0.165475,-0.403521,0.001048,0.003296
0,-8.997821,1.573382,-0.121517,-0.407183,-0.166459,-0.455335,0.000684,0.003811
0,-9.144478,0.872126,-0.14569,-0.687137,-0.113554,-0.713154,0.003244,0.000414
0,-8.921979,0.451619,0.210942,-0.423666,0.252743,-0.409495,0.00064,6.4e-05
0,-8.898184,0.379689,0.03548,-0.08333,0.075579,-0.066725,0.001055,0.001191
0,-8.879243,0.052357,0.019441,-0.316439,0.002346,-0.298651,0.001386,0.000914
0,-9.006471,-0.14532,-0.138711,-0.227278,-0.098054,-0.179983,0.000835,0.002536
0,-9.067321,-0.247634,-0.054185,-0.119083,-0.046513,-0.158501,0.001897,0.003496
0,-8.843267,-0.260493,0.251597,-0.028476,0.253787,-0.013886,0.002013,0.003271
0,-8.943263,-0.923966,-0.11614,-0.671354,-0.132125,-0.717695,0.000268,0.00049
0,-9.060379,-0.958643,-0.135464,-0.045966,-0.092501,-0.008199,0.001776,0.001096
0,-8.940178,-1.017266,0.118494,-0.07071,0.075519,-0.025888,0.000322,0.002119
0,-8.921773,-0.852934,0.023945,0.149728,-0.005758,0.1141,0.000643,0.000749
0,-8.342596,-0.776563,0.569104,0.074688,0.583735,0.113042,0.002934,0.002082
0,-7.377764,-0.966842,0.96671,-0.180065,0.978762,-0.21646,0.00368,0.001239
0,-5.265924,-0.693802,2.123358,0.279752,2.11511,0.256778,0.001907,0.003527
0,-3.818052,-0.586968,1.452446,0.121509,1.470181,0.095417,0.003723,0.002427
0,-2.557554,-0.323519,1.232268,0.272598,1.265334,0.281626,0.00227,0.002171
0,-1.623893,-0.228467,0.938862,0.101827,0.912262,0.137143,0.000541,0.00383
0,-9.138042,-0.098003,-7.503799,0.125344,-7.471669,0.154514,0.003131,0.00171
0,-8.973719,-0.030047,0.134361,0.081861,0.096369,0.105384,0.000263,0.000524
0,-8.872366,0.128437,0.11517,0.140783,0.131752,0.167979,0.001506,0.002242
0,-8.923595,0.096221,-0.036209,-0.047364,0.008441,-0.032971,0.000611,0.001679
0,-8.434078,-0.011284,0.487548,-0.132252,0.4998,-0.141907,0.001337,0.000197
0,-8.051575,-0.009163,0.353641,0.019485,0.347084,0.040639,0.000195,0.00016
0,-7.634933,-0.013631,0.417161,0.016839,0.448606,-0.004184,0.000351,0.000238
0,-7.186114,0.038628,0.437137,0.029278,0.456677,0.016554,0.000335,0.000674
0,-8.869382,1.082301,-1.706658,1.023672,-1.752793,0.9923,0.001558,0.003254
0,-8.916688,2.628044,-0.042049,1.537007,-0.016096,1.55359,0.000732,0.001039
0,-8.852392,2.801802,0.054369,0.155326,0.045707,0.14868,0.001854,0.001993
0,-9.07489,2.496392,-0.214733,-0.299247,-0.217409,-0.294834,0.002029,0.003337
0,-9.065267,2.234187,0.019286,-0.268596,0.055069,-0.272558,0.001861,9.5e-05
0,-8.883637,1.739594,0.198876,-0.467852,0.226811,-0.460436,0.001309,0.00091
0,-9.061692,1.289896,-0.156328,-0.431066,-0.130148,-0.431635,0.001799,0.000941
0,-8.958115,0.693192,0.091245,-0.575677,0.078126,-0.58602,9e-06,0.003537
0,-9.059479,0.340582,-0.113662,-0.367332,-0.072543,-0.414508,0.00176,0.001874
0,-8.911939,0.188672,0.14897,-0.140977,0.116341,-0.098734,0.000815,0.003293
0,-8.885025,0.047364,0.042885,-0.126216,0.027371,-0.154637,0.001285,0.000827
0,-8.99039,-0.092626,-0.077357,-0.116543,-0.099181,-0.10092,0.000554,0.001617
0,-8.852759,-0.393449,0.118687,-0.330547,0.138672,-0.367475,0.001848,0.000951
0,-8.947409,-0.357719,-0.073683,0.034614,-0.123531,-0.002183,0.000196,0.001574
0,-9.055941,-0.21519,-0.130187,0.158173,-0.156032,0.188865,0.001698,0.003756
0,-9.051896,-0.205084,0.029296,0.021304,0.016177,0.016617,0.001628,0.003579
0,-8.870869,-0.220158,0.19199,-0.027235,0.142597,-0.05154,0.001532,0.003842
0,-9.036955,-0.382785,-0.163228,-0.140354,-0.118127,-0.168756,0.001367,0.001137
0,-9.043938,-0.129221,0.000446,0.227859,0.044792,0.221451,0.001489,0.002255
0,-9.098964,-0.234785,-0.067769,-0.090572,-0.090572,-0.07551,0.002449,0.00372
0,-8.891623,1.987439,0.195558,2.244221,0.213603,2.194779,0.001169,0.003416
0,-8.950442,2.426749,-0.067848,0.441703,-0.113984,0.489585,0.000143,0.003265
0,-9.12444,2.412776,-0.160796,0.007528,-0.113098,-0.042371,0.002894,0.003021
0,-8.922155,2.427771,0.21862,0.040492,0.223725,0.006764,0.000637,0.003283
0,-9.0121,1.94582,-0.108633,-0.499423,-0.141447,-0.496479,0.000933,0.002689
0,-8.776723,1.659025,0.21755,-0.271818,0.213859,-0.293982,0.003175,0.002316
0,-9.112898,1.370472,-0.333821,-0.261202,-0.322033,-0.260953,0.002693,0.000466
0,-9.002289,0.927234,0.13563,-0.437625,0.136714,-0.465759,0.000762,0.000548
0,-7.66892,0.527746,1.315167,-0.38488,1.291033,-0.358095,0.000944,0.001393
0,-6.777582,0.071237,0.889816,-0.452628,0.927608,-0.437767,0.001023,0.001243
0,-4.812702,-0.160355,1.980561,-0.242002,1.996699,-0.194554,0.001999,0.002799
0,-4.504108,-0.173824,0.322213,0.012696,0.348918,0.014502,0.000433,0.003034
0,-4.53317,-0.197878,-0.048023,-0.024933,-0.037832,0.016969,0.00094,0.003454
0,-4.087415,-0.006934,0.440909,0.201502,0.410095,0.205467,0.000978,0.000121
0,-3.88509,0.026548,0.180973,0.056332,0.176441,0.093693,0.002553,0.000463
0,-3.807333,0.058285,0.073786,0.035416,0.090903,0.048124,0.003907,0.001017
0,-3.582488,0.015268,0.197789,-0.026591,0.188478,-0.033217,0.002371,0.000266
0,-3.325742,0.042639,0.252108,0.043067,0.287847,0.042215,0.00332,0.000744
0,-3.185242,-0.090264,0.168222,-0.110912,0.175153,-0.159281,0.000868,0.001575
0,-3.107773,0.034776,0.089469,0.146226,0.129085,0.171634,0.000484,0.000607
0,-2.868525,0.05879,0.257795,0.053306,0.294183,0.057086,0.003158,0.001026
0,-2.672812,-0.165932,0.17243,-0.196944,0.209123,-0.189535,0.000258,0.002896
0,-2.628624,0.071662,0.028994,0.238418,0.062697,0.283681,0.001029,0.001251
0,-2.488363,0.025158,0.124465,-0.056821,0.112689,-0.016856,0.003477,0.000439
0,-2.363436,0.086377,0.108566,0.079156,0.115427,0.034586,0.00216,0.001508
0,-2.316181,0.109623,0.034182,0.026557,0.060824,-0.006926,0.001336,0.001913
0,-2.079087,0.018285,0.241168,-0.095616,0.25503,-0.062761,0.002802,0.000319
0,-1.949784,-0.068487,0.147857,-0.115138,0.098228,-0.128338,0.002759,0.001195
0,-1.748655,-0.052185,0.199737,-0.012246,0.221821,0.006935,0.000752,0.000911
0,-1.71357,-0.050052,0.035769,0.007212,0.074596,-0.033805,0.001364,0.000874
0,-1.8201,0.120019,-0.09995,0.187905,-0.131294,0.20763,0.000495,0.002095
0,-9.134765,0.398072,-7.318829,0.263757,-7.366349,0.30708,0.003074,0.00087
0,-9.044459,0.686073,0.081112,0.280172,0.101936,0.248301,0.001498,0.003662
0,-8.959938,1.059753,0.086801,0.392011,0.109322,0.377543,2.3e-05,0.00286
0,-9.125018,0.705681,-0.171345,-0.374105,-0.148549,-0.393187,0.002904,0.003319
0,-8.925462,0.567416,0.21971,-0.146158,0.184222,-0.141406,0.000579,0.002085
0,-8.887322,0.735822,0.062866,0.148275,0.017274,0.191572,0.001245,0.002793
0,-9.033038,0.523799,-0.155185,-0.190264,-0.167935,-0.208043,0.001299,0.001324
0,-8.910091,0.490857,0.105997,-0.048966,0.06511,-0.011593,0.000847,0.000749
0,-8.929857,0.333733,0.006361,-0.148866,0.034568,-0.177341,0.000502,0.001993
0,-8.977322,0.233371,-0.060279,-0.113783,-0.031014,-0.13637,0.000326,0.003745
0,-9.041678,0.00387,-0.044883,-0.238499,-0.048256,-0.227274,0.00145,6.8e-05
0,-9.09819,-0.029565,-0.041814,-0.046766,-0.056255,-0.070055,0.002436,0.000516
0,-9.088277,-0.252555,0.03189,-0.248015,-0.008662,-0.221562,0.002263,0.00341
0,-8.88323,-0.076779,0.209507,0.190422,0.17883,0.226993,0.001316,0.00134
0,-8.971583,-0.141582,-0.08891,-0.057258,-0.07329,-0.009851,0.000226,0.002471
0,-8.954225,-0.050147,0.027091,0.07292,0.031863,0.05281,7.7e-05,0.000875
0,-8.908054,-0.172849,0.05544,-0.119174,0.038577,-0.125338,0.000883,0.003017
0,-8.949705,-0.206103,-0.014174,-0.037662,0.00984,0.001855,0.000156,0.003597
0,-9.137632,-0.131801,-0.202848,0.055334,-0.183732,0.00778,0.003124,0.0023
0,-9.084717,-0.041029,0.044634,0.072455,0.080879,0.049502,0.002201,0.000716
0,-9.034206,-0.020515,0.054224,0.049985,0.064692,0.014958,0.001319,0.000358
0,-8.979647,-0.070947,0.036774,-0.03012,0.05445,-0.013359,0.000367,0.001238
0,-8.955497,-0.04166,0.029603,0.058866,0.027741,0.092231,5.5e-05,0.000727
0,-9.103042,-0.211959,-0.170893,-0.164211,-0.126463,-0.120498,0.002521,0.003699
0,-9.12995,-0.142155,-0.041133,0.068373,-0.073935,0.042323,0.00299,0.002481
0,-8.530367,-0.020618,0.578755,0.128954,0.571261,0.174517,0.000343,0.00036
0,-8.106702,-0.013608,0.4101,-0.017309,0.414679,0.018418,0.000767,0.000238
0,-7.536909,0.000937,0.545287,0.012673,0.587749,-0.007959,0.00136,1.6e-05
0,-7.051948,-0.089071,0.487765,-0.086342,0.463734,-0.061394,0.002006,0.001555
0,-6.65296,0.034472,0.391316,0.122171,0.367589,0.16444,0.001152,0.000602
0,-6.351858,-0.174091,0.276882,-0.19965,0.267626,-0.244753,0.001411,0.003038
0,-6.057944,-0.196416,0.314883,-0.029657,0.279821,0.014244,0.003719,0.003428
0,-5.690553,-0.188249,0.375507,0.020334,0.334682,-0.008697,0.002314,0.003286
0,-5.230828,-0.043403,0.450069,0.123665,0.411179,0.087526,0.002519,0.000758
0,-4.948685,-0.000297,0.26073,0.059621,0.216744,0.056101,0.000374,5e-06
0,-4.659324,-0.003519,0.303376,-0.001872,0.292741,-0.002994,0.003142,6.1e-05
0,-4.576999,-0.114743,0.054423,-0.0842,0.080314,-0.053062,0.001705,0.002003
0,-4.170713,-0.175518,0.425966,-0.034058,0.425291,-0.039285,0.002432,0.003063
0,-3.998942,-0.038085,0.161572,0.156363,0.149757,0.130572,0.000566,0.000665
0,-3.693328,0.017817,0.293143,0.083765,0.259743,0.100624,0.001918,0.000311
0,-3.604921,-0.209397,0.081896,-0.212862,0.039988,-0.197438,0.000375,0.003655
0,-3.438627,-0.172326,0.187259,0.008134,0.139718,0.038455,0.002528,0.003008
0,-3.168763,-0.007218,0.25224,0.188602,0.27552,0.2111,0.00058,0.000126
0,-2.900763,0.018686,0.244232,0.048297,0.252994,0.019734,0.001709,0.000326
0,-2.846472,-0.005071,0.054136,-0.039128,0.06881,-0.010091,0.002773,8.9e-05
0,-2.68854,-0.016798,0.140349,0.000665,0.106468,0.025299,1.7e-05,0.000293
0,-2.733907,-0.046137,-0.025949,-0.023325,0.015325,0.016903,0.000808,0.000805
0,-2.409351,-0.065766,0.303934,0.000362,0.326688,-0.013097,0.002962,0.001148
0,-2.199528,-0.190165,0.211934,-0.119665,0.173265,-0.121185,0.0007,0.003319
0,-2.128702,-0.189094,0.100219,0.006061,0.145307,0.027003,0.001937,0.0033
0,-2.082777,-0.211363,0.045302,-0.018645,0.061692,0.011454,0.002738,0.003689
0,-2.021712,-0.171462,0.032565,0.044893,-0.011895,0.01585,0.003804,0.002993
0,-1.796961,0.029142,0.251003,0.18565,0.23421,0.200004,9.1e-05,0.000509
0,-1.668962,0.007841,0.132825,-0.042384,0.154933,0.001621,0.002143,0.000137
0,-1.581057,-0.189045,0.072332,-0.207544,0.078814,-0.168517,0.003677,0.003299
0,-1.592265,0.035794,-0.039478,0.238509,-0.034599,0.197715,0.003481,0.000625
0,-1.418652,-0.001163,0.192104,-0.049627,0.191261,-0.075717,0.001307,2e-05
0,-1.295438,-0.107097,0.102953,-0.104565,0.072776,-0.13087,0.000844,0.001869
0,-1.120486,0.050706,0.171612,0.183427,0.169809,0.200697,0.003897,0.000885
0,-1.001685,-0.17588,0.12473,-0.235664,0.110567,-0.246259,0.001847,0.00307
0,-1.120694,-0.064343,-0.132877,0.114319,-0.106079,0.126328,0.003894,0.001123
0,-1.117282,0.046244,0.000989,0.125393,0.049705,0.114855,0.003865,0.000807
0,-0.999986,-0.071638,0.110517,-0.140184,0.14007,-0.100184,0.001817,0.00125
0,-1.042787,0.050027,-0.051994,0.107296,-0.0933,0.081146,0.002564,0.000873
0,-0.900594,0.009302,0.1596,-0.032292,0.198604,-0.012636,8.3e-05,0.000162
0,-1.070816,-0.128607,-0.169514,-0.144545,-0.164142,-0.125109,0.003054,0.002245
0,-0.821837,0.042623,0.275601,0.186658,0.257098,0.191244,0.001292,0.000744
0,-0.901874,-0.171392,-0.086188,-0.23526,-0.037003,-0.272847,0.000105,0.002991
0,-0.613739,-0.181087,0.313564,-0.032304,0.267864,0.016621,0.002894,0.003161
0,-0.785315,0.038941,-0.151556,0.215504,-0.166263,0.215628,0.001929,0.00068
0,-0.557097,-0.040033,0.244586,-0.108201,0.268264,-0.150659,0.001905,0.000699
0,-0.493243,0.083692,0.06686,0.147435,0.034704,0.106795,0.000791,0.001461
0,-0.529838,0.136083,-0.059051,0.073008,-0.018601,0.054293,0.00143,0.002375
0,-0.659878,-0.068239,-0.125645,-0.2121,-0.148297,-0.222587,0.003699,0.001191
0,-0.461573,0.058459,0.186282,0.127058,0.16361,0.141562,0.000238,0.00102
0,-0.537356,0.102163,-0.0792,0.030793,-0.122875,0.05191,0.001561,0.001783
0,-0.560145,0.0034,-0.01276,-0.116191,0.014446,-0.093681,0.001958,5.9e-05
0,-0.45936,0.109209,0.091733,0.100743,0.113725,0.102301,0.000199,0.001906
0,-0.490191,0.141505,-0.041631,0.012011,-0.078601,0.018478,0.000738,0.00247
0,-0.494781,-0.098144,-0.004618,-0.217677,0.018146,-0.194189,0.000818,0.001713
0,-0.26371,0.115716,0.250292,0.24371,0.251568,0.210415,0.003215,0.00202
0,-0.196791,-0.018552,0.068212,-0.143973,0.057052,-0.139388,0.003435,0.000324
0,-0.280942,0.180899,-0.090598,0.177316,-0.125453,0.136851,0.002915,0.003157
0,-0.289118,0.045587,-0.013737,-0.164331,-0.05108,-0.2051,0.002772,0.000796
0,-0.343969,0.073511,-0.040638,0.057059,-0.002051,0.09881,0.001814,0.001283
0,-0.171918,0.102555,0.187788,0.039888,0.194055,0.064531,0.003001,0.00179
0,-0.122514,-0.023285,0.030663,-0.133408,-0.009695,-0.163787,0.002138,0.000406
0,-0.064414,0.149093,0.073805,0.193912,0.07516,0.176645,0.001124,0.002602
0,-0.165826,0.095739,-0.092317,-0.067322,-0.112232,-0.038107,0.002894,0.001671
0,-0.095269,0.011374,0.099094,-0.077597,0.05531,-0.078955,0.001663,0.000199
0,-0.010045,-0.052303,0.095472,-0.035647,0.105307,0.010729,0.000175,0.000913
0,-0.088652,0.069226,-0.051835,0.111662,-0.070511,0.149769,0.001547,0.001208
0,-0.276752,-0.060744,-0.177089,-0.155201,-0.190597,-0.149153,0.002988,0.00106
0,-0.279376,0.089894,-0.022952,0.144382,-0.035253,0.131795,0.002942,0.001569
0,-0.332941,-0.075803,-0.069515,-0.146217,-0.020999,-0.101073,0.002007,0.001323
0,-0.195362,-0.079935,0.128601,0.002492,0.119963,0.015253,0.00341,0.001395
0,-0.153705,-0.063585,0.062323,0.030538,0.033301,0.078515,0.002683,0.00111
0,-0.158274,0.100916,-0.020269,0.141375,-0.065074,0.150081,0.002762,0.001761
0,-9.072486,1.171434,-8.942834,1.067621,-8.898165,1.085164,0.001987,0.003008
0,-8.916532,1.368878,0.131195,0.170738,0.128811,0.170374,0.000735,0.000438
0,-8.918199,1.590822,-0.001734,0.230013,-0.006573,0.194496,0.000706,0.003506
0,-8.918768,1.4206,-0.002329,-0.198008,-0.017625,-0.174861,0.000696,0.001341
0,-8.850177,0.990659,0.074721,-0.443119,0.088768,-0.489723,0.001893,0.001655
0,-8.90309,0.862887,-0.056891,-0.150499,-0.092043,-0.138286,0.000969,0.000576
0,-9.064793,0.624684,-0.156178,-0.254358,-0.148858,-0.244183,0.001853,0.003085
0,-9.035118,0.74624,0.008296,0.103933,0.00989,0.147828,0.001335,0.002611
0,-9.075756,0.322847,-0.036575,-0.444637,-0.008272,-0.448124,0.002044,0.002183
0,-9.036077,0.074357,0.066686,-0.265064,0.042818,-0.2491,0.001352,0.001298
0,-8.944725,-0.079926,0.073749,-0.127443,0.096832,-0.136202,0.000243,0.001395
0,-8.970439,-0.090667,-0.020128,-0.036096,-0.053491,-0.034839,0.000206,0.001582
0,-9.029167,-0.276404,-0.047863,-0.195879,-0.052751,-0.227238,0.001231,0.002994
0,-8.854189,-0.023628,0.145315,0.262764,0.097806,0.237002,0.001823,0.000412
0,-9.064002,-0.056708,-0.195729,-0.054684,-0.163659,-0.023117,0.001839,0.00099
0,-9.028179,-0.091896,0.057872,-0.051095,0.017467,-0.068554,0.001214,0.001604
0,-8.888363,0.025094,0.13681,0.101299,0.087532,0.105171,0.001226,0.000438
0,-9.038309,-0.084508,-0.15273,-0.133729,-0.130949,-0.146651,0.001391,0.001475
0,-8.915343,-0.055532,0.107915,0.002996,0.082258,-0.038598,0.000755,0.000969
0,-8.878743,-0.105973,0.029838,-0.043432,0.035275,-0.005557,0.001394,0.00185
0,-8.933851,0.055622,-0.060432,0.157819,-0.055799,0.205481,0.000432,0.000971
0,-8.999137,-0.11595,-0.078163,-0.174465,-0.103579,-0.145627,0.000707,0.002024
0,-8.859919,-0.175869,0.126649,-0.06749,0.155796,-0.044732,0.001723,0.003069
0,-8.900424,-0.234394,-0.027165,-0.035748,0.002372,-0.081048,0.001016,0.003727
0,-8.980927,0.026703,-0.053525,0.261496,-0.058329,0.295912,0.000389,0.000466
0,-8.969097,0.104846,0.035033,0.106516,-0.003028,0.139665,0.000183,0.00183
0,-9.099854,0.011709,-0.115003,-0.120361,-0.073216,-0.146012,0.002465,0.000204
0,-9.005622,-0.073635,0.122375,-0.092497,0.155725,-0.123502,0.00082,0.001285
0,-8.933463,-0.00618,0.0715,0.093004,0.067956,0.140743,0.000439,0.000108
0,-9.067844,0.007695,-0.126207,0.008517,-0.119882,0.007049,0.001906,0.000134
0,-9.000405,0.076778,0.071155,0.043188,0.101656,0.032185,0.000729,0.00134
0,-8.982099,-0.006749,0.039678,-0.070578,0.013418,-0.086321,0.00041,0.000118
0,-8.870276,-0.053579,0.140284,-0.066303,0.094412,-0.053586,0.001542,0.000935
0,-7.692955,0.036966,1.159607,0.072145,1.165571,0.087391,0.001363,0.000645
0,-7.177432,-0.032038,0.504872,-0.092285,0.521476,-0.127729,0.000184,0.000559
0,-6.599681,0.167695,0.568373,0.187593,0.597919,0.13967,0.000306,0.002927
0,-6.283674,-0.000486,0.307068,-0.196458,0.355253,-0.150857,0.000221,8e-06
0,-6.045181,0.019944,0.239433,0.004884,0.222891,0.044701,0.003876,0.000348
0,-5.704425,0.117677,0.347041,0.080928,0.396543,0.035921,0.002071,0.002054
0,-5.248658,-0.013941,0.448969,-0.156595,0.428742,-0.171741,0.002208,0.000243
0,-5.203166,0.037589,0.068708,0.023506,0.07795,-0.006898,0.003002,0.000656
0,-4.778229,0.093423,0.437587,0.028382,0.388765,0.054084,0.002601,0.001631
0,-4.558435,0.057448,0.19433,-0.032818,0.147373,-0.061239,0.001381,0.001003
0,-4.289628,0.078115,0.249691,0.043342,0.243048,0.092396,0.003311,0.001363
0,-3.868042,-0.007952,0.451107,-0.102418,0.443648,-0.056419,0.002851,0.000139
0,-3.750516,0.12551,0.102571,0.147537,0.099045,0.163149,0.002916,0.002191
0,-3.49165,0.05046,0.26994,-0.101909,0.256168,-0.069907,0.001602,0.000881
0,-3.457797,-0.078535,0.054834,-0.148229,0.0918,-0.139377,0.002193,0.001371
0,-3.173785,-0.007421,0.271545,0.064281,0.302916,0.023414,0.000668,0.00013
0,-2.913712,0.076217,0.246978,0.094248,0.286779,0.073801,0.003871,0.00133
0,-2.791872,-0.105236,0.094895,-0.20489,0.078363,-0.158933,0.00182,0.001837
0,-2.636414,0.115107,0.155189,0.234529,0.181794,0.19137,0.000893,0.002009
0,-2.567235,0.064993,0.099177,-0.079168,0.117623,-0.048868,0.002101,0.001134
0,-2.577423,-0.003109,-0.014781,-0.083052,-0.033617,-0.046314,0.001923,5.4e-05
0,-2.242458,0.071158,0.332487,0.082036,0.356873,0.051926,4.9e-05,0.001242
0,-2.21954,0.05919,0.043947,-0.031257,0.069995,0.003375,0.000351,0.001033
0,-2.096805,0.103788,0.093438,0.033263,0.081065,0.074176,0.002493,0.001811
0,-2.001399,0.145229,0.103238,0.052009,0.075206,0.042556,0.003659,0.002535
0,-1.93627,0.044953,0.039479,-0.105996,0.072688,-0.139966,0.002523,0.000785
0,-1.753107,0.21538,0.155092,0.178165,0.111772,0.162886,0.000674,0.003759
0,-1.683811,0.147879,0.093974,-0.064012,0.075233,-0.068997,0.001883,0.002581
0,-1.550632,-0.065029,0.106615,-0.225819,0.101209,-0.218819,0.00361,0.001135
0,-1.451609,-0.00845,0.111975,0.060357,0.066481,0.082292,0.001882,0.000147
0,-1.63732,0.150635,-0.215104,0.155864,-0.227475,0.145702,0.002695,0.002629
0,-1.406654,-0.031021,0.229291,-0.20214,0.251903,-0.206533,0.001097,0.000541
0,-1.366556,0.031456,0.018515,0.080303,-0.011375,0.070542,0.000397,0.000549
0,-1.262504,0.214803,0.089146,0.174367,0.072926,0.174883,0.001419,0.003749
0,-1.1366,0.10384,0.135386,-0.103992,0.145257,-0.111703,0.003616,0.001812
0,-1.226547,-0.072019,-0.112834,-0.20228,-0.121006,-0.217157,0.002046,0.001257
0,-1.188648,0.159497,0.014653,0.259097,0.052036,0.254204,0.002708,0.002784
0,-1.214915,0.125644,-0.043948,-0.022684,-0.035361,-0.010628,0.002249,0.002193
0,-1.092355,0.10403,0.108235,-0.029045,0.065313,-0.05788,0.003429,0.001816
0,-1.110065,0.098785,-0.044185,-0.031351,-0.038185,-0.04,0.003739,0.001724
0,-0.96458,0.190087,0.147784,0.092228,0.180763,0.128965,0.001199,0.003318
0,-0.774853,-0.056569,0.214265,-0.234369,0.224827,-0.187681,0.002112,0.000987
0,-0.725899,0.178492,0.030717,0.22428,0.076393,0.206066,0.002966,0.003115
0,-0.664745,0.154895,0.058704,-0.034342,0.076701,0.005631,0.003784,0.002703
0,-0.612013,0.131755,0.026988,-0.004633,0.005467,0.03743,0.002864,0.0023
0,-0.671736,-0.068229,-0.043452,-0.209682,-0.029934,-0.20701,0.003906,0.001191
0,-0.572672,-0.05419,0.073115,0.01601,0.097289,0.045282,0.002177,0.000946
0,-0.566518,-0.059939,0.019578,0.005783,0.00261,-0.013831,0.00207,0.001046
0,-0.652409,0.004008,-0.089635,0.081183,-0.094169,0.04866,0.003569,7e-05
0,-0.535457,0.002529,0.128939,-0.028758,0.167305,-0.063684,0.001528,4.4e-05
0,-0.365591,0.192961,0.162348,0.184565,0.169327,0.137225,0.001437,0.003368
0,-0.356057,0.026064,0.021213,-0.172635,0.013975,-0.202214,0.001604,0.000455
0,-0.46733,0.050767,-0.082372,0.018497,-0.088538,-0.01847,0.000339,0.000886
0,-0.26173,0.133905,0.177572,0.065626,0.190657,0.098497,0.00325,0.002337
0,-0.445084,0.022372,-0.18593,-0.09606,-0.201125,-0.077659,5e-05,0.00039
0,-0.228464,0.047251,0.207285,-0.003648,0.200786,0.026121,0.00383,0.000825
0,-0.234999,-0.03301,-0.001944,-0.061228,-0.004547,-0.041648,0.003716,0.000576
0,-0.20081,-0.140186,0.055479,-0.123372,0.09747,-0.140824,0.003505,0.002447
0,-0.455704,0.068544,-0.282639,0.18306,-0.257691,0.141939,0.000136,0.001196
0,-0.312038,-0.052541,0.119263,-0.098738,0.11795,-0.065365,0.002372,0.000917
0,-0.463355,-0.085088,-0.159547,-0.016985,-0.187115,0.010244,0.000269,0.001485
0,-0.340065,-0.163826,0.111367,-0.088866,0.067655,-0.112414,0.001883,0.002859
0,-0.350185,-0.061695,-0.020983,0.072776,-0.041762,0.062774,0.001706,0.001077
0,-0.350124,-0.159839,-0.025574,-0.073256,-0.044364,-0.096767,0.001707,0.00279
0,-0.313314,-0.170915,0.023106,-0.03007,-0.018992,0.01908,0.00235,0.002983
0,-0.172129,-0.043196,0.151945,0.107047,0.128973,0.076802,0.003004,0.000754
0,-0.090736,-0.136198,0.089941,-0.093147,0.132399,-0.08036,0.001584,0.002377
0,-0.250586,0.034094,-0.137262,0.165083,-0.140877,0.187595,0.003444,0.000595
0,-0.154483,0.13308,0.082668,0.111115,0.114153,0.070467,0.002696,0.002323
0,-0.024444,0.069907,0.139505,-0.066516,0.178378,-0.100097,0.000427,0.00122
0,-0.020455,-0.120858,0.010679,-0.186093,-0.035164,-0.204676,0.000357,0.002109
0,-0.108474,-0.190085,-0.110916,-0.08372,-0.13698,-0.115318,0.001893,0.003318
0,0.052683,0.066508,0.191125,0.267664,0.201687,0.300899,0.000919,0.001161
0,0.048433,-0.169778,0.009528,-0.230322,-0.032345,-0.264849,0.000845,0.002963
0,-0.175152,-0.159238,-0.224929,0.021198,-0.250514,-0.028755,0.003057,0.002779
0,0.099905,-0.009136,0.271807,0.179186,0.265537,0.146031,0.001744,0.000159
0,-0.063669,-0.047367,-0.149927,-0.017797,-0.182322,-0.020247,0.001111,0.000827
0,-0.078396,-0.064325,-0.03688,-0.038803,-0.044548,-0.05278,0.001368,0.001123
0,-0.177315,-0.105278,-0.119924,-0.054908,-0.082745,-0.037302,0.003095,0.001837
0,-0.029976,-0.013359,0.140483,0.090666,0.154741,0.073448,0.000523,0.000233
0,-0.017749,0.118654,-0.003211,0.124264,0.043881,0.110288,0.00031,0.002071
0,-0.209365,-0.02741,-0.195338,-0.174688,-0.220449,-0.204504,0.003654,0.000478
0,-0.070729,-0.022062,0.146889,0.005835,0.195145,0.028498,0.001234,0.000385
0,-0.115133,0.060048,-0.034591,0.056967,-0.064504,0.014885,0.002009,0.001048
0,-0.00834,-0.070902,0.081139,-0.125319,0.071181,-0.098908,0.000146,0.001237
0,-0.012769,0.149838,-0.016304,0.2328,-0.020238,0.279464,0.000223,0.002615
0,-0.129856,0.111492,-0.135848,-0.016481,-0.170737,0.01351,0.002266,0.001946
0,-0.01743,0.157946,0.119584,0.064668,0.073612,0.073304,0.000304,0.002757
0,-0.199627,-0.088431,-0.208069,-0.259666,-0.24041,-0.233042,0.003484,0.001543
0,-0.150695,-0.098579,0.036525,-0.027917,0.042828,-0.076499,0.00263,0.001721
0,-0.005383,0.11319,0.173752,0.203742,0.184102,0.21797,9.4e-05,0.001976
0,0.070546,0.138441,0.047172,0.018856,0.047185,-0.021103,0.001231,0.002416
0,0.066373,-0.000871,-0.000284,-0.131407,0.000923,-0.157801,0.001158,1.5e-05
0,0.158513,0.108696,0.093749,0.137872,0.076231,0.145331,0.002767,0.001897
0,0.176435,0.039542,0.021086,-0.053009,0.022928,-0.097884,0.003079,0.00069
0,0.033492,0.101268,-0.166863,0.067582,-0.206825,0.033937,0.000585,0.001767
0,-0.042153,-0.080227,-0.062992,-0.166119,-0.102037,-0.185525,0.000736,0.0014
0,0.088794,-0.139818,0.134726,-0.085298,0.113911,-0.073685,0.00155,0.00244
0,0.030443,-0.013711,-0.086972,0.103026,-0.079454,0.108264,0.000531,0.000239
0,0.031425,0.08879,0.026768,0.085456,-0.021995,0.116756,0.000548,0.00155
0,0.078069,0.098904,0.06204,0.002103,0.101421,0.023056,0.001363,0.001726
0,0.138178,0.071663,0.077744,-0.008829,0.10659,-0.006031,0.002412,0.001251
0,-0.046522,-0.135243,-0.209229,-0.211565,-0.227747,-0.20854,0.000812,0.00236
0,0.102012,-0.114608,0.138056,0.049019,0.114091,0.026319,0.00178,0.002
0,0.020692,-0.033907,-0.077781,0.077312,-0.103473,0.064328,0.000361,0.000592
0,-0.075332,-0.084657,-0.080203,-0.058472,-0.119989,-0.064777,0.001315,0.001478
0,0.053396,-0.000354,0.127323,0.068895,0.12012,0.026993,0.000932,6e-06
0,-0.049657,0.159259,-0.100032,0.148698,-0.09461,0.137621,0.000867,0.00278
0,0.045939,-0.042687,0.079441,-0.186021,0.10467,-0.217635,0.000802,0.000745
0,-0.042943,0.052761,-0.111836,0.115785,-0.132876,0.091402,0.000749,0.000921
0,-0.052177,-0.084089,0.01126,-0.141253,0.050777,-0.09758,0.000911,0.001468
0,0.114968,0.009004,0.176586,0.080505,0.14535,0.128242,0.002007,0.000157
0,-0.033924,0.103872,-0.129422,0.068433,-0.135661,0.054316,0.000592,0.001813
0,-0.096797,-0.021702,-0.045803,-0.145318,-0.037746,-0.165731,0.001689,0.000379
0,0.154429,-0.03422,0.262927,-0.026208,0.21776,-0.059828,0.002695,0.000597
0,-0.063366,-0.144043,-0.236142,-0.131767,-0.216841,-0.127254,0.001106,0.002514
0,-0.039528,0.021546,0.050983,0.181873,0.023195,0.230863,0.00069,0.000376
0,0.001514,0.086913,0.026496,0.044814,0.025315,0.006755,2.6e-05,0.001517
0,-0.064554,-0.069021,-0.044619,-0.128489,-0.044896,-0.104121,0.001127,0.001205
0,-0.12347,0.000584,-0.051672,0.097786,-0.066362,0.056692,0.002155,1e-05
0,0.098398,-0.009745,0.234099,0.011278,0.277439,-0.03251,0.001717,0.00017
0,-0.129151,-0.033894,-0.235493,0.000957,-0.18683,-0.048109,0.002254,0.000592
0,-0.007303,-0.06672,0.142983,-0.020513,0.146673,0.025896,0.000127,0.001164
0,-0.015012,-0.077618,-0.025851,-0.016126,-0.01739,0.023077,0.000262,0.001355
0,0.033339,-0.02927,0.065576,0.030722,0.034557,0.035996,0.000582,0.000511
0,-0.082198,-0.116393,-0.097943,-0.097252,-0.094495,-0.125434,0.001435,0.002031
0,0.160571,-0.054988,0.259333,0.058248,0.254542,0.107453,0.002802,0.00096
0,-0.065263,0.122802,-0.223351,0.150108,-0.205399,0.193448,0.001139,0.002143
0,-0.026481,0.038563,0.060163,-0.072701,0.06204,-0.026746,0.000462,0.000673
0,0.019441,-0.050226,0.026109,-0.063385,0.010536,-0.057579,0.000339,0.000877
0,0.038396,0.058387,0.009269,0.11163,0.043824,0.119034,0.00067,0.001019
0,0.139237,-0.089811,0.122412,-0.130334,0.087006,-0.095071,0.00243,0.001567
0,-0.032298,0.04375,-0.160654,0.123062,-0.210045,0.137949,0.000564,0.000764
0,-0.064006,0.117975,-0.011418,0.053345,0.032335,0.040917,0.001117,0.002059
0,-0.00783,0.038117,0.038798,-0.074675,0.062295,-0.083329,0.000137,0.000665
0,0.009158,-0.139492,0.015096,-0.160687,0.017921,-0.148968,0.00016,0.002435
0,0.006352,0.03704,-0.025946,0.172912,-0.040465,0.133217,0.000111,0.000646
0,0.145665,-0.114923,0.139794,-0.122272,0.107378,-0.113014,0.002542,0.002006
0,0.096275,-0.00865,-0.038219,0.091363,-0.065427,0.076964,0.00168,0.000151
0,-0.032771,0.102627,-0.118501,0.120466,-0.125139,0.157323,0.000572,0.001791
0,0.001729,-0.025341,0.045905,-0.145438,0.051658,-0.176164,3e-05,0.000442
0,-0.091716,0.092993,-0.087415,0.122348,-0.064753,0.165571,0.001601,0.001623
0,0.053977,0.178594,0.162208,0.111518,0.203326,0.131143,0.000942,0.003117
0,0.04651,0.162784,0.020972,-0.012675,0.042815,0.033835,0.000812,0.002841
0,0.161268,-0.095145,0.138842,-0.280941,0.175193,-0.295399,0.002815,0.001661
0,0.167135,0.086384,0.014898,0.204558,0.02923,0.246227,0.002917,0.001508
0,-0.029804,-0.116706,-0.182115,-0.178648,-0.216898,-0.212382,0.00052,0.002037
0,-0.09455,0.099784,-0.054797,0.223713,-0.024867,0.196597,0.00165,0.001742
0,-0.012148,0.17312,0.057577,0.10206,0.099401,0.056116,0.000212,0.003022
0,0.045398,0.087203,0.050814,-0.090837,0.025324,-0.060884,0.000792,0.001522
0,-0.031873,0.033577,-0.050604,-0.026863,-0.077409,-0.009338,0.000556,0.000586
0,-0.040568,0.161995,-0.037156,0.142087,-0.076494,0.114285,0.000708,0.002827
0,0.121313,0.138534,0.165383,-0.020224,0.15686,-0.032988,0.002117,0.002418
0,-0.081701,0.078377,-0.17344,-0.04359,-0.133448,-0.077445,0.001426,0.001368
0,-0.011793,0.029235,0.047686,-0.044749,0.09274,-0.049405,0.000206,0.00051
0,-0.201876,0.118783,-0.172672,0.110046,-0.14105,0.134734,0.003523,0.002073
0,0.025816,-0.105002,0.223073,-0.2046,0.259754,-0.156664,0.000451,0.001833
0,-0.143155,0.098489,-0.192,0.210421,-0.156897,0.171763,0.002499,0.001719
0,0.070237,0.035704,0.233855,-0.078191,0.273641,-0.104703,0.001226,0.000623
0,0.11456,0.102931,0.018317,0.078713,0.009262,0.058176,0.001999,0.001796
0,-0.141975,-0.180535,-0.238448,-0.294151,-0.269853,-0.28096,0.002478,0.003151
0,-0.073059,0.09418,0.084378,0.257533,0.120496,0.291697,0.001275,0.001644
0,-0.096774,-0.031495,-0.037259,-0.099893,-0.05635,-0.060511,0.001689,0.00055
0,-0.167426,-0.08036,-0.099813,-0.060584,-0.06984,-0.081655,0.002922,0.001403
0,-0.027912,-0.040312,0.142223,0.050299,0.166796,0.019675,0.000487,0.000704
0,-0.014743,-0.087385,0.037295,-0.02429,0.051144,-0.06553,0.000257,0.001525
0,0.111895,-0.043666,0.11909,0.025137,0.138246,0.00853,0.001953,0.000762
0,0.080397,0.087206,-0.011958,0.114161,0.015097,0.06941,0.001403,0.001522
0,0.242543,0.088068,0.178067,0.012408,0.132541,0.053134,0.003585,0.001537
0,0.012873,0.004384,-0.245281,-0.113393,-0.271649,-0.138221,0.000225,7.7e-05
0,0.158958,-0.064384,0.132529,-0.040748,0.110901,-0.074023,0.002774,0.001124
0,0.168889,0.088013,0.025539,0.155381,-0.009109,0.159974,0.002948,0.001536
0,0.140826,0.068947,-0.048265,-0.039642,-0.035364,-0.071078,0.002458,0.001203
0,0.132042,-0.133405,-0.019908,-0.210948,-0.031403,-0.252544,0.002305,0.002328
0,0.287181,-0.108059,0.184349,0.004702,0.213803,-0.005465,0.002806,0.001886
0,0.19277,-0.055255,-0.08709,0.063098,-0.074865,0.083121,0.003364,0.000964
0,0.301471,0.072678,0.086678,0.134959,0.10703,0.171265,0.002556,0.001268
0,0.295571,-0.092559,-0.023695,-0.137461,-0.043369,-0.14843,0.002659,0.001615
0,0.319339,-0.089558,-0.00073,-0.020619,-0.049677,-0.037882,0.002244,0.001563
0,0.360332,-0.027357,0.014501,0.037391,-0.033518,-0.003867,0.001529,0.000477
0,0.221358,0.109436,-0.160613,0.125468,-0.16047,0.110551,0.003863,0.00191
0,0.227712,-0.155732,0.005565,-0.2699,0.043644,-0.227029,0.003844,0.002718
0,0.257687,-0.081009,0.024738,0.044723,0.054337,0.037459,0.00332,0.001414
0,0.175842,-0.08281,-0.060828,0.014241,-0.023648,0.029081,0.003069,0.001445
0,0.026164,-0.024169,-0.163288,0.062622,-0.195771,0.100905,0.000457,0.000422
0,0.224644,-0.132753,0.200074,-0.134525,0.152457,-0.182323,0.003897,0.002317
0,-0.021308,0.052915,-0.242767,0.214788,-0.22306,0.263185,0.000372,0.000924
0,0.085919,0.032563,0.103804,-0.030361,0.100784,-0.047803,0.0015,0.000568
0,0.145285,0.02615,0.043844,0.011677,0.06186,0.006244,0.002536,0.000456
0,0.197714,0.037381,0.036227,0.019019,0.029374,0.000863,0.003451,0.000652
0,-0.0059,0.055945,-0.231439,0.000301,-0.194501,0.015803,0.000103,0.000976
0,0.21263,-0.004885,0.237083,-0.032693,0.229943,-0.02987,0.003711,8.5e-05
0,0.012349,-0.048029,-0.185143,-0.01582,-0.199949,-0.03806,0.000216,0.000838
0,-0.037203,-0.102635,-0.062758,-0.082501,-0.107834,-0.070845,0.000649,0.001791
0,0.158477,-0.184862,0.186573,-0.07564,0.190022,-0.041713,0.002766,0.003226
0,-0.070833,0.029115,-0.213949,0.236779,-0.235453,0.261208,0.001236,0.000508
0,0.064721,-0.107713,0.145348,-0.152718,0.150481,-0.196087,0.00113,0.00188
0,-0.089734,-0.109317,-0.165204,-0.007803,-0.209887,-0.013815,0.001566,0.001908
0,-0.178162,-0.189622,-0.066885,-0.080136,-0.059851,-0.085706,0.00311,0.00331
0,0.041523,-0.137319,0.192338,0.044324,0.172815,0.020151,0.000725,0.002397
0,0.03748,-0.099707,-0.003315,0.0482,-0.049074,0.065948,0.000654,0.00174
0,-0.006353,-0.040066,-0.01918,0.086641,-0.004272,0.129011,0.000111,0.000699
0,-0.007254,-0.056237,-0.003978,-0.027829,0.029459,-0.068463,0.000127,0.000982
0,0.149855,-0.159745,0.162213,-0.115322,0.117384,-0.133886,0.002615,0.002788
0,-0.077855,0.037925,-0.210566,0.168425,-0.230041,0.147218,0.001359,0.000662
0,-0.148783,0.008584,-0.094201,-0.039708,-0.103494,-0.013221,0.002597,0.00015
0,0.060738,-0.029116,0.212702,-0.027383,0.178768,-0.01968,0.00106,0.000508
0,0.065775,-0.149574,0.027517,-0.112185,-0.002073,-0.151808,0.001148,0.002611
0,0.059213,0.022083,3.1e-05,0.174685,-0.017949,0.156324,0.001033,0.000385
0,0.046597,-0.182238,-0.011914,-0.178398,-0.014039,-0.163189,0.000813,0.003181
0,-0.050294,-0.091615,-0.09422,0.098803,-0.057333,0.081815,0.000878,0.001599
0,-0.102903,-0.191057,-0.034348,-0.117936,-0.048586,-0.075141,0.001796,0.003335
0,-0.081784,-0.042681,0.00621,0.154495,0.043215,0.1685,0.001427,0.000745
0,-0.205254,0.028224,-0.118892,0.072834,-0.090112,0.057452,0.003582,0.000493
0,-0.146519,-0.096151,0.03903,-0.13531,0.006283,-0.13243,0.002557,0.001678
0,-0.095406,-0.07362,0.078761,0.007781,0.104453,-0.027095,0.001665,0.001285
0,-0.24086,-0.149253,-0.127381,-0.097402,-0.137802,-0.143552,0.003614,0.002605
0,-0.22553,0.053809,0.043048,0.212176,0.019419,0.205818,0.003882,0.000939
0,-0.196823,-0.021709,0.024632,-0.051663,0.071484,-0.006625,0.003435,0.000379
0,-0.051261,0.108322,0.169002,0.120743,0.210952,0.162961,0.000895,0.001891
0,-0.140772,-0.122544,-0.096814,-0.241962,-0.074469,-0.290566,0.002457,0.002139
0,-0.031418,0.081878,0.132203,0.230023,0.111624,0.184086,0.000548,0.001429
0,-0.218984,0.006441,-0.169676,-0.090511,-0.183219,-0.063976,0.003822,0.000112
0,-0.047159,0.013203,0.189401,0.010681,0.172628,0.049431,0.000823,0.00023
0,-0.013489,0.129701,0.029975,0.138538,0.05256,0.123092,0.000235,0.002264
0,0.070048,0.012232,0.089548,-0.122714,0.040908,-0.154145,0.001223,0.000213
0,0.041144,0.031969,-0.051677,0.014158,-0.031858,-0.008733,0.000718,0.000558
0,0.089491,0.023303,0.042808,0.018651,0.068323,0.027395,0.001562,0.000407
0,0.003968,0.101382,-0.05744,0.1017,-0.070574,0.117327,6.9e-05,0.001769
0,0.004636,0.109855,-0.004374,0.022114,-0.020479,-0.003232,8.1e-05,0.001917
0,-0.022029,0.005777,-0.024897,-0.121686,-0.046495,-0.081558,0.000384,0.000101
0,0.043168,-0.034549,0.046159,-0.052498,0.025474,-0.06122,0.000753,0.000603
0,0.063494,-0.001926,0.047783,0.019456,0.023956,0.022537,0.001108,3.4e-05
0,-0.039856,-0.10872,-0.095115,-0.082794,-0.136149,-0.051046,0.000696,0.001898
0,0.045755,-0.1296,0.094138,-0.030546,0.101894,0.005074,0.000799,0.002262
0,0.200907,-0.12919,0.18273,-0.008571,0.172275,-0.012748,0.003506,0.002255
0,0.076562,-0.028289,-0.154304,0.128445,-0.192766,0.122876,0.001336,0.000494
0,0.145937,0.056539,0.047059,0.059304,0.067171,0.0284,0.002547,0.000987
0,0.095904,0.107754,-0.049918,0.037312,-0.06055,-0.00728,0.001674,0.001881
0,0.12801,0.178464,0.061241,0.058081,0.012363,0.08141,0.002234,0.003115
0,0.140965,0.045816,0.036258,-0.127967,0.023145,-0.130197,0.00246,0.0008
0,0.131048,-0.048046,0.013776,-0.063972,0.059364,-0.061663,0.002287,0.000839
0,0.085934,0.102097,-0.0602,0.141967,-0.053685,0.102549,0.0015,0.001782
0,0.204707,0.114989,0.141537,0.031044,0.187479,0.047571,0.003573,0.002007
0,0.143874,-0.031207,-0.08376,-0.174294,-0.106062,-0.127955,0.002511,0.000545
0,0.007104,0.03347,-0.121355,0.085176,-0.131935,0.078355,0.000124,0.000584
0,0.065795,0.173995,0.065298,0.146525,0.100316,0.12632,0.001148,0.003037
0,-0.028261,-0.072264,-0.104844,-0.224177,-0.063562,-0.256985,0.000493,0.001261
0,0.206448,0.113592,0.256253,0.165087,0.209519,0.121491,0.003603,0.001983
0,0.150979,-0.018523,-0.064556,-0.123913,-0.087583,-0.139951,0.002635,0.000323
0,0.163558,0.139148,0.013546,0.153116,0.003591,0.138301,0.002855,0.002429
0,0.135936,-0.070862,-0.007556,-0.217306,0.039376,-0.172877,0.002373,0.001237
0,0.223018,-0.070336,0.112012,0.025881,0.093828,0.062786,0.003892,0.001228
0,0.005533,0.118189,-0.191799,0.167115,-0.150469,0.14022,9.7e-05,0.002063
0,0.166559,0.090204,0.133711,-0.047286,0.142847,-0.056189,0.002907,0.001574
0,0.263875,-0.037093,0.082581,-0.146801,0.042594,-0.150634,0.003212,0.000647
0,0.106241,0.049337,-0.163544,0.079929,-0.175323,0.079094,0.001854,0.000861
0,0.167737,0.053739,0.08897,0.019158,0.069838,0.030838,0.002928,0.000938
0,0.016553,0.119548,-0.131898,0.084274,-0.113593,0.052404,0.000289,0.002087
0,0.026913,0.014842,0.00592,-0.114162,0.0479,-0.138776,0.00047,0.000259
0,0.034104,0.088131,0.001947,0.07354,-0.029429,0.052496,0.000595,0.001538
0,0.004652,0.001656,-0.002456,-0.078359,0.045245,-0.066582,8.1e-05,2.9e-05
0,0.11465,0.074524,0.090916,0.092133,0.127655,0.057493,0.002001,0.001301
0,0.183013,0.018547,0.054587,-0.03982,0.060122,-0.014807,0.003194,0.000324
0,-0.005822,0.087605,-0.197631,0.073975,-0.163586,0.108895,0.000102,0.001529
0,-0.056434,0.040181,-0.03038,-0.051242,-0.010091,-0.058236,0.000985,0.000701
0,-0.02737,0.032674,0.029146,-0.015818,0.037354,-0.0646,0.000478,0.00057
0,0.105373,0.05665,0.152349,0.028922,0.201822,-0.002937,0.001839,0.000989
0,-0.018138,0.081722,-0.129754,0.022295,-0.123631,0.00153,0.000317,0.001426
0,-0.096416,-0.126182,-0.078371,-0.210918,-0.08857,-0.207122,0.001683,0.002202
0,0.088406,0.169682,0.167622,0.312084,0.150988,0.361846,0.001543,0.002962
0,0.02591,0.092628,-0.050041,-0.060353,-0.090194,-0.070112,0.000452,0.001617
0,0.057257,0.155888,0.055042,0.086584,0.048152,0.111561,0.000999,0.002721
0,-8.905608,-1.648717,-8.985497,-1.833926,-8.983595,-1.844712,0.000925,0.002496
0,-8.890058,-1.47994,0.041362,0.158619,0.060007,0.187885,0.001197,0.002376
0,-8.99194,-1.488902,-0.130354,0.005997,-0.131075,0.034097,0.000581,0.002533
0,-8.918696,-1.27318,0.048084,0.209121,0.043141,0.177972,0.000697,0.001232
0,-9.116485,-1.193026,-0.184454,0.074514,-0.185777,0.108237,0.002755,0.002631
0,-8.973259,-0.846968,0.136502,0.337401,0.135471,0.288852,0.000255,0.000853
0,-8.927452,-0.69303,0.053206,0.15372,0.015972,0.123424,0.000544,0.00354
0,-9.112997,-0.45836,-0.156513,0.25492,-0.144077,0.229193,0.002694,0.000182
0,-9.03263,0.103605,0.083314,0.566953,0.072279,0.523465,0.001292,0.001808
0,-9.106245,0.22267,-0.067598,0.091935,-0.025808,0.066552,0.002576,0.003886
0,-9.002366,0.177839,0.126243,-0.068519,0.169041,-0.081494,0.000763,0.003104
0,-9.062064,0.144768,-0.060997,-0.010734,-0.056447,-0.059632,0.001805,0.002527
0,-8.884183,0.130336,0.167192,-0.005869,0.189196,0.04301,0.001299,0.002275
0,-8.882471,0.137953,-0.011765,0.037524,0.025831,0.043809,0.001329,0.002408
0,-8.854353,0.369575,0.001963,0.221523,0.034004,0.190319,0.00182,0.001368
0,-9.099066,0.209344,-0.232791,-0.148201,-0.202404,-0.113868,0.002451,0.003654
0,-9.123125,0.219295,-0.013412,0.029339,0.028055,0.008158,0.002871,0.003827
0,-9.135225,0.130669,-0.037678,-0.088246,-0.039032,-0.104448,0.003082,0.002281
0,-9.052066,0.210297,0.073783,0.07167,0.074259,0.061426,0.001631,0.00367
0,-9.09306,0.202465,-0.030617,-0.020949,-0.000692,-0.021801,0.002346,0.003534
0,-8.617657,0.145819,0.498402,-0.042137,0.467335,-0.03965,0.001867,0.002545
0,-8.059965,0.022086,0.557612,-0.149786,0.606488,-0.120486,4.9e-05,0.000385
0,-7.658387,0.183355,0.407572,0.164681,0.399674,0.1204,0.00076,0.0032
0,-7.023791,0.117634,0.655265,-0.084027,0.667366,-0.126056,0.002498,0.002053
0,-6.918062,0.24269,0.078745,0.10011,0.116687,0.114573,0.003475,0.003582
0,-6.443518,0.182276,0.478938,-0.056449,0.504549,-0.014377,0.00301,0.003181
0,-5.940486,0.139072,0.483352,-0.061375,0.437363,-0.050838,0.002049,0.002427
0,-5.619856,0.209507,0.336152,0.053647,0.385832,0.077035,0.003547,0.003657
0,-5.298818,-0.031789,0.335741,-0.217569,0.296337,-0.192696,0.001333,0.000555
0,-4.855348,0.067722,0.461972,0.086415,0.487939,0.100267,0.001133,0.001182
0,-4.743772,0.138739,0.10565,0.083595,0.081489,0.124786,0.003202,0.002421
0,-4.471748,-0.006747,0.264002,-0.173039,0.277271,-0.179692,0.000132,0.000118
0,-4.009422,0.11199,0.485465,0.101723,0.465679,0.111869,0.000383,0.001955
0,-3.710278,0.071679,0.27261,-0.03443,0.315882,-0.012521,0.002214,0.001251
0,-3.751144,0.020671,-0.026851,-0.028464,-0.002941,-0.037068,0.002927,0.000361
0,-3.406154,0.002538,0.332628,-0.000948,0.339622,-0.019697,0.003094,4.4e-05
0,-3.268061,0.03128,0.150573,0.031222,0.155833,0.070696,0.002313,0.000546
0,-3.136932,0.157143,0.123625,0.126044,0.087011,0.166928,2.5e-05,0.002743
0,-3.023623,-0.015506,0.106851,-0.196156,0.057992,-0.206932,0.001953,0.000271
0,-2.823764,0.092684,0.174945,0.09013,0.170941,0.05284,0.002377,0.001618
0,-2.707134,0.21283,0.090746,0.121476,0.132783,0.153274,0.000341,0.003715
0,-2.547657,0.17447,0.13805,-0.047721,0.094386,-0.006977,0.002442,0.003045
0,-2.363665,0.111156,0.165296,-0.042363,0.160328,-0.074615,0.002164,0.00194
0,-2.254168,-0.06912,0.09073,-0.193409,0.068695,-0.194111,0.000253,0.001206
0,-2.215294,0.143269,0.019235,0.24039,-0.01219,0.215308,0.000425,0.002501
0,-1.876617,0.146452,0.309712,0.018956,0.331792,0.025259,0.001482,0.002556
0,-1.771324,0.096393,0.093783,-0.066397,0.109376,-0.026394,0.000356,0.001682
0,-1.871319,0.236624,-0.120167,0.116601,-0.142468,0.118135,0.001389,0.003688
0,-1.699757,0.138181,0.148615,-0.087568,0.112522,-0.096175,0.001605,0.002412
0,-1.655168,0.160018,0.071374,-0.003685,0.054409,-0.029965,0.002383,0.002793
0,-8.945045,-0.178406,-7.305716,-0.342942,-7.293878,-0.379019,0.000237,0.003114
0,-9.108595,-0.004558,-0.14,0.143929,-0.131449,0.130318,0.002617,8e-05
0,-9.008209,-0.406642,0.092771,-0.389617,0.059912,-0.372032,0.000865,0.000721
0,-9.049266,-0.489934,-0.040541,-0.069192,0.004766,-0.107033,0.001582,0.000733
0,-8.888758,-0.403377,0.160242,0.072387,0.137922,0.064375,0.001219,0.000778
0,-9.106705,-0.100685,-0.196316,0.285031,-0.241332,0.318774,0.002584,0.001757
0,-9.139161,-0.104829,-0.010695,-0.012942,-0.013847,-0.02113,0.003151,0.00183
0,-9.114382,-0.25279,0.032103,-0.164866,-0.012259,-0.155476,0.002718,0.003406
0,-9.135916,0.026305,-0.048872,0.257599,-0.010997,0.286324,0.003094,0.000459
0,-9.023281,0.050257,0.103253,0.009255,0.120343,-0.029586,0.001128,0.000877
0,-9.094823,-0.175691,-0.096332,-0.245243,-0.056084,-0.283164,0.002377,0.003066
0,-8.991632,-0.04753,0.113114,0.143451,0.103966,0.139999,0.000576,0.00083
0,-9.096441,-0.003223,-0.087481,0.021396,-0.128292,0.03818,0.002405,5.6e-05
0,-8.854743,0.007625,0.21882,0.02813,0.19187,0.004844,0.001813,0.000133
0,-9.064363,-0.112546,-0.216599,-0.103363,-0.227153,-0.114081,0.001845,0.001964
0,-8.88933,0.073396,0.192237,0.173541,0.209531,0.221988,0.001209,0.001281
0,-8.884957,0.064318,0.020512,0.00116,0.024455,0.005167,0.001286,0.001123
0,-8.870927,0.004253,-0.000506,-0.057187,-0.036951,-0.096098,0.001531,7.4e-05
0,-9.097256,0.135334,-0.208372,0.131135,-0.25583,0.176894,0.00242,0.002362
0,-9.059624,-0.141957,0.050714,-0.259919,0.077646,-0.309861,0.001763,0.002478
0,-9.137207,0.127212,-0.090981,0.283396,-0.053226,0.237448,0.003117,0.00222
0,-9.107838,0.116659,0.021887,-0.035062,0.021284,-0.050089,0.002604,0.002036
0,-8.530203,-0.016277,0.578683,-0.160696,0.551478,-0.151627,0.00034,0.000284
0,-8.123861,-0.066946,0.4095,-0.050897,0.452494,-0.021654,0.001066,0.001168
0,-7.679157,-0.112491,0.440222,-0.039933,0.406509,-0.047919,0.001123,0.001963
0,-7.099299,0.066399,0.586844,0.174438,0.546667,0.132455,0.00118,0.001159
0,-6.794463,-0.140702,0.291866,-0.191189,0.318453,-0.165548,0.001318,0.002456
0,-6.196931,0.037298,0.59538,0.161347,0.60464,0.13737,0.001293,0.000651
0,-5.983443,-0.09287,0.192342,-0.124854,0.145413,-0.09401,0.002798,0.001621
0,-5.505496,-0.063206,0.460481,0.03357,0.452163,0.078655,0.002275,0.001103
0,-5.292794,-0.015847,0.19703,0.038384,0.150051,0.066229,0.001438,0.000277
0,-5.190861,0.083104,0.098279,0.118767,0.112871,0.092711,0.003217,0.00145
0,-4.924844,-0.15268,0.241498,-0.236705,0.216029,-0.224767,4.2e-05,0.002665
0,-4.687704,0.037957,0.22522,0.204649,0.224807,0.200911,0.003637,0.000662
0,-4.347068,-0.022977,0.346564,-0.076039,0.325677,-0.037281,0.002308,0.000401
0,-4.208428,0.034874,0.111588,0.049589,0.157468,0.050815,0.00309,0.000609
0,-3.782122,0.072025,0.439869,0.010029,0.418215,-0.010489,0.003467,0.001257
0,-3.538362,0.151472,0.230253,0.052715,0.27197,0.028421,0.000787,0.002644
0,-3.415255,0.055815,0.114487,-0.11696,0.100421,-0.128192,0.002936,0.000974
0,-3.077845,0.094029,0.317377,0.022958,0.34982,0.063914,0.001007,0.001641
0,-3.144183,0.115243,-0.05621,0.033534,-0.086728,0.060521,0.000151,0.002011
0,-2.837316,-0.011782,0.280916,-0.110106,0.271776,-0.088105,0.002817,0.000206
0,-2.802819,-0.146495,0.01044,-0.139514,0.037238,-0.139671,0.002011,0.002557
0,-2.470099,-0.146128,0.334182,0.028673,0.339601,0.073536,0.003796,0.00255
0,-2.49684,-0.032961,-0.020375,0.091497,-0.046376,0.08216,0.003329,0.000575
0,-2.218562,-0.070671,0.278358,-0.040033,0.268593,-0.03587,0.000368,0.001233
0,-2.212178,0.042482,0.033538,0.091077,0.011691,0.09249,0.00048,0.000741
0,-2.033069,-0.077201,0.159982,-0.104199,0.197155,-0.130342,0.003606,0.001347
0,-2.034947,-0.118911,-0.029567,-0.01648,0.012226,-0.008378,0.003573,0.002075
0,-1.938247,-0.119846,0.080926,0.023138,0.033784,0.062273,0.002557,0.002092
0,-1.729297,-0.184288,0.237148,-0.035473,0.22319,-0.068777,0.00109,0.003216
0,-1.582271,-0.115512,0.153019,0.050089,0.162569,0.048607,0.003656,0.002016
0,-1.550732,-0.084492,0.026699,0.057435,0.016024,0.091871,0.003612,0.001475
0,-1.495246,-0.091336,0.078916,-0.028639,0.049161,0.00217,0.002643,0.001594
0,-1.571673,0.02303,-0.088862,0.141027,-0.112089,0.132766,0.003841,0.000402
0,-1.392831,-0.191491,0.195805,-0.235922,0.146642,-0.194355,0.000856,0.003342
0,-1.32439,-0.020478,0.07438,0.19348,0.052087,0.186322,0.000339,0.000357
0,-1.083347,-0.026859,0.27035,0.016168,0.311632,0.007308,0.003272,0.000469
0,-1.185314,0.057981,-0.096326,0.075289,-0.085895,0.089573,0.002766,0.001012
0,-8.897916,-0.747136,-7.683969,-0.827601,-7.661565,-0.848924,0.00106,0.002596
0,-8.987344,-1.272988,-0.090037,-0.499152,-0.071169,-0.453772,0.000501,0.001236
0,-9.101319,-2.081585,-0.112516,-0.79679,-0.074971,-0.834174,0.00249,0.002759
0,-8.91229,-2.457501,0.202431,-0.379682,0.169514,-0.379591,0.000809,0.003802
0,-8.99072,-2.337704,-0.075375,0.141001,-0.100267,0.13509,0.00056,0.001711
0,-9.05684,-1.479342,-0.086768,0.838078,-0.075818,0.867023,0.001714,0.002366
0,-8.944838,-1.264537,0.084001,0.229803,0.034751,0.251261,0.000241,0.001383
0,-8.969962,-0.876108,-0.000659,0.400231,0.044729,0.372008,0.000198,0.000345
0,-9.060653,-0.554401,-0.061613,0.304097,-0.048688,0.293176,0.001781,0.001858
0,-8.950249,-0.196883,0.116847,0.344693,0.107871,0.371212,0.000146,0.003436
0,-8.874144,-0.208968,0.105884,-0.04193,0.136744,-0.070861,0.001475,0.003647
0,-9.147711,0.02343,-0.282086,0.214818,-0.318816,0.21076,0.0033,0.000409
0,-8.953245,0.084434,0.190427,0.049106,0.197575,0.060261,9.4e-05,0.001474
0,-8.918752,0.023013,0.052071,-0.059684,0.040815,-0.103008,0.000696,0.000402
0,-9.105262,0.102518,-0.165631,0.074922,-0.119803,0.047099,0.002559,0.001789
0,-9.042529,0.142751,0.070857,0.02614,0.023349,0.038603,0.001464,0.002491
0,-8.978113,-0.049372,0.057645,-0.21112,0.008033,-0.215536,0.00034,0.000862
0,-9.140815,-0.075869,-0.149311,-0.051821,-0.110343,-0.094894,0.00318,0.001324
0,-8.499221,-0.105086,0.617153,-0.057928,0.570088,-0.040029,0.0002,0.001834
0,-8.062112,0.120961,0.454648,0.239193,0.458515,0.251193,1.1e-05,0.002111
0,-7.686242,0.136595,0.390464,0.02073,0.349082,0.044734,0.001246,0.002384
0,-7.259621,0.082538,0.440856,-0.046986,0.480787,-0.044706,0.001618,0.001441
0,-6.653352,0.12145,0.594811,0.029388,0.579457,-0.00896,0.001145,0.00212
0,-6.544661,0.085309,0.126673,-0.056713,0.143575,-0.008057,0.003042,0.001489
0,-6.212314,-0.086466,0.359835,-0.148457,0.407539,-0.167926,0.001025,0.001509
0,-5.771816,0.117951,0.411397,0.212748,0.408592,0.203761,0.000895,0.002059
0,-5.232596,0.053939,0.564485,-0.06032,0.548709,-0.032285,0.002488,0.000941
0,-5.176387,-0.041827,0.070646,-0.066099,0.066335,-0.112655,0.00347,0.00073
0,-4.694419,-0.095951,0.457172,-0.063828,0.46815,-0.08134,0.003754,0.001675
0,-4.538644,0.082254,0.166528,0.170071,0.157791,0.216275,0.001036,0.001436
0,-4.172165,0.007813,0.353599,-0.069421,0.392999,-0.081606,0.002457,0.000136
0,-3.980567,0.000332,0.199654,0.009668,0.191037,-0.009359,0.000887,6e-06
0,-3.831309,-0.104158,0.14955,-0.113557,0.141544,-0.11222,0.003492,0.001818
0,-3.359306,0.110733,0.45714,0.219058,0.427353,0.199684,0.003906,0.001933
0,-3.352839,0.030867,0.02342,-0.098529,0.049229,-0.105598,0.003793,0.000539
0,-3.134157,-0.119463,0.242616,-0.165426,0.214538,-0.181004,2.4e-05,0.002085
0,-2.865356,-0.028272,0.277723,0.115169,0.235928,0.071223,0.003103,0.000493
0,-2.815966,0.15542,0.051514,0.194424,0.064292,0.242344,0.002241,0.002713
0,-2.441963,-0.026927,0.361039,-0.168173,0.316544,-0.134068,0.003531,0.00047
0,-2.504407,-0.089463,-0.038263,-0.06633,-0.062362,-0.082252,0.003197,0.001561
0,-2.279618,0.022076,0.195064,0.124041,0.233104,0.165829,0.000697,0.000385
0,-2.080987,0.144039,0.226006,0.149889,0.226818,0.19181,0.002769,0.002514
0,-1.908609,-0.006157,0.16878,-0.162539,0.130535,-0.147552,0.00204,0.000107
0,-2.063651,0.006709,-0.12602,0.010999,-0.108809,-0.027262,0.003072,0.000117
0,-1.903543,0.045597,0.148856,0.047152,0.149707,0.086448,0.001952,0.000796
0,-1.816556,0.006451,0.062215,-0.036794,0.013847,-0.005077,0.000433,0.000113
0,-1.54135,-0.099264,0.299806,-0.098518,0.298189,-0.135155,0.003448,0.001732
0,-1.365385,0.127927,0.16938,0.246633,0.174128,0.230262,0.000377,0.002233
0,-1.52795,-0.113238,-0.178887,-0.265183,-0.159491,-0.240641,0.003214,0.001976
0,-1.202868,0.008399,0.344254,0.117196,0.336016,0.089283,0.00246,0.000147
0,-1.201079,0.0372,-0.002875,0.057432,2.5e-05,0.019447,0.002491,0.000649
0,-1.286555,0.121326,-0.103257,0.07071,-0.101384,0.041144,0.000999,0.002118
0,-1.121727,-0.022823,0.152914,-0.13166,0.142619,-0.108262,0.003876,0.000398
0,-1.006629,0.021386,0.121662,0.041578,0.134259,0.044331,0.001933,0.000373
0,-1.105793,0.083336,-0.074247,0.040161,-0.113858,0.056807,0.003664,0.001454
0,-0.835897,-0.013744,0.259693,-0.079005,0.285389,-0.11449,0.001047,0.00024
0,-1.012231,-0.086238,-0.191651,-0.056826,-0.172109,-0.054824,0.002031,0.001505
0,-1.040004,-0.001004,-0.0539,0.107986,-0.074109,0.086606,0.002516,1.8e-05
0,-0.757185,0.130368,0.307478,0.136308,0.272079,0.115188,0.00242,0.002275
0,-0.849756,0.085539,-0.083934,-0.063042,-0.104034,-0.069258,0.000805,0.001493
0,-0.694495,0.086261,0.144227,0.008996,0.110125,0.036341,0.003515,0.001506
0,-0.727176,0.016095,-0.018577,-0.081016,-0.054592,-0.046106,0.002944,0.000281
0,-0.586527,0.04426,0.1598,0.021644,0.136644,0.027907,0.002419,0.000772
0,-0.798971,0.01625,-0.226002,-0.006056,-0.266261,0.038727,0.001691,0.000284
0,-0.478913,-0.053329,0.322493,-0.040904,0.298308,-0.039696,0.000541,0.000931
0,-0.687164,-0.142738,-0.201492,-0.11811,-0.183943,-0.15252,0.003642,0.002491
0,-0.639323,0.120405,0.036068,0.236498,0.066703,0.264206,0.00334,0.002101
0,-0.547908,0.040497,0.065882,-0.070836,0.076463,-0.02094,0.001745,0.000707
0,-0.510121,0.130475,0.011665,0.11598,0.048992,0.137826,0.001085,0.002277
0,-0.306937,0.000524,0.203778,-0.101338,0.219622,-0.078286,0.002461,9e-06
0,-0.405768,-0.131395,-0.124269,-0.10909,-0.105734,-0.158442,0.000736,0.002293
0,-0.291671,-0.159086,0.140106,-0.020148,0.157322,-0.018726,0.002727,0.002777
0,-0.479031,0.066539,-0.181706,0.217817,-0.186488,0.220519,0.000543,0.001161
0,-0.449521,0.103417,0.02303,0.010894,0.030754,-6.5e-05,2.8e-05,0.001805
0,-0.210907,0.127727,0.232275,0.034891,0.228751,0.042624,0.003681,0.002229
0,-0.321261,0.084519,-0.13998,-0.019425,-0.132892,0.013654,0.002211,0.001475
0,-0.221065,0.020084,0.100274,-0.079884,0.09008,-0.125793,0.003858,0.000351
0,-0.272544,0.087866,-0.056021,0.062736,-0.091752,0.028751,0.003061,0.001534
0,-0.312413,-0.148961,-0.039701,-0.246111,-0.033972,-0.211282,0.002365,0.0026
0,-0.306346,0.127589,-0.012626,0.24922,-0.010811,0.289917,0.002471,0.002227
0,-0.105199,-0.063592,0.228451,-0.165591,0.180374,-0.186331,0.001836,0.00111
0,-0.111175,0.155759,0.021157,0.243101,-0.021633,0.213679,0.00194,0.002719
0,-0.286056,0.029257,-0.170017,-0.101753,-0.130789,-0.086993,0.002825,0.000511
0,-0.319946,0.120918,-0.043331,0.098652,0.006372,0.10336,0.002234,0.00211
0,-0.132292,0.052971,0.181294,-0.045087,0.215157,-0.023111,0.002309,0.000925
0,-0.236125,0.087413,-0.077484,0.056695,-0.031744,0.04721,0.003697,0.001526
0,-0.188156,0.085772,0.05629,0.012291,0.069479,-0.035542,0.003284,0.001497
0,-0.242382,0.063399,-0.069914,-0.029132,-0.095424,0.012486,0.003588,0.001107
0,-0.180175,0.06888,0.064595,0.007173,0.082277,-0.040857,0.003145,0.001202
0,0.041329,-0.006914,0.228179,-0.091298,0.199475,-0.069215,0.000721,0.000121
0,0.001915,0.129431,-0.035136,0.165356,-0.018403,0.142794,3.3e-05,0.002259
0,-0.156751,0.105161,-0.185162,-0.002863,-0.197639,-0.049056,0.002736,0.001835
0,-0.184342,0.080004,-0.004677,-0.025679,-0.02252,-0.046836,0.003217,0.001396
0,-0.087942,0.164133,0.110704,0.074095,0.146534,0.051775,0.001535,0.002865
0,-0.107642,0.088408,-0.036566,-0.060393,-0.064164,-0.079909,0.001879,0.001543
0,-0.086202,0.089863,0.022671,0.018736,0.034009,-0.012305,0.001505,0.001568
0,0.094096,-0.098121,0.162941,-0.173269,0.184598,-0.147308,0.001642,0.001713
0,0.030663,0.010076,-0.071078,0.091484,-0.086378,0.081071,0.000535,0.000176
0,-0.174048,0.005112,-0.2033,-0.019595,-0.178968,-0.019707,0.003038,8.9e-05
0,-0.135592,0.147945,0.053143,0.124963,0.079881,0.130275,0.002367,0.002582
0,-0.131275,-0.041279,0.003082,-0.185738,-0.009596,-0.211876,0.002291,0.00072
0,-0.120134,0.174287,-0.00628,0.192859,0.026009,0.154429,0.002097,0.003042
0,-0.02619,0.0304,0.096255,-0.120683,0.145817,-0.087025,0.000457,0.000531
0,0.142097,0.081882,0.173733,0.040234,0.205008,-0.00293,0.00248,0.001429
0,0.039528,-0.085489,-0.128635,-0.192878,-0.161961,-0.211418,0.00069,0.001492
0,-0.058167,-0.109442,-0.090714,-0.025867,-0.114185,-0.065899,0.001015,0.00191
0,0.063513,0.121516,0.095516,0.217807,0.127171,0.199187,0.001109,0.002121
0,0.082745,0.065454,-0.007272,-0.078139,0.037543,-0.097147,0.001444,0.001142
0,-0.137511,0.122106,-0.229355,0.029778,-0.197196,0.039047,0.0024,0.002131
0,0.060911,0.096278,0.206235,-0.003104,0.237289,-0.025217,0.001063,0.00168
0,0.06061,0.043511,-0.015662,-0.039626,-0.051645,-0.008521,0.001058,0.000759
0,0.005986,0.152047,-0.072828,0.121845,-0.12239,0.129481,0.000104,0.002654
0,0.131944,-0.018118,0.124909,-0.149418,0.095847,-0.109649,0.002303,0.000316
0,0.113049,-0.001556,-0.046793,0.008514,-0.034526,-0.018653,0.001973,2.7e-05
0,0.077062,0.121038,-0.061178,0.143465,-0.035423,0.181393,0.001345,0.002113
0,-0.003721,0.026956,-0.104387,-0.068663,-0.099397,-0.04128,6.5e-05,0.00047
0,0.181076,0.066509,0.188804,0.035062,0.179144,0.01706,0.00316,0.001161
0,0.027297,0.053972,-0.176637,0.016655,-0.199219,0.00057,0.000476,0.000942
0,0.046339,-0.11634,0.019089,-0.149257,0.014598,-0.161659,0.000809,0.002031
0,-0.036601,-0.000862,-0.055394,0.090274,-0.00792,0.105421,0.000639,1.5e-05
0,0.084755,-0.150372,0.12563,-0.1681,0.157037,-0.173816,0.001479,0.002624
0,0.10139,-0.162369,-0.001723,0.016338,0.041123,-0.029833,0.00177,0.002834
0,-0.106725,0.007302,-0.206416,0.194935,-0.209575,0.230422,0.001863,0.000127
0,0.015763,0.068403,0.115615,0.07678,0.075469,0.041162,0.000275,0.001194
0,0.068593,-0.11348,0.039933,-0.175138,-0.00043,-0.168647,0.001197,0.001981
0,-0.074849,0.026608,-0.152116,0.143342,-0.197784,0.123735,0.001306,0.000464
0,-0.061653,-0.07112,8.4e-05,-0.113009,0.000622,-0.137689,0.001076,0.001241
0,-0.032968,-0.180948,0.001692,-0.128603,-0.036034,-0.121929,0.000575,0.003158
0,-0.206365,-0.04886,-0.197223,0.138205,-0.234298,0.176724,0.003602,0.000853
0,-0.066859,-0.207533,0.162655,-0.139335,0.212468,-0.145049,0.001167,0.003622
0,-0.09381,-0.158104,-0.040692,0.051945,-0.01238,0.044015,0.001637,0.002759
0,-0.267874,-0.16606,-0.145751,0.016305,-0.117877,-0.003086,0.003143,0.002898
0,-0.157097,0.052002,0.136869,0.24709,0.16529,0.257192,0.002742,0.000908
0,-0.171865,0.009871,0.009909,-0.034219,0.030473,0.014426,0.003,0.000172
0,-0.006541,-0.199076,0.151151,-0.234403,0.198424,-0.206627,0.000114,0.003475
0,-0.065394,-0.032153,-0.068178,0.144154,-0.080392,0.133025,0.001141,0.000561
0,0.123392,-0.111764,0.191916,-0.06535,0.152913,-0.024364,0.002154,0.001951
0,-0.050967,-0.020761,-0.193164,0.075753,-0.23956,0.054277,0.00089,0.000362
0,0.045376,-0.152033,0.06684,-0.121949,0.025603,-0.127211,0.000792,0.002653
0,0.005116,-0.087824,-0.042775,0.091052,-0.064981,0.09015,8.9e-05,0.001533
0,0.10105,-0.180364,0.122753,-0.098236,0.171487,-0.085258,0.001764,0.003148
0,-0.059919,0.06412,-0.175095,0.261908,-0.188802,0.295115,0.001046,0.001119
0,-0.095606,-0.111716,-0.023195,-0.173171,-0.03419,-0.171602,0.001669,0.00195
0,0.109142,-0.07275,0.209275,0.065312,0.173433,0.113665,0.001905,0.00127
0,0.035727,-0.163699,-0.094613,-0.100734,-0.073761,-0.057619,0.000624,0.002857
0,0.000853,-0.083466,-0.010338,0.076562,-0.043353,0.090668,1.5e-05,0.001457
0,0.037651,0.127654,0.015863,0.22584,-0.02675,0.216597,0.000657,0.002228
0,-0.052239,0.06551,-0.09706,-0.071342,-0.087409,-0.101681,0.000912,0.001143
0,-0.057871,0.008585,-0.025211,-0.068931,-0.029638,-0.069323,0.00101,0.00015
0,0.022027,0.029612,0.09883,0.014322,0.052799,-0.018675,0.000384,0.000517
0,-0.033797,0.076673,-0.059704,0.041877,-0.053634,0.021817,0.00059,0.001338
0,-0.177982,-0.106577,-0.124738,-0.163457,-0.158514,-0.20412,0.003106,0.00186
0,0.128729,0.05226,0.335778,0.129962,0.378011,0.161335,0.002247,0.000912
0,-0.05513,0.088443,-0.170834,0.034627,-0.206545,0.005949,0.000962,0.001544
0,-0.13301,0.135986,-0.058843,0.061793,-0.070289,0.074715,0.002321,0.002373
0,0.079733,0.081392,0.234822,-0.035583,0.265271,0.003576,0.001392,0.001421
0,0.023231,-0.062089,-0.045431,-0.139099,-0.068159,-0.101024,0.000405,0.001084
0,0.062963,-0.019897,0.02803,0.023895,0.034914,0.064071,0.001099,0.000347
0,-0.178064,0.068058,-0.263935,0.085128,-0.31118,0.046136,0.003108,0.001188
0,0.080747,-0.040172,0.255663,-0.116173,0.243675,-0.140204,0.001409,0.000701
0,-0.231246,0.000658,-0.304507,0.070106,-0.328195,0.044748,0.003782,1.1e-05
0,0.020846,0.132985,0.238506,0.114682,0.276682,0.140733,0.000364,0.002321
0,-0.240356,-0.039786,-0.251955,-0.176216,-0.253392,-0.155875,0.003623,0.000694
0,-0.051787,0.088573,0.169338,0.110283,0.137819,0.088617,0.000904,0.001546
0,-0.040765,-0.047076,0.033852,-0.116645,0.017564,-0.104045,0.000711,0.000822
0,-0.16127,0.198891,-0.100875,0.249635,-0.105581,0.208481,0.002815,0.003471
0,-0.177845,0.120598,-0.000924,-0.050491,0.007661,-0.014554,0.003104,0.002105
0,-0.087108,0.020279,0.103785,-0.122337,0.055531,-0.134511,0.00152,0.000354
0,0.087753,0.011542,0.192293,0.017177,0.170875,-0.027361,0.001532,0.000201
0,-0.104438,-0.058739,-0.169063,-0.088245,-0.169662,-0.071634,0.001823,0.001025
0,0.079018,0.14097,0.211344,0.18944,0.182005,0.230544,0.001379,0.00246
0,-0.079268,0.065481,-0.160762,-0.086333,-0.208291,-0.082266,0.001383,0.001143
0,-0.114739,0.042267,-0.038269,-0.015296,-0.017551,-0.016152,0.002003,0.000738
0,0.0442,0.005173,0.157713,-0.011509,0.126864,0.035963,0.000771,9e-05
0,-0.248842,0.022361,-0.300961,0.018673,-0.312726,0.03701,0.003475,0.00039
0,-0.268718,-0.0922,-0.02573,-0.103465,-0.040272,-0.133469,0.003128,0.001609
0,-0.137457,0.008581,0.116167,0.09157,0.108064,0.119505,0.002399,0.00015
0,-0.275403,-0.119262,-0.138938,-0.127068,-0.135861,-0.122538,0.003011,0.002082
0,-0.013131,0.019735,0.28816,0.131366,0.336443,0.136681,0.000229,0.000344
0,-0.050875,0.030567,-0.059279,-0.002401,-0.032633,0.008749,0.000888,0.000533
0,-0.044939,-0.113528,-0.022246,-0.120838,0.004517,-0.153416,0.000784,0.001981
0,-0.093887,-0.026453,-0.03498,0.10613,-0.042354,0.091412,0.001639,0.000462
0,-0.295177,0.098685,-0.183935,0.124742,-0.184285,0.143122,0.002666,0.001722
0,-0.252619,0.077381,0.018692,-0.044836,-0.002794,-0.006678,0.003409,0.001351
0,-0.036936,-0.010298,0.217285,-0.063945,0.249644,-0.056806,0.000645,0.00018
0,-0.192333,-0.035846,-0.154607,-0.03452,-0.128169,-0.008468,0.003357,0.000626
0,-0.073876,-0.032023,0.119628,-0.023987,0.102584,-0.009127,0.001289,0.000559
0,-0.23058,-0.067925,-0.127054,-0.038113,-0.143405,-0.083438,0.003793,0.001186
0,-0.072884,0.006049,0.14188,0.064669,0.107357,0.046266,0.001272,0.000106
0,-0.032852,-0.093836,0.065035,-0.07372,0.070205,-0.069632,0.000573,0.001638
0,-0.008102,0.018011,0.02027,0.101028,0.036985,0.081527,0.000141,0.000314
0,0.041942,-0.108232,0.055981,-0.147581,0.096058,-0.189444,0.000732,0.001889
0,-0.157763,-0.046589,-0.217086,0.053114,-0.225689,0.095073,0.002753,0.000813
0,-0.01552,0.016694,0.161745,0.052033,0.201998,0.012837,0.000271,0.000291
0,0.032981,-0.025774,0.048744,-0.038826,0.039086,-0.021207,0.000576,0.00045
0,-0.064295,0.049235,-0.090564,0.049371,-0.103312,0.015811,0.001122,0.000859
0,0.031951,-0.150808,0.084958,-0.217688,0.09375,-0.175614,0.000558,0.002632
0,0.003704,0.02964,-0.036631,0.1776,-0.012953,0.136616,6.5e-05,0.000517
0,0.060411,0.045407,0.059621,0.011473,0.015428,-0.016313,0.001054,0.000793
0,0.028993,-0.115951,-0.008581,-0.145806,-0.041618,-0.137894,0.000506,0.002024
0,0.139521,-0.065419,0.126815,0.052154,0.136174,0.064214,0.002435,0.001142
0,-0.078241,0.077814,-0.20459,0.14677,-0.18946,0.170944,0.001366,0.001358
0,0.144551,-0.094444,0.237925,-0.180025,0.227133,-0.21224,0.002523,0.001648
0,0.084211,-0.057237,-0.037311,0.010806,-0.035902,-0.001229,0.00147,0.000999
0,0.029704,0.117287,-0.070306,0.184555,-0.101248,0.161105,0.000518,0.002047
0,0.214338,0.079846,0.183379,-0.014716,0.202292,-0.010445,0.003741,0.001394
0,0.06417,0.123724,-0.130953,0.054727,-0.157116,0.031814,0.00112,0.002159
0,0.074386,0.042181,-0.010534,-0.101641,0.02071,-0.075849,0.001298,0.000736
0,0.096619,0.067135,0.037157,0.028055,0.080273,0.0461,0.001686,0.001172
0,0.265851,0.135415,0.180223,0.049765,0.161724,0.083138,0.003178,0.002363
0,0.053921,0.05232,-0.202911,-0.111031,-0.164319,-0.152252,0.000941,0.000913
0,0.185375,0.032281,0.131537,-0.048941,0.096019,-0.090753,0.003235,0.000563
0,0.066733,-0.024931,-0.139947,-0.055183,-0.179774,-0.02563,0.001165,0.000435
0,0.051328,0.147006,-0.023901,0.161788,-0.068226,0.182577,0.000896,0.002566
0,0.104215,-0.101658,0.065311,-0.264937,0.019853,-0.254496,0.001819,0.001774
0,0.080207,-0.022908,-0.026987,0.08705,-0.022418,0.046244,0.0014,0.0004
0,-0.227983,0.884077,-0.317087,0.925987,-0.335354,0.964017,0.003839,0.000206
0,-0.859193,1.094682,-0.640215,0.232279,-0.686167,0.233389,0.00064,0.00347
0,-0.923452,1.343481,-0.086109,0.261846,-0.130186,0.241386,0.000482,5e-06
0,-1.211344,1.384111,-0.279496,0.065042,-0.240241,0.070257,0.002312,0.000704
0,-0.7521,1.166907,0.443712,-0.240681,0.474419,-0.205627,0.002509,0.003087
0,-0.543303,1.013937,0.229955,-0.139347,0.25424,-0.126728,0.001665,0.002061
0,-0.509798,0.876882,0.035753,-0.153299,0.052502,-0.110603,0.00108,0.000331
0,-0.325112,0.529897,0.163383,-0.330466,0.180531,-0.328124,0.002144,0.001431
0,-0.32599,0.383947,0.011248,-0.1277,-0.030411,-0.097923,0.002128,0.001117
0,-0.460932,0.277701,-0.107242,-0.132181,-0.089871,-0.146718,0.000227,0.002971
0,-0.270429,0.280324,0.199821,-0.012371,0.228059,-0.030843,0.003098,0.002925
0,-0.230811,-0.124257,0.051705,-0.403464,0.06475,-0.438088,0.003789,0.002169
0,-0.035973,-0.003508,0.179172,0.129416,0.219293,0.157377,0.000628,6.1e-05
0,0.212597,-0.015561,0.257205,0.003094,0.212994,0.016408,0.003711,0.000272
0,0.127585,-0.068468,-0.093976,-0.058786,-0.06406,-0.051713,0.002227,0.001195
0,0.278909,-0.298299,0.1646,-0.219764,0.146496,-0.259189,0.00295,0.002612
0,0.024917,-0.094488,-0.235479,0.227202,-0.241457,0.234964,0.000435,0.001649
0,0.252761,-0.087258,0.227261,-0.00356,0.24111,0.005766,0.003406,0.001523
0,0.052683,-0.12271,-0.227417,-0.028643,-0.200607,-0.041388,0.000919,0.002142
0,0.181391,-0.155676,0.106537,-0.033664,0.075966,-0.005311,0.003166,0.002717
0,-0.034573,-0.07316,-0.225674,0.107582,-0.250579,0.136231,0.000603,0.001277
0,0.078458,0.03559,0.083605,0.116682,0.052449,0.163636,0.001369,0.000621
0,0.107733,-0.162123,0.023627,-0.175154,0.072216,-0.175791,0.00188,0.00283
0,0.055544,-0.22882,-0.054599,-0.076227,-0.084578,-0.064393,0.000969,0.003824
0,0.103137,0.006477,0.041592,0.20706,0.03713,0.216393,0.0018,0.000113
0,0.063706,-0.197491,-0.024447,-0.179145,-0.038092,-0.17902,0.001112,0.003447
0,-0.02304,0.065072,-0.091104,0.247698,-0.105033,0.214072,0.000402,0.001136
0,0.069559,-0.061319,0.099841,-0.117395,0.115173,-0.115318,0.001214,0.00107
0,0.006182,0.057715,-0.084033,0.118758,-0.131949,0.139321,0.000108,0.001007
0,-0.11825,-0.120269,-0.14367,-0.183633,-0.150732,-0.226021,0.002064,0.002099
0,-0.02396,-0.100876,0.078282,0.015419,0.078874,0.014805,0.000418,0.001761
0,-0.017527,-0.033449,-0.01596,0.07366,-0.042261,0.088371,0.000306,0.000584
0,-0.089637,0.02475,-0.101745,0.031481,-0.142473,0.023938,0.001564,0.000432
0,-0.157383,-0.061335,-0.06232,-0.067807,-0.100851,-0.061373,0.002747,0.001071
0,0.016214,0.106093,0.151409,0.174061,0.147268,0.164417,0.000283,0.001852
0,-0.053968,0.136318,-0.063576,0.017632,-0.022659,-0.02109,0.000942,0.002379
0,-0.071478,-0.007273,-0.023823,-0.161626,-0.016329,-0.190378,0.001248,0.000127
0,-0.079554,-0.021101,0.012693,0.007586,0.059186,-0.031663,0.001388,0.000368
0,-0.108073,0.031758,-0.042591,0.034246,-0.063832,0.051958,0.001886,0.000554
0,-0.046632,0.117312,0.044225,0.076281,0.042905,0.1194,0.000814,0.002047
0,0.024235,0.008826,0.063246,-0.126584,0.084558,-0.160536,0.000423,0.000154
0,-0.11042,0.0295,-0.139898,0.049345,-0.108218,0.040268,0.001927,0.000515
0,-0.042191,-0.059607,0.085654,-0.082976,0.086951,-0.122654,0.000736,0.00104
0,0.097388,0.178955,0.130114,0.250933,0.155398,0.280445,0.0017,0.003123
0,-0.033541,-8.8e-05,-0.126434,-0.159781,-0.174561,-0.153497,0.000585,2e-06
0,0.048889,-0.060187,0.084786,-0.034236,0.041897,-0.067321,0.000853,0.00105
0,-0.046835,0.047109,-0.122356,0.104972,-0.079676,0.065374,0.000817,0.000822
0,-0.078073,0.016503,-0.01182,-0.003843,-0.025179,0.006052,0.001363,0.000288
0,0.025091,0.18058,0.110829,0.143877,0.093492,0.128667,0.000438,0.003152
0,0.017685,0.044909,-0.001081,-0.147679,0.023621,-0.159435,0.000309,0.000784
0,-0.116853,0.028011,-0.135985,0.004702,-0.16399,0.039223,0.002039,0.000489
0,0.026282,0.104799,0.156765,0.078359,0.12476,0.111232,0.000459,0.001829
0,0.115844,0.170679,0.100393,0.051227,0.122484,0.02116,0.002022,0.002979
0,-0.057854,0.039476,-0.144926,-0.104819,-0.165176,-0.097612,0.00101,0.000689
0,-0.062574,0.002185,0.018997,-0.041411,0.01307,-0.056965,0.001092,3.8e-05
0,-0.080445,-0.122279,0.006875,-0.129101,0.000562,-0.168196,0.001404,0.002134
0,0.052246,-0.056642,0.161717,0.074681,0.125157,0.104838,0.000912,0.000989
0,-0.102047,0.092683,-0.169574,0.132154,-0.138108,0.122432,0.001781,0.001618
0,0.144881,-0.135486,0.23852,-0.241711,0.215893,-0.240569,0.002529,0.002365
0,0.105291,-0.159626,-0.012545,-0.033622,0.033123,-0.042237,0.001838,0.002786
0,0.236817,0.128218,0.11807,0.303604,0.087661,0.283445,0.003685,0.002238
0,0.164554,0.065848,-0.081701,-0.087719,-0.128132,-0.094423,0.002872,0.001149
0,0.134828,0.056036,-0.007084,0.006742,0.022774,-0.003288,0.002353,0.000978
0,0.145731,-0.01843,-0.015613,-0.046392,-0.022854,-0.087006,0.002543,0.000322
0,0.236088,-0.014473,0.065109,-0.015906,0.061182,-0.015848,0.003697,0.000253
0,0.042999,-0.027455,-0.174344,0.011211,-0.179425,-0.027604,0.00075,0.000479
0,0.100729,-0.022733,0.032214,0.010802,0.02949,0.007683,0.001758,0.000397
0,0.065123,0.019316,-0.010689,0.031377,-0.022327,0.036244,0.001137,0.000337
0,0.096747,0.060529,0.023126,0.070503,0.025459,0.103977,0.001689,0.001056
0,-0.018646,0.028904,-0.105796,-0.055831,-0.076263,-0.025836,0.000325,0.000504
0,0.155623,-0.012346,0.169324,-0.015335,0.184262,-0.042009,0.002716,0.000215
0,0.073685,-0.081156,-0.078106,-0.091465,-0.119031,-0.062044,0.001286,0.001416
0,-0.137783,-0.101362,-0.212398,0.006698,-0.232354,-0.019546,0.002405,0.001769
0,-0.016243,-0.002187,0.149575,0.120249,0.163379,0.073023,0.000283,3.8e-05
0,0.129352,0.004577,0.116087,0.015072,0.143676,-0.001858,0.002258,8e-05
0,-0.159132,0.070871,-0.301992,0.04271,-0.314463,0.014775,0.002777,0.001237
0,-0.097654,-0.117302,0.050621,-0.215839,0.098604,-0.226474,0.001704,0.002047
0,0.149538,-0.09877,0.232454,-0.00411,0.256082,-0.014744,0.00261,0.001724
0,0.08386,-0.007571,-0.061974,0.081414,-0.047336,0.118796,0.001464,0.000132
0,-0.061344,-0.047109,-0.132367,-0.016274,-0.180073,-0.007996,0.001071,0.000822
0,0.166487,0.022017,0.243615,0.090357,0.27533,0.048902,0.002906,0.000384
0,0.087207,-0.117713,-0.071739,-0.142586,-0.060737,-0.116249,0.001522,0.002054
0,-0.114092,-0.100962,-0.207407,0.001668,-0.226069,-0.022943,0.001991,0.001762
0,0.035846,-0.030204,0.174214,0.048395,0.18405,0.07956,0.000626,0.000527
0,0.010787,-0.038882,-0.017198,-0.032055,-0.018299,-0.072822,0.000188,0.000679
0,0.048097,-0.049768,0.009214,-0.001138,-0.025559,0.019751,0.000839,0.000869
0,0.101675,-0.048179,0.058434,0.024099,0.066615,0.031541,0.001775,0.000841
0,-0.011635,-0.185605,-0.087927,-0.145019,-0.067695,-0.129429,0.000203,0.003239
0,-0.038003,-0.053923,-0.014689,0.141942,-0.063949,0.128033,0.000663,0.000941
0,0.040103,-0.199934,0.073166,-0.17216,0.122814,-0.160604,0.0007,0.00349
0,-0.004409,-0.011368,-0.044236,0.177188,-0.025707,0.175124,7.7e-05,0.000198
0,-0.063518,-0.226634,-0.079602,-0.220295,-0.065127,-0.197442,0.001109,0.003862
0,-0.075261,-0.018422,0.000243,0.189615,-0.01031,0.177225,0.001314,0.000322
0,-0.036848,-0.062811,0.035039,-0.065164,-0.002821,-0.070136,0.000643,0.001096
0,0.032649,0.031145,0.044324,0.069339,0.083582,0.080711,0.00057,0.000544
0,0.075206,-0.173042,0.054071,-0.174627,0.036021,-0.156264,0.001313,0.00302
0,0.01659,-0.033311,-0.046012,0.131862,-0.079715,0.117193,0.00029,0.000581
0,-0.058994,-0.175789,-0.068373,-0.147835,-0.116217,-0.11933,0.00103,0.003068
0,0.031066,-0.029445,0.104461,0.130023,0.060601,0.172263,0.000542,0.000514
0,-0.066975,-0.09414,-0.071472,-0.054287,-0.07186,-0.040888,0.001169,0.001643
0,-0.067137,-0.020526,0.024971,0.072517,0.044548,0.066945,0.001172,0.000358
0,-0.015421,-0.082067,0.037531,-0.060002,0.038171,-0.074793,0.000269,0.001432
0,0.110066,0.099558,0.142384,0.160055,0.110185,0.189391,0.001921,0.001738
0,0.055157,-0.116458,-0.032143,-0.234308,-0.035637,-0.252086,0.000963,0.002033
0,0.040908,-0.033956,-0.004485,0.076907,-0.013716,0.032862,0.000714,0.000593
0,-0.007173,-0.053498,-0.054302,-0.033453,-0.016096,0.016006,0.000125,0.000934
0,-0.171345,0.023606,-0.184697,0.064648,-0.154731,0.084814,0.002991,0.000412
0,-0.008817,0.09864,0.135293,0.101383,0.101725,0.143245,0.000154,0.001722
0,0.129503,-0.020591,0.142204,-0.091435,0.181307,-0.044184,0.00226,0.000359
0,0.02766,0.068216,-0.10225,0.09929,-0.093714,0.067168,0.000483,0.001191
0,0.017689,-0.077812,-0.012959,-0.14958,0.020229,-0.107296,0.000309,0.001358
0,0.040636,0.11885,0.022906,0.209212,0.000141,0.167404,0.000709,0.002074
0,-0.05346,-0.091371,-0.075739,-0.226989,-0.056448,-0.211896,0.000933,0.001595
0,-0.073373,0.10295,-0.011203,0.208218,-0.021069,0.183027,0.001281,0.001797
0,-0.301585,-0.109738,-0.202964,-0.194712,-0.234223,-0.175563,0.002554,0.001915
0,-0.15946,0.111871,0.124698,0.245745,0.078021,0.267918,0.002783,0.001953
0,-0.117444,0.010666,0.05913,-0.080774,0.082903,-0.085926,0.00205,0.000186
0,0.030479,0.119856,0.157553,0.088465,0.200219,0.135285,0.000532,0.002092
0,-0.040846,-0.058782,-0.093018,-0.158126,-0.065047,-0.160507,0.000713,0.001026
0,0.083253,-0.019768,0.125721,0.02044,0.131174,0.053808,0.001453,0.000345
0,0.133833,-0.057232,0.04719,-0.019645,0.031448,-0.003764,0.002336,0.000999
0,-0.052044,0.025363,-0.201569,0.087431,-0.24113,0.045737,0.000908,0.000443
0,0.056011,0.019778,0.107405,-0.029495,0.084145,-0.079141,0.000978,0.000345
0,0.00817,0.03907,-0.041623,-0.001442,-0.007249,0.018146,0.000143,0.000682
0,-0.076887,0.198801,-0.059502,0.131155,-0.101218,0.152773,0.001342,0.00347
0,-0.122108,0.152616,-0.068914,-0.067584,-0.061521,-0.097006,0.002131,0.002664
0,0.099334,0.125981,0.197048,-0.039521,0.239136,-0.066744,0.001734,0.002199
0,-0.130957,0.064967,-0.252626,-0.059469,-0.238541,-0.020089,0.002286,0.001134
0,-0.04965,0.106639,0.108819,0.047899,0.080824,0.029262,0.000867,0.001861
0,-0.056084,0.158454,0.010584,0.047354,0.01057,0.032606,0.000979,0.002766
0,-0.897062,0.015079,-0.868835,-0.125464,-0.910287,-0.123869,2.1e-05,0.000263
0,-1.266133,-0.076891,-0.34129,-0.072607,-0.35839,-0.073176,0.001355,0.001342
0,-1.255962,-0.087885,0.02209,-0.008224,-0.025808,0.000271,0.001533,0.001534
0,-0.900108,0.042857,0.375987,0.108967,0.389006,0.072921,7.4e-05,0.000748
0,-0.932143,0.087584,-0.033693,0.055861,-0.019286,0.03118,0.000633,0.001529
0,-0.665614,0.060135,0.244395,-0.047524,0.242733,-0.035132,0.003799,0.00105
0,-0.61148,-0.119393,0.064507,-0.164579,0.097595,-0.185684,0.002854,0.002084
0,-0.406511,0.085554,0.177266,0.196252,0.224759,0.2391,0.000723,0.001493
0,-0.233293,-0.076121,0.14804,-0.155282,0.156508,-0.155102,0.003746,0.001329
0,-0.15888,0.065343,0.072119,0.171242,0.074168,0.191614,0.002657,0.00114
0,-8.857553,-0.118703,-8.718949,-0.197191,-8.675327,-0.207937,0.001764,0.002072
0,-9.058665,-0.028466,-0.210019,0.066459,-0.196,0.037393,0.001746,0.000497
0,-8.949921,0.031786,0.126094,0.072683,0.097743,0.083088,0.000152,0.000555
0,-9.044102,0.082263,-0.104899,0.055721,-0.101225,0.041428,0.001492,0.001436
0,-8.856717,-0.061609,0.202486,-0.150246,0.176539,-0.177059,0.001779,0.001075
0,-8.931646,-0.003038,-0.09048,0.046328,-0.135312,0.066005,0.000471,5.3e-05
0,-9.008307,-0.09167,-0.079753,-0.086544,-0.087564,-0.084925,0.000867,0.0016
0,-8.976264,-0.099029,0.025165,-0.012015,0.014186,0.031407,0.000308,0.001728
0,-9.133315,0.018655,-0.132271,0.116324,-0.085417,0.140869,0.003049,0.000326
0,-9.118937,0.124115,0.010212,0.082022,-0.031764,0.054751,0.002798,0.002166
0,-8.855691,0.048662,0.288722,-0.049883,0.26275,-0.033203,0.001797,0.000849
0,-9.032804,-0.091948,-0.192811,-0.14215,-0.167885,-0.128207,0.001295,0.001605
0,-9.081613,0.129164,-0.061248,0.232515,-0.100439,0.194567,0.002147,0.002254
0,-9.046359,-0.129074,0.019982,-0.242805,0.013585,-0.258244,0.001531,0.002253
0,-8.929756,-0.084292,0.142428,0.016594,0.18484,0.019332,0.000504,0.001471
0,-9.057668,-0.038253,-0.140847,0.017897,-0.126537,0.026854,0.001729,0.000668
0,-9.078363,0.021301,-0.015803,0.031838,0.024124,-0.016258,0.00209,0.000372
0,-8.998268,-0.050536,0.054941,-0.059663,0.030654,-0.062892,0.000692,0.000882
0,-8.592329,-0.108406,0.428213,-0.030477,0.476743,-0.000659,0.001425,0.001892
0,-8.150924,0.126979,0.462214,0.21644,0.486365,0.234269,0.001539,0.002216
0,-7.546603,-0.089815,0.598383,-0.188401,0.603905,-0.231175,0.001191,0.001568
0,-7.22778,0.014351,0.314641,0.108323,0.360912,0.11485,0.001063,0.00025
0,-6.928177,-0.039719,0.311464,-0.032304,0.288814,-0.023548,0.003651,0.000693
0,-6.347414,0.079621,0.584857,0.125174,0.582708,0.161659,0.001333,0.00139
0,-5.958958,-0.026514,0.39114,-0.096121,0.374969,-0.145006,0.002371,0.000463
0,-5.668661,-0.136202,0.305499,-0.112866,0.318121,-0.092449,0.002696,0.002377
0,-5.373667,-0.089317,0.32292,0.051649,0.369227,0.086253,2.6e-05,0.001559
0,-4.941425,-0.035643,0.443409,0.08329,0.487217,0.037547,0.000247,0.000622
0,-4.807819,-0.202587,0.142981,-0.162637,0.10444,-0.135415,0.002084,0.003536
0,-4.596091,-0.068206,0.23616,0.12734,0.192243,0.09006,0.002038,0.00119
0,-4.233657,-0.08611,0.37679,0.000505,0.401694,-0.011244,0.00353,0.001503
0,-3.83133,-0.140019,0.431851,-0.063737,0.420127,-0.036478,0.003492,0.002444
0,-3.637529,0.021788,0.173145,0.165609,0.138477,0.132118,0.000944,0.00038
0,-3.499515,-0.141239,0.165194,-0.138119,0.187256,-0.182252,0.001465,0.002465
0,-3.286228,-0.173407,0.234212,-0.059487,0.274556,-0.027412,0.00263,0.003027
0,-3.339146,-0.174904,-0.07928,0.00044,-0.119683,-0.046641,0.003554,0.003053
0,-3.162152,0.025643,0.155659,0.183486,0.198267,0.196368,0.000465,0.000448
0,-2.784575,0.016942,0.381478,0.013477,0.426979,-0.002861,0.001693,0.000296
0,-2.728349,-0.005036,0.04793,-0.047877,0.024479,-0.023563,0.000711,8.8e-05
0,-2.650441,-0.0685,0.057382,-0.067678,0.095185,-0.096361,0.000648,0.001196
0,-2.467674,-0.101736,0.205863,-0.039848,0.218189,-0.079697,0.003838,0.001776
0,-2.149545,-0.067925,0.297713,0.016615,0.318938,0.029468,0.001573,0.001186
0,-1.993488,-0.085064,0.186008,-0.038029,0.170037,-0.032903,0.003521,0.001485
0,-2.070775,-0.167112,-0.051981,-0.097658,-0.099314,-0.114292,0.002948,0.002917
0,-1.721458,0.03231,0.370957,0.1877,0.401084,0.223843,0.001226,0.000564
0,-1.734453,0.084472,-0.021245,0.068745,-0.022835,0.068899,0.001,0.001474
0,-1.748323,-0.114819,-0.026495,-0.217445,-0.011128,-0.246562,0.000758,0.002004
0,-1.696305,0.067729,0.031386,0.208613,0.041685,0.204669,0.001665,0.001182
0,-1.439405,-0.102616,0.274544,-0.194504,0.322945,-0.158456,0.001669,0.001791
0,-1.490584,0.106769,-0.050352,0.181464,-0.02098,0.153203,0.002562,0.001863
0,-1.282639,-0.030139,0.18425,-0.137562,0.147404,-0.185781,0.001067,0.000526
0,-1.188964,-0.075406,0.086709,-0.066876,0.113795,-0.115964,0.002702,0.001316
0,-1.287066,-0.055207,-0.097749,0.007676,-0.05061,0.021521,0.00099,0.000964
0,-1.279319,-0.207534,0.005944,-0.143571,0.047691,-0.129349,0.001125,0.003622
0,-1.072957,-0.039787,0.235421,0.178761,0.189187,0.223598,0.003091,0.000694
0,-1.072094,-0.111222,0.021109,-0.05501,0.006946,-0.102301,0.003076,0.001941
0,-1.057003,-0.156421,0.040508,-0.057132,0.051046,-0.088014,0.002812,0.00273
0,-0.82506,0.038377,0.261388,0.180855,0.287688,0.131325,0.001236,0.00067
0,-1.01292,0.082715,-0.178204,0.052521,-0.199862,0.025898,0.002043,0.001444
0,-0.869083,0.084667,0.150019,-0.025064,0.128526,0.020125,0.000467,0.001478
0,-0.933069,0.013758,-0.060741,-0.043258,-0.021134,-0.064586,0.000649,0.00024
0,-5.113643,-0.777604,-4.15146,-0.786717,-4.109738,-0.802442,0.003253,0.002064
0,-7.909414,-1.52572,-2.818923,-0.732353,-2.865437,-0.710329,0.002676,0.003175
0,-6.945659,-2.779887,0.992197,-1.259661,1.022632,-1.278091,0.003861,0.001611
0,-7.220563,-2.712424,-0.294194,0.077699,-0.321289,0.038291,0.000937,0.000433
0,-6.625224,-2.142367,0.580822,0.553644,0.573814,0.557162,0.001636,0.001698
0,-5.670976,-1.629074,0.928928,0.513356,0.938612,0.481537,0.002655,0.002839
0,-4.297722,-1.324145,1.358407,0.308604,1.337423,0.295571,0.003169,0.000343
0,-3.089346,-0.849694,1.186003,0.458108,1.228778,0.499785,0.000806,0.000806
0,-2.306248,-0.341787,0.791602,0.49986,0.743127,0.463517,0.001162,0.001853
0,-1.134931,-0.158188,1.187779,0.196269,1.234571,0.213795,0.003645,0.002761
0,-0.616755,-0.040986,0.503229,0.115571,0.487126,0.140005,0.002947,0.000715
0,-0.063762,-0.056822,0.551453,-0.03033,0.55958,-0.024934,0.001113,0.000992
0,0.442625,-0.042715,0.503358,0.009328,0.454155,-0.035757,9.3e-05,0.000746
0,0.751061,-0.01782,0.335314,0.003615,0.36104,-0.014398,0.002527,0.000311
0,0.840884,0.066945,0.064267,0.107877,0.028134,0.146823,0.00096,0.001168
0,0.762191,0.059892,-0.055602,0.006935,-0.050074,0.015616,0.002333,0.001045
0,0.646028,0.267289,-0.134111,0.222734,-0.170152,0.191641,0.003457,0.003153
0,0.534656,0.176367,-0.097692,-0.074279,-0.116074,-0.065966,0.001514,0.003078
0,0.395908,0.28807,-0.119993,0.101048,-0.140243,0.124652,0.000908,0.00279
0,0.392861,0.002609,0.006438,-0.304848,0.011392,-0.255777,0.000961,4.6e-05
0,0.120536,0.142899,-0.258606,0.13076,-0.243975,0.167475,0.002104,0.002494
0,0.222692,0.095635,0.107724,-0.065367,0.115001,-0.074121,0.003887,0.001669
0,0.211793,-0.077625,-0.034491,-0.175909,0.000693,-0.185859,0.003696,0.001355
0,-0.010324,0.034981,-0.241667,0.136595,-0.234329,0.14135,0.00018,0.000611
0,0.044216,0.023332,0.037879,-0.008334,0.068895,0.035696,0.000772,0.000407
0,-0.031347,0.160321,-0.069665,0.15601,-0.032697,0.181463,0.000547,0.002798
0,0.243015,0.044584,0.258697,-0.122108,0.267419,-0.154845,0.003576,0.000778
0,0.021812,-0.043046,-0.199297,-0.061959,-0.21661,-0.077493,0.000381,0.000751
0,0.155086,-0.046921,0.155404,0.017474,0.111129,0.00375,0.002707,0.000819
0,0.361661,0.838364,0.222561,0.858143,0.253257,0.89494,0.001506,0.001004
0,0.730749,1.185315,0.381869,0.325535,0.422661,0.33751,0.002882,0.002766
0,0.482989,1.055865,-0.237136,-0.147562,-0.267904,-0.118569,0.000612,0.002793
0,0.71417,1.385325,0.248105,0.306632,0.27616,0.275159,0.003171,0.000725
0,0.457042,1.545014,-0.283109,0.16133,-0.281355,0.164197,0.000159,0.003512
0,0.332639,1.20737,-0.109434,-0.332853,-0.12704,-0.343214,0.002012,0.002381
0,0.137675,0.971557,-0.204073,-0.240714,-0.193401,-0.282713,0.002403,0.001321
0,0.22614,0.682145,0.088477,-0.289619,0.103957,-0.242665,0.003871,0.00373
0,-0.072227,0.559022,-0.309153,-0.100883,-0.328216,-0.146941,0.001261,0.001939
0,0.088149,0.515301,0.15739,-0.058822,0.142137,-0.023585,0.001538,0.001176
0,0.123933,0.107882,0.032487,-0.436853,0.035323,-0.435588,0.002163,0.001883
0,-0.168746,0.170931,-0.308565,0.052876,-0.352223,0.033025,0.002945,0.002983
0,0.069297,0.183874,0.211094,0.04176,0.207592,0.065879,0.001209,0.003209
0,0.091263,0.196375,0.025874,0.038875,0.047785,0.037031,0.001593,0.003427
0,-0.005641,-0.047584,-0.121186,-0.233998,-0.154245,-0.245254,9.8e-05,0.00083
0,-0.143039,-0.034062,-0.164923,-0.011414,-0.200672,0.008053,0.002497,0.000594
0,-0.177137,0.001555,-0.03749,0.007717,-0.004425,-0.02789,0.003092,2.7e-05
0,-0.07288,-0.131165,0.118498,-0.120139,0.145187,-0.071953,0.001272,0.002289
0,-0.006215,-0.076443,0.060078,0.084688,0.085524,0.059687,0.000108,0.001334
0,-0.168348,-0.066042,-0.14802,-0.005373,-0.156379,-0.014516,0.002938,0.001153
0,-0.150781,-0.126792,0.030986,-0.049294,0.054313,-0.046746,0.002632,0.002213
0,0.024509,0.086644,0.159504,0.218922,0.206578,0.240648,0.000428,0.001512
0,-0.167306,-0.158606,-0.200263,-0.259675,-0.220185,-0.222036,0.00292,0.002768
0,-0.087901,0.070501,0.058447,0.230893,0.052491,0.279322,0.001534,0.00123
0,-0.197752,0.072845,-0.108849,0.014408,-0.156867,0.042205,0.003451,0.001271
0,-0.126136,0.04498,0.07728,-0.033894,0.031029,-0.016388,0.002201,0.000785
0,-0.201479,-0.147201,-0.102633,-0.219501,-0.105263,-0.192615,0.003516,0.002569
0,-0.172073,0.100848,0.037669,0.254018,0.082351,0.282559,0.003003,0.00176
0,-0.125615,-0.119292,0.044443,-0.204784,0.054859,-0.182699,0.002192,0.002082
0,-0.143869,0.053115,-0.025992,0.187592,-0.038655,0.235737,0.002511,0.000927
0,-1.347549,-0.209798,-1.184594,-0.249855,-1.213354,-0.227803,6.6e-05,0.003662
0,-2.180389,-0.811097,-0.837991,-0.61806,-0.884818,-0.573023,0.001034,0.001479
0,-3.153488,-0.643101,-0.952394,0.166924,-0.939444,0.153316,0.000314,0.003406
0,-3.231653,-0.50674,-0.078361,0.157471,-0.043493,0.115267,0.001678,0.001026
0,-2.52329,-0.670695,0.692612,-0.181213,0.734739,-0.144008,0.002868,0.003888
0,-2.335604,-0.435275,0.177085,0.215384,0.225597,0.253022,0.001675,0.000221
0,-1.616587,-0.324902,0.698607,0.135113,0.747875,0.161984,0.003057,0.002147
0,-1.078199,-0.398058,0.536636,-0.07239,0.55704,-0.033392,0.002248,0.00087
0,-8.95953,-0.377434,-7.90933,0.037519,-7.935462,0.076727,1.6e-05,0.00123
0,-9.101078,-0.175147,-0.136086,0.204047,-0.130325,0.160553,0.002486,0.003057
0,-8.87833,-0.122774,0.20675,0.059406,0.186476,0.024133,0.001401,0.002143
0,-9.042156,-0.004278,-0.139964,0.10641,-0.153321,0.059788,0.001458,7.5e-05
0,-8.578614,0.032094,0.456777,0.015711,0.500807,0.047642,0.001185,0.00056
0,-8.048991,-0.074608,0.515417,-0.111807,0.526943,-0.109015,0.00024,0.001302
0,-7.48425,0.015375,0.574991,0.117042,0.613394,0.114599,0.002279,0.000268
0,-7.01729,0.053653,0.490666,0.02737,0.483375,0.025411,0.002611,0.000936
0,-6.765245,0.022,0.251097,-0.051179,0.248662,-0.017234,0.000808,0.000384
0,-6.273852,0.009069,0.510071,-0.035401,0.488596,-0.013593,4.9e-05,0.000158
0,-5.91373,-0.003457,0.333762,-0.027422,0.381299,-0.016867,0.001582,6e-05
0,-5.75669,-0.084952,0.175431,-0.08413,0.2204,-0.071713,0.001159,0.001483
0,-5.547911,0.129149,0.197576,0.190201,0.233791,0.161444,0.003015,0.002254
0,-5.160486,0.095166,0.37595,-0.017387,0.38599,-0.062847,0.003747,0.001661
0,-4.736371,0.056512,0.410789,-0.028157,0.416335,0.005716,0.003331,0.000986
0,-4.58808,0.037007,0.127154,-0.019656,0.150389,-0.026923,0.001898,0.000646
0,-4.276812,0.102082,0.325126,0.050627,0.367065,0.056944,0.003534,0.001782
0,-3.935994,0.005273,0.340232,-0.106676,0.336405,-0.145919,0.001665,9.2e-05
0,-3.931211,-0.071139,-0.018211,-0.050359,-0.023245,-0.019302,0.001748,0.001242
0,-3.611605,0.162514,0.314517,0.231704,0.364473,0.260301,0.000491,0.002836
0,-3.524628,-0.060339,0.079123,-0.242728,0.112981,-0.224239,0.001027,0.001053
0,-3.252363,0.091182,0.255404,0.148977,0.251703,0.120255,0.002039,0.001591
0,-3.132697,0.138243,0.119946,0.050366,0.082202,0.015317,4.9e-05,0.002413
0,-2.729763,0.049761,0.376632,-0.112469,0.417156,-0.071119,0.000736,0.000868
0,-2.762842,-0.119855,-0.004312,-0.193048,0.025469,-0.221805,0.001313,0.002092
0,-2.433843,-0.066521,0.318114,0.051852,0.32577,0.066839,0.003389,0.001161
0,-2.386517,-0.077472,0.068524,-0.020238,0.064759,-0.034079,0.002563,0.001352
0,-2.17287,0.062601,0.202309,0.131729,0.20364,0.165184,0.001166,0.001093
0,-2.225127,-0.050611,-0.061609,-0.139611,-0.10567,-0.119405,0.000254,0.000883
0,-1.95734,0.14622,0.240316,0.185553,0.268932,0.216456,0.002891,0.002552
0,-2.049388,0.134309,-0.101304,-0.016593,-0.121265,0.011598,0.003321,0.002344
0,-1.829771,0.142192,0.227227,0.002361,0.261824,-0.02236,0.000664,0.002482
0,-1.831168,0.127997,0.026396,0.008499,-0.007337,-0.015836,0.000688,0.002234
0,-1.643939,-0.015005,0.200194,-0.12965,0.224421,-0.118746,0.002579,0.000262
0,-1.441425,-0.06679,0.22681,-0.079939,0.184066,-0.067751,0.001704,0.001166
0,-1.31695,-0.05027,0.10872,0.023748,0.137705,0.024891,0.000469,0.000877
0,-1.36823,0.027238,-0.030781,0.085913,-0.014697,0.077603,0.000426,0.000475
0,-1.274171,-0.012954,0.118617,-0.01853,0.080417,-0.032698,0.001215,0.000226
0,-1.392076,-0.080538,-0.133641,-0.087472,-0.115634,-0.094867,0.000843,0.001406
0,-1.39798,-0.004632,-0.029084,0.084353,-0.016289,0.106424,0.000946,8.1e-05
0,-1.346174,0.056628,0.074922,0.087778,0.124131,0.112562,4.2e-05,0.000988
0,-1.168832,-0.010825,0.180317,-0.047989,0.171308,-0.042098,0.003054,0.000189
0,-1.063271,-0.064797,0.090874,-0.05118,0.050789,-0.010185,0.002922,0.001131
0,-0.968628,0.042728,0.104274,0.101947,0.113017,0.112506,0.00127,0.000746
0,-1.035722,0.060086,-0.083249,0.000899,-0.055319,0.04781,0.002441,0.001049
0,-0.7645,-0.137142,0.245466,-0.17902,0.266288,-0.140834,0.002293,0.002394
0,-0.797273,0.045888,-0.022088,0.191705,0.016349,0.206732,0.001721,0.000801
0,-8.884534,0.052831,-8.095424,-0.020272,-8.05056,-0.038125,0.001293,0.000922
0,-8.981804,0.107228,-0.105955,0.025529,-0.062436,0.057401,0.000405,0.001871
0,-8.990943,0.146682,0.018927,0.02724,0.002191,0.062094,0.000564,0.00256
0,-9.109345,0.142787,-0.113817,-0.032049,-0.140405,-0.074832,0.002631,0.002492
0,-8.893204,0.451156,0.209239,0.28907,0.163499,0.26997,0.001142,5.6e-05
0,-9.08993,0.23132,-0.211319,-0.232962,-0.241751,-0.259618,0.002292,0.003781
0,-8.87821,0.303799,0.197519,0.05759,0.159811,0.094186,0.001404,0.002516
0,-8.888975,0.118887,0.018104,-0.206312,0.014374,-0.249871,0.001216,0.002075
0,-8.949794,0.151864,-0.050867,0.004413,-0.08776,0.009748,0.000154,0.002651
0,-8.963947,0.01289,0.005967,-0.140472,-0.0161,-0.184867,9.3e-05,0.000225
0,-9.145392,0.079986,-0.181413,0.053638,-0.170261,0.028924,0.00326,0.001396
0,-8.869682,-0.111954,0.275389,-0.212796,0.313435,-0.245427,0.001552,0.001954
0,-9.019825,0.148408,-0.121927,0.239213,-0.124354,0.221176,0.001068,0.00259
0,-8.969689,0.101968,0.037976,-0.022514,-0.006841,0.005108,0.000193,0.00178
0,-9.123283,0.015988,-0.168879,-0.073238,-0.178294,-0.096121,0.002874,0.000279
0,-8.954476,-0.125059,0.185059,-0.137878,0.19746,-0.089559,7.2e-05,0.002183
0,-9.147341,-0.139339,-0.165137,-0.018522,-0.139462,-0.012556,0.003294,0.002432
0,-8.287974,-0.059458,0.85489,0.081855,0.809342,0.119052,0.003887,0.001038
0,-6.384076,-0.002087,1.917913,0.055723,1.895418,0.013761,0.001973,3.6e-05
0,-5.959739,-0.0099,0.399856,-0.032295,0.403868,0.000342,0.002385,0.000173
0,-4.132206,-0.014448,1.838763,0.019546,1.827322,0.005505,0.00176,0.000252
0,-2.573335,0.03513,1.532125,0.036261,1.538402,0.030853,0.001994,0.000613
0,-2.322663,-0.138222,0.252799,-0.184056,0.236343,-0.205203,0.001449,0.002412
0,-1.420715,-0.074722,0.901598,0.054096,0.899828,0.058175,0.00373,0.001304
0,-8.986702,-0.063713,-7.547129,-0.003513,-7.57499,-0.042896,0.00049,0.001112
0,-9.117004,-0.097366,-0.159828,-0.019313,-0.186589,-0.002855,0.002764,0.001699
0,-9.015845,-0.086087,0.076872,-0.007129,0.066538,-0.015863,0.000999,0.001502
0,-8.990405,-0.130209,0.028766,-0.038027,-0.005477,-0.057691,0.000555,0.002273
0,-9.043225,-0.126831,-0.05431,-0.021903,-0.065257,-0.034714,0.001477,0.002214
0,-9.107013,0.0873,-0.078179,0.185343,-0.048487,0.219068,0.00259,0.001524
0,-9.007297,-0.057442,0.085611,-0.139477,0.08278,-0.092907,0.000849,0.001003
0,-9.064916,0.068637,-0.065252,0.155583,-0.107552,0.150855,0.001855,0.001198
0,-9.102388,-0.086634,-0.021706,-0.167691,0.019108,-0.216457,0.002509,0.001512
0,-9.005716,0.01051,0.089044,0.071007,0.1006,0.037973,0.000822,0.000183
0,-8.882265,-0.112978,0.101215,-0.116432,0.061241,-0.096285,0.001333,0.001972
0,-8.407506,-0.061335,0.447235,0.050878,0.49677,0.069853,0.001801,0.00107
0,-8.044463,0.128755,0.33681,0.200433,0.295368,0.168825,0.000319,0.002247
0,-7.431997,-0.116157,0.584695,-0.259749,0.626308,-0.269591,0.003191,0.002027
0,-6.9959,-0.002847,0.445143,0.105423,0.461435,0.151387,0.002985,5e-05
0,-6.58426,0.117151,0.390107,0.144051,0.416996,0.103135,0.002351,0.002045
0,-6.139799,0.065481,0.425342,-0.079597,0.431849,-0.041473,0.002291,0.001143
0,-5.801368,0.163073,0.325586,0.112056,0.280041,0.139833,0.000379,0.002846
0,-5.667656,0.169134,0.12352,0.000681,0.075,-0.026101,0.002713,0.002952
0,-5.231742,0.120181,0.456467,-0.076647,0.469061,-0.080903,0.002503,0.002098
0,-4.993647,0.069252,0.214042,-0.040712,0.169936,-0.061918,0.001159,0.001209
0,-4.772723,-0.062601,0.225117,-0.1517,0.175929,-0.131541,0.002697,0.001093
0,-4.497381,0.123617,0.292194,0.187594,0.276604,0.184723,0.000315,0.002158
0,-4.059444,0.035399,0.462845,-0.075393,0.460593,-0.104401,0.00049,0.000618
0,-3.939528,0.161001,0.120731,0.124645,0.126392,0.090673,0.001603,0.00281
0,-3.725154,0.020392,0.205659,-0.115213,0.161666,-0.08386,0.002473,0.000356
0,-3.410408,0.152356,0.312422,0.107345,0.295151,0.155426,0.00302,0.002659
0,-3.220502,0.170211,0.21722,0.000696,0.197049,-0.014408,0.001483,0.002971
0,-3.149776,0.172666,0.051642,-0.006629,0.040829,0.01608,0.000249,0.003014
0,-3.085043,-0.001266,0.048644,-0.181411,0.088893,-0.208513,0.000881,2.2e-05
0,-2.771019,-0.01871,0.290171,-0.016825,0.279644,-0.035193,0.001456,0.000327
0,-2.565647,0.067674,0.217399,0.089626,0.190328,0.120065,0.002128,0.001181
0,-2.327644,0.130026,0.261613,0.038754,0.297592,0.07412,0.001536,0.002269
0,-2.208856,0.145214,0.146207,0.015535,0.186237,-0.024093,0.000538,0.002534
0,-2.322281,-0.083949,-0.117059,-0.22037,-0.114635,-0.214469,0.001442,0.001465
0,-2.051624,-0.050506,0.24116,0.053428,0.270197,0.098432,0.003282,0.000882
0,-1.908116,-0.042297,0.126362,-0.012536,0.118951,-0.037656,0.002031,0.000738
0,-1.786119,-0.01091,0.114113,0.040529,0.147849,0.054462,9.8e-05,0.00019
0,-1.747699,-0.133149,0.047564,-0.140455,0.035187,-0.189978,0.000768,0.002324
0,-1.594908,-0.004248,0.161807,0.135814,0.161053,0.118446,0.003435,7.4e-05
0,-1.641094,0.123509,-0.058355,0.154196,-0.051186,0.146582,0.002629,0.002156
0,-1.430481,-0.092079,0.224474,-0.227013,0.217875,-0.22189,0.001513,0.001607
0,-1.388789,-0.180773,0.019212,-0.094985,0.023654,-0.134226,0.000785,0.003155
0,-1.167219,-0.14375,0.204428,0.047903,0.224499,0.056674,0.003082,0.002509
0,-1.232286,0.027978,-0.082926,0.160172,-0.048461,0.173947,0.001946,0.000488
0,-1.233614,-0.211147,-0.024633,-0.245903,-0.011942,-0.237108,0.001923,0.003685
0,-1.288545,-0.180393,-0.073258,0.042344,-0.116376,-0.00728,0.000964,0.003148
0,-1.120145,-0.191801,0.167144,0.013589,0.13608,0.039396,0.003903,0.003348
0,-1.027763,0.01754,0.106435,0.179684,0.144373,0.187547,0.002302,0.000306
0,-1.13072,0.076956,-0.093026,0.045479,-0.118808,0.030878,0.003719,0.001343
0,-0.998746,-0.057753,0.116784,-0.118679,0.09985,-0.0874,0.001796,0.001008
0,-9.03684,-0.657098,-8.035239,-0.617613,-8.046547,-0.571869,0.001365,0.003651
0,-8.987049,-0.868176,0.046854,-0.239292,0.010443,-0.238675,0.000496,0.000483
0,-8.984033,-0.965268,-0.023282,-0.109796,-0.060321,-0.100814,0.000443,0.001211
0,-9.013599,-1.050102,-0.01522,-0.087947,-0.058006,-0.059965,0.000959,0.002692
0,-8.963332,-0.792956,0.076575,0.234509,0.063674,0.220213,8.2e-05,0.001796
0,-9.016015,-0.795699,-0.07998,0.015308,-0.085786,-0.023658,0.001002,0.001748
0,-9.032665,-0.935704,-0.044512,-0.116985,-0.047378,-0.166339,0.001292,0.000695
0,-8.866263,-0.6448,0.14762,0.309258,0.120938,0.331454,0.001612,0.003436
0,-8.793577,-0.491714,0.063961,0.171653,0.04937,0.130502,0.002881,0.000764
0,-8.356343,-0.139849,0.418657,0.355838,0.464519,0.353076,0.002694,0.002441
0,-8.628254,-0.297684,-0.249037,-0.169028,-0.295853,-0.139316,0.002052,0.002622
0,-6.680788,-0.073102,1.952831,0.239199,1.957497,0.281893,0.000666,0.001276
0,-6.595151,0.107304,0.090283,0.189724,0.045943,0.219956,0.002161,0.001873
0,-5.423885,-0.149925,1.145809,-0.286083,1.123635,-0.330595,0.00085,0.002617
0,-4.510761,-0.039321,0.927902,0.107373,0.925499,0.126002,0.000549,0.000686
0,-2.619628,-0.064581,1.888799,-0.02174,1.841292,-0.010613,0.001186,0.001127
0,-1.590901,0.035865,1.053688,0.091914,1.051226,0.12838,0.001117,0.000626
0,-8.95033,-0.002561,-7.384291,-0.057868,-7.397537,-0.031836,0.000145,4.5e-05
0,-8.955057,0.137105,-0.009584,0.151583,0.034089,0.114252,6.2e-05,0.002393
0,-9.060283,0.078388,-0.097337,-0.085839,-0.084362,-0.104566,0.001774,0.001368
0,-8.967846,0.143677,0.096183,0.038989,0.103511,0.037864,0.000161,0.002508
0,-9.103549,0.006853,-0.131056,-0.115904,-0.114183,-0.101144,0.002529,0.00012
0,-8.997495,0.088401,0.113016,0.055863,0.068344,0.023985,0.000678,0.001543
0,-8.926722,-0.929992,0.052766,-1.000976,0.024185,-0.994755,0.000557,0.000596
0,-8.882251,-0.929904,0.046903,-0.008421,0.067116,0.025641,0.001333,0.000594
0,-8.931306,-1.414321,-0.047772,-0.497678,-0.051768,-0.471394,0.000477,0.001231
0,-9.016281,-1.231098,-0.110887,0.198012,-0.114419,0.178415,0.001006,0.001967
0,-9.10942,-1.469536,-0.114739,-0.232662,-0.068399,-0.273309,0.002632,0.002195
0,-9.018187,-1.182284,0.087076,0.312472,0.067404,0.308305,0.00104,0.002819
0,-8.900215,-1.078605,0.136828,0.101652,0.126552,0.097178,0.001019,0.003189
0,-9.138464,-0.681793,-0.254015,0.412843,-0.262196,0.431428,0.003139,0.003736
0,-9.133436,-0.624175,-0.004124,0.041622,-0.034595,0.055664,0.003051,0.003076
0,-9.141759,-0.232658,-0.004406,0.409202,-0.000144,0.383718,0.003196,0.003757
0,-9.048351,-0.215658,0.07571,-0.009652,0.050647,0.014522,0.001566,0.003764
0,-8.939473,0.020892,0.086331,0.229764,0.13581,0.274345,0.000334,0.000365
0,-8.938313,0.26035,0.027617,0.252104,0.031587,0.210553,0.000355,0.003274
0,-8.589254,0.191334,0.378718,-0.098748,0.404266,-0.078143,0.001371,0.003339
0,-7.999562,-0.025667,0.56107,-0.236602,0.547167,-0.186775,0.001103,0.000448
0,-7.571939,0.179225,0.408773,0.201245,0.401457,0.183244,0.000749,0.003128
0,-7.246162,0.011829,0.352632,-0.169248,0.378774,-0.151262,0.001383,0.000206
0,-6.710943,0.193736,0.521367,0.165913,0.538393,0.120838,0.00014,0.003381
0,-6.309897,0.195067,0.375704,-0.016704,0.41432,-0.008162,0.000678,0.003405
0,-6.19769,0.092569,0.10115,-0.122792,0.14115,-0.12717,0.00128,0.001616
0,-5.770715,0.259469,0.44882,0.160284,0.401555,0.150219,0.000914,0.003289
0,-9.092525,0.911825,-3.296826,0.6559,-3.254059,0.690057,0.002337,0.000279
0,-9.095358,1.894445,-0.010556,0.989228,0.013009,1.028884,0.002386,0.001793
0,-8.898892,1.848503,0.192769,-0.069781,0.198491,-0.109841,0.001043,0.000991
0,-8.875105,1.683885,0.021331,-0.18708,0.029028,-0.184834,0.001458,0.001882
0,-8.863626,1.475447,-0.010263,-0.212555,0.033783,-0.255126,0.001658,0.002298
0,-9.021137,1.255494,-0.128662,-0.212148,-0.13948,-0.189984,0.001091,0.001541
0,-9.105835,1.09296,-0.060452,-0.186713,-0.036676,-0.163825,0.002569,0.00344
0,-9.124193,0.81256,-0.011944,-0.295,0.012746,-0.331595,0.00289,0.001454
0,-8.943688,0.644825,0.207866,-0.180078,0.178532,-0.201159,0.000261,0.003436
0,-8.829619,0.431368,0.134716,-0.207131,0.171351,-0.194246,0.002252,0.000289
0,-8.316773,0.196964,0.491253,-0.24879,0.535682,-0.200974,0.003385,0.003438
0,-8.037098,0.166104,0.283548,-0.043579,0.319472,-0.008819,0.000448,0.002899
0,-7.326926,0.038444,0.735628,-0.106886,0.741886,-0.104193,0.002793,0.000671
0,-6.572971,-0.02967,0.728053,-0.058951,0.680118,-0.01938,0.002548,0.000518
0,-5.456741,-0.003652,1.103689,0.009423,1.074337,0.027534,0.001424,6.4e-05
0,-4.419364,0.099104,1.038293,0.105125,1.042867,0.097131,0.001046,0.00173
0,-3.116142,-0.118006,1.29344,-0.207974,1.273402,-0.239698,0.00205,0.00206
0,-9.005966,-0.200404,-5.89783,-0.069439,-5.858852,-0.087406,0.000826,0.003498
0,-9.024081,-0.000644,-0.044272,0.203539,-0.004275,0.166572,0.001142,1.1e-05
0,-8.983261,-0.2383,0.044609,-0.216803,0.072453,-0.18495,0.00043,0.003659
0,-8.952483,-0.241889,0.014761,-0.032709,0.043773,-0.059887,0.000107,0.003596
0,-8.994406,-0.011819,-0.047651,0.254635,-0.096995,0.288253,0.000624,0.000206
0,-9.054043,-0.180348,-0.039333,-0.153727,-0.085087,-0.10963,0.001665,0.003148
0,-9.04802,-0.074298,0.0303,0.121419,0.005339,0.111378,0.00156,0.001297
0,-9.147704,0.023073,-0.115582,0.118892,-0.143531,0.125529,0.0033,0.000403
0,-9.033361,0.037211,0.13754,-0.000454,0.109435,0.03682,0.001304,0.000649
0,-8.967632,-0.0287,0.067086,-0.050932,0.067074,-0.076673,0.000157,0.000501
0,-8.9003,-0.143803,0.066727,-0.097099,0.046897,-0.083287,0.001018,0.00251
0,-8.923435,-0.120293,-0.049454,0.038923,-0.037853,0.021828,0.000614,0.0021
0,-8.9888,-0.132875,-0.060319,-0.038256,-0.011234,-0.038378,0.000527,0.002319
0,-8.937985,0.025291,0.023651,0.147518,0.07216,0.153624,0.00036,0.000441
0,-8.964194,-0.022892,-0.023512,-0.057825,-0.010031,-0.087664,9.7e-05,0.0004
0,-9.028009,-0.034886,-0.058785,0.017946,-0.024469,0.018923,0.001211,0.000609
0,-9.090283,-0.132244,-0.069706,-0.0991,-0.074614,-0.092026,0.002298,0.002308
0,-8.9745,-0.170072,0.105723,-0.056315,0.095507,-0.028611,0.000277,0.002968
0,-9.098091,0.030813,-0.108224,0.171802,-0.116744,0.215454,0.002434,0.000538
0,-8.99616,-0.214381,0.108729,-0.227333,0.079341,-0.232238,0.000655,0.003742
0,-8.850425,0.002111,0.174483,0.19938,0.124794,0.16366,0.001888,3.7e-05
0,-9.009349,-0.132672,-0.147414,-0.164133,-0.131148,-0.126348,0.000885,0.002316
0,-8.972865,0.011917,0.05924,0.173557,0.096615,0.152366,0.000249,0.000208
0,-9.021049,-0.125312,-0.031658,-0.161038,-0.031511,-0.155264,0.001089,0.002187
0,-8.900884,0.004673,0.106692,0.100283,0.118096,0.08513,0.001008,8.2e-05
0,-9.10203,-0.079523,-0.206856,-0.086413,-0.197056,-0.036685,0.002503,0.001388
0,-9.07533,-0.125884,0.047914,-0.037224,0.077037,-0.022179,0.002037,0.002197
0,-9.104077,-0.054579,-0.037007,0.083887,-0.078101,0.116268,0.002539,0.000953
0,-8.945444,0.035212,0.186455,0.078176,0.166236,0.063954,0.00023,0.000615
0,-8.575257,-0.129339,0.344307,-0.139961,0.348602,-0.106437,0.001127,0.002257
0,-7.857952,0.063343,0.71457,0.181945,0.743052,0.135651,0.003575,0.001106
0,-7.565383,0.019362,0.311073,-0.034428,0.314086,-0.061034,0.000863,0.000338
0,-6.978315,0.074444,0.594355,0.060366,0.602464,0.07626,0.003291,0.001299
0,-6.680628,0.063484,0.322061,-0.021601,0.278049,0.000999,0.000669,0.001108
0,-6.31888,0.02696,0.336047,-0.021323,0.350081,-0.027684,0.000835,0.000471
0,-5.959115,-0.070589,0.342988,-0.078653,0.374583,-0.058138,0.002374,0.001232
0,-5.528415,-0.088691,0.401622,0.011196,0.388324,-0.037127,0.002675,0.001548
0,-5.324688,-0.092997,0.180754,-0.007183,0.211598,0.03072,0.000881,0.001623
0,-5.056344,0.017179,0.276033,0.080197,0.27059,0.078553,0.002253,0.0003
0,-4.699229,0.002212,0.368567,-0.003673,0.350348,-0.021375,0.003838,3.9e-05
0,-4.48945,-0.115812,0.188192,-0.140021,0.156879,-0.178138,0.000177,0.002021
0,-4.321835,-0.164399,0.165756,-0.043552,0.2067,-0.058597,0.002749,0.002869
0,-3.925258,0.100441,0.425489,0.287881,0.437008,0.318427,0.001852,0.001753
0,-3.691765,-0.195231,0.262162,-0.284719,0.229159,-0.292603,0.00189,0.003407
0,-3.607778,5.2e-05,0.110528,0.212868,0.080588,0.179922,0.000425,1e-06
0,-3.232887,0.067512,0.38609,0.049048,0.391613,0.088077,0.001699,0.001178
0,-3.093827,-0.177064,0.130348,-0.239391,0.160753,-0.198363,0.000728,0.00309
0,-3.116159,-0.160819,0.001817,0.009302,0.014214,0.047897,0.000338,0.002807
0,-2.900684,-0.127775,0.237123,0.034777,0.276666,0.053183,0.001711,0.00223
0,-2.758272,-0.067207,0.12939,0.07215,0.142162,0.044124,0.001234,0.001173
0,-2.404714,0.096771,0.37414,0.155678,0.402345,0.169689,0.002881,0.001689
0,-2.177772,0.124355,0.231301,0.000114,0.236002,-0.034126,0.00108,0.00217
0,-2.189519,-0.017147,-0.030672,-0.139512,0.012371,-0.151129,0.000875,0.000299
0,-2.076127,-0.013539,0.129414,-0.007357,0.106338,-0.026137,0.002854,0.000236
0,-1.952161,-0.019447,0.099145,-0.028917,0.067779,-0.010142,0.0028,0.000339
0,-1.855193,-0.020819,0.12003,-0.007517,0.092679,-0.023075,0.001108,0.000363
0,-1.719883,0.118676,0.1173,0.13471,0.140254,0.099781,0.001254,0.002071
0,-1.728464,0.119494,0.001093,0.012817,0.032233,0.058999,0.001104,0.002086
0,-9.04262,-1.105074,-7.329322,-1.252059,-7.352645,-1.268716,0.001466,0.003651
0,-9.08991,-2.108799,-0.046192,-1.024488,-0.089543,-0.976954,0.002291,0.002284
0,-8.90816,-2.045476,0.205648,0.080908,0.25212,0.053518,0.000881,0.003389
0,-9.128518,-2.135195,-0.198147,-0.062304,-0.222417,-0.108855,0.002965,0.001823
0,-9.055888,-1.689787,0.052689,0.43863,0.036914,0.406697,0.001698,0.001779
0,-8.9096,-1.165465,0.139044,0.532154,0.157505,0.50911,0.000856,0.003112
0,-9.123879,-1.000269,-0.232556,0.142636,-0.28022,0.150049,0.002884,0.001822
0,-9.123859,-0.67548,-0.018668,0.322427,0.030993,0.35952,0.002884,0.003846
0,-9.037532,-0.226921,0.064163,0.471102,0.032827,0.423454,0.001377,0.003857
0,-8.980823,-0.005178,0.053906,0.203286,0.013146,0.166785,0.000387,9e-05
0,-9.004371,0.266162,0.001456,0.271013,0.004961,0.308406,0.000798,0.003172
0,-8.965608,0.323057,0.025568,0.082923,0.032044,0.036503,0.000122,0.002179
0,-8.885206,0.455213,0.08996,0.138083,0.110125,0.118826,0.001281,0.000127
0,-9.11101,0.302581,-0.223345,-0.181034,-0.196098,-0.213611,0.00266,0.002537
0,-8.856099,0.250778,0.233027,-0.07575,0.262338,-0.111217,0.001789,0.003441
0,-8.887003,0.079366,-0.036677,-0.174934,0.006318,-0.15729,0.00125,0.001385
0,-8.957949,-0.053186,-0.081192,-0.151681,-0.128393,-0.121283,1.2e-05,0.000928
0,-9.015477,0.003274,-0.048734,0.030509,-0.046408,0.080118,0.000992,5.7e-05
0,-8.964008,-0.060383,0.026196,-0.068858,0.051907,-0.100988,9.4e-05,0.001054
0,-9.109495,0.049902,-0.118719,0.132599,-0.144432,0.161718,0.002633,0.000871
0,-8.895026,0.094421,0.23021,0.053787,0.239653,0.085303,0.00111,0.001648
0,-8.995326,-0.155348,-0.095623,-0.23767,-0.084204,-0.210676,0.000641,0.002711
0,-8.999118,0.086472,0.006391,0.268974,-0.003804,0.303961,0.000707,0.001509
0,-9.142881,-0.077332,-0.148081,-0.193557,-0.137732,-0.161015,0.003216,0.00135
0,-9.054465,-0.131198,0.097854,-0.062226,0.146044,-0.062348,0.001673,0.00229
0,-9.011291,-0.013841,0.022379,0.138634,0.037617,0.104968,0.000919,0.000242
0,-9.077689,-0.125261,-0.060774,-0.130452,-0.053177,-0.100783,0.002078,0.002186
0,-9.035351,0.010599,0.064661,0.138796,0.090583,0.112099,0.001339,0.000185
0,-8.547863,-0.05749,0.50246,-0.060115,0.545349,-0.053576,0.000649,0.001003
0,-8.101022,-0.193803,0.460999,-0.160676,0.484507,-0.150474,0.000668,0.003383
0,-7.592637,-0.103781,0.520344,0.080878,0.534761,0.039475,0.000387,0.001811
0,-7.081874,-0.065999,0.484161,0.023956,0.5289,0.056408,0.001484,0.001152
0,-6.738262,-0.091685,0.36752,-0.022699,0.325892,-0.041452,0.000337,0.0016
0,-6.404836,-0.007052,0.337015,0.082148,0.377496,0.077518,0.002335,0.000123
0,-6.019712,-0.022977,0.414587,-0.034294,0.419644,-0.037454,0.003431,0.000401
0,-5.781092,-0.090211,0.23619,-0.068826,0.278992,-0.113702,0.000733,0.001574
0,-5.543935,-0.035254,0.21018,0.026547,0.236503,0.067593,0.002945,0.000615
0,-5.112045,0.059301,0.404146,0.106781,0.428027,0.118536,0.003225,0.001035
0,-4.91593,-0.106163,0.203132,-0.191348,0.239512,-0.174304,0.000197,0.001853
0,-4.581049,0.008508,0.325612,0.092788,0.281368,0.142492,0.001776,0.000148
0,-4.467038,-0.123,0.098555,-0.153085,0.093427,-0.144588,0.000214,0.002147
0,-4.238785,0.071721,0.202372,0.189888,0.190736,0.165719,0.00362,0.001252
0,-3.853379,0.013782,0.377046,-0.037615,0.365132,-0.065835,0.000719,0.000241
0,-3.671266,0.116424,0.189869,0.115573,0.239627,0.092634,0.001533,0.002032
0,-3.573801,0.096493,0.081409,-0.003378,0.089193,0.039851,0.000168,0.001684
0,-3.200357,0.0003,0.385519,-0.085985,0.358965,-0.082227,0.001132,5e-06
0,-2.990266,0.071413,0.189653,0.098075,0.165115,0.075381,0.002535,0.001246
0,-2.959804,0.074498,0.057177,0.012392,0.041407,0.059299,0.003067,0.0013
0,-2.669709,0.069144,0.268393,-0.031105,0.236887,0.00195,0.000312,0.001207
0,-2.667742,0.114448,0.020367,0.050984,0.027621,0.036552,0.000346,0.001997
0,-2.608092,-0.11073,0.070707,-0.213356,0.030215,-0.202066,0.001387,0.001933
0,-2.4733,0.074649,0.107023,0.213059,0.06611,0.176711,0.00374,0.001303
0,-2.327295,0.081611,0.141779,0.018801,0.11309,-0.011958,0.00153,0.001424
0,-2.06392,0.052061,0.262274,-0.00046,0.309096,0.005724,0.003067,0.000909
0,-2.120656,0.126698,-0.044209,0.082916,-0.076097,0.096729,0.002077,0.002211
0,-2.148143,-0.109637,-0.057293,-0.242618,-0.084285,-0.281636,0.001597,0.001914
0,-1.998987,0.120558,0.152033,0.246712,0.184422,0.243887,0.003617,0.002104
0,-1.651082,0.146719,0.366411,0.004772,0.318209,0.029784,0.002455,0.002561
0,-1.571578,0.135966,0.066559,0.005934,0.020746,-0.003132,0.003842,0.002373
0,-1.557272,-0.079177,0.04207,-0.215585,0.091978,-0.254255,0.003726,0.001382
0,-1.306327,0.046301,0.239958,0.11839,0.256518,0.150944,0.000654,0.000808
0,-1.512297,0.172816,-0.20125,0.147996,-0.200982,0.15739,0.002941,0.003016
0,-1.275806,0.026982,0.224364,-0.168804,0.269878,-0.138529,0.001187,0.000471
0,-1.064533,0.023071,0.218135,-0.024691,0.223592,-0.01012,0.002944,0.000403
0,-1.009893,0.047906,0.08362,0.038772,0.119201,0.067064,0.00199,0.000836
0,-1.173929,-0.00011,-0.141866,-0.074877,-0.174986,-0.041939,0.002965,2e-06
0,-0.965604,0.181253,0.18368,0.160876,0.195904,0.131793,0.001217,0.003163
0,-1.03567,-0.04422,-0.048552,-0.249168,-0.097077,-0.244483,0.00244,0.000772
0,-0.823437,0.110623,0.208499,0.155651,0.214959,0.190478,0.001264,0.001931
0,-0.766707,-0.002233,0.073422,-0.129417,0.06996,-0.112136,0.002254,3.9e-05
0,-0.601316,0.141239,0.184077,0.126839,0.219558,0.122629,0.002677,0.002465
0,-0.558032,0.06663,0.063481,-0.080765,0.108862,-0.105213,0.001922,0.001163
0,-0.514543,-0.056062,0.047145,-0.147151,0.019911,-0.141973,0.001163,0.000978
0,-0.611315,-0.041979,-0.122658,0.007927,-0.094994,-0.004634,0.002852,0.000733
0,-0.505743,0.079174,0.119539,0.144315,0.1064,0.187689,0.001009,0.001382
0,-0.596519,0.119831,-0.114584,0.032281,-0.077093,-0.011219,0.002593,0.002091
0,-0.382874,-0.002871,0.195589,-0.14125,0.225375,-0.148603,0.001135,5e-05
0,-0.582446,0.097624,-0.196467,0.087776,-0.201744,0.074725,0.002348,0.001704
0,-0.486004,0.206896,0.107977,0.126684,0.096994,0.099068,0.000664,0.003611
0,-0.436335,0.089545,0.058656,-0.123695,0.095022,-0.086869,0.000202,0.001563
0,-0.218964,0.167937,0.204301,0.077165,0.231708,0.06386,0.003822,0.002931
0,-0.435261,-0.037289,-0.20428,-0.185414,-0.21564,-0.184394,0.000221,0.000651
0,-0.368693,-0.071249,0.047973,-0.04452,0.090741,-0.030976,0.001383,0.001244
0,-0.341056,0.049714,0.011855,0.11966,0.014402,0.1273,0.001865,0.000868
0,-0.168715,-0.062322,0.153988,-0.113543,0.154768,-0.090969,0.002945,0.001088
0,-0.236808,-0.03977,-0.055597,0.039383,-0.074551,0.046748,0.003685,0.000694
0,-0.039593,0.020945,0.182672,0.053808,0.153953,0.049539,0.000691,0.000366
0,-0.181023,0.006894,-0.158964,-0.023805,-0.136097,-0.053211,0.003159,0.00012
0,-0.036694,0.073772,0.149035,0.050177,0.197901,0.03685,0.00064,0.001288
0,0.099683,-0.054393,0.140445,-0.135748,0.112191,-0.099853,0.00174,0.000949
0,-0.103869,-0.144491,-0.226662,-0.112649,-0.18453,-0.1015,0.001813,0.002522
0,-0.170649,-0.111263,-0.086351,0.037619,-0.131378,0.064118,0.002978,0.001942
0,-0.117094,-0.130461,0.029424,0.00136,0.033702,0.026192,0.002044,0.002277
0,-0.164621,0.040553,-0.023666,0.184775,0.012678,0.149355,0.002873,0.000708
0,0.095117,-0.14357,0.286506,-0.17687,0.254161,-0.152677,0.00166,0.002506
0,-0.169706,-0.143139,-0.250124,-0.026337,-0.201456,-0.054666,0.002962,0.002498
0,-0.022665,-0.082859,0.148959,0.036214,0.186301,0.080473,0.000396,0.001446
0,-0.089048,0.048717,-0.079769,0.120865,-0.051184,0.131856,0.001554,0.00085
0,-0.100401,-0.151362,0.014105,-0.216839,-0.026756,-0.259748,0.001752,0.002642
0,-0.032656,-0.096646,0.043246,0.076036,0.090525,0.028561,0.00057,0.001687
0,0.009474,-0.033472,0.053232,0.036057,0.068819,0.019764,0.000165,0.000584
0,-0.152011,0.025513,-0.17444,0.033739,-0.163664,0.082622,0.002653,0.000445
0,0.030894,-0.150304,0.205472,-0.1644,0.216056,-0.20488,0.000539,0.002623
0,-0.065898,0.034168,-0.084684,0.159159,-0.070057,0.188757,0.00115,0.000596
0,0.063939,-0.009882,0.128976,-0.046141,0.109303,-0.008587,0.001116,0.000172
0,0.05406,0.075488,0.002766,0.056648,0.03153,0.096067,0.000944,0.001318
0,0.102063,-0.164169,0.046955,-0.261659,0.046515,-0.294577,0.001781,0.002865
0,-0.204279,-0.084733,-0.287331,0.08471,-0.311095,0.111399,0.003565,0.001479
0,-0.119382,-0.17164,0.087987,-0.060278,0.104038,-0.051113,0.002084,0.002996
0,-0.256482,0.024812,-0.144307,0.206535,-0.112516,0.207472,0.003341,0.000433
0,-0.055878,0.016097,0.197404,-0.019173,0.207383,-0.056933,0.000975,0.000281
0,-0.070925,-0.097703,-0.031633,-0.112038,-0.068821,-0.084121,0.001238,0.001705
0,-0.222382,0.008805,-0.127693,0.112815,-0.177246,0.07459,0.003881,0.000154
0,0.031907,0.020345,0.237179,0.012413,0.199933,0.038921,0.000557,0.000355
0,0.020944,-0.094223,-0.014448,-0.140448,0.010866,-0.129091,0.000366,0.001645
0,0.052061,-0.107858,0.060687,-0.035313,0.074639,-0.067826,0.000909,0.001882
0,-8.901943,-0.007358,-8.938434,0.106379,-8.985199,0.149679,0.000989,0.000128
0,-9.14352,0.183908,-0.264421,0.171594,-0.21764,0.161295,0.003227,0.00321
0,-8.967706,0.311324,0.155188,0.101271,0.115557,0.067286,0.000158,0.002384
0,-9.124153,0.266088,-0.1682,-0.015964,-0.133991,-0.041255,0.002889,0.003174
0,-9.090733,0.20707,0.018422,-0.085416,-0.022921,-0.108455,0.002306,0.003614
0,-8.969072,0.04155,0.114905,-0.174483,0.153413,-0.180943,0.000182,0.000725
0,-8.901944,0.206593,0.066446,0.178159,0.096109,0.212157,0.000989,0.003606
0,-9.060317,0.255648,-0.166776,0.035605,-0.163919,-0.002972,0.001775,0.003356
0,-8.975111,0.129153,0.080916,-0.12184,0.063424,-0.080506,0.000288,0.002254
0,-8.91328,0.117286,0.087637,0.002494,0.112337,-0.042551,0.000791,0.002047
0,-8.891221,-0.080332,0.007408,-0.183065,0.050556,-0.141343,0.001176,0.001402
0,-8.925637,0.081796,-0.039915,0.148808,-0.006308,0.123146,0.000576,0.001428
0,-8.972261,-0.102033,-0.04945,-0.194017,-0.086686,-0.150439,0.000238,0.001781
0,-8.970066,0.106147,0.006277,0.181076,-0.033668,0.144826,0.0002,0.001853
0,-8.948589,0.024462,0.037498,-0.104461,0.007478,-0.065259,0.000175,0.000427
0,-8.596855,0.007793,0.322416,-0.026329,0.359737,-0.065215,0.001504,0.000136
0,-8.059134,0.035796,0.541572,0.026273,0.491977,0.020631,6.3e-05,0.000625
0,-7.619357,-0.132251,0.459318,-0.145987,0.457142,-0.146121,7.9e-05,0.002308
0,-7.208249,0.0421,0.439711,0.150837,0.412454,0.199892,0.000722,0.000735
0,-6.60778,0.105097,0.57969,0.034716,0.615724,0.072906,0.001941,0.001834
0,-6.442889,-0.005599,0.166423,-0.095149,0.168372,-0.089922,0.002999,9.8e-05
0,-6.126613,-0.13336,0.293033,-0.132173,0.250349,-0.105222,0.002521,0.002328
0,-5.765621,0.031842,0.346771,0.169225,0.323264,0.166932,0.001003,0.000556
0,-5.265233,-0.110836,0.513152,-0.169106,0.555066,-0.216025,0.001919,0.001934
0,-5.155833,-0.024995,0.125987,0.072807,0.155214,0.031789,0.003828,0.000436
0,-4.686543,-0.048762,0.476385,-0.05032,0.510467,-0.040801,0.003617,0.000851
0,-4.48635,-0.057464,0.207814,-0.032329,0.233619,-0.060138,0.000123,0.001003
0,-9.001351,-1.417266,-4.53941,-1.373473,-4.563147,-1.411904,0.000746,0.001282
0,-9.048211,-1.534067,-0.052652,-0.115107,-0.042255,-0.069061,0.001564,0.003321
0,-8.970464,-1.868899,0.105582,-0.349807,0.140991,-0.319987,0.000207,0.001347
0,-8.882505,-1.780568,0.09282,0.105948,0.09227,0.102351,0.001329,0.000195
0,-9.090946,-1.507627,-0.180019,0.298706,-0.201626,0.329505,0.002309,0.002859
0,-8.857809,-1.033192,0.212734,0.496458,0.247853,0.538373,0.00176,0.002397
0,-7.721708,-1.075282,1.154902,-0.050651,1.163397,-0.02798,0.001865,0.003131
0,-7.587983,-0.6822,0.109157,0.412503,0.108611,0.431043,0.000469,0.003729
0,-5.832984,-0.283736,1.78024,0.384795,1.80095,0.417962,0.000172,0.002866
0,-4.592076,-0.097684,1.26949,0.200716,1.263504,0.229476,0.001968,0.001705
0,-2.77928,-0.096614,1.797931,-0.009567,1.760967,-0.035187,0.0016,0.001686
0,-1.74147,-0.011378,1.010498,0.102355,1.002652,0.063561,0.000877,0.000199
0,-1.560244,0.056832,0.188399,0.095581,0.207386,0.062742,0.003778,0.000992
0,-0.696119,0.092247,0.874129,0.01237,0.903235,-0.008286,0.003486,0.00161
0,-0.374272,0.288843,0.341439,0.209925,0.308997,0.199444,0.001286,0.002777
0,0.018321,0.187394,0.367487,-0.073043,0.402082,-0.097405,0.00032,0.003271
0,0.237945,0.150064,0.196749,-0.01115,0.195309,-0.004687,0.003665,0.002619
0,0.242681,0.057354,-0.004018,-0.066918,-0.002943,-0.062531,0.003582,0.001001
0,0.127071,0.045833,-0.127149,-0.031131,-0.127617,-0.052055,0.002218,0.0008
0,0.091311,0.220408,-0.036466,0.194131,-0.002778,0.220992,0.001594,0.003847
0,0.056825,0.292897,-0.024837,0.07855,-0.044079,0.066231,0.000992,0.002706
0,0.200968,0.270558,0.173905,-0.024904,0.181777,-0.060251,0.003508,0.003096
0,0.215187,-0.041802,-0.006146,-0.3091,-0.000977,-0.279287,0.003756,0.00073
0,0.21917,-0.160658,0.022678,-0.113735,0.008661,-0.098273,0.003825,0.002804
0,0.088559,-0.151704,-0.111468,0.021915,-0.140086,0.023705,0.001546,0.002648
0,0.021649,-0.123489,-0.087517,0.032234,-0.063018,-0.008777,0.000378,0.002155
0,0.22731,0.047665,0.210547,0.144059,0.16275,0.137178,0.003851,0.000832
0,0.077477,0.005608,-0.150579,-0.04847,-0.169863,-0.07249,0.001352,9.8e-05
0,0.212109,-0.036513,0.109184,-0.065623,0.157785,-0.021996,0.003702,0.000637
0,0.186371,0.005659,-0.036891,0.041008,-0.020405,0.037161,0.003253,9.9e-05
0,0.043219,-0.11988,-0.129654,-0.128562,-0.087711,-0.1477,0.000754,0.002092
0,-0.047322,-0.179595,-0.103032,-0.035462,-0.137383,-0.052957,0.000826,0.003135
0,0.085024,0.077567,0.114825,0.267939,0.117927,0.274056,0.001484,0.001354
0,0.023426,0.0239,-0.082075,-0.033487,-0.06625,0.012988,0.000409,0.000417
0,0.061448,-0.223916,0.039827,-0.219253,0.052517,-0.218172,0.001072,0.003908
0,0.033013,-0.087272,-0.027717,0.121946,0.01967,0.146047,0.000576,0.001523
0,0.191384,-0.185207,0.129528,-0.127016,0.119365,-0.162084,0.00334,0.003232
0,-0.011368,-0.170152,-0.220802,0.033218,-0.248332,-0.011165,0.000198,0.00297
0,0.062478,-0.101661,0.047085,0.057858,0.064984,0.067884,0.00109,0.001774
0,0.112008,-0.099865,0.028826,-0.000516,0.067416,0.024144,0.001955,0.001743
0,0.110082,-0.17801,-0.004212,-0.057987,0.012266,-0.10458,0.001921,0.003107
0,0.181449,-0.033336,0.072762,0.129761,0.048055,0.150245,0.003167,0.000582
0,0.122373,-0.171579,-0.03317,-0.167127,0.003006,-0.200569,0.002136,0.002995
0,0.106198,0.057633,0.01192,0.22451,0.03521,0.182607,0.001854,0.001006
0,0.170659,-0.146873,0.076911,-0.181712,0.097401,-0.178471,0.002979,0.002563
0,0.276716,0.02206,0.124148,0.166864,0.159954,0.212061,0.002988,0.000385
0,0.105344,0.008006,-0.168168,-0.018954,-0.172183,-0.033442,0.001839,0.00014
0,0.296612,-0.121796,0.17016,-0.124567,0.146811,-0.127682,0.002641,0.002126
0,0.185941,-0.128968,-0.116264,0.022669,-0.087304,-0.024437,0.003245,0.002251
0,0.07417,0.032131,-0.10554,0.169573,-0.152253,0.194386,0.001295,0.000561
0,0.277903,-0.142219,0.192763,-0.15917,0.15892,-0.128326,0.002968,0.002482
0,0.32948,0.012784,0.071604,0.149432,0.043132,0.183905,0.002067,0.000223
0,0.094009,-0.028147,-0.244726,-0.039278,-0.290602,-0.085904,0.001641,0.000491
0,0.272892,0.092729,0.208649,0.115106,0.216746,0.130874,0.003055,0.001618
0,0.296018,-0.028817,0.032,-0.132633,0.007498,-0.087785,0.002651,0.000503
0,0.125634,0.103988,-0.197038,0.132894,-0.156781,0.131627,0.002193,0.001815
0,0.022124,0.070631,-0.095289,-0.017528,-0.095711,-0.05026,0.000386,0.001233
0,0.238568,-0.109887,0.241647,-0.21009,0.263103,-0.197862,0.003654,0.001918
0,0.110258,-0.086018,-0.138145,0.014898,-0.183225,0.020868,0.001924,0.001501
0,0.191929,-0.030207,0.083443,0.06415,0.081342,0.057686,0.00335,0.000527
0,-0.000792,0.0947,-0.172036,0.107601,-0.194899,0.059047,1.4e-05,0.001653
0,0.078607,-1.682112,0.064093,-1.757929,0.109361,-1.807506,0.001372,0.001913
0,0.210013,-1.8463,0.157358,-0.177517,0.128683,-0.132604,0.003665,0.000953
0,0.312192,-1.912856,0.113553,-0.090045,0.069864,-0.047405,0.002369,0.002114
0,0.173064,-1.617402,-0.142743,0.283581,-0.140427,0.290464,0.003021,0.003043
0,0.136459,-1.570824,-0.052396,0.018623,-0.082538,0.021241,0.002382,0.003855
0,0.226653,-1.706763,0.104921,-0.141636,0.109838,-0.107807,0.003862,0.001483
0,0.277852,-1.300924,0.047534,0.426981,0.011702,0.450532,0.002968,0.000748
0,0.088595,-0.913847,-0.215155,0.386423,-0.195686,0.434982,0.001546,0.000314
0,0.139076,-0.726596,0.061369,0.215043,0.076114,0.212079,0.002427,0.002954
0,0.058331,-0.420876,-0.095157,0.31825,-0.12877,0.29589,0.001018,0.000472
0,0.060746,-0.394333,0.007069,0.056022,-0.013806,0.036478,0.00106,0.000935
0,0.093441,-0.096949,0.003975,0.272275,-0.015577,0.266944,0.001631,0.001692
0,0.123853,0.062593,0.036984,0.142847,0.075825,0.109863,0.002162,0.001092
0,-0.122339,0.338924,-0.268703,0.262632,-0.295778,0.263413,0.002135,0.001903
0,-0.012237,0.395644,0.124944,0.031084,0.162781,0.004824,0.000214,0.000913
0,0.013562,0.184238,0.023005,-0.197781,-0.01774,-0.178737,0.000237,0.003216
0,-0.150495,0.143726,-0.171481,-0.052924,-0.129213,-0.021377,0.002627,0.002508
0,0.090929,0.194903,0.214745,0.033876,0.258661,0.045783,0.001587,0.003402
0,0.734587,2.197447,0.640732,2.021838,0.686674,2.004616,0.002815,0.000737
0,1.105026,2.692665,0.353935,0.499587,0.396299,0.502628,0.003651,8.9e-05
0,1.499897,3.010653,0.377644,0.333218,0.369576,0.36202,0.002725,0.002179
0,1.661592,2.842285,0.177772,-0.168184,0.166349,-0.135798,0.002271,0.0027
0,1.556895,2.120466,-0.108199,-0.726965,-0.114041,-0.699823,0.003719,0.00208
0,1.034815,1.401233,-0.505883,-0.736698,-0.475562,-0.745607,0.002425,0.001002
0,1.26722,1.136163,0.209982,-0.261735,0.197212,-0.237183,0.001336,0.003624
0,1.120178,0.542605,-0.119989,-0.577385,-0.109433,-0.62255,0.003903,0.001652
0,0.750167,0.619633,-0.344455,0.099285,-0.349792,0.127899,0.002543,0.002997
0,0.630385,0.37429,-0.101034,-0.250388,-0.130769,-0.207431,0.003184,0.001285
0,0.241949,-0.107044,-0.389738,-0.474506,-0.402467,-0.471228,0.003595,0.001868
0,0.041474,-0.11124,-0.186072,0.016818,-0.176286,0.042799,0.000724,0.001942
0,-0.043255,-0.215762,-0.100924,-0.125617,-0.064867,-0.087438,0.000755,0.003766
0,-0.031524,-0.145771,-0.009798,0.090244,0.034052,0.074868,0.00055,0.002544
0,-0.340167,-0.370309,-0.326533,-0.248148,-0.365491,-0.250924,0.001881,0.001355
0,-0.378667,-0.44795,-0.015845,-0.077617,0.017921,-0.03305,0.001209,0.0
0,-0.165699,-0.291232,0.219212,0.161628,0.235032,0.130745,0.002892,0.002735
0,-0.347082,-0.143454,-0.203596,0.147369,-0.182958,0.106482,0.00176,0.002504
0,-0.1271,-0.282946,0.231489,-0.152826,0.266434,-0.115915,0.002218,0.00288
0,-0.203107,-0.142755,-0.092892,0.164765,-0.051021,0.130947,0.003545,0.002492
0,-0.052485,-0.380121,0.151081,-0.215743,0.159943,-0.170698,0.000916,0.001184
0,-0.236568,-0.29116,-0.190413,0.106616,-0.22346,0.151593,0.003689,0.002736
0,-0.326381,-0.065812,-0.070396,0.227182,-0.039828,0.21514,0.002121,0.001149
0,-0.234572,-0.171655,0.083939,-0.086786,0.05843,-0.038318,0.003724,0.002996
0,-0.123991,-0.047303,0.085391,0.145972,0.046041,0.161833,0.002164,0.000826
0,-0.061936,-0.325252,0.082052,-0.281594,0.067315,-0.329145,0.001081,0.002141
0,-0.163785,-0.266776,-0.080237,0.085145,-0.061744,0.081601,0.002859,0.003162
0,-0.071561,-0.305626,0.076497,-0.023045,0.060093,-0.034977,0.001249,0.002484
0,-0.220561,-0.224908,-0.140294,0.096432,-0.18035,0.074048,0.00385,0.003892
0,-0.208131,-0.210457,0.031067,0.009958,0.068799,-0.026862,0.003633,0.003673
0,-0.168358,-0.277453,0.036302,-0.047544,0.03524,-0.006434,0.002938,0.002975
0,-0.114117,-0.267922,0.02911,0.034779,0.021254,-0.00168,0.001992,0.003142
0,-0.072367,-0.149846,0.02085,0.126975,-0.00712,0.169677,0.001263,0.002615
0,-0.218361,-0.111417,-0.170362,0.014714,-0.181083,0.01843,0.003811,0.001945
0,-0.332204,-0.150464,-0.105166,-0.01933,-0.141943,-0.068381,0.00202,0.002626
0,-0.218668,-0.102884,0.083756,0.031224,0.10084,0.017804,0.003816,0.001796
0,-0.305214,-0.044235,-0.069754,0.057678,-0.036487,0.080054,0.002491,0.000772
0,-0.165976,-0.098273,0.124378,-0.075726,0.128286,-0.034365,0.002897,0.001715
0,-0.324796,-0.265569,-0.170512,-0.156878,-0.141413,-0.160929,0.002149,0.003183
0,-0.124018,-0.122719,0.180811,0.116898,0.152327,0.104355,0.002165,0.002142
0,-0.342084,-0.0641,-0.218789,0.030347,-0.20601,0.072158,0.001847,0.001119
0,-0.112609,-0.134804,0.209061,-0.068599,0.240328,-0.044442,0.001965,0.002353
0,-0.316995,-0.2639,-0.227238,-0.121429,-0.256397,-0.074176,0.002285,0.003212
0,-0.054745,-0.093112,0.248703,0.19358,0.268845,0.223081,0.000955,0.001625
0,-0.135442,-0.271812,-0.052033,-0.155945,-0.075281,-0.183316,0.002364,0.003074
0,-0.134434,-0.111931,0.006341,0.161263,0.031761,0.192617,0.002346,0.001954
0,-0.02697,-0.18332,0.125518,-0.064182,0.135786,-0.036251,0.000471,0.0032
0,-0.078864,-0.054266,-0.069797,0.128343,-0.02569,0.082537,0.001376,0.000947
0,-0.179286,-0.072925,-0.076367,-0.035557,-0.029458,-0.029031,0.003129,0.001273
0,-0.036755,-0.103292,0.148312,-0.005333,0.162735,-0.011803,0.000641,0.001803
0,-0.25152,-0.207852,-0.243824,-0.097801,-0.287155,-0.11591,0.003428,0.003628
0,-0.189976,-0.175641,0.058212,0.053507,0.027047,0.042021,0.003316,0.003066
0,-0.249154,0.008842,-0.030506,0.214189,-0.055483,0.172813,0.003469,0.000154
0,-0.118753,-0.129232,0.151774,-0.110244,0.109115,-0.063856,0.002073,0.002256
0,-0.192875,-0.017397,-0.052222,0.097665,-0.016381,0.112473,0.003366,0.000304
0,-0.139969,0.08404,0.060201,0.128197,0.075772,0.128976,0.002443,0.001467
0,-0.16186,-0.166761,-0.039907,-0.280321,-0.055108,-0.265695,0.002825,0.002911
0,-0.180822,-0.139992,-0.025006,0.043887,-0.037951,0.004345,0.003156,0.002443
0,-0.002171,-0.164365,0.149209,-0.047857,0.157768,-0.057018,3.8e-05,0.002869
0,0.009516,-0.132189,0.018327,0.050321,0.008902,0.095647,0.000166,0.002307
0,-0.070281,-0.087327,-0.104494,0.028282,-0.078161,-0.006944,0.001227,0.001524
0,0.009845,-0.110121,0.097244,-0.036863,0.138846,-0.0838,0.000172,0.001922
0,0.062006,-0.110075,0.061529,-0.006163,0.055434,0.03933,0.001082,0.001921
0,0.025715,-0.059758,-0.05722,0.022136,-0.030419,0.049109,0.000449,0.001043
0,-0.039227,-0.128462,-0.039194,-0.067524,-0.004926,-0.022376,0.000685,0.002242
0,-0.123203,-0.007384,-0.056572,0.119171,-0.085379,0.070229,0.00215,0.000129
0,-0.129724,0.07201,-0.001973,0.053386,-0.022792,0.094975,0.002264,0.001257
0,-0.051838,0.08568,0.094683,0.021662,0.141624,0.033115,0.000905,0.001495
0,-0.124936,0.012298,-0.089046,-0.065237,-0.07105,-0.021455,0.002181,0.000215
0,-0.117908,-0.194756,-0.002519,-0.179151,0.001966,-0.146608,0.002058,0.003399
0,-0.01396,0.057021,0.108219,0.226141,0.150594,0.250354,0.000244,0.000995
0,0.105153,-0.140539,0.108654,-0.195512,0.11783,-0.23561,0.001835,0.002453
0,-0.015152,-0.167615,-0.111881,-0.010465,-0.127913,-0.01733,0.000264,0.002925
0,0.18485,-0.082297,0.175766,0.084412,0.17092,0.044288,0.003226,0.001436
0,0.027388,0.005347,-0.184283,0.11247,-0.184362,0.073872,0.000478,9.3e-05
0,0.200835,-0.138713,0.164731,-0.123473,0.212646,-0.153025,0.003505,0.002421
0,0.154705,-0.103983,-0.037746,0.062524,-0.083551,0.060042,0.0027,0.001815
0,0.10842,-0.140565,-0.065336,-0.017818,-0.024742,-0.05538,0.001892,0.002453
0,0.288797,0.022839,0.196795,0.148494,0.176943,0.123785,0.002777,0.000399
0,0.210501,0.01454,-0.079148,-0.037362,-0.084827,-0.071378,0.003674,0.000254
0,0.005579,0.061055,-0.214007,0.070182,-0.173242,0.112936,9.7e-05,0.001066
0,0.278345,-0.083042,0.281851,-0.147787,0.331303,-0.15924,0.00296,0.001449
0,0.065199,0.055886,-0.193871,0.13659,-0.20642,0.100554,0.001138,0.000975
0,0.137899,-0.082023,0.060754,-0.124281,0.027234,-0.171092,0.002407,0.001432
0,0.336133,-0.140788,0.17673,-0.047313,0.207371,-0.01256,0.001951,0.002457
0,0.068254,-0.172742,-0.24875,-0.008359,-0.241667,0.013545,0.001191,0.003015
0,0.269046,-0.148771,0.172059,0.018271,0.145478,0.019271,0.003122,0.002597
0,0.15809,-0.1401,-0.119741,-0.013798,-0.107497,-0.020623,0.002759,0.002445
0,0.092553,0.063422,-0.045284,0.210968,-0.077499,0.259047,0.001615,0.001107
0,0.322013,0.057449,0.253037,0.008677,0.228904,0.038135,0.002198,0.001003
0,0.320576,-0.111058,0.002204,-0.198209,-0.028853,-0.190446,0.002223,0.001938
0,0.166502,-0.153654,-0.156928,-0.055742,-0.178684,-0.044309,0.002906,0.002682
0,0.080025,0.064141,-0.081898,0.229328,-0.040303,0.218966,0.001397,0.001119
0,0.226152,-0.162488,0.133684,-0.222643,0.138079,-0.22926,0.003871,0.002836
0,-0.001964,0.120434,-0.252517,0.291695,-0.274492,0.312637,3.4e-05,0.002102
0,0.025225,0.092221,0.021885,-0.030856,-0.004258,-0.003628,0.00044,0.00161
0,3.6e-05,-0.047927,-0.047346,-0.153174,-0.058655,-0.123518,1e-06,0.000836
0,0.007693,-0.097968,0.028478,-0.072194,-0.003848,-0.071976,0.000134,0.00171
0,0.215183,0.040296,0.231391,0.115767,0.202005,0.159834,0.003756,0.000703
0,0.233852,0.14609,0.039886,0.07867,0.056281,0.060293,0.003736,0.00255
0,0.215517,-0.032732,-0.021932,-0.185839,-0.055473,-0.223823,0.003761,0.000571
0,0.072542,-0.15752,-0.132555,-0.123933,-0.128757,-0.137602,0.001266,0.002749
0,0.106934,-0.129528,0.058065,0.023812,0.035599,0.000869,0.001866,0.002261
0,0.083835,-0.022342,-0.029849,0.11899,0.007084,0.166492,0.001463,0.00039
0,-0.044339,-0.002918,-0.109584,0.030593,-0.075156,0.072933,0.000774,5.1e-05
0,0.076853,0.123867,0.128984,0.141648,0.125029,0.118741,0.001341,0.002162
0,-0.026301,-0.038612,-0.09036,-0.170706,-0.069521,-0.217268,0.000459,0.000674
0,0.008057,-0.090625,0.016336,-0.044924,0.012441,-0.009212,0.000141,0.001582
0,0.019685,-0.156676,0.040216,-0.084001,0.010141,-0.092356,0.000344,0.002735
0,0.158302,-0.03002,0.137411,0.129733,0.099846,0.159071,0.002763,0.000524
0,-0.026298,-0.047722,-0.177827,-0.036856,-0.19579,-0.065853,0.000459,0.000833
0,0.009736,-0.10408,0.057366,-0.030375,0.028,-0.027803,0.00017,0.001817
0,0.046343,-0.003773,0.063254,0.120344,0.100297,0.125809,0.000809,6.6e-05
0,0.107631,-0.015527,0.049288,-0.012938,-0.000513,-0.031942,0.001879,0.000271
0,-0.039613,0.06198,-0.129471,0.058377,-0.116462,0.072891,0.000691,0.001082
0,0.038022,0.096024,0.082496,0.029074,0.072978,0.025918,0.000664,0.001676
0,0.050033,0.141479,-0.015382,0.031076,0.009541,0.05024,0.000873,0.002469
0,-0.081837,-0.072034,-0.122514,-0.212514,-0.121656,-0.184005,0.001428,0.001257
0,0.112177,-0.075607,0.185285,-0.026908,0.233336,-0.061892,0.001958,0.00132
0,0.116756,0.055694,-0.003204,0.12837,0.039574,0.111874,0.002038,0.000972
0,0.121288,0.130033,0.00551,0.065665,-0.028839,0.070761,0.002117,0.00227
0,0.02891,-0.162563,-0.092494,-0.268322,-0.118257,-0.246198,0.000505,0.002837
0,0.138822,-0.091325,0.106024,0.043258,0.075832,0.074961,0.002423,0.001594
0,0.237651,0.13215,0.124658,0.208938,0.15598,0.258746,0.00367,0.002306
0,0.176026,0.055061,-0.035348,-0.056852,-0.057472,-0.105773,0.003072,0.000961
0,0.112971,-0.060318,-0.046065,-0.111253,-0.023644,-0.061883,0.001972,0.001053
0,0.308818,0.171237,0.174925,0.252028,0.127348,0.23167,0.002428,0.002989
0,0.1559,-0.053962,-0.148098,-0.216052,-0.185096,-0.212968,0.002721,0.000942
0,0.226353,0.197353,0.06831,0.277002,0.043589,0.231703,0.003867,0.003444
0,0.088513,0.008574,-0.133408,-0.195097,-0.131899,-0.17378,0.001545,0.00015
0,0.158213,-0.057546,0.042509,-0.072929,0.068226,-0.045878,0.002761,0.001004
0,0.273863,-0.025636,0.113838,0.022361,0.075194,0.056435,0.003038,0.000447
0,0.010156,0.10391,-0.240101,0.159542,-0.258351,0.132471,0.000177,0.001814
0,0.276778,0.026501,0.271926,-0.106822,0.271211,-0.148593,0.002987,0.000463
0,0.032874,0.023726,-0.252596,0.004287,-0.247858,-0.031519,0.000574,0.000414
0,0.169068,-0.034135,0.163493,-0.080827,0.191279,-0.081601,0.002951,0.000596
0,0.12345,-0.067668,-0.034361,-0.011481,-0.083462,-0.02042,0.002155,0.001181
0,0.119073,0.047915,0.018297,0.123891,0.028991,0.128176,0.002078,0.000836
0,0.070347,0.162155,-0.033075,0.113585,-0.022877,0.079543,0.001228,0.00283
0,0.010655,0.001903,-0.049014,-0.186363,-2.6e-05,-0.207476,0.000186,3.3e-05
0,-0.042903,-0.01212,-0.062853,-0.035185,-0.10536,-0.078989,0.000749,0.000212
0,-0.031237,-0.04204,0.021497,-0.041118,0.001008,-0.027826,0.000545,0.000734
0,-0.069934,0.00041,-0.057104,0.044838,-0.097282,0.050316,0.001221,7e-06
0,0.123035,0.158244,0.219308,0.185372,0.234535,0.196883,0.002147,0.002762
0,-0.022536,0.166407,-0.116387,0.017356,-0.127153,-0.024251,0.000393,0.002904
0,-0.027887,0.147802,-0.033909,-0.005361,-0.065452,0.017781,0.000487,0.00258
0,0.08899,-0.002095,0.138731,-0.119948,0.109313,-0.08554,0.001553,3.7e-05
0,-0.051705,0.068146,-0.150339,0.051408,-0.167556,0.040832,0.000902,0.001189
0,0.059433,0.042609,0.140292,-0.021668,0.097198,-0.053563,0.001037,0.000744
0,-0.108038,-0.091872,-0.151472,-0.136059,-0.193154,-0.168381,0.001886,0.001603
0,0.15063,0.119961,0.26398,0.20554,0.275974,0.229391,0.002629,0.002094
0,-0.100276,0.075225,-0.254998,-0.063402,-0.266251,-0.042581,0.00175,0.001313
0,0.096122,0.120647,0.221346,0.053432,0.19442,0.06547,0.001678,0.002106
0,-0.038963,0.097894,-0.126388,-0.017205,-0.138473,-0.027926,0.00068,0.001709
0,0.194721,0.162348,0.253181,0.03505,0.222323,0.05953,0.003399,0.002834
0,0.164134,0.144952,-0.04007,0.010808,-0.046034,-0.007427,0.002865,0.00253
0,-0.023067,0.155467,-0.18872,0.005074,-0.223472,0.016435,0.000403,0.002713
0,0.132556,-0.137206,0.147931,-0.267921,0.100905,-0.227532,0.002314,0.002395
0,0.020797,-0.050389,-0.109133,0.101208,-0.12739,0.109121,0.000363,0.000879
0,-0.083391,-0.022956,-0.123211,0.053765,-0.090015,0.031957,0.001455,0.000401
0,0.145954,0.19548,0.222917,0.221043,0.195299,0.196733,0.002547,0.003412
0,0.012089,0.030126,-0.120325,-0.151023,-0.126037,-0.183969,0.000211,0.000526
0,-0.247469,1.480814,-0.241594,1.476981,-0.277765,1.431572,0.003499,0.002391
0,-0.170932,2.590918,0.096394,1.116076,0.117845,1.088634,0.002983,0.001687
0,-0.241155,2.983393,-0.054414,0.365626,-0.004749,0.334016,0.003609,0.002655
0,0.091097,3.474324,0.322684,0.488955,0.30563,0.454083,0.00159,0.001905
0,-0.014465,2.988674,-0.077714,-0.471322,-0.075976,-0.490535,0.000252,0.002563
0,0.020476,2.387861,0.042534,-0.614506,0.02501,-0.641497,0.000357,0.002587
0,0.126513,1.748424,0.128476,-0.647328,0.151944,-0.682877,0.002208,0.000756
0,0.100046,1.513797,-0.02977,-0.215635,-0.003349,-0.195382,0.001746,0.002967
0,0.178305,1.273992,0.106135,-0.220538,0.136395,-0.243784,0.003112,0.001218
0,0.096822,0.431321,-0.081959,-0.828206,-0.131789,-0.866109,0.00169,0.00029
0,0.094437,0.066338,0.0185,-0.347025,-0.024025,-0.360422,0.001648,0.001158
0,0.140702,-0.183688,0.03979,-0.27207,0.062845,-0.27645,0.002456,0.003206
0,0.167397,-0.184133,0.033942,-0.004384,0.013507,-0.027235,0.002922,0.003214
0,-0.018021,-0.20355,-0.169696,0.001005,-0.150189,-9e-06,0.000315,0.003553
0,0.103816,-0.304642,0.103461,-0.116566,0.135651,-0.078629,0.001812,0.002501
0,-0.064768,-0.300536,-0.195624,-0.014307,-0.170043,-0.01949,0.00113,0.002573
0,-0.065967,-0.107195,-0.012406,0.222248,0.030148,0.233072,0.001151,0.001871
0,-0.023065,-0.331162,0.072237,-0.219044,0.105502,-0.26135,0.000403,0.002038
0,0.04269,-0.257579,0.035802,0.102635,0.055797,0.054905,0.000745,0.003322
0,0.027757,-0.288076,0.006751,-0.027795,0.031159,-0.051704,0.000484,0.00279
0,-0.018793,-0.020659,-0.021155,0.268489,-0.063272,0.238963,0.000328,0.000361
0,0.11355,-0.221466,0.131496,-0.203052,0.163716,-0.251593,0.001982,0.003865
0,0.074396,-0.17451,-0.062562,0.050939,-0.01838,0.00895,0.001298,0.003046
0,0.052899,-0.056121,-0.047852,0.090296,-0.029181,0.066408,0.000923,0.000979
0,0.096671,-0.036077,0.028897,0.044819,0.024889,0.091577,0.001687,0.00063
0,0.182027,-0.004086,0.079521,0.02665,0.106435,0.006865,0.003177,7.1e-05
0,0.023226,0.065197,-0.153043,0.098516,-0.154121,0.096219,0.000405,0.001138
0,-0.072826,-0.145047,-0.117081,-0.223435,-0.144794,-0.263628,0.001271,0.002532
0,-0.087244,-0.10447,-0.037451,0.025799,-0.051316,-0.001973,0.001523,0.001823
0,0.185437,-0.079318,0.264769,0.000331,0.300112,0.021667,0.003236,0.001384
0,0.03467,-0.083529,-0.155805,-0.021814,-0.130923,-0.001805,0.000605,0.001458
0,0.123453,-0.094789,0.077238,-0.022363,0.06622,0.005825,0.002155,0.001654
0,0.133694,0.034718,0.007647,0.129188,0.035726,0.167553,0.002333,0.000606
0,0.121203,-0.205014,-0.032337,-0.264794,-0.046138,-0.300688,0.002115,0.003578
0,-0.037708,-0.091383,-0.137537,0.092949,-0.159291,0.087386,0.000658,0.001595
0,0.13636,-0.03163,0.189802,0.073304,0.214347,0.039466,0.00238,0.000552
0,0.142207,-0.116727,-0.009127,-0.094251,-0.030536,-0.049709,0.002482,0.002037
0,0.119285,0.090491,-0.025884,0.184923,-0.064401,0.1873,0.002082,0.001579
0,0.062392,-0.12254,-0.077861,-0.196127,-0.041673,-0.188641,0.001089,0.002139
0,0.134276,-0.084079,0.057707,0.018762,0.025385,0.024311,0.002344,0.001467
0,-0.042656,-0.014873,-0.185216,0.082691,-0.153478,0.039693,0.000744,0.00026
0,-0.125418,-0.003327,-0.075191,0.000807,-0.119455,-0.011422,0.002189,5.8e-05
0,-0.075433,0.139369,0.074794,0.167526,0.081723,0.209614,0.001317,0.002432
0,-0.029012,0.105002,0.031638,-0.042036,-0.006636,-0.062055,0.000506,0.001833
0,0.096381,0.069858,0.130925,-0.031364,0.129245,-0.008512,0.001682,0.001219
0,-0.079576,-0.008923,-0.181826,-0.101747,-0.176963,-0.067853,0.001389,0.000156
0,-0.043869,0.05294,0.051313,0.047473,0.020006,0.064838,0.000766,0.000924
0,0.141042,0.106665,0.161102,0.040336,0.129255,0.051625,0.002462,0.001862
0,0.198447,0.053274,0.035819,-0.060078,0.049771,-0.103391,0.003464,0.00093
0,0.033938,0.167295,-0.187154,0.09107,-0.233088,0.068635,0.000592,0.00292
0,0.082766,-0.022961,0.065198,-0.188104,0.037304,-0.145867,0.001445,0.000401
0,0.064107,-0.068269,-0.038982,-0.021635,-0.020839,-0.036831,0.001119,0.001192
0,0.291321,0.098873,0.197822,0.168556,0.18063,0.140898,0.002733,0.001726
0,0.138617,-0.027604,-0.150452,-0.127796,-0.11915,-0.112182,0.002419,0.000482
0,0.102655,0.064852,-0.053735,0.072848,-0.058646,0.039657,0.001792,0.001132
0,0.262554,0.030455,0.142643,-0.012554,0.186206,-0.002344,0.003235,0.000532
0,0.151934,-0.045905,-0.118692,-0.089151,-0.093934,-0.08613,0.002652,0.000801
0,-0.016126,0.002818,-0.171316,0.067379,-0.169912,0.081798,0.000281,4.9e-05
0,0.098431,-0.07199,0.123997,-0.065976,0.095573,-0.070663,0.001718,0.001256
0,0.096515,0.201242,-0.004167,0.29892,-0.016685,0.301444,0.001684,0.003512
0,0.301394,0.047617,0.217283,-0.164223,0.193559,-0.145355,0.002558,0.000831
0,0.204649,0.026598,-0.076585,-0.037201,-0.112197,-0.085681,0.003572,0.000464
0,0.039184,0.046735,-0.158335,0.041634,-0.160665,-0.006564,0.000684,0.000816
0,0.009561,0.149205,-0.003766,0.101151,0.021096,0.129431,0.000167,0.002604
0,0.194912,-0.005575,0.206082,-0.170871,0.243424,-0.124651,0.003402,9.7e-05
0,-0.054862,0.091517,-0.230466,0.102446,-0.268958,0.078244,0.000958,0.001597
0,0.064116,0.054768,0.09451,-0.033166,0.094607,-0.018559,0.001119,0.000956
0,0.019676,0.046614,-0.015797,-0.023722,-0.064311,-0.00235,0.000343,0.000814
0,-0.029002,0.014176,-0.051953,-0.028558,-0.024768,-0.069477,0.000506,0.000247
0,0.154138,0.067278,0.187768,0.067186,0.237452,0.095342,0.00269,0.001174
0,0.107414,0.007057,-0.049005,-0.081663,-0.039185,-0.045573,0.001875,0.000123
0,0.16833,0.020924,0.036386,0.039753,0.048267,0.060461,0.002938,0.000365
0,0.017114,0.011938,-0.161149,0.006483,-0.158581,-0.016385,0.000299,0.000208
0,0.124148,-0.087536,0.126584,-0.094226,0.080397,-0.076249,0.002167,0.001528
0,0.141059,0.130377,0.035202,0.22893,0.083413,0.257736,0.002462,0.002276
0,-0.048848,-0.033957,-0.178874,-0.134402,-0.164856,-0.182422,0.000853,0.000593
0,0.09022,0.187758,0.116162,0.250909,0.11921,0.289922,0.001575,0.003277
0,-0.098665,0.025019,-0.192541,-0.141735,-0.159866,-0.13429,0.001722,0.000437
0,-0.027038,0.170181,0.099914,0.122113,0.125967,0.075071,0.000472,0.00297
0,0.064479,0.118169,0.108293,-0.060554,0.116183,-0.078744,0.001125,0.002062
0,0.085889,-0.083526,0.026581,-0.198298,-0.020729,-0.229301,0.001499,0.001458
0,0.264988,0.96748,0.20786,1.021418,0.221233,0.975749,0.003193,0.00125
0,0.557976,1.551895,0.265582,0.557903,0.308666,0.54878,0.001921,0.003632
0,0.336969,1.656082,-0.250473,0.09554,-0.237117,0.123242,0.001937,0.002367
0,0.41362,1.440769,0.087744,-0.209361,0.057231,-0.244589,0.000599,0.001693
0,0.515583,1.496537,0.110819,0.051503,0.097766,0.062068,0.001181,0.002666
0,0.174893,1.541597,-0.311264,0.047815,-0.282022,0.055294,0.003052,0.003452
0,0.230177,1.370924,0.04169,-0.160402,-0.000317,-0.145347,0.003801,0.000474
0,0.130569,0.979362,-0.117206,-0.410204,-0.151902,-0.402759,0.002279,0.001457
0,0.24627,0.704855,0.121288,-0.26588,0.086547,-0.283806,0.00352,0.003334
0,0.180974,0.592395,-0.05067,-0.105402,-0.048434,-0.083709,0.003159,0.002521
0,0.043175,0.192519,-0.152393,-0.412639,-0.12349,-0.453223,0.000754,0.00336
0,0.106367,0.244777,0.057795,0.029633,0.055298,0.056655,0.001856,0.003546
0,-0.037132,0.052052,-0.170933,-0.22021,-0.136381,-0.206932,0.000648,0.000908
0,-0.106094,-0.041809,-0.051168,-0.07754,-0.098501,-0.055572,0.001852,0.00073
0,-0.109882,0.124715,0.009643,0.187761,0.057034,0.202337,0.001918,0.002177
0,0.039825,0.099384,0.161207,-0.017756,0.157777,0.007456,0.000695,0.001735
0,0.137574,-0.065393,0.097274,-0.164067,0.116344,-0.15997,0.002401,0.001141
0,-0.109571,-0.094664,-0.239773,-0.014042,-0.239336,-0.007051,0.001912,0.001652
0,-0.108739,0.022327,-0.010183,0.105743,-0.057564,0.143045,0.001898,0.00039
0,-0.080206,-0.020413,0.011596,-0.046731,-0.031957,0.003201,0.0014,0.000356
0,0.116311,0.043068,0.212541,0.05528,0.240073,0.018085,0.00203,0.000752
0,-0.107915,-0.099755,-0.206509,-0.122285,-0.251395,-0.092498,0.001883,0.001741
0,0.108412,0.045174,0.221668,0.119267,0.20243,0.07444,0.001892,0.000788
0,0.144306,-0.035614,0.040129,-0.103856,0.059149,-0.06426,0.002519,0.000622
0,0.117661,-0.198468,-0.01144,-0.16629,0.013686,-0.187142,0.002054,0.003464
0,-0.006036,-0.064095,-0.137668,0.107107,-0.110414,0.11995,0.000105,0.001119
0,-0.034205,-0.196499,-0.052909,-0.13257,-0.014696,-0.090342,0.000597,0.00343
0,0.082742,-0.136769,0.094405,0.040656,0.064519,0.07291,0.001444,0.002387
0,-0.082229,-0.091667,-0.189969,0.069168,-0.194985,0.101048,0.001435,0.0016
0,-0.046037,-0.173069,0.053044,-0.059533,0.062877,-0.028977,0.000804,0.003021
0,0.034226,-0.061486,0.093113,0.127797,0.122384,0.156392,0.000597,0.001073
0,-0.056323,0.023775,-0.064336,0.05717,-0.061657,0.026673,0.000983,0.000415
0,-0.022624,-0.167676,0.011482,-0.189324,0.037961,-0.207047,0.000395,0.002927
0,0.122991,-0.151782,0.116215,0.01376,0.147213,-0.021582,0.002147,0.002649
0,0.095392,-0.1683,-0.026738,-0.025033,-0.008195,-0.062833,0.001665,0.002937
0,0.076558,-0.016419,-0.01179,0.128417,-0.054525,0.080494,0.001336,0.000287
0,-0.069431,0.060176,-0.139927,0.083781,-0.139854,0.067439,0.001212,0.00105
0,0.135488,-0.087394,0.180189,-0.154528,0.193709,-0.113129,0.002365,0.001525
0,0.090514,-0.056329,-0.069482,0.03663,-0.040767,0.027979,0.00158,0.000983
0,0.026596,-0.020624,-0.088603,0.043355,-0.136495,-0.005034,0.000464,0.00036
0,0.060573,0.056909,0.01557,0.064618,0.054103,0.065284,0.001057,0.000993
0,0.081398,-0.171218,0.024932,-0.223775,0.026797,-0.183997,0.001421,0.002988
0,-0.059581,-0.181832,-0.116092,0.007558,-0.142187,0.051524,0.00104,0.003174
0,-0.08049,-0.080283,0.006677,0.092059,0.028527,0.114258,0.001405,0.001401
0,-0.099982,-0.020987,-0.046055,0.06807,-0.081392,0.044034,0.001745,0.000366
0,-0.014483,-0.007439,0.072776,0.026642,0.095783,-0.003271,0.000253,0.00013
0,-0.071374,-0.129622,-0.085427,-0.106769,-0.091417,-0.068027,0.001246,0.002262
0,0.060053,-0.111826,0.148841,0.004311,0.136632,0.044693,0.001048,0.001952
0,-0.03259,-0.097073,-0.08564,0.044673,-0.124374,0.02576,0.000569,0.001694
0,-0.09364,0.04502,-0.075151,0.152898,-0.122766,0.115913,0.001634,0.000786
0,0.035167,-0.05854,0.130166,-0.110987,0.112178,-0.137844,0.000614,0.001022
0,-0.069427,-0.103149,-0.079511,-0.037999,-0.090164,0.010393,0.001212,0.0018
0,-0.078656,-0.196947,-0.031586,-0.116219,-0.055734,-0.068639,0.001373,0.003437
0,-0.242008,-0.216188,-0.186938,-0.01594,-0.22417,-0.046761,0.003594,0.003773
0,1.536995,0.947221,1.786206,1.145334,1.808459,1.159966,0.003372,0.000896
0,2.046278,1.08251,0.509327,0.10892,0.548135,0.09759,0.003375,0.003258
0,2.162249,1.949978,0.135733,0.87611,0.137722,0.923893,0.001351,0.002762
0,2.376739,2.049123,0.213253,0.088177,0.214763,0.117177,0.002393,0.003325
0,2.035203,1.688011,-0.355335,-0.348659,-0.315287,-0.334676,0.003568,0.00181
0,1.79997,1.319806,-0.236788,-0.378129,-0.276884,-0.372091,0.000144,0.000419
0,0.997919,1.258651,-0.783144,-0.042012,-0.764257,-0.051987,0.001781,0.001486
0,0.701632,0.388479,-0.312723,-0.866304,-0.3176,-0.83645,0.00339,0.001038
0,0.348143,0.172135,-0.343661,-0.242192,-0.361133,-0.278513,0.001742,0.003004
0,0.003076,0.087515,-0.330546,-0.073084,-0.375295,-0.103506,5.4e-05,0.001527
0,-0.092074,-0.038069,-0.06901,-0.107577,-0.09727,-0.112878,0.001607,0.000664
0,-0.345319,-0.034371,-0.240964,-0.012519,-0.221711,-0.037347,0.001791,0.0006
0,-0.187488,-0.202833,0.12937,-0.154963,0.138245,-0.138338,0.003272,0.00354
0,-0.1044,-0.064899,0.074604,0.135421,0.092974,0.147177,0.001822,0.001133
0,-0.354951,-0.220416,-0.258273,-0.129365,-0.272919,-0.167822,0.001623,0.003847
0,-0.19749,-0.274182,0.184465,-0.029229,0.154639,-0.066315,0.003447,0.003033
0,-0.084516,-0.143872,0.088076,0.127009,0.125115,0.168233,0.001475,0.002511
0,-0.14269,-0.027717,-0.070597,0.108626,-0.066163,0.077893,0.00249,0.000484
0,-0.314623,-0.149061,-0.184847,-0.141139,-0.166974,-0.160625,0.002327,0.002602
0,-0.056848,-0.058799,0.279112,0.100037,0.237229,0.060601,0.000992,0.001026
0,-0.169877,0.005795,-0.122749,0.080217,-0.157549,0.080615,0.002965,0.000101
0,-0.212197,-0.012683,-0.053856,-0.020615,-0.039139,-0.052611,0.003704,0.000221
0,-0.048429,-0.08107,0.180004,-0.063541,0.193766,-0.042503,0.000845,0.001415
0,-0.242607,-0.102949,-0.193451,-0.019994,-0.219422,0.006413,0.003584,0.001797
0,-0.202738,-0.14377,0.05412,-0.022415,0.024441,0.008311,0.003538,0.002509
0,0.030724,-0.080086,0.242418,0.07663,0.242037,0.064971,0.000536,0.001398
0,-0.067105,-0.167182,-0.110386,-0.085312,-0.08612,-0.096977,0.001171,0.002918
0,-0.156514,-0.01539,-0.071139,0.165858,-0.067696,0.186549,0.002732,0.000269
0,0.018597,-0.143024,0.184467,-0.13228,0.21459,-0.178294,0.000325,0.002496
0,-0.168264,-0.185334,-0.199907,-0.04793,-0.17428,-0.07674,0.002937,0.003235
0,-0.05922,-0.003296,0.128237,0.158773,0.142866,0.12664,0.001034,5.8e-05
0,-0.010496,-0.084601,0.041944,-0.097049,0.021942,-0.067136,0.000183,0.001477
0,-0.029839,0.021255,-0.048122,0.079615,-0.003964,0.074447,0.000521,0.000371
0,-0.013227,0.098367,0.021166,0.089921,0.057942,0.044017,0.000231,0.001717
0,-0.217201,0.07793,-0.224105,-0.017376,-0.229967,-0.042598,0.003791,0.00136
0,-0.042275,-0.161342,0.159136,-0.234457,0.142502,-0.190475,0.000738,0.002816
0,-0.074408,-0.043379,-0.047207,0.104415,-0.023045,0.149601,0.001299,0.000757
0,0.027263,-0.12297,0.0734,-0.059529,0.080912,-0.09158,0.000476,0.002146
0,-0.037352,-0.007742,-0.081141,0.118031,-0.123904,0.115309,0.000652,0.000135
0,-0.059714,-0.012986,-0.038756,-0.030662,0.00807,-0.025109,0.001042,0.000227
0,-0.217935,0.108673,-0.13314,0.117526,-0.086065,0.131331,0.003804,0.001897
0,-0.116178,-0.026533,0.075297,-0.137661,0.037738,-0.153036,0.002028,0.000463
0,0.019691,0.057484,0.109446,0.055818,0.110183,0.096322,0.000344,0.001003
0,-0.146247,-0.033289,-0.150779,-0.119424,-0.13934,-0.145385,0.002552,0.000581
0,-0.038752,0.102104,0.097838,0.148547,0.085464,0.181778,0.000676,0.001782
0,-0.032698,0.037629,0.01313,-0.037407,0.042968,-0.045656,0.000571,0.000657
0,-0.064193,0.049926,-0.051785,-0.005609,-0.016877,-0.046711,0.00112,0.000871
0,-0.160197,-0.112545,-0.077615,-0.149684,-0.051947,-0.122922,0.002796,0.001964
0,0.070264,-0.079367,0.237614,0.055228,0.206977,0.04369,0.001226,0.001385
0,0.052337,-0.041788,-0.010926,0.04873,0.021354,0.081106,0.000913,0.000729
0,-0.132855,-0.136217,-0.15592,-0.122195,-0.177275,-0.170954,0.002319,0.002377
0,-0.045151,0.058789,0.113182,0.177874,0.125742,0.142291,0.000788,0.001026
0,-0.167396,-0.196978,-0.136635,-0.256417,-0.153142,-0.299553,0.002922,0.003438
0,0.010281,-0.080929,0.190605,0.097487,0.158516,0.144995,0.000179,0.001412
0,-0.248001,-0.034485,-0.288004,0.025331,-0.316661,0.051155,0.003489,0.000602
0,-0.139323,-0.05919,0.132413,-0.040844,0.17862,0.001373,0.002432,0.001033
0,-0.100778,-0.05084,0.058672,-0.020227,0.091073,0.014453,0.001759,0.000887
0,-0.03791,-0.13116,0.035931,-0.055145,0.050577,-0.022247,0.000662,0.002289
0,-0.20749,-0.035716,-0.179572,0.10794,-0.209055,0.116972,0.003621,0.000623
0,-0.120949,-0.077545,0.063661,-0.064723,0.024438,-0.077033,0.002111,0.001353
0,-1.120159,1.195277,-0.993853,1.286169,-0.94509,1.275153,0.003903,0.002592
0,-1.509166,1.158051,-0.372002,-0.012015,-0.323119,-8.2e-05,0.002886,0.003242
0,-2.73487,1.513273,-1.237154,0.357494,-1.202775,0.34387,0.000825,0.002958
0,-3.357243,1.31732,-0.614101,-0.195626,-0.625166,-0.205398,0.00387,0.000462
0,-3.16791,1.281758,0.184911,-0.05008,0.183036,-0.022309,0.000565,0.001083
0,-2.88074,0.720011,0.312579,-0.548042,0.354501,-0.561202,0.003371,0.003069
0,-1.98235,0.468823,0.879142,-0.233457,0.919992,-0.240424,0.003327,0.000365
0,-1.595843,0.344416,0.407137,-0.108144,0.386743,-0.107123,0.003419,0.001807
0,-1.151994,0.104408,0.439119,-0.22613,0.467739,-0.188877,0.003348,0.001822
0,-0.824773,0.055765,0.319733,-0.067476,0.321487,-0.084796,0.001241,0.000973
0,-0.219344,0.114816,0.606737,0.052076,0.576661,0.070834,0.003828,0.002004
0,0.232136,-0.065065,0.427855,-0.179158,0.408998,-0.207352,0.003766,0.001136
0,0.325362,0.118303,0.077953,0.177765,0.055147,0.219904,0.002139,0.002065
0,0.474253,-0.009396,0.140009,-0.149564,0.143972,-0.124205,0.000459,0.000164
0,0.418427,-0.043354,-0.051828,-0.054392,-0.095883,-0.022186,0.000515,0.000757
0,0.425616,-0.189981,-0.009383,-0.162726,-0.002176,-0.159118,0.000389,0.003316
0,0.335318,-0.155907,-0.112499,0.047541,-0.159955,0.043891,0.001965,0.002721
0,0.327747,0.033398,-0.002914,0.162109,0.014617,0.15852,0.002098,0.000583
0,0.221588,-0.050377,-0.099336,-0.060098,-0.074592,-0.054924,0.003867,0.000879
0,0.085897,-0.014182,-0.128636,0.063638,-0.141556,0.043515,0.001499,0.000248
0,0.041891,-0.174985,-0.01834,-0.130964,0.016469,-0.135911,0.000731,0.003054
0,-0.077179,0.059155,-0.123292,0.26024,-0.075407,0.283652,0.001347,0.001032
0,-0.226115,-0.233081,-0.135512,-0.318641,-0.17661,-0.33503,0.003871,0.00375
0,-0.046599,-0.18276,0.1847,0.064398,0.207176,0.072672,0.000813,0.00319
0,-0.070001,-0.012264,-0.013854,0.146338,-0.05606,0.111848,0.001222,0.000214
0,-0.057043,-0.032883,0.012555,-0.046446,-0.011231,-0.045613,0.000996,0.000574
0,-0.023744,0.129895,0.020366,0.17905,0.008195,0.21985,0.000414,0.002267
0,0.029574,0.061958,0.035122,-0.085592,0.056275,-0.048829,0.000516,0.001081
0,-0.121855,-0.050226,-0.138565,-0.12748,-0.124342,-0.087501,0.002127,0.000877
0,-0.070635,0.166528,0.060259,0.199554,0.022218,0.210255,0.001233,0.002906
0,-0.053376,-0.066889,0.041115,-0.204967,0.026696,-0.164837,0.000932,0.001167
0,0.14558,0.110746,0.191543,0.177347,0.208468,0.204677,0.002541,0.001933
0,-0.140511,-0.026986,-0.287613,-0.135118,-0.287275,-0.128194,0.002452,0.000471
0,-0.026194,-0.015263,0.090745,-0.00595,0.051134,-0.02715,0.000457,0.000266
0,-0.101635,0.072172,-0.096308,0.096404,-0.128013,0.063981,0.001774,0.00126
0,-0.127456,0.1517,-0.053363,0.077863,-0.0672,0.05609,0.002225,0.002648
0,0.034738,0.108303,0.150479,-0.069246,0.130203,-0.054781,0.000606,0.00189
0,-0.114345,0.078304,-0.124846,-0.027662,-0.116027,0.006443,0.001996,0.001367
0,-0.044794,0.185591,0.09192,0.106564,0.107715,0.139249,0.000782,0.003239
0,0.008391,-0.099238,0.039915,-0.270769,0.003908,-0.228407,0.000146,0.001732
0,-0.061249,-0.025579,-0.094719,0.075863,-0.131717,0.064781,0.001069,0.000446
0,-0.091567,-0.015713,-0.001312,0.020541,-0.028821,0.043761,0.001598,0.000274
0,-0.029276,0.033632,0.069321,0.02714,0.090568,-0.012169,0.000511,0.000587
0,-0.171579,-0.078615,-0.171303,-0.128455,-0.140698,-0.115609,0.002995,0.001372
0,-0.007992,-0.06739,0.135463,0.035926,0.142667,0.048682,0.000139,0.001176
0,-0.020955,0.175026,-0.024889,0.216006,0.024745,0.242364,0.000366,0.003055
0,-0.045765,0.087533,-0.018569,-0.109161,0.030017,-0.130429,0.000799,0.001528
0,0.059628,-0.006655,0.11807,-0.092393,0.127646,-0.090014,0.001041,0.000116
0,0.190199,0.063017,0.142946,0.057129,0.142684,0.064482,0.00332,0.0011
0,0.227315,0.004652,0.046081,-0.031318,-0.002347,-0.023427,0.00385,8.1e-05
0,0.08024,-0.024053,-0.165218,-0.017127,-0.180118,-0.059746,0.0014,0.00042
0,0.206903,0.067898,0.113254,0.094295,0.108501,0.071473,0.003611,0.001185
0,0.109435,0.015013,-0.069266,-0.062115,-0.037851,-0.012295,0.00191,0.000262
0,0.119752,-0.153694,0.024491,-0.162249,0.027993,-0.148571,0.00209,0.002682
0,0.04622,-0.132836,-0.088143,0.00766,-0.068821,0.012432,0.000807,0.002318
0,0.057169,-0.019276,-0.013683,0.111809,-0.042385,0.114238,0.000998,0.000336
0,0.229448,-0.181443,0.179142,-0.135362,0.136777,-0.176737,0.003813,0.003167
0,0.193499,0.028359,-0.011313,0.220979,0.005306,0.20045,0.003377,0.000495
0,0.08949,-0.130513,-0.099427,-0.174126,-0.059535,-0.178276,0.001562,0.002278
0,0.194008,0.034795,0.090096,0.163148,0.103316,0.190893,0.003386,0.000607
0,0.053735,0.022302,-0.159579,0.002391,-0.13059,0.036366,0.000938,0.000389
0,0.08728,0.083731,0.050768,0.051856,0.012948,0.062629,0.001523,0.001461
0,0.171795,0.114942,0.087977,0.01615,0.053071,0.01688,0.002998,0.002006
0,0.19106,0.061408,0.044548,-0.051625,0.091534,-0.006237,0.003335,0.001072
0,0.201347,-0.059241,0.017459,-0.139348,-0.019856,-0.115717,0.003514,0.001034
0,0.185396,0.162579,0.000413,0.243636,-0.046828,0.293229,0.003236,0.002838
0,-0.077329,0.181345,-0.267004,-0.010958,-0.26417,0.023574,0.00135,0.003165
0,0.023447,0.145658,0.124705,-0.00622,0.150786,0.009007,0.000409,0.002542
0,0.094519,0.064456,0.096425,-0.101491,0.129433,-0.126314,0.00165,0.001125
0,0.052112,-0.105641,-0.012957,-0.165219,0.022402,-0.192885,0.00091,0.001844
0,0.201769,0.082769,0.144683,0.20797,0.124144,0.160801,0.003522,0.001445
0,0.1564,0.021868,-0.059206,-0.075851,-0.097837,-0.062409,0.00273,0.000382
0,0.187603,-0.07568,0.032892,-0.075214,0.038566,-0.034561,0.003274,0.001321
0,0.221927,0.111031,0.040253,0.17993,0.074946,0.206152,0.003873,0.001938
0,-0.069081,0.135005,-0.314989,0.048562,-0.299353,0.074565,0.001206,0.002356
0,0.11112,0.186282,0.171565,0.033819,0.162135,0.057191,0.001939,0.003251
0,0.117057,-0.029978,0.006558,-0.234702,-0.002865,-0.197721,0.002043,0.000523
0,-0.10228,0.110605,-0.247003,0.161414,-0.214621,0.119166,0.001785,0.00193
0,0.04212,0.128223,0.137043,-0.004836,0.182041,0.006203,0.000735,0.002238
0,0.125367,0.17675,0.056399,0.066078,0.093845,0.040431,0.002188,0.003085
0,0.190813,0.059256,0.07284,-0.129321,0.082711,-0.112986,0.00333,0.001034
0,0.016231,0.071981,-0.187673,0.000781,-0.1986,0.020958,0.000283,0.001256
0,0.010711,0.035063,-0.011028,-0.037834,-0.058405,-0.056722,0.000187,0.000612
0,0.087662,0.203178,0.0809,0.151675,0.085189,0.185297,0.00153,0.003546
0,0.254177,0.153687,0.176613,-0.027273,0.188054,-0.049552,0.003382,0.002682
0,0.082832,-0.082267,-0.143989,-0.224013,-0.178614,-0.221662,0.001446,0.001436
0,0.234028,-0.02574,0.138179,0.060521,0.174111,0.073104,0.003733,0.000449
0,0.005066,-0.128636,-0.251414,-0.126693,-0.204519,-0.101758,8.8e-05,0.002245
0,0.016588,0.125001,0.032768,0.254332,-0.00099,0.205037,0.00029,0.002182
0,0.210536,-0.095898,0.207966,-0.214872,0.239918,-0.252536,0.003675,0.001674
0,0.0616,0.02585,-0.164503,0.143486,-0.209751,0.187211,0.001075,0.000451
0,0.004924,0.165326,-0.059829,0.162429,-0.021179,0.131604,8.6e-05,0.002885
0,0.003202,0.121176,-0.014034,-0.05947,-0.006446,-0.091868,5.6e-05,0.002115
0,4e-06,-0.049598,-0.000127,-0.16624,0.041234,-0.167643,0.0,0.000866
0,0.124568,0.037734,0.134536,0.080401,0.090495,0.071581,0.002174,0.000659
0,-0.071407,-0.105733,-0.218378,-0.147061,-0.197309,-0.154563,0.001246,0.001845
0,-0.086186,-0.000161,-0.01404,0.106245,-0.004618,0.140816,0.001504,3e-06
0,0.108441,-0.058998,0.219968,-0.0694,0.266136,-0.106757,0.001893,0.00103
0,0.077151,0.055195,-0.047566,0.123066,-0.051344,0.089306,0.001347,0.000963
0,-0.069233,0.09389,-0.121729,0.028032,-0.130572,0.009771,0.001208,0.001639
0,0.059699,0.142631,0.107189,0.056225,0.135087,0.067845,0.001042,0.002489
0,0.004966,0.046106,-0.035846,-0.082814,-0.005481,-0.087916,8.7e-05,0.000805
0,0.061098,-0.007177,0.050141,-0.025441,0.027344,-0.021927,0.001066,0.000125
0,0.127944,0.039036,0.082032,0.050735,0.096286,0.09476,0.002233,0.000681
0,0.085386,0.108868,-0.062309,0.074895,-0.040639,0.073816,0.00149,0.0019
0,0.196647,0.079178,0.126286,-0.040989,0.143159,-0.045866,0.003432,0.001382
0,0.151365,0.113253,-0.063528,0.028469,-0.038258,0.055291,0.002642,0.001977
0,0.009336,0.043796,-0.112482,-0.076872,-0.141133,-0.117802,0.000163,0.000764
0,0.023202,0.137223,0.001624,0.09196,0.012729,0.125958,0.000405,0.002395
0,0.120118,0.072785,0.124124,-0.043014,0.157288,-0.019796,0.002096,0.00127
0,-0.045346,0.057253,-0.172526,-0.006215,-0.158504,-0.021148,0.000791,0.000999
0,-0.023383,-0.102321,0.047659,-0.159945,0.024557,-0.207694,0.000408,0.001786
0,0.165513,0.146066,0.177672,0.249509,0.192475,0.283715,0.002889,0.002549
0,0.017039,-0.062089,-0.12421,-0.187876,-0.138033,-0.138194,0.000297,0.001084
0,0.056911,0.090164,0.059002,0.127039,0.082708,0.146909,0.000993,0.001574
0,-0.046348,0.146031,-0.125336,0.035963,-0.118699,-0.002881,0.000809,0.002549
0,0.137559,-0.053316,0.180716,-0.216996,0.183415,-0.192532,0.002401,0.000931
0,0.239554,0.106699,0.122477,0.148775,0.12422,0.161252,0.003637,0.001862
0,0.221201,0.125332,-0.017099,0.025146,-0.051943,0.006653,0.003861,0.002187
0,-0.014815,0.131365,-0.226172,-0.002944,-0.243871,-0.030488,0.000259,0.002293
0,0.203564,0.139632,0.193215,0.001213,0.199961,0.049543,0.003553,0.002437
0,0.0969,-0.017876,-0.108875,-0.17716,-0.059505,-0.163406,0.001691,0.000312
0,0.057374,0.011668,-0.044318,0.036441,-0.091823,-0.000121,0.001001,0.000204
0,0.29557,-0.031337,0.254181,-0.057955,0.248421,-0.070598,0.002659,0.000547
0,0.222678,0.087635,-0.049005,0.1383,-0.029353,0.102498,0.003886,0.00153
0,0.232961,0.066333,0.030078,-0.025508,0.001882,0.011371,0.003752,0.001158
0,0.309929,-0.024618,0.075146,-0.09571,0.108834,-0.104481,0.002409,0.00043
0,0.106058,0.087667,-0.200999,0.135313,-0.188319,0.135492,0.001851,0.00153
0,0.163394,0.019831,0.076247,-0.08334,0.123037,-0.053991,0.002852,0.000346
0,0.028248,-0.009383,-0.124696,-0.012581,-0.163842,-0.004519,0.000493,0.000164
0,0.057371,0.12771,0.039919,0.1637,0.050949,0.154901,0.001001,0.002229
0,0.15947,0.027278,0.127286,-0.094037,0.088765,-0.102315,0.002783,0.000476
0,-0.009055,0.08411,-0.190114,0.03021,-0.196921,0.070201,0.000158,0.001468
0,0.101674,0.175693,0.09337,0.102963,0.107971,0.062166,0.001775,0.003066
0,0.068097,-0.109787,-0.016815,-0.301886,0.024416,-0.253541,0.001189,0.001916
0,0.074513,0.036638,-0.023233,0.155365,-0.012174,0.182991,0.0013,0.000639
0,-0.034055,0.123997,-0.124058,0.059922,-0.078406,0.061405,0.000594,0.002164
0,0.200422,0.162453,0.210863,0.0361,0.203777,0.049487,0.003498,0.002835
0,0.187118,0.049358,-0.011255,-0.132514,-0.020929,-0.13397,0.003266,0.000861
0,0.145573,-0.140788,-0.033662,-0.200003,-0.038107,-0.241616,0.002541,0.002457
0,0.23799,0.107367,0.076052,0.231017,0.029364,0.267183,0.003664,0.001874
0,0.031247,-0.118308,-0.219417,-0.252697,-0.226633,-0.230541,0.000545,0.002065
0,-0.110793,-0.147655,-0.1435,-0.04952,-0.178353,-0.009737,0.001934,0.002577
0,-0.084587,-0.01282,0.055747,0.148281,0.042493,0.198161,0.001476,0.000224
0,-0.095504,-0.115061,-0.026261,-0.075593,-0.058394,-0.068308,0.001667,0.002008
0,0.127279,-0.160034,0.241681,-0.0577,0.261852,-0.013714,0.002221,0.002793
0,0.040305,-0.108095,-0.062893,0.067842,-0.099631,0.094831,0.000703,0.001887
0,0.16332,-0.161517,0.104732,-0.07116,0.068075,-0.08986,0.00285,0.002819
0,0.266081,-0.064668,0.132683,0.079393,0.091149,0.09789,0.003174,0.001129
0,0.049673,0.067507,-0.234761,0.129466,-0.259572,0.177906,0.000867,0.001178
0,0.184847,-0.100236,0.135459,-0.1493,0.184867,-0.184143,0.003226,0.001749
0,0.247499,-0.107265,0.041658,0.011307,0.051862,0.05718,0.003498,0.001872
0,0.057738,-0.056346,-0.200334,0.049545,-0.187112,0.098127,0.001008,0.000983
0,0.163466,-0.014046,0.096729,0.021495,0.110737,0.00448,0.002853,0.000245
0,-0.011953,-0.051607,-0.184641,-0.046561,-0.167827,0.002016,0.000209,0.000901
0,0.034241,-0.097747,0.031844,-0.029477,0.04258,-0.036504,0.000598,0.001706
0,0.138535,-0.09482,0.085171,0.008082,0.053041,0.008843,0.002418,0.001655
0,0.089781,-0.073322,-0.074204,-0.005397,-0.079949,-0.00555,0.001567,0.00128
0,0.020378,-0.160245,-0.07069,-0.111722,-0.070979,-0.160371,0.000356,0.002797
0,0.29383,0.097296,0.297091,0.277209,0.306788,0.27717,0.00269,0.001698
0,0.315564,-0.192801,0.047604,-0.312245,0.074601,-0.349804,0.00231,0.003365
0,0.178089,-0.014762,-0.126722,0.177075,-0.123483,0.153885,0.003108,0.000258
0,0.112742,0.06194,-0.068222,0.080775,-0.032486,0.126106,0.001968,0.001081
0,0.09393,0.043355,-0.047143,-0.013529,-0.072018,0.033531,0.001639,0.000757
0,0.064599,-0.161567,-0.046456,-0.195635,-0.019689,-0.150495,0.001127,0.00282
0,0.014168,0.022754,-0.042403,0.188999,-0.063253,0.234123,0.000247,0.000397
0,0.106621,-0.184617,0.109364,-0.208682,0.10815,-0.176846,0.001861,0.003222
0,-0.023854,-0.010066,-0.124484,0.178314,-0.082977,0.218212,0.000416,0.000176
0,0.154752,-0.031697,0.1503,0.00712,0.121419,0.036182,0.002701,0.000553
0,-0.047898,0.085293,-0.175451,0.117995,-0.189349,0.089553,0.000836,0.001489
0,0.131814,-0.020756,0.158498,-0.122365,0.113468,-0.162995,0.002301,0.000362
0,0.199697,-0.123977,0.078673,-0.085252,0.117011,-0.095853,0.003485,0.002164
0,0.042204,-0.064164,-0.127736,0.08303,-0.162934,0.118646,0.000737,0.00112
0,0.116372,-0.025883,0.089539,0.050088,0.135563,0.088618,0.002031,0.000452
0,0.07073,-0.00222,-0.052587,0.050241,-0.073944,0.071569,0.001234,3.9e-05
0,0.027033,-0.142568,-0.043415,-0.166218,-0.003427,-0.132708,0.000472,0.002488
0,0.052469,-0.065607,0.034166,0.068228,0.049264,0.022108,0.000916,0.001145
0,0.117006,-0.113035,0.082773,-0.065258,0.125317,-0.069545,0.002042,0.001973
0,0.151392,0.030571,0.060448,0.159955,0.020819,0.191336,0.002642,0.000534
0,-0.193222,0.367786,-0.316075,0.309004,-0.333711,0.321348,0.003372,0.001399
0,-0.917515,0.992601,-0.742246,0.635152,-0.759714,0.616781,0.000378,0.001688
0,-0.873643,0.804421,0.056747,-0.182677,0.104286,-0.180242,0.000388,0.001596
0,-1.069468,0.758815,-0.19347,-0.026297,-0.229323,-0.071017,0.00303,0.002392
0,-0.763951,0.666263,0.276662,-0.073196,0.25871,-0.071291,0.002302,0.003811
0,-0.951045,0.640029,-0.182237,-0.038624,-0.147008,-0.037471,0.000963,0.003353
0,-0.645939,0.406391,0.324452,-0.219076,0.296164,-0.24496,0.003456,0.000725
0,-0.454015,0.305107,0.170532,-0.129757,0.191119,-0.152302,0.000106,0.002493
0,-0.284429,0.146787,0.167944,-0.131667,0.144775,-0.174737,0.002854,0.002562
0,-0.298664,0.222999,-0.038407,0.069531,-0.073259,0.063569,0.002605,0.003892
0,-0.470914,-0.009402,-0.172833,-0.20488,-0.165622,-0.197414,0.000401,0.000164
0,-0.349363,-0.054191,0.096799,-0.056397,0.135887,-0.058813,0.00172,0.000946
0,-0.217192,0.0346,0.141982,0.068481,0.104735,0.049408,0.003791,0.000604
0,-0.419228,0.051372,-0.220589,-0.008638,-0.226307,-0.000437,0.000501,0.000897
0,-0.288549,-0.032352,0.141686,-0.096074,0.122117,-0.066215,0.002782,0.000565
0,-0.204604,-0.011624,0.081238,0.006799,0.04749,-0.022926,0.003571,0.000203
0,-0.190044,-0.10073,0.015017,-0.0918,-0.026034,-0.115954,0.003317,0.001758
0,-0.332872,-0.09624,-0.122184,0.011345,-0.078435,0.029213,0.002008,0.00168
0,-0.117348,-0.030731,0.214948,0.051379,0.236681,0.064258,0.002048,0.000536
0,-0.323781,0.057878,-0.185248,0.071627,-0.171528,0.07898,0.002167,0.00101
0,-0.247236,-0.161406,0.101959,-0.194965,0.109334,-0.205679,0.003503,0.002817
0,-0.34905,0.075019,-0.120277,0.238067,-0.142639,0.245035,0.001726,0.001309
0,-0.327328,-0.137234,0.017222,-0.233249,0.061792,-0.229678,0.002105,0.002395
0,-0.331305,-0.080913,-0.029887,0.084986,-0.010268,0.132746,0.002036,0.001412
0,-0.166983,-0.092374,0.17776,0.00837,0.17562,0.001036,0.002914,0.001612
0,-0.114297,0.105171,0.075646,0.206858,0.050811,0.219848,0.001995,0.001836
0,-0.017914,0.003657,0.119538,-0.090945,0.113904,-0.128082,0.000313,6.4e-05
0,0.007936,-0.066353,0.031707,-0.080856,0.028809,-0.090612,0.000139,0.001158
0,-0.208334,-0.000107,-0.216812,0.077776,-0.174301,0.102447,0.003636,2e-06
0,0.030326,-0.124232,0.227683,-0.105868,0.261403,-0.155222,0.000529,0.002168
0,-0.10759,-0.009012,-0.15949,0.093364,-0.13786,0.114541,0.001878,0.000157
0,-0.080812,0.084097,0.033041,0.113346,-0.002308,0.073571,0.00141,0.001468
0,0.012174,-0.108849,0.11611,-0.166656,0.107527,-0.125454,0.000212,0.0019
0,-0.001948,0.089979,-0.01319,0.21039,-0.046416,0.181326,3.4e-05,0.00157
0,-0.084335,0.081932,-0.111318,-0.023914,-0.133244,0.012219,0.001472,0.00143
0,0.009482,-0.13837,0.085595,-0.214239,0.061092,-0.25812,0.000165,0.002415
0,0.180656,-0.089802,0.182859,0.075814,0.177488,0.101893,0.003153,0.001567
0,-0.058207,0.071889,-0.259186,0.154422,-0.298229,0.186713,0.001016,0.001255
0,0.203052,-0.077131,0.251989,-0.129793,0.230457,-0.149882,0.003544,0.001346
0,-0.038765,0.012733,-0.268736,0.074872,-0.294758,0.081929,0.000677,0.000222
0,0.002868,0.103656,0.068052,0.073571,0.05133,0.094255,5e-05,0.001809
0,-0.088131,-0.059923,-0.069176,-0.16848,-0.085408,-0.198951,0.001538,0.001046
0,0.053423,-0.164872,0.133073,-0.083651,0.105637,-0.088133,0.000932,0.002878
0,0.238837,0.043957,0.211215,0.223767,0.245652,0.249376,0.003649,0.000767
0,0.157486,0.088313,-0.084782,0.038403,-0.120545,0.066305,0.002749,0.001541
0,0.088354,0.111341,-0.072525,0.04024,-0.046549,0.058598,0.001542,0.001943
0,0.123792,-0.088013,0.017954,-0.226763,0.025542,-0.226482,0.002161,0.001536
0,0.10718,0.088104,-0.010004,0.171399,0.030116,0.218803,0.001871,0.001538
0,0.18393,-0.081957,0.082453,-0.149268,0.065203,-0.120835,0.00321,0.00143
0,0.132393,0.03637,-0.035974,0.093414,-0.011837,0.083908,0.002311,0.000635
0,-0.017401,-0.00252,-0.165784,-0.022372,-0.17803,-0.016481,0.000304,4.4e-05
0,0.015824,-0.129077,0.046116,-0.132551,0.08705,-0.174853,0.000276,0.002253
0,0.026496,-0.096536,-0.018923,0.040382,-0.040071,0.028125,0.000462,0.001685
0,0.042093,0.026841,0.018168,0.101355,0.02553,0.054383,0.000735,0.000468
0,0.013939,-0.11853,-0.036728,-0.155333,-0.052177,-0.197264,0.000243,0.002069
0,0.089828,-0.070048,0.05456,0.019521,0.037487,0.003909,0.001568,0.001223
0,0.18239,-0.109098,0.075926,-0.061902,0.085484,-0.038398,0.003183,0.001904
0,0.120663,-0.028082,-0.055561,0.092182,-0.070407,0.063682,0.002106,0.00049
0,-0.095632,-0.143102,-0.220974,-0.088413,-0.253244,-0.059603,0.001669,0.002498
0,-0.008832,-0.009737,0.107876,0.118506,0.134831,0.07848,0.000154,0.00017
0,-0.00656,-0.100221,-0.007225,-0.06275,-0.054514,-0.109858,0.000114,0.001749
0,0.057022,-0.074921,0.060417,0.028573,0.093458,0.046881,0.000995,0.001308
0,0.099387,-0.04516,0.013185,0.031036,0.020356,0.01374,0.001735,0.000788
0,0.11323,-0.024855,0.042914,0.016107,0.004761,0.041239,0.001976,0.000434
0,0.117378,-0.053519,-0.009229,-0.015306,-0.004813,-0.050082,0.002049,0.000934
0,0.137932,-0.031818,0.000492,-0.006583,0.020753,-0.024868,0.002407,0.000555
0,-0.147868,-0.19705,-0.311776,-0.168981,-0.328802,-0.157048,0.002581,0.003439
0,0.043197,-0.188014,0.191901,0.010505,0.186331,-0.002944,0.000754,0.003281
0,-0.138035,-0.006752,-0.2042,0.165882,-0.167629,0.191438,0.002409,0.000118
0,-0.102492,-0.049732,0.039491,-0.063562,0.049804,-0.090866,0.001789,0.000868
0,0.091539,-0.055218,0.207189,-0.021928,0.175535,0.015753,0.001598,0.000964
0,-0.108491,-0.096508,-0.185658,-0.053739,-0.211148,-0.038001,0.001894,0.001684
0,-0.054041,-0.218255,0.031083,-0.137064,0.035161,-0.092077,0.000943,0.003809
0,0.080876,-0.058134,0.136291,0.18295,0.124762,0.142064,0.001412,0.001015
0,-0.014858,0.052271,-0.106817,0.130886,-0.089029,0.177974,0.000259,0.000912
0,0.001773,-0.139903,0.007164,-0.206132,0.032434,-0.218087,3.1e-05,0.002442
0,-0.024096,-0.051854,-0.004316,0.077484,-0.052628,0.112606,0.000421,0.000905
0,0.105721,0.055894,0.138498,0.128459,0.12502,0.079974,0.001845,0.000976
0,-0.087573,-0.219758,-0.206882,-0.294305,-0.165247,-0.342381,0.001528,0.003836
0,0.167945,-0.11058,0.231358,0.082684,0.238655,0.047511,0.002931,0.00193
0,-0.011361,-0.185993,-0.204217,-0.098968,-0.251124,-0.142128,0.000198,0.003246
0,0.148788,0.064762,0.189659,0.230242,0.226128,0.183589,0.002597,0.00113
0,0.17936,0.048565,0.026074,-0.045882,0.013893,-0.091287,0.00313,0.000848
0,0.08562,0.009291,-0.10815,-0.044073,-0.157413,0.000986,0.001494,0.000162
0,0.062289,-0.075362,0.004119,-0.08963,-0.037675,-0.10873,0.001087,0.001315
0,0.234927,-0.133428,0.174412,-0.070268,0.215567,-0.06752,0.003718,0.002329
0,1.258041,0.267792,0.999364,0.371526,1.002375,0.399253,0.001497,0.003144
0,2.155724,0.541327,0.889534,0.287087,0.900953,0.277008,0.001465,0.00163
0,2.076791,0.672127,-0.101084,0.104654,-0.144338,0.153218,0.002843,0.003905
0,2.273071,0.881935,0.213969,0.19405,0.258354,0.188559,0.000583,0.000243
0,2.27821,0.732613,-0.01253,-0.165066,0.01744,-0.179074,0.000673,0.002849
0,2.261032,0.995965,-0.000196,0.29194,-0.023422,0.247374,0.000373,0.001747
0,2.062717,0.632141,-0.197476,-0.365753,-0.217864,-0.325397,0.003088,0.003215
0,1.486284,0.482182,-0.553698,-0.155093,-0.530442,-0.113445,0.002487,0.000598
0,1.067733,0.33406,-0.4385,-0.128042,-0.391545,-0.115695,0.003,0.001987
0,0.457278,0.408476,-0.616522,0.083291,-0.589366,0.131942,0.000163,0.000689
0,0.067623,0.371488,-0.361458,-0.042726,-0.400885,-0.092459,0.00118,0.001334
0,-0.004321,0.17593,-0.086039,-0.181961,-0.088097,-0.160948,7.5e-05,0.003071
0,-0.208014,-0.094378,-0.208493,-0.276829,-0.252914,-0.277078,0.003631,0.001647
0,-0.190793,0.094401,-0.003408,0.21642,-0.03092,0.213552,0.00333,0.001648
0,-0.298489,-0.023963,-0.103469,-0.098762,-0.069512,-0.128333,0.002608,0.000418
0,-0.194633,-0.022362,0.083768,-0.006476,0.047995,0.028276,0.003397,0.00039
0,-0.176344,-0.091163,0.035132,-0.089648,-0.011468,-0.131523,0.003078,0.001591
0,-0.250099,0.00033,-0.090713,0.074565,-0.091365,0.04879,0.003453,6e-06
0,-0.223545,0.022001,0.009886,0.0066,-0.011799,-0.011371,0.003902,0.000384
0,-0.295996,-0.027001,-0.060349,-0.046318,-0.042778,-0.082555,0.002652,0.000471
0,-0.355545,-0.201172,-0.041745,-0.159443,-0.072088,-0.121468,0.001612,0.003511
0,-0.048197,-0.008446,0.279304,0.184982,0.297505,0.14874,0.000841,0.000147
0,-0.130621,-0.196143,-0.074299,-0.181789,-0.024656,-0.225237,0.00228,0.003423
0,-0.192785,-0.268221,-0.055353,-0.070581,-0.066348,-0.0724,0.003365,0.003137
0,-0.019413,-0.040328,0.150185,0.242722,0.195007,0.252146,0.000339,0.000704
0,-0.101102,-0.151907,-0.109445,-0.08782,-0.073889,-0.100893,0.001765,0.002651
0,-0.14275,-0.022437,-0.07125,0.155596,-0.04335,0.190545,0.002491,0.000392
0,0.005228,-0.026926,0.167165,-0.026283,0.214603,0.023714,9.1e-05,0.00047
0,-0.056695,-0.117893,-0.069463,-0.07154,-0.041197,-0.065061,0.00099,0.002058
0,0.035449,0.065906,0.118253,0.189761,0.075396,0.237261,0.000619,0.00115
0,0.026004,-0.148708,-0.01651,-0.21235,0.015893,-0.24163,0.000454,0.002595
0,-0.005704,-0.005202,-0.059142,0.13764,-0.108957,0.123429,0.0001,9.1e-05
0,0.042289,-0.136126,0.042563,-0.157952,0.080198,-0.118276,0.000738,0.002376
0,-0.16274,0.019019,-0.190684,0.148757,-0.218653,0.105929,0.00284,0.000332
0,0.072603,0.012897,0.218863,-0.002996,0.236816,-0.020147,0.001267,0.000225
0,-0.04805,0.030915,-0.091875,-0.010827,-0.138844,-0.050232,0.000839,0.00054
0,0.082064,-0.028241,0.138647,-0.07784,0.110536,-0.098401,0.001432,0.000493
0,0.143839,0.16552,0.078647,0.196284,0.073631,0.16957,0.00251,0.002889
0,-0.082795,0.063933,-0.239602,-0.104594,-0.238129,-0.13351,0.001445,0.001116
0,0.063588,0.024577,0.11996,-0.042255,0.120334,-0.051052,0.00111,0.000429
0,0.075823,0.062683,0.002007,0.051047,0.012927,0.004037,0.001323,0.001094
0,-0.009612,0.133711,-0.073303,0.057927,-0.11884,0.033304,0.000168,0.002334
0,0.006702,0.032727,0.015195,-0.09317,-0.000714,-0.064778,0.000117,0.000571
0,-0.054828,-0.042255,-0.057335,-0.053545,-0.076077,-0.02945,0.000957,0.000737
0,-0.093885,-0.063699,-0.04706,-0.046604,-0.049234,-0.026814,0.001639,0.001112
0,0.149983,-0.050551,0.263921,-0.015271,0.247914,-0.029204,0.002618,0.000882
0,0.141597,0.053918,-0.023371,0.088634,-0.016986,0.072403,0.002471,0.000941
0,0.092143,0.075726,-0.057619,0.032691,-0.038165,0.018097,0.001608,0.001322
0,0.008139,0.01226,-0.084526,-0.063549,-0.046342,-0.039632,0.000142,0.000214
0,0.056473,-0.0636,0.047922,-0.074203,0.02885,-0.112795,0.000986,0.00111
0,0.127488,0.016013,0.090373,0.056801,0.088374,0.091878,0.002225,0.000279
0,0.18992,-0.008893,0.083595,-0.035777,0.103778,-0.010062,0.003315,0.000155
0,0.19637,-0.009692,-0.008923,0.024851,-0.000517,-0.002419,0.003427,0.000169
0,0.056979,0.00969,-0.127807,0.035003,-0.142818,0.024176,0.000994,0.000169
0,0.189363,-0.121229,0.157531,-0.129376,0.151412,-0.13472,0.003305,0.002116
0,0.186022,-0.170781,0.009189,-0.05243,0.02843,-0.028707,0.003247,0.002981
0,0.210795,-0.088424,0.011209,0.077191,-0.036173,0.04204,0.003679,0.001543
0,0.199544,-0.144656,0.014897,-0.07934,-0.016158,-0.036263,0.003483,0.002525
0,0.192784,-0.101854,0.02095,0.06,0.016111,0.076046,0.003365,0.001778
0,-0.02773,-0.031862,-0.197892,0.086563,-0.190851,0.0923,0.000484,0.000556
0,0.159961,0.079943,0.21385,0.110595,0.226683,0.152114,0.002792,0.001395
0,0.053244,0.056175,-0.083586,-0.044656,-0.09129,-0.09241,0.000929,0.00098
0,0.249282,-0.047333,0.199872,-0.080417,0.184789,-0.071524,0.003467,0.000826
0,0.150029,0.105479,-0.111065,0.162519,-0.077072,0.149503,0.002619,0.001841
0,-0.044281,0.045357,-0.171904,-0.078752,-0.181783,-0.094088,0.000773,0.000792
0,0.029972,0.123459,0.052994,0.05671,0.047144,0.023563,0.000523,0.002155
0,0.037971,0.100115,0.018676,-0.040794,0.008729,-0.068659,0.000663,0.001747
0,-0.068193,0.099948,-0.119055,0.008597,-0.157873,0.020937,0.00119,0.001744
0,0.060965,-0.077751,0.130523,-0.182089,0.12518,-0.223367,0.001064,0.001357
0,0.074262,0.026663,-0.001412,0.080061,0.027384,0.081831,0.001296,0.000465
0,-0.002744,-0.091063,-0.077373,-0.107859,-0.066799,-0.076552,4.8e-05,0.001589
0,-0.139531,0.001488,-0.164832,0.118055,-0.162795,0.124408,0.002435,2.6e-05
0,-0.181881,0.048387,-0.019695,0.042695,-0.033269,0.006442,0.003174,0.000845
0,0.057199,-0.079962,0.235019,-0.106241,0.245217,-0.141476,0.000998,0.001396
0,-0.055617,-0.163265,-0.108411,-0.085562,-0.13487,-0.120699,0.000971,0.00285
0,-0.072675,-0.167218,0.010784,-0.026198,0.048058,-0.046556,0.001268,0.002918
0,-0.043025,-0.084021,0.036741,0.079291,-0.011096,0.050951,0.000751,0.001466
0,-0.102575,-0.156056,-0.062369,-0.071524,-0.105964,-0.030754,0.00179,0.002724
0,-0.062132,-0.190073,0.026954,-0.004246,0.075303,-0.022886,0.001084,0.003317
0,0.065776,-0.128101,0.1124,0.063202,0.079715,0.058165,0.001148,0.002236
0,0.118357,-0.034653,0.071495,0.079916,0.112618,0.113129,0.002066,0.000605
0,-0.079001,-0.030543,-0.18216,-0.014919,-0.169469,-0.062838,0.001379,0.000533
0,0.137152,-0.104538,0.18804,-0.097365,0.220194,-0.083056,0.002394,0.001825
0,0.123716,-0.071194,0.007177,0.062146,0.015154,0.023102,0.002159,0.001243
0,-0.076005,0.117325,-0.182872,0.175505,-0.216634,0.158303,0.001327,0.002048
0,-0.053151,0.06076,0.009973,-0.057081,-0.02123,-0.042846,0.000928,0.00106
0,0.055777,-0.096817,0.119378,-0.134762,0.079663,-0.15071,0.000973,0.00169
0,-0.065453,0.051831,-0.111042,0.131498,-0.158774,0.127117,0.001142,0.000905
0,-0.071646,0.111074,0.019112,0.066667,0.063524,0.05433,0.00125,0.001939
0,0.018025,0.147806,0.063612,0.026226,0.04426,0.00235,0.000315,0.00258
0,0.064057,-0.017867,0.059789,-0.170092,0.024239,-0.122002,0.001118,0.000312
0,-0.011723,0.072992,-0.091494,0.101427,-0.110812,0.094066,0.000205,0.001274
0,0.022249,-0.076773,0.006274,-0.135806,0.046639,-0.156728,0.000388,0.00134
0,-0.08945,0.054953,-0.099975,0.142759,-0.081621,0.167914,0.001561,0.000959
0,0.003463,-0.130107,0.12204,-0.16609,0.085396,-0.132416,6e-05,0.002271
0,0.039347,0.010977,0.06382,0.165038,0.103283,0.199753,0.000687,0.000192
0,0.068182,0.006114,0.013477,0.01421,0.039229,-0.014389,0.00119,0.000107
0,-0.17626,-0.131982,-0.251127,-0.148873,-0.265452,-0.151849,0.003076,0.002304
0,-0.169245,0.057031,0.02392,0.167535,0.038204,0.143119,0.002954,0.000995
0,-0.205195,-0.116073,-0.01466,-0.149879,-0.040809,-0.1959,0.003581,0.002026
0,0.059015,0.140628,0.261049,0.262682,0.236101,0.2329,0.00103,0.002454
0,-0.228186,-0.101354,-0.29614,-0.250136,-0.316307,-0.294047,0.003835,0.001769
0,-0.193268,0.104925,0.023385,0.180179,0.007142,0.205682,0.003373,0.001831
0,0.14455,0.011358,0.366775,-0.077636,0.350057,-0.102229,0.002523,0.000198
0,0.038264,-0.050903,-0.104209,-0.065034,-0.14723,-0.113578,0.000668,0.000888
0,-0.066958,-0.026411,-0.077353,0.045117,-0.125664,0.017265,0.001169,0.000461
0,-0.071121,0.145747,0.022876,0.155319,-0.004218,0.133172,0.001241,0.002544
0,-0.121939,-0.021695,-0.044052,-0.189754,-0.051469,-0.228328,0.002128,0.000379
0,0.033308,0.143815,0.157621,0.138115,0.163734,0.107488,0.000581,0.00251
0,-0.111903,0.155135,-0.136528,0.036978,-0.155832,0.0772,0.001953,0.002708
0,-0.152125,0.076586,-0.021165,-0.05553,-0.01344,-0.086237,0.002655,0.001337
0,-0.132966,-0.050806,0.037053,-0.154186,0.047447,-0.20368,0.002321,0.000887
0,0.091727,0.142806,0.250838,0.181742,0.243176,0.218388,0.001601,0.002492
0,-0.112262,0.090198,-0.193114,-0.038221,-0.157295,-0.053207,0.001959,0.001574
0,-0.023513,0.10727,0.107643,0.040114,0.076373,-0.001251,0.00041,0.001872
0,-0.125652,0.005408,-0.111944,-0.122542,-0.133067,-0.101202,0.002193,9.4e-05
0,-0.072115,0.126614,0.076719,0.128643,0.070394,0.138894,0.001259,0.00221
0,-0.094114,0.166339,-0.026392,0.027088,-0.055407,-0.00907,0.001643,0.002903
0,-0.012158,0.099687,0.095708,-0.053339,0.093693,-0.083235,0.000212,0.00174
0,0.035495,-0.004372,0.018679,-0.083657,0.045993,-0.106471,0.00062,7.6e-05
0,0.022927,0.084264,0.002686,0.06625,0.015086,0.115892,0.0004,0.001471
0,-0.08913,0.011301,-0.099959,-0.0605,-0.050004,-0.044867,0.001556,0.000197
0,-0.032659,0.068379,0.058371,0.053436,0.063398,0.006801,0.00057,0.001193
0,0.010431,-0.128623,0.035599,-0.186037,-0.003006,-0.165963,0.000182,0.002245
0,0.095423,0.124237,0.090378,0.224033,0.078018,0.180476,0.001665,0.002168
0,0.155814,-0.093335,0.054017,-0.194085,0.041535,-0.205098,0.002719,0.001629
0,-0.152421,0.159178,-0.291781,0.261278,-0.340373,0.250977,0.00266,0.002778
0,0.04652,-0.070424,0.19011,-0.202506,0.160362,-0.190523,0.000812,0.001229
0,-0.086766,0.113523,-0.103968,0.175372,-0.127643,0.142685,0.001514,0.001981
0,-0.160773,-0.091915,-0.072972,-0.232401,-0.040529,-0.196192,0.002806,0.001604
0,-0.058967,0.102691,0.108282,0.165781,0.095412,0.145943,0.001029,0.001792
0,-0.123783,-0.019505,-0.092226,-0.128105,-0.077851,-0.128862,0.00216,0.00034
0,-0.016154,-0.012917,0.106127,0.021112,0.100404,0.050938,0.000282,0.000225
0,-0.147803,-0.019156,-0.131874,0.005213,-0.084307,-0.005542,0.00258,0.000334
0,-0.12088,0.130629,0.021968,0.168198,0.028972,0.144043,0.00211,0.00228
0,0.033235,0.043699,0.135358,-0.094597,0.086773,-0.051229,0.00058,0.000763
0,0.02394,0.00188,0.019042,-0.063736,0.051527,-0.066126,0.000418,3.3e-05
0,0.040368,0.17695,0.022475,0.202894,0.021102,0.250735,0.000705,0.003088
0,0.023291,0.119351,-0.029563,-0.02834,-0.07807,0.003477,0.000406,0.002083
0,-0.02215,0.108253,-0.023065,0.011122,-0.044058,0.052824,0.000387,0.001889
0,-0.043816,0.098262,-0.006754,0.010356,0.025834,0.035818,0.000765,0.001715
0,0.042263,0.148068,0.09187,0.068549,0.092682,0.023966,0.000738,0.002584
0,-0.004705,0.034542,-0.044547,-0.120913,-0.011218,-0.093662,8.2e-05,0.000603
0,-0.074787,-0.048023,-0.100029,-0.084424,-0.124606,-0.123107,0.001305,0.000838
0,-0.12331,0.061442,-0.065236,0.089924,-0.098637,0.084829,0.002152,0.001072
0,-0.232044,0.052889,-0.104962,-0.002548,-0.119689,-0.042414,0.003768,0.000923
0,-0.010843,0.059271,0.191275,0.025129,0.229136,0.002264,0.000189,0.001034
0,-0.094951,0.072148,-0.107613,0.038271,-0.057748,0.055582,0.001657,0.001259
0,0.077243,0.15482,0.172528,0.060766,0.216116,0.02691,0.001348,0.002702
0,-0.036265,-0.129297,-0.118844,-0.304717,-0.068847,-0.303914,0.000633,0.002257
0,-0.027124,0.183161,0.007039,0.336566,-0.028215,0.355103,0.000473,0.003197
0,0.079364,-0.059965,0.090337,-0.260453,0.099635,-0.303587,0.001385,0.001047
0,0.028449,0.120826,-0.028931,0.182074,0.013734,0.178677,0.000497,0.002109
0,-0.060244,0.07532,-0.105674,-0.047093,-0.144909,-0.002707,0.001051,0.001315
0,-0.078165,-0.030365,-0.015448,-0.095271,0.025919,-0.09368,0.001364,0.00053
0,-0.127779,-0.072674,-0.043798,-0.068283,-0.061622,-0.10496,0.00223,0.001268
0,-0.047042,0.107934,0.06371,0.172286,0.027495,0.138252,0.000821,0.001884
0,0.041293,-0.116418,0.107625,-0.22956,0.110594,-0.184943,0.000721,0.002032
0,-0.189078,-0.176751,-0.220117,-0.074407,-0.24123,-0.117625,0.0033,0.003085
0,-0.030125,0.008286,0.150899,0.17882,0.126949,0.170608,0.000526,0.000145
0,-0.216292,-0.15103,-0.17018,-0.161252,-0.184162,-0.116475,0.003775,0.002636
0,0.044794,-0.177816,0.281687,0.003184,0.2518,-0.037272,0.000782,0.003103
0,0.060342,0.027529,0.020858,0.185809,0.026514,0.168242,0.001053,0.00048
0,0.142886,0.087411,0.097528,0.031693,0.102369,0.052125,0.002494,0.001526
0,-0.070429,-0.027369,-0.213885,-0.090445,-0.234153,-0.04739,0.001229,0.000478
0,-0.061005,0.074388,0.023707,0.095388,-0.021935,0.128035,0.001065,0.001298
0,0.035858,-0.103712,0.087684,-0.155276,0.071564,-0.180089,0.000626,0.00181
0,-0.090411,0.017444,-0.153728,0.103467,-0.144879,0.105953,0.001578,0.000304
0,-0.146336,-0.051229,-0.083984,-0.068878,-0.078096,-0.066814,0.002554,0.000894
0,-0.203338,0.06588,-0.057861,0.122488,-0.012336,0.139843,0.003549,0.00115
0,-0.15617,0.044813,0.038943,-0.017524,0.026243,-0.036604,0.002726,0.000782
0,-0.008935,-0.170336,0.152843,-0.230229,0.195705,-0.19115,0.000156,0.002973
0,0.017564,-0.08247,-0.001373,0.070036,-0.041227,0.029962,0.000307,0.001439
0,-0.024322,0.009713,-0.012538,0.119609,0.004512,0.151946,0.000425,0.00017
0,-0.023712,-0.06341,-0.028216,-0.047931,-0.067462,-0.042163,0.000414,0.001107
0,0.006656,-0.03829,0.02781,-0.003513,-0.00811,-0.034334,0.000116,0.000668
0,-0.10979,-0.044318,-0.092292,0.01279,-0.107983,-0.027015,0.001916,0.000773
0,-0.170504,-0.045444,-0.074395,0.018639,-0.042758,0.059573,0.002976,0.000793
0,-0.06429,-0.139561,0.102923,-0.101289,0.091296,-0.106533,0.001122,0.002436
0,-0.097827,0.064255,-0.006303,0.198696,0.026682,0.187998,0.001707,0.001121
0,-0.099661,-0.083972,-0.002625,-0.162315,0.002893,-0.135412,0.001739,0.001466
0,0.021857,-0.052548,0.106529,0.055142,0.148959,0.101764,0.000381,0.000917
0,-0.107513,0.045167,-0.123705,0.06903,-0.111989,0.047694,0.001876,0.000788
0,-0.071328,-0.111073,0.033428,-0.133093,0.011799,-0.092104,0.001245,0.001939
0,-0.118988,-0.157869,-0.076656,-0.030309,-0.080011,0.004938,0.002077,0.002755
0,0.048601,-0.250263,0.140364,-0.074375,0.112612,-0.117329,0.000848,0.00345
0,-0.056146,0.010197,-0.125566,0.255606,-0.149321,0.250319,0.00098,0.000178
0,-0.075598,-0.090254,-0.020948,-0.089295,-0.025745,-0.109225,0.001319,0.001575
0,-0.055235,0.082901,0.015348,0.182587,0.06078,0.184391,0.000964,0.001447
0,-0.050316,-0.086699,0.003087,-0.146688,-0.024252,-0.155384,0.000878,0.001513
0,0.037321,-0.09332,0.074726,0.013785,0.025728,0.006913,0.000651,0.001629
0,-0.051592,-0.062501,-0.107458,0.037345,-0.129721,0.014015,0.0009,0.001091
0,-0.012478,-0.001113,0.054318,0.066721,0.095271,0.084845,0.000218,1.9e-05
0,0.152529,-0.171322,0.187883,-0.173311,0.219711,-0.130221,0.002662,0.00299
0,0.165529,0.066572,0.010289,0.214457,0.024667,0.179158,0.002889,0.001162
0,0.19575,-0.130632,0.007953,-0.180461,0.044576,-0.186551,0.003416,0.00228
0,-0.038256,-0.09725,-0.211621,0.049104,-0.248869,0.044564,0.000668,0.001697
0,0.019921,-0.01277,0.037973,0.067527,-0.0093,0.078638,0.000348,0.000223
0,0.039743,-0.158998,0.007217,-0.145362,0.011061,-0.167302,0.000694,0.002775
0,-0.066262,-0.038546,-0.135036,0.126694,-0.115163,0.092588,0.001156,0.000673
0,0.185492,-0.146361,0.253322,-0.099687,0.217119,-0.108017,0.003237,0.002554
0,-0.028239,0.035329,-0.192757,0.202889,-0.1656,0.195447,0.000493,0.000617
0,-0.018945,0.083847,0.03918,0.042529,0.083491,0.090364,0.000331,0.001463
0,0.184582,-0.122132,0.231833,-0.232582,0.212289,-0.256028,0.003222,0.002132
0,-0.003103,-0.17708,-0.179468,-0.042123,-0.207752,-0.003653,5.4e-05,0.003091
0,-0.075423,0.007091,-0.068195,0.166454,-0.107867,0.147711,0.001316,0.000124
0,-0.109771,0.086593,-0.027984,0.085539,-0.063204,0.089345,0.001916,0.001511
0,0.108386,-0.03562,0.232879,-0.134861,0.260447,-0.139234,0.001892,0.000622
0,0.103904,-0.127386,-0.004599,-0.094564,0.011914,-0.088797,0.001813,0.002223
0,-0.008249,0.050017,-0.104238,0.191314,-0.137768,0.23676,0.000144,0.000873
0,0.068889,-0.1077,0.074379,-0.182576,0.12054,-0.187727,0.001202,0.00188
0,-0.050552,-0.054505,-0.130342,0.075737,-0.127037,0.105331,0.000882,0.000951
0,0.070919,-0.180701,0.098532,-0.104768,0.087507,-0.147015,0.001238,0.003154
0,0.068738,-0.082029,0.01723,0.123841,-0.000575,0.084748,0.0012,0.001432
0,-0.24113,0.035395,-0.294836,0.104055,-0.291501,0.135631,0.003609,0.000618
0,-0.142055,0.024183,0.081369,-0.016853,0.037419,-0.03845,0.002479,0.000422
0,-0.097316,0.014003,0.038848,0.007383,0.06418,0.036617,0.001698,0.000244
0,0.111763,0.004026,0.211103,0.01278,0.223809,-0.021905,0.001951,7e-05
0,-0.027037,-0.049228,-0.130233,-0.026305,-0.100777,0.006683,0.000472,0.000859
0,-0.065365,-0.077291,-0.035351,-0.005766,-0.003745,-0.010469,0.001141,0.001349
0,-0.006706,-0.091499,0.029995,0.001334,0.023446,0.032048,0.000117,0.001597
0,0.036019,-0.002317,0.072569,0.066684,0.115962,0.11031,0.000629,4e-05
0,0.061449,-0.193893,0.048533,-0.182966,0.051174,-0.228034,0.001072,0.003384
0,0.05553,0.024653,-0.00285,0.234502,-0.000922,0.246638,0.000969,0.00043
0,0.057045,-0.211259,-0.000607,-0.229645,-0.018259,-0.198651,0.000996,0.003687
0,-0.070332,-0.132688,-0.114593,0.105444,-0.068244,0.148354,0.001228,0.002316
0,-0.137196,-0.191932,-0.091121,-0.05424,-0.08653,-0.083047,0.002395,0.00335
0,-0.083529,-0.170645,0.036401,0.008686,0.077147,-0.004229,0.001458,0.002978
0,0.132498,0.059069,0.191841,0.254917,0.14441,0.206475,0.002313,0.001031
0,-0.062049,-0.00595,-0.202874,-0.038823,-0.23483,-0.074465,0.001083,0.000104
0,0.025489,-0.065174,0.081447,-0.075345,0.058641,-0.119528,0.000445,0.001137
0,0.110101,-0.15084,0.100369,-0.075533,0.085867,-0.078591,0.001922,0.002633
0,0.024372,0.017424,-0.077931,0.197354,-0.127893,0.153398,0.000425,0.000304
0,0.046584,0.096652,-0.006757,0.059738,-0.02302,0.063012,0.000813,0.001687
0,0.170346,0.025864,0.122741,-0.095938,0.153726,-0.088039,0.002973,0.000451
0,-0.07556,-0.030419,-0.270336,-0.034386,-0.234388,-0.065486,0.001319,0.000531
0,0.066423,-0.072016,0.145242,-0.018444,0.119145,0.029316,0.001159,0.001257
0,0.227992,-0.180392,0.181221,-0.094901,0.187252,-0.12098,0.003839,0.003148
0,0.014784,-0.177339,-0.1977,0.025597,-0.176372,-0.003989,0.000258,0.003095
0,-0.042096,-0.180799,-0.068488,0.015858,-0.10793,0.004869,0.000735,0.003156
0,0.022424,0.051256,0.094198,0.223587,0.111353,0.178429,0.000391,0.000895
0,-0.026468,-0.089014,-0.065522,-0.149131,-0.070177,-0.190207,0.000462,0.001554
0,0.290706,-0.023212,0.29878,0.068018,0.252271,0.101395,0.002744,0.000405
0,0.150458,-0.085795,-0.118443,-0.059157,-0.146605,-0.020507,0.002626,0.001497
0,0.017664,-0.228238,-0.118095,-0.155338,-0.131854,-0.188999,0.000308,0.003834
0,0.206096,-0.173125,0.196207,0.048545,0.199015,0.047837,0.003597,0.003022
0,0.128029,-0.093066,-0.062171,0.055681,-0.027842,0.033265,0.002235,0.001624
0,0.071682,-0.041127,-0.080526,0.060423,-0.120035,0.072221,0.001251,0.000718
0,0.19992,-0.084901,0.133356,-0.015262,0.116979,0.006605,0.003489,0.001482
0,-0.028335,-0.138007,-0.207329,-0.037947,-0.244636,-0.056227,0.000495,0.002409
0,-0.074456,0.079511,-0.038853,0.217721,-0.062025,0.229856,0.0013,0.001388
0,0.044504,-0.04059,0.105944,-0.132288,0.119458,-0.17249,0.000777,0.000708
0,0.07168,-0.123835,0.022293,-0.057841,0.046546,-0.081633,0.001251,0.002161
0,0.115794,-0.063738,0.051578,0.038297,0.013188,0.011667,0.002021,0.001112
0,0.180433,-0.186187,0.043554,-0.141312,0.027913,-0.172181,0.003149,0.00325
0,-0.023737,0.108773,-0.224909,0.276323,-0.25544,0.308041,0.000414,0.001898
0,0.144832,-0.144779,0.179809,-0.24401,0.216936,-0.293235,0.002528,0.002527
0,-0.120863,-0.119075,-0.24002,0.026478,-0.21754,0.055735,0.002109,0.002078
0,-0.113712,0.118279,0.025331,0.258514,0.002186,0.254702,0.001985,0.002064
0,-0.034816,0.110071,0.051399,-0.038057,0.054989,0.011908,0.000608,0.001921
0,-0.001492,0.111978,0.026452,-0.019191,0.031983,-0.000422,2.6e-05,0.001954
0,-0.031993,-0.124989,-0.051598,-0.256394,-0.025566,-0.220402,0.000558,0.002181
0,0.144733,-0.049252,0.17229,0.066053,0.153001,0.09106,0.002526,0.00086
0,0.102929,0.14486,-0.031659,0.203684,-0.058938,0.240548,0.001796,0.002528
0,0.04399,0.142263,-0.088286,0.008274,-0.103442,0.027714,0.000768,0.002483
0,0.081704,0.049106,0.008879,-0.06999,0.042221,-0.042353,0.001426,0.000857
0,0.002809,0.144073,-0.082022,0.064976,-0.0454,0.103297,4.9e-05,0.002515
0,0.231581,-0.003203,0.24745,-0.144335,0.251928,-0.177218,0.003776,5.6e-05
0,-0.990466,-0.050657,-1.201376,-0.056483,-1.17221,-0.027469,0.001651,0.000884
0,-3.976836,0.027056,-2.957374,0.069134,-2.940694,0.071971,0.000952,0.000472
0,-3.73997,-0.04316,0.254027,-0.055983,0.297596,-0.0731,0.002732,0.000753
0,-3.404365,-0.215901,0.331514,-0.177334,0.366673,-0.183702,0.003126,0.003768
0,-2.770346,-0.169878,0.655227,0.040725,0.634825,-0.008399,0.001444,0.002965
0,-1.983548,-0.169651,0.789531,0.006188,0.785398,0.035809,0.003348,0.002961
0,-1.540976,-0.076555,0.423514,0.094025,0.43675,0.071866,0.003441,0.001336
0,-1.478144,-0.066775,0.055992,0.00925,0.014163,0.028377,0.002345,0.001165
0,-1.273068,-0.231096,0.177016,-0.17056,0.165611,-0.165177,0.001234,0.003784
0,-1.043855,-0.143043,0.235183,0.098988,0.186744,0.069335,0.002583,0.002497
0,-0.711719,-0.167097,0.327618,-0.028602,0.321968,-0.007417,0.003214,0.002916
0,-0.552101,0.081005,0.14603,0.235082,0.176245,0.278229,0.001818,0.001414
0,-0.224201,0.05675,0.310065,-0.019441,0.334691,-0.029028,0.003905,0.00099
0,-0.070943,0.052391,0.166139,0.003719,0.192966,-0.004449,0.001238,0.000914
0,-0.001918,0.174961,0.087756,0.140144,0.135711,0.134863,3.3e-05,0.003054
0,-0.18695,-0.072696,-0.16106,-0.218395,-0.140864,-0.170296,0.003263,0.001269
0,0.01084,0.066602,0.190815,0.159894,0.197828,0.198506,0.000189,0.001162
0,-0.077687,-0.079614,-0.094981,-0.143772,-0.101218,-0.1435,0.001356,0.00139
0,-0.172741,0.037389,-0.071541,0.140267,-0.055191,0.116682,0.003015,0.000653
0,-0.229443,0.109427,-0.077407,0.048005,-0.048311,0.084598,0.003813,0.00191
0,-0.054402,-0.00097,0.173782,-0.136994,0.190137,-0.130595,0.000949,1.7e-05
0,-0.109011,0.130748,-0.02559,0.128008,0.013485,0.174438,0.001903,0.002282
0,-0.020459,-0.061021,0.063211,-0.169979,0.11074,-0.141383,0.000357,0.001065
0,-0.107641,-0.09321,-0.102656,-0.048857,-0.133293,-0.098367,0.001879,0.001627
0,0.064966,0.076331,0.194078,0.151244,0.14542,0.158958,0.001134,0.001332
0,-0.016891,-0.01253,-0.084751,-0.100661,-0.124607,-0.118543,0.000295,0.000219
0,-0.116483,-0.009119,-0.102957,-0.014682,-0.145647,0.007228,0.002033,0.000159
0,0.06073,-0.098355,0.182468,-0.067257,0.168565,-0.05483,0.00106,0.001717
0,0.008309,-0.020482,-0.039226,0.065492,-0.087826,0.113672,0.000145,0.000357
0,-0.152802,-0.008793,-0.157031,-0.014677,-0.116252,-0.001878,0.002667,0.000153
0,0.04167,0.046468,0.212668,0.082881,0.182428,0.129091,0.000727,0.000811
0,-0.081612,0.007129,-0.125017,-0.01918,-0.120548,-0.062047,0.001424,0.000124
0,-0.080127,0.173314,-0.019451,0.191614,-0.025222,0.14836,0.001398,0.003025
0,-0.165969,-0.015679,-0.103366,-0.19224,-0.105674,-0.184036,0.002897,0.000274
0,-0.091425,-0.064996,0.045682,-0.047466,0.034869,-0.010968,0.001596,0.001134
0,-0.063906,-0.040128,0.021227,-0.002391,0.025281,0.030781,0.001115,0.0007
0,-0.06367,-0.079219,0.005386,-0.025775,-0.019345,-0.061546,0.001111,0.001383
0,0.131238,0.080312,0.209473,0.161554,0.202449,0.192852,0.002291,0.001402
0,-0.085072,0.060967,-0.243735,-0.009897,-0.202519,-0.027269,0.001485,0.001064
0,-0.043653,-0.011596,0.06821,-0.076988,0.081483,-0.060641,0.000762,0.000202
0,-0.020407,0.041798,0.001825,0.049184,-0.043136,0.094295,0.000356,0.00073
0,-0.195649,0.046434,-0.188424,0.024589,-0.224565,0.02298,0.003415,0.00081
0,-0.043104,0.006222,0.160732,-0.052825,0.148852,-0.080711,0.000752,0.000109
0,-0.015045,0.027811,0.036547,0.030887,0.018288,0.030412,0.000263,0.000485
0,0.011739,0.086739,0.027702,0.088486,0.060332,0.129265,0.000205,0.001514
0,0.0545,0.028524,0.065249,-0.04303,0.0938,-0.061283,0.000951,0.000498
0,0.090498,0.144932,0.032426,0.133126,-0.004261,0.092627,0.001579,0.00253
0,0.032065,-0.103485,-0.038307,-0.222124,-0.016435,-0.211145,0.00056,0.001806
0,-0.053405,0.086902,-0.062529,0.188449,-0.050435,0.158335,0.000932,0.001517
0,-0.028232,0.13248,0.049799,0.0523,0.034449,0.079089,0.000493,0.002312
0,-0.045114,-0.064072,-0.00568,-0.169798,0.041083,-0.129067,0.000787,0.001118
0,0.197412,0.082394,0.255142,0.139063,0.220659,0.104006,0.003445,0.001438
0,0.176587,0.073686,-0.00041,-0.011254,0.033597,-0.030116,0.003082,0.001286
0,0.118311,0.14357,-0.056802,0.095502,-0.055975,0.094107,0.002065,0.002506
0,0.15984,0.00017,0.068675,-0.127674,0.059618,-0.16675,0.00279,3e-06
0,0.027213,-0.096723,-0.140101,-0.082318,-0.142808,-0.037942,0.000475,0.001688
0,0.074467,-0.082451,0.0394,0.00685,-0.004692,-0.02891,0.0013,0.001439
0,0.038003,0.170767,-0.022102,0.264734,-0.032438,0.311955,0.000663,0.00298
0,-0.02743,0.155711,-0.052027,-0.005292,-0.099418,-0.051157,0.000479,0.002718
0,-0.02754,-0.083159,-0.014439,-0.238984,-0.024419,-0.280119,0.000481,0.001451
0,-0.08123,0.105668,-0.060382,0.184005,-0.066288,0.153283,0.001418,0.001844
0,0.135513,-0.033886,0.237502,-0.135136,0.252764,-0.158051,0.002365,0.000591
0,-0.132387,0.16576,-0.275441,0.207095,-0.311453,0.233876,0.002311,0.002893
0,0.130213,-0.038782,0.25882,-0.184276,0.306033,-0.201385,0.002273,0.000677
0,0.00901,0.133463,-0.149732,0.171714,-0.166872,0.208185,0.000157,0.002329
0,-0.008273,0.031213,-0.026728,-0.084955,-0.069995,-0.086619,0.000144,0.000545
0,0.127254,0.130209,0.109138,0.090555,0.069407,0.085876,0.002221,0.002273
0,0.087225,-0.005527,-0.053195,-0.137613,-0.019849,-0.130881,0.001522,9.6e-05
0,-0.094077,0.180131,-0.177325,0.203405,-0.188899,0.165439,0.001642,0.003144
0,0.10551,-0.123884,0.172956,-0.281779,0.14652,-0.27312,0.001841,0.002162
0,0.1524,-0.021377,0.032039,0.118969,0.061535,0.152644,0.00266,0.000373
0,0.113215,-0.096545,-0.034568,-0.074606,-0.076639,-0.030936,0.001976,0.001685
0,0.022001,0.163778,-0.103794,0.263849,-0.06132,0.296278,0.000384,0.002858
0,-0.022611,-0.013757,-0.037606,-0.173373,-0.02264,-0.196042,0.000395,0.00024
0,-0.013735,0.135545,-0.017983,0.1276,-0.021392,0.094211,0.00024,0.002366
0,0.060189,-0.096244,0.103208,-0.216255,0.081527,-0.226144,0.00105,0.00168
0,0.203208,0.101304,0.125446,0.192583,0.142691,0.185521,0.003547,0.001768
0,0.128735,0.151458,-0.048718,0.026947,-0.036831,0.057796,0.002247,0.002643
0,0.082035,0.072707,-0.05832,-0.081422,-0.047396,-0.073489,0.001432,0.001269
0,0.184809,0.056814,0.114064,-0.001008,0.158209,0.019647,0.003226,0.000992
0,-0.004131,0.030612,-0.165885,0.000387,-0.196651,-0.001511,7.2e-05,0.000534
0,-0.1057,0.152621,-0.093799,0.104112,-0.107572,0.110191,0.001845,0.002664
0,0.079911,-0.01491,0.181587,-0.187517,0.138255,-0.228045,0.001395,0.00026
0,0.087177,0.117912,0.006722,0.130784,0.017701,0.103222,0.001522,0.002058
0,0.088093,0.170828,0.010387,0.045704,-0.003358,0.061385,0.001538,0.002982
0,0.141619,0.02463,0.048885,-0.148754,0.006387,-0.131205,0.002472,0.00043
0,0.125807,0.043932,-0.003478,-0.00458,0.006913,0.036929,0.002196,0.000767
0,0.111182,0.050133,-0.020966,-0.000657,-0.048241,0.048458,0.00194,0.000875
0,-0.043815,0.135483,-0.169417,0.088412,-0.120909,0.097687,0.000765,0.002365
0,0.030856,0.128916,0.091267,-0.01756,0.113578,0.029101,0.000539,0.00225
0,0.017535,0.15783,-0.03318,0.012288,0.001813,0.031096,0.000306,0.002755
0,0.18201,0.010049,0.194325,-0.164098,0.188832,-0.192621,0.003177,0.000175
0,0.229822,-0.035819,0.077307,-0.047914,0.033103,-0.03843,0.003807,0.000625
0,1.744747,0.307758,1.528098,0.318268,1.523797,0.335028,0.00082,0.002446
0,4.650062,0.59985,2.897646,0.314292,2.929663,0.35028,0.00298,0.002651
0,4.101121,0.869556,-0.539827,0.276151,-0.514331,0.293575,0.001217,0.000459
0,4.158479,1.167245,0.032312,0.296408,-0.011446,0.259995,0.002218,0.003081
0,3.582022,1.011129,-0.55588,-0.180802,-0.544022,-0.16509,2.5e-05,0.002012
0,2.928234,0.800303,-0.641678,-0.233554,-0.639715,-0.225087,0.003618,0.001668
0,2.043918,0.505342,-0.911969,-0.307102,-0.945583,-0.262989,0.003416,0.001002
0,1.534081,0.231138,-0.502942,-0.261183,-0.532664,-0.244714,0.003321,0.003784
0,0.885278,0.155865,-0.628416,-0.064576,-0.662734,-0.023959,0.000185,0.00272
0,0.586775,-0.008975,-0.300595,-0.180054,-0.27146,-0.198933,0.002423,0.000157
0,0.236917,-0.009292,-0.342118,-0.001601,-0.351202,-0.012488,0.003683,0.000162
0,-0.0798,-0.166074,-0.327701,-0.140832,-0.321129,-0.164239,0.001393,0.002899
0,-0.196752,-0.081605,-0.143557,0.063416,-0.184224,0.034978,0.003434,0.001424
0,-0.256201,-0.080363,-0.044775,-0.004855,-0.072889,-0.028095,0.003346,0.001403
0,-0.24505,-0.148097,0.028463,-0.094131,0.032064,-0.091629,0.003541,0.002585
0,-0.397335,-0.013306,-0.156518,0.105981,-0.186505,0.138304,0.000883,0.000232
0,-0.105284,0.033122,0.303956,0.074511,0.290476,0.025526,0.001838,0.000578
0,-0.146216,0.051417,-0.021114,-0.002759,0.015289,-0.005003,0.002552,0.000897
0,-0.273801,0.03113,-0.103814,-0.005187,-0.101885,-0.040499,0.003039,0.000543
0,-0.209113,-0.204057,0.093138,-0.240825,0.099794,-0.206246,0.00365,0.003561
0,-0.062405,-0.019559,0.128535,0.173931,0.162933,0.13309,0.001089,0.000341
0,-0.128108,-0.020045,-0.040001,-0.019,-0.011956,-0.06312,0.002236,0.00035
0,-0.081952,-0.047269,0.048277,-0.027542,0.012685,-0.000563,0.00143,0.000825
0,-0.024412,-0.193722,0.052262,-0.150615,0.037075,-0.178419,0.000426,0.003381
0,-0.071534,-0.021114,-0.049606,0.18482,-0.033664,0.199146,0.001249,0.000369
0,0.011972,-0.217262,0.08724,-0.185784,0.048185,-0.14374,0.000209,0.003792
0,-0.135544,-0.196875,-0.16453,0.018517,-0.132821,0.02856,0.002366,0.003436
0,-0.110458,-0.185024,0.017671,0.015907,0.054865,0.061886,0.001928,0.003229
0,0.099782,0.030145,0.213053,0.221491,0.247838,0.254877,0.001742,0.000526
0,0.110618,-0.086202,0.003997,-0.109142,0.012738,-0.153327,0.001931,0.001505
0,-0.154787,-0.20408,-0.243904,-0.101974,-0.278462,-0.110454,0.002702,0.003562
0,0.059811,-0.034739,0.240259,0.192957,0.218645,0.236456,0.001044,0.000606
0,0.008245,-0.08172,-0.045749,-0.064554,-0.017425,-0.0181,0.000144,0.001426
0,-0.004224,-0.123285,-0.019239,-0.051881,0.022788,-0.012294,7.4e-05,0.002152
0,-0.203549,-0.167896,-0.197187,-0.064906,-0.175872,-0.110602,0.003553,0.00293
0,-0.0914,0.044175,0.129943,0.222687,0.104837,0.266998,0.001595,0.000771
0,-0.190372,-0.191535,-0.127653,-0.240083,-0.078793,-0.19136,0.003323,0.003343
0,-0.170353,-0.061299,-0.000566,0.15462,-0.028784,0.165177,0.002973,0.00107
0,-0.178037,0.032845,-0.028938,0.123644,-0.004282,0.118609,0.003107,0.000573
0,-0.075939,-0.057276,0.105164,-0.086863,0.062906,-0.068386,0.001325,0.001
0,-0.217034,-0.11761,-0.131519,-0.058439,-0.093525,-0.073224,0.003788,0.002053
0,-0.208701,-0.073244,-0.00209,0.018971,0.025986,0.062642,0.003643,0.001278
0,-0.059997,-0.123631,0.173921,-0.078886,0.161694,-0.061599,0.001047,0.002158
0,-0.044391,-0.121575,0.023622,0.003707,0.058313,0.008536,0.000775,0.002122
0,-0.052402,-0.121155,0.005858,0.000467,-0.030089,0.037731,0.000915,0.002115
0,-0.00965,-0.048103,0.035232,0.086976,0.012206,0.085407,0.000168,0.00084
0,-0.024789,-0.024419,-0.005888,0.020396,-0.040384,0.06036,0.000433,0.000426
0,-0.01256,0.02219,0.000752,0.069994,-0.021905,0.075223,0.000219,0.000387
0,-0.081419,-0.02029,-0.065785,-0.059361,-0.078237,-0.053969,0.001421,0.000354
0,0.068527,0.102897,0.12918,0.11026,0.147048,0.072872,0.001196,0.001796
0,0.005712,-0.044142,-0.075627,-0.119745,-0.049945,-0.098863,0.0001,0.00077
0,0.016672,0.077811,0.023838,0.100295,0.022014,0.104221,0.000291,0.001358
0,0.085986,-0.026088,0.098559,-0.098047,0.144448,-0.051529,0.001501,0.000455
0,0.083962,0.178561,0.011265,0.176203,0.009125,0.211457,0.001465,0.003116
0,-0.022943,0.18889,-0.124907,0.028374,-0.132208,0.041245,0.0004,0.003297
0,-0.044504,0.178949,-0.010544,0.003858,-0.040073,0.047779,0.000777,0.003123
0,0.15524,-0.053914,0.225878,-0.242504,0.226692,-0.236292,0.002709,0.000941
0,-0.118703,-0.111901,-0.245401,-0.063092,-0.206102,-0.030317,0.002072,0.001953
0,0.078039,0.050581,0.19553,0.161523,0.165154,0.136661,0.001362,0.000883
0,0.159872,0.1122,0.094554,0.07952,0.071713,0.073614,0.00279,0.001958
0,-0.065515,0.081516,-0.196806,-0.009335,-0.23705,0.001879,0.001143,0.001423
0,0.10089,0.082279,0.18952,0.024603,0.19437,0.024734,0.001761,0.001436
0,0.163089,0.133359,0.060158,0.038708,0.065277,0.010673,0.002846,0.002328
0,-0.028561,-0.033781,-0.198573,-0.187254,-0.176945,-0.204558,0.000498,0.00059
0,-0.082549,0.134451,-0.072054,0.13983,-0.059752,0.109789,0.001441,0.002347
0,-0.053891,-0.137221,0.043157,-0.264276,0.04654,-0.25972,0.000941,0.002395
0,0.02808,0.121642,0.08593,0.270863,0.072661,0.258696,0.00049,0.002123
0,0.073758,-0.08126,0.063431,-0.222407,0.11343,-0.190468,0.001287,0.001418
0,0.13986,0.035148,0.055988,0.097944,0.043174,0.122027,0.002441,0.000613
0,-0.063426,-0.114651,-0.189136,-0.130511,-0.214594,-0.091011,0.001107,0.002001
0,0.109621,-0.052855,0.165653,0.080477,0.123584,0.119023,0.001913,0.000922
0,-0.189911,-0.006411,-0.300122,0.028201,-0.326404,0.047053,0.003315,0.000112
0,-0.096048,-0.114975,0.085317,-0.107466,0.105827,-0.071877,0.001676,0.002007
0,0.119638,-0.141514,0.239903,-0.054829,0.281228,-0.095382,0.002088,0.00247
0,0.085848,-0.189343,-0.004464,-0.051216,0.031747,-0.00348,0.001498,0.003305
0,0.079656,-0.120091,-0.028194,0.040499,-0.069071,0.072182,0.00139,0.002096
0,0.055358,-0.144304,-0.049792,-0.006358,-0.005926,-0.0118,0.000966,0.002519
0,-0.049809,-0.192725,-0.096203,-0.045751,-0.089628,-0.029001,0.000869,0.003364
0,0.069731,-0.114353,0.091648,0.052666,0.13143,0.052446,0.001217,0.001996
0,0.03658,-0.041575,-0.037533,0.095732,-0.029435,0.066252,0.000638,0.000726
0,0.024209,0.054522,-0.004646,0.089547,-0.041637,0.125613,0.000423,0.000952
0,0.067362,0.061348,0.035576,-0.010408,0.072821,-0.026703,0.001176,0.001071
0,-0.115177,-0.040885,-0.179495,-0.111909,-0.157394,-0.123185,0.00201,0.000714
0,0.027861,-0.101523,0.152628,-0.047936,0.196047,-0.023269,0.000486,0.001772
0,-0.007818,0.000823,-0.006177,0.124652,-0.038483,0.123298,0.000136,1.4e-05
0,-0.190478,-0.08071,-0.182547,-0.073256,-0.230783,-0.049431,0.003324,0.001409
0,-0.001678,0.019036,0.203709,0.120809,0.216746,0.079562,2.9e-05,0.000332
0,0.062016,-0.14029,0.07452,-0.133667,0.110921,-0.154906,0.001082,0.002449
0,0.07826,-0.025467,0.02742,0.088164,-0.00985,0.063786,0.001366,0.000444
0,0.1426,0.053108,0.083233,0.082337,0.102099,0.108513,0.002489,0.000927
0,-0.126088,0.056462,-0.261768,-0.017039,-0.279175,-0.058997,0.002201,0.000985
0,0.1344,-0.081377,0.23343,-0.135675,0.221159,-0.10763,0.002346,0.00142
0,0.02237,-0.057123,-0.113961,0.021164,-0.108647,-0.020817,0.00039,0.000997
0,0.133244,0.029948,0.114239,0.061716,0.102225,0.046296,0.002326,0.000523
0,-0.018296,0.048015,-0.165028,0.006931,-0.136253,0.028431,0.000319,0.000838
0,0.076607,-0.136478,0.108868,-0.209224,0.137144,-0.250525,0.001337,0.002382
0,-0.170105,-0.029848,-0.222797,0.108153,-0.259976,0.143564,0.002969,0.000521
0,-0.20675,0.0223,-0.047297,0.029934,-0.04184,0.072417,0.003608,0.000389
0,0.123227,-0.135112,0.326378,-0.139014,0.336314,-0.108743,0.002151,0.002358
0,-0.027734,0.065268,-0.147242,0.192115,-0.120306,0.148949,0.000484,0.001139
0,0.086664,-0.07293,0.109924,-0.120541,0.13116,-0.07683,0.001513,0.001273
0,0.062148,-0.111543,-0.036057,-0.06175,-0.039392,-0.069136,0.001085,0.001947
0,0.051891,0.086638,-0.025755,0.19832,-0.043938,0.238292,0.000906,0.001512
0,-0.105083,-0.138468,-0.142055,-0.210444,-0.100455,-0.240754,0.001834,0.002417
0,-0.03656,-0.029896,0.096229,0.129018,0.091359,0.136714,0.000638,0.000522
0,-0.14381,-0.105281,-0.132619,-0.102674,-0.130297,-0.103738,0.00251,0.001838
0,-0.062165,-0.015781,0.089265,0.079712,0.066001,0.039799,0.001085,0.000275
0,0.058408,-0.02188,0.125243,0.000619,0.172518,0.016075,0.001019,0.000382
0,0.082359,-0.155903,0.013632,-0.10665,0.033216,-0.141737,0.001437,0.002721
0,0.016569,0.042445,-0.043125,0.220113,-0.001056,0.191234,0.000289,0.000741
0,0.021179,-0.027413,0.019878,-0.084245,-0.006607,-0.132571,0.00037,0.000478
0,0.005751,-0.094681,0.007786,-0.09008,0.009464,-0.061262,0.0001,0.001652
0,-0.002376,0.064748,-0.015205,0.169409,0.027917,0.14469,4.1e-05,0.00113
0,-0.015672,0.117237,-0.039429,0.059348,-0.006865,0.019111,0.000274,0.002046
0,-0.123434,0.130826,-0.117883,0.004088,-0.092469,-0.024122,0.002154,0.002283
0,0.096459,0.112537,0.236696,-0.039968,0.242729,-0.043731,0.001684,0.001964
0,-0.039348,0.088257,-0.149349,-0.006196,-0.141113,-0.050558,0.000687,0.00154
0,-0.062578,0.145769,-0.034174,0.072426,-0.000303,0.113561,0.001092,0.002544
0,0.158913,0.11771,0.236609,-0.007984,0.268681,-0.05021,0.002774,0.002054
0,0.10207,0.050398,-0.085999,-0.05827,-0.087941,-0.017064,0.001781,0.00088
0,-0.067366,0.167224,-0.166166,0.139875,-0.172861,0.143831,0.001176,0.002919
0,-0.002562,-0.003642,0.054163,-0.175807,0.027383,-0.181476,4.5e-05,6.4e-05
0,-0.113216,-0.000903,-0.111353,0.005249,-0.105976,0.042055,0.001976,1.6e-05
0,-0.143287,-0.09928,-0.025971,-0.112919,-0.003062,-0.117743,0.002501,0.001733
0,-0.077381,-0.113468,0.081891,0.006332,0.121197,0.036239,0.001351,0.00198
0,-0.132943,-0.099145,-0.075032,-0.00158,-0.094572,-0.041141,0.00232,0.00173
0,-0.068556,-0.078264,0.062169,-0.008519,0.015676,0.030303,0.001197,0.001366
0,0.004797,-0.124001,0.051213,-0.064683,0.041342,-0.032691,8.4e-05,0.002164
0,-0.09055,-0.064383,-0.093622,0.057282,-0.122759,0.080601,0.00158,0.001124
0,-0.061936,0.069172,0.012064,0.15787,0.019704,0.174542,0.001081,0.001207
0,0.013463,-0.115368,0.070642,-0.186128,0.108659,-0.187195,0.000235,0.002014
0,0.029919,0.055829,-0.003596,0.153027,0.007062,0.183997,0.000522,0.000974
0,0.017086,0.052183,-0.007154,0.011014,0.021144,-0.013664,0.000298,0.000911
0,-0.235111,0.145246,-0.255634,0.083056,-0.304228,0.087577,0.003714,0.002535
0,-0.035821,0.003829,0.213486,-0.156067,0.177034,-0.197575,0.000625,6.7e-05
0,-0.093109,0.054937,-0.087047,0.031463,-0.07027,0.010518,0.001625,0.000959
0,-0.000519,-0.076165,0.097958,-0.137376,0.051194,-0.177099,9e-06,0.001329
0,-0.031467,-0.134288,-0.014946,-0.031526,-0.024532,-0.018149,0.000549,0.002344
0,-0.240179,0.125194,-0.225923,0.2428,-0.242994,0.285941,0.003626,0.002185
0,-0.255961,0.072744,-0.0029,-0.03173,-0.005281,-0.005129,0.003351,0.00127
0,0.05773,-0.10552,0.323134,-0.185637,0.354236,-0.150896,0.001008,0.001842
0,-0.199558,0.108223,-0.237243,0.241833,-0.284212,0.214463,0.003483,0.001889
0,-0.154632,-0.123011,0.04681,-0.244732,0.062478,-0.22991,0.002699,0.002147
0,-0.095462,-0.06518,0.040162,0.04927,0.042566,0.088254,0.001666,0.001138
0,-0.073278,0.139343,0.039703,0.214485,0.080032,0.172964,0.001279,0.002432
0,-0.139049,0.104517,-0.0782,-0.015804,-0.068357,0.016699,0.002427,0.001824
0,0.030377,-0.003958,0.150252,-0.128336,0.11455,-0.095107,0.00053,6.9e-05
0,-0.134694,-0.04607,-0.194288,-0.034594,-0.230125,-0.04526,0.002351,0.000804
0,-0.127075,0.15763,-0.00256,0.230699,-0.037965,0.221373,0.002218,0.002751
0,0.034846,0.044797,0.135515,-0.128267,0.175413,-0.080219,0.000608,0.000782
0,-0.00843,-0.0421,-0.031527,-0.060764,-0.064636,-0.083661,0.000147,0.000735
0,-0.055794,-0.100972,-0.039128,-0.033888,-0.071599,-0.065757,0.000974,0.001762
0,-0.113842,-0.083979,-0.048144,0.020409,-0.08601,0.038432,0.001987,0.001466
0,-0.01057,0.085176,0.087762,0.158666,0.080096,0.20504,0.000184,0.001487
0,0.075862,0.030874,0.094594,-0.061359,0.114214,-0.039236,0.001324,0.000539
0,-0.137949,-0.036253,-0.211705,-0.037597,-0.230349,-0.035344,0.002408,0.000633
0,0.059032,-0.013771,0.220359,-0.006236,0.264307,-0.053295,0.00103,0.00024
0,0.069062,0.056467,0.021708,0.042135,0.024787,0.076161,0.001205,0.000986
0,0.085258,-0.131023,0.041993,-0.204259,0.058142,-0.195925,0.001488,0.002287
0,0.103298,0.048715,0.007805,0.184279,0.033456,0.196142,0.001803,0.00085
0,-0.05425,0.142934,-0.152717,0.078572,-0.184077,0.100931,0.000947,0.002495
0,0.035593,-0.128483,0.110475,-0.283446,0.136511,-0.315354,0.000621,0.002242
0,-0.200022,-0.114926,-0.222365,0.037283,-0.210596,0.017006,0.003491,0.002006
0,-0.033841,0.173936,0.137366,0.311407,0.143866,0.333593,0.000591,0.003036
0,-0.143786,0.137285,-0.115181,-0.037421,-0.087957,-0.04179,0.00251,0.002396
0,-0.026906,0.10851,0.107359,-0.031412,0.12563,0.018398,0.00047,0.001894
0,-0.221427,0.032245,-0.190103,-0.076169,-0.19898,-0.030387,0.003865,0.000563
0,-0.173281,-0.111683,0.031582,-0.16007,0.060287,-0.145347,0.003024,0.001949
0,-0.23922,0.150593,-0.076488,0.255105,-0.100593,0.278711,0.003643,0.002628
0,-0.016571,0.080896,0.251509,-0.081928,0.222505,-0.044588,0.000289,0.001412
0,-0.213787,-0.048375,-0.215578,-0.102023,-0.187011,-0.058722,0.003731,0.000844
0,-0.151736,-0.108978,0.086481,-0.046645,0.037838,-0.075679,0.002648,0.001902
0,-0.134059,-0.112748,0.005419,0.00783,-0.04289,-0.028568,0.00234,0.001968
0,-0.145005,-0.029579,-0.010066,0.093814,0.013383,0.050567,0.002531,0.000516
0,-0.146133,0.107969,-0.027144,0.156577,-0.068105,0.173398,0.00255,0.001884
0,-0.167587,-0.163399,-0.046997,-0.260266,-0.093529,-0.290426,0.002925,0.002852
0,-0.198116,-0.04251,-0.05435,0.137593,-0.089592,0.109235,0.003458,0.000742
0,-0.240237,0.073925,-0.01968,0.11101,-0.056093,0.097422,0.003625,0.00129
0,-0.177003,-0.107616,0.083547,-0.151753,0.070079,-0.110169,0.003089,0.001878
0,-0.188081,0.031778,-0.006297,0.146535,-0.011652,0.103774,0.003283,0.000555
0,-0.099194,0.085439,0.082284,0.05676,0.115927,0.082896,0.001731,0.001491
0,0.027282,-0.079516,0.14476,-0.175096,0.189691,-0.168229,0.000476,0.001388
0,-0.09563,0.038511,-0.152692,0.091294,-0.188099,0.113882,0.001669,0.000672
0,0.007473,-0.077814,0.13256,-0.123541,0.097033,-0.122394,0.00013,0.001358
0,-0.066537,0.084662,-0.062212,0.162044,-0.075386,0.171459,0.001161,0.001478
0,-0.113233,-0.048765,-0.026307,-0.116156,-0.021233,-0.153863,0.001976,0.000851
0,0.086948,0.159649,0.183103,0.192869,0.195444,0.207578,0.001518,0.002786
0,0.10807,0.112116,0.046675,-0.045334,0.078037,-0.065545,0.001886,0.001957
0,-0.074276,0.126525,-0.171847,0.033439,-0.163637,-0.006787,0.001296,0.002208
0,0.007728,-0.06443,0.070356,-0.165141,0.027659,-0.214863,0.000135,0.001125
0,-0.109965,-0.063659,-0.123382,0.016902,-0.075642,0.024475,0.001919,0.001111
0,0.028363,0.107788,0.130606,0.198066,0.113371,0.243704,0.000495,0.001881
0,0.178936,-0.049126,0.152367,-0.168741,0.162417,-0.213046,0.003123,0.000857
0,-0.064375,-0.076143,-0.21421,-0.004951,-0.184331,-0.044006,0.001124,0.001329
0,0.081419,-0.169302,0.132054,-0.091336,0.11203,-0.060275,0.001421,0.002955
0,0.117904,0.074268,0.015456,0.235615,0.055239,0.285195,0.002058,0.001296
0,0.088337,-0.025531,-0.023905,-0.089399,-0.06562,-0.111226,0.001542,0.000446
0,-0.062742,0.005567,-0.134706,0.017941,-0.178226,-0.0041,0.001095,9.7e-05
0,0.078845,-0.029596,0.160284,-0.053008,0.192469,-0.055923,0.001376,0.000517
0,-0.102953,-0.166527,-0.190048,-0.15029,-0.180677,-0.198134,0.001797,0.002906
0,0.028436,-0.15327,0.155531,0.005844,0.123484,0.044057,0.000496,0.002675
0,-0.03427,0.015641,-0.084289,0.160135,-0.112155,0.194426,0.000598,0.000273
0,-0.051553,-0.267873,-0.033136,-0.293819,-0.006139,-0.298279,0.0009,0.003143
0,-0.004359,-0.016721,0.041497,0.221385,0.011114,0.248738,7.6e-05,0.000292
0,0.026453,-0.150154,0.019001,-0.162656,0.035405,-0.152802,0.000462,0.002621
0,0.010596,-0.060623,-0.020834,0.117405,0.005118,0.069892,0.000185,0.001058
0,0.096976,-0.018587,0.102388,0.060066,0.069174,0.026666,0.001693,0.000324
0,-0.092275,-0.197634,-0.216391,-0.193314,-0.176105,-0.212594,0.001611,0.003449
0,0.091759,0.050143,0.170873,0.271479,0.170016,0.232141,0.001602,0.000875
0,0.10522,0.042584,-0.014755,-0.005827,-0.050448,-0.023348,0.001836,0.000743
0,-0.048797,0.018563,-0.155867,-0.034542,-0.198708,-0.074721,0.000852,0.000324
0,-0.100289,0.034916,-0.029258,-0.005827,-0.015258,-0.001761,0.00175,0.000609
0,0.019392,-0.063978,0.134448,-0.071991,0.136225,-0.082114,0.000338,0.001117
0,0.038702,0.043442,0.013747,0.122792,0.051904,0.139034,0.000675,0.000758
0,0.044081,0.079744,-0.012113,0.009358,-0.030516,-0.002583,0.000769,0.001392
0,-0.10033,-0.059419,-0.120825,-0.118295,-0.077146,-0.132714,0.001751,0.001037
0,0.010718,-0.007208,0.120798,0.058619,0.16028,0.061979,0.000187,0.000126
0,0.053012,-0.1773,0.04207,-0.184896,-0.003282,-0.223879,0.000925,0.003094
0,-0.199059,0.101682,-0.249589,0.299839,-0.205537,0.261419,0.003474,0.001775
0,-0.079889,0.058373,0.141251,-0.025919,0.106309,-0.01268,0.001394,0.001019
0,-0.269255,0.04198,-0.165393,-0.019596,-0.123305,-0.061638,0.003118,0.000733
0,0.003795,-0.065053,0.282867,-0.102634,0.246408,-0.062787,6.6e-05,0.001135
0,-0.09648,-0.043621,-0.118747,0.016434,-0.149855,0.022353,0.001684,0.000761
0,-0.193726,0.092846,-0.115964,0.109124,-0.090759,0.139032,0.003381,0.00162
0,0.022212,0.106709,0.194361,-0.010006,0.200981,-0.057531,0.000388,0.001862
0,-0.003199,-0.025502,-0.016952,-0.160639,0.01952,-0.138991,5.6e-05,0.000445
0,-0.103367,-0.01956,-0.129085,0.000156,-0.146549,-0.004343,0.001804,0.000341
0,-0.065639,-0.200831,0.059894,-0.185442,0.055923,-0.203703,0.001146,0.003505
0,0.164945,-0.065434,0.207141,0.163078,0.212041,0.187957,0.002879,0.001142
0,0.03594,0.083416,-0.130311,0.177539,-0.156458,0.152806,0.000627,0.001456
0,0.055733,-0.082445,0.005479,-0.190361,0.038435,-0.169284,0.000973,0.001439
0,-0.076693,-0.101166,-0.154214,0.002723,-0.106301,-0.044295,0.001339,0.001766
0,0.060055,-0.090339,0.161078,0.018209,0.199961,0.007085,0.001048,0.001577
0,0.146238,-0.019157,0.090212,0.092676,0.071058,0.133282,0.002552,0.000334
0,0.12856,0.112457,-0.010435,0.124446,-0.036679,0.118225,0.002244,0.001963
0,0.014061,-0.082262,-0.122202,-0.170365,-0.126637,-0.174857,0.000245,0.001436
0,-0.041634,-0.068406,-0.037335,-0.015244,-0.014085,-0.041939,0.000727,0.001194
0,0.101165,-0.043583,0.131927,0.043797,0.118662,0.018217,0.001766,0.000761
0,-0.133325,0.139172,-0.250127,0.162665,-0.219938,0.180422,0.002327,0.002429
0,0.103956,-0.097684,0.21121,-0.24341,0.249905,-0.217316,0.001814,0.001705
0,-0.039045,0.126296,-0.142011,0.226396,-0.148973,0.24548,0.000681,0.002204
0,-0.072465,-0.096399,-0.041265,-0.233456,-0.042769,-0.193573,0.001265,0.001682
0,-0.032734,0.189577,0.049833,0.304324,0.034922,0.340491,0.000571,0.003309
0,0.059043,0.009206,0.083059,-0.168962,0.052848,-0.163033,0.00103,0.000161
0,-0.074512,0.16296,-0.112432,0.147469,-0.133456,0.10699,0.0013,0.002844
0,-0.116353,-0.110295,-0.062149,-0.244383,-0.068791,-0.270389,0.002031,0.001925
0,-0.027792,-0.106237,0.099279,-0.002224,0.134453,0.019819,0.000485,0.001854
0,0.090503,0.054031,0.138522,0.16835,0.116338,0.148835,0.00158,0.000943
0,-0.057903,0.074175,-0.174028,-0.002896,-0.182144,0.046856,0.001011,0.001295
0,0.015836,-0.07879,0.092134,-0.15682,0.115463,-0.135496,0.000276,0.001375
0,0.211127,0.006426,0.16766,0.07993,0.13441,0.047371,0.003685,0.000112
0,0.188765,0.073841,-0.052168,0.082694,-0.040463,0.092113,0.003295,0.001289
0,-0.038844,0.043769,-0.215693,-0.036516,-0.188403,-0.00081,0.000678,0.000764
0,0.120006,-0.123845,0.183939,-0.18279,0.217778,-0.212124,0.002094,0.002162
0,-0.062753,0.085872,-0.161826,0.198213,-0.117691,0.190483,0.001095,0.001499
0,-0.089079,-0.136587,-0.050009,-0.231695,-0.069829,-0.245133,0.001555,0.002384
0,-0.005468,-0.048673,0.074845,0.076109,0.058216,0.124171,9.5e-05,0.000849
0,-0.048941,0.082576,-0.058477,0.109534,-0.036158,0.096924,0.000854,0.001441
0,-0.068363,-0.037032,-7.5e-05,-0.140991,-0.027723,-0.104886,0.001193,0.000646
0,-0.186632,0.069552,-0.101068,0.118137,-0.132663,0.077246,0.003257,0.001214
0,-0.115287,0.104618,0.08248,0.056923,0.114669,0.086429,0.002012,0.001826
0,-0.049538,-0.021255,0.056515,-0.130173,0.029304,-0.178306,0.000865,0.000371
0,0.131116,0.038412,0.189056,0.040099,0.191178,0.031434,0.002288,0.00067
0,-0.098082,0.051088,-0.220792,-0.002765,-0.243578,-0.037308,0.001712,0.000892
0,-0.089658,0.086667,0.032348,0.061017,0.072687,0.037434,0.001565,0.001513
0,0.041112,-0.103669,0.157006,-0.204674,0.194263,-0.245668,0.000718,0.001809
0,0.107321,0.066821,0.049277,0.174095,0.082579,0.204931,0.001873,0.001166
0,-0.074227,-0.214967,-0.168109,-0.258477,-0.206087,-0.298635,0.001296,0.003752
0,-0.093288,0.051866,-0.007888,0.242602,0.017798,0.194051,0.001628,0.000905
0,0.103517,0.090288,0.210309,0.063922,0.16763,0.064478,0.001807,0.001576
0,-0.02933,-0.176143,-0.145586,-0.270441,-0.169542,-0.241074,0.000512,0.003074
0,0.080256,0.009242,0.118151,0.210974,0.0737,0.245601,0.001401,0.000161
0,-0.170366,-0.11342,-0.27408,-0.109633,-0.264095,-0.150988,0.002973,0.00198
0,-0.185257,-0.066765,-0.006302,0.051982,0.028549,0.024569,0.003233,0.001165
0,-0.10742,-0.079754,0.087528,0.01613,0.05855,0.021298,0.001875,0.001392
0,-0.024969,-0.165181,0.107164,-0.103215,0.117101,-0.075208,0.000436,0.002883
0,-0.231272,-0.066063,-0.182763,0.121713,-0.143936,0.15738,0.003781,0.001153
0,-0.145096,0.021351,0.104129,0.058901,0.143408,0.054691,0.002532,0.000373
0,-0.15789,-0.188677,-0.016764,-0.230677,-0.021712,-0.226669,0.002756,0.003293
0,-0.226871,-0.166215,-0.066379,0.044394,-0.054929,0.008483,0.003858,0.002901
0,-0.271976,0.051092,-0.036432,0.197952,-0.059392,0.229771,0.003071,0.000892
0,-0.22283,0.088062,0.077897,0.033754,0.035641,0.057643,0.003889,0.001537
0,-0.253534,-0.034765,-0.039727,-0.127537,-0.032409,-0.086774,0.003393,0.000607
0,-0.160705,0.064801,0.071928,0.115832,0.023386,0.075785,0.002805,0.001131
0,-0.270977,0.114079,-0.089157,0.04433,-0.045381,0.055189,0.003088,0.001991
0,-0.085395,-0.168541,0.184037,-0.273763,0.182788,-0.248526,0.00149,0.002942
0,-0.092449,0.031803,0.01896,0.184971,-0.020834,0.159286,0.001614,0.000555
0,0.004742,0.074565,0.099168,0.053985,0.082733,0.070633,8.3e-05,0.001301
0,-0.189761,-0.142081,-0.218345,-0.227592,-0.179706,-0.204287,0.003312,0.00248
0,0.084262,-0.041501,0.295414,0.117113,0.312423,0.133012,0.001471,0.000724
0,-0.009819,-0.025022,-0.066619,0.027979,-0.039466,0.0712,0.000171,0.000437
0,-0.000999,-0.091048,0.000596,-0.089241,-0.024233,-0.08754,1.7e-05,0.001589
0,-0.049861,-0.007381,-0.05991,0.089047,-0.043626,0.099352,0.00087,0.000129
0,-0.090215,-0.165358,-0.017409,-0.169342,0.013332,-0.124275,0.001575,0.002886
0,0.141805,0.017972,0.260485,0.169152,0.224758,0.192489,0.002475,0.000314
0,0.055369,0.130473,-0.114706,0.134255,-0.124911,0.159944,0.000966,0.002277
0,-0.111578,0.148314,-0.189552,0.03145,-0.150476,0.013486,0.001947,0.002589
0,-0.060343,-0.021921,0.037468,-0.141662,0.063718,-0.163882,0.001053,0.000383
0,0.168646,-0.012245,0.205191,0.015013,0.247171,-0.003544,0.002943,0.000214
0,0.072055,0.034613,-0.089611,0.024515,-0.072071,0.025135,0.001258,0.000604
0,-0.077708,-0.069509,-0.143024,-0.123668,-0.128554,-0.083787,0.001356,0.001213
0,-0.027447,0.113783,0.043005,0.164984,-0.001733,0.158947,0.000479,0.001986
0,-0.012282,0.027303,0.025452,-0.068987,0.035507,-0.030477,0.000214,0.000477
0,0.008384,-0.061434,0.001965,-0.073933,-0.024295,-0.110987,0.000146,0.001072
0,0.146527,0.170388,0.123146,0.230284,0.102178,0.26811,0.002557,0.002974
0,0.041538,0.188007,-0.101321,0.03529,-0.114189,0.007985,0.000725,0.003281
0,0.135773,0.125532,0.092415,-0.03606,0.142114,0.00167,0.00237,0.002191
0,0.081069,0.216416,-0.04786,0.063024,-0.039817,0.047257,0.001415,0.003777
0,0.197174,-0.074278,0.108637,-0.298524,0.113347,-0.266816,0.003441,0.001296
0,0.036003,-0.006056,-0.180519,0.064049,-0.168117,0.062255,0.000628,0.000106
0,-0.455719,0.625726,-0.500113,0.630687,-0.549122,0.595917,0.000136,0.003103
0,-1.146725,0.889398,-0.663193,0.255174,-0.613643,0.261378,0.00344,0.000113
0,-1.941275,1.150082,-0.796419,0.238973,-0.770203,0.27227,0.00261,0.003381
0,-2.10748,0.977757,-0.192295,-0.188994,-0.224475,-0.220297,0.002307,0.001429
0,-1.700222,1.002485,0.388737,0.026908,0.427443,0.075673,0.001597,0.001861
0,-1.433936,0.695031,0.284893,-0.334351,0.265283,-0.339319,0.001573,0.003505
0,-1.084205,0.435287,0.357126,-0.270758,0.320752,-0.248897,0.003287,0.000221
0,-0.622441,0.432423,0.451232,0.006631,0.460763,0.030302,0.003046,0.000271
0,-0.534686,0.173857,0.116921,-0.270062,0.104273,-0.320014,0.001514,0.003034
0,-0.220103,0.116187,0.301465,-0.03411,0.335455,-0.02519,0.003842,0.002028
0,-0.086274,-0.006507,0.153653,-0.151118,0.116282,-0.131942,0.001506,0.000114
0,-0.216511,0.103855,-0.102187,0.084758,-0.145819,0.07214,0.003779,0.001813
0,-0.192166,-0.110871,0.027389,-0.209112,0.001189,-0.208508,0.003354,0.001935
0,0.025868,-0.044335,0.230797,0.092201,0.199101,0.073827,0.000451,0.000774
0,-0.02039,-0.051029,-0.03321,0.017448,-0.032562,0.033884,0.000356,0.000891
0,-1.114253,-0.972116,-1.088086,-0.915903,-1.053813,-0.877181,0.003812,0.001331
0,-1.37191,-2.237841,-0.22865,-1.252666,-0.199187,-1.237893,0.000491,3.2e-05
0,-2.627328,-2.762792,-1.235596,-0.543657,-1.217843,-0.583026,0.001052,0.001313
0,-2.529349,-2.841154,0.117974,-0.04978,0.130797,-0.048251,0.002762,0.00268
0,-2.275386,-2.293402,0.224121,0.518701,0.227861,0.566307,0.000624,0.000938
0,-2.109798,-1.774582,0.136808,0.508211,0.145165,0.523829,0.002266,0.000299
0,-1.460853,-1.414272,0.677846,0.383064,0.721747,0.405687,0.002043,0.00123
0,-1.087489,-0.977313,0.383888,0.41295,0.396534,0.416163,0.003345,0.001422
0,-0.69451,-0.107452,0.391106,0.861714,0.429543,0.908324,0.003514,0.001875
0,-0.561461,-0.13957,0.127878,-0.011456,0.139326,0.024917,0.003449,0.002436
0,-9.07452,0.187149,-8.533014,0.328605,-8.579865,0.330156,0.002023,0.003266
0,-8.856677,0.103182,0.219808,-0.078055,0.26888,-0.098746,0.001779,0.001801
0,-9.018323,0.130967,-0.134677,0.055846,-0.129363,0.06318,0.001042,0.002286
0,-8.900308,0.374,0.099891,0.265404,0.073048,0.224664,0.001018,0.00129
0,-8.877775,0.116335,0.034759,-0.282116,-0.002197,-0.23691,0.001411,0.00203
0,-8.899057,0.352937,-0.036321,0.207871,-0.027127,0.1719,0.00104,0.001658
0,-8.972506,0.261477,-0.099538,-0.092856,-0.051928,-0.139359,0.000242,0.003254
0,-8.870684,0.078953,0.103146,-0.207791,0.148349,-0.24827,0.001535,0.001378
0,-9.13477,0.019813,-0.282585,-0.071677,-0.258631,-0.073856,0.003074,0.000346
0,-8.86737,-0.019787,0.246135,-0.044455,0.235832,-0.086751,0.001593,0.000345
0,-8.888958,0.085454,-0.019499,0.082268,-0.067193,0.035646,0.001216,0.001491
0,-9.051196,0.089556,-0.190923,0.008042,-0.153933,-0.015504,0.001616,0.001563
0,-9.125105,-0.042726,-0.08147,-0.149619,-0.047133,-0.108054,0.002906,0.000746
0,-8.341071,-0.080413,0.805155,-0.058869,0.821199,-0.039545,0.002961,0.001403
0,-8.003729,-0.121415,0.35292,-0.038379,0.386963,0.002812,0.00103,0.002119
0,-7.515821,0.110835,0.483075,0.234498,0.490771,0.217797,0.001728,0.001934
0,-7.031637,0.040338,0.454251,-0.061237,0.46053,-0.046122,0.002361,0.000704
0,-6.754426,0.123282,0.259632,0.060201,0.263386,0.046028,0.000619,0.002152
0,-6.539491,-0.142536,0.197132,-0.269185,0.188874,-0.314601,0.003133,0.002488
0,-6.09278,0.028219,0.475644,0.149348,0.496847,0.150034,0.003111,0.000493
0,-5.617718,0.119921,0.459505,0.071229,0.48411,0.044224,0.003585,0.002093
0,-5.408761,-0.125926,0.228189,-0.251378,0.236044,-0.221876,0.000586,0.002198
0,-5.18605,0.055303,0.220834,0.173875,0.250837,0.216028,0.003301,0.000965
0,-4.765475,-0.047436,0.446519,-0.093699,0.449934,-0.069049,0.002823,0.000828
0,-4.349725,-0.165528,0.421658,-0.147694,0.384431,-0.125644,0.002262,0.002889
0,-4.312294,-0.123093,0.051796,0.044909,0.021655,-0.00315,0.002915,0.002148
0,-4.093502,-0.022889,0.218997,0.095622,0.240884,0.127953,0.001084,0.000399
0,-3.941528,-0.037147,0.136207,-0.012051,0.175049,0.032518,0.001568,0.000648
0,-3.520055,-0.141468,0.406341,-0.091812,0.361871,-0.124815,0.001106,0.002469
0,-3.549741,-0.125817,-0.040822,0.006981,-0.028101,0.046866,0.000588,0.002196
0,-3.166901,0.016211,0.402198,0.127644,0.359381,0.148083,0.000548,0.000283
0,-3.02627,-0.172683,0.160248,-0.17897,0.113551,-0.157591,0.001907,0.003014
0,-2.855904,0.0163,0.144278,0.201441,0.124283,0.168014,0.002938,0.000284
0,-2.837653,-0.116085,0.001372,-0.139749,0.028881,-0.106289,0.002619,0.002026
0,-2.633923,-0.042684,0.196776,0.080666,0.175556,0.071003,0.000937,0.000745
0,-2.497654,-0.005336,0.133117,0.015722,0.088272,0.055647,0.003315,9.3e-05
0,-2.389594,-0.096336,0.088252,-0.09203,0.052844,-0.07442,0.002617,0.001681
0,-2.189929,-0.006103,0.175353,0.066167,0.129238,0.033634,0.000868,0.000107
0,-2.156013,-0.10281,0.029117,-0.07635,0.06277,-0.078269,0.00146,0.001794
0,-2.018141,-0.147255,0.140186,-0.014847,0.129813,-0.017571,0.003866,0.00257
0,-2.018988,0.087714,0.004338,0.212465,-0.017978,0.251525,0.003851,0.001531
0,-1.770664,-0.137022,0.243079,-0.206431,0.263456,-0.218645,0.000368,0.002391
0,-1.545223,-0.168903,0.24232,-0.003097,0.255248,0.032431,0.003516,0.002948
0,-1.631862,0.037463,-0.093783,0.176903,-0.096516,0.159922,0.00279,0.000654
0,-1.416063,-0.103776,0.200106,-0.140113,0.204025,-0.106677,0.001261,0.001811
0,-1.314409,-0.134541,0.11421,-0.054067,0.127934,-0.004798,0.000513,0.002348
0,-1.310695,-0.03437,-0.0029,0.113919,0.010969,0.153007,0.000578,0.0006
0,-1.275834,-0.071432,0.059942,-0.034741,0.064369,-0.078809,0.001186,0.001247
0,-1.205565,-0.117572,0.040355,-0.063452,0.081127,-0.014237,0.002413,0.002052
0,-1.005956,-0.042311,0.228308,0.059803,0.195542,0.036136,0.001921,0.000738
0,-1.098099,-0.189115,-0.095661,-0.156575,-0.092391,-0.188354,0.00353,0.003301
0,-0.953366,-0.155517,0.170898,0.004887,0.154268,0.017014,0.001004,0.002714
0,-0.944457,-0.181627,0.030714,-0.032968,0.055532,0.016834,0.000848,0.00317
0,-0.965889,0.002895,-0.021886,0.190738,-0.003871,0.237926,0.001222,5.1e-05
0,-0.948242,-0.136727,0.021747,-0.157276,0.001399,-0.119787,0.000914,0.002386
0,-0.695667,-0.222535,0.24872,-0.071932,0.241261,-0.060327,0.003494,0.003884
0,-0.771857,-0.21819,-0.07166,-0.014099,-0.08381,-0.00329,0.002164,0.003808
0,-0.63145,-0.232208,0.126805,-0.025291,0.163278,-0.03461,0.003203,0.003765
0,-0.598975,-0.247997,0.032267,-0.035485,0.013954,-0.004399,0.002636,0.00349
0,-0.594866,-0.08489,-0.015499,0.192829,-0.011294,0.172203,0.002564,0.001482
0,-0.459392,-0.149352,0.142115,-0.081205,0.102076,-0.123436,0.0002,0.002607
0,-0.544526,-0.111122,-0.10583,0.011279,-0.102029,-0.024085,0.001686,0.001939
0,-0.34632,-0.194255,0.173862,-0.066502,0.202674,-0.109976,0.001773,0.00339
0,-0.462266,0.01925,-0.120866,0.184545,-0.143988,0.186643,0.00025,0.000336
0,-0.27047,-0.128696,0.17965,-0.14029,0.134911,-0.144247,0.003097,0.002246
0,-0.506007,-0.134449,-0.213319,-0.018688,-0.230576,-0.034368,0.001014,0.002347
0,-0.479486,-0.044321,0.038591,0.061482,0.069903,0.084132,0.000551,0.000774
0,-0.183171,-0.180091,0.30836,-0.16115,0.321562,-0.179389,0.003197,0.003143
0,-0.336363,-0.029221,-0.152944,0.180837,-0.199396,0.19675,0.001947,0.00051
0,-0.280685,0.003353,0.042101,0.005744,0.087594,0.022211,0.002919,5.9e-05
0,-0.327218,-0.034487,-0.070582,-0.063753,-0.080577,-0.10799,0.002107,0.000602
0,-0.245946,-0.060785,0.110001,-0.052779,0.093829,-0.070694,0.003525,0.001061
0,-0.285675,-0.044601,-0.018846,-0.001912,-0.00351,-0.002241,0.002832,0.000778
0,-0.336508,-0.031293,-0.032637,0.008635,-0.001622,0.023164,0.001945,0.000546
0,-0.350381,-0.172032,-0.026891,-0.17044,-0.006631,-0.177543,0.001703,0.003003
0,-0.142463,-0.194686,0.236333,-0.031233,0.217974,0.008291,0.002486,0.003398
0,-0.349302,-0.207937,-0.216716,-0.026135,-0.17652,-0.031471,0.001721,0.003629
0,-0.401478,-0.021009,-0.024732,0.214632,-0.035623,0.174056,0.000811,0.000367
0,-0.195671,-0.005251,0.214933,0.020989,0.242517,-0.024121,0.003415,9.2e-05
0,-0.173394,-0.050606,0.033679,-0.061183,0.061394,-0.036174,0.003026,0.000883
0,-0.269663,-0.029474,-0.097351,-0.003577,-0.124343,0.038035,0.003111,0.000514
0,-0.357733,0.114641,-0.112942,0.140059,-0.071509,0.121701,0.001574,0.002001
0,-0.16295,-0.003809,0.224624,-0.090612,0.233888,-0.0945,0.002844,6.6e-05
0,-0.137145,-0.064127,0.018513,-0.051464,-0.000611,-0.044476,0.002394,0.001119
0,-0.321963,-0.172793,-0.161752,-0.123228,-0.204308,-0.086646,0.002199,0.003016
0,-0.205121,-0.096529,0.121374,0.051343,0.103382,0.024206,0.00358,0.001685
0,-0.223872,-0.05933,-0.0415,0.047283,-0.020446,0.038396,0.003907,0.001036
0,-0.195179,-0.013006,0.039432,0.035448,0.009141,0.037527,0.003407,0.000227
0,-0.298132,-0.120234,-0.076353,-0.092603,-0.105089,-0.054403,0.002614,0.002098
0,-0.131479,-0.029296,0.176101,0.118145,0.177212,0.114253,0.002295,0.000511
0,-0.121759,-0.077286,0.012773,-0.071221,-0.029243,-0.08612,0.002125,0.001349
0,-0.240843,-0.108567,-0.09124,-0.046651,-0.118576,-0.020833,0.003614,0.001895
0,-0.066276,0.011754,0.153781,0.105071,0.196131,0.143528,0.001157,0.000205
0,-0.008352,0.031374,0.040645,0.039449,0.005987,0.064806,0.000146,0.000548
0,-6.311464,-0.75219,-6.312389,-0.769253,-6.310713,-0.742704,0.000706,0.002508
0,-9.127918,-1.232406,-2.805548,-0.507959,-2.840764,-0.502206,0.002955,0.001944
0,-8.94054,-2.157057,0.196208,-0.92984,0.230213,-0.97772,0.000316,0.001442
0,-9.025866,-2.344051,-0.091806,-0.18478,-0.0991,-0.209868,0.001174,0.001822
0,-9.066577,-1.8396,-0.02932,0.494309,0.019733,0.543826,0.001884,0.000836
0,-8.244046,-1.450767,0.826959,0.366412,0.8658,0.359316,0.003164,0.001867
0,-7.959435,-1.104425,0.288215,0.361021,0.309141,0.35422,0.001803,0.00364
0,-5.786034,-0.73431,2.201906,0.379395,2.217129,0.355167,0.000647,0.00282
0,-4.249753,-0.354592,1.55543,0.365161,1.547582,0.401979,0.003811,0.001629
0,-3.498122,-0.125538,0.77574,0.221876,0.792842,0.176321,0.001489,0.002191
0,-2.713074,0.189176,0.774695,0.295448,0.797854,0.295294,0.000445,0.003302
0,-1.947248,0.135759,0.770452,-0.036754,0.811953,-0.042683,0.002714,0.002369
0,-1.281472,0.440862,0.658188,0.289845,0.631591,0.316112,0.001088,0.000123
0,-1.199727,0.354723,0.062188,-0.10731,0.04462,-0.124642,0.002514,0.001627
0,-0.813846,0.37841,0.367559,0.042798,0.368497,-0.005463,0.001431,0.001213
0,-0.375116,0.126811,0.415127,-0.244388,0.458003,-0.240435,0.001271,0.002213
0,-0.314344,-0.025793,0.04964,-0.17456,0.057636,-0.220944,0.002332,0.00045
0,0.168744,-0.123056,0.474508,-0.079973,0.477179,-0.04099,0.002945,0.002148
0,-0.023744,0.000576,-0.210963,0.107872,-0.225804,0.13566,0.000414,1e-05
0,0.25776,-0.034674,0.279153,-0.017755,0.285376,-0.030327,0.003319,0.000605
0,-0.016543,-0.120493,-0.259228,-0.060112,-0.255765,-0.033343,0.000289,0.002103
0,0.208251,-0.000349,0.220231,0.094493,0.253392,0.142672,0.003635,6e-06
0,0.132087,0.021022,-0.054888,0.021106,-0.010609,0.056995,0.002305,0.000367
0,0.125073,-0.015278,-0.031609,-0.045138,-0.051988,-0.031584,0.002183,0.000267
0,0.1951,-0.110124,0.061329,-0.078452,0.04348,-0.036096,0.003405,0.001922
0,0.11615,0.129397,-0.088112,0.236781,-0.116736,0.204582,0.002027,0.002258
0,0.110194,-0.017292,0.003031,-0.168192,0.042033,-0.143492,0.001923,0.000302
0,-0.038238,-0.057008,-0.138722,-0.015852,-0.124763,0.001272,0.000667,0.000995
0,0.024601,-0.056477,0.042005,-0.000384,0.071841,0.049052,0.000429,0.000986
0,-0.117356,0.082005,-0.128974,0.141412,-0.099488,0.175767,0.002048,0.001431
0,-0.066199,-0.116891,0.037863,-0.198007,-0.003566,-0.17161,0.001155,0.00204
0,0.140505,0.09525,0.233819,0.182506,0.266077,0.203935,0.002452,0.001662
0,0.00417,0.137313,-0.109902,0.049214,-0.060412,0.097087,7.3e-05,0.002397
0,0.109548,-0.085263,0.111938,-0.241924,0.093084,-0.238333,0.001912,0.001488
0,0.028814,-0.039292,-0.089088,0.042638,-0.095573,0.061794,0.000503,0.000686
0,-0.076874,0.031607,-0.127639,0.054526,-0.12426,0.038181,0.001342,0.000552
0,-0.005872,0.069253,0.044125,0.030214,0.017942,0.03991,0.000102,0.001209
0,0.08874,0.00675,0.095234,-0.051149,0.098589,-0.089058,0.001549,0.000118
0,0.203988,0.148445,0.113376,0.159748,0.15205,0.208808,0.00356,0.002591
0,-0.032573,0.053931,-0.242634,-0.110355,-0.252347,-0.077988,0.000569,0.000941
0,0.189308,-0.0639,0.241922,-0.090277,0.254977,-0.084969,0.003304,0.001115
0,0.090627,-0.039528,-0.094934,0.014325,-0.065214,-0.034374,0.001582,0.00069
0,0.027831,0.099932,-0.089955,0.125019,-0.044172,0.131656,0.000486,0.001744
0,0.174577,0.039007,0.169891,-0.080413,0.191321,-0.101894,0.003047,0.000681
0,0.279002,-0.069285,0.099027,-0.104795,0.063363,-0.148991,0.002948,0.001209
0,0.018038,0.118118,-0.242189,0.204275,-0.254784,0.183705,0.000315,0.002062
0,0.145082,-0.018665,0.144633,-0.117791,0.14049,-0.124512,0.002532,0.000326
0,0.284886,0.133164,0.129084,0.138114,0.127304,0.115534,0.002846,0.002324
0,0.206323,0.170919,-0.09465,0.05221,-0.054773,0.042494,0.003601,0.002983
0,0.280157,0.146432,0.058963,-0.05077,0.054064,-0.061227,0.002928,0.002556
0,0.178728,0.084337,-0.114121,-0.09205,-0.136521,-0.050682,0.003119,0.001472
0,0.198235,-0.075694,0.013261,-0.132287,0.004105,-0.130946,0.00346,0.001321
0,0.187228,0.115714,0.016704,0.192121,0.0665,0.233401,0.003268,0.00202
0,0.252001,-0.001649,0.076798,-0.090716,0.089939,-0.116885,0.00342,2.9e-05
0,0.057682,0.102849,-0.177851,0.106959,-0.180269,0.103942,0.001007,0.001795
0,0.245198,0.018939,0.161438,-0.071238,0.114073,-0.055284,0.003538,0.000331
0,0.137952,0.020355,-0.121247,0.006484,-0.104855,-0.033755,0.002408,0.000355
0,0.152443,0.051173,-0.005121,0.045203,-0.050075,0.067695,0.002661,0.000893
0,0.09844,-0.13629,-0.027728,-0.210382,-0.019303,-0.203148,0.001718,0.002379
0,0.161668,-0.161004,0.071693,-0.050387,0.0783,-0.045889,0.002822,0.00281
0,0.16026,-0.173005,0.002747,0.012237,0.0455,-0.036756,0.002797,0.00302
0,0.274917,0.056775,0.09484,0.211036,0.102177,0.205217,0.00302,0.000991
0,0.141579,-0.162723,-0.108917,-0.230745,-0.138869,-0.274794,0.002471,0.00284
0,1.048971,0.56724,0.897512,0.723044,0.856098,0.68151,0.002672,0.002082
0,1.51195,0.472943,0.442484,-0.110439,0.408614,-0.075152,0.002935,0.000437
0,1.751774,0.648206,0.262419,0.198101,0.276972,0.161613,0.000697,0.003495
0,1.331938,0.596654,-0.447824,-0.060194,-0.460824,-0.045662,0.000207,0.002596
0,1.124904,0.7022,-0.220313,0.075874,-0.185337,0.096799,0.00382,0.00338
0,0.83191,0.61119,-0.272809,-0.1151,-0.245279,-0.082229,0.001116,0.002849
0,0.890399,0.281126,0.06393,-0.322031,0.075427,-0.28347,9.5e-05,0.002911
0,0.540253,0.218488,-0.321433,-0.076641,-0.275842,-0.045123,0.001611,0.003813
0,0.37482,0.261951,-0.162997,0.018833,-0.20986,0.042672,0.001276,0.003246
0,0.073442,0.085001,-0.292696,-0.172791,-0.327645,-0.144115,0.001282,0.001484
0,0.125144,-0.062141,0.048905,-0.132932,0.067323,-0.124645,0.002184,0.001085
0,-1.552594,0.630938,-1.658524,0.716474,-1.704698,0.731176,0.003644,0.003194
0,-1.642028,0.802157,-0.115131,0.173238,-0.098732,0.133362,0.002613,0.001635
0,-1.799474,0.679213,-0.159531,-0.114499,-0.190755,-0.090642,0.000135,0.003781
0,-1.534943,0.967087,0.27981,0.276682,0.313653,0.299184,0.003336,0.001243
0,-1.369708,0.730844,0.171853,-0.251544,0.216589,-0.231087,0.000452,0.00288
0,-1.053584,0.434725,0.340419,-0.320741,0.355264,-0.329815,0.002753,0.00023
0,-0.769227,0.31913,0.270672,-0.131532,0.23495,-0.08843,0.00221,0.002248
0,-0.550494,0.178605,0.226376,-0.118817,0.20108,-0.070274,0.00179,0.003117
0,-0.107143,0.216444,0.444142,0.049923,0.404705,0.060986,0.00187,0.003778
0,-0.012381,0.09617,0.121393,-0.113744,0.126176,-0.090533,0.000216,0.001678
0,0.075782,0.088172,0.077558,-0.009273,0.051899,0.011395,0.001323,0.001539
0,-0.055559,0.094667,-0.145756,0.013978,-0.140796,-0.030767,0.00097,0.001652
0,0.090828,0.082214,0.141401,0.007213,0.148285,-0.012764,0.001585,0.001435
0,0.015595,-0.040375,-0.065766,-0.125718,-0.023709,-0.140767,0.000272,0.000705
0,0.087568,0.136611,0.047645,0.188554,0.076703,0.140336,0.001528,0.002384
0,0.162182,-0.059058,0.096528,-0.223642,0.132454,-0.208533,0.002831,0.001031
0,0.242789,-0.036365,0.075258,0.033969,0.104673,-0.015437,0.00358,0.000635
0,0.117843,-0.125187,-0.139766,-0.070258,-0.15033,-0.112209,0.002057,0.002185
0,0.149558,-0.038704,0.008656,0.074226,-0.031822,0.066147,0.00261,0.000676
0,0.020645,0.060849,-0.127389,0.124894,-0.09798,0.143463,0.00036,0.001062
0,-0.006427,-0.013474,-0.046195,-0.045086,-0.064683,-0.064064,0.000112,0.000235
0,0.054341,0.124356,0.047738,0.155102,0.035822,0.139529,0.000948,0.00217
0,0.117161,-0.00729,0.08558,-0.126254,0.134153,-0.143416,0.002045,0.000127
0,-0.113223,0.008067,-0.228781,0.036465,-0.194148,0.057514,0.001976,0.000141
0,-0.014356,-0.061966,0.128376,-0.04504,0.10026,-0.054479,0.000251,0.001082
0,0.188195,-0.156829,0.221226,-0.110243,0.263924,-0.088641,0.003285,0.002737
0,0.074778,-0.115139,-0.12079,0.01185,-0.158903,0.022578,0.001305,0.00201
0,-0.101069,-0.093865,-0.190055,0.016384,-0.213836,0.051197,0.001764,0.001638
0,-0.055837,-0.091255,0.037098,0.026903,0.018866,0.048065,0.000975,0.001593
0,-0.191476,0.122736,-0.14766,0.219712,-0.132714,0.219288,0.003342,0.002142
0,-0.104501,0.053172,0.089198,-0.080624,0.122254,-0.124462,0.001824,0.000928
0,-0.033297,0.002248,0.058882,-0.036406,0.048424,-0.014852,0.000581,3.9e-05
0,-0.027264,0.139511,0.020377,0.158556,0.020644,0.139762,0.000476,0.002435
0,-0.018391,-0.100446,0.012381,-0.25426,-0.031736,-0.227148,0.000321,0.001753
0,0.070357,0.081449,0.069602,0.162326,0.077206,0.123197,0.001228,0.001422
0,-0.100281,-0.079592,-0.15644,-0.141321,-0.127663,-0.106558,0.00175,0.001389
0,0.15248,-0.025004,0.262554,0.06574,0.226794,0.046774,0.002661,0.000436
0,-0.133386,-0.057197,-0.291116,-0.035687,-0.306974,-0.045208,0.002328,0.000998
0,0.051541,-0.064472,0.209509,0.010066,0.210426,0.035211,0.0009,0.001125
0,-0.040722,0.106199,-0.069356,0.192718,-0.060905,0.169044,0.000711,0.001854
0,0.078507,0.19095,0.11165,0.074985,0.072623,0.086717,0.00137,0.003333
0,0.135318,0.026288,0.078595,-0.153946,0.085575,-0.155886,0.002362,0.000459
0,0.077661,-0.043221,-0.085695,-0.073384,-0.110962,-0.11521,0.001355,0.000754
0,0.099416,-0.134986,0.048499,-0.066167,0.001418,-0.047781,0.001735,0.002356
0,0.130552,0.1035,0.032407,0.230341,0.018116,0.235317,0.002279,0.001806
0,-0.144718,0.024833,-0.30207,-0.064416,-0.285279,-0.104622,0.002526,0.000433
0,0.014999,-0.02611,0.177394,-0.067847,0.130744,-0.105244,0.000262,0.000456
0,0.04461,0.101607,0.010846,0.139657,0.0068,0.153293,0.000779,0.001773
0,-0.11215,-0.04321,-0.147651,-0.167762,-0.135818,-0.155777,0.001957,0.000754
0,-0.008246,-0.014355,0.106757,0.045848,0.121837,0.049513,0.000144,0.000251
0,0.08859,-0.034281,0.085151,0.008868,0.043166,-0.035233,0.001546,0.000598
0,0.052136,0.038267,-0.062434,0.07054,-0.087696,0.055484,0.00091,0.000668
0,0.163848,-0.134559,0.099353,-0.178401,0.105649,-0.146077,0.00286,0.002349
0,0.073947,0.04345,-0.088123,0.168946,-0.103381,0.207002,0.001291,0.000758
0,0.028865,-0.005717,-0.046671,-0.024852,-0.080606,-0.05373,0.000504,0.0001
0,0.051854,-0.036822,0.023264,-0.053344,0.061856,-0.077315,0.000905,0.000643
0,-0.062917,-0.092869,-0.108898,-0.047367,-0.070359,-0.072195,0.001098,0.001621
0,-0.024988,0.087087,0.018334,0.181741,0.051777,0.174911,0.000436,0.00152
0,-0.045813,-0.027482,-0.020448,-0.091097,0.029183,-0.09896,0.0008,0.00048
0,0.017397,0.090378,0.076606,0.123634,0.061028,0.127384,0.000304,0.001577
0,0.193609,-0.023094,0.171178,-0.10896,0.173639,-0.083615,0.003379,0.000403
0,0.155207,-0.073544,-0.028272,-0.07267,0.017391,-0.041687,0.002709,0.001284
0,0.05025,0.048989,-0.105661,0.099802,-0.154401,0.096695,0.000877,0.000855
0,0.011097,0.124399,-0.043375,0.073856,-0.046473,0.107889,0.000194,0.002171
0,0.24604,0.089382,0.247665,-0.055697,0.218115,-0.044067,0.003524,0.00156
0,0.019034,-0.080568,-0.220342,-0.150189,-0.242085,-0.118091,0.000332,0.001406
0,0.134239,-0.113041,0.130892,-0.043624,0.176843,-0.014703,0.002343,0.001973
0,0.244912,0.09593,0.12702,0.228913,0.159,0.213255,0.003543,0.001674
0,0.123723,0.07305,-0.126975,-0.011902,-0.114117,-0.006842,0.002159,0.001275
0,0.206376,-0.096349,0.074066,-0.139749,0.085386,-0.179577,0.003602,0.001682
0,0.086535,-0.020399,-0.137896,0.061209,-0.156579,0.078842,0.00151,0.000356
0,-0.562716,0.862723,-0.635513,0.895007,-0.672979,0.897333,0.002003,0.000578
0,-1.948216,1.302749,-1.395838,0.414744,-1.439582,0.435986,0.002731,0.000716
0,-2.17891,1.783087,-0.260298,0.463875,-0.261361,0.466114,0.00106,0.000151
0,-2.419331,2.098277,-0.226415,0.304794,-0.20696,0.25801,0.003136,0.002468
0,-2.004247,1.70248,0.429338,-0.422189,0.385341,-0.428631,0.003709,0.001558
0,-1.854071,1.350801,0.128731,-0.361068,0.081233,-0.331231,0.001088,0.000122
0,-1.347114,1.026591,0.509302,-0.338853,0.553126,-0.355845,0.002446,0.002282
0,-8.866253,0.730225,-7.520073,-0.323861,-7.512237,-0.334838,0.001612,0.002891
0,-8.984919,0.441888,-0.104343,-0.296994,-0.148706,-0.281789,0.000459,0.000105
0,-9.142816,0.345874,-0.130047,-0.091411,-0.125405,-0.116938,0.003215,0.001781
0,-8.951988,0.215178,0.184324,-0.127832,0.186265,-0.132818,0.000116,0.003756
0,-8.934295,-0.160829,0.032208,-0.380231,0.058048,-0.35029,0.000425,0.002807
0,-8.85227,-0.225475,0.07227,-0.066476,0.040633,-0.097746,0.001856,0.003883
0,-9.08298,-0.165947,-0.258614,0.04351,-0.255309,0.024905,0.00217,0.002896
0,-9.046048,-0.182418,0.01237,-0.018462,0.012037,-0.042171,0.001526,0.003184
0,-9.133257,-0.242766,-0.086759,-0.080682,-0.092557,-0.115271,0.003048,0.003581
0,-8.933449,-0.025003,0.193026,0.222646,0.178432,0.218299,0.000439,0.000436
0,-9.078251,-0.153718,-0.163857,-0.099637,-0.139795,-0.101105,0.002088,0.002683
0,-8.850182,-0.047596,0.231155,0.118614,0.242872,0.146501,0.001893,0.000831
0,-9.090043,-0.156555,-0.229144,-0.13873,-0.209089,-0.154274,0.002294,0.002732
0,-8.97078,0.084074,0.134475,0.269472,0.152345,0.318958,0.000212,0.001467
0,-8.533294,-0.061252,0.422393,-0.145956,0.451277,-0.194782,0.000394,0.001069
0,-8.029039,0.050259,0.518318,0.117317,0.534286,0.090561,0.000589,0.000877
0,-7.588842,-0.004479,0.468079,-0.050691,0.457526,-0.048142,0.000454,7.8e-05
0,-7.151171,0.137538,0.449913,0.138612,0.434571,0.184608,0.000275,0.0024
0,-6.792816,0.071979,0.343125,-0.089182,0.308021,-0.09612,0.001289,0.001256
0,-6.25042,-0.063773,0.52087,-0.113208,0.526817,-0.078664,0.00036,0.001113
0,-6.10032,0.111472,0.157027,0.184374,0.196963,0.219896,0.00298,0.001946
0,-5.515689,0.041131,0.604277,-0.064842,0.617483,-0.086927,0.002452,0.000718
0,-5.338301,0.089862,0.156996,0.068937,0.184621,0.107092,0.000644,0.001568
0,-4.910721,0.187041,0.408329,0.088654,0.407748,0.052929,0.000288,0.003264
0,-4.645582,0.00399,0.259675,-0.211569,0.294062,-0.166906,0.002902,7e-05
0,-4.3508,0.104772,0.324119,0.120684,0.357644,0.101829,0.002243,0.001829
0,-4.020821,0.070419,0.359454,-0.016883,0.351876,-0.012819,0.000184,0.001229
0,-3.987735,-0.033216,0.017853,-0.08259,0.036938,-0.074756,0.000762,0.00058
0,-3.573783,-0.034204,0.40032,-0.029164,0.430352,-0.02421,0.000169,0.000597
0,-3.322768,-0.032074,0.235449,0.028725,0.217867,0.05146,0.003268,0.00056
0,-3.318008,-0.115164,0.032121,-0.082217,0.027966,-0.052198,0.003185,0.00201
0,-3.18061,-0.111606,0.117386,0.009662,0.084948,0.045649,0.000787,0.001948
0,-2.930545,0.095831,0.26699,0.209571,0.222713,0.215795,0.003577,0.001673
0,-2.910229,0.059269,0.00819,-0.047228,0.017563,-0.05516,0.003886,0.001034
0,-2.632647,0.108494,0.280527,0.076706,0.243664,0.094312,0.000959,0.001894
0,-2.660209,-0.111543,-0.052595,-0.249307,-0.01293,-0.282195,0.000478,0.001947
0,-8.997292,0.426436,-6.335627,0.540306,-6.369291,0.555064,0.000675,0.000375
0,-9.132588,0.638035,-0.114687,0.184571,-0.105169,0.140372,0.003036,0.003318
0,-9.112065,0.709015,0.006365,0.068848,-0.020722,0.058037,0.002678,0.003261
0,-8.995874,0.707776,0.145573,0.001807,0.123757,0.028501,0.00065,0.003283
0,-9.12937,0.717292,-0.135413,-0.01237,-0.14409,-0.005777,0.00298,0.003117
0,-8.950738,0.395704,0.170784,-0.333983,0.162401,-0.334485,0.000138,0.000912
0,-8.937803,0.203684,0.009634,-0.195234,0.045776,-0.185588,0.000363,0.003555
0,-8.958462,0.360046,-0.020026,0.170248,-0.030122,0.197974,3e-06,0.001534
0,-9.098138,0.197183,-0.110658,-0.17327,-0.158673,-0.158646,0.002435,0.003441
0,-7.405375,0.013325,1.694149,-0.203822,1.738789,-0.173875,0.003656,0.000233
0,-6.181901,-0.055526,1.200114,-0.098548,1.178331,-0.09557,0.001556,0.000969
0,-5.34043,-0.059056,0.837489,0.016899,0.848143,0.038012,0.000606,0.001031
0,-4.00919,0.034257,1.325555,0.088435,1.289377,0.088505,0.000387,0.000598
0,-3.610642,0.093236,0.389643,0.054043,0.422751,0.031422,0.000475,0.001627
0,-2.300997,-0.036978,1.335994,-0.154323,1.2863,-0.160248,0.001071,0.000645
0,-1.611149,-0.186764,0.683352,-0.142998,0.725591,-0.188557,0.003152,0.00326
0,-0.896192,0.060851,0.716421,0.256156,0.681119,0.233891,6e-06,0.001062
0,-0.30772,0.019844,0.590464,-0.031795,0.627075,-0.046783,0.002447,0.000346
0,0.165607,-0.032605,0.494009,-0.060005,0.528129,-0.109989,0.00289,0.000569
0,0.313085,0.024758,0.162825,0.086868,0.168896,0.116508,0.002354,0.000432
0,0.540772,-0.146821,0.228159,-0.156816,0.271494,-0.168137,0.00162,0.002563
0,0.480415,0.007772,-0.061303,0.147717,-0.078951,0.119402,0.000567,0.000136
0,0.301551,-0.100846,-0.180441,-0.102183,-0.173094,-0.101689,0.002555,0.00176
0,0.34876,-0.001137,0.074059,0.122145,0.048724,0.149831,0.001731,2e-05
0,0.335579,-0.112255,-0.024294,-0.088319,0.00371,-0.131665,0.001961,0.001959
0,0.127345,-0.112349,-0.221447,0.02747,-0.23442,0.013318,0.002223,0.001961
0,0.040879,-0.024468,-0.08961,0.111074,-0.066704,0.091336,0.000713,0.000427
0,0.141351,0.003883,0.122395,0.032263,0.154013,0.079833,0.002467,6.8e-05
0,0.117748,-0.017181,-0.003691,0.001623,-0.010542,-0.037074,0.002055,0.0003
0,0.283706,-0.148946,0.159851,-0.154899,0.207733,-0.156651,0.002866,0.0026
0,0.15551,0.050729,-0.148341,0.172119,-0.125564,0.172238,0.002714,0.000885
0,-0.030502,-0.017627,-0.21248,-0.093691,-0.178117,-0.105252,0.000532,0.000308
0,0.021673,-0.001614,0.077819,0.043171,0.122426,0.038699,0.000378,2.8e-05
0,-0.080379,-0.157357,-0.088656,-0.163749,-0.112221,-0.134059,0.001403,0.002746
0,0.069652,-0.039216,0.160903,0.117478,0.201124,0.143096,0.001216,0.000684
0,0.107044,-0.056287,0.016446,-0.003969,0.033822,-0.007571,0.001868,0.000982
0,-0.012803,0.020325,-0.092611,0.081669,-0.120913,0.046311,0.000223,0.000355
0,-0.07662,0.023388,-0.075462,-0.006875,-0.03561,0.031594,0.001337,0.000408
0,0.186568,-0.12915,0.233503,-0.169979,0.267566,-0.130743,0.003256,0.002254
0,-0.006744,-0.149149,-0.203,-0.006946,-0.184659,0.041589,0.000118,0.002603
0,0.200051,-0.088722,0.183287,0.070263,0.216242,0.102459,0.003492,0.001548
0,0.01413,-0.162694,-0.200742,-0.055597,-0.196343,-0.08828,0.000247,0.00284
0,-0.027082,0.048511,-0.055343,0.218035,-0.057549,0.228746,0.000473,0.000847
0,0.074323,0.037401,0.11343,-0.015083,0.154394,-0.05342,0.001297,0.000653
0,0.046776,-0.036826,-0.05009,-0.092988,-0.060108,-0.049771,0.000816,0.000643
0,0.138473,0.001332,0.068419,0.04978,0.115905,0.093126,0.002417,2.3e-05
0,0.027927,0.059708,-0.091729,0.076784,-0.124026,0.120184,0.000487,0.001042
0,-0.121086,0.085066,-0.141985,0.022833,-0.11091,0.021651,0.002113,0.001485
0,0.008137,-0.132611,0.141396,-0.212613,0.189902,-0.182503,0.000142,0.002314
0,0.07578,0.000671,0.042582,0.12379,0.064111,0.131673,0.001323,1.2e-05
0,0.045365,0.065181,-0.059068,0.087887,-0.070773,0.126616,0.000792,0.001138
0,0.046224,-0.193717,0.005239,-0.245896,0.002874,-0.220888,0.000807,0.003381
0,-0.09078,-0.109638,-0.135171,0.108765,-0.145147,0.077525,0.001584,0.001914
0,-0.06721,-0.124565,0.010892,-0.001434,-0.012101,-0.034044,0.001173,0.002174
0,-0.070602,-0.112689,-0.018001,-0.012416,0.027683,-0.012006,0.001232,0.001967
0,-0.241128,0.062828,-0.153399,0.170074,-0.178182,0.157777,0.003609,0.001097
0,-0.222312,0.115668,0.023319,0.061645,-0.009182,0.080631,0.00388,0.002019
0,-0.220547,0.11829,0.021681,-0.008933,-0.008667,-0.023973,0.003849,0.002065
0,-0.105394,0.016743,0.138107,-0.085143,0.146868,-0.108553,0.001839,0.000292
0,-0.285944,-0.087059,-0.204226,-0.08411,-0.18179,-0.125907,0.002827,0.001519
0,-0.262782,-0.013139,0.044028,0.053504,0.026418,0.06337,0.003231,0.000229
0,-0.080987,0.082645,0.210042,0.123446,0.167492,0.165797,0.001413,0.001442
0,-0.275222,-0.069932,-0.169907,-0.148247,-0.217929,-0.173487,0.003014,0.001221
0,-0.101848,0.061867,0.155979,0.15202,0.158416,0.172828,0.001778,0.00108
0,-0.198605,0.002631,-0.115458,-0.036946,-0.15587,-0.018029,0.003466,4.6e-05
0,0.074412,-0.035798,0.279761,-0.022587,0.261633,-0.022003,0.001299,0.000625
0,0.061065,-0.049933,-0.01388,-0.023045,-0.05601,-0.04134,0.001066,0.000871
0,-0.034932,0.135767,-0.114051,0.187879,-0.067363,0.231667,0.00061,0.00237
0,-0.078981,0.075538,-0.032889,-0.089243,-0.05359,-0.127006,0.001378,0.001318
0,-0.006346,0.041453,0.092423,-0.028527,0.098315,-0.003114,0.000111,0.000723
0,-0.218404,-0.123438,-0.225275,-0.142201,-0.193013,-0.113447,0.003812,0.002154
0,0.020312,0.115103,0.242841,0.244458,0.196625,0.22233,0.000355,0.002009
0,-0.23105,0.067522,-0.277473,-0.058066,-0.260058,-0.021661,0.003785,0.001178
0,-0.201062,-0.096465,0.029664,-0.157431,-0.00224,-0.190634,0.003509,0.001684
0,0.019433,-0.101253,0.239417,-0.001974,0.192916,0.036791,0.000339,0.001767
0,-0.075439,0.005077,-0.10571,0.081637,-0.085818,0.041463,0.001317,8.9e-05
0,-0.054437,-0.099093,0.03348,-0.110605,0.056618,-0.126054,0.00095,0.00173
0,-0.113685,0.052097,-0.056502,0.125104,-0.007541,0.116378,0.001984,0.000909
0,0.175614,0.148491,0.300304,0.100897,0.274332,0.131771,0.003065,0.002592
0,0.127285,-0.055205,-0.065424,-0.203879,-0.102997,-0.15604,0.002222,0.000964
0,0.153848,-0.169007,0.05183,-0.133202,0.076431,-0.129469,0.002685,0.00295
0,-0.135933,0.059395,-0.281188,0.250294,-0.317259,0.230647,0.002372,0.001037
0,0.09497,0.089303,0.219867,0.018849,0.245396,-0.017851,0.001658,0.001559
0,0.088202,-0.026514,-0.010543,-0.091602,0.007126,-0.103751,0.001539,0.000463
0,0.058192,-0.149802,-0.037247,-0.139226,-0.083645,-0.188674,0.001016,0.002615
0,-0.018111,0.11738,-0.088294,0.265725,-0.067429,0.260143,0.000316,0.002049
0,0.170296,0.186321,0.196816,0.073434,0.151588,0.108508,0.002972,0.003252
0,0.040847,-0.092107,-0.121515,-0.275398,-0.117796,-0.274006,0.000713,0.001608
0,0.091384,0.103757,0.053058,0.224255,0.075584,0.218635,0.001595,0.001811
0,0.126097,0.083299,0.034036,-0.030321,0.051213,0.000271,0.002201,0.001454
0,-0.141427,-0.078322,-0.281292,-0.14395,-0.2415,-0.141209,0.002468,0.001367
0,0.098793,0.063024,0.233286,0.165913,0.250393,0.149059,0.001724,0.0011
0,0.000607,-0.154651,-0.109123,-0.235571,-0.12211,-0.248925,1.1e-05,0.002699
0,-0.028992,0.043138,-0.018389,0.205771,0.01732,0.210562,0.000506,0.000753
0,-0.093386,-0.011605,-0.051905,-0.048813,-0.081214,0.000642,0.00163,0.000203
0,-0.037676,-0.050604,0.070344,-0.053063,0.051921,-0.022277,0.000658,0.000883
0,-0.09726,-0.141438,-0.064837,-0.104011,-0.087563,-0.058704,0.001698,0.002469
0,0.078834,0.010071,0.149722,0.166272,0.146796,0.16636,0.001376,0.000176
0,-0.156204,-0.11022,-0.22361,-0.1247,-0.189019,-0.092789,0.002726,0.001924
0,0.044192,-0.068927,0.223956,0.020186,0.194051,0.054007,0.000771,0.001203
0,-0.114407,-0.063438,-0.188488,-0.0098,-0.194952,0.013398,0.001997,0.001107
0,-0.178399,-0.026261,-0.055187,0.009928,-0.012459,0.041241,0.003114,0.000458
0,-0.16831,-0.111517,0.006319,-0.065866,-0.027402,-0.09457,0.002938,0.001946
0,0.065222,-0.065351,0.207229,0.029956,0.217052,0.030409,0.001138,0.001141
0,-0.094901,0.020403,-0.130335,0.098689,-0.148192,0.13667,0.001656,0.000356
0,-0.031618,0.014138,0.066807,0.007797,0.074302,0.017404,0.000552,0.000247
0,-0.117921,-0.078533,-0.070746,-0.077607,-0.082501,-0.029212,0.002058,0.001371
0,-0.17481,0.004341,-0.043095,0.101504,-0.086151,0.142738,0.003051,7.6e-05
0,-0.17063,-0.025265,0.018964,-0.056788,0.023919,-0.105568,0.002978,0.000441
0,-0.06402,0.030989,0.134432,0.073032,0.09807,0.064404,0.001117,0.000541
0,0.010818,-0.085981,0.103751,-0.11358,0.086952,-0.145927,0.000189,0.001501
0,-0.094374,0.037966,-0.120985,0.123108,-0.1078,0.114646,0.001647,0.000663
0,-0.057666,-0.018219,0.031261,-0.08592,0.074908,-0.131968,0.001006,0.000318
0,0.082327,-0.066034,0.157787,-0.049997,0.139148,-0.045074,0.001437,0.001153
0,-0.096629,-0.065368,-0.192449,-0.000184,-0.222259,0.044155,0.001687,0.001141
0,-0.139774,0.17098,-0.058623,0.216208,-0.045082,0.265405,0.00244,0.002984
0,-0.064808,0.140786,0.053142,-0.050036,0.022316,-0.042045,0.001131,0.002457
0,0.017955,0.068274,0.102692,-0.060762,0.093243,-0.064585,0.000313,0.001192
0,0.146517,-0.077383,0.105444,-0.167615,0.102741,-0.19382,0.002557,0.001351
0,-0.026485,-0.07612,-0.190074,-0.021661,-0.172943,-0.048088,0.000462,0.001329
0,-0.016404,-0.107294,0.014887,-0.046217,-0.033601,-0.044356,0.000286,0.001873
0,-0.027126,0.015169,-0.025778,0.120501,-0.045205,0.091639,0.000473,0.000265
0,0.023736,0.097402,0.060436,0.088066,0.031702,0.084232,0.000414,0.0017
0,0.112143,0.117408,0.113284,0.039028,0.067533,0.079326,0.001957,0.002049
0,-0.075626,0.12818,-0.160553,-0.018783,-0.161718,-0.005941,0.00132,0.002237
0,-0.00191,-0.067855,0.082543,-0.196272,0.131536,-0.214704,3.3e-05,0.001184
0,0.086759,0.101065,0.080227,0.155907,0.060399,0.202185,0.001514,0.001764
0,0.164929,0.108957,0.07335,-0.01161,0.081141,-0.008905,0.002879,0.001902
0,0.036891,0.057519,-0.107395,-0.071059,-0.152772,-0.054014,0.000644,0.001004
0,0.148628,-0.023555,0.134299,-0.097725,0.147417,-0.090892,0.002594,0.000411
0,0.077819,0.067818,-0.064654,0.110268,-0.085342,0.0878,0.001358,0.001184
0,-0.003388,0.040828,-0.097194,-0.032335,-0.117828,0.001907,5.9e-05,0.000713
0,-0.066821,0.139449,-0.076677,0.127431,-0.125509,0.083275,0.001166,0.002434
0,0.023969,0.174781,0.082603,0.064051,0.063437,0.100312,0.000418,0.003051
0,0.085946,0.11245,0.074503,-0.088455,0.024632,-0.061124,0.0015,0.001963
0,-0.081685,0.001119,-0.196177,-0.093414,-0.166672,-0.050925,0.001426,2e-05
0,-0.053543,0.024003,0.051192,0.011825,0.020561,0.043874,0.000935,0.000419
0,0.087586,-0.034801,0.140042,-0.053134,0.179819,-0.087978,0.001529,0.000607
0,-0.070326,0.175276,-0.17926,0.187849,-0.15476,0.150034,0.001227,0.003059
0,0.000807,0.062884,0.050271,-0.100302,0.088333,-0.088855,1.4e-05,0.001098
0,0.000594,0.160791,0.016421,0.096455,0.00405,0.144946,1e-05,0.002806
0,0.228853,-0.097411,0.233992,-0.236826,0.207019,-0.264316,0.003824,0.0017
0,0.02138,-0.124653,-0.222813,0.002403,-0.218067,-0.029452,0.000373,0.002176
0,0.249642,-0.081332,0.227174,0.061856,0.207356,0.080673,0.003461,0.00142
0,0.210263,0.115337,-0.015651,0.206395,-0.026369,0.216873,0.00367,0.002013
0,0.189821,-0.107869,0.003622,-0.252067,0.006953,-0.219183,0.003313,0.001883
0,0.185389,-0.048126,0.008348,0.054795,-0.01966,0.074487,0.003236,0.00084
0,0.065322,-0.004819,-0.107373,0.053296,-0.08941,0.013574,0.00114,8.4e-05
0,0.146213,0.074663,0.092962,0.078929,0.081579,0.043882,0.002552,0.001303
0,0.006372,-0.095271,-0.148919,-0.152596,-0.138169,-0.110232,0.000111,0.001663
0,0.040143,0.006381,0.030356,0.076308,0.051555,0.034044,0.000701,0.000111
0,0.186521,-0.083945,0.164788,-0.119428,0.181875,-0.116482,0.003255,0.001465
0,0.200929,0.037271,0.038167,0.09985,0.060671,0.124574,0.003507,0.000651
0,0.101993,0.110041,-0.075379,0.07192,-0.029595,0.052431,0.00178,0.001921
0,0.062278,0.135651,-0.043921,0.002665,-0.038944,0.048686,0.001087,0.002368
0,-0.042325,-0.043015,-0.097169,-0.19313,-0.066535,-0.196159,0.000739,0.000751
0,-0.065273,-0.03385,-0.03633,-0.00325,0.012833,0.01234,0.001139,0.000591
0,0.055485,0.19125,0.125937,0.198254,0.082585,0.201574,0.000968,0.003338
0,-0.015432,0.200488,-0.065126,0.004388,-0.092893,-0.020793,0.000269,0.003499
0,0.147281,-0.07093,0.172764,-0.249994,0.15212,-0.283487,0.002571,0.001238
0,0.001783,0.204573,-0.144445,0.289578,-0.189219,0.312434,3.1e-05,0.00357
0,0.127315,0.076748,0.12905,-0.149235,0.141329,-0.123073,0.002222,0.00134
0,0.213021,-0.06922,0.073148,-0.127463,0.084832,-0.104815,0.003718,0.001208
0,-0.005117,-0.026337,-0.237011,0.045498,-0.279768,0.047229,8.9e-05,0.00046
0,-0.006401,0.0377,0.022144,0.04963,-0.002725,0.031879,0.000112,0.000658
0,0.10335,-0.126876,0.093494,-0.180619,0.054608,-0.207276,0.001804,0.002214
0,-0.113573,-0.111376,-0.221373,-0.009951,-0.268307,-0.012193,0.001982,0.001944
0,0.136572,-0.177043,0.262224,-0.06213,0.277551,-0.101418,0.002384,0.00309
0,0.125318,0.122666,-0.005026,0.328398,0.034613,0.280454,0.002187,0.002141
0,0.102713,0.052339,-0.033638,-0.065172,0.001245,-0.10277,0.001793,0.000913
0,0.123284,-0.009229,0.015922,-0.042504,-0.03009,-0.056826,0.002152,0.000161
0,-0.022175,-0.022872,-0.135775,-0.024321,-0.148224,-0.02414,0.000387,0.000399
0,0.058293,0.016226,0.075981,0.012515,0.071191,0.009009,0.001017,0.000283
0,0.020859,0.069682,-0.013684,0.055259,0.007457,0.059573,0.000364,0.001216
0,-0.025254,0.01368,-0.04006,-0.054324,0.005243,-0.008592,0.000441,0.000239
0,-0.061389,-0.049351,-0.054805,-0.034668,-0.07443,-0.017332,0.001071,0.000861
0,0.842306,0.976691,0.915519,0.998921,0.937602,1.006022,0.000935,0.001411
0,1.010683,1.560971,0.16713,0.57926,0.140979,0.54012,0.002004,0.00379
0,1.024923,1.456612,0.002915,-0.093636,0.02579,-0.083673,0.002253,0.001969
0,0.94143,1.631217,-0.096525,0.146367,-0.065753,0.190654,0.000795,0.002801
0,0.57648,1.182258,-0.369287,-0.477907,-0.34512,-0.43942,0.002244,0.002819
0,0.689254,1.207431,0.083247,0.035402,0.111537,-0.011704,0.003606,0.00238
0,0.320122,0.72501,-0.339481,-0.485696,-0.357137,-0.482317,0.002231,0.002982
0,0.164573,0.354175,-0.165464,-0.348108,-0.211645,-0.32421,0.002872,0.001636
0,0.133115,0.176872,-0.006111,-0.196957,-0.026217,-0.171331,0.002323,0.003087
0,0.105353,0.28878,-0.002492,0.108762,-0.000289,0.071076,0.001839,0.002778
0,-0.064355,0.098982,-0.145677,-0.213602,-0.181816,-0.221698,0.001123,0.001728
0,-0.216876,-0.071164,-0.179374,-0.152483,-0.141203,-0.177374,0.003785,0.001242
0,-0.04361,-0.007069,0.18486,0.078751,0.158578,0.043722,0.000761,0.000123
0,0.042107,-0.147613,0.055987,-0.146757,0.090553,-0.119378,0.000735,0.002576
0,-0.143711,-0.272142,-0.155938,-0.152886,-0.161379,-0.175656,0.002508,0.003068
0,-0.203905,-0.06415,-0.068602,0.235437,-0.030712,0.250997,0.003559,0.00112
0,0.034715,-0.18059,0.249522,-0.092565,0.270255,-0.124671,0.000606,0.003152
0,-0.238176,0.064354,-0.285789,0.253092,-0.317206,0.24145,0.003661,0.001123
0,0.064348,0.072649,0.285189,0.02542,0.322372,0.022613,0.001123,0.001268
0,0.048114,-0.159509,-0.018188,-0.218345,0.004819,-0.241614,0.00084,0.002784
0,-0.026694,0.049128,-0.094366,0.22049,-0.125022,0.210881,0.000466,0.000857
0,-0.059966,0.06526,-0.012333,-0.008553,-0.015821,0.028128,0.001047,0.001139
0,0.12584,-0.105152,0.170882,-0.149869,0.198892,-0.115836,0.002196,0.001835
0,-0.059877,-0.110318,-0.19768,-0.026396,-0.187278,-0.009094,0.001045,0.001925
0,0.040167,0.026151,0.117227,0.117498,0.068559,0.146565,0.000701,0.000456
0,0.028809,-0.020529,0.006985,-0.076346,-0.029951,-0.094887,0.000503,0.000358
0,-0.119793,-0.018223,-0.133766,-0.007978,-0.155303,-0.026998,0.002091,0.000318
0,0.012047,0.03568,0.147341,0.050338,0.161456,0.00955,0.00021,0.000623
0,0.139166,-0.112486,0.151936,-0.137481,0.158663,-0.128526,0.002429,0.001963
0,-0.136712,0.128798,-0.302867,0.220214,-0.346752,0.246914,0.002386,0.002248
0,0.047894,-0.072583,0.179121,-0.172747,0.207754,-0.168749,0.000836,0.001267
0,-0.148374,-0.15184,-0.17238,-0.068558,-0.208722,-0.115272,0.00259,0.00265
0,0.033306,0.020428,0.184598,0.196984,0.142351,0.150424,0.000581,0.000357
0,0.057066,-0.012083,0.016406,-0.014654,0.053333,-0.046553,0.000996,0.000211
0,-0.024505,0.047399,-0.089837,0.043661,-0.12356,0.030838,0.000428,0.000827
0,0.006227,-0.089244,0.004118,-0.125793,-0.039331,-0.150227,0.000109,0.001558
0,0.150921,0.096729,0.115744,0.214711,0.103811,0.240503,0.002634,0.001688
0,0.074198,0.173776,-0.063223,0.08554,-0.035767,0.071271,0.001295,0.003033
0,1.903874,-0.625633,1.802668,-0.772048,1.783221,-0.74111,0.001957,0.003101
0,4.828148,-1.862091,2.945463,-1.222876,2.966434,-1.250836,0.00173,0.001228
0,5.224967,-1.658646,0.394626,0.21823,0.414574,0.240838,0.002622,0.002323
0,5.066175,-1.624507,-0.155478,0.057731,-0.137925,0.017283,0.002425,0.002919
0,4.168517,-1.659121,-0.890482,-0.013803,-0.841656,0.033695,0.002393,0.002314
0,2.930947,-1.388422,-1.251147,0.297185,-1.28312,0.250148,0.00357,0.000779
0,2.187008,-0.802432,-0.727389,0.57317,-0.738998,0.544987,0.000919,0.001631
0,0.817185,-0.638454,-1.356271,0.191207,-1.352618,0.210362,0.001373,0.003325
0,0.611943,-0.137405,-0.183046,0.516193,-0.136065,0.528617,0.002863,0.002398
0,0.286274,-0.081524,-0.329248,0.050642,-0.353339,0.059526,0.002821,0.001423
0,-0.543192,-0.025541,-0.802771,0.033517,-0.800724,0.042088,0.001663,0.000446
0,-0.446017,0.061885,0.107169,0.103322,0.121567,0.143523,3.3e-05,0.00108
0,-0.378914,0.102716,0.080285,0.047466,0.104738,0.015419,0.001205,0.001793
0,-0.409945,0.241854,-0.003095,0.124382,0.044145,0.116637,0.000663,0.003597
0,-0.491058,0.114165,-0.097434,-0.145815,-0.099045,-0.190888,0.000753,0.001993
0,-0.392605,0.007053,0.122545,-0.11842,0.15232,-0.106602,0.000966,0.000123
0,-0.279552,0.082468,0.113129,0.086175,0.07737,0.123842,0.002939,0.001439
0,-0.250854,0.07223,0.055158,-0.028153,0.06809,-0.045863,0.00344,0.001261
0,-0.056727,0.079914,0.198098,0.014688,0.151734,0.04843,0.00099,0.001395
0,0.024482,0.150313,0.066367,0.052525,0.074899,0.077005,0.000427,0.002623
0,-0.023756,0.081404,-0.019863,-0.081217,-0.03178,-0.123372,0.000415,0.001421
0,-0.115706,0.015351,-0.120698,-0.078699,-0.141463,-0.109146,0.002019,0.000268
0,0.073091,0.111248,0.202459,0.069291,0.20751,0.115368,0.001276,0.001942
0,-0.199391,-0.084635,-0.298167,-0.195069,-0.341287,-0.204518,0.00348,0.001477
0,0.034818,0.117636,0.227176,0.198205,0.24714,0.232345,0.000608,0.002053
0,-0.213436,-0.034894,-0.21881,-0.170191,-0.214422,-0.130903,0.003725,0.000609
0,-0.211857,-0.136189,0.026489,-0.073151,-0.017065,-0.105238,0.003698,0.002377
0,-0.012246,0.04018,0.190845,0.198462,0.155631,0.182355,0.000214,0.000701
0,-0.133971,0.15855,-0.107776,0.106024,-0.069141,0.082422,0.002338,0.002767
0,-0.109977,-0.014182,0.016365,-0.159804,0.05949,-0.139458,0.001919,0.000248
0,-0.001307,0.092768,0.127547,0.092314,0.106606,0.105365,2.3e-05,0.001619
0,-0.219175,-0.011336,-0.187922,-0.104362,-0.188759,-0.128549,0.003825,0.000198
0,-0.177377,0.068462,0.022961,0.09478,0.044284,0.143561,0.003096,0.001195
0,0.005652,0.158524,0.180665,0.100408,0.145132,0.142198,9.9e-05,0.002767
0,-0.051866,0.109143,-0.066347,-0.048684,-0.09704,-0.00234,0.000905,0.001905
0,-0.175043,-0.118818,-0.134769,-0.250985,-0.095675,-0.255528,0.003055,0.002074
0,-0.216013,-0.029131,-0.015622,0.104566,-0.023691,0.112048,0.00377,0.000508
0,0.036682,0.032902,0.265466,0.071788,0.301829,0.084907,0.00064,0.000574
0,-0.04321,0.172083,-0.0724,0.133465,-0.056596,0.132046,0.000754,0.003003
0,0.177053,0.794634,0.214631,0.64235,0.18165,0.650932,0.00309,0.001767
0,0.986253,2.993635,0.82068,2.227787,0.776208,2.225028,0.001578,0.002476
0,0.910808,2.509218,-0.069758,-0.48215,-0.064472,-0.441804,0.000261,0.003113
0,1.02824,2.6472,0.108514,0.123329,0.121474,0.136624,0.00231,0.000705
0,0.572537,2.395427,-0.470933,-0.248545,-0.488063,-0.227133,0.002175,0.002719
0,0.485416,1.471218,-0.098611,-0.906444,-0.121778,-0.907581,0.000654,0.002224
0,0.182513,1.154364,-0.287205,-0.338508,-0.282834,-0.332054,0.003185,0.003306
0,0.123956,0.880341,-0.049652,-0.265325,-0.043993,-0.259876,0.002163,0.000271
0,0.035317,0.348618,-0.074666,-0.556766,-0.097323,-0.515016,0.000616,0.001733
0,0.22924,-0.034699,0.182795,-0.39812,0.158612,-0.402377,0.003817,0.000606
0,0.106232,0.105421,-0.143376,0.139788,-0.182657,0.155974,0.001854,0.00184
0,0.032828,-0.055611,-0.066909,-0.13268,-0.029555,-0.096313,0.000573,0.000971
0,-0.025723,-0.078629,-0.072157,-0.029011,-0.041048,-0.036157,0.000449,0.001372
0,0.072083,-0.146977,0.109002,-0.041585,0.154426,-0.021735,0.001258,0.002565
0,0.096104,-0.136467,0.040898,0.036103,0.076825,-0.000283,0.001677,0.002382
0,0.172465,-0.265917,0.093774,-0.10276,0.142186,-0.098336,0.00301,0.003177
0,0.029169,-0.316596,-0.115848,-0.050759,-0.140254,-0.089059,0.000509,0.002292
0,-0.006696,-0.164258,-0.040083,0.164271,-0.036242,0.115952,0.000117,0.002867
0,-0.153076,-0.225826,-0.117362,-0.062224,-0.143875,-0.055629,0.002672,0.003876
0,-0.01926,-0.336287,0.125046,-0.122647,0.08737,-0.097095,0.000336,0.001949
0,-0.24329,-0.142807,-0.251561,0.207973,-0.260495,0.167737,0.003572,0.002492
0,0.022364,-0.396258,0.286881,-0.26641,0.328349,-0.240769,0.00039,0.000902
0,-0.124417,-0.267688,-0.144143,0.137429,-0.145895,0.10634,0.002171,0.003146
0,-0.167927,-0.170722,-0.051805,0.100719,-0.042531,0.097464,0.002931,0.00298
0,-0.023473,-0.198019,0.152001,-0.037665,0.20021,-0.051785,0.00041,0.003456
0,-0.153507,-0.084668,-0.139407,0.110734,-0.176008,0.071723,0.002679,0.001478
0,-0.224185,-0.167676,-0.090168,-0.089642,-0.107019,-0.097157,0.003905,0.002926
0,-0.102754,-0.116572,0.137634,0.025614,0.136937,-0.002519,0.001793,0.002035
0,0.014092,-0.091422,0.096136,0.014649,0.046502,0.015164,0.000246,0.001596
0,-0.055192,-0.264587,-0.041999,-0.184696,-0.079361,-0.174535,0.000963,0.0032
0,0.133808,-0.273664,0.214179,-0.027348,0.195264,0.013578,0.002335,0.003042
0,-0.105376,-0.122706,-0.268648,0.1503,-0.261491,0.117615,0.001839,0.002142
0,0.06454,-0.251049,0.166976,-0.114192,0.181378,-0.160845,0.001126,0.003436
0,0.130174,-0.263864,0.042256,-0.025758,-0.003922,0.024138,0.002272,0.003213
0,0.175008,-0.255764,0.036602,-0.002694,0.012581,-0.032562,0.003054,0.003354
0,0.046119,-0.19805,-0.134956,0.079403,-0.096501,0.064916,0.000805,0.003457
0,-0.08275,-0.159304,-0.117305,0.053388,-0.077027,0.092591,0.001444,0.00278
0,-0.081675,-0.163936,-0.009737,-0.00933,-0.052499,-0.020649,0.001425,0.002861
0,0.065595,0.019858,0.156576,0.172851,0.111402,0.166295,0.001145,0.000347
0,0.099018,-0.073831,0.052415,-0.078978,0.038111,-0.108765,0.001728,0.001289
0,0.059499,0.031812,-0.05262,0.112319,-0.046739,0.131096,0.001038,0.000555
0,0.001828,-0.098341,-0.03356,-0.103849,-0.00538,-0.128506,3.2e-05,0.001716
0,0.126445,0.049492,0.109377,0.119801,0.14088,0.096848,0.002207,0.000864
0,0.256547,-0.059553,0.140009,-0.116923,0.138317,-0.082,0.00334,0.001039
0,0.089607,0.015287,-0.161513,0.101644,-0.177588,0.117733,0.001564,0.000267
0,0.139423,0.039212,0.043014,0.023836,0.05486,0.029594,0.002433,0.000684
0,0.235013,0.07165,0.089221,0.057607,0.120765,0.101574,0.003716,0.001251
0,0.154662,-0.168001,-0.094851,-0.256118,-0.068589,-0.265255,0.002699,0.002932
0,0.035261,0.011709,-0.104421,0.162155,-0.10248,0.181935,0.000615,0.000204
0,-0.016374,-0.145643,-0.045286,-0.159867,-0.057401,-0.128549,0.000286,0.002542
0,0.068102,0.076675,0.069853,0.248704,0.088014,0.288469,0.001189,0.001338
0,0.045934,0.056799,-0.003576,-0.018271,0.015051,0.000241,0.000802,0.000991
0,0.092807,0.030914,0.018482,-0.053544,-0.019548,-0.065287,0.00162,0.00054
0,-0.007679,-0.108015,-0.116755,-0.149929,-0.10447,-0.163198,0.000134,0.001885
0,-0.076758,0.043885,-0.041044,0.146975,-0.018549,0.135899,0.00134,0.000766
0,-0.135289,-0.089698,-0.080952,-0.11263,-0.038874,-0.093493,0.002361,0.001566
0,-0.060301,0.055489,0.059315,0.146061,0.025703,0.173263,0.001052,0.000968
0,-0.066787,-0.017755,-0.030703,-0.074655,-0.053182,-0.102164,0.001166,0.00031
0,0.071206,-0.072408,0.156134,-0.060529,0.151392,-0.097918,0.001243,0.001264
0,0.152973,-0.066802,0.066472,0.017626,0.041693,0.036951,0.00267,0.001166
0,0.030398,0.106671,-0.112197,0.153719,-0.089237,0.161954,0.000531,0.001862
0,0.048976,0.041329,0.033837,-0.059289,-0.010009,-0.042619,0.000855,0.000721
0,0.12676,-0.02527,0.09422,-0.08177,0.064013,-0.095282,0.002212,0.000441
0,0.252835,-0.013476,0.151086,-0.00179,0.154544,-0.03359,0.003405,0.000235
0,0.235915,0.035379,-0.039693,0.078144,-0.083695,0.074,0.0037,0.000617
0,0.221495,0.193354,-0.015067,0.134876,-0.02551,0.125031,0.003866,0.003375
0,0.281453,0.070497,0.048941,-0.14879,0.014185,-0.163194,0.002906,0.00123
0,0.136152,0.159039,-0.131059,0.107037,-0.134799,0.072042,0.002376,0.002776
0,0.294193,0.211972,0.169526,0.065271,0.135488,0.08571,0.002683,0.0037
0,0.349499,0.120734,0.041386,-0.062555,0.081646,-0.056851,0.001718,0.002107
0,0.092857,0.100051,-0.23549,-0.028515,-0.222964,-0.059685,0.001621,0.001746
0,0.06667,0.040546,-0.010546,-0.037077,-0.046111,-0.056528,0.001164,0.000708
0,0.013265,0.214857,-0.063543,0.170018,-0.098886,0.162807,0.000232,0.00375
0,0.06181,0.07646,0.065094,-0.116419,0.026456,-0.107604,0.001079,0.001334
0,0.122293,0.089653,0.045629,-0.005705,-0.002776,0.017869,0.002134,0.001565
0,0.241732,0.174585,0.144732,0.098244,0.193,0.052643,0.003599,0.003047
0,0.185443,-0.00733,-0.047441,-0.186777,-0.076563,-0.216048,0.003237,0.000128
0,0.076754,0.026315,-0.096123,0.016976,-0.081735,-0.01358,0.00134,0.000459
0,0.293456,0.105109,0.235222,0.089708,0.217369,0.069139,0.002696,0.001834
0,0.2011,0.052362,-0.073009,-0.067072,-0.078513,-0.061113,0.00351,0.000914
0,0.097601,0.08654,-0.099283,0.036403,-0.139823,-0.007413,0.001703,0.00151
0,0.36021,-0.002473,0.279526,-0.077726,0.244243,-0.091859,0.001531,4.3e-05
0,0.293132,0.060442,-0.091744,0.05629,-0.060587,0.053828,0.002702,0.001055
0,0.091024,0.073623,-0.203442,0.021874,-0.182423,0.039375,0.001589,0.001285
0,0.110878,0.08853,-0.007426,0.006406,0.010636,0.028679,0.001935,0.001545
0,0.278131,-0.0698,0.145797,-0.135348,0.168156,-0.12722,0.002964,0.001218
0,0.239518,0.043159,-0.04259,0.107215,-0.054194,0.091782,0.003637,0.000753
0,0.204446,0.138112,-0.061479,0.107759,-0.080959,0.076356,0.003568,0.002411
0,0.016139,0.170035,-0.202239,0.012697,-0.169041,0.052276,0.000282,0.002968
0,0.342395,-0.1027,0.296959,-0.26641,0.321653,-0.283218,0.001842,0.001792
0,0.265663,0.113227,-0.07362,0.199926,-0.109084,0.231576,0.003181,0.001976
0,0.333484,-0.03174,0.075613,-0.134132,0.121831,-0.128271,0.001997,0.000554
0,0.275421,0.044884,-0.060533,0.091842,-0.022499,0.115302,0.003011,0.000783
0,0.350514,-0.034756,0.08798,-0.109512,0.116584,-0.156439,0.0017,0.000607
0,0.22794,-0.003993,-0.10354,0.053097,-0.138436,0.030183,0.00384,7e-05
0,0.300509,-0.066347,0.048623,-0.047381,0.053761,-0.047307,0.002573,0.001158
0,0.20363,0.116222,-0.088526,0.169066,-0.117705,0.162902,0.003554,0.002028
0,0.140752,0.096244,-0.065905,-0.034934,-0.099394,-0.062849,0.002457,0.00168
0,0.258835,-0.166026,0.126619,-0.270912,0.112646,-0.294536,0.0033,0.002898
0,0.122338,-0.062552,-0.141758,0.102158,-0.161556,0.108659,0.002135,0.001092
0,0.061697,0.085398,-0.085576,0.161556,-0.039783,0.178058,0.001077,0.00149
0,0.115933,-0.160411,0.067089,-0.259029,0.098953,-0.26179,0.002023,0.0028
0,0.136815,-0.12725,-0.005196,0.015074,0.014542,0.000735,0.002388,0.002221
0,-0.095606,-0.080928,-0.236315,0.035959,-0.231055,-0.010921,0.001669,0.001412
0,0.068682,-0.072316,0.146172,0.019082,0.101263,0.012126,0.001199,0.001262
0,0.034263,0.075528,-0.013846,0.149324,0.022982,0.189027,0.000598,0.001318
0,0.130913,0.09689,0.081012,-0.006909,0.045086,-0.013636,0.002285,0.001691
0,0.071669,0.027352,-0.076859,-0.055017,-0.10118,-0.06657,0.001251,0.000477
0,0.007759,-0.076085,-0.055217,-0.07798,-0.024797,-0.09722,0.000135,0.001328
0,-0.161657,0.1346,-0.192797,0.223613,-0.198136,0.261908,0.002821,0.002349
0,0.026714,-0.038597,0.177083,-0.197593,0.2105,-0.15768,0.000466,0.000674
0,0.065071,-0.122658,0.062057,-0.087576,0.076486,-0.050038,0.001136,0.002141
0,0.086114,-0.147627,0.029598,-0.048601,0.008978,-0.044747,0.001503,0.002577
0,-0.07684,-0.009141,-0.178243,0.153877,-0.159084,0.202385,0.001341,0.00016
0,-0.060702,-0.090909,0.032204,-0.068405,0.07039,-0.052341,0.001059,0.001587
0,0.059185,-0.177813,0.107102,-0.090341,0.08055,-0.127648,0.001033,0.003103
0,0.098255,0.013069,0.033102,0.213441,0.067254,0.201745,0.001715,0.000228
0,0.117037,-0.009077,-0.010146,-0.019471,-0.02856,-0.006591,0.002043,0.000158
0,1.046753,1.224137,0.951881,1.230643,0.925807,1.185616,0.002634,0.002088
0,2.850936,2.436262,1.830221,1.219964,1.878351,1.202254,0.002851,0.003431
0,3.111016,2.117471,0.284764,-0.328901,0.282355,-0.319763,0.000428,0.002133
0,2.93214,1.599024,-0.193691,-0.49757,-0.241507,-0.507634,0.00355,0.003363
0,2.814415,1.619165,-0.104713,-0.005163,-0.154144,-0.04477,0.002214,0.003012
0,2.126145,1.196183,-0.69329,-0.443969,-0.657939,-0.428812,0.001981,0.002576
0,1.372232,1.001617,-0.758883,-0.201184,-0.739577,-0.244094,0.000496,0.001846
0,1.097587,0.316399,-0.26089,-0.685588,-0.239098,-0.724842,0.003521,0.002296
0,0.875884,0.171016,-0.202096,-0.118108,-0.225159,-0.167456,0.000349,0.002985
0,0.705079,-0.169236,-0.157415,-0.340477,-0.17007,-0.347618,0.00333,0.002954
0,0.356152,-0.275748,-0.368767,-0.083583,-0.407859,-0.064384,0.001602,0.003005
0,0.239568,-0.267398,-0.121842,0.022513,-0.146754,0.012833,0.003637,0.003151
0,-0.101928,-0.13671,-0.322919,0.105424,-0.293866,0.074431,0.001779,0.002386
0,-0.291985,-0.189802,-0.200475,-0.024489,-0.238036,0.011791,0.002722,0.003313
0,-0.358804,-0.057661,-0.04524,0.131021,-0.004969,0.139939,0.001556,0.001006
0,-0.348251,-0.169179,0.006318,-0.087866,-0.004733,-0.061471,0.00174,0.002953
0,-0.067584,0.020967,0.270053,0.17684,0.303923,0.213696,0.00118,0.000366
0,0.007861,-0.133597,0.057199,-0.133143,0.064873,-0.115738,0.000137,0.002332
0,-0.033988,-0.184417,-0.044453,-0.05574,-0.017535,-0.071881,0.000593,0.003219
0,-0.159948,-0.064399,-0.100452,0.119618,-0.083991,0.09329,0.002792,0.001124
0,-0.11308,0.050994,0.019304,0.134705,0.029699,0.115362,0.001974,0.00089
0,-0.148722,0.07573,-0.007628,0.019593,-0.008903,0.027949,0.002596,0.001322
0,-0.181964,-0.018871,-0.017591,-0.065268,-0.029183,-0.06359,0.003176,0.000329
0,-0.12209,-0.196311,0.049333,-0.186254,0.077168,-0.210945,0.002131,0.003426
0,3.564321,0.299155,3.712451,0.470523,3.752688,0.458414,0.000334,0.002597
0,3.996947,0.276072,0.424141,-0.031902,0.435686,-0.017522,0.000601,0.003
0,4.235267,0.283589,0.229463,0.024849,0.252614,0.030484,0.003558,0.002868
0,3.422751,0.385351,-0.83576,0.130685,-0.787804,0.149144,0.002805,0.001092
0,3.303581,0.120945,-0.131601,-0.270392,-0.150634,-0.231473,0.002933,0.002111
0,3.171335,0.102734,-0.103357,-0.032178,-0.129369,-0.042415,0.000625,0.001793
0,2.653592,0.14981,-0.490678,0.070821,-0.451157,0.068542,0.000593,0.002615
0,1.952778,0.11835,-0.725996,-0.009481,-0.761952,-0.004944,0.002811,0.002066
0,1.265563,0.168049,-0.675157,0.051899,-0.688004,0.094771,0.001365,0.002933
0,0.6724,-0.0459,-0.588174,-0.222305,-0.56388,-0.200863,0.0039,0.000801
0,0.478531,-0.095001,-0.177258,-0.049798,-0.200649,-0.056825,0.000534,0.001658
0,0.128106,0.136467,-0.345293,0.212948,-0.380096,0.246522,0.002236,0.002382
0,0.021775,0.052899,-0.111695,-0.073168,-0.105336,-0.033027,0.00038,0.000923
0,-0.166761,0.155693,-0.195213,0.076347,-0.163982,0.123623,0.002911,0.002717
0,-0.474651,0.063151,-0.278482,-0.104996,-0.25462,-0.102554,0.000466,0.001102
0,-0.329025,-0.039732,0.138267,-0.110638,0.126876,-0.159763,0.002075,0.000693
0,-0.409411,-0.029061,-0.068068,0.022463,-0.018639,0.027311,0.000672,0.000507
0,-0.398251,0.029385,0.039738,0.054479,0.055883,0.072347,0.000867,0.000513
0,-0.270591,-0.141457,0.142947,-0.177275,0.104973,-0.2034,0.003095,0.002469
0,-0.088729,0.133014,0.205838,0.281001,0.216312,0.274256,0.001549,0.002322
0,-0.178756,0.051375,-0.09421,-0.070021,-0.074703,-0.115512,0.00312,0.000897
0,0.078531,0.108005,0.264899,0.032477,0.220728,0.03372,0.001371,0.001885
0,-0.050636,-0.100025,-0.108092,-0.178485,-0.09454,-0.134657,0.000884,0.001746
0,0.119722,-0.054879,0.173346,0.04545,0.205822,-0.002607,0.00209,0.000958
0,0.063443,-0.08161,-0.053424,-0.01512,-0.065836,-0.010378,0.001107,0.001424
0,-0.025912,0.023874,-0.110146,0.092184,-0.158101,0.082793,0.000452,0.000417
0,-0.066299,0.114504,-0.069519,0.074559,-0.105025,0.070653,0.001157,0.001998
0,0.077159,0.100393,0.13741,-0.034689,0.115917,-0.061269,0.001347,0.001752
0,0.06993,0.052425,-0.031828,-0.043203,-0.028419,0.00415,0.001221,0.000915
0,-0.116439,0.123048,-0.1992,0.069189,-0.225343,0.054226,0.002032,0.002148
0,0.029874,-0.014268,0.16325,-0.147845,0.204868,-0.117991,0.000521,0.000249
0,0.039319,0.065264,0.015913,0.062455,0.05847,0.074871,0.000686,0.001139
0,-0.129813,0.02725,-0.139728,-0.063931,-0.101533,-0.087191,0.002266,0.000476
0,-0.138683,0.091648,-0.023296,0.052416,-0.033636,0.100566,0.00242,0.0016
0,-0.189477,0.051087,-0.068819,-0.048333,-0.089734,-0.001215,0.003307,0.000892
0,-0.111754,-0.113838,0.099937,-0.149023,0.111273,-0.124552,0.00195,0.001987
0,-0.173277,0.112902,-0.064363,0.206548,-0.022016,0.17947,0.003024,0.001971
0,-0.070109,-0.066185,0.105929,-0.196014,0.107677,-0.22504,0.001224,0.001155
0,-0.055169,0.089214,0.019,0.131464,0.05941,0.164126,0.000963,0.001557
0,-0.113021,0.003961,-0.072288,-0.065082,-0.077359,-0.101837,0.001973,6.9e-05
0,0.064165,0.070969,0.152982,0.039722,0.14164,0.065418,0.00112,0.001239
0,-0.081587,-0.013238,-0.137007,-0.073247,-0.156055,-0.040756,0.001424,0.000231
0,-0.082744,-0.095952,0.025872,-0.099068,0.074692,-0.05592,0.001444,0.001675
0,-0.136137,-0.012143,-0.031081,0.10932,-0.080086,0.14197,0.002376,0.000212
0,0.051218,-0.037017,0.206209,-0.026644,0.164927,-0.001066,0.000894,0.000646
0,0.007068,0.114524,-0.071896,0.172727,-0.049941,0.154281,0.000123,0.001999
0,-0.060202,-0.022944,-0.071128,-0.115886,-0.119106,-0.135809,0.001051,0.0004
0,-0.056047,0.160765,-0.017962,0.165551,-0.043282,0.194727,0.000978,0.002806
0,-0.223717,-0.065141,-0.174263,-0.204803,-0.160858,-0.229857,0.003905,0.001137
0,-0.153732,0.086939,0.071406,0.136429,0.04694,0.146969,0.002683,0.001517
0,-0.253651,0.039684,-0.078645,-0.064922,-0.106498,-0.085053,0.003391,0.000693
0,-0.204898,-0.09762,0.061396,-0.136681,0.092582,-0.090671,0.003576,0.001704
0,0.012032,0.086568,0.191795,0.208986,0.174928,0.174602,0.00021,0.001511
0,-0.090374,-0.039812,-0.079515,-0.122945,-0.112649,-0.158392,0.001577,0.000695
0,-0.147917,0.056637,-0.034738,0.115847,-0.052605,0.157669,0.002582,0.000989
0,-0.16093,0.052557,-0.034893,0.012535,-0.010158,-0.023268,0.002809,0.000917
0,0.011769,-0.063639,0.201323,-0.096334,0.239461,-0.048936,0.000205,0.001111
0,-0.08789,0.152701,-0.109696,0.19953,-0.146638,0.211577,0.001534,0.002665
0,-0.067375,0.082654,0.00856,-0.043471,0.007151,-0.089561,0.001176,0.001443
0,0.120919,-0.044353,0.186437,-0.115107,0.186682,-0.085162,0.00211,0.000774
0,-0.124814,-0.021516,-0.254603,0.011435,-0.265252,0.035626,0.002178,0.000376
0,-0.038113,-0.073197,0.068643,-0.041589,0.068423,-0.014537,0.000665,0.001278
0,0.13273,0.141603,0.171349,0.236119,0.129747,0.281738,0.002317,0.002471
0,0.078694,-0.071671,-0.064625,-0.202399,-0.034069,-0.230991,0.001373,0.001251
0,-0.150582,-0.027651,-0.242692,0.067966,-0.199971,0.115913,0.002628,0.000483
0,-0.033648,-0.025234,0.094113,0.020256,0.063711,0.068874,0.000587,0.00044
0,-0.001457,-0.072742,0.005887,-0.043456,0.028481,-0.051766,2.5e-05,0.00127
0,-0.080811,0.121428,-0.064829,0.180836,-0.027501,0.224376,0.00141,0.002119
0,-0.170036,0.140515,-0.109698,0.014475,-0.102821,0.062066,0.002968,0.002452
0,-0.047765,0.007356,0.136318,-0.149952,0.164038,-0.159828,0.000834,0.000128
0,-0.049719,0.008092,0.020182,0.011181,-0.008833,0.000344,0.000868,0.000141
0,0.066173,0.078067,0.142537,0.050572,0.176253,0.048003,0.001155,0.001363
0,-0.053586,-0.042424,-0.114135,-0.110228,-0.095096,-0.150967,0.000935,0.00074
0,-0.050087,0.053348,-0.022223,0.125181,-0.050962,0.109619,0.000874,0.000931
0,-0.064363,-0.041154,0.002759,-0.076536,0.046615,-0.034793,0.001123,0.000718
0,-0.161181,-0.072744,-0.102675,-0.054907,-0.072309,-0.032156,0.002813,0.00127
0,-0.118257,-0.007896,0.049556,0.056837,0.04044,0.022988,0.002064,0.000138
0,0.035537,0.080762,0.163812,0.097249,0.201132,0.113587,0.00062,0.00141
0,-0.096609,0.207262,-0.118917,0.155818,-0.118423,0.133063,0.001686,0.003617
0,0.093269,0.125912,0.211281,-0.110949,0.233689,-0.081278,0.001628,0.002198
0,0.111729,0.017378,0.010866,-0.121684,-0.002048,-0.091499,0.00195,0.000303
0,0.078174,-0.043962,-0.021546,-0.049744,0.005856,-0.095572,0.001364,0.000767
0,0.172364,0.259533,0.085719,0.321453,0.03858,0.2989,0.003008,0.003288
0,0.039562,-0.045887,-0.13086,-0.326006,-0.141901,-0.363327,0.00069,0.000801
0,0.126301,0.089372,0.088233,0.146764,0.092895,0.105095,0.002204,0.00156
0,0.076005,0.173877,-0.03892,0.075067,-0.084386,0.041165,0.001327,0.003035
0,0.132174,0.170675,0.084437,0.014583,0.050965,-0.034827,0.002307,0.002979
0,0.18959,0.087818,0.066431,-0.057448,0.115122,-0.056288,0.003309,0.001533
0,0.133185,-0.058569,-0.071383,-0.136763,-0.022225,-0.175043,0.002325,0.001022
0,0.097477,0.110095,-0.018796,0.171731,-0.065814,0.13974,0.001701,0.001922
0,-0.073269,-0.02995,-0.149901,-0.118599,-0.196728,-0.14435,0.001279,0.000523
0,-0.153267,0.178573,-0.053077,0.209274,-0.03481,0.25544,0.002675,0.003117
0,-0.01929,0.068888,0.161309,-0.102059,0.204546,-0.063665,0.000337,0.001202
0,0.087971,0.138366,0.128669,0.083168,0.150005,0.107628,0.001535,0.002415
0,0.042667,0.181718,-0.039299,0.013394,-0.047653,0.004879,0.000745,0.003172
0,-0.004104,0.052973,-0.063615,-0.142785,-0.045873,-0.112102,7.2e-05,0.000925
0,0.071901,-0.072766,0.094154,-0.125881,0.081789,-0.139697,0.001255,0.00127
0,-0.055449,-0.037013,-0.124638,0.014436,-0.165228,0.011086,0.000968,0.000646
0,-0.16059,0.018291,-0.079588,0.078513,-0.080962,0.085276,0.002803,0.000319
0,-0.125884,-0.110092,0.060838,-0.12105,0.106291,-0.158358,0.002197,0.001921
0,0.205228,0.118953,0.350587,0.201953,0.39806,0.19881,0.003582,0.002076
0,0.017738,0.107443,-0.203608,-0.00257,-0.212034,-0.023626,0.00031,0.001875
0,0.106845,-0.099444,0.079747,-0.188101,0.073711,-0.183994,0.001865,0.001736
0,0.104188,-0.0381,-0.022709,0.083953,-0.054491,0.087098,0.001818,0.000665
0,0.117358,0.019911,-0.016111,0.081645,-0.04875,0.034789,0.002048,0.000348
0,0.22276,-0.114483,0.114849,-0.130968,0.114251,-0.161696,0.003888,0.001998
0,0.112683,-0.182719,-0.139461,-0.048354,-0.120759,-0.038262,0.001967,0.003189
0,0.186184,-0.094986,0.098731,0.095829,0.118881,0.080196,0.00325,0.001658
0,0.64567,0.653639,0.45173,0.765198,0.423652,0.757418,0.003451,0.00359
0,1.133796,1.249304,0.462056,0.606155,0.47826,0.648287,0.003665,0.001649
0,1.62601,1.348669,0.48654,0.105565,0.454459,0.126197,0.002892,8.5e-05
0,1.561604,1.202259,-0.048523,-0.159347,-0.092983,-0.160168,0.003802,0.00247
0,1.394854,1.168417,-0.189332,-0.047033,-0.14983,-0.02957,0.000891,0.003061
0,1.252088,1.171909,-0.139799,0.001318,-0.183671,-0.002254,0.001601,0.003
0,1.061053,0.969965,-0.165429,-0.197783,-0.13938,-0.236891,0.002883,0.001293
0,0.877869,1.05888,-0.186232,0.1153,-0.145569,0.107819,0.000314,0.002845
0,0.832492,1.296178,-0.038993,0.224152,0.004796,0.217182,0.001106,0.000831
0,0.837391,1.251166,0.025424,-0.016678,0.015819,0.00052,0.001021,0.001617
0,0.627158,1.165448,-0.183852,-0.055975,-0.202805,-0.042451,0.003128,0.003113
0,0.666431,0.901566,0.01915,-0.255185,0.013137,-0.261982,0.003814,0.0001
0,0.315977,0.506873,-0.376832,-0.407005,-0.36646,-0.378963,0.002303,0.001029
0,0.49627,0.40281,0.192545,-0.095835,0.22396,-0.092814,0.000844,0.000788
0,0.266463,0.098873,-0.242745,-0.290327,-0.237167,-0.256831,0.003167,0.001726
0,0.208191,0.113466,-0.072463,0.04387,-0.084129,0.055649,0.003634,0.00198
0,0.106346,-0.002126,-0.129156,-0.139304,-0.090312,-0.119057,0.001856,3.7e-05
0,-0.163846,-0.057168,-0.289657,-0.065674,-0.271513,-0.108602,0.00286,0.000998
0,-0.129374,-0.071595,0.032339,-0.022299,0.062865,0.026314,0.002258,0.00125
0,-0.014014,0.07482,0.124474,0.173633,0.094727,0.196318,0.000245,0.001306
0,0.102566,0.113048,0.132063,0.0269,0.134598,0.018778,0.00179,0.001973
0,0.088973,0.087285,-0.031244,-0.03509,-0.068126,-0.033184,0.001553,0.001523
0,0.225648,0.014501,0.144633,-0.074888,0.179754,-0.048855,0.00388,0.000253
0,0.173127,0.043234,-0.038327,0.014907,-0.057988,0.050831,0.003022,0.000755
0,-0.055083,-0.057136,-0.204534,-0.109885,-0.230967,-0.131972,0.000961,0.000997
0,0.13782,0.030775,0.205644,0.102109,0.18685,0.080775,0.002405,0.000537
0,0.158814,0.050919,0.019308,0.033044,0.048139,-0.000837,0.002772,0.000889
0,0.046307,-0.070566,-0.13846,-0.116026,-0.098469,-0.124937,0.000808,0.001232
0,0.052297,0.124957,0.023484,0.172376,-0.023717,0.133985,0.000913,0.002181
0,-0.017487,-0.076094,-0.087222,-0.184981,-0.067459,-0.139189,0.000305,0.001328
0,-0.072505,0.059596,-0.031426,0.155461,-0.049933,0.160036,0.001265,0.00104
0,-0.143678,0.130594,-0.054771,0.090329,-0.098668,0.127044,0.002508,0.002279
0,-0.021267,0.063355,0.144324,-0.039866,0.166207,0.002445,0.000371,0.001106
0,0.088141,0.031746,0.085061,-0.001892,0.08112,-0.019291,0.001538,0.000554
0,-0.140685,0.080154,-0.216393,0.06366,-0.253918,0.068428,0.002455,0.001399
0,-0.177134,-0.055767,-0.021917,-0.152021,-0.032184,-0.103946,0.003092,0.000973
0,-0.180266,-0.104571,0.014027,-0.026961,0.06202,-0.0158,0.003146,0.001825
0,-0.084225,0.049368,0.094109,0.166671,0.071294,0.14936,0.00147,0.000862
0,0.089079,0.008717,0.18531,-0.042412,0.215133,-0.056272,0.001555,0.000152
0,-0.03212,-0.187167,-0.150625,-0.220594,-0.124898,-0.208476,0.000561,0.003267
0,0.069885,0.016702,0.085738,0.220016,0.09345,0.207047,0.00122,0.000292
0,-0.101256,0.028142,-0.166753,0.014993,-0.202205,0.056959,0.001767,0.000491
0,-0.023929,-0.125852,0.104466,-0.142664,0.069471,-0.127186,0.000418,0.002197
0,-0.106451,0.098767,-0.10716,0.254511,-0.066251,0.289858,0.001858,0.001724
0,-0.141486,-0.037944,-0.033126,-0.160557,-0.002056,-0.156813,0.002469,0.000662
0,-0.140514,-0.007621,-0.013101,0.018684,-0.0096,0.033991,0.002452,0.000133
0,-0.022977,0.083828,0.136251,0.109131,0.136399,0.13329,0.000401,0.001463
0,-0.143086,0.107631,-0.118444,0.053592,-0.071808,0.047421,0.002497,0.001879
0,0.018847,0.00781,0.174422,-0.094163,0.153639,-0.10485,0.000329,0.000136
0,-0.044059,0.128518,-0.034544,0.099147,-0.002034,0.106939,0.000769,0.002243
0,-0.147701,0.048587,-0.103443,-0.058661,-0.062096,-0.035691,0.002578,0.000848
0,-0.14999,-0.137722,-0.014553,-0.168834,-0.05555,-0.209862,0.002618,0.002404
0,0.046664,-0.146673,0.224716,-0.017388,0.190718,0.027799,0.000814,0.00256
0,-0.075212,0.06602,-0.098904,0.235615,-0.104514,0.26901,0.001313,0.001152
0,-0.053463,0.036989,-0.005131,-0.04892,0.022598,-0.083074,0.000933,0.000646
0,-2.840171,-0.024071,-2.807168,-0.079792,-2.767664,-0.08259,0.002663,0.00042
0,-4.083558,0.035268,-1.249401,0.060134,-1.207662,0.098479,0.000911,0.000616
0,-4.364617,0.151147,-0.310025,0.143888,-0.344266,0.1236,0.002002,0.002638
0,-4.189942,0.088776,0.186181,-0.069675,0.181669,-0.053639,0.002767,0.001549
0,-3.631266,0.308315,0.555057,0.214338,0.56811,0.237859,0.000835,0.002437
0,-2.769146,0.11913,0.833323,-0.206792,0.807837,-0.254016,0.001423,0.002079
0,-1.956245,0.288385,0.814674,0.143642,0.826561,0.127346,0.002871,0.002785
0,-1.516059,0.102562,0.468646,-0.165221,0.423406,-0.175098,0.003007,0.00179
0,-1.082946,0.105022,0.414737,0.031761,0.428343,0.007264,0.003265,0.001833
0,-0.550204,0.143795,0.528094,0.052437,0.47989,0.045778,0.001785,0.00251
0,-0.188639,0.111119,0.387763,-0.030343,0.366031,-0.052871,0.003292,0.001939
0,0.231429,0.123557,0.439255,0.006105,0.481046,0.014517,0.003779,0.002156
0,0.111809,0.012415,-0.110113,-0.101074,-0.122124,-0.056078,0.001951,0.000217
0,0.24833,0.156809,0.122453,0.172256,0.138361,0.220278,0.003484,0.002737
0,0.268861,0.156336,0.014078,0.018902,-0.008305,0.063704,0.003125,0.002729
0,0.074744,0.115845,-0.168867,-0.056373,-0.194487,-0.038172,0.001305,0.002022
0,0.116046,-0.048522,0.069724,-0.138761,0.10407,-0.152787,0.002025,0.000847
0,0.07694,0.070044,-0.025581,0.135652,0.013951,0.115653,0.001343,0.001223
0,0.124003,0.068306,0.048031,-0.002189,0.039158,0.03454,0.002164,0.001192
0,0.193321,-0.056217,0.090606,-0.153129,0.10752,-0.167364,0.003374,0.000981
0,0.139327,0.107602,-0.027852,0.157257,-0.066363,0.151782,0.002432,0.001878
0,0.028842,-0.010148,-0.124336,-0.1209,-0.092094,-0.169132,0.000503,0.000177
0,0.041646,0.162126,-0.008653,0.183571,-0.050574,0.160536,0.000727,0.00283
0,0.036337,-0.112422,-0.014526,-0.28291,-0.055838,-0.267313,0.000634,0.001962
0,0.072027,0.094893,0.028905,0.202007,0.052602,0.235858,0.001257,0.001656
0,0.236323,0.000478,0.172312,-0.105551,0.197741,-0.107232,0.003693,8e-06
0,0.132388,0.014574,-0.120602,0.016223,-0.101965,0.018451,0.002311,0.000254
0,-0.066403,-0.003471,-0.171577,-0.042545,-0.154855,-0.085059,0.001159,6.1e-05
0,0.043636,0.106598,0.08808,0.133873,0.074066,0.102942,0.000762,0.00186
0,0.120046,0.027395,0.09724,-0.068168,0.063319,-0.111475,0.002095,0.000478
0,0.033024,0.045743,-0.08847,0.002854,-0.076871,-0.038617,0.000576,0.000798
0,0.042813,-0.034144,0.037147,-0.06047,0.036443,-0.024608,0.000747,0.000596
0,0.12586,0.086609,0.111087,0.136452,0.083853,0.149401,0.002197,0.001512
0,-0.013653,0.113323,-0.138414,0.01589,-0.124962,0.036518,0.000238,0.001978
0,0.121894,0.166757,0.147078,0.040033,0.189681,0.032056,0.002127,0.00291
0,-0.097102,0.156265,-0.242474,0.008701,-0.267641,-0.001362,0.001695,0.002727
0,-0.051114,0.010357,0.068208,-0.124963,0.020186,-0.127652,0.000892,0.000181
0,-0.055064,-0.024793,0.018254,-0.038883,0.025186,-0.045764,0.000961,0.000433
0,-0.059224,0.019607,0.020542,0.026385,0.06092,0.067292,0.001034,0.000342
0,0.201319,0.118873,0.242782,0.085634,0.230736,0.100632,0.003514,0.002075
0,0.220959,0.026936,0.036754,-0.11627,0.015477,-0.118699,0.003856,0.00047
0,-0.04063,-0.000831,-0.271819,-0.041347,-0.253191,-0.026869,0.000709,1.5e-05
0,-0.041785,-0.158459,-0.010501,-0.155089,-0.028693,-0.14117,0.000729,0.002766
0,0.170277,0.030598,0.2274,0.188816,0.179236,0.170195,0.002972,0.000534
0,0.053609,0.082841,-0.133975,0.060469,-0.10095,0.044296,0.000936,0.001446
0,0.145438,0.062241,0.107036,-0.018885,0.13136,0.022536,0.002538,0.001086
0,0.004239,0.057151,-0.160375,-0.02203,-0.123138,-0.062376,7.4e-05,0.000997
0,-0.052374,-0.18124,-0.043499,-0.260704,-0.061283,-0.262392,0.000914,0.003163
0,0.027927,0.024107,0.092108,0.177183,0.106627,0.213695,0.000487,0.000421
0,0.074262,0.077942,0.034281,0.052059,-0.003201,0.049401,0.001296,0.00136
0,-0.015233,-0.068907,-0.082732,-0.132686,-0.066323,-0.158356,0.000266,0.001203
0,0.127758,-0.126651,0.136547,-0.035871,0.095426,-0.060005,0.00223,0.00221
0,-0.007155,0.012375,-0.144981,0.110326,-0.134013,0.064705,0.000125,0.000216
0,-0.063854,-0.171234,-0.0743,-0.186594,-0.075488,-0.182899,0.001114,0.002989
0,0.08858,-0.164229,0.139419,0.016222,0.141536,0.056727,0.001546,0.002866
0,0.087091,0.041718,-0.001794,0.18827,-0.012963,0.197645,0.00152,0.000728
0,0.182272,-0.093157,0.111302,-0.140955,0.088945,-0.159621,0.003181,0.001626
0,0.267438,0.028654,0.059178,0.124578,0.109139,0.102671,0.00315,0.0005
0,0.1174,-0.050494,-0.160847,-0.086506,-0.205968,-0.127824,0.002049,0.000881
0,0.210786,0.049617,0.102576,0.09439,0.123922,0.04975,0.003679,0.000866
0,-0.047096,0.00366,-0.25319,-0.027735,-0.216541,-0.061947,0.000822,6.4e-05
0,-0.012395,-0.075077,0.027941,-0.058148,0.053565,-0.040138,0.000216,0.00131
0,0.192192,-0.090053,0.202602,-0.024184,0.153552,-0.0733,0.003354,0.001572
0,0.20456,0.062878,0.029345,0.139355,-0.004653,0.094556,0.00357,0.001097
0,0.184796,-0.072932,-0.024769,-0.147873,0.001037,-0.179413,0.003225,0.001273
0,-0.031356,0.029076,-0.187518,0.094654,-0.17434,0.100212,0.000547,0.000507
0,-0.055919,0.023103,-0.043684,-0.023231,-0.056657,-0.058309,0.000976,0.000403
0,0.124155,-0.159171,0.182043,-0.185367,0.194685,-0.16306,0.002167,0.002778
0,-0.027211,-0.059691,-0.137667,0.118489,-0.135737,0.147205,0.000475,0.001042
0,0.114653,-0.151433,0.153798,-0.070396,0.17053,-0.102579,0.002001,0.002643
0,-0.080751,0.015391,-0.169419,0.155489,-0.144604,0.195597,0.001409,0.000269
0,-0.112449,-0.09398,-0.029411,-0.102655,-0.042024,-0.097341,0.001963,0.00164
0,-0.005895,-0.104718,0.122831,-0.016427,0.091873,-0.02131,0.000103,0.001828
0,-0.033501,0.047794,-0.017623,0.12645,0.026706,0.165336,0.000585,0.000834
0,0.016872,-0.096219,0.05789,-0.115429,0.013421,-0.070728,0.000294,0.001679
0,0.077871,0.015749,0.085035,0.098183,0.1044,0.054609,0.001359,0.000275
0,-0.090636,-0.162201,-0.17113,-0.201156,-0.139214,-0.155145,0.001582,0.002831
0,-0.01854,0.000441,0.078181,0.137641,0.041614,0.120006,0.000324,8e-06
0,-0.084899,-0.108528,-0.067139,-0.081643,-0.054001,-0.082097,0.001482,0.001894
0,0.003803,-0.115442,0.118519,-0.023719,0.074338,-0.040542,6.6e-05,0.002015
0,-0.111454,-0.100835,-0.11802,0.039348,-0.114542,0.033194,0.001945,0.00176
0,-0.070617,-0.097807,0.05683,0.012472,0.022585,0.056845,0.001232,0.001707
0,-0.09361,-0.006551,-0.031241,0.105909,-0.016632,0.10491,0.001634,0.000114
0,-0.119553,-0.120669,-0.018721,-0.106857,0.016762,-0.152888,0.002087,0.002106
0,-0.117681,-0.057488,-0.005614,0.049149,0.005284,0.033932,0.002054,0.001003
0,0.042849,-0.111359,0.186986,-0.058121,0.184005,-0.093626,0.000748,0.001944
0,0.161995,-0.252297,0.124379,-0.148704,0.145474,-0.193907,0.002827,0.003414
0,0.214244,0.051758,0.026748,0.309678,0.075555,0.303842,0.003739,0.000903
0,-0.023061,0.006922,-0.238074,-0.048995,-0.242859,-0.001742,0.000402,0.000121
0,0.157824,-0.15557,0.184649,-0.154375,0.152312,-0.187666,0.002755,0.002715
0,-0.8494,-1.024432,-1.014964,-0.866067,-1.028721,-0.880507,0.000811,0.002244
0,-2.11156,-1.581972,-1.271013,-0.539916,-1.307123,-0.497594,0.002236,0.003661
0,-2.357595,-1.960837,-0.247423,-0.354117,-0.19888,-0.345511,0.002058,0.002952
0,-2.082614,-2.283349,0.247692,-0.299088,0.239267,-0.253611,0.002741,0.000763
0,-2.006572,-2.035549,0.088506,0.274483,0.122754,0.305043,0.00375,0.003562
0,-1.532224,-1.817519,0.493102,0.223347,0.497506,0.252789,0.003289,0.00045
0,-1.213686,-1.394136,0.31572,0.407938,0.304302,0.409299,0.002271,0.000879
0,-0.651804,-0.868253,0.539192,0.50084,0.495834,0.475591,0.003558,0.000482
0,-0.430827,-0.667938,0.211365,0.175899,0.17839,0.182816,0.000299,0.00384
0,-0.194566,-0.584901,0.214616,0.10031,0.173571,0.126274,0.003396,0.002391
0,0.003874,-0.402228,0.182109,0.198911,0.134532,0.213858,6.8e-05,0.000798
0,-0.017682,0.020693,-0.007882,0.400142,-0.030232,0.382354,0.000309,0.000361
0,0.065602,0.147884,0.089441,0.123029,0.067192,0.144953,0.001145,0.002581
0,0.038218,0.070162,-0.018369,-0.066832,0.023703,-0.068283,0.000667,0.001225
0,-0.049031,0.068753,-0.076897,0.003136,-0.058338,0.019275,0.000856,0.0012
0,0.055539,0.107937,0.089974,0.067237,0.129144,0.05665,0.000969,0.001884
0,0.015674,-0.070263,-0.065706,-0.169992,-0.019836,-0.21994,0.000274,0.001226
0,0.09556,0.034394,0.054954,0.101652,0.017174,0.083779,0.001668,0.0006
0,0.081725,-0.040532,-0.038397,-0.096671,-0.027191,-0.093888,0.001426,0.000707
0,-0.000724,0.093821,-0.089897,0.155273,-0.113022,0.15705,1.3e-05,0.001637
0,0.161112,-0.014299,0.185222,-0.092664,0.218833,-0.100322,0.002812,0.00025
0,-0.056525,0.112044,-0.19222,0.101302,-0.210203,0.057444,0.000987,0.001956
0,-0.078701,0.05681,-0.019032,-0.059123,-0.021603,-0.012704,0.001374,0.000992
0,0.143031,0.005252,0.242531,-0.067007,0.196495,-0.086803,0.002496,9.2e-05
0,0.151202,-0.092582,-0.006894,-0.110788,0.036759,-0.073857,0.002639,0.001616
0,-0.091856,0.043874,-0.270879,0.125993,-0.230821,0.162923,0.001603,0.000766
0,0.156848,0.16225,0.255369,0.120223,0.241923,0.120187,0.002738,0.002832
0,-0.036132,-0.043291,-0.169152,-0.189226,-0.208603,-0.149254,0.000631,0.000756
0,0.135052,-0.067489,0.177296,-0.050071,0.200958,-0.016391,0.002357,0.001178
0,-0.097027,-0.059302,-0.209308,-0.008229,-0.16946,-0.001478,0.001693,0.001035
0,-0.01685,0.035286,0.072068,0.114995,0.052551,0.093601,0.000294,0.000616
0,0.202565,-0.034691,0.220596,-0.05366,0.264698,-0.017898,0.003535,0.000605
0,0.145773,-0.059024,-0.026998,-0.00809,-0.056917,-0.04579,0.002544,0.00103
0,0.112919,-0.024645,-0.02293,0.03947,-0.025923,0.027163,0.001971,0.00043
0,0.188576,0.178936,0.090438,0.216029,0.076365,0.176285,0.003291,0.003123
0,0.123784,0.097,-0.073508,-0.095685,-0.121974,-0.05224,0.00216,0.001693
0,0.003568,-0.07253,-0.115713,-0.155438,-0.083141,-0.186166,6.2e-05,0.001266
0,-0.099242,0.111092,-0.129295,0.2056,-0.112013,0.240423,0.001732,0.001939
0,-0.122322,-0.051708,-0.02962,-0.168149,-0.000509,-0.192094,0.002135,0.000902
0,-0.001936,0.017679,0.149239,0.078504,0.162968,0.03284,3.4e-05,0.000309
0,-0.119967,-0.084249,-0.130411,-0.104008,-0.13636,-0.129924,0.002094,0.00147
0,-0.070998,-0.028257,0.040832,0.037569,0.033685,0.04884,0.001239,0.000493
0,0.172852,-0.038656,0.244254,-0.024378,0.20262,-0.072641,0.003017,0.000675
0,-0.055939,-0.044364,-0.213241,-0.026468,-0.227543,-0.038157,0.000976,0.000774
0,0.00936,-0.083349,0.089061,-0.027587,0.129104,-0.064993,0.000163,0.001455
0,-0.044463,0.065562,-0.027135,0.144911,-0.007967,0.175553,0.000776,0.001144
0,0.05791,0.105185,0.084363,0.063404,0.103938,0.095769,0.001011,0.001836
0,-0.095877,0.093656,-0.145852,-0.000125,-0.141862,-0.037037,0.001673,0.001635
0,-0.077757,-0.163985,-0.002671,-0.28343,-0.034726,-0.318211,0.001357,0.002862
0,-0.111104,0.055816,-0.00382,0.240349,0.046173,0.239029,0.001939,0.000974
0,-0.036522,0.000496,0.067313,-0.07901,0.063113,-0.113092,0.000637,9e-06
0,0.083679,-0.030383,0.101927,-0.028083,0.141451,-0.015193,0.00146,0.00053
0,-0.021075,-0.026539,-0.115541,-0.025232,-0.155812,-0.065505,0.000368,0.000463
0,0.039931,-0.030212,0.054753,0.003928,0.023812,0.038319,0.000697,0.000527
0,-0.017444,0.059352,-0.052076,0.064634,-0.08049,0.035947,0.000304,0.001036
0,0.185455,0.08558,0.176175,0.02963,0.174074,0.007562,0.003237,0.001494
0,0.190769,-0.156662,0.015477,-0.246714,0.032435,-0.251727,0.00333,0.002734
0,0.050438,0.052232,-0.133372,0.201351,-0.179545,0.212002,0.00088,0.000912
0,0.06139,0.076383,0.014597,0.004012,0.01029,0.018954,0.001071,0.001333
0,0.165094,-0.103087,0.100786,-0.16221,0.073449,-0.206169,0.002881,0.001799
0,-0.003441,0.045943,-0.186925,0.146778,-0.205938,0.112871,6e-05,0.000802
0,0.161859,-0.128768,0.172277,-0.201174,0.188929,-0.197617,0.002825,0.002247
0,-0.03468,-0.145435,-0.205281,-0.0045,-0.166265,-0.007913,0.000605,0.002538
0,0.162365,-0.140991,0.170073,0.024496,0.219477,0.054898,0.002834,0.002461
0,0.121001,-0.10545,-0.018015,0.061214,-0.04082,0.082277,0.002112,0.00184
0,-0.012675,0.012566,-0.109643,0.108569,-0.111635,0.144042,0.000221,0.000219
0,0.222752,0.085755,0.262541,0.078906,0.255738,0.100802,0.003888,0.001497
0,0.118479,0.017437,-0.10117,-0.0744,-0.118479,-0.058996,0.002068,0.000304
0,0.10172,0.098098,-0.040986,0.088605,-0.072291,0.058784,0.001775,0.001712
0,0.219694,-0.06777,0.138913,-0.172927,0.146298,-0.129622,0.003834,0.001183
0,0.053261,0.003469,-0.147122,0.048473,-0.165791,0.044649,0.00093,6.1e-05
0,0.267022,0.109255,0.224671,0.107567,0.208755,0.076397,0.003157,0.001907
0,0.320559,-0.015403,0.050884,-0.111799,0.040732,-0.148342,0.002223,0.000269
0,0.268991,0.12362,-0.078138,0.130383,-0.031958,0.154806,0.003123,0.002158
0,0.215369,0.076921,-0.025157,-0.070666,-0.065409,-0.030751,0.003759,0.001343
0,0.327154,-0.05908,0.09266,-0.142117,0.053676,-0.153528,0.002108,0.001031
0,0.149347,0.056072,-0.205876,0.133262,-0.200799,0.132051,0.002607,0.000979
0,0.212823,-0.045231,0.061678,-0.131026,0.048126,-0.086897,0.003714,0.000789
0,0.262047,-0.060377,0.043964,0.00796,0.059403,-0.02082,0.003244,0.001054
0,0.153357,0.117183,-0.120554,0.194426,-0.084069,0.157742,0.002677,0.002045
0,0.180473,-0.013361,0.028579,-0.13142,0.052166,-0.180312,0.00315,0.000233
0,-0.036628,0.133793,-0.202246,0.127432,-0.197574,0.130134,0.000639,0.002335
0,0.181942,0.05198,0.20847,-0.108024,0.253516,-0.121835,0.003175,0.000907
0,0.124847,0.073177,-0.077935,0.045527,-0.03217,0.079956,0.002179,0.001277
0,0.009614,0.049547,-0.121636,-0.003192,-0.112488,0.044637,0.000168,0.000865
0,0.190112,-0.085169,0.200332,-0.104954,0.23869,-0.116588,0.003318,0.001486
0,0.036709,0.093317,-0.179985,0.167834,-0.172267,0.207946,0.000641,0.001629
0,0.027822,0.172332,0.003809,0.059016,-0.01612,0.040581,0.000486,0.003008
0,0.211873,-0.061319,0.206221,-0.237565,0.247766,-0.263431,0.003698,0.00107
0,0.204325,-0.075413,0.013227,-0.006983,0.058952,-0.056458,0.003566,0.001316
0,0.008965,0.073482,-0.17157,0.175836,-0.142673,0.186398,0.000156,0.001282
0,0.02702,0.199969,0.04524,0.131522,0.016267,0.151867,0.000472,0.00349
0,0.115422,0.114325,0.117358,-0.111719,0.072819,-0.139212,0.002015,0.001995
0,-0.02733,-0.019411,-0.118397,-0.153931,-0.121837,-0.155966,0.000477,0.000339
0,-0.00966,0.172816,0.014873,0.171409,0.006344,0.199537,0.000169,0.003016
0,0.100008,0.175024,0.107725,0.020828,0.06759,-0.005158,0.001745,0.003055
0,0.094095,0.094378,0.014985,-0.069218,0.0253,-0.039552,0.001642,0.001647
0,-0.029326,0.110454,-0.149235,-0.013509,-0.180344,-0.03601,0.000512,0.001928
0,0.062544,0.014307,0.070828,-0.066553,0.118699,-0.108876,0.001092,0.00025
0,0.039184,0.158987,-0.037355,0.13443,-0.041619,0.095956,0.000684,0.002775
0,-0.111141,0.184802,-0.16606,0.0455,-0.132184,0.03012,0.00194,0.003225
0,-0.010593,0.13054,0.080008,-0.042666,0.119557,-0.04432,0.000185,0.002278
0,1.254648,0.086661,1.252568,-0.031761,1.23549,0.015235,0.001556,0.001513
0,1.670391,0.050717,0.420473,-0.01463,0.400364,-0.034705,0.002118,0.000885
0,2.706992,-0.130602,1.032753,-0.184606,0.98826,-0.144923,0.000339,0.002279
0,2.406807,-0.047181,-0.324649,0.112954,-0.357806,0.158774,0.002917,0.000823
0,2.680867,0.044421,0.275642,0.092862,0.299592,0.071331,0.000117,0.000775
0,2.197449,-0.096281,-0.466994,-0.131316,-0.477493,-0.099924,0.000737,0.00168
0,2.227897,-0.19144,0.006641,-0.07761,-0.03275,-0.069914,0.000205,0.003341
0,1.824443,0.058199,-0.386207,0.254179,-0.416582,0.225118,0.000571,0.001016
0,1.342801,-0.122147,-0.463039,-0.202836,-0.427503,-0.248478,1.7e-05,0.002132
0,0.922387,-0.095402,-0.424053,0.012377,-0.430658,-0.022316,0.000463,0.001665
0,0.446653,-0.130759,-0.474635,-0.020858,-0.494335,0.014079,2.2e-05,0.002282
0,0.231231,0.100349,-0.218109,0.247334,-0.257257,0.220454,0.003782,0.001751
0,-0.022135,-0.141951,-0.231084,-0.222653,-0.256567,-0.204525,0.000386,0.002478
0,-0.107335,0.035941,-0.061854,0.194518,-0.016514,0.182202,0.001873,0.000627
0,-0.054274,-0.148641,0.071988,-0.184156,0.042279,-0.139851,0.000947,0.002594
0,-0.220694,-0.084292,-0.186501,0.047579,-0.188071,0.020332,0.003852,0.001471
0,-0.378425,-0.189956,-0.170198,-0.088732,-0.202231,-0.110485,0.001213,0.003315
0,-0.12427,-0.214535,0.24043,-0.013749,0.193911,-0.02893,0.002169,0.003744
0,-0.154369,-0.218299,-0.054622,-0.032347,-0.049772,-0.009781,0.002694,0.00381
0,-0.153241,-0.14157,-0.012151,0.07666,-0.034061,0.063178,0.002675,0.002471
0,-0.265015,0.027345,-0.113873,0.139863,-0.087,0.123037,0.003192,0.000477
0,-0.123118,-0.187079,0.126634,-0.197676,0.127632,-0.197989,0.002149,0.003265
0,-0.107035,0.062649,0.040247,0.230329,0.021013,0.231515,0.001868,0.001093
0,-0.158987,-0.029227,-0.053414,-0.087495,-0.069096,-0.111246,0.002775,0.00051
0,0.010737,-0.16417,0.144369,-0.153015,0.153204,-0.142272,0.000187,0.002865
0,-0.043026,-0.032589,-0.049156,0.156149,-0.078883,0.144455,0.000751,0.000569
0,-0.142762,0.003255,-0.119795,0.051321,-0.138601,0.009446,0.002492,5.7e-05
0,0.068695,-0.084862,0.230355,-0.08967,0.250338,-0.047061,0.001199,0.001481
0,-0.110194,-0.153427,-0.152028,-0.043006,-0.104319,-0.019366,0.001923,0.002678
0,0.011894,-0.081006,0.147416,0.101675,0.167519,0.064809,0.000208,0.001414
0,-0.165024,-0.053058,-0.20382,0.013002,-0.222067,-0.00491,0.00288,0.000926
0,-0.041624,-0.202159,0.152786,-0.146864,0.167129,-0.102148,0.000726,0.003528
0,-0.125299,-0.01699,-0.107352,0.214112,-0.096496,0.257689,0.002187,0.000297
0,0.058119,0.006341,0.16225,0.049568,0.193474,0.058255,0.001014,0.000111
0,-0.212069,-0.10642,-0.289739,-0.124863,-0.279796,-0.121844,0.003701,0.001857
0,-0.063783,-0.057245,0.131505,0.077805,0.098856,0.08725,0.001113,0.000999
0,-0.217009,0.034633,-0.127687,0.086036,-0.095891,0.095866,0.003788,0.000604
0,-0.05071,-0.182437,0.158414,-0.219783,0.170364,-0.222868,0.000885,0.003184
0,-0.157537,-0.092609,-0.098914,0.09402,-0.087119,0.143912,0.00275,0.001616
0,-0.018565,0.075464,0.112514,0.144012,0.153782,0.144455,0.000324,0.001317
0,-0.064341,0.08213,-0.0163,-0.005964,-0.061099,0.034726,0.001123,0.001433
0,-0.013096,-0.089893,0.042388,-0.186445,0.037739,-0.181789,0.000229,0.001569
0,-0.169383,0.033983,-0.163026,0.111444,-0.182268,0.08474,0.002956,0.000593
0,-0.049568,0.048035,0.09989,0.031031,0.083211,0.054239,0.000865,0.000838
0,-0.081865,0.08366,-0.019037,0.058836,0.008623,0.013819,0.001429,0.00146
0,0.094556,-0.155806,0.205072,-0.235526,0.253036,-0.248609,0.00165,0.002719
0,-0.030701,-0.094063,-0.136385,0.053121,-0.182284,0.09052,0.000536,0.001642
0,0.04027,-0.119685,0.092459,-0.02004,0.13224,0.004181,0.000703,0.002089
0,0.217487,-0.071178,0.175058,0.074146,0.146218,0.108477,0.003796,0.001242
0,0.077855,0.039063,-0.16219,0.112301,-0.12723,0.066409,0.001359,0.000682
0,-0.001529,-0.011445,-0.064372,-0.025049,-0.073309,0.014022,2.7e-05,0.0002
0,0.040512,-0.01009,0.044566,0.010323,0.043083,-0.013588,0.000707,0.000176
0,0.064049,0.079307,0.052962,0.077472,0.042626,0.121874,0.001118,0.001384
0,-0.018805,-0.011117,-0.095187,-0.079952,-0.119644,-0.048794,0.000328,0.000194
0,-0.063762,-0.115103,-0.020681,-0.119912,0.015782,-0.078578,0.001113,0.002009
0,-0.173542,0.060408,-0.136546,0.170977,-0.103616,0.129151,0.003029,0.001054
0,-0.054978,0.15763,0.094705,0.094852,0.103084,0.124001,0.00096,0.002751
0,-0.021157,-0.055997,0.050356,-0.184085,0.024007,-0.151875,0.000369,0.000977
0,-0.021723,0.046912,-0.008644,0.128619,-0.002363,0.155684,0.000379,0.000819
0,0.056838,-0.119762,0.05348,-0.14639,0.067782,-0.117887,0.000992,0.00209
0,-0.027387,0.118574,-0.055254,0.223329,-0.079943,0.176796,0.000478,0.002069
0,-0.007221,0.01837,-0.005367,-0.087585,-0.029112,-0.074929,0.000126,0.000321
0,0.027962,-0.019396,0.019913,-0.045235,0.032613,0.003093,0.000488,0.000339
0,-0.016649,-0.069056,-0.021501,-0.078612,-0.005216,-0.126323,0.000291,0.001205
0,4.449566,-0.606835,4.489817,-0.528819,4.486555,-0.562216,0.000519,0.002773
0,4.547763,-1.129933,0.075673,-0.522289,0.1089,-0.506172,0.001195,0.003733
0,4.926962,-1.815576,0.350116,-0.656825,0.329485,-0.706208,5e-06,0.000416
0,4.041589,-1.936429,-0.895009,-0.097365,-0.932338,-0.065562,0.000178,0.002526
0,3.565083,-1.851235,-0.479034,0.077309,-0.430773,0.105105,0.000321,0.001039
0,3.037711,-1.879443,-0.548795,-0.036812,-0.528803,-0.020431,0.001707,0.001531
0,2.318893,-1.541537,-0.711553,0.325237,-0.70012,0.297244,0.001383,0.003451
0,1.526553,-1.159542,-0.818768,0.381197,-0.8456,0.40858,0.00319,0.003216
0,0.620075,-0.708479,-0.900263,0.464177,-0.866964,0.440562,0.003004,0.00327
0,0.325419,-0.258183,-0.295906,0.430216,-0.265325,0.390576,0.002138,0.003312
0,-0.083206,-0.008673,-0.404117,0.251065,-0.410403,0.239479,0.001452,0.000151
0,-0.24226,0.061871,-0.155306,0.051481,-0.191278,0.094794,0.00359,0.00108
0,-0.339659,0.311957,-0.110239,0.246671,-0.087578,0.271248,0.00189,0.002373
0,-0.585131,0.429284,-0.226015,0.139549,-0.204422,0.138901,0.002395,0.000325
0,-0.309204,0.213185,0.30082,-0.229253,0.316628,-0.235676,0.002421,0.003721
0,-0.510938,0.225971,-0.18556,0.02713,-0.225299,0.019041,0.0011,0.003874
0,-0.24835,0.38959,0.282198,0.140145,0.292494,0.159673,0.003483,0.001018
0,-0.429231,0.431063,-0.177258,0.065123,-0.206237,0.026758,0.000326,0.000294
0,-0.293865,0.218092,0.119955,-0.216046,0.154915,-0.190463,0.002689,0.003806
0,-0.334784,0.359152,-0.064726,0.170679,-0.100732,0.197129,0.001975,0.001549
0,-0.196389,0.136543,0.15193,-0.218506,0.115746,-0.215264,0.003428,0.002383
0,-0.303141,0.242848,-0.105898,0.10197,-0.05891,0.149085,0.002527,0.003579
0,-0.494317,0.102653,-0.202995,-0.134576,-0.240446,-0.149852,0.00081,0.001792
0,-0.270208,0.228027,0.242178,0.136551,0.279371,0.129365,0.003102,0.003838
0,-0.411093,0.223221,-0.1644,0.008041,-0.146379,0.026375,0.000643,0.003896
0,-0.246497,0.093217,0.170927,-0.125322,0.199666,-0.082616,0.003516,0.001627
0,-0.17859,0.208093,0.079676,0.121774,0.094338,0.160752,0.003117,0.003632
0,-0.269009,0.229827,-0.081369,0.002739,-0.071267,0.027656,0.003123,0.003807
0,-0.097425,0.21934,0.144752,0.013787,0.149258,0.011386,0.0017,0.003828
0,-0.206771,0.103453,-0.089638,-0.117963,-0.064471,-0.139413,0.003609,0.001806
0,-0.207128,0.025439,0.018491,-0.06816,0.0446,-0.09219,0.003615,0.000444
0,-0.208243,0.257316,0.013531,0.257028,0.023519,0.244769,0.003635,0.003327
0,-0.071458,0.241998,0.156911,-0.008221,0.205129,-0.052562,0.001247,0.003594
0,-0.052659,0.128065,0.000727,-0.091065,-0.040547,-0.051071,0.000919,0.002235
0,-0.108126,0.117352,-0.077647,0.001494,-0.121533,0.032633,0.001887,0.002048
0,-0.225071,0.10643,-0.104213,0.006386,-0.108944,0.005732,0.00389,0.001858
0,-0.261962,0.267293,-0.044851,0.170041,-0.00591,0.1581,0.003246,0.003153
0,0.050634,0.118599,0.342478,-0.158244,0.332679,-0.165591,0.000884,0.00207
0,-0.083662,0.148778,-0.142593,0.033498,-0.17032,-0.009184,0.00146,0.002597
0,1.474792,0.303864,1.540128,0.144704,1.513109,0.099203,0.002286,0.002514
0,2.22061,0.429119,0.723943,0.123164,0.683487,0.092668,0.000332,0.000328
0,3.122995,0.421929,0.906937,-0.011142,0.900961,0.024556,0.000219,0.000454
0,3.755305,0.292462,0.662075,-0.152585,0.670306,-0.175609,0.002999,0.002713
0,3.267975,0.038698,-0.493237,-0.231716,-0.485897,-0.2399,0.002312,0.000675
0,2.80781,0.007228,-0.435535,-0.049798,-0.386108,-0.037258,0.002098,0.000126
0,1.771233,0.222523,-1.060622,0.19722,-1.109125,0.151986,0.000358,0.003884
0,1.38573,0.177404,-0.381566,-0.051523,-0.413271,-0.054517,0.000732,0.003096
0,0.657298,0.19087,-0.715665,0.029526,-0.690146,0.027743,0.003654,0.003331
0,0.484307,0.02922,-0.156504,-0.146942,-0.181732,-0.122429,0.000635,0.00051
0,0.147491,0.039331,-0.329881,0.00376,-0.363991,0.006992,0.002574,0.000686
0,-0.024933,0.144113,-0.170344,0.107827,-0.131803,0.122156,0.000435,0.002515
0,-0.157036,-0.102729,-0.151141,-0.268682,-0.188421,-0.220491,0.002741,0.001793
0,0.048682,0.0927,0.18101,0.195746,0.153011,0.154589,0.00085,0.001618
0,-0.146736,0.10035,-0.187815,-0.005072,-0.225888,0.016781,0.002561,0.001751
0,-0.129258,0.153989,0.019396,0.071516,0.067745,0.059832,0.002256,0.002688
0,-0.097937,0.177426,0.039523,0.032218,0.06044,0.042676,0.001709,0.003097
0,-0.10525,0.130746,-0.021938,-0.018281,-0.012596,-0.037909,0.001837,0.002282
0,-0.161139,-0.118062,-0.065539,-0.23408,-0.032927,-0.191588,0.002812,0.002061
0,-0.17203,-0.002065,-0.006534,0.121824,0.040189,0.170884,0.003002,3.6e-05
0,-0.083112,-0.038914,0.077427,-0.026088,0.097754,-0.010133,0.001451,0.000679
0,-0.206048,-0.006041,-0.117893,0.01024,-0.096399,0.051588,0.003596,0.000105
0,-0.198674,-0.032135,-0.02193,-0.032011,0.001972,-0.033989,0.003468,0.000561
0,-0.076877,0.05411,0.096785,0.082068,0.115177,0.053864,0.001342,0.000944
0,-0.243557,0.053727,-0.162954,0.016369,-0.120287,0.020796,0.003567,0.000938
0,-0.057378,-0.033315,0.205047,-0.09291,0.216591,-0.055465,0.001001,0.000581
0,-0.064427,0.149033,-0.017097,0.208835,0.007477,0.208973,0.001124,0.002601
0,-0.02868,0.032289,0.058504,-0.096904,0.023728,-0.051795,0.000501,0.000564
0,-0.08812,0.000238,-0.045653,-0.036299,-0.04745,-0.057631,0.001538,4e-06
0,0.021502,0.071438,0.137621,0.077985,0.18524,0.126743,0.000375,0.001247
0,0.053837,0.023336,0.062159,-0.053542,0.089598,-0.041764,0.00094,0.000407
0,-0.143128,-0.07991,-0.216184,-0.092142,-0.234147,-0.057728,0.002498,0.001395
0,-0.044641,0.094423,0.087091,0.17569,0.107498,0.190301,0.000779,0.001648
0,-0.027691,0.062157,-0.001103,-0.016786,-0.033542,-0.044766,0.000483,0.001085
0,0.176774,-0.091353,0.21789,-0.14162,0.249052,-0.121096,0.003085,0.001594
0,0.026484,0.154838,-0.16402,0.235528,-0.180891,0.28399,0.000462,0.002702
0,0.023541,-0.084272,0.00052,-0.244353,-0.04265,-0.274328,0.000411,0.001471
0,0.191583,-0.009522,0.17795,0.068745,0.152271,0.042916,0.003344,0.000166
0,0.110342,0.157943,-0.093694,0.165399,-0.140583,0.203139,0.001926,0.002757
0,-0.076225,0.119604,-0.15996,-0.0251,-0.137268,-0.037979,0.00133,0.002087
0,-0.060268,0.117042,0.045486,0.024627,0.013116,-0.005009,0.001052,0.002043
0,-0.100708,-0.005062,-0.044522,-0.103277,-0.053806,-0.092438,0.001758,8.8e-05
0,0.061319,0.011166,0.138538,0.001511,0.173278,0.026545,0.00107,0.000195
0,0.096863,-0.015752,0.007209,-0.04633,0.025611,-0.046832,0.001691,0.000275
0,0.188689,0.082704,0.108011,0.068696,0.113516,0.065423,0.003293,0.001443
0,0.024173,0.109173,-0.165001,0.020511,-0.187324,0.023636,0.000422,0.001905
0,0.160225,0.064727,0.114405,-0.041596,0.104998,-0.017682,0.002796,0.00113
0,-0.063517,0.011158,-0.222516,-0.053553,-0.232323,-0.09662,0.001109,0.000195
0,-0.100103,0.006344,-0.016218,-0.020619,0.013067,-0.012744,0.001747,0.000111
0,0.035803,-0.107754,0.123533,-0.108852,0.149948,-0.139793,0.000625,0.001881
0,0.061192,-0.085869,0.02895,0.013195,0.024927,0.011072,0.001068,0.001499
0,-0.010453,-0.034729,-0.097771,0.059942,-0.095157,0.049212,0.000182,0.000606
0,-0.175463,0.030621,-0.184861,0.060858,-0.190484,0.062435,0.003062,0.000534
0,0.009908,-0.10005,0.187089,-0.153603,0.152849,-0.116393,0.000173,0.001746
0,-0.133349,-0.115003,-0.163794,-0.028007,-0.120546,-0.052408,0.002327,0.002007
0,-0.261632,0.029407,-0.127706,0.163833,-0.144754,0.124951,0.003252,0.000513
0,-0.237044,0.085151,0.017495,0.033455,0.030932,0.040984,0.003681,0.001486
0,-0.283701,-0.067914,-0.035481,-0.142782,-0.071657,-0.172924,0.002866,0.001185
0,-0.262601,-0.043348,0.050638,0.046446,0.032456,0.010471,0.003235,0.000757
0,-0.250676,-0.020257,0.039376,0.013496,0.021739,0.024802,0.003443,0.000354
0,-0.224873,-0.179426,0.048974,-0.18618,0.006375,-0.148519,0.003893,0.003132
0,-0.214133,-0.104297,0.03937,0.077297,0.025955,0.067148,0.003737,0.00182
0,-0.208934,0.110818,0.00169,0.237962,0.042693,0.287875,0.003647,0.001934
0,-0.171958,-0.033761,0.040791,-0.173436,0.009114,-0.133448,0.003001,0.000589
0,0.02191,0.133601,0.197752,0.171258,0.184218,0.164471,0.000382,0.002332
0,-0.094405,-0.009195,-0.095801,-0.116329,-0.135456,-0.095164,0.001648,0.00016
0,-0.019191,0.056916,0.094433,0.091096,0.065091,0.050195,0.000335,0.000993
0,-0.107212,0.15558,-0.112499,0.116499,-0.093171,0.070802,0.001871,0.002715
0,0.018203,0.068068,0.11186,-0.098376,0.116868,-0.064549,0.000318,0.001188
0,-0.147482,0.142073,-0.152495,0.064308,-0.155084,0.027833,0.002574,0.00248
0,-0.061572,0.120955,0.090355,0.000316,0.12634,-0.042006,0.001075,0.002111
0,0.023771,-0.03643,0.069437,-0.180214,0.07474,-0.209713,0.000415,0.000636
0,-0.224146,0.115534,-0.249268,0.172729,-0.287342,0.133499,0.003906,0.002016
0,-0.195732,0.111806,0.016043,0.004036,-0.000337,0.035155,0.003416,0.001951
0,-0.143118,0.166335,0.03772,0.062823,0.005904,0.071577,0.002498,0.002903
0,-0.057376,-0.026368,0.068993,-0.197962,0.030068,-0.159124,0.001001,0.00046
0,-0.015562,0.016156,0.02368,0.022816,0.052666,-0.003217,0.000272,0.000282
0,-0.06811,0.021078,-0.026934,0.017068,-0.058771,-0.008695,0.001189,0.000368
0,0.039043,0.074647,0.086235,0.042949,0.128503,0.009507,0.000681,0.001303
0,-0.149103,-0.002584,-0.160103,-0.084298,-0.126316,-0.099594,0.002602,4.5e-05
0,-0.189488,-0.007881,-0.066888,-0.015141,-0.094155,0.03458,0.003307,0.000138
0,0.057889,0.108673,0.267616,0.14478,0.230512,0.162366,0.00101,0.001897
0,-0.006239,0.077044,-0.087983,-0.02718,-0.091513,-0.029626,0.000109,0.001345
0,-0.061802,-0.096978,-0.061142,-0.17565,-0.070323,-0.126355,0.001079,0.001693
0,-0.274299,-0.061718,-0.236017,0.050932,-0.27539,0.073005,0.00303,0.001077
0,-0.181851,0.037001,0.116082,0.10603,0.081814,0.120002,0.003174,0.000646
0,-0.278712,0.19294,-0.0788,0.154316,-0.041001,0.179956,0.002953,0.003367
0,-0.196194,0.011433,0.062058,-0.198669,0.076717,-0.214388,0.003424,0.0002
0,-0.027397,-0.044389,0.1862,-0.051943,0.235009,-0.045784,0.000478,0.000775
0,-0.07656,-0.108466,-0.03198,-0.07426,-0.003491,-0.085381,0.001336,0.001893
0,-0.301608,0.074495,-0.253472,0.210645,-0.274587,0.199002,0.002554,0.0013
0,-0.056815,-0.116532,0.22799,-0.164843,0.198385,-0.159934,0.000992,0.002034
0,-0.108354,0.15344,-0.080659,0.257562,-0.096768,0.245775,0.001891,0.002678
0,-0.027867,0.148568,0.07442,-0.017156,0.058451,-0.015243,0.000486,0.002593
0,0.023041,-0.080215,0.038467,-0.249341,0.050435,-0.263653,0.000402,0.0014
0,-0.097513,-0.020366,-0.098761,0.060135,-0.074189,0.031425,0.001702,0.000355
0,0.078686,0.154866,0.200832,0.154046,0.233825,0.126174,0.001373,0.002703
0,0.099547,0.020662,0.007039,-0.133904,-0.00536,-0.120761,0.001737,0.000361
0,-0.136667,-0.013978,-0.252642,-0.032951,-0.25396,-0.032322,0.002385,0.000244
0,0.168664,-0.086293,0.290973,-0.100427,0.322253,-0.059862,0.002944,0.001506
0,-0.042889,-0.000925,-0.211078,0.097408,-0.207226,0.115059,0.000749,1.6e-05
0,0.137706,0.084763,0.165524,0.103685,0.172182,0.130986,0.002403,0.001479
0,-0.127349,-0.10954,-0.262324,-0.213281,-0.227084,-0.175145,0.002223,0.001912
0,-0.090469,0.035048,0.040339,0.171843,0.080354,0.148868,0.001579,0.000612
0,0.088976,-0.147712,0.196923,-0.178208,0.245719,-0.131133,0.001553,0.002578
0,-0.158027,-0.075324,-0.23426,0.095667,-0.269975,0.080969,0.002758,0.001315
0,-0.061836,-0.133809,0.117447,-0.036123,0.132324,-0.01754,0.001079,0.002335
0,0.067914,0.041785,0.139743,0.161111,0.156812,0.114824,0.001185,0.000729
0,-0.030014,0.100438,-0.103757,0.084081,-0.14963,0.12331,0.000524,0.001753
0,-0.109836,0.05638,-0.09541,-0.067006,-0.127795,-0.022212,0.001917,0.000984
0,-0.093786,0.03518,-0.008808,-0.013781,-0.049999,-0.049488,0.001637,0.000614
0,-0.057975,-0.106418,0.010548,-0.162103,0.016623,-0.174902,0.001012,0.001857
0,0.048629,0.04177,0.125503,0.153884,0.127115,0.16164,0.000849,0.000729
0,-0.176471,0.03056,-0.204122,0.006835,-0.223734,0.045036,0.00308,0.000533
0,0.051281,0.032201,0.224916,-0.013544,0.217397,0.025541,0.000895,0.000562
0,-0.134592,-0.056382,-0.199293,-0.108515,-0.186752,-0.154369,0.002349,0.000984
0,0.013509,0.029,0.139089,0.099043,0.099967,0.093302,0.000236,0.000506
0,-0.174396,-0.064036,-0.162565,-0.07633,-0.188593,-0.079951,0.003044,0.001118
0,-0.156652,-0.057243,0.022969,0.018389,-0.020774,0.014394,0.002734,0.000999
0,0.085118,0.011783,0.265596,0.043303,0.298947,0.006871,0.001486,0.000206
0,-0.044433,0.134661,-0.132521,0.099203,-0.145074,0.146,0.000776,0.00235
0,-0.132273,0.099449,-0.087844,-0.025372,-0.108908,0.020087,0.002309,0.001736
0,0.06931,0.01375,0.206687,-0.060956,0.234131,-0.091233,0.00121,0.00024
0,-0.012539,0.076795,-0.099696,0.042957,-0.082708,0.029595,0.000219,0.00134
0,0.019111,-0.074365,0.059808,-0.14575,0.032529,-0.133221,0.000334,0.001298
0,-0.040103,-0.031344,-0.075758,0.068062,-0.075381,0.094142,0.0007,0.000547
0,0.07883,-0.094308,0.092287,-0.046263,0.048707,-0.011989,0.001376,0.001646
0,0.071533,0.111135,-0.02613,0.188726,-0.062201,0.19865,0.001248,0.00194
0,0.177083,-0.015825,0.091925,-0.110526,0.136191,-0.097811,0.003091,0.000276
0,-0.00479,-0.105314,-0.174531,-0.099667,-0.16736,-0.111312,8.4e-05,0.001838
0,-0.00618,-0.02765,-0.028495,0.065073,-0.026863,0.025073,0.000108,0.000483
0,0.083934,0.058187,0.09334,0.0788,0.128075,0.098679,0.001465,0.001016
0,0.165005,0.000629,0.058212,-0.06989,0.024598,-0.091084,0.00288,1.1e-05
0,-0.030372,-0.1063,-0.175914,-0.1296,-0.20763,-0.082026,0.00053,0.001855
0,0.02386,0.001409,0.056933,0.085836,0.04502,0.09573,0.000416,2.5e-05
0,0.040666,0.033722,0.032816,0.02461,0.079117,-0.010758,0.00071,0.000589
0,0.158244,-0.010029,0.136623,-0.050459,0.142076,-0.096723,0.002762,0.000175
0,-0.077672,-0.028431,-0.253132,-0.004449,-0.21494,-0.037742,0.001356,0.000496
0,0.197563,0.030281,0.299076,0.034163,0.335697,0.045996,0.003448,0.000529
0,0.198918,-0.054848,-0.013353,-0.098694,-0.038119,-0.110031,0.003472,0.000957
0,0.134799,-0.06246,-0.083243,0.005804,-0.034458,-0.029547,0.002353,0.00109
0,-0.029444,0.128027,-0.154162,0.188151,-0.170127,0.159319,0.000514,0.002234
0,0.063274,0.062077,0.093008,-0.064299,0.107489,-0.087456,0.001104,0.001083
0,0.051424,0.129395,0.000199,0.08418,-0.041201,0.078106,0.000898,0.002258
0,0.187436,-0.141656,0.132183,-0.275158,0.10704,-0.27708,0.003271,0.002472
0,1.087189,-0.038254,0.927981,0.128305,0.91241,0.090762,0.003339,0.000668
0,2.300216,-0.752794,1.234723,-0.740688,1.192661,-0.778198,0.001057,0.002497
0,3.40453,-0.693791,1.123871,0.05651,1.132972,0.075163,0.003123,0.003527
0,3.016046,-0.648467,-0.405721,0.033048,-0.394499,0.047776,0.002085,0.0035
0,3.01378,-0.557329,0.002257,0.086809,-0.010484,0.10983,0.002125,0.001909
0,2.771925,-0.629474,-0.259929,-0.069735,-0.220353,-0.035539,0.001472,0.003169
0,1.635346,-0.365218,-1.115263,0.288498,-1.132595,0.314094,0.002729,0.001444
0,1.167366,-0.329539,-0.497339,0.02448,-0.542134,0.02976,0.003079,0.002066
0,0.607242,-0.291651,-0.535367,0.034621,-0.505151,0.044956,0.00278,0.002728
0,0.298138,-0.046843,-0.295508,0.273307,-0.254768,0.301705,0.002614,0.000818
0,0.046427,-0.030444,-0.224971,-0.009089,-0.26697,0.02885,0.00081,0.000531
0,-0.06679,-0.060008,-0.094191,-0.005977,-0.135947,0.026039,0.001166,0.001047
0,-0.267163,0.103899,-0.229973,0.157764,-0.25911,0.142935,0.003155,0.001813
0,-0.169589,-0.077787,0.072239,-0.154574,0.047251,-0.11485,0.00296,0.001358
0,-0.289511,0.175615,-0.142184,0.255793,-0.185093,0.2215,0.002765,0.003065
0,-0.396063,0.191154,-0.091809,0.026013,-0.120277,0.025067,0.000905,0.003336
0,-0.291166,0.082786,0.101273,-0.124842,0.055144,-0.140449,0.002736,0.001445
0,-0.17488,0.188652,0.139171,0.113717,0.097233,0.078316,0.003052,0.003293
0,0.102252,0.043044,0.284059,-0.165463,0.294153,-0.19385,0.001785,0.000751
0,-0.112303,0.057494,-0.201573,-0.007529,-0.21382,-0.022909,0.00196,0.001003
0,0.152784,0.081854,0.283553,0.032876,0.316321,0.008775,0.002667,0.001429
0,0.096964,0.114683,-0.04904,0.045803,-0.043376,0.056455,0.001692,0.002002
0,-0.086954,0.215861,-0.168425,0.101402,-0.149358,0.086741,0.001518,0.003767
0,0.139702,0.156605,0.205029,-0.06529,0.197274,-0.113306,0.002438,0.002733
0,0.172758,-0.010017,0.044016,-0.158075,0.057104,-0.154983,0.003015,0.000175
0,0.095556,0.110892,-0.105655,0.130138,-0.096325,0.141096,0.001668,0.001935
0,0.143395,0.119145,0.040713,-0.018469,0.009189,0.029416,0.002503,0.002079
0,-0.178402,0.103602,-0.310298,-0.005083,-0.346634,-0.016417,0.003114,0.001808
0,0.08569,0.082827,0.276477,-0.049525,0.252994,-0.043926,0.001496,0.001446
0,-0.999248,-0.443245,-1.069691,-0.555391,-1.089114,-0.531713,0.001804,8.2e-05
0,-2.762769,-0.519037,-1.779716,-0.077539,-1.731093,-0.069967,0.001312,0.001241
0,-2.714901,-0.913084,0.018097,-0.402407,-0.028441,-0.431935,0.000477,0.000301
0,-2.269058,-0.650553,0.440122,0.291861,0.461979,0.29254,0.000513,0.003536
0,-1.862511,-0.462887,0.380226,0.183668,0.422375,0.22067,0.001235,0.000261
0,-1.259722,-0.570724,0.632121,-0.109491,0.653341,-0.08998,0.001467,0.002143
0,-0.615114,-0.462578,0.642758,0.102761,0.680005,0.089498,0.002918,0.000256
0,-0.526601,-0.245423,0.117533,0.210701,0.098851,0.20611,0.001373,0.003534
0,-0.425967,0.003416,0.113244,0.251011,0.079983,0.226685,0.000383,6e-05
0,-0.252514,-0.134311,0.15237,-0.153491,0.149523,-0.164571,0.003411,0.002344
0,-0.038079,0.109058,0.193457,0.235825,0.152679,0.231456,0.000665,0.001903
0,0.273585,-0.108932,0.333369,-0.211941,0.349968,-0.17971,0.003043,0.001901
0,0.188159,-0.111161,-0.070524,0.018658,-0.072817,0.046174,0.003284,0.00194
0,0.255971,-0.002447,0.096524,0.10948,0.059948,0.0683,0.00335,4.3e-05
0,-0.008682,-0.012406,-0.250037,-0.035986,-0.275743,-0.063739,0.000152,0.000217
0,0.204857,0.168378,0.209059,0.178838,0.17498,0.202293,0.003575,0.002939
0,0.222579,0.089011,-0.005377,-0.050505,0.007322,-0.081532,0.003885,0.001554
0,-0.003143,0.109317,-0.231381,-0.006246,-0.220161,0.005989,5.5e-05,0.001908
0,0.020698,0.179453,0.027176,0.087193,0.027992,0.094428,0.000361,0.003132
0,0.132974,0.079554,0.116573,-0.079193,0.094825,-0.086831,0.002321,0.001388
0,0.076309,0.027777,-0.035197,-0.068487,-0.030863,-0.031409,0.001332,0.000485
0,0.026876,0.11967,-0.032657,0.083616,0.00226,0.081088,0.000469,0.002089
0,0.02763,-0.02165,-0.020111,-0.141822,0.01596,-0.119722,0.000482,0.000378
0,0.175482,0.168419,0.151669,0.170003,0.154564,0.158973,0.003063,0.002939
0,0.080037,-0.05206,-0.122525,-0.233412,-0.078529,-0.200819,0.001397,0.000909
0,-0.010287,0.102742,-0.095214,0.178715,-0.135037,0.213945,0.00018,0.001793
0,0.160504,-0.016368,0.188268,-0.112666,0.212262,-0.133155,0.002801,0.000286
0,-0.048271,-0.03578,-0.192542,0.007561,-0.21143,0.051336,0.000842,0.000624
0,0.134275,-0.025374,0.209367,0.016409,0.256891,-0.033115,0.002344,0.000443
0,0.231346,0.057468,0.119502,0.071288,0.073474,0.026125,0.00378,0.001003
0,-0.019966,0.041882,-0.233592,-0.029491,-0.20045,-0.002781,0.000348,0.000731
0,0.186323,0.20392,0.185512,0.159745,0.215862,0.156824,0.003252,0.003559
0,-0.052708,0.0408,-0.219475,-0.192176,-0.232071,-0.222289,0.00092,0.000712
0,-0.047327,-0.064741,0.026466,-0.081222,0.033067,-0.122305,0.000826,0.00113
0,0.169358,-0.013246,0.189615,0.053629,0.195495,0.088306,0.002956,0.000231
0,0.116784,0.029085,-0.047682,0.026388,-0.007734,-0.006199,0.002038,0.000508
0,0.120716,-0.033934,0.002999,-0.084438,0.017431,-0.050912,0.002107,0.000592
0,0.146545,0.144778,0.00124,0.160641,0.044639,0.146556,0.002558,0.002527
0,0.040973,0.127668,-0.125788,-0.011352,-0.09416,-0.042604,0.000715,0.002228
0,0.176018,-0.072131,0.145928,-0.210152,0.161907,-0.240658,0.003072,0.001259
0,-0.084725,0.016513,-0.25342,0.106579,-0.281605,0.132582,0.001479,0.000288
0,0.139675,-0.092455,0.243474,-0.083773,0.276304,-0.122924,0.002438,0.001614
0,3.158519,-0.528404,2.993299,-0.437815,2.950885,-0.447957,0.000401,0.001405
0,3.039129,-1.522093,-0.134836,-0.991611,-0.160157,-1.026538,0.001682,0.003112
0,2.977424,-1.484012,-0.060505,0.01703,-0.034782,-0.008367,0.002759,0.002447
0,3.121939,-1.528666,0.155911,-0.032758,0.200857,-0.061098,0.000237,0.003227
0,2.796867,-1.238859,-0.330737,0.306856,-0.35615,0.28021,0.001907,0.001831
0,2.538276,-0.988144,-0.252932,0.254645,-0.23996,0.216624,0.002606,0.001611
0,1.735456,-0.788079,-0.829429,0.21114,-0.865083,0.174119,0.000982,0.001881
0,1.441333,-0.517584,-0.314294,0.277577,-0.266822,0.313967,0.001702,0.001216
0,0.832463,-0.447215,-0.584461,0.08788,-0.579967,0.127423,0.001107,1.3e-05
0,0.537196,-0.239339,-0.311028,0.185303,-0.279798,0.143621,0.001558,0.003641
0,0.166425,0.004705,-0.350148,0.237477,-0.399121,0.22763,0.002905,8.2e-05
0,-0.461406,-0.334122,-0.604922,-0.357231,-0.592986,-0.349015,0.000235,0.001986
0,-0.447113,-1.385763,0.040559,-1.027497,0.06949,-0.991454,1.4e-05,0.000732
0,-0.801443,-1.657516,-0.352555,-0.2506,-0.355616,-0.215153,0.001648,0.002342
0,-0.655862,-1.757462,0.159438,-0.09866,0.189632,-0.080957,0.003629,0.000598
0,-0.786378,-1.609348,-0.105086,0.13625,-0.05819,0.183081,0.001911,0.003183
0,-0.6474,-1.374529,0.161441,0.215521,0.1907,0.213108,0.003481,0.000536
0,-0.446828,-1.072837,0.219063,0.282927,0.237003,0.309865,1.9e-05,0.003089
0,-0.303022,-0.812172,0.139397,0.241181,0.123322,0.284217,0.002529,0.001461
0,-0.460815,-0.480699,-0.157903,0.34433,-0.125459,0.336452,0.000225,0.000572
0,-0.282262,-0.314435,0.193652,0.154235,0.174135,0.122057,0.002891,0.00233
0,-0.087405,0.011394,0.182596,0.347275,0.216977,0.367387,0.001526,0.000199
0,0.00703,0.103612,0.111608,0.09835,0.073136,0.113369,0.000123,0.001808
0,-0.014466,0.211776,-0.006564,0.084999,-0.039982,0.133325,0.000252,0.003696
0,-0.033314,0.356184,0.004921,0.139056,-0.018816,0.167893,0.000581,0.001601
0,-0.165361,0.125636,-0.150791,-0.260253,-0.177979,-0.271934,0.002886,0.002193
0,0.0595,0.282145,0.23441,0.131958,0.197835,0.175863,0.001038,0.002894
0,-0.063217,0.141409,-0.109295,-0.115062,-0.093426,-0.14291,0.001103,0.002468
0,-0.011471,0.323663,0.023205,0.187329,0.060858,0.144915,0.0002,0.002169
0,0.142599,0.232449,0.142635,-0.118213,0.161234,-0.116221,0.002489,0.003761
0,0.13843,0.046176,0.024689,-0.186669,0.027599,-0.193076,0.002416,0.000806
0,-0.027522,0.081973,-0.180696,0.020878,-0.183666,0.005405,0.00048,0.001431
0,-0.10454,-0.179749,-0.085649,-0.256873,-0.119885,-0.254759,0.001825,0.003137
0,-0.101324,-0.154034,-0.010719,0.054573,-0.005169,0.085885,0.001768,0.002688
0,-0.104039,-0.159916,-0.019484,0.003259,-0.042377,-0.011938,0.001816,0.002791
0,0.097082,0.087501,0.211535,0.23578,0.247528,0.232078,0.001694,0.001527
0,0.060058,0.084449,-0.056258,-0.011964,-0.055113,0.01602,0.001048,0.001474
0,0.109721,0.084315,0.041322,0.002096,0.012904,-0.006037,0.001915,0.001472
0,-0.167252,0.078098,-0.272721,0.022365,-0.248907,0.014169,0.002919,0.001363
0,-0.00564,0.098048,0.17739,-0.008977,0.14596,0.023607,9.8e-05,0.001711
0,-0.164802,-0.184698,-0.17238,-0.266447,-0.17555,-0.292048,0.002876,0.003224
0,-0.00288,0.07695,0.148025,0.26538,0.12981,0.233355,5e-05,0.001343
0,0.067604,0.099933,0.094894,0.00905,0.086664,-0.026902,0.00118,0.001744
0,-0.092815,-0.091609,-0.18137,-0.18255,-0.147819,-0.163281,0.00162,0.001599
0,0.073527,0.066834,0.175836,0.177615,0.172633,0.189094,0.001283,0.001166
0,-0.01244,0.091598,-0.09094,0.038482,-0.084567,0.007394,0.000217,0.001599
0,0.078759,0.039193,0.061751,-0.080901,0.08035,-0.094488,0.001375,0.000684
0,0.167534,0.166543,0.100574,0.138161,0.088478,0.127671,0.002924,0.002907
0,-0.008019,0.130414,-0.172787,-0.016663,-0.167716,-0.047894,0.00014,0.002276
0,-0.091895,0.046366,-0.099683,-0.087342,-0.128107,-0.087933,0.001604,0.000809
0,-0.006376,-0.139073,0.081402,-0.183958,0.101047,-0.138887,0.000111,0.002427
0,-0.178113,-0.070165,-0.1438,0.050026,-0.164848,0.091111,0.003109,0.001225
0,0.039345,0.072619,0.189028,0.164604,0.182029,0.193325,0.000687,0.001267
0,-0.013867,-0.128494,-0.038348,-0.177891,0.00192,-0.146973,0.000242,0.002243
0,0.057441,0.066247,0.058455,0.19204,0.046072,0.170194,0.001003,0.001156
0,-0.042904,-0.035612,-0.117139,-0.080841,-0.157069,-0.035796,0.000749,0.000622
0,0.021653,-0.131358,0.057587,-0.071066,0.030948,-0.100528,0.000378,0.002293
0,-0.155543,0.054099,-0.194699,0.196226,-0.175098,0.170347,0.002715,0.000944
0,0.088637,-0.181329,0.2241,-0.25941,0.264574,-0.226395,0.001547,0.003165
0,-0.1826,0.083038,-0.298332,0.239387,-0.248867,0.270598,0.003187,0.001449
0,-0.110978,0.067718,0.083655,-0.032089,0.129994,-0.006306,0.001937,0.001182
0,0.040842,-0.176651,0.166308,-0.250358,0.122986,-0.205726,0.000713,0.003083
0,0.021743,0.074901,-0.014725,0.223665,-0.05819,0.238168,0.000379,0.001307
0,-0.142001,-0.180628,-0.177448,-0.264624,-0.130284,-0.299182,0.002478,0.003153
0,0.047329,-0.202061,0.183447,-0.039584,0.203735,-0.085635,0.000826,0.003527
0,-0.117321,-0.191038,-0.17755,0.028978,-0.21492,0.067388,0.002048,0.003334
0,0.005826,0.093939,0.102097,0.261171,0.07564,0.284009,0.000102,0.00164
0,0.102104,-0.04552,0.110678,-0.129836,0.102778,-0.114215,0.001782,0.000794
0,0.037584,-0.106255,-0.056824,-0.083505,-0.042691,-0.085718,0.000656,0.001855
0,0.102764,-0.024348,0.048427,0.061602,0.034773,0.096566,0.001794,0.000425
0,-0.03321,0.149615,-0.163002,0.200544,-0.140813,0.191841,0.00058,0.002611
0,0.049546,-0.05362,0.054922,-0.230055,0.091204,-0.269946,0.000865,0.000936
0,0.140086,0.14409,0.061919,0.176797,0.081594,0.225434,0.002445,0.002515
0,-0.032,-0.001904,-0.165935,-0.134613,-0.175504,-0.15229,0.000559,3.3e-05
0,0.096518,-0.02809,0.137942,-0.033786,0.133948,-0.079557,0.001685,0.00049
0,0.141223,-0.174634,0.029258,-0.141551,0.035145,-0.094251,0.002465,0.003048
0,0.00562,0.015976,-0.130507,0.169423,-0.140021,0.142331,9.8e-05,0.000279
0,0.068877,-0.091355,0.044718,-0.090392,0.048852,-0.127056,0.001202,0.001594
0,-0.080129,0.021098,-0.137005,0.118261,-0.096048,0.141908,0.001399,0.000368
0,0.019977,-0.057906,0.072152,-0.095583,0.117515,-0.113619,0.000349,0.001011
0,0.027362,-0.040142,0.005986,0.044196,-0.03023,-0.001158,0.000478,0.000701
0,0.063669,0.013991,0.014107,0.0298,0.046126,0.003468,0.001111,0.000244
0,-0.065686,-0.012222,-0.154652,-0.028028,-0.132565,-0.033178,0.001146,0.000213
0,0.175579,0.053179,0.237013,0.073823,0.279732,0.034553,0.003064,0.000928
0,0.206327,0.037057,0.027772,-0.030871,0.058029,-0.074723,0.003601,0.000647
0,-0.041468,0.033409,-0.240363,-0.016181,-0.215747,0.013858,0.000724,0.000583
0,-0.082545,-0.051085,-0.024502,-0.059131,-0.059372,-0.081379,0.001441,0.000892
0,0.157411,-0.028233,0.240425,0.042619,0.199273,0.027794,0.002747,0.000493
0,0.0645,-0.011231,-0.072945,0.031808,-0.112669,0.001883,0.001126,0.000196
0,0.2067,-0.130952,0.150998,-0.144448,0.196266,-0.145743,0.003608,0.002286
0,0.20308,0.058607,0.005681,0.181585,-0.012456,0.210463,0.003544,0.001023
0,-0.098273,0.019443,-0.287614,-0.042685,-0.262262,-0.010875,0.001715,0.000339
0,0.138735,-0.199371,0.226969,-0.200709,0.259904,-0.182099,0.002421,0.00348
0,0.039684,-0.134072,-0.080888,0.037543,-0.039566,0.021384,0.000693,0.00234
0,0.185854,0.014559,0.142527,0.164595,0.176044,0.185181,0.003244,0.000254
0,0.004276,-0.190593,-0.172036,-0.187958,-0.131323,-0.222523,7.5e-05,0.003326
0,0.011643,-0.127906,-0.001519,0.059468,0.048183,0.053804,0.000203,0.002232
0,0.105619,0.096373,0.084827,0.207321,0.106473,0.231354,0.001843,0.001682
0,0.114702,0.10411,0.002138,0.024968,-0.000433,0.002696,0.002002,0.001817
0,0.183782,-0.128369,0.046499,-0.258597,0.024868,-0.305448,0.003208,0.00224
0,0.190338,0.04852,-0.022224,0.171861,0.005836,0.197589,0.003322,0.000847
0,0.233239,0.063148,0.027053,0.014927,0.074581,0.012076,0.003747,0.001102
0,-0.028261,0.011859,-0.276093,-0.030739,-0.288039,-0.040394,0.000493,0.000207
0,0.106596,-0.199214,0.130027,-0.228062,0.089883,-0.242305,0.00186,0.003477
0,-0.00307,-0.096533,-0.079911,0.078794,-0.116148,0.069341,5.4e-05,0.001685
0,0.090128,0.06126,0.071966,0.175619,0.118267,0.151264,0.001573,0.001069
0,0.067815,0.101291,-0.009474,0.055413,0.006778,0.098374,0.001184,0.001768
0,0.124366,0.020427,0.082914,-0.079701,0.093098,-0.103834,0.002171,0.000357
0,-0.067991,-0.118345,-0.173398,-0.15014,-0.208653,-0.199804,0.001187,0.002066
0,0.074672,-0.009407,0.124694,0.087416,0.123641,0.05023,0.001303,0.000164
0,-0.049215,0.038888,-0.110046,0.061764,-0.097404,0.029918,0.000859,0.000679
0,-0.034322,0.075008,0.026811,0.038277,0.038487,0.059249,0.000599,0.001309
0,0.102061,-0.036367,0.128971,-0.102778,0.096472,-0.116885,0.001781,0.000635
0,-0.010848,0.016231,-0.115631,0.062348,-0.121246,0.037642,0.000189,0.000283
0,-0.081194,0.062881,-0.054606,0.024117,-0.037586,0.065781,0.001417,0.001097
0,-0.053738,0.027815,0.015196,-0.056956,0.057653,-0.102645,0.000938,0.000485
0,0.078073,-0.194727,0.103569,-0.251233,0.05776,-0.254631,0.001363,0.003399
0,0.112092,0.035982,0.059786,0.212915,0.096765,0.179102,0.001956,0.000628
0,0.078431,-0.119393,-0.046955,-0.163109,-0.004177,-0.146518,0.001369,0.002084
0,-0.072829,0.034156,-0.136822,0.163682,-0.117869,0.195519,0.001271,0.000596
0,-0.023182,0.066761,0.028009,0.03326,0.039365,0.005317,0.000405,0.001165
0,0.065862,-0.16137,0.070611,-0.208204,0.040324,-0.186571,0.00115,0.002816
0,0.021563,0.006158,-0.047371,0.140943,-0.009382,0.134072,0.000376,0.000107
0,-0.01292,-0.067982,-0.007136,-0.054994,-0.041706,-0.014346,0.000226,0.001187
0,-0.006027,-0.024955,-0.000351,0.013735,-0.010342,0.016757,0.000105,0.000436
0,0.027607,0.006205,0.010569,0.056022,0.002438,0.035081,0.000482,0.000108
0,0.215262,-0.017248,0.164844,-0.006062,0.145752,0.012546,0.003757,0.000301
0,0.229005,-0.031372,0.028167,-0.040845,-0.017823,-0.033798,0.003821,0.000548
0,0.148683,0.101164,-0.08087,0.110694,-0.037291,0.080267,0.002595,0.001766
0,0.122591,-0.024386,-0.048219,-0.153948,-0.042075,-0.178415,0.00214,0.000426
0,-0.004668,-0.021703,-0.147591,-0.00584,-0.111057,-0.031818,8.1e-05,0.000379
0,0.101084,-0.070448,0.109242,-0.058698,0.148351,-0.103633,0.001764,0.00123
0,-0.010625,0.081082,-0.101639,0.14876,-0.140528,0.190433,0.000185,0.001415
0,-1.480494,1.115441,-1.464793,1.046244,-1.504291,1.031066,0.002386,0.003832
0,-3.625611,2.179182,-2.173908,1.039774,-2.156051,1.054487,0.000736,0.001055
0,-4.31129,2.180012,-0.656464,0.008176,-0.637923,-0.026658,0.002933,0.001041
0,-4.18104,2.26638,0.101211,0.066591,0.133207,0.063676,0.002612,0.000466
0,-3.214762,2.238464,0.939474,-0.052098,0.941997,-0.036964,0.001383,2.1e-05
0,-2.536997,1.734888,0.693378,-0.496859,0.676843,-0.541559,0.002628,0.000992
0,-1.70886,1.73299,0.846089,-0.01764,0.876229,-0.013791,0.001446,0.001025
0,-1.3289,0.928279,0.366517,-0.810548,0.357808,-0.843896,0.00026,0.000566
0,-0.934357,0.737879,0.366044,-0.19774,0.414664,-0.176425,0.000672,0.002757
0,-0.771579,0.390418,0.18896,-0.373774,0.155651,-0.409546,0.002169,0.001004
0,-0.080751,0.175053,0.695122,-0.226527,0.694421,-0.255782,0.001409,0.003055
0,0.083781,0.056377,0.189005,-0.092334,0.148754,-0.086797,0.001462,0.000984
0,0.257282,-0.234315,0.158735,-0.292217,0.172483,-0.325417,0.003327,0.003728
0,0.293877,-0.255735,0.051019,-0.006486,0.041768,-0.025439,0.002689,0.003354
0,0.385784,-0.258227,0.087022,-0.027101,0.132682,-0.015632,0.001085,0.003311
0,0.273956,-0.114207,-0.124494,0.130003,-0.08555,0.106871,0.003036,0.001993
0,0.088714,0.007679,-0.206056,0.09715,-0.17998,0.119986,0.001548,0.000134
0,0.022939,-0.212811,-0.054341,-0.20539,-0.045309,-0.237326,0.0004,0.003714
0,0.147971,-0.208546,0.129207,0.002483,0.148877,0.000362,0.002583,0.00364
0,-0.120512,-0.181059,-0.271228,0.034141,-0.251815,0.021289,0.002103,0.00316
0,0.064736,-0.07166,0.172566,0.101586,0.19487,0.137944,0.00113,0.001251
0,0.005696,0.064689,-0.042906,0.15804,-0.09012,0.199814,9.9e-05,0.001129
0,-0.088062,-0.171799,-0.101665,-0.21204,-0.10573,-0.216651,0.001537,0.002998
0,-0.1207,-0.034565,-0.003924,0.152981,-0.037398,0.170927,0.002107,0.000603
0,0.059045,0.124257,0.178471,0.138621,0.226765,0.123744,0.001031,0.002169
0,-0.064563,0.021494,-0.118505,-0.077274,-0.127618,-0.027534,0.001127,0.000375
0,-0.086964,-0.147795,-0.049388,-0.198549,-0.013379,-0.216231,0.001518,0.00258
0,-0.123211,0.088745,-0.030135,0.235323,-0.076853,0.261593,0.00215,0.001549
0,-1.642872,-0.154915,-1.504526,-0.214541,-1.483877,-0.224955,0.002598,0.002704
0,-2.143478,-1.001467,-0.519163,-0.828866,-0.485053,-0.864906,0.001679,0.001843
0,-2.952191,-1.066613,-0.824905,-0.044219,-0.871345,-0.094004,0.0032,0.00298
0,-2.93672,-1.03581,0.027222,0.011238,0.067588,0.021906,0.00347,0.002443
0,-3.388041,-0.780362,-0.444461,0.26578,-0.40825,0.263253,0.003411,0.002016
0,-3.199928,-0.851273,0.181948,-0.042427,0.196282,-0.023715,0.001124,0.000778
0,-2.644466,-0.73992,0.566209,0.126969,0.574539,0.116464,0.000753,0.002722
0,-1.898063,-0.55068,0.740975,0.20535,0.747838,0.19433,0.001856,0.001793
0,-1.404389,-0.537502,0.497125,-0.001256,0.487411,-0.009908,0.001058,0.001563
0,-0.610545,-0.373625,0.797851,0.136109,0.817139,0.134613,0.002838,0.001297
0,-0.343568,-0.49685,0.285579,-0.14227,0.236908,-0.148595,0.001821,0.000854
0,0.112818,-0.257656,0.471267,0.235759,0.480851,0.191097,0.001969,0.003321
0,0.152037,-0.163699,0.018312,0.117024,0.027745,0.094412,0.002654,0.002857
0,0.21032,-0.187926,0.058016,-0.048334,0.057057,-0.024055,0.003671,0.00328
0,0.490417,-0.110775,0.250841,0.05336,0.294926,0.01738,0.000742,0.001933
0,0.359093,0.155155,-0.132213,0.275206,-0.153062,0.312616,0.001551,0.002708
0,0.480497,0.131609,0.116024,-0.009508,0.102152,-0.025194,0.000568,0.002297
0,0.319031,0.084869,-0.154854,-0.046765,-0.166958,-0.030691,0.00225,0.001481
0,0.069124,0.236344,-0.242927,0.137095,-0.256642,0.101313,0.001206,0.003693
0,0.262137,-0.034491,0.172014,-0.241824,0.154824,-0.248911,0.003243,0.000602
0,-0.0296,-0.096347,-0.316076,-0.044146,-0.294231,-0.02103,0.000517,0.001682
0,0.204639,0.028352,0.236113,0.141405,0.269973,0.09553,0.003572,0.000495
0,0.136551,0.098723,-0.056457,0.099343,-0.087121,0.134813,0.002383,0.001723
0,-0.107054,-0.015348,-0.229495,-0.13373,-0.27398,-0.130716,0.001868,0.000268
0,-0.010384,0.001066,0.068151,0.034985,0.086703,-0.010099,0.000181,1.9e-05
0,-0.167736,0.094858,-0.170803,0.096779,-0.176962,0.130074,0.002928,0.001656
0,-0.079236,-0.137877,0.096728,-0.260501,0.129621,-0.297477,0.001383,0.002406
0,0.104004,0.021552,0.188786,0.165076,0.144045,0.186082,0.001815,0.000376
0,-0.116313,-0.057837,-0.248762,-0.075362,-0.216306,-0.046431,0.00203,0.001009
0,-0.173918,-0.054468,-0.03028,0.02131,-0.038114,0.046923,0.003035,0.000951
0,-0.181857,-0.054399,-0.00183,0.010191,0.037307,-0.032729,0.003174,0.000949
0,-0.192454,0.147936,-0.036951,0.180248,-0.014712,0.13812,0.003359,0.002582
0,-0.088565,-0.103071,0.087365,-0.247055,0.092722,-0.268712,0.001546,0.001799
0,-0.174633,0.124649,-0.10953,0.244294,-0.115393,0.292104,0.003048,0.002176
0,-0.178548,-0.128723,0.018963,-0.255653,-0.008216,-0.296624,0.003116,0.002247
0,-0.029525,-0.127104,0.172817,0.024352,0.127927,0.051163,0.000515,0.002218
0,-0.007612,-0.024606,-0.00233,0.131883,0.031846,0.134506,0.000133,0.000429
0,-0.047579,0.082065,-0.016672,0.120277,0.018888,0.110758,0.00083,0.001432
0,-0.10189,-0.040741,-0.0826,-0.133188,-0.059622,-0.170866,0.001778,0.000711
0,-0.165539,0.045938,-0.087287,0.10076,-0.091022,0.071703,0.002889,0.000802
0,-0.152357,-0.101045,0.042687,-0.128861,0.076932,-0.143408,0.002659,0.001764
0,-0.243532,-0.030128,-0.099619,0.087563,-0.115262,0.098559,0.003567,0.000526
0,-0.145035,0.0715,0.072727,0.118801,0.038683,0.108382,0.002531,0.001248
0,0.042054,-0.060441,0.182089,-0.12377,0.22055,-0.094232,0.000734,0.001055
0,-0.016721,-0.14959,-0.050444,-0.063147,-0.009868,-0.090786,0.000292,0.002611
0,-0.167938,-0.062957,-0.165978,0.057907,-0.211879,0.069876,0.002931,0.001099
0,0.033287,-0.178959,0.17794,-0.102263,0.167285,-0.064491,0.000581,0.003123
0,-0.983282,-1.089632,-0.991075,-0.919205,-0.986056,-0.939446,0.001526,0.003382
0,-1.35861,-2.223108,-0.357592,-1.127283,-0.341041,-1.112779,0.000259,0.000289
0,-1.391042,-2.585491,-0.021491,-0.339541,0.011567,-0.36602,0.000825,0.001782
0,-1.073169,-2.216271,0.297516,0.343331,0.290213,0.343249,0.003095,0.000408
0,-0.75251,-1.861621,0.345818,0.365262,0.388061,0.362176,0.002502,0.00122
0,-0.513559,-1.168103,0.240622,0.720105,0.253111,0.733074,0.001145,0.003066
0,-0.488485,-0.945575,0.04583,0.249343,0.023924,0.278996,0.000708,0.000868
0,-0.149008,-0.685243,0.328439,0.270753,0.331715,0.225769,0.002601,0.003676
0,-0.163397,0.060996,-0.037333,0.735523,-0.007136,0.779635,0.002852,0.001065
0,-0.015712,0.314131,0.140887,0.22447,0.148642,0.230031,0.000274,0.002335
0,-0.124053,0.334837,-0.102611,0.041675,-0.116576,0.024869,0.002165,0.001974
0,0.010157,0.442065,0.12592,0.136976,0.090851,0.15906,0.000177,0.000102
0,0.099905,0.318977,0.103553,-0.097603,0.074864,-0.067204,0.001744,0.002251
0,0.140702,0.2403,0.036454,-0.069309,0.062805,-0.081708,0.002456,0.003624
0,0.114138,0.128617,-0.023467,-0.134073,0.023288,-0.086502,0.001992,0.002245
0,0.113404,0.184853,0.005154,0.055695,-0.01155,0.083807,0.001979,0.003226
0,0.199436,-0.098573,0.113131,-0.280542,0.078167,-0.253868,0.003481,0.00172
0,0.063454,-0.048413,-0.113309,0.041766,-0.127685,0.017168,0.001107,0.000845
0,-0.002019,0.066325,-0.042417,0.140318,-0.028911,0.144974,3.5e-05,0.001158
0,0.031032,-0.139566,0.022444,-0.19663,-0.015154,-0.203922,0.000542,0.002436
0,0.207575,-0.119823,0.179861,0.026431,0.204715,0.032383,0.003623,0.002091
0,0.051711,-0.078178,-0.166211,0.042933,-0.187341,0.017777,0.000903,0.001364
0,0.044321,-0.078119,-0.017693,0.022553,-0.003719,0.051574,0.000774,0.001363
0,-0.072384,-0.201765,-0.096972,-0.136771,-0.100158,-0.160415,0.001263,0.003521
0,0.008401,0.054647,0.100457,0.269186,0.123821,0.253011,0.000147,0.000954
0,-0.058621,0.078393,-0.085172,0.050831,-0.131354,0.014418,0.001023,0.001368
0,0.079857,0.052664,0.155341,-0.028166,0.160789,-0.036039,0.001394,0.000919
0,-0.076244,-0.067853,-0.126141,-0.111103,-0.118612,-0.076717,0.001331,0.001184
0,-0.010495,-0.218513,0.068473,-0.172437,0.076853,-0.178489,0.000183,0.003814
0,0.141502,-0.134502,0.146964,0.078778,0.164634,0.119101,0.00247,0.002348
0,0.073172,-0.092039,-0.079266,0.043305,-0.068479,0.068038,0.001277,0.001606
0,0.026164,-0.104063,-0.075467,0.007067,-0.085237,0.021757,0.000457,0.001816
0,0.032665,-0.192463,0.012878,-0.064832,0.032154,-0.020196,0.00057,0.003359
0,0.206482,-0.142919,0.143875,0.045601,0.129579,0.043056,0.003604,0.002494
0,0.094143,0.037783,-0.098892,0.167976,-0.094145,0.121796,0.001643,0.000659
0,0.003663,-0.170605,-0.07901,-0.219128,-0.06999,-0.261577,6.4e-05,0.002978
0,0.014339,-0.177603,0.007817,-0.03308,-0.032315,-0.006528,0.00025,0.0031
0,0.107172,0.10227,0.072848,0.252575,0.115822,0.248349,0.001871,0.001785
0,0.096573,-0.13389,0.011422,-0.212239,-0.006049,-0.180559,0.001686,0.002337
0,0.179349,-0.220959,0.087698,-0.116912,0.131696,-0.090269,0.00313,0.003856
0,0.105073,-0.162715,-0.059868,0.032806,-0.068684,0.02265,0.001834,0.00284
0,0.18793,-0.230449,0.107575,-0.067599,0.075245,-0.043643,0.00328,0.003796
0,0.045716,0.011194,-0.170899,0.220263,-0.212363,0.261603,0.000798,0.000195
0,0.136423,-0.086442,0.100753,-0.097029,0.136907,-0.139255,0.002381,0.001509
0,0.06354,-0.216182,-0.049748,-0.105118,-0.021,-0.115037,0.001109,0.003773
0,0.096181,-0.114203,0.013348,0.095293,-0.018623,0.074866,0.001679,0.001993
0,-0.041568,-0.044346,-0.141308,0.063776,-0.136384,0.058052,0.000726,0.000774
0,0.076533,-0.004751,0.104472,0.035758,0.078743,0.072611,0.001336,8.3e-05
0,0.070225,-0.15701,0.023618,-0.180738,0.054189,-0.135316,0.001226,0.00274
0,-0.109106,-0.079962,-0.180873,0.063239,-0.172699,0.105833,0.001904,0.001396
0,0.015832,0.041035,0.120438,0.110613,0.152017,0.100167,0.000276,0.000716
0,0.032298,0.050104,0.017458,-0.004014,0.028151,0.043127,0.000564,0.000874
0,-0.086901,-0.102963,-0.094599,-0.13927,-0.090952,-0.107565,0.001517,0.001797
0,-0.020963,0.084296,0.083716,0.205223,0.132349,0.168099,0.000366,0.001471
0,0.035869,0.06453,0.077102,-0.005954,0.065465,-0.040721,0.000626,0.001126
0,-0.043954,0.069247,-0.054618,-0.016986,-0.045848,0.018027,0.000767,0.001209
0,-0.184933,-0.024783,-0.167789,-0.08115,-0.172737,-0.062458,0.003228,0.000433
0,-0.101519,-0.1436,0.08877,-0.104985,0.112508,-0.07325,0.001772,0.002506
0,-0.137163,-0.081535,-0.056996,0.072661,-0.081013,0.06569,0.002394,0.001423
0,0.052104,-0.122307,0.215697,-0.060148,0.235212,-0.046756,0.000909,0.002135
0,-0.155183,-0.145507,-0.202132,-0.050685,-0.194117,-0.053011,0.002708,0.00254
0,-0.094048,-0.095662,0.051129,0.053158,0.039361,0.029501,0.001641,0.00167
0,0.048559,0.039604,0.15138,0.133594,0.115571,0.180802,0.000848,0.000691
0,0.1207,0.073684,0.04704,0.056273,0.032665,0.081808,0.002107,0.001286
0,-0.091851,0.020273,-0.189656,-0.06333,-0.160996,-0.045966,0.001603,0.000354
0,-0.120963,-0.016222,-0.009988,-0.038351,-0.030601,-0.085748,0.002111,0.000283
0,-0.087907,0.052393,0.051955,0.096364,0.031367,0.066348,0.001534,0.000914
0,-0.198386,-0.051549,-0.099929,-0.12833,-0.148791,-0.168833,0.003462,0.0009
0,-0.002839,0.001157,0.196425,0.076336,0.222399,0.109256,5e-05,2e-05
0,-0.142019,0.0084,-0.148063,0.027561,-0.175061,0.045905,0.002479,0.000147
0,-0.215359,-0.063398,-0.086393,-0.101268,-0.055173,-0.136623,0.003759,0.001107
0,-0.248914,-0.105665,-0.004131,-0.031247,0.032524,-0.014976,0.003474,0.001844
0,-0.074545,0.17667,0.174155,0.283966,0.196509,0.304353,0.001301,0.003083
0,-0.207548,-0.103358,-0.145633,-0.28721,-0.124082,-0.303023,0.003622,0.001804
0,-0.220687,0.035285,-0.008779,0.125621,-0.010445,0.098692,0.003852,0.000616
0,0.108751,0.003424,0.306349,-0.057805,0.268352,-0.049021,0.001898,6e-05
0,0.056552,0.212389,-0.068767,0.180379,-0.029203,0.148317,0.000987,0.003707
0,-0.182047,-0.038965,-0.218164,-0.249353,-0.181435,-0.25744,0.003177,0.00068
0,-0.149098,0.044324,0.027727,0.109844,0.062389,0.13589,0.002602,0.000774
0,-0.117789,0.117034,0.018878,0.043856,0.047337,0.065896,0.002056,0.002043
0,0.063392,-0.009475,0.177903,-0.127602,0.165584,-0.16863,0.001106,0.000165
0,0.053103,-0.045437,-0.039109,-0.030338,-0.077073,-0.077606,0.000927,0.000793
0,-0.104398,-0.12681,-0.141346,-0.059806,-0.138589,-0.036882,0.001822,0.002213
0,-0.081541,0.142127,0.03805,0.260775,0.006157,0.278851,0.001423,0.002481
0,-0.119425,0.019997,-0.019778,-0.119943,-0.024371,-0.144069,0.002084,0.000349
0,-0.10767,0.087289,0.023579,0.046593,-0.018146,0.05716,0.001879,0.001523
0,0.044804,-0.140193,0.16854,-0.252929,0.211283,-0.248443,0.000782,0.002447
0,0.157222,-0.036445,0.128597,0.125786,0.114651,0.116514,0.002744,0.000636
0,0.155793,-0.027937,0.023889,-0.012894,0.062058,-0.025516,0.002719,0.000488
0,-0.100432,-0.140487,-0.256689,-0.12484,-0.231203,-0.118725,0.001753,0.002452
0,0.077099,0.004723,0.191894,0.172332,0.16352,0.15748,0.001346,8.2e-05
0,-0.026957,-0.105651,-0.098359,-0.133148,-0.099896,-0.112784,0.00047,0.001844
0,0.070534,-0.070254,0.107517,0.014221,0.124025,-0.015258,0.001231,0.001226
0,0.22633,-0.186943,0.150555,-0.142306,0.171297,-0.104732,0.003868,0.003263
0,0.088915,-0.132648,-0.162106,0.070437,-0.196264,0.067946,0.001552,0.002315
0,0.272788,0.041213,0.20522,0.15446,0.240746,0.164766,0.003057,0.000719
0,0.289971,0.019439,0.013099,-0.029641,-0.017772,-0.04926,0.002757,0.000339
0,0.102997,0.105342,-0.158329,0.062425,-0.108828,0.092302,0.001798,0.001839
0,0.022604,-0.098715,-0.080623,-0.176591,-0.082655,-0.204394,0.000395,0.001723
0,0.010934,-0.07986,-0.03973,0.022898,-0.032941,0.062995,0.000191,0.001394
0,0.20115,-0.050412,0.175255,0.003934,0.221029,0.016118,0.003511,0.00088
0,-0.068643,-0.059142,-0.259493,-0.004378,-0.271139,-0.047436,0.001198,0.001032
0,0.204924,-0.068402,0.273101,-0.005945,0.274634,0.025119,0.003577,0.001194
0,-0.00835,-0.139499,-0.208683,-0.051678,-0.190033,-0.093603,0.000146,0.002435
0,-0.103171,-0.04788,-0.0931,0.075576,-0.101797,0.102732,0.001801,0.000836
0,0.093817,-0.026213,0.212686,0.033087,0.249574,-0.008716,0.001637,0.000457
0,0.140531,-0.103372,0.030317,-0.074181,0.072535,-0.028991,0.002453,0.001804
0,-0.041634,-0.062518,-0.154295,0.032944,-0.165856,0.01713,0.000727,0.001091
0,-0.127212,-0.027047,-0.06262,0.054621,-0.013638,0.021393,0.00222,0.000472
0,0.065449,-0.127052,0.203783,-0.101387,0.200417,-0.118428,0.001142,0.002217
0,-0.089186,0.004912,-0.133109,0.158499,-0.097072,0.197399,0.001557,8.6e-05
0,-0.173738,-0.015153,-0.073375,-0.043046,-0.089711,-0.037798,0.003032,0.000264
0,-0.10779,0.036441,0.072144,0.073134,0.030553,0.095304,0.001881,0.000636
0,0.13106,0.083332,0.24008,0.026983,0.211875,0.047575,0.002287,0.001454
0,0.118125,-0.027773,-0.040967,-0.108053,-0.023936,-0.104213,0.002062,0.000485
0,0.080668,0.040227,-0.016353,0.063216,0.027501,0.048189,0.001408,0.000702
0,0.009747,-0.086647,-0.073361,-0.130658,-0.041128,-0.163874,0.00017,0.001512
0,0.115891,-0.033837,0.128802,0.07901,0.150475,0.036449,0.002023,0.000591
0,-0.059363,-0.055266,-0.160444,-0.032333,-0.190012,-0.008286,0.001036,0.000965
0,0.090453,-0.024188,0.158732,0.014689,0.124791,-0.009362,0.001579,0.000422
0,0.046684,-0.055752,-0.056747,-0.042977,-0.041954,-0.086581,0.000815,0.000973
0,0.106701,-0.040526,0.073947,0.03012,0.03289,0.074604,0.001862,0.000707
0,0.037602,-0.105238,-0.048186,-0.036746,-0.098085,-0.081125,0.000656,0.001837
0,0.265784,0.039962,0.231955,0.15965,0.276583,0.206508,0.003179,0.000697
0,0.04387,0.140369,-0.226681,0.114458,-0.24906,0.128943,0.000766,0.00245
0,0.141091,0.050354,0.073567,-0.068184,0.075266,-0.092157,0.002462,0.000879
0,0.14188,0.118216,-0.021063,0.07189,-0.033087,0.05268,0.002476,0.002063
0,0.1393,0.122982,0.014775,-4.9e-05,0.00218,-0.037978,0.002431,0.002146
0,-0.05974,0.104367,-0.176465,-0.026698,-0.127347,-0.011011,0.001043,0.001822
0,-0.029579,-0.039276,0.013666,-0.166505,0.057752,-0.148522,0.000516,0.000685
0,-0.051212,0.185376,0.001253,0.236485,0.048369,0.280514,0.000894,0.003235
0,-0.038581,0.190188,0.000506,0.028026,-0.032021,0.063582,0.000673,0.003319
0,-0.022761,0.018525,0.013093,-0.171891,-0.013316,-0.220194,0.000397,0.000323
0,-0.068886,0.032035,-0.039977,0.023533,-0.065324,0.041682,0.001202,0.000559
0,0.13296,0.076076,0.188183,0.048106,0.234199,0.053387,0.002321,0.001328
0,0.183248,0.187952,0.031821,0.099396,0.081595,0.097763,0.003198,0.00328
0,0.082518,0.204724,-0.080274,-0.008682,-0.053204,-0.031726,0.00144,0.003573
0,0.029768,0.199302,-0.064742,-0.010488,-0.096177,-0.009806,0.00052,0.003478
0,0.238935,0.102986,0.233551,-0.108527,0.258928,-0.10757,0.003648,0.001797
0,0.022452,0.154835,-0.241641,0.041174,-0.255817,0.083194,0.000392,0.002702
0,-0.109351,0.008304,-0.146814,-0.1443,-0.126331,-0.173992,0.001909,0.000145
0,0.056235,-0.032839,0.157534,-0.012888,0.187947,-0.041149,0.000981,0.000573
0,-0.128381,-0.0527,-0.174711,-0.048927,-0.14438,-0.07956,0.002241,0.00092
0,-0.292968,-0.566918,-0.182368,-0.535768,-0.140683,-0.527506,0.002705,0.002077
0,-0.509056,-1.410153,-0.19837,-0.82696,-0.231604,-0.824501,0.001067,0.001158
0,-0.556542,-1.167419,-0.065125,0.243746,-0.027882,0.252499,0.001896,0.003078
0,-0.593072,-1.314011,-0.029728,-0.162826,-0.07949,-0.202973,0.002533,0.00052
0,-0.901085,-0.984226,-0.287085,0.322636,-0.282299,0.286633,9.1e-05,0.001542
0,-0.71205,-0.70319,0.21393,0.251291,0.257096,0.236256,0.003208,0.003363
0,-0.689815,-0.589747,0.011507,0.105627,-0.030397,0.093473,0.003596,0.002475
0,-0.39092,-0.344237,0.291124,0.253078,0.30725,0.261076,0.000995,0.00181
0,-0.183458,-0.335106,0.205182,0.007914,0.194809,-0.021113,0.003202,0.001969
0,-0.019328,-0.08898,0.176863,0.240681,0.215901,0.218327,0.000337,0.001553
0,0.182917,0.148301,0.220147,0.240154,0.180561,0.194628,0.003193,0.002588
0,-0.059914,0.221937,-0.237957,0.095058,-0.262814,0.080592,0.001046,0.003874
0,0.165966,0.111369,0.209017,-0.080682,0.195189,-0.088009,0.002897,0.001944
0,0.145571,0.229909,-0.012002,0.112954,-0.021284,0.07406,0.002541,0.003805
0,0.034553,0.240166,-0.11077,0.028171,-0.063291,-0.013038,0.000603,0.003626
0,-0.000475,0.020111,-0.038819,-0.209699,0.011069,-0.207912,8e-06,0.000351
0,0.083288,0.108346,0.079737,0.102079,0.087036,0.074116,0.001454,0.001891
0,0.145045,0.199514,0.039564,0.077278,0.075867,0.029102,0.002532,0.003482
0,0.066601,-0.010665,-0.087264,-0.192287,-0.068936,-0.208388,0.001162,0.000186
0,0.122215,0.142376,0.041648,0.132869,-0.005915,0.119197,0.002133,0.002485
0,0.115402,-0.075418,0.001494,-0.19797,-0.040381,-0.198475,0.002014,0.001316
0,0.323282,-0.028753,0.229437,0.0759,0.183358,0.046002,0.002176,0.000502
0,0.042567,0.134416,-0.261048,0.162856,-0.270256,0.194863,0.000743,0.002346
0,0.088913,0.166823,0.026911,0.00549,0.045209,0.038508,0.001552,0.002912
0,-0.053973,-0.087679,-0.145683,-0.239621,-0.129008,-0.288828,0.000942,0.00153
0,0.081198,0.129624,0.154728,0.201462,0.186734,0.173515,0.001417,0.002262
0,0.158831,0.098915,0.063099,-0.014277,0.080476,0.011447,0.002772,0.001726
0,-0.049608,0.031127,-0.206373,-0.064219,-0.225413,-0.080198,0.000866,0.000543
0,-0.00306,0.170573,0.023288,0.129512,0.055487,0.120108,5.3e-05,0.002977
0,0.071717,0.05198,0.079331,-0.100203,0.112838,-0.123108,0.001252,0.000907
0,0.131994,-0.011173,0.080673,-0.068309,0.053489,-0.110714,0.002304,0.000195
0,0.008651,0.011455,-0.136346,0.028496,-0.104374,0.0167,0.000151,0.0002
0,-0.004946,0.135863,0.010957,0.100511,0.034131,0.102217,8.6e-05,0.002371
0,0.167535,0.064783,0.161823,-0.068499,0.152278,-0.054709,0.002924,0.001131
0,0.102865,0.001572,-0.057634,-0.057079,-0.037099,-0.05451,0.001795,2.7e-05
0,-0.036483,0.162436,-0.114348,0.161855,-0.098975,0.20085,0.000637,0.002835
0,0.100327,-0.070605,0.160673,-0.20414,0.146373,-0.192842,0.001751,0.001232
0,0.076492,0.103294,0.000832,0.203571,-0.01677,0.192598,0.001335,0.001803
0,0.067228,-0.004792,0.003098,-0.099085,-0.029486,-0.132032,0.001173,8.4e-05
0,-0.019405,0.090568,-0.057733,0.09548,-0.054749,0.110693,0.000339,0.001581
0,-0.049539,0.143998,-0.000795,0.070845,0.035778,0.063388,0.000865,0.002513
0,-0.038234,-0.126219,0.00511,-0.263394,0.00279,-0.222772,0.000667,0.002203
0,0.099883,-0.076856,0.127349,0.054829,0.133549,0.042168,0.001743,0.001341
0,0.18215,0.143721,0.077323,0.239797,0.068693,0.234886,0.003179,0.002508
0,0.167788,-0.056278,-0.003769,-0.176982,0.011581,-0.12987,0.002928,0.000982
0,0.094101,0.003016,-0.046446,0.085423,-0.012383,0.098318,0.001642,5.3e-05
0,-0.002632,0.10632,-0.112927,0.085663,-0.137264,0.071215,4.6e-05,0.001856
0,0.088642,-0.147838,0.071084,-0.26341,0.083156,-0.265107,0.001547,0.00258
0,0.117469,-0.160741,0.006022,-0.012371,0.004489,0.003833,0.00205,0.002805
0,0.182001,-0.032957,0.04915,0.117561,0.01952,0.120517,0.003177,0.000575
0,0.212219,-0.113146,0.024522,-0.090772,-0.012543,-0.049741,0.003704,0.001975
0,0.337569,0.025951,0.114067,0.150619,0.085179,0.153376,0.001926,0.000453
0,0.374802,-0.043177,0.06018,-0.066106,0.073302,-0.055186,0.001276,0.000754
0,0.399544,-0.036309,0.043356,0.007638,0.080414,-0.005972,0.000845,0.000634
0,0.137763,0.029978,-0.25809,0.064065,-0.212455,0.056922,0.002404,0.000523
0,0.255608,-0.166385,0.110491,-0.222464,0.061401,-0.229884,0.003357,0.002904
0,0.229133,0.059897,0.003231,0.251254,-0.027567,0.282377,0.003819,0.001045
0,0.151302,-0.144961,-0.107521,-0.180724,-0.066142,-0.182507,0.002641,0.00253
0,0.079998,-0.048132,-0.066119,0.11695,-0.094363,0.071012,0.001396,0.00084
0,0.115115,0.029868,0.057487,0.071569,0.067463,0.087307,0.002009,0.000521
0,0.261797,-0.092365,0.119316,-0.113048,0.162346,-0.105129,0.003249,0.001612
0,0.073737,-0.163012,-0.173945,-0.096268,-0.128264,-0.121961,0.001287,0.002845
0,0.306778,-0.199677,0.238082,-0.055779,0.238401,-0.044234,0.002464,0.003485
0,0.301699,-0.199595,0.002528,-0.021037,-0.022683,-0.043419,0.002552,0.003484
0,0.150839,-0.169028,-0.145773,0.038477,-0.165062,0.042943,0.002633,0.00295
0,0.162761,-0.11002,0.019136,0.081828,0.015629,0.118232,0.002841,0.00192
0,-0.049829,-0.230005,-0.197008,-0.131163,-0.217241,-0.145429,0.00087,0.003804
0,0.0143,-0.183954,0.05075,0.02227,0.098608,0.027637,0.00025,0.003211
0,0.216809,-0.02343,0.196051,0.13605,0.151839,0.148357,0.003784,0.000409
0,0.116101,0.030697,-0.115167,0.045015,-0.108026,0.082509,0.002026,0.000536
0,-0.023634,-0.187063,-0.135889,-0.188837,-0.095181,-0.157151,0.000412,0.003265
0,0.211827,-0.22871,0.25615,-0.043612,0.266669,-0.06007,0.003697,0.003826
0,0.186674,0.003095,-0.052124,0.2134,-0.086149,0.228937,0.003258,5.4e-05
0,0.226609,-0.087293,0.037705,-0.086598,0.025457,-0.130239,0.003863,0.001524
0,0.030101,0.047985,-0.199534,0.111958,-0.243164,0.092344,0.000525,0.000837
0,0.021275,0.095246,-0.023509,0.056685,0.007771,0.09116,0.000371,0.001662
0,-0.016454,-0.002309,-0.017316,-0.093398,-0.006012,-0.053442,0.000287,4e-05
0,0.062684,0.017763,0.093258,0.01693,0.04426,-0.019833,0.001094,0.00031
0,0.128539,-0.035686,0.068017,-0.027618,0.064012,-0.046524,0.002243,0.000623
0,-0.096615,-0.003012,-0.201915,0.057936,-0.167648,0.022642,0.001686,5.3e-05
0,-0.033104,-0.176945,0.073136,-0.15449,0.057842,-0.183255,0.000578,0.003088
0,0.091517,-0.158288,0.12672,0.001238,0.15068,-0.030339,0.001597,0.002763
0,-0.034031,-0.149665,-0.137999,-0.021203,-0.112526,-0.015426,0.000594,0.002612
0,-0.071643,-0.072193,-0.024436,0.06514,0.015297,0.023333,0.00125,0.00126
0,-0.071923,0.051182,-0.028299,0.122626,-0.004572,0.100722,0.001255,0.000893
0,-0.084154,-0.033573,-0.002047,-0.064749,-0.046842,-0.053634,0.001469,0.000586
0,0.078235,-0.015414,0.158447,0.045038,0.145122,0.00057,0.001365,0.000269
0,-0.063351,-0.006361,-0.148725,-0.020162,-0.129588,-0.007144,0.001106,0.000111
0,-0.125811,0.029326,-0.064509,0.009425,-0.070483,-0.031924,0.002196,0.000512
0,-0.041588,-0.072417,0.102554,-0.075492,0.119997,-0.05216,0.000726,0.001264
0,-0.112617,-0.132616,-0.052849,-0.058075,-0.029176,-0.042836,0.001966,0.002315
0,-0.072275,-0.038962,0.043124,0.117509,0.007859,0.118796,0.001261,0.00068
0,0.061053,-0.134784,0.150444,-0.068441,0.151837,-0.11631,0.001066,0.002352
0,0.116902,-0.160058,0.085069,-0.040972,0.113413,-0.036767,0.00204,0.002794
0,-0.11983,0.076944,-0.245743,0.247216,-0.271937,0.223955,0.002091,0.001343
0,-0.110564,0.058682,-0.014537,0.003708,-0.053562,0.038576,0.00193,0.001024
0,-0.161262,0.069445,-0.057569,0.025415,-0.033554,0.071192,0.002815,0.001212
0,-0.039912,0.07878,0.121236,0.034349,0.095533,-0.007457,0.000697,0.001375
0,0.070776,0.000985,0.08871,-0.065493,0.118382,-0.079996,0.001235,1.7e-05
0,0.050373,-0.069331,-0.024786,-0.097359,-0.059884,-0.063418,0.000879,0.00121
0,0.024305,-0.030007,-0.021436,0.041343,0.026072,0.029932,0.000424,0.000524
0,0.101201,0.163033,0.077847,0.16572,0.118813,0.192652,0.001766,0.002845
0,0.004064,0.032829,-0.103481,-0.131858,-0.060086,-0.148205,7.1e-05,0.000573
0,0.028172,-0.029389,-0.005618,-0.045942,-0.024244,-0.087759,0.000492,0.000513
0,0.106652,-0.022537,0.0723,-0.021283,0.110685,-0.002906,0.001861,0.000393
0,0.15552,0.247641,0.070275,0.275212,0.087366,0.258645,0.002714,0.003496
0,-0.04726,0.040296,-0.200749,-0.21603,-0.231198,-0.257154,0.000825,0.000703
0,-0.002738,0.248013,0.053199,0.197946,0.033655,0.179575,4.8e-05,0.003489
0,-0.033857,0.238232,-0.044376,-0.012649,-0.078016,-0.0538,0.000591,0.00366
0,-0.070774,0.24881,-0.022417,-0.002002,0.007828,-0.034955,0.001235,0.003475
0,-0.146617,0.265317,-0.048841,0.020062,-0.029211,0.025558,0.002559,0.003187
0,0.09256,0.16431,0.216712,-0.077207,0.175832,-0.037377,0.001615,0.002868
0,0.025077,0.246383,-0.038533,0.069106,-0.026978,0.103935,0.000438,0.003518
0,0.058349,0.043421,0.040292,-0.22583,0.075494,-0.203774,0.001018,0.000758
0,-0.009381,0.184303,-0.066215,0.143386,-0.030601,0.16109,0.000164,0.003217
0,-0.033648,0.131945,-0.016602,-0.081078,-0.023398,-0.031595,0.000587,0.002303
0,-0.90863,0.580267,-0.847694,0.474675,-0.877709,0.478651,0.000223,0.00231
0,-1.235959,0.622995,-0.347854,0.049268,-0.367652,0.025875,0.001882,0.003055
0,-2.090602,0.753547,-0.847994,0.126084,-0.834461,0.169275,0.002602,0.002484
0,-2.610196,0.723096,-0.501437,-0.028797,-0.548048,-0.05429,0.001351,0.003015
0,-2.015193,0.550266,0.623681,-0.168329,0.594759,-0.177652,0.0039,0.001786
0,-1.628927,0.492914,0.415246,-0.073049,0.408535,-0.097171,0.002841,0.000785
0,-1.436917,0.378012,0.186843,-0.137208,0.189964,-0.090571,0.001625,0.00122
0,-1.38219,0.128088,0.050729,-0.247016,0.008131,-0.295646,0.00067,0.002236
0,-0.854186,0.174164,0.51175,0.030455,0.483863,0.003832,0.000727,0.00304
0,-0.646513,0.320564,0.20457,0.127841,0.222464,0.125386,0.003466,0.002223
0,-0.571165,-0.000901,0.080173,-0.301461,0.064835,-0.323158,0.002151,1.6e-05
0,-0.374012,-0.05956,0.189112,-0.028818,0.167035,-0.013337,0.00129,0.00104
0,-0.223834,0.089675,0.175852,0.159667,0.17154,0.1764,0.003907,0.001565
0,-0.026309,-0.016262,0.207086,-0.110693,0.182672,-0.137204,0.000459,0.000284
0,0.082674,0.125583,0.081131,0.147144,0.052863,0.140196,0.001443,0.002192
0,-0.142364,-0.009587,-0.222721,-0.12998,-0.196823,-0.131453,0.002485,0.000167
0,0.181969,-0.050339,0.298978,-0.067488,0.27389,-0.113441,0.003176,0.000879
0,-0.072525,0.013445,-0.269696,0.090068,-0.258694,0.097714,0.001266,0.000235
0,-0.032026,-0.150197,0.048146,-0.160048,0.031683,-0.176657,0.000559,0.002621
0,-0.033872,-0.052721,-0.020953,0.079513,-0.043133,0.046744,0.000591,0.00092
0,0.173025,0.075176,0.191825,0.126226,0.171998,0.1698,0.00302,0.001312
0,0.104723,-0.052517,-0.04147,-0.11146,-0.020952,-0.134424,0.001828,0.000917
0,0.247814,-0.133871,0.12954,-0.083497,0.105058,-0.087053,0.003493,0.002336
0,-0.030541,0.092674,-0.290748,0.249572,-0.254854,0.220168,0.000533,0.001617
0,0.039541,0.050311,0.081301,-0.067845,0.050366,-0.052486,0.00069,0.000878
0,0.116671,-0.123518,0.059879,-0.152165,0.060483,-0.122506,0.002036,0.002156
0,-0.01364,-0.148318,-0.125394,-0.016788,-0.082334,-0.015192,0.000238,0.002589
0,-0.026211,0.100469,-0.001092,0.248713,-0.020408,0.285061,0.000457,0.001754
0,0.146438,-0.151858,0.170739,-0.273004,0.220089,-0.247483,0.002556,0.00265
0,0.027433,-0.014169,-0.119195,0.165608,-0.137328,0.15095,0.000479,0.000247
0,-0.015706,0.040343,-0.04806,0.033641,3.1e-05,0.080488,0.000274,0.000704
0,0.144987,0.028989,0.147833,-0.032967,0.128429,-0.015906,0.002531,0.000506
0,-0.145656,-0.107167,-0.277074,-0.150991,-0.323439,-0.121228,0.002542,0.00187
0,-0.006798,0.059602,0.152699,0.161919,0.130795,0.119199,0.000119,0.00104
0,-0.057857,-0.047849,-0.058952,-0.116288,-0.036235,-0.102377,0.00101,0.000835
0,0.030056,0.090956,0.10387,0.144998,0.142136,0.135549,0.000525,0.001587
0,0.094607,0.1292,0.060766,0.018439,0.051362,0.007336,0.001651,0.002255
0,0.042118,-0.078232,-0.029139,-0.220936,0.006998,-0.242414,0.000735,0.001365
0,-0.011085,-0.025078,-0.061897,0.041206,-0.060813,0.049166,0.000193,0.000438
0,-0.07685,-0.008427,-0.060024,-0.003564,-0.099094,0.024574,0.001341,0.000147
0,-0.021647,-0.103087,0.025927,-0.075159,0.020815,-0.064238,0.000378,0.001799
0,0.216215,0.041194,0.24288,0.155012,0.247654,0.116716,0.003774,0.000719
0,0.225116,-0.095598,0.008241,-0.151602,-0.036468,-0.15795,0.003889,0.001669
0,0.229101,-0.088038,-0.019735,0.030132,-0.065431,0.049151,0.003819,0.001537
0,0.090166,-0.088303,-0.130129,-0.000228,-0.096727,0.003324,0.001574,0.001541
0,0.070972,0.132371,-0.048786,0.239723,-0.02683,0.266625,0.001239,0.00231
0,0.120346,-0.001843,0.050183,-0.154533,0.025759,-0.188097,0.0021,3.2e-05
0,0.250884,0.023121,0.105024,0.015556,0.085826,0.007747,0.003439,0.000404
0,0.064013,-0.082078,-0.197745,-0.079668,-0.244199,-0.03658,0.001117,0.001433
0,0.153922,-0.09464,0.077742,-0.020651,0.048738,-0.059658,0.002686,0.001652
0,0.176282,-0.099193,0.02625,0.011291,0.051338,0.060429,0.003077,0.001731
0,0.097114,-0.177933,-0.081014,-0.086244,-0.074712,-0.115175,0.001695,0.003106
0,0.11576,-0.15717,0.002119,-0.003107,-0.010869,0.022164,0.00202,0.002743
0,0.098884,-0.092373,-0.027498,0.08767,-0.058174,0.118755,0.001726,0.001612
0,0.00396,0.027782,-0.095532,0.113246,-0.062836,0.159208,6.9e-05,0.000485
0,0.203386,0.104831,0.175812,0.05194,0.129813,0.069583,0.00355,0.00183
0,0.077226,0.031909,-0.130657,-0.10089,-0.084411,-0.130153,0.001348,0.000557
0,0.208401,-0.068331,0.119748,-0.112784,0.074579,-0.126337,0.003637,0.001193
0,0.165425,-0.055192,-0.045152,0.005519,-0.087997,0.055029,0.002887,0.000963
0,0.240047,-0.077933,0.096422,-0.016662,0.076362,-0.026607,0.003628,0.00136
0,0.014394,-0.115285,-0.240059,-0.023318,-0.272506,-0.014066,0.000251,0.002012
0,0.012802,0.031139,-0.020404,0.15646,-0.066146,0.157178,0.000223,0.000543
0,0.108167,-0.137961,0.115749,-0.188615,0.119997,-0.219138,0.001888,0.002408
0,0.189276,-0.062169,0.079324,0.061777,0.092617,0.022337,0.003303,0.001085
0,0.189594,0.131963,0.019569,0.186341,0.063121,0.211991,0.003309,0.002303
0,0.008035,0.082445,-0.210707,-0.063589,-0.248015,-0.076496,0.00014,0.001439
0,0.026557,0.090266,0.017097,-0.002411,0.027126,0.037078,0.000464,0.001575
0,0.133077,-0.054025,0.084003,-0.172453,0.103969,-0.134016,0.002323,0.000943
0,-0.013318,-0.029006,-0.131097,0.036605,-0.118364,0.010361,0.000232,0.000506
0,-0.033679,-0.090809,0.00889,-0.032349,0.049415,-0.054699,0.000588,0.001585
0,0.078071,-0.099435,0.091939,-0.009612,0.138349,0.002553,0.001363,0.001735
0,0.160227,-0.004624,0.075674,0.122259,0.044832,0.130188,0.002796,8.1e-05
0,0.126897,0.069352,-0.05224,0.082692,-0.029551,0.096628,0.002215,0.00121
0,0.28342,0.194421,0.134709,0.145982,0.111597,0.123315,0.002871,0.003393
0,0.099489,-0.099973,-0.20222,-0.289397,-0.160137,-0.268596,0.001736,0.001745
0,0.136007,-0.019797,0.008224,0.060829,0.054273,0.087791,0.002374,0.000346
0,0.190798,0.065327,0.077201,0.078963,0.082257,0.074628,0.00333,0.00114
0,-0.044806,-0.046148,-0.23149,-0.08942,-0.261117,-0.06129,0.000782,0.000805
0,0.140028,-0.034312,0.206254,0.028487,0.17989,0.033375,0.002444,0.000599
0,0.000176,-0.110402,-0.118253,-0.067275,-0.142907,-0.082344,3e-06,0.001927
0,0.240726,0.021085,0.236638,0.103446,0.266453,0.055394,0.003616,0.000368
0,0.232038,0.055151,0.00467,0.026318,-0.02067,0.068469,0.003768,0.000963
0,0.246716,-0.04622,0.024048,-0.08846,0.035441,-0.134279,0.003512,0.000807
0,0.240971,0.090796,-0.009736,0.159209,-0.037538,0.192006,0.003612,0.001585
0,0.113125,-0.075668,-0.131627,-0.160688,-0.139557,-0.133377,0.001974,0.001321
0,0.142571,0.091527,0.023182,0.14794,0.053092,0.187448,0.002488,0.001597
0,0.07203,-0.033028,-0.097182,-0.129952,-0.066501,-0.092082,0.001257,0.000576
0,-0.002959,0.106158,-0.065516,0.117264,-0.029197,0.080713,5.2e-05,0.001853
0,-0.090408,-0.023159,-0.086498,-0.11522,-0.101128,-0.107544,0.001578,0.000404
0,0.062295,-0.143552,0.172048,-0.144851,0.15613,-0.171966,0.001087,0.002505
0,0.073372,-0.087152,0.031741,0.062857,0.034104,0.064025,0.001281,0.001521
0,0.088099,0.051923,0.006149,0.15862,-0.03698,0.169722,0.001538,0.000906
0,-2.805093,-0.043633,-2.91374,-0.086002,-2.913934,-0.08035,0.002051,0.000762
0,-2.968865,-0.420095,-0.156678,-0.403639,-0.201359,-0.388981,0.002909,0.000486
0,-2.761116,-0.138008,0.19821,0.300481,0.159313,0.328441,0.001283,0.002409
0,-3.021937,-0.373176,-0.276277,-0.228402,-0.31172,-0.259719,0.001982,0.001305
0,-2.381115,-0.350909,0.65005,0.035379,0.646646,0.03283,0.002469,0.001693
0,-2.15413,-0.240117,0.231225,0.088617,0.264613,0.089074,0.001493,0.003627
0,-1.936633,0.003285,0.220857,0.230878,0.180534,0.224944,0.002529,5.7e-05
0,-1.222896,-0.058392,0.727,-0.053538,0.725013,-0.040058,0.00211,0.001019
0,-1.160439,0.027397,0.08739,0.093999,0.061754,0.083986,0.0032,0.000478
0,-0.775376,0.093735,0.385164,0.065749,0.428616,0.084721,0.002103,0.001636
0,-0.231307,-0.026315,0.567787,-0.128156,0.605977,-0.174657,0.003781,0.000459
0,-0.031443,0.057453,0.209005,0.111043,0.256951,0.089718,0.000549,0.001003
0,0.280869,0.132472,0.310517,0.058338,0.261662,0.015418,0.002916,0.002312
0,0.217875,-0.051568,-0.039084,-0.169074,-0.004751,-0.216213,0.003803,0.0009
0,0.26914,0.110042,0.034509,0.132833,-0.009813,0.126179,0.00312,0.001921
0,0.311774,0.053767,0.028244,-0.066746,0.003088,-0.091667,0.002376,0.000938
0,0.199126,0.200334,-0.095741,0.122425,-0.126124,0.128858,0.003475,0.003496
0,0.240666,0.16477,0.059652,-0.06057,0.016414,-0.037391,0.003617,0.002876
0,0.347752,-0.049882,0.101505,-0.188153,0.056886,-0.14724,0.001748,0.000871
0,0.187196,-0.086086,-0.151362,-0.064416,-0.16174,-0.0606,0.003267,0.001502
0,0.283773,0.083217,0.101874,0.149227,0.094609,0.103655,0.002865,0.001452
0,0.306051,-0.105407,0.019014,-0.170779,-0.014564,-0.174495,0.002476,0.00184
0,0.062002,-0.043219,-0.237396,0.07739,-0.250312,0.082049,0.001082,0.000754
0,0.342979,0.006253,0.299674,0.021415,0.264407,0.012906,0.001832,0.000109
0,0.239025,0.10179,-0.091622,0.083884,-0.090057,0.082936,0.003646,0.001777
0,0.183528,0.09432,-0.035996,-0.025261,0.005304,-0.057449,0.003203,0.001646
0,0.260525,0.039139,0.047948,-0.081105,0.092139,-0.05879,0.003271,0.000683
0,0.198795,-0.064078,-0.034898,-0.076158,0.006615,-0.108074,0.00347,0.001118
0,0.123458,0.057587,-0.100666,0.098894,-0.067625,0.049559,0.002155,0.001005
0,0.185098,0.063937,0.07539,0.00492,0.122051,0.008615,0.003231,0.001116
0,0.152534,-0.109588,-0.024796,-0.184378,0.004748,-0.214097,0.002662,0.001913
0,0.013197,-0.069522,-0.120533,0.034856,-0.11561,0.031009,0.00023,0.001213
0,0.278827,0.050483,0.288627,0.123284,0.308724,0.13594,0.002951,0.000881
0,0.334959,-0.191026,0.072145,-0.232662,0.087627,-0.202083,0.001972,0.003334
0,0.142401,-0.004137,-0.187111,0.169866,-0.234346,0.174806,0.002485,7.2e-05
0,0.065239,-0.074342,-0.06696,-0.080451,-0.057563,-0.119625,0.001139,0.001298
0,0.170275,-0.090848,0.082026,-0.019421,0.11685,-0.03608,0.002972,0.001586
0,0.273706,-0.181159,0.12485,-0.101666,0.160182,-0.149882,0.003041,0.003162
0,0.114431,-0.230972,-0.180158,-0.038187,-0.217974,-0.067025,0.001997,0.003787
0,0.275867,0.018638,0.162417,0.235582,0.186525,0.279252,0.003003,0.000325
0,-0.000569,-0.06443,-0.275843,-0.110477,-0.232688,-0.090649,1e-05,0.001125
0,0.112601,-0.14924,0.131308,-0.078775,0.127783,-0.090983,0.001965,0.002605
0,-1.486292,-0.613209,-1.592556,-0.460838,-1.627618,-0.44018,0.002487,0.002885
0,-2.287972,-1.181411,-0.792066,-0.567677,-0.780734,-0.584658,0.000843,0.002834
0,-2.379842,-1.418335,-0.071062,-0.262317,-0.102365,-0.229086,0.002447,0.001301
0,-2.484071,-1.583653,-0.111935,-0.153259,-0.117053,-0.147485,0.003552,0.003632
0,-2.341541,-1.078763,0.113576,0.532682,0.076211,0.57452,0.001778,0.003192
0,-2.303618,-1.192468,0.065269,-0.108295,0.027607,-0.139165,0.001116,0.002641
0,-1.837793,-0.832567,0.469537,0.357565,0.473702,0.395187,0.000804,0.001105
0,-1.243304,-0.804902,0.591544,0.007938,0.634328,0.049662,0.001754,0.001588
0,-0.936345,-0.520011,0.287193,0.29183,0.302432,0.254026,0.000707,0.001258
0,-0.658882,-0.198826,0.283868,0.347207,0.267146,0.327781,0.003682,0.00347
0,-0.20295,-0.095454,0.480807,0.094884,0.442608,0.13401,0.003542,0.001666
0,0.186292,-0.153705,0.415858,-0.057844,0.401306,-0.085319,0.003251,0.002683
0,0.151322,0.068177,-0.054445,0.250335,-0.010247,0.200898,0.002641,0.00119
0,0.090277,-0.10379,-0.047502,-0.150032,-0.080429,-0.136806,0.001576,0.001811
0,0.253507,0.047084,0.142206,0.128626,0.126095,0.142168,0.003393,0.000822
0,0.494601,0.089124,0.245317,0.036092,0.20697,-0.005849,0.000815,0.001556
0,0.255351,-0.013317,-0.214765,-0.081836,-0.2248,-0.129893,0.003361,0.000232
0,0.226002,-0.029558,-0.021063,0.004697,-0.032066,-0.03589,0.003873,0.000516
0,0.142361,0.156791,-0.065146,0.179094,-0.079164,0.219814,0.002485,0.002737
0,0.072607,0.153739,-0.067007,-0.024993,-0.095456,-0.064693,0.001267,0.002683
0,-0.018516,0.127458,-0.068968,-0.008107,-0.042338,0.028636,0.000323,0.002225
0,0.100807,-0.062294,0.140483,-0.187945,0.11934,-0.192295,0.001759,0.001087
0,0.032238,-0.100312,-0.044592,-0.052843,-0.047572,-0.084856,0.000563,0.001751
0,-0.125332,0.180946,-0.151532,0.25697,-0.153133,0.278134,0.002187,0.003158
0,-0.479972,0.445847,-0.362749,0.279691,-0.361217,0.24144,0.000559,3.6e-05
0,-0.801273,0.738597,-0.322951,0.290713,-0.313982,0.303342,0.001651,0.002745
0,-0.721285,0.969706,0.090498,0.245791,0.061279,0.221658,0.003047,0.001289
0,-0.952605,0.944063,-0.255005,-0.024137,-0.279458,-0.034709,0.00099,0.000841
0,-0.629361,1.047488,0.329245,0.088438,0.318164,0.065534,0.003167,0.002646
0,-0.685319,0.922153,-0.058357,-0.155246,-0.0285,-0.123971,0.003675,0.000459
0,-0.281241,0.458746,0.380213,-0.48542,0.391261,-0.461177,0.002909,0.000189
0,-0.25657,0.311499,0.053419,-0.122344,0.014373,-0.150817,0.00334,0.002381
0,-0.188775,0.385933,0.05931,0.097107,0.070529,0.059693,0.003295,0.001082
0,-0.030681,0.021652,0.152261,-0.335941,0.120113,-0.288391,0.000535,0.000378
0,0.102278,0.080851,0.111597,0.074716,0.160902,0.097258,0.001785,0.001411
0,-0.033969,-0.148028,-0.116018,-0.227103,-0.109982,-0.265345,0.000593,0.002584
0,0.162314,0.030864,0.224628,0.165626,0.26782,0.185785,0.002833,0.000539
0,0.057754,-0.104148,-0.086041,-0.133381,-0.119239,-0.087085,0.001008,0.001818
0,0.153305,-0.207022,0.073553,-0.123205,0.054383,-0.161103,0.002676,0.003613
0,0.132371,-0.050711,-0.017057,0.170801,-0.060225,0.159792,0.00231,0.000885
0,0.028265,-0.009772,-0.114732,0.05153,-0.124373,0.026673,0.000493,0.000171
0,0.266218,-0.038434,0.259857,-0.001745,0.25524,-0.028106,0.003172,0.000671
0,0.208237,-0.262695,-0.046617,-0.221308,-0.052714,-0.250243,0.003634,0.003233
0,0.128045,-0.149726,-0.095879,0.084105,-0.13227,0.066494,0.002235,0.002613
0,-0.053214,-0.168116,-0.197024,-0.03544,-0.206786,-0.041111,0.000929,0.002934
0,-0.115261,0.098156,-0.089491,0.257217,-0.076885,0.268832,0.002012,0.001713
0,0.141664,0.099534,0.232456,-0.01509,0.273145,-0.039304,0.002472,0.001737
0,0.023965,-0.036805,-0.125489,-0.129721,-0.106649,-0.111674,0.000418,0.000642
0,0.109883,-0.058434,0.100136,-0.04828,0.119528,-0.040627,0.001918,0.00102
0,-0.05927,-0.034713,-0.190178,0.039277,-0.214785,0.051508,0.001034,0.000606
0,0.061673,0.016382,0.124745,0.022056,0.088313,-0.025991,0.001076,0.000286
0,-0.042393,-0.139869,-0.106907,-0.165225,-0.118922,-0.154263,0.00074,0.002441
0,-0.021235,0.080532,0.047203,0.21793,0.042947,0.248371,0.000371,0.001406
0,-0.088542,0.022966,-0.053778,-0.049438,-0.055205,-0.087311,0.001545,0.000401
0,0.05877,-0.065925,0.130834,-0.058963,0.139751,-0.024037,0.001026,0.001151
0,0.11953,0.129473,0.074189,0.189033,0.056841,0.179372,0.002086,0.00226
0,0.052334,-0.113485,-0.053093,-0.21844,-0.028109,-0.230756,0.000913,0.001981
0,-0.001889,0.035772,-0.0767,0.143687,-0.110967,0.112042,3.3e-05,0.000624
0,-0.053361,0.168329,-0.049797,0.111004,-0.04881,0.098468,0.000931,0.002938
0,0.117347,0.161632,0.181174,-0.007798,0.137418,0.038876,0.002048,0.002821
0,-0.024728,-0.105114,-0.134036,-0.254417,-0.154405,-0.264931,0.000432,0.001835
0,0.136446,0.136405,0.150409,0.225648,0.112624,0.224573,0.002381,0.002381
0,-0.112809,0.065545,-0.272666,-0.069219,-0.249035,-0.039643,0.001969,0.001144
0,-0.081469,0.124787,0.031734,0.069942,0.076957,0.073399,0.001422,0.002178
0,0.146605,0.028695,0.202513,-0.113081,0.204059,-0.063421,0.002559,0.000501
0,0.194418,0.045814,0.026983,-0.005249,0.018764,-0.037077,0.003393,0.0008
0,0.115925,-0.070871,-0.04883,-0.113579,-0.070694,-0.120653,0.002023,0.001237
0,-0.076809,-0.070685,-0.200454,-0.002538,-0.203814,-0.017242,0.001341,0.001234
0,0.117886,-0.027058,0.196132,0.03528,0.199023,0.048228,0.002057,0.000472
0,-0.078314,0.041757,-0.195209,0.084365,-0.177893,0.040021,0.001367,0.000729
0,-0.028849,-0.090449,0.053525,-0.159072,0.010107,-0.126613,0.000504,0.001579
0,0.147268,-0.049627,0.174922,0.048445,0.168667,0.074128,0.00257,0.000866
0,0.059355,-0.041598,-0.067973,0.021455,-0.11221,0.035841,0.001036,0.000726
0,-0.125967,-0.040172,-0.188144,0.005388,-0.168182,-0.001968,0.002199,0.000701
0,0.048303,0.144778,0.171668,0.210348,0.193878,0.215815,0.000843,0.002527
0,0.041158,-0.057864,-0.022692,-0.218833,-0.046114,-0.179154,0.000718,0.00101
0,0.08646,0.031265,0.036682,0.069283,0.000867,0.034625,0.001509,0.000546
0,0.203555,-0.06923,0.112859,-0.112563,0.122365,-0.065339,0.003553,0.001208
0,0.069237,0.110424,-0.137871,0.18608,-0.13421,0.217562,0.001208,0.001927
0,0.020043,-0.082166,-0.067686,-0.169702,-0.078625,-0.167165,0.00035,0.001434
0,0.030558,-0.170416,0.014071,-0.0932,0.015938,-0.082015,0.000533,0.002974
0,0.26693,-0.021522,0.260555,0.17663,0.231402,0.147646,0.003159,0.000376
0,0.087566,0.026974,-0.15377,0.036313,-0.140526,0.041538,0.001528,0.000471
0,0.188158,-0.097438,0.097998,-0.128936,0.060596,-0.168244,0.003284,0.001701
0,0.022294,0.072955,-0.164338,0.194702,-0.180486,0.228059,0.000389,0.001273
0,0.10617,0.009399,0.096197,-0.09028,0.080807,-0.131005,0.001853,0.000164
0,0.303014,-0.103604,0.205433,-0.119197,0.171871,-0.153532,0.002529,0.001808
0,0.140989,0.078851,-0.176542,0.197921,-0.150124,0.224293,0.002461,0.001376
0,0.07095,0.009477,-0.059739,-0.056925,-0.09187,-0.069299,0.001238,0.000165
0,0.182746,0.016722,0.120066,0.022368,0.089748,0.032891,0.00319,0.000292
0,0.260097,0.009349,0.054776,-0.015398,0.057522,0.001767,0.003278,0.000163
0,0.264139,-0.173642,-0.017312,-0.176327,-0.03984,-0.148597,0.003208,0.003031
0,0.362868,-0.043092,0.088322,0.143979,0.098479,0.154363,0.001485,0.000752
0,0.153176,-0.094499,-0.192733,-0.050415,-0.232312,-0.079252,0.002673,0.001649
0,0.164146,0.01914,0.030828,0.125697,0.026226,0.129608,0.002865,0.000334
0,0.021414,0.064276,-0.136106,0.031879,-0.172113,-0.002748,0.000374,0.001122
0,0.228913,-0.01282,0.201708,-0.083012,0.221653,-0.052056,0.003823,0.000224
0,0.124695,0.031164,-0.107072,0.061558,-0.068892,0.108248,0.002176,0.000544
0,0.040372,0.047608,-0.088069,0.045345,-0.061714,0.030949,0.000705,0.000831
0,-0.003391,0.020058,-0.047621,-0.053605,-0.064729,-0.056579,5.9e-05,0.00035
0,0.109467,-0.10246,0.127724,-0.105664,0.121441,-0.113068,0.001911,0.001788
0,0.12042,-0.144691,-0.012206,-0.053661,0.01804,-0.017068,0.002102,0.002525
0,0.074943,0.032332,-0.02641,0.182784,0.019203,0.177504,0.001308,0.000564
0,-0.100026,0.009373,-0.200319,-0.01581,-0.239421,-0.017337,0.001746,0.000164
0,-0.045273,-0.079218,0.059609,-0.073522,0.051772,-0.093563,0.00079,0.001383
0,-0.060829,-0.100021,0.002745,-0.022239,0.003302,-0.02978,0.001062,0.001746
0,-0.070014,-0.165816,-0.033532,-0.038536,0.016392,-0.02148,0.001222,0.002894
0,0.073827,-0.133565,0.160447,0.002696,0.165196,-0.021098,0.001289,0.002331
0,-0.202976,0.07651,-0.255156,0.225843,-0.258077,0.27353,0.003543,0.001335
0,-0.008845,0.10393,0.19143,0.041289,0.191208,0.08496,0.000154,0.001814
0,-0.056215,-0.026141,-0.033127,-0.151971,-0.072811,-0.162752,0.000981,0.000456
0,-0.026946,-0.098258,0.011961,-0.095097,-0.002222,-0.115124,0.00047,0.001715
0,-0.232222,0.027479,-0.227163,0.132207,-0.276554,0.084041,0.003765,0.00048
0,-0.219907,0.154702,0.020323,0.137484,0.02505,0.132282,0.003838,0.0027
0,-0.245327,-0.002604,-0.031696,-0.183693,-0.043666,-0.163432,0.003536,4.5e-05
0,-0.248117,0.122768,0.011932,0.129704,-0.020038,0.109137,0.003487,0.002143
0,-0.169617,0.09225,0.077341,-0.015543,0.080729,0.023492,0.00296,0.00161
0,-0.126178,0.048556,0.061985,-0.047396,0.064866,-0.01453,0.002202,0.000847
0,-0.126999,0.024575,-0.014729,-0.021167,-0.063275,0.027024,0.002217,0.000429
0,-0.08902,-0.011414,0.049722,-0.019685,0.047537,-0.026722,0.001554,0.000199
0,-0.155693,0.08178,-0.071018,0.082435,-0.107098,0.054799,0.002717,0.001427
0,0.026834,0.173568,0.185136,0.095792,0.154317,0.067839,0.000468,0.003029
0,0.023169,-0.009555,0.026099,-0.168185,0.023269,-0.140157,0.000404,0.000167
0,0.084506,-0.044608,0.047358,-0.027552,-1.4e-05,0.010305,0.001475,0.000779
0,-0.028124,0.191443,-0.084157,0.232395,-0.11391,0.248237,0.000491,0.003341
0,-0.047105,-0.004732,-0.036047,-0.200923,0.008311,-0.160433,0.000822,8.3e-05
0,0.066675,-0.113757,0.100278,-0.133534,0.060543,-0.113623,0.001164,0.001985
0,0.122688,-0.086876,0.039727,0.027289,0.077208,0.055784,0.002141,0.001516
0,-0.048457,0.07054,-0.192589,0.157446,-0.160296,0.175371,0.000846,0.001231
0,0.1195,0.066105,0.171023,0.016176,0.143579,0.022033,0.002086,0.001154
0,0.018118,0.083225,-0.109342,0.006871,-0.061355,-0.03031,0.000316,0.001453
0,0.009736,-0.128105,-0.00365,-0.191719,0.041513,-0.164858,0.00017,0.002236
0,0.182205,-0.018792,0.16432,0.117227,0.17229,0.123679,0.00318,0.000328
0,0.082027,0.105249,-0.099138,0.131667,-0.115174,0.128903,0.001432,0.001837
0,0.128612,0.064744,0.035111,-0.050249,0.058253,-0.071756,0.002245,0.00113
0,0.171727,-0.01878,0.064753,-0.055676,0.048967,-0.097668,0.002997,0.000328
0,0.22265,-0.08344,0.065329,-0.04458,0.060924,-0.037318,0.003886,0.001456
0,0.150677,0.156993,-0.069231,0.227444,-0.058017,0.271173,0.00263,0.00274
0,0.170089,-0.095429,0.047422,-0.223888,0.010027,-0.183055,0.002969,0.001666
0,0.030891,0.066218,-0.167188,0.173389,-0.204389,0.130063,0.000539,0.001156
0,0.266571,-0.132242,0.264933,-0.20957,0.311906,-0.23968,0.003165,0.002308
0,0.177033,-0.153277,-0.10078,0.002838,-0.126015,-0.041269,0.00309,0.002675
0,0.203488,-0.066625,0.041045,0.090975,0.036203,0.114417,0.003552,0.001163
0,0.023517,0.074777,-0.193983,0.147245,-0.238534,0.176752,0.00041,0.001305
0,0.250781,-0.035665,0.250148,-0.122738,0.262756,-0.117544,0.003441,0.000622
0,-0.018279,0.094409,-0.293409,0.122075,-0.295658,0.156714,0.000319,0.001648
0,0.018884,-0.1397,0.064888,-0.249461,0.063549,-0.256926,0.00033,0.002438
0,-0.020213,0.091875,-0.020715,0.215001,0.012205,0.167338,0.000353,0.001604
0,0.060065,-0.027695,0.051099,-0.091582,0.095831,-0.077661,0.001048,0.000483
0,0.078905,-0.036715,0.012295,0.015769,-0.033063,0.049598,0.001377,0.000641
0,-0.047161,-0.105255,-0.124192,-0.087158,-0.089721,-0.058365,0.000823,0.001837
0,0.132228,0.145906,0.195902,0.265717,0.172623,0.26225,0.002308,0.002547
0,-0.005933,-0.093742,-0.109646,-0.267186,-0.102906,-0.239207,0.000104,0.001636
0,0.003566,0.020411,0.007833,0.137786,0.045453,0.176117,6.2e-05,0.000356
0,0.027756,-0.041094,-0.000152,-0.061298,0.004846,-0.054265,0.000484,0.000717
0,0.042669,-0.133095,0.00698,-0.082076,0.052309,-0.050837,0.000745,0.002323
0,0.010791,0.050445,-0.014075,0.199291,-0.0039,0.22354,0.000188,0.00088
0,0.046793,0.144971,0.049352,0.075001,0.081983,0.084521,0.000817,0.00253
0,0.019342,-0.065373,-0.04837,-0.183181,-0.093393,-0.16209,0.000338,0.001141
0,0.068219,-0.042799,0.046925,0.027326,0.02327,0.031541,0.001191,0.000747
0,-0.030399,-0.046827,-0.1253,-0.023875,-0.112738,-0.068284,0.000531,0.000817
0,0.077154,0.100851,0.135368,0.174208,0.139062,0.204504,0.001347,0.00176
0,-0.029246,-0.000718,-0.082919,-0.080394,-0.105678,-0.081402,0.00051,1.3e-05
0,0.113545,0.057955,0.141956,0.070268,0.092401,0.106547,0.001982,0.001012
0,-0.000787,0.055556,-0.143078,0.009085,-0.159339,0.00902,1.4e-05,0.00097
0,0.268664,-0.070802,0.298087,-0.14136,0.311553,-0.143797,0.003129,0.001236
0,0.036335,0.152541,-0.258501,0.194356,-0.215706,0.183423,0.000634,0.002662
0,-0.000853,0.001108,-0.064042,-0.178848,-0.102321,-0.133478,1.5e-05,1.9e-05
0,0.107943,0.105221,0.113974,0.111635,0.148013,0.069022,0.001884,0.001836
0,-0.029211,-0.052915,-0.137941,-0.161404,-0.157334,-0.148378,0.00051,0.000924
0,-0.073005,-0.046057,-0.051237,0.008719,-0.038333,0.042885,0.001274,0.000804
0,0.02054,0.094294,0.121905,0.126867,0.112627,0.138628,0.000358,0.001646
0,0.033486,-0.069355,0.008743,-0.183727,0.047408,-0.183535,0.000584,0.00121
0,-0.099973,0.074971,-0.118271,0.165891,-0.156546,0.135244,0.001745,0.001308
0,0.14435,0.105827,0.226699,0.00111,0.239977,-0.04686,0.002519,0.001847
0,-0.184084,0.041512,-0.331374,-0.039258,-0.304326,-0.085592,0.003213,0.000725
0,-0.112946,0.016577,0.080782,-0.036334,0.043753,0.002312,0.001971,0.000289
0,-0.016192,0.072429,0.095349,0.078799,0.118845,0.091933,0.000283,0.001264
0,-0.016338,-0.106928,-0.011633,-0.190854,-0.040865,-0.18016,0.000285,0.001866
0,-0.09904,0.071273,-0.076732,0.15957,-0.086022,0.167289,0.001729,0.001244
0,-0.08755,0.110237,0.016948,0.03853,0.062393,0.031029,0.001528,0.001924
0,-0.148508,-0.117574,-0.033331,-0.244983,-0.008053,-0.234054,0.002592,0.002052
0,-0.005871,-0.007518,0.128637,0.091835,0.174175,0.066396,0.000102,0.000131
0,-0.215803,0.094129,-0.216176,0.086554,-0.184262,0.045594,0.003766,0.001643
0,0.002757,0.060005,0.205028,-0.048784,0.232404,-0.034487,4.8e-05,0.001047
0,-0.2632,-0.0037,-0.264659,-0.062115,-0.22926,-0.042413,0.003224,6.5e-05
0,-0.112824,0.090995,0.166082,0.070968,0.129898,0.035972,0.001969,0.001588
0,-0.261692,0.056534,-0.137834,-0.012152,-0.153618,-0.003699,0.00325,0.000987
0,-0.122034,-0.088726,0.162252,-0.115702,0.133928,-0.143197,0.00213,0.001549
0,-0.097846,0.149763,0.04343,0.215728,0.061016,0.205753,0.001708,0.002614
0,-0.10707,0.085888,-0.034567,-0.041948,-0.033052,-0.020948,0.001869,0.001499
0,-0.171135,0.085401,-0.034462,-0.010869,-0.013147,-0.021714,0.002987,0.001491
0,-0.250837,0.124499,-0.072224,0.060825,-0.084295,0.054032,0.00344,0.002173
0,-0.170588,0.05307,0.101104,-0.049461,0.078757,9.1e-05,0.002977,0.000926
0,0.018659,0.078451,0.189204,0.03003,0.193843,0.010724,0.000326,0.001369
0,-0.131326,-0.077116,-0.129121,-0.182756,-0.119234,-0.226328,0.002292,0.001346
0,-0.079361,0.102345,0.035303,0.208609,0.082874,0.21793,0.001385,0.001786
0,-0.241894,0.195448,-0.14254,0.096131,-0.104693,0.07558,0.003596,0.003411
0,0.08602,-0.060469,0.32251,-0.255536,0.313491,-0.268443,0.001501,0.001055
0,0.058876,0.090041,-0.049993,0.14717,-0.063275,0.180206,0.001028,0.001572
0,-0.070855,0.093711,-0.142982,-0.024467,-0.162728,-0.040197,0.001237,0.001636
0,0.012228,-0.080618,0.065515,-0.161858,0.105444,-0.115448,0.000213,0.001407
0,-0.17705,0.002903,-0.180679,0.074243,-0.173984,0.103803,0.00309,5.1e-05
0,-0.178676,0.186358,0.001045,0.212948,-0.001742,0.169254,0.003118,0.003253
0,-0.02341,0.044366,0.145695,-0.137768,0.155607,-0.156165,0.000409,0.000774
0,-0.145858,-0.056414,-0.094061,-0.084246,-0.109826,-0.127203,0.002546,0.000985
0,0.029812,0.19144,0.178806,0.250233,0.223856,0.288186,0.00052,0.003341
0,0.0242,-0.046235,0.000898,-0.215274,0.032545,-0.222503,0.000422,0.000807
0,-0.090503,0.146677,-0.100763,0.220503,-0.106184,0.257032,0.00158,0.00256
0,0.03811,0.150691,0.132644,0.003535,0.102986,0.035428,0.000665,0.00263
0,-0.13386,0.030141,-0.147764,-0.118685,-0.122127,-0.126736,0.002336,0.000526
0,-0.015428,-0.085032,0.134456,-0.089461,0.108529,-0.058392,0.000269,0.001484
0,-0.174363,-0.066898,-0.179212,-0.010438,-0.201385,0.009025,0.003043,0.001168
0,-0.026786,-0.044341,0.17144,0.047913,0.190768,0.033163,0.000468,0.000774
0,0.027603,0.112122,0.072223,0.16005,0.104351,0.20395,0.000482,0.001957
0,0.005504,0.123804,-0.03348,0.036775,-0.048736,0.054245,9.6e-05,0.002161
0,-0.051107,-0.00358,-0.075795,-0.128472,-0.103872,-0.117423,0.000892,6.2e-05
0,0.172687,-0.062713,0.208878,-0.062464,0.173401,-0.091802,0.003014,0.001095
0,0.115231,0.112636,-0.067503,0.200264,-0.103778,0.223073,0.002011,0.001966
0,0.122402,-0.012807,-0.009358,-0.107406,0.037417,-0.119858,0.002136,0.000224
0,0.025425,0.161264,-0.071629,0.153793,-0.089495,0.197375,0.000444,0.002815
0,-0.106485,0.053886,-0.121591,-0.117043,-0.099826,-0.128403,0.001859,0.00094
0,0.58125,-0.131544,0.70629,-0.197073,0.702492,-0.238848,0.002327,0.002296
0,0.789771,-0.270852,0.219743,-0.136281,0.179274,-0.172788,0.001852,0.003091
0,1.185527,-0.193644,0.407755,0.071342,0.42159,0.075981,0.002762,0.00338
0,1.314428,-0.23841,0.154787,-0.037566,0.190838,-0.02459,0.000513,0.003657
0,1.246902,-0.105818,-0.064537,0.143076,-0.099822,0.185428,0.001691,0.001847
0,1.298054,-0.215296,0.028619,-0.098067,0.074038,-0.124403,0.000798,0.003758
0,0.905891,-0.060347,-0.418421,0.166063,-0.444326,0.168039,0.000175,0.001053
0,0.698054,-0.259965,-0.188977,-0.194868,-0.172099,-0.230487,0.003452,0.003281
0,0.136588,-0.054468,-0.56002,0.175953,-0.572219,0.223455,0.002384,0.000951
0,0.052293,-0.070313,-0.107643,-0.015915,-0.127491,-0.027886,0.000913,0.001227
0,0.094394,-0.196595,0.061707,-0.11418,0.046066,-0.075999,0.001647,0.003431
0,-0.048017,-0.104156,-0.153437,0.096351,-0.186264,0.074375,0.000838,0.001818
0,0.042411,-0.034881,0.110871,0.060125,0.072063,0.014258,0.00074,0.000609
0,-0.133714,-0.173,-0.181816,-0.119632,-0.210528,-0.088131,0.002334,0.003019
0,-0.115429,-0.013682,0.003824,0.150126,0.005723,0.141704,0.002015,0.000239
0,-0.00708,-0.062326,0.119386,-0.051421,0.149577,-0.015271,0.000124,0.001088
0,-0.214463,-0.197632,-0.199053,-0.118444,-0.209614,-0.083277,0.003743,0.003449
0,-0.146151,0.021975,0.079378,0.201572,0.123769,0.175035,0.002551,0.000384
0,-0.000427,-0.060825,0.134976,-0.09539,0.096613,-0.103981,7e-06,0.001062
0,-0.258965,-0.14354,-0.284709,-0.085763,-0.270481,-0.036673,0.003298,0.002505
0,-0.075419,-0.133907,0.209367,-0.007197,0.21791,-0.048216,0.001316,0.002337
0,-0.159609,-0.10279,-0.075546,0.022525,-0.074323,0.015933,0.002786,0.001794
0,0.016474,-0.146948,0.173777,-0.070117,0.124454,-0.045632,0.000288,0.002565
0,-0.099742,0.087154,-0.103483,0.235528,-0.064903,0.251293,0.001741,0.001521
0,-0.196159,-0.075012,-0.082236,-0.163302,-0.103625,-0.192334,0.003424,0.001309
0,-0.056611,-0.109026,0.132406,-0.039695,0.153729,0.008579,0.000988,0.001903
0,-0.170162,-0.064002,-0.099601,0.020529,-0.080597,0.055585,0.00297,0.001117
0,-0.010981,-0.057125,0.142689,0.01472,0.176664,0.031474,0.000192,0.000997
0,-0.223443,-0.067002,-0.199879,-0.005458,-0.181909,-0.023787,0.0039,0.001169
0,-0.009857,-0.146767,0.23792,-0.107548,0.194226,-0.065301,0.000172,0.002562
0,-0.156199,0.026143,-0.151832,0.144545,-0.109398,0.147049,0.002726,0.000456
0,0.061399,-0.061249,0.225059,-0.100462,0.265625,-0.074498,0.001072,0.001069
0,0.016843,-0.103982,-0.029741,-0.053978,0.008118,-0.057783,0.000294,0.001815
0,-0.240941,-0.046466,-0.231498,0.028998,-0.206483,-0.019527,0.003613,0.000811
0,0.041051,0.005314,0.286274,0.078764,0.281005,0.122306,0.000716,9.3e-05
0,-0.047375,0.068861,-0.095018,0.08543,-0.079873,0.069266,0.000827,0.001202
0,0.076296,-0.008195,0.140852,-0.075138,0.183929,-0.028106,0.001332,0.000143
0,-0.197854,0.024886,-0.289315,0.034671,-0.287875,0.027575,0.003453,0.000434
0,0.041718,0.01536,0.237089,-0.021115,0.282039,-0.021435,0.000728,0.000268
0,-0.031897,-0.015943,-0.05322,-0.057819,-0.0408,-0.090261,0.000557,0.000278
0,-0.179506,-0.180599,-0.156856,-0.153052,-0.164293,-0.10778,0.003133,0.003152
0,0.016125,-0.009033,0.186644,0.183865,0.175909,0.202881,0.000281,0.000158
0,-0.229567,-0.011931,-0.241413,-0.025596,-0.24261,-0.037089,0.003811,0.000208
0,-0.182055,0.071608,0.053348,0.08273,0.086379,0.132465,0.003177,0.00125
0,-0.105862,0.113436,0.103825,0.07031,0.11323,0.115733,0.001848,0.00198
0,-0.050769,-0.150772,0.078274,-0.279993,0.079471,-0.241892,0.000886,0.002631
0,-0.164117,-0.026361,-0.097056,0.14751,-0.075816,0.167347,0.002864,0.00046
0,-0.19506,-0.157324,-0.001228,-0.152551,0.033404,-0.132539,0.003404,0.002746
0,0.046711,-0.169507,0.241018,0.01017,0.286802,-0.022212,0.000815,0.002958
0,-0.191161,0.038293,-0.240101,0.212485,-0.229779,0.223263,0.003336,0.000668
0,0.009383,0.11317,0.229589,0.060352,0.276174,0.090809,0.000164,0.001975
0,0.077916,0.001151,0.084358,-0.115262,0.0849,-0.099235,0.00136,2e-05
0,-0.147936,0.038515,-0.227469,0.020621,-0.232592,0.001796,0.002582,0.000672
0,-0.042586,-0.086432,0.096877,-0.101695,0.104845,-0.059535,0.000743,0.001509
0,-0.008828,-0.077867,0.04819,0.002964,0.037659,-0.033141,0.000154,0.001359
0,-0.05609,0.046853,-0.066388,0.147302,-0.024845,0.160061,0.000979,0.000818
0,0.110348,0.02752,0.146846,-0.016758,0.167714,0.00551,0.001926,0.00048
0,-0.087616,-0.061913,-0.169865,-0.11322,-0.145638,-0.071757,0.001529,0.001081
0,0.088403,-0.031835,0.191992,0.02507,0.149502,0.044345,0.001543,0.000556
0,-0.032955,-0.009905,-0.119508,0.033608,-0.146051,0.03779,0.000575,0.000173
0,0.193431,0.106633,0.243724,0.104616,0.217642,0.128887,0.003376,0.001861
0,0.09487,-0.034082,-0.10019,-0.129759,-0.115691,-0.151125,0.001656,0.000595
0,0.218464,-0.108245,0.120247,-0.086244,0.08901,-0.058018,0.003813,0.001889
0,0.180415,-0.105128,-0.04019,-0.020437,-0.037563,-0.013839,0.003149,0.001835
0,-0.023532,0.091173,-0.17749,0.201005,-0.143982,0.200599,0.000411,0.001591
0,0.09391,0.010995,0.104525,-0.054929,0.119655,-0.01231,0.001639,0.000192
0,0.051166,0.000769,-0.033553,-0.019508,-0.065947,-0.050444,0.000893,1.3e-05
0,-0.012121,0.124373,-0.087041,0.118349,-0.132749,0.114474,0.000212,0.002171
0,-0.084099,0.05373,-0.071046,-0.070711,-0.077342,-0.060119,0.001468,0.000938
0,0.087718,-0.006706,0.16126,-0.038622,0.154001,-0.010947,0.001531,0.000117
0,-0.008017,-0.100085,-0.076428,-0.065888,-0.078655,-0.021794,0.00014,0.001747
0,-0.115085,0.104377,-0.128444,0.182435,-0.151931,0.176701,0.002009,0.001822
0,-0.12163,0.121642,-0.001203,0.015657,-0.013902,0.00981,0.002123,0.002123
0,-0.08696,0.131965,0.020112,-0.014866,-0.006439,-0.053113,0.001518,0.002303
0,-0.045058,-0.08704,0.017705,-0.204871,-0.021537,-0.250177,0.000786,0.001519
0,-0.070433,0.069149,-0.046646,0.15784,-0.020627,0.188873,0.001229,0.001207
0,-0.057562,-0.060499,0.040018,-0.134673,0.005351,-0.125962,0.001005,0.001056
0,-0.096699,0.009155,-0.014696,0.046554,-0.064242,0.006307,0.001688,0.00016
0,0.031585,-0.071608,0.120531,-0.104224,0.092839,-0.055608,0.000551,0.00125
0,0.072677,0.071847,0.061875,0.140776,0.087835,0.186735,0.001268,0.001254
0,-0.116488,0.169764,-0.215415,0.082288,-0.186867,0.060394,0.002033,0.002963
0,0.071769,-0.070153,0.177402,-0.25484,0.213393,-0.256968,0.001253,0.001224
0,-0.138397,0.085584,-0.182768,0.129228,-0.1538,0.145352,0.002415,0.001494
0,-0.072779,-0.045034,0.093088,-0.101887,0.057484,-0.085517,0.00127,0.000786
0,-0.022118,0.008,0.046676,0.037765,0.082224,0.010439,0.000386,0.00014
0,-0.092441,-0.032103,-0.086459,-0.055089,-0.112795,-0.043594,0.001613,0.00056
0,-0.132358,-0.116486,-0.049866,-0.083667,-0.032568,-0.13124,0.00231,0.002033
0,-0.116036,-0.028775,0.028491,0.094063,0.036699,0.044197,0.002025,0.000502
0,-0.156626,0.019136,-0.056089,0.041007,-0.016956,0.01081,0.002734,0.000334
0,-0.118637,-0.121169,0.020113,-0.159266,0.038333,-0.1111,0.002071,0.002115
0,-0.225411,0.060014,-0.083338,0.152911,-0.081409,0.107196,0.003884,0.001047
0,-0.113256,-0.069146,0.089778,-0.130221,0.085219,-0.134348,0.001977,0.001207
0,-0.201868,0.006495,-0.078687,0.074392,-0.124105,0.096859,0.003523,0.000113
0,-0.258277,0.141418,-0.028466,0.159644,-0.060577,0.184126,0.00331,0.002468
0,-0.042818,-0.051238,0.232282,-0.192818,0.262564,-0.195157,0.000747,0.000894
0,-0.174081,0.193621,-0.117469,0.242969,-0.126179,0.291281,0.003038,0.003379
0,-0.037306,-0.0616,0.128138,-0.227305,0.083135,-0.260637,0.000651,0.001075
0,0.002659,0.027044,0.056263,0.107077,0.08222,0.087377,4.6e-05,0.000472
0,-0.079585,0.002155,-0.090661,0.005049,-0.13207,0.011504,0.001389,3.8e-05
0,-0.047489,0.029689,0.028639,0.008829,0.015273,0.055606,0.000829,0.000518
0,-0.15008,0.004726,-0.129737,0.002349,-0.119766,0.001316,0.002619,8.2e-05
0,-0.041736,-0.06834,0.09325,-0.097307,0.103541,-0.067045,0.000728,0.001193
0,-0.116571,-0.035154,-0.093756,0.047342,-0.087813,-0.000169,0.002035,0.000614
0,-0.120503,0.058997,0.016354,0.090629,0.050984,0.111246,0.002103,0.00103
0,-0.036493,0.079525,0.06081,0.008441,0.012477,-0.00868,0.000637,0.001388
0,-0.180136,-9.8e-05,-0.137897,-0.101599,-0.090565,-0.059659,0.003144,2e-06
0,0.032292,0.013287,0.215159,0.016555,0.171146,0.006574,0.000564,0.000232
0,-0.136132,0.11596,-0.195439,0.088141,-0.218289,0.093235,0.002376,0.002024
0,-0.135313,-0.072822,0.020245,-0.167422,-0.011286,-0.215714,0.002362,0.001271
0,-0.125402,-0.156416,-0.007112,-0.062294,-0.045656,-0.054729,0.002189,0.00273
0,-0.066096,0.011773,0.08807,0.171779,0.137127,0.124166,0.001154,0.000205
0,-0.022135,0.137647,0.052546,0.112887,0.043222,0.104019,0.000386,0.002402
0,-0.159615,0.076474,-0.147022,-0.086498,-0.146196,-0.088885,0.002786,0.001335
0,-0.12578,-0.119188,0.004715,-0.196224,0.022638,-0.207635,0.002195,0.00208
0,-0.184618,0.030079,-0.032418,0.177759,-0.061748,0.196418,0.003222,0.000525
0,-0.159271,-0.05483,0.003994,-0.065273,0.003552,-0.024379,0.00278,0.000957
0,-0.084697,-0.210604,0.066969,-0.182454,0.02772,-0.153255,0.001478,0.003676
0,-0.065239,-0.047316,0.009915,0.17432,-0.001154,0.126751,0.001139,0.000826
0,-0.241654,-0.097957,-0.192135,-0.076093,-0.188781,-0.035371,0.0036,0.00171
0,-0.610266,-0.536582,-0.349429,-0.430023,-0.361345,-0.443862,0.002833,0.001547
0,-0.710622,-1.64409,-0.111017,-1.130922,-0.125276,-1.10497,0.003233,0.002577
0,-0.759499,-1.624015,-0.073661,0.021636,-0.025976,-0.010845,0.00238,0.002927
0,-0.548236,-1.36324,0.234878,0.234432,0.262431,0.189493,0.001751,0.000339
0,-0.419954,-1.238639,0.133813,0.097118,0.134633,0.112431,0.000488,0.001835
0,-0.35252,-1.392981,0.07177,-0.128185,0.043823,-0.155692,0.001665,0.000858
0,-0.155438,-0.891029,0.171056,0.475602,0.188968,0.509954,0.002713,8.4e-05
0,-0.155537,-0.847707,-0.011303,0.02682,-0.023518,0.04259,0.002715,0.00084
0,-0.044558,-0.552235,0.139163,0.268685,0.118187,0.271854,0.000778,0.00182
0,-0.140241,-0.39209,-0.083367,0.132016,-0.110207,0.089576,0.002448,0.000975
0,0.058163,-0.069314,0.225439,0.338028,0.221318,0.358984,0.001015,0.00121
0,0.080379,0.092436,0.017863,0.191642,1e-05,0.218241,0.001403,0.001613
0,0.164567,-0.096505,0.090006,-0.193781,0.055564,-0.193816,0.002872,0.001684
0,0.067708,0.212507,-0.091344,0.28049,-0.043842,0.244397,0.001182,0.003709
0,0.170127,0.149265,0.103911,-0.069543,0.063361,-0.100766,0.002969,0.002605
0,0.054276,0.27799,-0.086025,0.099334,-0.051086,0.124877,0.000947,0.002966
0,0.036187,0.047723,-0.014432,-0.220534,-0.012423,-0.262063,0.000632,0.000833
0,0.17104,0.02845,0.155541,-0.023044,0.10767,-0.063977,0.002985,0.000497
0,-0.010562,0.110833,-0.199166,0.057587,-0.150476,0.067223,0.000184,0.001934
0,0.120541,0.078853,0.106846,-0.046539,0.060004,-0.056433,0.002104,0.001376
0,0.127694,0.217868,0.000533,0.162087,-0.028092,0.158115,0.002229,0.003803
0,0.021854,0.167391,-0.121855,-0.034815,-0.129838,-0.015417,0.000381,0.002922
0,0.073211,0.094325,0.037212,-0.046432,0.03415,-0.030336,0.001278,0.001646
0,-0.043816,0.041052,-0.103093,-0.062611,-0.081989,-0.027022,0.000765,0.000716
0,-0.069219,0.15267,-0.027871,0.111068,0.021733,0.072557,0.001208,0.002665
0,0.030074,0.170252,0.082163,0.015876,0.102966,-0.003415,0.000525,0.002971
0,0.133558,0.194388,0.085501,0.049194,0.076447,0.028474,0.002331,0.003393
0,0.148346,0.306548,-0.004041,0.087279,-0.041081,0.105098,0.002589,0.002468
0,-0.102208,0.253469,-0.259486,-0.026046,-0.304311,0.014989,0.001784,0.003394
0,-0.018181,0.128249,0.085134,-0.149788,0.072436,-0.162685,0.000317,0.002238
0,0.018243,0.141209,0.053078,0.033698,0.031781,0.082224,0.000318,0.002465
0,0.006788,0.16123,-0.006565,-0.001098,-0.038327,-0.043871,0.000118,0.002814
0,-0.061273,0.207828,-0.057551,0.06845,-0.053475,0.064804,0.001069,0.003627
0,0.008282,0.169067,0.06398,-0.034187,0.060667,-0.032446,0.000145,0.002951
0,0.035566,0.1817,0.01369,0.037348,0.035293,0.035939,0.000621,0.003171
0,-0.176365,0.230825,-0.215781,0.064146,-0.18874,0.049597,0.003078,0.003789
0,-0.052275,-0.028174,0.120456,-0.263793,0.147717,-0.25615,0.000912,0.000492
0,-0.199136,0.124267,-0.129465,0.148986,-0.168162,0.116961,0.003476,0.002169
0,-0.063547,-0.083449,0.113952,-0.20814,0.162488,-0.220769,0.001109,0.001456
0,-0.097665,0.057299,-0.033302,0.134944,0.005835,0.107415,0.001705,0.001
0,-0.067431,-0.049385,0.040949,-0.115056,0.068661,-0.069194,0.001177,0.000862
0,-0.048768,0.070549,0.027449,0.103131,0.076338,0.140036,0.000851,0.001231
0,-0.030496,-0.05654,0.037906,-0.150412,0.084777,-0.189667,0.000532,0.000987
0,0.018841,0.109019,0.024666,0.188489,-0.011301,0.237364,0.000329,0.001903
0,-0.074561,0.009527,-0.117434,-0.110446,-0.128676,-0.142272,0.001301,0.000166
0,-0.126966,0.087882,-0.061545,0.061089,-0.043436,0.105543,0.002216,0.001534
0,0.042362,0.120258,0.188216,0.022749,0.192291,0.048819,0.000739,0.002099
0,-0.141105,-0.034159,-0.207548,-0.159508,-0.190352,-0.148261,0.002463,0.000596
0,0.009628,-0.038061,0.125038,-0.0224,0.163717,-0.062248,0.000168,0.000664
0,0.172295,0.099916,0.167797,0.153582,0.179048,0.12641,0.003007,0.001744
0,0.171996,0.185764,-0.004559,0.104299,0.045422,0.060996,0.003002,0.003242
0,0.151002,-0.072005,-0.00751,-0.279524,-0.040029,-0.298633,0.002635,0.001257
0,-0.086449,0.16156,-0.265006,0.207774,-0.244996,0.220733,0.001509,0.00282
0,-0.09196,-0.031767,-0.028933,-0.219904,-0.031376,-0.200004,0.001605,0.000554
0,0.066985,0.001351,0.184365,0.058808,0.18596,0.097443,0.001169,2.4e-05
0,-0.109378,0.205919,-0.180906,0.187575,-0.206135,0.210599,0.001909,0.003594
0,-0.250678,0.220328,-0.145186,-0.001635,-0.170734,-0.016335,0.003443,0.003845
0,-0.093965,0.024417,0.172481,-0.211099,0.132167,-0.167994,0.00164,0.000426
0,-0.133701,0.048399,-0.049835,-0.001641,-0.084859,-0.003536,0.002334,0.000845
0,-0.103854,0.151867,0.027617,0.096664,0.004009,0.080994,0.001813,0.002651
0,-0.174223,0.170938,-0.070609,-0.010649,-0.056174,-0.039267,0.003041,0.002983
0,-0.12791,0.100241,0.067803,-0.072744,0.106423,-0.110345,0.002232,0.00175
0,0.049053,0.045675,0.184379,-0.07798,0.1372,-0.127535,0.000856,0.000797
0,-0.10745,0.011634,-0.138098,-0.004377,-0.187567,0.017524,0.001875,0.000203
0,-0.006209,-0.036143,0.085481,-0.058185,0.081391,-0.039579,0.000108,0.000631
0,0.047742,-0.082268,0.082839,-0.034324,0.036359,-0.041472,0.000833,0.001436
0,-0.114257,0.174113,-0.191849,0.23613,-0.225493,0.207769,0.001994,0.003039
0,0.05416,0.110517,0.16904,-0.054945,0.19679,-0.039348,0.000945,0.001929
0,0.034186,-0.061075,0.000755,-0.19184,0.008961,-0.186905,0.000597,0.001066
0,-0.003146,-0.033567,-0.047624,0.015568,-0.064329,0.057447,5.5e-05,0.000586
0,0.176343,0.082108,0.207743,0.139759,0.179811,0.099189,0.003078,0.001433
0,-0.081799,0.169479,-0.283304,0.101461,-0.248108,0.093138,0.001428,0.002958
0,-0.030073,0.123876,0.025318,-0.057892,0.064403,-0.022814,0.000525,0.002162
0,0.161551,0.127881,0.210305,-0.015227,0.194064,-0.057784,0.00282,0.002232
0,0.063245,0.205291,-0.106252,0.060267,-0.14689,0.01055,0.001104,0.003583
0,0.109217,0.034775,0.025416,-0.181648,0.008646,-0.222685,0.001906,0.000607
0,0.142395,0.035728,0.021114,-0.008688,0.004161,-0.053961,0.002485,0.000624
0,0.108188,0.192186,-0.040286,0.175555,-0.011565,0.167213,0.001888,0.003354
0,0.053856,-0.001993,-0.058356,-0.191575,-0.092877,-0.148202,0.00094,3.5e-05
0,0.075835,-0.028402,0.050965,-0.045683,0.003121,-0.026584,0.001324,0.000496
0,0.076663,0.070602,-0.005366,0.086709,0.042154,0.044369,0.001338,0.001232
0,0.173748,-0.102399,0.088282,-0.195138,0.056253,-0.146296,0.003032,0.001787
0,-0.114611,-0.074802,-0.309437,0.044049,-0.30125,0.073473,0.002,0.001306
0,-0.137521,-0.07236,-0.021816,-0.018845,-0.059303,-0.042873,0.0024,0.001263
0,-0.015288,0.136157,0.11102,0.186464,0.087966,0.184349,0.000267,0.002376
0,0.138693,0.170709,0.124905,0.051985,0.134351,0.002413,0.002421,0.002979
0,2.191381,-0.701192,2.056684,-0.871952,2.014965,-0.921877,0.000843,0.003398
0,3.101294,-1.286047,0.882938,-0.582105,0.910968,-0.533028,0.000597,0.001008
0,4.480673,-1.62184,1.409152,-0.316716,1.362544,-0.32433,2.4e-05,0.002965
0,5.08231,-1.887231,0.598113,-0.240552,0.586386,-0.223436,0.002706,0.001667
0,4.480553,-2.369336,-0.604859,-0.461396,-0.608846,-0.501408,2.2e-05,0.002263
0,3.652286,-2.267938,-0.855854,0.119562,-0.891889,0.110473,0.001201,0.000494
0,3.3561,-2.064657,-0.269831,0.175886,-0.239285,0.195632,0.00385,0.003054
0,2.791949,-1.588111,-0.536737,0.466743,-0.516216,0.498714,0.001821,0.003554
0,1.455983,-1.116704,-1.357946,0.452455,-1.354802,0.404733,0.001958,0.003854
0,0.803226,-0.84034,-0.632381,0.304791,-0.642137,0.297389,0.001617,0.000969
0,0.486173,-0.499958,-0.310143,0.351713,-0.272122,0.369789,0.000667,0.000908
0,-0.007966,-0.006372,-0.479627,0.485375,-0.460722,0.475362,0.000139,0.000111
0,-0.383655,0.106925,-0.401654,0.130201,-0.432109,0.117628,0.001122,0.001866
0,-0.531729,0.024179,-0.13223,-0.106334,-0.152329,-0.136234,0.001463,0.000422
0,-0.50134,0.287065,0.02904,0.280967,0.020986,0.246085,0.000932,0.002808
0,-0.483825,0.207829,0.030508,-0.062343,0.061506,-0.046712,0.000626,0.003627
0,-0.40729,0.189058,0.100209,-0.009365,0.078037,0.025802,0.000709,0.0033
0,-0.355557,-0.048638,0.035085,-0.251875,-0.007722,-0.23595,0.001612,0.000849
0,-0.339785,0.17488,0.008301,0.195907,0.040035,0.178849,0.001888,0.003052
0,-0.115858,-0.01552,0.219101,-0.16314,0.219173,-0.192994,0.002022,0.000271
0,0.113285,-0.029594,0.251217,-0.01629,0.284878,-0.045436,0.001977,0.000517
0,0.013186,0.213787,-0.121976,0.262922,-0.125167,0.232954,0.00023,0.003731
0,0.185635,0.25003,0.181948,0.038446,0.184302,0.071427,0.00324,0.003454
0,-0.059036,0.121896,-0.247686,-0.112078,-0.213803,-0.125722,0.00103,0.002127
0,0.084672,0.002554,0.16382,-0.111771,0.173895,-0.080768,0.001478,4.5e-05
0,0.070438,-0.078541,-0.029661,-0.069361,-0.047193,-0.030183,0.001229,0.001371
0,0.038949,0.081688,-0.03578,0.134201,-0.042701,0.17841,0.00068,0.001426
0,-0.018984,0.172576,-0.082146,0.096771,-0.129694,0.048727,0.000331,0.003012
0,-0.83195,1.016566,-0.814458,0.849321,-0.797195,0.876184,0.001115,0.002107
0,-1.571241,1.371468,-0.733944,0.37604,-0.688773,0.344779,0.003848,0.000483
0,-2.853897,1.703273,-1.274323,0.346998,-1.230044,0.394155,0.002903,0.001544
0,-3.073965,1.758652,-0.202835,0.039299,-0.250013,0.029782,0.001074,0.000577
0,-5.215493,1.480602,-2.170926,-0.267063,-2.134897,-0.29768,0.002787,0.002388
0,-6.26148,0.731624,-1.048898,-0.74736,-1.068768,-0.771619,0.000167,0.002867
0,-7.235499,0.428561,-0.944707,-0.314724,-0.967728,-0.332634,0.001197,0.000338
0,-6.557655,0.24212,0.673088,-0.215151,0.653496,-0.167903,0.002815,0.003592
0,-5.985282,-0.062428,0.563287,-0.312717,0.51642,-0.339228,0.00283,0.00109
0,-4.86101,-0.0368,1.117789,0.035717,1.132472,0.031165,0.001156,0.000642
0,-3.243049,-0.158162,1.625257,-0.093417,1.586843,-0.067964,0.001877,0.00276
0,-2.31499,-0.270664,0.911789,-0.098652,0.887098,-0.146458,0.001315,0.003094
0,-1.22318,-0.210853,1.109647,0.056854,1.071546,0.049529,0.002105,0.00368
0,0.163251,-0.274802,1.38918,-0.038297,1.342566,-0.055567,0.002849,0.003022
0,0.290012,-0.237113,0.136901,0.065255,0.172296,0.111174,0.002756,0.003679
0,0.714581,-0.112377,0.424227,0.104878,0.467176,0.140877,0.003164,0.001961
0,0.807312,-0.002308,0.099497,0.135924,0.143925,0.165093,0.001546,4e-05
0,0.732073,-0.040644,-0.088289,-0.017165,-0.095476,-0.020471,0.002859,0.000709
0,0.719269,-0.005419,0.016184,0.037507,0.065329,0.034236,0.003082,9.5e-05
0,0.42091,-0.011063,-0.317442,-0.017273,-0.298444,0.00082,0.000472,0.000193
0,0.395328,-0.043349,-0.03036,-0.057602,-0.050669,-0.052921,0.000918,0.000757
0,0.336979,-0.022203,-0.056506,-0.004192,-0.087292,0.035324,0.001936,0.000388
0,-0.070067,-0.213157,-0.41728,-0.191816,-0.428274,-0.209965,0.001223,0.00372
0,-0.225138,-0.117717,-0.150855,0.12206,-0.149762,0.112671,0.003888,0.002055
0,-0.213548,0.015719,-0.012796,0.140057,-0.053895,0.148665,0.003727,0.000274
0,-0.004177,0.075126,0.212282,0.066929,0.177912,0.077435,7.3e-05,0.001311
0,-0.122262,-0.073863,-0.145813,-0.165997,-0.141435,-0.19393,0.002134,0.001289
0,0.011086,-0.158295,0.144533,-0.107733,0.130964,-0.097435,0.000193,0.002763
0,-0.079657,0.074717,-0.074234,0.253194,-0.083804,0.299145,0.00139,0.001304
0,-0.133332,-0.121984,-0.062442,-0.186542,-0.085221,-0.233794,0.002327,0.002129
0,-0.088822,-0.074924,0.02084,0.067515,0.053063,0.102471,0.00155,0.001308
0,0.425685,0.352632,0.506671,0.404267,0.482735,0.423727,0.000388,0.001663
0,1.184207,0.392309,0.736564,0.039594,0.695113,0.069485,0.002785,0.000971
0,1.348499,0.502454,0.1604,0.137506,0.159861,0.177249,8.2e-05,0.000952
0,1.375345,0.271598,0.02778,-0.235112,0.020044,-0.201223,0.000551,0.003078
0,1.50515,0.533143,0.135338,0.234934,0.093775,0.222149,0.002816,0.001487
0,1.066142,0.274089,-0.462492,-0.23892,-0.500211,-0.232907,0.002972,0.003034
0,1.09889,0.233363,0.042349,-0.036054,0.042374,-0.057412,0.003543,0.003745
0,0.92694,0.215686,-0.175953,-0.042854,-0.127631,-0.039935,0.000542,0.003764
0,0.697674,-0.006672,-0.240765,-0.245039,-0.195419,-0.23195,0.003459,0.000116
0,0.368291,0.172207,-0.353225,0.1514,-0.373929,0.124503,0.00139,0.003006
0,0.260057,0.074584,-0.079595,-0.072306,-0.054848,-0.043018,0.003279,0.001302
0,0.065005,-0.052717,-0.199554,-0.140006,-0.249061,-0.147601,0.001135,0.00092
0,-0.026468,0.104735,-0.088501,0.16045,-0.125797,0.177122,0.000462,0.001828
0,-0.136839,0.093239,-0.114751,-0.022055,-0.141748,-0.008539,0.002388,0.001627
0,-0.005203,0.056977,0.159157,-0.019896,0.182022,0.004149,9.1e-05,0.000994
0,0.014457,0.015158,-0.009902,-0.033128,-0.008787,-0.068216,0.000252,0.000265
0,-0.144962,-0.012315,-0.144538,-0.05376,-0.117933,-0.024967,0.00253,0.000215
0,-0.193897,0.092519,-0.070604,0.080806,-0.048205,0.127915,0.003384,0.001615
0,-0.19613,-0.16053,-0.030623,-0.273923,-0.071836,-0.250239,0.003423,0.002802
0,-0.044393,-0.071024,0.137282,0.114973,0.141447,0.086081,0.000775,0.00124
0,-0.127024,0.020397,-0.083337,0.07222,-0.036639,0.026282,0.002217,0.000356
0,-0.162419,-0.150164,-0.041728,-0.182535,0.005743,-0.140969,0.002835,0.002621
0,0.00202,-0.022012,0.157307,0.133482,0.121276,0.153869,3.5e-05,0.000384
0,-0.133271,-0.128343,-0.127968,-0.080776,-0.111561,-0.118483,0.002326,0.00224
0,-0.179417,-0.011981,-0.041087,0.092471,-0.001836,0.140785,0.003131,0.000209
0,-0.196013,0.071143,-0.011526,0.079233,-0.002548,0.109669,0.003421,0.001242
0,-0.000282,-0.070907,0.187528,-0.166543,0.152882,-0.192921,5e-06,0.001238
0,-0.167002,0.106676,-0.147044,0.156577,-0.108322,0.147667,0.002915,0.001862
0,0.03112,-0.032474,0.216815,-0.128847,0.266357,-0.158498,0.000543,0.000567
0,0.040229,0.126547,0.035513,0.183673,0.080901,0.173729,0.000702,0.002209
0,-0.099596,-0.05461,-0.124861,-0.190484,-0.086292,-0.160733,0.001738,0.000953
0,-0.117947,-0.041606,-0.001467,0.009841,-0.036493,0.029599,0.002059,0.000726
0,0.008363,0.038185,0.133783,0.061937,0.181712,0.034808,0.000146,0.000666
0,0.088819,-0.110929,0.110158,-0.138045,0.146437,-0.140764,0.00155,0.001936
0,-0.018636,0.024735,-0.115047,0.160791,-0.098888,0.121685,0.000325,0.000432
0,0.094833,0.078316,0.098661,0.030251,0.056927,0.063594,0.001655,0.001367
0,0.058033,-0.067228,-0.04048,-0.127177,-0.035878,-0.125439,0.001013,0.001173
0,-0.094789,0.105572,-0.148469,0.199151,-0.165623,0.188314,0.001654,0.001843
0,-0.079279,-0.034381,-0.011951,-0.158928,-0.017325,-0.208317,0.001384,0.0006
0,-0.039631,-0.121808,0.065345,-0.068371,0.015871,-0.038243,0.000692,0.002126
0,0.018592,-0.057847,0.061134,0.046634,0.090394,0.047071,0.000324,0.00101
0,0.040624,0.125857,0.009439,0.176458,-0.015886,0.207343,0.000709,0.002197
0,0.053701,0.123603,-0.005829,-0.025219,0.026537,0.021537,0.000937,0.002157
0,0.053345,-0.105688,0.007267,-0.204891,0.036263,-0.22741,0.000931,0.001845
0,0.00337,-0.101358,-0.030143,0.008689,-0.055161,0.037134,5.9e-05,0.001769
0,-0.09437,-0.045597,-0.097488,0.081838,-0.11714,0.045042,0.001647,0.000796
0,0.024084,0.12594,0.127353,0.187206,0.134874,0.158887,0.00042,0.002198
0,0.186939,0.057678,0.182276,-0.052923,0.176023,-0.021468,0.003263,0.001007
0,0.12048,0.020862,-0.054334,-0.016327,-0.078357,-0.034926,0.002103,0.000364
0,0.239927,-0.092193,0.121125,-0.103956,0.135454,-0.121528,0.00363,0.001609
0,0.242243,-0.103109,0.026325,-0.039585,0.059998,-0.035776,0.00359,0.0018
0,0.21844,-0.062708,-0.037687,0.042668,-0.068929,0.01768,0.003812,0.001094
0,0.132748,0.072615,-0.09127,0.133036,-0.10406,0.137332,0.002317,0.001267
0,0.21513,0.074188,0.062946,-0.017441,0.073029,-0.056413,0.003755,0.001295
0,0.172235,-0.064405,-0.018359,-0.147019,0.020825,-0.164482,0.003006,0.001124
0,0.160097,0.03913,0.006431,0.101158,0.013402,0.093345,0.002794,0.000683
0,0.004655,0.141446,-0.157547,0.083852,-0.169328,0.062871,8.1e-05,0.002469
0,0.073169,-0.078437,0.054303,-0.236846,0.078322,-0.187471,0.001277,0.001369
0,0.170157,0.198679,0.070081,0.301796,0.075376,0.309792,0.00297,0.003468
0,0.227627,0.104212,0.066615,-0.081306,0.074688,-0.111849,0.003845,0.001819
0,0.103514,-0.108664,-0.135194,-0.183882,-0.168782,-0.229646,0.001807,0.001897
0,-0.01547,-0.076149,-0.119168,0.053765,-0.08006,0.04002,0.00027,0.001329
0,-0.068723,0.070909,-0.02468,0.173155,-0.006546,0.213277,0.001199,0.001238
0,-0.045679,-0.055434,0.017833,-0.120857,0.04253,-0.088832,0.000797,0.000968
0,0.08671,-0.112467,0.135237,-0.041285,0.138131,-0.053967,0.001513,0.001963
0,-0.110387,-0.034688,-0.171836,0.106229,-0.207266,0.076709,0.001927,0.000605
0,-0.10209,-0.119656,0.00646,-0.092679,0.037411,-0.09556,0.001782,0.002088
0,-0.138545,-0.04007,-0.029869,0.086838,-0.075563,0.094623,0.002418,0.000699
0,-0.127566,-0.074056,0.008372,-0.041671,0.035269,-0.028385,0.002226,0.001293
0,0.023343,-0.051241,0.140803,0.035358,0.097662,0.077712,0.000407,0.000894
0,0.050246,-0.115254,0.013102,-0.087645,0.055602,-0.10133,0.000877,0.002012
0,0.068928,0.067487,0.000986,0.189644,-0.032038,0.216963,0.001203,0.001178
0,-0.068695,-0.170656,-0.110315,-0.215874,-0.148391,-0.211534,0.001199,0.002979
0,0.120768,-0.062267,0.177059,0.12101,0.171231,0.079234,0.002108,0.001087
0,-0.039352,-0.043216,-0.154712,0.014589,-0.111106,0.030694,0.000687,0.000754
0,-0.081593,-0.083653,-0.064812,-0.031993,-0.081843,-0.074031,0.001424,0.00146
0,0.011004,-0.142568,0.109499,-0.074809,0.104613,-0.102616,0.000192,0.002488
0,-0.00086,-0.118577,-0.007078,0.014704,0.031205,-0.014714,1.5e-05,0.00207
0,0.033517,0.099512,0.060768,0.21378,0.057067,0.254586,0.000585,0.001737
0,-0.21739,-0.144686,-0.222083,-0.26535,-0.244942,-0.295771,0.003794,0.002525
0,-0.104754,0.152809,0.100442,0.279498,0.092717,0.231317,0.001828,0.002667
0,-0.124055,0.094927,-0.032561,-0.069728,0.002206,-0.065188,0.002165,0.001657
0,-0.072176,-0.093022,0.059248,-0.210908,0.04853,-0.244941,0.00126,0.001624
0,-0.034299,-0.010327,0.010879,0.082002,0.045958,0.089887,0.000599,0.00018
0,0.079008,0.169751,0.100743,0.15015,0.12303,0.157569,0.001379,0.002963
0,-0.074389,-0.020129,-0.133453,-0.18701,-0.133309,-0.23485,0.001298,0.000351
0,-0.000837,-0.063149,0.051172,-0.065323,0.091475,-0.095551,1.5e-05,0.001102
0,-0.08371,0.026717,-0.061028,0.092207,-0.087948,0.098863,0.001461,0.000466
0,0.113935,0.086762,0.194063,0.045341,0.195203,0.008599,0.001989,0.001514
0,0.050111,-0.006946,-0.079755,-0.10923,-0.075993,-0.073451,0.000875,0.000121
0,0.050736,0.092431,0.029905,0.073819,0.049044,0.085178,0.000886,0.001613
0,-0.089458,-0.009256,-0.122946,-0.090388,-0.08263,-0.100073,0.001561,0.000162
0,0.105651,-0.011197,0.217347,-0.005219,0.222219,-0.041513,0.001844,0.000195
0,0.011913,-0.016931,-0.091814,-0.015876,-0.097599,-0.025178,0.000208,0.000296
0,0.013643,0.194675,0.02513,0.200371,0.012583,0.243314,0.000238,0.003398
0,0.046849,0.094726,0.015603,-0.072487,-0.004453,-0.115808,0.000818,0.001653
0,-0.099614,-0.062402,-0.125743,-0.144625,-0.081624,-0.166674,0.001739,0.001089
0,0.034543,-0.10276,0.155112,-0.021898,0.187536,-0.009241,0.000603,0.001793
0,0.037959,0.039916,0.0229,0.14244,0.028347,0.188205,0.000663,0.000697
0,0.08176,-0.047673,0.060257,-0.081299,0.056085,-0.119154,0.001427,0.000832
0,0.12913,0.119695,0.051847,0.185279,0.003799,0.186945,0.002254,0.002089
0,-0.119361,0.072267,-0.267475,-0.055182,-0.30425,-0.060644,0.002083,0.001261
0,0.089846,0.005533,0.184602,-0.064827,0.20613,-0.076969,0.001568,9.7e-05
0,-0.04631,0.083574,-0.110873,0.089256,-0.09359,0.076022,0.000808,0.001459
0,-0.21515,-0.12805,-0.162065,-0.185264,-0.129046,-0.175966,0.003755,0.002235
0,-0.053986,0.142462,0.165048,0.295632,0.186394,0.255645,0.000942,0.002486
0,-0.019934,-0.048434,0.046659,-0.20015,0.051907,-0.217599,0.000348,0.000845
0,-0.175804,0.020359,-0.183162,0.049257,-0.169999,0.079798,0.003068,0.000355
0,-0.060344,-0.152567,0.109391,-0.173356,0.155988,-0.223138,0.001053,0.002663
0,-0.205332,-0.206226,-0.128316,-0.024446,-0.173724,0.003213,0.003584,0.003599
0,-0.002297,-0.155401,0.226848,0.03345,0.229517,0.03185,4e-05,0.002712
0,-0.147874,-0.129686,-0.155267,0.039383,-0.200175,0.002937,0.002581,0.002263
0,-0.221031,-0.146055,-0.068866,-0.007326,-0.084024,0.027732,0.003858,0.002549
0,-0.105297,0.07078,0.131799,0.210305,0.172322,0.187662,0.001838,0.001235
0,-0.023518,-0.158981,0.07962,-0.240488,0.081374,-0.25387,0.00041,0.002775
0,-0.100135,-0.0688,-0.073007,0.061837,-0.056672,0.087833,0.001748,0.001201
0,-0.083672,-0.105642,-0.004789,-0.032191,-0.035252,-0.010087,0.00146,0.001844
0,-0.137312,0.057281,-0.048048,0.192382,-0.029025,0.220902,0.002397,0.001
0,0.014017,0.064804,0.146421,-0.018875,0.112101,-0.067599,0.000245,0.001131
0,0.032742,-0.170443,-0.011269,-0.22848,-0.004362,-0.20329,0.000571,0.002975
0,0.033399,-0.059877,0.013853,0.122306,-0.015662,0.097507,0.000583,0.001045
0,-0.04192,-0.101712,-0.100857,-0.026347,-0.069509,-0.013962,0.000732,0.001775
0,-0.185729,-0.166263,-0.159314,-0.081097,-0.151111,-0.129459,0.003242,0.002902
0,-0.084589,-0.219129,0.085899,-0.06466,0.127559,-0.055229,0.001476,0.003825
0,-0.226476,0.027828,-0.138667,0.274592,-0.183233,0.277991,0.003865,0.000486
0,-0.27992,0.072436,-0.069212,0.034963,-0.02935,-0.004665,0.002932,0.001264
0,0.006566,0.027414,0.27096,-0.064647,0.307591,-0.075688,0.000115,0.000478
0,-0.091532,0.060231,-0.09856,0.048047,-0.133095,0.006043,0.001598,0.001051
0,-0.069112,-0.139622,0.033139,-0.221634,0.00541,-0.241828,0.001206,0.002437
0,-0.023943,-0.166907,0.017364,-0.031021,-0.007073,-0.018336,0.000418,0.002913
0,-0.136729,0.058818,-0.137917,0.250212,-0.155291,0.235873,0.002386,0.001027
0,-0.063325,-0.07292,0.075325,-0.137945,0.071406,-0.145868,0.001105,0.001273
0,0.090809,-0.180897,0.167959,-0.112572,0.203444,-0.105935,0.001585,0.003157
0,-0.103177,0.014848,-0.172937,0.183299,-0.212803,0.170326,0.001801,0.000259
0,0.016983,-0.083345,0.094302,-0.107664,0.120727,-0.060507,0.000296,0.001455
0,0.179986,-0.080767,0.170426,0.005745,0.172163,0.053905,0.003141,0.00141
0,0.025123,-0.075348,-0.144048,-0.006799,-0.098295,-0.038875,0.000438,0.001315
0,0.198934,0.059105,0.154581,0.162157,0.185316,0.180831,0.003472,0.001032
0,-0.019441,-0.090573,-0.213722,-0.163098,-0.231683,-0.205346,0.000339,0.001581
0,0.092073,0.083207,0.137872,0.155053,0.156303,0.192391,0.001607,0.001452
0,-0.121948,-0.11998,-0.192962,-0.218472,-0.175442,-0.218034,0.002128,0.002094
0,0.05558,-0.098817,0.185328,0.001854,0.177604,0.007354,0.00097,0.001725
0,0.099296,0.022517,0.051026,0.141423,0.081787,0.101331,0.001733,0.000393
0,0.134511,-0.14042,0.06204,-0.153468,0.074658,-0.122597,0.002348,0.002451
0,0.139009,0.091719,-0.014567,0.207223,-0.007513,0.217497,0.002426,0.001601
0,-0.048608,0.112087,-0.172566,0.008054,-0.151565,-0.022321,0.000848,0.001956
0,0.127109,0.052312,0.202287,-0.076429,0.204367,-0.029938,0.002218,0.000913
0,0.088897,-0.066236,-0.026526,-0.124295,-0.066764,-0.096544,0.001552,0.001156
0,0.077501,-0.035403,0.017353,0.010619,-0.01188,0.009268,0.001353,0.000618
0,-0.040402,0.078272,-0.144056,0.08545,-0.135058,0.109322,0.000705,0.001366
0,0.156434,0.07393,0.216722,0.015749,0.181231,-0.03009,0.00273,0.00129
0,0.147777,0.053322,-0.015462,0.00546,0.01596,0.013386,0.002579,0.000931
0,0.170992,-0.005349,0.02137,-0.078254,0.043542,-0.095696,0.002984,9.3e-05
0,0.175226,0.013394,-0.012127,0.024852,0.032239,0.049232,0.003058,0.000234
0,0.003673,-0.020522,-0.14184,-0.040348,-0.171674,0.002623,6.4e-05,0.000358
0,0.177647,0.001991,0.197649,0.042119,0.173593,-0.000318,0.003101,3.5e-05
0,-0.007864,-0.038638,-0.175845,-0.035831,-0.183043,0.010795,0.000137,0.000674
0,0.023244,-0.069506,0.058925,-0.038191,0.102997,-0.041778,0.000406,0.001213
0,-0.03993,0.036608,-0.054297,0.129439,-0.09252,0.17183,0.000697,0.000639
0,-0.022835,0.055431,0.009322,-0.005016,0.024729,-0.032892,0.000399,0.000967
0,-0.034914,-0.116016,0.007186,-0.18805,0.049505,-0.222604,0.000609,0.002025
0,0.066738,-0.058579,0.118161,0.086677,0.090091,0.131168,0.001165,0.001022
0,0.097119,-0.136213,0.023996,-0.064873,0.044673,-0.085454,0.001695,0.002377
0,0.09007,-0.06749,0.018089,0.067993,-0.008451,0.024505,0.001572,0.001178
0,0.090394,0.071856,0.013015,0.14651,-0.035616,0.160323,0.001578,0.001254
0,0.061024,0.016117,-0.043398,-0.076967,-0.043909,-0.118652,0.001065,0.000281
0,-0.004886,-0.004001,-0.054443,0.00656,-0.045374,-0.042762,8.5e-05,7e-05
0,0.256356,-0.177967,0.28439,-0.200339,0.316759,-0.151244,0.003344,0.003106
0,0.009916,-0.148533,-0.250429,0.054994,-0.210207,0.033913,0.000173,0.002592
0,0.145505,-0.009375,0.147261,0.162335,0.181789,0.138101,0.00254,0.000164
0,0.048837,-0.028855,-0.103159,0.008802,-0.141261,0.058571,0.000852,0.000504
0,-0.050263,-0.163622,-0.099038,-0.158521,-0.111999,-0.177024,0.000877,0.002856
0,0.023038,-0.035913,0.072017,0.12439,0.034566,0.115647,0.000402,0.000627
0,-0.04185,-0.112241,-0.04338,-0.098391,-0.005638,-0.147955,0.00073,0.001959
0,-0.009203,-0.151679,0.012842,-0.032814,-0.011647,-0.012726,0.000161,0.002647
0,-0.012109,-0.141127,0.008804,0.001153,0.041286,0.001932,0.000211,0.002463
0,-0.102941,-0.010815,-0.104536,0.136437,-0.127281,0.106927,0.001797,0.000189
0,0.047318,0.025909,0.170094,0.053353,0.196974,0.043215,0.000826,0.000452
0,-0.090051,0.071498,-0.124114,0.072655,-0.128196,0.040213,0.001572,0.001248
0,0.005159,0.020985,0.082247,-0.044314,0.074258,-0.068642,9e-05,0.000366
0,0.014163,-0.104712,0.024272,-0.129018,-0.007929,-0.122941,0.000247,0.001828
0,-0.113802,-0.166305,-0.137324,-0.041541,-0.138351,-0.079289,0.001986,0.002903
0,-0.08161,-0.119033,0.042524,0.076141,0.054061,0.065623,0.001424,0.002078
0,0.107164,-0.074791,0.218011,0.043339,0.235622,0.054875,0.00187,0.001305
0,-0.021576,-0.206439,-0.127779,-0.150541,-0.149803,-0.182976,0.000377,0.003603
0,0.063682,-0.165706,0.065271,0.058792,0.048211,0.054443,0.001111,0.002892
0,0.059155,-0.179628,-0.000503,-0.042625,0.020506,-0.067481,0.001032,0.003135
0,0.07871,-0.165638,-0.00288,0.031637,0.033935,0.03642,0.001374,0.002891
0,-0.045215,0.001993,-0.125486,0.195028,-0.172225,0.146092,0.000789,3.5e-05
0,0.185313,-0.024263,0.215147,-0.052358,0.209444,-0.005285,0.003234,0.000423
0,0.023988,0.060452,-0.18104,0.10214,-0.19576,0.140791,0.000419,0.001055
0,0.143536,-0.049383,0.144504,-0.083774,0.114228,-0.12239,0.002505,0.000862
0,0.002518,-0.107639,-0.118177,-0.035004,-0.069229,0.013002,4.4e-05,0.001879
0,-0.040787,0.128036,-0.060755,0.258405,-0.041393,0.300473,0.000712,0.002235
0,0.00835,-0.043638,0.053963,-0.192203,0.029052,-0.153666,0.000146,0.000762
0,-0.042511,0.118398,-0.038373,0.1569,-0.075063,0.114548,0.000742,0.002066
0,-0.065174,-0.113667,-0.045678,-0.244199,-0.049566,-0.228046,0.001137,0.001984
0,-0.135857,-0.148888,-0.058489,-0.051259,-0.102113,-0.07228,0.002371,0.002599
0,-0.237842,-0.080815,-0.085437,0.074466,-0.04937,0.04058,0.003667,0.00141
0,-0.108148,-0.004301,0.134788,0.054811,0.166211,0.084845,0.001888,7.5e-05
0,-0.052314,-0.026567,0.05018,-0.031477,0.024493,-0.07401,0.000913,0.000464
0,0.029319,-0.076003,0.054876,-0.042263,0.055246,-0.024651,0.000512,0.001326
0,-0.14373,-0.017339,-0.19266,0.063713,-0.226114,0.094898,0.002509,0.000303
0,-0.165369,-0.178532,-0.010646,-0.17294,-0.032877,-0.20284,0.002886,0.003116
0,-0.072108,-0.151066,0.090708,0.030081,0.10161,0.052125,0.001259,0.002637
0,-0.07659,-0.210904,0.009811,-0.047224,-0.007576,-0.037083,0.001337,0.003681
0,0.029584,-0.004436,0.107838,0.234356,0.109528,0.259701,0.000516,7.7e-05
0,-0.065119,-0.133417,-0.0967,-0.128308,-0.100219,-0.151499,0.001137,0.002329
0,0.121417,-0.208178,0.191132,-0.104476,0.177593,-0.110082,0.002119,0.003633
0,0.00163,0.023791,-0.120083,0.227583,-0.169268,0.212201,2.8e-05,0.000415
0,0.093006,-0.192805,0.096529,-0.244045,0.095945,-0.224579,0.001623,0.003365
0,0.194846,-0.019135,0.101056,0.182553,0.121829,0.219321,0.003401,0.000334
0,0.158061,-0.135519,-0.020726,-0.117705,-0.048188,-0.081827,0.002759,0.002365
0,0.046797,-0.102412,-0.093865,0.044547,-0.118849,0.0214,0.000817,0.001787
0,0.060084,0.035847,0.008022,0.108931,0.048499,0.10779,0.001049,0.000626
0,-0.053074,0.030956,-0.104669,-0.013189,-0.153879,-0.022935,0.000926,0.00054
0,0.132363,-0.123909,0.183387,-0.181177,0.22004,-0.186169,0.00231,0.002163
0,-0.018239,-0.098807,-0.13621,0.038735,-0.122717,0.006829,0.000318,0.001725
0,-0.127201,0.017055,-0.136139,0.087632,-0.101143,0.045236,0.00222,0.000298
0,0.029897,-0.150285,0.134391,-0.176326,0.173026,-0.202995,0.000522,0.002623
0,-0.003954,-0.081604,-0.050624,0.063974,-0.027876,0.109172,6.9e-05,0.001424
0,0.172596,-0.182929,0.148465,-0.085896,0.108792,-0.057034,0.003012,0.003193
0,-0.083431,-0.075545,-0.237174,0.118955,-0.25887,0.153932,0.001456,0.001319
0,-0.087534,-0.112328,0.008899,-0.020294,0.055015,0.000989,0.001528,0.00196
0,0.045561,-0.116567,0.107492,0.022881,0.141137,0.02196,0.000795,0.002034
0,0.005412,-0.064597,-0.031308,0.041762,-0.058945,0.047788,9.4e-05,0.001127
0,-0.10408,0.0968,-0.080829,0.181093,-0.101366,0.211641,0.001817,0.001689
0,0.012842,0.053634,0.087788,-0.055511,0.04331,-0.081379,0.000224,0.000936
0,0.155801,0.143835,0.156638,0.098115,0.159637,0.076834,0.002719,0.00251
0,-0.007224,-0.017198,-0.18827,-0.140324,-0.156566,-0.142015,0.000126,0.0003
0,0.051404,0.126409,0.052673,0.163783,0.061475,0.199735,0.000897,0.002206
0,0.202651,0.05487,0.165705,-0.092277,0.201202,-0.123806,0.003537,0.000958
0,-0.018282,-0.013403,-0.213122,-0.097208,-0.225098,-0.109192,0.000319,0.000234
0,-0.018165,0.180696,-0.001155,0.212167,-0.040427,0.258567,0.000317,0.003154
0,-0.031249,-0.11185,-0.017156,-0.312443,-0.066593,-0.292107,0.000545,0.001952
0,0.174642,0.124084,0.201453,0.230399,0.198234,0.185103,0.003048,0.002166
0,0.194765,0.115262,0.030882,0.01392,0.012111,-0.015914,0.003399,0.002012
0,0.079183,0.057993,-0.116005,-0.032939,-0.071821,-0.037289,0.001382,0.001012
0,0.215023,0.128603,0.153677,0.057696,0.191771,0.034857,0.003753,0.002245
0,-0.042648,0.078175,-0.234962,-0.032202,-0.24121,-0.066758,0.000744,0.001364
0,0.185719,-0.008427,0.219295,-0.077965,0.206757,-0.068696,0.003241,0.000147
0,0.156131,-0.117532,-0.05537,-0.10214,-0.069484,-0.115818,0.002725,0.002051
0,0.183239,-0.129731,0.008605,-0.017252,0.035474,-0.018713,0.003198,0.002264
0,0.218725,-0.08661,0.020021,0.072566,-0.029322,0.040371,0.003817,0.001512
0,0.22047,-0.06742,0.028636,0.037489,0.074651,-0.010721,0.003848,0.001177
0,-0.019474,0.023252,-0.237149,0.107094,-0.190519,0.103795,0.00034,0.000406
0,0.132098,-0.051922,0.177453,-0.064972,0.200123,-0.110418,0.002306,0.000906
0,0.213674,0.12102,0.082441,0.168122,0.075903,0.174716,0.003729,0.002112
0,0.113246,0.181861,-0.124388,0.044127,-0.162587,0.029676,0.001977,0.003174
0,-4.277525,1.847378,-4.41487,1.683939,-4.413626,1.686552,0.003522,0.000971
0,-4.364,2.707672,-0.087394,0.857353,-0.12946,0.826147,0.002013,0.000351
0,-4.525181,2.342903,-0.187162,-0.34456,-0.201201,-0.339357,0.000801,0.001802
0,-4.292505,2.531391,0.227966,0.163523,0.178705,0.125548,0.00326,0.002726
0,-3.943763,2.033237,0.37048,-0.496273,0.354012,-0.468218,0.001529,0.003603
0,-2.549376,1.139203,1.391645,-0.899888,1.381849,-0.892635,0.002412,0.003571
0,-1.97758,0.838027,0.545754,-0.322811,0.585875,-0.341465,0.003244,0.001009
0,-1.392922,0.492948,0.567909,-0.315418,0.546439,-0.302176,0.000857,0.000786
0,-1.002156,0.292897,0.381486,-0.211311,0.378086,-0.187855,0.001855,0.002706
0,-0.627908,-0.086222,0.373105,-0.362696,0.364996,-0.398632,0.003141,0.001505
0,-0.626918,-0.115479,0.01237,-0.044503,0.002982,-0.003875,0.003124,0.002015
0,-0.50722,-0.050202,0.093339,0.049634,0.091529,0.024654,0.001035,0.000876
0,-0.507368,0.002399,-0.014562,0.048573,-0.024156,0.082109,0.001037,4.2e-05
0,-0.631231,-0.031606,-0.137131,-0.018389,-0.101899,-0.029693,0.003199,0.000552
0,-0.50797,0.049108,0.129701,0.073577,0.098281,0.07003,0.001048,0.000857
0,-0.475346,-0.116687,0.05198,-0.152167,0.056362,-0.146878,0.000478,0.002037
0,-0.657901,-0.002923,-0.204234,0.104772,-0.201707,0.146805,0.003665,5.1e-05
0,-0.390943,-0.004884,0.283665,-0.006419,0.330354,0.020032,0.000995,8.5e-05
0,-0.381061,-0.010637,-0.012001,0.011419,-0.0336,0.020882,0.001167,0.000186
0,-0.447432,-0.100209,-0.091078,-0.097467,-0.062828,-0.135349,9e-06,0.001749
0,-0.305574,-0.083997,0.115377,0.033792,0.107006,0.05817,0.002485,0.001466
0,-0.209932,-0.130329,0.092303,-0.021353,0.050121,-0.061899,0.003664,0.002275
0,-0.430393,0.127953,-0.200229,0.236823,-0.169129,0.277818,0.000306,0.002233
0,-0.344538,0.02648,0.095198,-0.112487,0.075392,-0.138079,0.001805,0.000462
0,-0.394854,0.092092,-0.047561,0.039068,-0.057482,0.086015,0.000926,0.001607
0,-0.429481,-0.121049,-0.007759,-0.194997,0.022393,-0.209793,0.000322,0.002113
0,-0.310056,-0.010214,0.147748,0.134026,0.14443,0.15623,0.002406,0.000178
0,-0.458855,0.018213,-0.126903,0.030942,-0.115265,0.029153,0.000191,0.000318
0,-0.518481,-0.038475,-0.056325,-0.064704,-0.039147,-0.027598,0.001231,0.000672
0,-0.161815,0.035688,0.33825,0.096292,0.330034,0.116389,0.002824,0.000623
0,-0.214872,-0.08954,-0.080969,-0.102436,-0.091902,-0.097167,0.00375,0.001563
0,-0.271547,-0.064801,-0.071687,-0.004121,-0.042061,-0.030547,0.003078,0.001131
0,-0.32098,-0.042429,-0.069514,-0.004986,-0.10405,-0.051606,0.002216,0.000741
0,-0.352806,-0.002499,-0.049353,0.036548,-0.002821,0.000498,0.00166,4.4e-05
0,-0.295281,0.154033,0.081211,0.135109,0.069952,0.095904,0.002664,0.002688
0,-0.376498,-0.062233,-0.058581,-0.243936,-0.096648,-0.229346,0.001247,0.001086
0,-0.137639,-0.048244,0.245315,-0.008597,0.209793,-0.048907,0.002402,0.000842
0,-0.212653,0.119854,-0.102026,0.164503,-0.116332,0.142314,0.003711,0.002092
0,-0.222144,-0.062305,-0.020518,-0.179971,-0.019134,-0.182166,0.003877,0.001087
0,-0.212536,0.111638,0.009005,0.197216,-0.034709,0.214884,0.003709,0.001948
0,-0.110325,0.025353,0.074303,-0.102862,0.025451,-0.130578,0.001926,0.000442
0,-0.292096,-0.122174,-0.18819,-0.146814,-0.232381,-0.147246,0.00272,0.002132
0,-0.069852,-0.05634,0.21232,0.092893,0.206875,0.116674,0.001219,0.000983
0,-0.198523,-0.001011,-0.106355,0.042298,-0.145502,0.040999,0.003465,1.8e-05
0,-0.232394,0.117393,-0.026239,0.089827,-0.052893,0.110165,0.003762,0.002049
0,-0.011816,-0.072854,0.206573,-0.162424,0.171927,-0.164715,0.000206,0.001272
0,-0.090008,0.108583,-0.08086,0.15997,-0.119057,0.159538,0.001571,0.001895
0,-0.186567,-0.113438,-0.072241,-0.226123,-0.101296,-0.201109,0.003256,0.00198
0,0.02965,0.058369,0.218716,0.14788,0.253757,0.183952,0.000517,0.001019
0,-0.078461,-0.007311,-0.115342,-0.070725,-0.13656,-0.11448,0.001369,0.000128
0,-0.202902,-0.076259,-0.104571,-0.041394,-0.07825,-0.030052,0.003541,0.001331
0,-0.05295,-0.026982,0.144588,0.056784,0.153047,0.067123,0.000924,0.000471
0,-0.118137,-0.122408,-0.037059,-0.066972,-0.057783,-0.104614,0.002062,0.002136
0,-0.15047,0.163579,-0.01032,0.292859,-0.039741,0.28336,0.002626,0.002855
0,-0.080972,-0.00098,0.084125,-0.151822,0.096443,-0.133476,0.001413,1.7e-05
0,-0.074945,-0.039631,-0.010618,-0.05718,-0.041222,-0.054716,0.001308,0.000692
0,-0.058544,0.130931,0.042569,0.169613,0.080535,0.142349,0.001022,0.002285
0,0.003258,0.152405,0.068177,0.020171,0.09472,0.041711,5.7e-05,0.00266
0,0.015423,-0.030817,0.041828,-0.183543,0.043264,-0.167146,0.000269,0.000538
0,-0.134323,-0.098409,-0.136142,-0.043585,-0.159497,0.004021,0.002344,0.001718
0,-0.058363,-0.00689,0.046675,0.06886,0.081168,0.034871,0.001019,0.00012
0,-0.141167,0.079919,-0.057472,0.098304,-0.072687,0.112736,0.002464,0.001395
0,-0.045092,-0.088794,0.120539,-0.163198,0.115829,-0.187609,0.000787,0.00155
0,-0.155612,0.025174,-0.106048,0.125552,-0.127012,0.131589,0.002716,0.000439
0,-0.152613,0.061312,-0.023889,0.054845,-0.001382,0.091303,0.002664,0.00107
0,-0.264153,0.064392,-0.13566,0.010918,-0.131167,0.0513,0.003208,0.001124
0,0.012331,0.096282,0.282256,0.042223,0.272082,0.06805,0.000215,0.00168
0,-0.14066,0.093224,-0.125768,-0.011405,-0.0806,-0.040826,0.002455,0.001627
0,-0.158824,-0.143942,-0.015542,-0.234034,-0.063391,-0.259453,0.002772,0.002512
0,-0.213056,-0.042267,-0.074694,0.111964,-0.102459,0.12085,0.003719,0.000738
0,-0.198445,-0.112849,0.029806,-0.072238,0.018768,-0.071555,0.003464,0.00197
0,0.059516,0.058698,0.235475,0.18523,0.280252,0.193393,0.001039,0.001024
0,-0.040556,-0.094153,-0.079221,-0.159661,-0.035896,-0.148425,0.000708,0.001643
0,0.096289,0.050435,0.140627,0.142727,0.184382,0.153768,0.001681,0.00088
0,0.066168,-0.016149,-0.045222,-0.067908,-0.03361,-0.074266,0.001155,0.000282
0,-0.141535,0.048573,-0.219488,0.041946,-0.220154,0.018166,0.00247,0.000848
0,-0.103926,-0.146808,0.038073,-0.225034,0.043739,-0.182483,0.001814,0.002562
0,-0.18846,0.01827,-0.069485,0.187867,-0.026397,0.232448,0.003289,0.000319
0,-0.153683,0.015978,0.03949,-0.01478,0.071553,-0.007567,0.002682,0.000279
0,-0.147503,-0.099501,0.007196,-0.097571,0.017156,-0.138913,0.002574,0.001737
0,-0.308912,0.11062,-0.153962,0.218633,-0.159398,0.173565,0.002426,0.001931
0,-0.19152,0.100153,0.120585,-0.033101,0.103946,0.006272,0.003343,0.001748
0,-0.187236,-0.030287,0.014844,-0.158286,-0.014699,-0.149091,0.003268,0.000529
0,-0.294626,-0.014646,-0.118484,0.0017,-0.166524,-0.035734,0.002676,0.000256
0,-0.258808,-0.037199,0.063086,-0.025229,0.039746,-0.048006,0.003301,0.000649
0,-0.251106,-0.090019,0.034873,-0.060295,-0.013038,-0.061986,0.003435,0.001571
0,0.044334,0.022503,0.299835,0.122329,0.293871,0.10315,0.000774,0.000393
0,-0.0102,-0.052387,-0.05266,-0.075928,-0.026966,-0.080363,0.000178,0.000914
0,-0.09546,0.050911,-0.100837,0.084055,-0.05538,0.112483,0.001666,0.000889
0,-0.126238,-0.141032,-0.0217,-0.163696,0.01408,-0.190124,0.002203,0.002461
0,-0.126464,-0.184089,0.013859,-0.037233,0.030913,-0.073154,0.002207,0.003213
0,-0.192421,-0.156508,-0.082816,0.007862,-0.055078,0.012654,0.003358,0.002732
0,-0.074523,-0.037693,0.092595,0.108072,0.083823,0.149839,0.001301,0.000658
0,-0.011333,-0.071438,0.059937,-0.048193,0.081306,-0.048723,0.000198,0.001247
0,-0.016099,-0.026861,-0.001382,0.068448,-0.011087,0.060196,0.000281,0.000469
0,0.052086,-0.15825,0.05269,-0.139491,0.100733,-0.118253,0.000909,0.002762
0,-0.122654,0.006439,-0.149098,0.156459,-0.132156,0.203288,0.002141,0.000112
0,-0.113103,-0.194334,-0.010212,-0.190132,0.036069,-0.192099,0.001974,0.003392
0,0.017766,0.0381,0.142288,0.210191,0.098694,0.214803,0.00031,0.000665
0,0.012235,-0.192177,-0.017527,-0.258601,-0.061554,-0.250096,0.000214,0.003354
0,0.032813,-0.05277,-0.002216,0.163469,0.023073,0.200719,0.000573,0.000921
0,-0.003307,0.042841,-0.06169,0.095201,-0.060042,0.129653,5.8e-05,0.000748
0,-0.14471,0.117151,-0.142237,0.07758,-0.188849,0.059915,0.002526,0.002045
0,-0.038931,-0.108487,0.089959,-0.211783,0.082983,-0.25909,0.000679,0.001893
0,0.075467,0.096293,0.135721,0.212967,0.184854,0.22548,0.001317,0.001681
0,0.145564,0.082187,0.063608,-0.016931,0.032518,-0.063889,0.002541,0.001434
0,0.060345,-0.081929,-0.078132,-0.160587,-0.032005,-0.180478,0.001053,0.00143
0,0.101336,-0.067923,0.016375,0.039856,-0.00461,0.004666,0.001769,0.001185
0,0.056283,0.144634,-0.019606,0.232004,-0.029804,0.27159,0.000982,0.002524
0,0.003402,0.152035,-0.029587,0.034001,-0.006568,0.029439,5.9e-05,0.002654
0,0.014215,-0.016954,0.011348,-0.183655,-0.011072,-0.203284,0.000248,0.000296
0,-0.050591,-0.010375,-0.065989,0.002624,-0.093484,0.025205,0.000883,0.000181
0,0.210858,-0.060725,0.274427,-0.043526,0.243735,-0.071138,0.00368,0.00106
0,0.126338,0.142183,-0.08034,0.21842,-0.041144,0.264327,0.002205,0.002482
0,0.221718,0.010893,0.108121,-0.119767,0.096402,-0.0753,0.00387,0.00019
0,0.037478,-0.054701,-0.19666,-0.043231,-0.186106,-0.007583,0.000654,0.000955
0,0.068129,0.136999,0.009785,0.189836,0.0518,0.193908,0.001189,0.002391
0,0.138072,0.064168,0.05826,-0.087137,0.09824,-0.057654,0.00241,0.00112
0,1.351485,-2.352327,1.218384,-2.388295,1.248855,-2.346281,0.000134,0.001966
0,2.010773,-2.651978,0.675682,-0.292539,0.678957,-0.252137,0.003823,0.000622
0,2.385109,-2.70816,0.347307,-0.038719,0.3689,-0.074735,0.002539,0.000359
0,2.840501,-2.280311,0.458809,0.430664,0.482417,0.385996,0.002669,0.00071
0,2.812841,-1.939262,-0.030155,0.368568,-0.033266,0.413106,0.002186,0.002575
0,1.955585,-1.738089,-0.879035,0.185827,-0.885354,0.195211,0.00286,0.000936
0,1.884064,-1.408034,-0.062058,0.317789,-0.104953,0.280105,0.001612,0.001121
0,1.17464,-0.941307,-0.700649,0.496631,-0.74239,0.503287,0.002952,0.000793
0,0.935238,-0.408294,-0.241714,0.532786,-0.199659,0.582399,0.000687,0.000692
0,0.290057,-0.312787,-0.670206,0.092196,-0.623054,0.105128,0.002755,0.002359
0,0.302438,0.129659,0.023475,0.438305,0.009979,0.465509,0.002539,0.002263
0,0.154651,0.011358,-0.155761,-0.146039,-0.134856,-0.179292,0.002699,0.000198
0,0.070541,0.204667,-0.091974,0.174491,-0.119251,0.165451,0.001231,0.003572
0,0.111123,-0.011153,0.063827,-0.245489,0.027924,-0.242462,0.001939,0.000195
0,0.107844,-0.056863,0.022704,-0.030555,0.019827,0.01385,0.001882,0.000992
0,0.183793,-0.006534,0.075981,0.079855,0.105763,0.045654,0.003208,0.000114
0,0.21637,-0.105136,0.06162,-0.084128,0.110138,-0.040851,0.003776,0.001835
0,0.094778,0.077285,-0.095813,0.17886,-0.076078,0.212242,0.001654,0.001349
0,0.169961,0.122187,0.102591,0.073277,0.086621,0.050706,0.002966,0.002133
0,0.207976,0.13661,0.055829,0.024583,0.022542,0.000852,0.00363,0.002384
0,0.130533,-0.038513,-0.050626,-0.150321,-0.028833,-0.187393,0.002278,0.000672
0,0.216897,-0.123367,0.115402,-0.086993,0.096963,-0.112992,0.003786,0.002153
0,0.116494,0.10206,-0.125053,0.224346,-0.138064,0.241072,0.002033,0.001781
0,0.066572,0.035323,-0.045287,-0.084051,-0.037631,-0.105016,0.001162,0.000616
0,0.046935,0.134883,0.008177,0.113026,0.041608,0.115889,0.000819,0.002354
0,0.033194,-0.075569,-0.031933,-0.213253,-0.055914,-0.244817,0.000579,0.001319
0,0.113449,-0.05515,0.088057,-0.003208,0.056617,0.031733,0.00198,0.000963
0,-0.057193,-0.043707,-0.18389,0.024142,-0.164348,0.019868,0.000998,0.000763
0,-0.03041,0.020169,0.021592,0.050892,0.061227,0.081647,0.000531,0.000352
0,0.136408,0.059717,0.181988,0.06535,0.225297,0.098342,0.002381,0.001042
0,0.153735,0.069228,0.01492,-0.011496,-0.025233,0.020356,0.002683,0.001208
0,0.09319,0.080654,-0.051502,0.004349,-0.032734,-0.025576,0.001626,0.001408
0,0.033583,-0.006628,-0.063285,-0.078759,-0.033774,-0.056621,0.000586,0.000116
0,0.163177,-0.035284,0.114535,-0.014209,0.118232,0.019753,0.002848,0.000616
0,0.103452,0.011222,-0.042344,0.069635,-0.091392,0.061746,0.001806,0.000196
0,0.219855,0.122475,0.130789,0.116493,0.163217,0.158699,0.003837,0.002138
0,0.011064,-0.072695,-0.234364,-0.181467,-0.228123,-0.143732,0.000193,0.001269
0,0.108099,0.027754,0.102536,0.111613,0.122522,0.154359,0.001887,0.000484
0,-0.087581,0.066425,-0.220525,0.037936,-0.243515,0.081069,0.001529,0.001159
0,0.069233,0.049105,0.131572,-0.017285,0.13933,-0.022397,0.001208,0.000857
0,-0.066115,-0.056695,-0.115227,-0.09937,-0.080259,-0.076725,0.001154,0.00099
0,-0.16242,0.017211,-0.115611,0.101061,-0.158851,0.136388,0.002835,0.0003
0,-0.177624,-0.005789,-0.004564,-0.001423,-0.005945,-0.009939,0.0031,0.000101
0,-0.120179,-0.046714,0.056721,-0.045069,0.10116,-0.044256,0.002098,0.000815
0,0.016846,0.0022,0.160467,0.070846,0.15375,0.103895,0.000294,3.8e-05
0,-0.149599,-0.001934,-0.171219,-0.030753,-0.206966,-0.067633,0.002611,3.4e-05
0,0.009525,0.009389,0.170805,0.00533,0.131191,0.012403,0.000166,0.000164
0,-0.107168,0.012451,-0.112932,0.020744,-0.134583,0.039686,0.00187,0.000217
0,0.06313,-0.033095,0.191103,-0.058281,0.174081,-0.026961,0.001102,0.000578
0,0.024769,-0.09307,-0.050149,-0.075799,-0.054962,-0.033166,0.000432,0.001624
0,0.119431,-0.074401,0.070359,0.047204,0.078824,0.008981,0.002084,0.001299
0,-0.115846,-0.057131,-0.236178,-0.006829,-0.227966,-0.050314,0.002022,0.000997
0,-0.105278,0.010157,0.001198,0.089164,0.006559,0.065497,0.001837,0.000177
0,-0.064876,0.134237,0.034649,0.135874,0.071575,0.176624,0.001132,0.002343
0,-0.173593,-0.030676,-0.128257,-0.154114,-0.16125,-0.134038,0.00303,0.000535
0,-0.056527,0.112905,0.094666,0.131709,0.098188,0.166736,0.000987,0.001971
0,-0.110707,-0.075675,-0.030682,-0.189298,-0.079483,-0.183605,0.001932,0.001321
0,-0.116245,-0.046689,-0.032489,0.042276,0.011309,0.088423,0.002029,0.000815
0,-0.118671,0.034116,0.005338,0.07738,0.05072,0.104372,0.002071,0.000595
0,-0.134859,-0.030826,-0.034257,-0.054421,-0.009366,-0.099333,0.002354,0.000538
0,-0.314472,-0.546914,-0.184932,-0.539257,-0.198166,-0.5175,0.002329,0.001728
0,-0.52933,-1.482447,-0.204703,-0.928584,-0.179439,-0.897809,0.001421,0.00242
0,-0.646595,-1.883029,-0.104566,-0.372075,-0.09848,-0.329601,0.003467,0.001594
0,-0.69334,-2.011363,-0.06401,-0.118919,-0.030893,-0.081538,0.003535,0.003833
0,-0.827386,-1.588464,-0.154157,0.433511,-0.108501,0.422969,0.001195,0.003548
0,-0.673449,-1.4394,0.155539,0.165711,0.148742,0.200522,0.003882,0.001669
0,-0.782773,-0.829419,-0.109217,0.619117,-0.088105,0.622266,0.001974,0.00116
0,-0.650052,-0.755334,0.143874,0.078795,0.154742,0.117671,0.003528,0.002453
0,-0.337448,-0.35893,0.323655,0.378039,0.371732,0.34135,0.001928,0.001553
0,-0.265436,-0.137346,0.061266,0.215965,0.098135,0.261574,0.003185,0.002397
0,-0.081174,0.081006,0.162721,0.222262,0.145318,0.266778,0.001417,0.001414
0,-2.167848,0.818508,-2.097269,0.717134,-2.096471,0.753273,0.001253,0.00135
0,-2.558455,0.847349,-0.393919,-0.000875,-0.364088,-0.043017,0.002254,0.000847
0,-2.759545,1.111787,-0.189965,0.284961,-0.148003,0.247854,0.001256,0.003769
0,-2.532424,1.016809,0.25443,-0.099309,0.213999,-0.111007,0.002708,0.002111
0,-2.661745,0.854304,-0.150683,-0.135386,-0.110184,-0.141255,0.000451,0.000725
0,-2.213271,0.629377,0.427356,-0.230119,0.420904,-0.23376,0.000461,0.003167
0,-1.635595,0.61154,0.590691,-0.024536,0.628335,-0.062696,0.002725,0.002856
0,-1.188963,0.192414,0.423527,-0.427618,0.473352,-0.402973,0.002702,0.003358
0,-0.904326,0.056539,0.27448,-0.107543,0.259499,-0.103195,0.000148,0.000987
0,-0.407983,-0.030636,0.48481,-0.061895,0.512041,-0.02951,0.000697,0.000535
0,-0.140631,-0.1401,0.284736,-0.089288,0.246795,-0.074433,0.002454,0.002445
0,0.237397,0.009233,0.39067,0.120396,0.363164,0.103087,0.003675,0.000161
0,0.356825,-0.107789,0.144971,-0.134862,0.105812,-0.118979,0.00159,0.001881
0,0.205535,-0.020994,-0.158606,0.077994,-0.131572,0.120039,0.003587,0.000366
0,0.181276,-0.130191,-0.052708,-0.095306,-0.036016,-0.06132,0.003164,0.002272
0,0.249421,0.007609,0.078361,0.114158,0.052153,0.157813,0.003465,0.000133
0,0.256825,-0.110785,-0.014083,-0.145395,-0.019916,-0.169572,0.003335,0.001934
0,0.330568,-0.029709,0.094259,0.10304,0.044437,0.116322,0.002048,0.000519
0,0.159513,-0.05175,-0.188672,-0.031042,-0.214574,-0.032239,0.002784,0.000903
0,0.153299,-0.222918,0.010432,-0.172647,0.024877,-0.179047,0.002676,0.003891
0,-0.04978,0.032788,-0.212154,0.240182,-0.162666,0.277052,0.000869,0.000572
0,0.099459,-0.092208,0.132611,-0.108826,0.14094,-0.114726,0.001736,0.001609
0,0.050603,-0.220371,-0.029543,-0.154261,-0.023684,-0.185187,0.000883,0.003846
0,-0.148039,-0.069544,-0.178355,0.125344,-0.223252,0.097523,0.002584,0.001214
0,-0.13471,-0.233561,-0.004473,-0.146362,-0.040182,-0.147693,0.002351,0.003741
0,0.048283,-0.016292,0.203613,0.227413,0.192957,0.254749,0.000843,0.000284
0,0.025216,0.103564,-0.050952,0.115783,-0.017757,0.135463,0.00044,0.001808
0,-0.072832,0.017833,-0.071068,-0.114902,-0.078775,-0.157372,0.001271,0.000311
0,0.023018,0.026031,0.113199,0.000258,0.10774,-0.033304,0.000402,0.000454
0,-0.15475,-0.072113,-0.155286,-0.087761,-0.110638,-0.125801,0.002701,0.001259
0,0.060314,0.137129,0.205482,0.196866,0.190911,0.17619,0.001053,0.002393
0,0.077696,-0.112374,0.027482,-0.227781,0.027232,-0.269725,0.001356,0.001961
0,-0.207079,-0.112484,-0.295041,0.007021,-0.290396,0.026905,0.003614,0.001963
0,-0.110736,-0.055969,0.111542,0.084684,0.093469,0.044386,0.001933,0.000977
0,-0.112103,-0.02401,0.025323,0.037895,-0.006519,0.06431,0.001957,0.000419
0,-0.083112,-0.13174,0.005905,-0.112806,0.004045,-0.149001,0.001451,0.002299
0,-0.050039,0.103934,0.053939,0.264642,0.031335,0.230547,0.000873,0.001814
0,-0.035185,0.134135,0.03592,0.024346,0.080733,0.073065,0.000614,0.002341
0,0.002352,0.05458,0.064343,-0.058899,0.05228,-0.054189,4.1e-05,0.000953
0,-0.155251,0.148584,-0.165295,0.068086,-0.168203,0.083649,0.00271,0.002593
0,-0.132281,0.148243,0.042764,0.016621,0.052261,0.053726,0.002309,0.002587
0,-0.02213,-0.068431,0.139738,-0.190403,0.095798,-0.169867,0.000386,0.001194
0,-0.138282,0.018195,-0.109406,0.095665,-0.151529,0.094649,0.002413,0.000318
0,-0.161334,0.031538,-0.028858,0.021963,-0.049972,0.030052,0.002816,0.00055
0,-0.029114,-0.013382,0.160857,-0.035061,0.210798,-0.015579,0.000508,0.000234
0,0.057232,0.064653,0.112695,0.056106,0.101523,0.015677,0.000999,0.001128
0,0.104788,0.110002,0.06244,0.053419,0.031223,0.071778,0.001829,0.00192
0,0.084031,0.107379,-0.028357,0.026129,-0.0717,0.075654,0.001467,0.001874
0,-0.060032,0.102393,-0.116064,-0.033297,-0.127008,-0.030033,0.001048,0.001787
0,0.125912,0.051429,0.208262,-0.045006,0.182897,-0.014437,0.002198,0.000898
0,-0.063428,0.080891,-0.184089,0.005167,-0.145147,-0.009127,0.001107,0.001412
0,0.055161,0.015982,0.10578,-0.081416,0.126651,-0.072481,0.000963,0.000279
0,0.069013,-0.050674,0.007093,-0.081396,-0.016958,-0.120886,0.001205,0.000884
0,-0.018742,0.048358,-0.110898,0.120126,-0.079324,0.13552,0.000327,0.000844
0,0.066871,0.138559,0.108703,0.120113,0.083588,0.110086,0.001167,0.002418
0,-0.005301,-0.036911,-0.059479,-0.185018,-0.027053,-0.198688,9.3e-05,0.000644
0,0.071979,-0.011851,0.067414,0.045796,0.101285,0.006906,0.001256,0.000207
0,0.080346,-0.049263,0.021146,-0.061916,0.030943,-0.088857,0.001402,0.00086
0,0.106317,0.163124,0.05394,0.184047,0.070919,0.196425,0.001856,0.002847
0,-0.029737,0.063316,-0.111279,-0.114998,-0.146789,-0.083173,0.000519,0.001105
0,0.08697,0.003613,0.097027,-0.040609,0.142463,-0.064429,0.001518,6.3e-05
0,-0.085944,0.134126,-0.152184,0.155489,-0.112724,0.146853,0.0015,0.002341
0,0.058393,-0.071054,0.136621,-0.209298,0.142637,-0.218075,0.001019,0.00124
0,0.005152,0.053599,-0.025452,0.103225,-0.027599,0.144591,9e-05,0.000935
0,-0.036905,0.075331,-0.01971,0.022728,-0.007861,0.03107,0.000644,0.001315
0,-0.157978,-0.037312,-0.117092,-0.120699,-0.075053,-0.073771,0.002757,0.000651
0,-0.174579,-0.083283,-0.025386,-0.069455,-0.015484,-0.108737,0.003047,0.001454
0,0.022274,0.023037,0.207805,0.114935,0.163118,0.069097,0.000389,0.000402
0,-0.065131,-0.091806,-0.116507,-0.123113,-0.120673,-0.084919,0.001137,0.001602
0,0.059014,0.136018,0.12864,0.203981,0.142786,0.20018,0.00103,0.002374
0,-0.104291,0.070138,-0.188052,-0.046466,-0.194965,-0.065189,0.00182,0.001224
0,-0.159016,0.043076,-0.057694,-0.035504,-0.024791,-0.042512,0.002775,0.000752
0,0.035428,0.13577,0.186126,0.097501,0.1867,0.060498,0.000618,0.00237
0,-0.153467,0.1278,-0.209505,0.006957,-0.203035,0.037678,0.002679,0.002231
0,-0.170061,-0.07631,-0.012711,-0.203236,0.021967,-0.182209,0.002968,0.001332
0,-0.024486,-0.057704,0.142901,0.041226,0.132403,0.062017,0.000427,0.001007
0,-0.001043,-0.006075,0.033131,0.03614,0.065935,0.00787,1.8e-05,0.000106
0,-0.056366,-0.055089,-0.070105,-0.03638,-0.117276,-0.033176,0.000984,0.000961
0,0.041905,0.091689,0.098844,0.148954,0.097815,0.17147,0.000731,0.0016
0,0.001492,0.087582,-0.034118,-0.004187,-0.07137,-0.019936,2.6e-05,0.001529
0,-0.062142,-0.039306,-0.089447,-0.136129,-0.052644,-0.131527,0.001085,0.000686
0,-0.083434,0.154397,-0.020902,0.169897,-0.048157,0.157434,0.001456,0.002695
0,-0.08,0.165675,-0.014886,0.012749,0.033833,0.018571,0.001396,0.002892
0,0.133825,-0.025453,0.236007,-0.199945,0.263824,-0.214639,0.002336,0.000444
0,0.109086,-0.127327,-0.02617,-0.125116,-0.058874,-0.109493,0.001904,0.002222
0,0.028245,-0.156817,-0.075492,-0.047107,-0.051886,-0.007445,0.000493,0.002737
0,0.03907,-0.06346,0.0299,0.121731,0.006769,0.165083,0.000682,0.001108
0,0.103825,0.018513,0.08044,0.07752,0.061147,0.112931,0.001812,0.000323
0,0.001608,-0.03172,-0.118747,-0.039315,-0.102152,-0.057937,2.8e-05,0.000554
0,-0.13779,-0.021178,-0.117869,0.021496,-0.101398,0.067885,0.002405,0.00037
0,-0.113276,-0.085587,-0.002837,-0.070492,0.009882,-0.027007,0.001977,0.001494
0,-0.027172,0.001608,0.111585,0.108094,0.126838,0.095783,0.000474,2.8e-05
0,-0.153612,-0.119114,-0.100898,-0.148107,-0.101648,-0.127424,0.002681,0.002079
0,0.068488,0.070712,0.198318,0.21181,0.213383,0.212899,0.001195,0.001234
0,-0.16583,0.013823,-0.212346,-0.075086,-0.204062,-0.114287,0.002894,0.000241
0,-0.106212,0.08397,0.044137,0.090714,0.050119,0.085113,0.001854,0.001466
0,-0.024635,0.002071,0.101965,-0.109134,0.096482,-0.128493,0.00043,3.6e-05
0,-0.023937,0.046645,0.008075,0.058785,0.01039,0.049155,0.000418,0.000814
0,0.03278,0.054495,0.031708,-0.005909,-0.005017,-0.043513,0.000572,0.000951
0,0.054263,-0.067111,8.4e-05,-0.140971,0.045044,-0.190129,0.000947,0.001171
0,-0.025638,0.094037,-0.054523,0.176716,-0.095643,0.201056,0.000447,0.001641
0,-0.040058,0.014683,-0.006987,-0.088433,-0.015267,-0.081007,0.000699,0.000256
0,0.139983,-0.025626,0.185028,-0.040329,0.20981,-0.037424,0.002443,0.000447
0,-0.038848,0.002743,-0.164253,0.02106,-0.123687,0.065751,0.000678,4.8e-05
0,0.043773,0.013412,0.069315,0.037113,0.105249,0.023502,0.000764,0.000234
0,0.123458,0.089861,0.072144,0.051046,0.030939,0.015756,0.002155,0.001568
0,0.007184,0.144761,-0.125334,0.070885,-0.077909,0.103092,0.000125,0.002527
0,0.16792,-0.048302,0.168936,-0.212314,0.199218,-0.205846,0.002931,0.000843
0,-0.020024,0.095126,-0.188085,0.140854,-0.15902,0.173988,0.000349,0.00166
0,0.023648,0.183911,0.055389,0.084994,0.007089,0.13138,0.000413,0.00321
0,-0.048277,0.109844,-0.074583,-0.080056,-0.091157,-0.066855,0.000843,0.001917
0,0.092765,0.114151,0.156753,0.026366,0.154723,0.000346,0.001619,0.001992
0,0.132624,0.125191,0.023618,-0.01865,-0.002742,0.019338,0.002315,0.002185
0,0.186887,0.096464,0.069591,-0.029487,0.100107,-0.009695,0.003262,0.001684
0,-0.070503,-0.096781,-0.24548,-0.171637,-0.26178,-0.134558,0.001231,0.001689
0,0.046485,0.091146,0.10705,0.161104,0.083045,0.182732,0.000811,0.001591
0,0.017371,-0.103015,-0.055923,-0.220909,-0.0557,-0.219618,0.000303,0.001798
0,-0.096319,-0.124593,-0.114395,-0.049649,-0.081917,-0.005248,0.001681,0.002175
0,0.136855,-0.112826,0.21425,0.008282,0.247292,0.057786,0.002389,0.001969
0,0.083768,0.031801,-0.029991,0.168566,0.009618,0.204043,0.001462,0.000555
0,-0.124854,0.005057,-0.212149,-0.010216,-0.236676,-0.041796,0.002179,8.8e-05
0,-0.156093,-0.108331,-0.057414,-0.123993,-0.068523,-0.090684,0.002724,0.001891
0,-0.07527,0.091532,0.072337,0.216317,0.103498,0.237947,0.001314,0.001598
0,-0.166611,-0.116507,-0.07029,-0.211475,-0.097681,-0.219093,0.002908,0.002033
0,-0.068064,-0.076653,0.079133,0.04658,0.035872,0.026189,0.001188,0.001338
0,-0.220332,0.120961,-0.134731,0.1705,-0.150909,0.167814,0.003846,0.002111
0,-0.184466,-0.024098,0.053935,-0.117808,0.023605,-0.114567,0.00322,0.000421
0,-0.134695,0.021734,0.07448,0.075799,0.084375,0.08034,0.002351,0.000379
0,-0.186285,-0.130508,-0.04735,-0.123118,0.001483,-0.098552,0.003251,0.002278
0,-0.116186,-0.080873,0.09631,0.069466,0.13362,0.115472,0.002028,0.001412
0,-0.10057,-0.119403,0.013818,-0.032839,0.022648,-0.02085,0.001755,0.002084
0,-0.02745,-0.011827,0.086953,0.098393,0.058031,0.135898,0.000479,0.000206
0,-0.013796,0.002985,0.001154,0.016572,0.030091,0.024727,0.000241,5.2e-05
0,-0.205755,-0.116267,-0.219632,-0.117295,-0.220862,-0.135742,0.003591,0.002029
0,-0.137687,0.11606,0.044449,0.234539,0.074889,0.215363,0.002403,0.002026
0,-0.075552,0.136278,0.072885,0.029175,0.05258,0.019594,0.001319,0.002379
0,-0.104774,0.00459,-0.052646,-0.161359,-0.08984,-0.115432,0.001829,8e-05
0,0.034925,-0.124751,0.15863,-0.153142,0.198489,-0.124358,0.00061,0.002177
0,-0.230206,-0.091225,-0.254019,0.012896,-0.23707,0.02327,0.0038,0.001592
0,0.004902,0.000726,0.225578,0.090598,0.223058,0.051843,8.6e-05,1.3e-05
0,-0.071791,0.031403,-0.075497,0.001477,-0.086279,0.020257,0.001253,0.000548
0,-0.007569,0.189966,0.087725,0.130186,0.073846,0.097936,0.000132,0.003316
0,0.00656,0.152759,0.031954,-0.04073,0.000334,-0.009907,0.000114,0.002666
0,-0.140092,0.140544,-0.143605,-0.027472,-0.148251,-0.006097,0.002445,0.002453
0,-0.12682,0.040985,0.004907,-0.077082,0.035278,-0.107236,0.002213,0.000715
0,-0.055286,-0.067831,0.087283,-0.124451,0.060019,-0.13348,0.000965,0.001184
0,0.019109,0.065538,0.103555,0.14757,0.123136,0.141156,0.000334,0.001144
0,0.112939,0.001288,0.067463,-0.065044,0.116496,-0.10184,0.001971,2.2e-05
0,-0.048497,0.022643,-0.154685,0.041019,-0.111827,0.056837,0.000846,0.000395
0,-0.00076,0.018714,0.05478,-0.001312,0.09477,-0.005102,1.3e-05,0.000327
0,-0.188221,0.097877,-0.178657,0.072805,-0.197348,0.053633,0.003285,0.001708
0,-0.039192,0.184055,0.152367,0.10293,0.124821,0.060484,0.000684,0.003212
0,0.027382,0.158534,0.079946,-0.019847,0.121339,-0.035426,0.000478,0.002767
0,-0.103256,-0.004435,-0.14467,-0.188881,-0.149359,-0.141731,0.001802,7.7e-05
0,-0.107468,0.049765,-0.01437,0.07699,0.019647,0.035872,0.001876,0.000869
0,0.02056,0.168628,0.121733,0.108002,0.146805,0.130876,0.000359,0.002943
0,-0.045661,0.107785,-0.052778,-0.075954,-0.095376,-0.10708,0.000797,0.001881
0,-0.329812,-2.095662,-0.30239,-2.186607,-0.319852,-2.13996,0.002062,0.002513
0,-0.678948,-2.218437,-0.320765,-0.103907,-0.331089,-0.065302,0.003786,0.00037
0,-0.903265,-2.187304,-0.20732,0.013576,-0.220722,0.015478,0.000129,0.000914
0,-0.894469,-1.80376,-0.00153,0.406511,0.038892,0.3582,2.4e-05,0.00021
0,-0.893529,-1.362105,-0.018732,0.431922,-0.036525,0.462708,4.1e-05,0.00032
0,-0.936477,-1.01376,-0.028565,0.372774,-0.045142,0.409969,0.000709,0.002058
0,-0.455354,-0.610245,0.497313,0.386494,0.535567,0.405929,0.00013,0.002833
0,-0.439066,-0.39639,-0.006651,0.189779,0.030879,0.169864,0.000155,0.0009
0,-0.364459,-0.159891,0.050602,0.252722,0.065794,0.30083,0.001457,0.002791
0,-0.433141,-0.27018,-0.06106,-0.107287,-0.056755,-0.098944,0.000258,0.003102
0,-0.201023,-0.095985,0.238005,0.196573,0.2635,0.221513,0.003509,0.001675
0,-0.245316,-0.069438,-0.071507,0.05125,-0.075958,0.040735,0.003536,0.001212
0,-0.168209,0.109357,0.090172,0.149696,0.139386,0.147182,0.002936,0.001909
0,-0.054972,0.078629,0.1339,-0.004083,0.17104,-0.036078,0.000959,0.001372
0,0.070239,-0.005487,0.144931,-0.108783,0.165257,-0.093022,0.001226,9.6e-05
0,0.128308,0.226871,0.074883,0.238215,0.118904,0.250139,0.002239,0.003858
0,0.140499,0.047443,0.025577,-0.19815,-0.00984,-0.184621,0.002452,0.000828
0,0.060998,-0.089025,-0.094331,-0.147974,-0.114392,-0.14405,0.001065,0.001554
0,0.076267,0.028105,0.029433,0.097808,0.037144,0.059999,0.001331,0.000491
0,0.020581,0.151903,-0.077833,0.14924,-0.056147,0.115289,0.000359,0.002651
0,-0.029168,0.025285,-0.07138,-0.101886,-0.05435,-0.054481,0.000509,0.000441
0,0.013236,-0.114012,0.049393,-0.151324,0.09644,-0.200558,0.000231,0.00199
0,-0.017165,-0.116472,-0.004959,-0.008122,-0.039266,0.013477,0.0003,0.002033
0,0.192363,-0.107059,0.213351,0.015077,0.173418,0.045634,0.003357,0.001869
0,0.057273,-0.012908,-0.138372,0.118077,-0.127892,0.114206,0.001,0.000225
0,0.184463,0.038249,0.108266,0.059878,0.154853,0.049094,0.003219,0.000668
0,0.027736,0.076037,-0.127749,0.067383,-0.175617,0.07387,0.000484,0.001327
0,0.119723,0.025623,0.091153,-0.051592,0.060259,-0.086854,0.00209,0.000447
0,0.216536,0.155816,0.119604,0.118889,0.093089,0.124441,0.003779,0.00272
0,1.972944,1.06759,1.729787,0.888125,1.762823,0.858799,0.003163,0.002997
0,2.543927,1.20014,0.573675,0.140526,0.550341,0.157302,0.002507,0.002507
0,3.808611,1.636732,1.282458,0.42941,1.28148,0.440076,0.003888,0.002705
0,3.662152,1.255269,-0.146872,-0.410925,-0.096929,-0.429188,0.001374,0.001545
0,3.305696,1.146628,-0.379139,-0.092169,-0.36261,-0.094809,0.00297,0.003441
0,3.049795,1.022321,-0.257101,-0.148184,-0.219786,-0.164901,0.001496,0.002207
0,2.464906,0.598789,-0.610899,-0.45344,-0.591203,-0.479677,0.003887,0.002633
0,2.068832,0.689804,-0.42381,0.085106,-0.393365,0.132817,0.002981,0.003596
0,1.212667,0.352228,-0.877583,-0.36071,-0.908688,-0.31702,0.002289,0.00167
0,0.618517,0.414426,-0.566644,0.086071,-0.59509,0.132024,0.002977,0.000585
0,0.381033,0.185197,-0.237638,-0.207628,-0.201549,-0.196824,0.001168,0.003232
0,0.128057,-0.164567,-0.271818,-0.328046,-0.274232,-0.282991,0.002235,0.002872
0,-0.041007,-0.249815,-0.176142,-0.088893,-0.14006,-0.053563,0.000716,0.003458
0,-0.307689,-0.111203,-0.290129,0.130975,-0.338621,0.149976,0.002448,0.001941
0,-0.594942,-0.089394,-0.296399,0.005445,-0.314502,0.018144,0.002566,0.00156
0,-0.621046,-0.222961,-0.005122,-0.149207,-0.053266,-0.130836,0.003021,0.003891
0,-0.40744,-0.140625,0.210538,0.106956,0.182226,0.145636,0.000707,0.002454
0,-0.235952,-0.127937,0.164192,0.009594,0.12414,0.022178,0.0037,0.002233
0,-0.244896,-0.189049,0.019424,-0.036582,0.049864,0.000286,0.003544,0.0033
0,-0.256789,-0.165506,0.017424,0.043385,0.022905,0.0078,0.003336,0.002889
0,-0.15856,-0.249102,0.116593,-0.080271,0.097059,-0.093314,0.002767,0.00347
0,0.187696,-0.089876,0.363487,0.13035,0.331055,0.153914,0.003276,0.001569
0,0.065894,-0.137804,-0.149372,-0.041658,-0.102887,-0.008127,0.00115,0.002405
0,0.065495,0.077075,-0.008439,0.200089,-0.017993,0.166231,0.001143,0.001345
0,0.133901,0.081641,0.051824,-0.019662,0.055749,-0.028944,0.002337,0.001425
0,0.043352,-0.074277,-0.080551,-0.162213,-0.043911,-0.178259,0.000757,0.001296
0,0.175745,-0.132355,0.141152,-0.037784,0.161363,-0.071373,0.003067,0.00231
0,0.283593,0.083152,0.080178,0.226682,0.080167,0.197239,0.002868,0.001451
0,0.003873,0.117298,-0.269325,0.053453,-0.23317,0.012841,6.8e-05,0.002047
0,0.151909,-0.114377,0.13113,-0.236038,0.101477,-0.268577,0.002651,0.001996
0,-0.004714,0.032352,-0.136614,0.162204,-0.11793,0.20835,8.2e-05,0.000565
0,0.031942,0.125975,0.029785,0.083896,0.050197,0.055231,0.000557,0.002199
0,0.043754,0.089289,0.002433,-0.065378,-0.038219,-0.051528,0.000764,0.001558
0,0.068175,0.024966,0.010941,-0.057442,-0.030921,-0.019275,0.00119,0.000436
0,-0.032609,-0.130715,-0.115902,-0.180252,-0.135087,-0.215658,0.000569,0.002281
0,0.132834,0.022352,0.144623,0.176875,0.105919,0.165141,0.002318,0.00039
0,-0.06081,-0.161952,-0.16822,-0.201164,-0.161916,-0.211213,0.001061,0.002827
0,0.175915,-0.000845,0.237025,0.173321,0.266906,0.168782,0.00307,1.5e-05
0,0.041902,-0.145321,-0.134852,-0.173947,-0.105448,-0.182112,0.000731,0.002536
0,0.203875,0.092968,0.170945,0.255476,0.134981,0.242483,0.003558,0.001623
0,0.051111,0.067417,-0.157387,-0.051984,-0.12909,-0.084721,0.000892,0.001177
0,0.112185,-0.074208,0.081837,-0.141382,0.052178,-0.184441,0.001958,0.001295
0,0.186315,0.052045,0.10073,0.154686,0.053419,0.148927,0.003252,0.000908
0,0.124704,0.056493,-0.057577,0.008267,-0.040961,-0.038144,0.002177,0.000986
0,0.251838,0.04504,0.125857,-1e-06,0.106303,0.019626,0.003422,0.000786
0,0.082745,0.048769,-0.155649,-0.022665,-0.175092,-0.061302,0.001444,0.000851
0,0.057727,0.111957,-0.02856,0.088756,-0.059294,0.136341,0.001008,0.001954
0,0.209219,0.121497,0.131007,0.004437,0.087329,0.053375,0.003652,0.002121
0,0.166724,-0.010498,-0.052646,-0.141845,-0.021793,-0.143846,0.00291,0.000183
0,0.106454,-0.030088,-0.058437,-0.017144,-0.089398,-0.053828,0.001858,0.000525
0,0.020146,0.111333,-0.089281,0.115176,-0.050072,0.092909,0.000352,0.001943
0,-0.009935,0.123497,-0.044507,-0.005093,-0.081151,0.010728,0.000173,0.002155
0,-0.034556,-0.044351,0.004304,-0.160147,0.012087,-0.1768,0.000603,0.000774
0,0.127756,0.116229,0.18375,0.165753,0.217693,0.177826,0.00223,0.002029
0,-0.015457,0.045217,-0.15521,-0.042308,-0.151169,-0.005108,0.00027,0.000789
0,0.050728,0.146495,0.043741,0.077227,0.03037,0.095124,0.000885,0.002557
0,0.133179,0.091906,0.074631,-0.042846,0.10793,-0.040461,0.002324,0.001604
0,0.153095,-0.018123,0.041531,-0.111683,0.088331,-0.07068,0.002672,0.000316
0,0.172052,0.046718,-0.010415,0.093337,-0.04165,0.140459,0.003003,0.000815
0,0.109392,0.079061,-0.08663,0.057011,-0.059035,0.091945,0.001909,0.00138
0,0.217641,0.103922,0.121235,0.005191,0.148893,-0.025478,0.003799,0.001814
0,-0.003105,0.12221,-0.205836,0.036389,-0.225408,0.030888,5.4e-05,0.002133
0,-0.016762,-0.081409,-0.034946,-0.215495,0.012002,-0.235734,0.000293,0.001421
0,-0.027955,0.043865,0.010154,0.126239,-0.029333,0.135204,0.000488,0.000766
0,0.012858,-0.140074,0.069119,-0.209243,0.032105,-0.229196,0.000224,0.002445
0,0.172775,0.093358,0.132176,0.205342,0.122576,0.22485,0.003015,0.001629
0,0.116176,0.03753,-0.056116,-0.060904,-0.026452,-0.018962,0.002028,0.000655
0,0.068011,-0.091788,-0.035087,-0.118231,0.001107,-0.093622,0.001187,0.001602
0,0.05606,-0.024863,0.015614,0.064277,0.046153,0.020584,0.000978,0.000434
0,0.061914,0.010546,0.03495,0.031154,0.084222,0.047277,0.001081,0.000184
0,-0.037577,-0.106934,-0.104281,-0.116446,-0.12357,-0.121257,0.000656,0.001866
0,2.043795,-1.573053,2.070558,-1.467162,2.059569,-1.420727,0.003418,0.003817
0,3.520977,-1.954046,1.447733,-0.356597,1.433158,-0.331292,0.00109,0.002833
0,4.87371,-2.275451,1.324073,-0.307615,1.274847,-0.301786,0.000934,0.000625
0,4.107454,-2.491301,-0.791463,-0.19441,-0.752623,-0.183559,0.001328,0.003426
0,4.056779,-2.255903,-0.05181,0.244943,-0.052231,0.233026,0.000443,0.000284
0,3.436311,-1.479104,-0.593063,0.800578,-0.555093,0.780645,0.002568,0.002362
0,2.95347,-1.136379,-0.491171,0.340928,-0.479937,0.372808,0.003177,0.00362
0,2.496601,-0.717441,-0.433589,0.420984,-0.47396,0.390738,0.003333,0.003114
0,1.60251,-0.406446,-0.89507,0.325085,-0.852513,0.296975,0.003302,0.000724
0,1.166835,-0.161554,-0.451447,0.224891,-0.428989,0.272429,0.003089,0.00282
0,0.476547,-0.07151,-0.666111,0.066006,-0.699149,0.020393,0.000499,0.001248
0,0.158483,0.116654,-0.305308,0.166848,-0.34623,0.134739,0.002766,0.002036
0,0.228019,0.049993,0.065974,-0.048448,0.038368,-0.010376,0.003838,0.000873
0,0.148183,0.111489,-0.078453,0.044975,-0.03164,0.030491,0.002586,0.001946
0,0.190448,-0.106256,0.056873,-0.215014,0.018169,-0.165184,0.003324,0.001855
0,0.264563,0.134699,0.068094,0.241448,0.072586,0.226034,0.0032,0.002351
0,-0.011529,-0.022479,-0.259205,-0.170955,-0.255325,-0.155993,0.000201,0.000392
0,0.086335,0.126566,0.078897,0.148874,0.057327,0.164305,0.001507,0.002209
0,0.163965,0.13985,0.048922,0.018324,0.05115,0.005238,0.002862,0.002441
0,0.230455,0.029778,0.061553,-0.112322,0.092478,-0.08631,0.003796,0.00052
0,-0.016206,-0.031105,-0.237284,-0.084705,-0.232156,-0.063292,0.000283,0.000543
0,0.003078,0.066892,0.041298,0.091471,0.014269,0.099519,5.4e-05,0.001167
0,-0.024628,-0.127871,-0.038505,-0.170859,-0.077643,-0.21604,0.00043,0.002232
0,0.229411,-0.099941,0.27074,0.044597,0.277803,0.06202,0.003814,0.001744
0,0.28625,0.114198,0.085773,0.220546,0.132562,0.218603,0.002822,0.001993
0,0.129506,0.114672,-0.15803,-0.02897,-0.151758,-0.04832,0.00226,0.002001
0,0.074406,-0.118068,-0.025535,-0.261214,-0.003272,-0.296967,0.001299,0.002061
0,0.18939,0.040851,0.129278,0.14461,0.154501,0.122755,0.003305,0.000713
0,0.18265,-0.06607,-0.019703,-0.082854,-0.006873,-0.115835,0.003188,0.001153
0,0.200195,0.016894,0.004764,0.088778,-0.044719,0.069528,0.003494,0.000295
0,-0.014818,0.068841,-0.19695,0.075361,-0.218431,0.035232,0.000259,0.001202
0,0.251503,0.036274,0.25491,-0.009378,0.23563,-0.018333,0.003428,0.000633
0,0.084739,0.022941,-0.177352,-0.039609,-0.215482,-0.01013,0.001479,0.0004
0,0.199109,-0.018984,0.087209,-0.068737,0.129408,-0.0298,0.003475,0.000331
0,0.189114,0.152225,-0.037242,0.143045,-0.004419,0.165974,0.003301,0.002657
0,0.158024,-0.063066,-0.019473,-0.226701,-0.028777,-0.258878,0.002758,0.001101
0,-0.026236,0.138949,-0.204028,0.228496,-0.224991,0.203625,0.000458,0.002425
0,0.207631,-0.123911,0.205578,-0.260022,0.159883,-0.223009,0.003624,0.002163
0,0.123586,-0.083173,-0.077426,0.056702,-0.065727,0.092522,0.002157,0.001452
0,-0.017436,0.011957,-0.128883,0.076808,-0.12712,0.042353,0.000304,0.000209
0,-0.061646,0.066493,-0.021425,0.043618,-0.049908,0.001061,0.001076,0.001161
0,-0.007514,-0.018645,0.076728,-0.062262,0.064491,-0.022308,0.000131,0.000325
0,-0.112454,-0.008502,-0.117019,0.022273,-0.07706,0.007791,0.001963,0.000148
0,0.016213,-0.138949,0.137042,-0.116447,0.118006,-0.076792,0.000283,0.002425
0,0.093165,-0.004949,0.058374,0.131185,0.055549,0.097184,0.001626,8.6e-05
0,-3.285196,0.745999,-3.381276,0.766134,-3.396639,0.764402,0.002612,0.002616
0,-4.365384,1.149533,-1.072164,0.411316,-1.050886,0.455121,0.001988,0.00339
0,-4.245141,1.183871,0.136456,0.028712,0.118818,0.063797,0.003731,0.002791
0,-4.307667,1.116709,-0.080099,-0.054836,-0.068393,-0.026341,0.002996,0.003854
0,-3.60185,0.98359,0.701974,-0.156307,0.65383,-0.157306,0.000321,0.001531
0,-2.88092,0.507237,0.718856,-0.485231,0.738875,-0.508788,0.003374,0.001035
0,-2.182231,0.521264,0.675035,-0.012058,0.699561,-0.022617,0.001002,0.00128
0,-1.342133,0.350536,0.859382,-0.161906,0.828104,-0.149576,2.9e-05,0.0017
0,-0.75487,0.026051,0.557657,-0.331075,0.541444,-0.281574,0.002461,0.000455
0,-0.204537,-0.097946,0.571057,-0.124399,0.600636,-0.140062,0.00357,0.001709
0,-0.133965,-0.099166,0.073556,0.021371,0.062048,0.022047,0.002338,0.001731
0,0.147461,0.009509,0.281,0.13621,0.318969,0.136131,0.002574,0.000166
0,0.256875,-0.037897,0.108244,-0.06711,0.139464,-0.030258,0.003335,0.000661
0,0.336032,-0.003963,0.051945,0.034238,0.037403,0.06449,0.001953,6.9e-05
0,0.319731,0.04002,-0.038267,0.036323,-0.049926,0.019865,0.002238,0.000698
0,0.119016,0.007262,-0.172661,-0.035284,-0.206942,-0.013556,0.002077,0.000127
0,0.20324,0.052763,0.078789,0.064463,0.037802,0.098742,0.003547,0.000921
0,-0.088075,-0.22593,-0.305823,-0.295131,-0.325208,-0.315753,0.001537,0.003875
0,-0.053631,0.066293,0.039727,0.29613,0.08206,0.253505,0.000936,0.001157
0,0.124838,0.079357,0.197166,0.010897,0.222843,-0.003086,0.002179,0.001385
0,0.128968,-0.041313,0.006198,-0.105266,0.049125,-0.064972,0.002251,0.000721
0,-0.045409,0.092864,-0.182857,0.104806,-0.181408,0.148089,0.000793,0.001621
0,0.136401,0.071842,0.163891,-0.008048,0.194917,-0.026227,0.002381,0.001254
0,0.008806,0.011875,-0.123335,-0.032169,-0.09259,-0.056459,0.000154,0.000207
0,0.126528,0.09071,0.116722,0.067899,0.088796,0.071518,0.002208,0.001583
0,-0.129402,-0.087043,-0.228238,-0.158489,-0.256246,-0.153916,0.002258,0.001519
0,-0.077176,-0.088301,0.077948,-0.030138,0.060814,0.013449,0.001347,0.001541
0,0.01459,-0.142456,0.092542,-0.071836,0.051505,-0.109052,0.000255,0.002486
0,0.070418,-0.03968,0.060095,0.095967,0.021268,0.113223,0.001229,0.000693
0,0.005542,-0.061412,-0.079839,-0.03515,-0.046823,-0.034774,9.7e-05,0.001072
0,0.205399,-0.004703,0.182019,0.046889,0.153748,0.011777,0.003585,8.2e-05
0,0.015818,-0.007709,-0.207858,-0.030424,-0.199805,-0.070233,0.000276,0.000135
0,0.187755,-0.096971,0.200242,-0.069579,0.23371,-0.031481,0.003277,0.001692
0,-0.009245,-0.125604,-0.182058,-0.016652,-0.223787,0.024626,0.000161,0.002192
0,0.120612,0.100229,0.101297,0.225807,0.095897,0.188195,0.002105,0.001749
0,0.087646,-0.120471,-0.04912,-0.205609,-0.069345,-0.177146,0.00153,0.002103
0,-0.058153,-0.082623,-0.140136,0.026044,-0.11792,-0.022703,0.001015,0.001442
0,0.052597,-0.094005,0.125408,-0.011919,0.096707,-0.054441,0.000918,0.001641
0,0.033461,-0.070488,0.006194,0.051047,0.040749,0.098166,0.000584,0.00123
0,-0.02549,-0.088822,-0.062186,0.011094,-0.10276,0.049358,0.000445,0.00155
0,-0.033498,-0.044361,0.015462,0.027121,0.03037,0.031043,0.000585,0.000774
0,0.057984,-0.010225,0.101529,0.006525,0.084468,-0.026412,0.001012,0.000178
0,0.045283,0.095858,-0.035444,0.103764,0.0036,0.121018,0.00079,0.001673
0,-0.115344,-0.034754,-0.14448,-0.147844,-0.105955,-0.179662,0.002013,0.000607
0,-0.010159,0.080977,0.094363,0.10103,0.052486,0.131964,0.000177,0.001413
0,-0.105665,-0.125534,-0.122551,-0.210228,-0.13427,-0.243699,0.001844,0.002191
0,0.020208,-0.077732,0.152898,0.04399,0.114115,0.013877,0.000353,0.001357
0,0.004737,0.087495,-0.027665,0.138104,-0.014809,0.169278,8.3e-05,0.001527
0,0.218365,0.066465,0.230021,0.007881,0.220636,0.038462,0.003811,0.00116
0,0.179134,0.063402,-0.03013,0.015545,-0.029518,-0.012851,0.003126,0.001107
0,-0.097186,-0.003835,-0.273556,-0.054198,-0.28261,-0.05093,0.001696,6.7e-05
0,0.014553,0.130955,0.11168,0.106134,0.121866,0.13783,0.000254,0.002286
0,0.128712,0.006227,0.144067,-0.117636,0.178388,-0.141406,0.002246,0.000109
0,0.104737,-0.089257,-0.025831,-0.089583,-0.011572,-0.125757,0.001828,0.001558
0,0.075962,0.07284,-0.027042,0.143662,-0.05556,0.146086,0.001326,0.001271
0,0.01103,-0.020137,-0.062417,-0.098912,-0.079124,-0.122728,0.000193,0.000351
0,-0.054727,-0.077119,-0.067312,-0.065858,-0.050888,-0.077212,0.000955,0.001346
0,0.047496,-0.008574,0.113158,0.045743,0.105702,0.093245,0.000829,0.00015
0,-0.115109,0.088238,-0.143733,0.075621,-0.101762,0.046664,0.002009,0.00154
0,-0.223248,-0.031331,-0.130403,-0.141723,-0.13741,-0.186088,0.003896,0.000547
0,-0.058885,-0.014406,0.135825,0.0308,0.169346,0.077291,0.001028,0.000251
0,-0.223708,0.075461,-0.145092,0.089031,-0.16894,0.045433,0.003904,0.001317
0,0.008412,-0.137121,0.252732,-0.20443,0.202748,-0.16791,0.000147,0.002393
0,-0.218984,-0.002155,-0.22893,0.132874,-0.194648,0.182289,0.003822,3.8e-05
0,-0.253597,-0.070938,-0.05385,-0.043341,-0.00738,-0.089604,0.003392,0.001238
0,-0.252995,0.026981,-0.000899,0.096609,-0.017057,0.064942,0.003402,0.000471
0,-0.050018,0.075597,0.21554,0.048441,0.252706,0.081325,0.000873,0.001319
0,-0.047575,0.027576,-0.002204,-0.055718,-0.007614,-0.069153,0.00083,0.000481
0,-0.229658,0.12123,-0.176831,0.066107,-0.176521,0.017887,0.00381,0.002116
0,0.030719,-0.030924,0.283235,-0.135829,0.325236,-0.157117,0.000536,0.00054
0,-0.083293,0.013567,-0.126788,0.037528,-0.153374,0.005849,0.001454,0.000237
0,-0.167954,-0.031197,-0.11314,-0.051808,-0.157576,-0.0244,0.002931,0.000544
0,0.075444,0.128074,0.225326,0.177876,0.196594,0.204757,0.001317,0.002235
0,-0.01326,0.060629,-0.101891,-0.080202,-0.054383,-0.117202,0.000231,0.001058
0,0.059426,0.061743,0.102335,0.014098,0.083235,-0.011665,0.001037,0.001078
0,0.069765,-0.11622,-0.006187,-0.195254,0.029854,-0.153885,0.001218,0.002028
0,-0.192362,0.116398,-0.269398,0.20478,-0.311903,0.191838,0.003357,0.002032
0,-0.188681,0.073922,0.005187,-0.063414,-0.030562,-0.100804,0.003293,0.00129
0,-0.024874,0.020953,0.172798,-0.030009,0.127728,-0.077803,0.000434,0.000366
0,-0.223464,0.079682,-0.211038,0.032303,-0.217792,0.005705,0.0039,0.001391
0,-0.044032,0.006549,0.204207,-0.083037,0.181443,-0.090868,0.000769,0.000114
0,-0.097971,-0.063904,-0.072347,-0.082637,-0.118826,-0.049864,0.00171,0.001115
0,-0.074896,0.058885,0.043973,0.092822,0.021714,0.06489,0.001307,0.001028
0,-0.064418,0.100112,0.033548,0.05511,0.052794,0.054509,0.001124,0.001747
0,0.129046,0.029119,0.211804,-0.068507,0.185167,-0.068397,0.002252,0.000508
0,-0.072888,0.048534,-0.224284,0.039547,-0.1953,0.021516,0.001272,0.000847
0,-0.07182,0.024726,-0.020677,-0.018163,-0.018932,0.004657,0.001253,0.000432
0,0.172747,0.074252,0.269505,0.049091,0.235007,0.04457,0.003015,0.001296
0,0.126097,-0.182493,-0.049351,-0.232832,-0.008521,-0.268172,0.002201,0.003185
0,0.000317,0.015026,-0.123968,0.195997,-0.145682,0.201214,6e-06,0.000262
0,0.116214,-0.021009,0.087255,-0.010031,0.136772,0.00977,0.002028,0.000367
0,0.13185,0.017207,0.038571,0.039512,0.050385,0.036836,0.002301,0.0003
0,-0.126855,-0.1077,-0.273283,-0.119515,-0.301025,-0.070009,0.002214,0.00188
0,-0.074662,-0.068062,0.068883,0.01054,0.101919,0.041296,0.001303,0.001188
0,0.15394,-0.050679,0.247802,-0.012148,0.256781,-0.049799,0.002687,0.000885
0,-0.026574,-0.115709,-0.176081,-0.073856,-0.21072,-0.04704,0.000464,0.00202
0,-0.15004,-0.141142,-0.146996,-0.026833,-0.139931,0.003037,0.002619,0.002463
0,0.01109,-0.030223,0.17578,0.105473,0.151168,0.096593,0.000194,0.000527
0,-0.240817,0.085759,-0.241629,0.093048,-0.20722,0.060265,0.003615,0.001497
0,-0.064228,-0.164317,0.15125,-0.221597,0.111156,-0.195582,0.001121,0.002868
0,0.048742,0.05475,0.09185,0.242637,0.10051,0.233105,0.000851,0.000956
0,-0.492963,-1.444422,-0.559203,-1.48376,-0.58029,-1.492073,0.000786,0.001756
0,-0.840787,-1.577157,-0.339643,-0.121923,-0.385388,-0.09304,0.000961,0.003745
0,-0.95028,-1.585783,-0.093661,-0.010924,-0.127082,0.036399,0.00095,0.003594
0,-1.074896,-1.326443,-0.135031,0.232387,-0.13362,0.184512,0.003125,0.000303
0,-0.956573,-1.090214,0.141791,0.251096,0.183927,0.223142,0.00106,0.003392
0,-1.043807,-1.005997,-0.113787,0.061422,-0.126932,0.084327,0.002582,0.001922
0,-0.78182,-0.914896,0.237598,0.115784,0.265695,0.125674,0.00199,0.000332
0,-0.732653,-0.777738,0.048223,0.135552,0.057348,0.11826,0.002849,0.002062
0,-0.455296,-0.656454,0.249235,0.122326,0.257925,0.108864,0.000129,0.003639
0,-0.301655,-0.273911,0.135796,0.367076,0.163077,0.392462,0.002553,0.003037
0,0.009012,-0.185559,0.294155,0.069614,0.250459,0.11592,0.000157,0.003239
0,-0.052191,0.084659,-0.061257,0.279018,-0.01801,0.322359,0.000911,0.001478
0,-0.086603,0.671845,-0.00617,0.610071,0.041235,0.644508,0.001512,0.003908
0,-0.534933,1.307907,-0.421733,0.622801,-0.438729,0.613228,0.001518,0.000626
0,-1.15387,1.70488,-0.625838,0.419459,-0.620139,0.371959,0.003315,0.001516
0,-0.889844,1.679047,0.291611,0.000536,0.304294,-0.00615,0.000105,0.001967
0,-0.813687,1.533747,0.09779,-0.169844,0.127731,-0.207049,0.001434,0.003315
0,-0.711578,1.778354,0.115157,0.273376,0.163244,0.27463,0.003216,0.000233
0,-0.442862,1.324016,0.249684,-0.435255,0.264011,-0.412763,8.8e-05,0.000345
0,-0.323374,1.175182,0.101818,-0.160841,0.117136,-0.193762,0.002174,0.002943
0,-0.413003,0.863205,-0.119428,-0.339081,-0.157208,-0.319334,0.00061,0.00057
0,-0.195372,0.897333,0.209623,0.051474,0.176398,0.085792,0.00341,2.6e-05
0,1.710688,-1.147486,1.902494,-2.038448,1.901678,-1.991206,0.001414,0.003426
0,2.962936,-1.533068,1.274639,-0.362118,1.261506,-0.404038,0.003012,0.003303
0,4.296425,-1.875059,1.312631,-0.351448,1.280065,-0.393189,0.003192,0.001454
0,4.372509,-2.039204,0.065813,-0.190866,0.025655,-0.195285,0.001864,0.003499
0,4.838337,-1.724141,0.451699,0.297977,0.475049,0.258993,0.001552,0.00118
0,3.72565,-1.074252,-1.132178,0.655262,-1.156969,0.646937,0.002482,0.003113
0,3.350465,-0.996843,-0.349299,0.067165,-0.31387,0.061576,0.003751,0.001762
0,2.40879,-0.634743,-0.941955,0.370967,-0.964031,0.381991,0.002952,0.00326
0,1.605133,-0.313888,-0.784026,0.320032,-0.741173,0.358627,0.003257,0.002339
0,0.928169,-0.042744,-0.699879,0.264838,-0.667689,0.228024,0.000564,0.000746
0,0.137192,0.127639,-0.77954,0.194657,-0.770874,0.221506,0.002394,0.002228
0,-0.100319,0.18111,-0.216017,0.039391,-0.245328,0.023261,0.001751,0.003161
0,-0.168238,0.052156,-0.089068,-0.131231,-0.107606,-0.119074,0.002936,0.00091
0,-0.296467,0.132465,-0.099281,0.071016,-0.090512,0.052956,0.002644,0.002312
0,-0.261548,0.251818,0.048513,0.137674,0.084996,0.100488,0.003253,0.003423
0,-0.321299,0.12935,-0.043801,-0.122922,-0.019644,-0.1603,0.00221,0.002258
0,-0.244326,0.197754,0.05833,0.096219,0.040036,0.06614,0.003554,0.003451
0,-0.351079,0.065534,-0.08783,-0.104802,-0.074442,-0.092514,0.00169,0.001144
0,-0.087989,0.086912,0.255567,0.039606,0.29734,-0.003119,0.001536,0.001517
0,-0.011529,0.098148,0.063962,0.03837,0.080736,0.044277,0.000201,0.001713
0,-0.069359,0.092736,-0.05222,0.016061,-0.068084,0.004161,0.001211,0.001619
0,0.012387,0.078823,0.072098,-0.032497,0.023081,-0.051256,0.000216,0.001376
0,0.067239,0.015878,0.05776,-0.034863,0.048073,-0.048203,0.001174,0.000277
0,-0.046993,0.119726,-0.139922,0.131143,-0.132052,0.171328,0.00082,0.00209
0,0.0405,0.074993,0.06472,-0.034784,0.079602,-0.043911,0.000707,0.001309
0,0.0873,0.046944,0.055158,-0.005282,0.06742,0.006584,0.001524,0.000819
0,-0.09539,-0.014814,-0.208429,-0.043696,-0.234094,-0.062866,0.001665,0.000259
0,0.055311,0.124702,0.153672,0.155005,0.168005,0.14277,0.000965,0.002176
0,-0.059762,0.025959,-0.127411,-0.106303,-0.166288,-0.097882,0.001043,0.000453
0,0.117994,0.131668,0.183045,0.098378,0.170084,0.100538,0.002059,0.002298
0,-0.069965,-0.024671,-0.208938,-0.176207,-0.213502,-0.141445,0.001221,0.000431
0,0.114257,0.202665,0.179767,0.205723,0.1683,0.248448,0.001994,0.003537
0,0.014188,0.054504,-0.112863,-0.137822,-0.144468,-0.087898,0.000248,0.000951
0,-0.007394,0.233926,-0.031937,0.174133,-0.078489,0.215072,0.000129,0.003735
0,-0.169292,0.144683,-0.156304,-0.081244,-0.167067,-0.117157,0.002955,0.002525
0,-0.069325,-0.077435,0.083463,-0.24171,0.060649,-0.281236,0.00121,0.001352
0,-0.007939,-0.016153,0.053764,0.07487,0.019864,0.083633,0.000139,0.000282
0,0.025984,-0.031243,0.035192,-0.004648,0.077982,-0.013919,0.000454,0.000545
0,-0.056932,0.161506,-0.057103,0.174685,-0.090662,0.165213,0.000994,0.002819
0,-0.082609,-0.032706,-0.009529,-0.187933,0.006955,-0.147344,0.001442,0.000571
0,-0.155262,-0.046935,-0.044983,0.010218,-0.042116,0.020908,0.00271,0.000819
0,-0.198079,-0.078628,-0.049684,-0.028538,-0.029188,-0.002834,0.003457,0.001372
0,-0.196794,0.048755,0.020155,0.117925,0.008947,0.12568,0.003435,0.000851
0,-0.112723,-0.040595,0.103585,-0.074395,0.059145,-0.067197,0.001967,0.000709
0,0.042734,-0.068107,0.133318,-0.044021,0.116435,-0.051407,0.000746,0.001189
0,-0.219482,0.040698,-0.23982,0.133189,-0.195613,0.112368,0.003831,0.00071
0,-0.005053,-0.120954,0.243978,-0.178861,0.283574,-0.207939,8.8e-05,0.002111
0,0.022451,0.016937,0.005313,0.129842,-0.002283,0.126043,0.000392,0.000296
0,-0.115596,0.096691,-0.160762,0.054186,-0.176626,0.027653,0.002018,0.001688
0,-0.204097,0.042391,-0.087756,-0.045144,-0.052971,-0.000191,0.003562,0.00074
0,-0.143884,-0.007982,0.083047,-0.069082,0.09124,-0.036946,0.002511,0.000139
0,-0.0594,0.069332,0.078076,0.071926,0.036056,0.034024,0.001037,0.00121
0,-0.040239,-0.087602,0.026584,-0.156032,0.062839,-0.157671,0.000702,0.001529
0,-0.15404,0.039124,-0.125783,0.106368,-0.125667,0.117073,0.002689,0.000683
0,-0.023774,-0.025142,0.140987,-0.041018,0.139642,-0.040843,0.000415,0.000439
0,-0.035773,0.019461,0.008347,0.045548,0.042248,0.036965,0.000624,0.00034
0,-0.02895,-0.096995,-0.002687,-0.098163,-0.004143,-0.084021,0.000505,0.001693
0,-0.026099,-0.018879,-0.022292,0.072368,0.018624,0.115972,0.000456,0.00033
0,-0.110244,-0.041745,-0.055263,-0.036958,-0.063308,-0.046593,0.001924,0.000729
0,-0.013356,-0.100883,0.082078,-0.03334,0.115324,-0.035703,0.000233,0.001761
0,-0.046145,0.06877,-0.051445,0.142964,-0.06435,0.102509,0.000805,0.0012
0,-0.283884,-0.022354,-0.216906,-0.107362,-0.226792,-0.099558,0.002863,0.00039
0,-0.08396,-0.014448,0.222295,0.030908,0.224553,0.011036,0.001465,0.000252
0,-0.30969,-0.12796,-0.236003,-0.096489,-0.213222,-0.073156,0.002413,0.002233
0,-0.215536,-0.175443,0.083186,-0.064562,0.11667,-0.088737,0.003762,0.003062
0,-0.271172,-0.136807,-0.063411,0.037597,-0.093738,0.03918,0.003085,0.002388
0,-0.386876,-0.013193,-0.120836,0.152008,-0.121049,0.143754,0.001066,0.00023
0,-0.225658,-0.162991,0.170809,-0.146373,0.21047,-0.150669,0.003879,0.002845
0,-0.105312,-0.036302,0.09128,0.09955,0.125345,0.073689,0.001838,0.000634
0,-0.013483,-0.053328,0.117816,-0.007468,0.096313,-0.049512,0.000235,0.000931
0,-0.034125,-0.188133,-0.049272,-0.149455,-0.067171,-0.194841,0.000596,0.003284
0,-0.182228,-0.184394,-0.152017,0.019108,-0.132061,0.040096,0.00318,0.003218
0,-0.055855,-0.108974,0.144228,0.103587,0.144538,0.082294,0.000975,0.001902
0,-0.092278,-0.206371,-0.064687,-0.101051,-0.021863,-0.143844,0.001611,0.003602
0,-0.212683,-0.026319,-0.098331,0.167583,-0.056094,0.157507,0.003712,0.000459
0,-0.116284,-0.159249,0.084728,-0.146739,0.110507,-0.172404,0.00203,0.002779
0,-0.22413,-0.080749,-0.078698,0.06978,-0.076463,0.053769,0.003906,0.001409
0,-0.202663,0.007922,0.017103,0.075832,0.065262,0.122315,0.003537,0.000138
0,-0.231489,-0.099158,-0.042281,-0.119265,-0.015363,-0.103327,0.003778,0.001731
0,-0.063596,-0.007679,0.156723,0.11967,0.1828,0.148291,0.00111,0.000134
0,-0.222497,-0.047085,-0.15436,-0.048891,-0.142525,-0.014,0.003883,0.000822
0,-0.11578,0.077674,0.106192,0.14836,0.139729,0.195072,0.002021,0.001356
0,-0.164877,-0.017626,-0.031921,-0.103595,0.011268,-0.121406,0.002878,0.000308
0,-0.155399,-0.034841,0.031802,-0.020356,0.034263,-0.054959,0.002712,0.000608
0,-0.097635,0.05336,0.086056,0.098251,0.048481,0.135798,0.001704,0.000931
0,0.026977,0.101519,0.094774,0.026704,0.064065,0.066453,0.000471,0.001772
0,0.09255,0.080773,0.064142,-0.018168,0.022007,-0.019843,0.001615,0.00141
0,-0.16753,0.069709,-0.277713,-0.023235,-0.253735,-0.043957,0.002924,0.001217
0,0.017853,-0.140627,0.156886,-0.201722,0.175842,-0.15685,0.000312,0.002454
0,-0.069707,-0.008189,-0.096024,0.157712,-0.082005,0.132126,0.001217,0.000143
0,-0.118655,-0.08067,-0.073525,-0.089464,-0.051869,-0.050387,0.002071,0.001408
0,0.07012,0.027666,0.162188,0.107808,0.207603,0.14477,0.001224,0.000483
0,-0.134497,0.138261,-0.195026,0.135954,-0.210571,0.121975,0.002347,0.002413
0,-0.061453,-0.12298,0.046705,-0.242659,0.096516,-0.206084,0.001073,0.002146
0,-0.04098,-0.049508,0.017888,0.092407,0.031239,0.110659,0.000715,0.000864
0,-0.051998,0.069617,-0.027435,0.14278,-0.028532,0.122863,0.000908,0.001215
0,-0.090859,0.061313,-0.035848,-0.0057,-0.042951,0.022396,0.001586,0.00107
0,-2.828271,-1.220546,-2.762836,-1.259125,-2.716503,-1.288309,0.002455,0.002151
0,-4.384223,-1.288232,-1.56389,-0.069503,-1.543058,-0.090215,0.00166,0.00097
0,-4.838325,-1.188626,-0.431502,0.116519,-0.399733,0.141129,0.001552,0.002708
0,-4.365962,-1.105669,0.483962,0.096171,0.444946,0.064552,0.001978,0.003662
0,-3.303114,-0.918374,1.06781,0.192513,1.064164,0.218369,0.002925,0.000393
0,-2.510316,-0.573013,0.76824,0.34325,0.744657,0.392761,0.003094,0.002183
0,-1.46152,-0.436106,1.050975,0.109597,1.066752,0.107508,0.002055,0.000206
0,-0.871754,-0.401028,0.600038,0.01874,0.606456,-0.015878,0.000421,0.000819
0,-0.479604,-0.205581,0.367906,0.172335,0.334212,0.207299,0.000553,0.003588
0,-0.237634,-0.029494,0.253906,0.159685,0.248328,0.208246,0.00367,0.000515
0,0.120033,0.069111,0.353549,0.12506,0.401326,0.146483,0.002095,0.001206
0,0.40284,-0.07501,0.300552,-0.150998,0.298774,-0.120422,0.000787,0.001309
0,0.49606,0.077455,0.097564,0.139828,0.143387,0.153688,0.00084,0.001352
0,0.386334,0.186816,-0.095345,0.121202,-0.131527,0.137068,0.001075,0.003261
0,0.394607,0.16234,-0.016539,-0.008302,0.021289,-0.046442,0.000931,0.002833
0,0.499722,0.137708,0.123391,-0.021407,0.168083,-0.019806,0.000904,0.002403
0,0.417108,0.18054,-0.063807,0.018967,-0.062813,-0.023467,0.000538,0.003151
0,0.240711,0.019221,-0.19865,-0.156227,-0.201595,-0.131225,0.003617,0.000335
0,0.01957,-0.017561,-0.220717,-0.013369,-0.230603,-0.052474,0.000342,0.000306
0,-0.027796,0.117644,-0.065958,0.110378,-0.092262,0.151922,0.000485,0.002053
0,0.125618,0.004423,0.123465,-0.088274,0.144635,-0.072501,0.002192,7.7e-05
0,-0.135802,0.190214,-0.284159,0.168727,-0.284343,0.146877,0.00237,0.00332
0,-0.090497,0.035273,0.060456,-0.136875,0.074918,-0.161166,0.001579,0.000616
0,0.047687,0.068613,0.112091,0.042008,0.123708,0.062491,0.000832,0.001198
0,-0.035853,0.10509,-0.075608,0.0372,-0.053505,0.053686,0.000626,0.001834
0,0.112738,0.161376,0.1412,0.026605,0.127125,0.041457,0.001968,0.002817
0,0.15284,-0.030632,0.048269,-0.173407,0.009605,-0.133547,0.002668,0.000535
0,-0.104323,0.002746,-0.255574,0.044373,-0.220715,0.037714,0.001821,4.8e-05
0,0.122103,0.065871,0.228802,0.055517,0.268822,0.094526,0.002131,0.00115
0,0.201782,0.126247,0.056503,0.048336,0.073862,0.077565,0.003522,0.002203
0,0.078582,0.097766,-0.1377,-0.025511,-0.132016,-0.013647,0.001372,0.001706
0,0.220319,0.042001,0.155276,-0.068412,0.140575,-0.086668,0.003845,0.000733
0,0.113518,0.181274,-0.089478,0.153324,-0.125263,0.202416,0.001981,0.003164
0,-0.033642,0.13846,-0.145983,-0.033134,-0.194962,-0.066547,0.000587,0.002417
0,0.121507,0.077512,0.178473,-0.043947,0.180965,-0.068454,0.002121,0.001353
0,-0.04636,-0.096874,-0.161241,-0.158158,-0.120482,-0.12252,0.000809,0.001691
0,0.143335,0.119798,0.218742,0.235509,0.249526,0.200523,0.002502,0.002091
0,0.040373,0.136604,-0.103836,-0.000381,-0.055947,-0.005359,0.000705,0.002384
0,0.094117,0.064275,0.056825,-0.043663,0.00891,-0.016399,0.001643,0.001122
0,0.007406,-0.123592,-0.095563,-0.158476,-0.137277,-0.132248,0.000129,0.002157
0,-0.117063,0.020838,-0.121775,0.131934,-0.079879,0.146301,0.002043,0.000364
0,0.057605,0.146419,0.178778,0.118399,0.146987,0.164659,0.001005,0.002556
0,-0.012659,-0.090114,-0.091367,-0.239687,-0.069148,-0.209896,0.000221,0.001573
0,-0.109828,0.062398,-0.097632,0.180985,-0.119776,0.220264,0.001917,0.001089
0,0.133749,-0.085589,0.257456,-0.156963,0.232906,-0.162314,0.002334,0.001494
0,-0.178618,-0.004244,-0.283128,0.092528,-0.242224,0.074418,0.003117,7.4e-05
0,-0.06773,-0.027561,0.100471,-0.004782,0.118042,0.039963,0.001182,0.000481
0,0.056263,-0.059216,0.123142,-0.043014,0.165382,-0.089178,0.000982,0.001034
0,0.041901,0.164561,-0.022823,0.251204,-0.044151,0.222813,0.000731,0.002872
0,-0.035915,-0.089665,-0.050007,-0.226937,-0.037826,-0.232407,0.000627,0.001565
0,-0.031253,0.113694,-0.010999,0.177112,-0.051549,0.136735,0.000545,0.001984
0,-0.191879,0.007961,-0.1724,-0.088033,-0.135921,-0.0481,0.003349,0.000139
0,-0.137093,-0.010809,0.044581,-0.007647,0.034916,-0.030213,0.002393,0.000189
0,-0.25417,-0.069496,-0.116264,-0.063938,-0.087033,-0.027704,0.003382,0.001213
0,0.040507,-0.050143,0.280665,0.021377,0.284249,0.022054,0.000707,0.000875
0,-0.241026,0.176988,-0.268532,0.223292,-0.242999,0.242844,0.003611,0.003089
0,-0.237529,0.153584,-0.007822,-0.023407,-0.039681,-0.007977,0.003672,0.002681
0,0.032161,0.101985,0.245956,-0.076894,0.289683,-0.063603,0.000561,0.00178
0,-0.199782,-0.113716,-0.224219,-0.21616,-0.227946,-0.184406,0.003487,0.001985
0,-0.117236,0.054115,0.112342,0.168601,0.138655,0.129965,0.002046,0.000944
0,0.120077,0.090303,0.211276,0.061858,0.229713,0.073251,0.002096,0.001576
0,0.086,-0.011061,-0.02216,-0.072463,-0.068857,-0.044915,0.001501,0.000193
0,-0.13646,-0.099265,-0.196648,-0.11239,-0.235706,-0.082186,0.002382,0.001732
0,-0.086038,0.073378,0.044814,0.171798,0.091683,0.182309,0.001502,0.001281
0,0.088626,-0.03603,0.191666,-0.124835,0.201706,-0.092401,0.001547,0.000629
0,0.123005,-0.060609,0.006785,-0.05062,-0.041225,-0.030128,0.002147,0.001058
0,0.109833,0.058626,0.008415,0.100767,0.0377,0.055483,0.001917,0.001023
0,0.09727,-0.017095,-0.041139,-0.047359,-0.018201,-0.062109,0.001698,0.000298
0,0.075165,0.677817,-0.039756,0.716025,-0.065563,0.705916,0.001312,0.003806
0,0.086564,0.901408,0.030515,0.248367,0.065551,0.297104,0.001511,9.7e-05
0,0.05201,0.861317,-0.018411,-0.029369,-0.026946,-0.066141,0.000908,0.000603
0,0.122821,0.807985,0.041807,-0.065861,0.046531,-0.074383,0.002144,0.001534
0,0.038936,0.71434,-0.066321,-0.094375,-0.055031,-0.061611,0.00068,0.003168
0,0.038428,0.679371,0.007419,-0.037762,-0.021501,-0.013397,0.000671,0.003778
0,0.093842,0.330798,0.036939,-0.322302,0.036481,-0.360618,0.001638,0.002044
0,0.214299,0.435733,0.113855,0.088237,0.144593,0.102391,0.00374,0.000213
0,0.00565,0.20322,-0.233483,-0.212613,-0.234436,-0.259316,9.9e-05,0.003547
0,0.143695,0.085207,0.117063,-0.145238,0.068817,-0.191318,0.002508,0.001487
0,0.153174,0.036405,0.010541,-0.033933,-0.003881,-0.029191,0.002673,0.000635
0,0.244564,0.064937,0.076858,0.057841,0.083638,0.105033,0.003549,0.001133
0,0.005991,-0.140157,-0.209423,-0.205175,-0.227599,-0.155848,0.000105,0.002446
0,0.197999,-0.145857,0.173614,-0.0031,0.213951,0.006661,0.003456,0.002546
0,-0.034045,-0.18468,-0.224979,-0.035923,-0.225652,-0.046715,0.000594,0.003223
0,-0.141589,0.025346,-0.127431,0.200745,-0.168585,0.249198,0.002471,0.000442
0,-0.131514,-0.061065,0.000956,-0.108149,-0.040989,-0.085155,0.002295,0.001066
0,0.068204,-0.195179,0.218548,-0.122753,0.189097,-0.105108,0.00119,0.003407
0,0.017486,-0.175874,-0.060277,0.038231,-0.069726,0.043826,0.000305,0.00307
0,1.473682,-0.04054,1.453174,0.156713,1.407533,0.130715,0.002267,0.000708
0,2.545084,-0.09219,1.097204,-0.048038,1.098748,-0.052786,0.002487,0.001609
0,3.608258,0.135977,1.090908,0.205466,1.092532,0.200983,0.000433,0.002373
0,3.766033,0.14142,0.129477,0.007971,0.091967,0.046674,0.003187,0.002468
0,3.352485,0.079883,-0.393917,-0.081145,-0.430784,-0.105934,0.003787,0.001394
0,2.629906,0.193072,-0.716191,0.083794,-0.743641,0.097138,0.001007,0.00337
0,1.945582,0.016499,-0.705116,-0.168219,-0.729595,-0.154473,0.002685,0.000288
0,1.536696,0.089115,-0.429276,0.095152,-0.410083,0.105042,0.003367,0.001555
0,1.007466,0.200754,-0.524814,0.118217,-0.511253,0.10231,0.001948,0.003504
0,0.677832,0.244766,-0.340453,0.037981,-0.384904,0.078094,0.003805,0.003546
0,0.453236,0.13778,-0.233883,-0.095448,-0.199786,-0.115548,9.3e-05,0.002405
0,0.324325,-0.025111,-0.145984,-0.159189,-0.182453,-0.133246,0.002157,0.000438
0,-0.017195,0.172399,-0.339048,0.224089,-0.302063,0.187836,0.0003,0.003009
0,-0.114345,0.095009,-0.123997,-0.078979,-0.152574,-0.063187,0.001996,0.001658
0,-0.170138,-0.052557,-0.062676,-0.143879,-0.099669,-0.149003,0.002969,0.000917
0,-0.289777,0.044417,-0.091169,0.080835,-0.111325,0.042745,0.00276,0.000775
0,-0.294908,-0.080507,-0.021019,-0.147152,0.004259,-0.170744,0.002671,0.001405
0,-0.162683,-0.013715,0.154364,0.057414,0.182808,0.041636,0.002839,0.000239
0,-0.265914,0.171178,-0.092057,0.168077,-0.105483,0.173541,0.003177,0.002988
0,-0.306195,0.064087,-0.020654,-0.122908,-0.014224,-0.082933,0.002474,0.001119
0,-0.303224,-0.054358,-0.016146,-0.110347,-0.005801,-0.085761,0.002526,0.000949
0,-0.241677,-0.071728,0.077241,-0.046685,0.122099,-0.079663,0.0036,0.001252
0,-0.232458,-0.034899,0.033324,0.064221,-0.004422,0.029056,0.003761,0.000609
0,-0.058529,-0.078081,0.15978,-0.027681,0.170433,-0.065054,0.001022,0.001363
0,-0.070628,-0.103416,-0.017278,-0.016441,0.014551,0.010063,0.001233,0.001805
0,-0.188231,-0.030707,-0.123769,0.08751,-0.162664,0.043024,0.003285,0.000536
0,-0.140545,0.028512,0.072502,0.043394,0.0991,0.059148,0.002453,0.000498
0,-0.051959,-0.230331,0.075245,-0.271076,0.059497,-0.299429,0.000907,0.003798
0,-0.105251,0.056483,-0.034687,0.256942,-0.017227,0.269276,0.001837,0.000986
0,-0.073946,-0.006385,0.030425,-0.041243,0.034313,-0.0579,0.001291,0.000111
0,-0.013587,-0.145132,0.061634,-0.143778,0.01582,-0.155065,0.000237,0.002533
0,-0.031091,0.024964,-0.03555,0.148077,0.007651,0.188862,0.000543,0.000436
0,0.020495,0.018338,0.028131,0.009784,0.045249,0.011877,0.000358,0.00032
0,0.013496,-0.142013,-0.026861,-0.150413,-0.024486,-0.159426,0.000236,0.002479
0,0.096031,-0.077344,0.077953,0.067749,0.078341,0.034562,0.001676,0.00135
0,-0.110494,-0.003191,-0.215134,0.05681,-0.210605,0.05984,0.001928,5.6e-05
0,-0.073845,-0.107652,0.023235,-0.125158,0.056674,-0.170099,0.001289,0.001879
0,-0.049519,0.010586,-0.004784,0.13745,-0.004983,0.131617,0.000864,0.000185
0,-0.00644,-0.109759,0.042473,-0.10192,0.073939,-0.055646,0.000112,0.001916
0,0.033633,0.052153,0.030611,0.138623,0.015889,0.164146,0.000587,0.00091
0,-0.140624,0.028375,-0.202755,-0.002318,-0.234448,-0.006262,0.002454,0.000495
0,-0.14972,0.07674,-0.006987,0.058988,0.035392,0.043645,0.002613,0.001339
0,-0.097979,-0.061171,0.052481,-0.149257,0.037382,-0.130039,0.00171,0.001068
0,-0.077921,-0.169781,-0.009369,-0.117977,0.036373,-0.167004,0.00136,0.002963
0,0.022304,0.018751,0.075269,0.217619,0.088973,0.186839,0.000389,0.000327
0,-0.214248,0.087675,-0.241275,0.079032,-0.289965,0.063914,0.003739,0.00153
0,-0.002287,-0.167607,0.234918,-0.233373,0.284846,-0.219396,4e-05,0.002925
0,-0.068096,0.059474,-0.049052,0.220105,-0.004462,0.223194,0.001189,0.001038
0,-0.043483,-0.176577,0.009797,-0.225921,0.000767,-0.197867,0.000759,0.003082
0,0.055041,-0.028564,0.069122,0.15137,0.056987,0.172548,0.000961,0.000499
0,0.10091,0.018556,0.075299,0.033472,0.036616,-0.003959,0.001761,0.000324
0,-0.109063,-0.105347,-0.228547,-0.098901,-0.263242,-0.116841,0.001904,0.001839
0,0.124911,-0.153398,0.219572,-0.039853,0.182886,-0.002659,0.00218,0.002677
0,0.086481,0.029974,-0.048847,0.192915,-0.044527,0.194458,0.001509,0.000523
0,-0.007311,-0.090828,-0.076095,-0.129377,-0.054592,-0.096623,0.000128,0.001585
0,-0.07236,0.058641,-0.046162,0.143103,-0.050497,0.190731,0.001263,0.001023
0,0.092537,-0.072401,0.181898,-0.121444,0.19148,-0.102074,0.001615,0.001264
0,0.004047,0.079718,-0.096216,0.166237,-0.112706,0.17281,7.1e-05,0.001391
0,-0.085728,-0.116143,-0.1043,-0.167116,-0.122468,-0.160668,0.001496,0.002027
0,0.02035,0.159767,0.112135,0.277692,0.071939,0.290811,0.000355,0.002788
0,-0.00619,-0.135117,-0.025454,-0.275383,-0.047283,-0.27914,0.000108,0.002358
0,0.091011,-0.082873,0.103445,0.05902,0.06182,0.022983,0.001588,0.001446
0,-0.067044,0.043994,-0.151583,0.131028,-0.138953,0.137372,0.00117,0.000768
0,-0.052491,0.095593,0.037868,0.023421,0.076477,-0.020192,0.000916,0.001668
0,-0.09448,-0.095709,-0.059497,-0.181108,-0.066615,-0.18257,0.001649,0.00167
0,-0.052094,0.060011,0.040581,0.143218,0.072211,0.129027,0.000909,0.001047
0,-0.003228,0.00505,0.027559,-0.055628,0.028002,-0.082046,5.6e-05,8.8e-05
0,-0.087321,0.061717,-0.081027,0.065984,-0.11324,0.032135,0.001524,0.001077
0,-0.037045,-0.067943,0.072168,-0.125609,0.087157,-0.078866,0.000647,0.001186
0,0.020882,-0.103784,0.079701,-0.058074,0.075277,-0.055072,0.000364,0.001811
0,0.060727,0.110055,0.019878,0.190709,0.057521,0.160879,0.00106,0.001921
0,0.078054,-0.08169,-0.001666,-0.21765,-0.006292,-0.249618,0.001362,0.001426
0,-0.027483,0.019998,-0.126125,0.09529,-0.124146,0.129712,0.00048,0.000349
0,0.029627,-0.068517,0.02819,-0.082992,0.034762,-0.086178,0.000517,0.001196
0,-0.151188,-0.161306,-0.192538,-0.069889,-0.236017,-0.028358,0.002639,0.002815
0,0.141484,0.009292,0.279944,0.195799,0.248975,0.232776,0.002469,0.000162
0,-0.110991,0.076758,-0.270659,0.095173,-0.300026,0.122012,0.001937,0.00134
0,0.14137,-0.185958,0.247103,-0.290757,0.198424,-0.275297,0.002467,0.003246
0,0.090701,-0.148393,-0.032392,0.022148,-0.045055,-0.011061,0.001583,0.00259
0,-0.050281,-0.012938,-0.127974,0.140203,-0.13809,0.116759,0.000878,0.000226
0,0.059959,0.046512,0.11006,0.083575,0.081995,0.083665,0.001046,0.000812
0,-0.089477,-0.147917,-0.160314,-0.184418,-0.170919,-0.225876,0.001562,0.002582
0,0.056257,-0.064047,0.130782,0.086967,0.154536,0.107759,0.000982,0.001118
0,-0.031019,0.016694,-0.09498,0.057377,-0.079055,0.05482,0.000541,0.000291
0,-0.14322,-0.069049,-0.10496,-0.098081,-0.085443,-0.071473,0.0025,0.001205
0,-0.151083,0.040557,-0.030773,0.135908,-0.045876,0.151414,0.002637,0.000708
0,0.083058,0.044377,0.242488,0.019924,0.240779,-0.011915,0.00145,0.000775
0,0.121952,0.12965,0.036506,0.087927,-0.003324,0.127703,0.002128,0.002263
0,-0.078982,0.172514,-0.21584,0.028199,-0.222529,0.019775,0.001378,0.003011
0,0.050875,-0.044333,0.130161,-0.237571,0.151334,-0.216027,0.000888,0.000774
0,-0.086704,0.065313,-0.124699,0.134336,-0.089671,0.148829,0.001513,0.00114
0,-0.055653,0.030059,0.010472,-0.006194,0.015658,0.020236,0.000971,0.000525
0,0.067504,-0.142293,0.109232,-0.165237,0.11037,-0.20929,0.001178,0.002483
0,0.217793,0.016295,0.162974,0.18548,0.12774,0.231991,0.003801,0.000284
0,0.140906,0.094782,-0.078068,0.061696,-0.045549,0.071357,0.002459,0.001654
0,0.136422,-0.111692,-0.012992,-0.22574,0.033532,-0.247064,0.002381,0.001949
0,0.229337,0.069282,0.080228,0.171567,0.101519,0.152361,0.003815,0.001209
0,-0.063747,-0.131737,-0.265777,-0.22866,-0.245824,-0.198875,0.001113,0.002299
0,-0.075801,-0.209235,-0.003577,-0.059163,-0.033412,-0.07133,0.001323,0.003652
0,0.168132,-0.053257,0.243413,0.183455,0.254843,0.139327,0.002934,0.00093
0,0.172602,-0.215731,0.025004,-0.190121,0.074478,-0.195715,0.003012,0.003765
0,0.000351,-0.141072,-0.150458,0.045756,-0.112238,0.054785,6e-06,0.002462
0,-0.002227,-0.203407,0.023082,-0.067171,0.048025,-0.068621,3.9e-05,0.00355
0,-0.052293,-0.216698,-0.026555,-0.002053,-0.010998,-0.020791,0.000913,0.003782
0,0.090357,0.074751,0.171667,0.275395,0.207291,0.266075,0.001577,0.001305
0,-0.078836,-0.207403,-0.156226,-0.3046,-0.166524,-0.296249,0.001376,0.00362
0,-0.145175,-0.010745,-0.068329,0.203609,-0.082201,0.190995,0.002534,0.000188
0,-0.139803,-0.194094,0.006913,-0.185139,-0.015828,-0.210825,0.00244,0.003388
0,0.069112,0.057247,0.20664,0.261802,0.21512,0.268357,0.001206,0.000999
0,-0.017093,-0.095295,-0.078235,-0.130226,-0.050935,-0.140786,0.000298,0.001663
0,-0.072659,-0.16591,-0.070843,-0.089267,-0.076132,-0.087438,0.001268,0.002896
0,0.179604,-0.043427,0.230622,0.10994,0.221848,0.155405,0.003135,0.000758
0,0.157831,-0.285358,-0.029995,-0.248987,-0.001463,-0.234555,0.002755,0.002837
0,0.022692,0.019807,-0.117203,0.299512,-0.159902,0.266682,0.000396,0.000346
0,0.130349,-0.069774,0.113757,-0.068916,0.161656,-0.110021,0.002275,0.001218
0,0.145313,-0.075232,0.009623,-0.030171,-0.004643,-0.018679,0.002536,0.001313
0,0.21508,-0.058515,0.057142,-0.01002,0.083401,-0.058456,0.003754,0.001021
0,0.155476,-0.099272,-0.07076,-0.05518,-0.056941,-0.056635,0.002714,0.001733
0,0.276966,-0.175333,0.122728,-0.062058,0.089713,-0.08801,0.002984,0.00306
0,-0.014895,-0.226363,-0.276554,-0.071546,-0.242343,-0.094268,0.00026,0.003867
0,0.055769,-0.040876,0.096026,0.189898,0.10544,0.199518,0.000973,0.000713
0,0.052607,-0.137344,-0.019487,-0.092073,-0.043907,-0.141925,0.000918,0.002397
0,0.191101,-0.007883,0.121411,0.140167,0.141755,0.144462,0.003335,0.000138
0,0.015892,-0.253035,-0.151743,-0.216697,-0.145552,-0.173668,0.000277,0.003402
0,0.064146,-0.039608,0.039261,0.183997,0.040531,0.139035,0.00112,0.000691
0,0.244412,-0.042412,0.181502,-0.020014,0.226998,-0.042838,0.003552,0.00074
0,0.088768,-0.212192,-0.179257,-0.187315,-0.171465,-0.230924,0.001549,0.003703
0,0.294774,-0.214428,0.209032,-0.009311,0.20267,0.02122,0.002673,0.003742
0,0.29375,-0.093389,-0.022635,0.122673,-0.049771,0.155873,0.002691,0.00163
0,0.245633,-0.04426,-0.038371,0.065379,0.011433,0.094745,0.003531,0.000772
0,0.288079,-0.247518,0.036617,-0.223605,0.05679,-0.196408,0.00279,0.003498
0,0.189704,-0.232146,-0.071262,-0.009248,-0.062998,-0.049722,0.003311,0.003766
0,-0.022426,-0.169558,-0.191623,0.052819,-0.173083,0.05472,0.000391,0.002959
0,0.204042,-0.164185,0.214362,-0.012481,0.254063,0.013984,0.003561,0.002866
0,0.141632,-0.070522,-0.059078,0.065972,-0.056878,0.081929,0.002472,0.001231
0,0.177739,-0.174576,0.022148,-0.095892,-0.005864,-0.108389,0.003102,0.003047
0,0.093534,-0.069823,-0.089512,0.07498,-0.073721,0.10049,0.001632,0.001219
0,-0.120491,-0.031046,-0.223954,0.047022,-0.249471,0.009138,0.002103,0.000542
0,0.05519,-0.043146,0.145953,-0.014013,0.15239,0.029693,0.000963,0.000753
0,0.145246,-0.143737,0.114824,-0.116193,0.163765,-0.109899,0.002535,0.002509
0,0.202542,0.05649,0.075479,0.216609,0.048745,0.266367,0.003535,0.000986
0,0.143567,-0.045853,-0.050557,-0.111398,-0.098491,-0.12852,0.002506,0.0008
0,0.049455,-0.12606,-0.113891,-0.078207,-0.127405,-0.030853,0.000863,0.0022
0,-0.068714,-0.158609,-0.140448,-0.020648,-0.160247,-0.047973,0.001199,0.002768
0,0.106318,-0.148805,0.156965,-0.014905,0.147507,-0.051072,0.001856,0.002597
0,-0.030613,-0.081599,-0.166726,0.046082,-0.174954,0.04319,0.000534,0.001424
0,0.005648,-0.099104,0.030447,-0.008294,0.021424,-0.046971,9.9e-05,0.00173
0,-0.142003,0.11027,-0.142448,0.197927,-0.111256,0.230476,0.002478,0.001925
0,0.05534,0.119679,0.201263,0.018423,0.167714,0.005268,0.000966,0.002089
0,-0.024956,-0.138771,-0.057252,-0.249092,-0.102196,-0.201522,0.000436,0.002422
0,-0.010504,0.071065,0.017179,0.195204,-0.014417,0.226351,0.000183,0.00124
0,0.076428,0.110401,0.087049,0.060072,0.080965,0.091578,0.001334,0.001927
0,-0.066388,0.055756,-0.148894,-0.037861,-0.124844,-0.069631,0.001159,0.000973
0,0.179216,-0.146147,0.257711,-0.22595,0.293941,-0.248114,0.003128,0.002551
0,0.011912,-0.074609,-0.159544,0.083003,-0.198614,0.124057,0.000208,0.001302
0,0.149174,-0.133005,0.155388,-0.065984,0.139817,-0.081235,0.002604,0.002321
0,0.203313,-0.063495,0.055899,0.060789,0.017438,0.043759,0.003548,0.001108
0,0.20918,-0.075932,0.034714,0.008957,0.047287,0.026906,0.003651,0.001325
0,0.10598,-0.147452,-0.103716,-0.057284,-0.149374,-0.085407,0.00185,0.002574
0,0.140449,0.020886,0.027769,0.17906,0.00725,0.159329,0.002451,0.000365
0,0.276386,0.055611,0.122682,0.049093,0.13877,0.021326,0.002994,0.000971
0,0.086509,-0.074452,-0.214124,-0.149874,-0.18234,-0.178152,0.00151,0.001299
0,0.09667,-0.05057,0.010506,0.027199,0.024416,0.021349,0.001687,0.000883
0,0.063494,0.100196,-0.015453,0.125764,-0.003047,0.122505,0.001108,0.001749
0,0.004005,-0.085373,-0.042427,-0.172683,-0.065178,-0.18554,7e-05,0.00149
0,-0.007408,-0.131944,-0.00617,-0.038876,0.025977,0.006703,0.000129,0.002303
0,0.14571,-0.035444,0.126276,0.107661,0.111879,0.074614,0.002543,0.000619
0,0.196656,-0.166175,0.027389,-0.122208,-0.003405,-0.076191,0.003432,0.0029
0,0.102382,0.085977,-0.116707,0.229832,-0.069426,0.237821,0.001787,0.001501
0,0.060766,0.072466,-0.056569,-0.009277,-0.081617,0.01226,0.001061,0.001265
0,0.003489,-0.103041,-0.038041,-0.151769,0.006932,-0.115055,6.1e-05,0.001798
0,-0.044512,0.009503,-0.030517,0.106687,-0.055872,0.140608,0.000777,0.000166
0,-0.033444,-0.116211,-0.007605,-0.152946,0.016841,-0.145097,0.000584,0.002028
0,0.122976,0.033375,0.155899,0.159865,0.188589,0.132932,0.002146,0.000582
0,-0.01018,-0.162285,-0.126985,-0.201914,-0.175537,-0.231175,0.000178,0.002832
0,0.209751,0.040834,0.191866,0.186805,0.147697,0.191456,0.003661,0.000713
0,0.123985,-0.060965,-0.067229,-0.089035,-0.088472,-0.041799,0.002164,0.001064
0,0.013968,0.09254,-0.092004,0.164916,-0.04607,0.121166,0.000244,0.001615
0,0.039061,-0.130399,0.025552,-0.233098,0.045949,-0.207483,0.000682,0.002276
0,0.006369,0.094239,-0.027972,0.246131,-0.049135,0.295752,0.000111,0.001645
0,0.194921,0.021538,0.159251,-0.100549,0.185962,-0.130168,0.003402,0.000376
0,0.144417,-0.015787,-0.057253,-0.010917,-0.095478,0.02477,0.002521,0.000276
0,-0.015091,0.172102,-0.182315,0.206465,-0.186827,0.244867,0.000263,0.003004
0,0.18338,0.101878,0.206896,-0.080398,0.174963,-0.099931,0.003201,0.001778
0,0.007149,-0.024539,-0.176534,-0.109816,-0.158807,-0.130122,0.000125,0.000428
0,0.11324,-0.073417,0.118314,-0.044256,0.125699,-0.062272,0.001976,0.001281
0,0.077003,-0.044618,-0.018762,0.024268,0.029799,0.016245,0.001344,0.000779
0,-0.032506,0.033544,-0.084519,0.069858,-0.072602,0.065116,0.000567,0.000585
0,0.130626,-0.144673,0.183859,-0.186554,0.165658,-0.165844,0.00228,0.002525
0,0.142581,-0.063367,-0.012413,0.096329,-0.060788,0.063228,0.002489,0.001106
0,0.196843,0.029803,0.048195,0.108573,0.034438,0.110559,0.003436,0.00052
0,0.066574,0.034565,-0.133474,0.029033,-0.139038,0.01035,0.001162,0.000603
0,0.216171,-0.041907,0.170971,-0.046678,0.167287,-0.007617,0.003773,0.000731
0,0.120635,0.071498,-0.07488,0.137581,-0.120183,0.117372,0.002105,0.001248
0,0.059891,-0.036437,-0.061621,-0.104344,-0.066724,-0.092966,0.001045,0.000636
0,0.120523,-0.045051,0.063231,-0.021933,0.089344,-0.003215,0.002104,0.000786
0,0.036463,-0.084157,-0.080692,-0.048178,-0.078925,-0.060997,0.000636,0.001469
0,0.090559,0.062312,0.051016,0.118286,0.041243,0.070181,0.001581,0.001088
0,0.098305,0.0622,0.018511,0.007582,0.015676,-0.009349,0.001716,0.001086
0,0.083577,-0.074916,0.010266,-0.12623,0.006317,-0.085225,0.001459,0.001308
0,-0.121593,0.10138,-0.230766,0.164667,-0.23293,0.187025,0.002122,0.001769
0,0.18668,0.007035,0.317373,-0.088758,0.365086,-0.103596,0.003258,0.000123
0,-0.003084,0.132652,-0.172049,0.140118,-0.140565,0.153907,5.4e-05,0.002315
0,-0.016033,0.032318,-0.034991,-0.127024,-0.062006,-0.139684,0.00028,0.000564
0,-0.051418,-0.004489,-0.02933,-0.049386,-0.066411,-0.094292,0.000897,7.8e-05
0,0.104028,0.008138,0.126085,0.018019,0.101688,-0.019485,0.001816,0.000142
0,0.048579,0.027501,-0.073248,0.047231,-0.029315,0.085371,0.000848,0.00048
0,0.148077,0.108429,0.105528,0.07543,0.085925,0.051707,0.002584,0.001892
0,-0.021927,0.124446,-0.177538,0.004246,-0.128241,-0.030968,0.000383,0.002172
0,0.134418,0.035067,0.168432,-0.113799,0.169553,-0.143378,0.002346,0.000612
0,-0.121207,-0.146519,-0.252034,-0.190015,-0.300468,-0.185624,0.002115,0.002557
0,0.112314,0.07013,0.24077,0.191248,0.256946,0.22895,0.00196,0.001224
0,0.018041,-0.109467,-0.118108,-0.182904,-0.146183,-0.219893,0.000315,0.001911
0,-0.059827,0.073834,-0.069436,0.188908,-0.11703,0.205335,0.001044,0.001289
0,-0.049347,-0.119939,0.019142,-0.181267,0.037998,-0.149947,0.000861,0.002093
0,-0.054015,-0.114163,0.009311,0.004633,-0.021456,-0.035769,0.000943,0.001993
0,-0.140764,0.078934,-0.102564,0.173577,-0.084984,0.188496,0.002457,0.001378
0,-0.041343,9.5e-05,0.099707,-0.086045,0.122752,-0.079704,0.000722,2e-06
0,0.135397,-0.031031,0.160825,-0.006987,0.1936,0.00372,0.002363,0.000542
0,-0.094121,0.074747,-0.216297,0.109011,-0.178164,0.105605,0.001643,0.001305
0,0.162916,-0.083247,0.250454,-0.152629,0.218466,-0.129411,0.002843,0.001453
0,0.158825,0.081761,0.008549,0.150576,-0.026182,0.155245,0.002772,0.001427
0,0.004363,-0.007768,-0.149584,-0.095592,-0.133214,-0.074739,7.6e-05,0.000136
0,-0.056102,0.07434,-0.037469,0.089666,-0.084227,0.118415,0.000979,0.001297
0,0.056696,-0.021384,0.127172,-0.11295,0.11177,-0.105741,0.00099,0.000373
0,-0.085552,-0.053852,-0.134157,-0.018184,-0.149185,0.013297,0.001493,0.00094
0,0.044583,0.036332,0.156466,0.066933,0.160029,0.031859,0.000778,0.000634
0,-0.066367,-0.072951,-0.13461,-0.091581,-0.106943,-0.105938,0.001158,0.001273
0,0.224588,-0.026913,0.282768,0.07151,0.293854,0.093378,0.003898,0.00047
0,0.079318,0.039441,-0.126576,0.050433,-0.079668,0.067351,0.001384,0.000688
0,0.081678,0.003134,0.02068,-0.064308,0.045668,-0.042583,0.001426,5.5e-05
0,-0.086861,0.083598,-0.170404,0.052455,-0.147343,0.083321,0.001516,0.001459
0,-0.053458,0.135618,0.059628,0.065879,0.103106,0.049731,0.000933,0.002367
0,-0.144492,0.113653,-0.110537,-0.044845,-0.15786,-0.060684,0.002522,0.001984
0,-0.013761,-0.059559,0.129438,-0.151692,0.096427,-0.194074,0.00024,0.00104
0,0.021375,0.140952,0.037476,0.205441,0.080915,0.175774,0.000373,0.00246
0,-0.033753,0.08314,-0.057381,-0.048719,-0.075161,-0.008167,0.000589,0.001451
0,-0.082976,-0.121406,-0.061895,-0.186001,-0.096605,-0.1779,0.001448,0.002119
0,-0.061171,0.069459,0.044778,0.18141,0.043711,0.168346,0.001068,0.001212
0,-0.045994,-0.169249,0.034036,-0.261666,-0.015737,-0.233313,0.000803,0.002954
0,0.035735,0.00924,0.101601,0.188253,0.145071,0.178005,0.000624,0.000161
0,-0.235751,-0.120412,-0.295477,-0.13232,-0.314137,-0.133347,0.003703,0.002102
0,0.057023,-0.002681,0.309277,0.146196,0.338225,0.19105,0.000995,4.7e-05
0,-0.054865,0.160873,-0.118881,0.157181,-0.166078,0.133181,0.000958,0.002808
0,-0.041564,0.049294,0.011178,-0.092002,0.046544,-0.111892,0.000725,0.00086
0,0.0403,0.018549,0.084506,-0.017033,0.086827,0.019677,0.000703,0.000324
0,-0.219558,0.173276,-0.248142,0.148959,-0.235115,0.11051,0.003832,0.003024
0,-0.087996,-0.112018,0.132665,-0.255325,0.127815,-0.273638,0.001536,0.001955
0,-0.106092,0.122519,0.010462,0.250284,-0.001321,0.237797,0.001852,0.002138
0,0.049795,0.089014,0.165531,-0.022395,0.173163,0.007167,0.000869,0.001554
0,0.005564,0.126752,-0.026743,0.029935,-0.01621,0.069135,9.7e-05,0.002212
0,-0.058832,0.086219,-0.053859,-0.040145,-0.040987,-0.063616,0.001027,0.001505
0,0.128958,-0.057451,0.194648,-0.139897,0.202989,-0.130142,0.002251,0.001003
0,0.009548,0.070649,-0.119783,0.147304,-0.077964,0.104923,0.000167,0.001233
0,0.070184,0.18759,0.087385,0.135016,0.097477,0.149612,0.001225,0.003274
0,0.015164,-0.068277,-0.083289,-0.256088,-0.075631,-0.229053,0.000265,0.001192
0,0.03728,0.071437,0.009633,0.120457,0.05291,0.136365,0.000651,0.001247
0,-0.188262,0.013605,-0.247575,-0.050006,-0.277427,-0.06333,0.003286,0.000237
0,-0.153075,0.139596,0.029133,0.148735,-0.00387,0.106213,0.002672,0.002436
0,0.07149,0.0163,0.232334,-0.132361,0.278357,-0.169544,0.001248,0.000284
0,-0.030623,-0.103718,-0.127578,-0.144606,-0.149364,-0.163913,0.000534,0.00181
0,-0.070495,-0.041202,-0.014203,0.091579,-0.014882,0.130868,0.00123,0.000719
0,-0.09997,-0.082664,-0.02152,-0.048804,-0.056516,-0.019641,0.001745,0.001443
0,-0.085503,0.050301,0.034435,0.158156,0.005733,0.191084,0.001492,0.000878
0,-0.055407,0.112718,0.019275,0.035893,0.058784,0.015346,0.000967,0.001967
0,0.082284,-0.023099,0.13029,-0.130959,0.113954,-0.100498,0.001436,0.000403
0,-0.114191,-0.149733,-0.20255,-0.144747,-0.22316,-0.178808,0.001993,0.002613
0,-0.124882,-0.06901,-0.02229,0.080071,-0.06704,0.057806,0.00218,0.001204
0,0.060116,0.035111,0.169453,0.082815,0.204243,0.057866,0.001049,0.000613
0,-2.659909,1.397613,-2.721433,1.35429,-2.74867,1.352658,0.000483,0.000939
0,-5.050915,1.644308,-2.381087,0.250388,-2.405798,0.20188,0.002158,0.002573
0,-6.192329,2.031993,-1.152645,0.361585,-1.202386,0.410429,0.001374,0.003624
0,-6.216647,1.940038,-0.02263,-0.076527,-0.000144,-0.067708,0.000949,0.002589
0,-5.226782,1.986821,0.979563,0.029635,0.934532,0.002821,0.00259,0.003405
0,-3.590098,1.394428,1.633835,-0.617504,1.589242,-0.581745,0.000116,0.000884
0,-2.745719,0.938412,0.829624,-0.431642,0.81836,-0.439832,0.001015,0.000743
0,-2.082333,0.755361,0.674848,-0.162665,0.709971,-0.142003,0.002746,0.002452
0,-0.969706,0.389233,1.093441,-0.340037,1.067113,-0.30261,0.001289,0.001024
0,0.026426,0.069157,0.977083,-0.313704,1.016884,-0.273593,0.000461,0.001207
0,0.27368,0.059401,0.217293,-0.008597,0.214878,-0.02733,0.003041,0.001037
0,0.180112,-0.034024,-0.100477,-0.089253,-0.106161,-0.049785,0.003144,0.000594
0,0.649092,-0.330941,0.488213,-0.28188,0.516786,-0.239271,0.003511,0.002042
0,0.446534,-0.125044,-0.186174,0.229125,-0.193059,0.248681,2.4e-05,0.002182
0,0.368464,-0.153875,-0.102494,-0.040861,-0.073933,-0.008064,0.001387,0.002686
0,0.456601,-0.346272,0.075167,-0.171196,0.112206,-0.189016,0.000151,0.001774
0,0.239863,-0.088251,-0.220034,0.278633,-0.236377,0.264094,0.003631,0.00154
0,0.160347,0.00408,-0.097133,0.105943,-0.085381,0.154751,0.002799,7.1e-05
0,0.292496,-0.225501,0.112951,-0.218362,0.071959,-0.199203,0.002713,0.003882
0,0.193285,-0.005299,-0.086127,0.225459,-0.075255,0.204584,0.003373,9.2e-05
0,0.159702,-0.109353,-0.053504,-0.096127,-0.074202,-0.115862,0.002787,0.001909
0,0.147183,-0.106972,-0.002819,0.024846,-0.05183,0.017016,0.002569,0.001867
0,0.036663,-0.070174,-0.114062,0.037887,-0.089329,0.083968,0.00064,0.001225
0,0.086521,-0.024695,0.041564,0.035232,0.006721,0.009431,0.00151,0.000431
0,0.307802,0.091455,0.206,0.134228,0.247969,0.145891,0.002446,0.001596
0,0.186782,0.074729,-0.125377,-0.016239,-0.09958,-0.039776,0.00326,0.001304
0,0.164218,-0.118599,-0.038224,-0.18348,-0.068676,-0.143425,0.002866,0.00207
0,0.060012,-0.029764,-0.1087,0.103794,-0.131655,0.138132,0.001047,0.000519
0,0.32547,0.045711,0.284771,0.102352,0.300132,0.128883,0.002137,0.000798
0,0.220749,-0.066182,-0.132255,-0.094609,-0.107504,-0.054226,0.003853,0.001155
0,0.037438,-0.097785,-0.166036,-0.019872,-0.200842,-0.057553,0.000653,0.001707
0,0.094715,-0.18266,0.082066,-0.078095,0.076387,-0.117108,0.001653,0.003188
0,0.119208,0.00561,0.015603,0.18944,0.018574,0.224469,0.002081,9.8e-05
0,0.038882,0.023228,-0.091899,0.000369,-0.071183,-0.048334,0.000679,0.000405
0,0.010973,-0.214172,0.000343,-0.240537,0.028322,-0.200398,0.000192,0.003738
0,0.112708,-0.215974,0.075562,-0.02256,0.026826,-0.072538,0.001967,0.003769
0,0.02771,-0.111057,-0.076364,0.119474,-0.034854,0.107525,0.000484,0.001938
0,0.154316,-0.135785,0.13724,-0.025373,0.102512,-0.021179,0.002693,0.00237
0,0.160736,-0.093521,0.005967,0.037406,-0.020743,0.082147,0.002805,0.001632
0,0.135037,-0.024576,0.002126,0.083551,0.000621,0.080603,0.002357,0.000429
0,0.14829,-0.147614,0.014002,-0.117491,0.061001,-0.069736,0.002588,0.002576
0,0.064217,-0.185601,-0.062613,-0.040563,-0.064417,-0.071496,0.001121,0.003239
0,0.036151,0.066517,-0.048025,0.259503,-0.030448,0.217512,0.000631,0.001161
0,0.080584,0.053195,0.029626,0.005352,0.001633,-0.008709,0.001406,0.000928
0,0.063431,0.069155,0.010388,0.001387,-0.022171,-0.037037,0.001107,0.001207
0,-0.075282,0.014232,-0.141072,-0.074435,-0.128403,-0.046198,0.001314,0.000248
0,-0.102179,-0.19518,-0.04914,-0.235616,-0.076474,-0.242103,0.001783,0.003407
0,0.069403,-0.090767,0.187562,0.11822,0.176029,0.084698,0.001211,0.001584
0,0.075914,0.070483,0.015111,0.14783,0.023144,0.160251,0.001325,0.00123
0,0.010711,-0.030043,-0.088236,-0.084315,-0.120425,-0.083751,0.000187,0.000524
0,-0.057308,0.045493,-0.046653,0.086922,-0.046272,0.03973,0.001,0.000794
0,-0.002185,-0.002199,0.046253,-0.025027,9e-05,-0.039382,3.8e-05,3.8e-05
0,-0.123898,0.073136,-0.141705,0.05872,-0.133374,0.049929,0.002162,0.001276
0,0.057509,-0.000551,0.20821,-0.08189,0.240136,-0.072743,0.001004,1e-05
0,-0.009073,0.030742,-0.055141,0.005805,-0.031214,0.010868,0.000158,0.000537
0,0.022836,0.124196,0.010349,0.078488,0.01755,0.125586,0.000399,0.002168
0,-0.042022,0.105836,-0.079458,-0.000249,-0.108999,-0.041187,0.000733,0.001847
0,0.040981,-0.118121,0.102643,-0.252558,0.08301,-0.288551,0.000715,0.002062
0,0.035291,-0.041666,-0.026399,0.074584,-0.062985,0.041681,0.000616,0.000727
0,0.087673,-0.134041,0.077532,-0.098891,0.045299,-0.085085,0.00153,0.002339
0,0.073986,0.092815,-0.008759,0.203137,-0.008877,0.220477,0.001291,0.00162
0,-0.080444,-0.003058,-0.14834,-0.107725,-0.193818,-0.155778,0.001404,5.3e-05
0,0.153648,0.046651,0.219864,0.053064,0.223046,0.095019,0.002682,0.000814
0,0.051812,0.032268,-0.124907,0.006113,-0.08019,0.018729,0.000904,0.000563
0,-0.024776,-0.136811,-0.074938,-0.170271,-0.083574,-0.120429,0.000432,0.002388
0,0.065081,0.107969,0.077405,0.273964,0.092057,0.299606,0.001136,0.001884
0,0.038766,-0.062031,-0.035202,-0.165829,-0.00875,-0.116419,0.000677,0.001083
0,-0.046981,-0.122164,-0.10833,-0.036423,-0.111132,-0.062743,0.00082,0.002132
0,-0.048855,0.116977,-0.029351,0.249159,-0.012062,0.239931,0.000853,0.002042
0,-0.096401,0.023725,-0.0272,-0.08044,-0.015419,-0.127722,0.001683,0.000414
0,-0.050556,-0.061953,0.071383,-0.075995,0.022011,-0.067199,0.000882,0.001081
0,0.061772,-0.009638,0.102448,0.056172,0.06949,0.101765,0.001078,0.000168
0,-0.086098,0.105186,-0.121824,0.114396,-0.124149,0.161502,0.001503,0.001836
0,-0.054037,0.111088,0.028446,0.003449,0.051599,0.034713,0.000943,0.001939
0,-0.001128,-0.10158,0.074071,-0.211982,0.074256,-0.174736,2e-05,0.001773
0,-0.154115,0.137936,-0.174043,0.252372,-0.203017,0.235138,0.00269,0.002407
0,0.080317,-0.072683,0.246537,-0.181878,0.280549,-0.179465,0.001402,0.001269
0,-0.076274,0.017792,-0.183551,0.099125,-0.221363,0.140181,0.001331,0.000311
0,-0.172464,0.049065,-0.079544,0.041884,-0.046473,0.079357,0.00301,0.000856
0,0.022431,0.072246,0.208815,-0.000508,0.251271,-0.017663,0.000391,0.001261
0,-0.196115,-0.000244,-0.195879,-0.06599,-0.16762,-0.062639,0.003423,4e-06
0,-0.057782,-0.077814,0.110479,-0.098605,0.11526,-0.059632,0.001008,0.001358
0,-0.034436,0.004353,0.006138,0.084555,0.010704,0.091549,0.000601,7.6e-05
0,-0.086104,0.153344,-0.04432,0.151798,0.00485,0.195648,0.001503,0.002676
0,0.071997,-0.049299,0.172723,-0.229778,0.174559,-0.194495,0.001257,0.00086
0,0.040589,-0.993869,-0.026211,-0.926538,0.012081,-0.947175,0.000708,0.001711
0,-0.113604,-1.294145,-0.141346,-0.273758,-0.168819,-0.234753,0.001983,0.000867
0,-0.052001,-1.360076,0.052737,-0.082263,0.059934,-0.112301,0.000908,0.000284
0,0.256402,-1.128887,0.294514,0.213697,0.326099,0.164085,0.003343,0.003751
0,0.223036,-0.933771,-0.044933,0.175222,-0.094192,0.137731,0.003893,0.000662
0,-0.080797,-0.879454,-0.278472,0.034372,-0.3221,0.009879,0.00141,0.000286
0,0.072071,-0.671217,0.178702,0.193184,0.223783,0.168635,0.001258,0.003897
0,-0.040338,-0.35525,-0.094115,0.314981,-0.059118,0.330072,0.000704,0.001618
0,-0.010896,-0.229369,0.026599,0.151426,0.013101,0.189034,0.00019,0.003815
0,-0.002698,-0.026956,0.004413,0.174458,-0.026944,0.159377,4.7e-05,0.00047
0,0.171066,0.093971,0.157189,0.096327,0.202615,0.139304,0.002986,0.00164
0,-0.000421,0.190057,-0.19464,0.112795,-0.243964,0.133678,7e-06,0.003317
0,0.117309,0.296748,0.101701,0.128545,0.101815,0.104417,0.002047,0.002639
0,0.145149,0.145633,0.052765,-0.14331,0.068167,-0.129576,0.002533,0.002542
0,0.155905,0.14571,-0.008508,-0.000153,0.031639,0.016666,0.002721,0.002543
0,0.145455,-0.063083,-0.01744,-0.220657,-0.046272,-0.206911,0.002539,0.001101
0,0.104727,-0.002442,-0.047893,0.087037,0.00085,0.120989,0.001828,4.3e-05
0,0.017183,0.143769,-0.100582,0.17514,-0.081254,0.214725,0.0003,0.002509
0,0.080591,0.112936,0.045678,-0.031632,0.093528,-0.006351,0.001407,0.001971
0,-0.004002,0.202993,-0.059694,0.097547,-0.057819,0.101062,7e-05,0.003543
0,0.104715,0.121056,0.087645,-0.089104,0.080227,-0.128543,0.001828,0.002113
0,-0.031276,-0.035291,-0.160791,-0.131153,-0.167823,-0.158395,0.000546,0.000616
0,-0.007977,-0.035923,0.045577,0.016551,0.039689,0.03827,0.000139,0.000627
0,-0.009165,0.178717,-0.029682,0.208397,0.013675,0.205099,0.00016,0.003119
0,0.123227,-0.07592,0.134901,-0.248737,0.090299,-0.223009,0.002151,0.001325
0,0.149257,0.132978,0.031979,0.19769,-0.009223,0.1804,0.002605,0.002321
0,-0.050371,0.097374,-0.182063,-0.061279,-0.211242,-0.078918,0.000879,0.001699
0,0.165321,0.069256,0.223748,-0.023901,0.180084,0.026,0.002885,0.001209
0,0.01344,0.185798,-0.147251,0.092039,-0.191585,0.110076,0.000235,0.003243
0,0.123014,-0.035442,0.07962,-0.194846,0.114026,-0.2283,0.002147,0.000619
0,-0.018174,0.216982,-0.135376,0.277582,-0.127466,0.285705,0.000317,0.003787
0,-0.019984,0.096329,0.013569,-0.115436,0.040551,-0.113966,0.000349,0.001681
0,0.171639,0.140737,0.207696,0.057988,0.193307,0.011299,0.002996,0.002456
0,-0.062999,-0.043994,-0.214671,-0.212869,-0.198744,-0.187836,0.0011,0.000768
0,0.226355,0.09854,0.29283,0.156256,0.336152,0.113448,0.003867,0.00172
0,-0.047177,1.502279,-0.244615,1.378145,-0.2739,1.370939,0.000823,0.002766
0,-0.626064,2.769692,-0.57896,1.287099,-0.572393,1.284591,0.003109,0.001433
0,-1.793194,2.937754,-1.14375,0.181012,-1.137782,0.194793,2.6e-05,0.003452
0,-2.086184,3.048633,-0.289966,0.098543,-0.280535,0.082625,0.002679,0.001516
0,-2.089788,2.841334,0.005662,-0.21134,0.044478,-0.166511,0.002616,0.002683
0,-1.883588,2.261133,0.205036,-0.590973,0.165211,-0.565611,0.001603,0.000375
0,-1.679551,1.736577,0.186723,-0.536089,0.204931,-0.573684,0.001958,0.000963
0,-1.292634,1.160157,0.369112,-0.578615,0.40741,-0.529422,0.000893,0.003205
0,-1.266272,0.450618,0.001826,-0.68222,-0.006583,-0.681965,0.001353,4.7e-05
0,-1.373135,0.308186,-0.08383,-0.161742,-0.131354,-0.152517,0.000512,0.002439
0,-0.811038,-0.117997,0.579724,-0.400007,0.548464,-0.435311,0.00148,0.002059
0,-0.832114,-0.394339,-0.043685,-0.275512,-0.0892,-0.276137,0.001275,0.000935
0,-8.901416,-0.350985,-8.047466,0.041258,-8.0744,0.001488,0.000999,0.001692
0,-8.557969,-0.434231,0.363788,-0.068385,0.345988,-0.109039,0.000825,0.000239
0,-8.180092,-0.281669,0.360557,0.138931,0.348662,0.132904,0.002048,0.002902
0,-7.452163,-0.271756,0.747113,0.004878,0.717718,0.037067,0.002839,0.003075
0,-7.109247,-0.199121,0.363395,0.071692,0.403266,0.079546,0.001006,0.003475
0,-6.630954,-0.213699,0.502016,-0.039546,0.460321,-0.020862,0.001536,0.00373
0,-6.415552,-0.176248,0.21569,0.052492,0.194224,0.007028,0.002522,0.003076
0,-6.141752,-0.201333,0.290133,-0.015587,0.293577,-0.051338,0.002256,0.003514
0,-5.563976,-0.265954,0.579709,-0.081446,0.609414,-0.080236,0.003295,0.003176
0,-5.407555,-0.179968,0.142417,0.098065,0.094646,0.146254,0.000565,0.003141
0,-4.945598,-0.33645,0.461235,-0.14807,0.442654,-0.136748,0.00032,0.001946
0,-4.76803,-0.131533,0.196265,0.212264,0.183665,0.168192,0.002779,0.002296
0,-4.507784,-0.095501,0.240578,0.037576,0.274673,0.017055,0.000497,0.001667
0,-4.210468,-0.251587,0.318935,-0.153278,0.283879,-0.176543,0.003126,0.003427
0,-3.939618,-0.045407,0.267897,0.182187,0.294308,0.142189,0.001602,0.000793
0,-3.814436,-0.136088,0.137179,-0.10128,0.185984,-0.051798,0.003786,0.002375
0,-3.545431,-0.03822,0.254919,0.120191,0.245048,0.158122,0.000664,0.000667
0,-3.366375,-0.04952,0.163617,-0.038461,0.163309,-0.039005,0.003789,0.000864
0,-3.245665,0.006862,0.105337,0.047202,0.116879,0.094411,0.001922,0.00012
0,-2.946024,-0.001271,0.323747,0.010483,0.275231,-0.026882,0.003307,2.2e-05
0,-2.902081,-0.189437,0.034688,-0.196068,0.014559,-0.154263,0.003744,0.003306
0,-2.618775,-0.215288,0.299412,-0.028038,0.33087,-0.020486,0.001201,0.003757
0,-2.4226,0.019421,0.187498,0.261915,0.144283,0.305719,0.003193,0.000339
0,-9.095592,0.831372,-6.701769,0.78337,-6.658154,0.765357,0.00239,0.001126
0,-8.876698,1.902485,0.218509,1.052327,0.200778,1.084292,0.00143,0.001933
0,-8.933953,1.941044,-0.062645,0.026352,-0.076472,0.019997,0.000431,0.002606
0,-9.017482,1.747142,-0.096272,-0.203565,-0.058955,-0.191108,0.001027,0.000778
0,-9.052864,1.900072,-0.043356,0.149659,-0.063562,0.185832,0.001645,0.001891
0,-9.141057,1.533182,-0.115395,-0.374686,-0.115728,-0.376913,0.003184,0.003305
0,-9.027613,1.258196,0.124958,-0.297136,0.114473,-0.257487,0.001204,0.001494
0,-8.974167,0.796437,0.042453,-0.490644,0.046835,-0.509483,0.000271,0.001735
0,-8.950494,0.754843,0.049256,-0.048,0.09202,-0.084326,0.000142,0.002461
0,-8.999344,0.346336,-0.075543,-0.408586,-0.110445,-0.450223,0.000711,0.001773
0,-9.050677,0.269679,-0.028431,-0.0639,-0.021102,-0.04377,0.001607,0.003111
0,-9.00483,0.03443,0.030836,-0.209778,0.049951,-0.201602,0.000806,0.000601
0,-9.006737,-0.196029,-0.005915,-0.221791,0.015444,-0.219385,0.00084,0.003421
0,-9.120891,-0.249105,-0.144119,-0.038486,-0.156989,0.002246,0.002832,0.00347
0,-9.085752,-0.017659,0.034146,0.230941,0.070707,0.250389,0.002219,0.000308
0,-9.046283,-0.072153,0.052891,-0.049763,0.02093,-0.095514,0.00153,0.001259
0,-9.050825,-0.29985,-0.018077,-0.208995,-0.039766,-0.245976,0.001609,0.002585
0,-9.089585,-0.013659,-0.011572,0.265052,-0.005437,0.234413,0.002286,0.000238
0,-8.89798,-0.088505,0.199776,-0.053684,0.156848,-0.044547,0.001058,0.001545
0,-9.087856,-0.207823,-0.189119,-0.132061,-0.193771,-0.107896,0.002255,0.003627
0,-9.06934,-0.029497,-0.006483,0.190222,-0.026013,0.234391,0.001932,0.000515
0,-9.042991,-0.003947,0.014396,0.013007,0.045567,0.047493,0.001472,6.9e-05
0,-9.071006,0.01876,-0.013782,0.044865,-0.007737,0.012225,0.001961,0.000327
0,-7.763717,0.060595,1.334545,0.070419,1.327239,0.048831,0.002599,0.001058
0,-6.705985,0.013967,1.072391,-0.032404,1.105265,-0.058475,0.000227,0.000244
0,-6.325086,0.009879,0.404376,-0.011927,0.397105,-0.055147,0.000943,0.000172
0,-4.283583,-0.165895,2.025294,-0.186957,2.058403,-0.196178,0.003416,0.002895
0,-3.517171,-0.09409,0.786555,0.074602,0.768764,0.116712,0.001157,0.001642
0,-2.614583,-0.14546,0.925085,-0.067774,0.945477,-0.046492,0.001274,0.002539
0,-0.962424,-0.172693,1.669313,-0.021143,1.699056,0.007015,0.001162,0.003014
0,-0.101113,-0.032862,0.833291,0.125997,0.7868,0.091052,0.001765,0.000574
0,0.745196,-0.127144,0.834867,-0.098764,0.816194,-0.050291,0.00263,0.002219
0,1.201436,-0.228048,0.473645,-0.113988,0.456006,-0.09132,0.002485,0.003838
0,1.51331,-0.033135,0.29764,0.169968,0.248512,0.198806,0.002959,0.000578
0,1.875449,0.089796,0.372027,0.138755,0.359597,0.106394,0.001461,0.001567
0,1.622726,-0.029418,-0.250125,-0.120357,-0.200798,-0.159265,0.00295,0.000513
0,0.91314,-0.120505,-0.729269,-0.111338,-0.693862,-0.091511,0.000302,0.002103
0,0.652709,0.092066,-0.253102,0.204477,-0.224384,0.224757,0.003574,0.001607
0,0.417563,-0.024717,-0.221287,-0.099749,-0.212806,-0.122553,0.00053,0.000431
0,0.316473,0.071766,-0.078903,0.091517,-0.04465,0.140362,0.002294,0.001253
0,-0.139412,0.072625,-0.438876,0.027203,-0.398845,-0.012887,0.002433,0.001268
0,-0.037159,0.091555,0.101813,0.011021,0.128769,-0.009627,0.000649,0.001598
0,-0.209965,-0.119349,-0.18782,-0.204189,-0.203095,-0.180207,0.003665,0.002083
0,-0.101773,0.059542,0.086062,0.202693,0.050891,0.215162,0.001776,0.001039
0,-0.162275,-0.045498,-0.049052,-0.120653,-0.062778,-0.12363,0.002832,0.000794
0,-0.238872,-0.038529,-0.077427,0.036003,-0.08523,0.022541,0.003649,0.000672
0,-0.314781,-0.081695,-0.073993,-0.059651,-0.033881,-0.068787,0.002324,0.001426
0,-0.021488,0.136274,0.279942,0.234798,0.244081,0.278349,0.000375,0.002378
0,0.048037,0.062466,0.047005,-0.095555,0.018275,-0.09674,0.000838,0.00109
0,0.053363,-0.060835,-0.006428,-0.09604,-0.007579,-0.123687,0.000931,0.001062
0,0.030455,0.009855,-0.033722,0.053576,-0.072063,0.041475,0.000532,0.000172
0,-0.010246,0.083083,-0.054447,0.098943,-0.075744,0.06075,0.000179,0.00145
0,-0.040552,0.069719,-0.011271,0.009755,0.00231,0.050525,0.000708,0.001217
0,-0.093782,-0.063027,-0.079616,-0.132527,-0.05518,-0.149352,0.001637,0.0011
0,-0.134054,0.024802,-0.028278,0.072985,-0.076158,0.023662,0.00234,0.000433
0,0.086163,0.125692,0.193166,0.114189,0.213209,0.137272,0.001504,0.002194
0,-0.049088,0.073088,-0.129827,-0.025591,-0.166115,-0.067371,0.000857,0.001276
0,-0.063966,0.12078,-0.010479,0.045386,-0.03159,0.045238,0.001116,0.002108
0,-0.072418,0.046186,0.004982,-0.080244,-0.037902,-0.047356,0.001264,0.000806
0,0.129715,0.032071,0.173962,-0.032655,0.181456,-0.036687,0.002264,0.00056
0,-0.100593,0.075118,-0.219894,0.053741,-0.262272,0.073842,0.001756,0.001311
0,-0.001299,-0.05789,0.076157,-0.115266,0.056647,-0.11432,2.3e-05,0.00101
0,-0.125632,-0.069613,-0.102414,0.018213,-0.134734,-0.024184,0.002193,0.001215
0,0.154538,-0.142752,0.289707,-0.096038,0.335824,-0.09414,0.002697,0.002491
0,0.015101,0.068853,-0.136368,0.218055,-0.182804,0.244812,0.000264,0.001202
0,0.060886,0.068088,0.063232,0.003899,0.029376,0.004377,0.001063,0.001188
0,-0.020906,-0.035944,-0.054777,-0.105669,-0.081575,-0.151599,0.000365,0.000627
0,-0.105893,-0.131665,-0.06185,-0.091905,-0.097477,-0.127715,0.001848,0.002298
0,0.044801,-0.111994,0.169193,0.047615,0.148242,0.034331,0.000782,0.001955
0,0.089362,0.097477,0.031168,0.222713,-0.017033,0.215906,0.00156,0.001701
0,-0.069032,-0.044376,-0.14103,-0.160436,-0.173749,-0.118,0.001205,0.000775
0,0.135533,0.099365,0.192593,0.173316,0.169976,0.126799,0.002366,0.001734
0,-0.142087,0.055861,-0.304183,-0.066031,-0.269718,-0.038578,0.00248,0.000975
0,0.091212,-0.017454,0.241564,-0.067703,0.264346,-0.079202,0.001592,0.000305
0,-0.005995,0.151492,-0.105633,0.163659,-0.121178,0.166652,0.000105,0.002644
0,0.061158,0.114127,0.069277,-0.038642,0.068062,-0.071879,0.001067,0.001992
0,0.063288,0.13733,-0.003791,0.014177,-0.051672,0.01154,0.001105,0.002397
0,-0.201709,0.084035,-0.267657,-0.080583,-0.224046,-0.044517,0.00352,0.001467
0,0.096943,-0.042706,0.292751,-0.139998,0.25251,-0.168037,0.001692,0.000745
0,0.075757,0.067095,-0.011169,0.088807,-0.030858,0.041047,0.001322,0.001171
0,0.076238,-0.067641,0.002252,-0.107172,-0.029773,-0.137319,0.001331,0.001181
0,-0.107288,-0.01453,-0.1644,0.051844,-0.186623,0.033397,0.001873,0.000254
0,-0.131722,0.184818,-0.00786,0.184848,-0.030176,0.190303,0.002299,0.003226
0,-0.086651,0.039179,0.042043,-0.172218,0.002251,-0.143746,0.001512,0.000684
0,0.122232,-0.003164,0.238471,-0.019835,0.229066,0.004501,0.002133,5.5e-05
0,0.059487,0.113203,-0.049598,0.103732,-0.025711,0.091073,0.001038,0.001976
0,0.034741,0.152325,-0.046181,0.067713,-0.006366,0.073626,0.000606,0.002659
0,-0.054094,-0.046788,-0.061813,-0.226626,-0.014223,-0.224615,0.000944,0.000817
0,-0.117379,0.058827,-0.041678,0.108681,-0.029958,0.068392,0.002049,0.001027
0,-0.087527,0.111314,0.004996,0.070538,-0.041634,0.062583,0.001528,0.001943
0,0.013574,-0.050538,0.11616,-0.148408,0.15943,-0.147876,0.000237,0.000882
0,-0.102669,0.085371,-0.130734,0.106681,-0.156691,0.083394,0.001792,0.00149
0,0.097822,0.074715,0.185653,0.01316,0.143604,-0.013071,0.001707,0.001304
0,0.002676,0.075448,-0.11718,0.005782,-0.10996,-0.010022,4.7e-05,0.001317
0,0.050323,0.039127,0.020392,-0.036532,0.017561,0.002388,0.000878,0.000683
0,0.037938,-0.067474,0.002673,-0.131107,0.00385,-0.130168,0.000662,0.001178
0,-0.096073,-0.060401,-0.147636,0.018259,-0.197403,0.058064,0.001677,0.001054
0,0.035442,-0.002665,0.118963,0.045758,0.128885,0.067439,0.000619,4.7e-05
0,0.113258,-0.020006,0.087819,0.00529,0.105683,0.015921,0.001977,0.000349
0,-0.029475,-0.080226,-0.125949,-0.052775,-0.079633,-0.071356,0.000514,0.0014
0,0.044768,-0.012828,0.064226,0.091219,0.055559,0.125791,0.000781,0.000224
0,-0.050796,0.050606,-0.099998,0.05317,-0.093925,0.064601,0.000887,0.000883
0,-0.125088,0.17744,-0.068075,0.146107,-0.038339,0.173553,0.002183,0.003097
0,-0.17954,0.184312,-0.02492,0.0068,-0.061082,0.042509,0.003134,0.003217
0,-0.162331,-0.047379,0.012947,-0.249392,0.036627,-0.229843,0.002833,0.000827
0,-0.166305,-0.117222,-0.021447,-0.060803,0.020885,-0.081722,0.002903,0.002046
0,-0.093253,0.12898,0.07412,0.246951,0.026618,0.252888,0.001628,0.002251
0,0.091602,0.046402,0.160232,-0.109635,0.208577,-0.151131,0.001599,0.00081
0,0.012051,0.018152,-0.053846,-0.026716,-0.021732,-0.050166,0.00021,0.000317
0,-0.112593,-0.049586,-0.116087,-0.084839,-0.096017,-0.108657,0.001965,0.000865
0,-0.013329,-0.134211,0.077259,-0.094233,0.052981,-0.061502,0.000233,0.002342
0,-0.069373,-0.012801,-0.038261,0.114055,0.005382,0.132155,0.001211,0.000223
0,-0.094812,-0.103283,-0.036193,-0.109746,-0.014806,-0.13362,0.001655,0.001803
0,-0.020528,-0.038383,0.053594,0.050483,0.050199,0.038919,0.000358,0.00067
0,0.045849,-0.054696,0.064152,-0.030424,0.060475,-0.005055,0.0008,0.000955
0,0.011332,0.068106,-0.042448,0.128704,-0.074707,0.111685,0.000198,0.001189
0,0.11005,-0.018617,0.072155,-0.093603,0.073264,-0.134516,0.001921,0.000325
0,0.169454,-0.047042,0.032283,-0.0405,0.054634,-0.058381,0.002958,0.000821
0,0.007648,0.013316,-0.174877,0.047773,-0.162834,0.046037,0.000133,0.000232
0,0.163238,-0.019858,0.145035,-0.024849,0.108153,-0.071471,0.002849,0.000347
0,0.015804,-0.064444,-0.141571,-0.058183,-0.157324,-0.078781,0.000276,0.001125
0,0.130561,-0.111274,0.144438,-0.058704,0.17237,-0.050121,0.002279,0.001942
0,-0.143289,-0.105053,-0.261504,-0.003145,-0.270274,-0.033986,0.002501,0.001834
0,-0.130016,-0.115883,0.026213,-0.005493,0.015907,-0.016903,0.002269,0.002023
0,0.086901,-0.150735,0.198031,-0.064173,0.157063,-0.110057,0.001517,0.002631
0,-0.036951,-0.009973,-0.101745,0.114833,-0.136625,0.161619,0.000645,0.000174
0,0.181267,-0.104183,0.228799,-0.065267,0.218915,-0.0345,0.003164,0.001818
0,0.140537,-0.158931,-0.018936,-0.042005,0.014862,-0.047349,0.002453,0.002774
0,0.24234,0.073381,0.127711,0.210982,0.122872,0.256574,0.003588,0.001281
0,0.017374,-0.038858,-0.251956,-0.100202,-0.263849,-0.057277,0.000303,0.000678
0,0.271658,-0.095514,0.25602,-0.077148,0.289238,-0.090895,0.003077,0.001667
0,0.095375,0.096794,-0.197066,0.214782,-0.228039,0.258041,0.001665,0.001689
0,0.07219,0.123095,-0.030596,0.044262,-0.036078,-0.004352,0.00126,0.002148
0,0.046224,-0.118766,-0.027224,-0.24372,-0.04452,-0.250245,0.000807,0.002073
0,0.14362,-0.007922,0.084068,0.122554,0.100079,0.14985,0.002507,0.000138
0,-0.000634,-0.027016,-0.15169,0.010392,-0.102529,-0.029204,1.1e-05,0.000472
0,0.065927,-0.119029,0.087581,-0.070716,0.098452,-0.112047,0.001151,0.002077
0,-0.025833,0.03361,-0.070827,0.180988,-0.094076,0.221263,0.000451,0.000587
0,0.098104,0.086552,0.125651,0.055443,0.155743,0.033447,0.001712,0.001511
0,0.100704,-0.100289,0.013418,-0.177229,0.043209,-0.161693,0.001758,0.00175
0,0.187848,-0.037749,0.070916,0.062607,0.097094,0.057855,0.003279,0.000659
0,0.118006,0.060833,-0.079049,0.101136,-0.050668,0.110459,0.00206,0.001062
0,0.028205,-0.151063,-0.081391,-0.220628,-0.131189,-0.229726,0.000492,0.002637
0,-0.033426,-0.065996,-0.048983,0.098116,-0.070374,0.091466,0.000583,0.001152
0,0.051032,-0.0386,0.071536,0.028658,0.052423,0.019613,0.000891,0.000674
0,0.035304,-0.099888,-0.041515,-0.081685,-0.042636,-0.047273,0.000616,0.001743
0,0.122533,0.081638,0.106586,0.155588,0.109556,0.149732,0.002139,0.001425
0,0.046543,0.100054,-0.093049,0.015138,-0.087635,0.053779,0.000812,0.001746
0,0.13088,0.075421,0.073661,-0.030736,0.041813,-0.052155,0.002284,0.001316
0,-1.249746,-1.503873,-1.373577,-1.588905,-1.391722,-1.619459,0.001641,0.002794
0,-1.343913,-1.60787,-0.073726,-0.132202,-0.043605,-0.099064,2e-06,0.003209
0,-1.40451,-1.799807,-0.058413,-0.216409,-0.074902,-0.181217,0.00106,0.000141
0,-1.401579,-1.361741,0.009394,0.418786,-0.002785,0.393836,0.001009,0.000313
0,-1.470145,-1.050867,-0.09496,0.288458,-0.080744,0.306824,0.002205,0.002705
0,-1.523337,-0.907602,-0.029487,0.125725,-0.059431,0.079342,0.003134,0.000205
0,-1.477364,-0.704837,0.038311,0.21726,0.072882,0.174979,0.002331,0.003334
0,-1.292746,-0.499736,0.1672,0.227491,0.175217,0.202884,0.000891,0.000904
0,-0.82717,-0.165492,0.462896,0.34781,0.50221,0.391446,0.001199,0.002888
0,-0.710164,-0.2378,0.123626,-0.092431,0.131715,-0.042916,0.003241,0.003667
0,-0.521493,-0.071751,0.178275,0.185623,0.136352,0.231303,0.003672,0.001252
0,-8.94293,0.035903,-8.424658,0.083988,-8.403704,0.070862,0.000274,0.000627
0,-8.924646,0.203949,-0.007043,0.149321,-0.019112,0.124195,0.000593,0.00356
0,-8.93445,0.258158,-0.020023,0.040717,0.022461,-0.00161,0.000422,0.003312
0,-8.950358,0.02226,-0.009342,-0.229675,0.024715,-0.208772,0.000144,0.000389
0,-8.865378,0.16867,0.086241,0.132616,0.131172,0.129207,0.001628,0.002944
0,-8.986098,0.03751,-0.138101,-0.113244,-0.132985,-0.101238,0.000479,0.000655
0,-9.145953,0.086278,-0.14268,0.028974,-0.120366,0.029381,0.003269,0.001506
0,-8.330562,-0.024017,0.827974,-0.128289,0.782478,-0.086854,0.003144,0.000419
0,-7.977755,0.104653,0.343092,0.113182,0.343322,0.075129,0.001484,0.001827
0,-7.659262,-0.060644,0.334643,-0.184278,0.377446,-0.159987,0.000775,0.001058
0,-7.017567,-0.100927,0.666769,-0.028623,0.66247,-0.043912,0.002606,0.001762
0,-6.655327,-0.005454,0.350313,0.077617,0.376793,0.114888,0.001111,9.5e-05
0,-6.366364,-0.093762,0.315821,-0.097865,0.360973,-0.095851,0.001664,0.001636
0,-5.964151,0.073173,0.387685,0.172627,0.424607,0.131179,0.002462,0.001277
0,-5.810362,0.043894,0.143549,-0.020973,0.144755,0.018617,0.000222,0.000766
0,-5.366486,0.118513,0.438761,0.075217,0.429999,0.041758,0.000152,0.002068
0,-5.112608,0.0039,0.2838,-0.12824,0.301952,-0.140731,0.003235,6.8e-05
0,-4.809587,-0.099298,0.276651,-0.092959,0.246831,-0.112389,0.002054,0.001733
0,-4.615003,0.023496,0.208451,0.116708,0.206349,0.14439,0.002368,0.00041
0,-4.125397,0.086735,0.504341,0.042425,0.532432,0.036487,0.001641,0.001514
0,-4.050199,0.160453,0.101738,0.048219,0.140539,0.070255,0.000328,0.0028
0,-3.814421,0.107118,0.234875,-0.055281,0.213459,-0.022858,0.003787,0.00187
0,-3.425409,0.093724,0.412198,-0.030959,0.424171,0.000949,0.002758,0.001636
0,-3.164427,0.109272,0.270393,0.033436,0.228496,-0.015329,0.000505,0.001907
0,-3.215847,0.091282,-0.070017,-0.029333,-0.084759,0.013595,0.001402,0.001593
0,-2.866326,-0.081999,0.348105,-0.146837,0.383508,-0.155255,0.00312,0.001431
0,-2.924645,-0.038089,-0.057606,0.034454,-0.023713,0.013905,0.00368,0.000665
0,-2.67233,0.057995,0.223712,0.10026,0.202785,0.056938,0.000266,0.001012
0,-2.569856,0.082144,0.11832,0.043729,0.069662,0.04788,0.002055,0.001434
0,-8.864494,0.806174,-6.27373,0.748304,-6.316137,0.757385,0.001643,0.001565
0,-9.007394,1.220028,-0.156113,0.426295,-0.155362,0.400108,0.000851,0.00216
0,-9.07543,1.162806,-0.055207,-0.048777,-0.057314,-0.082926,0.002039,0.003159
0,-8.862394,1.108482,0.18334,-0.083361,0.146955,-0.115777,0.00168,0.003711
0,-9.098453,1.275171,-0.255713,0.157097,-0.271587,0.120121,0.00244,0.001198
0,-8.890091,1.028267,0.209795,-0.232373,0.169335,-0.279071,0.001196,0.002311
0,-9.068114,0.794383,-0.186937,-0.249277,-0.186431,-0.248587,0.001911,0.001771
0,-8.91909,0.356581,0.171882,-0.435877,0.128687,-0.395381,0.00069,0.001594
0,-9.061863,0.383776,-0.128459,-0.002612,-0.12615,0.017842,0.001802,0.00112
0,-8.98317,0.074163,0.049077,-0.294966,0.025442,-0.265116,0.000428,0.001294
0,-9.099413,0.150953,-0.087635,0.102766,-0.1122,0.102954,0.002457,0.002635
0,-9.057001,-0.019678,0.053759,-0.183192,0.102939,-0.198296,0.001717,0.000343
0,-8.882599,-0.126487,0.166418,-0.126765,0.169913,-0.099774,0.001327,0.002208
0,-8.980149,-0.08249,-0.069618,0.071308,-0.048634,0.038474,0.000376,0.00144
0,-9.004745,-0.223422,-0.017132,-0.115851,0.001483,-0.107038,0.000805,0.003899
0,-8.104697,-0.02222,0.881034,0.206334,0.92009,0.215965,0.000732,0.000388
0,-7.591029,0.018484,0.505726,0.070473,0.506486,0.105327,0.000415,0.000323
0,-5.652155,-0.1332,1.913292,-0.126536,1.888528,-0.145289,0.002984,0.002325
0,-4.603142,-0.091656,1.051414,0.022736,1.086439,0.023651,0.002161,0.0016
0,-2.812016,-0.092221,1.78714,-0.025352,1.784603,-0.053637,0.002172,0.00161
0,-2.770983,-0.133962,0.03914,-0.019018,0.070389,-0.01468,0.001456,0.002338
0,-2.719597,-0.100855,0.04618,0.050468,0.017854,0.018083,0.000559,0.00176
0,-2.524348,-0.179114,0.179072,-0.096539,0.138277,-0.091309,0.002849,0.003126
0,-2.306566,-0.130733,0.196075,0.022165,0.243029,0.066623,0.001168,0.002282
0,-2.336595,-0.192268,-0.029602,-0.088786,0.003016,-0.068435,0.001692,0.003356
0,-1.962919,-0.211491,0.366702,0.006414,0.347829,-0.041902,0.002988,0.003691
0,-1.914366,-0.330603,0.038568,-0.092261,0.063738,-0.111069,0.00214,0.002048
0,-1.859245,-0.213739,0.049076,0.113958,0.026873,0.089829,0.001178,0.00373
0,-1.679104,-0.1336,0.155819,0.057455,0.18115,0.028528,0.001966,0.002332
0,-1.504353,-0.045038,0.146221,0.114467,0.166069,0.152577,0.002802,0.000786
0,-1.59499,-0.221469,-0.089784,-0.171393,-0.052493,-0.131617,0.003434,0.003865
0,-1.468533,-0.283353,0.140752,-0.033515,0.141254,-0.055531,0.002177,0.002872
0,-1.339496,-0.056905,0.143483,0.236578,0.162105,0.275023,0.002313,0.000993
0,-1.3885,-0.10463,-0.077314,-0.061992,-0.072518,-0.052395,0.00078,0.001826
0,-1.356102,-0.009395,0.020898,0.097112,0.009697,0.14117,0.000215,0.000164
0,-1.356081,-0.030999,0.008398,0.004331,-0.007127,0.008886,0.000214,0.000541
0,-1.133569,-0.130632,0.230561,-0.113997,0.202275,-0.088155,0.003669,0.00228
0,-1.117224,0.05953,0.01365,0.209506,0.05138,0.214988,0.003863,0.001039
0,-0.986545,0.024338,0.1217,-0.061673,0.097144,-0.051818,0.001583,0.000425
0,-0.976082,0.08904,0.001057,0.070934,0.040553,0.103823,0.0014,0.001554
0,-9.009941,2.009285,-8.029079,1.911199,-8.055274,1.96025,0.000896,0.003797
0,-8.935128,2.69698,0.088538,0.709016,0.071162,0.675984,0.00041,0.000164
0,-9.098926,2.583634,-0.143227,-0.138768,-0.145845,-0.116498,0.002449,0.001814
0,-9.08561,2.455213,0.036986,-0.142296,0.01983,-0.099305,0.002216,0.003762
0,-8.905752,2.494184,0.17723,0.067948,0.165373,0.025805,0.000923,0.003376
0,-8.910293,2.318715,0.01355,-0.163583,0.043125,-0.132769,0.000844,0.00138
0,-8.873696,2.122756,0.050966,-0.178946,0.072512,-0.140904,0.001482,0.00204
0,-9.128816,1.849861,-0.231245,-0.247073,-0.188241,-0.268897,0.00297,0.001015
0,-8.940512,1.389017,0.161769,-0.455442,0.177953,-0.42069,0.000316,0.000789
0,-8.988437,0.909132,-0.022562,-0.459302,-0.01396,-0.456774,0.00052,0.000232
0,-9.074996,0.70416,-0.067366,-0.200083,-0.090411,-0.244443,0.002031,0.003346
0,-9.128598,0.346944,-0.058407,-0.382512,-0.074503,-0.374953,0.002967,0.001763
0,-9.034525,-0.017143,0.083846,-0.354655,0.129517,-0.328453,0.001325,0.000299
0,-8.908861,-0.180498,0.096463,-0.17614,0.13223,-0.17191,0.000869,0.00315
0,-8.914358,-0.356359,-0.019869,-0.147019,0.023838,-0.161522,0.000773,0.001598
0,-8.874397,-0.339259,0.022871,0.023749,-0.023599,0.027281,0.00147,0.001897
0,-8.933164,-0.389595,-0.053493,-0.023383,-0.057775,-0.050203,0.000444,0.001018
0,-8.921103,-0.123561,0.005153,0.283172,-0.030704,0.254619,0.000655,0.002157
0,-8.981497,-0.278552,-0.043515,-0.173223,-0.016814,-0.182583,0.000399,0.002956
0,-9.03412,0.003122,-0.031883,0.28415,-0.003326,0.272375,0.001318,5.4e-05
0,-9.109183,-0.129473,-0.077588,-0.130455,-0.048274,-0.106246,0.002628,0.00226
0,-8.954393,-0.098133,0.131779,0.061142,0.15655,0.040277,7.4e-05,0.001713
0,-9.117902,0.137518,-0.141234,0.236283,-0.112587,0.247717,0.00278,0.0024
0,-8.361453,0.072111,0.73063,-0.070896,0.712133,-0.028754,0.002605,0.001259
0,-8.139807,0.14415,0.236867,0.08326,0.194514,0.116339,0.001345,0.002516
0,-7.654227,0.117949,0.473721,-0.028187,0.507403,-0.071041,0.000688,0.002059
0,-7.128989,-0.050037,0.525868,-0.183911,0.53568,-0.225229,0.000662,0.000873
0,-6.733022,-0.03304,0.396959,-0.001337,0.402135,-0.029816,0.000245,0.000577
0,-6.289295,-0.023998,0.441331,-0.002097,0.462418,0.042931,0.000319,0.000419
0,-5.99372,0.101761,0.280114,0.152615,0.319571,0.105669,0.002978,0.001776
0,-5.574059,0.001694,0.39898,-0.079012,0.384082,-0.054039,0.003471,3e-05
0,-5.294833,0.093895,0.26364,0.067887,0.302191,0.06391,0.001402,0.001639
0,-4.934229,-0.016517,0.36707,-0.129055,0.358809,-0.126678,0.000122,0.000288
0,-4.564314,0.100712,0.34993,0.119769,0.394838,0.079255,0.001484,0.001758
0,-4.464133,-0.012143,0.093913,-0.130526,0.064223,-0.139514,0.000265,0.000212
0,-4.123447,0.134387,0.335055,0.166132,0.340867,0.178339,0.001607,0.002345
0,-3.907736,0.035024,0.22402,-0.089296,0.217091,-0.039592,0.002158,0.000611
0,-3.759281,-0.024155,0.126824,-0.064404,0.123091,-0.06178,0.003069,0.000422
0,-3.478868,0.158274,0.293847,0.201718,0.327418,0.157287,0.001825,0.002762
0,-3.250958,0.03838,0.256515,-0.135721,0.285485,-0.106711,0.002015,0.00067
0,-3.093782,0.080023,0.178128,0.042377,0.159003,0.089362,0.000728,0.001397
0,-3.040184,0.13394,0.047028,0.06301,0.069497,0.092892,0.001664,0.002338
0,-2.715732,0.166938,0.297471,0.017586,0.296726,-0.002419,0.000491,0.002914
0,-2.51989,0.126702,0.188265,-0.017018,0.169806,0.014731,0.002927,0.002211
0,-2.686269,-0.056702,-0.15345,-0.177793,-0.18214,-0.149545,2.3e-05,0.00099
0,-2.437766,0.075192,0.25427,0.130845,0.301161,0.115927,0.003458,0.001312
0,-2.126939,0.124226,0.320227,0.056375,0.318296,0.043935,0.001967,0.002168
0,-2.024408,0.061904,0.101352,-0.034289,0.097572,-0.078197,0.003757,0.00108
0,-2.015285,0.162705,0.02377,0.104828,0.047828,0.058574,0.003902,0.00284
0,-1.803719,0.195776,0.234004,0.035269,0.210121,0.026544,0.000209,0.003417
0,-1.704473,0.004831,0.102253,-0.211698,0.072613,-0.210748,0.001523,8.4e-05
0,-1.621832,0.194336,0.08756,0.183033,0.095965,0.165534,0.002965,0.003392
0,-1.418806,0.06854,0.21081,-0.106562,0.237809,-0.075983,0.001309,0.001196
0,-1.595918,0.084599,-0.147439,0.034649,-0.137737,0.055925,0.003417,0.001477
0,-1.529322,0.070437,0.08867,0.010086,0.073229,0.003731,0.003238,0.001229
0,-1.373838,0.130491,0.159444,0.057628,0.134395,0.07278,0.000524,0.002277
0,-1.101549,0.051679,0.270211,-0.062655,0.298454,-0.040069,0.00359,0.000902
0,-1.010107,0.073466,0.095858,0.040959,0.084968,0.079144,0.001994,0.001282
0,-1.095835,0.117301,-0.092753,0.01639,-0.089043,-0.024926,0.00349,0.002047
0,-0.992106,0.194793,0.097373,0.062426,0.102038,0.056596,0.00168,0.0034
0,-1.069709,0.138769,-0.078381,-0.063816,-0.043591,-0.023788,0.003034,0.002422
0,-0.819834,-0.054884,0.266404,-0.173338,0.25542,-0.16864,0.001327,0.000958
0,-0.872423,-0.004604,-0.045585,0.022596,-0.014552,0.001532,0.000409,8e-05
0,-0.714137,-0.021128,0.15573,-0.03548,0.205446,-0.075859,0.003172,0.000369
0,-0.568877,0.047022,0.138632,0.094647,0.176408,0.0588,0.002111,0.000821
0,-0.532727,-0.069414,0.065946,-0.087267,0.016195,-0.053884,0.00148,0.001211
0,-0.54973,0.095009,-0.014536,0.145866,-0.057644,0.176179,0.001777,0.001658
0,-0.701898,-0.06011,-0.149093,-0.13747,-0.173375,-0.151926,0.003385,0.001049
0,-0.628291,0.171157,0.048715,0.214815,0.047499,0.223059,0.003148,0.002987
0,-0.478097,0.145676,0.143,-0.020286,0.157507,0.015482,0.000526,0.002543
0,-0.606288,-0.00871,-0.149507,-0.159444,-0.189803,-0.118745,0.002764,0.000152
0,-0.415529,0.08094,0.171104,0.114698,0.142894,0.150372,0.000566,0.001413
0,-0.508745,-0.056051,-0.110019,-0.147613,-0.064397,-0.109111,0.001061,0.000978
0,-0.579204,0.163596,-0.096607,0.228765,-0.14655,0.210295,0.002291,0.002855
0,-0.496429,-0.030669,0.093067,-0.17171,0.069362,-0.146953,0.000846,0.000535
0,-0.303147,0.050497,0.166657,0.093596,0.154746,0.079582,0.002527,0.000881
0,-0.357207,-0.039764,-0.066615,-0.068128,-0.093186,-0.019779,0.001583,0.000694
0,-0.479406,0.057475,-0.141452,0.074264,-0.133289,0.12065,0.000549,0.001003
0,-0.298181,0.081623,0.153636,0.029528,0.173337,0.062404,0.002614,0.001425
0,-0.365916,-0.023598,-0.063564,-0.131671,-0.0497,-0.167412,0.001431,0.000412
0,-0.259799,-0.059713,0.129408,-0.04699,0.13861,0.000337,0.003284,0.001042
0,-0.170518,0.126483,0.071394,0.177506,0.111124,0.162451,0.002976,0.002208
0,-0.167869,0.033213,0.014882,-0.114112,0.003427,-0.121933,0.00293,0.00058
0,-0.301427,0.154878,-0.147351,0.138381,-0.183658,0.14031,0.002557,0.002703
0,-0.286838,0.150611,0.010563,-0.018842,-0.013176,-0.041869,0.002812,0.002629
0,-0.091184,-0.020764,0.182453,-0.147045,0.183549,-0.18498,0.001591,0.000362
0,-0.236061,0.133822,-0.128351,0.18181,-0.129686,0.224104,0.003698,0.002336
0,-0.253675,0.169449,-0.013478,0.01505,-0.037295,0.062688,0.00339,0.002957
0,-0.253255,0.183517,-0.028815,-0.005844,-0.063991,0.000822,0.003398,0.003203
0,-0.232433,0.014173,0.026335,-0.190273,0.070492,-0.145351,0.003761,0.000247
0,-0.182581,0.11871,0.053613,0.077948,0.100644,0.087488,0.003187,0.002072
0,-0.226619,0.059234,-0.056984,-0.038301,-0.007572,-0.051262,0.003863,0.001034
0,0.01193,-0.032064,0.217967,-0.06572,0.220847,-0.091411,0.000208,0.00056
0,-0.142709,0.018796,-0.162706,0.061676,-0.16816,0.018765,0.002491,0.000328
0,-0.013228,0.01171,0.108149,0.001428,0.104596,0.048458,0.000231,0.000204
0,-0.098947,-0.069193,-0.066512,-0.066558,-0.066441,-0.042624,0.001727,0.001208
0,-0.189249,0.133852,-0.081564,0.220551,-0.049,0.265597,0.003303,0.002336
0,-0.008745,-0.026176,0.177375,-0.18413,0.151172,-0.219043,0.000153,0.000457
0,0.027847,-0.101283,0.038813,-0.09189,0.045721,-0.118272,0.000486,0.001768
0,-0.011068,0.031284,-0.067529,0.11195,-0.055103,0.083377,0.000193,0.000546
0,-0.022108,0.080574,0.018041,0.051883,0.036506,0.101759,0.000386,0.001406
0,0.045733,0.036739,0.051764,-0.062858,0.095095,-0.08026,0.000798,0.000641
0,-0.104187,-0.027666,-0.143348,-0.050752,-0.145463,-0.002342,0.001818,0.000483
0,-0.055164,0.054303,0.076035,0.058223,0.05539,0.084542,0.000963,0.000948
0,-0.02911,0.123307,0.036359,0.064681,0.082679,0.101509,0.000508,0.002152
0,-0.077552,0.012923,-0.047456,-0.104076,-0.024835,-0.148189,0.001354,0.000226
0,-0.161688,-0.060404,-0.107976,-0.085317,-0.141462,-0.053091,0.002822,0.001054
0,0.031869,0.126673,0.182097,0.178721,0.231481,0.197061,0.000556,0.002211
0,-0.090774,0.101915,-0.133742,-0.036198,-0.09002,-0.084191,0.001584,0.001779
0,0.015935,0.011498,0.121861,-0.112136,0.121608,-0.133915,0.000278,0.000201
0,-0.18069,-0.001516,-0.173475,-0.031121,-0.135403,-0.000135,0.003154,2.6e-05
0,-0.070605,0.042091,0.140043,0.023747,0.112884,0.035802,0.001232,0.000735
0,-0.216311,0.015428,-0.161366,-0.015442,-0.205045,-0.029809,0.003775,0.000269
0,-0.110962,0.150375,0.096157,0.152245,0.144881,0.127311,0.001937,0.002625
0,-0.011098,-0.065047,0.114357,-0.192694,0.113184,-0.178958,0.000194,0.001135
0,-0.042508,0.123249,-0.018936,0.186641,0.004685,0.216184,0.000742,0.002151
0,-0.150304,0.044783,-0.098323,-0.071713,-0.083461,-0.062642,0.002623,0.000782
0,0.031761,-0.118011,0.169671,-0.173584,0.183403,-0.167294,0.000554,0.00206
0,-0.252212,-0.090601,-0.284034,0.033894,-0.31709,0.026157,0.003416,0.001581
0,0.035179,0.007958,0.313079,0.120623,0.283902,0.147375,0.001774,0.000139
0,-0.185874,-0.02304,-0.212175,-0.036811,-0.185062,-0.000172,0.003244,0.000402
0,0.030541,0.058781,0.201313,0.091722,0.19029,0.081594,0.002921,0.001026
0,-0.035803,-0.013215,-0.05062,-0.059964,-0.055683,-0.02563,0.003013,0.000231
0,-0.092711,-0.152322,-0.040273,-0.129634,-0.00034,-0.179594,0.001618,0.002659
0,-0.052517,-0.125004,0.059078,0.030578,0.055726,0.0701,0.001471,0.002182
0,-0.163947,-0.038708,-0.107149,0.062708,-0.065136,0.061299,0.002569,0.000676
0,-0.168515,-0.128753,-0.006181,-0.108944,-0.028341,-0.067656,0.002941,0.002247
0,0.059756,0.017993,0.200131,0.173256,0.19528,0.146824,0.001043,0.000314
0,-0.027292,-0.057579,-0.107275,-0.062169,-0.131196,-0.05754,0.000476,0.001005
0,0.082828,0.093363,0.137243,0.159465,0.159899,0.206271,0.001446,0.001629
0,0.084347,-0.125051,0.019114,-0.20302,0.014232,-0.163449,0.001472,0.002183
0,-0.017266,-0.046514,-0.111283,0.104441,-0.09913,0.103585,0.000301,0.000812
0,-0.113368,-0.092616,-0.122056,-0.036987,-0.121413,-0.057444,0.001979,0.001616
0,0.020352,-0.099645,0.127835,-0.030021,0.11708,-0.044528,0.000355,0.001739
0,0.050305,-0.175304,0.039063,-0.06413,0.01574,-0.039598,0.000878,0.00306
0,-0.132218,-0.008059,-0.15497,0.161887,-0.113446,0.201108,0.002308,0.000141
0,-0.12897,0.023252,0.003506,0.022831,-0.030363,0.0465,0.002251,0.000406
0,-0.079541,-0.0858,0.064472,-0.094666,0.067376,-0.117669,0.001388,0.001497
0,-0.124957,0.014082,-0.070819,0.109003,-0.056569,0.089526,0.002181,0.000246
0,-0.068809,-0.130134,0.071496,-0.140307,0.118342,-0.182285,0.001201,0.002271
0,-0.035777,-0.083174,0.009365,0.031073,0.052439,0.008736,0.000624,0.001452
0,-0.00966,0.10316,0.012637,0.175668,0.022111,0.178588,0.000169,0.0018
0,0.005043,-0.063092,0.016399,-0.151557,0.040763,-0.123982,8.8e-05,0.001101
0,-0.117618,-0.154358,-0.13141,-0.084388,-0.158257,-0.099201,0.002053,0.002694
0,0.06615,0.15521,0.160926,0.320291,0.193979,0.334794,0.001155,0.002709
0,-0.155945,0.048682,-0.252039,-0.102327,-0.273415,-0.082384,0.002722,0.00085
0,-0.042411,0.027732,0.104537,-0.029822,0.057771,0.004502,0.00074,0.000484
0,-0.095578,0.010167,-0.040128,-0.047126,-0.08957,-0.085024,0.001668,0.000177
0,0.064446,-0.015902,0.131504,-0.032861,0.156339,-0.073942,0.001125,0.000278
0,-0.047364,0.026761,-0.10164,0.035443,-0.071427,-0.001012,0.000827,0.000467
0,-0.028466,-0.005552,0.015527,-0.02915,0.049098,-0.037283,0.000497,9.7e-05
0,0.019952,-0.052171,0.075116,-0.021029,0.069698,-0.018431,0.000348,0.000911
0,0.06368,-0.176057,0.070127,-0.112267,0.062022,-0.07323,0.001111,0.003073
0,0.139361,-0.153966,0.048419,0.02432,0.067113,-0.000233,0.002432,0.002687
0,0.009187,-0.016276,-0.125098,0.153299,-0.1185,0.123922,0.00016,0.000284
0,-0.090199,-0.025222,-0.110505,-0.013105,-0.140369,-0.026689,0.001574,0.00044
0,0.155467,0.10619,0.263387,0.119519,0.281917,0.079196,0.002713,0.001853
0,0.137543,0.139917,-0.011678,0.055689,0.032103,0.016631,0.002401,0.002442
0,0.054175,-0.034036,-0.062424,-0.18632,-0.097974,-0.222544,0.000946,0.000594
0,0.153603,0.021787,0.096594,0.07495,0.07437,0.119121,0.002681,0.00038
0,0.143223,0.073719,-0.027067,0.055154,-0.07363,0.012601,0.0025,0.001287
0,-0.085101,0.144888,-0.229282,0.057739,-0.258266,0.071701,0.001485,0.002529
0,-0.068082,0.059778,-0.007786,-0.100706,-0.035551,-0.073043,0.001188,0.001043
0,-0.070634,0.01031,-0.013364,-0.024351,-0.059417,0.017229,0.001233,0.00018
0,0.03118,-0.129223,0.080366,-0.147168,0.076213,-0.151255,0.000544,0.002255
0,0.021031,-0.114183,-0.031635,-0.003047,-0.012977,0.035166,0.000367,0.001993
0,0.186743,-0.128125,0.181611,-0.021408,0.151678,0.004205,0.003259,0.002236
0,-0.030809,-0.101158,-0.226091,0.012666,-0.198913,-0.014479,0.000538,0.001766
0,-0.117872,0.01534,-0.065588,0.140707,-0.056896,0.161794,0.002057,0.000268
0,-0.034428,0.148942,0.095948,0.154284,0.097261,0.17635,0.000601,0.0026
0,-0.147153,-0.065271,-0.111269,-0.201625,-0.085037,-0.157407,0.002568,0.001139
0,-0.141031,0.098206,0.020535,0.163746,0.059055,0.212666,0.002461,0.001714
0,-0.029878,0.024069,0.102097,-0.084312,0.065938,-0.113227,0.000521,0.00042
0,-0.074654,0.142733,-0.018339,0.137382,-0.016588,0.109677,0.001303,0.002491
0,-0.010586,-0.007201,0.057458,-0.139918,0.037005,-0.160782,0.000185,0.000126
0,-0.038155,0.027366,-0.050106,0.047894,-0.095821,0.064423,0.000666,0.000478
0,0.10475,-0.002737,0.138465,-0.022833,0.097171,0.004114,0.001828,4.8e-05
0,-0.08818,-0.029698,-0.209106,-0.032528,-0.195336,-0.016506,0.001539,0.000518
0,-0.038588,0.013848,0.064766,0.057593,0.057801,0.022551,0.000673,0.000242
0,3.8e-05,0.161948,0.028221,0.125529,0.075409,0.117281,1e-06,0.002827
0,-0.036587,-0.08499,-0.039795,-0.275221,-0.086644,-0.271154,0.000639,0.001483
0,-0.062354,0.075243,-0.03545,0.173651,-0.040358,0.125513,0.001088,0.001313
0,-0.116213,0.00477,-0.080636,-0.062053,-0.035347,-0.016576,0.002028,8.3e-05
0,0.09734,0.108609,0.190755,0.11877,0.159217,0.157535,0.001699,0.001896
0,0.003622,-0.075335,-0.108085,-0.165818,-0.13497,-0.164666,6.3e-05,0.001315
0,-0.040417,0.136798,-0.022555,0.23973,0.011932,0.205462,0.000705,0.002388
0,0.091029,0.163998,0.11473,0.024071,0.122736,0.053215,0.001589,0.002862
0,0.109412,0.184238,-0.001838,-0.007307,-0.043478,-0.032387,0.00191,0.003216
0,0.122159,0.043529,-0.012188,-0.122788,-0.036391,-0.09669,0.002132,0.00076
0,0.091482,0.01651,-0.000795,-0.04289,-0.00454,-0.066509,0.001597,0.000288
0,0.12345,-0.022543,0.018307,-0.016706,-0.023485,-0.029932,0.002155,0.000393
0,-0.15857,-0.023385,-0.310847,0.022952,-0.310337,-0.026145,0.002768,0.000408
0,-0.156466,0.098179,0.016147,0.116864,0.048937,0.084192,0.002731,0.001714
0,-0.102551,0.098102,0.072619,0.017385,0.102481,0.066665,0.00179,0.001712
0,-0.07576,-0.029308,0.033211,-0.151344,0.074678,-0.147858,0.001322,0.000512
0,-0.099357,-0.096842,-0.002239,-0.069871,-0.022561,-0.069054,0.001734,0.00169
0,-0.091415,-0.078866,0.023275,0.032633,0.058233,-0.015592,0.001595,0.001376
0,0.084197,-0.108259,0.152779,-0.038496,0.17677,-0.044984,0.00147,0.001889
0,-0.112253,0.07485,-0.187691,0.180469,-0.151645,0.211577,0.001959,0.001306
0,0.018333,-0.103737,0.11197,-0.152334,0.111063,-0.16104,0.00032,0.001811
0,-0.050652,0.136033,-0.076805,0.230483,-0.114863,0.225403,0.000884,0.002374
0,-0.064508,-0.059006,-0.040205,-0.179991,0.009717,-0.175262,0.001126,0.00103
0,-0.068562,-0.047114,-0.005954,-0.017675,-0.048758,-0.052833,0.001197,0.000822
0,-0.01699,0.110488,0.073511,0.172298,0.035114,0.152625,0.000297,0.001928
0,-0.01898,0.114461,-0.022146,-0.005293,-0.003928,0.01847,0.000331,0.001998
0,0.037402,-0.063544,0.049161,-0.171097,0.031689,-0.219099,0.000653,0.001109
0,0.153395,0.103341,0.130549,0.162492,0.135833,0.195715,0.002677,0.001804
0,0.061222,0.004565,-0.09234,-0.099297,-0.060148,-0.14062,0.001069,8e-05
0,-0.103796,0.052233,-0.148512,0.062756,-0.180365,0.041138,0.001812,0.000912
0,-0.017527,-0.145426,0.064137,-0.171244,0.085357,-0.212291,0.000306,0.002538
0,0.079734,-0.136272,0.102183,-0.004382,0.06186,-0.006609,0.001392,0.002378
0,-0.149135,-0.159786,-0.205778,-0.017394,-0.169374,-0.060407,0.002603,0.002789
0,0.010628,-0.069593,0.178465,0.120112,0.17797,0.162095,0.000185,0.001215
0,-0.096744,0.15683,-0.103168,0.201075,-0.13949,0.170647,0.001688,0.002737
0,-0.119909,0.06662,-0.00095,-0.094107,-0.032579,-0.08204,0.002093,0.001163
0,-9.061354,0.5969,-8.925669,0.530144,-8.922414,0.519217,0.001793,0.0026
0,-9.073903,1.283385,-0.021296,0.665777,-0.01963,0.627613,0.002012,0.001054
0,-9.087143,1.432302,-0.041939,0.139879,-0.052412,0.143133,0.002243,0.001545
0,-9.11697,1.364979,-0.006735,-0.048985,-0.018915,-0.016476,0.002764,0.00037
0,-9.081519,1.551241,0.015794,0.186307,0.058659,0.179623,0.002145,0.003621
0,-9.014568,1.538379,0.090701,-0.014551,0.098432,-0.021248,0.000976,0.003396
0,-8.959937,1.169884,0.046566,-0.378909,0.014604,-0.426812,2.3e-05,0.003035
0,-9.001086,0.711804,-0.052164,-0.452046,-0.08283,-0.420279,0.000741,0.003212
0,-9.134121,0.486181,-0.137831,-0.241855,-0.168338,-0.290246,0.003063,0.000668
0,-8.874343,0.181385,0.251332,-0.283407,0.273512,-0.291614,0.001471,0.003166
0,-9.049811,0.225897,-0.202871,0.073467,-0.225114,0.076935,0.001591,0.003875
0,-8.901537,-0.028285,0.164231,-0.2367,0.161768,-0.210617,0.000996,0.000494
0,-9.09378,-0.099686,-0.216254,-0.071633,-0.205767,-0.090404,0.002359,0.00174
0,-8.416996,-0.166259,0.686757,-0.06737,0.706653,-0.035064,0.001635,0.002902
0,-8.109601,-0.260638,0.289544,-0.077973,0.317623,-0.064014,0.000817,0.003269
0,-7.591145,-0.232749,0.500202,0.030023,0.52236,0.056244,0.000413,0.003756
0,-7.120267,-0.158285,0.483889,0.10077,0.520108,0.087594,0.000814,0.002763
0,-6.716044,-0.017381,0.401802,0.170485,0.433022,0.173493,5.1e-05,0.000303
0,-6.366922,-0.238238,0.356661,-0.220376,0.341076,-0.213247,0.001673,0.00366
0,-6.185556,-0.013353,0.15966,0.214025,0.141582,0.166382,0.001492,0.000233
0,-5.618064,-0.154918,0.576286,-0.13645,0.530076,-0.115075,0.003579,0.002704
0,-5.257065,-0.111065,0.337975,0.059299,0.359708,0.090526,0.002061,0.001938
0,-4.989098,-0.183642,0.243334,-0.074998,0.269928,-0.116011,0.00108,0.003205
0,-4.847471,-0.102771,0.120318,0.090447,0.158926,0.04528,0.001392,0.001794
0,-4.529719,-0.181123,0.324847,-0.097943,0.341391,-0.054733,0.00088,0.003161
0,-4.2296,0.026312,0.300044,0.234177,0.279215,0.230624,0.00346,0.000459
0,-3.875005,-0.104814,0.365191,-0.117584,0.400368,-0.084777,0.002729,0.001829
0,-3.70547,-0.07615,0.165337,0.029943,0.177011,0.00777,0.00213,0.001329
0,-3.513238,0.017325,0.21662,0.088189,0.259958,0.086308,0.001225,0.000302
0,-3.396078,-0.111838,0.143612,-0.146946,0.148896,-0.187563,0.00327,0.001952
0,-3.32303,-0.176099,0.087256,-0.09037,0.10836,-0.071371,0.003273,0.003074
0,-2.941355,-0.22055,0.391917,-0.039766,0.367352,-0.073981,0.003389,0.003849
0,-2.918239,-0.077257,0.014389,0.167831,-0.023609,0.17631,0.003792,0.001348
0,-2.595708,-0.004377,0.30742,0.086184,0.321075,0.12155,0.001604,7.6e-05
0,-2.586638,-0.071826,-0.016117,-0.057972,0.015125,-0.071917,0.001762,0.001254
0,-2.533466,-0.193583,0.063543,-0.109335,0.014263,-0.073657,0.00269,0.003379
0,-2.321626,0.06949,0.190615,0.250421,0.234046,0.220816,0.001431,0.001213
0,-1.972725,-0.024128,0.349643,-0.098608,0.377176,-0.088871,0.003159,0.000421
0,-2.085451,-0.139332,-0.084423,-0.123458,-0.058322,-0.100594,0.002691,0.002432
0,-1.788684,-0.048053,0.290511,0.079017,0.30133,0.121136,5.3e-05,0.000839
0,-1.812678,-0.079979,-0.044996,-0.002169,-0.061455,0.024548,0.000366,0.001396
0,-1.613429,-0.04436,0.212387,0.061688,0.230214,0.04653,0.003112,0.000774
0,-1.647903,-0.103263,-0.008835,-0.0602,-0.03103,-0.05016,0.00251,0.001802
0,-1.659101,0.052483,-0.002558,0.168472,-0.032705,0.150995,0.002315,0.000916
0,-1.395571,-0.123497,0.237718,-0.185406,0.259504,-0.137668,0.000904,0.002155
0,-1.399959,0.018181,-0.003546,0.147871,-0.008323,0.105223,0.00098,0.000317
0,-1.244955,-0.026224,0.175836,-0.05128,0.202159,-0.014504,0.001725,0.000458
0,-1.225425,-0.186396,0.036444,-0.133573,0.013469,-0.166823,0.002066,0.003253
0,-1.133094,-0.196102,0.089989,-0.01116,0.097069,-0.019324,0.003677,0.003423
0,-1.162522,-0.100306,-0.048853,0.101699,-0.00576,0.092844,0.003164,0.001751
0,-1.111312,-0.015952,0.047233,0.097729,0.093168,0.138353,0.00376,0.000278
0,-1.025927,0.093862,0.063408,0.124448,0.104257,0.098584,0.00227,0.001638
0,-1.013391,-0.00433,-0.015381,-0.110939,0.000161,-0.084594,0.002051,7.6e-05
0,-0.923889,0.033483,0.10011,0.040654,0.067797,0.074544,0.000489,0.000584
0,-0.816421,-0.133737,0.131476,-0.181095,0.181119,-0.176882,0.001387,0.002334
0,-0.776192,-0.088865,0.015798,0.039741,0.00954,0.002007,0.002089,0.001551
0,-0.672976,0.04395,0.12061,0.127348,0.140194,0.128373,0.00389,0.000767
0,-0.657178,0.158132,0.033316,0.124068,0.034091,0.172463,0.003652,0.00276
0,-0.640829,-0.011596,0.022093,-0.143684,0.007018,-0.117251,0.003367,0.000202
0,-0.800682,0.117177,-0.168429,0.138957,-0.193649,0.115596,0.001661,0.002045
0,-0.59944,0.105992,0.212556,0.015922,0.242117,0.065706,0.002644,0.00185
0,-0.599886,-0.081502,0.013832,-0.167149,0.051253,-0.16817,0.002652,0.001422
0,-0.695147,0.054629,-0.113875,0.142311,-0.070158,0.124406,0.003503,0.000953
0,-0.521589,0.000208,0.160569,-0.048623,0.171614,-0.026296,0.001286,4e-06
0,-0.416863,-0.020767,0.078787,0.00822,0.125761,-0.00416,0.000542,0.000362
0,-0.326844,-0.132629,0.088829,-0.112791,0.082939,-0.076479,0.002113,0.002315
0,-0.320434,0.031101,-0.018964,0.169732,-0.034982,0.16581,0.002225,0.000543
0,-0.382564,-0.146417,-0.062676,-0.200426,-0.072243,-0.228437,0.001141,0.002555
0,-0.334283,-0.06551,0.076431,0.081566,0.058138,0.11348,0.001984,0.001143
0,-0.210609,-0.159863,0.141676,-0.075166,0.093073,-0.096418,0.003676,0.00279
0,-0.253278,-0.141401,-0.016847,0.000313,-0.03505,0.038096,0.003397,0.002468
0,-0.358308,-0.115782,-0.133627,0.026638,-0.096678,0.039817,0.001564,0.002021
0,-0.254679,-0.049891,0.085129,0.039864,0.114829,0.030283,0.003373,0.000871
0,-0.061337,-0.003241,0.189693,0.041527,0.186174,0.020222,0.001071,5.7e-05
0,-0.300271,0.067335,-0.247568,0.098359,-0.225094,0.118655,0.002577,0.001175
0,-0.266158,-0.138283,0.015054,-0.222833,0.026252,-0.195478,0.003173,0.002413
0,-0.256511,0.129602,-0.003158,0.245884,-0.04027,0.293021,0.003341,0.002262
0,-0.009116,-0.12956,0.250653,-0.284876,0.216043,-0.334439,0.000159,0.002261
0,-0.005798,-0.002512,-0.013167,0.13711,-0.024523,0.179566,0.000101,4.4e-05
0,-0.192791,-0.045247,-0.210025,-0.016557,-0.25555,-0.037545,0.003365,0.00079
0,0.047678,3.6e-05,0.264992,0.049292,0.250159,0.077118,0.000832,1e-06
0,-0.144044,0.044509,-0.198413,0.032265,-0.153069,0.007981,0.002514,0.000777
0,0.079361,-0.135545,0.199842,-0.158705,0.237432,-0.192132,0.001385,0.002366
0,-0.154634,0.054456,-0.218061,0.161393,-0.258907,0.17315,0.002699,0.00095
0,0.075822,-0.104785,0.204862,-0.178478,0.168885,-0.155843,0.001323,0.001829
0,0.070818,-0.087634,0.016863,0.044084,-0.000584,0.060648,0.001236,0.001529
0,-0.07676,0.09978,-0.133731,0.160256,-0.173251,0.172018,0.00134,0.001741
0,-0.045229,0.126323,0.025569,0.053603,0.015611,0.060926,0.000789,0.002205
0,0.061428,0.087447,0.093012,-0.039816,0.122557,-0.058686,0.001072,0.001526
0,-0.008076,0.08591,-0.068472,-0.014015,-0.033681,0.031736,0.000141,0.001499
0,-0.026483,-0.115095,-0.048078,-0.1872,-0.037928,-0.191964,0.000462,0.002009
0,0.006608,0.00665,0.057391,0.125121,0.038291,0.080071,0.000115,0.000116
0,0.078774,-0.101994,0.047217,-0.119355,0.016056,-0.121279,0.001375,0.00178
0,-0.01884,0.142213,-0.084744,0.249913,-0.058912,0.254547,0.000329,0.002482
0,-0.053965,-0.055268,-0.059313,-0.177988,-0.082464,-0.152789,0.000942,0.000965
0,0.080009,0.119073,0.109193,0.201597,0.071124,0.238548,0.001396,0.002078
0,-0.092125,-0.063697,-0.156803,-0.183123,-0.148588,-0.137271,0.001608,0.001112
0,-0.07126,-0.058012,0.037233,-0.008307,0.0234,0.006525,0.001244,0.001013
0,-0.147786,0.075497,-0.105636,0.138353,-0.065198,0.161012,0.002579,0.001318
0,-0.21248,-0.094584,-0.092192,-0.141993,-0.096861,-0.181794,0.003708,0.001651
0,-0.043866,0.092976,0.185122,0.181009,0.209592,0.199883,0.000766,0.001623
0,-0.164579,0.005124,-0.124642,-0.08755,-0.148798,-0.055253,0.002872,8.9e-05
0,-0.045395,0.11807,0.132897,0.112729,0.179415,0.094876,0.000792,0.002061
0,0.00636,0.190165,0.047596,0.043735,0.060548,-0.003719,0.000111,0.003319
0,0.124925,-0.025089,0.122989,-0.202211,0.157726,-0.195952,0.00218,0.000438
0,-0.116057,0.12358,-0.250072,0.157372,-0.257768,0.171134,0.002026,0.002157
0,0.078875,-0.015647,0.21009,-0.159969,0.187402,-0.161073,0.001377,0.000273
0,0.111339,0.0514,0.043442,0.096676,0.079728,0.088644,0.001943,0.000897
0,0.109553,-0.054243,-0.016861,-0.089586,-0.028584,-0.052799,0.001912,0.000947
0,-0.077906,0.195759,-0.162253,0.235833,-0.179776,0.277903,0.00136,0.003417
0,-0.074639,0.161805,-0.008443,-0.041334,0.017651,-0.054214,0.001303,0.002824
0,-0.122957,0.002614,-0.067243,-0.146785,-0.020643,-0.194206,0.002146,4.6e-05
0,0.111711,0.039215,0.258917,0.036127,0.213729,0.076524,0.00195,0.000684
0,0.08092,0.126427,-0.046078,0.086448,-0.033839,0.080919,0.001412,0.002207
0,0.061114,-0.029818,-0.036408,-0.16527,-0.006606,-0.158682,0.001067,0.00052
0,0.131091,0.102172,0.05882,0.107053,0.092077,0.113589,0.002288,0.001783
0,0.055176,0.162723,-0.095535,0.043164,-0.1355,0.031205,0.000963,0.00284
0,0.054543,0.121445,-0.00942,-0.046446,0.032767,-0.017264,0.000952,0.00212
0,0.025185,0.15417,-0.01825,0.037826,-0.011148,0.050514,0.00044,0.002691
0,0.187988,0.144201,0.149963,0.005626,0.129643,-0.00187,0.003281,0.002517
0,0.048587,-0.060864,-0.116301,-0.217952,-0.123127,-0.249853,0.000848,0.001062
0,0.200686,0.13657,0.147998,0.177813,0.163777,0.139602,0.003503,0.002384
0,0.036499,0.025531,-0.138519,-0.118322,-0.184111,-0.141372,0.000637,0.000446
0,0.24001,0.140425,0.208922,0.123461,0.214659,0.099016,0.003629,0.002451
0,0.164017,-0.080951,-0.079042,-0.231133,-0.107955,-0.217943,0.002863,0.001413
0,-0.052033,0.009888,-0.223758,0.084233,-0.242746,0.069601,0.000908,0.000173
0,0.025727,0.114552,0.082766,0.125925,0.092765,0.16467,0.000449,0.001999
0,0.104973,0.052724,0.075358,-0.058827,0.042065,-0.073781,0.001832,0.00092
0,-0.023509,-0.038149,-0.155853,-0.094543,-0.132599,-0.071957,0.00041,0.000666
0,0.112128,0.082408,0.147022,0.102209,0.124524,0.104656,0.001957,0.001438
0,-0.094346,-0.033143,-0.181191,-0.138431,-0.224065,-0.143599,0.001647,0.000578
0,0.144276,-0.100455,0.234919,-0.095273,0.242664,-0.097804,0.002518,0.001753
0,-0.068767,0.183682,-0.189818,0.282208,-0.214479,0.291617,0.0012,0.003206
0,0.066019,-0.12082,0.123986,-0.280151,0.102972,-0.307077,0.001152,0.002109
0,-0.178732,0.046865,-0.228395,0.155924,-0.269026,0.147303,0.003119,0.000818
0,0.061554,-0.097892,0.242423,-0.120436,0.271475,-0.11008,0.001074,0.001709
0,-0.104676,0.029022,-0.166619,0.130806,-0.189467,0.089701,0.001827,0.000507
0,0.094888,-0.11378,0.191538,-0.135618,0.236875,-0.103351,0.001656,0.001986
0,-0.061305,0.110271,-0.167184,0.251621,-0.126017,0.262075,0.00107,0.001925
0,-0.205141,0.072329,-0.172477,-0.066559,-0.152327,-0.059662,0.00358,0.001262
0,-0.025926,0.073142,0.167736,0.020781,0.204242,-0.025509,0.000452,0.001277
0,-0.003352,-0.05252,0.033661,-0.101111,0.051414,-0.127515,5.9e-05,0.000917
0,0.015255,-0.089545,0.03549,-0.008903,-0.003697,0.024724,0.000266,0.001563
0,0.060955,0.161581,0.017648,0.2323,0.034787,0.202732,0.001064,0.00282
0,-0.026864,0.128332,-0.081361,-0.048563,-0.096805,-0.050175,0.000469,0.00224
0,0.05054,0.005407,0.055151,-0.1487,0.005425,-0.135203,0.000882,9.4e-05
0,-0.103579,0.057088,-0.147733,0.058882,-0.12973,0.05641,0.001808,0.000996
0,-0.021662,-0.111557,0.10382,-0.178301,0.077578,-0.157053,0.000378,0.001947
0,-0.125586,-0.111496,-0.081906,-0.007875,-0.045783,0.037993,0.002192,0.001946
0,0.139442,-0.027955,0.259235,0.10644,0.218422,0.111572,0.002434,0.000488
0,0.086729,-0.027764,-0.050202,0.029899,-0.046237,-0.005965,0.001514,0.000485
0,0.105574,0.004869,0.024036,0.060013,0.023528,0.076827,0.001843,8.5e-05
0,-0.112214,0.037338,-0.211937,0.022337,-0.189213,0.044194,0.001959,0.000652
0,-0.101757,0.201074,0.036536,0.168503,0.029993,0.123034,0.001776,0.003509
0,0.108398,-0.077807,0.22022,-0.263397,0.263474,-0.258821,0.001892,0.001358
0,-0.082084,0.171771,-0.205671,0.258204,-0.200816,0.218829,0.001433,0.002998
0,-0.100667,-0.111719,-0.018911,-0.303922,0.009675,-0.311435,0.001757,0.00195
0,-0.118679,0.003995,-0.035994,0.141702,-0.025483,0.18962,0.002071,7e-05
0,0.077659,-0.071834,0.212507,-0.048971,0.183656,-0.081664,0.001355,0.001254
0,-0.094898,0.109617,-0.145102,0.187891,-0.171171,0.142603,0.001656,0.001913
0,0.005902,0.015187,0.116532,-0.081783,0.082676,-0.062572,0.000103,0.000265
0,0.075752,-0.154068,0.049957,-0.16266,0.042368,-0.144581,0.001322,0.002689
0,0.055103,-0.000971,-0.004039,0.164379,-0.034762,0.211488,0.000962,1.7e-05
0,-0.202435,0.09596,-0.242964,0.122385,-0.248947,0.076417,0.003533,0.001675
0,-0.069796,0.011794,0.161582,-0.082085,0.138651,-0.065275,0.001218,0.000206
0,-0.138519,-0.104393,-0.053449,-0.119288,-0.080252,-0.116046,0.002418,0.001822
0,0.075556,0.005045,0.222455,0.132256,0.22727,0.159495,0.001319,8.8e-05
0,-0.065244,0.030871,-0.14005,0.011563,-0.179755,0.033378,0.001139,0.000539
0,-2.004821,-1.39601,-1.958061,-1.420524,-1.995276,-1.388549,0.003719,0.000911
0,-4.582255,-1.434982,-2.587105,-0.056939,-2.610941,-0.102638,0.001797,0.001592
0,-7.586976,-1.305386,-2.986324,0.148335,-2.983977,0.127519,0.000486,0.00067
0,-8.191792,-1.473267,-0.629546,-0.185024,-0.580818,-0.152171,0.002252,0.00226
0,-6.261396,-1.081934,1.906418,0.373459,1.868924,0.36453,0.000168,0.003248
0,-4.401837,-0.901752,1.83055,0.163782,1.862889,0.19819,0.001352,0.000103
0,-3.095351,-0.533308,1.290952,0.367735,1.319738,0.326165,0.000701,0.00149
0,-3.175185,-0.464684,-0.05782,0.044351,-0.062319,0.076131,0.000692,0.000292
0,-2.353645,-0.206098,0.809351,0.253764,0.780888,0.258936,0.001989,0.003597
0,-1.499322,-0.081699,0.847027,0.124575,0.8624,0.075997,0.002714,0.001426
0,-0.838986,-0.113745,0.683679,-0.051457,0.69034,-0.005035,0.000993,0.001985
0,-0.578458,0.068945,0.271839,0.209966,0.276663,0.208457,0.002278,0.001203
0,-0.141431,0.094977,0.45323,0.028683,0.40516,0.053058,0.002468,0.001658
0,0.1157,0.10333,0.234221,0.018907,0.223928,-0.019712,0.002019,0.001803
0,0.120917,-0.01516,0.000347,-0.101865,-0.049051,-0.144382,0.00211,0.000265
0,0.170169,0.037667,0.046799,0.023573,0.016446,0.067975,0.00297,0.000657
0,0.180047,0.22332,-0.012285,0.179825,0.033338,0.19412,0.003142,0.003898
0,0.311038,0.204856,0.137792,-0.033238,0.17145,-0.058633,0.002389,0.003575
0,0.193173,0.11769,-0.147456,-0.061399,-0.175485,-0.041719,0.003371,0.002054
0,0.089229,0.091077,-0.078325,-0.025412,-0.064179,-0.040011,0.001557,0.00159
0,0.090315,-0.021274,-0.013246,-0.121241,-0.004144,-0.079784,0.001576,0.000371
0,0.147219,0.18192,0.078064,0.22264,0.114627,0.22594,0.002569,0.003175
0,0.0706,0.210724,-0.060868,0.022688,-0.051441,0.043042,0.001232,0.003678
0,0.161451,0.134367,0.064058,-0.10353,0.113524,-0.126823,0.002818,0.002345
0,0.056655,0.081885,-0.107996,-0.038441,-0.079736,-0.016334,0.000989,0.001429
0,0.317872,0.125272,0.258851,0.032259,0.26484,0.041984,0.00227,0.002186
0,0.188111,0.105492,-0.152455,-0.023703,-0.201523,-0.021555,0.003283,0.001841
0,-0.051998,0.260294,-0.24027,0.132395,-0.252373,0.121741,0.000908,0.003275
0,0.013063,0.156765,0.062048,-0.089984,0.109391,-0.055214,0.000228,0.002736
0,-0.089302,0.175078,-0.131892,0.000755,-0.08909,-0.021793,0.001559,0.003056
0,0.044164,-0.098169,0.11947,-0.245106,0.163954,-0.285052,0.000771,0.001713
0,0.00227,0.082538,-0.043595,0.198284,-0.003887,0.179007,4e-05,0.001441
0,-0.069539,0.043709,-0.075175,-0.013934,-0.07256,-0.031886,0.001214,0.000763
0,-0.034055,-0.109203,0.03644,-0.126508,0.052829,-0.1182,0.000594,0.001906
0,-0.020328,-0.149726,-0.012851,-0.044545,-0.061206,-0.088946,0.000355,0.002613
0,0.051189,-0.052007,0.093311,0.092741,0.125002,0.094211,0.000893,0.000908
0,0.156516,0.079367,0.133016,0.154001,0.083751,0.112083,0.002732,0.001385
0,0.155916,-0.043343,0.002933,-0.102576,-0.039714,-0.057193,0.002721,0.000756
0,0.077077,0.103243,-0.078217,0.138807,-0.058821,0.134554,0.001345,0.001802
0,-0.010742,-0.085663,-0.069061,-0.176816,-0.077954,-0.133265,0.000187,0.001495
0,0.123241,0.054153,0.153991,0.160205,0.119108,0.13066,0.002151,0.000945
0,0.10734,0.128011,-0.028607,0.087587,-0.056854,0.125768,0.001873,0.002234
0,-0.048756,0.134669,-0.127038,0.008867,-0.101498,0.041309,0.000851,0.00235
0,0.16495,0.011723,0.200026,-0.1228,0.16056,-0.094405,0.002879,0.000205
0,0.11947,-0.062214,-0.041865,-0.065718,-0.080284,-0.051025,0.002085,0.001086
0,0.120372,0.139405,-0.013193,0.21907,-0.033285,0.206398,0.002101,0.002433
0,0.135948,-0.00493,0.013461,-0.16393,0.051805,-0.131638,0.002373,8.6e-05
0,0.114383,0.145516,0.005134,0.128901,0.044167,0.152986,0.001996,0.00254
0,0.051038,-0.062815,-0.035162,-0.200873,-0.004596,-0.237085,0.000891,0.001096
0,0.188712,0.055048,0.151808,0.093947,0.178493,0.114824,0.003294,0.000961
0,0.126271,0.057909,-0.03738,-0.024423,-0.044141,-0.058555,0.002204,0.001011
0,-0.03599,-0.162716,-0.176249,-0.24203,-0.221307,-0.203507,0.000628,0.00284
0,-0.114918,0.060368,-0.100069,0.250179,-0.10991,0.230918,0.002006,0.001054
0,-0.124676,0.10924,0.010145,0.055217,0.051921,0.103284,0.002176,0.001907
0,-0.128872,-0.131287,0.005823,-0.259023,0.037123,-0.23842,0.002249,0.002291
0,0.098369,0.013988,0.235656,0.120177,0.27316,0.163601,0.001717,0.000244
0,0.080722,0.150059,0.000373,0.139751,0.017268,0.093302,0.001409,0.002619
0,0.042165,0.080999,-0.05862,-0.039586,-0.018899,-0.033694,0.000736,0.001414
0,-0.037431,-0.100383,-0.051628,-0.17931,-0.067164,-0.147461,0.000653,0.001752
0,-0.07674,0.006409,-0.048726,0.098583,-0.089568,0.106365,0.001339,0.000112
0,0.090636,-0.139089,0.154373,-0.132187,0.156551,-0.107347,0.001582,0.002428
0,0.111189,-0.128109,0.017412,0.036362,0.016532,0.060059,0.001941,0.002236
0,0.169801,-0.029944,0.045165,0.125535,0.018773,0.077155,0.002964,0.000523
0,-2.102812,-0.817817,-2.2539,-0.758706,-2.245103,-0.754525,0.002388,0.001362
0,-4.910345,-1.289858,-2.824292,-0.489989,-2.808072,-0.445641,0.000295,0.000941
0,-4.138639,-1.457081,0.799007,-0.14502,0.789458,-0.157511,0.001872,0.001977
0,-4.044103,-1.407476,0.123873,0.047606,0.113885,0.018278,0.000222,0.001111
0,-3.011428,-1.522996,1.024028,-0.130917,0.986088,-0.090276,0.002166,0.003128
0,-2.467898,-1.584837,0.52304,-0.034574,0.56385,-0.048114,0.003834,0.003611
0,-1.73869,-1.37878,0.757734,0.181688,0.756332,0.181527,0.000926,0.000611
0,-1.393053,-0.97672,0.36531,0.412704,0.34211,0.427835,0.00086,0.001411
0,-0.651547,-0.505682,0.737589,0.478761,0.732414,0.512621,0.003554,0.001008
0,-0.131768,-0.418417,0.506559,0.106408,0.540714,0.094699,0.0023,0.000515
0,-0.058306,-0.005548,0.073679,0.425175,0.114219,0.38897,0.001018,9.7e-05
0,-0.017021,0.12956,0.018251,0.116688,-0.030404,0.098042,0.000297,0.002261
0,0.230095,0.054843,0.251277,-0.057314,0.226692,-0.083692,0.003802,0.000957
0,0.130073,0.160465,-0.084006,0.131736,-0.112006,0.092391,0.00227,0.002801
0,0.28815,0.265789,0.149384,0.118098,0.100512,0.124721,0.002789,0.003179
0,0.125989,0.220553,-0.175225,-0.021755,-0.128498,-0.05687,0.002199,0.003849
0,0.11534,0.322439,-0.025477,0.129505,-0.062038,0.136348,0.002013,0.00219
0,0.271998,0.12989,0.159627,-0.18381,0.115368,-0.181132,0.003071,0.002267
0,0.148489,0.183969,-0.106713,0.0635,-0.095146,0.049887,0.002592,0.003211
0,-0.015897,0.05682,-0.188008,-0.109676,-0.223055,-0.083897,0.000277,0.000992
0,0.194818,0.187175,0.200157,0.115389,0.193763,0.06578,0.0034,0.003267
0,0.142231,0.158126,-0.029542,-0.048673,-0.040494,-0.071536,0.002482,0.00276
0,0.109546,0.136331,-0.020384,-0.037925,0.022598,-0.078266,0.001912,0.002379
0,-0.055824,0.12311,-0.182118,-0.043116,-0.205587,-0.084138,0.000974,0.002149
0,-0.07641,0.046302,-0.00048,-0.070746,-0.045431,-0.083455,0.001334,0.000808
0,0.160947,0.107435,0.226613,0.069063,0.194532,0.02296,0.002809,0.001875
0,0.055514,0.108028,-0.105832,-0.000415,-0.0578,0.004489,0.000969,0.001885
0,0.070064,-0.044604,0.043015,-0.124987,0.084173,-0.128806,0.001223,0.000778
0,0.105358,0.032996,0.013989,0.068275,0.044898,0.058416,0.001839,0.000576
0,0.052404,0.16557,-0.045725,0.149448,-0.05659,0.18651,0.000915,0.00289
0,0.167938,-0.020402,0.123092,-0.197271,0.084623,-0.167171,0.002931,0.000356
0,0.30515,0.20919,0.132953,0.20658,0.139301,0.222491,0.002492,0.003651
0,0.291872,0.044377,-0.022998,-0.175204,-0.047956,-0.209604,0.002724,0.000775
0,0.322867,0.028219,0.04972,0.008409,0.071704,-0.012689,0.002183,0.000493
0,0.133501,0.010235,-0.172186,-0.040717,-0.193906,-0.016309,0.00233,0.000179
0,0.176104,0.072588,0.04351,0.079792,0.008161,0.073774,0.003074,0.001267
0,0.205382,0.249797,0.014332,0.177818,0.013224,0.151287,0.003585,0.003458
0,-0.022929,0.199499,-0.198768,-0.029023,-0.19901,-0.053092,0.0004,0.003482
0,0.120323,0.045337,0.163245,-0.128945,0.198883,-0.162354,0.0021,0.000791
0,0.023087,0.146255,-0.073519,0.10528,-0.032994,0.096866,0.000403,0.002553
0,-0.020149,0.121886,-0.042896,-0.049532,-0.063747,-0.063928,0.000352,0.002127
0,-0.074737,0.084232,-0.03879,-0.016152,-0.048617,-0.042138,0.001304,0.00147
0,0.073606,0.028726,0.164061,-0.082516,0.19272,-0.062245,0.001285,0.000501
0,0.003569,-0.072046,-0.077579,-0.076791,-0.048671,-0.089301,6.2e-05,0.001257
0,-0.01016,0.020907,-0.024213,0.10896,0.001352,0.080515,0.000177,0.000365
0,-0.055369,0.03522,-0.047356,-0.00313,-0.074139,0.022101,0.000966,0.000615
0,0.068396,0.059972,0.117713,0.003204,0.085275,0.042748,0.001194,0.001047
0,-0.146905,0.10803,-0.209732,0.036941,-0.217732,0.038003,0.002564,0.001885
0,-0.057487,0.076729,0.063123,-0.027299,0.107343,0.006028,0.001003,0.001339
0,-0.130703,0.021138,-0.073491,-0.061698,-0.107853,-0.069839,0.002281,0.000369
0,-0.145619,0.044617,-0.007732,0.042802,-0.018704,0.006948,0.002542,0.000779
0,0.010035,0.111909,0.146432,0.092226,0.165568,0.136823,0.000175,0.001953
0,0.092819,0.045012,0.086745,-0.059133,0.128171,-0.056293,0.00162,0.000786
0,-0.173347,-0.054843,-0.262492,-0.086779,-0.261613,-0.08135,0.003025,0.000957
0,-0.05136,0.064296,0.136135,0.132051,0.086705,0.128347,0.000896,0.001122
0,-0.091089,-0.13928,-0.047059,-0.211606,-0.034538,-0.228669,0.00159,0.002431
0,-0.196705,-0.053938,-0.135316,0.078824,-0.162882,0.119991,0.003433,0.000941
0,0.001194,0.041886,0.195925,0.117161,0.23711,0.082784,2.1e-05,0.000731
0,-0.059332,-0.08725,-0.032418,-0.134501,-0.009858,-0.182274,0.001036,0.001523
0,-0.025828,-0.000856,0.011998,0.075175,0.036173,0.114751,0.000451,1.5e-05
0,-0.024283,-0.036841,-0.018182,-0.056305,0.02056,-0.03341,0.000424,0.000643
0,0.008281,0.104622,0.009016,0.131301,0.020261,0.088418,0.000145,0.001826
0,0.102494,-0.000362,0.07731,-0.103205,0.111927,-0.118329,0.001789,6e-06
0,0.150777,-0.015447,0.040105,-0.003315,0.029328,-0.026584,0.002632,0.00027
0,0.088185,-0.155157,-0.057191,-0.137035,-0.104597,-0.088606,0.001539,0.002708
0,0.103317,-0.088483,0.017301,0.056696,0.065216,0.075468,0.001803,0.001544
0,0.132631,0.121873,0.034055,0.238964,0.044115,0.189788,0.002315,0.002127
0,-0.010187,-0.027112,-0.14475,-0.133172,-0.193234,-0.143581,0.000178,0.000473
0,-0.017032,0.05379,-0.025286,0.081232,-0.018706,0.109572,0.000297,0.000939
0,0.156572,-0.162388,0.15656,-0.222589,0.155179,-0.251154,0.002733,0.002834
0,0.096398,0.073894,-0.088149,0.245691,-0.083466,0.212012,0.001682,0.00129
0,0.236411,-0.166593,0.132258,-0.233893,0.173467,-0.223691,0.003692,0.002908
0,0.138671,0.017902,-0.075099,0.211867,-0.101231,0.226211,0.00242,0.000312
0,0.036845,-0.133753,-0.099581,-0.131408,-0.089992,-0.122329,0.000643,0.002334
0,0.211138,-0.025475,0.172541,0.111997,0.178319,0.160611,0.003685,0.000445
0,0.03982,0.08304,-0.181302,0.085581,-0.215099,0.095205,0.000695,0.001449
0,-0.036215,0.101582,-0.105671,0.009209,-0.114802,0.009183,0.000632,0.001773
0,0.039895,0.089874,0.061943,0.00502,0.039284,-0.034486,0.000696,0.001569
0,-0.101842,0.094549,-0.14079,0.004337,-0.143627,0.030554,0.001777,0.00165
0,-0.063524,-0.013283,0.025003,-0.128305,0.050406,-0.126861,0.001109,0.000232
0,0.181001,-0.058032,0.23758,-0.041262,0.268946,-0.043254,0.003159,0.001013
0,-0.072269,-0.143655,-0.273074,-0.098712,-0.225409,-0.092083,0.001261,0.002507
0,0.149575,-0.053096,0.19369,0.109512,0.145564,0.068371,0.002611,0.000927
0,0.076704,-0.025287,-0.102744,0.004174,-0.1202,0.03323,0.001339,0.000441
0,-0.116994,-0.080724,-0.209905,-0.054493,-0.217428,-0.029548,0.002042,0.001409
0,-0.108984,-0.124344,-0.007974,-0.050308,0.01916,-0.098452,0.001902,0.00217
0,0.092253,0.085619,0.218008,0.185119,0.241884,0.197305,0.00161,0.001494
0,-0.043131,0.145348,-0.107798,0.034696,-0.120023,0.076431,0.000753,0.002537
0,-0.109635,0.012456,-0.064338,-0.135167,-0.093479,-0.14495,0.001913,0.000217
0,-0.015832,-0.114607,0.121002,-0.12056,0.135055,-0.137919,0.000276,0.002
0,0.162287,-0.108287,0.152137,0.031356,0.179464,0.04928,0.002832,0.00189
0,0.084789,-0.064741,-0.049444,0.057284,-0.011764,0.03807,0.00148,0.00113
0,0.110856,0.035081,0.016189,0.103684,0.019565,0.153468,0.001935,0.000612
0,0.109201,-0.004505,0.020494,-0.060888,0.003807,-0.014837,0.001906,7.9e-05
0,-0.005504,0.089591,-0.133437,0.082944,-0.085537,0.05223,9.6e-05,0.001564
0,0.2169,0.111997,0.216849,0.040588,0.20359,0.044033,0.003786,0.001955
0,-0.034659,0.121099,-0.233722,-0.010614,-0.205533,0.017433,0.000605,0.002114
0,0.076009,-0.003011,0.082897,-0.095245,0.081103,-0.094765,0.001327,5.3e-05
0,0.048357,0.128996,0.000604,0.158344,-7e-06,0.121474,0.000844,0.002251
0,0.046109,0.157082,0.020365,0.056343,0.001857,0.081777,0.000805,0.002742
0,0.103814,0.113556,0.042827,-0.049371,0.087986,-0.04723,0.001812,0.001982
0,0.143061,0.146539,0.064194,0.021762,0.041561,0.06306,0.002497,0.002558
0,0.212041,-0.08228,0.097175,-0.207304,0.143684,-0.191458,0.003701,0.001436
0,0.245945,0.072761,0.010478,0.178278,0.054962,0.185563,0.003525,0.00127
0,-0.004243,0.177215,-0.24896,0.116946,-0.241247,0.157802,7.4e-05,0.003093
0,-0.002116,-0.032729,-0.023957,-0.209436,0.024507,-0.19271,3.7e-05,0.000571
0,0.217219,-0.127481,0.228333,-0.101634,0.195186,-0.091825,0.003791,0.002225
0,0.201697,-0.009635,-0.02883,0.138172,-0.050315,0.092982,0.00352,0.000168
0,-0.023477,-0.09772,-0.247142,-0.069305,-0.256735,-0.113094,0.00041,0.001706
0,0.012021,0.003732,0.021337,0.087209,0.005686,0.115415,0.00021,6.5e-05
0,0.073038,0.066463,0.088722,0.051793,0.099443,0.096612,0.001275,0.00116
0,0.021297,0.124328,-0.080962,0.034254,-0.047675,-0.00409,0.000372,0.00217
0,0.108111,-0.098647,0.115317,-0.223039,0.068271,-0.265968,0.001887,0.001722
0,0.009186,0.122715,-0.102602,0.243855,-0.053888,0.243892,0.00016,0.002142
0,0.110701,0.139811,0.102152,-0.003913,0.119291,0.012859,0.001932,0.00244
0,0.121678,-0.070871,0.008212,-0.236443,-0.038443,-0.224323,0.002124,0.001237
0,0.093165,0.007568,-0.025319,0.106241,-0.032038,0.109116,0.001626,0.000132
0,0.150101,0.016679,0.078229,-0.006927,0.043365,-0.054255,0.00262,0.000291
0,-0.040863,0.117624,-0.169509,0.124597,-0.192034,0.10826,0.000713,0.002053
0,0.047607,-0.064918,0.114915,-0.174906,0.141654,-0.17979,0.000831,0.001133
0,-0.086459,-0.074918,-0.128081,0.00128,-0.1671,0.006066,0.001509,0.001308
0,-0.085462,-0.086382,-0.004595,-0.035144,0.040356,-0.058285,0.001492,0.001508
0,-0.104551,0.034273,-0.022742,0.132624,-0.064679,0.101951,0.001825,0.000598
0,-0.124925,-0.076812,-0.043975,-0.081907,-0.019814,-0.043892,0.00218,0.001341
0,-0.17729,-0.120268,-0.031049,-0.065174,0.006078,-0.092334,0.003094,0.002099
0,0.076257,0.024996,0.245795,0.135366,0.26866,0.128296,0.001331,0.000436
0,0.011338,0.085851,-0.039573,0.059922,0.001553,0.075923,0.000198,0.001498
0,0.051842,-0.064443,0.024232,-0.127243,-0.001683,-0.109655,0.000905,0.001125
0,-0.044473,0.074867,-0.123842,0.135495,-0.120069,0.152928,0.000776,0.001307
0,0.047944,0.003213,0.080328,-0.057994,0.048138,-0.048385,0.000837,5.6e-05
0,0.108821,0.169726,0.052067,0.173682,0.020695,0.155644,0.001899,0.002962
0,-0.127576,0.094807,-0.246838,-0.073586,-0.285692,-0.069957,0.002227,0.001655
0,0.003078,0.212366,0.121288,0.136768,0.131613,0.102092,5.4e-05,0.003706
0,0.182612,0.155206,0.194619,-0.031254,0.194553,-0.070606,0.003187,0.002709
0,-0.13668,0.236096,-0.313772,0.054112,-0.287182,0.063578,0.002386,0.003697
0,-0.113525,0.039427,0.046657,-0.202894,0.007822,-0.21447,0.001981,0.000688
0,0.013967,0.16833,0.125065,0.113746,0.165237,0.119043,0.000244,0.002938
0,-0.200108,0.067878,-0.199367,-0.097524,-0.200503,-0.09052,0.003493,0.001185
0,-0.205125,0.192043,0.016744,0.105089,0.05963,0.1034,0.00358,0.003352
0,-0.15456,0.144301,0.049827,-0.055623,0.071395,-0.045378,0.002698,0.002519
0,-0.065525,0.131675,0.103905,0.014139,0.142289,0.012748,0.001144,0.002298
0,-0.112526,0.009329,-0.019148,-0.145485,-0.041972,-0.150582,0.001964,0.000163
0,-0.028575,0.124407,0.073799,0.114162,0.071287,0.132446,0.000499,0.002171
0,-0.111946,0.086422,-0.057901,-0.034396,-0.057576,-0.021994,0.001954,0.001508
0,-0.018347,0.281116,0.075861,0.18974,0.074762,0.174536,0.00032,0.002911
0,-0.055773,0.116245,-0.037561,-0.166739,-0.019737,-0.213162,0.000973,0.002029
0,0.131349,0.172524,0.212591,0.028664,0.204921,0.014504,0.002292,0.003011
0,0.083289,0.219012,-0.052358,0.028407,-0.053184,0.036802,0.001454,0.003822
0,0.012671,0.176234,-0.07685,-0.033152,-0.028515,-0.009116,0.000221,0.003076
0,0.003667,-0.022289,-0.032182,-0.169681,-0.051156,-0.145449,6.4e-05,0.000389
0,-0.122424,0.161917,-0.114411,0.183262,-0.139245,0.133591,0.002137,0.002826
0,0.037238,0.124476,0.177954,-0.008906,0.211812,-0.04154,0.00065,0.002173
0,-0.070956,0.104706,-0.093982,-0.03316,-0.059015,-0.072447,0.001238,0.001827
0,-0.01938,-0.044116,0.036995,-0.127094,0.01028,-0.088923,0.000338,0.00077
0,-0.169922,-0.132365,-0.142878,-0.083848,-0.153046,-0.049614,0.002966,0.00231
0,-0.127642,-0.083827,0.061837,0.048052,0.034095,0.082414,0.002228,0.001463
0,0.00143,-0.009833,0.120355,0.051765,0.143911,0.028171,2.5e-05,0.000172
0,0.081897,-0.074777,0.054271,-0.042825,0.055492,-0.069261,0.001429,0.001305
0,-0.180502,-0.012552,-0.24341,0.086507,-0.238911,0.106283,0.00315,0.000219
0,-0.138947,-0.041736,0.049374,-0.025012,0.016492,-0.0501,0.002425,0.000728
0,0.041384,-0.066779,0.196272,-0.024859,0.224835,-0.057764,0.000722,0.001166
0,-0.080157,0.061812,-0.130603,0.133617,-0.110467,0.135354,0.001399,0.001079
0,-0.253341,0.017021,-0.182031,-0.017433,-0.148324,-0.032582,0.003396,0.000297
0,-0.002221,-0.000831,0.262085,-0.04052,0.226549,-0.020228,3.9e-05,1.5e-05
0,-0.088869,0.069651,-0.108597,0.091902,-0.079465,0.075437,0.001551,0.001216
0,-0.121156,0.005282,-0.00303,-0.075874,-0.003277,-0.104956,0.002115,9.2e-05
0,0.013243,0.00205,0.143641,-0.013856,0.136167,0.028361,0.000231,3.6e-05
0,-0.016116,-0.108658,-0.005742,-0.126245,-0.000554,-0.103212,0.000281,0.001896
0,0.0764,0.02976,0.116038,0.159162,0.115683,0.150061,0.001333,0.000519
0,0.023915,-0.05648,-0.057132,-0.091109,-0.033793,-0.060894,0.000417,0.000986
0,-0.083075,-0.026806,-0.089031,0.058143,-0.110576,0.018417,0.00145,0.000468
0,0.034744,0.070816,0.110748,0.103224,0.090301,0.096645,0.000606,0.001236
0,-0.182068,-0.03587,-0.227019,-0.099316,-0.198944,-0.049353,0.003178,0.000626
0,-0.032124,-0.000297,0.153107,0.016798,0.170868,0.019185,0.000561,5e-06
0,-0.113755,0.170329,-0.10068,0.169566,-0.127919,0.181122,0.001985,0.002973
0,-0.136035,0.192585,-0.042237,0.039372,-0.023602,0.066742,0.002374,0.003361
0,0.152311,-0.060545,0.258844,-0.260945,0.228301,-0.306301,0.002658,0.001057
0,0.009391,-0.02543,-0.170932,0.024169,-0.153712,0.02316,0.000164,0.000444
0,0.083031,-0.136525,0.05683,-0.134014,0.071094,-0.170806,0.001449,0.002383
0,-0.162055,-0.023721,-0.251024,0.084951,-0.261953,0.046093,0.002828,0.000414
0,0.018025,-0.100214,0.151722,-0.047828,0.137212,-0.078372,0.000315,0.001749
0,0.122279,0.033663,0.117761,0.157703,0.091967,0.128537,0.002134,0.000588
0,0.025768,-0.037125,-0.110954,-0.078798,-0.156111,-0.089598,0.00045,0.000648
0,0.004971,0.008198,-0.020972,0.059492,-0.003794,0.066581,8.7e-05,0.000143
0,-0.102403,-0.041693,-0.116197,-0.045378,-0.091564,-0.071669,0.001787,0.000728
0,0.109677,0.102329,0.238676,0.148382,0.237877,0.16265,0.001914,0.001786
0,0.018183,0.00834,-0.118653,-0.077305,-0.078609,-0.100506,0.000317,0.000146
0,-0.060409,-0.090432,-0.088412,-0.107005,-0.051937,-0.103114,0.001054,0.001578
0,-0.060535,-0.102608,-0.008132,0.016609,0.015443,-0.012635,0.001057,0.001791
0,-0.036839,-0.054968,-0.006246,0.054447,-0.017053,0.084186,0.000643,0.000959
0,-0.205471,-0.107839,-0.18557,-0.073796,-0.192129,-0.038608,0.003586,0.001882
0,-0.189798,0.001945,0.033047,0.099222,0.056572,0.130811,0.003313,3.4e-05
0,-0.26441,-0.076062,-0.099164,-0.049009,-0.094469,-0.078662,0.003203,0.001328
0,-0.128162,-0.039771,0.10664,0.024208,0.099571,0.068921,0.002237,0.000694
0,-0.235805,-0.091646,-0.090564,-0.054027,-0.10738,-0.012665,0.003702,0.0016
0,-0.019875,-0.072663,0.236078,-0.001959,0.232891,0.032262,0.000347,0.001268
0,-0.027964,0.114245,-0.010502,0.189689,-0.052458,0.185039,0.000488,0.001994
0,-0.138743,0.022961,-0.092242,-0.089178,-0.137211,-0.053803,0.002422,0.000401
0,-0.160492,0.106583,-0.035212,0.077497,-0.082752,0.067355,0.002801,0.00186
0,0.034335,0.156927,0.20485,0.03737,0.2306,0.017003,0.000599,0.002739
0,-0.090876,0.033859,-0.126696,-0.100285,-0.172006,-0.068915,0.001586,0.000591
0,-0.08446,0.095985,-0.000182,0.036931,-0.027751,0.011581,0.001474,0.001675
0,-0.115135,-0.088741,-0.057056,-0.159597,-0.023517,-0.194778,0.002009,0.001549
0,-0.24458,0.031769,-0.154412,0.115816,-0.134766,0.11388,0.003549,0.000554
0,-0.151517,-0.063029,0.081399,-0.111331,0.063803,-0.129995,0.002644,0.0011
0,0.064838,0.146418,0.209417,0.186782,0.253713,0.13866,0.001132,0.002555
0,-0.213516,0.113144,-0.256681,-0.010459,-0.233313,0.038744,0.003727,0.001975
0,-0.014522,-0.084669,0.187814,-0.182689,0.202456,-0.178875,0.000253,0.001478
0,-0.090317,-0.050836,-0.05255,0.026768,-0.088032,0.073088,0.001576,0.000887
0,-0.139272,-0.063452,-0.058849,0.006214,-0.015178,0.035655,0.002431,0.001107
0,-0.048155,0.033671,0.074668,0.078775,0.056089,0.12139,0.00084,0.000588
0,-0.110823,0.00667,-0.036803,-0.02803,-0.058549,0.010256,0.001934,0.000116
0,0.064336,-0.132992,0.170273,-0.115476,0.126709,-0.103717,0.001123,0.002321
0,0.043176,-0.054039,-0.001706,0.098502,-0.019357,0.106126,0.000754,0.000943
0,-0.096517,-0.152019,-0.113161,-0.10509,-0.079288,-0.145581,0.001685,0.002653
0,0.015528,-0.073023,0.089218,0.049961,0.072504,0.074838,0.000271,0.001274
0,0.02097,-0.109042,-0.002952,-0.037889,-0.001203,-0.086507,0.000366,0.001903
0,0.147343,-0.072758,0.143967,0.010379,0.128192,-0.018741,0.002572,0.00127
0,-0.070522,0.06605,-0.242261,0.111787,-0.20984,0.146151,0.001231,0.001153
0,-0.063855,-0.074294,-0.021508,-0.142297,0.018742,-0.179652,0.001114,0.001297
0,-0.061347,0.002081,-0.022427,0.056906,0.017463,0.096789,0.001071,3.6e-05
0,0.077393,0.132154,0.130258,0.109,0.11075,0.100215,0.001351,0.002307
0,-0.062508,-0.016748,-0.114189,-0.133926,-0.147728,-0.098285,0.001091,0.000292
0,0.084676,-0.094638,0.153944,-0.053787,0.121347,-0.058816,0.001478,0.001652
0,-0.083627,0.157136,-0.18662,0.235291,-0.186383,0.253778,0.00146,0.002743
0,0.08318,-0.004739,0.15069,-0.132596,0.123809,-0.17301,0.001452,8.3e-05
0,0.049937,-0.068253,-0.019677,-0.053099,-0.056413,-0.07223,0.000872,0.001191
0,-0.148144,0.108512,-0.189508,0.193958,-0.156168,0.224699,0.002586,0.001894
0,-0.126835,0.120315,0.039898,-0.005812,0.014417,-0.013112,0.002214,0.0021
0,0.052538,0.001989,0.18555,-0.106871,0.149509,-0.069878,0.000917,3.5e-05
0,0.145164,0.00378,0.104573,-0.024091,0.136169,0.019873,0.002534,6.6e-05
0,-1.686674,-0.523639,-1.854824,-0.544555,-1.890185,-0.565515,0.001833,0.001321
0,-0.010548,-1.57715,1.647918,-1.039738,1.666517,-1.048088,0.000184,0.003745
0,1.527485,-2.381807,1.523875,-0.785779,1.53218,-0.784669,0.003206,0.002481
0,2.492509,-2.614538,0.938382,-0.215211,0.935547,-0.232871,0.003405,0.001275
0,2.488931,-2.701519,-0.00801,-0.116894,-0.026833,-0.080044,0.003467,0.000243
0,2.63539,-2.139254,0.170756,0.554089,0.183605,0.533613,0.000911,0.001752
0,2.290128,-1.775615,-0.350578,0.348094,-0.311862,0.371595,0.000881,0.000281
0,2.240472,-1.336516,-0.055341,0.432733,-0.072784,0.464138,1.4e-05,0.000127
0,1.593267,-1.058906,-0.656817,0.305814,-0.659706,0.256493,0.003464,0.002846
0,1.16016,-0.458239,-0.43603,0.624097,-0.467302,0.645566,0.003205,0.00018
0,1.09606,-0.000157,-0.057613,0.450289,-0.059874,0.492339,0.003494,3e-06
0,0.489599,0.100848,-0.597137,0.076832,-0.552813,0.059802,0.000727,0.00176
0,0.18683,0.161327,-0.317313,0.0703,-0.350171,0.05958,0.003261,0.002816
0,0.026602,0.379769,-0.177099,0.246415,-0.171608,0.295873,0.000464,0.00119
0,-0.164138,0.222466,-0.201243,-0.172192,-0.186934,-0.133667,0.002865,0.003883
0,-0.256882,0.323466,-0.078136,0.073783,-0.096341,0.04102,0.003334,0.002172
0,-0.31487,0.298886,-0.0658,-0.009004,-0.109372,-0.054819,0.002322,0.002601
0,-0.151444,0.150568,0.188613,-0.156544,0.157535,-0.143764,0.002643,0.002628
0,-0.066669,0.244362,0.073664,0.079373,0.025777,0.122975,0.001164,0.003553
0,-0.04526,0.167736,0.032961,-0.103403,0.051837,-0.125337,0.00079,0.002928
0,-0.031776,0.043895,0.020029,-0.130316,0.036067,-0.134258,0.000555,0.000766
0,-0.026218,0.13654,-0.008966,0.069996,0.011076,0.11259,0.000458,0.002383
0,0.055886,-0.135638,0.104516,-0.291249,0.143823,-0.3322,0.000975,0.002367
0,0.022186,0.082396,-0.004421,0.220422,0.022882,0.17853,0.000387,0.001438
0,-0.029829,-0.08817,-0.031691,-0.163251,-0.007425,-0.189834,0.000521,0.001539
0,-0.182411,-0.05975,-0.132616,0.005843,-0.124721,0.039257,0.003184,0.001043
0,-0.240481,-0.034368,-0.036588,0.054914,-0.069859,0.007206,0.003621,0.0006
0,0.082265,0.088805,0.31612,0.121186,0.344633,0.073173,0.001436,0.00155
0,-0.094302,-0.094718,-0.177415,-0.174066,-0.146719,-0.135854,0.001646,0.001653
0,-0.120089,-0.007066,-0.006401,0.089557,0.0422,0.072363,0.002096,0.000123
0,-0.143494,0.014447,-0.040915,0.01831,-0.002401,0.06103,0.002504,0.000252
0,-0.06161,-0.021372,0.065897,-0.030596,0.100452,-0.067868,0.001075,0.000373
0,-0.142357,0.056119,-0.094409,0.079979,-0.095033,0.12967,0.002485,0.000979
0,-0.257366,-0.191053,-0.095763,-0.274894,-0.107441,-0.265529,0.003326,0.003335
0,-0.241077,-0.09175,0.020784,0.114241,0.043415,0.072716,0.00361,0.001601
0,-0.147196,-0.128294,0.114756,-0.057611,0.153456,-0.022959,0.002569,0.002239
0,-0.093835,0.04629,0.044014,0.189431,0.015065,0.17107,0.001638,0.000808
0,0.043138,0.047237,0.16158,-0.002695,0.184083,-0.006539,0.000753,0.000824
0,-0.138753,0.030425,-0.194922,-0.030149,-0.163532,-0.061198,0.002422,0.000531
0,-0.143064,-0.022983,0.011592,-0.044456,-0.012832,-0.034486,0.002497,0.000401
0,0.077353,-0.111913,0.211707,-0.088931,0.259481,-0.06287,0.00135,0.001953
0,-0.184048,-0.169484,-0.288278,-0.042337,-0.297877,-0.012538,0.003212,0.002958
0,-0.099364,-0.196108,0.081083,-0.032009,0.080661,-0.053427,0.001734,0.003423
0,0.051988,0.009901,0.147281,0.223118,0.182745,0.228077,0.000907,0.000173
0,-0.641582,-1.53366,-0.7002,-1.554076,-0.719517,-1.531599,0.00338,0.003314
0,-1.443463,-1.574401,-0.788761,-0.012822,-0.823457,-0.027839,0.00174,0.003793
0,-1.579511,-1.734515,-0.109235,-0.14554,-0.062517,-0.141484,0.003704,0.000999
0,-0.700677,0.029291,0.852997,1.739533,0.882593,1.696088,0.003407,0.000511
0,-0.165122,0.324748,0.56366,0.284082,0.584388,0.251434,0.002882,0.00215
0,0.304346,0.795273,0.44805,0.476072,0.402795,0.455522,0.002506,0.001756
0,0.487034,1.072412,0.180161,0.256868,0.184486,0.214767,0.000682,0.003081
0,0.42295,1.075885,-0.041762,0.009959,-0.019828,-0.03096,0.000436,0.003142
0,0.534501,0.847257,0.101445,-0.248819,0.07568,-0.238895,0.001511,0.000848
0,0.731206,1.009328,0.214835,0.15202,0.256311,0.179526,0.002874,0.00198
0,0.779675,0.547652,0.049465,-0.465921,0.038041,-0.500796,0.002028,0.00174
0,0.651923,0.709817,-0.148755,0.182331,-0.126118,0.160064,0.00356,0.003247
0,0.418081,0.535236,-0.205884,-0.165544,-0.190537,-0.12856,0.000521,0.001524
0,0.368184,0.527087,-0.024175,-0.036897,0.0196,-0.018656,0.001392,0.001382
0,0.344498,0.384048,-0.051598,-0.125771,-0.035887,-0.153296,0.001805,0.001115
0,0.149091,0.503294,-0.198446,0.124622,-0.221929,0.162068,0.002602,0.000966
0,0.279412,0.333775,0.122812,-0.184485,0.089111,-0.149835,0.002941,0.001992
0,0.165271,0.46304,-0.130123,0.149415,-0.107413,0.186369,0.002885,0.000264
0,0.196736,0.227649,0.054842,-0.230372,0.022704,-0.188886,0.003434,0.003845
0,0.103324,0.239119,-0.092001,-0.001366,-0.042615,-0.033296,0.001803,0.003644
0,0.162571,0.190119,0.054596,-0.033463,0.065807,-0.017554,0.002837,0.003318
0,0.116643,0.335517,-0.022319,0.130356,0.009843,0.171416,0.002036,0.001962
0,0.301189,0.321848,0.2001,-0.035618,0.21084,-0.031706,0.002561,0.002201
0,0.07707,0.329948,-0.249613,0.023914,-0.236352,0.037272,0.001345,0.002059
0,0.016232,0.183153,-0.072723,-0.169846,-0.02733,-0.125772,0.000283,0.003197
0,0.154761,0.146079,0.136785,-0.028138,0.170888,-0.001566,0.002701,0.00255
0,-0.080038,0.173122,-0.215666,0.02516,-0.173358,0.017349,0.001397,0.003022
0,0.078722,0.038154,0.149653,-0.107429,0.180955,-0.144162,0.001374,0.000666
0,0.157317,0.054173,0.085698,0.009923,0.066944,0.029634,0.002746,0.000945
0,0.049742,0.28502,-0.100218,0.236526,-0.078606,0.222617,0.000868,0.002843
0,-0.075184,0.260132,-0.152153,-0.049753,-0.181069,-0.009212,0.001312,0.003278
0,-0.028363,0.173045,0.062108,-0.078213,0.051881,-0.104869,0.000495,0.00302
0,0.161321,0.251599,0.168888,0.056323,0.169622,0.089998,0.002816,0.003427
0,-0.044968,0.175074,-0.209467,-0.102268,-0.168189,-0.06615,0.000785,0.003056
0,0.084474,0.243887,0.149654,0.095148,0.11312,0.056039,0.001474,0.003561
0,0.060772,0.334492,-0.029329,0.087046,-0.036776,0.091459,0.001061,0.00198
0,-0.013607,0.151717,-0.081523,-0.16803,-0.120777,-0.128504,0.000237,0.002648
0,0.088619,0.154367,0.107284,-0.017031,0.141949,-0.03169,0.001547,0.002694
0,-0.048111,0.158046,-0.130051,0.022373,-0.108754,0.021562,0.00084,0.002758
0,-0.031121,0.085398,0.030883,-0.075138,-0.016357,-0.042028,0.000543,0.00149
0,0.129272,0.135856,0.157945,0.059956,0.198415,0.015081,0.002256,0.002371
0,0.050585,0.000749,-0.091746,-0.138104,-0.081014,-0.171826,0.000883,1.3e-05
0,-0.104842,0.09424,-0.135638,0.076524,-0.148344,0.026845,0.00183,0.001645
0,0.122424,0.131449,0.210966,0.061432,0.185582,0.085086,0.002137,0.002294
0,0.049864,0.226858,-0.068363,0.071594,-0.109063,0.059184,0.00087,0.003858
0,-0.207505,0.04036,-0.264158,-0.202407,-0.25074,-0.210301,0.003622,0.000704
0,-0.040621,0.088322,0.154628,0.054188,0.111048,0.030197,0.000709,0.001542
0,0.020439,-0.006529,0.086864,-0.12032,0.106142,-0.084282,0.000357,0.000114
0,0.098408,0.147004,0.066669,0.153659,0.096891,0.190066,0.001718,0.002566
0,-0.041811,0.06525,-0.12808,-0.111373,-0.167299,-0.106454,0.00073,0.001139
0,-0.140835,0.100951,-0.069852,0.037117,-0.039016,0.014951,0.002458,0.001762
0,0.025383,0.110059,0.147844,0.03892,0.175021,0.008454,0.000443,0.001921
0,-0.114622,-0.052553,-0.118054,-0.132665,-0.161109,-0.132344,0.002001,0.000917
0,0.097161,-0.029037,0.225714,0.040355,0.203523,0.035996,0.001696,0.000507
0,-0.125986,0.046193,-0.214234,0.091853,-0.217523,0.051606,0.002199,0.000806
0,-0.060448,0.178444,0.070696,0.1545,0.096643,0.197419,0.001055,0.003114
0,-0.1276,0.058266,-0.092466,-0.105365,-0.122228,-0.152168,0.002227,0.001017
0,-0.053347,0.135822,0.103258,0.08294,0.082428,0.110177,0.000931,0.002371
0,-0.049655,-0.036742,-0.020289,-0.154223,0.002439,-0.124491,0.000867,0.000641
0,0.125685,0.133061,0.18057,0.166183,0.168191,0.174295,0.002194,0.002322
0,-0.08933,-0.036674,-0.19869,-0.196596,-0.173387,-0.232317,0.001559,0.00064
0,0.022151,0.10457,0.130534,0.152851,0.090206,0.103662,0.000387,0.001825
0,-0.16984,0.057609,-0.221289,-0.037354,-0.178412,-0.021383,0.002964,0.001005
0,-0.230972,0.017464,-0.054707,-0.065478,-0.077723,-0.081214,0.003787,0.000305
0,-0.23056,0.08213,0.008722,0.047506,-0.028045,0.038059,0.003794,0.001433
0,-0.072177,-0.004929,0.17365,-0.104307,0.127381,-0.117115,0.00126,8.6e-05
0,-0.29153,0.181813,-0.193295,0.170754,-0.218513,0.161456,0.00273,0.003173
0,-0.250284,-0.095427,0.028906,-0.271304,0.027505,-0.287062,0.00345,0.001666
0,-0.018376,-0.071947,0.242154,0.028921,0.20888,-0.005465,0.000321,0.001256
0,-0.136757,0.090323,-0.112623,0.15212,-0.109723,0.125847,0.002387,0.001576
0,-0.086894,-0.082465,0.04118,-0.195493,-0.001387,-0.187266,0.001517,0.001439
0,-0.116983,0.099991,-0.013828,0.158802,0.00085,0.186278,0.002042,0.001745
0,-0.082394,0.121544,0.035955,0.045827,0.041733,0.021174,0.001438,0.002121
0,0.047181,-0.104213,0.099876,-0.233225,0.057324,-0.213752,0.000823,0.001819
0,-0.04632,-0.146967,-0.088286,-0.046969,-0.081703,-0.055035,0.000808,0.002565
0,-0.018574,-0.099524,0.021588,0.031957,0.015588,0.0507,0.000324,0.001737
0,0.117011,-0.150775,0.15237,-0.042979,0.173387,-0.001735,0.002042,0.002632
0,-0.013081,-0.097419,-0.127463,0.045265,-0.102421,0.049774,0.000228,0.0017
0,-0.053875,0.039301,-0.028425,0.141501,-0.041797,0.149686,0.00094,0.000686
0,0.052082,-0.083606,0.087464,-0.135858,0.058298,-0.163372,0.000909,0.001459
0,-0.074373,0.07788,-0.149031,0.184303,-0.141929,0.135517,0.001298,0.001359
0,-0.064148,-0.081498,-0.017758,-0.168874,0.006128,-0.166168,0.00112,0.001422
0,-0.084976,-0.083025,0.00017,-0.010263,0.034641,-0.010634,0.001483,0.001449
0,0.101464,-0.066883,0.176956,0.032979,0.211728,0.03505,0.001771,0.001167
0,0.042794,-0.055603,-0.071951,0.00549,-0.047078,0.017714,0.000747,0.00097
0,-0.054264,0.002194,-0.122387,0.073134,-0.104006,0.040063,0.000947,3.8e-05
0,-0.053173,0.055915,-0.024904,0.053851,-0.056404,0.050535,0.000928,0.000976
0,0.138739,-0.146943,0.200769,-0.181015,0.18521,-0.196231,0.002421,0.002565
0,-0.116255,0.008934,-0.238201,0.129936,-0.210937,0.131557,0.002029,0.000156
0,0.062346,-0.148672,0.187141,-0.140067,0.137555,-0.160507,0.001088,0.002595
0,-0.020752,0.049913,-0.072281,0.201554,-0.052353,0.178791,0.000362,0.000871
0,-0.077824,0.08923,-0.054847,0.037836,-0.095041,0.078926,0.001358,0.001557
0,0.068669,-0.054193,0.126444,-0.122779,0.121394,-0.111963,0.001199,0.000946
0,-0.058506,-0.028582,-0.101185,0.002888,-0.131823,0.00316,0.001021,0.000499
0,-0.001683,-0.058452,0.048562,-0.009833,0.070177,-0.011267,2.9e-05,0.00102
0,0.057002,0.112152,0.087989,0.184769,0.120431,0.185317,0.000995,0.001957
0,-0.029915,0.038694,-0.075989,-0.046512,-0.091488,-0.068906,0.000522,0.000675
0,0.070243,-0.090814,0.127376,-0.105171,0.157697,-0.138878,0.001226,0.001585
0,-0.044999,0.102082,-0.097079,0.222466,-0.114125,0.259854,0.000785,0.001782
0,0.083382,0.037548,0.111982,-0.062324,0.099721,-0.019034,0.001455,0.000655
0,-0.044478,0.025031,-0.139802,-0.038689,-0.111254,-0.024156,0.000776,0.000437
0,0.194627,-0.17494,0.212277,-0.210794,0.210187,-0.165643,0.003397,0.003053
0,0.185784,-0.076618,0.016902,0.078869,0.016684,0.030513,0.003243,0.001337
0,0.005688,0.047036,-0.192306,0.114497,-0.215049,0.120952,9.9e-05,0.000821
0,-0.021784,-0.077078,-0.019601,-0.119309,-0.008957,-0.094486,0.00038,0.001345
0,-0.087473,-0.042387,-0.088431,0.059269,-0.056226,0.093795,0.001527,0.00074
0,-0.165341,0.012984,-0.060945,0.051768,-0.083946,0.057525,0.002886,0.000227
0,-0.033609,0.012652,0.119435,0.026887,0.111718,0.067828,0.000587,0.000221
0,0.039893,-0.021167,0.066,-0.040894,0.025084,-0.057257,0.000696,0.000369
0,-0.160533,-0.238156,-0.18058,-0.208457,-0.174006,-0.219241,0.002802,0.003661
0,0.080076,-0.064295,0.240497,0.18436,0.242209,0.195746,0.001398,0.001122
0,0.033547,-0.029045,-0.029002,0.019676,-0.074522,0.050947,0.000586,0.000507
0,-0.088265,0.033535,-0.105903,0.085912,-0.078311,0.117435,0.001541,0.000585
0,0.065736,-0.033182,0.181828,-0.042319,0.184692,0.006044,0.001147,0.000579
0,0.081242,0.006142,0.03836,0.059988,-0.001066,0.051092,0.001418,0.000107
0,-0.08765,-0.024073,-0.182273,-0.005122,-0.188588,0.000727,0.00153,0.00042
0,-0.069188,-0.083936,-0.008791,-0.07555,-0.012595,-0.075588,0.001208,0.001465
0,-0.189401,0.02238,-0.112736,0.102049,-0.064515,0.083185,0.003306,0.000391
0,0.064745,0.054049,0.235947,0.036682,0.254343,0.017685,0.00113,0.000943
0,-0.000285,0.069658,-0.048223,-0.010449,-0.027318,0.013884,5e-06,0.001216
0,-0.154115,-0.078427,-0.179505,-0.155574,-0.130083,-0.167565,0.00269,0.001369
0,-0.121822,-0.173632,0.032161,-0.11717,0.018163,-0.137925,0.002126,0.00303
0,-0.207028,-0.026767,-0.113406,0.148596,-0.151345,0.113198,0.003613,0.000467
0,-0.16046,0.013509,0.074616,0.044908,0.029857,0.083988,0.002801,0.000236
0,-0.158615,-0.153675,0.009632,-0.154342,0.032851,-0.194064,0.002768,0.002682
0,-0.144358,0.078441,0.036221,0.232525,0.04512,0.219586,0.00252,0.001369
0,-0.149304,-0.102253,-0.024765,-0.18594,-0.050393,-0.181042,0.002606,0.001785
0,0.10825,-0.140409,0.235739,-0.067127,0.279281,-0.107591,0.001889,0.002451
0,-0.132142,-0.022761,-0.239104,0.113654,-0.21638,0.161464,0.002306,0.000397
0,-0.110537,0.067523,-0.007998,0.070555,0.00208,0.03202,0.001929,0.001179
0,-0.047069,0.011575,0.0859,-0.044793,0.128053,-0.080928,0.000822,0.000202
0,0.086111,-0.033443,0.116943,-0.029103,0.094151,-0.009865,0.001503,0.000584
0,-0.133799,0.033324,-0.218024,0.076678,-0.169401,0.031501,0.002335,0.000582
0,-0.134551,-0.039877,-0.01684,-0.063777,-0.037094,-0.101441,0.002348,0.000696
0,0.038384,-0.015375,0.185368,0.045848,0.157962,0.040818,0.00067,0.000268
0,0.041313,0.063551,0.017426,0.103935,0.042769,0.123157,0.000721,0.001109
0,-0.044362,-0.004448,-0.077006,-0.038629,-0.036293,-0.084112,0.000774,7.8e-05
0,0.014611,-0.100948,0.043583,-0.085396,0.093395,-0.072331,0.000255,0.001762
0,0.055186,-0.000932,0.051441,0.105419,0.064349,0.1529,0.000963,1.6e-05
0,0.039057,0.085787,-0.036916,0.073618,-0.046422,0.106248,0.000682,0.001497
0,0.094515,0.010572,0.052598,-0.081968,0.054017,-0.078905,0.00165,0.000185
0,-0.038405,0.1285,-0.141965,0.127622,-0.126283,0.114293,0.00067,0.002243
0,-0.074396,-0.016366,-0.022248,-0.144992,-0.016664,-0.169388,0.001298,0.000286
0,0.067273,0.040109,0.166017,0.075539,0.203488,0.03982,0.001174,0.0007
0,0.075758,0.170271,0.009243,0.149545,-0.018835,0.139239,0.001322,0.002972
0,-0.06716,-0.044925,-0.116366,-0.232573,-0.113301,-0.185163,0.001172,0.000784
0,-0.027326,-0.006884,0.012449,0.053078,0.040458,0.084493,0.000477,0.00012
0,0.038057,-0.068547,0.077557,-0.057974,0.029886,-0.054276,0.000664,0.001196
0,0.090724,0.076241,0.069236,0.144579,0.078954,0.17595,0.001583,0.001331
0,0.011953,0.106238,-0.073634,0.029876,-0.064764,0.027572,0.000209,0.001854
0,0.051479,-0.114276,0.068216,-0.235394,0.044093,-0.197941,0.000898,0.001994
0,0.006442,0.157565,-0.045034,0.246404,-0.016338,0.229493,0.000112,0.00275
0,0.13909,0.135909,0.161723,-0.039096,0.183804,-0.023463,0.002428,0.002372
0,0.001363,0.173906,-0.149588,0.047908,-0.122256,0.00027,2.4e-05,0.003035
0,0.143805,-0.074491,0.12919,-0.270599,0.112861,-0.316095,0.00251,0.0013
0,-0.124379,0.171034,-0.268674,0.249349,-0.278585,0.214973,0.002171,0.002985
0,0.094573,0.108423,0.189686,-0.051851,0.17468,-0.040322,0.001651,0.001892
0,-0.163884,0.005348,-0.234744,-0.091785,-0.195238,-0.061659,0.00286,9.3e-05
0,-0.14734,-0.087728,0.016063,-0.107824,0.029818,-0.103398,0.002572,0.001531
0,0.06236,0.175857,0.232965,0.239227,0.258116,0.264479,0.001088,0.003069
0,-0.083838,0.090413,-0.15362,-0.087827,-0.193883,-0.127977,0.001463,0.001578
0,0.059926,0.091615,0.141999,-0.025737,0.189427,-0.019213,0.001046,0.001599
0,-0.061941,0.021425,-0.110058,-0.091818,-0.147861,-0.077255,0.001081,0.000374
0,0.063988,0.114746,0.123274,0.104401,0.137261,0.140858,0.001117,0.002003
0,-0.200664,-0.042001,-0.260586,-0.183202,-0.308193,-0.144776,0.003502,0.000733
0,-0.117979,-0.073587,0.09459,-0.044529,0.140619,-0.028674,0.002059,0.001284
0,0.611909,-0.146117,0.713848,-0.055636,0.745003,-0.062423,0.002862,0.00255
0,1.809665,-0.526481,1.209797,-0.390126,1.203958,-0.392701,0.000313,0.001371
0,1.786751,-0.535678,-0.015237,0.013333,-0.037664,-0.006554,8.7e-05,0.001531
0,1.854225,-0.695937,0.054712,-0.135984,0.103898,-0.114369,0.001091,0.003489
0,1.668551,-1.082762,-0.205544,-0.388604,-0.253946,-0.342887,0.00215,0.003262
0,0.970677,-0.952692,-0.693083,0.100937,-0.653526,0.134147,0.001306,0.000992
0,0.682134,-0.814534,-0.304586,0.165467,-0.324224,0.144504,0.00373,0.001419
0,0.651708,-0.524664,-0.05912,0.274412,-0.035717,0.254238,0.003557,0.001339
0,0.401151,-0.536847,-0.251238,-0.013833,-0.228221,-0.012472,0.000816,0.001552
0,0.054158,-0.40493,-0.371383,0.11639,-0.352432,0.07145,0.000945,0.000751
0,0.042539,-0.041803,0.007783,0.360213,-0.016582,0.373576,0.000742,0.00073
0,0.046362,-0.143822,-0.001064,-0.098604,-0.006474,-0.139908,0.000809,0.00251
0,-0.160106,0.167106,-0.213265,0.302152,-0.170749,0.280353,0.002794,0.002917
0,-0.110547,0.026133,0.069661,-0.149288,0.050218,-0.170779,0.001929,0.000456
0,-0.14109,0.04708,-0.055389,0.001924,-0.061528,-0.032928,0.002462,0.000822
0,-0.080702,0.191005,0.067352,0.144303,0.073861,0.126717,0.001409,0.003334
0,-0.186504,-0.002938,-0.127039,-0.196717,-0.162005,-0.190233,0.003255,5.1e-05
0,-0.13878,-0.039749,0.064433,-0.034935,0.052326,-0.046113,0.002422,0.000694
0,-0.369061,0.060926,-0.24745,0.100737,-0.256674,0.086902,0.001377,0.001063
0,-0.229208,0.254595,0.169414,0.209661,0.129139,0.23397,0.003817,0.003374
0,-0.018622,-0.026409,0.191676,-0.254052,0.165497,-0.301735,0.000325,0.000461
0,0.010271,0.152197,0.015492,0.206881,0.048488,0.208235,0.000179,0.002656
0,-0.083837,-0.093846,-0.068119,-0.268598,-0.112056,-0.317322,0.001463,0.001638
0,0.045665,-0.106965,0.113788,-0.020236,0.071573,-0.057347,0.000797,0.001867
0,-0.015385,0.093787,-0.072093,0.182961,-0.110202,0.231798,0.000269,0.001637
0,-0.00637,0.01886,0.034826,-0.047363,0.077199,-0.05084,0.000111,0.000329
0,0.130543,0.127616,0.12211,0.110061,0.138872,0.144309,0.002278,0.002227
0,0.106257,0.033618,-0.034691,-0.06983,-0.018848,-0.101381,0.001855,0.000587
0,0.042977,0.108484,-0.074687,0.088927,-0.071753,0.044715,0.00075,0.001893
0,0.081028,0.03508,0.021358,-0.057156,0.007352,-0.019522,0.001414,0.000612
0,0.114725,0.116038,0.027172,0.108586,0.015665,0.155025,0.002002,0.002025
0,0.133946,-0.012287,0.01672,-0.099934,-0.027348,-0.054601,0.002338,0.000214
0,0.112225,0.099671,-0.012935,0.105488,-0.023983,0.134127,0.001959,0.00174
0,-0.002025,-0.092095,-0.125212,-0.212901,-0.094552,-0.166944,3.5e-05,0.001607
0,-0.138328,0.022936,-0.139833,0.139979,-0.149505,0.189536,0.002414,0.0004
0,0.077517,0.044152,0.236069,0.014117,0.213477,-0.000673,0.001353,0.000771
0,-0.10443,-0.1272,-0.164534,-0.168569,-0.131795,-0.188921,0.001823,0.00222
0,0.090192,0.066628,0.204606,0.180125,0.16709,0.1969,0.001574,0.001163
0,-0.031063,0.104807,-0.124003,0.047353,-0.085946,0.056416,0.000542,0.001829
0,0.1113,-0.115746,0.162539,-0.246511,0.121326,-0.266856,0.001943,0.00202
0,0.06063,-0.081623,-0.079174,0.053951,-0.058868,0.066466,0.001058,0.001425
0,0.028432,-0.149076,-0.062173,-0.038568,-0.080688,-0.036838,0.000496,0.002602
0,0.100769,-0.029717,0.065182,0.117549,0.102923,0.119604,0.001759,0.000519
0,-0.065032,0.006809,-0.147087,0.010929,-0.127413,-0.033671,0.001135,0.000119
0,-0.067847,0.015595,-0.012466,0.031543,0.032614,-0.001632,0.001184,0.000272
0,0.066575,-0.014868,0.143625,-0.026072,0.141474,-0.073406,0.001162,0.000259
0,-0.010251,-0.124655,-0.094294,-0.129838,-0.133162,-0.089565,0.000179,0.002176
0,0.087641,0.090817,0.088072,0.219651,0.05131,0.253652,0.00153,0.001585
0,0.122103,-0.06584,0.014738,-0.141578,0.04752,-0.107713,0.002131,0.001149
0,0.021728,0.039278,-0.086212,0.08572,-0.054572,0.13531,0.000379,0.000686
0,0.050103,0.146487,0.006485,0.096075,-0.040256,0.081529,0.000874,0.002557
0,0.196861,-0.085822,0.164442,-0.209302,0.188952,-0.255127,0.003436,0.001498
0,0.141904,-0.041571,-0.050432,0.040731,-0.027803,-0.007736,0.002477,0.000726
0,0.108192,-0.127975,-0.041335,-0.094782,-0.041953,-0.079115,0.001888,0.002234
0,0.170579,0.133311,0.035492,0.284573,0.080702,0.252028,0.002977,0.002327
0,0.234887,-0.120409,0.040779,-0.262733,0.038293,-0.285726,0.003718,0.002102
0,0.039751,-0.092612,-0.17541,0.001594,-0.19705,0.034164,0.000694,0.001616
0,0.062467,0.070476,0.030771,0.145905,0.026808,0.138815,0.00109,0.00123
0,0.165304,0.067658,0.075492,-0.013395,0.04874,-0.022196,0.002885,0.001181
0,0.160055,-0.131908,-0.022925,-0.207774,0.01628,-0.174821,0.002793,0.002302
0,0.16423,-0.110334,-0.024248,0.000986,0.001598,0.00966,0.002866,0.001926
0,0.071751,0.140027,-0.080345,0.22686,-0.107574,0.226082,0.001252,0.002444
0,0.203366,-0.062332,0.15933,-0.203764,0.196213,-0.18588,0.003549,0.001088
0,0.243455,0.006996,0.016629,0.053849,0.015779,0.018861,0.003569,0.000122
0,0.345909,0.128681,0.112825,0.107022,0.092452,0.115059,0.001781,0.002246
0,-0.003309,-0.106691,-0.348787,-0.234104,-0.369249,-0.274788,5.8e-05,0.001862
0,0.008039,-0.08982,0.014059,0.036213,0.063545,0.005223,0.00014,0.001568
0,0.191104,0.031906,0.199244,0.109082,0.2476,0.098628,0.003335,0.000557
0,0.122933,0.085898,-0.060172,0.046669,-0.067946,0.076649,0.002146,0.001499
0,0.008385,0.065282,-0.127944,-0.006987,-0.136336,0.029429,0.000146,0.001139
0,0.298393,-0.101135,0.27998,-0.148566,0.270182,-0.152368,0.00261,0.001765
0,0.025729,-0.124271,-0.288628,-0.041316,-0.240916,-0.009585,0.000449,0.002169
0,0.173549,0.020104,0.128379,0.137335,0.170074,0.146454,0.003029,0.000351
0,0.141981,0.085073,-0.026951,0.087508,-0.072622,0.129686,0.002478,0.001485
0,0.232562,-0.064857,0.094844,-0.144509,0.068407,-0.147299,0.003759,0.001132
0,0.175313,-0.117207,-0.03049,-0.081192,-0.039265,-0.112862,0.00306,0.002046
0,-0.051033,-0.042716,-0.243305,0.073317,-0.23455,0.084481,0.000891,0.000746
0,0.221086,0.079665,0.270108,0.146647,0.247961,0.157718,0.003859,0.00139
0,-0.029686,0.125632,-0.221839,0.051274,-0.199037,0.092073,0.000518,0.002193
0,0.091215,-0.098868,0.106545,-0.232789,0.103094,-0.201405,0.001592,0.001726
0,0.097434,-0.098801,-0.016785,0.021415,-0.030237,0.024713,0.001701,0.001724
0,0.031398,0.125184,-0.094033,0.249283,-0.069594,0.214385,0.000548,0.002185
0,-0.075383,0.134968,-0.129253,0.027558,-0.162914,0.033862,0.001316,0.002356
0,0.136861,0.101886,0.216697,-0.011158,0.187376,0.027997,0.002389,0.001778
0,0.060438,0.195275,-0.08229,0.074763,-0.041156,0.044704,0.001055,0.003408
0,0.044662,-0.047112,-0.022158,-0.231215,-0.067454,-0.216483,0.00078,0.000822
0,0.071403,0.201506,0.021428,0.220609,0.035414,0.268902,0.001246,0.003517
0,0.20915,0.07111,0.112773,-0.159376,0.093753,-0.167736,0.00365,0.001241
0,0.10904,0.029424,-0.075035,-0.021053,-0.115949,-0.021324,0.001903,0.000514
0,0.145098,-0.018406,0.041845,-0.018643,0.07363,-0.021554,0.002532,0.000321
0,0.215071,0.092606,0.096968,0.136004,0.098499,0.126578,0.003754,0.001616
0,0.231514,0.112969,0.003925,0.023995,-0.00636,0.017169,0.003777,0.001972
0,0.037058,-0.004891,-0.202121,-0.128139,-0.175384,-0.178136,0.000647,8.5e-05
0,0.000587,0.116134,-0.058253,0.146213,-0.011626,0.116307,1e-05,0.002027
0,0.159197,-0.078127,0.143412,-0.195069,0.155601,-0.20367,0.002779,0.001364
0,-0.099631,0.174711,-0.288406,0.276588,-0.332236,0.288736,0.001739,0.003049
0,-0.052266,0.022946,0.017827,-0.159941,0.051623,-0.178479,0.000912,0.0004
0,-0.013328,0.05252,0.028189,0.019445,0.018786,-0.005367,0.000233,0.000917
0,0.170282,0.227196,0.192945,0.155583,0.230695,0.170054,0.002972,0.003853
0,-0.012029,0.0886,-0.200393,-0.123554,-0.227114,-0.112256,0.00021,0.001546
0,0.079829,0.13447,0.101711,0.018342,0.14941,0.035136,0.001393,0.002347
0,0.069743,0.188872,-0.004859,0.033407,0.043552,0.0705,0.001217,0.003296
0,0.135133,-0.020248,0.07026,-0.236789,0.111124,-0.260103,0.002359,0.000353
0,0.131405,-0.021893,0.02525,0.021189,0.044939,0.015926,0.002293,0.000382
0,0.137419,-0.015772,-0.008887,-0.018217,0.021563,0.019735,0.002398,0.000275
0,-0.129087,0.012271,-0.287089,0.001954,-0.266004,0.010862,0.002253,0.000214
0,-0.008,0.14427,0.120458,0.135531,0.126575,0.153188,0.00014,0.002518
0,-0.098025,0.080602,-0.078903,-0.091898,-0.08744,-0.102226,0.001711,0.001407
0,-0.001559,0.062755,0.089294,-0.028582,0.10453,-0.004948,2.7e-05,0.001095
0,0.084091,-0.018414,0.067809,-0.064579,0.077377,-0.026224,0.001468,0.000321
0,-0.140524,0.078747,-0.20679,0.077712,-0.161334,0.086423,0.002453,0.001374
0,-0.160705,-0.10677,-0.020444,-0.159817,-0.047256,-0.165776,0.002805,0.001863
0,0.075211,0.061123,0.259418,0.188352,0.27571,0.200994,0.001313,0.001067
0,0.014387,0.150015,-0.060512,0.077452,-0.100255,0.098597,0.000251,0.002618
0,-0.087995,0.119836,-0.08178,-0.027314,-0.048161,-0.008659,0.001536,0.002092
0,-0.195992,-0.002303,-0.094258,-0.116025,-0.107818,-0.144646,0.003421,4e-05
0,-0.202003,0.00189,-0.032239,-0.016438,-0.053108,0.010431,0.003526,3.3e-05
0,-0.0063,-0.111321,0.179906,-0.093097,0.228321,-0.113223,0.00011,0.001943
0,0.111597,0.132012,0.11602,0.239847,0.15708,0.191124,0.001948,0.002304
0,-0.044637,-0.084711,-0.158787,-0.212978,-0.206352,-0.196037,0.000779,0.001478
0,0.026178,-0.092243,0.051531,0.01324,0.008235,-0.027855,0.000457,0.00161
0,-0.033608,-0.111732,-0.087404,-0.005123,-0.103295,0.030842,0.000587,0.00195
0,-0.053403,0.137216,-0.030465,0.229222,-0.0639,0.183422,0.000932,0.002395
0,0.161432,0.173229,0.194212,0.052047,0.20791,0.072274,0.002818,0.003023
0,-0.079456,0.121685,-0.263847,-0.043899,-0.28114,-0.022648,0.001387,0.002124
0,0.059094,0.099036,0.147362,-0.019384,0.177593,-0.007274,0.001031,0.001728
0,0.03337,0.097102,-0.010757,0.010903,0.006584,-0.021722,0.000582,0.001695
0,0.166482,-0.020877,0.130676,-0.144396,0.114281,-0.096451,0.002906,0.000364
0,0.054985,0.16928,-0.13766,0.212135,-0.179699,0.202149,0.00096,0.002954
0,0.01133,0.199032,-0.059004,0.044773,-0.065006,0.037682,0.000198,0.003474
0,0.068089,0.173888,0.029924,-0.005635,2.4e-05,-0.005646,0.001188,0.003035
0,-0.092161,-0.011588,-0.172617,-0.183221,-0.152552,-0.162308,0.001609,0.000202
0,0.071787,0.257937,0.183138,0.291402,0.198725,0.271186,0.001253,0.003316
0,0.047594,0.207635,-0.023464,-0.03934,-0.069976,-0.021082,0.000831,0.003624
0,-0.086618,0.109089,-0.111377,-0.107604,-0.080176,-0.066648,0.001512,0.001904
0,0.053767,0.172433,0.111113,0.076235,0.096739,0.045548,0.000938,0.00301
0,-0.127102,0.200406,-0.188379,0.023517,-0.236147,0.032584,0.002218,0.003498
0,-0.084093,0.217673,0.044766,0.027184,0.030639,0.02341,0.001468,0.003799
0,0.068799,0.041689,0.133142,-0.18978,0.133997,-0.197497,0.001201,0.000728
0,-0.208119,-6.3e-05,-0.301135,-0.032629,-0.290857,0.011622,0.003632,1e-06
0,0.049535,0.118386,0.263323,0.101125,0.292982,0.078072,0.000865,0.002066
0,-0.144958,-0.698281,-0.198814,-0.800321,-0.218484,-0.760494,0.00253,0.003448
0,-0.531549,-2.478499,-0.413563,-1.80652,-0.445671,-1.761218,0.001459,0.003649
0,-0.377891,-2.086943,0.155957,0.38765,0.116063,0.390927,0.001222,0.002665
0,-0.236768,-1.640494,0.168759,0.423073,0.151816,0.465595,0.003685,0.002639
0,-0.395619,-1.545905,-0.149452,0.109182,-0.102118,0.118924,0.000913,0.003527
0,-0.376326,-1.286127,0.044578,0.248795,0.008028,0.21366,0.00125,0.001006
0,-0.344213,-1.098162,0.026041,0.184067,0.059746,0.221044,0.00181,0.003531
0,-0.135858,-0.647709,0.181898,0.474511,0.229375,0.505898,0.002371,0.003487
0,-0.211408,-0.29338,-0.083839,0.349765,-0.03576,0.393596,0.00369,0.002697
0,0.076634,-0.268671,0.272015,0.041627,0.277431,0.076472,0.001338,0.003129
0,-0.157414,-0.037976,-0.251258,0.204217,-0.215549,0.177888,0.002747,0.000663
0,0.087126,0.207446,0.262689,0.244284,0.226424,0.255025,0.001521,0.003621
0,-0.010455,0.193562,-0.089651,0.007489,-0.071031,0.001289,0.000182,0.003378
0,-0.11119,0.262502,-0.071379,0.050363,-0.035936,0.075783,0.001941,0.003236
0,0.065155,0.095207,0.184606,-0.170471,0.191935,-0.164011,0.001137,0.001662
0,0.04366,0.15292,-0.007539,0.069308,0.031093,0.108593,0.000762,0.002669
0,-0.037323,0.170423,-0.059677,0.016259,-0.012429,-0.03292,0.000651,0.002974
0,0.128809,0.125065,0.153502,-0.017663,0.15919,0.006364,0.002248,0.002183
0,-0.073093,0.221959,-0.209156,0.109234,-0.253209,0.135855,0.001276,0.003874
0,0.083439,0.218959,0.132462,-0.018928,0.147659,0.028188,0.001456,0.003822
0,0.169418,0.127846,0.093472,-0.068141,0.062904,-0.026384,0.002957,0.002231
0,0.007292,0.28739,-0.13821,0.136586,-0.184822,0.177707,0.000127,0.002802
0,0.177619,0.173088,0.172458,-0.112578,0.145598,-0.117803,0.0031,0.003021
0,0.038513,0.149015,-0.15365,-0.00259,-0.194669,-0.003391,0.000672,0.002601
0,-0.094251,0.181986,-0.145502,0.025689,-0.151932,-0.01751,0.001645,0.003176
0,0.023405,0.038831,0.127754,-0.141044,0.149886,-0.163707,0.000408,0.000678
0,0.085617,0.129388,0.053868,0.081462,0.025918,0.059458,0.001494,0.002258
0,0.013842,0.096187,-0.066588,-0.008731,-0.025898,-0.055008,0.000242,0.001679
0,0.125765,0.13028,0.089999,0.061356,0.103533,0.093713,0.002195,0.002274
0,0.189579,0.108431,0.08966,-0.046214,0.116877,-0.053933,0.003309,0.001892
0,0.008284,0.018483,-0.20765,-0.075788,-0.207383,-0.088009,0.000145,0.000323
0,-2.226984,0.898432,-2.214719,0.855266,-2.243272,0.828588,0.000221,4.5e-05
0,-2.617837,1.241567,-0.363166,0.371588,-0.351708,0.420167,0.001217,0.001784
0,-2.806311,1.350211,-0.209617,0.118124,-0.25241,0.12915,0.002072,0.000112
0,-2.606416,1.458666,0.222103,0.096962,0.199123,0.069887,0.001417,0.002005
0,-2.338753,1.177694,0.287059,-0.30506,0.264833,-0.281725,0.00173,0.002899
0,-2.317437,1.019946,0.001585,-0.16306,-0.036917,-0.125088,0.001358,0.002166
0,-1.486379,1.024341,0.806726,0.01949,0.773794,0.014947,0.002489,0.002242
0,-1.302521,0.575124,0.206326,-0.444075,0.179289,-0.474608,0.00072,0.00222
0,-0.684273,0.294361,0.628986,-0.299249,0.649701,-0.332426,0.003693,0.00268
0,-0.600481,0.071941,0.097333,-0.247144,0.146119,-0.242383,0.002663,0.001256
0,-0.074919,-0.139793,0.514289,-0.19677,0.490316,-0.21574,0.001308,0.00244
0,-0.111277,-0.00192,-0.020049,0.140466,-0.052787,0.151245,0.001942,3.4e-05
0,0.024324,-0.195725,0.132838,-0.189384,0.142198,-0.195148,0.000425,0.003416
0,0.089358,-0.193967,0.068233,0.017891,0.075543,0.027764,0.00156,0.003385
0,0.234015,0.029388,0.158086,0.197391,0.145981,0.17756,0.003734,0.000513
0,0.222552,-0.13717,0.005123,-0.147449,-0.020834,-0.110094,0.003884,0.002394
0,0.009096,-0.175219,-0.234876,-0.028163,-0.249902,-0.01238,0.000159,0.003058
0,0.123295,-0.021794,0.111787,0.126246,0.158407,0.121985,0.002152,0.00038
0,0.035613,-0.140801,-0.113962,-0.119866,-0.155587,-0.16747,0.000622,0.002457
0,-0.032147,-0.103984,-0.052717,0.019718,-0.053657,-0.020201,0.000561,0.001815
0,0.171225,-0.085953,0.229059,0.046682,0.230625,0.079284,0.002988,0.0015
0,-0.015263,-0.170527,-0.157989,-0.086968,-0.178951,-0.086688,0.000266,0.002976
0,0.02173,-0.03988,0.030125,0.125393,0.033411,0.117941,0.000379,0.000696
0,0.129549,-0.229382,0.114621,-0.215787,0.129432,-0.165951,0.002261,0.003814
0,0.045083,-0.23813,-0.092823,0.001177,-0.060346,-0.010839,0.000787,0.003662
0,0.111068,-0.111374,0.079043,0.154893,0.059961,0.180079,0.001939,0.001944
0,0.138608,-0.109919,0.003285,0.028055,0.006964,-0.004677,0.002419,0.001918
0,0.177742,-0.026393,0.015519,0.112253,-0.000852,0.117693,0.003102,0.000461
0,0.083523,0.245644,-0.093226,0.286942,-0.1071,0.259682,0.001458,0.003531
0,0.139128,-0.043196,0.085512,-0.30715,0.037956,-0.352339,0.002428,0.000754
0,0.104037,0.126298,-0.022885,0.159334,-0.028427,0.185459,0.001816,0.002204
0,-0.086291,0.12172,-0.183198,-0.021458,-0.134832,-0.041701,0.001506,0.002124
0,0.183727,-0.126502,0.242904,-0.258867,0.25012,-0.294875,0.003207,0.002208
0,-0.045648,-0.15641,-0.225779,-0.011517,-0.236574,0.012604,0.000797,0.00273
0,0.0731,-0.172532,0.109038,0.001516,0.090216,-0.044992,0.001276,0.003011
0,0.013333,-0.10916,-0.062587,0.089079,-0.108193,0.110895,0.000233,0.001905
0,0.250394,-0.090396,0.24604,0.023706,0.230749,0.011285,0.003448,0.001578
0,0.097605,0.030146,-0.150558,0.111552,-0.173301,0.135446,0.001704,0.000526
0,0.192089,0.106645,0.084454,0.08714,0.129824,0.105631,0.003353,0.001861
0,1.75095,-1.041309,1.535034,-1.137422,1.527659,-1.124968,0.000712,0.002539
0,2.719107,-1.587475,0.971711,-0.53197,0.926678,-0.497697,0.00055,0.003565
0,2.663458,-1.748255,-0.069653,-0.138571,-0.046838,-0.115286,0.000421,0.000759
0,2.334595,-1.779108,-0.351658,-0.017059,-0.313432,-0.00145,0.001657,0.00022
0,2.75142,-1.278534,0.437051,0.493626,0.446334,0.485994,0.001114,0.001139
0,2.537695,-1.102545,-0.206074,0.150838,-0.19583,0.158751,0.002616,0.003607
0,2.093883,-1.072999,-0.467913,0.025872,-0.446513,-0.016766,0.002544,0.003092
0,1.092458,-0.923912,-0.995208,0.137092,-1.023783,0.108993,0.003431,0.00049
0,1.015799,-0.536619,-0.075358,0.412151,-0.027084,0.43417,0.002093,0.001548
0,0.679505,-0.286093,-0.328893,0.25641,-0.291503,0.213102,0.003776,0.002825
0,0.436731,-0.046376,-0.217272,0.236566,-0.222986,0.285752,0.000195,0.000809
0,-0.036117,-0.028173,-0.49559,0.000581,-0.476907,0.041284,0.00063,0.000492
0,-0.051726,0.17153,0.004318,0.214638,-0.026522,0.222567,0.000903,0.002994
0,-0.245853,0.132773,-0.193015,-0.058503,-0.175364,-0.011162,0.003527,0.002317
0,-0.288681,0.037377,-0.058289,-0.115035,-0.077377,-0.133657,0.002779,0.000652
0,-0.173587,0.074668,0.127052,0.011699,0.086666,0.056856,0.00303,0.001303
0,0.055381,0.263121,0.215414,0.192269,0.264812,0.164937,0.000967,0.003226
0,0.036927,0.043123,-0.00667,-0.195376,-0.053074,-0.229816,0.000644,0.000753
0,0.08866,0.094186,0.076216,0.036879,0.0993,0.035398,0.001547,0.001644
0,0.118459,0.039422,0.00094,-0.051701,0.007191,-0.008484,0.002067,0.000688
0,-0.158007,-0.080495,-0.272818,-0.145108,-0.301421,-0.105185,0.002758,0.001405
0,0.113946,0.047849,0.276874,0.139553,0.313458,0.175966,0.001989,0.000835
0,-0.016316,0.03676,-0.126452,-0.014273,-0.169172,-0.051532,0.000285,0.000642
0,0.020543,0.059447,0.049669,-0.001522,0.094841,0.036413,0.000359,0.001038
0,-0.056143,-0.016966,-0.084474,-0.049693,-0.085891,-0.097905,0.00098,0.000296
0,-0.026066,0.126771,0.037835,0.152224,0.079829,0.197322,0.000455,0.002213
0,0.08686,-0.023538,0.134091,-0.141692,0.157244,-0.122889,0.001516,0.000411
0,-0.071583,0.129908,-0.134016,0.151207,-0.0989,0.181468,0.001249,0.002267
0,0.124526,0.141974,0.204389,0.011276,0.175793,-0.010677,0.002173,0.002478
0,-0.077208,0.025967,-0.17574,-0.117878,-0.215151,-0.094917,0.001348,0.000453
0,-0.150255,0.134392,-0.076123,0.089664,-0.073138,0.057939,0.002622,0.002346
0,0.103327,0.14865,0.244439,0.042898,0.272657,0.082571,0.001803,0.002594
0,-0.113283,-0.063209,-0.213356,-0.205738,-0.180216,-0.176176,0.001977,0.001103
0,-0.034463,0.131581,0.075821,0.201768,0.070112,0.172531,0.000601,0.002297
0,-0.10997,-0.057997,-0.101713,-0.188486,-0.097572,-0.18175,0.001919,0.001012
0,-0.060403,0.084612,0.052231,0.132019,0.053771,0.180624,0.001054,0.001477
0,-0.131603,-0.031819,-0.084189,-0.099453,-0.074554,-0.06769,0.002297,0.000555
0,0.138277,-0.091071,0.277858,-0.034347,0.232586,-0.066045,0.002413,0.001589
0,0.165571,-0.1342,0.00656,-0.055011,0.050129,-0.065993,0.00289,0.002342
0,0.007032,0.002932,-0.181258,0.141346,-0.152725,0.112036,0.000123,5.1e-05
0,-0.094476,0.070695,-0.082172,0.096175,-0.091253,0.136105,0.001649,0.001234
0,0.149933,-0.128318,0.269352,-0.197344,0.231731,-0.179566,0.002617,0.00224
0,-0.028846,0.06794,-0.179499,0.178516,-0.186159,0.209014,0.000503,0.001186
0,0.115216,-0.100823,0.120178,-0.155213,0.149227,-0.115779,0.002011,0.00176
0,0.096848,0.119453,-0.014159,0.211592,-0.025335,0.257519,0.00169,0.002085
0,0.050185,-0.066659,-0.041087,-0.200526,0.00327,-0.180629,0.000876,0.001163
0,-0.026578,0.000347,-0.053893,0.08613,-0.096578,0.065271,0.000464,6e-06
0,-0.077833,-0.114662,-0.050543,-0.143666,-0.017737,-0.113041,0.001358,0.002001
0,-0.05927,0.091159,0.029767,0.226576,0.057808,0.180946,0.001034,0.001591
0,0.095967,-0.01657,0.142292,-0.094415,0.144047,-0.114886,0.001675,0.000289
0,0.218254,0.07699,0.134835,0.104258,0.1519,0.093446,0.003809,0.001344
0,0.205554,-0.021075,0.016524,-0.073404,-0.001023,-0.093329,0.003588,0.000368
0,0.085119,-0.001043,-0.099814,-0.008815,-0.148014,-0.038151,0.001486,1.8e-05
0,0.135721,-0.15144,0.068269,-0.154341,0.101554,-0.1607,0.002369,0.002643
0,0.197991,-0.057889,0.058873,0.071135,0.104083,0.117432,0.003456,0.00101
0,0.238785,-0.120642,0.059985,-0.050132,0.104238,-0.042232,0.00365,0.002106
0,0.224002,0.142761,0.007305,0.276105,0.016425,0.246974,0.003908,0.002492
0,0.148062,0.00094,-0.093617,-0.144331,-0.114013,-0.145017,0.002584,1.6e-05
0,0.096182,-0.036929,-0.055978,-0.053983,-0.070734,-0.038699,0.001679,0.000645
0,0.042722,-0.02094,-0.05722,0.040007,-0.059318,-0.002825,0.000746,0.000365
0,0.058037,-0.048083,-0.006406,-0.012397,0.014956,-0.02492,0.001013,0.000839
0,0.588729,-0.782682,0.506174,-0.717235,0.549347,-0.69849,0.002457,0.001975
0,1.115504,-1.278303,0.530589,-0.480217,0.527399,-0.499685,0.003833,0.001143
0,2.031287,-1.734202,0.907581,-0.483756,0.895686,-0.468529,0.003637,0.001004
0,2.324299,-2.02319,0.280143,-0.304706,0.26652,-0.302955,0.001477,0.003778
0,2.056639,-2.032368,-0.258661,0.007715,-0.25915,0.036433,0.003194,0.003618
0,1.372619,-2.075045,-0.662566,-0.03941,-0.708684,-0.048418,0.000503,0.002873
0,1.143014,-1.385566,-0.224553,0.681926,-0.203137,0.722333,0.003504,0.000729
0,0.954139,-1.420949,-0.218667,-0.029564,-0.207135,-0.060471,0.001017,0.001347
0,0.650921,-0.848024,-0.290583,0.570599,-0.241939,0.601607,0.003543,0.000835
0,0.048629,-0.592911,-0.588564,0.227069,-0.545365,0.24852,0.000849,0.00253
0,-0.064191,-0.373572,-0.084383,0.221737,-0.03865,0.188129,0.00112,0.001298
0,-0.158883,-0.264739,-0.080283,0.11297,-0.062642,0.152203,0.002773,0.003197
0,-0.082765,0.170779,0.09823,0.421693,0.119616,0.464687,0.001445,0.002981
0,-0.17911,0.092311,-0.113674,-0.062014,-0.141509,-0.073267,0.003126,0.001611
0,-0.243439,0.336589,-0.065992,0.240068,-0.071959,0.260068,0.003569,0.001943
0,-0.219792,0.422668,0.048999,0.081611,0.008484,0.116233,0.003836,0.000441
0,-0.164044,0.133386,0.064691,-0.319222,0.099794,-0.363469,0.002863,0.002328
0,-0.207573,0.144967,-0.019489,0.02059,0.020608,0.030676,0.003623,0.00253
0,-0.084347,0.36969,0.095329,0.245766,0.067723,0.260107,0.001472,0.001366
0,-0.025917,0.24256,0.075843,-0.139616,0.085207,-0.098226,0.000452,0.003584
0,-0.01473,0.200863,-0.007959,-0.051516,0.038307,-0.079849,0.000257,0.003506
0,-0.220163,0.123009,-0.186728,-0.075896,-0.226315,-0.055402,0.003843,0.002147
0,-0.162682,0.331357,0.064164,0.179882,0.051299,0.181938,0.002839,0.002035
0,0.045666,0.205553,0.212,-0.110234,0.259315,-0.093241,0.000797,0.003588
0,-0.178031,0.220958,-0.209111,0.017494,-0.195666,0.003462,0.003107,0.003856
0,-0.029363,0.141795,0.14348,-0.100923,0.13767,-0.055585,0.000512,0.002475
0,-0.173086,0.222508,-0.130641,0.105538,-0.082116,0.137255,0.003021,0.003883
0,-0.252646,0.295354,-0.057252,0.052865,-0.067023,0.044341,0.003408,0.002663
0,-0.109985,0.231164,0.167537,-0.045007,0.192705,-0.070179,0.00192,0.003783
0,-0.210867,0.270684,-0.124828,0.041757,-0.086197,0.073755,0.00368,0.003094
0,0.090299,0.099369,0.28915,-0.142459,0.322211,-0.163533,0.001576,0.001734
0,-0.07151,0.088221,-0.166913,-0.035282,-0.146241,-0.031599,0.001248,0.00154
0,-0.212957,0.139082,-0.1349,0.050496,-0.147495,0.030543,0.003717,0.002427
0,0.052499,0.027442,0.262384,-0.134125,0.218075,-0.162286,0.000916,0.000479
0,-0.120224,0.237083,-0.171288,0.232731,-0.192777,0.207393,0.002098,0.00368
0,-0.019972,-0.022234,0.100278,-0.282221,0.06868,-0.326084,0.000349,0.000388
0,0.053035,-0.015877,0.088764,0.035698,0.109261,0.040355,0.000926,0.000277
0,-0.099839,0.177517,-0.131104,0.192454,-0.170283,0.194691,0.001743,0.003098
0,-0.131348,-0.013516,-0.042878,-0.211014,-0.05526,-0.196068,0.002292,0.000236
0,-0.175628,-0.06181,-0.032765,-0.074214,-0.018676,-0.046492,0.003065,0.001079
0,-0.001951,0.002275,0.167572,0.034613,0.166052,0.078606,3.4e-05,4e-05
0,-0.078272,-0.012112,-0.100786,-0.008193,-0.117235,0.004314,0.001366,0.000211
0,0.002208,0.161626,0.055928,0.191249,0.065036,0.15789,3.9e-05,0.002821
0,0.138283,0.056947,0.107406,-0.127192,0.154921,-0.081687,0.002413,0.000994
0,0.154869,-0.019292,-0.011692,-0.051826,-0.001864,-0.024598,0.002703,0.000337
0,-0.008697,-0.028079,-0.168999,-0.032565,-0.145616,0.007787,0.000152,0.00049
0,0.155418,0.222016,0.14776,0.230424,0.158212,0.258264,0.002713,0.003875
0,0.024441,0.119413,-0.125324,-0.132071,-0.075525,-0.168787,0.000427,0.002084
0,0.103802,0.049925,0.065426,-0.082061,0.062787,-0.12118,0.001812,0.000871
0,0.025149,0.083404,-0.075446,0.053429,-0.03595,0.033868,0.000439,0.001456
0,-0.039355,-0.011877,-0.040231,-0.123322,-0.024242,-0.169989,0.000687,0.000207
0,0.151241,-0.04338,0.205578,-0.026112,0.22402,-0.069071,0.00264,0.000757
0,-1.601036,-0.432531,-1.760778,-0.411071,-1.758076,-0.436434,0.003328,0.000269
0,-1.964549,-1.251506,-0.376428,-0.84531,-0.406372,-0.873782,0.003016,0.001611
0,-2.140089,-2.296779,-0.184278,-1.049509,-0.169581,-1.02095,0.001738,0.000997
0,-2.062144,-2.382005,0.099837,-0.110465,0.127062,-0.141293,0.003098,0.002484
0,-1.755912,-2.263787,0.2971,0.131099,0.341065,0.141791,0.000625,0.000421
0,-1.45696,-1.747325,0.272617,0.510751,0.225612,0.490352,0.001975,0.000775
0,-1.268373,-1.553032,0.19885,0.195587,0.22167,0.19242,0.001316,0.003652
0,-0.896751,-1.039792,0.401142,0.523862,0.426764,0.539155,1.6e-05,0.002512
0,-0.176519,-0.480018,0.743392,0.579276,0.754561,0.552386,0.003081,0.00056
0,-0.141178,-0.456614,0.063914,0.022559,0.09232,0.048963,0.002464,0.000152
0,-0.043224,-0.204624,0.115122,0.281779,0.128213,0.292043,0.000754,0.003571
0,0.132934,-0.145487,0.203019,0.075277,0.238673,0.081246,0.00232,0.002539
0,0.138332,0.081722,0.018495,0.234819,-0.01141,0.272967,0.002414,0.001426
0,0.118062,0.114883,0.005001,0.039456,0.01937,0.052917,0.002061,0.002005
0,0.103743,0.155468,-0.031519,0.048246,0.010954,0.029597,0.001811,0.002713
0,0.129447,-0.040836,0.052632,-0.173825,0.011743,-0.168528,0.002259,0.000713
0,0.183599,0.26313,0.045889,0.312769,0.063071,0.264011,0.003204,0.003225
0,0.186435,-0.004745,-0.001259,-0.251595,-0.021152,-0.258276,0.003254,8.3e-05
0,0.208587,0.196018,0.025091,0.184017,-0.023722,0.13496,0.003641,0.003421
0,0.332851,0.177692,0.14652,-0.034219,0.164887,-0.058295,0.002009,0.003101
0,0.035333,0.014164,-0.31034,-0.13574,-0.267359,-0.13477,0.000617,0.000247
0,0.254873,0.1508,0.21907,0.114392,0.247569,0.098366,0.00337,0.002632
0,0.078772,0.186945,-0.151196,0.038887,-0.127324,0.014974,0.001375,0.003263
0,0.249422,0.152931,0.183013,-0.03191,0.228316,-0.011407,0.003465,0.002669
0,0.265304,0.018663,0.010864,-0.120368,0.040473,-0.118483,0.003187,0.000326
0,0.205928,0.075406,-0.030969,0.045771,-0.064757,0.008178,0.003594,0.001316
0,0.236987,0.165024,0.02806,0.06666,0.064186,0.093362,0.003682,0.00288
0,0.083633,0.213916,-0.171306,0.043524,-0.124368,0.078676,0.00146,0.003734
0,0.123984,0.138265,0.010433,-0.066149,0.052115,-0.057138,0.002164,0.002413
0,0.112566,0.002525,0.011761,-0.163208,0.030306,-0.207158,0.001965,4.4e-05
0,0.078913,0.202277,-0.019538,0.175312,0.012341,0.171276,0.001377,0.00353
0,0.065596,0.02094,-0.02073,-0.182615,-0.069424,-0.161982,0.001145,0.000365
0,0.315621,0.226322,0.225062,0.223779,0.191601,0.200313,0.002309,0.003868
0,0.096239,0.138111,-0.226378,-0.117041,-0.272784,-0.103805,0.00168,0.00241
0,0.172725,0.20825,0.08873,0.094269,0.132216,0.137964,0.003015,0.003635
0,0.059074,0.171538,-0.110316,-0.036762,-0.112483,-0.002141,0.001031,0.002994
0,0.121712,0.014456,0.073456,-0.135381,0.083094,-0.105844,0.002124,0.000252
0,0.273026,-0.04483,0.127987,-0.054651,0.144417,-0.042807,0.003053,0.000782
0,0.114972,0.165463,-0.141092,0.240036,-0.103316,0.264987,0.002007,0.002888
0,0.293294,0.197592,0.148861,0.055313,0.178664,0.044293,0.002699,0.003449
0,0.106436,0.109817,-0.172805,-0.084093,-0.140187,-0.115352,0.001858,0.001917
0,0.270614,0.084412,0.149022,-0.035178,0.184591,-0.039274,0.003095,0.001473
0,0.23312,-0.09196,-0.045756,-0.158013,-0.026287,-0.165195,0.003749,0.001605
0,0.106237,0.198837,-0.111133,0.297244,-0.151559,0.311733,0.001854,0.00347
0,0.107749,-0.09459,0.025522,-0.305142,0.044769,-0.262882,0.001881,0.001651
0,0.194474,0.048544,0.060374,0.151407,0.059583,0.154146,0.003394,0.000847
0,0.075637,0.130848,-0.10329,0.081212,-0.079745,0.119929,0.00132,0.002284
0,-0.031551,0.052604,-0.11659,-0.060226,-0.08044,-0.082433,0.000551,0.000918
0,0.006187,-0.117763,0.013977,-0.185534,0.057499,-0.15861,0.000108,0.002055
0,0.10747,-0.060059,0.128955,0.032575,0.135501,0.06851,0.001876,0.001048
0,0.082822,0.03211,-0.001601,0.118955,-0.021342,0.103528,0.001446,0.00056
0,-0.00884,0.155132,-0.11445,0.118095,-0.090057,0.118335,0.000154,0.002708
0,0.219444,0.118087,0.219063,-0.011351,0.218825,0.015565,0.00383,0.002061
0,0.081535,0.142736,-0.127981,0.015995,-0.114489,0.047093,0.001423,0.002491
0,0.049721,-1.397175,-0.036335,-1.535858,-0.024744,-1.53643,0.000868,0.000932
0,0.079885,-2.765606,0.015465,-1.367904,0.059499,-1.338135,0.001394,0.001362
0,-0.020743,-2.286472,-0.085614,0.473565,-0.124084,0.429641,0.000362,0.000817
0,-0.058323,-1.878305,-0.055815,0.397204,-0.027497,0.354279,0.001018,0.001511
0,0.066409,-1.603191,0.129518,0.284946,0.114573,0.296616,0.001159,0.003291
0,-0.068413,-1.068245,-0.129468,0.527769,-0.156686,0.498967,0.001194,0.003009
0,0.031293,-0.778398,0.083343,0.297999,0.037165,0.315037,0.000546,0.00205
0,0.085275,-0.697797,0.049286,0.065806,0.052546,0.074049,0.001488,0.000597
0,-0.012512,-0.571149,-0.112357,0.108971,-0.078618,0.115079,0.000218,0.000597
0,0.193678,-0.413961,0.2011,0.166237,0.225039,0.210638,0.00338,0.000597
0,-0.033398,-0.267046,-0.197678,0.15858,-0.2004,0.188102,0.000583,0.000597
0,0.070292,-0.250361,0.088174,0.025595,0.136465,0.015506,0.001227,0.000597
0,0.038405,0.008667,-0.011787,0.257465,-0.059193,0.239984,0.00067,0.000597
0,0.04741,-0.004318,0.008134,-0.004243,0.033999,0.024596,0.000827,0.000597
0,-0.016165,-0.031717,-0.087296,-0.031516,-0.110362,0.016068,0.000282,0.000597
0,0.068079,0.130907,0.057937,0.161873,0.059233,0.144222,0.001188,0.002285
0,0.194679,-0.072788,0.103504,-0.21952,0.089042,-0.255442,0.003398,0.000597
0,0.202954,0.029865,0.026885,0.08441,0.027919,0.060037,0.003542,0.000597
0,-0.067638,0.065752,-0.299098,0.008988,-0.315206,-0.006726,0.001181,0.001148
0,0.089376,-0.111795,0.146325,-0.157806,0.130484,-0.200497,0.00156,0.000597
0,0.1473,-0.030885,0.062539,0.106133,0.045238,0.0708,0.002571,0.000597
0,0.146341,0.073725,0.011454,0.111707,-0.026625,0.161599,0.002554,0.001287
0,0.155497,0.09856,0.013615,0.037286,0.026043,0.004994,0.002714,0.00172
0,-0.089346,-0.11128,-0.232948,-0.239574,-0.208689,-0.27918,0.001559,0.000597
0,-0.05877,0.032346,0.022124,0.158431,0.026608,0.12412,0.001026,0.000597
0,-0.071666,-0.00291,-0.037519,-0.048083,-0.078345,-0.023555,0.001251,0.000597
0,0.103363,-0.005168,0.177797,-0.02817,0.157598,-0.00434,0.001804,0.000597
0,0.066332,0.116824,-0.061547,0.142102,-0.025102,0.167591,0.001158,0.002039
0,0.190802,-0.084882,0.139092,-0.220297,0.13247,-0.248877,0.00333,0.000597
0,-0.048769,-0.048876,-0.253429,0.034918,-0.219216,0.056038,0.000851,0.000597
0,-0.005918,0.110584,0.021042,0.139365,-0.022358,0.182124,0.000103,0.00193
0,0.047682,0.03629,0.055622,-0.07641,0.007197,-0.049811,0.000832,0.000633
0,0.189992,0.06884,0.134546,0.057694,0.120835,0.011701,0.003316,0.001201
0,-0.039673,0.137753,-0.246861,0.048597,-0.292974,0.042983,0.000692,0.002404
0,0.187793,0.066404,0.206206,-0.044836,0.224965,-0.01526,0.003278,0.001159
0,0.179957,-0.046269,-0.032951,-0.103568,-0.066885,-0.135855,0.003141,0.000597
0,0.022099,0.143484,-0.183594,0.21451,-0.146045,0.167891,0.000386,0.002504
0,-0.015172,0.112678,-0.039505,-0.0222,-0.017816,0.004552,0.000265,0.001967
0,0.251898,-0.035769,0.283734,-0.17358,0.317158,-0.182812,0.003421,0.000597
0,-0.01878,0.106982,-0.264732,0.154568,-0.229432,0.149501,0.000328,0.001867
0,0.050884,0.099271,0.064438,0.014421,0.095999,-0.031445,0.000888,0.001733
0,0.167326,0.111382,0.143316,-0.001782,0.143302,0.003304,0.00292,0.001944
0,0.230612,-0.054875,0.051783,-0.14944,0.009557,-0.165806,0.003793,0.000597
0,0.129667,-0.02157,-0.096996,0.050653,-0.143021,0.043084,0.002263,0.000597
0,-0.03657,0.149891,-0.183022,0.167007,-0.199027,0.185081,0.000638,0.002616
0,0.002515,0.063339,0.016213,-0.096199,-0.017696,-0.107107,4.4e-05,0.001105
0,0.102758,-0.141451,0.129079,-0.18565,0.139243,-0.188426,0.001793,0.000597
0,-0.062746,0.01513,-0.178228,0.142972,-0.223069,0.110036,0.001095,0.000597
0,0.034034,0.011912,0.110202,-0.024587,0.08349,-0.013483,0.000594,0.000597
0,0.001237,0.174839,-0.035012,0.142233,0.005625,0.182041,2.2e-05,0.003052
0,0.135295,-0.121765,0.153193,-0.281063,0.15085,-0.276191,0.002361,0.000597
0,0.024081,0.147464,-0.087592,0.296325,-0.11252,0.318884,0.00042,0.002574
0,-0.034331,0.131849,-0.030246,-0.024801,-0.051779,-0.031726,0.000599,0.002301
0,-0.033118,0.0938,-0.005635,-0.05563,0.031445,-0.089041,0.000578,0.001637
0,-0.107637,-0.073669,-0.090195,-0.174589,-0.064372,-0.12581,0.001879,0.000597
0,0.102922,0.024125,0.183427,0.092442,0.220726,0.099491,0.001796,0.000597
0,0.160707,0.146983,0.060992,0.116848,0.015767,0.088649,0.002805,0.002565
0,0.050582,-0.031583,-0.0989,-0.152883,-0.134977,-0.19387,0.000883,0.000597
0,0.027975,0.122626,-0.048255,0.178666,-0.066451,0.150107,0.000488,0.00214
0,0.087341,0.099628,0.044528,-0.020196,0.069909,-0.014706,0.001524,0.001739
0,-0.136343,0.050541,-0.202807,-0.070824,-0.201208,-0.077281,0.00238,0.000882
0,-0.008742,-0.054833,0.137414,-0.09396,0.10964,-0.133817,0.000153,0.000597
0,-0.018431,0.00206,-0.008131,0.045077,-0.021388,0.021338,0.000322,0.000597
0,-0.155656,0.125979,-0.153955,0.124019,-0.124387,0.081025,0.002717,0.002199
0,-0.040207,0.039236,0.128014,-0.065575,0.11382,-0.038664,0.000702,0.000685
0,-0.107051,0.027502,-0.039102,0.003365,-0.037628,0.000907,0.001868,0.000597
0,-0.149512,0.096145,-0.033849,0.045571,-0.062108,0.064938,0.002609,0.001678
0,-0.199179,-0.024431,-0.038456,-0.133142,-0.069468,-0.138568,0.003476,0.000597
0,-0.164747,0.067715,0.046875,0.064274,0.04853,0.024762,0.002875,0.001182
0,-0.165932,-0.068646,0.016547,-0.135814,-0.021732,-0.169862,0.002896,0.000597
0,-0.106331,0.073314,0.048838,0.169913,0.085671,0.16588,0.001856,0.00128
0,-0.154778,-0.060181,-0.03175,-0.148284,-0.015637,-0.121101,0.002701,0.000597
0,-0.002882,0.064767,0.174446,0.110572,0.135438,0.104389,5e-05,0.00113
0,-0.040216,-0.047419,-0.014435,-0.099651,0.032809,-0.124242,0.000702,0.000597
0,-0.233916,0.110742,-0.16705,0.157565,-0.135144,0.141949,0.003735,0.001933
0,-0.046946,-0.19405,0.165447,-0.321496,0.186033,-0.331408,0.000819,0.000597
0,-0.047613,-0.017134,-0.01237,0.169293,-0.024571,0.161372,0.000831,0.000597
0,-0.099126,-0.02374,-0.070027,-0.022391,-0.08372,-0.014076,0.00173,0.000597
0,-0.042574,-0.035828,0.037094,-0.016998,0.038284,0.010974,0.000743,0.000597
0,-0.003746,0.074677,0.039152,0.098348,0.031371,0.132145,6.5e-05,0.001303
0,-0.313378,-0.048729,-0.318686,-0.132232,-0.353788,-0.088952,0.002348,0.000597
0,-0.144688,-0.117788,0.156034,-0.079515,0.18777,-0.12031,0.002525,0.000597
0,-0.291629,-0.163347,-0.164262,-0.037947,-0.127504,0.009221,0.002728,0.000597
0,-0.001615,-0.094537,0.276753,0.080151,0.316886,0.100614,2.8e-05,0.000597
0,-0.022858,-0.044158,0.003837,0.037863,-0.001204,0.000274,0.000399,0.000597
0,-0.050948,0.034606,-0.00654,0.050421,0.03008,0.033852,0.000889,0.000604
0,0.036692,-0.12403,0.074716,-0.149399,0.039398,-0.123995,0.00064,0.000597
0,-0.221011,0.0619,-0.286814,0.213711,-0.275223,0.225993,0.003857,0.00108
0,0.008401,0.049043,0.230827,-0.015499,0.181458,-0.061469,0.000147,0.000856
0,-0.059742,0.088723,-0.075195,0.031241,-0.115137,0.033827,0.001043,0.001549
0,-0.056488,-0.048944,0.013821,-0.139084,0.022325,-0.090455,0.000986,0.000597
0,-0.130709,0.039697,-0.094553,0.102751,-0.044569,0.105205,0.002281,0.000693
0,0.020771,-0.118618,0.133118,-0.164131,0.097834,-0.213112,0.000363,0.000597
0,-0.120633,-0.014743,-0.155093,0.09063,-0.170953,0.099472,0.002105,0.000597
0,-0.107473,-0.088889,-0.002232,-0.099373,0.002038,-0.148327,0.001876,0.000597
0,-0.21403,0.11648,-0.126823,0.217631,-0.171192,0.189731,0.003736,0.002033
0,-0.046249,0.025623,0.144678,-0.110049,0.184176,-0.15521,0.000807,0.000597
0,0.026181,0.065035,0.045865,0.009601,0.02259,0.021707,0.000457,0.001135
0,-0.121086,-0.029086,-0.164363,-0.121069,-0.180436,-0.125478,0.002113,0.000597
0,-0.243844,-0.040713,-0.092769,-0.00183,-0.117878,-0.000141,0.003562,0.000597
0,-0.096892,0.093063,0.120705,0.155262,0.092399,0.18387,0.001691,0.001624
0,-0.226872,0.023053,-0.143644,-0.088097,-0.103128,-0.112997,0.003858,0.000597
0,0.077324,-0.058933,0.327291,-0.079767,0.296065,-0.086897,0.00135,0.000597
0,0.04466,-0.078895,-0.047967,-0.027106,-0.069163,-0.028173,0.000779,0.000597
0,-0.193232,-0.064071,-0.267886,0.024271,-0.313094,0.017756,0.003373,0.000597
0,-0.009582,-0.0097,0.206433,0.024756,0.169905,0.002835,0.000167,0.000597
0,-0.235845,-0.010407,-0.237568,0.001796,-0.208372,0.004775,0.003702,0.000597
0,-0.042581,-0.084525,0.206349,-0.099775,0.198276,-0.132887,0.000743,0.000597
0,-0.131928,-0.039105,-0.099383,0.057668,-0.134244,0.080826,0.002303,0.000597
0,-0.237471,-0.20184,-0.084456,-0.140871,-0.096625,-0.181318,0.003673,0.000597
0,-0.153773,-0.189845,0.112972,-0.01606,0.06788,-0.001665,0.002684,0.000597
0,-0.260354,-0.133177,-0.131522,0.07874,-0.107342,0.054961,0.003274,0.000597
0,-0.146608,-0.015622,0.123664,0.141125,0.076567,0.096938,0.002559,0.000597
0,-0.211574,0.034482,-0.060074,0.078804,-0.039796,0.113089,0.003693,0.000602
0,-0.075699,0.022877,0.119876,-0.03167,0.105068,-0.038421,0.001321,0.000597
0,-0.063627,-0.191409,-0.013281,-0.24213,-0.015545,-0.194339,0.00111,0.000597
0,0.040935,-0.041242,0.116272,0.137032,0.071559,0.093431,0.000714,0.000597
0,-0.057235,-0.167817,-0.086486,-0.155575,-0.090803,-0.197886,0.000999,0.000597
0,-0.112995,-0.115939,-0.033598,0.051937,-0.058362,0.019745,0.001972,0.000597
0,-0.091027,0.062804,0.037131,0.154035,0.024846,0.104953,0.001589,0.001096
0,0.128019,-0.179884,0.192598,-0.267585,0.191575,-0.263414,0.002234,0.000597
0,0.08109,-0.043531,-0.069109,0.150449,-0.055172,0.100855,0.001415,0.000597
0,0.016387,-0.083928,-0.063828,-0.063105,-0.030139,-0.022462,0.000286,0.000597
0,0.016084,-0.068657,0.015975,-0.005547,0.019172,0.019552,0.000281,0.000597
0,0.113187,-0.000178,0.107472,0.059455,0.082501,0.059315,0.001975,0.000597
0,-0.078347,-0.102235,-0.215019,-0.096106,-0.25867,-0.135455,0.001367,0.000597
0,-0.044012,0.081234,0.062999,0.184244,0.015129,0.157544,0.000768,0.001418
0,-0.088472,-0.133335,-0.031677,-0.211155,-0.029884,-0.178567,0.001544,0.000597
0,-0.118619,-0.132973,-0.006175,0.019737,-0.011331,0.033915,0.00207,0.000597
0,-0.175248,-0.17638,-0.071206,-0.052861,-0.08853,-0.064596,0.003059,0.000597
0,0.010761,0.06438,0.196036,0.249137,0.203991,0.233353,0.000188,0.001124
0,0.027743,-0.128231,0.002947,-0.170794,0.040858,-0.1326,0.000484,0.000597
0,3.505533,1.176603,3.479121,1.310079,3.528076,1.31856,0.00136,0.002918
0,4.195725,1.512588,0.674206,0.333446,0.723241,0.346537,0.002868,0.002946
0,4.368203,1.623535,0.186294,0.110431,0.172914,0.111758,0.001939,0.002935
0,4.154779,1.526784,-0.188772,-0.077713,-0.227866,-0.077612,0.002154,0.003194
0,4.186227,1.157241,0.017516,-0.39513,-0.020226,-0.41064,0.002703,0.003256
0,3.161352,0.726587,-1.017149,-0.451475,-0.992788,-0.426329,0.000451,0.002954
0,2.527035,0.439107,-0.632848,-0.299684,-0.675273,-0.295828,0.002802,0.000154
0,1.973098,0.14657,-0.530753,-0.317175,-0.480851,-0.355419,0.003166,0.002558
0,0.852247,0.180888,-1.141194,0.006524,-1.129871,0.054092,0.000761,0.003157
0,0.459149,0.049356,-0.383156,-0.102169,-0.357541,-0.133134,0.000196,0.000861
0,-0.059546,0.076454,-0.493509,0.014069,-0.516551,0.057613,0.001039,0.001334
0,0.001989,0.062343,0.044285,-0.010233,0.068029,0.005286,3.5e-05,0.001088
0,-0.211727,0.135316,-0.22039,0.044465,-0.201448,-0.004704,0.003695,0.002362
0,-0.078316,-0.005002,0.129267,-0.127643,0.107097,-0.099611,0.001367,8.7e-05
0,-0.108033,0.068453,-0.047975,0.067247,-0.075068,0.062979,0.001886,0.001195
0,0.077765,0.043118,0.195365,-0.042576,0.235108,-0.003607,0.001357,0.000753
0,-0.068264,-0.101461,-0.120899,-0.127895,-0.122904,-0.157894,0.001191,0.001771
0,0.005424,-0.041607,0.088533,0.068262,0.074532,0.048346,9.5e-05,0.000726
0,0.016088,0.03341,0.01891,0.052822,-0.000293,0.060667,0.000281,0.000583
0,-0.058553,-0.135477,-0.089094,-0.143491,-0.13716,-0.117784,0.001022,0.002365
0,0.155688,0.092239,0.235241,0.256166,0.243098,0.281463,0.002717,0.00161
0,-0.076607,0.111013,-0.256043,0.043131,-0.270561,0.009094,0.001337,0.001938
0,-0.032123,0.062228,0.040728,-0.069619,0.025606,-0.034448,0.000561,0.001086
0,2.868849,-0.576827,2.904618,-0.637622,2.922585,-0.601908,0.003164,0.00225
0,4.473967,-1.279645,1.605173,-0.723911,1.58064,-0.733878,9.3e-05,0.00112
0,5.047557,-1.104915,0.588476,0.145315,0.62427,0.171251,0.0021,0.003649
0,4.669937,-1.299219,-0.398047,-0.190734,-0.391692,-0.210688,0.003327,0.000778
0,3.748665,-1.37698,-0.921167,-0.051673,-0.919128,-0.036678,0.002884,0.000579
0,2.587892,-1.266282,-1.167679,0.136429,-1.146695,0.156631,0.00174,0.001353
0,2.009721,-0.883104,-0.560751,0.372591,-0.576027,0.323204,0.003805,0.000223
0,1.385459,-0.62695,-0.622518,0.232894,-0.591591,0.243903,0.000727,0.003124
0,0.628167,-0.322524,-0.755737,0.331014,-0.743676,0.36119,0.003146,0.002189
0,0.37806,-0.259522,-0.270865,0.058302,-0.270898,0.01808,0.001219,0.000597
0,0.169406,-0.158544,-0.23475,0.079233,-0.221907,0.06625,0.002957,0.000597
0,-0.007325,-0.216449,-0.164845,-0.034197,-0.210085,-0.004218,0.000128,0.000597
0,-0.091898,0.062749,-0.090787,0.253723,-0.138873,0.217884,0.001604,0.001095
0,-0.27938,0.118104,-0.187554,0.043319,-0.190684,-0.0018,0.002942,0.002061
0,-0.302291,-0.0436,-0.024634,-0.190233,-0.034273,-0.144719,0.002542,0.000597
0,-0.336489,-0.150359,-0.022052,-0.096904,-0.020483,-0.051997,0.001945,0.000597
0,-0.193628,-0.023575,0.140957,0.126465,0.166384,0.11128,0.003379,0.000597
0,-0.160366,-0.081322,0.014776,-0.078802,0.000392,-0.056594,0.002799,0.000597
0,-0.170016,-0.012416,-0.020469,0.067425,0.026511,0.080398,0.002967,0.000597
0,0.053239,0.097033,0.237363,0.081143,0.191406,0.082339,0.000929,0.001694
0,-0.108175,-0.123852,-0.15006,-0.204212,-0.117912,-0.196713,0.001888,0.000597
0,-0.184177,0.067486,-0.06601,0.220214,-0.115718,0.214229,0.003214,0.001178
0,0.080212,-0.069693,0.244121,-0.149577,0.245456,-0.199472,0.0014,0.000597
0,0.128831,0.096192,0.024517,0.170525,-0.008614,0.178576,0.002249,0.001679
0,0.134701,0.152257,-0.01383,0.048308,0.024839,0.000636,0.002351,0.002657
0,-0.024472,0.125966,-0.16646,-0.012421,-0.123816,-0.043069,0.000427,0.002199
0,-0.073029,0.115514,-0.033227,-0.027585,-0.014785,-0.051193,0.001275,0.002016
0,-0.003813,-0.046608,0.055244,-0.148888,0.026269,-0.125056,6.7e-05,0.000597
0,0.009017,0.122504,-0.006636,0.1688,0.005907,0.187607,0.000157,0.002138
0,-0.124226,-0.109,-0.153628,-0.230816,-0.125183,-0.251733,0.002168,0.000597
0,-0.043172,0.084174,0.099065,0.165296,0.11806,0.150677,0.000753,0.001469
0,-0.110333,0.019797,-0.074571,-0.054694,-0.042188,-0.084821,0.001926,0.000597
0,0.099928,-0.082846,0.211624,-0.107249,0.210336,-0.149347,0.001744,0.000597
0,-0.086601,0.051029,-0.199086,0.163838,-0.17817,0.203077,0.001511,0.000891
0,-0.049099,-0.00757,0.03495,-0.04523,-0.010918,-0.06779,0.000857,0.000597
0,0.089308,0.08812,0.137369,0.071056,0.144679,0.040773,0.001559,0.001538
0,-0.034819,0.052047,-0.142247,-0.046311,-0.125998,-0.058072,0.000608,0.000908
0,0.035,-0.170506,0.056638,-0.225109,0.061021,-0.199856,0.000611,0.000597
0,-0.014708,-0.04051,-0.060229,0.150656,-0.032543,0.157823,0.000257,0.000597
0,-0.097796,-0.114154,-0.109618,-0.086059,-0.100044,-0.037839,0.001707,0.000597
0,0.078222,-0.097704,0.176295,0.04275,0.126469,0.024825,0.001365,0.000597
0,-0.087125,-0.025303,-0.14109,0.068545,-0.141452,0.055252,0.001521,0.000597
0,-0.052049,0.073519,0.023479,0.096358,0.045185,0.112031,0.000908,0.001283
0,0.012284,0.166949,0.048764,0.121556,0.05821,0.100162,0.000214,0.002914
0,0.058532,-0.107826,0.041827,-0.274265,0.082515,-0.300387,0.001022,0.000597
0,0.005862,0.106424,-0.07302,0.194689,-0.084654,0.241044,0.000102,0.001857
0,0.076461,0.071717,0.092691,-0.00967,0.106047,-0.031434,0.001335,0.001252
0,-0.073926,-0.092673,-0.150888,-0.189799,-0.15041,-0.221743,0.00129,0.000597
0,-0.018501,0.053447,0.079004,0.140156,0.06526,0.121464,0.000323,0.000933
0,-0.083217,-0.088638,-0.065399,-0.145185,-0.112449,-0.16274,0.001452,0.000597
0,-0.07949,-0.08384,-0.001856,-0.009027,-0.030646,-0.05731,0.001387,0.000597
0,-0.049514,0.010545,9.4e-05,0.123211,-0.037098,0.080221,0.000864,0.000597
0,-0.070977,0.0375,0.006517,0.03406,0.017317,-0.011406,0.001239,0.000654
0,-0.065224,0.024019,-0.01342,-0.01947,-0.046634,-0.063864,0.001138,0.000597
0,-0.095392,-0.074461,-0.032201,-0.090304,-0.064807,-0.133236,0.001665,0.000597
0,-0.139227,-0.038162,-0.060457,0.016144,-0.093478,-0.015854,0.00243,0.000597
0,-0.010906,0.071561,0.148958,0.085457,0.126471,0.126464,0.00019,0.001249
0,-0.051394,0.101828,-0.064976,0.04993,-0.072211,0.00408,0.000897,0.001777
0,-0.240433,-0.022539,-0.205677,-0.101767,-0.186497,-0.143379,0.003622,0.000597
0,0.005902,-0.106829,0.260911,-0.110806,0.242026,-0.125314,0.000103,0.000597
0,0.074211,-0.043307,0.08438,0.065366,0.039543,0.083884,0.001295,0.000597
0,0.015371,0.056366,-0.07419,0.070126,-0.037366,0.113264,0.000268,0.000984
0,0.016242,-0.059352,0.016349,-0.125666,0.065949,-0.119185,0.000283,0.000597
0,0.130996,0.063241,0.110756,0.103019,0.089796,0.085283,0.002286,0.001104
0,-0.083302,0.064625,-0.22375,0.031325,-0.261411,0.050075,0.001454,0.001128
0,0.084633,-0.125241,0.154869,-0.20836,0.176665,-0.182116,0.001477,0.000597
0,-0.00145,0.100599,-0.075478,0.239837,-0.115299,0.203131,2.5e-05,0.001756
0,-0.112309,-0.071167,-0.120413,-0.157213,-0.111785,-0.157935,0.00196,0.000597
0,-0.099236,-0.031241,-0.009733,0.031461,-0.002067,0.007343,0.001732,0.000597
0,0.013744,0.059456,0.094965,0.077458,0.05091,0.037951,0.00024,0.001038
0,-0.103068,0.05593,-0.124971,-0.033111,-0.154667,0.003299,0.001799,0.000976
0,0.115632,0.127935,0.219743,0.083742,0.217515,0.127919,0.002018,0.002233
0,0.018584,-0.030491,-0.104946,-0.185582,-0.122212,-0.219229,0.000324,0.000597
0,-0.036221,0.155187,-0.075044,0.202867,-0.095755,0.194403,0.000632,0.002709
0,0.006794,0.135007,0.045417,-0.028269,0.06673,0.012403,0.000119,0.002356
0,0.16243,0.087767,0.13998,-0.024541,0.163082,-0.052815,0.002835,0.001532
0,-0.073911,-0.09839,-0.246171,-0.18745,-0.274634,-0.149863,0.00129,0.000597
0,0.078569,-0.168301,0.122786,-0.090209,0.162142,-0.096955,0.001371,0.000597
0,-0.018181,-0.103548,-0.075717,0.09235,-0.059308,0.049707,0.000317,0.000597
0,0.078434,0.008812,0.102383,0.093444,0.109662,0.068348,0.001369,0.000597
0,0.052743,0.113074,-0.007139,0.119455,-0.009061,0.148829,0.000921,0.001974
0,-0.0347,0.123892,-0.070119,0.034915,-0.112495,0.002835,0.000606,0.002162
0,0.124564,0.020806,0.151107,-0.084488,0.173942,-0.089707,0.002174,0.000597
0,0.156791,0.016151,0.004141,-0.013126,-0.001647,-0.056999,0.002737,0.000597
0,0.123943,0.107404,-0.043282,0.11031,-0.057877,0.097705,0.002163,0.001875
0,-0.030225,-0.09373,-0.131953,-0.217842,-0.135342,-0.254777,0.000528,0.000597
0,0.052584,0.091536,0.084551,0.156524,0.096443,0.204091,0.000918,0.001598
0,-0.074324,0.11319,-0.140322,0.006445,-0.158838,-0.028699,0.001297,0.001976
0,0.012809,-0.011504,0.077896,-0.095528,0.105401,-0.046507,0.000224,0.000597
0,0.061055,-0.112078,0.020696,-0.12949,0.027886,-0.165495,0.001066,0.000597
0,-0.101328,-0.138572,-0.189006,-0.014798,-0.231554,0.027522,0.001769,0.000597
0,0.117445,-0.017872,0.244121,0.138213,0.291933,0.171421,0.00205,0.000597
0,0.112314,-0.070524,-0.023736,-0.029218,0.021141,-0.022864,0.00196,0.000597
0,-0.085962,-0.026629,-0.177834,0.01576,-0.222102,0.004657,0.0015,0.000597
0,-0.019372,-0.123205,0.065192,-0.096374,0.032645,-0.12205,0.000338,0.000597
0,-0.003316,0.027745,0.009416,0.124066,0.008135,0.121604,5.8e-05,0.000597
0,0.059649,0.016068,0.061606,-0.017123,0.094654,-0.024415,0.001041,0.000597
0,0.068288,0.140736,0.023479,0.135875,0.038949,0.166696,0.001192,0.002456
0,0.014342,-0.11283,-0.080178,-0.261701,-0.070478,-0.307224,0.00025,0.000597
0,0.180662,-0.052405,0.181943,0.076931,0.208324,0.095473,0.003153,0.000597
0,-1.942066,-0.155588,-2.114143,-0.11021,-2.128818,-0.155379,0.002624,0.000597
0,-2.688414,-0.134058,-0.719947,0.036469,-0.716625,0.014692,1.4e-05,0.000597
0,-3.495198,0.076767,-0.828927,0.207111,-0.874093,0.220614,0.00154,0.00134
0,-2.35298,-0.099498,1.129871,-0.197875,1.124048,-0.239284,0.001978,0.000597
0,-2.119063,0.123134,0.238117,0.23811,0.286241,0.271203,0.002105,0.002149
0,-1.955624,0.097652,0.1423,-0.015855,0.107425,0.026945,0.002861,0.001704
0,-1.098198,-0.121543,0.866415,-0.238561,0.881782,-0.249529,0.003531,0.000597
0,-0.803263,0.065172,0.318411,0.163046,0.328848,0.115595,0.001616,0.001137
0,-0.360565,0.150102,0.430148,0.088868,0.472524,0.07657,0.001525,0.00262
0,-0.174932,-0.118187,0.211603,-0.251143,0.162921,-0.296602,0.003053,0.000597
0,-0.202023,0.108761,-0.038997,0.229425,-0.031692,0.233938,0.003526,0.001898
0,0.037471,-0.074582,0.227284,-0.180914,0.231505,-0.170301,0.000654,0.000597
0,0.073621,0.038713,0.036192,0.135291,0.063141,0.15876,0.001285,0.000676
0,0.171905,-0.095119,0.072009,-0.129216,0.111636,-0.088417,0.003,0.000597
0,0.098209,0.091662,-0.056802,0.184875,-0.015304,0.178066,0.001714,0.0016
0,0.145809,0.059946,0.035192,-0.01887,0.079617,0.017309,0.002545,0.001046
0,0.25132,-0.10912,0.091138,-0.168785,0.055887,-0.206415,0.003432,0.000597
0,0.323954,-0.029732,0.076604,0.055332,0.062123,0.050597,0.002164,0.000597
0,1.417975,1.863438,1.1204,1.911579,1.103339,1.916701,0.001295,0.001252
0,1.566597,3.058804,0.143051,1.210166,0.134128,1.256329,0.003889,0.001339
0,1.826648,2.751369,0.251994,-0.294381,0.240994,-0.254131,0.00061,0.001113
0,2.369397,2.828268,0.559245,0.059019,0.521522,0.022031,0.002264,0.002455
0,1.829091,2.450791,-0.524245,-0.387788,-0.515812,-0.383063,0.000652,0.003685
0,1.661666,1.543033,-0.18616,-0.895766,-0.157329,-0.917363,0.00227,0.003477
0,1.262007,1.038085,-0.411504,-0.517868,-0.391709,-0.53662,0.001427,0.002482
0,0.824282,0.496339,-0.453738,-0.564124,-0.430053,-0.57288,0.001249,0.000845
0,0.349019,0.337958,-0.479084,-0.167922,-0.458503,-0.169387,0.001726,0.001919
0,0.300919,0.163843,-0.035041,-0.178309,0.003783,-0.167836,0.002566,0.00286
0,0.173302,0.160728,-0.143574,0.018883,-0.1337,0.063557,0.003025,0.002805
0,-0.156454,-0.111588,-0.31949,-0.272433,-0.339731,-0.274674,0.002731,0.001948
0,-0.122197,-0.053549,0.04949,0.077282,0.059867,0.101992,0.002133,0.000935
0,-0.102037,-0.130432,-0.001474,-0.080283,-0.002557,-0.064347,0.001781,0.002276
0,-0.092349,-0.189221,0.036041,-0.043139,0.071998,-0.070401,0.001612,0.003303
0,-0.261045,-0.290222,-0.168102,-0.09256,-0.172354,-0.117154,0.003262,0.002753
0,-0.202277,-0.233373,0.066432,0.069402,0.096981,0.118459,0.00353,0.003745
0,-0.198217,-0.32409,-0.010545,-0.109288,-0.044124,-0.092718,0.00346,0.002161
0,-0.332136,-0.016323,-0.140944,0.285122,-0.181148,0.293731,0.002021,0.000285
0,-0.238782,-0.056718,0.103072,-0.036237,0.096059,-0.050689,0.00365,0.00099
0,-0.023752,-0.151856,0.185578,-0.124318,0.194946,-0.16434,0.000415,0.00265
0,0.003825,-0.210298,0.009014,-0.071025,-0.001642,-0.031059,6.7e-05,0.00367
0,0.121802,-0.062667,0.118494,0.161266,0.090376,0.164066,0.002126,0.001094
0,0.114295,-0.208919,-0.012978,-0.133654,-0.052743,-0.124609,0.001995,0.003646
0,0.1591,-0.046653,0.016788,0.148692,-0.014842,0.103906,0.002777,0.000814
0,0.013947,-0.14465,-0.144534,-0.103495,-0.183546,-0.083186,0.000243,0.002525
0,0.033961,-0.062889,0.043844,0.09874,0.063037,0.137606,0.000593,0.001098
0,-0.027556,0.008278,-0.041165,0.07242,0.00762,0.111433,0.000481,0.000144
0,0.109804,-0.153525,0.164383,-0.178739,0.145509,-0.138876,0.001916,0.00268
0,-0.067319,0.051752,-0.164584,0.228674,-0.148428,0.244402,0.001175,0.000903
0,0.164734,0.064417,0.209297,-0.009707,0.204504,0.028032,0.002875,0.001124
0,0.004861,0.001303,-0.143348,-0.075865,-0.143985,-0.032668,8.5e-05,2.3e-05
0,0.186745,-0.081041,0.176693,-0.099541,0.143915,-0.131446,0.003259,0.001414
0,0.099607,-0.043887,-0.09498,0.02511,-0.045119,0.041012,0.001738,0.000766
0,-0.013596,0.086672,-0.099173,0.152631,-0.117201,0.11062,0.000237,0.001513
0,0.100194,-0.020427,0.102629,-0.128014,0.119605,-0.100766,0.001749,0.000357
0,0.211529,-0.010529,0.113407,0.011356,0.14782,0.018572,0.003692,0.000184
0,0.174423,0.030857,-0.053514,0.02217,-0.035072,0.056146,0.003044,0.000539
0,-0.013777,0.140411,-0.217185,0.134182,-0.196606,0.089218,0.00024,0.002451
0,0.096164,0.135699,0.09259,-0.004684,0.045832,0.035253,0.001678,0.002368
0,-0.012193,0.104475,-0.105663,-0.037855,-0.085226,-0.019134,0.000213,0.001823
0,0.110857,0.080826,0.101436,-0.007562,0.124065,0.031988,0.001935,0.001411
0,0.129771,-0.124006,0.020423,-0.19089,0.033044,-0.211766,0.002265,0.002164
0,-0.071319,-0.111808,-0.201408,-0.003017,-0.190689,-0.026437,0.001245,0.001951
0,0.136765,0.07862,0.193876,0.162705,0.195929,0.159499,0.002387,0.001372
0,0.13485,-0.087237,0.01581,-0.194416,-0.00449,-0.194299,0.002354,0.001523
0,-0.027804,-0.004206,-0.17675,0.072204,-0.205342,0.082027,0.000485,7.3e-05
0,0.134266,-0.006033,0.174433,0.007897,0.163681,-0.020466,0.002343,0.000105
0,0.040159,0.049281,-0.067787,0.079326,-0.060359,0.048535,0.000701,0.00086
0,0.12273,-0.120237,0.093987,-0.141545,0.1299,-0.149251,0.002142,0.002099
0,0.112576,-0.007306,0.008225,0.097816,0.009309,0.051033,0.001965,0.000128
0,0.195491,-0.072903,0.053065,-0.079562,0.095091,-0.107485,0.003412,0.001272
0,0.104751,-0.073443,-0.106267,-0.028627,-0.06468,-0.001723,0.001828,0.001282
0,0.190085,-0.022165,0.061627,0.059244,0.042182,0.024858,0.003318,0.000387
0,0.084079,0.096915,-0.104007,0.094045,-0.145941,0.128247,0.001467,0.001691
0,0.146258,0.001669,0.082903,-0.090075,0.123995,-0.093597,0.002553,2.9e-05
0,0.256541,0.09325,0.080306,0.107794,0.042418,0.068041,0.00334,0.001628
0,0.293738,-0.122389,0.02519,-0.244517,0.054702,-0.281584,0.002691,0.002136
0,0.238854,0.053606,-0.052459,0.167134,-0.038269,0.146494,0.003649,0.000936
0,0.145964,0.073839,-0.073683,0.021377,-0.070912,0.016191,0.002548,0.001289
0,0.148883,0.020538,0.000197,-0.08169,-0.021828,-0.118447,0.002598,0.000358
0,0.211509,-0.047385,0.089132,-0.050659,0.08747,-0.070716,0.003692,0.000827
0,0.126649,-0.076329,-0.09823,-0.014544,-0.097824,-0.015598,0.00221,0.001332
0,0.094807,-0.144537,-0.035374,-0.071566,0.01347,-0.054774,0.001655,0.002523
0,0.086791,-0.091045,0.00078,0.048143,-0.001721,0.046312,0.001515,0.001589
0,0.137128,-0.021758,0.030937,0.097824,0.059918,0.117296,0.002393,0.00038
0,0.197141,-0.081708,0.058437,-0.067487,0.019879,-0.017826,0.003441,0.001426
0,0.118614,-0.0044,-0.049503,0.09214,-0.076377,0.046188,0.00207,7.7e-05
0,0.086147,-0.125599,-0.039085,-0.098819,0.006832,-0.086196,0.001504,0.002192
0,0.003688,-0.114383,-0.083947,0.01408,-0.113965,0.014484,6.4e-05,0.001996
0,0.185706,0.062375,0.161859,0.19078,0.203007,0.164715,0.003241,0.001089
0,0.235636,-0.078132,0.061948,-0.165245,0.110146,-0.135134,0.003705,0.001364
0,0.152634,0.1093,-0.112168,0.162291,-0.116838,0.137318,0.002664,0.001908
0,0.0984,0.096401,-0.051653,-0.015674,-0.050732,-0.052557,0.001717,0.001683
0,0.282212,0.095121,0.206274,-0.008891,0.183735,-0.032917,0.002892,0.00166
0,0.174655,0.017866,-0.091201,-0.048559,-0.058342,-0.057484,0.003048,0.000312
0,0.253064,-0.150693,0.066006,-0.158983,0.03733,-0.16525,0.003401,0.00263
0,0.105476,-0.167082,-0.153628,0.013534,-0.104242,0.041528,0.001841,0.002916
0,0.280336,0.087479,0.200016,0.268631,0.177725,0.234144,0.002925,0.001527
0,0.28791,0.076333,-0.001413,0.004588,-0.026621,-0.034631,0.002793,0.001332
0,0.228967,-0.143322,-0.085741,-0.228748,-0.098383,-0.262933,0.003822,0.002501
0,0.18596,-0.062065,-0.062427,0.087464,-0.082967,0.075622,0.003246,0.001083
0,0.151549,0.046751,-0.035745,0.123652,-0.053234,0.085577,0.002645,0.000816
0,0.298901,0.033539,0.158466,-0.026681,0.202126,0.015529,0.002601,0.000585
0,0.343157,-0.161344,0.044657,-0.181453,0.09362,-0.13754,0.001829,0.002816
0,0.210645,-0.126169,-0.156543,0.012068,-0.167916,0.010453,0.003676,0.002202
0,0.196985,0.102408,-0.023499,0.220854,-0.042334,0.231091,0.003438,0.001787
0,0.155713,-0.10516,-0.022304,-0.184409,-0.046794,-0.163575,0.002718,0.001835
0,0.261548,-0.143019,0.077739,-0.037494,0.059988,-0.039313,0.003253,0.002496
0,0.087243,-0.113944,-0.145617,0.013347,-0.118697,-0.003549,0.001523,0.001989
0,0.256476,-0.072534,0.161564,0.066799,0.200258,0.034375,0.003342,0.001266
0,0.077035,0.035313,-0.158075,0.111043,-0.194961,0.145822,0.001345,0.000616
0,0.153894,-0.013313,0.053988,-0.078299,0.037416,-0.032946,0.002686,0.000232
0,0.063932,-0.131425,-0.078936,-0.132602,-0.053316,-0.178857,0.001116,0.002294
0,-0.01312,-0.023335,-0.099674,0.13576,-0.089902,0.13489,0.000229,0.000407
0,0.168778,-0.110538,0.153071,-0.09418,0.111275,-0.092849,0.002946,0.001929
0,0.056359,-0.068688,-0.096105,0.052085,-0.117426,0.002795,0.000984,0.001199
0,0.055801,-0.028468,-0.021019,0.027049,-0.043698,0.052496,0.000974,0.000497
0,0.153532,-0.097707,0.088325,-0.095931,0.075343,-0.070327,0.00268,0.001705
0,-0.088063,0.036423,-0.266244,0.154167,-0.304089,0.186922,0.001537,0.000636
0,0.195586,-0.02078,0.263437,-0.057512,0.269789,-0.066683,0.003414,0.000363
0,0.199191,-0.114256,0.010931,-0.067053,-0.025344,-0.023248,0.003477,0.001994
0,0.229015,0.087094,0.026536,0.205633,0.023616,0.17016,0.003821,0.00152
0,0.098286,-0.029625,-0.105609,-0.12701,-0.136743,-0.161649,0.001715,0.000517
0,-0.003963,-0.113318,-0.082818,-0.070559,-0.095909,-0.058346,6.9e-05,0.001978
0,0.26161,0.077458,0.260329,0.220586,0.213624,0.173817,0.003252,0.001352
0,0.051207,0.05969,-0.228178,0.006555,-0.227808,0.001418,0.000894,0.001042
0,-1.248015,-0.272375,-1.282273,-0.35361,-1.298319,-0.362101,0.001672,0.003064
0,-1.487445,-0.962193,-0.222279,-0.7027,-0.223519,-0.739142,0.002507,0.001158
0,-1.975703,-0.80954,-0.460313,0.13242,-0.442281,0.152039,0.003211,0.001507
0,-1.673935,-0.782233,0.294173,0.003031,0.277808,0.009075,0.002056,0.001983
0,-1.744268,-0.532539,-0.053444,0.245913,-0.014636,0.285624,0.000828,0.001477
0,-1.225622,-0.234431,0.49385,0.307791,0.494321,0.34196,0.002063,0.003726
0,-0.869078,-0.191413,0.376482,0.042836,0.4235,0.013912,0.000467,0.003341
0,-0.513793,-0.213257,0.377167,-0.048101,0.328847,-0.061191,0.001149,0.003722
0,-0.320647,-0.027171,0.21933,0.176076,0.173149,0.222607,0.002222,0.000474
0,-0.150661,-0.197524,0.193981,-0.154806,0.197686,-0.156907,0.00263,0.003447
0,-0.250774,-0.108867,-0.12814,0.07484,-0.085787,0.096623,0.003441,0.0019
0,-0.086017,-0.050861,0.192894,0.048434,0.240905,0.062832,0.001501,0.000888
0,-0.002384,0.039994,0.090464,0.107964,0.131787,0.156124,4.2e-05,0.000698
0,0.121145,-0.062264,0.14145,-0.082354,0.140341,-0.115459,0.002114,0.001087
0,0.723382,-0.699727,0.592942,-0.648172,0.600746,-0.643118,0.00301,0.003423
0,2.796126,-1.071661,2.043954,-0.380708,2.002987,-0.427141,0.001894,0.003068
0,3.074687,-0.99138,0.302136,0.082583,0.323417,0.05979,0.001062,0.001667
0,3.024138,-0.907193,-0.045862,0.074237,-0.011771,0.050684,0.001944,0.000198
0,2.570893,-0.6287,-0.465933,0.292492,-0.426926,0.320179,0.002037,0.003155
0,2.028223,-0.721995,-0.538803,-0.12286,-0.505151,-0.139636,0.00369,0.003035
0,1.483065,-0.3749,-0.568782,0.335388,-0.562518,0.360102,0.002431,0.001275
0,0.906261,-0.384361,-0.599599,0.019656,-0.574005,0.06565,0.000181,0.00111
0,0.599517,-0.256629,-0.282003,0.121122,-0.304047,0.10771,0.002646,0.003339
0,0.141816,-0.126887,-0.433865,0.122884,-0.396352,0.091,0.002475,0.002215
0,-0.148272,-0.079432,-0.318607,0.023449,-0.283929,0.033175,0.002588,0.001386
0,-0.259214,-0.062052,-0.122511,0.007497,-0.134012,0.016649,0.003294,0.001083
0,-0.257579,-0.018733,0.006473,0.026924,0.05446,0.063311,0.003322,0.000327
0,-0.148314,0.284325,0.080393,0.327816,0.095059,0.371628,0.002589,0.002855
0,-0.127776,-0.023301,0.037172,-0.331393,0.071092,-0.330214,0.00223,0.000407
0,-0.03187,0.130713,0.121345,0.127037,0.075205,0.112937,0.000556,0.002281
0,-0.148758,0.101311,-0.122939,-0.039403,-0.08504,-0.013414,0.002596,0.001768
0,-0.191239,0.160966,-0.026268,0.074919,0.010795,0.110173,0.003338,0.002809
0,-0.144308,0.013615,0.063334,-0.162363,0.05309,-0.18763,0.002519,0.000238
0,-0.162254,0.054938,-0.029236,0.060992,-0.018183,0.104701,0.002832,0.000959
0,-0.134886,-0.033657,0.03422,-0.077794,0.080619,-0.126867,0.002354,0.000587
0,-0.163398,-0.076251,-0.001616,-0.034297,0.016056,-0.053849,0.002852,0.001331
0,-0.021854,0.182195,0.124936,0.256983,0.097244,0.20774,0.000381,0.00318
0,-0.134726,-0.08205,-0.092228,-0.282922,-0.136713,-0.331289,0.002351,0.001432
0,-0.040964,0.031634,0.105503,0.099555,0.116951,0.137761,0.000715,0.000552
0,0.039957,-0.045422,0.062342,-0.069236,0.056443,-0.03369,0.000697,0.000793
0,-0.087556,0.156987,-0.154931,0.188086,-0.174727,0.150047,0.001528,0.00274
0,0.064422,0.057253,0.129275,-0.079298,0.117024,-0.101144,0.001124,0.000999
0,-0.05984,0.115148,-0.116283,0.079538,-0.105239,0.090736,0.001044,0.00201
0,-0.023041,0.168548,0.035129,0.053945,0.024908,0.092181,0.000402,0.002942
0,-0.165869,0.188951,-0.135116,0.027715,-0.10985,0.018536,0.002895,0.003298
0,0.013706,0.004807,0.15413,-0.180203,0.17661,-0.217522,0.000239,8.4e-05
0,-0.162939,0.23392,-0.193439,0.207285,-0.243352,0.203922,0.002844,0.003735
0,-0.020022,-0.032213,0.163963,-0.293087,0.134825,-0.254056,0.000349,0.000562
0,0.047781,0.141409,0.062035,0.163191,0.078842,0.149492,0.000834,0.002468
0,-0.01986,0.080106,-0.087629,-0.058756,-0.118903,-0.107521,0.000347,0.001398
0,-0.025109,0.131421,-0.02244,0.066071,0.015781,0.086267,0.000438,0.002294
0,-0.199938,0.2118,-0.161028,0.095307,-0.116722,0.071154,0.00349,0.003697
0,-0.086464,-0.048644,0.13562,-0.2722,0.118805,-0.237664,0.001509,0.000849
0,-0.056346,-0.086045,0.006728,-0.017496,0.018157,-0.029214,0.000983,0.001502
0,0.112663,0.010601,0.147676,0.125978,0.149403,0.159699,0.001966,0.000185
0,-0.049828,0.080537,-0.144391,0.078537,-0.150819,0.127472,0.00087,0.001406
0,-0.19499,0.044289,-0.126329,-0.06542,-0.165565,-0.084383,0.003403,0.000773
0,-0.082252,0.016094,0.121744,-0.038648,0.118903,-0.066006,0.001436,0.000281
0,-0.209281,0.105118,-0.112545,0.069574,-0.076423,0.104812,0.003653,0.001835
0,-0.049903,-0.036471,0.178942,-0.15397,0.224265,-0.105461,0.000871,0.000637
0,-0.052266,0.069336,-0.01504,0.133118,-0.042078,0.091414,0.000912,0.00121
0,-0.056118,0.106298,-0.027466,0.010695,0.017721,0.049425,0.000979,0.001855
0,-0.032971,-0.093954,0.00193,-0.205063,0.022082,-0.201543,0.000575,0.00164
0,0.064853,0.058592,0.072075,0.16661,0.108895,0.118119,0.001132,0.001023
0,-0.091455,-0.037764,-0.160333,-0.08584,-0.179064,-0.037134,0.001596,0.000659
0,-0.225813,0.097325,-0.109752,0.14466,-0.08115,0.110849,0.003877,0.001699
0,-0.187393,0.078138,0.015139,0.004568,-0.028,0.017921,0.003271,0.001364
0,-0.003491,0.0483,0.163597,-0.055968,0.150758,-0.092766,6.1e-05,0.000843
0,-0.017063,0.162304,-0.028931,0.128865,-0.020916,0.08507,0.000298,0.002833
0,-0.08202,-0.058448,-0.046717,-0.195191,-0.096158,-0.153432,0.001432,0.00102
0,0.03619,0.161422,0.106229,0.238789,0.147149,0.268428,0.000632,0.002817
0,-0.056132,0.017166,-0.100549,-0.166124,-0.078026,-0.163136,0.00098,0.0003
0,0.03167,-0.090552,0.059117,-0.12928,0.072316,-0.099881,0.000553,0.00158
0,0.026432,-0.095586,0.00438,0.018983,0.025512,-0.018807,0.000461,0.001668
0,0.118587,0.057508,0.096668,0.160237,0.082815,0.129846,0.00207,0.001004
0,0.094432,-0.167086,-0.046637,-0.199005,-0.081921,-0.185641,0.001648,0.002916
0,0.060383,-0.168942,-0.058555,0.003338,-0.107042,0.046036,0.001054,0.002949
0,-0.105539,-0.076924,-0.148952,0.105851,-0.147089,0.086598,0.001842,0.001343
0,0.126933,-0.132223,0.216389,-0.032656,0.217464,0.01305,0.002215,0.002308
0,0.1778,0.03823,0.066739,0.154067,0.113988,0.156989,0.003103,0.000667
0,0.051733,-0.113532,-0.149998,-0.173749,-0.125178,-0.153118,0.000903,0.001982
0,0.017752,-0.08417,-0.038482,0.020468,-0.062565,-0.01913,0.00031,0.001469
0,-0.021874,-0.073919,-0.033776,0.029792,-0.001359,0.060577,0.000382,0.00129
0,-0.007685,-0.068734,0.041144,0.029465,0.055922,0.002096,0.000134,0.0012
0,-0.063228,-0.021886,-0.060297,0.074076,-0.065741,0.060606,0.001104,0.000382
0,-0.002385,0.062996,0.088915,0.074437,0.050374,0.109393,4.2e-05,0.001099
0,-0.013305,-0.024256,-0.037835,-0.081594,-0.076084,-0.048349,0.000232,0.000423
0,-0.027152,-0.116097,0.003396,-0.082724,0.047475,-0.051899,0.000474,0.002026
0,-0.077384,-0.031377,-0.07305,0.060309,-0.032598,0.079703,0.001351,0.000548
0,0.07352,0.060674,0.128745,0.119705,0.160613,0.0835,0.001283,0.001059
0,0.015547,0.030766,-0.045133,-0.058494,-0.083096,-0.086077,0.000271,0.000537
0,-0.105659,-0.136877,-0.130268,-0.160177,-0.083415,-0.205906,0.001844,0.002389
0,-0.011441,-0.053001,0.106216,0.107838,0.152012,0.060286,0.0002,0.000925
0,0.04121,0.068916,0.051336,0.111355,0.098434,0.085384,0.000719,0.001203
0,-0.130909,-0.137294,-0.181216,-0.216584,-0.132623,-0.263757,0.002285,0.002396
0,-0.031367,-0.196372,0.082654,-0.065309,0.035426,-0.034357,0.000547,0.003427
0,0.088964,-0.184525,0.14542,-0.010827,0.174399,-0.054252,0.001553,0.003221
0,0.044502,0.048074,-0.046919,0.214147,-0.057419,0.204677,0.000777,0.000839
0,-0.053914,-0.164174,-0.128347,-0.195167,-0.173645,-0.178665,0.000941,0.002865
0,0.072313,-0.027244,0.119723,0.147847,0.08821,0.126122,0.001262,0.000475
0,-0.080325,-0.036057,-0.152372,-0.009811,-0.110237,0.016191,0.001402,0.000629
0,0.062701,0.057784,0.124505,0.115816,0.098161,0.113195,0.001094,0.001009
0,-0.156684,0.069404,-0.199119,0.037546,-0.187603,0.045575,0.002735,0.001211
0,-0.2508,0.116704,-0.089096,0.037622,-0.055326,-0.012015,0.003441,0.002037
0,-0.194952,-0.069669,0.08326,-0.214447,0.100123,-0.221806,0.003403,0.001216
0,-0.024966,0.012678,0.142997,0.111442,0.183739,0.134686,0.000436,0.000221
0,-0.236296,0.021926,-0.198104,-0.011227,-0.209821,0.018532,0.003694,0.000383
0,-0.244252,0.165335,0.010087,0.169208,-0.020556,0.208151,0.003555,0.002886
0,-0.16986,0.158693,0.099897,-0.019659,0.12216,0.014295,0.002965,0.00277
0,-0.23174,0.156532,-0.045948,0.021226,-0.054376,0.054753,0.003773,0.002732
0,-0.098492,0.175133,0.116294,-0.003427,0.152758,-0.024439,0.001719,0.003057
0,-0.020817,0.064501,0.053524,-0.12336,0.013508,-0.126048,0.000363,0.001126
0,-0.16239,-0.106771,-0.166345,-0.18646,-0.135406,-0.233619,0.002834,0.001864
0,0.01826,0.003095,0.151086,0.081622,0.105794,0.041961,0.000319,5.4e-05
0,-0.22631,0.099152,-0.257451,0.093046,-0.239414,0.129167,0.003868,0.001731
0,-0.116493,0.028472,0.139665,-0.082322,0.156562,-0.128214,0.002033,0.000497
0,-0.224908,0.132102,-0.085349,0.093344,-0.114099,0.117019,0.003892,0.002306
0,-0.180706,-0.056187,0.037876,-0.170583,0.035612,-0.19492,0.003154,0.000981
0,-0.140185,-0.01135,0.031446,0.024752,0.057379,0.059757,0.002447,0.000198
0,-0.105973,-0.085793,0.047791,-0.062745,0.09713,-0.084116,0.00185,0.001497
0,0.029668,-0.152858,0.131045,-0.090326,0.152748,-0.091936,0.000518,0.002668
0,-0.021552,-0.13569,-0.07375,0.019681,-0.121586,-0.004776,0.000376,0.002368
0,-0.165436,-0.005931,-0.115642,0.121026,-0.068532,0.081417,0.002887,0.000104
0,-0.0983,0.121496,0.053632,0.151282,0.065099,0.11929,0.001716,0.00212
0,-0.367402,0.053077,-0.264493,-0.064954,-0.243226,-0.10141,0.001405,0.000926
0,-0.319085,-0.074335,0.065816,-0.12634,0.095441,-0.133081,0.002249,0.001297
0,-0.195774,-0.08762,0.104877,-0.043168,0.073183,-0.059644,0.003417,0.001529
0,-0.291276,-0.137892,-0.08427,-0.061832,-0.067906,-0.064858,0.002734,0.002407
0,-0.295989,-0.100712,0.021701,0.049325,0.009723,0.033194,0.002652,0.001758
0,-0.272786,-0.035955,0.043365,0.041032,0.00802,0.077654,0.003057,0.000628
0,-0.135633,0.135663,0.12889,0.182492,0.083865,0.212678,0.002367,0.002368
0,-0.172957,0.157981,-0.043137,0.050442,-0.081925,0.062654,0.003019,0.002757
0,-0.180412,0.127441,-0.025459,-0.034907,-0.028721,-0.026525,0.003149,0.002224
0,-0.141352,0.093076,0.049966,-0.037365,0.061505,-0.078893,0.002467,0.001624
0,-0.223943,-0.016817,-0.077611,-0.134855,-0.054271,-0.105217,0.003909,0.000294
0,-0.01557,-0.129964,0.179747,-0.08587,0.132239,-0.110777,0.000272,0.002268
0,-0.128923,-0.142391,-0.112133,0.014102,-0.159417,0.031251,0.00225,0.002485
0,0.038419,0.112627,0.182031,0.256745,0.138708,0.237599,0.000671,0.001966
0,-0.15469,-0.081233,-0.171292,-0.213968,-0.21176,-0.179726,0.0027,0.001418
0,-0.15918,0.065243,0.013936,0.149014,-0.008599,0.110809,0.002778,0.001139
0,-0.08389,0.132693,0.060275,0.050582,0.066522,0.003282,0.001464,0.002316
0,-0.21927,0.052364,-0.149085,-0.081088,-0.187046,-0.101105,0.003827,0.000914
0,-0.041607,0.085948,0.178667,0.053447,0.209821,0.097177,0.000726,0.0015
0,-0.09659,0.185212,-0.047307,0.112462,-0.050833,0.131905,0.001686,0.003233
0,-0.01745,0.147328,0.060516,-0.044232,0.038404,-0.067683,0.000305,0.002571
0,-0.278021,0.007305,-0.270114,-0.135297,-0.269441,-0.181782,0.002966,0.000127
0,-0.261124,0.045969,0.01739,0.038209,0.013485,-0.010287,0.00326,0.000802
0,-0.159924,-0.070005,0.097218,-0.136644,0.136735,-0.160802,0.002791,0.001222
0,-0.025527,0.057712,0.142349,0.114425,0.181888,0.067387,0.000446,0.001007
0,-0.24075,-0.031686,-0.230639,-0.109044,-0.186214,-0.063464,0.003616,0.000553
0,0.030841,-0.030446,0.269177,-0.002627,0.303784,-0.027395,0.000538,0.000531
0,-0.159089,-0.171084,-0.190773,-0.147083,-0.217815,-0.112596,0.002777,0.002986
0,-0.094404,0.101657,0.050008,0.301577,0.007558,0.273238,0.001648,0.001774
0,-0.108743,-0.022609,-0.035279,-0.108083,-0.063154,-0.109718,0.001898,0.000395
0,0.011321,0.00979,0.092006,0.018963,0.098751,0.035402,0.000198,0.000171
0,-0.054492,0.025571,-0.073981,0.0062,-0.078171,-0.003085,0.000951,0.000446
0,-0.06601,0.081748,-0.011261,0.042829,-0.001456,0.055367,0.001152,0.001427
0,0.014935,-0.163155,0.064769,-0.230668,0.079146,-0.244835,0.000261,0.002848
0,-0.093018,0.037328,-0.08156,0.179272,-0.066229,0.134624,0.001623,0.000652
0,-0.126435,0.013509,-0.038049,-0.023531,0.006255,-0.050837,0.002207,0.000236
0,0.051243,0.081564,0.161079,0.044166,0.199734,0.051774,0.000894,0.001424
0,-0.142406,-0.081381,-0.205102,-0.188812,-0.177624,-0.209226,0.002485,0.00142
0,0.02009,-0.010545,0.164757,0.066491,0.125808,0.071198,0.000351,0.000184
0,0.104937,-0.090544,0.071755,-0.081996,0.094949,-0.071719,0.001832,0.00158
0,-0.005528,0.059355,-0.111164,0.165134,-0.133006,0.171469,9.6e-05,0.001036
0,0.140744,-0.122017,0.162642,-0.159259,0.205748,-0.149493,0.002456,0.00213
0,-0.019803,0.032844,-0.145413,0.16994,-0.109283,0.121539,0.000346,0.000573
0,0.083554,0.022923,0.08167,-0.028996,0.066382,-0.061967,0.001458,0.0004
0,-0.056789,-0.208863,-0.119034,-0.258071,-0.096714,-0.209752,0.000991,0.003645
0,2.2837,-0.423,2.339781,-0.196512,2.360974,-0.242481,0.000769,0.000435
0,2.721734,-0.550257,0.44527,-0.135567,0.417245,-0.174889,0.000596,0.001786
0,2.692141,-0.930359,-0.013826,-0.373102,0.030117,-0.4118,7.9e-05,0.000602
0,1.678981,-0.643546,-1.034915,0.2918,-1.058102,0.260403,0.001968,0.003414
0,-0.068455,-0.158315,-1.762052,0.484002,-1.785307,0.483013,0.001195,0.002763
0,-0.561011,-0.02684,-0.47605,0.156821,-0.466428,0.168029,0.001974,0.000468
0,-1.013965,0.104982,-0.476424,0.106743,-0.487269,0.128154,0.002061,0.001832
0,-0.945612,0.153371,0.089483,0.043004,0.091173,0.025672,0.000868,0.002677
0,-0.895556,0.18297,0.040432,0.020472,0.045651,0.050038,5e-06,0.003193
0,-1.002008,0.138221,-0.08024,-0.025,-0.046832,0.004677,0.001853,0.002412
0,-0.905344,0.023871,0.120218,-0.130996,0.127853,-0.102275,0.000165,0.000417
0,-0.759928,0.075609,0.165437,0.073464,0.12105,0.114618,0.002373,0.00132
0,-0.364761,-0.016676,0.415923,-0.078429,0.446311,-0.108193,0.001452,0.000291
0,-0.569429,0.186246,-0.192681,0.198231,-0.151127,0.239261,0.002121,0.003251
0,-0.38594,0.036617,0.17794,-0.16212,0.133695,-0.208988,0.001082,0.000639
0,-0.253404,0.140712,0.138488,0.100212,0.126912,0.056265,0.003395,0.002456
0,-0.39538,0.00817,-0.121467,-0.156837,-0.146213,-0.182118,0.000917,0.000143
0,-0.304596,0.072221,0.116129,0.047868,0.107576,0.050125,0.002502,0.00126
0,-0.419712,-0.044068,-0.122363,-0.140275,-0.167233,-0.142926,0.000493,0.000769
0,-0.296735,-0.040389,0.105738,0.000378,0.151651,-0.011898,0.002639,0.000705
0,-0.31513,0.037542,-0.008871,0.094547,-0.014995,0.11679,0.002318,0.000655
0,-0.326414,0.078875,-0.020327,0.060447,-0.022164,0.072039,0.002121,0.001377
0,-0.210261,-0.066166,0.127286,-0.121678,0.084785,-0.093581,0.00367,0.001155
0,-0.256208,0.170305,-0.03788,0.218835,-0.010239,0.262835,0.003346,0.002972
0,-0.11973,0.005562,0.153917,-0.178973,0.10821,-0.142247,0.00209,9.7e-05
0,-0.229044,0.087627,-0.136643,0.077283,-0.151103,0.040894,0.00382,0.001529
0,-0.244017,0.079448,0.009013,-0.007584,0.01118,0.013038,0.003559,0.001387
0,-0.013502,0.028501,0.211045,-0.069168,0.24775,-0.091145,0.000236,0.000497
0,-0.130105,0.030498,-0.131224,0.014068,-0.109828,0.011902,0.002271,0.000532
0,-0.124813,-0.081017,0.01338,-0.111478,0.018712,-0.141245,0.002178,0.001414
0,0.028799,0.106919,0.152097,0.167462,0.18401,0.134076,0.000503,0.001866
0,-0.000577,0.066131,-0.053249,-0.068451,-0.026835,-0.073372,1e-05,0.001154
0,-0.156151,0.017701,-0.153699,-0.04361,-0.131111,-0.040877,0.002725,0.000309
0,0.003927,0.130979,0.153132,0.121839,0.20228,0.095158,6.9e-05,0.002286
0,-0.064847,0.048634,-0.055044,-0.078507,-0.007422,-0.106207,0.001132,0.000849
0,-0.02658,0.005118,0.01538,-0.041954,-0.008042,-0.062827,0.000464,8.9e-05
0,0.021541,0.002404,0.023237,-0.011992,-0.020212,0.0052,0.000376,4.2e-05
0,-0.111701,-0.11331,-0.126872,-0.096974,-0.099898,-0.06597,0.00195,0.001978
0,-0.025842,0.06804,0.111037,0.210176,0.112102,0.199094,0.000451,0.001188
0,-0.149563,-0.033696,-0.139805,-0.089378,-0.126763,-0.115248,0.00261,0.000588
0,-0.092611,0.053844,0.041141,0.057711,0.059841,0.012846,0.001616,0.00094
0,-0.172507,-0.063514,-0.109245,-0.105194,-0.120231,-0.088123,0.003011,0.001109
0,-0.112763,-0.034125,0.050048,0.051454,0.098008,0.058926,0.001968,0.000596
0,-0.217547,0.048522,-0.103375,0.069886,-0.14147,0.043549,0.003797,0.000847
0,-0.15421,-0.058927,0.03638,-0.105359,0.049659,-0.144245,0.002691,0.001028
0,-0.13083,-0.144397,0.020876,-0.071441,0.015623,-0.065479,0.002283,0.00252
0,-0.14447,-0.119313,-0.020024,0.042898,-0.054277,0.012002,0.002521,0.002082
0,-0.22704,-0.021772,-0.110963,0.083877,-0.128018,0.117677,0.003855,0.00038
0,-0.096997,-0.107949,0.153628,-0.096231,0.14442,-0.112483,0.001693,0.001884
0,0.007303,-0.100867,0.08517,-0.007596,0.093357,0.009377,0.000127,0.00176
0,-0.178604,-0.159702,-0.201245,-0.079193,-0.228978,-0.08613,0.003117,0.002787
0,-0.057751,0.008124,0.134916,0.170614,0.143891,0.151457,0.001008,0.000142
0,0.884027,0.007264,0.911977,0.025575,0.916883,-0.01167,0.000207,0.000127
0,1.946937,0.515021,1.046625,0.51056,0.998846,0.46479,0.002709,0.001171
0,2.36771,0.62144,0.443745,0.12488,0.465161,0.091666,0.002235,0.003028
0,1.997131,0.640833,-0.358206,0.005414,-0.365364,0.047193,0.003585,0.003367
0,2.216703,0.530939,0.235798,-0.11205,0.236879,-0.08986,0.000401,0.001449
0,2.085767,0.469955,-0.123897,-0.08004,-0.091543,-0.103593,0.002686,0.000384
0,1.456456,0.314369,-0.611752,-0.126747,-0.640004,-0.17286,0.001966,0.002331
0,1.049458,0.310773,-0.435652,0.026063,-0.428476,0.021848,0.002681,0.002394
0,0.724067,0.149499,-0.348197,-0.135203,-0.39563,-0.163972,0.002998,0.002609
0,0.503901,0.053174,-0.231458,-0.124462,-0.243594,-0.168135,0.000977,0.000928
0,0.227487,0.0543,-0.301931,-0.006153,-0.288586,-0.048188,0.003847,0.000948
0,-0.111423,0.057245,-0.343226,0.015826,-0.298741,0.02609,0.001945,0.000999
0,-0.34187,-0.064778,-0.211967,-0.149248,-0.215143,-0.186123,0.001851,0.001131
0,-0.29302,0.046914,0.075598,0.132459,0.069253,0.128218,0.002704,0.000819
0,-0.248696,0.146367,0.065794,0.125686,0.112988,0.119309,0.003477,0.002555
0,-0.262283,0.062309,-0.022022,-0.068256,-0.049753,-0.038465,0.00324,0.001088
0,0.014522,0.011235,0.262015,-0.064287,0.227055,-0.091957,0.000253,0.000196
0,0.03401,-0.06935,0.032926,-0.086648,0.045421,-0.0598,0.000594,0.00121
0,0.055372,0.084345,0.034956,0.130298,0.08471,0.126318,0.000966,0.001472
0,0.084238,-0.087024,0.043913,-0.165405,0.046829,-0.176885,0.00147,0.001519
0,0.067486,-0.141592,-0.033549,-0.031819,-0.018083,-0.018484,0.001178,0.002471
0,0.069167,-0.165466,-0.016524,-0.033499,0.024184,-0.08241,0.001207,0.002888
0,-0.014824,-0.094779,-0.083639,0.04746,-0.087638,0.061482,0.000259,0.001654
0,0.011462,0.098826,0.029105,0.171104,0.005279,0.130661,0.0002,0.001725
0,-0.016228,0.064167,-0.003707,-0.008616,-0.020447,0.00097,0.000283,0.00112
0,-0.036626,0.038078,-0.0062,-0.052385,0.009407,-0.095295,0.000639,0.000665
0,0.110997,0.01792,0.15055,-0.041106,0.147442,-0.072939,0.001937,0.000313
0,0.185762,-0.08189,0.065856,-0.1198,0.108854,-0.120948,0.003242,0.001429
0,0.221312,-0.087313,0.04378,0.01416,0.000642,-0.006209,0.003863,0.001524
0,0.009343,0.106563,-0.203796,0.184491,-0.210547,0.16954,0.000163,0.00186
0,0.023249,-0.13817,0.023793,-0.219187,0.050092,-0.18049,0.000406,0.002412
0,0.084273,-0.058724,0.042464,0.071487,0.022307,0.051249,0.001471,0.001025
0,0.224181,-0.100455,0.130113,-0.0681,0.087066,-0.063632,0.003905,0.001753
0,0.005176,0.051686,-0.211083,0.17532,-0.163892,0.191794,9e-05,0.000902
0,-0.020879,0.093784,-0.049066,0.070513,-0.002439,0.032638,0.000364,0.001637
0,0.124769,-0.027105,0.145746,-0.12421,0.190253,-0.168412,0.002178,0.000473
0,0.145492,-0.079871,0.031263,-0.080191,-0.01579,-0.069617,0.002539,0.001394
0,0.146378,0.031445,0.02233,0.098241,0.029177,0.075081,0.002555,0.000549
0,-0.011657,-0.026902,-0.143019,-0.059234,-0.151058,-0.068001,0.000203,0.00047
0,0.120687,0.148812,0.103472,0.201664,0.071743,0.197155,0.002106,0.002597
0,0.245289,0.075147,0.133876,-0.083361,0.141192,-0.115882,0.003537,0.001312
0,0.103207,0.129859,-0.146901,0.060904,-0.109999,0.097184,0.001801,0.002266
0,-0.017811,0.171293,-0.11599,0.021068,-0.155402,-0.013613,0.000311,0.00299
0,0.11526,0.146981,0.12138,-0.034389,0.093629,-0.079193,0.002012,0.002565
0,0.07074,0.037354,-0.035248,-0.129273,-0.082719,-0.147493,0.001235,0.000652
0,0.077537,0.052456,0.021882,0.008378,-0.009533,0.050081,0.001353,0.000916
0,0.083405,0.056268,0.030566,-0.003764,0.069038,-0.048485,0.001456,0.000982
0,0.044724,-0.012924,-0.035713,-0.067311,-0.023474,-0.09565,0.000781,0.000226
0,0.112532,-0.125411,0.091856,-0.110296,0.053422,-0.105684,0.001964,0.002189
0,0.009091,0.143561,-0.091221,0.261578,-0.103035,0.264287,0.000159,0.002506
0,-0.073474,0.035985,-0.09625,-0.127505,-0.09826,-0.118643,0.001282,0.000628
0,-0.019653,0.012716,0.079707,-0.010681,0.103262,-0.05573,0.000343,0.000222
0,-0.094616,-0.113145,-0.076304,-0.109171,-0.059484,-0.154011,0.001651,0.001975
0,0.164439,0.110878,0.263546,0.235708,0.30954,0.220412,0.00287,0.001935
0,-0.044894,-0.062815,-0.225702,-0.17465,-0.210715,-0.16902,0.000784,0.001096
0,0.023697,-0.155877,0.074013,-0.077838,0.041279,-0.03918,0.000414,0.002721
0,-0.058413,-0.034895,-0.104753,0.092677,-0.056796,0.080858,0.00102,0.000609
0,-0.09006,0.111743,-0.011617,0.124888,-0.027162,0.134406,0.001572,0.00195
0,0.142365,-0.14162,0.22517,-0.281968,0.213394,-0.271269,0.002485,0.002472
0,0.119339,-0.035184,-0.007171,0.105877,-0.000978,0.144308,0.002083,0.000614
0,-0.017953,-0.072674,-0.145689,-0.018511,-0.14628,0.007114,0.000313,0.001268
0,0.134518,-0.067667,0.14403,0.022342,0.143458,0.034824,0.002348,0.001181
0,0.100161,0.095016,-0.009137,0.17203,-0.037832,0.215788,0.001748,0.001658
0,-0.05444,-0.043675,-0.182079,-0.13032,-0.136892,-0.095343,0.00095,0.000762
0,0.06711,0.129371,0.150977,0.163971,0.153027,0.124321,0.001171,0.002258
0,-0.052174,-0.040875,-0.096652,-0.184038,-0.06194,-0.19944,0.000911,0.000713
0,0.074237,0.127872,0.114727,0.141467,0.093047,0.113976,0.001296,0.002232
0,-0.112008,0.047569,-0.190823,-0.08066,-0.178503,-0.116401,0.001955,0.00083
0,0.103375,0.00439,0.244911,-0.071354,0.199294,-0.04688,0.001804,7.7e-05
0,-0.148331,-0.055229,-0.255475,-0.072774,-0.263932,-0.025226,0.002589,0.000964
0,-0.067912,-0.086864,0.10588,-0.050386,0.150999,-0.084831,0.001185,0.001516
0,-0.12911,-0.001978,-0.060969,0.111805,-0.089566,0.129431,0.002253,3.5e-05
0,-0.045987,-0.044134,0.094498,-0.063147,0.071495,-0.047196,0.000803,0.00077
0,-0.084927,0.051257,-0.032845,0.094807,-0.027232,0.142844,0.001482,0.000895
0,0.064585,0.034429,0.165881,-0.002018,0.185797,0.02319,0.001127,0.000601
0,0.091199,0.076498,0.006548,0.039785,0.023757,0.01336,0.001592,0.001335
0,0.067709,0.033103,-0.029238,-0.045639,-0.002775,-0.026265,0.001182,0.000578
0,-0.097491,0.05039,-0.154976,0.015876,-0.132391,-0.008276,0.001702,0.000879
0,0.016234,-0.044241,0.121797,-0.085205,0.092659,-0.043678,0.000283,0.000772
0,0.084746,-0.113853,0.076476,-0.080213,0.086606,-0.031901,0.001479,0.001987
0,0.009009,-0.0483,-0.055323,0.094252,-0.043967,0.084695,0.000157,0.000843
0,0.131354,-0.018732,0.137244,0.040541,0.166378,0.061218,0.002293,0.000327
0,0.041574,0.107282,-0.115639,0.110209,-0.134808,0.114217,0.000726,0.001872
0,0.055043,0.096232,0.037854,-0.01605,0.042628,-0.012262,0.000961,0.00168
0,0.076456,0.07573,0.029575,0.003709,0.012873,-0.037243,0.001334,0.001322
0,0.063282,-0.019816,-0.000916,-0.117873,-0.021986,-0.159609,0.001104,0.000346
0,0.080883,-0.028454,0.038908,0.016686,0.012334,0.055523,0.001412,0.000497
0,-0.17165,0.09162,-0.236057,0.143855,-0.235487,0.149064,0.002996,0.001599
0,-0.070966,-0.044818,0.108756,-0.125065,0.131205,-0.085829,0.001239,0.000782
0,-0.073154,-0.034603,-0.007566,-0.002547,-0.056897,-0.035964,0.001277,0.000604
0,-0.152765,0.121555,-0.062882,0.134959,-0.057616,0.09776,0.002666,0.002122
0,0.100868,0.043751,0.253384,-0.077632,0.272031,-0.106544,0.00176,0.000764
0,0.075896,0.145008,-0.009066,0.085293,-0.010046,0.092726,0.001325,0.002531
0,0.037465,0.13634,-0.018834,0.007006,0.026493,-0.042553,0.000654,0.00238
0,0.211169,0.058357,0.168117,-0.091665,0.188393,-0.093587,0.003686,0.001019
0,0.063728,0.15403,-0.133251,0.070281,-0.129378,0.072557,0.001112,0.002688
0,0.093303,-0.12681,0.018232,-0.302803,0.058101,-0.312147,0.001628,0.002213
0,-0.017163,0.034742,-0.126741,0.144867,-0.087817,0.113133,0.0003,0.000606
0,0.134943,-0.046197,0.171016,-0.073284,0.206121,-0.023772,0.002355,0.000806
0,0.185201,-0.007152,0.041207,0.027141,0.061631,-0.019658,0.003232,0.000125
0,0.079466,-0.021262,-0.101722,-0.000566,-0.054247,0.048261,0.001387,0.000371
0,0.152209,0.071159,0.088173,0.09264,0.087141,0.115964,0.002657,0.001242
0,-0.051292,0.112909,-0.222452,0.040114,-0.231219,0.003934,0.000895,0.001971
0,0.050831,0.080932,0.126679,-0.040624,0.10854,-0.023901,0.000887,0.001413
0,-1.023943,-0.614576,-1.075107,-0.706887,-1.082116,-0.694093,0.002235,0.002909
0,-1.806962,-0.831592,-0.782003,-0.21987,-0.740626,-0.183078,0.000266,0.001122
0,-2.089429,-1.235104,-0.28305,-0.399591,-0.298119,-0.365245,0.002622,0.001897
0,-1.767929,-0.991046,0.320839,0.251807,0.366303,0.25579,0.000415,0.001661
0,-1.556995,-0.946735,0.235675,0.037087,0.192149,0.049182,0.003721,0.000888
0,-1.394605,-0.722625,0.151985,0.20432,0.185175,0.172512,0.000887,0.003024
0,-1.041471,-0.410825,0.371512,0.295597,0.392862,0.3335,0.002541,0.000648
0,-0.826676,-0.445856,0.186691,-0.009452,0.207957,0.008229,0.001208,0.000597
0,-0.669721,-0.095504,0.165855,0.323604,0.187691,0.337136,0.003871,0.000597
0,-0.374322,-0.151129,0.310459,-0.032535,0.273988,-0.009285,0.001285,0.000597
0,-0.439457,-0.065035,-0.084499,0.073388,-0.08189,0.038937,0.000148,0.000597
0,-0.317846,-0.006706,0.122439,0.069102,0.101099,0.028514,0.00227,0.000597
0,-0.068995,0.03071,0.271924,0.00788,0.229514,0.041624,0.001204,0.000597
0,0.086671,-0.140521,0.180093,-0.165321,0.211024,-0.207748,0.001513,0.000597
0,0.28676,0.075436,0.199906,0.22969,0.247452,0.223713,0.002813,0.001317
0,0.266869,0.107536,-0.003124,0.032902,-0.008195,0.006457,0.00316,0.001877
0,0.088686,-0.05516,-0.173813,-0.176937,-0.139305,-0.144539,0.001548,0.000597
0,0.025515,0.035061,-0.079582,0.07821,-0.056461,0.069333,0.000445,0.000612
0,0.248663,-0.136299,0.21891,-0.193336,0.18431,-0.184112,0.003478,0.000597
0,0.141196,-0.015812,-0.105179,0.095344,-0.067569,0.109531,0.002464,0.000597
0,-0.108657,0.003591,-0.262818,0.014294,-0.305377,0.054019,0.001896,0.000597
0,-0.058864,-0.025315,0.04496,-0.013724,0.022411,0.023509,0.001027,0.000597
0,0.050028,0.025683,0.079824,0.029369,0.086591,0.038945,0.000873,0.000597
0,-0.039754,0.109155,-0.07764,0.092537,-0.062421,0.10231,0.000694,0.001905
0,-0.040063,0.153939,-0.006036,0.0316,0.026034,0.029792,0.000699,0.002687
0,0.002011,0.084813,0.028344,-0.039939,0.015828,-0.011083,3.5e-05,0.00148
0,-0.150404,-0.018103,-0.126883,-0.074741,-0.118812,-0.087878,0.002625,0.000597
0,-0.06262,0.09935,0.102448,0.106125,0.137997,0.070641,0.001093,0.001734
0,-0.172399,-0.035371,-0.132657,-0.145365,-0.116699,-0.098577,0.003009,0.000597
0,-0.025831,0.017933,0.135906,0.030222,0.097153,0.0563,0.000451,0.000597
0,-0.114749,-0.131896,-0.064224,-0.161896,-0.109468,-0.203699,0.002003,0.000597
0,-0.115199,-0.074489,-0.000101,0.042339,0.030331,0.086828,0.002011,0.000597
0,-0.065547,-0.084947,0.040033,-0.039534,0.082186,-0.021433,0.001144,0.000597
0,-0.01171,0.049074,0.070639,0.105401,0.102078,0.103441,0.000204,0.000857
0,0.02453,-0.110701,0.048243,-0.151718,0.029933,-0.130058,0.000428,0.000597
0,-0.065742,0.069889,-0.092938,0.205964,-0.046475,0.16277,0.001147,0.00122
0,-0.101272,0.10667,-0.060282,0.066121,-0.047699,0.107503,0.001768,0.001862
0,-0.067252,-0.150194,0.033109,-0.24488,0.013545,-0.271544,0.001174,0.000597
0,0.132715,-0.002606,0.221346,0.13495,0.182967,0.096836,0.002316,0.000597
0,0.052432,-0.13876,-0.070679,-0.127877,-0.035307,-0.158058,0.000915,0.000597
0,-0.127865,-0.02497,-0.1611,0.103522,-0.156275,0.146451,0.002232,0.000597
0,-0.134669,0.02906,-0.024675,0.053199,-0.057525,0.035882,0.00235,0.000597
0,0.006266,0.056621,0.111858,0.033391,0.105438,-0.013654,0.000109,0.000988
0,-0.096829,-0.062101,-0.123897,-0.103317,-0.135444,-0.06391,0.00169,0.000597
0,0.13271,-0.085616,0.256369,-0.002092,0.255659,0.030467,0.002316,0.000597
0,0.112723,-0.163836,-0.016344,-0.069003,-0.032644,-0.071161,0.001967,0.000597
0,0.015721,0.079694,-0.092153,0.224659,-0.0924,0.25237,0.000274,0.001391
0,0.102695,0.081658,0.066062,0.030257,0.086737,0.038535,0.001792,0.001425
0,0.086574,0.051593,-0.019563,-0.020943,-0.035749,0.026189,0.001511,0.0009
0,0.097652,-0.080309,-0.005114,-0.128358,-0.024718,-0.156127,0.001704,0.000597
0,-0.114399,0.09553,-0.185414,0.16885,-0.204962,0.211046,0.001997,0.001667
0,0.099278,-0.048224,0.197686,-0.123668,0.24444,-0.13449,0.001733,0.000597
0,-0.029981,-0.040118,-0.131947,-0.008751,-0.111785,0.034509,0.000523,0.000597
0,0.161557,-0.12974,0.215239,-0.077661,0.265172,-0.113805,0.00282,0.000597
0,0.140271,-0.141017,-0.029012,-0.025514,-0.027669,0.018698,0.002448,0.000597
0,-0.03878,0.015898,-0.161987,0.148724,-0.199288,0.186146,0.000677,0.000597
0,-0.081194,-0.096462,-0.054128,-0.13066,-0.014785,-0.118361,0.001417,0.000597
0,-0.126777,-0.051373,-0.017413,0.019351,-0.014607,0.001139,0.002213,0.000597
0,-0.009765,-0.032535,0.123217,0.020229,0.152623,-0.005486,0.00017,0.000597
0,-0.026793,0.015129,-0.017268,0.031882,-0.030436,0.013942,0.000468,0.000597
0,-0.108507,-0.020621,-0.079814,-0.010545,-0.083435,-0.017686,0.001894,0.000597
0,0.04569,0.100917,0.169056,0.138293,0.123828,0.093262,0.000797,0.001761
0,-0.022461,-0.08882,-0.090938,-0.160293,-0.071954,-0.124527,0.000392,0.000597
0,-0.029246,-0.031864,-0.03406,0.044901,-0.010935,0.063182,0.00051,0.000597
0,-0.166737,-0.056691,-0.132757,0.003255,-0.179253,-0.00233,0.00291,0.000597
0,0.034574,-0.049765,0.190717,0.018454,0.171336,0.008685,0.000603,0.000597
0,-0.216568,-0.002179,-0.252069,0.039732,-0.249926,0.015884,0.00378,0.000597
0,-0.013029,0.1467,0.184162,0.124125,0.192554,0.154261,0.000227,0.00256
0,-0.045332,0.198476,-0.034356,0.061204,-0.035938,0.064321,0.000791,0.003464
0,-0.131472,0.172113,-0.079704,-0.022855,-0.050019,0.00164,0.002295,0.003004
0,-0.265399,-0.046449,-0.135955,-0.21705,-0.093476,-0.25721,0.003186,0.000597
0,-0.067081,0.217205,0.174618,0.283073,0.185842,0.28237,0.001171,0.003791
0,-0.333986,0.020583,-0.291878,-0.201263,-0.2706,-0.190285,0.001989,0.000597
0,-0.073124,0.048639,0.262384,0.046681,0.29562,0.063198,0.001276,0.000849
0,-0.249416,0.108013,-0.172663,0.052842,-0.205279,0.091651,0.003465,0.001885
0,-0.118441,-0.074055,0.156922,-0.211979,0.116199,-0.196444,0.002067,0.000597
0,0.083736,-0.086589,0.193284,-0.032306,0.216284,-0.024995,0.001461,0.000597
0,-0.20041,-0.112407,-0.293979,-0.043785,-0.250644,-0.057934,0.003498,0.000597
0,-0.113779,-0.057939,0.060522,0.077487,0.053977,0.046475,0.001986,0.000597
0,-0.254573,0.079147,-0.159326,0.137524,-0.182566,0.162127,0.003375,0.001381
0,0.05483,-0.135141,0.300956,-0.203114,0.334172,-0.227815,0.000957,0.000597
0,-0.118146,-0.152572,-0.149612,-0.004084,-0.197151,0.008322,0.002062,0.000597
0,0.027225,0.105996,0.15744,0.264477,0.169129,0.269982,0.000475,0.00185
0,-0.177992,0.13242,-0.232395,0.0525,-0.225167,0.096668,0.003107,0.002311
0,-0.201163,-0.125168,-0.016817,-0.26427,-0.04776,-0.309215,0.003511,0.000597
0,0.034918,-0.033513,0.208287,0.083685,0.211072,0.131796,0.000609,0.000597
0,0.008546,0.057271,-0.051347,0.087547,-0.074372,0.07313,0.000149,0.001
0,-0.211308,-0.019103,-0.209672,-0.079038,-0.175424,-0.070359,0.003688,0.000597
0,-0.118715,0.04024,0.106727,0.03554,0.083983,0.028874,0.002072,0.000702
0,-0.081699,0.021282,0.037132,-0.039861,0.05986,-0.052975,0.001426,0.000597
0,-0.082473,-0.024102,0.024245,-0.035332,0.070581,-0.043436,0.001439,0.000597
0,-0.047979,0.017984,0.016214,0.030163,0.037476,0.030891,0.000837,0.000597
0,-0.089529,-0.000366,-0.03186,-0.009716,0.016127,-0.005302,0.001563,0.000597
0,-0.078205,-0.037907,-4e-05,-0.061522,-0.039665,-0.037917,0.001365,0.000597
0,-0.321297,-0.086636,-0.23442,-0.026014,-0.227934,0.006426,0.00221,0.000597
0,-0.149747,-0.019461,0.172052,0.059624,0.220758,0.105352,0.002614,0.000597
0,-0.234476,0.111262,-0.102748,0.13716,-0.089063,0.149226,0.003726,0.001942
0,-0.172969,0.060877,0.033994,-0.056173,0.070777,-0.042641,0.003019,0.001063
0,-0.252531,-0.104036,-0.050128,-0.187647,-0.089468,-0.222029,0.00341,0.000597
0,-0.290988,0.077728,-0.038163,0.205779,-0.060431,0.202392,0.002739,0.001357
0,-0.024639,-0.111275,0.278874,-0.179881,0.280236,-0.14718,0.00043,0.000597
0,-0.126282,-0.043343,-0.112764,0.05037,-0.106466,0.090789,0.002204,0.000597
0,-0.167186,0.167503,-0.049783,0.208769,-0.020518,0.167957,0.002918,0.002923
0,-0.081287,0.163018,0.084325,-0.001527,0.035613,0.042439,0.001419,0.002845
0,0.020836,-0.071141,0.086932,-0.207932,0.084327,-0.241858,0.000364,0.000597
0,0.031767,0.158617,0.002184,0.234861,0.039124,0.216908,0.000554,0.002768
0,0.027066,-0.014584,-0.010194,-0.172383,-0.023151,-0.158984,0.000472,0.000597
0,-0.054205,-0.028202,-0.090206,-0.031686,-0.091069,-0.005961,0.000946,0.000597
0,-0.064518,-0.081273,-0.007314,-0.030216,-0.005099,-0.00519,0.001126,0.000597
0,-0.289664,0.091402,-0.239315,0.142948,-0.202209,0.176941,0.002762,0.001595
0,-0.211483,0.162743,0.101632,0.092707,0.090645,0.070411,0.003691,0.00284
0,-0.138063,-0.085824,0.075346,-0.261879,0.045863,-0.298353,0.00241,0.000597
0,-0.210015,0.016205,-0.050386,0.088096,-0.041347,0.08648,0.003665,0.000597
0,-0.05155,-0.016195,0.179071,-0.035225,0.191611,-0.084125,0.0009,0.000597
0,1.389821,0.126365,1.425604,0.131954,1.39038,0.133799,0.000803,0.002205
0,3.170668,-0.104084,1.806262,-0.227059,1.757131,-0.204855,0.000613,0.000597
0,4.289442,0.098886,1.139257,0.178766,1.159229,0.226095,0.003314,0.001726
0,4.950145,0.13822,0.657425,0.064064,0.69491,0.028825,0.0004,0.002412
0,4.239663,0.132359,-0.697211,-0.013746,-0.713349,0.009922,0.003635,0.00231
0,4.190444,0.084393,-0.044888,-0.031477,-0.057831,0.015089,0.002776,0.001473
0,3.277508,-0.080978,-0.928988,-0.181092,-0.903964,-0.200238,0.002478,0.000597
0,2.332721,-0.091033,-0.937336,-0.021721,-0.956988,-0.049633,0.001624,0.000597
0,1.607965,0.108192,-0.746007,0.210655,-0.728667,0.259616,0.003207,0.001888
0,1.322202,-0.002339,-0.300489,-0.114501,-0.307173,-0.093712,0.000377,0.000597
0,0.575594,0.130389,-0.752695,0.159623,-0.722487,0.155881,0.002228,0.002276
0,0.235741,-0.106456,-0.340108,-0.243583,-0.376235,-0.209431,0.003703,0.000597
0,-0.023898,0.157006,-0.23942,0.242971,-0.228742,0.245379,0.000417,0.00274
0,-0.387863,0.15818,-0.351027,0.028394,-0.321134,0.025203,0.001048,0.002761
0,-0.409044,-0.108234,-0.029983,-0.240913,-0.036108,-0.267511,0.000679,0.000597
0,-0.387378,0.109094,0.0048,0.233233,0.001369,0.24366,0.001057,0.001904
0,-0.1817,-0.033207,0.195985,-0.154375,0.205901,-0.161894,0.003171,0.000597
0,-0.291612,0.028947,-0.118029,0.057254,-0.163026,0.065774,0.002728,0.000597
0,-0.176892,-0.086807,0.130563,-0.134551,0.085677,-0.179949,0.003087,0.000597
0,-0.11957,0.051045,0.036506,0.164688,0.068042,0.127523,0.002087,0.000891
0,-0.112386,0.024138,-0.013409,-0.014029,-0.050855,0.006978,0.001962,0.000597
0,0.015983,0.014049,0.147874,-0.034314,0.162085,-0.073237,0.000279,0.000597
0,0.061243,0.120379,0.035272,0.130386,0.026709,0.149566,0.001069,0.002101
0,0.060685,0.0574,0.007136,-0.064601,0.024798,-0.031179,0.001059,0.001002
0,0.07098,-0.029699,0.001388,-0.104569,0.027745,-0.077381,0.001239,0.000597
0,0.059101,0.08558,-0.037492,0.120355,-0.013547,0.119648,0.001032,0.001494
0,-0.229719,-0.070461,-0.294915,-0.150246,-0.343478,-0.104533,0.003809,0.000597
0,-0.245955,-0.098645,0.001534,-0.036912,-0.024657,-0.030769,0.003525,0.000597
0,0.057807,0.002533,0.330111,0.103014,0.355675,0.090686,0.001009,0.000597
0,-0.079529,0.119989,-0.134163,0.09213,-0.123859,0.093298,0.001388,0.002094
0,-0.166514,0.120588,-0.081943,-0.000506,-0.097147,-0.01001,0.002906,0.002105
0,-0.013353,-0.103135,0.125453,-0.213938,0.120426,-0.224272,0.000233,0.000597
0,-0.139906,-0.103931,-0.119289,0.023781,-0.149523,0.044995,0.002442,0.000597
0,-0.003529,0.014357,0.127302,0.105492,0.112673,0.081684,6.2e-05,0.000597
0,0.00291,0.102518,-0.003475,0.098233,-0.038175,0.090873,5.1e-05,0.001789
0,-0.015886,-0.023036,0.005225,-0.148301,0.018035,-0.129756,0.000277,0.000597
0,-0.02968,0.051133,0.004654,0.102423,-0.016433,0.07823,0.000518,0.000892
0,-0.180135,0.004505,-0.152494,-0.035406,-0.195631,-0.022792,0.003144,0.000597
0,0.019611,-0.128488,0.193582,-0.114699,0.211144,-0.157694,0.000342,0.000597
0,0.07099,-0.063891,0.038519,0.087391,0.045539,0.055529,0.001239,0.000597
0,-0.041604,-0.099955,-0.087048,-0.034925,-0.126647,-0.0724,0.000726,0.000597
0,-0.219555,0.083083,-0.175803,0.182403,-0.155061,0.162903,0.003832,0.00145
0,-0.018867,-0.003202,0.182097,-0.071373,0.193248,-0.023084,0.000329,0.000597
0,-0.056452,-0.072037,-0.041973,-0.08977,-0.015259,-0.08812,0.000985,0.000597
0,-0.115542,-0.019942,-0.030677,0.070007,-0.071288,0.034497,0.002017,0.000597
0,-0.015037,-0.091577,0.09468,-0.056739,0.113412,-0.102065,0.000262,0.000597
0,0.139551,-0.132909,0.164792,-0.041814,0.168703,-0.068946,0.002436,0.000597
0,0.160338,0.065002,0.006865,0.189006,0.000832,0.151165,0.002798,0.001134
0,-0.123676,0.008432,-0.275504,-0.042609,-0.324796,-0.035525,0.002159,0.000597
0,0.064168,-0.135799,0.213506,-0.127633,0.246727,-0.129737,0.00112,0.000597
0,-0.189306,-0.103218,-0.236748,0.0453,-0.221076,0.014756,0.003304,0.000597
0,-0.057344,-0.043177,0.161646,0.084295,0.210386,0.110364,0.001001,0.000597
0,0.02573,-0.125961,0.057465,-0.073667,0.033955,-0.046569,0.000449,0.000597
0,0.000592,-0.175656,-0.014668,-0.05584,-0.032243,-0.031437,1e-05,0.000597
0,0.127685,-0.181289,0.130358,-0.00749,0.090382,-0.020228,0.002229,0.000597
0,0.120534,-0.101251,-0.021618,0.057291,0.012321,0.049888,0.002104,0.000597
0,-0.037308,-0.160434,-0.168952,-0.079328,-0.152543,-0.035227,0.000651,0.000597
0,0.037579,0.053527,0.081316,0.185861,0.107188,0.148164,0.000656,0.000934
0,0.005599,-0.23705,-0.03877,-0.285095,0.008056,-0.328706,9.8e-05,0.000597
0,0.10518,-0.092437,0.101496,0.146029,0.073284,0.170564,0.001836,0.000597
0,0.01375,-0.141009,-0.10047,-0.023867,-0.085707,-0.052559,0.00024,0.000597
0,-0.137181,-0.00173,-0.132072,0.109281,-0.13417,0.063086,0.002394,0.000597
0,-0.190679,-0.208395,-0.079867,-0.221879,-0.050147,-0.250143,0.003328,0.000597
0,-0.007516,-0.147163,0.176729,0.062063,0.152711,0.038763,0.000131,0.000597
0,-0.055055,-0.141443,-0.074522,0.024682,-0.100498,0.035833,0.000961,0.000597
0,-0.028269,-0.040208,0.039076,0.096473,0.04673,0.099493,0.000493,0.000597
0,0.077686,-0.12738,0.100162,-0.102348,0.096134,-0.113829,0.001356,0.000597
0,0.105962,-0.099862,0.027039,0.028741,0.062325,0.042034,0.001849,0.000597
0,0.193827,-0.208878,0.090505,-0.089374,0.053834,-0.135101,0.003383,0.000597
0,-0.13142,-0.062316,-0.352443,0.139104,-0.364605,0.180451,0.002294,0.000597
0,0.071715,-0.233644,0.182567,-0.192283,0.163113,-0.178815,0.001252,0.000597
0,-0.092864,0.049078,-0.179569,0.286465,-0.186371,0.272863,0.001621,0.000857
0,0.07803,-0.084098,0.170795,-0.112398,0.126897,-0.147528,0.001362,0.000597
0,0.058709,-0.037816,-0.048043,0.03168,-0.032881,0.06502,0.001025,0.000597
0,-0.146417,0.020163,-0.216931,0.047914,-0.191011,0.028099,0.002555,0.000597
0,-0.175778,0.012507,-0.030893,-0.023142,-0.019897,-0.057344,0.003068,0.000597
0,0.093837,-0.035324,0.297328,-0.024137,0.258795,-0.014814,0.001638,0.000597
0,0.10287,-0.070668,-0.001426,-0.007617,-0.004197,-0.01793,0.001795,0.000597
0,0.028782,-0.074413,-0.054288,0.013436,-0.073706,0.054091,0.000502,0.000597
0,0.068443,-0.075333,0.05365,-0.004534,0.084707,0.038146,0.001195,0.000597
0,0.051319,-0.043741,-0.006094,0.003445,0.03351,-0.023645,0.000896,0.000597
0,-0.001415,-0.077856,-0.08257,-0.036393,-0.06447,-0.034035,2.5e-05,0.000597
0,-0.042475,0.069381,-0.040677,0.121121,-0.087068,0.111616,0.000741,0.001211
0,0.196062,0.027857,0.262746,-0.01321,0.214863,-0.053327,0.003422,0.000597
0,0.165967,-0.161196,-0.00259,-0.193604,-0.000798,-0.237943,0.002897,0.000597
0,0.150074,-0.005044,-0.024828,0.176808,-0.058286,0.20101,0.002619,0.000597
0,0.024,-0.113168,-0.136779,-0.081316,-0.134994,-0.062394,0.000419,0.000597
0,0.161839,-0.035368,0.120411,0.081684,0.102714,0.09537,0.002825,0.000597
0,-0.059894,0.034234,-0.194445,0.085719,-0.150979,0.127564,0.001045,0.000597
0,0.017663,0.040195,0.062716,-0.01351,0.080552,-0.015223,0.000308,0.000702
0,0.027983,-0.14725,-0.004525,-0.216452,-0.040996,-0.172819,0.000488,0.000597
0,-0.050897,-0.148086,-0.091388,0.000847,-0.059692,-0.013834,0.000888,0.000597
0,0.082256,-0.162072,0.10495,-0.020584,0.124139,0.017854,0.001436,0.000597
0,-0.139633,0.073332,-0.231557,0.25741,-0.210096,0.278805,0.002437,0.00128
0,-0.142689,0.046461,-0.015223,-0.023027,-0.062311,-0.036484,0.00249,0.000811
0,0.096654,0.005621,0.262357,-0.043815,0.25411,0.00548,0.001687,0.000597
0,-0.146154,0.050273,-0.222317,0.024391,-0.212769,0.06131,0.002551,0.000877
0,-0.118433,0.083081,0.003882,0.06005,0.052419,0.088155,0.002067,0.00145
0,-0.154592,-0.143844,-0.017293,-0.256072,0.015027,-0.29258,0.002698,0.000597
0,-0.116662,0.149956,0.064779,0.303471,0.102875,0.25842,0.002036,0.002617
0,0.095228,0.151444,0.188289,-0.017579,0.180317,-0.016442,0.001662,0.002643
0,0.061126,0.083636,-0.057225,-0.064337,-0.085388,-0.09993,0.001067,0.00146
0,0.152127,-0.01453,0.109718,-0.115163,0.091959,-0.136576,0.002655,0.000597
0,-0.026267,-0.084742,-0.191189,-0.085641,-0.227738,-0.077362,0.000458,0.000597
0,-0.036553,0.045979,-0.028792,0.107215,-0.061034,0.081655,0.000638,0.000802
0,-0.006113,-0.03016,0.01941,-0.093877,0.051252,-0.073138,0.000107,0.000597
0,-0.025186,-0.011615,-0.030294,0.006142,-0.079525,-0.025214,0.00044,0.000597
0,-0.079045,-0.073309,-0.033847,-0.051705,-0.083797,-0.070524,0.00138,0.000597
0,-0.118249,0.072783,-0.023454,0.170595,-0.062284,0.209404,0.002064,0.00127
0,0.130219,0.089891,0.238062,-0.005041,0.196996,0.044068,0.002273,0.001569
0,-0.094486,-0.111121,-0.250783,-0.173989,-0.203963,-0.180383,0.001649,0.000597
0,0.070171,0.0858,0.164296,0.226834,0.190828,0.225806,0.001225,0.001497
0,-0.009697,0.070836,-0.088587,0.014054,-0.105544,0.036737,0.000169,0.001236
0,-0.043714,0.052783,-0.029219,-0.034831,-0.009353,-0.002991,0.000763,0.000921
0,-0.106052,-0.038266,-0.049854,-0.064978,-0.007242,-0.025022,0.001851,0.000597
0,-0.056039,0.024677,0.071804,0.041213,0.110054,0.075261,0.000978,0.000597
0,-0.0764,0.062268,-0.034037,0.03281,-0.036043,0.043239,0.001333,0.001087
0,-0.036699,-0.079696,0.05503,-0.135672,0.098244,-0.166684,0.000641,0.000597
0,0.045445,0.042854,0.091947,0.145544,0.077632,0.103009,0.000793,0.000748
0,-0.000854,0.074283,-0.035461,0.060615,-0.034077,0.04981,1.5e-05,0.001296
0,-0.18077,-0.007246,-0.150765,-0.073877,-0.150198,-0.025417,0.003155,0.000597
0,-0.104905,0.017882,0.084226,0.046048,0.118872,0.08048,0.001831,0.000597
0,-0.215975,-0.051761,-0.096343,-0.075418,-0.137458,-0.082042,0.003769,0.000597
0,-0.227026,0.078792,-0.009754,0.104634,-0.04356,0.127037,0.003856,0.001375
0,-0.058813,-0.004773,0.16667,-0.104508,0.164175,-0.096289,0.001026,0.000597
0,0.082047,-0.130837,0.149957,-0.133855,0.143142,-0.154519,0.001432,0.000597
0,-0.042313,-0.103094,-0.149984,0.010546,-0.106324,-0.031711,0.000739,0.000597
0,0.132545,-0.0072,0.150071,0.079238,0.11739,0.126211,0.002313,0.000597
0,0.124596,0.010882,-0.022294,-0.000554,-0.010902,0.016936,0.002175,0.000597
0,-0.135021,0.05177,-0.260163,0.044828,-0.277868,0.000879,0.002357,0.000904
0,-0.211924,0.000273,-0.082088,-0.049139,-0.100231,-0.040601,0.003699,0.000597
0,-0.022602,-0.047963,0.198566,-0.069138,0.20325,-0.099942,0.000394,0.000597
0,-0.031569,-0.229153,-0.007026,-0.169551,-0.024079,-0.165547,0.000551,0.000597
0,-0.109668,-0.052689,-0.083332,0.163476,-0.083017,0.165164,0.001914,0.000597
0,0.008169,-0.148366,0.119793,-0.115592,0.109105,-0.156597,0.000143,0.000597
0,0.00516,-0.042622,-0.017126,0.124867,-0.023588,0.100024,9e-05,0.000597
0,0.126525,-0.165842,0.131902,-0.093988,0.159376,-0.079015,0.002208,0.000597
0,0.079847,0.033971,-0.063195,0.185398,-0.034061,0.214463,0.001394,0.000597
0,0.055815,-0.007615,-0.02832,-0.053903,-0.002564,-0.072635,0.000974,0.000597
0,-0.028773,0.013323,-0.079861,0.046924,-0.088177,0.03001,0.000502,0.000597
0,-0.029166,-0.095157,0.027619,-0.107829,0.003726,-0.119775,0.000509,0.000597
0,0.006317,0.087644,0.053217,0.172244,0.068122,0.130703,0.00011,0.00153
0,-0.071071,-0.034383,-0.079886,-0.132055,-0.067523,-0.12879,0.00124,0.000597
0,-0.017016,-0.192312,0.081485,-0.143982,0.036255,-0.171778,0.000297,0.000597
0,-0.025447,-0.082013,-0.009212,0.11614,-0.002961,0.159543,0.000444,0.000597
0,0.052145,-0.022827,0.091987,0.041846,0.117394,0.062212,0.00091,0.000597
0,0.094506,-0.13349,0.026347,-0.094481,0.004031,-0.104709,0.001649,0.000597
0,0.025056,0.055691,-0.068811,0.199051,-0.046357,0.200147,0.000437,0.000972
0,0.01294,0.037913,0.017049,0.005592,0.006706,0.005209,0.000226,0.000662
0,-0.103844,0.093878,-0.13845,0.085085,-0.145735,0.088897,0.001812,0.001638
0,-0.173614,0.066001,-0.054324,-0.037583,-0.085165,-0.032216,0.00303,0.001152
0,-0.026429,-0.150499,0.131173,-0.211214,0.148576,-0.253642,0.000461,0.000597
0,-0.069994,0.043736,-0.063583,0.193291,-0.034173,0.202773,0.001222,0.000763
0,0.102886,0.048602,0.152214,0.020529,0.190569,0.055191,0.001796,0.000848
0,0.011046,0.026326,-0.121104,-0.036879,-0.138258,-0.063766,0.000193,0.000597
0,-0.140025,-0.050305,-0.141633,-0.058111,-0.187815,-0.027607,0.002444,0.000597
0,0.028222,-0.153102,0.140836,-0.090879,0.160822,-0.078929,0.000493,0.000597
0,0.065766,-0.125623,0.03614,0.029643,-0.002416,0.047489,0.001148,0.000597
0,0.122652,0.086666,0.08213,0.23866,0.100101,0.278182,0.002141,0.001513
0,0.067306,-0.159988,-0.056518,-0.257563,-0.083301,-0.219136,0.001175,0.000597
0,-0.169658,-0.155419,-0.210168,6.2e-05,-0.2184,-0.020037,0.002961,0.000597
0,-0.16758,-0.044529,-0.008417,0.119199,0.023418,0.140473,0.002925,0.000597
0,-0.098965,0.141233,0.097178,0.192129,0.05524,0.235089,0.001727,0.002465
0,-0.008511,-0.092174,0.084598,-0.251268,0.109904,-0.245103,0.000149,0.000597
0,-0.032279,-0.089625,-0.046998,-0.006975,-0.08705,0.019226,0.000563,0.000597
0,-0.050177,-0.037126,0.000958,0.024659,0.018413,-0.000677,0.000876,0.000597
0,-0.000596,0.120101,0.027834,0.172862,-0.004947,0.195703,1e-05,0.002096
0,-0.106797,-0.098333,-0.096648,-0.218432,-0.104153,-0.180959,0.001864,0.000597
0,0.020973,-0.005592,0.141476,0.099209,0.104832,0.067016,0.000366,0.000597
0,-0.07322,-0.113187,-0.101042,-0.13051,-0.061076,-0.153563,0.001278,0.000597
0,-0.018438,0.145293,0.03452,0.236126,0.011145,0.271083,0.000322,0.002536
0,-0.112722,0.047365,-0.111142,-0.123551,-0.109614,-0.109935,0.001967,0.000827
0,-0.116713,-0.060919,-0.011025,-0.079513,-0.012303,-0.07384,0.002037,0.000597
0,0.020352,0.015035,0.117034,0.100958,0.143685,0.099015,0.000355,0.000597
0,-0.19071,0.121633,-0.182604,0.076773,-0.206381,0.089351,0.003329,0.002123
0,-0.181931,0.172371,0.028449,0.07311,0.009808,0.041742,0.003175,0.003008
0,-0.08348,0.004602,0.110345,-0.182339,0.102345,-0.178073,0.001457,0.000597
0,-0.117467,0.168747,-0.031341,0.157058,-0.065841,0.186819,0.00205,0.002945
0,0.015552,0.190499,0.158669,0.007495,0.19915,0.012026,0.000271,0.003325
0,-0.238615,0.176761,-0.259281,0.012206,-0.263698,0.000923,0.003653,0.003085
0,-0.107846,0.143176,0.110944,-0.028512,0.155943,-0.009513,0.001882,0.002499
0,0.068093,0.122788,0.163327,-0.048788,0.152264,-0.066643,0.001188,0.002143
0,-0.125924,-0.021823,-0.191416,-0.172265,-0.221679,-0.198232,0.002198,0.000597
0,-0.158406,-0.053121,-0.059388,-0.051603,-0.016613,-0.041006,0.002765,0.000597
0,-0.163702,0.106524,0.017176,0.145434,6.2e-05,0.116904,0.002857,0.001859
0,-0.036697,-0.022677,0.12717,-0.101363,0.148224,-0.055143,0.00064,0.000597
0,-0.019596,-0.006975,-0.000764,0.039997,-0.007065,0.075654,0.000342,0.000597
0,-0.117986,0.062335,-0.126909,0.046896,-0.172766,0.047757,0.002059,0.001088
0,0.02748,-0.083742,0.1237,-0.129332,0.166826,-0.169049,0.00048,0.000597
0,-0.038746,-0.078261,-0.040399,-0.011752,-0.028064,-0.023231,0.000676,0.000597
0,-0.050244,-0.071551,0.005718,0.033573,0.025437,0.003868,0.000877,0.000597
0,-0.087945,0.170708,-0.026179,0.217515,-0.00851,0.173919,0.001535,0.002979
0,-0.130489,0.194433,-0.033018,-0.002994,-0.019442,0.023177,0.002277,0.003393
0,0.021916,-0.071674,0.144426,-0.254066,0.151045,-0.303511,0.000382,0.000597
0,0.068739,0.201426,0.074189,0.285088,0.068666,0.329982,0.0012,0.003516
0,-0.106468,0.111741,-0.195503,-0.108094,-0.176932,-0.078147,0.001858,0.00195
0,-0.055091,0.099058,0.022092,0.017029,0.059772,0.012971,0.000962,0.001729
0,-0.027241,-0.086627,0.051796,-0.178187,0.046022,-0.209206,0.000475,0.000597
0,-0.171176,0.011123,-0.124324,0.093627,-0.139527,0.09593,0.002988,0.000597
0,0.153806,-0.013381,0.320964,-0.031007,0.346026,-0.044315,0.002684,0.000597
0,0.184283,-0.008028,0.056586,-0.003438,0.009925,-0.037412,0.003216,0.000597
0,0.280284,-0.023218,0.108101,-0.018767,0.131896,-0.006141,0.002926,0.000597
0,0.123498,0.110282,-0.13771,0.128779,-0.167595,0.14351,0.002155,0.001925
0,0.125103,0.136023,0.030589,0.004245,0.026016,0.034758,0.002183,0.002374
0,0.015251,0.155861,-0.086495,-0.000829,-0.062019,0.028829,0.000266,0.00272
0,0.009977,0.003306,8.7e-05,-0.181491,-0.037447,-0.193393,0.000174,0.000597
0,0.26429,0.002483,0.26951,0.026279,0.306231,0.054367,0.003205,0.000597
0,0.030946,-0.13354,-0.205541,-0.133756,-0.170481,-0.12738,0.00054,0.000597
0,0.034178,-0.112418,-0.004536,0.017023,0.020391,-0.020552,0.000597,0.000597
0,0.181793,0.063576,0.130405,0.156913,0.139455,0.177233,0.003173,0.00111
0,-0.094434,-0.020645,-0.277583,-0.101707,-0.273759,-0.136604,0.001648,0.000597
0,0.020924,-0.024982,0.091255,-0.002064,0.069424,0.017572,0.000365,0.000597
0,0.156959,-0.021047,0.122297,-0.002805,0.102876,-0.030567,0.002739,0.000597
0,-0.034141,-0.129285,-0.204052,-0.12463,-0.249431,-0.14186,0.000596,0.000597
0,0.162951,0.122295,0.212208,0.25571,0.199629,0.280311,0.002844,0.002134
0,0.010681,0.127759,-0.122381,0.01356,-0.16479,-0.004713,0.000186,0.00223
0,0.032549,-0.041178,0.044196,-0.144365,0.062678,-0.139095,0.000568,0.000597
0,0.036773,-0.030582,0.033611,0.013537,0.062125,0.021112,0.000642,0.000597
0,-0.083537,0.020254,-0.10943,0.022031,-0.138968,0.056463,0.001458,0.000597
0,0.089008,0.124759,0.202129,0.118759,0.243737,0.095032,0.001553,0.002177
0,0.043206,0.088499,-0.066475,-0.036762,-0.07529,-0.070632,0.000754,0.001545
0,-0.034195,-0.050572,-0.054821,-0.161274,-0.041871,-0.180777,0.000597,0.000597
0,0.113549,0.070776,0.17112,0.132211,0.175059,0.116555,0.001982,0.001235
0,-0.005463,-0.083343,-0.091757,-0.128712,-0.077488,-0.150739,9.5e-05,0.000597
0,-0.120391,-0.034208,-0.136077,0.04248,-0.155933,0.033451,0.002101,0.000597
0,0.079042,-0.139279,0.208279,-0.13229,0.212177,-0.132783,0.00138,0.000597
0,-0.097659,-0.046716,-0.184635,0.092399,-0.142672,0.062191,0.001704,0.000597
0,-0.122424,0.027204,-0.019175,0.099097,0.008914,0.087803,0.002137,0.000597
0,0.092801,0.000454,0.222244,-0.01006,0.211639,-0.057336,0.00162,0.000597
0,-0.08019,-0.105018,-0.195635,-0.13525,-0.216037,-0.156914,0.0014,0.000597
0,0.107991,-0.002744,0.178451,0.118555,0.175853,0.140894,0.001885,0.000597
0,0.142638,0.19207,0.046911,0.167479,0.066162,0.178709,0.00249,0.003352
0,0.004428,0.153467,-0.135923,-0.016251,-0.086893,-0.05535,7.7e-05,0.002679
0,0.054847,0.049747,0.034703,-0.097922,0.067196,-0.107351,0.000957,0.000868
0,0.169262,0.068313,0.132245,0.037212,0.091722,0.055511,0.002954,0.001192
0,0.199475,0.025605,0.007523,-0.032093,-0.036449,-0.018414,0.003481,0.000597
0,0.181962,0.141787,0.008213,0.117509,0.012778,0.073845,0.003176,0.002475
0,-0.009378,-0.091968,-0.181155,-0.225196,-0.159887,-0.244144,0.000164,0.000597
0,0.120117,0.033775,0.156394,0.142079,0.130589,0.18223,0.002096,0.000597
0,0.112999,0.178799,0.019298,0.133297,0.068197,0.137269,0.001972,0.003121
0,-0.003956,0.002481,-0.123728,-0.196692,-0.117735,-0.231731,6.9e-05,0.000597
0,0.120139,-0.026818,0.10027,-0.02645,0.107173,-0.009419,0.002097,0.000597
0,0.06416,0.071333,-0.050778,0.110744,-0.043762,0.117048,0.00112,0.001245
0,0.062681,0.080729,0.023908,0.003929,0.064646,-0.013423,0.001094,0.001409
0,0.061202,0.108615,-0.02646,0.037526,-0.01453,0.069759,0.001068,0.001896
0,0.062287,0.084657,0.02707,-0.019627,-0.005788,-0.048231,0.001087,0.001478
0,-0.199161,-0.041998,-0.25625,-0.147076,-0.306117,-0.124681,0.003476,0.000597
0,-0.105266,0.147498,0.067993,0.21291,0.093676,0.21093,0.001837,0.002574
0,-0.084209,-0.072037,-0.000428,-0.226179,0.042334,-0.254331,0.00147,0.000597
0,-0.24181,0.173104,-0.15225,0.245341,-0.19563,0.277402,0.003597,0.003021
0,-0.119174,0.054023,0.145427,-0.131832,0.19502,-0.110773,0.00208,0.000943
0,-0.272175,0.17448,-0.176857,0.141321,-0.134814,0.110608,0.003068,0.003045
0,-0.007582,0.102856,0.237546,-0.056735,0.251988,-0.015802,0.000132,0.001795
0,-0.211656,0.04234,-0.221522,-0.060461,-0.200329,-0.061049,0.003694,0.000739
0,-0.18456,-0.097072,0.011491,-0.120145,0.036793,-0.089037,0.003221,0.000597
0,-0.108859,0.09788,0.105355,0.177353,0.154258,0.142435,0.0019,0.001708
0,-0.020617,-0.001547,0.070005,-0.082234,0.021253,-0.115166,0.00036,0.000597
0,-0.108784,0.132826,-0.094991,0.157261,-0.083693,0.124461,0.001899,0.002318
0,-0.037644,0.092782,0.064422,-0.023533,0.027912,-0.067897,0.000657,0.001619
0,-0.226234,-0.051833,-0.165322,-0.13998,-0.20196,-0.188903,0.003869,0.000597
0,-0.007559,-0.108903,0.222664,-0.072518,0.222779,-0.11602,0.000132,0.000597
0,-0.098087,-0.052724,-0.107518,0.071603,-0.134075,0.068931,0.001712,0.000597
0,-0.026556,0.062976,0.077883,0.115128,0.096513,0.076948,0.000463,0.001099
0,-0.234587,0.060625,-0.233351,0.021289,-0.279147,-0.001698,0.003724,0.001058
0,-0.045779,0.119586,0.195552,0.048628,0.173196,0.049783,0.000799,0.002087
0,-0.296905,-0.039162,-0.257927,-0.141195,-0.253457,-0.134131,0.002636,0.000597
0,-0.117328,-0.03311,0.188154,0.018116,0.185895,0.028854,0.002048,0.000597
0,-0.214433,0.108434,-0.116381,0.130714,-0.10021,0.093217,0.003743,0.001893
0,-0.201968,-0.047408,0.024389,-0.178672,-0.000385,-0.206158,0.003525,0.000597
0,-0.145845,-0.063627,0.035856,-0.011755,0.071956,-0.016696,0.002545,0.000597
0,-2.704967,0.134553,-2.568883,0.218175,-2.576557,0.18063,0.000303,0.002348
0,-3.946682,0.074188,-1.248433,-0.056259,-1.284175,-0.042466,0.001478,0.001295
0,-3.43539,0.00994,0.487581,-0.055154,0.442642,-0.060951,0.002584,0.000597
0,-3.241446,0.156103,0.203786,0.156276,0.190183,0.172793,0.001849,0.002725
0,-2.850429,0.332877,0.408022,0.201252,0.384974,0.244205,0.002842,0.002008
0,-1.775997,0.132999,1.096891,-0.210394,1.127364,-0.175121,0.000275,0.002321
0,-1.282281,-0.007015,0.464586,-0.156805,0.428708,-0.126722,0.001074,0.000122
0,-0.734629,0.179326,0.541734,0.171057,0.529585,0.122779,0.002814,0.00313
0,-0.409474,0.127702,0.346914,-0.053985,0.35858,-0.100484,0.000671,0.002229
0,-0.106138,0.202945,0.29592,0.079494,0.286169,0.055003,0.001852,0.003542
0,0.226727,-0.035147,0.329043,-0.266987,0.37733,-0.264477,0.003861,0.000613
0,0.246195,-0.031152,0.042912,-0.010135,0.00222,0.005685,0.003521,0.000544
0,0.384428,0.181233,0.120732,0.189134,0.080659,0.196428,0.001108,0.003163
0,0.159824,0.052523,-0.205625,-0.129366,-0.186699,-0.114051,0.002789,0.000917
0,0.154033,0.208383,-0.017252,0.15878,-0.040099,0.169709,0.002688,0.003637
0,0.255836,0.129141,0.097327,-0.087818,0.128419,-0.064082,0.003353,0.002254
0,0.121372,0.042574,-0.121768,-0.058119,-0.098332,-0.031296,0.002118,0.000743
0,0.176398,-0.05002,0.034825,-0.067615,0.024526,-0.018614,0.003079,0.000873
0,0.070905,0.160674,-0.134228,0.186606,-0.119852,0.182655,0.001238,0.002804
0,0.113785,0.174602,0.013374,0.02934,0.029287,0.046853,0.001986,0.003047
0,-0.019567,0.03065,-0.111014,-0.128119,-0.091382,-0.102724,0.000342,0.000535
0,0.127193,0.059317,0.127714,0.038604,0.151294,0.069533,0.00222,0.001035
0,-0.013298,0.037632,-0.136347,-0.019653,-0.159928,-0.032606,0.000232,0.000657
0,-0.012503,0.202981,0.020571,0.185908,0.043296,0.201022,0.000218,0.003543
0,-0.137006,0.088947,-0.121661,-0.120964,-0.074418,-0.112111,0.002391,0.001552
0,0.127277,-0.0496,0.260755,-0.123576,0.300265,-0.14276,0.002221,0.000866
0,0.044541,-0.029303,-0.065344,0.032359,-0.065594,0.069187,0.000777,0.000511
0,-0.081114,-0.00235,-0.153318,0.052783,-0.116316,0.093334,0.001416,4.1e-05
0,-0.111827,0.108368,-0.0276,0.128264,-0.038224,0.116019,0.001952,0.001891
0,0.098392,0.210317,0.211254,0.129534,0.18486,0.122164,0.001717,0.003671
0,0.119856,-0.001686,0.012969,-0.206415,-0.00127,-0.159302,0.002092,2.9e-05
0,0.130443,0.033374,0.022801,0.062081,0.031632,0.085821,0.002277,0.000582
0,-0.116777,-0.023629,-0.266862,-0.083801,-0.295734,-0.125547,0.002038,0.000412
0,-0.052617,-0.001494,0.036145,-0.002288,0.062342,-0.042058,0.000918,2.6e-05
0,-0.051045,0.030989,-0.011046,0.055344,-0.025674,0.048101,0.000891,0.000541
0,-0.098702,0.150081,-0.072645,0.144379,-0.02676,0.130208,0.001723,0.002619
0,0.067809,-0.059507,0.182845,-0.193423,0.173367,-0.167287,0.001183,0.001039
0,0.071187,0.133519,-0.002333,0.213775,0.024607,0.233705,0.001242,0.00233
0,-0.013136,-0.067665,-0.093731,-0.231145,-0.100995,-0.279942,0.000229,0.001181
0,-0.133706,0.068897,-0.106027,0.147442,-0.136204,0.172249,0.002334,0.001202
0,0.070211,0.191229,0.200368,0.117427,0.152095,0.091703,0.001225,0.003338
0,-0.127749,0.013904,-0.185851,-0.202164,-0.153993,-0.178116,0.00223,0.000243
0,-0.014273,0.197055,0.143457,0.203444,0.104444,0.210994,0.000249,0.003439
0,-0.029223,0.117732,-0.040467,-0.091943,-0.029369,-0.060037,0.00051,0.002055
0,0.076457,-0.024793,0.135431,-0.172414,0.120179,-0.197374,0.001334,0.000433
0,-0.049228,-0.082211,-0.136469,-0.080727,-0.101662,-0.109702,0.000859,0.001435
0,0.016622,-0.024295,0.064654,0.077563,0.052224,0.027741,0.00029,0.000424
0,0.097581,0.116593,0.072723,0.158605,0.042724,0.207003,0.001703,0.002035
0,0.083729,0.161945,-0.024574,0.027792,-0.036593,0.006222,0.001461,0.002826
0,0.003408,0.12411,-0.057818,-0.066644,-0.022899,-0.113661,5.9e-05,0.002166
0,-0.05788,0.011469,-0.073333,-0.129669,-0.106356,-0.133491,0.00101,0.0002
0,0.068334,0.127865,0.104155,0.097611,0.107908,0.105411,0.001193,0.002232
0,0.13975,0.095792,0.064844,-0.039991,0.020598,-0.062281,0.002439,0.001672
0,0.00274,-0.098068,-0.156233,-0.204128,-0.152061,-0.229314,4.8e-05,0.001712
0,0.121002,-0.026912,0.144607,0.050893,0.139993,0.067643,0.002112,0.00047
0,-0.014595,0.131763,-0.156244,0.188671,-0.144012,0.206332,0.000255,0.0023
0,0.087531,0.069987,0.091209,-0.079314,0.077587,-0.080939,0.001528,0.001221
0,-0.164558,-0.108099,-0.245619,-0.154559,-0.228828,-0.198294,0.002872,0.001887
0,-0.208496,0.073486,-0.059121,0.192017,-0.016078,0.215958,0.003639,0.001283
0,0.027323,-0.083003,0.261759,-0.154467,0.240976,-0.14534,0.000477,0.001449
0,0.057194,0.043458,0.000484,0.113777,0.038493,0.092573,0.000998,0.000758
0,-0.190819,0.005851,-0.250754,-0.050427,-0.251601,-0.025809,0.00333,0.000102
0,-0.188891,-0.021514,-0.018803,-0.039112,0.010905,-0.01973,0.003297,0.000375
0,0.049914,-0.013674,0.230894,0.013608,0.270546,0.000393,0.000871,0.000239
0,-0.181235,0.197437,-0.255161,0.187986,-0.275852,0.210358,0.003163,0.003446
0,-0.210918,-0.048623,-0.011834,-0.257582,-0.012973,-0.274823,0.003681,0.000849
0,-0.205645,0.070362,0.000667,0.110045,0.033625,0.076082,0.003589,0.001228
0,-0.218177,-0.031242,0.010863,-0.084503,0.058896,-0.044813,0.003808,0.000545
0,-0.068609,0.14293,0.151353,0.15246,0.197585,0.181472,0.001197,0.002495
0,0.017622,0.173432,0.072825,0.024171,0.082006,0.051244,0.000308,0.003027
0,-0.092699,0.143456,-0.108333,-0.028009,-0.15115,-0.030106,0.001618,0.002504
0,0.055568,-0.08754,0.155672,-0.214562,0.184892,-0.240488,0.00097,0.001528
0,-2.317258,0.730069,-2.348026,0.834744,-2.342562,0.801928,0.001354,0.002894
0,-2.662994,1.093777,-0.328768,0.379358,-0.325667,0.357837,0.000429,0.003454
0,-3.209469,1.041335,-0.575049,-0.049962,-0.575434,-0.066024,0.001291,0.002539
0,-2.883647,1.999397,0.310435,0.948429,0.343245,0.964199,0.003422,0.003625
0,-2.527819,1.845477,0.377807,-0.170025,0.362979,-0.148207,0.002789,0.000938
0,-1.937338,1.563668,0.571715,-0.30871,0.527862,-0.309661,0.002541,0.003838
0,-1.457235,1.404362,0.499448,-0.16792,0.49262,-0.129474,0.00198,0.001057
0,-1.328567,1.252049,0.112626,-0.140341,0.132645,-0.105095,0.000266,0.001601
0,-0.957128,0.885234,0.375016,-0.337623,0.376161,-0.334816,0.001069,0.000186
0,-0.473113,0.663202,0.501031,-0.23318,0.482585,-0.28064,0.00044,0.003757
0,-0.215917,0.221161,0.244005,-0.451572,0.226773,-0.490057,0.003768,0.00386
0,0.012543,0.000155,0.203839,-0.199709,0.165146,-0.220835,0.000219,3e-06
0,0.152181,-0.267604,0.146811,-0.273827,0.163834,-0.252179,0.002656,0.003147
0,0.182825,-0.112629,0.022179,0.152991,-0.025443,0.109363,0.003191,0.001966
0,0.306075,-0.234022,0.109645,-0.111049,0.117043,-0.091838,0.002476,0.003733
0,0.084629,-0.176804,-0.22073,0.079976,-0.235534,0.120884,0.001477,0.003086
0,0.276119,-0.073091,0.193327,0.100495,0.161134,0.113549,0.002999,0.001276
0,0.00151,-0.255991,-0.287918,-0.19343,-0.322721,-0.146601,2.6e-05,0.00335
0,0.082816,0.019229,0.088747,0.28094,0.072709,0.273782,0.001445,0.000336
0,0.138879,-0.186913,0.026595,-0.22228,-0.019755,-0.218939,0.002424,0.003262
0,0.198486,0.118859,0.059149,0.301865,0.046145,0.266126,0.003464,0.002074
0,0.107279,0.116077,-0.072516,0.018626,-0.052651,0.040851,0.001872,0.002026
0,0.078717,-0.01088,-0.04871,-0.111885,-0.079441,-0.093874,0.001374,0.00019
0,-0.015969,-0.079928,-0.108567,-0.04019,-0.143641,-0.048893,0.000279,0.001395
0,0.009246,0.162878,0.042503,0.226811,0.019591,0.248538,0.000161,0.002843
0,0.176929,0.176853,0.147338,0.025411,0.116089,0.024049,0.003088,0.003087
0,0.074398,-0.084783,-0.125031,-0.29028,-0.085382,-0.283616,0.001298,0.00148
0,-0.080219,0.034147,-0.137866,0.093943,-0.122685,0.090542,0.0014,0.000596
0,-0.06448,0.118904,0.023577,0.065316,0.037782,0.054047,0.001125,0.002075
0,0.025879,0.147593,0.097571,0.019865,0.066066,0.018125,0.000452,0.002576
0,-0.024578,0.177135,-0.068747,0.010368,-0.046667,0.044669,0.000429,0.003092
0,-0.088587,0.095755,-0.079741,-0.070149,-0.068246,-0.065052,0.001546,0.001671
0,-0.060681,0.020739,0.024794,-0.081498,-0.018233,-0.096956,0.001059,0.000362
0,-0.060689,0.107712,0.003439,0.093794,0.011113,0.081238,0.001059,0.00188
0,-0.055544,0.143586,-0.02027,0.043348,0.002286,0.086841,0.000969,0.002506
0,0.15244,0.028809,0.234045,-0.127411,0.199705,-0.16839,0.002661,0.000503
0,0.153595,-0.054552,0.026127,-0.07906,0.015379,-0.120501,0.002681,0.000952
0,0.047031,-0.002016,-0.125442,0.056752,-0.118756,0.046656,0.000821,3.5e-05
0,0.180292,0.015139,0.111382,0.013521,0.134703,0.021903,0.003147,0.000264
0,-0.031682,-0.141469,-0.201305,-0.18428,-0.170823,-0.178889,0.000553,0.002469
0,-0.069252,0.076563,-0.041063,0.191556,-0.075031,0.155134,0.001209,0.001336
0,-0.083399,-0.057497,-0.036738,-0.144916,-0.030915,-0.163197,0.001456,0.001004
0,-0.127817,0.067938,-0.040708,0.1111,-0.067741,0.108102,0.002231,0.001186
0,0.014939,0.014153,0.147194,-0.033799,0.136065,-0.007357,0.000261,0.000247
0,0.042058,0.103587,0.012127,0.067727,-0.032568,0.025497,0.000734,0.001808
0,0.039922,0.033585,0.012746,-0.085704,0.047305,-0.07439,0.000697,0.000586
0,-0.080025,-0.134683,-0.092603,-0.185463,-0.124246,-0.136736,0.001397,0.002351
0,-0.179768,-0.105353,-0.103244,0.044596,-0.094064,0.086225,0.003138,0.001839
0,-0.062509,0.14918,0.114101,0.276425,0.103089,0.2761,0.001091,0.002604
0,0.171697,0.123234,0.224094,-0.047982,0.2192,-0.042358,0.002997,0.002151
0,0.190567,-0.063215,0.01005,-0.16033,-0.034816,-0.11414,0.003326,0.001103
0,0.067372,0.163975,-0.152227,0.248069,-0.104781,0.28167,0.001176,0.002862
0,0.101768,0.029316,0.035156,-0.160647,0.056135,-0.162854,0.001776,0.000512
0,0.0628,-0.09772,-0.059444,-0.09783,-0.10125,-0.083684,0.001096,0.001706
0,-0.049844,-0.105126,-0.118501,-0.001784,-0.140636,-0.010569,0.00087,0.001835
0,0.091775,-0.11583,0.141261,-0.03959,0.159533,-0.000478,0.001602,0.002022
0,-0.03275,-0.118801,-0.153805,0.0046,-0.16936,-0.039368,0.000572,0.002073
0,0.026685,-0.026361,0.041756,0.086983,0.040876,0.065439,0.000466,0.00046
0,0.121095,-0.151179,0.067906,-0.121047,0.072257,-0.11764,0.002113,0.002639
0,-0.072444,-0.070996,-0.187092,0.059027,-0.229044,0.077162,0.001264,0.001239
0,0.14546,0.073758,0.246569,0.171974,0.218532,0.12243,0.002539,0.001287
0,0.184277,3.6e-05,0.05749,-0.083538,0.0905,-0.125751,0.003216,1e-06
0,0.152082,0.09827,-0.037434,0.077118,-0.055113,0.039319,0.002654,0.001715
0,0.045803,0.090952,-0.126303,0.000416,-0.148388,-0.004612,0.000799,0.001587
0,0.176531,0.062471,0.114405,-0.030478,0.146551,-0.02542,0.003081,0.00109
0,-0.07922,0.078941,-0.239381,0.04183,-0.262766,0.058651,0.001383,0.001378
0,0.044492,-0.167453,0.098654,-0.270641,0.079885,-0.246744,0.000777,0.002923
0,-0.027065,-0.155013,-0.067275,0.002099,-0.040538,-0.030506,0.000472,0.002705
0,0.029038,0.015528,0.029863,0.175766,0.026157,0.163668,0.000507,0.000271
0,0.054053,-0.059013,0.048381,-0.074422,0.036294,-0.111674,0.000943,0.00103
0,-0.037163,0.004386,-0.068551,0.079539,-0.036682,0.068055,0.000649,7.7e-05
0,0.140033,-0.008081,0.170548,-0.037919,0.178392,-0.045935,0.002444,0.000141
0,0.177317,0.08101,0.02645,0.105662,0.002899,0.075184,0.003095,0.001414
0,0.008362,0.189645,-0.184552,0.115327,-0.221804,0.123965,0.000146,0.00331
0,0.245496,0.045408,0.24975,-0.14273,0.225431,-0.16008,0.003533,0.000793
0,0.190838,0.127777,-0.037624,0.087663,-0.033799,0.093036,0.003331,0.00223
0,0.174312,0.086415,-0.006005,-0.0276,0.003096,-0.019323,0.003042,0.001508
0,0.057531,0.222768,-0.112323,0.154221,-0.092973,0.142337,0.001004,0.003888
0,0.022117,0.162344,-0.01066,-0.08874,0.026892,-0.089834,0.000386,0.002833
0,-0.007363,0.127482,-0.032356,-0.017174,-0.060221,-0.03579,0.000129,0.002225
0,-0.02749,0.110413,-0.01915,-0.014944,-0.054225,0.000359,0.00048,0.001927
0,0.169665,-0.010123,0.172537,-0.113629,0.19397,-0.104289,0.002961,0.000177
0,0.189058,0.174311,0.022494,0.168046,0.01874,0.203188,0.0033,0.003042
0,0.134847,0.160071,-0.028286,-0.000558,-0.04959,-0.004272,0.002354,0.002794
0,0.176944,0.116688,0.020529,-0.058637,0.003178,-0.098457,0.003088,0.002037
0,0.029004,-0.000742,-0.168692,-0.087474,-0.132385,-0.121586,0.000506,1.3e-05
0,-0.043782,-0.019293,-0.085851,-0.043359,-0.048968,-0.016926,0.000764,0.000337
0,-0.037204,-0.067709,0.023154,-0.033246,0.030859,-0.004408,0.000649,0.001182
0,0.00723,-0.070119,0.033179,-0.012584,0.060111,-0.059024,0.000126,0.001224
0,0.078449,-0.028413,0.083733,0.026815,0.122919,0.007777,0.001369,0.000496
0,0.064524,-0.046625,-0.010915,-0.016662,-0.014718,0.003644,0.001126,0.000814
0,0.041747,0.133436,-0.01158,0.16354,0.005012,0.185081,0.000729,0.002329
0,-0.022984,0.076355,-0.039202,-0.031999,-0.004683,-0.014243,0.000401,0.001333
0,0.163176,-0.033411,0.210076,-0.132602,0.194265,-0.179491,0.002848,0.000583
0,0.029425,-0.02057,-0.141516,-0.004648,-0.140016,-0.05445,0.000514,0.000359
0,0.075456,0.157401,0.052263,0.194093,0.05232,0.231012,0.001317,0.002747
0,-0.017412,-0.007556,-0.063262,-0.179796,-0.070206,-0.183288,0.000304,0.000132
0,0.168204,-0.084816,0.19893,-0.070225,0.208769,-0.07205,0.002936,0.00148
0,-0.061356,0.052641,-0.219866,0.123918,-0.189156,0.113506,0.001071,0.000919
0,-0.082635,0.006723,-0.001204,-0.071888,-0.03008,-0.096728,0.001442,0.000117
0,-0.107512,0.130239,-0.01622,0.144903,-0.014344,0.155058,0.001876,0.002273
0,0.131199,0.097932,0.240364,-0.042959,0.237985,-0.082721,0.00229,0.001709
0,0.096622,-0.059519,-0.04355,-0.136147,-0.026141,-0.129106,0.001686,0.001039
0,0.061461,-0.133851,-0.034032,-0.097155,-0.047377,-0.055608,0.001073,0.002336
0,0.076915,0.104664,0.016833,0.216111,0.04992,0.245323,0.001342,0.001827
0,-0.037415,0.111287,-0.091356,0.031473,-0.090365,0.053064,0.000653,0.001942
0,-0.089927,0.014629,-0.044338,-0.094537,-0.023544,-0.114614,0.00157,0.000255
0,0.019771,-0.014373,0.104356,-0.027751,0.08144,-0.062005,0.000345,0.000251
0,-0.101462,0.088547,-0.136916,0.086948,-0.1281,0.129337,0.001771,0.001545
0,0.096286,-0.045196,0.171803,-0.123022,0.16162,-0.126991,0.001681,0.000789
0,0.155304,-0.004883,0.042317,0.048308,0.090766,0.078576,0.002711,8.5e-05
0,0.049569,-0.063726,-0.098078,-0.03599,-0.057155,-0.034935,0.000865,0.001112
0,0.185025,-0.023169,0.150301,0.035316,0.120489,0.068743,0.003229,0.000404
0,-0.075459,-0.007592,-0.290082,0.027503,-0.326608,-0.018124,0.001317,0.000133
0,0.18876,0.059198,0.279434,0.050909,0.318333,0.023555,0.003294,0.001033
0,0.195783,-0.074671,0.01644,-0.146932,-0.029414,-0.191626,0.003417,0.001303
0,0.017412,0.067597,-0.192353,0.15078,-0.180345,0.17203,0.000304,0.00118
0,0.106107,-0.080934,0.084406,-0.137936,0.11876,-0.129814,0.001852,0.001413
0,-0.032596,0.073807,-0.111548,0.182871,-0.093538,0.170383,0.000569,0.001288
0,-0.070603,0.119116,-0.012343,0.058177,0.007846,0.049324,0.001232,0.002079
0,-0.097077,0.006676,-0.052517,-0.106708,-0.098068,-0.081391,0.001694,0.000117
0,0.176869,0.026527,0.289273,0.01479,0.298684,-0.012933,0.003087,0.000463
0,0.081977,0.041779,-0.084663,0.03678,-0.105309,-0.01034,0.001431,0.000729
0,0.016752,-0.027966,-0.094865,-0.081393,-0.06773,-0.071912,0.000292,0.000488
0,-0.039875,-0.037403,-0.047349,-0.029364,-0.082044,-0.069933,0.000696,0.000653
0,0.051981,0.022824,0.08,0.077941,0.099751,0.090776,0.000907,0.000398
0,0.173994,-0.102232,0.096124,-0.125751,0.105205,-0.151517,0.003037,0.001784
0,0.098738,-0.033192,-0.070988,0.096151,-0.099552,0.143957,0.001723,0.000579
0,0.012276,0.127383,-0.09111,0.168564,-0.069624,0.167208,0.000214,0.002223
0,0.252857,-0.105729,0.246875,-0.239615,0.233471,-0.254822,0.003405,0.001845
0,0.133364,0.072164,-0.107438,0.192822,-0.12609,0.195656,0.002328,0.00126
0,0.10331,-0.123834,-0.029411,-0.182633,-0.051502,-0.170996,0.001803,0.002161
0,0.14168,-0.138212,0.06822,-0.021348,0.11007,-0.05075,0.002473,0.002412
0,0.050582,-0.082297,-0.100417,0.073424,-0.071683,0.111199,0.000883,0.001436
0,0.320421,0.068213,0.255033,0.138753,0.258428,0.126758,0.002225,0.001191
0,0.328309,0.115181,-0.01901,0.065898,-0.047149,0.025198,0.002088,0.00201
0,0.061653,-0.077002,-0.273024,-0.197275,-0.261341,-0.150264,0.001076,0.001344
0,0.101458,-0.089397,0.030496,0.002078,0.01193,-0.028951,0.001771,0.00156
0,0.243376,-0.078851,0.163458,0.031579,0.128278,0.016954,0.00357,0.001376
0,0.286607,-0.195801,0.055628,-0.140399,0.019238,-0.111024,0.002816,0.003417
0,0.078077,0.002171,-0.208784,0.182627,-0.225071,0.227382,0.001363,3.8e-05
0,0.212353,-0.092211,0.121981,-0.078842,0.160176,-0.104688,0.003706,0.001609
0,0.177226,-0.154486,-0.048647,-0.043829,-0.060465,-0.059891,0.003093,0.002696
0,0.001462,-0.033348,-0.156537,0.097846,-0.169171,0.131732,2.6e-05,0.000582
0,-0.023841,-0.172369,-0.04012,-0.111533,-0.086252,-0.143617,0.000416,0.003008
0,0.246236,-0.100215,0.288394,0.073858,0.278816,0.091534,0.00352,0.001749
0,0.242309,-0.115768,-0.007341,-0.002173,0.026572,-0.049711,0.003589,0.002021
0,0.242484,-0.112607,-0.022684,0.007694,-0.071672,-0.011213,0.003586,0.001965
0,0.237451,-0.048572,-0.00426,0.088813,-0.008772,0.108501,0.003674,0.000848
0,0.246044,-0.086225,0.031472,-0.045147,0.036104,-0.075267,0.003524,0.001505
0,0.098399,0.077667,-0.129521,0.173018,-0.149712,0.184744,0.001717,0.001356
0,0.071224,-0.019244,-0.001996,-0.094678,0.001194,-0.137216,0.001243,0.000336
0,0.221694,0.000831,0.161127,0.010229,0.166867,0.049294,0.003869,1.5e-05
0,0.182147,0.017781,-0.022143,0.032629,-0.023335,0.055273,0.003179,0.00031
0,0.184843,-0.055495,-0.015806,-0.058014,-0.005885,-0.089776,0.003226,0.000969
0,0.084668,0.067225,-0.087131,0.131335,-0.103819,0.168286,0.001478,0.001173
0,0.154823,0.053771,0.043205,-0.035387,0.051986,-0.020752,0.002702,0.000938
0,0.091456,0.039367,-0.090962,0.0065,-0.086018,0.02309,0.001596,0.000687
0,-0.052407,0.094236,-0.155313,0.076496,-0.198723,0.035367,0.000915,0.001645
0,0.191502,-0.043729,0.234838,-0.136171,0.197784,-0.122133,0.003342,0.000763
0,-0.107919,-0.095385,-0.319887,-0.03785,-0.321825,-0.061853,0.001884,0.001665
0,0.12179,-0.163002,0.259353,-0.092133,0.242082,-0.114832,0.002126,0.002845
0,0.106429,-0.118608,-0.024265,0.019121,-0.062612,-0.019183,0.001858,0.00207
0,0.225231,-0.009039,0.11259,0.082366,0.150805,0.095411,0.003887,0.000158
0,0.156202,-0.146724,-0.069243,-0.140181,-0.08072,-0.103497,0.002726,0.002561
0,-0.053249,0.112604,-0.18167,0.258474,-0.141248,0.283879,0.000929,0.001965
0,-0.038853,-0.05742,0.014138,-0.147056,0.061417,-0.159476,0.000678,0.001002
0,0.078909,-0.008723,0.124753,0.027566,0.090034,0.072795,0.001377,0.000152
0,0.04643,-0.068654,-0.058125,-0.061391,-0.015487,-0.10518,0.00081,0.001198
0,-0.0099,0.047313,-0.028718,0.142691,-0.009473,0.13666,0.000173,0.000826
0,0.118025,-0.080733,0.10721,-0.102181,0.086756,-0.14205,0.00206,0.001409
0,-0.025325,0.06178,-0.148814,0.129305,-0.167448,0.129548,0.000442,0.001078
0,0.1568,-0.021593,0.193386,-0.082038,0.210675,-0.060936,0.002737,0.000377
0,0.006091,0.132428,-0.132982,0.15969,-0.091105,0.189326,0.000106,0.002311
0,-0.062338,-0.0059,-0.062714,-0.118295,-0.035916,-0.152164,0.001088,0.000103
0,-0.085765,0.047691,-0.039574,0.073543,-0.019308,0.05594,0.001497,0.000832
0,-0.142595,0.038695,-0.074933,-0.034515,-0.048036,-0.054325,0.002489,0.000675
0,-0.147439,-0.111029,-5.1e-05,-0.141962,-0.034144,-0.109506,0.002573,0.001938
0,-0.120405,-0.079297,0.05459,0.037876,0.047617,0.078418,0.002101,0.001384
0,-0.020632,0.083883,0.110391,0.179396,0.1259,0.226951,0.00036,0.001464
0,-0.193886,0.057177,-0.145,-0.040222,-0.155039,-0.079974,0.003384,0.000998
0,-0.10804,-0.15991,0.107545,-0.20487,0.0739,-0.22172,0.001886,0.002791
0,-0.149395,-0.125873,-0.039765,0.05075,-0.086647,0.021675,0.002607,0.002197
0,-0.04674,-0.066719,0.113998,0.037514,0.083572,0.048054,0.000816,0.001164
0,-0.106224,-0.028739,-0.07996,0.063596,-0.098523,0.107923,0.001854,0.000502
0,0.138159,0.02597,0.23406,0.040564,0.264857,0.003587,0.002411,0.000453
0,0.088003,-0.054602,-0.040223,-0.072311,0.001797,-0.042788,0.001536,0.000953
0,0.136048,-0.033761,0.055748,0.043963,0.087611,0.038315,0.002374,0.000589
0,0.042417,0.076114,-0.116898,0.095516,-0.144356,0.119546,0.00074,0.001328
0,0.031913,0.036147,-0.006188,-0.038304,-0.0557,-0.026131,0.000557,0.000631
0,0.146934,0.097753,0.140859,0.072698,0.122318,0.05651,0.002564,0.001706
0,0.06196,-0.148498,-0.090372,-0.241667,-0.096818,-0.227945,0.001081,0.002592
0,0.03421,0.08995,-0.003895,0.210954,0.004775,0.258164,0.000597,0.00157
0,0.057327,0.128401,-0.000831,0.065358,-0.045284,0.028342,0.001001,0.002241
0,0.107848,0.066741,0.030422,-0.078294,-0.001583,-0.055195,0.001882,0.001165
0,0.135515,0.17133,0.040487,0.076949,0.024863,0.098261,0.002365,0.00299
0,0.070996,0.007109,-0.073676,-0.147579,-0.092499,-0.140164,0.001239,0.000124
0,0.133238,0.184647,0.086568,0.20221,0.0934,0.19239,0.002325,0.003223
0,-0.038878,0.200529,-0.176443,0.021724,-0.14048,0.024945,0.000679,0.0035
0,-0.016486,-0.032026,0.020336,-0.2379,-0.008273,-0.287058,0.000288,0.000559
0,-0.027796,0.145242,-0.033691,0.206408,-0.012443,0.183352,0.000485,0.002535
0,0.109845,-0.06315,0.112751,-0.196606,0.092125,-0.204083,0.001917,0.001102
0,0.21713,0.067721,0.122017,0.157988,0.124966,0.177584,0.00379,0.001182
0,0.227036,-0.076278,0.027008,-0.146963,0.06055,-0.10367,0.003855,0.001331
0,0.259586,-0.022884,0.02921,0.024999,-0.018282,0.00947,0.003287,0.000399
0,-0.006628,0.075456,-0.279417,0.101386,-0.309905,0.100806,0.000116,0.001317
0,-0.009128,0.042616,-0.016213,-0.00953,-0.019699,-0.035395,0.000159,0.000744
0,0.217495,0.067141,0.235529,-0.004423,0.260614,0.021434,0.003796,0.001172
0,0.154667,-0.026622,-0.059687,-0.09413,-0.020129,-0.081243,0.002699,0.000465
0,0.083999,-0.073752,-0.059584,-0.05736,-0.021234,-0.059928,0.001466,0.001287
0,0.135915,0.046707,0.07881,0.125584,0.104415,0.171032,0.002372,0.000815
0,0.165068,-0.085715,0.033011,-0.107866,0.030824,-0.074993,0.002881,0.001496
0,0.036157,0.198354,-0.147133,0.271387,-0.187733,0.249449,0.000631,0.003462
0,0.027435,0.135156,0.018982,-0.066559,0.062074,-0.062915,0.000479,0.002359
0,0.263667,0.130695,0.236439,-0.026517,0.244921,0.015193,0.003216,0.002281
0,0.238535,-0.001642,-0.05333,-0.125008,-0.020972,-0.090067,0.003655,2.9e-05
0,0.154419,0.146609,-0.08728,0.136758,-0.116033,0.174597,0.002695,0.002559
0,0.158446,0.134707,-0.012656,-0.007612,0.005126,-0.047027,0.002765,0.002351
0,-0.021235,-0.089853,-0.194065,-0.241274,-0.15059,-0.235111,0.000371,0.001568
0,0.001834,0.035941,0.043389,0.145169,0.005849,0.148944,3.2e-05,0.000627
0,-0.136407,0.105516,-0.129715,0.092834,-0.129729,0.060251,0.002381,0.001842
0,-0.070197,0.017344,0.074557,-0.075234,0.108482,-0.061659,0.001225,0.000303
0,-0.107581,0.049812,-0.01457,0.035491,0.017386,0.019959,0.001878,0.000869
0,-0.040898,-0.120043,0.086208,-0.175146,0.076592,-0.217479,0.000714,0.002095
0,-0.064414,0.087112,-0.033737,0.190795,-0.064624,0.226602,0.001124,0.00152
0,-0.144215,-0.005844,-0.087407,-0.095607,-0.079516,-0.142764,0.002517,0.000102
0,0.030315,-0.135516,0.17547,-0.140314,0.223185,-0.098609,0.000529,0.002365
0,-0.052864,0.086011,-0.078398,0.210861,-0.056848,0.200827,0.000923,0.001501
0,0.062921,-0.05826,0.101117,-0.172487,0.100519,-0.203959,0.001098,0.001017
0,-0.101012,-0.029649,-0.176256,0.036463,-0.159108,0.080085,0.001763,0.000517
0,-0.018498,0.004673,0.094098,0.055318,0.073454,0.037018,0.000323,8.2e-05
0,-0.170255,-0.098774,-0.152031,-0.128038,-0.137923,-0.116678,0.002972,0.001724
0,-0.134721,0.02609,0.054992,0.128332,0.086037,0.109371,0.002351,0.000455
0,0.043253,-0.139117,0.204435,-0.192448,0.229892,-0.146637,0.000755,0.002428
0,0.023074,-0.04948,-0.016779,0.078252,-0.033185,0.120229,0.000403,0.000864
0,-0.15563,0.083597,-0.194031,0.130976,-0.176721,0.10355,0.002716,0.001459
0,-0.184502,-0.149299,-0.0464,-0.250355,-0.018371,-0.254377,0.00322,0.002606
0,-0.007161,-0.053251,0.158398,0.067552,0.12925,0.067463,0.000125,0.000929
0,0.065354,0.015417,0.049879,0.09753,0.093014,0.060745,0.001141,0.000269
0,-0.053784,-0.022481,-0.118842,-0.058532,-0.08762,-0.019277,0.000939,0.000392
0,0.116666,-0.081918,0.174192,-0.036373,0.175481,-0.083693,0.002036,0.00143
0,-0.095995,-0.015045,-0.232711,0.077474,-0.2808,0.124749,0.001675,0.000263
0,0.015381,0.075079,0.103579,0.108685,0.074482,0.070308,0.000268,0.00131
0,0.107034,0.082609,0.066176,0.019063,0.046139,0.017554,0.001868,0.001442
0,0.106702,0.045191,0.012569,-0.040512,0.003669,-0.066365,0.001862,0.000789
0,0.168293,0.133956,0.069962,0.103241,0.068561,0.107508,0.002937,0.002338
0,-0.048406,-0.024149,-0.228634,-0.185147,-0.226718,-0.14978,0.000845,0.000421
0,0.099435,-0.069334,0.124915,-0.074146,0.110858,-0.027411,0.001735,0.00121
0,0.024209,0.174263,-0.079521,0.259214,-0.055263,0.219416,0.000423,0.003041
0,0.089248,0.115347,0.094036,-0.079716,0.091883,-0.030467,0.001558,0.002013
0,-0.082176,0.054899,-0.19561,-0.067992,-0.206431,-0.107141,0.001434,0.000958
0,-0.088587,0.034774,0.014762,0.003779,-0.019181,-0.027049,0.001546,0.000607
0,0.034374,-0.038574,0.09914,-0.058832,0.105282,-0.0137,0.0006,0.000673
0,0.057448,0.108158,-0.001994,0.160096,0.02564,0.169614,0.001003,0.001888
0,-0.087549,0.047229,-0.121029,-0.061532,-0.148495,-0.063917,0.001528,0.000824
0,-0.015228,-0.085208,0.087309,-0.112199,0.129764,-0.150407,0.000266,0.001487
0,0.040775,0.055423,0.076,0.157707,0.094756,0.128363,0.000712,0.000967
0,0.223692,0.180263,0.177675,0.112664,0.17121,0.117244,0.003904,0.003146
0,0.187824,0.065815,-0.044279,-0.134874,-0.09164,-0.11722,0.003278,0.001149
0,0.050427,0.001179,-0.152215,-0.056562,-0.155413,-0.060162,0.00088,2.1e-05
0,-0.050463,0.050939,-0.078034,0.043243,-0.077558,-0.001674,0.000881,0.000889
0,-0.123531,-0.054369,-0.08622,-0.093635,-0.087836,-0.113329,0.002156,0.000949
0,0.088137,0.161336,0.222077,0.188268,0.26517,0.218732,0.001538,0.002816
0,-0.172198,0.101499,-0.250691,-0.053607,-0.299192,-0.076127,0.003005,0.001771
0,-0.025533,-0.020682,0.147471,-0.137615,0.12292,-0.122627,0.000446,0.000361
0,-0.151205,0.148099,-0.100028,0.17136,-0.143194,0.142565,0.002639,0.002585
0,0.06094,-0.102986,0.183967,-0.272282,0.171131,-0.248363,0.001064,0.001797
0,-0.177304,0.088159,-0.221316,0.188937,-0.260917,0.187016,0.003095,0.001539
0,-0.105652,0.13069,0.087613,0.047384,0.123429,0.095096,0.001844,0.002281
0,0.072563,0.053471,0.160931,-0.062727,0.200797,-0.097612,0.001266,0.000933
0,-0.151169,-0.031171,-0.244097,-0.109293,-0.277894,-0.088304,0.002638,0.000544
0,-0.038515,0.116043,0.088426,0.127275,0.046789,0.15684,0.000672,0.002025
0,0.027286,-0.070837,0.042443,-0.202164,0.054602,-0.233485,0.000476,0.001236
0,-0.014789,-0.056625,-0.02137,0.038518,0.019497,0.086688,0.000258,0.000988
0,-0.234106,0.036414,-0.228883,0.100665,-0.196608,0.143118,0.003732,0.000636
0,0.011876,-0.003745,0.258856,-0.052093,0.235814,-0.076114,0.000207,6.5e-05
0,0.094579,0.111487,0.106223,0.110426,0.153952,0.092534,0.001651,0.001946
0,-0.131107,-0.144054,-0.199825,-0.225698,-0.226347,-0.238919,0.002288,0.002514
0,-0.211568,-0.168563,-0.081936,-0.041825,-0.084495,0.004481,0.003693,0.002942
0,0.001959,-0.028893,0.191976,0.115951,0.169408,0.136562,3.4e-05,0.000504
0,-0.192599,0.010406,-0.171866,0.024788,-0.174408,0.073971,0.003361,0.000182
0,0.078892,0.060815,0.265781,0.041401,0.298186,0.04306,0.001377,0.001061
0,0.076929,0.121558,-0.004908,0.053053,0.023546,0.085597,0.001343,0.002122
0,-0.027503,-0.059838,-0.13246,-0.171406,-0.142091,-0.183407,0.00048,0.001044
0,-0.058209,-0.135446,-0.056629,-0.073075,-0.089989,-0.122637,0.001016,0.002364
0,0.162521,-0.140838,0.203768,0.006392,0.22287,0.006775,0.002837,0.002458
0,0.083218,0.140706,-0.075214,0.252681,-0.064367,0.23292,0.001452,0.002456
0,-0.013973,-0.106777,-0.090263,-0.235288,-0.135573,-0.203425,0.000244,0.001864
0,0.008201,-0.037571,-0.004884,0.039638,-0.034087,0.020193,0.000143,0.000656
0,-0.098675,-0.091359,-0.112584,-0.073784,-0.151016,-0.024224,0.001722,0.001595
0,-0.063283,0.055926,0.029069,0.164212,0.076498,0.164881,0.001104,0.000976
0,0.123106,0.097039,0.185261,0.036759,0.148318,0.00164,0.002149,0.001694
0,0.021137,0.072448,-0.107825,-0.044362,-0.076859,-0.043526,0.000369,0.001264
0,0.122074,0.149192,0.115181,0.079875,0.086409,0.11582,0.002131,0.002604
0,-0.043288,0.169312,-0.139233,0.007025,-0.179009,-0.003101,0.000756,0.002955
0,0.216445,-0.031846,0.239745,-0.211593,0.204126,-0.170735,0.003778,0.000556
0,0.138356,-0.048542,-0.080277,-0.026436,-0.082978,0.008877,0.002415,0.000847
0,0.028755,0.116733,-0.119402,0.162634,-0.144858,0.123187,0.000502,0.002037
0,0.183564,-0.133973,0.150627,-0.237142,0.112206,-0.283719,0.003204,0.002338
0,0.14416,-0.090084,-0.027644,0.029571,-0.06893,0.013453,0.002516,0.001572
0,0.214977,-0.1443,0.060158,-0.046861,0.019764,-0.045402,0.003752,0.002519
0,0.121892,0.119932,-0.074798,0.251147,-0.124029,0.287379,0.002127,0.002093
0,0.177897,0.023437,0.043124,-0.101342,0.065288,-0.104862,0.003105,0.000409
0,-0.021967,-0.162808,-0.188683,-0.185187,-0.209155,-0.193831,0.000383,0.002842
0,-0.014322,0.029675,0.010298,0.217534,0.002734,0.185316,0.00025,0.000518
0,0.139041,-0.189812,0.134636,-0.229527,0.118072,-0.263286,0.002427,0.003313
0,-0.032579,-0.098941,-0.149575,0.109583,-0.17528,0.104282,0.000569,0.001727
0,-0.119998,-0.053742,-0.086467,0.028778,-0.120306,-0.002134,0.002094,0.000938
0,0.150028,-0.137814,0.289252,-0.069146,0.309401,-0.099055,0.002618,0.002405
0,0.144883,-0.170407,-0.025107,-0.009195,0.012743,-0.057975,0.002529,0.002974
0,-0.105259,-0.076832,-0.244795,0.070341,-0.265736,0.106017,0.001837,0.001341
0,0.072,0.085826,0.152113,0.180295,0.173222,0.152179,0.001257,0.001498
0,0.060985,-0.082863,-0.020749,-0.173887,-0.001136,-0.190675,0.001064,0.001446
0,0.144296,-0.149104,0.092206,-0.05785,0.080149,-0.066923,0.002518,0.002602
0,0.007344,-0.062502,-0.11446,0.083555,-0.076121,0.049631,0.000128,0.001091
0,-0.094553,0.018786,-0.124342,0.071464,-0.089449,0.076523,0.00165,0.000328
0,0.162738,0.022227,0.260581,0.025938,0.229411,0.041108,0.00284,0.000388
0,-0.014454,0.087518,-0.164596,0.040107,-0.162136,0.020184,0.000252,0.001527
0,0.15297,0.057666,0.150161,-0.020447,0.144978,-0.029489,0.00267,0.001006
0,0.03069,0.078201,-0.099346,-0.002395,-0.119761,0.008068,0.000536,0.001365
0,-0.034201,-0.082917,-0.054315,-0.142072,-0.026453,-0.100199,0.000597,0.001447
0,0.031044,0.072464,0.065971,0.12741,0.031563,0.106949,0.000542,0.001265
0,0.012352,-0.190313,-0.040278,-0.247886,-0.081493,-0.267048,0.000216,0.003322
0,-0.132366,0.093351,-0.117026,0.292781,-0.088655,0.31717,0.00231,0.001629
0,-0.00383,-0.066703,0.108521,-0.179792,0.071732,-0.196679,6.7e-05,0.001164
0,0.058616,0.099848,0.036264,0.170089,-0.0109,0.157828,0.001023,0.001743
0,-0.149241,-0.08903,-0.197099,-0.187515,-0.238449,-0.230635,0.002605,0.001554
0,-0.154296,-0.096695,0.018458,-0.037089,0.023056,-0.043645,0.002693,0.001688
0,0.012661,-0.106432,0.165473,-0.028265,0.176844,0.003913,0.000221,0.001858
0,-0.147201,-0.127599,-0.157118,-0.01181,-0.191753,-0.013087,0.002569,0.002227
0,-0.185252,0.017825,-0.062158,0.163543,-0.017275,0.16895,0.003233,0.000311
0,0.013324,-0.091923,0.192191,-0.123843,0.157603,-0.10055,0.000233,0.001604
0,0.046349,0.028521,0.012614,0.15043,0.043678,0.137939,0.000809,0.000498
0,0.092673,-0.009775,0.049159,-0.044841,0.019565,-0.026378,0.001617,0.000171
0,0.04632,0.002796,-0.065162,0.033749,-0.061632,0.079845,0.000808,4.9e-05
0,-0.02901,0.062849,-0.058652,0.049949,-0.030716,0.084635,0.000506,0.001097
0,-0.073389,0.115188,-0.071353,0.057322,-0.054841,0.034806,0.001281,0.00201
0,0.019781,-0.122573,0.100446,-0.233994,0.081175,-0.217794,0.000345,0.002139
0,-0.138038,-0.031186,-0.178936,0.095381,-0.145426,0.114456,0.002409,0.000544
0,0.194886,-0.110466,0.355099,-0.100862,0.364514,-0.060525,0.003401,0.001928
0,0.094069,-0.056009,-0.110922,0.060245,-0.142733,0.015476,0.001642,0.000978
0,-0.06803,-0.008252,-0.171496,0.033914,-0.1708,0.042597,0.001187,0.000144
0,0.021145,-0.020893,0.068673,-0.009851,0.022884,0.017582,0.000369,0.000365
0,0.007172,-0.102743,-0.028541,-0.110311,0.001612,-0.088234,0.000125,0.001793
0,-0.027873,0.079408,-0.027668,0.201515,-0.055714,0.237036,0.000486,0.001386
0,0.111906,-0.023084,0.118219,-0.116953,0.083596,-0.163673,0.001953,0.000403
0,0.103321,0.177274,-0.003702,0.176807,-0.040476,0.172829,0.001803,0.003094
0,0.094132,0.147343,0.013537,-0.018322,0.01202,0.006348,0.001643,0.002572
0,0.121674,-0.034669,-0.00147,-0.1664,0.027049,-0.144175,0.002124,0.000605
0,-0.087775,-0.06153,-0.234256,-0.021649,-0.192351,-0.038077,0.001532,0.001074
0,-0.17742,-0.028566,-0.101725,0.009386,-0.144335,0.012002,0.003097,0.000499
0,0.067486,0.010191,0.269298,0.032639,0.268178,0.010355,0.001178,0.000178
0,-0.053504,0.105662,-0.112581,0.077071,-0.15607,0.085393,0.000934,0.001844
0,-0.199745,-0.074306,-0.138078,-0.169986,-0.165208,-0.183465,0.003486,0.001297
0,-0.003289,-0.044651,0.180108,0.013777,0.185148,0.018665,5.7e-05,0.000779
0,-0.157104,0.011694,-0.158766,0.081296,-0.119677,0.07559,0.002742,0.000204
0,-0.113912,0.169398,0.058205,0.181835,0.078854,0.160148,0.001988,0.002957
0,-0.143279,0.05101,-0.048299,-0.108815,-0.063652,-0.134791,0.002501,0.00089
0,-0.178861,0.00769,-0.04323,-0.065797,-0.03362,-0.033488,0.003122,0.000134
0,-0.01458,-0.023013,0.179025,-0.038001,0.199003,-0.034374,0.000254,0.000402
0,0.091072,0.026112,0.132878,0.02929,0.134614,0.039577,0.00159,0.000456
0,0.073105,0.118796,0.000358,0.116879,0.049026,0.103542,0.001276,0.002073
0,0.036129,0.096968,-0.02868,0.004692,-0.028406,-0.043454,0.000631,0.001692
0,-0.135531,-0.091334,-0.179173,-0.165403,-0.187519,-0.117742,0.002365,0.001594
0,-0.066032,-0.138187,0.062005,-0.064835,0.091371,-0.06627,0.001152,0.002412
0,-0.087684,-0.114801,-0.040397,0.033846,-0.047812,0.056489,0.00153,0.002004
0,0.096939,-0.073201,0.210891,0.065407,0.230352,0.069777,0.001692,0.001278
0,-0.096894,-0.068528,-0.221849,-0.009533,-0.244823,-0.015784,0.001691,0.001196
0,-0.173703,-0.124544,-0.047909,-0.03936,-0.026318,-0.081625,0.003032,0.002174
0,-0.021735,0.006976,0.14891,0.107168,0.183585,0.129156,0.000379,0.000122
0,0.080658,-0.184339,0.073773,-0.199096,0.074968,-0.189798,0.001408,0.003217
0,-0.054124,-0.144676,-0.14919,0.062544,-0.194486,0.056047,0.000945,0.002525
0,0.014652,-0.070224,0.087077,0.079622,0.095037,0.110174,0.000256,0.001226
0,-0.022981,-0.025501,-0.044274,0.042841,0.003492,0.081011,0.000401,0.000445
0,0.026603,0.004073,0.022588,0.014219,0.061555,0.022404,0.000464,7.1e-05
0,-0.000645,-0.054973,-0.039492,-0.057914,-0.064245,-0.025795,1.1e-05,0.000959
0,-0.182071,-0.144689,-0.178332,-0.084262,-0.153635,-0.046448,0.003178,0.002525
0,-0.174736,-0.043092,0.004967,0.072275,-0.028376,0.064684,0.00305,0.000752
0,-0.117013,0.015526,0.046452,0.047128,0.030569,0.078874,0.002042,0.000271
0,-0.03411,-0.073721,0.071137,-0.060765,0.103136,-0.105486,0.000595,0.001287
0,0.00651,-0.062678,0.015368,0.018789,-0.019879,-0.014909,0.000114,0.001094
0,0.120511,0.106235,0.127131,0.176687,0.125551,0.195027,0.002103,0.001854
0,-0.122347,0.00167,-0.22485,-0.087318,-0.269954,-0.039432,0.002135,2.9e-05
0,-0.019403,-0.10614,0.115997,-0.089103,0.073768,-0.063552,0.000339,0.001852
0,-0.034778,0.007956,-0.029701,0.114891,-0.055849,0.161841,0.000607,0.000139
0,0.057001,0.016531,0.088381,-0.004443,0.080713,-0.016534,0.000995,0.000289
0,-0.06326,-0.040347,-0.14699,-0.077302,-0.110502,-0.044364,0.001104,0.000704
0,-3.567027,-0.022531,-3.495768,0.021884,-3.475134,0.007469,0.000287,0.000393
0,-4.837013,-0.141525,-1.241564,-0.138124,-1.271367,-0.159817,0.001575,0.00247
0,-5.831235,0.038372,-1.007073,0.151409,-1.01123,0.167767,0.000142,0.00067
0,-5.659557,0.060891,0.15069,0.012752,0.131698,0.026678,0.002854,0.001063
0,-3.81391,-0.090014,1.873054,-0.174057,1.865941,-0.213193,0.003796,0.001571
0,-2.940007,-0.070926,0.893286,-0.00743,0.900872,-0.018031,0.003412,0.001238
0,-1.648509,-0.023425,1.297157,0.052974,1.310529,0.070517,0.0025,0.000409
0,-1.184609,0.0634,0.437412,0.061114,0.401003,0.110898,0.002778,0.001107
0,-0.953453,0.091004,0.233552,0.056133,0.271945,0.042349,0.001005,0.001588
0,-0.454636,-0.056679,0.474513,-0.119192,0.474608,-0.093351,0.000117,0.000989
0,-0.396785,-0.044136,0.044681,0.023854,-0.003677,0.023474,0.000893,0.00077
0,0.050762,-0.089264,0.447528,-0.061463,0.439616,-0.065559,0.000886,0.001558
0,0.34658,-0.164912,0.267948,-0.100245,0.236344,-0.060471,0.001769,0.002878
0,0.31921,-0.098027,-0.032405,0.06096,-0.000236,0.088942,0.002247,0.001711
0,0.346215,-0.0789,-0.002647,-0.00257,-0.023749,-0.033057,0.001775,0.001377
0,0.301121,-0.142883,-0.029412,-0.06643,-0.034147,-0.061758,0.002562,0.002494
0,0.377685,-0.135914,0.075234,-0.009107,0.03306,-0.019631,0.001226,0.002372
0,0.141127,-0.005881,-0.230306,0.137101,-0.237507,0.172565,0.002463,0.000103
0,0.128886,0.044847,-0.004477,0.029715,0.034492,0.031397,0.002249,0.000783
0,0.287736,-0.137669,0.154662,-0.192338,0.178771,-0.223717,0.002796,0.002403
0,-0.000371,0.092853,-0.275358,0.235033,-0.284052,0.26636,6e-06,0.001621
0,0.121892,-0.08661,0.109827,-0.206166,0.081114,-0.215065,0.002127,0.001512
0,0.161917,0.058758,0.038261,0.1672,0.00513,0.124938,0.002826,0.001026
0,-0.119541,0.067128,-0.309802,0.022032,-0.30291,0.031774,0.002086,0.001172
0,-0.139053,-0.120941,0.007899,-0.19883,-0.01546,-0.162172,0.002427,0.002111
0,0.039574,-0.180683,0.202276,-0.046646,0.247165,-0.050332,0.000691,0.003154
0,-0.006011,-0.146346,-0.024096,0.016531,-0.063465,0.006489,0.000105,0.002554
0,-0.028835,-0.163098,-0.011162,-0.00692,0.024824,0.012424,0.000503,0.002847
0,0.0326,-0.001756,0.077548,0.1509,0.117772,0.14975,0.000569,3.1e-05
0,-0.08664,4e-05,-0.133636,-0.012199,-0.11605,-0.05955,0.001512,1e-06
0,0.118328,-0.04524,0.178332,-0.063963,0.188179,-0.05765,0.002065,0.00079
0,-0.164172,-0.184908,-0.274287,-0.144209,-0.297159,-0.107764,0.002865,0.003227
0,-0.12144,-0.114605,0.014702,0.092137,0.062562,0.140149,0.00212,0.002
0,-0.072312,-0.192256,0.032294,-0.091102,0.036093,-0.072042,0.001262,0.003356
0,-0.096155,0.030473,-0.024925,0.249419,-0.031082,0.202831,0.001678,0.000532
0,0.056167,-0.132092,0.175517,-0.144497,0.16224,-0.119027,0.00098,0.002305
0,0.005966,0.001665,-0.024265,0.108007,-0.051935,0.131985,0.000104,2.9e-05
0,-0.083815,0.08039,-0.062015,0.087259,-0.042271,0.038226,0.001463,0.001403
0,0.070215,0.046752,0.138462,-0.054937,0.096619,-0.006654,0.001225,0.000816
0,0.067591,-0.146373,0.007258,-0.19143,0.002247,-0.182135,0.00118,0.002555
0,0.007535,-0.089264,-0.081657,0.048144,-0.068203,-0.00068,0.000132,0.001558
0,0.208428,0.097033,0.19033,0.201041,0.235046,0.16049,0.003638,0.001694
0,0.054963,0.024038,-0.182057,-0.069901,-0.146672,-0.068913,0.000959,0.00042
0,0.209764,-0.065428,0.166281,-0.068951,0.140882,-0.11806,0.003661,0.001142
0,0.12147,-0.047174,-0.103324,0.03308,-0.068443,0.0713,0.00212,0.000823
0,0.17569,0.185825,0.051542,0.227643,0.067074,0.262839,0.003066,0.003243
0,0.015711,0.194043,-0.177583,0.000957,-0.128879,-0.018313,0.000274,0.003387
0,-0.052419,0.131878,-0.061933,-0.047231,-0.056468,-0.026379,0.000915,0.002302
0,0.031796,-0.084949,0.065544,-0.226084,0.050411,-0.270662,0.000555,0.001483
0,0.068797,0.029543,0.02966,0.12385,0.058392,0.126015,0.001201,0.000516
0,0.022204,0.109915,-0.019862,0.098015,-0.040489,0.124019,0.000388,0.001918
0,0.161749,0.050815,0.135474,-0.046256,0.110754,-0.030265,0.002823,0.000887
0,0.139163,0.119391,-0.00643,0.079384,-0.04794,0.094499,0.002429,0.002084
0,-0.040683,0.125978,-0.184959,-0.021025,-0.221161,0.021013,0.00071,0.002199
0,-0.126812,0.207716,-0.101365,0.0779,-0.068871,0.101304,0.002213,0.003625
0,0.136941,-0.061582,0.278937,-0.294888,0.274218,-0.247919,0.00239,0.001075
0,-0.093784,-0.015852,-0.218086,0.061267,-0.251544,0.059424,0.001637,0.000277
0,-0.152962,-0.551084,-0.081428,-0.529362,-0.042124,-0.554765,0.00267,0.0018
0,-0.639859,-1.933347,-0.49678,-1.399412,-0.542839,-1.411329,0.00335,0.002472
0,-0.789456,-2.000376,-0.177135,-0.078724,-0.22213,-0.060308,0.001857,0.003642
0,-0.718911,-1.767504,0.091546,0.234474,0.094145,0.187323,0.003088,0.000423
0,-0.564756,-1.879877,0.16577,-0.107648,0.170782,-0.131797,0.002039,0.001539
0,-0.295989,-1.760507,0.291428,0.09834,0.262034,0.071885,0.002652,0.000545
0,-0.154453,-1.196806,0.132587,0.579987,0.129772,0.608708,0.002696,0.002565
0,-0.258116,-0.703315,-0.084518,0.483472,-0.133005,0.449235,0.003313,0.000597
0,-0.198361,-0.524571,0.079202,0.150541,0.049116,0.111117,0.003462,0.000597
0,-0.155219,-0.395238,0.0723,0.144778,0.121286,0.137792,0.002709,0.000597
0,-0.056805,-0.189121,0.073749,0.234977,0.025029,0.228092,0.000991,0.000597
0,0.082379,-0.296026,0.143285,-0.081395,0.097764,-0.07075,0.001438,0.000597
0,-0.071967,-0.300163,-0.178834,-0.000941,-0.145066,-0.021025,0.001256,0.000597
0,-0.14993,-0.060413,-0.107337,0.211106,-0.063323,0.174167,0.002617,0.000597
0,-0.123536,-0.181416,0.015419,-0.092004,-0.002901,-0.048994,0.002156,0.000597
0,-0.112703,-0.07162,0.037246,0.082497,0.039785,0.079415,0.001967,0.000597
0,-0.018965,-0.130048,0.105929,-0.080321,0.120944,-0.050706,0.000331,0.000597
0,0.00151,-0.069726,0.014296,0.060346,0.013681,0.079003,2.6e-05,0.000597
0,0.064884,-0.0928,0.093079,-0.039794,0.047796,-0.023361,0.001132,0.000597
0,0.122463,-0.301369,0.080892,-0.236848,0.033623,-0.245158,0.002137,0.000597
0,0.072638,-0.194118,-0.078947,0.120645,-0.062468,0.095214,0.001268,0.000597
0,0.082751,-0.073836,0.007678,0.119429,0.009397,0.102961,0.001444,0.000597
0,0.004511,-0.099902,-0.061998,-0.005264,-0.080777,-0.039599,7.9e-05,0.000597
0,0.054042,-0.030116,0.056776,0.073633,0.041211,0.066835,0.000943,0.000597
0,-0.106703,-0.192135,-0.190343,-0.179968,-0.229258,-0.137252,0.001862,0.000597
0,-0.472448,-0.057594,-0.368715,0.145248,-0.391476,0.100268,0.000428,0.000597
0,-0.401239,0.091434,0.090702,0.12314,0.108588,0.165766,0.000815,0.001596
0,-0.382063,-0.100785,-0.006613,-0.177682,0.008876,-0.22499,0.00115,0.000597
0,-0.62198,0.081384,-0.213736,0.179509,-0.242089,0.199803,0.003038,0.00142
0,-0.54418,0.032252,0.059477,-0.055832,0.063205,-0.05423,0.00168,0.000597
0,-0.366749,0.12975,0.186627,0.095113,0.1424,0.138859,0.001417,0.002265
0,-0.110277,-0.137728,0.27315,-0.257807,0.265224,-0.240489,0.001925,0.000597
0,-0.144362,-0.077309,-0.044289,0.050259,-0.01365,0.019239,0.00252,0.000597
0,0.05768,0.066117,0.216253,0.154765,0.215183,0.126611,0.001007,0.001154
0,-0.15586,-0.070817,-0.242117,-0.131399,-0.27618,-0.096622,0.00272,0.000597
0,-0.104695,-0.052997,0.062763,-0.005354,0.102876,-0.002012,0.001827,0.000597
0,-0.018738,-0.024887,0.07379,0.013428,0.059252,-0.00082,0.000327,0.000597
0,0.03805,0.057892,0.055787,0.081178,0.027794,0.081045,0.000664,0.00101
0,0.112346,0.039852,0.079051,-0.012369,0.064387,-0.024645,0.001961,0.000696
0,-0.16539,0.160383,-0.249652,0.113059,-0.279357,0.085762,0.002887,0.002799
0,-0.096551,0.074633,0.056967,-0.084555,0.045846,-0.048478,0.001685,0.001303
0,0.045631,-0.028235,0.164567,-0.132436,0.196467,-0.114891,0.000796,0.000597
0,-0.080887,0.145998,-0.154929,0.184605,-0.155423,0.222703,0.001412,0.002548
0,-0.151734,-0.036138,-0.07377,-0.157812,-0.085294,-0.159408,0.002648,0.000597
0,-0.089961,0.019838,0.069978,0.069797,0.039104,0.119017,0.00157,0.000597
0,0.038056,-0.042481,0.100334,-0.064843,0.113939,-0.043828,0.000664,0.000597
0,0.114798,-0.133779,0.093404,-0.094262,0.137647,-0.104922,0.002004,0.000597
0,0.008816,0.094317,-0.118791,0.243761,-0.113307,0.223464,0.000154,0.001646
0,-0.027907,0.139251,-0.064782,0.020581,-0.113171,0.0248,0.000487,0.00243
0,-0.100722,-0.134878,-0.053541,-0.260083,-0.062897,-0.282491,0.001758,0.000597
0,0.072342,-0.097689,0.180911,0.0207,0.186786,0.0241,0.001263,0.000597
0,-0.058868,-0.021193,-0.114636,0.094307,-0.084562,0.054561,0.001027,0.000597
0,0.119771,-0.131665,0.202596,-0.081149,0.252547,-0.06287,0.00209,0.000597
0,0.10574,-0.030534,-0.002405,0.071563,-0.034137,0.06473,0.001846,0.000597
0,-0.060648,0.130269,-0.180575,0.136038,-0.14582,0.146098,0.001058,0.002274
0,-0.113438,-0.066,-0.06605,-0.167919,-0.055625,-0.149323,0.00198,0.000597
0,0.056894,0.1106,0.193926,0.196798,0.151106,0.176366,0.000993,0.00193
0,-0.126586,-0.068515,-0.176703,-0.15332,-0.134075,-0.116478,0.002209,0.000597
0,0.050002,0.158687,0.182301,0.201321,0.187917,0.207227,0.000873,0.00277
0,0.091768,0.006652,0.028688,-0.144894,0.048718,-0.193792,0.001602,0.000597
0,-0.139101,-0.117596,-0.2236,-0.136425,-0.264848,-0.121465,0.002428,0.000597
0,0.066133,0.135273,0.17772,0.253213,0.1591,0.20889,0.001154,0.002361
0,-0.144462,-0.03022,-0.182962,-0.182036,-0.194072,-0.206448,0.002521,0.000597
0,-0.141399,-0.128836,-0.025133,-0.070908,0.022959,-0.081023,0.002468,0.000597
0,-0.058792,-0.088501,0.06887,0.053471,0.096231,0.067602,0.001026,0.000597
0,-0.060087,0.134181,0.003733,0.204191,-0.002792,0.169704,0.001049,0.002342
0,0.193408,-0.043145,0.251413,-0.193556,0.268969,-0.217414,0.003376,0.000597
0,0.040017,-0.091485,-0.162568,-0.040224,-0.130177,-0.08297,0.000698,0.000597
0,0.240183,-0.077842,0.176294,-0.007197,0.188263,0.021876,0.003626,0.000597
0,0.196753,-0.057529,-0.033122,0.010941,-0.027466,-0.030035,0.003434,0.000597
0,-0.06677,0.083892,-0.234377,0.164139,-0.277294,0.178988,0.001165,0.001464
0,0.101379,0.079937,0.194427,-0.027405,0.237744,-0.051633,0.001769,0.001395
0,0.03734,-0.096454,-0.088153,-0.162315,-0.052417,-0.205564,0.000652,0.000597
0,0.01446,-0.068497,0.00159,0.05324,-0.018866,0.062444,0.000252,0.000597
0,-0.023485,0.059978,-0.060396,0.154918,-0.098959,0.135562,0.00041,0.001047
0,-0.041237,0.116689,0.002584,0.079121,0.014193,0.069142,0.00072,0.002037
0,-0.029305,0.022989,-0.014196,-0.097945,-0.004332,-0.100739,0.000511,0.000597
0,-0.012046,0.01001,0.005191,-0.04118,-0.029724,-0.023932,0.00021,0.000597
0,-0.05483,-0.100836,-0.065837,-0.117184,-0.115582,-0.073575,0.000957,0.000597
0,0.062668,-0.06565,0.103405,0.046582,0.099926,0.041444,0.001094,0.000597
0,0.049992,-0.102275,-0.001693,-0.022818,-0.00065,0.009132,0.000873,0.000597
0,-0.0339,-0.064322,-0.067703,0.016024,-0.038361,-0.027105,0.000592,0.000597
0,0.055204,0.039861,0.090292,0.080314,0.131696,0.127878,0.000963,0.000696
0,0.049096,0.010131,-0.027491,-0.024815,-0.039531,-0.003438,0.000857,0.000597
0,0.16441,-0.039167,0.089689,-0.060435,0.133952,-0.072361,0.00287,0.000597
0,-0.077234,-0.124545,-0.264301,-0.082526,-0.298292,-0.117092,0.001348,0.000597
0,-0.103169,-0.185875,-0.036855,-0.057805,-0.007061,-0.092554,0.001801,0.000597
0,0.091527,-0.121377,0.182673,0.070195,0.179728,0.068579,0.001597,0.000597
0,-0.111791,-0.21098,-0.203586,-0.109358,-0.186805,-0.122261,0.001951,0.000597
0,-0.013089,-0.134254,0.084284,0.102832,0.068578,0.083087,0.000228,0.000597
0,0.173762,-0.114587,0.211594,0.030735,0.228048,0.044015,0.003033,0.000597
0,0.20126,0.00112,0.003957,0.114604,-0.037031,0.065961,0.003513,0.000597
0,0.154785,0.064708,-0.063682,0.081235,-0.050189,0.071483,0.002702,0.001129
0,0.01226,0.051123,-0.140919,-0.027636,-0.174006,-0.071306,0.000214,0.000892
0,0.648346,-0.177252,0.631612,-0.208745,0.587265,-0.213348,0.003498,0.000597
0,0.992711,0.018036,0.319924,0.204147,0.302003,0.162034,0.00169,0.000597
0,1.445062,-0.002437,0.471379,-0.045494,0.441626,-0.093424,0.001767,0.000597
0,1.206042,0.062228,-0.25189,0.092833,-0.2536,0.100206,0.002404,0.001086
0,1.027755,0.043083,-0.178037,-0.027036,-0.198658,-0.029745,0.002302,0.000752
0,0.906021,0.096588,-0.151548,0.050571,-0.200909,0.05913,0.000177,0.001686
0,0.684144,-0.062433,-0.231864,-0.153261,-0.201927,-0.159479,0.003695,0.000597
0,0.453209,0.134844,-0.232962,0.170919,-0.220606,0.174615,9.2e-05,0.002353
0,0.384936,0.0005,-0.060017,-0.107142,-0.055715,-0.133677,0.001099,0.000597
0,0.308484,0.051196,-0.053026,0.057855,-0.019563,0.086126,0.002434,0.000894
0,0.175764,0.065875,-0.133605,0.00762,-0.134811,-0.030428,0.003068,0.00115
0,-0.039325,0.042757,-0.20939,-0.014596,-0.255958,-0.062173,0.000686,0.000746
0,-0.195372,0.056521,-0.126781,0.039189,-0.155885,0.080004,0.00341,0.000986
0,-0.216866,-0.053687,-0.015398,-0.110845,-0.033193,-0.115997,0.003785,0.000597
0,-0.303538,-0.048381,-0.085758,0.03018,-0.114693,0.075391,0.00252,0.000597
0,-0.128851,0.026768,0.190714,0.102837,0.234772,0.104911,0.002249,0.000597
0,-0.018147,-0.118329,0.084152,-0.170135,0.070664,-0.204066,0.000317,0.000597
0,-0.224161,-0.003457,-0.223577,0.133462,-0.186524,0.155371,0.003906,0.000597
0,-0.028683,0.039032,0.192723,0.058814,0.226091,0.039793,0.000501,0.000681
0,-0.202787,0.035596,-0.178212,-0.011209,-0.139779,-0.016631,0.003539,0.000621
0,0.04022,0.032138,0.259225,0.017473,0.25592,-0.004382,0.000702,0.000597
0,0.002289,-0.136031,-0.048253,-0.169624,-0.000751,-0.153317,4e-05,0.000597
0,0.064315,-0.105303,0.066696,0.017895,0.0903,0.057983,0.001123,0.000597
0,-0.079919,-0.082666,-0.157587,0.043826,-0.109111,0.048004,0.001395,0.000597
0,0.010096,-0.111995,0.094754,-0.029394,0.048415,-0.073629,0.000176,0.000597
0,-0.040567,-0.129045,-0.028568,-0.005022,0.009192,0.017736,0.000708,0.000597
0,0.058356,-0.010891,0.118119,0.132706,0.16482,0.154127,0.001019,0.000597
0,-0.077411,0.032415,-0.118411,0.017474,-0.115478,0.028117,0.001351,0.000597
0,0.121988,0.026615,0.212108,-0.006373,0.226656,0.034562,0.002129,0.000597
0,0.12783,0.068573,-0.00524,0.059739,-0.004791,0.098186,0.002231,0.001197
0,-0.006799,0.071077,-0.155733,0.016645,-0.158523,0.000871,0.000119,0.001241
0,0.124367,-0.087275,0.132221,-0.181599,0.13331,-0.226638,0.002171,0.000597
0,-0.033622,-0.14744,-0.163517,-0.067132,-0.164252,-0.060964,0.000587,0.000597
0,0.159342,0.055902,0.204999,0.212737,0.232691,0.206344,0.002781,0.000976
0,0.153344,-0.165286,-0.012042,-0.223115,0.03529,-0.250192,0.002676,0.000597
0,0.158276,-0.065272,0.005317,0.07651,0.001261,0.036281,0.002762,0.000597
0,0.038276,0.056973,-0.129797,0.11606,-0.172244,0.0716,0.000668,0.000994
0,0.030941,0.011833,0.014325,-0.024294,0.050001,0.024391,0.00054,0.000597
0,0.129882,-0.119098,0.116716,-0.11443,0.098449,-0.155372,0.002267,0.000597
0,0.011715,-0.181504,-0.089335,-0.084753,-0.045534,-0.131019,0.000204,0.000597
0,-0.012951,-0.144084,-0.007901,0.051664,0.018905,0.057088,0.000226,0.000597
0,-0.025469,0.021237,-0.005723,0.167091,-0.014301,0.14442,0.000445,0.000597
0,0.196272,-0.159233,0.196288,-0.16353,0.210386,-0.115056,0.003426,0.000597
0,0.00508,0.114294,-0.193624,0.250669,-0.177696,0.278166,8.9e-05,0.001995
0,0.047054,0.094898,0.036438,0.008634,0.039754,0.017099,0.000821,0.001656
0,0.090542,-0.097996,0.057589,-0.214434,0.015131,-0.22426,0.00158,0.000597
0,0.074348,-0.10644,-0.029894,-0.008394,-0.016038,-0.045595,0.001298,0.000597
0,-0.056367,-0.092649,-0.130202,-0.011698,-0.118175,0.010556,0.000984,0.000597
0,0.104309,0.132591,0.134169,0.201693,0.090165,0.154001,0.001821,0.002314
0,-0.071156,0.043816,-0.157242,-0.076087,-0.17982,-0.034475,0.001242,0.000765
0,0.015014,0.038282,0.069656,0.002751,0.089271,-0.008686,0.000262,0.000668
0,0.07154,-0.111451,0.037293,-0.121778,0.028237,-0.073458,0.001249,0.000597
0,-0.106668,0.055809,-0.167098,0.175239,-0.174337,0.213625,0.001862,0.000974
0,-0.13429,-0.041591,-0.041146,-0.085152,0.003858,-0.080684,0.002344,0.000597
0,-0.965073,0.632155,-0.834165,0.684221,-0.864791,0.706416,0.001208,0.003215
0,-2.797866,0.858753,-1.811253,0.249417,-1.80302,0.291631,0.001925,0.000648
0,-4.418834,0.800899,-1.593794,-0.07011,-1.569646,-0.10666,0.001056,0.001657
0,-4.784927,0.679729,-0.341406,-0.098097,-0.382756,-0.117865,0.002484,0.003772
0,-3.912496,0.761398,0.880369,0.0749,0.893817,0.116042,0.002075,0.002347
0,-3.522255,0.715028,0.368734,-0.029825,0.386777,0.006252,0.001068,0.003156
0,-2.704061,0.27842,0.796014,-0.451175,0.805283,-0.49583,0.000287,0.002959
0,-1.956524,0.219074,0.750909,-0.029455,0.789095,-0.0625,0.002876,0.003824
0,-1.25883,0.12364,0.700346,-0.094893,0.738362,-0.132631,0.001483,0.002158
0,-0.98645,-0.058342,0.2861,-0.176801,0.244633,-0.148978,0.001581,0.001018
0,-0.194808,-0.142467,0.801626,-0.108184,0.774739,-0.105179,0.0034,0.002487
0,0.511544,-0.152569,0.676426,-0.014142,0.712353,-0.013643,0.00111,0.002663
0,0.229164,-0.20361,-0.257356,-0.036051,-0.252381,-0.062293,0.003818,0.003554
0,0.200832,0.004651,-0.036292,0.194365,-0.047686,0.1824,0.003505,8.1e-05
0,0.359063,0.014779,0.171811,0.009177,0.144277,0.040507,0.001551,0.000258
0,0.426491,0.031883,0.040963,0.039008,0.064904,0.071691,0.000374,0.000556
0,0.20301,-0.063378,-0.240519,-0.085769,-0.282552,-0.120669,0.003543,0.001106
0,0.422013,0.011254,0.211511,0.075066,0.225653,0.0626,0.000452,0.000196
0,0.185111,0.019658,-0.238037,0.025788,-0.283873,0.064074,0.003231,0.000343
0,0.179345,-0.037898,-0.001686,-0.070625,-0.015585,-0.055808,0.00313,0.000661
0,0.203229,0.129014,0.015192,0.139542,-0.026992,0.091614,0.003547,0.002252
0,0.335292,0.00832,0.114953,-0.132103,0.068057,-0.092648,0.001966,0.000145
0,0.12319,-0.136405,-0.208946,-0.135347,-0.183043,-0.087876,0.00215,0.002381
0,0.211515,-0.099777,0.085764,0.038862,0.08188,0.047394,0.003692,0.001741
0,0.148488,-0.196962,-0.092087,-0.115338,-0.12336,-0.132461,0.002592,0.003438
0,0.230952,-0.110705,0.09129,0.11325,0.103797,0.085592,0.003787,0.001932
0,0.07212,0.063324,-0.167824,0.151507,-0.216415,0.16911,0.001259,0.001105
0,0.188138,0.101692,0.100846,0.047463,0.144277,0.080056,0.003284,0.001775
0,0.243946,0.003822,0.057093,-0.081173,0.0268,-0.131116,0.00356,6.7e-05
0,0.317053,-0.06331,0.088134,-0.075254,0.040334,-0.123913,0.002284,0.001105
0,0.285046,0.071057,-0.027701,0.111148,-0.071735,0.143278,0.002843,0.00124
0,0.312087,-0.105752,0.02612,-0.186194,0.005197,-0.157018,0.002371,0.001846
0,0.034885,-0.029764,-0.277766,0.069142,-0.253795,0.108269,0.000609,0.000519
0,0.151971,-0.093338,0.129028,-0.079051,0.089513,-0.073174,0.002652,0.001629
0,0.120993,0.133401,-0.005582,0.243331,0.000424,0.225991,0.002112,0.002328
0,0.060205,0.025694,-0.087604,-0.098963,-0.041978,-0.055381,0.001051,0.000448
0,-0.015197,-0.026153,-0.100524,-0.069624,-0.147028,-0.103216,0.000265,0.000456
0,-0.053578,0.133085,-0.013001,0.184264,0.001848,0.146951,0.000935,0.002323
0,-0.118578,0.109156,-0.053246,0.001509,-0.008835,-0.038889,0.00207,0.001905
0,0.085327,0.12374,0.18787,0.010157,0.147384,0.051364,0.001489,0.00216
0,0.149266,-0.068605,0.034457,-0.190601,0.080087,-0.203527,0.002605,0.001197
0,-0.076174,-0.051421,-0.219025,0.032433,-0.232772,0.042327,0.001329,0.000897
0,0.099993,-0.089235,0.168634,-0.036016,0.203098,0.011044,0.001745,0.001557
0,0.145681,-0.037473,0.024486,0.028198,-0.018096,0.072584,0.002543,0.000654
0,-0.07011,-0.098227,-0.22947,-0.053258,-0.26739,-0.009343,0.001224,0.001714
0,0.143914,0.183367,0.220203,0.298886,0.187463,0.255917,0.002512,0.0032
0,-0.001968,-0.108207,-0.168289,-0.282465,-0.214136,-0.32685,3.4e-05,0.001889
0,0.192205,-0.057196,0.203875,0.031417,0.224504,0.065162,0.003355,0.000998
0,0.154518,0.129808,-0.047318,0.185436,-0.054068,0.188677,0.002697,0.002266
0,0.064203,0.16649,-0.073992,0.045469,-0.093732,0.07871,0.001121,0.002906
0,-0.015585,-0.020993,-0.087613,-0.195411,-0.099845,-0.176291,0.000272,0.000366
0,-0.001335,-0.05969,0.021335,-0.008772,0.003754,-0.036304,2.3e-05,0.001042
0,0.063063,-0.022439,0.051004,0.026948,0.043174,-0.007839,0.001101,0.000392
0,0.031712,-0.045007,-0.020653,0.006306,-0.029103,-0.020781,0.000553,0.000786
0,0.142222,-0.148453,0.082671,-0.084366,0.048124,-0.073248,0.002482,0.002591
0,-0.029856,0.025576,-0.1574,0.149821,-0.179791,0.141638,0.000521,0.000446
0,0.156591,-0.131059,0.183341,-0.151203,0.153194,-0.15201,0.002733,0.002287
0,0.134872,-0.100262,-0.030752,0.052588,-0.053634,0.012281,0.002354,0.00175
0,0.127744,0.100772,-0.012356,0.199937,0.024645,0.178491,0.00223,0.001759
0,0.12526,-0.13386,0.016681,-0.252293,-0.030884,-0.244392,0.002186,0.002336
0,0.013816,-0.022943,-0.109325,0.085313,-0.11529,0.068326,0.000241,0.0004
0,0.097655,-0.063692,0.072216,-0.027504,0.053102,-0.073771,0.001704,0.001112
0,0.087222,-0.000733,-0.031976,0.076085,0.017793,0.102243,0.001522,1.3e-05
0,0.166982,-0.07518,0.091352,-0.064918,0.080087,-0.045069,0.002914,0.001312
0,-0.128011,0.107778,-0.279257,0.176857,-0.31837,0.183077,0.002234,0.001881
0,-0.031027,0.158117,0.076371,0.045211,0.086307,0.024219,0.000542,0.00276
0,-0.050762,-0.014462,-0.04279,-0.186841,-0.017671,-0.178882,0.000886,0.000252
0,-0.056846,0.181673,-0.002958,0.20413,-0.037479,0.20611,0.000992,0.003171
0,-0.078987,0.051312,-0.007796,-0.144957,-0.038054,-0.099086,0.001379,0.000896
0,-0.122809,-0.000655,-0.02038,-0.065011,-0.065431,-0.034434,0.002143,1.1e-05
0,-0.135438,0.162287,-0.005785,0.168803,0.023517,0.194065,0.002364,0.002832
0,-0.04988,0.043955,0.063043,-0.116409,0.103733,-0.08462,0.000871,0.000767
0,-0.048196,-0.100343,0.022274,-0.165328,-0.018425,-0.140049,0.000841,0.001751
0,0.095299,-0.07533,0.149174,0.040975,0.185288,0.058826,0.001663,0.001315
0,-2.073377,-0.660198,-2.19292,-0.60784,-2.207364,-0.637907,0.002902,0.003705
0,-2.9206,-0.966142,-0.842957,-0.277908,-0.820215,-0.265783,0.003751,0.001227
0,-5.480859,-0.939299,-2.568657,0.001853,-2.524165,-0.027827,0.001845,0.000758
0,-5.668735,-0.763078,-0.158899,0.197892,-0.166129,0.205263,0.002694,0.002318
0,-4.65238,-0.644042,1.044214,0.090342,1.046029,0.061648,0.003021,0.003423
0,-3.840328,-0.553875,0.806838,0.094895,0.81011,0.046477,0.003335,0.001849
0,-2.722665,-0.415427,1.09382,0.149939,1.100968,0.139514,0.000612,0.000567
0,0.058292,-0.467675,2.759064,-0.048547,2.803432,-0.012308,0.001017,0.000345
0,3.386217,-0.194977,3.317166,0.299133,3.33143,0.255784,0.003442,0.003403
0,4.767619,-0.111338,1.368176,0.104679,1.325256,0.058387,0.002786,0.001943
0,4.833563,0.040338,0.037968,0.179872,0.060855,0.149569,0.001635,0.000704
0,4.627025,0.095045,-0.211975,0.025096,-0.170889,0.029613,0.002578,0.001659
0,3.779589,0.156066,-0.852941,0.035832,-0.892338,0.016104,0.003423,0.002724
0,2.512658,0.050753,-1.284108,-0.130965,-1.289082,-0.12719,0.003053,0.000886
0,1.715962,0.088545,-0.800467,0.017834,-0.817305,0.052055,0.001322,0.001545
0,0.803859,0.12997,-0.934651,0.039622,-0.962551,0.007484,0.001606,0.002268
0,0.354976,-0.044309,-0.471507,-0.167028,-0.51074,-0.184495,0.001622,0.000773
0,-0.116372,-0.040966,-0.485661,-0.010176,-0.435812,-0.025685,0.002031,0.000715
0,-0.261794,0.188406,-0.157168,0.224793,-0.169004,0.262187,0.003249,0.003288
0,-0.470592,-0.062716,-0.202077,-0.23,-0.177501,-0.216372,0.000396,0.001095
0,-0.610354,0.196164,-0.147432,0.271473,-0.164113,0.235616,0.002835,0.003424
0,-0.52143,0.093512,0.082181,-0.075533,0.078428,-0.092228,0.001283,0.001632
0,-0.662409,-0.06326,-0.13319,-0.15494,-0.120946,-0.12791,0.003743,0.001104
0,-0.496544,0.077307,0.167126,0.166479,0.121561,0.12339,0.000848,0.001349
0,-0.298853,0.089941,0.218203,0.037911,0.258521,0.086193,0.002602,0.00157
0,-0.261635,0.125014,0.031612,0.00531,0.001363,0.040599,0.003251,0.002182
0,-0.067746,-0.06428,0.217069,-0.178082,0.232586,-0.191208,0.001182,0.001122
0,-0.259533,0.023971,-0.208532,0.100218,-0.222223,0.071386,0.003288,0.000418
0,-0.143098,0.121483,0.130907,0.084827,0.158074,0.079954,0.002498,0.00212
0,-0.063843,-0.04662,0.061837,-0.194336,0.099711,-0.200042,0.001114,0.000814
0,0.030439,-0.060692,0.123551,0.001892,0.137713,-0.024898,0.000531,0.001059
0,2.459903,-0.098445,2.417902,-0.015235,2.465636,0.01879,0.003844,0.001718
0,4.084951,-0.116797,1.638274,-0.018896,1.600636,-0.023167,0.000935,0.002038
0,4.66673,-0.021997,0.586361,0.070278,0.59612,0.071937,0.003271,0.000384
0,4.941702,-0.095956,0.274736,-0.056703,0.313019,-0.021484,0.000252,0.001675
0,3.76775,0.005516,-1.189608,0.074376,-1.181254,0.084409,0.003217,9.6e-05
0,2.973789,-0.001429,-0.803589,0.022418,-0.828512,0.065346,0.002823,2.5e-05
0,2.482691,-0.005882,-0.488243,-0.01058,-0.461978,0.022991,0.003576,0.000103
0,1.780404,-0.131859,-0.681874,-0.099615,-0.654763,-0.081391,0.000198,0.002301
0,1.240449,-0.144883,-0.542095,-0.008374,-0.515008,0.036991,0.001804,0.002529
0,0.611247,-0.167068,-0.610198,-0.017267,-0.571901,0.024921,0.00285,0.002916
0,0.236507,-0.132056,-0.400372,0.042353,-0.428984,0.014596,0.00369,0.002305
0,0.16869,-0.036545,-0.096314,0.11672,-0.094725,0.073321,0.002944,0.000638
0,-0.130676,-0.158107,-0.319166,-0.140655,-0.348335,-0.183105,0.002281,0.002759
0,-0.037032,-0.178561,0.101556,-0.048984,0.115205,-0.080069,0.000646,0.003116
0,-0.019367,0.001436,-0.008019,0.154827,0.014697,0.169113,0.000338,2.5e-05
0,-0.057364,-0.125913,-0.024175,-0.13481,-0.003029,-0.153553,0.001001,0.002198
0,0.098598,-0.026028,0.183498,0.089421,0.183448,0.124204,0.001721,0.000454
0,0.162997,-0.217949,0.061003,-0.2179,0.029329,-0.216514,0.002845,0.003804
0,0.168847,-0.099388,0.02793,0.101806,0.022946,0.125676,0.002947,0.001735
0,-0.031701,-0.162711,-0.225068,-0.084486,-0.266693,-0.122157,0.000553,0.00284
0,-0.067601,-0.207601,-0.040254,-0.065986,-0.0547,-0.021798,0.00118,0.003623
0,-0.046989,-0.056196,0.005046,0.158469,-0.00666,0.152522,0.00082,0.000981
0,0.06475,-0.135107,0.11616,-0.080206,0.143628,-0.091062,0.00113,0.002358
0,-0.05593,-0.093333,-0.091131,0.013021,-0.122186,0.03471,0.000976,0.001629
0,-0.009767,0.031756,0.051836,0.140281,0.064385,0.167366,0.00017,0.000554
0,0.195627,0.053013,0.179789,0.021771,0.136343,0.042783,0.003414,0.000925
0,-0.065412,0.011428,-0.249162,-0.045409,-0.268264,-0.072986,0.001142,0.000199
0,-0.086924,-0.082061,0.001007,-0.115832,0.036254,-0.16344,0.001517,0.001432
0,-0.075313,-0.009712,0.037012,0.094455,0.086791,0.097301,0.001314,0.00017
0,-0.046464,0.007346,0.051379,0.045287,0.012725,-0.002585,0.000811,0.000128
0,0.140088,-0.140901,0.156946,-0.156855,0.174481,-0.113506,0.002445,0.002459
0,-0.082665,0.040097,-0.21067,0.170535,-0.18843,0.155417,0.001443,0.0007
0,0.101801,0.1048,0.175195,0.061631,0.132607,0.068881,0.001777,0.001829
0,-0.027512,0.006892,-0.138433,-0.070008,-0.118658,-0.108188,0.00048,0.00012
0,0.161214,0.083989,0.208991,0.083423,0.186862,0.075628,0.002814,0.001466
0,0.228776,0.101027,0.045003,0.004921,0.068177,-0.026021,0.003825,0.001763
0,-0.088109,0.038119,-0.318685,-0.041745,-0.282379,-0.02782,0.001538,0.000665
0,-0.006597,0.03134,0.075879,0.017272,0.090999,0.0296,0.000115,0.000547
0,0.156003,0.011951,0.173417,-0.026854,0.193368,0.013186,0.002723,0.000209
0,0.193562,0.181949,0.054946,0.175373,0.026303,0.186204,0.003378,0.003176
0,0.082864,-0.050569,-0.134136,-0.248644,-0.121611,-0.285774,0.001446,0.000883
0,-0.047278,-0.073863,-0.124741,0.000479,-0.084291,0.0294,0.000825,0.001289
0,0.219483,0.092072,0.287345,0.162336,0.256168,0.18902,0.003831,0.001607
0,0.122542,0.113584,-0.07373,0.036096,-0.027799,0.036541,0.002139,0.001982
0,0.213701,0.090294,0.086146,-0.031353,0.043847,-0.070751,0.00373,0.001576
0,0.247394,0.16395,0.019688,0.068502,-0.025636,0.057277,0.0035,0.002861
0,0.115274,0.053237,-0.128416,-0.103301,-0.113696,-0.058582,0.002012,0.000929
0,0.239707,-0.115796,0.119918,-0.184152,0.118444,-0.141487,0.003634,0.002021
0,0.043684,0.02427,-0.193993,0.134583,-0.170438,0.105042,0.000762,0.000424
0,-0.04889,0.066836,-0.100922,0.034315,-0.146039,0.068945,0.000853,0.001167
0,-1.276275,0.080533,-1.215834,-0.004703,-1.219822,-0.014327,0.001178,0.001406
0,-1.813756,-0.125714,-0.564405,-0.209766,-0.520677,-0.232255,0.000385,0.002194
0,-2.419616,-0.162258,-0.630991,-0.053201,-0.59116,-0.031454,0.003141,0.002832
0,-2.404539,-0.031995,-0.005159,0.130432,0.042902,0.144178,0.002878,0.000558
0,-1.640616,0.009409,0.746698,0.059536,0.748715,0.073866,0.002637,0.000164
0,-1.438612,-0.182298,0.179224,-0.220489,0.220132,-0.196314,0.001655,0.003182
0,-0.909624,-0.060806,0.517999,0.126586,0.54297,0.141485,0.00024,0.001061
0,-0.705946,-0.174941,0.220665,-0.117103,0.177661,-0.103135,0.003315,0.003053
0,-0.363719,0.013991,0.363206,0.187815,0.345245,0.163681,0.00147,0.000244
0,-0.136133,-0.249512,0.230393,-0.254061,0.202218,-0.247514,0.002376,0.003463
0,-0.01997,-0.135435,0.139666,0.140179,0.123317,0.146148,0.000349,0.000597
0,0.243341,-0.120863,0.27461,0.032084,0.279511,0.07695,0.003571,0.000597
0,0.254981,0.01373,0.00016,0.12142,-0.01411,0.118722,0.003368,0.000597
0,0.079918,-0.035687,-0.190989,-0.046482,-0.206735,-0.043432,0.001395,0.000597
0,0.083123,-0.002583,-0.008247,0.035532,-0.054912,0.0303,0.001451,0.000597
0,0.076297,-0.094623,-0.003525,-0.095056,0.009381,-0.098639,0.001332,0.000597
0,0.0966,-0.121561,0.031885,-0.035991,-0.006217,-0.000164,0.001686,0.000597
0,0.14415,0.038024,0.060955,0.17239,0.012125,0.180366,0.002516,0.000664
0,0.18397,-0.093672,0.050229,-0.136098,0.099161,-0.091852,0.003211,0.000597
0,0.210233,-0.037087,0.053731,0.077728,0.061793,0.039002,0.003669,0.000597
0,0.133167,0.002637,-0.092576,0.010292,-0.086587,-0.016256,0.002324,0.000597
0,0.083908,0.000412,-0.033804,0.009298,-0.04255,-0.002599,0.001464,0.000597
0,0.318945,0.121904,0.210706,0.149362,0.240921,0.101489,0.002251,0.002128
0,0.16916,-0.115478,-0.16634,-0.259317,-0.154322,-0.251823,0.002952,0.000597
0,0.219668,-0.037272,0.05399,0.093112,0.097984,0.130334,0.003834,0.000597
0,0.227344,0.156896,0.012957,0.20476,0.062045,0.169976,0.00385,0.002738
0,-0.088992,-0.064545,-0.345446,-0.222662,-0.367922,-0.182104,0.001553,0.000597
0,-0.028663,-0.073959,0.079793,-0.004139,0.103939,0.027311,0.0005,0.000597
0,-0.195953,-0.075405,-0.143301,-0.019492,-0.098209,-0.060369,0.00342,0.000597
0,-0.162531,0.025242,0.061035,0.099708,0.105637,0.065665,0.002837,0.000597
0,-0.160338,-0.040205,0.018389,-0.03918,0.036421,-0.023495,0.002798,0.000597
0,-0.146832,-0.110167,0.032643,-0.053083,0.020694,-0.006778,0.002563,0.000597
0,0.007991,0.111178,0.139593,0.202892,0.165396,0.190999,0.000139,0.00194
0,0.037975,-0.135303,0.038603,-0.254061,0.029105,-0.204422,0.000663,0.000597
0,-0.127454,0.036535,-0.158572,0.19618,-0.164245,0.170701,0.002224,0.000638
0,2.545513,1.237219,2.695117,1.219233,2.649714,1.218624,0.00248,0.00186
0,2.388468,2.438249,-0.160791,1.214756,-0.184967,1.165738,0.002597,0.003466
0,2.757149,2.620197,0.383388,0.154246,0.406913,0.110722,0.001214,0.001176
0,2.570708,2.574286,-0.20152,-0.01869,-0.170811,0.01046,0.00204,0.001977
0,2.033147,1.926292,-0.541864,-0.641405,-0.582217,-0.659375,0.003604,0.002349
0,1.468894,1.365234,-0.59136,-0.561949,-0.607577,-0.544719,0.002183,0.000374
0,1.036004,0.924483,-0.42519,-0.470305,-0.384924,-0.457388,0.002446,0.0005
0,0.702851,0.643429,-0.310344,-0.276548,-0.340896,-0.282507,0.003369,0.003412
0,0.311965,-0.017202,-0.361026,-0.664933,-0.39582,-0.689211,0.002373,0.0003
0,0.229692,-0.165905,-0.099746,-0.140342,-0.072478,-0.099823,0.003809,0.002896
0,0.051009,-0.236424,-0.166422,-0.064088,-0.17063,-0.03379,0.00089,0.003692
0,-0.0475,-0.400487,-0.104428,-0.147918,-0.090691,-0.111304,0.000829,0.000828
0,-0.188299,-0.334888,-0.11817,0.056775,-0.136697,0.056481,0.003286,0.001973
0,-0.22786,-0.261365,-0.065489,0.044612,-0.087993,0.034223,0.003841,0.003256
0,-0.152064,0.054368,0.050421,0.325914,0.012931,0.358451,0.002654,0.000949
0,-0.074365,0.035884,0.063112,0.0083,0.111226,0.050772,0.001298,0.000626
0,-0.136966,0.140653,-0.040773,0.11881,-0.015643,0.166167,0.002391,0.002455
0,-0.274201,-0.02395,-0.147115,-0.188284,-0.196029,-0.171076,0.003032,0.000418
0,-0.546969,-0.039614,-0.26605,0.00251,-0.275235,0.014043,0.001729,0.000691
0,-1.184155,0.113161,-0.613671,0.176173,-0.608225,0.17969,0.002786,0.001975
0,-1.320427,0.206382,-0.150874,0.088276,-0.153703,0.069591,0.000408,0.003602
0,-2.013188,-0.016029,-0.674862,-0.24075,-0.665248,-0.253455,0.003865,0.00028
0,-2.097612,0.044234,-0.108363,0.084147,-0.109106,0.131825,0.002479,0.000772
0,-1.774806,-0.032422,0.326604,-0.092883,0.283329,-0.109589,0.000295,0.000566
0,-1.545756,-0.011534,0.239653,0.031541,0.243255,0.039869,0.003525,0.000201
0,-1.130861,0.159063,0.429719,0.14091,0.402193,0.108478,0.003716,0.002776
0,-0.895599,0.188234,0.206066,0.001813,0.19792,0.033179,5e-06,0.003285
0,-0.740159,0.110471,0.130135,-0.053374,0.145537,-0.07334,0.002718,0.001928
0,-0.369242,0.139897,0.387193,0.008194,0.37236,0.023524,0.001373,0.002442
0,-0.044121,0.021833,0.313228,-0.097424,0.319724,-0.138593,0.00077,0.000381
0,0.027689,-0.001282,0.048746,-0.031284,0.043295,-0.04016,0.000483,2.2e-05
0,0.395035,0.011013,0.386715,0.00358,0.367067,-0.036217,0.000923,0.000192
0,0.456206,-0.014631,0.073173,-0.005807,0.09245,-0.0052,0.000144,0.000255
0,0.17802,0.087516,-0.294286,0.11265,-0.308996,0.093899,0.003107,0.001527
0,0.316065,0.198454,0.112823,0.110794,0.068193,0.127728,0.002302,0.003464
0,0.170404,0.245172,-0.154565,0.041663,-0.141011,0.077301,0.002974,0.003539
0,0.250977,0.059407,0.075154,-0.168396,0.039079,-0.133606,0.003437,0.001037
0,0.054489,0.13657,-0.187361,0.063429,-0.203335,0.069007,0.000951,0.002384
0,-0.062359,-0.034288,-0.136761,-0.152275,-0.168526,-0.191689,0.001088,0.000598
0,-0.01745,0.111757,0.059108,0.150769,0.078777,0.118553,0.000305,0.001951
0,0.008187,-0.137255,0.005504,-0.219075,0.020545,-0.170286,0.000143,0.002396
0,0.125946,-0.036774,0.13721,0.115884,0.186853,0.114758,0.002198,0.000642
0,-0.08491,-0.070824,-0.198787,-0.023488,-0.224254,-0.009451,0.001482,0.001236
0,-0.098065,0.113496,-0.017776,0.171889,0.007407,0.165807,0.001712,0.001981
0,-0.063872,-0.000858,0.042364,-0.117684,0.069623,-0.148107,0.001115,1.5e-05
0,0.120525,0.116088,0.158257,0.093481,0.130061,0.09216,0.002104,0.002026
0,0.117248,0.041488,-0.023992,-0.067802,-0.038002,-0.069522,0.002046,0.000724
0,0.05883,0.070742,-0.062204,0.059156,-0.023713,0.087509,0.001027,0.001235
0,-0.148945,-0.041315,-0.209243,-0.126359,-0.209681,-0.096517,0.0026,0.000721
0,-0.135057,0.032291,-0.001349,0.099019,-0.044163,0.057658,0.002357,0.000564
0,0.043184,-0.105116,0.206664,-0.163567,0.177689,-0.137617,0.000754,0.001835
0,0.101932,0.015591,0.042324,0.102416,0.055592,0.117437,0.001779,0.000272
0,-0.151018,0.019296,-0.225596,0.000597,-0.242621,0.004204,0.002636,0.000337
0,0.075875,0.119892,0.233639,0.129756,0.200005,0.17461,0.001324,0.002093
0,0.091273,-0.007626,0.037315,-0.132359,0.037265,-0.157304,0.001593,0.000133
0,0.098056,-0.112981,-0.016703,-0.089129,0.021757,-0.132964,0.001711,0.001972
0,-0.122795,0.034306,-0.218081,0.153667,-0.195045,0.105751,0.002143,0.000599
0,0.039864,-0.141093,0.167271,-0.167268,0.147061,-0.183315,0.000696,0.002463
0,0.03878,-0.064659,-0.026827,0.066262,-0.043214,0.062536,0.000677,0.001129
0,-0.12478,0.062784,-0.174721,0.143519,-0.209094,0.113077,0.002178,0.001096
0,-0.077448,-0.056794,0.07383,-0.130172,0.105656,-0.13843,0.001352,0.000991
0,0.013886,0.020428,0.090802,0.087724,0.116891,0.073251,0.000242,0.000357
0,0.128832,-0.066566,0.094474,-0.092523,0.104669,-0.109445,0.002249,0.001162
0,-0.006404,-0.120207,-0.161266,-0.065715,-0.1868,-0.095028,0.000112,0.002098
0,0.106824,-0.114954,0.122445,0.005615,0.122819,0.025886,0.001864,0.002006
0,0.082718,0.004166,0.003837,0.093581,-0.031966,0.076157,0.001444,7.3e-05
0,0.052954,0.023152,-0.008717,-0.001862,-0.049034,0.045208,0.000924,0.000404
0,0.063445,-0.113764,0.029264,-0.156404,0.014232,-0.150992,0.001107,0.001986
0,0.142457,0.131133,0.068296,0.258573,0.030512,0.224961,0.002486,0.002289
0,0.111799,-0.116087,-0.007788,-0.246431,-0.044145,-0.277754,0.001951,0.002026
0,-0.043675,-0.140533,-0.17804,-0.031482,-0.145651,-0.078333,0.000762,0.002453
0,0.071549,-0.075649,0.094891,0.071221,0.050638,0.07999,0.001249,0.00132
0,0.019396,0.04294,-0.076755,0.092081,-0.090253,0.063069,0.000339,0.000749
0,-0.040826,0.013623,-0.050631,-0.044291,-0.084663,-0.014764,0.000713,0.000238
0,-0.084743,-0.001849,-0.044681,-0.017921,-0.019623,0.016265,0.001479,3.2e-05
0,-0.095313,0.05616,-0.032984,0.058425,-0.060261,0.098085,0.001664,0.00098
0,0.11455,-0.124569,0.229526,-0.171941,0.244892,-0.182833,0.001999,0.002174
0,-0.10281,-0.068596,-0.208448,0.069558,-0.184884,0.060788,0.001794,0.001197
0,-0.181763,-0.018546,-0.051232,0.064365,-0.068374,0.017993,0.003172,0.000324
0,-0.081037,0.003152,0.124776,0.032792,0.105864,-0.005101,0.001414,5.5e-05
0,0.081094,-0.131736,0.151618,-0.12147,0.129465,-0.086376,0.001415,0.002299
0,-0.059716,0.070811,-0.136127,0.21642,-0.17207,0.215154,0.001042,0.001236
0,-0.025465,-0.065994,0.039078,-0.108535,0.054908,-0.133776,0.000444,0.001152
0,-0.109029,0.108404,-0.092337,0.170354,-0.110651,0.20385,0.001903,0.001892
0,-0.064744,-0.005113,0.037605,-0.094952,-0.003946,-0.138232,0.00113,8.9e-05
0,0.14486,-0.033459,0.20521,-0.01964,0.156124,-0.027281,0.002528,0.000584
0,-0.101459,-0.083056,-0.234183,-0.073395,-0.258741,-0.099873,0.001771,0.00145
0,0.113509,0.0201,0.2392,0.13056,0.284073,0.147796,0.001981,0.000351
0,0.131463,-0.057336,0.04793,-0.098256,0.07352,-0.057823,0.002294,0.001001
0,0.000918,-0.09247,-0.14495,-0.05588,-0.106113,-0.068449,1.6e-05,0.001614
0,0.13896,-0.0419,0.15428,0.028365,0.117848,0.064592,0.002425,0.000731
0,-0.069517,-0.103239,-0.178582,-0.080824,-0.154796,-0.12196,0.001213,0.001802
0,-0.021797,-0.034326,0.050935,0.094347,0.052164,0.067941,0.00038,0.000599
0,-0.035767,0.080777,-0.014934,0.128979,-0.027933,0.126142,0.000624,0.00141
0,-0.010126,-0.06797,0.021414,-0.125466,0.057149,-0.160847,0.000177,0.001186
0,0.086253,-0.096707,0.120369,-0.052734,0.133794,-0.084813,0.001505,0.001688
0,-0.051495,-0.037166,-0.129893,0.053531,-0.170364,0.062754,0.000899,0.000649
0,0.189165,-0.085459,0.248163,-0.059261,0.242159,-0.048663,0.003302,0.001492
0,-0.0819,-0.180162,-0.279606,-0.089437,-0.266584,-0.120364,0.001429,0.003144
0,-0.072233,-0.017563,0.017868,0.181755,0.046063,0.155139,0.001261,0.000307
0,-0.127787,-0.124976,-0.073128,-0.088574,-0.094615,-0.122896,0.00223,0.002181
0,-0.05335,0.080765,0.084127,0.201705,0.044568,0.183475,0.000931,0.00141
0,3.983503,-0.588723,4.01639,-0.696218,3.994964,-0.719319,0.000836,0.002457
0,4.565903,-0.922841,0.560854,-0.363827,0.548712,-0.353766,0.001511,0.000471
0,4.933385,-1.389353,0.337568,-0.471767,0.382865,-0.520519,0.000107,0.000795
0,4.744454,-1.210687,-0.184405,0.150106,-0.146937,0.179382,0.00319,0.002323
0,4.104855,-1.249365,-0.667645,-0.046307,-0.633164,-0.090239,0.001282,0.001648
0,3.23592,-1.178654,-0.842591,0.048954,-0.84451,0.071396,0.001752,0.002882
0,1.858077,-0.743239,-1.402666,0.446466,-1.441326,0.438162,0.001158,0.002664
0,1.251692,-0.669438,-0.610708,0.081152,-0.581242,0.123636,0.001607,0.003866
0,1.027908,-0.556228,-0.231285,0.088513,-0.23213,0.101076,0.002305,0.00189
0,0.381226,-0.406075,-0.634724,0.153471,-0.657566,0.1448,0.001164,0.000731
0,-0.316977,-0.224743,-0.690102,0.161678,-0.691493,0.120522,0.002286,0.003895
0,-0.173106,0.047931,0.126974,0.294436,0.166714,0.252085,0.003021,0.000837
0,-0.422215,0.272846,-0.26055,0.199235,-0.274864,0.178612,0.000449,0.003056
0,-0.585573,0.26179,-0.180899,-0.028581,-0.190747,-0.015138,0.002402,0.003249
0,-0.314129,0.105361,0.3011,-0.160787,0.254519,-0.126262,0.002335,0.001839
0,-0.37175,0.226317,-0.068379,0.150327,-0.03905,0.185137,0.00133,0.003868
0,-0.35735,0.240037,-0.014799,0.041168,-0.03411,0.021438,0.001581,0.003628
0,-0.184989,0.140894,0.18316,-0.070486,0.216673,-0.039329,0.003229,0.002459
0,-0.139379,-0.069074,0.034366,-0.21442,0.071379,-0.197386,0.002433,0.001206
0,-0.182555,0.017979,-0.019635,0.105859,0.024793,0.092092,0.003186,0.000314
0,-0.226348,-0.070405,-0.069225,-0.081234,-0.089174,-0.037561,0.003867,0.001229
0,-0.166267,-0.072173,0.049898,0.012024,0.031457,-0.027086,0.002902,0.00126
0,-0.445055,0.009651,-0.254154,0.086773,-0.215632,0.070325,5e-05,0.000168
0,-0.3093,0.091679,0.144145,0.091447,0.157242,0.043995,0.00242,0.0016
0,-0.220054,-0.072983,0.101148,-0.170025,0.082102,-0.193039,0.003841,0.001274
0,-0.351044,-0.064746,-0.120127,0.008875,-0.170023,0.02468,0.001691,0.00113
0,-0.276531,-0.049561,0.073547,-0.010383,0.120106,0.023774,0.002991,0.000865
0,-0.303893,0.135057,-0.047643,0.165591,-0.067516,0.149015,0.002514,0.002357
0,-0.218479,-0.09325,0.099654,-0.211983,0.087327,-0.236498,0.003813,0.001628
0,-0.146727,-0.043897,0.042027,0.028301,0.008984,0.062509,0.002561,0.000766
0,-0.131763,0.088133,0.043076,0.116961,6e-06,0.085926,0.0023,0.001538
0,-0.359305,-0.025962,-0.244313,-0.122611,-0.205217,-0.139841,0.001547,0.000453
0,-0.292261,0.136807,0.056421,0.144974,0.007979,0.138268,0.002717,0.002388
0,-0.362966,0.019971,-0.095204,-0.145209,-0.055252,-0.148853,0.001483,0.000349
0,-0.365387,-0.119802,-0.005973,-0.114392,-0.053552,-0.065183,0.001441,0.002091
0,-0.365577,-0.070348,0.009502,0.020112,0.00486,0.022175,0.001437,0.001228
0,-0.228289,0.047417,0.15824,0.146682,0.194285,0.124633,0.003833,0.000828
0,-0.344913,0.123143,-0.131831,0.066639,-0.096431,0.039414,0.001798,0.002149
0,-0.123547,-0.10884,0.19954,-0.260498,0.205583,-0.263143,0.002156,0.0019
0,-0.178397,-0.066949,-0.044355,0.057279,-0.076081,0.060534,0.003114,0.001168
0,-0.330468,0.080451,-0.13873,0.154449,-0.162621,0.124794,0.00205,0.001404
0,-0.152488,0.038662,0.162958,-0.048103,0.163084,-0.002318,0.002661,0.000675
0,-0.143287,-0.085367,0.024715,-0.115787,0.041099,-0.083124,0.002501,0.00149
0,-0.127478,-0.010592,0.016557,0.068732,0.053448,0.060551,0.002225,0.000185
0,-0.093183,0.044028,0.053204,0.04465,0.01257,0.059113,0.001626,0.000768
0,-0.136058,-0.102856,-0.063935,-0.152163,-0.015677,-0.192417,0.002375,0.001795
0,-0.185324,-0.085563,-0.045988,0.046047,-0.042943,0.04597,0.003235,0.001493
0,-0.03182,0.029542,0.14593,0.132229,0.172116,0.10791,0.000555,0.000516
0,-0.022259,-0.131449,0.017955,-0.190809,-0.015316,-0.202757,0.000388,0.002294
0,-0.147453,0.093383,-0.147261,0.199456,-0.103478,0.217581,0.002574,0.00163
0,0.084332,0.019362,0.216619,-0.064918,0.175799,-0.060754,0.001472,0.000338
0,-0.146085,-0.038633,-0.230889,-0.032819,-0.184184,-0.053686,0.00255,0.000674
0,0.096894,0.119616,0.225983,0.150194,0.249937,0.165848,0.001691,0.002088
0,-0.055772,0.087912,-0.140553,-0.005319,-0.132935,0.030591,0.000973,0.001534
0,0.025076,0.006424,0.069566,-0.062386,0.03433,-0.100873,0.000438,0.000112
0,0.20324,0.207109,0.155626,0.209452,0.152743,0.175383,0.003547,0.003615
0,0.150826,0.084759,-0.074341,-0.116704,-0.072407,-0.129234,0.002632,0.001479
0,0.171459,0.20485,0.003545,0.096886,0.051327,0.108346,0.002993,0.003575
0,0.129362,0.185011,-0.056623,0.01006,-0.02595,0.027809,0.002258,0.003229
0,0.065179,-0.042869,-0.047487,-0.257491,-0.081328,-0.234392,0.001138,0.000748
0,0.089805,0.009575,0.022849,0.052455,0.060204,0.017261,0.001567,0.000167
0,0.163043,0.063816,0.062199,0.062945,0.035385,0.029968,0.002846,0.001114
0,-0.076063,-0.055081,-0.264929,-0.134778,-0.280519,-0.122867,0.001328,0.000961
0,0.043332,0.026769,0.098362,0.088117,0.128272,0.128511,0.000756,0.000467
0,0.120461,0.101797,0.062057,0.095707,0.01902,0.075365,0.002102,0.001777
0,-0.010573,0.007796,-0.155402,-0.101535,-0.175732,-0.101664,0.000185,0.000136
0,-0.017723,0.223447,0.005403,0.195521,-0.024904,0.182153,0.000309,0.0039
0,-0.071083,0.064798,-0.070174,-0.1696,-0.060324,-0.18301,0.001241,0.001131
0,-0.004291,0.152729,0.054908,0.102187,0.014846,0.10249,7.5e-05,0.002666
0,-0.091972,0.19101,-0.070936,0.032314,-0.109019,0.013872,0.001605,0.003334
0,-0.071598,0.077005,0.002177,-0.135908,0.028734,-0.135528,0.00125,0.001344
0,0.000173,0.166375,0.051711,0.108539,0.044698,0.138782,3e-06,0.002904
0,0.167465,0.15794,0.149862,-0.027689,0.106369,-0.047664,0.002923,0.002757
0,0.101494,0.077697,-0.057471,-0.098147,-0.026089,-0.070525,0.001771,0.001356
0,-0.081371,0.112939,-0.208747,0.022425,-0.231605,0.010813,0.00142,0.001971
0,-0.014807,0.122586,0.050569,0.031557,0.089012,0.02207,0.000258,0.00214
0,0.030565,0.056576,0.062673,-0.062046,0.054603,-0.098282,0.000533,0.000987
0,0.078352,0.008366,0.067879,-0.040518,0.033737,-0.011623,0.001368,0.000146
0,0.179335,0.178984,0.11905,0.14428,0.092078,0.159258,0.00313,0.003124
0,0.00904,0.084373,-0.179968,-0.108147,-0.13199,-0.119377,0.000158,0.001473
0,0.039705,0.140057,0.040404,0.066136,0.007345,0.114199,0.000693,0.002444
0,0.192258,0.127326,0.13851,-0.013244,0.145014,-0.0121,0.003356,0.002222
0,0.241143,0.08872,0.049874,-0.031326,0.073445,-0.051736,0.003609,0.001548
0,0.133555,0.127879,-0.125282,0.067245,-0.113439,0.102478,0.002331,0.002232
0,0.058351,-0.142234,-0.073301,-0.25592,-0.120842,-0.241622,0.001018,0.002482
0,0.29902,0.030858,0.241501,0.174854,0.249003,0.125172,0.002599,0.000539
0,0.269926,-0.164505,-0.023946,-0.197804,-0.01442,-0.15176,0.003107,0.002871
0,0.304965,-0.013227,0.016665,0.156362,-0.003596,0.196686,0.002495,0.000231
0,0.16071,-0.195579,-0.15286,-0.200938,-0.150575,-0.222615,0.002805,0.003413
0,0.217705,-0.208987,0.05753,-0.031067,0.096648,-0.072853,0.0038,0.003648
0,0.084566,-0.148414,-0.158886,0.073493,-0.133863,0.041101,0.001476,0.00259
0,0.289956,-0.146052,0.234383,-0.020299,0.185042,-0.003342,0.002757,0.002549
0,0.292367,-0.187375,0.021829,-0.012613,0.070202,-0.016339,0.002715,0.00327
0,0.224091,-0.182418,-0.071925,-0.015281,-0.113315,0.00262,0.003907,0.003184
0,0.104139,-0.116885,-0.104046,0.071211,-0.086993,0.109467,0.001818,0.00204
0,0.017794,0.118403,-0.105933,0.225788,-0.062254,0.239956,0.000311,0.002067
0,0.192247,-0.075801,0.14542,-0.186771,0.187978,-0.187201,0.003355,0.001323
0,0.26769,-0.035885,0.086937,0.043116,0.111217,0.081274,0.003146,0.000626
0,0.193487,-0.143947,-0.07718,-0.108829,-0.050275,-0.138456,0.003377,0.002512
0,0.151607,-0.055488,-0.020496,0.116231,-0.043554,0.114275,0.002646,0.000968
0,-0.024629,-0.028519,-0.198637,0.051034,-0.226408,0.057118,0.00043,0.000498
0,0.07242,-0.032948,0.081936,-0.032084,0.123746,-0.016101,0.001264,0.000575
0,0.002549,-0.072657,-0.073003,-0.067029,-0.025426,-0.051294,4.4e-05,0.001268
0,-0.080267,0.062821,-0.0547,0.12047,-0.084312,0.093003,0.001401,0.001096
0,-0.006597,0.090262,0.068645,0.004335,0.097489,0.053763,0.000115,0.001575
0,0.029509,-0.03355,0.041736,-0.149933,0.046889,-0.117639,0.000515,0.000586
0,0.039325,-0.062111,-0.007095,-0.057075,0.042867,-0.04682,0.000686,0.001084
0,0.117593,0.032299,0.094196,0.106822,0.140329,0.119612,0.002052,0.000564
0,0.182078,-0.099451,0.081319,-0.114585,0.06749,-0.147865,0.003178,0.001736
0,0.060766,-0.125076,-0.116654,-0.009277,-0.112804,-0.027006,0.001061,0.002183
0,-0.017154,0.111215,-0.072375,0.25956,-0.047936,0.266263,0.000299,0.001941
0,-0.034091,0.10362,0.006076,-0.020474,-0.002302,0.017582,0.000595,0.001809
0,-0.082154,0.058251,-0.054014,-0.026191,-0.054815,-0.022513,0.001434,0.001017
0,0.091081,0.036303,0.143649,-0.0371,0.126421,-0.071083,0.00159,0.000634
0,0.005884,-0.009257,-0.11499,-0.020668,-0.10213,-0.039312,0.000103,0.000162
0,-0.058441,0.01674,-0.037324,0.053135,-0.081421,0.031702,0.00102,0.000292
0,0.029789,0.002897,0.098227,-0.008506,0.089747,-0.023213,0.00052,5.1e-05
0,0.088096,0.059117,0.029623,0.077065,-0.017991,0.062678,0.001538,0.001032
0,-0.131821,-0.134065,-0.215522,-0.163815,-0.207838,-0.160345,0.002301,0.00234
0,0.053297,-0.076771,0.214993,0.081749,0.179727,0.108477,0.00093,0.00134
0,0.008739,-0.060176,-0.039085,-0.001248,-0.029459,0.042565,0.000153,0.00105
0,-0.023538,0.085388,-0.024008,0.171868,-0.053757,0.145354,0.000411,0.00149
0,0.030433,0.038305,0.058011,-0.050076,0.077084,-0.070881,0.000531,0.000669
0,-0.133345,-0.069348,-0.167502,-0.130935,-0.212453,-0.154061,0.002327,0.00121
0,0.006732,-0.097528,0.135168,-0.056467,0.160548,-0.082171,0.000117,0.001702
0,-0.148676,-0.054107,-0.130051,0.041468,-0.158502,0.027992,0.002595,0.000944
0,0.094228,0.119331,0.250947,0.156285,0.255293,0.176723,0.001645,0.002083
0,-0.006704,-0.061569,-0.118857,-0.16857,-0.093859,-0.211704,0.000117,0.001075
0,-0.069599,0.020608,-0.035727,0.106074,-0.025836,0.132733,0.001215,0.00036
0,0.038289,-0.030798,0.104986,-0.022305,0.139126,0.004165,0.000668,0.000538
0,0.017589,-0.10894,-0.032479,-0.085105,-0.037547,-0.09117,0.000307,0.001901
0,0.128425,-0.07599,0.096747,0.015848,0.057109,0.032227,0.002241,0.001326
0,0.098881,-0.080643,-0.034284,-0.021215,-0.076232,0.027509,0.001726,0.001407
0,0.08867,0.152483,0.011009,0.209964,0.05389,0.190472,0.001548,0.002661
0,0.061602,-0.055992,-0.026713,-0.20586,-0.027448,-0.203257,0.001075,0.000977
0,0.145788,0.140402,0.105343,0.207615,0.104719,0.20062,0.002544,0.00245
0,0.082072,0.111584,-0.064782,-0.017934,-0.096047,-0.053481,0.001432,0.001948
0,-0.089076,-0.016838,-0.193489,-0.149071,-0.186302,-0.134306,0.001555,0.000294
0,-0.09277,-0.018525,0.017554,0.024664,0.031432,0.002809,0.001619,0.000323
0,0.185371,0.077759,0.255593,0.099716,0.286135,0.071445,0.003235,0.001357
0,-0.131716,0.106939,-0.34095,0.059019,-0.358622,0.09834,0.002299,0.001866
0,0.124118,-0.013594,0.252274,-0.10229,0.27274,-0.134762,0.002166,0.000237
0,0.036231,0.198003,-0.075114,0.230795,-0.026451,0.258758,0.000632,0.003456
0,0.177054,0.085412,0.111793,-0.115108,0.120048,-0.066535,0.00309,0.001491
0,0.00464,0.043472,-0.199199,-0.062276,-0.215994,-0.013364,8.1e-05,0.000759
0,0.007979,0.053169,-0.014745,0.033793,-0.053185,0.053702,0.000139,0.000928
0,0.054321,0.087666,0.02705,0.06365,0.041451,0.063628,0.000948,0.00153
0,-0.026585,-0.091602,-0.098056,-0.160026,-0.055154,-0.153723,0.000464,0.001599
0,0.047738,-0.037389,0.073331,0.038289,0.064115,0.075413,0.000833,0.000653
0,0.21458,0.107381,0.145456,0.140521,0.10752,0.182476,0.003745,0.001874
0,0.227372,-0.001683,-0.01216,-0.114615,0.02704,-0.143703,0.003849,2.9e-05
0,0.12582,-0.012355,-0.130354,-0.030869,-0.125467,0.007853,0.002196,0.000216
0,-0.087678,-0.035553,-0.221398,-0.03312,-0.179383,-0.027194,0.00153,0.000621
0,0.178725,-0.105375,0.246114,-0.097386,0.204798,-0.090973,0.003119,0.001839
0,0.169955,0.002231,-0.030988,0.081178,-0.010432,0.03253,0.002966,3.9e-05
0,0.017358,0.024017,-0.158247,0.015236,-0.163956,-0.016675,0.000303,0.000419
0,0.173644,0.087603,0.141058,0.074097,0.11417,0.09104,0.003031,0.001529
0,-1.999499,0.321863,-2.194607,0.218644,-2.151419,0.254848,0.003626,0.0022
0,-3.334671,0.381458,-1.345239,0.049545,-1.314344,0.058376,0.003476,0.00116
0,-3.902898,0.516026,-0.579768,0.106336,-0.59933,0.151624,0.002242,0.001188
0,-3.609878,0.456445,0.306213,-0.079824,0.269448,-0.074218,0.000461,0.000149
0,-3.122588,0.359593,0.486016,-0.112142,0.526025,-0.066781,0.000226,0.001542
0,-2.457929,0.367563,0.690164,-0.019014,0.645971,0.01559,0.00381,0.001403
0,-1.657651,0.126034,0.803884,-0.260358,0.788381,-0.287249,0.00234,0.0022
0,-0.957366,0.06003,0.702584,-0.080608,0.74718,-0.075132,0.001073,0.001048
0,-0.472844,0.083651,0.468269,0.040465,0.490694,0.081796,0.000435,0.00146
0,0.133898,0.026325,0.624998,-0.066295,0.610059,-0.042625,0.002337,0.000459
0,0.21661,0.152179,0.077765,0.096548,0.111837,0.082548,0.003781,0.002656
0,0.185518,-0.032295,-0.008955,-0.163808,-0.058223,-0.140138,0.003238,0.000564
0,0.321749,-0.044004,0.134882,0.010495,0.158703,0.014463,0.002202,0.000768
0,0.482782,-0.104584,0.190633,-0.058956,0.221499,-0.051479,0.000608,0.001825
0,0.46849,-0.076577,-0.044025,0.047166,-0.026885,0.036332,0.000359,0.001337
0,0.204196,-0.106284,-0.252975,-0.011665,-0.276761,-0.038907,0.003564,0.001855
0,0.199765,0.130282,-0.029208,0.242655,-0.020977,0.222678,0.003487,0.002274
0,0.359614,-0.103196,0.162723,-0.217265,0.12361,-0.197124,0.001541,0.001801
0,0.15038,-0.118584,-0.221409,-0.045085,-0.260746,-0.074094,0.002625,0.00207
0,0.146872,0.07806,0.002923,0.214896,-0.0276,0.204462,0.002563,0.001362
0,0.016723,0.060326,-0.119319,-0.037609,-0.129485,-0.075178,0.000292,0.001053
0,0.09815,-0.13386,0.098702,-0.217169,0.094717,-0.194046,0.001713,0.002336
0,0.183792,0.029404,0.103715,0.16377,0.146999,0.136134,0.003208,0.000513
0,-0.043403,0.131364,-0.215244,0.122307,-0.195506,0.15142,0.000758,0.002293
0,-0.004933,-0.029141,0.023617,-0.180492,0.035755,-0.183314,8.6e-05,0.000509
0,-0.024694,-0.008035,-0.049758,0.023881,-0.014557,0.020465,0.000431,0.00014
0,0.156084,-0.084975,0.163774,-0.069156,0.149681,-0.071695,0.002724,0.001483
0,-0.001382,-0.075419,-0.152872,0.011062,-0.187525,0.056909,2.4e-05,0.001316
0,0.124036,-0.073978,0.134605,-0.014933,0.168002,-0.022584,0.002165,0.001291
0,0.134526,-0.119909,0.037031,-0.046088,0.055389,-0.06046,0.002348,0.002093
0,0.193718,0.045328,0.05392,0.188912,0.050214,0.222876,0.003381,0.000791
0,0.015459,-0.041914,-0.16545,-0.065226,-0.148956,-0.052751,0.00027,0.000732
0,-0.03029,-0.068402,-0.064052,-0.052575,-0.017894,-0.05497,0.000529,0.001194
0,-0.050748,-0.114013,-0.02623,-0.045864,-0.003343,-0.022028,0.000886,0.00199
0,0.151355,-0.061724,0.182547,0.059232,0.155335,0.06442,0.002642,0.001077
0,0.16313,-0.004008,-0.006292,0.074282,0.026193,0.074819,0.002847,7e-05
0,-0.069804,0.130613,-0.25745,0.126523,-0.303694,0.110308,0.001218,0.00228
0,0.142246,-0.145842,0.221919,-0.275269,0.17758,-0.239777,0.002483,0.002545
0,-0.16444,0.06484,-0.294577,0.197096,-0.283409,0.203717,0.00287,0.001132
0,0.084309,0.092939,0.237399,0.05273,0.190932,0.058419,0.001471,0.001622
0,-0.073191,-0.125862,-0.164538,-0.231563,-0.130905,-0.193387,0.001277,0.002197
0,0.112848,-0.047156,0.157419,0.050284,0.182286,0.053469,0.00197,0.000823
0,-0.024211,0.007835,-0.116505,0.054811,-0.06768,0.079639,0.000423,0.000137
0,0.061045,0.047528,0.094005,0.064479,0.126776,0.090227,0.001065,0.00083
0,-0.016185,-0.747915,-0.070479,-0.801446,-0.071256,-0.758008,0.000282,0.002582
0,-0.00599,-0.74825,0.024375,-0.003032,0.011174,0.007552,0.000105,0.002576
0,0.090955,-0.935224,0.106545,-0.214784,0.139726,-0.222867,0.001587,0.000687
0,0.117431,-0.907814,0.046001,0.025354,0.053133,0.072467,0.00205,0.000209
0,0.28966,-0.883214,0.16806,0.008736,0.198311,-0.016496,0.002762,0.000221
0,0.015969,-1.043362,-0.278472,-0.170208,-0.251905,-0.121759,0.000279,0.002574
0,0.200075,-0.946083,0.181359,0.083225,0.173331,0.090754,0.003492,0.000877
0,0.207384,-0.744847,-0.012816,0.171458,-0.05412,0.185081,0.00362,0.002636
0,0.176457,-0.454294,-0.024716,0.298694,-0.019748,0.333939,0.00308,0.000597
0,0.001267,-0.240115,-0.183266,0.190931,-0.191075,0.171439,2.2e-05,0.000597
0,0.014072,-0.055976,0.030441,0.208762,0.026043,0.188038,0.000246,0.000597
0,-0.041517,-0.23568,-0.030219,-0.205469,-0.008379,-0.24015,0.000725,0.000597
0,0.208748,-0.096037,0.224682,0.16017,0.218736,0.172025,0.003643,0.000597
0,0.037337,-0.066718,-0.150008,0.050007,-0.118261,0.04241,0.000652,0.000597
0,0.017554,-0.005336,-0.041499,0.033323,-0.002796,0.036601,0.000306,0.000597
0,-0.034155,-0.00231,-0.068368,0.021245,-0.068559,0.047102,0.000596,0.000597
0,-0.029634,0.019918,0.001813,0.017081,0.037141,-0.019161,0.000517,0.000597
0,0.175018,-0.097328,0.214857,-0.118215,0.169902,-0.163367,0.003055,0.000597
0,0.13388,-0.133767,-0.017135,-0.028901,0.013399,-0.022487,0.002337,0.000597
0,0.11896,0.151432,-0.009242,0.314334,-0.034841,0.268891,0.002076,0.002643
0,-0.054703,-0.058818,-0.170035,-0.191233,-0.204804,-0.145898,0.000955,0.000597
0,-0.042779,0.073988,0.028877,0.103361,0.075785,0.1122,0.000747,0.001291
0,-0.046904,0.091799,-0.003311,-0.002753,-0.005384,-0.000888,0.000819,0.001602
0,0.081793,-0.097209,0.145529,-0.203321,0.152885,-0.155077,0.001428,0.000597
0,0.185376,-0.051728,0.078302,0.058035,0.101834,0.106252,0.003235,0.000597
0,0.182994,0.172829,-0.028329,0.204075,-0.069193,0.170806,0.003194,0.003016
0,-0.010492,0.091062,-0.214853,-0.089324,-0.20172,-0.107838,0.000183,0.001589
0,0.066981,-0.070126,0.101348,-0.175097,0.065139,-0.134761,0.001169,0.000597
0,-0.001233,0.156644,-0.042241,0.196955,-0.043154,0.197393,2.2e-05,0.002734
0,0.114733,-0.006577,0.092601,-0.143454,0.140621,-0.108267,0.002002,0.000597
0,0.033582,-0.039366,-0.091842,-0.027103,-0.13929,-0.073948,0.000586,0.000597
0,0.01623,-0.091229,-0.03247,-0.073885,-0.04479,-0.054133,0.000283,0.000597
0,0.069471,0.155231,0.031189,0.266033,-0.005901,0.219831,0.001213,0.002709
0,0.195061,-0.080685,0.124521,-0.233995,0.14552,-0.264625,0.003404,0.000597
0,0.082475,0.013359,-0.101877,0.106517,-0.083301,0.058528,0.001439,0.000597
0,0.245907,0.105017,0.188594,0.115575,0.186954,0.159881,0.003526,0.001833
0,-0.032869,-0.116759,-0.260218,-0.242289,-0.296549,-0.226293,0.000574,0.000597
0,0.037064,0.171524,0.083293,0.261076,0.072374,0.226769,0.000647,0.002994
0,-0.080021,0.150738,-0.124056,-0.0105,-0.148258,0.009981,0.001397,0.002631
0,-0.082407,-0.12143,-0.007026,-0.243687,0.017168,-0.206711,0.001438,0.000597
0,0.034024,0.106626,0.10881,0.230336,0.141754,0.263984,0.000594,0.001861
0,0.064332,0.034933,0.028977,-0.072978,-0.002835,-0.07556,0.001123,0.00061
0,-0.022955,-0.117914,-0.092831,-0.142586,-0.04696,-0.172894,0.000401,0.000597
0,0.08932,-0.00405,0.085859,0.108161,0.084344,0.085075,0.001559,0.000597
0,0.105787,0.001101,-0.006133,-0.020346,-0.043637,-0.011624,0.001846,0.000597
0,0.015058,0.009564,-0.118164,0.019044,-0.155679,-0.025629,0.000263,0.000597
0,-0.118727,-0.065368,-0.112768,-0.084609,-0.156621,-0.103868,0.002072,0.000597
0,-0.179748,-0.020793,-0.07168,0.019341,-0.048663,-0.012946,0.003137,0.000597
0,-0.138747,-0.131691,0.012132,-0.135242,0.008672,-0.098822,0.002422,0.000597
0,-0.029002,-0.056126,0.107429,0.083209,0.112775,0.131839,0.000506,0.000597
0,-0.167657,-0.051025,-0.145138,0.034135,-0.123543,0.059317,0.002926,0.000597
0,-0.041529,-0.168082,0.122034,-0.091894,0.123375,-0.117033,0.000725,0.000597
0,0.003804,-0.159591,0.035356,0.018905,0.023398,0.03222,6.6e-05,0.000597
0,0.044159,0.04064,0.032269,0.171183,0.075567,0.134801,0.000771,0.000709
0,-0.122249,-0.137503,-0.180636,-0.176353,-0.160722,-0.209801,0.002134,0.000597
0,-0.094713,-0.128963,0.037137,-0.001322,-0.000272,-0.010913,0.001653,0.000597
0,-0.146697,0.025707,-0.052785,0.132613,-0.082106,0.140288,0.00256,0.000597
0,-0.145429,0.027764,-0.003729,0.024317,-0.033208,0.059687,0.002538,0.000597
0,0.055531,0.094101,0.192315,0.091063,0.172117,0.084539,0.000969,0.001642
0,-0.030426,0.134579,-0.078322,0.047303,-0.052613,0.010105,0.000531,0.002349
0,0.008082,-0.06396,0.022021,-0.184116,-0.009139,-0.143782,0.000141,0.000597
0,-0.045579,-0.158779,-0.076403,-0.113464,-0.092658,-0.157966,0.000795,0.000597
0,-0.050074,-0.152763,-0.014652,-0.010006,-0.012684,0.006949,0.000874,0.000597
0,0.014133,0.051238,0.072801,0.207079,0.110819,0.20405,0.000247,0.000894
0,-0.071502,0.097507,-0.058705,0.047091,-0.049067,0.045416,0.001248,0.001702
0,0.009008,-0.036787,0.078413,-0.134183,0.032937,-0.148626,0.000157,0.000597
0,-0.028835,0.113589,-0.023195,0.146609,-0.04212,0.177136,0.000503,0.001982
0,0.004822,-0.145832,0.004992,-0.246455,0.0119,-0.27853,8.4e-05,0.000597
0,-0.171424,0.101508,-0.201967,0.255189,-0.178016,0.251737,0.002992,0.001772
0,-0.107908,-0.072335,0.068483,-0.16817,0.053246,-0.210583,0.001883,0.000597
0,-0.120984,-0.003077,-0.021138,0.081896,-0.06975,0.038654,0.002112,0.000597
0,-0.153125,0.125447,-0.0556,0.143907,-0.082782,0.182373,0.002673,0.002189
0,-0.060506,-0.037667,0.081356,-0.155002,0.071318,-0.124736,0.001056,0.000597
0,0.010723,0.078166,0.099555,0.108983,0.053806,0.129436,0.000187,0.001364
0,-0.097796,0.035153,-0.085959,-0.060288,-0.092784,-0.09361,0.001707,0.000614
0,-0.018719,-0.093209,0.066469,-0.139459,0.054264,-0.140847,0.000327,0.000597
0,0.031495,0.021981,0.077635,0.123828,0.110469,0.101018,0.00055,0.000597
0,0.143533,-0.117121,0.105424,-0.122191,0.067304,-0.117412,0.002505,0.000597
0,0.142431,-0.058423,-0.02887,0.079673,-0.067026,0.103062,0.002486,0.000597
0,0.060881,-0.018817,-0.072628,0.058677,-0.106389,0.038953,0.001063,0.000597
0,0.075191,0.061929,0.010845,0.090499,-0.015305,0.053854,0.001312,0.001081
0,0.027337,0.13778,-0.038215,0.103077,-0.004215,0.141919,0.000477,0.002405
0,0.039711,-0.034595,0.022504,-0.153874,0.017003,-0.196374,0.000693,0.000597
0,0.100083,-0.107738,0.060949,-0.076626,0.033814,-0.02738,0.001747,0.000597
0,0.150671,-0.067023,0.029483,0.01858,0.019639,-0.011424,0.00263,0.000597
0,0.185897,-0.107028,0.00857,-0.067986,0.029982,-0.022343,0.003245,0.000597
0,0.161949,0.105486,0.003299,0.240328,-0.012614,0.234486,0.002827,0.001841
0,0.251207,0.108098,0.102693,0.019856,0.065212,-0.007446,0.003433,0.001887
0,0.093418,-0.077413,-0.18272,-0.191934,-0.219235,-0.165583,0.00163,0.000597
0,0.015666,-0.009569,-0.077327,0.053475,-0.040626,0.027634,0.000273,0.000597
0,-0.058833,0.102262,-0.044869,0.137517,-0.051168,0.128705,0.001027,0.001785
0,0.142389,0.03416,0.175057,-0.060461,0.144973,-0.01241,0.002485,0.000597
0,0.168071,0.097684,0.009725,0.05786,-0.021541,0.071453,0.002933,0.001705
0,-0.008404,0.052451,-0.154748,-0.023626,-0.147201,-0.004661,0.000147,0.000915
0,-0.084416,0.153452,-0.06733,0.119363,-0.095833,0.09221,0.001473,0.002678
0,-0.110103,-0.063768,-0.023261,-0.203296,-0.005027,-0.23377,0.001922,0.000597
0,0.089869,0.106496,0.201386,0.165314,0.209747,0.163671,0.001569,0.001859
0,0.04224,-0.073638,-0.072315,-0.166988,-0.053592,-0.179569,0.000737,0.000597
0,0.150542,-0.034128,0.111824,0.052877,0.143859,0.004176,0.002627,0.000597
0,-0.088777,0.126626,-0.251019,0.145221,-0.253204,0.184567,0.001549,0.00221
0,0.056396,-0.057669,0.12993,-0.193464,0.094196,-0.205787,0.000984,0.000597
0,-0.126261,0.167907,-0.15562,0.22441,-0.154365,0.264083,0.002204,0.002931
0,-0.106509,-0.009848,0.026308,-0.197221,0.008305,-0.175762,0.001859,0.000597
0,0.066142,0.190129,0.159789,0.213463,0.161661,0.204509,0.001154,0.003318
0,0.127945,0.0914,0.065388,-0.07704,0.078817,-0.073199,0.002233,0.001595
0,-0.017301,0.110722,-0.157005,0.018562,-0.204311,0.040568,0.000302,0.001932
0,-0.001829,-0.007306,0.039676,-0.091959,0.065261,-0.085146,3.2e-05,0.000597
0,0.018007,0.037565,0.025528,0.034469,0.030132,-0.004728,0.000314,0.000656
0,-0.082257,-0.066027,-0.11436,-0.092602,-0.106564,-0.050883,0.001436,0.000597
0,-0.131942,-0.063496,-0.042191,0.031356,-0.066794,0.033747,0.002303,0.000597
0,-0.037073,-0.043883,0.112794,0.01666,0.118182,0.010301,0.000647,0.000597
0,0.03008,-0.102468,0.05494,-0.055345,0.019148,-0.091217,0.000525,0.000597
0,-0.120454,0.113553,-0.150786,0.21848,-0.18715,0.263563,0.002102,0.001982
0,-0.014057,0.093489,0.129731,-0.034137,0.119219,-0.05656,0.000245,0.001632
0,-0.201549,0.182609,-0.195448,0.062245,-0.225504,0.103902,0.003518,0.003187
0,-0.156719,0.128711,0.034866,-0.066478,0.084773,-0.111564,0.002735,0.002246
0,-0.135994,0.144803,0.013801,-0.013033,0.028274,0.010368,0.002374,0.002527
0,0.081972,0.073502,0.226287,-0.089979,0.181643,-0.068079,0.001431,0.001283
0,-0.068584,0.127715,-0.156385,0.025372,-0.173454,-0.004614,0.001197,0.002229
0,0.1055,0.116239,0.182084,-0.017942,0.18289,-0.007283,0.001841,0.002029
0,0.020657,0.08007,-0.083922,-0.025306,-0.062923,-0.071015,0.000361,0.001397
0,0.043054,-0.01571,0.021596,-0.116671,0.037923,-0.083927,0.000751,0.000597
0,-0.069587,0.029376,-0.121449,0.031497,-0.153821,0.006649,0.001215,0.000597
0,-0.000993,-0.043077,0.090174,-0.055455,0.115505,-0.098068,1.7e-05,0.000597
0,-0.011666,0.025929,-0.028211,0.087163,-0.054217,0.080672,0.000204,0.000597
0,0.051158,-0.023867,0.050338,-0.078976,0.05353,-0.070767,0.000893,0.000597
0,0.057868,0.025404,-0.014503,0.025892,-0.022488,0.004897,0.00101,0.000597
0,-0.065731,-0.14425,-0.103904,-0.19728,-0.086073,-0.246701,0.001147,0.000597
0,-0.079437,0.067579,0.009729,0.194617,-0.029006,0.189057,0.001386,0.001179
0,-0.130555,-0.148451,-0.042073,-0.199866,-0.03953,-0.152105,0.002279,0.000597
0,0.062736,-0.058479,0.211109,0.093648,0.251777,0.073628,0.001095,0.000597
0,0.053649,0.067269,0.006132,0.102766,0.038437,0.126592,0.000936,0.001174
0,0.169759,-0.083394,0.123017,-0.139892,0.116508,-0.149287,0.002963,0.000597
0,0.020776,0.031715,-0.174297,0.127207,-0.210108,0.137789,0.000363,0.000597
0,0.137249,0.164755,0.11172,0.105669,0.100468,0.057613,0.002395,0.002876
0,0.105384,-0.051935,-0.057019,-0.201314,-0.085451,-0.207423,0.001839,0.000597
0,0.245803,-0.051218,0.113696,-0.028077,0.076953,-0.068712,0.003528,0.000597
0,-0.017883,-0.005453,-0.288355,0.044603,-0.337244,0.015695,0.000312,0.000597
0,0.261863,0.203271,0.275745,0.181428,0.29365,0.213922,0.003248,0.003548
0,0.279695,-0.025732,0.004056,-0.25497,0.011558,-0.205092,0.002936,0.000597
0,0.055246,0.11267,-0.206184,0.123808,-0.168172,0.162789,0.000964,0.001966
0,0.234553,0.213404,0.189149,0.072785,0.14912,0.055356,0.003724,0.003725
0,0.079585,-0.038058,-0.168369,-0.276882,-0.158501,-0.286413,0.001389,0.000597
0,-0.016567,0.078747,-0.099504,0.107814,-0.049776,0.151229,0.000289,0.001374
0,0.171928,0.123936,0.19488,0.028519,0.2176,0.060406,0.003001,0.002163
0,0.24432,0.158637,0.07573,0.060905,0.106736,0.09938,0.003554,0.002769
0,0.30784,0.065623,0.037757,-0.075613,0.079112,-0.097904,0.002445,0.001145
0,0.089331,0.040358,-0.237393,-0.019918,-0.260362,-0.0242,0.001559,0.000704
0,0.235963,0.151057,0.131996,0.120307,0.099663,0.087194,0.0037,0.002636
0,0.165441,-0.04253,-0.041486,-0.21124,-0.041696,-0.203191,0.002887,0.000597
0,0.23711,-0.131056,0.089413,-0.116569,0.126226,-0.07111,0.00368,0.000597
0,0.352676,-0.138605,0.086046,-0.024501,0.11702,-0.045655,0.001663,0.000597
0,0.187118,-0.05063,-0.186275,0.116255,-0.147762,0.135638,0.003266,0.000597
0,0.287595,0.044375,0.074528,0.12133,0.06219,0.10257,0.002798,0.000774
0,0.248129,-0.047793,-0.027654,-0.073815,-0.017174,-0.071243,0.003487,0.000597
0,0.260012,-0.057789,-0.017216,-0.012172,-0.054753,0.018744,0.00328,0.000597
0,0.117299,0.043938,-0.152657,0.105563,-0.140343,0.121629,0.002047,0.000767
0,0.100954,0.000654,-0.040764,-0.020638,-0.028196,-0.0624,0.001762,0.000597
0,0.218288,-0.112461,0.099582,-0.141312,0.148011,-0.146105,0.00381,0.000597
0,0.263762,-0.053839,0.040287,0.047228,0.056073,0.0173,0.003214,0.000597
0,0.157484,-0.002921,-0.089463,0.042083,-0.060824,-0.006383,0.002749,0.000597
0,0.080565,0.009795,-0.062771,-0.013041,-0.077157,-0.024497,0.001406,0.000597
0,0.154559,-0.037738,0.044598,-0.045291,0.025596,-0.029502,0.002698,0.000597
0,0.083372,0.047171,-0.081624,0.061,-0.035704,0.072531,0.001455,0.000823
0,0.197765,0.069025,0.094843,0.01127,0.096752,0.005417,0.003452,0.001205
0,0.074425,-0.001228,-0.094447,-0.053487,-0.097984,-0.081597,0.001299,0.000597
0,0.030063,0.036674,-0.022925,0.025067,-0.045843,-0.013672,0.000525,0.00064
0,0.144998,-0.004728,0.095558,-0.034431,0.101212,-0.029479,0.002531,0.000597
0,0.200332,-0.04181,0.070821,-0.022029,0.029107,-0.005541,0.003496,0.000597
0,0.231493,0.078762,0.001961,0.108595,0.051487,0.06786,0.003778,0.001375
0,0.048729,0.002961,-0.154315,-0.078712,-0.116325,-0.030035,0.00085,0.000597
0,0.306017,-0.041851,0.28438,-0.051045,0.298571,-0.01807,0.002477,0.000597
0,0.081076,0.130267,-0.209769,0.192788,-0.23857,0.241045,0.001415,0.002274
0,0.279535,-0.103945,0.179855,-0.262113,0.141282,-0.25449,0.002939,0.000597
0,0.20785,0.010171,-0.056977,0.142206,-0.07484,0.127654,0.003628,0.000597
0,0.166747,0.093847,-0.027733,0.055501,-0.030496,0.026309,0.00291,0.001638
0,0.097877,-0.130037,-0.083667,-0.250934,-0.035293,-0.208442,0.001708,0.000597
0,0.123232,-0.114321,0.040516,-0.010262,0.050851,-0.009489,0.002151,0.000597
0,0.092967,0.100641,-0.01109,0.233228,0.026049,0.221703,0.001623,0.001757
0,0.04927,-0.012565,-0.069709,-0.122175,-0.088474,-0.153698,0.00086,0.000597
0,0.246765,0.107675,0.193095,0.098151,0.210143,0.123127,0.003511,0.001879
0,0.033423,-0.14384,-0.232514,-0.234251,-0.20816,-0.241929,0.000583,0.000597
0,0.077501,0.021384,0.058462,0.179612,0.096397,0.16318,0.001353,0.000597
0,-0.008108,-0.032614,-0.08728,-0.065638,-0.127212,-0.03196,0.000142,0.000597
0,-0.051255,-0.045379,-0.049313,0.008308,-0.090948,0.014589,0.000895,0.000597
0,-0.121721,0.023874,-0.066511,0.060977,-0.052335,0.0869,0.002124,0.000597
0,0.095879,0.10894,0.224796,0.103701,0.223358,0.143655,0.001673,0.001901
0,-0.016792,-0.139131,-0.140445,-0.239345,-0.169144,-0.19516,0.000293,0.000597
0,0.113475,-0.106832,0.139384,0.022583,0.150706,0.008056,0.001981,0.000597
0,-0.011185,0.100008,-0.100131,0.177716,-0.121817,0.135366,0.000195,0.001745
0,-0.044893,-0.025699,-0.014564,-0.132811,-0.048788,-0.125537,0.000784,0.000597
0,-0.137023,0.106122,-0.085554,0.14119,-0.090549,0.189329,0.002391,0.001852
0,0.019635,-0.028849,0.129687,-0.15846,0.176132,-0.200501,0.000343,0.000597
0,-0.276121,-0.154452,-0.282616,-0.13474,-0.321372,-0.110673,0.002999,0.000597
0,-0.188704,0.002723,0.072562,0.145431,0.023252,0.181463,0.003294,0.000597
0,-0.201978,0.026932,-0.024807,0.043046,0.004495,0.079817,0.003525,0.000597
0,-0.17266,0.112399,0.014996,0.066364,-0.004034,0.085503,0.003013,0.001962
0,-0.097527,-0.032645,0.068515,-0.145976,0.111689,-0.128544,0.001702,0.000597
0,-0.124694,0.097684,-0.007637,0.153796,-0.040927,0.131479,0.002176,0.001705
0,-0.259204,0.058241,-0.127365,-0.055538,-0.124914,-0.086671,0.003294,0.001017
0,-0.217545,-0.078574,0.053797,-0.154399,0.09491,-0.13803,0.003797,0.000597
0,-0.288681,0.029328,-0.043673,0.094309,-0.051647,0.077027,0.002779,0.000597
0,-0.178622,-0.094404,0.139736,-0.138573,0.131212,-0.150138,0.003118,0.000597
0,-0.095551,-0.02976,0.072063,0.053285,0.089983,0.078983,0.001668,0.000597
0,-0.164189,0.011298,-0.076398,0.027926,-0.073878,0.054041,0.002866,0.000597
0,-0.185141,-0.084605,0.008333,-0.087578,0.005418,-0.083711,0.003231,0.000597
0,0.021255,0.088381,0.22347,0.157457,0.237083,0.197353,0.000371,0.001543
0,0.047651,0.076539,0.030693,-0.019628,0.015286,-0.004371,0.000832,0.001336
0,0.048454,-0.015994,0.029263,-0.07037,0.029296,-0.091411,0.000846,0.000597
0,0.000804,0.041156,-0.031422,0.053559,0.002084,0.079659,1.4e-05,0.000718
0,-0.074864,0.043884,-0.097042,0.005708,-0.144966,0.046333,0.001307,0.000766
0,0.066384,0.008004,0.150923,-0.063887,0.118259,-0.090489,0.001159,0.000597
0,-0.045112,0.094824,-0.102245,0.109237,-0.098145,0.060326,0.000787,0.001655
0,0.043928,-0.116913,0.082657,-0.214799,0.066472,-0.211112,0.000767,0.000597
0,-0.056951,0.036546,-0.110041,0.161124,-0.09665,0.196306,0.000994,0.000638
0,-0.017764,-0.020468,0.051095,-0.078392,0.039396,-0.034689,0.00031,0.000597
0,-0.111685,-0.052173,-0.081356,-0.026547,-0.052785,-0.066297,0.001949,0.000597
0,-0.065888,0.105173,0.063814,0.152723,0.077776,0.104513,0.00115,0.001836
0,0.067672,0.048039,0.135078,-0.055955,0.177107,-0.084621,0.001181,0.000838
0,-0.185107,-0.098387,-0.233185,-0.131479,-0.212076,-0.087286,0.003231,0.000597
0,-0.156512,0.044972,0.03101,0.171804,0.063153,0.205172,0.002732,0.000785
0,-0.121782,0.07325,0.00982,0.018981,-0.033777,0.033525,0.002125,0.001278
0,0.042777,-0.150573,0.180649,-0.249058,0.155227,-0.272819,0.000747,0.000597
0,-0.064554,-0.069821,-0.116504,0.061243,-0.102056,0.042338,0.001127,0.000597
0,0.008708,0.070869,0.06843,0.138735,0.076402,0.17454,0.000152,0.001237
0,-0.025616,0.047823,-0.040868,-0.045126,-0.040917,-0.023425,0.000447,0.000835
0,-0.086681,-0.154688,-0.039309,-0.205147,-0.012624,-0.182804,0.001513,0.000597
0,0.154537,-0.067808,0.256335,0.076059,0.206644,0.04311,0.002697,0.000597
0,0.203556,-0.097417,0.046082,-0.025446,0.071791,0.005705,0.003553,0.000597
0,0.012974,-0.082894,-0.17474,-0.004718,-0.133966,0.019183,0.000226,0.000597
0,0.064863,-0.009492,0.080834,0.064389,0.056773,0.062901,0.001132,0.000597
0,-0.120846,-0.021743,-0.157153,-0.006248,-0.120883,-0.039503,0.002109,0.000597
0,0.099574,0.102638,0.23799,0.132725,0.252397,0.162946,0.001738,0.001791
0,0.099817,-0.042938,-0.011241,-0.147577,-0.001817,-0.189286,0.001742,0.000597
0,-0.035616,-0.070722,-0.110058,-0.010579,-0.090523,0.033412,0.000622,0.000597
0,0.076331,0.018366,0.134944,0.062319,0.141608,0.081186,0.001332,0.000597
0,0.175832,-0.000861,0.073586,-0.034736,0.04746,-0.025175,0.003069,0.000597
0,-0.103382,-0.171641,-0.259242,-0.142782,-0.24846,-0.139472,0.001804,0.000597
0,-0.065982,-0.088796,0.026693,0.103413,0.034311,0.084497,0.001152,0.000597
0,-0.023988,-0.102538,0.019948,-0.021197,0.043514,0.012812,0.000419,0.000597
0,0.024976,0.150683,0.02737,0.267585,0.010632,0.277467,0.000436,0.00263
0,0.084971,-0.117859,0.07606,-0.262253,0.088124,-0.272733,0.001483,0.000597
0,0.017977,-0.063971,-0.074148,0.057828,-0.072688,0.071985,0.000314,0.000597
0,0.113025,-0.11309,0.111651,-0.078161,0.072149,-0.063548,0.001973,0.000597
0,0.023439,0.136153,-0.07316,0.241387,-0.11801,0.234765,0.000409,0.002376
0,0.157634,0.154117,0.125165,0.007007,0.156224,0.028165,0.002751,0.00269
0,-0.025425,0.077553,-0.158983,-0.081718,-0.123695,-0.093398,0.000444,0.001354
0,-0.011463,0.140361,0.018502,0.036231,0.060078,0.064701,0.0002,0.00245
0,-0.014297,0.069382,0.010331,-0.083637,0.008532,-0.115105,0.00025,0.001211
0,-0.045877,-0.088914,-0.039804,-0.160338,-0.072223,-0.207163,0.000801,0.000597
0,0.201023,-0.003505,0.252909,0.087494,0.20332,0.100457,0.003509,0.000597
0,0.183302,0.121404,0.011071,0.125193,0.058952,0.115814,0.003199,0.002119
0,0.013399,-0.102735,-0.161957,-0.253011,-0.156981,-0.249752,0.000234,0.000597
0,0.210218,0.153968,0.20477,0.23062,0.209964,0.220667,0.003669,0.002687
0,-0.041957,0.113112,-0.237106,-0.049284,-0.252947,-0.029299,0.000732,0.001974
0,0.063548,0.064553,0.117432,-0.07303,0.146147,-0.092218,0.001109,0.001127
0,-0.116203,0.035945,-0.208559,-0.057492,-0.180665,-0.103681,0.002028,0.000627
0,-4.633798,-0.009399,-4.511826,-0.051928,-4.492351,-0.055268,0.002696,0.000597
0,-5.786191,0.084206,-1.137542,0.117185,-1.093313,0.146386,0.000644,0.00147
0,-5.940946,0.147838,-0.146338,0.071364,-0.144629,0.05329,0.002057,0.00258
0,-5.178073,0.037835,0.739845,-0.121785,0.724468,-0.150285,0.00344,0.00066
0,-4.275563,-0.090579,0.912317,-0.112133,0.895512,-0.135371,0.003556,0.000597
0,-3.029687,0.137071,1.246426,0.208851,1.250771,0.208772,0.001847,0.002392
0,-2.584072,-0.001002,0.458162,-0.136136,0.451476,-0.105151,0.001807,0.000597
0,-1.286427,-0.106958,1.284721,-0.111021,1.272518,-0.090573,0.001001,0.000597
0,-0.981067,-0.01141,0.333519,0.077259,0.323177,0.065173,0.001487,0.000597
0,-0.427653,-0.075411,0.577265,-0.036288,0.593286,-0.067541,0.000354,0.000597
0,0.128606,0.082383,0.527328,0.141236,0.499772,0.095117,0.002245,0.001438
0,0.269024,-0.085376,0.123772,-0.176492,0.157393,-0.143951,0.003123,0.000597
0,0.213076,0.10907,-0.035096,0.206931,-0.01852,0.248492,0.003719,0.001904
0,0.434654,0.044198,0.236056,-0.045284,0.248683,-0.038078,0.000232,0.000771
0,0.52918,-0.122008,0.079838,-0.190004,0.121619,-0.222277,0.001418,0.000597
0,0.583479,-0.113395,0.029639,-0.004504,0.016645,0.016904,0.002366,0.000597
0,0.558384,-0.048047,-0.026521,0.068807,-0.071673,0.036531,0.001928,0.000597
0,0.608345,0.031361,0.066797,0.056595,0.083141,0.094723,0.0028,0.000597
0,0.480543,-0.007927,-0.110213,-0.029285,-0.157261,-0.006775,0.000569,0.000597
0,0.243464,0.101885,-0.249005,0.098456,-0.23872,0.147324,0.003569,0.001778
0,0.040391,0.086862,-0.214508,-0.042627,-0.210291,-0.047461,0.000705,0.001516
0,-0.054271,0.123599,-0.081572,0.026726,-0.055908,0.016935,0.000947,0.002157
0,0.01872,0.158288,0.067992,0.042716,0.045767,0.028187,0.000327,0.002763
0,0.03681,0.032363,-0.004449,-0.129365,0.01941,-0.111524,0.000642,0.000597
0,-0.014571,0.014557,-0.049248,0.003021,-0.074098,-0.023526,0.000254,0.000597
0,0.177314,-0.159405,0.169876,-0.15942,0.150524,-0.178289,0.003095,0.000597
0,0.00161,-0.049288,-0.168853,0.086661,-0.16736,0.040185,2.8e-05,0.000597
0,-0.071974,-0.01433,-0.059355,0.034272,-0.094111,0.002037,0.001256,0.000597
0,0.019909,-0.136188,0.113058,-0.140589,0.154777,-0.111294,0.000347,0.000597
0,0.03323,0.102655,0.008944,0.222951,-0.007874,0.199437,0.00058,0.001792
0,0.068457,0.096828,0.052311,0.003274,0.049531,-0.016617,0.001195,0.00169
0,0.200641,-0.111726,0.151168,-0.197283,0.137511,-0.159699,0.003502,0.000597
0,-0.068066,-0.034402,-0.241346,0.082291,-0.206956,0.034293,0.001188,0.000597
0,0.109991,0.115386,0.202611,0.124091,0.195799,0.075516,0.00192,0.002014
0,-0.142521,0.023037,-0.263955,-0.101676,-0.282601,-0.124646,0.002487,0.000597
0,0.028178,0.038674,0.143971,0.031053,0.17201,-0.018707,0.000492,0.000675
0,-0.194361,-0.061406,-0.215363,-0.094787,-0.23903,-0.0981,0.003392,0.000597
0,0.007099,0.017208,0.177521,0.104122,0.223986,0.094815,0.000124,0.000597
0,-0.041722,-0.002355,-0.050899,0.004073,-0.052393,0.039698,0.000728,0.000597
0,-0.029049,-0.068289,-0.004518,-0.039699,0.008132,-0.072463,0.000507,0.000597
0,-0.237502,0.111304,-0.238292,0.176137,-0.26138,0.182597,0.003673,0.001943
0,-0.204283,-0.010481,0.061359,-0.094176,0.062285,-0.115674,0.003565,0.000597
0,-0.045899,-0.025154,0.146594,-0.041066,0.127027,-0.020808,0.000801,0.000597
0,-0.194547,-0.02321,-0.173566,-0.022059,-0.163021,-0.020401,0.003395,0.000597
0,-0.030852,0.030804,0.19302,0.066043,0.209554,0.09426,0.000538,0.000597
0,-0.204851,-0.017148,-0.190099,-0.024969,-0.198596,-0.018927,0.003575,0.000597
0,-0.099231,-0.056585,0.105933,-0.060443,0.093683,-0.074876,0.001732,0.000597
0,0.059513,0.117565,0.16443,0.149029,0.143514,0.159968,0.001039,0.002052
0,-0.105528,0.004247,-0.181074,-0.089691,-0.145607,-0.11659,0.001842,0.000597
0,-0.012196,-0.125166,0.096552,-0.149888,0.057053,-0.141376,0.000213,0.000597
0,-0.097367,0.16275,-0.094835,0.259859,-0.070627,0.247981,0.001699,0.002841
0,-0.09569,-0.023702,-0.003077,-0.208739,-0.020619,-0.222469,0.00167,0.000597
0,0.036893,0.10642,0.121998,0.15061,0.136443,0.149278,0.000644,0.001857
0,0.103619,-0.09216,0.068021,-0.209492,0.061635,-0.194159,0.001808,0.000597
0,0.930516,0.241204,0.807132,0.349349,0.849949,0.368684,0.000605,0.003608
0,1.767785,0.428565,0.846432,0.18218,0.825547,0.168755,0.000418,0.000338
0,1.944777,0.269121,0.174303,-0.132769,0.174523,-0.106799,0.002671,0.003121
0,1.914201,0.44779,-0.012967,0.150015,-0.029827,0.142176,0.002138,2e-06
0,1.602072,0.22561,-0.328779,-0.205868,-0.342654,-0.245042,0.00331,0.00388
0,1.135334,0.317675,-0.489545,0.085893,-0.462542,0.101934,0.003638,0.002273
0,0.769203,0.020458,-0.372066,-0.281537,-0.391329,-0.255748,0.002211,0.000357
0,0.528445,0.230691,-0.211616,0.227428,-0.2031,0.273379,0.001405,0.003792
0,0.288569,0.16502,-0.263553,-0.086211,-0.272457,-0.119373,0.002781,0.00288
0,-0.028049,0.100434,-0.320419,-0.063174,-0.294309,-0.058517,0.00049,0.001753
0,-0.275714,0.05577,-0.222807,-0.037249,-0.212114,-0.068442,0.003006,0.000973
0,-0.306724,0.084655,-0.043872,0.013833,-0.058326,-0.0257,0.002465,0.001478
0,-0.239901,-0.11355,0.075141,-0.212438,0.084691,-0.214521,0.003631,0.001982
0,0.067963,-0.04117,0.291293,0.093854,0.248954,0.049035,0.001186,0.000719
0,-0.025751,-0.063148,-0.092258,-0.03166,-0.055168,-0.073188,0.000449,0.001102
0,0.121453,-0.223486,0.163532,-0.132956,0.196591,-0.083227,0.00212,0.003901
0,-0.084937,-0.178293,-0.187094,0.04445,-0.205319,0.023044,0.001482,0.003112
0,0.179854,-0.240069,0.264396,-0.050476,0.283851,-0.021435,0.003139,0.003628
0,-0.094716,0.042487,-0.283654,0.29746,-0.319927,0.282266,0.001653,0.000742
0,-0.052695,0.072947,0.017853,0.058921,0.012488,0.077581,0.00092,0.001273
0,-0.011243,-0.075449,0.014078,-0.143913,-0.025525,-0.147915,0.000196,0.001317
0,0.198898,-0.118146,0.205424,-0.068031,0.192588,-0.07139,0.003471,0.002062
0,-0.04383,-0.130621,-0.239683,0.005375,-0.279705,-0.012486,0.000765,0.00228
0,0.119536,0.043229,0.17032,0.196943,0.182375,0.189644,0.002086,0.000754
0,-0.035631,0.060949,-0.162033,0.043617,-0.208105,0.007239,0.000622,0.001064
0,0.094061,0.042157,0.141285,-0.001089,0.18712,-0.026351,0.001642,0.000736
0,-0.021464,0.097131,-0.110691,0.075617,-0.068041,0.040574,0.000375,0.001695
0,0.056352,-0.080876,0.08747,-0.196073,0.136986,-0.158435,0.000984,0.001412
0,0.193438,0.046873,0.161456,0.130029,0.149332,0.098292,0.003376,0.000818
0,-0.004879,-0.179617,-0.170512,-0.231214,-0.187253,-0.232254,8.5e-05,0.003135
0,0.004692,0.133092,-0.015079,0.291038,0.033005,0.271983,8.2e-05,0.002323
0,0.070702,-0.077846,0.092889,-0.227167,0.055904,-0.204476,0.001234,0.001359
0,0.149885,0.092499,0.09152,0.191625,0.060334,0.17282,0.002616,0.001614
0,0.021221,0.097919,-0.118445,0.025925,-0.072603,0.038345,0.00037,0.001709
0,0.13581,0.118362,0.124874,0.047755,0.126101,0.00406,0.00237,0.002066
0,0.143336,0.107538,0.011978,-0.037541,0.002139,-0.022773,0.002502,0.001877
0,0.086465,0.017914,-0.048114,-0.072377,-0.047321,-0.114107,0.001509,0.000313
0,0.039511,-0.140206,-0.034018,-0.180406,-0.043126,-0.221904,0.00069,0.002447
0,-0.051125,0.10801,-0.118658,0.24675,-0.166036,0.293359,0.000892,0.001885
0,-0.012799,0.02006,0.058636,-0.091272,0.061593,-0.103513,0.000223,0.00035
0,0.173036,0.048154,0.185668,0.049337,0.150605,0.048905,0.00302,0.00084
0,0.01461,0.076887,-0.147652,0.005197,-0.189516,0.0234,0.000255,0.001342
0,-0.05367,-0.049044,-0.080146,-0.136218,-0.034275,-0.142538,0.000937,0.000856
0,0.166382,0.054527,0.192948,0.119116,0.184355,0.071637,0.002904,0.000952
0,-0.119072,0.052635,-0.285558,-0.013287,-0.308938,0.016376,0.002078,0.000919
0,-0.058883,0.04883,0.082995,0.013403,0.035176,0.008722,0.001028,0.000852
0,-0.014128,-0.074455,0.06339,-0.102175,0.084406,-0.105949,0.000247,0.001299
0,0.043015,0.111991,0.031456,0.168534,0.077151,0.183752,0.000751,0.001955
0,-0.104438,0.164865,-0.173027,0.081439,-0.190977,0.035516,0.001823,0.002877
0,-0.136251,-0.019646,-0.017912,-0.186417,-0.037743,-0.200802,0.002378,0.000343
0,-0.175911,0.169003,-0.03492,0.211915,-0.076534,0.207675,0.00307,0.00295
0,0.086522,0.131148,0.251103,-0.012145,0.259648,0.020763,0.00151,0.002289
0,-0.151592,-0.015188,-0.241168,-0.131762,-0.264768,-0.084577,0.002646,0.000265
0,-0.1815,0.150575,-0.04059,0.175741,-0.010549,0.204493,0.003168,0.002628
0,0.06576,-0.030369,0.246513,-0.192701,0.282424,-0.16115,0.001148,0.00053
0,-0.128799,0.042579,-0.215664,0.077976,-0.172713,0.071713,0.002248,0.000743
0,-0.036111,0.167911,0.082401,0.099354,0.034952,0.148063,0.00063,0.002931
0,-0.117027,-0.092118,-0.106906,-0.266929,-0.112431,-0.250835,0.002043,0.001608
0,-0.072831,0.082092,0.026641,0.157613,0.042839,0.192979,0.001271,0.001433
0,-0.231822,0.126304,-0.139329,0.039756,-0.153997,0.021391,0.003772,0.002204
0,-0.108708,0.007012,0.149478,-0.093006,0.104692,-0.114142,0.001897,0.000122
0,-0.048662,0.128729,0.034588,0.147218,0.057191,0.124413,0.000849,0.002247
0,-0.060545,-0.02514,0.006721,-0.138631,0.031209,-0.088828,0.001057,0.000439
0,-0.153276,0.000315,-0.080165,0.05064,-0.03178,0.038999,0.002675,5e-06
0,-0.321662,-0.066215,-0.170412,-0.039531,-0.152731,-0.028663,0.002204,0.001156
0,-0.136411,0.024921,0.195394,0.106466,0.165162,0.06817,0.002381,0.000435
0,-0.110544,-0.020341,0.012688,-0.043654,0.009459,0.002943,0.001929,0.000355
0,-0.092052,-0.072579,0.026899,-0.050041,-0.018139,-0.053225,0.001607,0.001267
0,-0.315324,0.085033,-0.205401,0.163598,-0.188756,0.157128,0.002314,0.001484
0,-0.108565,0.038608,0.228442,-0.030476,0.20897,-0.000851,0.001895,0.000674
0,-0.179556,-0.008245,-0.06585,-0.059461,-0.108878,-0.073213,0.003134,0.000144
0,-0.204031,0.094706,-0.015121,0.109139,0.02551,0.139442,0.003561,0.001653
0,-0.053079,0.021918,0.162438,-0.049781,0.144283,-0.088412,0.000926,0.000383
0,-0.160747,0.098966,-0.093363,0.092004,-0.055127,0.09018,0.002806,0.001727
0,-0.027561,-0.035669,0.111444,-0.144628,0.080885,-0.147749,0.000481,0.000623
0,0.056769,0.145547,0.074385,0.157581,0.034526,0.178063,0.000991,0.00254
0,-0.102321,0.034897,-0.172485,-0.122839,-0.138111,-0.093357,0.001786,0.000609
0,0.044569,-0.014214,0.138287,-0.045222,0.172777,0.001597,0.000778,0.000248
0,0.122806,0.109994,0.063252,0.130196,0.065634,0.130455,0.002143,0.00192
0,0.055493,-0.130892,-0.041722,-0.242855,-0.032461,-0.262767,0.000969,0.002284
0,-0.011015,0.019362,-0.049172,0.178702,-0.040573,0.143417,0.000192,0.000338
0,0.082393,-0.042242,0.121825,-0.034959,0.074477,-0.002564,0.001438,0.000737
0,0.073498,0.073827,-0.016979,0.094059,-0.062747,0.112392,0.001283,0.001289
0,0.081872,0.090504,-0.007141,0.036639,-0.028343,0.011499,0.001429,0.00158
0,0.034425,0.122085,-0.052935,0.015431,-0.018179,0.02377,0.000601,0.002131
0,-0.059654,-0.012301,-0.068194,-0.156195,-0.11486,-0.194135,0.001041,0.000215
0,-0.003965,0.034494,0.074703,0.050341,0.070423,0.002895,6.9e-05,0.000602
0,0.139659,-0.018472,0.120292,-0.082245,0.071542,-0.071777,0.002438,0.000322
0,-0.079094,0.064423,-0.200431,0.063008,-0.190226,0.024646,0.00138,0.001124
0,0.025514,0.174898,0.109239,0.135573,0.090067,0.136602,0.000445,0.003053
0,-0.042368,0.171038,-0.04685,0.008012,-0.012075,0.039767,0.000739,0.002985
0,0.026558,0.036558,0.081516,-0.126309,0.062631,-0.088374,0.000464,0.000638
0,0.142388,0.142011,0.111249,0.081775,0.148781,0.068694,0.002485,0.002479
0,0.03567,0.105554,-0.103869,-0.03782,-0.091803,-0.032249,0.000623,0.001842
0,-0.080988,0.135447,-0.117482,0.002327,-0.120684,0.040126,0.001414,0.002364
0,0.037785,0.002025,0.144451,-0.139769,0.18437,-0.09927,0.000659,3.5e-05
0,0.154534,0.201551,0.105884,0.195541,0.134818,0.238022,0.002697,0.003518
0,0.026318,-0.056064,-0.107363,-0.239385,-0.098383,-0.250297,0.000459,0.000979
0,0.231692,0.02453,0.187755,0.060626,0.142106,0.052227,0.003774,0.000428
0,0.293285,0.162241,0.077759,0.124219,0.039996,0.121105,0.002699,0.002832
0,0.214316,0.10981,-0.105476,-0.073361,-0.074272,-0.060203,0.003741,0.001917
0,0.120917,0.01226,-0.079776,-0.095326,-0.077034,-0.09343,0.00211,0.000214
0,0.309697,0.081312,0.199575,0.09414,0.216685,0.114472,0.002413,0.001419
0,0.170633,0.190723,-0.133281,0.132538,-0.160352,0.127938,0.002978,0.003329
0,0.304352,0.002388,0.132678,-0.181904,0.159436,-0.177005,0.002506,4.2e-05
0,0.171149,0.033405,-0.133635,0.050964,-0.114832,0.019515,0.002987,0.000583
0,0.114346,0.05869,-0.062906,0.003939,-0.106703,-0.001835,0.001996,0.001024
0,0.118647,-0.035384,0.01985,-0.110995,-0.000298,-0.145759,0.002071,0.000618
0,0.049184,0.119674,-0.093111,0.176517,-0.114805,0.187809,0.000858,0.002089
0,0.093572,-0.034279,0.01931,-0.126578,0.001152,-0.107065,0.001633,0.000598
0,0.250566,0.052657,0.152944,0.062118,0.199735,0.048541,0.003445,0.000919
0,0.108781,-0.08758,-0.129287,-0.112454,-0.157901,-0.069426,0.001899,0.001529
0,0.058325,0.036531,-0.032579,0.118343,-0.032305,0.112954,0.001018,0.000638
0,0.066592,0.14224,0.009959,0.077296,-0.006078,0.038879,0.001162,0.002483
0,-0.043355,0.051264,-0.115889,-0.067878,-0.124219,-0.047684,0.000757,0.000895
0,0.16483,0.026344,0.222232,-0.032137,0.203578,-0.034441,0.002877,0.00046
0,0.02099,-0.030347,-0.169555,-0.086364,-0.218942,-0.039715,0.000366,0.00053
0,0.086399,0.146174,0.05397,0.152902,0.057141,0.138811,0.001508,0.002551
0,0.047872,0.048354,-0.036457,-0.095656,-0.037021,-0.141107,0.000836,0.000844
0,-0.015078,0.147025,-0.035421,0.092534,-0.080304,0.140039,0.000263,0.002566
0,-0.154717,-0.033394,-0.123034,-0.206228,-0.149389,-0.242673,0.0027,0.000583
0,-0.161535,0.050572,-0.011185,0.089941,-0.030824,0.130515,0.002819,0.000883
0,0.025948,-0.108529,0.187001,-0.132106,0.1823,-0.153692,0.000453,0.001894
0,-0.073534,-0.076821,-0.108278,0.061344,-0.08094,0.044389,0.001283,0.001341
0,0.049897,0.145012,0.109573,0.206656,0.158024,0.182727,0.000871,0.002531
0,0.107162,0.086813,0.05504,-0.077075,0.053763,-0.073428,0.00187,0.001515
0,0.088512,-0.119695,-0.02865,-0.219519,-0.050337,-0.241862,0.001545,0.002089
0,0.102414,-0.141414,0.039741,-0.014654,-0.005157,-0.048991,0.001787,0.002468
0,-0.029732,-0.005359,-0.155545,0.1284,-0.183983,0.108529,0.000519,9.4e-05
0,0.11884,0.101622,0.143321,0.13494,0.183849,0.182217,0.002074,0.001774
0,-0.018779,0.050522,-0.16559,-0.05805,-0.155093,-0.097587,0.000328,0.000882
0,-0.061571,0.085445,-0.043751,0.029952,0.006211,0.005134,0.001075,0.001491
0,-0.034242,0.002229,0.053033,-0.067022,0.093988,-0.04422,0.000598,3.9e-05
0,-0.145251,0.118205,-0.115948,0.104377,-0.104551,0.120273,0.002535,0.002063
0,-0.071684,-0.102928,0.078387,-0.212486,0.112566,-0.234104,0.001251,0.001796
0,-0.048651,-0.032097,0.030724,0.04957,0.05986,0.046345,0.000849,0.00056
0,-0.080633,-0.144311,-0.061951,-0.084732,-0.046122,-0.083082,0.001407,0.002519
0,-0.091359,-0.047039,0.015909,0.106472,-0.030268,0.126732,0.001595,0.000821
0,0.010546,-0.008993,0.084015,0.02743,0.103776,-0.017328,0.000184,0.000157
0,-0.176557,-0.000145,-0.214737,-0.007595,-0.236397,-0.007381,0.003082,3e-06
0,-0.046845,-0.104078,0.125397,-0.122398,0.151693,-0.077971,0.000818,0.001816
0,0.022482,-0.151018,0.04762,-0.058798,0.07811,-0.069792,0.000392,0.002636
0,-0.101471,-0.047537,-0.147061,0.102376,-0.196694,0.135686,0.001771,0.00083
0,0.0269,-0.173327,0.13608,-0.110785,0.089391,-0.121497,0.000469,0.003025
0,0.083327,-0.19831,0.086278,-0.002974,0.104022,-0.05289,0.001454,0.003461
0,-0.191282,0.008454,-0.303514,0.19177,-0.26616,0.190751,0.003339,0.000148
0,-0.151528,0.004677,0.037025,-0.001299,0.07045,-0.000673,0.002645,8.2e-05
0,-0.126675,-0.082309,-0.001121,-0.110624,0.025409,-0.107471,0.002211,0.001437
0,-0.065743,-0.069272,0.070344,0.009326,0.051023,0.035906,0.001147,0.001209
0,0.107603,-0.211677,0.153601,-0.154117,0.163894,-0.13134,0.001878,0.003694
0,0.017391,-0.045059,-0.098454,0.144272,-0.108471,0.136683,0.000304,0.000786
0,-0.078947,-0.010653,-0.124728,0.008857,-0.168203,0.016373,0.001378,0.000186
0,0.050494,0.028689,0.138757,0.059878,0.162037,0.03514,0.000881,0.000501
0,-0.034373,0.069495,-0.077137,0.068285,-0.087196,0.024061,0.0006,0.001213
0,-0.150436,-0.174553,-0.106407,-0.24759,-0.104758,-0.208255,0.002626,0.003047
0,0.024012,-0.112246,0.148717,0.058423,0.190589,0.03686,0.000419,0.001959
0,-0.035339,-0.243543,-0.088015,-0.138254,-0.038605,-0.142366,0.000617,0.003567
0,-0.029631,0.012396,0.030709,0.234145,0.038163,0.206904,0.000517,0.000216
0,0.002501,-0.145581,0.037882,-0.163216,0.02876,-0.137483,4.4e-05,0.002541
0,-0.039615,-0.134523,-0.050393,0.004419,-0.041388,-0.00158,0.000691,0.002348
0,0.000537,-0.212521,0.050982,-0.076256,0.066789,-0.065298,9e-06,0.003709
0,0.099614,-0.026503,0.079335,0.156968,0.127613,0.168257,0.001739,0.000463
0,0.029916,0.028754,-0.051261,0.051923,-0.023184,0.077519,0.000522,0.000502
0,-0.019775,-0.081438,-0.055487,-0.126491,-0.099948,-0.176299,0.000345,0.001421
0,-0.229536,-0.007898,-0.19037,0.06959,-0.228053,0.061429,0.003812,0.000138
